,y_proba,y_test,Neg,Pos,TN,FP,FN,TP,FP/P,Prec
0,0.0,4,321,4,321,605289,4,107952,5.606812034532587,0.15135417060993409
1,0.0016666666666666,0,2,0,323,605287,4,107952,5.606793508466413,0.1513545950235475
2,0.002,0,1,0,324,605286,4,107952,5.6067842454333245,0.15135480723124678
3,0.0025,0,5,0,329,605281,4,107952,5.606737930267887,0.1513558682786691
4,0.0028571428571428,0,2,0,331,605279,4,107952,5.606719404201712,0.15135629270180348
5,0.0033333333333333,0,13,0,344,605266,4,107952,5.606598984771574,0.15135905151019743
6,0.004,0,4,0,348,605262,4,107952,5.606561932639224,0.151359900394552
7,0.005,0,24,0,372,605238,4,107952,5.606339619845122,0.1513649939006436
8,0.006,0,1,0,373,605237,4,107952,5.606330356812035,0.1513652061375035
9,0.0065,0,5,0,378,605232,4,107952,5.606284041646597,0.1513662673307309
10,0.0066666666666666,0,8,0,386,605224,4,107952,5.606209937381896,0.15136796527084478
11,0.0075,0,9,0,395,605215,4,107952,5.6061265700841085,0.15136987549900655
12,0.0083333333333333,0,2,0,397,605213,4,107952,5.606108044017933,0.1513703000007011
13,0.009,0,5,0,402,605208,4,107952,5.606061728852495,0.1513713612653542
14,0.01,8,412,8,814,604796,12,107944,5.602245359220423,0.15144933636389146
15,0.0106666666666666,0,1,0,815,604795,12,107944,5.602236096187336,0.15144954885308648
16,0.0108333333333333,0,1,0,816,604794,12,107944,5.602226833154248,0.15144976134287774
17,0.0113333333333333,0,2,0,818,604792,12,107944,5.602208307088073,0.1514501863242491
18,0.0116666666666666,0,12,0,830,604780,12,107944,5.602097150691022,0.15145273626256447
19,0.012,0,2,0,832,604778,12,107944,5.6020786246248475,0.15145316126063177
20,0.0125,1,10,1,842,604768,13,107943,5.601985994293972,0.15145409569937884
21,0.0133333333333333,1,35,1,877,604733,14,107942,5.601661788135908,0.15146034307363104
22,0.0135,0,3,0,880,604730,14,107942,5.601633999036644,0.1514609806474788
23,0.0139999999999999,0,5,0,885,604725,14,107942,5.601587683871207,0.15146204328248677
24,0.0142857142857142,0,2,0,887,604723,14,107942,5.601569157805032,0.15146246834066496
25,0.0143333333333333,0,5,0,892,604718,14,107942,5.601522842639594,0.15146353099654813
26,0.015,2,61,2,953,604657,16,107940,5.600957797621253,0.15147411510292633
27,0.0155555555555555,1,1,1,954,604656,17,107939,5.6009485345881656,0.151473136915078
28,0.0158333333333333,0,5,0,959,604651,17,107939,5.600902219422728,0.15147419975020698
29,0.016,0,4,0,963,604647,17,107939,5.600865167290378,0.15147505002904912
30,0.0166666666666666,1,19,1,982,604628,18,107938,5.600689169661714,0.15147789818767665
31,0.017,0,5,0,987,604623,18,107938,5.600642854496276,0.1514789610994708
32,0.0175,1,13,1,1000,604610,19,107937,5.6005224350661384,0.1514805339156575
33,0.0178571428571428,0,4,0,1004,604606,19,107937,5.600485382933788,0.15148138428136967
34,0.018,0,6,0,1010,604600,19,107937,5.6004298047352625,0.15148265984783948
35,0.0182857142857142,0,6,0,1016,604594,19,107937,5.600374226536737,0.15148393543579156
36,0.0183333333333333,0,12,0,1028,604582,19,107937,5.600263070139687,0.15148648667614478
37,0.01875,0,2,0,1030,604580,19,107937,5.600244544073512,0.15148691189122504
38,0.019,0,1,0,1031,604579,19,107937,5.6002352810404235,0.15148712449966037
39,0.0191666666666666,0,5,0,1036,604574,19,107937,5.600188965874986,0.1514881875507887
40,0.0192857142857142,0,2,0,1038,604572,19,107937,5.600170439808811,0.15148861277541759
41,0.0193333333333333,0,4,0,1042,604568,19,107937,5.600133387676461,0.15148946323183696
42,0.0194285714285714,0,1,0,1043,604567,19,107937,5.600124124643373,0.15148967584743384
43,0.0196666666666666,0,1,0,1044,604566,19,107937,5.600114861610286,0.15148988846362751
44,0.0199999999999999,0,2,0,1046,604564,19,107937,5.6000963355441105,0.15149031369780533
45,0.02,14,544,14,1590,604020,33,107923,5.595057245544481,0.15158938285789733
46,0.0202142857142857,0,7,0,1597,604013,33,107923,5.594992404312868,0.15159087333692917
47,0.0202857142857142,0,1,0,1598,604012,33,107923,5.594983141279781,0.15159108626489778
48,0.0208333333333333,1,5,1,1603,604007,34,107922,5.594936826114343,0.1515909592108202
49,0.0213333333333333,0,1,0,1604,604006,34,107922,5.594927563081256,0.151591172141003
50,0.0214285714285714,0,1,0,1605,604005,34,107922,5.5949183000481675,0.15159138507178405
51,0.0216666666666666,0,11,0,1616,603994,34,107922,5.594816406684204,0.15159372734985588
52,0.022,0,14,0,1630,603980,34,107922,5.594686724220979,0.15159670853572543
53,0.0225,1,28,1,1658,603952,35,107921,5.594427359294527,0.1516014794773787
54,0.0228571428571428,0,1,0,1659,603951,35,107921,5.59441809626144,0.15160169243909016
55,0.023,0,6,0,1665,603945,35,107921,5.594362518062915,0.1516029702219238
56,0.0233333333333333,0,41,0,1706,603904,35,107921,5.593982733706325,0.15161170231447335
57,0.0236904761904761,0,1,0,1707,603903,35,107921,5.593973470673237,0.15161191530490684
58,0.024,0,9,0,1716,603894,35,107921,5.59389010337545,0.15161383224573802
59,0.0241666666666666,0,10,0,1726,603884,35,107921,5.593797473044574,0.15161596223684856
60,0.0242857142857142,0,1,0,1727,603883,35,107921,5.593788210011486,0.15161617523925125
61,0.025,4,130,4,1857,603753,39,107917,5.592584015710104,0.15163910239296302
62,0.0258333333333333,0,5,0,1862,603748,39,107917,5.592537700544666,0.15164016777556857
63,0.026,0,4,0,1866,603744,39,107917,5.592500648412316,0.15164102009243166
64,0.0266666666666666,0,29,0,1895,603715,39,107917,5.592232020452777,0.15164719967623716
65,0.027,1,8,1,1903,603707,40,107916,5.592157916188077,0.15164771234206875
66,0.0272985347985348,0,3,0,1906,603704,40,107916,5.592130127088814,0.15164835164835164
67,0.0273333333333333,0,2,0,1908,603702,40,107916,5.592111601022639,0.15164877785553485
68,0.0275,0,10,0,1918,603692,40,107916,5.592018970691763,0.151650908927387
69,0.0279166666666666,0,2,0,1920,603690,40,107916,5.592000444625588,0.15165133514894477
70,0.0279999999999999,0,2,0,1922,603688,40,107916,5.591981918559413,0.1516517613728984
71,0.028015873015873,0,1,0,1923,603687,40,107916,5.591972655526326,0.15165197448577367
72,0.0281666666666666,0,1,0,1924,603686,40,107916,5.591963392493238,0.1516521875992479
73,0.0283333333333333,0,32,0,1956,603654,40,107916,5.591666975434436,0.15165900754669254
74,0.0285,0,2,0,1958,603652,40,107916,5.591648449368261,0.15165943381377464
75,0.0286111111111111,0,1,0,1959,603651,40,107916,5.591639186335174,0.1516596469482143
76,0.0286666666666666,0,3,0,1962,603648,40,107916,5.591611397235911,0.15166028635512757
77,0.02875,0,1,0,1963,603647,40,107916,5.591602134202823,0.15166049949196347
78,0.0289999999999999,0,3,0,1966,603644,40,107916,5.59157434510356,0.15166113890606556
79,0.0291666666666666,1,2,1,1968,603642,41,107915,5.591555819037386,0.15166037295676946
80,0.0293333333333333,0,1,0,1969,603641,41,107915,5.591546556004298,0.1516605860958238
81,0.0298333333333333,0,1,0,1970,603640,41,107915,5.591537292971211,0.15166079923547723
82,0.03,11,685,11,2655,602955,52,107904,5.585192115306236,0.1517938156512051
83,0.0301410256410256,0,1,0,2656,602954,52,107904,5.585182852273149,0.15179402918726384
84,0.0301666666666666,0,2,0,2658,602952,52,107904,5.585164326206973,0.1517944562611837
85,0.0303333333333333,0,2,0,2660,602950,52,107904,5.585145800140798,0.1517948833375067
86,0.0304761904761904,0,1,0,2661,602949,52,107904,5.585136537107711,0.15179509687656942
87,0.0308333333333333,1,6,1,2667,602943,53,107903,5.585080958909185,0.15179518489236768
88,0.031,0,9,0,2676,602934,53,107903,5.584997591611398,0.15179710679100836
89,0.0313333333333333,0,1,0,2677,602933,53,107903,5.5849883285783095,0.15179732033830587
90,0.0314285714285714,0,3,0,2680,602930,53,107903,5.584960539479047,0.15179796098380352
91,0.0316666666666666,0,27,0,2707,602903,53,107903,5.584710437585683,0.15180372703663164
92,0.03175,0,1,0,2708,602902,53,107903,5.584701174552595,0.15180394060255625
93,0.032,0,6,0,2714,602896,53,107903,5.58464559635407,0.15180522201072313
94,0.0320238095238095,0,1,0,2715,602895,53,107903,5.584636333320983,0.1518054355808542
95,0.0322857142857142,0,1,0,2716,602894,53,107903,5.584627070287895,0.15180564915158618
96,0.0323333333333333,0,4,0,2720,602890,53,107903,5.584590018155545,0.15180650344052346
97,0.0325,1,30,1,2750,602860,54,107902,5.584312127162918,0.15181171756509212
98,0.0325079365079365,0,1,0,2751,602859,54,107902,5.584302864129831,0.15181193115547983
99,0.0326666666666666,0,2,0,2753,602857,54,107902,5.5842843380636555,0.15181235833805834
100,0.0326904761904761,0,4,0,2757,602853,54,107902,5.584247285931306,0.15181321271042764
101,0.0328571428571428,0,5,0,2762,602848,54,107902,5.584200970765868,0.15181428068941258
102,0.033095238095238,0,1,0,2763,602847,54,107902,5.58419170773278,0.1518144942870127
103,0.0331071428571428,0,4,0,2767,602843,54,107902,5.58415465560043,0.15181534868342372
104,0.0331666666666666,0,1,0,2768,602842,54,107902,5.5841453925673425,0.15181556228402912
105,0.03325,0,2,0,2770,602840,54,107902,5.584126866501167,0.1518159894870431
106,0.0333333333333333,0,81,0,2851,602759,54,107902,5.583376560821075,0.15183329322982406
107,0.0335,0,1,0,2852,602758,54,107902,5.583367297787988,0.1518335068809276
108,0.0336666666666666,1,1,1,2853,602757,55,107901,5.5833580347549,0.15183252703832223
109,0.0338095238095238,0,2,0,2855,602755,55,107901,5.583339508688725,0.1518329543407781
110,0.034,0,18,0,2873,602737,55,107901,5.583172774093149,0.15183680017111384
111,0.0340833333333333,0,3,0,2876,602734,55,107901,5.583144984993886,0.15183744116177786
112,0.0341666666666666,0,4,0,2880,602730,55,107901,5.5831079328615365,0.15183829582441521
113,0.0342857142857142,0,1,0,2881,602729,55,107901,5.583098669828448,0.1518385094915779
114,0.0343333333333333,0,4,0,2885,602725,55,107901,5.5830616176960985,0.15183936416624216
115,0.0345,0,3,0,2888,602722,55,107901,5.583033828596836,0.1518400051785546
116,0.0345454545454545,0,3,0,2891,602719,55,107901,5.583006039497573,0.1518406461962793
117,0.0345833333333333,0,1,0,2892,602718,55,107901,5.582996776464485,0.15184085987005694
118,0.0346666666666666,1,3,1,2895,602715,56,107900,5.582968987365223,0.15184030733941725
119,0.035,4,153,4,3048,602562,60,107896,5.581551743302827,0.15186823147884884
120,0.0351904761904761,0,1,0,3049,602561,60,107896,5.581542480269739,0.1518684452401764
121,0.0353333333333333,0,1,0,3050,602560,60,107896,5.581533217236652,0.1518686590021057
122,0.0357142857142857,0,1,0,3051,602559,60,107896,5.581523954203565,0.15186887276463676
123,0.0358333333333333,1,5,1,3056,602554,61,107895,5.581477639038127,0.15186874779188936
124,0.036,0,18,0,3074,602536,61,107895,5.58131090444255,0.15187259564968308
125,0.0364285714285714,0,3,0,3077,602533,61,107895,5.581283115343288,0.15187323697827226
126,0.0365,0,6,0,3083,602527,61,107895,5.581227537144763,0.15187451965169999
127,0.0366666666666666,0,70,0,3153,602457,61,107895,5.580579124828634,0.15188948577606595
128,0.0368333333333333,0,1,0,3154,602456,61,107895,5.580569861795547,0.15188969959921222
129,0.037,0,6,0,3160,602450,61,107895,5.580514283597021,0.15189098255073238
130,0.0370238095238095,0,1,0,3161,602449,61,107895,5.580505020563933,0.15189119637809287
131,0.0370833333333333,0,2,0,3163,602447,61,107895,5.580486494497758,0.15189162403461995
132,0.0371428571428571,0,1,0,3164,602446,61,107895,5.580477231464671,0.15189183786378654
133,0.0373333333333333,0,8,0,3172,602438,61,107895,5.58040312719997,0.1518935485187933
134,0.0375,0,33,0,3205,602405,61,107895,5.580097447108081,0.15190060537800928
135,0.0376666666666666,0,7,0,3212,602398,61,107895,5.580032605876468,0.1519021023718381
136,0.0378333333333333,1,3,1,3215,602395,62,107894,5.580004816777206,0.15190154993249227
137,0.0378571428571428,0,1,0,3216,602394,62,107894,5.579995553744118,0.15190176379158876
138,0.038,0,7,0,3223,602387,62,107894,5.579930712512505,0.15190326082212532
139,0.0381666666666666,0,2,0,3225,602385,62,107894,5.57991218644633,0.1519036885505555
140,0.0383333333333333,0,24,0,3249,602361,62,107894,5.579689873652229,0.15190882147960943
141,0.0385,0,1,0,3250,602360,62,107894,5.579680610619141,0.15190903535918138
142,0.0386666666666666,0,1,0,3251,602359,62,107894,5.5796713475860535,0.15190924923935556
143,0.0388650793650793,0,3,0,3254,602356,62,107894,5.579643558486791,0.15190989088349172
144,0.039,0,6,0,3260,602350,62,107894,5.579587980288266,0.15191117418802552
145,0.0391666666666666,1,11,1,3271,602339,63,107893,5.579486086924303,0.1519123328715124
146,0.0392857142857142,0,1,0,3272,602338,63,107893,5.579476823891215,0.1519125467629546
147,0.0393333333333333,0,4,0,3276,602334,63,107893,5.579439771758865,0.15191340233474648
148,0.0393939393939394,0,1,0,3277,602333,63,107893,5.579430508725777,0.15191361622920027
149,0.0395,0,2,0,3279,602331,63,107893,5.579411982659602,0.15191404401991485
150,0.0396666666666666,0,2,0,3281,602329,63,107893,5.579393456593427,0.15191447181303874
151,0.0399999999999999,0,4,0,3285,602325,63,107893,5.579356404461077,0.15191532740651462
152,0.04,19,822,19,4107,601503,82,107874,5.571742191263107,0.15206864615007254
153,0.0402857142857142,0,1,0,4108,601502,82,107874,5.57173292823002,0.152068860519668
154,0.0403333333333333,0,4,0,4112,601498,82,107874,5.571695876097669,0.15206971800409377
155,0.0405,0,1,0,4113,601497,82,107874,5.571686613064582,0.1520699323767112
156,0.0406666666666666,0,4,0,4117,601493,82,107874,5.571649560932232,0.152070789873225
157,0.0408333333333333,0,2,0,4119,601491,82,107874,5.571631034866057,0.15207121862510836
158,0.0409999999999999,1,7,1,4126,601484,83,107873,5.571566193634443,0.15207152392941778
159,0.0410952380952381,0,3,0,4129,601481,83,107873,5.571538404535181,0.1520721670703203
160,0.04125,0,1,0,4130,601480,83,107873,5.5715291415020936,0.15207238145183005
161,0.0413333333333333,0,4,0,4134,601476,83,107873,5.571492089369743,0.15207323898391342
162,0.0414285714285714,0,2,0,4136,601474,83,107873,5.571473563303568,0.1520736677535818
163,0.0415,1,3,1,4139,601471,84,107872,5.571445774204306,0.15207311554494793
164,0.0416666666666666,1,34,1,4173,601437,85,107871,5.571130831079329,0.15207920959583143
165,0.0417857142857142,0,2,0,4175,601435,85,107871,5.571112305013154,0.15207963840711908
166,0.042,1,13,1,4188,601422,86,107870,5.570991885583015,0.15208123029725415
167,0.0421428571428571,0,1,0,4189,601421,86,107870,5.570982622549928,0.15208144471028112
168,0.0422222222222222,0,1,0,4190,601420,86,107870,5.57097335951684,0.15208165912391264
169,0.0425,1,43,1,4233,601377,87,107869,5.570575049094075,0.1520896839742487
170,0.0426666666666666,0,1,0,4234,601376,87,107869,5.570565786060988,0.15208989841310125
171,0.0427777777777777,0,4,0,4238,601372,87,107869,5.570528733928637,0.15209075617455844
172,0.0428571428571428,0,4,0,4242,601368,87,107869,5.5704916817962875,0.15209161394569093
173,0.043,0,3,0,4245,601365,87,107869,5.570463892697025,0.15209225728038983
174,0.0433333333333333,1,74,1,4319,601291,88,107868,5.569778428248545,0.1521069322958603
175,0.0436666666666666,0,1,0,4320,601290,88,107868,5.569769165215458,0.15210714678534262
176,0.04375,0,4,0,4324,601286,88,107868,5.569732113083108,0.152108004749321
177,0.0438095238095238,0,1,0,4325,601285,88,107868,5.56972285005002,0.15210821924182794
178,0.0438888888888888,0,3,0,4328,601282,88,107868,5.569695060950758,0.15210886272297822
179,0.044,0,19,0,4347,601263,88,107868,5.569519063322094,0.15211293823003083
180,0.0441666666666666,0,7,0,4354,601256,88,107868,5.5694542220904815,0.15211443978768172
181,0.0442857142857142,0,3,0,4357,601253,88,107868,5.569426432991219,0.15211508332146417
182,0.0445,0,1,0,4358,601252,88,107868,5.569417169958131,0.15211529783393501
183,0.0446666666666666,0,2,0,4360,601250,88,107868,5.569398643891956,0.15211572686069172
184,0.0447222222222222,0,1,0,4361,601249,88,107868,5.569389380858868,0.1521159413749776
185,0.0449999999999999,0,1,0,4362,601248,88,107868,5.569380117825781,0.15211615588986852
186,0.045,6,190,6,4552,601058,94,107862,5.5676201415391455,0.15214974891384078
187,0.0452301587301587,0,2,0,4554,601056,94,107862,5.56760161547297,0.15215017815882795
188,0.0453333333333333,0,1,0,4555,601055,94,107862,5.567592352439883,0.1521503927822298
189,0.0454166666666666,0,1,0,4556,601054,94,107862,5.567583089406796,0.15215060740623712
190,0.0455555555555555,0,1,0,4557,601053,94,107862,5.567573826373708,0.15215082203084995
191,0.0456666666666666,0,1,0,4558,601052,94,107862,5.56756456334062,0.1521510366560683
192,0.0457142857142857,0,1,0,4559,601051,94,107862,5.567555300307533,0.15215125128189214
193,0.0458333333333333,1,16,1,4575,601035,95,107861,5.567407091778132,0.15215348936938564
194,0.046,0,23,0,4598,601012,95,107861,5.567194042017118,0.15215842612146321
195,0.04625,0,6,0,4604,601006,95,107861,5.567138463818592,0.15215971402251763
196,0.0463333333333333,0,2,0,4606,601004,95,107861,5.567119937752418,0.15216014332771402
197,0.0464285714285714,0,2,0,4608,601002,95,107861,5.5671014116862425,0.15216057263533292
198,0.0466666666666666,4,75,4,4683,600927,99,107857,5.566406684204676,0.15217188875595386
199,0.047,0,7,0,4690,600920,99,107857,5.566341842973063,0.1521733916309361
200,0.0471666666666666,0,1,0,4691,600919,99,107857,5.566332579939975,0.15217360632978544
201,0.0472619047619047,0,1,0,4692,600918,99,107857,5.566323316906888,0.1521738210292406
202,0.0473333333333333,0,1,0,4693,600917,99,107857,5.566314053873801,0.15217403572930158
203,0.0475,2,36,2,4729,600881,101,107855,5.565980584682649,0.15217937285533684
204,0.0478333333333333,0,2,0,4731,600879,101,107855,5.565962058616473,0.15217980229536046
205,0.0478571428571428,0,1,0,4732,600878,101,107855,5.565952795583386,0.15218001701628117
206,0.048,0,11,0,4743,600867,101,107855,5.565850902219423,0.15218237898640088
207,0.0481904761904761,0,1,0,4744,600866,101,107855,5.565841639186335,0.15218259371459292
208,0.0482857142857142,0,1,0,4745,600865,101,107855,5.5658323761532476,0.1521828084433909
209,0.0483333333333333,0,54,0,4799,600811,101,107855,5.56533217236652,0.15219440469840517
210,0.0485555555555555,0,5,0,4804,600806,101,107855,5.565285857201082,0.1521954785151151
211,0.0486111111111111,0,3,0,4807,600803,101,107855,5.565258068101819,0.15219612281241446
212,0.049,1,11,1,4818,600792,102,107854,5.565156174737856,0.15219728891435216
213,0.049047619047619,1,10,1,4828,600782,103,107853,5.56506354440698,0.15219824027884596
214,0.0491190476190476,0,2,0,4830,600780,103,107853,5.565045018340806,0.15219866983332697
215,0.0491666666666666,0,7,0,4837,600773,103,107853,5.5649801771091925,0.15220017329310526
216,0.0492857142857142,0,3,0,4840,600770,103,107853,5.56495238800993,0.15220081764210305
217,0.0493333333333333,0,8,0,4848,600762,103,107853,5.564878283745229,0.15220253593277025
218,0.0493809523809523,0,1,0,4849,600761,103,107853,5.564869020712142,0.15220275072183162
219,0.0495,0,2,0,4851,600759,103,107853,5.564850494645967,0.15220318030177304
220,0.0495238095238095,1,4,1,4855,600755,104,107852,5.564813442513617,0.15220284304275855
221,0.0496666666666666,0,4,0,4859,600751,104,107852,5.564776390381266,0.15220370221407473
222,0.0498611111111111,0,1,0,4860,600750,104,107852,5.564767127348179,0.1522039170084194
223,0.0499999999999999,1,3,1,4863,600747,105,107851,5.564739338248916,0.15220336495445938
224,0.05,19,988,19,5851,599759,124,107832,5.555587461558413,0.1523931197542083
225,0.0506666666666666,0,3,0,5854,599756,124,107832,5.55555967245915,0.15239376586375122
226,0.0507499999999999,0,4,0,5858,599752,124,107832,5.5555226203267996,0.15239462735166426
227,0.0508333333333333,0,9,0,5867,599743,124,107832,5.555439253029012,0.1523965657350811
228,0.0509523809523809,1,0,1,5867,599743,125,107831,5.555439253029012,0.1523953678343184
229,0.051,0,7,0,5874,599736,125,107831,5.555374411797399,0.15239687549023626
230,0.0511666666666666,0,5,0,5879,599731,125,107831,5.555328096631961,0.15239795240558424
231,0.0512222222222222,0,1,0,5880,599730,125,107831,5.555318833598873,0.15239816779048027
232,0.0513333333333333,0,4,0,5884,599726,125,107831,5.555281781466523,0.15239902933615243
233,0.0514285714285714,0,1,0,5885,599725,125,107831,5.555272518433436,0.1523992447240925
234,0.0514761904761904,0,3,0,5888,599722,125,107831,5.555244729334174,0.15239989089156572
235,0.0515,0,1,0,5889,599721,125,107831,5.5552354663010854,0.15240010628194112
236,0.0516666666666666,0,36,0,5925,599685,125,107831,5.554901997109933,0.1524078607409585
237,0.0517142857142857,0,4,0,5929,599681,125,107831,5.5548649449775835,0.1524087223962279
238,0.0519523809523809,0,6,0,5935,599675,125,107831,5.554809366779058,0.15241001489740016
239,0.052,3,15,3,5950,599660,128,107828,5.5546704212827445,0.15240965217784613
240,0.0523333333333333,1,2,1,5952,599658,129,107827,5.55465189521657,0.15240888499402813
241,0.0525,2,65,2,6017,599593,131,107825,5.554049798065878,0.1524204925517869
242,0.0526666666666666,0,1,0,6018,599592,131,107825,5.554040535032791,0.15242070801238874
243,0.0528571428571428,0,6,0,6024,599586,131,107825,5.553984956834266,0.1524220007887918
244,0.0528809523809523,0,2,0,6026,599584,131,107825,5.5539664307680905,0.15242243171913278
245,0.053,0,1,0,6027,599583,131,107825,5.553957167735003,0.15242264718521703
246,0.0531666666666666,0,3,0,6030,599580,131,107825,5.553929378635741,0.15242329358712478
247,0.0533333333333333,4,138,4,6168,599442,135,107821,5.552651080069658,0.15244824061204956
248,0.0535,0,4,0,6172,599438,135,107821,5.552614027937308,0.15244910280392332
249,0.0536666666666666,0,2,0,6174,599436,135,107821,5.552595501871132,0.1524495339035174
250,0.05375,0,6,0,6180,599430,135,107821,5.552539923672607,0.15245082721692865
251,0.0537857142857142,0,1,0,6181,599429,135,107821,5.55253066063952,0.15245104277129728
252,0.0538095238095238,0,2,0,6183,599427,135,107821,5.552512134573345,0.15245147388186323
253,0.0539999999999999,0,3,0,6186,599424,135,107821,5.552484345474082,0.15245212055228385
254,0.054,1,15,1,6201,599409,136,107820,5.552345399977769,0.1524541555846833
255,0.0541666666666666,0,7,0,6208,599402,136,107820,5.552280558746156,0.15245566455794646
256,0.0542777777777777,0,1,0,6209,599401,136,107820,5.552271295713068,0.15245588012799394
257,0.0542857142857142,0,2,0,6211,599399,136,107820,5.552252769646893,0.1524563112699178
258,0.0543333333333333,0,3,0,6214,599396,136,107820,5.5522249805476305,0.15245695798737585
259,0.0545,0,4,0,6218,599392,136,107820,5.552187928415281,0.1524578202858549
260,0.0545833333333333,1,0,1,6218,599392,137,107819,5.552187928415281,0.15245662185684328
261,0.0547619047619047,0,2,0,6220,599390,137,107819,5.552169402349105,0.15245705300696116
262,0.0548095238095238,0,1,0,6221,599389,137,107819,5.552160139316018,0.15245726858293457
263,0.0549999999999999,0,4,0,6225,599385,137,107819,5.552123087183667,0.15245813089292481
264,0.055,6,280,6,6505,599105,143,107813,5.549529437919152,0.15251132380276072
265,0.0551666666666666,0,1,0,6506,599104,143,107813,5.549520174886065,0.15251153954424634
266,0.0553333333333333,0,6,0,6512,599098,143,107813,5.54946459668754,0.15251283400597812
267,0.0553571428571428,0,1,0,6513,599097,143,107813,5.549455333654452,0.15251304975173643
268,0.0555,0,1,0,6514,599096,143,107813,5.549446070621364,0.15251326549810512
269,0.0556666666666666,0,2,0,6516,599094,143,107813,5.549427544555189,0.15251369699267373
270,0.0557142857142857,0,1,0,6517,599093,143,107813,5.549418281522102,0.15251391274087361
271,0.0557792207792207,0,2,0,6519,599091,143,107813,5.5493997554559265,0.1525143442391046
272,0.0558333333333333,1,7,1,6526,599084,144,107812,5.549334914224314,0.15251465562119462
273,0.0559999999999999,0,17,0,6543,599067,144,107812,5.549177442661825,0.15251832350373967
274,0.0560238095238095,0,1,0,6544,599066,144,107812,5.5491681796287375,0.15251853926703052
275,0.0561111111111111,0,1,0,6545,599065,144,107812,5.54915891659565,0.15251875503093182
276,0.0561904761904761,0,1,0,6546,599064,144,107812,5.549149653562562,0.1525189707954436
277,0.05625,0,1,0,6547,599063,144,107812,5.549140390529475,0.15251918656056587
278,0.0563333333333333,0,3,0,6550,599060,144,107812,5.549112601430212,0.15251983385959553
279,0.0566666666666666,2,87,2,6637,598973,146,107810,5.548306717551595,0.15253620984092714
280,0.0567857142857142,0,7,0,6644,598966,146,107810,5.548241876319982,0.15253772057908022
281,0.057,0,3,0,6647,598963,146,107810,5.548214087220719,0.15253836804744947
282,0.0570833333333333,0,3,0,6650,598960,146,107810,5.548186298121457,0.15253901552131527
283,0.0571428571428571,0,1,0,6651,598959,146,107810,5.5481770350883695,0.1525392313471587
284,0.0573333333333333,0,2,0,6653,598957,146,107810,5.548158509022194,0.15253966300067773
285,0.0575,2,40,2,6693,598917,148,107808,5.547787987698692,0.15254589833386395
286,0.057547619047619,0,1,0,6694,598916,148,107808,5.547778724665604,0.15254611418318892
287,0.0576190476190476,1,1,1,6695,598915,149,107807,5.547769461632517,0.15254513090012764
288,0.0577777777777777,0,1,0,6696,598914,149,107807,5.54776019859943,0.15254534674928297
289,0.0578571428571428,1,10,1,6706,598904,150,107806,5.547667568268554,0.15254630612273776
290,0.0579166666666666,0,1,0,6707,598903,150,107806,5.547658305235466,0.15254652197722118
291,0.0579999999999999,0,8,0,6715,598895,150,107806,5.547584200970766,0.15254824883508017
292,0.0581666666666666,0,1,0,6716,598894,150,107806,5.547574937937679,0.15254846469506156
293,0.0583333333333333,0,45,0,6761,598849,150,107806,5.547158101448739,0.15255817902654054
294,0.0584999999999999,0,7,0,6768,598842,150,107806,5.5470932602171255,0.15255969025596902
295,0.0586666666666666,0,1,0,6769,598841,150,107806,5.547083997184038,0.15255990614833148
296,0.0586904761904761,0,1,0,6770,598840,150,107806,5.54707473415095,0.15256012204130498
297,0.05875,0,1,0,6771,598839,150,107806,5.547065471117863,0.15256033793488952
298,0.059,0,7,0,6778,598832,150,107806,5.5470006298862495,0.15256184920709048
299,0.059047619047619,0,1,0,6779,598831,150,107806,5.546991366853162,0.1525620651055634
300,0.0591666666666666,0,7,0,6786,598824,150,107806,5.54692652562155,0.15256357641198365
301,0.0592142857142857,0,1,0,6787,598823,150,107806,5.546917262588462,0.15256379231534511
302,0.0592857142857142,0,1,0,6788,598822,150,107806,5.5469079995553745,0.15256400821931765
303,0.0593095238095238,0,2,0,6790,598820,150,107806,5.546889473489199,0.15256444002909603
304,0.0593333333333333,0,8,0,6798,598812,150,107806,5.546815369224499,0.15256616729265318
305,0.0595,0,2,0,6800,598810,150,107806,5.546796843158324,0.1525665991146535
306,0.0596428571428571,0,2,0,6802,598808,150,107806,5.546778317092149,0.1525670309390983
307,0.0596666666666666,0,1,0,6803,598807,150,107806,5.5467690540590615,0.15256724685223735
308,0.0598333333333333,0,3,0,6806,598804,150,107806,5.546741264959798,0.15256789459532133
309,0.0599999999999999,0,6,0,6812,598798,150,107806,5.546685686761273,0.15256919009798983
310,0.06,24,1040,24,7852,597758,174,107782,5.537052132350217,0.15276525781670777
311,0.0601666666666666,0,6,0,7858,597752,174,107782,5.536996554151691,0.15276655696252767
312,0.0603571428571428,0,2,0,7860,597750,174,107782,5.5369780280855165,0.15276699001604463
313,0.0604761904761904,0,1,0,7861,597749,174,107782,5.536968765052428,0.1527672065437238
314,0.0605,0,2,0,7863,597747,174,107782,5.536950238986254,0.15276763960092357
315,0.0605833333333333,0,1,0,7864,597746,174,107782,5.536940975953166,0.15276785613044416
316,0.0607142857142857,0,1,0,7865,597745,174,107782,5.536931712920079,0.15276807266057854
317,0.0608333333333333,0,14,0,7879,597731,174,107782,5.536802030456853,0.15277110414691153
318,0.0608571428571428,0,1,0,7880,597730,174,107782,5.536792767423766,0.15277132068625338
319,0.0609523809523809,0,1,0,7881,597729,174,107782,5.5367835043906775,0.1527715372262091
320,0.061,0,11,0,7892,597718,174,107782,5.536681611026714,0.1527739192062367
321,0.0610714285714285,0,1,0,7893,597717,174,107782,5.536672347993627,0.15277413575355883
322,0.0610833333333333,0,1,0,7894,597716,174,107782,5.53666308496054,0.15277435230149483
323,0.0611111111111111,0,1,0,7895,597715,174,107782,5.536653821927452,0.15277456885004473
324,0.0611666666666666,0,2,0,7897,597713,174,107782,5.536635295861277,0.15277500194898616
325,0.0611904761904762,0,4,0,7901,597709,174,107782,5.5365982437289265,0.15277586815423586
326,0.06125,0,1,0,7902,597708,174,107782,5.536588980695839,0.152776084707083
327,0.0613333333333333,0,7,0,7909,597701,174,107782,5.536524139464226,0.15277760059420284
328,0.0614285714285714,0,1,0,7910,597700,174,107782,5.536514876431139,0.15277781715196134
329,0.0615,0,4,0,7914,597696,174,107782,5.536477824298788,0.15277868338913475
330,0.0616111111111111,0,1,0,7915,597695,174,107782,5.536468561265701,0.15277889994996294
331,0.0616233766233766,0,1,0,7916,597694,174,107782,5.5364592982326135,0.15277911651140508
332,0.0616666666666666,2,47,2,7963,597647,176,107780,5.536023935677498,0.1527868936119542
333,0.0617619047619047,0,1,0,7964,597646,176,107780,5.536014672644411,0.15278711020007768
334,0.0619999999999999,0,2,0,7966,597644,176,107780,5.535996146578236,0.15278754337816688
335,0.062,0,13,0,7979,597631,176,107780,5.535875727148097,0.15279035909561944
336,0.0621190476190476,0,2,0,7981,597629,176,107780,5.535857201081923,0.15279079229213124
337,0.0622222222222222,0,2,0,7983,597627,176,107780,5.535838675015747,0.15279122549109947
338,0.0623333333333333,0,6,0,7989,597621,176,107780,5.535783096817222,0.15279252510274297
339,0.0625,3,67,3,8056,597554,179,107777,5.535162473600356,0.1528034355501176
340,0.0626666666666666,1,6,1,8062,597548,180,107776,5.535106895401831,0.15280353426226811
341,0.0627692307692307,0,1,0,8063,597547,180,107776,5.535097632368743,0.15280375090561346
342,0.0627777777777777,0,2,0,8065,597545,180,107776,5.535079106302567,0.15280418419414707
343,0.0628333333333333,0,2,0,8067,597543,180,107776,5.535060580236393,0.15280461748513793
344,0.0628571428571428,0,2,0,8069,597541,180,107776,5.535042054170217,0.15280505077858608
345,0.063,0,7,0,8076,597534,180,107776,5.534977212938605,0.15280656732500603
346,0.0631666666666666,0,3,0,8079,597531,180,107776,5.5349494238393415,0.15280721728268684
347,0.0632142857142857,0,1,0,8080,597530,180,107776,5.534940160806254,0.1528074339364758
348,0.0633333333333333,5,132,5,8212,597398,185,107771,5.533717440438697,0.1528300308153081
349,0.0634523809523809,0,1,0,8213,597397,185,107771,5.53370817740561,0.15283024754384772
350,0.0636666666666666,0,3,0,8216,597394,185,107771,5.5336803883063475,0.15283089773315464
351,0.0636904761904761,0,1,0,8217,597393,185,107771,5.533671125273259,0.152831114464153
352,0.06375,0,2,0,8219,597391,185,107771,5.533652599207084,0.15283154792799386
353,0.064,1,20,1,8239,597371,186,107770,5.533467338545333,0.15283468129069222
354,0.0641666666666666,0,12,0,8251,597359,186,107770,5.533356182148283,0.15283728225615456
355,0.0642857142857143,0,5,0,8256,597354,186,107770,5.533309866982845,0.15283836601789189
356,0.0643333333333333,0,4,0,8260,597350,186,107770,5.533272814850495,0.1528392330383481
357,0.0645,0,6,0,8266,597344,186,107770,5.53321723665197,0.15284053358747662
358,0.0645238095238095,0,1,0,8267,597343,186,107770,5.5332079736188815,0.15284075034781658
359,0.0646190476190476,0,3,0,8270,597340,186,107770,5.533180184519619,0.1528414006325254
360,0.0646428571428571,1,4,1,8274,597336,187,107769,5.533143132387269,0.15284106622417937
361,0.0646666666666666,0,3,0,8277,597333,187,107769,5.5331153432880065,0.15284171651761022
362,0.0647619047619047,0,2,0,8279,597331,187,107769,5.533096817221831,0.15284215004963836
363,0.0648809523809523,0,2,0,8281,597329,187,107769,5.533078291155656,0.1528425835841259
364,0.0649090909090909,0,1,0,8282,597328,187,107769,5.5330690281225685,0.15284280035229195
365,0.0649999999999999,0,6,0,8288,597322,187,107769,5.533013449924043,0.15284410097420048
366,0.065,7,281,7,8569,597041,194,107762,5.53041053762644,0.1528966250143657
367,0.0651666666666666,1,1,1,8570,597040,195,107761,5.530401274593353,0.15289564004591366
368,0.0652380952380952,0,1,0,8571,597039,195,107761,5.530392011560266,0.15289585698070374
369,0.0653333333333333,0,8,0,8579,597031,195,107761,5.530317907295565,0.15289759248118595
370,0.0654545454545454,0,1,0,8580,597030,195,107761,5.530308644262477,0.15289780942151646
371,0.0654761904761904,0,2,0,8582,597028,195,107761,5.5302901181963025,0.15289824330402432
372,0.0655,0,7,0,8589,597021,195,107761,5.530225276964689,0.15289976191219412
373,0.0656666666666666,1,5,1,8594,597016,196,107760,5.530178961799251,0.15289964470980852
374,0.0657142857142857,0,1,0,8595,597015,196,107760,5.530169698766164,0.15289986165797595
375,0.0658333333333333,2,20,2,8615,596995,198,107758,5.529984438104413,0.15290179679972984
376,0.0659523809523809,0,1,0,8616,596994,198,107758,5.529975175071326,0.1529020137580312
377,0.066,2,26,2,8642,596968,200,107756,5.529734336211049,0.15290525084997814
378,0.066047619047619,0,1,0,8643,596967,200,107756,5.5297250731779615,0.15290546782210881
379,0.0661904761904761,0,2,0,8645,596965,200,107756,5.529706547111786,0.1529059017682175
380,0.06625,0,2,0,8647,596963,200,107756,5.529688021045611,0.15290633571678924
381,0.0662857142857143,0,4,0,8651,596959,200,107756,5.529650968913261,0.1529072036213221
382,0.0664999999999999,1,2,1,8653,596957,201,107755,5.5296324428470855,0.15290643553678665
383,0.0665,0,3,0,8656,596954,201,107755,5.529604653747823,0.15290708647115334
384,0.0666666666666666,3,140,3,8796,596814,204,107752,5.528307829115565,0.15293386283187096
385,0.0667142857142857,0,3,0,8799,596811,204,107752,5.528280040016303,0.15293451401790897
386,0.0667857142857142,0,2,0,8801,596809,204,107752,5.528261513950127,0.15293494814501513
387,0.0668333333333333,0,4,0,8805,596805,204,107752,5.528224461817778,0.15293581640662146
388,0.067,1,7,1,8812,596798,205,107751,5.528159620586165,0.15293613361171474
389,0.067040404040404,0,3,0,8815,596795,205,107751,5.528131831486902,0.15293678482313433
390,0.0671428571428571,0,1,0,8816,596794,205,107751,5.5281225684538144,0.15293700189483994
391,0.0671666666666666,0,2,0,8818,596792,205,107751,5.528104042387639,0.15293743604009974
392,0.0671818181818181,0,1,0,8819,596791,205,107751,5.528094779354552,0.15293765311365398
393,0.0673333333333333,1,3,1,8822,596788,206,107750,5.528066990255289,0.15293710204417646
394,0.0674999999999999,0,4,0,8826,596784,206,107750,5.528029938122939,0.1529379703463566
395,0.0675,0,59,0,8885,596725,206,107750,5.527483419170773,0.15295077894886264
396,0.0676190476190476,0,2,0,8887,596723,206,107750,5.527464893104598,0.1529512131763744
397,0.0677619047619047,0,2,0,8889,596721,206,107750,5.527446367038423,0.15295164740635173
398,0.0678571428571428,0,3,0,8892,596718,206,107750,5.5274185779391605,0.15295229875594066
399,0.0679761904761904,0,3,0,8895,596715,206,107750,5.527390788839898,0.1529529501110772
400,0.068,0,28,0,8923,596687,206,107750,5.527131423913446,0.152959029693216
401,0.0680952380952381,0,2,0,8925,596685,206,107750,5.527112897847271,0.15295946396757684
402,0.0681428571428571,0,2,0,8927,596683,206,107750,5.527094371781096,0.15295989824440365
403,0.0681666666666666,0,2,0,8929,596681,206,107750,5.527075845714921,0.15296033252369642
404,0.0682857142857142,0,1,0,8930,596680,206,107750,5.527066582681833,0.15296054966426756
405,0.0683333333333333,1,50,1,8980,596630,207,107749,5.526603431027455,0.15297020496068167
406,0.0683888888888888,0,2,0,8982,596628,207,107749,5.526584904961281,0.1529706393025326
407,0.0684999999999999,0,3,0,8985,596625,207,107749,5.526557115862018,0.15297129081993374
408,0.0686666666666666,0,8,0,8993,596617,207,107749,5.526483011597318,0.15297302822680253
409,0.06875,0,1,0,8994,596616,207,107749,5.5264737485642295,0.1529732454054361
410,0.0688095238095238,0,1,0,8995,596615,207,107749,5.526464485531142,0.15297346258468633
411,0.0688333333333333,0,1,0,8996,596614,207,107749,5.526455222498055,0.15297367976455323
412,0.0688571428571428,0,1,0,8997,596613,207,107749,5.526445959464967,0.1529738969450368
413,0.069,1,13,1,9010,596600,208,107748,5.526325540034829,0.15297551778382276
414,0.0690396825396825,0,2,0,9012,596598,208,107748,5.526307013968654,0.15297595215987597
415,0.0691666666666666,0,19,0,9031,596579,208,107748,5.52613101633999,0.152980078855418
416,0.0692619047619047,1,2,1,9033,596577,209,107747,5.526112490273816,0.152979310658163
417,0.0693333333333333,0,7,0,9040,596570,209,107747,5.526047649042202,0.15298083107464394
418,0.0694444444444444,0,4,0,9044,596566,209,107747,5.5260105969098525,0.15298169989763075
419,0.0695,0,3,0,9047,596563,209,107747,5.52598280781059,0.15298235152134712
420,0.0695238095238095,0,3,0,9050,596560,209,107747,5.525955018711326,0.15298300315061472
421,0.0696666666666666,0,4,0,9054,596556,209,107747,5.525917966578977,0.15298387199827346
422,0.0698333333333333,0,1,0,9055,596555,209,107747,5.525908703545889,0.1529840892117302
423,0.0699999999999999,0,3,0,9058,596552,209,107747,5.525880914446627,0.1529847408558013
424,0.07,31,1234,31,10292,595318,240,107716,5.514450331616585,0.15321591843353238
425,0.0701904761904761,0,2,0,10294,595316,240,107716,5.51443180555041,0.1532163543053517
426,0.0702692307692307,0,2,0,10296,595314,240,107716,5.514413279484234,0.15321679017965095
427,0.0703333333333333,0,6,0,10302,595308,240,107716,5.514357701285709,0.1532180978174287
428,0.0703571428571428,0,1,0,10303,595307,240,107716,5.514348438252622,0.15321831575922837
429,0.0704761904761904,0,5,0,10308,595302,240,107716,5.514302123087184,0.15321940547752688
430,0.0705,0,3,0,10311,595299,240,107716,5.514274333987921,0.15322005931594632
431,0.0706666666666666,0,3,0,10314,595296,240,107716,5.514246544888659,0.15322071315994606
432,0.0707857142857142,0,4,0,10318,595292,240,107716,5.514209492756308,0.15322158496062635
433,0.0708333333333333,0,13,0,10331,595279,240,107716,5.51408907332617,0.15322441838135406
434,0.0709523809523809,0,7,0,10338,595272,240,107716,5.514024232094557,0.15322594411284404
435,0.071,1,9,1,10347,595263,241,107715,5.513940864796769,0.15322670126234392
436,0.0711111111111111,0,1,0,10348,595262,241,107715,5.513931601763682,0.15322691923064338
437,0.0711666666666666,0,2,0,10350,595260,241,107715,5.5139130756975065,0.15322735516910274
438,0.07125,0,2,0,10352,595258,241,107715,5.513894549631331,0.15322779111004264
439,0.0713333333333333,0,3,0,10355,595255,241,107715,5.513866760532069,0.15322844502610353
440,0.0714285714285714,0,5,0,10360,595250,241,107715,5.513820445366631,0.15322953489860805
441,0.0715,0,4,0,10364,595246,241,107715,5.513783393234281,0.15323040680777456
442,0.0716666666666666,1,85,1,10449,595161,242,107714,5.512996035421838,0.15324773252712076
443,0.0717619047619047,0,1,0,10450,595160,242,107714,5.512986772388751,0.15324795055728338
444,0.0719047619047619,0,1,0,10451,595159,242,107714,5.512977509355664,0.15324816858806642
445,0.072,0,24,0,10475,595135,242,107714,5.512755196561562,0.153253401512985
446,0.0720833333333333,0,4,0,10479,595131,242,107714,5.512718144429212,0.15325427370188305
447,0.0721428571428571,0,3,0,10482,595128,242,107714,5.5126903553299496,0.15325492785007155
448,0.0722222222222222,0,3,0,10485,595125,242,107714,5.512662566230687,0.1532555820038444
449,0.0722619047619047,0,2,0,10487,595123,242,107714,5.512644040164512,0.15325601810946207
450,0.0722857142857143,0,3,0,10490,595120,242,107714,5.512616251065249,0.1532566722725423
451,0.0723333333333333,0,5,0,10495,595115,242,107714,5.512569935899811,0.15325776255675277
452,0.0725,2,60,2,10555,595055,244,107712,5.512014153914558,0.15326843747643246
453,0.0726666666666666,1,4,1,10559,595051,245,107711,5.5119771017822075,0.15326810499144802
454,0.07275,0,1,0,10560,595050,245,107711,5.51196783874912,0.15326832308565785
455,0.0728333333333333,0,5,0,10565,595045,245,107711,5.511921523583682,0.15326941356601723
456,0.0728571428571428,0,3,0,10568,595042,245,107711,5.51189373448442,0.15327006786168113
457,0.0729166666666666,1,3,1,10571,595039,246,107710,5.511865945385157,0.1532695172814191
458,0.073,1,14,1,10585,595025,247,107709,5.511736262921931,0.15327136583686005
459,0.0731666666666666,0,3,0,10588,595022,247,107709,5.511708473822669,0.15327202016134198
460,0.0732142857142857,0,1,0,10589,595021,247,107709,5.511699210789581,0.1532722382707441
461,0.0732738095238095,0,2,0,10591,595019,247,107709,5.511680684723406,0.1532726744914106
462,0.0733333333333333,5,164,5,10755,594855,252,107704,5.510161547297047,0.15330242726945353
463,0.0734999999999999,0,1,0,10756,594854,252,107704,5.51015228426396,0.15330264547553368
464,0.0736111111111111,0,1,0,10757,594853,252,107704,5.5101430212308715,0.15330286368223503
465,0.0736190476190476,0,1,0,10758,594852,252,107704,5.510133758197784,0.15330308188955755
466,0.0736666666666666,1,1,1,10759,594851,253,107703,5.510124495164697,0.15330209492793437
467,0.07375,0,2,0,10761,594849,253,107703,5.510105969098522,0.1533025313428757
468,0.0738095238095238,0,1,0,10762,594848,253,107703,5.5100967060654344,0.15330274955127812
469,0.0738333333333333,0,1,0,10763,594847,253,107703,5.510087443032346,0.15330296776030175
470,0.074,1,36,1,10799,594811,254,107702,5.509753973841194,0.1533096184696938
471,0.0741666666666666,1,12,1,10811,594799,255,107701,5.509642817444144,0.15331103202846974
472,0.0742857142857142,0,1,0,10812,594798,255,107701,5.509633554411057,0.15331125026512493
473,0.0743333333333333,0,3,0,10815,594795,255,107701,5.509605765311794,0.1533119049788184
474,0.0745,0,9,0,10824,594786,255,107701,5.509522398014005,0.15331386915345052
475,0.0745357142857142,0,3,0,10827,594783,255,107701,5.509494608914743,0.15331452388951208
476,0.0746190476190476,0,1,0,10828,594782,255,107701,5.5094853458816555,0.15331474213610863
477,0.0746428571428571,0,2,0,10830,594780,255,107701,5.50946681981548,0.15331517863116584
478,0.0746666666666666,0,4,0,10834,594776,255,107701,5.50942976768313,0.1533160516287366
479,0.0747619047619047,0,1,0,10835,594775,255,107701,5.509420504650042,0.15331626987968272
480,0.0748333333333333,0,5,0,10840,594770,255,107701,5.509374189484605,0.15331736114373404
481,0.075,6,377,6,11217,594393,261,107695,5.505882026010597,0.1533924522282107
482,0.0751111111111111,0,1,0,11218,594392,261,107695,5.50587276297751,0.15339267070890075
483,0.0752857142857142,0,2,0,11220,594390,261,107695,5.505854236911334,0.15339310767214795
484,0.0753333333333333,0,7,0,11227,594383,261,107695,5.505789395679721,0.15339463706311834
485,0.0754166666666666,0,1,0,11228,594382,261,107695,5.505780132646634,0.15339485555003227
486,0.0755,0,3,0,11231,594379,261,107695,5.505752343547371,0.15339551101450843
487,0.0755555555555555,0,3,0,11234,594376,261,107695,5.505724554448109,0.15339616648458632
488,0.0756666666666666,0,3,0,11237,594373,261,107695,5.505696765348846,0.15339682196026597
489,0.0757142857142857,0,5,0,11242,594368,261,107695,5.505650450183408,0.1533979144321806
490,0.0758333333333333,1,25,1,11267,594343,262,107694,5.505418874356219,0.15340217111063947
491,0.076,0,36,0,11303,594307,262,107694,5.505085405165067,0.15341003787743893
492,0.0761071428571428,0,1,0,11304,594306,262,107694,5.50507614213198,0.1534102564102564
493,0.0761904761904761,0,1,0,11305,594305,262,107694,5.505066879098893,0.1534104749436965
494,0.07625,0,1,0,11306,594304,262,107694,5.5050576160658045,0.1534106934777592
495,0.0763095238095238,0,2,0,11308,594302,262,107694,5.505039089999629,0.1534111305477524
496,0.0763333333333333,0,1,0,11309,594301,262,107694,5.505029826966542,0.15341134908368292
497,0.0764444444444444,0,1,0,11310,594300,262,107694,5.505020563933455,0.15341156762023608
498,0.0765,0,2,0,11312,594298,262,107694,5.505002037867279,0.1534120046952102
499,0.0766575091575091,0,3,0,11315,594295,262,107694,5.504974248768017,0.15341266031234108
500,0.0766666666666666,4,152,4,11467,594143,266,107690,5.503566267738709,0.15344106076516778
501,0.0767857142857142,1,2,1,11469,594141,267,107689,5.503547741672533,0.15344029180855762
502,0.077,0,5,0,11474,594136,267,107689,5.503501426507095,0.15344138496063833
503,0.0770454545454545,0,1,0,11475,594135,267,107689,5.503492163474008,0.15344160359292358
504,0.0771349206349206,0,2,0,11477,594133,267,107689,5.503473637407833,0.1534420408593632
505,0.0771428571428571,0,4,0,11481,594129,267,107689,5.503436585275483,0.15344291539971902
506,0.0772222222222222,0,4,0,11485,594125,267,107689,5.503399533143132,0.15344378995004374
507,0.0773333333333333,0,9,0,11494,594116,267,107689,5.503316165845344,0.1534457577247241
508,0.0775,1,68,1,11562,594048,268,107688,5.502686279595391,0.1534594206368207
509,0.0776190476190476,1,4,1,11566,594044,269,107687,5.50264922746304,0.15345908902414174
510,0.0776666666666666,0,3,0,11569,594041,269,107687,5.502621438363778,0.15345974508641524
511,0.0778333333333333,0,4,0,11573,594037,269,107687,5.502584386231428,0.15346061984483927
512,0.0778525641025641,0,1,0,11574,594036,269,107687,5.50257512319834,0.15346083853600354
513,0.0778571428571428,0,3,0,11577,594033,269,107687,5.502547334099077,0.15346149461323605
514,0.078,1,22,1,11599,594011,270,107686,5.502343547371151,0.15346509960852048
515,0.0780833333333333,0,3,0,11602,594008,270,107686,5.502315758271888,0.15346575572828042
516,0.0781666666666666,0,1,0,11603,594007,270,107686,5.502306495238801,0.1534659744361138
517,0.0782002164502164,0,5,0,11608,594002,270,107686,5.502260180073363,0.15346706798463133
518,0.0783333333333333,3,70,3,11678,593932,273,107683,5.501611767757234,0.1534787597186491
519,0.0785,0,2,0,11680,593930,273,107683,5.501593241691059,0.15347919722126016
520,0.0785714285714285,0,1,0,11681,593929,273,107683,5.501583978657972,0.153479415973501
521,0.0786666666666666,0,10,0,11691,593919,273,107683,5.501491348327097,0.1534816035302066
522,0.0786904761904762,0,1,0,11692,593918,273,107683,5.5014820852940085,0.15348182228930687
523,0.07875,0,1,0,11693,593917,273,107683,5.501472822260921,0.1534820410490308
524,0.0787619047619047,0,2,0,11695,593915,273,107683,5.501454296194746,0.1534824785703494
525,0.0789166666666666,0,1,0,11696,593914,273,107683,5.501445033161659,0.1534826973319441
526,0.079,0,14,0,11710,593900,273,107683,5.501315350698433,0.1534857600597506
527,0.0791666666666666,2,39,2,11749,593861,275,107681,5.500954092408018,0.15349187931727537
528,0.0792222222222222,0,1,0,11750,593860,275,107681,5.50094482937493,0.15349209810973272
529,0.0792857142857142,1,0,1,11750,593860,276,107680,5.50094482937493,0.15349089146734327
530,0.0793333333333333,0,10,0,11760,593850,276,107680,5.500852199044055,0.15349307941214202
531,0.0794999999999999,0,1,0,11761,593849,276,107680,5.500842936010968,0.15349329821005261
532,0.0795,0,5,0,11766,593844,276,107680,5.50079662084553,0.15349439220896222
533,0.0795238095238095,0,1,0,11767,593843,276,107680,5.500787357812442,0.15349461101061548
534,0.0795833333333333,0,1,0,11768,593842,276,107680,5.5007780947793545,0.15349482981289253
535,0.0796428571428571,0,2,0,11770,593840,276,107680,5.500759568713179,0.15349526741931804
536,0.0796666666666666,0,1,0,11771,593839,276,107680,5.500750305680092,0.1534954862234665
537,0.0797142857142857,0,3,0,11774,593836,276,107680,5.500722516580829,0.1534961426396547
538,0.0797619047619047,0,1,0,11775,593835,276,107680,5.500713253547742,0.15349636144629836
539,0.0798333333333333,0,2,0,11777,593833,276,107680,5.500694727481567,0.15349679906145716
540,0.0799999999999999,0,5,0,11782,593828,276,107680,5.500648412316129,0.153497893110271
541,0.08,36,1337,36,13119,592491,312,107644,5.488263737078069,0.15374749155520007
542,0.080047619047619,0,1,0,13120,592490,312,107644,5.4882544740449815,0.15374771115243654
543,0.0803333333333333,0,4,0,13124,592486,312,107644,5.488217421912631,0.15374858954765544
544,0.0804444444444444,0,1,0,13125,592485,312,107644,5.4882081588795435,0.15374880914802844
545,0.0804999999999999,0,1,0,13126,592484,312,107644,5.488198895846456,0.15374902874902874
546,0.0805,0,3,0,13129,592481,312,107644,5.488171106747194,0.1537496875557936
547,0.0805357142857143,0,3,0,13132,592478,312,107644,5.488143317647931,0.1537503463682044
548,0.0806666666666666,0,3,0,13135,592475,312,107644,5.488115528548668,0.1537510051862612
549,0.0807142857142857,0,1,0,13136,592474,312,107644,5.48810626551558,0.1537512247935348
550,0.0807499999999999,0,4,0,13140,592470,312,107644,5.4880692133832305,0.15375210322890273
551,0.0808333333333333,1,21,1,13161,592449,313,107643,5.487874689688391,0.15375550641915633
552,0.0809444444444444,0,1,0,13162,592448,313,107643,5.487865426655304,0.15375572604132892
553,0.0809523809523809,0,2,0,13164,592446,313,107643,5.487846900589129,0.15375616528755628
554,0.081,0,19,0,13183,592427,313,107643,5.487670902960465,0.1537603382518891
555,0.0811111111111111,0,4,0,13187,592423,313,107643,5.487633850828115,0.1537612167995589
556,0.0811904761904761,0,1,0,13188,592422,313,107643,5.487624587795028,0.15376143643804505
557,0.08125,0,2,0,13190,592420,313,107643,5.487606061728853,0.15376187571689975
558,0.0813333333333333,0,1,0,13191,592419,313,107643,5.4875967986957646,0.15376209535726837
559,0.0814166666666666,0,1,0,13192,592418,313,107643,5.487587535662677,0.15376231499826443
560,0.0814285714285714,0,6,0,13198,592412,313,107643,5.487531957464152,0.15376363285741834
561,0.0814999999999999,1,3,1,13201,592409,314,107642,5.4875041683648895,0.15376308297538321
562,0.0815,0,6,0,13207,592403,314,107642,5.487448590166364,0.15376440085994472
563,0.0816666666666666,6,89,6,13296,592314,320,107636,5.486624180221572,0.1537766983355954
564,0.0818333333333333,1,6,1,13302,592308,321,107635,5.486568602023047,0.15377680754004255
565,0.0819999999999999,2,20,2,13322,592288,323,107633,5.486383341361296,0.15377878360557834
566,0.0820238095238095,0,1,0,13323,592287,323,107633,5.486374078328208,0.15377900331466454
567,0.0821666666666666,1,0,1,13323,592287,324,107632,5.486374078328208,0.1537777942876247
568,0.0822222222222222,0,1,0,13324,592286,324,107632,5.48636481529512,0.15377801399592525
569,0.0822619047619047,0,4,0,13328,592282,324,107632,5.48632776316277,0.1537788928354055
570,0.0823333333333333,0,2,0,13330,592280,324,107632,5.486309237096595,0.15377933225891255
571,0.0823809523809523,0,1,0,13331,592279,324,107632,5.486299974063507,0.1537795519716078
572,0.0825,2,93,2,13424,592186,326,107630,5.485438511986365,0.1537975696468786
573,0.0826190476190476,1,0,1,13424,592186,327,107629,5.485438511986365,0.15379636046669476
574,0.0826428571428571,0,2,0,13426,592184,327,107629,5.485419985920189,0.15379680000228632
575,0.0826666666666666,0,13,0,13439,592171,327,107629,5.485299566490052,0.15379965704486998
576,0.0826904761904761,0,1,0,13440,592170,327,107629,5.485290303456964,0.1537998768217731
577,0.0828333333333333,0,1,0,13441,592169,327,107629,5.485281040423876,0.15380009659930438
578,0.0828571428571428,0,3,0,13444,592166,327,107629,5.485253251324614,0.15380075593566686
579,0.0828809523809523,0,1,0,13445,592165,327,107629,5.4852439882915265,0.15380097571571064
580,0.083,0,6,0,13451,592159,327,107629,5.485188410093001,0.15380229440916393
581,0.083047619047619,0,1,0,13452,592158,327,107629,5.485179147059913,0.15380251419360463
582,0.0830952380952381,0,1,0,13453,592157,327,107629,5.485169884026826,0.15380273397867347
583,0.0832142857142857,0,3,0,13456,592154,327,107629,5.485142094927563,0.15380339333764895
584,0.0833333333333333,7,226,7,13682,591928,334,107622,5.483048649449776,0.1538446143949682
585,0.0834999999999999,0,5,0,13687,591923,334,107622,5.483002334284338,0.15384571399981417
586,0.0835833333333333,0,1,0,13688,591922,334,107622,5.482993071251251,0.15384593392266963
587,0.0836111111111111,0,5,0,13693,591917,334,107622,5.482946756085813,0.1538470335463784
588,0.0836666666666666,0,10,0,13703,591907,334,107622,5.482854125754937,0.15384923284095442
589,0.08375,0,9,0,13712,591898,334,107622,5.482770758457149,0.1538512122598353
590,0.0837777777777777,0,1,0,13713,591897,334,107622,5.482761495424062,0.15385143219841063
591,0.0838095238095237,0,1,0,13714,591896,334,107622,5.4827522323909745,0.15385165213761476
592,0.0838095238095238,0,3,0,13717,591893,334,107622,5.482724443291711,0.15385231195900018
593,0.0838333333333333,0,7,0,13724,591886,334,107622,5.482659602060099,0.1538538515642423
594,0.0839285714285714,1,0,1,13724,591886,335,107621,5.482659602060099,0.1538526419321036
595,0.084,1,33,1,13757,591853,336,107620,5.482353921968209,0.15385869075718434
596,0.084047619047619,0,3,0,13760,591850,336,107620,5.4823261328689465,0.15385935065120734
597,0.0841666666666666,1,24,1,13784,591826,337,107619,5.482103820074845,0.15386342028322456
598,0.0842857142857142,0,8,0,13792,591818,337,107619,5.482029715810145,0.15386518013773937
599,0.0843333333333333,0,6,0,13798,591812,337,107619,5.481974137611619,0.15386650005504474
600,0.0844444444444444,0,1,0,13799,591811,337,107619,5.481964874578532,0.15386672004346397
601,0.0844999999999999,1,1,1,13800,591810,338,107618,5.481955611545445,0.15386573028245937
602,0.0845833333333333,0,2,0,13802,591808,338,107618,5.481937085479269,0.15386617025961288
603,0.0846190476190476,0,2,0,13804,591806,338,107618,5.481918559413094,0.1538666102392826
604,0.0846666666666666,0,1,0,13805,591805,338,107618,5.481909296380007,0.15386683023006106
605,0.0847777777777777,0,4,0,13809,591801,338,107618,5.481872244247657,0.15386771019946555
606,0.0848333333333333,0,3,0,13812,591798,338,107618,5.481844455148393,0.15386837018312421
607,0.085,8,413,8,14225,591385,346,107610,5.478018822483234,0.15394959906723224
608,0.0850952380952381,0,5,0,14230,591380,346,107610,5.477972507317796,0.15395070029614158
609,0.0851666666666666,0,1,0,14231,591379,346,107610,5.477963244284709,0.15395092054381398
610,0.0852619047619047,0,1,0,14232,591378,346,107610,5.477953981251621,0.1539511407921166
611,0.0853333333333333,0,8,0,14240,591370,346,107610,5.477879876986921,0.15395290280122464
612,0.0853571428571428,0,3,0,14243,591367,346,107610,5.4778520878876575,0.15395356356503861
613,0.0854166666666666,0,2,0,14245,591365,346,107610,5.477833561821483,0.15395400407739904
614,0.0854999999999999,1,4,1,14249,591361,347,107609,5.477796509689132,0.1539536746927622
615,0.0855,0,4,0,14253,591357,347,107609,5.4777594575567825,0.15395455572946323
616,0.0856666666666666,1,3,1,14256,591354,348,107608,5.47773166845752,0.1539540060833064
617,0.0857142857142857,0,8,0,14264,591346,348,107608,5.477657564192819,0.1539557681907536
618,0.0858333333333333,1,30,1,14294,591316,349,107607,5.4773796732001925,0.15396116596534953
619,0.0858571428571428,0,1,0,14295,591315,349,107607,5.477370410167105,0.15396138624910935
620,0.086,0,36,0,14331,591279,349,107607,5.477036940975953,0.15396931688429874
621,0.0860454545454545,0,1,0,14332,591278,349,107607,5.477027677942866,0.15396953719138343
622,0.0860714285714285,0,2,0,14334,591276,349,107607,5.477009151876691,0.15396997780744417
623,0.0861111111111111,0,1,0,14335,591275,349,107607,5.476999888843603,0.15397019811642024
624,0.0861666666666666,1,3,1,14338,591272,350,107606,5.47697209974434,0.15396964849372852
625,0.0861904761904762,0,1,0,14339,591271,350,107606,5.476962836711253,0.15396986880380953
626,0.08625,0,3,0,14342,591268,350,107606,5.47693504761199,0.15397052973783543
627,0.0863333333333333,0,6,0,14348,591262,350,107606,5.476879469413465,0.1539718516229102
628,0.0865,1,6,1,14354,591256,351,107605,5.47682389121494,0.1539719629511448
629,0.086547619047619,1,2,1,14356,591254,352,107604,5.476805365148764,0.15397119300344275
630,0.0866666666666666,5,169,5,14525,591085,357,107599,5.475239912556968,0.1540023816203033
631,0.0867619047619047,0,2,0,14527,591083,357,107599,5.475221386490793,0.15400282245714073
632,0.0867857142857142,0,1,0,14528,591082,357,107599,5.475212123457705,0.15400304287650587
633,0.0868333333333333,0,4,0,14532,591078,357,107599,5.475175071325355,0.15400392456027606
634,0.087,0,10,0,14542,591068,357,107599,5.47508244099448,0.15400612881386985
635,0.0871190476190476,0,1,0,14543,591067,357,107599,5.4750731779613915,0.15400634924269965
636,0.0871428571428571,0,2,0,14545,591065,357,107599,5.475054651895217,0.1540067901022523
637,0.0873333333333333,0,9,0,14554,591056,357,107599,5.474971284597428,0.15400877400147425
638,0.0875,7,100,7,14654,590956,364,107592,5.474044981288674,0.1540223434896385
639,0.0876111111111111,0,1,0,14655,590955,364,107592,5.474035718255585,0.15402256397923117
640,0.0876666666666666,1,11,1,14666,590944,365,107591,5.473933824891622,0.1540237783360891
641,0.0878333333333333,0,1,0,14667,590943,365,107591,5.473924561858535,0.15402399883183926
642,0.0878571428571428,0,7,0,14674,590936,365,107591,5.473859720626922,0.15402554231976717
643,0.0878787878787878,0,1,0,14675,590935,365,107591,5.4738504575938345,0.15402576282056787
644,0.088,1,23,1,14698,590912,366,107590,5.473637407832821,0.1540296233940633
645,0.0880357142857142,0,1,0,14699,590911,366,107590,5.473628144799733,0.15402984390859856
646,0.088095238095238,0,1,0,14700,590910,366,107590,5.473618881766646,0.1540300644237652
647,0.0880952380952381,0,1,0,14701,590909,366,107590,5.473609618733558,0.15403028493956325
648,0.0881428571428571,0,2,0,14703,590907,366,107590,5.473591092667383,0.15403072597305356
649,0.0881666666666666,0,7,0,14710,590900,366,107590,5.4735262514357705,0.15403226961015906
650,0.0882857142857142,0,3,0,14713,590897,366,107590,5.473498462336507,0.15403293117838987
651,0.0883333333333333,8,86,8,14799,590811,374,107582,5.472701841490978,0.1540422083268303
652,0.0884999999999999,0,2,0,14801,590809,374,107582,5.472683315424803,0.15404264946140486
653,0.0885,0,2,0,14803,590807,374,107582,5.472664789358627,0.154043090598506
654,0.0885714285714285,0,2,0,14805,590805,374,107582,5.472646263292453,0.15404353173813373
655,0.0886363636363636,0,1,0,14806,590804,374,107582,5.472637000259365,0.15404375230889508
656,0.0886666666666666,0,10,0,14816,590794,374,107582,5.47254436992849,0.15404595805125032
657,0.0886904761904761,0,1,0,14817,590793,374,107582,5.472535106895402,0.15404617862896008
658,0.08875,0,5,0,14822,590788,374,107582,5.4724887917299645,0.15404728152698427
659,0.0888095238095238,0,1,0,14823,590787,374,107582,5.472479528696876,0.1540475021084842
660,0.0888333333333333,0,2,0,14825,590785,374,107582,5.472461002630701,0.15404794327337917
661,0.0889285714285714,0,3,0,14828,590782,374,107582,5.472433213531438,0.1540486050254595
662,0.0889999999999999,0,1,0,14829,590781,374,107582,5.472423950498351,0.1540488256107497
663,0.089,0,14,0,14843,590767,374,107582,5.472294268035125,0.15405191387114467
664,0.089047619047619,0,2,0,14845,590765,374,107582,5.47227574196895,0.15405235506130907
665,0.0891666666666666,1,33,1,14878,590732,375,107581,5.471970061877061,0.15405842365815903
666,0.0892857142857142,0,1,0,14879,590731,375,107581,5.471960798843973,0.15405864427361982
667,0.0893333333333333,0,6,0,14885,590725,375,107581,5.471905220645448,0.15405996797965363
668,0.0895,0,2,0,14887,590723,375,107581,5.471886694579273,0.15406040922005315
669,0.0895238095238095,1,0,1,14887,590723,376,107580,5.471886694579273,0.15405919779809052
670,0.0895833333333333,0,4,0,14891,590719,376,107580,5.471849642446923,0.15406008028079662
671,0.0896363636363636,1,0,1,14891,590719,377,107579,5.471849642446923,0.1540588688496888
672,0.0896666666666666,0,3,0,14894,590716,377,107579,5.47182185334766,0.15405953071409648
673,0.0897619047619047,0,1,0,14895,590715,377,107579,5.471812590314572,0.15405975133682948
674,0.0897936507936508,0,2,0,14897,590713,377,107579,5.471794064248398,0.15406019258419115
675,0.0898571428571428,0,1,0,14898,590712,377,107579,5.47178480121531,0.15406041320881983
676,0.0899523809523809,0,4,0,14902,590708,377,107579,5.47174774908296,0.15406129571365357
677,0.0899999999999999,0,2,0,14904,590706,377,107579,5.471729223016784,0.15406173696986186
678,0.09,45,1549,45,16453,589157,422,107534,5.4573807847641636,0.15434963276402308
679,0.0901190476190476,0,2,0,16455,589155,422,107534,5.457362258697988,0.1543500758588122
680,0.0901666666666666,0,3,0,16458,589152,422,107534,5.457334469598726,0.15435074050576586
681,0.0902380952380952,0,1,0,16459,589151,422,107534,5.4573252065656375,0.15435096205602244
682,0.0902857142857142,0,1,0,16460,589150,422,107534,5.45731594353255,0.15435118360691505
683,0.0903333333333333,0,5,0,16465,589145,422,107534,5.457269628367112,0.15435229137091833
684,0.0903571428571428,0,2,0,16467,589143,422,107534,5.457251102300938,0.1543527344809718
685,0.0905,0,8,0,16475,589135,422,107534,5.457176998036237,0.15435450694662745
686,0.0906428571428571,1,1,1,16476,589134,423,107533,5.457167735003149,0.15435351466339012
687,0.0906666666666666,0,10,0,16486,589124,423,107533,5.457075104672274,0.15435573029482227
688,0.0907142857142857,0,2,0,16488,589122,423,107533,5.457056578606099,0.15435617342874164
689,0.09075,0,2,0,16490,589120,423,107533,5.457038052539923,0.15435661656520536
690,0.0907619047619047,0,1,0,16491,589119,423,107533,5.457028789506836,0.15435683813439136
691,0.0908333333333333,1,20,1,16511,589099,424,107532,5.456843528845085,0.15436005575405057
692,0.0908571428571428,0,1,0,16512,589098,424,107532,5.456834265811997,0.15436027733517074
693,0.0909523809523809,0,2,0,16514,589096,424,107532,5.456815739745823,0.1543607204993196
694,0.091,1,17,1,16531,589079,425,107531,5.456658268183334,0.15436327356770646
695,0.0911666666666666,1,2,1,16533,589077,426,107530,5.456639742117159,0.15436250281722694
696,0.0911904761904761,0,1,0,16534,589076,426,107530,5.456630479084072,0.15436272440949403
697,0.09125,0,2,0,16536,589074,426,107530,5.456611953017896,0.15436316759593685
698,0.0913333333333333,0,7,0,16543,589067,426,107530,5.456547111786283,0.15436471876852756
699,0.0914285714285714,0,2,0,16545,589065,426,107530,5.4565285857201085,0.1543651619664224
700,0.0914523809523809,0,1,0,16546,589064,426,107530,5.45651932268702,0.15436538356632415
701,0.0915,0,1,0,16547,589063,426,107530,5.456510059653933,0.15436560516686215
702,0.0916190476190476,0,2,0,16549,589061,426,107530,5.456491533587758,0.15436604836984688
703,0.0916666666666666,3,90,3,16639,588971,429,107527,5.455657860609878,0.15438235285672033
704,0.0917857142857142,0,2,0,16641,588969,429,107527,5.455639334543703,0.1543827961682479
705,0.0918333333333333,0,4,0,16645,588965,429,107527,5.455602282411353,0.154383682798941
706,0.0919047619047619,0,1,0,16646,588964,429,107527,5.455593019378266,0.1543839044582055
707,0.092,0,24,0,16670,588940,429,107527,5.455370706584164,0.1543892244715112
708,0.0920833333333333,0,1,0,16671,588939,429,107527,5.455361443551077,0.15438944614668915
709,0.0921111111111111,0,1,0,16672,588938,429,107527,5.4553521805179885,0.15438966782250366
710,0.0921428571428571,0,4,0,16676,588934,429,107527,5.455315128385639,0.15439055453212744
711,0.0921666666666666,0,1,0,16677,588933,429,107527,5.4553058653525515,0.15439077621112482
712,0.0923333333333333,0,10,0,16687,588923,429,107527,5.4552132350216755,0.1543929930361117
713,0.0923593073593073,0,1,0,16688,588922,429,107527,5.455203971988588,0.15439321472211173
714,0.0924285714285714,0,1,0,16689,588921,429,107527,5.4551947089555,0.1543934364087484
715,0.0925,10,93,10,16782,588828,439,107517,5.454333246878358,0.15440191284492602
716,0.0926666666666666,0,10,0,16792,588818,439,107517,5.454240616547482,0.15440413019595453
717,0.0928571428571428,0,7,0,16799,588811,439,107517,5.4541757753158695,0.15440568237956825
718,0.0928888888888888,0,1,0,16800,588810,439,107517,5.454166512282782,0.15440590412263203
719,0.0929166666666666,0,3,0,16803,588807,439,107517,5.454138723183519,0.15440656935564478
720,0.0929761904761904,0,1,0,16804,588806,439,107517,5.4541294601504315,0.15440679110125616
721,0.0929999999999999,0,1,0,16805,588805,439,107517,5.454120197117344,0.15440701284750447
722,0.093,0,13,0,16818,588792,439,107517,5.453999777687206,0.15440989560669185
723,0.0931666666666666,0,2,0,16820,588790,439,107517,5.45398125162103,0.1544103391176593
724,0.09325,0,1,0,16821,588789,439,107517,5.453971988587943,0.15441056087409846
725,0.0933333333333333,6,229,6,17050,588560,445,107511,5.451850754010893,0.1544540714955802
726,0.0934523809523809,0,1,0,17051,588559,445,107511,5.451841490977806,0.1544542933900326
727,0.0934761904761904,0,1,0,17052,588558,445,107511,5.451832227944718,0.1544545152851226
728,0.0935,0,6,0,17058,588552,445,107511,5.451776649746193,0.15445584666905152
729,0.0936363636363636,0,1,0,17059,588551,445,107511,5.451767386713105,0.15445606856860453
730,0.0936666666666666,0,5,0,17064,588546,445,107511,5.451721071547667,0.15445717807593343
731,0.09375,0,3,0,17067,588543,445,107511,5.451693282448405,0.15445784378798197
732,0.0937878787878788,0,1,0,17068,588542,445,107511,5.4516840194153176,0.15445806569327336
733,0.0939285714285714,0,1,0,17069,588541,445,107511,5.451674756382229,0.15445828759920235
734,0.0939999999999999,0,1,0,17070,588540,445,107511,5.451665493349142,0.15445850950576898
735,0.094,0,29,0,17099,588511,445,107511,5.451396865389603,0.15446494507357525
736,0.094047619047619,1,4,1,17103,588507,446,107510,5.451359813257253,0.1544646179619176
737,0.0941025641025641,0,1,0,17104,588506,446,107510,5.4513505502241655,0.1544648398887382
738,0.0941666666666666,0,20,0,17124,588486,446,107510,5.4511652895624145,0.15446927855907217
739,0.0942499999999999,0,1,0,17125,588485,446,107510,5.451156026529326,0.1544695004992852
740,0.0942628205128205,0,2,0,17127,588483,446,107510,5.451137500463152,0.15446994438162454
741,0.0942857142857142,0,10,0,17137,588473,446,107510,5.451044870132276,0.15447216383158785
742,0.0943333333333333,0,9,0,17146,588464,446,107510,5.450961502834488,0.15447416139108644
743,0.0944047619047619,0,2,0,17148,588462,446,107510,5.450942976768313,0.15447460530021323
744,0.0944444444444444,1,5,1,17153,588457,447,107509,5.450896661602875,0.1544745001911013
745,0.0944999999999999,0,2,0,17155,588455,447,107509,5.4508781355367,0.15447494410630436
746,0.0945,0,1,0,17156,588454,447,107509,5.450868872503612,0.15447516606486264
747,0.0945238095238095,0,2,0,17158,588452,447,107509,5.450850346437438,0.1544756099838928
748,0.0945833333333333,0,5,0,17163,588447,447,107509,5.450804031272,0.15447671979263056
749,0.0946428571428571,0,3,0,17166,588444,447,107509,5.450776242172737,0.1544773856855276
750,0.0946666666666666,0,6,0,17172,588438,447,107509,5.450720663974212,0.1544787174885444
751,0.0946746031746031,0,1,0,17173,588437,447,107509,5.450711400941124,0.15447893945794644
752,0.0946904761904761,0,1,0,17174,588436,447,107509,5.450702137908037,0.1544791614279864
753,0.0947619047619047,0,1,0,17175,588435,447,107509,5.4506928748749495,0.15447938339866427
754,0.0948333333333333,1,1,1,17176,588434,448,107508,5.450683611841861,0.1544783904405827
755,0.0948809523809523,0,1,0,17177,588433,448,107508,5.450674348808774,0.15447861241110955
756,0.0949999999999999,0,4,0,17181,588429,448,107508,5.450637296676423,0.1544795002995961
757,0.095,10,431,10,17612,587998,458,107498,5.446644929415688,0.1545630744102051
758,0.0950238095238095,0,1,0,17613,587997,458,107498,5.4466356663826,0.1545632966448357
759,0.0951666666666666,0,6,0,17619,587991,458,107498,5.446580088184075,0.15456463006603988
760,0.0951904761904761,0,2,0,17621,587989,458,107498,5.4465615621179,0.15456507454488724
761,0.0952142857142857,0,5,0,17626,587984,458,107498,5.446515246952462,0.15456618575318987
762,0.0953333333333333,0,11,0,17637,587973,458,107498,5.446413353588499,0.15456863046769742
763,0.0953571428571428,0,3,0,17640,587970,458,107498,5.446385564489236,0.1545692972214394
764,0.0954166666666666,0,1,0,17641,587969,458,107498,5.446376301456149,0.15456951947396497
765,0.0955,0,6,0,17647,587963,458,107498,5.446320723257624,0.15457085300254075
766,0.0955079365079365,0,2,0,17649,587961,458,107498,5.446302197191448,0.1545712975171793
767,0.0955238095238095,0,1,0,17650,587960,458,107498,5.446292934158361,0.15457151977545733
768,0.0955411255411255,0,2,0,17652,587958,458,107498,5.446274408092186,0.15457196429393089
769,0.0955555555555555,0,2,0,17654,587956,458,107498,5.44625588202601,0.15457240881496115
770,0.0956428571428571,0,1,0,17655,587955,458,107498,5.446246618992923,0.15457263107643507
771,0.0956666666666666,1,6,1,17661,587949,459,107497,5.446191040794398,0.15457274899848442
772,0.0957142857142857,0,3,0,17664,587946,459,107497,5.446163251695135,0.15457341579396155
773,0.0958333333333333,2,43,2,17707,587903,461,107495,5.44576494127237,0.15458054236566685
774,0.096,2,40,2,17747,587863,463,107493,5.445394419948868,0.1545870029164917
775,0.0961666666666666,0,2,0,17749,587861,463,107493,5.445375893882693,0.15458744754470385
776,0.0961904761904761,0,1,0,17750,587860,463,107493,5.445366630849605,0.15458766985976907
777,0.0961904761904762,0,2,0,17752,587858,463,107493,5.44534810478343,0.1545881144918178
778,0.09625,0,4,0,17756,587854,463,107493,5.44531105265108,0.15458900376358853
779,0.0963333333333333,0,3,0,17759,587851,463,107493,5.445283263551818,0.1545896707241308
780,0.0964166666666666,0,1,0,17760,587850,463,107493,5.4452740005187295,0.15458989304559045
781,0.0964285714285714,0,3,0,17763,587847,463,107493,5.445246211419467,0.1545905600138062
782,0.0964999999999999,0,1,0,17764,587846,463,107493,5.44523694838638,0.1545907823378237
783,0.0965,0,8,0,17772,587838,463,107493,5.445162844121679,0.154592560952985
784,0.0965833333333333,0,1,0,17773,587837,463,107493,5.445153581088592,0.15459278328275783
785,0.0966190476190476,1,0,1,17773,587837,464,107492,5.445153581088592,0.1545915674450512
786,0.0966666666666666,5,203,5,17976,587634,469,107487,5.443273185371818,0.15463063265244467
787,0.0967142857142857,0,1,0,17977,587633,469,107487,5.443263922338731,0.15463085510415467
788,0.0968333333333333,0,2,0,17979,587631,469,107487,5.443245396272555,0.1546313000094948
789,0.0969696969696969,0,1,0,17980,587630,469,107487,5.443236133239468,0.15463152246312492
790,0.0969999999999999,0,17,0,17997,587613,469,107487,5.44307866167698,0.1546353042727665
791,0.0970833333333333,0,1,0,17998,587612,469,107487,5.443069398643892,0.15463552673791792
792,0.0971428571428571,0,3,0,18001,587609,469,107487,5.443041609544629,0.1546361941372127
793,0.0973333333333333,0,11,0,18012,587598,469,107487,5.442939716180666,0.15463864131724897
794,0.0974999999999999,0,1,0,18013,587597,469,107487,5.442930453147579,0.15463886379200212
795,0.0975,6,99,6,18112,587498,475,107481,5.442013412871911,0.15465359384959834
796,0.0976428571428571,0,3,0,18115,587495,475,107481,5.4419856237726485,0.15465426144212174
797,0.0976666666666666,0,7,0,18122,587488,475,107481,5.441920782541035,0.15465581918042387
798,0.0977142857142857,0,1,0,18123,587487,475,107481,5.441911519507948,0.1546560417170287
799,0.0978095238095238,0,1,0,18124,587486,475,107481,5.44190225647486,0.15465626425427395
800,0.0978333333333333,0,2,0,18126,587484,475,107481,5.441883730408685,0.1546567093306857
801,0.0978571428571428,0,3,0,18129,587481,475,107481,5.441855941309423,0.15465737695010662
802,0.0979166666666666,0,1,0,18130,587480,475,107481,5.441846678276335,0.15465759949119448
803,0.0979761904761904,0,1,0,18131,587479,475,107481,5.441837415243247,0.15465782203292275
804,0.0979999999999999,0,4,0,18135,587475,475,107481,5.441800363110897,0.1546587122062404
805,0.098,0,23,0,18158,587452,475,107481,5.441587313349883,0.15466383090168404
806,0.098095238095238,0,1,0,18159,587451,475,107481,5.441578050316796,0.15466405346134585
807,0.0981666666666666,0,3,0,18162,587448,475,107481,5.441550261217533,0.15466472114417443
808,0.0981818181818181,0,1,0,18163,587447,475,107481,5.441540998184445,0.15466494370639836
809,0.0982142857142857,0,3,0,18166,587444,475,107481,5.4415132090851825,0.15466561139691334
810,0.0983333333333333,7,94,7,18260,587350,482,107474,5.440642483974953,0.15467801918183596
811,0.0984999999999999,1,7,1,18267,587343,483,107473,5.44057764274334,0.15467836088978953
812,0.0985,0,1,0,18268,587342,483,107473,5.440568379710252,0.15467858350784022
813,0.0985714285714285,0,2,0,18270,587340,483,107473,5.440549853644077,0.154679028745864
814,0.0986190476190476,0,1,0,18271,587339,483,107473,5.44054059061099,0.1546792513658371
815,0.0986666666666666,0,11,0,18282,587328,483,107473,5.440438697247027,0.15468170022783503
816,0.0986904761904762,0,1,0,18283,587327,483,107473,5.440429434213939,0.15468192285549798
817,0.0987222222222222,0,1,0,18284,587326,483,107473,5.440420171180851,0.1546821454838018
818,0.0987857142857142,0,1,0,18285,587325,483,107473,5.440410908147764,0.15468236811274644
819,0.0988095238095238,0,1,0,18286,587324,483,107473,5.440401645114676,0.15468259074233193
820,0.0988333333333333,0,2,0,18288,587322,483,107473,5.4403831190485015,0.15468303600342548
821,0.0988888888888888,0,2,0,18290,587320,483,107473,5.440364592982326,0.15468348126708242
822,0.0989285714285714,0,1,0,18291,587319,483,107473,5.440355329949239,0.15468370389987218
823,0.0989999999999999,0,3,0,18294,587316,483,107473,5.440327540849976,0.1546843718020867
824,0.099,0,12,0,18306,587304,483,107473,5.440216384452925,0.15468704346862375
825,0.099047619047619,0,1,0,18307,587303,483,107473,5.440207121419838,0.15468726611166764
826,0.0991666666666666,0,38,0,18345,587265,483,107473,5.43985512616251,0.15469572702227313
827,0.0992857142857142,0,2,0,18347,587263,483,107473,5.439836600096336,0.1546961723589968
828,0.0993333333333333,2,15,2,18362,587248,485,107471,5.439697654600022,0.15469707896286125
829,0.0993809523809523,0,1,0,18363,587247,485,107471,5.439688391566935,0.15469730163893838
830,0.0994047619047619,0,1,0,18364,587246,485,107471,5.4396791285338475,0.1546975243156566
831,0.0994999999999999,0,11,0,18375,587235,485,107471,5.439577235169884,0.15469997380186726
832,0.0995,1,2,1,18377,587233,486,107470,5.439558709103709,0.15469920239296506
833,0.0995238095238095,0,2,0,18379,587231,486,107470,5.439540183037534,0.15469964776213077
834,0.0996428571428571,0,1,0,18380,587230,486,107470,5.439530920004446,0.15469987044767525
835,0.0996666666666666,0,4,0,18384,587226,486,107470,5.439493867872096,0.15470076119626427
836,0.0997142857142857,0,1,0,18385,587225,486,107470,5.439484604839008,0.1547009838850143
837,0.0997316017316017,0,2,0,18387,587223,486,107470,5.439466078772833,0.15470142926443767
838,0.0997619047619047,0,1,0,18388,587222,486,107470,5.439456815739746,0.15470165195511104
839,0.0998333333333333,0,3,0,18391,587219,486,107470,5.439429026640483,0.1547023200309779
840,0.0998571428571428,0,1,0,18392,587218,486,107470,5.439419763607396,0.15470254272421577
841,0.0998809523809523,0,1,0,18393,587217,486,107470,5.439410500574308,0.15470276541809477
842,0.0999999999999999,1,3,1,18396,587214,487,107469,5.439382711475045,0.1547022166945211
843,0.1,57,1755,57,20151,585459,544,107412,5.423126088406388,0.15502452837541186
844,0.1001190476190476,0,1,0,20152,585458,544,107412,5.423116825373301,0.15502475211800193
845,0.1001666666666666,0,7,0,20159,585451,544,107412,5.423051984141687,0.15502631833421615
846,0.1002777777777777,0,2,0,20161,585449,544,107412,5.423033458075512,0.15502676583037578
847,0.1003333333333333,0,5,0,20166,585444,544,107412,5.422987142910075,0.15502788458207767
848,0.1003571428571428,0,4,0,20170,585440,544,107412,5.422950090777724,0.15502877959506503
849,0.1003809523809523,0,2,0,20172,585438,544,107412,5.422931564711549,0.15502922710543407
850,0.1003888888888889,0,1,0,20173,585437,544,107412,5.422922301678462,0.15502945086158745
851,0.1004166666666666,0,1,0,20174,585436,544,107412,5.422913038645374,0.1550296746183867
852,0.1004761904761904,0,2,0,20176,585434,544,107412,5.422894512579199,0.15503012213392298
853,0.1005,0,5,0,20181,585429,544,107412,5.422848197413761,0.15503124093406712
854,0.1005833333333333,0,1,0,20182,585428,544,107412,5.422838934380674,0.1550314646960337
855,0.1005952380952381,0,1,0,20183,585427,544,107412,5.422829671347586,0.15503168845864623
856,0.1006666666666666,0,7,0,20190,585420,544,107412,5.422764830115973,0.1550332548150201
857,0.1006904761904761,0,1,0,20191,585419,544,107412,5.422755567082886,0.15503347858280014
858,0.1007142857142857,0,1,0,20192,585418,544,107412,5.422746304049798,0.15503370235122613
859,0.100797619047619,0,2,0,20194,585416,544,107412,5.422727777983623,0.155034149890016
860,0.1008333333333333,2,32,2,20226,585384,546,107410,5.422431360924821,0.15503887158376084
861,0.1009999999999999,3,16,3,20242,585368,549,107407,5.42228315239542,0.1550387932589946
862,0.1011666666666666,0,2,0,20244,585366,549,107407,5.4222646263292456,0.15503924084801227
863,0.1011904761904761,0,3,0,20247,585363,549,107407,5.422236837229983,0.15503991223638436
864,0.10125,0,2,0,20249,585361,549,107407,5.422218311163808,0.1550403598318629
865,0.1013333333333333,0,7,0,20256,585354,549,107407,5.422153469932194,0.15504192643639003
866,0.1013690476190476,0,1,0,20257,585353,549,107407,5.422144206899107,0.15504215023962123
867,0.1014285714285714,1,7,1,20264,585346,550,107406,5.422079365667495,0.15504249717070467
868,0.1015,0,12,0,20276,585334,550,107406,5.421968209270443,0.15504518289690217
869,0.101547619047619,0,4,0,20280,585330,550,107406,5.4219311571380935,0.15504607815964525
870,0.1016666666666666,3,109,3,20389,585221,553,107403,5.42092148653155,0.1550668183603225
871,0.10175,0,4,0,20393,585217,553,107403,5.420884434399199,0.1550677138979527
872,0.1017857142857142,0,2,0,20395,585215,553,107403,5.420865908333025,0.15506816167064674
873,0.1018333333333333,0,4,0,20399,585211,553,107403,5.420828856200674,0.15506905722379277
874,0.102,0,31,0,20430,585180,553,107403,5.42054170217496,0.1550759981114177
875,0.1021428571428571,0,1,0,20431,585179,553,107403,5.420532439141873,0.15507622202136354
876,0.1021859806859807,1,3,1,20434,585176,554,107402,5.42050465004261,0.15507567378692363
877,0.1022222222222222,0,3,0,20437,585173,554,107402,5.420476860943348,0.1550763455221456
878,0.1023333333333333,2,11,2,20448,585162,556,107400,5.420374967579384,0.15507636861392915
879,0.1023571428571428,0,1,0,20449,585161,556,107400,5.420365704546296,0.15507659253119943
880,0.1023809523809523,1,1,1,20450,585160,557,107399,5.420356441513209,0.15507559644737848
881,0.1025,3,134,3,20584,585026,560,107396,5.419115195079477,0.1551019465008333
882,0.1025952380952381,0,1,0,20585,585025,560,107396,5.4191059320463895,0.155102170500317
883,0.1026190476190476,0,1,0,20586,585024,560,107396,5.419096669013301,0.15510239450044772
884,0.1026666666666666,0,6,0,20592,585018,560,107396,5.419041090814776,0.15510373851481918
885,0.1027777777777777,0,1,0,20593,585017,560,107396,5.419031827781689,0.15510396251947897
886,0.1028333333333333,0,1,0,20594,585016,560,107396,5.419022564748602,0.15510418652478583
887,0.1028571428571428,0,10,0,20604,585006,560,107396,5.418929934417726,0.15510642661344132
888,0.1029166666666666,0,4,0,20608,585002,560,107396,5.418892882285376,0.15510732266702099
889,0.1029761904761904,0,1,0,20609,585001,560,107396,5.418883619252288,0.15510754668203358
890,0.103,0,5,0,20614,584996,560,107396,5.41883730408685,0.15510866676680263
891,0.1031190476190476,0,1,0,20615,584995,560,107396,5.418828041053763,0.15510889078569767
892,0.1031428571428571,0,1,0,20616,584994,560,107396,5.418818778020675,0.1551091148052398
893,0.1031666666666666,1,2,1,20618,584992,561,107395,5.4188002519545,0.15510834258875456
894,0.1032142857142857,0,1,0,20619,584991,561,107395,5.418790988921413,0.15510856660879913
895,0.1032857142857142,0,2,0,20621,584989,561,107395,5.418772462855237,0.1551090146508296
896,0.1033333333333333,13,282,13,20903,584707,574,107382,5.416160287524547,0.15515634549891705
897,0.1033636363636363,1,2,1,20905,584705,575,107381,5.416141761458372,0.15515557315131356
898,0.1034563492063492,0,1,0,20906,584704,575,107381,5.416132498425284,0.1551557973370323
899,0.1035,0,11,0,20917,584693,575,107381,5.416030605061321,0.15515826342269756
900,0.1036666666666666,1,5,1,20922,584688,576,107380,5.415984289895883,0.1551581636486588
901,0.1036904761904762,0,1,0,20923,584687,576,107380,5.415975026862796,0.15515838784395153
902,0.10375,0,3,0,20926,584684,576,107380,5.415947237763533,0.1551590604337171
903,0.1038257575757575,0,1,0,20927,584683,576,107380,5.415937974730446,0.15515928463160145
904,0.1039285714285714,0,1,0,20928,584682,576,107380,5.415928711697358,0.1551595088301337
905,0.104,0,50,0,20978,584632,576,107380,5.41546556004298,0.1551707195828974
906,0.1040833333333333,1,0,1,20978,584632,577,107379,5.41546556004298,0.1551694987507424
907,0.1041666666666666,1,37,1,21015,584595,578,107378,5.415122827818741,0.15517657480855468
908,0.1042857142857142,0,12,0,21027,584583,578,107378,5.4150116714216905,0.15517926588348188
909,0.1042857142857143,0,1,0,21028,584582,578,107378,5.415002408388602,0.15517949014393895
910,0.1043333333333333,0,9,0,21037,584573,578,107378,5.414919041090815,0.1551815085172216
911,0.104345238095238,0,1,0,21038,584572,578,107378,5.414909778057727,0.1551817327841607
912,0.1044230769230769,0,1,0,21039,584571,578,107378,5.41490051502464,0.15518195705174803
913,0.1044444444444444,0,1,0,21040,584570,578,107378,5.414891251991552,0.15518218131998357
914,0.1044523809523809,0,2,0,21042,584568,578,107378,5.414872725925377,0.15518262985839937
915,0.1044761904761904,1,1,1,21043,584567,579,107377,5.414863462892289,0.15518163319574996
916,0.1045,1,9,1,21052,584558,580,107376,5.414780095594502,0.15518243069425697
917,0.1045238095238095,0,2,0,21054,584556,580,107376,5.414761569528326,0.1551828792424689
918,0.1046666666666666,0,14,0,21068,584542,580,107376,5.4146318870651005,0.15518601915255853
919,0.1047142857142857,0,2,0,21070,584540,580,107376,5.414613360998925,0.15518646772151534
920,0.1047619047619047,0,2,0,21072,584538,580,107376,5.414594834932751,0.15518691629306533
921,0.1048076923076923,0,1,0,21073,584537,580,107376,5.4145855718996625,0.15518714057981278
922,0.1048333333333333,0,3,0,21076,584534,580,107376,5.4145577828004,0.15518781344394503
923,0.1048571428571428,0,1,0,21077,584533,580,107376,5.414548519767313,0.15518803773328574
924,0.1049999999999999,0,4,0,21081,584529,580,107376,5.414511467634963,0.15518893489713184
925,0.105,16,529,16,21610,584000,596,107360,5.409611323131646,0.15528812774820644
926,0.1051666666666666,0,2,0,21612,583998,596,107360,5.409592797065471,0.15528857697459203
927,0.1052142857142857,1,1,1,21613,583997,597,107359,5.409583534032383,0.15528757977076932
928,0.1052380952380952,0,1,0,21614,583996,597,107359,5.409574270999296,0.1552878043841442
929,0.1052777777777777,0,5,0,21619,583991,597,107359,5.409527955833858,0.15528892746076517
930,0.1053333333333333,2,14,2,21633,583977,599,107357,5.409398273370632,0.15528962845744604
931,0.1053571428571428,0,3,0,21636,583974,599,107357,5.40937048427137,0.15529030232985358
932,0.1054761904761904,1,3,1,21639,583971,600,107356,5.409342695172107,0.1552897543420118
933,0.1054999999999999,0,5,0,21644,583966,600,107356,5.409296380006669,0.15529087747822287
934,0.1055,0,1,0,21645,583965,600,107356,5.409287116973582,0.15529110210741465
935,0.1055238095238095,0,1,0,21646,583964,600,107356,5.409277853940495,0.15529132673725626
936,0.1055555555555555,0,2,0,21648,583962,600,107356,5.409259327874319,0.15529177599888908
937,0.1055833333333333,0,3,0,21651,583959,600,107356,5.409231538775057,0.1552924498962123
938,0.1056666666666666,1,10,1,21661,583949,601,107355,5.409138908444181,0.15529347436149654
939,0.1056904761904762,0,2,0,21663,583947,601,107355,5.409120382378006,0.15529392363974065
940,0.1058071095571095,0,4,0,21667,583943,601,107355,5.409083330245656,0.1552948222040278
941,0.1058333333333333,1,34,1,21701,583909,602,107354,5.408768387120679,0.1553012384577216
942,0.1059047619047619,0,1,0,21702,583908,602,107354,5.408759124087592,0.1553014631210742
943,0.1059285714285714,0,1,0,21703,583907,602,107354,5.4087498610545035,0.15530168778507683
944,0.1059523809523809,0,3,0,21706,583904,602,107354,5.408722071955241,0.1553023617809848
945,0.106,0,61,0,21767,583843,602,107354,5.4081570269369,0.1553160676333954
946,0.106060606060606,0,1,0,21768,583842,602,107354,5.408147763903813,0.15531629233965474
947,0.1060714285714285,0,1,0,21769,583841,602,107354,5.4081385008707255,0.1553165170465643
948,0.1061666666666666,0,2,0,21771,583839,602,107354,5.40811997480455,0.15531696646233398
949,0.1061904761904761,0,1,0,21772,583838,602,107354,5.408110711771463,0.1553171911711941
950,0.10625,0,3,0,21775,583835,602,107354,5.408082922672199,0.1553178653016758
951,0.1063095238095238,0,1,0,21776,583834,602,107354,5.408073659639112,0.1553180900131368
952,0.1063333333333333,0,6,0,21782,583828,602,107354,5.408018081440587,0.15531943829555747
953,0.1064285714285714,0,3,0,21785,583825,602,107354,5.407990292341324,0.15532011244554594
954,0.1065,1,9,1,21794,583816,603,107353,5.4079069250435365,0.15532091283029187
955,0.1065714285714285,0,1,0,21795,583815,603,107353,5.407897662010448,0.15532113755266447
956,0.1066190476190476,0,1,0,21796,583814,603,107353,5.407888398977361,0.15532136227568735
957,0.1066428571428571,0,1,0,21797,583813,603,107353,5.407879135944274,0.1553215869993605
958,0.1066666666666666,7,247,7,22044,583566,610,107346,5.405591166771647,0.15536855634292066
959,0.1067619047619047,1,1,1,22045,583565,611,107345,5.40558190373856,0.15536755872689642
960,0.1067857142857142,0,4,0,22049,583561,611,107345,5.40554485160621,0.15536845822731313
961,0.1068333333333333,0,2,0,22051,583559,611,107345,5.405526325540035,0.15536890798142722
962,0.1069047619047619,0,1,0,22052,583558,611,107345,5.405517062506947,0.15536913285946075
963,0.1069696969696969,0,1,0,22053,583557,611,107345,5.40550779947386,0.1553693577381452
964,0.107,1,20,1,22073,583537,612,107344,5.405322538812109,0.15537263291362768
965,0.1070238095238095,0,1,0,22074,583536,612,107344,5.405313275779021,0.15537285780453913
966,0.1071428571428571,0,1,0,22075,583535,612,107344,5.405304012745933,0.15537308269610164
967,0.1071666666666666,0,4,0,22079,583531,612,107344,5.4052669606135835,0.15537398226886195
968,0.1071904761904761,0,1,0,22080,583530,612,107344,5.405257697580495,0.15537420716367964
969,0.1072222222222222,0,1,0,22081,583529,612,107344,5.405248434547408,0.15537443205914836
970,0.1073095238095238,0,1,0,22082,583528,612,107344,5.405239171514321,0.15537465695526811
971,0.1073333333333333,0,33,0,22115,583495,612,107344,5.404933491422431,0.15538207889247713
972,0.1073809523809523,0,1,0,22116,583494,612,107344,5.404924228389344,0.1553823038107342
973,0.1074999999999999,0,1,0,22117,583493,612,107344,5.404914965356256,0.15538252872964245
974,0.1075,6,113,6,22230,583380,618,107338,5.403868242617363,0.155400612116667
975,0.1075151515151515,0,2,0,22232,583378,618,107338,5.403849716551187,0.15540106208629886
976,0.1075833333333333,0,1,0,22233,583377,618,107338,5.4038404535181,0.15540128707209197
977,0.1076190476190476,0,5,0,22238,583372,618,107338,5.403794138352662,0.15540241201082944
978,0.1076666666666666,0,6,0,22244,583366,618,107338,5.403738560154137,0.15540376195881303
979,0.1077499999999999,0,1,0,22245,583365,618,107338,5.403729297121049,0.15540398695242383
980,0.1077579365079365,0,1,0,22246,583364,618,107338,5.403720034087962,0.15540421194668613
981,0.1078095238095238,0,1,0,22247,583363,618,107338,5.403710771054874,0.15540443694159992
982,0.1078174603174603,0,2,0,22249,583361,618,107338,5.403692244988699,0.15540488693338197
983,0.1078354978354978,1,3,1,22252,583358,619,107337,5.4036644558894364,0.15540433910771034
984,0.1078571428571428,0,2,0,22254,583356,619,107337,5.403645929823261,0.15540478910311817
985,0.108,3,19,3,22273,583337,622,107334,5.403469932194597,0.15540539562251782
986,0.1080555555555555,0,1,0,22274,583336,622,107334,5.40346066916151,0.15540562062924407
987,0.1080952380952381,0,2,0,22276,583334,622,107334,5.403442143095335,0.15540607064465126
988,0.1081666666666666,0,7,0,22283,583327,622,107334,5.403377301863722,0.15540764571910098
989,0.1083333333333333,4,113,4,22396,583214,626,107330,5.402330579124829,0.15542818415625942
990,0.1085,0,7,0,22403,583207,626,107330,5.402265737893216,0.15542975973771136
991,0.1085714285714285,0,1,0,22404,583206,626,107330,5.4022564748601285,0.15542998482338358
992,0.1086363636363636,0,1,0,22405,583205,626,107330,5.40224721182704,0.15543020990970768
993,0.1086666666666666,0,18,0,22423,583187,626,107330,5.402080477231465,0.15543426157502277
994,0.1086904761904762,0,1,0,22424,583186,626,107330,5.4020712141983775,0.15543448667373386
995,0.1087142857142857,0,1,0,22425,583185,626,107330,5.402061951165289,0.1554347117730969
996,0.10875,0,3,0,22428,583182,626,107330,5.402034162066027,0.1554353870750979
997,0.1089999999999999,0,3,0,22431,583179,626,107330,5.402006372966764,0.15543606238296676
998,0.109,3,18,3,22449,583161,629,107327,5.401839638371189,0.1554364449490795
999,0.109047619047619,0,1,0,22450,583160,629,107327,5.4018303753381005,0.15543667006040665
1000,0.1091666666666666,0,24,0,22474,583136,629,107327,5.401608062544,0.15544207292787593
1001,0.1092499999999999,2,1,2,22475,583135,631,107325,5.401598799510912,0.15543985169307417
1002,0.1092857142857142,0,3,0,22478,583132,631,107325,5.401571010411649,0.15544052707120068
1003,0.1093333333333333,1,5,1,22483,583127,632,107324,5.401524695246211,0.15544042951635959
1004,0.1093717948717948,0,1,0,22484,583126,632,107324,5.401515432213124,0.15544065464552104
1005,0.1094285714285714,0,2,0,22486,583124,632,107324,5.401496906146948,0.1554411049058003
1006,0.1094891774891774,0,2,0,22488,583122,632,107324,5.401478380080774,0.15544155516868807
1007,0.1094999999999999,0,3,0,22491,583119,632,107324,5.401450590981511,0.15544223056791076
1008,0.1095,0,1,0,22492,583118,632,107324,5.401441327948423,0.15544245570228926
1009,0.1095238095238095,0,1,0,22493,583117,632,107324,5.401432064915336,0.1554426808373199
1010,0.1095833333333333,0,3,0,22496,583114,632,107324,5.401404275816073,0.1554433562463248
1011,0.1096666666666666,0,3,0,22499,583111,632,107324,5.401376486716811,0.1554440316611991
1012,0.1096666666666667,2,1,2,22500,583110,634,107322,5.401367223683723,0.1554418103448276
1013,0.1097142857142857,0,2,0,22502,583108,634,107322,5.401348697617548,0.1554422606201932
1014,0.1098214285714285,0,1,0,22503,583107,634,107322,5.40133943458446,0.15544248575885428
1015,0.1098333333333333,0,1,0,22504,583106,634,107322,5.401330171551373,0.15544271089816752
1016,0.1098571428571428,0,2,0,22506,583104,634,107322,5.4013116454851975,0.1554431611787505
1017,0.1099999999999999,0,4,0,22510,583100,634,107322,5.401274593352848,0.1554440617477427
1018,0.11,57,1878,57,24388,581222,691,107265,5.383878617214421,0.1557981486941656
1019,0.110095238095238,0,1,0,24389,581221,691,107265,5.383869354181333,0.15579837498511226
1020,0.1101190476190476,0,2,0,24391,581219,691,107265,5.3838508281151585,0.15579882756897764
1021,0.1101666666666666,0,7,0,24398,581212,691,107265,5.383785986883545,0.1558004116332136
1022,0.1101794871794871,1,3,1,24401,581209,692,107264,5.3837581977842826,0.15579986433745405
1023,0.1103095238095238,0,1,0,24402,581208,692,107264,5.383748934751195,0.15580009063549424
1024,0.1103333333333333,0,6,0,24408,581202,692,107264,5.383693356552669,0.15580144843754085
1025,0.1103571428571428,0,1,0,24409,581201,692,107264,5.383684093519582,0.15580167474018286
1026,0.1104166666666666,0,1,0,24410,581200,692,107264,5.383674830486495,0.1558019010434823
1027,0.1104761904761904,0,4,0,24414,581196,692,107264,5.383637778354144,0.1558028062632542
1028,0.1105,0,9,0,24423,581187,692,107264,5.383554411056356,0.15580484304620082
1029,0.1106666666666666,1,24,1,24447,581163,693,107263,5.383332098262255,0.15580904846708288
1030,0.1107142857142857,1,1,1,24448,581162,694,107262,5.383322835229167,0.1558080485282326
1031,0.1107499999999999,0,1,0,24449,581161,694,107262,5.38331357219608,0.15580827485426837
1032,0.1108333333333333,3,38,3,24487,581123,697,107259,5.382961576938753,0.15581319674250635
1033,0.1109128787878788,0,1,0,24488,581122,697,107259,5.382952313905665,0.15581342308982962
1034,0.1109523809523809,0,2,0,24490,581120,697,107259,5.38293378783949,0.15581387578644904
1035,0.1109761904761904,0,1,0,24491,581119,697,107259,5.382924524806403,0.15581410213574517
1036,0.1109999999999999,0,2,0,24493,581117,697,107259,5.3829059987402275,0.15581455483631038
1037,0.111,2,20,2,24513,581097,699,107257,5.3827207380784765,0.1558166292343765
1038,0.1110119047619047,0,2,0,24515,581095,699,107257,5.382702212012301,0.15581708195806795
1039,0.111047619047619,0,2,0,24517,581093,699,107257,5.382683685946126,0.15581753468439022
1040,0.1111666666666666,0,2,0,24519,581091,699,107257,5.382665159879951,0.15581798741334324
1041,0.1111904761904761,0,3,0,24522,581088,699,107257,5.382637370780689,0.15581866651170562
1042,0.11125,0,4,0,24526,581084,699,107257,5.382600318648338,0.15581957198539678
1043,0.1112619047619047,0,1,0,24527,581083,699,107257,5.382591055615251,0.15581979835546386
1044,0.1113333333333333,0,6,0,24533,581077,699,107257,5.3825354774167256,0.15582115658967885
1045,0.1114285714285714,0,4,0,24537,581073,699,107257,5.382498425284375,0.15582206209231036
1046,0.1114848484848484,1,1,1,24538,581072,700,107256,5.382489162251288,0.1558210620518125
1047,0.1115,0,7,0,24545,581065,700,107256,5.382424321019674,0.15582264670117577
1048,0.111547619047619,0,2,0,24547,581063,700,107256,5.3824057949535,0.15582309946405665
1049,0.1116666666666666,5,115,5,24662,580948,705,107251,5.381340546148431,0.15584300471229978
1050,0.1117857142857143,0,1,0,24663,580947,705,107251,5.381331283115343,0.15584323116312457
1051,0.1118333333333333,0,1,0,24664,580946,705,107251,5.381322020082256,0.15584345761460744
1052,0.1119444444444444,0,1,0,24665,580945,705,107251,5.381312757049169,0.15584368406674842
1053,0.1119523809523809,0,2,0,24667,580943,705,107251,5.381294230982993,0.1558441369730047
1054,0.1119999999999999,2,36,2,24703,580907,707,107249,5.380960761791841,0.15584983637431046
1055,0.112,0,1,0,24704,580906,707,107249,5.380951498758754,0.15585006284921274
1056,0.1121666666666666,0,1,0,24705,580905,707,107249,5.380942235725666,0.15585028932477324
1057,0.1121904761904761,0,1,0,24706,580904,707,107249,5.3809329726925785,0.15585051580099193
1058,0.1122222222222222,0,2,0,24708,580902,707,107249,5.380914446626403,0.15585096875540397
1059,0.1122447691197691,0,1,0,24709,580901,707,107249,5.380905183593316,0.15585119523359733
1060,0.1123333333333333,2,7,2,24716,580894,709,107247,5.380840342361703,0.1558503271858529
1061,0.1123809523809523,0,1,0,24717,580893,709,107247,5.380831079328615,0.1558505536664051
1062,0.1124285714285714,0,4,0,24721,580889,709,107247,5.3807940271962655,0.1558514595951963
1063,0.1124999999999999,1,2,1,24723,580887,710,107246,5.38077550113009,0.15585068584125453
1064,0.1125,8,135,8,24858,580752,718,107238,5.379524991663271,0.15587145161993635
1065,0.1126190476190476,0,1,0,24859,580751,718,107238,5.3795157286301825,0.15587167818090114
1066,0.1126666666666666,0,15,0,24874,580736,718,107238,5.3793767831338695,0.1558750766744092
1067,0.1128333333333333,1,5,1,24879,580731,719,107237,5.3793304679684315,0.15587498255732823
1068,0.1128571428571428,2,11,2,24890,580720,721,107235,5.379228574604468,0.15587502089526203
1069,0.1129047619047619,0,1,0,24891,580719,721,107235,5.379219311571381,0.1558752474729415
1070,0.1129166666666666,0,1,0,24892,580718,721,107235,5.379210048538293,0.15587547405127966
1071,0.1129999999999999,0,1,0,24893,580717,721,107235,5.379200785505206,0.15587570063027653
1072,0.113,0,15,0,24908,580702,721,107235,5.379061840008893,0.15587909939427594
1073,0.1131666666666666,0,5,0,24913,580697,721,107235,5.379015524843455,0.1558802323485461
1074,0.1132692307692307,0,1,0,24914,580696,721,107235,5.379006261810368,0.1558804589413764
1075,0.1133333333333333,18,273,18,25187,580423,739,107217,5.376477453777465,0.155920248967483
1076,0.1133571428571428,0,5,0,25192,580418,739,107217,5.376431138612027,0.15592138271030415
1077,0.1134238816738816,0,2,0,25194,580416,739,107217,5.3764126125458525,0.15592183621204916
1078,0.1134285714285714,0,1,0,25195,580415,739,107217,5.376403349512764,0.15592206296391092
1079,0.1134523809523809,0,3,0,25198,580412,739,107217,5.376375560413502,0.15592274322345334
1080,0.1134999999999999,1,6,1,25204,580406,740,107216,5.3763199822149765,0.15592287623141785
1081,0.1135,0,3,0,25207,580403,740,107216,5.376292193115714,0.15592355650440143
1082,0.1135833333333333,0,1,0,25208,580402,740,107216,5.376282930082627,0.15592378326338172
1083,0.1136111111111111,0,2,0,25210,580400,740,107216,5.376264404016451,0.15592423678332093
1084,0.1136666666666666,0,6,0,25216,580394,740,107216,5.376208825817926,0.15592559735896802
1085,0.1136904761904761,0,2,0,25218,580392,740,107216,5.376190299751751,0.15592605088946027
1086,0.1136904761904762,0,1,0,25219,580391,740,107216,5.3761810367186635,0.15592627765569578
1087,0.11375,0,1,0,25220,580390,740,107216,5.376171773685575,0.15592650442259084
1088,0.1138095238095238,0,1,0,25221,580389,740,107216,5.376162510652488,0.1559267311901455
1089,0.1138333333333333,0,3,0,25224,580386,740,107216,5.376134721553226,0.15592741149676703
1090,0.1138571428571428,1,0,1,25224,580386,741,107215,5.376134721553226,0.15592618393516008
1091,0.1139166666666666,0,2,0,25226,580384,741,107215,5.37611619548705,0.15592663747329474
1092,0.1139285714285714,0,1,0,25227,580383,741,107215,5.376106932453963,0.1559268642433515
1093,0.1139523809523809,0,1,0,25228,580382,741,107215,5.376097669420875,0.15592709101406782
1094,0.114,4,61,4,25289,580321,745,107211,5.375532624402535,0.15593601461459247
1095,0.1141190476190476,0,4,0,25293,580317,745,107211,5.375495572270184,0.15593692184172864
1096,0.1141666666666666,1,30,1,25323,580287,746,107210,5.375217681277557,0.15594249865817597
1097,0.1142857142857142,0,12,0,25335,580275,746,107210,5.375106524880507,0.1559452206229954
1098,0.1143181818181818,0,1,0,25336,580274,746,107210,5.3750972618474195,0.1559454474576863
1099,0.1143333333333333,0,9,0,25345,580265,746,107210,5.375013894549632,0.15594748899959998
1100,0.1144166666666666,0,2,0,25347,580263,746,107210,5.374995368483456,0.1559479426828399
1101,0.1144285714285714,0,2,0,25349,580261,746,107210,5.374976842417281,0.15594839636871954
1102,0.1144444444444444,0,1,0,25350,580260,746,107210,5.374967579384194,0.15594862321264927
1103,0.1144761904761904,0,3,0,25353,580257,746,107210,5.374939790284931,0.1559493037483981
1104,0.1144999999999999,0,4,0,25357,580253,746,107210,5.3749027381525805,0.15595021113863583
1105,0.1145238095238095,0,2,0,25359,580251,746,107210,5.374884212086406,0.15595066483771444
1106,0.1145833333333333,0,2,0,25361,580249,746,107210,5.374865686020231,0.1559511185394329
1107,0.1146666666666666,1,3,1,25364,580246,747,107209,5.374837896920968,0.1559505713101221
1108,0.1147373737373737,0,3,0,25367,580243,747,107209,5.374810107821705,0.1559512518692214
1109,0.1147777777777778,0,1,0,25368,580242,747,107209,5.374800844788617,0.15595147872357448
1110,0.1147857142857143,0,1,0,25369,580241,747,107209,5.37479158175553,0.15595170557858754
1111,0.1148333333333333,0,4,0,25373,580237,747,107209,5.37475452962318,0.1559526130052397
1112,0.1148571428571428,1,1,1,25374,580236,748,107208,5.374745266590092,0.15595161205858224
1113,0.1148809523809523,0,2,0,25376,580234,748,107208,5.374726740523917,0.15595206577427623
1114,0.1149047619047619,0,2,0,25378,580232,748,107208,5.374708214457742,0.15595251949261027
1115,0.1149166666666666,0,1,0,25379,580231,748,107208,5.374698951424654,0.1559527463527673
1116,0.1149999999999999,1,12,1,25391,580219,749,107207,5.374587795027604,0.1559542408928379
1117,0.115,21,571,21,25962,579648,770,107186,5.36929860313461,0.15605808681573713
1118,0.1151666666666666,0,6,0,25968,579642,770,107186,5.369243024936085,0.15605945010978003
1119,0.1152380952380952,0,1,0,25969,579641,770,107186,5.369233761902998,0.1560596773277696
1120,0.1152777777777777,0,2,0,25971,579639,770,107186,5.369215235836823,0.15606013176573363
1121,0.115297619047619,0,2,0,25973,579637,770,107186,5.369196709770647,0.15606058620634428
1122,0.1153333333333333,1,10,1,25983,579627,771,107185,5.369104079439772,0.15606162967449608
1123,0.1155,0,3,0,25986,579624,771,107185,5.369076290340509,0.15606231135585003
1124,0.1155555555555555,0,2,0,25988,579622,771,107185,5.369057764274334,0.15606276581339446
1125,0.115595238095238,0,2,0,25990,579620,771,107185,5.369039238208159,0.15606322027358566
1126,0.1156666666666666,0,4,0,25994,579616,771,107185,5.369002186075809,0.15606412920190857
1127,0.1157142857142857,1,7,1,26001,579609,772,107184,5.368937344844196,0.15606449104752088
1128,0.1158333333333333,0,41,0,26042,579568,772,107184,5.368557560487606,0.15607380830343415
1129,0.1159523809523809,0,2,0,26044,579566,772,107184,5.368539034421431,0.15607426283218057
1130,0.1159999999999999,5,58,5,26102,579508,777,107179,5.368001778502353,0.1560813005051792
1131,0.116,0,1,0,26103,579507,777,107179,5.367992515469266,0.15608152780164442
1132,0.1160714285714285,0,1,0,26104,579506,777,107179,5.3679832524361775,0.15608175509877165
1133,0.1160833333333333,0,1,0,26105,579505,777,107179,5.36797398940309,0.15608198239656088
1134,0.1161666666666666,0,2,0,26107,579503,777,107179,5.367955463336915,0.15608243699412538
1135,0.1161904761904761,0,4,0,26111,579499,777,107179,5.367918411204565,0.15608334619719869
1136,0.1161904761904762,0,2,0,26113,579497,777,107179,5.36789988513839,0.15608380080270753
1137,0.1162380952380952,0,2,0,26115,579495,777,107179,5.367881359072214,0.15608425541086454
1138,0.11625,0,1,0,26116,579494,777,107179,5.367872096039127,0.1560844827159361
1139,0.1162727272727272,1,2,1,26118,579492,778,107178,5.367853569972952,0.15608370833151294
1140,0.1163095238095238,0,2,0,26120,579490,778,107178,5.367835043906777,0.15608416294337293
1141,0.1163333333333333,0,4,0,26124,579486,778,107178,5.3677979917744265,0.15608507217503756
1142,0.1163888888888888,0,2,0,26126,579484,778,107178,5.367779465708251,0.1560855267948423
1143,0.1164285714285714,0,1,0,26127,579483,778,107178,5.367770202675164,0.15608575410573777
1144,0.1164999999999999,0,1,0,26128,579482,778,107178,5.367760939642077,0.15608598141729532
1145,0.1165,0,9,0,26137,579473,778,107178,5.367677572344288,0.15608802725110718
1146,0.1165021645021645,0,1,0,26138,579472,778,107178,5.367668309311201,0.15608825456928566
1147,0.1166666666666666,8,300,8,26438,579172,786,107170,5.364889399384935,0.15614664409288664
1148,0.1167142857142857,0,1,0,26439,579171,786,107170,5.3648801363518475,0.15614687159881166
1149,0.1167857142857142,0,1,0,26440,579170,786,107170,5.364870873318759,0.15614709910539964
1150,0.1168333333333333,0,5,0,26445,579165,786,107170,5.364824558153321,0.156148236648284
1151,0.1169166666666666,0,3,0,26448,579162,786,107170,5.364796769054059,0.15614891918197024
1152,0.1169285714285714,0,1,0,26449,579161,786,107170,5.3647875060209715,0.15614914669452495
1153,0.1169761904761904,0,1,0,26450,579160,786,107170,5.364778242987884,0.15614937420774264
1154,0.1169999999999999,1,18,1,26468,579142,787,107169,5.364611508392308,0.1561522400194664
1155,0.117095238095238,0,2,0,26470,579140,787,107169,5.3645929823261325,0.15615269506883925
1156,0.1171212121212121,0,3,0,26473,579137,787,107169,5.36456519322687,0.15615337764787135
1157,0.1171428571428571,0,3,0,26476,579134,787,107169,5.364537404127607,0.1561540602328709
1158,0.1171666666666666,0,4,0,26480,579130,787,107169,5.364500351995257,0.15615497035548645
1159,0.11725,0,1,0,26481,579129,787,107169,5.36449108896217,0.15615519788779803
1160,0.1173333333333333,0,15,0,26496,579114,787,107169,5.364352143465856,0.15615861095204164
1161,0.1173809523809523,0,1,0,26497,579113,787,107169,5.364342880432769,0.1561588384949627
1162,0.1174285714285714,0,2,0,26499,579111,787,107169,5.364324354366594,0.1561592935827942
1163,0.1174523809523809,0,4,0,26503,579107,787,107169,5.364287302234244,0.15616020376641468
1164,0.1175,8,139,8,26642,578968,795,107161,5.362999740635074,0.1561820007607899
1165,0.1175833333333333,0,1,0,26643,578967,795,107161,5.362990477601986,0.15618222838887205
1166,0.1176309523809523,0,1,0,26644,578966,795,107161,5.362981214568898,0.15618245601761774
1167,0.1176666666666666,1,10,1,26654,578956,796,107160,5.362888584238023,0.15618350249811985
1168,0.1176785714285714,0,1,0,26655,578955,796,107160,5.362879321204935,0.1561837301327037
1169,0.1178333333333333,0,1,0,26656,578954,796,107160,5.362870058171848,0.1561839577679511
1170,0.1178571428571428,0,4,0,26660,578950,796,107160,5.362833006039498,0.1561848683155762
1171,0.1179166666666666,0,2,0,26662,578948,796,107160,5.362814479973323,0.15618532359337015
1172,0.1179761904761904,0,1,0,26663,578947,796,107160,5.3628052169402345,0.15618555123326244
1173,0.118,1,33,1,26696,578914,797,107159,5.362499536848346,0.15619183381360294
1174,0.1180952380952381,0,2,0,26698,578912,797,107159,5.3624810107821705,0.15619228913625557
1175,0.1181666666666666,0,7,0,26705,578905,797,107159,5.362416169550557,0.15619388278644558
1176,0.11825,0,1,0,26706,578904,797,107159,5.36240690651747,0.15619411045341317
1177,0.1183333333333333,7,145,7,26851,578759,804,107152,5.3610637667197745,0.1562185181459402
1178,0.1183809523809523,0,2,0,26853,578757,804,107152,5.3610452406536,0.15621897365393952
1179,0.1185,0,6,0,26859,578751,804,107152,5.360989662455074,0.15622034019387582
1180,0.118531746031746,0,2,0,26861,578749,804,107152,5.360971136388899,0.15622079571250078
1181,0.1186666666666666,2,9,2,26870,578740,806,107150,5.360887769091111,0.15622038519296097
1182,0.11875,1,2,1,26872,578738,807,107149,5.360869243024936,0.15621961051893388
1183,0.1187738095238095,1,2,1,26874,578736,808,107148,5.360850716958761,0.15621883583813007
1184,0.1188095238095238,0,3,0,26877,578733,808,107148,5.360822927859498,0.15621951912941165
1185,0.1188333333333333,0,2,0,26879,578731,808,107148,5.360804401793323,0.15621997466025347
1186,0.1188888888888888,0,2,0,26881,578729,808,107148,5.3607858757271485,0.15622043019375195
1187,0.1188928571428571,0,2,0,26883,578727,808,107148,5.360767349660973,0.15622088572990706
1188,0.1189285714285714,0,1,0,26884,578726,808,107148,5.360758086627885,0.15622111349898085
1189,0.119,2,22,2,26906,578704,810,107146,5.36055429989996,0.15622366406648683
1190,0.119047619047619,0,3,0,26909,578701,810,107146,5.360526510800697,0.15622434741276114
1191,0.1191666666666666,0,40,0,26949,578661,810,107146,5.360155989477194,0.15623345926769486
1192,0.11925,0,3,0,26952,578658,810,107146,5.360128200377932,0.15623414269966346
1193,0.1192857142857142,0,3,0,26955,578655,810,107146,5.360100411278669,0.15623482613761136
1194,0.1193333333333333,1,11,1,26966,578644,811,107145,5.359998517914706,0.15623610177474412
1195,0.1194999999999999,0,2,0,26968,578642,811,107145,5.3599799918485305,0.15623655741505746
1196,0.1195,0,5,0,26973,578637,811,107145,5.359933676683093,0.1562376965274679
1197,0.1195238095238095,0,3,0,26976,578634,811,107145,5.359905887583831,0.15623838000288723
1198,0.1195454545454545,0,1,0,26977,578633,811,107145,5.359896624550743,0.15623860782935586
1199,0.1195833333333333,1,1,1,26978,578632,812,107144,5.359887361517655,0.15623760528219127
1200,0.119595238095238,0,1,0,26979,578631,812,107144,5.359878098484568,0.15623783310852685
1201,0.1196666666666666,0,4,0,26983,578627,812,107144,5.3598410463522175,0.15623874442051355
1202,0.1196904761904762,0,4,0,26987,578623,812,107144,5.359803994219868,0.15623965574313142
1203,0.1196969696969697,0,1,0,26988,578622,812,107144,5.3597947311867795,0.15623988357544702
1204,0.11975,0,1,0,26989,578621,812,107144,5.359785468153692,0.15624011140842708
1205,0.1198095238095238,0,1,0,26990,578620,812,107144,5.359776205120605,0.15624033924207162
1206,0.1198333333333333,0,6,0,26996,578614,812,107144,5.359720626922079,0.15624170625789272
1207,0.1198571428571428,0,1,0,26997,578613,812,107144,5.359711363888992,0.15624193409618858
1208,0.1199166666666666,0,3,0,27000,578610,812,107144,5.359683574789729,0.15624261761506314
1209,0.1199999999999999,0,9,0,27009,578601,812,107144,5.359600207491941,0.15624466820756988
1210,0.12,64,1960,64,28969,576641,876,107080,5.341444662640335,0.15661358946119835
1211,0.120047619047619,0,1,0,28970,576640,876,107080,5.3414353996072474,0.15661381852220208
1212,0.1201666666666666,0,3,0,28973,576637,876,107080,5.341407610507985,0.1566145057092335
1213,0.1201785714285714,0,3,0,28976,576634,876,107080,5.341379821408722,0.1566151929022954
1214,0.1202777777777777,0,1,0,28977,576633,876,107080,5.341370558375634,0.1566154219679895
1215,0.1202857142857143,1,1,1,28978,576632,877,107079,5.341361295342547,0.15661441749511124
1216,0.1203333333333333,0,10,0,28988,576622,877,107079,5.341268665011672,0.15661670818091533
1217,0.1203571428571428,0,2,0,28990,576620,877,107079,5.3412501389454965,0.1566171663261172
1218,0.1203809523809523,0,2,0,28992,576618,877,107079,5.341231612879321,0.15661762447399943
1219,0.1204166666666666,0,1,0,28993,576617,877,107079,5.341222349846234,0.15661785354894572
1220,0.1204761904761904,0,3,0,28996,576614,877,107079,5.341194560746971,0.15661854077780524
1221,0.1205,1,7,1,29003,576607,878,107078,5.341129719515358,0.15661891075568427
1222,0.1205238095238095,0,3,0,29006,576604,878,107078,5.341101930416095,0.1566195980002399
1223,0.1205454545454545,0,2,0,29008,576602,878,107078,5.34108340434992,0.15662005616662766
1224,0.120547619047619,0,2,0,29010,576600,878,107078,5.3410648782837455,0.15662051433569604
1225,0.1206666666666666,0,12,0,29022,576588,878,107078,5.340953721886694,0.1566232634064002
1226,0.1207142857142857,0,2,0,29024,576586,878,107078,5.34093519582052,0.15662372159423343
1227,0.12075,0,2,0,29026,576584,878,107078,5.340916669754344,0.15662417978474744
1228,0.1208333333333333,3,56,3,29082,576528,881,107075,5.340397939901441,0.1566333090989946
1229,0.1208571428571428,0,1,0,29083,576527,881,107075,5.340388676868354,0.15663353822838436
1230,0.1209090909090909,0,1,0,29084,576526,881,107075,5.340379413835266,0.15663376735844448
1231,0.1209523809523809,0,1,0,29085,576525,881,107075,5.340370150802179,0.15663399648917495
1232,0.121,0,16,0,29101,576509,881,107075,5.340221942272778,0.15663766267203447
1233,0.121047619047619,2,2,2,29103,576507,883,107073,5.340203416206602,0.15663565347142983
1234,0.1211428571428571,0,1,0,29104,576506,883,107073,5.340194153173515,0.15663588261195854
1235,0.1211666666666666,0,6,0,29110,576500,883,107073,5.34013857497499,0.1566372574692096
1236,0.1211904761904761,0,1,0,29111,576499,883,107073,5.340129311941903,0.15663748661443125
1237,0.1211904761904762,0,1,0,29112,576498,883,107073,5.3401200489088145,0.15663771576032337
1238,0.1212380952380952,0,1,0,29113,576497,883,107073,5.340110785875727,0.1566379449068859
1239,0.12125,1,2,1,29115,576495,884,107072,5.340092259809552,0.15663716943620742
1240,0.1212857142857142,0,1,0,29116,576494,884,107072,5.340082996776465,0.15663739858331163
1241,0.1213333333333333,0,8,0,29124,576486,884,107072,5.340008892511764,0.15663923178428166
1242,0.1213809523809523,0,2,0,29126,576484,884,107072,5.339990366445589,0.1566396900912288
1243,0.1213888888888889,0,1,0,29127,576483,884,107072,5.3399811034125015,0.1566399192457081
1244,0.1214285714285714,0,3,0,29130,576480,884,107072,5.339953314313239,0.15664060671316887
1245,0.1214999999999999,0,1,0,29131,576479,884,107072,5.339944051280151,0.1566408358703301
1246,0.1215,0,7,0,29138,576472,884,107072,5.339879210048538,0.15664243998923258
1247,0.1216666666666666,2,141,2,29279,576331,886,107070,5.338573122383194,0.1566722905000139
1248,0.1217857142857142,0,3,0,29282,576328,886,107070,5.33854533328393,0.15667297826449594
1249,0.1218333333333333,0,5,0,29287,576323,886,107070,5.338499018118493,0.15667412455205132
1250,0.1218571428571428,0,1,0,29288,576322,886,107070,5.338489755085405,0.1566743538115752
1251,0.1219285714285714,0,1,0,29289,576321,886,107070,5.338480492052318,0.15667458307177004
1252,0.1219801587301587,1,2,1,29291,576319,887,107069,5.338461965986142,0.15667380755880994
1253,0.122,1,44,1,29335,576275,888,107068,5.33805439253029,0.15668266156234864
1254,0.1220238095238095,0,1,0,29336,576274,888,107068,5.3380451294972024,0.15668289085114043
1255,0.122047619047619,0,1,0,29337,576273,888,107068,5.338035866464115,0.1566831201406033
1256,0.1220833333333333,0,1,0,29338,576272,888,107068,5.338026603431027,0.15668334943073725
1257,0.1221428571428571,1,0,1,29338,576272,889,107067,5.338026603431027,0.1566821153190437
1258,0.1221587301587301,0,1,0,29339,576271,889,107067,5.33801734039794,0.1566823446083783
1259,0.1221666666666666,0,5,0,29344,576266,889,107067,5.337971025232502,0.15668349106511759
1260,0.1222222222222222,0,1,0,29345,576265,889,107067,5.337961762199415,0.15668372035847875
1261,0.1222857142857142,0,2,0,29347,576263,889,107067,5.337943236133239,0.15668417894721437
1262,0.1223333333333333,0,16,0,29363,576247,889,107067,5.337795027603838,0.15668784775374134
1263,0.1225,5,134,5,29497,576113,894,107062,5.336553781170107,0.15671240897281077
1264,0.1225396825396825,1,1,1,29498,576112,895,107061,5.336544518137019,0.15671140399283928
1265,0.1225833333333333,0,1,0,29499,576111,895,107061,5.336535255103931,0.15671163338075916
1266,0.1226666666666666,0,14,0,29513,576097,895,107061,5.336405572640706,0.15671484488215026
1267,0.1226904761904762,0,1,0,29514,576096,895,107061,5.336396309607618,0.1567150742801435
1268,0.122797619047619,1,0,1,29514,576096,896,107060,5.336396309607618,0.15671383988430168
1269,0.1228333333333333,0,4,0,29518,576092,896,107060,5.336359257475268,0.15671475747710611
1270,0.1228571428571428,0,11,0,29529,576081,896,107060,5.3362573641113045,0.1567172809127252
1271,0.1228888888888889,0,2,0,29531,576079,896,107060,5.336238838045129,0.15671773972793238
1272,0.1229166666666666,1,0,1,29531,576079,897,107059,5.336238838045129,0.15671650530346723
1273,0.123,0,13,0,29544,576066,897,107059,5.3361184186149915,0.15671948764867338
1274,0.1230714285714285,0,1,0,29545,576065,897,107059,5.336109155581903,0.15671971706454466
1275,0.1230952380952381,0,2,0,29547,576063,897,107059,5.336090629515729,0.1567201758983022
1276,0.1231666666666666,0,3,0,29550,576060,897,107059,5.336062840416466,0.1567208641539761
1277,0.1232142857142857,0,3,0,29553,576057,897,107059,5.336035051317204,0.15672155241569513
1278,0.1233333333333333,12,304,12,29857,575753,909,107047,5.333219089258587,0.15677650849443467
1279,0.1233809523809523,0,2,0,29859,575751,909,107047,5.3332005631924115,0.1567769677122663
1280,0.1234285714285714,0,1,0,29860,575750,909,107047,5.333191300159324,0.15677719732219092
1281,0.1234999999999999,0,1,0,29861,575749,909,107047,5.333182037126236,0.15677742693278812
1282,0.1235,0,7,0,29868,575742,909,107047,5.333117195894624,0.15677903422580036
1283,0.1235555555555555,0,1,0,29869,575741,909,107047,5.3331079328615365,0.15677926384177812
1284,0.1236190476190476,0,2,0,29871,575739,909,107047,5.333089406795361,0.15677972307575141
1285,0.1236363636363636,0,2,0,29873,575737,909,107047,5.333070880729186,0.15678018231241506
1286,0.1236666666666666,0,13,0,29886,575724,909,107047,5.332950461299048,0.15678316741630796
1287,0.1236904761904761,0,1,0,29887,575723,909,107047,5.33294119826596,0.1567833970443927
1288,0.1236904761904762,0,2,0,29889,575721,909,107047,5.332922672199785,0.1567838563025801
1289,0.1237142857142857,0,1,0,29890,575720,909,107047,5.332913409166697,0.15678408593268275
1290,0.12375,0,6,0,29896,575714,909,107047,5.332857830968172,0.15678546372742438
1291,0.1238095238095238,0,2,0,29898,575712,909,107047,5.332839304901997,0.15678592299771954
1292,0.1238333333333333,0,6,0,29904,575706,909,107047,5.332783726703472,0.1567873008247492
1293,0.1239166666666666,0,1,0,29905,575705,909,107047,5.332774463670384,0.15678753046494187
1294,0.1239285714285714,0,1,0,29906,575704,909,107047,5.332765200637296,0.15678776010580725
1295,0.1239999999999999,0,5,0,29911,575699,909,107047,5.332718885471859,0.15678890832022452
1296,0.124,2,56,2,29967,575643,911,107045,5.332200155618956,0.15679929924064873
1297,0.124047619047619,2,1,2,29968,575642,913,107043,5.332190892585868,0.1567970586727407
1298,0.1241666666666666,0,46,0,30014,575596,913,107043,5.331764793063841,0.15680762452775185
1299,0.1242222222222222,0,1,0,30015,575595,913,107043,5.331755530030753,0.15680785423606655
1300,0.1242424242424242,0,1,0,30016,575594,913,107043,5.331746266997666,0.15680808394505424
1301,0.1242857142857142,1,10,1,30026,575584,914,107042,5.331653636666791,0.15680914585732159
1302,0.1243333333333333,0,12,0,30038,575572,914,107042,5.331542480269739,0.1568119024807578
1303,0.1243809523809523,0,1,0,30039,575571,914,107042,5.331533217236652,0.15681213220375234
1304,0.1244166666666666,0,2,0,30041,575569,914,107042,5.331514691170477,0.15681259165176067
1305,0.1245,0,6,0,30047,575563,914,107042,5.3314591129719515,0.15681397001193956
1306,0.1245238095238095,0,2,0,30049,575561,914,107042,5.331440586905776,0.15681442947071725
1307,0.1245833333333333,1,8,1,30057,575553,915,107041,5.331366482641076,0.15681503206884326
1308,0.1246666666666666,1,14,1,30071,575539,916,107040,5.33123680017785,0.1568170131222906
1309,0.1247380952380952,0,2,0,30073,575537,916,107040,5.331218274111675,0.15681747260748605
1310,0.1247619047619047,0,1,0,30074,575536,916,107040,5.331209011078587,0.1568177023510935
1311,0.1247857142857142,0,2,0,30076,575534,916,107040,5.331190485012413,0.15681816184032793
1312,0.1248333333333333,0,6,0,30082,575528,916,107040,5.331134906813888,0.1568195403241875
1313,0.1248571428571428,0,1,0,30083,575527,916,107040,5.3311256437807995,0.15681977007385356
1314,0.1248809523809523,0,1,0,30084,575526,916,107040,5.331116380747712,0.1568199998241928
1315,0.1249999999999999,1,14,1,30098,575512,917,107039,5.3309866982844865,0.15682198106808137
1316,0.125,28,637,28,30735,574875,945,107011,5.325086146207714,0.15693385697902582
1317,0.1250119047619047,0,1,0,30736,574874,945,107011,5.325076883174627,0.1569340871261283
1318,0.1250714285714285,0,1,0,30737,574873,945,107011,5.325067620141539,0.15693431727390583
1319,0.1251666666666666,1,6,1,30743,574867,946,107010,5.325012041943014,0.1569344617870965
1320,0.1252777777777778,0,1,0,30744,574866,946,107010,5.325002778909926,0.15693469193812365
1321,0.1252857142857142,0,1,0,30745,574865,946,107010,5.324993515876839,0.15693492208982585
1322,0.1253333333333333,0,16,0,30761,574849,946,107010,5.324845307347438,0.15693860460887074
1323,0.1253571428571428,0,2,0,30763,574847,946,107010,5.324826781281263,0.15693906493590298
1324,0.1254285714285714,0,1,0,30764,574846,946,107010,5.324817518248175,0.15693929510043175
1325,0.1255,1,5,1,30769,574841,947,107009,5.324771203082737,0.1569392095035565
1326,0.1255119047619047,0,4,0,30773,574837,947,107009,5.324734150950388,0.15694013017602215
1327,0.125525974025974,0,1,0,30774,574836,947,107009,5.3247248879172995,0.1569403603458264
1328,0.1255952380952381,0,1,0,30775,574835,947,107009,5.324715624884212,0.1569405905163058
1329,0.1256666666666666,1,15,1,30790,574820,948,107008,5.324576679387898,0.15694280669025032
1330,0.1257142857142857,0,9,0,30799,574811,948,107008,5.324493312090111,0.15694487833281268
1331,0.1257619047619047,0,1,0,30800,574810,948,107008,5.324484049057023,0.15694510851869561
1332,0.1257857142857142,0,1,0,30801,574809,948,107008,5.324474786023936,0.15694533870525376
1333,0.1257857142857143,0,1,0,30802,574808,948,107008,5.324465522990848,0.15694556889248712
1334,0.1258095238095238,0,1,0,30803,574807,948,107008,5.324456259957761,0.15694579908039571
1335,0.1258333333333333,0,31,0,30834,574776,948,107008,5.324169105932047,0.15695293524048673
1336,0.126,1,67,1,30901,574709,949,107007,5.32354848271518,0.15696712413967107
1337,0.1261666666666666,1,0,1,30901,574709,950,107006,5.32354848271518,0.15696588750430898
1338,0.1261904761904762,0,2,0,30903,574707,950,107006,5.323529956649005,0.15696634800861947
1339,0.12625,0,5,0,30908,574702,950,107006,5.323483641483567,0.15696749928121717
1340,0.1263333333333333,1,8,1,30916,574694,951,107005,5.323409537218867,0.1569681046913667
1341,0.1265,1,16,1,30932,574678,952,107004,5.323261328689466,0.1569705522516364
1342,0.1265079365079365,1,2,1,30934,574676,953,107003,5.323242802623291,0.15696977609696058
1343,0.1265714285714285,0,1,0,30935,574675,953,107003,5.323233539590204,0.15697000636664232
1344,0.1265952380952381,1,0,1,30935,574675,954,107002,5.323233539590204,0.1569687696665723
1345,0.1266666666666666,9,343,9,31278,574332,963,106993,5.320056319241172,0.1570366565148791
1346,0.1267142857142857,0,2,0,31280,574330,963,106993,5.320037793174997,0.15703711749052945
1347,0.1267777777777777,0,1,0,31281,574329,963,106993,5.32002853014191,0.15703734797936952
1348,0.1267857142857142,0,1,0,31282,574328,963,106993,5.3200192671088224,0.1570375784688862
1349,0.1268333333333333,0,6,0,31288,574322,963,106993,5.319963688910296,0.15703896142019477
1350,0.1269999999999999,0,1,0,31289,574321,963,106993,5.319954425877209,0.15703919191444768
1351,0.127,1,31,1,31320,574290,964,106992,5.319667271851495,0.15704510026684984
1352,0.1270238095238095,0,1,0,31321,574289,964,106992,5.319658008818408,0.15704533078127822
1353,0.1270833333333333,0,2,0,31323,574287,964,106992,5.319639482752232,0.15704579181216505
1354,0.1271428571428571,0,7,0,31330,574280,964,106992,5.319574641520619,0.15704740544158574
1355,0.1271666666666666,0,1,0,31331,574279,964,106992,5.319565378487532,0.15704763596278132
1356,0.1272222222222222,0,1,0,31332,574278,964,106992,5.319556115454445,0.15704786648465366
1357,0.1272619047619047,0,1,0,31333,574277,964,106992,5.3195468524213565,0.15704809700720274
1358,0.1272857142857142,0,1,0,31334,574276,964,106992,5.319537589388269,0.15704832753042855
1359,0.1273333333333333,0,19,0,31353,574257,964,106992,5.3193615917596055,0.15705270760030474
1360,0.1273571428571428,0,1,0,31354,574256,964,106992,5.319352328726518,0.15705293813706608
1361,0.1273809523809523,0,2,0,31356,574254,964,106992,5.319333802660343,0.15705339921261924
1362,0.1274999999999999,0,1,0,31357,574253,964,106992,5.319324539627256,0.15705362975141102
1363,0.1275,7,159,7,31516,574094,971,106985,5.317851717366334,0.15708163076530035
1364,0.1275238095238095,0,1,0,31517,574093,971,106985,5.317842454333247,0.15708186140207142
1365,0.1276190476190476,0,2,0,31519,574091,971,106985,5.317823928267072,0.15708232267764538
1366,0.1276428571428571,0,1,0,31520,574090,971,106985,5.317814665233985,0.15708255331644827
1367,0.1276666666666666,0,7,0,31527,574083,971,106985,5.317749824002371,0.1570841678070325
1368,0.1277222222222222,0,1,0,31528,574082,971,106985,5.317740560969284,0.1570843984512537
1369,0.12775,0,1,0,31529,574081,971,106985,5.317731297936196,0.1570846290961522
1370,0.1277738095238095,0,1,0,31530,574080,971,106985,5.317722034903109,0.15708485974172803
1371,0.1277777777777777,0,2,0,31532,574078,971,106985,5.317703508836933,0.1570853210349116
1372,0.1278333333333333,0,3,0,31535,574075,971,106985,5.317675719737671,0.15708601297976682
1373,0.1278571428571428,0,8,0,31543,574067,971,106985,5.31760161547297,0.15708785819584994
1374,0.1279166666666666,0,2,0,31545,574065,971,106985,5.317583089406796,0.15708831950664415
1375,0.1279404761904762,0,1,0,31546,574064,971,106985,5.317573826373708,0.15708855016305728
1376,0.128,4,37,4,31583,574027,975,106981,5.317231094149468,0.15709213401310998
1377,0.1280952380952381,1,1,1,31584,574026,976,106980,5.317221831116381,0.15709112695042335
1378,0.1281111111111111,0,1,0,31585,574025,976,106980,5.317212568083293,0.15709135762586177
1379,0.1281666666666666,1,5,1,31590,574020,977,106979,5.317166252917856,0.1570912732617816
1380,0.1282142857142857,0,3,0,31593,574017,977,106979,5.317138463818592,0.15709196529788721
1381,0.1282857142857142,0,2,0,31595,574015,977,106979,5.317119937752418,0.15709242665867834
1382,0.1283333333333333,4,153,4,31748,573862,981,106975,5.315702693690022,0.15712277681735864
1383,0.1283888888888888,0,2,0,31750,573860,981,106975,5.315684167623846,0.15712323837640543
1384,0.1284047619047619,0,1,0,31751,573859,981,106975,5.315674904590759,0.15712346915694575
1385,0.1284523809523809,0,1,0,31752,573858,981,106975,5.315665641557672,0.157123699938164
1386,0.1284722222222222,0,1,0,31753,573857,981,106975,5.315656378524584,0.15712393072006017
1387,0.1285,2,13,2,31766,573844,983,106973,5.315535959094446,0.15712445488288335
1388,0.1285238095238095,0,3,0,31769,573841,983,106973,5.315508169995184,0.15712514725020343
1389,0.1285555555555555,0,1,0,31770,573840,983,106973,5.3154989069620955,0.1571253780406661
1390,0.1286428571428571,0,1,0,31771,573839,983,106973,5.315489643929008,0.15712560883180673
1391,0.1286666666666666,1,8,1,31779,573831,984,106972,5.315415539664308,0.15712621712889044
1392,0.1287619047619047,1,3,1,31782,573828,985,106971,5.315387750565045,0.15712567145368897
1393,0.1287857142857142,0,4,0,31786,573824,985,106971,5.315350698432694,0.15712659464302764
1394,0.1288333333333333,0,1,0,31787,573823,985,106971,5.315341435399607,0.15712682544205736
1395,0.1288571428571429,0,1,0,31788,573822,985,106971,5.31533217236652,0.15712705624176512
1396,0.1288888888888889,0,2,0,31790,573820,985,106971,5.3153136463003445,0.15712751784321474
1397,0.1289444444444444,1,0,1,31790,573820,986,106970,5.3153136463003445,0.15712627976321628
1398,0.129,0,27,0,31817,573793,986,106970,5.31506354440698,0.15713251160829833
1399,0.129047619047619,0,2,0,31819,573791,986,106970,5.315045018340806,0.15713297324611722
1400,0.1290714285714286,1,0,1,31819,573791,987,106969,5.315045018340806,0.15713173511957224
1401,0.1291666666666666,2,37,2,31856,573754,989,106967,5.314702286116566,0.15713779948025697
1402,0.1292380952380952,0,1,0,31857,573753,989,106967,5.314693023083478,0.15713803032083676
1403,0.1292857142857142,0,2,0,31859,573751,989,106967,5.314674497017303,0.15713849200403104
1404,0.1293333333333333,0,21,0,31880,573730,989,106967,5.314479973322465,0.15714333984136847
1405,0.1294166666666666,0,1,0,31881,573729,989,106967,5.314470710289378,0.15714357069822651
1406,0.1294285714285714,0,1,0,31882,573728,989,106967,5.314461447256289,0.15714380155576285
1407,0.1294404761904762,0,1,0,31883,573727,989,106967,5.314452184223202,0.1571440324139775
1408,0.1294444444444444,0,1,0,31884,573726,989,106967,5.314442921190114,0.15714426327287045
1409,0.1295,1,6,1,31890,573720,990,106966,5.314387342991589,0.15714441019794737
1410,0.1295238095238095,0,7,0,31897,573713,990,106966,5.3143225017599764,0.15714602624732069
1411,0.129547619047619,0,1,0,31898,573712,990,106966,5.314313238726888,0.15714625711423022
1412,0.1295833333333333,0,1,0,31899,573711,990,106966,5.314303975693801,0.1571464879818181
1413,0.1295952380952381,0,2,0,31901,573709,990,106966,5.314285449627626,0.1571469497190289
1414,0.1296190476190476,0,1,0,31902,573708,990,106966,5.3142761865945385,0.15714718058865185
1415,0.1296428571428571,1,3,1,31905,573705,991,106965,5.314248397495276,0.15714663493322756
1416,0.1296666666666666,0,10,0,31915,573695,991,106965,5.3141557671644,0.15714894367231805
1417,0.1296962481962481,0,2,0,31917,573693,991,106965,5.3141372410982255,0.15714940542827677
1418,0.1297222222222222,0,3,0,31920,573690,991,106965,5.314109451998963,0.15715009806730282
1419,0.1298333333333333,0,3,0,31923,573687,991,106965,5.3140816628997,0.15715079071243454
1420,0.1299166666666666,0,1,0,31924,573686,991,106965,5.314072399866612,0.15715102159550196
1421,0.1299999999999999,1,12,1,31936,573674,992,106964,5.313961243469562,0.15715255392734465
1422,0.13,58,2202,58,34138,571472,1050,106906,5.2935640446107675,0.15759060582742954
1423,0.1300281385281385,0,1,0,34139,571471,1050,106906,5.29355478157768,0.1575908381327787
1424,0.1300833333333333,0,1,0,34140,571470,1050,106906,5.293545518544592,0.15759107043881268
1425,0.1301111111111111,0,3,0,34143,571467,1050,106906,5.2935177294453295,0.1575917673610241
1426,0.1301666666666666,0,6,0,34149,571461,1050,106906,5.293462151246804,0.15759316122393927
1427,0.1302222222222222,0,1,0,34150,571460,1050,106906,5.293452888213717,0.1575933935368223
1428,0.13025,0,2,0,34152,571458,1050,106906,5.293434362147542,0.15759385816464316
1429,0.1302777777777777,0,2,0,34154,571456,1050,106906,5.293415836081366,0.15759432279520375
1430,0.1302857142857142,0,3,0,34157,571453,1050,106906,5.293388046982104,0.1575950197461816
1431,0.130303724053724,0,1,0,34158,571452,1050,106906,5.2933787839490165,0.15759525206454408
1432,0.1303333333333333,0,14,0,34172,571438,1050,106906,5.293249101485791,0.15759850459353955
1433,0.1303809523809523,0,1,0,34173,571437,1050,106906,5.293239838452703,0.15759873692217655
1434,0.1304166666666666,0,5,0,34178,571432,1050,106906,5.293193523287266,0.15759989857563633
1435,0.1304761904761904,0,1,0,34179,571431,1050,106906,5.293184260254177,0.1576001309083833
1436,0.1305,0,7,0,34186,571424,1050,106906,5.293119419022565,0.15760175725679243
1437,0.1305833333333333,0,2,0,34188,571422,1050,106906,5.29310089295639,0.15760222193393167
1438,0.1305952380952381,1,3,1,34191,571419,1051,106905,5.293073103857127,0.1576016770746723
1439,0.1306666666666666,1,31,1,34222,571388,1052,106904,5.292785949831413,0.15760763800840935
1440,0.1307142857142857,0,3,0,34225,571385,1052,106904,5.29275816073215,0.15760833509020492
1441,0.1308333333333333,5,58,5,34283,571327,1057,106899,5.292220904813072,0.1576156030585675
1442,0.1309166666666666,0,1,0,34284,571326,1057,106899,5.292211641779985,0.15761583545283644
1443,0.1309523809523809,0,6,0,34290,571320,1057,106899,5.2921560635814595,0.1576172298328416
1444,0.131,0,24,0,34314,571296,1057,106899,5.291933750787358,0.1576228075995842
1445,0.1311111111111111,0,1,0,34315,571295,1057,106899,5.291924487754271,0.15762304001509891
1446,0.1311666666666666,0,4,0,34319,571291,1057,106899,5.29188743562192,0.15762396968401185
1447,0.1311904761904762,1,0,1,34319,571291,1058,106898,5.29188743562192,0.15762272758773735
1448,0.13125,0,3,0,34322,571288,1058,106898,5.291859646522657,0.15762342484215244
1449,0.1312857142857143,0,2,0,34324,571286,1058,106898,5.291841120456482,0.15762388968185626
1450,0.1313095238095238,0,1,0,34325,571285,1058,106898,5.291831857423395,0.15762412210273627
1451,0.1313333333333333,1,18,1,34343,571267,1059,106897,5.291665122827819,0.1576270636601176
1452,0.1313863636363636,0,3,0,34346,571264,1059,106897,5.2916373337285565,0.1576277609594182
1453,0.1314285714285714,1,7,1,34353,571257,1060,106896,5.291572492496943,0.1576281458608898
1454,0.1315,0,6,0,34359,571251,1060,106896,5.291516914298418,0.15762954049785666
1455,0.1316666666666666,9,142,9,34501,571109,1069,106887,5.290201563599985,0.15765137257446946
1456,0.1317142857142857,0,1,0,34502,571108,1069,106887,5.290192300566898,0.1576516051003326
1457,0.1318333333333333,0,4,0,34506,571104,1069,106887,5.290155248434547,0.1576525352106444
1458,0.1318690476190476,0,4,0,34510,571100,1069,106887,5.290118196302197,0.15765346533193114
1459,0.1319166666666666,0,1,0,34511,571099,1069,106887,5.29010893326911,0.15765369786396768
1460,0.132,1,32,1,34543,571067,1070,106886,5.289812516210308,0.15765989677750522
1461,0.1321666666666666,0,4,0,34547,571063,1070,106886,5.289775464077958,0.15766082699436093
1462,0.1322619047619047,0,5,0,34552,571058,1070,106886,5.28972914891252,0.15766198978086685
1463,0.1322857142857142,0,2,0,34554,571056,1070,106886,5.289710622846345,0.1576624549002717
1464,0.1323333333333333,1,13,1,34567,571043,1071,106885,5.289590203416207,0.15766423573004804
1465,0.1323571428571428,0,1,0,34568,571042,1071,106885,5.289580940383119,0.1576644682982091
1466,0.1323809523809523,0,2,0,34570,571040,1071,106885,5.2895624143169435,0.1576649334365896
1467,0.1324523809523809,2,3,2,34573,571037,1073,106883,5.289534625217681,0.1576631460939344
1468,0.1324999999999999,0,5,0,34578,571032,1073,106883,5.289488310052244,0.1576643089472869
1469,0.1325,7,166,7,34744,570866,1080,106876,5.287950646559709,0.1576942258263469
1470,0.1325714285714286,0,1,0,34745,570865,1080,106876,5.287941383526622,0.15769445850258432
1471,0.1325833333333333,0,1,0,34746,570864,1080,106876,5.287932120493535,0.15769469117950838
1472,0.1325952380952381,0,1,0,34747,570863,1080,106876,5.287922857460447,0.15769492385711903
1473,0.1326190476190476,0,2,0,34749,570861,1080,106876,5.287904331394272,0.15769538921440027
1474,0.1326666666666666,0,21,0,34770,570840,1080,106876,5.287709807699433,0.15770027563168051
1475,0.1327142857142857,0,2,0,34772,570838,1080,106876,5.287691281633258,0.15770074102054848
1476,0.1327499999999999,0,1,0,34773,570837,1080,106876,5.2876820186001705,0.15770097371601252
1477,0.1328333333333333,0,2,0,34775,570835,1080,106876,5.287663492533995,0.15770143910900075
1478,0.1328571428571428,0,6,0,34781,570829,1080,106876,5.28760791433547,0.15770283530444662
1479,0.1329166666666666,0,1,0,34782,570828,1080,106876,5.287598651302383,0.15770306800609116
1480,0.1329999999999999,0,2,0,34784,570826,1080,106876,5.287580125236207,0.15770353341144042
1481,0.133,1,15,1,34799,570811,1081,106875,5.287441179739894,0.15770578114347944
1482,0.1330555555555555,0,1,0,34800,570810,1081,106875,5.287431916706806,0.15770601385599503
1483,0.1330595238095238,0,1,0,34801,570809,1081,106875,5.287422653673719,0.15770624656919743
1484,0.1330833333333333,0,1,0,34802,570808,1081,106875,5.287413390640632,0.15770647928308665
1485,0.133095238095238,0,1,0,34803,570807,1081,106875,5.287404127607544,0.15770671199766262
1486,0.133150641025641,0,1,0,34804,570806,1081,106875,5.287394864574456,0.1577069447129254
1487,0.1331666666666666,0,3,0,34807,570803,1081,106875,5.287367075475194,0.15770764286283456
1488,0.1331944444444444,0,1,0,34808,570802,1081,106875,5.287357812442106,0.15770787558084456
1489,0.1332142857142857,0,3,0,34811,570799,1081,106875,5.287330023342843,0.15770857373899544
1490,0.1332857142857142,0,1,0,34812,570798,1081,106875,5.287320760309756,0.15770880645975272
1491,0.1333333333333333,22,355,22,35167,570443,1103,106853,5.284032383563674,0.15776410904538046
1492,0.1333611111111111,0,1,0,35168,570442,1103,106853,5.284023120530587,0.15776434197801548
1493,0.1334523809523809,0,1,0,35169,570441,1103,106853,5.284013857497499,0.15776457491133836
1494,0.1334761904761904,0,1,0,35170,570440,1103,106853,5.284004594464411,0.15776480784534905
1495,0.1335,1,10,1,35180,570430,1104,106852,5.2839119641335355,0.15776589367501276
1496,0.1335119047619047,0,2,0,35182,570428,1104,106852,5.283893438067361,0.15776635955587054
1497,0.1335714285714285,0,1,0,35183,570427,1104,106852,5.283884175034273,0.15776659249733124
1498,0.1336111111111111,0,1,0,35184,570426,1104,106852,5.283874912001186,0.1577668254394798
1499,0.1336666666666666,0,7,0,35191,570419,1104,106852,5.283810070769573,0.15776845605378054
1500,0.1337301587301587,0,1,0,35192,570418,1104,106852,5.283800807736485,0.15776868900143223
1501,0.13375,0,2,0,35194,570416,1104,106852,5.28378228167031,0.15776915489879928
1502,0.1338095238095238,0,1,0,35195,570415,1104,106852,5.2837730186372225,0.15776938784851469
1503,0.1338333333333333,1,4,1,35199,570411,1105,106851,5.283735966504873,0.1577690760739566
1504,0.1338571428571428,0,1,0,35200,570410,1105,106851,5.2837267034717845,0.15776930902561936
1505,0.1339285714285714,0,1,0,35201,570409,1105,106851,5.283717440438697,0.15776954197797005
1506,0.1339444444444444,0,1,0,35202,570408,1105,106851,5.28370817740561,0.15776977493100866
1507,0.1339999999999999,0,7,0,35209,570401,1105,106851,5.283643336173997,0.15777140562154118
1508,0.134,4,63,4,35272,570338,1109,106847,5.283059765089481,0.15778110855969935
1509,0.1340238095238095,0,1,0,35273,570337,1109,106847,5.283050502056393,0.15778134155561857
1510,0.134047619047619,0,2,0,35275,570335,1109,106847,5.283031975990219,0.1577818075495214
1511,0.1340595238095238,0,1,0,35276,570334,1109,106847,5.2830227129571306,0.15778204054750503
1512,0.134063492063492,0,2,0,35278,570332,1109,106847,5.283004186890955,0.15778250654553672
1513,0.1341428571428571,0,1,0,35279,570331,1109,106847,5.282994923857868,0.15778273954558478
1514,0.1341666666666666,3,57,3,35336,570274,1112,106844,5.282466930971878,0.15779229026550765
1515,0.1342380952380952,0,2,0,35338,570272,1112,106844,5.282448404905702,0.15779275633717119
1516,0.13425,1,0,1,35338,570272,1113,106843,5.282448404905702,0.15779151252002982
1517,0.1342857142857142,1,18,1,35356,570254,1114,106842,5.282281670310127,0.15779446341434597
1518,0.1343333333333333,0,12,0,35368,570242,1114,106842,5.2821705139130755,0.15779726001500552
1519,0.1343549783549783,0,1,0,35369,570241,1114,106842,5.282161250879988,0.15779749306953506
1520,0.1344444444444444,0,2,0,35371,570239,1114,106842,5.282142724813813,0.15779795918065934
1521,0.1344999999999999,0,7,0,35378,570232,1114,106842,5.2820778835822,0.15779959059127954
1522,0.1345238095238095,0,3,0,35381,570229,1114,106842,5.282050094482938,0.1578002897775861
1523,0.1345833333333333,0,1,0,35382,570228,1114,106842,5.28204083144985,0.1578005228410652
1524,0.1346190476190476,0,1,0,35383,570227,1114,106842,5.2820315684167625,0.1578007559052327
1525,0.1346666666666666,1,12,1,35395,570215,1115,106841,5.281920412019712,0.1578023088193591
1526,0.1346904761904761,0,1,0,35396,570214,1115,106841,5.281911148986624,0.15780254189098375
1527,0.1347023809523809,0,1,0,35397,570213,1115,106841,5.281901885953537,0.15780277496329687
1528,0.1347142857142857,0,1,0,35398,570212,1115,106841,5.2818926229204495,0.1578030080362985
1529,0.1347222222222222,1,2,1,35400,570210,1116,106840,5.281874096854274,0.15780223026364376
1530,0.1347619047619047,1,3,1,35403,570207,1117,106839,5.2818463077550115,0.15780168555755444
1531,0.1347777777777777,0,1,0,35404,570206,1117,106839,5.281837044721923,0.15780191863170098
1532,0.1347857142857143,0,1,0,35405,570205,1117,106839,5.281827781688836,0.15780215170653605
1533,0.1348333333333333,0,7,0,35412,570198,1117,106839,5.281762940457224,0.1578037832496599
1534,0.1348571428571428,0,2,0,35414,570196,1117,106839,5.281744414391048,0.15780424941103488
1535,0.1349285714285714,0,1,0,35415,570195,1117,106839,5.28173515135796,0.15780448249275517
1536,0.1349404761904762,0,1,0,35416,570194,1117,106839,5.281725888324873,0.15780471557516398
1537,0.1349523809523809,0,3,0,35419,570191,1117,106839,5.28169809922561,0.15780541482652172
1538,0.1349999999999999,1,4,1,35423,570187,1118,106838,5.281661047093261,0.15780510320889185
1539,0.135,31,686,31,36109,569501,1149,106807,5.275306606395198,0.15792656600247224
1540,0.1350833333333333,0,1,0,36110,569500,1149,106807,5.27529734336211,0.1579267995156046
1541,0.1351428571428571,0,1,0,36111,569499,1149,106807,5.275288080329023,0.1579270330294275
1542,0.1351666666666666,0,10,0,36121,569489,1149,106807,5.275195449998147,0.15792936820563777
1543,0.1351904761904762,1,0,1,36121,569489,1150,106806,5.275195449998147,0.1579281230823827
1544,0.1352380952380952,0,1,0,36122,569488,1150,106806,5.27518618696506,0.15792835660230609
1545,0.1352857142857143,0,1,0,36123,569487,1150,106806,5.275176923931972,0.1579285901229201
1546,0.1353333333333333,0,22,0,36145,569465,1150,106806,5.2749731372040465,0.15793372775115302
1547,0.1353571428571428,0,1,0,36146,569464,1150,106806,5.274963874170958,0.1579339612876514
1548,0.1354285714285714,0,1,0,36147,569463,1150,106806,5.274954611137871,0.15793419482484042
1549,0.1354761904761905,0,2,0,36149,569461,1150,106806,5.274936085071696,0.15793466190129046
1550,0.1354999999999999,0,2,0,36151,569459,1150,106806,5.27491755900552,0.15793512898050321
1551,0.1355,0,11,0,36162,569448,1150,106806,5.274815665641557,0.15793769796555732
1552,0.1355555555555555,0,2,0,36164,569446,1150,106806,5.274797139575383,0.1579381650627281
1553,0.1356190476190476,1,0,1,36164,569446,1151,106805,5.274797139575383,0.15793691987146785
1554,0.1356666666666666,2,12,2,36176,569434,1153,106803,5.2746859831783315,0.1579372320650896
1555,0.1356904761904762,0,1,0,36177,569433,1153,106803,5.274676720145244,0.15793746561851188
1556,0.1357142857142857,1,9,1,36186,569424,1154,106802,5.2745933528474565,0.15793832239517558
1557,0.1358095238095238,0,1,0,36187,569423,1154,106802,5.274584089814369,0.15793855595400938
1558,0.1358214285714286,0,2,0,36189,569421,1154,106802,5.274565563748194,0.15793902307374935
1559,0.1358333333333333,2,49,2,36238,569372,1156,106800,5.274111675126903,0.1579479777334761
1560,0.1359523809523809,0,1,0,36239,569371,1156,106800,5.274102412093816,0.1579482113252417
1561,0.1359740259740259,0,2,0,36241,569369,1156,106800,5.274083886027641,0.15794867851084565
1562,0.1359999999999999,0,5,0,36246,569364,1156,106800,5.274037570862203,0.15794984648694696
1563,0.136,2,69,2,36315,569295,1158,106798,5.273398421579162,0.15796347543902983
1564,0.1360714285714285,0,3,0,36318,569292,1158,106798,5.2733706324798995,0.15796417636705173
1565,0.1361111111111111,0,2,0,36320,569290,1158,106798,5.273352106413724,0.15796464365585544
1566,0.1361666666666666,0,10,0,36330,569280,1158,106798,5.273259476082848,0.15796698014134464
1567,0.1361904761904762,0,6,0,36336,569274,1158,106798,5.273203897884323,0.15796838206581548
1568,0.1362222222222222,1,4,1,36340,569270,1159,106797,5.273166845751973,0.15796807121187692
1569,0.13625,0,4,0,36344,569266,1159,106797,5.273129793619622,0.15796900584708823
1570,0.1362857142857143,0,2,0,36346,569264,1159,106797,5.273111267553448,0.15796947316884127
1571,0.1363333333333333,0,4,0,36350,569260,1159,106797,5.273074215421097,0.15797040782064234
1572,0.1364285714285714,0,2,0,36352,569258,1159,106797,5.273055689354923,0.15797087515069042
1573,0.1365,0,13,0,36365,569245,1159,106797,5.272935269924784,0.15797391286340198
1574,0.1365238095238095,0,1,0,36366,569244,1159,106797,5.272926006891697,0.1579741465384496
1575,0.1366666666666666,10,233,10,36599,569011,1169,106787,5.270767720182296,0.1580161527557051
1576,0.1366666666666667,6,116,6,36715,568895,1175,106781,5.26969320834414,0.158035804142814
1577,0.1367619047619047,0,1,0,36716,568894,1175,106781,5.269683945311052,0.15803603803603802
1578,0.1367857142857142,0,4,0,36720,568890,1175,106781,5.269646893178702,0.15803697361585742
1579,0.1368333333333333,0,8,0,36728,568882,1175,106781,5.269572788914002,0.15803884480872862
1580,0.1368549783549783,1,3,1,36731,568879,1176,106780,5.269544999814739,0.15803830038525352
1581,0.1368571428571428,0,2,0,36733,568877,1176,106780,5.269526473748564,0.15803876819155283
1582,0.1369047619047619,0,2,0,36735,568875,1176,106780,5.269507947682389,0.1580392360006216
1583,0.1369444444444444,0,1,0,36736,568874,1176,106780,5.269498684649301,0.15803946990619458
1584,0.1369523809523809,0,2,0,36738,568872,1176,106780,5.269480158583127,0.15803993771941768
1585,0.1369999999999999,1,17,1,36755,568855,1177,106779,5.269322687020638,0.15804266807176667
1586,0.137,0,4,0,36759,568851,1177,106779,5.269285634888288,0.15804360374761334
1587,0.1370238095238095,1,1,1,36760,568850,1178,106778,5.2692763718552005,0.1580425914852552
1588,0.1370833333333333,0,1,0,36761,568849,1178,106778,5.269267108822112,0.1580428254051422
1589,0.1371190476190476,0,1,0,36762,568848,1178,106778,5.269257845789025,0.15804305932572163
1590,0.1371428571428571,0,4,0,36766,568844,1178,106778,5.269220793656675,0.158043995014964
1591,0.1371666666666666,0,1,0,36767,568843,1178,106778,5.269211530623587,0.15804422893900574
1592,0.1372619047619047,0,2,0,36769,568841,1178,106778,5.269193004557413,0.1580446967891667
1593,0.1373333333333333,3,24,3,36793,568817,1181,106775,5.268970691763311,0.15804657248753687
1594,0.1374285714285714,0,1,0,36794,568816,1181,106775,5.268961428730224,0.15804680642578128
1595,0.1374444444444444,0,1,0,36795,568815,1181,106775,5.268952165697136,0.15804704036471826
1596,0.1374999999999999,0,1,0,36796,568814,1181,106775,5.268942902664048,0.15804727430434776
1597,0.1375,8,155,8,36951,568659,1189,106767,5.267507132535477,0.1580735713460838
1598,0.1376190476190476,0,2,0,36953,568657,1189,106767,5.2674886064693025,0.1580740394182025
1599,0.1376666666666666,0,9,0,36962,568648,1189,106767,5.267405239171515,0.1580761457770408
1600,0.1376666666666667,0,4,0,36966,568644,1189,106767,5.267368187039164,0.15807708195454323
1601,0.1377380952380952,0,1,0,36967,568643,1189,106767,5.267358924006077,0.15807731600065145
1602,0.1378333333333333,0,4,0,36971,568639,1189,106767,5.267321871873726,0.15807825219201488
1603,0.1378571428571428,1,1,1,36972,568638,1190,106766,5.267312608840639,0.1580772396965372
1604,0.1378888888888888,0,2,0,36974,568636,1190,106766,5.267294082774463,0.15807770779476518
1605,0.1379166666666666,0,1,0,36975,568635,1190,106766,5.267284819741376,0.1580779418449188
1606,0.1379682539682539,0,2,0,36977,568633,1190,106766,5.267266293675201,0.1580784099473052
1607,0.1379999999999999,0,2,0,36979,568631,1190,106766,5.2672477676090255,0.15807887805246396
1608,0.138,2,38,2,37017,568593,1192,106764,5.266895772351699,0.15808527934114847
1609,0.138047619047619,0,2,0,37019,568591,1192,106764,5.266877246285524,0.15808574749576149
1610,0.1381666666666666,0,4,0,37023,568587,1192,106764,5.266840194153174,0.15808668381330596
1611,0.1381666666666667,0,2,0,37025,568585,1192,106764,5.266821668086998,0.15808715197623746
1612,0.1382142857142857,0,1,0,37026,568584,1192,106764,5.266812405053911,0.15808738605874303
1613,0.1382424242424242,1,5,1,37031,568579,1193,106763,5.266766089888473,0.15808730983708996
1614,0.1382738095238095,0,4,0,37035,568575,1193,106763,5.2667290377561224,0.15808824618191186
1615,0.1383333333333333,6,166,6,37201,568409,1199,106757,5.265191374263589,0.15811963280141475
1616,0.1383888888888889,0,1,0,37202,568408,1199,106757,5.2651821112305015,0.15811986699547517
1617,0.1384166666666666,0,1,0,37203,568407,1199,106757,5.265172848197413,0.15812010119022935
1618,0.1384999999999999,0,12,0,37215,568395,1199,106757,5.265061691800363,0.15812291158139205
1619,0.1385238095238095,0,1,0,37216,568394,1199,106757,5.265052428767276,0.1581231457851651
1620,0.1385714285714285,0,1,0,37217,568393,1199,106757,5.265043165734188,0.15812337998963194
1621,0.1386666666666666,0,17,0,37234,568376,1199,106757,5.264885694171699,0.15812736157171994
1622,0.1387142857142857,0,1,0,37235,568375,1199,106757,5.264876431138612,0.1581275957886754
1623,0.1387222222222222,1,0,1,37235,568375,1200,106756,5.264876431138612,0.15812634881230458
1624,0.1387272727272727,0,1,0,37236,568374,1200,106756,5.264867168105525,0.15812658302845378
1625,0.13875,0,1,0,37237,568373,1200,106756,5.264857905072437,0.1581268172452968
1626,0.1387777777777777,0,1,0,37238,568372,1200,106756,5.264848642039349,0.1581270514628337
1627,0.1388333333333333,0,1,0,37239,568371,1200,106756,5.264839379006262,0.15812728568106446
1628,0.1388571428571428,0,3,0,37242,568368,1200,106756,5.264811589906999,0.15812798833991978
1629,0.1389285714285714,0,2,0,37244,568366,1200,106756,5.264793063840824,0.15812845678262596
1630,0.1389523809523809,0,1,0,37245,568365,1200,106756,5.264783800807736,0.15812869100501983
1631,0.1389682539682539,0,1,0,37246,568364,1200,106756,5.264774537774649,0.1581289252281076
1632,0.1389999999999999,0,1,0,37247,568363,1200,106756,5.264765274741562,0.1581291594518892
1633,0.139,1,27,1,37274,568336,1201,106755,5.264515172848197,0.15813423671771656
1634,0.1390238095238095,0,1,0,37275,568335,1201,106755,5.26450590981511,0.15813447095942762
1635,0.139047619047619,0,6,0,37281,568329,1201,106755,5.264450331616585,0.1581358764242672
1636,0.1391666666666666,0,37,0,37318,568292,1201,106755,5.264107599392345,0.15814454400952824
1637,0.1391666666666667,0,9,0,37327,568283,1201,106755,5.264024232094557,0.15814665248474902
1638,0.13925,0,2,0,37329,568281,1201,106755,5.264005706028382,0.15814712104243328
1639,0.1392857142857143,0,1,0,37330,568280,1201,106755,5.263996442995294,0.1581473553223166
1640,0.1393333333333333,0,28,0,37358,568252,1201,106755,5.263737078068843,0.1581539154408769
1641,0.1394999999999999,0,6,0,37364,568246,1201,106755,5.263681499870318,0.15815532125137594
1642,0.1395,0,2,0,37366,568244,1201,106755,5.263662973804142,0.1581557898604294
1643,0.1395119047619047,0,1,0,37367,568243,1201,106755,5.263653710771055,0.15815602416599753
1644,0.1395238095238095,1,1,1,37368,568242,1202,106754,5.263644447737967,0.1581550112889558
1645,0.1396428571428571,0,1,0,37369,568241,1202,106754,5.26363518470488,0.1581552455944118
1646,0.1396666666666666,0,6,0,37375,568235,1202,106754,5.2635796065063545,0.1581566514417272
1647,0.1397142857142857,1,0,1,37375,568235,1203,106753,5.2635796065063545,0.1581554042442236
1648,0.13975,0,1,0,37376,568234,1203,106753,5.263570343473267,0.1581556385530388
1649,0.1397619047619047,0,2,0,37378,568232,1203,106753,5.263551817407092,0.158156107172752
1650,0.1398055555555555,0,1,0,37379,568231,1203,106753,5.263542554374005,0.15815634148365
1651,0.1398333333333333,0,3,0,37382,568228,1203,106753,5.263514765274741,0.15815704442050962
1652,0.1398809523809523,0,3,0,37385,568225,1203,106753,5.263486976175479,0.1581577473636178
1653,0.1399285714285714,0,2,0,37387,568223,1203,106753,5.263468450109304,0.158158215995828
1654,0.1399761904761904,1,0,1,37387,568223,1204,106752,5.263468450109304,0.15815696877662136
1655,0.1399999999999999,0,9,0,37396,568214,1204,106752,5.263385082811515,0.1581590776424294
1656,0.14,87,2249,87,39645,565965,1291,106665,5.242552521397607,0.15857901074885153
1657,0.140047619047619,0,1,0,39646,565964,1291,106665,5.242543258364519,0.1585792465088481
1658,0.1400555555555555,0,5,0,39651,565959,1291,106665,5.2424969431990815,0.15858042531934632
1659,0.1400952380952381,0,2,0,39653,565957,1291,106665,5.242478417132906,0.15858089684845278
1660,0.1401111111111111,1,1,1,39654,565956,1292,106664,5.242469154099818,0.15857988165680473
1661,0.1401190476190476,0,1,0,39655,565955,1292,106664,5.242459891066731,0.15858011742160125
1662,0.1401363636363636,0,1,0,39656,565954,1292,106664,5.242450628033644,0.15858035318709876
1663,0.1401666666666666,0,3,0,39659,565951,1292,106664,5.242422838934381,0.15858106048779763
1664,0.1401904761904761,0,1,0,39660,565950,1292,106664,5.242413575901293,0.15858129625609935
1665,0.1402777777777777,1,0,1,39660,565950,1293,106663,5.242413575901293,0.1585800452860709
1666,0.1402857142857143,0,1,0,39661,565949,1293,106663,5.242404312868206,0.1585802810535643
1667,0.1403333333333333,0,10,0,39671,565939,1293,106663,5.24231168253733,0.1585826387670569
1668,0.1403571428571428,0,1,0,39672,565938,1293,106663,5.2423024195042425,0.15858287454226205
1669,0.1404166666666666,1,5,1,39677,565933,1294,106662,5.2422561043388045,0.1585828024293966
1670,0.1404285714285714,0,1,0,39678,565932,1294,106662,5.242246841305717,0.1585830382072989
1671,0.1404761904761904,0,1,0,39679,565931,1294,106662,5.242237578272629,0.15858327398590233
1672,0.1405,0,6,0,39685,565925,1294,106662,5.242182000074104,0.15858468867224612
1673,0.1406666666666666,0,17,0,39702,565908,1294,106662,5.242024528511616,0.15858869708729204
1674,0.1406666666666667,0,3,0,39705,565905,1294,106662,5.241996739412353,0.15858940447568792
1675,0.1407142857142856,0,2,0,39707,565903,1294,106662,5.241978213346178,0.15858987607145777
1676,0.1407142857142857,0,1,0,39708,565902,1294,106662,5.24196895031309,0.15859011187039448
1677,0.14075,1,0,1,39708,565902,1295,106661,5.24196895031309,0.15858886082047333
1678,0.1407619047619047,1,0,1,39708,565902,1296,106660,5.24196895031309,0.1585876097668319
1679,0.1408095238095238,0,1,0,39709,565901,1296,106660,5.241959687280003,0.15858784556345076
1680,0.1408333333333333,3,47,3,39756,565854,1299,106657,5.241524324724888,0.15859517539490062
1681,0.1408636363636363,0,1,0,39757,565853,1299,106657,5.241515061691801,0.158595411220651
1682,0.1409523809523809,0,3,0,39760,565850,1299,106657,5.241487272592538,0.15859611870211016
1683,0.1409761904761904,0,2,0,39762,565848,1299,106657,5.241468746526363,0.15859659035992296
1684,0.141,1,37,1,39799,565811,1300,106656,5.241126014302123,0.1586040653295998
1685,0.141047619047619,0,2,0,39801,565809,1300,106656,5.241107488235948,0.1586045370391024
1686,0.1410714285714285,0,1,0,39802,565808,1300,106656,5.241098225202861,0.1586047728949059
1687,0.141095238095238,0,1,0,39803,565807,1300,106656,5.241088962169773,0.15860500875141087
1688,0.1411111111111111,0,1,0,39804,565806,1300,106656,5.2410796991366855,0.1586052446086173
1689,0.1411190476190476,0,1,0,39805,565805,1300,106656,5.241070436103597,0.1586054804665252
1690,0.1411666666666666,2,6,2,39811,565799,1302,106654,5.241014857905072,0.15860439316948546
1691,0.1411904761904762,0,4,0,39815,565795,1302,106654,5.240977805772722,0.15860533661288811
1692,0.1412222222222222,0,1,0,39816,565794,1302,106654,5.240968542739635,0.15860557247549253
1693,0.14125,1,8,1,39824,565786,1303,106653,5.2408944384749345,0.15860620814676127
1694,0.1413333333333333,0,21,0,39845,565765,1303,106653,5.2406999147800954,0.1586111615096562
1695,0.1414285714285714,1,9,1,39854,565756,1304,106652,5.240616547482308,0.15861203317033706
1696,0.1415,1,14,1,39868,565742,1305,106651,5.240486865019082,0.15861408432271007
1697,0.1416190476190476,0,3,0,39871,565739,1305,106651,5.240459075919819,0.1586147920105891
1698,0.1416666666666666,5,115,5,39986,565624,1310,106646,5.239393827114751,0.15863566721704078
1699,0.1416666666666667,4,51,4,40037,565573,1314,106642,5.238921412427286,0.15864269616119842
1700,0.1416904761904762,0,2,0,40039,565571,1314,106642,5.23890288636111,0.15864316816247231
1701,0.1416948051948052,0,1,0,40040,565570,1314,106642,5.238893623328022,0.1586434041641625
1702,0.1417063492063492,0,2,0,40042,565568,1314,106642,5.238875097261848,0.15864387616964937
1703,0.1417619047619047,0,3,0,40045,565565,1314,106642,5.238847308162585,0.15864458418314598
1704,0.1417857142857143,0,3,0,40048,565562,1314,106642,5.238819519063322,0.1586452922029622
1705,0.1418333333333333,1,8,1,40056,565554,1315,106641,5.238745414798622,0.1586459286367795
1706,0.1418571428571428,0,1,0,40057,565553,1315,106641,5.238736151765534,0.158646164648896
1707,0.142,4,56,4,40113,565497,1319,106637,5.238217421912631,0.1586543754667968
1708,0.1420238095238095,0,1,0,40114,565496,1319,106637,5.2382081588795435,0.15865461151289997
1709,0.1421111111111111,0,1,0,40115,565495,1319,106637,5.238198895846456,0.15865484755970555
1710,0.1421428571428571,0,2,0,40117,565493,1319,106637,5.238180369780281,0.15865531965542382
1711,0.1421666666666667,0,1,0,40118,565492,1319,106637,5.238171106747194,0.1586555557043365
1712,0.1422222222222222,0,1,0,40119,565491,1319,106637,5.2381618437141055,0.15865579175395164
1713,0.14225,0,1,0,40120,565490,1319,106637,5.238152580681018,0.15865602780426913
1714,0.1422619047619047,0,1,0,40121,565489,1319,106637,5.238143317647931,0.15865626385528903
1715,0.1422857142857142,1,3,1,40124,565486,1320,106636,5.238115528548668,0.15865572024126573
1716,0.1423076923076923,0,2,0,40126,565484,1320,106636,5.238097002482493,0.15865619234660477
1717,0.1423333333333333,0,12,0,40138,565472,1320,106636,5.237985846085442,0.15865902503764276
1718,0.1425,6,191,6,40329,565281,1326,106630,5.236216606765719,0.1586966130931031
1719,0.1425714285714285,0,1,0,40330,565280,1326,106630,5.236207343732632,0.15869684928040959
1720,0.1425833333333333,0,1,0,40331,565279,1326,106630,5.236198080699544,0.1586970854684191
1721,0.1425952380952381,0,2,0,40333,565277,1326,106630,5.236179554633369,0.1586975578465472
1722,0.1426428571428571,0,1,0,40334,565276,1326,106630,5.236170291600281,0.15869779403666584
1723,0.1426666666666666,1,23,1,40357,565253,1327,106629,5.235957241839268,0.15870197445384754
1724,0.1426785714285714,0,1,0,40358,565252,1327,106629,5.2359479788061805,0.15870221065932807
1725,0.1427077922077922,0,3,0,40361,565249,1327,106629,5.235920189706918,0.15870291927998834
1726,0.14275,0,1,0,40362,565248,1327,106629,5.23591092667383,0.15870315548828134
1727,0.1428333333333333,0,2,0,40364,565246,1327,106629,5.235892400607655,0.15870362790697676
1728,0.1428571428571428,1,8,1,40372,565238,1328,106628,5.235818296342955,0.15870426543388116
1729,0.1429761904761904,0,1,0,40373,565237,1328,106628,5.235809033309867,0.15870450164839664
1730,0.143,1,17,1,40390,565220,1329,106627,5.235651561747378,0.15870726519579606
1731,0.1430238095238095,0,1,0,40391,565219,1329,106627,5.235642298714291,0.1587075014214567
1732,0.1430555555555555,0,2,0,40393,565217,1329,106627,5.235623772648116,0.1587079738748876
1733,0.143095238095238,0,1,0,40394,565216,1329,106627,5.235614509615028,0.15870821010265793
1734,0.1431111111111111,0,1,0,40395,565215,1329,106627,5.235605246581941,0.15870844633113143
1735,0.1431428571428571,0,1,0,40396,565214,1329,106627,5.235595983548853,0.15870868256030818
1736,0.1431666666666666,1,6,1,40402,565208,1330,106626,5.235540405350328,0.1587088477213121
1737,0.14325,0,1,0,40403,565207,1330,106626,5.235531142317241,0.15870908395389927
1738,0.1433333333333333,15,367,15,40770,564840,1345,106611,5.232131609174108,0.15877703659686263
1739,0.1434444444444444,0,1,0,40771,564839,1345,106611,5.23212234614102,0.15877727306575323
1740,0.1434523809523809,0,3,0,40774,564836,1345,106611,5.232094557041758,0.15877798247665117
1741,0.1435,0,9,0,40783,564827,1345,106611,5.23201118974397,0.158780110747381
1742,0.143547619047619,0,1,0,40784,564826,1345,106611,5.232001926710883,0.15878034722542844
1743,0.1436666666666666,0,14,0,40798,564812,1345,106611,5.231872244247657,0.15878365799205568
1744,0.1436666666666667,0,2,0,40800,564810,1345,106611,5.2318537181814815,0.15878413096998753
1745,0.1437142857142857,0,1,0,40801,564809,1345,106611,5.231844455148393,0.15878436746001012
1746,0.14375,0,4,0,40805,564805,1345,106611,5.2318074030160435,0.15878531342714503
1747,0.1438095238095238,0,2,0,40807,564803,1345,106611,5.231788876949868,0.1587857864149392
1748,0.1438333333333333,1,2,1,40809,564801,1346,106610,5.231770350883694,0.15878500650123398
1749,0.1438888888888888,0,1,0,40810,564800,1346,106610,5.231761087850606,0.15878524299608288
1750,0.1439155844155844,1,4,1,40814,564796,1347,106609,5.231724035718256,0.15878493606690447
1751,0.1439285714285714,0,1,0,40815,564795,1347,106609,5.231714772685168,0.1587851725637619
1752,0.1439523809523809,0,1,0,40816,564794,1347,106609,5.23170550965208,0.15878540906132382
1753,0.144,5,64,5,40880,564730,1352,106604,5.231112675534477,0.15879428123705935
1754,0.144047619047619,0,2,0,40882,564728,1352,106604,5.231094149468302,0.15879475430934323
1755,0.1441666666666666,5,56,5,40938,564672,1357,106599,5.230575419615399,0.15880173581161708
1756,0.1442424242424242,0,1,0,40939,564671,1357,106599,5.230566156582311,0.1588019723807112
1757,0.1442857142857143,0,8,0,40947,564663,1357,106599,5.230492052317611,0.15880386495883872
1758,0.1443333333333333,1,13,1,40960,564650,1358,106598,5.230371632887473,0.15880568731675923
1759,0.1444047619047618,0,1,0,40961,564649,1358,106598,5.230362369854385,0.1588059238998461
1760,0.1444141414141414,0,2,0,40963,564647,1358,106598,5.23034384378821,0.1588063970681346
1761,0.1444285714285714,0,1,0,40964,564646,1358,106598,5.230334580755122,0.1588066336533362
1762,0.1445,0,9,0,40973,564637,1358,106598,5.2302512134573345,0.1588087629518723
1763,0.1445238095238095,0,5,0,40978,564632,1358,106598,5.2302048982918965,0.1588099459201764
1764,0.1445454545454545,0,1,0,40979,564631,1358,106598,5.230195635258809,0.15881018251595208
1765,0.1445952380952381,0,2,0,40981,564629,1358,106598,5.230177109192634,0.15881065570961836
1766,0.1446190476190476,0,2,0,40983,564627,1358,106598,5.2301585831264585,0.15881112890610452
1767,0.1446666666666666,0,16,0,40999,564611,1358,106598,5.230010374597058,0.1588149145795125
1768,0.1447619047619047,1,1,1,41000,564610,1359,106597,5.23000111156397,0.15881389794802497
1769,0.1448333333333333,0,4,0,41004,564606,1359,106597,5.22996405943162,0.15881484439133914
1770,0.1449523809523809,0,1,0,41005,564605,1359,106597,5.229954796398533,0.15881508100393027
1771,0.145,40,783,40,41788,563822,1399,106557,5.222701841490978,0.15895038478233955
1772,0.1451111111111111,0,1,0,41789,563821,1399,106557,5.22269257845789,0.15895062188794978
1773,0.1451190476190476,0,3,0,41792,563818,1399,106557,5.222664789358627,0.1589513332090248
1774,0.1451666666666666,0,3,0,41795,563815,1399,106557,5.222637000259365,0.15895204453646633
1775,0.1453333333333333,1,15,1,41810,563800,1400,106556,5.222498054763052,0.1589543466456629
1776,0.1453571428571428,0,1,0,41811,563799,1400,106556,5.2224887917299645,0.15895458376531837
1777,0.1453888888888889,0,1,0,41812,563798,1400,106556,5.222479528696876,0.1589548208856813
1778,0.1454166666666666,0,1,0,41813,563797,1400,106556,5.222470265663789,0.15895505800675166
1779,0.1454523809523809,0,3,0,41816,563794,1400,106556,5.2224424765645265,0.1589557693742075
1780,0.1454761904761904,0,2,0,41818,563792,1400,106556,5.222423950498351,0.15895624362271538
1781,0.1455,0,9,0,41827,563783,1400,106556,5.222340583200563,0.1589583777760208
1782,0.1456363636363636,0,2,0,41829,563781,1400,106556,5.222322057134388,0.15895885204009327
1783,0.1456666666666666,1,19,1,41848,563762,1401,106555,5.222146059505724,0.15896210300499614
1784,0.1456666666666667,0,2,0,41850,563760,1401,106555,5.22212753343955,0.158962577295749
1785,0.1456904761904762,0,1,0,41851,563759,1401,106555,5.222118270406462,0.1589628144421868
1786,0.1457142857142857,0,2,0,41853,563757,1401,106555,5.222099744340286,0.15896328873718507
1787,0.1457835497835498,0,1,0,41854,563756,1401,106555,5.222090481307199,0.15896352588574558
1788,0.1457857142857143,1,3,1,41857,563753,1402,106554,5.2220626922079365,0.1589629826333307
1789,0.1458333333333333,2,57,2,41914,563696,1404,106552,5.221534699321946,0.15897399171649898
1790,0.1458928571428571,0,1,0,41915,563695,1404,106552,5.221525436288858,0.15897422890367283
1791,0.1459285714285714,0,1,0,41916,563694,1404,106552,5.221516173255771,0.15897446609155444
1792,0.1459523809523809,0,3,0,41919,563691,1404,106552,5.221488384156508,0.1589751776594459
1793,0.1459848484848484,0,1,0,41920,563690,1404,106552,5.221479121123421,0.1589754148501586
1794,0.146,2,70,2,41990,563620,1406,106550,5.220830708807292,0.15898951012429682
1795,0.1460238095238095,0,1,0,41991,563619,1406,106550,5.220821445774204,0.1589897473622325
1796,0.146047619047619,0,1,0,41992,563618,1406,106550,5.220812182741117,0.1589899846008762
1797,0.1460714285714285,0,1,0,41993,563617,1406,106550,5.220802919708029,0.15899022184022787
1798,0.1461111111111111,0,1,0,41994,563616,1406,106550,5.2207936566749416,0.15899045908028758
1799,0.1461190476190476,0,1,0,41995,563615,1406,106550,5.220784393641854,0.15899069632105525
1800,0.1461212121212121,1,4,1,41999,563611,1407,106549,5.220747341509504,0.1589903903545422
1801,0.1461666666666666,0,6,0,42005,563605,1407,106549,5.220691763310978,0.15899181382189764
1802,0.1461666666666667,0,1,0,42006,563604,1407,106549,5.220682500277891,0.158992051068935
1803,0.14625,1,8,1,42014,563596,1408,106548,5.220608396013191,0.1589926941075351
1804,0.1462619047619047,0,1,0,42015,563595,1408,106548,5.220599132980103,0.15899293135942627
1805,0.1463333333333333,0,11,0,42026,563584,1408,106548,5.22049723961614,0.15899554117696216
1806,0.1463809523809524,0,1,0,42027,563583,1408,106548,5.220487976583052,0.1589957784373503
1807,0.1464285714285714,0,6,0,42033,563577,1408,106548,5.220432398384527,0.15899720201454953
1808,0.1464835164835164,2,2,2,42035,563575,1410,106546,5.2204138723183515,0.15899516654454943
1809,0.1465,0,15,0,42050,563560,1410,106546,5.2202749268220385,0.1589987255747598
1810,0.1466190476190476,0,1,0,42051,563559,1410,106546,5.220265663788951,0.15899896284910572
1811,0.1466666666666666,16,387,16,42438,563172,1426,106530,5.216680869984067,0.15907075087128306
1812,0.1467142857142857,0,1,0,42439,563171,1426,106530,5.21667160695098,0.15907098839631417
1813,0.1467380952380952,0,4,0,42443,563167,1426,106530,5.21663455481863,0.15907193850353218
1814,0.1467857142857143,0,3,0,42446,563164,1426,106530,5.2166067657193675,0.15907265109139399
1815,0.1468333333333333,0,6,0,42452,563158,1426,106530,5.2165511875208415,0.15907407628627063
1816,0.1468571428571428,0,1,0,42453,563157,1426,106530,5.216541924487754,0.1590743138212329
1817,0.1469047619047619,0,2,0,42455,563155,1426,106530,5.216523398421579,0.15907478889328566
1818,0.147,1,23,1,42478,563132,1427,106529,5.216310348660565,0.15907899668638312
1819,0.1471428571428571,0,8,0,42486,563124,1427,106529,5.216236244395865,0.15908089712134493
1820,0.1471666666666666,0,2,0,42488,563122,1427,106529,5.21621771832969,0.15908137223718027
1821,0.1473030303030303,0,1,0,42489,563121,1427,106529,5.216208455296602,0.15908160979616218
1822,0.1473055555555555,0,1,0,42490,563120,1427,106529,5.216199192263515,0.1590818473558536
1823,0.1473333333333333,0,16,0,42506,563104,1427,106529,5.216050983734114,0.1590856484074112
1824,0.1473809523809523,0,3,0,42509,563101,1427,106529,5.216023194634851,0.15908636112480026
1825,0.1474523809523809,0,1,0,42510,563100,1427,106529,5.216013931601764,0.1590865986986824
1826,0.1475,5,190,5,42700,562910,1432,106524,5.214253955315129,0.15912547017331058
1827,0.1475757575757575,0,3,0,42703,562907,1432,106524,5.214226166215866,0.15912618328102524
1828,0.1476190476190476,0,7,0,42710,562900,1432,106524,5.214161324984253,0.159127847223882
1829,0.1476666666666666,1,12,1,42722,562888,1433,106523,5.214050168587202,0.1591294436452344
1830,0.1476904761904761,0,1,0,42723,562887,1433,106523,5.214040905554115,0.15912968136119868
1831,0.1477222222222222,0,2,0,42725,562885,1433,106523,5.21402237948794,0.1591301567952579
1832,0.1477777777777777,0,4,0,42729,562881,1433,106523,5.213985327355589,0.15913110767189917
1833,0.1478030303030303,0,1,0,42730,562880,1433,106523,5.213976064322502,0.1591313453928351
1834,0.1478333333333333,0,6,0,42736,562874,1433,106523,5.2139204861239765,0.159132771733366
1835,0.1478571428571428,0,3,0,42739,562871,1433,106523,5.213892697024714,0.15913348491322002
1836,0.1479285714285714,0,1,0,42740,562870,1433,106523,5.213883433991626,0.15913372264125858
1837,0.148,2,54,2,42794,562816,1435,106521,5.213383230204898,0.15914404851367847
1838,0.148095238095238,0,2,0,42796,562814,1435,106521,5.213364704138723,0.1591445240425198
1839,0.1480952380952381,0,2,0,42798,562812,1435,106521,5.213346178072548,0.15914499957420297
1840,0.1481515151515151,0,1,0,42799,562811,1435,106521,5.21333691503946,0.15914523734111025
1841,0.1481666666666666,1,7,1,42806,562804,1436,106520,5.213272073807848,0.15914564545720758
1842,0.1481904761904762,0,2,0,42808,562802,1436,106520,5.213253547741672,0.15914612100005676
1843,0.1482142857142857,0,1,0,42809,562801,1436,106520,5.213244284708585,0.1591463587725471
1844,0.1482619047619047,0,1,0,42810,562800,1436,106520,5.213235021675497,0.15914659654574792
1845,0.1483333333333333,4,188,4,42998,562612,1440,106516,5.211493571455037,0.15918628423859113
1846,0.1484523809523809,0,2,0,43000,562610,1440,106516,5.2114750453888625,0.1591867600422043
1847,0.1485,0,8,0,43008,562602,1440,106516,5.211400941124162,0.15918866328510067
1848,0.1485714285714285,0,4,0,43012,562598,1440,106516,5.211363888991811,0.1591896149236154
1849,0.1485833333333333,0,1,0,43013,562597,1440,106516,5.211354625958724,0.15918985283502188
1850,0.1486111111111111,0,1,0,43014,562596,1440,106516,5.211345362925637,0.1591900907471395
1851,0.1486666666666666,1,19,1,43033,562577,1441,106515,5.211169365296973,0.15919335457605233
1852,0.1486984126984126,0,2,0,43035,562575,1441,106515,5.211150839230798,0.15919383042640003
1853,0.14875,1,6,1,43041,562569,1442,106514,5.2110952610322725,0.15919400134213543
1854,0.1487619047619048,0,1,0,43042,562568,1442,106514,5.211085997999185,0.15919423927112072
1855,0.1487692307692307,0,1,0,43043,562567,1442,106514,5.211076734966097,0.15919447720081725
1856,0.148781746031746,0,5,0,43048,562562,1442,106514,5.211030419800659,0.15919566685996808
1857,0.1488333333333333,0,2,0,43050,562560,1442,106514,5.211011893734485,0.159196142728607
1858,0.1488571428571428,0,3,0,43053,562557,1442,106514,5.210984104635222,0.15919685653689966
1859,0.1489285714285714,0,2,0,43055,562555,1442,106514,5.210965578569047,0.15919733241265102
1860,0.149,3,46,3,43101,562509,1445,106511,5.210539479047019,0.1592045080864548
1861,0.149047619047619,0,1,0,43102,562508,1445,106511,5.2105302160139315,0.15920474605355006
1862,0.1490714285714285,0,3,0,43105,562505,1445,106511,5.210502426914669,0.15920545995910412
1863,0.1491666666666666,0,49,0,43154,562456,1445,106511,5.210048538293379,0.1592171213228754
1864,0.14925,0,1,0,43155,562455,1445,106511,5.210039275260291,0.15921735932767883
1865,0.1492857142857143,0,2,0,43157,562453,1445,106511,5.210020749194116,0.15921783533942035
1866,0.1493333333333333,2,17,2,43174,562436,1447,106509,5.209863277631627,0.15921936781050758
1867,0.1493571428571428,0,2,0,43176,562434,1447,106509,5.209844751565453,0.1592198438431974
1868,0.1494999999999999,0,2,0,43178,562432,1447,106509,5.2098262254992775,0.1592203198787337
1869,0.1495,0,8,0,43186,562424,1447,106509,5.209752121234577,0.15922222404934425
1870,0.1495238095238095,0,2,0,43188,562422,1447,106509,5.209733595168402,0.15922270009911335
1871,0.1495833333333333,0,1,0,43189,562421,1447,106509,5.209724332135314,0.1592229381250654
1872,0.1496666666666666,0,6,0,43195,562415,1447,106509,5.209668753936789,0.15922436629572267
1873,0.1497222222222222,0,2,0,43197,562413,1447,106509,5.209650227870614,0.15922484235830187
1874,0.14975,0,1,0,43198,562412,1447,106509,5.209640964837527,0.159225080390659
1875,0.1497619047619047,0,2,0,43200,562410,1447,106509,5.209622438771351,0.1592255564575083
1876,0.1498333333333333,2,8,2,43208,562402,1449,106507,5.209548334506651,0.15922494689113167
1877,0.1499523809523809,0,3,0,43211,562399,1449,106507,5.209520545407388,0.15922566100468527
1878,0.1499837662337662,0,1,0,43212,562398,1449,106507,5.209511282374301,0.1592258990439599
1879,0.15,79,2365,79,45577,560033,1528,106428,5.187604209122235,0.15969126475517698
1880,0.1500714285714285,1,0,1,45577,560033,1529,106427,5.187604209122235,0.15969000390120938
1881,0.1501190476190476,0,2,0,45579,560031,1529,106427,5.18758568305606,0.15969048312121695
1882,0.1501428571428571,0,1,0,45580,560030,1529,106427,5.187576420022972,0.1596907227322993
1883,0.1501666666666666,0,2,0,45582,560028,1529,106427,5.1875578939567975,0.15969120195662123
1884,0.1501904761904761,0,1,0,45583,560027,1529,106427,5.187548630923709,0.1596914415698608
1885,0.15025,0,1,0,45584,560026,1529,106427,5.187539367890622,0.1596916811838194
1886,0.1503333333333333,2,11,2,45595,560015,1531,106425,5.187437474526659,0.15969179521037152
1887,0.1503571428571428,0,4,0,45599,560011,1531,106425,5.187400422394309,0.1596927536927777
1888,0.1504166666666666,0,2,0,45601,560009,1531,106425,5.187381896328134,0.15969323293829546
1889,0.1505,0,6,0,45607,560003,1531,106425,5.1873263181296085,0.15969467069210777
1890,0.1505952380952381,0,1,0,45608,560002,1531,106425,5.18731705509652,0.15969491032026015
1891,0.1506666666666666,0,26,0,45634,559976,1531,106425,5.187076216236244,0.1597011409046505
1892,0.1506818181818182,0,1,0,45635,559975,1531,106425,5.187066953203157,0.15970138055222088
1893,0.1506904761904761,0,1,0,45636,559974,1531,106425,5.187057690170069,0.1597016202005105
1894,0.1506904761904762,0,3,0,45639,559971,1531,106425,5.187029901070806,0.15970233914969478
1895,0.1507142857142857,0,5,0,45644,559966,1531,106425,5.186983585905369,0.15970353741272017
1896,0.1507380952380952,0,1,0,45645,559965,1531,106425,5.186974322872281,0.159703777067483
1897,0.15075,0,1,0,45646,559964,1531,106425,5.186965059839194,0.1597040167229651
1898,0.1508095238095238,0,1,0,45647,559963,1531,106425,5.186955796806107,0.1597042563791665
1899,0.1508333333333333,1,52,1,45699,559911,1532,106424,5.1864741190855534,0.1597154584405742
1900,0.1508571428571428,0,3,0,45702,559908,1532,106424,5.186446329986291,0.1597161775211156
1901,0.1509090909090909,0,1,0,45703,559907,1532,106424,5.186437066953203,0.1597164172160683
1902,0.1509210526315789,0,1,0,45704,559906,1532,106424,5.1864278039201155,0.15971665691174042
1903,0.1509523809523809,0,2,0,45706,559904,1532,106424,5.18640927785394,0.15971713630524306
1904,0.1509999999999999,0,1,0,45707,559903,1532,106424,5.186400014820853,0.15971737600307356
1905,0.151,0,32,0,45739,559871,1532,106424,5.1861035977620515,0.1597250467135428
1906,0.151060606060606,0,1,0,45740,559870,1532,106424,5.186094334728963,0.15972528643511724
1907,0.1510714285714285,0,1,0,45741,559869,1532,106424,5.186085071695876,0.15972552615741123
1908,0.1511666666666666,0,6,0,45747,559863,1532,106424,5.186029493497351,0.15972696450628632
1909,0.1511904761904761,0,5,0,45752,559858,1532,106424,5.185983178331913,0.15972816315013763
1910,0.1511904761904762,0,1,0,45753,559857,1532,106424,5.185973915298826,0.15972840288106668
1911,0.15125,0,7,0,45760,559850,1532,106424,5.1859090740672125,0.15973008101771943
1912,0.1512619047619047,0,3,0,45763,559847,1532,106424,5.18588128496795,0.15973080022993646
1913,0.1513095238095237,0,2,0,45765,559845,1532,106424,5.1858627589017745,0.15973127970834602
1914,0.1513095238095238,0,1,0,45766,559844,1532,106424,5.185853495868687,0.1597315194486303
1915,0.1513174603174603,0,1,0,45767,559843,1532,106424,5.1858442328356,0.1597317591896342
1916,0.1513333333333333,0,9,0,45776,559834,1532,106424,5.185760865537811,0.1597339168910542
1917,0.1513461538461538,1,1,1,45777,559833,1533,106423,5.185751602504724,0.15973289546360558
1918,0.1513690476190476,0,2,0,45779,559831,1533,106423,5.185733076438549,0.15973337495909967
1919,0.1514166666666666,0,1,0,45780,559830,1533,106423,5.1857238134054615,0.15973361470792627
1920,0.1514285714285714,3,9,3,45789,559821,1536,106420,5.185640446107674,0.15973198887489662
1921,0.1514444444444444,0,1,0,45790,559820,1536,106420,5.185631183074586,0.15973222862632083
1922,0.1515,0,18,0,45808,559802,1536,106420,5.18546444847901,0.15973654427503145
1923,0.151547619047619,0,1,0,45809,559801,1536,106420,5.185455185445923,0.15973678404013084
1924,0.1516190476190476,0,1,0,45810,559800,1536,106420,5.185445922412835,0.15973702380594998
1925,0.1516666666666666,15,222,15,46032,559578,1551,106405,5.183389529067398,0.15977134551482544
1926,0.1517142857142857,0,1,0,46033,559577,1551,106405,5.183380266034311,0.1597715854182245
1927,0.1517619047619047,0,1,0,46034,559576,1551,106405,5.1833710030012226,0.15977182532234402
1928,0.1517857142857143,0,3,0,46037,559573,1551,106405,5.18334321390196,0.15977254503902533
1929,0.1518333333333333,0,4,0,46041,559569,1551,106405,5.18330616176961,0.15977350467135354
1930,0.1518571428571428,0,1,0,46042,559568,1551,106405,5.183296898736522,0.15977374458123678
1931,0.1519444444444444,0,1,0,46043,559567,1551,106405,5.183287635703435,0.1597739844918405
1932,0.1519761904761905,0,3,0,46046,559564,1551,106405,5.183259846604172,0.15977470422797457
1933,0.152,1,51,1,46097,559513,1552,106404,5.182787431916707,0.15978567899603105
1934,0.1520833333333333,0,2,0,46099,559511,1552,106404,5.182768905850532,0.15978615889415315
1935,0.1520952380952381,0,1,0,46100,559510,1552,106404,5.1827596428174445,0.1597863988442952
1936,0.1521190476190476,0,3,0,46103,559507,1552,106404,5.182731853718182,0.15978711869904536
1937,0.1521428571428571,0,3,0,46106,559504,1552,106404,5.182704064618918,0.15978783856028161
1938,0.1521666666666666,1,6,1,46112,559498,1553,106403,5.182648486420393,0.15978801653699273
1939,0.1522222222222222,0,2,0,46114,559496,1553,106403,5.182629960354219,0.15978849645366638
1940,0.1522619047619047,0,3,0,46117,559493,1553,106403,5.182602171254956,0.1597892163340822
1941,0.1522777777777778,0,2,0,46119,559491,1553,106403,5.182583645188781,0.15978969625796297
1942,0.1523333333333333,1,12,1,46131,559479,1554,106402,5.18247248879173,0.15979131406362398
1943,0.1523809523809523,0,2,0,46133,559477,1554,106402,5.182453962725555,0.15979179400461646
1944,0.1523809523809524,0,1,0,46134,559476,1554,106402,5.182444699692467,0.15979203397619385
1945,0.1524999999999999,0,6,0,46140,559470,1554,106402,5.182389121493942,0.1597934738207944
1946,0.1525,7,200,7,46340,559270,1561,106395,5.180536514876431,0.15983264855445306
1947,0.1526111111111111,0,2,0,46342,559268,1561,106395,5.180517988810256,0.1598331287753713
1948,0.1526666666666666,1,25,1,46367,559243,1562,106394,5.180286412983067,0.1598378695895811
1949,0.1526904761904761,1,1,1,46368,559242,1563,106393,5.18027714994998,0.1598368475215396
1950,0.1526904761904762,0,1,0,46369,559241,1563,106393,5.180267886916892,0.15983708764876794
1951,0.1527380952380952,1,0,1,46369,559241,1564,106392,5.180267886916892,0.15983582544735614
1952,0.1528030303030303,0,1,0,46370,559240,1564,106392,5.180258623883804,0.1598360655737705
1953,0.1528333333333333,0,5,0,46375,559235,1564,106392,5.1802123087183665,0.15983726621666489
1954,0.1528571428571428,0,6,0,46381,559229,1564,106392,5.180156730519841,0.15983870701194824
1955,0.1528888888888888,0,3,0,46384,559226,1564,106392,5.180128941420579,0.1598394274193306
1956,0.1529166666666666,0,1,0,46385,559225,1564,106392,5.180119678387491,0.1598396675565678
1957,0.1529365079365079,0,3,0,46388,559222,1564,106392,5.180091889288229,0.15984038797260874
1958,0.1529761904761905,0,1,0,46389,559221,1564,106392,5.180082626255141,0.15984062811273217
1959,0.153,3,21,3,46410,559200,1567,106389,5.1798881025603025,0.15984188440614253
1960,0.1530952380952381,0,2,0,46412,559198,1567,106389,5.179869576494127,0.15984236470964727
1961,0.1531428571428571,1,3,1,46415,559195,1568,106388,5.179841787394865,0.15984182288309648
1962,0.1531666666666666,0,10,0,46425,559185,1568,106388,5.179749157063989,0.15984422445021057
1963,0.1531904761904761,0,1,0,46426,559184,1568,106388,5.179739894030901,0.15984446461089108
1964,0.1532142857142856,0,1,0,46427,559183,1568,106388,5.179730630997814,0.15984470477229326
1965,0.1532142857142857,0,2,0,46429,559181,1568,106388,5.179712104931639,0.15984518509726264
1966,0.1532499999999999,0,1,0,46430,559180,1568,106388,5.179702841898552,0.15984542526082984
1967,0.153297619047619,0,2,0,46432,559178,1568,106388,5.179684315832376,0.15984590559012932
1968,0.1533333333333333,18,418,18,46850,558760,1586,106370,5.175812368001779,0.15992362395321216
1969,0.1533376623376623,0,2,0,46852,558758,1586,106370,5.1757938419356035,0.15992410483395678
1970,0.1533809523809523,0,4,0,46856,558754,1586,106370,5.175756789803253,0.15992506660412195
1971,0.1534523809523809,0,2,0,46858,558752,1586,106370,5.175738263737078,0.15992554749354254
1972,0.1535,1,22,1,46880,558730,1587,106369,5.175534477009152,0.15992957439418792
1973,0.1535436507936508,0,2,0,46882,558728,1587,106369,5.175515950942977,0.15993005531523974
1974,0.1535714285714285,1,3,1,46885,558725,1588,106368,5.175488161843714,0.15992951361689267
1975,0.1536190476190476,0,2,0,46887,558723,1588,106368,5.175469635777539,0.15992999454210025
1976,0.1536363636363636,0,1,0,46888,558722,1588,106368,5.1754603727444515,0.15993023500578868
1977,0.1536666666666666,0,14,0,46902,558708,1588,106368,5.175330690281226,0.159933601573354
1978,0.1536904761904761,0,1,0,46903,558707,1588,106368,5.1753214272481385,0.15993384204788932
1979,0.1536904761904762,0,1,0,46904,558706,1588,106368,5.17531216421505,0.1599340825231478
1980,0.15375,0,2,0,46906,558704,1588,106368,5.175293638148876,0.1599345634758342
1981,0.1537619047619047,0,3,0,46909,558701,1588,106368,5.175265849049612,0.1599352849102875
1982,0.1538095238095238,0,2,0,46911,558699,1588,106368,5.175247322983438,0.15993576587020555
1983,0.1538571428571428,1,0,1,46911,558699,1589,106367,5.175247322983438,0.15993450274108134
1984,0.1539166666666666,0,1,0,46912,558698,1589,106367,5.17523805995035,0.15993474322058746
1985,0.1539285714285714,0,1,0,46913,558697,1589,106367,5.175228796917263,0.15993498370081677
1986,0.1539415584415584,0,6,0,46919,558691,1589,106367,5.175173218718737,0.15993642659737947
1987,0.1539523809523809,0,1,0,46920,558690,1589,106367,5.17516395568565,0.1599366670826711
1988,0.154,5,93,5,47013,558597,1594,106362,5.174302493608507,0.1599527188894353
1989,0.1540005827505827,0,1,0,47014,558596,1594,106362,5.17429323057542,0.159952959435032
1990,0.1540174825174825,0,1,0,47015,558595,1594,106362,5.174283967542332,0.15995319998135218
1991,0.154047619047619,0,2,0,47017,558593,1594,106362,5.174265441476157,0.15995368107616306
1992,0.1541025641025641,0,2,0,47019,558591,1594,106362,5.174246915409982,0.15995416217386793
1993,0.1541666666666666,4,57,4,47076,558534,1598,106358,5.1737189225239915,0.15996282102958073
1994,0.1542222222222222,0,1,0,47077,558533,1598,106358,5.173709659490903,0.15996306161461052
1995,0.15425,0,1,0,47078,558532,1598,106358,5.173700396457816,0.15996330220036398
1996,0.1542777777777777,0,1,0,47079,558531,1598,106358,5.173691133424729,0.1599635427868411
1997,0.1542857142857142,0,10,0,47089,558521,1598,106358,5.173598503093853,0.15996594869141603
1998,0.154297619047619,1,2,1,47091,558519,1599,106357,5.173579977027678,0.15996516643704992
1999,0.1543333333333333,0,14,0,47105,558505,1599,106357,5.173450294564452,0.15996853482376794
2000,0.1544047619047619,0,2,0,47107,558503,1599,106357,5.173431768498277,0.15996901603345065
2001,0.1544761904761904,0,1,0,47108,558502,1599,106357,5.173422505465189,0.15996925663937767
2002,0.1544761904761905,0,1,0,47109,558501,1599,106357,5.173413242432102,0.15996949724602846
2003,0.1545,0,15,0,47124,558486,1599,106357,5.173274296935789,0.1599731064326465
2004,0.1545238095238095,1,3,1,47127,558483,1600,106356,5.173246507836526,0.15997256478636182
2005,0.1545833333333333,0,2,0,47129,558481,1600,106356,5.173227981770351,0.1599730460248151
2006,0.1546428571428571,0,2,0,47131,558479,1600,106356,5.173209455704176,0.1599735272661638
2007,0.1546666666666666,0,16,0,47147,558463,1600,106356,5.173061247174775,0.15997737730119024
2008,0.1546969696969696,0,2,0,47149,558461,1600,106356,5.1730427211086,0.15997785856859859
2009,0.1547619047619047,0,2,0,47151,558459,1600,106356,5.173024195042425,0.15997833983890256
2010,0.1548333333333333,0,7,0,47158,558452,1600,106356,5.172959353810811,0.15998002430777006
2011,0.1549444444444444,0,1,0,47159,558451,1600,106356,5.172950090777724,0.15998026494907544
2012,0.1549999999999999,1,9,1,47168,558442,1601,106355,5.172866723479936,0.15998116718336575
2013,0.155,39,846,39,48014,557596,1640,106316,5.165030197487866,0.16013568063237296
2014,0.1550238095238095,0,1,0,48015,557595,1640,106316,5.165020934454778,0.16013592183289627
2015,0.1551190476190476,0,1,0,48016,557594,1640,106316,5.1650116714216905,0.16013616303414618
2016,0.1551666666666666,0,5,0,48021,557589,1640,106316,5.1649653562562525,0.160137369051295
2017,0.1551904761904761,0,1,0,48022,557588,1640,106316,5.164956093223165,0.16013761025690462
2018,0.15525,0,1,0,48023,557587,1640,106316,5.164946830190077,0.16013785146324086
2019,0.1552857142857142,0,2,0,48025,557585,1640,106316,5.164928304123903,0.16013833387809326
2020,0.1553333333333333,1,15,1,48040,557570,1641,106315,5.164789358627589,0.16014068701657666
2021,0.1553571428571428,0,1,0,48041,557569,1641,106315,5.164780095594502,0.16014092823445059
2022,0.1553787878787878,0,1,0,48042,557568,1641,106315,5.164770832561414,0.1601411694530512
2023,0.1554047619047619,0,1,0,48043,557567,1641,106315,5.164761569528326,0.16014141067237853
2024,0.1554166666666666,0,4,0,48047,557563,1641,106315,5.164724517395976,0.16014237555695474
2025,0.1554761904761904,1,3,1,48050,557560,1642,106314,5.164696728296714,0.16014183414322597
2026,0.1555,0,6,0,48056,557554,1642,106314,5.164641150098189,0.16014328149571902
2027,0.1555555555555555,0,2,0,48058,557552,1642,106314,5.164622624032013,0.16014376395236388
2028,0.1555952380952381,0,2,0,48060,557550,1642,106314,5.164604097965838,0.16014424641191569
2029,0.1556190476190476,0,1,0,48061,557549,1642,106314,5.164594834932751,0.16014448764278172
2030,0.1556666666666666,2,15,2,48076,557534,1644,106312,5.164455889436437,0.16014557593176731
2031,0.1557142857142857,0,4,0,48080,557530,1644,106312,5.164418837304087,0.1601465408937669
2032,0.1557272727272727,0,1,0,48081,557529,1644,106312,5.164409574271,0.1601467821360838
2033,0.1557619047619047,0,4,0,48085,557525,1644,106312,5.164372522138649,0.1601477471126195
2034,0.1558333333333333,2,76,2,48161,557449,1646,106310,5.163668531623995,0.16016355333788318
2035,0.1559523809523809,0,4,0,48165,557445,1646,106310,5.163631479491645,0.1601645185347003
2036,0.1559999999999999,0,1,0,48166,557444,1646,106310,5.163622216458557,0.16016475983572226
2037,0.156,2,74,2,48240,557370,1648,106308,5.162936752010078,0.16018008733150715
2038,0.1560238095238095,0,1,0,48241,557369,1648,106308,5.16292748897699,0.16018032868398333
2039,0.1561111111111111,1,0,1,48241,557369,1649,106307,5.16292748897699,0.1601790632778645
2040,0.1561428571428571,0,1,0,48242,557368,1649,106307,5.162918225943903,0.16017930462952498
2041,0.1561666666666666,1,5,1,48247,557363,1650,106306,5.162871910778465,0.16017924597954702
2042,0.1561904761904762,0,4,0,48251,557359,1650,106306,5.162834858646115,0.16018021140183678
2043,0.15625,0,4,0,48255,557355,1650,106306,5.1627978065137645,0.16018117683576405
2044,0.1562619047619048,0,1,0,48256,557354,1650,106306,5.162788543480677,0.16018141819606424
2045,0.1563333333333333,1,13,1,48269,557341,1651,106305,5.162668124050539,0.1601832904892066
2046,0.1563571428571428,0,1,0,48270,557340,1651,106305,5.1626588610174515,0.16018353185814704
2047,0.1563888888888888,1,1,1,48271,557339,1652,106304,5.162649597984364,0.16018250776396345
2048,0.1564285714285714,0,7,0,48278,557332,1652,106304,5.162584756752751,0.16018419736120404
2049,0.1564999999999999,0,1,0,48279,557331,1652,106304,5.162575493719664,0.1601844387351481
2050,0.1565,2,10,2,48289,557321,1654,106302,5.162482863388788,0.1601843215198991
2051,0.1565079365079365,0,2,0,48291,557319,1654,106302,5.162464337322613,0.1601848042783456
2052,0.1565555555555555,0,1,0,48292,557318,1654,106302,5.162455074289525,0.16018504565866007
2053,0.1566111111111111,0,2,0,48294,557316,1654,106302,5.16243654822335,0.16018552842147138
2054,0.1566666666666666,22,393,22,48687,556923,1676,106280,5.1587961762199415,0.16025259234352077
2055,0.1568095238095238,0,1,0,48688,556922,1676,106280,5.158786913186854,0.16025283397818463
2056,0.1568333333333333,0,6,0,48694,556916,1676,106280,5.158731334988328,0.16025428380147044
2057,0.1569700577200577,0,1,0,48695,556915,1676,106280,5.158722071955241,0.16025452544123522
2058,0.157,0,30,0,48725,556885,1676,106280,5.158444180962614,0.16026177497304592
2059,0.1570238095238095,0,1,0,48726,556884,1676,106280,5.158434917929527,0.1602620166354024
2060,0.1570833333333333,0,4,0,48730,556880,1676,106280,5.158397865797177,0.16026298329211652
2061,0.1571428571428571,1,13,1,48743,556867,1677,106279,5.158277446367038,0.16026485871889448
2062,0.1571666666666666,0,1,0,48744,556866,1677,106279,5.158268183333951,0.1602651003928251
2063,0.15725,0,1,0,48745,556865,1677,106279,5.158258920300863,0.16026534206748458
2064,0.1572619047619047,0,6,0,48751,556859,1677,106279,5.158203342102338,0.16026679213074804
2065,0.1573253968253968,0,1,0,48752,556858,1677,106279,5.158194079069251,0.16026703381050975
2066,0.1573333333333333,3,20,3,48772,556838,1680,106276,5.1580088184075,0.16026806853723494
2067,0.1573809523809523,0,1,0,48773,556837,1680,106276,5.157999555374412,0.16026831022766858
2068,0.1574285714285714,0,1,0,48774,556836,1680,106276,5.157990292341324,0.16026855191883121
2069,0.1574358974358974,0,1,0,48775,556835,1680,106276,5.157981029308237,0.1602687936107228
2070,0.1574523809523809,0,1,0,48776,556834,1680,106276,5.157971766275149,0.16026903530334333
2071,0.1574761904761904,0,2,0,48778,556832,1680,106276,5.157953240208974,0.16026951869077133
2072,0.1574999999999999,1,1,1,48779,556831,1681,106275,5.157943977175886,0.16026849402659604
2073,0.1575,14,208,14,48987,556623,1695,106261,5.156017266293675,0.16030104814718715
2074,0.1576666666666666,2,25,2,49012,556598,1697,106259,5.1557856904664865,0.16030456041046562
2075,0.15775,0,1,0,49013,556597,1697,106259,5.155776427433398,0.16030480224965904
2076,0.1577777777777777,0,1,0,49014,556596,1697,106259,5.155767164400311,0.16030504408958218
2077,0.1577777777777778,0,1,0,49015,556595,1697,106259,5.155757901367224,0.16030528593023502
2078,0.1578333333333333,0,3,0,49018,556592,1697,106259,5.155730112267961,0.1603060114565717
2079,0.1578571428571428,0,6,0,49024,556586,1697,106259,5.155674534069436,0.1603074625289472
2080,0.1578571428571429,0,2,0,49026,556584,1697,106259,5.155656008003261,0.1603079462255768
2081,0.1579166666666666,2,3,2,49029,556581,1699,106257,5.155628218903998,0.16030613815140352
2082,0.158,3,44,3,49073,556537,1702,106254,5.1552206454481455,0.16031297950636023
2083,0.1580357142857142,0,3,0,49076,556534,1702,106254,5.155192856348883,0.16031370513648407
2084,0.1580454545454545,0,3,0,49079,556531,1702,106254,5.15516506724962,0.16031443077317684
2085,0.1580555555555555,0,3,0,49082,556528,1702,106254,5.155137278150358,0.1603151564164386
2086,0.1580952380952381,0,1,0,49083,556527,1702,106254,5.15512801511727,0.16031539829898564
2087,0.1581666666666666,0,9,0,49092,556518,1702,106254,5.155044647819482,0.16031757527475513
2088,0.1581785714285714,0,1,0,49093,556517,1702,106254,5.155035384786395,0.16031781716460136
2089,0.1581904761904762,0,3,0,49096,556514,1702,106254,5.155007595687132,0.16031854283851965
2090,0.1582142857142857,1,1,1,49097,556513,1703,106253,5.154998332654044,0.16031751779662806
2091,0.1582222222222222,0,1,0,49098,556512,1703,106253,5.154989069620957,0.1603177596885774
2092,0.1582380952380952,0,2,0,49100,556510,1703,106253,5.154970543554781,0.16031824347466592
2093,0.1582857142857142,0,1,0,49101,556509,1703,106253,5.154961280521694,0.16031848536880508
2094,0.1583333333333333,3,207,3,49308,556302,1706,106250,5.15304383267257,0.16036477136888877
2095,0.1583888888888889,0,1,0,49309,556301,1706,106250,5.153034569639483,0.16036501341028842
2096,0.1583928571428571,0,2,0,49311,556299,1706,106250,5.153016043573308,0.1603654974952796
2097,0.1584025974025974,0,1,0,49312,556298,1706,106250,5.15300678054022,0.16036573953887115
2098,0.1584444444444444,0,1,0,49313,556297,1706,106250,5.152997517507132,0.16036598158319335
2099,0.1584523809523809,0,2,0,49315,556295,1706,106250,5.152978991440958,0.16036646567402968
2100,0.1585,1,5,1,49320,556290,1707,106249,5.15293267627552,0.1603664086189643
2101,0.1585238095238095,0,2,0,49322,556288,1707,106249,5.1529141502093445,0.16036689271693505
2102,0.1585714285714285,1,6,1,49328,556282,1708,106248,5.152858572010819,0.16036707771723543
2103,0.1586666666666666,1,14,1,49342,556268,1709,106247,5.152728889547594,0.1603691991879429
2104,0.1586904761904762,0,1,0,49343,556267,1709,106247,5.152719626514506,0.16036944124954342
2105,0.1587142857142857,0,1,0,49344,556266,1709,106247,5.152710363481418,0.16036968331187462
2106,0.1587222222222222,0,1,0,49345,556265,1709,106247,5.152701100448331,0.1603699253749366
2107,0.15875,0,6,0,49351,556259,1709,106247,5.152645522249806,0.16037137776865418
2108,0.1587619047619047,1,0,1,49351,556259,1710,106246,5.152645522249806,0.16037011041426102
2109,0.1587693417693417,0,1,0,49352,556258,1710,106246,5.152636259216718,0.16037035248089068
2110,0.1588333333333333,0,3,0,49355,556255,1710,106246,5.152608470117455,0.16037107868516426
2111,0.1588571428571428,0,2,0,49357,556253,1710,106246,5.152589944051281,0.16037156282500048
2112,0.1588888888888888,1,2,1,49359,556251,1711,106245,5.152571417985105,0.16037077959715984
2113,0.1589285714285714,0,2,0,49361,556249,1711,106245,5.15255289191893,0.16037126373974708
2114,0.1589999999999999,0,1,0,49362,556248,1711,106245,5.152543628885843,0.16037150581213688
2115,0.159,4,47,4,49409,556201,1715,106241,5.152108266330727,0.16037781420864014
2116,0.159047619047619,0,2,0,49411,556199,1715,106241,5.152089740264552,0.16037829841193166
2117,0.1590833333333333,0,2,0,49413,556197,1715,106241,5.1520712141983775,0.1603787826181469
2118,0.159095238095238,0,1,0,49414,556196,1715,106241,5.152061951165289,0.16037902472235097
2119,0.1590952380952381,0,2,0,49416,556194,1715,106241,5.152043425099114,0.16037950893295191
2120,0.1591190476190476,0,1,0,49417,556193,1715,106241,5.152034162066027,0.16037975103934882
2121,0.1591428571428571,0,1,0,49418,556192,1715,106241,5.15202489903294,0.1603799931464767
2122,0.1591666666666666,2,47,2,49465,556145,1717,106239,5.151589536477824,0.16038883789463512
2123,0.1592142857142857,0,1,0,49466,556144,1717,106239,5.151580273444737,0.1603890800337569
2124,0.1592857142857142,0,6,0,49472,556138,1717,106239,5.151524695246211,0.16039053288384109
2125,0.1593333333333333,0,28,0,49500,556110,1717,106239,5.1512653303197595,0.16039731319893288
2126,0.1593452380952381,0,1,0,49501,556109,1717,106239,5.151256067286672,0.1603975553636457
2127,0.1594047619047619,0,1,0,49502,556108,1717,106239,5.151246804253585,0.16039779752908973
2128,0.1594166666666666,0,2,0,49504,556106,1717,106239,5.15122827818741,0.16039828186217153
2129,0.1594285714285714,0,1,0,49505,556105,1717,106239,5.1512190151543225,0.16039852402980928
2130,0.1594444444444444,0,1,0,49506,556104,1717,106239,5.151209752121234,0.16039876619817828
2131,0.1595,0,3,0,49509,556101,1717,106239,5.151181963021972,0.16039949270767279
2132,0.1595357142857142,0,1,0,49510,556100,1717,106239,5.1511726999888845,0.1603997348789668
2133,0.1595833333333333,0,2,0,49512,556098,1717,106239,5.151154173922709,0.16040021922374864
2134,0.1595952380952381,1,1,1,49513,556097,1718,106238,5.151144910889622,0.1603991937614651
2135,0.1596190476190476,0,1,0,49514,556096,1718,106238,5.151135647856534,0.16039943593413594
2136,0.1596428571428571,0,1,0,49515,556095,1718,106238,5.1511263848234465,0.16039967810753805
2137,0.1596666666666666,0,12,0,49527,556083,1718,106238,5.151015228426396,0.16040258424540366
2138,0.1597619047619047,0,2,0,49529,556081,1718,106238,5.150996702360221,0.16040306861195286
2139,0.1597857142857143,0,2,0,49531,556079,1718,106238,5.150978176294045,0.16040355298142733
2140,0.1598333333333333,0,7,0,49538,556072,1718,106238,5.150913335062433,0.16040524829762498
2141,0.1599166666666666,0,3,0,49541,556069,1718,106238,5.15088554596317,0.16040597487267988
2142,0.1599999999999999,0,15,0,49556,556054,1718,106238,5.1507466004668565,0.16040960784668998
2143,0.16,97,2547,97,52103,553507,1815,106141,5.127153655192856,0.1609055132434268
2144,0.160047619047619,0,1,0,52104,553506,1815,106141,5.127144392159769,0.16090575717012282
2145,0.1600833333333333,0,2,0,52106,553504,1815,106141,5.127125866093594,0.16090624502573353
2146,0.1601190476190476,0,2,0,52108,553502,1815,106141,5.127107340027418,0.16090673288430257
2147,0.1601666666666666,0,11,0,52119,553491,1815,106141,5.127005446663455,0.16090941615931306
2148,0.1602142857142857,1,1,1,52120,553490,1816,106140,5.126996183630368,0.160908388035717
2149,0.1603055555555556,0,1,0,52121,553489,1816,106140,5.126986920597281,0.16090863197342747
2150,0.1603095238095238,0,1,0,52122,553488,1816,106140,5.1269776575641925,0.1609088759118776
2151,0.1603333333333333,1,12,1,52134,553476,1817,106139,5.126866501167142,0.16091053114316684
2152,0.1603571428571428,1,6,1,52140,553470,1818,106138,5.126810922968617,0.16091072273228949
2153,0.1604166666666666,0,2,0,52142,553468,1818,106138,5.126792396902442,0.16091121063180142
2154,0.1604761904761904,0,3,0,52145,553465,1818,106138,5.126764607803179,0.16091194248661694
2155,0.1605,1,6,1,52151,553459,1819,106137,5.126709029604654,0.16091213409420313
2156,0.1606666666666666,2,20,2,52171,553439,1821,106135,5.126523768942903,0.1609144690360748
2157,0.1606666666666667,1,4,1,52175,553435,1822,106134,5.126486716810552,0.16091417274007724
2158,0.1606858974358974,0,1,0,52176,553434,1822,106134,5.126477453777465,0.16091441670911869
2159,0.1607142857142857,0,6,0,52182,553428,1822,106134,5.12642187557894,0.1609158805389031
2160,0.1607222222222222,0,3,0,52185,553425,1822,106134,5.126394086479677,0.1609166124637826
2161,0.1607619047619047,0,3,0,52188,553422,1822,106134,5.1263662973804145,0.1609173443953205
2162,0.1608333333333333,2,58,2,52246,553364,1824,106132,5.125829041461336,0.16092895180562125
2163,0.1608571428571429,0,2,0,52248,553362,1824,106132,5.125810515395161,0.1609294398432738
2164,0.1609523809523809,0,3,0,52251,553359,1824,106132,5.125782726295898,0.16093017190530273
2165,0.161,1,36,1,52287,553323,1825,106131,5.125449257104746,0.1609376848119808
2166,0.161047619047619,0,1,0,52288,553322,1825,106131,5.125439994071659,0.1609379288592212
2167,0.1610555555555555,0,2,0,52290,553320,1825,106131,5.1254214680054835,0.16093841695592243
2168,0.1611111111111111,0,3,0,52293,553317,1825,106131,5.125393678906221,0.16093914910652546
2169,0.1611190476190476,0,3,0,52296,553314,1825,106131,5.125365889806958,0.16093988126379
2170,0.1611320346320346,0,2,0,52298,553312,1825,106131,5.125347363740783,0.1609403693723339
2171,0.1611666666666666,1,7,1,52305,553305,1826,106130,5.1252825225091705,0.1609408053864293
2172,0.1611904761904761,0,3,0,52308,553302,1826,106130,5.125254733409908,0.16094153756566257
2173,0.1611904761904762,0,1,0,52309,553301,1826,106130,5.12524547037682,0.1609417816268874
2174,0.16125,0,1,0,52310,553300,1826,106130,5.1252362073437325,0.1609420256888525
2175,0.1613095238095238,0,1,0,52311,553299,1826,106130,5.125226944310645,0.1609422697515578
2176,0.1613333333333333,0,8,0,52319,553291,1826,106130,5.125152840045945,0.16094422227984853
2177,0.1613888888888889,0,1,0,52320,553290,1826,106130,5.1251435770128575,0.16094446634921597
2178,0.1614285714285714,1,5,1,52325,553285,1827,106129,5.1250972618474195,0.1609444142829846
2179,0.1614999999999999,1,11,1,52336,553274,1828,106128,5.124995368483456,0.1609458266732585
2180,0.1615,0,2,0,52338,553272,1828,106128,5.124976842417281,0.16094631483166516
2181,0.1615151515151515,0,1,0,52339,553271,1828,106128,5.124967579384194,0.16094655891197893
2182,0.1615313852813852,0,2,0,52341,553269,1828,106128,5.124949053318018,0.16094704707482746
2183,0.161547619047619,0,1,0,52342,553268,1828,106128,5.124939790284931,0.1609472911573622
2184,0.1616666666666666,13,182,13,52524,553086,1841,106115,5.123253918262996,0.1609751805594955
2185,0.1617142857142857,0,1,0,52525,553085,1841,106115,5.123244655229908,0.16097542475728155
2186,0.1617261904761905,0,3,0,52528,553082,1841,106115,5.123216866130646,0.16097615735508505
2187,0.1618333333333333,0,4,0,52532,553078,1841,106115,5.123179813998296,0.16097713416252904
2188,0.1619523809523809,0,1,0,52533,553077,1841,106115,5.123170550965208,0.16097737836624232
2189,0.162,7,46,7,52579,553031,1848,106108,5.122744451443181,0.16097970230861774
2190,0.1620079365079365,0,1,0,52580,553030,1848,106108,5.122735188410093,0.16097994653623368
2191,0.162047619047619,1,1,1,52581,553029,1849,106107,5.122725925377005,0.16097891785610252
2192,0.1620833333333333,0,2,0,52583,553027,1849,106107,5.122707399310831,0.16097940631191837
2193,0.1621428571428571,0,1,0,52584,553026,1849,106107,5.122698136277743,0.16097965054093788
2194,0.1621666666666666,1,12,1,52596,553014,1850,106106,5.122586979880692,0.16098130841121494
2195,0.1621904761904762,0,4,0,52600,553010,1850,106106,5.1225499277483415,0.16098228536403303
2196,0.1622222222222222,0,1,0,52601,553009,1850,106106,5.122540664715254,0.16098252960409035
2197,0.1622380952380952,0,2,0,52603,553007,1850,106106,5.122522138649079,0.1609830180864283
2198,0.16225,0,1,0,52604,553006,1850,106106,5.122512875615992,0.16098326232870894
2199,0.1622619047619047,0,4,0,52608,553002,1850,106106,5.122475823483642,0.16098423930524283
2200,0.1623333333333333,0,14,0,52622,552988,1850,106106,5.122346141020416,0.1609876588164966
2201,0.1625,9,194,9,52816,552794,1859,106097,5.12054911260143,0.16102359874395006
2202,0.1626190476190476,0,2,0,52818,552792,1859,106097,5.1205305865352555,0.16102408751701727
2203,0.1626666666666666,0,18,0,52836,552774,1859,106097,5.120363851939679,0.16102848660815244
2204,0.1627499999999999,0,1,0,52837,552773,1859,106097,5.120354588906592,0.16102873100915202
2205,0.1627857142857142,0,1,0,52838,552772,1859,106097,5.120345325873504,0.1610289754108935
2206,0.1628333333333333,0,6,0,52844,552766,1859,106097,5.1202897476749785,0.16103044183692208
2207,0.1628571428571428,0,6,0,52850,552760,1859,106097,5.120234169476453,0.16103190828965921
2208,0.1628787878787879,0,2,0,52852,552758,1859,106097,5.120215643410278,0.1610323971131736
2209,0.1629166666666666,0,3,0,52855,552755,1859,106097,5.120187854311015,0.1610331303540097
2210,0.1629999999999999,0,1,0,52856,552754,1859,106097,5.120178591277928,0.16103337476910562
2211,0.163,1,20,1,52876,552734,1860,106096,5.119993330616177,0.1610369898152786
2212,0.1630238095238095,0,4,0,52880,552730,1860,106096,5.119956278483826,0.16103796753619318
2213,0.1630555555555555,0,1,0,52881,552729,1860,106096,5.119947015450739,0.16103821196827686
2214,0.1630833333333333,0,2,0,52883,552727,1860,106096,5.119928489384564,0.1610387008346703
2215,0.1630952380952381,0,1,0,52884,552726,1860,106096,5.119919226351477,0.16103894526898008
2216,0.1631666666666666,0,7,0,52891,552719,1860,106096,5.119854385119863,0.1610406563299257
2217,0.1631666666666667,2,10,2,52901,552709,1862,106094,5.119761754788988,0.16104055385297275
2218,0.1631904761904762,0,1,0,52902,552708,1862,106094,5.119752491755901,0.1610407982975158
2219,0.1632142857142857,1,1,1,52903,552707,1863,106093,5.119743228722813,0.16103976927747418
2220,0.16325,0,1,0,52904,552706,1863,106093,5.119733965689726,0.16104001372193946
2221,0.1632857142857142,0,2,0,52906,552704,1863,106093,5.11971543962355,0.1610405026130963
2222,0.1633333333333332,1,1,1,52907,552703,1864,106092,5.119706176590463,0.16103947358434717
2223,0.1633333333333333,23,472,23,53379,552231,1887,106069,5.115334024973137,0.16112562661400578
2224,0.1633809523809523,0,1,0,53380,552230,1887,106069,5.11532476194005,0.16112587137455775
2225,0.1634285714285714,0,2,0,53382,552228,1887,106069,5.115306235873875,0.1611263608978926
2226,0.1634523809523809,0,4,0,53386,552224,1887,106069,5.115269183741525,0.16112733995348577
2227,0.1635,0,9,0,53395,552215,1887,106069,5.115185816443736,0.16112954287207346
2228,0.1635079365079365,0,1,0,53396,552214,1887,106069,5.115176553410649,0.1611297876445237
2229,0.1636111111111111,0,1,0,53397,552213,1887,106069,5.115167290377562,0.16113003241771764
2230,0.1636666666666666,2,19,2,53416,552194,1889,106067,5.114991292748898,0.1611321345180711
2231,0.1636904761904761,0,1,0,53417,552193,1889,106067,5.11498202971581,0.16113237930301097
2232,0.1637142857142857,0,1,0,53418,552192,1889,106067,5.1149727666827225,0.16113262408869458
2233,0.16375,0,4,0,53422,552188,1889,106067,5.114935714550373,0.16113360323886639
2234,0.1638095238095238,0,1,0,53423,552187,1889,106067,5.1149264515172845,0.16113384802826872
2235,0.163814935064935,0,1,0,53424,552186,1889,106067,5.114917188484197,0.16113409281841481
2236,0.1639285714285714,0,1,0,53425,552185,1889,106067,5.11490792545111,0.16113433760930465
2237,0.1639999999999999,3,88,3,53513,552097,1892,106064,5.114092778539405,0.16115205853886816
2238,0.164,0,2,0,53515,552095,1892,106064,5.114074252473229,0.16115254824442118
2239,0.1640555555555555,0,1,0,53516,552094,1892,106064,5.114064989440142,0.1611527930983138
2240,0.1640833333333333,2,0,2,53516,552094,1894,106062,5.114064989440142,0.16115024401509673
2241,0.1641428571428571,0,1,0,53517,552093,1894,106062,5.114055726407055,0.16115048886660438
2242,0.1641666666666666,1,78,1,53595,552015,1895,106061,5.113333209826226,0.16116831490587713
2243,0.16425,0,1,0,53596,552014,1895,106061,5.1133239467931375,0.16116855981461078
2244,0.1642716727716728,1,1,1,53597,552013,1896,106060,5.11331468376005,0.16116753004605872
2245,0.1642857142857143,0,14,0,53611,551999,1896,106060,5.1131850012968245,0.16117095883499807
2246,0.1643333333333333,0,15,0,53626,551984,1896,106060,5.1130460558005115,0.1611746326993332
2247,0.1643571428571428,0,1,0,53627,551983,1896,106060,5.113036792767423,0.1611748776295774
2248,0.1643809523809523,0,1,0,53628,551982,1896,106060,5.113027529734336,0.16117512256056604
2249,0.1644047619047619,1,2,1,53630,551980,1897,106059,5.113009003668161,0.16117433769123107
2250,0.1644285714285714,1,1,1,53631,551979,1898,106058,5.112999740635074,0.1611733078839032
2251,0.1644444444444444,1,1,1,53632,551978,1899,106057,5.112990477601986,0.16117227807031542
2252,0.1644642857142857,0,1,0,53633,551977,1899,106057,5.112981214568898,0.1611725230003313
2253,0.1644999999999999,0,16,0,53649,551961,1899,106057,5.112833006039498,0.1611764419818303
2254,0.1645021645021645,0,1,0,53650,551960,1899,106057,5.11282374300641,0.16117668692450196
2255,0.1645238095238095,1,3,1,53653,551957,1900,106056,5.112795953907147,0.16117614697581964
2256,0.1646082251082251,0,1,0,53654,551956,1900,106056,5.11278669087406,0.16117639191990418
2257,0.1646349206349206,0,1,0,53655,551955,1900,106056,5.112777427840972,0.16117663686473327
2258,0.1646363636363636,0,1,0,53656,551954,1900,106056,5.112768164807885,0.16117688181030684
2259,0.1646428571428571,0,4,0,53660,551950,1900,106056,5.112731112675535,0.1611778616000462
2260,0.1646666666666666,1,13,1,53673,551937,1901,106055,5.112610693245396,0.16117977118262836
2261,0.1647142857142856,0,1,0,53674,551936,1901,106055,5.112601430212309,0.16118001614003838
2262,0.16475,0,1,0,53675,551935,1901,106055,5.112592167179221,0.16118026109819297
2263,0.1647619047619047,0,2,0,53677,551933,1901,106055,5.1125736411130465,0.16118075101673587
2264,0.1648333333333333,1,7,1,53684,551926,1902,106054,5.112508799881433,0.16118119091765706
2265,0.1648571428571428,0,2,0,53686,551924,1902,106054,5.112490273815258,0.16118168084647208
2266,0.1648809523809523,0,2,0,53688,551922,1902,106054,5.112471747749083,0.16118217077826547
2267,0.1648840048840048,0,1,0,53689,551921,1902,106054,5.112462484715995,0.16118241574527908
2268,0.1649523809523809,0,1,0,53690,551920,1902,106054,5.112453221682908,0.1611826607130373
2269,0.1649880952380952,0,1,0,53691,551919,1902,106054,5.112443958649821,0.16118290568154012
2270,0.1649999999999999,0,1,0,53692,551918,1902,106054,5.112434695616733,0.16118315065078756
2271,0.165,43,870,43,54562,551048,1945,106011,5.10437585683056,0.16134167555729395
2272,0.1651666666666666,0,1,0,54563,551047,1945,106011,5.104366593797473,0.1613419211089432
2273,0.1651923076923077,0,1,0,54564,551046,1945,106011,5.104357330764386,0.16134216666133988
2274,0.1652380952380952,0,1,0,54565,551045,1945,106011,5.104348067731298,0.161342412214484
2275,0.1652499999999999,0,2,0,54567,551043,1945,106011,5.104329541665122,0.16134290332301454
2276,0.1653333333333333,5,12,5,54579,551031,1950,106006,5.104218385268072,0.16133946794472762
2277,0.1653571428571428,0,3,0,54582,551028,1950,106006,5.104190596168809,0.16134020461650386
2278,0.1653809523809523,1,1,1,54583,551027,1951,106005,5.104181333135722,0.16133917373887421
2279,0.1654166666666666,0,1,0,54584,551026,1951,106005,5.104172070102634,0.1613394192968064
2280,0.1654999999999999,0,1,0,54585,551025,1951,106005,5.104162807069547,0.16133966485548606
2281,0.1655,0,13,0,54598,551012,1951,106005,5.104042387639408,0.16134285718634372
2282,0.1655238095238095,0,1,0,54599,551011,1951,106005,5.104033124606321,0.16134310275548844
2283,0.165530303030303,0,1,0,54600,551010,1951,106005,5.104023861573234,0.1613433483253807
2284,0.1656666666666666,2,14,2,54614,550996,1953,106003,5.103894179110008,0.16134423340065968
2285,0.1656666666666667,0,2,0,54616,550994,1953,106003,5.103875653043833,0.16134472455734197
2286,0.1657142857142857,1,17,1,54633,550977,1954,106002,5.103718181481344,0.16134762298338304
2287,0.1657792207792207,0,1,0,54634,550976,1954,106002,5.103708918448257,0.16134786857398573
2288,0.1657857142857143,0,1,0,54635,550975,1954,106002,5.103699655415169,0.16134811416533607
2289,0.1658095238095238,0,2,0,54637,550973,1954,106002,5.103681129348994,0.1613486053502797
2290,0.1658333333333333,2,53,2,54690,550920,1956,106000,5.103190188595353,0.16135906959751567
2291,0.1658571428571428,0,1,0,54691,550919,1956,106000,5.103180925562266,0.16135931522760036
2292,0.1659166666666666,0,1,0,54692,550918,1956,106000,5.103171662529179,0.16135956085843287
2293,0.1659523809523809,0,5,0,54697,550913,1956,106000,5.103125347363741,0.1613607890238129
2294,0.166,8,67,8,54764,550846,1964,105992,5.102504724146875,0.1613670341849893
2295,0.1660555555555555,0,1,0,54765,550845,1964,105992,5.102495461113787,0.16136727985786428
2296,0.1660714285714285,0,1,0,54766,550844,1964,105992,5.102486198080699,0.1613675255314873
2297,0.1661428571428571,1,2,1,54768,550842,1965,105991,5.102467672014525,0.16136674009984273
2298,0.1661666666666666,0,2,0,54770,550840,1965,105991,5.102449145948349,0.16136723144918555
2299,0.1661904761904762,0,3,0,54773,550837,1965,105991,5.102421356849087,0.16136796847881027
2300,0.16625,1,13,1,54786,550824,1966,105990,5.102300937418948,0.1613698855383716
2301,0.1662619047619047,0,2,0,54788,550822,1966,105990,5.102282411352773,0.16137037691150588
2302,0.1662857142857143,0,1,0,54789,550821,1966,105990,5.102273148319686,0.1613706225991952
2303,0.1663095238095238,0,1,0,54790,550820,1966,105990,5.1022638852865985,0.16137086828763264
2304,0.1663333333333333,0,15,0,54805,550805,1966,105990,5.102124939790285,0.16137455370397155
2305,0.1663809523809524,0,2,0,54807,550803,1966,105990,5.10210641372411,0.16137504510553555
2306,0.1664285714285714,0,4,0,54811,550799,1966,105990,5.102069361591759,0.16137602791764175
2307,0.1664761904761904,0,3,0,54814,550796,1966,105990,5.102041572492497,0.16137676503457749
2308,0.1664999999999999,0,21,0,54835,550775,1966,105990,5.101847048797659,0.16138192504168158
2309,0.1665440115440115,0,1,0,54836,550774,1966,105990,5.1018377857645705,0.16138217076453643
2310,0.1666071428571428,0,3,0,54839,550771,1966,105990,5.101809996665308,0.1613829079375907
2311,0.1666666666666666,22,447,22,55286,550324,1988,105968,5.097669420875171,0.16146471387735947
2312,0.1667272727272727,0,3,0,55289,550321,1988,105968,5.097641631775908,0.16146545195790268
2313,0.1667619047619047,0,2,0,55291,550319,1988,105968,5.097623105709734,0.16146594401534695
2314,0.1667857142857143,0,1,0,55292,550318,1988,105968,5.097613842676646,0.16146619004519372
2315,0.1668333333333333,0,8,0,55300,550310,1988,105968,5.097539738411945,0.16146815831095968
2316,0.1668571428571428,0,2,0,55302,550308,1988,105968,5.097521212345771,0.16146865038489905
2317,0.1668888888888889,0,1,0,55303,550307,1988,105968,5.097511949312683,0.16146889642299342
2318,0.1668928571428571,0,1,0,55304,550306,1988,105968,5.097502686279595,0.16146914246183758
2319,0.1669047619047619,1,1,1,55305,550305,1989,105967,5.097493423246508,0.16146811078333373
2320,0.1669999999999999,0,30,0,55335,550275,1989,105967,5.097215532253881,0.1614754922726677
2321,0.167,1,0,1,55335,550275,1990,105966,5.097215532253881,0.16147421450351318
2322,0.1670238095238095,0,1,0,55336,550274,1990,105966,5.097206269220794,0.16147446056320858
2323,0.1670555555555555,0,2,0,55338,550272,1990,105966,5.097187743154619,0.1614749526848491
2324,0.1670833333333333,1,1,1,55339,550271,1991,105965,5.097178480121531,0.16147392096745683
2325,0.1671190476190476,0,1,0,55340,550270,1991,105965,5.097169217088443,0.1614741670285797
2326,0.1671428571428571,0,9,0,55349,550261,1991,105965,5.0970858497906555,0.1614763816124323
2327,0.1671904761904762,0,1,0,55350,550260,1991,105965,5.097076586757568,0.16147662768105453
2328,0.1672380952380952,0,2,0,55352,550258,1991,105965,5.097058060691393,0.1614771198205488
2329,0.1672619047619047,0,1,0,55353,550257,1991,105965,5.097048797658306,0.1614773658914209
2330,0.1673181818181818,0,2,0,55355,550255,1991,105965,5.09703027159213,0.16147785803541495
2331,0.1673333333333333,2,25,2,55380,550230,1993,105963,5.096798695764941,0.16148145438918124
2332,0.1673809523809523,0,1,0,55381,550229,1993,105963,5.096789432731854,0.1614817004779089
2333,0.1674166666666666,0,1,0,55382,550228,1993,105963,5.096780169698766,0.16148194656738663
2334,0.1674761904761904,0,1,0,55383,550227,1993,105963,5.096770906665679,0.1614821926576144
2335,0.1674999999999999,0,1,0,55384,550226,1993,105963,5.096761643632591,0.16148243874859225
2336,0.1675,9,218,9,55602,550008,2002,105954,5.094742302419505,0.1615246005103954
2337,0.1675238095238095,1,1,1,55603,550007,2003,105953,5.0947330393864165,0.16152356851027502
2338,0.1675555555555555,0,1,0,55604,550006,2003,105953,5.094723776353329,0.16152381475061703
2339,0.1676190476190475,0,2,0,55606,550004,2003,105953,5.094705250287154,0.16152430723355343
2340,0.1676190476190476,0,7,0,55613,549997,2003,105953,5.0946404090555415,0.16152603094748075
2341,0.1676666666666666,1,18,1,55631,549979,2004,105952,5.094473674459965,0.16152918523442253
2342,0.1677499999999999,0,1,0,55632,549978,2004,105952,5.094464411426878,0.1615294314942143
2343,0.1677857142857143,0,5,0,55637,549973,2004,105952,5.09441809626144,0.16153066280443648
2344,0.1678333333333333,0,5,0,55642,549968,2004,105952,5.094371781096002,0.16153189413343091
2345,0.1678571428571428,0,5,0,55647,549963,2004,105952,5.094325465930564,0.16153312548119803
2346,0.1679166666666666,0,2,0,55649,549961,2004,105952,5.094306939864389,0.16153361802556132
2347,0.1679166666666667,0,1,0,55650,549960,2004,105952,5.094297676831301,0.16153386429886937
2348,0.1679722222222222,1,2,1,55652,549958,2005,105951,5.094279150765127,0.1615330785215632
2349,0.1679761904761904,0,1,0,55653,549957,2005,105951,5.094269887732039,0.1615333247955506
2350,0.1679999999999999,0,1,0,55654,549956,2005,105951,5.0942606246989515,0.16153357107028893
2351,0.168,1,54,1,55708,549902,2006,105950,5.093760420912224,0.16154559260320925
2352,0.1680238095238095,0,1,0,55709,549901,2006,105950,5.093751157879136,0.16154583891768098
2353,0.1680555555555555,0,1,0,55710,549900,2006,105950,5.0937418948460484,0.16154608523290387
2354,0.1680714285714285,0,1,0,55711,549899,2006,105950,5.093732631812961,0.16154633154887788
2355,0.1680952380952381,0,1,0,55712,549898,2006,105950,5.093723368779873,0.161546577865603
2356,0.1681428571428571,1,0,1,55712,549898,2007,105949,5.093723368779873,0.1615452994372163
2357,0.1681666666666666,0,4,0,55716,549894,2007,105949,5.093686316647523,0.16154628470533344
2358,0.1681666666666667,0,1,0,55717,549893,2007,105949,5.093677053614435,0.1615465310242406
2359,0.1681904761904762,0,2,0,55719,549891,2007,105949,5.093658527548261,0.16154702366430837
2360,0.1682142857142857,1,3,1,55722,549888,2008,105948,5.093630738448998,0.1615464841820211
2361,0.1682600732600732,1,0,1,55722,549888,2009,105947,5.093630738448998,0.16154520573009978
2362,0.1683333333333333,13,236,13,55958,549652,2022,105934,5.091444662640335,0.16158673309070054
2363,0.1683888888888889,0,1,0,55959,549651,2022,105934,5.0914353996072474,0.16158697956786686
2364,0.1684166666666667,0,3,0,55962,549648,2022,105934,5.091407610507985,0.16158771900387747
2365,0.1685,2,11,2,55973,549637,2024,105932,5.091305717144022,0.16158787251990256
2366,0.1685714285714285,0,7,0,55980,549630,2024,105932,5.091240875912408,0.1615895979327661
2367,0.1685833333333333,0,1,0,55981,549629,2024,105932,5.091231612879321,0.16158984442332597
2368,0.1686666666666666,2,12,2,55993,549617,2026,105930,5.091120456482271,0.16159024448285172
2369,0.1686666666666667,0,1,0,55994,549616,2026,105930,5.091111193449183,0.16159049098003803
2370,0.1686904761904762,2,0,2,55994,549616,2028,105928,5.091111193449183,0.16158793307543048
2371,0.1687222222222222,0,1,0,55995,549615,2028,105928,5.091101930416095,0.1615881795702189
2372,0.16875,1,2,1,55997,549613,2029,105927,5.09108340434992,0.16158739359917015
2373,0.1687619047619048,1,3,1,56000,549610,2030,105926,5.091055615250657,0.16158685411632617
2374,0.1687777777777778,0,1,0,56001,549609,2030,105926,5.09104635221757,0.16158710061247683
2375,0.1687878787878787,0,1,0,56002,549608,2030,105926,5.091037089184483,0.16158734710937953
2376,0.1688333333333332,0,1,0,56003,549607,2030,105926,5.091027826151395,0.16158759360703429
2377,0.1688333333333333,0,5,0,56008,549602,2030,105926,5.090981510985957,0.1615888261065889
2378,0.1688571428571428,0,1,0,56009,549601,2030,105926,5.09097224795287,0.16158907260875602
2379,0.1688589466089466,0,1,0,56010,549600,2030,105926,5.090962984919782,0.1615893191116752
2380,0.1689166666666666,0,2,0,56012,549598,2030,105926,5.090944458853607,0.16158981211976983
2381,0.1689285714285714,0,2,0,56014,549596,2030,105926,5.090925932787432,0.1615903051308728
2382,0.1689999999999999,3,39,3,56053,549557,2033,105923,5.090564674497017,0.16159608226032832
2383,0.169,0,1,0,56054,549556,2033,105923,5.09055541146393,0.1615963287916165
2384,0.169047619047619,0,2,0,56056,549554,2033,105923,5.090536885397754,0.16159682185644958
2385,0.1690714285714285,0,3,0,56059,549551,2033,105923,5.090509096298492,0.16159756145934087
2386,0.1690833333333333,0,3,0,56062,549548,2033,105923,5.090481307199229,0.1615983010690023
2387,0.1691428571428571,0,1,0,56063,549547,2033,105923,5.090472044166142,0.16159854760706058
2388,0.1691666666666666,4,39,4,56102,549508,2037,105919,5.090110785875727,0.16160304656353797
2389,0.1691666666666667,3,25,3,56127,549483,2040,105916,5.089879210048538,0.16160537321540008
2390,0.1691947496947496,0,1,0,56128,549482,2040,105916,5.089869947015451,0.1616056197913329
2391,0.16925,1,1,1,56129,549481,2041,105915,5.089860683982363,0.16160458715036405
2392,0.1692619047619047,0,1,0,56130,549480,2041,105915,5.089851420949276,0.16160483372622617
2393,0.1692857142857143,0,8,0,56138,549472,2041,105915,5.089777316684575,0.1616068063602116
2394,0.1693333333333333,2,19,2,56157,549453,2043,105913,5.0896013190559115,0.16160893302368448
2395,0.1694047619047619,0,1,0,56158,549452,2043,105913,5.089592056022824,0.16160917961746507
2396,0.1694999999999999,1,11,1,56169,549441,2044,105912,5.089490162658861,0.1616106129063268
2397,0.1695238095238095,0,1,0,56170,549440,2044,105912,5.089480899625774,0.16161085950756235
2398,0.1695833333333333,0,3,0,56173,549437,2044,105912,5.08945311052651,0.16161159931578442
2399,0.169595238095238,0,2,0,56175,549435,2044,105912,5.089434584460336,0.16161209252502873
2400,0.1696190476190476,0,1,0,56176,549434,2044,105912,5.089425321427248,0.16161233913077977
2401,0.1696428571428571,0,1,0,56177,549433,2044,105912,5.089416058394161,0.1616125857372834
2402,0.1696666666666666,0,4,0,56181,549429,2044,105912,5.089379006261811,0.16161357217082403
2403,0.1696666666666667,0,6,0,56187,549423,2044,105912,5.089323428063285,0.16161505184371353
2404,0.1697222222222222,0,2,0,56189,549421,2044,105912,5.08930490199711,0.16161554507403106
2405,0.16975,0,1,0,56190,549420,2044,105912,5.089295638964022,0.1616157916903188
2406,0.1697619047619047,0,5,0,56195,549415,2044,105912,5.089249323798585,0.16161702478304724
2407,0.1698333333333333,0,5,0,56200,549410,2044,105912,5.089203008633147,0.16161825789459228
2408,0.1699066717596129,1,4,1,56204,549406,2045,105911,5.089165956500796,0.16161796504592435
2409,0.1699999999999999,0,2,0,56206,549404,2045,105911,5.089147430434622,0.1616184582986808
2410,0.17,124,2813,124,59019,546591,2169,105787,5.063090518359331,0.16215598931907574
2411,0.170047619047619,0,5,0,59024,546586,2169,105787,5.063044203193893,0.1621572321356034
2412,0.1700714285714286,0,1,0,59025,546585,2169,105787,5.063034940160806,0.162157480701195
2413,0.170095238095238,0,1,0,59026,546584,2169,105787,5.063025677127719,0.16215772926754868
2414,0.1701190476190476,0,1,0,59027,546583,2169,105787,5.063016414094631,0.16215797783466437
2415,0.1701666666666666,0,12,0,59039,546571,2169,105787,5.06290525769758,0.16216096069949323
2416,0.1702619047619047,0,1,0,59040,546570,2169,105787,5.062895994664493,0.16216120927651578
2417,0.1702777777777777,0,1,0,59041,546569,2169,105787,5.062886731631405,0.16216145785430042
2418,0.1703333333333333,0,17,0,59058,546552,2169,105787,5.062729260068917,0.16216568379324248
2419,0.1703571428571428,0,1,0,59059,546551,2169,105787,5.062719997035829,0.16216593238474533
2420,0.1703809523809523,0,1,0,59060,546550,2169,105787,5.062710734002742,0.16216618097701035
2421,0.1703968253968253,0,1,0,59061,546549,2169,105787,5.062701470969654,0.16216642957003752
2422,0.1704166666666666,0,4,0,59065,546545,2169,105787,5.062664418837304,0.1621674239497679
2423,0.1704285714285714,0,1,0,59066,546544,2169,105787,5.062655155804216,0.16216767254660594
2424,0.1704761904761904,0,2,0,59068,546542,2169,105787,5.062636629738042,0.16216816974256856
2425,0.1704999999999999,0,3,0,59071,546539,2169,105787,5.062608840638779,0.1621689155422289
2426,0.1705,0,10,0,59081,546529,2169,105787,5.062516210307903,0.1621714015906401
2427,0.1705079365079365,0,1,0,59082,546528,2169,105787,5.062506947274816,0.16217165019967347
2428,0.170547619047619,0,1,0,59083,546527,2169,105787,5.062497684241728,0.16217189880946906
2429,0.1705555555555555,0,2,0,59085,546525,2169,105787,5.062479158175553,0.16217239603134695
2430,0.1706111111111111,0,3,0,59088,546522,2169,105787,5.062451369076291,0.1621731418698807
2431,0.1706666666666666,2,24,2,59112,546498,2171,105785,5.062229056282189,0.1621765399374198
2432,0.1706666666666667,0,2,0,59114,546496,2171,105785,5.062210530216014,0.1621770371971589
2433,0.1706904761904761,0,2,0,59116,546494,2171,105785,5.062192004149839,0.16217753445994734
2434,0.1707142857142856,0,1,0,59117,546493,2171,105785,5.062182741116751,0.1621777830924851
2435,0.1707142857142857,0,3,0,59120,546490,2171,105785,5.062154952017488,0.1621785289946725
2436,0.1708333333333333,4,75,4,59195,546415,2175,105781,5.061460224535922,0.16219204042956412
2437,0.1708939393939394,0,1,0,59196,546414,2175,105781,5.0614509615028345,0.16219228911598524
2438,0.1709523809523809,0,4,0,59200,546410,2175,105781,5.061413909370485,0.16219328386929596
2439,0.1709999999999999,0,3,0,59203,546407,2175,105781,5.061386120271222,0.16219402994228657
2440,0.171,0,48,0,59251,546359,2175,105781,5.060941494683019,0.1622059680436716
2441,0.1710714285714285,0,1,0,59252,546358,2175,105781,5.0609322316499314,0.16220621677280458
2442,0.1710833333333333,0,3,0,59255,546355,2175,105781,5.060904442550669,0.16220696296478035
2443,0.1711111111111111,0,2,0,59257,546353,2175,105781,5.0608859164844935,0.16220746042991163
2444,0.1711190476190476,1,0,1,59257,546353,2176,105780,5.0608859164844935,0.16220617573409105
2445,0.1711428571428571,0,1,0,59258,546352,2176,105780,5.060876653451406,0.16220642446621236
2446,0.1711666666666666,0,5,0,59263,546347,2176,105780,5.060830338285968,0.1622076681382614
2447,0.1711904761904762,0,5,0,59268,546342,2176,105780,5.06078402312053,0.16220891182938163
2448,0.17125,0,4,0,59272,546338,2176,105780,5.0607469709881805,0.1622099067960093
2449,0.1712777777777777,0,2,0,59274,546336,2176,105780,5.060728444922005,0.1622104042839004
2450,0.1713333333333333,0,13,0,59287,546323,2176,105780,5.0606080254918675,0.16221363802957509
2451,0.1713535353535353,0,2,0,59289,546321,2176,105780,5.060589499425692,0.1622141355403534
2452,0.1713888888888888,0,1,0,59290,546320,2176,105780,5.060580236392604,0.16221438429688698
2453,0.1714285714285714,1,11,1,59301,546309,2177,105779,5.060478343028641,0.16221583589944916
2454,0.1714523809523809,0,1,0,59302,546308,2177,105779,5.060469079995554,0.1622160846635495
2455,0.1714999999999999,0,12,0,59314,546296,2177,105779,5.060357923598503,0.162219069892267
2456,0.1715,0,2,0,59316,546294,2177,105779,5.060339397532328,0.16221956744106872
2457,0.171547619047619,0,4,0,59320,546290,2177,105779,5.060302345399978,0.16222056254782852
2458,0.1716190476190476,0,2,0,59322,546288,2177,105779,5.060283819333803,0.16222106010578669
2459,0.1716666666666666,5,166,5,59488,546122,2182,105774,5.058746155841269,0.16225594266570129
2460,0.1716666666666667,1,88,1,59576,546034,2183,105773,5.057931008929564,0.16227656346126998
2461,0.1717142857142857,1,1,1,59577,546033,2184,105772,5.0579217458964765,0.16227552718988042
2462,0.1717857142857143,1,4,1,59581,546029,2185,105771,5.057884693764126,0.16227523780300707
2463,0.1718095238095238,0,1,0,59582,546028,2185,105771,5.0578754307310385,0.16227548676816012
2464,0.1718181818181818,0,1,0,59583,546027,2185,105771,5.057866167697951,0.1622757357340771
2465,0.1718333333333333,0,9,0,59592,546018,2185,105771,5.057782800400163,0.1622779764617077
2466,0.1719047619047619,0,1,0,59593,546017,2185,105771,5.057773537367075,0.16227822543526424
2467,0.1719444444444444,0,3,0,59596,546014,2185,105771,5.057745748267813,0.16227897236051766
2468,0.1719523809523809,0,1,0,59597,546013,2185,105771,5.0577364852347255,0.1622792213371301
2469,0.172,4,72,4,59669,545941,2189,105767,5.057069546852421,0.16229200807723704
2470,0.1720238095238095,0,1,0,59670,545940,2189,105767,5.057060283819334,0.1622922571032688
2471,0.1720833333333333,0,2,0,59672,545938,2189,105767,5.057041757753159,0.162292755157625
2472,0.172095238095238,0,1,0,59673,545937,2189,105767,5.0570324947200715,0.16229300418594944
2473,0.172099234099234,0,1,0,59674,545936,2189,105767,5.057023231686983,0.16229325321503815
2474,0.1721190476190476,0,4,0,59678,545932,2189,105767,5.056986179554634,0.16229424933903536
2475,0.1721428571428571,0,5,0,59683,545927,2189,105767,5.056939864389196,0.16229549451122766
2476,0.1721666666666667,1,2,1,59685,545925,2190,105766,5.05692133832302,0.16229470715415742
2477,0.1722222222222222,1,2,1,59687,545923,2191,105765,5.056902812256846,0.1622939197898381
2478,0.1723095238095238,0,1,0,59688,545922,2191,105765,5.056893549223758,0.16229416882644582
2479,0.1723333333333333,3,11,3,59699,545911,2194,105762,5.0567916558597945,0.16229305188338322
2480,0.1723809523809523,0,2,0,59701,545909,2194,105762,5.05677312979362,0.1622935499661639
2481,0.1724444444444444,0,1,0,59702,545908,2194,105762,5.056763866760532,0.16229379900870072
2482,0.1724523809523809,0,1,0,59703,545907,2194,105762,5.056754603727445,0.16229404805200187
2483,0.172469696969697,0,2,0,59705,545905,2194,105762,5.056736077661269,0.1622945461408971
2484,0.1724801587301587,0,1,0,59706,545904,2194,105762,5.056726814628182,0.16229479518649123
2485,0.1724999999999999,0,5,0,59711,545899,2194,105762,5.056680499462744,0.162296040425927
2486,0.1725,7,245,7,59956,545654,2201,105755,5.054411056356293,0.16234807931729528
2487,0.1725238095238095,0,1,0,59957,545653,2201,105755,5.054401793323206,0.1623483285437084
2488,0.1725952380952381,0,2,0,59959,545651,2201,105755,5.05438326725703,0.16234882699883021
2489,0.1726190476190476,0,1,0,59960,545650,2201,105755,5.054374004223943,0.16234907622753894
2490,0.1726666666666666,1,21,1,59981,545629,2202,105754,5.054179480529104,0.16235302425761802
2491,0.1726666666666667,0,1,0,59982,545628,2202,105754,5.054170217496017,0.1623532735015705
2492,0.1727777777777777,0,1,0,59983,545627,2202,105754,5.05416095446293,0.16235352274628828
2493,0.1727916666666666,0,1,0,59984,545626,2202,105754,5.054151691429841,0.1623537719917713
2494,0.1728333333333333,1,4,1,59988,545622,2203,105753,5.054114639297492,0.16235348301669544
2495,0.1728571428571428,0,9,0,59997,545613,2203,105753,5.054031271999704,0.16235572627370787
2496,0.1728809523809523,1,0,1,59997,545613,2204,105752,5.054031271999704,0.16235444029077398
2497,0.1729166666666666,0,1,0,59998,545612,2204,105752,5.054022008966616,0.16235468954378812
2498,0.1729285714285714,0,1,0,59999,545611,2204,105752,5.0540127459335284,0.16235493879756757
2499,0.1729761904761904,0,1,0,60000,545610,2204,105752,5.054003482900441,0.16235518805211235
2500,0.173,2,23,2,60023,545587,2206,105750,5.053790433139427,0.1623583490574004
2501,0.1730238095238095,0,1,0,60024,545586,2206,105750,5.0537811701063395,0.1623585983271307
2502,0.1730357142857143,0,1,0,60025,545585,2206,105750,5.053771907073252,0.16235884759762642
2503,0.1730555555555555,1,2,1,60027,545583,2207,105749,5.053753381007077,0.162358060098383
2504,0.1730952380952381,0,1,0,60028,545582,2207,105749,5.05374411797399,0.1623583093695832
2505,0.1731666666666666,1,4,1,60032,545578,2208,105748,5.053707065841639,0.16235802040759928
2506,0.1732142857142856,0,1,0,60033,545577,2208,105748,5.053697802808552,0.1623582696810348
2507,0.1732222222222222,0,2,0,60035,545575,2208,105748,5.053679276742376,0.16235876823020223
2508,0.1732271062271062,0,1,0,60036,545574,2208,105748,5.053670013709289,0.1623590175059341
2509,0.1732857142857143,0,6,0,60042,545568,2208,105748,5.053614435510764,0.16236051317639977
2510,0.1733333333333333,20,489,20,60531,545079,2228,105728,5.04908481233095,0.1624567652161086
2511,0.1734444444444444,0,1,0,60532,545078,2228,105728,5.0490755492978625,0.16245701484005987
2512,0.173452380952381,0,2,0,60534,545076,2228,105728,5.049057023231687,0.16245751409026374
2513,0.1735,2,13,2,60547,545063,2230,105726,5.048936603801549,0.1624581853719101
2514,0.1735714285714285,0,1,0,60548,545062,2230,105726,5.048927340768461,0.16245843500494786
2515,0.1735833333333333,0,2,0,60550,545060,2230,105726,5.048908814702286,0.16245893427332486
2516,0.1736190476190476,0,1,0,60551,545059,2230,105726,5.048899551669199,0.16245918390866415
2517,0.1736363636363636,0,1,0,60552,545058,2230,105726,5.048890288636111,0.1624594335447706
2518,0.1736666666666666,1,17,1,60569,545041,2231,105725,5.048732817073622,0.1624623904752246
2519,0.1736904761904762,0,1,0,60570,545040,2231,105725,5.048723554040535,0.16246264012354691
2520,0.1737301587301587,0,1,0,60571,545039,2231,105725,5.048714291007448,0.16246288977263648
2521,0.17375,1,5,1,60576,545034,2232,105724,5.04866797584201,0.1624628510137409
2522,0.1737619047619047,0,1,0,60577,545033,2232,105724,5.048658712808922,0.16246310066583994
2523,0.1737738095238095,0,1,0,60578,545032,2232,105724,5.0486494497758345,0.16246335031870623
2524,0.1737777777777777,0,1,0,60579,545031,2232,105724,5.048640186742747,0.16246359997233983
2525,0.1737777777777778,0,4,0,60583,545027,2232,105724,5.048603134610397,0.16246459859454693
2526,0.1738333333333333,0,7,0,60590,545020,2232,105724,5.048538293378784,0.1624663462129501
2527,0.1738690476190476,0,2,0,60592,545018,2232,105724,5.048519767312609,0.16246684553939963
2528,0.1739285714285714,0,5,0,60597,545013,2232,105724,5.048473452147171,0.16246809386895167
2529,0.174,6,98,6,60695,544915,2238,105718,5.0475656749045905,0.16248484168494373
2530,0.1740238095238095,0,1,0,60696,544914,2238,105718,5.047556411871503,0.1624850914188051
2531,0.1740476190476191,0,1,0,60697,544913,2238,105718,5.047547148838416,0.16248534115343413
2532,0.1741071428571428,0,2,0,60699,544911,2238,105718,5.047528622772241,0.1624858406249952
2533,0.1741666666666666,5,43,5,60742,544868,2243,105713,5.047130312349475,0.1624901434256457
2534,0.1741666666666667,2,14,2,60756,544854,2245,105711,5.0470006298862495,0.16249106545848607
2535,0.1741904761904761,0,1,0,60757,544853,2245,105711,5.046991366853162,0.16249131522801755
2536,0.1742857142857143,2,13,2,60770,544840,2247,105709,5.046870947423024,0.16249198753668057
2537,0.1743333333333333,0,29,0,60799,544811,2247,105709,5.046602319463485,0.16249923138412348
2538,0.1744166666666667,0,1,0,60800,544810,2247,105709,5.046593056430398,0.1624994811834858
2539,0.1744285714285714,0,4,0,60804,544806,2247,105709,5.046556004298047,0.16250048038861517
2540,0.1744444444444444,0,1,0,60805,544805,2247,105709,5.04654674126496,0.16250073019181754
2541,0.1744523809523809,0,1,0,60806,544804,2247,105709,5.046537478231873,0.16250097999578794
2542,0.1745,0,10,0,60816,544794,2247,105709,5.046444847900997,0.1625034780777337
2543,0.1745238095238095,0,5,0,60821,544789,2247,105709,5.046398532735559,0.16250472714750852
2544,0.1745833333333333,0,1,0,60822,544788,2247,105709,5.0463892697024715,0.1625049769637677
2545,0.1746428571428571,0,1,0,60823,544787,2247,105709,5.046380006669384,0.16250522678079496
2546,0.1746666666666666,3,4,3,60827,544783,2250,105706,5.0463429545370335,0.16250236360645606
2547,0.1746666666666667,0,18,0,60845,544765,2250,105706,5.046176219941458,0.16250686041345425
2548,0.17475,0,1,0,60846,544764,2250,105706,5.04616695690837,0.16250711024336248
2549,0.1748095238095238,0,1,0,60847,544763,2250,105706,5.046157693875283,0.16250736007403888
2550,0.1748333333333333,0,4,0,60851,544759,2250,105706,5.046120641742933,0.16250835940442607
2551,0.1749166666666666,0,3,0,60854,544756,2250,105706,5.046092852643669,0.16250910891028222
2552,0.1749285714285714,0,2,0,60856,544754,2250,105706,5.046074326577495,0.1625096085846939
2553,0.1749523809523809,0,1,0,60857,544753,2250,105706,5.046065063544407,0.16250985842305202
2554,0.1749999999999999,0,4,0,60861,544749,2250,105706,5.046028011412057,0.16251085778416646
2555,0.175,38,928,38,61789,543821,2288,105668,5.037431916706806,0.16269405640434248
2556,0.1750128205128205,0,1,0,61790,543820,2288,105668,5.037422653673719,0.16269430690020448
2557,0.1750238095238095,0,1,0,61791,543819,2288,105668,5.037413390640632,0.1626945573968378
2558,0.175047619047619,0,1,0,61792,543818,2288,105668,5.037404127607544,0.1626948078942425
2559,0.1751111111111111,0,1,0,61793,543817,2288,105668,5.037394864574456,0.1626950583924186
2560,0.1751190476190476,0,3,0,61796,543814,2288,105668,5.037367075475194,0.16269580989157514
2561,0.1751349206349206,0,3,0,61799,543811,2288,105668,5.037339286375931,0.16269656139767413
2562,0.1751666666666666,0,6,0,61805,543805,2288,105668,5.037283708177406,0.16269806443069998
2563,0.1751904761904762,0,3,0,61808,543802,2288,105668,5.0372559190781425,0.16269881595762697
2564,0.1752777777777777,0,6,0,61814,543796,2288,105668,5.037200340879617,0.16270031903230972
2565,0.1753333333333333,1,18,1,61832,543778,2289,105667,5.037033606284042,0.16270353917575775
2566,0.1753571428571428,0,1,0,61833,543777,2289,105667,5.0370243432509545,0.16270378970319227
2567,0.1753809523809524,0,2,0,61835,543775,2289,105667,5.037005817184779,0.16270429076037582
2568,0.1754047619047619,0,1,0,61836,543774,2289,105667,5.036996554151691,0.1627045412901249
2569,0.1754166666666666,1,3,1,61839,543771,2290,105666,5.036968765052428,0.1627040036215984
2570,0.1754529914529914,0,1,0,61840,543770,2290,105666,5.036959502019341,0.16270425415283415
2571,0.1754761904761904,0,1,0,61841,543769,2290,105666,5.036950238986254,0.16270450468484143
2572,0.1754761904761905,0,2,0,61843,543767,2290,105666,5.036931712920079,0.16270500575117064
2573,0.1754999999999999,0,4,0,61847,543763,2290,105666,5.036894660787729,0.16270600789308762
2574,0.1755,0,5,0,61852,543758,2290,105666,5.036848345622291,0.162707260587844
2575,0.1755238095238095,0,2,0,61854,543756,2290,105666,5.036829819556115,0.16270776167114756
2576,0.1755555555555555,0,4,0,61858,543752,2290,105666,5.036792767423766,0.1627087638470138
2577,0.175625,0,1,0,61859,543751,2290,105666,5.0367835043906775,0.16270901439290933
2578,0.1756666666666666,5,26,5,61885,543725,2295,105661,5.036542665530401,0.16270908211756951
2579,0.1756666666666667,0,2,0,61887,543723,2295,105661,5.036524139464226,0.162709583235805
2580,0.1757142857142856,0,5,0,61892,543718,2295,105661,5.036477824298788,0.16271083604489828
2581,0.1757142857142857,0,2,0,61894,543716,2295,105661,5.0364592982326135,0.1627113371739375
2582,0.1757460317460317,0,2,0,61896,543714,2295,105661,5.036440772166438,0.16271183830606353
2583,0.1757619047619047,0,1,0,61897,543713,2295,105661,5.036431509133351,0.16271208887328412
2584,0.1758333333333333,7,80,7,61977,543633,2302,105654,5.035690466486346,0.1627231101192539
2585,0.1758571428571428,0,3,0,61980,543630,2302,105654,5.035662677387084,0.16272386197719335
2586,0.1759285714285714,0,1,0,61981,543629,2302,105654,5.035653414353996,0.16272411259805047
2587,0.1759523809523809,0,2,0,61983,543627,2302,105654,5.035634888287821,0.1627246138420807
2588,0.1759722222222222,0,1,0,61984,543626,2302,105654,5.035625625254734,0.16272486446525383
2589,0.176,5,88,5,62072,543538,2307,105649,5.0348104783430285,0.16274047385422075
2590,0.1760595238095238,0,2,0,62074,543536,2307,105649,5.034791952276853,0.16274097522277933
2591,0.1760714285714285,0,3,0,62077,543533,2307,105649,5.034764163177591,0.16274172728140954
2592,0.1760833333333332,0,3,0,62080,543530,2307,105649,5.034736374078328,0.16274247934699057
2593,0.1761428571428571,1,1,1,62081,543529,2308,105648,5.034727111045241,0.1627414403159693
2594,0.1761666666666666,0,3,0,62084,543526,2308,105648,5.034699321945978,0.1627421923860167
2595,0.1761904761904762,1,5,1,62089,543521,2309,105647,5.03465300678054,0.16274215611367165
2596,0.17625,0,8,0,62097,543513,2309,105647,5.03457890251584,0.16274416168587097
2597,0.1762857142857142,0,1,0,62098,543512,2309,105647,5.034569639482752,0.16274441238587156
2598,0.1763333333333333,0,13,0,62111,543499,2309,105647,5.034449220052614,0.16274767155616765
2599,0.1764166666666666,0,2,0,62113,543497,2309,105647,5.0344306939864385,0.1627481729785687
2600,0.1764285714285714,0,5,0,62118,543492,2309,105647,5.034384378821001,0.16274942654808908
2601,0.1764999999999999,0,1,0,62119,543491,2309,105647,5.034375115787913,0.16274967726431053
2602,0.1765,0,16,0,62135,543475,2309,105647,5.034226907258513,0.16275368882891045
2603,0.1765357142857143,0,1,0,62136,543474,2309,105647,5.034217644225425,0.16275393955826417
2604,0.176547619047619,0,2,0,62138,543472,2309,105647,5.0341991181592505,0.1627544410192892
2605,0.1765714285714285,0,1,0,62139,543471,2309,105647,5.034189855126162,0.16275469175096052
2606,0.1765833333333333,0,1,0,62140,543470,2309,105647,5.034180592093075,0.16275494248340439
2607,0.176595238095238,0,1,0,62141,543469,2309,105647,5.034171329059987,0.16275519321662077
2608,0.1766190476190476,0,3,0,62144,543466,2309,105647,5.034143539960724,0.16275594542090513
2609,0.1766666666666666,15,499,15,62643,542967,2324,105632,5.029521286450035,0.1628617990468687
2610,0.1766904761904761,0,1,0,62644,542966,2324,105632,5.029512023416948,0.16286205014508215
2611,0.1767857142857143,0,1,0,62645,542965,2324,105632,5.02950276038386,0.1628623012440699
2612,0.1768181818181818,0,1,0,62646,542964,2324,105632,5.029493497350773,0.1628625523438319
2613,0.1768333333333333,1,9,1,62655,542955,2325,105631,5.029410130052985,0.16286352156845815
2614,0.1769166666666667,0,1,0,62656,542954,2325,105631,5.029400867019897,0.16286377267436034
2615,0.177,0,37,0,62693,542917,2325,105631,5.029058134795657,0.1628730641371186
2616,0.1770833333333333,0,3,0,62696,542914,2325,105631,5.029030345696395,0.16287381754542862
2617,0.1771428571428571,1,9,1,62705,542905,2326,105630,5.028946978398607,0.1628747870199758
2618,0.1771666666666667,0,1,0,62706,542904,2326,105630,5.02893771536552,0.1628750381629953
2619,0.1772023809523809,0,1,0,62707,542903,2326,105630,5.028928452332432,0.16287528930678932
2620,0.1772222222222222,0,3,0,62710,542900,2326,105630,5.028900663233169,0.16287604274281836
2621,0.1772619047619047,0,1,0,62711,542899,2326,105630,5.028891400200082,0.1628762938897104
2622,0.1772857142857142,0,2,0,62713,542897,2326,105630,5.028872874133906,0.16287679618581802
2623,0.1773333333333333,0,31,0,62744,542866,2326,105630,5.028585720108192,0.16288458217167107
2624,0.1773809523809523,0,5,0,62749,542861,2326,105630,5.028539404942754,0.16288583804555498
2625,0.1774166666666666,0,1,0,62750,542860,2326,105630,5.028530141909667,0.1628860892226557
2626,0.1775,6,239,6,62989,542621,2332,105624,5.026316277001741,0.16293839520551642
2627,0.177595238095238,0,1,0,62990,542620,2332,105624,5.026307013968654,0.16293864655901172
2628,0.1776190476190476,1,5,1,62995,542615,2333,105623,5.026260698803216,0.16293861205298055
2629,0.177626984126984,0,2,0,62997,542613,2333,105623,5.026242172737041,0.16293911476684417
2630,0.1776666666666666,0,15,0,63012,542598,2333,105623,5.0261032272407276,0.1629428852197013
2631,0.1776666666666667,0,3,0,63015,542595,2333,105623,5.026075438141465,0.16294363933121264
2632,0.1777857142857143,0,2,0,63017,542593,2333,105623,5.02605691207529,0.1629441420760981
2633,0.1778214285714285,0,1,0,63018,542592,2333,105623,5.026047649042202,0.16294439344970418
2634,0.1778333333333333,1,11,1,63029,542581,2334,105622,5.025945755678239,0.16294586726689014
2635,0.1778571428571428,1,2,1,63031,542579,2335,105621,5.025927229612064,0.16294507867941993
2636,0.1778809523809524,0,1,0,63032,542578,2335,105621,5.025917966578977,0.16294533006067582
2637,0.1779166666666666,0,4,0,63036,542574,2335,105621,5.025880914446627,0.16294633559345567
2638,0.1779404761904761,0,2,0,63038,542572,2335,105621,5.025862388380451,0.16294683836449947
2639,0.1779999999999999,0,6,0,63044,542566,2335,105621,5.025806810181926,0.1629483466962466
2640,0.178,2,50,2,63094,542516,2337,105619,5.025343658527548,0.16295833429763862
2641,0.1780238095238095,1,1,1,63095,542515,2338,105618,5.025334395494461,0.16295729425904867
2642,0.178095238095238,0,1,0,63096,542514,2338,105618,5.025325132461373,0.1629575456851382
2643,0.1780952380952381,0,5,0,63101,542509,2338,105618,5.025278817295935,0.16295880282722366
2644,0.1781144688644688,0,1,0,63102,542508,2338,105618,5.025269554262848,0.16295905425796836
2645,0.1781666666666666,0,9,0,63111,542499,2338,105618,5.02518618696506,0.16296131716958512
2646,0.1782142857142857,0,1,0,63112,542498,2338,105618,5.025176923931972,0.16296156860808866
2647,0.1782777777777777,0,2,0,63114,542496,2338,105618,5.025158397865797,0.1629620714874235
2648,0.1782857142857143,0,2,0,63116,542494,2338,105618,5.025139871799622,0.162962574369862
2649,0.1783333333333333,9,246,9,63362,542248,2347,105609,5.022861165660084,0.16301282536115222
2650,0.1784047619047618,0,1,0,63363,542247,2347,105609,5.022851902626996,0.16301307698006964
2651,0.1785,0,17,0,63380,542230,2347,105609,5.022694431064508,0.16301735462051528
2652,0.1785714285714285,1,2,1,63382,542228,2348,105608,5.022675904998333,0.1630165659210047
2653,0.1786190476190476,0,2,0,63384,542226,2348,105608,5.022657378932157,0.16301706918747705
2654,0.1786666666666666,1,14,1,63398,542212,2349,105607,5.022527696468932,0.16301930014402172
2655,0.1786666666666667,0,2,0,63400,542210,2349,105607,5.022509170402756,0.1630198034321421
2656,0.1786904761904761,0,2,0,63402,542208,2349,105607,5.022490644336582,0.1630203067233701
2657,0.17875,1,8,1,63410,542200,2350,105606,5.022416540071881,0.16302102790032819
2658,0.1787619047619047,0,1,0,63411,542199,2350,105606,5.022407277038794,0.16302127955171694
2659,0.1788095238095238,0,5,0,63416,542194,2350,105606,5.022360961873356,0.16302253782031492
2660,0.1788333333333333,0,4,0,63420,542190,2350,105606,5.022323909741005,0.16302354444917844
2661,0.1788888888888889,0,1,0,63421,542189,2350,105606,5.022314646707918,0.16302379610833675
2662,0.1789285714285714,0,4,0,63425,542185,2350,105606,5.022277594575568,0.1630248027527397
2663,0.179,5,46,5,63471,542139,2355,105601,5.02185149505354,0.16302991941210979
2664,0.1790277777777777,0,3,0,63474,542136,2355,105601,5.021823705954278,0.16303067448671296
2665,0.179030303030303,0,3,0,63477,542133,2355,105601,5.021795916855015,0.16303142956831046
2666,0.179047619047619,0,2,0,63479,542131,2355,105601,5.02177739078884,0.16303193295992788
2667,0.1791666666666666,4,64,4,63543,542067,2359,105597,5.021184556671236,0.16304287408285778
2668,0.1791904761904761,0,1,0,63544,542066,2359,105597,5.021175293638149,0.16304312582315186
2669,0.1792222222222222,0,1,0,63545,542065,2359,105597,5.021166030605062,0.16304337756422332
2670,0.17925,0,1,0,63546,542064,2359,105597,5.0211567675719735,0.16304362930607216
2671,0.179281746031746,0,1,0,63547,542063,2359,105597,5.021147504538886,0.16304388104869838
2672,0.1792857142857142,0,2,0,63549,542061,2359,105597,5.021128978472711,0.16304438453628303
2673,0.1792857142857143,1,3,1,63552,542058,2360,105596,5.021101189373448,0.16304384748646653
2674,0.1793333333333333,4,18,4,63570,542040,2364,105592,5.020934454777873,0.16304320972404082
2675,0.1794047619047619,0,1,0,63571,542039,2364,105592,5.020925191744785,0.16304346147729185
2676,0.1794166666666666,0,2,0,63573,542037,2364,105592,5.02090666567861,0.1630439649861263
2677,0.1795,1,12,1,63585,542025,2365,105591,5.020795509281559,0.16304569374444114
2678,0.1795238095238095,1,5,1,63590,542020,2366,105590,5.020749194116122,0.16304566019672334
2679,0.1795555555555555,0,1,0,63591,542019,2366,105590,5.020739931083034,0.16304591196231058
2680,0.1795833333333333,0,3,0,63594,542016,2366,105590,5.020712141983771,0.1630466672637375
2681,0.1796190476190476,0,1,0,63595,542015,2366,105590,5.020702878950684,0.1630469190324349
2682,0.1796428571428571,0,3,0,63598,542012,2366,105590,5.020675089851421,0.16304767434319226
2683,0.1796666666666666,0,3,0,63601,542009,2366,105590,5.020647300752159,0.1630484296609476
2684,0.1796666666666667,1,11,1,63612,541998,2367,105589,5.020545407388195,0.16304990680788836
2685,0.1797619047619047,0,2,0,63614,541996,2367,105589,5.02052688132202,0.16305041037083934
2686,0.1798015873015873,0,1,0,63615,541995,2367,105589,5.020517618288933,0.16305066215348124
2687,0.1798051948051948,0,1,0,63616,541994,2367,105589,5.020508355255845,0.16305091393690074
2688,0.1798095238095238,0,1,0,63617,541993,2367,105589,5.0204990922227575,0.16305116572109787
2689,0.1798333333333333,1,10,1,63627,541983,2368,105588,5.0204064618918816,0.16305239116637404
2690,0.1798809523809523,1,4,1,63631,541979,2369,105587,5.020369409759532,0.1630521058857321
2691,0.1798809523809524,0,1,0,63632,541978,2369,105587,5.0203601467264445,0.16305235767837978
2692,0.1799166666666666,1,1,1,63633,541977,2370,105586,5.020350883693356,0.16305131701471517
2693,0.1799999999999999,1,5,1,63638,541972,2371,105585,5.020304568527918,0.16305128351635453
2694,0.18,126,2840,126,66478,539132,2497,105459,4.9939975545592645,0.16360606958520985
2695,0.180095238095238,0,1,0,66479,539131,2497,105459,4.993988291526177,0.16360632339937015
2696,0.1801190476190476,0,1,0,66480,539130,2497,105459,4.99397902849309,0.16360657721431796
2697,0.1801666666666666,0,10,0,66490,539120,2497,105459,4.993886398162214,0.16360911540711068
2698,0.1801666666666667,0,2,0,66492,539118,2497,105459,4.993867872096039,0.16360962305511986
2699,0.18025,0,2,0,66494,539116,2497,105459,4.993849346029864,0.16361013070627933
2700,0.1803030303030303,0,1,0,66495,539115,2497,105459,4.993840082996776,0.16361038453304041
2701,0.1803095238095238,0,1,0,66496,539114,2497,105459,4.993830819963689,0.16361063836058912
2702,0.1803333333333333,0,19,0,66515,539095,2497,105459,4.993654822335025,0.16361546123365925
2703,0.1803809523809524,0,2,0,66517,539093,2497,105459,4.99363629626885,0.16361596892104904
2704,0.1804166666666666,0,1,0,66518,539092,2497,105459,4.993627033235763,0.16361622276592544
2705,0.1804404761904762,0,1,0,66519,539091,2497,105459,4.993617770202675,0.16361647661158948
2706,0.1804444444444444,1,3,1,66522,539088,2498,105458,4.993589981103413,0.16361594052247627
2707,0.1804523809523809,0,2,0,66524,539086,2498,105458,4.993571455037237,0.16361644821765464
2708,0.1804761904761904,0,3,0,66527,539083,2498,105458,4.993543665937975,0.16361720976632985
2709,0.1804761904761905,0,1,0,66528,539082,2498,105458,4.993534402904888,0.16361746361746363
2710,0.1804999999999999,0,2,0,66530,539080,2498,105458,4.993515876838712,0.16361797132209427
2711,0.1805,0,10,0,66540,539070,2498,105458,4.993423246507836,0.16362050989251048
2712,0.1805555555555555,1,0,1,66540,539070,2499,105457,4.993423246507836,0.16361921222850245
2713,0.1805897435897436,0,3,0,66543,539067,2499,105457,4.993395457408574,0.16361997381012966
2714,0.1805952380952381,1,1,1,66544,539066,2500,105456,4.9933861943754865,0.16361892999773475
2715,0.1806666666666666,2,32,2,66576,539034,2502,105454,4.993089777316684,0.1636244584848748
2716,0.1806666666666667,0,5,0,66581,539029,2502,105454,4.993043462151247,0.16362572790903718
2717,0.1806984126984127,0,2,0,66583,539027,2502,105454,4.993024936085072,0.16362623568421722
2718,0.1807142857142857,1,7,1,66590,539020,2503,105453,4.9929600948534585,0.16362671516106958
2719,0.1808333333333333,4,81,4,66671,538939,2507,105449,4.9922097891733666,0.16364209141076494
2720,0.1808571428571428,0,3,0,66674,538936,2507,105449,4.992182000074104,0.16364285326318892
2721,0.1809523809523809,0,3,0,66677,538933,2507,105449,4.992154210974841,0.16364361512270673
2722,0.1809880952380952,0,2,0,66679,538931,2507,105449,4.992135684908667,0.16364412303299294
2723,0.1809999999999999,0,5,0,66684,538926,2507,105449,4.992089369743229,0.16364539282250243
2724,0.181,2,33,2,66717,538893,2509,105447,4.9917836896513395,0.16365117794952974
2725,0.1810555555555555,0,1,0,66718,538892,2509,105447,4.991774426618252,0.16365143193256965
2726,0.1810952380952381,0,1,0,66719,538891,2509,105447,4.991765163585164,0.16365168591639792
2727,0.1811111111111111,0,1,0,66720,538890,2509,105447,4.991755900552077,0.16365193990101454
2728,0.1811666666666666,2,6,2,66726,538884,2511,105445,4.991700322353552,0.163650867802008
2729,0.1811904761904762,0,4,0,66730,538880,2511,105445,4.991663270221201,0.16365188375431652
2730,0.18125,1,3,1,66733,538877,2512,105444,4.991635481121938,0.163651347697809
2731,0.1812777777777777,0,1,0,66734,538876,2512,105444,4.991626218088851,0.16365160168860193
2732,0.1812857142857142,0,1,0,66735,538875,2512,105444,4.991616955055764,0.16365185568018326
2733,0.1813095238095238,0,1,0,66736,538874,2512,105444,4.991607692022676,0.163652109672553
2734,0.1813333333333333,0,22,0,66758,538852,2512,105444,4.991403905294749,0.16365769770416083
2735,0.1813571428571428,0,1,0,66759,538851,2512,105444,4.991394642261662,0.16365795171466488
2736,0.1813809523809523,0,1,0,66760,538850,2512,105444,4.991385379228575,0.1636582057259574
2737,0.1813888888888889,0,1,0,66761,538849,2512,105444,4.991376116195487,0.16365845973803844
2738,0.1814047619047619,0,1,0,66762,538848,2512,105444,4.9913668531624,0.16365871375090799
2739,0.1814285714285714,0,7,0,66769,538841,2512,105444,4.991302011930786,0.16366049186307302
2740,0.1814523809523809,0,1,0,66770,538840,2512,105444,4.991292748897699,0.16366074588225069
2741,0.1815,2,17,2,66787,538823,2514,105442,4.991135277335211,0.1636624680837854
2742,0.1815301365301365,0,2,0,66789,538821,2514,105442,4.991116751269035,0.16366297614483527
2743,0.181547619047619,0,1,0,66790,538820,2514,105442,4.991107488235948,0.16366323017654308
2744,0.1816190476190476,0,1,0,66791,538819,2514,105442,4.991098225202861,0.1636634842090395
2745,0.1816666666666666,15,261,15,67052,538558,2529,105427,4.988680573567009,0.16371033486804817
2746,0.1817222222222222,0,1,0,67053,538557,2529,105427,4.988671310533921,0.16371058908295857
2747,0.1817261904761905,0,1,0,67054,538556,2529,105427,4.988662047500834,0.1637108432986585
2748,0.1817380952380952,0,1,0,67055,538555,2529,105427,4.988652784467746,0.16371109751514795
2749,0.1817460317460317,1,1,1,67056,538554,2530,105426,4.988643521434659,0.16371005310723935
2750,0.1817619047619047,0,1,0,67057,538553,2530,105426,4.988634258401571,0.16371030732368602
2751,0.1817857142857143,0,2,0,67059,538551,2530,105426,4.988615732335396,0.16371081575894791
2752,0.1818333333333333,0,9,0,67068,538542,2530,105426,4.988532365037608,0.16371310375670842
2753,0.1819166666666666,0,1,0,67069,538541,2530,105426,4.98852310200452,0.16371335798262954
2754,0.1819696969696969,0,2,0,67071,538539,2530,105426,4.988504575938345,0.16371386643684052
2755,0.182,2,72,2,67143,538467,2532,105424,4.987837637556042,0.16372957534738022
2756,0.1820357142857143,0,2,0,67145,538465,2532,105424,4.987819111489866,0.16373008391197863
2757,0.182047619047619,0,1,0,67146,538464,2532,105424,4.987809848456779,0.16373033819546257
2758,0.1820952380952381,0,1,0,67147,538463,2532,105424,4.987800585423691,0.16373059247973634
2759,0.1821428571428571,0,4,0,67151,538459,2532,105424,4.987763533291341,0.16373160962472996
2760,0.1821666666666666,1,6,1,67157,538453,2533,105423,4.987707955092816,0.16373183656480442
2761,0.1821666666666667,0,5,0,67162,538448,2533,105423,4.987661639927378,0.1637331080294034
2762,0.1821890331890331,0,1,0,67163,538447,2533,105423,4.987652376894291,0.16373336232469288
2763,0.1822222222222222,0,2,0,67165,538445,2533,105423,4.987633850828115,0.1637338709176415
2764,0.1823095238095238,0,1,0,67166,538444,2533,105423,4.987624587795028,0.16373412521530067
2765,0.1823333333333333,0,15,0,67181,538429,2533,105423,4.987485642298714,0.16373793977497933
2766,0.1823650793650793,0,1,0,67182,538428,2533,105423,4.987476379265627,0.16373819408527748
2767,0.1823809523809523,0,3,0,67185,538425,2533,105423,4.987448590166364,0.16373895702091176
2768,0.1823809523809524,0,1,0,67186,538424,2533,105423,4.987439327133276,0.1637392113343698
2769,0.1824523809523809,2,4,2,67190,538420,2535,105421,4.987402275000926,0.16373763087470353
2770,0.1824642857142857,0,2,0,67192,538418,2535,105421,4.987383748934751,0.16373813950382005
2771,0.1824999999999999,0,2,0,67194,538416,2535,105421,4.987365222868576,0.16373864813609657
2772,0.1825,9,268,9,67462,538148,2544,105412,4.984882730001112,0.16379513953632918
2773,0.1826071428571428,0,1,0,67463,538147,2544,105412,4.984873466968024,0.1637953940508951
2774,0.1826190476190476,0,2,0,67465,538145,2544,105412,4.984854940901849,0.16379590308239986
2775,0.1826666666666666,1,16,1,67481,538129,2545,105411,4.984706732372448,0.16379867607297138
2776,0.1826666666666667,0,3,0,67484,538126,2545,105411,4.9846789432731855,0.16379943965925814
2777,0.1826904761904761,0,1,0,67485,538125,2545,105411,4.984669680240097,0.16379969418960244
2778,0.1827499999999999,0,1,0,67486,538124,2545,105411,4.98466041720701,0.1637999487207378
2779,0.18275,0,2,0,67488,538122,2545,105411,4.984641891140835,0.16380045778538163
2780,0.1827564102564102,0,1,0,67489,538121,2545,105411,4.9846326281077475,0.16380071231889012
2781,0.1828333333333333,0,5,0,67494,538116,2545,105411,4.98458631294231,0.16380198499829843
2782,0.1828571428571428,0,10,0,67504,538106,2545,105411,4.9844936826114346,0.16380453041644588
2783,0.1828888888888888,0,5,0,67509,538101,2545,105411,4.984447367445997,0.16380580315518592
2784,0.1829047619047618,0,1,0,67510,538100,2545,105411,4.984438104412909,0.1638060577053073
2785,0.1829166666666666,1,3,1,67513,538097,2546,105410,4.984410315313646,0.1638055219290544
2786,0.1829999999999999,0,4,0,67517,538093,2546,105410,4.984373263181296,0.16380654014045
2787,0.183,2,14,2,67531,538079,2548,105408,4.98424358071807,0.163807505046722
2788,0.1830238095238095,0,1,0,67532,538078,2548,105408,4.984234317684983,0.16380775960937768
2789,0.1830952380952381,0,1,0,67533,538077,2548,105408,4.984225054651895,0.16380801417282453
2790,0.1831190476190476,0,1,0,67534,538076,2548,105408,4.984215791618808,0.1638082687370626
2791,0.1831428571428571,0,1,0,67535,538075,2548,105408,4.98420652858572,0.1638085233020919
2792,0.1831666666666666,0,6,0,67541,538069,2548,105408,4.984150950387194,0.16381005070888316
2793,0.1831904761904762,0,4,0,67545,538065,2548,105408,4.9841138982548445,0.16381106899590192
2794,0.1832142857142857,0,1,0,67546,538064,2548,105408,4.984104635221757,0.16381132356963474
2795,0.1832359307359307,1,0,1,67546,538064,2549,105407,4.984104635221757,0.16381002407256892
2796,0.1833333333333333,20,516,20,68062,537548,2569,105387,4.979324910148579,0.16391548134725906
2797,0.1833809523809524,0,3,0,68065,537545,2569,105387,4.979297121049316,0.16391624619710948
2798,0.1834090909090909,0,2,0,68067,537543,2569,105387,4.979278594983141,0.16391675610097522
2799,0.1834166666666666,0,1,0,68068,537542,2569,105387,4.979269331950054,0.16391701105409773
2800,0.1835,0,10,0,68078,537532,2569,105387,4.979176701619179,0.16391956062894392
2801,0.1835714285714285,0,5,0,68083,537527,2569,105387,4.979130386453741,0.16392083544610944
2802,0.1835833333333333,0,1,0,68084,537526,2569,105387,4.9791211234206525,0.163921090411922
2803,0.1836363636363636,0,3,0,68087,537523,2569,105387,4.97909333432139,0.16392185531411863
2804,0.1836666666666666,2,16,2,68103,537507,2571,105385,4.97894512579199,0.1639233339347822
2805,0.1836666666666667,0,1,0,68104,537506,2571,105385,4.9789358627589015,0.16392358891320613
2806,0.1837121212121212,0,1,0,68105,537505,2571,105385,4.978926599725814,0.1639238438924233
2807,0.18375,0,5,0,68110,537500,2571,105385,4.978880284560376,0.16392511880040753
2808,0.1837828282828283,0,1,0,68111,537499,2571,105385,4.978871021527289,0.16392537378438413
2809,0.1838095238095237,0,3,0,68114,537496,2571,105385,4.9788432324280265,0.1639261387410734
2810,0.1838333333333333,0,6,0,68120,537490,2571,105385,4.978787654229501,0.1639276686758701
2811,0.1838571428571428,0,3,0,68123,537487,2571,105385,4.978759865130238,0.16392843365397777
2812,0.1838888888888888,0,3,0,68126,537484,2571,105385,4.978732076030975,0.1639291986392251
2813,0.1839285714285714,0,1,0,68127,537483,2571,105385,4.978722812997888,0.16392945363589415
2814,0.1839523809523809,0,2,0,68129,537481,2571,105385,4.978704286931713,0.1639299636316122
2815,0.184,5,87,5,68216,537394,2576,105380,4.9778984030530955,0.16394564808159634
2816,0.1841190476190476,0,1,0,68217,537393,2576,105380,4.977889140020008,0.16394590314154453
2817,0.1841428571428571,1,0,1,68217,537393,2577,105379,4.977889140020008,0.16394460244067882
2818,0.1841666666666666,0,75,0,68292,537318,2577,105379,4.9771944125384415,0.1639637340768667
2819,0.1841904761904762,0,3,0,68295,537315,2577,105379,4.977166623439179,0.16396449943519
2820,0.18425,1,1,1,68296,537314,2578,105378,4.977157360406092,0.16396345372277857
2821,0.1842777777777777,0,1,0,68297,537313,2578,105378,4.977148097373004,0.16396370884297432
2822,0.1842857142857142,0,2,0,68299,537311,2578,105378,4.977129571306829,0.16396421908574754
2823,0.1842857142857143,1,7,1,68306,537304,2579,105377,4.977064730075216,0.16396470410670302
2824,0.1842936507936508,0,2,0,68308,537302,2579,105377,4.97704620400904,0.16396521436051278
2825,0.1843333333333333,0,18,0,68326,537284,2579,105377,4.976879469413465,0.16396980678771544
2826,0.1843467643467643,0,1,0,68327,537283,2579,105377,4.976870206380378,0.16397006193010302
2827,0.1844047619047619,0,2,0,68329,537281,2579,105377,4.976851680314202,0.1639705722172602
2828,0.1844285714285714,0,2,0,68331,537279,2579,105377,4.976833154248027,0.16397108250759349
2829,0.1844761904761904,1,1,1,68332,537278,2580,105376,4.97682389121494,0.16397003675383642
2830,0.1845,1,9,1,68341,537269,2581,105375,4.976740523917152,0.16397103217333392
2831,0.1845238095238094,0,1,0,68342,537268,2581,105375,4.976731260884064,0.1639712873243776
2832,0.1845238095238095,0,2,0,68344,537266,2581,105375,4.976712734817888,0.1639717976288472
2833,0.184547619047619,0,1,0,68345,537265,2581,105375,4.976703471784801,0.16397205278227311
2834,0.1845833333333333,0,3,0,68348,537262,2581,105375,4.9766756826855385,0.16397281824731536
2835,0.1846428571428571,0,4,0,68352,537258,2581,105375,4.976638630553189,0.16397383887848896
2836,0.1846666666666666,0,29,0,68381,537229,2581,105375,4.976370002593649,0.16398123883449217
2837,0.1847619047619047,0,2,0,68383,537227,2581,105375,4.976351476527475,0.16398174920090508
2838,0.1848095238095238,0,1,0,68384,537226,2581,105375,4.976342213494386,0.16398200438530286
2839,0.1848333333333333,0,10,0,68394,537216,2581,105375,4.976249583163511,0.16398455627296368
2840,0.1848571428571428,0,1,0,68395,537215,2581,105375,4.976240320130423,0.16398481146609814
2841,0.1849166666666666,0,1,0,68396,537214,2581,105375,4.976231057097336,0.16398506666002685
2842,0.1849999999999999,0,12,0,68408,537202,2581,105375,4.976119900700286,0.16398812904912563
2843,0.185,54,967,54,69375,536235,2635,105321,4.96716254770462,0.1641649364981389
2844,0.185047619047619,0,1,0,69376,536234,2635,105321,4.967153284671533,0.1641651923841292
2845,0.1850833333333333,0,4,0,69380,536230,2635,105321,4.967116232539182,0.16416621593606745
2846,0.1851190476190476,0,2,0,69382,536228,2635,105321,4.967097706473007,0.16416672771682286
2847,0.1851666666666666,0,5,0,69387,536223,2635,105321,4.96705139130757,0.1641680071826718
2848,0.1851666666666667,0,1,0,69388,536222,2635,105321,4.967042128274482,0.16416826307823482
2849,0.1852121212121212,0,1,0,69389,536221,2635,105321,4.967032865241395,0.16416851897459558
2850,0.1852380952380952,0,1,0,69390,536220,2635,105321,4.967023602208307,0.1641687748717541
2851,0.1852857142857142,0,1,0,69391,536219,2635,105321,4.967014339175219,0.16416903076971037
2852,0.1853095238095238,0,2,0,69393,536217,2635,105321,4.966995813109045,0.16416954256801625
2853,0.1853333333333333,3,26,3,69419,536191,2638,105318,4.966754974248768,0.16417228752831214
2854,0.1853571428571428,0,4,0,69423,536187,2638,105318,4.966717922116418,0.16417331119788622
2855,0.1854166666666666,0,4,0,69427,536183,2638,105318,4.966680869984067,0.16417433488022623
2856,0.1855,0,11,0,69438,536172,2638,105318,4.966578976620104,0.16417715007248748
2857,0.1855555555555555,0,1,0,69439,536171,2638,105318,4.966569713587017,0.16417740600384417
2858,0.1855795454545454,1,4,1,69443,536167,2639,105317,4.966532661454667,0.16417712678726204
2859,0.1856666666666666,3,23,3,69466,536144,2642,105314,4.9663196116936525,0.16417910447761194
2860,0.1856666666666667,0,2,0,69468,536142,2642,105314,4.966301085627478,0.164179616372752
2861,0.1856904761904761,0,1,0,69469,536141,2642,105314,4.96629182259439,0.16417987232151904
2862,0.1857142857142857,0,4,0,69473,536137,2642,105314,4.96625477046204,0.16418089612456757
2863,0.1857692307692307,0,2,0,69475,536135,2642,105314,4.966236244395865,0.16418140803088008
2864,0.1857738095238095,1,3,1,69478,536132,2643,105313,4.966208455296602,0.1641808728729665
2865,0.1857777777777777,0,1,0,69479,536131,2643,105313,4.966199192263515,0.16418112882808164
2866,0.1858333333333333,7,86,7,69565,536045,2650,105306,4.965402571417985,0.1641940216823549
2867,0.1858571428571429,0,1,0,69566,536044,2650,105306,4.965393308384898,0.16419427769548608
2868,0.1858888888888888,0,1,0,69567,536043,2650,105306,4.96538404535181,0.1641945337094156
2869,0.1859047619047619,0,1,0,69568,536042,2650,105306,4.965374782318722,0.16419478972414353
2870,0.1859166666666666,1,0,1,69568,536042,2651,105305,4.965374782318722,0.1641934865213371
2871,0.1859285714285714,0,1,0,69569,536041,2651,105305,4.965365519285635,0.16419374253523059
2872,0.1859523809523809,0,2,0,69571,536039,2651,105305,4.96534699321946,0.16419425456541265
2873,0.1859999999999999,0,4,0,69575,536035,2651,105305,4.96530994108711,0.1641952786353572
2874,0.186,8,78,8,69653,535957,2659,105297,4.964587424506281,0.16420482367361453
2875,0.1860238095238095,0,3,0,69656,535954,2659,105297,4.964559635407018,0.16420559188211792
2876,0.186047619047619,0,1,0,69657,535953,2659,105297,4.96455037237393,0.16420584795321638
2877,0.1860714285714285,0,2,0,69659,535951,2659,105297,4.964531846307755,0.16420636009780928
2878,0.1860952380952381,0,1,0,69660,535950,2659,105297,4.964522583274667,0.16420661617130372
2879,0.1861111111111111,0,1,0,69661,535949,2659,105297,4.96451332024158,0.16420687224559685
2880,0.1861666666666666,0,4,0,69665,535945,2659,105297,4.964476268109229,0.16420789655075618
2881,0.1861904761904761,0,3,0,69668,535942,2659,105297,4.964448479009967,0.16420866478801197
2882,0.1862142857142857,0,1,0,69669,535941,2659,105297,4.9644392159768795,0.16420892086869462
2883,0.1862222222222222,0,1,0,69670,535940,2659,105297,4.964429952943792,0.16420917695017598
2884,0.18625,0,8,0,69678,535932,2659,105297,4.964355848679092,0.1642112256307809
2885,0.1862936507936508,0,1,0,69679,535931,2659,105297,4.964346585646004,0.1642114817194508
2886,0.1863095238095237,0,2,0,69681,535929,2659,105297,4.964328059579829,0.16421199389918686
2887,0.1863333333333333,0,9,0,69690,535920,2659,105297,4.9642446922820405,0.16421429874753787
2888,0.1864285714285714,0,2,0,69692,535918,2659,105297,4.964226166215866,0.16421481094484688
2889,0.1864444444444444,0,1,0,69693,535917,2659,105297,4.964216903182778,0.1642150670446996
2890,0.1864761904761905,0,1,0,69694,535916,2659,105297,4.964207640149691,0.1642153231453511
2891,0.1865,1,12,1,69706,535904,2660,105296,4.96409648375264,0.1642170929507174
2892,0.1865833333333333,0,3,0,69709,535901,2660,105296,4.964068694653378,0.16421786128132226
2893,0.1866666666666666,22,531,22,70240,535370,2682,105274,4.959150024083886,0.16432527269435132
2894,0.1867142857142857,0,1,0,70241,535369,2682,105274,4.959140761050798,0.16432552919488702
2895,0.1867222222222222,0,1,0,70242,535368,2682,105274,4.959131498017711,0.16432578569622347
2896,0.1867619047619047,1,1,1,70243,535367,2683,105273,4.959122234984624,0.16432473776223777
2897,0.1867857142857143,0,3,0,70246,535364,2683,105273,4.959094445885361,0.16432550726854678
2898,0.1868333333333333,0,5,0,70251,535359,2683,105273,4.959048130719923,0.16432678979507737
2899,0.1868412698412698,0,2,0,70253,535357,2683,105273,4.959029604653748,0.16432730281129512
2900,0.1868571428571428,0,1,0,70254,535356,2683,105273,4.95902034162066,0.16432755932060522
2901,0.1869047619047619,0,4,0,70258,535352,2683,105273,4.95898328948831,0.16432858536585365
2902,0.1869444444444444,0,2,0,70260,535350,2683,105273,4.958964763422135,0.1643290983932828
2903,0.1869523809523809,0,2,0,70262,535348,2683,105273,4.95894623735596,0.16432961142391522
2904,0.1869999999999999,0,2,0,70264,535346,2683,105273,4.9589277112897845,0.16433012445775103
2905,0.187,4,39,4,70303,535307,2687,105269,4.95856645299937,0.16433491108002798
2906,0.187047619047619,0,3,0,70306,535304,2687,105269,4.958538663900107,0.16433568071086355
2907,0.1870833333333333,0,2,0,70308,535302,2687,105269,4.958520137833933,0.1643361938020922
2908,0.1870952380952381,0,1,0,70309,535301,2687,105269,4.958510874800845,0.164336450348908
2909,0.1871428571428571,0,10,0,70319,535291,2687,105269,4.95841824446997,0.1643390158611215
2910,0.1871666666666666,1,11,1,70330,535280,2688,105268,4.958316351106006,0.1643405334182606
2911,0.1872222222222222,0,2,0,70332,535278,2688,105268,4.958297825039831,0.16434104654466658
2912,0.1872619047619047,0,1,0,70333,535277,2688,105268,4.958288562006744,0.1643413031090712
2913,0.1873333333333333,5,33,5,70366,535244,2693,105263,4.957982881914854,0.16434324683414858
2914,0.1873571428571429,0,1,0,70367,535243,2693,105263,4.957973618881766,0.16434350341761045
2915,0.1873717948717948,0,1,0,70368,535242,2693,105263,4.957964355848679,0.16434376000187353
2916,0.1873809523809523,0,1,0,70369,535241,2693,105263,4.957955092815592,0.16434401658693779
2917,0.1873809523809524,0,1,0,70370,535240,2693,105263,4.957945829782504,0.16434427317280326
2918,0.1874523809523809,0,1,0,70371,535239,2693,105263,4.957936566749416,0.16434452975946992
2919,0.1874999999999999,0,3,0,70374,535236,2693,105263,4.957908777650154,0.16434529952427718
2920,0.1875,11,238,11,70612,534998,2704,105252,4.955704175775316,0.1643920343615775
2921,0.1876190476190476,0,10,0,70622,534988,2704,105252,4.95561154544444,0.16439460202424092
2922,0.1876666666666666,0,19,0,70641,534969,2704,105252,4.955435547815777,0.16439948080428476
2923,0.1876666666666667,0,4,0,70645,534965,2704,105252,4.9553984956834265,0.16440050795277225
2924,0.1877380952380952,0,1,0,70646,534964,2704,105252,4.955389232650339,0.1644007647418996
2925,0.1877619047619048,0,1,0,70647,534963,2704,105252,4.955379969617251,0.16440102153182914
2926,0.1878055555555555,0,3,0,70650,534960,2704,105252,4.9553521805179885,0.164401791906431
2927,0.1878095238095238,0,1,0,70651,534959,2704,105252,4.955342917484901,0.16440204869956937
2928,0.1878333333333333,0,9,0,70660,534950,2704,105252,4.9552595501871135,0.1644043598739148
2929,0.1878571428571428,1,6,1,70666,534944,2705,105251,4.955203971988588,0.16440459547481626
2930,0.1879166666666666,1,6,1,70672,534938,2706,105250,4.955148393790062,0.16440483108087
2931,0.1879523809523809,0,1,0,70673,534937,2706,105250,4.955139130756975,0.16440508788838262
2932,0.1879761904761904,1,1,1,70674,534936,2707,105249,4.955129867723888,0.16440403945734436
2933,0.187987012987013,0,1,0,70675,534935,2707,105249,4.9551206046908,0.16440429626482386
2934,0.1879999999999999,0,1,0,70676,534934,2707,105249,4.955111341657712,0.16440455307310567
2935,0.188,2,62,2,70738,534872,2709,105247,4.954537033606284,0.16441786605303077
2936,0.1880238095238095,0,2,0,70740,534870,2709,105247,4.954518507540109,0.16441837976494922
2937,0.1880952380952381,0,2,0,70742,534868,2709,105247,4.9544999814739334,0.1644188934800778
2938,0.1881060606060606,0,2,0,70744,534866,2709,105247,4.954481455407759,0.16441940719841652
2939,0.1881190476190476,0,4,0,70748,534862,2709,105247,4.954444403275408,0.16442043464472458
2940,0.1881666666666666,3,8,3,70756,534854,2712,105244,4.954370299010708,0.1644185734059472
2941,0.1881666666666667,1,1,1,70757,534853,2713,105243,4.9543610359776205,0.16441752487126932
2942,0.1881904761904761,0,2,0,70759,534851,2713,105243,4.954342509911445,0.16441803860058055
2943,0.1883333333333333,14,268,14,71027,534583,2727,105229,4.951860017043981,0.16446862515864036
2944,0.1883531746031745,0,1,0,71028,534582,2727,105229,4.951850754010893,0.16446888221677963
2945,0.1884999999999999,0,1,0,71029,534581,2727,105229,4.951841490977806,0.1644691392757225
2946,0.1885,1,17,1,71046,534564,2728,105228,4.9516840194153176,0.16447220346612648
2947,0.1885606060606061,0,2,0,71048,534562,2728,105228,4.951665493349142,0.16447271761046595
2948,0.1885714285714285,0,3,0,71051,534559,2728,105228,4.95163770424988,0.16447348883300222
2949,0.1885833333333333,0,5,0,71056,534554,2728,105228,4.951591389084442,0.16447477421996867
2950,0.1886666666666666,2,20,2,71076,534534,2730,105226,4.951406128422691,0.16447730398899588
2951,0.1886904761904761,0,1,0,71077,534533,2730,105226,4.951396865389603,0.16447756108159478
2952,0.1887222222222222,0,1,0,71078,534532,2730,105226,4.951387602356515,0.16447781817499743
2953,0.18875,1,8,1,71086,534524,2731,105225,4.951313498091815,0.16447856893875568
2954,0.1887619047619047,0,2,0,71088,534522,2731,105225,4.95129497202564,0.1644790831375528
2955,0.1888095238095238,0,4,0,71092,534518,2731,105225,4.95125791989329,0.1644801115447922
2956,0.1888333333333333,0,5,0,71097,534513,2731,105225,4.9512116047278525,0.16448139707192633
2957,0.1888571428571428,1,2,1,71099,534511,2732,105224,4.951193078661677,0.1644806052506116
2958,0.1889047619047619,0,2,0,71101,534509,2732,105224,4.951174552595502,0.16448111946702765
2959,0.1889285714285714,0,1,0,71102,534508,2732,105224,4.9511652895624145,0.16448137657644138
2960,0.1889999999999999,3,44,3,71146,534464,2735,105221,4.950757716106562,0.16448877181737886
2961,0.189,0,4,0,71150,534460,2735,105221,4.950720663974212,0.16448980038487934
2962,0.189047619047619,0,3,0,71153,534457,2735,105221,4.9506928748749495,0.1644905718189464
2963,0.1890952380952381,0,2,0,71155,534455,2735,105221,4.950674348808774,0.16449108611234436
2964,0.1891071428571428,0,1,0,71156,534454,2735,105221,4.950665085775686,0.16449134326024933
2965,0.1891666666666666,5,73,5,71229,534381,2740,105216,4.949988884360295,0.164503585851716
2966,0.1892857142857143,0,3,0,71232,534378,2740,105216,4.949961095261032,0.16450435745175845
2967,0.1893333333333333,2,28,2,71260,534350,2742,105214,4.9497017303345805,0.16450894671995298
2968,0.1893571428571428,0,1,0,71261,534349,2742,105214,4.949692467301493,0.16450920394081583
2969,0.1894761904761905,0,1,0,71262,534348,2742,105214,4.949683204268406,0.16450946116248308
2970,0.1895,0,14,0,71276,534334,2742,105214,4.94955352180518,0.1645130623502849
2971,0.1895238095238094,0,2,0,71278,534332,2742,105214,4.949534995739005,0.16451357681855566
2972,0.1895238095238095,0,5,0,71283,534327,2742,105214,4.949488680573567,0.1645148630033102
2973,0.1895555555555555,0,1,0,71284,534326,2742,105214,4.94947941754048,0.16451512024267442
2974,0.1895833333333333,0,3,0,71287,534323,2742,105214,4.949451628441217,0.16451589196559385
2975,0.1896428571428571,0,2,0,71289,534321,2742,105214,4.949433102375042,0.16451640645156246
2976,0.1896666666666666,0,10,0,71299,534311,2742,105214,4.949340472044166,0.16451897892967438
2977,0.1896825396825396,0,1,0,71300,534310,2742,105214,4.949331209011079,0.1645192361819103
2978,0.1896904761904762,0,5,0,71305,534305,2742,105214,4.949284893845641,0.1645205224551577
2979,0.1897142857142857,0,1,0,71306,534304,2742,105214,4.949275630812553,0.16452077971222076
2980,0.1897222222222222,0,6,0,71312,534298,2742,105214,4.949220052614028,0.16452232327149452
2981,0.1897619047619047,0,1,0,71313,534297,2742,105214,4.94921078958094,0.16452258053418942
2982,0.1897857142857142,0,1,0,71314,534296,2742,105214,4.949201526547853,0.16452283779768886
2983,0.1898333333333333,0,9,0,71323,534287,2742,105214,4.949118159250065,0.16452515320538982
2984,0.1898412698412698,0,1,0,71324,534286,2742,105214,4.949108896216977,0.1645254104769351
2985,0.1898809523809523,0,3,0,71327,534283,2742,105214,4.949081107117714,0.16452618229639857
2986,0.1898888888888888,0,1,0,71328,534282,2742,105214,4.949071844084627,0.16452643957116228
2987,0.1899999999999999,0,4,0,71332,534278,2742,105214,4.949034791952277,0.16452746867826337
2988,0.19,134,2943,134,74275,531335,2876,105080,4.921773685575605,0.16511238735730616
2989,0.1901190476190476,0,2,0,74277,531333,2876,105080,4.92175515950943,0.16511290624170152
2990,0.1901666666666666,3,9,3,74286,531324,2879,105077,4.921671792211642,0.1651113056076279
2991,0.1901666666666667,0,4,0,74290,531320,2879,105077,4.921634740079291,0.16511234339571054
2992,0.1902380952380952,0,1,0,74291,531319,2879,105077,4.921625477046204,0.1651126028447696
2993,0.1902857142857142,0,8,0,74299,531311,2879,105077,4.9215513727815035,0.16511467846659586
2994,0.1903076923076923,1,1,1,74300,531310,2880,105076,4.921542109748416,0.16511362600685747
2995,0.1903333333333333,2,32,2,74332,531278,2882,105074,4.921245692689614,0.16511930503872072
2996,0.1903571428571428,0,1,0,74333,531277,2882,105074,4.921236429656527,0.16511956451706683
2997,0.1903571428571429,0,1,0,74334,531276,2882,105074,4.9212271666234395,0.1651198239962285
2998,0.1904285714285714,0,1,0,74335,531275,2882,105074,4.921217903590351,0.16512008347620566
2999,0.1904999999999999,0,4,0,74339,531271,2882,105074,4.9211808514580015,0.16512112140426968
3000,0.1905,0,7,0,74346,531264,2882,105074,4.921116010226388,0.16512293780978032
3001,0.1905555555555555,0,1,0,74347,531263,2882,105074,4.921106747193301,0.1651231972995441
3002,0.1905833333333333,0,1,0,74348,531262,2882,105074,4.921097484160214,0.16512345679012347
3003,0.1905952380952381,0,1,0,74349,531261,2882,105074,4.921088221127126,0.1651237162815184
3004,0.1906190476190476,0,1,0,74350,531260,2882,105074,4.921078958094038,0.1651239757737289
3005,0.1906666666666666,0,24,0,74374,531236,2882,105074,4.920856645299937,0.1651302038314658
3006,0.1906666666666667,1,7,1,74381,531229,2883,105073,4.920791804068324,0.1651307083743254
3007,0.1907142857142857,0,3,0,74384,531226,2883,105073,4.920764014969062,0.16513148692674356
3008,0.1907222222222221,0,1,0,74385,531225,2883,105073,4.920754751935974,0.1651317464458477
3009,0.19075,0,1,0,74386,531224,2883,105073,4.920745488902886,0.16513200596576755
3010,0.1907857142857142,0,2,0,74388,531222,2883,105073,4.920726962836711,0.16513252500805445
3011,0.1908333333333333,3,71,3,74459,531151,2886,105070,4.920069287487495,0.16514701652413233
3012,0.1908809523809523,0,2,0,74461,531149,2886,105070,4.92005076142132,0.16514753567560855
3013,0.1908888888888888,0,1,0,74462,531148,2886,105070,4.920041498388232,0.16514779525257067
3014,0.1909523809523809,0,5,0,74467,531143,2886,105070,4.919995183222794,0.16514909314962128
3015,0.1909999999999999,0,1,0,74468,531142,2886,105070,4.919985920189707,0.16514935273147943
3016,0.191,2,39,2,74507,531103,2888,105068,4.9196246618992925,0.1651568524814869
3017,0.1910833333333333,0,4,0,74511,531099,2888,105068,4.919587609766942,0.16515789093115488
3018,0.1911666666666666,0,5,0,74516,531094,2888,105068,4.919541294601505,0.16515918901160395
3019,0.1911904761904761,0,3,0,74519,531091,2888,105068,4.919513505502242,0.1651599678696678
3020,0.1911904761904762,0,6,0,74525,531085,2888,105068,4.919457927303716,0.16516152560783334
3021,0.1912499999999999,0,2,0,74527,531083,2888,105068,4.9194394012375415,0.16516204486041836
3022,0.19125,0,8,0,74535,531075,2888,105068,4.919365296972841,0.1651641219034085
3023,0.1912698412698412,0,1,0,74536,531074,2888,105068,4.919356033939753,0.16516438153745547
3024,0.1913095238095238,1,0,1,74536,531074,2889,105067,4.919356033939753,0.16516306919377938
3025,0.1913333333333333,1,29,1,74565,531045,2890,105066,4.919087405980214,0.1651692864924518
3026,0.1913571428571428,0,2,0,74567,531043,2890,105066,4.919068879914039,0.1651698058037223
3027,0.1914285714285714,0,4,0,74571,531039,2890,105066,4.919031827781689,0.1651708444360601
3028,0.1914999999999999,0,15,0,74586,531024,2890,105066,4.918892882285376,0.16517473942366645
3029,0.1915,1,0,1,74586,531024,2891,105065,4.918892882285376,0.16517342698899054
3030,0.191547619047619,0,2,0,74588,531022,2891,105065,4.9188743562192005,0.16517394633124086
3031,0.1915952380952381,0,1,0,74589,531021,2891,105065,4.918865093186112,0.1651742060035907
3032,0.1916287878787879,0,1,0,74590,531020,2891,105065,4.918855830153025,0.16517446567675703
3033,0.1916666666666666,18,294,18,74884,530726,2909,105047,4.916132498425284,0.1652272115991085
3034,0.1916666666666667,0,1,0,74885,530725,2909,105047,4.916123235392197,0.1652274714834878
3035,0.1917142857142857,0,1,0,74886,530724,2909,105047,4.916113972359109,0.16522773136868463
3036,0.1917261904761904,0,2,0,74888,530722,2909,105047,4.9160954462929345,0.16522825114153097
3037,0.1917823287823287,0,3,0,74891,530719,2909,105047,4.916067657193672,0.1652290308069321
3038,0.1917857142857143,0,5,0,74896,530714,2909,105047,4.916021342028234,0.16523033026561867
3039,0.1918095238095238,0,2,0,74898,530712,2909,105047,4.916002815962059,0.16523085005481636
3040,0.1918333333333333,0,11,0,74909,530701,2909,105047,4.915900922598095,0.16523370895386222
3041,0.1918571428571428,0,2,0,74911,530699,2909,105047,4.91588239653192,0.16523422876431781
3042,0.1919047619047619,0,2,0,74913,530697,2909,105047,4.915863870465746,0.165234748578044
3043,0.1919166666666666,0,1,0,74914,530696,2909,105047,4.9158546074326575,0.16523500848613354
3044,0.1919444444444444,0,2,0,74916,530694,2909,105047,4.915836081366483,0.16523552830476562
3045,0.1919523809523809,1,1,1,74917,530693,2910,105046,4.915826818333395,0.165234475154112
3046,0.1919696969696969,0,1,0,74918,530692,2910,105046,4.915817555300308,0.16523473506381559
3047,0.1919999999999999,0,1,0,74919,530691,2910,105046,4.91580829226722,0.16523499497433689
3048,0.192,2,69,2,74988,530622,2912,105044,4.915169142984179,0.16525030440514357
3049,0.1920833333333333,0,2,0,74990,530620,2912,105044,4.9151506169180035,0.16525082433486873
3050,0.1920952380952381,1,0,1,74990,530620,2913,105043,4.9151506169180035,0.16524951114033695
3051,0.1921428571428571,1,2,1,74992,530618,2914,105042,4.915132090851828,0.16524871786804265
3052,0.1921666666666666,2,8,2,75000,530610,2916,105040,4.9150579865871284,0.16524817116337606
3053,0.1921904761904762,0,1,0,75001,530609,2916,105040,4.91504872355404,0.16524843113101728
3054,0.1922222222222222,0,2,0,75003,530607,2916,105040,4.915030197487866,0.16524895106875356
3055,0.1922499999999999,0,1,0,75004,530606,2916,105040,4.915020934454778,0.16524921103884865
3056,0.19225,0,1,0,75005,530605,2916,105040,4.9150116714216905,0.16524947100976173
3057,0.1923333333333333,2,20,2,75025,530585,2918,105038,4.9148264107599395,0.16525204405756241
3058,0.1923571428571428,0,1,0,75026,530584,2918,105038,4.914817147726851,0.16525230404233962
3059,0.1923809523809523,0,3,0,75029,530581,2918,105038,4.914789358627589,0.16525308400157956
3060,0.1923809523809524,0,1,0,75030,530580,2918,105038,4.914780095594502,0.165253343989629
3061,0.1923939393939394,0,1,0,75031,530579,2918,105038,4.914770832561414,0.16525360397849648
3062,0.1924444444444444,0,1,0,75032,530578,2918,105038,4.914761569528326,0.16525386396818204
3063,0.1924999999999999,1,10,1,75042,530568,2919,105037,4.914668939197451,0.16525515060454213
3064,0.1925,11,275,11,75317,530293,2930,105026,4.912121605098373,0.16531222897473552
3065,0.1925396825396825,0,1,0,75318,530292,2930,105026,4.912112342065286,0.16531248917864755
3066,0.1925714285714285,0,1,0,75319,530291,2930,105026,4.912103079032199,0.1653127493833787
3067,0.1925714285714286,0,1,0,75320,530290,2930,105026,4.9120938159991105,0.16531300958892897
3068,0.192583472083472,0,1,0,75321,530289,2930,105026,4.912084552966023,0.1653132697952984
3069,0.1926190476190475,0,2,0,75323,530287,2930,105026,4.912066026899848,0.16531379021049467
3070,0.1926190476190476,0,2,0,75325,530285,2930,105026,4.912047500833673,0.16531431062896754
3071,0.1926666666666666,1,36,1,75361,530249,2931,105025,4.911714031642521,0.16532236483784948
3072,0.1927142857142857,0,1,0,75362,530248,2931,105025,4.911704768609433,0.16532262507614837
3073,0.1928095238095238,0,1,0,75363,530247,2931,105025,4.911695505576346,0.16532288531526654
3074,0.1928333333333333,1,8,1,75371,530239,2932,105024,4.9116214013116455,0.1653236533530207
3075,0.1928571428571428,2,10,2,75381,530229,2934,105022,4.91152877098077,0.1653236279832696
3076,0.1928809523809523,0,1,0,75382,530228,2934,105022,4.911519507947682,0.16532388823297914
3077,0.1929166666666666,0,3,0,75385,530225,2934,105022,4.91149171884842,0.16532466898702394
3078,0.1929999999999999,0,9,0,75394,530216,2934,105022,4.911408351550632,0.165327011293405
3079,0.193,3,31,3,75425,530185,2937,105019,4.911121197524918,0.16533113771323857
3080,0.193047619047619,0,2,0,75427,530183,2937,105019,4.9111026714587425,0.16533165827563515
3081,0.1930555555555555,0,1,0,75428,530182,2937,105019,4.911093408425655,0.16533191855806273
3082,0.1931666666666666,0,4,0,75432,530178,2937,105019,4.9110563562933045,0.16533295969596834
3083,0.1931666666666667,1,0,1,75432,530178,2938,105018,4.9110563562933045,0.16533164566527497
3084,0.1932142857142857,0,3,0,75435,530175,2938,105018,4.911028567194042,0.16533242652233257
3085,0.1932272727272727,0,1,0,75436,530174,2938,105018,4.911019304160955,0.16533268680965754
3086,0.1932857142857142,0,1,0,75437,530173,2938,105018,4.9110100411278665,0.16533294709780208
3087,0.1933333333333332,0,1,0,75438,530172,2938,105018,4.911000778094779,0.16533320738676616
3088,0.1933333333333333,35,539,35,75977,529633,2973,104983,4.906008003260587,0.1654275971611179
3089,0.1933809523809523,0,3,0,75980,529630,2973,104983,4.905980214161325,0.16542837918542483
3090,0.1934523809523809,0,2,0,75982,529628,2973,104983,4.90596168809515,0.1654289005390704
3091,0.1934722222222222,0,2,0,75984,529626,2973,104983,4.905943162028975,0.1654294218960021
3092,0.1935,0,27,0,76011,529599,2973,104983,4.905693060135611,0.165436460536227
3093,0.1935043290043289,0,1,0,76012,529598,2973,104983,4.905683797102523,0.1654367212381083
3094,0.1935714285714286,0,2,0,76014,529596,2973,104983,4.905665271036348,0.16543724264433585
3095,0.1935833333333333,0,1,0,76015,529595,2973,104983,4.905656008003261,0.16543750334868212
3096,0.1936666666666666,0,10,0,76025,529585,2973,104983,4.905563377672385,0.1654401104373369
3097,0.1936904761904762,0,1,0,76026,529584,2973,104983,4.905554114639298,0.16544037115072166
3098,0.19375,0,5,0,76031,529579,2973,104983,4.90550779947386,0.16544167472997123
3099,0.1937857142857142,0,1,0,76032,529578,2973,104983,4.905498536440772,0.1654419354482863
3100,0.1938095238095238,0,3,0,76035,529575,2973,104983,4.90547074734151,0.1654427176081619
3101,0.1938333333333333,0,7,0,76042,529568,2973,104983,4.9054059061098965,0.16544454267663278
3102,0.1938571428571428,0,2,0,76044,529566,2973,104983,4.905387380043721,0.16544506413216317
3103,0.1939285714285714,0,1,0,76045,529565,2973,104983,4.905378117010634,0.165445324861161
3104,0.1939393939393939,0,1,0,76046,529564,2973,104983,4.905368853977547,0.16544558559098066
3105,0.1939444444444444,0,1,0,76047,529563,2973,104983,4.9053595909444585,0.16544584632162207
3106,0.1939999999999999,8,96,8,76143,529467,2981,104975,4.904470339768054,0.16546035729034334
3107,0.194,1,5,1,76148,529462,2982,104974,4.904424024602616,0.16546034588201175
3108,0.194047619047619,0,5,0,76153,529457,2982,104974,4.9043777094371785,0.16546164988785225
3109,0.1940598845598845,0,1,0,76154,529456,2982,104974,4.90436844640409,0.16546191069148686
3110,0.1940833333333333,1,5,1,76159,529451,2983,104973,4.9043221312386525,0.1654618992976306
3111,0.1940952380952381,0,1,0,76160,529450,2983,104973,4.904312868205565,0.16546216010453593
3112,0.1941190476190476,0,1,0,76161,529449,2983,104973,4.904303605172478,0.16546242091226346
3113,0.1941428571428571,0,2,0,76163,529447,2983,104973,4.904285079106303,0.16546294253018506
3114,0.1941666666666666,4,72,4,76235,529375,2987,104969,4.9036181407239985,0.1654764607216274
3115,0.1942857142857142,0,3,0,76238,529372,2987,104969,4.903590351624736,0.16547724331235092
3116,0.1942857142857143,1,13,1,76251,529359,2988,104968,4.903469932194597,0.1654793190263066
3117,0.1943333333333333,1,18,1,76269,529341,2989,104967,4.903303197599022,0.1654826992565126
3118,0.1943571428571428,1,0,1,76269,529341,2990,104966,4.903303197599022,0.16548138362023437
3119,0.1944047619047618,0,1,0,76270,529340,2990,104966,4.9032939345659345,0.165481644505964
3120,0.1944444444444444,0,1,0,76271,529339,2990,104966,4.903284671532846,0.16548190539251623
3121,0.1944523809523809,1,0,1,76271,529339,2991,104965,4.903284671532846,0.165480589748764
3122,0.1944999999999999,1,0,1,76271,529339,2992,104964,4.903284671532846,0.16547927410086347
3123,0.1945,0,17,0,76288,529322,2992,104964,4.903127199970358,0.1654837092415724
3124,0.1945238095238095,0,6,0,76294,529316,2992,104964,4.903071621771833,0.1654852746421139
3125,0.1945454545454545,0,2,0,76296,529314,2992,104964,4.9030530957056575,0.16548579644887573
3126,0.1945833333333333,0,2,0,76298,529312,2992,104964,4.903034569639483,0.1654863182589283
3127,0.1946428571428571,0,6,0,76304,529306,2992,104964,4.902978991440958,0.16548788370883064
3128,0.1946428571428572,0,3,0,76307,529303,2992,104964,4.902951202341694,0.16548866644488835
3129,0.1946666666666666,0,18,0,76325,529285,2992,104964,4.902784467746119,0.16549336301673317
3130,0.1947619047619047,0,1,0,76326,529284,2992,104964,4.9027752047130315,0.16549362394520756
3131,0.1948095238095238,0,1,0,76327,529283,2992,104964,4.902765941679943,0.16549388487450473
3132,0.1948333333333333,0,22,0,76349,529261,2992,104964,4.902562154952017,0.16549962552721825
3133,0.1948809523809523,0,1,0,76350,529260,2992,104964,4.90255289191893,0.16549988647544087
3134,0.1948809523809524,0,2,0,76352,529258,2992,104964,4.9025343658527545,0.16550040837435473
3135,0.1949166666666666,0,1,0,76353,529257,2992,104964,4.902525102819667,0.165500669325046
3136,0.1949523809523809,0,1,0,76354,529256,2992,104964,4.90251583978658,0.16550093027656018
3137,0.1949999999999999,2,13,2,76367,529243,2994,104962,4.9023954203564415,0.16550169109357385
3138,0.195,51,1002,51,77369,528241,3045,104911,4.893113861202712,0.16569638886081067
3139,0.1950833333333333,0,1,0,77370,528240,3045,104911,4.893104598169625,0.16569665056203023
3140,0.1950952380952381,1,0,1,77370,528240,3046,104910,4.893104598169625,0.16569533285951196
3141,0.1951190476190476,0,2,0,77372,528238,3046,104910,4.89308607210345,0.16569585626109534
3142,0.1951428571428571,0,2,0,77374,528236,3046,104910,4.893067546037274,0.1656963796659854
3143,0.1951666666666666,1,5,1,77379,528231,3047,104909,4.893021230871836,0.16569637047098587
3144,0.1952222222222222,0,2,0,77381,528229,3047,104909,4.893002704805662,0.16569689388411374
3145,0.1952380952380952,1,1,1,77382,528228,3048,104908,4.892993441772574,0.16569583786105987
3146,0.1952380952380953,0,1,0,77383,528227,3048,104908,4.8929841787394865,0.16569609956802261
3147,0.1952499999999999,0,1,0,77384,528226,3048,104908,4.892974915706399,0.16569636127581208
3148,0.1952857142857143,0,2,0,77386,528224,3048,104908,4.892956389640224,0.16569688469387112
3149,0.1953333333333333,1,24,1,77410,528200,3049,104907,4.892734076846122,0.1657018481867994
3150,0.1954166666666666,0,2,0,77412,528198,3049,104907,4.892715550779948,0.16570237164451393
3151,0.1954761904761904,0,2,0,77414,528196,3049,104907,4.892697024713772,0.16570289510553576
3152,0.1954761904761905,0,1,0,77415,528195,3049,104907,4.892687761680684,0.16570315683728687
3153,0.1955,1,9,1,77424,528186,3050,104906,4.8926043943828965,0.16570419465101438
3154,0.1955238095238095,0,1,0,77425,528185,3050,104906,4.892595131349809,0.16570445638936582
3155,0.1955555555555555,0,2,0,77427,528183,3050,104906,4.892576605283634,0.1657049798685493
3156,0.1955952380952381,0,2,0,77429,528181,3050,104906,4.8925580792174586,0.16570550335104023
3157,0.1956666666666666,1,28,1,77457,528153,3051,104905,4.892298714291007,0.16571151458476158
3158,0.1956666666666667,0,2,0,77459,528151,3051,104905,4.892280188224833,0.16571203811353183
3159,0.195672268907563,1,1,1,77460,528150,3052,104904,4.8922709251917444,0.16571098200153542
3160,0.1957142857142857,1,12,1,77472,528138,3053,104903,4.892159768794694,0.16571280533172417
3161,0.1957499999999999,0,1,0,77473,528137,3053,104903,4.892150505761607,0.1657130671047643
3162,0.1957857142857142,0,1,0,77474,528136,3053,104903,4.892141242728519,0.1657133288786315
3163,0.1958333333333333,9,87,9,77561,528049,3062,104894,4.891335358849902,0.16572424373126807
3164,0.1959285714285714,0,1,0,77562,528048,3062,104894,4.891326095816814,0.165724505562911
3165,0.1959523809523809,0,1,0,77563,528047,3062,104894,4.891316832783727,0.16572476739538125
3166,0.1959999999999999,0,11,0,77574,528036,3062,104894,4.891214939419764,0.16572764760716036
3167,0.196,4,90,4,77664,527946,3066,104890,4.890381266441883,0.1657459436568084
3168,0.1960714285714285,0,2,0,77666,527944,3066,104890,4.890362740375709,0.16574646747804322
3169,0.1961666666666666,0,6,0,77672,527938,3066,104890,4.890307162177184,0.16574803896161358
3170,0.1961904761904762,0,4,0,77676,527934,3066,104890,4.890270110044833,0.1657490866338824
3171,0.19625,0,5,0,77681,527929,3066,104890,4.890223794879395,0.16575039624284352
3172,0.1963333333333333,1,9,1,77690,527920,3067,104889,4.890140427581607,0.16575143526719752
3173,0.1964285714285714,1,7,1,77697,527913,3068,104888,4.890075586349995,0.1657519504551984
3174,0.1964880952380952,0,1,0,77698,527912,3068,104888,4.890066323316907,0.16575221238938054
3175,0.1964999999999999,2,16,2,77714,527896,3070,104886,4.889918114787506,0.16575376670006417
3176,0.1965,0,1,0,77715,527895,3070,104886,4.889908851754418,0.16575402864498143
3177,0.196529304029304,0,1,0,77716,527894,3070,104886,4.889899588721331,0.16575429059072663
3178,0.196547619047619,0,1,0,77717,527893,3070,104886,4.889890325688244,0.16575455253729976
3179,0.1966190476190476,0,1,0,77718,527892,3070,104886,4.889881062655156,0.1657548144847008
3180,0.1966666666666666,33,580,33,78298,527312,3103,104853,4.8845085034643745,0.16586334263997532
3181,0.1967142857142857,0,1,0,78299,527311,3103,104853,4.884499240431287,0.1658636050138888
3182,0.1967857142857143,0,2,0,78301,527309,3103,104853,4.884480714365112,0.165864129764206
3183,0.1968333333333333,2,7,2,78308,527302,3105,104851,4.884415873133499,0.16586332739067916
3184,0.1969047619047619,0,2,0,78310,527300,3105,104851,4.884397347067324,0.16586385214924915
3185,0.1969126984126984,0,1,0,78311,527299,3105,104851,4.884388084034236,0.1658641145297793
3186,0.1969444444444445,0,2,0,78313,527297,3105,104851,4.8843695579680615,0.16586463929333004
3187,0.1969523809523809,0,1,0,78314,527296,3105,104851,4.884360294934973,0.1658649016763506
3188,0.1969761904761904,1,3,1,78317,527293,3106,104850,4.884332505835711,0.16586436929618772
3189,0.1969999999999999,2,32,2,78349,527261,3108,104848,4.884036088776909,0.16587012682939176
3190,0.197,0,5,0,78354,527256,3108,104848,4.8839897736114715,0.1658714388771468
3191,0.1970833333333333,0,3,0,78357,527253,3108,104848,4.883961984512209,0.16587222611576313
3192,0.1971190476190476,0,1,0,78358,527252,3108,104848,4.883952721479121,0.16587248853029585
3193,0.1971212121212121,0,1,0,78359,527251,3108,104848,4.8839434584460335,0.16587275094565884
3194,0.1971349206349206,0,1,0,78360,527250,3108,104848,4.883934195412946,0.16587301336185212
3195,0.1971428571428571,1,14,1,78374,527236,3109,104847,4.8838045129497205,0.16587536763368102
3196,0.1971666666666666,1,4,1,78378,527232,3110,104846,4.88376746081737,0.1658750976936391
3197,0.1971959706959706,0,1,0,78379,527231,3110,104846,4.8837581977842826,0.1658753601222636
3198,0.1972222222222222,0,1,0,78380,527230,3110,104846,4.883748934751195,0.16587562255171848
3199,0.1972380952380952,0,1,0,78381,527229,3110,104846,4.883739671718107,0.16587588498200373
3200,0.1972619047619047,1,2,1,78383,527227,3111,104845,4.883721145651932,0.16587509017959978
3201,0.1972777777777777,0,3,0,78386,527224,3111,104845,4.883693356552669,0.16587587747540222
3202,0.1972857142857142,2,1,2,78387,527223,3113,104843,4.883684093519582,0.16587350055215752
3203,0.1972857142857143,0,2,0,78389,527221,3113,104843,4.883665567453407,0.16587402541514784
3204,0.1973333333333333,0,34,0,78423,527187,3113,104843,4.88335062432843,0.1658829485942123
3205,0.1973571428571428,0,3,0,78426,527184,3113,104843,4.883322835229167,0.1658837359796338
3206,0.1973809523809523,0,2,0,78428,527182,3113,104843,4.883304309162992,0.16588426090740083
3207,0.1973809523809524,0,1,0,78429,527181,3113,104843,4.883295046129905,0.16588452337253015
3208,0.1974285714285714,0,1,0,78430,527180,3113,104843,4.8832857830968175,0.16588478583849006
3209,0.1974444444444444,0,1,0,78431,527179,3113,104843,4.883276520063729,0.1658850483052805
3210,0.1974523809523809,0,1,0,78432,527178,3113,104843,4.883267257030642,0.16588531077290153
3211,0.1974999999999999,0,3,0,78435,527175,3113,104843,4.8832394679313795,0.165886098180748
3212,0.1975,17,272,17,78707,526903,3130,104826,4.880719922931565,0.1659350765913865
3213,0.1975238095238095,2,0,2,78707,526903,3132,104824,4.880719922931565,0.1659324360047932
3214,0.1975851648351648,0,2,0,78709,526901,3132,104824,4.88070139686539,0.16593296133602436
3215,0.1976190476190475,0,2,0,78711,526899,3132,104824,4.880682870799214,0.1659334866705819
3216,0.1976190476190476,1,2,1,78713,526897,3133,104823,4.88066434473304,0.1659326916988539
3217,0.1976666666666666,1,27,1,78740,526870,3134,104822,4.8804142428396755,0.16593846368166765
3218,0.1977023809523809,0,2,0,78742,526868,3134,104822,4.8803957167735,0.1659389890610901
3219,0.1977142857142857,0,1,0,78743,526867,3134,104822,4.880386453740413,0.16593925175204888
3220,0.1977222222222222,0,1,0,78744,526866,3134,104822,4.880377190707325,0.16593951444383936
3221,0.1977777777777777,0,1,0,78745,526865,3134,104822,4.8803679276742375,0.16593977713646157
3222,0.1978333333333333,2,4,2,78749,526861,3136,104820,4.880330875541888,0.16593818715459227
3223,0.1978571428571428,0,1,0,78750,526860,3136,104820,4.8803216125088,0.1659384498480243
3224,0.1978888888888889,0,1,0,78751,526859,3136,104820,4.880312349475712,0.1659387125422881
3225,0.1979166666666666,0,4,0,78755,526855,3136,104820,4.8802752973433625,0.16593976332766058
3226,0.197952380952381,0,1,0,78756,526854,3136,104820,4.880266034310274,0.16594002602608307
3227,0.1979999999999999,1,2,1,78758,526852,3137,104819,4.880247508244099,0.16593923102374494
3228,0.198,1,70,1,78828,526782,3138,104818,4.87959909592797,0.1659563014566181
3229,0.1980238095238095,0,1,0,78829,526781,3138,104818,4.879589832894883,0.16595656421241958
3230,0.1980555555555555,0,1,0,78830,526780,3138,104818,4.879580569861796,0.1659568269690531
3231,0.1980833333333333,0,1,0,78831,526779,3138,104818,4.879571306828708,0.16595708972651865
3232,0.1980952380952381,0,1,0,78832,526778,3138,104818,4.87956204379562,0.16595735248481625
3233,0.198111111111111,0,1,0,78833,526777,3138,104818,4.879552780762533,0.1659576152439459
3234,0.1981111111111111,1,1,1,78834,526776,3139,104817,4.879543517729445,0.16595655746659638
3235,0.1981666666666666,0,15,0,78849,526761,3139,104817,4.879404572233132,0.1659604989407484
3236,0.1981666666666667,0,2,0,78851,526759,3139,104817,4.879386046166957,0.16596102448478092
3237,0.1982023809523809,0,2,0,78853,526757,3139,104817,4.879367520100782,0.1659615500321419
3238,0.1982142857142857,0,3,0,78856,526754,3139,104817,4.879339731001519,0.16596233835942437
3239,0.1982499999999999,0,2,0,78858,526752,3139,104817,4.879321204935344,0.16596286391510667
3240,0.1982857142857142,1,0,1,78858,526752,3140,104816,4.879321204935344,0.16596154333341778
3241,0.1983333333333333,11,270,11,79128,526482,3151,104805,4.876820186001704,0.16601799181671728
3242,0.1984166666666666,0,1,0,79129,526481,3151,104805,4.876810922968617,0.1660182548005183
3243,0.1984487179487179,0,1,0,79130,526480,3151,104805,4.87680165993553,0.1660185177851525
3244,0.198452380952381,1,0,1,79130,526480,3152,104804,4.87680165993553,0.1660171966975244
3245,0.1984761904761904,0,1,0,79131,526479,3152,104804,4.876792396902442,0.16601745968131568
3246,0.1984999999999999,0,1,0,79132,526478,3152,104804,4.876783133869354,0.16601772266594012
3247,0.1985,0,11,0,79143,526467,3152,104804,4.876681240505391,0.16602061555179948
3248,0.1985158730158729,0,1,0,79144,526466,3152,104804,4.876671977472304,0.16602087854642228
3249,0.1985714285714285,0,3,0,79147,526463,3152,104804,4.8766441883730405,0.16602166753529013
3250,0.1986190476190476,0,1,0,79148,526462,3152,104804,4.876634925339953,0.1660219305332459
3251,0.1986666666666666,0,13,0,79161,526449,3152,104804,4.876514505909815,0.16602534958249704
3252,0.1987142857142857,0,1,0,79162,526448,3152,104804,4.8765052428767275,0.1660256125921185
3253,0.19875,0,2,0,79164,526446,3152,104804,4.876486716810552,0.1660261386138614
3254,0.1987662337662338,0,1,0,79165,526445,3152,104804,4.876477453777465,0.16602640162598278
3255,0.1987777777777778,0,2,0,79167,526443,3152,104804,4.8764589277112895,0.16602692765272548
3256,0.1988095238095238,0,3,0,79170,526440,3152,104804,4.876431138612027,0.16602771669908942
3257,0.1988333333333333,0,7,0,79177,526433,3152,104804,4.8763662973804145,0.1660295578364386
3258,0.1989285714285714,0,2,0,79179,526431,3152,104804,4.876347771314239,0.16603008388318138
3259,0.1989444444444444,0,5,0,79184,526426,3152,104804,4.876301456148801,0.16603139901462224
3260,0.1989642857142857,0,1,0,79185,526425,3152,104804,4.876292193115714,0.16603166204341055
3261,0.1989999999999999,0,50,0,79235,526375,3152,104804,4.875829041461336,0.1660448145454776
3262,0.199,0,5,0,79240,526370,3152,104804,4.875782726295898,0.16604612991029416
3263,0.199047619047619,0,3,0,79243,526367,3152,104804,4.8757549371966356,0.16604691913918732
3264,0.1990555555555555,0,1,0,79244,526366,3152,104804,4.875745674163548,0.16604718221715228
3265,0.1991428571428571,0,1,0,79245,526365,3152,104804,4.87573641113046,0.16604744529595084
3266,0.1991666666666666,2,47,2,79292,526318,3154,104802,4.875301048575346,0.16605716820889846
3267,0.1991666666666667,3,33,3,79325,526285,3157,104799,4.874995368483456,0.16606188716557543
3268,0.1992499999999999,0,1,0,79326,526284,3157,104799,4.874986105450368,0.16606215030352584
3269,0.1992857142857142,0,2,0,79328,526282,3157,104799,4.874967579384194,0.16606267658192847
3270,0.1992857142857143,0,4,0,79332,526278,3157,104799,4.874930527251843,0.16606372914874096
3271,0.1993333333333333,2,25,2,79357,526253,3159,104797,4.874698951424654,0.16606766500277315
3272,0.1994166666666666,0,1,0,79358,526252,3159,104797,4.874689688391567,0.166067928164057
3273,0.1994444444444444,0,1,0,79359,526251,3159,104797,4.87468042535848,0.16606819132617487
3274,0.1994999999999999,0,11,0,79370,526240,3159,104797,4.8745785319945165,0.16607108616451968
3275,0.1995238095238095,0,3,0,79373,526237,3159,104797,4.874550742895254,0.16607187568340218
3276,0.199547619047619,0,1,0,79374,526236,3159,104797,4.874541479862166,0.1660721388580312
3277,0.1995833333333333,0,1,0,79375,526235,3159,104797,4.874532216829079,0.16607240203349433
3278,0.1996428571428571,0,2,0,79377,526233,3159,104797,4.874513690762903,0.16607292838692297
3279,0.1996666666666666,1,4,1,79381,526229,3160,104796,4.874476638630553,0.16607265956182402
3280,0.1996666666666667,2,12,2,79393,526217,3162,104794,4.874365482233503,0.16607317463562443
3281,0.1996904761904762,0,1,0,79394,526216,3162,104794,4.874356219200415,0.16607343782190456
3282,0.1997142857142857,0,1,0,79395,526215,3162,104794,4.874346956167328,0.1660737010090189
3283,0.1997222222222222,0,1,0,79396,526214,3162,104794,4.8743376931342395,0.1660739641969674
3284,0.19975,0,1,0,79397,526213,3162,104794,4.874328430101152,0.1660742273857501
3285,0.1997619047619047,0,3,0,79400,526210,3162,104794,4.87430064100189,0.16607501695710328
3286,0.1998333333333333,1,12,1,79412,526198,3163,104793,4.874189484604839,0.1660768537110672
3287,0.199838023088023,1,3,1,79415,526195,3164,104792,4.874161695505577,0.1660763216991792
3288,0.1998484848484848,0,2,0,79417,526193,3164,104792,4.874143169439401,0.16607684810256979
3289,0.1998809523809523,0,1,0,79418,526192,3164,104792,4.874133906406314,0.16607711130551647
3290,0.1999166666666666,0,1,0,79419,526191,3164,104792,4.874124643373226,0.1660773745092974
3291,0.1999999999999999,0,18,0,79437,526173,3164,104792,4.87395790877765,0.16608211232001774
3292,0.2,131,3177,131,82614,522996,3295,104661,4.84452925265849,0.16674871785067322
3293,0.2000714285714285,0,1,0,82615,522995,3295,104661,4.844519989625403,0.16674898351963496
3294,0.2001111111111111,0,1,0,82616,522994,3295,104661,4.844510726592316,0.16674924918944325
3295,0.2001190476190476,0,5,0,82621,522989,3295,104661,4.844464411426878,0.16675057755118297
3296,0.2001666666666666,0,7,0,82628,522982,3295,104661,4.8443995701952645,0.16675243729317463
3297,0.2001666666666667,1,6,1,82634,522976,3296,104660,4.844343991996739,0.166752703796468
3298,0.2002142857142857,0,1,0,82635,522975,3296,104660,4.844334728963652,0.1667529694806695
3299,0.2002380952380952,0,2,0,82637,522973,3296,104660,4.844316202897477,0.16675350085161234
3300,0.2002499999999999,1,0,1,82637,522973,3297,104659,4.844316202897477,0.16675217324801794
3301,0.2003333333333333,0,12,0,82649,522961,3297,104659,4.844205046500426,0.16675536152448933
3302,0.2003333333333334,0,3,0,82652,522958,3297,104659,4.844177257401164,0.16675615861265708
3303,0.2003571428571428,1,5,1,82657,522953,3298,104658,4.844130942235726,0.16675615946820563
3304,0.2004166666666667,0,1,0,82658,522952,3298,104658,4.8441216792026385,0.16675642516849637
3305,0.2004523809523809,0,1,0,82659,522951,3298,104658,4.84411241616955,0.1667566908696338
3306,0.2004761904761904,0,4,0,82663,522947,3298,104658,4.8440753640372005,0.16675775368265072
3307,0.2005,0,10,0,82673,522937,3298,104658,4.843982733706325,0.16676041077446443
3308,0.2005555555555555,0,1,0,82674,522936,3298,104658,4.843973470673237,0.16676067648830295
3309,0.2005952380952381,1,2,1,82676,522934,3299,104657,4.843954944607062,0.16675988024047508
3310,0.2006666666666666,1,30,1,82706,522904,3300,104656,4.843677053614435,0.16676652431640002
3311,0.2006666666666667,0,2,0,82708,522902,3300,104656,4.843658527548261,0.16676705579404613
3312,0.2007142857142857,0,7,0,82715,522895,3300,104656,4.843593686316647,0.16676891599248508
3313,0.2007579365079365,0,1,0,82716,522894,3300,104656,4.84358442328356,0.16676918173850688
3314,0.2008333333333332,1,1,1,82717,522893,3301,104655,4.843575160250473,0.16676811972948682
3315,0.2008333333333333,2,95,2,82812,522798,3303,104653,4.842695172107155,0.1667907135377902
3316,0.2008712121212121,0,1,0,82813,522797,3303,104653,4.842685909074067,0.16679097936090526
3317,0.2009523809523809,0,7,0,82820,522790,3303,104653,4.842621067842455,0.1667928401464356
3318,0.2009999999999999,0,3,0,82823,522787,3303,104653,4.842593278743192,0.16679363763865868
3319,0.201,5,38,5,82861,522749,3308,104648,4.842241283485865,0.16679709976298898
3320,0.2010714285714285,1,0,1,82861,522749,3309,104647,4.842241283485865,0.1667957717294978
3321,0.201073593073593,0,1,0,82862,522748,3309,104647,4.842232020452777,0.1667960375839782
3322,0.2010833333333333,0,1,0,82863,522747,3309,104647,4.842222757419689,0.16679630343930607
3323,0.2011428571428571,0,4,0,82867,522743,3309,104647,4.842185705287339,0.16679736686909258
3324,0.2011666666666666,0,6,0,82873,522737,3309,104647,4.842130127088814,0.1667989620391977
3325,0.2011904761904762,0,4,0,82877,522733,3309,104647,4.8420930749564635,0.166800025502885
3326,0.2012121212121211,0,2,0,82879,522731,3309,104647,4.842074548890289,0.16680055723981396
3327,0.2012380952380952,0,1,0,82880,522730,3309,104647,4.842065285857201,0.16680082310954977
3328,0.2012424242424242,0,1,0,82881,522729,3309,104647,4.842056022824114,0.16680108898013313
3329,0.20125,1,9,1,82890,522720,3310,104646,4.841972655526326,0.16680215376670077
3330,0.2012857142857143,0,2,0,82892,522718,3310,104646,4.8419541294601505,0.16680268552228053
3331,0.2013333333333333,3,18,3,82910,522700,3313,104643,4.841787394864575,0.16680348708760598
3332,0.2013571428571428,0,1,0,82911,522699,3313,104643,4.841778131831487,0.16680375297684516
3333,0.2013888888888889,0,1,0,82912,522698,3313,104643,4.8417688687983995,0.16680401886693202
3334,0.2014166666666666,0,2,0,82914,522696,3313,104643,4.841750342732224,0.16680455064964875
3335,0.2014166666666667,0,1,0,82915,522695,3313,104643,4.841741079699137,0.16680481654227863
3336,0.2014285714285714,0,6,0,82921,522689,3313,104643,4.841685501500612,0.16680641191585954
3337,0.2014999999999999,0,19,0,82940,522670,3313,104643,4.841509503871948,0.16681146413353462
3338,0.2015,0,7,0,82947,522663,3313,104643,4.841444662640335,0.16681332555403583
3339,0.2015238095238095,0,1,0,82948,522662,3313,104643,4.8414353996072474,0.16681359147464153
3340,0.2016666666666666,11,159,11,83107,522503,3324,104632,4.839962577346326,0.16684127022092532
3341,0.2016666666666667,10,120,10,83227,522383,3334,104622,4.83885101337582,0.1668599133978198
3342,0.2017142857142857,0,2,0,83229,522381,3334,104622,4.838832487309645,0.16686044564380076
3343,0.20175,0,1,0,83230,522380,3334,104622,4.838823224276557,0.16686071176806452
3344,0.2017619047619047,0,1,0,83231,522379,3334,104622,4.83881396124347,0.1668609778931772
3345,0.2017857142857142,0,1,0,83232,522378,3334,104622,4.838804698210382,0.16686124401913877
3346,0.2018095238095238,0,1,0,83233,522377,3334,104622,4.838795435177294,0.1668615101459492
3347,0.2018181818181817,0,1,0,83234,522376,3334,104622,4.838786172144207,0.16686177627360854
3348,0.2018333333333333,0,8,0,83242,522368,3334,104622,4.838712067879507,0.1668639053254438
3349,0.2018888888888889,0,2,0,83244,522366,3334,104622,4.838693541813331,0.16686443759689182
3350,0.2019047619047619,1,2,1,83246,522364,3335,104621,4.838675015747156,0.16686364107594281
3351,0.2019166666666666,0,1,0,83247,522363,3335,104621,4.838665752714069,0.16686390721294322
3352,0.2019444444444444,0,2,0,83249,522361,3335,104621,4.838647226647893,0.16686443948949092
3353,0.2019999999999999,3,82,3,83331,522279,3338,104618,4.837887657934714,0.16688227890706128
3354,0.202,0,2,0,83333,522277,3338,104618,4.837869131868539,0.16688281131608962
3355,0.2020238095238095,0,2,0,83335,522275,3338,104618,4.837850605802364,0.16688334372851507
3356,0.2020454545454545,0,1,0,83336,522274,3338,104618,4.837841342769276,0.16688360993600174
3357,0.2020833333333333,0,3,0,83339,522271,3338,104618,4.8378135536700135,0.1668844085635575
3358,0.2020912698412698,0,1,0,83340,522270,3338,104618,4.837804290636926,0.16688467477444136
3359,0.2021212121212121,0,1,0,83341,522269,3338,104618,4.837795027603838,0.16688494098617454
3360,0.2021428571428571,0,13,0,83354,522256,3338,104618,4.8376746081737005,0.16688840181599493
3361,0.2021666666666666,0,4,0,83358,522252,3338,104618,4.83763755604135,0.16688946671558696
3362,0.2021666666666667,0,5,0,83363,522247,3338,104618,4.837591240875913,0.16689079785918817
3363,0.2021785714285714,0,2,0,83365,522245,3338,104618,4.837572714809737,0.16689133032257447
3364,0.2022222222222222,1,2,1,83367,522243,3339,104617,4.837554188743562,0.16689053377149604
3365,0.2022857142857143,0,1,0,83368,522242,3339,104617,4.837544925710475,0.1668908000044667
3366,0.2023333333333333,2,28,2,83396,522214,3341,104615,4.837285560784023,0.16689559672574178
3367,0.2023809523809523,0,5,0,83401,522209,3341,104615,4.837239245618585,0.1668969280053093
3368,0.2023809523809524,0,2,0,83403,522207,3341,104615,4.83722071955241,0.1668974605230831
3369,0.2024444444444444,0,1,0,83404,522206,3341,104615,4.837211456519323,0.16689772678324433
3370,0.2024642857142856,0,1,0,83405,522205,3341,104615,4.8372021934862355,0.16689799304425512
3371,0.2024999999999999,0,8,0,83413,522197,3341,104615,4.837128089221535,0.16690012316292605
3372,0.2025,16,269,16,83682,521928,3357,104599,4.834636333320983,0.16695050652246432
3373,0.2025238095238095,0,1,0,83683,521927,3357,104599,4.834627070287895,0.16695077299266112
3374,0.2025952380952381,0,1,0,83684,521926,3357,104599,4.834617807254808,0.16695103946370854
3375,0.2026190476190476,0,4,0,83688,521922,3357,104599,4.834580755122457,0.16695210535640465
3376,0.2026666666666666,1,31,1,83719,521891,3358,104598,4.834293601096743,0.16695903679074972
3377,0.2026666666666667,2,4,2,83723,521887,3360,104596,4.834256548964393,0.16695744337835183
3378,0.2027023809523809,0,1,0,83724,521886,3360,104596,4.834247285931306,0.1669577098783365
3379,0.2027142857142857,1,1,1,83725,521885,3361,104595,4.834238022898218,0.16695664666070745
3380,0.2027619047619047,0,1,0,83726,521884,3361,104595,4.83422875986513,0.16695691316069652
3381,0.2027777777777777,0,1,0,83727,521883,3361,104595,4.834219496832043,0.1669571796615364
3382,0.2028333333333333,1,5,1,83732,521878,3362,104594,4.834173181666605,0.16695718244390811
3383,0.2028571428571428,0,6,0,83738,521872,3362,104594,4.83411760346808,0.16695878148215546
3384,0.202861111111111,0,1,0,83739,521871,3362,104594,4.834108340434992,0.1669590479915079
3385,0.2029166666666667,0,1,0,83740,521870,3362,104594,4.834099077401905,0.1669593145017112
3386,0.2029563492063491,0,3,0,83743,521867,3362,104594,4.834071288302642,0.1669601140374261
3387,0.2029700854700855,1,0,1,83743,521867,3363,104593,4.834071288302642,0.1669587842799221
3388,0.2029999999999999,0,1,0,83744,521866,3363,104593,4.834062025269554,0.16695905079183154
3389,0.203,1,33,1,83777,521833,3364,104592,4.833756345177665,0.16696651634273857
3390,0.2030555555555555,0,3,0,83780,521830,3364,104592,4.833728556078403,0.1669673159627216
3391,0.203095238095238,0,1,0,83781,521829,3364,104592,4.833719293045315,0.16696758250441796
3392,0.2031666666666666,1,10,1,83791,521819,3365,104591,4.8336266627144395,0.16696891812071965
3393,0.2031666666666667,0,1,0,83792,521818,3365,104591,4.833617399681351,0.16696918467007976
3394,0.2031818181818181,0,1,0,83793,521817,3365,104591,4.833608136648264,0.16696945122029092
3395,0.2032142857142856,0,5,0,83798,521812,3365,104591,4.833561821482826,0.16697078398411247
3396,0.2032142857142857,0,1,0,83799,521811,3365,104591,4.833552558449739,0.16697105053942995
3397,0.2032619047619047,0,1,0,83800,521810,3365,104591,4.833543295416651,0.1669713170955985
3398,0.2032857142857143,0,1,0,83801,521809,3365,104591,4.833534032383564,0.16697158365261813
3399,0.2033095238095238,0,1,0,83802,521808,3365,104591,4.833524769350476,0.16697185021048885
3400,0.2033333333333333,27,569,27,84371,521239,3392,104564,4.8282541035236575,0.16708772569003344
3401,0.2033730158730158,0,2,0,84373,521237,3392,104564,4.828235577457483,0.16708825968638594
3402,0.2034090909090909,0,2,0,84375,521235,3392,104564,4.828217051391308,0.16708879368615162
3403,0.2034166666666666,0,1,0,84376,521234,3392,104564,4.82820778835822,0.16708906068731444
3404,0.2034166666666667,0,1,0,84377,521233,3392,104564,4.828198525325132,0.16708932768933057
3405,0.2034523809523809,0,1,0,84378,521232,3392,104564,4.828189262292045,0.16708959469220003
3406,0.2035,0,25,0,84403,521207,3392,104564,4.827957686464856,0.16709627004127708
3407,0.2035050505050505,0,1,0,84404,521206,3392,104564,4.827948423431769,0.1670965370663343
3408,0.2035119047619047,1,0,1,84404,521206,3393,104563,4.827948423431769,0.16709520605846567
3409,0.2035476190476191,0,2,0,84406,521204,3393,104563,4.8279298973655935,0.16709574010773978
3410,0.2035714285714285,0,3,0,84409,521201,3393,104563,4.827902108266331,0.16709654118805173
3411,0.203611111111111,0,1,0,84410,521200,3393,104563,4.827892845233243,0.16709680821652925
3412,0.2036111111111111,0,1,0,84411,521199,3393,104563,4.827883582200156,0.16709707524586026
3413,0.2036190476190476,0,1,0,84412,521198,3393,104563,4.827874319167068,0.1670973422760447
3414,0.2036666666666666,0,21,0,84433,521177,3393,104563,4.827679795472229,0.1671029501070732
3415,0.2036666666666667,0,1,0,84434,521176,3393,104563,4.827670532439142,0.1671032171560347
3416,0.2036904761904761,0,3,0,84437,521173,3393,104563,4.827642743339879,0.16710401830804045
3417,0.20375,0,7,0,84444,521166,3393,104563,4.827577902108266,0.16710588769259535
3418,0.2037857142857142,0,1,0,84445,521165,3393,104563,4.827568639075179,0.1671061547509461
3419,0.2038095238095238,0,6,0,84451,521159,3393,104563,4.827513060876654,0.16710775711897616
3420,0.2038333333333333,0,4,0,84455,521155,3393,104563,4.827476008744303,0.16710882538140184
3421,0.2038571428571428,0,1,0,84456,521154,3393,104563,4.827466745711216,0.16710909244914235
3422,0.2039134199134199,0,2,0,84458,521152,3393,104563,4.82744821964504,0.16710962658718426
3423,0.204,8,107,8,84565,521045,3401,104555,4.826457075104672,0.16712755754475703
3424,0.204047619047619,0,1,0,84566,521044,3401,104555,4.826447812071585,0.1671278246928144
3425,0.2040833333333333,0,2,0,84568,521042,3401,104555,4.82642928600541,0.16712835899149134
3426,0.2041111111111111,0,1,0,84569,521041,3401,104555,4.826420022972322,0.16712862614211088
3427,0.2041190476190476,0,1,0,84570,521040,3401,104555,4.826410759939234,0.16712889329358452
3428,0.2041666666666666,4,44,4,84614,520996,3405,104551,4.826003186483383,0.16713532316516586
3429,0.2041666666666667,2,49,2,84663,520947,3407,104549,4.825549297862092,0.1671457531303158
3430,0.2042261904761904,0,1,0,84664,520946,3407,104549,4.825540034829005,0.1671460203518813
3431,0.20425,1,2,1,84666,520944,3408,104548,4.825521508762829,0.1671452232802338
3432,0.2042857142857142,0,5,0,84671,520939,3408,104548,4.825475193597391,0.1671465594009148
3433,0.2042857142857143,1,10,1,84681,520929,3409,104547,4.825382563266516,0.16714790015923872
3434,0.2043333333333333,1,27,1,84708,520902,3410,104546,4.825132461373152,0.16715378416750873
3435,0.2043809523809524,0,1,0,84709,520901,3410,104546,4.825123198340065,0.16715405142242268
3436,0.2044761904761904,0,1,0,84710,520900,3410,104546,4.825113935306977,0.16715431867819125
3437,0.2044761904761905,0,4,0,84714,520896,3410,104546,4.825076883174627,0.16715538770981161
3438,0.2044999999999999,0,1,0,84715,520895,3410,104546,4.825067620141539,0.16715565496985327
3439,0.2045,0,17,0,84732,520878,3410,104546,4.82491014857905,0.16716019852132313
3440,0.2045238095238095,1,4,1,84736,520874,3411,104545,4.824873096446701,0.16715993597891973
3441,0.2045436507936507,1,0,1,84736,520874,3412,104544,4.824873096446701,0.16715860432542715
3442,0.2045833333333333,0,1,0,84737,520873,3412,104544,4.824863833413613,0.1671588716008679
3443,0.2046190476190476,0,2,0,84739,520871,3412,104544,4.824845307347438,0.16715940615431354
3444,0.2046428571428571,0,3,0,84742,520868,3412,104544,4.824817518248175,0.1671602079908924
3445,0.2046666666666666,2,1,2,84743,520867,3414,104542,4.824808255215087,0.1671578119278744
3446,0.2046666666666667,1,11,1,84754,520856,3415,104541,4.824706361851124,0.16715942033620246
3447,0.2047222222222222,0,2,0,84756,520854,3415,104541,4.82468783578495,0.16715995490849783
3448,0.20475,0,1,0,84757,520853,3415,104541,4.8246785727518615,0.1671602221959277
3449,0.2047619047619047,0,4,0,84761,520849,3415,104541,4.824641520619512,0.16716129135419497
3450,0.2048214285714285,1,0,1,84761,520849,3416,104540,4.824641520619512,0.16715995964111938
3451,0.2048333333333333,1,8,1,84769,520841,3417,104539,4.824567416354811,0.1671607662541175
3452,0.2048809523809524,0,1,0,84770,520840,3417,104539,4.824558153321724,0.16716103354925574
3453,0.2049015151515151,0,1,0,84771,520839,3417,104539,4.824548890288636,0.1671613008452488
3454,0.2049999999999999,0,6,0,84777,520833,3417,104539,4.824493312090111,0.16716290463915878
3455,0.205,52,1058,52,85835,519775,3469,104487,4.814693023083478,0.16737683857098462
3456,0.205047619047619,0,1,0,85836,519774,3469,104487,4.814683760050391,0.16737710669095138
3457,0.2051190476190476,0,2,0,85838,519772,3469,104487,4.814665233984216,0.1673776429334619
3458,0.2051309523809523,0,1,0,85839,519771,3469,104487,4.8146559709511285,0.1673779110560057
3459,0.2051414141414141,0,2,0,85841,519769,3469,104487,4.814637444884953,0.1673784473036703
3460,0.2051428571428571,0,1,0,85842,519768,3469,104487,4.814628181851866,0.16737871542879112
3461,0.2051666666666666,0,4,0,85846,519764,3469,104487,4.814591129719515,0.16737978793786473
3462,0.2051666666666667,0,3,0,85849,519761,3469,104487,4.814563340620253,0.16738059232868988
3463,0.2051731601731601,0,1,0,85850,519760,3469,104487,4.814554077587165,0.16738086046068304
3464,0.2052380952380952,0,1,0,85851,519759,3469,104487,4.814544814554077,0.16738112859353524
3465,0.20525,0,1,0,85852,519758,3469,104487,4.81453555152099,0.1673813967272465
3466,0.2052777777777777,0,4,0,85856,519754,3469,104487,4.81449849938864,0.16738246927068232
3467,0.2053214285714285,0,1,0,85857,519753,3469,104487,4.814489236355552,0.16738273740868898
3468,0.2053333333333333,1,21,1,85878,519732,3470,104486,4.814294712660714,0.1673870346577638
3469,0.2053571428571428,0,1,0,85879,519731,3470,104486,4.814285449627626,0.16738730281296407
3470,0.2054166666666666,0,2,0,85881,519729,3470,104486,4.814266923561451,0.16738783912594218
3471,0.2054166666666667,0,3,0,85884,519726,3470,104486,4.814239134462189,0.1673886436018532
3472,0.2054285714285714,0,1,0,85885,519725,3470,104486,4.8142298714291005,0.1673889117622086
3473,0.2054761904761904,0,2,0,85887,519723,3470,104486,4.814211345362926,0.167389448085497
3474,0.2054999999999999,0,6,0,85893,519717,3470,104486,4.8141557671644,0.16739105707598328
3475,0.2055,0,5,0,85898,519712,3470,104486,4.814109451998963,0.1673923979250174
3476,0.2055238095238095,0,1,0,85899,519711,3470,104486,4.814100188965875,0.16739266609740194
3477,0.2055555555555555,0,2,0,85901,519709,3470,104486,4.8140816628997,0.16739320244474884
3478,0.2055833333333333,0,2,0,85903,519707,3470,104486,4.814063136833525,0.1673937387955328
3479,0.2055952380952381,0,1,0,85904,519706,3470,104486,4.814053873800437,0.16739400697221368
3480,0.2056666666666666,0,20,0,85924,519686,3470,104486,4.813868613138686,0.1673993706862852
3481,0.2056666666666667,0,1,0,85925,519685,3470,104486,4.813859350105599,0.16739963888101178
3482,0.2056904761904761,0,1,0,85926,519684,3470,104486,4.813850087072511,0.16739990707659771
3483,0.2057142857142856,0,11,0,85937,519673,3470,104486,4.813748193708548,0.16740285728476237
3484,0.2057142857142857,1,1,1,85938,519672,3471,104485,4.81373893067546,0.16740179153642432
3485,0.2058333333333333,7,110,7,86048,519562,3478,104478,4.812719997035829,0.16742196013076086
3486,0.2058571428571428,0,1,0,86049,519561,3478,104478,4.812710734002742,0.16742222841841617
3487,0.2059166666666666,0,1,0,86050,519560,3478,104478,4.812701470969654,0.1674224967069313
3488,0.2059523809523809,0,7,0,86057,519553,3478,104478,4.812636629738042,0.16742437475061336
3489,0.2059999999999999,0,1,0,86058,519552,3478,104478,4.8126273667049535,0.1674246430460074
3490,0.206,10,100,10,86158,519452,3488,104468,4.811701063396199,0.16743813309398642
3491,0.2060119047619047,0,1,0,86159,519451,3488,104468,4.811691800363111,0.16743840145916378
3492,0.2061111111111111,0,3,0,86162,519448,3488,104468,4.811664011263848,0.16743920655985742
3493,0.2061428571428571,0,1,0,86163,519447,3488,104468,4.811654748230761,0.16743947492847583
3494,0.2061666666666666,1,4,1,86167,519443,3489,104467,4.81161769609841,0.16743921398919717
3495,0.2061904761904761,1,1,1,86168,519442,3490,104466,4.811608433065323,0.1674381479320669
3496,0.2061904761904762,0,3,0,86171,519439,3490,104466,4.81158064396606,0.16743895304573614
3497,0.2062222222222222,0,2,0,86173,519437,3490,104466,4.811562117899885,0.16743948979248377
3498,0.20625,1,2,1,86175,519435,3491,104465,4.81154359183371,0.16743869209809265
3499,0.2062619047619047,0,1,0,86176,519434,3491,104465,4.811534328800622,0.16743896047276882
3500,0.2063095238095238,0,1,0,86177,519433,3491,104465,4.811525065767535,0.16743922884830534
3501,0.2063333333333332,0,2,0,86179,519431,3491,104465,4.81150653970136,0.1674397656019593
3502,0.2063333333333333,1,12,1,86191,519419,3492,104464,4.811395383304309,0.1674416517199539
3503,0.2063571428571428,0,1,0,86192,519418,3492,104464,4.811386120271222,0.16744192010668685
3504,0.2063928571428571,0,1,0,86193,519417,3492,104464,4.811376857238134,0.16744218849428016
3505,0.2064166666666667,0,1,0,86194,519416,3492,104464,4.811367594205047,0.16744245688273385
3506,0.2064285714285714,0,2,0,86196,519414,3492,104464,4.811349068138871,0.16744299366222243
3507,0.2064523809523809,0,1,0,86197,519413,3492,104464,4.811339805105784,0.1674432620532573
3508,0.2065,2,18,2,86215,519395,3494,104462,4.811173070510208,0.1674454241917619
3509,0.2066666666666666,23,595,23,86810,518800,3517,104439,4.805661565823113,0.16757455807483165
3510,0.2067261904761904,0,1,0,86811,518799,3517,104439,4.805652302790025,0.16757482695214349
3511,0.2067777777777777,0,1,0,86812,518798,3517,104439,4.805643039756938,0.16757509583031815
3512,0.2067857142857143,0,6,0,86818,518792,3517,104439,4.805587461558413,0.16757670911748612
3513,0.2068333333333333,1,8,1,86826,518784,3518,104438,4.805513357293712,0.16757752454181657
3514,0.2068571428571428,0,4,0,86830,518780,3518,104438,4.805476305161362,0.16757860010461828
3515,0.2068888888888889,0,1,0,86831,518779,3518,104438,4.805467042128274,0.167578868997476
3516,0.2069047619047619,0,1,0,86832,518778,3518,104438,4.805457779095187,0.16757913789119663
3517,0.2069444444444444,0,1,0,86833,518777,3518,104438,4.805448516062099,0.16757940678578018
3518,0.2069642857142857,0,1,0,86834,518776,3518,104438,4.805439253029012,0.16757967568122667
3519,0.2069761904761905,0,1,0,86835,518775,3518,104438,4.8054299899959245,0.16757994457753608
3520,0.2069999999999999,0,1,0,86836,518774,3518,104438,4.805420726962836,0.16758021347470844
3521,0.207,3,30,3,86866,518744,3521,104435,4.80514283597021,0.16758427353938435
3522,0.2070833333333333,0,2,0,86868,518742,3521,104435,4.805124309904035,0.16758481137782685
3523,0.207095238095238,0,1,0,86869,518741,3521,104435,4.805115046870948,0.16758508029834268
3524,0.2071111111111111,0,1,0,86870,518740,3521,104435,4.80510578383786,0.1675853492197216
3525,0.2071428571428571,1,14,1,86884,518726,3522,104434,4.804976101374634,0.1675877784196675
3526,0.2071666666666666,0,3,0,86887,518723,3522,104434,4.804948312275371,0.167588585220097
3527,0.2071666666666667,1,6,1,86893,518717,3523,104433,4.804892734076846,0.16758886303458237
3528,0.2071904761904761,0,1,0,86894,518716,3523,104433,4.804883471043759,0.16758913197325198
3529,0.2071904761904762,0,2,0,86896,518714,3523,104433,4.8048649449775835,0.16758966985318072
3530,0.2072222222222222,0,3,0,86899,518711,3523,104433,4.804837155878321,0.16759047667954757
3531,0.2072380952380952,2,0,2,86899,518711,3525,104431,4.804837155878321,0.1675878050267836
3532,0.20725,0,1,0,86900,518710,3525,104431,4.804827892845233,0.16758807396720807
3533,0.2072619047619047,0,4,0,86904,518706,3525,104431,4.804790840712883,0.16758914973753766
3534,0.207297619047619,0,1,0,86905,518705,3525,104431,4.804781577679796,0.16758941868227803
3535,0.2073333333333333,4,43,4,86948,518662,3529,104427,4.80438326725703,0.16759564043017933
3536,0.2073571428571428,0,2,0,86950,518660,3529,104427,4.804364741190856,0.16759617838279406
3537,0.2073809523809523,0,1,0,86951,518659,3529,104427,4.804355478157768,0.16759644736039647
3538,0.2073809523809524,0,1,0,86952,518658,3529,104427,4.8043462151246805,0.16759671633886228
3539,0.2074545454545454,0,1,0,86953,518657,3529,104427,4.804336952091593,0.16759698531819145
3540,0.2074761904761904,0,1,0,86954,518656,3529,104427,4.804327689058505,0.167597254298384
3541,0.2074999999999999,0,4,0,86958,518652,3529,104427,4.804290636926155,0.16759833022778814
3542,0.2075,15,286,15,87244,518366,3544,104412,4.801641409463115,0.16765524793746728
3543,0.207579365079365,0,1,0,87245,518365,3544,104412,4.801632146430027,0.16765551714337557
3544,0.2076190476190476,0,4,0,87249,518361,3544,104412,4.801595094297677,0.16765659397565405
3545,0.2076666666666666,2,11,2,87260,518350,3546,104410,4.801493200933714,0.1676568822660415
3546,0.2076666666666667,0,2,0,87262,518348,3546,104410,4.8014746748675385,0.16765742069953338
3547,0.2076785714285714,0,2,0,87264,518346,3546,104410,4.801456148801363,0.16765795913648363
3548,0.20775,0,3,0,87267,518343,3546,104410,4.801428359702101,0.1676587667983936
3549,0.2077777777777777,0,2,0,87269,518341,3546,104410,4.801409833635926,0.16765930524398998
3550,0.2078333333333333,1,15,1,87284,518326,3547,104409,4.801270888139612,0.16766200711378035
3551,0.2078571428571428,0,7,0,87291,518319,3547,104409,4.801206046908,0.16766389177939647
3552,0.2079166666666666,0,4,0,87295,518315,3547,104409,4.801168994775649,0.16766496875020073
3553,0.2079393939393939,0,1,0,87296,518314,3547,104409,4.801159731742562,0.1676652379950636
3554,0.2079761904761904,0,1,0,87297,518313,3547,104409,4.801150468709475,0.16766550724079124
3555,0.2079999999999999,0,5,0,87302,518308,3547,104409,4.801104153544037,0.1676668534824005
3556,0.208,3,59,3,87361,518249,3550,104406,4.800557634591871,0.1676787305972007
3557,0.2080555555555555,0,1,0,87362,518248,3550,104406,4.800548371558783,0.16767899989400212
3558,0.2080714285714285,0,2,0,87364,518246,3550,104406,4.800529845492608,0.16767953849019998
3559,0.208095238095238,0,1,0,87365,518245,3550,104406,4.80052058245952,0.16767980778959643
3560,0.2080952380952381,0,1,0,87366,518244,3550,104406,4.800511319426433,0.16768007708985785
3561,0.2081111111111111,0,1,0,87367,518243,3550,104406,4.800502056393346,0.16768034639098434
3562,0.2081428571428571,0,1,0,87368,518242,3550,104406,4.800492793360258,0.1676806156929758
3563,0.2081666666666666,1,11,1,87379,518231,3551,104405,4.8003908999962945,0.16768224130952916
3564,0.2081666666666667,1,1,1,87380,518230,3552,104404,4.800381636963207,0.16768117385173312
3565,0.2081904761904761,0,1,0,87381,518229,3552,104404,4.80037237393012,0.16768144316154138
3566,0.2082142857142856,0,2,0,87383,518227,3552,104404,4.800353847863945,0.16768198178375313
3567,0.2082575757575757,0,1,0,87384,518226,3552,104404,4.800344584830857,0.16768225109615661
3568,0.2083333333333333,14,310,14,87694,517916,3566,104390,4.7974730445737155,0.16774705691412264
3569,0.2083968253968253,0,1,0,87695,517915,3566,104390,4.797463781540627,0.16774732647174617
3570,0.2084404761904761,0,1,0,87696,517914,3566,104390,4.79745451850754,0.16774759603023603
3571,0.2085,1,27,1,87723,517887,3567,104389,4.797204416614176,0.16775353701572934
3572,0.2085714285714285,1,1,1,87724,517886,3568,104388,4.797195153581089,0.16775246916952982
3573,0.2086111111111111,0,1,0,87725,517885,3568,104388,4.797185890548001,0.16775273874971275
3574,0.2086190476190476,0,2,0,87727,517883,3568,104388,4.797167364481826,0.1677532779126779
3575,0.2086309523809523,0,2,0,87729,517881,3568,104388,4.797148838415651,0.16775381707910889
3576,0.2086547619047619,0,1,0,87730,517880,3568,104388,4.797139575382563,0.16775408666362404
3577,0.2086666666666666,3,28,3,87758,517852,3571,104385,4.796880210456112,0.16775762289931329
3578,0.2086666666666667,0,3,0,87761,517849,3571,104385,4.796852421356849,0.16775843171539967
3579,0.2086904761904761,0,4,0,87765,517845,3571,104385,4.796815369224499,0.16775951014898027
3580,0.2086904761904762,0,2,0,87767,517843,3571,104385,4.796796843158324,0.16776004937097014
3581,0.20875,0,5,0,87772,517838,3571,104385,4.796750527992886,0.16776139744111035
3582,0.2087738095238095,0,1,0,87773,517837,3571,104385,4.796741264959798,0.16776166705773823
3583,0.2087857142857142,0,1,0,87774,517836,3571,104385,4.796732001926711,0.16776193667523276
3584,0.2087857142857143,1,1,1,87775,517835,3572,104384,4.7967227388936235,0.1677608687616418
3585,0.2088095238095238,0,4,0,87779,517831,3572,104384,4.796685686761273,0.16776194723688756
3586,0.2088333333333333,0,4,0,87783,517827,3572,104384,4.796648634628923,0.16776302572599971
3587,0.2088888888888888,0,2,0,87785,517825,3572,104384,4.796630108562748,0.16776356497575573
3588,0.2088888888888889,0,1,0,87786,517824,3572,104384,4.79662084552966,0.16776383460193375
3589,0.2089166666666666,0,2,0,87788,517822,3572,104384,4.796602319463485,0.16776437385688983
3590,0.2089285714285714,0,4,0,87792,517818,3572,104384,4.796565267331135,0.16776545237720225
3591,0.2089393939393939,0,1,0,87793,517817,3572,104384,4.796556004298047,0.16776572200944712
3592,0.2089523809523809,0,2,0,87795,517815,3572,104384,4.796537478231873,0.16776626127653693
3593,0.2089761904761904,0,2,0,87797,517813,3572,104384,4.796518952165697,0.16776680054709361
3594,0.209,3,59,3,87856,517754,3575,104381,4.795972433213532,0.16777869754956723
3595,0.2090238095238095,0,1,0,87857,517753,3575,104381,4.7959631701804435,0.1677789672321397
3596,0.209047619047619,0,7,0,87864,517746,3575,104381,4.795898328948831,0.16778085503442222
3597,0.2090476190476191,0,1,0,87865,517745,3575,104381,4.795889065915744,0.16778112472393053
3598,0.2090681818181818,0,1,0,87866,517744,3575,104381,4.795879802882656,0.1677813944143058
3599,0.2091666666666666,6,100,6,87966,517644,3581,104375,4.7949534995739,0.1678003405040682
3600,0.2092142857142857,0,1,0,87967,517643,3581,104375,4.794944236540813,0.16780061027172846
3601,0.2092857142857142,1,2,1,87969,517641,3582,104374,4.7949257104746374,0.16779981190164225
3602,0.2092857142857143,0,1,0,87970,517640,3582,104374,4.79491644744155,0.16780008167018748
3603,0.2093214285714285,0,4,0,87974,517636,3582,104374,4.7948793953092,0.16780116075304255
3604,0.2093333333333333,1,38,1,88012,517598,3583,104373,4.794527400051873,0.16781007474625023
3605,0.2094047619047619,0,2,0,88014,517596,3583,104373,4.794508873985698,0.16781061435537784
3606,0.2094166666666666,0,1,0,88015,517595,3583,104373,4.79449961095261,0.167810884161243
3607,0.2094444444444444,0,4,0,88019,517591,3583,104373,4.7944625588202605,0.16781196339337967
3608,0.2095,3,13,3,88032,517578,3586,104370,4.794342139390122,0.16781145690636518
3609,0.2095238095238095,0,4,0,88036,517574,3586,104370,4.794305087257771,0.16781253617689051
3610,0.2095833333333333,1,5,1,88041,517569,3587,104369,4.794258772092334,0.16781254723139605
3611,0.2096428571428571,0,1,0,88042,517568,3587,104369,4.794249509059246,0.16781281705381734
3612,0.2096666666666666,0,2,0,88044,517566,3587,104369,4.794230982993072,0.167813356701263
3613,0.2096666666666667,1,7,1,88051,517559,3588,104368,4.794166141761458,0.16781390742000266
3614,0.2097142857142857,0,1,0,88052,517558,3588,104368,4.794156878728371,0.16781417724938336
3615,0.2097222222222222,0,1,0,88053,517557,3588,104368,4.794147615695283,0.16781444707963178
3616,0.2097619047619047,0,3,0,88056,517554,3588,104368,4.79411982659602,0.16781525657558344
3617,0.2098095238095238,0,1,0,88057,517553,3588,104368,4.794110563562933,0.16781552640930278
3618,0.2098333333333333,0,12,0,88069,517541,3588,104368,4.793999407165883,0.1678187644816203
3619,0.2098690476190476,0,1,0,88070,517540,3588,104368,4.793990144132795,0.16781903432662065
3620,0.2098809523809523,0,1,0,88071,517539,3588,104368,4.793980881099707,0.1678193041724888
3621,0.2098888888888888,1,1,1,88072,517538,3589,104367,4.79397161806662,0.1678182359041976
3622,0.2099588744588744,0,1,0,88073,517537,3589,104367,4.793962355033532,0.1678185057500836
3623,0.2099848484848485,0,1,0,88074,517536,3589,104367,4.793953092000445,0.16781877559683744
3624,0.2099999999999999,1,13,1,88087,517523,3590,104366,4.793832672570306,0.1678209455385125
3625,0.21,148,3165,148,91252,514358,3738,104218,4.764515172848197,0.16848051007475234
3626,0.210047619047619,0,1,0,91253,514357,3738,104218,4.76450590981511,0.16848078244351938
3627,0.2100714285714286,0,2,0,91255,514355,3738,104218,4.764487383748935,0.16848132718369538
3628,0.2101190476190476,0,1,0,91256,514354,3738,104218,4.7644781207158475,0.16848159955510433
3629,0.2101428571428571,1,1,1,91257,514353,3739,104217,4.764468857682759,0.16848052766865512
3630,0.2101666666666666,0,9,0,91266,514344,3739,104217,4.764385490384972,0.16848297904329565
3631,0.2101666666666667,0,4,0,91270,514340,3739,104217,4.764348438252622,0.16848406856603354
3632,0.2102380952380952,1,3,1,91273,514337,3740,104216,4.764320649153359,0.16848354142652286
3633,0.21025,0,2,0,91275,514335,3740,104216,4.764302123087184,0.16848408619499444
3634,0.2103333333333333,0,9,0,91284,514326,3740,104216,4.764218755789396,0.1684865376967126
3635,0.2103571428571428,0,4,0,91288,514322,3740,104216,4.764181703657045,0.1684876272759313
3636,0.2104285714285714,0,1,0,91289,514321,3740,104216,4.764172440623958,0.16848789967293792
3637,0.2104761904761904,0,2,0,91291,514319,3740,104216,4.764153914557783,0.16848844446959346
3638,0.2104761904761905,0,1,0,91292,514318,3740,104216,4.7641446515246955,0.16848871686924244
3639,0.2105,0,17,0,91309,514301,3740,104216,4.763987179962207,0.1684933477980395
3640,0.2105555555555555,0,1,0,91310,514300,3740,104216,4.763977916929119,0.1684936202135434
3641,0.2105833333333333,1,0,1,91310,514300,3741,104215,4.763977916929119,0.16849227585426385
3642,0.210595238095238,0,1,0,91311,514299,3741,104215,4.763968653896032,0.1684925482689155
3643,0.2106666666666666,1,29,1,91340,514270,3742,104214,4.763700025936493,0.16849910426138753
3644,0.2106666666666667,0,5,0,91345,514265,3742,104214,4.763653710771055,0.16850046646692934
3645,0.2107142857142857,0,7,0,91352,514258,3742,104214,4.763588869539442,0.16850237359169049
3646,0.2107777777777777,0,1,0,91353,514257,3742,104214,4.7635796065063545,0.16850264604160906
3647,0.2108095238095237,0,2,0,91355,514255,3742,104214,4.763561080440179,0.16850319094408936
3648,0.2108333333333333,8,81,8,91436,514174,3750,104206,4.762810774760087,0.1685145056437789
3649,0.2108571428571428,0,3,0,91439,514171,3750,104206,4.762782985660825,0.1685153231766382
3650,0.2108809523809524,0,1,0,91440,514170,3750,104206,4.762773722627737,0.16851559568935404
3651,0.2109090909090909,0,1,0,91441,514169,3750,104206,4.76276445959465,0.16851586820295128
3652,0.2109523809523809,0,6,0,91447,514163,3750,104206,4.762708881396124,0.16851750330304396
3653,0.2109761904761904,0,1,0,91448,514162,3750,104206,4.762699618363037,0.16851777582281102
3654,0.2109999999999999,0,4,0,91452,514158,3750,104206,4.762662566230687,0.16851886591069337
3655,0.211,6,62,6,91514,514096,3756,104200,4.762088258179258,0.16852769547271856
3656,0.2110714285714285,0,1,0,91515,514095,3756,104200,4.762078995146171,0.16852796804114542
3657,0.211107226107226,0,1,0,91516,514094,3756,104200,4.762069732113083,0.16852824061045393
3658,0.2111111111111111,0,1,0,91517,514093,3756,104200,4.762060469079995,0.16852851318064413
3659,0.2111428571428571,1,2,1,91519,514091,3757,104199,4.762041943013821,0.16852771353248475
3660,0.2111666666666666,1,10,1,91529,514081,3758,104198,4.761949312682945,0.16852909447029576
3661,0.2111666666666667,0,1,0,91530,514080,3758,104198,4.761940049649858,0.16852936704847982
3662,0.2111904761904761,0,1,0,91531,514079,3758,104198,4.7619307866167695,0.16852963962754558
3663,0.2111904761904762,1,5,1,91536,514074,3759,104197,4.761884471451332,0.16852965770673378
3664,0.2112499999999999,0,1,0,91537,514073,3759,104197,4.761875208418244,0.16852993028935578
3665,0.21125,0,8,0,91545,514065,3759,104197,4.761801104153544,0.16853211098207557
3666,0.2112654095130875,1,1,1,91546,514064,3760,104196,4.7617918411204565,0.16853103872157346
3667,0.2113174603174603,0,1,0,91547,514063,3760,104196,4.761782578087369,0.16853131131127894
3668,0.2113333333333333,2,23,2,91570,514040,3762,104194,4.761569528326355,0.16853489131946803
3669,0.2113809523809524,0,5,0,91575,514035,3762,104194,4.761523213160918,0.16853625436529182
3670,0.2113968253968253,0,1,0,91576,514034,3762,104194,4.76151395012783,0.1685365269771023
3671,0.2114285714285714,3,5,3,91581,514029,3765,104191,4.761467634962392,0.1685338552618809
3672,0.2115,1,12,1,91593,514017,3766,104190,4.761356478565341,0.16853578170418645
3673,0.211547619047619,0,3,0,91596,514014,3766,104190,4.761328689466079,0.1685365995690743
3674,0.2115476190476191,0,1,0,91597,514013,3766,104190,4.761319426432991,0.16853687219246752
3675,0.2115714285714285,0,1,0,91598,514012,3766,104190,4.761310163399903,0.16853714481674276
3676,0.2115833333333333,0,1,0,91599,514011,3766,104190,4.761300900366816,0.16853741744189996
3677,0.2116666666666666,16,330,16,91929,513681,3782,104174,4.758244099447923,0.16860590267943126
3678,0.2117142857142857,0,2,0,91931,513679,3782,104174,4.758225573381748,0.16860644845942319
3679,0.2117261904761905,0,1,0,91932,513678,3782,104174,4.7582163103486605,0.1686067213507442
3680,0.21175,0,1,0,91933,513677,3782,104174,4.758207047315573,0.16860699424294853
3681,0.2117532467532467,0,1,0,91934,513676,3782,104174,4.758197784282485,0.16860726713603624
3682,0.2117857142857142,0,5,0,91939,513671,3782,104174,4.758151469117048,0.16860863161472536
3683,0.2118095238095238,0,3,0,91942,513668,3782,104174,4.758123680017785,0.16860945031253946
3684,0.2118333333333333,1,8,1,91950,513660,3783,104173,4.758049575753085,0.1686102878933304
3685,0.2118571428571428,0,1,0,91951,513659,3783,104173,4.758040312719997,0.1686105607996996
3686,0.2118888888888889,0,1,0,91952,513658,3783,104173,4.75803104968691,0.16861083370695223
3687,0.2119047619047619,0,1,0,91953,513657,3783,104173,4.758021786653822,0.1686111066150883
3688,0.2119999999999999,0,1,0,91954,513656,3783,104173,4.758012523620734,0.1686113795241078
3689,0.212,4,79,4,92033,513577,3787,104169,4.757280744006818,0.16862755889961245
3690,0.2120238095238095,0,1,0,92034,513576,3787,104169,4.75727148097373,0.1686278318723745
3691,0.2120833333333333,3,3,3,92037,513573,3790,104166,4.757243691874467,0.16862461330756193
3692,0.212111111111111,0,4,0,92041,513569,3790,104166,4.757206639742117,0.1686257051972124
3693,0.2121428571428571,0,1,0,92042,513568,3790,104166,4.75719737670903,0.16862597817183447
3694,0.2121666666666666,0,3,0,92045,513565,3790,104166,4.757169587609767,0.1686267971010035
3695,0.2121666666666667,0,3,0,92048,513562,3790,104166,4.757141798510505,0.16862761603812682
3696,0.2122142857142857,0,2,0,92050,513560,3790,104166,4.757123272444329,0.1686281620006281
3697,0.2122222222222222,0,6,0,92056,513554,3790,104166,4.757067694245804,0.16862979990934404
3698,0.2122243867243866,0,4,0,92060,513550,3790,104166,4.757030642113453,0.16863089186616503
3699,0.21225,0,2,0,92062,513548,3790,104166,4.757012116047279,0.16863143784987875
3700,0.2122619047619047,0,1,0,92063,513547,3790,104166,4.757002853014191,0.16863171084306142
3701,0.2122619047619048,0,1,0,92064,513546,3790,104166,4.7569935899811036,0.168631983837128
3702,0.2123333333333333,2,24,2,92088,513522,3792,104164,4.756771277187002,0.16863584410201948
3703,0.2123571428571428,0,2,0,92090,513520,3792,104164,4.756752751120827,0.16863639012828566
3704,0.2123809523809523,0,3,0,92093,513517,3792,104164,4.756724962021564,0.1686372091743149
3705,0.2123809523809524,0,1,0,92094,513516,3792,104164,4.756715698988477,0.168637482191426
3706,0.2124285714285714,0,1,0,92095,513515,3792,104164,4.7567064359553894,0.16863775520942106
3707,0.212470238095238,0,2,0,92097,513513,3792,104164,4.756687909889214,0.1686383012480633
3708,0.2124960317460317,0,1,0,92098,513512,3792,104164,4.756678646856127,0.16863857426871046
3709,0.2124999999999999,0,5,0,92103,513507,3792,104164,4.756632331690689,0.1686399393852067
3710,0.2125,15,273,15,92376,513234,3807,104149,4.754103523657786,0.16869431131080706
3711,0.2125238095238095,0,1,0,92377,513233,3807,104149,4.754094260624699,0.16869458455218972
3712,0.2126190476190476,0,2,0,92379,513231,3807,104149,4.754075734558524,0.16869513103761055
3713,0.2126666666666666,1,19,1,92398,513212,3808,104148,4.75389973692986,0.16869897628612154
3714,0.2126666666666667,1,8,1,92406,513204,3809,104147,4.75382563266516,0.168699815826005
3715,0.2127142857142857,0,1,0,92407,513203,3809,104147,4.753816369632072,0.16870008909046733
3716,0.21275,0,1,0,92408,513202,3809,104147,4.753807106598985,0.16870036235581495
3717,0.2127738095238095,0,1,0,92409,513201,3809,104147,4.753797843565898,0.16870063562204785
3718,0.2128333333333333,1,7,1,92416,513194,3810,104146,4.753733002334284,0.16870120193086469
3719,0.2128571428571428,0,10,0,92426,513184,3810,104146,4.753640372003408,0.16870393468647238
3720,0.2129166666666666,0,6,0,92432,513178,3810,104146,4.753584793804883,0.16870557438233408
3721,0.2129722222222222,1,3,1,92435,513175,3811,104145,4.753557004705621,0.16870504762521868
3722,0.2129761904761904,1,2,1,92437,513173,3812,104144,4.753538478639446,0.16870424757458485
3723,0.2129999999999999,0,3,0,92440,513170,3812,104144,4.753510689540183,0.16870506743731714
3724,0.213,1,34,1,92474,513136,3813,104143,4.753195746415206,0.1687130130783649
3725,0.2130833333333333,1,0,1,92474,513136,3814,104142,4.753195746415206,0.16871166638046392
3726,0.2130952380952381,0,4,0,92478,513132,3814,104142,4.753158694282856,0.16871275964968555
3727,0.2131212121212121,0,1,0,92479,513131,3814,104142,4.753149431249769,0.16871303296920487
3728,0.2131428571428571,1,2,1,92481,513129,3815,104141,4.7531309051835935,0.16871223289646345
3729,0.2131666666666666,1,10,1,92491,513119,3816,104140,4.753038274852718,0.16871361940449633
3730,0.2132142857142857,0,3,0,92494,513116,3816,104140,4.753010485753455,0.16871443938981556
3731,0.21325,0,1,0,92495,513115,3816,104140,4.753001222720368,0.16871471272002658
3732,0.2132857142857143,0,1,0,92496,513114,3816,104140,4.75299195968728,0.1687149860511232
3733,0.2133333333333333,35,625,35,93121,512489,3851,104105,4.747202564007559,0.16883881451976504
3734,0.2134166666666667,0,1,0,93122,512488,3851,104105,4.747193300974471,0.16883908834514827
3735,0.2134285714285714,0,1,0,93123,512487,3851,104105,4.747184037941383,0.16883936217141968
3736,0.2134523809523809,0,1,0,93124,512486,3851,104105,4.747174774908296,0.1688396359985793
3737,0.2134603174603174,1,0,1,93124,512486,3852,104104,4.747174774908296,0.1688382880033734
3738,0.2134999999999999,0,3,0,93127,512483,3852,104104,4.747146985809033,0.1688391094849551
3739,0.2135,0,18,0,93145,512465,3852,104104,4.746980251213457,0.1688440385423205
3740,0.2135714285714285,0,4,0,93149,512461,3852,104104,4.746943199081107,0.16884513392748535
3741,0.2136111111111111,0,1,0,93150,512460,3852,104104,4.74693393604802,0.1688454077759973
3742,0.2136190476190475,0,1,0,93151,512459,3852,104104,4.746924673014932,0.16884568162539756
3743,0.2136428571428571,0,2,0,93153,512457,3852,104104,4.746906146948757,0.16884622932686302
3744,0.2136666666666666,0,19,0,93172,512438,3852,104104,4.7467301493200935,0.16885143266800964
3745,0.2136904761904761,1,3,1,93175,512435,3853,104103,4.746702360220831,0.16885090618907514
3746,0.2136904761904762,0,3,0,93178,512432,3853,104103,4.746674571121568,0.16885172780134136
3747,0.2137272727272727,0,1,0,93179,512431,3853,104103,4.74666530808848,0.16885200167387363
3748,0.2137499999999999,1,2,1,93181,512429,3854,104102,4.746646782022306,0.16885120131834408
3749,0.21375,0,6,0,93187,512423,3854,104102,4.74659120382378,0.16885284457240177
3750,0.2137777777777777,0,1,0,93188,512422,3854,104102,4.746581940790692,0.16885311845118764
3751,0.2137857142857143,0,1,0,93189,512421,3854,104102,4.746572677757605,0.16885339233086194
3752,0.213790404040404,0,1,0,93190,512420,3854,104102,4.746563414724517,0.16885366621142472
3753,0.2138095238095237,0,3,0,93193,512417,3854,104102,4.746535625625254,0.16885448785844395
3754,0.2138095238095238,0,1,0,93194,512416,3854,104102,4.746526362592167,0.16885476174256064
3755,0.2138333333333333,0,10,0,93204,512406,3854,104102,4.746433732261291,0.1688575006325952
3756,0.2138787878787879,0,1,0,93205,512405,3854,104102,4.746424469228204,0.1688577745264855
3757,0.2139285714285714,0,1,0,93206,512404,3854,104102,4.746415206195117,0.16885804842126434
3758,0.2139523809523809,0,2,0,93208,512402,3854,104102,4.7463966801289414,0.16885859621348767
3759,0.2139743589743589,0,1,0,93209,512401,3854,104102,4.746387417095854,0.16885887011093215
3760,0.2139999999999999,0,1,0,93210,512400,3854,104102,4.746378154062766,0.1688591440092652
3761,0.214,4,128,4,93338,512272,3858,104098,4.74519248582756,0.1688888167821276
3762,0.2140555555555555,0,1,0,93339,512271,3858,104098,4.745183222794472,0.168889090788148
3763,0.2140849673202614,0,1,0,93340,512270,3858,104098,4.7451739597613845,0.1688893647950575
3764,0.2141666666666666,3,82,3,93422,512188,3861,104095,4.744414391048204,0.16890779073899492
3765,0.2141666666666667,0,2,0,93424,512186,3861,104095,4.74439586498203,0.1689083388908631
3766,0.2142619047619047,0,1,0,93425,512185,3861,104095,4.744386601948942,0.16890861296813137
3767,0.2142777777777777,0,2,0,93427,512183,3861,104095,4.744368075882767,0.1689091611253363
3768,0.2142857142857142,0,7,0,93434,512176,3861,104095,4.744303234651154,0.16891107970357197
3769,0.2142857142857143,0,12,0,93446,512164,3861,104095,4.744192078254104,0.16891436879623664
3770,0.2143333333333333,0,28,0,93474,512136,3861,104095,4.743932713327652,0.16892204384394813
3771,0.2144047619047619,0,1,0,93475,512135,3861,104095,4.743923450294565,0.16892231796569462
3772,0.2144444444444444,1,4,1,93479,512131,3862,104094,4.743886398162214,0.16892206580388658
3773,0.2145,3,16,3,93495,512115,3865,104091,4.743738189632813,0.1689224058188333
3774,0.2145238095238094,0,1,0,93496,512114,3865,104091,4.743728926599726,0.1689226799522886
3775,0.2145238095238095,0,2,0,93498,512112,3865,104091,4.74371040053355,0.16892322822186845
3776,0.2145714285714285,0,1,0,93499,512111,3865,104091,4.743701137500463,0.168923502357993
3777,0.2145833333333333,0,7,0,93506,512104,3865,104091,4.74363629626885,0.16892542133577845
3778,0.2146428571428571,0,1,0,93507,512103,3865,104091,4.743627033235763,0.16892569547902123
3779,0.2146507936507936,0,1,0,93508,512102,3865,104091,4.743617770202675,0.1689259696231538
3780,0.2146515151515151,0,1,0,93509,512101,3865,104091,4.743608507169587,0.16892624376817617
3781,0.2146666666666666,1,19,1,93528,512082,3866,104090,4.743432509540924,0.168930103932019
3782,0.2147222222222222,0,1,0,93529,512081,3866,104090,4.743423246507836,0.16893037809309427
3783,0.2147619047619047,0,2,0,93531,512079,3866,104090,4.743404720441662,0.16893092641791457
3784,0.2147619047619048,0,2,0,93533,512077,3866,104090,4.7433861943754865,0.16893147474629444
3785,0.2148333333333333,0,20,0,93553,512057,3866,104090,4.7432009337137355,0.16893695822587793
3786,0.2149999999999999,1,22,1,93575,512035,3867,104089,4.742997146985809,0.16894164161759645
3787,0.215,58,1125,58,94700,510910,3925,104031,4.732576234762311,0.16917232710129915
3788,0.2150357142857143,0,3,0,94703,510907,3925,104031,4.732548445663048,0.16917315241536546
3789,0.2150714285714285,0,1,0,94704,510906,3925,104031,4.73253918262996,0.1691734275218437
3790,0.2150714285714286,0,1,0,94705,510905,3925,104031,4.732529919596873,0.1691737026292167
3791,0.2150833333333333,0,2,0,94707,510903,3925,104031,4.7325113935306975,0.16917425284664694
3792,0.2151042568542568,1,5,1,94712,510898,3926,104030,4.7324650783652595,0.1691742773137668
3793,0.2151190476190476,0,2,0,94714,510896,3926,104030,4.732446552299085,0.16917482754022437
3794,0.2151515151515152,0,2,0,94716,510894,3926,104030,4.73242802623291,0.16917537777026104
3795,0.2151666666666666,3,10,3,94726,510884,3929,104027,4.732335395902034,0.16917407559793207
3796,0.2151666666666667,0,1,0,94727,510883,3929,104027,4.7323261328689465,0.16917435071799125
3797,0.2151904761904761,0,1,0,94728,510882,3929,104027,4.732316869835859,0.16917462583894527
3798,0.2152380952380952,0,1,0,94729,510881,3929,104027,4.732307606802771,0.16917490096079413
3799,0.21525,0,1,0,94730,510880,3929,104027,4.732298343769684,0.16917517608353783
3800,0.215297619047619,0,1,0,94731,510879,3929,104027,4.732289080736597,0.1691754512071764
3801,0.2153095238095237,0,1,0,94732,510878,3929,104027,4.732279817703509,0.16917572633170977
3802,0.2153225108225108,0,1,0,94733,510877,3929,104027,4.732270554670421,0.16917600145713801
3803,0.2153333333333333,1,33,1,94766,510844,3930,104026,4.731964874578532,0.16918372989412397
3804,0.2154166666666666,1,2,1,94768,510842,3931,104025,4.7319463485123565,0.16918292899114767
3805,0.2154682539682539,0,1,0,94769,510841,3931,104025,4.731937085479269,0.16918320414529345
3806,0.2154761904761905,0,3,0,94772,510838,3931,104025,4.731909296380007,0.1691840296131008
3807,0.2154999999999999,0,2,0,94774,510836,3931,104025,4.731890770313831,0.16918457992944747
3808,0.2155,0,14,0,94788,510822,3931,104025,4.731761087850606,0.16918843224411928
3809,0.2155555555555555,0,1,0,94789,510821,3931,104025,4.731751824817518,0.169188707416166
3810,0.2155714285714285,0,1,0,94790,510820,3931,104025,4.731742561784431,0.16918898258910783
3811,0.2155844155844155,0,1,0,94791,510819,3931,104025,4.731733298751343,0.16918925776294474
3812,0.215595238095238,0,1,0,94792,510818,3931,104025,4.731724035718256,0.16918953293767677
3813,0.2156666666666666,1,36,1,94828,510782,3932,104024,4.731390566527104,0.16919808850271467
3814,0.2156666666666667,0,2,0,94830,510780,3932,104024,4.731372040460928,0.16919863891581707
3815,0.2156904761904761,0,1,0,94831,510779,3932,104024,4.731362777427841,0.16919891412371119
3816,0.2157142857142857,0,15,0,94846,510764,3932,104024,4.731223831931528,0.1692030423495579
3817,0.2157380952380952,0,7,0,94853,510757,3932,104024,4.731158990699915,0.16920496892389322
3818,0.2157857142857142,0,1,0,94854,510756,3932,104024,4.7311497276668275,0.16920524415237972
3819,0.2158333333333333,7,112,7,94966,510644,3939,104017,4.7301122679610215,0.1692266143451431
3820,0.2158571428571428,0,1,0,94967,510643,3939,104017,4.730103004927933,0.16922688966257768
3821,0.2159166666666666,0,1,0,94968,510642,3939,104017,4.730093741894846,0.16922716498090812
3822,0.2159523809523809,0,3,0,94971,510639,3939,104017,4.7300659527955835,0.16922799094127447
3823,0.2159761904761905,0,1,0,94972,510638,3939,104017,4.730056689762496,0.1692282662631883
3824,0.2159848484848484,0,1,0,94973,510637,3939,104017,4.730047426729408,0.16922854158599798
3825,0.2159920634920635,0,1,0,94974,510636,3939,104017,4.730038163696321,0.1692288169097035
3826,0.2159999999999999,0,4,0,94978,510632,3939,104017,4.73000111156397,0.16922991821348443
3827,0.216,5,72,5,95050,510560,3944,104012,4.729334173181667,0.16924298536217075
3828,0.2160238095238095,0,3,0,95053,510557,3944,104012,4.729306384082404,0.16924381151668894
3829,0.216047619047619,1,0,1,95053,510557,3945,104011,4.729306384082404,0.1692424597440804
3830,0.216060606060606,0,1,0,95054,510556,3945,104011,4.729297121049316,0.1692427351289607
3831,0.2160714285714285,0,2,0,95056,510554,3945,104011,4.729278594983141,0.16924328590140994
3832,0.2161111111111111,0,1,0,95057,510553,3945,104011,4.729269331950054,0.16924356128897886
3833,0.2161190476190476,0,1,0,95058,510552,3945,104011,4.729260068916966,0.16924383667744397
3834,0.2161666666666666,0,7,0,95065,510545,3945,104011,4.729195227685353,0.16924576442179395
3835,0.2161904761904761,0,3,0,95068,510542,3945,104011,4.7291674385860905,0.16924659061138747
3836,0.2161904761904762,0,8,0,95076,510534,3945,104011,4.72909333432139,0.16924879382307234
3837,0.21625,1,7,1,95083,510527,3946,104010,4.7290284930897775,0.16924936985079825
3838,0.2162857142857142,0,3,0,95086,510524,3946,104010,4.729000703990515,0.16925019608353647
3839,0.2163030303030303,0,1,0,95087,510523,3946,104010,4.728991440957427,0.16925047149624187
3840,0.2163095238095237,0,2,0,95089,510521,3946,104010,4.728972914891252,0.16925102232434167
3841,0.2163333333333333,1,28,1,95117,510493,3947,104009,4.728713549964801,0.16925738240070823
3842,0.2164285714285714,0,5,0,95122,510488,3947,104009,4.728667234799363,0.16925875960338294
3843,0.2164682539682539,0,1,0,95123,510487,3947,104009,4.728657971766276,0.1692590350466073
3844,0.2165,1,26,1,95149,510461,3948,104008,4.7284171329059985,0.16926484493115193
3845,0.216547619047619,1,0,1,95149,510461,3949,104007,4.7284171329059985,0.16926349297278295
3846,0.2165476190476191,0,2,0,95151,510459,3949,104007,4.728398606839824,0.16926404390153402
3847,0.2166190476190476,0,1,0,95152,510458,3949,104007,4.728389343806736,0.16926431936725445
3848,0.2166428571428571,0,5,0,95157,510453,3949,104007,4.728343028641298,0.16926569670930572
3849,0.2166666666666666,25,633,25,95790,509820,3974,103982,4.722479528696876,0.16940642096311187
3850,0.2166666666666667,0,2,0,95792,509818,3974,103982,4.722461002630701,0.16940697295536006
3851,0.2167272727272727,1,1,1,95793,509817,3975,103981,4.722451739597614,0.1694058957507193
3852,0.2167777777777777,0,1,0,95794,509816,3975,103981,4.7224424765645265,0.16940617174733666
3853,0.2167857142857142,0,1,0,95795,509815,3975,103981,4.722433213531438,0.16940644774485333
3854,0.2167857142857143,0,3,0,95798,509812,3975,103981,4.722405424432176,0.1694072757427993
3855,0.2168333333333333,1,8,1,95806,509804,3976,103980,4.722331320167475,0.1694081305475542
3856,0.2168571428571428,0,1,0,95807,509803,3976,103980,4.722322057134388,0.16940840655410788
3857,0.2168571428571429,0,2,0,95809,509801,3976,103980,4.722303531068213,0.16940895856991336
3858,0.217,4,47,4,95856,509754,3980,103976,4.721868168513098,0.16941651866455934
3859,0.2170793650793651,0,1,0,95857,509753,3980,103976,4.72185890548001,0.1694167947090654
3860,0.2170833333333333,0,2,0,95859,509751,3980,103976,4.721840379413835,0.16941734680077625
3861,0.2170952380952381,0,2,0,95861,509749,3980,103976,4.72182185334766,0.16941789889608538
3862,0.2171356421356421,0,3,0,95864,509746,3980,103976,4.721794064248398,0.16941872704579597
3863,0.2171428571428571,0,8,0,95872,509738,3980,103976,4.721719959983697,0.16942093548460685
3864,0.2171666666666666,1,4,1,95876,509734,3981,103975,4.7216829078513465,0.16942068635134894
3865,0.2172222222222222,0,3,0,95879,509731,3981,103975,4.721655118752084,0.16942151453627632
3866,0.2172619047619047,0,1,0,95880,509730,3981,103975,4.721645855718997,0.1694217905997181
3867,0.2172727272727272,0,1,0,95881,509729,3981,103975,4.721636592685909,0.16942206666405954
3868,0.2172857142857142,0,1,0,95882,509728,3981,103975,4.721627329652821,0.16942234272930065
3869,0.2173333333333333,0,26,0,95908,509702,3981,103975,4.721386490792545,0.1694295207413672
3870,0.2173759018759018,0,2,0,95910,509700,3981,103975,4.72136796472637,0.16943007292133458
3871,0.2173809523809523,0,1,0,95911,509699,3981,103975,4.7213587016932825,0.16943034901266796
3872,0.2173809523809524,0,1,0,95912,509698,3981,103975,4.721349438660195,0.16943062510490114
3873,0.2173888888888888,0,1,0,95913,509697,3981,103975,4.721340175627107,0.16943090119803414
3874,0.2174285714285714,0,3,0,95916,509694,3981,103975,4.721312386527845,0.16943172948283194
3875,0.2174523809523809,0,4,0,95920,509690,3981,103975,4.721275334395495,0.1694328338751599
3876,0.2174999999999999,1,9,1,95929,509681,3982,103974,4.721191967097706,0.16943396533883046
3877,0.2175,18,288,18,96217,509393,4000,103956,4.718524213568491,0.16948914891847872
3878,0.217547619047619,0,2,0,96219,509391,4000,103956,4.718505687502316,0.16948970158817114
3879,0.2176190476190476,0,10,0,96229,509381,4000,103956,4.71841305717144,0.16949246499069842
3880,0.2176587301587301,0,1,0,96230,509380,4000,103956,4.718403794138353,0.16949274133590725
3881,0.2176666666666666,2,15,2,96245,509365,4002,103954,4.71826484864204,0.16949417839656036
3882,0.2176666666666667,0,5,0,96250,509360,4002,103954,4.718218533476602,0.1694955601861363
3883,0.2176904761904761,0,2,0,96252,509358,4002,103954,4.7182000074104264,0.16949611290827507
3884,0.2177142857142857,0,2,0,96254,509356,4002,103954,4.718181481344251,0.1694966656340187
3885,0.2177777777777777,0,1,0,96255,509355,4002,103954,4.718172218311164,0.16949694199824233
3886,0.2177777777777778,0,1,0,96256,509354,4002,103954,4.718162955278077,0.16949721836336717
3887,0.2177857142857142,0,1,0,96257,509353,4002,103954,4.7181536922449885,0.16949749472939327
3888,0.2178095238095238,0,1,0,96258,509352,4002,103954,4.718144429211901,0.1694977710963206
3889,0.2178333333333333,3,12,3,96270,509340,4005,103951,4.718033272814851,0.16949702506640404
3890,0.2178571428571428,0,7,0,96277,509333,4005,103951,4.7179684315832375,0.1694989596989323
3891,0.2179166666666666,0,4,0,96281,509329,4005,103951,4.717931379450888,0.16950006522306288
3892,0.2179761904761904,0,2,0,96283,509327,4005,103951,4.717912853384712,0.1695006179905361
3893,0.2179999999999999,1,6,1,96289,509321,4006,103950,4.717857275186187,0.16950092210458345
3894,0.218,2,58,2,96347,509263,4008,103948,4.717320019267109,0.16951424550440225
3895,0.2180238095238095,1,1,1,96348,509262,4009,103947,4.7173107562340215,0.16951316761495672
3896,0.218047619047619,0,1,0,96349,509261,4009,103947,4.717301493200933,0.16951344405161053
3897,0.2180555555555555,0,2,0,96351,509259,4009,103947,4.717282967134759,0.169513996927623
3898,0.2180952380952381,0,1,0,96352,509258,4009,103947,4.717273704101671,0.1695142733669817
3899,0.2181111111111111,0,1,0,96353,509257,4009,103947,4.717264441068584,0.16951454980724195
3900,0.218142857142857,0,1,0,96354,509256,4009,103947,4.717255178035496,0.16951482624840386
3901,0.2181507936507936,0,1,0,96355,509255,4009,103947,4.717245915002408,0.1695151026904674
3902,0.2181666666666666,0,9,0,96364,509246,4009,103947,4.71716254770462,0.16951759070961345
3903,0.2181904761904761,0,1,0,96365,509245,4009,103947,4.717153284671533,0.16951786716069356
3904,0.2182142857142857,0,2,0,96367,509243,4009,103947,4.717134758605358,0.1695184200655588
3905,0.21825,0,2,0,96369,509241,4009,103947,4.717116232539182,0.1695189729740308
3906,0.2182619047619048,1,1,1,96370,509240,4010,103946,4.717106969506095,0.1695178950595741
3907,0.2182857142857142,0,1,0,96371,509239,4010,103946,4.717097706473007,0.16951817151430645
3908,0.2182857142857143,0,2,0,96373,509237,4010,103946,4.717079180406833,0.16951872442647628
3909,0.2183095238095238,0,2,0,96375,509235,4010,103946,4.717060654340657,0.16951927734225294
3910,0.2183333333333333,20,322,20,96697,508913,4030,103926,4.714077957686465,0.16958124401351743
3911,0.2184523809523809,0,4,0,96701,508909,4030,103926,4.714040905554115,0.16958235087747925
3912,0.2184711399711399,0,4,0,96705,508905,4030,103926,4.714003853421764,0.1695834577558903
3913,0.2184761904761904,0,4,0,96709,508901,4030,103926,4.7139668012894145,0.1695845646487508
3914,0.2184999999999999,0,4,0,96713,508897,4030,103926,4.713929749157064,0.16958567155606105
3915,0.2185,1,12,1,96725,508885,4031,103925,4.713818592760013,0.16958763727745957
3916,0.2185119047619047,0,2,0,96727,508883,4031,103925,4.713800066693838,0.1695881907546899
3917,0.2185714285714285,1,3,1,96730,508880,4032,103924,4.713772277594575,0.1695876658768546
3918,0.2185833333333333,0,3,0,96733,508877,4032,103924,4.713744488495313,0.1695884961023236
3919,0.2186111111111111,0,1,0,96734,508876,4032,103924,4.713735225462226,0.169588772845953
3920,0.2186666666666666,2,19,2,96753,508857,4034,103922,4.713559227833562,0.16959132085139994
3921,0.2186666666666667,0,1,0,96754,508856,4034,103922,4.713549964800475,0.16959159760957476
3922,0.2186904761904762,0,2,0,96756,508854,4034,103922,4.713531438734299,0.1695921511286343
3923,0.2187012987012986,1,0,1,96756,508854,4035,103921,4.713531438734299,0.16959079596915672
3924,0.2187142857142857,0,2,0,96758,508852,4035,103921,4.713512912668124,0.1695913494883097
3925,0.21875,1,6,1,96764,508846,4036,103920,4.713457334469599,0.16959165488946842
3926,0.2187539682539682,0,2,0,96766,508844,4036,103920,4.713438808403423,0.16959220841955466
3927,0.218765873015873,0,3,0,96769,508841,4036,103920,4.713411019304161,0.1695930387214591
3928,0.2187857142857142,0,3,0,96772,508838,4036,103920,4.713383230204898,0.16959386903149368
3929,0.2188333333333333,1,2,1,96774,508836,4037,103919,4.713364704138723,0.1695930673760312
3930,0.2188809523809523,0,2,0,96776,508834,4037,103919,4.713346178072548,0.1695936209206646
3931,0.2188888888888888,0,1,0,96777,508833,4037,103919,4.71333691503946,0.16959389769433636
3932,0.2189285714285714,0,1,0,96778,508832,4037,103919,4.713327652006373,0.1695941744689115
3933,0.2189880952380952,0,1,0,96779,508831,4037,103919,4.713318388973286,0.16959445124439004
3934,0.2189999999999999,4,42,4,96821,508789,4041,103915,4.712929341583608,0.1696006554551627
3935,0.219,0,7,0,96828,508782,4041,103915,4.712864500351995,0.16960259312514994
3936,0.2190238095238095,0,3,0,96831,508779,4041,103915,4.7128367112527325,0.16960342356869823
3937,0.219047619047619,0,3,0,96834,508776,4041,103915,4.71280892215347,0.16960425402037896
3938,0.2190833333333333,0,2,0,96836,508774,4041,103915,4.7127903960872946,0.16960480765935082
3939,0.2191287878787878,0,1,0,96837,508773,4041,103915,4.712781133054207,0.1696050844801922
3940,0.2191666666666666,9,88,9,96925,508685,4050,103906,4.711965986142502,0.16961724870264172
3941,0.2192857142857142,0,2,0,96927,508683,4050,103906,4.711947460076328,0.16961780247441596
3942,0.2192857142857143,1,11,1,96938,508672,4051,103905,4.711845566712364,0.16961949273315843
3943,0.2193333333333333,4,41,4,96979,508631,4055,103901,4.711465782355774,0.16962542365133576
3944,0.2193809523809523,1,0,1,96979,508631,4056,103900,4.711465782355774,0.16962406800635396
3945,0.2193888888888889,0,1,0,96980,508630,4056,103900,4.711456519322687,0.16962434493004425
3946,0.2194047619047619,0,2,0,96982,508628,4056,103900,4.711437993256512,0.1696248987801374
3947,0.2194285714285714,0,1,0,96983,508627,4056,103900,4.711428730223425,0.1696251757065403
3948,0.2194444444444444,1,0,1,96983,508627,4057,103899,4.711428730223425,0.16962382005008766
3949,0.2194999999999999,0,5,0,96988,508622,4057,103899,4.711382415057987,0.1696252046868597
3950,0.2195,3,7,3,96995,508615,4060,103896,4.711317573826373,0.16962307615699962
3951,0.2195238095238094,2,2,2,96997,508613,4062,103894,4.711299047760199,0.16962091861807294
3952,0.2195238095238095,0,4,0,97001,508609,4062,103894,4.711261995627848,0.16962202634109547
3953,0.2195555555555555,0,2,0,97003,508607,4062,103894,4.711243469561674,0.1696225802080323
3954,0.2195595238095238,0,1,0,97004,508606,4062,103894,4.7112342065285855,0.16962285714285713
3955,0.2195833333333333,0,1,0,97005,508605,4062,103894,4.711224943495498,0.16962313407858626
3956,0.2196111111111111,0,1,0,97006,508604,4062,103894,4.711215680462411,0.16962341101521963
3957,0.2196428571428571,0,1,0,97007,508603,4062,103894,4.711206417429323,0.1696236879527573
3958,0.2196587301587302,0,1,0,97008,508602,4062,103894,4.711197154396236,0.1696239648911993
3959,0.2196666666666666,1,13,1,97021,508589,4063,103893,4.711076734966097,0.16962620942329734
3960,0.2197142857142857,0,4,0,97025,508585,4063,103893,4.711039682833747,0.16962731722608812
3961,0.21975,0,1,0,97026,508584,4063,103893,4.711030419800659,0.16962759417904671
3962,0.2197619047619047,0,2,0,97028,508582,4063,103893,4.711011893734485,0.16962814808767704
3963,0.2197777777777777,0,1,0,97029,508581,4063,103893,4.711002630701397,0.16962842504334877
3964,0.2198095238095238,0,1,0,97030,508580,4063,103893,4.710993367668309,0.16962870199992489
3965,0.2198333333333333,1,9,1,97039,508571,4064,103892,4.7109100003705215,0.16962983886373545
3966,0.2198888888888888,0,1,0,97040,508570,4064,103892,4.710900737337433,0.1696301158275942
3967,0.2199404761904762,0,1,0,97041,508569,4064,103892,4.710891474304346,0.1696303927923574
3968,0.2199523809523809,1,2,1,97043,508567,4065,103891,4.710872948238171,0.16962959092705132
3969,0.2199978354978355,0,1,0,97044,508566,4065,103891,4.710863685205084,0.16962986789276635
3970,0.2199999999999999,1,23,1,97067,508543,4066,103890,4.71065063544407,0.16963488250959696
3971,0.22,150,3384,150,100451,505159,4216,103740,4.679304531475786,0.17037308322069833
3972,0.220062049062049,0,2,0,100453,505157,4216,103740,4.679286005409612,0.17037364283286008
3973,0.2200952380952381,0,2,0,100455,505155,4216,103740,4.679267479343436,0.17037420244869805
3974,0.2201111111111111,0,2,0,100457,505153,4216,103740,4.679248953277261,0.1703747620682123
3975,0.2201190476190476,0,7,0,100464,505146,4216,103740,4.6791841120456485,0.17037672076546348
3976,0.2201666666666666,0,8,0,100472,505138,4216,103740,4.679110007780948,0.17037895933175448
3977,0.2201666666666667,0,3,0,100475,505135,4216,103740,4.679082218681685,0.17037979880927942
3978,0.2201785714285714,0,1,0,100476,505134,4216,103740,4.679072955648597,0.17038007863695936
3979,0.2201904761904762,1,0,1,100476,505134,4217,103739,4.679072955648597,0.1703787160869344
3980,0.2202142857142857,0,1,0,100477,505133,4217,103739,4.67906369261551,0.17037899591375527
3981,0.2202619047619047,0,1,0,100478,505132,4217,103739,4.679054429582423,0.17037927574149533
3982,0.2202619047619048,0,1,0,100479,505131,4217,103739,4.679045166549335,0.17037955557015455
3983,0.2202857142857142,0,1,0,100480,505130,4217,103739,4.679035903516247,0.17037983539973295
3984,0.2202857142857143,0,1,0,100481,505129,4217,103739,4.67902664048316,0.17038011523023053
3985,0.2203333333333332,0,1,0,100482,505128,4217,103739,4.679017377450072,0.1703803950616473
3986,0.2203333333333333,0,28,0,100510,505100,4217,103739,4.678758012523621,0.1703882307145239
3987,0.2203571428571428,0,3,0,100513,505097,4217,103739,4.678730223424358,0.17038907029150707
3988,0.2203690476190476,0,1,0,100514,505096,4217,103739,4.678720960391271,0.17038935015234014
3989,0.2204365079365079,0,1,0,100515,505095,4217,103739,4.678711697358183,0.17038963001409252
3990,0.2204761904761904,0,6,0,100521,505089,4217,103739,4.678656119159657,0.1703913092039131
3991,0.2204761904761905,0,1,0,100522,505088,4217,103739,4.67864685612657,0.17039158907210095
3992,0.2205,0,11,0,100533,505077,4217,103739,4.678544962762607,0.1703946676828467
3993,0.2205555555555555,0,3,0,100536,505074,4217,103739,4.678517173663344,0.17039550732326675
3994,0.2205714285714285,0,1,0,100537,505073,4217,103739,4.678507910630257,0.17039578720524562
3995,0.2205714285714286,0,2,0,100539,505071,4217,103739,4.678489384564082,0.17039634697196168
3996,0.2205952380952381,0,1,0,100540,505070,4217,103739,4.678480121530994,0.1703966268566989
3997,0.2206666666666666,2,37,2,100577,505033,4219,103737,4.678137389306754,0.17040425776565862
3998,0.2206666666666667,0,3,0,100580,505030,4219,103737,4.678109600207492,0.17040509751678393
3999,0.2207142857142857,0,3,0,100583,505027,4219,103737,4.678081811108229,0.17040593727618586
4000,0.2207380952380952,0,2,0,100585,505025,4219,103737,4.678063285042054,0.1704064971203853
4001,0.22075,0,1,0,100586,505024,4219,103737,4.678054022008967,0.1704067770438645
4002,0.2208333333333333,11,118,11,100704,504906,4230,103726,4.676960984104635,0.1704248215670553
4003,0.2208571428571428,0,1,0,100705,504905,4230,103726,4.676951721071548,0.17042510158043214
4004,0.2209090909090909,1,0,1,100705,504905,4231,103725,4.676951721071548,0.1704237385603733
4005,0.2209523809523809,0,9,0,100714,504896,4231,103725,4.676868353773759,0.17042625870615705
4006,0.2209999999999999,1,3,1,100717,504893,4232,103724,4.676840564674497,0.17042573572542338
4007,0.221,4,57,4,100774,504836,4236,103720,4.676312571788507,0.17043624580153674
4008,0.2210119047619047,0,1,0,100775,504835,4236,103720,4.676303308755418,0.17043652586865607
4009,0.221047619047619,0,1,0,100776,504834,4236,103720,4.676294045722331,0.17043680593669583
4010,0.2210714285714285,0,2,0,100778,504832,4236,103720,4.676275519656156,0.1704373660755367
4011,0.2210833333333333,0,1,0,100779,504831,4236,103720,4.676266256623069,0.17043764614633777
4012,0.2211111111111111,0,2,0,100781,504829,4236,103720,4.676247730556893,0.17043820629070133
4013,0.2211428571428571,0,1,0,100782,504828,4236,103720,4.676238467523806,0.17043848636426379
4014,0.2211468253968254,0,1,0,100783,504827,4236,103720,4.676229204490719,0.17043876643874672
4015,0.2211666666666666,1,9,1,100792,504818,4237,103719,4.67614583719293,0.1704399239487492
4016,0.2211666666666667,0,2,0,100794,504816,4237,103719,4.676127311126756,0.17044048411348567
4017,0.2211904761904762,0,2,0,100796,504814,4237,103719,4.67610878506058,0.17044104428190418
4018,0.22125,0,4,0,100800,504810,4237,103719,4.67607173292823,0.17044216462978756
4019,0.2212777777777777,0,2,0,100802,504808,4237,103719,4.676053206862055,0.17044272480925252
4020,0.2212857142857143,0,1,0,100803,504807,4237,103719,4.676043943828967,0.1704430049003658
4021,0.2213181818181818,1,0,1,100803,504807,4238,103718,4.676043943828967,0.1704416416745409
4022,0.2213333333333333,2,22,2,100825,504785,4240,103716,4.6758401571010415,0.1704450773293717
4023,0.2213571428571428,0,1,0,100826,504784,4240,103716,4.675830894067953,0.1704453574363188
4024,0.2213809523809523,0,1,0,100827,504783,4240,103716,4.675821631034866,0.1704456375441866
4025,0.2213888888888888,0,2,0,100829,504781,4240,103716,4.675803104968691,0.17044619776268413
4026,0.2214285714285714,0,2,0,100831,504779,4240,103716,4.675784578902515,0.1704467579848643
4027,0.2214444444444444,0,2,0,100833,504777,4240,103716,4.675766052836341,0.17044731821072714
4028,0.2214999999999999,0,17,0,100850,504760,4240,103716,4.675608581273853,0.17045208027925507
4029,0.2215,0,2,0,100852,504758,4240,103716,4.675590055207677,0.17045264054010525
4030,0.221547619047619,0,2,0,100854,504756,4240,103716,4.675571529141502,0.1704532008046385
4031,0.2215555555555555,0,1,0,100855,504755,4240,103716,4.675562266108415,0.1704534809382863
4032,0.2216428571428571,0,2,0,100857,504753,4240,103716,4.675543740042239,0.17045404120834423
4033,0.2216666666666666,25,318,25,101175,504435,4265,103691,4.672598095520398,0.17050907213307767
4034,0.2216666666666667,0,2,0,101177,504433,4265,103691,4.672579569454222,0.17050963290381566
4035,0.2217142857142857,0,1,0,101178,504432,4265,103691,4.672570306421134,0.17050991329056786
4036,0.2217619047619047,0,1,0,101179,504431,4265,103691,4.672561043388047,0.1705101936782422
4037,0.2217857142857142,0,1,0,101180,504430,4265,103691,4.67255178035496,0.17051047406683867
4038,0.2217857142857143,0,2,0,101182,504428,4265,103691,4.672533254288784,0.17051103484679808
4039,0.2218095238095238,0,1,0,101183,504427,4265,103691,4.672523991255697,0.17051131523816102
4040,0.2218333333333333,0,3,0,101186,504424,4265,103691,4.6724962021564345,0.17051215641778283
4041,0.2218571428571428,1,1,1,101187,504423,4266,103690,4.672486939123346,0.1705110727775923
4042,0.2219047619047619,0,1,0,101188,504422,4266,103690,4.672477676090259,0.17051135317178415
4043,0.2219285714285714,1,0,1,101188,504422,4267,103689,4.672477676090259,0.1705099891302739
4044,0.2219642857142857,0,1,0,101189,504421,4267,103689,4.672468413057172,0.17051026952360593
4045,0.2219999999999999,0,2,0,101191,504419,4267,103689,4.6724498869909965,0.1705108303130365
4046,0.222,5,83,5,101274,504336,4272,103684,4.671681055244729,0.1705272852866682
4047,0.2220238095238095,0,1,0,101275,504335,4272,103684,4.671671792211642,0.17052756575041242
4048,0.222047619047619,0,1,0,101276,504334,4272,103684,4.671662529178554,0.17052784621507916
4049,0.2220833333333333,0,2,0,101278,504332,4272,103684,4.671644003112379,0.17052840714718034
4050,0.2220952380952381,0,2,0,101280,504330,4272,103684,4.671625477046204,0.17052896808297177
4051,0.2221309523809523,0,1,0,101281,504329,4272,103684,4.671616214013117,0.17052924855225135
4052,0.2221428571428571,1,10,1,101291,504319,4273,103683,4.671523583682241,0.17053068904378604
4053,0.2221666666666666,1,6,1,101297,504313,4274,103682,4.671468005483716,0.17053100765631296
4054,0.2221904761904762,1,1,1,101298,504312,4275,103681,4.671458742450628,0.17052992386425503
4055,0.2222222222222222,0,1,0,101299,504311,4275,103681,4.67144947941754,0.17053020434479402
4056,0.2223333333333333,0,27,0,101326,504284,4275,103681,4.671199377524177,0.17053777766812234
4057,0.2223571428571428,0,1,0,101327,504283,4275,103681,4.671190114491089,0.1705380581744972
4058,0.2223809523809523,0,2,0,101329,504281,4275,103681,4.671171588424913,0.17053861919001517
4059,0.2224444444444444,0,1,0,101330,504280,4275,103681,4.671162325391826,0.17053889969915834
4060,0.2224642857142857,0,1,0,101331,504279,4275,103681,4.671153062358739,0.1705391802092243
4061,0.2224761904761904,0,1,0,101332,504278,4275,103681,4.671143799325651,0.17053946072021303
4062,0.2224999999999999,1,3,1,101335,504275,4276,103680,4.671116010226388,0.17053893791481278
4063,0.2225,15,315,15,101650,503960,4291,103665,4.668198154803809,0.1706068710141946
4064,0.2225238095238095,0,2,0,101652,503958,4291,103665,4.668179628737634,0.1706074325692082
4065,0.2226190476190476,0,2,0,101654,503956,4291,103665,4.6681611026714585,0.17060799412791855
4066,0.2226666666666666,1,46,1,101700,503910,4292,103664,4.667735003149431,0.17061954593185358
4067,0.2226904761904762,0,1,0,101701,503909,4292,103664,4.667725740116344,0.1706198267533284
4068,0.2227142857142857,0,2,0,101703,503907,4292,103664,4.667707214050169,0.1706203883990513
4069,0.2227380952380952,0,2,0,101705,503905,4292,103664,4.667688687983993,0.17062095004847186
4070,0.2227539682539682,0,1,0,101706,503904,4292,103664,4.667679424950906,0.17062123087456876
4071,0.2227777777777778,0,1,0,101707,503903,4292,103664,4.667670161917818,0.17062151170159012
4072,0.2227857142857142,0,1,0,101708,503902,4292,103664,4.667660898884731,0.17062179252953588
4073,0.2228095238095238,0,1,0,101709,503901,4292,103664,4.6676516358516436,0.1706220733584061
4074,0.2228333333333333,1,11,1,101720,503890,4293,103663,4.66754974248768,0.17062379743001846
4075,0.2228571428571428,0,10,0,101730,503880,4293,103663,4.6674571121568045,0.17062660585341285
4076,0.2228571428571429,0,1,0,101731,503879,4293,103663,4.667447849123717,0.17062688670083714
4077,0.2229166666666666,0,5,0,101736,503874,4293,103663,4.667401533958279,0.1706282909518268
4078,0.2229523809523809,0,1,0,101737,503873,4293,103663,4.667392270925192,0.1706285718047984
4079,0.2229999999999999,0,4,0,101741,503869,4293,103663,4.667355218792841,0.1706296952259305
4080,0.223,0,28,0,101769,503841,4293,103663,4.66709585386639,0.17063755958808502
4081,0.2230357142857143,0,1,0,101770,503840,4293,103663,4.667086590833303,0.17063784047156969
4082,0.2230454545454545,0,2,0,101772,503838,4293,103663,4.667068064767127,0.1706384022413132
4083,0.2230555555555555,2,1,2,101773,503837,4295,103661,4.66705880173404,0.17063595271095544
4084,0.2230681818181818,0,1,0,101774,503836,4295,103661,4.667049538700952,0.1706362335945692
4085,0.2231666666666666,1,7,1,101781,503829,4296,103660,4.666984697469339,0.17063683457642853
4086,0.2231666666666667,0,1,0,101782,503828,4296,103660,4.666975434436252,0.1706371154656553
4087,0.2231904761904761,0,1,0,101783,503827,4296,103660,4.666966171403164,0.1706373963558068
4088,0.2232142857142856,0,1,0,101784,503826,4296,103660,4.666956908370077,0.17063767724688306
4089,0.22325,2,0,2,101784,503826,4298,103658,4.666956908370077,0.17063494676403
4090,0.2232857142857142,1,1,1,101785,503825,4299,103657,4.66694764533699,0.17063386240250739
4091,0.2233333333333333,27,647,27,102432,503178,4326,103630,4.660954462929341,0.1707788954661112
4092,0.2233611111111111,0,1,0,102433,503177,4326,103630,4.660945199896254,0.17077917690468303
4093,0.2233939393939394,0,3,0,102436,503174,4326,103630,4.6609174107969915,0.17078002122596422
4094,0.2234166666666666,0,1,0,102437,503173,4326,103630,4.660908147763903,0.17078030266824654
4095,0.2234523809523809,0,1,0,102438,503172,4326,103630,4.660898884730816,0.17078058411145647
4096,0.2234999999999999,0,2,0,102440,503170,4326,103630,4.660880358664641,0.1707811470006592
4097,0.2235,0,12,0,102452,503158,4326,103630,4.66076920226759,0.17078452441379857
4098,0.2235238095238095,0,2,0,102454,503156,4326,103630,4.660750676201415,0.17078508732897596
4099,0.2235555555555555,0,1,0,102455,503155,4326,103630,4.660741413168328,0.1707853687879562
4100,0.2235714285714286,1,6,1,102461,503149,4327,103629,4.660685834969803,0.17078569097758983
4101,0.2236111111111111,0,1,0,102462,503148,4327,103629,4.660676571936715,0.1707859724412758
4102,0.2236363636363636,0,2,0,102464,503146,4327,103629,4.66065804587054,0.17078653537143093
4103,0.2236666666666666,0,11,0,102475,503135,4327,103629,4.660556152506577,0.17078963155361887
4104,0.2237142857142857,0,3,0,102478,503132,4327,103629,4.660528363407314,0.1707904759864263
4105,0.22375,0,9,0,102487,503123,4327,103629,4.6604449961095264,0.1707930093349507
4106,0.2237619047619047,0,2,0,102489,503121,4327,103629,4.660426470043351,0.17079357231149567
4107,0.2238095238095237,0,1,0,102490,503120,4327,103629,4.660417207010264,0.17079385380115994
4108,0.2238095238095238,0,2,0,102492,503118,4327,103629,4.6603986809440885,0.17079441678327212
4109,0.2238333333333333,0,7,0,102499,503111,4327,103629,4.660333839712475,0.17079638724989288
4110,0.2238800366300366,0,1,0,102500,503110,4327,103629,4.660324576679388,0.17079666874883598
4111,0.2238863636363636,0,1,0,102501,503109,4327,103629,4.660315313646301,0.17079695024870703
4112,0.2238888888888888,0,1,0,102502,503108,4327,103629,4.660306050613213,0.17079723174950595
4113,0.2238888888888889,0,1,0,102503,503107,4327,103629,4.660296787580125,0.17079751325123282
4114,0.2239999999999999,4,91,4,102594,503016,4331,103625,4.6594538515691575,0.17081766646171295
4115,0.224,0,9,0,102603,503007,4331,103625,4.65937048427137,0.1708202007147661
4116,0.224047619047619,0,2,0,102605,503005,4331,103625,4.659351958205194,0.17082076389232317
4117,0.224095238095238,0,1,0,102606,503004,4331,103625,4.659342695172107,0.17082104548249424
4118,0.2240952380952381,0,2,0,102608,503002,4331,103625,4.659324169105932,0.17082160866562154
4119,0.2241666666666666,6,96,6,102704,502906,4337,103619,4.658434917929527,0.17084044351016034
4120,0.2241666666666667,0,1,0,102705,502905,4337,103619,4.65842565489644,0.1708407251815262
4121,0.2241904761904761,0,1,0,102706,502904,4337,103619,4.658416391863351,0.17084100685382086
4122,0.22425,0,2,0,102708,502902,4337,103619,4.658397865797177,0.17084157020119667
4123,0.2242777777777777,1,0,1,102708,502902,4338,103618,4.658397865797177,0.17084020312603046
4124,0.2242857142857142,0,2,0,102710,502900,4338,103618,4.658379339731002,0.1708407664735424
4125,0.2242857142857143,0,8,0,102718,502892,4338,103618,4.658305235466301,0.1708430199007436
4126,0.2243333333333333,1,16,1,102734,502876,4339,103617,4.6581570269369,0.17084615980728549
4127,0.2243571428571428,0,1,0,102735,502875,4339,103617,4.658147763903813,0.1708464415029382
4128,0.2244166666666666,0,2,0,102737,502873,4339,103617,4.658129237837637,0.17084700489703045
4129,0.2244444444444444,0,5,0,102742,502868,4339,103617,4.658082922672199,0.1708484133985177
4130,0.2244523809523809,0,1,0,102743,502867,4339,103617,4.658073659639112,0.17084869510160203
4131,0.2244682539682539,0,1,0,102744,502866,4339,103617,4.658064396606025,0.17084897680561534
4132,0.2245,0,22,0,102766,502844,4339,103617,4.657860609878099,0.17085517452894744
4133,0.2245128205128205,0,1,0,102767,502843,4339,103617,4.657851346845011,0.1708554562543284
4134,0.2245238095238095,0,8,0,102775,502835,4339,103617,4.657777242580311,0.17085771009082334
4135,0.2245357142857142,0,3,0,102778,502832,4339,103617,4.657749453481048,0.17085855529483931
4136,0.2245833333333333,0,4,0,102782,502828,4339,103617,4.6577124013486975,0.17085968224653514
4137,0.2246428571428571,0,2,0,102784,502826,4339,103617,4.657693875282522,0.17086024572795794
4138,0.2246666666666666,0,20,0,102804,502806,4339,103617,4.657508614620771,0.17086588074660758
4139,0.2246904761904762,1,2,1,102806,502804,4340,103616,4.657490088554597,0.17086507700933345
4140,0.2247142857142857,0,1,0,102807,502803,4340,103616,4.6574808255215085,0.17086535877009132
4141,0.2247222222222222,1,1,1,102808,502802,4341,103615,4.657471562488421,0.17086427326410705
4142,0.22475,0,3,0,102811,502799,4341,103615,4.657443773389159,0.17086511854937386
4143,0.2247619047619047,0,2,0,102813,502797,4341,103615,4.657425247322983,0.17086568207753144
4144,0.2247857142857142,1,2,1,102815,502795,4342,103614,4.657406721256808,0.17086487832469505
4145,0.2248095238095237,0,1,0,102816,502794,4342,103614,4.657397458223721,0.17086516009023628
4146,0.2248333333333333,0,11,0,102827,502783,4342,103614,4.657295564859758,0.17086825957252427
4147,0.2249523809523809,0,3,0,102830,502780,4342,103614,4.657267775760495,0.17086910490539153
4148,0.2249682539682539,0,1,0,102831,502779,4342,103614,4.657258512727408,0.17086938668487267
4149,0.2249999999999999,0,15,0,102846,502764,4342,103614,4.657119567231094,0.17087361348861602
4150,0.225,73,1264,73,104110,501500,4415,103541,4.645411093408426,0.1711305514832879
4151,0.2250151515151515,0,1,0,104111,501499,4415,103541,4.645401830375338,0.1711308343250033
4152,0.2250238095238095,0,1,0,104112,501498,4415,103541,4.645392567342251,0.17113111716765367
4153,0.2250427627927627,0,2,0,104114,501496,4415,103541,4.645374041276075,0.17113168285575925
4154,0.2251666666666666,0,8,0,104122,501488,4415,103541,4.645299937011375,0.17113394564558063
4155,0.2251904761904761,1,0,1,104122,501488,4416,103540,4.645299937011375,0.17113257568244775
4156,0.2252380952380952,0,1,0,104123,501487,4416,103540,4.6452906739782875,0.1711328585335861
4157,0.2253333333333332,0,2,0,104125,501485,4416,103540,4.645272147912112,0.17113342423866781
4158,0.2253333333333333,2,31,2,104156,501454,4418,103538,4.644984993886398,0.17113945308367715
4159,0.2253571428571428,0,4,0,104160,501450,4418,103538,4.644947941754048,0.17114058460663684
4160,0.2254166666666666,1,0,1,104160,501450,4419,103537,4.644947941754048,0.17113921456163522
4161,0.2254523809523809,0,2,0,104162,501448,4419,103537,4.644929415687873,0.17113978032513202
4162,0.2254545454545454,0,1,0,104163,501447,4419,103537,4.644920152654786,0.1711400632082832
4163,0.2254761904761905,1,3,1,104166,501444,4420,103536,4.644892363555523,0.1711395418030348
4164,0.2254999999999999,0,2,0,104168,501442,4420,103536,4.644873837489348,0.17114010757415973
4165,0.2255,0,12,0,104180,501430,4420,103536,4.644762681092297,0.17114350227946695
4166,0.2255555555555555,0,3,0,104183,501427,4420,103536,4.644734891993034,0.1711443509768366
4167,0.2255833333333333,0,1,0,104184,501426,4420,103536,4.644725628959947,0.17114463387783035
4168,0.225595238095238,0,1,0,104185,501425,4420,103536,4.644716365926859,0.17114491677975935
4169,0.2255952380952381,0,2,0,104187,501423,4420,103536,4.644697839860684,0.1711454825864232
4170,0.2256190476190476,0,6,0,104193,501417,4420,103536,4.644642261662159,0.17114718002886176
4171,0.2256666666666666,1,32,1,104225,501385,4421,103535,4.6443458446033565,0.17115486345301859
4172,0.2256666666666667,0,1,0,104226,501384,4421,103535,4.644336581570269,0.17115514639150034
4173,0.2256944444444444,0,1,0,104227,501383,4421,103535,4.644327318537182,0.17115542933091757
4174,0.2257142857142857,0,22,0,104249,501361,4421,103535,4.644123531809256,0.17116165423477755
4175,0.2257857142857142,0,2,0,104251,501359,4421,103535,4.64410500574308,0.17116222015758134
4176,0.2258095238095238,0,1,0,104252,501358,4421,103535,4.644095742709993,0.17116250312038658
4177,0.2258333333333333,7,104,7,104356,501254,4428,103528,4.643132387268888,0.17118234338984956
4178,0.2258571428571428,0,1,0,104357,501253,4428,103528,4.6431231242357995,0.17118262643833057
4179,0.2258571428571429,0,1,0,104358,501252,4428,103528,4.643113861202712,0.17118290948774761
4180,0.2259523809523808,0,1,0,104359,501251,4428,103528,4.643104598169625,0.1711831925381007
4181,0.2259545454545454,0,1,0,104360,501250,4428,103528,4.643095335136537,0.17118347558938982
4182,0.2259999999999999,0,11,0,104371,501239,4428,103528,4.642993441772574,0.1711865892153507
4183,0.226,7,106,7,104477,501133,4435,103521,4.642011560265293,0.17120700433636427
4184,0.2260238095238095,0,1,0,104478,501132,4435,103521,4.642002297232206,0.17120728748554956
4185,0.226047619047619,0,1,0,104479,501131,4435,103521,4.6419930341991185,0.17120757063567144
4186,0.2260606060606061,0,1,0,104480,501130,4435,103521,4.64198377116603,0.17120785378672987
4187,0.2260833333333333,0,3,0,104483,501127,4435,103521,4.641955982066768,0.17120870324552467
4188,0.2261111111111111,0,1,0,104484,501126,4435,103521,4.6419467190336805,0.17120898640032944
4189,0.2261190476190476,0,1,0,104485,501125,4435,103521,4.641937456000593,0.17120926955607083
4190,0.2261309523809523,0,1,0,104486,501124,4435,103521,4.641928192967505,0.1712095527127488
4191,0.2261428571428571,0,1,0,104487,501123,4435,103521,4.641918929934418,0.1712098358703634
4192,0.2261666666666666,1,6,1,104493,501117,4436,103520,4.641863351735893,0.17121016411499793
4193,0.2261666666666667,0,1,0,104494,501116,4436,103520,4.641854088702805,0.1712104472773702
4194,0.2261904761904762,0,2,0,104496,501114,4436,103520,4.64183556263663,0.17121101360492463
4195,0.2262023809523809,1,0,1,104496,501114,4437,103519,4.64183556263663,0.17120964287427248
4196,0.22625,1,3,1,104499,501111,4438,103518,4.6418077735373675,0.1712091216266504
4197,0.2262857142857142,0,1,0,104500,501110,4438,103518,4.641798510504279,0.17120940479104507
4198,0.2263333333333333,0,21,0,104521,501089,4438,103518,4.641603986809441,0.17121535145970854
4199,0.2263809523809523,0,2,0,104523,501087,4438,103518,4.641585460743266,0.17121591783064977
4200,0.2264166666666666,0,1,0,104524,501086,4438,103518,4.641576197710179,0.17121620101752552
4201,0.2264285714285714,0,3,0,104527,501083,4438,103518,4.641548408610916,0.17121705058377343
4202,0.2264761904761905,1,1,1,104528,501082,4439,103517,4.641539145577828,0.17121596297711375
4203,0.2264999999999999,0,9,0,104537,501073,4439,103517,4.64145577828004,0.17121851171868538
4204,0.2265,0,6,0,104543,501067,4439,103517,4.641400200081515,0.1712202109218901
4205,0.22653663003663,0,1,0,104544,501066,4439,103517,4.641390937048427,0.17122049412570317
4206,0.226547619047619,0,2,0,104546,501064,4439,103517,4.641372410982252,0.17122106053613992
4207,0.2265833333333333,0,1,0,104547,501063,4439,103517,4.641363147949164,0.17122134374276357
4208,0.226595238095238,0,1,0,104548,501062,4439,103517,4.641353884916077,0.1712216269503241
4209,0.2266666666666666,38,602,38,105150,500460,4477,103479,4.635777538997369,0.1713401519027584
4210,0.2266666666666667,0,1,0,105151,500459,4477,103479,4.635768275964281,0.1713404356076286
4211,0.2267092352092352,1,1,1,105152,500458,4478,103478,4.635759012931194,0.171339347215599
4212,0.22675,0,1,0,105153,500457,4478,103478,4.635749749898107,0.17133963092054608
4213,0.2267575757575757,0,2,0,105155,500455,4478,103478,4.6357312238319315,0.1713401983332588
4214,0.2267857142857143,0,2,0,105157,500453,4478,103478,4.635712697765756,0.1713407657497297
4215,0.2268333333333333,0,11,0,105168,500442,4478,103478,4.635610804401793,0.1713438866074977
4216,0.226852564102564,0,1,0,105169,500441,4478,103478,4.635601541368706,0.1713441703274777
4217,0.2268571428571428,1,0,1,105169,500441,4479,103477,4.635601541368706,0.17134279819445686
4218,0.2269047619047619,0,5,0,105174,500436,4479,103477,4.635555226203268,0.17134421679943965
4219,0.2269119769119769,0,3,0,105177,500433,4479,103477,4.635527437104005,0.1713450679737047
4220,0.2269444444444444,0,1,0,105178,500432,4479,103477,4.635518174070918,0.17134535170033896
4221,0.2269523809523809,0,1,0,105179,500431,4479,103477,4.63550891103783,0.17134563542791287
4222,0.2269999999999999,3,34,3,105213,500397,4482,103474,4.635193967912853,0.17135116606030096
4223,0.227,0,1,0,105214,500396,4482,103474,4.635184704879766,0.1713514498153576
4224,0.2270238095238095,0,4,0,105218,500392,4482,103474,4.635147652747416,0.17135258484498217
4225,0.2270833333333333,1,2,1,105220,500390,4483,103473,4.635129126681241,0.1713517801223125
4226,0.2271251526251526,0,5,0,105225,500385,4483,103473,4.635082811515803,0.17135319893087447
4227,0.2271428571428571,2,16,2,105241,500369,4485,103471,4.634934602986402,0.17135499470058294
4228,0.2271428571428572,0,1,0,105242,500368,4485,103471,4.634925339953314,0.17135527847654755
4229,0.2271666666666666,0,5,0,105247,500363,4485,103471,4.634879024787876,0.17135669737046938
4230,0.2271753246753246,0,3,0,105250,500360,4485,103471,4.634851235688614,0.17135754871810158
4231,0.2271904761904762,0,1,0,105251,500359,4485,103471,4.6348419726555266,0.17135783250252554
4232,0.2272142857142857,0,2,0,105253,500357,4485,103471,4.634823446589351,0.1713584000741933
4233,0.2272222222222222,0,1,0,105254,500356,4485,103471,4.634814183556264,0.17135868386143713
4234,0.22725,0,1,0,105255,500355,4485,103471,4.634804920523176,0.1713589676496209
4235,0.2272619047619047,0,1,0,105256,500354,4485,103471,4.634795657490089,0.17135925143874467
4236,0.2272857142857142,0,1,0,105257,500353,4485,103471,4.634786394457001,0.1713595352288084
4237,0.2273095238095238,0,1,0,105258,500352,4485,103471,4.634777131423913,0.1713598190198121
4238,0.2273333333333333,0,34,0,105292,500318,4485,103471,4.6344621882989365,0.17136946847325804
4239,0.2273809523809524,0,1,0,105293,500317,4485,103471,4.634452925265849,0.17136975229716392
4240,0.2273888888888888,0,1,0,105294,500316,4485,103471,4.634443662232761,0.1713700361220099
4241,0.2274047619047618,0,1,0,105295,500315,4485,103471,4.634434399199674,0.17137031994779608
4242,0.2274166666666666,0,1,0,105296,500314,4485,103471,4.634425136166587,0.1713706037745224
4243,0.2274242424242424,0,1,0,105297,500313,4485,103471,4.634415873133499,0.17137088760218885
4244,0.2274523809523809,0,1,0,105298,500312,4485,103471,4.634406610100411,0.1713711714307955
4245,0.2274999999999999,0,6,0,105304,500306,4485,103471,4.634351031901886,0.17137287442217905
4246,0.2275,20,321,20,105625,499985,4505,103451,4.631377598280781,0.17143657322400388
4247,0.2275277777777777,0,1,0,105626,499984,4505,103451,4.631368335247694,0.17143685732514688
4248,0.2276111111111111,0,1,0,105627,499983,4505,103451,4.631359072214606,0.1714371414272315
4249,0.2276190476190475,0,2,0,105629,499981,4505,103451,4.631340546148431,0.17143770963422555
4250,0.2276190476190476,0,4,0,105633,499977,4505,103451,4.63130349401608,0.17143884605951332
4251,0.2276666666666666,3,18,3,105651,499959,4508,103448,4.631136759420505,0.171439840770823
4252,0.2276904761904762,0,1,0,105652,499958,4508,103448,4.631127496387417,0.17144012489103522
4253,0.2277499999999999,0,2,0,105654,499956,4508,103448,4.631108970321242,0.1714406931342848
4254,0.2277777777777777,0,2,0,105656,499954,4508,103448,4.631090444255067,0.17144126138130136
4255,0.2277857142857143,0,2,0,105658,499952,4508,103448,4.6310719181888915,0.17144182963208485
4256,0.2278333333333332,1,0,1,105658,499952,4509,103447,4.6310719181888915,0.17144045648070347
4257,0.2278333333333333,1,10,1,105668,499942,4510,103446,4.6309792878580165,0.1714419245990971
4258,0.2278571428571428,2,6,2,105674,499936,4512,103444,4.630923709659491,0.17144088302562233
4259,0.2278809523809523,0,1,0,105675,499935,4512,103444,4.630914446626403,0.17144116716027571
4260,0.2279166666666666,2,9,2,105684,499926,4514,103442,4.630831079328615,0.171440977976956
4261,0.2279285714285714,0,3,0,105687,499923,4514,103442,4.630803290229353,0.17144183040116678
4262,0.2279545454545454,0,1,0,105688,499922,4514,103442,4.6307940271962655,0.1714421145444541
4263,0.2279761904761904,0,2,0,105690,499920,4514,103442,4.63077550113009,0.1714426828338543
4264,0.2279999999999999,0,4,0,105694,499916,4514,103442,4.6307384489977395,0.17144381942395726
4265,0.228,4,66,4,105760,499850,4518,103438,4.630127088813961,0.17145708185808436
4266,0.2280097402597402,0,1,0,105761,499849,4518,103438,4.630117825780873,0.17145736606291864
4267,0.2280119047619047,0,1,0,105762,499848,4518,103438,4.630108562747786,0.1714576502686951
4268,0.2280555555555555,0,4,0,105766,499844,4518,103438,4.630071510615436,0.17145878710122298
4269,0.228095238095238,0,1,0,105767,499843,4518,103438,4.630062247582348,0.17145907131171045
4270,0.2280952380952381,0,3,0,105770,499840,4518,103438,4.6300344584830855,0.17145992394882625
4271,0.2281111111111111,0,3,0,105773,499837,4518,103438,4.630006669383823,0.1714607765944221
4272,0.2281428571428571,0,1,0,105774,499836,4518,103438,4.629997406350736,0.17146106081150522
4273,0.2281587301587301,0,1,0,105775,499835,4518,103438,4.6299881433176475,0.1714613450295306
4274,0.2281666666666666,1,15,1,105790,499820,4519,103437,4.6298491978213345,0.17146423497779553
4275,0.2281666666666667,0,1,0,105791,499819,4519,103437,4.629839934788247,0.171464519209092
4276,0.2282142857142857,0,5,0,105796,499814,4519,103437,4.629793619622809,0.17146594037970928
4277,0.2283333333333332,0,3,0,105799,499811,4519,103437,4.629765830523547,0.1714667930933878
4278,0.2283333333333333,20,323,20,106122,499488,4539,103417,4.626773870836266,0.17153116991897563
4279,0.2284523809523809,0,3,0,106125,499485,4539,103417,4.626746081737004,0.17153202344659663
4280,0.2284999999999999,2,9,2,106134,499476,4541,103415,4.626662714439216,0.17153183577130857
4281,0.2285,0,11,0,106145,499465,4541,103415,4.626560821075253,0.17153496549893843
4282,0.2285238095238095,0,1,0,106146,499464,4541,103415,4.6265515580421654,0.1715352500252953
4283,0.2285606060606061,0,1,0,106147,499463,4541,103415,4.626542295009078,0.17153553455259604
4284,0.2285714285714285,0,8,0,106155,499455,4541,103415,4.626468190744378,0.17153781080498284
4285,0.2286190476190475,0,1,0,106156,499454,4541,103415,4.6264589277112895,0.17153809534077885
4286,0.2286190476190476,0,2,0,106158,499452,4541,103415,4.626440401645115,0.17153866441520269
4287,0.2286666666666666,1,29,1,106187,499423,4542,103414,4.626171773685575,0.1715455421614798
4288,0.2286666666666667,0,2,0,106189,499421,4542,103414,4.6261532476194,0.17154611129081757
4289,0.2287380952380952,0,3,0,106192,499418,4542,103414,4.6261254585201375,0.1715469649919049
4290,0.2287499999999999,0,1,0,106193,499417,4542,103414,4.62611619548705,0.17154724956082218
4291,0.22875,1,6,1,106199,499411,4543,103413,4.626060617288525,0.17154758271070827
4292,0.2288095238095238,1,4,1,106203,499407,4544,103412,4.626023565156174,0.1715473467160126
4293,0.2288333333333333,0,8,0,106211,499399,4544,103412,4.625949460891475,0.17154962334794818
4294,0.2289285714285714,0,2,0,106213,499397,4544,103412,4.625930934825299,0.17155019251537384
4295,0.2289444444444444,0,1,0,106214,499396,4544,103412,4.625921671792212,0.17155047710050297
4296,0.2289999999999999,3,56,3,106270,499340,4547,103409,4.625402941939309,0.17156229209836932
4297,0.229,0,1,0,106271,499339,4547,103409,4.625393678906221,0.17156257673190123
4298,0.2290357142857143,0,1,0,106272,499338,4547,103409,4.625384415873134,0.1715628613663776
4299,0.229047619047619,0,3,0,106275,499335,4547,103409,4.625356626773871,0.1715637152754735
4300,0.2290833333333333,0,1,0,106276,499334,4547,103409,4.625347363740783,0.17156399991372775
4301,0.2291190476190476,0,2,0,106278,499332,4547,103409,4.6253288376746085,0.17156456919306967
4302,0.2291428571428571,0,1,0,106279,499331,4547,103409,4.62531957464152,0.17156485383415734
4303,0.2291666666666666,7,102,7,106381,499229,4554,103402,4.62437474526659,0.1715842696442765
4304,0.2291666666666667,0,2,0,106383,499227,4554,103402,4.624356219200415,0.17158483909669134
4305,0.2291706349206349,0,1,0,106384,499226,4554,103402,4.624346956167328,0.17158512382431615
4306,0.2292380952380952,0,2,0,106386,499224,4554,103402,4.624328430101152,0.1715856932824007
4307,0.2292499999999999,0,2,0,106388,499222,4554,103402,4.624309904034977,0.17158626274426508
4308,0.2292619047619047,0,1,0,106389,499221,4554,103402,4.62430064100189,0.17158654747661473
4309,0.229280303030303,0,1,0,106390,499220,4554,103402,4.624291377968802,0.17158683220990936
4310,0.2292857142857142,0,2,0,106392,499218,4554,103402,4.624272851902627,0.1715874016793336
4311,0.2292857142857143,0,10,0,106402,499208,4554,103402,4.624180221571751,0.17159024908315496
4312,0.2293333333333333,2,34,2,106436,499174,4556,103400,4.623865278446774,0.17159718142502
4313,0.2293809523809524,0,2,0,106438,499172,4556,103400,4.6238467523806,0.17159775097415744
4314,0.2294444444444444,0,1,0,106439,499171,4556,103400,4.623837489347512,0.17159803575014396
4315,0.2294523809523809,0,2,0,106441,499169,4556,103400,4.6238189632813365,0.17159860530495263
4316,0.2294642857142857,0,1,0,106442,499168,4556,103400,4.623809700248249,0.17159889008377477
4317,0.2294999999999999,2,15,2,106457,499153,4558,103398,4.623670754751936,0.17160041224726205
4318,0.2295,0,6,0,106463,499147,4558,103398,4.623615176553411,0.17160212100341055
4319,0.2295238095238095,1,4,1,106467,499143,4559,103397,4.62357812442106,0.17160188535200982
4320,0.2295555555555555,0,2,0,106469,499141,4559,103397,4.623559598354885,0.1716024549488995
4321,0.2295714285714286,1,0,1,106469,499141,4560,103396,4.623559598354885,0.17160108009964534
4322,0.2295833333333333,0,1,0,106470,499140,4560,103396,4.623550335321798,0.17160136489769906
4323,0.2296428571428571,1,2,1,106472,499138,4561,103395,4.623531809255622,0.17160055963739745
4324,0.2296666666666666,3,12,3,106484,499126,4564,103392,4.623420652858572,0.171599852618511
4325,0.2297142857142857,0,2,0,106486,499124,4564,103392,4.623402126792397,0.17160042222945115
4326,0.2297222222222222,0,3,0,106489,499121,4564,103392,4.623374337693134,0.17160127665295188
4327,0.2297460317460317,0,1,0,106490,499120,4564,103392,4.623365074660047,0.17160156146267627
4328,0.22975,0,1,0,106491,499119,4564,103392,4.6233558116269595,0.17160184627334604
4329,0.2297857142857143,0,1,0,106492,499118,4564,103392,4.623346548593871,0.17160213108496125
4330,0.2298333333333333,1,8,1,106500,499110,4565,103391,4.623272444329171,0.17160303468375987
4331,0.2298571428571428,0,1,0,106501,499109,4565,103391,4.623263181296084,0.1716033195020747
4332,0.2298809523809523,0,1,0,106502,499108,4565,103391,4.623253918262996,0.17160360432133498
4333,0.2299166666666666,0,1,0,106503,499107,4565,103391,4.623244655229908,0.1716038891415407
4334,0.2299285714285714,0,1,0,106504,499106,4565,103391,4.623235392196821,0.17160417396269192
4335,0.2299523809523809,0,2,0,106506,499104,4565,103391,4.623216866130646,0.17160474360783076
4336,0.2299999999999999,2,34,2,106540,499070,4567,103389,4.622901923005669,0.17161167813909328
4337,0.23,160,3526,160,110066,495544,4727,103229,4.590240468338953,0.17240089315984522
4338,0.2301190476190475,0,1,0,110067,495543,4727,103229,4.590231205305865,0.17240118108395183
4339,0.2301666666666666,0,5,0,110072,495538,4727,103229,4.590184890140428,0.1724026207189107
4340,0.2301774891774891,0,1,0,110073,495537,4727,103229,4.59017562710734,0.17240290864878768
4341,0.2301904761904762,0,2,0,110075,495535,4727,103229,4.590157101041165,0.17240348451142687
4342,0.2302380952380952,1,0,1,110075,495535,4728,103228,4.590157101041165,0.17240210233431258
4343,0.2303333333333333,0,21,0,110096,495514,4728,103228,4.589962577346326,0.1724081490859168
4344,0.2303571428571428,0,9,0,110105,495505,4728,103228,4.589879210048538,0.1724107406807375
4345,0.2303809523809524,0,1,0,110106,495504,4728,103228,4.589869947015451,0.172411028640527
4346,0.2304285714285714,0,1,0,110107,495503,4728,103228,4.589860683982363,0.17241131660127837
4347,0.2304444444444444,0,1,0,110108,495502,4728,103228,4.589851420949276,0.17241160456299168
4348,0.2304761904761904,0,5,0,110113,495497,4728,103228,4.589805105783838,0.1724130443859869
4349,0.2304920634920634,0,1,0,110114,495496,4728,103228,4.589795842750751,0.17241333235347173
4350,0.2304999999999999,0,3,0,110117,495493,4728,103228,4.589768053651488,0.17241419626169785
4351,0.2305,0,16,0,110133,495477,4728,103228,4.589619845122087,0.17241880391845735
4352,0.2305238095238095,0,1,0,110134,495476,4728,103228,4.589610582089,0.17241909190518187
4353,0.2305555555555555,0,5,0,110139,495471,4728,103228,4.589564266923562,0.1724205318532351
4354,0.2306666666666666,4,30,4,110169,495441,4732,103224,4.589286375930935,0.17242364260479567
4355,0.2306666666666667,0,3,0,110172,495438,4732,103224,4.589258586831672,0.1724245066498291
4356,0.2307142857142857,0,6,0,110178,495432,4732,103224,4.589203008633147,0.17242623476587557
4357,0.2307499999999999,0,1,0,110179,495431,4732,103224,4.589193745600059,0.17242652278858442
4358,0.2308333333333332,0,1,0,110180,495430,4732,103224,4.589184482566972,0.1724268108122555
4359,0.2308333333333333,8,93,8,110273,495337,4740,103216,4.588323020489829,0.17244254059373187
4360,0.2308571428571428,0,1,0,110274,495336,4740,103216,4.588313757456741,0.17244282869324637
4361,0.2309018759018758,0,1,0,110275,495335,4740,103216,4.588304494423654,0.1724431167937235
4362,0.2309047619047619,1,1,1,110276,495334,4741,103215,4.588295231390567,0.1724420222905727
4363,0.2309523809523809,1,0,1,110276,495334,4742,103214,4.588295231390567,0.17244063968136222
4364,0.2309999999999999,0,5,0,110281,495329,4742,103214,4.588248916225129,0.1724420801847152
4365,0.231,3,65,3,110346,495264,4745,103211,4.587646819074438,0.17245666067922635
4366,0.2310396825396825,0,1,0,110347,495263,4745,103211,4.58763755604135,0.17245694883988277
4367,0.2310714285714285,0,1,0,110348,495262,4745,103211,4.587628293008263,0.17245723700150214
4368,0.2310833333333332,0,5,0,110353,495257,4745,103211,4.587581977842825,0.17245867782404406
4369,0.2310833333333333,0,1,0,110354,495256,4745,103211,4.587572714809737,0.17245896599144148
4370,0.2311428571428571,0,3,0,110357,495253,4745,103211,4.587544925710475,0.17245983049941183
4371,0.2311666666666666,2,9,2,110366,495244,4747,103209,4.587461558412687,0.17245965848613007
4372,0.2311904761904762,0,1,0,110367,495243,4747,103209,4.587452295379599,0.17245994666238895
4373,0.23125,1,2,1,110369,495241,4748,103208,4.587433769313424,0.17245914021077818
4374,0.2313333333333332,0,1,0,110370,495240,4748,103208,4.587424506280336,0.17245942838809722
4375,0.2313333333333333,1,29,1,110399,495211,4749,103207,4.5871558783207975,0.17246640308279496
4376,0.2313690476190475,0,2,0,110401,495209,4749,103207,4.587137352254622,0.17246697949252693
4377,0.2313888888888889,0,1,0,110402,495208,4749,103207,4.587128089221535,0.17246726769883777
4378,0.2314285714285714,1,6,1,110408,495202,4750,103206,4.58707251102301,0.17246761406933062
4379,0.2314545454545454,0,3,0,110411,495199,4750,103206,4.587044721923747,0.17246847870589316
4380,0.2314761904761905,0,1,0,110412,495198,4750,103206,4.587035458890659,0.17246876692000723
4381,0.2314999999999999,0,16,0,110428,495182,4750,103206,4.586887250361258,0.1724733784768411
4382,0.2315,1,2,1,110430,495180,4751,103205,4.586868724295083,0.172472572006317
4383,0.2315238095238095,0,1,0,110431,495179,4751,103205,4.586859461261995,0.17247286023690472
4384,0.231547619047619,0,4,0,110435,495175,4751,103205,4.5868224091296455,0.17247401316888933
4385,0.2315833333333333,0,2,0,110437,495173,4751,103205,4.58680388306347,0.17247458964066192
4386,0.2315952380952381,0,1,0,110438,495172,4751,103205,4.586794620030383,0.17247487787799332
4387,0.2316666666666666,13,166,13,110604,495006,4764,103192,4.585256956537849,0.17250475595037096
4388,0.2316666666666667,10,163,10,110767,494843,4774,103182,4.583747082144577,0.17253793737719994
4389,0.2317142857142857,0,1,0,110768,494842,4774,103182,4.58373781911149,0.1725382258905997
4390,0.2317222222222222,0,1,0,110769,494841,4774,103182,4.583728556078403,0.17253851440496434
4391,0.2317380952380952,0,1,0,110770,494840,4774,103182,4.583719293045315,0.17253880292029392
4392,0.2317619047619047,0,2,0,110772,494838,4774,103182,4.58370076697914,0.1725393799538477
4393,0.2317777777777777,0,1,0,110773,494837,4774,103182,4.583691503946052,0.17253966847207194
4394,0.2317857142857142,0,1,0,110774,494836,4774,103182,4.583682240912965,0.17253995699126112
4395,0.2317857142857143,0,4,0,110778,494832,4774,103182,4.583645188780614,0.17254111107766706
4396,0.2318278388278388,1,3,1,110781,494829,4775,103181,4.583617399681351,0.1725405929666728
4397,0.2318333333333333,1,16,1,110797,494813,4776,103180,4.583469191151951,0.17254382576384675
4398,0.2318571428571428,0,3,0,110800,494810,4776,103180,4.583441402052689,0.17254469138279904
4399,0.2318888888888889,1,0,1,110800,494810,4777,103179,4.583441402052689,0.17254330765281636
4400,0.2319999999999999,2,72,2,110872,494738,4779,103177,4.582774463670384,0.17256131724408988
4401,0.232,0,9,0,110881,494729,4779,103177,4.582691096372597,0.17256391472907112
4402,0.2320833333333333,0,4,0,110885,494725,4779,103177,4.582654044240246,0.17256506919194115
4403,0.2321428571428571,1,3,1,110888,494722,4780,103176,4.582626255140983,0.1725645511441751
4404,0.2321666666666666,0,3,0,110891,494719,4780,103176,4.582598466041721,0.172565417004658
4405,0.2321666666666667,1,4,1,110895,494715,4781,103175,4.582561413909371,0.17256518757631004
4406,0.2322222222222222,0,3,0,110898,494712,4781,103175,4.582533624810107,0.17256605345157194
4407,0.2322380952380952,0,2,0,110900,494710,4781,103175,4.582515098743933,0.17256663070657402
4408,0.2322499999999999,0,3,0,110903,494707,4781,103175,4.58248730964467,0.17256749659631834
4409,0.2322619047619047,0,1,0,110904,494706,4781,103175,4.582478046611582,0.17256778522816413
4410,0.2322857142857143,0,2,0,110906,494704,4781,103175,4.582459520545408,0.17256836249475227
4411,0.2323333333333333,0,18,0,110924,494686,4781,103175,4.582292785949831,0.1725735580678452
4412,0.2323809523809523,0,9,0,110933,494677,4781,103175,4.5822094186520435,0.17257615597171205
4413,0.2323809523809524,0,2,0,110935,494675,4781,103175,4.582190892585868,0.1725767332943046
4414,0.2324155982905983,0,3,0,110938,494672,4781,103175,4.5821631034866055,0.1725775992854359
4415,0.2324285714285714,0,1,0,110939,494671,4781,103175,4.582153840453518,0.1725778879510777
4416,0.2324523809523809,0,2,0,110941,494669,4781,103175,4.582135314387343,0.17257846528525836
4417,0.2324761904761904,1,2,1,110943,494667,4782,103174,4.5821167883211675,0.17257765860822527
4418,0.2324761904761905,0,1,0,110944,494666,4782,103174,4.58210752528808,0.17257794727686337
4419,0.2324999999999999,0,13,0,110957,494653,4782,103174,4.581987105857942,0.1725817000570399
4420,0.2325,17,339,17,111296,494314,4799,103157,4.578846937641261,0.17265607870507524
4421,0.2326190476190476,0,1,0,111297,494313,4799,103157,4.578837674608174,0.17265636768373308
4422,0.2326666666666666,0,29,0,111326,494284,4799,103157,4.578569046648635,0.17266474848562452
4423,0.2326666666666667,0,10,0,111336,494274,4799,103157,4.578476416317759,0.17266763860596454
4424,0.2327142857142857,0,2,0,111338,494272,4799,103157,4.578457890251584,0.17266821664164278
4425,0.2327380952380952,0,3,0,111341,494269,4799,103157,4.578430101152321,0.1726690837024167
4426,0.2327499999999999,0,1,0,111342,494268,4799,103157,4.578420838119234,0.17266937272460978
4427,0.2327777777777777,0,1,0,111343,494267,4799,103157,4.578411575086146,0.17266966174777043
4428,0.2328095238095237,0,2,0,111345,494265,4799,103157,4.578393049019971,0.17267023979699442
4429,0.2328333333333333,1,5,1,111350,494260,4800,103156,4.578346733854533,0.17267030009239792
4430,0.2328571428571428,1,7,1,111357,494253,4801,103155,4.57828189262292,0.17267093845412182
4431,0.2328650793650793,0,1,0,111358,494252,4801,103155,4.578272629589833,0.17267122748812785
4432,0.2328809523809523,0,2,0,111360,494250,4801,103155,4.5782541035236575,0.17267180555904285
4433,0.2328809523809524,0,1,0,111361,494249,4801,103155,4.57824484049057,0.1726720945959518
4434,0.2329166666666666,0,1,0,111362,494248,4801,103155,4.578235577457483,0.17267238363382842
4435,0.2329166666666667,0,3,0,111365,494245,4801,103155,4.57820778835822,0.17267325075326415
4436,0.2329285714285714,0,2,0,111367,494243,4801,103155,4.578189262292045,0.17267382883772628
4437,0.2329761904761904,0,1,0,111368,494242,4801,103155,4.578179999258957,0.17267411788140885
4438,0.2329761904761905,0,1,0,111369,494241,4801,103155,4.57817073622587,0.1726744069260591
4439,0.2329999999999999,0,3,0,111372,494238,4801,103155,4.578142947126607,0.17267527406581598
4440,0.233,2,39,2,111411,494199,4803,103153,4.577781688836192,0.17268377773908852
4441,0.2330357142857143,0,1,0,111412,494198,4803,103153,4.577772425803105,0.1726840668216844
4442,0.233047619047619,0,3,0,111415,494195,4803,103153,4.577744636703843,0.1726849340752794
4443,0.2330555555555555,1,0,1,111415,494195,4804,103152,4.577744636703843,0.17268354909290579
4444,0.2330952380952381,0,2,0,111417,494193,4804,103152,4.577726110637667,0.1726841272631394
4445,0.2331428571428571,0,1,0,111418,494192,4804,103152,4.57771684760458,0.17268441634970805
4446,0.2331666666666666,1,15,1,111433,494177,4805,103151,4.577577902108266,0.17268736774435486
4447,0.2331666666666667,0,3,0,111436,494174,4805,103151,4.5775501130090035,0.172688235047922
4448,0.2332142857142857,0,4,0,111440,494170,4805,103151,4.577513060876654,0.17268939146623005
4449,0.2332222222222222,0,1,0,111441,494169,4805,103151,4.5775037978435655,0.1726896805732271
4450,0.2332857142857142,0,4,0,111445,494165,4805,103151,4.577466745711216,0.1726908370108954
4451,0.2333333333333332,0,4,0,111449,494161,4805,103151,4.577429693578866,0.17269199346405228
4452,0.2333333333333333,24,633,24,112082,493528,4829,103127,4.571566193634443,0.17284192707678642
4453,0.2333809523809523,0,2,0,112084,493526,4829,103127,4.571547667568269,0.1728425064484717
4454,0.2334523809523809,0,1,0,112085,493525,4829,103127,4.571538404535181,0.17284279613577094
4455,0.2334999999999999,0,1,0,112086,493524,4829,103127,4.5715291415020936,0.17284308582404118
4456,0.2335,1,19,1,112105,493505,4830,103126,4.57135314387343,0.17284720371552936
4457,0.233547619047619,0,1,0,112106,493504,4830,103126,4.571343880840343,0.17284749342138345
4458,0.2335714285714285,0,3,0,112109,493501,4830,103126,4.57131609174108,0.17284836254477254
4459,0.2336666666666666,0,18,0,112127,493483,4830,103126,4.5711493571455035,0.17285357746866037
4460,0.2336904761904762,0,1,0,112128,493482,4830,103126,4.571140094112416,0.17285386719588072
4461,0.2336969696969696,0,2,0,112130,493480,4830,103126,4.571121568046241,0.17285444665323513
4462,0.2337380952380952,0,3,0,112133,493477,4830,103126,4.571093778946978,0.17285531584655123
4463,0.23375,1,4,1,112137,493473,4831,103125,4.5710567268146285,0.1728550883509499
4464,0.2338095238095238,0,2,0,112139,493471,4831,103125,4.571038200748453,0.1728556678221108
4465,0.2338333333333332,1,0,1,112139,493471,4832,103124,4.571038200748453,0.1728542813801658
4466,0.2338333333333333,1,14,1,112153,493457,4833,103123,4.570908518285227,0.17285695128901404
4467,0.2338571428571428,0,1,0,112154,493456,4833,103123,4.57089925525214,0.17285724103597344
4468,0.2339047619047618,0,1,0,112155,493455,4833,103123,4.570889992219052,0.1728575307839042
4469,0.2339285714285714,0,2,0,112157,493453,4833,103123,4.5708714661528775,0.17285811028267983
4470,0.2339761904761904,0,2,0,112159,493451,4833,103123,4.570852940086702,0.17285868978534097
4471,0.2339999999999999,4,122,4,112281,493329,4837,103119,4.56972285005002,0.17288849991952357
4472,0.234,0,5,0,112286,493324,4837,103119,4.569676534884582,0.17288994924913192
4473,0.2340238095238095,0,1,0,112287,493323,4837,103119,4.569667271851495,0.17289023911796955
4474,0.234047619047619,0,4,0,112291,493319,4837,103119,4.569630219719145,0.17289139860304004
4475,0.2340476190476191,0,1,0,112292,493318,4837,103119,4.569620956686057,0.1728916884767377
4476,0.234090909090909,0,1,0,112293,493317,4837,103119,4.56961169365297,0.17289197835140735
4477,0.2340952380952381,0,1,0,112294,493316,4837,103119,4.569602430619883,0.17289226822704906
4478,0.2341547619047619,1,4,1,112298,493312,4838,103118,4.569565378487532,0.17289204097714736
4479,0.2341666666666666,5,58,5,112356,493254,4843,103113,4.5690281225684535,0.17290192113245703
4480,0.2341666666666667,3,44,3,112400,493210,4846,103110,4.568620549112602,0.17291051784276898
4481,0.2341764069264069,0,1,0,112401,493209,4846,103110,4.568611286079514,0.17291080780588913
4482,0.2341785714285714,0,1,0,112402,493208,4846,103110,4.568602023046426,0.1729110977699818
4483,0.234181277056277,0,1,0,112403,493207,4846,103110,4.568592760013339,0.17291138773504697
4484,0.2342857142857142,0,5,0,112408,493202,4846,103110,4.568546444847901,0.17291283757496076
4485,0.2342857142857143,0,10,0,112418,493192,4846,103110,4.568453814517025,0.1729157373277299
4486,0.2343333333333333,0,24,0,112442,493168,4846,103110,4.5682315017229245,0.1729226971312039
4487,0.2344285714285714,0,1,0,112443,493167,4846,103110,4.568222238689836,0.17292298713517376
4488,0.2344444444444444,0,2,0,112445,493165,4846,103110,4.568203712623662,0.1729235671460316
4489,0.2344523809523809,0,4,0,112449,493161,4846,103110,4.568166660491311,0.1729247271794201
4490,0.2344761904761904,0,1,0,112450,493160,4846,103110,4.568157397458224,0.17292501719019907
4491,0.2345,3,18,3,112468,493142,4849,103107,4.567990662862647,0.1729260761862913
4492,0.2345238095238095,1,2,1,112470,493140,4850,103106,4.567972136796473,0.1729252691003378
4493,0.2345714285714285,0,1,0,112471,493139,4850,103106,4.567962873763385,0.17292555912418553
4494,0.2345714285714286,0,1,0,112472,493138,4850,103106,4.567953610730298,0.1729258491490061
4495,0.2345833333333333,0,2,0,112474,493136,4850,103106,4.567935084664122,0.1729264292015658
4496,0.2346190476190476,0,1,0,112475,493135,4850,103106,4.567925821631035,0.17292671922930491
4497,0.2346428571428571,0,1,0,112476,493134,4850,103106,4.567916558597947,0.1729270092580169
4498,0.2346666666666666,0,9,0,112485,493125,4850,103106,4.567833191300159,0.17292961956020403
4499,0.2346666666666667,1,16,1,112501,493109,4851,103105,4.567684982770759,0.1729328730959018
4500,0.23475,0,2,0,112503,493107,4851,103105,4.5676664567045835,0.1729334532012103
4501,0.2347619047619047,0,2,0,112505,493105,4851,103105,4.567647930638408,0.17293403331041077
4502,0.2348333333333333,4,20,4,112525,493085,4855,103101,4.567462669976657,0.1729342856088536
4503,0.234845238095238,0,1,0,112526,493084,4855,103101,4.56745340694357,0.172934575677013
4504,0.2348571428571428,0,1,0,112527,493083,4855,103101,4.567444143910482,0.17293486574614547
4505,0.2348809523809523,0,2,0,112529,493081,4855,103101,4.567425617844307,0.1729354458873297
4506,0.2348809523809524,0,1,0,112530,493080,4855,103101,4.567416354811219,0.17293573595938147
4507,0.2349047619047619,0,1,0,112531,493079,4855,103101,4.567407091778132,0.17293602603240632
4508,0.2349166666666666,0,1,0,112532,493078,4855,103101,4.567397828745044,0.17293631610640428
4509,0.2349166666666667,0,1,0,112533,493077,4855,103101,4.567388565711957,0.17293660618137535
4510,0.2349206349206349,0,1,0,112534,493076,4855,103101,4.567379302678869,0.17293689625731956
4511,0.2349880952380952,1,1,1,112535,493075,4856,103100,4.567370039645781,0.1729357990522917
4512,0.2349999999999999,1,20,1,112555,493055,4857,103099,4.56718477898403,0.17294021343478364
4513,0.235,67,1224,67,113779,491831,4924,103032,4.555846826484864,0.17320290554295695
4514,0.2350238095238095,0,1,0,113780,491830,4924,103032,4.555837563451776,0.17320319670780787
4515,0.2350357142857143,0,1,0,113781,491829,4924,103032,4.555828300418689,0.1732034878736377
4516,0.235047619047619,0,3,0,113784,491826,4924,103032,4.555800511319426,0.1732043613770009
4517,0.2350757575757575,0,1,0,113785,491825,4924,103032,4.555791248286339,0.17320465254674652
4518,0.2351190476190476,0,5,0,113790,491820,4924,103032,4.555744933120901,0.17320610841015915
4519,0.2351666666666666,0,5,0,113795,491815,4924,103032,4.555698617955463,0.1732075642980464
4520,0.2351666666666667,0,3,0,113798,491812,4924,103032,4.555670828856201,0.1732084378425268
4521,0.2351904761904762,0,1,0,113799,491811,4924,103032,4.555661565823113,0.17320872902597828
4522,0.2352272727272727,0,3,0,113802,491808,4924,103032,4.555633776723851,0.17320960258220697
4523,0.2352380952380952,0,2,0,113804,491806,4924,103032,4.5556152506576755,0.17321018495792131
4524,0.23525,0,2,0,113806,491804,4924,103032,4.5555967245915,0.17321076733755186
4525,0.2352619047619047,0,1,0,113807,491803,4924,103032,4.555587461558413,0.17321105852883573
4526,0.2352777777777777,0,2,0,113809,491801,4924,103032,4.5555689354922375,0.17321164091434066
4527,0.235282967032967,0,3,0,113812,491798,4924,103032,4.555541146392975,0.17321251449994116
4528,0.2352857142857143,0,1,0,113813,491797,4924,103032,4.555531883359888,0.17321280569709951
4529,0.2352976190476191,0,1,0,113814,491796,4924,103032,4.5555226203267996,0.17321309689523695
4530,0.2353333333333333,3,29,3,113843,491767,4927,103029,4.555253992367261,0.1732173720065367
4531,0.2353571428571428,0,6,0,113849,491761,4927,103029,4.555198414168736,0.17321911935304898
4532,0.2353787878787878,0,1,0,113850,491760,4927,103029,4.5551891511356475,0.17321941058089507
4533,0.2353809523809523,0,1,0,113851,491759,4927,103029,4.55517988810256,0.17321970180972043
4534,0.2353888888888888,1,0,1,113851,491759,4928,103028,4.55517988810256,0.1732183117653883
4535,0.2354047619047619,0,1,0,113852,491758,4928,103028,4.555170625069473,0.17321860299334552
4536,0.2354761904761904,0,3,0,113855,491755,4928,103028,4.55514283597021,0.17321947668309282
4537,0.2355,2,12,2,113867,491743,4930,103026,4.555031679573159,0.17322019136841363
4538,0.2355555555555555,0,2,0,113869,491741,4930,103026,4.555013153506985,0.17322077384925524
4539,0.2355595238095238,0,1,0,113870,491740,4930,103026,4.5550038904738965,0.1732210650911451
4540,0.2355952380952381,0,2,0,113872,491738,4930,103026,4.554985364407722,0.17322164757786282
4541,0.2356031746031746,0,1,0,113873,491737,4930,103026,4.554976101374634,0.1732219388226907
4542,0.2356666666666666,2,27,2,113900,491710,4932,103024,4.5547259994812705,0.17322702250081548
4543,0.2356666666666667,0,3,0,113903,491707,4932,103024,4.554698210382007,0.17322789630942392
4544,0.2356904761904761,0,1,0,113904,491706,4932,103024,4.55468894734892,0.17322818758091907
4545,0.2356904761904762,0,1,0,113905,491705,4932,103024,4.554679684315833,0.17322847885339374
4546,0.2356944444444444,0,1,0,113906,491704,4932,103024,4.5546704212827445,0.1732287701268479
4547,0.2357142857142856,1,10,1,113916,491694,4933,103023,4.554577790951869,0.17323029272746535
4548,0.2357142857142857,1,4,1,113920,491690,4934,103022,4.554540738819519,0.17323006766300328
4549,0.23575,0,1,0,113921,491689,4934,103022,4.5545314757864315,0.17323035894745514
4550,0.2358095238095238,0,3,0,113924,491686,4934,103022,4.554503686687169,0.1732312328066883
4551,0.2358333333333332,0,1,0,113925,491685,4934,103022,4.554494423654082,0.17323152409505857
4552,0.2358333333333333,9,133,9,114058,491552,4943,103013,4.5532624402534365,0.1732577598748665
4553,0.2358571428571428,0,1,0,114059,491551,4943,103013,4.553253177220349,0.17325805127791122
4554,0.2358888888888888,0,2,0,114061,491549,4943,103013,4.553234651154174,0.1732586340869413
4555,0.2359523809523809,0,1,0,114062,491548,4943,103013,4.553225388121087,0.1732589254929267
4556,0.236,7,114,7,114176,491434,4950,103006,4.552169402349105,0.1732824170648005
4557,0.2360238095238095,0,1,0,114177,491433,4950,103006,4.552160139316018,0.17328270857060185
4558,0.2360357142857142,0,2,0,114179,491431,4950,103006,4.552141613249843,0.17328329158514696
4559,0.236095238095238,0,1,0,114180,491430,4950,103006,4.5521323502167546,0.1732835830938907
4560,0.2361111111111111,2,1,2,114181,491429,4952,103004,4.552123087183667,0.17328109307524986
4561,0.2361507936507936,0,1,0,114182,491428,4952,103004,4.55211382415058,0.17328138458225667
4562,0.2361666666666666,2,4,2,114186,491424,4954,103002,4.552076772018229,0.17327976905451645
4563,0.2361904761904762,1,1,1,114187,491423,4955,103001,4.552067508985142,0.1732786697710725
4564,0.2362142857142857,0,1,0,114188,491422,4955,103001,4.552058245952055,0.17327896127841622
4565,0.23625,0,3,0,114191,491419,4955,103001,4.552030456852792,0.17327983580633222
4566,0.2362857142857142,0,2,0,114193,491417,4955,103001,4.552011930786617,0.17328041882984702
4567,0.2363095238095238,1,0,1,114193,491417,4956,103000,4.552011930786617,0.17327902802241524
4568,0.2363333333333333,4,16,4,114209,491401,4960,102996,4.551863722257216,0.17327812892729944
4569,0.2363571428571428,1,5,1,114214,491396,4961,102995,4.551817407091778,0.17327819566581593
4570,0.2363690476190476,0,1,0,114215,491395,4961,102995,4.551808144058691,0.17327848718854624
4571,0.2363809523809523,1,0,1,114215,491395,4962,102994,4.551808144058691,0.17327709631234764
4572,0.2364047619047619,0,1,0,114216,491394,4962,102994,4.551798881025603,0.17327738783420932
4573,0.2364285714285714,1,6,1,114222,491388,4963,102993,4.551743302827077,0.17327774609215302
4574,0.2365,1,16,1,114238,491372,4964,102992,4.551595094297677,0.1732810197118264
4575,0.236595238095238,0,1,0,114239,491371,4964,102992,4.551585831264589,0.17328131125255106
4576,0.2366190476190476,0,2,0,114241,491369,4964,102992,4.5515673051984145,0.17328189433694338
4577,0.2366666666666666,22,344,22,114585,491025,4986,102970,4.548380821816296,0.17335162753895234
4578,0.2366666666666667,17,337,17,114922,490688,5003,102953,4.5452591796657895,0.17342636374509174
4579,0.2366904761904761,0,2,0,114924,490686,5003,102953,4.545240653599615,0.1734269480273365
4580,0.2367142857142857,0,2,0,114926,490684,5003,102953,4.54522212753344,0.1734275323135182
4581,0.2367222222222222,0,1,0,114927,490683,5003,102953,4.545212864500352,0.17342782445808544
4582,0.2367449494949495,0,1,0,114928,490682,5003,102953,4.545203601467264,0.1734281166036369
4583,0.2367460317460317,0,1,0,114929,490681,5003,102953,4.545194338434177,0.17342840875017265
4584,0.2367857142857143,0,2,0,114931,490679,5003,102953,4.545175812368002,0.17342899304619697
4585,0.2368095238095238,0,1,0,114932,490678,5003,102953,4.5451665493349145,0.17342928519568554
4586,0.2368333333333333,1,15,1,114947,490663,5004,102952,4.545027603838601,0.17343227512781853
4587,0.2368571428571428,0,1,0,114948,490662,5004,102952,4.545018340805513,0.1734325672912027
4588,0.2368690476190476,0,1,0,114949,490661,5004,102952,4.545009077772426,0.17343285945557121
4589,0.2369444444444444,0,2,0,114951,490659,5004,102952,4.544990551706251,0.17343344378726136
4590,0.2369523809523809,0,3,0,114954,490656,5004,102952,4.544962762606988,0.17343432029217934
4591,0.2369999999999999,0,2,0,114956,490654,5004,102952,4.544944236540813,0.17343490463371328
4592,0.237,2,46,2,115002,490608,5006,102950,4.544518137018786,0.1734455605012484
4593,0.2370238095238095,0,4,0,115006,490604,5006,102950,4.544481084886435,0.1734467293624506
4594,0.2370833333333333,0,3,0,115009,490601,5006,102950,4.544453295787172,0.1734476060186909
4595,0.2371428571428571,0,16,0,115025,490585,5006,102950,4.544305087257771,0.17345228166830937
4596,0.2371666666666666,0,2,0,115027,490583,5006,102950,4.544286561191597,0.1734528661422364
4597,0.2371666666666667,0,6,0,115033,490577,5006,102950,4.544230982993072,0.17345461958765146
4598,0.2372142857142857,0,1,0,115034,490576,5006,102950,4.5442217199599835,0.17345491183200062
4599,0.2372222222222222,0,2,0,115036,490574,5006,102950,4.544203193893809,0.17345549632365329
4600,0.2372462121212121,0,1,0,115037,490573,5006,102950,4.544193930860721,0.1734557885709568
4601,0.2372619047619047,0,1,0,115038,490572,5006,102950,4.544184667827634,0.17345608081924513
4602,0.2372857142857142,0,5,0,115043,490567,5006,102950,4.544138352662196,0.17345754207545866
4603,0.2373214285714285,1,2,1,115045,490565,5007,102949,4.54411982659602,0.17345673396078273
4604,0.2373333333333333,2,43,2,115088,490522,5009,102947,4.543721516173256,0.173466516363955
4605,0.2373787878787878,1,0,1,115088,490522,5010,102946,4.543721516173256,0.17346512364609382
4606,0.2373809523809524,0,1,0,115089,490521,5010,102946,4.543712253140169,0.17346541593719617
4607,0.2374285714285714,0,1,0,115090,490520,5010,102946,4.5437029901070805,0.17346570822928356
4608,0.2374444444444444,0,1,0,115091,490519,5010,102946,4.543693727073993,0.173466000522356
4609,0.2374772727272727,0,1,0,115092,490518,5010,102946,4.543684464040906,0.17346629281641346
4610,0.2374999999999999,0,7,0,115099,490511,5010,102946,4.543619622809293,0.1734683389023973
4611,0.2375,18,337,18,115436,490174,5028,102928,4.540497980658787,0.17354181911374436
4612,0.237547619047619,0,1,0,115437,490173,5028,102928,4.540488717625699,0.1735421117145309
4613,0.2376190476190476,1,4,1,115441,490169,5029,102927,4.540451665493349,0.1735418886655786
4614,0.2376666666666666,0,7,0,115448,490162,5029,102927,4.540386824261736,0.1735439369133469
4615,0.2376666666666667,1,8,1,115456,490154,5030,102926,4.5403127199970355,0.1735448843326364
4616,0.2376904761904762,0,1,0,115457,490153,5030,102926,4.540303456963948,0.17354517694944518
4617,0.2377142857142857,0,1,0,115458,490152,5030,102926,4.540294193930861,0.17354546956724073
4618,0.23775,0,3,0,115461,490149,5030,102926,4.540266404831598,0.17354634742654806
4619,0.2377619047619047,0,2,0,115463,490147,5030,102926,4.540247878765423,0.17354693267102025
4620,0.2377777777777777,0,2,0,115465,490145,5030,102926,4.540229352699248,0.17354751791943968
4621,0.2377857142857143,0,3,0,115468,490142,5030,102926,4.540201563599985,0.17354839579946987
4622,0.2378095238095237,0,1,0,115469,490141,5030,102926,4.540192300566898,0.17354868842812027
4623,0.2378333333333333,0,3,0,115472,490138,5030,102926,4.540164511467635,0.17354956631999244
4624,0.2378571428571428,0,3,0,115475,490135,5030,102926,4.540136722368373,0.17355044422074625
4625,0.2379246031746031,0,1,0,115476,490134,5030,102926,4.5401274593352845,0.1735507368563046
4626,0.2379285714285714,0,1,0,115477,490133,5030,102926,4.540118196302197,0.17355102949284978
4627,0.2379523809523809,0,3,0,115480,490130,5030,102926,4.540090407202935,0.17355190740840662
4628,0.2379761904761904,1,1,1,115481,490129,5031,102925,4.5400811441698465,0.1735508065032864
4629,0.2379999999999999,0,4,0,115485,490125,5031,102925,4.540044092037497,0.17355197706770087
4630,0.238,8,66,8,115551,490059,5039,102917,4.539432731853718,0.17356014408677586
4631,0.238020202020202,0,2,0,115553,490057,5039,102917,4.539414205787543,0.17356072947549134
4632,0.2380555555555555,0,1,0,115554,490056,5039,102917,4.539404942754455,0.1735610221713299
4633,0.2380952380952381,0,1,0,115555,490055,5039,102917,4.539395679721368,0.17356131486815565
4634,0.2381190476190476,0,1,0,115556,490054,5039,102917,4.539386416688281,0.17356160756596867
4635,0.2381666666666666,0,16,0,115572,490038,5039,102917,4.53923820815888,0.17356629086524272
4636,0.2381666666666667,0,1,0,115573,490037,5039,102917,4.539228945125792,0.17356658357983926
4637,0.2382142857142856,0,3,0,115576,490034,5039,102917,4.53920115602653,0.1735674617295527
4638,0.2382142857142857,0,1,0,115577,490033,5039,102917,4.539191892993442,0.1735677544480985
4639,0.2383333333333332,0,3,0,115580,490030,5039,102917,4.539164103894179,0.17356863260965988
4640,0.2383333333333333,17,370,17,115950,489660,5056,102900,4.535736781651784,0.17365330093155124
4641,0.2384166666666667,0,1,0,115951,489659,5056,102900,4.535727518618697,0.1736535939881092
4642,0.2384523809523809,0,1,0,115952,489658,5056,102900,4.535718255585609,0.1736538870456563
4643,0.2384761904761904,1,0,1,115952,489658,5057,102899,4.535718255585609,0.17365249250283096
4644,0.2385,2,18,2,115970,489640,5059,102897,4.535551520990033,0.17365497850767125
4645,0.2385238095238094,0,2,0,115972,489638,5059,102897,4.535532994923858,0.17365556465018944
4646,0.2385238095238095,0,1,0,115973,489637,5059,102897,4.535523731890771,0.17365585772293235
4647,0.2385555555555555,1,1,1,115974,489636,5060,102896,4.5355144688576825,0.17365475619882134
4648,0.2385714285714285,0,3,0,115977,489633,5060,102896,4.53548667975842,0.17365563542037604
4649,0.2385714285714286,0,1,0,115978,489632,5060,102896,4.535477416725333,0.1736559284962061
4650,0.238595238095238,0,1,0,115979,489631,5060,102896,4.535468153692245,0.17365622157302538
4651,0.2386666666666666,3,21,3,116000,489610,5063,102893,4.535273629997406,0.17365819244797073
4652,0.2386904761904762,1,0,1,116000,489610,5064,102892,4.535273629997406,0.17365679778296106
4653,0.2387348484848484,0,1,0,116001,489609,5064,102892,4.535264366964319,0.17365709087410822
4654,0.23875,0,15,0,116016,489594,5064,102892,4.535125421468005,0.1736614873600389
4655,0.2387619047619047,0,1,0,116017,489593,5064,102892,4.535116158434918,0.17366178046701605
4656,0.2387857142857143,3,3,3,116020,489590,5067,102889,4.535088369335655,0.1736584756590529
4657,0.2388095238095238,1,1,1,116021,489589,5068,102888,4.535079106302567,0.17365737404152398
4658,0.2388333333333333,0,8,0,116029,489581,5068,102888,4.535005002037868,0.17365971890512416
4659,0.2389090909090909,0,1,0,116030,489580,5068,102888,4.5349957390047795,0.17366001201752668
4660,0.2389285714285714,0,2,0,116032,489578,5068,102888,4.534977212938605,0.17366059824530014
4661,0.2389523809523809,1,3,1,116035,489575,5069,102887,4.5349494238393415,0.17366008284075604
4662,0.239,6,69,6,116104,489506,5075,102881,4.534310274556301,0.17367194080896442
4663,0.239047619047619,0,3,0,116107,489503,5075,102881,4.534282485457038,0.17367282033275713
4664,0.2390555555555555,0,2,0,116109,489501,5075,102881,4.534263959390863,0.17367340668690134
4665,0.2390569985569985,0,2,0,116111,489499,5075,102881,4.5342454333246875,0.1736739930450049
4666,0.2390909090909091,0,1,0,116112,489498,5075,102881,4.5342361702916,0.17367428622554143
4667,0.239095238095238,1,1,1,116113,489497,5076,102880,4.534226907258513,0.17367318447542696
4668,0.2391111111111111,0,1,0,116114,489496,5076,102880,4.534217644225425,0.1736734776560833
4669,0.2391666666666666,11,101,11,116215,489395,5087,102869,4.533282077883582,0.17368774735590886
4670,0.2392222222222222,0,1,0,116216,489394,5087,102869,4.533272814850495,0.17368804061709073
4671,0.2392380952380952,1,1,1,116217,489393,5088,102868,4.533263551817407,0.173686938697635
4672,0.2392820512820513,0,1,0,116218,489392,5088,102868,4.5332542887843195,0.17368723195893696
4673,0.2392857142857142,2,5,2,116223,489387,5090,102866,4.5332079736188815,0.17368590788058483
4674,0.2392857142857143,0,4,0,116227,489383,5090,102866,4.533170921486532,0.17368708094061788
4675,0.2393333333333333,2,29,2,116256,489354,5092,102864,4.532902293526993,0.17369279555839234
4676,0.2393571428571429,0,1,0,116257,489353,5092,102864,4.532893030493905,0.1736930888508773
4677,0.2393809523809523,0,1,0,116258,489352,5092,102864,4.532883767460818,0.17369338214435273
4678,0.2393809523809524,0,1,0,116259,489351,5092,102864,4.532874504427729,0.17369367543881867
4679,0.2394285714285714,0,1,0,116260,489350,5092,102864,4.532865241394642,0.17369396873427512
4680,0.2394444444444444,0,1,0,116261,489349,5092,102864,4.532855978361555,0.17369426203072205
4681,0.2394871794871794,0,1,0,116262,489348,5092,102864,4.532846715328467,0.1736945553281595
4682,0.2394981684981684,0,3,0,116265,489345,5092,102864,4.532818926229204,0.173695435226415
4683,0.2394999999999999,0,1,0,116266,489344,5092,102864,4.532809663196117,0.17369572852781456
4684,0.2395,0,23,0,116289,489321,5092,102864,4.5325966134351034,0.17370247473340256
4685,0.2395238095238095,1,5,1,116294,489316,5093,102863,4.5325502982696655,0.17370254602071333
4686,0.2395555555555556,0,1,0,116295,489315,5093,102863,4.532541035236578,0.17370283934897954
4687,0.2395833333333333,0,5,0,116300,489310,5093,102863,4.53249472007114,0.17370430600517078
4688,0.2396179653679653,0,1,0,116301,489309,5093,102863,4.532485457038052,0.17370459933938112
4689,0.2396190476190475,1,0,1,116301,489309,5094,102862,4.532485457038052,0.17370320397317668
4690,0.2396190476190476,0,2,0,116303,489307,5094,102862,4.532466930971878,0.17370379064084746
4691,0.2396428571428571,0,1,0,116304,489306,5094,102862,4.53245766793879,0.17370408397616893
4692,0.2396666666666666,0,5,0,116309,489301,5094,102862,4.5324113527733525,0.17370555066763713
4693,0.2396666666666667,0,10,0,116319,489291,5094,102862,4.532318722442477,0.17370848412487988
4694,0.2397142857142857,0,4,0,116323,489287,5094,102862,4.532281670310127,0.17370965753551892
4695,0.2397218337218337,0,2,0,116325,489285,5094,102862,4.532263144243951,0.1737102442467833
4696,0.2397619047619047,0,3,0,116328,489282,5094,102862,4.532235355144689,0.17371112432111108
4697,0.2398333333333333,0,14,0,116342,489268,5094,102862,4.532105672681463,0.17371523145255266
4698,0.2398809523809523,1,1,1,116343,489267,5095,102861,4.532096409648375,0.17371412937743191
4699,0.2399880952380952,0,2,0,116345,489265,5095,102861,4.5320778835822,0.17371471612460862
4700,0.2399999999999999,1,33,1,116378,489232,5096,102860,4.531772203490311,0.17372300250636724
4701,0.24,206,3515,206,119893,485717,5302,102654,4.499212642187558,0.17447154941355028
4702,0.2400079365079365,0,1,0,119894,485716,5302,102654,4.49920337915447,0.17447184594727808
4703,0.2400714285714286,0,1,0,119895,485715,5302,102654,4.499194116121383,0.17447214248201384
4704,0.2400833333333333,0,3,0,119898,485712,5302,102654,4.49916632702212,0.1744730320922691
4705,0.2401190476190476,0,1,0,119899,485711,5302,102654,4.499157063989032,0.17447332863103684
4706,0.2401428571428571,1,2,1,119901,485709,5303,102653,4.499138537922858,0.17447251861948937
4707,0.2401666666666666,0,9,0,119910,485700,5303,102653,4.49905517062507,0.17447518751497826
4708,0.2401666666666667,0,2,0,119912,485698,5303,102653,4.4990366445588945,0.17447578061395325
4709,0.2401785714285714,0,1,0,119913,485697,5303,102653,4.499027381525806,0.17447607716495284
4710,0.2401904761904761,0,1,0,119914,485696,5303,102653,4.499018118492719,0.1744763737169605
4711,0.2402380952380952,0,1,0,119915,485695,5303,102653,4.499008855459632,0.17447667026997626
4712,0.24025,0,1,0,119916,485694,5303,102653,4.498999592426544,0.17447696682400013
4713,0.2402629870129869,1,4,1,119920,485690,5304,102652,4.498962540294194,0.17447674991756495
4714,0.2402857142857143,0,7,0,119927,485683,5304,102652,4.498897699062581,0.17447882583902027
4715,0.2403333333333333,2,15,2,119942,485668,5306,102650,4.498758753566268,0.17448046804619272
4716,0.2403571428571428,0,3,0,119945,485665,5306,102650,4.498730964467005,0.17448135777602136
4717,0.2404145021645022,0,1,0,119946,485664,5306,102650,4.498721701433918,0.17448165435464735
4718,0.2404166666666666,0,6,0,119952,485658,5306,102650,4.498666123235393,0.17448343384757645
4719,0.2404285714285714,0,1,0,119953,485657,5306,102650,4.4986568602023045,0.17448373043326018
4720,0.2404444444444445,0,1,0,119954,485656,5306,102650,4.498647597169217,0.1744840270199522
4721,0.2404523809523809,0,1,0,119955,485655,5306,102650,4.498638334136129,0.17448432360765248
4722,0.2404761904761904,1,2,1,119957,485653,5307,102649,4.498619808069955,0.1744835135695612
4723,0.2404999999999999,0,1,0,119958,485652,5307,102649,4.4986105450368665,0.1744838101584053
4724,0.2405,1,10,1,119968,485642,5308,102648,4.4985179147059915,0.17448537286032398
4725,0.2405714285714285,0,2,0,119970,485640,5308,102648,4.498499388639816,0.17448596605744127
4726,0.2405833333333333,0,2,0,119972,485638,5308,102648,4.498480862573641,0.1744865592585919
4727,0.2405952380952381,0,2,0,119974,485636,5308,102648,4.498462336507466,0.174487152463776
4728,0.2406190476190476,0,1,0,119975,485635,5308,102648,4.498453073474378,0.1744874490678806
4729,0.2406428571428571,0,1,0,119976,485634,5308,102648,4.498443810441291,0.17448774567299358
4730,0.2406666666666666,1,32,1,120008,485602,5309,102647,4.49814739338249,0.17449583424706205
4731,0.2406666666666667,0,3,0,120011,485599,5309,102647,4.498119604283226,0.17449672415962028
4732,0.2407142857142857,0,4,0,120015,485595,5309,102647,4.498082552150876,0.17449791072381776
4733,0.2407619047619047,0,5,0,120020,485590,5309,102647,4.498036236985438,0.17449939395175754
4734,0.2407857142857142,1,0,1,120020,485590,5310,102646,4.498036236985438,0.17449799060241128
4735,0.2407857142857143,0,1,0,120021,485589,5310,102646,4.498026973952351,0.17449828724914362
4736,0.2408333333333333,13,124,13,120145,485465,5323,102633,4.496878357849495,0.17451683222864217
4737,0.2408369963369963,1,0,1,120145,485465,5324,102632,4.496878357849495,0.17451542857725852
4738,0.2408571428571428,0,1,0,120146,485464,5324,102632,4.4968690948164065,0.17451572532375667
4739,0.2408809523809523,0,1,0,120147,485463,5324,102632,4.496859831783319,0.174516022071264
4740,0.2409047619047618,0,1,0,120148,485462,5324,102632,4.496850568750231,0.17451631881978052
4741,0.2409047619047619,0,1,0,120149,485461,5324,102632,4.496841305717144,0.17451661556930623
4742,0.2409166666666666,0,1,0,120150,485460,5324,102632,4.496832042684057,0.17451691231984112
4743,0.2409404761904762,0,1,0,120151,485459,5324,102632,4.4968227796509685,0.1745172090713852
4744,0.2409523809523809,1,6,1,120157,485453,5325,102631,4.496767201452443,0.17451758592309943
4745,0.241,4,60,4,120217,485393,5329,102627,4.4962114194671905,0.17452977789871094
4746,0.2410238095238095,0,1,0,120218,485392,5329,102627,4.496202156434102,0.17453007470847032
4747,0.241047619047619,0,2,0,120220,485390,5329,102627,4.496183630367928,0.17453066833101763
4748,0.2410714285714285,0,2,0,120222,485388,5329,102627,4.4961651043017525,0.17453126195760313
4749,0.2410833333333333,0,1,0,120223,485387,5329,102627,4.496155841268665,0.17453155877241017
4750,0.241095238095238,0,1,0,120224,485386,5329,102627,4.496146578235577,0.1745318555882268
4751,0.2410952380952381,0,1,0,120225,485385,5329,102627,4.49613731520249,0.17453215240505296
4752,0.2411363636363636,1,1,1,120226,485384,5330,102626,4.496128052169403,0.17453104539038453
4753,0.2411666666666666,0,7,0,120233,485377,5330,102626,4.496063210937789,0.17453312313032415
4754,0.2411904761904761,0,1,0,120234,485376,5330,102626,4.496053947904702,0.1745334199543539
4755,0.2411904761904762,0,4,0,120238,485372,5330,102626,4.496016895772351,0.1745346072605689
4756,0.2412499999999999,0,1,0,120239,485371,5330,102626,4.496007632739264,0.17453490408964673
4757,0.24125,0,8,0,120247,485363,5330,102626,4.495933528474564,0.17453727875861624
4758,0.2413095238095238,0,1,0,120248,485362,5330,102626,4.495924265441476,0.17453757559678088
4759,0.2413333333333333,0,24,0,120272,485338,5330,102626,4.495701952647375,0.1745447000156472
4760,0.2413506493506493,0,2,0,120274,485336,5330,102626,4.495683426581199,0.17454529374347322
4761,0.2413571428571428,0,1,0,120275,485335,5330,102626,4.495674163548112,0.17454559060890093
4762,0.2413809523809524,0,2,0,120277,485333,5330,102626,4.495655637481937,0.1745461843427858
4763,0.2414166666666666,0,1,0,120278,485332,5330,102626,4.4956463744488495,0.17454648121124297
4764,0.2414285714285714,0,7,0,120285,485325,5330,102626,4.495581533217237,0.17454855931871874
4765,0.2414999999999999,0,1,0,120286,485324,5330,102626,4.495572270184149,0.1745488561952547
4766,0.2415,2,19,2,120305,485305,5332,102624,4.495396272555485,0.1745516890644959
4767,0.241547619047619,0,2,0,120307,485303,5332,102624,4.495377746489311,0.17455228285144245
4768,0.2415476190476191,0,1,0,120308,485302,5332,102624,4.495368483456223,0.17455257974643068
4769,0.2415833333333333,0,2,0,120310,485300,5332,102624,4.495349957390048,0.17455317353943706
4770,0.2416190476190476,0,1,0,120311,485299,5332,102624,4.49534069435696,0.17455347043745525
4771,0.2416666666666666,20,347,20,120658,484952,5352,102604,4.492126421875579,0.17462846094670126
4772,0.2416666666666667,0,5,0,120663,484947,5352,102604,4.492080106710141,0.1746299470173653
4773,0.2417222222222222,0,1,0,120664,484946,5352,102604,4.492070843677054,0.17463024423453324
4774,0.2417598235098234,0,5,0,120669,484941,5352,102604,4.492024528511616,0.17463173033554877
4775,0.2417777777777777,2,0,2,120669,484941,5354,102602,4.492024528511616,0.1746289207768623
4776,0.2417857142857142,0,2,0,120671,484939,5354,102602,4.492006002445441,0.1746295152168104
4777,0.2417857142857143,0,1,0,120672,484938,5354,102602,4.491996739412353,0.17462981243830208
4778,0.2418333333333333,1,7,1,120679,484931,5355,102601,4.491931898180741,0.1746304882117059
4779,0.2419166666666666,0,1,0,120680,484930,5355,102601,4.491922635147652,0.1746307854394066
4780,0.2419230769230769,0,2,0,120682,484928,5355,102601,4.491904109081478,0.17463137989784333
4781,0.2419444444444444,1,2,1,120684,484926,5356,102600,4.491885583015303,0.17463056954075223
4782,0.2419761904761904,0,2,0,120686,484924,5356,102600,4.491867056949127,0.17463116400351306
4783,0.2419884559884559,1,4,1,120690,484920,5357,102599,4.491830004816777,0.17463094810550808
4784,0.2419999999999999,0,2,0,120692,484918,5357,102599,4.491811478750602,0.17463154257664035
4785,0.242,6,67,6,120759,484851,5363,102593,4.491190855533736,0.17464302980369192
4786,0.2420238095238095,1,4,1,120763,484847,5364,102592,4.491153803401386,0.17464281397728104
4787,0.2420436507936507,0,1,0,120764,484846,5364,102592,4.491144540368298,0.17464311127301946
4788,0.2420714285714285,1,0,1,120764,484846,5365,102591,4.491144540368298,0.17464170625956485
4789,0.2420833333333333,0,2,0,120766,484844,5365,102591,4.491126014302123,0.17464230085030685
4790,0.242095238095238,0,2,0,120768,484842,5365,102591,4.491107488235948,0.17464289544509756
4791,0.2421025641025641,1,0,1,120768,484842,5366,102590,4.491107488235948,0.17464149041931662
4792,0.2421428571428571,0,8,0,120776,484834,5366,102590,4.4910333839712475,0.1746438688238819
4793,0.2421666666666666,0,4,0,120780,484830,5366,102590,4.490996331838898,0.17464505805045794
4794,0.2421666666666667,0,1,0,120781,484829,5366,102590,4.49098706880581,0.17464535535963258
4795,0.2421904761904761,0,1,0,120782,484828,5366,102590,4.490977805772722,0.17464565266981943
4796,0.2422222222222222,0,3,0,120785,484825,5366,102590,4.49095001667346,0.1746465446064537
4797,0.2422380952380952,0,2,0,120787,484823,5366,102590,4.490931490607284,0.17464713923593791
4798,0.2422619047619048,0,2,0,120789,484821,5366,102590,4.490912964541109,0.1746477338694713
4799,0.2423333333333333,1,36,1,120825,484785,5367,102589,4.490579495349958,0.17465703282746597
4800,0.2423571428571428,0,1,0,120826,484784,5367,102589,4.49057023231687,0.17465733018031132
4801,0.2423809523809523,0,3,0,120829,484781,5367,102589,4.490542443217607,0.17465822224492228
4802,0.2423809523809524,0,1,0,120830,484780,5367,102589,4.49053318018452,0.1746585196018176
4803,0.2424285714285714,0,1,0,120831,484779,5367,102589,4.490523917151432,0.17465881695972543
4804,0.2424523809523809,0,1,0,120832,484778,5367,102589,4.4905146541183445,0.17465911431864575
4805,0.2424761904761905,0,1,0,120833,484777,5367,102589,4.490505391085257,0.1746594116785786
4806,0.2424999999999999,1,9,1,120842,484768,5368,102588,4.490422023787469,0.17466068278863245
4807,0.2425,21,334,21,121176,484434,5389,102567,4.487328170736226,0.17473053708596747
4808,0.2425238095238095,0,1,0,121177,484433,5389,102567,4.487318907703139,0.17473083475298126
4809,0.242547619047619,0,2,0,121179,484431,5389,102567,4.487300381636963,0.1747314300900514
4810,0.2425555555555555,0,1,0,121180,484430,5389,102567,4.487291118603876,0.1747317277601078
4811,0.2425833333333333,0,1,0,121181,484429,5389,102567,4.487281855570788,0.1747320254311784
4812,0.2426666666666666,0,29,0,121210,484400,5389,102567,4.487013227611249,0.17474065833343272
4813,0.2426666666666667,1,16,1,121226,484384,5390,102566,4.486865019081848,0.17474401567424824
4814,0.2426825396825397,0,1,0,121227,484383,5390,102566,4.486855756048761,0.1747443133900901
4815,0.2427142857142857,0,1,0,121228,484382,5390,102566,4.486846493015673,0.17474461110694645
4816,0.2427272727272727,0,1,0,121229,484381,5390,102566,4.486837229982585,0.17474490882481722
4817,0.24275,0,1,0,121230,484380,5390,102566,4.486827966949498,0.17474520654370249
4818,0.2427777777777778,0,2,0,121232,484378,5390,102566,4.486809440883323,0.17474580198451642
4819,0.2427857142857142,0,1,0,121233,484377,5390,102566,4.4868001778502355,0.17474609970644508
4820,0.2428095238095238,0,2,0,121235,484375,5390,102566,4.48678165178406,0.1747466951533459
4821,0.2428333333333333,3,8,3,121243,484367,5393,102563,4.48670754751936,0.17474485884176988
4822,0.2428571428571428,1,12,1,121255,484355,5394,102562,4.486596391122309,0.17474702555898022
4823,0.2429166666666666,0,3,0,121258,484352,5394,102562,4.486568602023047,0.17474791877515275
4824,0.2429891774891774,0,4,0,121262,484348,5394,102562,4.486531549890696,0.1747491097442538
4825,0.243,3,38,3,121300,484310,5397,102559,4.486179554633369,0.1747562062402342
4826,0.2430555555555555,1,1,1,121301,484309,5398,102558,4.486170291600281,0.1747550978330695
4827,0.2430833333333333,0,1,0,121302,484308,5398,102558,4.486161028567194,0.17475539560990072
4828,0.2430952380952381,0,1,0,121303,484307,5398,102558,4.486151765534107,0.17475569338774677
4829,0.2431547619047619,0,1,0,121304,484306,5398,102558,4.486142502501019,0.1747559911666076
4830,0.2431666666666666,2,13,2,121317,484293,5400,102556,4.486022083070881,0.17475704993959265
4831,0.2431666666666667,0,2,0,121319,484291,5400,102556,4.486003557004706,0.17475764551918985
4832,0.2432142857142857,0,6,0,121325,484285,5400,102556,4.4859479788061805,0.17475943228233884
4833,0.24325,0,2,0,121327,484283,5400,102556,4.485929452740005,0.17476002787817443
4834,0.2433333333333333,38,650,38,121977,483633,5438,102518,4.479908481233095,0.17490032431916008
4835,0.2433571428571428,1,0,1,121977,483633,5439,102517,4.479908481233095,0.17489891665955815
4836,0.2433809523809524,0,1,0,121978,483632,5439,102517,4.479899218200007,0.17489921504600367
4837,0.2433888888888889,0,1,0,121979,483631,5439,102517,4.47988995516692,0.17489951343346732
4838,0.2434126984126984,0,1,0,121980,483630,5439,102517,4.4798806921338326,0.1748998118219491
4839,0.2434166666666666,0,1,0,121981,483629,5439,102517,4.479871429100744,0.17490011021144902
4840,0.2434444444444444,0,2,0,121983,483627,5439,102517,4.47985290303457,0.1749007069935033
4841,0.2434523809523809,0,3,0,121986,483624,5439,102517,4.479825113935307,0.17490160217422088
4842,0.2434999999999999,0,2,0,121988,483622,5439,102517,4.479806587869132,0.17490219896645676
4843,0.2435,1,18,1,122006,483604,5440,102516,4.4796398532735555,0.1749061625605678
4844,0.2435238095238095,1,2,1,122008,483602,5441,102515,4.479621327207381,0.17490535166186955
4845,0.2435714285714285,0,2,0,122010,483600,5441,102515,4.479602801141206,0.17490594849133703
4846,0.2435757575757575,0,2,0,122012,483598,5441,102515,4.47958427507503,0.17490654532487762
4847,0.2435952380952381,0,1,0,122013,483597,5441,102515,4.479575012041943,0.17490684374317536
4848,0.2436111111111111,1,0,1,122013,483597,5442,102514,4.479575012041943,0.17490543600103053
4849,0.2436190476190476,0,1,0,122014,483596,5442,102514,4.479565749008856,0.17490573441845386
4850,0.2436507936507936,0,1,0,122015,483595,5442,102514,4.479556485975768,0.17490603283689551
4851,0.2436666666666666,1,15,1,122030,483580,5443,102513,4.479417540479455,0.17490910145659477
4852,0.2436904761904761,0,1,0,122031,483579,5443,102513,4.479408277446367,0.17490939988943716
4853,0.2436904761904762,0,1,0,122032,483578,5443,102513,4.479399014413279,0.17490969832329792
4854,0.2437202380952381,0,2,0,122034,483576,5443,102513,4.479380488347104,0.1749102951940746
4855,0.24375,0,6,0,122040,483570,5443,102513,4.479324910148579,0.1749120858308465
4856,0.2437820512820512,0,1,0,122041,483569,5443,102513,4.479315647115492,0.17491238427387293
4857,0.2438095238095238,0,5,0,122046,483564,5443,102513,4.479269331950054,0.17491387650428186
4858,0.2438333333333333,0,15,0,122061,483549,5443,102513,4.479130386453741,0.17491835334828057
4859,0.2438571428571428,0,1,0,122062,483548,5443,102513,4.4791211234206525,0.17491865181269525
4860,0.2438809523809524,1,1,1,122063,483547,5444,102512,4.479111860387565,0.17491754243173468
4861,0.2438888888888888,0,1,0,122064,483546,5444,102512,4.479102597354478,0.17491784089629353
4862,0.2439285714285714,0,3,0,122067,483543,5444,102512,4.479074808255215,0.17491873629608143
4863,0.244,10,114,10,122181,483429,5454,102502,4.478018822483234,0.174938687319838
4864,0.2440238095238095,0,1,0,122182,483428,5454,102502,4.478009559450147,0.17493898588568602
4865,0.244047619047619,0,3,0,122185,483425,5454,102502,4.477981770350883,0.17493988158934476
4866,0.2441428571428571,0,1,0,122186,483424,5454,102502,4.477972507317796,0.17494018015926927
4867,0.2441666666666666,7,129,7,122315,483295,5461,102495,4.476777576049502,0.17496884549070485
4868,0.2441666666666667,0,2,0,122317,483293,5461,102495,4.476759049983326,0.17496944287011684
4869,0.2442198879551821,0,8,0,122325,483285,5461,102495,4.476684945718626,0.1749718324285568
4870,0.2442619047619047,0,1,0,122326,483284,5461,102495,4.4766756826855385,0.17497213112795099
4871,0.2442777777777777,0,1,0,122327,483283,5461,102495,4.476666419652451,0.174972429828365
4872,0.2442857142857142,0,5,0,122332,483278,5461,102495,4.476620104487013,0.1749739233457329
4873,0.2442857142857143,2,20,2,122352,483258,5463,102493,4.476434843825262,0.17497708070494117
4874,0.2443333333333333,0,30,0,122382,483228,5463,102493,4.4761569528326355,0.17498604284292352
4875,0.2443571428571428,0,1,0,122383,483227,5463,102493,4.476147689799548,0.17498634159666734
4876,0.2443730158730158,0,1,0,122384,483226,5463,102493,4.47613842676646,0.17498664035143133
4877,0.2444047619047619,0,1,0,122385,483225,5463,102493,4.476129163733373,0.1749869391072154
4878,0.2444166666666666,0,3,0,122388,483222,5463,102493,4.47610137463411,0.17498783538068857
4879,0.2444444444444444,0,2,0,122390,483220,5463,102493,4.476082848567935,0.1749884329014381
4880,0.2445,0,24,0,122414,483196,5463,102493,4.475860535773834,0.1749956034687351
4881,0.2445238095238094,1,2,1,122416,483194,5464,102492,4.475842009707659,0.17499479243143937
4882,0.2445238095238095,0,2,0,122418,483192,5464,102492,4.475823483641483,0.174995390005532
4883,0.2445555555555555,0,1,0,122419,483191,5464,102492,4.475814220608396,0.17499568879410876
4884,0.2445714285714285,0,1,0,122420,483190,5464,102492,4.475804957575308,0.17499598758370583
4885,0.2445833333333333,0,5,0,122425,483185,5464,102492,4.475758642409871,0.17499748154699604
4886,0.244595238095238,0,1,0,122426,483184,5464,102492,4.475749379376783,0.1749977803427151
4887,0.244611111111111,0,2,0,122428,483182,5464,102492,4.475730853310608,0.1749983779372142
4888,0.2446190476190476,0,4,0,122432,483178,5464,102492,4.475693801178258,0.17499957313845682
4889,0.2446363636363636,0,1,0,122433,483177,5464,102492,4.47568453814517,0.17499987194131839
4890,0.2446428571428571,1,1,1,122434,483176,5465,102491,4.475675275112082,0.17499876209518378
4891,0.2446666666666666,3,9,3,122443,483167,5468,102488,4.4755919078142945,0.17499722532890524
4892,0.2446666666666667,1,20,1,122463,483147,5469,102487,4.4754066471525435,0.17500179292868925
4893,0.2447142857142857,0,1,0,122464,483146,5469,102487,4.475397384119456,0.17500209175370923
4894,0.2447222222222222,0,6,0,122470,483140,5469,102487,4.475341805920931,0.17500388472526027
4895,0.2447499999999999,0,1,0,122471,483139,5469,102487,4.475332542887843,0.17500418355742403
4896,0.24475,0,3,0,122474,483136,5469,102487,4.47530475378858,0.17500508006003862
4897,0.2447619047619047,0,3,0,122477,483133,5469,102487,4.475276964689318,0.1750059765718384
4898,0.244797619047619,0,5,0,122482,483128,5469,102487,4.47523064952388,0.1750074707785832
4899,0.2448333333333333,3,12,3,122494,483116,5472,102484,4.475119493126829,0.1750068306010929
4900,0.2448571428571428,0,2,0,122496,483114,5472,102484,4.475100967060654,0.1750074283040584
4901,0.2448809523809523,0,1,0,122497,483113,5472,102484,4.475091704027567,0.1750077271570722
4902,0.2448888888888888,0,1,0,122498,483112,5472,102484,4.47508244099448,0.17500802601110663
4903,0.2449047619047619,0,1,0,122499,483111,5472,102484,4.4750731779613915,0.17500832486616177
4904,0.2449444444444444,0,1,0,122500,483110,5472,102484,4.475063914928304,0.1750086237222376
4905,0.2449848484848485,0,1,0,122501,483109,5472,102484,4.475054651895217,0.17500892257933412
4906,0.2449999999999999,1,28,1,122529,483081,5473,102483,4.4747952869687655,0.17501588212390107
4907,0.245,77,1257,77,123786,481824,5550,102406,4.463151654377709,0.17528370675932423
4908,0.2450238095238095,0,1,0,123787,481823,5550,102406,4.463142391344622,0.17528400678501066
4909,0.2450833333333333,0,1,0,123788,481822,5550,102406,4.463133128311535,0.1752843068117242
4910,0.2451071428571428,0,2,0,123790,481820,5550,102406,4.463114602245359,0.1752849068682325
4911,0.2451190476190476,0,4,0,123794,481816,5550,102406,4.463077550113009,0.17528610699357436
4912,0.2451388888888889,0,1,0,123795,481815,5550,102406,4.463068287079921,0.1752864070274776
4913,0.2451666666666666,1,9,1,123804,481806,5551,102405,4.462984919782134,0.17528769571267916
4914,0.2451666666666667,0,1,0,123805,481805,5551,102405,4.4629756567490455,0.17528799575495113
4915,0.2452380952380952,0,3,0,123808,481802,5551,102405,4.462947867649783,0.17528889588793015
4916,0.24525,0,1,0,123809,481801,5551,102405,4.462938604616696,0.17528919593431083
4917,0.2452777777777778,0,2,0,123811,481799,5551,102405,4.46292007855052,0.17528979603015385
4918,0.2452857142857142,0,3,0,123814,481796,5551,102405,4.462892289451258,0.1752906961816224
4919,0.2453333333333333,2,33,2,123847,481763,5553,102403,4.462586609359368,0.17529777494753204
4920,0.2453571428571428,0,2,0,123849,481761,5553,102403,4.462568083293194,0.1752983751138379
4921,0.2453661616161616,0,2,0,123851,481759,5553,102403,4.462549557227018,0.17529897528425334
4922,0.2453809523809524,1,0,1,123851,481759,5554,102402,4.462549557227018,0.17529756351416817
4923,0.2453888888888888,0,1,0,123852,481758,5554,102402,4.462540294193931,0.17529786359901398
4924,0.2454166666666666,0,1,0,123853,481757,5554,102402,4.462531031160843,0.17529816368488715
4925,0.2454523809523809,0,1,0,123854,481756,5554,102402,4.462521768127756,0.17529846377178776
4926,0.2454761904761905,0,3,0,123857,481753,5554,102402,4.462493979028493,0.17529936403865412
4927,0.2455,2,22,2,123879,481731,5556,102400,4.462290192300567,0.17530314261698146
4928,0.2455238095238095,0,4,0,123883,481727,5556,102400,4.462253140168217,0.175304343062382
4929,0.2455555555555555,0,3,0,123886,481724,5556,102400,4.4622253510689545,0.17530524340722176
4930,0.2455833333333333,0,1,0,123887,481723,5556,102400,4.462216088035866,0.1753055435242235
4931,0.2456666666666666,2,21,2,123908,481702,5558,102398,4.462021564341028,0.1753090224276665
4932,0.2456666666666667,0,4,0,123912,481698,5558,102398,4.461984512208677,0.17531022297704488
4933,0.2456904761904761,0,1,0,123913,481697,5558,102398,4.46197524917559,0.17531052311695872
4934,0.2457142857142857,2,19,2,123932,481678,5560,102396,4.4617992515469265,0.17531340206891594
4935,0.2457619047619047,0,1,0,123933,481677,5560,102396,4.461789988513839,0.17531370222557796
4936,0.2457777777777777,0,1,0,123934,481676,5560,102396,4.461780725480751,0.1753140023832678
4937,0.2458333333333333,10,100,10,124034,481576,5570,102386,4.460854422171996,0.1753299016031865
4938,0.2458571428571428,0,1,0,124035,481575,5570,102386,4.460845159138908,0.1753302018456712
4939,0.2458585858585858,0,2,0,124037,481573,5570,102386,4.460826633072734,0.17533080233372547
4940,0.2458809523809524,0,1,0,124038,481572,5570,102386,4.460817370039646,0.17533110257929507
4941,0.2459166666666666,0,1,0,124039,481571,5570,102386,4.460808107006558,0.175331402825893
4942,0.2459285714285714,0,1,0,124040,481570,5570,102386,4.46079884397347,0.17533170307351922
4943,0.2459523809523809,0,4,0,124044,481566,5570,102386,4.46076179184112,0.1753329040743075
4944,0.2459642857142857,0,2,0,124046,481564,5570,102386,4.460743265774945,0.17533350458087166
4945,0.2459761904761904,0,2,0,124048,481562,5570,102386,4.460724739708771,0.17533410509154926
4946,0.2459761904761905,0,1,0,124049,481561,5570,102386,4.4607154766756825,0.1753344053484306
4947,0.2459999999999999,0,9,0,124058,481552,5570,102386,4.460632109377895,0.1753371077066401
4948,0.246,13,123,13,124181,481429,5583,102373,4.4594927563081255,0.1753556856605493
4949,0.2460227272727272,0,1,0,124182,481428,5583,102373,4.459483493275038,0.17535598602948607
4950,0.2460714285714285,0,1,0,124183,481427,5583,102373,4.45947423024195,0.17535628639945186
4951,0.2460833333333333,0,2,0,124185,481425,5583,102373,4.459455704175776,0.17535688714247052
4952,0.2461060606060606,0,1,0,124186,481424,5583,102373,4.4594464411426875,0.17535718751552337
4953,0.2461111111111111,0,1,0,124187,481423,5583,102373,4.4594371781096,0.17535748788960528
4954,0.2461666666666666,0,3,0,124190,481420,5583,102373,4.459409389010338,0.17535838901802522
4955,0.2461904761904761,0,1,0,124191,481419,5583,102373,4.4594001259772496,0.17535868939622332
4956,0.2461904761904762,0,3,0,124194,481416,5583,102373,4.459372336877987,0.17535959053699196
4957,0.2462142857142857,0,3,0,124197,481413,5583,102373,4.459344547778724,0.1753604916870223
4958,0.24625,0,8,0,124205,481405,5583,102373,4.459270443514024,0.17536289479905032
4959,0.2462619047619047,0,1,0,124206,481404,5583,102373,4.459261180480937,0.17536319519268487
4960,0.2462738095238095,0,3,0,124209,481401,5583,102373,4.459233391381674,0.1753640963797634
4961,0.2462976190476191,0,2,0,124211,481399,5583,102373,4.459214865315499,0.17536469717629485
4962,0.2463095238095237,0,6,0,124217,481393,5583,102373,4.459159287116973,0.1753664995905894
4963,0.2463333333333333,4,27,4,124244,481366,5587,102369,4.45890918522361,0.17536896023024146
4964,0.2463571428571428,0,1,0,124245,481365,5587,102369,4.458899922190522,0.17536926065639485
4965,0.2463690476190476,0,1,0,124246,481364,5587,102369,4.458890659157435,0.1753695610835776
4966,0.2463888888888888,0,2,0,124248,481362,5587,102369,4.458872133091259,0.17537016194103106
4967,0.2464047619047619,0,1,0,124249,481361,5587,102369,4.458862870058172,0.1753704623713018
4968,0.2464285714285713,0,1,0,124250,481360,5587,102369,4.458853607025084,0.1753707628026019
4969,0.2464285714285714,0,4,0,124254,481356,5587,102369,4.458816554892734,0.17537196453809584
4970,0.2464523809523809,0,1,0,124255,481355,5587,102369,4.458807291859647,0.17537226497454275
4971,0.2464999999999999,0,1,0,124256,481354,5587,102369,4.458798028826559,0.17537256541201907
4972,0.2465,1,19,1,124275,481335,5588,102368,4.458622031197895,0.17537686117768797
4973,0.2465238095238095,0,1,0,124276,481334,5588,102368,4.458612768164808,0.1753771616338474
4974,0.246547619047619,0,1,0,124277,481333,5588,102368,4.4586035051317205,0.17537746209103633
4975,0.2465952380952381,0,1,0,124278,481332,5588,102368,4.458594242098632,0.17537776254925475
4976,0.2466666666666666,39,630,39,124908,480702,5627,102329,4.452758531253473,0.17551210827554625
4977,0.2467222222222222,0,2,0,124910,480700,5627,102329,4.452740005187299,0.17551271034545451
4978,0.2467552705292643,0,4,0,124914,480696,5627,102329,4.452702953054948,0.17551391449766304
4979,0.2467857142857142,0,1,0,124915,480695,5627,102329,4.452693690021861,0.17551421553829688
4980,0.2467857142857143,0,1,0,124916,480694,5627,102329,4.452684426988773,0.1755145165799634
4981,0.2468333333333333,1,13,1,124929,480681,5628,102328,4.452564007558635,0.17551701603234254
4982,0.2468571428571428,0,1,0,124930,480680,5628,102328,4.452554744525547,0.175517317086558
4983,0.2468809523809523,0,2,0,124932,480678,5628,102328,4.452536218459373,0.17551791919808715
4984,0.2469047619047619,0,2,0,124934,480676,5628,102328,4.452517692393197,0.17551852131374743
4985,0.2469523809523809,0,2,0,124936,480674,5628,102328,4.452499166327022,0.17551912343353882
4986,0.247,1,35,1,124971,480639,5629,102327,4.452174960168958,0.1755282469303527
4987,0.2470833333333333,0,7,0,124978,480632,5629,102327,4.452110118937345,0.17553035462185163
4988,0.2471071428571429,0,1,0,124979,480631,5629,102327,4.452100855904257,0.1755306557247692
4989,0.2471388888888889,0,1,0,124980,480630,5629,102327,4.45209159287117,0.17553095682871978
4990,0.2471428571428571,0,7,0,124987,480623,5629,102327,4.452026751639557,0.1755330645852989
4991,0.2471666666666666,0,11,0,124998,480612,5629,102327,4.451924858275594,0.1755363768764828
4992,0.2472142857142857,0,1,0,124999,480611,5629,102327,4.4519155952425065,0.17553667800006176
4993,0.2473214285714285,0,1,0,125000,480610,5629,102327,4.451906332209418,0.17553697912467384
4994,0.2473333333333332,0,2,0,125002,480608,5629,102327,4.451887806143244,0.17553758137699743
4995,0.2473333333333333,5,46,5,125048,480562,5634,102322,4.451461706621216,0.175544362171547
4996,0.2473571428571428,0,1,0,125049,480561,5634,102322,4.451452443588129,0.1755446633372392
4997,0.2473809523809523,0,2,0,125051,480559,5634,102322,4.451433917521953,0.17554526567172374
4998,0.2473809523809524,1,0,1,125051,480559,5635,102321,4.451433917521953,0.17554385122152072
4999,0.2474285714285714,0,1,0,125052,480558,5635,102321,4.451424654488866,0.17554415238840307
5000,0.2474761904761904,0,1,0,125053,480557,5635,102321,4.451415391455778,0.1755444535563188
5001,0.2474999999999999,0,6,0,125059,480551,5635,102321,4.451359813257253,0.17554626058551448
5002,0.2475,19,330,19,125389,480221,5654,102302,4.44830301233836,0.17561881676774993
5003,0.2475714285714285,0,2,0,125391,480219,5654,102302,4.448284486272185,0.17561941972907413
5004,0.2476190476190475,0,1,0,125392,480218,5654,102302,4.448275223239097,0.17561972121128888
5005,0.2476190476190476,1,10,1,125402,480208,5655,102301,4.448182592908222,0.17562132087229554
5006,0.2476363636363636,0,1,0,125403,480207,5655,102301,4.448173329875134,0.1756216223639847
5007,0.2476666666666666,1,9,1,125412,480198,5656,102300,4.448089962577346,0.17562292059371878
5008,0.2476666666666667,1,11,1,125423,480187,5657,102299,4.447988069213383,0.17562482188413112
5009,0.2477142857142857,0,3,0,125426,480184,5657,102299,4.4479602801141205,0.1756257264160499
5010,0.2477301587301587,1,1,1,125427,480183,5658,102298,4.447951017081033,0.17562461264830956
5011,0.2477380952380952,0,1,0,125428,480182,5658,102298,4.447941754047945,0.17562491416014284
5012,0.24775,1,0,1,125428,480182,5659,102297,4.447941754047945,0.17562349887292075
5013,0.247797619047619,0,3,0,125431,480179,5659,102297,4.4479139649486825,0.17562440340889582
5014,0.2478095238095237,0,1,0,125432,480178,5659,102297,4.447904701915595,0.17562470492295806
5015,0.2478333333333333,0,8,0,125440,480170,5659,102297,4.447830597650895,0.17562711707272688
5016,0.2478463203463203,0,1,0,125441,480169,5659,102297,4.4478213346178075,0.1756274185961069
5017,0.2478571428571428,0,10,0,125451,480159,5659,102297,4.447728704286932,0.17563043388685154
5018,0.2479166666666666,0,5,0,125456,480154,5659,102297,4.447682389121494,0.1756319415710506
5019,0.2479761904761904,2,0,2,125456,480154,5661,102295,4.447682389121494,0.17562911087494357
5020,0.2479999999999999,0,3,0,125459,480151,5661,102295,4.447654600022231,0.1756300154864142
5021,0.248,1,73,1,125532,480078,5662,102294,4.44697839860684,0.1756506150707795
5022,0.248047619047619,0,1,0,125533,480077,5662,102294,4.446969135573752,0.17565091668369476
5023,0.2480555555555555,0,2,0,125535,480075,5662,102294,4.446950609507577,0.17565151991263273
5024,0.2480952380952381,0,2,0,125537,480073,5662,102294,4.446932083441402,0.17565212314571396
5025,0.2481666666666666,1,13,1,125550,480060,5663,102293,4.446811664011264,0.17565462872175466
5026,0.2481904761904761,0,1,0,125551,480059,5663,102293,4.446802400978176,0.1756549303514026
5027,0.2482063492063492,0,1,0,125552,480058,5663,102293,4.446793137945089,0.1756552319820864
5028,0.2482142857142857,0,1,0,125553,480057,5663,102293,4.4467838749120014,0.17565553361380612
5029,0.24825,0,1,0,125554,480056,5663,102293,4.446774611878913,0.17565583524656178
5030,0.2482738095238095,0,1,0,125555,480055,5663,102293,4.446765348845826,0.17565613688035334
5031,0.2482857142857142,0,1,0,125556,480054,5663,102293,4.446756085812739,0.1756564385151808
5032,0.2483333333333333,29,392,29,125948,479662,5692,102264,4.443124976842418,0.1757336843516186
5033,0.2483571428571428,0,1,0,125949,479661,5692,102264,4.44311571380933,0.17573398633844567
5034,0.2483928571428571,0,2,0,125951,479659,5692,102264,4.443097187743154,0.17573459031521352
5035,0.2484444444444444,0,1,0,125952,479658,5692,102264,4.443087924710067,0.1757348923051543
5036,0.2484523809523809,1,4,1,125956,479654,5693,102263,4.443050872577717,0.17573468381229626
5037,0.2484999999999999,0,3,0,125959,479651,5693,102263,4.4430230834784545,0.17573558979505563
5038,0.2485,1,27,1,125986,479624,5694,102262,4.44277298158509,0.1757423275349467
5039,0.248560606060606,0,1,0,125987,479623,5694,102262,4.442763718552003,0.17574262955738676
5040,0.2485714285714285,0,11,0,125998,479612,5694,102262,4.44266182518804,0.1757459518727422
5041,0.2486190476190476,0,1,0,125999,479611,5694,102262,4.442652562154952,0.17574625390763965
5042,0.2486666666666666,2,38,2,126037,479573,5696,102260,4.442300566897625,0.17575489874242264
5043,0.2486904761904761,0,2,0,126039,479571,5696,102260,4.44228204083145,0.17575550288657704
5044,0.2486904761904762,0,3,0,126042,479568,5696,102260,4.442254251732187,0.17575640911059626
5045,0.2487142857142857,0,1,0,126043,479567,5696,102260,4.4422449886991,0.17575671118734607
5046,0.2487380952380952,0,3,0,126046,479564,5696,102260,4.442217199599837,0.17575761742382576
5047,0.24875,2,6,2,126052,479558,5698,102258,4.442161621401311,0.1757565965872372
5048,0.2487619047619047,0,3,0,126055,479555,5698,102258,4.442133832302049,0.17575750284025968
5049,0.2487777777777778,0,1,0,126056,479554,5698,102258,4.4421245692689615,0.17575780492667734
5050,0.2487857142857143,0,2,0,126058,479552,5698,102258,4.442106043202786,0.175758409102628
5051,0.2488095238095237,0,1,0,126059,479551,5698,102258,4.442096780169699,0.175758711192161
5052,0.2488095238095238,0,1,0,126060,479550,5698,102258,4.442087517136612,0.17575901328273244
5053,0.2488333333333333,0,4,0,126064,479546,5698,102258,4.442050465004261,0.17576022165540284
5054,0.2488452380952381,0,3,0,126067,479543,5698,102258,4.442022675904998,0.17576112794580964
5055,0.2488571428571428,0,3,0,126070,479540,5698,102258,4.441994886805736,0.1757620342455629
5056,0.2488888888888888,0,3,0,126073,479537,5698,102258,4.441967097706473,0.1757629405546627
5057,0.2488888888888889,0,2,0,126075,479535,5698,102258,4.441948571640298,0.1757635447659219
5058,0.2489047619047618,0,1,0,126076,479534,5698,102258,4.4419393086072105,0.17576384687310928
5059,0.2489285714285714,0,7,0,126083,479527,5698,102258,4.441874467375597,0.1757659616525005
5060,0.2489404761904761,0,1,0,126084,479526,5698,102258,4.44186520434251,0.17576626376799637
5061,0.2489999999999999,0,2,0,126086,479524,5698,102258,4.441846678276335,0.1757668680021039
5062,0.249,9,73,9,126159,479451,5707,102249,4.441170476860943,0.17577617328519857
5063,0.2490238095238094,0,1,0,126160,479450,5707,102249,4.441161213827856,0.1757764754623955
5064,0.249047619047619,0,8,0,126168,479442,5707,102249,4.441087109563155,0.17577889291737367
5065,0.2490833333333333,0,1,0,126169,479441,5707,102249,4.441077846530068,0.17577919510392134
5066,0.2491071428571428,0,3,0,126172,479438,5707,102249,4.441050057430805,0.17578010166979835
5067,0.2491666666666666,6,124,6,126296,479314,5713,102243,4.439901441327948,0.17580907804394066
5068,0.2491666666666667,0,1,0,126297,479313,5713,102243,4.439892178294861,0.17580938035202112
5069,0.2491904761904762,0,1,0,126298,479312,5713,102243,4.439882915261773,0.17580968266114125
5070,0.2492380952380952,0,1,0,126299,479311,5713,102243,4.439873652228686,0.17580998497130104
5071,0.2492380952380953,0,1,0,126300,479310,5713,102243,4.4398643891955984,0.17581028728250048
5072,0.2492857142857142,1,0,1,126300,479310,5714,102242,4.4398643891955984,0.17580887005805157
5073,0.2492857142857143,0,5,0,126305,479305,5714,102242,4.4398180740301605,0.17581038162005821
5074,0.2493333333333333,5,30,5,126335,479275,5719,102237,4.439540183037534,0.17581236500708497
5075,0.2493787878787878,0,2,0,126337,479273,5719,102237,4.439521656971359,0.17581296968237864
5076,0.2494047619047619,0,1,0,126338,479272,5719,102237,4.439512393938271,0.17581327202158523
5077,0.2494285714285714,0,2,0,126340,479270,5719,102237,4.439493867872096,0.17581387670311793
5078,0.2494444444444444,0,7,0,126347,479263,5719,102237,4.439429026640483,0.1758159931212382
5079,0.2494588744588744,0,1,0,126348,479262,5719,102237,4.439419763607396,0.17581629547084346
5080,0.2494761904761904,0,1,0,126349,479261,5719,102237,4.439410500574308,0.17581659782148865
5081,0.2494761904761905,0,1,0,126350,479260,5719,102237,4.439401237541221,0.17581690017317372
5082,0.2495,0,16,0,126366,479244,5719,102237,4.4392530290118195,0.17582173794156644
5083,0.2495238095238094,0,1,0,126367,479243,5719,102237,4.439243765978732,0.17582204031093074
5084,0.2495238095238095,0,4,0,126371,479239,5719,102237,4.4392067138463815,0.1758232497987879
5085,0.2495833333333333,1,5,1,126376,479234,5720,102236,4.4391603986809445,0.1758233442825941
5086,0.2496190476190476,0,1,0,126377,479233,5720,102236,4.439151135647856,0.17582364666044106
5087,0.2496666666666666,1,10,1,126387,479223,5721,102235,4.439058505316981,0.1758252530707291
5088,0.2496904761904761,0,1,0,126388,479222,5721,102235,4.439049242283893,0.17582555545809922
5089,0.2496904761904762,0,1,0,126389,479221,5721,102235,4.439039979250806,0.17582585784650945
5090,0.2497142857142857,0,1,0,126390,479220,5721,102235,4.439030716217719,0.1758261602359598
5091,0.2497222222222222,0,1,0,126391,479219,5721,102235,4.439021453184631,0.17582646262645024
5092,0.2497420634920635,0,1,0,126392,479218,5721,102235,4.439012190151543,0.1758267650179808
5093,0.24975,0,3,0,126395,479215,5721,102235,4.438984401052281,0.17582767219881332
5094,0.2497619047619047,0,4,0,126399,479211,5721,102235,4.43894734891993,0.17582888178781864
5095,0.2497777777777777,0,1,0,126400,479210,5721,102235,4.438938085886843,0.17582918418767038
5096,0.2498253968253968,0,1,0,126401,479209,5721,102235,4.438928822853756,0.17582948658856226
5097,0.2498333333333333,4,12,4,126413,479197,5725,102231,4.438817666456704,0.175827445530659
5098,0.2498560606060606,1,0,1,126413,479197,5726,102230,4.438817666456704,0.175826028031034
5099,0.2499047619047619,0,1,0,126414,479196,5726,102230,4.438808403423617,0.17582633043585943
5100,0.2499523809523809,0,1,0,126415,479195,5726,102230,4.43879914039053,0.17582663284172506
5101,0.2499761904761905,0,1,0,126416,479194,5726,102230,4.438789877357442,0.17582693524863094
5102,0.2499999999999999,4,37,4,126453,479157,5730,102226,4.438447145133202,0.17583245468133743
5103,0.25,201,3678,201,130131,475479,5931,102025,4.4043777094371785,0.17666544300991854
5104,0.2500595238095238,0,1,0,130132,475478,5931,102025,4.40436844640409,0.1766657489225164
5105,0.2500714285714285,0,1,0,130133,475477,5931,102025,4.404359183371003,0.17666605483617373
5106,0.2500952380952381,0,1,0,130134,475476,5931,102025,4.404349920337915,0.17666636075089048
5107,0.2501071428571428,0,1,0,130135,475475,5931,102025,4.404340657304828,0.17666666666666667
5108,0.2501190476190476,0,1,0,130136,475474,5931,102025,4.404331394271741,0.1766669725835023
5109,0.2501666666666666,1,13,1,130149,475461,5932,102024,4.404210974841602,0.17666952388373725
5110,0.2501666666666667,0,5,0,130154,475456,5932,102024,4.404164659676164,0.17667105354297985
5111,0.2502619047619047,0,1,0,130155,475455,5932,102024,4.404155396643077,0.176671359478007
5112,0.2502752525252525,0,1,0,130156,475454,5932,102024,4.40414613360999,0.1766716654140937
5113,0.2503030303030303,0,2,0,130158,475452,5932,102024,4.404127607543814,0.1766722772894458
5114,0.2503333333333333,4,19,4,130177,475433,5936,102020,4.4039516099151506,0.17667238718995312
5115,0.2503888888888889,0,2,0,130179,475431,5936,102020,4.403933083848975,0.17667299909429546
5116,0.2503968253968254,0,1,0,130180,475430,5936,102020,4.403923820815888,0.17667330504805612
5117,0.2504166666666667,0,1,0,130181,475429,5936,102020,4.403914557782801,0.17667361100287646
5118,0.2504444444444444,0,1,0,130182,475428,5936,102020,4.403905294749713,0.17667391695875645
5119,0.2504761904761904,0,4,0,130186,475424,5936,102020,4.403868242617363,0.17667514079287341
5120,0.2504999999999999,0,2,0,130188,475422,5936,102020,4.403849716551187,0.17667575271629013
5121,0.2505,2,20,2,130208,475402,5938,102018,4.4036644558894364,0.17667902047036818
5122,0.2505555555555556,0,3,0,130211,475399,5938,102018,4.403636666790174,0.1766799384153913
5123,0.2505714285714285,0,1,0,130212,475398,5938,102018,4.403627403757087,0.17668024439918534
5124,0.2505833333333333,0,1,0,130213,475397,5938,102018,4.4036181407239985,0.1766805503840392
5125,0.2506666666666666,1,29,1,130242,475368,5939,102017,4.40334951276446,0.17668799847588698
5126,0.2506666666666667,0,1,0,130243,475367,5939,102017,4.403340249731372,0.17668830449059897
5127,0.2507142857142856,1,4,1,130247,475363,5940,102016,4.403303197599022,0.17668810261543977
5128,0.2507142857142857,1,0,1,130247,475363,5941,102015,4.403303197599022,0.17668667666589305
5129,0.25075,1,2,1,130249,475361,5942,102014,4.403284671532846,0.176685862740853
5130,0.2507857142857143,0,1,0,130250,475360,5942,102014,4.403275408499759,0.17668616875716606
5131,0.2508333333333333,7,121,7,130371,475239,5949,102007,4.402154581496165,0.17671322105306922
5132,0.2508333333333334,0,1,0,130372,475238,5949,102007,4.402145318463077,0.176713527185164
5133,0.2509047619047619,0,1,0,130373,475237,5949,102007,4.40213605542999,0.17671383331831947
5134,0.2509166666666667,0,1,0,130374,475236,5949,102007,4.402126792396903,0.17671413945253558
5135,0.2509523809523809,0,6,0,130380,475230,5949,102007,4.4020712141983775,0.1767159762801068
5136,0.250952380952381,0,2,0,130382,475228,5949,102007,4.402052688132202,0.1767165885644495
5137,0.2509761904761904,0,1,0,130383,475227,5949,102007,4.402043425099114,0.17671689470821192
5138,0.251,1,84,1,130467,475143,5950,102006,4.4012653303197595,0.17674118815072018
5139,0.251047619047619,0,1,0,130468,475142,5950,102006,4.401256067286672,0.17674149438272332
5140,0.2510714285714285,0,1,0,130469,475141,5950,102006,4.401246804253585,0.17674180061578765
5141,0.2510952380952381,0,1,0,130470,475140,5950,102006,4.401237541220497,0.1767421068499132
5142,0.2511007326007325,1,1,1,130471,475139,5951,102005,4.40122827818741,0.17674098665151158
5143,0.2511190476190477,1,0,1,130471,475139,5952,102004,4.40122827818741,0.17673956021298015
5144,0.2511428571428571,0,3,0,130474,475136,5952,102004,4.401200489088147,0.17674047891326194
5145,0.2511507936507936,0,1,0,130475,475135,5952,102004,4.40119122605506,0.17674078514881164
5146,0.2511666666666666,0,8,0,130483,475127,5952,102004,4.401117121790359,0.1767432350714136
5147,0.2511666666666667,0,2,0,130485,475125,5952,102004,4.401098595724184,0.17674384756267664
5148,0.2511904761904762,0,5,0,130490,475120,5952,102004,4.401052280558746,0.17674537880940663
5149,0.2512142857142857,0,3,0,130493,475117,5952,102004,4.401024491459483,0.17674629757018026
5150,0.2512222222222222,0,1,0,130494,475116,5952,102004,4.401015228426396,0.1767466038258941
5151,0.2512380952380952,0,1,0,130495,475115,5952,102004,4.401005965393308,0.17674691008266927
5152,0.25125,0,7,0,130502,475108,5952,102004,4.400941124161696,0.176749053909813
5153,0.2512698412698413,0,1,0,130503,475107,5952,102004,4.400931861128608,0.17674936017507897
5154,0.2513095238095238,0,1,0,130504,475106,5952,102004,4.40092259809552,0.17674966644140633
5155,0.2513333333333333,0,22,0,130526,475084,5952,102004,4.400718811367594,0.17675640456914718
5156,0.2514025974025974,0,1,0,130527,475083,5952,102004,4.400709548334507,0.17675671085988767
5157,0.2514047619047619,0,1,0,130528,475082,5952,102004,4.400700285301419,0.1767570171516897
5158,0.2514166666666667,0,3,0,130531,475079,5952,102004,4.400672496202157,0.17675793603346485
5159,0.2514285714285714,0,8,0,130539,475071,5952,102004,4.400598391937456,0.17676038643157302
5160,0.251452380952381,0,1,0,130540,475070,5952,102004,4.400589128904368,0.17676069273611356
5161,0.2515,2,33,2,130573,475037,5954,102002,4.40028344881248,0.17676794809362972
5162,0.2515476190476191,0,3,0,130576,475034,5954,102002,4.400255659713216,0.17676886710707823
5163,0.2515833333333333,0,5,0,130581,475029,5954,102002,4.400209344547779,0.17677039881739456
5164,0.2516071428571428,1,1,1,130582,475028,5955,102001,4.400200081514691,0.17676927849380186
5165,0.2516428571428571,1,0,1,130582,475028,5956,102000,4.400200081514691,0.17676785182001567
5166,0.2516515151515151,0,1,0,130583,475027,5956,102000,4.400190818481604,0.176768158162443
5167,0.2516666666666666,11,166,11,130749,474861,5967,101989,4.39865315498907,0.17680332842160007
5168,0.2516666666666667,13,241,13,130990,474620,5980,101976,4.396420764014969,0.17685866707365297
5169,0.2517142857142857,0,2,0,130992,474618,5980,101976,4.396402237948794,0.17685928053361638
5170,0.2517222222222222,0,2,0,130994,474616,5980,101976,4.396383711882619,0.17685989399783555
5171,0.25175,0,1,0,130995,474615,5980,101976,4.3963744488495315,0.17686020073154107
5172,0.2517505411255412,0,2,0,130997,474613,5980,101976,4.396355922783356,0.176860814202144
5173,0.2517857142857143,0,2,0,130999,474611,5980,101976,4.396337396717181,0.17686142767700277
5174,0.2518333333333333,0,13,0,131012,474598,5980,101976,4.396216977287043,0.17686541536732492
5175,0.2518571428571428,0,2,0,131014,474596,5980,101976,4.396198451220868,0.1768660288741042
5176,0.2518571428571429,0,1,0,131015,474595,5980,101976,4.396189188187781,0.1768663356290899
5177,0.2518717948717948,0,1,0,131016,474594,5980,101976,4.3961799251546925,0.17686664238513972
5178,0.2519285714285714,1,0,1,131016,474594,5981,101975,4.3961799251546925,0.1768652147444625
5179,0.2519444444444444,0,2,0,131018,474592,5981,101975,4.396161399088517,0.1768658282558662
5180,0.2519642857142857,0,1,0,131019,474591,5981,101975,4.39615213605543,0.17686613501316414
5181,0.2519999999999999,0,2,0,131021,474589,5981,101975,4.3961336099892545,0.17686674853095233
5182,0.252,5,85,5,131106,474504,5986,101970,4.395346252176813,0.17688568781939862
5183,0.2520238095238095,0,1,0,131107,474503,5986,101970,4.3953369891437255,0.1768859946606346
5184,0.2520833333333334,0,1,0,131108,474502,5986,101970,4.395327726110637,0.1768863015029351
5185,0.2521190476190476,1,0,1,131108,474502,5987,101969,4.395327726110637,0.17688487365366168
5186,0.2521428571428571,1,7,1,131115,474495,5988,101968,4.395262884879025,0.17688559369812112
5187,0.2521547619047619,0,3,0,131118,474492,5988,101968,4.395235095779762,0.17688651424209834
5188,0.2521666666666666,0,1,0,131119,474491,5988,101968,4.395225832746674,0.17688682109221993
5189,0.2521666666666667,1,9,1,131128,474482,5989,101967,4.395142465448886,0.17688815489314752
5190,0.2521904761904762,0,1,0,131129,474481,5989,101967,4.395133202415799,0.17688846175197068
5191,0.2522222222222222,0,4,0,131133,474477,5989,101967,4.3950961502834485,0.17688968919790996
5192,0.2522460317460318,1,0,1,131133,474477,5990,101966,4.3950961502834485,0.17688826128515742
5193,0.25225,0,3,0,131136,474474,5990,101966,4.395068361184186,0.17688918187495664
5194,0.2522619047619047,0,1,0,131137,474473,5990,101966,4.395059098151099,0.1768894887403524
5195,0.2522857142857143,0,3,0,131140,474470,5990,101966,4.395031309051836,0.17689040934292793
5196,0.2523333333333333,6,33,6,131173,474437,5996,101960,4.394725628959947,0.1768919685563943
5197,0.2523809523809524,1,3,1,131176,474434,5997,101959,4.394697839860684,0.17689146120789115
5198,0.2524166666666667,0,2,0,131178,474432,5997,101959,4.394679313794509,0.1768920749977012
5199,0.2524285714285714,0,1,0,131179,474431,5997,101959,4.394670050761421,0.1768923818942036
5200,0.2524761904761904,1,0,1,131179,474431,5998,101958,4.394670050761421,0.17689095385234624
5201,0.2524999999999999,2,11,2,131190,474420,6000,101956,4.394568157397458,0.17689147362138605
5202,0.2525,26,303,26,131493,474117,6026,101930,4.3917614583719295,0.17694736714191725
5203,0.2525357142857142,0,1,0,131494,474116,6026,101930,4.391752195338841,0.17694767431767602
5204,0.252547619047619,0,1,0,131495,474115,6026,101930,4.391742932305754,0.1769479814945013
5205,0.2525555555555555,0,1,0,131496,474114,6026,101930,4.391733669272667,0.1769482886723931
5206,0.2526190476190476,0,5,0,131501,474109,6026,101930,4.391687354107229,0.17694982457784977
5207,0.2526269841269841,0,1,0,131502,474108,6026,101930,4.391678091074142,0.1769501317621407
5208,0.2526666666666666,3,22,3,131524,474086,6029,101927,4.391474304346215,0.17695260350026823
5209,0.2526666666666667,3,16,3,131540,474070,6032,101924,4.391326095816814,0.17695323215172382
5210,0.2526904761904761,0,1,0,131541,474069,6032,101924,4.391316832783727,0.1769535393659298
5211,0.2527272727272727,0,1,0,131542,474068,6032,101924,4.391307569750639,0.17695384658120253
5212,0.2528333333333333,0,9,0,131551,474059,6032,101924,4.391224202452851,0.17695661156666082
5213,0.2528571428571428,0,7,0,131558,474052,6032,101924,4.391159361221238,0.176958762170646
5214,0.2528571428571429,0,1,0,131559,474051,6032,101924,4.391150098188151,0.176959069404054
5215,0.2528888888888888,0,1,0,131560,474050,6032,101924,4.391140835155063,0.17695937663852881
5216,0.2529166666666666,0,1,0,131561,474049,6032,101924,4.391131572121975,0.1769596838740705
5217,0.2529166666666667,0,1,0,131562,474048,6032,101924,4.391122309088888,0.176959991110679
5218,0.2529523809523809,1,0,1,131562,474048,6033,101923,4.391122309088888,0.17695856214983047
5219,0.2529761904761904,0,1,0,131563,474047,6033,101923,4.391113046055801,0.17695886938555827
5220,0.252982683982684,0,1,0,131564,474046,6033,101923,4.391103783022713,0.17695917662235294
5221,0.2529999999999999,0,3,0,131567,474043,6033,101923,4.39107599392345,0.17696009833913806
5222,0.253,3,52,3,131619,473991,6036,101920,4.390594316202898,0.17697178904379324
5223,0.253020757020757,0,2,0,131621,473989,6036,101920,4.390575790136722,0.17697240362626734
5224,0.2530238095238095,0,1,0,131622,473988,6036,101920,4.390566527103635,0.17697271091910513
5225,0.253047619047619,0,2,0,131624,473986,6036,101920,4.39054800103746,0.1769733255079822
5226,0.2530952380952381,0,1,0,131625,473985,6036,101920,4.3905387380043726,0.1769736328040215
5227,0.2531666666666666,1,23,1,131648,473962,6037,101919,4.390325688243358,0.17697927175926972
5228,0.2531666666666667,0,2,0,131650,473960,6037,101919,4.390307162177184,0.17697988639974718
5229,0.2531904761904762,0,1,0,131651,473959,6037,101919,4.3902978991440955,0.17698019372158685
5230,0.2532051282051282,0,1,0,131652,473958,6037,101919,4.390288636111008,0.17698050104449387
5231,0.2532142857142856,0,1,0,131653,473957,6037,101919,4.390279373077921,0.17698080836846822
5232,0.2532142857142857,0,2,0,131655,473955,6037,101919,4.390260847011746,0.1769814230196189
5233,0.2532142857142858,0,1,0,131656,473954,6037,101919,4.390251583978658,0.1769817303467952
5234,0.2532301587301587,0,1,0,131657,473953,6037,101919,4.39024232094557,0.1769820376750389
5235,0.2532777777777777,0,1,0,131658,473952,6037,101919,4.390233057912483,0.17698234500434992
5236,0.2533055555555555,0,1,0,131659,473951,6037,101919,4.390223794879395,0.17698265233472832
5237,0.2533333333333333,39,724,39,132383,473227,6076,101880,4.383517358924006,0.17714964345765222
5238,0.2533333333333334,0,3,0,132386,473224,6076,101880,4.383489569824744,0.17715056754952146
5239,0.2534523809523809,0,3,0,132389,473221,6076,101880,4.38346178072548,0.17715149165103172
5240,0.2535,1,21,1,132410,473200,6077,101879,4.383267257030642,0.17715652979851465
5241,0.2535714285714285,0,8,0,132418,473192,6077,101879,4.383193152765942,0.1771589942807062
5242,0.2535833333333333,0,1,0,132419,473191,6077,101879,4.383183889732854,0.17715930234580138
5243,0.2535952380952381,0,1,0,132420,473190,6077,101879,4.383174626699766,0.17715961041196795
5244,0.2536071428571428,1,0,1,132420,473190,6078,101878,4.383174626699766,0.1771581795544179
5245,0.2536111111111111,1,4,1,132424,473186,6079,101877,4.383137574567416,0.17715798095165225
5246,0.2536190476190476,0,1,0,132425,473185,6079,101877,4.383128311534329,0.17715828901927097
5247,0.2536363636363636,0,3,0,132428,473182,6079,101877,4.3831005224350665,0.17715921322855568
5248,0.2536428571428572,0,3,0,132431,473179,6079,101877,4.383072733335803,0.17716013744748338
5249,0.2536666666666666,2,14,2,132445,473165,6081,101875,4.382943050872577,0.17716158875904284
5250,0.2536904761904762,0,1,0,132446,473164,6081,101875,4.38293378783949,0.17716189684525746
5251,0.2537121212121212,0,2,0,132448,473162,6081,101875,4.382915261773315,0.17716251302090127
5252,0.25375,0,7,0,132455,473155,6081,101875,4.382850420541702,0.17716466966940855
5253,0.2537738095238095,0,1,0,132456,473154,6081,101875,4.382841157508615,0.17716497776633874
5254,0.2537777777777778,0,1,0,132457,473153,6081,101875,4.382831894475527,0.17716528586434052
5255,0.2537857142857143,0,1,0,132458,473152,6081,101875,4.38282263144244,0.1771655939634139
5256,0.2538095238095238,0,6,0,132464,473146,6081,101875,4.3827670532439145,0.17716744258035794
5257,0.2538333333333333,0,3,0,132467,473143,6081,101875,4.382739264144652,0.17716836690329693
5258,0.2538888888888889,0,1,0,132468,473142,6081,101875,4.382730001111564,0.17716867501308656
5259,0.2539999999999999,0,2,0,132470,473140,6081,101875,4.382711475045389,0.1771692912358808
5260,0.254,8,131,8,132601,473009,6089,101867,4.3814980177109195,0.17719821317988574
5261,0.2540238095238095,0,2,0,132603,473007,6089,101867,4.381479491644744,0.17719882965658562
5262,0.2540476190476191,0,2,0,132605,473005,6089,101867,4.381460965578569,0.17719944613757496
5263,0.2540833333333333,1,0,1,132605,473005,6090,101866,4.381460965578569,0.17719801485898576
5264,0.2540873015873016,0,1,0,132606,473004,6090,101866,4.3814517025454816,0.17719832309913547
5265,0.2541031746031746,0,1,0,132607,473003,6090,101866,4.381442439512394,0.17719863134035754
5266,0.2541428571428571,0,1,0,132608,473002,6090,101866,4.381433176479306,0.177198939582652
5267,0.2541666666666666,4,126,4,132734,472876,6094,101862,4.380266034310274,0.1772320605214898
5268,0.2541818181818182,0,1,0,132735,472875,6094,101862,4.380256771277187,0.17723236889220634
5269,0.2542142857142857,0,1,0,132736,472874,6094,101862,4.380247508244099,0.177232677263996
5270,0.25425,0,2,0,132738,472872,6094,101862,4.380228982177925,0.17723329401079455
5271,0.2542619047619047,0,1,0,132739,472871,6094,101862,4.380219719144836,0.1772336023858035
5272,0.2542857142857142,0,1,0,132740,472870,6094,101862,4.380210456111749,0.17723391076188555
5273,0.2542857142857143,1,21,1,132761,472849,6095,101861,4.380015932416911,0.17723895529919437
5274,0.2543333333333333,2,36,2,132797,472813,6097,101859,4.379682463225759,0.17724719492162486
5275,0.2543571428571428,0,1,0,132798,472812,6097,101859,4.379673200192671,0.17724750335409303
5276,0.2544166666666667,0,1,0,132799,472811,6097,101859,4.379663937159584,0.17724781178763463
5277,0.2544383949383949,0,1,0,132800,472810,6097,101859,4.379654674126496,0.17724812022224967
5278,0.2544444444444445,0,1,0,132801,472809,6097,101859,4.379645411093408,0.17724842865793816
5279,0.2544642857142857,0,1,0,132802,472808,6097,101859,4.379636148060321,0.17724873709470007
5280,0.2544999999999999,0,3,0,132805,472805,6097,101859,4.379608358961058,0.1772496624114265
5281,0.2545,1,11,1,132816,472794,6098,101858,4.379506465597095,0.17725162359132135
5282,0.2545238095238095,0,4,0,132820,472790,6098,101858,4.3794694134647445,0.1772528574014005
5283,0.2545833333333333,0,3,0,132823,472787,6098,101858,4.379441624365482,0.17725378277023204
5284,0.2545833333333334,0,5,0,132828,472782,6098,101858,4.379395309200045,0.17725532507308925
5285,0.2546428571428571,1,5,1,132833,472777,6099,101857,4.379348994034607,0.17725543563381213
5286,0.2546666666666666,0,3,0,132836,472774,6099,101857,4.379321204935344,0.17725636103864914
5287,0.2546666666666667,1,17,1,132853,472757,6100,101856,4.379163733372856,0.1772601733688587
5288,0.2547222222222222,0,2,0,132855,472755,6100,101856,4.3791452073066806,0.17726079034338013
5289,0.2547380952380952,0,1,0,132856,472754,6100,101856,4.379135944273593,0.17726109883225144
5290,0.2547619047619047,0,3,0,132859,472751,6100,101856,4.379108155174331,0.1772620243053078
5291,0.2548333333333333,5,18,5,132877,472733,6105,101851,4.378941420578754,0.17726041797195885
5292,0.2548571428571429,0,1,0,132878,472732,6105,101851,4.378932157545667,0.17726072647467817
5293,0.2549206349206349,0,1,0,132879,472731,6105,101851,4.378922894512579,0.17726103497847132
5294,0.2549285714285714,1,1,1,132880,472730,6106,101850,4.378913631479492,0.1772599115875944
5295,0.2549523809523809,0,2,0,132882,472728,6106,101850,4.378895105413316,0.17726052859663963
5296,0.2549999999999999,4,26,4,132908,472702,6110,101846,4.37865426655304,0.17726282225331913
5297,0.255,70,1331,70,134239,471371,6180,101776,4.366325169513505,0.17757399061671789
5298,0.2551190476190476,0,1,0,134240,471370,6180,101776,4.366315906480418,0.1775743004400275
5299,0.2551428571428571,0,4,0,134244,471366,6180,101776,4.366278854348068,0.1775755397440774
5300,0.2551666666666666,1,12,1,134256,471354,6181,101775,4.366167697951017,0.17757782279382128
5301,0.2551666666666667,0,2,0,134258,471352,6181,101775,4.3661491718848415,0.17757844247435559
5302,0.2552142857142857,0,1,0,134259,471351,6181,101775,4.366139908851754,0.1775787523162446
5303,0.2552222222222222,0,1,0,134260,471350,6181,101775,4.366130645818667,0.17757906215921482
5304,0.2552380952380952,0,2,0,134262,471348,6181,101775,4.366112119752492,0.17757968184839903
5305,0.25525,0,3,0,134265,471345,6181,101775,4.366084330653229,0.17758061139028475
5306,0.2552619047619047,0,2,0,134267,471343,6181,101775,4.366065804587054,0.1775812310902816
5307,0.2553333333333333,5,33,5,134300,471310,6186,101770,4.365760124495164,0.1775842814266769
5308,0.2553333333333334,0,1,0,134301,471309,6186,101770,4.365750861462077,0.17758459130416573
5309,0.2553571428571428,0,3,0,134304,471306,6186,101770,4.365723072362814,0.177585520943121
5310,0.2554166666666666,1,0,1,134304,471306,6187,101769,4.365723072362814,0.1775840858526371
5311,0.2554166666666667,0,1,0,134305,471305,6187,101769,4.365713809329727,0.1775843957324883
5312,0.2554444444444444,0,1,0,134306,471304,6187,101769,4.365704546296639,0.177584705613421
5313,0.2554603174603175,0,1,0,134307,471303,6187,101769,4.365695283263552,0.17758501549543512
5314,0.2554761904761905,0,2,0,134309,471301,6187,101769,4.3656767571973765,0.17758563526270787
5315,0.2555,3,15,3,134324,471286,6190,101766,4.3655378117010635,0.177585978235832
5316,0.2555555555555556,0,2,0,134326,471284,6190,101766,4.365519285634888,0.1775865980280953
5317,0.2555952380952381,1,1,1,134327,471283,6191,101765,4.365510022601801,0.17758547277016934
5318,0.2556666666666666,3,33,3,134360,471250,6194,101762,4.365204342509911,0.17759139424654283
5319,0.2557142857142856,1,8,1,134368,471242,6195,101761,4.365130238245211,0.1775924384340047
5320,0.2557142857142857,1,4,1,134372,471238,6196,101760,4.365093186112861,0.1775922429048618
5321,0.25575,0,2,0,134374,471236,6196,101760,4.365074660046686,0.17759286277740158
5322,0.2557857142857143,0,1,0,134375,471235,6196,101760,4.365065397013598,0.1775931727152942
5323,0.2558333333333333,9,113,9,134488,471122,6205,101751,4.364018674274704,0.17761528296847642
5324,0.255845238095238,0,1,0,134489,471121,6205,101751,4.364009411241617,0.17761559301205157
5325,0.2559523809523809,0,3,0,134492,471118,6205,101751,4.363981622142354,0.17761652314927148
5326,0.256,10,122,10,134614,470996,6215,101741,4.3628515321056724,0.17763999881271858
5327,0.2560476190476191,0,1,0,134615,470995,6215,101741,4.362842269072585,0.17764030897306962
5328,0.2560555555555555,0,1,0,134616,470994,6215,101741,4.362833006039498,0.17764061913450374
5329,0.2560714285714285,0,1,0,134617,470993,6215,101741,4.36282374300641,0.17764092929702097
5330,0.2560833333333333,0,1,0,134618,470992,6215,101741,4.362814479973323,0.17764123946062127
5331,0.2561428571428571,1,0,1,134618,470992,6216,101740,4.362814479973323,0.17763980360797021
5332,0.2561666666666666,0,14,0,134632,470978,6216,101740,4.362684797510097,0.17764414598458578
5333,0.2561904761904762,0,3,0,134635,470975,6216,101740,4.362657008410834,0.177645076521481
5334,0.2562380952380952,0,1,0,134636,470974,6216,101740,4.362647745377746,0.17764538670261248
5335,0.25625,1,9,1,134645,470965,6217,101739,4.362564378079958,0.17764674247080517
5336,0.2562857142857143,0,1,0,134646,470964,6217,101739,4.362555115046871,0.17764705266080325
5337,0.2563095238095238,0,1,0,134647,470963,6217,101739,4.362545852013783,0.17764736285188457
5338,0.2563333333333333,1,26,1,134673,470937,6218,101738,4.362305013153507,0.17765399222944953
5339,0.2563809523809524,1,2,1,134675,470935,6219,101737,4.3622864870873315,0.17765317668752795
5340,0.2563888888888889,0,1,0,134676,470934,6219,101737,4.362277224054244,0.17765348690609442
5341,0.2564285714285714,0,5,0,134681,470929,6219,101737,4.362230908888806,0.17765503801517812
5342,0.2564393939393939,0,2,0,134683,470927,6219,101737,4.362212382822632,0.17765565846639567
5343,0.2565,3,18,3,134701,470909,6222,101734,4.362045648227055,0.1776569345997419
5344,0.2565043290043289,0,2,0,134703,470907,6222,101734,4.36202712216088,0.1776575550825037
5345,0.2565367965367965,0,1,0,134704,470906,6222,101734,4.362017859127793,0.17765786532550992
5346,0.256547619047619,1,2,1,134706,470904,6223,101733,4.361999333061617,0.17765704975403265
5347,0.2565555555555556,1,0,1,134706,470904,6224,101732,4.361999333061617,0.17765561368827668
5348,0.2566190476190476,0,1,0,134707,470903,6224,101732,4.36199007002853,0.1776559239306015
5349,0.2566666666666666,41,634,41,135341,470269,6265,101691,4.35611730705102,0.17779390167144554
5350,0.2566666666666667,1,3,1,135344,470266,6266,101690,4.356089517951758,0.17779339669485064
5351,0.2566785714285714,0,2,0,135346,470264,6266,101690,4.356070991885583,0.17779401840008113
5352,0.2567142857142857,2,3,2,135349,470261,6268,101688,4.356043202786321,0.1777920758669042
5353,0.2567261904761905,0,1,0,135350,470260,6268,101688,4.356033939753233,0.1777923867204711
5354,0.2567420634920635,0,1,0,135351,470259,6268,101688,4.356024676720145,0.17779269757512497
5355,0.25675,0,1,0,135352,470258,6268,101688,4.356015413687057,0.17779300843086585
5356,0.2567619047619047,0,2,0,135354,470256,6268,101688,4.355996887620883,0.17779363014560867
5357,0.2567777777777777,0,1,0,135355,470255,6268,101688,4.355987624587795,0.1777939410046106
5358,0.2567857142857143,1,2,1,135357,470253,6269,101687,4.35596909852162,0.17779312515298806
5359,0.2568333333333333,2,17,2,135374,470236,6271,101685,4.355811626959132,0.17779553469797402
5360,0.2568636363636364,0,2,0,135376,470234,6271,101685,4.3557931008929565,0.17779615644872787
5361,0.2569047619047619,0,1,0,135377,470233,6271,101685,4.355783837859869,0.1777964673257355
5362,0.2569166666666667,0,5,0,135382,470228,6271,101685,4.355737522694431,0.17779802172708087
5363,0.2569444444444444,0,1,0,135383,470227,6271,101685,4.355728259661343,0.17779833261061143
5364,0.2569761904761904,0,2,0,135385,470225,6271,101685,4.355709733595169,0.17779895438093407
5365,0.2569999999999999,0,1,0,135386,470224,6271,101685,4.3557004705620805,0.17779926526772616
5366,0.257,4,46,4,135432,470178,6275,101681,4.355274371040053,0.17780781626240036
5367,0.2570238095238095,0,1,0,135433,470177,6275,101681,4.355265108006966,0.1778081271924149
5368,0.2570476190476191,0,1,0,135434,470176,6275,101681,4.355255844973878,0.1778084381235169
5369,0.2570833333333333,0,7,0,135441,470169,6275,101681,4.355191003742266,0.17781061467167963
5370,0.2570873015873016,0,1,0,135442,470168,6275,101681,4.3551817407091775,0.17781092561148135
5371,0.2570952380952381,0,1,0,135443,470167,6275,101681,4.35517247767609,0.17781123655237055
5372,0.2571190476190476,0,3,0,135446,470164,6275,101681,4.355144688576828,0.1778121693815632
5373,0.2571428571428572,2,15,2,135461,470149,6277,101679,4.355005743080515,0.17781395804332772
5374,0.2571666666666666,0,9,0,135470,470140,6277,101679,4.354922375782726,0.17781675670098404
5375,0.2571666666666667,1,10,1,135480,470130,6278,101678,4.354829745451851,0.17781842856343388
5376,0.2571904761904762,0,1,0,135481,470129,6278,101678,4.354820482418763,0.1778187395397398
5377,0.2572222222222222,0,5,0,135486,470124,6278,101678,4.354774167253326,0.17782029443758504
5378,0.2572619047619047,0,2,0,135488,470122,6278,101678,4.35475564118715,0.17782091640433717
5379,0.2573333333333333,3,50,3,135538,470072,6281,101675,4.354292489532773,0.1778321530327225
5380,0.2573809523809524,1,4,1,135542,470068,6282,101674,4.354255437400423,0.17783195917039504
5381,0.2574285714285714,1,1,1,135543,470067,6283,101673,4.354246174367335,0.17783083219645293
5382,0.2574642857142856,0,1,0,135544,470066,6283,101673,4.354236911334247,0.17783114323143953
5383,0.2574999999999999,1,8,1,135552,470058,6284,101672,4.354162807069547,0.1778321935179193
5384,0.2575,24,362,24,135914,469696,6308,101648,4.350809589091853,0.17791033072894788
5385,0.2575238095238095,0,4,0,135918,469692,6308,101648,4.350772536959502,0.1779115762943256
5386,0.2575595238095238,0,1,0,135919,469691,6308,101648,4.350763273926415,0.17791188768839516
5387,0.2576190476190476,0,3,0,135922,469688,6308,101648,4.350735484827152,0.1779128218771441
5388,0.2576666666666666,0,8,0,135930,469680,6308,101648,4.350661380562451,0.17791531309510475
5389,0.2576666666666667,3,11,3,135941,469669,6311,101645,4.350559487198488,0.17791442184157924
5390,0.2576984126984127,0,1,0,135942,469668,6311,101645,4.350550224165401,0.17791473325480078
5391,0.2577142857142857,0,2,0,135944,469666,6311,101645,4.350531698099226,0.1779153560845144
5392,0.2577142857142858,0,1,0,135945,469665,6311,101645,4.3505224350661384,0.17791566750100646
5393,0.2577380952380952,1,1,1,135946,469664,6312,101644,4.35051317203305,0.17791453996793324
5394,0.2577619047619047,0,1,0,135947,469663,6312,101644,4.350503908999963,0.1779148513846321
5395,0.2577777777777778,1,1,1,135948,469662,6313,101643,4.350494645966875,0.177913723842781
5396,0.257797619047619,0,1,0,135949,469661,6313,101643,4.350485382933788,0.1779140352596866
5397,0.2578095238095237,0,2,0,135951,469659,6313,101643,4.350466856867612,0.17791465809676843
5398,0.2578095238095238,0,1,0,135952,469658,6313,101643,4.350457593834525,0.17791496951694466
5399,0.2578333333333333,1,12,1,135964,469646,6314,101642,4.350346437437475,0.17791726764784138
5400,0.2578571428571428,1,4,1,135968,469642,6315,101641,4.350309385305124,0.17791707437469695
5401,0.2578809523809523,1,4,1,135972,469638,6316,101640,4.350272333172774,0.17791688109816936
5402,0.2579166666666667,0,1,0,135973,469637,6316,101640,4.350263070139687,0.17791719253531998
5403,0.2579285714285714,0,1,0,135974,469636,6316,101640,4.350253807106599,0.17791750397356093
5404,0.2579545454545455,0,1,0,135975,469635,6316,101640,4.350244544073512,0.17791781541289223
5405,0.2579999999999999,0,2,0,135977,469633,6316,101640,4.350226018007336,0.17791843829482576
5406,0.258,5,81,5,136058,469552,6321,101635,4.349475712327244,0.17793647264381018
5407,0.258095238095238,0,1,0,136059,469551,6321,101635,4.349466449294157,0.177936784164878
5408,0.2580952380952381,2,1,2,136060,469550,6323,101633,4.349457186261069,0.17793421722985453
5409,0.2581666666666666,0,9,0,136069,469541,6323,101633,4.349373818963281,0.17793702094283004
5410,0.2581904761904762,0,1,0,136070,469540,6323,101633,4.349364555930194,0.17793733247194807
5411,0.2582142857142857,0,8,0,136078,469532,6323,101633,4.349290451665493,0.17793982474416326
5412,0.2582460317460316,0,1,0,136079,469531,6323,101633,4.349281188632406,0.17794013628309907
5413,0.2582619047619048,0,2,0,136081,469529,6323,101633,4.349262662566231,0.17794075936424342
5414,0.2582857142857143,0,1,0,136082,469528,6323,101633,4.3492533995331435,0.17794107090645195
5415,0.2583333333333333,26,418,26,136500,469110,6349,101607,4.345381451702545,0.1780339467722181
5416,0.2584166666666667,0,1,0,136501,469109,6349,101607,4.345372188669458,0.17803425872062462
5417,0.2584444444444445,0,1,0,136502,469108,6349,101607,4.34536292563637,0.17803457067012432
5418,0.2584523809523809,0,1,0,136503,469107,6349,101607,4.345353662603283,0.1780348826207172
5419,0.2584999999999999,0,2,0,136505,469105,6349,101607,4.345335136537107,0.17803550652518257
5420,0.2585,2,23,2,136528,469082,6351,101605,4.345122086776094,0.17803980115194493
5421,0.2585238095238095,0,3,0,136531,469079,6351,101605,4.345094297676831,0.1780407370804158
5422,0.2585714285714285,0,3,0,136534,469076,6351,101605,4.345066508577569,0.17804167301872675
5423,0.2585833333333333,0,1,0,136535,469075,6351,101605,4.345057245544481,0.17804198500035046
5424,0.258611111111111,0,2,0,136537,469073,6351,101605,4.345038719478306,0.17804260896687799
5425,0.2586190476190476,0,1,0,136538,469072,6351,101605,4.345029456445219,0.17804292095178184
5426,0.2586363636363636,0,1,0,136539,469071,6351,101605,4.345020193412131,0.17804323293777904
5427,0.2586666666666666,3,39,3,136578,469032,6354,101602,4.344658935121716,0.17805108002677725
5428,0.2586666666666667,0,1,0,136579,469031,6354,101602,4.344649672088629,0.17805139205058243
5429,0.2586904761904761,0,2,0,136581,469029,6354,101602,4.344631146022453,0.17805201610147364
5430,0.2586904761904762,0,4,0,136585,469025,6354,101602,4.3445940938901035,0.17805326421637951
5431,0.25875,1,7,1,136592,469018,6355,101601,4.34452925265849,0.17805400801585647
5432,0.2587857142857143,0,1,0,136593,469017,6355,101601,4.344519989625403,0.17805432005299518
5433,0.2588095238095238,1,0,1,136593,469017,6356,101600,4.344519989625403,0.1780528796022551
5434,0.2588333333333333,2,13,2,136606,469004,6358,101598,4.3443995701952645,0.17805405519083353
5435,0.2588571428571428,0,3,0,136609,469001,6358,101598,4.344371781096002,0.17805499133366864
5436,0.2588809523809524,0,1,0,136610,469000,6358,101598,4.344362518062915,0.17805530338346787
5437,0.2588888888888889,0,1,0,136611,468999,6358,101598,4.344353255029827,0.17805561543436085
5438,0.2589285714285714,0,1,0,136612,468998,6358,101598,4.344343991996739,0.1780559274863476
5439,0.2589999999999999,0,2,0,136614,468996,6358,101598,4.344325465930564,0.17805655159360245
5440,0.259,5,64,5,136678,468932,6363,101593,4.343732631812961,0.17806932211559529
5441,0.259047619047619,0,3,0,136681,468929,6363,101593,4.343704842713699,0.1780702584650548
5442,0.2590476190476191,0,4,0,136685,468925,6363,101593,4.343667790581348,0.17807150694631896
5443,0.2590952380952381,0,1,0,136686,468924,6363,101593,4.343658527548261,0.17807181906937042
5444,0.2591428571428571,0,1,0,136687,468923,6363,101593,4.3436492645151725,0.17807213119351606
5445,0.2591547619047619,1,0,1,136687,468923,6364,101592,4.3436492645151725,0.1780706905164632
5446,0.2591666666666666,13,131,13,136818,468792,6377,101579,4.342435807180704,0.1780928553520428
5447,0.2591904761904762,0,2,0,136820,468790,6377,101579,4.342417281114528,0.17809347983498403
5448,0.2592041847041847,0,2,0,136822,468788,6377,101579,4.342398755048353,0.17809410432230477
5449,0.2592380952380952,1,0,1,136822,468788,6378,101578,4.342398755048353,0.17809266330742016
5450,0.25925,0,1,0,136823,468787,6378,101578,4.342389492015266,0.17809297555074383
5451,0.2592857142857143,0,15,0,136838,468772,6378,101578,4.342250546518952,0.17809765933198912
5452,0.2593333333333333,2,51,2,136889,468721,6380,101576,4.341778131831487,0.1781107037210436
5453,0.2593452380952381,0,1,0,136890,468720,6380,101576,4.3417688687983995,0.17811101603377896
5454,0.2593708513708513,0,1,0,136891,468719,6380,101576,4.341759605765311,0.17811132834760957
5455,0.2594047619047619,0,2,0,136893,468717,6380,101576,4.341741079699137,0.17811195297855664
5456,0.2594444444444444,0,1,0,136894,468716,6380,101576,4.341731816666049,0.1781122652956731
5457,0.259469696969697,0,1,0,136895,468715,6380,101576,4.341722553632962,0.17811257761388485
5458,0.2595,0,7,0,136902,468708,6380,101576,4.341657712401349,0.17811476387203568
5459,0.2595238095238095,1,8,1,136910,468700,6381,101575,4.341583608136649,0.1781158213142782
5460,0.2595714285714285,1,2,1,136912,468698,6382,101574,4.341565082070473,0.17811500476965378
5461,0.2595753968253968,0,1,0,136913,468697,6382,101574,4.341555819037386,0.17811531710362266
5462,0.2595833333333333,1,5,1,136918,468692,6383,101573,4.341509503871948,0.178115437559731
5463,0.2596428571428572,0,1,0,136919,468691,6383,101573,4.34150024083886,0.1781157498982927
5464,0.2596547619047619,0,3,0,136922,468688,6383,101573,4.341472451739597,0.1781166869205504
5465,0.2596666666666666,1,6,1,136928,468682,6384,101572,4.341416873541072,0.1781171197396248
5466,0.2596666666666667,2,10,2,136938,468672,6386,101570,4.341324243210197,0.1781173606994925
5467,0.2597222222222222,0,1,0,136939,468671,6386,101570,4.341314980177109,0.17811767305402454
5468,0.25975,0,1,0,136940,468670,6386,101570,4.341305717144022,0.17811798540965207
5469,0.2597619047619047,0,2,0,136942,468668,6386,101570,4.341287191077846,0.17811861012419375
5470,0.2597619047619048,1,0,1,136942,468668,6387,101569,4.341287191077846,0.17811716882629502
5471,0.2597777777777777,0,1,0,136943,468667,6387,101569,4.341277928044759,0.1781174811832294
5472,0.2598095238095238,0,1,0,136944,468666,6387,101569,4.341268665011672,0.1781177935412593
5473,0.2598333333333333,0,17,0,136961,468649,6387,101569,4.341111193449183,0.17812310379539054
5474,0.2599285714285714,0,1,0,136962,468648,6387,101569,4.341101930416095,0.1781234161731411
5475,0.2599999999999999,4,38,4,137000,468610,6391,101565,4.340749935158768,0.17812952163809356
5476,0.26,220,3599,220,140599,465011,6611,101345,4.307412279076661,0.17894222008771868
5477,0.2600238095238095,0,1,0,140600,465010,6611,101345,4.3074030160435735,0.17894253604188187
5478,0.2600476190476191,0,3,0,140603,465007,6611,101345,4.307375226944311,0.1789434839110659
5479,0.2600555555555555,0,1,0,140604,465006,6611,101345,4.307365963911223,0.1789437998696921
5480,0.2600833333333333,0,2,0,140606,465004,6611,101345,4.307347437845048,0.17894443179029185
5481,0.2601071428571428,1,2,1,140608,465002,6612,101344,4.307328911778873,0.17894361397449615
5482,0.260111111111111,0,1,0,140609,465001,6612,101344,4.307319648745786,0.17894392993669936
5483,0.2601147741147741,0,1,0,140610,465000,6612,101344,4.3073103857126975,0.17894424590001837
5484,0.2601428571428571,0,1,0,140611,464999,6612,101344,4.30730112267961,0.17894456186445318
5485,0.2601590909090909,0,1,0,140612,464998,6612,101344,4.307291859646523,0.1789448778300038
5486,0.2601666666666666,0,12,0,140624,464986,6612,101344,4.307180703249472,0.1789486695036463
5487,0.2601666666666667,1,6,1,140630,464980,6613,101343,4.307125125050947,0.17894911561070273
5488,0.2601904761904761,0,1,0,140631,464979,6613,101343,4.307115862017859,0.17894943159545276
5489,0.2602142857142857,0,3,0,140634,464976,6613,101343,4.307088072918597,0.17895037955639842
5490,0.2602380952380952,0,2,0,140636,464974,6613,101343,4.307069546852421,0.1789510115359419
5491,0.26025,0,1,0,140637,464973,6613,101343,4.307060283819334,0.17895132752738754
5492,0.2602619047619047,0,3,0,140640,464970,6613,101343,4.3070324947200715,0.17895227550842024
5493,0.2602738095238096,0,2,0,140642,464968,6613,101343,4.307013968653896,0.17895290750135526
5494,0.2602777777777778,0,2,0,140644,464966,6613,101343,4.306995442587721,0.17895353949875423
5495,0.2602857142857143,0,1,0,140645,464965,6613,101343,4.306986179554634,0.17895385549912768
5496,0.2603333333333333,3,25,3,140670,464940,6616,101340,4.306754603727445,0.1789574062301335
5497,0.2603571428571428,0,3,0,140673,464937,6616,101340,4.306726814628182,0.17895835430363585
5498,0.2603571428571429,0,1,0,140674,464936,6616,101340,4.306717551595094,0.17895867033036894
5499,0.2603585858585859,0,1,0,140675,464935,6616,101340,4.306708288562007,0.1789589863582182
5500,0.2603650793650793,1,1,1,140676,464934,6617,101339,4.3066990255289195,0.178957852484579
5501,0.2603809523809524,0,2,0,140678,464932,6617,101339,4.306680499462744,0.17895848454185365
5502,0.2604166666666666,0,2,0,140680,464930,6617,101339,4.306661973396569,0.17895911660359298
5503,0.2604523809523809,0,3,0,140683,464927,6617,101339,4.306634184297306,0.17896006470457346
5504,0.2604761904761904,1,0,1,140683,464927,6618,101338,4.306634184297306,0.17895861478283137
5505,0.2604761904761905,0,3,0,140686,464924,6618,101338,4.306606395198044,0.1789595628878505
5506,0.2604999999999999,0,2,0,140688,464922,6618,101338,4.306587869131868,0.17896019496344434
5507,0.2605,4,11,4,140699,464911,6622,101334,4.306485975767905,0.17895787159268514
5508,0.2605555555555556,0,1,0,140700,464910,6622,101334,4.306476712734818,0.1789581876364253
5509,0.2605952380952381,0,1,0,140701,464909,6622,101334,4.306467449701731,0.17895850368128172
5510,0.2606114528746108,0,6,0,140707,464903,6622,101334,4.306411871503205,0.17896039997386254
5511,0.2606428571428572,0,1,0,140708,464902,6622,101334,4.306402608470117,0.1789607160265331
5512,0.2606666666666666,1,41,1,140749,464861,6623,101333,4.306022824113528,0.17897222506773297
5513,0.2606666666666667,1,5,1,140754,464856,6624,101332,4.30597650894809,0.17897235547203402
5514,0.2607142857142857,0,6,0,140760,464850,6624,101332,4.305920930749565,0.1789742520956159
5515,0.2607222222222222,0,1,0,140761,464849,6624,101332,4.305911667716477,0.17897456820345437
5516,0.2608333333333333,7,123,7,140884,464726,6631,101325,4.304772314646708,0.17900330535587783
5517,0.2608809523809524,0,2,0,140886,464724,6631,101325,4.304753788580533,0.17900393782163734
5518,0.2608928571428571,0,1,0,140887,464723,6631,101325,4.304744525547445,0.1790042540561931
5519,0.2609166666666666,0,1,0,140888,464722,6631,101325,4.304735262514358,0.17900457029186623
5520,0.2609166666666667,0,2,0,140890,464720,6631,101325,4.304716736448182,0.1790052027665645
5521,0.2609285714285714,0,1,0,140891,464719,6631,101325,4.304707473415095,0.17900551900558967
5522,0.2609523809523809,1,5,1,140896,464714,6632,101324,4.304661158249657,0.17900564979736341
5523,0.2609999999999999,2,5,2,140901,464709,6634,101322,4.304614843084219,0.1790043301515288
5524,0.261,4,57,4,140958,464652,6638,101318,4.304086850198229,0.17901655564782587
5525,0.2610714285714285,0,1,0,140959,464651,6638,101318,4.304077587165142,0.179016871948817
5526,0.2611082251082251,0,1,0,140960,464650,6638,101318,4.304068324132054,0.17901718825092586
5527,0.2611111111111111,0,2,0,140962,464648,6638,101318,4.304049798065878,0.1790178208584968
5528,0.2611666666666666,1,8,1,140970,464640,6639,101317,4.303975693801179,0.17901890072920734
5529,0.2611666666666667,0,1,0,140971,464639,6639,101317,4.3039664307680905,0.17901921704160748
5530,0.2611904761904762,1,2,1,140973,464637,6640,101316,4.303947904701916,0.17901839905433845
5531,0.26125,0,5,0,140978,464632,6640,101316,4.303901589536478,0.17901998063426322
5532,0.2612619047619047,1,1,1,140979,464631,6641,101315,4.30389232650339,0.1790188463210271
5533,0.2613333333333333,5,24,5,141003,464607,6646,101310,4.303670013709289,0.17901918479211615
5534,0.2613809523809524,0,1,0,141004,464606,6646,101310,4.303660750676201,0.1790195011273758
5535,0.2614285714285714,3,8,3,141012,464598,6649,101307,4.303586646411501,0.17901767964587695
5536,0.2614682539682539,0,1,0,141013,464597,6649,101307,4.303577383378413,0.17901799598518478
5537,0.2614999999999999,0,1,0,141014,464596,6649,101307,4.303568120345326,0.17901831232561058
5538,0.2615,3,27,3,141041,464569,6652,101304,4.303318018451962,0.17902250151535767
5539,0.2615238095238095,0,1,0,141042,464568,6652,101304,4.3033087554188745,0.17902281788107557
5540,0.261547619047619,0,1,0,141043,464567,6652,101304,4.303299492385787,0.17902313424791164
5541,0.2616082251082251,0,1,0,141044,464566,6652,101304,4.303290229352699,0.17902345061586583
5542,0.2616309523809524,0,1,0,141045,464565,6652,101304,4.303280966319612,0.17902376698493822
5543,0.2616428571428571,0,2,0,141047,464563,6652,101304,4.3032624402534365,0.1790243997264375
5544,0.2616666666666666,21,392,21,141439,464171,6673,101283,4.299631331283115,0.17911801844181843
5545,0.2616666666666667,0,3,0,141442,464168,6673,101283,4.299603542183853,0.17911896875237643
5546,0.2617142857142857,0,1,0,141443,464167,6673,101283,4.2995942791507655,0.17911928552480325
5547,0.2617857142857143,0,3,0,141446,464164,6673,101283,4.299566490051502,0.17912023584880635
5548,0.2618333333333333,3,14,3,141460,464150,6676,101280,4.299436807588276,0.17912031551208815
5549,0.2618571428571428,0,2,0,141462,464148,6676,101280,4.299418281522102,0.1791209490863558
5550,0.2618701298701298,0,1,0,141463,464147,6676,101280,4.299409018489014,0.17912126587517044
5551,0.2619047619047619,0,2,0,141465,464145,6676,101280,4.299390492422839,0.1791218994561613
5552,0.2619166666666666,0,1,0,141466,464144,6676,101280,4.299381229389751,0.17912221624833752
5553,0.2619444444444445,0,2,0,141468,464142,6676,101280,4.299362703323577,0.17912284983605165
5554,0.2619545454545454,0,1,0,141469,464141,6676,101280,4.2993534402904885,0.17912316663158956
5555,0.2619621212121212,1,0,1,141469,464141,6677,101279,4.2993534402904885,0.17912171483145273
5556,0.2619642857142857,0,1,0,141470,464140,6677,101279,4.299344177257401,0.17912203162610382
5557,0.2619999999999999,0,4,0,141474,464136,6677,101279,4.2993071251250505,0.17912329881591396
5558,0.262,7,81,7,141555,464055,6684,101272,4.2985568194449595,0.17913879931437912
5559,0.2620238095238095,0,3,0,141558,464052,6684,101272,4.298529030345696,0.179139749948702
5560,0.2620833333333333,1,0,1,141558,464052,6685,101271,4.298529030345696,0.17913829792879468
5561,0.2621111111111111,0,4,0,141562,464048,6685,101271,4.298491978213346,0.17913956544888815
5562,0.2621428571428572,0,9,0,141571,464039,6685,101271,4.298408610915558,0.17914241743468184
5563,0.2621666666666666,2,12,2,141583,464027,6687,101269,4.298297454518508,0.17914331606804224
5564,0.2622142857142857,0,1,0,141584,464026,6687,101269,4.29828819148542,0.17914363297039598
5565,0.2622222222222222,0,2,0,141586,464024,6687,101269,4.2982696654192445,0.1791442667784671
5566,0.2622380952380952,0,1,0,141587,464023,6687,101269,4.298260402386157,0.17914458368418446
5567,0.2622619047619047,1,1,1,141588,464022,6688,101268,4.29825113935307,0.17914344849546252
5568,0.2622857142857143,1,0,1,141588,464022,6689,101267,4.29825113935307,0.17914199639476444
5569,0.262297619047619,0,2,0,141590,464020,6689,101267,4.298232613286895,0.1791426302037726
5570,0.2623333333333332,0,1,0,141591,464019,6689,101267,4.298223350253807,0.1791429471099585
5571,0.2623333333333333,6,34,6,141625,463985,6695,101261,4.29790840712883,0.17914500942952272
5572,0.2623571428571428,0,2,0,141627,463983,6695,101261,4.297889881062655,0.17914564329740784
5573,0.2623809523809524,0,5,0,141632,463978,6695,101261,4.297843565897217,0.17914722798674543
5574,0.2624285714285714,0,1,0,141633,463977,6695,101261,4.29783430286413,0.17914754492797724
5575,0.2624404761904761,0,1,0,141634,463976,6695,101261,4.297825039831042,0.1791478618703305
5576,0.2624696969696969,0,1,0,141635,463975,6695,101261,4.297815776797955,0.1791481788138052
5577,0.2624999999999999,0,11,0,141646,463964,6695,101261,4.297713883433992,0.1791516652660445
5578,0.2625,29,347,29,141993,463617,6724,101232,4.29449961095261,0.17921957903793756
5579,0.2625714285714285,0,1,0,141994,463616,6724,101232,4.294490347919523,0.17921989632609125
5580,0.262595238095238,0,1,0,141995,463615,6724,101232,4.294481084886435,0.1792202136153684
5581,0.2626190476190476,0,6,0,142001,463609,6724,101232,4.29442550668791,0.179222117374624
5582,0.2626269841269841,0,2,0,142003,463607,6724,101232,4.294406980621734,0.1792227519700304
5583,0.2626581196581196,0,1,0,142004,463606,6724,101232,4.294397717588647,0.17922306926941883
5584,0.2626666666666666,3,27,3,142031,463579,6727,101229,4.294147615695283,0.1792272772340335
5585,0.2626666666666667,1,21,1,142052,463558,6728,101228,4.293953092000445,0.17923248805742353
5586,0.2627142857142857,0,2,0,142054,463556,6728,101228,4.293934565934269,0.17923312275135272
5587,0.2627777777777778,0,1,0,142055,463555,6728,101228,4.293925302901182,0.179233440100003
5588,0.2627857142857143,0,1,0,142056,463554,6728,101228,4.293916039868094,0.17923375744977707
5589,0.2628095238095238,0,1,0,142057,463553,6728,101228,4.293906776835007,0.17923407480067496
5590,0.2628333333333333,1,10,1,142067,463543,6729,101227,4.293814146504132,0.17923579510243107
5591,0.2628571428571428,0,18,0,142085,463525,6729,101227,4.293647411908555,0.1792415077768649
5592,0.2628571428571429,0,1,0,142086,463524,6729,101227,4.293638148875468,0.1792418251583441
5593,0.2629166666666666,0,4,0,142090,463520,6729,101227,4.293601096743117,0.17924309469550082
5594,0.2629166666666667,0,3,0,142093,463517,6729,101227,4.293573307643855,0.17924404686017026
5595,0.2629444444444444,0,1,0,142094,463516,6729,101227,4.2935640446107675,0.17924436425064144
5596,0.2629523809523809,0,2,0,142096,463514,6729,101227,4.293545518544592,0.17924499903495586
5597,0.2629761904761904,0,1,0,142097,463513,6729,101227,4.293536255511505,0.1792453164287991
5598,0.2629862637362636,0,1,0,142098,463512,6729,101227,4.293526992478417,0.17924563382376638
5599,0.263,6,54,6,142152,463458,6735,101221,4.293026788691689,0.1792540540731991
5600,0.2630555555555555,0,1,0,142153,463457,6735,101221,4.293017525658602,0.17925437151792703
5601,0.2630555555555556,0,1,0,142154,463456,6735,101221,4.293008262625514,0.1792546889637793
5602,0.2630833333333333,0,2,0,142156,463454,6735,101221,4.292989736559339,0.17925532385885687
5603,0.2630952380952381,0,3,0,142159,463451,6735,101221,4.292961947460077,0.17925627620990592
5604,0.2631388888888889,0,1,0,142160,463450,6735,101221,4.2929526844269885,0.17925659366250435
5605,0.2631428571428571,0,1,0,142161,463449,6735,101221,4.292943421393901,0.17925691111622719
5606,0.2631666666666666,1,16,1,142177,463433,6736,101220,4.2927952128645,0.17926053700237138
5607,0.2631666666666667,0,1,0,142178,463432,6736,101220,4.292785949831413,0.17926085447319764
5608,0.2631904761904762,0,1,0,142179,463431,6736,101220,4.292776686798325,0.17926117194514843
5609,0.2632142857142857,0,5,0,142184,463426,6736,101220,4.292730371632888,0.17926275932176974
5610,0.2633095238095238,0,2,0,142186,463424,6736,101220,4.292711845566712,0.1792633942802899
5611,0.263313492063492,0,1,0,142187,463423,6736,101220,4.292702582533625,0.17926371176123673
5612,0.2633333333333333,57,716,57,142903,462707,6793,101163,4.286070250842936,0.17940837427066522
5613,0.2633333333333334,0,2,0,142905,462705,6793,101163,4.286051724776761,0.1794090106195067
5614,0.2633809523809524,0,2,0,142907,462703,6793,101163,4.2860331987105855,0.17940964697286235
5615,0.2634285714285714,0,1,0,142908,462702,6793,101163,4.286023935677498,0.179409965151233
5616,0.2634404761904761,2,4,2,142912,462698,6795,101161,4.2859868835451485,0.17940832725911973
5617,0.2634523809523809,0,2,0,142914,462696,6795,101161,4.285968357478973,0.17940896362020867
5618,0.2634761904761904,0,1,0,142915,462695,6795,101161,4.285959094445885,0.179409281802446
5619,0.2634761904761905,0,1,0,142916,462694,6795,101161,4.285949831412798,0.17940959998581196
5620,0.2634999999999999,0,5,0,142921,462689,6795,101161,4.28590351624736,0.1794111909195708
5621,0.2635,1,24,1,142945,462665,6796,101160,4.285681203453259,0.17941737241165256
5622,0.2635714285714285,1,5,1,142950,462660,6797,101159,4.285634888287821,0.17941750810100404
5623,0.2635833333333333,1,2,1,142952,462658,6798,101158,4.285616362221646,0.17941668913262482
5624,0.2636190476190476,0,1,0,142953,462657,6798,101158,4.285607099188558,0.17941700735170224
5625,0.2636212121212121,0,1,0,142954,462656,6798,101158,4.285597836155471,0.17941732557190845
5626,0.2636666666666666,1,24,1,142978,462632,6799,101157,4.2853755233613695,0.17942350773072904
5627,0.2636666666666667,0,1,0,142979,462631,6799,101157,4.285366260328282,0.17942382597714035
5628,0.2636904761904762,0,4,0,142983,462627,6799,101157,4.2853292081959315,0.1794250989740752
5629,0.2637103174603175,0,1,0,142984,462626,6799,101157,4.285319945162844,0.17942541722613134
5630,0.2637222222222222,0,1,0,142985,462625,6799,101157,4.285310682129756,0.17942573547931648
5631,0.26375,1,8,1,142993,462617,6800,101156,4.2852365778650565,0.17942682604523452
5632,0.2638095238095237,0,2,0,142995,462615,6800,101156,4.285218051798881,0.1794274625690218
5633,0.2638095238095238,0,1,0,142996,462614,6800,101156,4.285208788765793,0.17942778083260905
5634,0.2638311688311687,1,1,1,142997,462613,6801,101155,4.285199525732706,0.17942664358388558
5635,0.2638333333333333,0,7,0,143004,462606,6801,101155,4.285134684501093,0.1794288714543929
5636,0.2638571428571429,0,1,0,143005,462605,6801,101155,4.285125421468005,0.1794291897261246
5637,0.2638682983682983,0,1,0,143006,462604,6801,101155,4.285116158434918,0.17942950799898538
5638,0.2638888888888889,0,1,0,143007,462603,6801,101155,4.285106895401831,0.1794298262729753
5639,0.2639087301587302,0,1,0,143008,462602,6801,101155,4.285097632368743,0.1794301445480943
5640,0.2639285714285714,0,2,0,143010,462600,6801,101155,4.285079106302567,0.17943078110171973
5641,0.2639999999999999,0,1,0,143011,462599,6801,101155,4.28506984326948,0.17943109938022614
5642,0.264,12,131,12,143142,462468,6813,101143,4.28385638593501,0.1794553335545261
5643,0.2640238095238095,1,0,1,143142,462468,6814,101142,4.28385638593501,0.1794538776813754
5644,0.264047619047619,0,4,0,143146,462464,6814,101142,4.2838193338026604,0.1794551512936342
5645,0.2640476190476191,0,1,0,143147,462463,6814,101142,4.283810070769573,0.1794554696995236
5646,0.2640833333333333,0,3,0,143150,462460,6814,101142,4.28378228167031,0.17945642492397118
5647,0.2640909090909091,0,2,0,143152,462458,6814,101142,4.283763755604135,0.1794570617459191
5648,0.2641428571428571,0,1,0,143153,462457,6814,101142,4.283754492571047,0.17945738015858792
5649,0.2641666666666666,3,133,3,143286,462324,6817,101139,4.282522509170403,0.1794953705922128
5650,0.2642222222222222,0,2,0,143288,462322,6817,101139,4.2825039831042275,0.17949600770949542
5651,0.2642619047619047,0,1,0,143289,462321,6817,101139,4.28249472007114,0.1794963262698328
5652,0.2642857142857143,1,14,1,143303,462307,6818,101138,4.2823650376079145,0.17949933001446458
5653,0.2643333333333333,2,38,2,143341,462269,6820,101136,4.282013042350587,0.1795085240635067
5654,0.2643506493506493,0,1,0,143342,462268,6820,101136,4.2820037793175,0.17950884267772327
5655,0.2643809523809524,0,1,0,143343,462267,6820,101136,4.281994516284412,0.17950916129307085
5656,0.2644285714285714,0,1,0,143344,462266,6820,101136,4.2819852532513245,0.1795094799095495
5657,0.2644444444444444,0,2,0,143346,462264,6820,101136,4.281966727185149,0.1795101171458999
5658,0.2644523809523809,0,1,0,143347,462263,6820,101136,4.281957464152062,0.1795104357657717
5659,0.2644999999999999,1,1,1,143348,462262,6821,101135,4.281948201118975,0.17950929806158003
5660,0.2645,2,12,2,143360,462250,6823,101133,4.281837044721923,0.17951020886324223
5661,0.2645238095238095,0,1,0,143361,462249,6823,101133,4.281827781688836,0.17951052749289115
5662,0.2645454545454545,0,1,0,143362,462248,6823,101133,4.281818518655749,0.17951084612367119
5663,0.2645555555555555,1,1,1,143363,462247,6824,101132,4.281809255622661,0.17950970838458657
5664,0.2645833333333333,0,3,0,143366,462244,6824,101132,4.281781466523398,0.17951066428104853
5665,0.2645873015873016,0,1,0,143367,462243,6824,101132,4.281772203490311,0.17951098291546483
5666,0.2646428571428571,0,1,0,143368,462242,6824,101132,4.281762940457224,0.1795113015510123
5667,0.2646428571428572,0,2,0,143370,462240,6824,101132,4.281744414391048,0.17951193882550073
5668,0.2646666666666666,1,27,1,143397,462213,6825,101131,4.281494312497684,0.17951908602914027
5669,0.2646746031746032,0,1,0,143398,462212,6825,101131,4.281485049464597,0.1795194046966058
5670,0.2647142857142857,0,1,0,143399,462211,6825,101131,4.281475786431509,0.17951972336520267
5671,0.2647222222222222,0,1,0,143400,462210,6825,101131,4.2814665233984215,0.17952004203493088
5672,0.26475,0,1,0,143401,462209,6825,101131,4.281457260365334,0.17952036070579047
5673,0.2647619047619047,1,5,1,143406,462204,6826,101130,4.281410945199896,0.17952049760887856
5674,0.2647896825396825,0,2,0,143408,462202,6826,101130,4.281392419133721,0.17952113496126618
5675,0.2648333333333333,1,16,1,143424,462186,6827,101129,4.281244210604321,0.1795247774335851
5676,0.2648571428571428,0,1,0,143425,462185,6827,101129,4.281234947571233,0.1795250961275594
5677,0.2648571428571429,0,1,0,143426,462184,6827,101129,4.281225684538145,0.1795254148226652
5678,0.2648809523809524,0,2,0,143428,462182,6827,101129,4.28120715847197,0.1795260522162713
5679,0.2649166666666667,0,1,0,143429,462181,6827,101129,4.281197895438883,0.1795263709147716
5680,0.2649999999999999,4,21,4,143450,462160,6831,101125,4.281003371744044,0.17952723754404964
5681,0.265,92,1356,92,144806,460804,6923,101033,4.268442698877321,0.1798261773432508
5682,0.2650833333333333,0,1,0,144807,460803,6923,101033,4.268433435844233,0.1798264974120562
5683,0.2651190476190476,0,3,0,144810,460800,6923,101033,4.26840564674497,0.17982745762530858
5684,0.2651666666666666,0,6,0,144816,460794,6923,101033,4.268350068546445,0.179829378082577
5685,0.2651666666666667,0,10,0,144826,460784,6923,101033,4.268257438215569,0.17983257893584567
5686,0.2651969696969697,0,1,0,144827,460783,6923,101033,4.268248175182482,0.1798328990274396
5687,0.2652142857142857,0,2,0,144829,460781,6923,101033,4.268229649116306,0.17983353921404593
5688,0.2652380952380953,0,4,0,144833,460777,6923,101033,4.2681925969839565,0.1798348196009327
5689,0.2652424242424242,0,2,0,144835,460775,6923,101033,4.268174070917781,0.17983545980121324
5690,0.26525,0,1,0,144836,460774,6923,101033,4.268164807884694,0.1798357799030628
5691,0.2652857142857143,0,2,0,144838,460772,6923,101033,4.2681462818185185,0.17983642011018058
5692,0.2653333333333333,0,40,0,144878,460732,6923,101033,4.267775760495017,0.17984922520982974
5693,0.2653571428571428,0,5,0,144883,460727,6923,101033,4.267729445329579,0.17985082597550556
5694,0.2653928571428572,0,1,0,144884,460726,6923,101033,4.267720182296491,0.17985114613206019
5695,0.2654166666666666,0,2,0,144886,460724,6923,101033,4.267701656230316,0.17985178644858899
5696,0.2654166666666667,0,2,0,144888,460722,6923,101033,4.267683130164141,0.17985242676967717
5697,0.2654523809523809,1,2,1,144890,460720,6924,101032,4.267664604097966,0.17985160711488343
5698,0.2654545454545454,0,1,0,144891,460719,6924,101032,4.267655341064878,0.17985192727738802
5699,0.2654761904761905,0,3,0,144894,460716,6924,101032,4.2676275519656155,0.17985288777174108
5700,0.2655,1,23,1,144917,460693,6925,101031,4.267414502204602,0.17985879186219567
5701,0.2655238095238095,0,2,0,144919,460691,6925,101031,4.267395976138427,0.17985943224584403
5702,0.2655324675324675,1,4,1,144923,460687,6926,101030,4.267358924006077,0.17985925296902178
5703,0.2655555555555555,0,5,0,144928,460682,6926,101030,4.267312608840639,0.17986085396074858
5704,0.2656666666666666,2,29,2,144957,460653,6928,101028,4.2670439808811,0.17986722000566158
5705,0.2656666666666667,1,3,1,144960,460650,6929,101027,4.267016191781837,0.17986672055291564
5706,0.2656937229437229,0,2,0,144962,460648,6929,101027,4.266997665715662,0.17986736101838252
5707,0.2657142857142857,3,18,3,144980,460630,6932,101024,4.266830931120086,0.1798687448144231
5708,0.2658095238095238,0,2,0,144982,460628,6932,101024,4.266812405053911,0.1798693853133257
5709,0.2658333333333333,10,117,10,145099,460511,6942,101014,4.265728630182667,0.17989225769110903
5710,0.2658571428571428,0,2,0,145101,460509,6942,101014,4.265710104116492,0.17989289842090173
5711,0.2658809523809524,0,1,0,145102,460508,6942,101014,4.2657008410834045,0.17989321878750966
5712,0.2659090909090909,0,2,0,145104,460506,6942,101014,4.265682315017229,0.17989385952414874
5713,0.2659523809523809,1,8,1,145112,460498,6943,101013,4.265608210752529,0.17989496198649715
5714,0.265952380952381,0,1,0,145113,460497,6943,101013,4.265598947719441,0.17989528236362665
5715,0.2659999999999999,0,4,0,145117,460493,6943,101013,4.265561895587091,0.17989656388355602
5716,0.266,8,122,8,145239,460371,6951,101005,4.26443180555041,0.1799239725246537
5717,0.2660659340659341,0,2,0,145241,460369,6951,101005,4.264413279484234,0.17992461353749906
5718,0.2660714285714285,0,1,0,145242,460368,6951,101005,4.264404016451147,0.17992493404563453
5719,0.2660714285714286,0,1,0,145243,460367,6951,101005,4.264394753418059,0.1799252545549119
5720,0.2660952380952381,0,1,0,145244,460366,6951,101005,4.264385490384972,0.17992557506533113
5721,0.2661111111111111,0,1,0,145245,460365,6951,101005,4.264376227351884,0.17992589557689226
5722,0.2661428571428571,1,0,1,145245,460365,6952,101004,4.264376227351884,0.1799244347300973
5723,0.2661666666666666,0,9,0,145254,460356,6952,101004,4.264292860054096,0.17992731936725095
5724,0.2661904761904761,0,2,0,145256,460354,6952,101004,4.264274333987921,0.17992796041029077
5725,0.2661904761904762,1,0,1,145256,460354,6953,101003,4.264274333987921,0.17992649953594594
5726,0.2662142857142857,0,1,0,145257,460353,6953,101003,4.264265070954833,0.17992682005714733
5727,0.26625,1,15,1,145272,460338,6954,101002,4.26412612545852,0.1799301671001532
5728,0.2662619047619047,0,1,0,145273,460337,6954,101002,4.264116862425433,0.17993048763759512
5729,0.2662619047619048,0,2,0,145275,460335,6954,101002,4.2640983363592575,0.17993112871590505
5730,0.2663095238095238,0,1,0,145276,460334,6954,101002,4.26408907332617,0.17993144925677312
5731,0.2663333333333333,3,16,3,145292,460318,6957,100999,4.263940864796769,0.1799321951767005
5732,0.2663809523809524,0,1,0,145293,460317,6957,100999,4.263931601763682,0.17993251573088956
5733,0.2664047619047618,0,1,0,145294,460316,6957,100999,4.263922338730594,0.17993283628622075
5734,0.2664188311688311,0,2,0,145296,460314,6957,100999,4.263903812664418,0.17993347740030963
5735,0.2664285714285714,1,6,1,145302,460308,6958,100998,4.263848234465893,0.17993393977616487
5736,0.2664761904761905,0,1,0,145303,460307,6958,100998,4.263838971432806,0.179934260339744
5737,0.2664999999999999,2,25,2,145328,460282,6960,100996,4.263607395605617,0.1799393526915361
5738,0.2665,0,5,0,145333,460277,6960,100996,4.263561080440179,0.17994095564903353
5739,0.2665555555555556,0,1,0,145334,460276,6960,100996,4.263551817407092,0.17994127624396014
5740,0.2665833333333333,0,3,0,145337,460273,6960,100996,4.263524028307829,0.17994223803559434
5741,0.2666190476190476,0,3,0,145340,460270,6960,100996,4.263496239208567,0.1799431998375102
5742,0.2666428571428571,1,0,1,145340,460270,6961,100995,4.263496239208567,0.17994173875085745
5743,0.2666666666666666,47,735,47,146075,459535,7008,100948,4.256687909889214,0.1801089417520246
5744,0.2666666666666667,0,3,0,146078,459532,7008,100948,4.2566601207899515,0.18010990579503283
5745,0.2667142857142857,0,1,0,146079,459531,7008,100948,4.256650857756864,0.1801102271449956
5746,0.2667261904761904,0,1,0,146080,459530,7008,100948,4.256641594723776,0.1801105484961051
5747,0.2667424242424243,0,1,0,146081,459529,7008,100948,4.256632331690689,0.1801108698483613
5748,0.2667857142857143,1,4,1,146085,459525,7009,100947,4.256595279558338,0.1801106924163919
5749,0.266797619047619,0,1,0,146086,459524,7009,100947,4.256586016525251,0.18011101377234504
5750,0.2668095238095238,0,5,0,146091,459519,7009,100947,4.256539701359813,0.18011262056931196
5751,0.2668333333333333,4,17,4,146108,459502,7013,100943,4.256382229797325,0.18011223224402037
5752,0.2668888888888888,0,2,0,146110,459500,7013,100943,4.25636370373115,0.1801128749935319
5753,0.2669047619047619,0,5,0,146115,459495,7013,100943,4.256317388565712,0.18011448188738094
5754,0.2669285714285714,1,1,1,146116,459494,7014,100942,4.256308125532624,0.18011334032788756
5755,0.2669523809523809,0,1,0,146117,459493,7014,100942,4.256298862499537,0.18011366170920803
5756,0.2669999999999999,0,1,0,146118,459492,7014,100942,4.25628959946645,0.18011398309167537
5757,0.267,2,49,2,146167,459443,7016,100940,4.255835710845159,0.18012680613080698
5758,0.2670833333333334,0,1,0,146168,459442,7016,100940,4.255826447812072,0.1801271275665528
5759,0.2671428571428571,3,13,3,146181,459429,7019,100937,4.255706028381933,0.1801269170506419
5760,0.2671428571428572,0,1,0,146182,459428,7019,100937,4.255696765348846,0.18012723849633722
5761,0.2671587301587301,0,1,0,146183,459427,7019,100937,4.255687502315758,0.18012755994317978
5762,0.2671666666666666,0,9,0,146192,459418,7019,100937,4.25560413501797,0.18013045301639138
5763,0.2671904761904762,0,2,0,146194,459416,7019,100937,4.255585608951796,0.18013109593417007
5764,0.2672142857142857,0,1,0,146195,459415,7019,100937,4.2555763459187075,0.18013141739478042
5765,0.2672222222222222,0,2,0,146197,459413,7019,100937,4.255557819852532,0.1801320603194432
5766,0.26725,0,1,0,146198,459412,7019,100937,4.255548556819445,0.18013238178349564
5767,0.2672619047619047,0,5,0,146203,459407,7019,100937,4.255502241654007,0.18013398912096854
5768,0.2672857142857143,0,1,0,146204,459406,7019,100937,4.25549297862092,0.18013431059190532
5769,0.2673333333333333,3,59,3,146263,459347,7022,100934,4.254946459668754,0.1801488895750525
5770,0.2673809523809524,1,3,1,146266,459344,7023,100933,4.2549186705694915,0.18014839088522286
5771,0.2674761904761905,0,2,0,146268,459342,7023,100933,4.254900144503316,0.1801490339565392
5772,0.2674999999999999,0,9,0,146277,459333,7023,100933,4.254816777205528,0.18015192783427872
5773,0.2675,27,359,27,146636,458974,7050,100906,4.251491348327097,0.18022790597985283
5774,0.2675833333333333,0,1,0,146637,458973,7050,100906,4.2514820852940085,0.1802282278849537
5775,0.2676190476190476,2,6,2,146643,458967,7052,100904,4.251426507095483,0.1802272309156931
5776,0.2676666666666666,3,25,3,146668,458942,7055,100901,4.251194931268294,0.18023088615915533
5777,0.2676666666666667,1,10,1,146678,458932,7056,100900,4.251102300937419,0.1802326412209377
5778,0.2676904761904761,0,1,0,146679,458931,7056,100900,4.251093037904331,0.18023296316209714
5779,0.2676904761904762,0,1,0,146680,458930,7056,100900,4.251083774871244,0.1802332851044067
5780,0.2677142857142857,0,1,0,146681,458929,7056,100900,4.251074511838156,0.1802336070478664
5781,0.2677380952380953,0,1,0,146682,458928,7056,100900,4.251065248805069,0.18023392899247626
5782,0.2677777777777778,0,1,0,146683,458927,7056,100900,4.251055985771981,0.18023425093823628
5783,0.2677857142857143,0,1,0,146684,458926,7056,100900,4.251046722738893,0.18023457288514647
5784,0.2677987012987013,0,1,0,146685,458925,7056,100900,4.251037459705806,0.18023489483320682
5785,0.2678333333333333,1,14,1,146699,458911,7057,100899,4.25090777724258,0.18023793787177791
5786,0.2678452380952381,0,1,0,146700,458910,7057,100899,4.250898514209493,0.18023825983505087
5787,0.2678571428571428,1,6,1,146706,458904,7058,100898,4.250842936010968,0.18023872726428272
5788,0.2678571428571429,0,1,0,146707,458903,7058,100898,4.25083367297788,0.18023904923356693
5789,0.2678888888888889,1,4,1,146711,458899,7059,100897,4.25079662084553,0.1802388727322096
5790,0.2679166666666666,0,2,0,146713,458897,7059,100897,4.2507780947793545,0.1802395166793499
5791,0.2679166666666667,0,5,0,146718,458892,7059,100897,4.250731779613917,0.18024112656733163
5792,0.2679285714285714,0,2,0,146720,458890,7059,100897,4.250713253547742,0.1802417705305768
5793,0.2679415584415585,0,1,0,146721,458889,7059,100897,4.250703990514654,0.18024209251392495
5794,0.2679725829725829,1,10,1,146731,458879,7060,100896,4.250611360183779,0.18024384797463266
5795,0.2679999999999999,1,4,1,146735,458875,7061,100895,4.250574308051428,0.18024367150794077
5796,0.268,1,85,1,146820,458790,7062,100894,4.2497869502389864,0.1802695806919619
5797,0.2680357142857143,0,1,0,146821,458789,7062,100894,4.249777687205898,0.18026990278425467
5798,0.268095238095238,0,2,0,146823,458787,7062,100894,4.249759161139724,0.18027054697229314
5799,0.2680952380952381,0,2,0,146825,458785,7062,100894,4.2497406350735485,0.18027119116493562
5800,0.2681190476190476,0,1,0,146826,458784,7062,100894,4.249731372040461,0.18027151326298335
5801,0.2681666666666666,2,16,2,146842,458768,7064,100892,4.24958316351106,0.18027373762641605
5802,0.2681666666666667,0,1,0,146843,458767,7064,100892,4.249573900477973,0.18027405973994878
5803,0.2681904761904761,0,4,0,146847,458763,7064,100892,4.249536848345622,0.18027534820559094
5804,0.2682142857142857,1,6,1,146853,458757,7065,100891,4.249481270147097,0.1802758162273429
5805,0.26825,0,1,0,146854,458756,7065,100891,4.24947200711401,0.18027613835149656
5806,0.2682619047619047,0,1,0,146855,458755,7065,100891,4.249462744080922,0.1802764604768014
5807,0.2682857142857142,0,2,0,146857,458753,7065,100891,4.249444218014747,0.1802771047308646
5808,0.2682857142857143,0,3,0,146860,458750,7065,100891,4.249416428915484,0.18027807112059338
5809,0.2683333333333333,31,393,31,147253,458357,7096,100860,4.245776056912075,0.18035932384029812
5810,0.2683484848484848,0,1,0,147254,458356,7096,100860,4.245766793878988,0.18035964636204974
5811,0.2683809523809524,0,1,0,147255,458355,7096,100860,4.2457575308459,0.1803599688849548
5812,0.2684444444444444,1,2,1,147257,458353,7097,100859,4.245739004779725,0.18035914823000937
5813,0.2684523809523809,0,2,0,147259,458351,7097,100859,4.24572047871355,0.18035979327980545
5814,0.2684999999999999,1,1,1,147260,458350,7098,100858,4.245711215680463,0.18035865009084276
5815,0.2685,3,27,3,147287,458323,7101,100855,4.245461113787099,0.1803629613468341
5816,0.2685476190476191,0,1,0,147288,458322,7101,100855,4.245451850754011,0.1803632838975852
5817,0.2685555555555556,1,0,1,147288,458322,7102,100854,4.245451850754011,0.18036181810378127
5818,0.2685714285714285,0,7,0,147295,458315,7102,100854,4.245387009522398,0.1803640759770302
5819,0.2685873015873016,0,2,0,147297,458313,7102,100854,4.245368483456223,0.180364721094056
5820,0.2686111111111111,0,1,0,147298,458312,7102,100854,4.245359220423135,0.18036504365429945
5821,0.2686190476190476,0,1,0,147299,458311,7102,100854,4.245349957390048,0.18036536621569663
5822,0.2686363636363636,0,1,0,147300,458310,7102,100854,4.24534069435696,0.18036568877824752
5823,0.2686428571428571,0,1,0,147301,458309,7102,100854,4.245331431323873,0.18036601134195218
5824,0.2686489898989899,1,0,1,147301,458309,7103,100853,4.245331431323873,0.18036454551632622
5825,0.2686666666666666,2,35,2,147336,458274,7105,100851,4.245007225165808,0.18037290409121395
5826,0.2686904761904761,0,2,0,147338,458272,7105,100851,4.2449886990996335,0.18037354929058544
5827,0.2686904761904762,0,2,0,147340,458270,7105,100851,4.244970173033458,0.18037419449457273
5828,0.2687380952380953,0,1,0,147341,458269,7105,100851,4.244960910000371,0.18037451709829733
5829,0.26875,1,6,1,147347,458263,7106,100850,4.244905331801845,0.1803749868094643
5830,0.2687619047619047,0,1,0,147348,458262,7106,100850,4.244896068768758,0.18037530941922192
5831,0.2687777777777778,0,1,0,147349,458261,7106,100850,4.24488680573567,0.18037563203013354
5832,0.2687857142857142,0,4,0,147353,458257,7106,100850,4.24484975360332,0.18037692248532033
5833,0.2688095238095238,0,7,0,147360,458250,7106,100850,4.244784912371707,0.18037918082632803
5834,0.2688333333333333,1,9,1,147369,458241,7107,100849,4.244701545073919,0.18038061850507073
5835,0.2688571428571428,0,2,0,147371,458239,7107,100849,4.244683019007744,0.18038126377242938
5836,0.2688888888888888,1,0,1,147371,458239,7108,100848,4.244683019007744,0.18037979777744786
5837,0.2688888888888889,1,1,1,147372,458238,7109,100847,4.244673755974656,0.18037865440854253
5838,0.2689166666666666,0,2,0,147374,458236,7109,100847,4.244655229908481,0.1803792996746458
5839,0.2689285714285714,0,4,0,147378,458232,7109,100847,4.244618177776131,0.18038059022070227
5840,0.2689484126984126,1,1,1,147379,458231,7110,100846,4.2446089147430435,0.18037944683827092
5841,0.2689523809523809,0,2,0,147381,458229,7110,100846,4.244590388676868,0.18038009211644235
5842,0.2689761904761905,1,0,1,147381,458229,7111,100845,4.244590388676868,0.18037862608527672
5843,0.2689999999999999,8,64,8,147445,458165,7119,100837,4.2439975545592645,0.1803875478084157
5844,0.269,0,3,0,147448,458162,7119,100837,4.243969765460002,0.180388515900744
5845,0.269047619047619,1,5,1,147453,458157,7120,100836,4.243923450294565,0.1803886631854066
5846,0.2690476190476191,2,1,2,147454,458156,7122,100834,4.243914187261477,0.18038605341777134
5847,0.2691111111111111,0,1,0,147455,458155,7122,100834,4.2439049242283895,0.1803863761183136
5848,0.2691212121212121,0,1,0,147456,458154,7122,100834,4.243895661195301,0.18038669882001046
5849,0.2691666666666666,7,131,7,147587,458023,7129,100827,4.2426822038608325,0.18041871700814172
5850,0.2691666666666667,0,1,0,147588,458022,7129,100827,4.242672940827744,0.18041903984797325
5851,0.2691904761904762,0,2,0,147590,458020,7129,100827,4.24265441476157,0.18041968553110244
5852,0.2692142857142857,0,3,0,147593,458017,7129,100827,4.242626625662307,0.18042065406446164
5853,0.2692261904761904,0,1,0,147594,458016,7129,100827,4.242617362629219,0.18042097691122552
5854,0.2692499999999999,0,1,0,147595,458015,7129,100827,4.242608099596132,0.1804212997591448
5855,0.2692857142857143,2,6,2,147601,458009,7131,100825,4.242552521397607,0.18042030370378323
5856,0.2693253968253968,0,1,0,147602,458008,7131,100825,4.242543258364519,0.18042062655569732
5857,0.2693333333333333,2,37,2,147639,457971,7133,100823,4.242200526140279,0.18042963954516333
5858,0.2693809523809524,0,1,0,147640,457970,7133,100823,4.242191263107192,0.18042996243689524
5859,0.2694285714285714,1,1,1,147641,457969,7134,100822,4.242182000074104,0.1804288186459696
5860,0.2694444444444444,0,1,0,147642,457968,7134,100822,4.242172737041017,0.18042914153796596
5861,0.2694761904761905,0,1,0,147643,457967,7134,100822,4.2421634740079295,0.18042946443111801
5862,0.2694999999999999,0,1,0,147644,457966,7134,100822,4.242154210974841,0.18042978732542575
5863,0.2695,4,30,4,147674,457936,7138,100818,4.241876319982215,0.1804336076341288
5864,0.2695079365079365,0,2,0,147676,457934,7138,100818,4.24185779391604,0.18043425347918218
5865,0.2695238095238095,0,2,0,147678,457932,7138,100818,4.241839267849865,0.18043489932885906
5866,0.2695357142857142,0,1,0,147679,457931,7138,100818,4.241830004816777,0.18043522225543132
5867,0.2695454545454545,0,1,0,147680,457930,7138,100818,4.241820741783689,0.1804355451831595
5868,0.2695714285714286,0,1,0,147681,457929,7138,100818,4.241811478750602,0.18043586811204357
5869,0.2695833333333333,0,9,0,147690,457920,7138,100818,4.241728111452814,0.18043877452401663
5870,0.2695952380952381,0,1,0,147691,457919,7138,100818,4.241718848419726,0.18043909746446002
5871,0.2696428571428571,0,3,0,147694,457916,7138,100818,4.2416910593204635,0.18044006629272605
5872,0.2696666666666666,4,18,4,147712,457898,7142,100814,4.241524324724888,0.18044001202766363
5873,0.2697142857142857,0,1,0,147713,457897,7142,100814,4.241515061691801,0.1804403349853502
5874,0.2697222222222222,0,1,0,147714,457896,7142,100814,4.241505798658713,0.18044065794419287
5875,0.26975,0,1,0,147715,457895,7142,100814,4.241496535625625,0.18044098090419164
5876,0.2697619047619047,0,2,0,147717,457893,7142,100814,4.24147800955945,0.18044162682765744
5877,0.2698095238095238,0,2,0,147719,457891,7142,100814,4.241459483493275,0.18044227275574767
5878,0.2698333333333333,1,9,1,147728,457882,7143,100813,4.241376116195487,0.18044371258020925
5879,0.2698571428571428,0,2,0,147730,457880,7143,100813,4.241357590129312,0.18044435852963972
5880,0.2698717948717948,0,1,0,147731,457879,7143,100813,4.241348327096224,0.18044468150608922
5881,0.2698730158730159,0,1,0,147732,457878,7143,100813,4.241339064063137,0.1804450044836949
5882,0.2698809523809524,0,1,0,147733,457877,7143,100813,4.241329801030049,0.1804453274624568
5883,0.2699523809523809,0,3,0,147736,457874,7143,100813,4.241302011930786,0.18044629640567975
5884,0.2699999999999999,3,40,3,147776,457834,7146,100810,4.240931490607284,0.18045481558917664
5885,0.27,221,3615,221,151391,454219,7367,100589,4.207445625995776,0.18130416288157344
5886,0.2700833333333333,0,1,0,151392,454218,7367,100589,4.207436362962689,0.18130448966938054
5887,0.2700952380952381,0,2,0,151394,454216,7367,100589,4.207417836896513,0.18130514324852876
5888,0.2701049783549784,0,1,0,151395,454215,7367,100589,4.207408573863426,0.18130547003986994
5889,0.2701111111111111,0,1,0,151396,454214,7367,100589,4.207399310830338,0.18130579683238915
5890,0.2701428571428571,0,1,0,151397,454213,7367,100589,4.207390047797251,0.18130612362608642
5891,0.2701666666666666,2,16,2,151413,454197,7369,100587,4.20724183926785,0.18130840110745805
5892,0.2702380952380953,0,1,0,151414,454196,7369,100587,4.207232576234762,0.18130872791704145
5893,0.2702777777777778,1,0,1,151414,454196,7370,100586,4.207232576234762,0.18130725221798832
5894,0.2703253968253968,0,1,0,151415,454195,7370,100586,4.207223313201675,0.181307579026679
5895,0.2703333333333333,2,25,2,151440,454170,7372,100584,4.206991737374486,0.18131279810510606
5896,0.2703571428571428,1,5,1,151445,454165,7373,100583,4.206945422209048,0.18131295651358814
5897,0.2703809523809524,0,1,0,151446,454164,7373,100583,4.20693615917596,0.18131328335259136
5898,0.2703928571428571,0,1,0,151447,454163,7373,100583,4.206926896142873,0.1813136101927729
5899,0.2704166666666666,0,6,0,151453,454157,7373,100583,4.206871317944348,0.18131557125860764
5900,0.2704166666666667,0,2,0,151455,454155,7373,100583,4.206852791878172,0.1813162249566462
5901,0.2704761904761904,0,1,0,151456,454154,7373,100583,4.206843528845085,0.18131655180743309
5902,0.2704761904761905,0,6,0,151462,454148,7373,100583,4.20678795064656,0.18131851293690096
5903,0.2704999999999999,0,1,0,151463,454147,7373,100583,4.206778687613472,0.18131883979593677
5904,0.2705,2,13,2,151476,454134,7375,100581,4.206658268183334,0.18132013736783753
5905,0.2705238095238095,0,2,0,151478,454132,7375,100581,4.206639742117159,0.18132079111180016
5906,0.2705555555555555,0,1,0,151479,454131,7375,100581,4.206630479084072,0.18132111798554926
5907,0.2705714285714286,0,1,0,151480,454130,7375,100581,4.2066212160509835,0.1813214448604769
5908,0.2706190476190476,0,1,0,151481,454129,7375,100581,4.206611953017896,0.1813217717365831
5909,0.2706428571428572,0,1,0,151482,454128,7375,100581,4.206602689984809,0.1813220986138678
5910,0.2706507936507936,0,1,0,151483,454127,7375,100581,4.206593426951721,0.1813224254923311
5911,0.2706666666666666,4,39,4,151522,454088,7379,100577,4.206232168661306,0.18132927082112626
5912,0.2706666666666667,0,5,0,151527,454083,7379,100577,4.206185853495868,0.18133090541953628
5913,0.2706904761904761,0,1,0,151528,454082,7379,100577,4.206176590462781,0.18133123234275475
5914,0.2706904761904762,0,1,0,151529,454081,7379,100577,4.206167327429694,0.181331559267152
5915,0.2707142857142857,1,13,1,151542,454068,7380,100576,4.206046907999555,0.18133433337420038
5916,0.2708333333333333,10,123,10,151665,453945,7390,100566,4.204907554929786,0.18135979268220107
5917,0.2708571428571428,0,1,0,151666,453944,7390,100566,4.204898291896699,0.18136011974536076
5918,0.2708809523809524,0,1,0,151667,453943,7390,100566,4.204889028863611,0.18136044680970012
5919,0.2708888888888889,0,2,0,151669,453941,7390,100566,4.204870502797436,0.18136110094191776
5920,0.2709047619047619,0,1,0,151670,453940,7390,100566,4.204861239764348,0.1813614280097961
5921,0.2709523809523809,0,2,0,151672,453938,7390,100566,4.204842713698174,0.1813620821490918
5922,0.2709999999999999,1,6,1,151678,453932,7391,100565,4.204787135499648,0.18136256823751978
5923,0.271,2,78,2,151756,453854,7393,100563,4.204064618918819,0.1813851306868296
5924,0.2710238095238095,0,1,0,151757,453853,7393,100563,4.204055355885731,0.18138545785114427
5925,0.2710357142857143,0,1,0,151758,453852,7393,100563,4.204046092852644,0.18138578501663916
5926,0.2710555555555555,0,1,0,151759,453851,7393,100563,4.2040368298195565,0.18138611218331427
5927,0.271060606060606,0,1,0,151760,453850,7393,100563,4.204027566786468,0.1813864393511696
5928,0.2710833333333333,0,2,0,151762,453848,7393,100563,4.204009040720293,0.181387093690421
5929,0.2711111111111111,0,4,0,151766,453844,7393,100563,4.203971988587943,0.1813884023830868
5930,0.2711428571428571,0,2,0,151768,453842,7393,100563,4.203953462521768,0.1813890567365013
5931,0.2711666666666666,1,8,1,151776,453834,7394,100562,4.203879358257067,0.18139019762047345
5932,0.2711904761904761,0,3,0,151779,453831,7394,100562,4.203851569157805,0.1813911791815553
5933,0.2712222222222222,0,1,0,151780,453830,7394,100562,4.203842306124717,0.1813915063709433
5934,0.2712301587301587,1,2,1,151782,453828,7395,100561,4.203823780058542,0.18139068415859622
5935,0.27125,0,8,0,151790,453820,7395,100561,4.2037496757938415,0.18139330171849324
5936,0.2712878787878788,0,1,0,151791,453819,7395,100561,4.203740412760754,0.18139362891879215
5937,0.2713095238095238,0,1,0,151792,453818,7395,100561,4.203731149727667,0.1813939561202715
5938,0.2713333333333333,1,26,1,151818,453792,7396,100560,4.20349031086739,0.1814009870984501
5939,0.2713611111111111,0,1,0,151819,453791,7396,100560,4.203481047834303,0.18140131432972972
5940,0.2713809523809524,0,1,0,151820,453790,7396,100560,4.2034717848012155,0.18140164156218996
5941,0.2714166666666667,0,2,0,151822,453788,7396,100560,4.20345325873504,0.18140229603065222
5942,0.2714285714285714,1,8,1,151830,453780,7397,100559,4.20337915447034,0.18140343724688324
5943,0.2714545454545454,0,1,0,151831,453779,7397,100559,4.203369891437252,0.18140376449025686
5944,0.2714999999999999,1,25,1,151856,453754,7398,100558,4.2031383156100635,0.1814104691942444
5945,0.2715,0,6,0,151862,453748,7398,100558,4.203082737411538,0.18141243284395261
5946,0.271547619047619,0,5,0,151867,453743,7398,100558,4.2030364222461,0.18141406925118303
5947,0.2715873015873016,0,3,0,151870,453740,7398,100558,4.203008633146838,0.1814150511096919
5948,0.2716190476190476,1,0,1,151870,453740,7399,100557,4.203008633146838,0.1814135743112447
5949,0.2716666666666666,33,430,33,152300,453310,7432,100524,4.199025528919189,0.18150564970731303
5950,0.2716666666666667,0,3,0,152303,453307,7432,100524,4.1989977398199265,0.18150663288981655
5951,0.27175,0,1,0,152304,453306,7432,100524,4.198988476786839,0.18150696061968474
5952,0.2717777777777778,0,1,0,152305,453305,7432,100524,4.198979213753751,0.18150728835073643
5953,0.2717857142857143,2,6,2,152311,453299,7434,100522,4.198923635555226,0.18150629896663362
5954,0.2718333333333333,0,15,0,152326,453284,7434,100522,4.198784690058913,0.18151121511865165
5955,0.2718452380952381,0,1,0,152327,453283,7434,100522,4.198775427025826,0.18151154287158838
5956,0.2718571428571428,0,2,0,152329,453281,7434,100522,4.19875690095965,0.18151219838101273
5957,0.2718636363636363,0,2,0,152331,453279,7434,100522,4.198738374893475,0.18151285389517174
5958,0.2718690476190476,0,1,0,152332,453278,7434,100522,4.198729111860388,0.18151318165402672
5959,0.2718809523809524,0,3,0,152335,453275,7434,100522,4.198701322761125,0.1815141649376938
5960,0.2718888888888888,0,1,0,152336,453274,7434,100522,4.198692059728037,0.1815144927012835
5961,0.2718928571428571,0,2,0,152338,453272,7434,100522,4.198673533661863,0.18151514823201406
5962,0.2719047619047619,0,3,0,152341,453269,7434,100522,4.1986457445626,0.18151613153698778
5963,0.2719444444444444,0,1,0,152342,453268,7434,100522,4.198636481529512,0.18151645930767982
5964,0.272,10,91,10,152433,453177,7444,100512,4.197793545518545,0.1815315095658393
5965,0.2720238095238095,0,1,0,152434,453176,7444,100512,4.197784282485457,0.18153183742468681
5966,0.2720454545454546,1,1,1,152435,453175,7445,100511,4.1977750194523695,0.18153068706812164
5967,0.2720833333333333,0,1,0,152436,453174,7445,100511,4.197765756419282,0.1815310149272601
5968,0.2720952380952381,0,1,0,152437,453173,7445,100511,4.197756493386194,0.18153134278758282
5969,0.2721428571428571,0,10,0,152447,453163,7445,100511,4.197663863055319,0.181534621455947
5970,0.2721666666666666,1,8,1,152455,453155,7446,100510,4.197589758790619,0.18153576621242087
5971,0.2722142857142857,0,2,0,152457,453153,7446,100510,4.197571232724443,0.18153642197510036
5972,0.2722261904761905,0,1,0,152458,453152,7446,100510,4.197561969691356,0.18153674985821674
5973,0.2722619047619047,0,1,0,152459,453151,7446,100510,4.197552706658268,0.18153707774251754
5974,0.2722857142857143,0,2,0,152461,453149,7446,100510,4.197534180592093,0.1815377335146724
5975,0.2723333333333333,7,37,7,152498,453112,7453,100503,4.197191448367853,0.18153951753474887
5976,0.2723809523809524,0,7,0,152505,453105,7453,100503,4.197126607136241,0.18154181297958122
5977,0.2724166666666666,0,1,0,152506,453104,7453,100503,4.1971173441031535,0.18154214090501022
5978,0.2724523809523809,0,2,0,152508,453102,7453,100503,4.197098818036978,0.18154279675942234
5979,0.2724761904761905,0,2,0,152510,453100,7453,100503,4.197080291970803,0.18154345261857324
5980,0.2724880952380952,1,1,1,152511,453099,7454,100502,4.1970710289377156,0.18154230212734443
5981,0.2724999999999999,0,11,0,152522,453088,7454,100502,4.196969135573752,0.1815459094275547
5982,0.2725,33,387,33,152909,452701,7487,100469,4.193384341768869,0.18162409385903067
5983,0.2725238095238095,1,1,1,152910,452700,7488,100468,4.193375078735781,0.18162294275880023
5984,0.2725555555555555,0,1,0,152911,452699,7488,100468,4.193365815702694,0.1816232710917318
5985,0.2725555555555556,0,1,0,152912,452698,7488,100468,4.193356552669606,0.18162359942585046
5986,0.2725595238095238,1,0,1,152912,452698,7489,100467,4.193356552669606,0.18162211998228378
5987,0.2725714285714286,0,1,0,152913,452697,7489,100467,4.1933472896365185,0.1816224483155086
5988,0.2726190476190476,1,7,1,152920,452690,7490,100466,4.193282448404906,0.1816232672157583
5989,0.2726666666666666,3,44,3,152964,452646,7493,100463,4.192874874949053,0.181633276623595
5990,0.2726904761904762,0,1,0,152965,452645,7493,100463,4.192865611915966,0.1816336050102331
5991,0.2727777777777778,0,2,0,152967,452643,7493,100463,4.192847085849791,0.18163426178707157
5992,0.2728333333333333,1,10,1,152977,452633,7494,100462,4.192754455518915,0.18163606613692043
5993,0.2728571428571428,0,9,0,152986,452624,7494,100462,4.192671088221127,0.18163902177961475
5994,0.2728571428571429,0,1,0,152987,452623,7494,100462,4.19266182518804,0.18163935019029626
5995,0.2728690476190476,1,0,1,152987,452623,7495,100461,4.19266182518804,0.18163787055854083
5996,0.2729047619047618,0,1,0,152988,452622,7495,100461,4.192652562154952,0.18163819896832845
5997,0.2729166666666666,0,3,0,152991,452619,7495,100461,4.192624773055689,0.18163918420481667
5998,0.2729166666666667,0,3,0,152994,452616,7495,100461,4.1925969839564265,0.18164016945199313
5999,0.2729444444444444,0,2,0,152996,452614,7495,100461,4.192578457890251,0.18164082628938208
6000,0.2729761904761905,0,2,0,152998,452612,7495,100461,4.192559931824077,0.1816414831315215
6001,0.2729999999999999,1,4,1,153002,452608,7496,100460,4.192522879691726,0.18164131716172333
6002,0.273,4,40,4,153042,452568,7500,100456,4.192152358368224,0.1816485360490684
6003,0.2730238095238095,0,1,0,153043,452567,7500,100456,4.192143095335137,0.1816488645137725
6004,0.2730277777777777,0,3,0,153046,452564,7500,100456,4.192115306235874,0.18164984991501212
6005,0.2730357142857143,0,1,0,153047,452563,7500,100456,4.192106043202786,0.18165017838446781
6006,0.273047619047619,0,1,0,153048,452562,7500,100456,4.192096780169699,0.18165050685511142
6007,0.2730476190476191,0,1,0,153049,452561,7500,100456,4.192087517136612,0.18165083532694293
6008,0.2730555555555555,0,3,0,153052,452558,7500,100456,4.192059728037348,0.18165182074956512
6009,0.273060606060606,0,1,0,153053,452557,7500,100456,4.192050465004261,0.1816521492261484
6010,0.2730847763347763,0,1,0,153054,452556,7500,100456,4.192041201971174,0.18165247770391962
6011,0.2730952380952381,0,1,0,153055,452555,7500,100456,4.192031938938086,0.18165280618287882
6012,0.2731666666666666,1,12,1,153067,452543,7501,100455,4.191920782541035,0.18165526819265168
6013,0.2731666666666667,0,1,0,153068,452542,7501,100455,4.191911519507948,0.18165559668497297
6014,0.2731944444444444,0,1,0,153069,452541,7501,100455,4.19190225647486,0.1816559251784823
6015,0.2732142857142857,2,2,2,153071,452539,7503,100453,4.191883730408685,0.1816536224755512
6016,0.2732857142857142,0,1,0,153072,452538,7503,100453,4.191874467375597,0.1816539509684606
6017,0.2733333333333332,0,1,0,153073,452537,7503,100453,4.19186520434251,0.1816542794625581
6018,0.2733333333333333,32,495,32,153568,452042,7535,100421,4.187280002964171,0.18176963887174344
6019,0.2733333333333334,23,266,23,153834,451776,7558,100398,4.184816036162881,0.18182312097273687
6020,0.2733809523809524,0,1,0,153835,451775,7558,100398,4.184806773129794,0.18182345025924845
6021,0.2734285714285714,0,1,0,153836,451774,7558,100398,4.184797510096706,0.18182377954695275
6022,0.2734523809523809,1,2,1,153838,451772,7559,100397,4.184778984030531,0.18182295637748588
6023,0.2734999999999999,0,3,0,153841,451769,7559,100397,4.184751194931268,0.18182394424864987
6024,0.2735,3,20,3,153861,451749,7562,100394,4.184565934269517,0.18182608490916302
6025,0.2735000000000001,0,2,0,153863,451747,7562,100394,4.1845474082033425,0.1818267435310908
6026,0.273547619047619,0,1,0,153864,451746,7562,100394,4.184538145170254,0.18182707284384395
6027,0.2735714285714286,2,7,2,153871,451739,7564,100392,4.184473303938642,0.18182641438354302
6028,0.2736190476190476,1,2,1,153873,451737,7565,100391,4.184454777872467,0.18182559116726557
6029,0.2736363636363637,0,1,0,153874,451736,7565,100391,4.184445514839379,0.18182592048568536
6030,0.2736428571428572,0,2,0,153876,451734,7565,100391,4.184426988773204,0.1818265791261037
6031,0.2736666666666666,1,40,1,153916,451694,7566,100390,4.184056467449702,0.18183827098774824
6032,0.2736904761904761,0,1,0,153917,451693,7566,100390,4.184047204416614,0.18183860035538135
6033,0.2736904761904762,0,2,0,153919,451691,7566,100390,4.1840286783504395,0.1818392590942271
6034,0.2737142857142857,0,1,0,153920,451690,7566,100390,4.184019415317351,0.1818395884654398
6035,0.27375,0,8,0,153928,451682,7566,100390,4.183945311052651,0.18184222347809706
6036,0.2737857142857142,0,1,0,153929,451681,7566,100390,4.1839360480195635,0.1818425528600488
6037,0.2738095238095238,1,3,1,153932,451678,7567,100389,4.183908258920301,0.18184205902544437
6038,0.2738333333333333,1,7,1,153939,451671,7568,100388,4.183843417688688,0.1818428827353598
6039,0.2738333333333334,0,5,0,153944,451666,7568,100388,4.1837971025232505,0.18184452970180454
6040,0.2738571428571428,0,3,0,153947,451663,7568,100388,4.183769313423988,0.1818455178959915
6041,0.2738888888888889,0,1,0,153948,451662,7568,100388,4.1837600503909,0.18184584729644054
6042,0.2739166666666666,0,5,0,153953,451657,7568,100388,4.183713735225462,0.1818474943165865
6043,0.2739285714285714,0,3,0,153956,451654,7568,100388,4.183685946126199,0.1818484825429949
6044,0.2739444444444444,0,1,0,153957,451653,7568,100388,4.183676683093112,0.18184881195418456
6045,0.2739880952380952,0,1,0,153958,451652,7568,100388,4.183667420060025,0.18184914136656763
6046,0.2739999999999999,7,114,7,154072,451538,7575,100381,4.182611434288043,0.1818763260550914
6047,0.274,1,9,1,154081,451529,7576,100380,4.182528066990256,0.18187780956643215
6048,0.274047619047619,0,5,0,154086,451524,7576,100380,4.182481751824818,0.1818794572969212
6049,0.2740555555555556,0,2,0,154088,451522,7576,100380,4.182463225758642,0.18188011639747637
6050,0.2740952380952381,0,2,0,154090,451520,7576,100380,4.182444699692467,0.18188077550280848
6051,0.2741269841269841,0,1,0,154091,451519,7576,100380,4.18243543665938,0.1818811050572659
6052,0.2741666666666666,10,121,10,154212,451398,7586,100370,4.181314609655786,0.18190616346000493
6053,0.2742142857142857,0,1,0,154213,451397,7586,100370,4.181305346622698,0.18190649313931423
6054,0.2742261904761904,0,1,0,154214,451396,7586,100370,4.1812960835896105,0.18190682281981854
6055,0.27425,0,1,0,154215,451395,7586,100370,4.181286820556523,0.18190715250151784
6056,0.2742619047619047,0,1,0,154216,451394,7586,100370,4.181277557523435,0.1819074821844122
6057,0.2742777777777778,0,1,0,154217,451393,7586,100370,4.181268294490348,0.18190781186850152
6058,0.2742857142857142,2,7,2,154224,451386,7588,100368,4.181203453258735,0.18190715427527485
6059,0.2742857142857143,0,12,0,154236,451374,7588,100368,4.181092296861684,0.18191111062779342
6060,0.2743333333333333,2,21,2,154257,451353,7590,100366,4.180897773166846,0.18191506908408084
6061,0.2743333333333334,1,6,1,154263,451347,7591,100365,4.180842194968321,0.18191556464242215
6062,0.2743571428571428,0,1,0,154264,451346,7591,100365,4.180832931935233,0.18191589437223474
6063,0.2743809523809524,0,2,0,154266,451344,7591,100365,4.180814405869058,0.18191655383544586
6064,0.2743917748917748,0,2,0,154268,451342,7591,100365,4.180795879802883,0.18191721330343824
6065,0.2744047619047619,1,0,1,154268,451342,7592,100364,4.180795879802883,0.18191573047963952
6066,0.2744444444444444,0,1,0,154269,451341,7592,100364,4.180786616769795,0.18191606021333864
6067,0.2744761904761904,0,1,0,154270,451340,7592,100364,4.1807773537367074,0.18191638994823311
6068,0.2744999999999999,2,14,2,154284,451326,7594,100362,4.180647671273482,0.18191804063166137
6069,0.2745,0,2,0,154286,451324,7594,100362,4.180629145207306,0.1819187001301465
6070,0.2745238095238095,0,5,0,154291,451319,7594,100362,4.180582830041869,0.1819203488972794
6071,0.274547619047619,0,2,0,154293,451317,7594,100362,4.180564303975694,0.18192100841250075
6072,0.2745833333333333,0,7,0,154300,451310,7594,100362,4.180499462744081,0.1819233167534332
6073,0.2746038961038961,0,1,0,154301,451309,7594,100362,4.180490199710993,0.18192364652120557
6074,0.2746428571428571,0,8,0,154309,451301,7594,100362,4.180416095446293,0.18192628470642402
6075,0.2746666666666666,2,35,2,154344,451266,7596,100360,4.180091889288229,0.1819348616635184
6076,0.2747142857142857,0,1,0,154345,451265,7596,100360,4.180082626255141,0.181935191479719
6077,0.2747222222222222,1,0,1,154345,451265,7597,100359,4.180082626255141,0.18193370846808696
6078,0.2747380952380952,1,2,1,154347,451263,7598,100358,4.180064100188966,0.1819328850787044
6079,0.2747499999999999,0,3,0,154350,451260,7598,100358,4.180036311089704,0.18193387452911253
6080,0.2747619047619047,0,3,0,154353,451257,7598,100358,4.18000852199044,0.18193486399028308
6081,0.2747857142857142,0,2,0,154355,451255,7598,100358,4.179989995924266,0.18193552363704263
6082,0.2748333333333333,0,13,0,154368,451242,7598,100358,4.179869576494127,0.18193981145757795
6083,0.2748333333333334,0,1,0,154369,451241,7598,100358,4.17986031346104,0.18194014129829822
6084,0.2748571428571428,1,0,1,154369,451241,7599,100357,4.17986031346104,0.18193865822573685
6085,0.2748809523809524,0,3,0,154372,451238,7599,100357,4.179832524361777,0.1819396477488012
6086,0.2748989898989899,0,4,0,154376,451234,7599,100357,4.179795472229427,0.18194096712963048
6087,0.2749761904761905,0,1,0,154377,451233,7599,100357,4.179786209196339,0.18194129697782774
6088,0.2749999999999999,2,25,2,154402,451208,7601,100355,4.1795546333691505,0.18194657727222457
6089,0.275,96,1349,96,155751,449859,7697,100259,4.16705880173404,0.182249990002145
6090,0.275047619047619,0,1,0,155752,449858,7697,100259,4.167049538700952,0.1822503212952881
6091,0.2750833333333333,0,1,0,155753,449857,7697,100259,4.167040275667865,0.18225065258963563
6092,0.2750952380952381,1,1,1,155754,449856,7698,100258,4.167031012634777,0.18224949737690732
6093,0.2751190476190476,0,2,0,155756,449854,7698,100258,4.167012486568602,0.1822501599674248
6094,0.2751428571428571,0,1,0,155757,449853,7698,100258,4.167003223535515,0.18225049126449025
6095,0.2751666666666666,2,14,2,155771,449839,7700,100256,4.166873541072289,0.18225215644570483
6096,0.2751785714285714,0,1,0,155772,449838,7700,100256,4.166864278039201,0.18225248775663797
6097,0.2751904761904762,0,2,0,155774,449836,7700,100256,4.166845751973026,0.1822531503821179
6098,0.2752380952380952,0,2,0,155776,449834,7700,100256,4.166827225906851,0.18225381301241614
6099,0.2752380952380953,1,0,1,155776,449834,7701,100255,4.166827225906851,0.18225232644172124
6100,0.27525,1,2,1,155778,449832,7702,100254,4.166808699840676,0.18225150249233757
6101,0.2752738095238095,0,1,0,155779,449831,7702,100254,4.1667994368075885,0.18225183380750248
6102,0.2753333333333332,0,1,0,155780,449830,7702,100254,4.1667901737745,0.182252165123872
6103,0.2753333333333333,2,22,2,155802,449808,7704,100252,4.166586387046575,0.1822564811111515
6104,0.2753333333333334,0,13,0,155815,449795,7704,100252,4.166465967616436,0.18226078862351763
6105,0.2753571428571428,1,3,1,155818,449792,7705,100251,4.166438178517174,0.18226029601322077
6106,0.2754166666666667,0,1,0,155819,449791,7705,100251,4.166428915484086,0.18226062737027354
6107,0.2754761904761905,0,3,0,155822,449788,7705,100251,4.166401126384823,0.18226162144866093
6108,0.2754999999999999,0,1,0,155823,449787,7705,100251,4.166391863351736,0.1822619528105331
6109,0.2755,1,19,1,155842,449768,7706,100250,4.166215865723072,0.18226676217869234
6110,0.2755555555555555,0,6,0,155848,449762,7706,100250,4.166160287524547,0.18226875049998909
6111,0.275595238095238,0,3,0,155851,449759,7706,100250,4.166132498425284,0.1822697446769053
6112,0.2755952380952381,0,1,0,155852,449758,7706,100250,4.166123235392197,0.18227007607162077
6113,0.2756190476190476,0,8,0,155860,449750,7706,100250,4.1660491311274965,0.18227272727272728
6114,0.2756547619047619,0,1,0,155861,449749,7706,100250,4.166039868094408,0.1822730586782885
6115,0.2756666666666666,1,23,1,155884,449726,7707,100249,4.165826818333395,0.1822791945088413
6116,0.2756666666666667,0,5,0,155889,449721,7707,100249,4.165780503167957,0.18228085168281907
6117,0.2756904761904761,1,0,1,155889,449721,7708,100248,4.165780503167957,0.18227936483692717
6118,0.2756904761904762,0,1,0,155890,449720,7708,100248,4.16577124013487,0.18227969627323773
6119,0.2757142857142857,1,11,1,155901,449709,7709,100247,4.1656693467709065,0.1822818552756948
6120,0.2757380952380952,0,1,0,155902,449708,7709,100247,4.165660083737819,0.18228218672436836
6121,0.2757777777777778,0,2,0,155904,449706,7709,100247,4.165641557671644,0.18228284962533162
6122,0.2758333333333332,0,1,0,155905,449705,7709,100247,4.165632294638557,0.18228318107762131
6123,0.2758333333333333,6,77,6,155982,449628,7715,100241,4.164919041090815,0.18229978413040196
6124,0.2758333333333334,3,46,3,156028,449582,7718,100238,4.1644929415687875,0.18231057436979375
6125,0.2758611111111111,0,1,0,156029,449581,7718,100238,4.164483678535699,0.18231090595268626
6126,0.2758809523809524,0,1,0,156030,449580,7718,100238,4.164474415502612,0.1823112375367849
6127,0.2759285714285714,0,1,0,156031,449579,7718,100238,4.164465152469525,0.1823115691220897
6128,0.275952380952381,0,1,0,156032,449578,7718,100238,4.164455889436437,0.1823119007086007
6129,0.2759761904761905,0,1,0,156033,449577,7718,100238,4.1644466264033495,0.18231223229631785
6130,0.2759999999999999,3,8,3,156041,449569,7721,100235,4.164372522138649,0.18231042335086686
6131,0.276,8,123,8,156164,449446,7729,100227,4.16323316906888,0.18233931810367254
6132,0.2760238095238094,0,1,0,156165,449445,7729,100227,4.1632239060357925,0.1823396498275335
6133,0.2760238095238095,0,2,0,156167,449443,7729,100227,4.163205379969617,0.18234031327887643
6134,0.2760833333333333,0,1,0,156168,449442,7729,100227,4.16319611693653,0.18234064500635838
6135,0.2761071428571428,0,2,0,156170,449440,7729,100227,4.1631775908703545,0.1823413084649433
6136,0.2761111111111111,0,1,0,156171,449439,7729,100227,4.163168327837267,0.18234164019604632
6137,0.2761363636363636,0,1,0,156172,449438,7729,100227,4.163159064804179,0.18234197192835636
6138,0.2761428571428571,0,1,0,156173,449437,7729,100227,4.163149801771092,0.18234230366187343
6139,0.2761666666666666,2,11,2,156184,449426,7731,100225,4.163047908407129,0.18234297763489923
6140,0.2761666666666667,0,1,0,156185,449425,7731,100225,4.163038645374042,0.18234330937869553
6141,0.2761904761904761,0,3,0,156188,449422,7731,100225,4.163010856274779,0.18234430461732712
6142,0.2761904761904762,0,3,0,156191,449419,7731,100225,4.162983067175516,0.18234529986682288
6143,0.2761915584415583,0,1,0,156192,449418,7731,100225,4.162973804142428,0.1823456316190691
6144,0.2762142857142857,0,2,0,156194,449416,7731,100225,4.162955278076253,0.182346295127183
6145,0.2762182539682539,0,2,0,156196,449414,7731,100225,4.162936752010078,0.18234695864012562
6146,0.27625,1,7,1,156203,449407,7732,100224,4.162871910778465,0.18234779333771203
6147,0.2762727272727273,0,2,0,156205,449405,7732,100224,4.162853384712291,0.18234845686817835
6148,0.2762857142857142,0,1,0,156206,449404,7732,100224,4.1628441216792025,0.18234878863522236
6149,0.2762896825396825,1,2,1,156208,449402,7733,100223,4.162825595613027,0.1823479645212645
6150,0.2763095238095238,0,1,0,156209,449401,7733,100223,4.16281633257994,0.18234829628982724
6151,0.2763333333333333,1,19,1,156228,449382,7734,100222,4.162640334951276,0.18235311242276256
6152,0.2763333333333334,0,4,0,156232,449378,7734,100222,4.162603282818926,0.18235443959243086
6153,0.2763571428571429,0,1,0,156233,449377,7734,100222,4.162594019785839,0.18235477138786643
6154,0.2763809523809523,0,2,0,156235,449375,7734,100222,4.162575493719664,0.18235543498235982
6155,0.2764285714285714,0,1,0,156236,449374,7734,100222,4.162566230686576,0.18235576678141763
6156,0.2764963369963369,1,0,1,156236,449374,7735,100221,4.162566230686576,0.18235427906003512
6157,0.2764999999999999,3,17,3,156253,449357,7738,100218,4.162408759124087,0.18235545648910523
6158,0.2765,0,2,0,156255,449355,7738,100218,4.162390233057913,0.18235612011507116
6159,0.2765119047619047,0,1,0,156256,449354,7738,100218,4.162380970024825,0.1823564519298654
6160,0.2765238095238095,0,2,0,156258,449352,7738,100218,4.16236244395865,0.1823571155630766
6161,0.276547619047619,0,1,0,156259,449351,7738,100218,4.162353180925562,0.1823574473814935
6162,0.2765595238095237,0,1,0,156260,449350,7738,100218,4.162343917892475,0.18235777920111798
6163,0.2765833333333333,0,1,0,156261,449349,7738,100218,4.162334654859388,0.18235811102195001
6164,0.2766190476190476,0,2,0,156263,449347,7738,100218,4.162316128793212,0.18235877466723682
6165,0.2766406926406926,0,1,0,156264,449346,7738,100218,4.162306865760124,0.1823591064916916
6166,0.2766648351648351,0,3,0,156267,449343,7738,100218,4.1622790766608615,0.18236010197230154
6167,0.2766666666666666,36,742,36,157009,448601,7774,100182,4.1554059061098965,0.1825530309794582
6168,0.2766666666666667,0,4,0,157013,448597,7774,100182,4.155368853977547,0.18255436159182475
6169,0.2767142857142857,0,1,0,157014,448596,7774,100182,4.1553595909444585,0.18255469424794726
6170,0.2767857142857142,0,2,0,157016,448594,7774,100182,4.155341064878284,0.18255535956382932
6171,0.2767857142857143,0,2,0,157018,448592,7774,100182,4.155322538812109,0.18255602488456085
6172,0.2768333333333333,3,11,3,157029,448581,7777,100179,4.1552206454481455,0.18255521539470806
6173,0.2768333333333334,0,6,0,157035,448575,7777,100179,4.15516506724962,0.1825572114280716
6174,0.2768571428571428,0,1,0,157036,448574,7777,100179,4.155155804216533,0.18255754410454247
6175,0.2769047619047619,0,2,0,157038,448572,7777,100179,4.155137278150358,0.18255820946112172
6176,0.2769166666666666,0,3,0,157041,448569,7777,100179,4.155109489051095,0.1825592075050843
6177,0.2769242424242424,0,1,0,157042,448568,7777,100179,4.155100226018007,0.1825595401888302
6178,0.2769722222222222,0,1,0,157043,448567,7777,100179,4.15509096298492,0.1825598728737886
6179,0.2769999999999999,5,56,5,157099,448511,7782,100174,4.154572233132017,0.18257105625267686
6180,0.277,0,4,0,157103,448507,7782,100174,4.154535180999667,0.18257238723411234
6181,0.277015873015873,0,1,0,157104,448506,7782,100174,4.154525917966579,0.18257271998250346
6182,0.2770238095238095,0,2,0,157106,448504,7782,100174,4.154507391900404,0.1825733854829244
6183,0.277047619047619,0,1,0,157107,448503,7782,100174,4.154498128867316,0.18257371823495427
6184,0.2770476190476191,0,1,0,157108,448502,7782,100174,4.154488865834229,0.18257405098819704
6185,0.2770595238095238,0,1,0,157109,448501,7782,100174,4.154479602801141,0.18257438374265275
6186,0.2770833333333333,0,1,0,157110,448500,7782,100174,4.154470339768054,0.1825747164983214
6187,0.277095238095238,0,2,0,157112,448498,7782,100174,4.154451813701878,0.18257538201329757
6188,0.2771428571428571,0,16,0,157128,448482,7782,100174,4.154303605172478,0.18258070630777756
6189,0.2771666666666667,1,19,1,157147,448463,7783,100173,4.154127607543814,0.18258553941046524
6190,0.2771794871794871,0,1,0,157148,448462,7783,100173,4.154118344510727,0.18258587221012149
6191,0.2772380952380952,0,2,0,157150,448460,7783,100173,4.154099818444552,0.18258653781307357
6192,0.2772619047619047,0,1,0,157151,448459,7783,100173,4.1540905554114635,0.18258687061636944
6193,0.2773333333333332,0,1,0,157152,448458,7783,100173,4.154081292378376,0.1825872034208785
6194,0.2773333333333333,1,37,1,157189,448421,7784,100172,4.153738560154137,0.18259802804629297
6195,0.2773333333333334,0,1,0,157190,448420,7784,100172,4.153729297121049,0.18259836089479978
6196,0.2773571428571428,0,1,0,157191,448419,7784,100172,4.153720034087962,0.18259869374452006
6197,0.2773809523809524,0,3,0,157194,448416,7784,100172,4.153692244988699,0.18259969230096174
6198,0.2773888888888888,0,2,0,157196,448414,7784,100172,4.153673718922524,0.18260035801132365
6199,0.2774047619047619,0,1,0,157197,448413,7784,100172,4.1536644558894364,0.18260069086832487
6200,0.2774285714285714,0,2,0,157199,448411,7784,100172,4.153645929823261,0.18260135658596785
6201,0.2774444444444444,0,1,0,157200,448410,7784,100172,4.153636666790174,0.18260168944660962
6202,0.2774999999999999,0,6,0,157206,448404,7784,100172,4.153581088591649,0.1826036866359447
6203,0.2775,22,383,22,157589,448021,7806,100150,4.150033346919115,0.1826984645302287
6204,0.2775079365079365,0,1,0,157590,448020,7806,100150,4.150024083886028,0.1826987978181951
6205,0.2775238095238095,0,1,0,157591,448019,7806,100150,4.15001482085294,0.18269913110737748
6206,0.2775714285714286,0,4,0,157595,448015,7806,100150,4.14997776872059,0.18270046427626718
6207,0.2775833333333333,0,3,0,157598,448012,7806,100150,4.1499499796213275,0.18270146416570285
6208,0.2776190476190476,1,2,1,157600,448010,7807,100149,4.149931453555152,0.18270063977787468
6209,0.2776428571428571,0,3,0,157603,448007,7807,100149,4.1499036644558895,0.1827016396792154
6210,0.2776666666666666,0,2,0,157605,448005,7807,100149,4.149885138389714,0.18270230628618964
6211,0.2776666666666667,2,41,2,157646,447964,7809,100147,4.149505354033125,0.1827129906168641
6212,0.2776796536796536,0,1,0,157647,447963,7809,100147,4.149496091000037,0.18271332396781667
6213,0.2777380952380952,0,1,0,157648,447962,7809,100147,4.14948682796695,0.18271365731998562
6214,0.27775,0,6,0,157654,447956,7809,100147,4.1494312497684245,0.18271565745854337
6215,0.2777777777777777,0,2,0,157656,447954,7809,100147,4.149412723702249,0.1827163241811272
6216,0.2777777777777778,0,2,0,157658,447952,7809,100147,4.149394197636074,0.18271699090857674
6217,0.2778333333333333,0,10,0,157668,447942,7809,100147,4.149301567305199,0.1827203246188119
6218,0.2778333333333334,0,3,0,157671,447939,7809,100147,4.149273778205936,0.18272132475560404
6219,0.2778571428571428,0,8,0,157679,447931,7809,100147,4.149199673941236,0.18272399184057744
6220,0.2778809523809524,0,1,0,157680,447930,7809,100147,4.149190410908147,0.18272432523167365
6221,0.2778888888888889,1,0,1,157680,447930,7810,100146,4.149190410908147,0.18272283405951
6222,0.2779047619047619,0,2,0,157682,447928,7810,100146,4.149171884841973,0.1827235008411273
6223,0.2779166666666666,0,2,0,157684,447926,7810,100146,4.149153358775798,0.18272416762761098
6224,0.2779166666666667,0,1,0,157685,447925,7810,100146,4.14914409574271,0.18272450102267773
6225,0.2779426406926407,0,1,0,157686,447924,7810,100146,4.149134832709622,0.1827248344189611
6226,0.2779545454545454,0,1,0,157687,447923,7810,100146,4.149125569676535,0.18272516781646106
6227,0.2779761904761905,0,2,0,157689,447921,7810,100146,4.14910704361036,0.18272583461511094
6228,0.2779999999999999,0,5,0,157694,447916,7810,100146,4.149060728444922,0.18272750163302692
6229,0.278,5,80,5,157774,447836,7815,100141,4.148319685797918,0.18274672112150692
6230,0.2780151515151515,0,1,0,157775,447835,7815,100141,4.14831042276483,0.18274705461553062
6231,0.2780238095238095,0,1,0,157776,447834,7815,100141,4.1483011597317425,0.18274738811077149
6232,0.2780476190476191,1,0,1,157776,447834,7816,100140,4.1483011597317425,0.18274589670312824
6233,0.2780833333333333,0,1,0,157777,447833,7816,100140,4.148291896698655,0.18274623019747324
6234,0.278095238095238,0,3,0,157780,447830,7816,100140,4.148264107599393,0.18274723068781137
6235,0.2780952380952381,0,4,0,157784,447826,7816,100140,4.148227055467042,0.18274856469196993
6236,0.2781349206349206,0,1,0,157785,447825,7816,100140,4.148217792433955,0.18274889819605267
6237,0.2781428571428571,0,4,0,157789,447821,7816,100140,4.148180740301604,0.18275023222455614
6238,0.2781666666666666,0,9,0,157798,447812,7816,100140,4.148097373003816,0.18275323385990014
6239,0.2781666666666667,2,14,2,157812,447798,7818,100138,4.1479676905405904,0.18275492028266074
6240,0.2781818181818181,0,1,0,157813,447797,7818,100138,4.147958427507503,0.18275525381660235
6241,0.2781904761904762,0,1,0,157814,447796,7818,100138,4.147949164474415,0.18275558735176134
6242,0.2782142857142857,1,3,1,157817,447793,7819,100137,4.1479213753751525,0.1827550964539266
6243,0.2782380952380953,0,1,0,157818,447792,7819,100137,4.147912112342065,0.18275542999184202
6244,0.27825,0,1,0,157819,447791,7819,100137,4.147902849308978,0.18275576353097486
6245,0.2782857142857142,0,2,0,157821,447789,7819,100137,4.147884323242803,0.18275643061289298
6246,0.2782857142857143,0,1,0,157822,447788,7819,100137,4.147875060209715,0.18275676415567824
6247,0.2783333333333332,2,4,2,157826,447784,7821,100135,4.147838008077365,0.18275511526338747
6248,0.2783333333333333,22,279,22,158105,447505,7843,100113,4.145253621845937,0.1828153932120566
6249,0.2783333333333334,14,144,14,158249,447361,7857,100099,4.143919745081329,0.18284258210645526
6250,0.2783571428571428,0,1,0,158250,447360,7857,100099,4.143910482048242,0.18284291609052003
6251,0.278376984126984,0,3,0,158253,447357,7857,100099,4.14388269294898,0.18284391805003508
6252,0.2784285714285714,0,2,0,158255,447355,7857,100099,4.143864166882804,0.18284458602914583
6253,0.2784444444444444,0,2,0,158257,447353,7857,100099,4.143845640816629,0.18284525401313723
6254,0.278452380952381,0,2,0,158259,447351,7857,100099,4.1438271147504535,0.1828459220020093
6255,0.2784722222222222,1,0,1,158259,447351,7858,100098,4.1438271147504535,0.18284442934410328
6256,0.2784999999999999,1,2,1,158261,447349,7859,100097,4.143808588684279,0.182843604666031
6257,0.2785,0,18,0,158279,447331,7859,100097,4.143641854088703,0.1828496167532534
6258,0.2785238095238095,0,2,0,158281,447329,7859,100097,4.143623328022528,0.18285028478735024
6259,0.2785454545454545,0,1,0,158282,447328,7859,100097,4.14361406498944,0.18285061880622916
6260,0.2785595238095238,0,1,0,158283,447327,7859,100097,4.143604801956353,0.1828509528263284
6261,0.2785714285714286,0,7,0,158290,447320,7859,100097,4.143539960724739,0.18285329100119288
6262,0.2785833333333333,0,2,0,158292,447318,7859,100097,4.143521434658565,0.1828539590621375
6263,0.2786190476190476,1,2,1,158294,447316,7860,100096,4.14350290859239,0.18285313438507012
6264,0.2786363636363636,0,1,0,158295,447315,7860,100096,4.143493645559302,0.18285346841769712
6265,0.2786666666666666,1,6,1,158301,447309,7861,100095,4.143438067360776,0.18285397987592344
6266,0.2786666666666667,2,27,2,158328,447282,7863,100093,4.143187965467413,0.1828600137017584
6267,0.2786818181818182,1,1,1,158329,447281,7864,100092,4.143178702434325,0.18285885493073278
6268,0.2786904761904761,0,5,0,158334,447276,7864,100092,4.143132387268888,0.18286052527732713
6269,0.2786904761904762,0,2,0,158336,447274,7864,100092,4.143113861202712,0.18286119342450938
6270,0.2787063492063492,0,1,0,158337,447273,7864,100092,4.143104598169625,0.18286152749993148
6271,0.2787261904761904,0,1,0,158338,447272,7864,100092,4.143095335136537,0.18286186157657427
6272,0.27875,2,11,2,158349,447261,7866,100090,4.142993441772574,0.18286255072156624
6273,0.2787698412698413,0,1,0,158350,447260,7866,100090,4.1429841787394865,0.18286288480862337
6274,0.2787857142857143,0,2,0,158352,447258,7866,100090,4.142965652673311,0.1828635529863999
6275,0.2788095238095238,0,2,0,158354,447256,7866,100090,4.142947126607136,0.18286422116905943
6276,0.2788333333333333,1,10,1,158364,447246,7867,100089,4.142854496276261,0.1828660692263422
6277,0.2788333333333334,4,5,4,158369,447241,7871,100085,4.142808181110823,0.18286176794086156
6278,0.2788412698412698,1,0,1,158369,447241,7872,100084,4.142808181110823,0.1828602749737359
6279,0.2788787878787879,0,1,0,158370,447240,7872,100084,4.142798918077736,0.1828606090725055
6280,0.2788888888888889,0,1,0,158371,447239,7872,100084,4.1427896550446475,0.18286094317249596
6281,0.2789087301587301,0,1,0,158372,447238,7872,100084,4.14278039201156,0.18286127727370724
6282,0.2789285714285714,1,2,1,158374,447236,7873,100083,4.142761865945385,0.18286045249662444
6283,0.2789999999999999,4,71,4,158445,447165,7877,100079,4.142104190596169,0.18287820423796333
6284,0.279,1,7,1,158452,447158,7878,100078,4.1420393493645555,0.1828790503548743
6285,0.2790079365079365,0,2,0,158454,447156,7878,100078,4.142020823298381,0.18287971873092682
6286,0.2790238095238095,0,2,0,158456,447154,7878,100078,4.142002297232206,0.1828803871118648
6287,0.2790277777777777,0,2,0,158458,447152,7878,100078,4.14198377116603,0.18288105549768835
6288,0.279047619047619,0,3,0,158461,447149,7878,100078,4.141955982066768,0.18288205808558422
6289,0.2790555555555556,0,1,0,158462,447148,7878,100078,4.1419467190336805,0.18288239228399236
6290,0.2790714285714285,0,3,0,158465,447145,7878,100078,4.141918929934418,0.18288339488654534
6291,0.2790768398268398,0,1,0,158466,447144,7878,100078,4.14190966690133,0.18288372908983921
6292,0.2790833333333333,0,2,0,158468,447142,7878,100078,4.141891140835155,0.18288439750009136
6293,0.2791071428571428,0,1,0,158469,447141,7878,100078,4.141881877802067,0.18288473170704964
6294,0.2791428571428571,0,1,0,158470,447140,7878,100078,4.14187261476898,0.1828850659152294
6295,0.2791666666666666,5,62,5,158532,447078,7883,100073,4.141298306717552,0.182898322400946
6296,0.2791666666666667,5,87,5,158619,446991,7888,100068,4.140492422838935,0.18291994099356743
6297,0.2792023809523809,0,2,0,158621,446989,7888,100068,4.140473896772759,0.18292060973536578
6298,0.2792142857142857,0,1,0,158622,446988,7888,100068,4.140464633739672,0.18292094410809862
6299,0.2792380952380952,0,2,0,158624,446986,7888,100068,4.140446107673497,0.18292161285723166
6300,0.27925,0,2,0,158626,446984,7888,100068,4.140427581607321,0.1829222816112545
6301,0.2792857142857142,0,2,0,158628,446982,7888,100068,4.140409055541147,0.18292295037016726
6302,0.2792857142857143,0,8,0,158636,446974,7888,100068,4.140334951276446,0.18292562545471827
6303,0.2793333333333333,4,52,4,158688,446922,7892,100064,4.139853273555893,0.18293704043613548
6304,0.2793333333333334,0,8,0,158696,446914,7892,100064,4.1397791692911925,0.1829397160397676
6305,0.2793690476190476,0,2,0,158698,446912,7892,100064,4.139760643225018,0.1829403849529047
6306,0.2793809523809523,0,2,0,158700,446910,7892,100064,4.139742117158843,0.18294105387093354
6307,0.2793809523809524,0,1,0,158701,446909,7892,100064,4.1397328541257545,0.18294138833178236
6308,0.2793888888888889,0,1,0,158702,446908,7892,100064,4.139723591092667,0.18294172279385418
6309,0.2794285714285714,0,1,0,158703,446907,7892,100064,4.13971432805958,0.1829420572571489
6310,0.279437950937951,1,1,1,158704,446906,7893,100063,4.139705065026492,0.18294089793023005
6311,0.2794444444444444,0,2,0,158706,446904,7893,100063,4.1396865389603175,0.1829415668586953
6312,0.2794999999999999,0,10,0,158716,446894,7893,100063,4.1395939086294415,0.18294491157440165
6313,0.2795,0,1,0,158717,446893,7893,100063,4.139584645596354,0.18294524605269893
6314,0.2795238095238095,0,7,0,158724,446886,7893,100063,4.139519804364741,0.18294758743502593
6315,0.2795555555555555,0,1,0,158725,446885,7893,100063,4.139510541331654,0.18294792192310785
6316,0.2795833333333333,2,2,2,158727,446883,7895,100061,4.139492015265478,0.18294560320617834
6317,0.2796190476190476,0,1,0,158728,446882,7895,100061,4.139482752232391,0.1829459376936902
6318,0.2796428571428571,0,1,0,158729,446881,7895,100061,4.139473489199303,0.1829462721824252
6319,0.2796666666666667,0,16,0,158745,446865,7895,100061,4.139325280669903,0.1829516241685347
6320,0.2797619047619047,0,1,0,158746,446864,7895,100061,4.139316017636815,0.18295195867806371
6321,0.2798333333333333,0,16,0,158762,446848,7895,100061,4.139167809107414,0.18295731099689344
6322,0.2798809523809524,0,1,0,158763,446847,7895,100061,4.139158546074326,0.18295764552721847
6323,0.2799285714285714,0,3,0,158766,446844,7895,100061,4.139130756975064,0.1829586491255337
6324,0.2799438339438339,0,1,0,158767,446843,7895,100061,4.1391214939419765,0.18295898366075217
6325,0.2799999999999999,4,36,4,158803,446807,7899,100057,4.138788024750824,0.18296505163989585
6326,0.28,270,3786,270,162589,443021,8169,99787,4.103718181481344,0.183834799781875
6327,0.280047619047619,1,1,1,162590,443020,8170,99786,4.103708918448257,0.18383363485296772
6328,0.2800833333333333,0,1,0,162591,443019,8170,99786,4.103699655415169,0.18383397352640451
6329,0.2800952380952381,0,1,0,162592,443018,8170,99786,4.103690392382082,0.18383431220108917
6330,0.2801666666666666,1,3,1,162595,443015,8171,99785,4.103662603282819,0.18383382461311717
6331,0.2801666666666667,0,17,0,162612,442998,8171,99785,4.103505131720331,0.18383958230084582
6332,0.2801785714285714,0,1,0,162613,442997,8171,99785,4.103495868687243,0.18383992099959098
6333,0.2802222222222222,0,1,0,162614,442996,8171,99785,4.1034866056541555,0.18384025969958417
6334,0.2802380952380952,1,3,1,162617,442993,8172,99784,4.103458816554893,0.18383977213478095
6335,0.28025,0,4,0,162621,442989,8172,99784,4.103421764422542,0.18384112695362517
6336,0.2802857142857143,0,2,0,162623,442987,8172,99784,4.103403238356368,0.18384180437053563
6337,0.2803015873015873,0,1,0,162624,442986,8172,99784,4.1033939753232795,0.18384214308086297
6338,0.2803333333333332,1,1,1,162625,442985,8173,99783,4.103384712290192,0.183840978097456
6339,0.2803333333333333,3,33,3,162658,442952,8176,99780,4.103079032198303,0.18384764487813507
6340,0.2803571428571428,0,2,0,162660,442950,8176,99780,4.1030605061321275,0.18384832237023935
6341,0.2804047619047619,0,1,0,162661,442949,8176,99780,4.10305124309904,0.18384866111816395
6342,0.2804166666666666,0,4,0,162665,442945,8176,99780,4.10301419096669,0.18385001612234558
6343,0.2804166666666667,1,1,1,162666,442944,8177,99779,4.103004927933602,0.18384885107135684
6344,0.2804285714285714,0,3,0,162669,442941,8177,99779,4.10297713883434,0.18384986733490566
6345,0.2804444444444444,0,1,0,162670,442940,8177,99779,4.102967875801252,0.18385020609191866
6346,0.2804523809523809,0,1,0,162671,442939,8177,99779,4.102958612768165,0.18385054485018001
6347,0.2804761904761904,1,0,1,162671,442939,8178,99778,4.102958612768165,0.1838490410287498
6348,0.2804761904761905,0,4,0,162675,442935,8178,99778,4.1029215606358145,0.18385039606569217
6349,0.2804999999999999,0,3,0,162678,442932,8178,99778,4.102893771536552,0.18385141235650715
6350,0.2805,2,15,2,162693,442917,8180,99776,4.102754826040239,0.18385348622517703
6351,0.2805555555555555,0,1,0,162694,442916,8180,99776,4.102745563007151,0.18385382500571226
6352,0.2805714285714286,1,2,1,162696,442914,8181,99775,4.102727036940976,0.1838529986788013
6353,0.2805952380952381,0,2,0,162698,442912,8181,99775,4.102708510874801,0.18385367624431762
6354,0.2806547619047618,0,1,0,162699,442911,8181,99775,4.102699247841714,0.1838540150289486
6355,0.2806666666666666,2,13,2,162712,442898,8183,99773,4.102578828411575,0.183855411473987
6356,0.2806666666666667,3,43,3,162755,442855,8186,99770,4.102180517988811,0.18386546878599402
6357,0.2807142857142857,1,12,1,162767,442843,8187,99769,4.102069361591759,0.1838680309318629
6358,0.2807777777777778,0,1,0,162768,442842,8187,99769,4.102060098558672,0.18386836978977572
6359,0.2807813852813853,0,1,0,162769,442841,8187,99769,4.102050835525585,0.18386870864893753
6360,0.2807857142857142,0,1,0,162770,442840,8187,99769,4.102041572492497,0.18386904750934835
6361,0.2808333333333333,8,68,8,162838,442772,8195,99761,4.101411686242543,0.183880058908859
6362,0.2808333333333334,4,47,4,162885,442725,8199,99757,4.100976323687428,0.18388997238618054
6363,0.2808571428571428,0,1,0,162886,442724,8199,99757,4.100967060654341,0.18389031136574369
6364,0.2809047619047619,0,1,0,162887,442723,8199,99757,4.100957797621253,0.18389065034655655
6365,0.2809523809523809,0,6,0,162893,442717,8199,99757,4.100902219422728,0.1838926842576787
6366,0.280952380952381,0,2,0,162895,442715,8199,99757,4.100883693356552,0.183893362238051
6367,0.280968253968254,0,1,0,162896,442714,8199,99757,4.100874430323465,0.18389370123011184
6368,0.2809999999999999,3,10,3,162906,442704,8202,99754,4.10078179999259,0.18389257785856233
6369,0.281,11,77,11,162983,442627,8213,99743,4.100068546444848,0.18390213323008278
6370,0.281031746031746,1,0,1,162983,442627,8214,99742,4.100068546444848,0.18390062853887298
6371,0.2810476190476191,0,1,0,162984,442626,8214,99742,4.100059283411761,0.18390096760870847
6372,0.2810714285714286,0,2,0,162986,442624,8214,99742,4.100040757345585,0.18390164575213047
6373,0.2810952380952381,0,1,0,162987,442623,8214,99742,4.100031494312498,0.18390198482571699
6374,0.2811111111111111,1,2,1,162989,442621,8215,99741,4.100012968246323,0.18390115826698772
6375,0.2811428571428571,0,2,0,162991,442619,8215,99741,4.099994442180147,0.18390183641861493
6376,0.2811666666666666,0,4,0,162995,442615,8215,99741,4.0999573900477975,0.18390319273687394
6377,0.2811666666666667,0,6,0,163001,442609,8215,99741,4.099901811849272,0.1839052272517747
6378,0.2811904761904761,0,2,0,163003,442607,8215,99741,4.099883285783097,0.18390590543341176
6379,0.2811904761904762,0,1,0,163004,442606,8215,99741,4.09987402275001,0.183906244526106
6380,0.2812222222222222,0,1,0,163005,442605,8215,99741,4.0998647597169215,0.18390658362005066
6381,0.2812499999999999,0,2,0,163007,442603,8215,99741,4.099846233650746,0.18390726181169148
6382,0.28125,1,9,1,163016,442594,8216,99740,4.099762866352958,0.1839088089627425
6383,0.2812601646719293,0,1,0,163017,442593,8216,99740,4.099753603319871,0.18390914806954398
6384,0.2812619047619047,0,1,0,163018,442592,8216,99740,4.099744340286784,0.183909487177596
6385,0.2812857142857142,0,1,0,163019,442591,8216,99740,4.099735077253696,0.1839098262868986
6386,0.2812885154061624,0,1,0,163020,442590,8216,99740,4.0997258142206086,0.18391016539745172
6387,0.2813095238095238,0,1,0,163021,442589,8216,99740,4.09971655118752,0.18391050450925545
6388,0.2813333333333332,0,2,0,163023,442587,8216,99740,4.099698025121346,0.18391118273661464
6389,0.2813333333333333,1,22,1,163045,442565,8217,99739,4.09949423839342,0.18391713872661827
6390,0.2813333333333334,0,8,0,163053,442557,8217,99739,4.099420134128719,0.18391985188900525
6391,0.2813809523809524,0,1,0,163054,442556,8217,99739,4.099410871095632,0.18392019103993215
6392,0.2814166666666667,0,1,0,163055,442555,8217,99739,4.099401608062544,0.18392053019210983
6393,0.2814285714285713,0,1,0,163056,442554,8217,99739,4.0993923450294565,0.1839208693455383
6394,0.2814285714285714,3,9,3,163065,442545,8220,99736,4.099308977731669,0.18391940709705853
6395,0.2814404761904762,0,1,0,163066,442544,8220,99736,4.099299714698581,0.18391974625654645
6396,0.2815,3,25,3,163091,442519,8223,99733,4.099068138871392,0.18392371074703273
6397,0.2815151515151515,0,1,0,163092,442518,8223,99733,4.099058875838304,0.18392404993259578
6398,0.281547619047619,0,4,0,163096,442514,8223,99733,4.099021823705955,0.18392540668735835
6399,0.281595238095238,1,0,1,163096,442514,8224,99732,4.099021823705955,0.1839239016977534
6400,0.2816363636363636,0,1,0,163097,442513,8224,99732,4.0990125606728665,0.18392424088742174
6401,0.2816666666666666,10,164,10,163261,442349,8234,99722,4.097493423246508,0.18396483117525195
6402,0.2816666666666667,16,224,16,163485,442125,8250,99706,4.095418503834896,0.18401678752230863
6403,0.2817023809523809,0,1,0,163486,442124,8250,99706,4.095409240801808,0.1840171271431999
6404,0.2817142857142857,0,1,0,163487,442123,8250,99706,4.095399977768721,0.18401746676534478
6405,0.2817460317460317,0,1,0,163488,442122,8250,99706,4.095390714735633,0.1840178063887433
6406,0.28175,0,1,0,163489,442121,8250,99706,4.095381451702545,0.18401814601339542
6407,0.2817857142857142,0,2,0,163491,442119,8250,99706,4.09536292563637,0.18401882526646057
6408,0.2817857142857143,0,1,0,163492,442118,8250,99706,4.095353662603283,0.1840191648948736
6409,0.2818253968253968,0,1,0,163493,442117,8250,99706,4.0953443995701955,0.1840195045245403
6410,0.2818333333333333,2,23,2,163516,442094,8252,99704,4.095131349809182,0.18402430426099764
6411,0.2818333333333334,0,3,0,163519,442091,8252,99704,4.095103560709918,0.1840253232311114
6412,0.2818809523809523,0,1,0,163520,442090,8252,99704,4.095094297676831,0.18402566289032363
6413,0.2819285714285714,0,5,0,163525,442085,8252,99704,4.095047982511393,0.18402736120519242
6414,0.2819444444444444,0,1,0,163526,442084,8252,99704,4.095038719478306,0.18402770087192777
6415,0.282,7,86,7,163612,441998,8259,99697,4.094242098632776,0.1840463729589529
6416,0.2820238095238095,0,1,0,163613,441997,8259,99697,4.094232835599689,0.18404671271972736
6417,0.2821363636363636,0,1,0,163614,441996,8259,99697,4.094223572566602,0.18404705248175626
6418,0.2821428571428571,0,3,0,163617,441993,8259,99697,4.094195783467338,0.18404807177536966
6419,0.2821666666666667,1,16,1,163633,441977,8260,99696,4.094047574937938,0.18405200185351678
6420,0.28225,0,3,0,163636,441974,8260,99696,4.094019785838675,0.18405302121217715
6421,0.2822738095238095,0,1,0,163637,441973,8260,99696,4.094010522805587,0.18405336100090647
6422,0.282313492063492,0,1,0,163638,441972,8260,99696,4.0940012597725,0.18405370079089037
6423,0.2823333333333332,0,1,0,163639,441971,8260,99696,4.093991996739413,0.18405404058212887
6424,0.2823333333333333,1,30,1,163669,441941,8261,99695,4.093714105746786,0.18406272847447364
6425,0.2823571428571428,0,4,0,163673,441937,8261,99695,4.093677053614435,0.1840640877939265
6426,0.2823701298701298,1,0,1,163673,441937,8262,99694,4.093677053614435,0.18406258135151052
6427,0.2823809523809524,0,1,0,163674,441936,8262,99694,4.093667790581348,0.18406292118235695
6428,0.2824285714285714,0,5,0,163679,441931,8262,99694,4.09362147541591,0.18406462035541196
6429,0.2824444444444444,0,1,0,163680,441930,8262,99694,4.093612212382823,0.18406496019378757
6430,0.2824523809523809,0,1,0,163681,441929,8262,99694,4.0936029493497355,0.1840653000334181
6431,0.2824761904761905,0,2,0,163683,441927,8262,99694,4.09358442328356,0.18406597971644378
6432,0.2824960317460316,0,1,0,163684,441926,8262,99694,4.093575160250473,0.18406631955983901
6433,0.2825,30,395,30,164079,441531,8292,99664,4.089916262180888,0.18415543380851634
6434,0.2825555555555555,0,1,0,164080,441530,8292,99664,4.089906999147801,0.18415577408470898
6435,0.2825952380952381,0,1,0,164081,441529,8292,99664,4.089897736114714,0.18415611436215915
6436,0.2826071428571428,0,2,0,164083,441527,8292,99664,4.089879210048538,0.184156794920832
6437,0.2826190476190476,0,3,0,164086,441524,8292,99664,4.089851420949276,0.18415781576827275
6438,0.2826428571428571,0,3,0,164089,441521,8292,99664,4.089823631850013,0.18415883662703142
6439,0.2826666666666667,1,38,1,164127,441483,8293,99663,4.089471636592686,0.18417026089077623
6440,0.2827777777777778,0,3,0,164130,441480,8293,99663,4.089443847493423,0.18417128189776086
6441,0.2828095238095238,0,1,0,164131,441479,8293,99663,4.089434584460336,0.18417162223593808
6442,0.2828333333333333,0,7,0,164138,441472,8293,99663,4.089369743228723,0.18417400463839892
6443,0.2828571428571428,1,17,1,164155,441455,8294,99662,4.089212271666234,0.18417828307002
6444,0.2829047619047619,1,3,1,164158,441452,8295,99661,4.089184482566972,0.1841777965046118
6445,0.2829610389610389,0,2,0,164160,441450,8295,99661,4.089165956500796,0.1841784772440405
6446,0.2829761904761904,0,1,0,164161,441449,8295,99661,4.089156693467709,0.18417881761564192
6447,0.2829761904761905,0,4,0,164165,441445,8295,99661,4.089119641335359,0.1841801791146282
6448,0.283,4,56,4,164221,441389,8299,99657,4.088600911482456,0.1841932109284608
6449,0.2830238095238095,0,1,0,164222,441388,8299,99657,4.088591648449368,0.18419355136818563
6450,0.283047619047619,0,2,0,164224,441386,8299,99657,4.088573122383194,0.1841942322514107
6451,0.2830833333333333,1,0,1,164224,441386,8300,99656,4.088573122383194,0.18419272440956524
6452,0.2830952380952381,0,3,0,164227,441383,8300,99656,4.08854533328393,0.1841937457373683
6453,0.2831428571428571,1,2,1,164229,441381,8301,99655,4.088526807217756,0.18419291877065483
6454,0.2831666666666666,0,1,0,164230,441380,8301,99655,4.0885175441846675,0.18419325921613205
6455,0.2831666666666667,1,8,1,164238,441372,8302,99654,4.088443439919968,0.18419447494205454
6456,0.2831746031746032,0,4,0,164242,441368,8302,99654,4.088406387787617,0.18419583676819057
6457,0.2831904761904761,0,1,0,164243,441367,8302,99654,4.08839712475453,0.18419617722787102
6458,0.2831904761904762,0,1,0,164244,441366,8302,99654,4.088387861721442,0.18419651768881
6459,0.2832142857142857,0,3,0,164247,441363,8302,99654,4.088360072622179,0.18419753907917866
6460,0.2832380952380953,0,1,0,164248,441362,8302,99654,4.088350809589092,0.18419787954515207
6461,0.2832539682539682,0,2,0,164250,441360,8302,99654,4.0883322835229166,0.1841985604808748
6462,0.2832619047619047,0,2,0,164252,441358,8302,99654,4.088313757456741,0.18419924142163205
6463,0.2833333333333332,0,1,0,164253,441357,8302,99654,4.088304494423654,0.18419958189389865
6464,0.2833333333333333,26,496,26,164749,440861,8328,99628,4.083710030012227,0.1843293758059831
6465,0.2833333333333334,12,286,12,165035,440575,8340,99616,4.081060802549187,0.18440884798154727
6466,0.2833452380952381,0,1,0,165036,440574,8340,99616,4.081051539516099,0.1844091893592995
6467,0.2833571428571428,0,1,0,165037,440573,8340,99616,4.081042276483012,0.18440953073831567
6468,0.2834444444444444,0,2,0,165039,440571,8340,99616,4.081023750416836,0.18441021350013978
6469,0.2834523809523809,1,3,1,165042,440568,8341,99615,4.080995961317574,0.18440972781446288
6470,0.2834761904761904,0,1,0,165043,440567,8341,99615,4.0809866982844865,0.18441006919889963
6471,0.2834848484848485,0,1,0,165044,440566,8341,99615,4.080977435251398,0.18441041058460034
6472,0.2835,2,24,2,165068,440542,8343,99613,4.0807551224572975,0.18441558441558442
6473,0.2835714285714285,0,1,0,165069,440541,8343,99613,4.080745859424209,0.18441592582856
6474,0.2835714285714286,1,2,1,165071,440539,8344,99612,4.080727333358035,0.18441509874090764
6475,0.2835833333333333,0,5,0,165076,440534,8344,99612,4.080681018192597,0.18441680582657283
6476,0.2836071428571428,0,1,0,165077,440533,8344,99612,4.08067175515951,0.18441714724749836
6477,0.2836111111111111,0,2,0,165079,440531,8344,99612,4.080653229093334,0.184417830093142
6478,0.2836363636363636,0,1,0,165080,440530,8344,99612,4.080643966060247,0.1844181715178601
6479,0.2836428571428571,0,1,0,165081,440529,8344,99612,4.080634703027159,0.18441851294384243
6480,0.2836666666666666,1,8,1,165089,440521,8345,99611,4.0805605987624585,0.1844197344352862
6481,0.2836666666666667,2,18,2,165107,440503,8347,99609,4.080393864166883,0.1844228604437598
6482,0.2836904761904762,0,4,0,165111,440499,8347,99609,4.080356812034532,0.18442422626585794
6483,0.2837142857142857,2,4,2,165115,440495,8349,99607,4.080319759902182,0.18442257203269014
6484,0.28375,1,11,1,165126,440484,8350,99606,4.080217866538219,0.18442481808587458
6485,0.2837777777777778,0,1,0,165127,440483,8350,99606,4.080208603505132,0.18442515955703598
6486,0.2838095238095238,0,1,0,165128,440482,8350,99606,4.080199340472044,0.18442550102946187
6487,0.2838214285714285,0,2,0,165130,440480,8350,99606,4.080180814405869,0.1844261839781072
6488,0.2838333333333333,0,4,0,165134,440476,8350,99606,4.080143762273519,0.18442754989057217
6489,0.2838452380952381,0,3,0,165137,440473,8350,99606,4.080115973174256,0.18442857433819868
6490,0.2838571428571428,0,1,0,165138,440472,8350,99606,4.080106710141169,0.18442891582326998
6491,0.2838888888888889,0,2,0,165140,440470,8350,99606,4.080088184074993,0.18442959879720633
6492,0.2839047619047619,1,1,1,165141,440469,8351,99605,4.080078921041906,0.18442843017808672
6493,0.2839285714285714,0,1,0,165142,440468,8351,99605,4.080069658008818,0.18442877166605257
6494,0.284,4,157,4,165299,440311,8355,99601,4.078615361814072,0.18447635911037355
6495,0.284047619047619,1,4,1,165303,440307,8356,99600,4.078578309681722,0.18447621534819886
6496,0.2840555555555555,0,1,0,165304,440306,8356,99600,4.078569046648635,0.18447655703029786
6497,0.284095238095238,0,1,0,165305,440305,8356,99600,4.078559783615547,0.1844768987136626
6498,0.2841125541125541,1,1,1,165306,440304,8357,99599,4.07855052058246,0.18447572989963013
6499,0.2841190476190476,0,3,0,165309,440301,8357,99599,4.078522731483197,0.18447675495462124
6500,0.2841428571428571,0,1,0,165310,440300,8357,99599,4.078513468450109,0.18447709664214973
6501,0.2841666666666666,6,59,6,165369,440241,8363,99593,4.077966949497943,0.18448819451905585
6502,0.2841666666666667,8,79,8,165448,440162,8371,99585,4.077235169884027,0.1845031097903277
6503,0.2841764069264069,0,1,0,165449,440161,8371,99585,4.0772259068509396,0.18450345162354145
6504,0.2841904761904761,0,1,0,165450,440160,8371,99585,4.077216643817851,0.18450379345802184
6505,0.2842619047619047,0,2,0,165452,440158,8371,99585,4.077198117751677,0.1845044771307826
6506,0.2842857142857142,0,4,0,165456,440154,8371,99585,4.077161065619326,0.18450584449150423
6507,0.2842857142857143,1,10,1,165466,440144,8372,99584,4.077068435288451,0.1845077520528859
6508,0.2843095238095238,0,1,0,165467,440143,8372,99584,4.077059172255363,0.18450809390673434
6509,0.2843333333333333,3,36,3,165503,440107,8375,99581,4.076725703064211,0.18451586842768414
6510,0.2843333333333334,1,6,1,165509,440101,8376,99580,4.076670124865686,0.1845164087674015
6511,0.2843809523809523,0,1,0,165510,440100,8376,99580,4.076660861832599,0.18451675066706197
6512,0.2844285714285714,0,1,0,165511,440099,8376,99580,4.076651598799511,0.18451709256798948
6513,0.2844444444444444,0,3,0,165514,440096,8376,99580,4.076623809700248,0.18451811827837444
6514,0.2844642857142856,0,1,0,165515,440095,8376,99580,4.076614546667161,0.18451846018437024
6515,0.2844761904761904,0,1,0,165516,440094,8376,99580,4.076605283634073,0.1845188020916331
6516,0.2845,1,18,1,165534,440076,8377,99579,4.076438549038497,0.18452344553464714
6517,0.2845238095238095,0,7,0,165541,440069,8377,99579,4.0763737078068845,0.1845258390654649
6518,0.2845317460317459,0,1,0,165542,440068,8377,99579,4.076364444773796,0.18452618100350784
6519,0.2845833333333333,0,1,0,165543,440067,8377,99579,4.076355181740709,0.18452652294281807
6520,0.2846428571428571,0,5,0,165548,440062,8377,99579,4.076308866575271,0.18452823265837845
6521,0.284656862745098,0,1,0,165549,440061,8377,99579,4.076299603542184,0.18452857460529243
6522,0.2846666666666666,1,13,1,165562,440048,8378,99578,4.076179184112045,0.18453150885983996
6523,0.2846666666666667,2,22,2,165584,440026,8380,99576,4.075975397384119,0.18453600987394414
6524,0.2847222222222222,0,2,0,165586,440024,8380,99576,4.075956871317945,0.1845366938472943
6525,0.2847619047619047,0,7,0,165593,440017,8380,99576,4.075892030086331,0.1845390877939484
6526,0.2847777777777778,0,2,0,165595,440015,8380,99576,4.075873504020157,0.1845397717901151
6527,0.2847857142857142,1,3,1,165598,440012,8381,99575,4.075845714920893,0.18453928652840043
6528,0.2848095238095238,1,0,1,165598,440012,8382,99574,4.075845714920893,0.18453777525732692
6529,0.2848333333333333,4,11,4,165609,440001,8386,99570,4.07574382155693,0.18453549208537895
6530,0.2848853368853368,1,6,1,165615,439995,8387,99569,4.075688243358405,0.1845360327968508
6531,0.2849285714285714,0,1,0,165616,439994,8387,99569,4.075678980325318,0.18453637480701976
6532,0.2849444444444444,0,1,0,165617,439993,8387,99569,4.0756697172922305,0.18453671681845646
6533,0.285,93,1390,93,167007,438603,8480,99476,4.06279410130053,0.18487248155010697
6534,0.2850238095238095,0,1,0,167008,438602,8480,99476,4.062784838267442,0.1848728251294422
6535,0.285047619047619,0,2,0,167010,438600,8480,99476,4.062766312201267,0.18487351229194388
6536,0.2851190476190476,0,5,0,167015,438595,8480,99476,4.062719997035829,0.1848752302205471
6537,0.2851428571428571,0,2,0,167017,438593,8480,99476,4.062701470969654,0.18487591740092812
6538,0.2851666666666667,1,10,1,167027,438583,8481,99475,4.062608840638779,0.18487783844864308
6539,0.2851904761904762,0,2,0,167029,438581,8481,99475,4.062590314572604,0.18487852565532212
6540,0.2852380952380952,0,1,0,167030,438580,8481,99475,4.062581051539516,0.18487886926057745
6541,0.2852380952380953,1,0,1,167030,438580,8482,99474,4.062581051539516,0.1848773543175964
6542,0.2852619047619047,0,1,0,167031,438579,8482,99474,4.062571788506428,0.18487769792195194
6543,0.2852857142857143,0,1,0,167032,438578,8482,99474,4.062562525473341,0.1848780415275847
6544,0.2852976190476191,0,1,0,167033,438577,8482,99474,4.062553262440254,0.18487838513449467
6545,0.2853095238095238,0,1,0,167034,438576,8482,99474,4.062543999407166,0.1848787287426819
6546,0.2853333333333333,1,26,1,167060,438550,8483,99473,4.06230316054689,0.1848861479899558
6547,0.2853571428571428,0,3,0,167063,438547,8483,99473,4.062275371447627,0.18488717891528195
6548,0.2854166666666666,1,6,1,167069,438541,8484,99472,4.062219793249102,0.18488772576127344
6549,0.2854285714285714,0,1,0,167070,438540,8484,99472,4.062210530216014,0.1848880694110912
6550,0.2854761904761905,0,2,0,167072,438538,8484,99472,4.062192004149839,0.1848887567145592
6551,0.2855,2,19,2,167091,438519,8486,99470,4.0620160065211754,0.18489225616137134
6552,0.2855555555555555,0,3,0,167094,438516,8486,99470,4.061988217421913,0.18489328718591191
6553,0.2856428571428571,0,1,0,167095,438515,8486,99470,4.061978954388825,0.18489363086331403
6554,0.2856666666666666,0,11,0,167106,438504,8486,99470,4.061877061024862,0.1848974113990639
6555,0.2856666666666667,2,19,2,167125,438485,8488,99468,4.061701063396199,0.18490091141791198
6556,0.2856904761904762,0,2,0,167127,438483,8488,99468,4.061682537330023,0.18490159884450444
6557,0.2857142857142857,2,15,2,167142,438468,8490,99466,4.06154359183371,0.18490372424869966
6558,0.2857359307359308,0,1,0,167143,438467,8490,99466,4.061534328800622,0.18490406797872597
6559,0.2857619047619048,0,1,0,167144,438466,8490,99466,4.061525065767535,0.18490441171003028
6560,0.2857727272727272,1,1,1,167145,438465,8491,99465,4.061515802734448,0.18490324019853885
6561,0.2857738095238095,0,1,0,167146,438464,8491,99465,4.06150653970136,0.18490358393022127
6562,0.2858333333333333,8,113,8,167259,438351,8499,99457,4.060459816962466,0.18493030970160354
6563,0.2858333333333334,5,43,5,167302,438308,8504,99452,4.060061506539701,0.18493751859565605
6564,0.2858412698412698,0,1,0,167303,438307,8504,99452,4.060052243506614,0.1849378624997443
6565,0.2858492063492063,0,1,0,167304,438306,8504,99452,4.0600429804735265,0.1849382064051116
6566,0.2858549783549784,1,1,1,167305,438305,8505,99451,4.060033717440438,0.18493703464024577
6567,0.2859047619047619,0,1,0,167306,438304,8505,99451,4.060024454407351,0.18493737854599213
6568,0.2859444444444444,0,1,0,167307,438303,8505,99451,4.060015191374264,0.18493772245301754
6569,0.2859523809523809,0,4,0,167311,438299,8505,99451,4.059978139241913,0.18493909809390982
6570,0.2859761904761905,0,3,0,167314,438296,8505,99451,4.059950350142651,0.18494012983800934
6571,0.286,13,134,13,167448,438162,8518,99438,4.058709103708918,0.18496651785714285
6572,0.2860714285714286,0,2,0,167450,438160,8518,99438,4.058690577642744,0.18496720597918892
6573,0.2861111111111111,0,1,0,167451,438159,8518,99438,4.058681314609656,0.18496755004213195
6574,0.2861666666666666,0,8,0,167459,438151,8518,99438,4.058607210344955,0.1849703025917569
6575,0.2861666666666667,2,7,2,167466,438144,8520,99436,4.058542369113343,0.18496967893150787
6576,0.2861904761904761,0,6,0,167472,438138,8520,99436,4.0584867909148175,0.18497174342509123
6577,0.2861904761904762,0,4,0,167476,438134,8520,99436,4.058449738782467,0.18497311977974962
6578,0.2862261904761904,0,2,0,167478,438132,8520,99436,4.058431212716292,0.18497380796475982
6579,0.2862499999999999,0,2,0,167480,438130,8520,99436,4.058412686650117,0.18497449615489076
6580,0.28625,0,7,0,167487,438123,8520,99436,4.058347845418504,0.18497690486067575
6581,0.2862619047619048,0,2,0,167489,438121,8520,99436,4.058329319352329,0.18497759307385078
6582,0.2862777777777778,0,1,0,167490,438120,8520,99436,4.058320056319241,0.18497793718235866
6583,0.2862857142857142,0,1,0,167491,438119,8520,99436,4.058310793286154,0.18497828129214686
6584,0.2863030303030303,0,1,0,167492,438118,8520,99436,4.0583015302530665,0.1849786254032153
6585,0.2863333333333333,1,25,1,167517,438093,8521,99435,4.058069954425878,0.18498571237219272
6586,0.2863333333333334,0,10,0,167527,438083,8521,99435,4.057977324095002,0.18498915385159195
6587,0.2863571428571428,1,0,1,167527,438083,8522,99434,4.057977324095002,0.18498763760029915
6588,0.2863571428571429,0,1,0,167528,438082,8522,99434,4.057968061061914,0.1849879817531013
6589,0.2863809523809523,0,7,0,167535,438075,8522,99434,4.057903219830301,0.18499039085857166
6590,0.2863809523809524,0,1,0,167536,438074,8522,99434,4.057893956797214,0.18499073502161828
6591,0.2864285714285714,1,4,1,167540,438070,8523,99433,4.057856904664863,0.184990595401328
6592,0.2865,0,23,0,167563,438047,8523,99433,4.05764385490385,0.18499851157252362
6593,0.286547619047619,0,1,0,167564,438046,8523,99433,4.057634591870762,0.18499885576924865
6594,0.2865555555555555,0,1,0,167565,438045,8523,99433,4.057625328837674,0.18499919996725447
6595,0.2865714285714286,0,1,0,167566,438044,8523,99433,4.057616065804587,0.18499954416654107
6596,0.2865815850815851,0,1,0,167567,438043,8523,99433,4.0576068027715,0.18499988836710848
6597,0.286595238095238,0,2,0,167569,438041,8523,99433,4.057588276705324,0.18500057677208573
6598,0.2866190476190476,0,1,0,167570,438040,8523,99433,4.057579013672237,0.18500092097649556
6599,0.2866666666666666,29,336,29,167906,437704,8552,99404,4.054466634554819,0.18507264833143428
6600,0.2866666666666667,34,391,34,168297,437313,8586,99370,4.050844788617585,0.18515585550501878
6601,0.2867142857142857,0,1,0,168298,437312,8586,99370,4.050835525584497,0.1851562005060725
6602,0.2867619047619047,0,1,0,168299,437311,8586,99370,4.05082626255141,0.18515654550841187
6603,0.2867857142857142,1,3,1,168302,437308,8587,99369,4.050798473452147,0.18515606221246672
6604,0.2867857142857143,0,1,0,168303,437307,8587,99369,4.05078921041906,0.18515640721776266
6605,0.2868095238095238,1,0,1,168303,437307,8588,99368,4.05078921041906,0.1851548888992407
6606,0.2868214285714285,1,0,1,168303,437307,8589,99367,4.05078921041906,0.18515337057506046
6607,0.2868333333333333,1,7,1,168310,437300,8590,99366,4.050724369187447,0.1851542672723817
6608,0.2868333333333334,0,2,0,168312,437298,8590,99366,4.050705843121271,0.18515495729171325
6609,0.2868809523809523,0,1,0,168313,437297,8590,99366,4.050696580088184,0.18515530230330765
6610,0.2869047619047619,1,4,1,168317,437293,8591,99365,4.050659527955834,0.18515516399643722
6611,0.2869523809523809,1,1,1,168318,437292,8592,99364,4.050650264922746,0.18515399063832325
6612,0.286952380952381,0,2,0,168320,437290,8592,99364,4.050631738856572,0.18515468066948165
6613,0.287,5,49,5,168369,437241,8597,99359,4.050177850235281,0.1851639955273947
6614,0.2870238095238095,0,2,0,168371,437239,8597,99359,4.050159324169106,0.18516468566785563
6615,0.2870833333333333,0,4,0,168375,437235,8597,99359,4.050122272036756,0.1851660659642113
6616,0.2870952380952381,0,4,0,168379,437231,8597,99359,4.050085219904405,0.18516744628114576
6617,0.2871428571428571,2,14,2,168393,437217,8599,99357,4.049955537441179,0.18516924040300126
6618,0.2871587301587301,0,1,0,168394,437216,8599,99357,4.049946274408092,0.185169585499084
6619,0.2871666666666666,0,4,0,168398,437212,8599,99357,4.049909222275742,0.18517096589627802
6620,0.2871666666666667,0,7,0,168405,437205,8599,99357,4.049844381044129,0.18517338164089145
6621,0.2871904761904761,1,3,1,168408,437202,8600,99356,4.049816591944866,0.18517289836327108
6622,0.2871904761904762,0,1,0,168409,437201,8600,99356,4.049807328911779,0.18517324347646197
6623,0.2872222222222222,0,1,0,168410,437200,8600,99356,4.049798065878691,0.18517358859093924
6624,0.2872380952380952,0,1,0,168411,437199,8600,99356,4.049788802845604,0.18517393370670296
6625,0.2872460317460317,1,2,1,168413,437197,8601,99355,4.049770276779428,0.18517310530945744
6626,0.28725,0,5,0,168418,437192,8601,99355,4.049723961613991,0.18517483090950093
6627,0.2872619047619047,0,1,0,168419,437191,8601,99355,4.049714698580903,0.185175176033369
6628,0.2872698412698412,0,2,0,168421,437189,8601,99355,4.049696172514728,0.18517586628496452
6629,0.2872727272727273,1,0,1,168421,437189,8602,99354,4.049696172514728,0.18517434762917417
6630,0.2872823214367331,0,4,0,168425,437185,8602,99354,4.049659120382378,0.1851757281390542
6631,0.2872896825396825,0,6,0,168431,437179,8602,99354,4.049603542183853,0.18517779894246952
6632,0.2873333333333333,2,45,2,168476,437134,8604,99352,4.049186705694913,0.18519029387532945
6633,0.2873809523809523,2,5,2,168481,437129,8606,99350,4.049140390529475,0.18518898223416014
6634,0.2874285714285714,1,3,1,168484,437126,8607,99349,4.049112601430212,0.18518849899808937
6635,0.2874404761904762,0,2,0,168486,437124,8607,99349,4.049094075364037,0.18518918939070558
6636,0.2874448051948051,3,2,3,168488,437122,8610,99346,4.0490755492978625,0.18518532326252451
6637,0.2874523809523809,0,2,0,168490,437120,8610,99346,4.049057023231687,0.18518601365230974
6638,0.2874761904761904,0,3,0,168493,437117,8610,99346,4.0490292341324245,0.18518704924663956
6639,0.2875,26,379,26,168872,436738,8636,99320,4.045518544592241,0.18527845867424794
6640,0.2875714285714285,1,0,1,168872,436738,8637,99319,4.045518544592241,0.18527693883299723
6641,0.287595238095238,0,1,0,168873,436737,8637,99319,4.045509281559154,0.18527728446281733
6642,0.2876111111111111,0,1,0,168874,436736,8637,99319,4.0455000185260666,0.18527763009392692
6643,0.2876190476190476,0,9,0,168883,436727,8637,99319,4.045416651228278,0.1852807408319435
6644,0.2876666666666666,0,1,0,168884,436726,8637,99319,4.045407388195191,0.18528108647594885
6645,0.2876666666666667,2,31,2,168915,436695,8639,99317,4.0451202341694765,0.18528876219189122
6646,0.2877380952380952,0,1,0,168916,436694,8639,99317,4.045110971136389,0.18528910787278619
6647,0.28775,1,2,1,168918,436692,8640,99316,4.045092445070214,0.18528827927941374
6648,0.2877777777777777,0,1,0,168919,436691,8640,99316,4.045083182037126,0.18528862496198745
6649,0.2877777777777778,1,2,1,168921,436689,8641,99315,4.045064655970951,0.18528779635972867
6650,0.2877857142857143,0,1,0,168922,436688,8641,99315,4.045055392937863,0.18528814204398109
6651,0.2878278388278388,0,1,0,168923,436687,8641,99315,4.045046129904776,0.1852884877295234
6652,0.2878333333333333,1,11,1,168934,436676,8642,99314,4.044944236540813,0.1852907703501931
6653,0.2878571428571428,2,10,2,168944,436666,8644,99312,4.044851606209938,0.1852911873248529
6654,0.2879166666666666,0,3,0,168947,436663,8644,99312,4.044823817110674,0.1852922244507673
6655,0.2879761904761905,0,1,0,168948,436662,8644,99312,4.044814554077587,0.18529257016198547
6656,0.2879880952380952,0,1,0,168949,436661,8644,99312,4.0448052910445,0.18529291587449367
6657,0.288,9,89,9,169038,436572,8653,99303,4.043980881099707,0.18531000699790062
6658,0.2880357142857143,0,1,0,169039,436571,8653,99303,4.04397161806662,0.18531035280681651
6659,0.2880714285714286,0,1,0,169040,436570,8653,99303,4.043962355033532,0.18531069861702307
6660,0.2880952380952381,0,2,0,169042,436568,8653,99303,4.0439438289673575,0.18531139024130808
6661,0.2881190476190476,0,1,0,169043,436567,8653,99303,4.043934565934269,0.18531173605538656
6662,0.2881666666666666,0,3,0,169046,436564,8653,99303,4.043906776835007,0.18531277350536607
6663,0.2881666666666667,1,8,1,169054,436556,8654,99302,4.043832672570306,0.185314019758966
6664,0.2882142857142857,0,3,0,169057,436553,8654,99302,4.043804883471044,0.18531505724496367
6665,0.2882777777777777,0,1,0,169058,436552,8654,99302,4.043795620437956,0.18531540307621105
6666,0.2882857142857142,0,1,0,169059,436551,8654,99302,4.043786357404868,0.18531574890874922
6667,0.2882857142857143,0,1,0,169060,436550,8654,99302,4.043777094371781,0.18531609474257818
6668,0.2883095238095238,0,1,0,169061,436549,8654,99302,4.043767831338694,0.18531644057769792
6669,0.2883333333333333,47,380,47,169441,436169,8701,99255,4.040247878765423,0.1853764493186708
6670,0.2883611111111111,0,1,0,169442,436168,8701,99255,4.040238615732336,0.18537679554296324
6671,0.2883809523809524,1,0,1,169442,436168,8702,99254,4.040238615732336,0.18537527408287294
6672,0.2884523809523809,0,2,0,169444,436166,8702,99254,4.04022008966616,0.18537596653094768
6673,0.2884761904761905,0,1,0,169445,436165,8702,99254,4.040210826633072,0.18537631275692495
6674,0.2884999999999999,0,1,0,169446,436164,8702,99254,4.040201563599985,0.18537665898419553
6675,0.2885,4,32,4,169478,436132,8706,99250,4.039905146541184,0.18538165272646448
6676,0.2885714285714286,0,7,0,169485,436125,8706,99250,4.03984030530957,0.18538407658183517
6677,0.2885833333333333,0,2,0,169487,436123,8706,99250,4.039821779243395,0.185384769123583
6678,0.2886111111111111,1,3,1,169490,436120,8707,99249,4.039793990144132,0.1853842863520301
6679,0.2886309523809524,0,2,0,169492,436118,8707,99249,4.039775464077958,0.18538497890232308
6680,0.2886666666666666,1,12,1,169504,436106,8708,99248,4.039664307680907,0.18538761268244938
6681,0.2886666666666667,2,40,2,169544,436066,8710,99246,4.039293786357405,0.18539842185491825
6682,0.2886944444444443,0,2,0,169546,436064,8710,99246,4.039275260291229,0.18539911453176663
6683,0.2887499999999999,0,1,0,169547,436063,8710,99246,4.039265997258142,0.1853994608721318
6684,0.28875,0,5,0,169552,436058,8710,99246,4.039219682092704,0.18540119259336751
6685,0.2888095238095238,1,6,1,169558,436052,8711,99245,4.039164103894179,0.1854017489356376
6686,0.2888333333333333,0,10,0,169568,436042,8711,99245,4.039071473563304,0.18540521253084793
6687,0.2888333333333334,0,1,0,169569,436041,8711,99245,4.039062210530216,0.18540555889748658
6688,0.2888412698412698,0,1,0,169570,436040,8711,99245,4.039052947497129,0.18540590526541936
6689,0.2888888888888889,0,1,0,169571,436039,8711,99245,4.0390436844640405,0.18540625163464627
6690,0.2889166666666666,1,0,1,169571,436039,8712,99244,4.0390436844640405,0.18540472983449877
6691,0.2889166666666667,0,1,0,169572,436038,8712,99244,4.039034421430953,0.18540507620282393
6692,0.2889285714285714,1,1,1,169573,436037,8713,99243,4.039025158397866,0.1854039007622179
6693,0.2889318181818182,0,1,0,169574,436036,8713,99243,4.039015895364778,0.18540424713093545
6694,0.2889523809523809,0,1,0,169575,436035,8713,99243,4.039006632331691,0.18540459350094718
6695,0.2889920634920634,0,2,0,169577,436033,8713,99243,4.038988106265515,0.1854052862448531
6696,0.2889999999999999,0,1,0,169578,436032,8713,99243,4.038978843232428,0.18540563261874737
6697,0.289,5,84,5,169662,435948,8718,99238,4.0382007484530735,0.18542712253310065
6698,0.289047619047619,0,3,0,169665,435945,8718,99238,4.038172959353811,0.185428161955817
6699,0.2890476190476191,0,1,0,169666,435944,8718,99238,4.038163696320724,0.18542850843264536
6700,0.2890833333333333,1,0,1,169666,435944,8719,99237,4.038163696320724,0.18542698638404578
6701,0.289095238095238,0,1,0,169667,435943,8719,99237,4.038154433287636,0.18542733285997234
6702,0.2891071428571428,0,1,0,169668,435942,8719,99237,4.038145170254548,0.18542767933719373
6703,0.2891428571428571,0,1,0,169669,435941,8719,99237,4.03813590722146,0.1854280258157099
6704,0.2891666666666666,5,78,5,169747,435863,8724,99232,4.037413390640632,0.18544744391182874
6705,0.2891666666666667,4,86,4,169833,435777,8728,99228,4.036616769795102,0.18547116382089887
6706,0.2892142857142857,0,1,0,169834,435776,8728,99228,4.036607506762014,0.18547151049337948
6707,0.2892380952380952,0,1,0,169835,435775,8728,99228,4.0365982437289265,0.18547185716715608
6708,0.2892857142857142,0,4,0,169839,435771,8728,99228,4.036561191596577,0.1854732438752222
6709,0.2892857142857143,0,5,0,169844,435766,8728,99228,4.036514876431139,0.18547497728946494
6710,0.2893333333333333,3,39,3,169883,435727,8731,99225,4.036153618140724,0.1854839312685998
6711,0.2893333333333334,1,11,1,169894,435716,8732,99224,4.036051724776761,0.1854862227539537
6712,0.289345238095238,0,1,0,169895,435715,8732,99224,4.036042461743674,0.18548656949670897
6713,0.2893452380952381,0,1,0,169896,435714,8732,99224,4.0360331987105855,0.1854869162407606
6714,0.2893571428571428,0,1,0,169897,435713,8732,99224,4.036023935677498,0.18548726298610865
6715,0.2894047619047619,0,2,0,169899,435711,8732,99224,4.036005409611323,0.1854879564806939
6716,0.2894285714285714,0,2,0,169901,435709,8732,99224,4.0359868835451485,0.18548864998046485
6717,0.2894545454545454,1,0,1,169901,435709,8733,99223,4.0359868835451485,0.1854871273358109
6718,0.2895,1,29,1,169930,435680,8734,99222,4.035718255585609,0.1854956608874149
6719,0.2895238095238095,2,3,2,169933,435677,8736,99220,4.035690466486346,0.18549365578793675
6720,0.2895595238095238,0,2,0,169935,435675,8736,99220,4.035671940420171,0.18549434935828527
6721,0.2895714285714285,0,1,0,169936,435674,8736,99220,4.035662677387084,0.1854946961454045
6722,0.2895833333333333,0,3,0,169939,435671,8736,99220,4.035634888287821,0.1854957365145422
6723,0.289590909090909,0,2,0,169941,435669,8736,99220,4.035616362221646,0.18549643010045075
6724,0.2896428571428571,0,3,0,169944,435666,8736,99220,4.035588573122383,0.18549747048903878
6725,0.2896666666666666,0,12,0,169956,435654,8736,99220,4.035477416725333,0.18550163216009752
6726,0.2896666666666667,2,8,2,169964,435646,8738,99218,4.035403312460632,0.1855013610936612
6727,0.2897142857142857,0,1,0,169965,435645,8738,99218,4.035394049427545,0.18550170791398918
6728,0.2897222222222222,0,1,0,169966,435644,8738,99218,4.035384786394457,0.18550205473561404
6729,0.2897499999999999,1,0,1,169966,435644,8739,99217,4.035384786394457,0.18550053191389912
6730,0.2897619047619048,0,1,0,169967,435643,8739,99217,4.0353755233613695,0.18550087873462215
6731,0.2898073593073593,0,3,0,169970,435640,8739,99217,4.035347734262107,0.18550191920457243
6732,0.2898333333333333,2,20,2,169990,435620,8741,99215,4.035162473600356,0.18550581020314677
6733,0.2898690476190477,0,1,0,169991,435619,8741,99215,4.035153210567268,0.1855061570505989
6734,0.2898809523809523,0,3,0,169994,435616,8741,99215,4.035125421468005,0.18550719760073742
6735,0.2899166666666666,0,2,0,169996,435614,8741,99215,4.035106895401831,0.18550789130731504
6736,0.2899444444444444,0,1,0,169997,435613,8741,99215,4.035097632368743,0.18550823816254947
6737,0.29,247,3948,247,173945,431665,8988,98968,3.9985271777390787,0.1865093200008292
6738,0.2900476190476191,0,3,0,173948,431662,8988,98968,3.998499388639816,0.18651037446054688
6739,0.2901190476190476,0,3,0,173951,431659,8988,98968,3.9984715995405535,0.18651142893218778
6740,0.2901428571428571,0,1,0,173952,431658,8988,98968,3.998462336507466,0.18651178042538435
6741,0.2901666666666666,0,1,0,173953,431657,8988,98968,3.9984530734743786,0.18651213191990576
6742,0.2901666666666667,1,10,1,173963,431647,8989,98967,3.9983604431435027,0.18651411383793115
6743,0.2901904761904761,0,1,0,173964,431646,8989,98967,3.9983511801104155,0.18651446534479932
6744,0.2902380952380952,0,3,0,173967,431643,8989,98967,3.998323391011153,0.1865155198733533
6745,0.29025,0,1,0,173968,431642,8989,98967,3.998314127978065,0.18651587138552117
6746,0.2902777777777777,0,1,0,173969,431641,8989,98967,3.9983048649449775,0.18651622289901396
6747,0.2903095238095238,0,1,0,173970,431640,8989,98967,3.99829560191189,0.1865165744138317
6748,0.2903333333333333,3,21,3,173991,431619,8992,98964,3.998101078217051,0.1865193570091767
6749,0.2903333333333334,0,1,0,173992,431618,8992,98964,3.998091815183964,0.18651970854646407
6750,0.2903571428571428,0,4,0,173996,431614,8992,98964,3.9980547630516137,0.18652111470886468
6751,0.2904166666666666,0,3,0,173999,431611,8992,98964,3.998026973952351,0.186522169344579
6752,0.2904761904761905,0,2,0,174001,431609,8992,98964,3.9980084478861757,0.18652287244168098
6753,0.2905,0,12,0,174013,431597,8992,98964,3.9978972914891253,0.18652709113560928
6754,0.2905357142857143,0,1,0,174014,431596,8992,98964,3.9978880284560376,0.18652744270205066
6755,0.290547619047619,0,2,0,174016,431594,8992,98964,3.9978695023898627,0.18652814583890923
6756,0.2905555555555555,0,2,0,174018,431592,8992,98964,3.9978509763236874,0.18652884898106892
6757,0.2905952380952381,1,1,1,174019,431591,8993,98963,3.9978417132905997,0.1865276673062497
6758,0.2906071428571428,0,1,0,174020,431590,8993,98963,3.9978324502575124,0.18652801887841555
6759,0.2906190476190476,0,1,0,174021,431589,8993,98963,3.9978231872244248,0.1865283704519067
6760,0.2906666666666666,1,8,1,174029,431581,8994,98962,3.997749082959724,0.1865296498116081
6761,0.2906666666666667,2,33,2,174062,431548,8996,98960,3.997443402867835,0.1865381860405498
6762,0.2906818181818182,0,2,0,174064,431546,8996,98960,3.99742487680166,0.18653888928683182
6763,0.2907142857142857,0,10,0,174074,431536,8996,98960,3.9973322464707843,0.18654240559778018
6764,0.2908095238095238,0,1,0,174075,431535,8996,98960,3.9973229834376967,0.18654275723616623
6765,0.2908253968253968,0,1,0,174076,431534,8996,98960,3.9973137204046094,0.18654310887587797
6766,0.2908333333333333,10,140,10,174216,431394,9006,98950,3.996016895772352,0.1865770141643914
6767,0.2908888888888888,1,0,1,174216,431394,9007,98949,3.996016895772352,0.18657548039664895
6768,0.2909236874236874,0,1,0,174217,431393,9007,98949,3.996007632739264,0.18657583219884527
6769,0.2909523809523809,1,4,1,174221,431389,9008,98948,3.995970580606914,0.18657570563622752
6770,0.2909880952380952,0,1,0,174222,431388,9008,98948,3.995961317573826,0.1865760574428287
6771,0.291,6,77,6,174299,431311,9014,98942,3.9952480640260846,0.18659394666319662
6772,0.2910714285714286,0,3,0,174302,431308,9014,98942,3.995220274926822,0.1865950023573786
6773,0.2911111111111111,0,1,0,174303,431307,9014,98942,3.9952110118937343,0.18659535425809384
6774,0.2911363636363636,0,1,0,174304,431306,9014,98942,3.995201748860647,0.18659570616013638
6775,0.2911515151515151,0,1,0,174305,431305,9014,98942,3.9951924858275594,0.18659605806350626
6776,0.2911666666666666,0,3,0,174308,431302,9014,98942,3.9951646967282968,0.1865971137815798
6777,0.2911666666666667,2,6,2,174314,431296,9016,98940,3.9951091185297716,0.18659615718283934
6778,0.2911904761904761,0,4,0,174318,431292,9016,98940,3.9950720663974213,0.18659756483954193
6779,0.2911904761904762,0,2,0,174320,431290,9016,98940,3.995053540331246,0.18659826867585766
6780,0.2912142857142857,0,1,0,174321,431289,9016,98940,3.9950442772981587,0.18659862059600663
6781,0.2912380952380952,0,1,0,174322,431288,9016,98940,3.995035014265071,0.18659897251748306
6782,0.29125,2,5,2,174327,431283,9018,98938,3.994988699099633,0.18659766399293878
6783,0.2912857142857142,0,1,0,174328,431282,9018,98938,3.994979436066546,0.18659801591792086
6784,0.2913046675546675,1,1,1,174329,431281,9019,98937,3.994970173033458,0.18659683375517241
6785,0.2913095238095238,1,2,1,174331,431279,9020,98936,3.9949516469672828,0.1865960035080109
6786,0.2913214285714285,0,1,0,174332,431278,9020,98936,3.9949423839341955,0.1865963554338437
6787,0.2913333333333333,2,23,2,174355,431255,9022,98934,3.9947293341731815,0.18660138177140603
6788,0.2913333333333334,0,4,0,174359,431251,9022,98934,3.9946922820408313,0.1866027895923121
6789,0.2913571428571428,0,1,0,174360,431250,9022,98934,3.994683019007744,0.1866031415508578
6790,0.2913809523809523,0,1,0,174361,431249,9022,98934,3.9946737559746563,0.1866034935107312
6791,0.2914285714285714,1,16,1,174377,431233,9023,98933,3.9945255474452557,0.18660759083004191
6792,0.2914285714285715,0,1,0,174378,431232,9023,98933,3.994516284412168,0.1866079428102572
6793,0.2914999999999999,0,2,0,174380,431230,9023,98933,3.9944977583459926,0.18660864677467118
6794,0.2915,1,20,1,174400,431210,9024,98932,3.9943124976842417,0.18661415243463073
6795,0.2915119047619047,0,1,0,174401,431209,9024,98932,3.994303234651154,0.18661450444315758
6796,0.2915238095238094,0,1,0,174402,431208,9024,98932,3.9942939716180668,0.1866148564530124
6797,0.2915238095238095,0,1,0,174403,431207,9024,98932,3.994284708584979,0.18661520846419524
6798,0.291547619047619,0,1,0,174404,431206,9024,98932,3.9942754455518914,0.18661556047670608
6799,0.2915555555555555,0,1,0,174405,431205,9024,98932,3.994266182518804,0.1866159124905449
6800,0.2915714285714286,0,2,0,174407,431203,9024,98932,3.994247656452629,0.1866166165222066
6801,0.2915833333333333,0,1,0,174408,431202,9024,98932,3.994238393419541,0.18661696854002952
6802,0.2915952380952381,0,3,0,174411,431199,9024,98932,3.9942106043202785,0.18661802460146643
6803,0.2916111111111111,0,1,0,174412,431198,9024,98932,3.9942013412871913,0.1866183766246015
6804,0.2916190476190476,0,2,0,174414,431196,9024,98932,3.994182815221016,0.1866190806748559
6805,0.2916666666666666,10,163,10,174577,431033,9034,98922,3.992672940827745,0.18666113160551367
6806,0.2916666666666667,26,251,26,174828,430782,9060,98896,3.9903479195227685,0.18670966134141875
6807,0.2917142857142857,0,2,0,174830,430780,9060,98896,3.9903293934565935,0.18671036633715704
6808,0.2917261904761905,0,1,0,174831,430779,9060,98896,3.990320130423506,0.1867107188370227
6809,0.2917301587301587,1,2,1,174833,430777,9061,98895,3.990301604357331,0.18670988838375446
6810,0.2917619047619048,0,1,0,174834,430776,9061,98895,3.9902923413242433,0.1867102408853798
6811,0.2917727272727273,0,1,0,174835,430775,9061,98895,3.9902830782911556,0.18671059338833612
6812,0.2917857142857142,0,4,0,174839,430771,9061,98895,3.9902460261588053,0.18671200341347188
6813,0.2917857142857143,0,2,0,174841,430769,9061,98895,3.9902275000926304,0.1867127084340261
6814,0.2918333333333333,0,12,0,174853,430757,9061,98895,3.9901163436955795,0.18671693866916392
6815,0.2918333333333334,0,6,0,174859,430751,9061,98895,3.9900607654970544,0.186719053858615
6816,0.2918571428571428,0,3,0,174862,430748,9061,98895,3.9900329763977918,0.18672011147131182
6817,0.2919523809523809,0,1,0,174863,430747,9061,98895,3.990023713364704,0.18672046401153988
6818,0.291984126984127,0,1,0,174864,430746,9061,98895,3.9900144503316164,0.18672081655309916
6819,0.292,7,86,7,174950,430660,9068,98888,3.989217829486087,0.18674038991743902
6820,0.2920238095238095,0,1,0,174951,430659,9068,98888,3.9892085664529993,0.18674074255920625
6821,0.2920357142857143,0,1,0,174952,430658,9068,98888,3.989199303419912,0.18674109520230536
6822,0.292047619047619,0,1,0,174953,430657,9068,98888,3.9891900403868243,0.18674144784673635
6823,0.2920714285714285,0,1,0,174954,430656,9068,98888,3.9891807773537367,0.1867418004924992
6824,0.2920833333333333,2,0,2,174954,430656,9070,98886,3.9891807773537367,0.1867387289393476
6825,0.2920833333333334,0,1,0,174955,430655,9070,98886,3.989171514320649,0.18673908158197383
6826,0.2921428571428571,1,11,1,174966,430644,9071,98885,3.9890696209566863,0.18674142492668014
6827,0.2921666666666666,0,8,0,174974,430636,9071,98885,3.9889955166919857,0.18674424621497543
6828,0.2921666666666667,2,11,2,174985,430625,9073,98883,3.9888936233280226,0.18674505389909124
6829,0.2922142857142857,1,0,1,174985,430625,9074,98882,3.9888936233280226,0.186743518027146
6830,0.2922222222222222,0,3,0,174988,430622,9074,98882,3.98886583422876,0.18674457605608266
6831,0.2922380952380952,0,1,0,174989,430621,9074,98882,3.9888565711956723,0.1867449287350591
6832,0.29225,0,1,0,174990,430620,9074,98882,3.9888473081625846,0.18674528141536764
6833,0.2922619047619047,0,2,0,174992,430618,9074,98882,3.9888287820964097,0.1867459867799811
6834,0.2922619047619048,0,1,0,174993,430617,9074,98882,3.988819519063322,0.18674633946428607
6835,0.2922727272727272,0,1,0,174994,430616,9074,98882,3.9888102560302348,0.18674669214992312
6836,0.2922857142857143,0,1,0,174995,430615,9074,98882,3.988800992997147,0.18674704483689236
6837,0.2923333333333333,8,39,8,175034,430576,9082,98874,3.9884397347067324,0.18674851260742278
6838,0.2923333333333334,0,1,0,175035,430575,9082,98874,3.9884304716736447,0.18674886532980514
6839,0.2923809523809523,0,3,0,175038,430572,9082,98874,3.988402682574382,0.18674992350494668
6840,0.2923809523809524,0,2,0,175040,430570,9082,98874,3.988384156508207,0.18675062896170322
6841,0.2924444444444444,0,1,0,175041,430569,9082,98874,3.9883748934751195,0.18675098169208015
6842,0.2924523809523809,0,1,0,175042,430568,9082,98874,3.988365630442032,0.18675133442378958
6843,0.2925,33,367,33,175409,430201,9115,98841,3.9849660972988996,0.18683015715198414
6844,0.2925238095238095,0,1,0,175410,430200,9115,98841,3.984956834265812,0.18683051030071393
6845,0.292547619047619,0,1,0,175411,430199,9115,98841,3.9849475712327243,0.18683086345077876
6846,0.2926071428571428,0,1,0,175412,430198,9115,98841,3.984938308199637,0.18683121660217866
6847,0.2926190476190476,0,6,0,175418,430192,9115,98841,3.9848827300011114,0.18683333553861478
6848,0.2926666666666666,3,25,3,175443,430167,9118,98838,3.984651154173923,0.18683755352028808
6849,0.2926666666666667,0,16,0,175459,430151,9118,98838,3.984502945644522,0.1868432046791143
6850,0.2926904761904761,0,1,0,175460,430150,9118,98838,3.984493682611434,0.1868435578878916
6851,0.2927142857142856,0,3,0,175463,430147,9118,98838,3.9844658935121715,0.18684461752223597
6852,0.2927142857142857,0,1,0,175464,430146,9118,98838,3.9844566304790843,0.18684497073635498
6853,0.2927272727272727,0,1,0,175465,430145,9118,98838,3.9844473674459966,0.18684532395180942
6854,0.2927380952380952,0,1,0,175466,430144,9118,98838,3.984438104412909,0.18684567716859932
6855,0.29275,0,2,0,175468,430142,9118,98838,3.984419578346734,0.1868463836061855
6856,0.2927619047619047,0,1,0,175469,430141,9118,98838,3.9844103153136463,0.1868467368269818
6857,0.2927738095238094,0,1,0,175470,430140,9118,98838,3.9844010522805586,0.18684709004911357
6858,0.2927777777777778,0,2,0,175472,430138,9118,98838,3.9843825262143837,0.18684779649738362
6859,0.2928333333333333,0,6,0,175478,430132,9118,98838,3.9843269480158585,0.18684991587424618
6860,0.2928571428571428,1,8,1,175486,430124,9119,98837,3.984252843751158,0.1868512045311469
6861,0.2929047619047619,0,1,0,175487,430123,9119,98837,3.9842435807180703,0.1868515577737447
6862,0.2929166666666666,0,4,0,175491,430119,9119,98837,3.98420652858572,0.1868529707574921
6863,0.2929285714285714,2,1,2,175492,430118,9121,98835,3.9841972655526328,0.18685024945505554
6864,0.2929761904761904,0,1,0,175493,430117,9121,98835,3.984188002519545,0.18685060270119028
6865,0.293,8,59,8,175552,430058,9129,98827,3.9836414835673795,0.1868591470735604
6866,0.2930238095238095,0,1,0,175553,430057,9129,98827,3.983632220534292,0.1868595003819363
6867,0.293030303030303,0,1,0,175554,430056,9129,98827,3.983622957501204,0.18685985369164826
6868,0.2930833333333333,0,1,0,175555,430055,9129,98827,3.983613694468117,0.18686020700269626
6869,0.2930952380952381,0,5,0,175560,430050,9129,98827,3.983567379302679,0.18686197357797749
6870,0.2931071428571428,0,1,0,175561,430049,9129,98827,3.983558116269591,0.18686232689704202
6871,0.2931204906204906,0,2,0,175563,430047,9129,98827,3.9835395902034163,0.18686303353917946
6872,0.2931428571428571,0,1,0,175564,430046,9129,98827,3.9835303271703286,0.18686338686225237
6873,0.2931666666666666,1,5,1,175569,430041,9130,98826,3.9834840120048907,0.18686361599419135
6874,0.2931666666666667,1,9,1,175578,430032,9131,98825,3.983400644707103,0.18686525847251714
6875,0.2931904761904761,0,1,0,175579,430031,9131,98825,3.983391381674015,0.18686561181115463
6876,0.2932142857142857,1,8,1,175587,430023,9132,98824,3.983317277409315,0.1868669010129584
6877,0.2932229437229438,0,1,0,175588,430022,9132,98824,3.9833080143762274,0.1868672543613831
6878,0.2932380952380952,0,1,0,175589,430021,9132,98824,3.9832987513431397,0.1868676077111441
6879,0.29325,0,1,0,175590,430020,9132,98824,3.983289488310052,0.1868679610622414
6880,0.2933333333333333,62,765,62,176355,429255,9194,98762,3.9762032679980734,0.18704322019934963
6881,0.2933787878787878,0,1,0,176356,429254,9194,98762,3.9761940049649858,0.18704357443713826
6882,0.2934523809523809,0,1,0,176357,429253,9194,98762,3.976184741931898,0.18704392867626868
6883,0.2934999999999999,0,1,0,176358,429252,9194,98762,3.976175478898811,0.18704428291674086
6884,0.2935,2,34,2,176392,429218,9196,98760,3.9758605357738337,0.18705324843080584
6885,0.2935039682539682,0,4,0,176396,429214,9196,98760,3.9758234836414834,0.1870546655706531
6886,0.2935238095238095,0,4,0,176400,429210,9196,98760,3.975786431509133,0.1870560827319734
6887,0.2935454545454545,0,2,0,176402,429208,9196,98760,3.975767905442958,0.1870567913206861
6888,0.2935714285714286,0,3,0,176405,429205,9196,98760,3.9757401163436956,0.18705785421382098
6889,0.2936111111111111,0,1,0,176406,429204,9196,98760,3.975730853310608,0.18705820851421687
6890,0.2936190476190476,0,4,0,176410,429200,9196,98760,3.9756938011782577,0.1870596257292219
6891,0.293625541125541,0,3,0,176413,429197,9196,98760,3.975666012078995,0.18706068865456846
6892,0.2936309523809524,0,1,0,176414,429196,9196,98760,3.9756567490459074,0.1870610429657017
6893,0.2936428571428571,0,1,0,176415,429195,9196,98760,3.97564748601282,0.1870613972781771
6894,0.2936666666666666,2,9,2,176424,429186,9198,98758,3.975564118715032,0.18706150652341916
6895,0.2936666666666667,3,22,3,176446,429164,9201,98755,3.975360331987106,0.1870646822713333
6896,0.2937499999999999,1,0,1,176446,429164,9202,98754,3.975360331987106,0.18706314238196084
6897,0.29375,1,9,1,176455,429155,9203,98753,3.975276964689318,0.18706479159247444
6898,0.2937619047619047,0,3,0,176458,429152,9203,98753,3.975249175590055,0.18706585465187867
6899,0.2937857142857143,0,2,0,176460,429150,9203,98753,3.9752306495238803,0.18706656336486058
6900,0.2938095238095238,0,2,0,176462,429148,9203,98753,3.975212123457705,0.18706727208321258
6901,0.2938333333333333,1,12,1,176474,429136,9204,98752,3.9751009670606545,0.1870699845421756
6902,0.2938333333333334,0,1,0,176475,429135,9204,98752,3.975091704027567,0.1870703389172304
6903,0.2938690476190476,0,1,0,176476,429134,9204,98752,3.975082440994479,0.1870706932936278
6904,0.2938888888888888,0,3,0,176479,429131,9204,98752,3.9750546518952166,0.18707175643087579
6905,0.2939285714285714,0,3,0,176482,429128,9204,98752,3.975026862795954,0.18707281958020763
6906,0.2939285714285715,0,1,0,176483,429127,9204,98752,3.9750175997628663,0.18707317396600356
6907,0.2939761904761904,1,0,1,176483,429127,9205,98751,3.9750175997628663,0.18707163397603235
6908,0.2939999999999999,1,2,1,176485,429125,9206,98750,3.9749990736966914,0.1870708027468624
6909,0.294,8,147,8,176632,428978,9214,98742,3.973637407832821,0.1871105889486849
6910,0.2940260572760573,2,7,2,176639,428971,9216,98740,3.973572566601208,0.1871099901271719
6911,0.294047619047619,0,1,0,176640,428970,9216,98740,3.9735633035681204,0.1871103446968979
6912,0.2940476190476191,1,0,1,176640,428970,9217,98739,3.9735633035681204,0.18710880428417934
6913,0.2940714285714286,0,1,0,176641,428969,9217,98739,3.9735540405350327,0.18710915885300203
6914,0.2940833333333333,0,3,0,176644,428966,9217,98739,3.97352625143577,0.18711022256753299
6915,0.2940952380952381,0,1,0,176645,428965,9217,98739,3.9735169884026824,0.18711057714173096
6916,0.2941060606060606,0,1,0,176646,428964,9217,98739,3.973507725369595,0.18711093171727278
6917,0.2941111111111111,0,1,0,176647,428963,9217,98739,3.9734984623365075,0.18711128629415844
6918,0.2941269841269841,1,0,1,176647,428963,9218,98738,3.9734984623365075,0.18710974585987142
6919,0.2941666666666666,4,56,4,176703,428907,9222,98734,3.9729797324836045,0.18712344188567606
6920,0.2941666666666667,5,68,5,176771,428839,9227,98729,3.9723498462336506,0.18713985685257636
6921,0.2942142857142857,1,0,1,176771,428839,9228,98728,3.9723498462336506,0.1871383160811802
6922,0.29425,0,1,0,176772,428838,9228,98728,3.9723405832005634,0.18713867080137842
6923,0.2942857142857142,1,9,1,176781,428829,9229,98727,3.972257215902775,0.18714032254395743
6924,0.2942857142857143,0,10,0,176791,428819,9229,98727,3.9721645855718997,0.1871438699184526
6925,0.2943333333333333,3,26,3,176817,428793,9232,98724,3.971923746711623,0.18714847104453505
6926,0.2943333333333334,1,12,1,176829,428781,9233,98723,3.9718125903145727,0.18715118747914708
6927,0.2943571428571429,0,3,0,176832,428778,9233,98723,3.97178480121531,0.18715225184407233
6928,0.2944166666666666,0,2,0,176834,428776,9233,98723,3.9717662751491347,0.18715296142741503
6929,0.2944285714285714,0,1,0,176835,428775,9233,98723,3.9717570121160475,0.18715331622110415
6930,0.2944999999999999,0,1,0,176836,428774,9233,98723,3.97174774908296,0.18715367101613847
6931,0.2945,2,17,2,176853,428757,9235,98721,3.9715902775204714,0.1871566207500597
6932,0.2945238095238094,0,2,0,176855,428755,9235,98721,3.971571751454296,0.18715733038090832
6933,0.2945238095238095,0,2,0,176857,428753,9235,98721,3.971553225388121,0.1871580400171383
6934,0.294547619047619,0,3,0,176860,428750,9235,98721,3.9715254362888586,0.18715910448157339
6935,0.2945714285714286,0,1,0,176861,428749,9235,98721,3.971516173255771,0.18715945930574251
6936,0.2945753968253968,0,1,0,176862,428748,9235,98721,3.971506910222683,0.187159814131257
6937,0.2945833333333333,0,5,0,176867,428743,9235,98721,3.9714605950572457,0.1871615882790105
6938,0.2946212121212121,1,0,1,176867,428743,9236,98720,3.9714605950572457,0.18716004724502003
6939,0.2946428571428571,0,5,0,176872,428738,9236,98720,3.9714142798918077,0.1871618214151648
6940,0.2946666666666666,2,12,2,176884,428726,9238,98718,3.9713031234947573,0.18716299739877598
6941,0.2946666666666667,0,14,0,176898,428712,9238,98718,3.9711734410315316,0.18716796541721176
6942,0.2947499999999999,0,1,0,176899,428711,9238,98718,3.971164177998444,0.18716832028576358
6943,0.2947619047619047,1,2,1,176901,428709,9239,98717,3.9711456519322685,0.18716748889891663
6944,0.2947619047619048,0,1,0,176902,428708,9239,98717,3.9711363888991813,0.1871678437692563
6945,0.2948095238095237,0,3,0,176905,428705,9239,98717,3.9711085997999187,0.18716890838834938
6946,0.2948095238095238,0,1,0,176906,428704,9239,98717,3.971099336766831,0.18716926326407177
6947,0.2948333333333333,0,14,0,176920,428690,9239,98717,3.9709696543036053,0.18717423166548794
6948,0.2948484848484848,1,1,1,176921,428689,9240,98716,3.9709603912705176,0.18717304538258075
6949,0.2948809523809523,1,3,1,176924,428686,9241,98715,3.970932602171255,0.18717256888022588
6950,0.2949166666666666,0,1,0,176925,428685,9241,98715,3.9709233391381673,0.18717292377701933
6951,0.2949404761904762,0,1,0,176926,428684,9241,98715,3.9709140761050796,0.18717327867515865
6952,0.2949642857142857,0,1,0,176927,428683,9241,98715,3.9709048130719924,0.1871736335746438
6953,0.2949761904761905,0,2,0,176929,428681,9241,98715,3.970886287005817,0.1871743433776517
6954,0.294978354978355,0,1,0,176930,428680,9241,98715,3.97087702397273,0.18717469828117445
6955,0.295,119,1428,119,178358,427252,9360,98596,3.9576494127237023,0.18749904915488885
6956,0.2950454545454545,0,1,0,178359,427251,9360,98596,3.9576401496906146,0.18749940572067542
6957,0.2951428571428571,0,2,0,178361,427249,9360,98596,3.9576216236244397,0.18750011885631698
6958,0.2951666666666666,1,4,1,178365,427245,9361,98595,3.9575845714920894,0.1875
6959,0.2951666666666667,1,8,1,178373,427237,9362,98594,3.957510467227389,0.18750130745429616
6960,0.2952023809523809,1,0,1,178373,427237,9363,98593,3.957510467227389,0.187499762280585
6961,0.2952222222222222,0,1,0,178374,427236,9363,98593,3.957501204194301,0.18750011885993356
6962,0.2952272727272727,0,1,0,178375,427235,9363,98593,3.957491941161214,0.1875004754406384
6963,0.2952380952380952,0,4,0,178379,427231,9363,98593,3.9574548890288637,0.18750190177702045
6964,0.29525,0,1,0,178380,427230,9363,98593,3.957445625995776,0.18750225836450668
6965,0.2952857142857142,0,1,0,178381,427229,9363,98593,3.9574363629626883,0.18750261495334924
6966,0.2953095238095238,1,1,1,178382,427228,9364,98592,3.957427099929601,0.1875014263436157
6967,0.2953333333333333,3,30,3,178412,427198,9367,98589,3.957149208936974,0.18750748877397122
6968,0.2953571428571428,0,3,0,178415,427195,9367,98589,3.9571214198377116,0.18750855864765759
6969,0.2953571428571429,1,2,1,178417,427193,9368,98588,3.9571028937715367,0.18750772660099926
6970,0.2953690476190476,1,0,1,178417,427193,9369,98587,3.9571028937715367,0.18750618129255583
6971,0.2953968253968254,0,1,0,178418,427192,9369,98587,3.957093630738449,0.1875065379180226
6972,0.2954166666666666,2,4,2,178422,427188,9371,98585,3.9570565786060987,0.18750487377632552
6973,0.2954285714285714,0,1,0,178423,427187,9371,98585,3.957047315573011,0.18750523040405348
6974,0.2954545454545454,0,1,0,178424,427186,9371,98585,3.957038052539924,0.187505587033138
6975,0.2954761904761904,0,1,0,178425,427185,9371,98585,3.957028789506836,0.18750594366357914
6976,0.2955,3,19,3,178444,427166,9374,98582,3.9568527918781724,0.18750808372071792
6977,0.2955238095238095,0,1,0,178445,427165,9374,98582,3.956843528845085,0.1875084403715095
6978,0.295547619047619,1,2,1,178447,427163,9375,98581,3.95682500277891,0.18750760826561977
6979,0.2955555555555555,0,2,0,178449,427161,9375,98581,3.956806476712735,0.18750832157217798
6980,0.2955601065601064,0,5,0,178454,427156,9375,98581,3.956760161547297,0.1875101048623171
6981,0.2955833333333333,0,1,0,178455,427155,9375,98581,3.9567508985142097,0.1875104615244153
6982,0.2955952380952381,0,1,0,178456,427154,9375,98581,3.956741635481122,0.18751081818787033
6983,0.2956666666666666,1,11,1,178467,427143,9376,98580,3.956639742117159,0.18751319611278183
6984,0.2956666666666667,0,39,0,178506,427104,9376,98580,3.956278483826744,0.18752710753989088
6985,0.2957142857142857,3,15,3,178521,427089,9379,98577,3.9561395383304307,0.1875278218488546
6986,0.29575,1,4,1,178525,427085,9380,98576,3.956102486198081,0.1875277032155705
6987,0.2957857142857142,0,1,0,178526,427084,9380,98576,3.9560932231649932,0.18752805996271354
6988,0.2957857142857143,0,1,0,178527,427083,9380,98576,3.9560839601319056,0.18752841671121392
6989,0.2958333333333333,6,148,6,178675,426935,9386,98570,3.9547130312349474,0.18757195459605522
6990,0.2959047619047619,0,2,0,178677,426933,9386,98570,3.9546945051687725,0.1875726684719212
6991,0.2959365079365079,0,1,0,178678,426932,9386,98570,3.954685242135685,0.18757302541189186
6992,0.2959523809523809,1,5,1,178683,426927,9387,98569,3.9546389269702473,0.18757326411618738
6993,0.2959848484848485,0,1,0,178684,426926,9387,98569,3.9546296639371596,0.18757362106204625
6994,0.296,16,126,16,178810,426800,9403,98553,3.953462521768128,0.18759386545808246
6995,0.2960357142857143,0,2,0,178812,426798,9403,98553,3.9534439957019525,0.18759457962390857
6996,0.2960714285714286,0,2,0,178814,426796,9403,98553,3.9534254696357776,0.18759529379517234
6997,0.2960952380952381,0,1,0,178815,426795,9403,98553,3.95341620660269,0.18759565088284338
6998,0.2961111111111111,1,0,1,178815,426795,9404,98552,3.95341620660269,0.1875941044680944
6999,0.2961190476190476,1,2,1,178817,426793,9405,98551,3.953397680536515,0.187593272217823
7000,0.2961428571428571,0,2,0,178819,426791,9405,98551,3.9533791544703396,0.18759398639362548
7001,0.2961666666666666,0,5,0,178824,426786,9405,98551,3.953332839304902,0.1875957718569223
7002,0.2961666666666667,0,3,0,178827,426783,9405,98551,3.9533050502056395,0.18759684315121428
7003,0.2961904761904761,0,5,0,178832,426778,9405,98551,3.9532587350402015,0.1875986286688913
7004,0.2961904761904762,1,3,1,178835,426775,9406,98550,3.953230945940939,0.18759815352400894
7005,0.296202380952381,0,1,0,178836,426774,9406,98550,3.9532216829078513,0.18759851063343766
7006,0.29625,0,7,0,178843,426767,9406,98550,3.9531568416762384,0.18760101043750727
7007,0.2962619047619048,0,1,0,178844,426766,9406,98550,3.9531475786431507,0.18760136755781281
7008,0.2962777777777778,0,2,0,178846,426764,9406,98550,3.9531290525769758,0.18760208180250287
7009,0.2963333333333333,2,18,2,178864,426746,9408,98548,3.9529623179813997,0.18760541715686835
7010,0.2963809523809524,0,1,0,178865,426745,9408,98548,3.952953054948312,0.1876057743011995
7011,0.2964285714285714,1,4,1,178869,426741,9409,98547,3.9529160028159622,0.18760565632567278
7012,0.2964285714285715,0,2,0,178871,426739,9409,98547,3.952897476749787,0.1876063706247644
7013,0.2964761904761904,0,1,0,178872,426738,9409,98547,3.952888213716699,0.18760672777634999
7014,0.2964999999999999,1,1,1,178873,426737,9410,98546,3.952878950683612,0.18760553834790009
7015,0.2965,1,22,1,178895,426715,9411,98545,3.9526751639556856,0.18761184936983588
7016,0.2965079365079365,0,1,0,178896,426714,9411,98545,3.952665900922598,0.1876122065495308
7017,0.296547619047619,0,2,0,178898,426712,9411,98545,3.952647374856423,0.1876129209130007
7018,0.2965833333333333,0,1,0,178899,426711,9411,98545,3.9526381118233354,0.18761327809677567
7019,0.2966428571428571,0,1,0,178900,426710,9411,98545,3.9526288487902477,0.1876136352819107
7020,0.2966666666666666,25,332,25,179232,426378,9436,98520,3.94955352180518,0.18769360904404284
7021,0.2966666666666667,34,496,34,179728,425882,9470,98486,3.944959057393753,0.18781847862569798
7022,0.296699938949939,0,1,0,179729,425881,9470,98486,3.9449497943606655,0.18781883680704545
7023,0.2967380952380952,0,1,0,179730,425880,9470,98486,3.944940531327578,0.18781919498975908
7024,0.2967777777777777,0,2,0,179732,425878,9470,98486,3.944922005261403,0.18781991135928477
7025,0.2967777777777778,0,2,0,179734,425876,9470,98486,3.9449034791952275,0.1878206277342752
7026,0.2967857142857142,0,1,0,179735,425875,9470,98486,3.9448942161621403,0.18782098592381966
7027,0.2968333333333333,0,13,0,179748,425862,9470,98486,3.944773796732002,0.1878256425122247
7028,0.2968333333333334,1,2,1,179750,425860,9471,98485,3.944755270665827,0.18782481000104892
7029,0.2968412698412698,0,1,0,179751,425859,9471,98485,3.944746007632739,0.18782516821018264
7030,0.2968571428571428,0,1,0,179752,425858,9471,98485,3.9447367445996515,0.18782552642068265
7031,0.2968888888888888,0,4,0,179756,425854,9471,98485,3.9446996924673017,0.18782695927634602
7032,0.2969047619047619,0,3,0,179759,425851,9471,98485,3.9446719033680386,0.18782803393244027
7033,0.2969166666666666,0,1,0,179760,425850,9471,98485,3.9446626403349514,0.1878283921538711
7034,0.2969285714285714,0,1,0,179761,425849,9471,98485,3.9446533773018637,0.1878287503766683
7035,0.2969642857142857,0,1,0,179762,425848,9471,98485,3.944644114268776,0.1878291086008319
7036,0.2969761904761905,0,1,0,179763,425847,9471,98485,3.944634851235689,0.18782946682636192
7037,0.2969999999999999,0,4,0,179767,425843,9471,98485,3.9445977991033385,0.18783089974214615
7038,0.297,7,48,7,179815,425795,9478,98478,3.9441531735151356,0.18783725272901713
7039,0.2970238095238094,0,1,0,179816,425794,9478,98478,3.9441439104820484,0.1878376110110782
7040,0.2970238095238095,0,1,0,179817,425793,9478,98478,3.9441346474489607,0.18783796929450608
7041,0.2970357142857143,0,2,0,179819,425791,9478,98478,3.9441161213827858,0.1878386858654622
7042,0.2970833333333333,0,2,0,179821,425789,9478,98478,3.9440975953166104,0.18783940244188552
7043,0.2970952380952381,0,2,0,179823,425787,9478,98478,3.9440790692504355,0.18784011902377615
7044,0.2971111111111111,0,2,0,179825,425785,9478,98478,3.94406054318426,0.1878408356111341
7045,0.2971190476190476,0,3,0,179828,425782,9478,98478,3.9440327540849975,0.18784191050242247
7046,0.2971428571428571,3,21,3,179849,425761,9481,98475,3.943838230390159,0.18784478746213537
7047,0.2971666666666666,0,3,0,179852,425758,9481,98475,3.9438104412908963,0.18784586243139978
7048,0.2971666666666667,0,3,0,179855,425755,9481,98475,3.9437826521916337,0.1878469374129676
7049,0.2971785714285714,1,4,1,179859,425751,9482,98474,3.9437456000592834,0.1878468214984024
7050,0.2972222222222223,0,1,0,179860,425750,9482,98474,3.9437363370261957,0.1878471798315224
7051,0.2972619047619047,1,0,1,179860,425750,9483,98473,3.9437363370261957,0.18784563058087875
7052,0.2972777777777777,0,1,0,179861,425749,9483,98473,3.9437270739931085,0.18784598891309406
7053,0.2973333333333333,1,57,1,179918,425692,9484,98472,3.943199081107118,0.18786486672110256
7054,0.2973632478632478,0,1,0,179919,425691,9484,98472,3.94318981807403,0.18786522513035067
7055,0.2973809523809523,0,4,0,179923,425687,9484,98472,3.94315276594168,0.18786665878101874
7056,0.2973928571428571,0,1,0,179924,425686,9484,98472,3.943143502908592,0.1878670171971047
7057,0.2974047619047619,0,1,0,179925,425685,9484,98472,3.943134239875505,0.18786737561455824
7058,0.2974523809523809,0,1,0,179926,425684,9484,98472,3.9431249768424173,0.18786773403337936
7059,0.2974603174603175,0,2,0,179928,425682,9484,98472,3.9431064507762423,0.1878684508751245
7060,0.297474358974359,0,1,0,179929,425681,9484,98472,3.9430971877431547,0.18786880929804847
7061,0.2975,32,429,32,180358,425252,9516,98440,3.9391233465485938,0.18797308341544267
7062,0.2975555555555556,1,0,1,180358,425252,9517,98439,3.9391233465485938,0.1879715328313834
7063,0.2976190476190476,0,6,0,180364,425246,9517,98439,3.9390677683500686,0.18797368647182944
7064,0.2976666666666666,0,22,0,180386,425224,9517,98439,3.9388639816221422,0.18798158357569658
7065,0.2976666666666667,1,23,1,180409,425201,9518,98438,3.9386509318611287,0.18798828964229172
7066,0.2977023809523809,0,1,0,180410,425200,9518,98438,3.938641668828041,0.1879886486465841
7067,0.2977380952380952,0,1,0,180411,425199,9518,98438,3.9386324057949533,0.18798900765224766
7068,0.2977499999999999,0,4,0,180415,425195,9518,98438,3.9385953536626035,0.18799044368861398
7069,0.2977777777777778,0,1,0,180416,425194,9518,98438,3.938586090629516,0.1879908027011336
7070,0.2978333333333333,2,16,2,180432,425178,9520,98436,3.9384378821001147,0.18799344555340383
7071,0.2978333333333334,0,1,0,180433,425177,9520,98436,3.9384286190670275,0.18799380458468373
7072,0.2978571428571428,1,2,1,180435,425175,9521,98435,3.938410093000852,0.18799297186837532
7073,0.2978571428571429,0,1,0,180436,425174,9521,98435,3.938400829967765,0.18799333090149328
7074,0.2979166666666666,1,0,1,180436,425174,9522,98434,3.938400829967765,0.18799178011031153
7075,0.297974358974359,0,1,0,180437,425173,9522,98434,3.938391566934677,0.18799213914252483
7076,0.2979761904761904,0,2,0,180439,425171,9522,98434,3.938373040868502,0.1879928572110656
7077,0.298,12,95,12,180534,425076,9534,98422,3.937493052725184,0.18800835915323458
7078,0.2980357142857143,0,1,0,180535,425075,9534,98422,3.937483789692097,0.18800871829255947
7079,0.2980382395382395,0,1,0,180536,425074,9534,98422,3.937474526659009,0.18800907743325643
7080,0.298047619047619,0,2,0,180538,425072,9534,98422,3.9374560005928343,0.18800979571876658
7081,0.2980952380952381,0,9,0,180547,425063,9534,98422,3.937372633295046,0.18801302807148246
7082,0.2981282051282051,0,2,0,180549,425061,9534,98422,3.937354107228871,0.18801374638717971
7083,0.2981428571428571,0,1,0,180550,425060,9534,98422,3.9373448441957835,0.1880141055470866
7084,0.2981666666666666,0,3,0,180553,425057,9534,98422,3.937317055096521,0.18801518303504056
7085,0.2981666666666667,2,15,2,180568,425042,9536,98420,3.9371781096002074,0.18801746831670685
7086,0.2981818181818181,1,0,1,180568,425042,9537,98419,3.9371781096002074,0.18801591713613813
7087,0.2981825396825397,1,0,1,180568,425042,9538,98418,3.9371781096002074,0.18801436594964277
7088,0.2982142857142857,1,6,1,180574,425036,9539,98417,3.9371225314016822,0.18801496982537114
7089,0.2982380952380952,0,1,0,180575,425035,9539,98417,3.9371132683685945,0.18801532900819942
7090,0.29825,0,1,0,180576,425034,9539,98417,3.937104005335507,0.18801568819240005
7091,0.2982738095238095,1,1,1,180577,425033,9540,98416,3.9370947423024196,0.18801449615912916
7092,0.2982857142857142,0,2,0,180579,425031,9540,98416,3.9370762162362443,0.1880152145298378
7093,0.2983333333333333,41,462,41,181041,424569,9581,98375,3.9327966949497943,0.18811765695753274
7094,0.2984047619047619,0,1,0,181042,424568,9581,98375,3.9327874319167067,0.18811801668633102
7095,0.2984166666666666,0,4,0,181046,424564,9581,98375,3.9327503797843564,0.1881194556152821
7096,0.2984285714285714,0,1,0,181047,424563,9581,98375,3.932741116751269,0.1881198153509594
7097,0.2984523809523809,2,2,2,181049,424561,9583,98373,3.9327225906850938,0.18811742973300646
7098,0.2984841269841269,0,2,0,181051,424559,9583,98373,3.932704064618919,0.18811814920486794
7099,0.2984999999999999,0,1,0,181052,424558,9583,98373,3.932694801585831,0.18811850894286244
7100,0.2985,5,26,5,181078,424532,9588,98368,3.932453962725555,0.18812009944540065
7101,0.2985714285714285,0,2,0,181080,424530,9588,98368,3.9324354366593797,0.188120818974255
7102,0.2985714285714286,1,4,1,181084,424526,9589,98367,3.9323983845270294,0.18812070538331935
7103,0.2985873015873015,0,1,0,181085,424525,9589,98367,3.932389121493942,0.1881210651530335
7104,0.2986111111111111,0,3,0,181088,424522,9589,98367,3.932361332394679,0.18812214447043255
7105,0.2986666666666666,3,5,3,181093,424517,9592,98364,3.9323150172292416,0.18811928526758478
7106,0.2986666666666667,3,22,3,181115,424495,9595,98361,3.9321112305013153,0.18812254234435485
7107,0.2986904761904762,0,1,0,181116,424494,9595,98361,3.9321019674682276,0.18812290214304156
7108,0.2987142857142857,0,3,0,181119,424491,9595,98361,3.932074178368965,0.1881239815473595
7109,0.29875,1,7,1,181126,424484,9596,98360,3.932009337137352,0.18812494740304947
7110,0.2987777777777778,0,1,0,181127,424483,9596,98360,3.932000074104265,0.18812530721459406
7111,0.2987857142857142,0,1,0,181128,424482,9596,98360,3.931990811071177,0.18812566702751501
7112,0.2987857142857143,0,2,0,181130,424480,9596,98360,3.931972285005002,0.18812638665748604
7113,0.2988095238095238,1,5,1,181135,424475,9597,98359,3.9319259698395643,0.18812663292746837
7114,0.2988333333333333,0,5,0,181140,424470,9597,98359,3.9318796546741264,0.18812843204948462
7115,0.2988571428571429,0,1,0,181141,424469,9597,98359,3.931870391641039,0.18812879187801723
7116,0.298876984126984,0,1,0,181142,424468,9597,98359,3.9318611286079514,0.18812915170792632
7117,0.2988888888888888,0,3,0,181145,424465,9597,98359,3.931833339508689,0.18813023120591252
7118,0.2989166666666666,0,1,0,181146,424464,9597,98359,3.931824076475601,0.18813059104132757
7119,0.2989285714285714,0,2,0,181148,424462,9597,98359,3.9318055504094263,0.18813131071628722
7120,0.2989444444444444,0,1,0,181149,424461,9597,98359,3.9317962873763386,0.18813167055583183
7121,0.2989999999999999,0,1,0,181150,424460,9597,98359,3.931787024343251,0.188132030396753
7122,0.299,7,79,7,181229,424381,9604,98352,3.9310552447293343,0.18814959070883222
7123,0.299025974025974,0,1,0,181230,424380,9604,98352,3.9310459816962466,0.18814995064392462
7124,0.299047619047619,0,2,0,181232,424378,9604,98352,3.9310274556300717,0.18815067051824078
7125,0.2990833333333333,0,2,0,181234,424376,9604,98352,3.9310089295638964,0.18815139039806553
7126,0.2990952380952381,0,3,0,181237,424373,9604,98352,3.9309811404646338,0.18815247022813142
7127,0.2991111111111111,0,2,0,181239,424371,9604,98352,3.930962614398459,0.18815319012172796
7128,0.2991428571428571,0,1,0,181240,424370,9604,98352,3.930953351365371,0.188153550070592
7129,0.2991666666666666,6,56,6,181296,424314,9610,98346,3.930434621512468,0.1881643898519114
7130,0.2991666666666667,4,76,4,181372,424238,9614,98342,3.9297306309978137,0.18818554096980367
7131,0.2991904761904762,0,5,0,181377,424233,9614,98342,3.929684315832376,0.18818734152992395
7132,0.2992023809523809,1,0,1,181377,424233,9615,98341,3.929684315832376,0.18818578804150227
7133,0.2992380952380952,0,2,0,181379,424231,9615,98341,3.929665789766201,0.18818650827063066
7134,0.2992619047619047,0,1,0,181380,424230,9615,98341,3.9296565267331136,0.1881868683872622
7135,0.2992640692640692,0,1,0,181381,424229,9615,98341,3.929647263700026,0.18818722850527203
7136,0.2992857142857142,0,3,0,181384,424226,9615,98341,3.9296194746007633,0.18818830886757104
7137,0.2992857142857143,0,5,0,181389,424221,9615,98341,3.9295731594353254,0.18819010949896856
7138,0.2993333333333333,5,58,5,181447,424163,9620,98336,3.9290359035162474,0.18820323101096845
7139,0.2993333333333334,2,6,2,181453,424157,9622,98334,3.9289803253177222,0.18820228482404483
7140,0.2993571428571429,0,1,0,181454,424156,9622,98334,3.9289710622846346,0.1882026450266991
7141,0.2994166666666666,0,3,0,181457,424153,9622,98334,3.928943273185372,0.18820372564293467
7142,0.2994372294372294,0,1,0,181458,424152,9622,98334,3.9289340101522843,0.18820408585110415
7143,0.2994444444444444,0,3,0,181461,424149,9622,98334,3.9289062210530217,0.1882051664838856
7144,0.2994999999999999,0,1,0,181462,424148,9622,98334,3.928896958019934,0.18820552669757043
7145,0.2995,1,19,1,181481,424129,9623,98333,3.9287209603912707,0.18821081724603894
7146,0.2995238095238094,0,2,0,181483,424127,9623,98333,3.9287024343250954,0.1882115377253761
7147,0.2995238095238095,1,5,1,181488,424122,9624,98332,3.928656119159658,0.18821178515237705
7148,0.2995833333333333,1,5,1,181493,424117,9625,98331,3.92860980399422,0.18821203258506108
7149,0.2996190476190476,0,1,0,181494,424116,9625,98331,3.928600540961132,0.18821239283601973
7150,0.2996666666666666,2,13,2,181507,424103,9627,98329,3.928480121530994,0.1882139685164768
7151,0.2996666666666667,0,15,0,181522,424088,9627,98329,3.9283411760346807,0.18821937264675537
7152,0.2997142857142857,0,2,0,181524,424086,9627,98329,3.9283226499685058,0.18822009322090674
7153,0.2997619047619047,0,1,0,181525,424085,9627,98329,3.928313386935418,0.18822045351005143
7154,0.2997619047619048,0,2,0,181527,424083,9627,98329,3.928294860869243,0.18822117409247874
7155,0.2998095238095238,1,1,1,181528,424082,9628,98328,3.9282855978361555,0.18821998047510577
7156,0.2998333333333333,0,15,0,181543,424067,9628,98328,3.928146652339842,0.1882253850055992
7157,0.2998809523809523,0,1,0,181544,424066,9628,98328,3.928137389306755,0.1882257453186675
7158,0.2998809523809524,0,1,0,181545,424065,9628,98328,3.928128126273667,0.1882261056331153
7159,0.2998968253968254,1,0,1,181545,424065,9629,98327,3.928128126273667,0.18822455167766736
7160,0.2999523809523809,0,2,0,181547,424063,9629,98327,3.928109600207492,0.18822527230613142
7161,0.3,291,3799,291,185346,420264,9920,98036,3.8929193375078737,0.18914914142388578
7162,0.3000238095238094,0,1,0,185347,420263,9920,98036,3.892910074474786,0.18914950636601652
7163,0.300047619047619,0,1,0,185348,420262,9920,98036,3.8929008114416983,0.18914987130955552
7164,0.3000595238095238,0,1,0,185349,420261,9920,98036,3.892891548408611,0.18915023625450272
7165,0.3000952380952381,0,2,0,185351,420259,9920,98036,3.8928730223424357,0.18915096614862192
7166,0.3001111111111111,0,1,0,185352,420258,9920,98036,3.8928637593093485,0.18915133109779392
7167,0.3001666666666666,1,6,1,185358,420252,9921,98035,3.892808181110823,0.18915195634850962
7168,0.3001666666666667,2,3,2,185361,420249,9923,98033,3.8927803920115602,0.18914992224310317
7169,0.3002142857142857,0,1,0,185362,420248,9923,98033,3.8927711289784726,0.18915028719941498
7170,0.3002222222222223,0,1,0,185363,420247,9923,98033,3.8927618659453853,0.18915065215713514
7171,0.3002380952380952,0,3,0,185366,420244,9923,98033,3.8927340768461227,0.18915174703874568
7172,0.3002777777777778,0,1,0,185367,420243,9923,98033,3.892724813813035,0.18915211200209928
7173,0.3002857142857142,1,1,1,185368,420242,9924,98032,3.8927155507799474,0.18915091245171473
7174,0.300297619047619,1,0,1,185368,420242,9925,98031,3.8927155507799474,0.18914934793053081
7175,0.3002976190476191,0,1,0,185369,420241,9925,98031,3.8927062877468597,0.1891497128920721
7176,0.3003095238095238,0,1,0,185370,420240,9925,98031,3.8926970247137724,0.1891500778550218
7177,0.3003333333333333,5,22,5,185392,420218,9930,98026,3.892493237985846,0.1891502844220097
7178,0.3003571428571428,0,5,0,185397,420213,9930,98026,3.892446922820408,0.18915210935495014
7179,0.3003809523809524,0,1,0,185398,420212,9930,98026,3.892437659787321,0.1891524743457639
7180,0.3004166666666666,0,3,0,185401,420209,9930,98026,3.892409870688058,0.18915356932665683
7181,0.3004285714285714,0,2,0,185403,420207,9930,98026,3.892391344621883,0.1891542993209618
7182,0.3004444444444444,0,1,0,185404,420206,9930,98026,3.8923820815887953,0.18915466432022723
7183,0.3004642857142857,0,1,0,185405,420205,9930,98026,3.892372818555708,0.1891550293209013
7184,0.3004761904761904,0,2,0,185407,420203,9930,98026,3.8923542924895327,0.18915575932647535
7185,0.3004761904761905,0,2,0,185409,420201,9930,98026,3.8923357664233578,0.18915648933768406
7186,0.3005,0,25,0,185434,420176,9930,98026,3.892104190596169,0.18916561495324216
7187,0.3005238095238095,0,1,0,185435,420175,9930,98026,3.892094927563081,0.1891659799961791
7188,0.300530303030303,0,1,0,185436,420174,9930,98026,3.8920856645299935,0.1891663450405249
7189,0.3005555555555556,0,1,0,185437,420173,9930,98026,3.8920764014969063,0.18916671008627958
7190,0.3005833333333333,0,2,0,185439,420171,9930,98026,3.892057875430731,0.18916744018201573
7191,0.3005887445887445,0,1,0,185440,420170,9930,98026,3.8920486123976437,0.18916780523199717
7192,0.3005952380952381,0,1,0,185441,420169,9930,98026,3.892039349364556,0.18916817028338753
7193,0.3006190476190476,0,4,0,185445,420165,9930,98026,3.8920022972322057,0.18916963050303845
7194,0.3006309523809524,0,1,0,185446,420164,9930,98026,3.891993034199118,0.1891699955614736
7195,0.3006666666666666,1,40,1,185486,420124,9931,98025,3.891622512875616,0.18918303422374644
7196,0.3006666666666667,0,6,0,185492,420118,9931,98025,3.8915669346770905,0.1891852249282534
7197,0.3006944444444444,1,0,1,185492,420118,9932,98024,3.8915669346770905,0.18918366007773932
7198,0.3007142857142857,1,11,1,185503,420107,9933,98023,3.8914650413131278,0.1891861115936155
7199,0.30075,0,1,0,185504,420106,9933,98023,3.89145577828004,0.1891864767268383
7200,0.3007619047619048,0,1,0,185505,420105,9933,98023,3.8914465152469524,0.18918684186147053
7201,0.300794067044067,0,5,0,185510,420100,9933,98023,3.891400200081515,0.18918866755577343
7202,0.3008095238095238,0,1,0,185511,420099,9933,98023,3.891390937048427,0.18918903269886242
7203,0.3008333333333333,17,147,17,185658,419952,9950,98006,3.8900292711845568,0.18921611404785715
7204,0.3008809523809523,0,1,0,185659,419951,9950,98006,3.890020008151469,0.18921647936025576
7205,0.3008888888888889,0,1,0,185660,419950,9950,98006,3.8900107451183814,0.18921684467406497
7206,0.3009285714285714,0,1,0,185661,419949,9950,98006,3.890001482085294,0.1892172099892848
7207,0.3009523809523809,0,7,0,185668,419942,9950,98006,3.8899366408536813,0.1892197672353209
7208,0.3009642857142857,0,1,0,185669,419941,9950,98006,3.8899273778205936,0.18922013256182582
7209,0.3009999999999999,0,2,0,185671,419939,9950,98006,3.8899088517544183,0.18922086321906767
7210,0.301,12,78,12,185749,419861,9962,97994,3.8891863351735894,0.18923057612652192
7211,0.3010277777777778,0,1,0,185750,419860,9962,97994,3.8891770721405017,0.18923094153950729
7212,0.3010714285714286,0,1,0,185751,419859,9962,97994,3.889167809107414,0.18923130695390392
7213,0.3010833333333333,1,0,1,185751,419859,9963,97993,3.889167809107414,0.1892297413160517
7214,0.3010952380952381,0,1,0,185752,419858,9963,97993,3.8891585460743268,0.1892301067295419
7215,0.301111111111111,0,1,0,185753,419857,9963,97993,3.889149283041239,0.18923047214444338
7216,0.3011428571428571,0,4,0,185757,419853,9963,97993,3.889112230908889,0.18923193381816217
7217,0.3011666666666666,0,6,0,185763,419847,9963,97993,3.8890566527103636,0.18923412637107986
7218,0.3011666666666667,1,9,1,185772,419838,9964,97992,3.8889732854125754,0.18923584960315162
7219,0.3011904761904762,1,7,1,185779,419831,9965,97991,3.8889084441809625,0.18923684200362287
7220,0.3012222222222222,0,2,0,185781,419829,9965,97991,3.8888899181147876,0.18923757290178053
7221,0.3012499999999999,0,1,0,185782,419828,9965,97991,3.8888806550817,0.18923793835297661
7222,0.30125,0,4,0,185786,419824,9965,97991,3.8888436029493496,0.18923940017187604
7223,0.3012619047619048,0,1,0,185787,419823,9965,97991,3.8888343399162624,0.18923976563012973
7224,0.3012857142857142,0,1,0,185788,419822,9965,97991,3.8888250768831747,0.18924013108979496
7225,0.3013095238095238,0,3,0,185791,419819,9965,97991,3.888797287783912,0.18924122747726
7226,0.3013333333333333,1,34,1,185825,419785,9966,97990,3.888482344658935,0.18925208826227607
7227,0.3013571428571428,0,3,0,185828,419782,9966,97990,3.8884545555596723,0.18925318479948702
7228,0.3013636363636364,0,1,0,185829,419781,9966,97990,3.888445292526585,0.1892535503147144
7229,0.3013809523809523,0,1,0,185830,419780,9966,97990,3.8884360294934974,0.1892539158313537
7230,0.3013888888888889,0,1,0,185831,419779,9966,97990,3.8884267664604097,0.18925428134940486
7231,0.3014285714285714,0,12,0,185843,419767,9966,97990,3.8883156100633594,0.18925866767614924
7232,0.3014761904761905,0,3,0,185846,419764,9966,97990,3.8882878209640963,0.18925976428960473
7233,0.3014772727272727,0,1,0,185847,419763,9966,97990,3.888278557931009,0.18926012983024723
7234,0.3015,1,27,1,185874,419736,9967,97989,3.888028456037645,0.1892684340141967
7235,0.3015119047619047,0,2,0,185876,419734,9967,97989,3.88800992997147,0.1892691651713368
7236,0.301547619047619,1,2,1,185878,419732,9968,97988,3.887991403905295,0.18926833037162946
7237,0.3015714285714286,0,4,0,185882,419728,9968,97988,3.8879543517729447,0.18926979270488067
7238,0.3016190476190475,0,3,0,185885,419725,9968,97988,3.887926562673682,0.18927088946964823
7239,0.3016190476190476,0,3,0,185888,419722,9968,97988,3.887898773574419,0.18927198624712677
7240,0.3016410256410256,0,1,0,185889,419721,9968,97988,3.887889510541332,0.18927235184244431
7241,0.3016666666666666,14,153,14,186042,419568,9982,97974,3.8864722664789357,0.18930637513477167
7242,0.3016666666666667,20,302,20,186344,419266,10002,97954,3.8836748304864943,0.18938556126986583
7243,0.3017063492063492,0,2,0,186346,419264,10002,97954,3.8836563044203194,0.18938629359380377
7244,0.3017272727272727,0,1,0,186347,419263,10002,97954,3.8836470413872317,0.1893866597578966
7245,0.30175,0,2,0,186349,419261,10002,97954,3.883628515321057,0.18938739209032995
7246,0.3017857142857143,0,1,0,186350,419260,10002,97954,3.883619252287969,0.1893877582586705
7247,0.3018055555555555,0,1,0,186351,419259,10002,97954,3.8836099892548814,0.18938812442842698
7248,0.3018333333333333,2,18,2,186369,419241,10004,97952,3.883443254659306,0.18939158109255153
7249,0.3018333333333334,0,6,0,186375,419235,10004,97952,3.88338767646078,0.18939377826588835
7250,0.3018571428571429,0,1,0,186376,419234,10004,97952,3.883378413427693,0.18939414446640088
7251,0.3018888888888889,0,1,0,186377,419233,10004,97952,3.8833691503946053,0.18939451066832952
7252,0.3018896103896104,0,1,0,186378,419232,10004,97952,3.8833598873615176,0.1893948768716743
7253,0.3019047619047619,0,4,0,186382,419228,10004,97952,3.8833228352291673,0.189396341699215
7254,0.3019444444444444,1,0,1,186382,419228,10005,97951,3.8833228352291673,0.1893947743431191
7255,0.301965367965368,0,1,0,186383,419227,10005,97951,3.88331357219608,0.1893951405512222
7256,0.3019696969696969,0,1,0,186384,419226,10005,97951,3.8833043091629924,0.1893955067607415
7257,0.3019761904761905,0,1,0,186385,419225,10005,97951,3.8832950461299047,0.18939587297167695
7258,0.3019999999999999,0,1,0,186386,419224,10005,97951,3.883285783096817,0.18939623918402862
7259,0.302,8,105,8,186491,419119,10013,97943,3.882313164622624,0.1894221582711551
7260,0.302047619047619,0,2,0,186493,419117,10013,97943,3.882294638556449,0.18942289096043013
7261,0.3020833333333333,0,3,0,186496,419114,10013,97943,3.8822668494571864,0.18942399000497043
7262,0.3020910200910199,1,1,1,186497,419113,10014,97942,3.8822575864240987,0.18942278867818704
7263,0.3021428571428571,1,7,1,186504,419106,10015,97941,3.882192745192486,0.18942378545857533
7264,0.3021666666666666,0,7,0,186511,419099,10015,97941,3.882127903960873,0.18942634999226365
7265,0.3021666666666667,0,9,0,186520,419090,10015,97941,3.882044536663085,0.1894296473518996
7266,0.3021904761904762,0,2,0,186522,419088,10015,97941,3.8820260105969098,0.18943038011407484
7267,0.3022142857142856,1,2,1,186524,419086,10016,97940,3.882007484530735,0.1894295451292585
7268,0.3022222222222222,1,2,1,186526,419084,10017,97939,3.8819889584645595,0.18942871013475224
7269,0.30225,0,2,0,186528,419082,10017,97939,3.8819704323983846,0.18942944290464023
7270,0.3022619047619047,0,1,0,186529,419081,10017,97939,3.881961169365297,0.1894298092917102
7271,0.3023333333333333,6,57,6,186586,419024,10023,97933,3.881433176479306,0.18944128815356015
7272,0.3023333333333334,0,2,0,186588,419022,10023,97933,3.8814146504131313,0.18944202106566335
7273,0.3023809523809523,0,7,0,186595,419015,10023,97933,3.8813498091815184,0.1894445863026842
7274,0.3023809523809524,0,2,0,186597,419013,10023,97933,3.8813312831153435,0.1894453192403075
7275,0.3023888888888889,1,2,1,186599,419011,10024,97932,3.881312757049168,0.18944448420812351
7276,0.3024285714285714,0,2,0,186601,419009,10024,97932,3.881294230982993,0.189445217152441
7277,0.3024484126984126,0,2,0,186603,419007,10024,97932,3.881275704916818,0.18944595010242987
7278,0.302452380952381,1,1,1,186604,419006,10025,97931,3.8812664418837306,0.1894447485863848
7279,0.3024761904761904,0,2,0,186606,419004,10025,97931,3.8812479158175552,0.18944548154023233
7280,0.3025,27,359,27,186965,418645,10052,97904,3.8779224869391236,0.1895347779203909
7281,0.3025274725274725,1,0,1,186965,418645,10053,97903,3.8779224869391236,0.1895332089176611
7282,0.3025454545454545,0,1,0,186966,418644,10053,97903,3.877913223906036,0.18953357584111416
7283,0.3025476190476191,0,1,0,186967,418643,10053,97903,3.877903960872948,0.18953394276598792
7284,0.3025714285714285,0,2,0,186969,418641,10053,97903,3.8778854348067733,0.1895346766199975
7285,0.3025833333333333,0,1,0,186970,418640,10053,97903,3.8778761717736856,0.18953504354913336
7286,0.3026111111111111,0,2,0,186972,418638,10053,97903,3.8778576457075107,0.18953577741166722
7287,0.3026177944862155,0,2,0,186974,418636,10053,97903,3.8778391196413353,0.189536511279884
7288,0.3026190476190476,0,4,0,186978,418632,10053,97903,3.877802067508985,0.18953797903336655
7289,0.3026666666666666,4,22,4,187000,418610,10057,97899,3.877598280781059,0.18953977568638689
7290,0.3026666666666667,2,17,2,187017,418593,10059,97897,3.8774408092185704,0.18954287595113167
7291,0.3027222222222222,0,1,0,187018,418592,10059,97897,3.877431546185483,0.18954324293450586
7292,0.3027272727272727,0,1,0,187019,418591,10059,97897,3.8774222831523955,0.18954360991930114
7293,0.3027283272283272,0,1,0,187020,418590,10059,97897,3.8774130201193078,0.18954397690551747
7294,0.3027499999999999,0,1,0,187021,418589,10059,97897,3.87740375708622,0.1895443438931549
7295,0.3027777777777778,0,1,0,187022,418588,10059,97897,3.877394494053133,0.18954471088221342
7296,0.3027857142857142,0,2,0,187024,418586,10059,97897,3.8773759679869575,0.1895454448645938
7297,0.3028333333333333,2,15,2,187039,418571,10061,97895,3.8772370224906445,0.18954781147258484
7298,0.3028571428571428,1,6,1,187045,418565,10062,97894,3.877181444292119,0.18954844431019693
7299,0.3028571428571429,0,1,0,187046,418564,10062,97894,3.8771721812590316,0.18954881132638085
7300,0.3028888888888889,0,1,0,187047,418563,10062,97894,3.877162918225944,0.18954917834398605
7301,0.3029166666666666,1,2,1,187049,418561,10063,97893,3.8771443921597686,0.18954834312446026
7302,0.3029285714285714,1,1,1,187050,418560,10064,97892,3.8771351291266813,0.18954714087659646
7303,0.3029523809523809,0,1,0,187051,418559,10064,97892,3.8771258660935937,0.18954750789523112
7304,0.302952380952381,0,1,0,187052,418558,10064,97892,3.877116603060506,0.18954787491528705
7305,0.3029761904761904,0,1,0,187053,418557,10064,97892,3.8771073400274187,0.18954824193676434
7306,0.3029761904761905,0,1,0,187054,418556,10064,97892,3.877098076994331,0.18954860895966294
7307,0.3029841269841269,0,1,0,187055,418555,10064,97892,3.8770888139612434,0.18954897598398288
7308,0.303,2,35,2,187090,418520,10066,97890,3.876764607803179,0.1895586839914022
7309,0.3030079365079365,0,2,0,187092,418518,10066,97890,3.876746081737004,0.1895594181344983
7310,0.3030555555555556,0,3,0,187095,418515,10066,97890,3.8767182926377415,0.1895605193598048
7311,0.3030833333333333,0,1,0,187096,418514,10066,97890,3.876709029604654,0.1895608864377503
7312,0.3030952380952381,0,2,0,187098,418512,10066,97890,3.8766905035384784,0.1895616205979063
7313,0.3031428571428571,1,2,1,187100,418510,10067,97889,3.8766719774723035,0.18956078536170673
7314,0.3031666666666666,2,9,2,187109,418501,10069,97887,3.8765886101745157,0.1895609502931904
7315,0.3031666666666667,0,1,0,187110,418500,10069,97887,3.876579347141428,0.189561317384055
7316,0.3031904761904761,0,1,0,187111,418499,10069,97887,3.8765700841083404,0.18956168447634134
7317,0.3032142857142857,0,4,0,187115,418495,10069,97887,3.87653303197599,0.18956315285970463
7318,0.3032380952380952,1,0,1,187115,418495,10070,97886,3.87653303197599,0.18956158340450172
7319,0.30325,0,3,0,187118,418492,10070,97886,3.8765052428767275,0.18956268469996784
7320,0.3032582972582971,1,1,1,187119,418491,10071,97885,3.87649597984364,0.18956148233070474
7321,0.3032619047619047,0,1,0,187120,418490,10071,97885,3.8764867168105526,0.18956184943113047
7322,0.3032777777777778,0,1,0,187121,418489,10071,97885,3.876477453777465,0.18956221653297803
7323,0.3032857142857142,1,3,1,187124,418486,10072,97884,3.8764496646782023,0.18956174835873502
7324,0.3033214285714286,0,1,0,187125,418485,10072,97884,3.8764404016451146,0.18956211546394147
7325,0.3033333333333333,59,794,59,187919,417691,10131,97825,3.869085553373597,0.18976132651556887
7326,0.3033571428571429,0,2,0,187921,417689,10131,97825,3.8690670273074215,0.18976206271798632
7327,0.3033611111111111,0,1,0,187922,417688,10131,97825,3.869057764274334,0.1897624308213372
7328,0.3033690476190476,0,1,0,187923,417687,10131,97825,3.8690485012412466,0.18976279892611617
7329,0.3033809523809523,0,2,0,187925,417685,10131,97825,3.869029975175071,0.1897635351399585
7330,0.3033809523809524,0,1,0,187926,417684,10131,97825,3.869020712141984,0.18976390324902184
7331,0.3034285714285714,1,1,1,187927,417683,10132,97824,3.8690114491088963,0.18976269963356462
7332,0.303452380952381,1,1,1,187928,417682,10133,97823,3.8690021860758086,0.1897614960087681
7333,0.3034761904761904,0,3,0,187931,417679,10133,97823,3.868974396976546,0.18976260033908696
7334,0.3034999999999999,0,1,0,187932,417678,10133,97823,3.8689651339434583,0.18976296845204957
7335,0.3035,1,31,1,187963,417647,10134,97822,3.868677979917744,0.18977280884010483
7336,0.3035714285714286,0,5,0,187968,417642,10134,97822,3.8686316647523067,0.18977464963605606
7337,0.3035833333333333,0,1,0,187969,417641,10134,97822,3.868622401719219,0.18977501779953168
7338,0.3035889665889665,0,1,0,187970,417640,10134,97822,3.8686131386861313,0.1897753859644358
7339,0.3036111111111111,0,3,0,187973,417637,10134,97822,3.8685853495868687,0.18977649046771905
7340,0.3036666666666666,0,3,0,187976,417634,10134,97822,3.868557560487606,0.18977759498385896
7341,0.3036666666666667,0,24,0,188000,417610,10134,97822,3.868335247693505,0.18978643157584318
7342,0.3036904761904762,0,3,0,188003,417607,10134,97822,3.8683074585942423,0.18978753620770272
7343,0.3037142857142857,0,2,0,188005,417605,10134,97822,3.868288932528067,0.1897882726360862
7344,0.30375,1,11,1,188016,417594,10135,97821,3.868187039164104,0.18979075114228341
7345,0.3037510822510822,0,1,0,188017,417593,10135,97821,3.8681777761310165,0.189791119372
7346,0.3037857142857143,0,1,0,188018,417592,10135,97821,3.868168513097929,0.18979148760314543
7347,0.3038095238095237,0,1,0,188019,417591,10135,97821,3.868159250064841,0.18979185583571978
7348,0.3038095238095238,0,1,0,188020,417590,10135,97821,3.8681499870317535,0.189792224069723
7349,0.3038333333333333,0,9,0,188029,417581,10135,97821,3.8680666197339657,0.1897955382400534
7350,0.3038412698412698,0,1,0,188030,417580,10135,97821,3.868057356700878,0.18979590648834596
7351,0.3038888888888889,1,3,1,188033,417577,10136,97820,3.8680295676016154,0.18979543924392264
7352,0.3039285714285714,0,5,0,188038,417572,10136,97820,3.867983252436178,0.18979728051657768
7353,0.3039523809523809,0,3,0,188041,417569,10136,97820,3.867955463336915,0.1897983852973191
7354,0.3039999999999999,0,1,0,188042,417568,10136,97820,3.8679462003038276,0.1897987535604244
7355,0.304,13,155,13,188197,417413,10149,97807,3.8665104301752566,0.18983541011606692
7356,0.3040515873015872,0,3,0,188200,417410,10149,97807,3.866482641075994,0.1898365154876489
7357,0.3040952380952381,0,3,0,188203,417407,10149,97807,3.8664548519767314,0.18983762087210362
7358,0.3041071428571428,1,5,1,188208,417402,10150,97806,3.8664085368112935,0.18983789071598267
7359,0.3041428571428571,0,1,0,188209,417401,10150,97806,3.866399273778206,0.18983825918514305
7360,0.3041666666666666,2,68,2,188277,417333,10152,97804,3.8657693875282524,0.18986017311899553
7361,0.3041666666666667,5,92,5,188369,417241,10157,97799,3.8649171884841973,0.18988622242932587
7362,0.3041754079254079,0,2,0,188371,417239,10157,97799,3.864898662418022,0.18988695979714118
7363,0.3041904761904762,0,1,0,188372,417238,10157,97799,3.8648893993849347,0.18988732848319637
7364,0.3042142857142857,0,1,0,188373,417237,10157,97799,3.864880136351847,0.1898876971706832
7365,0.3042301587301587,1,0,1,188373,417237,10158,97798,3.864880136351847,0.1898861242439834
7366,0.3042857142857142,1,6,1,188379,417231,10159,97797,3.864824558153322,0.18988676343810434
7367,0.3042857142857143,0,9,0,188388,417222,10159,97797,3.8647411908555336,0.18989008172514024
7368,0.3043095238095238,1,1,1,188389,417221,10160,97796,3.8647319278224463,0.18988887745453062
7369,0.3043333333333333,3,42,3,188431,417179,10163,97793,3.864342880432769,0.1898996450292443
7370,0.3043373015873015,0,1,0,188432,417178,10163,97793,3.8643336173996814,0.18990001378718413
7371,0.3044047619047619,0,1,0,188433,417177,10163,97793,3.8643243543665937,0.1899003825465561
7372,0.3044166666666666,1,0,1,188433,417177,10164,97792,3.8643243543665937,0.1898988094428985
7373,0.3044444444444444,0,3,0,188436,417174,10164,97792,3.864296565267331,0.1898999157225914
7374,0.3044523809523809,0,1,0,188437,417173,10164,97792,3.8642873022342434,0.18990028448535337
7375,0.304452380952381,0,1,0,188438,417172,10164,97792,3.864278039201156,0.18990065324954755
7376,0.3044999999999999,0,5,0,188443,417167,10164,97792,3.8642317240357182,0.1899024970920015
7377,0.3045,1,15,1,188458,417152,10165,97791,3.864092778539405,0.18990645566596692
7378,0.3045119047619047,0,1,0,188459,417151,10165,97791,3.8640835155063176,0.1899068244579001
7379,0.3045238095238095,0,2,0,188461,417149,10165,97791,3.864064989440142,0.18990756204606363
7380,0.3046111111111111,0,2,0,188463,417147,10165,97791,3.8640464633739673,0.18990829963995665
7381,0.3046190476190476,0,1,0,188464,417146,10165,97791,3.8640372003408796,0.18990866843905177
7382,0.3046428571428571,1,3,1,188467,417143,10166,97790,3.864009411241617,0.18990820164953498
7383,0.3046666666666666,1,10,1,188477,417133,10167,97789,3.8639167809107415,0.18991031651395746
7384,0.3046666666666667,1,20,1,188497,417113,10168,97788,3.86373152024899,0.18991611979778636
7385,0.3046904761904762,0,1,0,188498,417112,10168,97788,3.863722257215903,0.1899164886385706
7386,0.3047222222222222,0,1,0,188499,417111,10168,97788,3.863712994182815,0.1899168574807875
7387,0.30475,0,2,0,188501,417109,10168,97788,3.8636944681166403,0.18991759516951934
7388,0.3047619047619047,0,2,0,188503,417107,10168,97788,3.863675942050465,0.18991833286398196
7389,0.3047619047619048,0,1,0,188504,417106,10168,97788,3.8636666790173773,0.18991870171336236
7390,0.3047857142857143,0,2,0,188506,417104,10168,97788,3.8636481529512023,0.1899194394164213
7391,0.3048095238095237,0,1,0,188507,417103,10168,97788,3.8636388899181147,0.18991980827009988
7392,0.3048333333333333,2,14,2,188521,417089,10170,97786,3.863509207454889,0.1899218256858461
7393,0.3048333333333334,0,1,0,188522,417088,10170,97786,3.8634999444218017,0.18992219455633805
7394,0.3048571428571428,0,1,0,188523,417087,10170,97786,3.863490681388714,0.18992256342826289
7395,0.3048737373737374,0,1,0,188524,417086,10170,97786,3.8634814183556263,0.1899229323016206
7396,0.3048809523809523,1,3,1,188527,417083,10171,97785,3.8634536292563637,0.18992246556398923
7397,0.3048809523809524,0,1,0,188528,417082,10171,97785,3.863444366223276,0.18992283444073907
7398,0.3049166666666666,0,2,0,188530,417080,10171,97785,3.863425840157101,0.18992357219853748
7399,0.3049880952380952,0,1,0,188531,417079,10171,97785,3.8634165771240134,0.18992394107958607
7400,0.3049999999999999,4,21,4,188552,417058,10175,97781,3.863222053429175,0.18992539415234666
7401,0.305,98,1483,98,190035,415575,10273,97683,3.849484975360332,0.19031948844440807
7402,0.305047619047619,0,1,0,190036,415574,10273,97683,3.8494757123272443,0.19031985925179784
7403,0.3050606060606061,0,1,0,190037,415573,10273,97683,3.849466449294157,0.1903202300606325
7404,0.3050714285714285,1,0,1,190037,415573,10274,97682,3.849466449294157,0.19031865252165103
7405,0.305111111111111,0,1,0,190038,415572,10274,97682,3.8494571862610694,0.1903190233295795
7406,0.3051190476190475,0,2,0,190040,415570,10274,97682,3.849438660194894,0.19031976494977126
7407,0.3051190476190476,1,0,1,190040,415570,10275,97681,3.849438660194894,0.1903181873975891
7408,0.3051428571428571,0,1,0,190041,415569,10275,97681,3.8494293971618068,0.1903185582075012
7409,0.3051666666666666,1,7,1,190048,415562,10276,97680,3.849364555930194,0.190319576340206
7410,0.3051666666666667,0,9,0,190057,415553,10276,97680,3.8492811886324056,0.19032291376431368
7411,0.3052380952380952,0,1,0,190058,415552,10276,97680,3.8492719255993184,0.19032328459643982
7412,0.3052777777777777,1,0,1,190058,415552,10277,97679,3.8492719255993184,0.19032170698964015
7413,0.3052943722943723,0,1,0,190059,415551,10277,97679,3.8492626625662307,0.19032207782086005
7414,0.3053333333333333,1,44,1,190103,415507,10278,97678,3.848855089110378,0.19033681810653078
7415,0.3053365800865801,0,1,0,190104,415506,10278,97678,3.848845826077291,0.1903371890004365
7416,0.3053571428571428,1,4,1,190108,415502,10279,97677,3.8488087739449406,0.19033709485384243
7417,0.3053571428571429,0,1,0,190109,415501,10279,97677,3.848799510911853,0.19033746575262384
7418,0.3053809523809525,0,1,0,190110,415500,10279,97677,3.8487902478787652,0.19033783665285078
7419,0.3054166666666666,0,2,0,190112,415498,10279,97677,3.8487717218125903,0.19033857845764116
7420,0.3054761904761904,0,3,0,190115,415495,10279,97677,3.8487439327133277,0.1903396911756682
7421,0.3055,1,28,1,190143,415467,10280,97676,3.848484567786876,0.19034849934618614
7422,0.3055357142857142,1,1,1,190144,415466,10281,97675,3.8484753047537885,0.19034729245957738
7423,0.305547619047619,0,2,0,190146,415464,10281,97675,3.8484567786876136,0.19034803435326492
7424,0.3055555555555556,0,1,0,190147,415463,10281,97675,3.848447515654526,0.19034840530227737
7425,0.3055761183261182,1,3,1,190150,415460,10282,97674,3.8484197265552633,0.1903479403040921
7426,0.3056428571428571,0,1,0,190151,415459,10282,97674,3.8484104635221756,0.19034831125653584
7427,0.3056666666666666,4,39,4,190190,415420,10286,97670,3.848049205231761,0.19035646767623612
7428,0.3056666666666667,0,1,0,190191,415419,10286,97670,3.8480399421986737,0.1903568386771106
7429,0.3057142857142857,4,15,4,190206,415404,10290,97666,3.8479009967023603,0.1903560917613581
7430,0.3057222222222222,0,1,0,190207,415403,10290,97666,3.8478917336692726,0.1903564627759619
7431,0.3057857142857142,0,1,0,190208,415402,10290,97666,3.847882470636185,0.190356833792012
7432,0.3058333333333333,16,131,16,190339,415271,10306,97650,3.8466690133017156,0.1903801950007896
7433,0.3058571428571428,0,1,0,190340,415270,10306,97650,3.846659750268628,0.190380566170163
7434,0.3058928571428571,0,1,0,190341,415269,10306,97650,3.8466504872355403,0.19038093734098366
7435,0.3059047619047619,0,1,0,190342,415268,10306,97650,3.846641224202453,0.19038130851325163
7436,0.3059523809523809,2,3,2,190345,415265,10308,97648,3.84661343510319,0.19037926509953929
7437,0.305952380952381,0,9,0,190354,415256,10308,97648,3.846530067805402,0.1903826057117901
7438,0.3059761904761904,0,1,0,190355,415255,10308,97648,3.8465208047723145,0.19038297689816594
7439,0.306,9,162,9,190517,415093,10317,97639,3.845020193412131,0.1904289180312522
7440,0.3060714285714285,0,2,0,190519,415091,10317,97639,3.8450016673459557,0.1904296608351374
7441,0.3061111111111111,0,3,0,190522,415088,10317,97639,3.844973878246693,0.1904307750518307
7442,0.3061190476190476,0,1,0,190523,415087,10317,97639,3.8449646152136054,0.19043114646029263
7443,0.3061428571428571,0,1,0,190524,415086,10317,97639,3.844955352180518,0.19043151787020332
7444,0.3061666666666666,0,3,0,190527,415083,10317,97639,3.844927563081255,0.19043263210862807
7445,0.3061666666666667,0,11,0,190538,415072,10317,97639,3.8448256697172924,0.19043671776107787
7446,0.3061904761904762,1,3,1,190541,415069,10318,97638,3.8447978806180294,0.19043625306461584
7447,0.3062499999999999,0,1,0,190542,415068,10318,97638,3.844788617584942,0.19043662449825047
7448,0.30625,1,7,1,190549,415061,10319,97637,3.8447237763533293,0.19043764555352274
7449,0.3062777777777777,0,1,0,190550,415060,10319,97637,3.8447145133202416,0.1904380169963936
7450,0.3062857142857143,0,1,0,190551,415059,10319,97637,3.844705250287154,0.1904383884407134
7451,0.3063333333333333,1,26,1,190577,415033,10320,97636,3.844464411426878,0.19044646740879592
7452,0.306345238095238,0,1,0,190578,415032,10320,97636,3.84445514839379,0.19044683888988584
7453,0.3063452380952381,0,1,0,190579,415031,10320,97636,3.8444458853607024,0.19044721037242499
7454,0.3063492063492062,1,6,1,190585,415025,10321,97635,3.8443903071621772,0.1904478601802364
7455,0.3063888888888889,0,1,0,190586,415024,10321,97635,3.8443810441290895,0.19044823167056465
7456,0.3064285714285714,1,6,1,190592,415018,10322,97634,3.8443254659305643,0.1904488815024617
7457,0.3064761904761905,0,1,0,190593,415017,10322,97634,3.8443162028974767,0.19044925300057935
7458,0.3065,3,34,3,190627,414983,10325,97631,3.8440012597725,0.1904571470931344
7459,0.306517316017316,0,1,0,190628,414982,10325,97631,3.8439919967394123,0.1904575186349156
7460,0.306547619047619,0,1,0,190629,414981,10325,97631,3.8439827337063246,0.19045789017814643
7461,0.3066071428571428,0,1,0,190630,414980,10325,97631,3.8439734706732374,0.19045826172282687
7462,0.3066111111111111,0,1,0,190631,414979,10325,97631,3.8439642076401497,0.1904586332689569
7463,0.3066666666666666,26,325,26,190956,414654,10351,97605,3.8409537218866947,0.1905383799991801
7464,0.3066666666666667,35,465,35,191421,414189,10386,97570,3.8366464115009817,0.1906561486949912
7465,0.3066904761904761,0,1,0,191422,414188,10386,97570,3.8366371484678945,0.19065652124637036
7466,0.3067619047619047,0,1,0,191423,414187,10386,97570,3.836627885434807,0.19065689379920547
7467,0.3067857142857142,0,1,0,191424,414186,10386,97570,3.836618622401719,0.19065726635349659
7468,0.3067857142857143,0,3,0,191427,414183,10386,97570,3.8365908333024565,0.19065838402510585
7469,0.306797619047619,0,1,0,191428,414182,10386,97570,3.836581570269369,0.19065875658522097
7470,0.3068095238095238,0,1,0,191429,414181,10386,97570,3.8365723072362816,0.1906591291467921
7471,0.3068333333333333,1,22,1,191451,414159,10387,97569,3.8363685205083553,0.19066574430166025
7472,0.3068571428571429,0,1,0,191452,414158,10387,97569,3.8363592574752676,0.1906661168943597
7473,0.3069047619047618,0,1,0,191453,414157,10387,97569,3.83634999444218,0.19066648948851533
7474,0.3069047619047619,0,1,0,191454,414156,10387,97569,3.8363407314090927,0.19066686208412723
7475,0.3069166666666666,0,1,0,191455,414155,10387,97569,3.836331468376005,0.19066723468119534
7476,0.3069761904761904,0,1,0,191456,414154,10387,97569,3.8363222053429173,0.19066760727971968
7477,0.3069999999999999,1,0,1,191456,414154,10388,97568,3.8363222053429173,0.19066602569363833
7478,0.307,3,47,3,191503,414107,10391,97565,3.8358868427878026,0.19067879422755202
7479,0.3070238095238095,0,3,0,191506,414104,10391,97565,3.83585905368854,0.1906799122088694
7480,0.307030303030303,0,1,0,191507,414103,10391,97565,3.8358497906554523,0.19068028487222183
7481,0.307047619047619,0,1,0,191508,414102,10391,97565,3.8358405276223646,0.19068065753703092
7482,0.3070833333333333,0,2,0,191510,414100,10391,97565,3.8358220015561897,0.19068140287101912
7483,0.3070833333333334,0,1,0,191511,414099,10391,97565,3.835812738523102,0.19068177554019825
7484,0.3070952380952381,1,0,1,191511,414099,10392,97564,3.835812738523102,0.1906801937994344
7485,0.3071428571428571,2,8,2,191519,414091,10394,97562,3.8357386342584014,0.1906800116485196
7486,0.3071666666666666,0,5,0,191524,414086,10394,97562,3.835692319092964,0.19068187503908937
7487,0.3071666666666667,2,5,2,191529,414081,10396,97560,3.835646003927526,0.190680574856198
7488,0.3071764069264069,0,5,0,191534,414076,10396,97560,3.8355996887620885,0.19068243829597606
7489,0.3071794871794872,0,1,0,191535,414075,10396,97560,3.8355904257290008,0.1906828109883022
7490,0.3071904761904762,0,2,0,191537,414073,10396,97560,3.8355718996628254,0.19068355637732515
7491,0.3072023809523809,0,2,0,191539,414071,10396,97560,3.8355533735966505,0.19068430177217566
7492,0.3072222222222222,0,2,0,191541,414069,10396,97560,3.8355348475304756,0.19068504717285376
7493,0.3072380952380952,0,1,0,191542,414068,10396,97560,3.835525584497388,0.1906854198753782
7494,0.3072539682539682,0,5,0,191547,414063,10396,97560,3.83547926933195,0.19068728340985452
7495,0.3072619047619047,0,1,0,191548,414062,10396,97560,3.8354700062988627,0.19068765612112068
7496,0.3072619047619048,0,1,0,191549,414061,10396,97560,3.835460743265775,0.1906880288338438
7497,0.3073333333333333,4,59,4,191608,414002,10400,97556,3.8349142243136094,0.1907036934228377
7498,0.3073333333333334,0,2,0,191610,414000,10400,97556,3.834895698247434,0.19070443900570025
7499,0.3073571428571428,0,1,0,191611,413999,10400,97556,3.834886435214347,0.19070481179931775
7500,0.3073611111111111,0,1,0,191612,413998,10400,97556,3.834877172181259,0.19070518459439278
7501,0.3073809523809524,0,1,0,191613,413997,10400,97556,3.8348679091481714,0.1907055573909253
7502,0.3074999999999999,1,13,1,191626,413984,10401,97555,3.8347474897180334,0.19070882181026275
7503,0.3075,35,418,35,192044,413566,10436,97520,3.8308755418874356,0.1908093745475321
7504,0.3075555555555556,1,0,1,192044,413566,10437,97519,3.8308755418874356,0.19080779126759737
7505,0.3075714285714285,0,1,0,192045,413565,10437,97519,3.830866278854348,0.1908081646069922
7506,0.3075833333333333,0,1,0,192046,413564,10437,97519,3.8308570158212607,0.190808537947848
7507,0.3076060606060606,0,1,0,192047,413563,10437,97519,3.830847752788173,0.19080891129016478
7508,0.3076111111111111,0,1,0,192048,413562,10437,97519,3.8308384897550853,0.19080928463394256
7509,0.3076190476190475,1,2,1,192050,413560,10438,97518,3.8308199636889104,0.190808448025546
7510,0.3076190476190476,0,2,0,192052,413558,10438,97518,3.830801437622735,0.1908091947185937
7511,0.3076363636363636,0,1,0,192053,413557,10438,97518,3.830792174589648,0.19080956806730912
7512,0.3076666666666666,7,22,7,192075,413535,10445,97511,3.8305883878617215,0.19080669841853767
7513,0.3076666666666667,3,18,3,192093,413517,10448,97508,3.8304216532661455,0.19080866885181744
7514,0.3076904761904762,0,1,0,192094,413516,10448,97508,3.830412390233058,0.19080904223676384
7515,0.3077380952380952,0,2,0,192096,413514,10448,97508,3.830393864166883,0.19080978901104062
7516,0.3077738095238095,0,1,0,192097,413513,10448,97508,3.830384601133795,0.19081016240037102
7517,0.3077777777777777,0,3,0,192100,413510,10448,97508,3.8303568120345326,0.19081128257713034
7518,0.3078095238095237,0,1,0,192101,413509,10448,97508,3.830347549001445,0.1908116559723062
7519,0.3078333333333333,3,14,3,192115,413495,10451,97505,3.830217866538219,0.19081213307240705
7520,0.3078571428571428,0,14,0,192129,413481,10451,97505,3.8300881840749934,0.19081736094530966
7521,0.3079166666666666,0,3,0,192132,413478,10451,97505,3.830060394975731,0.1908184812410589
7522,0.3079404761904762,0,1,0,192133,413477,10451,97505,3.830051131942643,0.19081885467589857
7523,0.3079523809523809,1,0,1,192133,413477,10452,97504,3.830051131942643,0.19081727109227153
7524,0.3079761904761904,1,1,1,192134,413476,10453,97503,3.830041868909556,0.190816060934011
7525,0.3079999999999999,0,1,0,192135,413475,10453,97503,3.830032605876468,0.19081643436703732
7526,0.308,9,90,9,192225,413385,10462,97494,3.8291989328985885,0.1908357947772369
7527,0.3080238095238095,1,0,1,192225,413385,10463,97493,3.8291989328985885,0.1908342109074965
7528,0.3080555555555555,0,3,0,192228,413382,10463,97493,3.8291711437993254,0.19083533153902618
7529,0.3080555555555556,0,2,0,192230,413380,10463,97493,3.8291526177331505,0.1908360786340245
7530,0.3080714285714285,0,1,0,192231,413379,10463,97493,3.829143354700063,0.19083645218371725
7531,0.3080952380952381,1,6,1,192237,413373,10464,97492,3.8290877765015376,0.1908371096082135
7532,0.3081428571428571,0,2,0,192239,413371,10464,97492,3.8290692504353627,0.19083785672479706
7533,0.3081515151515151,1,0,1,192239,413371,10465,97491,3.8290692504353627,0.1908362728094867
7534,0.3081666666666666,0,22,0,192261,413349,10465,97491,3.8288654637074364,0.19084449142588678
7535,0.3081666666666667,0,1,0,192262,413348,10465,97491,3.8288562006743487,0.19084486501617925
7536,0.3081904761904762,0,1,0,192263,413347,10465,97491,3.828846937641261,0.19084523860793443
7537,0.3082222222222222,0,1,0,192264,413346,10465,97491,3.828837674608174,0.19084561220115223
7538,0.3082499999999999,0,2,0,192266,413344,10465,97491,3.8288191485419985,0.1908463593919759
7539,0.3082857142857143,0,1,0,192267,413343,10465,97491,3.828809885508911,0.19084673298958174
7540,0.3083333333333333,40,471,40,192738,412872,10505,97451,3.824446996924673,0.19095945117112104
7541,0.308345238095238,0,1,0,192739,412871,10505,97451,3.8244377338915854,0.1909598253651616
7542,0.3084166666666666,0,1,0,192740,412870,10505,97451,3.8244284708584977,0.19096019956066868
7543,0.3084285714285714,0,2,0,192742,412868,10505,97451,3.8244099447923228,0.19096094795608237
7544,0.3084358974358974,0,1,0,192743,412867,10505,97451,3.824400681759235,0.19096132215598902
7545,0.3084523809523809,2,2,2,192745,412865,10507,97449,3.82438215569306,0.19095889981462394
7546,0.3084761904761904,0,1,0,192746,412864,10507,97449,3.8243728926599725,0.19095927401418344
7547,0.3084999999999999,1,0,1,192746,412864,10508,97448,3.8243728926599725,0.19095768862970106
7548,0.3085,4,25,4,192771,412839,10512,97444,3.8241413168327836,0.1909607021985839
7549,0.308531746031746,0,1,0,192772,412838,10512,97444,3.8241320537996963,0.19096107642440846
7550,0.308547619047619,0,1,0,192773,412837,10512,97444,3.8241227907666087,0.19096145065169975
7551,0.3085714285714285,1,4,1,192777,412833,10513,97443,3.8240857386342584,0.1909613620864003
7552,0.3085833333333333,0,2,0,192779,412831,10513,97443,3.8240672125680835,0.1909621105523699
7553,0.3086190476190476,0,2,0,192781,412829,10513,97443,3.824048686501908,0.1909628590242067
7554,0.3086363636363636,0,1,0,192782,412828,10513,97443,3.8240394234688204,0.1909632332623253
7555,0.3086547619047619,1,0,1,192782,412828,10514,97442,3.8240394234688204,0.19096164775511004
7556,0.3086666666666666,2,27,2,192809,412801,10516,97440,3.8237893215754566,0.19096858151344168
7557,0.3086666666666667,2,0,2,192809,412801,10518,97438,3.8237893215754566,0.1909654103273172
7558,0.3086904761904762,0,3,0,192812,412798,10518,97438,3.823761532476194,0.19096653313368717
7559,0.3087380952380952,0,1,0,192813,412797,10518,97438,3.8237522694431063,0.19096690740541122
7560,0.30875,2,7,2,192820,412790,10520,97436,3.8236874282114934,0.19096635608534257
7561,0.3087777777777778,0,2,0,192822,412788,10520,97436,3.8236689021453185,0.1909671046442347
7562,0.308797619047619,0,1,0,192823,412787,10520,97436,3.823659639112231,0.19096747892588142
7563,0.3088095238095238,0,4,0,192827,412783,10520,97436,3.8236225869798806,0.1909689760671398
7564,0.3088333333333333,0,10,0,192837,412773,10520,97436,3.823529956649005,0.19097271902298862
7565,0.3088571428571429,0,1,0,192838,412772,10520,97436,3.8235206936159174,0.19097309332664325
7566,0.3088888888888889,0,4,0,192842,412768,10520,97436,3.8234836414835676,0.1909745905559345
7567,0.3089285714285714,1,0,1,192842,412768,10521,97435,3.8234836414835676,0.1909730048627703
7568,0.3089761904761905,0,3,0,192845,412765,10521,97435,3.8234558523843045,0.19097412779302234
7569,0.3089999999999999,1,2,1,192847,412763,10522,97434,3.8234373263181296,0.19097329070927505
7570,0.309,6,68,6,192915,412695,10528,97428,3.8228074400681757,0.19098923200875084
7571,0.309031746031746,0,2,0,192917,412693,10528,97428,3.822788914002001,0.19098998080847485
7572,0.309047619047619,2,3,2,192920,412690,10530,97426,3.8227611249027382,0.1909879321566075
7573,0.3090714285714285,1,0,1,192920,412690,10531,97425,3.8227611249027382,0.19098634621604932
7574,0.3090952380952381,0,1,0,192921,412689,10531,97425,3.8227518618696505,0.19098672061539185
7575,0.3091111111111111,0,1,0,192922,412688,10531,97425,3.822742598836563,0.19098709501620229
7576,0.3091190476190476,0,1,0,192923,412687,10531,97425,3.8227333358034756,0.19098746941848066
7577,0.3091428571428571,0,4,0,192927,412683,10531,97425,3.8226962836711254,0.1909889670422734
7578,0.3091547619047619,0,1,0,192928,412682,10531,97425,3.8226870206380377,0.19098934145189148
7579,0.3091666666666666,5,59,5,192987,412623,10536,97420,3.822140501685872,0.19100350362616486
7580,0.3091666666666667,1,72,1,193059,412551,10537,97419,3.821473563303568,0.19102888405200305
7581,0.3091746031746031,0,1,0,193060,412550,10537,97419,3.8214643002704807,0.19102925864121154
7582,0.3092261904761905,0,1,0,193061,412549,10537,97419,3.821455037237393,0.19102963323188907
7583,0.3092380952380952,0,2,0,193063,412547,10537,97419,3.821436511171218,0.19103038241765138
7584,0.3092619047619047,0,1,0,193064,412546,10537,97419,3.8214272481381304,0.19103075701273617
7585,0.3092857142857143,0,10,0,193074,412536,10537,97419,3.821334617807255,0.19103450304438627
7586,0.309313492063492,0,1,0,193075,412535,10537,97419,3.8213253547741672,0.19103487765563168
7587,0.3093333333333333,6,46,6,193121,412489,10543,97413,3.8208992552521397,0.19104259249816632
7588,0.3093809523809524,0,1,0,193122,412488,10543,97413,3.820889992219052,0.19104296716421423
7589,0.3093888888888889,1,0,1,193122,412488,10544,97412,3.820889992219052,0.19104138066287507
7590,0.3094047619047619,0,1,0,193123,412487,10544,97412,3.8208807291859648,0.19104175532801593
7591,0.3094761904761905,0,2,0,193125,412485,10544,97412,3.8208622031197894,0.1910425046627064
7592,0.3094999999999999,0,3,0,193128,412482,10544,97412,3.820834414020527,0.191043628675764
7593,0.3095,0,23,0,193151,412459,10544,97412,3.8206213642595133,0.1910522465486368
7594,0.3095238095238095,0,6,0,193157,412453,10544,97412,3.8205657860609876,0.19105449481725556
7595,0.3095555555555556,0,1,0,193158,412452,10544,97412,3.8205565230279004,0.19105486953383646
7596,0.3095595238095238,0,1,0,193159,412451,10544,97412,3.8205472599948127,0.19105524425188727
7597,0.3095833333333333,0,3,0,193162,412448,10544,97412,3.82051947089555,0.19105636841485898
7598,0.3095833333333334,1,0,1,193162,412448,10545,97411,3.82051947089555,0.19105478181222652
7599,0.3095952380952381,0,3,0,193165,412445,10545,97411,3.8204916817962875,0.19105590598129668
7600,0.3096190476190475,0,1,0,193166,412444,10545,97411,3.8204824187632,0.1910562807072599
7601,0.3096428571428571,1,2,1,193168,412442,10546,97410,3.820463892697025,0.1910554435404784
7602,0.3096666666666666,1,13,1,193181,412429,10547,97409,3.8203434732668864,0.19105872845884378
7603,0.3096666666666667,1,19,1,193200,412410,10548,97408,3.820167475638223,0.19106426214845298
7604,0.3097023809523809,1,1,1,193201,412409,10549,97407,3.8201582126051354,0.19106305019850298
7605,0.3097142857142857,0,4,0,193205,412405,10549,97407,3.820121160472785,0.1910645492848344
7606,0.3097499999999999,0,1,0,193206,412404,10549,97407,3.8201118974396975,0.19106492406009284
7607,0.3097619047619048,0,1,0,193207,412403,10549,97407,3.8201026344066102,0.19106529883682155
7608,0.3098333333333333,2,14,2,193221,412389,10551,97405,3.8199729519433845,0.19106737231116883
7609,0.3098333333333334,0,2,0,193223,412387,10551,97405,3.819954425877209,0.19106812190069675
7610,0.3098452380952381,1,2,1,193225,412385,10552,97404,3.819935899811034,0.19106728470014064
7611,0.3098571428571428,0,1,0,193226,412384,10552,97404,3.8199266367779465,0.19106765949767354
7612,0.3098809523809523,0,1,0,193227,412383,10552,97404,3.819917373744859,0.19106803429667685
7613,0.3099047619047619,0,1,0,193228,412382,10552,97404,3.8199081107117716,0.19106840909715056
7614,0.3099848484848485,0,1,0,193229,412381,10552,97404,3.819898847678684,0.1910687838990947
7615,0.3099999999999999,2,37,2,193266,412344,10554,97402,3.8195561154544446,0.1910794787992451
7616,0.31,270,3785,270,197051,408559,10824,97132,3.784495535218052,0.19207777081261088
7617,0.310095238095238,0,2,0,197053,408557,10824,97132,3.784477009151877,0.19207853048019632
7618,0.3101111111111111,0,2,0,197055,408555,10824,97132,3.7844584830857015,0.19207929015379077
7619,0.3101186868686868,0,1,0,197056,408554,10824,97132,3.784449220052614,0.1920796699928414
7620,0.3101190476190475,0,2,0,197058,408552,10824,97132,3.784430693986439,0.1920804296754495
7621,0.3101190476190476,0,1,0,197059,408551,10824,97132,3.7844214309533513,0.19208080951900697
7622,0.3101428571428571,0,1,0,197060,408550,10824,97132,3.784412167920264,0.19208118936406673
7623,0.3101666666666666,1,11,1,197071,408539,10825,97131,3.784310274556301,0.19208377004765953
7624,0.3101666666666667,2,9,2,197080,408530,10827,97129,3.7842269072585126,0.19208399336311624
7625,0.3101960784313725,0,1,0,197081,408529,10827,97129,3.7842176442254254,0.19208437323250102
7626,0.3102380952380952,1,2,1,197083,408527,10828,97128,3.78419911815925,0.19208353521669913
7627,0.3102499999999999,0,1,0,197084,408526,10828,97128,3.7841898551261623,0.19208391508818282
7628,0.3102857142857143,1,0,1,197084,408526,10829,97127,3.7841898551261623,0.19208231732037584
7629,0.3103333333333333,0,21,0,197105,408505,10829,97127,3.7839953314313237,0.19209029491804316
7630,0.3103333333333334,0,1,0,197106,408504,10829,97127,3.7839860683982365,0.1920906748201752
7631,0.3103571428571428,0,7,0,197113,408497,10829,97127,3.7839212271666236,0.19209333417717514
7632,0.3103571428571429,0,2,0,197115,408495,10829,97127,3.7839027011004482,0.19209409400698546
7633,0.3104047619047619,0,2,0,197117,408493,10829,97127,3.7838841750342733,0.19209485384280686
7634,0.3104166666666666,0,1,0,197118,408492,10829,97127,3.7838749120011856,0.19209523376297172
7635,0.3104166666666667,0,3,0,197121,408489,10829,97127,3.783847122901923,0.19209637353248316
7636,0.3104545454545455,1,0,1,197121,408489,10830,97126,3.783847122901923,0.1920947756692345
7637,0.3104761904761904,0,2,0,197123,408487,10830,97126,3.7838285968357477,0.19209553551827188
7638,0.3104761904761905,0,1,0,197124,408486,10830,97126,3.7838193338026604,0.1920959154450448
7639,0.3105,1,17,1,197141,408469,10831,97125,3.783661862240172,0.1921007765123795
7640,0.3105238095238095,1,3,1,197144,408466,10832,97124,3.783634073140909,0.19210031843984257
7641,0.3105555555555556,0,3,0,197147,408463,10832,97124,3.7836062840416465,0.19210145830490102
7642,0.3105714285714285,0,1,0,197148,408462,10832,97124,3.783597021008559,0.1921018382629266
7643,0.3105833333333333,0,1,0,197149,408461,10832,97124,3.7835877579754715,0.19210221822245518
7644,0.3105868771751124,0,1,0,197150,408460,10832,97124,3.783578494942384,0.19210259818348682
7645,0.3105952380952381,0,1,0,197151,408459,10832,97124,3.783569231909296,0.19210297814602154
7646,0.3106190476190476,0,2,0,197153,408457,10832,97124,3.7835507058431213,0.19210373807560016
7647,0.3106277056277056,0,1,0,197154,408456,10832,97124,3.7835414428100336,0.1921041180426441
7648,0.3106666666666666,5,59,5,197213,408397,10837,97119,3.782994923857868,0.19211854817651666
7649,0.3106666666666667,0,7,0,197220,408390,10837,97119,3.782930082626255,0.1921212085244773
7650,0.3107121212121212,0,3,0,197223,408387,10837,97119,3.7829022935269925,0.1921223486961579
7651,0.3107142857142857,2,6,2,197229,408381,10839,97117,3.7828467153284673,0.19212143272574767
7652,0.3107142857142858,0,1,0,197230,408380,10839,97117,3.7828374522953796,0.1921218127901847
7653,0.3107619047619048,0,1,0,197231,408379,10839,97117,3.782828189262292,0.19212219285612547
7654,0.3108095238095238,0,1,0,197232,408378,10839,97117,3.7828189262292047,0.19212257292356996
7655,0.3108333333333333,11,150,11,197382,408228,10850,97106,3.781429471266071,0.19216201561739366
7656,0.3108571428571428,0,4,0,197386,408224,10850,97106,3.781392419133721,0.19216353669879088
7657,0.3108571428571429,0,1,0,197387,408223,10850,97106,3.7813831561006337,0.1921639169729028
7658,0.3108809523809523,0,1,0,197388,408222,10850,97106,3.781373893067546,0.19216429724851977
7659,0.3109007936507936,1,0,1,197388,408222,10851,97105,3.781373893067546,0.1921626986090195
7660,0.3109047619047619,0,1,0,197389,408221,10851,97105,3.7813646300344583,0.1921630788837305
7661,0.3109090909090909,0,1,0,197390,408220,10851,97105,3.781355367001371,0.19216345915994656
7662,0.3109285714285714,0,1,0,197391,408219,10851,97105,3.7813461039682834,0.1921638394376677
7663,0.3109523809523809,1,6,1,197397,408213,10852,97104,3.781290525769758,0.1921645224680745
7664,0.310952380952381,0,1,0,197398,408212,10852,97104,3.7812812627366705,0.1921649027539203
7665,0.3109999999999999,0,1,0,197399,408211,10852,97104,3.781271999703583,0.19216528304127128
7666,0.311,6,80,6,197479,408131,10858,97098,3.7805309570565786,0.19218611758232407
7667,0.3110238095238095,0,1,0,197480,408130,10858,97098,3.780521694023491,0.1921864979771509
7668,0.311047619047619,1,0,1,197480,408130,10859,97097,3.780521694023491,0.1921848990651727
7669,0.3110833333333333,0,2,0,197482,408128,10859,97097,3.780503167957316,0.19218565985452027
7670,0.3110912698412698,0,1,0,197483,408127,10859,97097,3.7804939049242283,0.19218604025145283
7671,0.311111111111111,1,0,1,197483,408127,10860,97096,3.7804939049242283,0.19218444132590956
7672,0.3111212121212121,0,1,0,197484,408126,10860,97096,3.7804846418911406,0.1921848217219361
7673,0.311155303030303,0,5,0,197489,408121,10860,97096,3.780438326725703,0.19218672372465692
7674,0.3111666666666666,0,6,0,197495,408115,10860,97096,3.780382748527178,0.1921890061776169
7675,0.3111904761904762,0,2,0,197497,408113,10860,97096,3.7803642224610026,0.19218976700731777
7676,0.3112222222222222,0,1,0,197498,408112,10860,97096,3.780354959427915,0.19219014742442717
7677,0.3112380952380952,0,1,0,197499,408111,10860,97096,3.7803456963948276,0.19219052784304255
7678,0.3112499999999999,0,1,0,197500,408110,10860,97096,3.78033643336174,0.19219090826316393
7679,0.31125,3,8,3,197508,408102,10863,97093,3.7802623290970394,0.19218915468284523
7680,0.3112619047619047,0,1,0,197509,408101,10863,97093,3.780253066063952,0.19218953510928474
7681,0.3113095238095237,0,1,0,197510,408100,10863,97093,3.7802438030308645,0.19218991553723033
7682,0.3113333333333333,2,27,2,197537,408073,10865,97091,3.7799937011375007,0.19219698949252123
7683,0.3113618326118325,0,1,0,197538,408072,10865,97091,3.779984438104413,0.19219736995781558
7684,0.3114166666666667,0,1,0,197539,408071,10865,97091,3.7799751750713253,0.19219775042461626
7685,0.3114285714285714,1,2,1,197541,408069,10866,97090,3.7799566490051504,0.19219691225930846
7686,0.3114761904761905,0,1,0,197542,408068,10866,97090,3.7799473859720627,0.19219729272821573
7687,0.3114880952380952,0,2,0,197544,408066,10866,97090,3.779928859905888,0.1921980536705493
7688,0.3114999999999999,0,2,0,197546,408064,10866,97090,3.7799103338397124,0.19219881461890828
7689,0.3115,1,24,1,197570,408040,10867,97089,3.779688021045611,0.19220634728950425
7690,0.3115476190476191,0,1,0,197571,408039,10867,97089,3.7796787580125235,0.19220672779968642
7691,0.3115714285714286,0,1,0,197572,408038,10867,97089,3.7796694949794363,0.19220710831137516
7692,0.3115903540903541,0,1,0,197573,408037,10867,97089,3.7796602319463486,0.1922074888245705
7693,0.3116190476190476,0,1,0,197574,408036,10867,97089,3.779650968913261,0.19220786933927245
7694,0.3116385281385281,0,2,0,197576,408034,10867,97089,3.779632442847086,0.19220863037319624
7695,0.3116547619047619,0,1,0,197577,408033,10867,97089,3.7796231798139983,0.19220901089241807
7696,0.3116666666666666,11,199,11,197776,407834,10878,97078,3.777779836229575,0.1922671673479735
7697,0.3116666666666667,18,261,18,198037,407573,10896,97060,3.7753621845937233,0.19233779796406497
7698,0.3117261904761905,0,1,0,198038,407572,10896,97060,3.7753529215606356,0.19233817910873666
7699,0.31175,0,1,0,198039,407571,10896,97060,3.7753436585275484,0.19233856025491894
7700,0.3117619047619047,0,1,0,198040,407570,10896,97060,3.7753343954944607,0.19233894140261182
7701,0.3117857142857143,1,1,1,198041,407569,10897,97059,3.775325132461373,0.19233772204475377
7702,0.3118333333333333,1,13,1,198054,407556,10898,97058,3.775204713031235,0.19234107654563687
7703,0.3118571428571428,0,1,0,198055,407555,10898,97058,3.7751954499981473,0.19234145771115688
7704,0.3119047619047619,0,2,0,198057,407553,10898,97058,3.7751769239319724,0.19234222004672907
7705,0.3119166666666666,0,1,0,198058,407552,10898,97058,3.7751676608988847,0.1923426012167813
7706,0.3119444444444444,0,2,0,198060,407550,10898,97058,3.7751491348327098,0.19234336356141798
7707,0.3119999999999999,0,6,0,198066,407544,10898,97058,3.775093556634184,0.19234565063158687
7708,0.312,18,87,18,198153,407457,10916,97040,3.774287672755567,0.1923500040634533
7709,0.3120238095238095,0,3,0,198156,407454,10916,97040,3.7742598836563044,0.19235114788282914
7710,0.3120793650793652,0,1,0,198157,407453,10916,97040,3.7742506206232167,0.19235152915897744
7711,0.3120833333333333,0,2,0,198159,407451,10916,97040,3.774232094557042,0.19235229171580862
7712,0.3120833333333334,0,2,0,198161,407449,10916,97040,3.774213568490867,0.19235305427868596
7713,0.3120952380952381,0,1,0,198162,407448,10916,97040,3.774204305457779,0.19235343556239198
7714,0.312111111111111,0,1,0,198163,407447,10916,97040,3.7741950424246915,0.19235381684760955
7715,0.3121190476190476,0,5,0,198168,407442,10916,97040,3.774148727259254,0.19235572329637132
7716,0.3121428571428571,0,8,0,198176,407434,10916,97040,3.7740746229945534,0.1923587736929951
7717,0.3121666666666666,1,3,1,198179,407431,10917,97039,3.774046833895291,0.19235831664915654
7718,0.3121666666666667,0,4,0,198183,407427,10917,97039,3.7740097817629406,0.1923598418922187
7719,0.3121717171717171,0,2,0,198185,407425,10917,97039,3.773991255696765,0.19236060452282025
7720,0.3121904761904762,0,1,0,198186,407424,10917,97039,3.773981992663678,0.1923609858403887
7721,0.3122222222222222,0,5,0,198191,407419,10917,97039,3.77393567749824,0.1923628924509077
7722,0.3122499999999999,1,1,1,198192,407418,10918,97038,3.7739264144651523,0.1923616727722537
7723,0.31225,0,5,0,198197,407413,10918,97038,3.773880099299715,0.19236357941603843
7724,0.3122619047619047,1,1,1,198198,407412,10919,97037,3.773870836266627,0.1923623597231831
7725,0.3122857142857143,0,1,0,198199,407411,10919,97037,3.7738615732335394,0.19236274105556966
7726,0.3123333333333333,2,26,2,198225,407385,10921,97035,3.7736207343732633,0.19236945402640657
7727,0.3123571428571428,0,1,0,198226,407384,10921,97035,3.7736114713401756,0.19236983539478092
7728,0.3123809523809523,0,3,0,198229,407381,10921,97035,3.773583682240913,0.19237097950897672
7729,0.3123809523809524,0,2,0,198231,407379,10921,97035,3.7735651561747376,0.1923717422593346
7730,0.3124134199134199,0,1,0,198232,407378,10921,97035,3.7735558931416504,0.19237212363678177
7731,0.3124469696969697,0,1,0,198233,407377,10921,97035,3.7735466301085627,0.1923725050157411
7732,0.3124999999999999,3,7,3,198240,407370,10924,97032,3.77348178887695,0.19237037125150178
7733,0.3125,32,346,32,198586,407024,10956,97000,3.7702767794286562,0.1924511531196927
7734,0.3125238095238096,1,1,1,198587,407023,10957,96999,3.7702675163955686,0.19244993274103114
7735,0.312547619047619,0,1,0,198588,407022,10957,96999,3.770258253362481,0.19245031457022624
7736,0.3126190476190476,1,6,1,198594,407016,10958,96998,3.7702026751639557,0.19245100334514517
7737,0.3126190476190477,0,2,0,198596,407014,10958,96998,3.7701841490977808,0.1924517670214201
7738,0.3126428571428571,1,0,1,198596,407014,10959,96997,3.7701841490977808,0.1924501647781497
7739,0.3126666666666666,1,38,1,198634,406976,10960,96996,3.7698321538404533,0.19246307334534457
7740,0.3126666666666667,0,31,0,198665,406945,10960,96996,3.7695449998147392,0.19247491273780065
7741,0.3127142857142856,0,1,0,198666,406944,10960,96996,3.769535736781652,0.19247529467793784
7742,0.3127142857142857,0,1,0,198667,406943,10960,96996,3.7695264737485643,0.19247567661959086
7743,0.3127272727272727,0,1,0,198668,406942,10960,96996,3.7695172107154766,0.1924760585627597
7744,0.3127380952380952,0,1,0,198669,406941,10960,96996,3.769507947682389,0.1924764405074444
7745,0.31275,0,1,0,198670,406940,10960,96996,3.7694986846493017,0.19247682245364492
7746,0.3127777777777777,0,8,0,198678,406932,10960,96996,3.769424580384601,0.19247987807782063
7747,0.3128333333333333,1,10,1,198688,406922,10961,96995,3.7693319500537257,0.1924820952656886
7748,0.3128571428571428,2,7,2,198695,406915,10963,96993,3.769267108822113,0.19248156409503323
7749,0.3128730158730158,0,1,0,198696,406914,10963,96993,3.769257845789025,0.1924819460733826
7750,0.3128809523809523,0,1,0,198697,406913,10963,96993,3.7692485827559374,0.19248232805324803
7751,0.3128928538781478,1,6,1,198703,406907,10964,96992,3.7691930045574122,0.19248301743008023
7752,0.3128939393939394,0,2,0,198705,406905,10964,96992,3.7691744784912373,0.19248378140770833
7753,0.3129047619047619,0,2,0,198707,406903,10964,96992,3.769155952425062,0.19248454539140097
7754,0.3129166666666666,0,3,0,198710,406900,10964,96992,3.7691281633257994,0.19248569137831123
7755,0.3129166666666667,0,2,0,198712,406898,10964,96992,3.7691096372596244,0.19248645537716566
7756,0.3129523809523809,0,1,0,198713,406897,10964,96992,3.7691003742265368,0.19248683737886718
7757,0.3129761904761904,0,4,0,198717,406893,10964,96992,3.7690633220941865,0.1924883654008355
7758,0.3129999999999999,1,4,1,198721,406889,10965,96991,3.769026269961836,0.19248829086290387
7759,0.313,12,43,12,198764,406846,10977,96979,3.7686279595390713,0.1924854860318563
7760,0.3130429292929293,0,1,0,198765,406845,10977,96979,3.768618696505984,0.19248586808091714
7761,0.313047619047619,0,2,0,198767,406843,10977,96979,3.7686001704398087,0.19248663218358864
7762,0.3130833333333333,0,1,0,198768,406842,10977,96979,3.7685909074067214,0.19248701423719933
7763,0.3130952380952381,1,6,1,198774,406836,10978,96978,3.768535329208196,0.19248770379544833
7764,0.3130992063492063,0,1,0,198775,406835,10978,96978,3.7685260661751085,0.1924880858572526
7765,0.3131428571428571,0,1,0,198776,406834,10978,96978,3.768516803142021,0.19248846792057356
7766,0.3131547619047619,0,2,0,198778,406832,10978,96978,3.7684982770758455,0.19248923205176555
7767,0.3131587301587302,0,2,0,198780,406830,10978,96978,3.7684797510096706,0.1924899961890244
7768,0.3131666666666666,0,20,0,198800,406810,10978,96978,3.7682944903479196,0.19249763789530516
7769,0.3132142857142856,0,5,0,198805,406805,10978,96978,3.7682481751824817,0.1924995484166794
7770,0.3132142857142857,0,5,0,198810,406800,10978,96978,3.768201860017044,0.1925014589759775
7771,0.31325,0,1,0,198811,406799,10978,96978,3.7681925969839565,0.1925018410923881
7772,0.3132619047619047,0,2,0,198813,406797,10978,96978,3.768174070917781,0.19250260532976032
7773,0.3132857142857143,0,4,0,198817,406793,10978,96978,3.7681370187854313,0.19250413382270912
7774,0.3132976190476191,1,0,1,198817,406793,10979,96977,3.7681370187854313,0.19250253091688668
7775,0.3133333333333333,60,780,60,199597,406013,11039,96917,3.760911852977139,0.19270475016403874
7776,0.3133809523809523,0,1,0,199598,406012,11039,96917,3.760902589944051,0.19270513332895897
7777,0.3133928571428571,0,1,0,199599,406011,11039,96917,3.760893326910964,0.19270551649540293
7778,0.3134285714285714,0,1,0,199600,406010,11039,96917,3.760884063877876,0.19270589966337062
7779,0.3134761904761904,1,1,1,199601,406009,11040,96916,3.7608748008447885,0.19270467763583038
7780,0.3135,2,33,2,199634,405976,11042,96914,3.7605691207528995,0.1927141124301537
7781,0.3135238095238095,1,0,1,199634,405976,11043,96913,3.7605691207528995,0.19271250713378102
7782,0.3135714285714285,1,6,1,199640,405970,11044,96912,3.760513542554374,0.19271320110880882
7783,0.3135833333333333,0,1,0,199641,405969,11044,96912,3.7605042795212866,0.1927135843271072
7784,0.3136190476190476,0,1,0,199642,405968,11044,96912,3.760495016488199,0.19271396754692968
7785,0.3136605339105339,0,1,0,199643,405967,11044,96912,3.7604857534551113,0.19271435076827625
7786,0.3136666666666666,5,31,5,199674,405936,11049,96907,3.760198599429397,0.19271820429040476
7787,0.3136666666666667,0,2,0,199676,405934,11049,96907,3.7601800733632222,0.19271897080786968
7788,0.3136904761904761,0,1,0,199677,405933,11049,96907,3.7601708103301346,0.1927193540688887
7789,0.3136904761904762,0,2,0,199679,405931,11049,96907,3.760152284263959,0.19272012059549995
7790,0.3137142857142857,1,0,1,199679,405931,11050,96906,3.760152284263959,0.19271851514506688
7791,0.31375,0,17,0,199696,405914,11050,96906,3.759994812701471,0.19272503082614056
7792,0.3138095238095238,0,4,0,199700,405910,11050,96906,3.7599577605691206,0.19272656399159932
7793,0.3138174603174603,0,1,0,199701,405909,11050,96906,3.7599484975360333,0.19272694728677545
7794,0.3138333333333333,0,13,0,199714,405896,11050,96906,3.759828078105895,0.19273193026280722
7795,0.3138571428571428,0,2,0,199716,405894,11050,96906,3.75980955203972,0.1927326968973747
7796,0.3138809523809523,0,1,0,199717,405893,11050,96906,3.759800289006632,0.19273308021694555
7797,0.3138888888888889,0,2,0,199719,405891,11050,96906,3.7597817629404573,0.19273384686066147
7798,0.3139285714285714,0,2,0,199721,405889,11050,96906,3.759763236874282,0.19273461351047644
7799,0.3139393939393939,0,1,0,199722,405888,11050,96906,3.7597539738411947,0.1927349968376711
7800,0.3139444444444444,0,1,0,199723,405887,11050,96906,3.759744710808107,0.19273538016639055
7801,0.3139523809523809,0,1,0,199724,405886,11050,96906,3.7597354477750193,0.1927357634966348
7802,0.3139696969696969,0,1,0,199725,405885,11050,96906,3.759726184741932,0.19273614682840384
7803,0.3139999999999999,0,2,0,199727,405883,11050,96906,3.7597076586757567,0.19273691349651642
7804,0.314,11,129,11,199856,405754,11061,96895,3.7585127274074623,0.1927687113671767
7805,0.314037851037851,0,5,0,199861,405749,11061,96895,3.7584664122420244,0.19277062891430116
7806,0.3140476190476191,1,2,1,199863,405747,11062,96894,3.7584478861758495,0.19276978996938174
7807,0.3141190476190476,0,2,0,199865,405745,11062,96894,3.758429360109674,0.1927705570001532
7808,0.3141666666666666,7,62,7,199927,405683,11069,96887,3.757855052058246,0.19278309489225381
7809,0.3141666666666667,5,95,5,200022,405588,11074,96882,3.756975063914928,0.19281151113499315
7810,0.31425,0,1,0,200023,405587,11074,96882,3.756965800881841,0.1928118948631657
7811,0.3142727272727272,0,1,0,200024,405586,11074,96882,3.7569565378487533,0.19281227859286562
7812,0.3142738095238095,0,1,0,200025,405585,11074,96882,3.7569472748156656,0.19281266232409291
7813,0.3142857142857143,2,20,2,200045,405565,11076,96880,3.7567620141539146,0.1928171242623571
7814,0.3143073593073593,0,1,0,200046,405564,11076,96880,3.756752751120827,0.19281750802079436
7815,0.3143333333333332,0,1,0,200047,405563,11076,96880,3.7567434880877393,0.1928178917807592
7816,0.3143333333333333,6,38,6,200085,405525,11082,96874,3.7563914928304123,0.19282283603271502
7817,0.3143571428571429,0,1,0,200086,405524,11082,96874,3.756382229797325,0.1928232198376586
7818,0.3143636363636363,1,1,1,200087,405523,11083,96873,3.7563729667642374,0.1928219969904219
7819,0.3143809523809523,1,1,1,200088,405522,11084,96872,3.7563637037311497,0.19282077413344906
7820,0.3143809523809524,0,3,0,200091,405519,11084,96872,3.756335914631887,0.19282192555201028
7821,0.3144047619047619,1,0,1,200091,405519,11085,96871,3.756335914631887,0.1928203188757738
7822,0.3144444444444444,0,2,0,200093,405517,11085,96871,3.756317388565712,0.19282108649091936
7823,0.3144999999999999,0,1,0,200094,405516,11085,96871,3.7563081255326245,0.19282147030078406
7824,0.3145,3,24,3,200118,405492,11088,96868,3.7560858127385233,0.19282586193168247
7825,0.3145039682539682,0,1,0,200119,405491,11088,96868,3.7560765497054356,0.19282624577244561
7826,0.3145238095238095,0,8,0,200127,405483,11088,96868,3.756002445440735,0.19282931655356514
7827,0.3145634920634921,0,1,0,200128,405482,11088,96868,3.7559931824076473,0.192829700408082
7828,0.3145714285714286,0,4,0,200132,405478,11088,96868,3.7559561302752975,0.192831235841432
7829,0.3145833333333333,0,4,0,200136,405474,11088,96868,3.7559190781429472,0.19283277129923437
7830,0.3145833333333334,0,1,0,200137,405473,11088,96868,3.7559098151098596,0.19283315516750574
7831,0.3146428571428571,0,2,0,200139,405471,11088,96868,3.7558912890436846,0.1928339229086334
7832,0.3146666666666666,2,14,2,200153,405457,11090,96866,3.755761606580459,0.19283608355579976
7833,0.3146666666666667,1,21,1,200174,405436,11091,96865,3.7555670828856202,0.19284253863719164
7834,0.3146904761904762,0,2,0,200176,405434,11091,96865,3.755548556819445,0.19284330647681958
7835,0.3147142857142857,0,4,0,200180,405430,11091,96865,3.7555115046870946,0.1928448421744194
7836,0.3147316017316017,0,1,0,200181,405429,11091,96865,3.7555022416540074,0.19284522610264107
7837,0.3147619047619048,0,1,0,200182,405428,11091,96865,3.7554929786209197,0.19284561003239145
7838,0.3148333333333333,0,25,0,200207,405403,11091,96865,3.7552614027937308,0.19285520877300566
7839,0.3148556443556443,0,1,0,200208,405402,11091,96865,3.755252139760643,0.1928555927425055
7840,0.3148571428571428,0,1,0,200209,405401,11091,96865,3.755242876727556,0.19285597671353427
7841,0.3148571428571429,1,0,1,200209,405401,11092,96864,3.755242876727556,0.19285436970523528
7842,0.3148809523809524,0,2,0,200211,405399,11092,96864,3.7552243506613805,0.19285513764700962
7843,0.3148968253968254,0,1,0,200212,405398,11092,96864,3.755215087628293,0.19285552162019026
7844,0.3149047619047619,0,1,0,200213,405397,11092,96864,3.7552058245952056,0.19285590559489987
7845,0.3149285714285714,0,2,0,200215,405395,11092,96864,3.75518729852903,0.19285667354890604
7846,0.3149444444444444,0,2,0,200217,405393,11092,96864,3.7551687724628553,0.19285744150902825
7847,0.3149523809523809,0,2,0,200219,405391,11092,96864,3.75515024639668,0.19285820947526655
7848,0.3149999999999999,3,29,3,200248,405362,11095,96861,3.754881618437141,0.1928645243248517
7849,0.315,113,1440,113,201688,403922,11208,96748,3.741542850791063,0.19323706233646912
7850,0.3150952380952381,0,5,0,201693,403917,11208,96748,3.7414965356256253,0.1932389921404532
7851,0.3151190476190476,2,1,2,201694,403916,11210,96746,3.7414872725925377,0.19323615533034263
7852,0.3151428571428571,0,1,0,201695,403915,11210,96746,3.74147800955945,0.19323654129241144
7853,0.3151666666666666,0,6,0,201701,403909,11210,96746,3.741422431360925,0.19323885709720268
7854,0.3151666666666667,0,5,0,201706,403904,11210,96746,3.7413761161954873,0.19324078697692998
7855,0.3151746031746032,0,2,0,201708,403902,11210,96746,3.741357590129312,0.19324155893961426
7856,0.3151904761904761,0,1,0,201709,403901,11210,96746,3.7413483270962242,0.1932419449232693
7857,0.3152142857142857,0,1,0,201710,403900,11210,96746,3.741339064063137,0.19324233090846626
7858,0.3152380952380952,1,4,1,201714,403896,11211,96745,3.7413020119307867,0.19324226341829775
7859,0.31525,0,2,0,201716,403894,11211,96745,3.7412834858646113,0.19324303540075782
7860,0.3152857142857142,0,1,0,201717,403893,11211,96745,3.741274222831524,0.19324342139430087
7861,0.3152857142857143,0,1,0,201718,403892,11211,96745,3.7412649597984364,0.19324380738938593
7862,0.3153333333333333,4,33,4,201751,403859,11215,96741,3.740959279706547,0.19325009988014383
7863,0.3153333333333334,0,1,0,201752,403858,11215,96741,3.7409500166734597,0.1932504859178704
7864,0.3153571428571428,1,1,1,201753,403857,11216,96740,3.740940753640372,0.19324926038310258
7865,0.3153690476190476,0,1,0,201754,403856,11216,96740,3.7409314906072844,0.1932496464214656
7866,0.3153809523809523,0,1,0,201755,403855,11216,96740,3.7409222275741967,0.19325003246137096
7867,0.3153809523809524,1,0,1,201755,403855,11217,96739,3.7409222275741967,0.1932484208759993
7868,0.3154166666666667,0,4,0,201759,403851,11217,96739,3.740885175441847,0.19324996504125133
7869,0.3154444444444445,0,2,0,201761,403849,11217,96739,3.7408666493756715,0.19325073713313143
7870,0.3154603174603175,0,1,0,201762,403848,11217,96739,3.740857386342584,0.19325112318138504
7871,0.3154761904761904,0,3,0,201765,403845,11217,96739,3.740829597243321,0.19325228133540026
7872,0.315489454989455,0,1,0,201766,403844,11217,96739,3.740820334210234,0.19325266738982347
7873,0.3154999999999999,0,3,0,201769,403841,11217,96739,3.740792545110971,0.1932538255623477
7874,0.3155,3,17,3,201786,403824,11220,96736,3.7406350735484826,0.19325555377976666
7875,0.3155238095238095,0,1,0,201787,403823,11220,96736,3.7406258105153953,0.19325593985923736
7876,0.3155555555555556,0,1,0,201788,403822,11220,96736,3.7406165474823077,0.1932563259402507
7877,0.3155714285714285,0,1,0,201789,403821,11220,96736,3.74060728444922,0.1932567120228066
7878,0.315595238095238,0,1,0,201790,403820,11220,96736,3.7405980214161323,0.1932570981069051
7879,0.3156071428571428,1,1,1,201791,403819,11221,96735,3.740588758383045,0.19325587249327744
7880,0.3156428571428571,0,1,0,201792,403818,11221,96735,3.7405794953499574,0.1932562585780127
7881,0.3156666666666666,2,36,2,201828,403782,11223,96733,3.7402460261588053,0.1932669350568914
7882,0.3156666666666667,0,1,0,201829,403781,11223,96733,3.740236763125718,0.19326732119381276
7883,0.3156904761904762,0,1,0,201830,403780,11223,96733,3.7402275000926304,0.19326770733227708
7884,0.3157142857142856,0,5,0,201835,403775,11223,96733,3.7401811849271924,0.1932696380477435
7885,0.3157142857142857,0,4,0,201839,403771,11223,96733,3.740144132794842,0.19327118264789092
7886,0.3157272727272727,0,1,0,201840,403770,11223,96733,3.740134869761755,0.1932715688017854
7887,0.31575,0,1,0,201841,403769,11223,96733,3.7401256067286672,0.19327195495722294
7888,0.3157619047619047,0,3,0,201844,403766,11223,96733,3.7400978176294046,0.19327311343279407
7889,0.3158095238095237,0,1,0,201845,403765,11223,96733,3.740088554596317,0.19327349959440399
7890,0.3158333333333333,11,131,11,201976,403634,11234,96722,3.7388750972618476,0.19330636586750233
7891,0.3158650793650792,0,2,0,201978,403632,11234,96722,3.7388565711956723,0.1933071385459095
7892,0.3158650793650794,0,1,0,201979,403631,11234,96722,3.7388473081625846,0.19330752488742947
7893,0.3158928571428571,0,1,0,201980,403630,11234,96722,3.7388380451294974,0.19330791123049373
7894,0.3159166666666667,0,1,0,201981,403629,11234,96722,3.7388287820964097,0.1933082975751023
7895,0.3159523809523809,1,4,1,201985,403625,11235,96721,3.7387917299640594,0.1933082307043526
7896,0.3159642857142857,0,1,0,201986,403624,11235,96721,3.7387824669309717,0.19330861705423258
7897,0.316,12,131,12,202117,403493,11247,96709,3.7375690095965024,0.1933398906841636
7898,0.3160714285714285,0,4,0,202121,403489,11247,96709,3.737531957464152,0.19334143679103075
7899,0.3160833333333333,0,1,0,202122,403488,11247,96709,3.7375226944310644,0.1933418233216113
7900,0.3161111111111111,0,1,0,202123,403487,11247,96709,3.7375134313979768,0.19334220985373735
7901,0.3161190476190476,0,3,0,202126,403484,11247,96709,3.737485642298714,0.19334336945938868
7902,0.3161666666666666,3,16,3,202142,403468,11250,96706,3.7373374337693135,0.1933447160388185
7903,0.3161785714285714,2,1,2,202143,403467,11252,96704,3.737328170736226,0.19334187707803932
7904,0.3161837606837606,1,0,1,202143,403467,11253,96703,3.737328170736226,0.19334026431013454
7905,0.3161904761904762,0,5,0,202148,403462,11253,96703,3.7372818555707883,0.19334219707496525
7906,0.3162023809523809,0,1,0,202149,403461,11253,96703,3.7372725925377006,0.1933425836325685
7907,0.31625,1,10,1,202159,403451,11254,96702,3.737179962206825,0.1933448364800371
7908,0.3162857142857142,0,1,0,202160,403450,11254,96702,3.7371706991737375,0.19334522305219212
7909,0.3163095238095238,1,2,1,202162,403448,11255,96701,3.7371521731075625,0.19334438337375462
7910,0.3163333333333333,2,21,2,202183,403427,11257,96699,3.736957649412724,0.1933492759824524
7911,0.3163571428571428,0,1,0,202184,403426,11257,96699,3.7369483863796362,0.1933496625843539
7912,0.3163809523809524,0,1,0,202185,403425,11257,96699,3.7369391233465485,0.19335004918780144
7913,0.3163888888888889,0,1,0,202186,403424,11257,96699,3.736929860313461,0.19335043579279498
7914,0.3164285714285714,0,7,0,202193,403417,11257,96699,3.736865019081848,0.1933531420710395
7915,0.3164523809523809,0,1,0,202194,403416,11257,96699,3.7368557560487607,0.19335352868840167
7916,0.316452380952381,0,1,0,202195,403415,11257,96699,3.736846493015673,0.19335391530730994
7917,0.3164999999999999,0,6,0,202201,403409,11257,96699,3.736790914817148,0.1933562350532285
7918,0.3165,0,22,0,202223,403387,11257,96699,3.7365871280892216,0.1933647412645025
7919,0.3165238095238095,0,2,0,202225,403385,11257,96699,3.7365686020230466,0.19336551459354828
7920,0.316547619047619,0,1,0,202226,403384,11257,96699,3.736559338989959,0.19336590126039077
7921,0.3165555555555556,0,1,0,202227,403383,11257,96699,3.7365500759568713,0.1933662879287797
7922,0.3165833333333333,0,2,0,202229,403381,11257,96699,3.7365315498906964,0.19336706127019676
7923,0.316595238095238,1,0,1,202229,403381,11258,96698,3.7365315498906964,0.19336544825917504
7924,0.3166190476190476,1,1,1,202230,403380,11259,96697,3.7365222868576087,0.19336422190982588
7925,0.3166428571428571,0,2,0,202232,403378,11259,96697,3.7365037607914338,0.1933649952507124
7926,0.3166666666666666,58,790,58,203022,402588,11317,96639,3.729185964652266,0.19357727046013137
7927,0.3166666666666667,1,4,1,203026,402584,11318,96638,3.7291489125199155,0.19357720613274254
7928,0.3167142857142857,0,2,0,203028,402582,11318,96638,3.7291303864537406,0.19357798165137616
7929,0.31675,0,2,0,203030,402580,11318,96638,3.7291118603875653,0.1935787571762236
7930,0.3167857142857143,0,1,0,203031,402579,11318,96638,3.7291025973544776,0.19357914494097758
7931,0.3168095238095237,0,1,0,203032,402578,11318,96638,3.7290933343213903,0.19357953270728503
7932,0.3168333333333333,2,13,2,203045,402565,11320,96636,3.728972914891252,0.19358134298609178
7933,0.3168571428571428,0,1,0,203046,402564,11320,96636,3.7289636518581646,0.19358173076923077
7934,0.3168690476190476,0,1,0,203047,402563,11320,96636,3.728954388825077,0.19358211855392338
7935,0.3169047619047619,0,1,0,203048,402562,11320,96636,3.7289451257919892,0.19358250634016963
7936,0.3169285714285714,0,1,0,203049,402561,11320,96636,3.728935862758902,0.19358289412796953
7937,0.3169444444444444,0,1,0,203050,402560,11320,96636,3.7289265997258143,0.19358328191732305
7938,0.3169805194805195,0,1,0,203051,402559,11320,96636,3.7289173366927266,0.19358366970823024
7939,0.3169999999999999,0,1,0,203052,402558,11320,96636,3.728908073659639,0.1935840575006911
7940,0.317,5,52,5,203104,402506,11325,96631,3.728426395939086,0.19359614694963506
7941,0.3170238095238095,0,1,0,203105,402505,11325,96631,3.7284171329059985,0.1935965348121554
7942,0.3170454545454545,0,1,0,203106,402504,11325,96631,3.7284078698729113,0.19359692267622988
7943,0.3170476190476191,1,1,1,203107,402503,11326,96630,3.7283986068398236,0.19359569493501733
7944,0.3170714285714285,0,1,0,203108,402502,11326,96630,3.728389343806736,0.19359608279974036
7945,0.3170833333333333,0,1,0,203109,402501,11326,96630,3.7283800807736487,0.19359647066601754
7946,0.3170833333333334,0,1,0,203110,402500,11326,96630,3.728370817740561,0.1935968585338489
7947,0.3171111111111111,0,1,0,203111,402499,11326,96630,3.7283615547074733,0.19359724640323445
7948,0.3171428571428571,1,17,1,203128,402482,11327,96629,3.728204083144985,0.19360222475561548
7949,0.3171666666666666,0,4,0,203132,402478,11327,96629,3.7281670310126347,0.19360377634455136
7950,0.3171666666666667,0,3,0,203135,402475,11327,96629,3.728139241913372,0.19360494005257423
7951,0.3172142857142857,1,2,1,203137,402473,11328,96628,3.728120715847197,0.19360410017210944
7952,0.3172380952380952,0,2,0,203139,402471,11328,96628,3.728102189781022,0.19360487598652773
7953,0.3172619047619047,0,1,0,203140,402470,11328,96628,3.728092926747934,0.1936052638960685
7954,0.3172619047619048,0,1,0,203141,402469,11328,96628,3.728083663714847,0.19360565180716374
7955,0.3172738095238095,1,0,1,203141,402469,11329,96627,3.728083663714847,0.19360403609726384
7956,0.3172777777777777,0,1,0,203142,402468,11329,96627,3.728074400681759,0.19360442400745348
7957,0.3172912087912087,0,2,0,203144,402466,11329,96627,3.7280558746155843,0.19360519983249616
7958,0.3173333333333332,0,1,0,203145,402465,11329,96627,3.7280466115824966,0.19360558774734918
7959,0.3173333333333333,4,49,4,203194,402416,11333,96623,3.7275927229612065,0.1936181340536511
7960,0.3173809523809524,0,11,0,203205,402405,11333,96623,3.7274908295972433,0.19362240194938962
7961,0.3174404761904761,0,1,0,203206,402404,11333,96623,3.7274815665641556,0.19362278994924123
7962,0.3174761904761904,0,1,0,203207,402403,11333,96623,3.7274723035310684,0.19362317795064787
7963,0.3174999999999999,0,12,0,203219,402391,11333,96623,3.7273611471340176,0.19362783408882317
7964,0.3175,33,373,33,203592,402018,11366,96590,3.7239060357923597,0.1937193145717678
7965,0.3175238095238095,1,0,1,203592,402018,11367,96589,3.7239060357923597,0.19371769750524961
7966,0.3175555555555556,1,0,1,203592,402018,11368,96588,3.7239060357923597,0.19371608043224509
7967,0.3175595238095238,0,3,0,203595,402015,11368,96588,3.723878246693097,0.1937172459852829
7968,0.3175952380952381,0,1,0,203596,402014,11368,96588,3.72386898366001,0.19371763450607898
7969,0.3176190476190476,0,6,0,203602,402008,11368,96588,3.723813405461484,0.19371996566358335
7970,0.3176428571428571,0,1,0,203603,402007,11368,96588,3.723804142428397,0.19372035419528877
7971,0.3176666666666666,3,17,3,203620,401990,11371,96585,3.723646670865908,0.1937221080078223
7972,0.3176666666666667,0,14,0,203634,401976,11371,96585,3.7235169884026824,0.19372754788280672
7973,0.3176731601731602,0,1,0,203635,401975,11371,96585,3.723507725369595,0.19372793645699615
7974,0.3176904761904762,0,1,0,203636,401974,11371,96585,3.7234984623365075,0.19372832503274437
7975,0.3177142857142856,0,2,0,203638,401972,11371,96585,3.723479936270332,0.1937291021889172
7976,0.3177142857142857,1,2,1,203640,401970,11372,96584,3.723461410204157,0.1937282621340918
7977,0.3177380952380952,0,4,0,203644,401966,11372,96584,3.723424358071807,0.1937298164677565
7978,0.31775,0,1,0,203645,401965,11372,96584,3.7234150950387193,0.19373020505506983
7979,0.3177777777777777,1,3,1,203648,401962,11373,96583,3.7233873059394567,0.19372975358292632
7980,0.3177777777777778,0,1,0,203649,401961,11373,96583,3.7233780429063694,0.19373014217401072
7981,0.3177936507936508,0,1,0,203650,401960,11373,96583,3.7233687798732817,0.19373053076665403
7982,0.3178095238095237,0,1,0,203651,401959,11373,96583,3.723359516840194,0.19373091936085626
7983,0.3178095238095238,0,1,0,203652,401958,11373,96583,3.7233502538071064,0.19373130795661742
7984,0.3178333333333333,2,18,2,203670,401940,11375,96581,3.723183519211531,0.19373506833212642
7985,0.3178571428571428,1,11,1,203681,401929,11376,96580,3.7230816258475676,0.19373772589862973
7986,0.3178571428571429,0,2,0,203683,401927,11376,96580,3.7230630997813923,0.193738503170467
7987,0.3179047619047619,0,1,0,203684,401926,11376,96580,3.723053836748305,0.19373889180872447
7988,0.3179166666666666,0,1,0,203685,401925,11376,96580,3.7230445737152174,0.19373928044854113
7989,0.3179166666666667,0,1,0,203686,401924,11376,96580,3.7230353106821297,0.19373966908991702
7990,0.3179999999999999,0,8,0,203694,401916,11376,96580,3.722961206417429,0.19374277827705738
7991,0.318,2,76,2,203770,401840,11378,96578,3.722257215902775,0.1937690853861618
7992,0.318015873015873,1,0,1,203770,401840,11379,96577,3.722257215902775,0.1937674678030645
7993,0.3180281385281385,0,1,0,203771,401839,11379,96577,3.7222479528696875,0.19376785656961254
7994,0.3180555555555556,0,1,0,203772,401838,11379,96577,3.7222386898366002,0.19376824533772058
7995,0.318095238095238,0,2,0,203774,401836,11379,96577,3.722220163770425,0.19376902287861672
7996,0.3180952380952381,0,4,0,203778,401832,11379,96577,3.7221831116380746,0.19377057797912958
7997,0.3181111111111111,0,1,0,203779,401831,11379,96577,3.7221738486049873,0.19377096675815797
7998,0.3181428571428571,0,2,0,203781,401829,11379,96577,3.722155322538812,0.193771744320895
7999,0.3181666666666666,1,14,1,203795,401815,11380,96576,3.7220256400755862,0.1937755697835635
8000,0.3181666666666667,0,1,0,203796,401814,11380,96576,3.722016377042499,0.193775958586649
8001,0.3181904761904762,0,2,0,203798,401812,11380,96576,3.7219978509763236,0.19377673619750074
8002,0.3182121212121212,1,0,1,203798,401812,11381,96575,3.7219978509763236,0.19377511853238547
8003,0.3182142857142856,0,3,0,203801,401809,11381,96575,3.721970061877061,0.193776284952968
8004,0.3182777777777777,0,1,0,203802,401808,11381,96575,3.7219607988439734,0.19377667376294938
8005,0.3182857142857143,0,1,0,203803,401807,11381,96575,3.721951535810886,0.19377706257449107
8006,0.3183333333333333,45,439,45,204242,401368,11426,96530,3.7178850642854497,0.1938750507131983
8007,0.3183333333333334,0,1,0,204243,401367,11426,96530,3.717875801252362,0.19387544010106508
8008,0.3183809523809524,0,1,0,204244,401366,11426,96530,3.7178665382192744,0.193875829490496
8009,0.3184047619047618,0,2,0,204246,401364,11426,96530,3.7178480121530995,0.1938766082740503
8010,0.3184047619047619,0,1,0,204247,401363,11426,96530,3.7178387491200118,0.19387699766817368
8011,0.3184166666666667,0,2,0,204249,401361,11426,96530,3.717820223053837,0.19387777646111298
8012,0.3184523809523809,0,2,0,204251,401359,11426,96530,3.7178016969876615,0.19387855526030903
8013,0.318452380952381,0,1,0,204252,401358,11426,96530,3.7177924339545743,0.19387894466225336
8014,0.3185,3,24,3,204276,401334,11429,96527,3.7175701211604726,0.19388343332777622
8015,0.3185238095238095,0,2,0,204278,401332,11429,96527,3.7175515950942977,0.19388421219662597
8016,0.3185714285714285,0,2,0,204280,401330,11429,96527,3.7175330690281227,0.19388499107173346
8017,0.3185833333333333,1,1,1,204281,401329,11430,96526,3.717523805995035,0.193883761336132
8018,0.3186666666666666,2,31,2,204312,401298,11432,96524,3.717236651969321,0.1938925961488243
8019,0.3186666666666667,0,3,0,204315,401295,11432,96524,3.7172088628700584,0.1938937646011904
8020,0.3186904761904762,0,1,0,204316,401294,11432,96524,3.7171995998369707,0.19389415408844196
8021,0.3187222222222222,0,2,0,204318,401292,11432,96524,3.7171810737707953,0.19389493306763944
8022,0.31875,1,5,1,204323,401287,11433,96523,3.717134758605358,0.19389526124424983
8023,0.3187777777777777,2,0,2,204323,401287,11435,96521,3.717134758605358,0.19389202262719762
8024,0.3187857142857143,0,2,0,204325,401285,11435,96521,3.7171162325391824,0.19389280161347994
8025,0.3188095238095238,1,1,1,204326,401284,11436,96520,3.717106969506095,0.19389157178327213
8026,0.3188333333333333,1,15,1,204341,401269,11437,96519,3.7169680240097818,0.19389579499706702
8027,0.3188888888888889,1,1,1,204342,401268,11438,96518,3.716958760976694,0.1938945651344152
8028,0.3189166666666667,0,1,0,204343,401267,11438,96518,3.716949497943607,0.19389495464909548
8029,0.3189285714285714,0,1,0,204344,401266,11438,96518,3.716940234910519,0.1938953441653408
8030,0.3189523809523809,2,0,2,204344,401266,11440,96516,3.716940234910519,0.1938921053794633
8031,0.3189848484848485,0,1,0,204345,401265,11440,96516,3.7169309718774315,0.19389249489233218
8032,0.3189999999999999,0,5,0,204350,401260,11440,96516,3.716884656711994,0.19389444248015172
8033,0.319,5,92,5,204442,401168,11445,96511,3.716032457667939,0.19392218679108422
8034,0.3190151515151515,0,1,0,204443,401167,11445,96511,3.716023194634851,0.19392257644501062
8035,0.319047619047619,0,2,0,204445,401165,11445,96511,3.7160046685686763,0.19392335575756114
8036,0.3190476190476191,0,2,0,204447,401163,11445,96511,3.715986142502501,0.1939241350763753
8037,0.3191071428571429,0,2,0,204449,401161,11445,96511,3.715967616436326,0.19392491440145315
8038,0.3191666666666666,16,136,16,204585,401025,11461,96495,3.7147078439364187,0.19395200192957068
8039,0.3191666666666667,0,1,0,204586,401024,11461,96495,3.714698580903331,0.1939523917679526
8040,0.3192261904761905,0,1,0,204587,401023,11461,96495,3.7146893178702434,0.19395278160790164
8041,0.31925,0,1,0,204588,401022,11461,96495,3.7146800548371557,0.19395317144941782
8042,0.3192857142857143,0,6,0,204594,401016,11461,96495,3.7146244766386305,0.19395551053142543
8043,0.3193333333333333,3,46,3,204640,400970,11464,96492,3.714198377116603,0.19396858453510016
8044,0.3193492063492064,0,2,0,204642,400968,11464,96492,3.714179851050428,0.1939693643710047
8045,0.3193809523809524,1,3,1,204645,400965,11465,96491,3.7141520619511654,0.19396891383358528
8046,0.3194047619047619,0,1,0,204646,400964,11465,96491,3.7141427989180777,0.19396930375611865
8047,0.3194166666666666,0,1,0,204647,400963,11465,96491,3.71413353588499,0.19396969368021968
8048,0.3194166666666667,0,3,0,204650,400960,11465,96491,3.7141057467857275,0.1939708634619289
8049,0.3194285714285714,0,1,0,204651,400959,11465,96491,3.71409648375264,0.19397125339230073
8050,0.3194523809523809,0,1,0,204652,400958,11465,96491,3.7140872207195526,0.19397164332424027
8051,0.319452380952381,0,1,0,204653,400957,11465,96491,3.714077957686465,0.19397203325774753
8052,0.3194761904761905,0,2,0,204655,400955,11465,96491,3.71405943162029,0.19397281312946532
8053,0.3194999999999999,0,1,0,204656,400954,11465,96491,3.7140501685872023,0.19397320306767582
8054,0.3195,0,26,0,204682,400928,11465,96491,3.7138093297269257,0.19398334201146317
8055,0.3195075757575757,1,0,1,204682,400928,11466,96490,3.7138093297269257,0.1939817216103961
8056,0.3195238095238095,0,3,0,204685,400925,11466,96490,3.713781540627663,0.19398289154930992
8057,0.3195714285714286,0,1,0,204686,400924,11466,96490,3.7137722775945754,0.19398328153208394
8058,0.3195833333333333,0,5,0,204691,400919,11466,96490,3.713725962429138,0.19398523146947483
8059,0.3196190476190476,0,2,0,204693,400917,11466,96490,3.7137074363629625,0.19398601145540775
8060,0.3196428571428572,0,2,0,204695,400915,11466,96490,3.7136889102967876,0.1939867914476131
8061,0.3196666666666666,1,9,1,204704,400906,11467,96489,3.713605542999,0.1939886810281567
8062,0.3196666666666667,5,19,5,204723,400887,11472,96484,3.713429545370336,0.19398798884534885
8063,0.3196825396825397,0,1,0,204724,400886,11472,96484,3.7134202823372484,0.1939883788728713
8064,0.3197142857142857,0,1,0,204725,400885,11472,96484,3.713411019304161,0.19398876890196212
8065,0.3197222222222222,0,1,0,204726,400884,11472,96484,3.7134017562710735,0.1939891589326213
8066,0.31975,0,2,0,204728,400882,11472,96484,3.713383230204898,0.19398993899864486
8067,0.3197539682539682,0,1,0,204729,400881,11472,96484,3.713373967171811,0.19399032903400923
8068,0.3197619047619047,0,3,0,204732,400878,11472,96484,3.713346178072548,0.19399149914951283
8069,0.3197727272727272,0,1,0,204733,400877,11472,96484,3.7133369150394606,0.1939918891911509
8070,0.3198333333333333,0,11,0,204744,400866,11472,96484,3.7132350216754975,0.19399617975268926
8071,0.3198492063492063,0,1,0,204745,400865,11472,96484,3.71322575864241,0.1939965698131493
8072,0.3198571428571428,0,1,0,204746,400864,11472,96484,3.713216495609322,0.19399695987517795
8073,0.3199047619047619,0,1,0,204747,400863,11472,96484,3.713207232576235,0.19399734993877515
8074,0.3199166666666666,0,1,0,204748,400862,11472,96484,3.713197969543147,0.1939977400039409
8075,0.3199404761904761,0,1,0,204749,400861,11472,96484,3.7131887065100595,0.1939981300706753
8076,0.3199999999999999,4,50,4,204799,400811,11476,96480,3.712725554855682,0.19401115242383232
8077,0.32,283,3904,283,208703,396907,11759,96197,3.6765626736818704,0.19508460689834192
8078,0.3201031746031746,0,1,0,208704,396906,11759,96197,3.6765534106487827,0.19508500252482747
8079,0.3201111111111111,0,1,0,208705,396905,11759,96197,3.6765441476156955,0.19508539815291764
8080,0.3201190476190476,0,3,0,208708,396902,11759,96197,3.6765163585164324,0.19508658504681617
8081,0.3201428571428572,0,2,0,208710,396900,11759,96197,3.6764978324502575,0.19508737631743855
8082,0.3201666666666666,1,8,1,208718,396892,11760,96196,3.676423728185557,0.1950889090791096
8083,0.3201904761904761,0,1,0,208719,396891,11760,96196,3.6764144651524697,0.1950893047271577
8084,0.3201904761904762,0,1,0,208720,396890,11760,96196,3.676405202119382,0.19508970037681053
8085,0.3202142857142857,0,1,0,208721,396889,11760,96196,3.6763959390862944,0.19509009602806818
8086,0.3202380952380952,1,5,1,208726,396884,11761,96195,3.676349623920857,0.1950904418967346
8087,0.32025,0,1,0,208727,396883,11761,96195,3.676340360887769,0.19509083755511297
8088,0.3202777777777778,0,1,0,208728,396882,11761,96195,3.6763310978546815,0.19509123321509622
8089,0.3202857142857142,0,2,0,208730,396880,11761,96195,3.6763125717885066,0.1950920245398773
8090,0.3203333333333333,1,27,1,208757,396853,11762,96194,3.6760624698951423,0.19510107555669134
8091,0.3203571428571428,0,2,0,208759,396851,11762,96194,3.6760439438289674,0.1951018669695464
8092,0.3203571428571429,1,0,1,208759,396851,11763,96193,3.6760439438289674,0.19510023446183303
8093,0.3203809523809524,0,1,0,208760,396850,11763,96193,3.6760346807958797,0.1951006301681598
8094,0.3204166666666666,0,3,0,208763,396847,11763,96193,3.676006891696617,0.19510181729677106
8095,0.3204166666666667,0,3,0,208766,396844,11763,96193,3.6759791025973545,0.19510300443982906
8096,0.3204274891774891,1,1,1,208767,396843,11764,96192,3.675969839564267,0.19510176762298823
8097,0.3204444444444444,0,1,0,208768,396842,11764,96192,3.6759605765311796,0.19510216333964797
8098,0.3204545454545455,1,1,1,208769,396841,11765,96191,3.675951313498092,0.19510092651186942
8099,0.3204761904761905,1,2,1,208771,396839,11766,96190,3.6759327874319165,0.19510008539051454
8100,0.3204999999999999,6,26,6,208797,396813,11772,96184,3.6756919485716404,0.19510057870534708
8101,0.3205238095238096,0,1,0,208798,396812,11772,96184,3.6756826855385527,0.19510097445009697
8102,0.3205555555555556,0,3,0,208801,396809,11772,96184,3.67565489643929,0.19510216169397943
8103,0.3205714285714285,0,1,0,208802,396808,11772,96184,3.6756456334062024,0.19510255744515123
8104,0.3205952380952381,0,1,0,208803,396807,11772,96184,3.675636370373115,0.19510295319792856
8105,0.3206190476190476,0,1,0,208804,396806,11772,96184,3.6756271073400275,0.1951033489523114
8106,0.3206428571428572,0,3,0,208807,396803,11772,96184,3.675599318240765,0.19510453622509316
8107,0.3206666666666666,8,47,8,208854,396756,11780,96176,3.6751639556856497,0.19511007603482833
8108,0.3206666666666667,0,4,0,208858,396752,11780,96176,3.6751269035532994,0.19511165930927032
8109,0.3207136752136752,0,1,0,208859,396751,11780,96176,3.6751176405202117,0.1951120551318958
8110,0.3207142857142857,0,11,0,208870,396740,11780,96176,3.675015747156249,0.19511640928677504
8111,0.3207142857142858,0,2,0,208872,396738,11780,96176,3.6749972210900737,0.1951172009721777
8112,0.3208095238095238,0,1,0,208873,396737,11780,96176,3.674987958056986,0.19511759681728824
8113,0.3208333333333333,11,166,11,209039,396571,11791,96165,3.6734502945644523,0.1951653623847253
8114,0.3208333333333334,0,1,0,209040,396570,11791,96165,3.6734410315313646,0.1951657584705775
8115,0.3208888888888889,0,1,0,209041,396569,11791,96165,3.673431768498277,0.1951661545580374
8116,0.3209166666666667,0,1,0,209042,396568,11791,96165,3.6734225054651897,0.19516655064710503
8117,0.3209285714285714,0,1,0,209043,396567,11791,96165,3.673413242432102,0.19516694673778037
8118,0.3209523809523809,0,5,0,209048,396562,11791,96165,3.673366927266664,0.19516892721527337
8119,0.320952380952381,0,2,0,209050,396560,11791,96165,3.673348401200489,0.19516971941752498
8120,0.3209880952380952,0,1,0,209051,396559,11791,96165,3.6733391381674014,0.1951701155210625
8121,0.3209920634920635,0,1,0,209052,396558,11791,96165,3.673329875134314,0.19517051162620783
8122,0.3209999999999999,1,6,1,209058,396552,11792,96164,3.6732742969357886,0.19517125484051664
8123,0.321,7,83,7,209141,396469,11799,96157,3.6725054651895217,0.1951927019686334
8124,0.321047619047619,0,1,0,209142,396468,11799,96157,3.672496202156434,0.19519309819842678
8125,0.3210476190476191,0,1,0,209143,396467,11799,96157,3.6724869391233463,0.19519349442982883
8126,0.3210714285714286,0,1,0,209144,396466,11799,96157,3.672477676090259,0.19519389066283954
8127,0.3211111111111111,1,2,1,209146,396464,11800,96156,3.6724591500240837,0.19519304940928098
8128,0.3211190476190476,0,1,0,209147,396463,11800,96156,3.6724498869909965,0.19519344564460567
8129,0.3211428571428571,0,2,0,209149,396461,11800,96156,3.672431360924821,0.19519423812008113
8130,0.3211545121545122,0,1,0,209150,396460,11800,96156,3.6724220978917335,0.1951946343602319
8131,0.3211666666666666,0,8,0,209158,396452,11800,96156,3.6723479936270333,0.195197804339353
8132,0.3211904761904762,1,1,1,209159,396451,11801,96155,3.6723387305939457,0.19519656683028627
8133,0.3212222222222222,0,1,0,209160,396450,11801,96155,3.672329467560858,0.19519696308401255
8134,0.3212261904761904,0,3,0,209163,396447,11801,96155,3.6723016784615954,0.19519815185484427
8135,0.3212380952380952,0,1,0,209164,396446,11801,96155,3.6722924154285077,0.19519854811500587
8136,0.32125,0,5,0,209169,396441,11801,96155,3.67224610026307,0.19520052943994673
8137,0.3213095238095238,0,4,0,209173,396437,11801,96155,3.67220904813072,0.19520211452885958
8138,0.3213333333333332,0,1,0,209174,396436,11801,96155,3.6721997850976322,0.1952025108051101
8139,0.3213333333333333,4,17,4,209191,396419,11805,96151,3.672042313535144,0.19520271230485006
8140,0.3213333333333334,0,4,0,209195,396415,11805,96151,3.6720052614027936,0.195204297495158
8141,0.3213571428571428,0,1,0,209196,396414,11805,96151,3.6719959983697064,0.19520469379675778
8142,0.3213809523809523,0,1,0,209197,396413,11805,96151,3.6719867353366187,0.1952050900999667
8143,0.3213852813852813,0,1,0,209198,396412,11805,96151,3.671977472303531,0.19520548640478477
8144,0.3213888888888888,0,1,0,209199,396411,11805,96151,3.6719682092704433,0.195205882711212
8145,0.3214285714285714,1,7,1,209206,396404,11806,96150,3.6719033680388304,0.19520702298631215
8146,0.3214444444444445,0,1,0,209207,396403,11806,96150,3.671894105005743,0.19520741930310037
8147,0.3214642857142857,0,1,0,209208,396402,11806,96150,3.6718848419726555,0.19520781562149783
8148,0.3214761904761904,0,1,0,209209,396401,11806,96150,3.671875578939568,0.19520821194150453
8149,0.3214999999999999,0,4,0,209213,396397,11806,96150,3.6718385268072176,0.19520979723762402
8150,0.3215,2,13,2,209226,396384,11808,96148,3.6717181073770795,0.19521168167753566
8151,0.3215238095238095,1,1,1,209227,396383,11809,96147,3.671708844343992,0.19521044403386595
8152,0.3215357142857142,0,1,0,209228,396382,11809,96147,3.6716995813109046,0.1952108403769118
8153,0.321547619047619,0,1,0,209229,396381,11809,96147,3.671690318277817,0.1952112367215671
8154,0.3215833333333333,0,2,0,209231,396379,11809,96147,3.671671792211642,0.19521202941570598
8155,0.3215952380952381,0,1,0,209232,396378,11809,96147,3.6716625291785543,0.19521242576518957
8156,0.3216666666666666,16,200,16,209432,396178,11825,96131,3.6698099225610434,0.1952655750758162
8157,0.3216666666666667,28,295,28,209727,395883,11853,96103,3.667077327800215,0.19533685917891971
8158,0.3216904761904762,0,2,0,209729,395881,11853,96103,3.66705880173404,0.1953376532570165
8159,0.3217142857142857,0,2,0,209731,395879,11853,96103,3.6670402756678646,0.1953384473415694
8160,0.32175,1,0,1,209731,395879,11854,96102,3.6670402756678646,0.19533681178744708
8161,0.3217619047619047,0,2,0,209733,395877,11854,96102,3.6670217496016897,0.19533760587342142
8162,0.3217857142857142,0,1,0,209734,395876,11854,96102,3.667012486568602,0.19533800291882972
8163,0.3217857142857143,0,2,0,209736,395874,11854,96102,3.666993960502427,0.1953387970144885
8164,0.3218333333333333,3,19,3,209755,395855,11857,96099,3.6668179628737634,0.19534143436174928
8165,0.3219047619047619,0,4,0,209759,395851,11857,96099,3.666780910741413,0.19534302266490497
8166,0.3219267399267398,0,3,0,209762,395848,11857,96099,3.6667531216421505,0.19534421390922194
8167,0.3219444444444444,0,2,0,209764,395846,11857,96099,3.6667345955759756,0.19534500808017155
8168,0.321952380952381,0,3,0,209767,395843,11857,96099,3.6667068064767125,0.1953461993487037
8169,0.3219999999999999,0,9,0,209776,395834,11857,96099,3.6666234391789247,0.195349773241478
8170,0.322,9,95,9,209871,395739,11866,96090,3.665743451035607,0.19537278200350122
8171,0.3220238095238095,1,4,1,209875,395735,11867,96089,3.665706398903257,0.19537273496210025
8172,0.322047619047619,0,3,0,209878,395732,11867,96089,3.665678609803994,0.1953739266928415
8173,0.3220476190476191,1,0,1,209878,395732,11868,96088,3.665678609803994,0.19537229067545037
8174,0.3220555555555556,0,2,0,209880,395730,11868,96088,3.6656600837378193,0.19537308516565072
8175,0.3220833333333333,0,2,0,209882,395728,11868,96088,3.665641557671644,0.19537387966231273
8176,0.3220952380952381,0,2,0,209884,395726,11868,96088,3.665623031605469,0.19537467416543652
8177,0.322142857142857,0,2,0,209886,395724,11868,96088,3.6656045055392936,0.19537546867502217
8178,0.3221428571428572,2,8,2,209894,395716,11870,96086,3.6655304012745935,0.19537537464264074
8179,0.3221666666666667,1,10,1,209904,395706,11871,96085,3.665437770943718,0.19537771126352454
8180,0.3221794871794871,0,1,0,209905,395705,11871,96085,3.6654285079106304,0.19537810854226398
8181,0.3221904761904761,0,1,0,209906,395704,11871,96085,3.6654192448775427,0.19537850582261904
8182,0.3221904761904762,1,0,1,209906,395704,11872,96084,3.6654192448775427,0.1953768697080856
8183,0.3222142857142857,0,1,0,209907,395703,11872,96084,3.665409981844455,0.1953772669875373
8184,0.3222222222222222,1,2,1,209909,395701,11873,96083,3.66539145577828,0.19537642542254324
8185,0.3222222222222223,0,1,0,209910,395700,11873,96083,3.6653821927451924,0.19537682270432283
8186,0.32225,0,1,0,209911,395699,11873,96083,3.6653729297121047,0.19537721998771815
8187,0.3222619047619047,1,0,1,209911,395699,11874,96082,3.6653729297121047,0.19537558384728163
8188,0.3222857142857143,0,1,0,209912,395698,11874,96082,3.6653636666790175,0.19537598112977347
8189,0.3223095238095237,0,1,0,209913,395697,11874,96082,3.66535440364593,0.19537637841388103
8190,0.3223333333333332,0,1,0,209914,395696,11874,96082,3.665345140612842,0.1953767756996043
8191,0.3223333333333333,1,47,1,209961,395649,11875,96081,3.6649097780577273,0.19539381367823805
8192,0.3223492063492063,0,1,0,209962,395648,11875,96081,3.6649005150246396,0.19539421103900725
8193,0.3223809523809524,0,8,0,209970,395640,11875,96081,3.664826410759939,0.19539738998334422
8194,0.3225,40,397,40,210367,395243,11915,96041,3.6611489866241804,0.19548977780672686
8195,0.3225357142857143,0,1,0,210368,395242,11915,96041,3.6611397235910927,0.1954901757235646
8196,0.3225476190476191,0,3,0,210371,395239,11915,96041,3.66111193449183,0.19549136948379742
8197,0.3225555555555555,0,1,0,210372,395238,11915,96041,3.6611026714587425,0.1954917674071149
8198,0.3225555555555556,0,3,0,210375,395235,11915,96041,3.66107488235948,0.19549296118678705
8199,0.3225595238095238,0,2,0,210377,395233,11915,96041,3.6610563562933045,0.19549375704800173
8200,0.3225714285714286,1,0,1,210377,395233,11916,96040,3.6610563562933045,0.19549211945293146
8201,0.3225952380952381,0,1,0,210378,395232,11916,96040,3.6610470932602173,0.19549251738344542
8202,0.3226190476190476,0,4,0,210382,395228,11916,96040,3.661010041127867,0.1954941091217014
8203,0.3226666666666666,6,44,6,210426,395184,11922,96034,3.6606024676720144,0.19550179350105248
8204,0.3227142857142857,0,1,0,210427,395183,11922,96034,3.660593204638927,0.1955021914958155
8205,0.3227380952380951,0,1,0,210428,395182,11922,96034,3.6605839416058394,0.19550258949219895
8206,0.3227380952380952,0,2,0,210430,395180,11922,96034,3.6605654155396645,0.19550338548982724
8207,0.32275,0,2,0,210432,395178,11922,96034,3.660546889473489,0.19550418149393745
8208,0.3227777777777778,0,1,0,210433,395177,11922,96034,3.6605376264404015,0.1955045794984233
8209,0.3227857142857142,0,1,0,210434,395176,11922,96034,3.6605283634073142,0.19550497750452964
8210,0.3228333333333333,1,13,1,210447,395163,11923,96033,3.6604079439771757,0.19550851391297974
8211,0.3228571428571428,1,4,1,210451,395159,11924,96032,3.660370891844826,0.19550846819261752
8212,0.3228571428571429,1,1,1,210452,395158,11925,96031,3.660361628811738,0.19550722837848566
8213,0.3228928571428571,0,1,0,210453,395157,11925,96031,3.6603523657786505,0.19550762640781127
8214,0.3229047619047619,0,1,0,210454,395156,11925,96031,3.660343102745563,0.19550802443875753
8215,0.3229166666666666,0,1,0,210455,395155,11925,96031,3.6603338397124756,0.19550842247132452
8216,0.3229166666666667,0,3,0,210458,395152,11925,96031,3.6603060506132126,0.19550961657874968
8217,0.3229285714285714,2,2,2,210460,395150,11927,96029,3.6602875245470377,0.19550713690935484
8218,0.3229523809523809,2,0,2,210460,395150,11929,96027,3.6602875245470377,0.19550386113356286
8219,0.3229999999999999,8,50,8,210510,395100,11937,96019,3.65982437289266,0.1955106603491211
8220,0.3230238095238095,0,1,0,210511,395099,11937,96019,3.6598151098595726,0.19551105844216665
8221,0.323047619047619,0,1,0,210512,395098,11937,96019,3.659805846826485,0.19551145653683338
8222,0.3230833333333333,0,1,0,210513,395097,11937,96019,3.6597965837933972,0.1955118546331213
8223,0.3230952380952381,0,1,0,210514,395096,11937,96019,3.6597873207603095,0.1955122527310304
8224,0.3231428571428572,0,1,0,210515,395095,11937,96019,3.6597780577272223,0.1955126508305607
8225,0.3231666666666666,0,15,0,210530,395080,11937,96019,3.659639112230909,0.19551862251806662
8226,0.3231666666666667,0,1,0,210531,395079,11937,96019,3.659629849197821,0.19551902064353754
8227,0.3231904761904762,0,3,0,210534,395076,11937,96019,3.6596020600985586,0.19552021502967856
8228,0.3232142857142857,0,1,0,210535,395075,11937,96019,3.659592797065471,0.19552061316163505
8229,0.32325,0,1,0,210536,395074,11937,96019,3.6595835340323837,0.19552101129521293
8230,0.3232619047619047,0,1,0,210537,395073,11937,96019,3.659574270999296,0.1955214094304122
8231,0.3232777777777778,0,1,0,210538,395072,11937,96019,3.6595650079662083,0.19552180756723295
8232,0.3232857142857142,1,2,1,210540,395070,11938,96018,3.6595464819000334,0.19552096569250318
8233,0.3233333333333333,79,841,79,211381,394229,12017,95939,3.6517562710734004,0.19572677122945603
8234,0.3233571428571428,0,1,0,211382,394228,12017,95939,3.6517470080403127,0.19572717053575617
8235,0.3233809523809524,0,1,0,211383,394227,12017,95939,3.651737745007225,0.1957275698436856
8236,0.3233939393939393,1,0,1,211383,394227,12018,95938,3.651737745007225,0.19572592902390012
8237,0.3234285714285714,0,1,0,211384,394226,12018,95938,3.651728481974138,0.19572632833092599
8238,0.3234444444444445,0,1,0,211385,394225,12018,95938,3.65171921894105,0.19572672763958113
8239,0.3234523809523809,0,3,0,211388,394222,12018,95938,3.6516914298417875,0.19572792557532234
8240,0.3234999999999999,1,7,1,211395,394215,12019,95937,3.6516265886101746,0.1957290799588699
8241,0.3235,1,31,1,211426,394184,12020,95936,3.6513394345844605,0.19573981881988084
8242,0.323547619047619,0,1,0,211427,394183,12020,95936,3.651330171551373,0.19574021819190848
8243,0.3235555555555555,0,1,0,211428,394182,12020,95936,3.651320908518285,0.19574061756556585
8244,0.3235606060606061,0,1,0,211429,394181,12020,95936,3.6513116454851975,0.19574101694085289
8245,0.3235674603174602,1,0,1,211429,394181,12021,95935,3.6513116454851975,0.1957393759844608
8246,0.3235714285714285,0,1,0,211430,394180,12021,95935,3.6513023824521103,0.19573977535884435
8247,0.3235714285714286,0,4,0,211434,394176,12021,95935,3.65126533031976,0.1957413728726758
8248,0.3236190476190476,0,3,0,211437,394173,12021,95935,3.6512375412204974,0.1957425710251618
8249,0.3236190476190477,0,2,0,211439,394171,12021,95935,3.651219015154322,0.19574336980163476
8250,0.3236363636363636,0,1,0,211440,394170,12021,95935,3.6512097521212348,0.19574376919231593
8251,0.3236666666666666,2,21,2,211461,394149,12023,95933,3.651015228426396,0.19574887467811508
8252,0.3236666666666667,0,2,0,211463,394147,12023,95933,3.650996702360221,0.19574967352269018
8253,0.3237023809523809,0,2,0,211465,394145,12023,95933,3.650978176294046,0.1957504723737854
8254,0.3237142857142857,0,1,0,211466,394144,12023,95933,3.650968913260958,0.19575087180177808
8255,0.323728354978355,0,1,0,211467,394143,12023,95933,3.6509596502278705,0.19575127123140085
8256,0.32375,0,14,0,211481,394129,12023,95933,3.6508299677646447,0.1957568634172819
8257,0.3237619047619048,0,1,0,211482,394128,12023,95933,3.6508207047315575,0.19575726287135684
8258,0.3237857142857143,0,1,0,211483,394127,12023,95933,3.65081144169847,0.195757662327062
8259,0.3238095238095237,1,9,1,211492,394118,12024,95932,3.6507280744006816,0.19575961636567696
8260,0.3238333333333332,0,3,0,211495,394115,12024,95932,3.650700285301419,0.1957608147789906
8261,0.3238333333333333,0,7,0,211502,394108,12024,95932,3.650635444069806,0.195763611133785
8262,0.3238333333333334,0,2,0,211504,394106,12024,95932,3.650616918003631,0.1957644101069713
8263,0.3238690476190476,0,1,0,211505,394105,12024,95932,3.6506076549705435,0.1957648095960101
8264,0.3238888888888888,0,1,0,211506,394104,12024,95932,3.650598391937456,0.19576520908667935
8265,0.3238928571428572,0,1,0,211507,394103,12024,95932,3.6505891289043686,0.19576560857897904
8266,0.3239285714285714,0,4,0,211511,394099,12024,95932,3.6505520767720183,0.19576720656448265
8267,0.3239999999999999,0,1,0,211512,394098,12024,95932,3.6505428137389306,0.1957676060649348
8268,0.324,9,161,9,211673,393937,12033,95923,3.6490514654118344,0.19581717225329687
8269,0.3240238095238094,0,2,0,211675,393935,12033,95923,3.6490329393456595,0.1958179717387488
8270,0.324047619047619,0,1,0,211676,393934,12033,95923,3.649023676312572,0.19581837148392287
8271,0.3241111111111111,1,0,1,211676,393934,12034,95922,3.649023676312572,0.1958167298144761
8272,0.3241125541125541,0,1,0,211677,393933,12034,95922,3.649014413279484,0.19581712955874697
8273,0.3241190476190476,0,1,0,211678,393932,12034,95922,3.6490051502463965,0.19581752930464996
8274,0.3241428571428571,0,2,0,211680,393930,12034,95922,3.6489866241802216,0.19581832880135225
8275,0.3241558441558442,0,1,0,211681,393929,12034,95922,3.648977361147134,0.19581872855215157
8276,0.3241666666666666,7,62,7,211743,393867,12041,95915,3.6484030530957057,0.19583202322666002
8277,0.3241666666666667,4,78,4,211821,393789,12045,95911,3.6476805365148763,0.1958566469266898
8278,0.3241850649350649,0,2,0,211823,393787,12045,95911,3.6476620104487014,0.19585744683457967
8279,0.3242142857142858,0,5,0,211828,393782,12045,95911,3.6476156952832635,0.1958594466328904
8280,0.3242619047619047,0,1,0,211829,393781,12045,95911,3.647606432250176,0.1958598465974531
8281,0.3242619047619048,1,1,1,211830,393780,12046,95910,3.6475971692170885,0.19585860442320652
8282,0.3242777777777778,0,1,0,211831,393779,12046,95910,3.647587906184001,0.19585900438849965
8283,0.3242857142857143,2,10,2,211841,393769,12048,95908,3.6474952758531254,0.19585971977446356
8284,0.3243333333333333,0,36,0,211877,393733,12048,95908,3.6471618066619733,0.1958741200185442
8285,0.3243571428571429,0,1,0,211878,393732,12048,95908,3.6471525436288856,0.195874520055551
8286,0.3243625541125541,0,1,0,211879,393731,12048,95908,3.6471432805957984,0.19587492009419186
8287,0.3243809523809524,0,1,0,211880,393730,12048,95908,3.6471340175627107,0.19587532013446668
8288,0.3244160561660561,0,1,0,211881,393729,12048,95908,3.647124754529623,0.19587572017637556
8289,0.3244444444444444,0,2,0,211883,393727,12048,95908,3.647106228463448,0.19587652026509542
8290,0.3244523809523809,0,2,0,211885,393725,12048,95908,3.6470877023972728,0.19587732036035152
8291,0.3244642857142857,0,1,0,211886,393724,12048,95908,3.6470784393641855,0.1958777204104307
8292,0.3244761904761904,0,1,0,211887,393723,12048,95908,3.647069176331098,0.19587812046214395
8293,0.3244999999999999,0,3,0,211890,393720,12048,95908,3.6470413872318352,0.19587932062708832
8294,0.3245,1,18,1,211908,393702,12049,95907,3.646874652636259,0.19588487956716483
8295,0.3245027162380104,0,1,0,211909,393701,12049,95907,3.6468653896031715,0.19588527965229327
8296,0.3245238095238095,0,4,0,211913,393697,12049,95907,3.6468283374708212,0.19588688000915025
8297,0.3245833333333333,0,6,0,211919,393691,12049,95907,3.646772759272296,0.19588928059346647
8298,0.3246428571428572,0,4,0,211923,393687,12049,95907,3.6467357071399458,0.1958908810156987
8299,0.3246666666666666,7,32,7,211955,393655,12056,95900,3.646439290081144,0.19589218780320905
8300,0.3246904761904762,0,1,0,211956,393654,12056,95900,3.6464300270480567,0.19589258794739703
8301,0.3247142857142857,0,2,0,211958,393652,12056,95900,3.6464115009818814,0.1958933882406772
8302,0.324731240981241,0,4,0,211962,393648,12056,95900,3.646374448849531,0.19589498884685466
8303,0.3247380952380952,0,1,0,211963,393647,12056,95900,3.646365185816444,0.19589538900248596
8304,0.3247499999999999,1,0,1,211963,393647,12057,95899,3.646365185816444,0.1958937464507932
8305,0.3247619047619047,0,6,0,211969,393641,12057,95899,3.6463096076179182,0.1958961474036851
8306,0.3247777777777777,0,1,0,211970,393640,12057,95899,3.646300344584831,0.19589654756822233
8307,0.3248333333333332,0,1,0,211971,393639,12057,95899,3.6462910815517433,0.19589694773439448
8308,0.3248333333333333,0,23,0,211994,393616,12057,95899,3.6460780317907298,0.19590615200759937
8309,0.3248571428571428,1,1,1,211995,393615,12058,95898,3.646068768757642,0.19590490957339232
8310,0.3248571428571429,1,0,1,211995,393615,12059,95897,3.646068768757642,0.19590326692706206
8311,0.3248809523809524,0,3,0,211998,393612,12059,95897,3.6460409796583795,0.1959044675378798
8312,0.3249047619047618,0,1,0,211999,393611,12059,95897,3.646031716625292,0.19590486774475596
8313,0.3249285714285714,0,1,0,212000,393610,12059,95897,3.646022453592204,0.19590526795326726
8314,0.3249404761904762,0,2,0,212002,393608,12059,95897,3.646003927526029,0.19590606837519536
8315,0.3249761904761905,0,1,0,212003,393607,12059,95897,3.6459946644929415,0.19590646858861216
8316,0.324991452991453,0,1,0,212004,393606,12059,95897,3.645985401459854,0.19590686880366412
8317,0.325,144,1511,144,213515,392095,12203,95753,3.6319889584645595,0.1962762991751529
8318,0.325015873015873,0,2,0,213517,392093,12203,95753,3.6319704323983846,0.19627710384014627
8319,0.3250198412698413,0,1,0,213518,392092,12203,95753,3.631961169365297,0.1962775061751171
8320,0.3250238095238095,0,3,0,213521,392089,12203,95753,3.6319333802660343,0.19627871318992623
8321,0.3250476190476191,0,1,0,213522,392088,12203,95753,3.6319241172329466,0.19627911553149488
8322,0.3251190476190476,1,2,1,213524,392086,12204,95752,3.6319055911667717,0.1962782727052833
8323,0.3251666666666666,1,15,1,213539,392071,12205,95751,3.6317666456704583,0.1962826604786172
8324,0.3252380952380951,0,1,0,213540,392070,12205,95751,3.6317573826373706,0.19628306284477298
8325,0.3252380952380952,0,1,0,213541,392069,12205,95751,3.6317481196042833,0.19628346521257842
8326,0.3252384837384838,1,0,1,213541,392069,12206,95750,3.6317481196042833,0.19628181764137928
8327,0.32525,0,1,0,213542,392068,12206,95750,3.6317388565711957,0.19628222000828177
8328,0.3253030303030303,0,2,0,213544,392066,12206,95750,3.6317203305050207,0.19628302474703577
8329,0.3253095238095238,0,1,0,213545,392065,12206,95750,3.631711067471933,0.19628342711888727
8330,0.3253333333333333,8,30,8,213575,392035,12214,95742,3.631433176479306,0.19628231753444708
8331,0.3253351370851371,0,5,0,213580,392030,12214,95742,3.6313868613138687,0.1962843295638126
8332,0.3253571428571428,1,3,1,213583,392027,12215,95741,3.631359072214606,0.19628388906201308
8333,0.3253809523809524,0,1,0,213584,392026,12215,95741,3.6313498091815184,0.19628429147523305
8334,0.3254166666666667,0,1,0,213585,392025,12215,95741,3.6313405461484307,0.19628469389010303
8335,0.3254285714285714,0,1,0,213586,392024,12215,95741,3.6313312831153435,0.19628509630662308
8336,0.3254545454545454,0,1,0,213587,392023,12215,95741,3.631322020082256,0.19628549872479314
8337,0.3254761904761905,0,4,0,213591,392019,12215,95741,3.6312849679499055,0.1962871084139741
8338,0.3254999999999999,3,24,3,213615,391995,12218,95738,3.6310626551558043,0.1962918236002075
8339,0.3255,0,4,0,213619,391991,12218,95738,3.631025603023454,0.19629343344357214
8340,0.325530303030303,0,1,0,213620,391990,12218,95738,3.6310163399903663,0.1962938359085392
8341,0.3255357142857143,1,2,1,213622,391988,12219,95737,3.6309978139241914,0.19629299297760008
8342,0.3255454545454546,0,1,0,213623,391987,12219,95737,3.6309885508911037,0.19629339544496477
8343,0.3255555555555556,1,0,1,213623,391987,12220,95736,3.6309885508911037,0.1962917475698296
8344,0.3255952380952381,0,1,0,213624,391986,12220,95736,3.630979287858016,0.19629215003629116
8345,0.3256190476190476,0,1,0,213625,391985,12220,95736,3.630970024824929,0.19629255250440314
8346,0.3256666666666666,3,23,3,213648,391962,12223,95733,3.630756975063915,0.196296865869037
8347,0.3256666666666667,1,6,1,213654,391956,12224,95732,3.6307013968653896,0.1962976329128459
8348,0.3256904761904762,0,1,0,213655,391955,12224,95732,3.630692133832302,0.1962980354202593
8349,0.3257142857142857,1,18,1,213673,391937,12225,95731,3.630525399236726,0.1963036327993635
8350,0.3257539682539682,0,1,0,213674,391936,12225,95731,3.6305161362036387,0.1963040353355876
8351,0.3257857142857143,0,1,0,213675,391935,12225,95731,3.630506873170551,0.19630443787346258
8352,0.3258055555555555,1,1,1,213676,391934,12226,95730,3.6304976101374633,0.19630319236195412
8353,0.3258333333333333,13,134,13,213810,391800,12239,95717,3.629256363703731,0.1963357175236966
8354,0.3258888888888889,0,1,0,213811,391799,12239,95717,3.6292471006706437,0.1963361202504123
8355,0.3259285714285714,0,1,0,213812,391798,12239,95717,3.629237837637556,0.19633652297878015
8356,0.3259444444444444,0,1,0,213813,391797,12239,95717,3.6292285746044683,0.19633692570880015
8357,0.3259523809523809,0,2,0,213815,391795,12239,95717,3.6292100485382934,0.19633773117379674
8358,0.325952380952381,0,1,0,213816,391794,12239,95717,3.6292007855052058,0.19633813390877333
8359,0.3259999999999999,1,16,1,213832,391778,12240,95716,3.629052576975805,0.19634292934887404
8360,0.326,8,130,8,213962,391648,12248,95708,3.627848382674423,0.19638211081837506
8361,0.326015873015873,0,5,0,213967,391643,12248,95708,3.627802067508985,0.19638412560967353
8362,0.3260238095238095,0,1,0,213968,391642,12248,95708,3.627792804475898,0.19638452857289423
8363,0.3260714285714286,0,1,0,213969,391641,12248,95708,3.62778354144281,0.19638493153776862
8364,0.3260833333333333,0,1,0,213970,391640,12248,95708,3.6277742784097224,0.19638533450429674
8365,0.3261111111111111,0,1,0,213971,391639,12248,95708,3.6277650153766348,0.19638573747247853
8366,0.3261428571428571,1,0,1,213971,391639,12249,95707,3.6277650153766348,0.1963840885120633
8367,0.3261666666666666,1,17,1,213988,391622,12250,95706,3.6276075438141464,0.19638929017007026
8368,0.3261666666666667,0,1,0,213989,391621,12250,95706,3.627598280781059,0.19638969316290705
8369,0.3261904761904762,1,8,1,213997,391613,12251,95705,3.6275241765163586,0.19639126812471527
8370,0.3261955266955266,0,1,0,213998,391612,12251,95705,3.627514913483271,0.19639167112988054
8371,0.32625,1,6,1,214004,391606,12252,95704,3.6274593352847457,0.1963924401305124
8372,0.3262857142857143,0,1,0,214005,391605,12252,95704,3.627450072251658,0.19639284314469874
8373,0.3263095238095237,2,2,2,214007,391603,12254,95702,3.627431546185483,0.19639035101219976
8374,0.3263333333333332,0,3,0,214010,391600,12254,95702,3.62740375708622,0.19639156005926509
8375,0.3263333333333333,3,14,3,214024,391586,12257,95699,3.6272740746229943,0.1963922550458151
8376,0.3263333333333334,1,5,1,214029,391581,12258,95698,3.627227759457557,0.19639262106513927
8377,0.3263571428571428,0,1,0,214030,391580,12258,95698,3.627218496424469,0.19639302410533618
8378,0.3264285714285714,1,5,1,214035,391575,12259,95697,3.6271721812590316,0.19639339013938828
8379,0.326452380952381,1,1,1,214036,391574,12260,95696,3.627162918225944,0.1963921439858805
8380,0.3265,2,38,2,214074,391536,12262,95694,3.626810922968617,0.19640416230527677
8381,0.326547619047619,0,2,0,214076,391534,12262,95694,3.6267923969024416,0.19640496851576675
8382,0.3265476190476191,0,1,0,214077,391533,12262,95694,3.6267831338693544,0.19640537162349378
8383,0.3265714285714287,0,1,0,214078,391532,12262,95694,3.6267738708362667,0.19640577473287552
8384,0.3265833333333333,0,2,0,214080,391530,12262,95694,3.6267553447700913,0.19640658095660313
8385,0.326595238095238,0,1,0,214081,391529,12262,95694,3.626746081737004,0.19640698407094903
8386,0.3266666666666665,1,0,1,214081,391529,12263,95693,3.626746081737004,0.19640533473447422
8387,0.3266666666666666,28,304,28,214385,391225,12291,95665,3.6239301196783873,0.19648175152498512
8388,0.3266666666666667,48,438,48,214823,390787,12339,95617,3.6198729111860386,0.1965793866826753
8389,0.3267417582417583,0,3,0,214826,390784,12339,95617,3.619845122086776,0.1965805991352814
8390,0.3267619047619047,0,1,0,214827,390783,12339,95617,3.6198358590536883,0.19658100328947367
8391,0.3267857142857143,0,6,0,214833,390777,12339,95617,3.619780280855163,0.1965834282495261
8392,0.3268181818181818,0,1,0,214834,390776,12339,95617,3.6197710178220754,0.19658383241535138
8393,0.3268333333333333,3,28,3,214862,390748,12342,95614,3.619511652895624,0.1965901941352326
8394,0.3268452380952381,1,0,1,214862,390748,12343,95613,3.619511652895624,0.19658854225564962
8395,0.3268650793650793,0,1,0,214863,390747,12343,95613,3.6195023898625367,0.19658894645941277
8396,0.3268888888888889,0,1,0,214864,390746,12343,95613,3.619493126829449,0.19658935066483813
8397,0.3269047619047619,0,1,0,214865,390745,12343,95613,3.6194838637963613,0.19658975487192562
8398,0.3269166666666667,0,1,0,214866,390744,12343,95613,3.619474600763274,0.19659015908067531
8399,0.3269444444444444,0,1,0,214867,390743,12343,95613,3.6194653377301864,0.19659056329108718
8400,0.3269523809523809,0,1,0,214868,390742,12343,95613,3.6194560746970987,0.19659096750316127
8401,0.3269761904761905,0,3,0,214871,390739,12343,95613,3.619428285597836,0.19659218014935684
8402,0.3269999999999999,1,3,1,214874,390736,12344,95612,3.6194004964985735,0.19659174089335207
8403,0.327,11,44,11,214918,390692,12355,95601,3.618992923042721,0.19659135541741296
8404,0.3270238095238095,0,1,0,214919,390691,12355,95601,3.6189836600096337,0.19659175968348236
8405,0.327047619047619,0,1,0,214920,390690,12355,95601,3.618974396976546,0.1965921639512144
8406,0.3270476190476191,0,2,0,214922,390688,12355,95601,3.618955870910371,0.1965929724916665
8407,0.3270714285714285,0,1,0,214923,390687,12355,95601,3.6189466078772834,0.19659337676438654
8408,0.3270833333333333,0,4,0,214927,390683,12355,95601,3.618909555744933,0.1965949938718938
8409,0.3271045751633986,0,2,0,214929,390681,12355,95601,3.618891029678758,0.19659580243562377
8410,0.3271428571428572,1,17,1,214946,390664,12356,95600,3.6187335581162694,0.19660102331243934
8411,0.3271666666666666,1,17,1,214963,390647,12357,95599,3.618576086553781,0.19660624457579085
8412,0.3272222222222222,0,2,0,214965,390645,12357,95599,3.618557560487606,0.1966070532489861
8413,0.3272619047619047,0,3,0,214968,390642,12357,95599,3.6185297713883435,0.19660826627125233
8414,0.3272857142857143,0,1,0,214969,390641,12357,95599,3.618520508355256,0.196608670615334
8415,0.3273214285714286,0,1,0,214970,390640,12357,95599,3.618511245322168,0.19660907496107882
8416,0.3273333333333332,1,3,1,214973,390637,12358,95598,3.6184834562229056,0.19660863574197662
8417,0.3273333333333333,3,58,3,215031,390579,12361,95595,3.6179462003038276,0.19662713349541522
8418,0.3273611111111111,0,1,0,215032,390578,12361,95595,3.61793693727074,0.1966275379340276
8419,0.3273809523809524,0,1,0,215033,390577,12361,95595,3.6179276742376523,0.19662794237430375
8420,0.3274285714285714,0,2,0,215035,390575,12361,95595,3.6179091481714774,0.19662875125984738
8421,0.3274444444444444,0,1,0,215036,390574,12361,95595,3.6178998851383897,0.19662915570511488
8422,0.3274523809523809,0,1,0,215037,390573,12361,95595,3.617890622105302,0.19662956015204622
8423,0.3274761904761905,0,1,0,215038,390572,12361,95595,3.6178813590722148,0.19662996460064133
8424,0.3274999999999999,1,3,1,215041,390569,12362,95594,3.617853569972952,0.19662952548836501
8425,0.3275,36,373,36,215414,390196,12398,95558,3.6143984586312943,0.19672097399095015
8426,0.3275562770562771,0,1,0,215415,390195,12398,95558,3.6143891955982066,0.1967213789724407
8427,0.3275694444444444,0,1,0,215416,390194,12398,95558,3.614379932565119,0.19672178395559875
8428,0.3275833333333333,0,1,0,215417,390193,12398,95558,3.6143706695320317,0.1967221889404242
8429,0.3276190476190476,1,3,1,215420,390190,12399,95557,3.614342880432769,0.19672175021152988
8430,0.3276428571428571,0,3,0,215423,390187,12399,95557,3.614315091333506,0.19672296518330643
8431,0.3276666666666666,1,38,1,215461,390149,12400,95556,3.613963096076179,0.19673670231930904
8432,0.3276666666666667,0,3,0,215464,390146,12400,95556,3.6139353069769165,0.19673791748850117
8433,0.3276794871794871,1,1,1,215465,390145,12401,95555,3.6139260439438288,0.19673666872555076
8434,0.3277380952380953,0,1,0,215466,390144,12401,95555,3.6139167809107415,0.19673707378438085
8435,0.32775,0,1,0,215467,390143,12401,95555,3.613907517877654,0.1967374788448789
8436,0.3277777777777778,0,1,0,215468,390142,12401,95555,3.613898254844566,0.1967378839070449
8437,0.3277857142857142,0,4,0,215472,390138,12401,95555,3.613861202712216,0.19673950417238872
8438,0.3278333333333333,1,17,1,215489,390121,12402,95554,3.6137037311497275,0.19674473670664538
8439,0.3278571428571428,1,7,1,215496,390114,12403,95553,3.6136388899181147,0.19674591849971276
8440,0.3278809523809523,0,1,0,215497,390113,12403,95553,3.6136296268850274,0.19674632360511132
8441,0.3279047619047618,1,0,1,215497,390113,12404,95552,3.6136296268850274,0.1967446696797175
8442,0.3279047619047619,0,2,0,215499,390111,12404,95552,3.613611100818852,0.19674547989037666
8443,0.3279166666666666,0,4,0,215503,390107,12404,95552,3.613574048686502,0.19674710033171422
8444,0.3279166666666667,0,3,0,215506,390104,12404,95552,3.613546259587239,0.19674831568023457
8445,0.3279285714285714,0,1,0,215507,390103,12404,95552,3.6135369965541515,0.19674872079974468
8446,0.3279365079365078,0,2,0,215509,390101,12404,95552,3.6135184704879766,0.19674953104376994
8447,0.3279761904761905,0,1,0,215510,390100,12404,95552,3.613509207454889,0.19674993616828512
8448,0.3279999999999999,11,98,11,215608,390002,12415,95541,3.6126014302123086,0.19677144969652532
8449,0.328,0,3,0,215611,389999,12415,95541,3.612573641113046,0.19677266548585082
8450,0.3280128205128205,0,1,0,215612,389998,12415,95541,3.6125643780799583,0.19677307075229797
8451,0.3280238095238095,1,0,1,215612,389998,12416,95540,3.6125643780799583,0.19677141644938193
8452,0.328047619047619,0,1,0,215613,389997,12416,95540,3.612555115046871,0.19677182171492594
8453,0.3280555555555555,1,1,1,215614,389996,12417,95539,3.6125458520137834,0.19677057266726394
8454,0.3280833333333334,0,3,0,215617,389993,12417,95539,3.612518062914521,0.19677178847120272
8455,0.328095238095238,0,1,0,215618,389992,12417,95539,3.612508799881433,0.19677219374252108
8456,0.3280952380952381,0,1,0,215619,389991,12417,95539,3.6124995368483455,0.19677259901550884
8457,0.3281309523809524,0,1,0,215620,389990,12417,95539,3.6124902738152582,0.19677300429016598
8458,0.3281428571428572,0,2,0,215622,389988,12417,95539,3.612471747749083,0.19677381484448855
8459,0.3281666666666666,0,11,0,215633,389977,12417,95539,3.6123698543851197,0.19677827301262987
8460,0.3281666666666667,0,4,0,215637,389973,12417,95539,3.6123328022527694,0.1967798942147671
8461,0.3282142857142857,0,7,0,215644,389966,12417,95539,3.6122679610211565,0.19678273138278699
8462,0.3282380952380953,0,1,0,215645,389965,12417,95539,3.6122586979880693,0.1967831366991827
8463,0.3282738095238094,0,2,0,215647,389963,12417,95539,3.612240171921894,0.19678394733698315
8464,0.3282820512820513,0,1,0,215648,389962,12417,95539,3.6122309088888067,0.19678435265838792
8465,0.3282857142857142,0,1,0,215649,389961,12417,95539,3.612221645855719,0.19678475798146242
8466,0.3283293650793651,1,0,1,215649,389961,12418,95538,3.612221645855719,0.19678310356972928
8467,0.3283333333333333,41,436,41,216085,389525,12459,95497,3.6081829634295453,0.19689209973980562
8468,0.3284444444444445,0,1,0,216086,389524,12459,95497,3.608173700396458,0.19689250568532085
8469,0.3284523809523809,0,1,0,216087,389523,12459,95497,3.6081644373633703,0.19689291163251
8470,0.3284660894660894,0,2,0,216089,389521,12459,95497,3.608145911297195,0.19689372353191015
8471,0.3284999999999999,0,5,0,216094,389516,12459,95497,3.6080995961317575,0.1968957533097051
8472,0.3285,1,28,1,216122,389488,12460,95496,3.607840231205306,0.19690546492255415
8473,0.3285079365079364,0,1,0,216123,389487,12460,95496,3.6078309681722183,0.19690587092743456
8474,0.328563492063492,0,1,0,216124,389486,12460,95496,3.6078217051391306,0.1969062769339893
8475,0.3285714285714285,0,1,0,216125,389485,12460,95496,3.6078124421060433,0.19690668294221836
8476,0.3285714285714286,1,10,1,216135,389475,12461,95495,3.607719811775168,0.19690908716003053
8477,0.3285833333333333,0,3,0,216138,389472,12461,95495,3.607692022675905,0.19691030523726358
8478,0.3286111111111111,0,2,0,216140,389470,12461,95495,3.60767349660973,0.19691111729712454
8479,0.3286428571428571,1,0,1,216140,389470,12462,95494,3.60767349660973,0.1969094613208403
8480,0.3286666666666666,1,26,1,216166,389444,12463,95493,3.6074326577494533,0.1969183625914294
8481,0.3286666666666667,0,1,0,216167,389443,12463,95493,3.607423394716366,0.19691876866225647
8482,0.3286904761904762,0,6,0,216173,389437,12463,95493,3.6073678165178404,0.1969212051223888
8483,0.32875,0,4,0,216177,389433,12463,95493,3.6073307643854906,0.19692282946263967
8484,0.328797619047619,0,1,0,216178,389432,12463,95493,3.607321501352403,0.19692323555188948
8485,0.3288055555555556,0,1,0,216179,389431,12463,95493,3.6073122383193152,0.19692364164281412
8486,0.3288095238095238,1,4,1,216183,389427,12464,95492,3.607275186186965,0.1969236099224819
8487,0.3288333333333332,0,3,0,216186,389424,12464,95492,3.6072473970877024,0.19692482821767068
8488,0.3288333333333333,2,6,2,216192,389418,12466,95490,3.607191818889177,0.1969239525848202
8489,0.3288333333333334,0,3,0,216195,389415,12466,95490,3.6071640297899146,0.19692517090976583
8490,0.3288571428571428,0,1,0,216196,389414,12466,95490,3.607154766756827,0.19692557702143104
8491,0.3288888888888888,1,2,1,216198,389412,12467,95489,3.6071362406906515,0.1969247330898472
8492,0.3288888888888889,0,1,0,216199,389411,12467,95489,3.6071269776575643,0.19692513920395957
8493,0.3289166666666666,0,1,0,216200,389410,12467,95489,3.6071177146244766,0.196925545319747
8494,0.3289285714285714,1,3,1,216203,389407,12468,95488,3.607089925525214,0.19692510749749945
8495,0.3289999999999999,7,72,7,216275,389335,12475,95481,3.60642298714291,0.19694275766476355
8496,0.329,1,9,1,216284,389326,12476,95480,3.606339619845122,0.19694475728435704
8497,0.3290357142857142,0,1,0,216285,389325,12476,95480,3.6063303568120344,0.19694516351935315
8498,0.329040404040404,1,0,1,216285,389325,12477,95479,3.6063303568120344,0.19694350706677338
8499,0.329047619047619,1,7,1,216292,389318,12478,95478,3.6062655155804215,0.19694469426315397
8500,0.3290476190476191,0,2,0,216294,389316,12478,95478,3.6062469895142466,0.1969455067513212
8501,0.3290833333333333,0,2,0,216296,389314,12478,95478,3.6062284634480712,0.1969463192461922
8502,0.329095238095238,0,1,0,216297,389313,12478,95478,3.606219200414984,0.19694672549614164
8503,0.3290952380952381,0,3,0,216300,389310,12478,95478,3.6061914113157214,0.19694794425604595
8504,0.3291190476190476,1,1,1,216301,389309,12479,95477,3.6061821482826337,0.1969466940051899
8505,0.3291428571428571,1,2,1,216303,389307,12480,95476,3.6061636222164584,0.19694584999886547
8506,0.3291450216450217,0,1,0,216304,389306,12480,95476,3.606154359183371,0.19694625625538903
8507,0.3291666666666665,0,1,0,216305,389305,12480,95476,3.6061450961502834,0.1969466625135886
8508,0.3291666666666666,7,64,7,216369,389241,12487,95469,3.60555226203268,0.1969610695054775
8509,0.3291666666666667,10,69,10,216438,389172,12497,95459,3.6049131127496388,0.19697254199586903
8510,0.3291904761904762,0,1,0,216439,389171,12497,95459,3.604903849716551,0.19697294843488847
8511,0.3292142857142858,0,1,0,216440,389170,12497,95459,3.604894586683464,0.19697335487558523
8512,0.3292380952380952,0,4,0,216444,389166,12497,95459,3.6048575345511136,0.19697498065514574
8513,0.3292619047619047,0,3,0,216447,389163,12497,95459,3.604829745451851,0.19697620000742846
8514,0.3292857142857142,0,1,0,216448,389162,12497,95459,3.6048204824187633,0.19697660646154416
8515,0.3292857142857143,1,14,1,216462,389148,12498,95458,3.6046907999555375,0.19698063994255127
8516,0.3293095238095238,0,1,0,216463,389147,12498,95458,3.60468153692245,0.19698104641924866
8517,0.3293333333333333,1,44,1,216507,389103,12499,95457,3.6042739634665977,0.1969972758791481
8518,0.3293809523809524,0,1,0,216508,389102,12499,95457,3.60426470043351,0.19699768242876511
8519,0.3294285714285714,0,1,0,216509,389101,12499,95457,3.6042554374004223,0.1969980889800602
8520,0.3294444444444444,0,3,0,216512,389098,12499,95457,3.6042276483011597,0.19699930864401358
8521,0.3294523809523809,1,1,1,216513,389097,12500,95456,3.604218385268072,0.1969980580039748
8522,0.3295,2,19,2,216532,389078,12502,95454,3.6040423876394088,0.1970024683612228
8523,0.3295238095238095,0,6,0,216538,389072,12502,95454,3.603986809440883,0.1970049078893599
8524,0.329547619047619,0,3,0,216541,389069,12502,95454,3.6039590203416205,0.19700612767608555
8525,0.3295714285714285,0,1,0,216542,389068,12502,95454,3.6039497573085333,0.19700653427501744
8526,0.3295833333333333,1,4,1,216546,389064,12503,95453,3.603912705176183,0.1970065033837822
8527,0.3296428571428571,0,2,0,216548,389062,12503,95453,3.6038941791100076,0.19700731659494547
8528,0.3296666666666666,4,17,4,216565,389045,12507,95449,3.6037367075475193,0.197007599681317
8529,0.3296904761904761,0,1,0,216566,389044,12507,95449,3.6037274445144316,0.19700800630762466
8530,0.3297142857142857,1,3,1,216569,389041,12508,95448,3.603699655415169,0.19700756879929163
8531,0.3297222222222223,0,1,0,216570,389040,12508,95448,3.6036903923820818,0.197007975429732
8532,0.32975,0,1,0,216571,389039,12508,95448,3.603681129348994,0.19700838206185098
8533,0.3297500000000001,0,1,0,216572,389038,12508,95448,3.6036718663159064,0.19700878869564858
8534,0.3297619047619047,0,1,0,216573,389037,12508,95448,3.6036626032828187,0.1970091953311248
8535,0.3297619047619048,0,1,0,216574,389036,12508,95448,3.6036533402497315,0.19700960196827966
8536,0.3298333333333332,0,1,0,216575,389035,12508,95448,3.603644077216644,0.19701000860711315
8537,0.3298333333333333,2,17,2,216592,389018,12510,95446,3.6034866056541555,0.19701360679018462
8538,0.3298412698412698,0,2,0,216594,389016,12510,95446,3.60346807958798,0.19701442011963788
8539,0.3298571428571428,0,1,0,216595,389015,12510,95446,3.603458816554893,0.19701482678688273
8540,0.329875763125763,0,1,0,216596,389014,12510,95446,3.603449553521805,0.19701523345580646
8541,0.3298809523809524,0,1,0,216597,389013,12510,95446,3.6034402904887175,0.19701564012640904
8542,0.3298888888888889,0,1,0,216598,389012,12510,95446,3.6034310274556303,0.1970160467986905
8543,0.3299047619047619,0,1,0,216599,389011,12510,95446,3.6034217644225426,0.19701645347265082
8544,0.3299999999999999,1,6,1,216605,389005,12511,95445,3.6033661862240174,0.1970172360408711
8545,0.33,323,3810,323,220415,385195,12834,95122,3.5680740301604357,0.1980400443873525
8546,0.3300238095238095,0,1,0,220416,385194,12834,95122,3.568064767127348,0.1980404566993396
8547,0.3300476190476191,0,3,0,220419,385191,12834,95122,3.5680369780280854,0.19804169364560192
8548,0.3300714285714285,0,1,0,220420,385190,12834,95122,3.568027714994998,0.19804210596445643
8549,0.3300833333333333,0,1,0,220421,385189,12834,95122,3.5680184519619105,0.19804251828502784
8550,0.3300952380952381,1,0,1,220421,385189,12835,95121,3.5680184519619105,0.1980408486186005
8551,0.3301428571428572,0,2,0,220423,385187,12835,95121,3.567999925895735,0.19804167325965838
8552,0.3301587301587301,0,3,0,220426,385184,12835,95121,3.5679721367964725,0.19804291023412207
8553,0.3301666666666666,2,8,2,220434,385176,12837,95119,3.5678980325317724,0.19804286948646144
8554,0.3301666666666667,0,3,0,220437,385173,12837,95119,3.5678702434325094,0.19804410650187804
8555,0.3302222222222222,0,1,0,220438,385172,12837,95119,3.567860980399422,0.1980445188437843
8556,0.3302380952380951,0,2,0,220440,385170,12837,95119,3.5678424543332468,0.198045343532748
8557,0.33025,0,1,0,220441,385169,12837,95119,3.5678331913001595,0.19804575587980544
8558,0.3302777777777778,0,1,0,220442,385168,12837,95119,3.567823928267072,0.19804616822857998
8559,0.3302857142857142,0,3,0,220445,385165,12837,95119,3.5677961391678092,0.19804740528520626
8560,0.3303095238095238,0,2,0,220447,385163,12837,95119,3.567777613101634,0.1980482299982094
8561,0.3303333333333333,4,36,4,220483,385127,12841,95115,3.5674441439104823,0.19805639656673094
8562,0.3303571428571428,2,2,2,220485,385125,12843,95113,3.567425617844307,0.19805388161703155
8563,0.3303809523809524,0,2,0,220487,385123,12843,95113,3.567407091778132,0.1980547064360023
8564,0.3303888888888889,0,2,0,220489,385121,12843,95113,3.5673885657119566,0.1980555312618432
8565,0.3304166666666666,0,1,0,220490,385120,12843,95113,3.5673793026788694,0.19805594367733995
8566,0.3304166666666667,1,1,1,220491,385119,12844,95112,3.5673700396457817,0.1980546861822748
8567,0.3304285714285714,1,1,1,220492,385118,12845,95111,3.567360776612694,0.19805342867673548
8568,0.3304761904761905,1,5,1,220497,385113,12846,95110,3.5673144614472565,0.19805382082907316
8569,0.3304880952380952,1,3,1,220500,385110,12847,95109,3.5672866723479935,0.19805338814166037
8570,0.3304999999999999,5,15,5,220515,385095,12852,95104,3.5671477268516805,0.19805122459646937
8571,0.3305,0,2,0,220517,385093,12852,95104,3.567129200785505,0.1980520494713628
8572,0.3305357142857143,1,0,1,220517,385093,12853,95103,3.567129200785505,0.19805037942840006
8573,0.3305555555555555,0,1,0,220518,385092,12853,95103,3.567119937752418,0.19805079186580452
8574,0.3305595238095238,0,1,0,220519,385091,12853,95103,3.56711067471933,0.19805120430492676
8575,0.3305714285714285,0,1,0,220520,385090,12853,95103,3.5671014116862425,0.1980516167457668
8576,0.3305714285714286,0,2,0,220522,385088,12853,95103,3.5670828856200676,0.19805244163260036
8577,0.3305898268398267,0,1,0,220523,385087,12853,95103,3.56707362258698,0.19805285407859388
8578,0.3305952380952381,0,1,0,220524,385086,12853,95103,3.5670643595538922,0.19805326652630525
8579,0.3306666666666666,3,39,3,220563,385047,12856,95100,3.5667031012634776,0.19806434279501903
8580,0.3306666666666667,2,9,2,220572,385038,12858,95098,3.5666197339656898,0.1980647149974174
8581,0.3306944444444444,0,1,0,220573,385037,12858,95098,3.566610470932602,0.1980651275162194
8582,0.3307142857142857,2,10,2,220583,385027,12860,95096,3.5665178406017266,0.19806591227664577
8583,0.33075,0,4,0,220587,385023,12860,95096,3.5664807884693763,0.1980675624168175
8584,0.3307857142857143,0,1,0,220588,385022,12860,95096,3.5664715254362886,0.1980679749561566
8585,0.3308015873015872,1,0,1,220588,385022,12861,95095,3.5664715254362886,0.19806630467156963
8586,0.3308095238095238,1,0,1,220588,385022,12862,95094,3.5664715254362886,0.19806463438002483
8587,0.3308333333333333,10,139,10,220727,384883,12872,95084,3.5651839638371188,0.19810528640510702
8588,0.3308571428571429,1,3,1,220730,384880,12873,95083,3.565156174737856,0.19810485391582267
8589,0.3308809523809523,0,1,0,220731,384879,12873,95083,3.5651469117047685,0.19810526666694447
8590,0.3308888888888888,1,2,1,220733,384877,12874,95082,3.5651283856385936,0.19810442141932957
8591,0.3309047619047618,0,1,0,220734,384876,12874,95082,3.565119122605506,0.19810483417299013
8592,0.3309166666666667,0,1,0,220735,384875,12874,95082,3.565109859572418,0.19810524692837067
8593,0.3309523809523809,2,9,2,220744,384866,12876,95080,3.5650264922746304,0.1981056202156076
8594,0.330952380952381,0,2,0,220746,384864,12876,95080,3.5650079662084555,0.1981064457520044
8595,0.3309603174603175,0,1,0,220747,384863,12876,95080,3.564998703175368,0.19810685852278292
8596,0.3309999999999999,1,9,1,220756,384854,12877,95079,3.5649153358775796,0.198108902701002
8597,0.331,4,68,4,220824,384786,12881,95075,3.564285449627626,0.19813029189702852
8598,0.3310238095238095,0,1,0,220825,384785,12881,95075,3.5642761865945385,0.19813070478889677
8599,0.3310369769119768,0,1,0,220826,384784,12881,95075,3.564266923561451,0.1981311176824859
8600,0.331047619047619,0,3,0,220829,384781,12881,95075,3.564239134462188,0.19813235637357873
8601,0.3310714285714285,0,2,0,220831,384779,12881,95075,3.5642206083960133,0.1981331821762453
8602,0.3310714285714286,0,3,0,220834,384776,12881,95075,3.5641928192967507,0.19813442089315225
8603,0.3310909090909091,1,1,1,220835,384775,12882,95074,3.564183556263663,0.19813316272410697
8604,0.331095238095238,0,1,0,220836,384774,12882,95074,3.5641742932305753,0.19813357563228357
8605,0.3311150793650793,0,4,0,220840,384770,12882,95074,3.564137241098225,0.19813522728220004
8606,0.3311190476190476,0,1,0,220841,384769,12882,95074,3.564127978065138,0.19813564019898175
8607,0.3311666666666666,0,11,0,220852,384758,12882,95074,3.5640260847011747,0.19814018239717235
8608,0.3311904761904761,0,1,0,220853,384757,12882,95074,3.564016821668087,0.1981405953346074
8609,0.3311904761904762,0,4,0,220857,384753,12882,95074,3.5639797695357367,0.19814224710155953
8610,0.3312380952380953,1,2,1,220859,384751,12883,95073,3.563961243469562,0.19814140184734402
8611,0.33125,0,8,0,220867,384743,12883,95073,3.563887139204861,0.19814470547043034
8612,0.3312777777777778,0,3,0,220870,384740,12883,95073,3.5638593501055986,0.19814594435748928
8613,0.3313095238095238,0,2,0,220872,384738,12883,95073,3.5638408240394233,0.198146770290802
8614,0.3313333333333332,0,2,0,220874,384736,12883,95073,3.5638222979732483,0.19814759623100026
8615,0.3313333333333333,2,21,2,220895,384715,12885,95071,3.5636277742784097,0.1981529265130704
8616,0.3313333333333334,0,5,0,220900,384710,12885,95071,3.5635814591129717,0.19815499154822722
8617,0.3313373015873015,0,1,0,220901,384709,12885,95071,3.5635721960798845,0.19815540456042352
8618,0.3313461538461538,0,2,0,220903,384707,12885,95071,3.563553670013709,0.1981562305899812
8619,0.3313809523809523,0,2,0,220905,384705,12885,95071,3.5635351439475342,0.19815705662642566
8620,0.3313809523809524,1,1,1,220906,384704,12886,95070,3.5635258809144466,0.19815579835505884
8621,0.3314047619047619,1,0,1,220906,384704,12887,95069,3.5635258809144466,0.1981541270559202
8622,0.3314166666666666,0,1,0,220907,384703,12887,95069,3.563516617881359,0.19815454007320144
8623,0.3314285714285714,1,8,1,220915,384695,12888,95068,3.5634425136166588,0.19815617294372428
8624,0.3314307359307359,0,1,0,220916,384694,12888,95068,3.563433250583571,0.19815658597387872
8625,0.3314404761904761,0,1,0,220917,384693,12888,95068,3.5634239875504834,0.19815699900575495
8626,0.331452380952381,0,1,0,220918,384692,12888,95068,3.563414724517396,0.198157412039353
8627,0.3314722222222223,0,1,0,220919,384691,12888,95068,3.5634054614843085,0.19815782507467292
8628,0.3314761904761905,0,1,0,220920,384690,12888,95068,3.563396198451221,0.19815823811171465
8629,0.3314999999999999,4,27,4,220947,384663,12892,95064,3.563146096557857,0.19816270503849065
8630,0.3315000000000001,1,1,1,220948,384662,12893,95063,3.5631368335247693,0.1981614466621502
8631,0.3315357142857142,0,1,0,220949,384661,12893,95063,3.5631275704916816,0.19816185973601488
8632,0.3315476190476191,0,4,0,220953,384657,12893,95063,3.5630905183593318,0.19816351204869506
8633,0.3315555555555556,0,1,0,220954,384656,12893,95063,3.563081255326244,0.19816392513117054
8634,0.3315833333333334,0,1,0,220955,384655,12893,95063,3.5630719922931564,0.1981643382153682
8635,0.3315873015873016,0,1,0,220956,384654,12893,95063,3.5630627292600687,0.19816475130128805
8636,0.3316190476190476,0,1,0,220957,384653,12893,95063,3.5630534662269815,0.19816516438893012
8637,0.3316547619047618,0,1,0,220958,384652,12893,95063,3.563044203193894,0.1981655774782944
8638,0.3316666666666665,0,1,0,220959,384651,12893,95063,3.563034940160806,0.19816599056938092
8639,0.3316666666666666,20,198,20,221157,384453,12913,95043,3.5612008596094706,0.19821437509384854
8640,0.3316666666666667,23,259,23,221416,384194,12936,95020,3.558801734039794,0.19828302178150053
8641,0.3317142857142857,0,2,0,221418,384192,12936,95020,3.558783207973619,0.19828384931929918
8642,0.33175,0,1,0,221419,384191,12936,95020,3.558773944940531,0.1982842630907888
8643,0.331770757020757,0,4,0,221423,384187,12936,95020,3.5587368928081813,0.19828591819401636
8644,0.3317857142857143,0,3,0,221426,384184,12936,95020,3.5587091037089182,0.1982871595395698
8645,0.3318095238095238,0,1,0,221427,384183,12936,95020,3.558699840675831,0.19828757332487484
8646,0.3318333333333333,2,22,2,221449,384161,12938,95018,3.5584960539479047,0.19829333088470072
8647,0.3318690476190475,0,2,0,221451,384159,12938,95018,3.5584775278817298,0.19829415852597265
8648,0.3318888888888889,2,0,2,221451,384159,12940,95016,3.5584775278817298,0.19829081233369855
8649,0.3319047619047618,0,1,0,221452,384158,12940,95016,3.558468264848642,0.19829122615166933
8650,0.3319047619047619,0,6,0,221458,384152,12940,95016,3.558412686650117,0.198293709095766
8651,0.3319166666666666,0,1,0,221459,384151,12940,95016,3.558403423617029,0.19829412292582754
8652,0.3319285714285714,0,1,0,221460,384150,12940,95016,3.5583941605839415,0.19829453675761635
8653,0.3319444444444444,0,1,0,221461,384149,12940,95016,3.558384897550854,0.1982949505911325
8654,0.3319523809523809,0,1,0,221462,384148,12940,95016,3.5583756345177666,0.19829536442637594
8655,0.3319761904761904,0,1,0,221463,384147,12940,95016,3.558366371484679,0.1982957782633467
8656,0.3319880952380952,0,3,0,221466,384144,12940,95016,3.5583385823854163,0.19829701978462308
8657,0.3319999999999999,1,2,1,221468,384142,12941,95015,3.558320056319241,0.19829617432282112
8658,0.332,5,95,5,221563,384047,12946,95010,3.5574400681759237,0.19832713017448864
8659,0.3320064102564102,1,1,1,221564,384046,12947,95009,3.557430805142836,0.19832587072465582
8660,0.3320238095238095,0,2,0,221566,384044,12947,95009,3.5574122790766607,0.19832669871600847
8661,0.3320833333333333,1,5,1,221571,384039,12948,95008,3.557365963911223,0.19832709525370162
8662,0.3320952380952381,0,1,0,221572,384038,12948,95008,3.5573567008781355,0.19832750925798356
8663,0.3321190476190476,0,2,0,221574,384036,12948,95008,3.5573381748119606,0.19832833727173288
8664,0.3321428571428571,2,5,2,221579,384031,12950,95006,3.5572918596465226,0.19832706033145664
8665,0.3321428571428572,0,1,0,221580,384030,12950,95006,3.557282596613435,0.19832747434430814
8666,0.3321666666666666,0,16,0,221596,384014,12950,95006,3.5571343880840343,0.19833409878501942
8667,0.3322023809523809,0,1,0,221597,384013,12950,95006,3.5571251250509466,0.19833451282725736
8668,0.3322142857142857,0,1,0,221598,384012,12950,95006,3.5571158620178593,0.19833492687122403
8669,0.3322619047619047,2,1,2,221599,384011,12952,95004,3.5571065989847717,0.19833199377890046
8670,0.3322619047619048,0,3,0,221602,384008,12952,95004,3.557078809885509,0.1983332359105826
8671,0.3322687590187589,0,2,0,221604,384006,12952,95004,3.5570602838193337,0.19833406400701448
8672,0.3323333333333332,0,4,0,221608,384002,12952,95004,3.5570232316869834,0.19833572022062354
8673,0.3323333333333333,1,32,1,221640,383970,12953,95003,3.5567268146281816,0.19834729723804892
8674,0.3323571428571428,0,1,0,221641,383969,12953,95003,3.5567175515950944,0.19834771134847132
8675,0.3323809523809524,0,3,0,221644,383966,12953,95003,3.556689762495832,0.19834895369011354
8676,0.3324569319569319,0,6,0,221650,383960,12953,95003,3.556634184297306,0.19835143842008673
8677,0.3324761904761905,1,1,1,221651,383959,12954,95002,3.556624921264219,0.1983501788245807
8678,0.3324999999999999,0,4,0,221655,383955,12954,95002,3.5565878691318686,0.19835183534221235
8679,0.3325,45,410,45,222065,383545,12999,94957,3.5527900255659715,0.19844640147794576
8680,0.3325000000000001,0,1,0,222066,383544,12999,94957,3.5527807625328838,0.19844681620310092
8681,0.3325119047619047,0,1,0,222067,383543,12999,94957,3.552771499499796,0.19844723092998956
8682,0.332583694083694,0,1,0,222068,383542,12999,94957,3.552762236466709,0.19844764565861162
8683,0.3326190476190476,0,3,0,222071,383539,12999,94957,3.552734447367446,0.19844888985487863
8684,0.3326428571428572,0,1,0,222072,383538,12999,94957,3.5527251843343586,0.19844930459043458
8685,0.3326536796536796,0,2,0,222074,383536,12999,94957,3.552706658268183,0.19845013406674705
8686,0.3326666666666666,5,39,5,222113,383497,13004,94952,3.5523453999777685,0.19845793386546948
8687,0.3326666666666667,0,1,0,222114,383496,13004,94952,3.5523361369446813,0.1984583486606695
8688,0.3326904761904761,0,1,0,222115,383495,13004,94952,3.5523268739115936,0.19845876345760347
8689,0.3326904761904762,0,1,0,222116,383494,13004,94952,3.552317610878506,0.19845917825627135
8690,0.3327359307359308,0,1,0,222117,383493,13004,94952,3.5523083478454187,0.19845959305667318
8691,0.3327380952380951,0,1,0,222118,383492,13004,94952,3.552299084812331,0.19846000785880896
8692,0.3327380952380953,0,2,0,222120,383490,13004,94952,3.5522805587461557,0.19846083746828247
8693,0.33275,0,1,0,222121,383489,13004,94952,3.5522712957130684,0.1984612522756202
8694,0.3327619047619047,0,1,0,222122,383488,13004,94952,3.5522620326799808,0.19846166708469193
8695,0.3327857142857142,0,1,0,222123,383487,13004,94952,3.552252769646893,0.19846208189549766
8696,0.3327857142857143,0,1,0,222124,383486,13004,94952,3.552243506613806,0.1984624967080374
8697,0.3328333333333333,2,19,2,222143,383467,13006,94950,3.552067508985142,0.1984670277184966
8698,0.3328571428571428,0,19,0,222162,383448,13006,94950,3.5518915113564784,0.1984749100121656
8699,0.3328809523809524,0,2,0,222164,383446,13006,94950,3.5518729852903035,0.1984757397637104
8700,0.3328982683982683,0,1,0,222165,383445,13006,94950,3.551863722257216,0.19847615464208446
8701,0.3329047619047618,0,1,0,222166,383444,13006,94950,3.5518544592241286,0.198476569522193
8702,0.3329166666666666,0,2,0,222168,383442,13006,94950,3.551835933157953,0.19847739928761352
8703,0.3329242424242424,0,1,0,222169,383441,13006,94950,3.5518266701248655,0.19847781417292548
8704,0.3329999999999999,6,57,6,222226,383384,13012,94944,3.5512986772388753,0.1984914117509324
8705,0.333,0,3,0,222229,383381,13012,94944,3.5512708881396122,0.19849265666649243
8706,0.3330151515151515,0,3,0,222232,383378,13012,94944,3.5512430990403496,0.19849390159766853
8707,0.3330555555555555,0,3,0,222235,383375,13012,94944,3.551215309941087,0.1984951465444609
8708,0.3330714285714286,0,1,0,222236,383374,13012,94944,3.5512060469079993,0.1984955615301954
8709,0.3330833333333333,0,1,0,222237,383373,13012,94944,3.551196783874912,0.19849597651766507
8710,0.3330952380952381,1,1,1,222238,383372,13013,94943,3.5511875208418244,0.19849471582534522
8711,0.3331400201106083,0,1,0,222239,383371,13013,94943,3.5511782578087367,0.1984951308136496
8712,0.3331428571428572,0,2,0,222241,383369,13013,94943,3.551159731742562,0.19849596079546405
8713,0.3331587301587301,2,0,2,222241,383369,13015,94941,3.551159731742562,0.19849260939558028
8714,0.3331666666666666,0,10,0,222251,383359,13015,94941,3.5510671014116864,0.19849675935605268
8715,0.3331666666666667,0,2,0,222253,383357,13015,94941,3.551048575345511,0.1984975893689708
8716,0.3331818181818181,0,1,0,222254,383356,13015,94941,3.5510393123124238,0.1984980043780329
8717,0.3332142857142857,0,9,0,222263,383347,13015,94941,3.5509559450146355,0.1985017395376844
8718,0.3332380952380952,0,1,0,222264,383346,13015,94941,3.550946681981548,0.19850215456410064
8719,0.3333333333333332,59,507,59,222771,382839,13074,94882,3.546250324206158,0.1986138352720521
8720,0.3333333333333333,22,254,22,223025,382585,13096,94860,3.543897513801919,0.19868257076731352
8721,0.3333520923520923,1,0,1,223025,382585,13097,94859,3.543897513801919,0.19868089241879677
8722,0.3334166666666667,0,1,0,223026,382584,13097,94859,3.543888250768832,0.19868130855411012
8723,0.3334444444444444,0,1,0,223027,382583,13097,94859,3.543878987735744,0.19868172469116668
8724,0.3334646464646464,0,1,0,223028,382582,13097,94859,3.5438697247026565,0.19868214082996644
8725,0.3334761904761905,0,2,0,223030,382580,13097,94859,3.5438511986364816,0.19868297311279556
8726,0.3334999999999999,0,1,0,223031,382579,13097,94859,3.543841935603394,0.19868338925682497
8727,0.3335,3,24,3,223055,382555,13100,94856,3.5436196228092927,0.1986883419108483
8728,0.3335000000000001,0,1,0,223056,382554,13100,94856,3.543610359776205,0.19868875809053016
8729,0.3335151515151514,0,2,0,223058,382552,13100,94856,3.54359183371003,0.19868959045512433
8730,0.3335238095238095,0,1,0,223059,382551,13100,94856,3.5435825706769424,0.1986900066400367
8731,0.3335714285714286,1,10,1,223069,382541,13101,94855,3.543489940346067,0.1986924900920829
8732,0.3335833333333333,0,1,0,223070,382540,13101,94855,3.543480677312979,0.1986929062935305
8733,0.333595238095238,0,1,0,223071,382539,13101,94855,3.543471414279892,0.19869332249672178
8734,0.3336190476190475,0,1,0,223072,382538,13101,94855,3.5434621512468043,0.1986937387016567
8735,0.3336428571428571,0,2,0,223074,382536,13101,94855,3.543443625180629,0.19869457111675753
8736,0.3336666666666666,1,29,1,223103,382507,13102,94854,3.54317499722109,0.1987049633296394
8737,0.3336666666666667,0,2,0,223105,382505,13102,94854,3.543156471154915,0.19870579584756964
8738,0.3337261904761904,0,1,0,223106,382504,13102,94854,3.5431472081218276,0.1987062121091508
8739,0.33375,2,6,2,223112,382498,13104,94852,3.543091629923302,0.19870535246674348
8740,0.3337619047619047,0,1,0,223113,382497,13104,94852,3.5430823668902147,0.19870576873524404
8741,0.3337619047619048,0,3,0,223116,382494,13104,94852,3.5430545777909517,0.19870701755121023
8742,0.3337777777777778,0,1,0,223117,382493,13104,94852,3.5430453147578644,0.1987074338266872
8743,0.3338095238095238,0,3,0,223120,382490,13104,94852,3.543017525658602,0.19870868266358294
8744,0.3338333333333332,0,1,0,223121,382489,13104,94852,3.543008262625514,0.19870909894603647
8745,0.3338333333333333,0,14,0,223135,382475,13104,94852,3.5428785801622884,0.19871492708352975
8746,0.3338333333333334,0,1,0,223136,382474,13104,94852,3.5428693171292007,0.19871534339214708
8747,0.3338888888888888,1,0,1,223136,382474,13105,94851,3.5428693171292007,0.19871366469386686
8748,0.3339007936507936,0,1,0,223137,382473,13105,94851,3.542860054096113,0.19871408100158383
8749,0.3339166666666666,0,1,0,223138,382472,13105,94851,3.542850791063026,0.19871449731104515
8750,0.3339285714285714,0,2,0,223140,382470,13105,94851,3.5428322649968504,0.19871532993520083
8751,0.3339444444444444,0,1,0,223141,382469,13105,94851,3.542823001963763,0.19871574624989524
8752,0.3339999999999999,9,136,9,223277,382333,13114,94842,3.5415632294638555,0.1987572693456279
8753,0.3340000000000001,0,11,0,223288,382322,13114,94842,3.5414613360998923,0.19876185127126103
8754,0.3340238095238095,0,1,0,223289,382321,13114,94842,3.541452073066805,0.19876226782043033
8755,0.334047619047619,0,2,0,223291,382319,13114,94842,3.5414335470006297,0.19876310092400679
8756,0.3340476190476191,0,1,0,223292,382318,13114,94842,3.5414242839675425,0.19876351747841395
8757,0.3340714285714286,0,1,0,223293,382317,13114,94842,3.541415020934455,0.1987639340345671
8758,0.3341428571428572,0,2,0,223295,382315,13114,94842,3.5413964948682795,0.19876476715211136
8759,0.3341666666666666,10,89,10,223384,382226,13124,94832,3.5405720849234874,0.1987850533897346
8760,0.3341666666666667,7,71,7,223455,382155,13131,94825,3.539914409574271,0.19880288481697345
8761,0.33425,0,2,0,223457,382153,13131,94825,3.539895883508096,0.1988037184104927
8762,0.3342857142857143,3,12,3,223469,382141,13134,94822,3.539784727111045,0.19880368078865657
8763,0.3343214285714285,0,1,0,223470,382140,13134,94822,3.5397754640779575,0.19880409760106676
8764,0.3343333333333333,5,46,5,223516,382094,13139,94817,3.5393493645559304,0.19881487321533786
8765,0.3343333333333334,0,2,0,223518,382092,13139,94817,3.539330838489755,0.19881570697973827
8766,0.3343571428571428,0,1,0,223519,382091,13139,94817,3.5393215754566674,0.19881612386456088
8767,0.3343809523809524,0,1,0,223520,382090,13139,94817,3.53931231242358,0.19881654075113178
8768,0.3344047619047618,1,1,1,223521,382089,13140,94816,3.5393030493904925,0.1988152776758474
8769,0.3344444444444444,0,1,0,223522,382088,13140,94816,3.5392937863574048,0.1988156945632664
8770,0.334469696969697,0,1,0,223523,382087,13140,94816,3.5392845233243175,0.19881611145243372
8771,0.3344999999999999,0,2,0,223525,382085,13140,94816,3.539265997258142,0.19881694523601334
8772,0.3345,1,13,1,223538,382072,13141,94815,3.539145577828004,0.1988206849840738
8773,0.3345238095238095,0,2,0,223540,382070,13141,94815,3.5391270517618287,0.1988215188148086
8774,0.3345476190476191,0,1,0,223541,382069,13141,94815,3.5391177887287415,0.19882193573279874
8775,0.3345526695526695,0,1,0,223542,382068,13141,94815,3.539108525695654,0.19882235265253742
8776,0.3345833333333333,0,2,0,223544,382066,13141,94815,3.5390899996294785,0.19882318649726033
8777,0.3346172161172161,0,1,0,223545,382065,13141,94815,3.539080736596391,0.1988236034222446
8778,0.3346428571428571,0,3,0,223548,382062,13141,94815,3.5390529474971286,0.19882485420768878
8779,0.3346666666666666,2,34,2,223582,382028,13143,94813,3.5387380043721515,0.19883567059040644
8780,0.3346796536796537,0,1,0,223583,382027,13143,94813,3.5387287413390642,0.19883608757654558
8781,0.3347499999999999,0,1,0,223584,382026,13143,94813,3.5387194783059766,0.1988365045644337
8782,0.33475,0,1,0,223585,382025,13143,94813,3.538710215272889,0.19883692155407076
8783,0.3347619047619047,0,3,0,223588,382022,13143,94813,3.5386824261736263,0.19883817253347594
8784,0.3347619047619048,0,1,0,223589,382021,13143,94813,3.5386731631405386,0.19883858953010902
8785,0.3348095238095239,0,2,0,223591,382019,13143,94813,3.5386546370743637,0.19883942352862224
8786,0.3348333333333332,0,3,0,223594,382016,13143,94813,3.538626847975101,0.19884067453950996
8787,0.3348333333333333,1,8,1,223602,382008,13144,94812,3.5385527437104005,0.19884233043915944
8788,0.3348690476190476,0,1,0,223603,382007,13144,94812,3.538543480677313,0.19884274745763067
8789,0.3348809523809523,0,1,0,223604,382006,13144,94812,3.5385342176442256,0.19884316447785108
8790,0.3348809523809524,0,3,0,223607,382003,13144,94812,3.5385064285449626,0.19884441554900747
8791,0.3349444444444444,1,0,1,223607,382003,13145,94811,3.5385064285449626,0.1988427353223689
8792,0.3349999999999999,0,2,0,223609,382001,13145,94811,3.5384879024787876,0.19884356937325404
8793,0.335,120,1494,120,225103,380507,13265,94691,3.5246489310459816,0.19926641105391857
8794,0.3350000000000001,1,7,1,225110,380500,13266,94690,3.5245840898143688,0.19926766135651003
8795,0.335047619047619,0,1,0,225111,380499,13266,94690,3.524574826781281,0.19926808070052127
8796,0.3350714285714286,0,1,0,225112,380498,13266,94690,3.524565563748194,0.19926850004629745
8797,0.3350833333333333,0,2,0,225114,380496,13266,94690,3.5245470376820185,0.19926933874314479
8798,0.3351190476190476,0,5,0,225119,380491,13266,94690,3.524500722516581,0.19927143551615067
8799,0.3351428571428572,0,2,0,225121,380489,13266,94690,3.5244821964504056,0.19927227423770832
8800,0.3351666666666666,0,15,0,225136,380474,13266,94690,3.5243432509540926,0.19927856487444334
8801,0.3351785714285714,0,3,0,225139,380471,13266,94690,3.5243154618548296,0.1992798230494506
8802,0.3351904761904762,0,2,0,225141,380469,13266,94690,3.5242969357886547,0.1992806618416151
8803,0.3352222222222222,0,2,0,225143,380467,13266,94690,3.5242784097224797,0.19928150064084083
8804,0.3352380952380953,0,5,0,225148,380462,13266,94690,3.524232094557042,0.1992835976697983
8805,0.33525,0,2,0,225150,380460,13266,94690,3.524213568490867,0.1992844364937388
8806,0.3352619047619047,0,1,0,225151,380459,13266,94690,3.524204305457779,0.19928485590835718
8807,0.3352640692640692,0,1,0,225152,380458,13266,94690,3.5241950424246915,0.1992852753247409
8808,0.3352857142857143,0,3,0,225155,380455,13266,94690,3.524167253325429,0.19928653358448473
8809,0.3353030303030303,0,1,0,225156,380454,13266,94690,3.5241579902923412,0.19928695300793023
8810,0.3353333333333333,5,44,5,225200,380410,13271,94685,3.523750416836489,0.19929698270872143
8811,0.3353571428571428,1,0,1,225200,380410,13272,94684,3.523750416836489,0.19929529735168197
8812,0.3354166666666667,0,1,0,225201,380409,13272,94684,3.5237411538034014,0.19929571683859792
8813,0.3354999999999999,1,23,1,225224,380386,13273,94683,3.523528104042388,0.19930368009699645
8814,0.3355,0,1,0,225225,380385,13273,94683,3.5235188410093,0.19930409962363282
8815,0.3355555555555555,0,3,0,225228,380382,13273,94683,3.5234910519100375,0.1993053582141391
8816,0.3355606060606061,0,1,0,225229,380381,13273,94683,3.52348178887695,0.19930577774784028
8817,0.335576923076923,0,1,0,225230,380380,13273,94683,3.523472525843862,0.1993061972833077
8818,0.3355833333333333,0,2,0,225232,380378,13273,94683,3.5234539997776873,0.1993070363595412
8819,0.3355952380952381,0,1,0,225233,380377,13273,94683,3.5234447367445996,0.19930745590030732
8820,0.3356428571428572,0,1,0,225234,380376,13273,94683,3.523435473711512,0.19930787544283973
8821,0.3356666666666666,2,50,2,225284,380326,13275,94681,3.5229723220571345,0.19932548362445185
8822,0.3356666666666667,1,9,1,225293,380317,13276,94680,3.5228889547593463,0.1993275747004718
8823,0.3357142857142857,3,21,3,225314,380296,13279,94677,3.5226944310645076,0.19933133041246556
8824,0.3357380952380951,0,1,0,225315,380295,13279,94677,3.5226851680314204,0.1993317500821101
8825,0.3357619047619047,0,1,0,225316,380294,13279,94677,3.5226759049983327,0.1993321697535218
8826,0.3358333333333332,12,94,12,225410,380200,13291,94665,3.5218051798881027,0.19935139460688828
8827,0.3358333333333334,5,68,5,225478,380132,13296,94660,3.521175293638149,0.19937151426308783
8828,0.3359444444444444,0,1,0,225479,380131,13296,94660,3.521166030605061,0.19937193417735383
8829,0.3359523809523809,0,4,0,225483,380127,13296,94660,3.521128978472711,0.1993736138521063
8830,0.335952380952381,0,1,0,225484,380126,13296,94660,3.5211197154396237,0.19937403377521662
8831,0.3359999999999999,0,5,0,225489,380121,13296,94660,3.5210734002741857,0.19937613341730187
8832,0.336,19,125,19,225614,379996,13315,94641,3.5199155211382416,0.19939659150045191
8833,0.3360000000000001,0,2,0,225616,379994,13315,94641,3.519896995072066,0.19939743171068294
8834,0.3360714285714286,0,1,0,225617,379993,13315,94641,3.519887732038979,0.1993978518184538
8835,0.3360833333333333,0,3,0,225620,379990,13315,94641,3.5198599429397164,0.19939911215238784
8836,0.3361111111111111,1,0,1,225620,379990,13316,94640,3.5198599429397164,0.19939742536291427
8837,0.3361428571428571,1,0,1,225620,379990,13317,94639,3.5198599429397164,0.19939573856633286
8838,0.3361666666666666,1,15,1,225635,379975,13318,94638,3.519720997443403,0.19940035355120908
8839,0.3361666666666667,0,1,0,225636,379974,13318,94638,3.5197117344103153,0.19940077368460973
8840,0.3361904761904762,1,11,1,225647,379963,13319,94637,3.519609841046352,0.19940370838600927
8841,0.3361944444444444,0,1,0,225648,379962,13319,94637,3.519600578013265,0.1994041285379868
8842,0.3361984126984127,0,1,0,225649,379961,13319,94637,3.519591314980177,0.1994045486917349
8843,0.3362222222222222,0,1,0,225650,379960,13319,94637,3.5195820519470895,0.19940496884725356
8844,0.3362380952380953,0,1,0,225651,379959,13319,94637,3.519572788914002,0.1994053890045428
8845,0.33625,2,8,2,225659,379951,13321,94635,3.5194986846493017,0.19940537647549653
8846,0.3362857142857143,1,0,1,225659,379951,13322,94634,3.5194986846493017,0.1994036895392817
8847,0.3363333333333332,1,1,1,225660,379950,13323,94633,3.519489421616214,0.1994024227585059
8848,0.3363333333333333,2,20,2,225680,379930,13325,94631,3.519304160954463,0.19940745236123492
8849,0.3363333333333334,1,4,1,225684,379926,13326,94630,3.519267108822113,0.1994074461180556
8850,0.3363636363636364,0,1,0,225685,379925,13326,94630,3.519257845789025,0.19940786631686527
8851,0.3364166666666666,0,1,0,225686,379924,13326,94630,3.5192485827559374,0.19940828651744585
8852,0.3364285714285714,0,1,0,225687,379923,13326,94630,3.51923931972285,0.19940870671979738
8853,0.3364444444444444,1,0,1,225687,379923,13327,94629,3.51923931972285,0.19940701967329186
8854,0.3364523809523809,0,1,0,225688,379922,13327,94629,3.5192300566897625,0.19940743987474477
8855,0.3364761904761904,0,2,0,225690,379920,13327,94629,3.5192115306235876,0.1994082802829634
8856,0.3364999999999999,1,29,1,225719,379891,13328,94628,3.5189429026640484,0.19941877985918371
8857,0.3365000000000001,0,2,0,225721,379889,13328,94628,3.518924376597873,0.19941962037187289
8858,0.3365079365079364,0,1,0,225722,379888,13328,94628,3.518915113564786,0.1994200406308744
8859,0.3365238095238095,0,1,0,225723,379887,13328,94628,3.518905850531698,0.19942046089164725
8860,0.336547619047619,0,4,0,225727,379883,13328,94628,3.518868798399348,0.19942214195245211
8861,0.3365476190476191,0,1,0,225728,379882,13328,94628,3.51885953536626,0.19942256222208174
8862,0.3365714285714286,0,1,0,225729,379881,13328,94628,3.518850272333173,0.19942298249348273
8863,0.3366071428571427,0,1,0,225730,379880,13328,94628,3.5188410093000853,0.19942340276665516
8864,0.3366666666666665,0,1,0,225731,379879,13328,94628,3.5188317462669976,0.19942382304159897
8865,0.3366666666666666,35,365,35,226096,379514,13363,94593,3.5154507391900403,0.19951825220888955
8866,0.3366666666666667,51,480,51,226576,379034,13414,94542,3.5110044833080143,0.19963427200702738
8867,0.3366904761904761,0,2,0,226578,379032,13414,94542,3.5109859572418394,0.1996351151034474
8868,0.3366944444444445,0,1,0,226579,379031,13414,94542,3.5109766942087517,0.19963553665432784
8869,0.3367142857142857,0,2,0,226581,379029,13414,94542,3.5109581681425768,0.19963637976142964
8870,0.33675,1,0,1,226581,379029,13415,94541,3.5109581681425768,0.19963468969740483
8871,0.3367619047619047,0,2,0,226583,379027,13415,94541,3.5109396420764014,0.1996355328062707
8872,0.3367857142857143,0,4,0,226587,379023,13415,94541,3.510902589944051,0.19963721904536663
8873,0.3368333333333333,0,3,0,226590,379020,13415,94541,3.5108748008447885,0.19963848374338258
8874,0.3368333333333334,2,19,2,226609,379001,13417,94539,3.5106988032161253,0.19964311357013134
8875,0.3368412698412698,0,1,0,226610,379000,13417,94539,3.5106895401830376,0.19964353516816988
8876,0.3368571428571428,0,1,0,226611,378999,13417,94539,3.51068027714995,0.19964395676798904
8877,0.3368809523809524,0,3,0,226614,378996,13417,94539,3.5106524880506873,0.19964522157813044
8878,0.3369047619047619,0,1,0,226615,378995,13417,94539,3.5106432250175996,0.19964564318507225
8879,0.3369523809523809,1,2,1,226617,378993,13418,94538,3.5106246989514247,0.19964479622242262
8880,0.3369761904761905,0,1,0,226618,378992,13418,94538,3.510615435918337,0.19964521783202754
8881,0.3369999999999999,0,2,0,226620,378990,13418,94538,3.510596909852162,0.19964606105657956
8882,0.337,3,41,3,226661,378949,13421,94535,3.510217125495572,0.1996582777876338
8883,0.3370079365079366,0,1,0,226662,378948,13421,94535,3.510207862462485,0.19965869946756273
8884,0.3370238095238095,0,5,0,226667,378943,13421,94535,3.510161547297047,0.19966080789392537
8885,0.3370476190476191,0,1,0,226668,378942,13421,94535,3.510152284263959,0.1996612295845416
8886,0.3370714285714286,0,2,0,226670,378940,13421,94535,3.5101337581977843,0.1996620729711178
8887,0.3370833333333333,0,5,0,226675,378935,13421,94535,3.5100874430323463,0.19966418146873086
8888,0.3371111111111111,0,1,0,226676,378934,13421,94535,3.510078179999259,0.19966460317359744
8889,0.3371428571428571,0,13,0,226689,378921,13421,94535,3.5099577605691206,0.19967008549896928
8890,0.3371666666666666,0,14,0,226703,378907,13421,94535,3.509828078105895,0.19967598987838003
8891,0.3371904761904761,0,1,0,226704,378906,13421,94535,3.5098188150728076,0.19967641163312852
8892,0.3372182539682539,0,1,0,226705,378905,13421,94535,3.50980955203972,0.19967683338965866
8893,0.3372222222222222,0,4,0,226709,378901,13421,94535,3.5097724999073696,0.1996785204335961
8894,0.3372499999999999,0,1,0,226710,378900,13421,94535,3.509763236874282,0.1996789421990347
8895,0.33725,1,1,1,226711,378899,13422,94534,3.5097539738411947,0.19967767350395937
8896,0.3372857142857143,0,1,0,226712,378898,13422,94534,3.509744710808107,0.19967809527028169
8897,0.3372878787878788,0,1,0,226713,378897,13422,94534,3.5097354477750193,0.19967851703838574
8898,0.3373333333333332,0,11,0,226724,378886,13422,94534,3.509633554411056,0.19968315660512864
8899,0.3373333333333333,2,39,2,226763,378847,13424,94532,3.509272296120642,0.19969622649082447
8900,0.3373333333333334,0,2,0,226765,378845,13424,94532,3.5092537700544666,0.19969707019986185
8901,0.3373809523809524,0,3,0,226768,378842,13424,94532,3.509225980955204,0.19969833577678536
8902,0.3374047619047619,0,1,0,226769,378841,13424,94532,3.5092167179221163,0.1996987576393246
8903,0.3374285714285714,1,1,1,226770,378840,13425,94531,3.509207454889029,0.19969748886180183
8904,0.3374444444444444,0,1,0,226771,378839,13425,94531,3.5091981918559414,0.1996979107252255
8905,0.3374761904761905,0,1,0,226772,378838,13425,94531,3.5091889288228537,0.19969833259043157
8906,0.3374999999999999,0,2,0,226774,378836,13425,94531,3.509170402756679,0.19969917632619089
8907,0.3375,46,407,46,227181,378429,13471,94485,3.505400348290044,0.19979319707177204
8908,0.3375000000000001,0,4,0,227185,378425,13471,94485,3.505363296157694,0.1997948869763803
8909,0.3375238095238095,1,1,1,227186,378424,13472,94484,3.5053540331246063,0.19979361736320805
8910,0.3375555555555555,0,1,0,227187,378423,13472,94484,3.5053447700915186,0.19979403984292896
8911,0.3375555555555556,0,1,0,227188,378422,13472,94484,3.5053355070584313,0.19979446232443657
8912,0.3375714285714286,0,2,0,227190,378420,13472,94484,3.505316980992256,0.19979530729281209
8913,0.3375833333333334,0,1,0,227191,378419,13472,94484,3.5053077179591687,0.19979572977967996
8914,0.3376190476190476,0,3,0,227194,378416,13472,94484,3.5052799288599057,0.19979699725100444
8915,0.3376666666666666,2,46,2,227240,378370,13474,94482,3.5048538293378786,0.19981304932621624
8916,0.3376666666666667,0,3,0,227243,378367,13474,94482,3.5048260402386155,0.19981431704413036
8917,0.3376904761904761,0,1,0,227244,378366,13474,94482,3.5048167772055283,0.1998147396203431
8918,0.3377142857142857,0,1,0,227245,378365,13474,94482,3.5048075141724406,0.19981516219834322
8919,0.3377301587301587,0,1,0,227246,378364,13474,94482,3.504798251139353,0.19981558477813072
8920,0.3377698412698411,0,3,0,227249,378361,13474,94482,3.5047704620400904,0.1998168525282176
8921,0.3378095238095238,0,1,0,227250,378360,13474,94482,3.5047611990070027,0.19981727511515474
8922,0.3378333333333333,0,6,0,227256,378354,13474,94482,3.5047056208084775,0.19981981067431415
8923,0.3378333333333334,0,1,0,227257,378353,13474,94482,3.50469635777539,0.19982023327376358
8924,0.3378571428571428,2,11,2,227268,378342,13476,94480,3.504594464411427,0.1998214973076549
8925,0.3378571428571429,0,1,0,227269,378341,13476,94480,3.5045852013783394,0.19982191992318446
8926,0.3379166666666666,0,4,0,227273,378337,13476,94480,3.504548149245989,0.19982361040317925
8927,0.3379166666666667,0,3,0,227276,378334,13476,94480,3.5045203601467265,0.19982487828194598
8928,0.3379523809523809,0,1,0,227277,378333,13476,94480,3.504511097113639,0.19982530091177697
8929,0.3379761904761904,0,1,0,227278,378332,13476,94480,3.504501834080551,0.19982572354339567
8930,0.3379761904761905,1,1,1,227279,378331,13477,94479,3.504492571047464,0.19982445379750852
8931,0.3379999999999999,8,74,8,227353,378257,13485,94471,3.503807106598985,0.199842192550473
8932,0.338,0,3,0,227356,378254,13485,94471,3.5037793174997223,0.19984346078586918
8933,0.3380119047619047,0,1,0,227357,378253,13485,94471,3.5037700544666346,0.19984388353457833
8934,0.338047619047619,0,1,0,227358,378252,13485,94471,3.503760791433547,0.19984430628507605
8935,0.3380714285714286,0,1,0,227359,378251,13485,94471,3.5037515284004592,0.19984472903736233
8936,0.3380833333333333,0,2,0,227361,378249,13485,94471,3.5037330023342843,0.19984557454730073
8937,0.3380952380952381,0,6,0,227367,378243,13485,94471,3.503677424135759,0.199848111120043
8938,0.3381190476190476,0,1,0,227368,378242,13485,94471,3.5036681611026714,0.19984853388842702
8939,0.3381623931623931,0,1,0,227369,378241,13485,94471,3.5036588980695837,0.19984895665859975
8940,0.3381666666666666,1,12,1,227381,378229,13486,94470,3.5035477416725334,0.19985233732248217
8941,0.3381666666666667,1,5,1,227386,378224,13487,94469,3.5035014265070954,0.19985275855576454
8942,0.3382142857142857,1,4,1,227390,378220,13488,94468,3.503464374374745,0.1998527569982737
8943,0.3382222222222222,0,1,0,227391,378219,13488,94468,3.503455111341658,0.19985317979974063
8944,0.3382954545454545,1,0,1,227391,378219,13489,94467,3.503455111341658,0.19985148703367564
8945,0.3383095238095237,1,4,1,227395,378215,13490,94466,3.5034180592093076,0.19985148546271164
8946,0.3383095238095238,0,6,0,227401,378209,13490,94466,3.503362481010782,0.19985402231977575
8947,0.3383333333333332,24,288,24,227689,377921,13514,94442,3.5006947274815667,0.1999352193122662
8948,0.3383333333333334,15,175,15,227864,377746,13529,94427,3.499073696691245,0.19998390420460296
8949,0.3383571428571428,0,3,0,227867,377743,13529,94427,3.4990459075919818,0.19998517483109896
8950,0.3383841436341437,0,1,0,227868,377742,13529,94427,3.4990366445588945,0.19998559837685237
8951,0.3384166666666667,0,1,0,227869,377741,13529,94427,3.499027381525807,0.1999860219243998
8952,0.3384523809523809,1,0,1,227869,377741,13530,94426,3.499027381525807,0.19998432757901335
8953,0.338452380952381,0,1,0,227870,377740,13530,94426,3.499018118492719,0.19998475112566344
8954,0.338484126984127,0,1,0,227871,377739,13530,94426,3.499008855459632,0.19998517467410756
8955,0.3384999999999999,0,1,0,227872,377738,13530,94426,3.4989995924265442,0.19998559822434578
8956,0.3385,0,34,0,227906,377704,13530,94426,3.498684649301567,0.2
8957,0.3385000000000001,0,1,0,227907,377703,13530,94426,3.49867538626848,0.20000042361303796
8958,0.3385714285714285,0,1,0,227908,377702,13530,94426,3.498666123235392,0.2000008472278704
8959,0.3385714285714286,1,6,1,227914,377696,13531,94425,3.498610545036867,0.20000169448086402
8960,0.3385833333333333,0,2,0,227916,377694,13531,94425,3.4985920189706916,0.2000025417320633
8961,0.3386111111111111,1,0,1,227916,377694,13532,94424,3.4985920189706916,0.20000084724581565
8962,0.3386190476190476,0,2,0,227918,377692,13532,94424,3.4985734929045167,0.2000016944988096
8963,0.3386428571428571,0,1,0,227919,377691,13532,94424,3.498564229871429,0.20000211812799848
8964,0.3386666666666666,3,28,3,227947,377663,13535,94421,3.4983048649449775,0.20000889672176986
8965,0.3386666666666667,0,1,0,227948,377662,13535,94421,3.49829560191189,0.20000932039493055
8966,0.3386746031746031,1,0,1,227948,377662,13536,94420,3.49829560191189,0.20000762579382395
8967,0.3386904761904762,0,4,0,227952,377658,13536,94420,3.49825854977954,0.20000932049364722
8968,0.3387142857142857,0,2,0,227954,377656,13536,94420,3.4982400237133646,0.20001016785432854
8969,0.3387380952380953,0,2,0,227956,377654,13536,94420,3.4982214976471897,0.20001101522218975
8970,0.3387499999999999,1,0,1,227956,377654,13537,94419,3.4982214976471897,0.200009320592366
8971,0.33875,1,12,1,227968,377642,13538,94418,3.498110341250139,0.2000127102486972
8972,0.3387619047619047,1,1,1,227969,377641,13539,94417,3.498101078217051,0.2000114392722928
8973,0.3388095238095238,0,2,0,227971,377639,13539,94417,3.4980825521508763,0.20001228667785179
8974,0.3388095238095239,0,1,0,227972,377638,13539,94417,3.4980732891177886,0.20001271038332397
8975,0.3388333333333333,2,6,2,227978,377632,13541,94415,3.4980177109192634,0.2000118632254839
8976,0.3388333333333334,0,2,0,227980,377630,13541,94415,3.4979991848530885,0.20001271065258608
8977,0.3388571428571428,0,6,0,227986,377624,13541,94415,3.497943606654563,0.20001525297697859
8978,0.3388611111111111,0,1,0,227987,377623,13541,94415,3.4979343436214756,0.20001567670399417
8979,0.3388809523809523,0,3,0,227990,377620,13541,94415,3.4979065545222126,0.2000169478958128
8980,0.3388888888888888,0,3,0,227993,377617,13541,94415,3.49787876542295,0.20001821910378959
8981,0.3389047619047619,0,1,0,227994,377616,13541,94415,3.4978695023898627,0.20001864284337256
8982,0.338952380952381,0,2,0,227996,377614,13541,94415,3.4978509763236874,0.20001949032792476
8983,0.3389761904761904,0,2,0,227998,377612,13541,94415,3.4978324502575124,0.2000203378196586
8984,0.3389999999999999,7,88,7,228086,377524,13548,94408,3.4970173033458076,0.20004576930574744
8985,0.3390000000000001,0,10,0,228096,377514,13548,94408,3.496924673014932,0.20005000826407754
8986,0.339047619047619,1,1,1,228097,377513,13549,94407,3.4969154099818445,0.20004873707408036
8987,0.3390476190476191,0,2,0,228099,377511,13549,94407,3.4968968839156696,0.20004958488550978
8988,0.3390571928071928,0,5,0,228104,377506,13549,94407,3.4968505687502316,0.2000517044455228
8989,0.3390952380952381,0,1,0,228105,377505,13549,94407,3.496841305717144,0.2000521283629151
8990,0.3391428571428571,0,1,0,228106,377504,13549,94407,3.4968320426840567,0.20005255228210403
8991,0.3391666666666666,6,74,6,228180,377430,13555,94401,3.4961465782355776,0.20007375522167894
8992,0.3391666666666667,8,87,8,228267,377343,13563,94393,3.49534069435696,0.20009708820187563
8993,0.3391904761904761,0,2,0,228269,377341,13563,94393,3.495322168290785,0.20009793654898736
8994,0.3392142857142857,0,2,0,228271,377339,13563,94393,3.49530364222461,0.20009878490329255
8995,0.33925,0,1,0,228272,377338,13563,94393,3.4952943791915225,0.20009920908314272
8996,0.3392619047619047,1,0,1,228272,377338,13564,94392,3.4952943791915225,0.20009751340809362
8997,0.3392857142857142,0,3,0,228275,377335,13564,94392,3.49526659009226,0.2000987859503484
8998,0.3392857142857143,0,12,0,228287,377323,13564,94392,3.495155433695209,0.20010387628122914
8999,0.3393333333333333,0,7,0,228294,377316,13564,94392,3.495090592463596,0.20010684576051285
9000,0.3393333333333334,5,41,5,228335,377275,13569,94387,3.4947108081070066,0.20011576086265165
9001,0.3394285714285714,0,1,0,228336,377274,13569,94387,3.494701545073919,0.20011618514144694
9002,0.3394444444444444,0,1,0,228337,377273,13569,94387,3.4946922820408313,0.2001166094220413
9003,0.3394523809523809,0,1,0,228338,377272,13569,94387,3.494683019007744,0.20011703370443476
9004,0.3394761904761904,1,0,1,228338,377272,13570,94386,3.494683019007744,0.20011533780832721
9005,0.3394761904761905,0,1,0,228339,377271,13570,94386,3.4946737559746563,0.20011576208982376
9006,0.3394999999999999,0,1,0,228340,377270,13570,94386,3.4946644929415687,0.2001161863731194
9007,0.3395,5,21,5,228361,377249,13575,94381,3.49446996924673,0.20011661683947163
9008,0.3395162337662337,0,3,0,228364,377246,13575,94381,3.4944421801474674,0.2001178897730622
9009,0.3395238095238095,0,6,0,228370,377240,13575,94381,3.4943866019489422,0.2001204356888264
9010,0.3395476190476191,0,1,0,228371,377239,13575,94381,3.4943773389158546,0.2001208600144184
9011,0.3395833333333333,1,3,1,228374,377236,13576,94380,3.494349549816592,0.20012043696566698
9012,0.3396071428571428,0,1,0,228375,377235,13576,94380,3.4943402867835043,0.20012086129576032
9013,0.3396428571428571,0,4,0,228379,377231,13576,94380,3.494303234651154,0.20012255863412856
9014,0.3396666666666666,0,1,0,228380,377230,13576,94380,3.4942939716180668,0.2001229829732194
9015,0.3396666666666667,2,22,2,228402,377208,13578,94378,3.4940901848901404,0.20012892664328458
9016,0.3396785714285714,0,2,0,228404,377206,13578,94378,3.4940716588239655,0.2001297753952636
9017,0.3397142857142857,0,3,0,228407,377203,13578,94378,3.4940438697247025,0.2001310485367307
9018,0.33975,0,1,0,228408,377202,13578,94378,3.4940346066916153,0.20013147292081937
9019,0.3397619047619047,0,2,0,228410,377200,13578,94378,3.49401608062544,0.20013232169439626
9020,0.3397857142857143,0,3,0,228413,377197,13578,94378,3.4939882915261773,0.20013359486826063
9021,0.3398333333333332,0,1,0,228414,377196,13578,94378,3.4939790284930896,0.20013401926314853
9022,0.3398333333333333,1,20,1,228434,377176,13579,94377,3.4937937678313387,0.20014081131919423
9023,0.3398571428571428,0,1,0,228435,377175,13579,94377,3.493784504798251,0.20014123574918566
9024,0.3398733766233764,0,3,0,228438,377172,13579,94377,3.4937567156989884,0.20014250904996086
9025,0.3398809523809524,0,5,0,228443,377167,13579,94377,3.493710400533551,0.2001446312539233
9026,0.3399047619047619,0,2,0,228445,377165,13579,94377,3.4936918744673755,0.20014548014810982
9027,0.3399166666666666,0,1,0,228446,377164,13579,94377,3.493682611434288,0.20014590459790346
9028,0.3399999999999999,2,8,2,228454,377156,13581,94375,3.4936085071695877,0.2001459076921772
9029,0.34,345,3887,345,232341,373269,13926,94030,3.4576030975582643,0.2012202037667532
9030,0.3400000000000001,0,9,0,232350,373260,13926,94030,3.4575197302604765,0.20122407926555244
9031,0.3400714285714285,0,1,0,232351,373259,13926,94030,3.457510467227389,0.20122450988574522
9032,0.3400833333333333,0,1,0,232352,373258,13926,94030,3.457501204194301,0.20122494050778106
9033,0.3400952380952381,0,1,0,232353,373257,13926,94030,3.457491941161214,0.20122537113165997
9034,0.3401060328560329,0,1,0,232354,373256,13926,94030,3.4574826781281263,0.201225801757382
9035,0.3401190476190476,1,2,1,232356,373254,13927,94029,3.4574641520619513,0.20122495361483297
9036,0.3401666666666665,0,1,0,232357,373253,13927,94029,3.4574548890288637,0.2012253842433477
9037,0.3401666666666667,1,11,1,232368,373242,13928,94028,3.4573529956649005,0.2012284118389796
9038,0.3401904761904761,0,1,0,232369,373241,13928,94028,3.457343732631813,0.20122884248687586
9039,0.3401904761904762,0,1,0,232370,373240,13928,94028,3.4573344695987256,0.2012292731366154
9040,0.3402222222222222,0,1,0,232371,373239,13928,94028,3.457325206565638,0.20122970378819818
9041,0.3402380952380952,2,1,2,232372,373238,13930,94026,3.4573159435325502,0.20122671551842214
9042,0.34025,1,1,1,232373,373237,13931,94025,3.4573066804994625,0.20122543669290463
9043,0.3402727272727273,0,1,0,232374,373236,13931,94025,3.4572974174663753,0.20122586734180684
9044,0.3402857142857142,0,1,0,232375,373235,13931,94025,3.4572881544332876,0.20122629799255232
9045,0.340297619047619,0,1,0,232376,373234,13931,94025,3.4572788914002,0.20122672864514113
9046,0.3403333333333332,0,1,0,232377,373233,13931,94025,3.4572696283671127,0.20122715929957324
9047,0.3403333333333333,4,29,4,232406,373204,13935,94021,3.4570010004075735,0.2012328107442881
9048,0.3403333333333334,0,3,0,232409,373201,13935,94021,3.456973211308311,0.20123410284618448
9049,0.3403369408369409,0,2,0,232411,373199,13935,94021,3.4569546852421356,0.2012349642566671
9050,0.3403571428571428,0,3,0,232414,373196,13935,94021,3.456926896142873,0.20123625638621884
9051,0.3403690476190476,0,1,0,232415,373195,13935,94021,3.4569176331097853,0.20123668709975687
9052,0.3403809523809524,0,2,0,232417,373193,13935,94021,3.4568991070436104,0.2012375485323642
9053,0.3404166666666666,0,1,0,232418,373192,13935,94021,3.4568898440105227,0.2012379792514335
9054,0.3404166666666667,1,1,1,232419,373191,13936,94020,3.4568805809774354,0.20123670033453836
9055,0.3404238816738816,0,2,0,232421,373189,13936,94020,3.45686205491126,0.20123756177642127
9056,0.3404285714285713,0,1,0,232422,373188,13936,94020,3.4568527918781724,0.20123799250012842
9057,0.3404444444444444,0,1,0,232423,373187,13936,94020,3.456843528845085,0.20123842322567942
9058,0.3404761904761904,0,1,0,232424,373186,13936,94020,3.4568342658119975,0.20123885395307423
9059,0.3404761904761905,1,6,1,232430,373180,13937,94019,3.4567786876134723,0.20123972868092613
9060,0.3404999999999999,3,23,3,232453,373157,13940,94016,3.4565656378524583,0.20124450685292172
9061,0.3405,0,1,0,232454,373156,13940,94016,3.456556374819371,0.2012449376246864
9062,0.3405238095238095,0,1,0,232455,373155,13940,94016,3.4565471117862834,0.20124536839829527
9063,0.3405555555555555,0,2,0,232457,373153,13940,94016,3.456528585720108,0.20124622995104555
9064,0.3406190476190475,0,1,0,232458,373152,13940,94016,3.456519322687021,0.201246660730187
9065,0.3406428571428572,0,1,0,232459,373151,13940,94016,3.456510059653933,0.20124709151117268
9066,0.3406450216450217,0,1,0,232460,373150,13940,94016,3.4565007966208454,0.20124752229400256
9067,0.3406666666666666,9,54,9,232514,373096,13949,94007,3.4560005928341178,0.2012553976317857
9068,0.3406666666666667,1,10,1,232524,373086,13950,94006,3.4559079625032423,0.20125799628338742
9069,0.3407142857142857,2,17,2,232541,373069,13952,94004,3.4557504909407535,0.2012619012445592
9070,0.3407261904761905,0,2,0,232543,373067,13952,94004,3.4557319648745786,0.20126276304887267
9071,0.3407380952380952,0,1,0,232544,373066,13952,94004,3.455722701841491,0.20126319395379708
9072,0.34075,0,2,0,232546,373064,13952,94004,3.455704175775316,0.20126405576918135
9073,0.3407777777777777,0,4,0,232550,373060,13952,94004,3.4556671236429657,0.20126577942209203
9074,0.3408095238095238,0,1,0,232551,373059,13952,94004,3.455657860609878,0.20126621033993272
9075,0.340829365079365,0,1,0,232552,373058,13952,94004,3.4556485975767903,0.20126664125961863
9076,0.3408333333333332,7,86,7,232638,372972,13959,93997,3.454851976731261,0.20129173456910415
9077,0.3408333333333334,7,55,7,232693,372917,13966,93990,3.4543425099114455,0.2013034715692847
9078,0.3408412698412698,1,0,1,232693,372917,13967,93989,3.4543425099114455,0.201301760954025
9079,0.3408571428571429,0,2,0,232695,372915,13967,93989,3.45432398384527,0.201302623237325
9080,0.3408636363636363,0,3,0,232698,372912,13967,93989,3.4542961947460076,0.2013039166761262
9081,0.3408809523809523,0,1,0,232699,372911,13967,93989,3.45428693171292,0.20130434782608694
9082,0.3409523809523809,0,10,0,232709,372901,13967,93989,3.4541943013820444,0.20130865942727408
9083,0.340952380952381,1,1,1,232710,372900,13968,93988,3.454185038348957,0.20130737992837683
9084,0.3409999999999999,1,5,1,232715,372895,13969,93987,3.454138723183519,0.20130782510355935
9085,0.341,8,65,8,232780,372830,13977,93979,3.4535366260328284,0.2013221681672804
9086,0.3410000000000001,0,3,0,232783,372827,13977,93979,3.4535088369335654,0.20132346199491866
9087,0.3410158730158731,0,1,0,232784,372826,13977,93979,3.453499573900478,0.20132389327449363
9088,0.3410238095238095,0,3,0,232787,372823,13977,93979,3.4534717848012155,0.2013251871243054
9089,0.341047619047619,0,4,0,232791,372819,13977,93979,3.4534347326688652,0.20132691228325741
9090,0.3410576923076922,0,3,0,232794,372816,13977,93979,3.4534069435696026,0.20132820617187416
9091,0.3410714285714286,0,1,0,232795,372815,13977,93979,3.453397680536515,0.20132863747177557
9092,0.341095238095238,0,1,0,232796,372814,13977,93979,3.4533884175034273,0.20132906877352488
9093,0.3411071428571429,0,1,0,232797,372813,13977,93979,3.4533791544703396,0.20132950007712214
9094,0.3411111111111111,0,1,0,232798,372812,13977,93979,3.4533698914372524,0.20132993138256736
9095,0.3411428571428571,0,3,0,232801,372809,13977,93979,3.4533421023379898,0.20133122530999084
9096,0.3411536796536796,0,2,0,232803,372807,13977,93979,3.4533235762718144,0.20133208793751312
9097,0.3411666666666666,1,1,1,232804,372806,13978,93978,3.4533143132387267,0.20133080825392471
9098,0.3411666666666667,0,9,0,232813,372797,13978,93978,3.453230945940939,0.20133469016121258
9099,0.3411904761904761,0,1,0,232814,372796,13978,93978,3.4532216829078513,0.20133512149348506
9100,0.3411904761904762,0,2,0,232816,372794,13978,93978,3.4532031568416763,0.2013359841635745
9101,0.3412121212121212,0,1,0,232817,372793,13978,93978,3.4531938938085887,0.20133641550139147
9102,0.3412142857142857,0,1,0,232818,372792,13978,93978,3.453184630775501,0.20133684684105663
9103,0.3412222222222222,0,1,0,232819,372791,13978,93978,3.4531753677424137,0.20133727818256997
9104,0.34125,1,7,1,232826,372784,13979,93977,3.453110526510801,0.20133858655714595
9105,0.3412857142857142,1,2,1,232828,372782,13980,93976,3.4530920004446255,0.20133773818552655
9106,0.3413055555555556,0,1,0,232829,372781,13980,93976,3.453082737411538,0.20133816954003902
9107,0.3413095238095238,0,3,0,232832,372778,13980,93976,3.453054948312275,0.2013394636146664
9108,0.3413333333333332,0,3,0,232835,372775,13980,93976,3.4530271592130126,0.20134075770592885
9109,0.3413333333333333,1,29,1,232864,372746,13981,93975,3.4527585312534734,0.2013515569258722
9110,0.3413333333333334,0,14,0,232878,372732,13981,93975,3.4526288487902477,0.20135759695054928
9111,0.3413571428571428,0,2,0,232880,372730,13981,93975,3.4526103227240728,0.20135845984079878
9112,0.341401515151515,0,3,0,232883,372727,13981,93975,3.45258253362481,0.2013597541900399
9113,0.341420634920635,0,1,0,232884,372726,13981,93975,3.4525732705917225,0.2013601856434848
9114,0.3414285714285714,0,7,0,232891,372719,13981,93975,3.4525084293601096,0.2013632058693705
9115,0.3414393939393939,0,1,0,232892,372718,13981,93975,3.452499166327022,0.20136363733760737
9116,0.3414999999999999,4,25,4,232917,372693,13985,93971,3.4522675904998334,0.20136757924330997
9117,0.3415000000000001,1,4,1,232921,372689,13986,93970,3.452230538367483,0.20136759389618544
9118,0.3415238095238095,0,1,0,232922,372688,13986,93970,3.4522212753343955,0.20136802540618612
9119,0.3415324675324676,0,1,0,232923,372687,13986,93970,3.452212012301308,0.20136845691803615
9120,0.341547619047619,1,0,1,232923,372687,13987,93969,3.452212012301308,0.201366745525612
9121,0.3415714285714285,0,1,0,232924,372686,13987,93969,3.4522027492682206,0.20136717703656878
9122,0.3415833333333333,0,1,0,232925,372685,13987,93969,3.452193486235133,0.2013676085493749
9123,0.3416190476190476,0,2,0,232927,372683,13987,93969,3.4521749601689575,0.2013684715805354
9124,0.3416666666666666,23,178,23,233105,372505,14010,93946,3.450526140279373,0.20140593545731492
9125,0.3416666666666667,18,276,18,233381,372229,14028,93928,3.447969543147208,0.20149434632537966
9126,0.3417142857142857,0,2,0,233383,372227,14028,93928,3.447951017081033,0.20149521082043526
9127,0.3417261904761905,0,2,0,233385,372225,14028,93928,3.447932491014858,0.201496075322909
9128,0.3417619047619047,0,3,0,233388,372222,14028,93928,3.4479047019155953,0.2014973720905288
9129,0.3417857142857143,0,3,0,233391,372219,14028,93928,3.4478769128163327,0.20149866887483991
9130,0.3417922077922077,0,1,0,233392,372218,14028,93928,3.447867649783245,0.20149910113998618
9131,0.3418095238095238,0,1,0,233393,372217,14028,93928,3.4478583867501573,0.2014995334069871
9132,0.3418333333333333,1,2,1,233395,372215,14029,93927,3.4478398606839824,0.20149868495007958
9133,0.3418333333333334,1,13,1,233408,372202,14030,93926,3.4477194412538443,0.20150259156283254
9134,0.3418571428571428,0,2,0,233410,372200,14030,93926,3.447700915187669,0.20150345614705037
9135,0.3418809523809523,0,1,0,233411,372199,14030,93926,3.4476916521545813,0.20150388844194153
9136,0.3418809523809524,0,1,0,233412,372198,14030,93926,3.447682389121494,0.20150432073868757
9137,0.3419047619047618,0,1,0,233413,372197,14030,93926,3.4476731260884064,0.20150475303728843
9138,0.3419047619047619,1,0,1,233413,372197,14031,93925,3.4476731260884064,0.20150303997665847
9139,0.3419166666666666,0,1,0,233414,372196,14031,93925,3.4476638630553187,0.20150347227436652
9140,0.3419267676767676,0,1,0,233415,372195,14031,93925,3.4476546000222315,0.20150390457392947
9141,0.3419444444444444,0,1,0,233416,372194,14031,93925,3.4476453369891438,0.20150433687534727
9142,0.3419583333333334,1,0,1,233416,372194,14032,93924,3.4476453369891438,0.20150262379912381
9143,0.3419999999999999,0,5,0,233421,372189,14032,93924,3.447599021823706,0.20150478532029786
9144,0.342,4,95,4,233516,372094,14036,93920,3.446719033680388,0.20153900955765278
9145,0.3420000000000001,0,1,0,233517,372093,14036,93920,3.446709770647301,0.201539442032733
9146,0.3420238095238095,0,4,0,233521,372089,14036,93920,3.4466727185149506,0.20154117195161467
9147,0.3420714285714286,0,3,0,233524,372086,14036,93920,3.446644929415688,0.2015424694102651
9148,0.3420833333333333,0,6,0,233530,372080,14036,93920,3.4465893512171624,0.2015450643776824
9149,0.3421111111111111,0,2,0,233532,372078,14036,93920,3.4465708251509874,0.20154592938167118
9150,0.3421428571428571,2,10,2,233542,372068,14038,93918,3.446478194820112,0.20154682758709488
9151,0.3421666666666667,2,6,2,233548,372062,14040,93916,3.4464226166215868,0.20154599573370416
9152,0.3422142857142857,0,1,0,233549,372061,14040,93916,3.446413353588499,0.20154642825718866
9153,0.3422222222222222,0,5,0,233554,372056,14040,93916,3.446367038423061,0.20154859090245766
9154,0.3422499999999999,0,1,0,233555,372055,14040,93916,3.446357775389974,0.20154902343708084
9155,0.34225,0,2,0,233557,372053,14040,93916,3.4463392493237985,0.2015498885118967
9156,0.342329365079365,0,1,0,233558,372052,14040,93916,3.446329986290711,0.20155032105208942
9157,0.3423333333333332,0,4,0,233562,372048,14040,93916,3.446292934158361,0.2015520512314256
9158,0.3423333333333333,5,43,5,233605,372005,14045,93911,3.445894623735596,0.20156208415250818
9159,0.3423809523809523,0,1,0,233606,372004,14045,93911,3.4458853607025084,0.20156251676808
9160,0.3423809523809524,0,10,0,233616,371994,14045,93911,3.445792730371633,0.20156684302593877
9161,0.3424404761904761,0,1,0,233617,371993,14045,93911,3.4457834673385452,0.20156727566193894
9162,0.3424523809523809,0,1,0,233618,371992,14045,93911,3.445774204305458,0.2015677082997963
9163,0.3424999999999999,0,3,0,233621,371989,14045,93911,3.445746415206195,0.2015690062245117
9164,0.3425,40,384,40,234005,371605,14085,93871,3.4421894105005744,0.20166668098892318
9165,0.3425000000000001,0,2,0,234007,371603,14085,93871,3.442170884434399,0.20166754748922602
9166,0.3425277777777778,0,1,0,234008,371602,14085,93871,3.4421616214013118,0.2016679807421698
9167,0.342547619047619,0,1,0,234009,371601,14085,93871,3.442152358368224,0.2016684139969751
9168,0.3425595238095238,1,0,1,234009,371601,14086,93870,3.442152358368224,0.20166669889208994
9169,0.342595238095238,1,0,1,234009,371601,14087,93869,3.442152358368224,0.20166498377983544
9170,0.342611111111111,1,0,1,234009,371601,14088,93868,3.442152358368224,0.20166326866021153
9171,0.3426190476190476,2,3,2,234012,371598,14090,93866,3.4421245692689615,0.20166113813313166
9172,0.3426666666666667,6,64,6,234076,371534,14096,93860,3.441531735151358,0.20167857772124265
9173,0.3426904761904762,0,1,0,234077,371533,14096,93860,3.4415224721182702,0.2016790110723625
9174,0.3427380952380952,0,1,0,234078,371532,14096,93860,3.441513209085183,0.20167944442534466
9175,0.3427777777777778,1,1,1,234079,371531,14097,93859,3.4415039460520953,0.20167816240142675
9176,0.3427857142857143,0,2,0,234081,371529,14097,93859,3.4414854199859204,0.20167902911119323
9177,0.3428070175438595,0,1,0,234082,371528,14097,93859,3.4414761569528327,0.20167946246887
9178,0.3428095238095238,0,1,0,234083,371527,14097,93859,3.441466893919745,0.20167989582840912
9179,0.3428333333333333,0,9,0,234092,371518,14097,93859,3.4413835266219572,0.2016837961480692
9180,0.3428333333333334,1,2,1,234094,371516,14098,93858,3.441365000555782,0.201682947478802
9181,0.3428571428571428,1,20,1,234114,371496,14099,93857,3.441179739894031,0.20168989992543296
9182,0.3428571428571429,0,2,0,234116,371494,14099,93857,3.441161213827856,0.2016907667545573
9183,0.3429166666666666,0,2,0,234118,371492,14099,93857,3.4411426877616806,0.20169163359113268
9184,0.3429166666666667,0,1,0,234119,371491,14099,93857,3.441133424728593,0.2016920670122145
9185,0.3429285714285713,0,1,0,234120,371490,14099,93857,3.4411241616955057,0.20169250043515913
9186,0.3429379509379509,0,1,0,234121,371489,14099,93857,3.441114898662418,0.20169293385996656
9187,0.3429761904761904,0,2,0,234123,371487,14099,93857,3.441096372596243,0.20169380071516985
9188,0.3429761904761905,0,4,0,234127,371483,14099,93857,3.441059320463893,0.20169553444793054
9189,0.3429999999999999,1,61,1,234188,371422,14100,93856,3.440494275445552,0.20172026186494957
9190,0.343,0,2,0,234190,371420,14100,93856,3.440475749379377,0.20172112896431366
9191,0.3430555555555555,0,2,0,234192,371418,14100,93856,3.4404572233132016,0.20172199607113228
9192,0.3430595238095237,0,1,0,234193,371417,14100,93856,3.440447960280114,0.20172242962733708
9193,0.3430714285714286,0,1,0,234194,371416,14100,93856,3.4404386972470267,0.20172286318540553
9194,0.3430833333333333,0,1,0,234195,371415,14100,93856,3.440429434213939,0.20172329674533768
9195,0.3430952380952381,0,4,0,234199,371411,14100,93856,3.4403923820815887,0.20172503100370326
9196,0.3431111111111111,0,2,0,234201,371409,14100,93856,3.440373856015414,0.20172589814406844
9197,0.3431428571428571,2,2,2,234203,371407,14102,93854,3.4403553299492384,0.2017233337846929
9198,0.3431428571428572,0,2,0,234205,371405,14102,93854,3.4403368038830635,0.20172420092894494
9199,0.3431666666666666,1,11,1,234216,371394,14103,93853,3.4402349105191004,0.2017272545551073
9200,0.3431666666666667,0,2,0,234218,371392,14103,93853,3.4402163844529254,0.2017281217423078
9201,0.3431984126984126,1,0,1,234218,371392,14104,93852,3.4402163844529254,0.20172640592893193
9202,0.3432142857142857,0,6,0,234224,371386,14104,93852,3.4401608062544,0.20172900751873235
9203,0.3432222222222222,0,1,0,234225,371385,14104,93852,3.4401515432213126,0.20172944112355637
9204,0.3432380952380953,0,3,0,234228,371382,14104,93852,3.4401237541220495,0.20173074194921264
9205,0.3432460317460317,0,1,0,234229,371381,14104,93852,3.4401144910889623,0.20173117556149284
9206,0.34325,0,3,0,234232,371378,14104,93852,3.4400867019896997,0.20173247640951789
9207,0.3433030303030303,1,0,1,234232,371378,14105,93851,3.4400867019896997,0.20173076055018066
9208,0.3433095238095238,0,1,0,234233,371377,14105,93851,3.440077438956612,0.20173119416716104
9209,0.3433333333333332,34,512,34,234745,370865,14139,93817,3.4353347660157842,0.20189505941697763
9210,0.3433333333333334,20,289,20,235034,370576,14159,93797,3.432657749453481,0.20198633426146653
9211,0.3434523809523809,0,2,0,235036,370574,14159,93797,3.432639223387306,0.20198720419664448
9212,0.3434722222222222,0,1,0,235037,370573,14159,93797,3.4326299603542183,0.20198763916704351
9213,0.3434999999999999,0,5,0,235042,370568,14159,93797,3.432583645188781,0.20198981404713964
9214,0.3435,4,29,4,235071,370539,14163,93793,3.4323150172292416,0.20199555490468027
9215,0.3435238095238095,0,1,0,235072,370538,14163,93793,3.432305754196154,0.20199598992959764
9216,0.3435714285714285,0,1,0,235073,370537,14163,93793,3.4322964911630662,0.20199642495638878
9217,0.3435714285714286,0,7,0,235080,370530,14163,93793,3.4322316499314534,0.20199947019639347
9218,0.3435849705849705,0,5,0,235085,370525,14163,93793,3.432185334766016,0.20200164542404128
9219,0.3436111111111111,0,1,0,235086,370524,14163,93793,3.432176071732928,0.2020020804751926
9220,0.3436190476190476,1,1,1,235087,370523,14164,93792,3.4321668086998405,0.20200079687281264
9221,0.3436428571428571,0,1,0,235088,370522,14164,93792,3.4321575456667532,0.20200123192494734
9222,0.3436507936507936,0,1,0,235089,370521,14164,93792,3.4321482826336656,0.202001666978956
9223,0.3436666666666666,1,5,1,235094,370516,14165,93791,3.4321019674682276,0.20200212359494904
9224,0.3436666666666667,1,13,1,235107,370503,14166,93790,3.4319815480380895,0.20200606082796854
9225,0.3436969696969697,2,1,2,235108,370502,14168,93788,3.431972285005002,0.20200305843330676
9226,0.3437142857142856,0,1,0,235109,370501,14168,93788,3.4319630219719146,0.2020034935137382
9227,0.3437142857142857,1,1,1,235110,370500,14169,93787,3.431953758938827,0.20200220984003428
9228,0.34375,0,8,0,235118,370492,14169,93787,3.4318796546741264,0.20200569054383247
9229,0.3437619047619047,0,2,0,235120,370490,14169,93787,3.4318611286079514,0.20200656073852463
9230,0.3437727272727272,0,1,0,235121,370489,14169,93787,3.4318518655748638,0.20200699583868217
9231,0.3437857142857142,0,1,0,235122,370488,14169,93787,3.431842602541776,0.20200743094071402
9232,0.3437857142857143,0,1,0,235123,370487,14169,93787,3.431833339508689,0.2020078660446202
9233,0.3438095238095238,0,4,0,235127,370483,14169,93787,3.4317962873763386,0.20200960647898852
9234,0.3438311688311688,0,1,0,235128,370482,14169,93787,3.431787024343251,0.20201004159226654
9235,0.3438333333333333,1,2,1,235130,370480,14170,93786,3.431768498277076,0.20200919300573378
9236,0.3438463203463203,0,2,0,235132,370478,14170,93786,3.4317499722109006,0.20201006323988074
9237,0.3438517038517037,0,6,0,235138,370472,14170,93786,3.4316943940123754,0.2020126739873088
9238,0.3438571428571428,0,4,0,235142,370468,14170,93786,3.431657341880025,0.20201441452308436
9239,0.3438690476190476,0,1,0,235143,370467,14170,93786,3.4316480788469375,0.20201484966171462
9240,0.3438809523809523,0,1,0,235144,370466,14170,93786,3.43163881581385,0.20201528480221947
9241,0.3438888888888888,0,3,0,235147,370463,14170,93786,3.4316110267145876,0.20201659023498167
9242,0.3438917748917747,0,1,0,235148,370462,14170,93786,3.4316017636815,0.20201702538298497
9243,0.3439285714285713,0,1,0,235149,370461,14170,93786,3.4315925006484123,0.2020174605328629
9244,0.3439365079365079,0,2,0,235151,370459,14170,93786,3.4315739745822373,0.20201833083824275
9245,0.3439444444444444,0,1,0,235152,370458,14170,93786,3.4315647115491497,0.20201876599374466
9246,0.3439523809523809,0,1,0,235153,370457,14170,93786,3.431555448516062,0.2020192011511213
9247,0.3439761904761904,0,2,0,235155,370455,14170,93786,3.431536922449887,0.20202007147149864
9248,0.3439999999999999,1,3,1,235158,370452,14171,93785,3.4315091333506245,0.2020196580625844
9249,0.344,12,136,12,235294,370316,14183,93773,3.4302493608507167,0.20205822590063544
9250,0.3440000000000001,1,6,1,235300,370310,14184,93772,3.4301937826521915,0.2020591188626148
9251,0.344047619047619,0,3,0,235303,370307,14184,93772,3.430165993552929,0.20206042505694075
9252,0.3440476190476191,1,1,1,235304,370306,14185,93771,3.4301567305198413,0.20205914104771405
9253,0.3440714285714286,0,2,0,235306,370304,14185,93771,3.4301382044536664,0.2020600118515326
9254,0.3440833333333333,0,3,0,235309,370301,14185,93771,3.4301104153544038,0.20206131807133376
9255,0.344107115107115,1,4,1,235313,370297,14186,93770,3.4300733632220535,0.20206134028060604
9256,0.3441190476190476,0,2,0,235315,370295,14186,93770,3.430054837155878,0.2020622111126674
9257,0.3441269841269841,0,1,0,235316,370294,14186,93770,3.430045574122791,0.2020626465315129
9258,0.3441428571428572,0,2,0,235318,370292,14186,93770,3.4300270480566155,0.20206351737483352
9259,0.3441666666666666,6,63,6,235381,370229,14192,93764,3.4294434769720996,0.2020806348371635
9260,0.3441666666666667,10,74,10,235455,370155,14202,93754,3.4287580125236206,0.20209566962486178
9261,0.3442142857142857,0,1,0,235456,370154,14202,93754,3.4287487494905333,0.20209610526225028
9262,0.3442261904761905,0,2,0,235458,370152,14202,93754,3.428730223424358,0.20209697654266165
9263,0.3442499999999999,0,2,0,235460,370150,14202,93754,3.428711697358183,0.20209784783058563
9264,0.3442857142857143,1,13,1,235473,370137,14203,93753,3.428591277928045,0.2021017913729548
9265,0.3443095238095238,0,2,0,235475,370135,14203,93753,3.4285727518618696,0.20210266271168903
9266,0.3443333333333333,1,12,1,235487,370123,14204,93752,3.428461595464819,0.20210617084343843
9267,0.3443333333333334,9,32,9,235519,370091,14213,93743,3.4281651784060174,0.20210463226067946
9268,0.3444047619047619,0,1,0,235520,370090,14213,93743,3.4281559153729297,0.20210506798783182
9269,0.3444285714285714,0,1,0,235521,370089,14213,93743,3.428146652339842,0.202105503716863
9270,0.3444444444444444,0,1,0,235522,370088,14213,93743,3.428137389306755,0.202105939447773
9271,0.3444761904761905,0,1,0,235523,370087,14213,93743,3.428128126273667,0.20210637518056185
9272,0.3445,1,23,1,235546,370064,14214,93742,3.427915076512653,0.20211467725730153
9273,0.3445238095238095,0,3,0,235549,370061,14214,93742,3.4278872874133905,0.20211598458828425
9274,0.3445833333333333,0,5,0,235554,370056,14214,93742,3.427840972247953,0.20211816351083878
9275,0.3446428571428571,1,4,1,235558,370052,14215,93741,3.4278039201156028,0.20211818634606388
9276,0.3446666666666666,0,5,0,235563,370047,14215,93741,3.427757604950165,0.20212036533933608
9277,0.3446666666666667,4,34,4,235597,370013,14219,93737,3.427442661825188,0.20212830188679246
9278,0.3447142857142857,0,2,0,235599,370011,14219,93737,3.4274241357590127,0.20212917360290503
9279,0.3447474747474747,0,1,0,235600,370010,14219,93737,3.4274148727259255,0.2021296094637809
9280,0.3447619047619047,0,2,0,235602,370008,14219,93737,3.42739634665975,0.20213048119117188
9281,0.3447619047619048,0,2,0,235604,370006,14219,93737,3.427377820593575,0.2021313529260819
9282,0.3447777777777777,0,1,0,235605,370005,14219,93737,3.4273685575604875,0.2021317887963566
9283,0.3448333333333332,0,4,0,235609,370001,14219,93737,3.4273315054281372,0.2021335322962535
9284,0.3448333333333333,1,8,1,235617,369993,14220,93736,3.427257401163437,0.2021352988491123
9285,0.3448571428571428,0,3,0,235620,369990,14220,93736,3.427229612064174,0.20213660653058055
9286,0.3448809523809523,0,1,0,235621,369989,14220,93736,3.427220349031087,0.20213704242816324
9287,0.3448809523809524,0,1,0,235622,369988,14220,93736,3.427211085997999,0.2021374783276259
9288,0.3449166666666666,0,1,0,235623,369987,14220,93736,3.4272018229649115,0.2021379142289686
9289,0.3449523809523809,0,1,0,235624,369986,14220,93736,3.4271925599318243,0.20213835013219128
9290,0.3449999999999999,0,1,0,235625,369985,14220,93736,3.4271832968987366,0.202138786037294
9291,0.345,167,1610,167,237235,368375,14387,93569,3.4122698136277743,0.20255485513395563
9292,0.3450000000000001,0,10,0,237245,368365,14387,93569,3.412177183296899,0.20255924006459797
9293,0.345030303030303,0,3,0,237248,368362,14387,93569,3.412149394197636,0.20256055558081185
9294,0.3450396825396825,0,1,0,237249,368361,14387,93569,3.4121401311645485,0.20256099409001363
9295,0.345047619047619,0,3,0,237252,368358,14387,93569,3.412112342065286,0.20256230962901065
9296,0.3450714285714285,0,1,0,237253,368357,14387,93569,3.4121030790321982,0.2025627481458069
9297,0.3451190476190476,1,6,1,237259,368351,14388,93568,3.412047500833673,0.2025636529348219
9298,0.3451309523809523,0,2,0,237261,368349,14388,93568,3.4120289747674977,0.2025645299913188
9299,0.3451428571428571,0,1,0,237262,368348,14388,93568,3.4120197117344104,0.20256496852241532
9300,0.3451666666666667,0,27,0,237289,368321,14388,93568,3.411769609841046,0.20257680957979082
9301,0.3451785714285714,0,3,0,237292,368318,14388,93568,3.4117418207417836,0.20257812533828692
9302,0.3451904761904762,0,1,0,237293,368317,14388,93568,3.4117325577086963,0.20257856392825055
9303,0.3452142857142858,0,1,0,237294,368316,14388,93568,3.4117232946756086,0.20257900252011327
9304,0.3452222222222222,0,2,0,237296,368314,14388,93568,3.4117047686094333,0.2025798797095362
9305,0.3452380952380952,0,7,0,237303,368307,14388,93568,3.4116399273778204,0.202582949932341
9306,0.3452619047619047,0,1,0,237304,368306,14388,93568,3.411630664344733,0.20258338854319577
9307,0.3452777777777778,0,1,0,237305,368305,14388,93568,3.4116214013116455,0.2025838271559498
9308,0.3452857142857142,0,2,0,237307,368303,14388,93568,3.4116028752454706,0.20258470438715573
9309,0.3452976190476191,0,1,0,237308,368302,14388,93568,3.411593612212383,0.20258514300560765
9310,0.3453333333333333,3,30,3,237338,368272,14391,93565,3.411315721219756,0.20259312268181198
9311,0.3453333333333334,2,5,2,237343,368267,14393,93563,3.4112694060543185,0.20259186280666047
9312,0.3453571428571428,0,3,0,237346,368264,14393,93563,3.411241616955056,0.20259317883103414
9313,0.3453968253968254,0,1,0,237347,368263,14393,93563,3.411232353921968,0.20259361750962485
9314,0.3454166666666666,0,2,0,237349,368261,14393,93563,3.4112138278557933,0.20259449487250555
9315,0.3454166666666667,1,5,1,237354,368256,14394,93562,3.4111675126903553,0.2025949616515597
9316,0.3454285714285714,0,1,0,237355,368255,14394,93562,3.4111582496572677,0.20259540034255993
9317,0.3454285714285715,0,1,0,237356,368254,14394,93562,3.4111489866241804,0.20259583903546002
9318,0.3454444444444445,0,1,0,237357,368253,14394,93562,3.4111397235910927,0.20259627773025995
9319,0.3454761904761904,0,2,0,237359,368251,14394,93562,3.4111211975249174,0.20259715512555948
9320,0.3454761904761905,1,0,1,237359,368251,14395,93561,3.4111211975249174,0.20259542844274295
9321,0.3455,0,17,0,237376,368234,14395,93561,3.410963725962429,0.20260288656221917
9322,0.3455357142857143,1,0,1,237376,368234,14396,93560,3.410963725962429,0.2026011598245105
9323,0.345547619047619,0,4,0,237380,368230,14396,93560,3.4109266738300787,0.2026029147447974
9324,0.3455555555555555,0,3,0,237383,368227,14396,93560,3.410898884730816,0.20260423095496408
9325,0.3455681818181818,0,3,0,237386,368224,14396,93560,3.4108710956315536,0.2026055471822324
9326,0.3456386391386392,0,1,0,237387,368223,14396,93560,3.410861832598466,0.20260598592845558
9327,0.3456428571428571,0,2,0,237389,368221,14396,93560,3.410843306532291,0.20260686342660264
9328,0.3456666666666666,3,32,3,237421,368189,14399,93557,3.410546889473489,0.20261572379619963
9329,0.3456666666666667,0,6,0,237427,368183,14399,93557,3.410491311274964,0.2026183566509291
9330,0.3456904761904762,0,2,0,237429,368181,14399,93557,3.4104727852087886,0.20261923428437772
9331,0.3457142857142856,0,1,0,237430,368180,14399,93557,3.4104635221757014,0.20261967310395312
9332,0.3457142857142857,2,18,2,237448,368162,14401,93555,3.4102967875801253,0.2026241182369287
9333,0.3457380952380952,0,1,0,237449,368161,14401,93555,3.4102875245470377,0.20262455708704052
9334,0.3457380952380953,0,1,0,237450,368160,14401,93555,3.41027826151395,0.2026249959390533
9335,0.3457619047619047,1,0,1,237450,368160,14402,93554,3.41027826151395,0.20262326895004268
9336,0.3457857142857142,0,1,0,237451,368159,14402,93554,3.4102689984808627,0.20262370780116654
9337,0.3458095238095238,0,4,0,237455,368155,14402,93554,3.4102319463485125,0.20262546322467181
9338,0.3458333333333332,4,88,4,237543,368067,14406,93550,3.4094167994368076,0.20265718116967096
9339,0.3458333333333334,8,67,8,237610,368000,14414,93542,3.4087961762199415,0.20267277950869042
9340,0.3458571428571428,0,1,0,237611,367999,14414,93542,3.408786913186854,0.20267321863063087
9341,0.3458928571428571,0,1,0,237612,367998,14414,93542,3.4087776501537665,0.20267365775447416
9342,0.3459047619047619,0,1,0,237613,367997,14414,93542,3.408768387120679,0.2026740968802203
9343,0.3459094516594516,0,3,0,237616,367994,14414,93542,3.4087405980214163,0.20267541426887611
9344,0.3459166666666666,0,2,0,237618,367992,14414,93542,3.408722071955241,0.20267629253749453
9345,0.3459523809523809,1,0,1,237618,367992,14415,93541,3.408722071955241,0.20267456498235228
9346,0.345952380952381,0,2,0,237620,367990,14415,93541,3.408703545889066,0.20267544325299924
9347,0.3459540459540459,1,10,1,237630,367980,14416,93540,3.4086109155581905,0.20267810712428497
9348,0.3459999999999999,1,9,1,237639,367971,14417,93539,3.4085275482604023,0.2026803319538038
9349,0.346,11,156,11,237795,367815,14428,93528,3.407082515098744,0.20272985609405583
9350,0.3460000000000001,0,3,0,237798,367812,14428,93528,3.4070547259994814,0.20273117440499414
9351,0.3460714285714286,0,2,0,237800,367810,14428,93528,3.407036199933306,0.2027320532884783
9352,0.3460833333333333,0,2,0,237802,367808,14428,93528,3.407017673867131,0.20273293217958277
9353,0.3460930735930735,0,1,0,237803,367807,14428,93528,3.4070084108340435,0.20273337162799268
9354,0.346095238095238,0,1,0,237804,367806,14428,93528,3.406999147800956,0.20273381107830768
9355,0.3461111111111111,0,2,0,237806,367804,14428,93528,3.406980621734781,0.20273468998465313
9356,0.3461428571428571,0,1,0,237807,367803,14428,93528,3.406971358701693,0.2027351294406836
9357,0.3461666666666666,0,1,0,237808,367802,14428,93528,3.4069620956686055,0.2027355688986192
9358,0.3461666666666667,1,15,1,237823,367787,14429,93527,3.4068231501722925,0.2027404327638008
9359,0.3461865079365078,0,5,0,237828,367782,14429,93527,3.4067768350068546,0.20274263021098657
9360,0.3461904761904762,0,4,0,237832,367778,14429,93527,3.4067397828745043,0.2027443882030327
9361,0.3462142857142856,0,1,0,237833,367777,14429,93527,3.406730519841417,0.20274482770580787
9362,0.3462142857142857,1,3,1,237836,367774,14430,93526,3.406702730742154,0.20274441794927378
9363,0.3462222222222222,1,1,1,237837,367773,14431,93525,3.406693467709067,0.20274312917029771
9364,0.3462380952380953,0,3,0,237840,367770,14431,93525,3.406665678609804,0.20274444769615974
9365,0.3462499999999999,0,1,0,237841,367769,14431,93525,3.4066564155767165,0.2027448872085915
9366,0.34625,1,6,1,237847,367763,14432,93524,3.4066008373781913,0.20274579600118797
9367,0.3462579365079365,0,2,0,237849,367761,14432,93524,3.406582311312016,0.20274667504904778
9368,0.3462619047619047,0,1,0,237850,367760,14432,93524,3.4065730482789283,0.20274711457583613
9369,0.3462777777777777,1,1,1,237851,367759,14433,93523,3.406563785245841,0.20274582576384945
9370,0.346297175047175,0,1,0,237852,367758,14433,93523,3.4065545222127533,0.2027462652916552
9371,0.346297619047619,0,3,0,237855,367755,14433,93523,3.4065267331134907,0.20274758388650663
9372,0.3463015873015873,0,1,0,237856,367754,14433,93523,3.406517470080403,0.20274802342193518
9373,0.3463225108225108,0,2,0,237858,367752,14433,93523,3.406498944014228,0.20274890249850958
9374,0.3463333333333332,0,3,0,237861,367749,14433,93523,3.4064711549149655,0.20275022112766436
9375,0.3463333333333333,0,17,0,237878,367732,14433,93523,3.4063136833524768,0.2027576936835373
9376,0.3463333333333334,0,5,0,237883,367727,14433,93523,3.4062673681870392,0.202759891598916
9377,0.3463571428571429,0,2,0,237885,367725,14433,93523,3.406248842120864,0.20276077077840987
9378,0.3463888888888888,0,1,0,237886,367724,14433,93523,3.4062395790877766,0.20276121037101597
9379,0.3463888888888889,0,1,0,237887,367723,14433,93523,3.406230316054689,0.20276164996552815
9380,0.3464166666666666,0,1,0,237888,367722,14433,93523,3.4062210530216013,0.20276208956194647
9381,0.3464166666666667,0,1,0,237889,367721,14433,93523,3.406211789988514,0.20276252916027093
9382,0.3464285714285713,0,4,0,237893,367717,14433,93523,3.4061747378561638,0.2027642875726303
9383,0.3464296536796536,0,1,0,237894,367716,14433,93523,3.406165474823076,0.2027647271804856
9384,0.3464444444444444,0,1,0,237895,367715,14433,93523,3.4061562117899884,0.20276516679024711
9385,0.3464761904761904,0,2,0,237897,367713,14433,93523,3.4061376857238135,0.2027660460154888
9386,0.3464999999999999,0,1,0,237898,367712,14433,93523,3.406128422690726,0.20276648563096902
9387,0.3465,4,30,4,237928,367682,14437,93519,3.4058505316980994,0.20277276068351976
9388,0.3465238095238094,0,2,0,237930,367680,14437,93519,3.405832005631924,0.202773640012229
9389,0.346547619047619,0,2,0,237932,367678,14437,93519,3.405813479565749,0.20277451934856472
9390,0.3465634920634921,0,1,0,237933,367677,14437,93519,3.4058042165326614,0.20277495901959253
9391,0.3465714285714285,0,1,0,237934,367676,14437,93519,3.4057949534995737,0.20277539869252703
9392,0.3465714285714286,0,1,0,237935,367675,14437,93519,3.4057856904664865,0.20277583836736818
9393,0.346595238095238,0,1,0,237936,367674,14437,93519,3.405776427433399,0.20277627804411602
9394,0.3466309523809524,1,1,1,237937,367673,14438,93518,3.405767164400311,0.20277498910429737
9395,0.3466428571428572,1,0,1,237937,367673,14439,93517,3.405767164400311,0.2027732604783278
9396,0.3466666666666666,27,347,27,238284,367326,14466,93490,3.40255289191893,0.2028792403041561
9397,0.3466666666666667,41,466,41,238750,366860,14507,93449,3.3982363185001296,0.20301362780219373
9398,0.3466785714285714,0,1,0,238751,366859,14507,93449,3.398227055467042,0.20301406884086307
9399,0.3466904761904761,1,0,1,238751,366859,14508,93448,3.398227055467042,0.20301233741828822
9400,0.3467142857142857,0,1,0,238752,366858,14508,93448,3.3982177924339547,0.20301277845607052
9401,0.3467222222222222,0,1,0,238753,366857,14508,93448,3.398208529400867,0.20301321949576911
9402,0.3467402597402597,0,3,0,238756,366854,14508,93448,3.3981807403016044,0.2030145426263627
9403,0.3467499999999999,1,2,1,238758,366852,14509,93447,3.398162214235429,0.20301369327328542
9404,0.3467777777777777,1,1,1,238759,366851,14510,93446,3.398152951202342,0.20301240286163064
9405,0.3467857142857142,0,1,0,238760,366850,14510,93446,3.398143688169254,0.20301284390913674
9406,0.3467857142857143,0,5,0,238765,366845,14510,93446,3.398097373003816,0.20301504917541294
9407,0.346797619047619,0,1,0,238766,366844,14510,93446,3.398088109970729,0.20301549023441742
9408,0.3467976190476191,0,1,0,238767,366843,14510,93446,3.3980788469376413,0.20301593129533838
9409,0.3468333333333333,0,2,0,238769,366841,14510,93446,3.3980603208714664,0.2030168134229296
9410,0.3468333333333334,2,24,2,238793,366817,14512,93444,3.3978380080773647,0.2030239364186842
9411,0.3468571428571428,0,2,0,238795,366815,14512,93444,3.3978194820111898,0.20302481863472524
9412,0.3468571428571429,0,1,0,238796,366814,14512,93444,3.397810218978102,0.20302525974562094
9413,0.3468888888888889,0,2,0,238798,366812,14512,93444,3.397791692911927,0.20302614197316277
9414,0.3469285714285714,0,1,0,238799,366811,14512,93444,3.3977824298788395,0.20302658308980892
9415,0.347,4,65,4,238864,366746,14516,93440,3.3971803327281487,0.2030483326307189
9416,0.3470238095238095,0,1,0,238865,366745,14516,93440,3.397171069695061,0.20304877386268566
9417,0.3470357142857142,1,0,1,238865,366745,14517,93439,3.397171069695061,0.20304704205274413
9418,0.3470476190476191,0,1,0,238866,366744,14517,93439,3.3971618066619733,0.20304748328382405
9419,0.3470555555555555,1,0,1,238866,366744,14518,93438,3.3971618066619733,0.2030457514635514
9420,0.3470833333333333,1,4,1,238870,366740,14519,93437,3.397124754529623,0.20304578455681183
9421,0.347095238095238,1,0,1,238870,366740,14520,93436,3.397124754529623,0.20304405271026738
9422,0.3471410533910532,0,8,0,238878,366732,14520,93436,3.397050650264923,0.20304758262199893
9423,0.3471428571428571,2,16,2,238894,366716,14522,93434,3.396902441735522,0.2030511789633815
9424,0.3471666666666666,1,2,1,238896,366714,14523,93433,3.396883915669347,0.2030503295685944
9425,0.3471666666666667,1,12,1,238908,366702,14524,93432,3.396772759272296,0.203053892996388
9426,0.3472380952380952,0,1,0,238909,366701,14524,93432,3.3967634962392084,0.20305433429030303
9427,0.34725,0,1,0,238910,366700,14524,93432,3.396754233206121,0.20305477558613616
9428,0.3472619047619047,0,3,0,238913,366697,14524,93432,3.3967264441068585,0.2030560994851444
9429,0.3472619047619048,0,1,0,238914,366696,14524,93432,3.396717181073771,0.20305654078865013
9430,0.3472727272727273,0,2,0,238916,366694,14524,93432,3.3966986550075955,0.20305742340141614
9431,0.3472857142857142,0,4,0,238920,366690,14524,93432,3.3966616028752457,0.20305918864996675
9432,0.3473333333333332,0,3,0,238923,366687,14524,93432,3.3966338137759826,0.20306051260652136
9433,0.3473333333333333,4,57,4,238980,366630,14528,93428,3.3961058208899924,0.20307874224554295
9434,0.3473412698412699,1,2,1,238982,366628,14529,93427,3.396087294823817,0.20307789286063624
9435,0.3473809523809523,0,1,0,238983,366627,14529,93427,3.3960780317907298,0.20307833428249727
9436,0.3473809523809524,1,12,1,238995,366615,14530,93426,3.395966875393679,0.20308189922202585
9437,0.3474285714285715,0,2,0,238997,366613,14530,93426,3.395948349327504,0.20308278211195138
9438,0.3474444444444444,0,1,0,238998,366612,14530,93426,3.3959390862944163,0.20308322355979289
9439,0.3474523809523809,0,1,0,238999,366611,14530,93426,3.3959298232613286,0.20308366500955358
9440,0.3474999999999999,2,7,2,239006,366604,14532,93424,3.3958649820297158,0.2030832905823124
9441,0.3475,34,430,34,239436,366174,14566,93390,3.3918818778020676,0.2032143509935504
9442,0.3475000000000001,1,5,1,239441,366169,14567,93389,3.3918355626366297,0.20321482816097206
9443,0.3475714285714285,1,1,1,239442,366168,14568,93388,3.391826299603542,0.20321353654396854
9444,0.3476153846153846,1,1,1,239443,366167,14569,93387,3.3918170365704547,0.20321224491572262
9445,0.3476190476190476,1,7,1,239450,366160,14570,93386,3.391752195338842,0.203213606472475
9446,0.3476666666666667,4,43,4,239493,366117,14574,93382,3.391353884916077,0.20322568710704483
9447,0.3477103174603174,1,5,1,239498,366112,14575,93381,3.391307569750639,0.20322616448999223
9448,0.3477142857142857,1,2,1,239500,366110,14576,93380,3.391289043684464,0.20322531502317787
9449,0.3477222222222222,0,1,0,239501,366109,14576,93380,3.3912797806513764,0.20322575730866244
9450,0.3477272727272727,0,1,0,239502,366108,14576,93380,3.391270517618289,0.20322619959607216
9451,0.3477777777777777,0,1,0,239503,366107,14576,93380,3.3912612545852014,0.20322664188540698
9452,0.3477857142857143,0,1,0,239504,366106,14576,93380,3.3912519915521138,0.20322708417666696
9453,0.3478333333333333,2,15,2,239519,366091,14578,93378,3.3911130460558003,0.2032302505718558
9454,0.3478333333333334,0,1,0,239520,366090,14578,93378,3.391103783022713,0.2032306928882969
9455,0.3478571428571428,0,9,0,239529,366081,14578,93378,3.391020415724925,0.2032346738229091
9456,0.3478809523809524,0,1,0,239530,366080,14578,93378,3.3910111526918376,0.20323511615860426
9457,0.3478928571428571,0,1,0,239531,366079,14578,93378,3.39100188965875,0.2032355584962249
9458,0.3479047619047619,0,2,0,239533,366077,14578,93378,3.3909833635925746,0.2032364431772426
9459,0.3479166666666666,0,1,0,239534,366076,14578,93378,3.3909741005594873,0.2032368855206397
9460,0.3479166666666667,0,1,0,239535,366075,14578,93378,3.3909648375263997,0.20323732786596235
9461,0.3479285714285714,0,1,0,239536,366074,14578,93378,3.390955574493312,0.20323777021321052
9462,0.3479523809523809,0,2,0,239538,366072,14578,93378,3.390937048427137,0.2032386549134835
9463,0.3479761904761905,0,3,0,239541,366069,14578,93378,3.3909092593278745,0.20323998197833482
9464,0.348,8,104,8,239645,365965,14586,93370,3.3899459038867685,0.20327212165413042
9465,0.3480357142857144,0,2,0,239647,365963,14586,93370,3.3899273778205936,0.20327300672932275
9466,0.3480476190476191,0,2,0,239649,365961,14586,93370,3.3899088517544183,0.20327389181222255
9467,0.3480555555555555,0,1,0,239650,365960,14586,93370,3.389899588721331,0.2032743343565628
9468,0.3480952380952381,0,4,0,239654,365956,14586,93370,3.3898625365889807,0.20327610455319314
9469,0.3481111111111111,0,2,0,239656,365954,14586,93370,3.3898440105228054,0.2032769896630701
9470,0.3481309523809524,0,1,0,239657,365953,14586,93370,3.389834747489718,0.20327743222089903
9471,0.3481428571428571,0,2,0,239659,365951,14586,93370,3.3898162214235428,0.20327831734233792
9472,0.3481666666666666,2,16,2,239675,365935,14588,93368,3.389668012894142,0.20328192935817968
9473,0.3481666666666667,0,8,0,239683,365927,14588,93368,3.3895939086294415,0.20328547012268802
9474,0.3481904761904761,0,1,0,239684,365926,14588,93368,3.389584645596354,0.20328591272692437
9475,0.3482023809523809,0,1,0,239685,365925,14588,93368,3.3895753825632666,0.20328635533308803
9476,0.3482142857142857,0,3,0,239688,365922,14588,93368,3.389547593464004,0.2032876831631431
9477,0.3482499999999999,0,3,0,239691,365919,14588,93368,3.389519804364741,0.2032890110105446
9478,0.3482857142857142,0,1,0,239692,365918,14588,93368,3.3895105413316537,0.20328945363019993
9479,0.3483333333333333,35,287,35,239979,365631,14623,93333,3.3868520508355258,0.20335581875702669
9480,0.3483333333333334,8,178,8,240157,365453,14631,93325,3.3852032309459408,0.20342082663074515
9481,0.3483809523809523,0,3,0,240160,365450,14631,93325,3.385175441846678,0.20342215683069043
9482,0.3484444444444444,0,1,0,240161,365449,14631,93325,3.385166178813591,0.20342260023453815
9483,0.3484444444444445,0,1,0,240162,365448,14631,93325,3.3851569157805033,0.20342304364031885
9484,0.3484523809523809,0,2,0,240164,365446,14631,93325,3.385138389714328,0.20342393045767931
9485,0.348452380952381,1,0,1,240164,365446,14632,93324,3.385138389714328,0.20342219412777646
9486,0.3484761904761905,0,1,0,240165,365445,14632,93324,3.3851291266812407,0.203422637536538
9487,0.3484999999999999,0,4,0,240169,365441,14632,93324,3.3850920745488904,0.20342441119091473
9488,0.3485,5,22,5,240191,365419,14637,93319,3.384888287820964,0.20342548469932728
9489,0.3485000000000001,0,1,0,240192,365418,14637,93319,3.3848790247878764,0.2034259281461927
9490,0.3485238095238094,0,1,0,240193,365417,14637,93319,3.384869761754789,0.20342637159499147
9491,0.3485714285714285,0,2,0,240195,365415,14637,93319,3.384851235688614,0.20342725849838905
9492,0.3485714285714286,0,10,0,240205,365405,14637,93319,3.3847586053577383,0.20343169313138185
9493,0.3485833333333333,0,1,0,240206,365404,14637,93319,3.3847493423246506,0.2034321366053152
9494,0.348595238095238,0,1,0,240207,365403,14637,93319,3.3847400792915634,0.20343258008118206
9495,0.3486190476190476,0,1,0,240208,365402,14637,93319,3.3847308162584757,0.20343302355898246
9496,0.3486363636363636,0,1,0,240209,365401,14637,93319,3.384721553225388,0.20343346703871643
9497,0.3486666666666666,0,3,0,240212,365398,14637,93319,3.3846937641261254,0.20343479748951968
9498,0.3486666666666667,3,45,3,240257,365353,14640,93316,3.3842769276371856,0.20344954640492383
9499,0.3486904761904762,1,2,1,240259,365351,14641,93315,3.38425840157101,0.20344869687310593
9500,0.3487380952380953,0,3,0,240262,365348,14641,93315,3.3842306124717476,0.20345002758016234
9501,0.34875,0,9,0,240271,365339,14641,93315,3.38414724517396,0.2034540198057795
9502,0.3488095238095238,0,7,0,240278,365332,14641,93315,3.384082403942347,0.20345712497846927
9503,0.3488333333333333,2,10,2,240288,365322,14643,93313,3.3839897736114715,0.20345808758598885
9504,0.3488333333333334,0,3,0,240291,365319,14643,93313,3.383961984512209,0.2034594184444173
9505,0.3488571428571428,0,1,0,240292,365318,14643,93313,3.383952721479121,0.20345986206776254
9506,0.3488809523809523,0,1,0,240293,365317,14643,93313,3.3839434584460335,0.20346030569304233
9507,0.3488888888888888,1,2,1,240295,365315,14644,93312,3.3839249323798586,0.20345945615936262
9508,0.3489047619047618,0,1,0,240296,365314,14644,93312,3.383915669346771,0.20345989978762652
9509,0.3489166666666666,0,1,0,240297,365313,14644,93312,3.3839064063136832,0.203460343417825
9510,0.3489285714285713,0,3,0,240300,365310,14644,93312,3.3838786172144206,0.20346167432002826
9511,0.3489444444444444,0,1,0,240301,365309,14644,93312,3.383869354181333,0.2034621179579653
9512,0.3489999999999999,1,1,1,240302,365308,14645,93311,3.3838600911482457,0.20346082478048227
9513,0.349,8,94,8,240396,365214,14653,93303,3.3829893660380157,0.20348863837109638
9514,0.3490238095238094,0,2,0,240398,365212,14653,93303,3.3829708399718403,0.20348952596970654
9515,0.349047619047619,0,8,0,240406,365204,14653,93303,3.38289673570714,0.20349307644158104
9516,0.3490476190476191,0,1,0,240407,365203,14653,93303,3.3828874726740525,0.20349352025927686
9517,0.3490833333333333,0,2,0,240409,365201,14653,93303,3.382868946607877,0.20349440790047632
9518,0.349111111111111,0,1,0,240410,365200,14653,93303,3.38285968357479,0.20349485172398
9519,0.3491428571428571,0,1,0,240411,365199,14653,93303,3.3828504205417023,0.20349529554941964
9520,0.3491666666666665,0,1,0,240412,365198,14653,93303,3.3828411575086146,0.20349573937679524
9521,0.3491666666666666,10,52,10,240464,365146,14663,93293,3.382359479788062,0.20350144730269457
9522,0.3491666666666667,4,78,4,240542,365068,14667,93289,3.3816369632072325,0.20352912685963126
9523,0.3492142857142857,0,1,0,240543,365067,14667,93289,3.381627700174145,0.2035295709012209
9524,0.3492222222222222,0,2,0,240545,365065,14667,93289,3.38160917410797,0.2035304589902128
9525,0.3492619047619048,0,1,0,240546,365064,14667,93289,3.3815999110748822,0.20353090303761512
9526,0.3492857142857143,0,3,0,240549,365061,14667,93289,3.3815721219756196,0.20353223519144759
9527,0.3493333333333333,2,12,2,240561,365049,14669,93287,3.3814609655785692,0.20353408852893948
9528,0.3493333333333334,0,39,0,240600,365010,14669,93287,3.3810997072881546,0.2035514088025887
9529,0.3493571428571428,0,1,0,240601,365009,14669,93287,3.381090444255067,0.20355185295093128
9530,0.3493690476190476,1,0,1,240601,365009,14670,93286,3.381090444255067,0.2035501151005357
9531,0.3493809523809523,0,1,0,240602,365008,14670,93286,3.381081181221979,0.20355055924799365
9532,0.3493939393939393,1,0,1,240602,365008,14671,93285,3.381081181221979,0.20354882138719116
9533,0.3494444444444444,0,3,0,240605,365005,14671,93285,3.3810533921227166,0.203550153832726
9534,0.3494696969696969,0,1,0,240606,365004,14671,93285,3.381044129089629,0.20355059798511418
9535,0.3495,2,26,2,240632,364978,14673,93283,3.3808032902293528,0.20355867071385084
9536,0.3495238095238095,1,5,1,240637,364973,14674,93282,3.380756975063915,0.20355915374627664
9537,0.3495476190476191,0,1,0,240638,364972,14674,93282,3.3807477120308276,0.20355959795222736
9538,0.3495833333333333,0,8,0,240646,364964,14674,93282,3.380673607766127,0.20356315166962724
9539,0.3496190476190476,0,1,0,240647,364963,14674,93282,3.3806643447330393,0.20356359589302667
9540,0.3496269841269842,0,1,0,240648,364962,14674,93282,3.3806550816999517,0.20356404011836488
9541,0.3496428571428571,0,4,0,240652,364958,14674,93282,3.380618029567602,0.20356581703910615
9542,0.3496666666666666,0,3,0,240655,364955,14674,93282,3.380590240468339,0.2035671497500202
9543,0.3496666666666667,2,20,2,240675,364935,14676,93280,3.380404979806588,0.2035725587333457
9544,0.3497142857142857,0,2,0,240677,364933,14676,93280,3.380386453740413,0.20357344728325036
9545,0.3497409812409811,0,1,0,240678,364932,14676,93280,3.3803771907073252,0.20357389156111144
9546,0.34975,0,3,0,240681,364929,14676,93280,3.3803494016080626,0.20357522440632986
9547,0.3497564102564102,0,1,0,240682,364928,14676,93280,3.380340138574975,0.20357566869194776
9548,0.3497619047619047,0,2,0,240684,364926,14676,93280,3.3803216125088,0.20357655726900128
9549,0.3497619047619048,0,1,0,240685,364925,14676,93280,3.3803123494757124,0.20357700156043693
9550,0.3497777777777777,0,1,0,240686,364924,14676,93280,3.3803030864426247,0.20357744585381185
9551,0.3497857142857142,0,1,0,240687,364923,14676,93280,3.3802938234095374,0.20357789014912606
9552,0.3497896825396826,1,0,1,240687,364923,14677,93279,3.3802938234095374,0.20357615200282844
9553,0.3498095238095238,1,1,1,240688,364922,14678,93278,3.3802845603764498,0.20357485814054999
9554,0.3498333333333333,1,16,1,240704,364906,14679,93277,3.3801363518470486,0.2035802288605208
9555,0.3498809523809524,0,4,0,240708,364902,14679,93277,3.380099299714699,0.20358200615916486
9556,0.3499166666666666,0,1,0,240709,364901,14679,93277,3.380090036681611,0.2035824504886747
9557,0.3499523809523809,0,1,0,240710,364900,14679,93277,3.3800807736485234,0.2035828948201241
9558,0.3499999999999999,0,10,0,240720,364890,14679,93277,3.379988143317648,0.2035873382412963
9559,0.35,329,3784,329,244504,361106,15008,92948,3.344936826114343,0.20470692913177727
9560,0.3500000000000001,0,7,0,244511,361099,15008,92948,3.34487198488273,0.20471008507929797
9561,0.350047619047619,0,2,0,244513,361097,15008,92948,3.344853458816555,0.2047109867964629
9562,0.3500714285714285,1,0,1,244513,361097,15009,92947,3.344853458816555,0.20470923522830387
9563,0.3500833333333333,0,1,0,244514,361096,15009,92947,3.3448441957834674,0.20470968608700058
9564,0.3501190476190476,2,3,2,244517,361093,15011,92945,3.3448164066842048,0.20470753549262397
9565,0.3501666666666667,2,21,2,244538,361072,15013,92943,3.344621882989366,0.2047135006552647
9566,0.3501785714285714,0,1,0,244539,361071,15013,92943,3.3446126199562785,0.20471395155215477
9567,0.3502380952380952,0,4,0,244543,361067,15013,92943,3.344575567823928,0.204715755159578
9568,0.3502619047619048,0,1,0,244544,361066,15013,92943,3.3445663047908405,0.20471620606639956
9569,0.3502777777777778,0,1,0,244545,361065,15013,92943,3.3445570417577533,0.2047166569752075
9570,0.3502857142857143,1,0,1,244545,361065,15014,92942,3.3445570417577533,0.2047149052767909
9571,0.3503311688311688,0,1,0,244546,361064,15014,92942,3.3445477787246656,0.20471535618472003
9572,0.3503333333333333,3,28,3,244574,361036,15017,92939,3.344288413798214,0.20472272702241312
9573,0.3503333333333334,0,6,0,244580,361030,15017,92939,3.344232835599689,0.20472543279386918
9574,0.3503452380952381,0,1,0,244581,361029,15017,92939,3.344223572566601,0.20472588376273218
9575,0.3503571428571428,2,5,2,244586,361024,15019,92937,3.3441772574011632,0.2047246349356002
9576,0.3504090909090909,0,1,0,244587,361023,15019,92937,3.344167994368076,0.20472508591065292
9577,0.3504166666666666,0,3,0,244590,361020,15019,92937,3.3441402052688134,0.20472643884773228
9578,0.3504444444444444,0,2,0,244592,361018,15019,92937,3.344121679202638,0.2047273408157196
9579,0.3504761904761905,0,4,0,244596,361014,15019,92937,3.3440846270702878,0.20472914477553744
9580,0.3505,2,22,2,244618,360992,15021,92935,3.343880840342362,0.20473556320729985
9581,0.3505079365079364,0,1,0,244619,360991,15021,92935,3.343871577309274,0.20473601424020654
9582,0.350547619047619,0,1,0,244620,360990,15021,92935,3.3438623142761865,0.2047364652751005
9583,0.3505555555555555,1,1,1,244621,360989,15022,92934,3.343853051243099,0.20473516433403904
9584,0.3505714285714286,0,1,0,244622,360988,15022,92934,3.3438437882100116,0.20473561537004156
9585,0.3506190476190475,0,1,0,244623,360987,15022,92934,3.343834525176924,0.20473606640803135
9586,0.3506666666666666,7,37,7,244660,360950,15029,92927,3.3434917929526846,0.20474049136660372
9587,0.3506666666666667,1,4,1,244664,360946,15030,92926,3.3434547408203343,0.20474054358938204
9588,0.3506904761904761,0,2,0,244666,360944,15030,92926,3.343436214754159,0.2047414457884416
9589,0.3507142857142857,0,7,0,244673,360937,15030,92926,3.343371373522546,0.2047446035477666
9590,0.3507460317460317,1,1,1,244674,360936,15031,92925,3.343362110489459,0.20474330246485156
9591,0.3507499999999999,0,1,0,244675,360935,15031,92925,3.343352847456371,0.20474375358039923
9592,0.35075,0,1,0,244676,360934,15031,92925,3.3433435844232835,0.20474420469793483
9593,0.3507619047619048,0,1,0,244677,360933,15031,92925,3.343334321390196,0.20474465581745832
9594,0.3508095238095237,0,1,0,244678,360932,15031,92925,3.3433250583571086,0.20474510693896977
9595,0.3508246753246752,0,1,0,244679,360931,15031,92925,3.343315795324021,0.20474555806246916
9596,0.3508333333333333,24,168,24,244847,360763,15055,92901,3.341759605765312,0.2047793080341398
9597,0.3508571428571428,0,1,0,244848,360762,15055,92901,3.341750342732224,0.20477975942494758
9598,0.3508809523809523,0,1,0,244849,360761,15055,92901,3.3417410796991365,0.20478021081774536
9599,0.3509126984126983,0,4,0,244853,360757,15055,92901,3.3417040275667866,0.20478201640883661
9600,0.3509166666666667,1,1,1,244854,360756,15056,92900,3.341694764533699,0.20478071490292205
9601,0.3509523809523809,0,3,0,244857,360753,15056,92900,3.3416669754344364,0.20478206911449942
9602,0.3509583333333333,0,3,0,244860,360750,15056,92900,3.3416391863351738,0.20478342334398766
9603,0.3509642857142857,0,3,0,244863,360747,15056,92900,3.3416113972359107,0.20478477759138713
9604,0.3509999999999999,2,5,2,244868,360742,15058,92898,3.341565082070473,0.20478352878934838
9605,0.351,5,71,5,244939,360671,15063,92893,3.3409074067212567,0.20480681888333288
9606,0.3510119047619047,0,1,0,244940,360670,15063,92893,3.340898143688169,0.20480727043431673
9607,0.3510238095238094,1,2,1,244942,360668,15064,92892,3.340879617621994,0.20480642031925214
9608,0.3510357142857143,0,4,0,244946,360664,15064,92892,3.340842565489644,0.2048082265475487
9609,0.351047619047619,0,1,0,244947,360663,15064,92892,3.340833302456556,0.20480867810960082
9610,0.3510714285714286,0,4,0,244951,360659,15064,92892,3.3407962503242064,0.2048104843777216
9611,0.3510833333333333,0,2,0,244953,360657,15064,92892,3.340777724258031,0.20481138752372952
9612,0.3511111111111111,0,1,0,244954,360656,15064,92892,3.3407684612249433,0.20481183909972042
9613,0.3511190476190476,0,1,0,244955,360655,15064,92892,3.340759198191856,0.20481229067770265
9614,0.3511309523809524,0,1,0,244956,360654,15064,92892,3.3407499351587684,0.20481274225767618
9615,0.3511428571428571,0,3,0,244959,360651,15064,92892,3.340722146059506,0.20481409700954484
9616,0.3511666666666667,2,10,2,244969,360641,15066,92890,3.3406295157286303,0.20481510635436168
9617,0.3511904761904762,0,6,0,244975,360635,15066,92890,3.3405739375301047,0.20481781599691307
9618,0.3511904761904763,0,1,0,244976,360634,15066,92890,3.3405646744970174,0.20481826761097538
9619,0.3512121212121212,1,0,1,244976,360634,15067,92889,3.3405646744970174,0.20481651426719263
9620,0.3512142857142857,0,1,0,244977,360633,15067,92889,3.3405554114639298,0.20481696588037626
9621,0.35125,2,6,2,244983,360627,15069,92887,3.3404998332654046,0.20481616885035522
9622,0.3512619047619047,0,1,0,244984,360626,15069,92887,3.340490570232317,0.2048166204717395
9623,0.3512738095238095,1,0,1,244984,360626,15070,92886,3.340490570232317,0.20481486708179716
9624,0.3512857142857142,0,4,0,244988,360622,15070,92886,3.3404535180999666,0.20481667357576933
9625,0.3513095238095238,0,1,0,244989,360621,15070,92886,3.340444255066879,0.2048171252042416
9626,0.3513333333333333,4,29,4,245018,360592,15074,92882,3.34017562710734,0.2048232092688886
9627,0.3513333333333334,1,5,1,245023,360587,15075,92881,3.340129311941902,0.20482371413197845
9628,0.3513809523809524,0,1,0,245024,360586,15075,92881,3.3401200489088145,0.2048241658158146
9629,0.3514166666666666,0,1,0,245025,360585,15075,92881,3.3401107858757273,0.2048246175016429
9630,0.3514285714285713,2,4,2,245029,360581,15077,92879,3.340073733743377,0.20482291712609713
9631,0.3514761904761904,1,2,1,245031,360579,15078,92878,3.3400552076772017,0.2048220669214501
9632,0.3514999999999999,0,1,0,245032,360578,15078,92878,3.3400459446441144,0.2048225186126107
9633,0.3515,7,25,7,245057,360553,15085,92871,3.3398143688169255,0.20482153569286143
9634,0.3515238095238095,0,1,0,245058,360552,15085,92871,3.339805105783838,0.20482198741572438
9635,0.351547619047619,0,2,0,245060,360550,15085,92871,3.339786579717663,0.20482289086742783
9636,0.3515476190476191,0,1,0,245061,360549,15085,92871,3.3397773166845752,0.20482334259626836
9637,0.351560606060606,0,2,0,245063,360547,15085,92871,3.3397587906184003,0.20482424605992705
9638,0.3515833333333333,0,1,0,245064,360546,15085,92871,3.3397495275853126,0.20482469779474524
9639,0.3515999278499279,0,2,0,245066,360544,15085,92871,3.3397310015191373,0.2048256012703594
9640,0.351623876123876,0,2,0,245068,360542,15085,92871,3.3397124754529623,0.20482650475394398
9641,0.3516410256410256,0,1,0,245069,360541,15085,92871,3.3397032124198747,0.20482695649872523
9642,0.3516428571428571,0,1,0,245070,360540,15085,92871,3.3396939493867874,0.2048274082454991
9643,0.3516666666666665,0,1,0,245071,360539,15085,92871,3.3396846863536997,0.20482785999426567
9644,0.3516666666666666,20,202,20,245273,360337,15105,92851,3.3378135536700135,0.20488406577402757
9645,0.3516666666666667,31,264,31,245537,360073,15136,92820,3.3353681129348995,0.20494907185582467
9646,0.3516944444444445,1,0,1,245537,360073,15137,92819,3.3353681129348995,0.2049473163579838
9647,0.3517142857142857,0,1,0,245538,360072,15137,92819,3.335358849901812,0.2049477688892029
9648,0.3517499999999999,0,1,0,245539,360071,15137,92819,3.335349586868724,0.20494822142242045
9649,0.3517619047619048,0,1,0,245540,360070,15137,92819,3.335340323835637,0.2049486739576364
9650,0.3517857142857143,0,6,0,245546,360064,15137,92819,3.3352847456371113,0.20495138921089995
9651,0.3518073593073593,0,3,0,245549,360061,15137,92819,3.3352569565378487,0.20495274686451156
9652,0.3518095238095238,0,2,0,245551,360059,15137,92819,3.335238430471674,0.2049536519769121
9653,0.3518333333333333,0,3,0,245554,360056,15137,92819,3.335210641372411,0.20495500966050234
9654,0.3518333333333334,0,11,0,245565,360045,15137,92819,3.335108748008448,0.2049599879875636
9655,0.3518571428571428,0,1,0,245566,360044,15137,92819,3.3350994849753604,0.20496044057474336
9656,0.3518828393828393,0,6,0,245572,360038,15137,92819,3.335043906776835,0.20496315613979688
9657,0.3519047619047619,0,3,0,245575,360035,15137,92819,3.3350161176775726,0.20496451394930817
9658,0.3519166666666666,0,1,0,245576,360034,15137,92819,3.335006854644485,0.2049649665564764
9659,0.3519523809523809,0,1,0,245577,360033,15137,92819,3.334997591611397,0.2049654191656435
9660,0.3519920634920634,0,2,0,245579,360031,15137,92819,3.3349790655452223,0.2049663243899746
9661,0.352,11,96,11,245675,359935,15148,92808,3.334089814368817,0.2049904692065918
9662,0.3520238095238095,0,1,0,245676,359934,15148,92808,3.3340805513357292,0.204990921982056
9663,0.352047619047619,0,1,0,245677,359933,15148,92808,3.334071288302642,0.20499137475952034
9664,0.3520714285714285,0,1,0,245678,359932,15148,92808,3.3340620252695543,0.20499182753898484
9665,0.3520833333333333,0,5,0,245683,359927,15148,92808,3.3340157101041163,0.2049940914663103
9666,0.3520952380952381,0,1,0,245684,359926,15148,92808,3.334006447071029,0.20499454425777608
9667,0.3521031746031746,0,1,0,245685,359925,15148,92808,3.3339971840379414,0.20499499705124213
9668,0.3521111111111111,0,2,0,245687,359923,15148,92808,3.333978657971766,0.20499590264417503
9669,0.3521190476190476,0,3,0,245690,359920,15148,92808,3.3339508688725035,0.20499726104857663
9670,0.3521428571428571,0,9,0,245699,359911,15148,92808,3.3338675015747157,0.20500133636980114
9671,0.3521666666666666,0,7,0,245706,359904,15148,92808,3.333802660343103,0.20500450617611196
9672,0.3521666666666667,2,14,2,245720,359890,15150,92806,3.333672977879877,0.2050073338399279
9673,0.3521904761904761,0,1,0,245721,359889,15150,92806,3.3336637148467894,0.2050077866996543
9674,0.3522222222222222,0,1,0,245722,359888,15150,92806,3.3336544518137017,0.20500823956138142
9675,0.3522301587301586,0,1,0,245723,359887,15150,92806,3.3336451887806144,0.2050086924251093
9676,0.3522499999999999,0,1,0,245724,359886,15150,92806,3.3336359257475268,0.2050091452908379
9677,0.3522619047619047,0,1,0,245725,359885,15150,92806,3.333626662714439,0.2050095981585673
9678,0.3522857142857142,0,4,0,245729,359881,15150,92806,3.333589610582089,0.2050114096494929
9679,0.3522943722943723,0,1,0,245730,359880,15150,92806,3.3335803475490016,0.2050118625272264
9680,0.3523095238095238,0,1,0,245731,359879,15150,92806,3.333571084515914,0.2050123154069607
9681,0.3523333333333333,6,37,6,245768,359842,15156,92800,3.3332283522916746,0.2050185356197613
9682,0.3523479853479854,0,1,0,245769,359841,15156,92800,3.333219089258587,0.2050189885582614
9683,0.3523571428571428,0,2,0,245771,359839,15156,92800,3.3332005631924115,0.20501989444126556
9684,0.3523809523809524,0,9,0,245780,359830,15156,92800,3.3331171958946237,0.20502397101385236
9685,0.3523888888888888,0,1,0,245781,359829,15156,92800,3.333107932861536,0.20502442397636916
9686,0.3523888888888889,0,1,0,245782,359828,15156,92800,3.333098669828449,0.20502487694088745
9687,0.3524166666666666,0,1,0,245783,359827,15156,92800,3.333089406795361,0.2050253299074072
9688,0.3524242424242424,0,1,0,245784,359826,15156,92800,3.3330801437622735,0.20502578287592846
9689,0.3524285714285714,1,0,1,245784,359826,15157,92799,3.3330801437622735,0.20502402651201326
9690,0.3524884559884559,0,3,0,245787,359823,15157,92799,3.333052354663011,0.20502538542094728
9691,0.3524999999999999,0,3,0,245790,359820,15157,92799,3.3330245655637483,0.20502674434789525
9692,0.3525,39,376,39,246166,359444,15196,92760,3.329541665122828,0.20512865874693723
9693,0.3525000000000001,0,2,0,246168,359442,15196,92760,3.329523139056653,0.2051295659904202
9694,0.352547619047619,0,2,0,246170,359440,15196,92760,3.3295046129904775,0.20513047324192835
9695,0.3525555555555556,0,1,0,246171,359439,15196,92760,3.32949534995739,0.2051309268706919
9696,0.3525595238095238,2,2,2,246173,359437,15198,92758,3.329476823891215,0.20512831853514524
9697,0.3525833333333333,1,4,1,246177,359433,15199,92757,3.3294397717588646,0.20512837524049626
9698,0.3526190476190476,0,8,0,246185,359425,15199,92757,3.329365667494164,0.20513200436992185
9699,0.3526363636363636,1,0,1,246185,359425,15200,92756,3.329365667494164,0.20513024651632863
9700,0.3526666666666667,8,38,8,246223,359387,15208,92748,3.329013672236837,0.2051334225397282
9701,0.3526785714285714,0,2,0,246225,359385,15208,92748,3.328995146170662,0.2051343299427381
9702,0.3526825396825397,0,2,0,246227,359383,15208,92748,3.328976620104487,0.20513523735377578
9703,0.3526904761904761,1,1,1,246228,359382,15209,92747,3.3289673570713996,0.2051339330146927
9704,0.3526917388167389,1,1,1,246229,359381,15210,92746,3.328958094038312,0.20513262866407006
9705,0.3526984126984128,0,1,0,246230,359380,15210,92746,3.328948831005224,0.20513308237084352
9706,0.3527142857142857,0,1,0,246231,359379,15210,92746,3.328939567972137,0.205133536079624
9707,0.3527380952380952,0,3,0,246234,359376,15210,92746,3.328911778872874,0.20513489721800754
9708,0.3527698412698412,0,3,0,246237,359373,15210,92746,3.3288839897736113,0.2051362583744545
9709,0.3527777777777777,0,1,0,246238,359372,15210,92746,3.328874726740524,0.20513671209728435
9710,0.3527777777777778,0,3,0,246241,359369,15210,92746,3.328846937641261,0.2051380732778165
9711,0.3528333333333333,0,9,0,246250,359360,15210,92746,3.3287635703434733,0.2051421569278001
9712,0.3528333333333334,1,1,1,246251,359359,15211,92745,3.3287543073103856,0.20514085254720152
9713,0.3528571428571428,2,12,2,246263,359347,15213,92743,3.328643150913335,0.2051427813046075
9714,0.3528809523809524,0,1,0,246264,359346,15213,92743,3.3286338878802475,0.20514323507097054
9715,0.3529047619047618,0,1,0,246265,359345,15213,92743,3.32862462484716,0.205143688839341
9716,0.3529166666666666,0,3,0,246268,359342,15213,92743,3.328596835747897,0.20514505015649712
9717,0.3529166666666667,0,3,0,246271,359339,15213,92743,3.3285690466486346,0.20514641149172053
9718,0.3529206349206348,0,2,0,246273,359337,15213,92743,3.3285505205824597,0.2051473190585737
9719,0.3529393939393939,0,1,0,246274,359336,15213,92743,3.328541257549372,0.2051477728450116
9720,0.3529523809523809,0,1,0,246275,359335,15213,92743,3.3285319945162843,0.20514822663345705
9721,0.3529761904761905,0,1,0,246276,359334,15213,92743,3.3285227314831967,0.20514868042391007
9722,0.3529920634920636,0,1,0,246277,359333,15213,92743,3.3285134684501094,0.2051491342163707
9723,0.353,5,41,5,246318,359292,15218,92738,3.3281336840935194,0.20515894962723713
9724,0.3530238095238096,0,1,0,246319,359291,15218,92738,3.328124421060432,0.20515940348959913
9725,0.3530277777777778,2,1,2,246320,359290,15220,92736,3.3281151580273445,0.20515634056448082
9726,0.353047619047619,0,2,0,246322,359288,15220,92736,3.3280966319611696,0.20515724828770154
9727,0.3530476190476191,0,1,0,246323,359287,15220,92736,3.328087368928082,0.2051577021523241
9728,0.3530833333333333,0,3,0,246326,359284,15220,92736,3.3280595798288193,0.20515906375824078
9729,0.353095238095238,0,1,0,246327,359283,15220,92736,3.3280503167957316,0.20515951763089604
9730,0.3530952380952382,0,1,0,246328,359282,15220,92736,3.328041053762644,0.2051599715055595
9731,0.3531212121212121,0,1,0,246329,359281,15220,92736,3.3280317907295567,0.2051604253822312
9732,0.3531587301587301,0,1,0,246330,359280,15220,92736,3.328022527696469,0.20516087926091112
9733,0.3531666666666666,0,6,0,246336,359274,15220,92736,3.327966949497944,0.20516360257516428
9734,0.3531666666666667,1,3,1,246339,359271,15221,92735,3.3279391603986808,0.20516320579815311
9735,0.3532142857142857,0,4,0,246343,359267,15221,92735,3.327902108266331,0.20516502139371065
9736,0.3532222222222222,0,2,0,246345,359265,15221,92735,3.3278835822001556,0.20516592920353982
9737,0.3532499999999999,0,1,0,246346,359264,15221,92735,3.327874319167068,0.20516638311146707
9738,0.3532525252525252,1,0,1,246346,359264,15222,92734,3.327874319167068,0.20516462462223284
9739,0.3532857142857143,0,3,0,246349,359261,15222,92734,3.3278465300678053,0.20516598634940653
9740,0.3533333333333333,75,794,75,247143,358467,15297,92659,3.3204916817962875,0.2053949450929452
9741,0.3533571428571428,0,1,0,247144,358466,15297,92659,3.3204824187632,0.2053954003879191
9742,0.3534166666666667,0,2,0,247146,358464,15297,92659,3.320463892697025,0.20539631098392233
9743,0.3534523809523808,0,2,0,247148,358462,15297,92659,3.3204453666308495,0.20539722158799967
9744,0.3534523809523809,0,1,0,247149,358461,15297,92659,3.320436103597762,0.20539767689306615
9745,0.3534848484848484,0,1,0,247150,358460,15297,92659,3.3204268405646746,0.20539813220015118
9746,0.3534999999999999,0,5,0,247155,358455,15297,92659,3.3203805253992367,0.2054004087658552
9747,0.3535,4,28,4,247183,358427,15301,92655,3.320121160472785,0.20540611241415085
9748,0.3535000000000001,0,1,0,247184,358426,15301,92655,3.3201118974396975,0.20540656777829258
9749,0.3535238095238094,0,1,0,247185,358425,15301,92655,3.3201026344066102,0.2054070231444533
9750,0.3535714285714285,0,1,0,247186,358424,15301,92655,3.3200933713735226,0.20540747851263305
9751,0.3535714285714286,1,4,1,247190,358420,15302,92654,3.3200563192411723,0.20540753845267073
9752,0.3536666666666666,0,7,0,247197,358413,15302,92654,3.3199914780095594,0.2054107261227268
9753,0.3536666666666667,3,29,3,247226,358384,15305,92651,3.31972285005002,0.20541864822020464
9754,0.3536904761904762,0,2,0,247228,358382,15305,92651,3.3197043239838453,0.20541955910099705
9755,0.3537142857142856,0,1,0,247229,358381,15305,92651,3.3196950609507576,0.20542001454442257
9756,0.3537142857142857,0,2,0,247231,358379,15305,92651,3.3196765348845827,0.20542092543733234
9757,0.35375,1,6,1,247237,358373,15306,92650,3.3196209566860575,0.2054218964443055
9758,0.3537619047619047,0,1,0,247238,358372,15306,92650,3.31961169365297,0.2054223519030114
9759,0.3537857142857142,0,1,0,247239,358371,15306,92650,3.319602430619882,0.20542280736373694
9760,0.3538095238095238,1,3,1,247242,358368,15307,92649,3.3195746415206195,0.20542241201551162
9761,0.3538333333333333,1,3,1,247245,358365,15308,92648,3.319546852421357,0.20542201666027365
9762,0.3538333333333334,0,2,0,247247,358363,15308,92648,3.3195283263551816,0.20542292760043546
9763,0.3538888888888888,0,2,0,247249,358361,15308,92648,3.3195098002890067,0.2054238385486764
9764,0.3538968253968254,0,1,0,247250,358360,15308,92648,3.319500537255919,0.2054242940258266
9765,0.3539047619047619,0,1,0,247251,358359,15308,92648,3.3194912742228317,0.2054247495049966
9766,0.353952380952381,0,1,0,247252,358358,15308,92648,3.319482011189744,0.20542520498618644
9767,0.3539880952380952,0,2,0,247254,358356,15308,92648,3.3194634851235687,0.20542611595462568
9768,0.3539999999999999,1,3,1,247257,358353,15309,92647,3.319435696024306,0.20542572062084258
9769,0.354,18,152,18,247409,358201,15327,92629,3.318027714994998,0.20546325665993834
9770,0.3540079365079366,0,1,0,247410,358200,15327,92629,3.3180184519619105,0.2054637124053688
9771,0.3540476190476189,0,2,0,247412,358198,15327,92629,3.317999925895735,0.2054646239022951
9772,0.354047619047619,0,2,0,247414,358196,15327,92629,3.31798139982956,0.20546553540730883
9773,0.3540476190476191,0,1,0,247415,358195,15327,92629,3.3179721367964725,0.20546599116284847
9774,0.3540714285714286,1,2,1,247417,358193,15328,92628,3.3179536107302976,0.20546514026631413
9775,0.3540833333333333,1,0,1,247417,358193,15329,92627,3.3179536107302976,0.2054633778448161
9776,0.3540952380952381,0,1,0,247418,358192,15329,92627,3.31794434769721,0.20546383360062465
9777,0.3541031746031746,0,1,0,247419,358191,15329,92627,3.3179350846641222,0.20546428935845507
9778,0.3541111111111111,0,1,0,247420,358190,15329,92627,3.317925821631035,0.20546474511830742
9779,0.3541190476190476,0,1,0,247421,358189,15329,92627,3.3179165585979473,0.20546520088018172
9780,0.3541269841269842,0,1,0,247422,358188,15329,92627,3.3179072955648596,0.20546565664407795
9781,0.3541428571428571,0,1,0,247423,358187,15329,92627,3.3178980325317724,0.20546611240999613
9782,0.3541666666666666,6,73,6,247496,358114,15335,92621,3.3172218311163806,0.20548881271700667
9783,0.3541666666666667,16,43,16,247539,358071,15351,92605,3.316823520693616,0.20548021194827326
9784,0.3542619047619047,0,1,0,247540,358070,15351,92605,3.3168142576605284,0.2054806678870583
9785,0.3542857142857143,0,22,0,247562,358048,15351,92605,3.316610470932602,0.20549069905226416
9786,0.3542889332889332,1,2,1,247564,358046,15352,92604,3.316591944866427,0.2054898479973372
9787,0.3543333333333333,1,5,1,247569,358041,15353,92603,3.316545629700989,0.20549036490000977
9788,0.3543333333333334,4,23,4,247592,358018,15357,92599,3.3163325799399757,0.205493800722121
9789,0.3543571428571428,0,2,0,247594,358016,15357,92599,3.3163140538738003,0.20549471278142095
9790,0.3544444444444444,1,5,1,247599,358011,15358,92598,3.3162677387083628,0.20549522978901885
9791,0.3544761904761904,0,2,0,247601,358009,15358,92598,3.3162492126421874,0.20549614187085422
9792,0.3545,2,31,2,247632,357978,15360,92596,3.3159620586164733,0.2055067536076205
9793,0.3545000000000001,0,2,0,247634,357976,15360,92596,3.3159435325502984,0.20550766581145744
9794,0.3545238095238094,0,3,0,247637,357973,15360,92596,3.315915743451036,0.20550903413239704
9795,0.3545714285714285,0,1,0,247638,357972,15360,92596,3.315906480417948,0.20550949024342607
9796,0.3545833333333333,1,3,1,247641,357969,15361,92595,3.3158786913186855,0.20550909526726502
9797,0.3546190476190476,0,1,0,247642,357968,15361,92595,3.315869428285598,0.20550955138349133
9798,0.3546428571428571,0,5,0,247647,357963,15361,92595,3.31582311312016,0.20551183199499287
9799,0.3546666666666666,1,6,1,247653,357957,15362,92594,3.3157675349216347,0.20551280543157158
9800,0.3546666666666667,1,43,1,247696,357914,15363,92593,3.3153692244988697,0.20553065768123469
9801,0.3547023809523809,0,1,0,247697,357913,15363,92593,3.3153599614657825,0.20553111390303347
9802,0.3547142857142857,0,2,0,247699,357911,15363,92593,3.315341435399607,0.2055320263527072
9803,0.3547445887445887,0,1,0,247700,357910,15363,92593,3.31533217236652,0.20553248258058215
9804,0.35475,0,1,0,247701,357909,15363,92593,3.315322909333432,0.20553293881048254
9805,0.3547619047619047,1,2,1,247703,357907,15364,92592,3.315304383267257,0.20553208775158213
9806,0.3547619047619048,0,1,0,247704,357906,15364,92592,3.3152951202341696,0.20553254398465698
9807,0.3548095238095238,0,1,0,247705,357905,15364,92592,3.315285857201082,0.2055330002197573
9808,0.3548095238095239,0,1,0,247706,357904,15364,92592,3.3152765941679943,0.2055334564568831
9809,0.3548333333333333,2,18,2,247724,357886,15366,92590,3.315109859572418,0.20553814187659275
9810,0.3548571428571428,0,1,0,247725,357885,15366,92590,3.315100596539331,0.20553859814640102
9811,0.3548809523809524,0,2,0,247727,357883,15366,92590,3.3150820704731556,0.20553951069209475
9812,0.3549523809523809,0,3,0,247730,357880,15366,92590,3.315054281373893,0.20554087952582858
9813,0.3549999999999999,0,8,0,247738,357872,15366,92590,3.3149801771091925,0.20554452983825494
9814,0.355,126,1439,126,249177,356433,15492,92464,3.3016506724962023,0.2059804364921129
9815,0.3550000000000001,1,11,1,249188,356422,15493,92463,3.301548779132239,0.2059837152054535
9816,0.3550317460317459,0,1,0,249189,356421,15493,92463,3.3015395160991514,0.20598417408506428
9817,0.3551190476190476,0,1,0,249190,356420,15493,92463,3.3015302530660637,0.20598463296671962
9818,0.3551428571428572,1,2,1,249192,356418,15494,92462,3.301511726999889,0.20598378185706648
9819,0.3551666666666666,2,16,2,249208,356402,15496,92460,3.301363518470488,0.20598758638512504
9820,0.3551904761904761,0,1,0,249209,356401,15496,92460,3.3013542554374005,0.20598804529687365
9821,0.3552380952380952,0,3,0,249212,356398,15496,92460,3.301326466338138,0.2059894220443882
9822,0.3552380952380953,0,1,0,249213,356397,15496,92460,3.30131720330505,0.20598988096431603
9823,0.35525,0,1,0,249214,356396,15496,92460,3.3013079402719625,0.2059903398862887
9824,0.3552857142857142,0,2,0,249216,356394,15496,92460,3.3012894142057876,0.20599125773636862
9825,0.3552857142857143,0,1,0,249217,356393,15496,92460,3.3012801511727,0.2059917166644759
9826,0.3553333333333333,4,35,4,249252,356358,15500,92456,3.3009559450146355,0.20600070407785853
9827,0.3553333333333334,0,1,0,249253,356357,15500,92456,3.300946681981548,0.2060011630679147
9828,0.3553571428571428,0,5,0,249258,356352,15500,92456,3.3009003668161103,0.20600345804887613
9829,0.3553809523809524,0,1,0,249259,356351,15500,92456,3.3008911037830226,0.20600391705120463
9830,0.3553888888888889,0,1,0,249260,356350,15500,92456,3.300881840749935,0.2060043760555786
9831,0.3554166666666666,1,3,1,249263,356347,15501,92455,3.3008540516506724,0.2060039839394655
9832,0.3554166666666667,1,3,1,249266,356344,15502,92454,3.3008262625514098,0.20600359181636282
9833,0.3554285714285713,0,1,0,249267,356343,15502,92454,3.300816999518322,0.20600405082921677
9834,0.3554285714285714,0,1,0,249268,356342,15502,92454,3.300807736485235,0.20600450984411625
9835,0.3554545454545454,0,1,0,249269,356341,15502,92454,3.300798473452147,0.2060049688610613
9836,0.3554761904761904,0,1,0,249270,356340,15502,92454,3.3007892104190595,0.20600542788005188
9837,0.3554761904761905,0,4,0,249274,356336,15502,92454,3.300752158286709,0.20600726397647007
9838,0.3555,1,19,1,249293,356317,15503,92453,3.300576160658046,0.20601421663658445
9839,0.3555476190476189,0,1,0,249294,356316,15503,92453,3.3005668976249583,0.20601467570175303
9840,0.3555555555555555,3,8,3,249302,356308,15506,92450,3.3004927933602577,0.20601304043604793
9841,0.3555833333333333,0,1,0,249303,356307,15506,92450,3.3004835303271705,0.20601349951087114
9842,0.3556666666666666,3,32,3,249335,356275,15509,92447,3.3001871132683687,0.20602288276482988
9843,0.3556666666666667,1,4,1,249339,356271,15510,92446,3.3001500611360184,0.20602294987709402
9844,0.3557142857142857,2,14,2,249353,356257,15512,92444,3.3000203786727926,0.20602583903312005
9845,0.355729797979798,0,1,0,249354,356256,15512,92444,3.300011115639705,0.20602629819478493
9846,0.3557332144979204,0,3,0,249357,356253,15512,92444,3.2999833265404424,0.20602767569205946
9847,0.3557380952380952,0,1,0,249358,356252,15512,92444,3.2999740635073547,0.20602813486191096
9848,0.3557619047619046,0,1,0,249359,356251,15512,92444,3.2999648004742674,0.20602859403380916
9849,0.3557619047619048,0,1,0,249360,356250,15512,92444,3.2999555374411798,0.20602905320775405
9850,0.3557777777777778,0,1,0,249361,356249,15512,92444,3.299946274408092,0.20602951238374567
9851,0.3557857142857143,0,1,0,249362,356248,15512,92444,3.299937011375005,0.20602997156178404
9852,0.3557936507936508,0,1,0,249363,356247,15512,92444,3.299927748341917,0.20603043074186914
9853,0.3558333333333333,20,137,20,249500,356110,15532,92424,3.298658712808922,0.20605795770220317
9854,0.3558333333333334,0,1,0,249501,356109,15532,92424,3.2986494497758345,0.20605841710643363
9855,0.3558730158730158,0,2,0,249503,356107,15532,92424,3.2986309237096596,0.20605933592104
9856,0.3559523809523809,0,2,0,249505,356105,15532,92424,3.2986123976434842,0.20606025474384043
9857,0.355952380952381,0,1,0,249506,356104,15532,92424,3.298603134610397,0.20606071415831342
9858,0.3559642857142857,0,2,0,249508,356102,15532,92424,3.2985846085442216,0.20606163299340507
9859,0.3559999999999999,0,9,0,249517,356093,15532,92424,3.298501241246434,0.20606576785272354
9860,0.356,15,153,15,249670,355940,15547,92409,3.2970839971840378,0.20610952628421164
9861,0.3560000000000001,0,2,0,249672,355938,15547,92409,3.297065471117863,0.20611044570388562
9862,0.3560238095238094,0,2,0,249674,355936,15547,92409,3.297046945051688,0.20611136513176237
9863,0.3560238095238095,0,1,0,249675,355935,15547,92409,3.2970376820186003,0.20611182484877683
9864,0.3560714285714286,1,2,1,249677,355933,15548,92408,3.297019155952425,0.20611097356699476
9865,0.3560833333333333,0,2,0,249679,355931,15548,92408,3.29700062988625,0.20611189300953073
9866,0.3560952380952381,0,2,0,249681,355929,15548,92408,3.296982103820075,0.20611281246026983
9867,0.3561111111111111,1,2,1,249683,355927,15549,92407,3.2969635777538997,0.20611196117180494
9868,0.3561190476190476,1,0,1,249683,355927,15550,92406,3.2969635777538997,0.20611019041649845
9869,0.3561309523809524,1,0,1,249683,355927,15551,92405,3.2969635777538997,0.20610841965329266
9870,0.3561428571428571,0,2,0,249685,355925,15551,92405,3.296945051687725,0.20610933910289295
9871,0.3561666666666666,1,5,1,249690,355920,15552,92404,3.296898736522287,0.2061098669712083
9872,0.3561666666666667,1,9,1,249699,355911,15553,92403,3.296815369224499,0.20611223383610594
9873,0.3561810966810967,0,2,0,249701,355909,15553,92403,3.2967968431583237,0.20611315333963848
9874,0.3561904761904761,1,2,1,249703,355907,15554,92402,3.2967783170921487,0.2061123020059825
9875,0.3561904761904762,0,4,0,249707,355903,15554,92402,3.2967412649597985,0.20611414104237072
9876,0.3562142857142857,0,1,0,249708,355902,15554,92402,3.296732001926711,0.20611460080659552
9877,0.3562222222222222,1,0,1,249708,355902,15555,92401,3.296732001926711,0.20611282993867985
9878,0.3562380952380952,0,1,0,249709,355901,15555,92401,3.2967227388936235,0.20611328970203122
9879,0.35625,1,12,1,249721,355889,15556,92400,3.2966115824965727,0.2061170361084033
9880,0.3562857142857142,0,2,0,249723,355887,15556,92400,3.2965930564303974,0.20611795568463953
9881,0.3563095238095238,0,1,0,249724,355886,15556,92400,3.29658379339731,0.20611841547583462
9882,0.3563333333333333,2,26,2,249750,355860,15558,92398,3.2963429545370335,0.20612682874594543
9883,0.3563333333333334,1,6,1,249756,355854,15559,92397,3.2962873763385083,0.20612781678122302
9884,0.3563461538461538,0,1,0,249757,355853,15559,92397,3.2962781133054206,0.20612827663134412
9885,0.3563571428571428,0,1,0,249758,355852,15559,92397,3.296268850272333,0.20612873648351698
9886,0.3563571428571429,1,1,1,249759,355851,15560,92396,3.2962595872392457,0.2061274252811508
9887,0.3564285714285714,0,4,0,249763,355847,15560,92396,3.2962225351068954,0.2061292647068666
9888,0.3564285714285715,0,1,0,249764,355846,15560,92396,3.2962132720738078,0.2061297245684251
9889,0.3564444444444444,0,3,0,249767,355843,15560,92396,3.296185482974545,0.20613110416541175
9890,0.3564761904761904,0,1,0,249768,355842,15560,92396,3.2961762199414575,0.20613156403517774
9891,0.3564761904761905,0,1,0,249769,355841,15560,92396,3.2961669569083702,0.20613202390699564
9892,0.3564999999999999,0,1,0,249770,355840,15560,92396,3.2961576938752826,0.20613248378086543
9893,0.3565,4,32,4,249802,355808,15564,92392,3.295861276816481,0.20614011601963408
9894,0.3565238095238095,0,1,0,249803,355807,15564,92392,3.295852013783393,0.20614057594952243
9895,0.356547619047619,0,2,0,249805,355805,15564,92392,3.295833487717218,0.20614149581545615
9896,0.3565476190476191,0,1,0,249806,355804,15564,92392,3.2958242246841305,0.20614195575150157
9897,0.3565833333333333,0,1,0,249807,355803,15564,92392,3.295814961651043,0.2061424156895994
9898,0.3566388888888888,0,1,0,249808,355802,15564,92392,3.2958056986179556,0.20614287562974962
9899,0.3566655844155844,0,1,0,249809,355801,15564,92392,3.295796435584868,0.20614333557195227
9900,0.3566666666666666,44,374,44,250183,355427,15608,92348,3.292332061210123,0.20623750767684662
9901,0.3566666666666667,46,403,46,250586,355024,15654,92302,3.2885990588758385,0.20634168369377143
9902,0.3566984126984127,0,2,0,250588,355022,15654,92302,3.288580532809663,0.20634260625407982
9903,0.3567142857142857,0,3,0,250591,355019,15654,92302,3.2885527437104005,0.20634399011001048
9904,0.3567222222222221,0,1,0,250592,355018,15654,92302,3.288543480677313,0.2063444513994456
9905,0.35675,0,1,0,250593,355017,15654,92302,3.2885342176442256,0.20634491269094316
9906,0.3567777777777777,0,1,0,250594,355016,15654,92302,3.288524954611138,0.2063453739845032
9907,0.3567857142857143,0,3,0,250597,355013,15654,92302,3.2884971655118753,0.20634675787755832
9908,0.3568333333333333,1,8,1,250605,355005,15655,92301,3.2884230612471748,0.20634867406205148
9909,0.3568333333333334,2,21,2,250626,354984,15657,92299,3.288228537552336,0.20635481339554598
9910,0.3568571428571428,2,3,2,250629,354981,15659,92297,3.2882007484530735,0.20635264868828782
9911,0.3568939393939394,0,1,0,250630,354980,15659,92297,3.288191485419986,0.20635311004142848
9912,0.3569047619047619,0,2,0,250632,354978,15659,92297,3.288172959353811,0.2063540327538986
9913,0.3569166666666666,0,1,0,250633,354977,15659,92297,3.2881636963207233,0.20635449411322812
9914,0.3569166666666667,0,2,0,250635,354975,15659,92297,3.2881451702545483,0.20635541683807615
9915,0.3569285714285714,0,3,0,250638,354972,15659,92297,3.2881173811552853,0.20635680094082084
9916,0.3569444444444444,0,1,0,250639,354971,15659,92297,3.288108118122198,0.20635726231252852
9917,0.3569523809523809,0,1,0,250640,354970,15659,92297,3.2880988550891104,0.20635772368629923
9918,0.357,5,50,5,250690,354920,15664,92292,3.2876357034347325,0.2063719220414479
9919,0.3570238095238094,1,2,1,250692,354918,15665,92291,3.2876171773685576,0.20637107034965754
9920,0.3570833333333333,0,3,0,250695,354915,15665,92291,3.287589388269295,0.206372454752396
9921,0.3571428571428571,0,13,0,250708,354902,15665,92291,3.2874689688391565,0.2063784540455687
9922,0.3571666666666667,0,13,0,250721,354889,15665,92291,3.2873485494090184,0.20638445368755312
9923,0.357190476190476,0,1,0,250722,354888,15665,92291,3.2873392863759308,0.20638491521292368
9924,0.3571904761904761,0,3,0,250725,354885,15665,92291,3.287311497276668,0.20638629980142048
9925,0.3572121212121212,0,3,0,250728,354882,15665,92291,3.2872837081774056,0.20638768440849514
9926,0.3572222222222222,0,3,0,250731,354879,15665,92291,3.287255919078143,0.20638906903414808
9927,0.3572222222222223,0,2,0,250733,354877,15665,92291,3.287237393011968,0.20638999212823816
9928,0.3572380952380952,0,1,0,250734,354876,15665,92291,3.2872281299788804,0.20639045367837966
9929,0.3573095238095238,0,2,0,250736,354874,15665,92291,3.287209603912705,0.2063913767848557
9930,0.3573333333333333,6,50,6,250786,354824,15671,92285,3.2867464522583276,0.20640380757265006
9931,0.3573809523809523,2,2,2,250788,354822,15673,92283,3.2867279261921523,0.20640118093065388
9932,0.3573809523809524,0,3,0,250791,354819,15673,92283,3.2867001370928897,0.20640256585745534
9933,0.3574999999999999,0,2,0,250793,354817,15673,92283,3.2866816110267147,0.2064034891523149
9934,0.3575,44,422,44,251215,354395,15717,92239,3.2827726110637667,0.2065203276060488
9935,0.3575000000000001,0,3,0,251218,354392,15717,92239,3.282744821964504,0.20652171479364398
9936,0.357547619047619,0,1,0,251219,354391,15717,92239,3.2827355589314164,0.20652217719365024
9937,0.3575714285714285,0,1,0,251220,354390,15717,92239,3.2827262958983288,0.20652263959572711
9938,0.3575714285714286,0,1,0,251221,354389,15717,92239,3.2827170328652415,0.20652310199987461
9939,0.3575833333333333,0,1,0,251222,354388,15717,92239,3.282707769832154,0.2065235644060928
9940,0.3575952380952381,0,3,0,251225,354385,15717,92239,3.2826799807328912,0.2065249516371713
9941,0.3576190476190476,1,10,1,251235,354375,15718,92238,3.2825873504020158,0.2065277992355798
9942,0.3576428571428571,0,2,0,251237,354373,15718,92238,3.2825688243358404,0.20652872410218287
9943,0.3576515151515151,0,1,0,251238,354372,15718,92238,3.282559561302753,0.2065291865385907
9944,0.3576666666666666,1,30,1,251268,354342,15719,92237,3.2822816703101263,0.20654128384899426
9945,0.3576666666666667,0,6,0,251274,354336,15719,92237,3.282226092111601,0.20654405886607566
9946,0.3576785714285714,1,0,1,251274,354336,15720,92236,3.282226092111601,0.20654228209560832
9947,0.3577142857142857,1,3,1,251277,354333,15721,92235,3.2821983030123385,0.20654189283602944
9948,0.3577272727272727,0,1,0,251278,354332,15721,92235,3.282189039979251,0.20654235534645418
9949,0.35775,2,1,2,251279,354331,15723,92233,3.282179776946163,0.20653926424879748
9950,0.3577698412698412,0,1,0,251280,354330,15723,92233,3.282170513913076,0.20653972675747878
9951,0.3577777777777777,0,1,0,251281,354329,15723,92233,3.2821612508799882,0.2065401892682315
9952,0.3578095238095238,1,0,1,251281,354329,15724,92232,3.2821612508799882,0.20653841244533222
9953,0.3578333333333333,0,15,0,251296,354314,15724,92232,3.282022305383675,0.20654535031105417
9954,0.3578333333333334,0,1,0,251297,354313,15724,92232,3.282013042350587,0.2065458128520082
9955,0.3578364739835327,0,1,0,251298,354312,15724,92232,3.2820037793175,0.20654627539503387
9956,0.3578571428571427,1,0,1,251298,354312,15725,92231,3.2820037793175,0.20654449851414086
9957,0.3578571428571429,1,2,1,251300,354310,15726,92230,3.2819852532513245,0.20654364670578224
9958,0.3578809523809523,0,2,0,251302,354308,15726,92230,3.2819667271851496,0.2065445717945617
9959,0.3579166666666666,0,1,0,251303,354307,15726,92230,3.281957464152062,0.206545034342059
9960,0.3579166666666667,0,3,0,251306,354304,15726,92230,3.2819296750527993,0.2065464219969812
9961,0.3579285714285714,0,2,0,251308,354302,15726,92230,3.2819111489866244,0.20654734711062142
9962,0.3579444444444444,0,1,0,251309,354301,15726,92230,3.2819018859535367,0.2065478096705492
9963,0.3579653679653678,0,4,0,251313,354297,15726,92230,3.2818648338211864,0.20654965993097843
9964,0.3579761904761905,0,2,0,251315,354295,15726,92230,3.2818463077550115,0.2065505850736241
9965,0.358,11,88,11,251403,354207,15737,92219,3.2810311608433067,0.20657174985327917
9966,0.3580476190476189,0,1,0,251404,354206,15737,92219,3.281021897810219,0.20657221257770061
9967,0.3580595238095238,0,1,0,251405,354205,15737,92219,3.2810126347771313,0.20657267530419512
9968,0.3580833333333333,0,2,0,251407,354203,15737,92219,3.2809941087109564,0.20657360076340323
9969,0.358095238095238,0,2,0,251409,354201,15737,92219,3.280975582644781,0.20657452623090364
9970,0.3580952380952381,0,2,0,251411,354199,15737,92219,3.280957056578606,0.20657545170669642
9971,0.3581111111111111,1,0,1,251411,354199,15738,92218,3.280957056578606,0.20657367438964017
9972,0.3581150793650793,1,1,1,251412,354198,15739,92217,3.2809477935455185,0.20657235979973793
9973,0.3581309523809524,0,3,0,251415,354195,15739,92217,3.280920004446256,0.2065737480175264
9974,0.3581547619047619,0,1,0,251416,354194,15739,92217,3.280910741413168,0.20657421076093554
9975,0.358154761904762,0,1,0,251417,354193,15739,92217,3.280901478380081,0.20657467350641787
9976,0.3581666666666666,2,16,2,251433,354177,15741,92215,3.28075326985068,0.206578522912597
9977,0.3581666666666667,0,3,0,251436,354174,15741,92215,3.2807254807514172,0.2065799112433326
9978,0.3581904761904762,0,2,0,251438,354172,15741,92215,3.2807069546852423,0.2065808368075235
9979,0.3582142857142857,1,1,1,251439,354171,15742,92214,3.2806976916521546,0.20657952216136294
9980,0.3582619047619048,2,2,2,251441,354169,15744,92212,3.2806791655859793,0.20657689283370037
9981,0.3583333333333333,65,432,65,251873,353737,15809,92147,3.276677535292156,0.20666137381022867
9982,0.3583809523809524,0,1,0,251874,353736,15809,92147,3.2766682722590685,0.2066618372981253
9983,0.3584285714285714,0,1,0,251875,353735,15809,92147,3.276659009225981,0.20666230078810088
9984,0.3584523809523809,0,1,0,251876,353734,15809,92147,3.2766497461928936,0.20666276428015548
9985,0.3584761904761905,0,3,0,251879,353731,15809,92147,3.2766219570936306,0.20666415476879327
9986,0.3584999999999999,1,4,1,251883,353727,15810,92146,3.2765849049612807,0.20666422950032856
9987,0.3585,2,19,2,251902,353708,15812,92144,3.276408907332617,0.20666947776392167
9988,0.3585039682539683,0,1,0,251903,353707,15812,92144,3.2763996442995293,0.2066699413032605
9989,0.3585238095238094,0,1,0,251904,353706,15812,92144,3.2763903812664417,0.2066704048446787
9990,0.3585238095238095,1,1,1,251905,353705,15813,92143,3.2763811182333544,0.2066690890168847
9991,0.358547619047619,0,3,0,251908,353702,15813,92143,3.276353329134092,0.2066704796509998
9992,0.3585634920634921,1,0,1,251908,353702,15814,92142,3.276353329134092,0.2066687002628722
9993,0.3585714285714286,0,10,0,251918,353692,15814,92142,3.276260698803216,0.20667333581557262
9994,0.3586190476190476,0,2,0,251920,353690,15814,92142,3.276242172737041,0.20667426295106678
9995,0.3586507936507936,0,1,0,251921,353689,15814,92142,3.2762329097039533,0.2066747265219332
9996,0.3586666666666666,0,5,0,251926,353684,15814,92142,3.276186594538516,0.2066770444074594
9997,0.3586666666666667,2,28,2,251954,353656,15816,92140,3.2759272296120643,0.2066864664555088
9998,0.3586825396825396,1,0,1,251954,353656,15817,92139,3.2759272296120643,0.20668468690765934
9999,0.3586904761904762,1,0,1,251954,353656,15818,92138,3.2759272296120643,0.20668290735182618
10000,0.3587142857142858,0,7,0,251961,353649,15818,92138,3.2758623883804514,0.20668615280391756
10001,0.3587301587301587,1,0,1,251961,353649,15819,92137,3.2758623883804514,0.20668437321943714
10002,0.35875,2,7,2,251968,353642,15821,92135,3.2757975471488385,0.2066840595185485
10003,0.3587857142857142,1,1,1,251969,353641,15822,92134,3.275788284115751,0.20668274353653748
10004,0.3587857142857143,0,2,0,251971,353639,15822,92134,3.275769758049576,0.20668367083695063
10005,0.3588095238095238,3,4,3,251975,353635,15825,92131,3.2757327059172257,0.2066801864655447
10006,0.3588333333333333,4,15,4,251990,353620,15829,92127,3.275593760420912,0.20668002252398782
10007,0.3588333333333334,1,1,1,251991,353619,15830,92126,3.2755844973878245,0.20667870643529374
10008,0.3588571428571429,0,4,0,251995,353615,15830,92126,3.2755474452554743,0.20668056113303465
10009,0.3588888888888888,0,2,0,251997,353613,15830,92126,3.2755289191892993,0.20668148849438797
10010,0.3588888888888889,0,1,0,251998,353612,15830,92126,3.2755196561562117,0.20668195217818539
10011,0.3589047619047619,0,1,0,251999,353611,15830,92126,3.2755103931231244,0.20668241586406333
10012,0.3589166666666666,0,3,0,252002,353608,15830,92126,3.2754826040238614,0.20668380693418048
10013,0.3589285714285714,0,3,0,252005,353605,15830,92126,3.275454814924599,0.20668519802302285
10014,0.3589999999999999,0,1,0,252006,353604,15830,92126,3.2754455518915115,0.20668566172346486
10015,0.359,7,83,7,252089,353521,15837,92119,3.2746767201452442,0.2067116955390001
10016,0.3590238095238095,0,3,0,252092,353518,15837,92119,3.2746489310459816,0.20671308710901473
10017,0.3590357142857143,0,1,0,252093,353517,15837,92119,3.274639668012894,0.20671355096984984
10018,0.359047619047619,0,7,0,252100,353510,15837,92119,3.274574826781281,0.2067167980539866
10019,0.3590476190476191,0,3,0,252103,353507,15837,92119,3.2745470376820185,0.20671818969270195
10020,0.3590833333333333,0,1,0,252104,353506,15837,92119,3.2745377746489313,0.2067186535764376
10021,0.3590952380952381,0,1,0,252105,353505,15837,92119,3.2745285116158436,0.2067191174622552
10022,0.3591190476190475,0,1,0,252106,353504,15837,92119,3.274519248582756,0.20671958135015472
10023,0.3591391941391941,0,1,0,252107,353503,15837,92119,3.274509985549668,0.20672004524013626
10024,0.3591666666666666,10,71,10,252178,353432,15847,92109,3.273852310200452,0.20673518262067914
10025,0.3591666666666667,10,82,10,252260,353350,15857,92099,3.2730927414872726,0.20675543103699862
10026,0.3591969696969697,0,1,0,252261,353349,15857,92099,3.273083478454185,0.206755895188664
10027,0.3592619047619047,1,1,1,252262,353348,15858,92098,3.2730742154210977,0.2067545785572213
10028,0.3592857142857143,0,5,0,252267,353343,15858,92098,3.2730279002556597,0.2067568993424494
10029,0.3593055555555555,0,1,0,252268,353342,15858,92098,3.273018637222572,0.20675736350574714
10030,0.3593095238095237,0,1,0,252269,353341,15858,92098,3.273009374189485,0.20675782767112894
10031,0.3593333333333333,0,8,0,252277,353333,15858,92098,3.2729352699247842,0.20676154106921163
10032,0.3593333333333334,11,35,11,252312,353298,15869,92087,3.27261106376672,0.20675819796355963
10033,0.3594047619047619,0,2,0,252314,353296,15869,92087,3.2725925377005445,0.20675912641479355
10034,0.3594285714285715,0,2,0,252316,353294,15869,92087,3.2725740116343696,0.206760054874366
10035,0.3594444444444444,0,3,0,252319,353291,15869,92087,3.272546222535107,0.20676144757935955
10036,0.3594523809523809,0,1,0,252320,353290,15869,92087,3.2725369595020193,0.20676191181852677
10037,0.3594642857142857,1,0,1,252320,353290,15870,92086,3.2725369595020193,0.20676013076591465
10038,0.3594761904761904,0,1,0,252321,353289,15870,92086,3.2725276964689316,0.20676059500420993
10039,0.3595,4,23,4,252344,353266,15874,92082,3.272314646707918,0.2067641484861277
10040,0.3595050125313283,0,1,0,252345,353265,15874,92082,3.2723053836748304,0.20676461276263228
10041,0.3595238095238094,0,4,0,252349,353261,15874,92082,3.27226833154248,0.2067664698895009
10042,0.3595238095238096,0,3,0,252352,353258,15874,92082,3.2722405424432175,0.20676786275654557
10043,0.3595454545454545,1,1,1,252353,353257,15875,92081,3.2722312794101303,0.20676654585954937
10044,0.3595714285714285,0,1,0,252354,353256,15875,92081,3.2722220163770426,0.20676701015186252
10045,0.3595833333333333,0,5,0,252359,353251,15875,92081,3.2721757012116046,0.2067693316447055
10046,0.3595984848484848,0,2,0,252361,353249,15875,92081,3.2721571751454297,0.20677026025643905
10047,0.3596190476190476,0,2,0,252363,353247,15875,92081,3.2721386490792543,0.2067711888765135
10048,0.3596428571428571,0,2,0,252365,353245,15875,92081,3.2721201230130794,0.20677211750492897
10049,0.3596666666666666,1,4,1,252369,353241,15876,92080,3.272083070880729,0.2067721935412882
10050,0.3596666666666667,1,22,1,252391,353219,15877,92079,3.271879284152803,0.20678062780430184
10051,0.3596904761904761,0,1,0,252392,353218,15877,92079,3.2718700211197156,0.206781092169945
10052,0.3597142857142856,1,0,1,252392,353218,15878,92078,3.2718700211197156,0.20677931084042975
10053,0.3597301587301587,0,1,0,252393,353217,15878,92078,3.271860758086628,0.20677977520520105
10054,0.35975,0,1,0,252394,353216,15878,92078,3.2718514950535402,0.20678023957205802
10055,0.3597619047619047,0,1,0,252395,353215,15878,92078,3.271842232020453,0.20678070394100065
10056,0.3597777777777777,0,1,0,252396,353214,15878,92078,3.2718329689873653,0.20678116831202897
10057,0.3597857142857142,1,4,1,252400,353210,15879,92077,3.271795916855015,0.20678124445582288
10058,0.3597896825396826,0,1,0,252401,353209,15879,92077,3.2717866538219273,0.2067817088343222
10059,0.3598095238095238,0,1,0,252402,353208,15879,92077,3.27177739078884,0.2067821732149073
10060,0.3598333333333333,2,12,2,252414,353196,15881,92075,3.2716662343917893,0.20678418311545105
10061,0.3598333333333334,0,2,0,252416,353194,15881,92075,3.2716477083256144,0.20678511192110835
10062,0.3598571428571428,0,1,0,252417,353193,15881,92075,3.2716384452925267,0.20678557632706596
10063,0.3598809523809523,0,1,0,252418,353192,15881,92075,3.271629182259439,0.2067860407351095
10064,0.3598809523809524,2,2,2,252420,353190,15883,92073,3.271610656193264,0.20678340666078251
10065,0.3598888888888889,0,1,0,252421,353189,15883,92073,3.2716013931601764,0.20678387106916826
10066,0.3599523809523809,0,2,0,252423,353187,15883,92073,3.2715828670940015,0.2067847998921978
10067,0.3599761904761905,0,1,0,252424,353186,15883,92073,3.271573604060914,0.20678526430684163
10068,0.3599999999999999,0,11,0,252435,353175,15883,92073,3.2714717106969506,0.20679037300560588
10069,0.36,358,3761,358,256196,349414,16241,91715,3.2366334432546595,0.20790970441752865
10070,0.3600000000000001,0,17,0,256213,349397,16241,91715,3.2364759716921707,0.2079177170423838
10071,0.3600833333333333,0,2,0,256215,349395,16241,91715,3.236457445625996,0.20791865974473486
10072,0.3600833333333334,0,1,0,256216,349394,16241,91715,3.236448182592908,0.20791913109911608
10073,0.3600952380952381,1,1,1,256217,349393,16242,91714,3.236438919559821,0.20791780679064265
10074,0.3601190476190476,0,4,0,256221,349389,16242,91714,3.2364018674274706,0.20791969222607873
10075,0.3601666666666666,1,20,1,256241,349369,16243,91713,3.236216606765719,0.2079273241710158
10076,0.3601666666666667,0,4,0,256245,349365,16243,91713,3.2361795546333694,0.20792920979962728
10077,0.3602063492063491,0,2,0,256247,349363,16243,91713,3.236161028567194,0.2079301526267582
10078,0.3602380952380952,0,1,0,256248,349362,16243,91713,3.2361517655341063,0.20793062404353002
10079,0.3602777777777778,0,3,0,256251,349359,16243,91713,3.2361239764348437,0.207932038306671
10080,0.3602857142857143,0,1,0,256252,349358,16243,91713,3.2361147134017565,0.20793250973199326
10081,0.3603095238095238,1,0,1,256252,349358,16244,91712,3.2361147134017565,0.2079307139456322
10082,0.3603333333333333,4,20,4,256272,349338,16248,91708,3.235929452740005,0.20793295937385217
10083,0.3603333333333334,0,2,0,256274,349336,16248,91708,3.23591092667383,0.2079339022863932
10084,0.3603571428571428,1,3,1,256277,349333,16249,91707,3.2358831375745676,0.20793352076909125
10085,0.3603809523809523,0,2,0,256279,349331,16249,91707,3.235864611508392,0.2079344636970057
10086,0.3604166666666666,0,1,0,256280,349330,16249,91707,3.2358553484753045,0.2079349351641699
10087,0.3604166666666667,1,1,1,256281,349329,16250,91706,3.2358460854422173,0.20793361071116806
10088,0.3604523809523809,0,1,0,256282,349328,16250,91706,3.2358368224091296,0.2079340821796052
10089,0.3604761904761905,1,2,1,256284,349326,16251,91705,3.2358182963429547,0.2079332291834361
10090,0.3605,4,17,4,256301,349309,16255,91701,3.235660824780466,0.20793406045214394
10091,0.3605238095238095,0,1,0,256302,349308,16255,91701,3.2356515617473787,0.2079345319483276
10092,0.3605277777777778,0,1,0,256303,349307,16255,91701,3.235642298714291,0.2079350034466495
10093,0.3605555555555556,0,3,0,256306,349304,16255,91701,3.2356145096150284,0.20793641795444495
10094,0.3605595238095238,0,1,0,256307,349303,16255,91701,3.2356052465819407,0.20793688946132008
10095,0.3605833333333333,0,1,0,256308,349302,16255,91701,3.235595983548853,0.20793736097033352
10096,0.3605952380952381,0,6,0,256314,349296,16255,91701,3.235540405350328,0.2079401900693202
10097,0.3605952380952382,0,1,0,256315,349295,16255,91701,3.23553114231724,0.20794066159330243
10098,0.3606111111111111,0,2,0,256317,349293,16255,91701,3.2355126162510652,0.20794160464768227
10099,0.3606666666666666,6,39,6,256356,349254,16261,91695,3.2351513579606506,0.20794921861711899
10100,0.3606666666666667,1,7,1,256363,349247,16262,91694,3.2350865167290377,0.2079507235661914
10101,0.3606904761904762,1,1,1,256364,349246,16263,91693,3.23507725369595,0.20794939889644598
10102,0.3607142857142857,2,12,2,256376,349234,16265,91691,3.2349660972988996,0.20795146566876452
10103,0.36075,0,2,0,256378,349232,16265,91691,3.2349475712327243,0.20795240892400713
10104,0.3607738095238095,0,1,0,256379,349231,16265,91691,3.234938308199637,0.20795288055483738
10105,0.3608095238095238,0,1,0,256380,349230,16265,91691,3.2349290451665493,0.2079533521878069
10106,0.3608214285714285,1,1,1,256381,349229,16266,91690,3.2349197821334617,0.2079520274698981
10107,0.3608333333333333,7,139,7,256520,349090,16273,91683,3.233632220534292,0.2080050275311782
10108,0.3608571428571429,0,1,0,256521,349089,16273,91683,3.233622957501204,0.20800549944188831
10109,0.3609285714285714,0,2,0,256523,349087,16273,91683,3.233604431435029,0.20800644326973253
10110,0.3609523809523808,0,1,0,256524,349086,16273,91683,3.2335951684019415,0.2080069151868666
10111,0.3609523809523809,1,3,1,256527,349083,16274,91682,3.233567379302679,0.2080065340941318
10112,0.360952380952381,0,2,0,256529,349081,16274,91682,3.2335488532365035,0.20800747794166025
10113,0.3609761904761904,0,1,0,256530,349080,16274,91682,3.2335395902034163,0.20800794986863658
10114,0.3609999999999999,2,4,2,256534,349076,16276,91680,3.233502538071066,0.20800624381744096
10115,0.361,8,76,8,256610,349000,16284,91672,3.232798547556412,0.20802773945247258
10116,0.3610000000000001,0,6,0,256616,348994,16284,91672,3.2327429693578864,0.20803057190706795
10117,0.3610079365079365,0,2,0,256618,348992,16284,91672,3.2327244432917115,0.20803151607574025
10118,0.3610238095238095,0,1,0,256619,348991,16284,91672,3.232715180258624,0.20803198816329033
10119,0.361047619047619,0,2,0,256621,348989,16284,91672,3.232696654192449,0.20803293234481834
10120,0.3610833333333332,0,1,0,256622,348988,16284,91672,3.232687391159361,0.20803340443879634
10121,0.3610833333333333,0,2,0,256624,348986,16284,91672,3.2326688650931863,0.20803434863318038
10122,0.361111111111111,1,0,1,256624,348986,16285,91671,3.2326688650931863,0.20803255139484905
10123,0.3611190476190476,0,1,0,256625,348985,16285,91671,3.2326596020600986,0.20803302349224792
10124,0.3611190476190477,1,1,1,256626,348984,16286,91670,3.232650339027011,0.2080316983392866
10125,0.3611666666666666,0,1,0,256627,348983,16286,91670,3.2326410759939233,0.20803217043796365
10126,0.3611666666666667,1,7,1,256634,348976,16287,91669,3.2325762347623104,0.20803367790398167
10127,0.3611830065359477,0,1,0,256635,348975,16287,91669,3.232566971729223,0.2080341500167936
10128,0.3611904761904761,0,2,0,256637,348973,16287,91669,3.2325484456630478,0.208035094248846
10129,0.3611904761904762,0,12,0,256649,348961,16287,91669,3.2324372892659974,0.20804075982116516
10130,0.3612380952380952,0,1,0,256650,348960,16287,91669,3.2324280262329097,0.20804123196612115
10131,0.36125,2,10,2,256660,348950,16289,91667,3.2323353959020342,0.20804235878325167
10132,0.3612619047619048,0,3,0,256663,348947,16289,91667,3.2323076068027716,0.20804377527722678
10133,0.3613076923076923,0,1,0,256664,348946,16289,91667,3.232298343769684,0.2080442474461716
10134,0.3613095238095238,0,2,0,256666,348944,16289,91667,3.232279817703509,0.20804519179049094
10135,0.3613333333333333,2,27,2,256693,348917,16291,91665,3.2320297158101448,0.20805434629648964
10136,0.3613333333333334,0,8,0,256701,348909,16291,91665,3.2319556115454446,0.20805812417437253
10137,0.3613571428571429,0,2,0,256703,348907,16291,91665,3.2319370854792693,0.2080590686652806
10138,0.3613809523809524,0,1,0,256704,348906,16291,91665,3.2319278224461816,0.2080595409139503
10139,0.3614285714285714,2,10,2,256714,348896,16293,91663,3.231835192115306,0.2080606683781287
10140,0.3614444444444444,0,1,0,256715,348895,16293,91663,3.231825929082219,0.20806114064436465
10141,0.3614848484848484,2,0,2,256715,348895,16295,91661,3.231825929082219,0.2080575454652757
10142,0.3615,3,32,3,256747,348863,16298,91658,3.231529512023417,0.2080672658057164
10143,0.3615079365079365,1,0,1,256747,348863,16299,91657,3.231529512023417,0.20806546808317444
10144,0.3615151515151515,0,1,0,256748,348862,16299,91657,3.2315202489903294,0.2080659404021166
10145,0.3615277777777778,0,1,0,256749,348861,16299,91657,3.2315109859572417,0.20806641272320314
10146,0.3615476190476191,0,2,0,256751,348859,16299,91657,3.231492459891067,0.20806735737180942
10147,0.3615555555555555,0,1,0,256752,348858,16299,91657,3.231483196857979,0.2080678296993292
10148,0.3615714285714286,0,2,0,256754,348856,16299,91657,3.231464670791804,0.20806877436080207
10149,0.3615833333333332,1,3,1,256757,348853,16300,91656,3.2314368816925416,0.20806839360830312
10150,0.3615833333333333,0,1,0,256758,348852,16300,91656,3.231427618659454,0.2080688659456809
10151,0.3616071428571428,0,2,0,256760,348850,16300,91656,3.2314090925932786,0.20806981062687002
10152,0.3616666666666666,26,222,26,256982,348628,16326,91630,3.229352699247842,0.20812796133176456
10153,0.3616666666666667,19,246,19,257228,348382,16345,91611,3.2270739931083035,0.20821013061571433
10154,0.3617142857142857,0,1,0,257229,348381,16345,91611,3.2270647300752158,0.20821060382916054
10155,0.3617222222222221,0,1,0,257230,348380,16345,91611,3.227055467042128,0.20821107704475775
10156,0.3617499999999999,0,1,0,257231,348379,16345,91611,3.227046204009041,0.20821155026250596
10157,0.3617619047619047,0,1,0,257232,348378,16345,91611,3.227036940975953,0.20821202348240525
10158,0.3617777777777777,0,1,0,257233,348377,16345,91611,3.2270276779428655,0.20821249670445557
10159,0.3617857142857143,0,5,0,257238,348372,16345,91611,3.226981362777428,0.20821486284697363
10160,0.361797619047619,0,2,0,257240,348370,16345,91611,3.2269628367112526,0.20821580931903877
10161,0.3618095238095237,0,1,0,257241,348369,16345,91611,3.2269535736781654,0.2082162825582981
10162,0.3618333333333333,0,4,0,257245,348365,16345,91611,3.226916521545815,0.20821817553684746
10163,0.3618333333333334,2,16,2,257261,348349,16347,91609,3.226768313016414,0.20822214847780923
10164,0.3618571428571428,0,2,0,257263,348347,16347,91609,3.226749786950239,0.2082230950367764
10165,0.3618809523809523,0,1,0,257264,348346,16347,91609,3.2267405239171514,0.2082235683194872
10166,0.3619047619047619,0,2,0,257266,348344,16347,91609,3.2267219978509765,0.2082245148913634
10167,0.3619444444444444,0,3,0,257269,348341,16347,91609,3.226694208751714,0.20822593476531423
10168,0.3619523809523809,0,1,0,257270,348340,16347,91609,3.226684945718626,0.20822640806093434
10169,0.3619642857142857,1,0,1,257270,348340,16348,91608,3.226684945718626,0.2082246083628065
10170,0.3619999999999999,0,1,0,257271,348339,16348,91608,3.2266756826855385,0.2082250816575633
10171,0.362,11,79,11,257350,348260,16359,91597,3.225943903071622,0.20824267887063297
10172,0.3620238095238094,0,2,0,257352,348258,16359,91597,3.2259253770054466,0.20824362574030078
10173,0.3620238095238096,0,1,0,257353,348257,16359,91597,3.225916113972359,0.20824409917836373
10174,0.3620714285714285,1,0,1,257353,348257,16360,91596,3.225916113972359,0.20824229913175538
10175,0.3620714285714286,0,1,0,257354,348256,16360,91596,3.2259068509392717,0.20824277256895501
10176,0.3620833333333333,1,4,1,257358,348252,16361,91595,3.2258697988069214,0.20824286626940733
10177,0.362095238095238,0,1,0,257359,348251,16361,91595,3.2258605357738337,0.20824333971435458
10178,0.3621190476190476,0,1,0,257360,348250,16361,91595,3.225851272740746,0.2082438131614546
10179,0.3621309523809523,0,1,0,257361,348249,16361,91595,3.2258420097076588,0.20824428661070743
10180,0.3621428571428571,0,9,0,257370,348240,16361,91595,3.2257586424098705,0.20824854775086113
10181,0.3621666666666666,0,5,0,257375,348235,16361,91595,3.225712327244433,0.20825091512629879
10182,0.3621666666666667,1,9,1,257384,348226,16362,91594,3.225628959946645,0.20825337638124689
10183,0.3621700244200244,0,3,0,257387,348223,16362,91594,3.225601170847382,0.20825479688143023
10184,0.3621904761904762,0,2,0,257389,348221,16362,91594,3.2255826447812073,0.20825574389231835
10185,0.3621984126984127,1,2,1,257391,348219,16363,91593,3.225564118715032,0.20825489072603748
10186,0.3622142857142857,0,2,0,257393,348217,16363,91593,3.225545592648857,0.2082558377481185
10187,0.3622222222222222,1,4,1,257397,348213,16364,91592,3.2255085405165067,0.20825593160605269
10188,0.3622380952380952,0,1,0,257398,348212,16364,91592,3.225499277483419,0.20825640512591972
10189,0.36225,0,3,0,257401,348209,16364,91592,3.2254714883841564,0.2082578256984409
10190,0.3622619047619047,0,1,0,257402,348208,16364,91592,3.2254622253510687,0.20825829922692132
10191,0.3622777777777777,0,1,0,257403,348207,16364,91592,3.2254529623179815,0.20825877275755517
10192,0.3622857142857142,1,2,1,257405,348205,16365,91591,3.225434436251806,0.2082579195808966
10193,0.3623095238095238,0,1,0,257406,348204,16365,91591,3.225425173218719,0.20825839311497402
10194,0.3623333333333333,5,42,5,257448,348162,16370,91586,3.2250361258290416,0.20826928149758497
10195,0.3623571428571428,0,1,0,257449,348161,16370,91586,3.225026862795954,0.20826975510918777
10196,0.3623611111111111,0,1,0,257450,348160,16370,91586,3.2250175997628663,0.20827022872294462
10197,0.3623809523809523,1,0,1,257450,348160,16371,91585,3.2250175997628663,0.2082684282936702
10198,0.3623809523809524,0,8,0,257458,348152,16371,91585,3.2249434954981657,0.20827221725713324
10199,0.3623888888888889,0,1,0,257459,348151,16371,91585,3.2249342324650785,0.20827269088725964
10200,0.3624126984126983,0,1,0,257460,348150,16371,91585,3.224924969431991,0.20827316451954017
10201,0.362468253968254,0,1,0,257461,348149,16371,91585,3.224915706398903,0.2082736381539749
10202,0.3624761904761904,0,4,0,257465,348145,16371,91585,3.224878654266553,0.20827553271325586
10203,0.3624761904761905,0,1,0,257466,348144,16371,91585,3.2248693912334656,0.2082760063584617
10204,0.3624999999999999,2,2,2,257468,348142,16373,91583,3.2248508651672902,0.20827335266359656
10205,0.3625,51,371,51,257839,347771,16424,91532,3.2214142798918077,0.2083573296790598
10206,0.3625238095238094,0,1,0,257840,347770,16424,91532,3.22140501685872,0.20835780397084466
10207,0.3625277777777777,0,3,0,257843,347767,16424,91532,3.2213772277594575,0.20835922685915514
10208,0.3625595238095238,0,1,0,257844,347766,16424,91532,3.22136796472637,0.20835970115957733
10209,0.3625952380952381,0,4,0,257848,347762,16424,91532,3.22133091259402,0.20836159838285978
10210,0.3626190476190476,0,1,0,257849,347761,16424,91532,3.2213216495609323,0.2083620726940789
10211,0.3626190476190477,0,1,0,257850,347760,16424,91532,3.2213123865278446,0.20836254700745746
10212,0.3626666666666666,5,48,5,257898,347712,16429,91527,3.220867760939642,0.20837630538271876
10213,0.3626666666666667,0,7,0,257905,347705,16429,91527,3.2208029197080292,0.20837962625673903
10214,0.3626717171717172,1,1,1,257906,347704,16430,91526,3.2207936566749416,0.20837829838581154
10215,0.3627103174603174,0,1,0,257907,347703,16430,91526,3.220784393641854,0.20837877280416367
10216,0.3627142857142857,0,3,0,257910,347700,16430,91526,3.2207566045425913,0.20838019607218153
10217,0.3627380952380952,0,3,0,257913,347697,16430,91526,3.2207288154433287,0.20838161935964192
10218,0.3627499999999999,0,1,0,257914,347696,16430,91526,3.220719552410241,0.208382093793116
10219,0.3627619047619048,0,1,0,257915,347695,16430,91526,3.2207102893771538,0.20838256822875045
10220,0.3628333333333332,0,1,0,257916,347694,16430,91526,3.220701026344066,0.20838304266654523
10221,0.3628333333333333,1,6,1,257922,347688,16431,91525,3.220645448145541,0.20838408699196062
10222,0.3628333333333334,0,4,0,257926,347684,16431,91525,3.2206083960131906,0.20838598480450082
10223,0.3628571428571428,1,9,1,257935,347675,16432,91524,3.2205250287154024,0.2083884526148739
10224,0.3628787878787879,0,1,0,257936,347674,16432,91524,3.220515765682315,0.20838892708983192
10225,0.3628928571428572,0,1,0,257937,347673,16432,91524,3.2205065026492274,0.2083894015669506
10226,0.3629029304029304,0,1,0,257938,347672,16432,91524,3.2204972396161398,0.20838987604622994
10227,0.3629166666666667,0,3,0,257941,347669,16432,91524,3.220469450516877,0.20839129949703206
10228,0.3629230769230769,0,1,0,257942,347668,16432,91524,3.2204601874837895,0.20839177398495418
10229,0.3629523809523809,0,3,0,257945,347665,16432,91524,3.220432398384527,0.20839319746168505
10230,0.3629675324675325,0,4,0,257949,347661,16432,91524,3.2203953462521766,0.20839509546091056
10231,0.3629761904761904,0,1,0,257950,347660,16432,91524,3.2203860832190894,0.208395569966119
10232,0.3629761904761905,0,3,0,257953,347657,16432,91524,3.2203582941198268,0.20839699349470947
10233,0.363,3,60,3,258013,347597,16435,91521,3.2198025121345735,0.208420060211606
10234,0.3630357142857143,0,1,0,258014,347596,16435,91521,3.219793249101486,0.20842053484606607
10235,0.363047619047619,0,2,0,258016,347594,16435,91521,3.219774723035311,0.2084214841214716
10236,0.3630714285714285,0,1,0,258017,347593,16435,91521,3.219765460002223,0.20842195876241704
10237,0.3630952380952381,0,2,0,258019,347591,16435,91521,3.219746933936048,0.20842290805079342
10238,0.3631666666666666,2,14,2,258033,347577,16437,91519,3.219617251472822,0.20842594785650517
10239,0.3631666666666667,1,5,1,258038,347572,16438,91518,3.2195709363073846,0.20842651848140473
10240,0.3631904761904762,0,2,0,258040,347570,16438,91518,3.219552410241209,0.20842746784243704
10241,0.3632142857142857,1,3,1,258043,347567,16439,91517,3.2195246211419466,0.20842708912189922
10242,0.3632380952380952,0,2,0,258045,347565,16439,91517,3.2195060950757717,0.2084280384985037
10243,0.3632499999999999,0,1,0,258046,347564,16439,91517,3.219496832042684,0.2084285131900492
10244,0.3632619047619048,0,1,0,258047,347563,16439,91517,3.2194875690095963,0.20842898788375694
10245,0.3633333333333333,75,770,75,258817,346793,16514,91442,3.2123550335321798,0.20865973735552842
10246,0.3633333333333334,0,2,0,258819,346791,16514,91442,3.212336507466005,0.20866068963314036
10247,0.3634523809523808,1,1,1,258820,346790,16515,91441,3.212327244432917,0.20865936001789012
10248,0.3634523809523809,0,2,0,258822,346788,16515,91441,3.212308718366742,0.208660312302472
10249,0.363452380952381,1,0,1,258822,346788,16516,91440,3.212308718366742,0.20865850653084694
10250,0.3634761904761905,1,0,1,258822,346788,16517,91439,3.212308718366742,0.20865670075098067
10251,0.3634999999999999,0,3,0,258825,346785,16517,91439,3.212280929267479,0.20865812917594656
10252,0.3635,3,25,3,258850,346760,16520,91436,3.2120493534402903,0.20866461583401036
10253,0.3635000000000001,0,1,0,258851,346759,16520,91436,3.212040090407203,0.20866509202523992
10254,0.3635476190476192,0,1,0,258852,346758,16520,91436,3.2120308273741154,0.20866556821864288
10255,0.3635595238095239,0,2,0,258854,346756,16520,91436,3.2120123013079405,0.2086665206119692
10256,0.3635606060606061,0,1,0,258855,346755,16520,91436,3.212003038274853,0.20866699681189252
10257,0.3635714285714285,0,1,0,258856,346754,16520,91436,3.211993775241765,0.20866747301398936
10258,0.3635714285714286,0,7,0,258863,346747,16520,91436,3.2119289340101522,0.20867080648952607
10259,0.3635833333333333,0,1,0,258864,346746,16520,91436,3.2119196709770645,0.20867128270901134
10260,0.363611111111111,0,1,0,258865,346745,16520,91436,3.2119104079439773,0.2086717589306702
10261,0.3636190476190477,0,2,0,258867,346743,16520,91436,3.211891881877802,0.20867271138050889
10262,0.36365873015873,0,1,0,258868,346742,16520,91436,3.2118826188447147,0.2086731876086887
10263,0.3636666666666666,0,4,0,258872,346738,16520,91436,3.2118455667123644,0.20867509254314495
10264,0.3636666666666667,5,22,5,258894,346716,16525,91431,3.211641779984438,0.20867654006532055
10265,0.3636904761904762,0,2,0,258896,346714,16525,91431,3.211623253918263,0.20867749261089366
10266,0.3637121212121211,0,1,0,258897,346713,16525,91431,3.2116139908851755,0.2086779688869413
10267,0.3637142857142856,0,4,0,258901,346709,16525,91431,3.2115769387528252,0.2086798740128726
10268,0.3637142857142857,0,1,0,258902,346708,16525,91431,3.2115676757197376,0.2086803502997907
10269,0.3637222222222222,0,1,0,258903,346707,16525,91431,3.2115584126866503,0.20868082658888296
10270,0.36375,2,10,2,258913,346697,16527,91429,3.2114657823557744,0.20868197733072222
10271,0.3637619047619047,0,3,0,258916,346694,16527,91429,3.211437993256512,0.20868340625805995
10272,0.3638095238095238,0,8,0,258924,346686,16527,91429,3.2113638889918117,0.20868721682663227
10273,0.3638333333333332,0,1,0,258925,346685,16527,91429,3.211354625958724,0.2086876931574887
10274,0.3638333333333333,2,11,2,258936,346674,16529,91427,3.211252732594761,0.2086893204991543
10275,0.3638333333333334,0,1,0,258937,346673,16529,91427,3.211243469561673,0.20868979685003425
10276,0.3638888888888889,0,1,0,258938,346672,16529,91427,3.211234206528586,0.2086902732030888
10277,0.3639166666666666,0,2,0,258940,346670,16529,91427,3.2112156804624106,0.20869122591572187
10278,0.3639206349206348,0,1,0,258941,346669,16529,91427,3.211206417429323,0.2086917022753004
10279,0.3639246031746033,0,2,0,258943,346667,16529,91427,3.211187891363148,0.20869265500098153
10280,0.3639285714285714,1,1,1,258944,346666,16530,91426,3.2111786283300603,0.2086913251097943
10281,0.3639296536796537,0,2,0,258946,346664,16530,91426,3.2111601022638854,0.20869227784245245
10282,0.3639761904761904,0,1,0,258947,346663,16530,91426,3.2111508392307977,0.20869275421204367
10283,0.3639880952380953,0,3,0,258950,346660,16530,91426,3.211123050131535,0.20869418333386594
10284,0.364,15,157,15,259107,346503,16545,91411,3.209668753936789,0.20874189909434274
10285,0.3640476190476189,0,3,0,259110,346500,16545,91411,3.2096409648375266,0.2087433291239544
10286,0.364047619047619,0,4,0,259114,346496,16545,91411,3.2096039127051763,0.20874523586058227
10287,0.3640476190476191,0,2,0,259116,346494,16545,91411,3.209585386639001,0.20874618924195887
10288,0.3640555555555555,0,1,0,259117,346493,16545,91411,3.2095761236059137,0.2087466659359129
10289,0.3640833333333333,1,1,1,259118,346492,16546,91410,3.209566860572826,0.20874533571438358
10290,0.3641428571428571,0,1,0,259119,346491,16546,91410,3.2095575975397383,0.20874581240965423
10291,0.3641666666666666,17,74,17,259193,346417,16563,91393,3.2088721330912593,0.2087503711655741
10292,0.3641666666666667,9,72,9,259265,346345,16572,91384,3.2082051947089556,0.20876843891997104
10293,0.3641904761904762,0,1,0,259266,346344,16572,91384,3.208195931675868,0.20876891585642227
10294,0.3642857142857141,0,2,0,259268,346342,16572,91384,3.208177405609693,0.20876986973586217
10295,0.3642857142857142,0,1,0,259269,346341,16572,91384,3.2081681425766053,0.2087703466788509
10296,0.3642857142857143,3,17,3,259286,346324,16575,91381,3.208010671014117,0.20877303206497527
10297,0.3642857142857144,0,1,0,259287,346323,16575,91381,3.2080014079810293,0.2087735090380714
10298,0.3643095238095238,0,1,0,259288,346322,16575,91381,3.2079921449479416,0.20877398601334696
10299,0.3643333333333333,0,10,0,259298,346312,16575,91381,3.207899514617066,0.20877875588597486
10300,0.3643333333333334,4,28,4,259326,346284,16579,91377,3.2076401496906146,0.20878488144934093
10301,0.3643809523809523,1,0,1,259326,346284,16580,91376,3.2076401496906146,0.20878307361879084
10302,0.3644047619047619,0,1,0,259327,346283,16580,91376,3.207630886657527,0.20878355066387302
10303,0.3644166666666666,0,1,0,259328,346282,16580,91376,3.2076216236244397,0.2087840277111352
10304,0.3644444444444444,0,1,0,259329,346281,16580,91376,3.207612360591352,0.20878450476057736
10305,0.3644523809523809,0,1,0,259330,346280,16580,91376,3.2076030975582643,0.20878498181219954
10306,0.3644999999999999,0,1,0,259331,346279,16580,91376,3.207593834525177,0.20878545886600175
10307,0.3645,2,25,2,259356,346254,16582,91374,3.207362258697988,0.20879377005127642
10308,0.3645238095238094,0,4,0,259360,346250,16582,91374,3.207325206565638,0.20879567848198455
10309,0.3645238095238096,0,1,0,259361,346249,16582,91374,3.2073159435325502,0.2087961555951127
10310,0.3645454545454545,0,1,0,259362,346248,16582,91374,3.2073066804994625,0.20879663271042131
10311,0.3645555555555554,0,1,0,259363,346247,16582,91374,3.2072974174663753,0.20879710982791044
10312,0.3645833333333332,0,3,0,259366,346244,16582,91374,3.2072696283671127,0.20879854119346097
10313,0.3645833333333333,0,3,0,259369,346241,16582,91374,3.2072418392678497,0.20879997257863647
10314,0.3645952380952381,0,1,0,259370,346240,16582,91374,3.2072325762347624,0.2088004497113895
10315,0.3646309523809524,0,3,0,259373,346237,16582,91374,3.2072047871355,0.2088018811227323
10316,0.3646428571428571,0,4,0,259377,346233,16582,91374,3.2071677350031496,0.20880378970171867
10317,0.3646666666666666,0,5,0,259382,346228,16582,91374,3.2071214198377116,0.20880617547451794
10318,0.3646666666666667,2,33,2,259415,346195,16584,91372,3.2068157397458226,0.20881830668217669
10319,0.3647222222222222,1,0,1,259415,346195,16585,91371,3.2068157397458226,0.20881649853964887
10320,0.3647539682539683,0,1,0,259416,346194,16585,91371,3.206806476712735,0.20881697576360084
10321,0.3647554112554113,0,1,0,259417,346193,16585,91371,3.206797213679647,0.2088174529897341
10322,0.3647619047619047,0,2,0,259419,346191,16585,91371,3.2067786876134723,0.20881840744854444
10323,0.3647817460317462,0,1,0,259420,346190,16585,91371,3.2067694245803846,0.2088188846812216
10324,0.3648095238095238,1,0,1,259420,346190,16586,91370,3.2067694245803846,0.20881707651522077
10325,0.3648253968253968,0,1,0,259421,346189,16586,91370,3.206760161547297,0.20881755374703753
10326,0.3648333333333333,5,21,5,259442,346168,16591,91365,3.2065656378524583,0.20881853483051563
10327,0.3648571428571428,0,1,0,259443,346167,16591,91365,3.206556374819371,0.20881901209511533
10328,0.3648571428571429,0,2,0,259445,346165,16591,91365,3.2065378487531957,0.2088199666308596
10329,0.3648611111111111,0,1,0,259446,346164,16591,91365,3.206528585720108,0.20882044390200422
10330,0.3648809523809523,0,2,0,259448,346162,16591,91365,3.206510059653933,0.20882139845083847
10331,0.3648809523809524,0,2,0,259450,346160,16591,91365,3.206491533587758,0.20882235300839952
10332,0.3648888888888889,0,3,0,259453,346157,16591,91365,3.206463744488495,0.20882378486110412
10333,0.3649047619047618,0,1,0,259454,346156,16591,91365,3.206454481455408,0.20882426214970254
10334,0.3649285714285715,0,1,0,259455,346155,16591,91365,3.20644521842232,0.20882473944048272
10335,0.3649523809523809,0,1,0,259456,346154,16591,91365,3.2064359553892325,0.20882521673344473
10336,0.364952380952381,0,1,0,259457,346153,16591,91365,3.2064266923561453,0.20882569402858853
10337,0.3649576118326119,1,3,1,259460,346150,16592,91364,3.2063989032568823,0.20882531758983713
10338,0.3649761904761905,0,1,0,259461,346149,16592,91364,3.206389640223795,0.2088257948906661
10339,0.3649772727272727,0,4,0,259465,346145,16592,91364,3.2063525880914447,0.20882770411580104
10340,0.3649999999999999,2,9,2,259474,346136,16594,91362,3.2062692207936565,0.20882838321546612
10341,0.365,132,1467,132,260941,344669,16726,91230,3.192680351254215,0.2092916019536636
10342,0.365047619047619,1,0,1,260941,344669,16727,91229,3.192680351254215,0.20928978797792144
10343,0.3650833333333332,1,1,1,260942,344668,16728,91228,3.192671088221127,0.2092884541266724
10344,0.3650833333333333,0,2,0,260944,344666,16728,91228,3.192652562154952,0.2092894143989135
10345,0.3651190476190475,0,2,0,260946,344664,16728,91228,3.192634036088777,0.20929037467996658
10346,0.3651190476190477,0,2,0,260948,344662,16728,91228,3.192615510022602,0.20929133496983185
10347,0.3651388888888888,1,0,1,260948,344662,16729,91227,3.192615510022602,0.2092895209560232
10348,0.3651428571428572,0,1,0,260949,344661,16729,91227,3.1926062469895142,0.2092900011012003
10349,0.3651666666666666,1,18,1,260967,344643,16730,91226,3.192439512393938,0.2092968300108519
10350,0.3651666666666667,1,1,1,260968,344642,16731,91225,3.1924302493608505,0.20929549610316908
10351,0.3651709956709957,0,1,0,260969,344641,16731,91225,3.1924209863277633,0.20929597628628982
10352,0.3652182539682539,0,1,0,260970,344640,16731,91225,3.1924117232946756,0.2092964564716139
10353,0.3652261904761904,0,1,0,260971,344639,16731,91225,3.192402460261588,0.2092969366591414
10354,0.3652380952380952,0,4,0,260975,344635,16731,91225,3.1923654081292376,0.20929885743128526
10355,0.3652499999999999,0,2,0,260977,344633,16731,91225,3.1923468820630627,0.20929981783057786
10356,0.3652857142857143,0,6,0,260983,344627,16731,91225,3.1922913038645375,0.20930269908133953
10357,0.3652954545454545,0,1,0,260984,344626,16731,91225,3.19228204083145,0.20930317929751222
10358,0.3653095238095238,0,3,0,260987,344623,16731,91225,3.1922542517321872,0.20930461995925184
10359,0.3653333333333333,2,31,2,261018,344592,16733,91223,3.191967097706473,0.2093158794442596
10360,0.3653333333333334,1,5,1,261023,344587,16734,91222,3.191920782541035,0.20931646661725664
10361,0.3653571428571428,2,8,2,261031,344579,16736,91220,3.1918466782763346,0.20931668039623771
10362,0.3653809523809523,1,1,1,261032,344578,16737,91219,3.1918374152432474,0.2093153463653949
10363,0.3653888888888889,0,1,0,261033,344577,16737,91219,3.1918281522101597,0.20931582667119478
10364,0.3654047619047619,1,2,1,261035,344575,16738,91218,3.191809626143985,0.20931497293439774
10365,0.3654166666666666,0,1,0,261036,344574,16738,91218,3.191800363110897,0.2093154532437493
10366,0.3654285714285714,0,2,0,261038,344572,16738,91218,3.1917818370447217,0.20931641386906538
10367,0.365452380952381,0,1,0,261039,344571,16738,91218,3.1917725740116345,0.2093168941850299
10368,0.3654761904761904,0,2,0,261041,344569,16738,91218,3.191754047945459,0.20931785482357207
10369,0.3654761904761905,0,2,0,261043,344567,16738,91218,3.191735521879284,0.20931881547093176
10370,0.3654812409812409,0,1,0,261044,344566,16738,91218,3.1917262588461965,0.20931929579791825
10371,0.3654960039960038,0,1,0,261045,344565,16738,91218,3.191716995813109,0.20931977612710914
10372,0.3655,0,17,0,261062,344548,16738,91218,3.1915595242506205,0.20932794206064723
10373,0.3655238095238095,0,1,0,261063,344547,16738,91218,3.1915502612175333,0.2093284224295205
10374,0.365547619047619,0,4,0,261067,344543,16738,91218,3.191513209085183,0.20933034392706093
10375,0.3655555555555555,0,1,0,261068,344542,16738,91218,3.1915039460520953,0.20933082430695796
10376,0.3655555555555556,1,4,1,261072,344538,16739,91217,3.191466893919745,0.20933093137198655
10377,0.3655833333333333,0,2,0,261074,344536,16739,91217,3.19144836785357,0.2093318921499106
10378,0.365595238095238,1,0,1,261074,344536,16740,91216,3.19144836785357,0.20933007765885184
10379,0.3655952380952381,0,1,0,261075,344535,16740,91216,3.1914391048204824,0.20933055804805956
10380,0.3656666666666666,4,27,4,261102,344508,16744,91212,3.1911890029271186,0.2093362709997246
10381,0.3656666666666667,0,6,0,261108,344502,16744,91212,3.191133424728593,0.2093391536650188
10382,0.3656904761904762,0,1,0,261109,344501,16744,91212,3.1911241616955057,0.20933963411695314
10383,0.3657023809523809,0,2,0,261111,344499,16744,91212,3.1911056356293304,0.2093405950274379
10384,0.3657142857142857,1,13,1,261124,344486,16745,91211,3.1909852161991923,0.2093450264748208
10385,0.3657573145808439,3,5,3,261129,344481,16748,91208,3.1909389010337543,0.20934198476436172
10386,0.3657619047619047,0,1,0,261130,344480,16748,91208,3.190929638000667,0.20934246525036265
10387,0.3657900432900433,0,1,0,261131,344479,16748,91208,3.1909203749675794,0.2093429457385692
10388,0.3658095238095237,0,1,0,261132,344478,16748,91208,3.1909111119344917,0.20934342622898142
10389,0.3658192640692641,0,1,0,261133,344477,16748,91208,3.1909018489014045,0.20934390672159933
10390,0.3658333333333333,10,158,10,261291,344319,16758,91198,3.189438289673571,0.20940169958922383
10391,0.3658571428571429,0,5,0,261296,344314,16758,91198,3.189391974508133,0.2094041036756737
10392,0.3659047619047619,0,1,0,261297,344313,16758,91198,3.1893827114750453,0.20940458449958785
10393,0.3659166666666666,0,2,0,261299,344311,16758,91198,3.1893641854088703,0.20940554615404045
10394,0.3659285714285714,0,5,0,261304,344306,16758,91198,3.1893178702434324,0.20940795032881443
10395,0.365952380952381,0,3,0,261307,344303,16758,91198,3.18929008114417,0.20940939286017712
10396,0.3659642857142857,0,4,0,261311,344299,16758,91198,3.1892530290118195,0.20941131626624293
10397,0.3659761904761904,0,1,0,261312,344298,16758,91198,3.1892437659787323,0.20941179712328012
10398,0.3659999999999999,0,6,0,261318,344292,16758,91198,3.1891881877802066,0.20941468231187857
10399,0.366,20,129,20,261447,344163,16778,91178,3.1879932565119122,0.2094404156741497
10400,0.3660000000000001,0,2,0,261449,344161,16778,91178,3.1879747304457373,0.20944137786874137
10401,0.366047619047619,0,3,0,261452,344158,16778,91178,3.1879469413464743,0.20944282117720564
10402,0.3661031746031746,0,1,0,261453,344157,16778,91178,3.187937678313387,0.2094433022844476
10403,0.366111111111111,1,0,1,261453,344157,16779,91177,3.187937678313387,0.20944148630706538
10404,0.3661190476190476,0,1,0,261454,344156,16779,91177,3.1879284152802994,0.2094419674134513
10405,0.3661666666666666,0,1,0,261455,344155,16779,91177,3.1879191522472117,0.20944244852204755
10406,0.3661666666666667,1,10,1,261465,344145,16780,91176,3.187826521916336,0.20944544370705756
10407,0.3661904761904761,0,1,0,261466,344144,16780,91176,3.1878172588832485,0.20944592483690158
10408,0.3661904761904762,1,2,1,261468,344142,16781,91175,3.1877987328170736,0.20944507106315627
10409,0.3662142857142857,0,2,0,261470,344140,16781,91175,3.1877802067508987,0.20944603333218473
10410,0.3662380952380952,0,1,0,261471,344139,16781,91175,3.187770943717811,0.20944651447001475
10411,0.36625,0,6,0,261477,344133,16781,91175,3.187715365519286,0.2094494013434166
10412,0.3662539682539683,0,1,0,261478,344132,16781,91175,3.187706102486198,0.2094498824967207
10413,0.3662777777777778,0,1,0,261479,344131,16781,91175,3.1876968394531104,0.20945036365223543
10414,0.3662857142857142,0,1,0,261480,344130,16781,91175,3.1876875764200228,0.20945084480996085
10415,0.366297619047619,0,1,0,261481,344129,16781,91175,3.1876783133869355,0.2094513259698969
10416,0.3663095238095237,0,1,0,261482,344128,16781,91175,3.187669050353848,0.20945180713204364
10417,0.3663095238095238,0,2,0,261484,344126,16781,91175,3.187650524287673,0.2094527694629693
10418,0.3663333333333332,0,2,0,261486,344124,16781,91175,3.1876319982214976,0.20945373180273788
10419,0.3663333333333333,2,17,2,261503,344107,16783,91173,3.187474526659009,0.20945827972799116
10420,0.3663333333333334,0,3,0,261506,344104,16783,91173,3.1874467375597466,0.20945972334858032
10421,0.3663809523809524,0,1,0,261507,344103,16783,91173,3.187437474526659,0.20946020455986547
10422,0.3664285714285714,1,8,1,261515,344095,16784,91172,3.1873633702619584,0.20946223812050993
10423,0.3664523809523808,1,2,1,261517,344093,16785,91171,3.1873448441957835,0.20946138435524186
10424,0.3664523809523809,0,1,0,261518,344092,16785,91171,3.1873355811626958,0.20946186558471544
10425,0.366452380952381,0,1,0,261519,344091,16785,91171,3.1873263181296085,0.20946234681640025
10426,0.3664682539682539,0,1,0,261520,344090,16785,91171,3.187317055096521,0.20946282805029626
10427,0.3665,4,23,4,261543,344067,16789,91167,3.187104005335507,0.2094666317429245
10428,0.3665238095238095,0,1,0,261544,344066,16789,91167,3.1870947423024196,0.20946711301762505
10429,0.3665476190476189,0,1,0,261545,344065,16789,91167,3.187085479269332,0.20946759429453718
10430,0.366547619047619,0,1,0,261546,344064,16789,91167,3.1870762162362443,0.20946807557366087
10431,0.3665555555555555,0,1,0,261547,344063,16789,91167,3.187066953203157,0.2094685568549962
10432,0.3665714285714285,1,0,1,261547,344063,16790,91166,3.187066953203157,0.2094667404975312
10433,0.3665833333333333,0,1,0,261548,344062,16790,91166,3.1870576901700693,0.2094672217780106
10434,0.3665909090909091,0,1,0,261549,344061,16790,91166,3.1870484271369817,0.20946770306070164
10435,0.3666071428571428,0,1,0,261550,344060,16790,91166,3.187039164103894,0.20946818434560435
10436,0.3666212121212121,0,1,0,261551,344059,16790,91166,3.1870299010708067,0.2094686656327187
10437,0.3666666666666666,43,395,43,261946,343664,16833,91123,3.1833710030012226,0.20958078323408932
10438,0.3666666666666667,34,411,34,262357,343253,16867,91089,3.179563896402238,0.20971722743828597
10439,0.3666806722689075,0,1,0,262358,343252,16867,91089,3.1795546333691505,0.2097177102783297
10440,0.3667142857142857,0,2,0,262360,343250,16867,91089,3.179536107302975,0.20971867596508717
10441,0.3667261904761905,0,1,0,262361,343249,16867,91089,3.179526844269888,0.20971915881180095
10442,0.3667857142857143,0,4,0,262365,343245,16867,91089,3.1794897921375376,0.20972109022088992
10443,0.3668333333333333,2,17,2,262382,343228,16869,91087,3.179332320575049,0.2097256599472733
10444,0.3669047619047618,0,1,0,262383,343227,16869,91087,3.1793230575419615,0.20972614283674945
10445,0.3669047619047619,0,1,0,262384,343226,16869,91087,3.179313794508874,0.2097266257284493
10446,0.366952380952381,1,3,1,262387,343223,16870,91086,3.1792860054096113,0.20972625480936383
10447,0.366984126984127,0,1,0,262388,343222,16870,91086,3.1792767423765236,0.20972673770688083
10448,0.3669999999999999,0,7,0,262395,343215,16870,91086,3.1792119011449107,0.20973011805176595
10449,0.367,3,55,3,262450,343160,16873,91083,3.1787024343250954,0.20975122224192444
10450,0.3670238095238095,0,2,0,262452,343158,16873,91083,3.1786839082589204,0.2097521883009665
10451,0.3670238095238096,1,0,1,262452,343158,16874,91082,3.1786839082589204,0.20975036845983788
10452,0.367047619047619,0,2,0,262454,343156,16874,91082,3.178665382192745,0.20975133452162179
10453,0.3670833333333332,0,1,0,262455,343155,16874,91082,3.178656119159658,0.20975181755585084
10454,0.3670833333333334,0,1,0,262456,343154,16874,91082,3.17864685612657,0.20975230059230465
10455,0.3670952380952381,0,1,0,262457,343153,16874,91082,3.1786375930934825,0.20975278363098324
10456,0.3671388888888889,1,0,1,262457,343153,16875,91081,3.1786375930934825,0.20975096376608005
10457,0.3671428571428571,2,17,2,262474,343136,16877,91079,3.178480121530994,0.20975553585205486
10458,0.3671666666666666,0,2,0,262476,343134,16877,91079,3.178461595464819,0.20975650199326137
10459,0.3671666666666667,0,9,0,262485,343125,16877,91079,3.178378228167031,0.20976084973883244
10460,0.3671904761904761,0,1,0,262486,343124,16877,91079,3.1783689651339433,0.2097613328327994
10461,0.3672222222222222,0,1,0,262487,343123,16877,91079,3.178359702100856,0.20976181592899157
10462,0.3672222222222223,0,1,0,262488,343122,16877,91079,3.1783504390677684,0.20976229902740898
10463,0.3672301587301587,0,1,0,262489,343121,16877,91079,3.1783411760346807,0.20976278212805158
10464,0.3672380952380953,0,1,0,262490,343120,16877,91079,3.1783319130015935,0.20976326523091945
10465,0.36725,0,1,0,262491,343119,16877,91079,3.1783226499685058,0.2097637483360126
10466,0.3672619047619047,0,2,0,262493,343117,16877,91079,3.1783041239023304,0.20976471455287474
10467,0.3672619047619048,0,1,0,262494,343116,16877,91079,3.178294860869243,0.20976519766464377
10468,0.3672857142857142,1,0,1,262494,343116,16878,91078,3.178294860869243,0.20976337766067701
10469,0.3673333333333333,10,65,10,262559,343051,16888,91068,3.177692763718552,0.20977658199710217
10470,0.3673333333333334,1,0,1,262559,343051,16889,91067,3.177692763718552,0.20977476170073575
10471,0.367345238095238,0,1,0,262560,343050,16889,91067,3.1776835006854642,0.20977524492245178
10472,0.3673650793650794,0,1,0,262561,343049,16889,91067,3.177674237652377,0.20977572814639406
10473,0.3673809523809524,0,5,0,262566,343044,16889,91067,3.177627922486939,0.20977814429949942
10474,0.3673809523809525,0,1,0,262567,343043,16889,91067,3.1776186594538514,0.20977862753679943
10475,0.3674444444444444,0,1,0,262568,343042,16889,91067,3.177609396420764,0.20977911077632577
10476,0.367452380952381,0,1,0,262569,343041,16889,91067,3.1776001333876764,0.20977959401807844
10477,0.3674761904761904,0,1,0,262570,343040,16889,91067,3.1775908703545888,0.20978007726205752
10478,0.3674999999999999,0,6,0,262576,343034,16889,91067,3.1775352921560636,0.20978297677268654
10479,0.3675,37,414,37,262990,342620,16926,91030,3.173700396457816,0.2099158307390753
10480,0.3675205627705628,0,6,0,262996,342614,16926,91030,3.173644818259291,0.20991873518369908
10481,0.3675238095238095,2,1,2,262997,342613,16928,91028,3.173635555226203,0.20991557532613384
10482,0.3675833333333333,0,2,0,262999,342611,16928,91028,3.1736170291600283,0.2099165434843268
10483,0.3676190476190475,1,10,1,263009,342601,16929,91027,3.173524398829153,0.20991956238988257
10484,0.3676428571428571,0,1,0,263010,342600,16929,91027,3.173515135796065,0.20992004649156995
10485,0.3676666666666666,1,33,1,263043,342567,16930,91026,3.1732094557041757,0.20993420096726653
10486,0.3676666666666667,1,4,1,263047,342563,16931,91025,3.1731724035718254,0.20993431552533742
10487,0.3676785714285714,2,0,2,263047,342563,16933,91023,3.1731724035718254,0.2099306711932581
10488,0.3676904761904762,0,1,0,263048,342562,16933,91023,3.173163140538738,0.20993115536745965
10489,0.3677182539682538,0,2,0,263050,342560,16933,91023,3.173144614472563,0.20993212372256292
10490,0.3677272727272727,1,0,1,263050,342560,16934,91022,3.173144614472563,0.2099303015346578
10491,0.3677380952380952,0,1,0,263051,342559,16934,91022,3.1731353514394756,0.20993078571247356
10492,0.3677777777777777,0,1,0,263052,342558,16934,91022,3.173126088406388,0.20993126989252273
10493,0.3678095238095238,0,1,0,263053,342557,16934,91022,3.1731168253733,0.20993175407480527
10494,0.3678333333333333,0,12,0,263065,342545,16934,91022,3.17300566897625,0.20993756443640776
10495,0.3678333333333334,0,1,0,263066,342544,16934,91022,3.172996405943162,0.20993804864772606
10496,0.3678571428571428,1,3,1,263069,342541,16935,91021,3.1729686168438995,0.20993767904013727
10497,0.3679166666666666,0,2,0,263071,342539,16935,91021,3.172950090777724,0.2099386474767045
10498,0.3679166666666667,0,2,0,263073,342537,16935,91021,3.1729315647115492,0.20993961592220647
10499,0.3679761904761904,0,1,0,263074,342536,16935,91021,3.1729223016784616,0.20994010014830808
10500,0.3679999999999999,0,1,0,263075,342535,16935,91021,3.172913038645374,0.2099405843766434
10501,0.368,8,95,8,263170,342440,16943,91013,3.172033050502056,0.20997201542035698
10502,0.3680000000000001,0,1,0,263171,342439,16943,91013,3.172023787468969,0.20997249983850577
10503,0.368047619047619,1,4,1,263175,342435,16944,91012,3.1719867353366187,0.20997261487563645
10504,0.3680714285714285,0,1,0,263176,342434,16944,91012,3.171977472303531,0.20997309930187383
10505,0.3680714285714286,1,1,1,263177,342433,16945,91011,3.1719682092704433,0.2099717610579452
10506,0.3680833333333333,0,2,0,263179,342431,16945,91011,3.1719496832042684,0.2099727299154212
10507,0.3680833333333334,0,1,0,263180,342430,16945,91011,3.1719404201711807,0.20997321434751212
10508,0.3680952380952381,1,6,1,263186,342424,16946,91010,3.1718848419726555,0.20997429827839995
10509,0.3680952380952382,0,1,0,263187,342423,16946,91010,3.171875578939568,0.20997478272305062
10510,0.3681031746031746,1,0,1,263187,342423,16947,91009,3.171875578939568,0.20997296000295318
10511,0.3681666666666666,3,14,3,263201,342409,16950,91006,3.171745896476342,0.20997427407911587
10512,0.3681666666666667,1,4,1,263205,342405,16951,91005,3.171708844343992,0.2099743891465356
10513,0.3681688311688312,0,1,0,263206,342404,16951,91005,3.1716995813109046,0.20997487361822204
10514,0.3681746031746031,0,1,0,263207,342403,16951,91005,3.171690318277817,0.20997535809214413
10515,0.3681904761904762,0,2,0,263209,342401,16951,91005,3.171671792211642,0.20997632704669525
10516,0.3682051282051282,0,1,0,263210,342400,16951,91005,3.1716625291785543,0.20997681152732434
10517,0.3682142857142857,0,3,0,263213,342397,16951,91005,3.1716347400792917,0.20997826498262584
10518,0.36825,0,1,0,263214,342396,16951,91005,3.171625477046204,0.2099787494721978
10519,0.3682857142857142,0,2,0,263216,342394,16951,91005,3.171606950980029,0.20997971845804905
10520,0.3683095238095238,0,1,0,263217,342393,16951,91005,3.1715976879469414,0.20998020295432834
10521,0.3683189033189032,0,1,0,263218,342392,16951,91005,3.1715884249138537,0.20998068745284346
10522,0.3683333333333333,41,444,41,263662,341948,16992,90964,3.16747563822298,0.21012122556085303
10523,0.3683333333333334,1,3,1,263665,341945,16993,90963,3.1674478491237172,0.21012085708741812
10524,0.3684166666666666,0,2,0,263667,341943,16993,90963,3.167429323057542,0.21012182783329406
10525,0.368452380952381,0,5,0,263672,341938,16993,90963,3.1673830078921044,0.2101242547372263
10526,0.3684761904761904,1,0,1,263672,341938,16994,90962,3.1673830078921044,0.21012243012243012
10527,0.3684999999999999,1,5,1,263677,341933,16995,90961,3.1673366927266664,0.21012303242826189
10528,0.3685,5,34,5,263711,341899,17000,90956,3.1670217496016897,0.21013041318686396
10529,0.3685000000000001,0,1,0,263712,341898,17000,90956,3.167012486568602,0.21013089864018814
10530,0.3685530303030303,3,3,3,263715,341895,17003,90953,3.1669846974693394,0.21012688056777437
10531,0.3685714285714285,1,1,1,263716,341894,17004,90952,3.1669754344362517,0.21012554118554866
10532,0.3685714285714286,1,10,1,263726,341884,17005,90951,3.1668828041053763,0.2101285709334966
10533,0.3686190476190477,0,3,0,263729,341881,17005,90951,3.1668550150061137,0.21013002735472425
10534,0.3686428571428572,0,1,0,263730,341880,17005,90951,3.166845751973026,0.21013051283295328
10535,0.3686666666666666,2,5,2,263735,341875,17007,90949,3.1667994368075885,0.21012929042751788
10536,0.3686666666666667,1,29,1,263764,341846,17008,90948,3.1665308088480493,0.21014154540035213
10537,0.3686904761904761,0,1,0,263765,341845,17008,90948,3.1665215458149616,0.21014203094782033
10538,0.3686904761904762,0,3,0,263768,341842,17008,90948,3.166493756715699,0.2101434876036877
10539,0.3687142857142856,0,1,0,263769,341841,17008,90948,3.1664844936826113,0.21014397316013114
10540,0.36875,1,9,1,263778,341832,17009,90947,3.1664011263848235,0.21014651819982022
10541,0.3687619047619047,0,1,0,263779,341831,17009,90947,3.166391863351736,0.21014700377560783
10542,0.3687748917748918,1,1,1,263780,341830,17010,90946,3.166382600318648,0.2101456642697377
10543,0.3687857142857143,0,1,0,263781,341829,17010,90946,3.166373337285561,0.21014614984691815
10544,0.3688095238095238,0,3,0,263784,341826,17010,90946,3.1663455481862983,0.2101476065919237
10545,0.3688333333333332,0,2,0,263786,341824,17010,90946,3.166327022120123,0.21014857776648105
10546,0.3688333333333333,1,12,1,263798,341812,17011,90945,3.1662158657230726,0.21015257985428312
10547,0.3688333333333334,1,2,1,263800,341810,17012,90944,3.166197339656897,0.21015172592281064
10548,0.3688571428571429,0,1,0,263801,341809,17012,90944,3.1661880766238095,0.21015221153868374
10549,0.3688888888888889,0,2,0,263803,341807,17012,90944,3.1661695505576346,0.21015318277716286
10550,0.3689047619047618,0,1,0,263804,341806,17012,90944,3.166160287524547,0.21015366839976893
10551,0.3689166666666666,0,1,0,263805,341805,17012,90944,3.1661510244914597,0.21015415402461934
10552,0.3689285714285714,0,3,0,263808,341802,17012,90944,3.1661232353921966,0.210155610912637
10553,0.368952380952381,0,1,0,263809,341801,17012,90944,3.1661139723591094,0.210156096546465
10554,0.3689999999999999,1,2,1,263811,341799,17013,90943,3.166095446292934,0.2101552426156925
10555,0.369,6,74,6,263885,341725,17019,90937,3.165409981844455,0.21018023306876962
10556,0.3690476190476189,0,1,0,263886,341724,17019,90937,3.1654007188113678,0.21018071885379083
10557,0.369047619047619,0,5,0,263891,341719,17019,90937,3.16535440364593,0.2101831478125809
10558,0.3690555555555556,0,1,0,263892,341718,17019,90937,3.165345140612842,0.2101836336110758
10559,0.3690714285714286,0,3,0,263895,341715,17019,90937,3.1653173515135795,0.21018509102003458
10560,0.3690833333333333,1,1,1,263896,341714,17020,90936,3.165308088480492,0.21018375130012712
10561,0.3691111111111111,0,2,0,263898,341712,17020,90936,3.165289562414317,0.21018472291562657
10562,0.3691428571428571,0,1,0,263899,341711,17020,90936,3.1652802993812292,0.2101852087267449
10563,0.3691666666666666,5,80,5,263979,341631,17025,90931,3.164539256734225,0.21021495184505343
10564,0.3691666666666667,9,69,9,264048,341562,17034,90922,3.163900107451184,0.21023205482746182
10565,0.3691904761904762,1,0,1,264048,341562,17035,90921,3.163900107451184,0.21023022870263108
10566,0.3692142857142857,0,4,0,264052,341558,17035,90921,3.1638630553188336,0.21023217312285683
10567,0.3692175324675324,0,1,0,264053,341557,17035,90921,3.163853792285746,0.21023265923353326
10568,0.3692777777777777,0,1,0,264054,341556,17035,90921,3.1638445292526587,0.21023314534645773
10569,0.3692857142857142,0,2,0,264056,341554,17035,90921,3.1638260031864833,0.2102341175790508
10570,0.3692857142857143,0,16,0,264072,341538,17035,90921,3.1636777946570827,0.21024189576352903
10571,0.3692878787878787,0,1,0,264073,341537,17035,90921,3.163668531623995,0.21024238191916902
10572,0.3693095238095237,0,1,0,264074,341536,17035,90921,3.1636592685909073,0.21024286807705736
10573,0.3693214285714286,0,2,0,264076,341534,17035,90921,3.1636407425247324,0.21024384039957913
10574,0.3693333333333333,9,56,9,264132,341478,17044,90912,3.1631220126718294,0.21025463123569
10575,0.3693333333333334,0,1,0,264133,341477,17044,90912,3.1631127496387417,0.21025511749836373
10576,0.3694285714285714,0,1,0,264134,341476,17044,90912,3.163103486605654,0.21025560376328667
10577,0.3694444444444444,0,4,0,264138,341472,17044,90912,3.163066434473304,0.21025754884547068
10578,0.3694444444444445,1,0,1,264138,341472,17045,90911,3.163066434473304,0.21025572235726198
10579,0.3694999999999999,0,4,0,264142,341468,17045,90911,3.163029382340954,0.2102576674630359
10580,0.3695,1,22,1,264164,341446,17046,90910,3.1628255956130276,0.2102665396108762
10581,0.3695238095238095,1,8,1,264172,341438,17047,90909,3.162751491348327,0.21026860369101671
10582,0.3695238095238096,0,3,0,264175,341435,17047,90909,3.1627237022490644,0.21027006272782783
10583,0.3695714285714285,0,4,0,264179,341431,17047,90909,3.162686650116714,0.2102720081417403
10584,0.3695833333333332,0,4,0,264183,341427,17047,90909,3.162649597984364,0.21027395359165094
10585,0.3695833333333334,0,3,0,264186,341424,17047,90909,3.1626218088851012,0.21027541270270833
10586,0.3696150793650794,0,2,0,264188,341422,17047,90909,3.1626032828189263,0.2102763854546632
10587,0.3696428571428571,0,3,0,264191,341419,17047,90909,3.1625754937196637,0.21027784459947077
10588,0.3696666666666666,0,5,0,264196,341414,17047,90909,3.1625291785542258,0.21028027655248507
10589,0.3696666666666667,2,18,2,264214,341396,17049,90907,3.1623624439586497,0.21028537854236495
10590,0.3696699134199134,0,1,0,264215,341395,17049,90907,3.162353180925562,0.2102858649740228
10591,0.3697142857142858,0,1,0,264216,341394,17049,90907,3.162343917892475,0.21028635140793106
10592,0.3697619047619047,0,1,0,264217,341393,17049,90907,3.162334654859387,0.21028683784408975
10593,0.3697619047619048,0,1,0,264218,341392,17049,90907,3.1623253918262995,0.2102873242824989
10594,0.3697857142857143,0,1,0,264219,341391,17049,90907,3.1623161287932122,0.21028781072315855
10595,0.3698333333333333,1,17,1,264236,341374,17050,90906,3.1621586572307234,0.21029425372443786
10596,0.369845238095238,0,1,0,264237,341373,17050,90906,3.162149394197636,0.2102947402025081
10597,0.3698809523809523,0,2,0,264239,341371,17050,90906,3.162130868131461,0.21029571316540088
10598,0.3698809523809524,1,1,1,264240,341370,17051,90905,3.1621216050983736,0.21029437279509572
10599,0.3699999999999999,2,22,2,264262,341348,17053,90903,3.1619178183704473,0.2103014220904058
10600,0.37,356,3865,356,268127,337483,17409,90547,3.12611619548705,0.21154358339368737
10601,0.370047619047619,0,1,0,268128,337482,17409,90547,3.1261069324539625,0.21154407762090888
10602,0.3700714285714285,0,1,0,268129,337481,17409,90547,3.1260976694208753,0.21154457185043968
10603,0.3700833333333333,1,2,1,268131,337479,17410,90546,3.1260791433547,0.21154371824075696
10604,0.3701190476190475,0,2,0,268133,337477,17410,90546,3.126060617288525,0.21154470670968617
10605,0.3701309523809523,0,1,0,268134,337476,17410,90546,3.1260513542554373,0.21154520094761484
10606,0.3701666666666666,4,18,4,268152,337458,17414,90542,3.1258846196598613,0.2115467289719626
10607,0.3701666666666667,0,2,0,268154,337456,17414,90542,3.1258660935936864,0.21154771751269866
10608,0.3702380952380952,0,1,0,268155,337455,17414,90542,3.1258568305605987,0.21154821178653122
10609,0.3702499999999999,0,3,0,268158,337452,17414,90542,3.125829041461336,0.21154969462188722
10610,0.3702500000000001,0,1,0,268159,337451,17414,90542,3.1258197784282484,0.21155018890495872
10611,0.3702619047619047,0,2,0,268161,337449,17414,90542,3.1258012523620735,0.2115511774780311
10612,0.3702777777777779,0,1,0,268162,337448,17414,90542,3.125791989328986,0.21155167176803197
10613,0.3703030303030302,0,1,0,268163,337447,17414,90542,3.125782726295898,0.21155216606034266
10614,0.3703095238095238,0,1,0,268164,337446,17414,90542,3.125773463262811,0.21155266035496323
10615,0.3703333333333332,0,1,0,268165,337445,17414,90542,3.1257642002297232,0.21155315465189364
10616,0.3703333333333333,4,23,4,268188,337422,17418,90538,3.1255511504687097,0.2115571548742873
10617,0.3703333333333334,0,7,0,268195,337415,17418,90538,3.125486309237097,0.21156061530121298
10618,0.3703571428571428,0,1,0,268196,337414,17418,90538,3.125477046204009,0.21156110965715783
10619,0.3703809523809523,0,2,0,268198,337412,17418,90538,3.1254585201378338,0.2115620983759785
10620,0.3703888888888889,0,1,0,268199,337411,17418,90538,3.1254492571047465,0.2115625927388544
10621,0.3703968253968254,0,3,0,268202,337408,17418,90538,3.125421468005484,0.21156407584134446
10622,0.3704166666666666,0,3,0,268205,337405,17418,90538,3.125393678906221,0.21156555896462848
10623,0.3704285714285714,0,1,0,268206,337404,17418,90538,3.1253844158731336,0.21156605334367742
10624,0.3704523809523809,0,1,0,268207,337403,17418,90538,3.125375152840046,0.21156654772503686
10625,0.370452380952381,0,1,0,268208,337402,17418,90538,3.1253658898069583,0.21156704210870683
10626,0.3704761904761905,1,4,1,268212,337398,17419,90537,3.125328837674608,0.21156717725822846
10627,0.3705,3,20,3,268232,337378,17422,90534,3.125143577012857,0.21157153807324872
10628,0.3705357142857143,0,1,0,268233,337377,17422,90534,3.1251343139797694,0.21157203250208573
10629,0.3705555555555556,1,4,1,268237,337373,17423,90533,3.1250972618474195,0.2115721677190785
10630,0.3705952380952381,0,1,0,268238,337372,17423,90533,3.125087998814332,0.21157266215631976
10631,0.3706060606060606,0,1,0,268239,337371,17423,90533,3.125078735781244,0.21157315659587198
10632,0.3706666666666666,5,48,5,268287,337323,17428,90528,3.1246341101930417,0.2115876788882111
10633,0.3706666666666667,2,17,2,268304,337306,17430,90526,3.1244766386305534,0.21159240075543673
10634,0.3707142857142857,0,3,0,268307,337303,17430,90526,3.1244488495312903,0.21159388447253458
10635,0.3707142857142858,0,1,0,268308,337302,17430,90526,3.124439586498203,0.21159437904952458
10636,0.37075,0,7,0,268315,337295,17430,90526,3.12437474526659,0.21159784115319258
10637,0.3707777777777777,0,1,0,268316,337294,17430,90526,3.1243654822335025,0.21159833574867934
10638,0.370784188034188,0,4,0,268320,337290,17430,90526,3.1243284301011522,0.21160031415374833
10639,0.3708095238095237,0,1,0,268321,337289,17430,90526,3.1243191670680646,0.21160080876079615
10640,0.3708333333333333,13,158,13,268479,337131,17443,90513,3.1228556078402314,0.2116550214664534
10641,0.3709285714285714,0,1,0,268480,337130,17443,90513,3.1228463448071437,0.21165551640036198
10642,0.3709285714285715,0,1,0,268481,337129,17443,90513,3.122837081774056,0.21165601133658526
10643,0.3709523809523808,0,3,0,268484,337126,17443,90513,3.1228092926747935,0.2116574961591436
10644,0.3709523809523809,0,3,0,268487,337123,17443,90513,3.122781503575531,0.21165898100253486
10645,0.3709761904761904,0,3,0,268490,337120,17443,90513,3.1227537144762683,0.21166046586675957
10646,0.3709999999999999,0,10,0,268500,337110,17443,90513,3.122661084145393,0.21166541556464455
10647,0.371,9,87,9,268587,337023,17452,90504,3.121855200266775,0.21169189314359094
10648,0.3710714285714286,1,1,1,268588,337022,17453,90503,3.121845937233688,0.21169054441260746
10649,0.371111111111111,1,0,1,268588,337022,17454,90502,3.121845937233688,0.21168870051739785
10650,0.3711111111111111,0,4,0,268592,337018,17454,90502,3.1218088851013377,0.21169068113772455
10651,0.3711190476190475,0,1,0,268593,337017,17454,90502,3.12179962206825,0.21169117629859727
10652,0.3711190476190477,0,1,0,268594,337016,17454,90502,3.1217903590351623,0.2116916714617864
10653,0.3711212121212121,1,1,1,268595,337015,17455,90501,3.121781096002075,0.21169032270137259
10654,0.3711428571428571,0,3,0,268598,337012,17455,90501,3.121753306902812,0.21169180820232367
10655,0.3711666666666666,2,9,2,268607,337003,17457,90499,3.1216699396050243,0.21169257687683332
10656,0.3711904761904762,1,6,1,268613,336997,17458,90498,3.121614361406499,0.21169370401993007
10657,0.3712380952380952,0,2,0,268615,336995,17458,90498,3.1215958353403237,0.2116946944160489
10658,0.37125,1,9,1,268624,336986,17459,90497,3.121512468042536,0.2116973072613414
10659,0.3712857142857143,0,1,0,268625,336985,17459,90497,3.1215032050094482,0.2116978024805723
10660,0.3713095238095238,0,1,0,268626,336984,17459,90497,3.1214939419763605,0.2116982977021201
10661,0.3713333333333332,1,4,1,268630,336980,17460,90496,3.1214568898440107,0.21169843453199713
10662,0.3713333333333333,0,26,0,268656,336954,17460,90496,3.121216050983734,0.21171131126447537
10663,0.3713333333333334,1,7,1,268663,336947,17461,90495,3.1211512097521212,0.2117129341524698
10664,0.3713888888888889,0,1,0,268664,336946,17461,90495,3.1211419467190336,0.21171342945576116
10665,0.3714285714285714,0,6,0,268670,336940,17461,90495,3.1210863685205084,0.21171640132417793
10666,0.3714404761904762,0,1,0,268671,336939,17461,90495,3.1210771054874207,0.21171689664369236
10667,0.3714523809523809,1,1,1,268672,336938,17462,90494,3.1210678424543334,0.2117155477362481
10668,0.371452380952381,1,0,1,268672,336938,17463,90493,3.1210678424543334,0.21171370349834243
10669,0.3714761904761904,1,1,1,268673,336937,17464,90492,3.1210585794212458,0.2117123545664894
10670,0.3714761904761905,0,1,0,268674,336936,17464,90492,3.121049316388158,0.21171284988348915
10671,0.3714999999999999,0,1,0,268675,336935,17464,90492,3.1210400533550704,0.21171334520280657
10672,0.3715,4,42,4,268717,336893,17468,90488,3.120651005965393,0.2117267730666548
10673,0.3715238095238095,0,1,0,268718,336892,17468,90488,3.120641742932306,0.21172726847302167
10674,0.3715238095238096,0,1,0,268719,336891,17468,90488,3.120632479899218,0.21172776388170686
10675,0.371547619047619,0,2,0,268721,336889,17468,90488,3.1206139538330433,0.2117287547060324
10676,0.3715555555555554,0,2,0,268723,336887,17468,90488,3.120595427766868,0.21172974553963148
10677,0.3715833333333333,0,1,0,268724,336886,17468,90488,3.1205861647337803,0.21173024095990864
10678,0.3715833333333334,1,1,1,268725,336885,17469,90487,3.120576901700693,0.2117288919255356
10679,0.3716071428571428,0,1,0,268726,336884,17469,90487,3.1205676386676053,0.2117293873472931
10680,0.3716190476190476,1,0,1,268726,336884,17470,90486,3.1205676386676053,0.21172754287853615
10681,0.3716309523809524,0,2,0,268728,336882,17470,90486,3.1205491126014304,0.21172853372269332
10682,0.3716666666666666,22,249,22,268977,336633,17492,90464,3.1182426173626294,0.21181136837767534
10683,0.3716666666666667,26,220,26,269197,336413,17518,90438,3.116204750083367,0.2118725269473423
10684,0.3717142857142857,0,1,0,269198,336412,17518,90438,3.11619548705028,0.21187302331029637
10685,0.3717142857142858,1,3,1,269201,336409,17519,90437,3.116167697951017,0.21187266602006344
10686,0.3717499999999999,0,1,0,269202,336408,17519,90437,3.1161584349179297,0.21187316238915765
10687,0.3717619047619048,0,1,0,269203,336407,17519,90437,3.116149171884842,0.21187365876057762
10688,0.3717857142857143,0,5,0,269208,336402,17519,90437,3.116102856719404,0.21187614065256455
10689,0.3718095238095237,0,1,0,269209,336401,17519,90437,3.1160935936863168,0.21187663703793946
10690,0.3718333333333333,2,21,2,269230,336380,17521,90435,3.115899069991478,0.2118833686726099
10691,0.3718571428571428,0,1,0,269231,336379,17521,90435,3.1158898069583905,0.2118838651028317
10692,0.3719047619047619,0,2,0,269233,336377,17521,90435,3.1158712808922155,0.2118848579702539
10693,0.3719285714285715,0,1,0,269234,336376,17521,90435,3.115862017859128,0.21188535440745435
10694,0.371952380952381,0,1,0,269235,336375,17521,90435,3.11585275482604,0.21188585084698108
10695,0.3719523809523811,0,2,0,269237,336373,17521,90435,3.1158342287598653,0.21188684373301345
10696,0.3719999999999999,2,7,2,269244,336366,17523,90433,3.1157693875282524,0.21188662578872022
10697,0.372,11,91,11,269335,336275,17534,90422,3.114926451517285,0.21191149691701605
10698,0.3720238095238095,0,3,0,269338,336272,17534,90422,3.114898662418022,0.21191298682428156
10699,0.3720714285714286,0,1,0,269339,336271,17534,90422,3.1148893993849347,0.2119134834646924
10700,0.3720833333333332,0,3,0,269342,336268,17534,90422,3.114861610285672,0.21191497339989218
10701,0.3720833333333334,0,1,0,269343,336267,17534,90422,3.1148523472525844,0.21191547004961458
10702,0.3720952380952381,0,2,0,269345,336265,17534,90422,3.114833821186409,0.2119164633560432
10703,0.3721269841269841,0,1,0,269346,336264,17534,90422,3.114824558153322,0.21191696001274943
10704,0.3721428571428571,0,5,0,269351,336259,17534,90422,3.114778242987884,0.21191944333120058
10705,0.3721666666666666,0,2,0,269353,336257,17534,90422,3.114759716921709,0.21192043667487737
10706,0.3721666666666667,2,10,2,269363,336247,17536,90420,3.1146670865908335,0.2119217094361645
10707,0.3721904761904761,0,1,0,269364,336246,17536,90420,3.114657823557746,0.2119222061284471
10708,0.3722222222222222,0,1,0,269365,336245,17536,90420,3.114648560524658,0.2119227028230579
10709,0.3722222222222223,0,1,0,269366,336244,17536,90420,3.1146392974915704,0.211923199519997
10710,0.3722380952380952,0,2,0,269368,336242,17536,90420,3.1146207714253955,0.21192419292086007
10711,0.37225,0,1,0,269369,336241,17536,90420,3.114611508392308,0.21192468962478409
10712,0.3722619047619047,0,1,0,269370,336240,17536,90420,3.1146022453592206,0.21192518633103644
10713,0.3723095238095238,1,1,1,269371,336239,17537,90419,3.114592982326133,0.2119238359529178
10714,0.3723278388278388,0,1,0,269372,336238,17537,90419,3.1145837192930452,0.21192433266066185
10715,0.3723333333333333,5,39,5,269411,336199,17542,90414,3.1142224610026306,0.21193446988253992
10716,0.3723448773448773,0,2,0,269413,336197,17542,90414,3.1142039349364556,0.21193546345499764
10717,0.3723809523809523,0,1,0,269414,336196,17542,90414,3.114194671903368,0.21193596024472
10718,0.3723809523809524,1,5,1,269419,336191,17543,90413,3.1141483567379304,0.21193659693767522
10719,0.3723888888888889,0,1,0,269420,336190,17543,90413,3.1141390937048428,0.21193709373820624
10720,0.3724603174603174,0,1,0,269421,336189,17543,90413,3.114129830671755,0.21193759054106637
10721,0.3724642857142857,0,2,0,269423,336187,17543,90413,3.11411130460558,0.21193858415377403
10722,0.3724999999999999,2,9,2,269432,336178,17545,90411,3.114027937307792,0.2119393608367773
10723,0.3725,41,378,41,269810,335800,17586,90370,3.1105265108006965,0.21205152873266536
10724,0.3725714285714285,0,1,0,269811,335799,17586,90370,3.110517247767609,0.21205202630881176
10725,0.3725833333333334,0,1,0,269812,335798,17586,90370,3.1105079847345216,0.2120525238872933
10726,0.3725952380952381,0,2,0,269814,335796,17586,90370,3.1104894586683463,0.2120535190512617
10727,0.3726190476190475,3,8,3,269822,335788,17589,90367,3.110415354403646,0.21205195292792528
10728,0.3726190476190477,0,2,0,269824,335786,17589,90367,3.1103968283374708,0.21205294811957207
10729,0.3726515151515152,1,1,1,269825,335785,17590,90366,3.110387565304383,0.21205159673449084
10730,0.3726666666666666,4,42,4,269867,335743,17594,90362,3.109998517914706,0.21206510132479084
10731,0.3726666666666667,2,2,2,269869,335741,17596,90360,3.109979991848531,0.21206239835156454
10732,0.3726688311688312,0,1,0,269870,335740,17596,90360,3.1099707288154432,0.21206289603379488
10733,0.3727380952380952,0,1,0,269871,335739,17596,90360,3.109961465782356,0.21206339371836122
10734,0.3727499999999999,1,1,1,269872,335738,17597,90359,3.1099522027492683,0.21206204221104585
10735,0.3727777777777777,0,3,0,269875,335735,17597,90359,3.1099244136500057,0.2120635352762536
10736,0.3728095238095237,0,1,0,269876,335734,17597,90359,3.109915150616918,0.2120640329693283
10737,0.3728333333333333,1,10,1,269886,335724,17598,90358,3.1098225202860426,0.21206716078125806
10738,0.3728333333333334,0,4,0,269890,335720,17598,90358,3.1097854681536923,0.2120691516576777
10739,0.3728484848484848,0,1,0,269891,335719,17598,90358,3.1097762051206046,0.21206964938262332
10740,0.3728571428571428,1,15,1,269906,335704,17599,90357,3.109637259624291,0.21207526621774817
10741,0.3728571428571429,0,1,0,269907,335703,17599,90357,3.109627996591204,0.21207576397690467
10742,0.3729166666666666,0,2,0,269909,335701,17599,90357,3.1096094705250286,0.2120767595022274
10743,0.3729430014430013,0,1,0,269910,335700,17599,90357,3.1096002074919413,0.21207725726839366
10744,0.3729967532467533,0,1,0,269911,335699,17599,90357,3.1095909444588536,0.21207775503689655
10745,0.373,6,62,6,269973,335637,17605,90351,3.1090166364074254,0.21209752387391195
10746,0.373047619047619,0,2,0,269975,335635,17605,90351,3.10899811034125,0.2120985196696605
10747,0.3730555555555556,0,1,0,269976,335634,17605,90351,3.1089888473081624,0.21209901757104124
10748,0.3730833333333334,0,1,0,269977,335633,17605,90351,3.108979584275075,0.2120995154747596
10749,0.3730952380952381,0,4,0,269981,335629,17605,90351,3.108942532142725,0.21210150711301
10750,0.3731428571428571,1,1,1,269982,335628,17606,90350,3.108933269109637,0.21210015540708674
10751,0.3731666666666666,3,18,3,270000,335610,17609,90347,3.108766534514061,0.21210356913960798
10752,0.3731666666666667,0,5,0,270005,335605,17609,90347,3.1087202193486236,0.21210605889865525
10753,0.3731904761904762,0,1,0,270006,335604,17609,90347,3.108710956315536,0.21210655685747892
10754,0.3732142857142857,0,1,0,270007,335603,17609,90347,3.1087016932824483,0.21210705481864067
10755,0.3732142857142858,0,1,0,270008,335602,17609,90347,3.108692430249361,0.21210755278214058
10756,0.373219696969697,0,1,0,270009,335601,17609,90347,3.1086831672162734,0.21210805074797862
10757,0.3732222222222222,0,1,0,270010,335600,17609,90347,3.1086739041831857,0.21210854871615484
10758,0.37325,0,3,0,270013,335597,17609,90347,3.108646115083923,0.21211004263471253
10759,0.3732857142857143,0,2,0,270015,335595,17609,90347,3.108627589017748,0.21211103859210878
10760,0.3733181818181817,0,1,0,270016,335594,17609,90347,3.1086183259846605,0.21211153657431428
10761,0.3733333333333332,0,2,0,270018,335592,17609,90347,3.108599799918485,0.2121125325457401
10762,0.3733333333333333,68,795,68,270813,334797,17677,90279,3.1012356886138797,0.212383197357649
10763,0.3733333333333334,0,1,0,270814,334796,17677,90279,3.101226425580792,0.212383696994648
10764,0.3733571428571427,0,1,0,270815,334795,17677,90279,3.1012171625477047,0.21238419663399785
10765,0.3733809523809523,0,2,0,270817,334793,17677,90279,3.1011986364815294,0.21238519591975005
10766,0.3733809523809524,0,1,0,270818,334792,17677,90279,3.101189373448442,0.21238569556615247
10767,0.3733928571428571,0,1,0,270819,334791,17677,90279,3.1011801104153545,0.2123861952149058
10768,0.3734166666666666,0,1,0,270820,334790,17677,90279,3.101170847382267,0.21238669486601
10769,0.3734444444444444,0,2,0,270822,334788,17677,90279,3.101152321316092,0.2123876941752712
10770,0.373452380952381,1,0,1,270822,334788,17678,90278,3.101152321316092,0.21238584125759294
10771,0.3734761904761904,0,1,0,270823,334787,17678,90278,3.101143058283004,0.2123863409125663
10772,0.3734880952380953,0,1,0,270824,334786,17678,90278,3.1011337952499165,0.21238684056989066
10773,0.3734999999999999,0,2,0,270826,334784,17678,90278,3.1011152691837416,0.2123878398915923
10774,0.3735,2,23,2,270849,334761,17680,90276,3.1009022194227276,0.2123956267336726
10775,0.3735000000000001,0,1,0,270850,334760,17680,90276,3.1008929563896404,0.2123961264457599
10776,0.3735119047619047,0,1,0,270851,334759,17680,90276,3.1008836933565527,0.21239662616019858
10777,0.3735119047619048,0,1,0,270852,334758,17680,90276,3.100874430323465,0.21239712587698867
10778,0.373521645021645,0,1,0,270853,334757,17680,90276,3.1008651672903778,0.21239762559613018
10779,0.3735238095238095,0,1,0,270854,334756,17680,90276,3.10085590425729,0.21239812531762314
10780,0.3735555555555555,0,1,0,270855,334755,17680,90276,3.1008466412242024,0.21239862504146756
10781,0.3735714285714285,0,1,0,270856,334754,17680,90276,3.1008373781911147,0.21239912476766346
10782,0.3735714285714286,0,5,0,270861,334749,17680,90276,3.100791063025677,0.21240162343391567
10783,0.373611111111111,0,1,0,270862,334748,17680,90276,3.1007817999925895,0.21240212317422075
10784,0.3736363636363636,0,1,0,270863,334747,17680,90276,3.100772536959502,0.21240262291687745
10785,0.3736376678876676,1,3,1,270866,334744,17681,90275,3.1007447478602392,0.2124022690750296
10786,0.3736428571428571,0,1,0,270867,334743,17681,90275,3.100735484827152,0.21240276882390863
10787,0.3736666666666666,2,31,2,270898,334712,17683,90273,3.1004483308014374,0.21241455580785204
10788,0.3736666666666667,0,4,0,270902,334708,17683,90273,3.1004112786690876,0.2124165550930512
10789,0.3736904761904761,0,1,0,270903,334707,17683,90273,3.100402015636,0.21241705492023155
10790,0.3736904761904762,0,1,0,270904,334706,17683,90273,3.1003927526029122,0.2124175547497641
10791,0.3737142857142857,0,1,0,270905,334705,17683,90273,3.1003834895698246,0.21241805458164895
10792,0.3737222222222223,0,1,0,270906,334704,17683,90273,3.1003742265367373,0.21241855441588603
10793,0.3737380952380952,0,1,0,270907,334703,17683,90273,3.1003649635036497,0.21241905425247543
10794,0.37375,1,4,1,270911,334699,17684,90272,3.1003279113712994,0.21241920036896636
10795,0.3737500000000001,0,1,0,270912,334698,17684,90272,3.1003186483382117,0.21241970021413276
10796,0.3737777777777778,0,1,0,270913,334697,17684,90272,3.1003093853051245,0.21242020006165155
10797,0.3737857142857141,0,1,0,270914,334696,17684,90272,3.1003001222720368,0.21242069991152274
10798,0.3738095238095238,2,3,2,270917,334693,17686,90270,3.100272333172774,0.21241849290408812
10799,0.3738333333333333,1,7,1,270924,334686,17687,90269,3.1002074919411613,0.2124201386029109
10800,0.3738333333333334,0,2,0,270926,334684,17687,90269,3.100188965874986,0.21242113833765147
10801,0.3738571428571429,0,4,0,270930,334680,17687,90269,3.100151913742636,0.21242313783536376
10802,0.3738809523809523,1,0,1,270930,334680,17688,90268,3.100151913742636,0.21242128448657246
10803,0.3738820346320347,0,2,0,270932,334678,17688,90268,3.1001333876764607,0.21242228424317441
10804,0.3738888888888889,0,1,0,270933,334677,17688,90268,3.100124124643373,0.2124227841250044
10805,0.3739166666666667,0,1,0,270934,334676,17688,90268,3.100114861610286,0.21242328400918709
10806,0.3739285714285714,0,1,0,270935,334675,17688,90268,3.100105598577198,0.21242378389572247
10807,0.3739393939393939,0,1,0,270936,334674,17688,90268,3.1000963355441105,0.21242428378461062
10808,0.373952380952381,1,1,1,270937,334673,17689,90267,3.1000870725110232,0.21242293029604178
10809,0.3739999999999999,1,0,1,270937,334673,17690,90266,3.1000870725110232,0.21242107690750908
10810,0.374,19,155,19,271092,334518,17709,90247,3.0986513023824522,0.2124633620943345
10811,0.3740476190476189,0,2,0,271094,334516,17709,90247,3.098632776316277,0.21246436247978284
10812,0.3740476190476191,0,4,0,271098,334512,17709,90247,3.0985957241839266,0.2124663632789417
10813,0.3740833333333333,0,1,0,271099,334511,17709,90247,3.0985864611508394,0.2124668634846195
10814,0.374095238095238,0,3,0,271102,334508,17709,90247,3.0985586720515768,0.2124683641157844
10815,0.3740952380952381,1,0,1,271102,334508,17710,90246,3.0985586720515768,0.21246651002698033
10816,0.3741269841269841,0,1,0,271103,334507,17710,90246,3.098549409018489,0.21246701023889178
10817,0.3741428571428571,0,1,0,271104,334506,17710,90246,3.0985401459854014,0.21246751045315854
10818,0.3741666666666666,6,82,6,271186,334424,17716,90240,3.0977805772722222,0.21249740971685852
10819,0.3741666666666667,3,77,3,271263,334347,17719,90237,3.09706732372448,0.21253038268045898
10820,0.3742142857142857,0,1,0,271264,334346,17719,90237,3.097058060691393,0.21253088324308791
10821,0.37425,1,0,1,271264,334346,17720,90236,3.097058060691393,0.21252902855043312
10822,0.3742846320346319,1,0,1,271264,334346,17721,90235,3.097058060691393,0.21252717384904177
10823,0.3742857142857143,2,17,2,271281,334329,17723,90233,3.0969005891289045,0.2125319741286314
10824,0.3743174603174602,0,1,0,271282,334328,17723,90233,3.096891326095817,0.21253247472094705
10825,0.3743333333333333,4,48,4,271330,334280,17727,90229,3.0964467005076144,0.21254908612067117
10826,0.3743571428571428,1,1,1,271331,334279,17728,90228,3.0964374374745267,0.21254773183952208
10827,0.3744285714285715,0,1,0,271332,334278,17728,90228,3.096428174441439,0.21254823253381577
10828,0.3744444444444444,2,2,2,271334,334276,17730,90226,3.096409648375264,0.21254552393157158
10829,0.3744761904761905,1,1,1,271335,334275,17731,90225,3.0964003853421764,0.21254416961130743
10830,0.3744999999999999,0,3,0,271338,334272,17731,90225,3.096372596242914,0.21254567170086008
10831,0.3745,3,15,3,271353,334257,17734,90222,3.0962336507466004,0.21254761719661044
10832,0.3745119047619048,0,2,0,271355,334255,17734,90222,3.0962151246804255,0.2125486186530719
10833,0.3745238095238095,0,4,0,271359,334251,17734,90222,3.096178072548075,0.21255062159430635
10834,0.3745476190476191,0,1,0,271360,334250,17734,90222,3.0961688095149875,0.2125511223355133
10835,0.3745555555555555,1,0,1,271360,334250,17735,90221,3.0961688095149875,0.21254926720553347
10836,0.3745714285714286,0,1,0,271361,334249,17735,90221,3.0961595464819,0.21254976794590902
10837,0.3745833333333332,1,4,1,271365,334245,17736,90220,3.09612249434955,0.2125499157763302
10838,0.3745952380952381,1,0,1,271365,334245,17737,90219,3.09612249434955,0.21254806061291417
10839,0.3746153846153846,0,1,0,271366,334244,17737,90219,3.0961132313164623,0.212548561358705
10840,0.3746428571428571,0,5,0,271371,334239,17737,90219,3.0960669161510244,0.21255106512305105
10841,0.3746666666666666,2,8,2,271379,334231,17739,90217,3.0959928118863242,0.21255136082629675
10842,0.3746666666666667,3,33,3,271412,334198,17742,90214,3.0956871317944348,0.21256232151777046
10843,0.3747142857142856,0,2,0,271414,334196,17742,90214,3.09566860572826,0.21256332320162108
10844,0.3747222222222221,0,2,0,271416,334194,17742,90214,3.0956500796620845,0.21256432489491245
10845,0.3747222222222222,0,1,0,271417,334193,17742,90214,3.095640816628997,0.21256482574509847
10846,0.3747380952380952,0,1,0,271418,334192,17742,90214,3.0956315535959096,0.2125653265976447
10847,0.37475,0,1,0,271419,334191,17742,90214,3.095622290562822,0.21256582745255123
10848,0.3747619047619047,2,2,2,271421,334189,17744,90212,3.095603764496647,0.21256311837154013
10849,0.3747619047619048,0,2,0,271423,334187,17744,90212,3.0955852384304716,0.21256412008510858
10850,0.3747727272727272,0,1,0,271424,334186,17744,90212,3.095575975397384,0.2125646209454333
10851,0.3747857142857142,0,1,0,271425,334185,17744,90212,3.0955667123642967,0.21256512180811835
10852,0.3747896825396825,0,1,0,271426,334184,17744,90212,3.095557449331209,0.21256562267316376
10853,0.3748095238095238,0,3,0,271429,334181,17744,90212,3.0955296602319464,0.21256712528246224
10854,0.3748214285714286,0,1,0,271430,334180,17744,90212,3.0955203971988587,0.21256762615694924
10855,0.3748333333333333,3,26,3,271456,334154,17747,90209,3.0952795583385826,0.2125750831245891
10856,0.3748333333333334,0,2,0,271458,334152,17747,90209,3.0952610322724072,0.2125760849842469
10857,0.3748412698412698,0,1,0,271459,334151,17747,90209,3.0952517692393196,0.2125765859176171
10858,0.3748571428571428,0,1,0,271460,334150,17747,90209,3.0952425062062323,0.21257708685334822
10859,0.3748571428571429,0,2,0,271462,334148,17747,90209,3.095223980140057,0.21257808873189318
10860,0.3748690476190476,0,1,0,271463,334147,17747,90209,3.0952147171069697,0.21257858967470708
10861,0.3748809523809524,0,2,0,271465,334145,17747,90209,3.0951961910407944,0.21257959156741776
10862,0.3749011544011543,0,1,0,271466,334144,17747,90209,3.0951869280077067,0.2125800925173146
10863,0.3749761904761904,0,1,0,271467,334143,17747,90209,3.0951776649746194,0.21258059346957242
10864,0.3749999999999999,2,15,2,271482,334128,17749,90207,3.095038719478306,0.21258439676199228
10865,0.375,137,1442,137,272924,332686,17886,90070,3.0816814257660528,0.21305433867289877
10866,0.3750238095238095,0,3,0,272927,332683,17886,90070,3.08165363666679,0.21305585057941634
10867,0.3750476190476191,0,1,0,272928,332682,17886,90070,3.0816443736337025,0.213056354553024
10868,0.375111111111111,0,1,0,272929,332681,17886,90070,3.0816351106006152,0.2130568585290159
10869,0.3751190476190476,0,3,0,272932,332678,17886,90070,3.081607321501352,0.21305837047129733
10870,0.3751190476190477,0,1,0,272933,332677,17886,90070,3.081598058468265,0.21305887445682642
10871,0.3751666666666666,0,19,0,272952,332658,17886,90070,3.0814220608396012,0.21306845063492363
10872,0.3751666666666667,0,3,0,272955,332655,17886,90070,3.0813942717403386,0.21306996274173517
10873,0.3751904761904762,0,1,0,272956,332654,17886,90070,3.081385008707251,0.21307046678210842
10874,0.3751948051948052,0,3,0,272959,332651,17886,90070,3.0813572196079884,0.21307197891753663
10875,0.3752056277056277,0,1,0,272960,332650,17886,90070,3.0813479565749007,0.2130724829674489
10876,0.3752142857142857,0,1,0,272961,332649,17886,90070,3.0813386935418134,0.21307298701974597
10877,0.3752380952380952,1,1,1,272962,332648,17887,90069,3.0813294305087258,0.21307162948260894
10878,0.3752619047619047,0,1,0,272963,332647,17887,90069,3.081320167475638,0.2130721335364642
10879,0.3752857142857142,0,3,0,272966,332644,17887,90069,3.0812923783763755,0.2130736457123391
10880,0.3752900432900432,0,3,0,272969,332641,17887,90069,3.081264589277113,0.21307515790967804
10881,0.3753333333333333,4,33,4,273002,332608,17891,90065,3.0809589091852234,0.21308434652793057
10882,0.3753333333333334,0,5,0,273007,332603,17891,90065,3.080912594019786,0.2130868672338573
10883,0.3753571428571428,1,2,1,273009,332601,17892,90064,3.0808940679536105,0.213086013746111
10884,0.3753809523809523,0,1,0,273010,332600,17892,90064,3.0808848049205233,0.21308651789601196
10885,0.3753928571428571,0,1,0,273011,332599,17892,90064,3.0808755418874356,0.21308702204829852
10886,0.3754166666666666,0,1,0,273012,332598,17892,90064,3.080866278854348,0.2130875262029707
10887,0.3754166666666667,0,1,0,273013,332597,17892,90064,3.0808570158212607,0.2130880303600285
10888,0.3754761904761904,1,1,1,273014,332596,17893,90063,3.080847752788173,0.2130866727077857
10889,0.3754761904761905,1,3,1,273017,332593,17894,90062,3.0808199636889104,0.21308632336066058
10890,0.3754999999999999,0,24,0,273041,332569,17894,90062,3.080597650894809,0.21309842392063053
10891,0.3755,1,4,1,273045,332565,17895,90061,3.080560598762459,0.21309857888535017
10892,0.3755357142857143,0,1,0,273046,332564,17895,90061,3.0805513357293712,0.21309908311150547
10893,0.3755555555555556,0,6,0,273052,332558,17895,90061,3.080495757530846,0.21310210851854744
10894,0.3755714285714285,0,1,0,273053,332557,17895,90061,3.0804864944977584,0.21310261276140627
10895,0.3756190476190476,1,0,1,273053,332557,17896,90060,3.0804864944977584,0.21310075079800386
10896,0.3756565656565657,0,1,0,273054,332556,17896,90060,3.0804772314646707,0.21310125504003635
10897,0.3756666666666666,2,34,2,273088,332522,17898,90058,3.080162288339694,0.2131146765109565
10898,0.3756666666666667,0,17,0,273105,332505,17898,90058,3.0800048167772056,0.21312325026090784
10899,0.3757023809523809,0,2,0,273107,332503,17898,90058,3.0799862907110303,0.21312425898272674
10900,0.3757142857142856,1,17,1,273124,332486,17899,90057,3.079828819148542,0.21313097128576264
10901,0.3757142857142858,0,1,0,273125,332485,17899,90057,3.0798195561154547,0.21313147568762394
10902,0.3757222222222222,0,1,0,273126,332484,17899,90057,3.079810293082367,0.21313198009187273
10903,0.3757619047619047,0,2,0,273128,332482,17899,90057,3.0797917670161916,0.2131329889075328
10904,0.3757619047619048,0,1,0,273129,332481,17899,90057,3.0797825039831044,0.2131334933189441
10905,0.3757857142857142,0,1,0,273130,332480,17899,90057,3.0797732409500167,0.21313399773274294
10906,0.3757987012987013,0,3,0,273133,332477,17899,90057,3.079745451850754,0.21313551098846484
10907,0.3758095238095238,0,5,0,273138,332472,17899,90057,3.079699136685316,0.213138033129087
10908,0.3758225108225109,0,1,0,273139,332471,17899,90057,3.079689873652229,0.21313853756437443
10909,0.3758333333333333,15,142,15,273281,332329,17914,90042,3.078374522953796,0.21318224972831942
10910,0.3758333333333334,0,1,0,273282,332328,17914,90042,3.0783652599207083,0.2131827544569927
10911,0.3758571428571428,0,1,0,273283,332327,17914,90042,3.078355996887621,0.21318325918805595
10912,0.3758571428571429,0,1,0,273284,332326,17914,90042,3.0783467338545334,0.2131837639215092
10913,0.3758809523809523,0,1,0,273285,332325,17914,90042,3.0783374708214457,0.2131842686573525
10914,0.3758928571428571,0,1,0,273286,332324,17914,90042,3.078328207788358,0.2131847733955858
10915,0.3759047619047619,0,2,0,273288,332322,17914,90042,3.078309681722183,0.21318578287922266
10916,0.3759523809523809,1,8,1,273296,332314,17915,90041,3.0782355774574826,0.21318795799741924
10917,0.375952380952381,0,4,0,273300,332310,17915,90041,3.0781985253251323,0.2131899770569976
10918,0.3759615384615384,1,0,1,273300,332310,17916,90040,3.0781985253251323,0.2131881141233574
10919,0.3759999999999999,1,7,1,273307,332303,17917,90039,3.0781336840935194,0.21318978458216328
10920,0.376,14,117,14,273424,332186,17931,90025,3.077049909222276,0.21322277250000593
10921,0.3760000000000001,0,4,0,273428,332182,17931,90025,3.0770128570899256,0.21322479257804822
10922,0.3760238095238095,0,1,0,273429,332181,17931,90025,3.077003594056838,0.2132252976035395
10923,0.3760555555555555,0,1,0,273430,332180,17931,90025,3.07699433102375,0.21322580263142313
10924,0.3760714285714286,1,3,1,273433,332177,17932,90024,3.0769665419244876,0.21322545422677824
10925,0.3761111111111111,0,2,0,273435,332175,17932,90024,3.0769480158583127,0.21322646429764164
10926,0.3761190476190476,0,1,0,273436,332174,17932,90024,3.076938752825225,0.21322696933666194
10927,0.3761666666666666,2,14,2,273450,332160,17934,90022,3.0768090703619992,0.2132303129929746
10928,0.3761666666666667,1,1,1,273451,332159,17935,90021,3.0767998073289116,0.2132289544743948
10929,0.3761904761904762,1,0,1,273451,332159,17936,90020,3.0767998073289116,0.2132270908785136
10930,0.37625,0,5,0,273456,332154,17936,90020,3.076753492163474,0.21322961622458986
10931,0.3762857142857143,1,2,1,273458,332152,17937,90019,3.0767349660972987,0.2132287627525339
10932,0.3763095238095238,0,3,0,273461,332149,17937,90019,3.076707176998036,0.21323027799359498
10933,0.3763333333333332,0,1,0,273462,332148,17937,90019,3.076697913964949,0.21323078307873425
10934,0.3763333333333333,4,22,4,273484,332126,17941,90015,3.0764941272370225,0.2132344406252887
10935,0.3763333333333334,0,6,0,273490,332120,17941,90015,3.0764385490384973,0.21323747142501806
10936,0.3763571428571428,0,1,0,273491,332119,17941,90015,3.0764292860054097,0.2132379765666826
10937,0.3763809523809523,0,1,0,273492,332118,17941,90015,3.076420022972322,0.21323848171074045
10938,0.3763888888888889,1,0,1,273492,332118,17942,90014,3.076420022972322,0.21323661792993662
10939,0.3764069264069263,0,2,0,273494,332116,17942,90014,3.076401496906147,0.21323762821879516
10940,0.3764246031746032,0,1,0,273495,332115,17942,90014,3.0763922338730594,0.2132381333668144
10941,0.3764285714285714,1,4,1,273499,332111,17943,90013,3.076355181740709,0.21323829017066076
10942,0.376452380952381,0,2,0,273501,332109,17943,90013,3.076336655674534,0.21323930048658918
10943,0.3764761904761905,0,2,0,273503,332107,17943,90013,3.076318129608359,0.21324031081209135
10944,0.3764999999999999,0,1,0,273504,332106,17943,90013,3.0763088665752716,0.2132408159784326
10945,0.3765,4,28,4,273532,332078,17947,90009,3.07604950164882,0.2132475058459512
10946,0.3765476190476191,0,2,0,273534,332076,17947,90009,3.0760309755826447,0.21324851629411137
10947,0.3765555555555555,0,4,0,273538,332072,17947,90009,3.0759939234502944,0.21325053721915935
10948,0.3765555555555556,0,2,0,273540,332070,17947,90009,3.0759753973841195,0.21325154769604743
10949,0.3765714285714285,0,1,0,273541,332069,17947,90009,3.075966134351032,0.21325205293808253
10950,0.3765833333333333,0,1,0,273542,332068,17947,90009,3.075956871317944,0.2132525581825117
10951,0.3766363636363636,1,0,1,273542,332068,17948,90008,3.075956871317944,0.21325069418777662
10952,0.3766388888888889,0,2,0,273544,332066,17948,90008,3.0759383452517692,0.21325170467737886
10953,0.3766666666666666,43,363,43,273907,331703,17991,89965,3.0725758642409873,0.2133550565848013
10954,0.3766666666666667,33,397,33,274304,331306,18024,89932,3.068898440105228,0.2134945090423941
10955,0.3766904761904762,0,5,0,274309,331301,18024,89932,3.06885212493979,0.21349704320411744
10956,0.3767142857142858,0,1,0,274310,331300,18024,89932,3.0688428619067025,0.2134975500436814
10957,0.3767222222222222,0,1,0,274311,331299,18024,89932,3.0688335988736153,0.21349805688565182
10958,0.37675,0,2,0,274313,331297,18024,89932,3.06881507280744,0.21349907057681214
10959,0.3767698412698412,0,2,0,274315,331295,18024,89932,3.068796546741265,0.21350008427759853
10960,0.3767857142857143,2,5,2,274320,331290,18026,89930,3.068750231575827,0.21349888419353308
10961,0.3768095238095238,1,0,1,274320,331290,18027,89929,3.068750231575827,0.21349701699116136
10962,0.3768333333333333,1,19,1,274339,331271,18028,89928,3.0685742339471638,0.2135047804007132
10963,0.3768571428571428,0,4,0,274343,331267,18028,89928,3.0685371818148135,0.21350680801054145
10964,0.3768571428571429,0,1,0,274344,331266,18028,89928,3.068527918781726,0.21350731491901595
10965,0.3768888888888888,0,1,0,274345,331265,18028,89928,3.068518655748638,0.21350782182989747
10966,0.3769047619047619,1,6,1,274351,331259,18029,89927,3.068463077550113,0.2135089960255089
10967,0.3769166666666667,0,1,0,274352,331258,18029,89927,3.0684538145170253,0.2135095029500101
10968,0.3769184981684981,1,0,1,274352,331258,18030,89926,3.0684538145170253,0.2135076356176873
10969,0.3769285714285713,0,3,0,274355,331255,18030,89926,3.0684260254177627,0.21350915639594378
10970,0.3769404761904762,0,1,0,274356,331254,18030,89926,3.0684167623846754,0.21350966332684362
10971,0.3769603174603175,1,1,1,274357,331253,18031,89925,3.0684074993515877,0.2135083029028107
10972,0.3769642857142857,1,0,1,274357,331253,18032,89924,3.0684074993515877,0.21350643553660337
10973,0.3769999999999999,1,7,1,274364,331246,18033,89923,3.068342658119975,0.21350811669424863
10974,0.377,6,63,6,274427,331183,18039,89917,3.067759087035459,0.21352885300403704
10975,0.3770396825396825,0,1,0,274428,331182,18039,89917,3.0677498240023713,0.21352936007922127
10976,0.3770714285714285,1,1,1,274429,331181,18040,89916,3.0677405609692836,0.21352799948705406
10977,0.3770833333333334,0,1,0,274430,331180,18040,89916,3.0677312979361964,0.21352850656382394
10978,0.3770952380952381,0,1,0,274431,331179,18040,89916,3.0677220349031087,0.21352901364300217
10979,0.377142857142857,0,1,0,274432,331178,18040,89916,3.067712771870021,0.2135295207245888
10980,0.3771428571428571,0,11,0,274443,331167,18040,89916,3.067610878506058,0.2135350987810004
10981,0.3771428571428572,0,1,0,274444,331166,18040,89916,3.0676016154729706,0.21353560589148907
10982,0.3771666666666666,0,4,0,274448,331162,18040,89916,3.0675645633406203,0.21353763435752995
10983,0.3771666666666667,0,13,0,274461,331149,18040,89916,3.0674441439104823,0.21354422713832782
10984,0.3771904761904761,0,3,0,274464,331146,18040,89916,3.067416354811219,0.2135457486070935
10985,0.3771904761904762,0,2,0,274466,331144,18040,89916,3.0673978287450443,0.2135467629316487
10986,0.3772222222222222,0,1,0,274467,331143,18040,89916,3.0673885657119566,0.21354727009753977
10987,0.3772222222222223,0,1,0,274468,331142,18040,89916,3.0673793026788694,0.21354777726583987
10988,0.3772380952380952,0,1,0,274469,331141,18040,89916,3.0673700396457817,0.21354828443654897
10989,0.37725,0,3,0,274472,331138,18040,89916,3.067342250546519,0.2135498059631306
10990,0.3772619047619047,0,2,0,274474,331136,18040,89916,3.0673237244803437,0.2135508203262305
10991,0.3772727272727272,0,1,0,274475,331135,18040,89916,3.0673144614472565,0.2135513275113941
10992,0.3772839105339106,0,5,0,274480,331130,18040,89916,3.0672681462818185,0.2135538634733497
10993,0.3772857142857142,0,1,0,274481,331129,18040,89916,3.067258883248731,0.21355437067296845
10994,0.3772857142857143,1,0,1,274481,331129,18041,89915,3.067258883248731,0.21355250282630794
10995,0.3773030303030302,0,1,0,274482,331128,18041,89915,3.0672496202156436,0.21355301002510432
10996,0.3773055555555555,0,1,0,274483,331127,18041,89915,3.067240357182556,0.21355351722630997
10997,0.3773095238095238,0,1,0,274484,331126,18041,89915,3.0672310941494683,0.21355402442992488
10998,0.3773333333333333,6,44,6,274528,331082,18047,89909,3.066823520693616,0.21356513559672297
10999,0.3773333333333334,0,4,0,274532,331078,18047,89909,3.066786468561266,0.21356716478181037
11000,0.3773611111111111,1,1,1,274533,331077,18048,89908,3.066777205528178,0.21356580400726866
11001,0.3773690476190476,0,1,0,274534,331076,18048,89908,3.0667679424950904,0.21356631130874332
11002,0.3774047619047619,0,1,0,274535,331075,18048,89908,3.066758679462003,0.21356681861262805
11003,0.3774285714285714,0,1,0,274536,331074,18048,89908,3.0667494164289155,0.2135673259189229
11004,0.3774404761904762,0,1,0,274537,331073,18048,89908,3.066740153395828,0.21356783322762785
11005,0.3774999999999999,1,5,1,274542,331068,18049,89907,3.0666938382303903,0.21356850169249955
11006,0.3775,46,418,46,274960,330650,18095,89861,3.0628218903997926,0.21369476660539202
11007,0.3775158730158729,0,3,0,274963,330647,18095,89861,3.06279410130053,0.21369629115260588
11008,0.3775476190476191,0,2,0,274965,330645,18095,89861,3.0627755752343546,0.21369730752950017
11009,0.3775714285714285,0,1,0,274966,330644,18095,89861,3.0627663122012674,0.21369781572157287
11010,0.3776190476190476,1,10,1,274976,330634,18096,89860,3.0626736818703915,0.21370102783868497
11011,0.3776190476190477,0,1,0,274977,330633,18096,89860,3.0626644188373042,0.2137015360541079
11012,0.3776666666666666,3,44,3,275021,330589,18099,89857,3.0622568453814516,0.21371828962577835
11013,0.3776666666666667,1,4,1,275025,330585,18100,89856,3.0622197932491013,0.21371845276745133
11014,0.3776944444444444,0,1,0,275026,330584,18100,89856,3.062210530216014,0.2137189610883836
11015,0.37775,1,1,1,275027,330583,18101,89855,3.0622012671829264,0.21371759926552786
11016,0.3777619047619047,0,3,0,275030,330580,18101,89855,3.062173478083664,0.2137191242403701
11017,0.3777619047619048,2,6,2,275036,330574,18103,89853,3.0621178998851386,0.21371843387793837
11018,0.3777777777777777,0,1,0,275037,330573,18103,89853,3.062108636852051,0.2137189422157526
11019,0.3778333333333333,1,6,1,275043,330567,18104,89852,3.0620530586535257,0.21372012206869814
11020,0.3778333333333334,1,2,1,275045,330565,18105,89851,3.0620345325873504,0.21371926853402345
11021,0.3778534243534243,0,3,0,275048,330562,18105,89851,3.0620067434880878,0.21372079360057847
11022,0.3778571428571428,0,4,0,275052,330558,18105,89851,3.0619696913557375,0.21372282705650925
11023,0.3778888888888889,0,1,0,275053,330557,18105,89851,3.06196042832265,0.21372333542653804
11024,0.3779047619047619,1,3,1,275056,330554,18106,89850,3.061932639223387,0.21372299026650554
11025,0.3779166666666666,0,2,0,275058,330552,18106,89850,3.0619141131572123,0.21372400702185052
11026,0.3779166666666667,1,0,1,275058,330552,18107,89849,3.0619141131572123,0.21372213672184415
11027,0.3779444444444444,0,1,0,275059,330551,18107,89849,3.0619048501241246,0.21372264509990485
11028,0.3779761904761904,0,1,0,275060,330550,18107,89849,3.061895587091037,0.21372315348038412
11029,0.3779761904761905,1,1,1,275061,330549,18108,89848,3.0618863240579497,0.21372179154465898
11030,0.3779848484848485,1,0,1,275061,330549,18109,89847,3.0618863240579497,0.21371992121713812
11031,0.3779999999999999,8,84,8,275145,330465,18117,89839,3.061108229278595,0.213747668354334
11032,0.378,1,5,1,275150,330460,18118,89838,3.061061914113157,0.21374834046319516
11033,0.3780555555555555,0,1,0,275151,330459,18118,89838,3.0610526510800695,0.21374884902818722
11034,0.3780833333333333,0,2,0,275153,330457,18118,89838,3.0610341250138946,0.21374986616543143
11035,0.378095238095238,0,1,0,275154,330456,18118,89838,3.061024861980807,0.21375037473768363
11036,0.3780952380952381,1,4,1,275158,330452,18119,89837,3.0609878098484566,0.21375053832006072
11037,0.3781428571428571,0,1,0,275159,330451,18119,89837,3.0609785468153694,0.21375104690117253
11038,0.378154761904762,0,1,0,275160,330450,18119,89837,3.0609692837822817,0.2137515554847045
11039,0.3781587301587301,0,1,0,275161,330449,18119,89837,3.060960020749194,0.21375206407065664
11040,0.3781666666666666,1,17,1,275178,330432,18120,89836,3.0608025491867057,0.21375883959759012
11041,0.3781666666666667,0,4,0,275182,330428,18120,89836,3.0607654970543554,0.21376087411722156
11042,0.3781825396825397,0,1,0,275183,330427,18120,89836,3.0607562340212677,0.21376138275318074
11043,0.3782142857142856,0,4,0,275187,330423,18120,89836,3.060719181888918,0.21376341732122334
11044,0.3782380952380953,0,2,0,275189,330421,18120,89836,3.0607006558227425,0.21376443461976838
11045,0.37825,1,2,1,275191,330419,18121,89835,3.0606821297565676,0.21376358107239907
11046,0.3782510822510822,0,1,0,275192,330418,18121,89835,3.06067286672348,0.2137640897269026
11047,0.3782857142857142,0,1,0,275193,330417,18121,89835,3.0606636036903923,0.21376459838382686
11048,0.3782857142857143,0,2,0,275195,330415,18121,89835,3.0606450776242173,0.21376561570493754
11049,0.3783214285714285,0,2,0,275197,330413,18121,89835,3.060626551558042,0.2137666330357313
11050,0.3783333333333332,1,0,1,275197,330413,18122,89834,3.060626551558042,0.21376476215178217
11051,0.3783333333333333,45,462,45,275659,329951,18167,89789,3.056347030271592,0.21391575737361224
11052,0.3783333333333334,0,2,0,275661,329949,18167,89789,3.056328504205417,0.21391677665591394
11053,0.3784145021645021,0,2,0,275663,329947,18167,89789,3.0563099781392418,0.21391779594792917
11054,0.3784264069264068,0,1,0,275664,329946,18167,89789,3.0563007151061545,0.21391830559757943
11055,0.3784523809523809,0,3,0,275667,329943,18167,89789,3.0562729260068915,0.2139198345611009
11056,0.378452380952381,1,0,1,275667,329943,18168,89788,3.0562729260068915,0.21391796174216343
11057,0.3784999999999999,0,5,0,275672,329938,18168,89788,3.056226610841454,0.2139205100470307
11058,0.3785,1,41,1,275713,329897,18169,89787,3.0558468264848644,0.21393953546001276
11059,0.3785238095238095,1,1,1,275714,329896,18170,89786,3.0558375634517767,0.21393817223516853
11060,0.378547619047619,1,1,1,275715,329895,18171,89785,3.055828300418689,0.2139368089973313
11061,0.3785714285714285,1,1,1,275716,329894,18172,89784,3.0558190373856013,0.2139354457465009
11062,0.3785714285714286,0,11,0,275727,329883,18172,89784,3.0557171440216386,0.21394105326365903
11063,0.3785833333333333,0,1,0,275728,329882,18172,89784,3.055707880988551,0.2139415630525227
11064,0.3786190476190475,0,1,0,275729,329881,18172,89784,3.0556986179554633,0.2139420728438159
11065,0.3786666666666666,3,49,3,275778,329832,18175,89781,3.055244729334173,0.21396143589450278
11066,0.3786666666666667,0,3,0,275781,329829,18175,89781,3.0552169402349105,0.21396296561092443
11067,0.3786904761904762,0,2,0,275783,329827,18175,89781,3.0551984141687356,0.21396398543402415
11068,0.3787142857142856,0,3,0,275786,329824,18175,89781,3.0551706250694726,0.21396551518690196
11069,0.37875,2,5,2,275791,329819,18177,89779,3.055124309904035,0.21396431822839956
11070,0.3788095238095238,0,4,0,275795,329815,18177,89779,3.0550872577716848,0.2139663579555475
11071,0.3788095238095239,0,1,0,275796,329814,18177,89779,3.055077994738597,0.213966867893411
11072,0.3788333333333332,0,2,0,275798,329812,18177,89779,3.055059468672422,0.21396788777642992
11073,0.3788333333333333,0,8,0,275806,329804,18177,89779,3.0549853644077216,0.2139719674057338
11074,0.3788333333333334,0,5,0,275811,329799,18177,89779,3.054939049242284,0.2139745172530495
11075,0.3788571428571428,0,1,0,275812,329798,18177,89779,3.0549297862091964,0.21397502722980524
11076,0.3788888888888888,0,2,0,275814,329796,18177,89779,3.054911260143021,0.21397604719060956
11077,0.3789285714285714,0,5,0,275819,329791,18177,89779,3.0548649449775835,0.21397859713516218
11078,0.3789999999999999,0,4,0,275823,329787,18177,89779,3.0548278928452333,0.21398063713456286
11079,0.379,11,85,11,275908,329702,18188,89768,3.054040535032791,0.2140033852242115
11080,0.3790476190476189,0,1,0,275909,329701,18188,89768,3.0540312719997034,0.21400389540109044
11081,0.3790476190476191,0,3,0,275912,329698,18188,89768,3.0540034829004408,0.21400542594632224
11082,0.3790833333333334,0,1,0,275913,329697,18188,89768,3.0539942198673535,0.21400593613293123
11083,0.3791139971139971,0,1,0,275914,329696,18188,89768,3.053984956834266,0.2140064463219728
11084,0.3791666666666666,8,71,8,275985,329625,18196,89760,3.0533272814850494,0.21402768339354053
11085,0.3791666666666667,12,71,12,276056,329554,18208,89748,3.052669606135833,0.21404143075873713
11086,0.3792023809523809,1,0,1,276056,329554,18209,89747,3.052669606135833,0.21403955630919078
11087,0.3792142857142857,0,1,0,276057,329553,18209,89747,3.0526603431027457,0.21404006677796328
11088,0.3792261904761905,1,1,1,276058,329552,18210,89746,3.052651080069658,0.21403870278417736
11089,0.37925,0,1,0,276059,329551,18210,89746,3.0526418170365703,0.21403921325456657
11090,0.3792857142857143,0,7,0,276066,329544,18210,89746,3.0525769758049575,0.214042786615469
11091,0.3793095238095237,0,1,0,276067,329543,18210,89746,3.0525677127718702,0.21404329710533784
11092,0.3793333333333333,5,50,5,276117,329493,18215,89741,3.0521045611174924,0.21405945128496257
11093,0.3794047619047619,0,2,0,276119,329491,18215,89741,3.052086035051317,0.21406047248301657
11094,0.3794166666666666,0,1,0,276120,329490,18215,89741,3.05207677201823,0.21406098308569738
11095,0.3794166666666667,0,1,0,276121,329489,18215,89741,3.052067508985142,0.21406149369081412
11096,0.3794444444444444,0,1,0,276122,329488,18215,89741,3.0520582459520544,0.21406200429836678
11097,0.379452380952381,0,1,0,276123,329487,18215,89741,3.052048982918967,0.21406251490835534
11098,0.3794999999999999,0,2,0,276125,329485,18215,89741,3.052030456852792,0.21406353613564044
11099,0.3795,1,29,1,276154,329456,18216,89740,3.0517618288932526,0.2140764701953263
11100,0.3795238095238095,0,4,0,276158,329452,18216,89740,3.0517247767609024,0.2140785129487204
11101,0.3795833333333333,0,4,0,276162,329448,18216,89740,3.0516877246285525,0.21408055574109947
11102,0.3795833333333334,0,1,0,276163,329447,18216,89740,3.051678461595465,0.21408106644528577
11103,0.3796111111111112,0,3,0,276166,329444,18216,89740,3.0516506724962023,0.2140825985724646
11104,0.3796428571428571,0,2,0,276168,329442,18216,89740,3.051632146430027,0.2140836200027673
11105,0.3796547619047618,0,2,0,276170,329440,18216,89740,3.051613620363852,0.21408464144281694
11106,0.3796547619047619,0,1,0,276171,329439,18216,89740,3.0516043573307643,0.2140851521664969
11107,0.3796666666666666,2,9,2,276180,329430,18218,89738,3.0515209900329765,0.21408599893121613
11108,0.3796666666666667,2,32,2,276212,329398,18220,89736,3.0512245729741747,0.21409859376714846
11109,0.379699494949495,0,1,0,276213,329397,18220,89736,3.051215309941087,0.21409910458016906
11110,0.3797499999999999,0,1,0,276214,329396,18220,89736,3.0512060469079993,0.21409961539562716
11111,0.37975,0,1,0,276215,329395,18220,89736,3.051196783874912,0.21410012621352273
11112,0.3797619047619048,0,3,0,276218,329392,18220,89736,3.0511689947756495,0.21410165868183467
11113,0.3797857142857143,0,2,0,276220,329390,18220,89736,3.051150468709474,0.21410268033956376
11114,0.3797976190476191,0,2,0,276222,329388,18220,89736,3.0511319426432992,0.21410370200704326
11115,0.3798095238095238,0,2,0,276224,329386,18220,89736,3.051113416577124,0.2141047236842733
11116,0.3798333333333332,0,3,0,276227,329383,18220,89736,3.0510856274778613,0.214106256218401
11117,0.3798333333333333,2,16,2,276243,329367,18222,89734,3.0509374189484606,0.21411067976454362
11118,0.3798650793650793,0,1,0,276244,329366,18222,89734,3.050928155915373,0.2141111906466237
11119,0.3798809523809523,0,1,0,276245,329365,18222,89734,3.0509188928822852,0.2141117015311418
11120,0.3798809523809524,0,1,0,276246,329364,18222,89734,3.050909629849198,0.2141122124180979
11121,0.3799090909090909,1,1,1,276247,329363,18223,89733,3.0509003668161103,0.21411084811117262
11122,0.3799166666666667,0,1,0,276248,329362,18223,89733,3.0508911037830226,0.21411135899974945
11123,0.3799285714285714,0,2,0,276250,329360,18223,89733,3.0508725777168477,0.21411238078421735
11124,0.3799523809523809,0,1,0,276251,329359,18223,89733,3.05086331468376,0.2141128916801084
11125,0.379952380952381,0,1,0,276252,329358,18223,89733,3.0508540516506724,0.2141134025784376
11126,0.3799603174603175,0,4,0,276256,329354,18223,89733,3.050816999518322,0.21411544619613587
11127,0.3799999999999999,1,26,1,276282,329328,18224,89732,3.050576160658046,0.21412685534291032
11128,0.38,388,3725,388,280007,325603,18612,89344,3.0160713624069064,0.21531424495176493
11129,0.3800476190476189,0,1,0,280008,325602,18612,89344,3.0160620993738188,0.21531476384878998
11130,0.3800555555555556,0,1,0,280009,325601,18612,89344,3.0160528363407315,0.21531528274831604
11131,0.3800714285714286,0,2,0,280011,325599,18612,89344,3.016034310274556,0.2153163205548714
11132,0.3801190476190476,0,2,0,280013,325597,18612,89344,3.0160157842083812,0.21531735837143112
11133,0.3801190476190477,0,1,0,280014,325596,18612,89344,3.0160065211752936,0.21531787728346266
11134,0.3801269841269842,0,3,0,280017,325593,18612,89344,3.015978732076031,0.21531943403456427
11135,0.3801428571428571,0,1,0,280018,325592,18612,89344,3.0159694690429433,0.21531995295660053
11136,0.3801666666666666,3,12,3,280030,325580,18615,89341,3.015858312645893,0.21532050679526946
11137,0.3801666666666667,0,1,0,280031,325579,18615,89341,3.015849049612805,0.21532102573990167
11138,0.380189393939394,0,1,0,280032,325578,18615,89341,3.0158397865797175,0.2153215446870353
11139,0.3802063492063492,0,1,0,280033,325577,18615,89341,3.0158305235466303,0.2153220636366704
11140,0.3802121212121211,0,1,0,280034,325576,18615,89341,3.0158212605135426,0.2153225825888069
11141,0.3802222222222222,0,1,0,280035,325575,18615,89341,3.015811997480455,0.21532310154344494
11142,0.3802380952380952,0,1,0,280036,325574,18615,89341,3.0158027344473672,0.21532362050058446
11143,0.3802777777777777,0,1,0,280037,325573,18615,89341,3.01579347141428,0.2153241394602255
11144,0.3802857142857142,0,1,0,280038,325572,18615,89341,3.0157842083811923,0.21532465842236806
11145,0.3803333333333332,0,1,0,280039,325571,18615,89341,3.0157749453481046,0.21532517738701218
11146,0.3803333333333333,0,27,0,280066,325544,18615,89341,3.015524843454741,0.21533919037805657
11147,0.3803333333333334,2,5,2,280071,325539,18617,89339,3.015478528289303,0.21533800297918906
11148,0.3803571428571428,0,6,0,280077,325533,18617,89339,3.0154229500907777,0.2153411172602634
11149,0.3804126984126983,0,2,0,280079,325531,18617,89339,3.0154044240246027,0.21534215537397258
11150,0.3804126984126984,0,3,0,280082,325528,18617,89339,3.01537663492534,0.21534371256330342
11151,0.3804166666666666,0,2,0,280084,325526,18617,89339,3.0153581088591648,0.2153447507020356
11152,0.3804166666666667,0,1,0,280085,325525,18617,89339,3.015348845826077,0.21534526977515522
11153,0.380452380952381,0,1,0,280086,325524,18617,89339,3.01533958279299,0.21534578885077724
11154,0.3804761904761904,0,1,0,280087,325523,18617,89339,3.015330319759902,0.21534630792890166
11155,0.3804761904761905,0,4,0,280091,325519,18617,89339,3.015293267627552,0.2153483842664237
11156,0.3804761904761906,0,1,0,280092,325518,18617,89339,3.015284004594464,0.2153489033570604
11157,0.3804999999999999,3,16,3,280108,325502,18620,89336,3.0151357960650635,0.21535153481600047
11158,0.3805,0,2,0,280110,325500,18620,89336,3.0151172699988886,0.21535257306501845
11159,0.3805238095238095,0,1,0,280111,325499,18620,89336,3.015108006965801,0.21535309219328166
11160,0.380547619047619,0,1,0,280112,325498,18620,89336,3.0150987439327133,0.21535361132404768
11161,0.3805555555555556,0,1,0,280113,325497,18620,89336,3.0150894808996256,0.21535413045731655
11162,0.3805833333333332,0,1,0,280114,325496,18620,89336,3.0150802178665383,0.21535464959308828
11163,0.3805833333333333,0,2,0,280116,325494,18620,89336,3.015061691800363,0.2153556878721404
11164,0.3805952380952381,0,2,0,280118,325492,18620,89336,3.015043165734188,0.21535672616120416
11165,0.3806190476190476,0,1,0,280119,325491,18620,89336,3.0150339027011004,0.21535724530949046
11166,0.3806428571428571,0,1,0,280120,325490,18620,89336,3.0150246396680127,0.21535776446027974
11167,0.3806666666666666,4,37,4,280157,325453,18624,89332,3.0146819074437734,0.21536940824764636
11168,0.3806666666666667,0,8,0,280165,325445,18624,89332,3.014607803179073,0.2153735621791951
11169,0.3807142857142856,0,5,0,280170,325440,18624,89332,3.0145614880136353,0.2153761584677847
11170,0.3807222222222222,0,1,0,280171,325439,18624,89332,3.0145522249805476,0.2153766777330141
11171,0.3807380952380953,1,0,1,280171,325439,18625,89331,3.0145522249805476,0.2153747860259903
11172,0.3807619047619048,0,1,0,280172,325438,18625,89331,3.01454296194746,0.21537530529041465
11173,0.3807857142857142,0,1,0,280173,325437,18625,89331,3.0145336989143727,0.2153758245573429
11174,0.3808333333333333,20,154,20,280327,325283,18645,89311,3.013107191818889,0.21541797517571407
11175,0.380845238095238,0,1,0,280328,325282,18645,89311,3.0130979287858017,0.21541849476474517
11176,0.3809166666666667,0,1,0,280329,325281,18645,89311,3.013088665752714,0.2154190143562828
11177,0.3809523809523809,0,11,0,280340,325270,18645,89311,3.012986772388751,0.21542473002863133
11178,0.380952380952381,0,5,0,280345,325265,18645,89311,3.0129404572233134,0.21542732816178456
11179,0.3809999999999999,2,9,2,280354,325256,18647,89309,3.012857089925525,0.21542821994138434
11180,0.381,12,76,12,280430,325180,18659,89297,3.012153099410871,0.21544500659867738
11181,0.3810238095238095,0,2,0,280432,325178,18659,89297,3.012134573344696,0.21544604620302793
11182,0.3810555555555555,0,1,0,280433,325177,18659,89297,3.0121253103116086,0.21544656600896558
11183,0.3810714285714285,0,1,0,280434,325176,18659,89297,3.012116047278521,0.2154470858174115
11184,0.3810714285714286,0,5,0,280439,325171,18659,89297,3.012069732113083,0.2154496848972659
11185,0.3810833333333333,1,1,1,280440,325170,18660,89296,3.0120604690799957,0.215448311803622
11186,0.3810952380952381,0,1,0,280441,325169,18660,89296,3.012051206046908,0.21544883162631345
11187,0.381111111111111,0,1,0,280442,325168,18660,89296,3.0120419430138203,0.21544935145151328
11188,0.3811111111111111,0,1,0,280443,325167,18660,89296,3.012032679980733,0.21544987127922155
11189,0.3811190476190477,0,1,0,280444,325166,18660,89296,3.0120234169476454,0.21545039110943826
11190,0.3811666666666666,1,6,1,280450,325160,18661,89295,3.01196783874912,0.21545161718401273
11191,0.3811904761904762,0,4,0,280454,325156,18661,89295,3.01193078661677,0.2154536965769174
11192,0.3812103174603175,0,1,0,280455,325155,18661,89295,3.0119215235836823,0.21545421643141513
11193,0.3812222222222222,0,1,0,280456,325154,18661,89295,3.0119122605505946,0.2154547362884215
11194,0.38125,0,8,0,280464,325146,18661,89295,3.0118381562858945,0.21545889523478615
11195,0.3812619047619047,0,1,0,280465,325145,18661,89295,3.011828893252807,0.2154594151143712
11196,0.3812857142857143,0,2,0,280467,325143,18661,89295,3.0118103671866314,0.21546045488106785
11197,0.3812878787878787,0,1,0,280468,325142,18661,89295,3.011801104153544,0.2154609747681795
11198,0.3813095238095238,0,1,0,280469,325141,18661,89295,3.0117918411204565,0.21546149465779998
11199,0.3813095238095239,0,1,0,280470,325140,18661,89295,3.011782578087369,0.21546201454992941
11200,0.3813333333333332,0,2,0,280472,325138,18661,89295,3.011764052021194,0.21546305434171506
11201,0.3813333333333333,6,33,6,280505,325105,18667,89289,3.0114583719293044,0.21546885331351323
11202,0.3813333333333334,2,5,2,280510,325100,18669,89287,3.011412056763867,0.2154676666980383
11203,0.3813571428571428,1,1,1,280511,325099,18670,89286,3.0114027937307792,0.21546629342278317
11204,0.3813690476190476,0,1,0,280512,325098,18670,89286,3.0113935306976916,0.2154668133904784
11205,0.3814166666666667,0,1,0,280513,325097,18670,89286,3.0113842676646043,0.21546733336068324
11206,0.3814285714285714,2,10,2,280523,325087,18672,89284,3.0112916373337284,0.21546874660630208
11207,0.3814444444444445,0,1,0,280524,325086,18672,89284,3.011282374300641,0.21546926659748533
11208,0.3814761904761904,0,2,0,280526,325084,18672,89284,3.011263848234466,0.21547030658738126
11209,0.3815,2,27,2,280553,325057,18674,89282,3.011013746341102,0.21548056060375684
11210,0.3815833333333333,0,1,0,280554,325056,18674,89282,3.0110044833080143,0.2154810806636128
11211,0.381595238095238,0,1,0,280555,325055,18674,89282,3.0109952202749266,0.2154816007259791
11212,0.3815952380952381,0,2,0,280557,325053,18674,89282,3.0109766942087517,0.21548264085824273
11213,0.3816190476190476,0,3,0,280560,325050,18674,89282,3.010948905109489,0.21548420107546606
11214,0.3816666666666666,24,227,24,280787,324823,18698,89258,3.0088461965986144,0.21555685964823307
11215,0.3816666666666667,25,221,25,281008,324602,18723,89233,3.006799066286265,0.21562458467746806
11216,0.3816984126984127,0,1,0,281009,324601,18723,89233,3.0067898032531772,0.21562510571871812
11217,0.3817142857142858,0,1,0,281010,324600,18723,89233,3.0067805402200896,0.2156256267624863
11218,0.38175,0,1,0,281011,324599,18723,89233,3.0067712771870023,0.21562614780877265
11219,0.3817619047619047,0,1,0,281012,324598,18723,89233,3.0067620141539146,0.21562666885757711
11220,0.3817857142857142,0,1,0,281013,324597,18723,89233,3.006752751120827,0.21562718990889979
11221,0.3817857142857143,0,9,0,281022,324588,18723,89233,3.006669383823039,0.21563187948412477
11222,0.3818333333333333,0,20,0,281042,324568,18723,89233,3.0064841231612878,0.21564230149274652
11223,0.3818571428571428,0,1,0,281043,324567,18723,89233,3.0064748601282005,0.215642822619623
11224,0.3818571428571429,0,1,0,281044,324566,18723,89233,3.006465597095113,0.21564334374901825
11225,0.3819047619047618,0,1,0,281045,324565,18723,89233,3.006456334062025,0.21564386488093223
11226,0.3819047619047619,0,3,0,281048,324562,18723,89233,3.0064285449627626,0.21564542829178698
11227,0.3819285714285713,0,1,0,281049,324561,18723,89233,3.006419281929675,0.21564594943377624
11228,0.3819285714285714,0,1,0,281050,324560,18723,89233,3.0064100188965877,0.21564647057828432
11229,0.3819449170110933,2,5,2,281055,324555,18725,89231,3.0063637037311497,0.21564528524406334
11230,0.3819523809523809,0,1,0,281056,324554,18725,89231,3.006354440698062,0.21564580639704195
11231,0.381952380952381,0,1,0,281057,324553,18725,89231,3.0063451776649748,0.21564632755253949
11232,0.3819999999999999,3,5,3,281062,324548,18728,89228,3.006298862499537,0.21564324658752562
11233,0.382,6,85,6,281147,324463,18734,89222,3.0055115046870946,0.21567617873502787
11234,0.3820000000000001,0,1,0,281148,324462,18734,89222,3.0055022416540074,0.2156767000899237
11235,0.3820238095238095,0,1,0,281149,324461,18734,89222,3.0054929786209197,0.2156772214473401
11236,0.3820476190476191,0,1,0,281150,324460,18734,89222,3.005483715587832,0.21567774280727708
11237,0.3820595238095237,0,1,0,281151,324459,18734,89222,3.0054744525547443,0.21567826416973465
11238,0.3820634920634921,0,1,0,281152,324458,18734,89222,3.005465189521657,0.2156787855347128
11239,0.3820833333333333,1,6,1,281158,324452,18735,89221,3.0054096113231314,0.21568001779183074
11240,0.3820952380952381,1,2,1,281160,324450,18736,89220,3.0053910852569565,0.21567916455145406
11241,0.3821190476190476,0,1,0,281161,324449,18736,89220,3.005381822223869,0.21567968593247258
11242,0.3821428571428572,0,8,0,281169,324441,18736,89220,3.0053077179591687,0.21568385707137003
11243,0.3821666666666666,0,4,0,281173,324437,18736,89220,3.0052706658268185,0.2156859427013202
11244,0.3821666666666667,0,12,0,281185,324425,18736,89220,3.0051595094297676,0.2156921998331903
11245,0.3822222222222222,0,1,0,281186,324424,18736,89220,3.00515024639668,0.21569272127723357
11246,0.3822222222222223,0,1,0,281187,324423,18736,89220,3.0051409833635927,0.21569324272379806
11247,0.3822619047619047,0,1,0,281188,324422,18736,89220,3.005131720330505,0.2156937641728838
11248,0.3822727272727272,0,2,0,281190,324420,18736,89220,3.00511319426433,0.2156948070786191
11249,0.3823095238095238,1,1,1,281191,324419,18737,89219,3.0051039312312424,0.21569343242158603
11250,0.3823311688311687,0,1,0,281192,324418,18737,89219,3.0050946681981547,0.2156939538774336
11251,0.3823333333333332,1,5,1,281197,324413,18738,89218,3.0050483530327172,0.21569466505170068
11252,0.3823333333333333,5,39,5,281236,324374,18743,89213,3.0046870947423026,0.21570552265907778
11253,0.3823809523809524,1,1,1,281237,324373,18744,89212,3.004677831709215,0.2157041478777035
11254,0.3823809523809525,0,1,0,281238,324372,18744,89212,3.004668568676127,0.2157046694262834
11255,0.3824285714285714,0,1,0,281239,324371,18744,89212,3.00465930564304,0.21570519097738544
11256,0.382452380952381,0,1,0,281240,324370,18744,89212,3.0046500426099523,0.21570571253100956
11257,0.3824880952380953,1,0,1,281240,324370,18745,89211,3.0046500426099523,0.21570381618111084
11258,0.3824999999999999,1,7,1,281247,324363,18746,89210,3.0045852013783394,0.21570557072149293
11259,0.3825,35,418,35,281665,323945,18781,89175,3.0007132535477417,0.2158573780015492
11260,0.3825238095238096,0,1,0,281666,323944,18781,89175,3.000703990514654,0.21585790050808604
11261,0.3825476190476191,0,1,0,281667,323943,18781,89175,3.0006947274815667,0.2158584230171525
11262,0.3825714285714285,0,1,0,281668,323942,18781,89175,3.000685464448479,0.2158589455287485
11263,0.3825833333333333,0,1,0,281669,323941,18781,89175,3.0006762014153914,0.21585946804287415
11264,0.3826190476190475,0,1,0,281670,323940,18781,89175,3.0006669383823037,0.21585999055952942
11265,0.3826190476190476,1,1,1,281671,323939,18782,89174,3.0006576753492165,0.21585861495523018
11266,0.3826363636363636,0,1,0,281672,323938,18782,89174,3.0006484123161288,0.2158591374736149
11267,0.3826388888888889,0,3,0,281675,323935,18782,89174,3.000620623216866,0.21586070504394725
11268,0.3826666666666666,1,39,1,281714,323896,18783,89173,3.0002593649264515,0.21587918725442964
11269,0.3826666666666667,0,3,0,281717,323893,18783,89173,3.000231575827189,0.2158807551335622
11270,0.3826937229437229,0,2,0,281719,323891,18783,89173,3.0002130497610136,0.21588180039896965
11271,0.3827380952380952,0,1,0,281720,323890,18783,89173,3.0002037867279263,0.21588232303546917
11272,0.38275,1,1,1,281721,323889,18784,89172,3.0001945236948386,0.21588094736612753
11273,0.3827777777777778,0,1,0,281722,323888,18784,89172,3.000185260661751,0.21588147000435773
11274,0.3827857142857142,1,0,1,281722,323888,18785,89171,3.000185260661751,0.2158795716834641
11275,0.3827857142857143,0,1,0,281723,323887,18785,89171,3.0001759976286637,0.2158800943208944
11276,0.3828214285714285,0,1,0,281724,323886,18785,89171,3.000166734595576,0.21588061696085528
11277,0.3828333333333333,3,19,3,281743,323867,18788,89168,2.9999907369669123,0.21588485237328556
11278,0.3828398268398267,0,1,0,281744,323866,18788,89168,2.999981473933825,0.21588537505386965
11279,0.3828571428571428,0,9,0,281753,323857,18788,89168,2.999898106636037,0.215890079293021
11280,0.3828787878787878,0,2,0,281755,323855,18788,89168,2.999879580569862,0.21589112470734076
11281,0.3829047619047619,0,2,0,281757,323853,18788,89168,2.9998610545036866,0.21589217013178508
11282,0.3829166666666666,0,1,0,281758,323852,18788,89168,2.9998517914705993,0.215892692847804
11283,0.3829166666666667,0,5,0,281763,323847,18788,89168,2.9998054763051614,0.21589530646586685
11284,0.3829285714285714,1,2,1,281765,323845,18789,89167,2.9997869502389864,0.21589445342992455
11285,0.3829419191919191,1,1,1,281766,323844,18790,89166,2.9997776872058988,0.2158930776494516
11286,0.3829722222222221,1,0,1,281766,323844,18791,89165,2.9997776872058988,0.2158911791268471
11287,0.3829761904761904,0,1,0,281767,323843,18791,89165,2.999768424172811,0.21589170185565412
11288,0.3829761904761905,0,3,0,281770,323840,18791,89165,2.9997406350735485,0.21589327005726322
11289,0.3829999999999999,6,50,6,281820,323790,18797,89159,2.9992774834191707,0.2159080176971006
11290,0.383,0,5,0,281825,323785,18797,89159,2.999231168253733,0.21591063195009494
11291,0.3830555555555555,0,1,0,281826,323784,18797,89159,2.9992219052206455,0.21591115480829073
11292,0.3830714285714285,0,1,0,281827,323783,18797,89159,2.999212642187558,0.2159116776690189
11293,0.383080808080808,0,1,0,281828,323782,18797,89159,2.9992033791544706,0.21591220053227944
11294,0.3830833333333334,1,2,1,281830,323780,18798,89158,2.999184853088295,0.21591134746620558
11295,0.3830952380952381,0,1,0,281831,323779,18798,89158,2.9991755900552075,0.2159118703337313
11296,0.3831111111111111,0,2,0,281833,323777,18798,89158,2.9991570639890326,0.21591291607638005
11297,0.3831190476190476,0,1,0,281834,323776,18798,89158,2.999147800955945,0.21591343895150314
11298,0.3831666666666666,0,12,0,281846,323764,18798,89158,2.9990366445588945,0.21591971365051996
11299,0.3831666666666667,0,7,0,281853,323757,18798,89158,2.9989718033272816,0.21592337406003656
11300,0.3831862745098039,0,1,0,281854,323756,18798,89158,2.998962540294194,0.21592389698581302
11301,0.3832142857142857,1,1,1,281855,323755,18799,89157,2.9989532772611063,0.21592252102142828
11302,0.3832380952380952,1,0,1,281855,323755,18800,89156,2.9989532772611063,0.21592062211953666
11303,0.38325,0,1,0,281856,323754,18800,89156,2.998944014228019,0.21592114504371412
11304,0.3833333333333333,102,821,102,282677,322933,18902,89054,2.991339064063137,0.21615730593441054
11305,0.3833333333333334,0,1,0,282678,322932,18902,89054,2.9913298010300493,0.21615783060589439
11306,0.3833712121212121,1,0,1,282678,322932,18903,89053,2.9913298010300493,0.21615592800708763
11307,0.3833809523809524,0,1,0,282679,322931,18903,89053,2.9913205379969616,0.2161564526777739
11308,0.3834285714285715,0,1,0,282680,322930,18903,89053,2.9913112749638744,0.2161569773510072
11309,0.3834523809523809,0,2,0,282682,322928,18903,89053,2.991292748897699,0.21615802670511505
11310,0.383452380952381,0,5,0,282687,322923,18903,89053,2.9912464337322615,0.21616065013495933
11311,0.3834761904761904,0,1,0,282688,322922,18903,89053,2.991237170699174,0.2161611748285697
11312,0.3834999999999999,1,2,1,282690,322920,18904,89052,2.9912186446329985,0.2161603215752527
11313,0.3835,3,22,3,282712,322898,18907,89049,2.9910148579050726,0.21616615729693384
11314,0.3835079365079366,0,1,0,282713,322897,18907,89049,2.991005594871985,0.21616668204085002
11315,0.3835277777777778,0,1,0,282714,322896,18907,89049,2.9909963318388972,0.21616720678731385
11316,0.3835714285714285,0,2,0,282716,322894,18907,89049,2.9909778057727223,0.2161682562878845
11317,0.3835714285714286,1,6,1,282722,322888,18908,89048,2.9909222275741967,0.21616950205857222
11318,0.3835753968253969,0,1,0,282723,322887,18908,89048,2.9909129645411094,0.2161700268246204
11319,0.3835833333333333,0,1,0,282724,322886,18908,89048,2.9909037015080218,0.21617055159321638
11320,0.3835844155844155,0,3,0,282727,322883,18908,89048,2.990875912408759,0.21617212591429147
11321,0.3835952380952381,0,1,0,282728,322882,18908,89048,2.9908666493756715,0.21617265069307892
11322,0.3836111111111111,0,1,0,282729,322881,18908,89048,2.990857386342584,0.21617317547441428
11323,0.3836309523809523,0,2,0,282731,322879,18908,89048,2.990838860276409,0.2161742250447288
11324,0.3836428571428571,0,1,0,282732,322878,18908,89048,2.990829597243321,0.216174749833708
11325,0.3836607559107559,0,1,0,282733,322877,18908,89048,2.990820334210234,0.21617527462523517
11326,0.3836666666666666,4,33,4,282766,322844,18912,89044,2.9905146541183445,0.21618498232529232
11327,0.3836666666666667,0,2,0,282768,322842,18912,89044,2.9904961280521696,0.21618603205741393
11328,0.3837142857142857,1,0,1,282768,322842,18913,89043,2.9904961280521696,0.2161841290651517
11329,0.38375,0,10,0,282778,322832,18913,89043,2.9904034977212937,0.21618937784522002
11330,0.3837619047619048,0,1,0,282779,322831,18913,89043,2.9903942346882064,0.2161899027372449
11331,0.3837777777777778,0,1,0,282780,322830,18913,89043,2.9903849716551187,0.21619042763181853
11332,0.3838095238095238,2,9,2,282789,322821,18915,89041,2.990301604357331,0.21619134564490047
11333,0.3838235294117647,0,1,0,282790,322820,18915,89041,2.9902923413242433,0.21619187055827088
11334,0.3838333333333332,0,4,0,282794,322816,18915,89041,2.990255289191893,0.21619397023724254
11335,0.3838333333333333,1,14,1,282808,322802,18916,89040,2.9901256067286672,0.21619941628100098
11336,0.3838333333333334,0,3,0,282811,322799,18916,89040,2.9900978176294046,0.21620099116402283
11337,0.3838571428571428,0,2,0,282813,322797,18916,89040,2.9900792915632293,0.21620204109878421
11338,0.3838690476190476,0,2,0,282815,322795,18916,89040,2.9900607654970544,0.21620309104374325
11339,0.3839051226551226,1,2,1,282817,322793,18917,89039,2.9900422394308794,0.2162022378057072
11340,0.3839285714285714,0,2,0,282819,322791,18917,89039,2.990023713364704,0.21620328776436878
11341,0.383952380952381,0,1,0,282820,322790,18917,89039,2.9900144503316164,0.21620381274752384
11342,0.384,23,130,23,282950,322660,18940,89016,2.9888102560302348,0.21622829603863233
11343,0.3840476190476189,1,0,1,282950,322660,18941,89015,2.9888102560302348,0.21622639217829598
11344,0.384047619047619,0,10,0,282960,322650,18941,89015,2.988717625699359,0.216231644662529
11345,0.3840952380952381,0,1,0,282961,322649,18941,89015,2.9887083626662716,0.21623216992498737
11346,0.3841071428571428,0,1,0,282962,322648,18941,89015,2.988699099633184,0.21623269518999763
11347,0.3841428571428571,0,1,0,282963,322647,18941,89015,2.9886898366000962,0.21623322045755985
11348,0.3841666666666665,0,1,0,282964,322646,18941,89015,2.988680573567009,0.21623374572767398
11349,0.3841666666666666,9,75,9,283039,322571,18950,89006,2.9879858460854423,0.21625601041846362
11350,0.3841666666666667,5,83,5,283122,322488,18955,89001,2.9872170143391754,0.21629010739047702
11351,0.3842063492063492,0,1,0,283123,322487,18955,89001,2.9872077513060877,0.21629063301967494
11352,0.3842142857142857,0,2,0,283125,322485,18955,89001,2.9871892252399124,0.21629168428573511
11353,0.3842222222222222,1,0,1,283125,322485,18956,89000,2.9871892252399124,0.2162897797003536
11354,0.3842294372294372,0,1,0,283126,322484,18956,89000,2.987179962206825,0.21629030533386473
11355,0.38425,0,3,0,283129,322481,18956,89000,2.9871521731075625,0.2162918822497272
11356,0.3842857142857142,0,2,0,283131,322479,18956,89000,2.987133647041387,0.21629293353974322
11357,0.3842857142857143,0,15,0,283146,322464,18956,89000,2.9869947015450737,0.21630081854062566
11358,0.3842936507936507,0,1,0,283147,322463,18956,89000,2.9869854385119865,0.21630134422779204
11359,0.3843095238095238,0,1,0,283148,322462,18956,89000,2.986976175478899,0.21630186991751366
11360,0.3843333333333333,4,41,4,283189,322421,18960,88996,2.9865963911223092,0.2163158061042689
11361,0.3843611111111111,0,1,0,283190,322420,18960,88996,2.9865871280892216,0.2163163318879188
11362,0.3844444444444444,0,3,0,283193,322417,18960,88996,2.986559338989959,0.2163179092542044
11363,0.3844761904761904,1,6,1,283199,322411,18961,88995,2.9865037607914338,0.21631915917609368
11364,0.3844999999999999,0,2,0,283201,322409,18961,88995,2.9864852347252584,0.21632021079036665
11365,0.3845,3,23,3,283224,322386,18964,88992,2.986272184964245,0.2163265901433718
11366,0.3845119047619046,0,1,0,283225,322385,18964,88992,2.986262921931157,0.21632711600308233
11367,0.3845238095238095,2,6,2,283231,322379,18966,88990,2.986207343732632,0.216326461157744
11368,0.3845476190476191,0,1,0,283232,322378,18966,88990,2.9861980806995443,0.2163269870286459
11369,0.3845555555555555,0,1,0,283233,322377,18966,88990,2.9861888176664566,0.21632751290210445
11370,0.3845714285714285,0,1,0,283234,322376,18966,88990,2.9861795546333694,0.21632803877811974
11371,0.3845714285714286,0,2,0,283236,322374,18966,88990,2.986161028567194,0.2163290905378205
11372,0.3845833333333333,0,4,0,283240,322370,18966,88990,2.9861239764348437,0.21633119408790355
11373,0.3845952380952381,1,2,1,283242,322368,18967,88989,2.986105450368669,0.21633034079886815
11374,0.3846428571428572,0,6,0,283248,322362,18967,88989,2.986049872170143,0.21633349621126483
11375,0.3846666666666666,1,13,1,283261,322349,18968,88988,2.985929452740005,0.2163384281015323
11376,0.3846666666666667,1,30,1,283291,322319,18969,88987,2.9856515617473787,0.21635230217891302
11377,0.3846904761904762,1,0,1,283291,322319,18970,88986,2.9856515617473787,0.21635039690740449
11378,0.3847034632034632,0,2,0,283293,322317,18970,88986,2.9856330356812033,0.2163514489318094
11379,0.3847121212121211,0,1,0,283294,322316,18970,88986,2.985623772648116,0.21635197494784855
11380,0.3847222222222222,1,2,1,283296,322314,18971,88985,2.9856052465819407,0.21635112169006002
11381,0.3847499999999999,1,0,1,283296,322314,18972,88984,2.9856052465819407,0.21634921638325497
11382,0.38475,0,2,0,283298,322312,18972,88984,2.985586720515766,0.21635026841982416
11383,0.3847619047619047,0,10,0,283308,322302,18972,88984,2.9854940901848903,0.21635552875614536
11384,0.384797619047619,0,1,0,283309,322301,18972,88984,2.9854848271518026,0.21635605480384648
11385,0.3848076923076923,0,1,0,283310,322300,18972,88984,2.985475564118715,0.21635658085410567
11386,0.3848333333333332,0,4,0,283314,322296,18972,88984,2.9854385119863647,0.2163586850807236
11387,0.3848333333333333,3,21,3,283335,322275,18975,88981,2.985243988291526,0.21636401657361837
11388,0.3848333333333334,0,3,0,283338,322272,18975,88981,2.9852161991922634,0.21636559490143537
11389,0.3848571428571428,0,3,0,283341,322269,18975,88981,2.985188410093001,0.21636717325227964
11390,0.3848571428571429,0,1,0,283342,322268,18975,88981,2.985179147059913,0.216367699374345
11391,0.3848809523809523,0,1,0,283343,322267,18975,88981,2.985169884026826,0.216368225498969
11392,0.3848809523809524,0,2,0,283345,322265,18975,88981,2.9851513579606506,0.21636927775589307
11393,0.3848928571428571,0,1,0,283346,322264,18975,88981,2.985142094927563,0.21636980388819316
11394,0.3849285714285714,1,0,1,283346,322264,18976,88980,2.985142094927563,0.21636789837663284
11395,0.3849523809523809,0,1,0,283347,322263,18976,88980,2.9851328318944756,0.21636842450813754
11396,0.3849999999999999,4,10,4,283357,322253,18980,88976,2.9850402015636,0.21636606367741576
11397,0.385,150,1485,150,284842,320768,19130,88826,2.971284597428582,0.21686352827433997
11398,0.3850238095238095,0,1,0,284843,320767,19130,88826,2.9712753343954943,0.2168640577353617
11399,0.385111111111111,0,1,0,284844,320766,19130,88826,2.971266071362407,0.21686458719896873
11400,0.3851111111111111,0,1,0,284845,320765,19130,88826,2.9712568083293194,0.2168651166651611
11401,0.3851190476190476,0,2,0,284847,320763,19130,88826,2.9712382822631445,0.21686617560530191
11402,0.3851349206349206,0,1,0,284848,320762,19130,88826,2.971229019230057,0.21686670507925038
11403,0.3851428571428572,0,1,0,284849,320761,19130,88826,2.971219756196969,0.21686723455578424
11404,0.3851547619047619,1,2,1,284851,320759,19131,88825,2.971201230130794,0.2168663814992773
11405,0.3851666666666666,0,15,0,284866,320744,19131,88825,2.9710622846344807,0.21687432398448125
11406,0.3851666666666667,1,2,1,284868,320742,19132,88824,2.971043758568306,0.21687347094241222
11407,0.3852380952380952,0,5,0,284873,320737,19132,88824,2.970997443402868,0.2168761185757433
11408,0.3852777777777778,0,5,0,284878,320732,19132,88824,2.97095112823743,0.2168787662737208
11409,0.3852857142857142,0,1,0,284879,320731,19132,88824,2.9709418652043427,0.2168792958210741
11410,0.3852857142857143,0,1,0,284880,320730,19132,88824,2.970932602171255,0.21687982537101336
11411,0.3853095238095237,0,1,0,284881,320729,19132,88824,2.9709233391381673,0.21688035492353858
11412,0.3853333333333332,0,2,0,284883,320727,19132,88824,2.9709048130719924,0.21688141403634711
11413,0.3853333333333333,5,31,5,284914,320696,19137,88819,2.9706176590462783,0.21688827027093024
11414,0.3853373015873015,0,1,0,284915,320695,19137,88819,2.9706083960131906,0.2168887998945091
11415,0.3853571428571428,0,2,0,284917,320693,19137,88819,2.9705898699470152,0.21688985914942663
11416,0.3853650793650794,0,1,0,284918,320692,19137,88819,2.970580606913928,0.21689038878076536
11417,0.3853690476190476,0,2,0,284920,320690,19137,88819,2.9705620808477526,0.21689144805120278
11418,0.3854040404040404,0,1,0,284921,320689,19137,88819,2.9705528178146654,0.21689197769030152
11419,0.3854166666666667,0,3,0,284924,320686,19137,88819,2.9705250287154024,0.21689356662311815
11420,0.3854285714285714,0,1,0,284925,320685,19137,88819,2.970515765682315,0.21689409627256387
11421,0.3854761904761904,1,2,1,284927,320683,19138,88818,2.9704972396161398,0.21689324323994325
11422,0.3854761904761905,0,5,0,284932,320678,19138,88818,2.9704509244507022,0.21689589153496006
11423,0.3854827949827948,0,9,0,284941,320669,19138,88818,2.970367557152914,0.21690065862896746
11424,0.3854999999999999,3,25,3,284966,320644,19141,88815,2.970135981325725,0.21690816418737896
11425,0.3855,0,2,0,284968,320642,19141,88815,2.97011745525955,0.21690922367916535
11426,0.3855238095238095,0,2,0,284970,320640,19141,88815,2.9700989291933753,0.21691028318130198
11427,0.3855555555555556,0,3,0,284973,320637,19141,88815,2.970071140094112,0.21691187245391402
11428,0.3855714285714285,0,1,0,284974,320636,19141,88815,2.970061877061025,0.21691240221662667
11429,0.3856010784880754,0,1,0,284975,320635,19141,88815,2.9700526140279373,0.216912931981927
11430,0.3856060606060605,0,1,0,284976,320634,19141,88815,2.9700433509948496,0.216913461749815
11431,0.3856666666666666,2,23,2,284999,320611,19143,88813,2.969830301233836,0.2169218218765876
11432,0.3856666666666667,1,9,1,285008,320602,19144,88812,2.969746933936048,0.21692467771009297
11433,0.3857142857142857,4,11,4,285019,320591,19148,88808,2.969645040572085,0.21692285520970983
11434,0.3857142857142858,0,4,0,285023,320587,19148,88808,2.969607988439735,0.21692497465772664
11435,0.38575,1,1,1,285024,320586,19149,88807,2.969598725406647,0.2169235917565762
11436,0.3857619047619047,0,1,0,285025,320585,19149,88807,2.9695894623735595,0.21692412162426233
11437,0.3857619047619048,0,1,0,285026,320584,19149,88807,2.9695801993404722,0.21692465149453702
11438,0.3857777777777778,0,1,0,285027,320583,19149,88807,2.9695709363073846,0.21692518136740027
11439,0.3857857142857143,0,1,0,285028,320582,19149,88807,2.969561673274297,0.21692571124285215
11440,0.3858333333333333,13,148,13,285176,320434,19162,88794,2.9681907443773388,0.21697928782976728
11441,0.3858333333333334,0,1,0,285177,320433,19162,88794,2.9681814813442515,0.2169798180471963
11442,0.3859166666666666,0,1,0,285178,320432,19162,88794,2.968172218311164,0.21698034826721666
11443,0.3859285714285714,0,1,0,285179,320431,19162,88794,2.968162955278076,0.21698087848982833
11444,0.3859523809523809,1,7,1,285186,320424,19163,88793,2.9680981140464633,0.21698267667276774
11445,0.3859999999999999,3,13,3,285199,320411,19166,88790,2.967977694616325,0.21698382946278236
11446,0.386,14,115,14,285314,320296,19180,88776,2.9669124458112566,0.21701803105565767
11447,0.3860714285714285,0,2,0,285316,320294,19180,88776,2.966893919745081,0.21701909208692888
11448,0.3860714285714286,1,1,1,285317,320293,19181,88775,2.966884656711994,0.2170177085472342
11449,0.3860833333333333,0,1,0,285318,320292,19181,88775,2.9668753936789063,0.2170182390659721
11450,0.386095238095238,0,1,0,285319,320291,19181,88775,2.9668661306458186,0.21701876958730376
11451,0.3861071428571427,0,1,0,285320,320290,19181,88775,2.966856867612731,0.21701930011122927
11452,0.3861111111111111,1,0,1,285320,320290,19182,88774,2.966856867612731,0.21701738603250348
11453,0.3861298701298701,0,1,0,285321,320289,19182,88774,2.9668476045796437,0.21701791655564057
11454,0.3861428571428571,1,3,1,285324,320286,19183,88773,2.966819815480381,0.2170175940390017
11455,0.3861666666666666,3,5,3,285329,320281,19186,88770,2.966773500314943,0.21701450430386432
11456,0.3861666666666667,0,1,0,285330,320280,19186,88770,2.9667642372818555,0.21701503483681703
11457,0.3861904761904762,0,2,0,285332,320278,19186,88770,2.9667457112156805,0.2170160959105044
11458,0.3862380952380952,0,1,0,285333,320277,19186,88770,2.966736448182593,0.2170166264512391
11459,0.38625,3,4,3,285337,320273,19189,88767,2.9666993960502426,0.21701300606297672
11460,0.3863095238095237,0,3,0,285340,320270,19189,88767,2.96667160695098,0.21701459770143045
11461,0.3863311688311688,0,1,0,285341,320269,19189,88767,2.9666623439178923,0.21701512825276992
11462,0.3863333333333333,1,22,1,285363,320247,19190,88766,2.9664585571899664,0.2170248867395413
11463,0.3863333333333334,1,1,1,285364,320246,19191,88765,2.9664492941568787,0.21702350303537069
11464,0.3863809523809523,0,2,0,285366,320244,19191,88765,2.966430768090704,0.21702456425164238
11465,0.3863809523809524,0,1,0,285367,320243,19191,88765,2.966421505057616,0.21702509486367014
11466,0.3863809523809525,0,1,0,285368,320242,19191,88765,2.9664122420245285,0.21702562547829254
11467,0.3863888888888888,0,2,0,285370,320240,19191,88765,2.9663937159583535,0.21702668671532133
11468,0.3863888888888889,0,1,0,285371,320239,19191,88765,2.966384452925266,0.21702721733772776
11469,0.3864166666666666,0,2,0,285373,320237,19191,88765,2.966365926859091,0.21702827859032475
11470,0.3864285714285714,0,6,0,285379,320231,19191,88765,2.9663103486605653,0.2170314624103903
11471,0.3864545454545455,0,1,0,285380,320230,19191,88765,2.966301085627478,0.21703199305614984
11472,0.3864642857142857,0,1,0,285381,320229,19191,88765,2.9662918225943904,0.2170325237045042
11473,0.3864761904761905,1,0,1,285381,320229,19192,88764,2.9662918225943904,0.21703060932583199
11474,0.3864999999999999,1,2,1,285383,320227,19193,88763,2.966273296528215,0.21702975622875864
11475,0.3865,2,30,2,285413,320197,19195,88761,2.9659954055355886,0.21704184781811336
11476,0.386547619047619,2,1,2,285414,320196,19197,88759,2.965986142502501,0.21703854947365847
11477,0.3865476190476191,0,1,0,285415,320195,19197,88759,2.9659768794694137,0.21703908018994802
11478,0.3865714285714285,1,0,1,285415,320195,19198,88758,2.9659768794694137,0.2170371656400613
11479,0.3865952380952381,1,2,1,285417,320193,19199,88757,2.9659583534032383,0.21703631250764152
11480,0.3866190476190476,0,2,0,285419,320191,19199,88757,2.9659398273370634,0.21703737394485362
11481,0.3866428571428571,0,2,0,285421,320189,19199,88757,2.965921301270888,0.2170384353924479
11482,0.3866666666666666,50,392,50,285813,319797,19249,88707,2.962290192300567,0.21715087245167733
11483,0.3866666666666667,39,390,39,286203,319407,19288,88668,2.9586776093964207,0.21728358757581326
11484,0.386710678210678,0,1,0,286204,319406,19288,88668,2.9586683463633334,0.2172841200370521
11485,0.3867142857142857,0,4,0,286208,319402,19288,88668,2.958631294230983,0.217286249908104
11486,0.3867142857142858,0,2,0,286210,319400,19288,88668,2.958612768164808,0.21728731485928815
11487,0.3867777777777778,0,1,0,286211,319399,19288,88668,2.9586035051317205,0.21728784733879486
11488,0.3867857142857142,0,1,0,286212,319398,19288,88668,2.958594242098633,0.21728837982091131
11489,0.3867857142857143,1,4,1,286216,319394,19289,88667,2.9585571899662826,0.21728859165663958
11490,0.3868095238095238,0,1,0,286217,319393,19289,88667,2.958547926933195,0.21728912414840953
11491,0.3868333333333332,1,0,1,286217,319393,19290,88666,2.958547926933195,0.21728720601677698
11492,0.3868333333333333,1,12,1,286229,319381,19291,88665,2.9584367705361445,0.2172916778990604
11493,0.3868690476190475,0,1,0,286230,319380,19291,88665,2.958427507503057,0.21729221041796862
11494,0.3869999999999999,0,5,0,286235,319375,19291,88665,2.958381192337619,0.2172948730516616
11495,0.387,7,56,7,286291,319319,19298,88658,2.957862462484716,0.2173112699980636
11496,0.3870000000000001,0,2,0,286293,319317,19298,88658,2.957843936418541,0.2173123353146639
11497,0.3870238095238095,0,3,0,286296,319314,19298,88658,2.9578161473192783,0.21731393330914867
11498,0.387047619047619,0,1,0,286297,319313,19298,88658,2.9578068842861907,0.2173144659791995
11499,0.3870833333333333,0,7,0,286304,319306,19298,88658,2.9577420430545778,0.21731819474267336
11500,0.3870952380952381,0,3,0,286307,319303,19298,88658,2.957714253955315,0.2173197928233336
11501,0.3871071428571428,0,1,0,286308,319302,19298,88658,2.9577049909222275,0.21732032552211
11502,0.3871428571428572,0,15,0,286323,319287,19298,88658,2.957566045425914,0.2173283163171506
11503,0.3871666666666666,4,12,4,286335,319275,19302,88654,2.9574548890288637,0.2173270348516531
11504,0.3871666666666667,0,1,0,286336,319274,19302,88654,2.957445625995776,0.21732756760997038
11505,0.3872142857142857,1,1,1,286337,319273,19303,88653,2.9574363629626883,0.2173261817094277
11506,0.3872222222222221,0,1,0,286338,319272,19303,88653,2.957427099929601,0.2173267144695716
11507,0.3872222222222222,0,2,0,286340,319270,19303,88653,2.9574085738634257,0.21732777999769565
11508,0.38725,0,1,0,286341,319269,19303,88653,2.9573993108303385,0.2173283127656758
11509,0.3872619047619047,1,3,1,286344,319266,19304,88652,2.9573715217310754,0.21732799239062753
11510,0.3872738095238095,0,2,0,286346,319264,19304,88652,2.9573529956649005,0.21732905794330204
11511,0.387295125196441,0,8,0,286354,319256,19304,88652,2.9572788914002,0.21733332025848967
11512,0.3873214285714286,1,1,1,286355,319255,19305,88651,2.9572696283671127,0.21733193431820078
11513,0.3873333333333332,1,6,1,286361,319249,19306,88650,2.957214050168587,0.21733321238836084
11514,0.3873333333333333,5,52,5,286413,319197,19311,88645,2.9567323724480343,0.21735132722966247
11515,0.3873463203463203,0,1,0,286414,319196,19311,88645,2.9567231094149466,0.21735186016119026
11516,0.3873571428571429,0,1,0,286415,319195,19311,88645,2.9567138463818594,0.2173523930953315
11517,0.3873809523809524,2,4,2,286419,319191,19313,88643,2.956676794249509,0.2173506867990408
11518,0.3873809523809525,0,1,0,286420,319190,19313,88643,2.9566675312164215,0.21735121973945218
11519,0.3874126984126983,0,1,0,286421,319189,19313,88643,2.9566582681833338,0.2173517526824771
11520,0.3874166666666666,0,1,0,286422,319188,19313,88643,2.9566490051502465,0.21735228562811557
11521,0.3874166666666667,0,1,0,286423,319187,19313,88643,2.956639742117159,0.2173528185763676
11522,0.3874999999999999,0,9,0,286432,319178,19313,88643,2.956556374819371,0.21735761522824965
11523,0.3875,39,453,39,286885,318725,19352,88604,2.952360220830709,0.21752440901580786
11524,0.3875079365079364,0,1,0,286886,318724,19352,88604,2.9523509577976212,0.2175249430434441
11525,0.387515873015873,0,4,0,286890,318720,19352,88604,2.952313905665271,0.21752707918021036
11526,0.387547619047619,1,0,1,286890,318720,19353,88603,2.952313905665271,0.21752515816686022
11527,0.3875476190476191,0,1,0,286891,318719,19353,88603,2.9523046426321833,0.2175256922042021
11528,0.3875714285714285,0,1,0,286892,318718,19353,88603,2.952295379599096,0.21752622624416615
11529,0.3875833333333333,0,1,0,286893,318717,19353,88603,2.9522861165660084,0.21752676028675244
11530,0.3875833333333334,0,1,0,286894,318716,19353,88603,2.9522768535329207,0.21752729433196094
11531,0.3876071428571428,1,0,1,286894,318716,19354,88602,2.9522768535329207,0.21752537329555777
11532,0.3876190476190476,1,6,1,286900,318710,19355,88601,2.9522212753343955,0.21752665653517828
11533,0.3876428571428572,0,2,0,286902,318708,19355,88601,2.9522027492682206,0.21752772465130896
11534,0.3876666666666666,6,30,6,286932,318678,19361,88595,2.9519248582755937,0.21753222040253098
11535,0.3876666666666667,0,3,0,286935,318675,19361,88595,2.951897069176331,0.21753382277113462
11536,0.3876688311688311,0,1,0,286936,318674,19361,88595,2.9518878061432434,0.2175343568992484
11537,0.3876785714285714,0,1,0,286937,318673,19361,88595,2.951878543110156,0.21753489102998516
11538,0.3877142857142857,2,3,2,286940,318670,19363,88593,2.951850754010893,0.2175326508914387
11539,0.3877380952380952,0,2,0,286942,318668,19363,88593,2.9518322279447182,0.21753371916289554
11540,0.38775,0,1,0,286943,318667,19363,88593,2.9518229649116305,0.21753425330255857
11541,0.3877738095238095,0,1,0,286944,318666,19363,88593,2.9518137018785433,0.21753478744484467
11542,0.3877777777777777,0,1,0,286945,318665,19363,88593,2.9518044388454556,0.21753532158975392
11543,0.3877777777777778,0,1,0,286946,318664,19363,88593,2.951795175812368,0.2175358557372863
11544,0.387797619047619,0,1,0,286947,318663,19363,88593,2.9517859127792803,0.2175363898874418
11545,0.3878095238095237,0,1,0,286948,318662,19363,88593,2.951776649746193,0.21753692404022051
11546,0.3878177655677655,0,1,0,286949,318661,19363,88593,2.9517673867131053,0.2175374581956224
11547,0.3878260073260073,1,0,1,286949,318661,19364,88592,2.9517673867131053,0.21753553687756752
11548,0.3878333333333333,1,10,1,286959,318651,19365,88591,2.95167475638223,0.21753895718025154
11549,0.3878571428571428,0,5,0,286964,318646,19365,88591,2.951628441216792,0.21754162809371447
11550,0.3878690476190475,0,2,0,286966,318644,19365,88591,2.951609915150617,0.21754269647746388
11551,0.3879047619047619,1,0,1,286966,318644,19366,88590,2.951609915150617,0.21754077508263062
11552,0.3879166666666666,0,3,0,286969,318641,19366,88590,2.9515821260513544,0.21754237766771195
11553,0.3879166666666667,1,1,1,286970,318640,19367,88589,2.9515728630182667,0.21754099045009073
11554,0.3879761904761905,2,1,2,286971,318639,19369,88587,2.951563599985179,0.21753768177866836
11555,0.3879999999999999,9,88,9,287059,318551,19378,88578,2.950748453073474,0.2175674049257115
11556,0.388,0,6,0,287065,318545,19378,88578,2.950692874874949,0.2175706113385881
11557,0.388047619047619,0,1,0,287066,318544,19378,88578,2.9506836118418613,0.21757114574992262
11558,0.3880483405483405,0,1,0,287067,318543,19378,88578,2.950674348808774,0.21757168016388248
11559,0.3880555555555556,0,2,0,287069,318541,19378,88578,2.9506558227425987,0.21757274899967824
11560,0.3880714285714285,0,3,0,287072,318538,19378,88578,2.950628033643336,0.2175743522730622
11561,0.3880952380952381,1,4,1,287076,318534,19379,88577,2.950590981510986,0.21757456811532971
11562,0.3881309523809524,0,1,0,287077,318533,19379,88577,2.950581718477898,0.21757510255213577
11563,0.3881666666666666,1,12,1,287089,318521,19380,88576,2.950470562080848,0.2175795940525231
11564,0.3881666666666667,3,8,3,287097,318513,19383,88573,2.9503964578161472,0.2175781038895958
11565,0.3881904761904761,0,2,0,287099,318511,19383,88573,2.9503779317499723,0.21757917284884692
11566,0.3882142857142857,0,7,0,287106,318504,19383,88573,2.9503130905183594,0.21758291428894289
11567,0.3882380952380952,1,0,1,287106,318504,19384,88572,2.9503130905183594,0.21758099224714794
11568,0.3883095238095238,0,1,0,287107,318503,19384,88572,2.9503038274852718,0.21758152674568568
11569,0.3883333333333333,35,496,35,287603,318007,19419,88537,2.945709363073845,0.21777962532960762
11570,0.3883333333333334,0,1,0,287604,318006,19419,88537,2.9457001000407574,0.21778016101617786
11571,0.3883809523809523,0,1,0,287605,318005,19419,88537,2.9456908370076698,0.21778069670538344
11572,0.3884444444444445,0,1,0,287606,318004,19419,88537,2.945681573974582,0.21778123239722438
11573,0.3884523809523809,1,1,1,287607,318003,19420,88536,2.945672310941495,0.2177798440002066
11574,0.3884999999999999,2,1,2,287608,318002,19422,88534,2.945663047908407,0.21777653147568726
11575,0.3885,1,36,1,287644,317966,19423,88533,2.945329578717255,0.21779389371191565
11576,0.3885152625152625,0,1,0,287645,317965,19423,88533,2.9453203156841674,0.21779442949288805
11577,0.388547619047619,0,1,0,287646,317964,19423,88533,2.94531105265108,0.2177949652764965
11578,0.3885714285714285,0,5,0,287651,317959,19423,88533,2.945264737485642,0.21779764423408088
11579,0.3885714285714286,1,5,1,287656,317954,19424,88532,2.9452184223202047,0.21779839896084982
11580,0.3885833333333333,0,1,0,287657,317953,19424,88532,2.945209159287117,0.21779893477004073
11581,0.388595238095238,0,3,0,287660,317950,19424,88532,2.9451813701878544,0.21780054221343134
11582,0.3886111111111111,1,0,1,287660,317950,19425,88531,2.9451813701878544,0.2177986178935793
11583,0.3886666666666666,3,36,3,287696,317914,19428,88528,2.9448479009967024,0.21781213555685683
11584,0.3886666666666667,0,3,0,287699,317911,19428,88528,2.9448201118974398,0.21781374326774744
11585,0.3886904761904762,2,2,2,287701,317909,19430,88526,2.9448015858312644,0.21781096608313752
11586,0.3887142857142857,0,3,0,287704,317906,19430,88526,2.944773796732002,0.21781257381308558
11587,0.3887222222222222,0,1,0,287705,317905,19430,88526,2.9447645336989146,0.21781310972834259
11588,0.3887499999999999,0,1,0,287706,317904,19430,88526,2.944755270665827,0.21781364564623673
11589,0.38875,3,9,3,287715,317895,19433,88523,2.9446719033680386,0.21781269530384972
11590,0.3887777777777778,0,1,0,287716,317894,19433,88523,2.9446626403349514,0.21781323123786653
11591,0.3887857142857143,0,1,0,287717,317893,19433,88523,2.9446533773018637,0.2178137671745207
11592,0.3888095238095237,0,1,0,287718,317892,19433,88523,2.944644114268776,0.21781430311381222
11593,0.3888333333333333,0,10,0,287728,317882,19433,88523,2.9445514839379006,0.21781966265178823
11594,0.3888571428571428,0,2,0,287730,317880,19433,88523,2.9445329578717256,0.21782073459103402
11595,0.3888809523809523,1,0,1,287730,317880,19434,88522,2.9445329578717256,0.21781880994680144
11596,0.3888888888888888,0,5,0,287735,317875,19434,88522,2.9444866427062877,0.21782148982398986
11597,0.3889920634920636,0,2,0,287737,317873,19434,88522,2.9444681166401128,0.21782256179332915
11598,0.3889999999999999,3,3,3,287740,317870,19437,88519,2.94444032754085,0.2178183956750798
11599,0.389,14,79,14,287819,317791,19451,88505,2.943708547926933,0.2178337960501703
11600,0.389047619047619,0,4,0,287823,317787,19451,88505,2.943671495794583,0.21783594065352013
11601,0.3890555555555556,0,1,0,287824,317786,19451,88505,2.9436622327614956,0.2178364768109557
11602,0.3890714285714285,0,1,0,287825,317785,19451,88505,2.943652969728408,0.21783701297103056
11603,0.38907326007326,1,1,1,287826,317784,19452,88504,2.9436437066953203,0.21783562399086362
11604,0.3890833333333333,0,1,0,287827,317783,19452,88504,2.9436344436622326,0.21783616015279839
11605,0.3891428571428571,0,1,0,287828,317782,19452,88504,2.9436251806291454,0.21783669631737249
11606,0.3891666666666665,0,1,0,287829,317781,19452,88504,2.9436159175960577,0.21783723248458595
11607,0.3891666666666666,7,72,7,287901,317709,19459,88497,2.9429489792137535,0.21786236540080647
11608,0.3891666666666667,10,61,10,287962,317648,19469,88487,2.942383934195413,0.2178758294655718
11609,0.3891818181818181,0,1,0,287963,317647,19469,88487,2.9423746711623253,0.21787636592848666
11610,0.3891904761904762,1,0,1,287963,317647,19470,88486,2.9423746711623253,0.2178744401464545
11611,0.38925,0,1,0,287964,317646,19470,88486,2.9423654081292376,0.21787497660859032
11612,0.3892619047619047,0,2,0,287966,317644,19470,88486,2.9423468820630627,0.21787604954078743
11613,0.3892857142857143,0,15,0,287981,317629,19470,88486,2.9422079365667493,0.21788409686911342
11614,0.3893333333333332,0,2,0,287983,317627,19470,88486,2.9421894105005744,0.21788516989113868
11615,0.3893333333333333,2,51,2,288034,317576,19472,88484,2.941716995813109,0.2179086834457962
11616,0.3893333333333334,0,2,0,288036,317574,19472,88484,2.941698469746934,0.21790975673425964
11617,0.3893571428571429,1,2,1,288038,317572,19473,88483,2.941679943680759,0.2179089039662115
11618,0.3893809523809524,0,1,0,288039,317571,19473,88483,2.9416706806476713,0.2179094406162727
11619,0.3894047619047619,1,0,1,288039,317571,19474,88482,2.9416706806476713,0.21790751453627974
11620,0.3894166666666666,0,1,0,288040,317570,19474,88482,2.9416614176145837,0.21790805118556245
11621,0.3894285714285714,0,2,0,288042,317568,19474,88482,2.9416428915484087,0.21790912449205763
11622,0.3894444444444445,1,0,1,288042,317568,19475,88481,2.9416428915484087,0.21790719839231226
11623,0.389452380952381,1,0,1,288042,317568,19476,88480,2.9416428915484087,0.21790527228307982
11624,0.3894999999999999,0,3,0,288045,317565,19476,88480,2.941615102449146,0.21790688224211602
11625,0.3895,3,16,3,288061,317549,19479,88477,2.941466893919745,0.21790969051243023
11626,0.3895238095238095,2,4,2,288065,317545,19481,88475,2.9414298417873947,0.21790798482833357
11627,0.3895714285714285,0,1,0,288066,317544,19481,88475,2.9414205787543075,0.21790852152239182
11628,0.3895833333333333,1,4,1,288070,317540,19482,88474,2.9413835266219572,0.21790874206308156
11629,0.3896071428571428,0,4,0,288074,317536,19482,88474,2.941346474489607,0.21791088889436222
11630,0.3896190476190476,0,1,0,288075,317535,19482,88474,2.9413372114565193,0.21791142560879193
11631,0.389642857142857,0,1,0,288076,317534,19482,88474,2.9413279484234316,0.2179119623258655
11632,0.3896428571428572,0,1,0,288077,317533,19482,88474,2.9413186853903444,0.21791249904558296
11633,0.3896666666666666,2,27,2,288104,317506,19484,88472,2.94106858349698,0.21792313869224442
11634,0.3896904761904761,0,1,0,288105,317505,19484,88472,2.941059320463893,0.21792367547915276
11635,0.3897142857142857,0,2,0,288107,317503,19484,88472,2.9410407943977175,0.21792474906090276
11636,0.38975,0,1,0,288108,317502,19484,88472,2.9410315313646302,0.21792528585574444
11637,0.3897619047619047,0,2,0,288110,317500,19484,88472,2.941013005298455,0.2179263594533613
11638,0.3897777777777777,0,1,0,288111,317499,19484,88472,2.941003742265367,0.2179268962561365
11639,0.3898333333333332,0,5,0,288116,317494,19484,88472,2.9409574270999297,0.2179295803096811
11640,0.3898333333333333,0,21,0,288137,317473,19484,88472,2.940762903405091,0.21794085405658403
11641,0.3898412698412698,0,2,0,288139,317471,19484,88472,2.9407443773389157,0.2179419278075986
11642,0.3898452380952381,0,2,0,288141,317469,19484,88472,2.9407258512727408,0.21794300156919355
11643,0.3898809523809524,0,1,0,288142,317468,19484,88472,2.940716588239653,0.21794353845395872
11644,0.3898968253968254,0,1,0,288143,317467,19484,88472,2.940707325206566,0.21794407534136903
11645,0.3899047619047618,0,1,0,288144,317466,19484,88472,2.940698062173478,0.2179446122314245
11646,0.389940476190476,0,2,0,288146,317464,19484,88472,2.940679536107303,0.21794568601947106
11647,0.3899523809523809,0,1,0,288147,317463,19484,88472,2.9406702730742156,0.21794622291746216
11648,0.3899891774891775,0,1,0,288148,317462,19484,88472,2.940661010041128,0.2179467598180985
11649,0.3899999999999999,3,20,3,288168,317442,19487,88469,2.940475749379377,0.21795171848015946
11650,0.39,382,3664,382,291832,313778,19869,88087,2.9065359961465784,0.21919550097669616
11651,0.3900833333333334,1,0,1,291832,313778,19870,88086,2.9065359961465784,0.21919355801962853
11652,0.3900897435897436,0,1,0,291833,313777,19870,88086,2.9065267331134907,0.21919410346312052
11653,0.3901190476190476,0,2,0,291835,313775,19870,88086,2.9065082070473154,0.21919519435824825
11654,0.3901309523809524,0,1,0,291836,313774,19870,88086,2.906498944014228,0.21919573980988405
11655,0.3901428571428571,1,0,1,291836,313774,19871,88085,2.906498944014228,0.21919379682923612
11656,0.3901428571428572,0,1,0,291837,313773,19871,88085,2.9064896809811405,0.2191943422801089
11657,0.3901666666666666,0,21,0,291858,313752,19871,88085,2.906295157286302,0.21920579737555276
11658,0.3901666666666667,0,3,0,291861,313749,19871,88085,2.9062673681870392,0.21920743391549743
11659,0.3901706349206349,1,0,1,291861,313749,19872,88084,2.9062673681870392,0.2192054908382338
11660,0.3902222222222222,1,1,1,291862,313748,19873,88083,2.9062581051539516,0.2192040932630882
11661,0.3902380952380953,0,4,0,291866,313744,19873,88083,2.9062210530216013,0.21920627533739645
11662,0.39025,0,1,0,291867,313743,19873,88083,2.906211789988514,0.2192068208627615
11663,0.3902619047619048,1,1,1,291868,313742,19874,88082,2.9062025269554264,0.21920542326988932
11664,0.3902857142857142,0,2,0,291870,313740,19874,88082,2.906184000889251,0.21920651432723942
11665,0.3903253968253968,0,2,0,291872,313738,19874,88082,2.906165474823076,0.2192076053954507
11666,0.3903333333333333,0,25,0,291897,313713,19874,88082,2.905933898995887,0.21922124466456774
11667,0.3903571428571428,0,5,0,291902,313708,19874,88082,2.9058875838304496,0.21922397272206876
11668,0.3903809523809524,0,1,0,291903,313707,19874,88082,2.905878320797362,0.21922451834171666
11669,0.3903939393939394,0,3,0,291906,313704,19874,88082,2.9058505316980994,0.2192261552169563
11670,0.3904080086580087,0,1,0,291907,313703,19874,88082,2.9058412686650117,0.21922670084746818
11671,0.3904166666666666,1,4,1,291911,313699,19875,88081,2.9058042165326614,0.21922694011648167
11672,0.3904166666666667,1,2,1,291913,313697,19876,88080,2.9057856904664865,0.21922608810359975
11673,0.3904523809523809,0,2,0,291915,313695,19876,88080,2.905767164400311,0.21922717939145045
11674,0.3904761904761904,0,1,0,291916,313694,19876,88080,2.905757901367224,0.21922772503945004
11675,0.3904761904761905,0,3,0,291919,313691,19876,88080,2.905730112267961,0.21922936199974613
11676,0.3904999999999999,1,14,1,291933,313677,19877,88079,2.905600429804735,0.2192350580949631
11677,0.390580808080808,0,1,0,291934,313676,19877,88079,2.905591166771648,0.2192356037883785
11678,0.3905952380952381,1,0,1,291934,313676,19878,88078,2.905591166771648,0.21923366039914974
11679,0.3906428571428572,0,2,0,291936,313674,19878,88078,2.9055726407054725,0.2192347517871722
11680,0.3906666666666666,7,39,7,291975,313635,19885,88071,2.905211382415058,0.21924243103165
11681,0.3906666666666667,0,13,0,291988,313622,19885,88071,2.9050909629849198,0.21924952637959835
11682,0.3907142857142856,1,0,1,291988,313622,19886,88070,2.9050909629849198,0.21924758272507294
11683,0.3907142857142857,1,5,1,291993,313617,19887,88069,2.905044647819482,0.21924836812833906
11684,0.3907222222222222,0,1,0,291994,313616,19887,88069,2.9050353847863946,0.2192489139499857
11685,0.3907380952380953,0,1,0,291995,313615,19887,88069,2.905026121753307,0.21924945977434998
11686,0.3907665945165945,0,6,0,292001,313609,19887,88069,2.9049705435547817,0.21925273477760793
11687,0.3908333333333333,16,139,16,292140,313470,19903,88053,2.9036829819556114,0.2192975246748007
11688,0.3909523809523809,0,4,0,292144,313466,19903,88053,2.9036459298232615,0.21929970935372922
11689,0.390952380952381,0,1,0,292145,313465,19903,88053,2.903636666790174,0.21930025553026267
11690,0.3909642857142856,1,1,1,292146,313464,19904,88052,2.903627403757086,0.21929885733071658
11691,0.3909999999999999,3,6,3,292152,313458,19907,88049,2.903571825558561,0.21929630118528445
11692,0.391,4,74,4,292226,313384,19911,88045,2.902886361110082,0.21932894733564343
11693,0.3910476190476191,0,1,0,292227,313383,19911,88045,2.9028770980769942,0.21932949370746435
11694,0.3910714285714286,0,1,0,292228,313382,19911,88045,2.902867835043907,0.21933004008200743
11695,0.3911111111111111,0,2,0,292230,313380,19911,88045,2.9028493089777316,0.21933113283926015
11696,0.3911190476190476,0,2,0,292232,313378,19911,88045,2.9028307829115567,0.21933222560740168
11697,0.391142857142857,0,1,0,292233,313377,19911,88045,2.902821519878469,0.2193327719955558
11698,0.3911666666666666,0,15,0,292248,313362,19911,88045,2.9026825743821556,0.21934096814455153
11699,0.3911666666666667,0,2,0,292250,313360,19911,88045,2.9026640483159807,0.21934206101069992
11700,0.3911904761904762,1,3,1,292253,313357,19912,88044,2.902636259216718,0.2193417555013565
11701,0.3912142857142857,1,0,1,292253,313357,19913,88043,2.902636259216718,0.21933981066268063
11702,0.3912380952380952,0,2,0,292255,313355,19913,88043,2.9026177331505427,0.2193409035421203
11703,0.3912380952380953,0,3,0,292258,313352,19913,88043,2.90258994405128,0.21934254288170008
11704,0.39125,0,6,0,292264,313346,19913,88043,2.902534365852755,0.21934582163437463
11705,0.3912500000000001,0,1,0,292265,313345,19913,88043,2.9025251028196672,0.21934636810268368
11706,0.3912619047619047,0,1,0,292266,313344,19913,88043,2.9025158397865796,0.21934691457371563
11707,0.3913095238095238,1,2,1,292268,313342,19914,88042,2.9024973137204046,0.2193460626233233
11708,0.3913095238095239,1,0,1,292268,313342,19915,88041,2.9024973137204046,0.21934411771300727
11709,0.3913333333333332,0,4,0,292272,313338,19915,88041,2.9024602615880544,0.219346303618276
11710,0.3913333333333333,1,29,1,292301,313309,19916,88040,2.902191633628515,0.21936020769953332
11711,0.3913333333333334,2,8,2,292309,313301,19918,88038,2.902117529363815,0.21936069008992398
11712,0.3913690476190476,0,2,0,292311,313299,19918,88038,2.9020990032976397,0.2193617832395219
11713,0.3914047619047619,0,1,0,292312,313298,19918,88038,2.902089740264552,0.21936232981840653
11714,0.3914285714285714,2,4,2,292316,313294,19920,88036,2.902052688132202,0.2193606259188199
11715,0.3914444444444445,0,3,0,292319,313291,19920,88036,2.902024899032939,0.21936226568359468
11716,0.391452380952381,0,1,0,292320,313290,19920,88036,2.902015635999852,0.21936281227730076
11717,0.3914999999999999,3,32,3,292352,313258,19923,88033,2.90171921894105,0.21937446890162002
11718,0.3915,0,4,0,292356,313254,19923,88033,2.9016821668087,0.21937665561057298
11719,0.3915198412698412,0,3,0,292359,313251,19923,88033,2.9016543777094372,0.21937829567089642
11720,0.3915238095238095,0,1,0,292360,313250,19923,88033,2.9016451146763496,0.2193788423631203
11721,0.3915277777777778,1,0,1,292360,313250,19924,88032,2.9016451146763496,0.21937689704497088
11722,0.3915396825396823,0,3,0,292363,313247,19924,88032,2.901617325577087,0.21937853712753472
11723,0.391547619047619,1,1,1,292364,313246,19925,88031,2.9016080625439993,0.2193771384853854
11724,0.3915476190476191,0,1,0,292365,313245,19925,88031,2.901598799510912,0.2193776851842622
11725,0.3915555555555555,0,1,0,292366,313244,19925,88031,2.9015895364778244,0.2193782318858638
11726,0.3915669330669329,0,6,0,292372,313238,19925,88031,2.901533958279299,0.21938151215269558
11727,0.3916190476190476,0,3,0,292375,313235,19925,88031,2.901506169180036,0.21938315232289804
11728,0.3916367243867244,0,1,0,292376,313234,19925,88031,2.901496906146949,0.21938369905174884
11729,0.3916587301587302,0,1,0,292377,313233,19925,88031,2.901487643113861,0.2193842457833247
11730,0.3916666666666666,35,223,35,292600,313010,19960,87996,2.899421986735337,0.21943811314543923
11731,0.3916666666666667,20,216,20,292816,312794,19980,87976,2.897421171588425,0.21951742894927265
11732,0.3917142857142858,1,1,1,292817,312793,19981,87975,2.897411908555337,0.21951602922389013
11733,0.3917272727272727,0,1,0,292818,312792,19981,87975,2.89740264552225,0.21951657696367216
11734,0.39175,0,2,0,292820,312790,19981,87975,2.8973841194560745,0.21951767245143664
11735,0.3917510822510822,1,1,1,292821,312789,19982,87974,2.8973748564229873,0.21951627270980603
11736,0.3917777777777778,0,1,0,292822,312788,19982,87974,2.8973655933898996,0.21951682045702936
11737,0.3917857142857142,0,1,0,292823,312787,19982,87974,2.897356330356812,0.2195173682069862
11738,0.3917857142857143,0,3,0,292826,312784,19982,87974,2.8973285412575494,0.21951901147325817
11739,0.3918095238095238,1,3,1,292829,312781,19983,87973,2.8973007521582868,0.2195187072368585
11740,0.3918311688311688,0,1,0,292830,312780,19983,87973,2.897291489125199,0.21951925500245786
11741,0.3918333333333333,2,20,2,292850,312760,19985,87971,2.897106228463448,0.21952631565813477
11742,0.3918492063492064,0,7,0,292857,312753,19985,87971,2.8970413872318352,0.2195301504277258
11743,0.3918571428571429,0,1,0,292858,312752,19985,87971,2.8970321241987476,0.21953069826288982
11744,0.3918613053613053,0,1,0,292859,312751,19985,87971,2.89702286116566,0.21953124610078809
11745,0.3918650793650793,0,1,0,292860,312750,19985,87971,2.8970135981325726,0.21953179394142058
11746,0.3918809523809524,0,1,0,292861,312749,19985,87971,2.897004335099485,0.2195323417847874
11747,0.3918968253968254,1,6,1,292867,312743,19986,87970,2.8969487569009598,0.2195336812132374
11748,0.3919047619047619,0,2,0,292869,312741,19986,87970,2.8969302308347844,0.2195347769339998
11749,0.3919230769230769,0,1,0,292870,312740,19986,87970,2.896920967801697,0.2195353247984827
11750,0.3919444444444444,0,1,0,292871,312739,19986,87970,2.8969117047686095,0.21953587266570004
11751,0.3919523809523809,0,3,0,292874,312736,19986,87970,2.896883915669347,0.21953751628375917
11752,0.3919999999999999,0,7,0,292881,312729,19986,87970,2.896819074437734,0.21954135148827425
11753,0.392,4,107,4,292988,312622,19990,87966,2.8958279298973655,0.21959219946678382
11754,0.3920714285714285,0,2,0,292990,312620,19990,87966,2.8958094038311906,0.21959329582162132
11755,0.3920714285714286,0,1,0,292991,312619,19990,87966,2.895800140798103,0.2195938440031454
11756,0.3920833333333333,0,3,0,292994,312616,19990,87966,2.8957723516988403,0.21959548856413919
11757,0.3921428571428571,2,7,2,293001,312609,19992,87964,2.8957075104672274,0.21959542954717368
11758,0.3921666666666666,3,13,3,293014,312596,19995,87961,2.8955870910370893,0.21959671157912608
11759,0.3922222222222222,0,3,0,293017,312593,19995,87961,2.8955593019378267,0.21959835627655697
11760,0.3922222222222223,0,1,0,293018,312592,19995,87961,2.895550038904739,0.2195989045145087
11761,0.3922619047619047,0,1,0,293019,312591,19995,87961,2.8955407758716514,0.21959945275519782
11762,0.3922727272727273,0,1,0,293020,312590,19995,87961,2.8955315128385637,0.2196000009986244
11763,0.3922738095238095,0,1,0,293021,312589,19995,87961,2.8955222498054765,0.21960054924478842
11764,0.3922857142857143,0,3,0,293024,312586,19995,87961,2.895494460706214,0.2196021939997054
11765,0.3923095238095238,0,1,0,293025,312585,19995,87961,2.895485197673126,0.21960274225681944
11766,0.3923333333333332,0,4,0,293029,312581,19995,87961,2.895448145540776,0.21960493531265135
11767,0.3923333333333333,4,23,4,293052,312558,19999,87957,2.8952350957797623,0.2196097524437287
11768,0.3923333333333334,1,0,1,293052,312558,20000,87956,2.8952350957797623,0.2196078039718961
11769,0.3923412698412699,0,1,0,293053,312557,20000,87956,2.8952258327466747,0.2196083522881904
11770,0.3923809523809523,0,1,0,293054,312556,20000,87956,2.895216569713587,0.21960890060722277
11771,0.3923809523809524,0,5,0,293059,312551,20000,87956,2.895170254548149,0.21961164224345642
11772,0.3924242424242424,0,2,0,293061,312549,20000,87956,2.895151728481974,0.21961273891711713
11773,0.392452380952381,0,1,0,293062,312548,20000,87956,2.8951424654488864,0.21961328725805485
11774,0.3924722222222222,0,1,0,293063,312547,20000,87956,2.895133202415799,0.2196138356017308
11775,0.3924999999999999,2,11,2,293074,312536,20002,87954,2.895031309051836,0.21961597043621564
11776,0.3925,57,363,57,293437,312173,20059,87897,2.8916688280410536,0.21970405179093658
11777,0.3925238095238094,0,2,0,293439,312171,20059,87897,2.8916503019748787,0.21970515012447883
11778,0.3925238095238095,0,1,0,293440,312170,20059,87897,2.891641038941791,0.219705699295368
11779,0.3925714285714285,0,1,0,293441,312169,20059,87897,2.8916317759087034,0.2197062484690026
11780,0.3925793650793651,0,1,0,293442,312168,20059,87897,2.891622512875616,0.21970679764538262
11781,0.3926190476190476,1,0,1,293442,312168,20060,87896,2.891622512875616,0.21970484722444408
11782,0.3926666666666666,6,45,6,293487,312123,20066,87890,2.8912056763866762,0.21971785916957698
11783,0.3926666666666667,0,7,0,293494,312116,20066,87890,2.8911408351550634,0.21972170417443737
11784,0.3926904761904762,1,0,1,293494,312116,20067,87889,2.8911408351550634,0.2197197535030812
11785,0.3926944444444444,0,3,0,293497,312113,20067,87889,2.8911130460558003,0.21972140139299304
11786,0.3927142857142857,0,1,0,293498,312112,20067,87889,2.891103783022713,0.21972195069512326
11787,0.3927222222222222,0,1,0,293499,312111,20067,87889,2.8910945199896254,0.2197225
11788,0.39275,0,3,0,293502,312108,20067,87889,2.891066730890363,0.21972414793110948
11789,0.3927777777777778,0,2,0,293504,312106,20067,87889,2.8910482048241875,0.21972524656558207
11790,0.3928333333333333,3,11,3,293515,312095,20070,87886,2.8909463114602247,0.21972543695825553
11791,0.3928571428571428,1,17,1,293532,312078,20071,87885,2.890788839897736,0.21973282528633897
11792,0.3928611111111111,0,1,0,293533,312077,20071,87885,2.8907795768646487,0.2197333746705937
11793,0.3929166666666666,1,6,1,293539,312071,20072,87884,2.890723998666123,0.21973472015601755
11794,0.3929523809523809,1,2,1,293541,312069,20073,87883,2.890705472599948,0.2197338680641677
11795,0.392952380952381,0,1,0,293542,312068,20073,87883,2.8906962095668605,0.21973441746613961
11796,0.3929761904761904,0,1,0,293543,312067,20073,87883,2.8906869465337732,0.21973496687085886
11797,0.3929761904761905,0,1,0,293544,312066,20073,87883,2.8906776835006855,0.2197355162783255
11798,0.3929999999999999,3,53,3,293597,312013,20076,87880,2.890186742747045,0.2197587854751146
11799,0.393,0,9,0,293606,312004,20076,87880,2.890103375449257,0.21976373148212983
11800,0.3930555555555555,0,1,0,293607,312003,20076,87880,2.8900941124161696,0.21976428105220777
11801,0.3930833333333334,0,1,0,293608,312002,20076,87880,2.890084849383082,0.21976483062503438
11802,0.3930952380952381,0,3,0,293611,311999,20076,87880,2.8900570602838194,0.2197664793600064
11803,0.3931111111111111,0,3,0,293614,311996,20076,87880,2.8900292711845568,0.2197681281197171
11804,0.3931190476190476,0,1,0,293615,311995,20076,87880,2.890020008151469,0.21976867771178493
11805,0.393142857142857,0,2,0,293617,311993,20076,87880,2.890001482085294,0.21976977690416707
11806,0.3931428571428572,0,2,0,293619,311991,20076,87880,2.889982956019119,0.21977087610754467
11807,0.3931666666666666,0,10,0,293629,311981,20076,87880,2.8898903256882433,0.21977637228937055
11808,0.3931666666666667,1,5,1,293634,311976,20077,87879,2.8898440105228054,0.21977716922384363
11809,0.3931904761904762,0,1,0,293635,311975,20077,87879,2.889834747489718,0.2197777188673866
11810,0.3932142857142857,0,1,0,293636,311974,20077,87879,2.8898254844566305,0.21977826851367877
11811,0.3932222222222222,1,3,1,293639,311971,20078,87878,2.889797695357368,0.2197779661822338
11812,0.3932878787878788,0,1,0,293640,311970,20078,87878,2.88978843232428,0.21977851583601768
11813,0.3933333333333333,77,756,77,294396,311214,20155,87801,2.8827855793100894,0.22004435923461524
11814,0.3934166666666666,0,1,0,294397,311213,20155,87801,2.8827763162770017,0.22004491070488755
11815,0.393452380952381,0,1,0,294398,311212,20155,87801,2.882767053243914,0.22004546217792403
11816,0.3934761904761905,1,3,1,294401,311209,20156,87800,2.8827392641446514,0.22004516188857895
11817,0.3934999999999999,0,4,0,294405,311205,20156,87800,2.882702212012301,0.22004736782747084
11818,0.3935,8,28,8,294433,311177,20164,87792,2.8824428470858496,0.22004717158475973
11819,0.393547619047619,0,2,0,294435,311175,20164,87792,2.8824243210196747,0.22004827466933355
11820,0.3935714285714285,1,0,1,294435,311175,20165,87791,2.8824243210196747,0.2200463197365189
11821,0.3935714285714286,0,3,0,294438,311172,20165,87791,2.882396531920412,0.22004797437356347
11822,0.3935833333333333,0,1,0,294439,311171,20165,87791,2.8823872688873244,0.22004852592477478
11823,0.3936111111111111,0,2,0,294441,311169,20165,87791,2.8823687428211495,0.22004962903549227
11824,0.3936190476190477,0,1,0,294442,311168,20165,87791,2.882359479788062,0.22005018059499848
11825,0.3936428571428571,0,3,0,294445,311165,20165,87791,2.8823316906887992,0.2200518352901072
11826,0.3936666666666666,3,22,3,294467,311143,20168,87788,2.882127903960873,0.22005810528637784
11827,0.3936666666666667,0,3,0,294470,311140,20168,87788,2.8821001148616103,0.22005976015722134
11828,0.3936904761904761,0,1,0,294471,311139,20168,87788,2.8820908518285226,0.22006031178636692
11829,0.3936904761904762,1,0,1,294471,311139,20169,87787,2.8820908518285226,0.22005835668770649
11830,0.3937142857142857,0,3,0,294474,311136,20169,87787,2.88206306272926,0.22006001158118232
11831,0.3937222222222221,1,0,1,294474,311136,20170,87786,2.88206306272926,0.22005805646216553
11832,0.39375,3,8,3,294482,311128,20173,87783,2.8819889584645595,0.22005660410467498
11833,0.3937922077922078,1,0,1,294482,311128,20174,87782,2.8819889584645595,0.22005464891830237
11834,0.3938095238095238,1,4,1,294486,311124,20175,87781,2.881951906332209,0.2200549002895426
11835,0.3938095238095239,0,1,0,294487,311123,20175,87781,2.881942643299122,0.22005545193831097
11836,0.3938333333333332,0,2,0,294489,311121,20175,87781,2.8819241172329466,0.2200565552441452
11837,0.3938333333333333,1,11,1,294500,311110,20176,87780,2.8818222238689835,0.22006066835468424
11838,0.3938333333333334,0,4,0,294504,311106,20176,87780,2.8817851717366336,0.22006287510717348
11839,0.3938650793650794,1,2,1,294506,311104,20177,87779,2.8817666456704583,0.2200620231997854
11840,0.3938809523809524,0,2,0,294508,311102,20177,87779,2.8817481196042833,0.22006312659665414
11841,0.3938888888888888,0,2,0,294510,311100,20177,87779,2.881729593538108,0.22006423000458786
11842,0.3939166666666666,0,1,0,294511,311099,20177,87779,2.8817203305050207,0.22006478171270413
11843,0.3939285714285714,0,5,0,294516,311094,20177,87779,2.881674015339583,0.22006754029478054
11844,0.3939484126984126,1,2,1,294518,311092,20178,87778,2.881655489273408,0.22006668839471508
11845,0.3939880952380952,0,1,0,294519,311091,20178,87778,2.88164622624032,0.22006724012144338
11846,0.3939999999999999,11,164,11,294683,310927,20189,87767,2.8801270888139614,0.22013624483940064
11847,0.3940000000000001,2,10,2,294693,310917,20191,87765,2.8800344584830855,0.22013785422968682
11848,0.394040404040404,0,1,0,294694,310916,20191,87765,2.8800251954499982,0.2201384063950878
11849,0.394047619047619,0,4,0,294698,310912,20191,87765,2.879988143317648,0.22014061508439162
11850,0.3940952380952381,0,2,0,294700,310910,20191,87765,2.8799696172514726,0.22014171944566377
11851,0.3941666666666666,9,62,9,294762,310848,20200,87756,2.8793953092000444,0.22015835265075112
11852,0.3941666666666667,9,77,9,294839,310771,20209,87747,2.8786820556523027,0.22018327904887608
11853,0.3942619047619047,0,1,0,294840,310770,20209,87747,2.878672792619215,0.22018383155549198
11854,0.3942857142857142,0,1,0,294841,310769,20209,87747,2.878663529586128,0.2201843840648807
11855,0.3942857142857143,1,12,1,294853,310757,20210,87746,2.878552373189077,0.2201890575478729
11856,0.3943095238095238,0,1,0,294854,310756,20210,87746,2.8785431101559893,0.22018961008978624
11857,0.3943333333333333,4,50,4,294904,310706,20214,87742,2.878079958501612,0.22020941252057985
11858,0.3943571428571429,0,1,0,294905,310705,20214,87742,2.8780706954685242,0.2202099651898496
11859,0.3943888888888888,0,1,0,294906,310704,20214,87742,2.8780614324354366,0.22021051786189347
11860,0.3943928571428571,1,0,1,294906,310704,20215,87741,2.8780614324354366,0.22020856078003237
11861,0.3944444444444444,0,2,0,294908,310702,20215,87741,2.8780429063692616,0.22020966612539308
11862,0.3944999999999999,0,1,0,294909,310701,20215,87741,2.878033643336174,0.2202102188022347
11863,0.3945,7,19,7,294928,310682,20222,87734,2.8778576457075107,0.22020701979840168
11864,0.3945238095238095,0,8,0,294936,310674,20222,87734,2.87778354144281,0.22021144153731853
11865,0.3945292207792207,2,0,2,294936,310674,20224,87732,2.87778354144281,0.22020752699507537
11866,0.3945833333333333,1,1,1,294937,310673,20225,87731,2.8777742784097224,0.22020612242848966
11867,0.3945952380952381,0,1,0,294938,310672,20225,87731,2.8777650153766348,0.22020667515053852
11868,0.3946190476190475,0,2,0,294940,310670,20225,87731,2.87774648931046,0.22020778060296034
11869,0.3946190476190476,0,1,0,294941,310669,20225,87731,2.877737226277372,0.22020833333333334
11870,0.3946428571428571,2,1,2,294942,310668,20227,87729,2.877727963244285,0.22020497142297757
11871,0.3946666666666666,5,32,5,294974,310636,20232,87724,2.877431546185483,0.2202128727783914
11872,0.3946666666666668,0,1,0,294975,310635,20232,87724,2.8774222831523955,0.22021342557843554
11873,0.3946904761904761,0,1,0,294976,310634,20232,87724,2.8774130201193078,0.22021397838125506
11874,0.3947023809523808,0,2,0,294978,310632,20232,87724,2.877394494053133,0.22021508399522036
11875,0.3947023809523809,0,1,0,294979,310631,20232,87724,2.877385231020045,0.2202156368063662
11876,0.394702380952381,0,1,0,294980,310630,20232,87724,2.8773759679869575,0.2202161896202875
11877,0.3947142857142857,1,4,1,294984,310626,20233,87723,2.877338915854607,0.2202164433700097
11878,0.3947222222222221,0,1,0,294985,310625,20233,87723,2.87732965282152,0.2202169961942824
11879,0.3947222222222222,0,1,0,294986,310624,20233,87723,2.8773203897884323,0.22021754902133064
11880,0.3947380952380953,0,1,0,294987,310623,20233,87723,2.8773111267553446,0.22021810185115454
11881,0.39475,0,3,0,294990,310620,20233,87723,2.877283337656082,0.22021976035728003
11882,0.3947619047619047,2,3,2,294993,310617,20235,87721,2.8772555485568194,0.2202175037279898
11883,0.3948333333333332,1,8,1,295001,310609,20236,87720,2.877181444292119,0.220219968920164
11884,0.3948333333333333,1,9,1,295010,310600,20237,87719,2.877098076994331,0.22022298710330163
11885,0.3948650793650793,1,1,1,295011,310599,20238,87718,2.8770888139612434,0.22022158230755906
11886,0.3948809523809524,1,1,1,295012,310598,20239,87717,2.8770795509281557,0.2202201774977091
11887,0.3949346405228757,0,2,0,295014,310596,20239,87717,2.877061024861981,0.22022128326215815
11888,0.3949523809523809,1,1,1,295015,310595,20240,87716,2.877051761828893,0.22021987843669896
11889,0.3949999999999999,1,15,1,295030,310580,20241,87715,2.87691281633258,0.22022621423819028
11890,0.395,159,1374,159,296404,309206,20400,87556,2.8641854088702803,0.22067637525771117
11891,0.3950000000000001,0,24,0,296428,309182,20400,87556,2.863963096076179,0.22068972470496903
11892,0.3950555555555555,0,1,0,296429,309181,20400,87556,2.863953833043092,0.2206902809669882
11893,0.3951071428571429,0,2,0,296431,309179,20400,87556,2.8639353069769165,0.22069139349943917
11894,0.3951190476190475,0,1,0,296432,309178,20400,87556,2.8639260439438288,0.220691949769871
11895,0.3951190476190476,2,0,2,296432,309178,20402,87554,2.8639260439438288,0.2206880211326538
11896,0.3951309523809523,0,3,0,296435,309175,20402,87554,2.863898254844566,0.2206896899394801
11897,0.3951666666666666,2,14,2,296449,309161,20404,87552,2.8637685723813404,0.220693549240887
11898,0.3951666666666667,0,1,0,296450,309160,20404,87552,2.863759309348253,0.22069410554760127
11899,0.3951904761904762,0,3,0,296453,309157,20404,87552,2.86373152024899,0.2206957744845718
11900,0.3952222222222222,0,1,0,296454,309156,20404,87552,2.863722257215903,0.22069633080250461
11901,0.3952380952380953,0,4,0,296458,309152,20404,87552,2.8636852050835526,0.2206985561022828
11902,0.3952619047619048,0,1,0,296459,309151,20404,87552,2.863675942050465,0.2206991124342392
11903,0.3952777777777778,0,1,0,296460,309150,20404,87552,2.8636666790173773,0.2206996687690004
11904,0.3953015873015872,0,1,0,296461,309149,20404,87552,2.86365741598429,0.2207002251065664
11905,0.3953214285714286,0,4,0,296465,309145,20404,87552,2.8636203638519397,0.22070245048487888
11906,0.3953333333333333,3,36,3,296501,309109,20407,87549,2.8632868946607877,0.22071658708509598
11907,0.3953571428571428,1,0,1,296501,309109,20408,87548,2.8632868946607877,0.22071462245718593
11908,0.3953571428571429,0,2,0,296503,309107,20408,87548,2.8632683685946128,0.2207157353367536
11909,0.3953809523809523,0,2,0,296505,309105,20408,87548,2.8632498425284374,0.22071684822754398
11910,0.3953809523809524,0,1,0,296506,309104,20408,87548,2.86324057949535,0.22071740467714773
11911,0.3954047619047618,0,1,0,296507,309103,20408,87548,2.8632313164622625,0.22071796112955722
11912,0.3954166666666666,0,1,0,296508,309102,20408,87548,2.863222053429175,0.22071851758477246
11913,0.3954166666666667,0,1,0,296509,309101,20408,87548,2.863212790396087,0.2207190740427935
11914,0.3954285714285713,0,5,0,296514,309096,20408,87548,2.8631664752306496,0.22072185637498615
11915,0.3954444444444444,1,0,1,296514,309096,20409,87547,2.8631664752306496,0.22071989169101686
11916,0.3954642857142856,1,3,1,296517,309093,20410,87546,2.863138686131387,0.22071959640882516
11917,0.3954740259740261,0,1,0,296518,309092,20410,87546,2.8631294230982993,0.2207201528849984
11918,0.3954999999999999,3,28,3,296546,309064,20413,87543,2.862870058171848,0.2207298408752241
11919,0.3955,0,3,0,296549,309061,20413,87543,2.862842269072585,0.22073151052435175
11920,0.3955357142857142,0,1,0,296550,309060,20413,87543,2.8628330060394975,0.22073206707967413
11921,0.3955436507936508,0,1,0,296551,309059,20413,87543,2.86282374300641,0.22073262363780313
11922,0.3955555555555555,0,2,0,296553,309057,20413,87543,2.862805216940235,0.2207337367624811
11923,0.3955833333333334,0,1,0,296554,309056,20413,87543,2.8627959539071473,0.22073429332903008
11924,0.395595238095238,0,2,0,296556,309054,20413,87543,2.8627774278409723,0.22073540647054818
11925,0.3956428571428572,0,1,0,296557,309053,20413,87543,2.8627681648078847,0.22073596304551735
11926,0.3956666666666665,0,1,0,296558,309052,20413,87543,2.862758901774797,0.22073651962329327
11927,0.3956666666666666,1,35,1,296593,309017,20414,87542,2.8624346956167326,0.2207540365998502
11928,0.3956666666666667,2,8,2,296601,309009,20416,87540,2.8623605913520325,0.2207545599661076
11929,0.3957063492063492,0,3,0,296604,309006,20416,87540,2.8623328022527694,0.22075623004645112
11930,0.3957142857142857,2,19,2,296623,308987,20418,87538,2.862156804624106,0.22076287749826617
11931,0.3957222222222223,0,1,0,296624,308986,20418,87538,2.8621475415910185,0.2207634342435767
11932,0.39575,0,2,0,296626,308984,20418,87538,2.8621290155248436,0.2207645477426221
11933,0.3958333333333332,12,71,12,296697,308913,20430,87526,2.861471340175627,0.2207804983868893
11934,0.3958333333333333,8,77,8,296774,308836,20438,87518,2.8607580866278854,0.2208076618376502
11935,0.3958333333333334,0,2,0,296776,308834,20438,87518,2.8607395605617105,0.22080877603746166
11936,0.3958571428571429,0,2,0,296778,308832,20438,87518,2.860721034495535,0.22080989024851772
11937,0.3958809523809523,0,3,0,296781,308829,20438,87518,2.8606932453962726,0.22081156158618584
11938,0.3958809523809524,0,2,0,296783,308827,20438,87518,2.8606747193300976,0.22081267582535416
11939,0.3958888888888889,0,2,0,296785,308825,20438,87518,2.8606561932639223,0.2208137900757677
11940,0.3959078699078698,0,1,0,296786,308824,20438,87518,2.8606469302308346,0.22081434720519147
11941,0.3959285714285714,0,1,0,296787,308823,20438,87518,2.8606376671977474,0.22081490433742662
11942,0.3959523809523809,0,2,0,296789,308821,20438,87518,2.860619141131572,0.22081601861033107
11943,0.395952380952381,0,1,0,296790,308820,20438,87518,2.8606098780984848,0.22081657575100042
11944,0.3959999999999999,1,7,1,296797,308813,20439,87517,2.860545036866872,0.22081850982766887
11945,0.396,12,146,12,296943,308667,20451,87505,2.8591926340360887,0.22087628605757095
11946,0.3960000000000001,0,1,0,296944,308666,20451,87505,2.859183371003001,0.2208768435852195
11947,0.396047619047619,0,1,0,296945,308665,20451,87505,2.859174107969914,0.22087740111568266
11948,0.3960714285714285,0,1,0,296946,308664,20451,87505,2.859164844936826,0.22087795864896043
11949,0.3960714285714286,0,2,0,296948,308662,20451,87505,2.859146318870651,0.22087907372395985
11950,0.3960833333333334,0,1,0,296949,308661,20451,87505,2.8591370558375635,0.22087963126568155
11951,0.3961111111111111,0,1,0,296950,308660,20451,87505,2.859127792804476,0.22088018881021795
11952,0.3961363636363636,1,1,1,296951,308659,20452,87504,2.859118529771388,0.22087877969421676
11953,0.3961363636363637,0,1,0,296952,308658,20452,87504,2.859109266738301,0.22087933724082573
11954,0.3961428571428571,0,2,0,296954,308656,20452,87504,2.8590907406721255,0.22088045234248788
11955,0.3961538461538462,0,2,0,296956,308654,20452,87504,2.8590722146059506,0.2208815674554092
11956,0.3961666666666666,3,10,3,296966,308644,20455,87501,2.858979584275075,0.22088124297921216
11957,0.3961904761904761,1,0,1,296966,308644,20456,87500,2.858979584275075,0.22087927622278766
11958,0.3961904761904762,1,3,1,296969,308641,20457,87499,2.8589517951758125,0.22087898217801788
11959,0.3962142857142858,0,1,0,296970,308640,20457,87499,2.858942532142725,0.22087953975750935
11960,0.3962222222222222,0,4,0,296974,308636,20457,87499,2.8589054800103746,0.22088177010362628
11961,0.3962499999999999,0,1,0,296975,308635,20457,87499,2.858896216977287,0.22088232769719338
11962,0.39625,0,9,0,296984,308626,20457,87499,2.858812849679499,0.22088734616598296
11963,0.3962619047619047,0,1,0,296985,308625,20457,87499,2.8588035866464114,0.22088790378770284
11964,0.3962857142857142,0,1,0,296986,308624,20457,87499,2.8587943236133238,0.2208884614122381
11965,0.3962857142857143,1,0,1,296986,308624,20458,87498,2.8587943236133238,0.2208864945648058
11966,0.3963095238095239,0,3,0,296989,308621,20458,87498,2.858766534514061,0.22088816744463155
11967,0.3963333333333332,0,2,0,296991,308619,20458,87498,2.8587480084478862,0.220889282711926
11968,0.3963333333333333,1,15,1,297006,308604,20459,87497,2.858609062951573,0.22089568064710768
11969,0.3963333333333334,2,5,2,297011,308599,20461,87495,2.8585627477861353,0.22089453513559912
11970,0.3963571428571428,0,2,0,297013,308597,20461,87495,2.85854422171996,0.22089565050543813
11971,0.3963611111111111,1,0,1,297013,308597,20462,87494,2.85854422171996,0.2208936835222209
11972,0.3963636363636364,0,2,0,297015,308595,20462,87494,2.858525695653785,0.22089479889620767
11973,0.3963650793650793,1,1,1,297016,308594,20463,87493,2.8585164326206973,0.22089338958360158
11974,0.3964047619047618,1,2,1,297018,308592,20464,87492,2.8584979065545224,0.2208925379464962
11975,0.3964047619047619,1,1,1,297019,308591,20465,87491,2.8584886435214347,0.22089112860468288
11976,0.396404761904762,0,1,0,297020,308590,20465,87491,2.858479380488347,0.22089168629648986
11977,0.3964166666666666,0,2,0,297022,308588,20465,87491,2.858460854422172,0.22089280168855202
11978,0.3964285714285714,1,8,1,297030,308580,20466,87490,2.8583867501574716,0.22089529628601004
11979,0.396452380952381,0,2,0,297032,308578,20466,87490,2.8583682240912966,0.22089641172727914
11980,0.3964999999999999,2,32,2,297064,308546,20468,87488,2.858071807032495,0.22091032588111123
11981,0.3965000000000001,1,2,1,297066,308544,20469,87487,2.8580532809663195,0.22090947425832827
11982,0.3965079365079365,0,1,0,297067,308543,20469,87487,2.8580440179332323,0.22091003206827767
11983,0.396547619047619,0,2,0,297069,308541,20469,87487,2.858025491867057,0.2209111476966275
11984,0.3965476190476191,0,1,0,297070,308540,20469,87487,2.858016228833969,0.220911705515028
11985,0.3965714285714286,0,1,0,297071,308539,20469,87487,2.858006965800882,0.2209122633362456
11986,0.3965952380952381,0,2,0,297073,308537,20469,87487,2.8579884397347066,0.2209133789871321
11987,0.3966190476190476,0,4,0,297077,308533,20469,87487,2.8579513876023563,0.22091561032271098
11988,0.39662012987013,0,1,0,297078,308532,20469,87487,2.857942124569269,0.2209161681636487
11989,0.3966428571428572,0,2,0,297080,308530,20469,87487,2.8579235985030937,0.22091728385397597
11990,0.3966666666666665,0,2,0,297082,308528,20469,87487,2.857905072436919,0.22091839955557238
11991,0.3966666666666666,40,424,40,297506,308104,20509,87447,2.853977546407796,0.22107642250936035
11992,0.3966666666666667,48,382,48,297888,307722,20557,87399,2.85043906776835,0.22119553250776344
11993,0.3966904761904761,2,3,2,297891,307719,20559,87397,2.8504112786690876,0.22119326982455786
11994,0.3967142857142858,0,1,0,297892,307718,20559,87397,2.850402015636,0.22119382964453388
11995,0.39675,2,2,2,297894,307716,20561,87395,2.8503834895698246,0.22119100708408523
11996,0.3967619047619048,1,0,1,297894,307716,20562,87394,2.8503834895698246,0.22118903596466807
11997,0.3967857142857142,0,1,0,297895,307715,20562,87394,2.8503742265367373,0.22118959578242967
11998,0.3967857142857143,2,1,2,297896,307714,20564,87392,2.8503649635036497,0.22118621331996982
11999,0.3968333333333333,0,21,0,297917,307693,20564,87392,2.850170439808811,0.22119797005707634
12000,0.3968479543332484,0,1,0,297918,307692,20564,87392,2.8501611767757233,0.22119852993287503
12001,0.3968571428571428,0,2,0,297920,307690,20564,87392,2.8501426507095484,0.22119964969297512
12002,0.3968888888888889,0,1,0,297921,307689,20564,87392,2.8501333876764607,0.22120020957727657
12003,0.3969047619047618,0,1,0,297922,307688,20564,87392,2.850124124643373,0.22120076946441228
12004,0.396904761904762,0,1,0,297923,307687,20564,87392,2.850114861610286,0.22120132935438228
12005,0.3969166666666667,0,1,0,297924,307686,20564,87392,2.850105598577198,0.22120188924718664
12006,0.3969642857142857,0,1,0,297925,307685,20564,87392,2.8500963355441105,0.22120244914282533
12007,0.3969696969696968,0,1,0,297926,307684,20564,87392,2.8500870725110232,0.2212030090412984
12008,0.3969761904761905,0,2,0,297928,307682,20564,87392,2.850068546444848,0.2212041288467477
12009,0.3969999999999999,1,2,1,297930,307680,20565,87391,2.850050020378673,0.22120327738558385
12010,0.397,7,51,7,297981,307629,20572,87384,2.8495776056912074,0.22121803586211086
12011,0.3970238095238095,0,1,0,297982,307628,20572,87384,2.8495683426581198,0.22121859589075774
12012,0.3970833333333333,1,3,1,297985,307625,20573,87383,2.849540553558857,0.22121830443940377
12013,0.3971428571428571,5,13,5,297998,307612,20578,87378,2.849420134128719,0.22121572698042988
12014,0.3971666666666666,4,15,4,298013,307597,20582,87374,2.8492811886324056,0.22121624119239133
12015,0.3971746031746031,0,1,0,298014,307596,20582,87374,2.8492719255993184,0.2212168012760463
12016,0.3971825396825397,0,2,0,298016,307594,20582,87374,2.849253399533143,0.22121792145186445
12017,0.3971904761904762,0,2,0,298018,307592,20582,87374,2.849234873466968,0.22121904163902717
12018,0.3972142857142857,0,3,0,298021,307589,20582,87374,2.8492070843677055,0.2212207219410426
12019,0.3972222222222223,0,1,0,298022,307588,20582,87374,2.849197821334618,0.22122128204738684
12020,0.3972261904761905,0,1,0,298023,307587,20582,87374,2.84918855830153,0.22122184215656734
12021,0.39725,0,1,0,298024,307586,20582,87374,2.8491792952684425,0.22122240226858417
12022,0.3972619047619047,0,3,0,298027,307583,20582,87374,2.84915150616918,0.2212240826216525
12023,0.3972857142857142,0,1,0,298028,307582,20582,87374,2.8491422431360927,0.22122464274501463
12024,0.3972857142857143,0,1,0,298029,307581,20582,87374,2.849132980103005,0.22122520287121317
12025,0.3973333333333332,0,8,0,298037,307573,20582,87374,2.8490588758383044,0.22122968398291418
12026,0.3973333333333333,3,34,3,298071,307539,20585,87371,2.8487439327133277,0.22124281481856625
12027,0.3973484848484848,0,1,0,298072,307538,20585,87371,2.84873466968024,0.22124337505602557
12028,0.3973809523809523,0,1,0,298073,307537,20585,87371,2.8487254066471523,0.2212439352963222
12029,0.3973809523809524,0,2,0,298075,307535,20585,87371,2.8487068805809774,0.2212450557854274
12030,0.3973989898989899,0,1,0,298076,307534,20585,87371,2.8486976175478897,0.2212456160342361
12031,0.3974166666666667,0,1,0,298077,307533,20585,87371,2.8486883545148025,0.22124617628588214
12032,0.3974285714285714,0,2,0,298079,307531,20585,87371,2.848669828448627,0.2212472967976865
12033,0.3974999999999999,3,17,3,298096,307514,20588,87368,2.848512356886139,0.22125090533374528
12034,0.3975,48,428,48,298524,307086,20636,87320,2.8445477787246656,0.221396226223739
12035,0.3975000000000001,1,4,1,298528,307082,20637,87319,2.8445107265923153,0.2213964974733837
12036,0.3975714285714286,1,1,1,298529,307081,20638,87318,2.8445014635592276,0.2213950846731356
12037,0.3975833333333333,0,2,0,298531,307079,20638,87318,2.8444829374930527,0.22139620737480253
12038,0.3976190476190476,0,5,0,298536,307074,20638,87318,2.8444366223276147,0.2213990141787866
12039,0.3976414141414141,0,2,0,298538,307072,20638,87318,2.84441809626144,0.2214001369203073
12040,0.3976428571428571,1,3,1,298541,307069,20639,87317,2.8443903071621772,0.22139984685054742
12041,0.3976428571428572,1,0,1,298541,307069,20640,87316,2.8443903071621772,0.22139787263714392
12042,0.3976666666666666,1,36,1,298577,307033,20641,87315,2.844056837971025,0.2214161096290586
12043,0.3976666666666667,1,8,1,298585,307025,20642,87314,2.8439827337063246,0.22141862712032034
12044,0.3976785714285714,0,2,0,298587,307023,20642,87314,2.8439642076401497,0.22141975011221365
12045,0.3977142857142856,0,1,0,298588,307022,20642,87314,2.843954944607062,0.22142031161243203
12046,0.3977272727272727,0,1,0,298589,307021,20642,87314,2.8439456815739748,0.22142087311549824
12047,0.3977380952380953,0,1,0,298590,307020,20642,87314,2.843936418540887,0.2214214346214123
12048,0.3977619047619047,0,1,0,298591,307019,20642,87314,2.8439271555077994,0.22142199613017424
12049,0.3977777777777778,0,1,0,298592,307018,20642,87314,2.8439178924747117,0.2214225576417841
12050,0.3977857142857142,1,1,1,298593,307017,20643,87313,2.8439086294416245,0.2214211447264981
12051,0.3977857142857144,0,4,0,298597,307013,20643,87313,2.843871577309274,0.2214233907984764
12052,0.3978073593073594,0,1,0,298598,307012,20643,87313,2.8438623142761865,0.22142395232359094
12053,0.3978333333333333,1,7,1,298605,307005,20644,87312,2.8437974730445736,0.22142590859638311
12054,0.3978571428571428,1,6,1,298611,306999,20645,87311,2.8437418948460484,0.2214273033907332
12055,0.3978571428571429,1,0,1,298611,306999,20646,87310,2.8437418948460484,0.2214253288664474
12056,0.3978809523809523,0,1,0,298612,306998,20646,87310,2.8437326318129608,0.22142589042068636
12057,0.3979166666666666,1,1,1,298613,306997,20647,87309,2.843723368779873,0.2214244774363058
12058,0.3979166666666667,0,2,0,298615,306995,20647,87309,2.843704842713698,0.22142560055185848
12059,0.3979285714285714,0,1,0,298616,306994,20647,87309,2.8436955796806105,0.22142616211390734
12060,0.397952380952381,0,2,0,298618,306992,20647,87309,2.8436770536144356,0.22142728524655023
12061,0.3979999999999999,11,84,11,298702,306908,20658,87298,2.842898958835081,0.22145274298209566
12062,0.398,1,5,1,298707,306903,20659,87297,2.842852643669643,0.22145357686453576
12063,0.3980357142857143,0,1,0,298708,306902,20659,87297,2.842843380636556,0.2214541386457094
12064,0.3980555555555555,1,1,1,298709,306901,20660,87296,2.842834117603468,0.22145272541394279
12065,0.3980833333333333,0,2,0,298711,306899,20660,87296,2.842815591537293,0.22145384898337117
12066,0.398095238095238,1,1,1,298712,306898,20661,87295,2.8428063285042056,0.2214524357357944
12067,0.3980952380952381,0,2,0,298714,306896,20661,87295,2.84278780243803,0.22145355931515434
12068,0.3981428571428571,0,2,0,298716,306894,20661,87295,2.8427692763718553,0.2214546829059157
12069,0.3981666666666666,2,13,2,298729,306881,20663,87293,2.842648856941717,0.22145803629869043
12070,0.3981666666666667,1,5,1,298734,306876,20664,87292,2.8426025417762792,0.2214588703294027
12071,0.3982023809523809,0,1,0,298735,306875,20664,87292,2.8425932787431916,0.2214594321696134
12072,0.3982142857142857,0,3,0,298738,306872,20664,87292,2.842565489643929,0.22146111770735025
12073,0.39825,0,2,0,298740,306870,20664,87292,2.842546963577754,0.221462241413429
12074,0.3982727272727273,0,2,0,298742,306868,20664,87292,2.8425284375115787,0.2214633651309113
12075,0.3982857142857142,0,1,0,298743,306867,20664,87292,2.8425191744784915,0.22146392699392883
12076,0.3983333333333332,27,224,27,298967,306643,20691,87265,2.840444255066879,0.22153650090884167
12077,0.3983333333333334,27,238,27,299205,306405,20718,87238,2.838239653192041,0.22161704895044496
12078,0.3983571428571429,0,1,0,299206,306404,20718,87238,2.838230390158954,0.22161761194181515
12079,0.3983730158730159,2,0,2,299206,306404,20720,87236,2.838230390158954,0.22161365714866377
12080,0.3984166666666667,0,2,0,299208,306402,20720,87236,2.8382118640927785,0.22161478312561286
12081,0.3984523809523809,0,1,0,299209,306401,20720,87236,2.838202601059691,0.2216153461183781
12082,0.3984761904761905,0,1,0,299210,306400,20720,87236,2.8381933380266036,0.2216159091140038
12083,0.3984931457431457,1,0,1,299210,306400,20721,87235,2.8381933380266036,0.22161393168798507
12084,0.3984999999999999,0,2,0,299212,306398,20721,87235,2.838174811960428,0.22161505768063144
12085,0.3985,4,29,4,299241,306369,20725,87231,2.8379061840008895,0.2216234756097561
12086,0.3985238095238095,0,1,0,299242,306368,20725,87231,2.8378969209678018,0.22162403867896005
12087,0.3985714285714285,0,4,0,299246,306364,20725,87231,2.8378598688354515,0.2216262909843875
12088,0.3985714285714286,2,6,2,299252,306358,20727,87229,2.8378042906369263,0.22162571426393657
12089,0.3985833333333333,0,2,0,299254,306356,20727,87229,2.837785764570751,0.22162684045377745
12090,0.3985952380952381,0,3,0,299257,306353,20727,87229,2.8377579754714883,0.2216285297599992
12091,0.3986111111111111,0,2,0,299259,306351,20727,87229,2.8377394494053134,0.2216296559784542
12092,0.3986428571428571,1,2,1,299261,306349,20728,87228,2.837720923339138,0.2216288045287199
12093,0.3986666666666666,5,42,5,299303,306307,20733,87223,2.837331875949461,0.22164256854623535
12094,0.3986666666666667,1,2,1,299305,306305,20734,87222,2.837313349883286,0.22164171708675642
12095,0.3986904761904762,0,2,0,299307,306303,20734,87222,2.8372948238171105,0.22164284352963598
12096,0.3987142857142857,0,2,0,299309,306301,20734,87222,2.8372762977509356,0.22164396998396535
12097,0.3987380952380953,0,2,0,299311,306299,20734,87222,2.8372577716847607,0.22164509644974473
12098,0.3987499999999999,1,1,1,299312,306298,20735,87221,2.837248508651673,0.2216436817536129
12099,0.39875,2,8,2,299320,306290,20737,87219,2.8371744043869724,0.22164423177106496
12100,0.3987619047619047,0,1,0,299321,306289,20737,87219,2.8371651413538848,0.22164479502322698
12101,0.3988095238095238,1,3,1,299324,306286,20738,87218,2.837137352254622,0.22164450679027406
12102,0.3988333333333332,0,2,0,299326,306284,20738,87218,2.8371188261884472,0.2216456333131725
12103,0.3988333333333333,2,6,2,299332,306278,20740,87216,2.8370632479899216,0.2216450568496597
12104,0.3988333333333334,0,1,0,299333,306277,20740,87216,2.8370539849568344,0.22164562012538977
12105,0.3988809523809523,0,1,0,299334,306276,20740,87216,2.8370447219237467,0.2216461834039828
12106,0.3988888888888888,0,2,0,299336,306274,20740,87216,2.8370261958575718,0.22164730996975782
12107,0.3988888888888889,0,1,0,299337,306273,20740,87216,2.837016932824484,0.22164787325693983
12108,0.3989047619047619,0,2,0,299339,306271,20740,87216,2.8369984067583087,0.22164899983989306
12109,0.3989285714285714,0,2,0,299341,306269,20740,87216,2.836979880692134,0.22165012643429863
12110,0.3989523809523808,0,1,0,299342,306268,20740,87216,2.836970617659046,0.22165068973579613
12111,0.3989761904761905,0,1,0,299343,306267,20740,87216,2.836961354625959,0.22165125304015676
12112,0.3989920634920634,0,1,0,299344,306266,20740,87216,2.836952091592871,0.22165181634738057
12113,0.3989999999999999,11,96,11,299440,306170,20751,87205,2.836062840416466,0.2216841436288529
12114,0.3990000000000001,1,8,1,299448,306162,20752,87204,2.8359887361517657,0.22168667347966017
12115,0.3990454545454545,0,1,0,299449,306161,20752,87204,2.835979473118678,0.22168723704447524
12116,0.399047619047619,0,3,0,299452,306158,20752,87204,2.8359516840194154,0.22168892775611268
12117,0.3990476190476191,0,1,0,299453,306157,20752,87204,2.8359424209863278,0.22168949133238933
12118,0.3991190476190476,0,1,0,299454,306156,20752,87204,2.83593315795324,0.22169005491153143
12119,0.3991428571428571,0,1,0,299455,306155,20752,87204,2.835923894920153,0.221690618493539
12120,0.3991666666666666,13,90,13,299545,306065,20765,87191,2.8350902219422727,0.22171562544500276
12121,0.3991666666666667,14,72,14,299617,305993,20779,87177,2.834423283559969,0.2217285143830913
12122,0.399186507936508,0,1,0,299618,305992,20779,87177,2.8344140205268813,0.22172907833527059
12123,0.3991904761904761,2,0,2,299618,305992,20781,87175,2.8344140205268813,0.22172511935131892
12124,0.3992142857142857,1,0,1,299618,305992,20782,87174,2.8344140205268813,0.22172313984423883
12125,0.3992380952380952,0,1,0,299619,305991,20782,87174,2.8344047574937936,0.22172370378848574
12126,0.3992619047619047,0,2,0,299621,305989,20782,87174,2.8343862314276187,0.22172483168558588
12127,0.3992777777777778,0,1,0,299622,305988,20782,87174,2.834376968394531,0.22172539563843913
12128,0.3992857142857143,1,15,1,299637,305973,20783,87173,2.8342380228982176,0.22173187568994723
12129,0.3993055555555555,0,1,0,299638,305972,20783,87173,2.8342287598651303,0.22173243968510345
12130,0.3993181818181818,0,1,0,299639,305971,20783,87173,2.8342194968320427,0.22173300368312882
12131,0.3993333333333333,1,15,1,299654,305956,20784,87172,2.8340805513357292,0.221739484340978
12132,0.3993333333333334,5,40,5,299694,305916,20789,87167,2.8337100300122273,0.22175214903722623
12133,0.3993571428571429,1,1,1,299695,305915,20790,87166,2.8337007669791396,0.2217507333094197
12134,0.3994047619047619,0,1,0,299696,305914,20790,87166,2.833691503946052,0.22175129744581257
12135,0.3994444444444444,0,3,0,299699,305911,20790,87166,2.8336637148467894,0.22175298987221334
12136,0.3994642857142857,0,1,0,299700,305910,20790,87166,2.8336544518137017,0.22175355402008773
12137,0.3994999999999999,1,7,1,299707,305903,20791,87165,2.833589610582089,0.22175552321735678
12138,0.3995,2,26,2,299733,305877,20793,87163,2.8333487717218127,0.22176623244453492
12139,0.3995238095238095,0,6,0,299739,305871,20793,87163,2.8332931935232875,0.2217696178956528
12140,0.3995298786181139,0,1,0,299740,305870,20793,87163,2.8332839304901998,0.22177018214755503
12141,0.3995714285714286,1,2,1,299742,305868,20794,87162,2.8332654044240244,0.22176933058545148
12142,0.3995833333333333,0,3,0,299745,305865,20794,87162,2.833237615324762,0.221771023364807
12143,0.3996111111111111,0,1,0,299746,305864,20794,87162,2.8332283522916746,0.2217715876303349
12144,0.3996190476190475,0,1,0,299747,305863,20794,87162,2.833219089258587,0.22177215189873417
12145,0.3996309523809523,0,1,0,299748,305862,20794,87162,2.833209826225499,0.22177271617000488
12146,0.3996428571428571,0,3,0,299751,305859,20794,87162,2.8331820371262366,0.22177440900104575
12147,0.3996666666666666,1,31,1,299782,305828,20795,87161,2.8328948831005225,0.2217899228731593
12148,0.3996904761904762,0,2,0,299784,305826,20795,87161,2.832876357034347,0.2217910516123943
12149,0.3997142857142857,0,2,0,299786,305824,20795,87161,2.8328578309681722,0.22179218036311818
12150,0.3997222222222222,0,1,0,299787,305823,20795,87161,2.8328485679350845,0.2217927447427885
12151,0.3997229437229437,1,1,1,299788,305822,20796,87160,2.8328393049019973,0.2217913288649353
12152,0.3997402597402598,1,0,1,299788,305822,20797,87159,2.8328393049019973,0.2217893485944613
12153,0.3997424242424242,1,0,1,299788,305822,20798,87158,2.8328393049019973,0.2217873683139091
12154,0.3997619047619047,0,2,0,299790,305820,20798,87158,2.832820778835822,0.22178849706599352
12155,0.3998095238095238,1,1,1,299791,305819,20799,87157,2.8328115158027343,0.22178708114490453
12156,0.3998333333333332,0,2,0,299793,305817,20799,87157,2.8327929897365594,0.22178820990701675
12157,0.3998333333333333,1,13,1,299806,305804,20800,87156,2.8326725703064213,0.2217935667752443
12158,0.3998333333333334,0,2,0,299808,305802,20800,87156,2.832654044240246,0.22179469561632542
12159,0.3998809523809523,0,3,0,299811,305799,20800,87156,2.8326262551409833,0.2217963888994923
12160,0.3998809523809524,0,2,0,299813,305797,20800,87156,2.8326077290748084,0.22179751776930065
12161,0.3999166666666667,0,1,0,299814,305796,20800,87156,2.8325984660417207,0.22179808220851402
12162,0.3999230769230769,1,0,1,299814,305796,20801,87155,2.8325984660417207,0.22179610180404172
12163,0.3999444444444444,2,0,2,299814,305796,20803,87153,2.8325984660417207,0.22179214096485803
12164,0.3999523809523809,0,1,0,299815,305795,20803,87153,2.832589203008633,0.22179270539613383
12165,0.3999999999999998,0,1,0,299816,305794,20803,87153,2.832579939975546,0.22179326983028247
12166,0.3999999999999999,10,22,10,299838,305772,20813,87143,2.8323761532476195,0.2217858824427675
12167,0.4,359,3703,359,303541,302069,21172,86784,2.7980751417244063,0.22317945341812973
12168,0.4000000000000001,3,27,3,303568,302042,21175,86781,2.7978250398310425,0.22318895744336112
12169,0.4000238095238095,0,2,0,303570,302040,21175,86781,2.797806513764867,0.22319010547269824
12170,0.400047619047619,1,1,1,303571,302039,21176,86780,2.7977972507317794,0.22318868162306882
12171,0.4000714285714285,0,1,0,303572,302038,21176,86780,2.797787987698692,0.22318925564145692
12172,0.400095238095238,0,1,0,303573,302037,21176,86780,2.7977787246656045,0.22318982966279766
12173,0.4001071428571428,0,1,0,303574,302036,21176,86780,2.797769461632517,0.22319040368709106
12174,0.4001190476190476,0,2,0,303576,302034,21176,86780,2.797750935566342,0.22319155174453595
12175,0.4001428571428572,0,1,0,303577,302033,21176,86780,2.7977416725332542,0.22319212577768746
12176,0.4001538461538461,0,1,0,303578,302032,21176,86780,2.7977324095001666,0.22319269981379175
12177,0.4001666666666665,0,1,0,303579,302031,21176,86780,2.7977231464670793,0.22319327385284882
12178,0.4001666666666666,2,10,2,303589,302021,21178,86778,2.797630516136204,0.22319501850570603
12179,0.4001666666666667,0,5,0,303594,302016,21178,86778,2.797584200970766,0.2231978888563095
12180,0.4002380952380951,1,2,1,303596,302014,21179,86777,2.797565674904591,0.22319703902610916
12181,0.4002380952380953,0,1,0,303597,302013,21179,86777,2.7975564118715033,0.22319761310733302
12182,0.4002857142857142,0,1,0,303598,302012,21179,86777,2.7975471488384156,0.22319818719151005
12183,0.4003030303030303,0,1,0,303599,302011,21179,86777,2.797537885805328,0.2231987612786403
12184,0.4003333333333333,2,23,2,303622,301988,21181,86775,2.7973248360443144,0.22320796989425434
12185,0.4003333333333334,0,9,0,303631,301979,21181,86775,2.7972414687465266,0.22321313735678605
12186,0.4003571428571428,0,3,0,303634,301976,21181,86775,2.7972136796472635,0.2232148598974665
12187,0.4004047619047619,0,1,0,303635,301975,21181,86775,2.7972044166141763,0.22321543408360128
12188,0.4004166666666666,0,4,0,303639,301971,21181,86775,2.797167364481826,0.22321773085768085
12189,0.4004166666666667,1,1,1,303640,301970,21182,86774,2.7971581014487383,0.2232163068754759
12190,0.4004285714285714,0,2,0,303642,301968,21182,86774,2.7971395753825634,0.22321745527882245
12191,0.4004523809523809,1,1,1,303643,301967,21183,86773,2.7971303123494757,0.2232160312805474
12192,0.4004761904761905,0,3,0,303646,301964,21183,86773,2.797102523250213,0.22321775390559684
12193,0.4004999999999999,0,15,0,303661,301949,21183,86773,2.7969635777538997,0.22322636742967983
12194,0.4005,0,2,0,303663,301947,21183,86773,2.796945051687725,0.2232275159497839
12195,0.4005238095238095,0,1,0,303664,301946,21183,86773,2.796935788654637,0.2232280902142679
12196,0.4005277777777777,0,1,0,303665,301945,21183,86773,2.7969265256215494,0.22322866448170653
12197,0.4005357142857143,0,2,0,303667,301943,21183,86773,2.7969079995553745,0.2232298130254479
12198,0.4005454545454545,0,3,0,303670,301940,21183,86773,2.796880210456112,0.22323153586322042
12199,0.4005555555555555,1,4,1,303674,301936,21184,86772,2.7968431583237616,0.22323183469339453
12200,0.4005714285714286,0,1,0,303675,301935,21184,86772,2.796833895290674,0.2232324089867175
12201,0.4005833333333333,0,1,0,303676,301934,21184,86772,2.7968246322575863,0.22323298328299537
12202,0.4005952380952381,0,1,0,303677,301933,21184,86772,2.796815369224499,0.22323355758222818
12203,0.4006410256410257,0,1,0,303678,301932,21184,86772,2.7968061061914113,0.2232341318844159
12204,0.4006428571428572,0,1,0,303679,301931,21184,86772,2.7967968431583237,0.2232347061895586
12205,0.4006666666666665,0,2,0,303681,301929,21184,86772,2.7967783170921487,0.223235854808709
12206,0.4006666666666666,9,46,9,303727,301883,21193,86763,2.796352217570121,0.22324428914745037
12207,0.4006666666666667,2,14,2,303741,301869,21195,86761,2.7962225351068954,0.22324833389084733
12208,0.4007142857142857,0,13,0,303754,301856,21195,86761,2.7961021156767574,0.2232558019849878
12209,0.4007222222222222,1,1,1,303755,301855,21196,86760,2.7960928526436697,0.22325437772602705
12210,0.4007261904761905,0,1,0,303756,301854,21196,86760,2.796083589610582,0.2232549522147941
12211,0.4007380952380952,1,3,1,303759,301851,21197,86759,2.7960558005113194,0.22325467692545226
12212,0.4007499999999999,0,1,0,303760,301850,21197,86759,2.7960465374782317,0.22325525142238084
12213,0.4007619047619047,1,0,1,303760,301850,21198,86758,2.7960465374782317,0.2232532526350461
12214,0.4008095238095238,0,2,0,303762,301848,21198,86758,2.796028011412057,0.22325440163044316
12215,0.4008333333333332,6,80,6,303842,301768,21204,86752,2.7952869687650526,0.2232883764027592
12216,0.4008333333333334,4,86,4,303928,301682,21208,86748,2.7944903479195227,0.22332981489586284
12217,0.4008658008658007,0,1,0,303929,301681,21208,86748,2.7944810848864354,0.22333038985245696
12218,0.4008809523809523,0,1,0,303930,301680,21208,86748,2.7944718218533477,0.22333096481201148
12219,0.4008809523809524,1,3,1,303933,301677,21209,86747,2.794444032754085,0.2233306901736247
12220,0.4009166666666667,0,2,0,303935,301675,21209,86747,2.79442550668791,0.2233318401120431
12221,0.4009444444444445,0,2,0,303937,301673,21209,86747,2.794406980621735,0.2233329900623037
12222,0.4009523809523809,1,1,1,303938,301672,21210,86746,2.794397717588647,0.2233315654784279
12223,0.400952380952381,0,2,0,303940,301670,21210,86746,2.7943791915224723,0.2233327154391168
12224,0.4009880952380952,0,1,0,303941,301669,21210,86746,2.7943699284893846,0.22333329042390226
12225,0.4009999999999999,0,3,0,303944,301666,21210,86746,2.794342139390122,0.22333501539602277
12226,0.401,16,61,16,304005,301605,21226,86730,2.793777094371781,0.22333809726138515
12227,0.4010000000000001,0,2,0,304007,301603,21226,86730,2.793758568305606,0.2233392475015
12228,0.401047619047619,0,4,0,304011,301599,21226,86730,2.793721516173256,0.22334154801727402
12229,0.4010714285714286,0,3,0,304014,301596,21226,86730,2.793693727073993,0.2233432734352065
12230,0.4010833333333333,0,1,0,304015,301595,21226,86730,2.7936844640409055,0.22334384858044165
12231,0.4011071428571428,2,0,2,304015,301595,21228,86728,2.7936844640409055,0.22333984852815825
12232,0.4011111111111111,0,1,0,304016,301594,21228,86728,2.793675201007818,0.22334042366901696
12233,0.4011666666666666,0,9,0,304025,301585,21228,86728,2.79359183371003,0.22334560007004658
12234,0.4011666666666667,0,1,0,304026,301584,21228,86728,2.7935825706769424,0.22334617524052824
12235,0.4011904761904761,0,1,0,304027,301583,21228,86728,2.7935733076438547,0.2233467504139723
12236,0.4011904761904762,0,1,0,304028,301582,21228,86728,2.7935640446107675,0.22334732559037881
12237,0.4012222222222222,0,1,0,304029,301581,21228,86728,2.79355478157768,0.2233479007697478
12238,0.4012380952380951,1,1,1,304030,301580,21229,86727,2.793545518544592,0.2233464758554443
12239,0.4012380952380953,0,1,0,304031,301579,21229,86727,2.793536255511505,0.2233470510370687
12240,0.40125,0,2,0,304033,301577,21229,86727,2.7935177294453295,0.22334820140920517
12241,0.4012619047619048,0,1,0,304034,301576,21229,86727,2.793508466412242,0.22334877659971722
12242,0.4012857142857142,0,1,0,304035,301575,21229,86727,2.7934992033791546,0.2233493517931919
12243,0.4012886002886003,1,3,1,304038,301572,21230,86726,2.793471414279892,0.2233490772550979
12244,0.4013095238095238,0,1,0,304039,301571,21230,86726,2.7934621512468043,0.22334965245675348
12245,0.4013095238095239,0,1,0,304040,301570,21230,86726,2.7934528882137166,0.22335022766137175
12246,0.401314935064935,0,2,0,304042,301568,21230,86726,2.7934343621475417,0.22335137807949645
12247,0.4013203463203463,0,1,0,304043,301567,21230,86726,2.793425099114454,0.22335195329300297
12248,0.4013333333333332,0,10,0,304053,301557,21230,86726,2.7933324687835785,0.2233577055910251
12249,0.4013333333333333,1,19,1,304072,301538,21231,86725,2.793156471154915,0.22336663550222402
12250,0.4013333333333334,0,3,0,304075,301535,21231,86725,2.7931286820556522,0.22336836140730437
12251,0.4013536463536464,0,3,0,304078,301532,21231,86725,2.7931008929563896,0.22337008733905633
12252,0.4013571428571428,1,2,1,304080,301530,21232,86724,2.7930823668902147,0.22336923766400346
12253,0.4013809523809523,0,1,0,304081,301529,21232,86724,2.793073103857127,0.22336981298277153
12254,0.4014047619047619,0,2,0,304083,301527,21232,86724,2.7930545777909517,0.22337096362919864
12255,0.4014166666666667,0,1,0,304084,301526,21232,86724,2.7930453147578644,0.22337153895685768
12256,0.4014285714285714,1,11,1,304095,301515,21233,86723,2.7929434213939013,0.22337586738031825
12257,0.4014761904761904,0,2,0,304097,301513,21233,86723,2.792924895327726,0.22337701810239133
12258,0.4014999999999999,3,29,3,304126,301484,21236,86720,2.792656267368187,0.22338770337245367
12259,0.4015000000000001,1,4,1,304130,301480,21237,86719,2.792619215235837,0.22338800460588512
12260,0.4015151515151515,0,2,0,304132,301478,21237,86719,2.7926006891696615,0.22338915550609614
12261,0.4015238095238095,0,1,0,304133,301477,21237,86719,2.7925914261365743,0.22338973096064874
12262,0.4015317460317461,0,2,0,304135,301475,21237,86719,2.792572900070399,0.2233908818786483
12263,0.4015454545454545,0,1,0,304136,301474,21237,86719,2.7925636370373117,0.22339145734209528
12264,0.401547619047619,0,2,0,304138,301472,21237,86719,2.7925451109711363,0.22339260827788382
12265,0.4015476190476191,0,2,0,304140,301470,21237,86719,2.7925265849049614,0.2233937592255319
12266,0.4015714285714286,0,1,0,304141,301469,21237,86719,2.7925173218718737,0.22339433470380332
12267,0.4015873015873016,0,1,0,304142,301468,21237,86719,2.792508058838786,0.22339491018503968
12268,0.4016428571428571,0,1,0,304143,301467,21237,86719,2.792498795805699,0.22339548566924103
12269,0.4016428571428572,0,1,0,304144,301466,21237,86719,2.792489532772611,0.2233960611564074
12270,0.4016666666666665,0,4,0,304148,301462,21237,86719,2.792452480640261,0.22339836313472322
12271,0.4016666666666666,31,250,31,304398,301212,21268,86688,2.790136722368372,0.22348027842227378
12272,0.4016666666666667,26,218,26,304616,300994,21294,86662,2.7881173811552853,0.22355387250552036
12273,0.4016666666666668,0,1,0,304617,300993,21294,86662,2.788108118122198,0.22355444918806672
12274,0.4016904761904761,0,1,0,304618,300992,21294,86662,2.7880988550891104,0.2235550258735883
12275,0.4016944444444444,0,2,0,304620,300990,21294,86662,2.7880803290229355,0.2235561792535573
12276,0.4017261904761904,1,0,1,304620,300990,21295,86661,2.7880803290229355,0.22355417630807092
12277,0.40175,0,1,0,304621,300989,21295,86661,2.7880710659898478,0.22355475299883915
12278,0.4017857142857143,2,3,2,304624,300986,21297,86659,2.788043276890585,0.22355247713758722
12279,0.4018095238095238,0,1,0,304625,300985,21297,86659,2.7880340138574975,0.22355305383289822
12280,0.4018333333333333,1,8,1,304633,300977,21298,86658,2.787959909592797,0.2235556644781818
12281,0.4018333333333334,1,12,1,304645,300965,21299,86657,2.7878487531957465,0.22356058221669564
12282,0.4018571428571428,0,1,0,304646,300964,21299,86657,2.787839490162659,0.22356115896713544
12283,0.4018888888888889,0,1,0,304647,300963,21299,86657,2.787830227129571,0.22356173572055105
12284,0.4019047619047618,0,2,0,304649,300961,21299,86657,2.7878117010633963,0.22356288923631
12285,0.4019047619047619,0,1,0,304650,300960,21299,86657,2.7878024380303086,0.22356346599865332
12286,0.4019523809523809,0,1,0,304651,300959,21299,86657,2.787793174997221,0.2235640427639726
12287,0.401968253968254,0,2,0,304653,300957,21299,86657,2.787774648931046,0.22356519630353908
12288,0.4019880952380952,0,3,0,304656,300954,21299,86657,2.7877468598317834,0.22356692663520902
12289,0.4019999999999999,0,7,0,304663,300947,21299,86657,2.7876820186001705,0.22357096417993622
12290,0.402,12,94,12,304757,300853,21311,86645,2.7868112934899405,0.22360115407047262
12291,0.4020000000000001,0,2,0,304759,300851,21311,86645,2.786792767423765,0.22360230815285836
12292,0.4020238095238095,1,2,1,304761,300849,21312,86644,2.78677424135759,0.22360145860699418
12293,0.402047619047619,0,1,0,304762,300848,21312,86644,2.7867649783245025,0.22360203565492964
12294,0.4020833333333333,1,5,1,304767,300843,21313,86643,2.786718663159065,0.22360291726668835
12295,0.4021428571428571,1,12,1,304779,300831,21314,86642,2.786607506762014,0.22360783848164906
12296,0.4021428571428572,0,1,0,304780,300830,21314,86642,2.7865982437289265,0.22360841557583516
12297,0.4021666666666666,1,1,1,304781,300829,21315,86641,2.786588980695839,0.22360698892817507
12298,0.4021666666666667,1,19,1,304800,300810,21316,86640,2.7864129830671756,0.22361595044521873
12299,0.4022085137085138,0,6,0,304806,300804,21316,86640,2.7863574048686504,0.2236194133861926
12300,0.4022161678191091,0,1,0,304807,300803,21316,86640,2.7863481418355627,0.22361999055344917
12301,0.4022222222222221,0,1,0,304808,300802,21316,86640,2.786338878802475,0.2236205677236851
12302,0.4022222222222222,0,1,0,304809,300801,21316,86640,2.7863296157693873,0.22362114489690044
12303,0.4022294372294373,0,1,0,304810,300800,21316,86640,2.7863203527363,0.2236217220730952
12304,0.4022380952380953,0,1,0,304811,300799,21316,86640,2.7863110897032124,0.2236222992522694
12305,0.40225,0,1,0,304812,300798,21316,86640,2.7863018266701247,0.22362287643442305
12306,0.4022619047619047,0,3,0,304815,300795,21316,86640,2.786274037570862,0.22362460799876108
12307,0.4022619047619048,1,0,1,304815,300795,21317,86639,2.786274037570862,0.22362260410805454
12308,0.4022857142857143,0,1,0,304816,300794,21317,86639,2.7862647745377744,0.22362318129844386
12309,0.4022943722943721,0,2,0,304818,300792,21317,86639,2.7862462484715995,0.22362433568816126
12310,0.4023095238095238,1,0,1,304818,300792,21318,86638,2.7862462484715995,0.22362233177606278
12311,0.4023333333333332,1,3,1,304821,300789,21319,86637,2.786218459372337,0.2236220594384476
12312,0.4023333333333333,1,38,1,304859,300751,21320,86636,2.78586646411501,0.22364199108385155
12313,0.4023412698412699,0,1,0,304860,300750,21320,86636,2.7858572010819223,0.2236425683943147
12314,0.4023484848484848,0,1,0,304861,300749,21320,86636,2.7858479380488346,0.22364314570775842
12315,0.4023571428571428,0,1,0,304862,300748,21320,86636,2.7858386750157473,0.22364372302418273
12316,0.4023809523809523,1,5,1,304867,300743,21321,86635,2.7857923598503094,0.22364460552741766
12317,0.4023809523809524,0,4,0,304871,300739,21321,86635,2.785755307717959,0.22364691486780217
12318,0.4023809523809525,0,1,0,304872,300738,21321,86635,2.7857460446848714,0.22364749221035024
12319,0.4024404761904762,0,1,0,304873,300737,21321,86635,2.785736781651784,0.2236480695558791
12320,0.4024523809523809,0,2,0,304875,300735,21321,86635,2.785718255585609,0.22364922425587938
12321,0.4024935064935065,0,1,0,304876,300734,21321,86635,2.7857089925525216,0.22364980161035086
12322,0.4024999999999999,0,8,0,304884,300726,21321,86635,2.785634888287821,0.22365442055343723
12323,0.4025,56,378,56,305262,300348,21377,86579,2.7821334617807256,0.22376055431644729
12324,0.4025000000000001,0,6,0,305268,300342,21377,86579,2.7820778835822,0.2237640241806467
12325,0.4025357142857143,0,2,0,305270,300340,21377,86579,2.782059357516025,0.223765180825961
12326,0.402547619047619,0,1,0,305271,300339,21377,86579,2.7820500944829374,0.2237657591531022
12327,0.4025833333333333,0,1,0,305272,300338,21377,86579,2.78204083144985,0.22376633748323282
12328,0.4026111111111111,0,1,0,305273,300337,21377,86579,2.7820315684167625,0.2237669158163529
12329,0.4026190476190476,0,7,0,305280,300330,21377,86579,2.7819667271851496,0.2237709642318995
12330,0.4026587301587301,0,1,0,305281,300329,21377,86579,2.781957464152062,0.22377154258893586
12331,0.4026666666666665,0,1,0,305282,300328,21377,86579,2.7819482011189742,0.2237721209489619
12332,0.4026666666666667,3,47,3,305329,300281,21380,86576,2.7815128385638594,0.22379328795911668
12333,0.4026904761904762,1,0,1,305329,300281,21381,86575,2.7815128385638594,0.22379128151043282
12334,0.4027272727272727,0,1,0,305330,300280,21381,86575,2.7815035755307718,0.22379185999922452
12335,0.40275,0,2,0,305332,300278,21381,86575,2.781485049464597,0.22379301698578014
12336,0.4027651515151516,0,1,0,305333,300277,21381,86575,2.781475786431509,0.2237935954835441
12337,0.4027777777777778,0,2,0,305335,300275,21381,86575,2.781457260365334,0.22379475248804445
12338,0.4028030303030303,0,1,0,305336,300274,21381,86575,2.7814479973322466,0.2237953309947809
12339,0.4028095238095238,0,2,0,305338,300272,21381,86575,2.781429471266071,0.22379648801722646
12340,0.4028333333333333,2,7,2,305345,300265,21383,86573,2.7813646300344583,0.22379652464339078
12341,0.4028333333333334,2,3,2,305348,300262,21385,86571,2.7813368409351957,0.22379424712989843
12342,0.4028571428571428,1,19,1,305367,300243,21386,86570,2.7811608433065325,0.2238032330867887
12343,0.4029166666666666,1,2,1,305369,300241,21387,86569,2.781142317240357,0.22380238359918306
12344,0.4029166666666667,1,3,1,305372,300238,21388,86568,2.7811145281410945,0.22380211268698003
12345,0.4029761904761904,0,1,0,305373,300237,21388,86568,2.781105265108007,0.2238026912785512
12346,0.4029761904761905,0,1,0,305374,300236,21388,86568,2.7810960020749196,0.22380326987311402
12347,0.4029999999999999,7,56,7,305430,300180,21395,86561,2.7805772722220166,0.22382162739404407
12348,0.403,1,4,1,305434,300176,21396,86560,2.7805402200896663,0.2238219353771048
12349,0.4030303030303029,2,0,2,305434,300176,21398,86558,2.7805402200896663,0.22381792136196973
12350,0.4030555555555555,0,1,0,305435,300175,21398,86558,2.7805309570565786,0.22381850010213766
12351,0.4030833333333333,0,2,0,305437,300173,21398,86558,2.7805124309904037,0.22381965759145245
12352,0.4030952380952381,2,2,2,305439,300171,21400,86556,2.7804939049242283,0.22381680099915444
12353,0.4031666666666665,0,1,0,305440,300170,21400,86556,2.7804846418911406,0.2238173797469009
12354,0.4031666666666666,0,16,0,305456,300154,21400,86556,2.78033643336174,0.2238266401179178
12355,0.4031666666666667,0,6,0,305462,300148,21400,86556,2.7802808551632148,0.22383011295461128
12356,0.4032142857142857,1,5,1,305467,300143,21401,86555,2.780234539997777,0.2238309999017321
12357,0.4032380952380952,0,1,0,305468,300142,21401,86555,2.780225276964689,0.22383157872959966
12358,0.4032426462426462,0,3,0,305471,300139,21401,86555,2.7801974878654265,0.2238333152311647
12359,0.4032857142857143,0,1,0,305472,300138,21401,86555,2.7801882248323393,0.22383389407100723
12360,0.4033333333333332,48,410,48,305882,299728,21449,86507,2.7763903812664417,0.22397504110191982
12361,0.4033333333333334,50,347,50,306229,299381,21499,86457,2.7731761087850604,0.2240759075052224
12362,0.4033571428571428,0,1,0,306230,299380,21499,86457,2.773166845751973,0.22407648825799495
12363,0.4033809523809524,1,2,1,306232,299378,21500,86456,2.773148319685798,0.22407563874619654
12364,0.4033928571428571,0,1,0,306233,299377,21500,86456,2.7731390566527105,0.2240762195042933
12365,0.4034166666666666,0,1,0,306234,299376,21500,86456,2.773129793619623,0.22407680026540047
12366,0.4034285714285714,0,1,0,306235,299375,21500,86456,2.773120530586535,0.2240773810295181
12367,0.4034523809523809,1,3,1,306238,299372,21501,86455,2.7730927414872726,0.22407711228089272
12368,0.403452380952381,0,1,0,306239,299371,21501,86455,2.773083478454185,0.2240776930533453
12369,0.4034999999999999,0,5,0,306244,299366,21501,86455,2.7730371632887474,0.2240805969607668
12370,0.4035,4,39,4,306283,299327,21505,86451,2.7726759049983327,0.22409520501428282
12371,0.4035436507936508,0,1,0,306284,299326,21505,86451,2.772666641965245,0.22409578590740245
12372,0.4035714285714286,0,3,0,306287,299323,21505,86451,2.7726388528659824,0.22409752860483081
12373,0.4035833333333333,1,2,1,306289,299321,21506,86450,2.7726203267998075,0.2240966791179223
12374,0.4036111111111111,0,1,0,306290,299320,21506,86450,2.77261106376672,0.22409726002540373
12375,0.4036428571428571,0,3,0,306293,299317,21506,86450,2.7725832746674572,0.2240990027659183
12376,0.4036666666666666,2,1,2,306294,299316,21508,86448,2.7725740116343696,0.2240955610165801
12377,0.4036666666666667,2,38,2,306332,299278,21510,86446,2.7722220163770426,0.22411361491636506
12378,0.4036904761904762,0,1,0,306333,299277,21510,86446,2.772212753343955,0.2241141959385362
12379,0.4037023809523809,0,2,0,306335,299275,21510,86446,2.77219422727778,0.22411535799191643
12380,0.4037261904761905,0,1,0,306336,299274,21510,86446,2.7721849642446923,0.22411593902312557
12381,0.4037380952380952,0,1,0,306337,299273,21510,86446,2.7721757012116046,0.22411652005734745
12382,0.40375,0,9,0,306346,299264,21510,86446,2.772092333913817,0.22412174950092037
12383,0.4037573260073259,0,6,0,306352,299258,21510,86446,2.7720367557152916,0.22412523593221745
12384,0.4037619047619047,1,0,1,306352,299258,21511,86445,2.7720367557152916,0.22412322434619383
12385,0.4037619047619048,0,1,0,306353,299257,21511,86445,2.772027492682204,0.22412380542491353
12386,0.4037738095238095,0,2,0,306355,299255,21511,86445,2.7720089666160286,0.22412496759139228
12387,0.4038095238095238,3,11,3,306366,299244,21514,86442,2.771907073252066,0.22412532474603694
12388,0.4038333333333332,0,3,0,306369,299241,21514,86442,2.771879284152803,0.2241270680844113
12389,0.4038333333333333,4,7,4,306376,299234,21518,86438,2.77181444292119,0.2241230890497625
12390,0.4038333333333334,1,3,1,306379,299231,21519,86437,2.7717866538219273,0.22412282066440564
12391,0.4038412698412699,0,4,0,306383,299227,21519,86437,2.771749601689577,0.2241251452041155
12392,0.4038571428571428,0,1,0,306384,299226,21519,86437,2.77174033865649,0.22412572634657718
12393,0.4038888888888888,1,1,1,306385,299225,21520,86436,2.771731075623402,0.22412429568973788
12394,0.4039047619047619,1,0,1,306385,299225,21521,86435,2.771731075623402,0.2241222838769901
12395,0.4039285714285714,0,1,0,306386,299224,21521,86435,2.7717218125903145,0.22412286501806
12396,0.403952380952381,0,2,0,306388,299222,21521,86435,2.7717032865241396,0.2241240273092411
12397,0.4039563492063492,0,1,0,306389,299221,21521,86435,2.771694023491052,0.22412460845935236
12398,0.4039603174603174,0,1,0,306390,299220,21521,86435,2.771684760457964,0.22412518961247746
12399,0.4039874569874569,1,0,1,306390,299220,21522,86434,2.771684760457964,0.22412317777074786
12400,0.4039999999999999,16,159,16,306549,299061,21538,86418,2.7702119381970434,0.22418341855198337
12401,0.4040000000000001,2,5,2,306554,299056,21540,86416,2.7701656230316054,0.22418230117881455
12402,0.4040238095238095,0,1,0,306555,299055,21540,86416,2.7701563599985177,0.2241828827590143
12403,0.404047619047619,0,6,0,306561,299049,21540,86416,2.7701007817999925,0.22418637230358138
12404,0.4040714285714286,0,4,0,306565,299045,21540,86416,2.7700637296676422,0.22418869872697886
12405,0.404095238095238,1,0,1,306565,299045,21541,86415,2.7700637296676422,0.22418668603746172
12406,0.4041190476190476,0,1,0,306566,299044,21541,86415,2.770054466634555,0.22418726764714275
12407,0.4041269841269841,0,1,0,306567,299043,21541,86415,2.7700452036014673,0.22418784925984153
12408,0.4041428571428572,0,1,0,306568,299042,21541,86415,2.7700359405683797,0.2241884308755581
12409,0.4041666666666666,9,80,9,306648,298962,21550,86406,2.7692948979213754,0.22421685246310022
12410,0.4041666666666667,3,80,3,306728,298882,21553,86403,2.768553855274371,0.22425736792244702
12411,0.4041904761904761,0,1,0,306729,298881,21553,86403,2.7685445922412835,0.2242579499797552
12412,0.4042142857142857,0,1,0,306730,298880,21553,86403,2.768535329208196,0.2242585320400848
12413,0.4042380952380952,0,1,0,306731,298879,21553,86403,2.7685260661751085,0.22425911410343594
12414,0.4042857142857142,0,1,0,306732,298878,21553,86403,2.768516803142021,0.22425969616980854
12415,0.4042857142857143,2,13,2,306745,298865,21555,86401,2.768396383711883,0.2242632363094589
12416,0.4043333333333333,1,10,1,306755,298855,21556,86400,2.768303753381007,0.22426704390598434
12417,0.4043333333333334,4,24,4,306779,298831,21560,86396,2.7680814405869056,0.22427296113719963
12418,0.4043571428571428,0,2,0,306781,298829,21560,86396,2.7680629145207307,0.22427412551106496
12419,0.4044047619047619,0,2,0,306783,298827,21560,86396,2.7680443884545554,0.2242752898970207
12420,0.4044285714285714,1,2,1,306785,298825,21561,86395,2.7680258623883804,0.22427444057940918
12421,0.4044444444444444,0,1,0,306786,298824,21561,86395,2.7680165993552928,0.22427502277925024
12422,0.404452380952381,0,1,0,306787,298823,21561,86395,2.7680073363222055,0.22427560498211402
12423,0.4044761904761905,1,1,1,306788,298822,21562,86394,2.767998073289118,0.22427417345073933
12424,0.4044999999999999,0,3,0,306791,298819,21562,86394,2.7679702841898552,0.22427592007538685
12425,0.4045,2,22,2,306813,298797,21564,86392,2.767766497461929,0.22428470179574184
12426,0.4045151515151515,1,0,1,306813,298797,21565,86391,2.767766497461929,0.22428268793420356
12427,0.4045238095238095,1,2,1,306815,298795,21566,86390,2.767747971395754,0.2242818385970378
12428,0.4045714285714286,1,3,1,306818,298792,21567,86389,2.767720182296491,0.22428157152092135
12429,0.4045833333333333,1,5,1,306823,298787,21568,86388,2.7676738671310535,0.22428246900759394
12430,0.4045952380952382,0,1,0,306824,298786,21568,86388,2.7676646040979658,0.22428305129629725
12431,0.4046031746031746,0,2,0,306826,298784,21568,86388,2.767646078031791,0.22428421588277445
12432,0.4046190476190475,1,1,1,306827,298783,21569,86387,2.767636814998703,0.22428278422514733
12433,0.4046428571428571,0,3,0,306830,298780,21569,86387,2.7676090258994406,0.22428453112545987
12434,0.4046666666666666,1,7,1,306837,298773,21570,86386,2.7675441846678277,0.22428659332898881
12435,0.4046666666666667,3,16,3,306853,298757,21573,86383,2.7673959761384266,0.22428986861920341
12436,0.4046904761904761,1,0,1,306853,298757,21574,86382,2.7673959761384266,0.22428785451486347
12437,0.4047142857142857,1,1,1,306854,298756,21575,86381,2.7673867131053393,0.22428642275346175
12438,0.4047222222222222,0,1,0,306855,298755,21575,86381,2.7673774500722517,0.22428700510988325
12439,0.40475,1,1,1,306856,298754,21576,86380,2.767368187039164,0.2242855733329179
12440,0.4047619047619047,3,3,3,306859,298751,21579,86377,2.7673403979399014,0.2242812779127978
12441,0.4047857142857143,0,3,0,306862,298748,21579,86377,2.767312608840639,0.22428302499188574
12442,0.4047936507936508,0,1,0,306863,298747,21579,86377,2.767303345807551,0.22428360735763028
12443,0.4048333333333332,0,5,0,306868,298742,21579,86377,2.7672570306421136,0.224286519231718
12444,0.4048333333333333,1,11,1,306879,298731,21580,86376,2.7671551372781504,0.22429091135710336
12445,0.4048391053391052,0,1,0,306880,298730,21580,86376,2.7671458742450628,0.2242914937705463
12446,0.4048571428571428,0,1,0,306881,298729,21580,86376,2.767136611211975,0.22429207618701394
12447,0.4048809523809523,0,2,0,306883,298727,21580,86376,2.7671180851458,0.2242932410290234
12448,0.4048888888888889,0,1,0,306884,298726,21580,86376,2.7671088221127125,0.22429382345456528
12449,0.4049444444444444,0,6,0,306890,298720,21580,86376,2.7670532439141873,0.22429731807133804
12450,0.4049761904761904,0,1,0,306891,298719,21580,86376,2.7670439808810996,0.22429790051805398
12451,0.4049761904761905,0,1,0,306892,298718,21580,86376,2.7670347178480124,0.22429848296779487
12452,0.4049902597402597,0,1,0,306893,298717,21580,86376,2.7670254548149247,0.22429906542056074
12453,0.4049999999999999,1,19,1,306912,298698,21581,86375,2.766849457186261,0.2243081182009645
12454,0.405,186,1498,186,308410,297200,21767,86189,2.7529734336211047,0.22480822350145674
12455,0.4050000000000001,6,21,6,308431,297179,21773,86183,2.752778909926266,0.22480840563227444
12456,0.4050238095238095,1,2,1,308433,297177,21774,86182,2.752760383860091,0.2248075563636174
12457,0.4050476190476191,1,0,1,308433,297177,21775,86181,2.752760383860091,0.22480553425257854
12458,0.4051190476190476,0,3,0,308436,297174,21775,86181,2.7527325947608285,0.22480729350080214
12459,0.4051388888888889,0,1,0,308437,297173,21775,86181,2.752723331727741,0.22480787992299545
12460,0.4051428571428572,0,1,0,308438,297172,21775,86181,2.752714068694653,0.22480846634824822
12461,0.4051666666666667,2,14,2,308452,297158,21777,86179,2.7525843862314274,0.2248126322269961
12462,0.4051904761904761,0,2,0,308454,297156,21777,86179,2.7525658601652525,0.22481380515736887
12463,0.4052142857142857,0,1,0,308455,297155,21777,86179,2.752556597132165,0.224814391627145
12464,0.4052380952380952,0,3,0,308458,297152,21777,86179,2.7525288080329022,0.22481615105483252
12465,0.4052380952380953,0,1,0,308459,297151,21777,86179,2.7525195449998145,0.22481673753684814
12466,0.40525,1,0,1,308459,297151,21778,86178,2.7525195449998145,0.22481471529678163
12467,0.4052619047619047,0,1,0,308460,297150,21778,86178,2.7525102819667273,0.2248153017781117
12468,0.4052619047619049,0,1,0,308461,297149,21778,86178,2.7525010189336396,0.22481588826250173
12469,0.4052777777777778,0,2,0,308463,297147,21778,86178,2.7524824928674647,0.22481706124046175
12470,0.4052857142857142,0,2,0,308465,297145,21778,86178,2.7524639668012894,0.22481823423066186
12471,0.4052857142857143,0,1,0,308466,297144,21778,86178,2.7524547037682017,0.22481882073035203
12472,0.4053095238095238,0,1,0,308467,297143,21778,86178,2.7524454407351144,0.2248194072331023
12473,0.4053333333333332,0,3,0,308470,297140,21778,86178,2.752417651635852,0.22482116675971386
12474,0.4053333333333333,4,29,4,308499,297111,21782,86174,2.7521490236763126,0.2248300872718734
12475,0.4053333333333334,2,11,2,308510,297100,21784,86172,2.7520471303123495,0.22483249493832055
12476,0.4053452380952381,0,1,0,308511,297099,21784,86172,2.752037867279262,0.22483308155326126
12477,0.4053571428571429,0,1,0,308512,297098,21784,86172,2.7520286042461746,0.22483366817126307
12478,0.4054166666666666,0,2,0,308514,297096,21784,86172,2.752010078179999,0.2248348414164501
12479,0.4054166666666667,0,6,0,308520,297090,21784,86172,2.751954499981474,0.22483836122548023
12480,0.4054523809523809,0,1,0,308521,297089,21784,86172,2.7519452369483863,0.22483894787103306
12481,0.4054545454545454,0,1,0,308522,297088,21784,86172,2.7519359739152986,0.22483953451964725
12482,0.4054761904761905,0,2,0,308524,297086,21784,86172,2.7519174478491237,0.22484070782605972
12483,0.4054999999999999,4,21,4,308545,297065,21788,86168,2.751722924154285,0.22484493767499145
12484,0.4055238095238095,0,3,0,308548,297062,21788,86168,2.7516951350550225,0.2248466978054954
12485,0.4055357142857144,0,1,0,308549,297061,21788,86168,2.751685872021935,0.22484728452178723
12486,0.4055555555555555,1,5,1,308554,297056,21789,86167,2.7516395568564973,0.22484819543712148
12487,0.4055703463203463,0,1,0,308555,297055,21789,86167,2.7516302938234096,0.22484878216803836
12488,0.4055714285714284,0,1,0,308556,297054,21789,86167,2.751621030790322,0.22484936890201737
12489,0.4055833333333333,1,1,1,308557,297053,21790,86166,2.7516117677572343,0.22484793290520563
12490,0.405595238095238,0,1,0,308558,297052,21790,86166,2.751602504724147,0.22484851964156172
12491,0.4055952380952381,1,2,1,308560,297050,21791,86165,2.7515839786579717,0.2248476703678092
12492,0.4055952380952382,1,2,1,308562,297048,21792,86164,2.7515654525917967,0.22484682108075948
12493,0.4056666666666666,3,28,3,308590,297020,21795,86161,2.7513060876653452,0.22485718237595287
12494,0.4056666666666667,1,9,1,308599,297011,21796,86160,2.751222720367557,0.22486044089975493
12495,0.4056767676767676,0,2,0,308601,297009,21796,86160,2.751204194301382,0.22486161458781895
12496,0.4056904761904762,0,1,0,308602,297008,21796,86160,2.7511949312682944,0.22486220143644564
12497,0.4057142857142857,0,15,0,308617,296993,21796,86160,2.751055985771981,0.22487100453343703
12498,0.4057857142857142,1,1,1,308618,296992,21797,86159,2.7510467227388937,0.224869568394706
12499,0.4057857142857143,2,2,2,308620,296990,21799,86157,2.7510281966727184,0.2248666960722647
12500,0.4058333333333332,5,92,5,308712,296898,21804,86152,2.7501759976286637,0.22491058608536746
12501,0.4058333333333334,13,74,13,308786,296824,21817,86139,2.7494905331801847,0.2249277345331011
12502,0.4058753419782832,0,1,0,308787,296823,21817,86139,2.749481270147097,0.224928321870055
12503,0.4059206349206349,0,6,0,308793,296817,21817,86139,2.749425691948572,0.2249318459561934
12504,0.4059209956709956,0,1,0,308794,296816,21817,86139,2.749416428915484,0.2249324333146192
12505,0.4059368131868131,0,1,0,308795,296815,21817,86139,2.7494071658823964,0.22493302067611254
12506,0.4059523809523809,2,6,2,308801,296809,21819,86137,2.7493515876838712,0.2249324970100223
12507,0.405952380952381,1,0,1,308801,296809,21820,86136,2.7493515876838712,0.22493047304443198
12508,0.4059621212121213,0,1,0,308802,296808,21820,86136,2.7493423246507835,0.22493106041614438
12509,0.4059999999999999,0,11,0,308813,296797,21820,86136,2.7492404312868204,0.22493752170745274
12510,0.406,12,159,12,308972,296638,21832,86124,2.7477676090258996,0.22500666210334358
12511,0.4060317460317461,0,2,0,308974,296636,21832,86124,2.747749082959724,0.2250078378095935
12512,0.4060714285714286,0,2,0,308976,296634,21832,86124,2.7477305568935493,0.22500901352813005
12513,0.4060833333333333,1,0,1,308976,296634,21833,86123,2.7477305568935493,0.22500698876833083
12514,0.4060854341736695,0,3,0,308979,296631,21833,86123,2.7477027677942867,0.22500875235791135
12515,0.406095238095238,1,0,1,308979,296631,21834,86122,2.7477027677942867,0.22500672757626983
12516,0.4061111111111111,2,7,2,308986,296624,21836,86120,2.747637926562674,0.22500679305227514
12517,0.4061190476190476,0,1,0,308987,296623,21836,86120,2.747628663529586,0.22500738093185244
12518,0.4061428571428571,0,1,0,308988,296622,21836,86120,2.7476194004964984,0.22500796881450166
12519,0.4061547619047619,0,1,0,308989,296621,21836,86120,2.747610137463411,0.22500855670022288
12520,0.4061587301587302,0,1,0,308990,296620,21836,86120,2.7476008744303235,0.22500914458901605
12521,0.4061666666666666,1,3,1,308993,296617,21837,86119,2.747573085331061,0.22500888340788427
12522,0.4061666666666667,3,16,3,309009,296601,21840,86116,2.74742487680166,0.22501221529223944
12523,0.4061825396825397,1,5,1,309014,296596,21841,86115,2.7473785616362223,0.22501313001194112
12524,0.4061904761904761,0,3,0,309017,296593,21841,86115,2.7473507725369597,0.22501489386163864
12525,0.4061904761904762,0,3,0,309020,296590,21841,86115,2.7473229834376967,0.22501665773898957
12526,0.4062222222222222,0,1,0,309021,296589,21841,86115,2.7473137204046094,0.22501724570425186
12527,0.40625,1,11,1,309032,296578,21842,86114,2.7472118270406463,0.225021688459649
12528,0.4062619047619047,1,1,1,309033,296577,21843,86113,2.7472025640075586,0.22502025137840026
12529,0.4062857142857142,1,0,1,309033,296577,21844,86112,2.7472025640075586,0.22501822628818702
12530,0.4062857142857143,1,3,1,309036,296574,21845,86111,2.747174774908296,0.22501796516717404
12531,0.4063095238095238,1,2,1,309038,296572,21846,86110,2.747156248842121,0.22501711603890437
12532,0.4063333333333332,0,4,0,309042,296568,21846,86110,2.747119196709771,0.22501946806453468
12533,0.4063333333333333,3,16,3,309058,296552,21849,86107,2.7469709881803697,0.22502280097946215
12534,0.4063333333333334,2,5,2,309063,296547,21851,86105,2.746924673014932,0.2250216907268223
12535,0.4063571428571428,1,2,1,309065,296545,21852,86104,2.746906146948757,0.2250208415545317
12536,0.4063636363636363,0,1,0,309066,296544,21852,86104,2.7468968839156696,0.22502142961677574
12537,0.4063690476190476,1,1,1,309067,296543,21853,86103,2.746887620882582,0.22501999236892584
12538,0.4063809523809523,0,1,0,309068,296542,21853,86103,2.746878357849494,0.22502058043356113
12539,0.4064285714285713,0,3,0,309071,296539,21853,86103,2.7468505687502316,0.22502234464590923
12540,0.4064285714285715,0,2,0,309073,296537,21853,86103,2.7468320426840567,0.2250235208028434
12541,0.406436507936508,0,2,0,309075,296535,21853,86103,2.7468135166178813,0.2250246969720728
12542,0.4064404761904761,0,1,0,309076,296534,21853,86103,2.7468042535847936,0.22502528506129832
12543,0.406452380952381,0,1,0,309077,296533,21853,86103,2.7467949905517064,0.22502587315359768
12544,0.4064761904761905,0,2,0,309079,296531,21853,86103,2.746776464485531,0.22502704934741816
12545,0.4064999999999999,1,3,1,309082,296528,21854,86102,2.7467486753862684,0.2250267882811071
12546,0.4065,1,22,1,309104,296506,21855,86101,2.746544888658342,0.2250377018716333
12547,0.4065000000000001,0,2,0,309106,296504,21855,86101,2.746526362592167,0.2250388782164373
12548,0.4065079365079365,0,1,0,309107,296503,21855,86101,2.7465170995590795,0.22503946639345118
12549,0.4065238095238095,1,1,1,309108,296502,21856,86100,2.7465078365259923,0.22503802907459972
12550,0.406547619047619,1,4,1,309112,296498,21857,86099,2.746470784393642,0.2250383562861183
12551,0.4065833333333333,0,4,0,309116,296494,21857,86099,2.7464337322612917,0.22504070905636014
12552,0.4065952380952379,0,1,0,309117,296493,21857,86099,2.746424469228204,0.22504129725660757
12553,0.406595238095238,0,2,0,309119,296491,21857,86099,2.746405943162029,0.22504247366632688
12554,0.4065952380952381,0,1,0,309120,296490,21857,86099,2.7463966801289414,0.22504306187579884
12555,0.4066262626262626,0,1,0,309121,296489,21857,86099,2.7463874170958538,0.22504365008834568
12556,0.4066388888888889,0,1,0,309122,296488,21857,86099,2.7463781540627665,0.22504423830396747
12557,0.4066428571428571,0,1,0,309123,296487,21857,86099,2.746368891029679,0.2250448265226642
12558,0.4066666666666666,43,405,43,309528,296082,21900,86056,2.742617362629219,0.22519613333403116
12559,0.4066666666666667,41,373,41,309901,295709,21941,86015,2.7391622512875617,0.22533296308327483
12560,0.4066904761904761,0,1,0,309902,295708,21941,86015,2.739152988254474,0.22533355338818986
12561,0.4067105263157895,0,1,0,309903,295707,21941,86015,2.7391437252213864,0.22533414369619775
12562,0.4067142857142857,0,1,0,309904,295706,21941,86015,2.739134462188299,0.22533473400729853
12563,0.4067142857142858,0,1,0,309905,295705,21941,86015,2.7391251991552115,0.2253353243214922
12564,0.4067229437229436,0,3,0,309908,295702,21941,86015,2.739097410055949,0.22533709528263085
12565,0.4067857142857143,0,4,0,309912,295698,21941,86015,2.7390603579235986,0.22533945660745114
12566,0.4068095238095238,0,2,0,309914,295696,21941,86015,2.7390418318574232,0.22534063728841977
12567,0.4068333333333333,0,4,0,309918,295692,21941,86015,2.7390047797250734,0.22534299868747495
12568,0.4068333333333334,1,11,1,309929,295681,21942,86014,2.7389028863611102,0.2253474632887515
12569,0.4068412698412698,0,1,0,309930,295680,21942,86014,2.7388936233280226,0.22534805367650526
12570,0.4068571428571428,0,2,0,309932,295678,21942,86014,2.7388750972618476,0.2253492344612934
12571,0.4068600288600288,0,1,0,309933,295677,21942,86014,2.73886583422876,0.2253498248583278
12572,0.4068888888888888,0,1,0,309934,295676,21942,86014,2.7388565711956723,0.2253504152584558
12573,0.4069047619047619,0,2,0,309936,295674,21942,86014,2.7388380451294974,0.2253515960679927
12574,0.4069166666666667,0,1,0,309937,295673,21942,86014,2.7388287820964097,0.22535218647740163
12575,0.4069523809523809,0,2,0,309939,295671,21942,86014,2.7388102560302348,0.2253533673055006
12576,0.4069642857142856,0,1,0,309940,295670,21942,86014,2.738800992997147,0.2253539577241907
12577,0.407,6,55,6,309995,295615,21948,86008,2.7382915261773313,0.22537425679269854
12578,0.4070000000000001,0,1,0,309996,295614,21948,86008,2.738282263144244,0.22537484736204935
12579,0.4070238095238095,1,1,1,309997,295613,21949,86007,2.7382730001111564,0.22537340810230072
12580,0.4070555555555555,0,1,0,309998,295612,21949,86007,2.7382637370780687,0.2253739986740702
12581,0.407063492063492,0,1,0,309999,295611,21949,86007,2.7382544740449815,0.2253745892489348
12582,0.4070833333333333,1,7,1,310006,295604,21950,86006,2.7381896328133686,0.22537669348287517
12583,0.4071190476190476,1,0,1,310006,295604,21951,86005,2.7381896328133686,0.22537466359546027
12584,0.4071428571428571,0,17,0,310023,295587,21951,86005,2.73803216125088,0.22538470408184658
12585,0.4071666666666666,0,1,0,310024,295586,21951,86005,2.7380228982177925,0.22538529472655278
12586,0.4071666666666667,2,8,2,310032,295578,21953,86003,2.737948793953092,0.22538595999276695
12587,0.4071904761904761,0,1,0,310033,295577,21953,86003,2.7379395309200043,0.22538655065779128
12588,0.4072142857142857,0,1,0,310034,295576,21953,86003,2.737930267886917,0.22538714132591153
12589,0.4072222222222221,0,1,0,310035,295575,21953,86003,2.7379210048538294,0.22538773199712772
12590,0.4072222222222222,0,3,0,310038,295572,21953,86003,2.737893215754567,0.22538950402935204
12591,0.4072499999999999,0,2,0,310040,295570,21953,86003,2.7378746896883914,0.2253906853996483
12592,0.4072619047619047,1,2,1,310042,295568,21954,86002,2.7378561636222165,0.22538983672720603
12593,0.4072619047619048,0,1,0,310043,295567,21954,86002,2.737846900589129,0.22539042741941825
12594,0.4072777777777777,0,1,0,310044,295566,21954,86002,2.737837637556041,0.22539101811472662
12595,0.4072857142857142,0,2,0,310046,295564,21954,86002,2.7378191114898662,0.2253921995146318
12596,0.4073095238095238,0,1,0,310047,295563,21954,86002,2.7378098484567785,0.2253927902192287
12597,0.4073333333333332,1,7,1,310054,295556,21955,86001,2.7377450072251657,0.22539489512707145
12598,0.4073333333333333,4,40,4,310094,295516,21959,85997,2.7373744859016638,0.22541040541213536
12599,0.4073333333333334,1,0,1,310094,295516,21960,85996,2.7373744859016638,0.22540837509698253
12600,0.4073571428571428,0,4,0,310098,295512,21960,85996,2.7373374337693135,0.2254107384379882
12601,0.4073809523809523,1,2,1,310100,295510,21961,85995,2.737318907703138,0.22540988977863985
12602,0.4073809523809524,2,3,2,310103,295507,21963,85993,2.7372911186038755,0.22540760157273917
12603,0.4074285714285715,0,2,0,310105,295505,21963,85993,2.7372725925377006,0.2254087832701613
12604,0.4074999999999999,0,11,0,310116,295494,21963,85993,2.7371706991737375,0.225415282827462
12605,0.4075,38,387,38,310503,295107,22001,85955,2.733585905368854,0.2255669681049278
12606,0.4075000000000001,0,6,0,310509,295101,22001,85955,2.7335303271703286,0.22557051981860934
12607,0.4075238095238094,0,1,0,310510,295100,22001,85955,2.733521064137241,0.22557111178176378
12608,0.4076190476190476,0,4,0,310514,295096,22001,85955,2.7334840120048907,0.2255734796654516
12609,0.407642857142857,0,1,0,310515,295095,22001,85955,2.7334747489718034,0.2255740716441412
12610,0.4076547619047618,0,1,0,310516,295094,22001,85955,2.7334654859387157,0.22557466362593787
12611,0.4076547619047619,2,0,2,310516,295094,22003,85953,2.7334654859387157,0.2255705989024976
12612,0.4076666666666665,0,1,0,310517,295093,22003,85953,2.733456222905628,0.2255711908798413
12613,0.4076666666666667,9,39,9,310556,295054,22012,85944,2.7330949646152134,0.22557598727552375
12614,0.4076915306915306,0,1,0,310557,295053,22012,85944,2.733085701582126,0.22557657934314443
12615,0.4077196969696969,0,1,0,310558,295052,22012,85944,2.7330764385490385,0.22557717141387312
12616,0.4077222222222222,1,2,1,310560,295050,22013,85943,2.7330579124828636,0.22557632292456817
12617,0.4077499999999999,1,0,1,310560,295050,22014,85942,2.7330579124828636,0.2255742902738115
12618,0.40775,0,1,0,310561,295049,22014,85942,2.733048649449776,0.22557488234630213
12619,0.4077777777777777,1,0,1,310561,295049,22015,85941,2.733048649449776,0.22557284968109398
12620,0.4077777777777778,0,3,0,310564,295046,22015,85941,2.7330208603505133,0.2255746259058708
12621,0.4077857142857143,0,1,0,310565,295045,22015,85941,2.7330115973174256,0.22557521798701263
12622,0.4078095238095238,1,1,1,310566,295044,22016,85940,2.733002334284338,0.22557377737647774
12623,0.4078333333333333,1,8,1,310574,295036,22017,85939,2.732928230019638,0.2255764813964171
12624,0.4078333333333334,0,4,0,310578,295032,22017,85939,2.7328911778872875,0.22557884983371437
12625,0.4078571428571428,1,11,1,310589,295021,22018,85938,2.7327892845233244,0.22558333048963275
12626,0.4078809523809524,1,0,1,310589,295021,22019,85937,2.7327892845233244,0.22558129767585927
12627,0.4079047619047619,1,0,1,310589,295021,22020,85936,2.7327892845233244,0.22557926485141366
12628,0.4079166666666666,0,2,0,310591,295019,22020,85936,2.732770758457149,0.2255804491344122
12629,0.4079166666666667,0,1,0,310592,295018,22020,85936,2.7327614954240618,0.22558104128057455
12630,0.4079246031746031,0,1,0,310593,295017,22020,85936,2.732752232390974,0.22558163342984566
12631,0.4079761904761905,0,2,0,310595,295015,22020,85936,2.732733706324799,0.2255828177377143
12632,0.4079859307359307,0,1,0,310596,295014,22020,85936,2.7327244432917115,0.22558340989631184
12633,0.4079999999999999,1,1,1,310597,295013,22021,85935,2.732715180258624,0.22558196919264573
12634,0.408,13,81,13,310678,294932,22034,85922,2.731964874578532,0.22560351210700164
12635,0.4080357142857143,0,1,0,310679,294931,22034,85922,2.7319556115454446,0.2256041044707538
12636,0.4080555555555555,0,4,0,310683,294927,22034,85922,2.7319185594130944,0.22560647395687006
12637,0.4080833333333333,0,2,0,310685,294925,22034,85922,2.731900033346919,0.22560765871859303
12638,0.408095238095238,0,1,0,310686,294924,22034,85922,2.7318907703138318,0.22560825110412083
12639,0.4080952380952381,0,5,0,310691,294919,22034,85922,2.731844455148394,0.2256112130784238
12640,0.4081666666666666,1,12,1,310703,294907,22035,85921,2.731733298751343,0.22561628871826653
12641,0.4081666666666667,0,7,0,310710,294900,22035,85921,2.73166845751973,0.22562043584781302
12642,0.4081818181818182,0,1,0,310711,294899,22035,85921,2.731659194486643,0.2256210283073368
12643,0.4081904761904761,0,2,0,310713,294897,22035,85921,2.7316406684204675,0.2256222132357189
12644,0.4082142857142857,1,3,1,310716,294894,22036,85920,2.731612879321205,0.22562195717594416
12645,0.4082222222222223,1,0,1,310716,294894,22037,85919,2.731612879321205,0.22561992368957992
12646,0.40825,0,1,0,310717,294893,22037,85919,2.731603616288117,0.22562051616020504
12647,0.4082777777777778,0,1,0,310718,294892,22037,85919,2.73159435325503,0.22562110863394177
12648,0.4083095238095238,0,1,0,310719,294891,22037,85919,2.7315850902219423,0.22562170111079016
12649,0.4083333333333332,24,253,24,310972,294638,22061,85895,2.729241542850791,0.22572286766193733
12650,0.4083333333333334,26,234,26,311206,294404,22087,85869,2.7270739931083035,0.22580882681652392
12651,0.4084047619047619,1,2,1,311208,294402,22088,85868,2.727055467042128,0.22580797854156257
12652,0.4084523809523809,0,1,0,311209,294401,22088,85868,2.727046204009041,0.22580857235272925
12653,0.408452380952381,0,1,0,311210,294400,22088,85868,2.727036940975953,0.22580916616701904
12654,0.4084848484848485,1,1,1,311211,294399,22089,85867,2.7270276779428655,0.2258077240668374
12655,0.4084999999999999,0,4,0,311215,294395,22089,85867,2.726990625810515,0.22581009935255167
12656,0.4085,4,22,4,311237,294373,22093,85863,2.7267868390825893,0.2258150201453834
12657,0.4085000000000001,0,2,0,311239,294371,22093,85863,2.726768313016414,0.22581620791407397
12658,0.4085129870129871,0,1,0,311240,294370,22093,85863,2.7267590499833267,0.22581680180310493
12659,0.4085238095238094,0,2,0,311242,294368,22093,85863,2.7267405239171514,0.2258179895905384
12660,0.4085714285714285,2,3,2,311245,294365,22095,85861,2.726712734817889,0.22581569908422885
12661,0.4085714285714286,1,5,1,311250,294360,22096,85860,2.726666419652451,0.22581663247593498
12662,0.4085833333333333,1,2,1,311252,294358,22097,85859,2.726647893586276,0.22581578414431758
12663,0.4085912698412697,0,1,0,311253,294357,22097,85859,2.7266386305531882,0.22581637805878763
12664,0.4086111111111111,0,1,0,311254,294356,22097,85859,2.726629367520101,0.2258169719763818
12665,0.4086428571428571,0,2,0,311256,294354,22097,85859,2.7266108414539256,0.22581815982094247
12666,0.4086666666666666,2,3,2,311259,294351,22099,85857,2.726583052354663,0.22581586920843327
12667,0.4086666666666667,5,29,5,311288,294322,22104,85852,2.726314424395124,0.22582291266630544
12668,0.4086904761904761,0,1,0,311289,294321,22104,85852,2.7263051613620366,0.22582350666670173
12669,0.4086904761904762,1,0,1,311289,294321,22105,85851,2.7263051613620366,0.2258214702818724
12670,0.4087103174603174,0,1,0,311290,294320,22105,85851,2.726295898328949,0.2258220642815996
12671,0.4087142857142856,0,1,0,311291,294319,22105,85851,2.7262866352958612,0.2258226582844517
12672,0.40875,0,5,0,311296,294314,22105,85851,2.7262403201304237,0.22582562834558678
12673,0.4087619047619048,0,1,0,311297,294313,22105,85851,2.726231057097336,0.2258262223671889
12674,0.4087777777777778,0,1,0,311298,294312,22105,85851,2.7262217940642484,0.2258268163919161
12675,0.4088095238095238,0,5,0,311303,294307,22105,85851,2.726175478898811,0.2258297865624293
12676,0.4088333333333332,0,3,0,311306,294304,22105,85851,2.726147689799548,0.2258315687022399
12677,0.4088333333333333,0,10,0,311316,294294,22105,85851,2.7260550594686723,0.22583750937142405
12678,0.4088333333333334,0,2,0,311318,294292,22105,85851,2.7260365334024974,0.2258386975427668
12679,0.4088650793650794,1,3,1,311321,294289,22106,85850,2.726008744303235,0.2258384433062643
12680,0.4088809523809523,0,1,0,311322,294288,22106,85850,2.725999481270147,0.22583903740220657
12681,0.4088888888888888,1,1,1,311323,294287,22107,85849,2.7259902182370594,0.22583759496601216
12682,0.4088968253968253,0,1,0,311324,294286,22107,85849,2.7259809552039718,0.22583818906441133
12683,0.4089166666666666,0,1,0,311325,294285,22107,85849,2.7259716921708845,0.22583878316593622
12684,0.4089213564213564,0,1,0,311326,294284,22107,85849,2.725962429137797,0.22583937727058687
12685,0.4089285714285715,0,4,0,311330,294280,22107,85849,2.7259253770054466,0.22584175372044754
12686,0.4089610389610389,0,1,0,311331,294279,22107,85849,2.725916113972359,0.22584234784072735
12687,0.4089743589743589,0,1,0,311332,294278,22107,85849,2.7259068509392717,0.22584294196413304
12688,0.4089999999999999,0,3,0,311335,294275,22107,85849,2.725879061840009,0.22584472435310582
12689,0.409,11,93,11,311428,294182,22118,85838,2.7250175997628663,0.2258775853902426
12690,0.409047619047619,1,3,1,311431,294179,22119,85837,2.7249898106636037,0.22587733148077976
12691,0.4090476190476191,0,1,0,311432,294178,22119,85837,2.724980547630516,0.2258779258713472
12692,0.4090530303030303,0,1,0,311433,294177,22119,85837,2.7249712845974288,0.22587852026504288
12693,0.4091428571428571,0,1,0,311434,294176,22119,85837,2.724962021564341,0.22587911466186683
12694,0.4091428571428572,0,1,0,311435,294175,22119,85837,2.7249527585312534,0.2258797090618191
12695,0.4091666666666666,8,85,8,311520,294090,22127,85829,2.724165400718811,0.22591394481455257
12696,0.4091666666666667,10,69,10,311589,294021,22137,85819,2.72352625143577,0.2259346040438079
12697,0.4092117604617603,0,3,0,311592,294018,22137,85819,2.7234984623365075,0.22593638850348965
12698,0.4092142857142856,0,2,0,311594,294016,22137,85819,2.723479936270332,0.22593757815893745
12699,0.4092222222222222,0,1,0,311595,294015,22137,85819,2.723470673237245,0.22593817299135938
12700,0.4092380952380952,0,1,0,311596,294014,22137,85819,2.723461410204157,0.2259387678269134
12701,0.4092460317460318,0,1,0,311597,294013,22137,85819,2.7234521471710695,0.22593936266559952
12702,0.4092857142857143,0,8,0,311605,294005,22137,85819,2.7233780429063694,0.225944121487847
12703,0.409297619047619,0,1,0,311606,294004,22137,85819,2.7233687798732817,0.22594471635472313
12704,0.4092997835497835,0,2,0,311608,294002,22137,85819,2.7233502538071064,0.2259459060978724
12705,0.4093095238095238,0,1,0,311609,294001,22137,85819,2.723340990774019,0.22594650097414565
12706,0.4093333333333333,6,14,6,311623,293987,22143,85813,2.7232113083107934,0.22594260136914165
12707,0.4093333333333334,6,55,6,311678,293932,22149,85807,2.7227018414909776,0.22596309570520806
12708,0.4094047619047619,0,1,0,311679,293931,22149,85807,2.7226925784578904,0.2259636907552049
12709,0.409404761904762,1,0,1,311679,293931,22150,85806,2.7226925784578904,0.22596165240679733
12710,0.4094126984126984,0,1,0,311680,293930,22150,85806,2.7226833154248027,0.22596224745612742
12711,0.4094166666666666,0,1,0,311681,293929,22150,85806,2.722674052391715,0.22596284250859153
12712,0.4094404761904763,0,4,0,311685,293925,22150,85806,2.7226370002593647,0.22596522274978867
12713,0.4094444444444444,0,1,0,311686,293924,22150,85806,2.7226277372262775,0.22596581781792327
12714,0.4094523809523809,0,1,0,311687,293923,22150,85806,2.72261847419319,0.22596641288919203
12715,0.4094642857142856,0,1,0,311688,293922,22150,85806,2.722609211160102,0.225967007963595
12716,0.409468253968254,0,1,0,311689,293921,22150,85806,2.722599948127015,0.22596760304113217
12717,0.4094722222222222,0,4,0,311693,293917,22150,85806,2.7225628959946646,0.22596998338262364
12718,0.4095,1,15,1,311708,293902,22151,85805,2.722423950498351,0.22597687164050176
12719,0.4095238095238095,0,7,0,311715,293895,22151,85805,2.7223591092667383,0.22598103766131156
12720,0.409547619047619,0,3,0,311718,293892,22151,85805,2.7223313201674757,0.22598282314582416
12721,0.4095595238095238,0,2,0,311720,293890,22151,85805,2.7223127941013003,0.2259840134845073
12722,0.4095714285714285,0,1,0,311721,293889,22151,85805,2.722303531068213,0.22598460865855136
12723,0.4095833333333333,1,5,1,311726,293884,22152,85804,2.722257215902775,0.22598554602726448
12724,0.4096060606060606,0,1,0,311727,293883,22152,85804,2.7222479528696875,0.22598614121631766
12725,0.4096190476190476,0,2,0,311729,293881,22152,85804,2.7222294268035125,0.2259873316038295
12726,0.4096428571428571,0,1,0,311730,293880,22152,85804,2.722220163770425,0.2259879268022882
12727,0.4096666666666666,2,3,2,311733,293877,22154,85802,2.7221923746711623,0.22598563523397397
12728,0.4096666666666667,3,17,3,311750,293860,22157,85799,2.722034903108674,0.22598963806995226
12729,0.4096904761904762,0,1,0,311751,293859,22157,85799,2.7220256400755862,0.22599023331524687
12730,0.4097142857142857,1,0,1,311751,293859,22158,85798,2.7220256400755862,0.2259881946072376
12731,0.40975,1,1,1,311752,293858,22159,85797,2.722016377042499,0.22598675112931477
12732,0.4097539682539682,0,1,0,311753,293857,22159,85797,2.7220071140094113,0.22598734637327672
12733,0.4097619047619047,1,5,1,311758,293852,22160,85796,2.7219607988439734,0.22598828388401887
12734,0.4098095238095238,0,2,0,311760,293850,22160,85796,2.7219422727777984,0.2259894744051037
12735,0.4098333333333332,2,4,2,311764,293846,22162,85794,2.721905220645448,0.22598777789484775
12736,0.4098333333333333,1,14,1,311778,293832,22163,85793,2.7217755381822224,0.22599407309845243
12737,0.4098333333333334,0,2,0,311780,293830,22163,85793,2.7217570121160475,0.22599526372216647
12738,0.4098809523809523,0,2,0,311782,293828,22163,85793,2.721738486049872,0.2259964543584259
12739,0.4098809523809524,0,2,0,311784,293826,22163,85793,2.721719959983697,0.22599764500723094
12740,0.4098928571428571,0,1,0,311785,293825,22163,85793,2.7217106969506095,0.2259982403363381
12741,0.4099010434010434,0,2,0,311787,293823,22163,85793,2.7216921708844346,0.2259994310039619
12742,0.4099047619047619,0,1,0,311788,293822,22163,85793,2.721682907851347,0.22600002634247857
12743,0.4099090909090908,0,1,0,311789,293821,22163,85793,2.7216736448182592,0.22600062168413176
12744,0.4099462481962481,0,2,0,311791,293819,22163,85793,2.7216551187520843,0.22600181237684794
12745,0.4099999999999999,1,33,1,311824,293786,22164,85792,2.721349438660195,0.22601942156816254
12746,0.41,423,3457,423,315281,290329,22587,85369,2.68932713327652,0.22722772013691847
12747,0.4100000000000001,5,26,5,315307,290303,22592,85364,2.6890862944162435,0.22723316128379656
12748,0.4100454545454545,0,1,0,315308,290302,22592,85364,2.6890770313831562,0.22723376616462496
12749,0.410047619047619,0,2,0,315310,290300,22592,85364,2.689058505316981,0.22723497593594275
12750,0.4100833333333333,0,1,0,315311,290299,22592,85364,2.6890492422838936,0.2272355808264322
12751,0.4100833333333334,0,1,0,315312,290298,22592,85364,2.689039979250806,0.22723618572014204
12752,0.4101190476190476,0,1,0,315313,290297,22592,85364,2.6890307162177183,0.2272367906170723
12753,0.4101515151515151,0,1,0,315314,290296,22592,85364,2.6890214531846306,0.22723739551722302
12754,0.4101666666666665,1,0,1,315314,290296,22593,85363,2.6890214531846306,0.22723533843192895
12755,0.4101666666666667,0,13,0,315327,290283,22593,85363,2.6889010337544925,0.22724320237670573
12756,0.4101904761904761,0,1,0,315328,290282,22593,85363,2.688891770721405,0.22724380731807958
12757,0.4101904761904762,0,1,0,315329,290281,22593,85363,2.6888825076883176,0.22724441226267422
12758,0.41025,0,1,0,315330,290280,22593,85363,2.68887324465523,0.22724501721048976
12759,0.4102738095238094,0,2,0,315332,290278,22593,85363,2.688854718589055,0.22724622711578343
12760,0.4102777777777778,0,1,0,315333,290277,22593,85363,2.6888454555559673,0.22724683207326163
12761,0.4103333333333333,3,24,3,315357,290253,22596,85360,2.688623142761866,0.22725518019876842
12762,0.4103333333333334,1,1,1,315358,290252,22597,85359,2.6886138797287784,0.22725372792596596
12763,0.4103571428571428,1,3,1,315361,290249,22598,85358,2.688586090629516,0.22725348569116124
12764,0.4103585858585858,0,3,0,315364,290246,22598,85358,2.688558301530253,0.22725530079551867
12765,0.4103809523809524,1,1,1,315365,290245,22599,85357,2.6885490384971655,0.2272538484885597
12766,0.4104166666666666,0,2,0,315367,290243,22599,85357,2.6885305124309906,0.22725505857294995
12767,0.4104166666666667,0,4,0,315371,290239,22599,85357,2.6884934602986403,0.2272574787803917
12768,0.4104242424242424,0,1,0,315372,290238,22599,85357,2.6884841972655527,0.2272580838403067
12769,0.4104523809523809,0,1,0,315373,290237,22599,85357,2.688474934232465,0.2272586889034436
12770,0.4104761904761905,1,5,1,315378,290232,22600,85356,2.6884286190670275,0.22725965685804658
12771,0.4105,2,21,2,315399,290211,22602,85354,2.688234095372189,0.22726824917124866
12772,0.4105303030303029,0,1,0,315400,290210,22602,85354,2.688224832339101,0.22726885430978475
12773,0.4105555555555555,0,1,0,315401,290209,22602,85354,2.6882155693060135,0.22726945945154342
12774,0.4105714285714286,0,1,0,315402,290208,22602,85354,2.6882063062729262,0.22727006459652468
12775,0.4105952380952381,0,2,0,315404,290206,22602,85354,2.688187780206751,0.22727127489615506
12776,0.4106121933621934,0,1,0,315405,290205,22602,85354,2.688178517173663,0.22727188005080426
12777,0.4106190476190476,0,1,0,315406,290204,22602,85354,2.688169254140576,0.22727248520867616
12778,0.4106309523809524,0,1,0,315407,290203,22602,85354,2.6881599911074883,0.22727309036977078
12779,0.4106529581529581,0,1,0,315408,290202,22602,85354,2.6881507280744006,0.22727369553408813
12780,0.4106666666666666,2,37,2,315445,290165,22604,85352,2.6878079958501613,0.22729197346591498
12781,0.4106666666666667,2,11,2,315456,290154,22606,85350,2.687706102486198,0.22729451617026716
12782,0.4107142857142857,1,11,1,315467,290143,22607,85349,2.687604209122235,0.22729911689197108
12783,0.4107272727272727,0,1,0,315468,290142,22607,85349,2.6875949460891473,0.2272997222303597
12784,0.4107380952380953,1,0,1,315468,290142,22608,85348,2.6875949460891473,0.22729766438520332
12785,0.41075,0,2,0,315470,290140,22608,85348,2.6875764200229724,0.22729887506391683
12786,0.4107619047619048,1,0,1,315470,290140,22609,85347,2.6875764200229724,0.22729681720006284
12787,0.4107777777777778,0,1,0,315471,290139,22609,85347,2.6875671569898847,0.22729742254038765
12788,0.4107857142857142,0,1,0,315472,290138,22609,85347,2.687557893956797,0.22729802788393677
12789,0.4108095238095238,0,1,0,315473,290137,22609,85347,2.6875486309237098,0.22729863323071023
12790,0.4108333333333333,14,83,14,315556,290054,22623,85333,2.6867797991774425,0.2273200723519994
12791,0.4108333333333334,7,74,7,315630,289980,22630,85326,2.686094334728964,0.22735048200668254
12792,0.4108412698412699,0,1,0,315631,289979,22630,85326,2.686085071695876,0.22735108778193736
12793,0.4108888888888888,1,0,1,315631,289979,22631,85325,2.686085071695876,0.2273490290537804
12794,0.4109047619047619,1,0,1,315631,289979,22632,85324,2.686085071695876,0.22734697031465242
12795,0.4109166666666666,0,1,0,315632,289978,22632,85324,2.6860758086627885,0.22734757608539258
12796,0.4109444444444445,0,1,0,315633,289977,22632,85324,2.686066545629701,0.2273481818593609
12797,0.4109523809523809,1,1,1,315634,289976,22633,85323,2.6860572825966136,0.22734672887484378
12798,0.410952380952381,0,1,0,315635,289975,22633,85323,2.686048019563526,0.22734733465139703
12799,0.4109999999999999,0,9,0,315644,289966,22633,85323,2.685964652265738,0.22735278678565052
12800,0.411,7,78,7,315722,289888,22640,85316,2.6852421356849088,0.22738563554759544
12801,0.4110000000000001,0,2,0,315724,289886,22640,85316,2.6852236096187334,0.22738684761808306
12802,0.411047619047619,0,1,0,315725,289885,22640,85316,2.685214346585646,0.22738745365817256
12803,0.411060606060606,1,0,1,315725,289885,22641,85315,2.685214346585646,0.22738539445628997
12804,0.4110833333333333,0,2,0,315727,289883,22641,85315,2.685195820519471,0.2273866065384144
12805,0.4110952380952381,0,1,0,315728,289882,22641,85315,2.685186557486383,0.22738721258432237
12806,0.4111071428571429,1,0,1,315728,289882,22642,85314,2.685186557486383,0.2273851533598439
12807,0.4111111111111111,0,3,0,315731,289879,22642,85314,2.6851587683871205,0.22738697150533194
12808,0.4111309523809525,0,1,0,315732,289878,22642,85314,2.6851495053540333,0.22738757756028913
12809,0.4111428571428571,0,1,0,315733,289877,22642,85314,2.6851402423209456,0.22738818361847699
12810,0.4111666666666666,0,3,0,315736,289874,22642,85314,2.685112453221683,0.2273900018124247
12811,0.4111666666666667,4,8,4,315744,289866,22646,85310,2.6850383489569825,0.2273866132161972
12812,0.4111904761904762,0,4,0,315748,289862,22646,85310,2.685001296824632,0.2273890375614385
12813,0.4112142857142857,1,1,1,315749,289861,22647,85309,2.6849920337915445,0.22738758429511954
12814,0.41125,0,4,0,315753,289857,22647,85309,2.6849549816591947,0.22739000868948678
12815,0.4112619047619047,0,1,0,315754,289856,22647,85309,2.684945718626107,0.22739061479615635
12816,0.4112727272727272,0,1,0,315755,289855,22647,85309,2.6849364555930193,0.2273912209060571
12817,0.4113055555555556,0,1,0,315756,289854,22647,85309,2.6849271925599316,0.227391827019189
12818,0.4113095238095238,0,1,0,315757,289853,22647,85309,2.6849179295268444,0.2273924331355521
12819,0.4113333333333333,7,41,7,315798,289812,22654,85302,2.6845381451702544,0.2274028695276636
12820,0.4113333333333334,2,6,2,315804,289806,22656,85300,2.684482566971729,0.22740238759177406
12821,0.4113571428571428,0,2,0,315806,289804,22656,85300,2.6844640409055542,0.22740360006824775
12822,0.4113888888888888,0,1,0,315807,289803,22656,85300,2.6844547778724666,0.22740420631133315
12823,0.4113928571428571,0,1,0,315808,289802,22656,85300,2.684445514839379,0.227404812557651
12824,0.4114285714285713,0,9,0,315817,289793,22656,85300,2.684362147541591,0.2274102689199745
12825,0.4114444444444444,0,2,0,315819,289791,22656,85300,2.6843436214754157,0.22741148148049406
12826,0.4114563492063492,0,1,0,315820,289790,22656,85300,2.6843343584423285,0.22741208776560293
12827,0.4114761904761904,1,2,1,315822,289788,22657,85299,2.684315832376153,0.22741124059218262
12828,0.4114761904761905,0,1,0,315823,289787,22657,85299,2.684306569343066,0.2274118468831148
12829,0.4114786324786325,1,0,1,315823,289787,22658,85298,2.684306569343066,0.22740978711492063
12830,0.4115,3,35,3,315858,289752,22661,85295,2.6839823631850015,0.22742482942137918
12831,0.4115238095238094,0,4,0,315862,289748,22661,85295,2.683945311052651,0.2274272550080924
12832,0.4115238095238095,0,2,0,315864,289746,22661,85295,2.683926784986476,0.22742846782085158
12833,0.411547619047619,2,3,2,315867,289743,22663,85293,2.6838989958872133,0.22742616708795957
12834,0.4115595238095239,0,3,0,315870,289740,22663,85293,2.6838712067879507,0.22742798633720232
12835,0.4115721500721501,0,2,0,315872,289738,22663,85293,2.6838526807217757,0.2274291991862006
12836,0.411611111111111,0,1,0,315873,289737,22663,85293,2.683843417688688,0.22742980561555076
12837,0.4116190476190476,0,1,0,315874,289736,22663,85293,2.6838341546556004,0.22743041204813494
12838,0.4116587301587301,0,1,0,315875,289735,22663,85293,2.6838248916225127,0.2274310184839532
12839,0.4116666666666666,21,242,21,316117,289493,22684,85272,2.6815832376153246,0.22753458834202767
12840,0.4116666666666667,25,205,25,316322,289288,22709,85247,2.679684315832376,0.22760756671606125
12841,0.4117023809523809,0,1,0,316323,289287,22709,85247,2.6796750527992885,0.2276081744247518
12842,0.4117142857142857,0,3,0,316326,289284,22709,85247,2.679647263700026,0.22760999757029457
12843,0.4117460317460317,1,0,1,316326,289284,22710,85246,2.679647263700026,0.22760793527888287
12844,0.4117499999999999,1,0,1,316326,289284,22711,85245,2.679647263700026,0.22760587297645843
12845,0.41175,0,1,0,316327,289283,22711,85245,2.6796380006669382,0.22760648069036227
12846,0.4117857142857143,1,5,1,316332,289278,22712,85244,2.6795916855015007,0.22760745697182008
12847,0.4117936507936508,0,1,0,316333,289277,22712,85244,2.679582422468413,0.2276080647013118
12848,0.4118181818181818,0,1,0,316334,289276,22712,85244,2.6795731594353254,0.22760867243404892
12849,0.4118333333333333,1,4,1,316338,289272,22713,85243,2.679536107302975,0.22760904102639415
12850,0.4118333333333334,2,8,2,316346,289264,22715,85241,2.679462003038275,0.22760977824061093
12851,0.4118571428571428,0,1,0,316347,289263,22715,85241,2.6794527400051873,0.2276103860038878
12852,0.4118672438672439,0,1,0,316348,289262,22715,85241,2.6794434769720996,0.22761099377041039
12853,0.4119047619047618,0,1,0,316349,289261,22715,85241,2.6794342139390124,0.2276116015401787
12854,0.4119047619047619,0,4,0,316353,289257,22715,85241,2.679397161806662,0.22761403265170976
12855,0.411904761904762,0,2,0,316355,289255,22715,85241,2.6793786357404867,0.22761524822695037
12856,0.4119166666666666,0,1,0,316356,289254,22715,85241,2.6793693727073995,0.2276158560194395
12857,0.4119166666666667,1,0,1,316356,289254,22716,85240,2.6793693727073995,0.22761379354542396
12858,0.4119523809523809,0,1,0,316357,289253,22716,85240,2.679360109674312,0.22761440133727467
12859,0.4119761904761904,0,1,0,316358,289252,22716,85240,2.679350846641224,0.22761500913237132
12860,0.4119841269841269,0,1,0,316359,289251,22716,85240,2.6793415836081365,0.22761561693071394
12861,0.412,14,95,14,316454,289156,22730,85226,2.678461595464819,0.2276444914552516
12862,0.4120000000000001,0,1,0,316455,289155,22730,85226,2.6784523324317315,0.22764509951092604
12863,0.4120158730158731,0,3,0,316458,289152,22730,85226,2.678424543332469,0.2276469236974395
12864,0.4120238095238095,0,2,0,316460,289150,22730,85226,2.6784060172662936,0.22764813983802382
12865,0.4120476190476191,0,1,0,316461,289149,22730,85226,2.6783967542332063,0.22764874791318865
12866,0.4120833333333333,0,3,0,316464,289146,22730,85226,2.6783689651339433,0.22765057215817422
12867,0.4121071428571429,0,1,0,316465,289145,22730,85226,2.678359702100856,0.22765118024633318
12868,0.4121428571428571,1,15,1,316480,289130,22731,85225,2.6782207566045426,0.2276582388374671
12869,0.4121666666666666,1,4,1,316484,289126,22732,85224,2.6781837044721923,0.22765860825430748
12870,0.4121666666666667,1,8,1,316492,289118,22733,85223,2.678109600207492,0.22766141031839954
12871,0.4121785714285714,0,1,0,316493,289117,22733,85223,2.6781003371744045,0.22766201848586845
12872,0.4122222222222222,0,6,0,316499,289111,22733,85223,2.678044758975879,0.22766566755891798
12873,0.4122341269841268,0,5,0,316504,289106,22733,85223,2.6779984438104414,0.22766870854248536
12874,0.4122738095238095,1,1,1,316505,289105,22734,85222,2.6779891807773537,0.22766725349761038
12875,0.4122857142857142,0,2,0,316507,289103,22734,85222,2.677970654711179,0.2276684699125092
12876,0.4122857142857143,1,0,1,316507,289103,22735,85221,2.677970654711179,0.22766640664237398
12877,0.4123333333333333,3,34,3,316541,289069,22738,85218,2.6776557115862016,0.2276808972793605
12878,0.4123333333333334,0,1,0,316542,289068,22738,85218,2.6776464485531144,0.22768150558663697
12879,0.4123809523809523,0,1,0,316543,289067,22738,85218,2.6776371855200267,0.22768211389716392
12880,0.4123809523809524,2,8,2,316551,289059,22740,85216,2.677563081255326,0.22768285351679915
12881,0.4124642857142856,0,1,0,316552,289058,22740,85216,2.6775538182222385,0.22768346184880595
12882,0.4124761904761904,0,1,0,316553,289057,22740,85216,2.6775445551891512,0.2276840701840635
12883,0.4124999999999999,0,5,0,316558,289052,22740,85216,2.6774982400237133,0.22768711190911325
12884,0.4125,57,407,57,316965,288645,22797,85159,2.6737281855570787,0.22781725182181037
12885,0.4125000000000001,0,8,0,316973,288637,22797,85159,2.6736540812923786,0.22782212757760917
12886,0.4125151515151515,0,1,0,316974,288636,22797,85159,2.673644818259291,0.22782273706175846
12887,0.4125238095238095,0,2,0,316976,288634,22797,85159,2.6736262921931155,0.22782395603984024
12888,0.4125595238095238,0,1,0,316977,288633,22797,85159,2.6736170291600283,0.22782456553377278
12889,0.4125714285714286,0,1,0,316978,288632,22797,85159,2.6736077661269406,0.2278251750309665
12890,0.4125833333333335,1,4,1,316982,288628,22798,85158,2.6735707139945903,0.22782554723825932
12891,0.4126190476190476,0,5,0,316987,288623,22798,85158,2.673524398829153,0.22782859481889128
12892,0.4126428571428571,1,0,1,316987,288623,22799,85157,2.673524398829153,0.22782652897426295
12893,0.4126666666666665,0,1,0,316988,288622,22799,85157,2.673515135796065,0.2278271384962772
12894,0.4126666666666667,6,55,6,317043,288567,22805,85151,2.67300566897625,0.22784827062116356
12895,0.4127142857142857,0,1,0,317044,288566,22805,85151,2.672996405943162,0.22784888030247485
12896,0.4127272727272727,0,1,0,317045,288565,22805,85151,2.6729871429100744,0.227849489987049
12897,0.4127380952380952,1,2,1,317047,288563,22806,85150,2.6729686168438995,0.22784864321016396
12898,0.41275,1,1,1,317048,288562,22807,85149,2.672959353810812,0.22784718672985274
12899,0.4127619047619048,1,5,1,317053,288557,22808,85148,2.672913038645374,0.22784816901031563
12900,0.4127777777777778,0,3,0,317056,288554,22808,85148,2.6728852495461113,0.22784999812684972
12901,0.4128095238095238,0,1,0,317057,288553,22808,85148,2.6728759865130236,0.22785060783888725
12902,0.4128333333333333,2,12,2,317069,288541,22810,85146,2.672764830115973,0.22785379207732676
12903,0.4128333333333334,1,0,1,317069,288541,22811,85145,2.672764830115973,0.22785172578046808
12904,0.4128571428571427,1,0,1,317069,288541,22812,85144,2.672764830115973,0.2278496594725504
12905,0.4128571428571428,2,10,2,317079,288531,22814,85142,2.6726721997850977,0.2278516242811228
12906,0.4128571428571429,0,1,0,317080,288530,22814,85142,2.67266293675201,0.22785223404483076
12907,0.4128809523809524,0,1,0,317081,288529,22814,85142,2.6726536737189224,0.22785284381180237
12908,0.4129166666666666,1,1,1,317082,288528,22815,85141,2.672644410685835,0.22785138719026732
12909,0.4129166666666667,0,1,0,317083,288527,22815,85141,2.6726351476527475,0.22785199695986813
12910,0.4129523809523809,0,1,0,317084,288526,22815,85141,2.6726258846196598,0.2278526067327326
12911,0.4129761904761905,0,2,0,317086,288524,22815,85141,2.672607358553485,0.22785382628825285
12912,0.4129761904761906,0,1,0,317087,288523,22815,85141,2.672598095520397,0.22785443607090863
12913,0.4129999999999999,0,1,0,317088,288522,22815,85141,2.6725888324873095,0.2278550458568282
12914,0.413,4,57,4,317145,288465,22819,85137,2.6720608396013192,0.22788154239003003
12915,0.4130357142857142,0,2,0,317147,288463,22819,85137,2.672042313535144,0.22788276231263382
12916,0.4130555555555555,0,1,0,317148,288462,22819,85137,2.672033050502056,0.22788337227883373
12917,0.4130833333333333,0,3,0,317151,288459,22819,85137,2.6720052614027936,0.22788520219702565
12918,0.4130952380952382,0,1,0,317152,288458,22819,85137,2.6719959983697064,0.22788581217628714
12919,0.4131428571428571,0,1,0,317153,288457,22819,85137,2.6719867353366187,0.2278864221588141
12920,0.4131666666666665,0,1,0,317154,288456,22819,85137,2.671977472303531,0.22788703214460657
12921,0.4131666666666666,2,16,2,317170,288440,22821,85135,2.6718292637741303,0.22789265876999265
12922,0.4131666666666667,0,5,0,317175,288435,22821,85135,2.6717829486086924,0.2278957089702064
12923,0.4131746031746031,0,2,0,317177,288433,22821,85135,2.6717644225425174,0.227896929073154
12924,0.4131904761904762,2,1,2,317178,288432,22823,85133,2.6717551595094298,0.227893405431451
12925,0.4132142857142857,1,6,1,317184,288426,22824,85132,2.6716995813109046,0.22789499890244622
12926,0.4132424242424243,0,2,0,317186,288424,22824,85132,2.671681055244729,0.22789621904078639
12927,0.4132619047619048,0,1,0,317187,288423,22824,85132,2.671671792211642,0.2278968291148559
12928,0.4132748917748917,0,1,0,317188,288422,22824,85132,2.6716625291785543,0.22789743919219177
12929,0.4132828282828283,1,2,1,317190,288420,22825,85131,2.671644003112379,0.22789659243316174
12930,0.4132857142857143,0,2,0,317192,288418,22825,85131,2.671625477046204,0.22789781260289815
12931,0.4132863247863247,0,1,0,317193,288417,22825,85131,2.6716162140131163,0.227898422692666
12932,0.4133095238095238,0,1,0,317194,288416,22825,85131,2.671606950980029,0.22789903278570034
12933,0.4133333333333333,92,796,92,317990,287620,22917,85039,2.664233576642336,0.22819521331834197
12934,0.4133333333333334,0,1,0,317991,287619,22917,85039,2.6642243136092483,0.22819582566320862
12935,0.4134285714285714,1,0,1,317991,287619,22918,85038,2.6642243136092483,0.22819375457860713
12936,0.4134615384615385,0,1,0,317992,287618,22918,85038,2.6642150505761606,0.22819436692284573
12937,0.4134999999999999,0,3,0,317995,287615,22918,85038,2.664187261476898,0.22819620397527995
12938,0.4135,3,24,3,318019,287591,22921,85035,2.6639649486827968,0.22820468781029773
12939,0.4135000000000001,0,1,0,318020,287590,22921,85035,2.663955685649709,0.22820530023482052
12940,0.4135317460317461,0,1,0,318021,287589,22921,85035,2.6639464226166214,0.22820591266263043
12941,0.4135714285714285,0,1,0,318022,287588,22921,85035,2.663937159583534,0.22820652509372744
12942,0.4135714285714286,0,4,0,318026,287584,22921,85035,2.663900107451184,0.2282089748509872
12943,0.4136666666666666,0,3,0,318029,287581,22921,85035,2.6638723183519213,0.22821081220344805
12944,0.4136666666666667,1,27,1,318056,287554,22922,85034,2.663622216458557,0.22822527832351014
12945,0.4136904761904761,0,4,0,318060,287550,22922,85034,2.663585164326207,0.2282277285122281
12946,0.4136904761904762,0,4,0,318064,287546,22922,85034,2.663548112193857,0.22823017875355628
12947,0.4137142857142856,1,0,1,318064,287546,22923,85033,2.663548112193857,0.22822810732757348
12948,0.41375,0,2,0,318066,287544,22923,85033,2.6635295861276815,0.22822933246013577
12949,0.4137777777777778,1,2,1,318068,287542,22924,85032,2.6635110600615066,0.22822848615308636
12950,0.4138015873015873,0,1,0,318069,287541,22924,85032,2.663501797028419,0.2282290987269609
12951,0.4138095238095238,0,3,0,318072,287538,22924,85032,2.6634740079291563,0.2282309364683147
12952,0.4138333333333333,3,12,3,318084,287526,22927,85029,2.6633628515321055,0.22823207311672103
12953,0.4138333333333334,0,3,0,318087,287523,22927,85029,2.663335062432843,0.2282339109708175
12954,0.4138452380952381,0,1,0,318088,287522,22927,85029,2.6633257993997557,0.2282345235954272
12955,0.4138571428571428,0,1,0,318089,287521,22927,85029,2.663316536366668,0.22823513622332572
12956,0.4138744588744589,0,2,0,318091,287519,22927,85029,2.6632980103004926,0.22823636148898935
12957,0.4138809523809524,0,1,0,318092,287518,22927,85029,2.6632887472674054,0.22823697412675448
12958,0.4139166666666666,1,0,1,318092,287518,22928,85028,2.6632887472674054,0.2282349025355258
12959,0.4139285714285713,0,1,0,318093,287517,22928,85028,2.6632794842343177,0.22823551517266372
12960,0.413936507936508,0,1,0,318094,287516,22928,85028,2.66327022120123,0.22823612781309052
12961,0.413965367965368,0,1,0,318095,287515,22928,85028,2.663260958168143,0.22823674045680634
12962,0.414,18,149,18,318244,287366,22946,85010,2.661880766238097,0.22829075987711345
12963,0.4140238095238095,0,1,0,318245,287365,22946,85010,2.6618715032050093,0.22829137294394092
12964,0.414047619047619,1,3,1,318248,287362,22947,85009,2.6618437141057467,0.2282911397504102
12965,0.4140714285714286,0,1,0,318249,287361,22947,85009,2.661834451072659,0.22829175282648978
12966,0.4140833333333333,0,2,0,318251,287359,22947,85009,2.661815925006484,0.2282929789885275
12967,0.414095238095238,0,1,0,318252,287358,22947,85009,2.6618066619733964,0.22829359207448566
12968,0.4140952380952381,0,1,0,318253,287357,22947,85009,2.661797398940309,0.22829420516373675
12969,0.4141666666666665,0,4,0,318257,287353,22947,85009,2.661760346807959,0.2282966575536709
12970,0.4141666666666666,10,81,10,318338,287272,22957,84999,2.661010041127867,0.2283256015107274
12971,0.4141666666666667,10,88,10,318426,287184,22967,84989,2.660194894216162,0.2283588546186854
12972,0.4141841491841492,1,0,1,318426,287184,22968,84988,2.660194894216162,0.22835678127317477
12973,0.4141919191919191,0,1,0,318427,287183,22968,84988,2.6601856311830745,0.22835739485344103
12974,0.4142222222222222,0,1,0,318428,287182,22968,84988,2.660176368149987,0.2283580084370046
12975,0.4142619047619048,0,1,0,318429,287181,22968,84988,2.6601671051168996,0.2283586220238655
12976,0.4142842712842715,0,6,0,318435,287175,22968,84988,2.660111526918374,0.22836230361427654
12977,0.4142857142857143,4,23,4,318458,287152,22972,84984,2.6598984771573604,0.22836812348173785
12978,0.4143333333333333,1,19,1,318477,287133,22973,84983,2.6597224795286967,0.2283777101763966
12979,0.4143333333333334,6,35,6,318512,287098,22979,84977,2.6593982733706323,0.22838674998320233
12980,0.4143571428571428,0,3,0,318515,287095,22979,84977,2.6593704842713697,0.22838859145541723
12981,0.4144047619047619,0,2,0,318517,287093,22979,84977,2.6593519582051948,0.22838981912005804
12982,0.4144285714285714,0,1,0,318518,287092,22979,84977,2.659342695172107,0.2283904329573278
12983,0.4144444444444444,0,2,0,318520,287090,22979,84977,2.659324169105932,0.22839166064176614
12984,0.4145,2,17,2,318537,287073,22981,84975,2.659166697543444,0.22839794865178686
12985,0.4145833333333333,0,5,0,318542,287068,22981,84975,2.659120382378006,0.22840101816187913
12986,0.4146428571428571,1,3,1,318545,287065,22982,84974,2.6590925932787433,0.22840078593910854
12987,0.4146439393939394,0,1,0,318546,287064,22982,84974,2.6590833302456556,0.22840139985700386
12988,0.4146507936507936,0,1,0,318547,287063,22982,84974,2.659074067212568,0.2284020137781995
12989,0.4146666666666666,1,14,1,318561,287049,22983,84973,2.658944384749342,0.22840853497911415
12990,0.4146666666666667,2,28,2,318589,287021,22985,84971,2.6586850198228906,0.22842157895868728
12991,0.4147142857142857,0,1,0,318590,287020,22985,84971,2.6586757567898034,0.22842219301004593
12992,0.4147157287157286,0,1,0,318591,287019,22985,84971,2.6586664937567157,0.22842280706470605
12993,0.4147222222222222,0,4,0,318595,287015,22985,84971,2.6586294416243654,0.22842526331636137
12994,0.4147521645021645,0,1,0,318596,287014,22985,84971,2.6586201785912777,0.22842587738752906
12995,0.4147619047619047,0,1,0,318597,287013,22985,84971,2.6586109155581905,0.22842649146199837
12996,0.4147619047619048,0,1,0,318598,287012,22985,84971,2.658601652525103,0.2284271055397693
12997,0.4147777777777778,0,1,0,318599,287011,22985,84971,2.658592389492015,0.22842771962084188
12998,0.4147857142857142,0,2,0,318601,287009,22985,84971,2.6585738634258402,0.22842894779289208
12999,0.4148333333333333,2,19,2,318620,286990,22987,84969,2.6583978657971765,0.2284364674601233
13000,0.4148571428571428,0,1,0,318621,286989,22987,84969,2.6583886027640893,0.22843708160598777
13001,0.4148650793650793,0,1,0,318622,286988,22987,84969,2.6583793397310016,0.2284376957551545
13002,0.4148809523809523,1,0,1,318622,286988,22988,84968,2.6583793397310016,0.22843562141758703
13003,0.4148809523809524,1,3,1,318625,286985,22989,84967,2.658351550631739,0.2284353895126253
13004,0.4149047619047619,0,1,0,318626,286984,22989,84967,2.6583422875986513,0.2284360036671497
13005,0.4149285714285715,0,1,0,318627,286983,22989,84967,2.6583330245655636,0.22843661782497648
13006,0.4149999999999999,3,14,3,318641,286969,22992,84964,2.658203342102338,0.22843899304444618
13007,0.415,165,1330,165,319971,285639,23157,84799,2.645883508095891,0.22891550002969457
13008,0.4150000000000001,2,16,2,319987,285623,23159,84797,2.64573529956649,0.22892122455590952
13009,0.4150238095238095,0,1,0,319988,285622,23159,84797,2.6457260365334023,0.2289218425620716
13010,0.4150238095238096,1,2,1,319990,285620,23160,84796,2.6457075104672274,0.22892099693317783
13011,0.415047619047619,0,1,0,319991,285619,23160,84796,2.6456982474341397,0.2289216149453991
13012,0.4150833333333334,0,4,0,319995,285615,23160,84796,2.6456611953017894,0.22892408702765307
13013,0.4150952380952381,2,1,2,319996,285614,23162,84794,2.645651932268702,0.22892054167296602
13014,0.4151190476190476,1,4,1,320000,285610,23163,84793,2.645614880136352,0.22892093206588499
13015,0.4151428571428572,0,1,0,320001,285609,23163,84793,2.6456056171032643,0.22892155009962148
13016,0.4151666666666666,0,1,0,320002,285608,23163,84793,2.6455963540701766,0.2289221681366951
13017,0.4151666666666667,1,15,1,320017,285593,23164,84792,2.6454574085738636,0.22892935729038702
13018,0.4152294372294372,0,1,0,320018,285592,23164,84792,2.645448145540776,0.22892997537690613
13019,0.4152380952380952,1,2,1,320020,285590,23165,84791,2.645429619474601,0.22892912973397664
13020,0.4153055555555556,0,1,0,320021,285589,23165,84791,2.6454203564415133,0.2289297478265565
13021,0.4153333333333332,0,1,0,320022,285588,23165,84791,2.6454110934084256,0.228930365922474
13022,0.4153333333333333,4,28,4,320050,285560,23169,84787,2.645151728481974,0.2289393460727372
13023,0.4153333333333334,0,8,0,320058,285552,23169,84787,2.6450776242172735,0.22894429158149696
13024,0.4153571428571428,0,1,0,320059,285551,23169,84787,2.6450683611841863,0.22894490978511522
13025,0.41540873015873,0,1,0,320060,285550,23169,84787,2.6450590981510986,0.22894552799207207
13026,0.4154166666666665,0,1,0,320061,285549,23169,84787,2.645049835118011,0.22894614620236758
13027,0.4154166666666666,0,5,0,320066,285544,23169,84787,2.6450035199525734,0.2289492373039254
13028,0.4154285714285713,0,2,0,320068,285542,23169,84787,2.644984993886398,0.22895047376791988
13029,0.4154404761904762,1,1,1,320069,285541,23170,84786,2.6449757308533104,0.2289490099290627
13030,0.4154761904761904,0,1,0,320070,285540,23170,84786,2.644966467820223,0.22894962816545422
13031,0.4154761904761905,1,3,1,320073,285537,23171,84785,2.6449386787209606,0.2289494007917434
13032,0.4154880952380952,0,1,0,320074,285536,23171,84785,2.644929415687873,0.2289500190375377
13033,0.4155,2,19,2,320093,285517,23173,84783,2.644753418059209,0.22895760194436943
13034,0.4155357142857143,1,0,1,320093,285517,23174,84782,2.644753418059209,0.22895551972865172
13035,0.415547619047619,0,1,0,320094,285516,23174,84782,2.644744155026122,0.22895613802937093
13036,0.4155555555555555,0,1,0,320095,285515,23174,84782,2.6447348919930342,0.22895675633342966
13037,0.4155833333333333,1,0,1,320095,285515,23175,84781,2.6447348919930342,0.228954674098559
13038,0.415595238095238,0,2,0,320097,285513,23175,84781,2.644716365926859,0.22895591070878815
13039,0.4155952380952381,0,2,0,320099,285511,23175,84781,2.644697839860684,0.22895714733237554
13040,0.4156071428571428,0,1,0,320100,285510,23175,84781,2.6446885768275963,0.2289577656491786
13041,0.4156666666666666,5,24,5,320124,285486,23180,84776,2.644466264033495,0.2289621943380633
13042,0.4156666666666667,4,13,4,320137,285473,23184,84772,2.644345844603357,0.22896190360437008
13043,0.4156818181818181,0,1,0,320138,285472,23184,84772,2.6443365815702693,0.22896252201251066
13044,0.4156904761904761,0,1,0,320139,285471,23184,84772,2.6443273185371816,0.22896314042399182
13045,0.4157142857142857,7,14,7,320153,285457,23191,84765,2.644197636073956,0.22895722026243714
13046,0.4157222222222222,0,2,0,320155,285455,23191,84765,2.644179110007781,0.22895845713359625
13047,0.4157857142857143,0,1,0,320156,285454,23191,84765,2.6441698469746933,0.22895907557418718
13048,0.4158095238095238,0,2,0,320158,285452,23191,84765,2.6441513209085183,0.22896031246539192
13049,0.4158214285714285,0,1,0,320159,285451,23191,84765,2.6441420578754307,0.22896093091600578
13050,0.4158333333333333,15,163,15,320322,285288,23206,84750,2.6426321834821596,0.22903053199941628
13051,0.4158571428571428,1,0,1,320322,285288,23207,84749,2.6426321834821596,0.2290284485065007
13052,0.4158690476190476,0,1,0,320323,285287,23207,84749,2.642622920449072,0.2290290674420867
13053,0.4159404761904761,0,1,0,320324,285286,23207,84749,2.642613657415984,0.229029686381018
13054,0.4159444444444445,0,1,0,320325,285285,23207,84749,2.6426043943828965,0.2290303053232946
13055,0.4159523809523809,0,4,0,320329,285281,23207,84749,2.6425673422505467,0.22903278112585465
13056,0.415952380952381,0,1,0,320330,285280,23207,84749,2.642558079217459,0.2290334000848582
13057,0.4159999999999999,0,7,0,320337,285273,23207,84749,2.642493237985846,0.2290377328915578
13058,0.416,21,110,21,320447,285163,23228,84728,2.641474304346215,0.2290620750437291
13059,0.4160000000000001,0,1,0,320448,285162,23228,84728,2.6414650413131278,0.22906269431452594
13060,0.4160238095238096,0,1,0,320449,285161,23228,84728,2.64145577828004,0.22906331358867119
13061,0.4160476190476189,0,1,0,320450,285160,23228,84728,2.6414465152469524,0.2290639328661649
13062,0.416047619047619,0,1,0,320451,285159,23228,84728,2.6414372522138647,0.22906455214700705
13063,0.4160555555555555,0,1,0,320452,285158,23228,84728,2.6414279891807775,0.22906517143119773
13064,0.4160595238095237,0,2,0,320454,285156,23228,84728,2.641409463114602,0.22906641000962463
13065,0.4160606060606061,0,1,0,320455,285155,23228,84728,2.641400200081515,0.22906702930386094
13066,0.4160714285714285,0,1,0,320456,285154,23228,84728,2.641390937048427,0.22906764860144588
13067,0.4160714285714286,0,1,0,320457,285153,23228,84728,2.6413816740153395,0.2290682679023794
13068,0.416095238095238,0,1,0,320458,285152,23228,84728,2.641372410982252,0.22906888720666163
13069,0.4161111111111111,0,3,0,320461,285149,23228,84728,2.6413446218829892,0.22907074513960046
13070,0.4161428571428571,0,3,0,320464,285146,23228,84728,2.6413168327837266,0.2290726031026782
13071,0.4161428571428572,0,1,0,320465,285145,23228,84728,2.641307569750639,0.2290732224304018
13072,0.4161468253968252,0,2,0,320467,285143,23228,84728,2.641289043684464,0.2290744610958956
13073,0.4161666666666666,0,2,0,320469,285141,23228,84728,2.641270517618289,0.22907569977478512
13074,0.4161666666666667,4,13,4,320482,285128,23232,84724,2.6411500981881506,0.22907541394936354
13075,0.4161904761904761,0,1,0,320483,285127,23232,84724,2.6411408351550634,0.2290760333215268
13076,0.4161904761904762,2,2,2,320485,285125,23234,84722,2.641122309088888,0.22907310320213495
13077,0.4162121212121212,1,0,1,320485,285125,23235,84721,2.641122309088888,0.2290710187483439
13078,0.4162142857142856,0,1,0,320486,285124,23235,84721,2.6411130460558003,0.22907163811867134
13079,0.41625,1,4,1,320490,285120,23236,84720,2.6410759939234505,0.2290720311486048
13080,0.4162738095238095,0,1,0,320491,285119,23236,84720,2.641066730890363,0.22907265053171785
13081,0.4162857142857142,0,1,0,320492,285118,23236,84720,2.641057467857275,0.2290732699181804
13082,0.4162857142857143,0,1,0,320493,285117,23236,84720,2.6410482048241875,0.22907388930799244
13083,0.4163055555555556,1,0,1,320493,285117,23237,84719,2.6410482048241875,0.2290718047999654
13084,0.4163095238095238,0,3,0,320496,285114,23237,84719,2.641020415724925,0.22907366297761422
13085,0.4163333333333333,3,27,3,320523,285087,23240,84716,2.640770313831561,0.2290841339848514
13086,0.4163333333333334,1,2,1,320525,285085,23241,84715,2.640751787765386,0.22908328826392646
13087,0.4163492063492064,1,0,1,320525,285085,23242,84714,2.640751787765386,0.2290812035727517
13088,0.4163730158730158,0,1,0,320526,285084,23242,84714,2.6407425247322984,0.22908182304934044
13089,0.4163809523809524,0,3,0,320529,285081,23242,84714,2.640714735633036,0.22908368149920902
13090,0.4164285714285713,0,4,0,320533,285077,23242,84714,2.6406776835006855,0.22908615947927344
13091,0.4164466089466089,0,2,0,320535,285075,23242,84714,2.64065915743451,0.22908739848940882
13092,0.4164761904761904,0,2,0,320537,285073,23242,84714,2.6406406313683353,0.22908863751294664
13093,0.4164999999999999,0,2,0,320539,285071,23242,84714,2.6406221053021603,0.2290898765498871
13094,0.4165,2,34,2,320573,285037,23244,84712,2.640307162177183,0.22910677243210936
13095,0.4165238095238094,0,1,0,320574,285036,23244,84712,2.640297899144096,0.22910739206162034
13096,0.416547619047619,0,1,0,320575,285035,23244,84712,2.6402886361110083,0.22910801169448297
13097,0.4165555555555555,0,1,0,320576,285034,23244,84712,2.6402793730779206,0.22910863133069728
13098,0.4165833333333333,0,1,0,320577,285033,23244,84712,2.640270110044833,0.2291092509702633
13099,0.4166071428571428,0,1,0,320578,285032,23244,84712,2.6402608470117457,0.229109870613181
13100,0.4166190476190476,1,0,1,320578,285032,23245,84711,2.6402608470117457,0.22910778567816023
13101,0.4166428571428571,0,1,0,320579,285031,23245,84711,2.640251583978658,0.2291084053204667
13102,0.4166428571428572,1,1,1,320580,285030,23246,84710,2.6402423209455703,0.22910694001190027
13103,0.4166547619047619,0,2,0,320582,285028,23246,84710,2.6402237948793954,0.22910817930534594
13104,0.4166666666666666,45,399,45,320981,284629,23291,84665,2.6365278446774614,0.22926178058674118
13105,0.4166666666666667,50,385,50,321366,284244,23341,84615,2.6329615769387527,0.22939659870031637
13106,0.4167142857142857,0,4,0,321370,284240,23341,84615,2.632924524806403,0.2293990863618495
13107,0.4167222222222221,1,2,1,321372,284238,23342,84614,2.6329059987402275,0.22939824102892217
13108,0.4167857142857142,0,1,0,321373,284237,23342,84614,2.63289673570714,0.22939886295550235
13109,0.4167857142857143,0,4,0,321377,284233,23342,84614,2.63285968357479,0.22940135069554585
13110,0.4167985347985348,0,1,0,321378,284232,23342,84614,2.6328504205417023,0.22940197263898754
13111,0.4168030303030303,2,1,2,321379,284231,23344,84612,2.6328411575086146,0.2293984161282714
13112,0.4168123543123543,0,1,0,321380,284230,23344,84612,2.632831894475527,0.22939903807050174
13113,0.4168333333333333,0,4,0,321384,284226,23344,84612,2.632794842343177,0.22940152587314755
13114,0.4168333333333334,0,17,0,321401,284209,23344,84612,2.6326373707806883,0.229412099636409
13115,0.4168452380952381,0,1,0,321402,284208,23344,84612,2.632628107747601,0.2294127216528388
13116,0.4168571428571428,0,1,0,321403,284207,23344,84612,2.6326188447145134,0.2294133436726416
13117,0.4169047619047618,0,1,0,321404,284206,23344,84612,2.6326095816814257,0.22941396569581746
13118,0.4169047619047619,0,2,0,321406,284204,23344,84612,2.6325910556152508,0.2294152097522884
13119,0.4169285714285714,0,1,0,321407,284203,23344,84612,2.632581792582163,0.22941583178558356
13120,0.416952380952381,0,1,0,321408,284202,23344,84612,2.6325725295490754,0.22941645382225187
13121,0.416954051796157,0,1,0,321409,284201,23344,84612,2.632563266515988,0.22941707586229335
13122,0.4169696969696969,0,1,0,321410,284200,23344,84612,2.6325540034829005,0.22941769790570807
13123,0.4169841269841269,0,1,0,321411,284199,23344,84612,2.632544740449813,0.22941831995249598
13124,0.417,7,57,7,321468,284142,23351,84605,2.632016747563822,0.22943915475922516
13125,0.4170238095238094,0,1,0,321469,284141,23351,84605,2.632007484530735,0.22943977697385193
13126,0.4170238095238096,0,1,0,321470,284140,23351,84605,2.631998221497647,0.22944039919185344
13127,0.4170476190476191,0,1,0,321471,284139,23351,84605,2.6319889584645595,0.22944102141322978
13128,0.4170725108225108,1,0,1,321471,284139,23352,84604,2.6319889584645595,0.2294389317220937
13129,0.4170833333333333,0,5,0,321476,284134,23352,84604,2.631942643299122,0.22944204285969985
13130,0.4170873015873016,0,1,0,321477,284133,23352,84604,2.6319333802660343,0.22944266509734582
13131,0.4170952380952381,0,3,0,321480,284130,23352,84604,2.6319055911667717,0.22944453183053368
13132,0.4170952380952382,1,0,1,321480,284130,23353,84603,2.6319055911667717,0.2294424420922456
13133,0.4171428571428571,2,14,2,321494,284116,23355,84601,2.631775908703546,0.2294469742376945
13134,0.4171666666666666,1,4,1,321498,284112,23356,84600,2.6317388565711957,0.2294473735598516
13135,0.4171666666666667,0,5,0,321503,284107,23356,84600,2.6316925414057577,0.22945048507351365
13136,0.4172142857142857,0,4,0,321507,284103,23356,84600,2.631655489273408,0.22945297434520467
13137,0.4172380952380952,0,1,0,321508,284102,23356,84600,2.63164622624032,0.22945359667156673
13138,0.4172777777777777,0,1,0,321509,284101,23356,84600,2.6316369632072325,0.22945421900130458
13139,0.417281746031746,0,1,0,321510,284100,23356,84600,2.631627700174145,0.22945484133441824
13140,0.4172857142857142,0,1,0,321511,284099,23356,84600,2.6316184371410576,0.22945546367090772
13141,0.4173037101787102,1,0,1,321511,284099,23357,84599,2.6316184371410576,0.2294533737638935
13142,0.4173095238095238,0,1,0,321512,284098,23357,84599,2.63160917410797,0.2294539960997784
13143,0.4173333333333333,9,59,9,321571,284039,23366,84590,2.6310626551558043,0.22947190807017354
13144,0.4173571428571428,0,1,0,321572,284038,23366,84590,2.6310533921227166,0.2294725305728268
13145,0.4173809523809523,0,1,0,321573,284037,23366,84590,2.631044129089629,0.2294731530788575
13146,0.4173809523809524,1,6,1,321579,284031,23367,84589,2.6309885508911037,0.22947479789485106
13147,0.4174047619047619,0,1,0,321580,284030,23367,84589,2.630979287858016,0.22947542042054261
13148,0.4174166666666666,0,1,0,321581,284029,23367,84589,2.630970024824929,0.2294760429496118
13149,0.4174404761904761,1,0,1,321581,284029,23368,84588,2.630970024824929,0.22947395263918918
13150,0.4174444444444444,1,0,1,321581,284029,23369,84587,2.630970024824929,0.22947186231742517
13151,0.4174523809523808,0,3,0,321584,284026,23369,84587,2.630942235725666,0.22947372990100728
13152,0.4174523809523809,0,1,0,321585,284025,23369,84587,2.6309329726925785,0.22947435243562336
13153,0.4174603174603175,0,1,0,321586,284024,23369,84587,2.630923709659491,0.22947497497361719
13154,0.4174999999999999,1,8,1,321594,284016,23370,84586,2.6308496053947903,0.22947786501429726
13155,0.4175,45,361,45,321955,283655,23415,84541,2.6275056504501832,0.22960868667774773
13156,0.4175000000000001,1,15,1,321970,283640,23416,84540,2.6273667049538703,0.22961594872073443
13157,0.4175238095238095,0,1,0,321971,283639,23416,84540,2.6273574419207826,0.22961657237376384
13158,0.417547619047619,0,1,0,321972,283638,23416,84540,2.627348178887695,0.22961719603018105
13159,0.4175555555555556,0,1,0,321973,283637,23416,84540,2.627338915854607,0.22961781968998607
13160,0.4175714285714285,0,1,0,321974,283636,23416,84540,2.62732965282152,0.2296184433531789
13161,0.4175714285714286,0,1,0,321975,283635,23416,84540,2.6273203897884323,0.22961906701975962
13162,0.4176666666666666,6,28,6,322003,283607,23422,84534,2.627061024861981,0.22962397559630685
13163,0.4176666666666667,1,7,1,322010,283600,23423,84533,2.626996183630368,0.22962624920884572
13164,0.4177142857142857,0,1,0,322011,283599,23423,84533,2.6269869205972802,0.22962687296947834
13165,0.4177142857142858,0,1,0,322012,283598,23423,84533,2.626977657564193,0.22962749673349975
13166,0.4177272727272727,0,1,0,322013,283597,23423,84533,2.6269683945311053,0.22962812050091
13167,0.4177380952380952,0,1,0,322014,283596,23423,84533,2.6269591314980176,0.2296287442717091
13168,0.41775,0,2,0,322016,283594,23423,84533,2.6269406054318427,0.22962999182347396
13169,0.4177777777777777,0,1,0,322017,283593,23423,84533,2.626931342398755,0.2296306156044398
13170,0.4177777777777778,1,0,1,322017,283593,23424,84532,2.626931342398755,0.22962852292020375
13171,0.4177857142857143,0,1,0,322018,283592,23424,84532,2.6269220793656674,0.22962914670056828
13172,0.4178333333333333,0,15,0,322033,283577,23424,84532,2.6267831338693544,0.22963850381272938
13173,0.4178333333333334,0,7,0,322040,283570,23424,84532,2.6267182926377415,0.22964287072604875
13174,0.4178571428571428,1,3,1,322043,283567,23425,84531,2.6266905035384784,0.2296426495118148
13175,0.4178974358974359,0,1,0,322044,283566,23425,84531,2.626681240505391,0.22964327337631113
13176,0.4179166666666666,0,3,0,322047,283563,23425,84531,2.6266534514061286,0.22964514499013838
13177,0.4179166666666667,0,3,0,322050,283560,23425,84531,2.6266256623068656,0.22964701663447354
13178,0.4179285714285714,0,1,0,322051,283559,23425,84531,2.6266163992737783,0.22964764052269826
13179,0.4179999999999999,1,0,1,322051,283559,23426,84530,2.6266163992737783,0.22964554768004478
13180,0.418,15,80,15,322131,283479,23441,84515,2.625875356626774,0.2296640706098469
13181,0.418095238095238,0,1,0,322132,283478,23441,84515,2.6258660935936864,0.22966469470886675
13182,0.4180952380952381,0,2,0,322134,283476,23441,84515,2.625847567527511,0.2296659429170822
13183,0.4180952380952382,1,0,1,322134,283476,23442,84514,2.625847567527511,0.22966384956112937
13184,0.4181428571428571,0,2,0,322136,283474,23442,84514,2.625829041461336,0.22966509777492744
13185,0.4181666666666666,3,21,3,322157,283453,23445,84511,2.6256345177664975,0.22967192442738962
13186,0.4181666666666667,0,6,0,322163,283447,23445,84511,2.6255789395679723,0.22967566950575882
13187,0.4181969696969697,0,1,0,322164,283446,23445,84511,2.6255696765348846,0.22967629369736137
13188,0.4182142857142857,1,4,1,322168,283442,23446,84510,2.6255326244025343,0.2296766969604731
13189,0.4182261904761905,0,1,0,322169,283441,23446,84510,2.6255233613694466,0.22967732116504644
13190,0.41825,0,3,0,322172,283438,23446,84510,2.625495572270184,0.2296791937991238
13191,0.4182539682539682,0,1,0,322173,283437,23446,84510,2.625486309237097,0.22967981801726878
13192,0.4182539682539683,0,1,0,322174,283436,23446,84510,2.625477046204009,0.2296804422388068
13193,0.4182619047619048,0,1,0,322175,283435,23446,84510,2.6254677831709214,0.2296810664637378
13194,0.4182857142857142,0,1,0,322176,283434,23446,84510,2.6254585201378338,0.22968169069206185
13195,0.4182857142857143,0,3,0,322179,283431,23446,84510,2.625430731038571,0.22968356339739252
13196,0.4182871572871572,0,2,0,322181,283429,23446,84510,2.6254122049723962,0.2296848118845787
13197,0.4183055555555555,0,2,0,322183,283427,23446,84510,2.625393678906221,0.2296860603853377
13198,0.4183333333333333,52,432,52,322615,282995,23498,84458,2.621392048612398,0.22984708248401836
13199,0.4183333333333334,0,2,0,322617,282993,23498,84458,2.6213735225462225,0.22984833351929917
13200,0.4183809523809523,0,1,0,322618,282992,23498,84458,2.621364259513135,0.22984895904204652
13201,0.4183928571428572,0,1,0,322619,282991,23498,84458,2.6213549964800476,0.22984958456819857
13202,0.4184166666666666,0,1,0,322620,282990,23498,84458,2.62134573344696,0.22985021009775533
13203,0.4184523809523809,1,0,1,322620,282990,23499,84457,2.62134573344696,0.22984811414979575
13204,0.4184545454545454,1,0,1,322620,282990,23500,84456,2.62134573344696,0.229846018190428
13205,0.4184935064935064,0,1,0,322621,282989,23500,84456,2.621336470413872,0.229846643715386
13206,0.4184999999999999,0,5,0,322626,282984,23500,84456,2.6212901552484347,0.22984977139124754
13207,0.4185,2,19,2,322645,282965,23502,84454,2.621114157619771,0.2298574651828022
13208,0.4185000000000001,0,1,0,322646,282964,23502,84454,2.6211048945866833,0.22985809078488262
13209,0.418517316017316,0,4,0,322650,282960,23502,84454,2.6210678424543334,0.22986059322725863
13210,0.4185213675213673,0,1,0,322651,282959,23502,84454,2.6210585794212458,0.22986121884636634
13211,0.4185238095238096,0,1,0,322652,282958,23502,84454,2.621049316388158,0.2298618444688796
13212,0.4185357142857142,0,1,0,322653,282957,23502,84454,2.6210400533550704,0.22986247009479846
13213,0.4185714285714285,0,3,0,322656,282954,23502,84454,2.621012264255808,0.22986434699298872
13214,0.4185714285714286,1,8,1,322664,282946,23503,84453,2.6209381599911077,0.22986725603499192
13215,0.4185833333333333,0,1,0,322665,282945,23503,84453,2.62092889695802,0.22986788169777733
13216,0.4185952380952381,1,1,1,322666,282944,23504,84452,2.6209196339249323,0.2298664111748631
13217,0.4186111111111111,0,1,0,322667,282943,23504,84452,2.6209103708918446,0.2298670368404578
13218,0.4186666666666666,0,5,0,322672,282938,23504,84452,2.620864055726407,0.2298701652195215
13219,0.4186666666666667,1,30,1,322702,282908,23505,84451,2.6205861647337803,0.22988684093761144
13220,0.4186904761904761,0,2,0,322704,282906,23505,84451,2.6205676386676053,0.22988809250946626
13221,0.4186904761904762,1,1,1,322705,282905,23506,84450,2.6205583756345177,0.22988662193246315
13222,0.4187142857142856,0,2,0,322707,282903,23506,84450,2.6205398495683427,0.22988787351675363
13223,0.4187261904761903,0,3,0,322710,282900,23506,84450,2.62051206046908,0.22988975091874234
13224,0.4187499999999999,0,2,0,322712,282898,23506,84450,2.620493534402905,0.2298910025371038
13225,0.41875,0,5,0,322717,282893,23506,84450,2.6204472192374673,0.22989413164263373
13226,0.4187857142857143,0,1,0,322718,282892,23506,84450,2.6204379562043796,0.2298947574739616
13227,0.418797619047619,0,3,0,322721,282889,23506,84450,2.620410167105117,0.22989663498838947
13228,0.4188095238095238,0,1,0,322722,282888,23506,84450,2.6204009040720293,0.22989726083334694
13229,0.4188333333333333,3,11,3,322733,282877,23509,84447,2.620299010708066,0.22989785584388714
13230,0.4188333333333334,0,1,0,322734,282876,23509,84447,2.620289747674979,0.22989848171772528
13231,0.4188571428571429,0,1,0,322735,282875,23509,84447,2.6202804846418912,0.22989910759497117
13232,0.4188888888888888,0,2,0,322737,282873,23509,84447,2.620261958575716,0.2299003593596864
13233,0.4188928571428571,0,1,0,322738,282872,23509,84447,2.6202526955426286,0.22990098524715574
13234,0.4189166666666666,0,1,0,322739,282871,23509,84447,2.620243432509541,0.22990161113803298
13235,0.4189285714285714,0,2,0,322741,282869,23509,84447,2.620224906443366,0.22990286293001122
13236,0.4189285714285715,0,3,0,322744,282866,23509,84447,2.620197117344103,0.22990474064353836
13237,0.4189523809523809,0,1,0,322745,282865,23509,84447,2.6201878543110158,0.22990536655486343
13238,0.4189999999999999,0,1,0,322746,282864,23509,84447,2.620178591277928,0.22990599246959662
13239,0.419,10,75,10,322821,282789,23519,84437,2.6194838637963613,0.2299319764940391
13240,0.4190238095238096,0,1,0,322822,282788,23519,84437,2.619474600763274,0.22993260262781673
13241,0.419047619047619,1,5,1,322827,282783,23520,84436,2.619428285597836,0.22993363633145344
13242,0.4190476190476191,0,2,0,322829,282781,23520,84436,2.619409759531661,0.22993488863533007
13243,0.4190638528138529,0,3,0,322832,282778,23520,84436,2.619381970432398,0.22993676711672212
13244,0.4190833333333333,0,1,0,322833,282777,23520,84436,2.619372707399311,0.22993739328400684
13245,0.4191428571428571,0,1,0,322834,282776,23520,84436,2.6193634443662233,0.2299380194547019
13246,0.4191666666666666,19,81,19,322915,282695,23539,84417,2.6186131386861313,0.22994889842881736
13247,0.4191666666666667,8,53,8,322968,282642,23547,84409,2.618122197932491,0.22996531817104435
13248,0.4192261904761905,0,1,0,322969,282641,23547,84409,2.6181129348994037,0.22996594469418336
13249,0.4192499999999999,1,0,1,322969,282641,23548,84408,2.6181129348994037,0.22996384678884835
13250,0.4192777777777778,0,5,0,322974,282636,23548,84408,2.6180666197339657,0.22996697943570799
13251,0.4192857142857143,0,12,0,322986,282624,23548,84408,2.617955463336915,0.22997449813640228
13252,0.4192882117882117,0,7,0,322993,282617,23548,84408,2.617890622105302,0.22997888427218854
13253,0.4193333333333333,3,12,3,323005,282605,23551,84405,2.6177794657082516,0.22998010953380016
13254,0.4193333333333334,6,42,6,323047,282563,23557,84399,2.6173904183185743,0.2299938413241698
13255,0.4193571428571427,0,2,0,323049,282561,23557,84399,2.617371892252399,0.22999509483322433
13256,0.4193809523809523,0,2,0,323051,282559,23557,84399,2.617353366186224,0.22999634835594265
13257,0.4193809523809524,1,0,1,323051,282559,23558,84398,2.617353366186224,0.22999425000749407
13258,0.4193939393939394,0,1,0,323052,282558,23558,84398,2.6173441031531364,0.22999487676996697
13259,0.4194047619047619,0,1,0,323053,282557,23558,84398,2.6173348401200487,0.2299955035358559
13260,0.4194166666666666,1,2,1,323055,282555,23559,84397,2.6173163140538738,0.22999465870195557
13261,0.4194444444444444,0,1,0,323056,282554,23559,84397,2.617307051020786,0.22999528547408238
13262,0.4195,2,22,2,323078,282532,23561,84395,2.61710326429286,0.23000487835455008
13263,0.4195039682539683,0,1,0,323079,282531,23561,84395,2.6170940012597725,0.23000550519723323
13264,0.4195238095238094,0,3,0,323082,282528,23561,84395,2.61706621216051,0.23000738574578317
13265,0.4195277777777778,0,2,0,323084,282526,23561,84395,2.6170476860943346,0.2300086394619005
13266,0.419547619047619,0,1,0,323085,282525,23561,84395,2.6170384230612473,0.23000926632508448
13267,0.4195476190476191,1,0,1,323085,282525,23562,84394,2.6170384230612473,0.23000716779452685
13268,0.4195714285714285,0,4,0,323089,282521,23562,84394,2.617001370928897,0.23000967526538843
13269,0.4195833333333333,0,5,0,323094,282516,23562,84394,2.616955055763459,0.23001280968084817
13270,0.4196428571428571,0,1,0,323095,282515,23562,84394,2.6169457927303714,0.23001343657419143
13271,0.4196666666666666,4,7,4,323102,282508,23566,84390,2.6168809514987585,0.2300094304139025
13272,0.4196666666666667,2,21,2,323123,282487,23568,84388,2.61668642780392,0.230018398637138
13273,0.4196796536796537,0,1,0,323124,282486,23568,84388,2.6166771647708327,0.23001902560552123
13274,0.4197142857142857,0,3,0,323127,282483,23568,84388,2.61664937567157,0.23002090653117854
13275,0.41975,0,3,0,323130,282480,23568,84388,2.616621586572307,0.23002278748759772
13276,0.4197619047619047,0,3,0,323133,282477,23568,84388,2.6165937974730444,0.23002466847477956
13277,0.4197857142857142,1,0,1,323133,282477,23569,84387,2.6165937974730444,0.23002256967159493
13278,0.4198095238095238,0,2,0,323135,282475,23569,84387,2.6165752714068695,0.2300238236721165
13279,0.4198333333333333,2,16,2,323151,282459,23571,84385,2.6164270628774684,0.23002965838340003
13280,0.4198571428571429,0,1,0,323152,282458,23571,84385,2.616417799844381,0.23003028543545875
13281,0.4198809523809523,1,2,1,323154,282456,23572,84384,2.616399273778206,0.23002944062806674
13282,0.4198809523809524,0,1,0,323155,282455,23572,84384,2.6163900107451186,0.23003006768636922
13283,0.4199209956709956,1,0,1,323155,282455,23573,84383,2.6163900107451186,0.23002796874914813
13284,0.4199285714285714,0,1,0,323156,282454,23573,84383,2.616380747712031,0.230028595806857
13285,0.4199285714285715,0,1,0,323157,282453,23573,84383,2.616371484678943,0.2300292228679846
13286,0.4199999999999999,6,40,6,323197,282413,23579,84377,2.6160009633554413,0.23004171324190953
13287,0.42,444,3494,444,326691,278919,24023,83933,2.5836359257475268,0.2313146957988381
13288,0.4200000000000001,2,20,2,326711,278899,24025,83931,2.583450665085776,0.23132320921643745
13289,0.420047619047619,0,1,0,326712,278898,24025,83931,2.583441402052688,0.23132384677079285
13290,0.4200606060606059,1,3,1,326715,278895,24026,83930,2.5834136129534255,0.23132364087369944
13291,0.4200833333333333,0,1,0,326716,278894,24026,83930,2.583404349920338,0.23132427843803055
13292,0.4200952380952381,0,1,0,326717,278893,24026,83930,2.58339508688725,0.23132491600587615
13293,0.4201190476190475,0,1,0,326718,278892,24026,83930,2.583385823854163,0.23132555357723622
13294,0.4201190476190476,0,1,0,326719,278891,24026,83930,2.5833765608210753,0.2313261911521108
13295,0.420121212121212,0,1,0,326720,278890,24026,83930,2.5833672977879876,0.23132682873049998
13296,0.4201428571428571,0,1,0,326721,278889,24026,83930,2.5833580347549003,0.2313274663124037
13297,0.4201666666666666,0,12,0,326733,278877,24026,83930,2.5832468783578495,0.2313351175693964
13298,0.4201666666666667,1,1,1,326734,278876,24027,83929,2.583237615324762,0.23133363652650873
13299,0.4201904761904761,0,1,0,326735,278875,24027,83929,2.5832283522916746,0.23133427415353744
13300,0.4202142857142856,1,0,1,326735,278875,24028,83928,2.5832283522916746,0.23133215546729216
13301,0.4202142857142857,0,1,0,326736,278874,24028,83928,2.583219089258587,0.23133279309375362
13302,0.4202435064935064,0,1,0,326737,278873,24028,83928,2.583209826225499,0.23133343072373008
13303,0.42025,0,2,0,326739,278871,24028,83928,2.5831913001593243,0.2313347059942282
13304,0.4202619047619048,0,2,0,326741,278869,24028,83928,2.583172774093149,0.23133598127878677
13305,0.4202857142857142,0,1,0,326742,278868,24028,83928,2.5831635110600617,0.23133661892633878
13306,0.4202857142857143,0,1,0,326743,278867,24028,83928,2.583154248026974,0.23133725657740598
13307,0.4203095238095238,0,1,0,326744,278866,24028,83928,2.5831449849938863,0.2313378942319884
13308,0.4203333333333333,0,20,0,326764,278846,24028,83928,2.5829597243321354,0.23135064806187874
13309,0.4203333333333334,2,5,2,326769,278841,24030,83926,2.5829134091666974,0.2313495990539382
13310,0.4203571428571429,0,3,0,326772,278838,24030,83926,2.582885620067435,0.2313515122779548
13311,0.4203809523809523,0,1,0,326773,278837,24030,83926,2.582876357034347,0.23135215002632573
13312,0.4204166666666666,0,3,0,326776,278834,24030,83926,2.5828485679350845,0.23135406329253502
13313,0.4204212454212454,0,1,0,326777,278833,24030,83926,2.5828393049019973,0.23135470105497039
13314,0.4204444444444444,0,2,0,326779,278831,24030,83926,2.582820778835822,0.2313559765903897
13315,0.4204523809523809,0,1,0,326780,278830,24030,83926,2.5828115158027343,0.23135661436337374
13316,0.4204615384615385,0,2,0,326782,278828,24030,83926,2.5827929897365594,0.23135788991989062
13317,0.4204761904761904,1,0,1,326782,278828,24031,83925,2.5827929897365594,0.23135577100671806
13318,0.4204761904761905,0,6,0,326788,278822,24031,83925,2.582737411538034,0.23135959773616321
13319,0.4204783549783549,0,2,0,326790,278820,24031,83925,2.582718885471859,0.23136087334077657
13320,0.4205,2,21,2,326811,278799,24033,83923,2.58252436177702,0.23137002994028485
13321,0.4205238095238095,0,1,0,326812,278798,24033,83923,2.582515098743933,0.23137066781355367
13322,0.4205238095238096,0,1,0,326813,278797,24033,83923,2.5825058357108452,0.23137130569033965
13323,0.4205555555555555,0,1,0,326814,278796,24033,83923,2.5824965726777576,0.23137194357064284
13324,0.4205714285714286,0,1,0,326815,278795,24033,83923,2.58248730964467,0.23137258145446324
13325,0.4205833333333333,0,2,0,326817,278793,24033,83923,2.582468783578495,0.23137385723265586
13326,0.4205844155844155,0,1,0,326818,278792,24033,83923,2.5824595205454073,0.2313744951270281
13327,0.420595238095238,0,3,0,326821,278789,24033,83923,2.5824317314461447,0.23137640883124905
13328,0.4205952380952381,0,1,0,326822,278788,24033,83923,2.582422468413057,0.23137704673969084
13329,0.4206111111111111,0,1,0,326823,278787,24033,83923,2.5824132053799698,0.23137768465165007
13330,0.4206190476190476,0,1,0,326824,278786,24033,83923,2.582403942346882,0.23137832256712682
13331,0.420626984126984,0,2,0,326826,278784,24033,83923,2.582385416280707,0.23137959840863287
13332,0.4206666666666666,2,36,2,326862,278748,24035,83921,2.582051947089555,0.2313983274004671
13333,0.4206666666666667,3,15,3,326877,278733,24038,83918,2.5819130015932417,0.23140154032389268
13334,0.4207142857142857,2,13,2,326890,278720,24040,83916,2.5817925821631036,0.23140559679678796
13335,0.4207777777777778,0,1,0,326891,278719,24040,83916,2.581783319130016,0.23140623491940931
13336,0.4207857142857143,0,1,0,326892,278718,24040,83916,2.5817740560969282,0.23140687304555005
13337,0.4208076923076922,0,1,0,326893,278717,24040,83916,2.581764793063841,0.2314075111752102
13338,0.4208333333333332,0,1,0,326894,278716,24040,83916,2.5817555300307533,0.23140814930838977
13339,0.4208333333333333,23,160,23,327054,278556,24063,83893,2.580273444736745,0.231461529760049
13340,0.4208333333333334,0,2,0,327056,278554,24063,83893,2.5802549186705694,0.23146280697591648
13341,0.4208452380952381,0,1,0,327057,278553,24063,83893,2.5802456556374818,0.23146344558913604
13342,0.4208571428571429,0,1,0,327058,278552,24063,83893,2.5802363926043945,0.23146408420587952
13343,0.4208809523809523,1,0,1,327058,278552,24064,83892,2.5802363926043945,0.2314619637792321
13344,0.4208928571428572,0,1,0,327059,278551,24064,83892,2.580227129571307,0.23146260239541114
13345,0.4209047619047619,0,1,0,327060,278550,24064,83892,2.580217866538219,0.23146324101511415
13346,0.4209523809523808,0,1,0,327061,278549,24064,83892,2.580208603505132,0.23146387963834114
13347,0.4209523809523809,1,5,1,327066,278544,24065,83891,2.580162288339694,0.23146495233628098
13348,0.4209761904761905,0,2,0,327068,278542,24065,83891,2.580143762273519,0.23146622962037122
13349,0.4209999999999999,0,8,0,327076,278534,24065,83891,2.5800696580088185,0.23147133889770297
13350,0.421,9,72,9,327148,278462,24074,83882,2.5794027196265144,0.23149824476188374
13351,0.4210000000000001,1,6,1,327154,278456,24075,83881,2.579347141427989,0.23149995722214403
13352,0.421047619047619,0,1,0,327155,278455,24075,83881,2.5793378783949015,0.2315005961317672
13353,0.4210714285714286,1,1,1,327156,278454,24076,83880,2.5793286153618142,0.23149911407706703
13354,0.4210833333333333,0,2,0,327158,278452,24076,83880,2.579310089295639,0.231500391905766
13355,0.421111111111111,0,2,0,327160,278450,24076,83880,2.579291563229464,0.23150166974857175
13356,0.4211111111111111,0,1,0,327161,278449,24076,83880,2.5792823001963763,0.23150230867526475
13357,0.4211666666666666,1,6,1,327167,278443,24077,83879,2.579226721997851,0.23150402128493439
13358,0.4211666666666667,0,14,0,327181,278429,24077,83879,2.5790970395346253,0.23151296686796868
13359,0.4211904761904762,0,1,0,327182,278428,24077,83879,2.5790877765015376,0.23151360586463965
13360,0.4212014652014653,1,1,1,327183,278427,24078,83878,2.57907851346845,0.23151212376312774
13361,0.4212142857142858,0,2,0,327185,278425,24078,83878,2.579059987402275,0.23151340176592522
13362,0.4212272727272726,0,1,0,327186,278424,24078,83878,2.5790507243691874,0.23151404077261512
13363,0.42125,1,2,1,327188,278422,24079,83877,2.5790321983030124,0.231513197662704
13364,0.4212554112554112,0,1,0,327189,278421,24079,83877,2.5790229352699248,0.2315138366758856
13365,0.4212987012987013,0,2,0,327191,278419,24079,83877,2.57900440920375,0.2315151147128315
13366,0.4213095238095237,0,1,0,327192,278418,24079,83877,2.578995146170662,0.23151575373659586
13367,0.4213095238095238,2,0,2,327192,278418,24081,83875,2.578995146170662,0.23151151140099313
13368,0.4213293650793651,1,1,1,327193,278417,24082,83874,2.5789858831375745,0.2315100292306461
13369,0.4213333333333333,7,37,7,327230,278380,24089,83867,2.578643150913335,0.2315188255527306
13370,0.4213333333333334,1,1,1,327231,278379,24090,83866,2.5786338878802475,0.2315173432345512
13371,0.4213474025974026,1,0,1,327231,278379,24091,83865,2.5786338878802475,0.23151522178421174
13372,0.4213571428571429,0,1,0,327232,278378,24091,83865,2.57862462484716,0.2315158609000036
13373,0.4213636363636364,0,1,0,327233,278377,24091,83865,2.5786153618140726,0.2315165000193241
13374,0.4213690476190476,1,0,1,327233,278377,24092,83864,2.5786153618140726,0.2315143785490875
13375,0.4213809523809523,1,6,1,327239,278371,24093,83863,2.578559783615547,0.23151609180805777
13376,0.4213809523809524,0,1,0,327240,278370,24093,83863,2.5785505205824597,0.23151673094389522
13377,0.4213888888888888,0,2,0,327242,278368,24093,83863,2.5785319945162843,0.23151800922615678
13378,0.4214166666666666,0,3,0,327245,278365,24093,83863,2.5785042054170217,0.2315199266760162
13379,0.4214285714285714,1,3,1,327248,278362,24094,83862,2.578476416317759,0.23151972260258846
13380,0.4214285714285715,0,3,0,327251,278359,24094,83862,2.5784486272184965,0.2315216401036936
13381,0.4214404761904762,0,1,0,327252,278358,24094,83862,2.578439364185409,0.23152227927778699
13382,0.4214523809523809,0,2,0,327254,278356,24094,83862,2.578420838119234,0.2315235576365614
13383,0.4214761904761905,0,1,0,327255,278355,24094,83862,2.5784115750861463,0.2315241968212425
13384,0.4214999999999999,1,3,1,327258,278352,24095,83861,2.5783837859868837,0.23152399278877345
13385,0.4215,6,34,6,327292,278318,24101,83855,2.5780688428619065,0.23153299666181631
13386,0.4215238095238096,1,0,1,327292,278318,24102,83854,2.5780688428619065,0.2315308748329523
13387,0.4215562770562771,0,3,0,327295,278315,24102,83854,2.578041053762644,0.23153279270174973
13388,0.421579365079365,0,2,0,327297,278313,24102,83854,2.578022527696469,0.23153407129859982
13389,0.4215833333333333,0,1,0,327298,278312,24102,83854,2.5780132646633813,0.23153471060232048
13390,0.4215952380952381,0,2,0,327300,278310,24102,83854,2.5779947385972064,0.2315359892203532
13391,0.4216060606060605,0,1,0,327301,278309,24102,83854,2.5779854755641187,0.23153662853466533
13392,0.4216547619047619,0,1,0,327302,278308,24102,83854,2.577976212531031,0.231537267852508
13393,0.4216666666666666,34,254,34,327556,278054,24136,83820,2.5756234021267925,0.23162758308140402
13394,0.4216666666666667,30,223,30,327779,277831,24166,83790,2.5735577457482677,0.2317066763268726
13395,0.4217142857142857,0,1,0,327780,277830,24166,83790,2.5735484827151804,0.23170731707317074
13396,0.4217222222222221,1,0,1,327780,277830,24167,83789,2.5735484827151804,0.23170519248158974
13397,0.4217619047619048,0,1,0,327781,277829,24167,83789,2.5735392196820928,0.2317058332273283
13398,0.4217738095238095,0,2,0,327783,277827,24167,83789,2.5735206936159174,0.23170711472943675
13399,0.4217857142857142,1,0,1,327783,277827,24168,83788,2.5735206936159174,0.23170499011379506
13400,0.4217857142857143,0,4,0,327787,277823,24168,83788,2.5734836414835676,0.2317075531441245
13401,0.4217893772893773,0,1,0,327788,277822,24168,83788,2.57347437845048,0.23170819391056663
13402,0.4218095238095238,1,0,1,327788,277822,24169,83787,2.57347437845048,0.23170606926265663
13403,0.4218181818181818,0,1,0,327789,277821,24169,83787,2.573465115417392,0.23170671002853918
13404,0.4218333333333333,0,7,0,327796,277814,24169,83787,2.5734002741857793,0.23171119548895053
13405,0.4218333333333334,2,11,2,327807,277803,24171,83785,2.573298380821816,0.23171399493346018
13406,0.4218452380952381,0,1,0,327808,277802,24171,83785,2.573289117788729,0.23171463575847584
13407,0.4218571428571428,1,1,1,327809,277801,24172,83784,2.5732798547556412,0.23171315181769156
13408,0.4218776223776224,0,1,0,327810,277800,24172,83784,2.5732705917225536,0.23171379264569228
13409,0.4218809523809523,0,1,0,327811,277799,24172,83784,2.573261328689466,0.23171443347723758
13410,0.4219047619047618,0,1,0,327812,277798,24172,83784,2.5732520656563787,0.2317150743123275
13411,0.4219047619047619,1,5,1,327817,277793,24173,83783,2.5732057504909407,0.2317161537270173
13412,0.4219444444444445,0,1,0,327818,277792,24173,83783,2.573196487457853,0.23171679457927125
13413,0.4219999999999999,1,6,1,327824,277786,24174,83782,2.573140909259328,0.23171851491282414
13414,0.422,16,82,16,327906,277704,24190,83766,2.5723813405461486,0.2317370736160677
13415,0.4220039682539682,0,1,0,327907,277703,24190,83766,2.572372077513061,0.23173771471412485
13416,0.4220238095238094,0,2,0,327909,277701,24190,83766,2.5723535514468856,0.23173899692088074
13417,0.4220238095238096,0,1,0,327910,277700,24190,83766,2.5723442884137984,0.23173963802957956
13418,0.4220714285714286,0,1,0,327911,277699,24190,83766,2.5723350253807107,0.23174027914182563
13419,0.4220833333333333,0,6,0,327917,277693,24190,83766,2.5722794471821855,0.23174412588979662
13420,0.4221071428571429,0,1,0,327918,277692,24190,83766,2.572270184149098,0.2317447670268745
13421,0.4221428571428571,0,8,0,327926,277684,24190,83766,2.5721960798843972,0.2317498962512104
13422,0.4221507936507936,0,2,0,327928,277682,24190,83766,2.5721775538182223,0.2317511785927713
13423,0.4221575091575091,0,2,0,327930,277680,24190,83766,2.572159027752047,0.23175246094852342
13424,0.4221666666666666,0,4,0,327934,277676,24190,83766,2.572121975619697,0.23175502570260234
13425,0.4221666666666667,2,5,2,327939,277671,24192,83764,2.572075660454259,0.23175398066042305
13426,0.4221774891774891,0,1,0,327940,277670,24192,83764,2.5720663974211715,0.23175462186733956
13427,0.4221794871794871,0,1,0,327941,277669,24192,83764,2.5720571343880843,0.2317552630778042
13428,0.4221904761904761,0,1,0,327942,277668,24192,83764,2.5720478713549966,0.231755904291817
13429,0.4221969696969697,1,1,1,327943,277667,24193,83763,2.572038608321909,0.23175441994300416
13430,0.4222222222222222,0,2,0,327945,277665,24193,83763,2.572020082255734,0.23175570238055712
13431,0.42225,1,0,1,327945,277665,24194,83762,2.572020082255734,0.2317535767942074
13432,0.4222619047619048,0,1,0,327946,277664,24194,83762,2.5720108192226463,0.23175421801419932
13433,0.4222857142857142,0,2,0,327948,277662,24194,83762,2.5719922931564714,0.231755500464828
13434,0.4223095238095238,0,1,0,327949,277661,24194,83762,2.5719830301233837,0.23175614169546488
13435,0.4223333333333333,3,58,3,328007,277603,24197,83759,2.5714457742043053,0.23178696155102085
13436,0.4223333333333334,0,7,0,328014,277596,24197,83759,2.5713809329726924,0.23179145161959847
13437,0.4223560606060605,1,0,1,328014,277596,24198,83758,2.5713809329726924,0.23178932570277347
13438,0.4223611111111111,0,1,0,328015,277595,24198,83758,2.571371669939605,0.2317899671512344
13439,0.4223809523809523,0,3,0,328018,277592,24198,83758,2.571343880840342,0.2317918915179189
13440,0.4223809523809524,1,7,1,328025,277585,24199,83757,2.5712790396087293,0.23179425585733185
13441,0.4224761904761904,0,1,0,328026,277584,24199,83757,2.571269776575642,0.23179489734073908
13442,0.4224924242424241,0,1,0,328027,277583,24199,83757,2.5712605135425544,0.2317955388276969
13443,0.4224999999999999,5,9,5,328036,277574,24204,83752,2.5711771462447666,0.23179068209871417
13444,0.4225,52,374,52,328410,277200,24256,83700,2.567712771870021,0.23192019950124687
13445,0.4225000000000001,1,8,1,328418,277192,24257,83699,2.567638667605321,0.2319232122718494
13446,0.4225454545454545,0,1,0,328419,277191,24257,83699,2.567629404572233,0.2319238549142398
13447,0.422547619047619,0,3,0,328422,277188,24257,83699,2.5676016154729706,0.23192578286277976
13448,0.4225555555555555,0,1,0,328423,277187,24257,83699,2.567592352439883,0.2319264255194161
13449,0.4225883838383838,1,5,1,328428,277182,24258,83698,2.567546037274445,0.231927510529816
13450,0.4226190476190476,0,4,0,328432,277178,24258,83698,2.567508985142095,0.23193008124674402
13451,0.4226590909090909,0,1,0,328433,277177,24258,83698,2.5674997221090075,0.2319307239348805
13452,0.4226666666666666,5,45,5,328478,277132,24263,83693,2.5670828856200676,0.23194900575071017
13453,0.4226666666666667,0,7,0,328485,277125,24263,83693,2.5670180443884547,0.2319535056455055
13454,0.4227142857142856,0,2,0,328487,277123,24263,83693,2.5669995183222794,0.23195479136180214
13455,0.4227272727272727,0,2,0,328489,277121,24263,83693,2.5669809922561044,0.2319560770923523
13456,0.4227380952380952,0,1,0,328490,277120,24263,83693,2.5669717292230168,0.2319567199629725
13457,0.4227857142857143,0,1,0,328491,277119,24263,83693,2.566962466189929,0.2319573628371562
13458,0.4228333333333333,0,8,0,328499,277111,24263,83693,2.566888361925229,0.231962505958914
13459,0.4228333333333334,0,3,0,328502,277108,24263,83693,2.566860572825966,0.2319644346883739
13460,0.4228571428571428,1,11,1,328513,277097,24264,83692,2.566758679462003,0.2319693782238372
13461,0.4228787878787878,0,1,0,328514,277096,24264,83692,2.5667494164289155,0.2319700211758706
13462,0.4228888888888888,0,1,0,328515,277095,24264,83692,2.566740153395828,0.23197066413146816
13463,0.4229166666666667,0,3,0,328518,277092,24264,83692,2.5667123642965652,0.2319725930196461
13464,0.4229292929292929,0,1,0,328519,277091,24264,83692,2.5667031012634776,0.23197323598950062
13465,0.4229523809523809,0,1,0,328520,277090,24264,83692,2.5666938382303903,0.23197387896291943
13466,0.4229761904761905,0,2,0,328522,277088,24264,83692,2.566675312164215,0.23197516492045014
13467,0.4229880952380952,0,1,0,328523,277087,24264,83692,2.5666660491311273,0.23197580790456207
13468,0.4229978354978355,1,0,1,328523,277087,24265,83691,2.5666660491311273,0.23197367910460173
13469,0.423,9,49,9,328572,277038,24274,83682,2.566212160509837,0.23198602794411177
13470,0.4230238095238095,1,1,1,328573,277037,24275,83681,2.56620289747675,0.23198454194135032
13471,0.4230476190476189,1,0,1,328573,277037,24276,83680,2.56620289747675,0.2319824128056066
13472,0.423047619047619,0,1,0,328574,277036,24276,83680,2.566193634443662,0.23198305592211046
13473,0.4231190476190477,0,1,0,328575,277035,24276,83680,2.5661843714105745,0.2319836990421801
13474,0.4231428571428571,1,0,1,328575,277035,24277,83679,2.5661843714105745,0.231981569886392
13475,0.4231601731601732,0,1,0,328576,277034,24277,83679,2.5661751083774873,0.23198221300590774
13476,0.4231666666666666,0,6,0,328582,277028,24277,83679,2.5661195301789617,0.23198607179788583
13477,0.4231666666666667,0,1,0,328583,277027,24277,83679,2.5661102671458744,0.23198671494236303
13478,0.4232068633121264,0,1,0,328584,277026,24277,83679,2.5661010041127867,0.2319873580904063
13479,0.4232142857142856,0,1,0,328585,277025,24277,83679,2.566091741079699,0.2319880012420156
13480,0.4232142857142857,1,2,1,328587,277023,24278,83678,2.566073215013524,0.23198715833890118
13481,0.4232460317460317,0,1,0,328588,277022,24278,83678,2.5660639519804365,0.231987801497089
13482,0.42325,0,5,0,328593,277017,24278,83678,2.5660176368149985,0.23199101734152122
13483,0.4232619047619048,0,1,0,328594,277016,24278,83678,2.5660083737819113,0.23199166052110654
13484,0.4232777777777777,0,2,0,328596,277014,24278,83678,2.565989847715736,0.23199294689097624
13485,0.4233095238095237,0,1,0,328597,277013,24278,83678,2.5659805846826487,0.2319935900812607
13486,0.4233333333333333,85,721,85,329318,276292,24363,83593,2.559301937826522,0.23227697736777025
13487,0.4233333333333334,0,1,0,329319,276291,24363,83593,2.559292674793434,0.2322776227895655
13488,0.423392857142857,0,1,0,329320,276290,24363,83593,2.559283411760347,0.23227826821494763
13489,0.4234090909090909,0,1,0,329321,276289,24363,83593,2.5592741487272592,0.23227891364391662
13490,0.4234166666666666,0,1,0,329322,276288,24363,83593,2.5592648856941715,0.2322795590764725
13491,0.4234285714285715,0,1,0,329323,276287,24363,83593,2.5592556226610843,0.23228020451261533
13492,0.4234523809523809,0,3,0,329326,276284,24363,83593,2.5592278335618213,0.23228214084256565
13493,0.4234761904761905,0,3,0,329329,276281,24363,83593,2.5592000444625587,0.23228407720479946
13494,0.4235,4,20,4,329349,276261,24367,83589,2.5590147838008077,0.23228845352230096
13495,0.4235000000000001,1,0,1,329349,276261,24368,83588,2.5590147838008077,0.23228632009537334
13496,0.423570707070707,0,1,0,329350,276260,24368,83588,2.55900552076772,0.23228696560770104
13497,0.4235714285714286,0,4,0,329354,276256,24368,83588,2.5589684686353698,0.23228954769288915
13498,0.423611111111111,0,1,0,329355,276255,24368,83588,2.5589592056022825,0.23229019322315567
13499,0.4236190476190476,0,1,0,329356,276254,24368,83588,2.558949942569195,0.23229083875701
13500,0.4236190476190477,0,1,0,329357,276253,24368,83588,2.558940679536107,0.23229148429445226
13501,0.4236363636363636,1,0,1,329357,276253,24369,83587,2.558940679536107,0.2322893508225878
13502,0.4236428571428572,0,1,0,329358,276252,24369,83587,2.55893141650302,0.232289996359483
13503,0.4236666666666666,0,3,0,329361,276249,24369,83587,2.558903627403757,0.2322919329916962
13504,0.4236666666666667,1,28,1,329389,276221,24370,83586,2.5586442624773054,0.23230787616694507
13505,0.4236670274170273,1,0,1,329389,276221,24371,83585,2.5586442624773054,0.23230574253903494
13506,0.4236904761904762,1,1,1,329390,276220,24372,83584,2.558634999444218,0.2323042545385821
13507,0.4237142857142856,0,1,0,329391,276219,24372,83584,2.5586257364111304,0.2323049001814882
13508,0.4237222222222222,0,1,0,329392,276218,24372,83584,2.5586164733780428,0.23230554582798316
13509,0.4237261904761905,0,2,0,329394,276216,24372,83584,2.558597947311868,0.23230683713173986
13510,0.42375,2,6,2,329400,276210,24374,83582,2.5585423691133427,0.23230644372304
13511,0.4238095238095238,0,4,0,329404,276206,24374,83582,2.5585053169809924,0.23230902642667348
13512,0.4238333333333333,2,15,2,329419,276191,24376,83580,2.558366371484679,0.23231444446606314
13513,0.4238333333333334,0,1,0,329420,276190,24376,83580,2.5583571084515913,0.23231509019651445
13514,0.4238571428571429,0,1,0,329421,276189,24376,83580,2.558347845418504,0.23231573593055543
13515,0.4238636363636363,0,1,0,329422,276188,24376,83580,2.5583385823854163,0.23231638166818616
13516,0.4238809523809523,0,2,0,329424,276186,24376,83580,2.558320056319241,0.23231767315421692
13517,0.4238888888888888,1,3,1,329427,276183,24377,83579,2.5582922672199784,0.232317476553944
13518,0.4239047619047618,1,0,1,329427,276183,24378,83578,2.5582922672199784,0.23231534268583864
13519,0.4239047619047619,0,1,0,329428,276182,24378,83578,2.558283004186891,0.2323159884367356
13520,0.4239101731601731,1,1,1,329429,276181,24379,83577,2.5582737411538035,0.23231450030298145
13521,0.4239166666666666,0,4,0,329433,276177,24379,83577,2.558236689021453,0.23231708334028253
13522,0.4239285714285714,0,4,0,329437,276173,24379,83577,2.558199636889103,0.23231966643502433
13523,0.4239307359307359,0,1,0,329438,276172,24379,83577,2.558190373856015,0.23232031221768512
13524,0.4239523809523809,1,0,1,329438,276172,24380,83576,2.558190373856015,0.2323181782803518
13525,0.4239761904761904,0,1,0,329439,276171,24380,83576,2.558181110822928,0.23231882406246612
13526,0.4239999999999999,0,4,0,329443,276167,24380,83576,2.5581440586905777,0.23232140722682582
13527,0.424,15,145,15,329588,276022,24395,83561,2.556800918892882,0.2323830659402697
13528,0.424012987012987,1,3,1,329591,276019,24396,83560,2.5567731297936196,0.23238286996737853
13529,0.4240357142857142,0,2,0,329593,276017,24396,83560,2.5567546037274447,0.23238416250205102
13530,0.424047619047619,0,8,0,329601,276009,24396,83560,2.556680499462744,0.23238933278452814
13531,0.4240714285714286,0,1,0,329602,276008,24396,83560,2.5566712364296564,0.23238997908601433
13532,0.4241190476190477,0,4,0,329606,276004,24396,83560,2.556634184297306,0.23239256432790825
13533,0.4241428571428571,0,2,0,329608,276002,24396,83560,2.5566156582311312,0.23239385697042514
13534,0.4241666666666666,18,71,18,329679,275931,24414,83542,2.555957982881915,0.23240132082242615
13535,0.4241666666666667,7,67,7,329746,275864,24421,83535,2.5553373596650486,0.23242969512992523
13536,0.4241865079365081,0,7,0,329753,275857,24421,83535,2.5552725184334357,0.23243422224200871
13537,0.4242142857142856,0,1,0,329754,275856,24421,83535,2.5552632554003485,0.23243486898670251
13538,0.4242738095238095,1,0,1,329754,275856,24422,83534,2.5552632554003485,0.23243273324243857
13539,0.4242857142857143,1,25,1,329779,275831,24423,83533,2.5550316795731596,0.2324467670662615
13540,0.4243095238095237,0,1,0,329780,275830,24423,83533,2.555022416540072,0.2324474138962553
13541,0.4243333333333333,0,14,0,329794,275816,24423,83533,2.554892734076846,0.23245646989416974
13542,0.4243333333333334,2,40,2,329834,275776,24425,83531,2.554522212753344,0.23247807585156982
13543,0.4243809523809524,0,1,0,329835,275775,24425,83531,2.5545129497202566,0.23247872287131302
13544,0.4243939393939394,0,1,0,329836,275774,24425,83531,2.554503686687169,0.23247936989465776
13545,0.4244047619047619,1,2,1,329838,275772,24426,83530,2.554485160620994,0.23247852781225822
13546,0.4244166666666666,0,1,0,329839,275771,24426,83530,2.5544758975879063,0.23247917484226316
13547,0.4244166666666667,0,1,0,329840,275770,24426,83530,2.5544666345548186,0.23247982187586974
13548,0.4244285714285714,1,1,1,329841,275769,24427,83529,2.554457371521731,0.2324783327488603
13549,0.4244444444444444,0,1,0,329842,275768,24427,83529,2.5544481084886437,0.23247897978552562
13550,0.4244848484848484,0,1,0,329843,275767,24427,83529,2.554438845455556,0.23247962682579265
13551,0.4244999999999999,0,3,0,329846,275764,24427,83529,2.5544110563562934,0.2324815679682042
13552,0.4245,2,14,2,329860,275750,24429,83527,2.5542813738930676,0.2324863545398119
13553,0.4245238095238094,0,6,0,329866,275744,24429,83527,2.554225795694542,0.23249023717472325
13554,0.424547619047619,0,1,0,329867,275743,24429,83527,2.5542165326614548,0.23249088429314999
13555,0.4245714285714285,0,1,0,329868,275742,24429,83527,2.554207269628367,0.23249153141517914
13556,0.4245714285714286,0,1,0,329869,275741,24429,83527,2.5541980065952794,0.23249217854081075
13557,0.4246190476190476,1,0,1,329869,275741,24430,83526,2.5541980065952794,0.2324900422248634
13558,0.4246428571428571,0,3,0,329872,275738,24430,83526,2.554170217496017,0.23249198361093792
13559,0.4246666666666665,0,2,0,329874,275736,24430,83526,2.554151691429842,0.23249327788633364
13560,0.4246666666666666,1,7,1,329881,275729,24431,83525,2.554086850198229,0.23249567158612014
13561,0.4246666666666667,4,37,4,329918,275692,24435,83521,2.5537441179739893,0.23251107281752054
13562,0.4246715506715507,0,1,0,329919,275691,24435,83521,2.553734854940902,0.23251172009843768
13563,0.4246984126984127,0,2,0,329921,275689,24435,83521,2.5537163288747267,0.23251301467108376
13564,0.4247142857142856,0,1,0,329922,275688,24435,83521,2.553707065841639,0.23251366196281273
13565,0.4247142857142857,2,2,2,329924,275686,24437,83519,2.553688539775464,0.23251068331454183
13566,0.4247619047619047,1,2,1,329926,275684,24438,83518,2.553670013709289,0.23250984125923574
13567,0.4247619047619049,0,1,0,329927,275683,24438,83518,2.5536607506762015,0.23251048855654632
13568,0.4247777777777778,0,1,0,329928,275682,24438,83518,2.553651487643114,0.23251113585746103
13569,0.4247857142857142,0,1,0,329929,275681,24438,83518,2.553642224610026,0.23251178316197985
13570,0.4248333333333333,4,13,4,329942,275668,24442,83514,2.553521805179888,0.23251165147473982
13571,0.4248571428571428,0,1,0,329943,275667,24442,83514,2.5535125421468003,0.2325122988131332
13572,0.4248571428571429,0,1,0,329944,275666,24442,83514,2.553503279113713,0.23251294615513113
13573,0.4248809523809524,0,3,0,329947,275663,24442,83514,2.5534754900144505,0.2325148882027524
13574,0.4249444444444444,0,1,0,329948,275662,24442,83514,2.553466226981363,0.23251553555916876
13575,0.4249603174603175,0,1,0,329949,275661,24442,83514,2.553456963948275,0.23251618291918982
13576,0.4249999999999999,4,23,4,329972,275638,24446,83510,2.5532439141872616,0.2325225255326495
13577,0.425,181,1387,181,331359,274251,24627,83329,2.5403960872948237,0.23303596398008838
13578,0.425047619047619,0,2,0,331361,274249,24627,83329,2.5403775612286488,0.23303726739340788
13579,0.4250476190476191,1,0,1,331361,274249,24628,83328,2.5403775612286488,0.23303512250508282
13580,0.4250833333333334,0,1,0,331362,274248,24628,83328,2.540368298195561,0.23303577421303442
13581,0.4250952380952381,0,1,0,331363,274247,24628,83328,2.5403590351624734,0.2330364259246312
13582,0.4251111111111111,0,1,0,331364,274246,24628,83328,2.540349772129386,0.23303707763987314
13583,0.4251190476190476,1,1,1,331365,274245,24629,83327,2.5403405090962985,0.2330355844417348
13584,0.4251190476190477,0,1,0,331366,274244,24629,83327,2.540331246063211,0.23303623616009128
13585,0.4251666666666666,0,13,0,331379,274231,24629,83327,2.5402108266330727,0.23304470883045547
13586,0.4251666666666667,0,3,0,331382,274228,24629,83327,2.54018303753381,0.2330466641495714
13587,0.4252380952380952,0,5,0,331387,274223,24629,83327,2.540136722368372,0.23304992308768005
13588,0.4252469474969475,0,1,0,331388,274222,24629,83327,2.540127459335285,0.23305057488623937
13589,0.4252499999999999,0,1,0,331389,274221,24629,83327,2.5401181963021973,0.23305122668844463
13590,0.4252857142857143,0,1,0,331390,274220,24629,83327,2.5401089332691096,0.23305187849429584
13591,0.4253095238095238,0,1,0,331391,274219,24629,83327,2.540099670236022,0.23305253030379308
13592,0.4253333333333333,6,25,6,331416,274194,24635,83321,2.5398680944088334,0.23305595569416668
13593,0.4253333333333334,0,11,0,331427,274183,24635,83321,2.5397662010448703,0.23306312656641603
13594,0.4253571428571428,0,4,0,331431,274179,24635,83321,2.53972914891252,0.23306573426573426
13595,0.4254166666666666,0,2,0,331433,274177,24635,83321,2.5397106228463446,0.2330670381372763
13596,0.4254166666666667,1,6,1,331439,274171,24636,83320,2.5396550446478194,0.2330688045293448
13597,0.4254285714285714,0,2,0,331441,274169,24636,83320,2.5396365185816445,0.2330701084508894
13598,0.4254444444444444,0,1,0,331442,274168,24636,83320,2.539627255548557,0.23307076041713287
13599,0.4254642857142858,0,1,0,331443,274167,24636,83320,2.539617992515469,0.23307141238702386
13600,0.425468253968254,0,2,0,331445,274165,24636,83320,2.5395994664492942,0.23307271633774843
13601,0.4254761904761905,2,6,2,331451,274159,24638,83318,2.539543888250769,0.23307233752101533
13602,0.4254999999999999,0,1,0,331452,274158,24638,83318,2.5395346252176814,0.23307298951538005
13603,0.4255,2,21,2,331473,274137,24640,83316,2.5393401015228427,0.23308239125143726
13604,0.4255357142857143,1,0,1,331473,274137,24641,83315,2.5393401015228427,0.23308024573928807
13605,0.4255476190476189,0,2,0,331475,274135,24641,83315,2.5393215754566674,0.23308154986711427
13606,0.4255476190476191,0,1,0,331476,274134,24641,83315,2.53931231242358,0.23308220193650003
13607,0.4255555555555556,0,2,0,331478,274132,24641,83315,2.5392937863574048,0.23308350608621697
13608,0.4255714285714285,0,1,0,331479,274131,24641,83315,2.5392845233243175,0.23308415816654823
13609,0.4255833333333333,0,1,0,331480,274130,24641,83315,2.53927526029123,0.23308481025052805
13610,0.425595238095238,0,1,0,331481,274129,24641,83315,2.539265997258142,0.23308546233815647
13611,0.4255952380952381,0,1,0,331482,274128,24641,83315,2.5392567342250545,0.2330861144294335
13612,0.4256190476190476,0,1,0,331483,274127,24641,83315,2.5392474711919673,0.2330867665243592
13613,0.4256428571428571,0,1,0,331484,274126,24641,83315,2.5392382081588796,0.23308741862293358
13614,0.4256547619047619,1,1,1,331485,274125,24642,83314,2.539228945125792,0.2330859251508649
13615,0.4256666666666666,6,32,6,331517,274093,24648,83308,2.53893252806699,0.23309391971483012
13616,0.4256666666666667,0,13,0,331530,274080,24648,83308,2.538812108636852,0.23310239851366021
13617,0.4257142857142857,1,25,1,331555,274055,24649,83307,2.538580532809663,0.23311655967898098
13618,0.4257222222222223,0,1,0,331556,274054,24649,83307,2.5385712697765754,0.2331172120069062
13619,0.4258095238095239,1,0,1,331556,274054,24650,83306,2.5385712697765754,0.23311506603984777
13620,0.4258181818181819,0,1,0,331557,274053,24650,83306,2.538562006743488,0.23311571836724415
13621,0.4258333333333333,15,125,15,331682,273928,24665,83291,2.5374041276075436,0.23316508920298193
13622,0.4259166666666666,1,0,1,331682,273928,24666,83290,2.5374041276075436,0.23316294251689446
13623,0.4259523809523809,0,5,0,331687,273923,24666,83290,2.537357812442106,0.23316620615711076
13624,0.425952380952381,1,1,1,331688,273922,24667,83289,2.5373485494090184,0.2331647121729174
13625,0.4259761904761905,0,1,0,331689,273921,24667,83289,2.5373392863759308,0.23316536491139667
13626,0.4259880952380953,0,1,0,331690,273920,24667,83289,2.5373300233428435,0.23316601765353057
13627,0.4259999999999999,1,9,1,331699,273911,24668,83288,2.5372466560450553,0.23316974571597346
13628,0.426,16,128,16,331827,273783,24684,83272,2.5360609878098486,0.2332189718670793
13629,0.4260000000000001,0,2,0,331829,273781,24684,83272,2.536042461743673,0.23322027822200064
13630,0.4260555555555554,0,2,0,331831,273779,24684,83272,2.5360239356774983,0.23322158459155695
13631,0.4260651015651016,1,0,1,331831,273779,24685,83271,2.5360239356774983,0.23321943705363393
13632,0.4260714285714285,0,2,0,331833,273777,24685,83271,2.536005409611323,0.23322074342945487
13633,0.4260833333333333,0,2,0,331835,273775,24685,83271,2.535986883545148,0.23322204981991115
13634,0.426111111111111,0,1,0,331836,273774,24685,83271,2.5359776205120603,0.23322270302062764
13635,0.4261111111111111,0,4,0,331840,273770,24685,83271,2.53594056837971,0.2332253158600833
13636,0.4261190476190476,0,1,0,331841,273769,24685,83271,2.535931305346623,0.2332259690790948
13637,0.4261309523809524,0,1,0,331842,273768,24685,83271,2.535922042313535,0.23322662230176536
13638,0.4261428571428571,0,1,0,331843,273767,24685,83271,2.5359127792804474,0.23322727552809505
13639,0.4261666666666666,0,5,0,331848,273762,24685,83271,2.53586646411501,0.23323054171463142
13640,0.4261666666666667,4,10,4,331858,273752,24689,83267,2.5357738337841345,0.2332284836381257
13641,0.4261904761904761,2,3,2,331861,273749,24691,83265,2.5357460446848714,0.2332261479941963
13642,0.4261904761904762,0,2,0,331863,273747,24691,83265,2.5357275186186965,0.2332274545393432
13643,0.4262142857142856,1,1,1,331864,273746,24692,83264,2.535718255585609,0.23322596005714125
13644,0.42625,1,8,1,331872,273738,24693,83263,2.5356441513209087,0.23322903857412164
13645,0.4262619047619048,0,2,0,331874,273736,24693,83263,2.5356256252547333,0.23323034518303973
13646,0.4262777777777777,0,1,0,331875,273735,24693,83263,2.5356163622216457,0.23323099849298876
13647,0.4262857142857142,0,1,0,331876,273734,24693,83263,2.5356070991885584,0.23323165180659783
13648,0.4262857142857143,0,1,0,331877,273733,24693,83263,2.5355978361554707,0.23323230512386695
13649,0.4263095238095238,0,2,0,331879,273731,24693,83263,2.535579310089296,0.23323361176938548
13650,0.4263333333333332,0,4,0,331883,273727,24693,83263,2.5355422579569455,0.23323622510434466
13651,0.4263333333333333,4,17,4,331900,273710,24697,83259,2.535384786394457,0.2332387406189333
13652,0.4263571428571429,0,1,0,331901,273709,24697,83259,2.5353755233613695,0.23323939400730598
13653,0.4263809523809524,0,2,0,331903,273707,24697,83259,2.535356997295194,0.2332407007950337
13654,0.4263888888888889,0,1,0,331904,273706,24697,83259,2.535347734262107,0.2332413541943888
13655,0.4264285714285714,0,4,0,331908,273702,24697,83259,2.5353106821297566,0.23324396782841822
13656,0.4264999999999999,1,1,1,331909,273701,24698,83258,2.535301419096669,0.23324247322521635
13657,0.4265,2,24,2,331933,273677,24700,83256,2.5350791063025677,0.23325385996811726
13658,0.4265238095238095,1,0,1,331933,273677,24701,83255,2.5350791063025677,0.23325171181065302
13659,0.4265476190476189,0,3,0,331936,273674,24701,83255,2.535051317203305,0.23325367229897262
13660,0.426547619047619,0,2,0,331938,273672,24701,83255,2.5350327911371298,0.23325497930949465
13661,0.4265714285714286,1,1,1,331939,273671,24702,83254,2.5350235281040425,0.23325348462562162
13662,0.4265833333333333,0,4,0,331943,273667,24702,83254,2.5349864759716922,0.2332560986885053
13663,0.4265952380952381,0,1,0,331944,273666,24702,83254,2.5349772129386046,0.23325675221338116
13664,0.4266666666666666,65,419,65,332363,273247,24767,83189,2.5310960020749196,0.23339112771998338
13665,0.4266666666666667,41,319,41,332682,272928,24808,83148,2.52814109451999,0.23351194688774307
13666,0.4266836496836497,0,1,0,332683,272927,24808,83148,2.528131831486902,0.23351260268201923
13667,0.4267142857142857,0,3,0,332686,272924,24808,83148,2.5281040423876395,0.2335145700869487
13668,0.4267261904761905,0,1,0,332687,272923,24808,83148,2.528094779354552,0.23351522589595894
13669,0.4267619047619048,1,2,1,332689,272921,24809,83147,2.528076253288377,0.2335143848927733
13670,0.4267857142857142,1,1,1,332690,272920,24810,83146,2.5280669902552892,0.23351288806007875
13671,0.4267857142857143,1,3,1,332693,272917,24811,83145,2.5280392011560266,0.23351270284388673
13672,0.4268095238095237,0,3,0,332696,272914,24811,83145,2.528011412056764,0.23351467032149167
13673,0.4268095238095238,0,1,0,332697,272913,24811,83145,2.5280021490236764,0.2335153261547276
13674,0.4268095238095239,1,0,1,332697,272913,24812,83144,2.5280021490236764,0.23351317345256517
13675,0.426829365079365,0,2,0,332699,272911,24812,83144,2.527983622957501,0.23351448512168063
13676,0.4268333333333333,0,5,0,332704,272906,24812,83144,2.5279373077920635,0.23351776435893834
13677,0.4268333333333334,2,14,2,332718,272892,24814,83142,2.5278076253288377,0.2335226410960751
13678,0.4268571428571428,0,3,0,332721,272889,24814,83142,2.527779836229575,0.233524608812154
13679,0.4268809523809523,0,4,0,332725,272885,24814,83142,2.527742784097225,0.23352723248517668
13680,0.4269047619047618,0,1,0,332726,272884,24814,83142,2.527733521064137,0.23352788841264402
13681,0.4269047619047619,0,3,0,332729,272881,24814,83142,2.5277057319648746,0.2335298562171545
13682,0.4269166666666666,0,1,0,332730,272880,24814,83142,2.527696468931787,0.23353051215936094
13683,0.4269523809523809,1,1,1,332731,272879,24815,83141,2.5276872058986997,0.23352901522386382
13684,0.4269642857142857,0,2,0,332733,272877,24815,83141,2.5276686798325243,0.23353032711829178
13685,0.4269696969696969,0,1,0,332734,272876,24815,83141,2.5276594167994366,0.23353098307103312
13686,0.4269761904761905,0,1,0,332735,272875,24815,83141,2.5276501537663494,0.23353163902745944
13687,0.4269999999999999,1,7,1,332742,272868,24816,83140,2.5275853125347365,0.2335340778858902
13688,0.427,7,65,7,332807,272803,24823,83133,2.5269832153840452,0.23356165153285985
13689,0.4270158730158729,0,1,0,332808,272802,24823,83133,2.526973952350958,0.23356230772472503
13690,0.4270476190476191,0,1,0,332809,272801,24823,83133,2.5269646893178703,0.23356296392027737
13691,0.4270714285714285,0,2,0,332811,272799,24823,83133,2.526946163251695,0.23356427632244361
13692,0.4270833333333333,0,2,0,332813,272797,24823,83133,2.52692763718552,0.23356558873935887
13693,0.4270952380952381,0,1,0,332814,272796,24823,83133,2.5269183741524324,0.23356624495334743
13694,0.4271428571428571,1,14,1,332828,272782,24824,83132,2.5267886916892066,0.23357327893817045
13695,0.4271666666666666,1,8,1,332836,272774,24825,83131,2.5267145874245065,0.23357637571823942
13696,0.4271666666666667,2,10,2,332846,272764,24827,83129,2.5266219570936306,0.2335786317797765
13697,0.4271709956709956,0,1,0,332847,272763,24827,83129,2.5266126940605433,0.23357928809863668
13698,0.4271904761904761,0,1,0,332848,272762,24827,83129,2.5266034310274557,0.23357994442118513
13699,0.4271904761904762,0,2,0,332850,272760,24827,83129,2.5265849049612807,0.23358125707734714
13700,0.4271904761904763,0,1,0,332851,272759,24827,83129,2.526575641928193,0.23358191341096074
13701,0.4271944444444444,0,2,0,332853,272757,24827,83129,2.5265571158620177,0.2335832260892533
13702,0.4272142857142857,1,1,1,332854,272756,24828,83128,2.5265478528289305,0.233581728877949
13703,0.4272222222222222,0,1,0,332855,272755,24828,83128,2.526538589795843,0.2335823852221095
13704,0.4272222222222223,0,1,0,332856,272754,24828,83128,2.526529326762755,0.23358304156995857
13705,0.4272380952380953,0,2,0,332858,272752,24828,83128,2.52651080069658,0.2335843542767225
13706,0.4272499999999999,0,4,0,332862,272748,24828,83128,2.52647374856423,0.23358697973451428
13707,0.42725,1,1,1,332863,272747,24829,83127,2.5264644855311422,0.23358548250223393
13708,0.4273333333333333,6,46,6,332909,272701,24835,83121,2.5260383860091147,0.23360275643439699
13709,0.4273809523809523,0,4,0,332913,272697,24835,83121,2.5260013338767644,0.23360538252702223
13710,0.4273809523809524,0,1,0,332914,272696,24835,83121,2.525992070843677,0.23360603905940414
13711,0.4274047619047619,0,1,0,332915,272695,24835,83121,2.5259828078105895,0.2336066955954763
13712,0.4274166666666665,1,2,1,332917,272693,24836,83120,2.5259642817444146,0.23360585476078727
13713,0.4274444444444444,0,2,0,332919,272691,24836,83120,2.525945755678239,0.23360716785034752
13714,0.4274523809523809,0,1,0,332920,272690,24836,83120,2.5259364926451515,0.23360782440066327
13715,0.4274999999999999,2,7,2,332927,272683,24838,83118,2.5258716514135386,0.23360811239990895
13716,0.4275,67,354,67,333281,272329,24905,83051,2.5225925377005445,0.23369632506049862
13717,0.4275833333333334,1,1,1,333282,272328,24906,83050,2.5225832746674572,0.23369482635391048
13718,0.4276190476190475,1,1,1,333283,272327,24907,83049,2.5225740116343696,0.2336933276304534
13719,0.4276666666666666,4,30,4,333313,272297,24911,83045,2.522296120641743,0.23370443122400392
13720,0.4276666666666667,0,10,0,333323,272287,24911,83045,2.522203490310867,0.2337110082964664
13721,0.4277142857142857,0,2,0,333325,272285,24911,83045,2.5221849642446923,0.2337123237553823
13722,0.4277499999999999,0,1,0,333326,272284,24911,83045,2.5221757012116046,0.2337129814903934
13723,0.4277500000000001,0,1,0,333327,272283,24911,83045,2.5221664381785174,0.23371363922910662
13724,0.4277727272727273,0,1,0,333328,272282,24911,83045,2.5221571751454297,0.23371429697152202
13725,0.4278095238095237,0,5,0,333333,272277,24911,83045,2.5221108599799917,0.2337175857391324
13726,0.4278095238095238,1,2,1,333335,272275,24912,83044,2.522092333913817,0.23371674467168937
13727,0.4278333333333333,5,14,5,333349,272261,24917,83039,2.521962651450591,0.23371517027863778
13728,0.4278333333333334,0,1,0,333350,272260,24917,83039,2.5219533884175034,0.23371582807719696
13729,0.4278571428571428,1,7,1,333357,272253,24918,83038,2.5218885471858905,0.23371827600473977
13730,0.4278809523809523,0,2,0,333359,272251,24918,83038,2.5218700211197156,0.23371959165636988
13731,0.4279166666666666,0,2,0,333361,272249,24918,83038,2.5218514950535402,0.23372090732281225
13732,0.4279166666666667,0,2,0,333363,272247,24918,83038,2.5218329689873653,0.23372222300406717
13733,0.4279761904761904,1,1,1,333364,272246,24919,83037,2.5218237059542776,0.23372072404252384
13734,0.4279999999999999,0,1,0,333365,272245,24919,83037,2.52181444292119,0.23372138188819022
13735,0.428,7,93,7,333458,272152,24926,83030,2.5209529808440476,0.23376747695547634
13736,0.4280000000000001,0,2,0,333460,272150,24926,83030,2.5209344547778723,0.23376879328791036
13737,0.4280238095238095,0,2,0,333462,272148,24926,83030,2.5209159287116973,0.23377010963516884
13738,0.428047619047619,0,1,0,333463,272147,24926,83030,2.5209066656786097,0.23377076781435735
13739,0.4280833333333333,0,1,0,333464,272146,24926,83030,2.5208974026455224,0.23377142599725206
13740,0.428095238095238,0,1,0,333465,272145,24926,83030,2.5208881396124347,0.23377208418385304
13741,0.4280952380952381,1,4,1,333469,272141,24927,83029,2.5208510874800845,0.2337725596193372
13742,0.4281666666666666,1,18,1,333487,272123,24928,83028,2.5206843528845084,0.2337822503667454
13743,0.4281666666666667,0,2,0,333489,272121,24928,83028,2.5206658268183335,0.23378356689727411
13744,0.4281904761904762,1,1,1,333490,272120,24929,83027,2.520656563785246,0.23378206770717477
13745,0.4282142857142857,0,5,0,333495,272115,24929,83027,2.520610248619808,0.2337853590957983
13746,0.4282499999999999,0,1,0,333496,272114,24929,83027,2.5206009855867206,0.2337860173846444
13747,0.4282857142857142,0,1,0,333497,272113,24929,83027,2.520591722553633,0.23378667567719771
13748,0.428313492063492,0,1,0,333498,272112,24929,83027,2.5205824595205453,0.23378733397345827
13749,0.4283333333333333,66,455,66,333953,271657,24995,82961,2.516367779465708,0.23394469541873228
13750,0.4283333333333334,0,2,0,333955,271655,24995,82961,2.5163492533995333,0.23394601484422586
13751,0.4283571428571427,0,1,0,333956,271654,24995,82961,2.5163399903664456,0.23394667456255375
13752,0.4283809523809523,0,1,0,333957,271653,24995,82961,2.516330727333358,0.2339473342846024
13753,0.4284166666666666,0,2,0,333959,271651,24995,82961,2.516312201267183,0.23394865373986215
13754,0.428420634920635,0,6,0,333965,271645,24995,82961,2.5162566230686574,0.23395261219494312
13755,0.428452380952381,0,5,0,333970,271640,24995,82961,2.51621030790322,0.23395591100983923
13756,0.4284722222222222,0,2,0,333972,271638,24995,82961,2.5161917818370445,0.23395723056184592
13757,0.4284999999999999,0,2,0,333974,271636,24995,82961,2.5161732557708696,0.2339585501287377
13758,0.4285,1,22,1,333996,271614,24996,82960,2.5159694690429433,0.23397090593218905
13759,0.4285238095238095,0,1,0,333997,271613,24996,82960,2.515960206009856,0.2339715657988623
13760,0.4285714285714285,0,2,0,333999,271611,24996,82960,2.5159416799436807,0.23397288554337495
13761,0.4285714285714286,0,11,0,334010,271600,24996,82960,2.5158397865797175,0.23398014440433212
13762,0.428579365079365,0,1,0,334011,271599,24996,82960,2.5158305235466303,0.23398080432311688
13763,0.4285833333333332,0,1,0,334012,271598,24996,82960,2.5158212605135426,0.23398146424562413
13764,0.4285952380952381,0,1,0,334013,271597,24996,82960,2.515811997480455,0.23398212417185388
13765,0.4286190476190475,0,1,0,334014,271596,24996,82960,2.5158027344473672,0.2339827841018062
13766,0.4286190476190477,0,2,0,334016,271594,24996,82960,2.5157842083811923,0.2339841039728786
13767,0.428642857142857,0,1,0,334017,271593,24996,82960,2.5157749453481046,0.23398476391399875
13768,0.4286666666666666,1,6,1,334023,271587,24997,82959,2.5157193671495794,0.23398656309759525
13769,0.4286666666666667,5,33,5,334056,271554,25002,82954,2.51541368705769,0.23399754025297032
13770,0.4286904761904762,0,2,0,334058,271552,25002,82954,2.515395160991515,0.23399886038600193
13771,0.4287142857142856,0,3,0,334061,271549,25002,82954,2.5153673718922525,0.2340008406134786
13772,0.4287222222222222,0,1,0,334062,271548,25002,82954,2.5153581088591648,0.23400150069675207
13773,0.42875,1,4,1,334066,271544,25003,82953,2.5153210567268145,0.23400198027063698
13774,0.4287878787878788,1,0,1,334066,271544,25004,82952,2.5153210567268145,0.23399981946199674
13775,0.4288095238095238,2,4,2,334070,271540,25006,82950,2.515284004594464,0.23399813817032922
13776,0.4288333333333333,0,8,0,334078,271532,25006,82950,2.515209900329764,0.23400341907346495
13777,0.4288333333333334,0,3,0,334081,271529,25006,82950,2.5151821112305015,0.23400539947359364
13778,0.4288571428571429,0,1,0,334082,271528,25006,82950,2.515172848197414,0.23400605961441895
13779,0.4289285714285714,0,3,0,334085,271525,25006,82950,2.5151450590981512,0.23400804005924253
13780,0.4289523809523809,0,1,0,334086,271524,25006,82950,2.5151357960650635,0.2340087002149664
13781,0.428952380952381,0,1,0,334087,271523,25006,82950,2.515126533031976,0.23400936037441497
13782,0.4289563492063493,1,1,1,334088,271522,25007,82949,2.5151172699988886,0.2340078595992338
13783,0.4289761904761905,0,1,0,334089,271521,25007,82949,2.515108006965801,0.23400851976189804
13784,0.4289920634920636,0,1,0,334090,271520,25007,82949,2.5150987439327133,0.2340091799282871
13785,0.4289999999999999,0,3,0,334093,271517,25007,82949,2.5150709548334507,0.23401116044980336
13786,0.429,12,74,12,334167,271443,25019,82937,2.5143854903849716,0.23403408770246628
13787,0.4290119047619047,0,2,0,334169,271441,25019,82937,2.5143669643187967,0.2340354085185875
13788,0.4290277777777778,0,1,0,334170,271440,25019,82937,2.514357701285709,0.23403606893223883
13789,0.4290476190476189,0,2,0,334172,271438,25019,82937,2.514339175219534,0.2340373897707231
13790,0.429047619047619,1,0,1,334172,271438,25020,82936,2.514339175219534,0.2340352283181046
13791,0.4290555555555556,0,1,0,334173,271437,25020,82936,2.5143299121864464,0.23403588873870187
13792,0.429063492063492,0,2,0,334175,271435,25020,82936,2.514311386120271,0.23403720959107827
13793,0.4290833333333333,0,1,0,334176,271434,25020,82936,2.514302123087184,0.23403787002285747
13794,0.4290952380952381,0,2,0,334178,271432,25020,82936,2.5142835970210085,0.23403919089759798
13795,0.4291071428571428,1,0,1,334178,271432,25021,82935,2.5142835970210085,0.23403702940736582
13796,0.4291190476190475,0,1,0,334179,271431,25021,82935,2.514274333987921,0.23403768984609133
13797,0.4291666666666666,14,84,14,334263,271347,25035,82921,2.5134962392085662,0.23406291282306052
13798,0.4291666666666667,7,63,7,334326,271284,25042,82914,2.5129126681240503,0.2340894076194671
13799,0.4291904761904762,1,3,1,334329,271281,25043,82913,2.5128848790247877,0.23408922793723214
13800,0.4292142857142857,1,0,1,334329,271281,25044,82912,2.5128848790247877,0.23408706552642203
13801,0.4292261904761905,0,1,0,334330,271280,25044,82912,2.5128756159917005,0.23408772643086237
13802,0.4292380952380953,0,1,0,334331,271279,25044,82912,2.512866352958613,0.2340883873390346
13803,0.4292857142857141,0,1,0,334332,271278,25044,82912,2.512857089925525,0.23408904825093876
13804,0.4292857142857142,1,0,1,334332,271278,25045,82911,2.512857089925525,0.23408688581520035
13805,0.4292857142857143,0,8,0,334340,271270,25045,82911,2.5127829856608246,0.23409217321087242
13806,0.4293333333333333,7,38,7,334378,271232,25052,82904,2.5124309904034976,0.2341021528452346
13807,0.4293333333333334,0,2,0,334380,271230,25052,82904,2.5124124643373227,0.2341034749558077
13808,0.4293571428571428,0,1,0,334381,271229,25052,82904,2.512403201304235,0.2341041360166943
13809,0.4294047619047619,0,1,0,334382,271228,25052,82904,2.5123939382711473,0.23410479708131432
13810,0.4294404761904761,0,1,0,334383,271227,25052,82904,2.51238467523806,0.23410545814966777
13811,0.4294444444444443,1,1,1,334384,271226,25053,82903,2.5123754122049724,0.23410395646784082
13812,0.4294444444444444,0,2,0,334386,271224,25053,82903,2.5123568861387975,0.23410527861473426
13813,0.429452380952381,0,1,0,334387,271223,25053,82903,2.51234762310571,0.23410593969378132
13814,0.4294638694638694,0,1,0,334388,271222,25053,82903,2.512338360072622,0.23410660077656195
13815,0.4294722222222223,0,1,0,334389,271221,25053,82903,2.5123290970395344,0.2341072618630762
13816,0.4294999999999999,1,4,1,334393,271217,25054,82902,2.5122920449071846,0.23410774344217622
13817,0.4295,4,12,4,334405,271205,25058,82898,2.5121808885101338,0.23410702535702888
13818,0.4295238095238095,0,3,0,334408,271202,25058,82898,2.512153099410871,0.2341090087545891
13819,0.4295238095238096,1,3,1,334411,271199,25059,82897,2.5121253103116086,0.2341088292440468
13820,0.4295476190476189,0,1,0,334412,271198,25059,82897,2.512116047278521,0.23410949039099677
13821,0.4295555555555556,0,1,0,334413,271197,25059,82897,2.512106784245433,0.23411015154168102
13822,0.4295714285714285,0,1,0,334414,271196,25059,82897,2.512097521212346,0.23411081269609962
13823,0.4295833333333332,0,3,0,334417,271193,25059,82897,2.512069732113083,0.2341127961817617
13824,0.4295833333333334,0,3,0,334420,271190,25059,82897,2.5120419430138203,0.23411477970103392
13825,0.4296428571428571,0,4,0,334424,271186,25059,82897,2.51200489088147,0.23411742444568082
13826,0.4296587301587301,0,2,0,334426,271184,25059,82897,2.511986364815295,0.23411874684041223
13827,0.4296666666666666,2,12,2,334438,271172,25061,82895,2.5118752084182443,0.23412235537341802
13828,0.4296666666666667,1,16,1,334454,271156,25062,82894,2.5117269998888436,0.23413077248976133
13829,0.4296904761904762,0,1,0,334455,271155,25062,82894,2.511717736855756,0.23413143378458914
13830,0.4297222222222222,1,1,1,334456,271154,25063,82893,2.5117084738226687,0.23412993190169668
13831,0.4297499999999999,0,1,0,334457,271153,25063,82893,2.511699210789581,0.2341305931997537
13832,0.42975,1,1,1,334458,271152,25064,82892,2.5116899477564933,0.23412909129938653
13833,0.4297619047619047,0,3,0,334461,271149,25064,82892,2.5116621586572307,0.23413107521445256
13834,0.4297619047619048,0,1,0,334462,271148,25064,82892,2.511652895624143,0.2341317365269461
13835,0.4297857142857142,0,1,0,334463,271147,25064,82892,2.511643632591056,0.23413239784317547
13836,0.4298333333333333,3,13,3,334476,271134,25067,82889,2.5115232131609173,0.23413450538524333
13837,0.4298333333333334,0,1,0,334477,271133,25067,82889,2.51151395012783,0.23413516674105
13838,0.429845238095238,0,2,0,334479,271131,25067,82889,2.5114954240616547,0.2341364894638721
13839,0.4298571428571428,0,1,0,334480,271130,25067,82889,2.511486161028567,0.2341371508308876
13840,0.4298787878787878,0,1,0,334481,271129,25067,82889,2.51147689799548,0.23413781220163946
13841,0.4298809523809523,0,2,0,334483,271127,25067,82889,2.5114583719293044,0.23413913495435235
13842,0.4298809523809524,0,1,0,334484,271126,25067,82889,2.511449108896217,0.23413979633631343
13843,0.4299047619047618,0,1,0,334485,271125,25067,82889,2.5114398458631295,0.234140457722011
13844,0.4299166666666666,0,1,0,334486,271124,25067,82889,2.511430582830042,0.23414111911144506
13845,0.4299285714285715,1,2,1,334488,271122,25068,82888,2.511412056763867,0.23414027852320557
13846,0.4299999999999999,8,21,8,334509,271101,25076,82880,2.5112175330690283,0.23413686045296217
13847,0.43,440,3407,440,337916,267694,25516,82440,2.479658379339731,0.2354527123901135
13848,0.4300119047619048,0,1,0,337917,267693,25516,82440,2.4796491163066436,0.23545338485661163
13849,0.4300436507936507,0,2,0,337919,267691,25516,82440,2.4796305902404683,0.23545472980113158
13850,0.4300952380952381,0,1,0,337920,267690,25516,82440,2.4796213272073806,0.23545540227915346
13851,0.4301031746031746,1,0,1,337920,267690,25517,82439,2.4796213272073806,0.23545321867083274
13852,0.430111111111111,0,2,0,337922,267688,25517,82439,2.4796028011412057,0.23545456362976863
13853,0.4301190476190475,0,1,0,337923,267687,25517,82439,2.479593538108118,0.2354552361149986
13854,0.4301190476190477,0,1,0,337924,267686,25517,82439,2.4795842750750308,0.23545590860406998
13855,0.4301309523809523,0,1,0,337925,267685,25517,82439,2.479575012041943,0.23545658109698278
13856,0.4301428571428572,0,1,0,337926,267684,25517,82439,2.4795657490088554,0.23545725359373706
13857,0.4301666666666666,5,21,5,337947,267663,25522,82434,2.4793712253140168,0.23546045810161184
13858,0.4301666666666667,1,6,1,337953,267657,25523,82433,2.4793156471154916,0.23546230969179355
13859,0.4301825396825396,0,1,0,337954,267656,25523,82433,2.479306384082404,0.23546298227022272
13860,0.4302222222222222,0,1,0,337955,267655,25523,82433,2.479297121049316,0.23546365485249424
13861,0.4302499999999999,0,1,0,337956,267654,25523,82433,2.479287858016229,0.23546432743860812
13862,0.4302539682539683,0,1,0,337957,267653,25523,82433,2.4792785949831413,0.2354650000285644
13863,0.4302619047619048,0,2,0,337959,267651,25523,82433,2.4792600689169664,0.23546634522000434
13864,0.4302777777777777,0,1,0,337960,267650,25523,82433,2.4792508058838787,0.23546701782148804
13865,0.4302857142857143,0,3,0,337963,267647,25523,82433,2.479223016784616,0.23546903564899452
13866,0.4303015873015873,0,2,0,337965,267645,25523,82433,2.4792044907184407,0.2354703808865453
13867,0.4303030303030303,0,1,0,337966,267644,25523,82433,2.4791952276853535,0.23547105351108472
13868,0.4303095238095238,0,1,0,337967,267643,25523,82433,2.479185964652266,0.23547172613946685
13869,0.4303333333333333,1,14,1,337981,267629,25524,82432,2.47905628218904,0.23547895938136496
13870,0.4303333333333334,4,14,4,337995,267615,25528,82428,2.4789265997258143,0.23547964107266822
13871,0.4303571428571428,0,5,0,338000,267610,25528,82428,2.4788802845603763,0.2354830047023466
13872,0.4304166666666666,0,3,0,338003,267607,25528,82428,2.4788524954611137,0.2354850229262788
13873,0.4304166666666667,0,2,0,338005,267605,25528,82428,2.478833969394939,0.23548636842811962
13874,0.4304285714285715,0,1,0,338006,267604,25528,82428,2.478824706361851,0.23548704118480596
13875,0.4304761904761904,0,2,0,338008,267602,25528,82428,2.4788061802956762,0.2354883867097106
13876,0.4304761904761905,1,2,1,338010,267600,25529,82427,2.478787654229501,0.23548754810343203
13877,0.4304999999999999,0,1,0,338011,267599,25529,82427,2.478778391196413,0.23548822087502072
13878,0.4305,1,27,1,338038,267572,25530,82426,2.4785282893030494,0.2355042028811593
13879,0.4305454545454545,0,1,0,338039,267571,25530,82426,2.4785190262699617,0.2355048757560779
13880,0.4305831717302306,0,1,0,338040,267570,25530,82426,2.4785097632368744,0.23550554863484155
13881,0.4305833333333332,0,1,0,338041,267569,25530,82426,2.4785005002037868,0.23550622151745024
13882,0.4305952380952381,0,1,0,338042,267568,25530,82426,2.478491237170699,0.23550689440390407
13883,0.4306071428571427,0,1,0,338043,267567,25530,82426,2.4784819741376114,0.23550756729420302
13884,0.4306190476190477,0,1,0,338044,267566,25530,82426,2.478472711104524,0.23550824018834715
13885,0.4306666666666666,9,52,9,338096,267514,25539,82417,2.4779910333839714,0.23552357464757337
13886,0.4306666666666667,3,10,3,338106,267504,25542,82414,2.4778984030530955,0.23552375127887104
13887,0.4307142857142857,0,14,0,338120,267490,25542,82414,2.4777687205898697,0.23553317481366318
13888,0.4307609890109891,0,1,0,338121,267489,25542,82414,2.4777594575567825,0.23553384795214674
13889,0.4307857142857142,1,0,1,338121,267489,25543,82413,2.4777594575567825,0.23553166315139668
13890,0.4308095238095238,1,1,1,338122,267488,25544,82412,2.477750194523695,0.2355301514718491
13891,0.4308333333333333,17,164,17,338286,267324,25561,82395,2.476231057097336,0.23560344162027227
13892,0.4308333333333334,0,1,0,338287,267323,25561,82395,2.4762217940642484,0.2356041153157687
13893,0.4308571428571428,1,0,1,338287,267323,25562,82394,2.4762217940642484,0.23560192956018725
13894,0.4308690476190476,0,1,0,338288,267322,25562,82394,2.4762125310311607,0.2356026032552128
13895,0.4308809523809522,0,1,0,338289,267321,25562,82394,2.4762032679980734,0.2356032769540912
13896,0.4309047619047619,0,1,0,338290,267320,25562,82394,2.4761940049649858,0.23560395065682244
13897,0.4309285714285715,0,1,0,338291,267319,25562,82394,2.476184741931898,0.23560462436340657
13898,0.4309444444444446,0,1,0,338292,267318,25562,82394,2.476175478898811,0.23560529807384362
13899,0.430952380952381,2,5,2,338297,267313,25564,82392,2.476129163733373,0.23560429504868388
13900,0.4309999999999999,0,5,0,338302,267308,25564,82392,2.476082848567935,0.23560766371175293
13901,0.431,9,73,9,338375,267235,25573,82383,2.4754066471525435,0.2356371811520002
13902,0.4310000000000001,0,5,0,338380,267230,25573,82383,2.475360331987106,0.23564055112367102
13903,0.4310238095238095,1,3,1,338383,267227,25574,82382,2.475332542887843,0.23564038683214678
13904,0.4310714285714286,0,2,0,338385,267225,25574,82382,2.475314016821668,0.23564173486228823
13905,0.4310833333333333,0,1,0,338386,267224,25574,82382,2.4753047537885804,0.23564240888314275
13906,0.4311111111111111,0,1,0,338387,267223,25574,82382,2.475295490755493,0.23564308290785316
13907,0.4311428571428571,0,5,0,338392,267218,25574,82382,2.475249175590055,0.23564645308924484
13908,0.4311587301587301,0,1,0,338393,267217,25574,82382,2.4752399125569675,0.23564712713709135
13909,0.4311666666666667,0,9,0,338402,267208,25574,82382,2.4751565452591797,0.23565319374123975
13910,0.4311904761904761,0,2,0,338404,267206,25574,82382,2.4751380191930044,0.2356545419179148
13911,0.4311904761904762,0,3,0,338407,267203,25574,82382,2.4751102300937418,0.2356565642118512
13912,0.4311969696969697,0,1,0,338408,267202,25574,82382,2.4751009670606545,0.23565723831754315
13913,0.43125,1,6,1,338414,267196,25575,82381,2.475045388862129,0.23565909656527748
13914,0.4312500000000001,0,3,0,338417,267193,25575,82381,2.4750175997628663,0.23566111896193653
13915,0.4313030303030303,0,1,0,338418,267192,25575,82381,2.4750083367297786,0.23566179310187
13916,0.4313095238095237,1,0,1,338418,267192,25576,82380,2.4750083367297786,0.23565960660464796
13917,0.4313095238095238,0,1,0,338419,267191,25576,82380,2.4749990736966914,0.23566028074411208
13918,0.4313333333333332,1,10,1,338429,267181,25577,82379,2.474906443365816,0.23566483579356906
13919,0.4313333333333333,5,19,5,338448,267162,25582,82374,2.474730445737152,0.23566671244163692
13920,0.4313333333333334,0,3,0,338451,267159,25582,82374,2.4747026566378896,0.23566873514088799
13921,0.4313506493506495,0,1,0,338452,267158,25582,82374,2.474693393604802,0.2356694093816875
13922,0.4313690476190476,0,1,0,338453,267157,25582,82374,2.474684130571714,0.235670083626345
13923,0.4313809523809523,0,1,0,338454,267156,25582,82374,2.474674867538627,0.23567075787486053
13924,0.4313809523809524,0,1,0,338455,267155,25582,82374,2.4746656045055393,0.23567143212723407
13925,0.4313888888888889,0,1,0,338456,267154,25582,82374,2.4746563414724516,0.2356721063834657
13926,0.4314285714285714,0,2,0,338458,267152,25582,82374,2.4746378154062767,0.2356734549075033
13927,0.4314761904761904,1,2,1,338460,267150,25583,82373,2.4746192893401013,0.23567261668044734
13928,0.4314761904761905,0,1,0,338461,267149,25583,82373,2.474610026307014,0.23567329095164252
13929,0.4315,5,24,5,338485,267125,25588,82368,2.474387713512913,0.23567854005659628
13930,0.4315476190476189,0,3,0,338488,267122,25588,82368,2.47435992441365,0.23568056310624053
13931,0.431547619047619,1,2,1,338490,267120,25589,82367,2.474341398347475,0.23567972485385721
13932,0.4315555555555555,0,1,0,338491,267119,25589,82367,2.4743321353143872,0.23568039921484696
13933,0.4315714285714285,0,1,0,338492,267118,25589,82367,2.4743228722813,0.23568107357969584
13934,0.4315833333333333,0,1,0,338493,267117,25589,82367,2.4743136092482123,0.23568174794840394
13935,0.4315952380952381,0,1,0,338494,267116,25589,82367,2.4743043462151246,0.23568242232097125
13936,0.4316269841269842,0,1,0,338495,267115,25589,82367,2.474295083182037,0.23568309669739787
13937,0.4316428571428571,1,0,1,338495,267115,25590,82366,2.474295083182037,0.23568090969180014
13938,0.4316666666666666,35,221,35,338716,266894,25625,82331,2.4722479528696875,0.23575345407688453
13939,0.4316666666666667,28,201,28,338917,266693,25653,82303,2.4703860832190894,0.2358279177984848
13940,0.4317142857142857,0,1,0,338918,266692,25653,82303,2.4703768201860017,0.23582859353285865
13941,0.4317142857142858,0,1,0,338919,266691,25653,82303,2.470367557152914,0.23582926927110495
13942,0.4317171717171717,0,1,0,338920,266690,25653,82303,2.4703582941198268,0.23582994501322377
13943,0.4317499999999999,1,1,1,338921,266689,25654,82302,2.470349031086739,0.23582843110567323
13944,0.4317698412698412,0,1,0,338922,266688,25654,82302,2.4703397680536514,0.23582910685119918
13945,0.4317857142857143,0,3,0,338925,266685,25654,82302,2.470311978954389,0.23583113411101272
13946,0.4317878787878788,0,1,0,338926,266684,25654,82302,2.470302715921301,0.23583180987202926
13947,0.4318095238095238,0,1,0,338927,266683,25654,82302,2.470293452888214,0.2358324856369185
13948,0.4318333333333333,2,19,2,338946,266664,25656,82300,2.47011745525955,0.2358409463440355
13949,0.4318571428571428,0,2,0,338948,266662,25656,82300,2.4700989291933753,0.23584229801525666
13950,0.4318809523809523,0,1,0,338949,266661,25656,82300,2.4700896661602876,0.2358429738566774
13951,0.4319047619047619,1,4,1,338953,266657,25657,82299,2.4700526140279373,0.23584348743108013
13952,0.4319166666666666,0,1,0,338954,266656,25657,82299,2.4700433509948496,0.2358441632875299
13953,0.4319285714285714,1,0,1,338954,266656,25658,82298,2.4700433509948496,0.2358419734406254
13954,0.431952380952381,0,1,0,338955,266655,25658,82298,2.4700340879617624,0.23584264929661014
13955,0.4319999999999999,0,5,0,338960,266650,25658,82298,2.4699877727963244,0.23584602863463897
13956,0.432,22,91,22,339051,266559,25680,82276,2.469144836785357,0.23585936044261613
13957,0.4320000000000001,1,2,1,339053,266557,25681,82275,2.469126310719182,0.23585852215393083
13958,0.4320238095238095,0,2,0,339055,266555,25681,82275,2.4691077846530067,0.23585987443740503
13959,0.4320833333333334,1,0,1,339055,266555,25682,82274,2.4691077846530067,0.23585768385082662
13960,0.4321428571428571,3,7,3,339062,266548,25685,82271,2.469042943421394,0.23585584500844278
13961,0.4321666666666666,0,5,0,339067,266543,25685,82271,2.4689966282559563,0.2358592258338255
13962,0.4321666666666667,1,8,1,339075,266535,25686,82270,2.468922523991256,0.23586244463238773
13963,0.4321746031746031,0,2,0,339077,266533,25686,82270,2.4689039979250804,0.23586379704303
13964,0.4322142857142858,0,1,0,339078,266532,25686,82270,2.468894734891993,0.23586447325416712
13965,0.4322222222222222,0,3,0,339081,266529,25686,82270,2.4688669457927306,0.23586650191084263
13966,0.4322499999999999,0,1,0,339082,266528,25686,82270,2.468857682759643,0.2358671781374893
13967,0.4322619047619048,0,1,0,339083,266527,25686,82270,2.468848419726555,0.2358678543680135
13968,0.4322857142857143,0,2,0,339085,266525,25686,82270,2.4688298936603803,0.2358692068406944
13969,0.4323095238095238,0,2,0,339087,266523,25686,82270,2.468811367594205,0.23587055932888562
13970,0.4323333333333333,6,46,6,339133,266477,25692,82264,2.4683852680721774,0.23588852472178493
13971,0.4323333333333334,1,1,1,339134,266476,25693,82263,2.46837600503909,0.23588701005623117
13972,0.4323809523809523,0,1,0,339135,266475,25693,82263,2.4683667420060025,0.23588768645802866
13973,0.4323809523809524,1,1,1,339136,266474,25694,82262,2.468357478972915,0.23588617177463755
13974,0.4324117647058824,0,1,0,339137,266473,25694,82262,2.468348215939827,0.23588684817985003
13975,0.4324166666666666,1,1,1,339138,266472,25695,82261,2.46833895290674,0.23588533347862117
13976,0.4324761904761904,0,1,0,339139,266471,25695,82261,2.468329689873652,0.23588600988724867
13977,0.4324761904761905,0,1,0,339140,266470,25695,82261,2.4683204268405645,0.2358866862997554
13978,0.4324801587301588,0,2,0,339142,266468,25695,82261,2.4683019007743896,0.23588803913640677
13979,0.4324999999999999,0,10,0,339152,266458,25695,82261,2.468209270443514,0.23589480355243048
13980,0.4325,47,344,47,339496,266114,25742,82214,2.4650227870613954,0.2360246664063756
13981,0.432531746031746,0,1,0,339497,266113,25742,82214,2.4650135240283078,0.23602534400146988
13982,0.432547619047619,0,1,0,339498,266112,25742,82214,2.46500426099522,0.23602602160045474
13983,0.4325555555555556,1,0,1,339498,266112,25743,82213,2.46500426099522,0.2360238283212517
13984,0.4325714285714285,0,1,0,339499,266111,25743,82213,2.464994997962133,0.23602450591977583
13985,0.4325833333333333,0,1,0,339500,266110,25743,82213,2.464985734929045,0.23602518352219062
13986,0.4326111111111111,0,2,0,339502,266108,25743,82213,2.4649672088628702,0.23602653873869217
13987,0.4326190476190475,0,9,0,339511,266099,25743,82213,2.464883841565082,0.23603263740554445
13988,0.4326190476190477,0,1,0,339512,266098,25743,82213,2.4648745785319943,0.23603331505464945
13989,0.4326666666666666,3,34,3,339546,266064,25746,82210,2.4645596354070176,0.23604977689979728
13990,0.4326666666666667,1,6,1,339552,266058,25747,82209,2.4645040572084924,0.23605165002713435
13991,0.432686507936508,0,1,0,339553,266057,25747,82209,2.4644947941754047,0.2360523278183917
13992,0.4326904761904762,0,2,0,339555,266055,25747,82209,2.46447626810923,0.23605368341258356
13993,0.432702380952381,0,1,0,339556,266054,25747,82209,2.464467005076142,0.23605436121551815
13994,0.4327222222222222,0,2,0,339558,266052,25747,82209,2.464448479009967,0.23605571683306487
13995,0.4327272727272727,0,1,0,339559,266051,25747,82209,2.4644392159768795,0.23605639464767703
13996,0.4327380952380952,0,1,0,339560,266050,25747,82209,2.464429952943792,0.23605707246618177
13997,0.4327499999999999,1,3,1,339563,266047,25748,82208,2.4644021638445293,0.2360569123199954
13998,0.4327698412698412,0,1,0,339564,266046,25748,82208,2.4643929008114416,0.2360575901497183
13999,0.4327777777777777,0,1,0,339565,266045,25748,82208,2.4643836377783543,0.23605826798333396
14000,0.432797619047619,0,1,0,339566,266044,25748,82208,2.4643743747452667,0.2360589458208424
14001,0.4328333333333333,1,8,1,339574,266036,25749,82207,2.464300270480566,0.23606217497551996
14002,0.4328333333333334,0,1,0,339575,266035,25749,82207,2.4642910074474784,0.23606285284371212
14003,0.4328571428571428,1,14,1,339589,266021,25750,82206,2.4641613249842527,0.23607014964376685
14004,0.4328809523809523,0,2,0,339591,266019,25750,82206,2.4641427989180777,0.2360715054921387
14005,0.4329126984126983,1,0,1,339591,266019,25751,82205,2.4641427989180777,0.23606931170740672
14006,0.4329166666666666,2,4,2,339595,266015,25753,82203,2.4641057467857275,0.23606763579137208
14007,0.432952380952381,0,3,0,339598,266012,25753,82203,2.464077957686465,0.23606966960067774
14008,0.4329642857142858,1,0,1,339598,266012,25754,82202,2.464077957686465,0.2360674757476724
14009,0.433,6,41,6,339639,265971,25760,82196,2.4636981733298753,0.23608211002191476
14010,0.433047619047619,0,1,0,339640,265970,25760,82196,2.4636889102967876,0.23608278809533384
14011,0.4330555555555555,1,0,1,339640,265970,25761,82195,2.4636889102967876,0.23608059397124925
14012,0.433080808080808,1,0,1,339640,265970,25762,82194,2.4636889102967876,0.23607839983456072
14013,0.4330833333333334,0,1,0,339641,265969,25762,82194,2.4636796472637,0.23607907790316604
14014,0.433095238095238,0,2,0,339643,265967,25762,82194,2.463661121197525,0.2360804340520621
14015,0.4331428571428571,0,1,0,339644,265966,25762,82194,2.4636518581644373,0.23608111213235294
14016,0.4331666666666666,1,9,1,339653,265957,25763,82193,2.4635684908666495,0.2360850208243573
14017,0.4331666666666667,1,12,1,339665,265945,25764,82192,2.4634573344695987,0.23609096418938522
14018,0.4331818181818181,0,1,0,339666,265944,25764,82192,2.463448071436511,0.23609164234666913
14019,0.4332142857142857,0,5,0,339671,265939,25764,82192,2.4634017562710735,0.23609503319152847
14020,0.4332359307359308,0,1,0,339672,265938,25764,82192,2.463392493237986,0.23609571137218854
14021,0.4332857142857143,0,1,0,339673,265937,25764,82192,2.463383230204898,0.23609638955674478
14022,0.4333333333333333,88,762,88,340435,265175,25852,82104,2.456324798992182,0.23642086046089744
14023,0.4333333333333334,1,1,1,340436,265174,25853,82103,2.4563155359590945,0.23641934248452964
14024,0.4333571428571428,0,1,0,340437,265173,25853,82103,2.456306272926007,0.23642002326679643
14025,0.4333730158730159,0,1,0,340438,265172,25853,82103,2.4562970098929195,0.23642070405298396
14026,0.4333809523809523,0,1,0,340439,265171,25853,82103,2.456287746859832,0.2364213848430922
14027,0.4333928571428572,0,1,0,340440,265170,25853,82103,2.456278483826744,0.23642206563712123
14028,0.4334285714285714,0,1,0,340441,265169,25853,82103,2.4562692207936565,0.23642274643507108
14029,0.4334523809523809,0,1,0,340442,265168,25853,82103,2.4562599577605693,0.23642342723694176
14030,0.433459595959596,0,1,0,340443,265167,25853,82103,2.4562506947274816,0.2364241080427333
14031,0.4334920634920635,0,1,0,340444,265166,25853,82103,2.456241431694394,0.2364247888524458
14032,0.4334999999999999,2,2,2,340446,265164,25855,82101,2.456222905628219,0.2364217528400501
14033,0.4335,4,17,4,340463,265147,25859,82097,2.4560654340657306,0.23642453145338724
14034,0.4335000000000001,0,1,0,340464,265146,25859,82097,2.456056171032643,0.23642521231529506
14035,0.4335238095238095,0,1,0,340465,265145,25859,82097,2.4560469079995553,0.2364258931811244
14036,0.4335714285714285,0,3,0,340468,265142,25859,82097,2.4560191189002927,0.23642793580214205
14037,0.4335714285714286,0,2,0,340470,265140,25859,82097,2.4560005928341178,0.23642929756909545
14038,0.4336161616161616,0,1,0,340471,265139,25859,82097,2.45599132980103,0.23642997845845476
14039,0.4336269841269841,0,1,0,340472,265138,25859,82097,2.4559820667679424,0.23643065935173585
14040,0.4336428571428571,0,1,0,340473,265137,25859,82097,2.455972803734855,0.23643134024893875
14041,0.4336666666666666,2,35,2,340508,265102,25861,82095,2.4556485975767903,0.23645077578435297
14042,0.4336666666666667,1,4,1,340512,265098,25862,82094,2.4556115454444405,0.23645130072121479
14043,0.4336904761904762,0,1,0,340513,265097,25862,82094,2.455602282411353,0.23645198176220006
14044,0.4337142857142856,0,1,0,340514,265096,25862,82094,2.455593019378265,0.2364526628071085
14045,0.4337380952380952,0,1,0,340515,265095,25862,82094,2.4555837563451774,0.23645334385594013
14046,0.43375,4,6,4,340521,265089,25866,82090,2.4555281781466523,0.23644863312585152
14047,0.4337500000000001,0,2,0,340523,265087,25866,82090,2.4555096520804773,0.23644999524738103
14048,0.4337619047619047,0,2,0,340525,265085,25866,82090,2.455491126014302,0.2364513573846043
14049,0.4337857142857143,0,3,0,340528,265082,25866,82090,2.4554633369150394,0.23645340061986567
14050,0.4337878787878788,0,1,0,340529,265081,25866,82090,2.4554540738819517,0.2364540817061333
14051,0.4338095238095238,1,7,1,340536,265074,25867,82089,2.455389232650339,0.2364566500462319
14052,0.4338333333333332,0,2,0,340538,265072,25867,82089,2.455370706584164,0.23645801227672464
14053,0.4338333333333333,0,4,0,340542,265068,25867,82089,2.4553336544518136,0.23646073678479765
14054,0.4338333333333334,1,0,1,340542,265068,25868,82088,2.4553336544518136,0.23645853737224765
14055,0.4338571428571429,1,0,1,340542,265068,25869,82087,2.4553336544518136,0.23645633794702656
14056,0.4338809523809525,0,1,0,340543,265067,25869,82087,2.455324391418726,0.23645701907510788
14057,0.4338888888888889,1,1,1,340544,265066,25870,82086,2.4553151283856387,0.2364555007604738
14058,0.4339047619047618,0,2,0,340546,265064,25870,82086,2.4552966023194633,0.23645686302750973
14059,0.4339166666666665,0,1,0,340547,265063,25870,82086,2.455287339286376,0.23645754416691392
14060,0.4339166666666667,0,3,0,340550,265060,25870,82086,2.455259550187113,0.23645958760867186
14061,0.4339285714285714,0,2,0,340552,265058,25870,82086,2.455241024120938,0.23646094992279862
14062,0.433952380952381,0,3,0,340555,265055,25870,82086,2.4552132350216755,0.2364629934234216
14063,0.4339999999999999,1,4,1,340559,265051,25871,82085,2.4551761828893253,0.23646351862094395
14064,0.434,10,140,10,340699,264911,25881,82075,2.4538793582570677,0.23653692079795727
14065,0.4340173160173159,0,1,0,340700,264910,25881,82075,2.45387009522398,0.23653760249002118
14066,0.4340277777777778,0,1,0,340701,264909,25881,82075,2.453860832190893,0.23653828418601433
14067,0.4340411255411257,0,1,0,340702,264908,25881,82075,2.453851569157805,0.23653896588593679
14068,0.434047619047619,1,3,1,340705,264905,25882,82074,2.4538237800585425,0.23653881070612343
14069,0.4341666666666666,22,86,22,340791,264819,25904,82052,2.4530271592130126,0.23654903407895153
14070,0.4341666666666667,9,62,9,340853,264757,25913,82043,2.4524528511615844,0.2365715109573241
14071,0.4341904761904761,0,2,0,340855,264755,25913,82043,2.452434325095409,0.23657287527609733
14072,0.4342499999999999,1,1,1,340856,264754,25914,82042,2.452425062062322,0.23657135607100427
14073,0.4342619047619048,0,1,0,340857,264753,25914,82042,2.452415799029234,0.23657203823584538
14074,0.4342857142857143,2,18,2,340875,264735,25916,82040,2.452249064433658,0.2365799149304304
14075,0.4342857142857144,0,1,0,340876,264734,25916,82040,2.4522398014005704,0.23658059716126353
14076,0.4343253968253968,1,1,1,340877,264733,25917,82039,2.452230538367483,0.2365790778955625
14077,0.4343333333333333,9,34,9,340911,264699,25926,82030,2.451915595242506,0.2365824606537094
14078,0.4343863636363638,0,3,0,340914,264696,25926,82030,2.4518878061432434,0.23658450765157502
14079,0.4343968253968253,0,1,0,340915,264695,25926,82030,2.451878543110156,0.23658518999206865
14080,0.4344047619047619,0,2,0,340917,264693,25926,82030,2.451860017043981,0.2365865546848637
14081,0.4344300144300144,1,1,1,340918,264692,25927,82029,2.451850754010893,0.23658503523005528
14082,0.4344365079365079,1,2,1,340920,264690,25928,82028,2.4518322279447182,0.23658419810912615
14083,0.4344444444444444,0,1,0,340921,264689,25928,82028,2.4518229649116305,0.23658488046447101
14084,0.4344761904761905,0,2,0,340923,264687,25928,82028,2.4518044388454556,0.23658624518696914
14085,0.4344999999999999,1,11,1,340934,264676,25929,82027,2.4517025454814925,0.2365915495395194
14086,0.4345,1,13,1,340947,264663,25930,82026,2.4515821260513544,0.23659821915318918
14087,0.4345238095238095,3,3,3,340950,264660,25933,82023,2.451554336952092,0.2365936604909961
14088,0.434547619047619,0,1,0,340951,264659,25933,82023,2.451545073919004,0.23659434294252368
14089,0.4345833333333332,0,3,0,340954,264656,25933,82023,2.4515172848197415,0.23659639032072896
14090,0.4345833333333334,0,2,0,340956,264654,25933,82023,2.451498758753566,0.23659775525921822
14091,0.4346428571428571,0,4,0,340960,264650,25933,82023,2.451461706621216,0.23660048518344376
14092,0.4346666666666666,1,15,1,340975,264635,25934,82022,2.451322761124903,0.23660852081452272
14093,0.4346666666666667,2,21,2,340996,264614,25936,82020,2.4511282374300642,0.23661845058476663
14094,0.4346904761904761,0,1,0,340997,264613,25936,82020,2.4511189743969766,0.23661913320428235
14095,0.4347142857142856,0,3,0,341000,264610,25936,82020,2.451091185297714,0.23662118108646107
14096,0.4347222222222222,0,1,0,341001,264609,25936,82020,2.4510819222646263,0.2366218637217313
14097,0.43475,0,1,0,341002,264608,25936,82020,2.4510726592315386,0.23662254636094027
14098,0.4347619047619047,0,4,0,341006,264604,25936,82020,2.4510356070991888,0.23662527695716395
14099,0.4347619047619048,0,2,0,341008,264602,25936,82020,2.4510170810330134,0.236626642278909
14100,0.4348214285714285,0,1,0,341009,264601,25936,82020,2.4510078179999257,0.23662732494568997
14101,0.4348333333333333,2,17,2,341026,264584,25938,82018,2.4508503464374374,0.23663452605582194
14102,0.4348571428571428,0,1,0,341027,264583,25938,82018,2.45084108340435,0.23663520878474095
14103,0.4348571428571429,0,1,0,341028,264582,25938,82018,2.4508318203712625,0.23663589151759953
14104,0.4348722943722943,0,1,0,341029,264581,25938,82018,2.450822557338175,0.23663657425439774
14105,0.4348809523809524,0,4,0,341033,264577,25938,82018,2.4507855052058245,0.2366393052409873
14106,0.4348888888888889,0,1,0,341034,264576,25938,82018,2.4507762421727373,0.2366399879974841
14107,0.4349166666666666,0,1,0,341035,264575,25938,82018,2.4507669791396496,0.23664067075792067
14108,0.4349166666666667,0,1,0,341036,264574,25938,82018,2.450757716106562,0.23664135352229712
14109,0.4349255189255189,0,1,0,341037,264573,25938,82018,2.450748453073474,0.23664203629061342
14110,0.4349285714285715,0,3,0,341040,264570,25938,82018,2.4507206639742116,0.23664408461920206
14111,0.4349404761904762,0,1,0,341041,264569,25938,82018,2.450711400941124,0.23664476740327825
14112,0.4349999999999999,3,20,3,341061,264549,25941,82015,2.450526140279373,0.23665181611477246
14113,0.435,151,1338,151,342399,263211,26092,81864,2.4381322020082257,0.2372353836122582
14114,0.4350000000000001,0,1,0,342400,263210,26092,81864,2.438122938975138,0.23723607110358938
14115,0.4350238095238095,1,1,1,342401,263209,26093,81863,2.4381136759420503,0.23723454815226966
14116,0.4350476190476191,0,1,0,342402,263208,26093,81863,2.438104412908963,0.23723523564715668
14117,0.4351428571428571,0,1,0,342403,263207,26093,81863,2.4380951498758754,0.23723592314602834
14118,0.4351666666666666,2,12,2,342415,263195,26095,81861,2.4379839934788246,0.23723975238801817
14119,0.4351666666666667,0,3,0,342418,263192,26095,81861,2.437956204379562,0.23724181502551783
14120,0.4351904761904762,0,2,0,342420,263190,26095,81861,2.437937678313387,0.23724319013711018
14121,0.4352380952380952,1,3,1,342423,263187,26096,81860,2.4379098892141244,0.2372430422522149
14122,0.4352499999999999,0,2,0,342425,263185,26096,81860,2.437891363147949,0.23724441739483257
14123,0.4352857142857143,0,1,0,342426,263184,26096,81860,2.4378821001148614,0.2372451049721195
14124,0.4353095238095237,0,2,0,342428,263182,26096,81860,2.4378635740486865,0.2372464801386498
14125,0.4353333333333332,0,1,0,342429,263181,26096,81860,2.437854311015599,0.2372471677278932
14126,0.4353333333333333,3,14,3,342443,263167,26099,81857,2.437724628552373,0.2372501623075496
14127,0.4353333333333334,2,15,2,342458,263152,26101,81855,2.43758568305606,0.2372560556742327
14128,0.4353571428571428,0,3,0,342461,263149,26101,81855,2.437557893956797,0.2372581187464493
14129,0.4353571428571429,0,1,0,342462,263148,26101,81855,2.4375486309237098,0.23725880644516134
14130,0.4353809523809523,0,1,0,342463,263147,26101,81855,2.437539367890622,0.23725949414786002
14131,0.4354166666666666,1,1,1,342464,263146,26102,81854,2.4375301048575344,0.23725797101449275
14132,0.435452380952381,0,1,0,342465,263145,26102,81854,2.437520841824447,0.23725865872074992
14133,0.4354761904761904,1,0,1,342465,263145,26103,81853,2.437520841824447,0.23725644786346586
14134,0.4354761904761905,0,1,0,342466,263144,26103,81853,2.4375115787913595,0.2372571355692948
14135,0.435484126984127,1,1,1,342467,263143,26104,81852,2.437502315758272,0.2372556124001797
14136,0.4355,2,23,2,342490,263120,26106,81850,2.4372892659972583,0.2372670087253964
14137,0.4355238095238094,0,4,0,342494,263116,26106,81850,2.437252213864908,0.23726975991836877
14138,0.4355357142857143,0,1,0,342495,263115,26106,81850,2.4372429508318203,0.23727044772658096
14139,0.4355476190476191,0,1,0,342496,263114,26106,81850,2.4372336877987326,0.23727113553878085
14140,0.4355555555555556,0,1,0,342497,263113,26106,81850,2.4372244247656454,0.2372718233549685
14141,0.4356111111111111,0,1,0,342498,263112,26106,81850,2.4372151617325577,0.23727251117514392
14142,0.4356190476190476,0,4,0,342502,263108,26106,81850,2.4371781096002074,0.23727526249572412
14143,0.4356190476190477,1,0,1,342502,263108,26107,81849,2.4371781096002074,0.23727305142380065
14144,0.4356309523809523,1,1,1,342503,263107,26108,81848,2.4371688465671197,0.23727152817034106
14145,0.4356428571428571,0,1,0,342504,263106,26108,81848,2.4371595835340325,0.23727221600561235
14146,0.4356547619047618,0,2,0,342506,263104,26108,81848,2.437141057467857,0.23727359168811893
14147,0.4356547619047619,0,1,0,342507,263103,26108,81848,2.43713179443477,0.2372742795353543
14148,0.4356601731601731,0,1,0,342508,263102,26108,81848,2.4371225314016822,0.23727496738657777
14149,0.4356666666666666,1,29,1,342537,263073,26109,81847,2.436853903442143,0.23729270555491128
14150,0.4356666666666667,3,17,3,342554,263056,26112,81844,2.4366964318796547,0.23729776746883155
14151,0.4356904761904762,0,2,0,342556,263054,26112,81844,2.4366779058134798,0.23729914351489426
14152,0.4357063492063491,0,1,0,342557,263053,26112,81844,2.436668642780392,0.2372998315439102
14153,0.4357142857142857,3,16,3,342573,263037,26115,81841,2.436520434250991,0.2373042061250645
14154,0.4357142857142858,0,1,0,342574,263036,26115,81841,2.4365111712179037,0.2373048942086599
14155,0.4357402597402597,0,1,0,342575,263035,26115,81841,2.436501908184816,0.2373055822962456
14156,0.4357499999999999,0,1,0,342576,263034,26115,81841,2.4364926451517284,0.23730627038782168
14157,0.43575,0,1,0,342577,263033,26115,81841,2.436483382118641,0.23730695848338815
14158,0.4357738095238095,0,1,0,342578,263032,26115,81841,2.4364741190855534,0.23730764658294504
14159,0.4357777777777777,0,1,0,342579,263031,26115,81841,2.4364648560524658,0.23730833468649237
14160,0.4358095238095238,0,1,0,342580,263030,26115,81841,2.436455593019378,0.23730902279403024
14161,0.4358333333333333,15,144,15,342724,262886,26130,81826,2.4351217162547703,0.23737496808930353
14162,0.4358333333333334,0,2,0,342726,262884,26130,81826,2.4351031901885953,0.23737634533375881
14163,0.4358571428571428,0,1,0,342727,262883,26130,81826,2.4350939271555077,0.2373770339619795
14164,0.4358846153846153,0,1,0,342728,262882,26130,81826,2.4350846641224204,0.23737772259419568
14165,0.4359365079365079,1,0,1,342728,262882,26131,81825,2.4350846641224204,0.23737551021592251
14166,0.4359404761904762,1,0,1,342728,262882,26132,81824,2.4350846641224204,0.23737329782481303
14167,0.4359523809523809,0,5,0,342733,262877,26132,81824,2.4350383489569825,0.2373767410016217
14168,0.435952380952381,0,3,0,342736,262874,26132,81824,2.43501055985772,0.23737880695565394
14169,0.4359559590736062,0,1,0,342737,262873,26132,81824,2.435001296824632,0.2373794956149894
14170,0.4359999999999999,3,10,3,342747,262863,26135,81821,2.4349086664937567,0.2373797449257871
14171,0.436,19,144,19,342891,262719,26154,81802,2.433574789729149,0.23743690515237098
14172,0.4360000000000001,1,4,1,342895,262715,26155,81801,2.4335377375967986,0.2374374484784451
14173,0.4360238095238095,0,1,0,342896,262714,26155,81801,2.4335284745637114,0.2374381376717995
14174,0.4360714285714285,0,3,0,342899,262711,26155,81801,2.4335006854644483,0.23744020527586848
14175,0.4360714285714286,1,3,1,342902,262708,26156,81800,2.4334728963651857,0.23744005944709556
14176,0.436111111111111,0,2,0,342904,262706,26156,81800,2.433454370299011,0.23744143788497152
14177,0.4361111111111111,0,1,0,342905,262705,26156,81800,2.433445107265923,0.23744212710991133
14178,0.4361190476190476,0,1,0,342906,262704,26156,81800,2.4334358442328354,0.2374428163388524
14179,0.4361666666666666,1,14,1,342920,262690,26157,81799,2.4333061617696097,0.23745025240283435
14180,0.4361904761904761,0,2,0,342922,262688,26157,81799,2.4332876357034348,0.2374516309759149
14181,0.4361904761904762,1,3,1,342925,262685,26158,81798,2.433259846604172,0.23745148526922955
14182,0.4361911976911978,0,1,0,342926,262684,26158,81798,2.4332505835710845,0.2374521745693534
14183,0.4362272727272727,0,1,0,342927,262683,26158,81798,2.433241320537997,0.23745286387347925
14184,0.4362380952380952,0,2,0,342929,262681,26158,81798,2.433222794471822,0.23745424249373692
14185,0.4362499999999999,0,1,0,342930,262680,26158,81798,2.433213531438734,0.23745493180986885
14186,0.43625,1,6,1,342936,262674,26159,81797,2.433157953240209,0.2374568541328588
14187,0.4362500000000001,0,1,0,342937,262673,26159,81797,2.4331486902071213,0.23745754347258108
14188,0.4362619047619047,0,1,0,342938,262672,26159,81797,2.433139427174034,0.23745823281630568
14189,0.4362878787878788,0,1,0,342939,262671,26159,81797,2.4331301641409464,0.23745892216403267
14190,0.436297619047619,0,1,0,342940,262670,26159,81797,2.4331209011078587,0.23745961151576203
14191,0.4363095238095237,0,1,0,342941,262669,26159,81797,2.433111638074771,0.23746030087149383
14192,0.4363095238095238,1,2,1,342943,262667,26160,81796,2.433093112008596,0.23745946589328898
14193,0.4363333333333332,0,1,0,342944,262666,26160,81796,2.4330838489755084,0.23746015525660305
14194,0.4363333333333333,4,23,4,342967,262643,26164,81792,2.432870799214495,0.23746715635751303
14195,0.4363333333333334,0,3,0,342970,262640,26164,81792,2.4328430101152323,0.2374692246945696
14196,0.4363452380952381,0,1,0,342971,262639,26164,81792,2.4328337470821446,0.2374699141482619
14197,0.4363492063492063,0,1,0,342972,262638,26164,81792,2.432824484049057,0.23747060360595768
14198,0.4363492063492064,0,2,0,342974,262636,26164,81792,2.432805957982882,0.23747198253335966
14199,0.4363809523809523,1,2,1,342976,262634,26165,81791,2.4327874319167067,0.23747114756478188
14200,0.4364246031746031,0,2,0,342978,262632,26165,81791,2.4327689058505317,0.23747252651536047
14201,0.4364285714285714,0,5,0,342983,262627,26165,81791,2.4327225906850938,0.23747597396187192
14202,0.4364722222222222,0,1,0,342984,262626,26165,81791,2.4327133276520065,0.2374766634631856
14203,0.4364999999999999,0,1,0,342985,262625,26165,81791,2.432704064618919,0.2374773529685032
14204,0.4365,4,24,4,343009,262601,26169,81787,2.4324817518248176,0.23748504593655992
14205,0.4365238095238095,0,1,0,343010,262600,26169,81787,2.43247248879173,0.23748573552427937
14206,0.4365476190476189,0,3,0,343013,262597,26169,81787,2.4324446996924673,0.23748780431146627
14207,0.4365476190476191,0,2,0,343015,262595,26169,81787,2.432426173626292,0.23748918352294834
14208,0.4365992063492063,2,2,2,343017,262593,26171,81785,2.432407647560117,0.23748613442205949
14209,0.4366190476190476,0,1,0,343018,262592,26171,81785,2.4323983845270294,0.23748682403296387
14210,0.4366666666666666,47,442,47,343460,262150,26218,81738,2.4283041239023304,0.23768785185874472
14211,0.4366666666666667,47,343,47,343803,261807,26265,81691,2.4251269035532994,0.2378208897868401
14212,0.4367142857142857,0,1,0,343804,261806,26265,81691,2.4251176405202117,0.23782158213899976
14213,0.4367142857142858,0,2,0,343806,261804,26265,81691,2.425099114454037,0.23782296685541274
14214,0.436732683982684,0,1,0,343807,261803,26265,81691,2.425089851420949,0.23782365921966614
14215,0.4367499999999999,0,1,0,343808,261802,26265,81691,2.425080588387862,0.23782435158795084
14216,0.43675,1,2,1,343810,261800,26266,81690,2.4250620623216865,0.23782351742408803
14217,0.4367619047619047,0,1,0,343811,261799,26266,81690,2.425052799288599,0.2378242098000227
14218,0.4367857142857143,0,4,0,343815,261795,26266,81690,2.425015747156249,0.23782697934407615
14219,0.4368333333333333,6,19,6,343834,261776,26272,81684,2.4248397495275853,0.2378268211727712
14220,0.4368333333333334,0,1,0,343835,261775,26272,81684,2.4248304864944976,0.23782751361880167
14221,0.4368571428571428,0,7,0,343842,261768,26272,81684,2.4247656452628847,0.23783236085391846
14222,0.4368888888888888,0,1,0,343843,261767,26272,81684,2.4247563822297975,0.2378330533322075
14223,0.4368968253968253,0,2,0,343845,261765,26272,81684,2.424737856163622,0.2378344383008831
14224,0.4369047619047619,0,2,0,343847,261763,26272,81684,2.4247193300974472,0.23783582328568892
14225,0.4369166666666667,0,1,0,343848,261762,26272,81684,2.4247100670643595,0.23783651578414075
14226,0.4369999999999999,0,6,0,343854,261756,26272,81684,2.4246544888658343,0.23784067085953878
14227,0.437,8,36,8,343890,261720,26280,81676,2.4243210196746823,0.23784784913044998
14228,0.4370714285714285,0,1,0,343891,261719,26280,81676,2.4243117566415946,0.23784854176677003
14229,0.4370833333333332,0,1,0,343892,261718,26280,81676,2.4243024936085074,0.2378492344071242
14230,0.4370833333333334,1,4,1,343896,261714,26281,81675,2.424265441476157,0.23784978552021177
14231,0.437111111111111,0,1,0,343897,261713,26281,81675,2.4242561784430694,0.23785047817629038
14232,0.437142857142857,0,2,0,343899,261711,26281,81675,2.4242376523768945,0.2378518635005504
14233,0.4371428571428571,1,15,1,343914,261696,26282,81674,2.424098706880581,0.23786003436526196
14234,0.4371547619047619,1,0,1,343914,261696,26283,81673,2.424098706880581,0.2378578147706986
14235,0.4371666666666666,1,2,1,343916,261694,26284,81672,2.4240801808144057,0.23785698059796254
14236,0.4371666666666667,1,9,1,343925,261685,26285,81671,2.423996813516618,0.2378609955847575
14237,0.43725,0,1,0,343926,261684,26285,81671,2.42398755048353,0.23786168834005622
14238,0.4372727272727272,0,1,0,343927,261683,26285,81671,2.423978287450443,0.23786238109939015
14239,0.4373095238095238,0,1,0,343928,261682,26285,81671,2.4239690244173553,0.23786307386275932
14240,0.4373333333333333,7,34,7,343962,261648,26292,81664,2.4236540812923786,0.2378710910192478
14241,0.4373333333333334,1,3,1,343965,261645,26293,81663,2.4236262921931155,0.237870949701143
14242,0.4373690476190476,0,2,0,343967,261643,26293,81663,2.4236077661269406,0.23787233546748382
14243,0.4373809523809523,0,3,0,343970,261640,26293,81663,2.423579977027678,0.23787441414726931
14244,0.4373809523809524,0,2,0,343972,261638,26293,81663,2.4235614509615027,0.23787579995397626
14245,0.4374444444444444,0,1,0,343973,261637,26293,81663,2.4235521879284154,0.2378764928633848
14246,0.4374523809523809,0,1,0,343974,261636,26293,81663,2.4235429248953277,0.23787718577683012
14247,0.4374999999999999,1,5,1,343979,261631,26294,81662,2.42349660972989,0.2378784303787144
14248,0.4375,64,337,64,344316,261294,26358,81598,2.420374967579384,0.23796997305273965
14249,0.4375198412698413,0,2,0,344318,261292,26358,81598,2.420356441513209,0.2379713610778967
14250,0.4375238095238095,0,3,0,344321,261289,26358,81598,2.4203286524139465,0.2379734431459927
14251,0.4375396825396825,1,2,1,344323,261287,26359,81597,2.420310126347771,0.2379726088123097
14252,0.4375714285714285,0,1,0,344324,261286,26359,81597,2.420300863314684,0.23797330284674365
14253,0.4375757575757577,0,1,0,344325,261285,26359,81597,2.420291600281596,0.23797399688522583
14254,0.4375833333333332,0,1,0,344326,261284,26359,81597,2.4202823372485085,0.23797469092775628
14255,0.4376190476190476,1,6,1,344332,261278,26360,81596,2.4202267590499833,0.23797663281555323
14256,0.4376190476190477,0,5,0,344337,261273,26360,81596,2.4201804438845453,0.2379801031880981
14257,0.4376666666666666,2,42,2,344379,261231,26362,81594,2.419791396494868,0.23800481295121417
14258,0.4376666666666667,0,7,0,344386,261224,26362,81594,2.419726555263255,0.23800967277097468
14259,0.4377142857142857,1,2,1,344388,261222,26363,81593,2.4197080291970803,0.2380088385864096
14260,0.4377633689839572,1,2,1,344390,261220,26364,81592,2.4196895031309054,0.23800800438724432
14261,0.4377777777777777,0,3,0,344393,261217,26364,81592,2.4196617140316423,0.2380100872497513
14262,0.4377857142857143,1,1,1,344394,261216,26365,81591,2.419652450998555,0.23800855875171745
14263,0.4378333333333332,0,1,0,344395,261215,26365,81591,2.4196431879654674,0.23800925304691284
14264,0.4378333333333333,0,8,0,344403,261207,26365,81591,2.419569083700767,0.23801480755430313
14265,0.4378333333333334,2,5,2,344408,261202,26367,81589,2.4195227685353293,0.23801383350204644
14266,0.4378412698412697,0,1,0,344409,261201,26367,81589,2.4195135055022416,0.23801452784503632
14267,0.4378463203463204,0,3,0,344412,261198,26367,81589,2.419485716402979,0.23801661089831294
14268,0.4378571428571428,3,6,3,344418,261192,26370,81586,2.419430138204454,0.23801410825665592
14269,0.4378809523809523,0,1,0,344419,261191,26370,81586,2.419420875171366,0.23801480262678068
14270,0.4378888888888888,0,1,0,344420,261190,26370,81586,2.4194116121382785,0.2380154970009569
14271,0.4379047619047618,0,1,0,344421,261189,26370,81586,2.419402349105191,0.2380161913791846
14272,0.4379166666666666,0,1,0,344422,261188,26370,81586,2.4193930860721036,0.23801688576146382
14273,0.4379166666666667,1,3,1,344425,261185,26371,81585,2.419365296972841,0.23801674592292207
14274,0.4379285714285714,2,0,2,344425,261185,26373,81583,2.419365296972841,0.23801229986463146
14275,0.4379761904761904,0,1,0,344426,261184,26373,81583,2.4193560339397533,0.23801299424973815
14276,0.4379761904761905,0,1,0,344427,261183,26373,81583,2.4193467709066656,0.23801368863889652
14277,0.4379999999999999,18,97,18,344524,261086,26391,81565,2.418448256697173,0.23804103884126998
14278,0.438,2,5,2,344529,261081,26393,81563,2.418401941531735,0.2380400649070172
14279,0.4380357142857143,1,1,1,344530,261080,26394,81562,2.418392678498648,0.23803853584791124
14280,0.4380555555555556,0,2,0,344532,261078,26394,81562,2.4183741524324724,0.23803992528601448
14281,0.4380714285714286,0,1,0,344533,261077,26394,81562,2.4183648893993848,0.23804062001114876
14282,0.4380714285714288,0,2,0,344535,261075,26394,81562,2.41834636333321,0.23804200947358284
14283,0.438095238095238,1,1,1,344536,261074,26395,81561,2.418337100300122,0.238040480394589
14284,0.4380952380952381,0,2,0,344538,261072,26395,81561,2.4183185742339472,0.2380418698724291
14285,0.4381190476190476,0,1,0,344539,261071,26395,81561,2.4183093112008596,0.23804256461743212
14286,0.4381190476190477,0,1,0,344540,261070,26395,81561,2.418300048167772,0.23804325936649048
14287,0.4381428571428571,0,1,0,344541,261069,26395,81561,2.4182907851346847,0.23804395411960425
14288,0.4381547619047618,0,1,0,344542,261068,26395,81561,2.418281522101597,0.23804464887677343
14289,0.4381547619047619,0,1,0,344543,261067,26395,81561,2.4182722590685093,0.23804534363799806
14290,0.4381666666666666,1,10,1,344553,261057,26396,81560,2.418179628737634,0.2380500675681592
14291,0.4381666666666667,1,1,1,344554,261056,26397,81559,2.418170365704546,0.23804853844694482
14292,0.4382142857142856,0,3,0,344557,261053,26397,81559,2.4181425766052835,0.238050622862013
14293,0.4382142857142858,1,0,1,344557,261053,26398,81558,2.4181425766052835,0.238048398913053
14294,0.43825,0,1,0,344558,261052,26398,81558,2.4181333135721963,0.23804909372172442
14295,0.4382777777777778,0,1,0,344559,261051,26398,81558,2.4181240505391086,0.2380497885344518
14296,0.4383333333333333,65,456,65,345015,260595,26463,81493,2.413900107451184,0.23822232875751267
14297,0.4383333333333334,0,7,0,345022,260588,26463,81493,2.413835266219571,0.2382272034985866
14298,0.4383452380952379,0,1,0,345023,260587,26463,81493,2.4138260031864833,0.23822789990645463
14299,0.4383690476190476,0,1,0,345024,260586,26463,81493,2.4138167401533956,0.2382285963183943
14300,0.4383809523809523,0,2,0,345026,260584,26463,81493,2.4137982140872207,0.23822998915448862
14301,0.4384047619047619,1,0,1,345026,260584,26464,81492,2.4137982140872207,0.23822776225166337
14302,0.4384166666666667,0,1,0,345027,260583,26464,81492,2.413788951054133,0.238228458671344
14303,0.4384523809523808,1,0,1,345027,260583,26465,81491,2.413788951054133,0.23822623175102464
14304,0.4384523809523809,0,3,0,345030,260580,26465,81491,2.4137611619548704,0.23822832102107458
14305,0.4384761904761904,0,2,0,345032,260578,26465,81491,2.4137426358886955,0.2382297138881337
14306,0.4384999999999999,0,9,0,345041,260569,26465,81491,2.4136592685909073,0.23823598199146348
14307,0.4385,3,23,3,345064,260546,26468,81488,2.4134462188298937,0.23824532064063805
14308,0.4385000000000001,0,1,0,345065,260545,26468,81488,2.413436955796806,0.23824601719717103
14309,0.438547619047619,0,1,0,345066,260544,26468,81488,2.4134276927637184,0.23824671375777706
14310,0.4385555555555555,0,1,0,345067,260543,26468,81488,2.413418429730631,0.23824741032245614
14311,0.4385714285714285,1,0,1,345067,260543,26469,81487,2.413418429730631,0.23824518317106685
14312,0.4385714285714286,0,4,0,345071,260539,26469,81487,2.413381377598281,0.23824796945261473
14313,0.4385757575757574,0,3,0,345074,260536,26469,81487,2.4133535884990183,0.2382500592065446
14314,0.4385833333333332,0,1,0,345075,260535,26469,81487,2.4133443254659306,0.23825075579933455
14315,0.4386190476190476,1,2,1,345077,260533,26470,81486,2.4133257993997557,0.23824992178797083
14316,0.4386309523809523,0,2,0,345079,260531,26470,81486,2.4133072733335803,0.2382513149931144
14317,0.4386363636363636,0,1,0,345080,260530,26470,81486,2.4132980103004926,0.2382520116017964
14318,0.4386428571428571,1,0,1,345080,260530,26471,81485,2.4132980103004926,0.23824978436618277
14319,0.4386666666666666,3,29,3,345109,260501,26474,81482,2.413029382340954,0.2382633054859452
14320,0.4386666666666667,0,5,0,345114,260496,26474,81482,2.412983067175516,0.23826678909169596
14321,0.4386904761904761,0,1,0,345115,260495,26474,81482,2.4129738041424282,0.2382674858250701
14322,0.4386904761904762,0,1,0,345116,260494,26474,81482,2.412964541109341,0.238268182562519
14323,0.43875,3,9,3,345125,260485,26477,81479,2.4128811738115528,0.23826777087646653
14324,0.4387575757575757,0,1,0,345126,260484,26477,81479,2.412871910778465,0.23826846764123605
14325,0.4387619047619048,0,1,0,345127,260483,26477,81479,2.412862647745378,0.23826916441008064
14326,0.4388095238095238,0,4,0,345131,260479,26477,81479,2.4128255956130276,0.23827195152621083
14327,0.4388333333333332,1,1,1,345132,260478,26478,81478,2.41281633257994,0.23827042075588672
14328,0.4388333333333333,0,5,0,345137,260473,26478,81478,2.4127700174145024,0.2382739047407377
14329,0.4388333333333334,0,2,0,345139,260471,26478,81478,2.412751491348327,0.2382752983632062
14330,0.4388571428571428,0,2,0,345141,260469,26478,81478,2.412732965282152,0.2382766920019769
14331,0.4388730158730159,0,1,0,345142,260468,26478,81478,2.4127237022490644,0.23827738882747568
14332,0.4388888888888889,0,4,0,345146,260464,26478,81478,2.412686650116714,0.2382801761702277
14333,0.4388968253968254,0,4,0,345150,260460,26478,81478,2.412649597984364,0.23828296357819254
14334,0.4389047619047619,0,1,0,345151,260459,26478,81478,2.4126403349512766,0.23828366044037352
14335,0.4389166666666667,0,2,0,345153,260457,26478,81478,2.4126218088851012,0.23828505417696347
14336,0.4389267399267399,1,0,1,345153,260457,26479,81477,2.4126218088851012,0.2382828265103792
14337,0.4389285714285714,0,1,0,345154,260456,26479,81477,2.4126125458520136,0.23828352338031134
14338,0.438952380952381,0,1,0,345155,260455,26479,81477,2.4126032828189263,0.23828422025431958
14339,0.4389999999999999,0,1,0,345156,260454,26479,81477,2.4125940197858387,0.2382849171324039
14340,0.439,11,75,11,345231,260379,26490,81466,2.411899292304272,0.2383126855738712
14341,0.4390079365079365,0,3,0,345234,260376,26490,81466,2.4118715032050093,0.2383147770022408
14342,0.4390238095238094,1,0,1,345234,260376,26491,81465,2.4118715032050093,0.23831254881655506
14343,0.4390476190476189,1,0,1,345234,260376,26492,81464,2.4118715032050093,0.23831032061783292
14344,0.4390476190476191,0,7,0,345241,260369,26492,81464,2.4118066619733964,0.23831520069741657
14345,0.4390873015873016,0,1,0,345242,260368,26492,81464,2.411797398940309,0.23831589786795854
14346,0.4391190476190476,2,1,2,345243,260367,26494,81462,2.4117881359072215,0.23831213852540306
14347,0.4391428571428571,1,2,1,345245,260365,26495,81461,2.411769609841046,0.23831130458186328
14348,0.4391666666666666,19,70,19,345315,260295,26514,81442,2.4111211975249174,0.23831777068330323
14349,0.4391666666666667,6,64,6,345379,260231,26520,81436,2.4105283634073142,0.23834903575703828
14350,0.4391904761904762,1,1,1,345380,260230,26521,81435,2.4105191003742266,0.2383475041341665
14351,0.4392380952380952,0,1,0,345381,260229,26521,81435,2.410509837341139,0.23834820174206237
14352,0.4392380952380953,0,1,0,345382,260228,26521,81435,2.4105005743080516,0.23834889935404185
14353,0.43925,0,1,0,345383,260227,26521,81435,2.410491311274964,0.23834959697010497
14354,0.4392619047619047,0,2,0,345385,260225,26521,81435,2.4104727852087886,0.23835099221448222
14355,0.4392857142857142,0,1,0,345386,260224,26521,81435,2.4104635221757014,0.23835168984279648
14356,0.4392857142857143,3,10,3,345396,260214,26524,81432,2.410370891844826,0.2383519783635693
14357,0.4393095238095238,1,0,1,345396,260214,26525,81431,2.410370891844826,0.23834974900847372
14358,0.4393333333333333,8,50,8,345446,260164,26533,81423,2.409907740190448,0.23836679967328966
14359,0.4393333333333334,0,1,0,345447,260163,26533,81423,2.4098984771573604,0.23836749749697
14360,0.439357142857143,0,1,0,345448,260162,26533,81423,2.4098892141242727,0.23836819532473616
14361,0.4394047619047619,0,2,0,345450,260160,26533,81423,2.409870688058098,0.23836959099252597
14362,0.4394166666666666,0,1,0,345451,260159,26533,81423,2.40986142502501,0.23837028883254974
14363,0.4394444444444444,0,1,0,345452,260158,26533,81423,2.4098521619919224,0.23837098667665943
14364,0.4394761904761905,0,1,0,345453,260157,26533,81423,2.409842898958835,0.23837168452485508
14365,0.4394999999999999,2,5,2,345458,260152,26535,81421,2.4097965837933972,0.23837071431289944
14366,0.4395,2,14,2,345472,260138,26537,81419,2.4096669013301715,0.23837602508512487
14367,0.4395000000000001,0,2,0,345474,260136,26537,81419,2.4096483752639966,0.2383774209131765
14368,0.4395238095238095,1,4,1,345478,260132,26538,81418,2.4096113231316463,0.23837798272580882
14369,0.4395416666666667,0,1,0,345479,260131,26538,81418,2.4096020600985586,0.23837868065782655
14370,0.4395555555555555,0,1,0,345480,260130,26538,81418,2.409592797065471,0.23837937859393116
14371,0.4395714285714285,0,3,0,345483,260127,26538,81418,2.4095650079662083,0.2383814724267666
14372,0.4395833333333332,0,1,0,345484,260126,26538,81418,2.409555744933121,0.23838217037921908
14373,0.4395833333333334,0,3,0,345487,260123,26538,81418,2.409527955833858,0.23838426426109896
14374,0.4396190476190476,0,4,0,345491,260119,26538,81418,2.409490903701508,0.23838705616082592
14375,0.439642857142857,0,1,0,345492,260118,26538,81418,2.4094816406684205,0.23838775414597582
14376,0.4396428571428571,0,2,0,345494,260116,26538,81418,2.409463114602245,0.2383891501285377
14377,0.4396666666666666,1,9,1,345503,260107,26539,81417,2.4093797473044574,0.2383932022346892
14378,0.4396666666666667,5,17,5,345520,260090,26544,81412,2.409222275741969,0.23839391863005194
14379,0.4397142857142856,0,2,0,345522,260088,26544,81412,2.4092037496757936,0.23839531478770132
14380,0.4397142857142857,0,1,0,345523,260087,26544,81412,2.4091944866427064,0.2383960128726585
14381,0.4397499999999999,1,0,1,345523,260087,26545,81411,2.4091944866427064,0.23839378268686787
14382,0.43975,0,1,0,345524,260086,26545,81411,2.4091852236096187,0.23839448077142697
14383,0.4397857142857143,1,1,1,345525,260085,26546,81410,2.409175960576531,0.23839294865224966
14384,0.4398095238095238,0,3,0,345528,260082,26546,81410,2.4091481714772685,0.23839504292926336
14385,0.4398095238095239,0,1,0,345529,260081,26546,81410,2.4091389084441808,0.23839574102977823
14386,0.4398333333333333,3,15,3,345544,260066,26549,81407,2.408999962947868,0.238399522070559
14387,0.4398333333333334,0,1,0,345545,260065,26549,81407,2.40899069991478,0.2384002202230344
14388,0.4398412698412698,0,1,0,345546,260064,26549,81407,2.4089814368816924,0.23840091837959884
14389,0.4398571428571429,0,1,0,345547,260063,26549,81407,2.408972173848605,0.23840161654025244
14390,0.4398809523809523,0,1,0,345548,260062,26549,81407,2.4089629108155175,0.23840231470499518
14391,0.4398809523809524,0,1,0,345549,260061,26549,81407,2.40895364778243,0.23840301287382712
14392,0.4398888888888889,0,1,0,345550,260060,26549,81407,2.408944384749342,0.2384037110467483
14393,0.4399166666666667,0,1,0,345551,260059,26549,81407,2.408935121716255,0.23840440922375875
14394,0.4399999999999999,3,25,3,345576,260034,26552,81404,2.408703545889066,0.238415173472197
14395,0.44,455,3498,455,349074,256536,27007,80949,2.376301456148801,0.2398595493133028
14396,0.4400238095238095,0,1,0,349075,256535,27007,80949,2.376292193115714,0.23986026004195754
14397,0.440047619047619,0,2,0,349077,256533,27007,80949,2.3762736670495386,0.23986168151190285
14398,0.4400476190476191,0,2,0,349079,256531,27007,80949,2.3762551409833637,0.23986310299869623
14399,0.4400595238095238,1,0,1,349079,256531,27008,80948,2.3762551409833637,0.23986085060107443
14400,0.4400833333333333,0,1,0,349080,256530,27008,80948,2.376245877950276,0.23986156134622108
14401,0.440095238095238,0,1,0,349081,256529,27008,80948,2.3762366149171883,0.23986227209557984
14402,0.4401071428571428,0,1,0,349082,256528,27008,80948,2.376227351884101,0.23986298284915075
14403,0.4401190476190476,0,2,0,349084,256526,27008,80948,2.3762088258179257,0.23986440436892917
14404,0.4401190476190477,0,1,0,349085,256525,27008,80948,2.3761995627848385,0.23986511513513672
14405,0.4401309523809523,0,1,0,349086,256524,27008,80948,2.376190299751751,0.2398658259055566
14406,0.4401666666666666,6,17,6,349103,256507,27014,80942,2.3760328281892624,0.23986439432329035
14407,0.4401666666666667,1,3,1,349106,256504,27015,80941,2.37600503909,0.2398642741780142
14408,0.4401904761904762,0,1,0,349107,256503,27015,80941,2.375995776056912,0.23986498500491935
14409,0.4401935564435564,0,6,0,349113,256497,27015,80941,2.375940197858387,0.23986925005482487
14410,0.4401984126984127,0,1,0,349114,256496,27015,80941,2.3759309348252993,0.23986996091122195
14411,0.4402023809523809,0,1,0,349115,256495,27015,80941,2.3759216717922116,0.2398706717718323
14412,0.4402380952380952,1,3,1,349118,256492,27016,80940,2.375893882692949,0.23987055169634178
14413,0.44025,2,1,2,349119,256491,27018,80938,2.3758846196598613,0.2398667571548385
14414,0.4402619047619048,0,3,0,349122,256488,27018,80938,2.3758568305605987,0.2398688897713869
14415,0.4402777777777777,0,2,0,349124,256486,27018,80938,2.375838304494424,0.23987031153682015
14416,0.4403095238095237,0,2,0,349126,256484,27018,80938,2.3758197784282484,0.23987173331910783
14417,0.4403333333333333,2,14,2,349140,256470,27020,80936,2.3756900959650227,0.23987718060733954
14418,0.4403333333333334,2,3,2,349143,256467,27022,80934,2.37566230686576,0.23987480772137604
14419,0.4403571428571428,0,4,0,349147,256463,27022,80934,2.37562525473341,0.2398776515499545
14420,0.4403787878787878,0,1,0,349148,256462,27022,80934,2.3756159917003226,0.23987836251763506
14421,0.4404047619047619,0,1,0,349149,256461,27022,80934,2.375606728667235,0.23987907348953008
14422,0.4404166666666666,0,1,0,349150,256460,27022,80934,2.375597465634147,0.23987978446563957
14423,0.4404166666666667,0,1,0,349151,256459,27022,80934,2.3755882026010595,0.2398804954459636
14424,0.4404285714285714,0,1,0,349152,256458,27022,80934,2.3755789395679723,0.2398812064305022
14425,0.4404404761904761,0,2,0,349154,256456,27022,80934,2.375560413501797,0.23988262841222324
14426,0.4404444444444444,0,1,0,349155,256455,27022,80934,2.3755511504687097,0.23988333940940576
14427,0.4404761904761905,1,3,1,349158,256452,27023,80933,2.3755233613694466,0.23988321946737406
14428,0.4404999999999999,2,27,2,349185,256425,27025,80931,2.375273259476083,0.23989791199800803
14429,0.4405,0,1,0,349186,256424,27025,80931,2.375263996442995,0.23989862311215188
14430,0.4405238095238096,0,1,0,349187,256423,27025,80931,2.375254733409908,0.23989933423051157
14431,0.440547619047619,0,2,0,349189,256421,27025,80931,2.3752362073437325,0.23990075647987857
14432,0.4405833333333333,0,2,0,349191,256419,27025,80931,2.3752176812775576,0.2399021787461094
14433,0.440595238095238,1,2,1,349193,256417,27026,80930,2.3751991552113823,0.2399013478702938
14434,0.4405952380952381,0,3,0,349196,256414,27026,80930,2.3751713661121197,0.23990348131284386
14435,0.4406190476190476,0,2,0,349198,256412,27026,80930,2.3751528400459447,0.23990490362895814
14436,0.4406309523809523,1,1,1,349199,256411,27027,80929,2.375143577012857,0.2399033615936444
14437,0.4406428571428571,0,3,0,349202,256408,27027,80929,2.3751157879135945,0.23990549509837344
14438,0.4406666666666666,5,40,5,349242,256368,27032,80924,2.374745266590092,0.23992267827283184
14439,0.4406666666666667,4,12,4,349254,256356,27036,80920,2.3746341101930417,0.23992220021584695
14440,0.4407005772005772,0,1,0,349255,256355,27036,80920,2.374624847159954,0.23992291157067674
14441,0.4407142857142856,3,10,3,349265,256345,27039,80917,2.3745322168290786,0.23992326440571426
14442,0.4407142857142858,0,2,0,349267,256343,27039,80917,2.374513690762903,0.23992468718496116
14443,0.4407222222222222,0,1,0,349268,256342,27039,80917,2.374504427729816,0.23992539858091258
14444,0.4407380952380952,0,1,0,349269,256341,27039,80917,2.3744951646967283,0.23992610998108274
14445,0.44075,0,1,0,349270,256340,27039,80917,2.3744859016636406,0.2399268213854716
14446,0.4407500000000002,0,1,0,349271,256339,27039,80917,2.3744766386305534,0.23992753279407927
14447,0.4407936507936507,1,1,1,349272,256338,27040,80916,2.3744673755974657,0.23992599049974203
14448,0.4408095238095237,0,1,0,349273,256337,27040,80916,2.374458112564378,0.23992670191221427
14449,0.4408333333333333,20,163,20,349436,256174,27060,80896,2.372948238171107,0.23999762660574955
14450,0.4408333333333334,0,1,0,349437,256173,27060,80896,2.372938975138019,0.23999833861909578
14451,0.4408412698412698,0,1,0,349438,256172,27060,80896,2.3729297121049315,0.2399990506366668
14452,0.4408571428571429,0,4,0,349442,256168,27060,80896,2.3728926599725813,0.24000189874919897
14453,0.4408809523809524,0,1,0,349443,256167,27060,80896,2.372883396939494,0.24000261078789425
14454,0.4409285714285714,0,1,0,349444,256166,27060,80896,2.3728741339064063,0.24000332283081452
14455,0.4409404761904762,0,1,0,349445,256165,27060,80896,2.3728648708733187,0.24000403487795977
14456,0.4409523809523809,0,2,0,349447,256163,27060,80896,2.3728463448071437,0.24000545898492548
14457,0.440952380952381,0,3,0,349450,256160,27060,80896,2.372818555707881,0.24000759517706258
14458,0.4409761904761904,0,1,0,349451,256159,27060,80896,2.3728092926747935,0.24000830724955868
14459,0.4409999999999999,0,2,0,349453,256157,27060,80896,2.3727907666086185,0.24000973140722676
14460,0.441,11,88,11,349541,256069,27071,80885,2.3719756196969137,0.2400476029368994
14461,0.4410162337662338,0,1,0,349542,256068,27071,80885,2.371966356663826,0.24004831534368296
14462,0.4410238095238095,0,1,0,349543,256067,27071,80885,2.3719570936307384,0.24004902775469503
14463,0.441047619047619,0,1,0,349544,256066,27071,80885,2.3719478305976507,0.2400497401699357
14464,0.4410674603174602,0,1,0,349545,256065,27071,80885,2.3719385675645634,0.24005045258940497
14465,0.4410714285714285,0,1,0,349546,256064,27071,80885,2.3719293045314758,0.24005116501310286
14466,0.441077922077922,0,1,0,349547,256063,27071,80885,2.371920041498388,0.2400518774410295
14467,0.4410833333333332,0,1,0,349548,256062,27071,80885,2.371910778465301,0.2400525898731848
14468,0.4410833333333333,0,1,0,349549,256061,27071,80885,2.371901515432213,0.2400533023095689
14469,0.441111111111111,0,1,0,349550,256060,27071,80885,2.3718922523991255,0.2400540147501818
14470,0.4411111111111111,0,1,0,349551,256059,27071,80885,2.371882989366038,0.2400547271950235
14471,0.4411190476190476,0,1,0,349552,256058,27071,80885,2.3718737263329506,0.2400554396440941
14472,0.4411507936507936,0,1,0,349553,256057,27071,80885,2.371864463299863,0.24005615209739362
14473,0.4411666666666666,2,13,2,349566,256044,27073,80883,2.371744043869725,0.24006090340043987
14474,0.4411666666666667,0,2,0,349568,256042,27073,80883,2.3717255178035495,0.24006232841136751
14475,0.4411904761904761,1,2,1,349570,256040,27074,80882,2.3717069917373745,0.24006149791346365
14476,0.4411904761904762,0,2,0,349572,256038,27074,80882,2.371688465671199,0.24006292294906803
14477,0.4412142857142857,1,0,1,349572,256038,27075,80881,2.371688465671199,0.24006066740076992
14478,0.4412380952380952,0,1,0,349573,256037,27075,80881,2.371679202638112,0.2400613799203367
14479,0.44125,0,4,0,349577,256033,27075,80881,2.3716421505057617,0.24006423004090063
14480,0.4412500000000001,0,2,0,349579,256031,27075,80881,2.3716236244395863,0.24006565512656125
14481,0.4412619047619048,0,1,0,349580,256030,27075,80881,2.371614361406499,0.24006636767573633
14482,0.4412857142857143,3,2,3,349582,256028,27078,80878,2.3715958353403237,0.24006102592414502
14483,0.4413015873015872,0,1,0,349583,256027,27078,80878,2.3715865723072365,0.24006173847226964
14484,0.4413051948051948,0,1,0,349584,256026,27078,80878,2.371577309274149,0.24006245102462423
14485,0.4413333333333332,1,4,1,349588,256022,27079,80877,2.3715402571417985,0.24006304560120392
14486,0.4413333333333333,6,22,6,349610,256000,27085,80871,2.371336470413872,0.2400651881580783
14487,0.4413333333333334,0,2,0,349612,255998,27085,80871,2.3713179443476973,0.24006661343133384
14488,0.4413571428571429,0,1,0,349613,255997,27085,80871,2.3713086813146096,0.24006732607430803
14489,0.4413809523809524,0,1,0,349614,255996,27085,80871,2.371299418281522,0.24006803872151325
14490,0.441388888888889,0,1,0,349615,255995,27085,80871,2.3712901552484347,0.24006875137294947
14491,0.4414166666666667,0,1,0,349616,255994,27085,80871,2.371280892215347,0.2400694640286168
14492,0.4414285714285714,2,3,2,349619,255991,27087,80869,2.3712531031160844,0.2400670901858339
14493,0.4414761904761905,0,1,0,349620,255990,27087,80869,2.3712438400829967,0.24006780284926335
14494,0.4414999999999999,0,1,0,349621,255989,27087,80869,2.371234577049909,0.24006851551692404
14495,0.4415,2,29,2,349650,255960,27089,80867,2.3709659490903703,0.24008467254703453
14496,0.4415018037518037,0,2,0,349652,255958,27089,80867,2.370947423024195,0.24008609812217027
14497,0.4415238095238095,0,1,0,349653,255957,27089,80867,2.3709381599911077,0.24008681091608675
14498,0.4415476190476189,0,1,0,349654,255956,27089,80867,2.37092889695802,0.24008752371423567
14499,0.4415476190476191,0,2,0,349656,255954,27089,80867,2.3709103708918446,0.24008894932323102
14500,0.4415714285714285,1,1,1,349657,255953,27090,80866,2.3709011078587574,0.24008740599550502
14501,0.4415952380952381,0,1,0,349658,255952,27090,80866,2.3708918448256697,0.24008811880600206
14502,0.4416190476190476,0,1,0,349659,255951,27090,80866,2.370882581792582,0.24008883162073175
14503,0.4416666666666666,32,234,32,349893,255717,27122,80834,2.3687150320500945,0.24018350859156562
14504,0.4416666666666667,29,213,29,350106,255504,27151,80805,2.3667420060024456,0.24027010873928442
14505,0.4416944444444444,0,1,0,350107,255503,27151,80805,2.366732742969358,0.24027082317399526
14506,0.4417023809523809,0,1,0,350108,255502,27151,80805,2.36672347993627,0.24027153761295483
14507,0.4417142857142857,1,3,1,350111,255499,27152,80804,2.3666956908370076,0.24027142190227266
14508,0.4417222222222222,0,1,0,350112,255498,27152,80804,2.36668642780392,0.24027213635363454
14509,0.4417222222222223,0,1,0,350113,255497,27152,80804,2.3666771647708327,0.2402728508092453
14510,0.4417619047619048,0,2,0,350115,255495,27152,80804,2.3666586387046573,0.2402742797332136
14511,0.4417777777777777,0,1,0,350116,255494,27152,80804,2.36664937567157,0.24027499420157122
14512,0.4417857142857143,1,4,1,350120,255490,27153,80803,2.36661232353922,0.24027559300966717
14513,0.4418095238095238,1,1,1,350121,255489,27154,80802,2.366603060506132,0.24027404836882343
14514,0.4418333333333333,5,19,5,350140,255470,27159,80797,2.3664270628774684,0.24027632803694682
14515,0.4418571428571428,0,2,0,350142,255468,27159,80797,2.3664085368112935,0.24027775712607616
14516,0.4418571428571429,0,1,0,350143,255467,27159,80797,2.366399273778206,0.2402784716770157
14517,0.4419047619047618,1,1,1,350144,255466,27160,80796,2.3663900107451186,0.24027692692008018
14518,0.4419047619047619,0,2,0,350146,255464,27160,80796,2.366371484678943,0.24027835603402128
14519,0.4419393939393938,1,0,1,350146,255464,27161,80795,2.366371484678943,0.2402760966992705
14520,0.441952380952381,0,1,0,350147,255463,27161,80795,2.3663622216458555,0.2402768112580221
14521,0.4419761904761904,0,1,0,350148,255462,27161,80795,2.3663529586127683,0.2402775258210238
14522,0.4419999999999999,1,5,1,350153,255457,27162,80794,2.3663066434473303,0.24027883931943697
14523,0.442,14,82,14,350235,255375,27176,80780,2.365547074734151,0.24030581130728385
14524,0.4420238095238095,0,2,0,350237,255373,27176,80780,2.365528548667976,0.24030724104797518
14525,0.4420606060606061,0,1,0,350238,255372,27176,80780,2.365519285634888,0.24030795592470072
14526,0.4420674603174604,0,1,0,350239,255371,27176,80780,2.365510022601801,0.24030867080567958
14527,0.4420833333333333,0,1,0,350240,255370,27176,80780,2.365500759568713,0.2403093856909118
14528,0.4420833333333334,0,1,0,350241,255369,27176,80780,2.3654914965356255,0.2403101005803974
14529,0.4421428571428571,0,5,0,350246,255364,27176,80780,2.365445181370188,0.2403136750916274
14530,0.4421666666666666,0,4,0,350250,255360,27176,80780,2.3654081292378377,0.24031653477717618
14531,0.4421666666666667,0,8,0,350258,255352,27176,80780,2.365334024973137,0.24032225435245677
14532,0.4421904761904762,0,1,0,350259,255351,27176,80780,2.3653247619400495,0.24032296931850974
14533,0.4422222222222222,0,2,0,350261,255349,27176,80780,2.3653062358738746,0.24032439926337804
14534,0.4422619047619048,0,1,0,350262,255348,27176,80780,2.365296972840787,0.24032511424219344
14535,0.4423076923076923,0,1,0,350263,255347,27176,80780,2.3652877098076996,0.24032582922526308
14536,0.4423333333333332,1,6,1,350269,255341,27177,80779,2.365232131609174,0.24032785909794122
14537,0.4423333333333333,3,21,3,350290,255320,27180,80776,2.3650376079143354,0.24033609444920498
14538,0.4423333333333334,0,1,0,350291,255319,27180,80776,2.365028344881248,0.24033680953301895
14539,0.4423809523809523,0,2,0,350293,255317,27180,80776,2.3650098188150728,0.24033823971341264
14540,0.4423809523809524,0,3,0,350296,255314,27180,80776,2.36498202971581,0.24034038501591837
14541,0.442452380952381,0,1,0,350297,255313,27180,80776,2.3649727666827225,0.24034110012526444
14542,0.4424761904761904,0,1,0,350298,255312,27180,80776,2.3649635036496353,0.24034181523886602
14543,0.442487012987013,0,1,0,350299,255311,27180,80776,2.3649542406165476,0.24034253035672312
14544,0.4424999999999999,0,11,0,350310,255300,27180,80776,2.3648523472525844,0.24035039693402682
14545,0.4425,43,390,43,350700,254910,27223,80733,2.361239764348438,0.24053235133758188
14546,0.4425476190476191,0,1,0,350701,254909,27223,80733,2.3612305013153505,0.24053306797123125
14547,0.4425595238095238,0,1,0,350702,254908,27223,80733,2.3612212382822633,0.24053378460915084
14548,0.4425833333333334,0,1,0,350703,254907,27223,80733,2.3612119752491756,0.2405345012513407
14549,0.442595238095238,0,2,0,350705,254905,27223,80733,2.3611934491830007,0.24053593454853145
14550,0.4426190476190476,0,3,0,350708,254902,27223,80733,2.3611656600837376,0.2405380845263456
14551,0.4426190476190477,1,5,1,350713,254897,27224,80732,2.3611193449183,0.2405394051169595
14552,0.4426428571428571,0,1,0,350714,254896,27224,80732,2.3611100818852124,0.24054012180151835
14553,0.4426507936507937,0,2,0,350716,254894,27224,80732,2.3610915558190375,0.24054155518344825
14554,0.4426666666666666,6,34,6,350750,254860,27230,80726,2.3607766126940604,0.24055234723736985
14555,0.4426666666666667,3,6,3,350756,254854,27233,80723,2.360721034495535,0.2405498588997458
14556,0.4426904761904762,0,1,0,350757,254853,27233,80723,2.3607117714624475,0.24055057572651203
14557,0.4427380952380953,0,4,0,350761,254849,27233,80723,2.3606747193300976,0.24055344307629958
14558,0.44275,0,2,0,350763,254847,27233,80723,2.3606561932639223,0.2405548767768275
14559,0.4427619047619048,0,1,0,350764,254846,27233,80723,2.3606469302308346,0.24055559363350013
14560,0.4427777777777777,0,2,0,350766,254844,27233,80723,2.3606284041646597,0.2405570273596629
14561,0.4428095238095237,0,1,0,350767,254843,27233,80723,2.360619141131572,0.24055774422915313
14562,0.4428095238095239,0,1,0,350768,254842,27233,80723,2.3606098780984848,0.24055846110291598
14563,0.4428333333333333,0,8,0,350776,254834,27233,80723,2.360535773833784,0.24056419624683734
14564,0.4428333333333334,0,2,0,350778,254832,27233,80723,2.360517247767609,0.2405656300755465
14565,0.4428492063492063,0,1,0,350779,254831,27233,80723,2.3605079847345216,0.24056634699631058
14566,0.4428571428571428,1,15,1,350794,254816,27234,80722,2.360369039238208,0.24057483802132695
14567,0.4429166666666666,0,2,0,350796,254814,27234,80722,2.3603505131720333,0.24057627199465928
14568,0.4429166666666667,0,2,0,350798,254812,27234,80722,2.360331987105858,0.24057770598508646
14569,0.4429523809523809,0,1,0,350799,254811,27234,80722,2.36032272407277,0.2405784229867107
14570,0.4429761904761905,0,4,0,350803,254807,27234,80722,2.3602856719404204,0.24058129103594622
14571,0.4429999999999999,6,57,6,350860,254750,27240,80716,2.3597576790544297,0.24060858626507603
14572,0.443,0,3,0,350863,254747,27240,80716,2.359729889955167,0.24061073799495025
14573,0.4430238095238095,1,0,1,350863,254747,27241,80715,2.359729889955167,0.24060847428322732
14574,0.4430555555555555,0,1,0,350864,254746,27241,80715,2.3597206269220794,0.24060919153046106
14575,0.443095238095238,1,0,1,350864,254746,27242,80714,2.3597206269220794,0.24060692780063198
14576,0.4430952380952381,2,1,2,350865,254745,27244,80712,2.3597113638889917,0.24060311753816435
14577,0.4431190476190476,0,1,0,350866,254744,27244,80712,2.359702100855904,0.2406038347801202
14578,0.4431666666666666,1,12,1,350878,254732,27245,80711,2.3595909444588536,0.24061017818228433
14579,0.4431666666666667,1,6,1,350884,254726,27246,80710,2.3595353662603284,0.24061221812804828
14580,0.4431904761904761,0,1,0,350885,254725,27246,80710,2.3595261032272408,0.24061293544203796
14581,0.4431944444444444,0,1,0,350886,254724,27246,80710,2.359516840194153,0.24061365276030455
14582,0.4432142857142856,1,4,1,350890,254720,27247,80709,2.359479788061803,0.24061425815895465
14583,0.4432222222222222,0,1,0,350891,254719,27247,80709,2.3594705250287156,0.24061497549399574
14584,0.4432380952380953,0,1,0,350892,254718,27247,80709,2.359461261995628,0.24061569283331397
14585,0.4432619047619048,0,1,0,350893,254717,27247,80709,2.35945199896254,0.24061641017690935
14586,0.4432685092685091,0,4,0,350897,254713,27247,80709,2.35941494683019,0.2406192795940636
14587,0.4432857142857143,1,1,1,350898,254712,27248,80708,2.3594056837971027,0.24061773299147338
14588,0.4433333333333332,1,0,1,350898,254712,27249,80707,2.3594056837971027,0.24061546901040193
14589,0.4433333333333333,78,759,78,351657,253953,27327,80629,2.352375041683649,0.24098427291366542
14590,0.4433333333333334,0,5,0,351662,253948,27327,80629,2.3523287265182113,0.24098787424120607
14591,0.4433571428571428,0,1,0,351663,253947,27327,80629,2.3523194634851237,0.2409885945196308
14592,0.4434126984126984,0,1,0,351664,253946,27327,80629,2.352310200452036,0.24098931480236122
14593,0.4434523809523809,0,2,0,351666,253944,27327,80629,2.352291674385861,0.24099075538073902
14594,0.4434722222222222,0,1,0,351667,253943,27327,80629,2.3522824113527734,0.24099147567638654
14595,0.4435,3,25,3,351692,253918,27330,80626,2.3520508355255845,0.24100267827251423
14596,0.4435595238095239,0,1,0,351693,253917,27330,80626,2.352041572492497,0.2410033986662402
14597,0.4435606060606059,0,1,0,351694,253916,27330,80626,2.3520323094594096,0.24100411906427294
14598,0.4435714285714285,0,2,0,351696,253914,27330,80626,2.352013783393234,0.2410055598732588
14599,0.4435714285714286,0,2,0,351698,253912,27330,80626,2.3519952573270593,0.24100700069947212
14600,0.4435833333333333,0,2,0,351700,253910,27330,80626,2.351976731260884,0.24100844154291318
14601,0.443595238095238,0,1,0,351701,253909,27330,80626,2.3519674682277967,0.2410091619710942
14602,0.4436071428571428,0,1,0,351702,253908,27330,80626,2.351958205194709,0.2410098824035823
14603,0.4436309523809524,0,1,0,351703,253907,27330,80626,2.3519489421616213,0.24101060284037748
14604,0.4436363636363636,0,1,0,351704,253906,27330,80626,2.3519396791285336,0.2410113232814798
14605,0.4436428571428571,0,1,0,351705,253905,27330,80626,2.3519304160954464,0.24101204372688928
14606,0.4436666666666666,4,24,4,351729,253881,27334,80622,2.351708103301345,0.2410202599079829
14607,0.4436666666666667,1,4,1,351733,253877,27335,80621,2.351671051168995,0.24102087306949518
14608,0.4436818181818182,0,1,0,351734,253876,27335,80621,2.351661788135907,0.24102159361668415
14609,0.4436904761904762,0,3,0,351737,253873,27335,80621,2.3516339990366446,0.24102375528410075
14610,0.4437142857142856,0,3,0,351740,253870,27335,80621,2.351606209937382,0.24102591699029272
14611,0.4437142857142857,0,1,0,351741,253869,27335,80621,2.3515969469042943,0.24102663756764028
14612,0.4437499999999999,0,2,0,351743,253867,27335,80621,2.3515784208381194,0.24102807873526105
14613,0.44375,1,2,1,351745,253865,27336,80620,2.351559894771944,0.24102725084831905
14614,0.4437500000000001,0,1,0,351746,253864,27336,80620,2.3515506317388564,0.2410279714425802
14615,0.4437777777777778,1,1,1,351747,253863,27337,80619,2.351541368705769,0.24102642294652626
14616,0.4438095238095238,0,2,0,351749,253861,27337,80619,2.3515228426395938,0.24102786414733318
14617,0.4438333333333332,2,4,2,351753,253857,27339,80617,2.3514857905072435,0.24102620831514557
14618,0.4438333333333333,1,8,1,351761,253849,27340,80616,2.3514116862425434,0.2410297041543958
14619,0.4438333333333334,0,2,0,351763,253847,27340,80616,2.351393160176368,0.24103114544807647
14620,0.4438571428571428,0,1,0,351764,253846,27340,80616,2.3513838971432808,0.24103186610138072
14621,0.4439166666666667,0,3,0,351767,253843,27340,80616,2.3513561080440177,0.2410340280871497
14622,0.4439285714285714,0,2,0,351769,253841,27340,80616,2.351337581977843,0.2410354694325429
14623,0.4439365079365079,0,2,0,351771,253839,27340,80616,2.351319055911668,0.24103691079517423
14624,0.4439642857142857,2,6,2,351777,253833,27342,80614,2.3512634777131423,0.2410366963973365
14625,0.4439999999999999,1,1,1,351778,253832,27343,80613,2.351254214680055,0.24103514778214655
14626,0.444,15,148,15,351926,253684,27358,80598,2.349883285783097,0.24110780718076355
14627,0.4440476190476189,2,0,2,351926,253684,27360,80596,2.349883285783097,0.24110326672250806
14628,0.444047619047619,0,1,0,351927,253683,27360,80596,2.3498740227500092,0.24110398798608348
14629,0.4440714285714285,0,1,0,351928,253682,27360,80596,2.3498647597169215,0.24110470925397423
14630,0.4440833333333334,0,1,0,351929,253681,27360,80596,2.3498554966838343,0.2411054305261804
14631,0.4441428571428572,0,1,0,351930,253680,27360,80596,2.3498462336507466,0.24110615180270195
14632,0.4441666666666666,13,74,13,352004,253606,27373,80583,2.3491607692022676,0.24113001924060937
14633,0.4441666666666667,8,65,8,352069,253541,27381,80575,2.3485586720515768,0.24115875923332017
14634,0.4441904761904761,0,1,0,352070,253540,27381,80575,2.348549409018489,0.2411594810170151
14635,0.44425,0,1,0,352071,253539,27381,80575,2.3485401459854014,0.24116020280503062
14636,0.4442619047619047,0,1,0,352072,253538,27381,80575,2.3485308829523137,0.24116092459736677
14637,0.4442857142857142,0,1,0,352073,253537,27381,80575,2.3485216199192265,0.24116164639402357
14638,0.4442857142857143,2,10,2,352083,253527,27383,80573,2.348428989588351,0.2411643220592637
14639,0.4443095238095238,0,2,0,352085,253525,27383,80573,2.3484104635221756,0.24116576573340756
14640,0.4443333333333333,8,41,8,352126,253484,27391,80565,2.348030679165586,0.24117719256755746
14641,0.4443809523809524,1,0,1,352126,253484,27392,80564,2.348030679165586,0.24117492096944151
14642,0.4444047619047619,1,1,1,352127,253483,27393,80563,2.3480214161324984,0.241173371332092
14643,0.4444166666666667,0,1,0,352128,253482,27393,80563,2.3480121530994107,0.2411740933107815
14644,0.4444444444444444,1,1,1,352129,253481,27394,80562,2.3480028900663235,0.24117254365455945
14645,0.4444444444444445,0,1,0,352130,253480,27394,80562,2.3479936270332358,0.2411732656372552
14646,0.4444523809523809,0,3,0,352133,253477,27394,80562,2.347965837933973,0.2411754316112789
14647,0.4444761904761904,0,1,0,352134,253476,27394,80562,2.3479565749008855,0.2411761536112658
14648,0.4444999999999999,0,3,0,352137,253473,27394,80562,2.347928785801623,0.24117831963716377
14649,0.4445,1,13,1,352150,253460,27395,80561,2.347808366371485,0.24118543444873228
14650,0.4445238095238094,0,1,0,352151,253459,27395,80561,2.347799103338397,0.2411861565175738
14651,0.4445238095238095,0,3,0,352154,253456,27395,80561,2.3477713142391345,0.24118832275003968
14652,0.4445357142857143,0,1,0,352155,253455,27395,80561,2.347762051206047,0.2411890448361755
14653,0.4445833333333333,0,8,0,352163,253447,27395,80561,2.3476879469413463,0.24119482168091783
14654,0.4445952380952381,1,1,1,352164,253446,27396,80560,2.347678683908259,0.2411932719771501
14655,0.4446428571428572,0,6,0,352170,253440,27396,80560,2.3476231057097334,0.24119760479041916
14656,0.4446666666666666,1,7,1,352177,253433,27397,80559,2.3475582644781205,0.2412003880332463
14657,0.4446666666666667,2,20,2,352197,253413,27399,80557,2.3473730038163696,0.24121028834925293
14658,0.4446904761904762,0,1,0,352198,253412,27399,80557,2.347363740783282,0.2412110106027805
14659,0.4447142857142857,0,1,0,352199,253411,27399,80557,2.3473544777501947,0.24121173286063335
14660,0.4447222222222222,0,1,0,352200,253410,27399,80557,2.347345214717107,0.24121245512281153
14661,0.4447380952380952,0,1,0,352201,253409,27399,80557,2.3473359516840193,0.24121317738931508
14662,0.44475,0,1,0,352202,253408,27399,80557,2.347326688650932,0.24121389966014403
14663,0.4447619047619048,0,1,0,352203,253407,27399,80557,2.3473174256178444,0.2412146219352984
14664,0.4447727272727272,0,1,0,352204,253406,27399,80557,2.3473081625847567,0.24121534421477828
14665,0.4447777777777777,1,0,1,352204,253406,27400,80556,2.3473081625847567,0.24121307214593277
14666,0.4447976190476189,0,1,0,352205,253405,27400,80556,2.347298899551669,0.24121379442509755
14667,0.4448095238095238,0,1,0,352206,253404,27400,80556,2.347289636518582,0.24121451670858784
14668,0.4448095238095239,0,1,0,352207,253403,27400,80556,2.347280373485494,0.24121523899640376
14669,0.4448333333333332,0,2,0,352209,253401,27400,80556,2.347261847419319,0.24121668358501244
14670,0.4448333333333333,0,13,0,352222,253388,27400,80556,2.3471414279891807,0.24122607383273842
14671,0.4448809523809524,0,2,0,352224,253386,27400,80556,2.3471229019230058,0.24122751855112565
14672,0.4449047619047618,0,6,0,352230,253380,27400,80556,2.34706732372448,0.2412318528101193
14673,0.4449047619047619,0,2,0,352232,253378,27400,80556,2.347048797658305,0.24123329759772888
14674,0.4449206349206349,0,2,0,352234,253376,27400,80556,2.3470302715921303,0.24123474240264484
14675,0.4449242424242423,0,1,0,352235,253375,27400,80556,2.3470210085590426,0.2412354648115928
14676,0.4449642857142857,0,1,0,352236,253374,27400,80556,2.347011745525955,0.24123618722486748
14677,0.4449999999999999,2,20,2,352256,253354,27402,80554,2.346826484864204,0.24124609173784395
14678,0.445,198,1382,198,353638,251972,27600,80356,2.334024973137204,0.24179726053778194
14679,0.4450238095238095,0,1,0,353639,251971,27600,80356,2.3340157101041163,0.24179798812615286
14680,0.4450476190476189,0,1,0,353640,251970,27600,80356,2.334006447071029,0.24179871571890252
14681,0.4450753968253968,1,0,1,353640,251970,27601,80355,2.334006447071029,0.24179643421349584
14682,0.4450769230769231,1,0,1,353640,251970,27602,80354,2.334006447071029,0.24179415269435853
14683,0.4450833333333333,1,0,1,353640,251970,27603,80353,2.334006447071029,0.24179187116149048
14684,0.445095238095238,1,0,1,353640,251970,27604,80352,2.334006447071029,0.24178958961489158
14685,0.4451190476190476,0,6,0,353646,251964,27604,80352,2.3339508688725035,0.24179395515112123
14686,0.4451666666666666,1,10,1,353656,251954,27605,80351,2.333858238541628,0.24179894976000962
14687,0.4451666666666667,0,4,0,353660,251950,27605,80351,2.3338211864092777,0.2418018603615397
14688,0.4452142857142857,0,2,0,353662,251948,27605,80351,2.333802660343103,0.24180331568858168
14689,0.4452222222222222,0,1,0,353663,251947,27605,80351,2.333793397310015,0.24180404335867203
14690,0.4452380952380952,1,7,1,353670,251940,27606,80350,2.3337285560784022,0.24180685545758224
14691,0.4452499999999999,1,2,1,353672,251938,27607,80349,2.3337100300122273,0.2418060291254247
14692,0.4452619047619048,1,0,1,353672,251938,27608,80348,2.3337100300122273,0.2418037473742499
14693,0.4452777777777778,0,1,0,353673,251937,27608,80348,2.3337007669791396,0.24180447507410807
14694,0.4453095238095239,0,2,0,353675,251935,27608,80348,2.3336822409129647,0.24180593048696442
14695,0.4453333333333332,0,1,0,353676,251934,27608,80348,2.333672977879877,0.2418066581999627
14696,0.4453333333333333,4,37,4,353713,251897,27612,80344,2.3333302456556373,0.2418244587513281
14697,0.4453571428571428,0,3,0,353716,251894,27612,80344,2.3333024565563747,0.2418266423467514
14698,0.4453809523809524,0,1,0,353717,251893,27612,80344,2.3332931935232875,0.24182737022065573
14699,0.4453888888888889,0,2,0,353719,251891,27612,80344,2.333274667457112,0.2418288259816094
14700,0.4454166666666667,0,2,0,353721,251889,27612,80344,2.333256141390937,0.24183028176009005
14701,0.4454285714285714,0,1,0,353722,251888,27612,80344,2.3332468783578495,0.2418310096559031
14702,0.4454444444444444,0,1,0,353723,251887,27612,80344,2.333237615324762,0.24183173755609802
14703,0.4454444444444445,0,1,0,353724,251886,27612,80344,2.3332283522916746,0.24183246546067483
14704,0.4454545454545455,0,1,0,353725,251885,27612,80344,2.333219089258587,0.2418331933696336
14705,0.4454761904761905,0,7,0,353732,251878,27612,80344,2.333154248026974,0.24183828885504272
14706,0.4454999999999999,8,26,8,353758,251852,27620,80336,2.3329134091666974,0.2418389586619625
14707,0.4455,0,1,0,353759,251851,27620,80336,2.33290414613361,0.2418396866825011
14708,0.4455238095238096,0,1,0,353760,251850,27620,80336,2.3328948831005225,0.24184041470742296
14709,0.4455357142857143,0,3,0,353763,251847,27620,80336,2.33286709400126,0.2418425988084881
14710,0.4455555555555556,0,2,0,353765,251845,27620,80336,2.3328485679350845,0.24184405489778163
14711,0.4455714285714285,0,2,0,353767,251843,27620,80336,2.3328300418689096,0.24184551100460897
14712,0.4455833333333333,0,1,0,353768,251842,27620,80336,2.332820778835822,0.2418462390645979
14713,0.4455833333333334,1,0,1,353768,251842,27621,80335,2.332820778835822,0.24184395668574285
14714,0.4455952380952381,0,2,0,353770,251840,27621,80335,2.332802252769647,0.24184541280951305
14715,0.4456111111111111,0,1,0,353771,251839,27621,80335,2.3327929897365594,0.2418461408779736
14716,0.4456439393939393,0,1,0,353772,251838,27621,80335,2.3327837267034717,0.2418468689508178
14717,0.4456468253968254,0,1,0,353773,251837,27621,80335,2.3327744636703844,0.2418475970280457
14718,0.445653846153846,0,1,0,353774,251836,27621,80335,2.3327652006372968,0.24184832510965737
14719,0.4456666666666666,4,27,4,353801,251809,27625,80331,2.332515098743933,0.24185885469982538
14720,0.4456666666666667,3,15,3,353816,251794,27628,80328,2.3323761532476195,0.24186292988721012
14721,0.4457142857142856,0,1,0,353817,251793,27628,80328,2.332366890214532,0.24186365812459917
14722,0.4457142857142857,5,11,5,353828,251782,27633,80323,2.3322649968505687,0.24186025503982175
14723,0.44575,0,1,0,353829,251781,27633,80323,2.3322557338174814,0.24186098330643413
14724,0.4458333333333333,26,141,26,353970,251640,27659,80297,2.330949646152136,0.24190433726881908
14725,0.4458333333333334,0,4,0,353974,251636,27659,80297,2.330912594019786,0.2419072523671946
14726,0.4458939393939394,0,1,0,353975,251635,27659,80297,2.330903330986698,0.24190798115276624
14727,0.4459523809523809,0,2,0,353977,251633,27659,80297,2.3308848049205233,0.24190943873708312
14728,0.445952380952381,0,3,0,353980,251630,27659,80297,2.3308570158212607,0.24191162514649306
14729,0.4459682539682539,1,0,1,353980,251630,27660,80296,2.3308570158212607,0.24190934123870983
14730,0.4459761904761904,0,1,0,353981,251629,27660,80296,2.330847752788173,0.24191007004594411
14731,0.4459999999999999,0,6,0,353987,251623,27660,80296,2.330792174589648,0.2419144429815708
14732,0.446,19,135,19,354122,251488,27679,80277,2.329541665122828,0.24196946633912558
14733,0.4460238095238096,0,1,0,354123,251487,27679,80277,2.32953240208974,0.2419701956812674
14734,0.4460555555555555,0,1,0,354124,251486,27679,80277,2.329523139056653,0.24197092502780598
14735,0.4460714285714285,0,1,0,354125,251485,27679,80277,2.329513876023565,0.24197165437874138
14736,0.4460714285714286,2,2,2,354127,251483,27681,80275,2.32949534995739,0.241968543335805
14737,0.4460952380952381,0,2,0,354129,251481,27681,80275,2.329476823891215,0.24197000204969918
14738,0.446111111111111,0,1,0,354130,251480,27681,80275,2.3294675608581272,0.2419707314132417
14739,0.4461111111111111,0,1,0,354131,251479,27681,80275,2.32945829782504,0.24197146078118123
14740,0.4461428571428571,0,2,0,354133,251477,27681,80275,2.3294397717588646,0.24197291953025152
14741,0.4461666666666666,2,11,2,354144,251466,27683,80273,2.3293378783949015,0.24197637299202085
14742,0.4461666666666667,0,1,0,354145,251465,27683,80273,2.3293286153618142,0.2419771024121445
14743,0.4461904761904761,0,2,0,354147,251463,27683,80273,2.329310089295639,0.24197856126558467
14744,0.4461904761904762,2,4,2,354151,251459,27685,80271,2.3292730371632886,0.24197690893196275
14745,0.4462380952380952,0,1,0,354152,251458,27685,80271,2.3292637741302014,0.24197763837349162
14746,0.44625,1,3,1,354155,251455,27686,80270,2.3292359850309383,0.24197754163840532
14747,0.4462619047619048,0,2,0,354157,251453,27686,80270,2.3292174589647634,0.2419790005516651
14748,0.4462857142857143,0,2,0,354159,251451,27686,80270,2.3291989328985885,0.24198045948251692
14749,0.4463095238095238,1,0,1,354159,251451,27687,80269,2.3291989328985885,0.24197817436392138
14750,0.4463333333333332,0,8,0,354167,251443,27687,80269,2.329124828633888,0.24198401022573798
14751,0.4463333333333333,2,17,2,354184,251426,27689,80267,2.3289673570713996,0.24199184185376235
14752,0.4463333333333334,1,5,1,354189,251421,27690,80266,2.3289210419059616,0.24199320443671293
14753,0.4463636363636364,0,2,0,354191,251419,27690,80266,2.3289025158397867,0.24199466361155916
14754,0.4464166666666667,2,3,2,354194,251416,27692,80264,2.328874726740524,0.2419922817173179
14755,0.4464285714285714,0,4,0,354198,251412,27692,80264,2.328837674608174,0.2419952001350716
14756,0.4464999999999999,1,0,1,354198,251412,27693,80263,2.328837674608174,0.24199291475088566
14757,0.4465,7,38,7,354236,251374,27700,80256,2.328485679350847,0.24200464372945754
14758,0.4465238095238094,0,1,0,354237,251373,27700,80256,2.328476416317759,0.2420053734745755
14759,0.4465476190476189,0,1,0,354238,251372,27700,80256,2.3284671532846715,0.24200610322409447
14760,0.446547619047619,0,1,0,354239,251371,27700,80256,2.328457890251584,0.24200683297801445
14761,0.4465714285714285,0,1,0,354240,251370,27700,80256,2.3284486272184965,0.2420075627363355
14762,0.4465714285714287,0,1,0,354241,251369,27700,80256,2.328439364185409,0.24200829249905767
14763,0.4466190476190476,0,1,0,354242,251368,27700,80256,2.328430101152321,0.24200902226618098
14764,0.4466666666666665,1,0,1,354242,251368,27701,80255,2.328430101152321,0.24200673656531663
14765,0.4466666666666666,51,397,51,354639,250971,27752,80204,2.3247526770165625,0.24218011625273647
14766,0.4466666666666667,42,295,42,354934,250676,27794,80162,2.322020082255734,0.24229985672746177
14767,0.4466785714285713,1,0,1,354934,250676,27795,80161,2.322020082255734,0.24229756647533376
14768,0.4467142857142856,0,1,0,354935,250675,27795,80161,2.3220108192226463,0.24229829885502183
14769,0.4467207792207792,0,1,0,354936,250674,27795,80161,2.3220015561895586,0.24229903123913735
14770,0.4467499999999999,0,1,0,354937,250673,27795,80161,2.3219922931564714,0.24229976362768035
14771,0.4467777777777779,0,1,0,354938,250672,27795,80161,2.3219830301233837,0.2423004960206509
14772,0.4467857142857143,0,2,0,354940,250670,27795,80161,2.3219645040572083,0.2423019608198748
14773,0.4468000333000333,0,1,0,354941,250669,27795,80161,2.321955241024121,0.2423026932261282
14774,0.4468333333333332,0,1,0,354942,250668,27795,80161,2.3219459779910334,0.24230342563680934
14775,0.4468333333333333,2,11,2,354953,250657,27797,80159,2.3218440846270703,0.24230690172180305
14776,0.4468571428571428,0,1,0,354954,250656,27797,80159,2.3218348215939826,0.2423076341762012
14777,0.4468809523809522,1,0,1,354954,250656,27798,80158,2.3218348215939826,0.24230534378835236
14778,0.4469040404040404,0,1,0,354955,250655,27798,80158,2.3218255585608953,0.2423060762424693
14779,0.4469047619047619,0,4,0,354959,250651,27798,80158,2.321788506428545,0.24230900610321968
14780,0.4469166666666666,1,3,1,354962,250648,27799,80157,2.3217607173292825,0.24230891310590832
14781,0.4469206349206349,1,0,1,354962,250648,27800,80156,2.3217607173292825,0.2423066226526886
14782,0.4469444444444444,0,1,0,354963,250647,27800,80156,2.321751454296195,0.24230735513281318
14783,0.446952380952381,1,3,1,354966,250644,27801,80155,2.321723665196932,0.24230726211385162
14784,0.4469999999999999,3,7,3,354973,250637,27804,80152,2.3216588239653193,0.24230551801903932
14785,0.447,9,47,9,355020,250590,27813,80143,2.321223461410204,0.2423193331176508
14786,0.4470158730158731,0,2,0,355022,250588,27813,80143,2.321204935344029,0.24232079847368404
14787,0.4470238095238095,0,2,0,355024,250586,27813,80143,2.321186409277854,0.24232226384744004
14788,0.447047619047619,0,1,0,355025,250585,27813,80143,2.3211771462447666,0.24232299654096418
14789,0.4470833333333333,0,2,0,355027,250583,27813,80143,2.321158620178591,0.2423244619413049
14790,0.4470952380952381,1,1,1,355028,250582,27814,80142,2.3211493571455035,0.242322903690086
14791,0.4471125541125541,0,1,0,355029,250581,27814,80142,2.3211400941124163,0.24232363639662194
14792,0.4471190476190475,0,1,0,355030,250580,27814,80142,2.3211308310793286,0.24232436910758884
14793,0.4471230158730159,0,2,0,355032,250578,27814,80142,2.3211123050131537,0.24232583454281567
14794,0.4471428571428572,1,11,1,355043,250567,27815,80141,2.3210104116491905,0.24233160371082646
14795,0.4471666666666666,0,4,0,355047,250563,27815,80141,2.3209733595168403,0.2423345348105859
14796,0.4471666666666667,2,8,2,355055,250555,27817,80139,2.3208992552521397,0.24233581498303566
14797,0.4472222222222221,0,1,0,355056,250554,27817,80139,2.320889992219052,0.24233654779508487
14798,0.4472222222222222,0,3,0,355059,250551,27817,80139,2.3208622031197894,0.24233874625782456
14799,0.4472428682428684,0,3,0,355062,250548,27817,80139,2.320834414020527,0.24234094476045323
14800,0.44725,0,1,0,355063,250547,27817,80139,2.320825150987439,0.2423416776035272
14801,0.4472619047619047,0,1,0,355064,250546,27817,80139,2.320815887954352,0.24234241045103347
14802,0.4472857142857143,1,0,1,355064,250546,27818,80138,2.320815887954352,0.2423401192679416
14803,0.4472936507936508,0,2,0,355066,250544,27818,80138,2.3207973618881765,0.24234158496682615
14804,0.4472948717948719,0,3,0,355069,250541,27818,80138,2.320769572788914,0.24234378354839586
14805,0.4473333333333332,4,15,4,355084,250526,27822,80134,2.3206306272926005,0.24234561180668965
14806,0.4473333333333333,11,41,11,355125,250485,27833,80123,2.320250842936011,0.24235045733920535
14807,0.4473333333333334,0,3,0,355128,250482,27833,80123,2.3202230538367483,0.24235265649339846
14808,0.4473571428571429,0,1,0,355129,250481,27833,80123,2.3202137908036606,0.24235338955366542
14809,0.4473809523809523,1,4,1,355133,250477,27834,80122,2.3201767386713104,0.242354030108984
14810,0.4473809523809524,1,7,1,355140,250470,27835,80121,2.3201118974396975,0.24235686996923692
14811,0.4474166666666666,0,1,0,355141,250469,27835,80121,2.3201026344066102,0.2423576030732932
14812,0.4474166666666667,0,1,0,355142,250468,27835,80121,2.3200933713735226,0.24235833618178462
14813,0.4474999999999999,2,8,2,355150,250460,27837,80119,2.320019267108822,0.24235961751956417
14814,0.4475,45,350,45,355500,250110,27882,80074,2.316777205528178,0.24251326533084583
14815,0.4475238095238095,1,1,1,355501,250109,27883,80073,2.3167679424950904,0.24251170566536032
14816,0.4475396825396826,0,1,0,355502,250108,27883,80073,2.316758679462003,0.2425124401464651
14817,0.4475555555555556,0,1,0,355503,250107,27883,80073,2.3167494164289155,0.2425131746320189
14818,0.4475714285714285,0,1,0,355504,250106,27883,80073,2.316740153395828,0.2425139091220217
14819,0.4475833333333333,0,1,0,355505,250105,27883,80073,2.31673089036274,0.24251464361647354
14820,0.4475873015873016,1,2,1,355507,250103,27884,80072,2.3167123642965652,0.24251381842962066
14821,0.4476031746031746,0,1,0,355508,250102,27884,80072,2.3167031012634776,0.24251455293269608
14822,0.4476190476190476,1,6,1,355514,250096,27885,80071,2.3166475230649524,0.24251666580851508
14823,0.4476309523809524,0,1,0,355515,250095,27885,80071,2.3166382600318647,0.24251740033801178
14824,0.4476428571428571,0,1,0,355516,250094,27885,80071,2.3166289969987774,0.24251813487195795
14825,0.4476428571428572,0,1,0,355517,250093,27885,80071,2.3166197339656898,0.24251886941035364
14826,0.4476666666666666,3,32,3,355549,250061,27888,80068,2.316323316906888,0.2425354937009472
14827,0.4476666666666667,0,3,0,355552,250058,27888,80068,2.3162955278076254,0.24253769772753433
14828,0.4477344877344878,0,1,0,355553,250057,27888,80068,2.3162862647745377,0.24253843241196515
14829,0.4477380952380952,0,2,0,355555,250055,27888,80068,2.3162677387083628,0.24253990179417975
14830,0.4477460317460317,0,1,0,355556,250054,27888,80068,2.316258475675275,0.24254063649196358
14831,0.44775,1,2,1,355558,250052,27889,80067,2.3162399496091,0.24253981140134315
14832,0.4477738095238094,1,2,1,355560,250050,27890,80066,2.316221423542925,0.24253898629572634
14833,0.4477777777777777,0,1,0,355561,250049,27890,80066,2.316212160509837,0.242539721006316
14834,0.4477777777777778,0,1,0,355562,250048,27890,80066,2.31620289747675,0.24254045572135685
14835,0.4477976190476191,1,0,1,355562,250048,27891,80065,2.31620289747675,0.24253816117511276
14836,0.4478095238095237,0,1,0,355563,250047,27891,80065,2.316193634443662,0.24253889588987979
14837,0.4478095238095239,0,1,0,355564,250046,27891,80065,2.3161843714105745,0.24253963060909814
14838,0.4478174603174602,0,1,0,355565,250045,27891,80065,2.3161751083774873,0.24254036533276788
14839,0.4478333333333333,0,14,0,355579,250031,27891,80065,2.3160454259142615,0.2425506519315593
14840,0.4478412698412699,0,1,0,355580,250030,27891,80065,2.316036162881174,0.24255138672200427
14841,0.4478571428571428,2,2,2,355582,250028,27893,80063,2.3160176368149985,0.2425482669930413
14842,0.4478809523809524,0,1,0,355583,250027,27893,80063,2.3160083737819113,0.2425490017873913
14843,0.447888888888889,0,1,0,355584,250026,27893,80063,2.3159991107488236,0.24254973658619342
14844,0.4479166666666667,0,2,0,355586,250024,27893,80063,2.3159805846826487,0.2425512061971541
14845,0.4479285714285714,2,4,2,355590,250020,27895,80061,2.3159435325502984,0.2425495560180683
14846,0.4479444444444444,1,0,1,355590,250020,27896,80060,2.3159435325502984,0.24254726126999515
14847,0.4479761904761904,0,1,0,355591,250019,27896,80060,2.3159342695172107,0.24254799608578553
14848,0.4479761904761905,0,1,0,355592,250018,27896,80060,2.315925006484123,0.24254873090602827
14849,0.4479999999999999,10,80,10,355672,249938,27906,80050,2.3151839638371188,0.2425845788331697
14850,0.448,0,3,0,355675,249935,27906,80050,2.315156174737856,0.24258678424776883
14851,0.4480000000000001,1,0,1,355675,249935,27907,80049,2.315156174737856,0.24258448894491855
14852,0.4480238095238095,1,1,1,355676,249934,27908,80048,2.3151469117047685,0.24258292876581147
14853,0.448030303030303,0,1,0,355677,249933,27908,80048,2.3151376486716813,0.24258366390792196
14854,0.448047619047619,0,1,0,355678,249932,27908,80048,2.3151283856385936,0.24258439905448814
14855,0.448095238095238,1,2,1,355680,249930,27909,80047,2.315109859572418,0.24258357400667319
14856,0.4480952380952381,0,2,0,355682,249928,27909,80047,2.3150913335062433,0.24258504432153952
14857,0.4481230158730159,1,0,1,355682,249928,27910,80046,2.3150913335062433,0.24258274894385617
14858,0.4481428571428572,0,1,0,355683,249927,27910,80046,2.3150820704731556,0.24258348410324482
14859,0.4481666666666666,2,15,2,355698,249912,27912,80044,2.3149431249768426,0.2425899210803865
14860,0.4481666666666667,0,4,0,355702,249908,27912,80044,2.3149060728444923,0.24259286199204733
14861,0.4481904761904762,0,1,0,355703,249907,27912,80044,2.3148968098114047,0.24259359723110402
14862,0.4481926406926406,0,1,0,355704,249906,27912,80044,2.314887546778317,0.24259433247461737
14863,0.4482142857142857,1,5,1,355709,249901,27913,80043,2.3148412316128795,0.24259571321193898
14864,0.4482142857142858,0,1,0,355710,249900,27913,80043,2.314831968579792,0.24259644847746428
14865,0.4482276057276058,0,1,0,355711,249899,27913,80043,2.314822705546704,0.24259718374744652
14866,0.4482447552447552,1,3,1,355714,249896,27914,80042,2.3147949164474415,0.24259709399947868
14867,0.4482619047619047,0,7,0,355721,249889,27914,80042,2.3147300752158286,0.24260224107464895
14868,0.4482738095238094,1,4,1,355725,249885,27915,80041,2.3146930230834784,0.24260288670792846
14869,0.4482857142857143,1,1,1,355726,249884,27916,80040,2.314683760050391,0.24260132636607218
14870,0.4483333333333333,63,384,63,356110,249500,27979,79977,2.31112675534477,0.24273925038773572
14871,0.4483333333333334,0,1,0,356111,249499,27979,79977,2.3111174923116824,0.24273998713108086
14872,0.4483809523809523,0,1,0,356112,249498,27979,79977,2.311108229278595,0.24274072387889825
14873,0.4483809523809524,0,1,0,356113,249497,27979,79977,2.3110989662455075,0.2427414606311879
14874,0.4484285714285714,0,1,0,356114,249496,27979,79977,2.31108970321242,0.24274219738794986
14875,0.4484285714285715,0,1,0,356115,249495,27979,79977,2.311080440179332,0.24274293414918416
14876,0.4484444444444444,0,1,0,356116,249494,27979,79977,2.311071177146245,0.24274367091489085
14877,0.4484523809523809,0,4,0,356120,249490,27979,79977,2.3110341250138946,0.2427466180224423
14878,0.448452380952381,1,1,1,356121,249489,27980,79976,2.311024861980807,0.24274505637928157
14879,0.4484880952380953,1,0,1,356121,249489,27981,79975,2.311024861980807,0.24274275793409902
14880,0.4484999999999999,0,3,0,356124,249486,27981,79975,2.3109970728815443,0.2427449682967028
14881,0.4485,2,27,2,356151,249459,27983,79973,2.3107469709881805,0.24276026615507904
14882,0.4485238095238096,0,2,0,356153,249457,27983,79973,2.310728444922005,0.24276173997510853
14883,0.448547619047619,0,2,0,356155,249455,27983,79973,2.31070991885583,0.2427632138130335
14884,0.4485714285714285,1,4,1,356159,249451,27984,79972,2.31067286672348,0.2427638628753912
14885,0.4485714285714286,1,3,1,356162,249448,27985,79971,2.3106450776242173,0.24276377500994176
14886,0.4485833333333333,0,1,0,356163,249447,27985,79971,2.3106358145911297,0.24276451195745224
14887,0.4486190476190476,0,1,0,356164,249446,27985,79971,2.310626551558042,0.242765248909437
14888,0.4486363636363636,1,0,1,356164,249446,27986,79970,2.310626551558042,0.2427629501906404
14889,0.4486666666666666,5,20,5,356184,249426,27991,79965,2.310441290896291,0.2427661957976994
14890,0.4486666666666667,0,8,0,356192,249418,27991,79965,2.3103671866315905,0.24277209206303907
14891,0.4486904761904761,0,2,0,356194,249416,27991,79965,2.3103486605654155,0.24277356617412663
14892,0.4486904761904762,0,4,0,356198,249412,27991,79965,2.3103116084330653,0.24277651445000714
14893,0.4487142857142857,0,1,0,356199,249411,27991,79965,2.3103023453999776,0.24277725153016613
14894,0.4487272727272727,0,1,0,356200,249410,27991,79965,2.3102930823668903,0.24277798861480077
14895,0.44875,1,4,1,356204,249406,27992,79964,2.31025603023454,0.24277863800589003
14896,0.4488008658008657,0,1,0,356205,249405,27992,79964,2.3102467672014524,0.24277937510816136
14897,0.4488095238095237,1,5,1,356210,249400,27993,79963,2.310200452036015,0.2427807616520374
14898,0.4488095238095239,0,1,0,356211,249399,27993,79963,2.310191189002927,0.2427814987764223
14899,0.4488333333333332,0,2,0,356213,249397,27993,79963,2.310172662936752,0.24278297303862034
14900,0.4488333333333333,2,6,2,356219,249391,27995,79961,2.3101170847382266,0.2427827977361607
14901,0.4488333333333334,0,2,0,356221,249389,27995,79961,2.3100985586720517,0.24278427205100955
14902,0.4488571428571428,0,3,0,356224,249386,27995,79961,2.310070769572789,0.24278648355685645
14903,0.4488690476190476,0,1,0,356225,249385,27995,79961,2.3100615065397014,0.24278722073442519
14904,0.4489047619047619,0,1,0,356226,249384,27995,79961,2.3100522435066138,0.24278795791647056
14905,0.4489166666666666,2,0,2,356226,249384,27997,79959,2.3100522435066138,0.2427833595977446
14906,0.4489285714285714,0,4,0,356230,249380,27997,79959,2.3100151913742635,0.24278630833275136
14907,0.4489761904761905,0,2,0,356232,249378,27997,79959,2.3099966653080886,0.24278778272711538
14908,0.4489999999999999,0,1,0,356233,249377,27997,79959,2.309987402275001,0.2427885199310127
14909,0.449,15,85,15,356318,249292,28012,79944,2.3092000444625587,0.24281670291219673
14910,0.449047619047619,0,6,0,356324,249286,28012,79944,2.3091444662640335,0.24282112808674786
14911,0.4490851370851371,0,2,0,356326,249284,28012,79944,2.3091259401978586,0.24282260318077442
14912,0.449125541125541,0,5,0,356331,249279,28012,79944,2.3090796250324206,0.2428262909942501
14913,0.4491309523809523,0,1,0,356332,249278,28012,79944,2.309070361999333,0.24282702857038715
14914,0.4491428571428571,0,1,0,356333,249277,28012,79944,2.3090610989662457,0.24282776615100496
14915,0.4491428571428572,1,1,1,356334,249276,28013,79943,2.309051835933158,0.2428262038339221
14916,0.4491666666666666,8,66,8,356400,249210,28021,79935,2.3084404757493795,0.24285649181971472
14917,0.4491666666666667,7,69,7,356469,249141,28028,79928,2.307801326466338,0.24289130850976542
14918,0.4492380952380951,0,1,0,356470,249140,28028,79928,2.3077920634332507,0.24289204662866035
14919,0.4492380952380952,0,1,0,356471,249139,28028,79928,2.307782800400163,0.24289278475204137
14920,0.44925,0,1,0,356472,249138,28028,79928,2.3077735373670754,0.2428935228799086
14921,0.4492857142857142,0,1,0,356473,249137,28028,79928,2.307764274333988,0.24289426101226202
14922,0.4492857142857143,2,16,2,356489,249121,28030,79926,2.307616065804587,0.24290147000276557
14923,0.4493095238095237,0,1,0,356490,249120,28030,79926,2.3076068027714993,0.24290220820189273
14924,0.4493333333333332,1,0,1,356490,249120,28031,79925,2.3076068027714993,0.24289990730751113
14925,0.4493333333333333,7,51,7,356541,249069,28038,79918,2.3071343880840343,0.24292145282336383
14926,0.4493888888888889,0,1,0,356542,249068,28038,79918,2.3071251250509466,0.24292219121786338
14927,0.4493968253968254,2,0,2,356542,249068,28040,79916,2.3071251250509466,0.24291758869732266
14928,0.4494166666666667,0,1,0,356543,249067,28040,79916,2.3071158620178593,0.24291832708680997
14929,0.4494444444444444,0,1,0,356544,249066,28040,79916,2.3071065989847717,0.24291906548078618
14930,0.4494642857142856,0,1,0,356545,249065,28040,79916,2.307097335951684,0.24291980387925138
14931,0.4494722222222223,0,3,0,356548,249062,28040,79916,2.3070695468524214,0.24292201910158126
14932,0.4494761904761905,1,2,1,356550,249060,28041,79915,2.3070510207862465,0.24292119461965195
14933,0.4494761904761906,0,1,0,356551,249059,28041,79915,2.307041757753159,0.24292193304030105
14934,0.4494999999999999,1,2,1,356553,249057,28042,79914,2.3070232316869834,0.24292110854756194
14935,0.4495,1,22,1,356575,249035,28043,79913,2.3068194449590576,0.24293505356469716
14936,0.4495079365079364,0,1,0,356576,249034,28043,79913,2.30681018192597,0.24293579208808713
14937,0.4495238095238094,0,1,0,356577,249033,28043,79913,2.306800918892882,0.24293653061596737
14938,0.4495238095238095,0,4,0,356581,249029,28043,79913,2.306763866760532,0.2429394847723915
14939,0.4495476190476191,0,1,0,356582,249028,28043,79913,2.3067546037274447,0.24294022332272353
14940,0.4495714285714285,0,1,0,356583,249027,28043,79913,2.306745340694357,0.24294096187754605
14941,0.4495833333333333,2,4,2,356587,249023,28045,79911,2.3067082885620067,0.2429393130536825
14942,0.4496071428571428,0,2,0,356589,249021,28045,79911,2.306689762495832,0.24294079019371784
14943,0.4496111111111112,0,2,0,356591,249019,28045,79911,2.3066712364296564,0.24294226735171617
14944,0.4496190476190475,0,1,0,356592,249018,28045,79911,2.3066619733965688,0.24294300593745155
14945,0.4496190476190477,0,1,0,356593,249017,28045,79911,2.3066527103634815,0.24294374452767778
14946,0.4496428571428572,0,2,0,356595,249015,28045,79911,2.306634184297306,0.24294522172160304
14947,0.4496547619047619,0,1,0,356596,249014,28045,79911,2.306624921264219,0.2429459603253021
14948,0.4496666666666666,3,25,3,356621,248989,28048,79908,2.30639334543703,0.24295752165571594
14949,0.4496666666666667,0,2,0,356623,248987,28048,79908,2.3063748193708546,0.24295899907265237
14950,0.4497142857142857,0,1,0,356624,248986,28048,79908,2.3063655563377674,0.2429597377878587
14951,0.4497222222222221,0,2,0,356626,248984,28048,79908,2.306347030271592,0.2429612152317478
14952,0.44975,0,2,0,356628,248982,28048,79908,2.306328504205417,0.24296269269360576
14953,0.4497597402597403,1,2,1,356630,248980,28049,79907,2.3063099781392418,0.2429618683620818
14954,0.4497619047619047,0,2,0,356632,248978,28049,79907,2.306291452073067,0.24296334585037324
14955,0.4497619047619048,0,1,0,356633,248977,28049,79907,2.306282189039979,0.2429640846012576
14956,0.4497857142857143,0,1,0,356634,248976,28049,79907,2.3062729260068915,0.2429648233566344
14957,0.4498095238095238,0,1,0,356635,248975,28049,79907,2.3062636629738043,0.2429655621165038
14958,0.4498253968253968,0,1,0,356636,248974,28049,79907,2.3062543999407166,0.2429663008808657
14959,0.4498333333333332,0,1,0,356637,248973,28049,79907,2.306245136907629,0.24296703964972027
14960,0.4498333333333333,3,8,3,356645,248965,28052,79904,2.3061710326429288,0.24296604423037743
14961,0.4498333333333334,0,1,0,356646,248964,28052,79904,2.306161769609841,0.24296678302540836
14962,0.4498571428571428,0,1,0,356647,248963,28052,79904,2.3061525065767534,0.24296752182493228
14963,0.4498636363636363,0,2,0,356649,248961,28052,79904,2.3061339805105785,0.24296899943745914
14964,0.4498809523809523,0,4,0,356653,248957,28052,79904,2.306096928378228,0.24297195471643035
14965,0.4498809523809524,0,2,0,356655,248955,28052,79904,2.306078402312053,0.24297343238287533
14966,0.4498888888888889,1,0,1,356655,248955,28053,79903,2.306078402312053,0.24297113039670618
14967,0.4499444444444445,1,0,1,356655,248955,28054,79902,2.306078402312053,0.2429688283965371
14968,0.4499523809523809,0,1,0,356656,248954,28054,79902,2.3060691392789656,0.24296956722699298
14969,0.4499682539682539,0,2,0,356658,248952,28054,79902,2.3060506132127903,0.2429710449013848
14970,0.4499999999999999,3,38,3,356696,248914,28057,79899,2.3056986179554633,0.24299221746098845
14971,0.45,466,3448,466,360144,245466,28523,79433,2.2737596798695763,0.24448520924964373
14972,0.4500238095238095,0,1,0,360145,245465,28523,79433,2.273750416836489,0.24448596174799475
14973,0.4500357142857142,0,1,0,360146,245464,28523,79433,2.2737411538034014,0.244486714250978
14974,0.450047619047619,0,1,0,360147,245463,28523,79433,2.2737318907703137,0.2444874667585935
14975,0.4500714285714286,0,2,0,360149,245461,28523,79433,2.2737133647041388,0.24448897178772153
14976,0.4500833333333333,0,1,0,360150,245460,28523,79433,2.273704101671051,0.24448972430923413
14977,0.4501190476190476,0,3,0,360153,245457,28523,79433,2.2736763125717885,0.24449198190156668
14978,0.4501428571428571,0,2,0,360155,245455,28523,79433,2.2736577865056136,0.2444934869862845
14979,0.4501666666666666,3,9,3,360164,245446,28526,79430,2.2735744192078253,0.2444932835912779
14980,0.4501666666666667,0,3,0,360167,245443,28526,79430,2.2735466301085627,0.24449554133461385
14981,0.4501904761904762,0,2,0,360169,245441,28526,79430,2.273528104042388,0.2444970465200033
14982,0.4502142857142857,0,3,0,360172,245438,28526,79430,2.2735003149431248,0.24449930433283673
14983,0.4502380952380951,0,1,0,360173,245437,28526,79430,2.2734910519100375,0.24450005694638113
14984,0.4502380952380952,0,4,0,360177,245433,28526,79430,2.2734539997776873,0.24450306744689299
14985,0.4502857142857143,0,4,0,360181,245429,28526,79430,2.273416947645337,0.24450607802154165
14986,0.4503095238095237,1,4,1,360185,245425,28527,79429,2.2733798955129867,0.24450676303816485
14987,0.4503333333333332,0,2,0,360187,245423,28527,79429,2.2733613694468118,0.24450826838067796
14988,0.4503333333333333,3,30,3,360217,245393,28530,79426,2.273083478454185,0.24452387329558922
14989,0.4503571428571428,0,1,0,360218,245392,28530,79426,2.2730742154210977,0.24452462609830736
14990,0.4503888888888888,1,0,1,360218,245392,28531,79425,2.2730742154210977,0.24452230024906332
14991,0.4504166666666666,0,2,0,360220,245390,28531,79425,2.2730556893549223,0.24452380585871958
14992,0.4504166666666667,0,1,0,360221,245389,28531,79425,2.2730464263218346,0.24452455867050066
14993,0.4504234654234653,0,1,0,360222,245388,28531,79425,2.2730371632887474,0.24452531148691709
14994,0.4504285714285715,0,1,0,360223,245387,28531,79425,2.2730279002556597,0.24452606430796892
14995,0.450452380952381,0,1,0,360224,245386,28531,79425,2.273018637222572,0.24452681713365618
14996,0.4504523809523811,0,1,0,360225,245385,28531,79425,2.273009374189485,0.24452756996397895
14997,0.4504761904761904,1,6,1,360231,245379,28532,79424,2.272953795990959,0.24452976111673846
14998,0.4504761904761905,0,2,0,360233,245377,28532,79424,2.2729352699247842,0.24453126683723264
14999,0.4504999999999999,4,20,4,360253,245357,28536,79420,2.2727500092630333,0.24453702078657047
15000,0.4505,1,8,1,360261,245349,28537,79419,2.2726759049983327,0.2445407182973692
15001,0.4505238095238094,0,1,0,360262,245348,28537,79419,2.272666641965245,0.24454147127017214
15002,0.4505238095238095,0,1,0,360263,245347,28537,79419,2.2726573789321574,0.24454222424761213
15003,0.4505238095238096,0,1,0,360264,245346,28537,79419,2.27264811589907,0.24454297722968915
15004,0.4505555555555556,0,1,0,360265,245345,28537,79419,2.2726388528659824,0.2445437302164033
15005,0.4506111111111111,1,0,1,360265,245345,28538,79418,2.2726388528659824,0.24454140403925323
15006,0.4506428571428571,0,1,0,360266,245344,28538,79418,2.2726295898328948,0.2445421570257604
15007,0.4506428571428572,0,1,0,360267,245343,28538,79418,2.2726203267998075,0.24454291001690473
15008,0.4506666666666666,6,31,6,360298,245312,28544,79412,2.272333172774093,0.2445522967196758
15009,0.4506666666666667,3,15,3,360313,245297,28547,79409,2.27219422727778,0.24455661429108178
15010,0.4506904761904761,1,0,1,360313,245297,28548,79408,2.27219422727778,0.24455428773810073
15011,0.4507142857142857,0,3,0,360316,245294,28548,79408,2.2721664381785174,0.24455654723407924
15012,0.4507261904761904,1,0,1,360316,245294,28549,79407,2.2721664381785174,0.2445542206522308
15013,0.45075,0,1,0,360317,245293,28549,79407,2.2721571751454297,0.24455497382198954
15014,0.4508095238095238,0,1,0,360318,245292,28549,79407,2.272147912112342,0.24455572699638742
15015,0.4508174603174603,0,1,0,360319,245291,28549,79407,2.2721386490792543,0.24455648017542456
15016,0.4508333333333333,21,153,21,360472,245138,28570,79386,2.2707214050168587,0.2446228938383602
15017,0.4508333333333334,1,1,1,360473,245137,28571,79385,2.270712141983771,0.24462131997214365
15018,0.4508571428571429,1,0,1,360473,245137,28572,79384,2.270712141983771,0.24461899229941977
15019,0.4508888888888889,2,0,2,360473,245137,28574,79382,2.270712141983771,0.24461433691093587
15020,0.4509166666666665,0,1,0,360474,245136,28574,79382,2.270702878950684,0.24461509068834394
15021,0.4509523809523809,1,5,1,360479,245131,28575,79381,2.270656563785246,0.24461653190020707
15022,0.450952380952381,1,0,1,360479,245131,28576,79380,2.270656563785246,0.24461420414099985
15023,0.4509615384615384,0,2,0,360481,245129,28576,79380,2.270638037719071,0.24461571173680854
15024,0.4509999999999999,1,5,1,360486,245124,28577,79379,2.270591722553633,0.24461715300012635
15025,0.451,10,78,10,360564,245046,28587,79369,2.2698692059728036,0.2446526825208452
15026,0.4510000000000002,0,1,0,360565,245045,28587,79369,2.2698599429397164,0.24465343665809736
15027,0.4510079365079364,0,2,0,360567,245043,28587,79369,2.269841416873541,0.24465494494654946
15028,0.4510595238095238,0,1,0,360568,245042,28587,79369,2.2698321538404533,0.24465569909774945
15029,0.451063492063492,0,2,0,360570,245040,28587,79369,2.2698136277742784,0.24465720741409763
15030,0.4510714285714285,1,2,1,360572,245038,28588,79368,2.2697951017081035,0.2446563873664482
15031,0.4510833333333333,0,3,0,360575,245035,28588,79368,2.2697673126088405,0.24465864988918104
15032,0.4510950993450993,0,2,0,360577,245033,28588,79368,2.2697487865426655,0.2446601582609178
15033,0.4511071428571429,0,1,0,360578,245032,28588,79368,2.269739523509578,0.2446609124537608
15034,0.4511111111111111,1,1,1,360579,245031,28589,79367,2.2697302604764906,0.24465933822033428
15035,0.4511190476190476,0,1,0,360580,245030,28589,79367,2.269720997443403,0.2446600924176241
15036,0.4511428571428571,0,2,0,360582,245028,28589,79367,2.2697024713772276,0.2446616008261533
15037,0.4511428571428572,0,1,0,360583,245027,28589,79367,2.2696932083441403,0.2446623550373928
15038,0.4511666666666666,0,15,0,360598,245012,28589,79367,2.269554262847827,0.24467366876400753
15039,0.4511666666666667,0,1,0,360599,245011,28589,79367,2.2695449998147392,0.24467442304965195
15040,0.4511904761904761,0,1,0,360600,245010,28589,79367,2.269535736781652,0.24467517733994704
15041,0.4511904761904762,1,4,1,360604,245006,28590,79366,2.2694986846493017,0.2446758659810341
15042,0.4512142857142857,0,1,0,360605,245005,28590,79366,2.269489421616214,0.24467662028972997
15043,0.4512142857142858,0,1,0,360606,245004,28590,79366,2.2694801585831264,0.24467737460307673
15044,0.45125,0,1,0,360607,245003,28590,79366,2.269470895550039,0.24467812892107446
15045,0.4512777777777778,0,2,0,360609,245001,28590,79366,2.2694523694838638,0.24467963757102296
15046,0.4513095238095237,0,5,0,360614,244996,28590,79366,2.2694060543184262,0.24468340927728896
15047,0.4513205683205682,2,1,2,360615,244995,28592,79364,2.2693967912853386,0.24467950634944613
15048,0.4513333333333332,1,6,1,360621,244989,28593,79363,2.2693412130868134,0.24468170382794002
15049,0.4513333333333333,6,35,6,360656,244954,28599,79357,2.269017006928749,0.24469413618409488
15050,0.4513333333333334,2,7,2,360663,244947,28601,79355,2.268952165697136,0.24469475982263444
15051,0.4513968253968254,0,2,0,360665,244945,28601,79355,2.2689336396309607,0.24469626888683318
15052,0.4514047619047618,0,1,0,360666,244944,28601,79355,2.268924376597873,0.2446970234259125
15053,0.4514166666666665,1,0,1,360666,244944,28602,79354,2.268924376597873,0.24469469438602767
15054,0.4514285714285714,0,4,0,360670,244940,28602,79354,2.2688873244655228,0.24469771256945858
15055,0.4514761904761905,0,1,0,360671,244939,28602,79354,2.2688780614324355,0.24469846712695
15056,0.4514877344877344,0,1,0,360672,244938,28602,79354,2.268868798399348,0.24469922168909503
15057,0.4514999999999999,1,0,1,360672,244938,28603,79353,2.268868798399348,0.24469689260571523
15058,0.4515,6,18,6,360690,244920,28609,79347,2.268702063803772,0.2446965001063938
15059,0.451547619047619,1,3,1,360693,244917,28610,79346,2.268674274704509,0.24469643468419153
15060,0.4515476190476191,1,1,1,360694,244916,28611,79345,2.2686650116714215,0.24469486000474927
15061,0.4516428571428571,0,1,0,360695,244915,28611,79345,2.2686557486383343,0.244695614630235
15062,0.4516428571428572,0,1,0,360696,244914,28611,79345,2.2686464856052466,0.2446963692603752
15063,0.4516623376623376,0,1,0,360697,244913,28611,79345,2.268637222572159,0.2446971238951699
15064,0.4516666666666665,0,4,0,360701,244909,28611,79345,2.2686001704398087,0.2447001424808946
15065,0.4516666666666666,28,240,28,360941,244669,28639,79317,2.266377042498796,0.2448161340304828
15066,0.4516666666666667,27,187,27,361128,244482,28666,79290,2.264644855311423,0.2448945554278937
15067,0.4516785714285714,1,0,1,361128,244482,28667,79289,2.264644855311423,0.24489222320714332
15068,0.4516904761904762,0,1,0,361129,244481,28667,79289,2.2646355922783354,0.24489297958427278
15069,0.4517142857142857,0,4,0,361133,244477,28667,79289,2.2645985401459856,0.24489600513951434
15070,0.4517142857142858,0,1,0,361134,244476,28667,79289,2.264589277112898,0.24489676154000586
15071,0.4517307692307692,1,0,1,361134,244476,28668,79288,2.264589277112898,0.24489442927564523
15072,0.45175,1,1,1,361135,244475,28669,79287,2.2645800140798102,0.24489285339230668
15073,0.4517619047619047,0,1,0,361136,244474,28669,79287,2.2645707510467226,0.2448936097924086
15074,0.4517619047619048,0,1,0,361137,244473,28669,79287,2.2645614880136353,0.2448943661971831
15075,0.4517857142857142,0,1,0,361138,244472,28669,79287,2.2645522249805476,0.24489512260663024
15076,0.4517857142857143,1,2,1,361140,244470,28670,79286,2.2645336989143727,0.24489430311716232
15077,0.4518095238095238,1,0,1,361140,244470,28671,79285,2.2645336989143727,0.24489197078037406
15078,0.4518333333333333,0,19,0,361159,244451,28671,79285,2.264357701285709,0.2449063434403341
15079,0.4519047619047619,1,2,1,361161,244449,28672,79284,2.264339175219534,0.24490552399662685
15080,0.4519166666666667,1,0,1,361161,244449,28673,79283,2.264339175219534,0.24490319152879542
15081,0.4519444444444444,0,1,0,361162,244448,28673,79283,2.2643299121864464,0.2449039480309269
15082,0.4519523809523809,0,1,0,361163,244447,28673,79283,2.2643206491533587,0.24490470453773205
15083,0.4519761904761905,0,3,0,361166,244444,28673,79283,2.264292860054096,0.24490697408618992
15084,0.4519999999999999,1,12,1,361178,244432,28674,79282,2.2641817036570453,0.2449137201356753
15085,0.452,7,62,7,361240,244370,28681,79275,2.263607395605617,0.24494430626149022
15086,0.4520000000000001,0,3,0,361243,244367,28681,79275,2.2635796065063545,0.24494657677310114
15087,0.4520238095238095,0,2,0,361245,244365,28681,79275,2.263561080440179,0.24494809047089358
15088,0.452047619047619,0,1,0,361246,244364,28681,79275,2.263551817407092,0.2449488473268055
15089,0.4520833333333333,0,4,0,361250,244360,28681,79275,2.2635147652747416,0.24495187479722527
15090,0.4521111111111111,0,1,0,361251,244359,28681,79275,2.263505502241654,0.24495263167652348
15091,0.4521190476190477,0,1,0,361252,244358,28681,79275,2.2634962392085662,0.24495338856049909
15092,0.4521428571428572,2,13,2,361265,244345,28683,79273,2.263375819778428,0.24495856225549878
15093,0.4521666666666666,4,9,4,361274,244336,28687,79269,2.2632924524806404,0.24495604208834845
15094,0.4521904761904762,0,2,0,361276,244334,28687,79269,2.263273926414465,0.24495755601771307
15095,0.4522142857142857,0,3,0,361279,244331,28687,79269,2.2632461373152024,0.24495982694684795
15096,0.4522142857142858,0,1,0,361280,244330,28687,79269,2.2632368742821147,0.24496058393258321
15097,0.4522222222222221,0,1,0,361281,244329,28687,79269,2.2632276112490275,0.24496134092299704
15098,0.4522301587301587,0,1,0,361282,244328,28687,79269,2.26321834821594,0.24496209791808948
15099,0.4522380952380952,1,0,1,361282,244328,28688,79268,2.26321834821594,0.244959764644804
15100,0.4522380952380953,0,1,0,361283,244327,28688,79268,2.263209085182852,0.24496052163970394
15101,0.4522619047619047,0,2,0,361285,244325,28688,79268,2.263190559116677,0.24496203564353988
15102,0.4523333333333332,1,13,1,361298,244312,28689,79267,2.263070139686539,0.24496954375902022
15103,0.4523333333333333,1,25,1,361323,244287,28690,79266,2.2628385638593502,0.24498613828337243
15104,0.4523809523809523,0,2,0,361325,244285,28690,79266,2.262820037793175,0.24498765264208733
15105,0.4523809523809524,1,4,1,361329,244281,28691,79265,2.2627829856608246,0.24498834787016374
15106,0.4524047619047618,1,0,1,361329,244281,28692,79264,2.2627829856608246,0.2449860143102196
15107,0.4524999999999999,1,6,1,361335,244275,28693,79263,2.2627274074622994,0.24498822394896427
15108,0.4525,42,373,42,361708,243902,28735,79221,2.259272296120642,0.24517289081866658
15109,0.4525158730158731,0,1,0,361709,243901,28735,79221,2.2592630330875543,0.24517364958127272
15110,0.4525238095238096,1,3,1,361712,243898,28736,79220,2.2592352439882917,0.24517358983405443
15111,0.4525714285714285,1,1,1,361713,243897,28737,79219,2.259225980955204,0.24517201252800852
15112,0.4526111111111111,0,1,0,361714,243896,28737,79219,2.2592167179221163,0.24517277130433437
15113,0.4526190476190476,1,4,1,361718,243892,28738,79218,2.259179665789766,0.24517347033517997
15114,0.4526666666666666,4,30,4,361748,243862,28742,79214,2.2589017747971396,0.2451868910101648
15115,0.4526666666666667,1,4,1,361752,243858,28743,79213,2.2588647226647893,0.2451875903439182
15116,0.4526706349206349,0,1,0,361753,243857,28743,79213,2.2588554596317016,0.24518834927415112
15117,0.4526984126984126,0,2,0,361755,243855,28743,79213,2.2588369335655267,0.24518986714871172
15118,0.4527142857142857,0,1,0,361756,243854,28743,79213,2.258827670532439,0.24519062609303952
15119,0.4527380952380953,0,1,0,361757,243853,28743,79213,2.2588184074993514,0.2451913850420657
15120,0.45275,0,4,0,361761,243849,28743,79213,2.2587813553670015,0.24519442088515517
15121,0.4527619047619048,0,1,0,361762,243848,28743,79213,2.258772092333914,0.24519517985767394
15122,0.4527777777777778,1,1,1,361763,243847,28744,79212,2.258762829300826,0.24519360240699067
15123,0.452797619047619,0,1,0,361764,243846,28744,79212,2.2587535662677385,0.24519436138402392
15124,0.4528095238095237,0,1,0,361765,243845,28744,79212,2.2587443032346513,0.2451951203657559
15125,0.4528095238095238,0,1,0,361766,243844,28744,79212,2.2587350402015636,0.24519587935218662
15126,0.4528333333333333,0,15,0,361781,243829,28744,79212,2.25859609470525,0.24520726471252874
15127,0.4528571428571428,0,14,0,361795,243815,28744,79212,2.2584664122420244,0.24521789200283567
15128,0.4528571428571429,0,1,0,361796,243814,28744,79212,2.258457149208937,0.24521865113024957
15129,0.4528888888888888,0,2,0,361798,243812,28744,79212,2.258438623142762,0.24522016939917776
15130,0.4528888888888889,0,1,0,361799,243811,28744,79212,2.258429360109674,0.24522092854069216
15131,0.4528928571428572,1,0,1,361799,243811,28745,79211,2.258429360109674,0.2452185919225316
15132,0.4529166666666666,0,4,0,361803,243807,28745,79211,2.2583923079773243,0.24522162851605792
15133,0.4529761904761904,0,1,0,361804,243806,28745,79211,2.2583830449442366,0.24522238767619042
15134,0.4529761904761905,1,2,1,361806,243804,28746,79210,2.2583645188780612,0.24522156934374362
15135,0.4529999999999999,4,56,4,361862,243748,28750,79206,2.257845789025158,0.24525474216142237
15136,0.453,1,6,1,361868,243742,28751,79205,2.257790210826633,0.24525696166863292
15137,0.4530000000000001,1,1,1,361869,243741,28752,79204,2.2577809477935453,0.2452553840437226
15138,0.4530238095238095,0,1,0,361870,243740,28752,79204,2.257771684760458,0.24525614347998415
15139,0.453047619047619,0,1,0,361871,243739,28752,79204,2.2577624217273704,0.2452569029209489
15140,0.453095238095238,0,3,0,361874,243736,28752,79204,2.257734632628108,0.24525918127206292
15141,0.4530952380952381,1,4,1,361878,243732,28753,79203,2.2576975804957575,0.24525988201960147
15142,0.4531428571428572,1,0,1,361878,243732,28754,79202,2.2576975804957575,0.2452575448853326
15143,0.4531487956487957,0,8,0,361886,243724,28754,79202,2.257623476231057,0.2452636207676062
15144,0.4531547619047619,0,4,0,361890,243720,28754,79202,2.2575864240987067,0.24526665882163495
15145,0.4531666666666666,4,6,4,361896,243714,28758,79198,2.2575308459001815,0.2452618670102071
15146,0.4531666666666667,1,2,1,361898,243712,28759,79197,2.2575123198340066,0.24526104877844843
15147,0.4532023809523809,0,1,0,361899,243711,28759,79197,2.257503056800919,0.24526180831692
15148,0.4532142857142857,0,5,0,361904,243706,28759,79197,2.257456741635481,0.2452656060798444
15149,0.4532261904761904,0,2,0,361906,243704,28759,79197,2.257438215569306,0.24526712521794605
15150,0.4532499999999999,1,1,1,361907,243703,28760,79196,2.2574289525362183,0.2452655474312401
15151,0.45325,0,1,0,361908,243702,28760,79196,2.257419689503131,0.24526630700716634
15152,0.4532539682539681,0,1,0,361909,243701,28760,79196,2.2574104264700434,0.24526706658779734
15153,0.4532539682539682,0,1,0,361910,243700,28760,79196,2.2574011634369557,0.24526782617313314
15154,0.4533095238095238,0,2,0,361912,243698,28760,79196,2.257382637370781,0.2452693453579193
15155,0.4533333333333333,105,742,105,362654,242956,28865,79091,2.2505094668198153,0.24558837685182597
15156,0.4533333333333334,0,3,0,362657,242953,28865,79091,2.2504816777205527,0.24559066462967793
15157,0.4533452380952381,0,1,0,362658,242952,28865,79091,2.250472414687465,0.2455914272317672
15158,0.4533809523809523,0,2,0,362660,242950,28865,79091,2.25045388862129,0.24559295245015386
15159,0.4534285714285713,1,1,1,362661,242949,28866,79090,2.2504446255882025,0.24559137247352028
15160,0.4534523809523809,1,3,1,362664,242946,28867,79089,2.25041683648894,0.24559131771391307
15161,0.4534588744588744,0,1,0,362665,242945,28867,79089,2.250407573455852,0.24559208033934304
15162,0.4534615384615384,0,1,0,362666,242944,28867,79089,2.250398310422765,0.24559284296950934
15163,0.4534999999999999,0,2,0,362668,242942,28867,79089,2.2503797843565896,0.24559436824405104
15164,0.4535,3,37,3,362705,242905,28870,79086,2.2500370521323503,0.24561556068337315
15165,0.4535515873015873,0,1,0,362706,242904,28870,79086,2.2500277890992626,0.2456163234883071
15166,0.4535555555555555,0,1,0,362707,242903,28870,79086,2.250018526066175,0.24561708629797913
15167,0.4535714285714284,0,1,0,362708,242902,28870,79086,2.2500092630330877,0.2456178491123893
15168,0.4535714285714285,1,2,1,362710,242900,28871,79085,2.2499907369669123,0.24561703184930975
15169,0.4535714285714286,0,5,0,362715,242895,28871,79085,2.249944421801475,0.24562084601528045
15170,0.4535952380952381,0,1,0,362716,242894,28871,79085,2.249935158768387,0.2456216088626898
15171,0.4536111111111111,0,1,0,362717,242893,28871,79085,2.2499258957352994,0.24562237171483767
15172,0.4536190476190477,0,1,0,362718,242892,28871,79085,2.249916632702212,0.24562313457172408
15173,0.4536309523809524,0,1,0,362719,242891,28871,79085,2.2499073696691245,0.24562389743334906
15174,0.4536428571428571,0,1,0,362720,242890,28871,79085,2.249898106636037,0.24562466029971272
15175,0.4536601731601731,0,1,0,362721,242889,28871,79085,2.249888843602949,0.24562542317081504
15176,0.4536666666666666,7,33,7,362754,242856,28878,79078,2.24958316351106,0.24563419831394012
15177,0.4536666666666667,2,5,2,362759,242851,28880,79076,2.249536848345622,0.24563332681011535
15178,0.4536753246753246,0,1,0,362760,242850,28880,79076,2.249527585312535,0.24563408982188453
15179,0.4536904761904762,0,1,0,362761,242849,28880,79076,2.2495183222794473,0.24563485283839404
15180,0.4537222222222222,0,1,0,362762,242848,28880,79076,2.2495090592463596,0.24563561585964389
15181,0.45375,0,7,0,362769,242841,28880,79076,2.2494442180147467,0.24564095714112644
15182,0.4537500000000001,0,1,0,362770,242840,28880,79076,2.249434954981659,0.2456417202003007
15183,0.4537777777777778,0,2,0,362772,242838,28880,79076,2.249416428915484,0.24564324633287152
15184,0.4538095238095238,0,4,0,362776,242834,28880,79076,2.249379376783134,0.24564629865490353
15185,0.4538095238095239,1,1,1,362777,242833,28881,79075,2.249370113750046,0.24564471836673832
15186,0.4538253968253968,0,1,0,362778,242832,28881,79075,2.249360850716959,0.2456454814589307
15187,0.4538333333333332,0,3,0,362781,242829,28881,79075,2.2493330616176963,0.24564777076395447
15188,0.4538333333333333,1,9,1,362790,242820,28882,79074,2.249249694319908,0.24565229547615053
15189,0.4538333333333334,0,2,0,362792,242818,28882,79074,2.249231168253733,0.24565382177873324
15190,0.4538571428571428,0,1,0,362793,242817,28882,79074,2.2492219052206455,0.2456545849371371
15191,0.4538888888888888,0,1,0,362794,242816,28882,79074,2.249212642187558,0.2456553481002827
15192,0.4538888888888889,0,1,0,362795,242815,28882,79074,2.2492033791544706,0.24565611126817008
15193,0.4539166666666666,0,1,0,362796,242814,28882,79074,2.249194116121383,0.24565687444079928
15194,0.4539285714285714,0,1,0,362797,242813,28882,79074,2.249184853088295,0.24565763761817036
15195,0.4539523809523809,0,1,0,362798,242812,28882,79074,2.2491755900552075,0.24565840080028334
15196,0.4539713064713064,1,0,1,362798,242812,28883,79073,2.2491755900552075,0.24565605728754059
15197,0.4539761904761905,0,2,0,362800,242810,28883,79073,2.2491570639890326,0.2456575836561732
15198,0.4539999999999999,16,130,16,362930,242680,28899,79057,2.2479528696876505,0.24571932976312952
15199,0.454,0,6,0,362936,242674,28899,79057,2.2478972914891253,0.2457239122123762
15200,0.4540357142857143,1,0,1,362936,242674,28900,79056,2.2478972914891253,0.2457215677742206
15201,0.454047619047619,0,6,0,362942,242668,28900,79056,2.2478417132905997,0.24572615036490905
15202,0.4540833333333333,0,2,0,362944,242666,28900,79056,2.2478231872244248,0.2457276779331224
15203,0.4540833333333334,0,2,0,362946,242664,28900,79056,2.24780466115825,0.24572920552032823
15204,0.4541666666666666,8,71,8,363017,242593,28908,79048,2.2471469858090334,0.2457646879595574
15205,0.4541666666666667,7,56,7,363073,242537,28915,79041,2.2466282559561304,0.24579106779692642
15206,0.4541785714285715,0,4,0,363077,242533,28915,79041,2.24659120382378,0.24579412514693352
15207,0.4541904761904762,0,1,0,363078,242532,28915,79041,2.2465819407906924,0.24579488949631964
15208,0.45425,0,2,0,363080,242530,28915,79041,2.2465634147245175,0.24579641820935347
15209,0.4542619047619047,0,1,0,363081,242529,28915,79041,2.24655415169143,0.2457971825730012
15210,0.4542857142857142,0,1,0,363082,242528,28915,79041,2.246544888658342,0.24579794694140294
15211,0.4542857142857143,3,16,3,363098,242512,28918,79038,2.2463966801289414,0.24580314103560877
15212,0.4543030303030303,1,0,1,363098,242512,28919,79037,2.2463966801289414,0.24580079552416584
15213,0.4543253968253967,0,1,0,363099,242511,28919,79037,2.2463874170958538,0.24580155995372385
15214,0.4543333333333333,3,41,3,363140,242470,28922,79034,2.246007632739264,0.24582586841843337
15215,0.4543571428571428,0,2,0,363142,242468,28922,79034,2.245989106673089,0.24582739765226966
15216,0.4544047619047619,0,1,0,363143,242467,28922,79034,2.2459798436400016,0.24582816227632262
15217,0.454404761904762,0,1,0,363144,242466,28922,79034,2.245970580606914,0.2458289269051322
15218,0.4544285714285713,2,1,2,363145,242465,28924,79032,2.245961317573826,0.24582499992223877
15219,0.4544444444444444,0,1,0,363146,242464,28924,79032,2.245952054540739,0.24582576455072536
15220,0.4544523809523809,1,0,1,363146,242464,28925,79031,2.245952054540739,0.24582341871568764
15221,0.4544761904761905,0,2,0,363148,242462,28925,79031,2.2459335284745636,0.24582494797709437
15222,0.4544999999999999,1,4,1,363152,242458,28926,79030,2.2458964763422133,0.245825660677848
15223,0.4545,5,17,5,363169,242441,28931,79025,2.245739004779725,0.24582693037521852
15224,0.4545238095238095,0,1,0,363170,242440,28931,79025,2.2457297417466373,0.2458276950834461
15225,0.4545454545454545,0,1,0,363171,242439,28931,79025,2.24572047871355,0.24582845979643134
15226,0.4545714285714284,0,1,0,363172,242438,28931,79025,2.2457112156804624,0.24582922451417427
15227,0.454590909090909,0,1,0,363173,242437,28931,79025,2.2457019526473747,0.24582998923667493
15228,0.4545952380952381,1,0,1,363173,242437,28932,79024,2.2457019526473747,0.2458276431666672
15229,0.454642857142857,0,1,0,363174,242436,28932,79024,2.2456926896142875,0.2458284078890064
15230,0.4546428571428571,1,3,1,363177,242433,28933,79023,2.2456649005150244,0.24582835598028968
15231,0.4546666666666666,2,33,2,363210,242400,28935,79021,2.2453592204231354,0.2458489022185856
15232,0.4546991341991341,0,1,0,363211,242399,28935,79021,2.2453499573900477,0.24584966710223383
15233,0.4547222222222223,0,1,0,363212,242398,28935,79021,2.24534069435696,0.2458504319906415
15234,0.4547619047619047,2,3,2,363215,242395,28937,79019,2.2453129052576974,0.24584803399976354
15235,0.4547738095238094,1,3,1,363218,242392,28938,79018,2.245285116158435,0.24584798232786784
15236,0.4547857142857143,1,0,1,363218,242392,28939,79017,2.245285116158435,0.24584563593427688
15237,0.4548333333333332,1,1,1,363219,242391,28940,79016,2.245275853125347,0.24584405442320795
15238,0.4548333333333333,2,13,2,363232,242378,28942,79014,2.245155433695209,0.24584930552098372
15239,0.4548571428571428,0,1,0,363233,242377,28942,79014,2.2451461706621214,0.2458500704749044
15240,0.4548809523809523,0,2,0,363235,242375,28942,79014,2.2451276445959465,0.24585160039702667
15241,0.4548939393939394,0,2,0,363237,242373,28942,79014,2.2451091185297716,0.2458531303381904
15242,0.4549047619047619,1,1,1,363238,242372,28943,79013,2.245099855496684,0.24585154876549933
15243,0.4549166666666667,1,1,1,363239,242371,28944,79012,2.245090592463596,0.24584996717312366
15244,0.4549206349206349,0,1,0,363240,242370,28944,79012,2.2450813294305085,0.24585073215052491
15245,0.454944166944167,0,7,0,363247,242363,28944,79012,2.2450164881988957,0.24585608712563206
15246,0.454952380952381,0,2,0,363249,242361,28944,79012,2.2449979621327207,0.245857617161367
15247,0.4549999999999999,7,32,7,363281,242329,28951,79005,2.244701545073919,0.24586567247785793
15248,0.455,191,1360,191,364641,240969,29142,78814,2.2321038200748453,0.24646088128512147
15249,0.4550476190476191,0,4,0,364645,240965,29142,78814,2.232066767942495,0.24646396417525854
15250,0.4550714285714285,1,0,1,364645,240965,29143,78813,2.232066767942495,0.24646160774036988
15251,0.4551111111111111,0,1,0,364646,240964,29143,78813,2.2320575049094074,0.24646237846999627
15252,0.4551190476190476,0,9,0,364655,240955,29143,78813,2.2319741376116196,0.24646931525355883
15253,0.4551322974411211,1,4,1,364659,240951,29144,78812,2.2319370854792693,0.24647004187476348
15254,0.4551428571428571,0,2,0,364661,240949,29144,78812,2.2319185594130944,0.2464715834638996
15255,0.4551666666666666,0,17,0,364678,240932,29144,78812,2.231761087850606,0.24648468775020016
15256,0.4551666666666667,0,2,0,364680,240930,29144,78812,2.2317425617844306,0.24648622952255256
15257,0.4551904761904762,0,3,0,364683,240927,29144,78812,2.231714772685168,0.24648854221724595
15258,0.4552023809523809,0,1,0,364684,240926,29144,78812,2.2317055096520804,0.2464893131251212
15259,0.4552222222222222,1,0,1,364684,240926,29145,78811,2.2317055096520804,0.2464869564673466
15260,0.4552380952380951,0,3,0,364687,240923,29145,78811,2.2316777205528178,0.24648926920502667
15261,0.4552380952380953,2,3,2,364690,240920,29147,78809,2.231649931453555,0.24648686856681754
15262,0.45525,0,1,0,364691,240919,29147,78809,2.2316406684204675,0.24648763949356953
15263,0.4552619047619048,0,1,0,364692,240918,29147,78809,2.2316314053873803,0.24648841042514394
15264,0.455275974025974,0,1,0,364693,240917,29147,78809,2.2316221423542926,0.24648918136154083
15265,0.4552857142857143,0,2,0,364695,240915,29147,78809,2.231603616288117,0.24649072324880208
15266,0.4553268398268399,0,3,0,364698,240912,29147,78809,2.2315758271888546,0.2464930361158635
15267,0.4553333333333332,0,3,0,364701,240909,29147,78809,2.231548038089592,0.24649534902632944
15268,0.4553333333333333,5,31,5,364732,240878,29152,78804,2.231260884063878,0.24650746679512767
15269,0.4553333333333335,0,1,0,364733,240877,29152,78804,2.23125162103079,0.24650823789965623
15270,0.4553571428571428,0,6,0,364739,240871,29152,78804,2.231196042832265,0.24651286462813796
15271,0.4553968253968253,0,2,0,364741,240869,29152,78804,2.23117751676609,0.2465144069095607
15272,0.4554087301587301,1,1,1,364742,240868,29153,78803,2.2311682537330024,0.24651282099408453
15273,0.4554285714285713,0,1,0,364743,240867,29153,78803,2.2311589906999147,0.24651359214189633
15274,0.4554285714285714,1,2,1,364745,240865,29154,78802,2.23114046463374,0.24651277735893914
15275,0.4554567099567099,0,2,0,364747,240863,29154,78802,2.2311219385675645,0.24651431967841334
15276,0.4554747474747474,1,0,1,364747,240863,29155,78801,2.2311219385675645,0.24651196256068872
15277,0.4554761904761903,1,4,1,364751,240859,29156,78800,2.231084886435214,0.24651269008537222
15278,0.4554761904761904,1,0,1,364751,240859,29157,78799,2.231084886435214,0.24651033291830643
15279,0.4554761904761905,2,5,2,364756,240854,29159,78797,2.2310385712697767,0.2465094743955126
15280,0.4554999999999999,1,16,1,364772,240838,29160,78796,2.2308903627403756,0.24651945662851887
15281,0.4555,0,2,0,364774,240836,29160,78796,2.2308718366742006,0.24652099914902137
15282,0.4555555555555555,1,2,1,364776,240834,29161,78795,2.2308533106080253,0.2465201843387177
15283,0.4555833333333333,0,6,0,364782,240828,29161,78795,2.2307977324095,0.24652481204418955
15284,0.4555833333333334,0,1,0,364783,240827,29161,78795,2.2307884693764124,0.24652558334532668
15285,0.4555952380952381,0,1,0,364784,240826,29161,78795,2.230779206343325,0.2465263546512901
15286,0.4556190476190476,0,1,0,364785,240825,29161,78795,2.2307699433102375,0.24652712596207996
15287,0.4556190476190477,1,0,1,364785,240825,29162,78794,2.2307699433102375,0.2465247685525579
15288,0.4556428571428572,0,1,0,364786,240824,29162,78794,2.23076068027715,0.2465255398632117
15289,0.4556666666666665,0,1,0,364787,240823,29162,78794,2.2307514172440626,0.246526311178692
15290,0.4556666666666666,4,30,4,364817,240793,29166,78790,2.2304735262514357,0.24654002246677703
15291,0.4556666666666667,2,12,2,364829,240781,29168,78788,2.2303623698543853,0.24654456471059458
15292,0.4556666666666668,1,0,1,364829,240781,29169,78787,2.2303623698543853,0.24654220697942222
15293,0.4556904761904761,0,1,0,364830,240780,29169,78787,2.2303531068212976,0.24654297846773915
15294,0.4556904761904762,0,1,0,364831,240779,29169,78787,2.23034384378821,0.24654374996088446
15295,0.4557142857142857,2,19,2,364850,240760,29171,78785,2.2301678461595467,0.24655369353299222
15296,0.4557420634920635,0,4,0,364854,240756,29171,78785,2.2301307940271964,0.24655677988114202
15297,0.45575,0,1,0,364855,240755,29171,78785,2.2301215309941087,0.24655755148025285
15298,0.4557741865977159,0,4,0,364859,240751,29171,78785,2.2300844788617584,0.24656063792499125
15299,0.4558095238095238,0,2,0,364861,240749,29171,78785,2.2300659527955835,0.24656218117633805
15300,0.4558214285714286,1,0,1,364861,240749,29172,78784,2.2300659527955835,0.24655982324204387
15301,0.4558311965811966,1,0,1,364861,240749,29173,78783,2.2300659527955835,0.246557465292991
15302,0.4558333333333333,27,104,27,364965,240645,29200,78756,2.2291025973544776,0.2465740558107207
15303,0.4558333333333334,0,1,0,364966,240644,29200,78756,2.2290933343213903,0.246574827802129
15304,0.4558412698412697,0,2,0,364968,240642,29200,78756,2.229074808255215,0.24657637179944772
15305,0.4558484848484849,0,1,0,364969,240641,29200,78756,2.2290655452221277,0.24657714380535822
15306,0.4558809523809523,1,0,1,364969,240641,29201,78755,2.2290655452221277,0.24657478490651105
15307,0.4559166666666666,0,1,0,364970,240640,29201,78755,2.22905628218904,0.2465755569122873
15308,0.4559523809523809,1,6,1,364976,240634,29202,78754,2.229000703990515,0.24657783010006637
15309,0.4559880952380951,1,0,1,364976,240634,29203,78753,2.229000703990515,0.24657547113689662
15310,0.4559999999999999,1,9,1,364985,240625,29204,78752,2.2289173366927266,0.24658006055539378
15311,0.456,14,119,14,365104,240506,29218,78738,2.2278150357553077,0.24663893448271543
15312,0.4560119047619047,0,3,0,365107,240503,29218,78738,2.227787246656045,0.24664125222010957
15313,0.4560238095238095,0,1,0,365108,240502,29218,78738,2.2277779836229574,0.2466420248089212
15314,0.4560357142857142,1,2,1,365110,240500,29219,78737,2.2277594575567825,0.24664121013541662
15315,0.4560714285714285,0,1,0,365111,240499,29219,78737,2.227750194523695,0.24664198273377688
15316,0.4560714285714286,0,2,0,365113,240497,29219,78737,2.22773166845752,0.2466435279450184
15317,0.4560833333333333,0,2,0,365115,240495,29219,78737,2.2277131423913445,0.24664507317562148
15318,0.4561190476190475,0,1,0,365116,240494,29219,78737,2.227703879358257,0.24664584579818377
15319,0.4561190476190477,1,1,1,365117,240493,29220,78736,2.2276946163251696,0.24664425851034838
15320,0.4561428571428571,0,2,0,365119,240491,29220,78736,2.2276760902589943,0.24664580376973125
15321,0.4561666666666665,0,1,0,365120,240490,29220,78736,2.227666827225907,0.24664657640668367
15322,0.4561666666666666,3,19,3,365139,240471,29223,78733,2.2274908295972433,0.24665417726594904
15323,0.4561666666666667,0,1,0,365140,240470,29223,78733,2.2274815665641556,0.24665494998480592
15324,0.4561904761904762,1,4,1,365144,240466,29224,78732,2.2274445144318054,0.24665568080000502
15325,0.4562222222222222,0,1,0,365145,240465,29224,78732,2.227435251398718,0.24665645353809718
15326,0.45625,1,5,1,365150,240460,29225,78731,2.22738893623328,0.24665795714791458
15327,0.4562619047619047,1,0,1,365150,240460,29226,78730,2.22738893623328,0.24665559697985526
15328,0.4562738095238096,2,6,2,365156,240454,29228,78728,2.227333358034755,0.24665551315550377
15329,0.4563073593073594,1,0,1,365156,240454,29229,78727,2.227333358034755,0.2466531529132373
15330,0.4563095238095238,0,1,0,365157,240453,29229,78727,2.2273240950016673,0.2466539256845667
15331,0.4563333333333332,1,3,1,365160,240450,29230,78726,2.2272963059024047,0.24665388375065794
15332,0.4563333333333333,7,19,7,365179,240431,29237,78719,2.227120308273741,0.24665204449318504
15333,0.4563333333333334,0,2,0,365181,240429,29237,78719,2.227101782207566,0.24665359018386454
15334,0.4563571428571428,0,2,0,365183,240427,29237,78719,2.227083256141391,0.24665513589391688
15335,0.4563571428571429,0,1,0,365184,240426,29237,78719,2.2270739931083035,0.246655908756208
15336,0.4563636363636363,0,1,0,365185,240425,29237,78719,2.2270647300752158,0.24665668162334245
15337,0.4564285714285714,1,3,1,365188,240422,29238,78718,2.227036940975953,0.24665663971924548
15338,0.4564523809523809,0,1,0,365189,240421,29238,78718,2.2270276779428655,0.24665741260077897
15339,0.4564761904761903,0,1,0,365190,240420,29238,78718,2.2270184149097783,0.24665818548715604
15340,0.4564761904761905,0,1,0,365191,240419,29238,78718,2.2270091518766906,0.24665895837837667
15341,0.4564999999999999,4,27,4,365218,240392,29242,78714,2.2267590499833267,0.246670385389181
15342,0.4565000000000001,0,4,0,365222,240388,29242,78714,2.2267219978509765,0.24667347744608306
15343,0.4565238095238094,0,2,0,365224,240386,29242,78714,2.226703471784801,0.24667502350360387
15344,0.4565357142857143,0,1,0,365225,240385,29242,78714,2.226694208751714,0.2466757965396319
15345,0.456547619047619,0,4,0,365229,240381,29242,78714,2.2266571566193636,0.24667888873219573
15346,0.4565674603174602,0,1,0,365230,240380,29242,78714,2.226647893586276,0.24667966179244988
15347,0.4565714285714285,0,1,0,365231,240379,29242,78714,2.2266386305531882,0.24668043485754937
15348,0.4565714285714286,0,1,0,365232,240378,29242,78714,2.226629367520101,0.24668120792749426
15349,0.4565833333333333,0,1,0,365233,240377,29242,78714,2.2266201044870133,0.2466819810022846
15350,0.4565981240981241,0,1,0,365234,240376,29242,78714,2.2266108414539256,0.24668275408192047
15351,0.4566129148629148,0,4,0,365238,240372,29242,78714,2.2265737893215753,0.24668584644891972
15352,0.4566190476190476,0,3,0,365241,240369,29242,78714,2.2265460002223127,0.24668816577504912
15353,0.4566666666666666,59,405,59,365646,239964,29301,78655,2.2227944718218535,0.24686223985386935
15354,0.4566666666666667,47,293,47,365939,239671,29348,78608,2.2200804031272,0.24697828006246092
15355,0.4566753246753246,1,3,1,365942,239668,29349,78607,2.2200526140279373,0.24697824208624616
15356,0.456702380952381,0,3,0,365945,239665,29349,78607,2.2200248249286747,0.2469805700784235
15357,0.4567032967032967,0,1,0,365946,239664,29349,78607,2.220015561895587,0.2469813460855686
15358,0.4567142857142857,0,1,0,365947,239663,29349,78607,2.2200062988624993,0.2469821220975901
15359,0.4567142857142858,1,1,1,365948,239662,29350,78606,2.219997035829412,0.24698053213015447
15360,0.4567301587301587,0,1,0,365949,239661,29350,78606,2.2199877727963244,0.24698130814693323
15361,0.4567380952380952,0,2,0,365951,239659,29350,78606,2.2199692467301495,0.24698286019512042
15362,0.4567857142857142,0,2,0,365953,239657,29350,78606,2.219950720663974,0.2469844122628141
15363,0.4567857142857143,1,3,1,365956,239654,29351,78605,2.2199229315647115,0.24698437436176196
15364,0.4568333333333332,0,1,0,365957,239653,29351,78605,2.219913668531624,0.24698515041255836
15365,0.4568333333333333,2,18,2,365975,239635,29353,78603,2.219746933936048,0.24699438784808853
15366,0.4568333333333334,0,2,0,365977,239633,29353,78603,2.219728407869873,0.24699594011991102
15367,0.4568556443556444,0,1,0,365978,239632,29353,78603,2.2197191448367852,0.24699671626313888
15368,0.4568611111111111,0,2,0,365980,239630,29353,78603,2.2197006187706103,0.2469982685642281
15369,0.4569047619047619,1,4,1,365984,239626,29354,78602,2.21966356663826,0.24699900700126953
15370,0.4569444444444444,0,4,0,365988,239622,29354,78602,2.2196265145059098,0.24700211172004627
15371,0.4569761904761904,0,1,0,365989,239621,29354,78602,2.219617251472822,0.24700288791193598
15372,0.4569772727272728,2,2,2,365991,239619,29356,78600,2.219598725406647,0.2469997077484374
15373,0.4569999999999999,1,8,1,365999,239611,29357,78599,2.2195246211419466,0.24700355111404418
15374,0.457,2,38,2,366037,239573,29359,78597,2.2191726258846196,0.2470283181946758
15375,0.4570000000000001,0,1,0,366038,239572,29359,78597,2.219163362851532,0.2470290946006682
15376,0.4570238095238095,1,3,1,366041,239569,29360,78596,2.2191355737522693,0.24702905725016894
15377,0.457047619047619,0,1,0,366042,239568,29360,78596,2.219126310719182,0.24702983367068557
15378,0.457064935064935,0,2,0,366044,239566,29360,78596,2.2191077846530067,0.24703138652636078
15379,0.4570714285714287,0,1,0,366045,239565,29360,78596,2.219098521619919,0.24703216296151947
15380,0.4570833333333333,0,1,0,366046,239564,29360,78596,2.219089258586832,0.24703293940155896
15381,0.4570952380952381,0,2,0,366048,239562,29360,78596,2.2190707325206565,0.24703449229628047
15382,0.4571111111111111,0,1,0,366049,239561,29360,78596,2.219061469487569,0.24703526875096257
15383,0.4571230158730159,1,0,1,366049,239561,29361,78595,2.219061469487569,0.2470329020983417
15384,0.4571309523809523,0,1,0,366050,239560,29361,78595,2.2190522064544815,0.24703367855290662
15385,0.4571309523809524,0,1,0,366051,239559,29361,78595,2.219042943421394,0.24703445501235252
15386,0.4571428571428571,3,15,3,366066,239544,29364,78592,2.2189039979250804,0.2470390021877436
15387,0.4571666666666666,2,12,2,366078,239532,29366,78590,2.21879284152803,0.24704358705150853
15388,0.4572222222222222,0,3,0,366081,239529,29366,78590,2.2187650524287674,0.2470459167795699
15389,0.45725,0,1,0,366082,239528,29366,78590,2.2187557893956797,0.247046693365355
15390,0.4572619047619047,0,1,0,366083,239527,29366,78590,2.218746526362592,0.24704746995602248
15391,0.4572857142857143,0,1,0,366084,239526,29366,78590,2.218737263329505,0.24704824655157237
15392,0.4573095238095237,0,1,0,366085,239525,29366,78590,2.218728000296417,0.24704902315200478
15393,0.4573333333333332,4,11,4,366096,239514,29370,78586,2.218626106932454,0.24704809808236403
15394,0.4573333333333333,9,48,9,366144,239466,29379,78577,2.2181814813442515,0.24706407624126298
15395,0.4573333333333334,0,1,0,366145,239465,29379,78577,2.218172218311164,0.24706485306972034
15396,0.4573809523809524,0,6,0,366151,239459,29379,78577,2.2181166401126386,0.24706951414305298
15397,0.4573888888888889,0,1,0,366152,239458,29379,78577,2.218107377079551,0.24707029100570693
15398,0.4574087301587301,1,2,1,366154,239456,29380,78576,2.2180888510133756,0.24706947728530462
15399,0.457452380952381,0,2,0,366156,239454,29380,78576,2.2180703249472007,0.24707103103480804
15400,0.4574722222222223,0,2,0,366158,239452,29380,78576,2.2180517988810258,0.24707258480385375
15401,0.4574935064935064,0,1,0,366159,239451,29380,78576,2.218042535847938,0.24707336169570507
15402,0.4574999999999999,0,13,0,366172,239438,29380,78576,2.2179221164178,0.24708346173438905
15403,0.4575,49,354,49,366526,239084,29429,78527,2.214643002704806,0.24724269625422293
15404,0.4575000000000001,4,9,4,366535,239075,29433,78523,2.2145596354070176,0.24724022191575515
15405,0.4575238095238095,0,2,0,366537,239073,29433,78523,2.2145411093408427,0.24724177886371365
15406,0.457547619047619,0,1,0,366538,239072,29433,78523,2.214531846307755,0.24724255734504635
15407,0.4575476190476191,0,1,0,366539,239071,29433,78523,2.2145225832746673,0.24724333583128144
15408,0.4575714285714285,1,1,1,366540,239070,29434,78522,2.21451332024158,0.24724174412453714
15409,0.4575793650793651,0,1,0,366541,239069,29434,78522,2.2145040572084924,0.2472425226155653
15410,0.4575952380952381,1,0,1,366541,239069,29435,78521,2.2145040572084924,0.24724015239774552
15411,0.4576190476190476,0,4,0,366545,239065,29435,78521,2.214467005076142,0.24724326639083588
15412,0.4576666666666666,4,25,4,366570,239040,29439,78517,2.2142354292489532,0.24725324902301005
15413,0.4576666666666667,1,13,1,366583,239027,29440,78516,2.214115009818815,0.2472610008723228
15414,0.4577142857142857,1,1,1,366584,239026,29441,78515,2.2141057467857275,0.24725940902119725
15415,0.4577380952380953,0,2,0,366586,239024,29441,78515,2.2140872207195526,0.24726096636948533
15416,0.4577532467532467,1,0,1,366586,239024,29442,78514,2.2140872207195526,0.24725859582160245
15417,0.4577619047619048,0,4,0,366590,239020,29442,78514,2.2140501685872023,0.24726171055697974
15418,0.4577777777777777,0,1,0,366591,239019,29442,78514,2.2140409055541146,0.2472624892530855
15419,0.4577777777777778,0,2,0,366593,239017,29442,78514,2.2140223794879397,0.24726404666001114
15420,0.4578095238095238,0,2,0,366595,239015,29442,78514,2.2140038534217643,0.24726560408655587
15421,0.4578174603174603,0,1,0,366596,239014,29442,78514,2.213994590388677,0.24726638280718552
15422,0.4578333333333333,3,14,3,366610,239000,29445,78511,2.2138649079254513,0.24727017331682996
15423,0.4578441558441558,0,2,0,366612,238998,29445,78511,2.213846381859276,0.24727173088006954
15424,0.4578571428571428,0,8,0,366620,238990,29445,78511,2.2137722775945754,0.24727796132925567
15425,0.4578571428571429,0,2,0,366622,238988,29445,78511,2.2137537515284005,0.24727951899061099
15426,0.4578809523809524,0,1,0,366623,238987,29445,78511,2.213744488495313,0.24728029782864774
15427,0.4578888888888888,0,1,0,366624,238986,29445,78511,2.2137352254622256,0.2472810766715906
15428,0.4579126984126984,2,1,2,366625,238985,29447,78509,2.213725962429138,0.2472771138982154
15429,0.4579166666666666,1,2,1,366627,238983,29448,78508,2.2137074363629625,0.24727630074553295
15430,0.4579285714285715,0,1,0,366628,238982,29448,78508,2.2136981733298753,0.24727707959305806
15431,0.4579761904761904,0,2,0,366630,238980,29448,78508,2.2136796472637,0.2472786373028272
15432,0.4579761904761905,0,2,0,366632,238978,29448,78508,2.213661121197525,0.2472801950322219
15433,0.4579999999999999,12,80,12,366712,238898,29460,78496,2.2129200785505208,0.24731406390795038
15434,0.458,4,11,4,366723,238887,29464,78492,2.2128181851865576,0.24731314926318376
15435,0.4580238095238095,0,2,0,366725,238885,29464,78492,2.2127996591203822,0.24731470774504768
15436,0.4580555555555555,0,1,0,366726,238884,29464,78492,2.212790396087295,0.24731548699334543
15437,0.4580714285714286,0,1,0,366727,238883,29464,78492,2.2127811330542073,0.24731626624655376
15438,0.4580833333333333,1,0,1,366727,238883,29465,78491,2.2127811330542073,0.24731389464795478
15439,0.4580952380952381,1,0,1,366727,238883,29466,78490,2.2127811330542073,0.24731152303441062
15440,0.4581666666666666,4,14,4,366741,238869,29470,78486,2.2126514505909816,0.24731294606985868
15441,0.4581666666666667,0,4,0,366745,238865,29470,78486,2.2126143984586313,0.24731606328639266
15442,0.4581904761904762,0,2,0,366747,238863,29470,78486,2.2125958723924564,0.2473176219241277
15443,0.4582023809523809,0,2,0,366749,238861,29470,78486,2.212577346326281,0.24731918058150856
15444,0.4582142857142857,0,4,0,366753,238857,29470,78486,2.2125402941939307,0.24732229795520935
15445,0.4582222222222222,0,1,0,366754,238856,29470,78486,2.2125310311608435,0.24732307731091377
15446,0.45825,0,2,0,366756,238854,29470,78486,2.212512505094668,0.24732463603705804
15447,0.4582619047619048,0,1,0,366757,238853,29470,78486,2.2125032420615804,0.24732541540749797
15448,0.4582619047619049,0,1,0,366758,238852,29470,78486,2.212493979028493,0.24732619478284984
15449,0.4582857142857142,0,3,0,366761,238849,29470,78486,2.2124661899292306,0.24732853293837742
15450,0.4583181818181817,0,1,0,366762,238848,29470,78486,2.212456926896143,0.24732931233337746
15451,0.4583333333333332,20,196,20,366958,238652,29490,78466,2.2106413724109824,0.24743470884654922
15452,0.4583333333333333,33,192,33,367150,238460,29523,78433,2.208862870058172,0.24750625605488288
15453,0.4583333333333334,0,2,0,367152,238458,29523,78433,2.2088443439919967,0.24750781814567155
15454,0.4584047619047618,0,2,0,367154,238456,29523,78433,2.2088258179258218,0.24750938025617802
15455,0.4584166666666666,0,1,0,367155,238455,29523,78433,2.208816554892734,0.24751016131882558
15456,0.4584523809523809,1,1,1,367156,238454,29524,78432,2.2088072918596464,0.24750856774991636
15457,0.4584642857142857,1,0,1,367156,238454,29525,78431,2.2088072918596464,0.24750619309844266
15458,0.4584722222222222,1,0,1,367156,238454,29526,78430,2.2088072918596464,0.2475038184319814
15459,0.4584761904761905,0,2,0,367158,238452,29526,78430,2.2087887657934715,0.24750538055175111
15460,0.4585,6,34,6,367192,238418,29532,78424,2.208473822668495,0.2475176902052127
15461,0.4585000000000001,0,3,0,367195,238415,29532,78424,2.2084460335692317,0.24752003383421864
15462,0.4585238095238095,0,1,0,367196,238414,29532,78424,2.2084367705361445,0.24752081505374987
15463,0.4585714285714286,1,5,1,367201,238409,29533,78423,2.2083904553707066,0.24752234622765376
15464,0.4585833333333333,0,1,0,367202,238408,29533,78423,2.208381192337619,0.2475231274717436
15465,0.4586666666666666,6,27,6,367229,238381,29539,78417,2.208131090444255,0.24752997178012487
15466,0.4586666666666667,1,4,1,367233,238377,29540,78416,2.2080940383119048,0.24753072195408357
15467,0.4586944444444444,1,1,1,367234,238376,29541,78415,2.208084775278817,0.247529128037097
15468,0.4587142857142857,0,1,0,367235,238375,29541,78415,2.20807551224573,0.24752990940370592
15469,0.4587272727272727,1,0,1,367235,238375,29542,78414,2.20807551224573,0.24752753409998454
15470,0.45875,3,6,3,367241,238369,29545,78411,2.208019934047204,0.2475250962813309
15471,0.4587619047619047,0,1,0,367242,238368,29545,78411,2.208010671014117,0.24752587766234505
15472,0.4587777777777778,0,1,0,367243,238367,29545,78411,2.2080014079810293,0.2475266590482925
15473,0.4588095238095238,1,3,1,367246,238364,29546,78410,2.2079736188817667,0.24752662781667686
15474,0.4588333333333332,0,1,0,367247,238363,29546,78410,2.207964355848679,0.24752740921732597
15475,0.4588333333333333,2,10,2,367257,238353,29548,78408,2.2078717255178035,0.2475304725013496
15476,0.4588333333333334,0,1,0,367258,238352,29548,78408,2.207862462484716,0.24753125394620532
15477,0.4588809523809523,0,1,0,367259,238351,29548,78408,2.2078531994516286,0.24753203539599505
15478,0.4588888888888888,0,5,0,367264,238346,29548,78408,2.2078068842861907,0.2475359427189554
15479,0.458888888888889,0,6,0,367270,238340,29548,78408,2.2077513060876655,0.24754063166933968
15480,0.4589047619047619,0,1,0,367271,238339,29548,78408,2.2077420430545778,0.24754141317834108
15481,0.4589285714285714,1,3,1,367274,238336,29549,78407,2.207714253955315,0.24754138212999183
15482,0.4589444444444444,0,1,0,367275,238335,29549,78407,2.2077049909222275,0.24754216365369922
15483,0.4589523809523809,0,1,0,367276,238334,29549,78407,2.20769572788914,0.2475429451823414
15484,0.458952380952381,1,0,1,367276,238334,29550,78406,2.20769572788914,0.2475405695523142
15485,0.4589761904761905,0,1,0,367277,238333,29550,78406,2.2076864648560526,0.24754135108085837
15486,0.4589880952380952,0,1,0,367278,238332,29550,78406,2.207677201822965,0.2475421326143374
15487,0.4589999999999999,15,83,15,367361,238249,29565,78391,2.206908370076698,0.24757137443153107
15488,0.4590000000000001,2,1,2,367362,238248,29567,78389,2.2068991070436104,0.2475674036830819
15489,0.4590238095238095,0,1,0,367363,238247,29567,78389,2.2068898440105227,0.2475681855506007
15490,0.459047619047619,1,4,1,367367,238243,29568,78388,2.2068527918781724,0.24756893671181912
15491,0.4590476190476191,0,1,0,367368,238242,29568,78388,2.206843528845085,0.24756971859899568
15492,0.4591071428571427,0,1,0,367369,238241,29568,78388,2.2068342658119975,0.24757050049111104
15493,0.4591468253968254,0,1,0,367370,238240,29568,78388,2.20682500277891,0.24757128238816528
15494,0.4591547619047619,0,2,0,367372,238238,29568,78388,2.206806476712735,0.24757284619709058
15495,0.4591666666666665,0,1,0,367373,238237,29568,78388,2.206797213679647,0.24757362810896172
15496,0.4591666666666666,12,90,12,367463,238147,29580,78376,2.2059635407017675,0.2476154971360691
15497,0.4591666666666667,11,58,11,367521,238089,29591,78365,2.205426284782689,0.24763472732213845
15498,0.4592301587301587,0,1,0,367522,238088,29591,78365,2.205417021749602,0.24763550985454397
15499,0.4592380952380951,0,1,0,367523,238087,29591,78365,2.205407758716514,0.24763629239189514
15500,0.4592380952380952,0,2,0,367525,238085,29591,78365,2.205389232650339,0.24763785748143466
15501,0.4592619047619047,1,0,1,367525,238085,29592,78364,2.205389232650339,0.24763547996675608
15502,0.4592698412698411,0,1,0,367526,238084,29592,78364,2.2053799696172516,0.24763626251390433
15503,0.4592857142857142,0,2,0,367528,238082,29592,78364,2.205361443551076,0.24763782762303838
15504,0.4592857142857143,3,9,3,367537,238073,29595,78361,2.2052780762532884,0.24763773804332026
15505,0.4593333333333332,0,1,0,367538,238072,29595,78361,2.2052688132202007,0.24763852063469993
15506,0.4593333333333333,5,49,5,367587,238023,29600,78356,2.2048149245989106,0.24766498408554297
15507,0.4593373015873015,0,1,0,367588,238022,29600,78356,2.204805661565823,0.24766576689908906
15508,0.4593571428571429,0,1,0,367589,238021,29600,78356,2.2047963985327357,0.24766654971758376
15509,0.4593809523809524,1,1,1,367590,238020,29601,78355,2.204787135499648,0.24766495456341367
15510,0.4594047619047618,0,1,0,367591,238019,29601,78355,2.2047778724665603,0.24766573738676376
15511,0.4594166666666666,1,0,1,367591,238019,29602,78354,2.2047778724665603,0.24766335938907555
15512,0.4594203296703298,1,1,1,367592,238018,29603,78353,2.204768609433473,0.24766176419456903
15513,0.4594444444444444,0,1,0,367593,238017,29603,78353,2.2047593464003854,0.2476625470177324
15514,0.4594722222222222,0,1,0,367594,238016,29603,78353,2.2047500833672977,0.24766332984584458
15515,0.4594999999999999,0,2,0,367596,238014,29603,78353,2.204731557301123,0.24766489551691548
15516,0.4595,1,21,1,367617,237993,29604,78352,2.204537033606284,0.2476789580995432
15517,0.4595000000000001,0,1,0,367618,237992,29604,78352,2.2045277705731965,0.24767974104139798
15518,0.4595238095238095,2,5,2,367623,237987,29606,78350,2.2044814554077585,0.24767889940158755
15519,0.4595454545454545,0,1,0,367624,237986,29606,78350,2.2044721923746713,0.247679682363057
15520,0.4595476190476191,0,1,0,367625,237985,29606,78350,2.2044629293415836,0.24768046532947666
15521,0.4595555555555557,0,2,0,367627,237983,29606,78350,2.2044444032754087,0.2476820312771668
15522,0.4595588023088022,1,0,1,367627,237983,29607,78349,2.2044444032754087,0.24767965302277353
15523,0.4595714285714286,0,2,0,367629,237981,29607,78349,2.2044258772092333,0.24768121898017892
15524,0.4595833333333333,1,4,1,367633,237977,29608,78348,2.204388825076883,0.2476819726547064
15525,0.4595952380952381,1,3,1,367636,237974,29609,78347,2.2043610359776205,0.24768194334236424
15526,0.4596190476190476,1,2,1,367638,237972,29610,78346,2.2043425099114455,0.24768113101372669
15527,0.4596428571428571,0,4,0,367642,237968,29610,78346,2.2043054577790953,0.24768426310564817
15528,0.4596428571428572,1,0,1,367642,237968,29611,78345,2.2043054577790953,0.24768188471545588
15529,0.4596666666666666,11,18,11,367660,237950,29622,78334,2.204138723183519,0.2476698157352253
15530,0.4597142857142857,0,2,0,367662,237948,29622,78334,2.2041201971173443,0.24767138186807974
15531,0.4597261904761904,0,3,0,367665,237945,29622,78334,2.2040924080180813,0.2476737311044995
15532,0.45975,0,2,0,367667,237943,29622,78334,2.2040738819519063,0.24767529728687196
15533,0.4597619047619047,0,1,0,367668,237942,29622,78334,2.2040646189188187,0.2476760803854861
15534,0.4597619047619048,1,1,1,367669,237941,29623,78333,2.2040553558857314,0.24767448478218254
15535,0.4597741147741147,0,1,0,367670,237940,29623,78333,2.2040460928526437,0.24767526788565575
15536,0.4598333333333332,0,2,0,367672,237938,29623,78333,2.2040275667864684,0.24767683410745847
15537,0.4598333333333333,2,15,2,367687,237923,29625,78331,2.2038886212901554,0.2476838237619129
15538,0.4598571428571428,0,1,0,367688,237922,29625,78331,2.2038793582570677,0.24768460694444006
15539,0.4598809523809524,0,2,0,367690,237920,29625,78331,2.203860832190893,0.24768617332435314
15540,0.4598905816405818,0,1,0,367691,237919,29625,78331,2.203851569157805,0.24768695652173914
15541,0.4599999999999999,11,33,11,367724,237886,29636,78320,2.2035458890659156,0.24768663466221388
15542,0.46,485,3210,485,370934,234676,30121,77835,2.173811552854867,0.2490632329741993
15543,0.4600000000000001,2,23,2,370957,234653,30123,77833,2.173598503093853,0.249076758638787
15544,0.460047619047619,0,2,0,370959,234651,30123,77833,2.173579977027678,0.24907835281166396
15545,0.4600714285714285,0,1,0,370960,234650,30123,77833,2.1735707139945903,0.24907914990575486
15546,0.4600833333333333,0,4,0,370964,234646,30123,77833,2.17353366186224,0.24908233833313598
15547,0.4600873015873015,0,1,0,370965,234645,30123,77833,2.173524398829153,0.24908313545273586
15548,0.4600952380952381,0,2,0,370967,234643,30123,77833,2.1735058727629775,0.24908472970724152
15549,0.4600989810842752,1,5,1,370972,234638,30124,77832,2.17345955759754,0.24908631228597947
15550,0.4601190476190476,1,8,1,370980,234630,30125,77831,2.1733854533328394,0.24909028646775117
15551,0.4601547619047619,0,1,0,370981,234629,30125,77831,2.1733761902997517,0.2490910836587083
15552,0.4601587301587301,0,1,0,370982,234628,30125,77831,2.173366927266664,0.24909188085476813
15553,0.4601666666666666,4,19,4,371001,234609,30129,77827,2.1731909296380008,0.24909741515062284
15554,0.4601666666666667,0,4,0,371005,234605,30129,77827,2.1731538775056505,0.24910060429149383
15555,0.4601904761904762,1,1,1,371006,234604,30130,77826,2.173144614472563,0.24909899817559134
15556,0.4602142857142856,0,2,0,371008,234602,30130,77826,2.173126088406388,0.24910059277657573
15557,0.4602380952380951,0,1,0,371009,234601,30130,77826,2.1731168253733,0.2491013900847238
15558,0.4602380952380953,0,6,0,371015,234595,30130,77826,2.173061247174775,0.24910617404079752
15559,0.4602619047619047,1,0,1,371015,234595,30131,77825,2.173061247174775,0.2491037705652647
15560,0.4602699039735485,0,1,0,371016,234594,30131,77825,2.1730519841416873,0.2491045679040007
15561,0.4602738095238096,1,1,1,371017,234593,30132,77824,2.1730427211085996,0.2491029617466399
15562,0.4602777777777778,0,1,0,371018,234592,30132,77824,2.1730334580755124,0.24910375909044352
15563,0.4602857142857142,0,2,0,371020,234590,30132,77824,2.173014932009337,0.24910535379336393
15564,0.4603333333333332,0,2,0,371022,234588,30132,77824,2.172996405943162,0.24910694851670231
15565,0.4603333333333333,2,28,2,371050,234560,30134,77822,2.1727370410167106,0.2491244693996453
15566,0.4603571428571428,3,0,3,371050,234560,30137,77819,2.1727370410167106,0.24911725820237596
15567,0.4603846153846154,0,1,0,371051,234559,30137,77819,2.172727777983623,0.24911805568894096
15568,0.460393772893773,0,1,0,371052,234558,30137,77819,2.1727185149505353,0.2491188531806119
15569,0.4604166666666666,1,2,1,371054,234556,30138,77818,2.1726999888843603,0.24911804439550025
15570,0.4604285714285713,0,1,0,371055,234555,30138,77818,2.1726907258512727,0.2491188418973471
15571,0.4604365079365079,0,1,0,371056,234554,30138,77818,2.172681462818185,0.24911963940430001
15572,0.4604545454545454,0,1,0,371057,234553,30138,77818,2.1726721997850977,0.24912043691635907
15573,0.4604642857142857,0,1,0,371058,234552,30138,77818,2.17266293675201,0.24912123443352435
15574,0.4604761904761904,1,2,1,371060,234550,30139,77817,2.172644410685835,0.24912042565315798
15575,0.4604761904761905,0,4,0,371064,234546,30139,77817,2.172607358553485,0.24912361579316372
15576,0.4604844877344877,0,1,0,371065,234545,30139,77817,2.172598095520397,0.24912441334093136
15577,0.4604880952380952,0,1,0,371066,234544,30139,77817,2.1725888324873095,0.24912521089380557
15578,0.4604999999999999,2,16,2,371082,234528,30141,77815,2.172440623957909,0.24913316450184572
15579,0.4605,1,2,1,371084,234526,30142,77814,2.1724220978917335,0.24913235576615228
15580,0.4605400432900433,0,1,0,371085,234525,30142,77814,2.1724128348586462,0.249133153400632
15581,0.460547619047619,0,2,0,371087,234523,30142,77814,2.172394308792471,0.24913474868491406
15582,0.4605555555555555,1,1,1,371088,234522,30143,77813,2.1723850457593836,0.24913314229913394
15583,0.4605793650793652,0,1,0,371089,234521,30143,77813,2.172375782726296,0.24913393994890085
15584,0.4605833333333333,0,1,0,371090,234520,30143,77813,2.1723665196932083,0.24913473760377547
15585,0.460595238095238,0,1,0,371091,234519,30143,77813,2.1723572566601206,0.24913553526375778
15586,0.4606428571428572,1,0,1,371091,234519,30144,77812,2.1723572566601206,0.24913313119735153
15587,0.4606666666666665,0,1,0,371092,234518,30144,77812,2.1723479936270333,0.24913392885729838
15588,0.4606666666666666,4,44,4,371136,234474,30148,77808,2.1719404201711807,0.2491594136069322
15589,0.4606666666666667,4,12,4,371148,234462,30152,77804,2.1718292637741303,0.24915937053665785
15590,0.4606904761904762,0,1,0,371149,234461,30152,77804,2.1718200007410426,0.2491601684466719
15591,0.4607142857142857,2,12,2,371161,234449,30154,77802,2.171708844343992,0.24916493461990513
15592,0.4607507215007216,0,1,0,371162,234448,30154,77802,2.1716995813109046,0.24916573258606886
15593,0.4607575757575757,1,0,1,371162,234448,30155,77801,2.1716995813109046,0.24916332798503757
15594,0.4607619047619048,0,1,0,371163,234447,30155,77801,2.171690318277817,0.24916412595116702
15595,0.4607777777777777,0,1,0,371164,234446,30155,77801,2.171681055244729,0.24916492392240758
15596,0.4607857142857143,0,2,0,371166,234444,30155,77801,2.1716625291785543,0.24916651988022226
15597,0.4607878787878788,0,1,0,371167,234443,30155,77801,2.1716532661454666,0.24916731786679647
15598,0.4608095238095238,0,1,0,371168,234442,30155,77801,2.171644003112379,0.249168115858482
15599,0.4608333333333332,19,64,19,371232,234378,30174,77782,2.171051168994776,0.2491735007688365
15600,0.4608333333333334,6,69,6,371301,234309,30180,77776,2.1704120197117343,0.2492141563996988
15601,0.4608809523809524,0,2,0,371303,234307,30180,77776,2.1703934936455593,0.24921575350147238
15602,0.4609523809523809,0,5,0,371308,234302,30180,77776,2.1703471784801214,0.24921974634546493
15603,0.460952380952381,0,1,0,371309,234301,30180,77776,2.170337915447034,0.24922054492961673
15604,0.4609999999999999,1,5,1,371314,234296,30181,77775,2.170291600281596,0.24922213214300593
15605,0.461,16,64,16,371378,234232,30197,77759,2.1696987661639926,0.2492347535666093
15606,0.4610000000000001,0,2,0,371380,234230,30197,77759,2.1696802400978177,0.2492363512816157
15607,0.4610714285714285,1,1,1,371381,234229,30198,77758,2.16967097706473,0.2492347437553488
15608,0.4610714285714286,0,1,0,371382,234228,30198,77758,2.1696617140316423,0.2492355426205022
15609,0.4611111111111111,1,1,1,371383,234227,30199,77757,2.169652450998555,0.2492339350735935
15610,0.4611666666666666,1,9,1,371392,234218,30200,77756,2.169569083700767,0.2492387186111663
15611,0.4611666666666667,0,2,0,371394,234216,30200,77756,2.169550557634592,0.24924031643865474
15612,0.4611785714285714,0,2,0,371396,234214,30200,77756,2.1695320315684166,0.24924191428663012
15613,0.4611904761904762,2,2,2,371398,234212,30202,77754,2.1695135055022416,0.24923869908900328
15614,0.4612142857142857,0,2,0,371400,234210,30202,77754,2.1694949794360667,0.24924029695734123
15615,0.4612499999999999,0,1,0,371401,234209,30202,77754,2.169485716402979,0.24924109589919316
15616,0.46125,0,4,0,371405,234205,30202,77754,2.1694486642706288,0.2492442917178219
15617,0.4612619047619048,0,1,0,371406,234204,30202,77754,2.169439401237541,0.24924509068528455
15618,0.4612640692640692,0,1,0,371407,234203,30202,77754,2.169430138204454,0.2492458896578695
15619,0.4612777777777778,0,1,0,371408,234202,30202,77754,2.169420875171366,0.2492466886355768
15620,0.4612857142857142,0,1,0,371409,234201,30202,77754,2.1694116121382785,0.2492474876184065
15621,0.4612896825396826,0,1,0,371410,234200,30202,77754,2.169402349105191,0.24924828660635864
15622,0.4613095238095238,0,2,0,371412,234198,30202,77754,2.169383823039016,0.2492498845976304
15623,0.4613333333333332,0,3,0,371415,234195,30202,77754,2.1693560339397533,0.2492522816229576
15624,0.4613333333333333,3,20,3,371435,234175,30205,77751,2.1691707732780023,0.2492610426832005
15625,0.4613333333333334,0,3,0,371438,234172,30205,77751,2.1691429841787393,0.24926344001564488
15626,0.4614166666666666,0,2,0,371440,234170,30205,77751,2.1691244581125644,0.24926503826289348
15627,0.4614285714285714,0,6,0,371446,234164,30205,77751,2.169068879914039,0.2492698331276149
15628,0.4614523809523808,0,1,0,371447,234163,30205,77751,2.1690596168809515,0.24927063228966959
15629,0.4614523809523809,1,1,1,371448,234162,30206,77750,2.169050353847864,0.24926902459668113
15630,0.461452380952381,0,1,0,371449,234161,30206,77750,2.1690410908147766,0.24926982376383006
15631,0.4614999999999999,6,21,6,371470,234140,30212,77744,2.168846567119938,0.24927216529222404
15632,0.4615000000000001,0,3,0,371473,234137,30212,77744,2.168818778020675,0.24927456305449835
15633,0.4615357142857143,0,2,0,371475,234135,30212,77744,2.1688002519545,0.2492761615883083
15634,0.461547619047619,0,1,0,371476,234134,30212,77744,2.1687909889214123,0.24927696086290152
15635,0.4615515873015873,0,2,0,371478,234132,30212,77744,2.1687724628552374,0.24927855942746477
15636,0.4615555555555556,0,1,0,371479,234131,30212,77744,2.1687631998221497,0.24927935871743487
15637,0.4615952380952381,0,1,0,371480,234130,30212,77744,2.168753936789062,0.2492801580125307
15638,0.4616190476190476,0,1,0,371481,234129,30212,77744,2.168744673755975,0.2492809573127523
15639,0.4616666666666665,1,1,1,371482,234128,30213,77743,2.168735410722887,0.24927934947462252
15640,0.4616666666666666,49,211,49,371693,233917,30262,77694,2.166780910741413,0.24933009425212846
15641,0.4616666666666667,33,181,33,371874,233736,30295,77661,2.165104301752566,0.24939546623763234
15642,0.4616666666666668,0,1,0,371875,233735,30295,77661,2.1650950387194783,0.2493962671325258
15643,0.4617023809523809,0,1,0,371876,233734,30295,77661,2.1650857756863906,0.24939706803256315
15644,0.4617142857142857,0,1,0,371877,233733,30295,77661,2.1650765126533034,0.24939786893774446
15645,0.46175,1,1,1,371878,233732,30296,77660,2.1650672496202157,0.24939625937724796
15646,0.4617777777777778,0,2,0,371880,233730,30296,77660,2.1650487235540403,0.24939786120299304
15647,0.4617857142857142,0,2,0,371882,233728,30296,77660,2.1650301974878654,0.24939946304931468
15648,0.4617857142857143,0,4,0,371886,233724,30296,77660,2.164993145355515,0.24940266680368933
15649,0.4618095238095238,1,1,1,371887,233723,30297,77659,2.1649838823224274,0.24940105722231856
15650,0.4618333333333332,0,1,0,371888,233722,30297,77659,2.16497461928934,0.24940185817374855
15651,0.4618333333333333,0,5,0,371893,233717,30297,77659,2.1649283041239022,0.2494058630080674
15652,0.4618333333333334,0,12,0,371905,233705,30297,77659,2.164817147726852,0.24941547513521153
15653,0.4618611111111111,0,2,0,371907,233703,30297,77659,2.1647986216606765,0.24941707722843506
15654,0.4619047619047619,0,3,0,371910,233700,30297,77659,2.164770832561414,0.24941948040686154
15655,0.461933621933622,0,1,0,371911,233699,30297,77659,2.164761569528326,0.2494202814766282
15656,0.4619444444444444,0,3,0,371914,233696,30297,77659,2.1647337804290636,0.24942268471680237
15657,0.4619999999999999,1,8,1,371922,233688,30298,77658,2.164659676164363,0.2494266828544449
15658,0.462,10,73,10,371995,233615,30308,77648,2.1639834747489717,0.24946106668637133
15659,0.4620238095238095,0,2,0,371997,233613,30308,77648,2.1639649486827968,0.24946266959239996
15660,0.462047619047619,1,0,1,371997,233613,30309,77647,2.1639649486827968,0.24946025830495405
15661,0.4620476190476191,0,2,0,371999,233611,30309,77647,2.1639464226166214,0.24946186122123767
15662,0.4620833333333333,1,2,1,372001,233609,30310,77646,2.1639278965504465,0.24946105283449263
15663,0.4621071428571428,0,2,0,372003,233607,30310,77646,2.1639093704842716,0.24946265578163102
15664,0.4621428571428571,3,4,3,372007,233603,30313,77643,2.1638723183519213,0.24945862758075607
15665,0.4621666666666666,3,10,3,372017,233593,30316,77640,2.163779688021046,0.24945940822470625
15666,0.4621666666666668,1,2,1,372019,233591,30317,77639,2.1637611619548704,0.24945859974938148
15667,0.4622222222222222,1,2,1,372021,233589,30318,77638,2.1637426358886955,0.2494577912584705
15668,0.4622222222222223,0,3,0,372024,233586,30318,77638,2.163714846789433,0.24946019587178367
15669,0.46225,0,1,0,372025,233585,30318,77638,2.1637055837563453,0.2494609974198565
15670,0.4622619047619049,0,1,0,372026,233584,30318,77638,2.1636963207232576,0.2494617989730803
15671,0.4622857142857143,0,2,0,372028,233582,30318,77638,2.1636777946570827,0.24946340209498105
15672,0.4623095238095237,0,1,0,372029,233581,30318,77638,2.163668531623995,0.24946420366365807
15673,0.4623333333333332,2,13,2,372042,233568,30320,77636,2.163548112193857,0.24946980115936812
15674,0.4623333333333333,4,26,4,372068,233542,30324,77632,2.1633072733335803,0.24948099776973653
15675,0.4623333333333334,0,2,0,372070,233540,30324,77632,2.1632887472674054,0.24948260126232438
15676,0.4623784271284272,0,1,0,372071,233539,30324,77632,2.1632794842343177,0.24948340301634792
15677,0.4623809523809523,0,2,0,372073,233537,30324,77632,2.163260958168143,0.24948500653985456
15678,0.4623809523809524,2,1,2,372074,233536,30326,77630,2.163251695135055,0.24948098442631908
15679,0.4624166666666667,0,1,0,372075,233535,30326,77630,2.1632424321019674,0.24948178619060626
15680,0.4624444444444445,0,2,0,372077,233533,30326,77630,2.1632239060357925,0.24948338973464068
15681,0.4624458874458874,1,0,1,372077,233533,30327,77629,2.1632239060357925,0.24948097775435304
15682,0.4624494949494949,0,1,0,372078,233532,30327,77629,2.163214643002705,0.24948177952892553
15683,0.4624603174603174,0,1,0,372079,233531,30327,77629,2.163205379969617,0.2494825813086515
15684,0.4624761904761905,0,1,0,372080,233530,30327,77629,2.16319611693653,0.24948338309353096
15685,0.4624999999999999,2,6,2,372086,233524,30329,77627,2.1631405387380043,0.24948336981079927
15686,0.4625,49,331,49,372417,233193,30378,77578,2.160074474786024,0.24963075705262075
15687,0.4625000000000001,1,8,1,372425,233185,30379,77577,2.1600003705213235,0.24963476872976748
15688,0.4625238095238094,1,0,1,372425,233185,30380,77576,2.1600003705213235,0.24963235412423052
15689,0.4625238095238095,0,1,0,372426,233184,30380,77576,2.159991107488236,0.24963315742051745
15690,0.462547619047619,0,1,0,372427,233183,30380,77576,2.159981844455148,0.24963396072197427
15691,0.4625714285714286,0,1,0,372428,233182,30380,77576,2.159972581422061,0.24963476402860105
15692,0.4626190476190476,1,6,1,372434,233176,30381,77575,2.1599170032235353,0.24963716930918967
15693,0.4626190476190477,0,1,0,372435,233175,30381,77575,2.159907740190448,0.2496379726468222
15694,0.4626666666666666,5,41,5,372476,233134,30386,77570,2.159527955833858,0.24965883928111643
15695,0.4626666666666667,3,11,3,372487,233123,30389,77567,2.1594260624698953,0.2496604332292639
15696,0.4626904761904762,0,2,0,372489,233121,30389,77567,2.15940753640372,0.24966204037490988
15697,0.4627142857142857,1,0,1,372489,233121,30390,77566,2.15940753640372,0.24965962528203625
15698,0.4627380952380953,0,1,0,372490,233120,30390,77566,2.1593982733706323,0.24966042885743162
15699,0.46275,0,3,0,372493,233117,30390,77566,2.1593704842713697,0.24966283961465546
15700,0.4627857142857142,0,1,0,372494,233116,30390,77566,2.1593612212382824,0.24966364321074283
15701,0.462797619047619,0,1,0,372495,233115,30390,77566,2.1593519582051948,0.2496644468120033
15702,0.4628015873015871,0,1,0,372496,233114,30390,77566,2.159342695172107,0.24966525041843698
15703,0.4628095238095238,0,1,0,372497,233113,30390,77566,2.1593334321390194,0.24966605403004388
15704,0.4628333333333333,1,6,1,372503,233107,30391,77565,2.159277853940494,0.24966846062728537
15705,0.4628333333333334,1,7,1,372510,233100,30392,77564,2.1592130127088813,0.24967167100146784
15706,0.4628571428571428,3,7,3,372517,233093,30395,77561,2.1591481714772685,0.2496700509248231
15707,0.4628780663780663,0,1,0,372518,233092,30395,77561,2.1591389084441808,0.24967085461914096
15708,0.4628858363858363,1,1,1,372519,233091,30396,77560,2.1591296454110935,0.2496692429768454
15709,0.462904761904762,0,1,0,372520,233090,30396,77560,2.159120382378006,0.24967004667632384
15710,0.4629166666666666,1,3,1,372523,233087,30397,77559,2.1590925932787433,0.24967004242771515
15711,0.4629166666666667,1,3,1,372526,233084,30398,77558,2.1590648041794807,0.24967003817899705
15712,0.4629166666666668,0,1,0,372527,233083,30398,77558,2.159055541146393,0.24967084190432043
15713,0.4629702519702519,2,3,2,372530,233080,30400,77556,2.1590277520471304,0.24966842220476698
15714,0.4629761904761905,0,4,0,372534,233076,30400,77556,2.15899069991478,0.24967163717839758
15715,0.4629999999999999,9,38,9,372572,233038,30409,77547,2.158638704657453,0.24968044174702578
15716,0.463,3,9,3,372581,233029,30412,77544,2.158555337359665,0.24968042939985124
15717,0.4630119047619048,0,1,0,372582,233028,30412,77544,2.1585460743265776,0.24968123333719716
15718,0.4630238095238095,0,1,0,372583,233027,30412,77544,2.15853681129349,0.24968203727972027
15719,0.463047619047619,0,2,0,372585,233025,30412,77544,2.158518285227315,0.2496836451802981
15720,0.4630476190476191,0,3,0,372588,233022,30412,77544,2.158490496128052,0.24968605706999478
15721,0.4630833333333333,0,4,0,372592,233018,30412,77544,2.158453443995702,0.24968927299540833
15722,0.4630952380952381,0,4,0,372596,233014,30412,77544,2.158416391863352,0.24969248900366436
15723,0.4631666666666666,0,9,0,372605,233005,30412,77544,2.1583330245655636,0.24969972532514997
15724,0.4631666666666667,1,7,1,372612,232998,30413,77543,2.1582681833339508,0.24970293777633226
15725,0.4631818181818182,0,1,0,372613,232997,30413,77543,2.1582589203008635,0.24970374186900238
15726,0.4631944444444446,1,0,1,372613,232997,30414,77542,2.1582589203008635,0.24970132575940543
15727,0.4632142857142857,0,7,0,372620,232990,30414,77542,2.1581940790692506,0.24970695451676478
15728,0.4632380952380952,0,3,0,372623,232987,30414,77542,2.1581662899699876,0.24970936691903173
15729,0.4632424242424243,1,1,1,372624,232986,30415,77541,2.1581570269369004,0.24970775488121805
15730,0.4632857142857143,0,1,0,372625,232985,30415,77541,2.1581477639038127,0.24970855902565325
15731,0.4633214285714286,0,1,0,372626,232984,30415,77541,2.158138500870725,0.24970936317526768
15732,0.4633333333333332,43,297,43,372923,232687,30458,77498,2.1553873800437215,0.24984444766832697
15733,0.4633333333333334,61,379,61,373302,232308,30519,77437,2.1518766905035385,0.25000242134659156
15734,0.4633809523809523,0,1,0,373303,232307,30519,77437,2.151867427470451,0.2500032284725451
15735,0.4634157509157509,0,1,0,373304,232306,30519,77437,2.1518581644373636,0.25000403560371015
15736,0.4634285714285716,1,0,1,373304,232306,30520,77436,2.1518581644373636,0.25000161424669565
15737,0.4634523809523809,0,1,0,373305,232305,30520,77436,2.151848901404276,0.2500024213778609
15738,0.4634999999999999,1,2,1,373307,232303,30521,77435,2.1518303753381005,0.25000161426754225
15739,0.4635,4,31,4,373338,232272,30525,77431,2.1515432213123864,0.2500169517247169
15740,0.4635238095238095,0,3,0,373341,232269,30525,77431,2.151515432213124,0.2500193735873426
15741,0.463547619047619,0,1,0,373342,232268,30525,77431,2.151506169180036,0.2500201808853112
15742,0.4635476190476191,0,1,0,373343,232267,30525,77431,2.151496906146949,0.25002098818849333
15743,0.4635714285714285,0,4,0,373347,232263,30525,77431,2.1514598540145986,0.2500242174533572
15744,0.4635714285714286,0,7,0,373354,232256,30525,77431,2.1513950127829857,0.2500298688675986
15745,0.4635833333333334,0,1,0,373355,232255,30525,77431,2.151385749749898,0.250030676233346
15746,0.4636111111111111,0,1,0,373356,232254,30525,77431,2.1513764867168104,0.2500314836043076
15747,0.4636190476190475,0,2,0,373358,232252,30525,77431,2.1513579606506354,0.25003309836187326
15748,0.4636428571428571,0,1,0,373359,232251,30525,77431,2.1513486976175478,0.25003390574847745
15749,0.4636666666666666,5,27,5,373386,232224,30530,77426,2.151098595724184,0.25004359761020506
15750,0.4636666666666667,1,3,1,373389,232221,30531,77425,2.1510708066249213,0.250043598173398
15751,0.4636904761904762,0,1,0,373390,232220,30531,77425,2.1510615435918337,0.2500444056903874
15752,0.4637142857142857,0,1,0,373391,232219,30531,77425,2.151052280558746,0.25004521321259254
15753,0.46375,1,8,1,373399,232211,30532,77424,2.150978176294046,0.2500492515381013
15754,0.4637777777777778,0,2,0,373401,232209,30532,77424,2.1509596502278705,0.25005086667118814
15755,0.4637949827949829,0,4,0,373405,232205,30532,77424,2.15092259809552,0.250054096999958
15756,0.4638095238095238,1,4,1,373409,232201,30533,77423,2.1508855459631704,0.25005490530449836
15757,0.4638095238095239,0,3,0,373412,232198,30533,77423,2.1508577568639073,0.2500573281528062
15758,0.4638253968253968,0,1,0,373413,232197,30533,77423,2.15084849383082,0.25005813577934244
15759,0.4638333333333332,0,2,0,373415,232195,30533,77423,2.1508299677646447,0.25005975104806566
15760,0.4638333333333333,3,11,3,373426,232184,30536,77420,2.1507280744006816,0.25006136871616647
15761,0.4638333333333334,1,1,1,373427,232183,30537,77419,2.1507188113675944,0.2500597541359552
15762,0.4638787878787879,0,1,0,373428,232182,30537,77419,2.1507095483345067,0.2500605618198908
15763,0.4638888888888888,0,1,0,373429,232181,30537,77419,2.150700285301419,0.25006136950904395
15764,0.4638888888888889,0,1,0,373430,232180,30537,77419,2.1506910222683318,0.2500621772034147
15765,0.4639166666666666,0,1,0,373431,232179,30537,77419,2.150681759235244,0.25006298490300327
15766,0.4639285714285713,0,1,0,373432,232178,30537,77419,2.1506724962021564,0.25006379260780953
15767,0.463952380952381,0,1,0,373433,232177,30537,77419,2.1506632331690687,0.25006460031783356
15768,0.4639999999999999,20,127,20,373560,232050,30557,77399,2.1494868279669497,0.25011875947248174
15769,0.4640000000000001,1,9,1,373569,232041,30558,77398,2.1494034606691614,0.25012361079243406
15770,0.4640079365079365,0,1,0,373570,232040,30558,77398,2.1493941976360738,0.25012441910818967
15771,0.464047619047619,2,0,2,373570,232040,30560,77396,2.1493941976360738,0.2501195723833038
15772,0.4640714285714285,0,1,0,373571,232039,30560,77396,2.1493849346029865,0.25012038069384523
15773,0.4640833333333333,0,2,0,373573,232037,30560,77396,2.149366408536811,0.2501219973306015
15774,0.4640833333333334,0,1,0,373574,232036,30560,77396,2.149357145503724,0.2501228056568164
15775,0.4640898268398266,0,1,0,373575,232035,30560,77396,2.1493478824706362,0.2501236139882559
15776,0.4640952380952381,0,1,0,373576,232034,30560,77396,2.1493386194375486,0.25012442232492
15777,0.4641190476190477,0,3,0,373579,232031,30560,77396,2.149310830338286,0.25012684736626084
15778,0.4641428571428572,0,1,0,373580,232030,30560,77396,2.1493015673051983,0.2501276557238241
15779,0.4641515151515151,0,1,0,373581,232029,30560,77396,2.149292304272111,0.25012846408661227
15780,0.4641666666666665,0,1,0,373582,232028,30560,77396,2.1492830412390234,0.25012927245462535
15781,0.4641666666666666,8,85,8,373667,231943,30568,77388,2.148495683426581,0.2501786112610763
15782,0.4641666666666667,16,55,16,373722,231888,30584,77372,2.147986216606766,0.2501843109357822
15783,0.4641904761904761,0,2,0,373724,231886,30584,77372,2.1479676905405904,0.25018592890078833
15784,0.4642023809523808,0,2,0,373726,231884,30584,77372,2.1479491644744155,0.2501875468867217
15785,0.46425,0,2,0,373728,231882,30584,77372,2.1479306384082406,0.2501891648935826
15786,0.4642857142857142,1,2,1,373730,231880,30585,77371,2.1479121123420652,0.2501883583238211
15787,0.4642857142857143,1,19,1,373749,231861,30586,77370,2.147736114713402,0.250201305819921
15788,0.4643333333333333,0,17,0,373766,231844,30586,77370,2.147578643150913,0.25021506141377814
15789,0.4643333333333334,5,24,5,373790,231820,30591,77365,2.147356330356812,0.25022235878195903
15790,0.4643730158730159,0,2,0,373792,231818,30591,77365,2.147337804290637,0.2502239773855613
15791,0.4644047619047618,1,0,1,373792,231818,30592,77364,2.147337804290637,0.2502215523542768
15792,0.4644047619047619,0,1,0,373793,231817,30592,77364,2.1473285412575494,0.25022236165870476
15793,0.464404761904762,0,1,0,373794,231816,30592,77364,2.1473192782244617,0.25022317096836794
15794,0.4644444444444444,0,2,0,373796,231814,30592,77364,2.1473007521582868,0.2502247896034
15795,0.4644523809523809,0,1,0,373797,231813,30592,77364,2.147291489125199,0.25022559892876894
15796,0.4644761904761905,0,1,0,373798,231812,30592,77364,2.1472822260921114,0.2502264082593733
15797,0.4644999999999999,3,3,3,373801,231809,30595,77361,2.147254436992849,0.2502215609535207
15798,0.4645,1,17,1,373818,231792,30596,77360,2.1470969654303604,0.25023289514543007
15799,0.4645158730158729,0,1,0,373819,231791,30596,77360,2.1470877023972728,0.2502337045650831
15800,0.4645238095238095,3,7,3,373826,231784,30599,77357,2.14702286116566,0.2502320947399407
15801,0.4645714285714286,0,2,0,373828,231782,30599,77357,2.147004335099485,0.25023371363690766
15802,0.4645833333333333,0,4,0,373832,231778,30599,77357,2.1469672829671347,0.25023695149368397
15803,0.464595238095238,0,1,0,373833,231777,30599,77357,2.146958019934047,0.2502377609709705
15804,0.4646031746031746,0,1,0,373834,231776,30599,77357,2.1469487569009598,0.2502385704534941
15805,0.4646212121212121,0,1,0,373835,231775,30599,77357,2.146939493867872,0.2502393799412549
15806,0.4646309523809524,0,1,0,373836,231774,30599,77357,2.1469302308347844,0.2502401894342528
15807,0.4646428571428571,1,4,1,373840,231770,30600,77356,2.146893178702434,0.25024100205094363
15808,0.4646666666666666,2,10,2,373850,231760,30602,77354,2.1468005483715586,0.2502442464592351
15809,0.4646666666666667,4,41,4,373891,231719,30606,77350,2.146420764014969,0.2502677395662457
15810,0.4647142857142857,0,2,0,373893,231717,30606,77350,2.146402237948794,0.2502693590710105
15811,0.4647222222222222,0,1,0,373894,231716,30606,77350,2.1463929749157065,0.25027016883125286
15812,0.4647380952380952,0,3,0,373897,231713,30606,77350,2.146365185816444,0.2502725981434206
15813,0.46475,1,2,1,373899,231711,30607,77349,2.1463466597502685,0.25027179188507087
15814,0.4647619047619046,0,1,0,373900,231710,30607,77349,2.1463373967171813,0.2502726016715255
15815,0.4648095238095238,0,1,0,373901,231709,30607,77349,2.1463281336840936,0.2502734114632205
15816,0.4648333333333332,1,6,1,373907,231703,30608,77348,2.1462725554855684,0.25027584443991446
15817,0.4648333333333333,2,11,2,373918,231692,30610,77346,2.1461706621216052,0.25027990085361673
15818,0.4648333333333334,0,1,0,373919,231691,30610,77346,2.1461613990885176,0.25028071072395863
15819,0.4648809523809523,0,1,0,373920,231690,30610,77346,2.14615213605543,0.2502815205995418
15820,0.4648809523809524,0,1,0,373921,231689,30610,77346,2.1461428730223426,0.2502823304803663
15821,0.4648977411477411,0,1,0,373922,231688,30610,77346,2.146133609989255,0.2502831403664322
15822,0.4649126984126985,0,2,0,373924,231686,30610,77346,2.1461150839230796,0.25028476015428824
15823,0.4649242424242424,1,1,1,373925,231685,30611,77345,2.1461058208899924,0.25028314403132385
15824,0.4649523809523809,0,1,0,373926,231684,30611,77345,2.1460965578569047,0.250283953933126
15825,0.4649999999999998,0,1,0,373927,231683,30611,77345,2.146087294823817,0.25028476384016984
15826,0.4649999999999999,2,16,2,373943,231667,30613,77343,2.1459390862944163,0.25029287078088086
15827,0.465,168,1256,168,375199,230411,30781,77175,2.134304716736448,0.25090543782876984
15828,0.4650000000000001,2,25,2,375224,230386,30783,77173,2.1340731409092593,0.2509209615065727
15829,0.4650007215007214,0,1,0,375225,230385,30783,77173,2.1340638778761716,0.25092177735581583
15830,0.4650119047619048,1,0,1,375225,230385,30784,77172,2.1340638778761716,0.250919341780548
15831,0.4650238095238094,0,3,0,375228,230382,30784,77172,2.134036088776909,0.25092178934431025
15832,0.465047619047619,0,1,0,375229,230381,30784,77172,2.1340268257438217,0.2509226052095086
15833,0.465095238095238,0,2,0,375231,230379,30784,77172,2.1340082996776464,0.25092423695582194
15834,0.4650952380952381,0,1,0,375232,230378,30784,77172,2.1339990366445587,0.25092505283693706
15835,0.4651071428571429,0,1,0,375233,230377,30784,77172,2.1339897736114715,0.2509258687233579
15836,0.4651190476190476,0,3,0,375236,230374,30784,77172,2.133961984512209,0.25092831641445507
15837,0.4651190476190477,0,1,0,375237,230373,30784,77172,2.133952721479121,0.2509291323220992
15838,0.4651428571428572,0,1,0,375238,230372,30784,77172,2.1339434584460335,0.25092994823504927
15839,0.4651666666666667,3,13,3,375251,230359,30787,77169,2.1338230390158954,0.2509332483546214
15840,0.4651785714285715,0,1,0,375252,230358,30787,77169,2.1338137759828077,0.2509340643260592
15841,0.4651904761904762,1,0,1,375252,230358,30788,77168,2.1338137759828077,0.2509316285452287
15842,0.4652380952380952,1,2,1,375254,230356,30789,77167,2.133795249916633,0.25093082468628364
15843,0.46525,0,1,0,375255,230355,30789,77167,2.133785986883545,0.250931640663107
15844,0.4652619047619047,1,0,1,375255,230355,30790,77166,2.133785986883545,0.25092920483479175
15845,0.4652619047619049,0,2,0,375257,230353,30790,77166,2.1337674608173702,0.2509308367938241
15846,0.4652777777777778,0,1,0,375258,230352,30790,77166,2.1337581977842826,0.2509316527813006
15847,0.4652792207792207,0,1,0,375259,230351,30790,77166,2.133748934751195,0.25093246877408404
15848,0.4653333333333332,0,1,0,375260,230350,30790,77166,2.133739671718107,0.25093328477217447
15849,0.4653333333333333,3,22,3,375282,230328,30793,77163,2.1335358849901813,0.2509439300662458
15850,0.4653333333333334,2,7,2,375289,230321,30795,77161,2.1334710437585684,0.2509447707508082
15851,0.4653901653901653,1,0,1,375289,230321,30796,77160,2.1334710437585684,0.2509423346483197
15852,0.4654166666666666,1,2,1,375291,230319,30797,77159,2.133452517692393,0.25094153077618564
15853,0.4654166666666667,0,1,0,375292,230318,30797,77159,2.133443254659306,0.25094234690724837
15854,0.4654285714285714,0,1,0,375293,230317,30797,77159,2.133433991626218,0.2509431630436197
15855,0.4654404761904762,0,1,0,375294,230316,30797,77159,2.1334247285931305,0.2509439791852996
15856,0.4654761904761904,0,4,0,375298,230312,30797,77159,2.13338767646078,0.2509472438051068
15857,0.4654761904761905,2,1,2,375299,230311,30799,77157,2.133378413427693,0.25094318758374856
15858,0.4654999999999999,6,14,6,375313,230297,30805,77151,2.133248730964467,0.25093999635710756
15859,0.4655,1,3,1,375316,230294,30806,77150,2.133220941865204,0.25094000858692966
15860,0.4655000000000001,0,1,0,375317,230293,30806,77150,2.133211678832117,0.2509408248032969
15861,0.4655238095238094,0,1,0,375318,230292,30806,77150,2.1332024157990293,0.2509416410249738
15862,0.4655238095238095,0,1,0,375319,230291,30806,77150,2.1331931527659416,0.2509424572519605
15863,0.4655357142857143,0,1,0,375320,230290,30806,77150,2.1331838897328543,0.2509432734842571
15864,0.4655476190476191,0,2,0,375322,230288,30806,77150,2.133165363666679,0.25094490596477986
15865,0.4655555555555555,1,2,1,375324,230286,30807,77149,2.133146837600504,0.25094410200530193
15866,0.4655714285714286,0,1,0,375325,230285,30807,77149,2.1331375745674164,0.2509449182588783
15867,0.4655833333333333,0,2,0,375327,230283,30807,77149,2.1331190485012415,0.25094655078196154
15868,0.4655952380952381,0,2,0,375329,230281,30807,77149,2.133100522435066,0.25094818332628566
15869,0.4656071428571429,0,1,0,375330,230280,30807,77149,2.1330912594019784,0.2509489996064132
15870,0.4656190476190475,0,1,0,375331,230279,30807,77149,2.133081996368891,0.2509498158918511
15871,0.4656190476190476,0,2,0,375333,230277,30807,77149,2.133063470302716,0.2509514484786583
15872,0.4656428571428571,0,1,0,375334,230276,30807,77149,2.1330542072696286,0.25095226478002763
15873,0.4656428571428572,0,1,0,375335,230275,30807,77149,2.133044944236541,0.2509530810867076
15874,0.4656666666666665,0,1,0,375336,230274,30807,77149,2.133035681203453,0.2509538973986982
15875,0.4656666666666666,3,28,3,375364,230246,30810,77146,2.1327763162770017,0.25096944617947115
15876,0.4656666666666667,3,8,3,375372,230238,30813,77143,2.132702212012301,0.2509686675493931
15877,0.465698917353716,1,0,1,375372,230238,30814,77142,2.132702212012301,0.25096623072418506
15878,0.4657142857142857,4,22,4,375394,230216,30818,77138,2.1324984252843753,0.250974446403821
15879,0.4657424242424243,0,1,0,375395,230215,30818,77138,2.1324891622512876,0.25097526297124156
15880,0.46575,1,2,1,375397,230213,30819,77137,2.1324706361851122,0.2509744590857329
15881,0.4657777777777777,0,2,0,375399,230211,30819,77137,2.1324521101189373,0.25097609224722467
15882,0.4657878787878788,0,1,0,375400,230210,30819,77137,2.1324428470858496,0.25097690883594115
15883,0.4658282828282828,0,1,0,375401,230209,30819,77137,2.1324335840527624,0.25097772542997143
15884,0.4658333333333332,13,60,13,375461,230149,30832,77124,2.131877802067509,0.25099504349552354
15885,0.4658333333333334,9,79,9,375540,230070,30841,77115,2.131146022453592,0.251037648322672
15886,0.4658452380952381,0,2,0,375542,230068,30841,77115,2.131127496387417,0.2510392827728097
15887,0.4659047619047618,0,3,0,375545,230065,30841,77115,2.1310997072881546,0.2510417344879224
15888,0.4659047619047619,0,1,0,375546,230064,30841,77115,2.131090444255067,0.2510425517369351
15889,0.4659166666666667,0,1,0,375547,230063,30841,77115,2.131081181221979,0.2510433689912689
15890,0.4659469696969697,0,1,0,375548,230062,30841,77115,2.131071918188892,0.25104418625092373
15891,0.4659523809523809,0,3,0,375551,230059,30841,77115,2.131044129089629,0.25104663806181515
15892,0.465952380952381,0,1,0,375552,230058,30841,77115,2.1310348660565417,0.25104745534275474
15893,0.4659999999999999,1,3,1,375555,230055,30842,77114,2.131007076957279,0.2510474689828726
15894,0.466,15,142,15,375697,229913,30857,77099,2.129691726258846,0.25112699177882297
15895,0.4660000000000001,0,3,0,375700,229910,30857,77099,2.1296639371595836,0.2511294457165751
15896,0.4660714285714286,1,2,1,375702,229908,30858,77098,2.129645411093408,0.25112864243695565
15897,0.4660833333333333,0,2,0,375704,229906,30858,77098,2.1296268850272333,0.2511302784328543
15898,0.4661111111111111,1,0,1,375704,229906,30859,77097,2.1296268850272333,0.25112783914163705
15899,0.4661190476190475,0,1,0,375705,229905,30859,77097,2.1296176219941456,0.25112865714229876
15900,0.4661666666666666,1,2,1,375707,229903,30860,77096,2.1295990959279707,0.2511278538366574
15901,0.4661666666666667,2,11,2,375718,229892,30862,77094,2.1294972025640075,0.2511319734450431
15902,0.4661904761904762,0,3,0,375721,229889,30862,77094,2.129469413464745,0.25113442763931554
15903,0.4662380952380952,0,1,0,375722,229888,30862,77094,2.1294601504316573,0.25113524571473245
15904,0.46625,0,10,0,375732,229878,30862,77094,2.129367520100782,0.25114342676205
15905,0.4662619047619047,1,1,1,375733,229877,30863,77093,2.129358257067694,0.2511418053881487
15906,0.4662857142857143,0,2,0,375735,229875,30863,77093,2.129339731001519,0.2511434416616716
15907,0.4663039215686274,0,3,0,375738,229872,30863,77093,2.1293119419022566,0.2511458961119346
15908,0.4663095238095238,1,1,1,375739,229871,30864,77092,2.129302678869169,0.25114427471714834
15909,0.4663333333333332,1,5,1,375744,229866,30865,77091,2.129256363703731,0.25114592597660257
15910,0.4663333333333333,5,21,5,375765,229845,30870,77086,2.1290618400088923,0.25115091013941243
15911,0.4663333333333334,2,8,2,375773,229837,30872,77084,2.128987735744192,0.2511525767216971
15912,0.4663571428571428,0,1,0,375774,229836,30872,77084,2.1289784727111045,0.25115339502150397
15913,0.4663809523809524,0,3,0,375777,229833,30872,77084,2.128950683611842,0.25115584995291884
15914,0.4663888888888888,0,1,0,375778,229832,30872,77084,2.1289414205787542,0.2511566682740554
15915,0.4664102564102563,0,2,0,375780,229830,30872,77084,2.1289228945125793,0.2511583049323263
15916,0.4664102564102564,1,0,1,375780,229830,30873,77083,2.1289228945125793,0.2511558650171221
15917,0.4664126984126984,0,1,0,375781,229829,30873,77083,2.1289136314794916,0.251156683348973
15918,0.4664166666666666,1,0,1,375781,229829,30874,77082,2.1289136314794916,0.2511542434125854
15919,0.4664285714285714,0,4,0,375785,229825,30874,77082,2.1288765793471414,0.2511575167721818
15920,0.4664999999999999,3,28,3,375813,229797,30877,77079,2.12861721442069,0.2511731122668439
15921,0.4665000000000001,0,1,0,375814,229796,30877,77079,2.128607951387602,0.25117393075356415
15922,0.4665238095238095,1,0,1,375814,229796,30878,77078,2.128607951387602,0.25117149057919536
15923,0.466547619047619,1,4,1,375818,229792,30879,77077,2.1285708992552523,0.25117232434687115
15924,0.4665595238095238,0,1,0,375819,229791,30879,77077,2.1285616362221647,0.25117314284969433
15925,0.4665714285714285,0,1,0,375820,229790,30879,77077,2.128552373189077,0.2511739613578521
15926,0.4665714285714286,0,1,0,375821,229789,30879,77077,2.1285431101559893,0.2511747798713445
15927,0.4666190476190476,0,1,0,375822,229788,30879,77077,2.128533847122902,0.25117559839017156
15928,0.4666349206349206,0,1,0,375823,229787,30879,77077,2.1285245840898144,0.2511764169143334
15929,0.4666666666666665,1,2,1,375825,229785,30880,77076,2.1285060580236395,0.25117561371435276
15930,0.4666666666666666,64,416,64,376241,229369,30944,77012,2.1246526362592166,0.2513602344792921
15931,0.4666666666666667,37,300,37,376541,229069,30981,76975,2.1218737263329506,0.2515161218648299
15932,0.4667063492063492,0,1,0,376542,229068,30981,76975,2.121864463299863,0.25151694369745425
15933,0.4667121212121212,0,2,0,376544,229066,30981,76975,2.121845937233688,0.2515185873788153
15934,0.4667142857142857,0,1,0,376545,229065,30981,76975,2.1218366742006003,0.25151940922755195
15935,0.4667857142857143,1,7,1,376552,229058,30982,76974,2.1217718329689874,0.25152271657865843
15936,0.4668095238095238,0,1,0,376553,229057,30982,76974,2.1217625699358997,0.2515235384650575
15937,0.4668333333333333,2,2,2,376555,229055,30984,76972,2.121744043869725,0.25152029069330484
15938,0.4668333333333334,0,18,0,376573,229037,30984,76972,2.121577309274149,0.2515350855693787
15939,0.4668571428571428,1,0,1,376573,229037,30985,76971,2.121577309274149,0.25153263966955114
15940,0.4669047619047618,0,1,0,376574,229036,30985,76971,2.121568046241061,0.251533461652838
15941,0.4669047619047619,1,0,1,376574,229036,30986,76970,2.121568046241061,0.25153101573171766
15942,0.4669444444444445,0,1,0,376575,229035,30986,76970,2.1215587832079734,0.25153183771507004
15943,0.4669722222222222,0,3,0,376578,229032,30986,76970,2.121530994108711,0.25153430369736146
15944,0.4669999999999999,1,6,1,376584,229026,30987,76969,2.1214754159101856,0.2515367898168271
15945,0.467,8,42,8,376626,228984,30995,76961,2.1210863685205084,0.2515517494974587
15946,0.4670158730158729,0,1,0,376627,228983,30995,76961,2.1210771054874207,0.25155257171247025
15947,0.4670238095238095,0,2,0,376629,228981,30995,76961,2.1210585794212458,0.2515542161586183
15948,0.4670476190476191,0,1,0,376630,228980,30995,76961,2.121049316388158,0.2515550383897549
15949,0.4670555555555555,0,1,0,376631,228979,30995,76961,2.1210400533550704,0.2515558606262666
15950,0.467063492063492,1,1,1,376632,228978,30996,76960,2.121030790321983,0.25155423647928665
15951,0.4670833333333333,0,2,0,376634,228976,30996,76960,2.121012264255808,0.25155588096856857
15952,0.4670887445887446,0,2,0,376636,228974,30996,76960,2.120993738189633,0.25155752547935173
15953,0.4670952380952382,0,4,0,376640,228970,30996,76960,2.1209566860572826,0.25156081456542345
15954,0.4671190476190476,0,1,0,376641,228969,30996,76960,2.120947423024195,0.2515616368503803
15955,0.4671428571428571,2,7,2,376648,228962,30998,76958,2.120882581792582,0.2515625
15956,0.4671666666666666,2,2,2,376650,228960,31000,76956,2.120864055726407,0.2515592515592516
15957,0.4671666666666667,1,8,1,376658,228952,31001,76955,2.1207899514617066,0.2515633836427411
15958,0.4671904761904761,0,1,0,376659,228951,31001,76955,2.120780688428619,0.25156420599792095
15959,0.4672142857142857,0,1,0,376660,228950,31001,76955,2.1207714253955317,0.2515650283584773
15960,0.4672380952380953,0,2,0,376662,228948,31001,76955,2.1207528993293563,0.2515666730957199
15961,0.4672499999999999,0,1,0,376663,228947,31001,76955,2.120743636296269,0.2515674954724062
15962,0.46725,0,1,0,376664,228946,31001,76955,2.1207343732631814,0.25156831785446926
15963,0.4672597402597402,0,1,0,376665,228945,31001,76955,2.1207251102300937,0.25156914024190913
15964,0.4672619047619047,0,3,0,376668,228942,31001,76955,2.120697321130831,0.25157160743649004
15965,0.4672738095238095,0,1,0,376669,228941,31001,76955,2.1206880580977434,0.25157242984543765
15966,0.4673095238095238,0,2,0,376671,228939,31001,76955,2.1206695320315685,0.25157407467946413
15967,0.4673333333333332,2,13,2,376684,228926,31003,76953,2.1205491126014304,0.25157987308707036
15968,0.4673333333333333,1,41,1,376725,228885,31004,76952,2.1201693282448404,0.25161115234585746
15969,0.4673333333333334,1,3,1,376728,228882,31005,76951,2.120141539145578,0.2516111734181727
15970,0.4673809523809523,0,1,0,376729,228881,31005,76951,2.12013227611249,0.2516119961285935
15971,0.4673809523809524,0,6,0,376735,228875,31005,76951,2.120076697913965,0.25161693250410366
15972,0.4674047619047619,0,1,0,376736,228874,31005,76951,2.1200674348808772,0.2516177552521867
15973,0.4674166666666666,0,1,0,376737,228873,31005,76951,2.12005817184779,0.2516185780056503
15974,0.467452380952381,0,1,0,376738,228872,31005,76951,2.1200489088147023,0.2516194007644945
15975,0.4674642857142856,0,3,0,376741,228869,31005,76951,2.1200211197154397,0.2516218690733111
15976,0.4674999999999999,0,8,0,376749,228861,31005,76951,2.119947015450739,0.2516284514669143
15977,0.4675,42,344,42,377093,228517,31047,76909,2.1167605320686205,0.2518089488124783
15978,0.4675000000000001,2,4,2,377097,228513,31049,76907,2.11672347993627,0.2518073472595115
15979,0.4675119047619048,0,1,0,377098,228512,31049,76907,2.116714216903183,0.25180817172474534
15980,0.4675238095238094,0,1,0,377099,228511,31049,76907,2.1167049538700953,0.25180899619537817
15981,0.467547619047619,0,1,0,377100,228510,31049,76907,2.1166956908370076,0.2518098206714099
15982,0.4675714285714285,0,1,0,377101,228509,31049,76907,2.11668642780392,0.25181064515284074
15983,0.4675714285714286,0,1,0,377102,228508,31049,76907,2.1166771647708327,0.2518114696396706
15984,0.4675833333333333,1,0,1,377102,228508,31050,76906,2.1166771647708327,0.2518090198877589
15985,0.4676190476190476,0,6,0,377108,228502,31050,76906,2.116621586572307,0.2518139668901928
15986,0.4676428571428571,1,0,1,377108,228502,31051,76905,2.116621586572307,0.251811517090309
15987,0.4676666666666667,7,44,7,377152,228458,31058,76898,2.116214013116455,0.2518306501264098
15988,0.4676785714285714,0,1,0,377153,228457,31058,76898,2.116204750083367,0.25183147484075913
15989,0.4677142857142857,0,1,0,377154,228456,31058,76898,2.11619548705028,0.2518322995605101
15990,0.46775,0,1,0,377155,228455,31058,76898,2.1161862240171923,0.25183312428566285
15991,0.4677738095238095,0,1,0,377156,228454,31058,76898,2.1161769609841046,0.25183394901621736
15992,0.4677777777777778,0,1,0,377157,228453,31058,76898,2.116167697951017,0.2518347737521737
15993,0.4677857142857142,0,1,0,377158,228452,31058,76898,2.1161584349179297,0.251835598493532
15994,0.4678333333333332,1,2,1,377160,228450,31059,76897,2.1161399088517543,0.2518347977874353
15995,0.4678333333333333,1,5,1,377165,228445,31060,76896,2.1160935936863168,0.2518364713549769
15996,0.4678333333333334,1,4,1,377169,228441,31061,76895,2.1160565415539665,0.25183732019807686
15997,0.4678571428571428,0,7,0,377176,228434,31061,76895,2.1159917003223536,0.2518430938430349
15998,0.4678787878787879,0,1,0,377177,228433,31061,76895,2.115982437289266,0.2518439186710685
15999,0.4679166666666666,0,1,0,377178,228432,31061,76895,2.1159731742561783,0.25184474350450503
16000,0.4679166666666667,0,2,0,377180,228430,31061,76895,2.1159546481900033,0.251846393187587
16001,0.4679999999999999,11,89,11,377269,228341,31072,76884,2.115130238245211,0.2518928659185847
16002,0.468,1,7,1,377276,228334,31073,76883,2.115065397013598,0.2518961918897047
16003,0.4680000000000001,0,2,0,377278,228332,31073,76883,2.115046870947423,0.25189784250446406
16004,0.4680238095238095,0,2,0,377280,228330,31073,76883,2.115028344881248,0.25189949314085575
16005,0.4680833333333333,0,1,0,377281,228329,31073,76883,2.1150190818481605,0.2519003184671638
16006,0.468095238095238,0,1,0,377282,228328,31073,76883,2.1150098188150728,0.2519011437988801
16007,0.4680952380952381,0,1,0,377283,228327,31073,76883,2.115000555781985,0.2519019691360047
16008,0.4680952380952382,0,1,0,377284,228326,31073,76883,2.114991292748898,0.25190279447853764
16009,0.4681071428571428,1,0,1,377284,228326,31074,76882,2.114991292748898,0.25190034337238865
16010,0.4681089466089465,0,1,0,377285,228325,31074,76882,2.11498202971581,0.2519011687150033
16011,0.4681150793650793,0,1,0,377286,228324,31074,76882,2.1149727666827225,0.25190199406302627
16012,0.4681428571428571,0,2,0,377288,228322,31074,76882,2.1149542406165476,0.2519036447752978
16013,0.4681428571428572,0,1,0,377289,228321,31074,76882,2.11494497758346,0.2519044701395465
16014,0.4681666666666666,2,10,2,377299,228311,31076,76880,2.1148523472525844,0.25190782165922326
16015,0.4681666666666667,3,5,3,377304,228306,31079,76877,2.1148060320871465,0.25190459494794926
16016,0.4681818181818182,0,1,0,377305,228305,31079,76877,2.1147967690540592,0.25190542037210584
16017,0.4681984126984126,0,1,0,377306,228304,31079,76877,2.1147875060209715,0.2519062458016718
16018,0.4682142857142857,0,4,0,377310,228300,31079,76877,2.1147504538886213,0.25190954757403083
16019,0.4682857142857143,2,1,2,377311,228299,31081,76875,2.1147411908555336,0.2519054703218492
16020,0.4682878787878788,0,3,0,377314,228296,31081,76875,2.114713401756271,0.2519079466921824
16021,0.4683333333333332,28,195,28,377509,228101,31109,76847,2.112907110304198,0.2520003410417514
16022,0.4683333333333334,21,222,21,377731,227879,31130,76826,2.110850716958761,0.2521323903447597
16023,0.4683571428571429,0,1,0,377732,227878,31130,76826,2.1108414539256732,0.25213321781138415
16024,0.4684047619047619,0,1,0,377733,227877,31130,76826,2.110832190892586,0.25213404528343997
16025,0.4684285714285714,0,1,0,377734,227876,31130,76826,2.1108229278594983,0.25213487276092705
16026,0.4684444444444444,0,2,0,377736,227874,31130,76826,2.1108044017933234,0.2521365277321956
16027,0.4684523809523809,0,2,0,377738,227872,31130,76826,2.110785875727148,0.2521381827251902
16028,0.4684761904761904,0,1,0,377739,227871,31130,76826,2.1107766126940604,0.25213901022983487
16029,0.4684761904761905,0,1,0,377740,227870,31130,76826,2.110767349660973,0.2521398377399113
16030,0.4684999999999999,1,1,1,377741,227869,31131,76825,2.1107580866278854,0.2521382107950928
16031,0.4685,8,22,8,377763,227847,31139,76817,2.110554299899959,0.25213678019063623
16032,0.4685000000000001,0,1,0,377764,227846,31139,76817,2.110545036866872,0.25213760778302585
16033,0.4685238095238094,0,1,0,377765,227845,31139,76817,2.110535773833784,0.2521384353808483
16034,0.4685238095238095,0,1,0,377766,227844,31139,76817,2.1105265108006965,0.25213926298410366
16035,0.4685714285714285,1,5,1,377771,227839,31140,76816,2.110480195635259,0.252140946316325
16036,0.4685714285714286,0,11,0,377782,227828,31140,76816,2.110378302271296,0.25215005055080686
16037,0.4685833333333333,0,1,0,377783,227827,31140,76816,2.110369039238208,0.2521508782410887
16038,0.4686190476190476,0,2,0,377785,227825,31140,76816,2.1103505131720333,0.2521525336379542
16039,0.4686428571428571,0,2,0,377787,227823,31140,76816,2.110331987105858,0.25215418905655546
16040,0.4686666666666666,0,2,0,377789,227821,31140,76816,2.110313461039683,0.25215584449689304
16041,0.4686666666666667,8,29,8,377818,227792,31148,76808,2.110044833080144,0.2521602101116218
16042,0.4686904761904761,0,1,0,377819,227791,31148,76808,2.110035570047056,0.2521610379548193
16043,0.4686904761904762,0,1,0,377820,227790,31148,76808,2.110026307013969,0.2521618658034524
16044,0.4687121212121212,0,1,0,377821,227789,31148,76808,2.110017043980881,0.25216269365752125
16045,0.4687142857142856,0,1,0,377822,227788,31148,76808,2.1100077809477935,0.2521635215170258
16046,0.46875,1,4,1,377826,227784,31149,76807,2.1099707288154432,0.25216437780499096
16047,0.4687619047619048,0,1,0,377827,227783,31149,76807,2.109961465782356,0.25216520568633244
16048,0.4687777777777778,1,0,1,377827,227783,31150,76806,2.109961465782356,0.25216275046045655
16049,0.4687857142857143,0,1,0,377828,227782,31150,76806,2.1099522027492683,0.25216357834189135
16050,0.4688051948051947,1,0,1,377828,227782,31151,76805,2.1099522027492683,0.25216112309455097
16051,0.4688095238095238,0,3,0,377831,227779,31151,76805,2.1099244136500057,0.25216360675544347
16052,0.4688333333333332,0,1,0,377832,227778,31151,76805,2.109915150616918,0.25216443465328003
16053,0.4688333333333333,2,13,2,377845,227765,31153,76803,2.10979473118678,0.2521702870951643
16054,0.4688333333333334,1,0,1,377845,227765,31154,76802,2.10979473118678,0.2521678317086224
16055,0.4688373015873016,0,1,0,377846,227764,31154,76802,2.1097854681536923,0.2521686596665419
16056,0.4688571428571428,2,4,2,377850,227760,31156,76800,2.109748416021342,0.25216706067769895
16057,0.4688809523809523,0,2,0,377852,227758,31156,76800,2.109729889955167,0.2521687166319716
16058,0.4688888888888888,0,4,0,377856,227754,31156,76800,2.109692837822817,0.2521720286057645
16059,0.4689078947368421,0,2,0,377858,227752,31156,76800,2.1096743117566414,0.25217368462528567
16060,0.4689285714285713,0,1,0,377859,227751,31156,76800,2.109665048723554,0.2521745126432026
16061,0.4689285714285715,1,2,1,377861,227749,31157,76799,2.109646522657379,0.25217371317493464
16062,0.468939393939394,1,0,1,377861,227749,31158,76798,2.109646522657379,0.2521712576383941
16063,0.468952380952381,0,1,0,377862,227748,31158,76798,2.109637259624291,0.2521720856619361
16064,0.4689999999999999,1,3,1,377865,227745,31159,76797,2.1096094705250286,0.25217211419114605
16065,0.469,13,70,13,377935,227675,31172,76784,2.1089610582089,0.2521981613287832
16066,0.4690000000000001,0,3,0,377938,227672,31172,76784,2.108933269109637,0.25220064639882284
16067,0.4690075757575758,1,1,1,377939,227671,31173,76783,2.1089240060765495,0.25219901857094995
16068,0.4690238095238095,1,1,1,377940,227670,31174,76782,2.1089147430434623,0.2521973907216901
16069,0.4690357142857143,0,3,0,377943,227667,31174,76782,2.1088869539441997,0.2521998758412739
16070,0.469047619047619,1,5,1,377948,227662,31175,76781,2.1088406387787617,0.25220156154025547
16071,0.4690476190476191,2,4,2,377952,227658,31177,76779,2.1088035866464114,0.25219996255382887
16072,0.4690714285714285,0,1,0,377953,227657,31177,76779,2.1087943236133238,0.25220079097084447
16073,0.469079365079365,1,3,1,377956,227654,31178,76778,2.108766534514061,0.25220081988752824
16074,0.4690952380952381,1,2,1,377958,227652,31179,76777,2.1087480084478862,0.25220002036599665
16075,0.4691190476190476,1,2,1,377960,227650,31180,76776,2.108729482381711,0.25219922082870716
16076,0.4691428571428571,0,1,0,377961,227649,31180,76776,2.1087202193486236,0.25220004927322
16077,0.4691428571428572,0,1,0,377962,227648,31180,76776,2.108710956315536,0.25220087772317556
16078,0.4691587301587301,1,0,1,377962,227648,31181,76775,2.108710956315536,0.2521984212756592
16079,0.4691666666666665,2,1,2,377963,227647,31183,76773,2.1087016932824483,0.2521943367715656
16080,0.4691666666666666,13,72,13,378035,227575,31196,76760,2.1080347549001446,0.2522220579295842
16081,0.4691666666666667,9,51,9,378086,227524,31205,76751,2.107562340212679,0.2522422151014707
16082,0.4692063492063492,0,1,0,378087,227523,31205,76751,2.107553077179592,0.2522430440984113
16083,0.4692142857142857,0,1,0,378088,227522,31205,76751,2.107543814146504,0.25224387310080093
16084,0.4692380952380952,0,2,0,378090,227520,31205,76751,2.1075252880803292,0.2522455311219275
16085,0.4692499999999999,0,1,0,378091,227519,31205,76751,2.1075160250472416,0.25224636014066454
16086,0.4692777777777778,0,1,0,378092,227518,31205,76751,2.107506762014154,0.25224718916485084
16087,0.4692857142857142,0,1,0,378093,227517,31205,76751,2.107497498981066,0.25224801819448645
16088,0.4692857142857143,2,4,2,378097,227513,31207,76749,2.1074604468487164,0.25224641920450136
16089,0.4693030303030303,0,1,0,378098,227512,31207,76749,2.1074511838156287,0.2522472482506795
16090,0.4693095238095238,1,0,1,378098,227512,31208,76748,2.1074511838156287,0.25224479063958455
16091,0.4693333333333333,4,13,4,378111,227499,31212,76744,2.1073307643854906,0.25224573778197035
16092,0.4693333333333334,6,37,6,378148,227462,31218,76738,2.106988032161251,0.25226166995397764
16093,0.4693571428571429,0,1,0,378149,227461,31218,76738,2.106978769128163,0.2522624992192611
16094,0.4693650793650794,0,1,0,378150,227460,31218,76738,2.106969506095076,0.25226332848999666
16095,0.4693787878787879,0,1,0,378151,227459,31218,76738,2.1069602430619883,0.25226415776618444
16096,0.4693809523809523,1,2,1,378153,227457,31219,76737,2.106941716995813,0.25226335825164203
16097,0.469404761904762,0,1,0,378154,227456,31219,76737,2.1069324539627257,0.25226418753883223
16098,0.4694166666666666,1,2,1,378156,227454,31220,76736,2.1069139278965503,0.25226338801407017
16099,0.4694444444444444,0,1,0,378157,227453,31220,76736,2.106904664863463,0.2522642173122631
16100,0.4694523809523809,1,0,1,378157,227453,31221,76735,2.106904664863463,0.2522617591752469
16101,0.4694999999999998,0,1,0,378158,227452,31221,76735,2.1068954018303754,0.25226258847353766
16102,0.4695,2,19,2,378177,227433,31223,76733,2.1067194042017117,0.25227342964039373
16103,0.4695238095238095,1,4,1,378181,227429,31224,76732,2.1066823520693614,0.25227428894565707
16104,0.4695714285714286,0,1,0,378182,227428,31224,76732,2.106673089036274,0.25227511835875854
16105,0.4696428571428571,0,1,0,378183,227427,31224,76732,2.1066638260031865,0.2522759477773138
16106,0.4696666666666666,2,10,2,378193,227417,31226,76730,2.106571195672311,0.2522793254577556
16107,0.4696666666666667,4,19,4,378212,227398,31230,76726,2.1063951980436473,0.2522852520682353
16108,0.4696785714285714,0,1,0,378213,227397,31230,76726,2.10638593501056,0.2522860816182926
16109,0.4696818181818181,2,0,2,378213,227397,31232,76724,2.10638593501056,0.25228116440495724
16110,0.4697142857142857,0,4,0,378217,227393,31232,76724,2.1063488828782098,0.2522844826168876
16111,0.4697619047619047,1,3,1,378220,227390,31233,76723,2.106321093778947,0.2522845126647003
16112,0.4697619047619048,0,1,0,378221,227389,31233,76723,2.1063118307458595,0.2522853422423318
16113,0.4697857142857142,0,1,0,378222,227388,31233,76723,2.106302567712772,0.252286171825419
16114,0.4698095238095238,0,3,0,378225,227385,31233,76723,2.106274778613509,0.2522886606074158
16115,0.4698333333333332,1,1,1,378226,227384,31234,76722,2.1062655155804215,0.25228703149559695
16116,0.4698333333333333,0,13,0,378239,227371,31234,76722,2.1061450961502834,0.2522978167863121
16117,0.4698333333333334,0,1,0,378240,227370,31234,76722,2.1061358331171958,0.25229864646225486
16118,0.4699166666666666,0,1,0,378241,227369,31234,76722,2.1061265700841085,0.2522994761436544
16119,0.4699404761904762,0,2,0,378243,227367,31234,76722,2.106108044017933,0.2523011355228239
16120,0.4699642857142856,0,1,0,378244,227366,31234,76722,2.1060987809848455,0.25230196522059406
16121,0.4699761904761905,0,2,0,378246,227364,31234,76722,2.1060802549186706,0.2523036246325053
16122,0.4699880952380952,0,1,0,378247,227363,31234,76722,2.106070991885583,0.2523044543466465
16123,0.4699999999999999,0,30,0,378277,227333,31234,76722,2.1057931008929565,0.25232934830869413
16124,0.47,469,3131,469,381408,224202,31703,76253,2.0767905442958243,0.2537917491804097
16125,0.4700000000000001,3,34,3,381442,224168,31706,76250,2.076475601170847,0.25381302052473553
16126,0.4700238095238095,0,1,0,381443,224167,31706,76250,2.07646633813776,0.2538138653937693
16127,0.4700259740259739,0,2,0,381445,224165,31706,76250,2.0764478120715846,0.25381555514871096
16128,0.470047619047619,0,1,0,381446,224164,31706,76250,2.0764385490384973,0.2538164000346189
16129,0.4700595238095238,0,1,0,381447,224163,31706,76250,2.0764292860054097,0.25381724492615165
16130,0.4700714285714287,0,1,0,381448,224162,31706,76250,2.076420022972322,0.25381808982330933
16131,0.470095238095238,0,1,0,381449,224161,31706,76250,2.0764107599392343,0.2538189347260919
16132,0.4701111111111111,0,1,0,381450,224160,31706,76250,2.076401496906147,0.25381977963449953
16133,0.4701190476190476,1,2,1,381452,224158,31707,76249,2.0763829708399717,0.2538189855762349
16134,0.4701428571428571,0,2,0,381454,224156,31707,76249,2.076364444773797,0.25382067542151426
16135,0.4701666666666665,0,1,0,381455,224155,31707,76249,2.076355181740709,0.25382152035259187
16136,0.4701666666666667,0,15,0,381470,224140,31707,76249,2.0762162362443957,0.25383419499382465
16137,0.4702142857142856,0,1,0,381471,224139,31707,76249,2.0762069732113084,0.253835040014914
16138,0.4702380952380952,0,1,0,381472,224138,31707,76249,2.0761977101782207,0.2538358850416296
16139,0.47025,1,1,1,381473,224137,31708,76248,2.076188447145133,0.2538342460509013
16140,0.4702815803477568,0,1,0,381474,224136,31708,76248,2.076179184112046,0.25383509108341323
16141,0.4702857142857142,0,2,0,381476,224134,31708,76248,2.0761606580458705,0.25383678116531616
16142,0.4702857142857143,0,1,0,381477,224133,31708,76248,2.076151395012783,0.25383762621470735
16143,0.4703253968253968,0,1,0,381478,224132,31708,76248,2.0761421319796955,0.25383847126972503
16144,0.4703315018315018,0,1,0,381479,224131,31708,76248,2.076132868946608,0.2538393163303693
16145,0.4703333333333333,1,22,1,381501,224109,31709,76247,2.0759290822186816,0.2538554248957903
16146,0.4703333333333334,2,9,2,381510,224100,31711,76245,2.0758457149208938,0.2538580632272886
16147,0.4703571428571428,0,2,0,381512,224098,31711,76245,2.0758271888547184,0.253859753681624
16148,0.4703571428571429,0,3,0,381515,224095,31711,76245,2.075799399755456,0.2538622894053406
16149,0.4703787878787879,0,1,0,381516,224094,31711,76245,2.0757901367223686,0.25386313465783666
16150,0.4704047619047619,0,3,0,381519,224091,31711,76245,2.0757623476231055,0.253865670449097
16151,0.470404761904762,1,1,1,381520,224090,31712,76244,2.0757530845900183,0.2538640313783987
16152,0.4704166666666666,1,1,1,381521,224089,31713,76243,2.0757438215569306,0.2538623922858703
16153,0.4704166666666667,0,1,0,381522,224088,31713,76243,2.075734558523843,0.25386323756122414
16154,0.4704444444444444,0,1,0,381523,224087,31713,76243,2.0757252954907557,0.2538640828422069
16155,0.4704444444444445,0,1,0,381524,224086,31713,76243,2.075716032457668,0.2538649281288187
16156,0.4704523809523809,0,1,0,381525,224085,31713,76243,2.0757067694245803,0.25386577342105965
16157,0.4704545454545454,0,1,0,381526,224084,31713,76243,2.0756975063914926,0.2538666187189297
16158,0.4704761904761904,0,1,0,381527,224083,31713,76243,2.0756882433584054,0.25386746402242893
16159,0.4704761904761905,0,2,0,381529,224081,31713,76243,2.07566971729223,0.2538691546463153
16160,0.4704871794871795,0,1,0,381530,224080,31713,76243,2.075660454259143,0.2538699999667025
16161,0.4705,3,18,3,381548,224062,31716,76240,2.0754937196635668,0.2538777630518611
16162,0.4705238095238095,0,2,0,381550,224060,31716,76240,2.0754751935973914,0.2538794538794539
16163,0.4705357142857141,0,4,0,381554,224056,31716,76240,2.075438141465041,0.2538828356022058
16164,0.4705396825396825,0,1,0,381555,224055,31716,76240,2.075428878431954,0.25388368104697046
16165,0.470547619047619,0,1,0,381556,224054,31716,76240,2.075419615398866,0.2538845264973659
16166,0.4705476190476191,0,1,0,381557,224053,31716,76240,2.0754103523657785,0.25388537195339217
16167,0.4705595238095237,0,1,0,381558,224052,31716,76240,2.0754010893326913,0.25388621741504935
16168,0.4705714285714286,0,1,0,381559,224051,31716,76240,2.0753918262996036,0.2538870628823375
16169,0.4706190476190475,0,1,0,381560,224050,31716,76240,2.075382563266516,0.2538879083552566
16170,0.4706190476190477,0,1,0,381561,224049,31716,76240,2.0753733002334283,0.25388875383380677
16171,0.4706309523809523,0,1,0,381562,224048,31716,76240,2.075364037200341,0.25388959931798805
16172,0.4706666666666665,0,1,0,381563,224047,31716,76240,2.0753547741672533,0.25389044480780054
16173,0.4706666666666666,3,35,3,381598,224012,31719,76237,2.075030568009189,0.25391258588704707
16174,0.4706666666666667,1,12,1,381610,224000,31720,76236,2.074919411612138,0.25392024940380237
16175,0.4706904761904762,0,1,0,381611,223999,31720,76236,2.074910148579051,0.2539210951421387
16176,0.4707142857142857,2,11,2,381622,223988,31722,76234,2.0748082552150877,0.25392542851623134
16177,0.47075,0,1,0,381623,223987,31722,76234,2.074798992182,0.25392627431125736
16178,0.4707619047619047,1,1,1,381624,223986,31723,76233,2.0747897291489124,0.253924635016438
16179,0.4707857142857142,1,0,1,381624,223986,31724,76232,2.0747897291489124,0.2539221499044028
16180,0.4707857142857143,1,1,1,381625,223985,31725,76231,2.074780466115825,0.253920510565726
16181,0.4707936507936507,0,1,0,381626,223984,31725,76231,2.0747712030827374,0.25392135636127444
16182,0.470831612831613,0,3,0,381629,223981,31725,76231,2.074743413983475,0.2539238937817276
16183,0.4708333333333332,14,69,14,381698,223912,31739,76217,2.0741042647004333,0.2539474692548871
16184,0.4708333333333334,13,95,13,381793,223817,31752,76204,2.073224276557116,0.2539955536445782
16185,0.4708809523809523,0,2,0,381795,223815,31752,76204,2.0732057504909407,0.2539972468410334
16186,0.4708888888888888,0,1,0,381796,223814,31752,76204,2.073196487457853,0.25399809344772645
16187,0.4709047619047619,0,1,0,381797,223813,31752,76204,2.0731872244247658,0.25399894006006324
16188,0.4709166666666667,0,1,0,381798,223812,31752,76204,2.073177961391678,0.25399978667804385
16189,0.4709285714285715,0,1,0,381799,223811,31752,76204,2.0731686983585904,0.2540006333016683
16190,0.4709523809523809,0,8,0,381807,223803,31752,76204,2.0730945940938903,0.25400740649384845
16191,0.4709920634920634,0,1,0,381808,223802,31752,76204,2.0730853310608026,0.25400825316826997
16192,0.4709999999999999,2,4,2,381812,223798,31754,76202,2.0730482789284523,0.25400666666666666
16193,0.471,11,78,11,381890,223720,31765,76191,2.072325762347623,0.25404536679214834
16194,0.4710000000000001,0,5,0,381895,223715,31765,76191,2.0722794471821855,0.25404960220869205
16195,0.4710119047619048,0,1,0,381896,223714,31765,76191,2.072270184149098,0.2540504493089478
16196,0.4710238095238095,0,1,0,381897,223713,31765,76191,2.07226092111601,0.25405129641485275
16197,0.4710476190476192,0,1,0,381898,223712,31765,76191,2.072251658082923,0.25405214352640687
16198,0.471060606060606,0,1,0,381899,223711,31765,76191,2.072242395049835,0.25405299064361025
16199,0.4710714285714286,1,3,1,381902,223708,31766,76190,2.0722146059505726,0.2540530447018653
16200,0.4711111111111111,0,2,0,381904,223706,31766,76190,2.0721960798843972,0.2540547389761784
16201,0.4711111111111112,0,1,0,381905,223705,31766,76190,2.07218681685131,0.2540555861218093
16202,0.4711428571428571,0,1,0,381906,223704,31766,76190,2.0721775538182223,0.2540564332730898
16203,0.4711666666666666,0,1,0,381907,223703,31766,76190,2.0721682907851346,0.25405728043002
16204,0.4711666666666667,2,9,2,381916,223694,31768,76188,2.072084923487347,0.2540599302392274
16205,0.4711904761904762,1,2,1,381918,223692,31769,76187,2.0720663974211715,0.2540591371853314
16206,0.4712142857142856,0,1,0,381919,223691,31769,76187,2.0720571343880843,0.2540599843936534
16207,0.4712142857142857,0,1,0,381920,223690,31769,76187,2.0720478713549966,0.25406083160762577
16208,0.47125,0,3,0,381923,223687,31769,76187,2.072020082255734,0.2540633732834457
16209,0.4712619047619048,0,1,0,381924,223686,31769,76187,2.0720108192226463,0.25406422052002015
16210,0.4713095238095237,0,2,0,381926,223684,31769,76187,2.0719922931564714,0.25406591501012105
16211,0.4713333333333332,2,2,2,381928,223682,31771,76185,2.071973767090296,0.25406263443459937
16212,0.4713333333333333,4,22,4,381950,223660,31775,76181,2.0717699803623697,0.25407132446863506
16213,0.4713333333333334,0,7,0,381957,223653,31775,76181,2.071705139130757,0.25407725608169857
16214,0.4714166666666666,0,2,0,381959,223651,31775,76181,2.071686613064582,0.254078950879159
16215,0.4714285714285713,2,5,2,381964,223646,31777,76179,2.071640297899144,0.2540782122905028
16216,0.4714285714285715,2,2,2,381966,223644,31779,76177,2.071621771832969,0.25407493137572085
16217,0.4714682539682539,0,6,0,381972,223638,31779,76177,2.071566193634444,0.25408001600987273
16218,0.4714761904761904,0,1,0,381973,223637,31779,76177,2.071556930601356,0.2540808634686839
16219,0.4714761904761905,0,1,0,381974,223636,31779,76177,2.0715476675682685,0.25408171093314835
16220,0.4715,7,30,7,382004,223606,31786,76170,2.071269776575642,0.254089720324509
16221,0.4715238095238095,0,1,0,382005,223605,31786,76170,2.0712605135425544,0.2540905679259445
16222,0.4715317460317459,0,1,0,382006,223604,31786,76170,2.0712512505094667,0.2540914155330349
16223,0.471547619047619,0,2,0,382008,223602,31786,76170,2.0712327244432918,0.2540931107641808
16224,0.4715833333333334,1,0,1,382008,223602,31787,76169,2.0712327244432918,0.25409062250851483
16225,0.4716190476190476,0,1,0,382009,223601,31787,76169,2.071223461410204,0.25409147012709743
16226,0.4716262626262625,0,1,0,382010,223600,31787,76169,2.0712141983771164,0.2540923177513352
16227,0.4716666666666665,0,2,0,382012,223598,31787,76169,2.0711956723109415,0.25409401301677637
16228,0.4716666666666666,34,221,34,382233,223377,31821,76135,2.069148541998592,0.2541968268383237
16229,0.4716666666666667,24,171,24,382404,223206,31845,76111,2.0675645633406203,0.25428224925413523
16230,0.4716785714285713,1,2,1,382406,223204,31846,76110,2.067546037274445,0.2542814569315167
16231,0.4716904761904761,0,1,0,382407,223203,31846,76110,2.0675367742413577,0.2542823064818434
16232,0.4716904761904762,0,1,0,382408,223202,31846,76110,2.06752751120827,0.2542831560378468
16233,0.4717142857142857,0,2,0,382410,223200,31846,76110,2.067508985142095,0.2542848551668838
16234,0.4717499999999998,0,1,0,382411,223199,31846,76110,2.0674997221090075,0.25428570473991763
16235,0.4717499999999999,0,1,0,382412,223198,31846,76110,2.0674904590759198,0.2542865543186283
16236,0.4717683982683982,1,0,1,382412,223198,31847,76109,2.0674904590759198,0.25428406285185445
16237,0.4717777777777778,0,1,0,382413,223197,31847,76109,2.067481196042832,0.25428491243075646
16238,0.4717857142857143,0,2,0,382415,223195,31847,76109,2.067462669976657,0.25428661160559163
16239,0.4718095238095238,0,2,0,382417,223193,31847,76109,2.0674441439104823,0.2542883108031353
16240,0.4718333333333332,0,2,0,382419,223191,31847,76109,2.067425617844307,0.2542900100233879
16241,0.4718333333333333,0,8,0,382427,223183,31847,76109,2.0673515135796063,0.254296807131497
16242,0.4718333333333334,1,13,1,382440,223170,31848,76108,2.0672310941494683,0.2543053615701789
16243,0.4718888888888887,0,1,0,382441,223169,31848,76108,2.0672218311163806,0.2543062113025725
16244,0.4718888888888889,0,3,0,382444,223166,31848,76108,2.067194042017118,0.2543087605338252
16245,0.4719047619047618,0,1,0,382445,223165,31848,76108,2.0671847789840307,0.2543096102889335
16246,0.4719047619047619,0,5,0,382450,223160,31848,76108,2.067138463818593,0.2543138591496585
16247,0.471904761904762,0,2,0,382452,223158,31848,76108,2.067119937752418,0.25431555873370176
16248,0.4719444444444444,0,1,0,382453,223157,31848,76108,2.06711067471933,0.2543164085342422
16249,0.4719523809523809,0,1,0,382454,223156,31848,76108,2.0671014116862425,0.2543172583404619
16250,0.4719761904761905,0,1,0,382455,223155,31848,76108,2.067092148653155,0.25431810815236094
16251,0.4719848484848485,0,1,0,382456,223154,31848,76108,2.0670828856200676,0.25431895796993936
16252,0.472,13,68,13,382524,223086,31861,76095,2.0664529993701137,0.2543443601030814
16253,0.4720000000000001,0,1,0,382525,223085,31861,76095,2.066443736337026,0.2543452102413263
16254,0.4720238095238095,0,1,0,382526,223084,31861,76095,2.066434473303939,0.2543460603852543
16255,0.4720595238095239,1,0,1,382526,223084,31862,76094,2.066434473303939,0.25434356804310476
16256,0.4720833333333333,1,2,1,382528,223082,31863,76093,2.0664159472377635,0.25434277596724325
16257,0.472095238095238,0,1,0,382529,223081,31863,76093,2.0664066842046758,0.2543436261172428
16258,0.4721111111111111,0,3,0,382532,223078,31863,76093,2.066378895105413,0.25434617660134173
16259,0.4721190476190475,0,4,0,382536,223074,31863,76093,2.066341842973063,0.25434957732637625
16260,0.4721190476190476,0,1,0,382537,223073,31863,76093,2.0663325799399757,0.25435042752184406
16261,0.4721190476190477,0,1,0,382538,223072,31863,76093,2.066323316906888,0.25435127772299565
16262,0.4721212121212121,1,0,1,382538,223072,31864,76092,2.066323316906888,0.25434878528165156
16263,0.4721428571428571,0,4,0,382542,223068,31864,76092,2.0662862647745377,0.2543521861211392
16264,0.4721428571428572,1,0,1,382542,223068,31865,76091,2.0662862647745377,0.2543496936411741
16265,0.4721666666666666,0,6,0,382548,223062,31865,76091,2.0662306865760125,0.2543547950379906
16266,0.4721666666666667,1,5,1,382553,223057,31866,76090,2.0661843714105745,0.2543565538013084
16267,0.4721785714285714,0,1,0,382554,223056,31866,76090,2.0661751083774873,0.254357404076939
16268,0.4721904761904762,1,1,1,382555,223055,31867,76089,2.0661658453443996,0.254355761773594
16269,0.4721969696969696,0,1,0,382556,223054,31867,76089,2.066156582311312,0.25435661205510407
16270,0.4722222222222222,1,1,1,382557,223053,31868,76088,2.0661473192782243,0.25435496972999355
16271,0.4722380952380952,0,1,0,382558,223052,31868,76088,2.066138056245137,0.25435582001738316
16272,0.47225,0,2,0,382560,223050,31868,76088,2.0661195301789617,0.2543575206092171
16273,0.4722619047619047,0,1,0,382561,223049,31868,76088,2.0661102671458744,0.25435837091366165
16274,0.4722777777777778,0,1,0,382562,223048,31868,76088,2.0661010041127867,0.2543592212237912
16275,0.472324175824176,1,1,1,382563,223047,31869,76087,2.066091741079699,0.2543575788776936
16276,0.4723333333333332,0,13,0,382576,223034,31869,76087,2.065971321649561,0.2543686334292811
16277,0.4723333333333333,6,26,6,382602,223008,31875,76081,2.0657304827892844,0.25437578780897996
16278,0.4723333333333334,0,2,0,382604,223006,31875,76081,2.0657119567231095,0.25437748882432204
16279,0.4723809523809523,2,3,2,382607,223003,31877,76079,2.065684167623847,0.2543750543329254
16280,0.4723809523809524,1,2,1,382609,223001,31878,76078,2.0656656415576715,0.25437426231865157
16281,0.4724285714285715,0,2,0,382611,222999,31878,76078,2.0656471154914966,0.25437596338066787
16282,0.4724999999999999,2,9,2,382620,222990,31880,76076,2.0655637481937084,0.2543786321414002
16283,0.4725,48,375,48,382995,222615,31928,76028,2.0620901107858756,0.2545782087643106
16284,0.4725000000000001,1,14,1,383009,222601,31929,76027,2.06196042832265,0.2545876475079363
16285,0.4725119047619046,0,1,0,383010,222600,31929,76027,2.0619511652895626,0.2545885000351609
16286,0.4725119047619047,0,1,0,383011,222599,31929,76027,2.061941902256475,0.25458935256809523
16287,0.472547619047619,0,1,0,383012,222598,31929,76027,2.061932639223387,0.25459020510673924
16288,0.4725595238095239,0,2,0,383014,222596,31929,76027,2.0619141131572123,0.2545919102011566
16289,0.4725714285714285,0,2,0,383016,222594,31929,76027,2.061895587091037,0.2545936153184136
16290,0.4726031746031746,1,1,1,383017,222593,31930,76026,2.0618863240579497,0.25459197170977066
16291,0.4726190476190476,0,3,0,383020,222590,31930,76026,2.0618585349586867,0.2545945294290996
16292,0.4726666666666665,0,4,0,383024,222586,31930,76026,2.061821482826337,0.25459793980148154
16293,0.4726666666666667,10,39,10,383063,222547,31940,76016,2.061460224535922,0.25460623051081344
16294,0.4726904761904761,0,2,0,383065,222545,31940,76016,2.061441698469747,0.25460793606666643
16295,0.4726904761904762,0,5,0,383070,222540,31940,76016,2.0613953833043093,0.25461220005627083
16296,0.4727142857142856,0,2,0,383072,222538,31940,76016,2.061376857238134,0.2546139056921026
16297,0.4727272727272727,0,1,0,383073,222537,31940,76016,2.0613675942050467,0.254614758518588
16298,0.4727380952380952,0,3,0,383076,222534,31940,76016,2.0613398051057836,0.2546173170323229
16299,0.47275,1,4,1,383080,222530,31941,76015,2.061302752973434,0.25461823175735654
16300,0.4727777777777778,0,2,0,383082,222528,31941,76015,2.0612842269072584,0.2546199374964411
16301,0.4728095238095238,0,1,0,383083,222527,31941,76015,2.0612749638741708,0.25462079037455365
16302,0.4728168498168499,0,1,0,383084,222526,31941,76015,2.0612657008410835,0.25462164325837994
16303,0.4728214285714285,0,1,0,383085,222525,31941,76015,2.061256437807996,0.2546224961479199
16304,0.4728214285714286,0,4,0,383089,222521,31941,76015,2.0612193856756456,0.25462590776321786
16305,0.4728333333333331,0,1,0,383090,222520,31941,76015,2.061210122642558,0.25462676068132717
16306,0.4728333333333333,0,2,0,383092,222518,31941,76015,2.061191596576383,0.25462846653468796
16307,0.4728333333333334,0,6,0,383098,222512,31941,76015,2.0611360183778578,0.254633584231912
16308,0.4728571428571427,1,2,1,383100,222510,31942,76014,2.0611174923116824,0.2546327933432488
16309,0.4728571428571428,1,6,1,383106,222504,31943,76013,2.061061914113157,0.25463541439850995
16310,0.4728611111111111,0,1,0,383107,222503,31943,76013,2.0610526510800695,0.2546362674027523
16311,0.4728888888888889,0,1,0,383108,222502,31943,76013,2.0610433880469823,0.2546371204127096
16312,0.4729047619047619,0,1,0,383109,222501,31943,76013,2.0610341250138946,0.2546379734283819
16313,0.4729166666666667,0,1,0,383110,222500,31943,76013,2.061024861980807,0.2546388264497694
16314,0.4729285714285714,0,2,0,383112,222498,31943,76013,2.061006335914632,0.25464053250968977
16315,0.4729761904761904,0,1,0,383113,222497,31943,76013,2.0609970728815443,0.25464138554822285
16316,0.4729761904761905,0,1,0,383114,222496,31943,76013,2.0609878098484566,0.25464223859247126
16317,0.4729999999999999,1,0,1,383114,222496,31944,76012,2.0609878098484566,0.25463974164846503
16318,0.473,7,63,7,383177,222433,31951,76005,2.0604042387639407,0.2546760131082503
16319,0.4730238095238094,0,1,0,383178,222432,31951,76005,2.0603949757308535,0.25467686647433124
16320,0.473047619047619,1,1,1,383179,222431,31952,76004,2.060385712697766,0.2546752224102401
16321,0.4730555555555555,1,0,1,383179,222431,31953,76003,2.060385712697766,0.25467272495761206
16322,0.4730714285714286,0,1,0,383180,222430,31953,76003,2.060376449664678,0.25467357832411297
16323,0.4730833333333333,1,0,1,383180,222430,31954,76002,2.060376449664678,0.2546710808492387
16324,0.473095238095238,0,1,0,383181,222429,31954,76002,2.0603671866315905,0.2546719342159494
16325,0.4730952380952381,0,1,0,383182,222428,31954,76002,2.0603579235985032,0.2546727875883792
16326,0.4730952380952382,0,1,0,383183,222427,31954,76002,2.0603486605654155,0.25467364096652806
16327,0.4731190476190475,0,2,0,383185,222425,31954,76002,2.0603301344992406,0.2546753477399833
16328,0.4731428571428571,0,2,0,383187,222423,31954,76002,2.0603116084330653,0.2546770545363157
16329,0.4731666666666665,0,1,0,383188,222422,31954,76002,2.0603023453999776,0.2546779079430609
16330,0.4731666666666666,1,8,1,383196,222414,31955,76001,2.0602282411352775,0.25468223782316574
16331,0.4731666666666667,0,5,0,383201,222409,31955,76001,2.0601819259698395,0.2546865051439295
16332,0.4731746031746031,0,2,0,383203,222407,31955,76001,2.0601633999036646,0.2546882121122758
16333,0.4731904761904762,0,2,0,383205,222405,31955,76001,2.0601448738374892,0.2546899191035033
16334,0.4731944444444445,0,1,0,383206,222404,31955,76001,2.060135610804402,0.25469077260769757
16335,0.4732142857142856,0,1,0,383207,222403,31955,76001,2.0601263477713143,0.25469162611761237
16336,0.4732142857142857,0,3,0,383210,222400,31955,76001,2.0600985586720517,0.25469418668168003
16337,0.4732222222222222,0,1,0,383211,222399,31955,76001,2.060089295638964,0.2546950402144772
16338,0.4732380952380952,1,0,1,383211,222399,31956,76000,2.060089295638964,0.2546925425353302
16339,0.47325,0,1,0,383212,222398,31956,76000,2.0600800326058764,0.25469339606833824
16340,0.4732619047619048,0,1,0,383213,222397,31956,76000,2.060070769572789,0.2546942496070671
16341,0.4732857142857143,0,1,0,383214,222396,31956,76000,2.0600615065397014,0.2546951031515168
16342,0.4733095238095237,0,1,0,383215,222395,31956,76000,2.0600522435066138,0.2546959567016874
16343,0.4733333333333333,47,325,47,383540,222070,32003,75953,2.057041757753159,0.2548561688191851
16344,0.4733333333333334,61,379,61,383919,221691,32064,75892,2.0535310682129757,0.25502800899244915
16345,0.4733571428571428,0,4,0,383923,221687,32064,75892,2.0534940160806254,0.2550314370301668
16346,0.4733809523809523,0,1,0,383924,221686,32064,75892,2.0534847530475377,0.2550322940539959
16347,0.4734166666666666,0,1,0,383925,221685,32064,75892,2.0534754900144505,0.2550331510835851
16348,0.4734285714285714,0,1,0,383926,221684,32064,75892,2.053466226981363,0.25503400811893434
16349,0.4734469696969696,1,0,1,383926,221684,32065,75891,2.053466226981363,0.2550315046626901
16350,0.4734523809523809,1,2,1,383928,221682,32066,75890,2.0534477009151875,0.2550307152554676
16351,0.4734545454545455,0,1,0,383929,221681,32066,75890,2.0534384378821002,0.2550315722970316
16352,0.4734761904761905,0,1,0,383930,221680,32066,75890,2.0534291748490126,0.25503242934435594
16353,0.4734999999999999,0,4,0,383934,221676,32066,75890,2.0533921227166623,0.2550358575912571
16354,0.4735,4,22,4,383956,221654,32070,75886,2.053188335988736,0.25504469987228606
16355,0.4735238095238095,1,0,1,383956,221654,32071,75885,2.053188335988736,0.25504219614907625
16356,0.4735357142857143,1,0,1,383956,221654,32072,75884,2.053188335988736,0.25503969240903684
16357,0.473547619047619,0,1,0,383957,221653,32072,75884,2.0531790729556487,0.25504054957870786
16358,0.4735555555555554,0,1,0,383958,221652,32072,75884,2.053169809922561,0.25504140675414066
16359,0.4735714285714285,0,3,0,383961,221649,32072,75884,2.0531420208232984,0.2550439783150104
16360,0.4735714285714286,0,3,0,383964,221646,32072,75884,2.053114231724036,0.2550465499277384
16361,0.4736190476190476,0,1,0,383965,221645,32072,75884,2.053104968690948,0.2550474071435053
16362,0.4736309523809523,1,5,1,383970,221640,32073,75883,2.05305865352551,0.2550491894744272
16363,0.4736388888888889,0,1,0,383971,221639,32073,75883,2.053049390492423,0.2550500467192342
16364,0.4736428571428572,0,1,0,383972,221638,32073,75883,2.0530401274593353,0.2550509039698038
16365,0.4736547619047618,0,1,0,383973,221637,32073,75883,2.0530308644262476,0.25505176122613604
16366,0.4736666666666666,0,5,0,383978,221632,32073,75883,2.05298454926081,0.25505604759423894
16367,0.4736666666666667,3,25,3,384003,221607,32076,75880,2.052752973433621,0.2550699694440429
16368,0.4737261904761905,0,1,0,384004,221606,32076,75880,2.0527437104005335,0.2550708268624406
16369,0.47375,1,11,1,384015,221595,32077,75879,2.0526418170365703,0.2550777546945279
16370,0.4737777777777777,0,2,0,384017,221593,32077,75879,2.0526232909703954,0.2550794696643718
16371,0.4737857142857142,0,1,0,384018,221592,32077,75879,2.0526140279373077,0.25508032715794143
16372,0.4737857142857143,0,1,0,384019,221591,32077,75879,2.05260476490422,0.25508118465727636
16373,0.4737878787878788,0,1,0,384020,221590,32077,75879,2.052595501871133,0.25508204216237657
16374,0.4738095238095238,1,6,1,384026,221584,32078,75878,2.052539923672607,0.2550846830855706
16375,0.4738333333333333,1,7,1,384033,221577,32079,75877,2.0524750824409943,0.25508818170204467
16376,0.4738333333333334,0,1,0,384034,221576,32079,75877,2.052465819407907,0.25508903927679333
16377,0.4738690476190477,0,1,0,384035,221575,32079,75877,2.0524565563748194,0.2550898968573081
16378,0.4738809523809524,0,1,0,384036,221574,32079,75877,2.0524472933417317,0.25509075444358903
16379,0.4738888888888888,0,1,0,384037,221573,32079,75877,2.0524380303086445,0.25509161203563624
16380,0.4738888888888889,0,3,0,384040,221570,32079,75877,2.0524102412093814,0.25509418484637597
16381,0.4739047619047619,0,1,0,384041,221569,32079,75877,2.052400978176294,0.2550950424614888
16382,0.4739166666666666,0,1,0,384042,221568,32079,75877,2.0523917151432065,0.25509590008236815
16383,0.4739285714285713,0,2,0,384044,221566,32079,75877,2.0523731890770316,0.2550976153414268
16384,0.4739285714285715,1,2,1,384046,221564,32080,75876,2.0523546630108562,0.2550968262506724
16385,0.4739523809523809,1,1,1,384047,221563,32081,75875,2.0523453999777685,0.2550951794995932
16386,0.4739920634920635,0,2,0,384049,221561,32081,75875,2.0523268739115936,0.2550968947941742
16387,0.4739999999999999,1,1,1,384050,221560,32082,75874,2.052317610878506,0.2550952480214098
16388,0.474,20,121,20,384171,221439,32102,75854,2.051196783874912,0.25514896078952415
16389,0.4740000000000001,0,1,0,384172,221438,32102,75854,2.0511875208418244,0.25514981903313916
16390,0.474047619047619,0,8,0,384180,221430,32102,75854,2.051113416577124,0.2551566851899194
16391,0.4740641025641025,1,0,1,384180,221430,32103,75853,2.051113416577124,0.2551541796873686
16392,0.4740674603174602,0,1,0,384181,221429,32103,75853,2.0511041535440366,0.2551550379774087
16393,0.4740714285714286,1,0,1,384181,221429,32104,75852,2.0511041535440366,0.2551525324524608
16394,0.4741031746031746,0,2,0,384183,221427,32104,75852,2.0510856274778613,0.25515424903878176
16395,0.4741269841269841,0,1,0,384184,221426,32104,75852,2.0510763644447736,0.25515510734060376
16396,0.474136197136197,1,3,1,384187,221423,32105,75851,2.051048575345511,0.25515517670566545
16397,0.4741666666666665,0,1,0,384188,221422,32105,75851,2.0510393123124238,0.2551560350250443
16398,0.4741666666666666,13,68,13,384256,221354,32118,75838,2.05040942606247,0.2551818353118523
16399,0.4741666666666667,14,74,14,384330,221280,32132,75824,2.049723961613991,0.255210296731111
16400,0.4741904761904761,0,1,0,384331,221279,32132,75824,2.049714698580903,0.2552111557271384
16401,0.4742142857142856,0,1,0,384332,221278,32132,75824,2.049705435547816,0.25521201472894833
16402,0.4742158119658118,0,1,0,384333,221277,32132,75824,2.0496961725147282,0.2552128737365408
16403,0.4742619047619048,0,2,0,384335,221275,32132,75824,2.0496776464485533,0.25521459176907363
16404,0.4742777777777778,0,3,0,384338,221272,32132,75824,2.0496498573492903,0.2552171688612435
16405,0.4742857142857143,1,11,1,384349,221261,32133,75823,2.0495479639853276,0.2552241116990481
16406,0.4743037518037517,1,0,1,384349,221261,32134,75822,2.0495479639853276,0.2552216047367234
16407,0.4743095238095238,0,1,0,384350,221260,32134,75822,2.04953870095224,0.25522246383153474
16408,0.4743253968253968,1,1,1,384351,221259,32135,75821,2.049529437919152,0.2552208159418338
16409,0.4743333333333333,0,15,0,384366,221244,32135,75821,2.0493904924228388,0.2552337030616195
16410,0.4743333333333334,1,27,1,384393,221217,32136,75820,2.049140390529475,0.255254395917007
16411,0.4743571428571429,0,2,0,384395,221215,32136,75820,2.0491218644633,0.25525611459928965
16412,0.4743928571428571,0,1,0,384396,221214,32136,75820,2.0491126014302123,0.2552569739491102
16413,0.4743928571428572,0,4,0,384400,221210,32136,75820,2.049075549297862,0.25526041140625527
16414,0.4743968253968254,0,2,0,384402,221208,32136,75820,2.049057023231687,0.2552621301695463
16415,0.4744047619047619,0,1,0,384403,221207,32136,75820,2.0490477601985995,0.25526298955987164
16416,0.4744444444444444,0,2,0,384405,221205,32136,75820,2.049029234132424,0.25526470835788234
16417,0.4744523809523809,0,1,0,384406,221204,32136,75820,2.049019971099337,0.25526556776556775
16418,0.4744761904761904,0,1,0,384407,221203,32136,75820,2.049010708066249,0.25526642717904
16419,0.4744789377289377,0,1,0,384408,221202,32136,75820,2.0490014450331615,0.2552672865982991
16420,0.4744880952380952,0,1,0,384409,221201,32136,75820,2.0489921820000743,0.25526814602334513
16421,0.4745,5,17,5,384426,221184,32141,75815,2.0488347104375855,0.2552702197650497
16422,0.4745000000000001,0,1,0,384427,221183,32141,75815,2.0488254474044982,0.25527107926652703
16423,0.4745238095238095,0,8,0,384435,221175,32141,75815,2.0487513431397977,0.2552779554867167
16424,0.4745714285714285,0,2,0,384437,221173,32141,75815,2.0487328170736228,0.2552796745996471
16425,0.4745833333333333,1,0,1,384437,221173,32142,75814,2.0487328170736228,0.2552771670140444
16426,0.4745833333333334,0,1,0,384438,221172,32142,75814,2.048723554040535,0.2552780265736432
16427,0.474595238095238,0,1,0,384439,221171,32142,75814,2.0487142910074474,0.2552788861390306
16428,0.4746190476190476,0,2,0,384441,221169,32142,75814,2.0486957649412725,0.25528060528717134
16429,0.4746309523809524,0,1,0,384442,221168,32142,75814,2.048686501908185,0.25528146486992476
16430,0.4746428571428571,0,1,0,384443,221167,32142,75814,2.048677238875097,0.25528232445846705
16431,0.4746428571428572,0,2,0,384445,221165,32142,75814,2.048658712808922,0.25528404365291824
16432,0.4746547619047618,0,3,0,384448,221162,32142,75814,2.0486309237096596,0.2552866224880125
16433,0.4746666666666666,1,14,1,384462,221148,32143,75813,2.048501241246434,0.2552961499994949
16434,0.4746666666666667,4,25,4,384487,221123,32147,75809,2.048269665419245,0.255307612517344
16435,0.4746785714285715,0,1,0,384488,221122,32147,75809,2.0482604023861573,0.2553084723386915
16436,0.4746904761904763,0,1,0,384489,221121,32147,75809,2.0482511393530696,0.25530933216583035
16437,0.4746984126984126,1,0,1,384489,221121,32148,75808,2.0482511393530696,0.25530682419029466
16438,0.4747023809523809,1,2,1,384491,221119,32149,75807,2.0482326132868947,0.2553060358473155
16439,0.4747142857142857,0,2,0,384493,221117,32149,75807,2.0482140872207197,0.255307755519931
16440,0.4747380952380952,0,1,0,384494,221116,32149,75807,2.048204824187632,0.2553086153649263
16441,0.4747499999999999,0,3,0,384497,221113,32149,75807,2.0481770350883695,0.25531119493466253
16442,0.4747619047619047,1,2,1,384499,221111,32150,75806,2.048158509022194,0.2553104066119488
16443,0.4747619047619048,1,2,1,384501,221109,32151,75805,2.048139982956019,0.25530961827330473
16444,0.4748095238095239,0,1,0,384502,221108,32151,75805,2.0481307199229315,0.2553104781535332
16445,0.4748333333333333,3,12,3,384514,221096,32154,75802,2.048019563525881,0.255313272571725
16446,0.4748809523809524,0,1,0,384515,221095,32154,75802,2.0480103004927934,0.2553141325106013
16447,0.4749166666666666,0,1,0,384516,221094,32154,75802,2.0480010374597057,0.2553149924552705
16448,0.4749523809523809,0,1,0,384517,221093,32154,75802,2.047991774426618,0.2553158524057327
16449,0.4749642857142857,0,2,0,384519,221091,32154,75802,2.047973248360443,0.25531757232403596
16450,0.4749772727272727,0,1,0,384520,221090,32154,75802,2.0479639853273555,0.2553184322918772
16451,0.4749999999999999,7,18,7,384538,221072,32161,75795,2.0477972507317794,0.25531635378805995
16452,0.475,182,1200,182,385738,219872,32343,75613,2.0366816110267147,0.255894546254463
16453,0.4750000000000001,9,35,9,385773,219837,32352,75604,2.0363574048686504,0.2559021936698021
16454,0.475047619047619,0,2,0,385775,219835,32352,75604,2.036338878802475,0.2559039260219538
16455,0.4750555555555556,1,0,1,385775,219835,32353,75603,2.036338878802475,0.25590140740189143
16456,0.4750952380952381,0,1,0,385776,219834,32353,75603,2.0363296157693873,0.25590227358116957
16457,0.4751190476190476,1,2,1,385778,219832,32354,75602,2.0363110897032124,0.25590148730342477
16458,0.4751428571428571,0,2,0,385780,219830,32354,75602,2.0362925636370375,0.2559032196918411
16459,0.4751587301587301,1,1,1,385781,219829,32355,75601,2.03628330060395,0.2559015672071218
16460,0.4751666666666665,0,2,0,385783,219827,32355,75601,2.0362647745377744,0.25590329961953506
16461,0.4751666666666667,0,12,0,385795,219815,32355,75601,2.036153618140724,0.25591369458661684
16462,0.4751904761904761,1,1,1,385796,219814,32356,75600,2.0361443551076364,0.2559120420833136
16463,0.4752222222222222,0,1,0,385797,219813,32356,75600,2.0361350920745487,0.2559129083689614
16464,0.4752857142857143,0,1,0,385798,219812,32356,75600,2.0361258290414614,0.25591377466047416
16465,0.4752857142857145,0,1,0,385799,219811,32356,75600,2.0361165660083738,0.25591464095785194
16466,0.4753095238095238,0,2,0,385801,219809,32356,75600,2.036098039942199,0.2559163735702027
16467,0.4753174603174603,0,1,0,385802,219808,32356,75600,2.036088776909111,0.2559172398851758
16468,0.4753333333333332,0,3,0,385805,219805,32356,75600,2.0360609878098486,0.25591983886528663
16469,0.4753333333333333,5,14,5,385819,219791,32361,75595,2.035931305346623,0.25591937329460435
16470,0.4753333333333334,2,15,2,385834,219776,32363,75593,2.0357923598503094,0.2559273315750807
16471,0.4753381895881896,0,1,0,385835,219775,32363,75593,2.0357830968172217,0.2559281980444733
16472,0.4753571428571428,1,4,1,385839,219771,32364,75592,2.0357460446848714,0.2559291448150242
16473,0.4754166666666666,1,4,1,385843,219767,32365,75591,2.0357089925525216,0.25593009161763014
16474,0.4754166666666667,1,1,1,385844,219766,32366,75590,2.035699729519434,0.2559284389008519
16475,0.4754285714285714,1,2,1,385846,219764,32367,75589,2.0356812034532585,0.25592765267324186
16476,0.4754761904761904,0,1,0,385847,219763,32367,75589,2.0356719404201713,0.2559285191906606
16477,0.4754761904761905,1,1,1,385848,219762,32368,75588,2.0356626773870836,0.2559268664296597
16478,0.4754999999999999,1,1,1,385849,219761,32369,75587,2.035653414353996,0.2559252136462749
16479,0.4755,2,18,2,385867,219743,32371,75585,2.03548667975842,0.25593577310651205
16480,0.4755238095238095,1,5,1,385872,219738,32372,75584,2.0354403645929824,0.25593758676969547
16481,0.4755555555555555,0,2,0,385874,219736,32372,75584,2.035421838526807,0.25593932005959635
16482,0.4755952380952381,0,3,0,385877,219733,32372,75584,2.0353940494275444,0.25594192003846716
16483,0.4756111111111111,1,0,1,385877,219733,32373,75583,2.0353940494275444,0.255939400506576
16484,0.4756190476190476,0,1,0,385878,219732,32373,75583,2.035384786394457,0.2559402671723414
16485,0.4756666666666666,1,31,1,385909,219701,32374,75582,2.0350976323687426,0.2559646169945442
16486,0.4756666666666667,1,9,1,385918,219692,32375,75581,2.035014265070955,0.25596989904258094
16487,0.4756666666666668,0,2,0,385920,219690,32375,75581,2.03499573900478,0.2559716328389852
16488,0.4756944444444445,1,0,1,385920,219690,32376,75580,2.03499573900478,0.2559691130152064
16489,0.4757142857142857,3,9,3,385929,219681,32379,75577,2.0349123717069917,0.2559693556144118
16490,0.4757380952380952,0,1,0,385930,219680,32379,75577,2.034903108673904,0.2559702225518785
16491,0.4757738095238095,0,1,0,385931,219679,32379,75577,2.0348938456408168,0.2559710894952177
16492,0.4757857142857142,0,1,0,385932,219678,32379,75577,2.034884582607729,0.2559719564444294
16493,0.4757857142857143,0,1,0,385933,219677,32379,75577,2.0348753195746414,0.25597282339951366
16494,0.475810606060606,0,1,0,385934,219676,32379,75577,2.034866056541554,0.2559736903604705
16495,0.4758333333333332,0,2,0,385936,219674,32379,75577,2.034847530475379,0.25597542430000236
16496,0.4758333333333333,27,138,27,386074,219536,32406,75550,2.033569231909296,0.25602705651911645
16497,0.4758333333333334,0,2,0,386076,219534,32406,75550,2.0335507058431213,0.2560287918016565
16498,0.4758809523809523,0,1,0,386077,219533,32406,75550,2.0335414428100336,0.2560296594517475
16499,0.4758809523809524,1,0,1,386077,219533,32407,75549,2.0335414428100336,0.25602713821920686
16500,0.4759047619047619,1,0,1,386077,219533,32408,75548,2.0335414428100336,0.25602461696957785
16501,0.4759523809523809,0,2,0,386079,219531,32408,75548,2.0335229167438587,0.25602635226498666
16502,0.4759642857142857,0,1,0,386080,219530,32408,75548,2.033513653710771,0.2560272199215123
16503,0.4759999999999999,1,7,1,386087,219523,32409,75547,2.033448812479158,0.2560307723591012
16504,0.476,28,132,28,386219,219391,32437,75519,2.032226092111601,0.256074734664813
16505,0.4760000000000001,0,3,0,386222,219388,32437,75519,2.0321983030123385,0.2560773396358852
16506,0.4760476190476191,0,4,0,386226,219384,32437,75519,2.0321612508799882,0.25608081301309243
16507,0.4760595238095238,0,1,0,386227,219383,32437,75519,2.0321519878469005,0.25608168137211684
16508,0.4760714285714285,1,0,1,386227,219383,32438,75518,2.0321519878469005,0.2560791587685359
16509,0.4761111111111111,0,3,0,386230,219380,32438,75518,2.032124198747638,0.25608176386411574
16510,0.4761428571428571,0,1,0,386231,219379,32438,75518,2.0321149357145503,0.25608263224108757
16511,0.4761666666666666,1,2,1,386233,219377,32439,75517,2.0320964096483753,0.2560818463583525
16512,0.4761666666666667,1,5,1,386238,219372,32440,75516,2.0320500944829374,0.25608366566289575
16513,0.4761904761904761,0,1,0,386239,219371,32440,75516,2.03204083144985,0.2560845340757646
16514,0.4761904761904762,3,5,3,386244,219366,32443,75513,2.031994516284412,0.25608130792630196
16515,0.4762142857142856,0,1,0,386245,219365,32443,75513,2.0319852532513245,0.2560821763576801
16516,0.4762222222222222,0,1,0,386246,219364,32443,75513,2.0319759902182373,0.2560830447949484
16517,0.47625,2,4,2,386250,219360,32445,75511,2.031938938085887,0.25608147291527483
16518,0.4762857142857142,1,0,1,386250,219360,32446,75510,2.031938938085887,0.2560789500457829
16519,0.4762857142857143,0,3,0,386253,219357,32446,75510,2.0319111489866244,0.25608155541311844
16520,0.4762922910422908,1,3,1,386256,219354,32447,75509,2.0318833598873614,0.2560816379132004
16521,0.4763041125541127,1,3,1,386259,219351,32448,75508,2.0318555707880988,0.25608172041552063
16522,0.4763095238095238,0,3,0,386262,219348,32448,75508,2.031827781688836,0.25608432590823993
16523,0.4763333333333333,0,18,0,386280,219330,32448,75508,2.03166104709326,0.2560999599780218
16524,0.4763333333333334,0,6,0,386286,219324,32448,75508,2.031605468894735,0.25610517175883213
16525,0.4763571428571428,0,1,0,386287,219323,32448,75508,2.0315962058616472,0.25610604040959056
16526,0.4763809523809524,0,1,0,386288,219322,32448,75508,2.03158694282856,0.25610690906624156
16527,0.476392857142857,0,2,0,386290,219320,32448,75508,2.0315684167623846,0.2561086463972214
16528,0.4764166666666666,1,1,1,386291,219319,32449,75507,2.031559153729297,0.2561069919206583
16529,0.4764285714285713,1,5,1,386296,219314,32450,75506,2.0315128385638594,0.2561088121565701
16530,0.4764285714285715,1,3,1,386299,219311,32451,75505,2.031485049464597,0.2561088950396179
16531,0.476452380952381,1,1,1,386300,219310,32452,75504,2.031475786431509,0.25610724049739836
16532,0.4765,6,36,6,386336,219274,32458,75498,2.031142317240357,0.25612337671149227
16533,0.4765151515151515,0,1,0,386337,219273,32458,75498,2.0311330542072694,0.2561242456008223
16534,0.4765238095238094,0,1,0,386338,219272,32458,75498,2.031123791174182,0.25612511449604775
16535,0.4765555555555555,0,1,0,386339,219271,32458,75498,2.0311145281410945,0.25612598339716863
16536,0.4765714285714285,0,1,0,386340,219270,32458,75498,2.031105265108007,0.25612685230418497
16537,0.4766071428571428,0,1,0,386341,219269,32458,75498,2.0310960020749196,0.25612772121709687
16538,0.4766190476190476,1,0,1,386341,219269,32459,75497,2.0310960020749196,0.25612519761437885
16539,0.4766428571428572,0,2,0,386343,219267,32459,75497,2.031077476008744,0.25612693544666243
16540,0.4766547619047619,0,1,0,386344,219266,32459,75497,2.0310682129756565,0.2561278043716477
16541,0.4766666666666665,1,5,1,386349,219261,32460,75496,2.031021897810219,0.2561296254202614
16542,0.4766666666666666,63,406,63,386755,218855,32523,75433,2.027261106376672,0.2563237372913608
16543,0.4766666666666667,45,306,45,387061,218549,32568,75388,2.0244266182518804,0.25647672800634147
16544,0.4766666666666668,0,1,0,387062,218548,32568,75388,2.0244173552187927,0.25647760056610963
16545,0.4766904761904761,0,1,0,387063,218547,32568,75388,2.0244080921857055,0.2564784731318149
16546,0.4767142857142857,0,1,0,387064,218546,32568,75388,2.024398829152618,0.25647934570345726
16547,0.4767380952380952,0,3,0,387067,218543,32568,75388,2.024371040053355,0.2564819634540079
16548,0.4767499999999999,1,0,1,387067,218543,32569,75387,2.024371040053355,0.25647943387881467
16549,0.4767777777777776,0,1,0,387068,218542,32569,75387,2.0243617770202675,0.25648030646856895
16550,0.4767857142857143,0,4,0,387072,218538,32569,75387,2.0243247248879173,0.25648379688696094
16551,0.4768095238095238,0,1,0,387073,218537,32569,75387,2.0243154618548296,0.25648466950640303
16552,0.4768333333333332,0,1,0,387074,218536,32569,75387,2.0243061988217423,0.2564855421317828
16553,0.4768333333333333,3,4,3,387078,218532,32572,75384,2.024269146689392,0.25648144367778547
16554,0.4768333333333334,1,10,1,387088,218522,32573,75383,2.0241765163585166,0.2564876405641279
16555,0.476845238095238,0,1,0,387089,218521,32573,75383,2.024167253325429,0.25648851325602917
16556,0.4768571428571428,0,3,0,387092,218518,32573,75383,2.0241394642261663,0.2564911313673652
16557,0.4768690476190476,0,2,0,387094,218516,32573,75383,2.024120938159991,0.2564928768046166
16558,0.4768809523809523,0,2,0,387096,218514,32573,75383,2.024102412093816,0.2564946222656237
16559,0.4768888888888888,0,1,0,387097,218513,32573,75383,2.0240931490607283,0.25649549500503577
16560,0.4769047619047619,1,1,1,387098,218512,32574,75382,2.024083886027641,0.2564938379143501
16561,0.4769523809523809,0,2,0,387100,218510,32574,75382,2.0240653599614657,0.2564955834115934
16562,0.4769761904761904,0,1,0,387101,218509,32574,75382,2.024056096928378,0.2564964561691239
16563,0.4769841269841269,0,1,0,387102,218508,32574,75382,2.024046833895291,0.2564973289325938
16564,0.477,6,53,6,387155,218455,32580,75376,2.0235558931416504,0.2565284125909111
16565,0.4770000000000001,0,1,0,387156,218454,32580,75376,2.0235466301085627,0.25652928564135724
16566,0.4770238095238095,0,3,0,387159,218451,32580,75376,2.0235188410093,0.25653190482835136
16567,0.4770476190476191,0,2,0,387161,218449,32580,75376,2.0235003149431248,0.2565336509827278
16568,0.4770714285714285,0,1,0,387162,218448,32580,75376,2.0234910519100375,0.2565345240688303
16569,0.4770833333333333,0,6,0,387168,218442,32580,75376,2.023435473711512,0.2565397627102492
16570,0.4771071428571427,0,1,0,387169,218441,32580,75376,2.0234262106784247,0.25654063583795356
16571,0.4771428571428571,5,8,5,387177,218433,32585,75371,2.023352106413724,0.25653496889082517
16572,0.4771666666666666,2,2,2,387179,218431,32587,75369,2.023333580347549,0.25653165418652146
16573,0.4771666666666667,0,15,0,387194,218416,32587,75369,2.0231946348512357,0.25654475211464167
16574,0.4771703296703298,0,3,0,387197,218413,32587,75369,2.023166845751973,0.2565473718607675
16575,0.4772380952380953,0,1,0,387198,218412,32587,75369,2.0231575827188855,0.2565482451213659
16576,0.47725,1,1,1,387199,218411,32588,75368,2.023148319685798,0.25654658774112515
16577,0.4772619047619047,0,1,0,387200,218410,32588,75368,2.0231390566527105,0.256547461007972
16578,0.4772777777777777,1,2,1,387202,218408,32589,75367,2.023120530586535,0.25654667687856353
16579,0.4773015873015873,1,1,1,387203,218407,32590,75366,2.0231112675534475,0.25654501945379593
16580,0.4773095238095238,0,1,0,387204,218406,32590,75366,2.0231020045203603,0.25654589273314
16581,0.4773214285714285,0,1,0,387205,218405,32590,75366,2.0230927414872726,0.2565467660184293
16582,0.4773333333333333,10,49,10,387254,218356,32600,75356,2.0226388528659824,0.2565642534183145
16583,0.4773452380952381,0,1,0,387255,218355,32600,75356,2.0226295898328948,0.2565651269445135
16584,0.4773571428571428,0,1,0,387256,218354,32600,75356,2.0226203267998075,0.25656600047666067
16585,0.4773809523809523,1,0,1,387256,218354,32601,75355,2.0226203267998075,0.2565634692842235
16586,0.4773809523809524,0,2,0,387258,218352,32601,75355,2.022601800733632,0.25656521635507495
16587,0.4773888888888888,0,1,0,387259,218351,32601,75355,2.0225925377005445,0.25656608989942326
16588,0.4774094794094794,0,2,0,387261,218349,32601,75355,2.0225740116343696,0.2565678370059652
16589,0.4774166666666666,0,2,0,387263,218347,32601,75355,2.0225554855681946,0.25656958413630143
16590,0.4774285714285715,0,1,0,387264,218346,32601,75355,2.022546222535107,0.25657045771039255
16591,0.4774523809523809,2,0,2,387264,218346,32603,75353,2.022546222535107,0.2565653951835042
16592,0.4774761904761904,1,0,1,387264,218346,32604,75352,2.022546222535107,0.25656286389420424
16593,0.4774772727272727,1,0,1,387264,218346,32605,75351,2.022546222535107,0.25656033258766686
16594,0.4774999999999999,2,13,2,387277,218333,32607,75349,2.022425803104969,0.2565666264871528
16595,0.4775,60,317,60,387594,218016,32667,75289,2.019489421616214,0.25669183955268404
16596,0.4775000000000001,0,8,0,387602,218008,32667,75289,2.0194153173515135,0.25669884110645524
16597,0.4775238095238095,1,0,1,387602,218008,32668,75288,2.0194153173515135,0.25669630680268396
16598,0.477547619047619,1,1,1,387603,218007,32669,75287,2.0194060543184262,0.256694647691395
16599,0.4775555555555556,0,1,0,387604,218006,32669,75287,2.0193967912853386,0.256695522907127
16600,0.4775714285714285,0,2,0,387606,218004,32669,75287,2.019378265219163,0.2566972733564958
16601,0.4775912698412698,0,1,0,387607,218003,32669,75287,2.019369002186076,0.2566981485901326
16602,0.4775952380952381,0,1,0,387608,218002,32669,75287,2.0193597391529883,0.2566990238297379
16603,0.4776190476190476,1,10,1,387618,217992,32670,75286,2.019267108822113,0.25670524212521906
16604,0.4776666666666666,0,1,0,387619,217991,32670,75286,2.019257845789025,0.25670611742482363
16605,0.4776666666666667,4,37,4,387656,217954,32674,75282,2.018915113564786,0.25672836895879086
16606,0.4776785714285714,0,1,0,387657,217953,32674,75282,2.018905850531698,0.25672924446263234
16607,0.4776904761904761,0,1,0,387658,217952,32674,75282,2.0188965874986105,0.2567301199724452
16608,0.4777142857142857,1,0,1,387658,217952,32675,75281,2.0188965874986105,0.25672758523085737
16609,0.4777380952380952,1,1,1,387659,217951,32676,75280,2.0188873244655228,0.2567259259764486
16610,0.47775,0,1,0,387660,217950,32676,75280,2.0188780614324355,0.2567268014868874
16611,0.4777777777777778,0,4,0,387664,217946,32676,75280,2.0188410093000853,0.25673030358835847
16612,0.4777857142857142,0,1,0,387665,217945,32676,75280,2.0188317462669976,0.25673117912865545
16613,0.4778002136752136,0,1,0,387666,217944,32676,75280,2.01882248323391,0.25673205467492427
16614,0.4778021978021978,0,1,0,387667,217943,32676,75280,2.0188132202008227,0.256732930227165
16615,0.4778095238095238,1,1,1,387668,217942,32677,75279,2.018803957167735,0.25673127095262616
16616,0.477829365079365,1,0,1,387668,217942,32678,75278,2.018803957167735,0.25672873610258506
16617,0.4778333333333332,0,2,0,387670,217940,32678,75278,2.01878543110156,0.2567304872142911
16618,0.4778333333333333,0,4,0,387674,217936,32678,75278,2.01874837896921,0.2567339895093686
16619,0.4778333333333334,0,2,0,387676,217934,32678,75278,2.0187298529030344,0.2567357406927411
16620,0.4778571428571428,0,2,0,387678,217932,32678,75278,2.0187113268368595,0.2567374919000034
16621,0.4779166666666666,0,2,0,387680,217930,32678,75278,2.018692800770684,0.25673924313115604
16622,0.477936951936952,0,1,0,387681,217929,32678,75278,2.018683537737597,0.25674011875569136
16623,0.4779523809523809,0,1,0,387682,217928,32678,75278,2.018674274704509,0.25674099438619946
16624,0.4779761904761904,0,1,0,387683,217927,32678,75278,2.0186650116714215,0.2567418700226804
16625,0.4779761904761905,0,1,0,387684,217926,32678,75278,2.0186557486383343,0.25674274566513416
16626,0.478,20,88,20,387772,217838,32698,75258,2.0178406017266295,0.2567691131915823
16627,0.4780238095238094,0,2,0,387774,217836,32698,75258,2.017822075660454,0.25677086531965854
16628,0.4780595238095238,0,1,0,387775,217835,32698,75258,2.017812812627367,0.2567717413926638
16629,0.4780714285714286,1,1,1,387776,217834,32699,75257,2.017803549594279,0.256770081646997
16630,0.4780952380952381,0,1,0,387777,217833,32699,75257,2.0177942865611915,0.25677095772629566
16631,0.4780952380952382,0,1,0,387778,217832,32699,75257,2.017785023528104,0.2567718338115726
16632,0.4781190476190475,0,1,0,387779,217831,32699,75257,2.0177757604950166,0.2567727099028278
16633,0.4781428571428571,0,1,0,387780,217830,32699,75257,2.017766497461929,0.2567735860000614
16634,0.4781547619047619,1,1,1,387781,217829,32700,75256,2.0177572344288413,0.2567719262330041
16635,0.4781666666666666,1,10,1,387791,217819,32701,75255,2.0176646040979658,0.256778151593113
16636,0.4781666666666667,0,4,0,387795,217815,32701,75255,2.0176275519656155,0.2567816562595967
16637,0.4781666666666668,0,2,0,387797,217813,32701,75255,2.0176090258994406,0.2567834086287142
16638,0.4782103174603174,0,3,0,387800,217810,32701,75255,2.017581236800178,0.25678603722723625
16639,0.4782142857142857,0,5,0,387805,217805,32701,75255,2.01753492163474,0.25679041834436633
16640,0.47825,2,0,2,387805,217805,32703,75253,2.01753492163474,0.2567853462454531
16641,0.4782857142857143,0,3,0,387808,217802,32703,75253,2.0175071325354774,0.256787974953507
16642,0.4783333333333332,0,2,0,387810,217800,32703,75253,2.0174886064693025,0.2567897274554432
16643,0.4783333333333333,53,369,53,388179,217431,32756,75200,2.014070547259995,0.2569789256777307
16644,0.4783333333333334,0,3,0,388182,217428,32756,75200,2.0140427581607323,0.256981560206132
16645,0.4783452380952381,0,2,0,388184,217426,32756,75200,2.014024232094557,0.2569833165884098
16646,0.478393665158371,2,1,2,388185,217425,32758,75198,2.0140149690614697,0.25697911647409805
16647,0.4784523809523808,0,1,0,388186,217424,32758,75198,2.014005706028382,0.25697999466889027
16648,0.478452380952381,0,1,0,388187,217423,32758,75198,2.0139964429952943,0.2569808728696847
16649,0.4784999999999998,0,1,0,388188,217422,32758,75198,2.0139871799622067,0.25698175107648147
16650,0.4784999999999999,1,2,1,388190,217420,32759,75197,2.0139686538960317,0.2569809682964421
16651,0.4785,3,25,3,388215,217395,32762,75194,2.013737078068843,0.25699530741073656
16652,0.4785000000000001,0,4,0,388219,217391,32762,75194,2.0137000259364926,0.25699882085547787
16653,0.4785238095238096,0,1,0,388220,217390,32762,75194,2.013690762903405,0.25699969923167365
16654,0.478547619047619,0,2,0,388222,217388,32762,75194,2.01367223683723,0.2570014560020781
16655,0.4785714285714285,0,1,0,388223,217387,32762,75194,2.0136629738041423,0.25700233439628684
16656,0.4785714285714286,0,2,0,388225,217385,32762,75194,2.0136444477379674,0.2570040912027179
16657,0.4785714285714287,0,1,0,388226,217384,32762,75194,2.0136351847048797,0.2570049696149403
16658,0.4785833333333333,0,1,0,388227,217383,32762,75194,2.013625921671792,0.25700584803316734
16659,0.4785833333333334,1,1,1,388228,217382,32763,75193,2.0136166586387048,0.2570041869606084
16660,0.4786190476190475,0,1,0,388229,217381,32763,75193,2.013607395605617,0.2570050653851675
16661,0.4786212121212121,0,1,0,388230,217380,32763,75193,2.0135981325725294,0.25700594381573144
16662,0.4786428571428571,1,0,1,388230,217380,32764,75192,2.0135981325725294,0.257003404290226
16663,0.4786666666666666,1,4,1,388234,217376,32765,75191,2.013561080440179,0.2570043784842446
16664,0.4786666666666667,5,19,5,388253,217357,32770,75186,2.013385082811516,0.25700837141890254
16665,0.4786904761904762,0,1,0,388254,217356,32770,75186,2.013375819778428,0.25700924995385277
16666,0.4787142857142856,0,1,0,388255,217355,32770,75186,2.0133665567453405,0.25701012849480925
16667,0.4787179487179488,1,1,1,388256,217354,32771,75185,2.0133572937122532,0.2570084672471021
16668,0.4787380952380952,1,1,1,388257,217353,32772,75184,2.0133480306791656,0.25700680597667985
16669,0.4787499999999999,1,1,1,388258,217352,32773,75183,2.013338767646078,0.25700514468354213
16670,0.47875,1,8,1,388266,217344,32774,75182,2.0132646633813778,0.25700963333173804
16671,0.4788055555555555,0,1,0,388267,217343,32774,75182,2.01325540034829,0.2570105119220579
16672,0.4788095238095238,0,1,0,388268,217342,32774,75182,2.0132461373152024,0.25701139051838484
16673,0.4788333333333333,3,12,3,388280,217330,32777,75179,2.013134980918152,0.257014314089481
16674,0.4788333333333334,1,2,1,388282,217328,32778,75178,2.0131164548519767,0.25701353134636556
16675,0.4788690476190478,0,2,0,388284,217326,32778,75178,2.0130979287858017,0.25701528867981294
16676,0.4788888888888888,0,2,0,388286,217324,32778,75178,2.0130794027196264,0.25701704603729203
16677,0.4788888888888889,0,2,0,388288,217322,32778,75178,2.0130608766534515,0.2570188034188034
16678,0.4789166666666666,1,0,1,388288,217322,32779,75177,2.0130608766534515,0.2570162633034643
16679,0.4789285714285715,0,1,0,388289,217321,32779,75177,2.0130516136203638,0.2570171419975521
16680,0.4789588744588745,1,0,1,388289,217321,32780,75176,2.0130516136203638,0.25701460185916436
16681,0.478961038961039,0,1,0,388290,217320,32780,75176,2.013042350587276,0.2570154805535802
16682,0.4789761904761905,0,1,0,388291,217319,32780,75176,2.013033087554189,0.25701635925400435
16683,0.4789999999999999,0,2,0,388293,217317,32780,75176,2.0130145614880135,0.25701811667287766
16684,0.479,14,73,14,388366,217244,32794,75162,2.012338360072622,0.25704670902785853
16685,0.4790238095238095,0,3,0,388369,217241,32794,75162,2.0123105709733595,0.25704934627893694
16686,0.479047619047619,0,6,0,388375,217235,32794,75162,2.0122549927748343,0.25705462094344333
16687,0.4790531135531134,1,8,1,388383,217227,32795,75161,2.0121808885101338,0.2570591132331012
16688,0.4790555555555555,0,1,0,388384,217226,32795,75161,2.012171625477046,0.2570599924073232
16689,0.4790833333333332,0,1,0,388385,217225,32795,75161,2.012162362443959,0.2570608715875589
16690,0.4790833333333333,0,1,0,388386,217224,32795,75161,2.012153099410871,0.2570617507738085
16691,0.479090909090909,0,1,0,388387,217223,32795,75161,2.0121438363777835,0.25706262996607204
16692,0.4791071428571428,0,1,0,388388,217222,32795,75161,2.012134573344696,0.2570635091643495
16693,0.4791190476190475,0,3,0,388391,217219,32795,75161,2.012106784245433,0.25706614679526646
16694,0.4791190476190476,0,1,0,388392,217218,32795,75161,2.012097521212346,0.25706702601760045
16695,0.4791666666666666,17,82,17,388474,217136,32812,75144,2.0113379524991664,0.25709593540440673
16696,0.4791666666666667,19,45,19,388519,217091,32831,75125,2.0109211160102265,0.25708722314999866
16697,0.4791724941724942,0,1,0,388520,217090,32831,75125,2.010911852977139,0.2570881029379053
16698,0.4791904761904761,0,1,0,388521,217089,32831,75125,2.010902589944051,0.2570889827318335
16699,0.4792142857142857,0,1,0,388522,217088,32831,75125,2.010893326910964,0.25708986253178334
16700,0.4792380952380952,0,2,0,388524,217086,32831,75125,2.0108748008447885,0.25709162214974796
16701,0.4792499999999999,0,2,0,388526,217084,32831,75125,2.0108562747786136,0.2570933817917997
16702,0.4792777777777777,0,1,0,388527,217083,32831,75125,2.010847011745526,0.2570942616218584
16703,0.4792857142857142,0,1,0,388528,217082,32831,75125,2.0108377487124383,0.25709514145793905
16704,0.4792857142857143,1,12,1,388540,217070,32832,75124,2.010726592315388,0.2571031574912558
16705,0.4793333333333332,0,1,0,388541,217069,32832,75124,2.0107173292823,0.2571040373999377
16706,0.4793333333333333,3,19,3,388560,217050,32835,75121,2.0105413316536365,0.2571131289553036
16707,0.4793333333333334,6,38,6,388598,217012,32841,75115,2.0101893363963095,0.25713131617412976
16708,0.4793939393939394,0,1,0,388599,217011,32841,75115,2.0101800733632222,0.25713219638101364
16709,0.4794166666666666,0,1,0,388600,217010,32841,75115,2.0101708103301346,0.2571330765939238
16710,0.4794444444444444,1,0,1,388600,217010,32842,75114,2.0101708103301346,0.25713053360901533
16711,0.4794523809523809,1,1,1,388601,217009,32843,75113,2.010161547297047,0.25712887081424884
16712,0.4794761904761904,1,1,1,388602,217008,32844,75112,2.010152284263959,0.2571272079967137
16713,0.4795,4,23,4,388625,216985,32848,75108,2.0099392345029456,0.25713728161921034
16714,0.4795238095238094,0,4,0,388629,216981,32848,75108,2.0099021823705954,0.25714080297443587
16715,0.4795238095238096,0,2,0,388631,216979,32848,75108,2.0098836563044205,0.2571425636882162
16716,0.4795595238095239,0,1,0,388632,216978,32848,75108,2.0098743932713328,0.25714344405414846
16717,0.4795714285714285,0,1,0,388633,216977,32848,75108,2.009865130238245,0.25714432442610885
16718,0.4795833333333333,1,7,1,388640,216970,32849,75107,2.009800289006632,0.25714794386411804
16719,0.4796190476190475,0,3,0,388643,216967,32849,75107,2.0097724999073696,0.25715058512568734
16720,0.4796428571428571,0,2,0,388645,216965,32849,75107,2.0097539738411947,0.2571523459968775
16721,0.4796666666666666,5,7,5,388652,216958,32854,75102,2.009689132609582,0.25714579196055604
16722,0.4796666666666667,2,13,2,388665,216945,32856,75100,2.0095687131794433,0.25715215120957385
16723,0.4796904761904762,0,1,0,388666,216944,32856,75100,2.009559450146356,0.257153031734944
16724,0.4797142857142857,0,2,0,388668,216942,32856,75100,2.0095409240801807,0.2571547928037748
16725,0.4797579365079364,0,2,0,388670,216940,32856,75100,2.009522398014006,0.2571565538967265
16726,0.4797619047619047,1,0,1,388670,216940,32857,75099,2.009522398014006,0.25715401025205537
16727,0.4797738095238095,0,5,0,388675,216935,32857,75099,2.009476082848568,0.25715841306149284
16728,0.4798095238095238,0,1,0,388676,216934,32857,75099,2.0094668198154806,0.25715929364147205
16729,0.4798174603174602,0,1,0,388677,216933,32857,75099,2.009457556782393,0.25716017422748194
16730,0.4798333333333332,1,0,1,388677,216933,32858,75098,2.009457556782393,0.2571576305255264
16731,0.4798333333333333,4,20,4,388697,216913,32862,75094,2.009272296120642,0.25716506796069954
16732,0.4798333333333334,0,3,0,388700,216910,32862,75094,2.009244507021379,0.25716771003136946
16733,0.4798809523809523,0,3,0,388703,216907,32862,75094,2.0092167179221163,0.2571703521563282
16734,0.4798809523809524,0,1,0,388704,216906,32862,75094,2.009207454889029,0.25717123287671234
16735,0.4799166666666667,0,1,0,388705,216905,32862,75094,2.0091981918559414,0.2571721136031288
16736,0.4799523809523809,0,3,0,388708,216902,32862,75094,2.009170402756679,0.25717475581857285
16737,0.4799999999999999,10,32,10,388740,216870,32872,75084,2.008873985697877,0.25717750056515754
16738,0.48,452,3083,452,391823,213787,33324,74632,1.9803160546889473,0.25876242549901357
16739,0.4800000000000001,1,22,1,391845,213765,33325,74631,1.9801122679610212,0.25877959472392126
16740,0.4800238095238095,0,1,0,391846,213764,33325,74631,1.9801030049279336,0.25878049203349573
16741,0.4800324675324676,0,1,0,391847,213763,33325,74631,1.980093741894846,0.25878138934929296
16742,0.480047619047619,1,2,1,391849,213761,33326,74630,1.980075215828671,0.2587806138194326
16743,0.4800476190476191,0,1,0,391850,213760,33326,74630,1.9800659527955833,0.25878151114809805
16744,0.4801071428571428,0,1,0,391851,213759,33326,74630,1.9800566897624958,0.2587824084829865
16745,0.4801190476190476,0,1,0,391852,213758,33326,74630,1.9800474267294084,0.2587833058240981
16746,0.4801212121212121,1,1,1,391853,213757,33327,74629,1.9800381636963207,0.2587816329502819
16747,0.4801309523809525,0,2,0,391855,213755,33327,74629,1.9800196376301455,0.2587834276520195
16748,0.4801388888888888,1,0,1,391855,213755,33328,74628,1.9800196376301455,0.25878085740144186
16749,0.4801666666666666,2,15,2,391870,213740,33330,74626,1.9798806921338323,0.2587891776423018
16750,0.4801904761904761,0,1,0,391871,213739,33330,74626,1.9798714291007447,0.2587900750784596
16751,0.4801944444444445,0,1,0,391872,213738,33330,74626,1.9798621660676572,0.2587909725208417
16752,0.4802142857142857,0,1,0,391873,213737,33330,74626,1.9798529030345697,0.25879186996944825
16753,0.4802142857142858,0,2,0,391875,213735,33330,74626,1.9798343769683946,0.25879366488533473
16754,0.4802380952380952,0,1,0,391876,213734,33330,74626,1.979825113935307,0.2587945623526148
16755,0.48025,1,0,1,391876,213734,33331,74625,1.979825113935307,0.25879199192673025
16756,0.4802777777777778,0,2,0,391878,213732,33331,74625,1.9798065878691318,0.2587937868683611
16757,0.4802857142857142,0,2,0,391880,213730,33331,74625,1.9797880618029569,0.25879558183489104
16758,0.4802857142857143,0,1,0,391881,213729,33331,74625,1.9797787987698692,0.2587964793274933
16759,0.4803181818181817,1,1,1,391882,213728,33332,74624,1.9797695357367817,0.2587948063477971
16760,0.4803186813186813,0,1,0,391883,213727,33332,74624,1.979760272703694,0.25879570384704753
16761,0.4803333333333332,0,1,0,391884,213726,33332,74624,1.9797510096706066,0.25879660135252297
16762,0.4803333333333333,3,16,3,391900,213710,33335,74621,1.9796028011412057,0.25880325043092833
16763,0.4803333333333334,0,10,0,391910,213700,33335,74621,1.9795101708103302,0.2588122266501573
16764,0.4803412698412698,0,1,0,391911,213699,33335,74621,1.9795009077772425,0.2588131243063263
16765,0.4803571428571428,0,2,0,391913,213697,33335,74621,1.9794823817110674,0.2588149196373449
16766,0.4803650793650793,0,1,0,391914,213696,33335,74621,1.97947311867798,0.25881581731219455
16767,0.4803809523809523,0,6,0,391920,213690,33335,74621,1.9794175404794545,0.2588212034920624
16768,0.4803961038961038,1,0,1,391920,213690,33336,74620,1.9794175404794545,0.2588186327217231
16769,0.4804166666666665,0,1,0,391921,213689,33336,74620,1.979408277446367,0.25881953043436035
16770,0.4804166666666666,2,0,2,391921,213689,33338,74618,1.979408277446367,0.2588143888285751
16771,0.4804166666666667,0,3,0,391924,213686,33338,74618,1.9793804883471044,0.2588170819690327
16772,0.4804285714285714,0,1,0,391925,213685,33338,74618,1.9793712253140168,0.25881797969497367
16773,0.4804761904761905,2,5,2,391930,213680,33340,74616,1.979324910148579,0.25881732663651247
16774,0.4805,2,28,2,391958,213652,33342,74614,1.9790655452221275,0.258837323860601
16775,0.4805119047619047,0,1,0,391959,213651,33342,74614,1.97905628218904,0.2588382217751028
16776,0.4805238095238096,0,1,0,391960,213650,33342,74614,1.9790470191559524,0.2588391196958344
16777,0.480547619047619,0,1,0,391961,213649,33342,74614,1.979037756122865,0.25884001762279585
16778,0.4805555555555555,0,3,0,391964,213646,33342,74614,1.979009967023602,0.25884271144106014
16779,0.4805714285714286,0,1,0,391965,213645,33342,74614,1.9790007039905146,0.25884360939294176
16780,0.4805833333333333,2,1,2,391966,213644,33344,74612,1.9789914409574272,0.258839365008881
16781,0.4806111111111111,0,1,0,391967,213643,33344,74612,1.9789821779243395,0.25884026296161383
16782,0.4806515151515152,0,1,0,391968,213642,33344,74612,1.978972914891252,0.258841160920577
16783,0.4806666666666666,11,44,11,392012,213598,33355,74601,1.9785653414353996,0.25885239018872375
16784,0.4806666666666667,2,22,2,392034,213576,33357,74599,1.9783615547074733,0.25886700789450856
16785,0.4806904761904762,0,1,0,392035,213575,33357,74599,1.9783522916743859,0.2588679061955624
16786,0.4806984126984127,0,1,0,392036,213574,33357,74599,1.9783430286412984,0.2588688045028507
16787,0.4807023809523809,0,1,0,392037,213573,33357,74599,1.9783337656082107,0.25886970281637356
16788,0.4807142857142857,0,8,0,392045,213565,33357,74599,1.9782596613435104,0.25887688954900684
16789,0.4807619047619048,0,1,0,392046,213564,33357,74599,1.9782503983104227,0.25887778791864324
16790,0.4807857142857143,1,2,1,392048,213562,33358,74598,1.9782318722442476,0.258877012770683
16791,0.480797619047619,0,1,0,392049,213561,33358,74598,1.97822260921116,0.2588779111532175
16792,0.4808095238095239,0,1,0,392050,213560,33358,74598,1.9782133461780727,0.2588788095419874
16793,0.4808333333333333,30,161,30,392211,213399,33388,74568,1.9767219978509762,0.25894633760118346
16794,0.4808531746031746,0,1,0,392212,213398,33388,74568,1.9767127348178888,0.2589472368265698
16795,0.4808571428571428,1,1,1,392213,213397,33389,74567,1.9767034717848013,0.2589455626397744
16796,0.480857142857143,0,1,0,392214,213396,33389,74567,1.9766942087517136,0.2589464618718377
16797,0.4808809523809524,0,1,0,392215,213395,33389,74567,1.9766849457186262,0.2589473611101465
16798,0.4809047619047619,0,1,0,392216,213394,33389,74567,1.9766756826855385,0.2589482603547008
16799,0.4809285714285715,0,1,0,392217,213393,33389,74567,1.976666419652451,0.25894915960550074
16800,0.4809523809523809,0,2,0,392219,213391,33389,74567,1.976647893586276,0.2589509581258378
16801,0.480952380952381,0,4,0,392223,213387,33389,74567,1.9766108414539256,0.25895455524146216
16802,0.4809761904761905,0,1,0,392224,213386,33389,74567,1.9766015784208382,0.2589554545359833
16803,0.4809999999999999,1,7,1,392231,213379,33390,74566,1.9765367371892253,0.258959176231572
16804,0.481,11,60,11,392291,213319,33401,74555,1.975980955203972,0.25898483364249636
16805,0.4810000000000001,0,6,0,392297,213313,33401,74555,1.9759253770054466,0.25899023163394336
16806,0.4810238095238094,0,1,0,392298,213312,33401,74555,1.9759161139723591,0.25899113132106144
16807,0.4810238095238095,1,1,1,392299,213311,33402,74554,1.9759068509392717,0.2589894568634603
16808,0.4810396825396825,0,3,0,392302,213308,33402,74554,1.9758790618400088,0.25899215596362146
16809,0.481047619047619,0,3,0,392305,213305,33402,74554,1.9758512727407462,0.2589948551200414
16810,0.4810714285714285,0,1,0,392306,213304,33402,74554,1.9758420097076588,0.25899575485135035
16811,0.4810714285714286,0,2,0,392308,213302,33402,74554,1.9758234836414836,0.2589975543327219
16812,0.4810833333333333,0,2,0,392310,213300,33402,74554,1.9758049575753085,0.258999353839099
16813,0.4810873015873016,0,2,0,392312,213298,33402,74554,1.9757864315091334,0.2590011533704821
16814,0.4810987394957983,1,2,1,392314,213296,33403,74553,1.9757679054429582,0.2590003786707614
16815,0.4811190476190476,0,1,0,392315,213295,33403,74553,1.9757586424098708,0.2590012784525166
16816,0.4811309523809524,0,1,0,392316,213294,33403,74553,1.975749379376783,0.25900217824052363
16817,0.4811428571428571,0,3,0,392319,213291,33403,74553,1.9757215902775205,0.2590048776420561
16818,0.4811666666666666,0,3,0,392322,213288,33403,74553,1.9756938011782579,0.2590075770998572
16819,0.4811666666666667,2,20,2,392342,213268,33405,74551,1.9755085405165067,0.25902042603163794
16820,0.4811904761904761,0,1,0,392343,213267,33405,74551,1.9754992774834192,0.2590213259768326
16821,0.4811904761904762,0,1,0,392344,213266,33405,74551,1.9754900144503316,0.25902222592828084
16822,0.4812142857142856,0,1,0,392345,213265,33405,74551,1.975480751417244,0.2590231258859827
16823,0.4812380952380952,0,1,0,392346,213264,33405,74551,1.9754714883841564,0.25902402584993833
16824,0.4812499999999999,0,3,0,392349,213261,33405,74551,1.9754436992848938,0.25902672577932817
16825,0.48125,2,6,2,392355,213255,33407,74549,1.9753881210863686,0.25902697669247127
16826,0.4812554112554112,1,0,1,392355,213255,33408,74548,1.9753881210863686,0.2590244021083866
16827,0.4812976190476191,0,1,0,392356,213254,33408,74548,1.975378858053281,0.25902530211742797
16828,0.4813095238095238,0,3,0,392359,213251,33408,74548,1.9753510689540184,0.25902800218207844
16829,0.4813333333333333,7,42,7,392401,213209,33415,74541,1.974962021564341,0.2590477845351868
16830,0.4813333333333334,0,2,0,392403,213207,33415,74541,1.974943495498166,0.25904958505358855
16831,0.4813650793650794,0,1,0,392404,213206,33415,74541,1.9749342324650783,0.2590504853221754
16832,0.4813809523809523,0,2,0,392406,213204,33415,74541,1.9749157063989033,0.25905228587812124
16833,0.4813809523809524,0,4,0,392410,213200,33415,74541,1.974878654266553,0.2590558870651037
16834,0.4813888888888888,0,1,0,392411,213199,33415,74541,1.9748693912334654,0.25905678737749355
16835,0.4813888888888889,0,1,0,392412,213198,33415,74541,1.974860128200378,0.2590576876961413
16836,0.4814166666666666,1,3,1,392415,213195,33416,74540,1.9748323391011153,0.2590578136132205
16837,0.4814285714285714,0,5,0,392420,213190,33416,74540,1.9747860239356776,0.2590623153650992
16838,0.4814285714285715,0,3,0,392423,213187,33416,74540,1.9747582348364148,0.25906501649132685
16839,0.4814523809523808,1,0,1,392423,213187,33417,74539,1.9747582348364148,0.2590624413504515
16840,0.4814999999999999,2,2,2,392425,213185,33419,74537,1.9747397087702396,0.2590590917621871
16841,0.4815,4,37,4,392462,213148,33423,74533,1.9743969765460003,0.2590821083074656
16842,0.4815238095238095,0,1,0,392463,213147,33423,74533,1.9743877135129126,0.25908300889877645
16843,0.4815277777777778,1,1,1,392464,213146,33424,74532,1.9743784504798252,0.2590813339914766
16844,0.4815401002506266,0,2,0,392466,213144,33424,74532,1.97435992441365,0.25908313519375964
16845,0.4815850750556631,0,1,0,392467,213143,33424,74532,1.9743506613805624,0.259084035804293
16846,0.481590909090909,0,1,0,392468,213142,33424,74532,1.974341398347475,0.25908493642108776
16847,0.4816093073593073,0,1,0,392469,213141,33424,74532,1.9743321353143874,0.2590858370441439
16848,0.4816309523809524,0,1,0,392470,213140,33424,74532,1.9743228722812998,0.25908673767346146
16849,0.4816363636363636,0,1,0,392471,213139,33424,74532,1.9743136092482123,0.2590876383090405
16850,0.4816428571428572,0,1,0,392472,213138,33424,74532,1.9743043462151246,0.25908853895088124
16851,0.4816666666666666,37,235,37,392707,212903,33461,74495,1.9721275334395494,0.25920500490608844
16852,0.4816666666666667,25,164,25,392871,212739,33486,74470,1.9706083960131906,0.2592885320446086
16853,0.481674603174603,1,1,1,392872,212738,33487,74469,1.970599132980103,0.2592868558217592
16854,0.4816746031746032,0,4,0,392876,212734,33487,74469,1.9705620808477529,0.25929046702158404
16855,0.4816904761904761,0,1,0,392877,212733,33487,74469,1.9705528178146652,0.2592913698372574
16856,0.4817261904761906,0,1,0,392878,212732,33487,74469,1.9705435547815777,0.2592922726592178
16857,0.4817499999999999,0,4,0,392882,212728,33487,74469,1.9705065026492274,0.2592958840099305
16858,0.4817727272727273,1,0,1,392882,212728,33488,74468,1.9705065026492274,0.25929330492068137
16859,0.4817803030303029,1,0,1,392882,212728,33489,74467,1.9705065026492274,0.2592907258134717
16860,0.4817857142857142,1,0,1,392882,212728,33490,74466,1.9705065026492274,0.2592881466883013
16861,0.4817857142857143,0,1,0,392883,212727,33490,74466,1.97049723961614,0.2592890495241876
16862,0.4818095238095238,0,1,0,392884,212726,33490,74466,1.9704879765830523,0.25928995236636115
16863,0.4818333333333333,2,7,2,392891,212719,33492,74464,1.9704231353514394,0.2592911140283373
16864,0.4818333333333334,2,8,2,392899,212711,33494,74462,1.970349031086739,0.25929317867626833
16865,0.4818355825461088,0,1,0,392900,212710,33494,74462,1.9703397680536514,0.2592940815956987
16866,0.4818730158730159,0,4,0,392904,212706,33494,74462,1.9703027159213014,0.25929769333630487
16867,0.4819047619047619,0,3,0,392907,212703,33494,74462,1.9702749268220385,0.25930040220778994
16868,0.4819444444444444,1,2,1,392909,212701,33495,74461,1.9702564007558634,0.25929962878096685
16869,0.481952380952381,0,1,0,392910,212700,33495,74461,1.970247137722776,0.25930053175744616
16870,0.4819761904761904,0,1,0,392911,212699,33495,74461,1.9702378746896885,0.2593014347402145
16871,0.482,16,72,16,392983,212627,33511,74445,1.9695709363073846,0.2593251867127411
16872,0.4820205627705627,0,1,0,392984,212626,33511,74445,1.9695616732742969,0.2593260900613437
16873,0.4820238095238094,0,1,0,392985,212625,33511,74445,1.9695524102412094,0.25932699341623994
16874,0.4820396825396827,0,1,0,392986,212624,33511,74445,1.9695431472081217,0.2593278967774298
16875,0.482047619047619,1,0,1,392986,212624,33512,74444,1.9695431472081217,0.25932531664971364
16876,0.4820476190476191,0,2,0,392988,212622,33512,74444,1.9695246211419468,0.2593271233792926
16877,0.4820714285714285,0,1,0,392989,212621,33512,74444,1.9695153581088591,0.25932802675352273
16878,0.4820833333333333,1,4,1,392993,212617,33513,74443,1.9694783059765089,0.25932906012680274
16879,0.4821111111111111,0,2,0,392995,212615,33513,74443,1.969459779910334,0.259330866932815
16880,0.4821190476190476,0,1,0,392996,212614,33513,74443,1.9694505168772463,0.25933177034526245
16881,0.4821428571428571,2,6,2,393002,212608,33515,74441,1.969394938678721,0.25933203041989344
16882,0.4821666666666666,0,8,0,393010,212600,33515,74441,1.9693208344140205,0.2593392581547584
16883,0.4821666666666667,2,6,2,393016,212594,33517,74439,1.9692652562154953,0.25933951845258213
16884,0.4821991341991342,1,0,1,393016,212594,33518,74438,1.9692652562154953,0.25933693804175145
16885,0.48225,0,2,0,393018,212592,33518,74438,1.9692467301493202,0.25933874507891164
16886,0.4822619047619047,1,0,1,393018,212592,33519,74437,1.9692467301493202,0.2593361646384163
16887,0.4822857142857142,0,1,0,393019,212591,33519,74437,1.9692374671162325,0.2593370681605976
16888,0.4823333333333332,0,3,0,393022,212588,33519,74437,1.9692096780169699,0.25933977876491593
16889,0.4823333333333333,4,24,4,393046,212564,33523,74433,1.9689873652228687,0.2593511430433071
16890,0.4823571428571429,0,1,0,393047,212563,33523,74433,1.968978102189781,0.25935204671842116
16891,0.4823809523809523,0,3,0,393050,212560,33523,74433,1.9689503130905184,0.2593547577815487
16892,0.4823809523809524,0,5,0,393055,212555,33523,74433,1.9689039979250806,0.25935927634604933
16893,0.4824047619047619,0,2,0,393057,212553,33523,74433,1.9688854718589055,0.25936108381593526
16894,0.4824285714285714,1,0,1,393057,212553,33524,74432,1.9688854718589055,0.2593585030576511
16895,0.4824523809523809,1,1,1,393058,212552,33525,74431,1.9688762088258178,0.25935682601408444
16896,0.4824761904761903,0,1,0,393059,212551,33525,74431,1.9688669457927304,0.2593577297530856
16897,0.4824999999999999,2,13,2,393072,212538,33527,74429,1.968746526362592,0.2593643171514495
16898,0.4825,52,323,52,393395,212215,33579,74377,1.9657545666753122,0.2595222476552032
16899,0.4825000000000001,1,9,1,393404,212206,33580,74376,1.9656711993775242,0.25952781402879455
16900,0.4825136230728336,0,1,0,393405,212205,33580,74376,1.9656619363444365,0.2595287196290054
16901,0.482547619047619,1,1,1,393406,212204,33581,74375,1.965652673311349,0.25952704140917515
16902,0.4826190476190476,1,4,1,393410,212200,33582,74374,1.9656156211789988,0.25952808000725813
16903,0.4826666666666666,6,33,6,393443,212167,33588,74368,1.9653099410871095,0.25954246427138045
16904,0.4826666666666667,2,10,2,393453,212157,33590,74366,1.965217310756234,0.25954635404487597
16905,0.4826706349206349,1,0,1,393453,212157,33591,74365,1.965217310756234,0.25954376976288035
16906,0.4827142857142859,0,1,0,393454,212156,33591,74365,1.9652080477231464,0.25954467560841965
16907,0.4827380952380952,0,4,0,393458,212152,33591,74365,1.9651709955907963,0.25954829905380833
16908,0.4827777777777778,1,1,1,393459,212151,33592,74364,1.9651617325577087,0.2595466205957803
16909,0.4827857142857142,0,2,0,393461,212149,33592,74364,1.9651432064915335,0.25954843235734504
16910,0.4827857142857143,0,1,0,393462,212148,33592,74364,1.965133943458446,0.25954933824761267
16911,0.4828095238095238,0,1,0,393463,212147,33592,74364,1.9651246804253584,0.2595502441442039
16912,0.4828333333333332,0,1,0,393464,212146,33592,74364,1.965115417392271,0.25955115004711876
16913,0.4828333333333333,3,20,3,393484,212126,33595,74361,1.9649301567305197,0.25956151588030174
16914,0.4828333333333334,1,4,1,393488,212122,33596,74360,1.9648931045981697,0.2595625554136036
16915,0.4828571428571429,0,4,0,393492,212118,33596,74360,1.9648560524658194,0.2595661796019241
16916,0.4828809523809523,0,2,0,393494,212116,33596,74360,1.9648375263996443,0.25956799173403705
16917,0.4829166666666666,1,0,1,393494,212116,33597,74359,1.9648375263996443,0.2595654071035867
16918,0.4829166666666667,0,2,0,393496,212114,33597,74359,1.9648190003334691,0.25956721924928355
16919,0.4829761904761904,1,0,1,393496,212114,33598,74358,1.9648190003334691,0.2595646345890698
16920,0.4829761904761905,0,1,0,393497,212113,33598,74358,1.9648097373003817,0.2595655406655473
16921,0.483,3,44,3,393541,212069,33601,74355,1.9644021638445293,0.2595976594140156
16922,0.4830238095238094,0,5,0,393546,212064,33601,74355,1.9643558486790915,0.2596021911954165
16923,0.4830357142857143,0,1,0,393547,212063,33601,74355,1.9643465856460038,0.2596030975706834
16924,0.4830396825396825,0,1,0,393548,212062,33601,74355,1.9643373226129164,0.2596040039522794
16925,0.4830833333333333,0,1,0,393549,212061,33601,74355,1.964328059579829,0.25960491034020444
16926,0.483095238095238,0,1,0,393550,212060,33601,74355,1.9643187965467412,0.25960581673445876
16927,0.4830952380952381,0,2,0,393552,212058,33601,74355,1.964300270480566,0.25960762954195515
16928,0.4830952380952382,0,1,0,393553,212057,33601,74355,1.9642910074474786,0.2596085359551974
16929,0.4831071428571427,0,3,0,393556,212054,33601,74355,1.964263218348216,0.2596112552329012
16930,0.4831111111111111,0,2,0,393558,212052,33601,74355,1.964244692282041,0.25961306811635193
16931,0.4831547619047617,0,1,0,393559,212051,33601,74355,1.9642354292489532,0.2596139745675719
16932,0.4831666666666666,0,12,0,393571,212039,33601,74355,1.9641242728519026,0.2596248524759597
16933,0.4831666666666667,0,3,0,393574,212036,33601,74355,1.96409648375264,0.2596275720954918
16934,0.4831944444444444,0,1,0,393575,212035,33601,74355,1.9640872207195523,0.2596284786479975
16935,0.4832142857142857,0,4,0,393579,212031,33601,74355,1.9640501685872023,0.25963210492132993
16936,0.4832619047619048,0,1,0,393580,212030,33601,74355,1.9640409055541146,0.25963301150549084
16937,0.4832857142857142,1,0,1,393580,212030,33602,74354,1.9640409055541146,0.2596304262807978
16938,0.4833333333333332,0,1,0,393581,212029,33602,74354,1.9640316425210271,0.25963133286542844
16939,0.4833333333333333,109,698,109,394279,211331,33711,74245,1.9575660454259143,0.2599833319326554
16940,0.4833333333333334,0,2,0,394281,211329,33711,74245,1.9575475193597391,0.2599851527099806
16941,0.4833571428571429,0,1,0,394282,211328,33711,74245,1.9575382563266517,0.259986063108207
16942,0.4833690476190476,0,1,0,394283,211327,33711,74245,1.957528993293564,0.25998697351280936
16943,0.4833809523809523,0,1,0,394284,211326,33711,74245,1.9575197302604765,0.2599878839237878
16944,0.4833928571428572,0,1,0,394285,211325,33711,74245,1.9575104672273889,0.2599887943411423
16945,0.4834047619047619,0,1,0,394286,211324,33711,74245,1.9575012041943014,0.25998970476487293
16946,0.483420634920635,0,1,0,394287,211323,33711,74245,1.9574919411612137,0.25999061519497985
16947,0.4834285714285713,0,1,0,394288,211322,33711,74245,1.9574826781281263,0.259991525631463
16948,0.4834285714285715,0,1,0,394289,211321,33711,74245,1.9574734150950388,0.2599924360743226
16949,0.4834523809523809,0,1,0,394290,211320,33711,74245,1.9574641520619511,0.25999334652355854
16950,0.4834761904761905,0,1,0,394291,211319,33711,74245,1.9574548890288637,0.25999425697917106
16951,0.4834999999999999,4,1,4,394292,211318,33715,74241,1.957445625995776,0.25998480173974553
16952,0.4835,3,31,3,394323,211287,33718,74238,1.9571584719700619,0.2600052534804308
16953,0.4835000000000001,0,2,0,394325,211285,33718,74238,1.9571399459038867,0.2600070747365361
16954,0.4835238095238094,0,1,0,394326,211284,33718,74238,1.9571306828707993,0.2600079853741568
16955,0.4835238095238095,0,2,0,394328,211282,33718,74238,1.9571121568046241,0.2600098066685346
16956,0.483547619047619,0,1,0,394329,211281,33718,74238,1.9571028937715365,0.26001071732529185
16957,0.4835476190476191,1,0,1,394329,211281,33719,74237,1.9571028937715365,0.26000812558227504
16958,0.4835555555555556,0,2,0,394331,211279,33719,74237,1.9570843677053615,0.26000994690315077
16959,0.4835714285714285,0,2,0,394333,211277,33719,74237,1.9570658416391864,0.2600117682495429
16960,0.4835714285714286,1,2,1,394335,211275,33720,74236,1.9570473155730113,0.26001099782495246
16961,0.4835833333333332,0,1,0,394336,211274,33720,74236,1.9570380525399236,0.26001190851458794
16962,0.4836111111111112,0,1,0,394337,211273,33720,74236,1.9570287895068361,0.2600128192106028
16963,0.4836190476190476,0,1,0,394338,211272,33720,74236,1.9570195264737487,0.2600137299129972
16964,0.483642857142857,0,3,0,394341,211269,33720,74236,1.9569917373744858,0.2600164620584578
16965,0.4836666666666666,0,2,0,394343,211267,33720,74236,1.9569732113083107,0.26001828352066353
16966,0.4836666666666667,4,23,4,394366,211244,33724,74232,1.9567601615472971,0.2600288640726366
16967,0.4836904761904762,1,2,1,394368,211242,33725,74231,1.956741635481122,0.2600280937251509
16968,0.4837142857142856,0,2,0,394370,211240,33725,74231,1.9567231094149469,0.2600299154730253
16969,0.4837460317460317,0,1,0,394371,211239,33725,74231,1.9567138463818592,0.26003082635653485
16970,0.48375,2,9,2,394380,211230,33727,74229,1.9566304790840714,0.2600338402362511
16971,0.4837777777777778,0,1,0,394381,211229,33727,74229,1.9566212160509837,0.2600347511718011
16972,0.4837857142857143,0,1,0,394382,211228,33727,74229,1.9566119530178963,0.2600356621137334
16973,0.4838095238095238,2,4,2,394386,211224,33729,74227,1.956574900885546,0.26003412144290966
16974,0.4838214285714286,0,1,0,394387,211223,33729,74227,1.9565656378524585,0.2600350324049746
16975,0.4838253968253969,0,1,0,394388,211222,33729,74227,1.9565563748193708,0.26003594337342223
16976,0.4838255866940077,0,2,0,394390,211220,33729,74227,1.9565378487531957,0.2600377653294657
16977,0.4838333333333333,0,8,0,394398,211212,33729,74227,1.9564637444884954,0.26004505340895956
16978,0.4838333333333334,0,2,0,394400,211210,33729,74227,1.9564452184223202,0.26004687549266564
16979,0.4838571428571429,0,1,0,394401,211209,33729,74227,1.9564359553892325,0.26004778654409394
16980,0.4838809523809523,0,1,0,394402,211208,33729,74227,1.956426692356145,0.26004869760190585
16981,0.4838809523809524,0,1,0,394403,211207,33729,74227,1.9564174293230576,0.26004960866610144
16982,0.4838888888888888,1,1,1,394404,211206,33730,74226,1.95640816628997,0.260047927352224
16983,0.4839047619047618,0,4,0,394408,211202,33730,74226,1.9563711141576197,0.2600515716748182
16984,0.483904761904762,0,1,0,394409,211201,33730,74226,1.9563618511245322,0.2600524827714267
16985,0.4839166666666666,0,1,0,394410,211200,33730,74226,1.9563525880914447,0.2600533938744193
16986,0.4839285714285714,0,3,0,394413,211197,33730,74226,1.956324798992182,0.2600561272217025
16987,0.4839523809523809,1,3,1,394416,211194,33731,74225,1.9562970098929193,0.26005626815313626
16988,0.4839642857142857,0,1,0,394417,211193,33731,74225,1.9562877468598319,0.26005717929492883
16989,0.4839761904761905,1,1,1,394418,211192,33732,74224,1.9562784838267442,0.2600554979398492
16990,0.4839999999999999,1,1,1,394419,211191,33733,74223,1.9562692207936567,0.26005381656120585
16991,0.484,13,132,13,394551,211059,33746,74210,1.9550465004260995,0.2601404288583758
16992,0.4840000000000001,0,1,0,394552,211058,33746,74210,1.955037237393012,0.26014134077428946
16993,0.4840238095238095,0,1,0,394553,211057,33746,74210,1.9550279743599244,0.2601422526965965
16994,0.484047619047619,1,3,1,394556,211054,33747,74209,1.9550001852606618,0.2601423949127647
16995,0.4840476190476191,0,1,0,394557,211053,33747,74209,1.954990922227574,0.26014330685475107
16996,0.4840833333333333,0,2,0,394559,211051,33747,74209,1.9549723961613992,0.2601451307579051
16997,0.484095238095238,0,1,0,394560,211050,33747,74209,1.9549631331283115,0.2601460427190728
16998,0.4840952380952381,0,2,0,394562,211048,33747,74209,1.9549446070621364,0.26014786666059025
16999,0.4840952380952382,0,1,0,394563,211047,33747,74209,1.954935344029049,0.26014877864094005
17000,0.4841666666666666,11,74,11,394637,210973,33758,74198,1.9542498795805698,0.26018774700092223
17001,0.4841666666666667,7,53,7,394690,210920,33765,74191,1.9537589388269294,0.26021795020185123
17002,0.4841904761904761,0,1,0,394691,210919,33765,74191,1.953749675793842,0.260218862895023
17003,0.4842142857142857,0,3,0,394694,210916,33765,74191,1.9537218866945794,0.26022160101295305
17004,0.4842222222222221,0,1,0,394695,210915,33765,74191,1.9537126236614917,0.2602225137317349
17005,0.4842316017316018,0,1,0,394696,210914,33765,74191,1.9537033606284042,0.26022342645691937
17006,0.4842500000000001,0,1,0,394697,210913,33765,74191,1.9536940975953165,0.2602243391885066
17007,0.4842619047619048,0,1,0,394698,210912,33765,74191,1.953684834562229,0.26022525192649676
17008,0.4842857142857143,1,9,1,394707,210903,33766,74190,1.953601467264441,0.2602308720312319
17009,0.4842857142857144,0,2,0,394709,210901,33766,74190,1.953582941198266,0.2602326976298796
17010,0.4843253968253968,0,1,0,394710,210900,33766,74190,1.9535736781651785,0.26023361043880877
17011,0.4843333333333333,2,11,2,394721,210889,33768,74188,1.9534717848012153,0.26023846188924393
17012,0.4843333333333334,5,26,5,394747,210863,33773,74183,1.953230945940939,0.26024922293243896
17013,0.4843849206349205,0,4,0,394751,210859,33773,74183,1.9531938938085887,0.26025287501491007
17014,0.4844047619047619,0,1,0,394752,210858,33773,74183,1.9531846307755012,0.2602537880515435
17015,0.4844126984126983,0,1,0,394753,210857,33773,74183,1.9531753677424135,0.2602547010945832
17016,0.4844166666666666,0,2,0,394755,210855,33773,74183,1.9531568416762384,0.2602565271998821
17017,0.4844166666666667,0,1,0,394756,210854,33773,74183,1.953147578643151,0.2602574402621414
17018,0.4844285714285714,1,0,1,394756,210854,33774,74182,1.953147578643151,0.26025484500203483
17019,0.4844444444444443,0,2,0,394758,210852,33774,74182,1.9531290525769758,0.26025667113397
17020,0.4844444444444444,0,1,0,394759,210851,33774,74182,1.9531197895438883,0.26025758420954764
17021,0.4844523809523809,0,2,0,394761,210849,33774,74182,1.9531012634777132,0.26025941037992356
17022,0.484467418546366,0,3,0,394764,210846,33774,74182,1.9530734743784506,0.2602621496835399
17023,0.4844761904761905,0,1,0,394765,210845,33774,74182,1.953064211345363,0.2602630627975595
17024,0.4844999999999999,2,5,2,394770,210840,33776,74180,1.9530178961799252,0.2602624377236685
17025,0.4845,3,13,3,394783,210827,33779,74177,1.9528974767497869,0.26026652257512173
17026,0.4845000000000001,0,1,0,394784,210826,33779,74177,1.9528882137166994,0.26026743578137773
17027,0.4845238095238094,0,1,0,394785,210825,33779,74177,1.952878950683612,0.26026834899404216
17028,0.4845238095238096,0,3,0,394788,210822,33779,74177,1.9528511615843491,0.26027108867048654
17029,0.4845454545454545,0,2,0,394790,210820,33779,74177,1.952832635518174,0.2602729151534928
17030,0.4845555555555556,0,1,0,394791,210819,33779,74177,1.9528233724850865,0.26027382840460916
17031,0.4845595238095238,0,1,0,394792,210818,33779,74177,1.952814109451999,0.26027474166213443
17032,0.4845714285714285,0,2,0,394794,210816,33779,74177,1.952795583385824,0.2602765681964118
17033,0.4845714285714286,0,2,0,394796,210814,33779,74177,1.9527770573196488,0.26027839475632564
17034,0.4845833333333333,0,2,0,394798,210812,33779,74177,1.9527585312534737,0.26028022134187634
17035,0.4845952380952381,0,1,0,394799,210811,33779,74177,1.9527492682203862,0.2602811346442657
17036,0.4846190476190476,0,1,0,394800,210810,33779,74177,1.9527400051872985,0.26028204795306453
17037,0.4846428571428571,0,2,0,394802,210808,33779,74177,1.9527214791211234,0.2602838745898907
17038,0.4846666666666666,2,15,2,394817,210793,33781,74175,1.9525825336248102,0.2602923837062407
17039,0.4846666666666667,4,20,4,394837,210773,33785,74171,1.952397272963059,0.2603002695266438
17040,0.4846825396825397,0,1,0,394838,210772,33785,74171,1.9523880099299715,0.26030118304362626
17041,0.4847222222222222,0,1,0,394839,210771,33785,74171,1.9523787468968838,0.26030209656702064
17042,0.48475,0,1,0,394840,210770,33785,74171,1.9523694838637964,0.26030301009682705
17043,0.4847619047619047,1,4,1,394844,210766,33786,74170,1.952332431731446,0.26030406828200015
17044,0.4847698412698413,0,1,0,394845,210765,33786,74170,1.9523231686983586,0.260304981837963
17045,0.4847857142857142,0,2,0,394847,210763,33786,74170,1.9523046426321835,0.26030680896912606
17046,0.4848095238095238,0,2,0,394849,210761,33786,74170,1.9522861165660084,0.26030863612593924
17047,0.4848214285714285,1,0,1,394849,210761,33787,74169,1.9522861165660084,0.2603060400800197
17048,0.4848293650793652,0,1,0,394850,210760,33787,74169,1.952276853532921,0.2603069536621404
17049,0.4848333333333332,0,3,0,394853,210757,33787,74169,1.952249064433658,0.2603096944469792
17050,0.4848333333333333,3,15,3,394868,210742,33790,74166,1.9521101189373449,0.26031561065326353
17051,0.4848333333333334,0,2,0,394870,210740,33790,74166,1.9520915928711697,0.2603174380321931
17052,0.4848473470973471,0,1,0,394871,210739,33790,74166,1.9520823298380823,0.2603183517312789
17053,0.484857142857143,1,3,1,394874,210736,33791,74165,1.9520545407388195,0.26031849660057355
17054,0.4848809523809523,1,2,1,394876,210734,33792,74164,1.9520360146726443,0.2603177277481765
17055,0.4848809523809524,0,3,0,394879,210731,33792,74164,1.9520082255733817,0.2603204689446989
17056,0.4848888888888888,0,3,0,394882,210728,33792,74164,1.9519804364741191,0.2603232101989526
17057,0.4848968253968254,0,1,0,394883,210727,33792,74164,1.9519711734410314,0.2603241239632
17058,0.4849523809523808,0,1,0,394884,210726,33792,74164,1.951961910407944,0.2603250377338622
17059,0.4849523809523809,0,2,0,394886,210724,33792,74164,1.9519433843417688,0.2603268652944315
17060,0.484969696969697,0,1,0,394887,210723,33792,74164,1.9519341213086814,0.2603277790843387
17061,0.4849999999999999,6,22,6,394909,210701,33798,74158,1.951730334580755,0.26033230475428193
17062,0.485,235,1208,235,396117,209493,34033,73923,1.9405405906109896,0.26082860530104157
17063,0.4850000000000001,4,22,4,396139,209471,34037,73919,1.9403368038830635,0.2608384205511839
17064,0.485047619047619,0,2,0,396141,209469,34037,73919,1.9403182778168884,0.26084026140838706
17065,0.4850833333333333,0,1,0,396142,209468,34037,73919,1.940309014783801,0.26084118184673255
17066,0.4850873015873016,0,1,0,396143,209467,34037,73919,1.9402997517507132,0.26084210229157406
17067,0.4850952380952381,0,1,0,396144,209466,34037,73919,1.9402904887176258,0.2608430227429116
17068,0.4851190476190476,1,1,1,396145,209465,34038,73918,1.940281225684538,0.26084133487188715
17069,0.4851666666666666,4,11,4,396156,209454,34042,73914,1.9401793323205752,0.26084102650969765
17070,0.4851666666666667,2,3,2,396159,209451,34044,73912,1.9401515432213123,0.26083857102021085
17071,0.4851904761904761,0,1,0,396160,209450,34044,73912,1.9401422801882249,0.26083949153379776
17072,0.4851969696969697,0,1,0,396161,209449,34044,73912,1.9401330171551372,0.2608404120538818
17073,0.4852380952380952,0,3,0,396164,209446,34044,73912,1.9401052280558746,0.26084317365311727
17074,0.4852777777777778,0,3,0,396167,209443,34044,73912,1.940077438956612,0.26084593531082917
17075,0.4852857142857142,0,1,0,396168,209442,34044,73912,1.9400681759235243,0.2608468558763949
17076,0.4853333333333333,3,24,3,396192,209418,34047,73909,1.939845863129423,0.2608611251310323
17077,0.4853333333333334,1,9,1,396201,209409,34048,73908,1.939762495831635,0.2608668029098148
17078,0.4853571428571428,1,0,1,396201,209409,34049,73907,1.939762495831635,0.26086419404481215
17079,0.4853888888888889,0,2,0,396203,209407,34049,73907,1.93974396976546,0.2608660355647797
17080,0.4854166666666666,0,1,0,396204,209406,34049,73907,1.9397347067323725,0.2608669563345134
17081,0.4854166666666667,0,2,0,396206,209404,34049,73907,1.9397161806661973,0.260868797893481
17082,0.4854404761904762,0,1,0,396207,209403,34049,73907,1.9397069176331099,0.260869718682715
17083,0.4854761904761905,1,0,1,396207,209403,34050,73906,1.9397069176331099,0.2608671097635444
17084,0.4855,0,20,0,396227,209383,34050,73906,1.9395216569713587,0.2608855267941925
17085,0.485547619047619,0,1,0,396228,209382,34050,73906,1.9395123939382712,0.26088644771398717
17086,0.4855555555555556,0,2,0,396230,209380,34050,73906,1.939493867872096,0.26088828957308163
17087,0.4855735653235652,0,2,0,396232,209378,34050,73906,1.939475341805921,0.2608901314581833
17088,0.4855833333333333,0,1,0,396233,209377,34050,73906,1.9394660787728333,0.26089105241048705
17089,0.4855952380952382,0,1,0,396234,209376,34050,73906,1.9394568157397458,0.26089197336929276
17090,0.4856190476190475,0,1,0,396235,209375,34050,73906,1.9394475527066584,0.2608928943346006
17091,0.4856190476190476,1,1,1,396236,209374,34051,73905,1.9394382896735707,0.2608912061960117
17092,0.4856428571428571,0,1,0,396237,209373,34051,73905,1.9394290266404832,0.26089212716836463
17093,0.4856587301587302,0,1,0,396238,209372,34051,73905,1.9394197636073955,0.26089304814721986
17094,0.4856666666666666,6,34,6,396272,209338,34057,73899,1.9391048204824188,0.26090870896104673
17095,0.4856666666666667,2,8,2,396280,209330,34059,73897,1.9390307162177183,0.2609108594872664
17096,0.4857142857142857,2,13,2,396293,209317,34061,73895,1.9389102967875802,0.2609176164851772
17097,0.4857222222222221,0,1,0,396294,209316,34061,73895,1.9389010337544925,0.26091853776866014
17098,0.4857222222222222,1,1,1,396295,209315,34062,73894,1.938891770721405,0.2609168493939105
17099,0.4857499999999999,0,1,0,396296,209314,34062,73894,1.9388825076883174,0.26091777068444394
17100,0.4857777777777777,1,0,1,396296,209314,34063,73893,1.9388825076883174,0.26091516099531437
17101,0.4857936507936508,0,1,0,396297,209313,34063,73893,1.93887324465523,0.26091608228639224
17102,0.4858095238095238,1,2,1,396299,209311,34064,73892,1.9388547185890548,0.26091531516262184
17103,0.4858214285714284,0,1,0,396300,209310,34064,73892,1.9388454555559673,0.2609162364672566
17104,0.4858333333333333,30,121,30,396421,209189,34094,73862,1.9377246285523733,0.26094944020688854
17105,0.4858333333333334,0,1,0,396422,209188,34094,73862,1.9377153655192856,0.2609503621268327
17106,0.4858650793650794,0,2,0,396424,209186,34094,73862,1.9376968394531104,0.26095220598626384
17107,0.4859166666666666,0,3,0,396427,209183,34094,73862,1.9376690503538478,0.26095497182426824
17108,0.4859285714285713,2,0,2,396427,209183,34096,73860,1.9376690503538478,0.2609497496846769
17109,0.4859285714285715,1,0,1,396427,209183,34097,73859,1.9376690503538478,0.26094713858720614
17110,0.4859444444444445,0,1,0,396428,209182,34097,73859,1.9376597873207604,0.26094806052833336
17111,0.4859484126984127,0,1,0,396429,209181,34097,73859,1.9376505242876727,0.26094898247597514
17112,0.4859523809523809,2,1,2,396430,209180,34099,73857,1.9376412612545852,0.26094468214403066
17113,0.4859848484848484,0,1,0,396431,209179,34099,73857,1.9376319982214976,0.26094560409276557
17114,0.4859999999999999,0,2,0,396433,209177,34099,73857,1.9376134721553226,0.26094744800977976
17115,0.486,18,112,18,396545,209065,34117,73839,1.9365760124495164,0.2610037327149846
17116,0.4860000000000001,0,5,0,396550,209060,34117,73839,1.9365296972840786,0.26100834573469683
17117,0.4860476190476192,0,1,0,396551,209059,34117,73839,1.9365204342509912,0.26100926835820687
17118,0.4860714285714285,0,3,0,396554,209056,34117,73839,1.9364926451517286,0.2610120362678732
17119,0.4860714285714286,0,2,0,396556,209054,34117,73839,1.9364741190855534,0.2610138815735985
17120,0.4860833333333333,0,1,0,396557,209053,34117,73839,1.9364648560524658,0.2610148042362456
17121,0.4861111111111111,0,3,0,396560,209050,34117,73839,1.9364370669532032,0.2610175722633259
17122,0.4861190476190476,0,1,0,396561,209049,34117,73839,1.9364278039201157,0.26101849495206586
17123,0.4861666666666665,0,1,0,396562,209048,34117,73839,1.936418540887028,0.26101941764732917
17124,0.4861666666666666,0,4,0,396566,209044,34117,73839,1.9363814887546777,0.2610231084936175
17125,0.4861666666666667,0,9,0,396575,209035,34117,73839,1.93629812145689,0.2610314132794106
17126,0.4861904761904761,0,1,0,396576,209034,34117,73839,1.9362888584238023,0.2610323360660084
17127,0.4861904761904762,1,4,1,396580,209030,34118,73838,1.936251806291452,0.26103341487902487
17128,0.4862142857142856,0,1,0,396581,209029,34118,73838,1.9362425432583645,0.26103433769227236
17129,0.4862499999999999,0,1,0,396582,209028,34118,73838,1.9362332802252769,0.26103526051204456
17130,0.48625,0,10,0,396592,209018,34118,73838,1.9361406498944014,0.2610444890686427
17131,0.4862500000000001,0,1,0,396593,209017,34118,73838,1.936131386861314,0.2610454119601916
17132,0.4862619047619047,0,2,0,396595,209015,34118,73838,1.9361128607951388,0.26104725776286625
17133,0.4862619047619048,0,1,0,396596,209014,34118,73838,1.936103597762051,0.26104818067399205
17134,0.4863095238095238,0,1,0,396597,209013,34118,73838,1.9360943347289636,0.2610491035916437
17135,0.4863181818181818,1,1,1,396598,209012,34119,73837,1.9360850716958762,0.26104741399121084
17136,0.4863333333333333,2,23,2,396621,208989,34121,73835,1.9358720219348624,0.2610634175317512
17137,0.4863333333333334,1,3,1,396624,208986,34122,73834,1.9358442328355996,0.2610635740046673
17138,0.4863888888888888,0,1,0,396625,208985,34122,73834,1.9358349698025121,0.2610644970811721
17139,0.4863888888888889,0,1,0,396626,208984,34122,73834,1.9358257067694247,0.26106542016420453
17140,0.4864166666666666,0,1,0,396627,208983,34122,73834,1.935816443736337,0.2610663432537648
17141,0.4864285714285714,0,4,0,396631,208979,34122,73834,1.9357793916039867,0.261070035677285
17142,0.4864393939393939,0,1,0,396632,208978,34122,73834,1.9357701285708993,0.26107095879948516
17143,0.4864444444444444,0,1,0,396633,208977,34122,73834,1.9357608655378118,0.26107188192821357
17144,0.4864523809523809,0,2,0,396635,208975,34122,73834,1.9357423394716367,0.26107372820525515
17145,0.4865,2,17,2,396652,208958,34124,73832,1.935584867909148,0.26108419675377487
17146,0.4865079365079365,0,1,0,396653,208957,34124,73832,1.9355756048760606,0.2610851200011316
17147,0.4865238095238094,0,1,0,396654,208956,34124,73832,1.9355663418429732,0.2610860432550179
17148,0.486547619047619,0,3,0,396657,208953,34124,73832,1.9355385527437103,0.26108881305585513
17149,0.4865476190476191,0,1,0,396658,208952,34124,73832,1.9355292897106229,0.2610897363358606
17150,0.4865714285714285,0,1,0,396659,208951,34124,73832,1.9355200266775352,0.26109065962239597
17151,0.4865833333333333,2,4,2,396663,208947,34126,73830,1.9354829745451851,0.2610891267677357
17152,0.4865952380952381,0,1,0,396664,208946,34126,73830,1.9354737115120975,0.261090050074971
17153,0.4866190476190475,0,1,0,396665,208945,34126,73830,1.93546444847901,0.2610909733887366
17154,0.4866428571428571,0,2,0,396667,208943,34126,73830,1.9354459224128349,0.26109282003585915
17155,0.4866666666666666,62,370,62,397037,208573,34188,73768,1.9320186001704398,0.2612727163252946
17156,0.4866666666666667,48,293,48,397330,208280,34236,73720,1.9293045314757864,0.26141843971631207
17157,0.4866746031746032,0,2,0,397332,208278,34236,73720,1.9292860054096113,0.26142029376094866
17158,0.4866904761904762,0,1,0,397333,208277,34236,73720,1.9292767423765238,0.261421220793129
17159,0.4867142857142857,1,2,1,397335,208275,34237,73719,1.9292582163103487,0.2614204557543778
17160,0.4867460317460317,0,1,0,397336,208274,34237,73719,1.9292489532772612,0.26142138280028226
17161,0.4867499999999999,0,2,0,397338,208272,34237,73719,1.929230427211086,0.26142323691181635
17162,0.4867722233906443,1,8,1,397346,208264,34238,73718,1.9291563229463855,0.2614280344135441
17163,0.4867738095238095,2,0,2,397346,208264,34240,73716,1.9291563229463855,0.2614227959429747
17164,0.4867857142857143,1,2,1,397348,208262,34241,73715,1.9291377968802104,0.2614220308748586
17165,0.4868214285714285,0,2,0,397350,208260,34241,73715,1.9291192708140354,0.26142388509619646
17166,0.4868333333333333,1,6,1,397356,208254,34242,73714,1.92906369261551,0.26142682857629235
17167,0.4868333333333334,1,12,1,397368,208242,34243,73713,1.9289525362184594,0.26143533542586583
17168,0.4869047619047618,0,1,0,397369,208241,34243,73713,1.9289432731853717,0.26143626265277314
17169,0.4869047619047619,0,3,0,397372,208238,34243,73713,1.9289154840861091,0.2614390443729584
17170,0.4869444444444444,0,1,0,397373,208237,34243,73713,1.9289062210530217,0.2614399716261748
17171,0.4869444444444445,0,1,0,397374,208236,34243,73713,1.928896958019934,0.2614408988859687
17172,0.4869523809523809,0,1,0,397375,208235,34243,73713,1.9288876949868465,0.26144182615234013
17173,0.4869761904761905,0,1,0,397376,208234,34243,73713,1.9288784319537589,0.26144275342528916
17174,0.4869999999999999,0,4,0,397380,208230,34243,73713,1.9288413798214088,0.26144646258286247
17175,0.487,8,43,8,397423,208187,34251,73705,1.9284430693986438,0.261465383905893
17176,0.4870000000000001,0,1,0,397424,208186,34251,73705,1.9284338063655564,0.26146631144662297
17177,0.4870039682539683,0,1,0,397425,208185,34251,73705,1.9284245433324687,0.2614672389939338
17178,0.4870238095238094,0,1,0,397426,208184,34251,73705,1.9284152802993813,0.26146816654782556
17179,0.487047619047619,1,0,1,397426,208184,34252,73704,1.9284152802993813,0.2614655466000681
17180,0.4870476190476191,1,0,1,397426,208184,34253,73703,1.9284152802993813,0.261462926633722
17181,0.4870591630591631,0,6,0,397432,208178,34253,73703,1.9283597021008558,0.26146849202322964
17182,0.487063492063492,0,1,0,397433,208177,34253,73703,1.9283504390677684,0.2614694196111821
17183,0.4870833333333333,0,3,0,397436,208174,34253,73703,1.9283226499685058,0.26147220241452834
17184,0.4870952380952381,0,3,0,397439,208171,34253,73703,1.928294860869243,0.2614749852771096
17185,0.4870952380952382,0,2,0,397441,208169,34253,73703,1.9282763348030678,0.2614768405517398
17186,0.4871388888888889,0,2,0,397443,208167,34253,73703,1.928257808736893,0.26147869585269806
17187,0.4871428571428571,2,14,2,397457,208153,34255,73701,1.9281281262736671,0.2614864433359115
17188,0.4871666666666666,0,4,0,397461,208149,34255,73701,1.9280910741413169,0.2614901543374135
17189,0.4871666666666667,3,4,3,397465,208145,34258,73698,1.9280540220089666,0.2614860046195932
17190,0.4872222222222222,0,1,0,397466,208144,34258,73698,1.9280447589758791,0.261486932394746
17191,0.48725,0,1,0,397467,208143,34258,73698,1.9280354959427914,0.2614878601764825
17192,0.4872619047619047,1,0,1,397467,208143,34259,73697,1.9280354959427914,0.2614852398523985
17193,0.4872857142857142,0,1,0,397468,208142,34259,73697,1.928026232909704,0.26148616763471344
17194,0.4872961760461759,0,1,0,397469,208141,34259,73697,1.9280169698766163,0.26148709542361215
17195,0.4873333333333333,10,42,10,397511,208099,34269,73687,1.927627922486939,0.2614998615970985
17196,0.4873333333333334,1,3,1,397514,208096,34270,73686,1.9276001333876764,0.26150002484189905
17197,0.4873611111111111,1,1,1,397515,208095,34271,73685,1.927590870354589,0.2614983320320818
17198,0.4873690476190477,0,3,0,397518,208092,34271,73685,1.9275630812553262,0.26150111613084104
17199,0.4873809523809524,1,1,1,397519,208091,34272,73684,1.9275538182222387,0.26149942329873127
17200,0.4874166666666666,0,1,0,397520,208090,34272,73684,1.9275445551891512,0.26150035134540445
17201,0.4874999999999999,1,6,1,397526,208084,34273,73683,1.9274889769906258,0.26150329882491563
17202,0.4875,51,353,51,397879,207731,34324,73632,1.9242191263107191,0.26169752241765976
17203,0.4875238095238094,0,1,0,397880,207730,34324,73632,1.9242098632776317,0.26169845252734913
17204,0.4875238095238095,0,3,0,397883,207727,34324,73632,1.924182074178369,0.2617012428960865
17205,0.4875714285714285,0,1,0,397884,207726,34324,73632,1.9241728111452814,0.2617021730322223
17206,0.4875833333333333,1,1,1,397885,207725,34325,73631,1.924163548112194,0.2617004791083183
17207,0.4876190476190476,0,1,0,397886,207724,34325,73631,1.9241542850791062,0.26170140925165714
17208,0.4876190476190477,0,1,0,397887,207723,34325,73631,1.9241450220460188,0.2617023394016079
17209,0.4876428571428571,0,2,0,397889,207721,34325,73631,1.9241264959798436,0.2617041997213455
17210,0.4876547619047619,0,1,0,397890,207720,34325,73631,1.9241172329467562,0.2617051298911324
17211,0.4876666666666666,4,23,4,397913,207697,34329,73627,1.9239041831857424,0.2617160284938363
17212,0.4876666666666667,0,7,0,397920,207690,34329,73627,1.9238393419541295,0.26172254076362256
17213,0.4877142857142857,0,2,0,397922,207688,34329,73627,1.9238208158879544,0.2617244014716599
17214,0.4877380952380952,0,4,0,397926,207684,34329,73627,1.9237837637556041,0.26172812296710757
17215,0.4877777777777778,0,1,0,397927,207683,34329,73627,1.9237745007225167,0.26172905335750596
17216,0.4877857142857143,1,3,1,397930,207680,34330,73626,1.9237467116232538,0.2617292201375015
17217,0.4878095238095238,3,2,3,397932,207678,34333,73623,1.923728185557079,0.2617232075250355
17218,0.4878333333333333,1,4,1,397936,207674,34334,73622,1.9236911334247286,0.26172430464706214
17219,0.4878333333333334,1,8,1,397944,207666,34335,73621,1.923617029160028,0.26172912363529066
17220,0.4878571428571428,1,6,1,397950,207660,34336,73620,1.9235614509615029,0.2617320819112628
17221,0.4879166666666666,1,2,1,397952,207658,34337,73619,1.9235429248953277,0.2617313182378936
17222,0.4879166666666667,0,2,0,397954,207656,34337,73619,1.9235243988291526,0.26173317927295353
17223,0.4879523809523809,0,1,0,397955,207655,34337,73619,1.9235151357960651,0.2617341098004081
17224,0.4879761904761904,0,4,0,397959,207651,34337,73619,1.9234780836637149,0.2617378319763928
17225,0.4879999999999999,0,1,0,397960,207650,34337,73619,1.9234688206306272,0.26173876253693085
17226,0.488,10,73,10,398033,207577,34347,73609,1.9227926192152358,0.2617804584865534
17227,0.4880476190476189,0,1,0,398034,207576,34347,73609,1.9227833561821484,0.26178138947667906
17228,0.4880692640692641,0,1,0,398035,207575,34347,73609,1.9227740931490607,0.26178232047342664
17229,0.488095238095238,0,1,0,398036,207574,34347,73609,1.9227648301159732,0.26178325147679626
17230,0.4880952380952381,0,1,0,398037,207573,34347,73609,1.9227555670828855,0.2617841824867879
17231,0.4881071428571428,0,2,0,398039,207571,34347,73609,1.9227370410167106,0.26178604452663773
17232,0.4881190476190475,0,1,0,398040,207570,34347,73609,1.922727777983623,0.26178697555649605
17233,0.4881190476190477,0,2,0,398042,207568,34347,73609,1.9227092519174478,0.26178883763607974
17234,0.4881428571428571,0,3,0,398045,207565,34347,73609,1.9226814628181852,0.26179163080512424
17235,0.4881666666666666,1,6,1,398051,207559,34348,73608,1.9226258846196598,0.26179459182621007
17236,0.4881666666666667,0,6,0,398057,207553,34348,73608,1.9225703064211346,0.26180017854538856
17237,0.4882142857142857,2,6,2,398063,207547,34350,73606,1.9225147282226092,0.2618005143107134
17238,0.4882301587301586,0,1,0,398064,207546,34350,73606,1.9225054651895217,0.26180144548144774
17239,0.4882380952380951,0,1,0,398065,207545,34350,73606,1.922496202156434,0.2618023766588061
17240,0.4882857142857142,1,1,1,398066,207544,34351,73605,1.9224869391233466,0.26180068220054137
17241,0.4882976190476191,0,1,0,398067,207543,34351,73605,1.922477676090259,0.261801613385121
17242,0.4883095238095238,0,1,0,398068,207542,34351,73605,1.9224684130571714,0.26180254457632485
17243,0.4883134920634921,0,1,0,398069,207541,34351,73605,1.922459150024084,0.2618034757741529
17244,0.4883333333333332,0,1,0,398070,207540,34351,73605,1.9224498869909963,0.26180440697860535
17245,0.4883333333333333,69,346,69,398416,207194,34420,73536,1.9192448775427027,0.26194564171980195
17246,0.4883333333333334,0,3,0,398419,207191,34420,73536,1.9192170884434399,0.2619484410120865
17247,0.4884166666666666,0,1,0,398420,207190,34420,73536,1.9192078254103524,0.26194937412281016
17248,0.4884523809523809,0,1,0,398421,207189,34420,73536,1.9191985623772647,0.26195030724018165
17249,0.488452380952381,0,2,0,398423,207187,34420,73536,1.9191800363110898,0.2619521734948686
17250,0.4884603174603175,0,1,0,398424,207186,34420,73536,1.9191707732780021,0.26195310663218413
17251,0.4884761904761905,0,1,0,398425,207185,34420,73536,1.9191615102449147,0.26195403977614784
17252,0.4885,1,31,1,398456,207154,34421,73535,1.9188743562192003,0.26198034123175473
17253,0.4885000000000001,0,1,0,398457,207153,34421,73535,1.9188650931861129,0.2619812745824545
17254,0.4885021008403362,0,2,0,398459,207151,34421,73535,1.9188465671199377,0.2619831413038057
17255,0.488519841269841,0,1,0,398460,207150,34421,73535,1.9188373040868503,0.2619840746744571
17256,0.4885714285714286,2,5,2,398465,207145,34423,73533,1.9187909889214125,0.2619834828522364
17257,0.4885833333333333,0,1,0,398466,207144,34423,73533,1.9187817258883249,0.2619844162507081
17258,0.4885873015873016,0,1,0,398467,207143,34423,73533,1.9187724628552374,0.2619853496558309
17259,0.488595238095238,0,1,0,398468,207142,34423,73533,1.9187631998221497,0.2619862830676049
17260,0.4886190476190477,1,0,1,398468,207142,34424,73532,1.9187631998221497,0.26198365363375303
17261,0.4886363636363636,0,1,0,398469,207141,34424,73532,1.9187539367890623,0.26198458704613553
17262,0.4886587301587302,0,1,0,398470,207140,34424,73532,1.9187446737559746,0.2619855204651693
17263,0.4886666666666666,0,5,0,398475,207135,34424,73532,1.9186983585905368,0.2619901876601097
17264,0.4886666666666667,4,29,4,398504,207106,34428,73528,1.9184297306309979,0.26200674187732065
17265,0.4886904761904761,1,0,1,398504,207106,34429,73527,1.9184297306309979,0.26200411213221536
17266,0.4886904761904762,0,2,0,398506,207104,34429,73527,1.9184112045648227,0.262005979382178
17267,0.4886904761904763,0,3,0,398509,207101,34429,73527,1.9183834154655601,0.2620087803070257
17268,0.4887460317460317,0,3,0,398512,207098,34429,73527,1.9183556263662973,0.26201158129175944
17269,0.4887499999999999,0,2,0,398514,207096,34429,73527,1.9183371003001222,0.2620134486481864
17270,0.48875,0,9,0,398523,207087,34429,73527,1.9182537330023344,0.26202185208150697
17271,0.4887619047619048,0,1,0,398524,207086,34429,73527,1.9182444699692467,0.2620227858295945
17272,0.4887777777777777,2,0,2,398524,207086,34431,73525,1.9182444699692467,0.2620175260413883
17273,0.4887857142857142,0,1,0,398525,207085,34431,73525,1.9182352069361592,0.2620184597840419
17274,0.4888095238095238,1,2,1,398527,207083,34432,73524,1.918216680869984,0.26201769734896135
17275,0.4888127705627706,1,1,1,398528,207082,34433,73523,1.9182074178368964,0.2620160011403931
17276,0.4888333333333333,0,19,0,398547,207063,34433,73523,1.918031420208233,0.2620337436650439
17277,0.4888333333333334,0,1,0,398548,207062,34433,73523,1.9180221571751455,0.2620346775486929
17278,0.4888571428571429,0,3,0,398551,207059,34433,73523,1.9179943680758829,0.2620374792395806
17279,0.4888636363636363,0,1,0,398552,207058,34433,73523,1.9179851050427952,0.26203841314985693
17280,0.4888888888888889,0,1,0,398553,207057,34433,73523,1.9179758420097077,0.2620393470667902
17281,0.4889166666666666,0,2,0,398555,207055,34433,73523,1.9179573159435326,0.26204121492062815
17282,0.4889285714285714,0,3,0,398558,207052,34433,73523,1.91792952684427,0.2620440167513143
17283,0.4889444444444444,0,1,0,398559,207051,34433,73523,1.9179202638111823,0.26204495070819106
17284,0.4889642857142857,1,0,1,398559,207051,34434,73522,1.9179202638111823,0.2620423205369013
17285,0.4889761904761904,0,1,0,398560,207050,34434,73522,1.9179110007780948,0.26204325449439003
17286,0.4889761904761905,0,1,0,398561,207049,34434,73522,1.9179017377450072,0.26204418845853633
17287,0.4889880952380951,1,0,1,398561,207049,34435,73521,1.9179017377450072,0.2620415582564066
17288,0.4889999999999999,0,7,0,398568,207042,34435,73521,1.9178368965133943,0.2620480961495279
17289,0.489,13,72,13,398640,206970,34448,73508,1.9171699581310904,0.2620811614458175
17290,0.4890238095238095,0,1,0,398641,206969,34448,73508,1.917160695098003,0.2620820958581274
17291,0.4890476190476189,0,1,0,398642,206968,34448,73508,1.9171514320649152,0.26208303027710034
17292,0.4890681956931956,1,6,1,398648,206962,34449,73507,1.91709585386639,0.26208600594005044
17293,0.4890714285714285,2,1,2,398649,206961,34451,73505,1.9170865908333024,0.2620816783496039
17294,0.4890753968253969,0,1,0,398650,206960,34451,73505,1.917077327800215,0.2620826128037366
17295,0.4891190476190475,0,2,0,398652,206958,34451,73505,1.9170588017340398,0.26208448173199317
17296,0.4891190476190477,0,3,0,398655,206955,34451,73505,1.9170310126347772,0.2620872851743564
17297,0.4891666666666666,10,83,10,398738,206872,34461,73495,1.91626218088851,0.26213855410943515
17298,0.4891666666666667,5,53,5,398791,206819,34466,73490,1.9157712401348697,0.26217495692253906
17299,0.4892142857142857,0,1,0,398792,206818,34466,73490,1.9157619771017822,0.2621758922328296
17300,0.4892179487179486,1,0,1,398792,206818,34467,73489,1.9157619771017822,0.2621732600327498
17301,0.4892380952380952,0,2,0,398794,206816,34467,73489,1.915743451035607,0.262175130661244
17302,0.4892445887445887,1,0,1,398794,206816,34468,73488,1.915743451035607,0.2621724984302757
17303,0.4892499999999999,0,1,0,398795,206815,34468,73488,1.9157341880025196,0.26217343374847935
17304,0.4892857142857142,0,1,0,398796,206814,34468,73488,1.915724924969432,0.2621743690733566
17305,0.4892857142857143,2,9,2,398805,206805,34470,73486,1.915641557671644,0.2621775226461071
17306,0.4893095238095237,0,1,0,398806,206804,34470,73486,1.9156322946385564,0.26217845802561635
17307,0.4893095238095238,1,0,1,398806,206804,34471,73485,1.9156322946385564,0.26217582566565223
17308,0.4893333333333332,0,1,0,398807,206803,34471,73485,1.915623031605469,0.26217676104578147
17309,0.4893333333333333,2,3,2,398810,206800,34473,73483,1.9155952425062062,0.26217430240150136
17310,0.4893333333333334,6,37,6,398847,206763,34479,73477,1.9152525102819666,0.2621931201827005
17311,0.489345238095238,0,5,0,398852,206758,34479,73477,1.915206195116529,0.26219779827644657
17312,0.4893571428571427,0,3,0,398855,206755,34479,73477,1.9151784060172663,0.2622006052128237
17313,0.4893571428571428,0,1,0,398856,206754,34479,73477,1.9151691429841788,0.26220154087163805
17314,0.4893809523809523,1,1,1,398857,206753,34480,73476,1.9151598799510912,0.26219984369926025
17315,0.4893939393939394,0,1,0,398858,206752,34480,73476,1.9151506169180037,0.2622007793653739
17316,0.4894047619047618,0,1,0,398859,206751,34480,73476,1.915141353884916,0.2622017150381655
17317,0.4894166666666667,0,1,0,398860,206750,34480,73476,1.9151320908518286,0.26220265071763504
17318,0.4894285714285714,0,1,0,398861,206749,34480,73476,1.9151228278187409,0.26220358640378266
17319,0.4894285714285715,0,1,0,398862,206748,34480,73476,1.9151135647856534,0.26220452209660844
17320,0.4894444444444444,0,1,0,398863,206747,34480,73476,1.915104301752566,0.2622054577961124
17321,0.4894523809523809,0,1,0,398864,206746,34480,73476,1.9150950387194783,0.26220639350229463
17322,0.4894642857142857,0,1,0,398865,206745,34480,73476,1.9150857756863908,0.26220732921515516
17323,0.4894642857142858,0,1,0,398866,206744,34480,73476,1.9150765126533031,0.2622082649346942
17324,0.4894761904761904,0,1,0,398867,206743,34480,73476,1.9150672496202157,0.26220920066091163
17325,0.4894999999999999,2,1,2,398868,206742,34482,73474,1.915057986587128,0.2622048705284495
17326,0.4895,2,12,2,398880,206730,34484,73472,1.9149468301900774,0.26221083361289355
17327,0.4895000000000001,0,3,0,398883,206727,34484,73472,1.9149190410908148,0.26221364101941835
17328,0.4895039682539681,0,2,0,398885,206725,34484,73472,1.9149005150246396,0.2622155126571662
17329,0.4895238095238094,0,2,0,398887,206723,34484,73472,1.9148819889584645,0.26221738432163316
17330,0.4895476190476189,0,1,0,398888,206722,34484,73472,1.914872725925377,0.26221832016388646
17331,0.4895714285714285,0,1,0,398889,206721,34484,73472,1.9148634628922894,0.26221925601281976
17332,0.4895714285714286,0,1,0,398890,206720,34484,73472,1.914854199859202,0.2622201918684331
17333,0.4895833333333332,1,2,1,398892,206718,34485,73471,1.9148356737930268,0.26221943045587087
17334,0.4895833333333333,0,2,0,398894,206716,34485,73471,1.9148171477268516,0.26222130220174383
17335,0.4896103896103896,0,1,0,398895,206715,34485,73471,1.9148078846937642,0.26222223808470085
17336,0.4896190476190477,0,1,0,398896,206714,34485,73471,1.9147986216606765,0.26222317397433836
17337,0.4896269841269841,1,0,1,398896,206714,34486,73470,1.9147986216606765,0.2622205407874825
17338,0.4896428571428571,0,2,0,398898,206712,34486,73470,1.9147800955945016,0.2622224125746836
17339,0.4896587301587301,0,1,0,398899,206711,34486,73470,1.914770832561414,0.2622233484783051
17340,0.4896666666666666,2,10,2,398909,206701,34488,73468,1.9146782022305384,0.2622274412943616
17341,0.4896666666666667,4,14,4,398923,206687,34492,73464,1.9145485197673127,0.2622300116722767
17342,0.4896904761904761,0,2,0,398925,206685,34492,73464,1.9145299937011375,0.26223188374757717
17343,0.4897142857142856,1,0,1,398925,206685,34493,73463,1.9145299937011375,0.26222925025343746
17344,0.4897142857142857,0,2,0,398927,206683,34493,73463,1.9145114676349624,0.26223112234334955
17345,0.4897222222222223,0,1,0,398928,206682,34493,73463,1.914502204601875,0.2622320583983294
17346,0.4897272727272727,0,1,0,398929,206681,34493,73463,1.9144929415687872,0.262232994459992
17347,0.4897380952380951,0,1,0,398930,206680,34493,73463,1.9144836785356998,0.2622339305283373
17348,0.48975,1,1,1,398931,206679,34494,73462,1.914474415502612,0.2622322330540692
17349,0.4897619047619047,0,1,0,398932,206678,34494,73462,1.9144651524695246,0.26223316912972083
17350,0.4897619047619048,0,1,0,398933,206677,34494,73462,1.914455889436437,0.2622341052120554
17351,0.4897698412698411,0,2,0,398935,206675,34494,73462,1.914437363370262,0.26223597739677373
17352,0.4897857142857142,1,0,1,398935,206675,34495,73461,1.914437363370262,0.26223334380443786
17353,0.4897857142857143,1,0,1,398935,206675,34496,73460,1.914437363370262,0.26223071019329963
17354,0.4898322510822511,0,1,0,398936,206674,34496,73460,1.9144281003371744,0.26223164628356427
17355,0.4898333333333333,1,19,1,398955,206655,34497,73459,1.9142521027085109,0.26224679951733937
17356,0.4898571428571429,0,2,0,398957,206653,34497,73459,1.9142335766423357,0.2622486719597875
17357,0.4898888888888889,0,4,0,398961,206649,34497,73459,1.9141965245099855,0.2622524169249004
17358,0.4899404761904762,0,1,0,398962,206648,34497,73459,1.914187261476898,0.26225335318289084
17359,0.4899545454545454,0,1,0,398963,206647,34497,73459,1.9141779984438105,0.2622542894475663
17360,0.4899999999999999,4,31,4,398994,206616,34501,73455,1.9138908444180962,0.2622727808305751
17361,0.49,510,2904,510,401898,203712,35011,72945,1.886990996331839,0.26366583892690226
17362,0.4900119047619048,1,3,1,401901,203709,35012,72944,1.8869632072325762,0.26366603651505677
17363,0.4900238095238095,0,1,0,401902,203708,35012,72944,1.8869539441994887,0.263666989575351
17364,0.4901071428571428,0,1,0,401903,203707,35012,72944,1.886944681166401,0.2636679426425352
17365,0.490111111111111,0,1,0,401904,203706,35012,72944,1.8869354181333136,0.26366889571660945
17366,0.4901190476190477,0,1,0,401905,203705,35012,72944,1.886926155100226,0.2636698487975738
17367,0.4901428571428571,1,0,1,401905,203705,35013,72943,1.886926155100226,0.2636671871837136
17368,0.4901666666666666,1,15,1,401920,203690,35014,72942,1.8867872096039127,0.263678822406663
17369,0.4901666666666667,1,4,1,401924,203686,35015,72941,1.8867501574715624,0.26367997339377575
17370,0.4901904761904762,0,1,0,401925,203685,35015,72941,1.886740894438475,0.2636809265940295
17371,0.4902063492063492,1,0,1,401925,203685,35016,72940,1.886740894438475,0.2636782647989155
17372,0.4902142857142857,0,1,0,401926,203684,35016,72940,1.8867316314053875,0.2636792179998843
17373,0.4902301032301032,1,7,1,401933,203677,35017,72939,1.8866667901737746,0.26368322873586486
17374,0.4902380952380952,1,4,1,401937,203673,35018,72938,1.8866297380414243,0.2636843798692026
17375,0.4902499999999999,0,2,0,401939,203671,35018,72938,1.8866112119752492,0.2636862864187355
17376,0.4902777777777778,2,2,2,401941,203669,35020,72936,1.886592685909074,0.2636828690732272
17377,0.4902936507936508,0,2,0,401943,203667,35020,72936,1.886574159842899,0.2636847756531925
17378,0.4903214285714286,1,3,1,401946,203664,35021,72935,1.8865463707436363,0.2636849735537728
17379,0.4903333333333332,0,1,0,401947,203663,35021,72935,1.8865371077105488,0.2636859268685963
17380,0.4903333333333333,1,12,1,401959,203651,35022,72934,1.886425951313498,0.26369470506354287
17381,0.4903333333333334,1,6,1,401965,203645,35023,72933,1.8863703731149728,0.2636977633795891
17382,0.4903571428571428,0,1,0,401966,203644,35023,72933,1.8863611100818851,0.2636987168130394
17383,0.4903571428571429,0,1,0,401967,203643,35023,72933,1.8863518470487977,0.26369967025338426
17384,0.490404761904762,0,1,0,401968,203642,35023,72933,1.8863425840157102,0.2637006237006237
17385,0.4904166666666666,0,3,0,401971,203639,35023,72933,1.8863147949164474,0.2637034840837106
17386,0.4904761904761904,0,1,0,401972,203638,35023,72933,1.88630553188336,0.2637044375585293
17387,0.4904761904761905,0,1,0,401973,203637,35023,72933,1.8862962688502722,0.263705391040243
17388,0.4905,1,24,1,401997,203613,35024,72932,1.886073956056171,0.2637256142761576
17389,0.4905000000000001,0,1,0,401998,203612,35024,72932,1.8860646930230835,0.26372656792409166
17390,0.4905151515151515,0,1,0,401999,203611,35024,72932,1.8860554299899959,0.26372752157892265
17391,0.4905238095238096,0,1,0,402000,203610,35024,72932,1.8860461669569084,0.26372847524065063
17392,0.4905833333333333,0,1,0,402001,203609,35024,72932,1.8860369039238207,0.26372942890927564
17393,0.490595238095238,0,1,0,402002,203608,35024,72932,1.8860276408907333,0.26373038258479786
17394,0.4905952380952381,0,1,0,402003,203607,35024,72932,1.8860183778576458,0.2637313362672173
17395,0.4906071428571428,1,0,1,402003,203607,35025,72931,1.8860183778576458,0.26372867381697995
17396,0.4906388888888887,1,2,1,402005,203605,35026,72930,1.8859998517914707,0.2637279187083009
17397,0.4906428571428571,0,3,0,402008,203602,35026,72930,1.8859720626922079,0.26373077980125265
17398,0.4906666666666666,11,28,11,402036,203574,35037,72919,1.8857126977657563,0.2637281956505228
17399,0.4906666666666667,4,15,4,402051,203559,35041,72915,1.8855737522694431,0.26373185181970094
17400,0.4906785714285716,1,0,1,402051,203559,35042,72914,1.8855737522694431,0.26372918874537477
17401,0.4907142857142857,0,4,0,402055,203555,35042,72914,1.8855367001370928,0.26373300442364245
17402,0.4907619047619047,0,3,0,402058,203552,35042,72914,1.8855089110378302,0.26373586625480167
17403,0.4907738095238095,0,1,0,402059,203551,35042,72914,1.8854996480047426,0.2637368202123234
17404,0.4907857142857144,0,1,0,402060,203550,35042,72914,1.885490384971655,0.2637377741767463
17405,0.4908095238095237,0,2,0,402062,203548,35042,72914,1.88547185890548,0.26373968212629584
17406,0.4908095238095238,0,2,0,402064,203546,35042,72914,1.8854533328393048,0.2637415901034508
17407,0.4908214285714286,0,1,0,402065,203545,35042,72914,1.8854440698062174,0.26374254410238046
17408,0.4908333333333333,17,115,17,402180,203430,35059,72897,1.8843788210011485,0.2638070112584004
17409,0.4908333333333334,1,1,1,402181,203429,35060,72896,1.884369557968061,0.2638053017280376
17410,0.4908571428571428,1,1,1,402182,203428,35061,72895,1.8843602949349736,0.26380359217292804
17411,0.4908571428571429,0,2,0,402184,203426,35061,72895,1.8843417688687985,0.26380550157244653
17412,0.4909047619047619,0,2,0,402186,203424,35061,72895,1.8843232428026233,0.26380741099960553
17413,0.490920634920635,0,1,0,402187,203423,35061,72895,1.8843139797695356,0.2638083657235504
17414,0.4909523809523808,1,0,1,402187,203423,35062,72894,1.8843139797695356,0.26380570142264137
17415,0.490952380952381,0,1,0,402188,203422,35062,72894,1.8843047167364482,0.2638066561473096
17416,0.4909999999999999,0,2,0,402190,203420,35062,72894,1.884286190670273,0.2638085656173773
17417,0.491,10,53,10,402243,203367,35072,72884,1.8837952499166326,0.2638325291130168
17418,0.4910000000000001,0,2,0,402245,203365,35072,72884,1.8837767238504577,0.26383443921968946
17419,0.4910238095238095,0,2,0,402247,203363,35072,72884,1.8837581977842826,0.2638363493540201
17420,0.491031746031746,0,1,0,402248,203362,35072,72884,1.8837489347511949,0.2638373044315574
17421,0.491047619047619,0,1,0,402249,203361,35072,72884,1.8837396717181074,0.26383825951600937
17422,0.4910595238095239,0,1,0,402250,203360,35072,72884,1.8837304086850197,0.2638392146073761
17423,0.4910714285714285,0,1,0,402251,203359,35072,72884,1.8837211456519323,0.2638401697056577
17424,0.4910714285714286,2,2,2,402253,203357,35074,72882,1.8837026195857571,0.2638367500606359
17425,0.4910833333333332,0,2,0,402255,203355,35074,72882,1.883684093519582,0.2638386602808458
17426,0.4910952380952381,0,2,0,402257,203353,35074,72882,1.8836655674534069,0.2638405705287165
17427,0.491111111111111,0,1,0,402258,203352,35074,72882,1.8836563044203194,0.2638415256630248
17428,0.4911190476190477,0,1,0,402259,203351,35074,72882,1.883647041387232,0.2638424808042486
17429,0.4911428571428571,1,0,1,402259,203351,35075,72881,1.883647041387232,0.26383981580700283
17430,0.4911666666666666,0,3,0,402262,203348,35075,72881,1.8836192522879691,0.26384268125359756
17431,0.4911666666666667,1,14,1,402276,203334,35076,72880,1.8834895698247434,0.2638533890389336
17432,0.4911666666666668,0,2,0,402278,203332,35076,72880,1.8834710437585682,0.26385529955251763
17433,0.4911746031746032,1,0,1,402278,203332,35077,72879,1.8834710437585682,0.2638526343990645
17434,0.4911904761904761,0,1,0,402279,203331,35077,72879,1.8834617807254808,0.2638535896600413
17435,0.4911904761904762,1,5,1,402284,203326,35078,72878,1.883415465560043,0.2638557008587855
17436,0.4912142857142856,0,1,0,402285,203325,35078,72878,1.8834062025269553,0.26385665615507436
17437,0.4912142857142857,1,2,1,402287,203323,35079,72877,1.8833876764607804,0.2638559015206372
17438,0.4912142857142858,0,1,0,402288,203322,35079,72877,1.8833784134276927,0.26385685683148746
17439,0.4912380952380953,0,1,0,402289,203321,35079,72877,1.8833691503946053,0.26385781214925524
17440,0.49125,1,5,1,402294,203316,35080,72876,1.8833228352291675,0.2638599235314564
17441,0.4912619047619048,0,2,0,402296,203314,35080,72876,1.8833043091629924,0.2638618342445418
17442,0.4913095238095237,0,2,0,402298,203312,35080,72876,1.8832857830968173,0.26386374498529985
17443,0.4913333333333332,2,2,2,402300,203310,35082,72874,1.8832672570306421,0.26386032500072415
17444,0.4913333333333333,2,21,2,402321,203289,35084,72872,1.8830727333358035,0.2638750583898523
17445,0.4913333333333334,1,2,1,402323,203287,35085,72871,1.8830542072696284,0.26387430384055505
17446,0.4913809523809523,0,1,0,402324,203286,35085,72871,1.883044944236541,0.26387525936333317
17447,0.4913809523809524,0,3,0,402327,203283,35085,72871,1.883017155137278,0.2638781259731889
17448,0.4913809523809525,0,1,0,402328,203282,35085,72871,1.8830078921041906,0.26387908152364814
17449,0.4913888888888889,0,1,0,402329,203281,35085,72871,1.882998629071103,0.26388003708102786
17450,0.4914285714285714,0,2,0,402331,203279,35085,72871,1.882980103004928,0.263881948216549
17451,0.4914761904761905,0,1,0,402332,203278,35085,72871,1.8829708399718403,0.26388290379469054
17452,0.4914880952380953,1,3,1,402335,203275,35086,72870,1.8829430508725777,0.2638831048905466
17453,0.4914999999999999,1,4,1,402339,203271,35087,72869,1.8829059987402275,0.2638842616064315
17454,0.4915,3,30,3,402369,203241,35090,72866,1.8826281077476008,0.2639049354054769
17455,0.4915238095238095,0,1,0,402370,203240,35090,72866,1.8826188447145134,0.2639058912156925
17456,0.4915476190476189,0,1,0,402371,203239,35090,72866,1.8826095816814257,0.26390684703283174
17457,0.491547619047619,0,2,0,402373,203237,35090,72866,1.8825910556152508,0.263908758687881
17458,0.4915555555555555,0,1,0,402374,203236,35090,72866,1.882581792582163,0.2639097145257912
17459,0.4915714285714286,0,1,0,402375,203235,35090,72866,1.8825725295490756,0.26391067037062527
17460,0.4915833333333333,0,1,0,402376,203234,35090,72866,1.882563266515988,0.2639116262223832
17461,0.4915909090909091,0,1,0,402377,203233,35090,72866,1.8825540034829005,0.2639125820810651
17462,0.4916428571428571,1,1,1,402378,203232,35091,72865,1.8825447404498128,0.263910871903715
17463,0.4916666666666666,37,249,37,402627,202983,35128,72828,1.8802382452110118,0.26405038232702827
17464,0.4916666666666667,25,174,25,402801,202809,35153,72803,1.8786264774537775,0.26415032727167176
17465,0.4917142857142857,0,4,0,402805,202805,35153,72803,1.8785894253214273,0.2641541609822647
17466,0.4917222222222222,0,1,0,402806,202804,35153,72803,1.8785801622883398,0.26415511942730047
17467,0.49175,0,2,0,402808,202802,35153,72803,1.8785616362221647,0.26415703633823767
17468,0.4917532467532466,2,0,2,402808,202802,35155,72801,1.8785616362221647,0.2641516964619398
17469,0.4917619047619048,0,1,0,402809,202801,35155,72801,1.878552373189077,0.2641526549154215
17470,0.4917857142857142,0,2,0,402811,202799,35155,72801,1.8785338471229018,0.2641545718432511
17471,0.4917857142857143,0,4,0,402815,202795,35155,72801,1.8784967949905518,0.2641584057823771
17472,0.4918181818181818,1,1,1,402816,202794,35156,72800,1.878487531957464,0.2641566942676546
17473,0.4918333333333333,2,14,2,402830,202780,35158,72798,1.8783578494942383,0.2641647736756925
17474,0.4918333333333334,0,1,0,402831,202779,35158,72798,1.8783485864611509,0.26416573226357787
17475,0.4918690476190475,0,1,0,402832,202778,35158,72798,1.8783393234280632,0.2641666908584202
17476,0.4918968253968256,0,2,0,402834,202776,35158,72798,1.8783207973618883,0.264168608068976
17477,0.4919047619047618,0,1,0,402835,202775,35158,72798,1.8783115343288006,0.2641695666846897
17478,0.4919047619047619,0,4,0,402839,202771,35158,72798,1.8782744821964503,0.264173401217118
17479,0.4919166666666666,0,1,0,402840,202770,35158,72798,1.8782652191633629,0.2641743598676189
17480,0.4919285714285714,1,1,1,402841,202769,35159,72797,1.8782559561302754,0.2641726482947824
17481,0.4919444444444444,0,1,0,402842,202768,35159,72797,1.8782466930971877,0.26417360695298747
17482,0.4919761904761905,1,1,1,402843,202767,35160,72796,1.8782374300641003,0.2641718953560529
17483,0.4919999999999999,0,4,0,402847,202763,35160,72796,1.87820037793175,0.26417573006143874
17484,0.492,19,76,19,402923,202687,35179,72777,1.8774963874170958,0.26419786251561
17485,0.4920000000000001,0,1,0,402924,202686,35179,72777,1.8774871243840083,0.2641988216203265
17486,0.4920238095238095,0,3,0,402927,202683,35179,72777,1.8774593352847457,0.2642016989762579
17487,0.4920714285714286,0,2,0,402929,202681,35179,72777,1.8774408092185706,0.26420361724836455
17488,0.4920753968253968,0,3,0,402932,202678,35179,72777,1.8774130201193078,0.2642064947087546
17489,0.4921190476190476,0,1,0,402933,202677,35179,72777,1.8774037570862203,0.2642074538761463
17490,0.4921428571428571,2,6,2,402939,202671,35181,72775,1.877348178887695,0.26420786651467076
17491,0.4921666666666666,1,4,1,402943,202667,35182,72774,1.8773111267553448,0.2642090320613126
17492,0.4921666666666667,0,8,0,402951,202659,35182,72774,1.8772370224906443,0.2642167060591868
17493,0.4922222222222222,0,2,0,402953,202657,35182,72774,1.8772184964244691,0.2642186246283098
17494,0.4922301587301587,0,1,0,402954,202656,35182,72774,1.8772092333913817,0.2642195839233199
17495,0.4922380952380951,1,0,1,402954,202656,35183,72773,1.8772092333913817,0.2642169125255511
17496,0.4922619047619047,1,0,1,402954,202656,35184,72772,1.8772092333913817,0.26421424110838404
17497,0.4922857142857143,0,1,0,402955,202655,35184,72772,1.8771999703582942,0.26421520039792756
17498,0.4923014346764345,0,1,0,402956,202654,35184,72772,1.8771907073252065,0.26421615969443696
17499,0.4923015873015873,1,0,1,402956,202654,35185,72771,1.8771907073252065,0.2642134882454389
17500,0.4923095238095238,0,1,0,402957,202653,35185,72771,1.877181444292119,0.2642144475426978
17501,0.4923214285714285,1,0,1,402957,202653,35186,72770,1.877181444292119,0.2642117760680844
17502,0.4923333333333333,4,29,4,402986,202624,35190,72766,1.87691281633258,0.26422891172518975
17503,0.4923333333333334,0,2,0,402988,202622,35190,72766,1.8768942902664048,0.26423083068252795
17504,0.4923809523809523,1,1,1,402989,202621,35191,72765,1.8768850272333173,0.26422911840108065
17505,0.4923809523809524,0,4,0,402993,202617,35191,72765,1.876847975100967,0.26423295640237926
17506,0.4923928571428571,1,1,1,402994,202616,35192,72764,1.8768387120678796,0.2642312440990631
17507,0.492404761904762,1,2,1,402996,202614,35193,72763,1.8768201860017044,0.26423049129012227
17508,0.4924166666666666,0,2,0,402998,202612,35193,72763,1.8768016599355293,0.2642324103495234
17509,0.4924999999999999,3,11,3,403009,202601,35196,72760,1.8766997665715661,0.2642349497568646
17510,0.4925,33,314,33,403323,202287,35229,72727,1.873791174182074,0.26444835535645456
17511,0.4925238095238095,0,1,0,403324,202286,35229,72727,1.8737819111489866,0.26444931694138096
17512,0.4925396825396825,0,1,0,403325,202285,35229,72727,1.8737726481158992,0.2644502785333004
17513,0.492547619047619,0,3,0,403328,202282,35229,72727,1.8737448590166363,0.2644531633510176
17514,0.4925714285714285,0,1,0,403329,202281,35229,72727,1.8737355959835489,0.2644541249709099
17515,0.4925833333333332,0,1,0,403330,202280,35229,72727,1.8737263329504612,0.2644550865977957
17516,0.4925952380952381,1,3,1,403333,202277,35230,72726,1.8736985438511986,0.2644552968513071
17517,0.4926190476190475,0,1,0,403334,202276,35230,72726,1.8736892808181111,0.2644562584999382
17518,0.4926190476190477,0,2,0,403336,202274,35230,72726,1.873670754751936,0.2644581818181818
17519,0.4926428571428572,0,2,0,403338,202272,35230,72726,1.8736522286857609,0.2644601051644012
17520,0.4926666666666666,8,38,8,403376,202234,35238,72718,1.8733002334284339,0.2644752538624924
17521,0.4926666666666667,1,4,1,403380,202230,35239,72717,1.8732631812960836,0.2644764263658087
17522,0.4926904761904762,0,1,0,403381,202229,35239,72717,1.8732539182629961,0.26447738828715456
17523,0.4927142857142857,0,3,0,403384,202226,35239,72717,1.8732261291637333,0.26448027409317565
17524,0.4927380952380952,0,1,0,403385,202225,35239,72717,1.8732168661306459,0.2644812360425108
17525,0.4927499999999999,1,1,1,403386,202224,35240,72716,1.8732076030975582,0.2644795228049756
17526,0.4927777777777777,0,3,0,403389,202221,35240,72716,1.8731798139982956,0.2644824086972652
17527,0.4927777777777778,0,1,0,403390,202220,35240,72716,1.8731705509652081,0.26448337067535715
17528,0.4927857142857143,1,4,1,403394,202216,35241,72715,1.8731334988328578,0.26448454339452443
17529,0.4928333333333333,0,6,0,403400,202210,35241,72715,1.8730779206343324,0.264490315540602
17530,0.4928333333333334,0,6,0,403406,202204,35241,72715,1.8730223424358072,0.2644960879386292
17531,0.4928571428571428,1,13,1,403419,202191,35242,72714,1.872901923005669,0.2645059202269875
17532,0.4928888888888889,0,1,0,403420,202190,35242,72714,1.8728926599725815,0.2645068824025842
17533,0.4929166666666666,1,3,1,403423,202187,35243,72713,1.8728648708733187,0.2645070934885413
17534,0.4929166666666667,0,1,0,403424,202186,35243,72713,1.8728556078402312,0.26450805568590646
17535,0.4929285714285714,0,1,0,403425,202185,35243,72713,1.8728463448071437,0.26450901789027204
17536,0.4929393939393939,0,1,0,403426,202184,35243,72713,1.872837081774056,0.26450998010163806
17537,0.4929761904761905,0,1,0,403427,202183,35243,72713,1.8728278187409686,0.26451094232000466
17538,0.4929999999999999,0,1,0,403428,202182,35243,72713,1.872818555707881,0.2645119045453719
17539,0.493,6,47,6,403475,202135,35249,72707,1.872383193152766,0.2645410817851711
17540,0.4930000000000001,1,3,1,403478,202132,35250,72706,1.8723554040535033,0.26454129341648536
17541,0.4930238095238095,0,2,0,403480,202130,35250,72706,1.8723368779873282,0.26454321850121526
17542,0.4930833333333333,0,1,0,403481,202129,35250,72706,1.8723276149542407,0.264544181054087
17543,0.4930833333333334,0,1,0,403482,202128,35250,72706,1.872318351921153,0.26454514361396336
17544,0.4930952380952381,0,2,0,403484,202126,35250,72706,1.872299825854978,0.26454706875473016
17545,0.4930952380952382,0,1,0,403485,202125,35250,72706,1.8722905628218904,0.2645480313356208
17546,0.4931396103896104,0,1,0,403486,202124,35250,72706,1.8722812997888028,0.26454899392351633
17547,0.4931428571428571,0,2,0,403488,202122,35250,72706,1.8722627737226278,0.2645509191203225
17548,0.4931510989010989,0,1,0,403489,202121,35250,72706,1.8722535106895402,0.2645518817292333
17549,0.4931666666666666,0,13,0,403502,202108,35250,72706,1.872133091259402,0.26456439628257655
17550,0.4931666666666667,1,6,1,403508,202102,35251,72705,1.8720775130608767,0.26456749646115274
17551,0.4931731601731601,0,1,0,403509,202101,35251,72705,1.8720682500277892,0.2645684592039475
17552,0.4932142857142857,0,6,0,403515,202095,35251,72705,1.8720126718292638,0.26457423580786027
17553,0.4932222222222223,0,1,0,403516,202094,35251,72705,1.8720034087961763,0.2645751985997038
17554,0.4932467532467532,0,2,0,403518,202092,35251,72705,1.8719848827300012,0.2645771242044127
17555,0.49325,0,2,0,403520,202090,35251,72705,1.871966356663826,0.2645790498371513
17556,0.4932539682539682,0,1,0,403521,202089,35251,72705,1.8719570936307384,0.26458001266403197
17557,0.4932857142857142,0,1,0,403522,202088,35251,72705,1.871947830597651,0.26458097549792026
17558,0.4933181818181819,1,0,1,403522,202088,35252,72704,1.871947830597651,0.2645782992226848
17559,0.4933333333333332,0,1,0,403523,202087,35252,72704,1.8719385675645634,0.2645792620573454
17560,0.4933333333333333,79,656,79,404179,201431,35331,72625,1.8658620178591279,0.2650005838222845
17561,0.4933333333333334,2,2,2,404181,201429,35333,72623,1.8658434917929527,0.2649971538248216
17562,0.4933809523809523,0,1,0,404182,201428,35333,72623,1.865834228759865,0.2649981207877366
17563,0.4934047619047619,1,0,1,404182,201428,35334,72622,1.865834228759865,0.26499543878854226
17564,0.4934285714285714,0,1,0,404183,201427,35334,72622,1.8658249657267776,0.26499640575225597
17565,0.493452380952381,1,2,1,404185,201425,35335,72621,1.8658064396606024,0.264995657663312
17566,0.4934805194805194,0,2,0,404187,201423,35335,72621,1.8657879135944273,0.2649975916276218
17567,0.4934999999999999,1,1,1,404188,201422,35336,72620,1.8657786505613398,0.26499587654447126
17568,0.4935,6,27,6,404215,201395,35342,72614,1.8655285486679758,0.2650058939669865
17569,0.4935000000000001,0,1,0,404216,201394,35342,72614,1.8655192856348883,0.26500686111354416
17570,0.493531746031746,0,1,0,404217,201393,35342,72614,1.8655100226018007,0.26500782826716107
17571,0.493547619047619,1,1,1,404218,201392,35343,72613,1.8655007595687132,0.26500611302713456
17572,0.4935555555555556,0,1,0,404219,201391,35343,72613,1.8654914965356255,0.2650070801886104
17573,0.4935714285714285,1,1,1,404220,201390,35344,72612,1.865482233502538,0.2650053649243436
17574,0.4935714285714286,0,2,0,404222,201388,35344,72612,1.865463707436363,0.265007299270073
17575,0.4936111111111111,0,1,0,404223,201387,35344,72612,1.8654544444032755,0.2650082664535272
17576,0.4936190476190475,1,0,1,404223,201387,35345,72611,1.8654544444032755,0.26500558398236485
17577,0.4936497113997113,1,0,1,404223,201387,35346,72610,1.8654544444032755,0.26500290149162214
17578,0.4936666666666666,0,3,0,404226,201384,35346,72610,1.8654266553040126,0.26500580304678206
17579,0.4936666666666667,3,23,3,404249,201361,35349,72607,1.865213605542999,0.26502000233603923
17580,0.4937142857142856,1,0,1,404249,201361,35350,72606,1.865213605542999,0.2650173196041859
17581,0.493714285714286,0,2,0,404251,201359,35350,72606,1.865195079476824,0.2650192542843064
17582,0.4937222222222222,1,0,1,404251,201359,35351,72605,1.865195079476824,0.26501657152034575
17583,0.4937380952380952,0,2,0,404253,201357,35351,72605,1.8651765534106488,0.26501850621619055
17584,0.4937460317460318,1,1,1,404254,201356,35352,72604,1.8651672903775611,0.26501679077237555
17585,0.49375,2,12,2,404266,201344,35354,72602,1.8650561339805105,0.2650230337365758
17586,0.4937619047619048,1,4,1,404270,201340,35355,72601,1.8650190818481605,0.26502422054383973
17587,0.4937857142857142,1,0,1,404270,201340,35356,72600,1.8650190818481605,0.26502153756297
17588,0.4938030303030303,0,1,0,404271,201339,35356,72600,1.8650098188150728,0.2650225050102395
17589,0.4938095238095238,0,7,0,404278,201332,35356,72600,1.86494497758346,0.26502927733890164
17590,0.4938333333333332,2,3,2,404281,201329,35358,72598,1.8649171884841973,0.2650268137131426
17591,0.4938333333333333,1,10,1,404291,201319,35359,72597,1.8648245581533218,0.26503380598431636
17592,0.4938333333333334,1,3,1,404294,201316,35360,72596,1.864796769054059,0.26503402552644645
17593,0.4938571428571429,0,1,0,404295,201315,35360,72596,1.8647875060209715,0.2650349931182026
17594,0.4938809523809523,0,1,0,404296,201314,35360,72596,1.8647782429878839,0.26503596071702384
17595,0.4938888888888889,0,1,0,404297,201313,35360,72596,1.8647689799547964,0.26503692832291015
17596,0.4939166666666666,0,1,0,404298,201312,35360,72596,1.864759716921709,0.2650378959358617
17597,0.4939285714285714,0,4,0,404302,201308,35360,72596,1.8647226647893587,0.26504176645832117
17598,0.493940476190476,0,1,0,404303,201307,35360,72596,1.864713401756271,0.2650427341065998
17599,0.4939444444444444,0,2,0,404305,201305,35360,72596,1.864694875690096,0.26504466942435406
17600,0.4939722222222222,0,1,0,404306,201304,35360,72596,1.8646856126570084,0.2650456370938299
17601,0.4939761904761904,0,1,0,404307,201303,35360,72596,1.864676349623921,0.26504660477037156
17602,0.4939761904761905,0,2,0,404309,201301,35360,72596,1.8646578235577458,0.2650485401446529
17603,0.4939999999999999,0,3,0,404312,201298,35360,72596,1.8646300344584832,0.26505144325907104
17604,0.494,20,123,20,404435,201175,35380,72576,1.863490681388714,0.2651168397558365
17605,0.4940119047619047,0,1,0,404436,201174,35380,72576,1.8634814183556263,0.2651178082191781
17606,0.4940476190476189,0,1,0,404437,201173,35380,72576,1.8634721553225388,0.2651187766895952
17607,0.494047619047619,1,3,1,404440,201170,35381,72575,1.8634443662232762,0.2651189976072622
17608,0.4940714285714285,0,2,0,404442,201168,35381,72575,1.863425840157101,0.2651209345992409
17609,0.4940833333333333,0,1,0,404443,201167,35381,72575,1.8634165771240134,0.2651219031058442
17610,0.4940833333333334,0,1,0,404444,201166,35381,72575,1.863407314090926,0.2651228716195236
17611,0.4941031746031746,0,1,0,404445,201165,35381,72575,1.8633980510578383,0.2651238401402791
17612,0.4941190476190476,0,2,0,404447,201163,35381,72575,1.8633795249916634,0.26512577720301894
17613,0.4941388888888888,0,2,0,404449,201161,35381,72575,1.8633609989254882,0.26512771429406434
17614,0.4941428571428571,0,1,0,404450,201160,35381,72575,1.8633517358924006,0.26512868285020186
17615,0.4941666666666666,12,84,12,404534,201076,35393,72563,1.862573641113046,0.2651778438015049
17616,0.4941666666666667,10,50,10,404584,201026,35403,72553,1.8621104894586684,0.2651994487881014
17617,0.4941666666666668,0,2,0,404586,201024,35403,72553,1.8620919633924933,0.2652013875435435
17618,0.4941904761904762,0,1,0,404587,201023,35403,72553,1.8620827003594056,0.2652023569318946
17619,0.4942142857142857,0,2,0,404589,201021,35403,72553,1.8620641742932307,0.2652042957298574
17620,0.4942380952380951,0,1,0,404590,201020,35403,72553,1.862054911260143,0.2652052651394692
17621,0.4942499999999999,0,1,0,404591,201019,35403,72553,1.8620456482270555,0.26520623455616804
17622,0.4942857142857142,0,2,0,404593,201017,35403,72553,1.8620271221608804,0.2652081734108272
17623,0.4942857142857143,3,15,3,404608,201002,35406,72550,1.861888176664567,0.26521465754225887
17624,0.4943095238095237,0,3,0,404611,200999,35406,72550,1.8618603875653044,0.2652175661398872
17625,0.4943095238095238,0,1,0,404612,200998,35406,72550,1.861851124532217,0.2652185356866071
17626,0.4943333333333333,7,43,7,404655,200955,35413,72543,1.861452814109452,0.26524142772524845
17627,0.4943809523809523,1,0,1,404655,200955,35414,72542,1.861452814109452,0.2652387411927736
17628,0.4944047619047618,0,2,0,404657,200953,35414,72542,1.8614342880432768,0.26524068081683394
17629,0.4944047619047619,0,1,0,404658,200952,35414,72542,1.8614250250101894,0.26524165063950217
17630,0.4944166666666666,0,1,0,404659,200951,35414,72542,1.8614157619771017,0.26524262046926245
17631,0.4944347041847041,0,1,0,404660,200950,35414,72542,1.8614064989440142,0.265243590306115
17632,0.4944404761904761,1,0,1,404660,200950,35415,72541,1.8614064989440142,0.2652409037226088
17633,0.4944444444444444,0,1,0,404661,200949,35415,72541,1.8613972359109268,0.26524187356027645
17634,0.494452380952381,0,3,0,404664,200946,35415,72541,1.861369446811664,0.26524478311583366
17635,0.4944999999999999,0,4,0,404668,200942,35415,72541,1.8613323946793139,0.2652486626225396
17636,0.4945,1,13,1,404681,200929,35416,72540,1.8612119752491756,0.265258585068143
17637,0.4945238095238095,0,3,0,404684,200926,35416,72540,1.861184186149913,0.2652614950304608
17638,0.4945238095238096,0,2,0,404686,200924,35416,72540,1.8611656600837378,0.26526343504080974
17639,0.494547619047619,0,2,0,404688,200922,35416,72540,1.8611471340175627,0.26526537507953574
17640,0.4945714285714284,0,1,0,404689,200921,35416,72540,1.8611378709844753,0.2652663451095403
17641,0.4945714285714286,0,1,0,404690,200920,35416,72540,1.8611286079513876,0.26526731514663937
17642,0.4946428571428571,1,5,1,404695,200915,35417,72539,1.8610822927859498,0.26526947859603445
17643,0.4946547619047619,0,1,0,404696,200914,35417,72539,1.8610730297528624,0.265270448669424
17644,0.4946666666666666,1,13,1,404709,200901,35418,72538,1.860952610322724,0.26528037331909493
17645,0.4946666666666667,5,20,5,404729,200881,35423,72533,1.860767349660973,0.2652863423233631
17646,0.4947142857142856,0,1,0,404730,200880,35423,72533,1.8607580866278854,0.2652873126003518
17647,0.49475,0,3,0,404733,200877,35423,72533,1.8607302975286228,0.2652902234739037
17648,0.4947619047619047,0,1,0,404734,200876,35423,72533,1.8607210344955352,0.26529119377928306
17649,0.4947619047619048,0,1,0,404735,200875,35423,72533,1.8607117714624477,0.2652921640917603
17650,0.4948095238095236,0,1,0,404736,200874,35423,72533,1.86070250842936,0.2652931344113355
17651,0.4948333333333333,1,14,1,404750,200860,35424,72532,1.8605728259661343,0.2653040323052613
17652,0.4948333333333334,1,4,1,404754,200856,35425,72531,1.8605357738337842,0.2653052266567174
17653,0.4948571428571429,0,1,0,404755,200855,35425,72531,1.8605265108006965,0.2653061970986078
17654,0.4948809523809523,0,2,0,404757,200853,35425,72531,1.8605079847345214,0.26530813800368713
17655,0.4949285714285715,0,2,0,404759,200851,35425,72531,1.8604894586683465,0.26531007893716485
17656,0.4949404761904762,1,0,1,404759,200851,35426,72530,1.8604894586683465,0.2653073915158698
17657,0.4949999999999999,5,20,5,404779,200831,35431,72525,1.8603041980065953,0.26531336425759816
17658,0.495,194,1184,194,405963,199647,35625,72331,1.849336766830931,0.2659443043187317
17659,0.4950238095238093,0,1,0,405964,199646,35625,72331,1.8493275037978436,0.2659452821378278
17660,0.4950238095238095,0,2,0,405966,199644,35625,72331,1.8493089777316685,0.2659472377975917
17661,0.4951111111111111,0,1,0,405967,199643,35625,72331,1.849299714698581,0.26594821563825954
17662,0.4951190476190475,1,0,1,405967,199643,35626,72330,1.849299714698581,0.2659455166505499
17663,0.4951428571428571,0,1,0,405968,199642,35626,72330,1.8492904516654933,0.2659464944920801
17664,0.4951666666666666,0,13,0,405981,199629,35626,72330,1.8491700322353553,0.2659592070863623
17665,0.4951666666666667,0,1,0,405982,199628,35626,72330,1.8491607692022676,0.2659601850285706
17666,0.4952142857142857,0,1,0,405983,199627,35626,72330,1.8491515061691801,0.2659611629779708
17667,0.4952380952380952,0,4,0,405987,199623,35626,72330,1.8491144540368298,0.26596507484749204
17668,0.4952499999999999,0,1,0,405988,199622,35626,72330,1.8491051910037422,0.26596605283285285
17669,0.4952857142857143,0,1,0,405989,199621,35626,72330,1.8490959279706547,0.26596703082540607
17670,0.495297619047619,0,1,0,405990,199620,35626,72330,1.8490866649375672,0.2659680088251517
17671,0.4953333333333332,0,2,0,405992,199618,35626,72330,1.849068138871392,0.2659699648462206
17672,0.4953333333333333,2,18,2,406010,199600,35628,72328,1.848901404275816,0.2659821717513459
17673,0.4953333333333334,0,11,0,406021,199589,35628,72328,1.848799510911853,0.2659929316666483
17674,0.4953571428571428,1,6,1,406027,199583,35629,72327,1.8487439327133277,0.2659961016512817
17675,0.4953809523809525,1,0,1,406027,199583,35630,72326,1.8487439327133277,0.265993402204414
17676,0.4954047619047618,0,2,0,406029,199581,35630,72326,1.8487254066471526,0.26599535870720503
17677,0.4954047619047619,0,2,0,406031,199579,35630,72326,1.8487068805809774,0.26599731523877823
17678,0.4954166666666666,1,3,1,406034,199576,35631,72325,1.8486790914817148,0.26599755057907104
17679,0.4954166666666667,0,3,0,406037,199573,35631,72325,1.848651302382452,0.2660004854761712
17680,0.4954285714285714,1,4,1,406041,199569,35632,72324,1.848614250250102,0.2660016991978462
17681,0.4954761904761904,0,2,0,406043,199567,35632,72324,1.8485957241839268,0.2660036558768036
17682,0.4954761904761905,0,2,0,406045,199565,35632,72324,1.8485771981177517,0.26600561258454736
17683,0.4954999999999999,0,2,0,406047,199563,35632,72324,1.8485586720515765,0.2660075693210782
17684,0.4955,0,25,0,406072,199538,35632,72324,1.8483270962243876,0.26603203095688255
17685,0.4955238095238094,0,1,0,406073,199537,35632,72324,1.8483178331913002,0.2660330095158923
17686,0.4955436507936507,0,2,0,406075,199535,35632,72324,1.848299307125125,0.2660349666555089
17687,0.4955555555555556,1,4,1,406079,199531,35633,72323,1.8482622549927747,0.2660361811854893
17688,0.4955714285714285,1,0,1,406079,199531,35634,72322,1.8482622549927747,0.2660334813299835
17689,0.4955833333333333,0,2,0,406081,199529,35634,72322,1.8482437289265998,0.2660354385306657
17690,0.4955952380952381,0,2,0,406083,199527,35634,72322,1.8482252028604247,0.26603739576014623
17691,0.4956071428571429,0,3,0,406086,199524,35634,72322,1.8481974137611619,0.2660403316583654
17692,0.4956428571428571,0,1,0,406087,199523,35634,72322,1.8481881507280744,0.266041310305505
17693,0.4956666666666666,5,27,5,406114,199496,35639,72317,1.8479380488347104,0.26605423581653564
17694,0.4956666666666667,3,18,3,406132,199478,35642,72314,1.8477713142391345,0.26606375463589804
17695,0.4956785714285713,0,1,0,406133,199477,35642,72314,1.8477620512060469,0.2660647335636574
17696,0.4957063492063492,0,2,0,406135,199475,35642,72314,1.8477435251398717,0.26606669144078676
17697,0.4957142857142856,0,1,0,406136,199474,35642,72314,1.8477342621067843,0.26606767039015705
17698,0.4957142857142857,3,9,3,406145,199465,35645,72311,1.8476508948089962,0.266068379842223
17699,0.4957182539682538,1,1,1,406146,199464,35646,72310,1.8476416317759088,0.2660666583264036
17700,0.49575,1,0,1,406146,199464,35647,72309,1.8476416317759088,0.2660639577883013
17701,0.4957619047619048,0,2,0,406148,199462,35647,72309,1.8476231057097336,0.2660659157893962
17702,0.4957738095238095,0,2,0,406150,199460,35647,72309,1.8476045796435585,0.2660678738193098
17703,0.4958333333333333,20,139,20,406289,199321,35667,72289,1.8463170180443884,0.26614999447737564
17704,0.4958333333333334,1,0,1,406289,199321,35668,72288,1.8463170180443884,0.2661472926154877
17705,0.4958571428571428,1,0,1,406289,199321,35669,72287,1.8463170180443884,0.26614459073370444
17706,0.4958611111111111,0,1,0,406290,199320,35669,72287,1.846307755011301,0.26614557062225935
17707,0.4959047619047619,0,1,0,406291,199319,35669,72287,1.8462984919782133,0.26614655051802977
17708,0.4959166666666667,1,2,1,406293,199317,35670,72286,1.8462799659120381,0.2661458084041782
17709,0.4959523809523809,1,1,1,406294,199316,35671,72285,1.8462707028789507,0.2661440863619795
17710,0.495952380952381,2,0,2,406294,199316,35673,72283,1.8462707028789507,0.26613868239573785
17711,0.4959682539682539,0,2,0,406296,199314,35673,72283,1.8462521768127755,0.2661406422014971
17712,0.4959920634920635,1,0,1,406296,199314,35674,72282,1.8462521768127755,0.2661379401758494
17713,0.4959999999999999,1,7,1,406303,199307,35675,72281,1.8461873355811627,0.2661420975889951
17714,0.496,7,108,7,406411,199199,35682,72274,1.845186928007707,0.26622905408641007
17715,0.4960000000000001,0,2,0,406413,199197,35682,72274,1.8451684019415318,0.26623101546758215
17716,0.4960101435372333,0,1,0,406414,199196,35682,72274,1.845159138908444,0.2662319961690058
17717,0.4960238095238095,0,2,0,406416,199194,35682,72274,1.8451406128422692,0.2662339575935285
17718,0.4960555555555555,0,1,0,406417,199193,35682,72274,1.8451313498091815,0.2662349383166278
17719,0.4960714285714285,0,1,0,406418,199192,35682,72274,1.845122086776094,0.2662359190469525
17720,0.4960714285714286,0,3,0,406421,199189,35682,72274,1.8450942976768312,0.2662388612812796
17721,0.4960952380952381,1,4,1,406425,199185,35683,72273,1.8450572455444811,0.2662400813385496
17722,0.496111111111111,0,1,0,406426,199184,35683,72273,1.8450479825113935,0.2662410621203358
17723,0.4961111111111111,0,1,0,406427,199183,35683,72273,1.845038719478306,0.2662420429093481
17724,0.4961190476190476,0,1,0,406428,199182,35683,72273,1.8450294564452183,0.26624302370558656
17725,0.4961428571428571,0,5,0,406433,199177,35683,72273,1.8449831412797806,0.2662479277951741
17726,0.4961666666666666,3,15,3,406448,199162,35686,72270,1.8448441957834674,0.2662545315217071
17727,0.4961666666666667,1,2,1,406450,199160,35687,72269,1.8448256697172922,0.2662537901255945
17728,0.4961904761904762,0,1,0,406451,199159,35687,72269,1.8448164066842048,0.2662547710626759
17729,0.4962222222222222,0,1,0,406452,199158,35687,72269,1.844807143651117,0.2662557520069853
17730,0.4962380952380952,0,1,0,406453,199157,35687,72269,1.8447978806180296,0.26625673295852276
17731,0.49625,2,14,2,406467,199143,35689,72267,1.8446681981548039,0.26626506024096386
17732,0.4962619047619047,1,0,1,406467,199143,35690,72266,1.8446681981548039,0.2662623568120438
17733,0.4962857142857143,0,1,0,406468,199142,35690,72266,1.8446589351217162,0.2662633378529741
17734,0.4962857142857144,0,1,0,406469,199141,35690,72266,1.8446496720886287,0.2662643189011337
17735,0.4963333333333332,0,3,0,406472,199138,35690,72266,1.8446218829893661,0.2662672620889891
17736,0.4963333333333333,2,12,2,406484,199126,35692,72264,1.8445107265923153,0.266273628357714
17737,0.4963333333333334,1,3,1,406487,199123,35693,72263,1.8444829374930527,0.26627386821722565
17738,0.4963452380952382,0,1,0,406488,199122,35693,72263,1.8444736744599652,0.26627484938371687
17739,0.4963571428571429,0,3,0,406491,199119,35693,72263,1.8444458853607024,0.26627779292657583
17740,0.4963809523809523,1,0,1,406491,199119,35694,72262,1.8444458853607024,0.26627508926564497
17741,0.4963888888888889,0,1,0,406492,199118,35694,72262,1.844436622327615,0.26627607045471297
17742,0.4964285714285714,0,1,0,406493,199117,35694,72262,1.8444273592945275,0.26627705165101206
17743,0.4964484126984125,0,2,0,406495,199115,35694,72262,1.8444088332283524,0.26627901406530396
17744,0.4964545454545455,0,1,0,406496,199114,35694,72262,1.8443995701952647,0.266279995283297
17745,0.4964761904761903,0,1,0,406497,199113,35694,72262,1.8443903071621772,0.2662809765085214
17746,0.4964761904761904,1,1,1,406498,199112,35695,72261,1.8443810441290895,0.2662792540156906
17747,0.4964880952380952,0,1,0,406499,199111,35695,72261,1.844371781096002,0.2662802352490308
17748,0.4965,8,20,8,406519,199091,35703,72253,1.844186520434251,0.26627822984845806
17749,0.496524361603309,3,5,3,406524,199086,35706,72250,1.8441402052688132,0.2662750243240853
17750,0.496538961038961,1,0,1,406524,199086,35707,72249,1.8441402052688132,0.2662723201945934
17751,0.4965476190476189,0,1,0,406525,199085,35707,72249,1.8441309422357257,0.26627330153979967
17752,0.496547619047619,0,1,0,406526,199084,35707,72249,1.844121679202638,0.2662742828922394
17753,0.4965714285714286,0,1,0,406527,199083,35707,72249,1.8441124161695506,0.2662752642519128
17754,0.4965833333333331,0,1,0,406528,199082,35707,72249,1.8441031531364631,0.2662762456188198
17755,0.4965833333333333,0,2,0,406530,199080,35707,72249,1.844084627070288,0.2662782083743352
17756,0.4965952380952381,0,1,0,406531,199079,35707,72249,1.8440753640372003,0.26627918976294374
17757,0.4966190476190475,0,1,0,406532,199078,35707,72249,1.8440661010041128,0.26628017115878627
17758,0.4966428571428571,0,1,0,406533,199077,35707,72249,1.8440568379710252,0.26628115256186285
17759,0.4966666666666666,66,367,66,406900,198710,35773,72183,1.840657304827893,0.26646314227388673
17760,0.4966666666666667,36,262,36,407162,198448,35809,72147,1.8382303901589536,0.2666235518025093
17761,0.4966666666666668,0,1,0,407163,198447,35809,72147,1.8382211271258662,0.26662453712942635
17762,0.4967142857142857,0,2,0,407165,198445,35809,72147,1.838202601059691,0.2666265078051088
17763,0.4967222222222222,1,1,1,407166,198444,35810,72146,1.8381933380266033,0.26662478288185076
17764,0.4967380952380952,1,0,1,407166,198444,35811,72145,1.8381933380266033,0.26662207258979487
17765,0.4967380952380953,1,3,1,407169,198441,35812,72144,1.8381655489273407,0.2666223183103276
17766,0.4967499999999999,0,2,0,407171,198439,35812,72144,1.8381470228611656,0.26662428903515745
17767,0.4967857142857143,2,2,2,407173,198437,35814,72142,1.8381284967949905,0.26662083901559247
17768,0.4968333333333333,5,15,5,407188,198422,35819,72137,1.8379895512986772,0.2666220676451347
17769,0.4968571428571428,0,2,0,407190,198420,35819,72137,1.837971025232502,0.26662403855749434
17770,0.4968611111111111,0,1,0,407191,198419,35819,72137,1.8379617621994147,0.2666250240246012
17771,0.4968787878787878,0,1,0,407192,198418,35819,72137,1.837952499166327,0.2666260094989928
17772,0.4969047619047618,0,1,0,407193,198417,35819,72137,1.8379432361332395,0.2666269949806693
17773,0.4969047619047619,1,1,1,407194,198416,35820,72136,1.8379339731001518,0.26662526981874096
17774,0.4969523809523808,0,1,0,407195,198415,35820,72136,1.8379247100670644,0.26662625530861095
17775,0.4969642857142857,0,1,0,407196,198414,35820,72136,1.837915447033977,0.26662724080576605
17776,0.4969696969696969,0,1,0,407197,198413,35820,72136,1.8379061840008892,0.2666282263102063
17777,0.4969761904761905,0,3,0,407200,198410,35820,72136,1.8378783949016266,0.26663118286723886
17778,0.4969999999999999,1,10,1,407210,198400,35821,72135,1.8377857645707512,0.2666383277579611
17779,0.497,7,32,7,407242,198368,35828,72128,1.8374893475119494,0.2666508931740211
17780,0.4970000000000001,0,1,0,407243,198367,35828,72128,1.8374800844788617,0.2666518789626426
17781,0.4970238095238095,0,3,0,407246,198364,35828,72128,1.837452295379599,0.2666548363722402
17782,0.497047619047619,0,1,0,407247,198363,35828,72128,1.8374430323465116,0.26665582219001743
17783,0.4970714285714286,1,1,1,407248,198362,35829,72127,1.837433769313424,0.26665409683942787
17784,0.4970833333333332,0,1,0,407249,198361,35829,72127,1.8374245062803365,0.2666550826654048
17785,0.4970833333333334,0,1,0,407250,198360,35829,72127,1.8374152432472488,0.2666560684986709
17786,0.497095238095238,0,1,0,407251,198359,35829,72127,1.8374059802141613,0.26665705433922643
17787,0.4971190476190477,0,2,0,407253,198357,35829,72127,1.8373874541479862,0.2666590260422058
17788,0.4971428571428571,1,13,1,407266,198344,35830,72126,1.837267034717848,0.26666913151181276
17789,0.4971666666666666,0,3,0,407269,198341,35830,72126,1.8372392456185853,0.26667208938613585
17790,0.4971666666666667,1,7,1,407276,198334,35831,72125,1.8371744043869724,0.26667627995370835
17791,0.4971904761904761,1,0,1,407276,198334,35832,72124,1.8371744043869724,0.2666735685392926
17792,0.4972142857142856,0,1,0,407277,198333,35832,72124,1.837165141353885,0.26667455455026123
17793,0.4972301587301587,1,0,1,407277,198333,35833,72123,1.837165141353885,0.2666718431094152
17794,0.4972348484848485,0,1,0,407278,198332,35833,72123,1.8371558783207973,0.2666728291212956
17795,0.4972380952380952,0,1,0,407279,198331,35833,72123,1.8371466152877098,0.2666738151404675
17796,0.49725,0,1,0,407280,198330,35833,72123,1.8371373522546222,0.26667480116693104
17797,0.4972619047619047,0,7,0,407287,198323,35833,72123,1.8370725110230093,0.2666817035563477
17798,0.4972619047619049,1,1,1,407288,198322,35834,72122,1.8370632479899218,0.2666799781100708
17799,0.4972727272727272,0,1,0,407289,198321,35834,72122,1.8370539849568344,0.26668096419578247
17800,0.4972727272727273,1,0,1,407289,198321,35835,72121,1.8370539849568344,0.26667825263827366
17801,0.4973095238095238,1,2,1,407291,198319,35836,72120,1.8370354588906592,0.2666775132284914
17802,0.4973333333333332,0,1,0,407292,198318,35836,72120,1.8370261958575715,0.26667849932331994
17803,0.4973333333333333,7,52,7,407344,198266,35843,72113,1.8365445181370188,0.26671080224425714
17804,0.4973333333333334,1,2,1,407346,198264,35844,72112,1.8365259920708437,0.26671006302334527
17805,0.4973769841269841,0,2,0,407348,198262,35844,72112,1.8365074660046685,0.26671203592061365
17806,0.4973809523809523,0,3,0,407351,198259,35844,72112,1.836479676905406,0.26671499532124376
17807,0.4973809523809524,0,5,0,407356,198254,35844,72112,1.8364333617399682,0.26671992780157266
17808,0.4973809523809525,0,1,0,407357,198253,35844,72112,1.8364240987068805,0.266720914319531
17809,0.4974166666666666,0,1,0,407358,198252,35844,72112,1.836414835673793,0.26672190084478703
17810,0.4974761904761904,1,0,1,407358,198252,35845,72111,1.836414835673793,0.26671918864637545
17811,0.4974999999999999,0,8,0,407366,198244,35845,72111,1.8363407314090925,0.2667270810600877
17812,0.4975,67,320,67,407686,197924,35912,72044,1.8333765608210753,0.266861257630534
17813,0.4975158730158731,0,2,0,407688,197922,35912,72044,1.8333580347549001,0.2668632346295459
17814,0.4975833333333333,0,1,0,407689,197921,35912,72044,1.8333487717218127,0.26686422314003666
17815,0.4976190476190475,1,0,1,407689,197921,35913,72043,1.8333487717218127,0.26686150746025394
17816,0.4976190476190477,0,4,0,407693,197917,35913,72043,1.8333117195894624,0.26686546154985924
17817,0.4976428571428571,0,1,0,407694,197916,35913,72043,1.833302456556375,0.2668664500905693
17818,0.4976666666666666,9,21,9,407715,197895,35922,72034,1.8331079328615363,0.26686276761666955
17819,0.4976666666666667,1,1,1,407716,197894,35923,72033,1.8330986698284486,0.2668610402071671
17820,0.4976666666666668,0,2,0,407718,197892,35923,72033,1.8330801437622735,0.26686301750486247
17821,0.4977380952380952,0,4,0,407722,197888,35923,72033,1.8330430916299234,0.26686697218815875
17822,0.4977500000000001,0,1,0,407723,197887,35923,72033,1.8330338285968357,0.266867960877297
17823,0.4977777777777777,1,0,1,407723,197887,35924,72032,1.8330338285968357,0.2668652447586128
17824,0.4977857142857144,0,1,0,407724,197886,35924,72032,1.8330245655637483,0.266866233448677
17825,0.4977878787878788,0,1,0,407725,197885,35924,72032,1.8330153025306606,0.2668672221460671
17826,0.4978333333333332,2,0,2,407725,197885,35926,72030,1.8330153025306606,0.26686178982272196
17827,0.4978333333333333,0,6,0,407731,197879,35926,72030,1.8329597243321354,0.2668677220841098
17828,0.4978333333333334,0,3,0,407734,197876,35926,72030,1.8329319352328726,0.2668706883137092
17829,0.4978377896613192,1,0,1,407734,197876,35927,72029,1.8329319352328726,0.26686797206424484
17830,0.4978571428571428,2,4,2,407738,197872,35929,72027,1.8328948831005225,0.2668664945034995
17831,0.4978571428571429,0,3,0,407741,197869,35929,72027,1.8328670940012597,0.2668694608293565
17832,0.4979047619047619,0,1,0,407742,197868,35929,72027,1.8328578309681722,0.2668704496192964
17833,0.4979166666666666,0,2,0,407744,197866,35929,72027,1.832839304901997,0.266872427221158
17834,0.4979166666666667,0,4,0,407748,197862,35929,72027,1.8328022527696468,0.2668763825128108
17835,0.4979285714285714,0,2,0,407750,197860,35929,72027,1.832783726703472,0.2668783602026033
17836,0.4979444444444444,0,1,0,407751,197859,35929,72027,1.8327744636703842,0.26687934905849137
17837,0.4979999999999999,0,1,0,407752,197858,35929,72027,1.8327652006372968,0.2668803379217074
17838,0.498,15,76,15,407828,197782,35944,72012,1.8320612101226426,0.2669147571851116
17839,0.4980238095238096,1,1,1,407829,197781,35945,72011,1.832051947089555,0.26691302929664334
17840,0.4980277777777778,0,5,0,407834,197776,35945,72011,1.8320056319241171,0.2669179760329445
17841,0.4980320512820512,0,1,0,407835,197775,35945,72011,1.8319963688910297,0.26691896540220766
17842,0.498047619047619,0,2,0,407837,197773,35945,72011,1.8319778428248545,0.2669209441627376
17843,0.4980833333333334,1,0,1,407837,197773,35946,72010,1.8319778428248545,0.2669182268712261
17844,0.4980952380952381,0,3,0,407840,197770,35946,72010,1.831950053725592,0.26692119504781675
17845,0.4981190476190477,0,1,0,407841,197769,35946,72010,1.8319407906925043,0.2669221844546833
17846,0.4981428571428571,0,1,0,407842,197768,35946,72010,1.8319315276594168,0.2669231738688848
17847,0.4981547619047618,1,1,1,407843,197767,35947,72009,1.8319222646263293,0.2669214459403357
17848,0.4981666666666666,1,13,1,407856,197754,35948,72008,1.831801845196191,0.26693159155107093
17849,0.4981666666666667,1,4,1,407860,197750,35949,72007,1.8317647930638408,0.26693283214151997
17850,0.4981904761904762,0,1,0,407861,197749,35949,72007,1.8317555300307533,0.26693382167588486
17851,0.4982022144522143,0,1,0,407862,197748,35949,72007,1.8317462669976656,0.26693481121758633
17852,0.4982142857142857,0,10,0,407872,197738,35949,72007,1.8316536366667902,0.2669447070381286
17853,0.4982142857142858,2,3,2,407875,197735,35951,72005,1.8316258475675276,0.2669422406762067
17854,0.4982658730158731,2,2,2,407877,197733,35953,72003,1.8316073215013524,0.26693878458937625
17855,0.4982738095238095,0,1,0,407878,197732,35953,72003,1.831598058468265,0.26693977422284837
17856,0.4982831890331889,0,1,0,407879,197731,35953,72003,1.8315887954351773,0.2669407638636583
17857,0.4982857142857143,0,3,0,407882,197728,35953,72003,1.8315610063359147,0.2669437328301159
17858,0.4983333333333333,49,362,49,408244,197366,36002,71954,1.82820778835822,0.2671691667904352
17859,0.4983333333333334,0,1,0,408245,197365,36002,71954,1.8281985253251325,0.26717015880795636
17860,0.4983571428571428,0,1,0,408246,197364,36002,71954,1.8281892622920448,0.26717115083284443
17861,0.4983809523809523,2,2,2,408248,197362,36004,71952,1.82817073622587,0.2671676927304188
17862,0.4984166666666667,0,1,0,408249,197361,36004,71952,1.8281614731927822,0.2671686847645676
17863,0.4984523809523809,0,1,0,408250,197360,36004,71952,1.8281522101596948,0.26716967680608367
17864,0.498452380952381,0,1,0,408251,197359,36004,71952,1.828142947126607,0.26717066885496693
17865,0.4984920634920634,0,1,0,408252,197358,36004,71952,1.8281336840935196,0.2671716609112176
17866,0.4984999999999999,0,3,0,408255,197355,36004,71952,1.828105894994257,0.2671746371241743
17867,0.4985,6,21,6,408276,197334,36010,71946,1.8279113712994184,0.2671791443850267
17868,0.4985065767565768,1,2,1,408278,197332,36011,71945,1.8278928452332432,0.2671784073649068
17869,0.4985238095238095,0,1,0,408279,197331,36011,71945,1.8278835822001556,0.2671793995751571
17870,0.4985634920634921,0,1,0,408280,197330,36011,71945,1.827874319167068,0.2671803917927769
17871,0.4985714285714284,0,1,0,408281,197329,36011,71945,1.8278650561339804,0.2671813840177663
17872,0.4985714285714285,0,4,0,408285,197325,36011,71945,1.8278280040016304,0.26718535299142127
17873,0.4985714285714286,2,8,2,408293,197317,36013,71943,1.8277538997369298,0.2671878481764837
17874,0.4985833333333332,0,1,0,408294,197316,36013,71943,1.8277446367038424,0.26718884048444064
17875,0.4985833333333333,1,0,1,408294,197316,36014,71942,1.8277446367038424,0.26718611888968946
17876,0.4985952380952381,0,1,0,408295,197315,36014,71942,1.8277353736707547,0.2671871111985947
17877,0.4986111111111111,0,1,0,408296,197314,36014,71942,1.8277261106376672,0.2671881035148706
17878,0.4986190476190476,0,1,0,408297,197313,36014,71942,1.8277168476045798,0.2671890958385174
17879,0.498642857142857,1,0,1,408297,197313,36015,71941,1.8277168476045798,0.26718637420428293
17880,0.4986666666666666,2,22,2,408319,197291,36017,71939,1.8275130608766534,0.267202763436467
17881,0.4986666666666667,1,5,1,408324,197286,36018,71938,1.8274667457112157,0.2672050040115294
17882,0.4986904761904761,0,1,0,408325,197285,36018,71938,1.827457482678128,0.26720599651589944
17883,0.4986904761904762,0,1,0,408326,197284,36018,71938,1.8274482196450406,0.2672069890276426
17884,0.49875,2,10,2,408336,197274,36020,71936,1.827355589314165,0.2672114705991605
17885,0.4987857142857143,1,1,1,408337,197273,36021,71935,1.8273463262810774,0.2672097411666815
17886,0.4987857142857144,0,1,0,408338,197272,36021,71935,1.82733706324799,0.2672107337476366
17887,0.4987936507936508,0,1,0,408339,197271,36021,71935,1.8273278002149023,0.2672117263359658
17888,0.4988095238095237,0,1,0,408340,197270,36021,71935,1.8273185371818148,0.26721271893166915
17889,0.4988095238095238,1,2,1,408342,197268,36022,71934,1.8273000111156397,0.2672119820803709
17890,0.4988333333333332,0,6,0,408348,197262,36022,71934,1.8272444329171145,0.26721793785940356
17891,0.4988333333333333,1,10,1,408358,197252,36023,71933,1.8271518025862388,0.2672251425599495
17892,0.4988333333333334,0,2,0,408360,197250,36023,71933,1.8271332765200636,0.26722712801328463
17893,0.4988571428571429,0,1,0,408361,197249,36023,71933,1.8271240134869762,0.26722812075101604
17894,0.4988888888888889,0,1,0,408362,197248,36023,71933,1.8271147504538887,0.26722911349612344
17895,0.4989285714285714,0,1,0,408363,197247,36023,71933,1.827105487420801,0.2672301062486069
17896,0.4989368131868131,0,1,0,408364,197246,36023,71933,1.8270962243877136,0.2672310990084665
17897,0.4989523809523809,0,2,0,408366,197244,36023,71933,1.8270776983215384,0.26723308455031447
17898,0.4989999999999998,0,1,0,408367,197243,36023,71933,1.8270684352884508,0.26723407733230303
17899,0.4989999999999999,2,4,2,408371,197239,36025,71931,1.8270313831561007,0.2672326039306015
17900,0.499,11,71,11,408442,197168,36036,71920,1.8263737078068842,0.2672731597098347
17901,0.499004329004329,0,1,0,408443,197167,36036,71920,1.8263644447737968,0.26727415296911405
17902,0.4990277777777778,0,1,0,408444,197166,36036,71920,1.826355181740709,0.2672751462357759
17903,0.4990476190476189,0,3,0,408447,197163,36036,71920,1.8263273926414465,0.2672781260800571
17904,0.4990476190476191,0,5,0,408452,197158,36036,71920,1.8262810774760088,0.2672830926348494
17905,0.4991190476190475,1,0,1,408452,197158,36037,71919,1.8262810774760088,0.2672803695596428
17906,0.4991190476190476,0,3,0,408455,197155,36037,71919,1.8262532883767462,0.2672833495618306
17907,0.4991428571428571,0,1,0,408456,197154,36037,71919,1.8262440253436585,0.26728434291065994
17908,0.4991666666666666,16,94,16,408550,197060,36053,71903,1.8253733002334285,0.26733416864029624
17909,0.4991666666666667,9,50,9,408600,197010,36062,71894,1.8249101485790507,0.2673593550114539
17910,0.4991785714285714,0,1,0,408601,197009,36062,71894,1.8249008855459632,0.26736034927092667
17911,0.4992222222222223,0,1,0,408602,197008,36062,71894,1.8248916225128755,0.26736134353779445
17912,0.4992380952380952,1,0,1,408602,197008,36063,71893,1.8248916225128755,0.26735861897129426
17913,0.49925,0,1,0,408603,197007,36063,71893,1.824882359479788,0.26735961323912233
17914,0.4992857142857143,0,9,0,408612,196998,36063,71893,1.824798992182,0.2673685619823646
17915,0.4992857142857144,0,2,0,408614,196996,36063,71893,1.824780466115825,0.26737055067332616
17916,0.499297619047619,0,1,0,408615,196995,36063,71893,1.8247712030827374,0.2673715450299009
17917,0.4993095238095237,1,0,1,408615,196995,36064,71892,1.8247712030827374,0.26736882035948184
17918,0.4993333333333333,8,46,8,408661,196949,36072,71884,1.82434510356071,0.26739276800095224
17919,0.4993333333333334,0,1,0,408662,196948,36072,71884,1.8243358405276224,0.2673937626473039
17920,0.4993412698412698,0,1,0,408663,196947,36072,71884,1.8243265774945348,0.26739475730105533
17921,0.4993571428571428,0,1,0,408664,196946,36072,71884,1.8243173144614473,0.2673957519622066
17922,0.4993650793650793,0,1,0,408665,196945,36072,71884,1.8243080514283596,0.26739674663075785
17923,0.4993809523809523,1,0,1,408665,196945,36073,71883,1.8243080514283596,0.2673940214560983
17924,0.4993888888888889,0,2,0,408667,196943,36073,71883,1.8242895253621847,0.26739601080252656
17925,0.4993928571428572,0,1,0,408668,196942,36073,71883,1.824280262329097,0.26739700548684087
17926,0.4994047619047619,0,1,0,408669,196941,36073,71883,1.8242709992960096,0.2673980001785555
17927,0.4994166666666666,0,1,0,408670,196940,36073,71883,1.8242617362629219,0.26739899487767044
17928,0.4994444444444444,0,3,0,408673,196937,36073,71883,1.8242339471636593,0.2674019790194182
17929,0.4994444444444445,1,0,1,408673,196937,36074,71882,1.8242339471636593,0.2673992537729848
17930,0.4994642857142855,0,1,0,408674,196936,36074,71882,1.8242246841305718,0.26740024849526445
17931,0.4994761904761905,0,1,0,408675,196935,36074,71882,1.8242154210974841,0.26740124322494485
17932,0.4994999999999999,1,11,1,408686,196924,36075,71881,1.824113527733521,0.2674094603895017
17933,0.4995,0,15,0,408701,196909,36075,71881,1.8239745822372078,0.2674243833475948
17934,0.4995238095238095,1,2,1,408703,196907,36076,71880,1.8239560561710326,0.2674236477210579
17935,0.4995454545454544,0,1,0,408704,196906,36076,71880,1.8239467931379452,0.2674246426525191
17936,0.4995714285714285,0,1,0,408705,196905,36076,71880,1.8239375301048575,0.26742563759138344
17937,0.4995714285714286,0,1,0,408706,196904,36076,71880,1.82392826707177,0.26742663253765103
17938,0.4995833333333332,1,0,1,408706,196904,36077,71879,1.82392826707177,0.26742390701792895
17939,0.4995833333333334,1,2,1,408708,196902,36078,71878,1.8239097410055949,0.2674231713669172
17940,0.4995952380952381,0,1,0,408709,196901,36078,71878,1.8239004779725074,0.26742416632251775
17941,0.4996111111111112,0,1,0,408710,196900,36078,71878,1.8238912149394197,0.2674251612855219
17942,0.4996190476190476,0,1,0,408711,196899,36078,71878,1.8238819519063323,0.26742615625592964
17943,0.4996190476190477,0,3,0,408714,196896,36078,71878,1.8238541628070695,0.2674291412115755
17944,0.4996428571428571,1,5,1,408719,196891,36079,71877,1.8238078476416317,0.26743139064174304
17945,0.4996428571428572,0,1,0,408720,196890,36079,71877,1.8237985846085443,0.26743238567234817
17946,0.4996666666666666,1,9,1,408729,196881,36080,71876,1.8237152173107563,0.2674386155523391
17947,0.4996666666666667,3,10,3,408739,196871,36083,71873,1.8236225869798808,0.2674403893668324
17948,0.4996904761904762,0,3,0,408742,196868,36083,71873,1.823594797880618,0.26744337484790187
17949,0.4997142857142856,0,1,0,408743,196867,36083,71873,1.8235855348475305,0.26744437002307064
17950,0.49975,0,1,0,408744,196866,36083,71873,1.8235762718144428,0.2674453652056456
17951,0.4997500000000001,0,1,0,408745,196865,36083,71873,1.8235670087813554,0.26744636039562697
17952,0.4997619047619047,0,1,0,408746,196864,36083,71873,1.823557745748268,0.26744735559301475
17953,0.4997619047619048,2,1,2,408747,196863,36085,71871,1.8235484827151802,0.2674428989260756
17954,0.4998095238095237,0,1,0,408748,196862,36085,71871,1.8235392196820928,0.2674438941253958
17955,0.4998214285714285,1,0,1,408748,196862,36086,71870,1.8235392196820928,0.26744116815265767
17956,0.4998333333333333,4,15,4,408763,196847,36090,71866,1.8234002741857793,0.267445192454403
17957,0.4998333333333334,0,1,0,408764,196846,36090,71866,1.8233910111526919,0.2674461877400339
17958,0.4998571428571428,0,1,0,408765,196845,36090,71866,1.8233817481196042,0.2674471830330727
17959,0.4998636363636363,0,2,0,408767,196843,36090,71866,1.8233632220534293,0.2674491736413741
17960,0.4998690476190475,0,2,0,408769,196841,36090,71866,1.8233446959872541,0.26745116427930793
17961,0.4998809523809524,0,3,0,408772,196838,36090,71866,1.8233169068879913,0.2674541502917709
17962,0.499952380952381,0,3,0,408775,196835,36090,71866,1.8232891177887287,0.2674571363709104
17963,0.4999999999999999,2,39,2,408814,196796,36092,71864,1.822927859498314,0.2674905084493412
17964,0.5,498,2806,498,411620,193990,36590,71366,1.796935788654637,0.2689443615369541
17965,0.5000000000000001,7,33,7,411653,193957,36597,71359,1.7966301085627479,0.2689585249287642
17966,0.5000476190476191,0,1,0,411654,193956,36597,71359,1.7966208455296602,0.26895953866159095
17967,0.5000476190476192,0,1,0,411655,193955,36597,71359,1.7966115824965727,0.26896055240205946
17968,0.5000714285714286,0,1,0,411656,193954,36597,71359,1.796602319463485,0.2689615661501698
17969,0.5000833333333333,1,1,1,411657,193953,36598,71358,1.7965930564303976,0.2689598245078417
17970,0.500095238095238,0,1,0,411658,193952,36598,71358,1.7965837933973101,0.26896083826467154
17971,0.5000952380952381,0,2,0,411660,193950,36598,71358,1.796565267331135,0.2689628658012574
17972,0.5001082251082252,1,0,1,411660,193950,36599,71357,1.796565267331135,0.2689601103627119
17973,0.5001190476190476,0,1,0,411661,193949,36599,71357,1.7965560042980473,0.26896112413590345
17974,0.5001428571428571,0,1,0,411662,193948,36599,71357,1.7965467412649598,0.26896213791673734
17975,0.5001666666666665,0,1,0,411663,193947,36599,71357,1.7965374782318722,0.2689631517052136
17976,0.5001666666666666,2,8,2,411671,193939,36601,71355,1.7964633739671718,0.26896575120432425
17977,0.5001666666666668,0,4,0,411675,193935,36601,71355,1.7964263218348215,0.2689698066267104
17978,0.5001904761904763,0,1,0,411676,193934,36601,71355,1.796417058801734,0.26897082050141546
17979,0.5002142857142856,0,1,0,411677,193933,36601,71355,1.7964077957686464,0.26897183438376404
17980,0.5002142857142857,0,1,0,411678,193932,36601,71355,1.796398532735559,0.26897284827375634
17981,0.50025,1,2,1,411680,193930,36602,71354,1.7963800066693838,0.26897212044450475
17982,0.5002500000000001,0,1,0,411681,193929,36602,71354,1.7963707436362963,0.26897313435086306
17983,0.5002738095238095,0,1,0,411682,193928,36602,71354,1.7963614806032087,0.2689741482648653
17984,0.5002777777777778,0,1,0,411683,193927,36602,71354,1.7963522175701212,0.2689751621865117
17985,0.5002857142857142,1,5,1,411688,193922,36603,71353,1.7963059024046835,0.2689774762039393
17986,0.5002857142857143,0,2,0,411690,193920,36603,71353,1.7962873763385083,0.2689795041334776
17987,0.5003333333333333,2,10,2,411700,193910,36605,71351,1.7961947460076328,0.26898413260901527
17988,0.5003333333333334,2,9,2,411709,193901,36607,71349,1.7961113787098448,0.26898774740810555
17989,0.5003441558441559,1,1,1,411710,193900,36608,71348,1.7961021156767571,0.26898600554952345
17990,0.5004166666666666,1,2,1,411712,193898,36609,71347,1.796083589610582,0.26898527776206904
17991,0.5004285714285714,0,1,0,411713,193897,36609,71347,1.7960743265774946,0.26898629186711104
17992,0.500436507936508,0,1,0,411714,193896,36609,71347,1.7960650635444069,0.26898730597979964
17993,0.500452380952381,0,2,0,411716,193894,36609,71347,1.796046537478232,0.26898933422811705
17994,0.5004761904761904,0,3,0,411719,193891,36609,71347,1.7960187483789691,0.26899237665794495
17995,0.5004761904761905,2,3,2,411722,193888,36611,71345,1.7959909592797065,0.26898990698744124
17996,0.5005,0,13,0,411735,193875,36611,71345,1.7958705398495682,0.2690030917728678
17997,0.5005000000000001,0,2,0,411737,193873,36611,71345,1.7958520137833933,0.2690051203161173
17998,0.5005238095238095,0,2,0,411739,193871,36611,71345,1.7958334877172182,0.2690071488899614
17999,0.500530303030303,0,1,0,411740,193870,36611,71345,1.7958242246841305,0.26900816318835663
18000,0.500547619047619,0,1,0,411741,193869,36611,71345,1.795814961651043,0.26900917749440073
18001,0.5005555555555556,0,1,0,411742,193868,36611,71345,1.7958056986179554,0.2690101918080939
18002,0.5005833333333334,0,1,0,411743,193867,36611,71345,1.795796435584868,0.2690112061294361
18003,0.5006349206349207,0,1,0,411744,193866,36611,71345,1.7957871725517804,0.26901222045842743
18004,0.5006666666666666,5,37,5,411781,193829,36616,71340,1.795444440327541,0.26903597328496165
18005,0.5006666666666667,0,7,0,411788,193822,36616,71340,1.795379599095928,0.2690430755538124
18006,0.5006818181818182,0,1,0,411789,193821,36616,71340,1.7953703360628404,0.26904409019425934
18007,0.5006904761904762,0,1,0,411790,193820,36616,71340,1.795361073029753,0.26904510484235933
18008,0.5007142857142857,1,6,1,411796,193814,36617,71339,1.7953054948312275,0.26904843618590024
18009,0.5007142857142858,0,1,0,411797,193813,36617,71339,1.79529623179814,0.2690494508810041
18010,0.5007380952380952,2,1,2,411798,193812,36619,71337,1.7952869687650523,0.26904495208354545
18011,0.5007499999999999,1,0,1,411798,193812,36620,71336,1.7952869687650523,0.26904219530224627
18012,0.5007500000000001,0,1,0,411799,193811,36620,71336,1.7952777057319649,0.2690432099929473
18013,0.5007619047619047,0,1,0,411800,193810,36620,71336,1.7952684426988774,0.2690442246913021
18014,0.5008095238095238,0,2,0,411802,193808,36620,71336,1.7952499166327023,0.26904625411097366
18015,0.5008333333333332,10,57,10,411859,193751,36630,71326,1.7947219237467116,0.2690765324792419
18016,0.5008333333333334,14,57,14,411916,193694,36644,71312,1.794193930860721,0.26909579405749307
18017,0.5008333333333335,0,1,0,411917,193693,36644,71312,1.7941846678276334,0.2690968094941605
18018,0.5008571428571429,0,1,0,411918,193692,36644,71312,1.794175404794546,0.2690978249384915
18019,0.5008809523809523,0,2,0,411920,193690,36644,71312,1.7941568787283708,0.2690998558501445
18020,0.5008888888888889,0,1,0,411921,193689,36644,71312,1.7941476156952834,0.26910087131746674
18021,0.5009166666666666,1,2,1,411923,193687,36645,71311,1.7941290896291082,0.2691001441520313
18022,0.5009166666666668,0,2,0,411925,193685,36645,71311,1.794110563562933,0.2691021751271717
18023,0.5009206349206349,1,0,1,411925,193685,36646,71310,1.794110563562933,0.2690994169701315
18024,0.5009444444444444,0,1,0,411926,193684,36646,71310,1.7941013005298454,0.2691004324626218
18025,0.5009444444444445,0,1,0,411927,193683,36646,71310,1.794092037496758,0.26910144796277635
18026,0.5009523809523809,0,3,0,411930,193680,36646,71310,1.7940642483974953,0.26910449450922674
18027,0.500952380952381,2,3,2,411933,193677,36648,71308,1.7940364592982325,0.26910202464290434
18028,0.5009999999999999,1,6,1,411939,193671,36649,71307,1.7939808810997073,0.2691053596902384
18029,0.501,10,55,10,411994,193616,36659,71297,1.7934714142798918,0.26913364010071233
18030,0.5010000000000001,0,2,0,411996,193614,36659,71297,1.7934528882137166,0.26913567198040095
18031,0.5010238095238095,0,2,0,411998,193612,36659,71297,1.7934343621475415,0.26913770389077
18032,0.501047619047619,1,1,1,411999,193611,36660,71296,1.793425099114454,0.26913596092213493
18033,0.5010476190476191,0,2,0,412001,193609,36660,71296,1.7934065730482789,0.2691379928653668
18034,0.5010714285714285,0,1,0,412002,193608,36660,71296,1.7933973100151914,0.2691390088484885
18035,0.5010714285714286,0,4,0,412006,193604,36660,71296,1.7933602578828411,0.26914307285768213
18036,0.5010714285714287,0,2,0,412008,193602,36660,71296,1.793341731816666,0.26914510490830434
18037,0.501095238095238,1,3,1,412011,193599,36661,71295,1.7933139427174034,0.26914539400665927
18038,0.5011111111111111,0,1,0,412012,193598,36661,71295,1.7933046796843157,0.26914641005991097
18039,0.5011190476190476,0,2,0,412014,193596,36661,71295,1.7932861536181408,0.26914844218942885
18040,0.5011666666666666,1,9,1,412023,193587,36662,71294,1.7932027863203528,0.26915482801710955
18041,0.5011666666666668,0,1,0,412024,193586,36662,71294,1.7931935232872651,0.26915584415584415
18042,0.5011904761904761,0,1,0,412025,193585,36662,71294,1.7931842602541777,0.2691568603022512
18043,0.5011904761904762,1,3,1,412028,193582,36663,71293,1.793156471154915,0.2691571495988674
18044,0.5012142857142857,0,1,0,412029,193581,36663,71293,1.7931472081218274,0.26915816576938467
18045,0.5012366522366523,1,2,1,412031,193579,36664,71292,1.7931286820556522,0.2691574389042213
18046,0.50125,0,9,0,412040,193570,36664,71292,1.7930453147578642,0.2691665848630608
18047,0.5012500000000001,1,0,1,412040,193570,36665,71291,1.7930453147578642,0.26916382555378104
18048,0.5012619047619049,0,3,0,412043,193567,36665,71291,1.7930175256586016,0.26916687432511005
18049,0.5012738095238095,0,1,0,412044,193566,36665,71291,1.7930082626255142,0.26916789059756774
18050,0.5013055555555556,0,1,0,412045,193565,36665,71291,1.7929989995924265,0.26916890687769957
18051,0.5013095238095238,0,2,0,412047,193563,36665,71291,1.7929804735262513,0.269170939460986
18052,0.5013095238095239,0,1,0,412048,193562,36665,71291,1.7929712104931639,0.2691719557641409
18053,0.5013333333333333,3,31,3,412079,193531,36668,71288,1.7926840564674498,0.2691951861460092
18054,0.5013333333333334,2,3,2,412082,193528,36670,71286,1.792656267368187,0.26919271639716935
18055,0.5013956043956046,0,1,0,412083,193527,36670,71286,1.7926470043350995,0.26919373293607185
18056,0.5014047619047619,0,1,0,412084,193526,36670,71286,1.792637741302012,0.2691947494826518
18057,0.5014285714285713,0,1,0,412085,193525,36670,71286,1.7926284782689244,0.26919576603690937
18058,0.5014285714285714,0,2,0,412087,193523,36670,71286,1.7926099522027492,0.26919779916845726
18059,0.5014404761904762,0,3,0,412090,193520,36670,71286,1.7925821631034866,0.26920084892336277
18060,0.5014563492063491,1,1,1,412091,193519,36671,71285,1.7925729000703992,0.2691991057536895
18061,0.501468253968254,0,1,0,412092,193518,36671,71285,1.7925636370373115,0.26920012235510926
18062,0.5014761904761904,0,1,0,412093,193517,36671,71285,1.792554374004224,0.2692011389642072
18063,0.501484126984127,0,1,0,412094,193516,36671,71285,1.7925451109711363,0.2692021555809835
18064,0.5015,2,30,2,412124,193486,36673,71283,1.7922672199785097,0.2692271376180746
18065,0.5015000000000001,0,5,0,412129,193481,36673,71283,1.792220904813072,0.2692322219032799
18066,0.5015079365079366,0,1,0,412130,193480,36673,71283,1.7922116417799845,0.26923323878336475
18067,0.5015238095238095,0,1,0,412131,193479,36673,71283,1.7922023787468968,0.2692342556711311
18068,0.5015476190476189,0,1,0,412132,193478,36673,71283,1.7921931157138093,0.2692352725665789
18069,0.501547619047619,0,2,0,412134,193476,36673,71283,1.7921745896476342,0.2692373063805196
18070,0.5015833333333333,0,1,0,412135,193475,36673,71283,1.7921653266145467,0.2692383232990127
18071,0.5016212121212121,0,2,0,412137,193473,36673,71283,1.7921468005483716,0.26924035715904454
18072,0.5016428571428572,0,1,0,412138,193472,36673,71283,1.792137537515284,0.2692413741005836
18073,0.5016666666666666,42,235,42,412373,193237,36715,71241,1.7899607247397087,0.2693645596231066
18074,0.5016666666666667,18,149,18,412522,193088,36733,71223,1.7885805328096631,0.26946665102852324
18075,0.5016666666666668,0,1,0,412523,193087,36733,71223,1.7885712697765757,0.26946767053838294
18076,0.5017499999999999,1,0,1,412523,193087,36734,71222,1.7885712697765757,0.26946490660552613
18077,0.50175,0,1,0,412524,193086,36734,71222,1.7885620067434882,0.26946592611650044
18078,0.5017857142857143,0,6,0,412530,193080,36734,71222,1.7885064285449628,0.2694720433443561
18079,0.5018095238095238,0,3,0,412533,193077,36734,71222,1.7884786394457002,0.26947510206243686
18080,0.5018333333333334,2,15,2,412548,193062,36736,71220,1.7883396939493867,0.26948486843598884
18081,0.5018571428571429,0,1,0,412549,193061,36736,71220,1.7883304309162993,0.2694858881266531
18082,0.5019047619047619,0,4,0,412553,193057,36736,71220,1.788293378783949,0.26948996696647837
18083,0.501904761904762,0,1,0,412554,193056,36736,71220,1.7882841157508615,0.2694909866957272
18084,0.5019166666666667,0,1,0,412555,193055,36736,71220,1.7882748527177739,0.2694920064326932
18085,0.5019404761904762,0,1,0,412556,193054,36736,71220,1.7882655896846864,0.2694930261773765
18086,0.5019444444444444,0,1,0,412557,193053,36736,71220,1.7882563266515987,0.26949404592977716
18087,0.5019523809523809,0,2,0,412559,193051,36736,71220,1.7882378005854236,0.2694960854577309
18088,0.5019761904761905,0,2,0,412561,193049,36736,71220,1.7882192745192487,0.2694981250165551
18089,0.502,17,71,17,412632,192978,36753,71203,1.7875615991700322,0.2695235463564753
18090,0.5020238095238095,0,1,0,412633,192977,36753,71203,1.7875523361369448,0.26952456658339013
18091,0.502047619047619,0,1,0,412634,192976,36753,71203,1.787543073103857,0.2695255868180287
18092,0.5020476190476191,0,1,0,412635,192975,36753,71203,1.7875338100707696,0.2695266070603911
18093,0.5020476190476192,0,1,0,412636,192974,36753,71203,1.787524547037682,0.26952762731047747
18094,0.5020833333333333,1,3,1,412639,192971,36754,71202,1.7874967579384193,0.2695279229898589
18095,0.5021006493506495,0,1,0,412640,192970,36754,71202,1.7874874949053319,0.26952894326423693
18096,0.5021190476190476,0,1,0,412641,192969,36754,71202,1.7874782318722442,0.2695299635463393
18097,0.5021428571428571,2,3,2,412644,192966,36756,71200,1.7874504427729816,0.2695274940756948
18098,0.5021666666666667,1,11,1,412655,192955,36757,71199,1.7873485494090184,0.26953595251254947
18099,0.5021666666666668,0,1,0,412656,192954,36757,71199,1.787339286375931,0.26953697289071105
18100,0.5021904761904762,0,1,0,412657,192953,36757,71199,1.7873300233428433,0.26953799327659833
18101,0.5022261904761904,1,1,1,412658,192952,36758,71198,1.7873207603097558,0.26953624834374407
18102,0.50225,0,4,0,412662,192948,36758,71198,1.7872837081774056,0.26954032996903227
18103,0.5022619047619048,0,2,0,412664,192946,36758,71198,1.7872651821112304,0.2695423708280332
18104,0.5022698412698411,1,2,1,412666,192944,36759,71197,1.7872466560450553,0.2695416463176864
18105,0.5022777777777778,0,1,0,412667,192943,36759,71197,1.7872373930119678,0.26954266676762323
18106,0.5022857142857142,0,4,0,412671,192939,36759,71197,1.7872003408796175,0.2695467486446376
18107,0.5023030303030304,0,1,0,412672,192938,36759,71197,1.78719107784653,0.2695477691332084
18108,0.5023095238095238,1,2,1,412674,192936,36760,71196,1.787172551780355,0.2695470446594884
18109,0.5023333333333333,6,30,6,412704,192906,36766,71190,1.7868946607877283,0.2695610687022901
18110,0.5023333333333334,1,0,1,412704,192906,36767,71189,1.7868946607877283,0.2695583028834321
18111,0.5023412698412698,0,2,0,412706,192904,36767,71189,1.7868761347215532,0.2695603442726615
18112,0.5023571428571428,0,1,0,412707,192903,36767,71189,1.7868668716884657,0.269561364978871
18113,0.5023809523809524,1,4,1,412711,192899,36768,71188,1.7868298195561154,0.26956268199494865
18114,0.5023809523809525,0,1,0,412712,192898,36768,71188,1.786820556523028,0.26956370273320057
18115,0.5024166666666666,0,3,0,412715,192895,36768,71188,1.7867927674237651,0.2695667649943389
18116,0.5024444444444444,0,1,0,412716,192894,36768,71188,1.7867835043906777,0.26956778576351287
18117,0.5024761904761904,1,0,1,412716,192894,36769,71187,1.7867835043906777,0.26956501982346326
18118,0.5024761904761905,0,1,0,412717,192893,36769,71187,1.7867742413575902,0.2695660405937595
18119,0.5025,57,300,57,413017,192593,36826,71130,1.783995331431324,0.26971481440754125
18120,0.5025000000000001,3,11,3,413028,192582,36829,71127,1.7838934380673608,0.26971775707313744
18121,0.5025595238095238,0,2,0,413030,192580,36829,71127,1.7838749120011856,0.26971980265977014
18122,0.5025833333333334,0,3,0,413033,192577,36829,71127,1.783847122901923,0.26972287109789767
18123,0.502611111111111,0,1,0,413034,192576,36829,71127,1.7838378598688354,0.26972389392612145
18124,0.5026190476190476,1,4,1,413038,192572,36830,71126,1.7838008077364853,0.26972521596674986
18125,0.5026428571428572,0,4,0,413042,192568,36830,71126,1.783763755604135,0.26972930745485296
18126,0.5026666666666667,3,41,3,413083,192527,36833,71123,1.7833839712475452,0.2697629432960364
18127,0.5026904761904762,0,2,0,413085,192525,36833,71123,1.78336544518137,0.269764989683214
18128,0.502702380952381,0,1,0,413086,192524,36833,71123,1.7833561821482826,0.26976601288844554
18129,0.5027380952380952,1,1,1,413087,192523,36834,71122,1.7833469191151952,0.2697642663429991
18130,0.50275,0,1,0,413088,192522,36834,71122,1.7833376560821075,0.2697652895571301
18131,0.5027857142857143,0,2,0,413090,192520,36834,71122,1.7833191300159323,0.2697673360086784
18132,0.5028030303030302,0,1,0,413091,192519,36834,71122,1.7833098669828449,0.269768359246096
18133,0.5028333333333334,2,9,2,413100,192510,36836,71120,1.7832264996850569,0.26977202898000985
18134,0.5028571428571429,3,9,3,413109,192501,36839,71117,1.7831431323872688,0.2697729290109173
18135,0.5028809523809524,1,0,1,413109,192501,36840,71116,1.7831431323872688,0.2697701589806424
18136,0.5028888888888889,1,0,1,413109,192501,36841,71115,1.7831431323872688,0.26976738892935176
18137,0.502904761904762,0,1,0,413110,192500,36841,71115,1.7831338693541814,0.26976841226789067
18138,0.5029126984126985,0,1,0,413111,192499,36841,71115,1.7831246063210937,0.2697694356141935
18139,0.5029166666666667,0,4,0,413115,192495,36841,71115,1.7830875541887437,0.26977352907704566
18140,0.5029246031746033,1,0,1,413115,192495,36842,71114,1.7830875541887437,0.2697707589649822
18141,0.5029285714285714,1,4,1,413119,192491,36843,71113,1.7830505020563934,0.2697720823659732
18142,0.5029523809523809,0,2,0,413121,192489,36843,71113,1.7830319759902182,0.26977412917959653
18143,0.503,12,48,12,413169,192441,36855,71101,1.7825873504020155,0.2697900144948433
18144,0.5030238095238095,0,2,0,413171,192439,36855,71101,1.7825688243358406,0.26979206192608335
18145,0.503047619047619,0,1,0,413172,192438,36855,71101,1.782559561302753,0.2697930856533568
18146,0.5030476190476191,0,1,0,413173,192437,36855,71101,1.7825502982696655,0.2697941093883994
18147,0.503064935064935,1,4,1,413177,192433,36856,71100,1.7825132461373152,0.2697954335889623
18148,0.503095238095238,0,1,0,413178,192432,36856,71100,1.7825039831042278,0.2697964573562224
18149,0.5030952380952382,0,5,0,413183,192427,36856,71100,1.7824576679387898,0.2698015763090689
18150,0.5031111111111112,0,1,0,413184,192426,36856,71100,1.7824484049057023,0.26980260012294804
18151,0.5031309523809523,0,2,0,413186,192424,36856,71100,1.7824298788395272,0.2698046477740168
18152,0.5031428571428571,0,1,0,413187,192423,36856,71100,1.7824206158064397,0.2698056716112066
18153,0.5031666666666667,3,24,3,413211,192399,36859,71097,1.7821983030123383,0.2698219327807633
18154,0.5032222222222222,1,2,1,413213,192397,36860,71096,1.7821797769461631,0.26982120967160417
18155,0.5032261904761905,1,0,1,413213,192397,36861,71095,1.7821797769461631,0.2698184385104671
18156,0.50325,1,1,1,413214,192396,36862,71094,1.7821705139130757,0.26981669133553454
18157,0.5032619047619047,0,1,0,413215,192395,36862,71094,1.7821612508799882,0.26981771535054594
18158,0.5033095238095239,1,2,1,413217,192393,36863,71093,1.782142724813813,0.2698169921741573
18159,0.5033333333333333,49,290,49,413507,192103,36912,71044,1.7794564452184223,0.26997837710481215
18160,0.5033333333333334,60,330,60,413837,191773,36972,70984,1.7763996442995293,0.27015074764896846
18161,0.5033571428571428,0,1,0,413838,191772,36972,70984,1.7763903812664419,0.2701517757919895
18162,0.5034047619047619,0,1,0,413839,191771,36972,70984,1.7763811182333544,0.2701528039428365
18163,0.5034166666666667,0,2,0,413841,191769,36972,70984,1.7763625921671793,0.27015486026800833
18164,0.5034285714285714,0,1,0,413842,191768,36972,70984,1.7763533291340916,0.27015588844233346
18165,0.503452380952381,0,2,0,413844,191766,36972,70984,1.7763348030679165,0.2701579448144624
18166,0.5035,0,3,0,413847,191763,36972,70984,1.7763070139686539,0.2701610294313541
18167,0.5035000000000001,2,26,2,413873,191737,36974,70982,1.7760661751083775,0.27018220988965397
18168,0.5035238095238095,0,1,0,413874,191736,36974,70982,1.77605691207529,0.2701832383011442
18169,0.5035238095238096,0,2,0,413876,191734,36974,70982,1.776038386009115,0.27018529514761186
18170,0.5035476190476191,0,1,0,413877,191733,36974,70982,1.7760291229760272,0.2701863235825895
18171,0.5035714285714286,1,6,1,413883,191727,36975,70981,1.775973544777502,0.27018971633905325
18172,0.5035952380952381,1,3,1,413886,191724,36976,70980,1.7759457556782392,0.27019002375296913
18173,0.5036111111111111,1,1,1,413887,191723,36977,70979,1.7759364926451517,0.2701882741661655
18174,0.5036666666666666,1,2,1,413889,191721,36978,70978,1.7759179665789766,0.27018755305501735
18175,0.5036666666666667,3,14,3,413903,191707,36981,70975,1.7757882841157508,0.27019361813904264
18176,0.5036904761904761,0,1,0,413904,191706,36981,70975,1.7757790210826634,0.2701946467388201
18177,0.5036969696969696,0,1,0,413905,191705,36981,70975,1.7757697580495757,0.27019567534642913
18178,0.503702380952381,0,1,0,413906,191704,36981,70975,1.7757604950164882,0.2701967039618698
18179,0.5037142857142857,0,1,0,413907,191703,36981,70975,1.7757512319834006,0.2701977325851423
18180,0.5037222222222222,0,2,0,413909,191701,36981,70975,1.7757327059172254,0.27019978985518284
18181,0.50375,0,5,0,413914,191696,36981,70975,1.7756863907517877,0.27020493316734623
18182,0.5037698412698413,0,1,0,413915,191695,36981,70975,1.7756771277187002,0.270205961853276
18183,0.5037777777777778,0,2,0,413917,191693,36981,70975,1.775658601652525,0.27020801924863325
18184,0.503781746031746,0,2,0,413919,191691,36981,70975,1.77564007558635,0.2702100766753215
18185,0.5038095238095238,0,8,0,413927,191683,36981,70975,1.7755659713216496,0.2702183066953986
18186,0.5038333333333334,4,11,4,413938,191672,36985,70971,1.7754640779576865,0.27021850953575766
18187,0.5038809523809523,0,1,0,413939,191671,36985,70971,1.775454814924599,0.27021953838304613
18188,0.5039166666666667,0,2,0,413941,191669,36985,70971,1.7754362888584239,0.270221596101127
18189,0.5039285714285715,0,1,0,413942,191668,36985,70971,1.7754270258253362,0.2702226249719196
18190,0.5039935064935065,0,1,0,413943,191667,36985,70971,1.7754177627922487,0.27022365385054714
18191,0.5039999999999999,1,2,1,413945,191665,36986,70970,1.7753992367260736,0.27022293296780703
18192,0.504,19,114,19,414059,191551,37005,70951,1.7743432509540924,0.2702874644764611
18193,0.5040476190476191,1,6,1,414065,191545,37006,70950,1.774287672755567,0.2702908626830987
18194,0.5040757575757576,0,2,0,414067,191543,37006,70950,1.774269146689392,0.2702929220969702
18195,0.5040833333333333,0,1,0,414068,191542,37006,70950,1.7742598836563044,0.2702939518156744
18196,0.5041071428571429,0,1,0,414069,191541,37006,70950,1.774250620623217,0.2702949815422243
18197,0.5041111111111111,0,2,0,414071,191539,37006,70950,1.7742320945570418,0.27029704101886176
18198,0.5041190476190477,0,3,0,414074,191536,37006,70950,1.7742043054577792,0.27030013029266325
18199,0.5041428571428571,2,3,2,414077,191533,37008,70948,1.7741765163585164,0.2702976596401263
18200,0.5041666666666667,10,72,10,414149,191461,37018,70938,1.7735095779762124,0.27034401807933717
18201,0.5041666666666668,13,68,13,414217,191393,37031,70925,1.7728796917262588,0.2703779382276474
18202,0.504202380952381,0,1,0,414218,191392,37031,70925,1.7728704286931714,0.2703789689574065
18203,0.50425,0,1,0,414219,191391,37031,70925,1.7728611656600837,0.2703799996950243
18204,0.5042619047619049,0,1,0,414220,191390,37031,70925,1.7728519026269962,0.27038103044050094
18205,0.5042777777777777,0,1,0,414221,191389,37031,70925,1.7728426395939085,0.2703820611938364
18206,0.5042857142857143,3,11,3,414232,191378,37034,70922,1.7727407462299456,0.2703850552802135
18207,0.5043214285714286,1,0,1,414232,191378,37035,70921,1.7727407462299456,0.2703822736647871
18208,0.5043253968253968,1,0,1,414232,191378,37036,70920,1.7727407462299456,0.2703794920281512
18209,0.5043333333333333,1,8,1,414240,191370,37037,70919,1.772666641965245,0.27038495705119164
18210,0.5043333333333334,7,19,7,414259,191351,37044,70912,1.7724906443365815,0.27038507147405466
18211,0.5043611111111111,1,0,1,414259,191351,37045,70911,1.7724906443365815,0.2703822894662589
18212,0.5043809523809525,0,2,0,414261,191349,37045,70911,1.7724721182704064,0.2703843514070007
18213,0.5044047619047619,0,2,0,414263,191347,37045,70911,1.7724535922042313,0.2703864133791915
18214,0.5044289321789323,0,1,0,414264,191346,37045,70911,1.7724443291711438,0.2703874443770805
18215,0.5044444444444445,1,7,1,414271,191339,37046,70910,1.772379487939531,0.270391879473325
18216,0.504452380952381,0,1,0,414272,191338,37046,70910,1.7723702249064435,0.2703929105274397
18217,0.5044920634920634,0,5,0,414277,191333,37046,70910,1.7723239097410055,0.27039806591596344
18218,0.5045,1,0,1,414277,191333,37047,70909,1.7723239097410055,0.270395283745548
18219,0.5045000000000001,1,10,1,414287,191323,37048,70908,1.77223127941013,0.2704028127871991
18220,0.5045238095238095,1,0,1,414287,191323,37049,70907,1.77223127941013,0.27040003050756967
18221,0.5045476190476189,0,1,0,414288,191322,37049,70907,1.7722220163770426,0.27040106166747385
18222,0.5045595238095237,0,1,0,414289,191321,37049,70907,1.772212753343955,0.27040209283524264
18223,0.5045714285714286,0,1,0,414290,191320,37049,70907,1.7722034903108674,0.2704031240108761
18224,0.5045833333333333,0,1,0,414291,191319,37049,70907,1.7721942272777798,0.27040415519437433
18225,0.5045833333333334,0,3,0,414294,191316,37049,70907,1.7721664381785172,0.2704072487920587
18226,0.5046111111111111,0,1,0,414295,191315,37049,70907,1.7721571751454297,0.27040828000701694
18227,0.5046190476190476,0,1,0,414296,191314,37049,70907,1.772147912112342,0.27040931122984047
18228,0.5046428571428572,0,2,0,414298,191312,37049,70907,1.7721293860461669,0.2704113736990836
18229,0.504654761904762,1,1,1,414299,191311,37050,70906,1.7721201230130794,0.27040962256451717
18230,0.5046666666666666,4,19,4,414318,191292,37054,70902,1.771944125384416,0.2704180873704204
18231,0.5046666666666667,3,22,3,414340,191270,37057,70899,1.7717403386564896,0.2704324309891711
18232,0.5047142857142857,0,2,0,414342,191268,37057,70899,1.7717218125903145,0.2704344940438728
18233,0.5047222222222222,0,2,0,414344,191266,37057,70899,1.7717032865241396,0.27043655713005166
18234,0.5047460317460318,0,2,0,414346,191264,37057,70899,1.7716847604579644,0.2704386202477085
18235,0.5047489177489178,0,1,0,414347,191263,37057,70899,1.7716754974248767,0.27043965181834134
18236,0.50475,1,0,1,414347,191263,37058,70898,1.7716754974248767,0.2704368689469448
18237,0.5047619047619047,0,1,0,414348,191262,37058,70898,1.7716662343917893,0.27043790051876715
18238,0.5047857142857143,0,1,0,414349,191261,37058,70898,1.7716569713587016,0.2704389320984593
18239,0.5048333333333332,0,3,0,414352,191258,37058,70898,1.771629182259439,0.27044202688475566
18240,0.5048333333333334,2,10,2,414362,191248,37060,70896,1.7715365519285635,0.27044677734375
18241,0.5048333333333335,1,1,1,414363,191247,37061,70895,1.7715272888954758,0.27044502597828657
18242,0.5048809523809523,1,0,1,414363,191247,37062,70894,1.7715272888954758,0.2704422429150724
18243,0.5048809523809524,0,1,0,414364,191246,37062,70894,1.7715180258623884,0.270443274586099
18244,0.5048888888888888,0,1,0,414365,191245,37062,70894,1.771508762829301,0.2704443062649968
18245,0.5049458874458875,0,1,0,414366,191244,37062,70894,1.7714994997962132,0.27044533795176584
18246,0.504952380952381,0,2,0,414368,191242,37062,70894,1.771480973730038,0.2704474013489181
18247,0.5049761904761905,0,1,0,414369,191241,37062,70894,1.7714717106969506,0.2704484330593015
18248,0.5049999999999999,3,27,3,414396,191214,37065,70891,1.7712216088035866,0.2704679422368898
18249,0.505,194,1121,194,415517,190093,37259,70697,1.7608377487124385,0.2710878484604471
18250,0.5050000000000001,4,27,4,415544,190066,37263,70693,1.7605876468190744,0.27110473655751094
18251,0.505016062884484,0,1,0,415545,190065,37263,70693,1.760578383785987,0.2711057762369707
18252,0.5050238095238094,0,2,0,415547,190063,37263,70693,1.7605598577198118,0.27110785561981315
18253,0.5050238095238095,0,2,0,415549,190061,37263,70693,1.7605413316536367,0.27110993503455366
18254,0.505047619047619,1,0,1,415549,190061,37264,70692,1.7605413316536367,0.27110713970692574
18255,0.50507326007326,0,1,0,415550,190060,37264,70692,1.760532068620549,0.2711081794195251
18256,0.505095238095238,0,1,0,415551,190059,37264,70692,1.7605228055874615,0.27110921914009917
18257,0.5050952380952382,0,1,0,415552,190058,37264,70692,1.760513542554374,0.27111025886864815
18258,0.5051190476190476,0,1,0,415553,190057,37264,70692,1.7605042795212864,0.271111298605172
18259,0.5051666666666667,5,9,5,415562,190048,37269,70687,1.7604209122234984,0.2711066791953516
18260,0.5051666666666668,1,6,1,415568,190042,37270,70686,1.7603653340249732,0.27111012242643673
18261,0.5051904761904763,1,2,1,415570,190040,37271,70685,1.760346807958798,0.2711094064627481
18262,0.5052222222222222,0,1,0,415571,190039,37271,70685,1.7603375449257104,0.2711104462956997
18263,0.5052380952380953,0,2,0,415573,190037,37271,70685,1.7603190188595355,0.2711125259855325
18264,0.5052738095238096,0,1,0,415574,190036,37271,70685,1.7603097558264478,0.2711135658424139
18265,0.5052777777777778,0,1,0,415575,190035,37271,70685,1.7603004927933603,0.2711146057072722
18266,0.5052857142857143,0,1,0,415576,190034,37271,70685,1.7602912297602726,0.2711156455801073
18267,0.5053095238095239,1,0,1,415576,190034,37272,70684,1.7602912297602726,0.2711128498991247
18268,0.5053134920634922,0,1,0,415577,190033,37272,70684,1.7602819667271852,0.2711138897732024
18269,0.5053333333333332,1,1,1,415578,190032,37273,70683,1.7602727036940975,0.27111213393935907
18270,0.5053333333333333,1,15,1,415593,190017,37274,70682,1.7601337581977843,0.27112493718809816
18271,0.5053333333333334,0,6,0,415599,190011,37274,70682,1.7600781799992589,0.2711311772851592
18272,0.5053809523809524,0,1,0,415600,190010,37274,70682,1.7600689169661714,0.2711322173292621
18273,0.5054047619047619,0,1,0,415601,190009,37274,70682,1.760059653933084,0.2711332573813442
18274,0.5054166666666667,1,2,1,415603,190007,37275,70681,1.7600411278669088,0.2711325415822746
18275,0.5054523809523809,0,1,0,415604,190006,37275,70681,1.7600318648338211,0.27113358165155915
18276,0.5054523809523811,0,1,0,415605,190005,37275,70681,1.7600226018007337,0.2711346217288232
18277,0.5054761904761904,1,0,1,415605,190005,37276,70680,1.7600226018007337,0.27113182576672995
18278,0.5054761904761905,0,4,0,415609,190001,37276,70680,1.7599855496683834,0.27113598612864
18279,0.5055,5,14,5,415623,189987,37281,70675,1.7598558672051576,0.2711365676623367
18280,0.5055000000000001,0,4,0,415627,189983,37281,70675,1.7598188150728074,0.27114072846411774
18281,0.5055151515151514,0,1,0,415628,189982,37281,70675,1.75980955203972,0.27114176868451645
18282,0.5055238095238095,0,2,0,415630,189980,37281,70675,1.7597910259735448,0.2711438491492586
18283,0.5055357142857143,0,1,0,415631,189979,37281,70675,1.7597817629404573,0.27114488939360226
18284,0.5055555555555555,0,4,0,415635,189975,37281,70675,1.759744710808107,0.27114905045079607
18285,0.5055714285714284,0,1,0,415636,189974,37281,70675,1.7597354477750196,0.2711500907350498
18286,0.5055952380952381,0,1,0,415637,189973,37281,70675,1.7597261847419319,0.27115113102728583
18287,0.5056190476190476,0,2,0,415639,189971,37281,70675,1.7597076586757567,0.27115321163570516
18288,0.5056497113997114,0,1,0,415640,189970,37281,70675,1.7596983956426693,0.2711542519518886
18289,0.5056666666666666,2,34,2,415674,189936,37283,70673,1.7593834525176923,0.2711840343196129
18290,0.5056666666666667,3,6,3,415680,189930,37286,70670,1.7593278743191672,0.2711818879508826
18291,0.5057142857142857,4,17,4,415697,189913,37290,70666,1.7591704027566786,0.2711883920039604
18292,0.5057222222222222,0,1,0,415698,189912,37290,70666,1.7591611397235911,0.2711894327226397
18293,0.5057727272727273,0,1,0,415699,189911,37290,70666,1.7591518766905034,0.27119047344930675
18294,0.5057777777777778,0,2,0,415701,189909,37290,70666,1.7591333506243285,0.2711925549266046
18295,0.5058095238095237,0,1,0,415702,189908,37290,70666,1.7591240875912408,0.27119359567723567
18296,0.5058333333333332,6,45,6,415747,189863,37296,70660,1.758707251102301,0.27122365395761605
18297,0.5058333333333334,18,60,18,415807,189803,37314,70642,1.7581514691170477,0.27123576954827316
18298,0.5058333333333335,1,0,1,415807,189803,37315,70641,1.7581514691170477,0.27123297138732316
18299,0.5058611111111112,1,0,1,415807,189803,37316,70640,1.7581514691170477,0.2712301732048855
18300,0.5058809523809523,0,1,0,415808,189802,37316,70640,1.7581422060839602,0.27123121462744104
18301,0.5058928571428571,0,1,0,415809,189801,37316,70640,1.7581329430508725,0.27123225605799395
18302,0.5059404761904761,0,2,0,415811,189799,37316,70640,1.7581144169846974,0.27123433894309223
18303,0.5059523809523809,0,9,0,415820,189790,37316,70640,1.7580310496869094,0.2712437123219291
18304,0.5059545454545454,1,1,1,415821,189789,37317,70639,1.758021786653822,0.27124195555009445
18305,0.5059761904761905,0,1,0,415822,189788,37317,70639,1.7580125236207345,0.27124299707787597
18306,0.5059761904761906,0,1,0,415823,189787,37317,70639,1.7580032605876468,0.2712440386136561
18307,0.5059999999999999,1,9,1,415832,189778,37318,70638,1.7579198932898588,0.2712506144015729
18308,0.506,28,136,28,415968,189642,37346,70610,1.7566601207899515,0.2713139572414429
18309,0.5060000000000001,0,1,0,415969,189641,37346,70610,1.7566508577568638,0.2713149997502411
18310,0.5060238095238094,0,1,0,415970,189640,37346,70610,1.7566415947237763,0.2713160422670509
18311,0.5060357142857143,0,1,0,415971,189639,37346,70610,1.7566323316906889,0.2713170847918724
18312,0.506047619047619,0,1,0,415972,189638,37346,70610,1.7566230686576012,0.27131812732470567
18313,0.5060714285714285,0,1,0,415973,189637,37346,70610,1.7566138056245137,0.2713191698655508
18314,0.5060714285714286,0,1,0,415974,189636,37346,70610,1.756604542591426,0.2713202124144079
18315,0.5061111111111112,0,2,0,415976,189634,37346,70610,1.756586016525251,0.2713222975361584
18316,0.5061190476190476,0,2,0,415978,189632,37346,70610,1.756567490459076,0.2713243826899578
18317,0.5061190476190477,0,1,0,415979,189631,37346,70610,1.7565582274259883,0.2713254252788761
18318,0.5061309523809523,0,2,0,415981,189629,37346,70610,1.7565397013598132,0.2713275104807504
18319,0.5061363636363636,0,1,0,415982,189628,37346,70610,1.7565304383267257,0.2713285530937065
18320,0.5061428571428571,1,2,1,415984,189626,37347,70609,1.7565119122605506,0.27132783829999807
18321,0.5061666666666667,1,5,1,415989,189621,37348,70608,1.7564655970951129,0.27133025143239226
18322,0.5061666666666668,0,2,0,415991,189619,37348,70608,1.7564470710289377,0.2713323367675145
18323,0.5061688311688313,0,2,0,415993,189617,37348,70608,1.7564285449627626,0.2713344221346911
18324,0.5061904761904761,0,4,0,415997,189613,37348,70608,1.7563914928304123,0.27133859296521035
18325,0.5061904761904762,1,1,1,415998,189612,37349,70607,1.7563822297973248,0.27133683551162674
18326,0.5062380952380953,0,1,0,415999,189611,37349,70607,1.7563729667642374,0.27133787824055217
18327,0.50625,0,7,0,416006,189604,37349,70607,1.7563081255326245,0.27134517756743565
18328,0.5062500000000001,0,1,0,416007,189603,37349,70607,1.7562988624995368,0.27134622036047806
18329,0.5062857142857143,1,1,1,416008,189602,37350,70606,1.7562895994664494,0.2713444628912255
18330,0.5063095238095238,0,1,0,416009,189601,37350,70606,1.7562803364333617,0.271345505693544
18331,0.5063333333333333,2,27,2,416036,189574,37352,70604,1.7560302345399978,0.27136806340274733
18332,0.5063333333333334,1,2,1,416038,189572,37353,70603,1.7560117084738227,0.271367348899779
18333,0.5063571428571428,1,0,1,416038,189572,37354,70602,1.7560117084738227,0.2713645483407258
18334,0.5063809523809524,0,5,0,416043,189567,37354,70602,1.755965393308385,0.2713697634998789
18335,0.5064166666666666,0,1,0,416044,189566,37354,70602,1.7559561302752973,0.27137080655576395
18336,0.506426406926407,1,1,1,416045,189565,37355,70601,1.7559468672422098,0.27136904899179753
18337,0.5064285714285713,0,2,0,416047,189563,37355,70601,1.7559283411760347,0.27137113513014866
18338,0.5064285714285715,0,2,0,416049,189561,37355,70601,1.7559098151098596,0.27137322130057423
18339,0.5064761904761904,0,1,0,416050,189560,37355,70601,1.755900552076772,0.2713742643978152
18340,0.5065,4,23,4,416073,189537,37359,70597,1.7556875023157583,0.27138705436428917
18341,0.5065000000000001,0,3,0,416076,189534,37359,70597,1.7556597132164955,0.2713901841764342
18342,0.506547619047619,1,4,1,416080,189530,37360,70596,1.7556226610841454,0.27139155639959095
18343,0.5065714285714286,0,1,0,416081,189529,37360,70596,1.7556133980510578,0.27139259971167706
18344,0.5065952380952381,0,1,0,416082,189528,37360,70596,1.7556041350179703,0.2713936430317848
18345,0.5066111111111111,0,1,0,416083,189527,37360,70596,1.7555948719848826,0.27139468635991437
18346,0.5066190476190475,0,1,0,416084,189526,37360,70596,1.7555856089517952,0.2713957296960657
18347,0.506626984126984,0,1,0,416085,189525,37360,70596,1.7555763459187077,0.27139677304023896
18348,0.5066666666666666,89,352,89,416437,189173,37449,70507,1.7523157582718885,0.2715149414664202
18349,0.5066666666666667,38,219,38,416656,188954,37487,70469,1.750287154025714,0.2716374415529849
18350,0.5066666666666668,0,1,0,416657,188953,37487,70469,1.7502778909926267,0.27163848864013074
18351,0.506670634920635,0,1,0,416658,188952,37487,70469,1.750268627959539,0.2716395357353491
18352,0.506702380952381,1,0,1,416658,188952,37488,70468,1.750268627959539,0.2716367280857297
18353,0.5067142857142857,0,1,0,416659,188951,37488,70468,1.7502593649264515,0.27163777518223414
18354,0.5067261904761906,0,1,0,416660,188950,37488,70468,1.750250101893364,0.27163882228681124
18355,0.5067619047619047,0,1,0,416661,188949,37488,70468,1.7502408388602764,0.2716398693994611
18356,0.5067857142857143,0,3,0,416664,188946,37488,70468,1.7502130497610138,0.2716430107858481
18357,0.5068095238095238,0,1,0,416665,188945,37488,70468,1.750203786727926,0.2716440579307899
18358,0.5068333333333332,2,7,2,416672,188938,37490,70466,1.7501389454963132,0.2716457726172303
18359,0.5068333333333334,1,11,1,416683,188927,37491,70465,1.7500370521323503,0.27165448433259315
18360,0.5068571428571428,0,1,0,416684,188926,37491,70465,1.7500277890992626,0.27165553161058015
18361,0.5068888888888889,0,1,0,416685,188925,37491,70465,1.7500185260661751,0.27165657889664213
18362,0.5068928571428571,1,1,1,416686,188924,37492,70464,1.7500092630330875,0.27165481826453036
18363,0.5069047619047619,0,3,0,416689,188921,37492,70464,1.7499814739338249,0.2716579601750294
18364,0.506904761904762,1,1,1,416690,188920,37493,70463,1.7499722109007374,0.27165619951962927
18365,0.5069166666666667,0,2,0,416692,188918,37493,70463,1.7499536848345623,0.27165829416958065
18366,0.5069285714285714,0,2,0,416694,188916,37493,70463,1.7499351587683871,0.2716603888518346
18367,0.5069523809523809,0,2,0,416696,188914,37493,70463,1.749916632702212,0.2716624835663918
18368,0.5069603174603174,1,2,1,416698,188912,37494,70462,1.7498981066360368,0.2716617702622468
18369,0.5069761904761905,0,1,0,416699,188911,37494,70462,1.7498888436029494,0.2716628176410035
18370,0.5069999999999999,1,0,1,416699,188911,37495,70461,1.7498888436029494,0.2716600095615564
18371,0.507,9,44,9,416743,188867,37504,70452,1.749481270147097,0.27168082554691325
18372,0.5070119047619047,0,1,0,416744,188866,37504,70452,1.7494720071140095,0.27168187322129583
18373,0.5070238095238095,0,3,0,416747,188863,37504,70452,1.7494442180147467,0.2716850162929256
18374,0.5070555555555556,0,1,0,416748,188862,37504,70452,1.7494349549816592,0.2716860639996298
18375,0.5070833333333333,2,2,2,416750,188860,37506,70450,1.749416428915484,0.2716825421310401
18376,0.5071190476190476,0,1,0,416751,188859,37506,70450,1.7494071658823966,0.2716835898484048
18377,0.5071190476190477,0,2,0,416753,188857,37506,70450,1.7493886398162215,0.27168568530737697
18378,0.5071212121212121,0,1,0,416754,188856,37506,70450,1.7493793767831338,0.2716867330489846
18379,0.5071309523809525,0,2,0,416756,188854,37506,70450,1.7493608507169587,0.2716888285564434
18380,0.5071428571428571,0,15,0,416771,188839,37506,70450,1.7492219052206455,0.27170454589280685
18381,0.5071558441558441,1,0,1,416771,188839,37507,70449,1.7492219052206455,0.27170173706457684
18382,0.5071666666666665,0,1,0,416772,188838,37507,70449,1.7492126421875578,0.27170278494486805
18383,0.5071666666666667,1,6,1,416778,188832,37508,70448,1.7491570639890326,0.2717062634989201
18384,0.5071666666666668,0,2,0,416780,188830,37508,70448,1.7491385379228575,0.27170835936716575
18385,0.5071831501831503,0,1,0,416781,188829,37508,70448,1.74912927488977,0.27170940731341386
18386,0.5072301587301586,0,1,0,416782,188828,37508,70448,1.7491200118566823,0.27171045526774557
18387,0.5072380952380953,0,1,0,416783,188827,37508,70448,1.7491107488235949,0.271711503230161
18388,0.50725,0,2,0,416785,188825,37508,70448,1.7490922227574197,0.2717135991792435
18389,0.5072611832611833,0,1,0,416786,188824,37508,70448,1.749082959724332,0.2717146471659107
18390,0.5072619047619047,1,1,1,416787,188823,37509,70447,1.7490736966912446,0.27171288618042966
18391,0.5072619047619048,0,1,0,416788,188822,37509,70447,1.7490644336581571,0.2717139341764731
18392,0.5072651515151515,0,1,0,416789,188821,37509,70447,1.7490551706250694,0.27171498218060075
18393,0.5072777777777777,0,1,0,416790,188820,37509,70447,1.749045907591982,0.2717160301928128
18394,0.5072857142857142,2,1,2,416791,188819,37511,70445,1.7490366445588943,0.27171146013330044
18395,0.5073214285714286,0,1,0,416792,188818,37511,70445,1.7490273815258068,0.2717125081480967
18396,0.5073333333333333,12,44,12,416836,188774,37523,70433,1.7486198080699544,0.2717249148364049
18397,0.5073333333333334,1,3,1,416839,188771,37524,70432,1.7485920189706918,0.271725250093556
18398,0.5073611111111112,1,0,1,416839,188771,37525,70431,1.7485920189706918,0.27172244041326843
18399,0.5073809523809524,1,7,1,416846,188764,37526,70430,1.748527177739079,0.27172696898847964
18400,0.5073888888888889,0,2,0,416848,188762,37526,70430,1.7485086516729038,0.2717290657119047
18401,0.5074047619047619,0,3,0,416851,188759,37526,70430,1.7484808625736412,0.2717322108577139
18402,0.5074166666666666,0,1,0,416852,188758,37526,70430,1.7484715995405535,0.27173325925582975
18403,0.5074291819291818,0,1,0,416853,188757,37526,70430,1.748462336507466,0.27173430766203555
18404,0.507452380952381,0,1,0,416854,188756,37526,70430,1.7484530734743784,0.27173535607633126
18405,0.5074702380952381,0,1,0,416855,188755,37526,70430,1.748443810441291,0.2717364044987171
18406,0.5075,55,306,55,417161,188449,37581,70375,1.7456093223164992,0.27190291472197325
18407,0.5075000000000001,0,12,0,417173,188437,37581,70375,1.7454981659194486,0.2719155216914208
18408,0.5075627705627705,0,1,0,417174,188436,37581,70375,1.7454889028863612,0.27191657232497846
18409,0.5075714285714286,0,1,0,417175,188435,37581,70375,1.7454796398532735,0.27191762296665506
18410,0.5075873015873016,0,1,0,417176,188434,37581,70375,1.745470376820186,0.2719186736164507
18411,0.5076190476190476,2,5,2,417181,188429,37583,70373,1.7454240616547483,0.27191830047681237
18412,0.5076428571428572,0,2,0,417183,188427,37583,70373,1.7454055355885731,0.27192040185471406
18413,0.5076547619047619,0,1,0,417184,188426,37583,70373,1.7453962725554855,0.2719214525558445
18414,0.5076666666666667,4,33,4,417217,188393,37587,70369,1.7450905924635962,0.2719448759864277
18415,0.5076666666666668,0,1,0,417218,188392,37587,70369,1.7450813294305088,0.27194592693643943
18416,0.5076727994227993,0,2,0,417220,188390,37587,70369,1.7450628033643336,0.2719480288608319
18417,0.5077142857142857,0,1,0,417221,188389,37587,70369,1.7450535403312462,0.2719490798352128
18418,0.50775,0,2,0,417223,188387,37587,70369,1.745035014265071,0.27195118180834454
18419,0.5077619047619049,0,1,0,417224,188386,37587,70369,1.7450257512319833,0.2719522328070955
18420,0.5077777777777778,0,1,0,417225,188385,37587,70369,1.7450164881988959,0.27195328381397005
18421,0.5078169191919192,0,2,0,417227,188383,37587,70369,1.7449979621327207,0.27195538585209006
18422,0.5078333333333332,0,1,0,417228,188382,37587,70369,1.7449886990996333,0.2719564368833357
18423,0.5078333333333334,1,18,1,417246,188364,37588,70368,1.7448219645040572,0.2719725430174853
18424,0.5078571428571428,0,1,0,417247,188363,37588,70368,1.7448127014709696,0.2719735941962888
18425,0.5078571428571429,0,6,0,417253,188357,37588,70368,1.7447571232724444,0.27197990143975265
18426,0.5079166666666667,3,6,3,417259,188351,37591,70365,1.744701545073919,0.27197776712688815
18427,0.5079642857142858,0,1,0,417260,188350,37591,70365,1.7446922820408315,0.27197881839089344
18428,0.5079761904761905,1,1,1,417261,188349,37592,70364,1.7446830190077438,0.27197705565626773
18429,0.508,12,88,12,417349,188261,37604,70352,1.7438678720960392,0.27203582186510344
18430,0.5080238095238095,1,0,1,417349,188261,37605,70351,1.7438678720960392,0.27203300697570104
18431,0.5080357142857143,1,0,1,417349,188261,37606,70350,1.7438678720960392,0.27203019206452933
18432,0.508047619047619,0,1,0,417350,188260,37606,70350,1.7438586090629515,0.2720312439580836
18433,0.5080833333333333,0,4,0,417354,188256,37606,70350,1.7438215569306013,0.27203545161365167
18434,0.5080952380952382,2,0,2,417354,188256,37608,70348,1.7438215569306013,0.2720298216578243
18435,0.5081190476190476,2,1,2,417355,188255,37610,70346,1.7438122938975138,0.27202524352187346
18436,0.5081666666666665,0,1,0,417356,188254,37610,70346,1.7438030308644263,0.27202629543696827
18437,0.5081666666666667,2,15,2,417371,188239,37612,70344,1.743664085368113,0.27203644477788563
18438,0.5081904761904762,0,2,0,417373,188237,37612,70344,1.7436455593019378,0.27203854884929674
18439,0.5082142857142857,1,3,1,417376,188234,37613,70343,1.7436177702026752,0.2720388897697784
18440,0.5082261904761904,0,1,0,417377,188233,37613,70343,1.7436085071695877,0.27203994183528246
18441,0.50825,0,2,0,417379,188231,37613,70343,1.7435899811034126,0.27204204599070286
18442,0.5082619047619047,1,0,1,417379,188231,37614,70342,1.7435899811034126,0.2720392307008079
18443,0.5083008658008658,0,2,0,417381,188229,37614,70342,1.7435714550372374,0.27204133487514065
18444,0.5083095238095239,2,0,2,417381,188229,37616,70340,1.7435714550372374,0.27203570420274664
18445,0.5083333333333333,75,341,75,417722,187888,37691,70265,1.7404127607543813,0.2721835500652714
18446,0.5083333333333334,0,3,0,417725,187885,37691,70265,1.7403849716551187,0.27218671315126863
18447,0.5083549783549783,0,1,0,417726,187884,37691,70265,1.7403757086220313,0.272187767529605
18448,0.5083650793650794,0,1,0,417727,187883,37691,70265,1.7403664455889436,0.27218882191611016
18449,0.5084166666666665,1,2,1,417729,187881,37692,70264,1.7403479195227685,0.2721881113327781
18450,0.5084166666666667,0,1,0,417730,187880,37692,70264,1.740338656489681,0.272189165736953
18451,0.5084285714285715,0,1,0,417731,187879,37692,70264,1.7403293934565933,0.2721902201492971
18452,0.5084365079365079,0,1,0,417732,187878,37692,70264,1.7403201304235059,0.2721912745698104
18453,0.508452380952381,0,1,0,417733,187877,37692,70264,1.7403108673904184,0.27219232899849305
18454,0.5084696969696969,0,1,0,417734,187876,37692,70264,1.7403016043573307,0.27219338343534516
18455,0.5085,3,3,3,417737,187873,37695,70261,1.7402738152580681,0.2721880883572098
18456,0.5085000000000001,6,18,6,417755,187855,37701,70255,1.740107080662492,0.2721901514858006
18457,0.5085238095238096,1,0,1,417755,187855,37702,70254,1.740107080662492,0.2721873317086967
18458,0.5085714285714286,0,10,0,417765,187845,37702,70254,1.7400144503316166,0.27219787755861125
18459,0.5085833333333334,0,1,0,417766,187844,37702,70254,1.740005187298529,0.2721989321885485
18460,0.5085961538461539,0,3,0,417769,187841,37702,70254,1.7399773981992663,0.27220209612739493
18461,0.5086363636363637,0,1,0,417770,187840,37702,70254,1.7399681351661789,0.2722031507900222
18462,0.5086666666666666,1,8,1,417778,187832,37703,70253,1.7398940309014783,0.27220876842900593
18463,0.5086666666666667,5,21,5,417799,187811,37708,70248,1.7396995072066397,0.2722168186344983
18464,0.5086904761904762,0,2,0,417801,187809,37708,70248,1.7396809811404645,0.27221892837628897
18465,0.5086923076923077,0,1,0,417802,187808,37708,70248,1.739671718107377,0.2722199832594476
18466,0.508702380952381,0,2,0,417804,187806,37708,70248,1.739653192041202,0.2722220930502918
18467,0.5087142857142857,0,2,0,417806,187804,37708,70248,1.7396346659750268,0.27222420287383936
18468,0.5087380952380952,0,1,0,417807,187803,37708,70248,1.7396254029419393,0.27222525779787715
18469,0.5087380952380953,0,1,0,417808,187802,37708,70248,1.7396161399088517,0.27222631273009107
18470,0.50875,2,7,2,417815,187795,37710,70246,1.7395512986772388,0.2722280567816742
18471,0.5087619047619047,0,1,0,417816,187794,37710,70246,1.7395420356441513,0.27222911176561776
18472,0.5087857142857143,1,0,1,417816,187794,37711,70245,1.7395420356441513,0.27222629137455967
18473,0.5088095238095237,0,1,0,417817,187793,37711,70245,1.7395327726110639,0.2722273463598385
18474,0.5088095238095238,0,5,0,417822,187788,37711,70245,1.739486457445626,0.27223262140888954
18475,0.5088333333333332,0,2,0,417824,187786,37711,70245,1.739467931379451,0.2722347314857517
18476,0.5088333333333334,4,10,4,417834,187776,37715,70241,1.7393753010485753,0.2722340000852657
18477,0.5088571428571429,0,1,0,417835,187775,37715,70241,1.7393660380154878,0.2722350551903758
18478,0.5088690476190476,0,1,0,417836,187774,37715,70241,1.7393567749824002,0.2722361103036645
18479,0.5088809523809524,0,1,0,417837,187773,37715,70241,1.7393475119493127,0.272237165425132
18480,0.5088888888888888,0,1,0,417838,187772,37715,70241,1.7393382489162252,0.27223822055477825
18481,0.508888888888889,0,1,0,417839,187771,37715,70241,1.7393289858831376,0.2722392756926034
18482,0.508904761904762,0,1,0,417840,187770,37715,70241,1.73931972285005,0.27224033083860766
18483,0.5089285714285714,0,1,0,417841,187769,37715,70241,1.7393104598169624,0.27224138599279096
18484,0.5089393939393939,0,1,0,417842,187768,37715,70241,1.739301196783875,0.2722424411551535
18485,0.5089999999999999,1,2,1,417844,187766,37716,70240,1.7392826707176998,0.2722417308124617
18486,0.509,14,44,14,417888,187722,37730,70226,1.7388750972618474,0.272248670274629
18487,0.5090384615384616,0,2,0,417890,187720,37730,70226,1.7388565711956723,0.2722507811712529
18488,0.509047619047619,1,0,1,417890,187720,37731,70225,1.7388565711956723,0.2722479598363992
18489,0.5090476190476191,0,3,0,417893,187717,37731,70225,1.7388287820964097,0.27225112622217396
18490,0.5090714285714285,0,1,0,417894,187716,37731,70225,1.738819519063322,0.2722521817004664
18491,0.5091666666666665,0,1,0,417895,187715,37731,70225,1.7388102560302345,0.2722532371869427
18492,0.5091666666666667,21,75,21,417970,187640,37752,70204,1.738115528548668,0.2722731574130094
18493,0.5091666666666668,10,57,10,418027,187583,37762,70194,1.7375875356626773,0.2723051319551395
18494,0.5092023809523808,0,2,0,418029,187581,37762,70194,1.7375690095965022,0.27230724469013673
18495,0.5092142857142857,1,1,1,418030,187580,37763,70193,1.7375597465634147,0.27230547807567124
18496,0.50925,0,2,0,418032,187578,37763,70193,1.7375412204972396,0.27230759084613865
18497,0.509265873015873,0,1,0,418033,187577,37763,70193,1.7375319574641521,0.2723086472436668
18498,0.5092857142857142,0,1,0,418034,187576,37763,70193,1.7375226944310644,0.2723097036493915
18499,0.5092857142857143,1,4,1,418038,187572,37764,70192,1.7374856422987144,0.2723111062832669
18500,0.5093333333333333,1,16,1,418054,187556,37765,70191,1.7373374337693135,0.2723251871020807
18501,0.5093333333333334,6,29,6,418083,187527,37771,70185,1.7370688058097743,0.2723388899236357
18502,0.5093571428571428,0,1,0,418084,187526,37771,70185,1.7370595427766868,0.2723399466844644
18503,0.5093809523809525,0,2,0,418086,187524,37771,70185,1.7370410167105117,0.2723420602307254
18504,0.5094047619047619,0,1,0,418087,187523,37771,70185,1.7370317536774242,0.2723431170161578
18505,0.509423076923077,0,1,0,418088,187522,37771,70185,1.7370224906443366,0.27234417380979176
18506,0.5094444444444445,0,1,0,418089,187521,37771,70185,1.737013227611249,0.2723452306116272
18507,0.509452380952381,0,1,0,418090,187520,37771,70185,1.7370039645781614,0.2723462874216643
18508,0.5094642857142857,0,3,0,418093,187517,37771,70185,1.7369761754788988,0.2723494579009864
18509,0.5094761904761905,0,3,0,418096,187514,37771,70185,1.7369483863796362,0.2723526284541267
18510,0.5095,0,2,0,418098,187512,37771,70185,1.736929860313461,0.27235474219723166
18511,0.5095000000000001,1,13,1,418111,187499,37772,70184,1.7368094408833228,0.27236565858050393
18512,0.5095021645021646,0,1,0,418112,187498,37772,70184,1.7368001778502353,0.27236671556414493
18513,0.5095039682539683,0,1,0,418113,187497,37772,70184,1.7367909148171476,0.27236777255598976
18514,0.5095119047619048,1,0,1,418113,187497,37773,70183,1.7367909148171476,0.2723649487736728
18515,0.5095238095238094,0,1,0,418114,187496,37773,70183,1.7367816517840602,0.272366005766865
18516,0.5095238095238095,0,2,0,418116,187494,37773,70183,1.736763125717885,0.2723681197778614
18517,0.509547619047619,1,0,1,418116,187494,37774,70182,1.736763125717885,0.2723652959530573
18518,0.5095476190476191,0,1,0,418117,187493,37774,70182,1.7367538626847976,0.272366352964005
18519,0.5095714285714285,0,1,0,418118,187492,37774,70182,1.73674459965171,0.272367409983157
18520,0.5095833333333333,0,2,0,418120,187490,37774,70182,1.7367260735855348,0.27236952404607406
18521,0.5095833333333334,0,1,0,418121,187489,37774,70182,1.7367168105524473,0.27237058108983936
18522,0.5096111111111111,0,1,0,418122,187488,37774,70182,1.7367075475193596,0.2723716381418093
18523,0.5096428571428572,0,2,0,418124,187486,37774,70182,1.7366890214531847,0.2723737522703634
18524,0.5096666666666666,4,12,4,418136,187474,37778,70178,1.7365778650561339,0.2723751416639498
18525,0.5096666666666667,2,19,2,418155,187455,37780,70176,1.7364018674274704,0.2723895804464525
18526,0.5096904761904762,0,1,0,418156,187454,37780,70176,1.736392604394383,0.27239063773628847
18527,0.5097103174603176,0,1,0,418157,187453,37780,70176,1.7363833413612952,0.2723916950343323
18528,0.5097142857142858,0,2,0,418159,187451,37780,70176,1.7363648152951203,0.2723938096550439
18529,0.5097179487179487,1,0,1,418159,187451,37781,70175,1.7363648152951203,0.2723909853819102
18530,0.5097499999999999,0,1,0,418160,187450,37781,70175,1.7363555522620326,0.27239204269771955
18531,0.5097619047619049,0,1,0,418161,187449,37781,70175,1.7363462892289452,0.2723931000217371
18532,0.5097857142857143,0,1,0,418162,187448,37781,70175,1.7363370261958575,0.27239415735396294
18533,0.5098015873015873,0,1,0,418163,187447,37781,70175,1.73632776316277,0.2723952146943972
18534,0.5098095238095238,0,1,0,418164,187446,37781,70175,1.7363185001296824,0.27239627204303996
18535,0.5098333333333332,0,3,0,418167,187443,37781,70175,1.7362907110304198,0.27239944413822015
18536,0.5098333333333334,2,7,2,418174,187436,37783,70173,1.7362258697988069,0.2724011971631426
18537,0.5098531746031746,0,1,0,418175,187435,37783,70173,1.7362166067657194,0.2724022545883668
18538,0.5098571428571429,0,1,0,418176,187434,37783,70173,1.7362073437326317,0.2724033120218006
18539,0.5098809523809523,0,6,0,418182,187428,37783,70173,1.7361517655341066,0.2724096567948106
18540,0.5098809523809524,0,2,0,418184,187426,37783,70173,1.7361332394679314,0.27241177178482834
18541,0.5099022366522367,1,4,1,418188,187422,37784,70172,1.7360961873355811,0.2724131773255588
18542,0.5099047619047619,0,2,0,418190,187420,37784,70172,1.736077661269406,0.2724152924003851
18543,0.5099642857142856,0,1,0,418191,187419,37784,70172,1.7360683982363185,0.2724163499501147
18544,0.5099761904761906,0,1,0,418192,187418,37784,70172,1.7360591352032309,0.27241740750805543
18545,0.5099999999999999,6,40,6,418232,187378,37790,70166,1.7356886138797287,0.2724427670611624
18546,0.51,510,2884,510,421116,184494,38300,69656,1.7089740264552225,0.274074365532166
18547,0.5100000000000001,7,32,7,421148,184462,38307,69649,1.7086776093964207,0.2740888824175262
18548,0.5100039682539682,1,1,1,421149,184461,38308,69648,1.7086683463633332,0.27408710435285644
18549,0.5100476190476191,0,1,0,421150,184460,38308,69648,1.7086590833302457,0.27408818297731674
18550,0.5100714285714285,0,1,0,421151,184459,38308,69648,1.708649820297158,0.27408926161026653
18551,0.5100714285714286,0,1,0,421152,184458,38308,69648,1.7086405572640706,0.274090340251706
18552,0.5100833333333332,0,1,0,421153,184457,38308,69648,1.708631294230983,0.27409141890163513
18553,0.5101190476190477,0,2,0,421155,184455,38308,69648,1.7086127681648078,0.27409357622696306
18554,0.5101428571428571,1,0,1,421155,184455,38309,69647,1.7086127681648078,0.2740907194748566
18555,0.5101666666666665,1,4,1,421159,184451,38310,69646,1.7085757160324577,0.2740921773968209
18556,0.5101666666666667,4,7,4,421166,184444,38314,69642,1.7085108748008448,0.27408830081153623
18557,0.5101666666666668,1,9,1,421175,184435,38315,69641,1.7084275075030568,0.2740951526314961
18558,0.5101825396825397,0,2,0,421177,184433,38315,69641,1.7084089814368817,0.274097310232452
18559,0.5101904761904763,1,0,1,421177,184433,38316,69640,1.7084089814368817,0.27409445316897113
18560,0.5102142857142856,0,1,0,421178,184432,38316,69640,1.7083997184037942,0.27409553197518816
18561,0.5102222222222221,1,0,1,421178,184432,38317,69639,1.7083997184037942,0.27409267488221795
18562,0.5102380952380952,0,1,0,421179,184431,38317,69639,1.7083904553707066,0.274093753689928
18563,0.5102380952380953,1,1,1,421180,184430,38318,69638,1.708381192337619,0.2740919753766708
18564,0.5102380952380954,0,1,0,421181,184429,38318,69638,1.7083719293045314,0.274093054194366
18565,0.5102619047619048,0,1,0,421182,184428,38318,69638,1.708362666271444,0.2740941330205537
18566,0.5102799422799422,0,2,0,421184,184426,38318,69638,1.7083441402052688,0.2740962906984067
18567,0.5102857142857142,0,1,0,421185,184425,38318,69638,1.7083348771721814,0.27409736955007225
18568,0.5102857142857143,0,3,0,421188,184422,38318,69638,1.7083070880729185,0.27410060615602616
18569,0.510297619047619,0,1,0,421189,184421,38318,69638,1.708297825039831,0.27410168504166355
18570,0.5103095238095238,1,0,1,421189,184421,38319,69637,1.708297825039831,0.27409882782671674
18571,0.5103333333333332,1,3,1,421192,184418,38320,69636,1.7082700359405685,0.27409920725515047
18572,0.5103333333333333,3,15,3,421207,184403,38323,69633,1.708131090444255,0.2741068195058968
18573,0.5103333333333334,0,2,0,421209,184401,38323,69633,1.70811256437808,0.2741089775384397
18574,0.510357142857143,0,2,0,421211,184399,38323,69633,1.7080940383119048,0.27411113560496314
18575,0.5104126984126984,1,0,1,421211,184399,38324,69632,1.7080940383119048,0.2741082781235361
18576,0.5104166666666666,0,4,0,421215,184395,38324,69632,1.7080569861795547,0.27411259433052393
18577,0.5104166666666667,1,1,1,421216,184394,38325,69631,1.708047723146467,0.27411081586458025
18578,0.5104177489177488,1,2,1,421218,184392,38326,69630,1.7080291970802919,0.274110116446607
18579,0.5104285714285713,0,1,0,421219,184391,38326,69630,1.7080199340472044,0.27411119553107816
18580,0.5104523809523809,0,1,0,421220,184390,38326,69630,1.708010671014117,0.27411227462404536
18581,0.510452380952381,0,1,0,421221,184389,38326,69630,1.7080014079810293,0.2741133537255087
18582,0.5104761904761904,0,1,0,421222,184388,38326,69630,1.7079921449479418,0.2741144328354684
18583,0.5104761904761905,0,3,0,421225,184385,38326,69630,1.707964355848679,0.2741176702163258
18584,0.5105,0,14,0,421239,184371,38326,69630,1.7078346733854533,0.2741327790048071
18585,0.5105000000000001,1,3,1,421242,184368,38327,69629,1.7078068842861907,0.2741331590530597
18586,0.5105238095238096,0,1,0,421243,184367,38327,69629,1.7077976212531032,0.27413423833446193
18587,0.510547619047619,0,1,0,421244,184366,38327,69629,1.7077883582200155,0.27413531762436266
18588,0.5105833333333334,0,1,0,421245,184365,38327,69629,1.707779095186928,0.274136396922762
18589,0.5106060606060606,0,1,0,421246,184364,38327,69629,1.7077698321538404,0.2741374762296599
18590,0.5106111111111111,0,2,0,421248,184362,38327,69629,1.7077513060876655,0.27413963486895204
18591,0.5106150793650793,0,4,0,421252,184358,38327,69629,1.7077142539553152,0.2741439522495246
18592,0.5106190476190475,0,1,0,421253,184357,38327,69629,1.7077049909222275,0.27414503161591586
18593,0.5106428571428572,0,1,0,421254,184356,38327,69629,1.70769572788914,0.27414611099080655
18594,0.5106666666666666,4,32,4,421286,184324,38331,69625,1.7073993108303382,0.2741692229542152
18595,0.5106666666666667,4,21,4,421307,184303,38335,69621,1.7072047871354996,0.2741804634457554
18596,0.5106785714285715,0,2,0,421309,184301,38335,69621,1.7071862610693245,0.27418262301021573
18597,0.5106818181818181,0,1,0,421310,184300,38335,69621,1.707176998036237,0.2741837028052032
18598,0.5107142857142857,1,9,1,421319,184291,38336,69620,1.707093630738449,0.27419056283500914
18599,0.5107142857142858,0,1,0,421320,184290,38336,69620,1.7070843677053615,0.27419164270804613
18600,0.5107222222222222,0,1,0,421321,184289,38336,69620,1.7070751046722739,0.2741927225895892
18601,0.5107539682539682,0,1,0,421322,184288,38336,69620,1.7070658416391864,0.2741938024796383
18602,0.5107619047619046,0,1,0,421323,184287,38336,69620,1.7070565786060987,0.2741948823781936
18603,0.5107777777777778,0,2,0,421325,184285,38336,69620,1.7070380525399236,0.27419704220082314
18604,0.5107857142857144,0,1,0,421326,184284,38336,69620,1.7070287895068361,0.2741981221248976
18605,0.5108333333333333,11,53,11,421379,184231,38347,69609,1.7065378487531957,0.27422392057989287
18606,0.5108333333333334,16,66,16,421445,184165,38363,69593,1.7059264885694172,0.2742494817897367
18607,0.5108333333333335,0,5,0,421450,184160,38363,69593,1.7058801734039795,0.2742548856565243
18608,0.5108571428571429,0,2,0,421452,184158,38363,69593,1.7058616473378043,0.2742570472628679
18609,0.5108809523809524,0,1,0,421453,184157,38363,69593,1.7058523843047166,0.2742581280788177
18610,0.510904761904762,1,0,1,421453,184157,38364,69592,1.7058523843047166,0.27425526800105615
18611,0.5109285714285714,2,0,2,421453,184157,38366,69590,1.7058523843047166,0.2742495477779048
18612,0.5109523809523809,1,3,1,421456,184154,38367,69589,1.705824595205454,0.27424993004733134
18613,0.510952380952381,0,4,0,421460,184150,38367,69589,1.7057875430731038,0.2742542533863537
18614,0.5109572649572649,1,0,1,421460,184150,38368,69588,1.7057875430731038,0.27425139316933217
18615,0.5109603174603174,0,1,0,421461,184149,38368,69588,1.7057782800400163,0.2742524740183734
18616,0.5109761904761905,0,1,0,421462,184148,38368,69588,1.7057690170069288,0.27425355487593406
18617,0.5109761904761906,0,1,0,421463,184147,38368,69588,1.7057597539738412,0.2742546357420143
18618,0.5109999999999999,1,8,1,421471,184139,38369,69587,1.7056856497091408,0.2742604226606654
18619,0.511,15,71,15,421542,184068,38384,69572,1.7050279743599244,0.274294275350891
18620,0.5110317460317461,0,1,0,421543,184067,38384,69572,1.705018711326837,0.27429535678661404
18621,0.5110476190476191,0,1,0,421544,184066,38384,69572,1.7050094482937492,0.27429643823086447
18622,0.5110714285714286,0,1,0,421545,184065,38384,69572,1.7050001852606618,0.27429751968364235
18623,0.5110833333333333,0,1,0,421546,184064,38384,69572,1.704990922227574,0.27429860114494786
18624,0.5110952380952382,0,1,0,421547,184063,38384,69572,1.7049816591944866,0.2742996826147811
18625,0.5111666666666667,1,9,1,421556,184054,38385,69571,1.7048982918966986,0.2743065549531789
18626,0.5111666666666668,1,2,1,421558,184052,38386,69570,1.7048797658305235,0.27430585674744307
18627,0.5111904761904762,0,2,0,421560,184050,38386,69570,1.7048612397643483,0.27430801987224984
18628,0.5112142857142857,0,1,0,421561,184049,38386,69570,1.7048519767312609,0.27430910144744675
18629,0.5112380952380953,0,3,0,421564,184046,38386,69570,1.7048241876319983,0.27431234622421297
18630,0.51125,4,6,4,421570,184040,38390,69566,1.7047686094334729,0.2743073902037018
18631,0.5113235294117647,0,1,0,421571,184039,38390,69566,1.7047593464003854,0.2743084718361231
18632,0.5113333333333333,1,33,1,421604,184006,38391,69565,1.7044536663084962,0.2743413087458739
18633,0.5113333333333334,3,2,3,421606,184004,38394,69562,1.704435140242321,0.27433488716941545
18634,0.5113636363636364,0,1,0,421607,184003,38394,69562,1.7044258772092333,0.2743359690809063
18635,0.5114047619047619,1,0,1,421607,184003,38395,69561,1.7044258772092333,0.27433310722342286
18636,0.5114166666666666,0,1,0,421608,184002,38395,69561,1.7044166141761459,0.27433418913642765
18637,0.5114166666666667,1,0,1,421608,184002,38396,69560,1.7044166141761459,0.2743313272493512
18638,0.5114285714285713,0,4,0,421612,183998,38396,69560,1.7043795620437956,0.27433565495862877
18639,0.5115,2,25,2,421637,183973,38398,69558,1.7041479862166067,0.2743569819864238
18640,0.5115000000000001,0,4,0,421641,183969,38398,69558,1.7041109340842566,0.2743613106296371
18641,0.5115555555555555,0,1,0,421642,183968,38398,69558,1.704101671051169,0.2743623928117826
18642,0.5115714285714285,0,1,0,421643,183967,38398,69558,1.7040924080180815,0.2743634750024652
18643,0.5116190476190475,0,1,0,421644,183966,38398,69558,1.7040831449849938,0.27436455720168507
18644,0.5116190476190478,0,3,0,421647,183963,38398,69558,1.7040553558857312,0.2743678038505686
18645,0.5116666666666666,40,227,40,421874,183736,38438,69518,1.7019526473748565,0.2744991194610944
18646,0.5116666666666667,25,135,25,422009,183601,38463,69493,1.7007021379080367,0.274573873738611
18647,0.5116944444444443,0,1,0,422010,183600,38463,69493,1.700692874874949,0.2745749586120517
18648,0.5117142857142857,0,2,0,422012,183598,38463,69493,1.7006743488087739,0.27457712838465215
18649,0.5117499999999999,1,0,1,422012,183598,38464,69492,1.7006743488087739,0.2745742621201944
18650,0.51175,0,2,0,422014,183596,38464,69492,1.7006558227425987,0.2745764319130105
18651,0.5117619047619048,0,1,0,422015,183595,38464,69492,1.7006465597095113,0.2745775168222785
18652,0.5117738095238095,0,1,0,422016,183594,38464,69492,1.7006372966764238,0.27457860174011994
18653,0.5117857142857143,0,2,0,422018,183592,38464,69492,1.7006187706102487,0.2745807716015236
18654,0.5117929292929293,0,2,0,422020,183590,38464,69492,1.7006002445440735,0.27458294149722223
18655,0.5118174603174603,0,1,0,422021,183589,38464,69492,1.7005909815109859,0.27458402645793245
18656,0.5118214285714285,0,1,0,422022,183588,38464,69492,1.7005817184778984,0.2745851114272167
18657,0.5118333333333333,1,2,1,422024,183586,38465,69491,1.7005631924117233,0.27458441501993464
18658,0.5118333333333334,3,7,3,422031,183579,38468,69488,1.7004983511801104,0.2745834107173199
18659,0.5118333333333335,0,2,0,422033,183577,38468,69488,1.7004798251139353,0.27458558077964157
18660,0.5118611111111112,0,1,0,422034,183576,38468,69488,1.7004705620808478,0.27458666582366514
18661,0.5119047619047619,0,2,0,422036,183574,38468,69488,1.7004520360146727,0.27458883593743827
18662,0.511904761904762,1,1,1,422037,183573,38469,69487,1.7004427729815852,0.2745870544534893
18663,0.5119166666666666,1,1,1,422038,183572,38470,69486,1.7004335099484975,0.274585272941381
18664,0.5119444444444444,0,1,0,422039,183571,38470,69486,1.70042424691541,0.27458635801420234
18665,0.5119523809523809,0,3,0,422042,183568,38470,69486,1.7003964578161472,0.2745896132841212
18666,0.5119761904761905,1,3,1,422045,183565,38471,69485,1.7003686687168846,0.2745900019758941
18667,0.5119761904761906,0,1,0,422046,183564,38471,69485,1.7003594056837972,0.2745910871017076
18668,0.5119880952380953,0,1,0,422047,183563,38471,69485,1.7003501426507095,0.2745921722360975
18669,0.5119960317460317,0,1,0,422048,183562,38471,69485,1.700340879617622,0.274593257379064
18670,0.5119999999999999,0,2,0,422050,183560,38471,69485,1.700322353551447,0.2745954276907269
18671,0.512,16,84,16,422134,183476,38487,69469,1.6995442587720924,0.27464073217497875
18672,0.5120000000000001,0,2,0,422136,183474,38487,69469,1.6995257327059172,0.2746429037372056
18673,0.5120238095238095,0,1,0,422137,183473,38487,69469,1.6995164696728298,0.2746439895311969
18674,0.5120833333333333,0,4,0,422141,183469,38487,69469,1.6994794175404795,0.2746483327930165
18675,0.512095238095238,1,0,1,422141,183469,38488,69468,1.6994794175404795,0.2746454650762838
18676,0.5120952380952382,0,1,0,422142,183468,38488,69468,1.6994701545073918,0.2746465509061581
18677,0.5121428571428571,0,11,0,422153,183457,38488,69468,1.6993682611434289,0.2746584956014629
18678,0.5121666666666667,2,14,2,422167,183443,38490,69466,1.6992385786802031,0.2746679635758316
18679,0.5121666666666668,1,0,1,422167,183443,38491,69465,1.6992385786802031,0.27466509560788904
18680,0.5121904761904762,0,1,0,422168,183442,38491,69465,1.6992293156471154,0.2746661816398913
18681,0.5122142857142857,1,0,1,422168,183442,38492,69464,1.6992293156471154,0.2746633136422228
18682,0.5122222222222222,0,1,0,422169,183441,38492,69464,1.699220052614028,0.27466439967576756
18683,0.51225,1,0,1,422169,183441,38493,69463,1.699220052614028,0.2746615316483725
18684,0.5122738095238096,1,1,1,422170,183440,38494,69462,1.6992107895809403,0.2746597496263375
18685,0.5122777777777777,1,0,1,422170,183440,38495,69461,1.6992107895809403,0.274656881546534
18686,0.5122857142857142,1,1,1,422171,183439,38496,69460,1.6992015265478528,0.27465509946658545
18687,0.5123333333333333,4,31,4,422202,183408,38500,69456,1.6989143725221387,0.2746772968868641
18688,0.5123333333333334,0,1,0,422203,183407,38500,69456,1.698905109489051,0.2746783831560964
18689,0.5123809523809524,0,3,0,422206,183404,38500,69456,1.6988773203897884,0.27468164201534445
18690,0.5124404761904762,0,3,0,422209,183401,38500,69456,1.6988495312905258,0.27468490095192144
18691,0.5124523809523809,0,2,0,422211,183399,38500,69456,1.6988310052243507,0.274687073619268
18692,0.5125,51,299,51,422510,183100,38551,69405,1.6960613583311719,0.2748658442407081
18693,0.5125000000000001,1,7,1,422517,183093,38552,69404,1.695996517099559,0.27487059252189133
18694,0.5125000000000002,0,1,0,422518,183092,38552,69404,1.6959872540664716,0.2748716811355427
18695,0.512521645021645,0,1,0,422519,183091,38552,69404,1.6959779910333839,0.274872769757817
18696,0.5125555555555555,1,0,1,422519,183091,38553,69403,1.6959779910333839,0.2748698978985639
18697,0.5125714285714286,1,2,1,422521,183089,38554,69402,1.695959464967209,0.27486920325873
18698,0.5125961122211122,0,2,0,422523,183087,38554,69402,1.6959409389010338,0.2748713805353897
18699,0.5126111111111111,0,1,0,422524,183086,38554,69402,1.6959316758679461,0.2748724691866544
18700,0.5126190476190476,0,1,0,422525,183085,38554,69402,1.6959224128348587,0.2748735578465426
18701,0.5126309523809525,0,1,0,422526,183084,38554,69402,1.695913149801771,0.2748746465150543
18702,0.5126428571428572,0,1,0,422527,183083,38554,69402,1.6959038867686835,0.2748757351921896
18703,0.5126507936507937,0,1,0,422528,183082,38554,69402,1.695894623735596,0.2748768238779487
18704,0.5126587301587301,1,0,1,422528,183082,38555,69401,1.695894623735596,0.27487395190963354
18705,0.5126666666666666,4,39,4,422567,183043,38559,69397,1.6955333654451814,0.2749049279036603
18706,0.5126666666666667,3,8,3,422575,183035,38562,69394,1.6954592611804808,0.2749050227984899
18707,0.5127142857142857,0,1,0,422576,183034,38562,69394,1.6954499981473934,0.27490611184179253
18708,0.5127499999999999,0,1,0,422577,183033,38562,69394,1.695440735114306,0.2749072008937237
18709,0.51275,1,1,1,422578,183032,38563,69393,1.6954314720812182,0.27490541745072794
18710,0.5127500000000002,0,1,0,422579,183031,38563,69393,1.6954222090481308,0.27490650651285137
18711,0.5127777777777777,0,3,0,422582,183028,38563,69393,1.695394419948868,0.27490977375099535
18712,0.5127777777777779,0,1,0,422583,183027,38563,69393,1.6953851569157805,0.2749108628476349
18713,0.5127938238232356,0,1,0,422584,183026,38563,69393,1.695375893882693,0.2749119519529037
18714,0.5128095238095238,1,1,1,422585,183025,38564,69392,1.6953666308496054,0.27491016849102873
18715,0.5128214285714285,0,1,0,422586,183024,38564,69392,1.695357367816518,0.2749112576064909
18716,0.5128333333333331,0,1,0,422587,183023,38564,69392,1.6953481047834302,0.27491234673058257
18717,0.5128333333333334,2,7,2,422594,183016,38566,69390,1.6952832635518174,0.2749142254938472
18718,0.5128571428571429,0,14,0,422608,183002,38566,69390,1.6951535810885916,0.2749294747852547
18719,0.5128939393939393,1,1,1,422609,183001,38567,69389,1.6951443180555041,0.274927691271445
18720,0.5129166666666667,0,4,0,422613,182997,38567,69389,1.6951072659231539,0.27493204852884073
18721,0.5129285714285714,0,1,0,422614,182996,38567,69389,1.6950980028900664,0.2749331378647701
18722,0.5129761904761905,0,7,0,422621,182989,38567,69389,1.6950331616584535,0.2749407634579876
18723,0.5129999999999999,0,6,0,422627,182983,38567,69389,1.694977583459928,0.27494730001743456
18724,0.513,9,31,9,422658,182952,38576,69380,1.694690429434214,0.27495521772902365
18725,0.5130476190476191,0,3,0,422661,182949,38576,69380,1.6946626403349512,0.27495848673755297
18726,0.5130651848151849,0,1,0,422662,182948,38576,69380,1.6946533773018637,0.2749595764243366
18727,0.5130714285714286,0,1,0,422663,182947,38576,69380,1.6946441142687763,0.2749606661197573
18728,0.5130833333333333,0,3,0,422666,182944,38576,69380,1.6946163251695134,0.2749639352578431
18729,0.513095238095238,2,1,2,422667,182943,38578,69378,1.694607062136426,0.27495927806246806
18730,0.5131212121212121,0,1,0,422668,182942,38578,69378,1.6945977991033383,0.2749603677869372
18731,0.5131410256410257,0,1,0,422669,182941,38578,69378,1.6945885360702508,0.2749614575200441
18732,0.5131666666666667,3,17,3,422686,182924,38581,69375,1.6944310645077625,0.2749713633427005
18733,0.5131666666666668,2,3,2,422689,182921,38583,69373,1.6944032754084997,0.27496888550659154
18734,0.5131904761904763,1,1,1,422690,182920,38584,69372,1.6943940123754122,0.27496710161241733
18735,0.5132142857142857,1,2,1,422692,182918,38585,69371,1.694375486309237,0.2749664075722683
18736,0.5132222222222222,0,1,0,422693,182917,38585,69371,1.6943662232761496,0.27496749746321664
18737,0.5132380952380953,0,1,0,422694,182916,38585,69371,1.694356960243062,0.27496858736280505
18738,0.51325,0,1,0,422695,182915,38585,69371,1.6943476972099745,0.27496967727103366
18739,0.5132619047619048,0,2,0,422697,182913,38585,69371,1.6943291711437993,0.2749718571134119
18740,0.5132738095238095,0,1,0,422698,182912,38585,69371,1.6943199081107119,0.27497294704756164
18741,0.5132857142857142,0,1,0,422699,182911,38585,69371,1.6943106450776242,0.27497403699035206
18742,0.5132976190476191,0,3,0,422702,182908,38585,69371,1.6942828559783616,0.27497730687056793
18743,0.5133055555555556,0,1,0,422703,182907,38585,69371,1.694273592945274,0.27497839684792175
18744,0.5133333333333333,93,609,93,423312,182298,38678,69278,1.6886324057949536,0.27537602950996914
18745,0.5133333333333334,1,0,1,423312,182298,38679,69277,1.6886324057949536,0.27537314916029015
18746,0.5133560606060606,0,1,0,423313,182297,38679,69277,1.6886231427618659,0.275374243761279
18747,0.5133571428571428,0,1,0,423314,182296,38679,69277,1.6886138797287784,0.27537533837096984
18748,0.5133809523809524,0,2,0,423316,182294,38679,69277,1.6885953536626033,0.2753775276164582
18749,0.513388888888889,0,1,0,423317,182293,38679,69277,1.6885860906295158,0.27537862225225584
18750,0.5134285714285715,0,1,0,423318,182292,38679,69277,1.6885768275964281,0.27537971689675594
18751,0.513452380952381,1,6,1,423324,182286,38680,69276,1.688521249397903,0.27538340448875426
18752,0.5134761904761905,1,0,1,423324,182286,38681,69275,1.688521249397903,0.2753805240080935
18753,0.5134960317460318,0,1,0,423325,182285,38681,69275,1.6885119863648153,0.27538161869931627
18754,0.5135,0,1,0,423326,182284,38681,69275,1.6885027233317278,0.2753827133992423
18755,0.5135000000000001,11,21,11,423347,182263,38692,69264,1.6883081996368892,0.2753740155132451
18756,0.5135555555555555,0,1,0,423348,182262,38692,69264,1.6882989366038015,0.27537511032656664
18757,0.5135634920634922,0,1,0,423349,182261,38692,69264,1.688289673570714,0.27537620514859357
18758,0.5135714285714285,0,1,0,423350,182260,38692,69264,1.6882804105376263,0.27537729997932603
18759,0.5135714285714286,1,8,1,423358,182252,38693,69263,1.688206306272926,0.27538317794167344
18760,0.5136111111111111,1,1,1,423359,182251,38694,69262,1.6881970432398385,0.27538139181672516
18761,0.5136190476190476,0,1,0,423360,182250,38694,69262,1.6881877802067509,0.2753824867203155
18762,0.5136269841269842,0,1,0,423361,182249,38694,69262,1.6881785171736634,0.2753835816326125
18763,0.5136363636363636,0,2,0,423363,182247,38694,69262,1.6881599911074883,0.27538577148332666
18764,0.5136363636363637,0,1,0,423364,182246,38694,69262,1.6881507280744006,0.27538686642174404
18765,0.5136428571428572,0,2,0,423366,182244,38694,69262,1.6881322020082257,0.2753890563247
18766,0.5136547619047619,0,1,0,423367,182243,38694,69262,1.688122938975138,0.27539015128923877
18767,0.5136666666666666,0,1,0,423368,182242,38694,69262,1.6881136759420505,0.2753912462624849
18768,0.5136666666666667,3,20,3,423388,182222,38697,69259,1.6879284152802994,0.27540450371996295
18769,0.5136904761904763,0,1,0,423389,182221,38697,69259,1.687919152247212,0.2754055988547797
18770,0.5137499999999999,1,0,1,423389,182221,38698,69258,1.687919152247212,0.27540271752313317
18771,0.51375,2,1,2,423390,182220,38700,69256,1.6879098892141242,0.2753980499133118
18772,0.5137777777777778,1,0,1,423390,182220,38701,69255,1.6879098892141242,0.2753951685058157
18773,0.5137878787878788,0,1,0,423391,182219,38701,69255,1.6879006261810368,0.27539626362963965
18774,0.513797619047619,1,2,1,423393,182217,38702,69254,1.6878821001148616,0.2753955724516942
18775,0.5137976190476192,0,1,0,423394,182216,38702,69254,1.6878728370817742,0.27539666759454406
18776,0.5138095238095238,2,5,2,423399,182211,38704,69252,1.6878265219163362,0.27539638038200454
18777,0.5138333333333333,0,2,0,423401,182209,38704,69252,1.6878079958501613,0.2753985707525223
18778,0.5138333333333334,0,7,0,423408,182202,38704,69252,1.6877431546185484,0.2754062373237252
18779,0.5138333333333335,0,1,0,423409,182201,38704,69252,1.6877338915854607,0.27540733258302746
18780,0.5138571428571429,0,1,0,423410,182200,38704,69252,1.6877246285523733,0.27540842785104114
18781,0.5138636363636364,0,1,0,423411,182199,38704,69252,1.6877153655192856,0.27540952312776645
18782,0.5138690476190476,0,3,0,423414,182196,38704,69252,1.687687576420023,0.27541280901021287
18783,0.5138888888888888,0,1,0,423415,182195,38704,69252,1.6876783133869355,0.27541390432178553
18784,0.513888888888889,1,0,1,423415,182195,38705,69251,1.6876783133869355,0.2754110226450212
18785,0.5139166666666667,0,3,0,423418,182192,38705,69251,1.6876505242876727,0.27541430861069904
18786,0.5139173881673882,1,0,1,423418,182192,38706,69250,1.6876505242876727,0.2754114268897002
18787,0.5139285714285714,0,1,0,423419,182191,38706,69250,1.6876412612545852,0.27541252222191287
18788,0.5139285714285715,1,0,1,423419,182191,38707,69249,1.6876412612545852,0.2754096404708877
18789,0.5139761904761904,0,1,0,423420,182190,38707,69249,1.6876319982214976,0.2754107358047081
18790,0.5139999999999999,0,1,0,423421,182189,38707,69249,1.68762273518841,0.27541183114724105
18791,0.514,19,120,19,423541,182069,38726,69230,1.6865111712179035,0.27548856143478484
18792,0.5140357142857144,0,1,0,423542,182068,38726,69230,1.686501908184816,0.27548965769723593
18793,0.514047619047619,1,2,1,423544,182066,38727,69229,1.686483382118641,0.27548896715016213
18794,0.5140476190476191,2,1,2,423545,182065,38729,69227,1.6864741190855534,0.2754842971523168
18795,0.5140714285714285,0,1,0,423546,182064,38729,69227,1.6864648560524658,0.27548539342833606
18796,0.5140833333333333,0,2,0,423548,182062,38729,69227,1.6864463299862906,0.2754875860065502
18797,0.5140952380952382,0,6,0,423554,182056,38729,69227,1.6863907517877654,0.2754941639506055
18798,0.5141190476190477,0,3,0,423557,182053,38729,69227,1.6863629626885028,0.275497453040433
18799,0.5141309523809524,0,1,0,423558,182052,38729,69227,1.6863536996554152,0.27549854942116137
18800,0.514151515151515,1,0,1,423558,182052,38730,69226,1.6863536996554152,0.27549566615461757
18801,0.5141666666666665,0,2,0,423560,182050,38730,69226,1.68633517358924,0.2754978589280313
18802,0.5141666666666667,29,117,29,423677,181933,38759,69197,1.6852513987179962,0.27554254768446623
18803,0.5141666666666668,2,0,2,423677,181933,38761,69195,1.6852513987179962,0.275536778057405
18804,0.5141825396825397,0,1,0,423678,181932,38761,69195,1.6852421356849088,0.2755378752583354
18805,0.5141984126984127,1,0,1,423678,181932,38762,69194,1.6852421356849088,0.2755349904032239
18806,0.5142142857142857,0,1,0,423679,181931,38762,69194,1.685232872651821,0.275536087605774
18807,0.5142532467532468,0,1,0,423680,181930,38762,69194,1.6852236096187336,0.27553718481706246
18808,0.5142619047619047,0,1,0,423681,181929,38762,69194,1.685214346585646,0.2755382820370894
18809,0.5142857142857143,4,16,4,423697,181913,38766,69190,1.685066138056245,0.2755442985547763
18810,0.5143333333333333,5,8,5,423705,181905,38771,69185,1.6849920337915447,0.27553865147954915
18811,0.5143333333333334,3,28,3,423733,181877,38774,69182,1.6847326688650932,0.2755607247698748
18812,0.5143650793650794,0,1,0,423734,181876,38774,69182,1.6847234058320055,0.27556182236773974
18813,0.5143809523809523,0,1,0,423735,181875,38774,69182,1.684714142798918,0.27556291997434845
18814,0.5143888888888889,0,3,0,423738,181872,38774,69182,1.6846863536996555,0.27556621284663857
18815,0.514452380952381,0,1,0,423739,181871,38774,69182,1.6846770906665678,0.2755673104882236
18816,0.5145,2,3,2,423742,181868,38776,69180,1.6846493015673052,0.27556483222331984
18817,0.5145000000000001,7,15,7,423757,181853,38783,69173,1.684510356070992,0.27556109725685785
18818,0.5145238095238095,0,1,0,423758,181852,38783,69173,1.6845010930379043,0.27556219500049794
18819,0.5145238095238096,0,3,0,423761,181849,38783,69173,1.6844733039386417,0.27556548828389543
18820,0.514547619047619,0,2,0,423763,181847,38783,69173,1.6844547778724666,0.27556768384989244
18821,0.5145714285714285,0,1,0,423764,181846,38783,69173,1.684445514839379,0.27556878164601084
18822,0.5145714285714286,0,1,0,423765,181845,38783,69173,1.6844362518062914,0.275569879450876
18823,0.5145833333333334,0,2,0,423767,181843,38783,69173,1.6844177257401163,0.27557207508684706
18824,0.5146190476190476,0,2,0,423769,181841,38783,69173,1.6843991996739411,0.2755742707578063
18825,0.5146428571428572,1,3,1,423772,181838,38784,69172,1.6843714105746785,0.27557467829966936
18826,0.5146666666666666,0,15,0,423787,181823,38784,69172,1.6842324650783653,0.2755911472340086
18827,0.5146666666666667,5,15,5,423802,181808,38789,69167,1.684093519582052,0.27559318657236775
18828,0.5146865079365079,0,1,0,423803,181807,38789,69167,1.6840842565489644,0.2755942846669376
18829,0.5147222222222222,0,1,0,423804,181806,38789,69167,1.6840749935158768,0.27559538277025813
18830,0.5147619047619048,0,4,0,423808,181802,38789,69167,1.6840379413835267,0.2755997752710494
18831,0.5147857142857143,0,1,0,423809,181801,38789,69167,1.684028678350439,0.275600873418125
18832,0.5148333333333333,1,10,1,423819,181791,38790,69166,1.6839360480195635,0.27560896886717645
18833,0.5148333333333334,2,12,2,423831,181779,38792,69164,1.683824891622513,0.2756163750333741
18834,0.5148571428571429,0,1,0,423832,181778,38792,69164,1.6838156285894252,0.2756174733603781
18835,0.5148809523809523,1,2,1,423834,181776,38793,69163,1.6837971025232503,0.2756167833616935
18836,0.5148809523809524,1,1,1,423835,181775,38794,69162,1.6837878394901626,0.2756149949987447
18837,0.5149047619047618,0,1,0,423836,181774,38794,69162,1.6837785764570752,0.27561609334651066
18838,0.514904761904762,0,1,0,423837,181773,38794,69162,1.6837693134239875,0.2756171917030307
18839,0.5149523809523809,0,2,0,423839,181771,38794,69162,1.6837507873578124,0.2756193884423332
18840,0.5149550172050172,0,2,0,423841,181769,38794,69162,1.6837322612916374,0.2756215852166532
18841,0.5149999999999999,2,24,2,423865,181745,38796,69160,1.683509948497536,0.2756421753253223
18842,0.515,237,1035,237,424900,180710,39033,68923,1.6739227092519176,0.27609731085233125
18843,0.5150000000000001,0,24,0,424924,180686,39033,68923,1.673700396457816,0.27612385771346387
18844,0.5150238095238096,1,1,1,424925,180685,39034,68922,1.6736911334247286,0.27612206388442634
18845,0.5150833333333334,0,1,0,424926,180684,39034,68922,1.673681870391641,0.276123170116103
18846,0.5150952380952382,1,2,1,424928,180682,39035,68921,1.673663344325466,0.2761224825022135
18847,0.5151132756132756,0,2,0,424930,180680,39035,68921,1.673644818259291,0.2761246950132411
18848,0.5151190476190476,0,2,0,424932,180678,39035,68921,1.6736262921931158,0.2761269075597258
18849,0.5151428571428571,0,4,0,424936,180674,39035,68921,1.6735892400607655,0.2761313327590697
18850,0.5151666666666666,0,1,0,424937,180673,39035,68921,1.673579977027678,0.27613243908106766
18851,0.5151666666666667,3,18,3,424955,180655,39038,68918,1.673413242432102,0.2761436533599388
18852,0.5151666666666668,3,4,3,424959,180651,39041,68915,1.6733761902997517,0.2761393779601388
18853,0.5151904761904761,0,3,0,424962,180648,39041,68915,1.673348401200489,0.2761426974351166
18854,0.5152142857142858,0,1,0,424963,180647,39041,68915,1.6733391381674014,0.27614380394451077
18855,0.5152222222222221,0,2,0,424965,180645,39041,68915,1.6733206121012265,0.2761460169899022
18856,0.5152380952380952,0,1,0,424966,180644,39041,68915,1.6733113490681388,0.2761471235258997
18857,0.5152380952380953,1,0,1,424966,180644,39042,68914,1.6733113490681388,0.2761442229862397
18858,0.5152514430014431,0,1,0,424967,180643,39042,68914,1.6733020860350514,0.2761453295239164
18859,0.5152777777777777,0,1,0,424968,180642,39042,68914,1.6732928230019637,0.27614643607046113
18860,0.5152777777777778,0,4,0,424972,180638,39042,68914,1.6732557708696136,0.2761508623453228
18861,0.515297619047619,0,1,0,424973,180637,39042,68914,1.673246507836526,0.2761519689362094
18862,0.5153333333333332,0,1,0,424974,180636,39042,68914,1.6732372448034385,0.27615307553596474
18863,0.5153333333333333,2,22,2,424996,180614,39044,68912,1.6730334580755122,0.27617162139416335
18864,0.5153333333333334,2,7,2,425003,180607,39046,68910,1.6729686168438993,0.2761735673320856
18865,0.5153571428571428,0,3,0,425006,180604,39046,68910,1.6729408277446367,0.2761768878700193
18866,0.515357142857143,0,1,0,425007,180603,39046,68910,1.6729315647115492,0.2761779947337413
18867,0.5153888888888889,1,1,1,425008,180602,39047,68909,1.6729223016784616,0.27617620064846843
18868,0.5154166666666666,0,2,0,425010,180600,39047,68909,1.6729037756122864,0.2761784144058932
18869,0.5154285714285715,0,2,0,425012,180598,39047,68909,1.6728852495461113,0.27618062819880806
18870,0.5154444444444445,1,0,1,425012,180598,39048,68908,1.6728852495461113,0.2761777271889253
18871,0.5154761904761905,0,1,0,425013,180597,39048,68908,1.6728759865130238,0.2761788340915012
18872,0.5155,3,12,3,425025,180585,39051,68905,1.6727648301159732,0.2761834141648964
18873,0.5155000000000001,1,8,1,425033,180577,39052,68904,1.6726907258512727,0.27618936913031455
18874,0.5155119047619047,0,2,0,425035,180575,39052,68904,1.6726721997850977,0.2761915832595128
18875,0.515547619047619,0,1,0,425036,180574,39052,68904,1.67266293675201,0.27619269033742455
18876,0.5155555555555555,0,2,0,425038,180572,39052,68904,1.672644410685835,0.27619490451987366
18877,0.5155714285714287,1,0,1,425038,180572,39053,68903,1.672644410685835,0.27619200320673415
18878,0.5155833333333333,0,1,0,425039,180571,39053,68903,1.6726351476527475,0.2761931103040798
18879,0.5155952380952381,0,1,0,425040,180570,39053,68903,1.6726258846196598,0.2761942174103009
18880,0.515607142857143,1,1,1,425041,180569,39054,68902,1.6726166215865723,0.27619242316742226
18881,0.5156428571428572,0,1,0,425042,180568,39054,68902,1.6726073585534849,0.2761935302842025
18882,0.5156547619047619,0,1,0,425043,180567,39054,68902,1.6725980955203972,0.27619463740985856
18883,0.5156666666666666,4,21,4,425064,180546,39058,68898,1.6724035718255585,0.2762062827728869
18884,0.5156666666666667,2,13,2,425077,180533,39060,68896,1.6722831523954202,0.27621487477398377
18885,0.5156904761904763,0,1,0,425078,180532,39060,68896,1.6722738893623328,0.27621598216719856
18886,0.5157142857142857,4,18,4,425096,180514,39064,68892,1.6721071547667568,0.2762243089580844
18887,0.5157142857142858,0,1,0,425097,180513,39064,68892,1.6720978917336693,0.27622541649124915
18888,0.5157499999999999,0,2,0,425099,180511,39064,68892,1.6720793656674942,0.27622763158422314
18889,0.5157575757575757,0,1,0,425100,180510,39064,68892,1.6720701026344067,0.2762287391440325
18890,0.5157619047619049,0,1,0,425101,180509,39064,68892,1.672060839601319,0.27622984671272366
18891,0.5158095238095239,0,1,0,425102,180508,39064,68892,1.6720515765682316,0.2762309542902967
18892,0.5158333333333333,12,58,12,425160,180450,39076,68880,1.6715143206491534,0.2762603778125376
18893,0.5158333333333334,8,57,8,425217,180393,39084,68872,1.6709863277631627,0.27630032294947143
18894,0.5158333333333335,0,4,0,425221,180389,39084,68872,1.6709492756308126,0.276304756861282
18895,0.5159444444444445,0,1,0,425222,180388,39084,68872,1.670940012597725,0.27630586536146995
18896,0.5159523809523809,0,1,0,425223,180387,39084,68872,1.6709307495646375,0.2763069738705523
18897,0.515969696969697,0,1,0,425224,180386,39084,68872,1.6709214865315498,0.27630808238852916
18898,0.5159940059940059,0,1,0,425225,180385,39084,68872,1.6709122234984624,0.27630919091540057
18899,0.5159999999999999,3,2,3,425227,180383,39087,68869,1.6708936974322872,0.27630269767143295
18900,0.516,13,121,13,425348,180262,39100,68856,1.6697728704286932,0.27639913615234546
18901,0.5160000000000001,1,0,1,425348,180262,39101,68855,1.6697728704286932,0.27639623148962134
18902,0.516047619047619,0,1,0,425349,180261,39101,68855,1.6697636073956057,0.2763973409977681
18903,0.5160714285714285,1,0,1,425349,180261,39102,68854,1.6697636073956057,0.276394436304518
18904,0.5160714285714286,0,3,0,425352,180258,39102,68854,1.6697358182963429,0.2763977648607855
18905,0.5161111111111112,0,2,0,425354,180256,39102,68854,1.6697172922301677,0.2763999839428365
18906,0.5161190476190477,0,3,0,425357,180253,39102,68854,1.6696895031309051,0.2764033126327241
18907,0.5161507936507936,0,6,0,425363,180247,39102,68854,1.66963392493238,0.2764099702530299
18908,0.5161666666666666,0,1,0,425364,180246,39102,68854,1.6696246618992923,0.27641107988759533
18909,0.5161666666666667,1,10,1,425374,180236,39103,68853,1.6695320315684168,0.2764192718265359
18910,0.5161666666666668,0,1,0,425375,180235,39103,68853,1.669522768535329,0.27642038155190135
18911,0.5161904761904761,0,1,0,425376,180234,39103,68853,1.6695135055022416,0.2764214912861771
18912,0.5161904761904762,1,0,1,425376,180234,39104,68852,1.6695135055022416,0.2764185863517018
18913,0.5162142857142858,0,1,0,425377,180233,39104,68852,1.6695042424691542,0.2764196960876809
18914,0.51625,1,4,1,425381,180229,39105,68851,1.669467190336804,0.27642123012686687
18915,0.5162554112554113,0,1,0,425382,180228,39105,68851,1.6694579273037162,0.2764223399001923
18916,0.5162727272727272,0,1,0,425383,180227,39105,68851,1.6694486642706288,0.2764234496824288
18917,0.5162857142857142,1,1,1,425384,180226,39106,68850,1.6694394012375413,0.276421654434791
18918,0.5162896825396824,0,1,0,425385,180225,39106,68850,1.6694301382044536,0.2764227642276423
18919,0.5162958152958153,0,1,0,425386,180224,39106,68850,1.6694208751713662,0.27642387402940494
18920,0.5163095238095238,0,3,0,425389,180221,39106,68850,1.6693930860721033,0.276427203488162
18921,0.5163333333333333,3,16,3,425405,180205,39109,68847,1.6692448775427027,0.27643624624576396
18922,0.5163333333333334,0,4,0,425409,180201,39109,68847,1.6692078254103524,0.27644068613279366
18923,0.516340909090909,0,1,0,425410,180200,39109,68847,1.6691985623772647,0.2764417961268355
18924,0.5163571428571427,0,1,0,425411,180199,39109,68847,1.6691892993441773,0.2764429061297913
18925,0.5163636363636364,0,1,0,425412,180198,39109,68847,1.6691800363110898,0.27644401614166114
18926,0.5163809523809524,0,1,0,425413,180197,39109,68847,1.6691707732780021,0.2764451261624452
18927,0.5163888888888889,0,3,0,425416,180194,39109,68847,1.6691429841787395,0.2764484562782835
18928,0.5164047619047618,0,1,0,425417,180193,39109,68847,1.6691337211456518,0.27644956633472534
18929,0.5164047619047619,0,1,0,425418,180192,39109,68847,1.6691244581125644,0.2764506764000819
18930,0.5164285714285713,0,3,0,425421,180189,39109,68847,1.6690966690133018,0.27645400664964104
18931,0.5164285714285715,0,2,0,425423,180187,39109,68847,1.6690781429471266,0.2764562268605893
18932,0.5164682539682539,0,1,0,425424,180186,39109,68847,1.669068879914039,0.2764573369794365
18933,0.5164761904761905,0,1,0,425425,180185,39109,68847,1.6690596168809515,0.2764584471071991
18934,0.5165,2,14,2,425439,180171,39111,68845,1.6689299344177257,0.27646817875156615
18935,0.5165000000000001,1,3,1,425442,180168,39112,68844,1.6689021453184631,0.2764686039227025
18936,0.5165238095238095,0,1,0,425443,180167,39112,68844,1.6688928822853755,0.276469714189333
18937,0.5165238095238096,1,0,1,425443,180167,39113,68843,1.6688928822853755,0.27646680856190514
18938,0.516547619047619,1,2,1,425445,180165,39114,68842,1.6688743562192003,0.27646612344231286
18939,0.5165793650793651,0,1,0,425446,180164,39114,68842,1.6688650931861129,0.2764672337212758
18940,0.5165833333333333,2,0,2,425446,180164,39116,68840,1.6688650931861129,0.276461422306469
18941,0.516595238095238,0,1,0,425447,180163,39116,68840,1.6688558301530254,0.27646253257992875
18942,0.5166071428571428,0,1,0,425448,180162,39116,68840,1.6688465671199377,0.27646364286230635
18943,0.5166190476190475,0,1,0,425449,180161,39116,68840,1.6688373040868503,0.2764647531536018
18944,0.5166190476190476,1,0,1,425449,180161,39117,68839,1.6688373040868503,0.27646184738955826
18945,0.5166309523809525,1,1,1,425450,180160,39118,68838,1.6688280410537626,0.27646005188796696
18946,0.5166428571428571,0,1,0,425451,180159,39118,68838,1.6688187780206751,0.2764611621826769
18947,0.5166666666666666,82,358,82,425809,179801,39200,68756,1.6655026121753307,0.27662065441729666
18948,0.5166666666666667,47,245,47,426054,179556,39247,68709,1.66323316906888,0.2767566914385838
18949,0.5167142857142858,0,1,0,426055,179555,39247,68709,1.6632239060357923,0.27675780620629653
18950,0.5167499999999999,1,0,1,426055,179555,39248,68708,1.6632239060357923,0.27675489299653994
18951,0.5167619047619049,0,2,0,426057,179553,39248,68708,1.6632053799696171,0.276757122544419
18952,0.5167857142857143,1,1,1,426058,179552,39249,68707,1.6631961169365297,0.2767553240768713
18953,0.5168055555555555,0,2,0,426060,179550,39249,68707,1.6631775908703545,0.27675755366414645
18954,0.5168095238095237,0,1,0,426061,179549,39249,68707,1.663168327837267,0.27675866847125546
18955,0.5168333333333333,2,5,2,426066,179544,39251,68705,1.6631220126718294,0.2767584159452807
18956,0.5168333333333334,2,8,2,426074,179536,39253,68703,1.6630479084071288,0.2767615080627943
18957,0.5168571428571428,0,1,0,426075,179535,39253,68703,1.6630386453740413,0.2767626229666691
18958,0.5168809523809523,0,1,0,426076,179534,39253,68703,1.6630293823409537,0.2767637378795264
18959,0.5169047619047619,1,0,1,426076,179534,39254,68702,1.6630293823409537,0.2767608243768027
18960,0.516904761904762,0,1,0,426077,179533,39254,68702,1.6630201193078662,0.27676193929139725
18961,0.5169404761904762,1,2,1,426079,179531,39255,68701,1.663001593241691,0.27676125559960035
18962,0.5169444444444445,1,0,1,426079,179531,39256,68700,1.663001593241691,0.2767583420281915
18963,0.5169999999999999,0,6,0,426085,179525,39256,68700,1.6629460150431656,0.27676503172524924
18964,0.517,7,29,7,426114,179496,39263,68693,1.6626773870836267,0.2767769723879785
18965,0.5170000000000001,0,1,0,426115,179495,39263,68693,1.6626681240505392,0.2767780875787709
18966,0.5170238095238094,1,3,1,426118,179492,39264,68692,1.6626403349512764,0.2767785191632015
18967,0.51705772005772,0,1,0,426119,179491,39264,68692,1.662631071918189,0.27677963438269343
18968,0.5170833333333333,2,5,2,426124,179486,39266,68690,1.6625847567527512,0.27677938237379923
18969,0.5171346153846154,0,1,0,426125,179485,39266,68690,1.6625754937196635,0.27678049763271884
18970,0.5171428571428571,0,13,0,426138,179472,39266,68690,1.6624550742895254,0.2767949968165956
18971,0.5171666666666667,2,13,2,426151,179459,39268,68688,1.6623346548593871,0.2768036687930944
18972,0.5171666666666668,1,1,1,426152,179458,39269,68687,1.6623253918262997,0.27680186987446853
18973,0.5171926406926407,0,2,0,426154,179456,39269,68687,1.6623068657601245,0.27680410086119694
18974,0.5172142857142856,0,1,0,426155,179455,39269,68687,1.6622976027270369,0.27680521636804734
18975,0.5172222222222222,1,1,1,426156,179454,39270,68686,1.6622883396939494,0.2768034174256468
18976,0.5172380952380952,0,1,0,426157,179453,39270,68686,1.662279076660862,0.2768045329432294
18977,0.51725,0,1,0,426158,179452,39270,68686,1.6622698136277743,0.2768056484698031
18978,0.5172857142857143,0,1,0,426159,179451,39270,68686,1.6622605505946868,0.276806764005368
18979,0.5173083860583859,0,5,0,426164,179446,39270,68686,1.6622142354292488,0.2768123418180646
18980,0.5173116883116883,1,3,1,426167,179443,39271,68685,1.6621864463299862,0.27681277405210214
18981,0.5173214285714285,0,1,0,426168,179442,39271,68685,1.6621771832968988,0.2768138896613428
18982,0.5173225108225107,0,1,0,426169,179441,39271,68685,1.662167920263811,0.2768150052795757
18983,0.5173333333333333,5,35,5,426204,179406,39276,68680,1.6618437141057467,0.27683948308247947
18984,0.5173333333333334,0,2,0,426206,179404,39276,68680,1.6618251880395716,0.27684171490301673
18985,0.5173499694749695,0,1,0,426207,179403,39276,68680,1.6618159250064841,0.27684283082677974
18986,0.5173571428571428,0,1,0,426208,179402,39276,68680,1.6618066619733967,0.27684394675953916
18987,0.5173809523809524,0,3,0,426211,179399,39276,68680,1.6617788728741338,0.276847294611797
18988,0.5174166666666666,0,2,0,426213,179397,39276,68680,1.6617603468079587,0.2768495265582863
18989,0.5174358974358975,0,1,0,426214,179396,39276,68680,1.6617510837748712,0.2768506425450265
18990,0.5174404761904762,0,1,0,426215,179395,39276,68680,1.6617418207417838,0.2768517585407639
18991,0.5174444444444444,0,1,0,426216,179394,39276,68680,1.661732557708696,0.2768528745454985
18992,0.517452380952381,0,1,0,426217,179393,39276,68680,1.6617232946756086,0.27685399055923055
18993,0.5174603174603174,0,1,0,426218,179392,39276,68680,1.661714031642521,0.27685510658196005
18994,0.5175,51,292,51,426510,179100,39327,68629,1.6590092259809552,0.27703256380964686
18995,0.5175000000000001,0,5,0,426515,179095,39327,68629,1.6589629108155175,0.2770381553664562
18996,0.5175833333333333,0,1,0,426516,179094,39327,68629,1.6589536477824298,0.2770392737049043
18997,0.5175833333333334,0,2,0,426518,179092,39327,68629,1.6589351217162547,0.2770415104088874
18998,0.5176190476190476,1,10,1,426528,179082,39328,68628,1.6588424913853792,0.27704977594768077
18999,0.5176666666666666,3,25,3,426553,179057,39331,68625,1.6586109155581903,0.2770689836160884
19000,0.5176666666666667,0,10,0,426563,179047,39331,68625,1.6585182852273148,0.2770801705481443
19001,0.5176904761904761,0,1,0,426564,179046,39331,68625,1.6585090221942274,0.27708128929103526
19002,0.5177023809523809,1,0,1,426564,179046,39332,68624,1.6585090221942274,0.2770783704122421
19003,0.5177063492063492,0,1,0,426565,179045,39332,68624,1.6584997591611397,0.27707948915689895
19004,0.5177142857142857,0,1,0,426566,179044,39332,68624,1.6584904961280522,0.27708060791058997
19005,0.5177380952380953,0,1,0,426567,179043,39332,68624,1.6584812330949645,0.2770817266733154
19006,0.5177499999999999,0,1,0,426568,179042,39332,68624,1.658471970061877,0.2770828454450752
19007,0.5177777777777778,0,4,0,426572,179038,39332,68624,1.6584349179295268,0.2770873206224613
19008,0.5178095238095238,1,0,1,426572,179038,39333,68623,1.6584349179295268,0.2770844016619492
19009,0.5178333333333334,0,17,0,426589,179021,39333,68623,1.6582774463670384,0.2771034226551017
19010,0.5178571428571428,0,2,0,426591,179019,39333,68623,1.6582589203008633,0.2771056605906914
19011,0.517857142857143,0,2,0,426593,179017,39333,68623,1.6582403942346882,0.27710789856242934
19012,0.5178809523809523,0,1,0,426594,179016,39333,68623,1.6582311312016007,0.27710901756185413
19013,0.5179166666666667,0,4,0,426598,179012,39333,68623,1.6581940790692504,0.2771134936499283
19014,0.5179523809523809,0,1,0,426599,179011,39333,68623,1.658184816036163,0.27711461269454113
19015,0.5179642857142857,0,1,0,426600,179010,39333,68623,1.6581755530030753,0.2771157317481919
19016,0.5179761904761905,0,2,0,426602,179008,39333,68623,1.6581570269369001,0.27711796988260756
19017,0.5179880952380952,0,1,0,426603,179007,39333,68623,1.6581477639038127,0.2771190889633728
19018,0.5179983766233768,0,1,0,426604,179006,39333,68623,1.658138500870725,0.27712020805317633
19019,0.5179999999999999,1,0,1,426604,179006,39334,68622,1.658138500870725,0.2771172888364805
19020,0.518,15,75,15,426679,178931,39349,68607,1.6574437733891585,0.2771574465334615
19021,0.5180476190476191,0,2,0,426681,178929,39349,68607,1.6574252473229834,0.27715968586387435
19022,0.5180714285714285,0,1,0,426682,178928,39349,68607,1.657415984289896,0.27716080554265055
19023,0.5180876623376622,0,2,0,426684,178926,39349,68607,1.6573974582237208,0.277163044927343
19024,0.5181666666666667,4,12,4,426696,178914,39353,68603,1.6572863018266701,0.2771648008015611
19025,0.5181818181818181,0,1,0,426697,178913,39353,68603,1.6572770387935827,0.27716592058695194
19026,0.5181904761904762,0,1,0,426698,178912,39353,68603,1.657267775760495,0.277167040381391
19027,0.5182063492063491,0,1,0,426699,178911,39353,68603,1.6572585127274075,0.27716816018487844
19028,0.5182142857142857,2,5,2,426704,178906,39355,68601,1.6572121975619698,0.2771679184831136
19029,0.5182222222222223,1,0,1,426704,178906,39356,68600,1.6572121975619698,0.27716499802025
19030,0.5182380952380953,0,2,0,426706,178904,39356,68600,1.6571936714957947,0.2771672377012089
19031,0.51825,0,1,0,426707,178903,39356,68600,1.657184408462707,0.277168357555262
19032,0.5182564102564102,0,1,0,426708,178902,39356,68600,1.6571751454296195,0.2771694774183643
19033,0.5182857142857142,2,3,2,426711,178899,39358,68598,1.6571473563303567,0.27716699596358746
19034,0.5183333333333332,0,1,0,426712,178898,39358,68598,1.6571380932972692,0.27716811584833695
19035,0.5183333333333333,63,352,63,427064,178546,39421,68535,1.6538775056504502,0.2773786733905076
19036,0.5183333333333334,2,1,2,427065,178545,39423,68533,1.6538682426173625,0.27737394668889986
19037,0.5183658008658009,0,1,0,427066,178544,39423,68533,1.653858979584275,0.2773750693103769
19038,0.5183809523809524,1,1,1,427067,178543,39424,68532,1.6538497165511876,0.27737326722655065
19039,0.5184166666666665,1,0,1,427067,178543,39425,68531,1.6538497165511876,0.27737034248848524
19040,0.5184458874458876,0,1,0,427068,178542,39425,68531,1.6538404535181,0.27737146511354943
19041,0.518452380952381,1,4,1,427072,178538,39426,68530,1.6538034013857497,0.2773730309064711
19042,0.5184642857142857,0,1,0,427073,178537,39426,68530,1.6537941383526622,0.2773741535696795
19043,0.5184761904761904,0,1,0,427074,178536,39426,68530,1.6537848753195747,0.27737527624197583
19044,0.518484126984127,1,0,1,427074,178536,39427,68529,1.6537848753195747,0.2773723514055006
19045,0.5184880952380952,0,1,0,427075,178535,39427,68529,1.653775612286487,0.27737347407959073
19046,0.5185,6,17,6,427092,178518,39433,68523,1.6536181407239987,0.2773750106257666
19047,0.5185238095238095,1,2,1,427094,178516,39434,68522,1.6535996146578236,0.27737433107457155
19048,0.5185714285714286,1,5,1,427099,178511,39435,68521,1.6535532994923858,0.277377019981217
19049,0.5185952380952381,0,3,0,427102,178508,39435,68521,1.6535255103931232,0.2773803885373782
19050,0.518611111111111,2,0,2,427102,178508,39437,68519,1.6535255103931232,0.27737453800596695
19051,0.5186428571428572,0,2,0,427104,178506,39437,68519,1.653506984326948,0.2773767837263435
19052,0.5186626984126983,0,1,0,427105,178505,39437,68519,1.6534977212938604,0.2773779066001684
19053,0.5186666666666666,2,4,2,427109,178501,39439,68517,1.6534606691615104,0.27737654745808
19054,0.5186666666666667,4,21,4,427130,178480,39443,68513,1.6532661454666715,0.2773884280121299
19055,0.5186904761904763,0,3,0,427133,178477,39443,68513,1.653238356367409,0.2773917972387546
19056,0.518702380952381,1,1,1,427134,178476,39444,68512,1.6532290933343214,0.2773899946556108
19057,0.51875,0,4,0,427138,178472,39444,68512,1.6531920412019712,0.27739448709228126
19058,0.5187619047619048,0,1,0,427139,178471,39444,68512,1.6531827781688837,0.27739561022418546
19059,0.5187857142857143,1,0,1,427139,178471,39445,68511,1.6531827781688837,0.2773926844871286
19060,0.5188095238095238,0,1,0,427140,178470,39445,68511,1.653173515135796,0.27739380762082916
19061,0.5188333333333333,1,1,1,427141,178469,39446,68510,1.6531642521027086,0.2773920049882784
19062,0.5188333333333334,4,19,4,427160,178450,39450,68506,1.652988254474045,0.27740164239783605
19063,0.5188571428571429,0,1,0,427161,178449,39450,68506,1.6529789914409574,0.27740276568605615
19064,0.5188769841269841,1,0,1,427161,178449,39451,68505,1.6529789914409574,0.2773998396462499
19065,0.518888888888889,0,1,0,427162,178448,39451,68505,1.65296972840787,0.2774009629362672
19066,0.5189166666666667,0,1,0,427163,178447,39451,68505,1.6529604653747823,0.27740208623538176
19067,0.5189285714285714,0,2,0,427165,178445,39451,68505,1.6529419393086071,0.277404332860903
19068,0.5189310134310134,0,4,0,427169,178441,39451,68505,1.652904887176257,0.2774088262211172
19069,0.5189523809523809,1,0,1,427169,178441,39452,68504,1.652904887176257,0.2774059000992124
19070,0.518952380952381,0,1,0,427170,178440,39452,68504,1.6528956241431694,0.27740702345471036
19071,0.5189880952380952,0,1,0,427171,178439,39452,68504,1.652886361110082,0.2774081468193065
19072,0.5189999999999999,0,6,0,427177,178433,39452,68504,1.6528307829115565,0.27741488719794927
19073,0.519,7,72,7,427249,178361,39459,68497,1.6521638445292526,0.27747530969221174
19074,0.5190238095238096,0,1,0,427250,178360,39459,68497,1.6521545814961651,0.27747643372478803
19075,0.519047619047619,0,4,0,427254,178356,39459,68497,1.6521175293638148,0.2774809299461623
19076,0.5190476190476191,2,10,2,427264,178346,39461,68495,1.6520248990329394,0.2774863171029124
19077,0.5190555555555556,0,3,0,427267,178343,39461,68495,1.6519971099336768,0.27748968959398473
19078,0.519095238095238,1,0,1,427267,178343,39462,68494,1.6519971099336768,0.2774867625193954
19079,0.5191190476190477,1,0,1,427267,178343,39463,68493,1.6519971099336768,0.2774838354210893
19080,0.5191666666666667,17,135,17,427402,178208,39480,68476,1.650746600466857,0.2775858993692335
19081,0.5192142857142857,0,1,0,427403,178207,39480,68476,1.6507373374337693,0.2775870246429628
19082,0.51925,0,1,0,427404,178206,39480,68476,1.6507280744006818,0.27758814992581543
19083,0.5192619047619049,0,1,0,427405,178205,39480,68476,1.6507188113675941,0.2775892752177914
19084,0.5192698412698413,0,1,0,427406,178204,39480,68476,1.6507095483345067,0.2775904005188909
19085,0.5192857142857144,1,11,1,427417,178193,39481,68475,1.6506076549705435,0.27759985081161725
19086,0.5193333333333333,4,21,4,427438,178172,39485,68471,1.6504131312757049,0.27761177085909594
19087,0.5193333333333334,3,36,3,427474,178136,39488,68468,1.650079662084553,0.277643509432126
19088,0.5193571428571429,0,3,0,427477,178133,39488,68468,1.6500518729852902,0.2776468870766947
19089,0.5193809523809524,0,1,0,427478,178132,39488,68468,1.6500426099522028,0.2776480129764801
19090,0.5194047619047619,0,1,0,427479,178131,39488,68468,1.6500333469191153,0.27764913888539694
19091,0.5194087301587301,0,1,0,427480,178130,39488,68468,1.6500240838860276,0.2776502648034453
19092,0.519452380952381,1,6,1,427486,178124,39489,68467,1.6499685056875024,0.27765409118743184
19093,0.5194761904761904,1,1,1,427487,178123,39490,68466,1.6499592426544147,0.27765228781494716
19094,0.5194935064935063,0,1,0,427488,178122,39490,68466,1.6499499796213273,0.2776534137914254
19095,0.5195,0,3,0,427491,178119,39490,68466,1.6499221905220645,0.27765679177565544
19096,0.5195000000000001,3,20,3,427511,178099,39493,68463,1.6497369298603135,0.27767052506063383
19097,0.5195238095238095,1,2,1,427513,178097,39494,68462,1.6497184037941384,0.27766984778491155
19098,0.5195238095238096,1,2,1,427515,178095,39495,68461,1.6496998777279632,0.27766917049270756
19099,0.519531746031746,0,1,0,427516,178094,39495,68461,1.6496906146948758,0.2776702966883657
19100,0.5195833333333333,0,1,0,427517,178093,39495,68461,1.649681351661788,0.2776714228931593
19101,0.5195833333333334,0,2,0,427519,178091,39495,68461,1.649662825595613,0.27767367533015347
19102,0.5196190476190476,1,1,1,427520,178090,39496,68460,1.6496535625625255,0.27767187183127157
19103,0.5196363636363636,0,1,0,427521,178089,39496,68460,1.649644299529438,0.27767299806529333
19104,0.5196417748917749,0,2,0,427523,178087,39496,68460,1.649625773463263,0.277675250560745
19105,0.5196428571428572,2,1,2,427524,178086,39498,68458,1.6496165104301752,0.27767051723019015
19106,0.5196585636585636,0,5,0,427529,178081,39498,68458,1.6495701952647375,0.2776761486012355
19107,0.5196666666666666,2,10,2,427539,178071,39500,68456,1.649477564933862,0.27768155212207996
19108,0.5196666666666667,2,16,2,427555,178055,39502,68454,1.649329356404461,0.2776937150367735
19109,0.5196746031746033,0,1,0,427556,178054,39502,68454,1.6493200933713734,0.27769484154672464
19110,0.5196969696969697,0,1,0,427557,178053,39502,68454,1.649310830338286,0.2776959680658156
19111,0.5197142857142856,0,1,0,427558,178052,39502,68454,1.6493015673051985,0.2776970945940464
19112,0.5197142857142857,0,5,0,427563,178047,39502,68454,1.6492552521397605,0.2777027273723027
19113,0.5197301587301585,0,2,0,427565,178045,39502,68454,1.6492367260735856,0.2777049805475884
19114,0.5197499999999999,0,1,0,427566,178044,39502,68454,1.649227463040498,0.2777061071489424
19115,0.51975,0,5,0,427571,178039,39502,68454,1.6491811478750602,0.2777117402928278
19116,0.5197619047619048,3,1,3,427572,178038,39505,68451,1.6491718848419727,0.2777040760439614
19117,0.5197857142857142,0,1,0,427573,178037,39505,68451,1.649162621808885,0.27770520268735194
19118,0.5198095238095238,0,1,0,427574,178036,39505,68451,1.6491533587757976,0.27770632933988404
19119,0.5198214285714285,1,0,1,427574,178036,39506,68450,1.6491533587757976,0.27770339897600677
19120,0.5198333333333331,1,0,1,427574,178036,39507,68449,1.6491533587757976,0.27770046858835223
19121,0.5198333333333333,1,2,1,427576,178034,39508,68448,1.6491348327096225,0.27769979146550255
19122,0.5198333333333334,0,12,0,427588,178022,39508,68448,1.6490236763125719,0.27771331196494503
19123,0.5198809523809523,0,1,0,427589,178021,39508,68448,1.6490144132794842,0.2777144387326601
19124,0.519904761904762,1,1,1,427590,178020,39509,68447,1.6490051502463967,0.2777126349572154
19125,0.5199206349206349,0,2,0,427592,178018,39509,68447,1.6489866241802216,0.2777148885237255
19126,0.5199523809523809,2,2,2,427594,178016,39511,68445,1.6489680981140464,0.27771128089231156
19127,0.5199552669552668,0,1,0,427595,178015,39511,68445,1.648958835080959,0.27771240769293193
19128,0.5199999999999999,2,30,2,427625,177985,39513,68443,1.6486809440883323,0.27774035418053145
19129,0.52,528,2717,528,430342,175268,40041,67915,1.6235132831894477,0.2792752782883672
19130,0.5200555555555555,0,1,0,430343,175267,40041,67915,1.62350402015636,0.27927642670921365
19131,0.520079365079365,0,1,0,430344,175266,40041,67915,1.6234947571232725,0.27927757513950513
19132,0.5200952380952382,0,1,0,430345,175265,40041,67915,1.6234854940901848,0.2792787235792417
19133,0.5201071428571429,0,1,0,430346,175264,40041,67915,1.6234762310570974,0.2792798720284235
19134,0.5201111111111111,0,1,0,430347,175263,40041,67915,1.6234669680240097,0.2792810204870506
19135,0.5201190476190476,0,1,0,430348,175262,40041,67915,1.6234577049909222,0.2792821689551232
19136,0.5201190476190477,0,2,0,430350,175260,40041,67915,1.623439178924747,0.2792844659196052
19137,0.52015873015873,1,0,1,430350,175260,40042,67914,1.623439178924747,0.2792815021342742
19138,0.5201666666666666,0,2,0,430352,175258,40042,67914,1.623420652858572,0.2792837991216094
19139,0.5201666666666667,1,14,1,430366,175244,40043,67913,1.6232909703953462,0.27929691516180905
19140,0.5201666666666668,0,9,0,430375,175235,40043,67913,1.6232076030975582,0.2793072531955846
19141,0.5202142857142857,0,1,0,430376,175234,40043,67913,1.6231983400644707,0.2793084019132459
19142,0.5202380952380953,1,1,1,430377,175233,40044,67912,1.6231890770313833,0.2793065866047009
19143,0.5203214285714285,1,0,1,430377,175233,40045,67911,1.6231890770313833,0.2793036225446649
19144,0.5203333333333332,0,2,0,430379,175231,40045,67911,1.6231705509652081,0.2793059199973678
19145,0.5203333333333333,2,16,2,430395,175215,40047,67909,1.6230223424358072,0.27931837251772756
19146,0.5203333333333334,2,8,2,430403,175207,40049,67907,1.6229482381711067,0.27932163511768143
19147,0.5203571428571429,0,1,0,430404,175206,40049,67907,1.6229389751380192,0.2793227840551513
19148,0.5203809523809523,0,1,0,430405,175205,40049,67907,1.6229297121049315,0.27932393300207314
19149,0.5203961038961038,0,2,0,430407,175203,40049,67907,1.6229111860387566,0.27932623092427294
19150,0.5204166666666666,1,3,1,430410,175200,40050,67906,1.6228833969394938,0.27932671345009996
19151,0.5204166666666667,0,2,0,430412,175198,40050,67906,1.6228648708733187,0.27932901145188893
19152,0.5204285714285714,0,1,0,430413,175197,40050,67906,1.6228556078402312,0.2793301604669626
19153,0.5204484126984127,0,1,0,430414,175196,40050,67906,1.6228463448071437,0.27933130949148915
19154,0.5204761904761904,1,0,1,430414,175196,40051,67905,1.6228463448071437,0.2793283450088646
19155,0.5204761904761905,0,3,0,430417,175193,40051,67905,1.622818555707881,0.2793317921167595
19156,0.5204999999999999,0,2,0,430419,175191,40051,67905,1.6228000296417058,0.2793340902359562
19157,0.5205,0,9,0,430428,175182,40051,67905,1.622716662343918,0.279344432240309
19158,0.5205000000000001,0,2,0,430430,175180,40051,67905,1.6226981362777428,0.279346730567497
19159,0.5205357142857143,1,0,1,430430,175180,40052,67904,1.6226981362777428,0.2793437659409916
19160,0.5205396825396825,0,2,0,430432,175178,40052,67904,1.6226796102115677,0.2793460642910623
19161,0.520547619047619,0,1,0,430433,175177,40052,67904,1.62267034717848,0.27934721348028024
19162,0.5205714285714287,0,3,0,430436,175174,40052,67904,1.6226425580792174,0.279350661104666
19163,0.5205833333333333,0,1,0,430437,175173,40052,67904,1.62263329504613,0.2793518103317056
19164,0.520595238095238,0,3,0,430440,175170,40052,67904,1.6226055059468671,0.2793552580695591
19165,0.5205952380952381,0,2,0,430442,175168,40052,67904,1.6225869798806922,0.27935755660874145
19166,0.5205952380952382,0,1,0,430443,175167,40052,67904,1.6225777168476045,0.279358705892517
19167,0.5206190476190476,1,1,1,430444,175166,40053,67903,1.622568453814517,0.27935689043028933
19168,0.5206428571428572,0,1,0,430445,175165,40053,67903,1.6225591907814294,0.27935803972550893
19169,0.5206655256508197,1,9,1,430454,175156,40054,67902,1.6224758234836414,0.2793654189535008
19170,0.5206666666666666,3,26,3,430480,175130,40057,67899,1.622234984623365,0.2793864106752692
19171,0.5206666666666667,2,9,2,430489,175121,40059,67897,1.622151617325577,0.2793908270169288
19172,0.520690476190476,0,2,0,430491,175119,40059,67897,1.622133091259402,0.27939312637851005
19173,0.5207142857142857,2,7,2,430498,175112,40061,67895,1.6220682500277892,0.27939524375841024
19174,0.5207619047619049,0,2,0,430500,175110,40061,67895,1.622049723961614,0.27939754326042676
19175,0.5207738095238095,1,0,1,430500,175110,40062,67894,1.622049723961614,0.279394577867031
19176,0.5207936507936507,1,0,1,430500,175110,40063,67893,1.622049723961614,0.279391612449229
19177,0.5208095238095238,0,4,0,430504,175106,40063,67893,1.6220126718292638,0.27939621150704325
19178,0.5208333333333333,10,47,10,430551,175059,40073,67883,1.6215773092741488,0.279420602448321
19179,0.5208333333333334,14,71,14,430622,174988,40087,67869,1.6209196339249323,0.27946075262397213
19180,0.5208333333333335,0,1,0,430623,174987,40087,67869,1.6209103708918449,0.27946190335013343
19181,0.5208571428571428,1,0,1,430623,174987,40088,67868,1.6209103708918449,0.27945893640238
19182,0.5208809523809524,0,1,0,430624,174986,40088,67868,1.6209011078587572,0.2794600871305393
19183,0.5208950216450217,1,0,1,430624,174986,40089,67867,1.6209011078587572,0.27945712015087315
19184,0.5209166666666667,0,1,0,430625,174985,40089,67867,1.6208918448256697,0.2794582708810304
19185,0.520952380952381,0,2,0,430627,174983,40089,67867,1.6208733187594946,0.27946057236977556
19186,0.5209603174603176,0,1,0,430628,174982,40089,67867,1.6208640557264071,0.2794617231283637
19187,0.5209999999999999,2,5,2,430633,174977,40091,67865,1.6208177405609694,0.2794615428962041
19188,0.521,15,50,15,430683,174927,40106,67850,1.6203545889065916,0.27947457955242877
19189,0.5210000000000001,0,1,0,430684,174926,40106,67850,1.620345325873504,0.2794757307147329
19190,0.5210714285714285,0,1,0,430685,174925,40106,67850,1.6203360628404164,0.2794768818865204
19191,0.5211007048507048,0,1,0,430686,174924,40106,67850,1.620326799807329,0.27947803306779145
19192,0.521111111111111,1,0,1,430686,174924,40107,67849,1.620326799807329,0.27947506518434917
19193,0.5211111111111111,0,2,0,430688,174922,40107,67849,1.6203082737411538,0.27947736756037583
19194,0.5211111111111112,1,1,1,430689,174921,40108,67848,1.6202990107080661,0.27947555083227266
19195,0.5211190476190476,0,1,0,430690,174920,40108,67848,1.6202897476749787,0.2794767020365122
19196,0.5211190476190477,0,1,0,430691,174919,40108,67848,1.6202804846418912,0.27947785325023583
19197,0.521142857142857,0,1,0,430692,174918,40108,67848,1.6202712216088035,0.27947900447344354
19198,0.5211666666666667,1,10,1,430702,174908,40109,67847,1.620178591277928,0.2794875491750942
19199,0.5211904761904762,0,4,0,430706,174904,40109,67847,1.6201415391455778,0.2794921545122368
19200,0.5211984126984126,1,1,1,430707,174903,40110,67846,1.6201322761124903,0.27949033775628324
19201,0.52125,1,1,1,430708,174902,40111,67845,1.6201230130794027,0.27948852097039306
19202,0.5212777777777778,0,1,0,430709,174901,40111,67845,1.6201137500463152,0.2794896723323968
19203,0.5212857142857142,0,2,0,430711,174899,40111,67845,1.62009522398014,0.27949197508486306
19204,0.5212857142857144,1,4,1,430715,174895,40112,67844,1.6200581718477898,0.2794936124808951
19205,0.5213095238095238,0,2,0,430717,174893,40112,67844,1.6200396457816146,0.279495915332232
19206,0.5213333333333332,1,1,1,430718,174892,40113,67843,1.6200303827485272,0.27949409850248214
19207,0.5213333333333333,4,27,4,430745,174865,40117,67839,1.6197802808551631,0.279513316632606
19208,0.5213333333333334,1,4,1,430749,174861,40118,67838,1.619743228722813,0.2795149547381736
19209,0.5213809523809524,0,1,0,430750,174860,40118,67838,1.6197339656897254,0.27951610643680624
19210,0.5213888888888889,0,2,0,430752,174858,40118,67838,1.6197154396235502,0.2795184098625441
19211,0.5214047619047619,0,1,0,430753,174857,40118,67838,1.6197061765904628,0.2795195615896496
19212,0.5214166666666666,1,1,1,430754,174856,40119,67837,1.6196969135573753,0.2795177446403481
19213,0.5214285714285714,1,0,1,430754,174856,40120,67836,1.6196969135573753,0.2795147759299853
19214,0.5214285714285715,2,2,2,430756,174854,40122,67834,1.6196783874912002,0.27951114187763715
19215,0.5214603174603174,0,1,0,430757,174853,40122,67834,1.6196691244581125,0.2795122936127605
19216,0.5215,3,17,3,430774,174836,40125,67831,1.6195116528956242,0.2795229676882312
19217,0.5215000000000001,0,1,0,430775,174835,40125,67831,1.6195023898625367,0.27952411957175705
19218,0.521547619047619,3,2,3,430777,174833,40128,67828,1.6194838637963616,0.27951751620573556
19219,0.5215714285714285,1,0,1,430777,174833,40129,67827,1.6194838637963616,0.2795145471029424
19220,0.5216666666666666,49,194,49,430971,174639,40178,67778,1.617686835377376,0.2795926028290095
19221,0.5216666666666667,21,132,21,431103,174507,40199,67757,1.616464115009819,0.27968249512928045
19222,0.5216666666666668,0,1,0,431104,174506,40199,67757,1.6164548519767312,0.27968364958743186
19223,0.5216984126984126,0,1,0,431105,174505,40199,67757,1.6164455889436438,0.27968480405511387
19224,0.5217142857142857,1,0,1,431105,174505,40200,67756,1.6164455889436438,0.27968183075278313
19225,0.5217301587301587,0,1,0,431106,174504,40200,67756,1.616436325910556,0.27968298522248825
19226,0.5217499999999999,0,1,0,431107,174503,40200,67756,1.6164270628774686,0.2796841397017242
19227,0.5217619047619046,0,1,0,431108,174502,40200,67756,1.616417799844381,0.27968529419049115
19228,0.5217619047619048,1,0,1,431108,174502,40201,67755,1.616417799844381,0.27968232084109024
19229,0.5217857142857143,0,2,0,431110,174500,40201,67755,1.616399273778206,0.2796846298322016
19230,0.5217857142857144,1,0,1,431110,174500,40202,67754,1.616399273778206,0.2796816564432373
19231,0.5218095238095237,0,1,0,431111,174499,40202,67754,1.6163900107451183,0.2796828109455817
19232,0.5218106060606061,1,0,1,431111,174499,40203,67753,1.6163900107451183,0.2796798375245612
19233,0.5218181818181818,0,1,0,431112,174498,40203,67753,1.6163807477120309,0.27968099202892865
19234,0.5218333333333333,0,7,0,431119,174491,40203,67753,1.616315906480418,0.2796890738263899
19235,0.5218333333333334,3,5,3,431124,174486,40206,67750,1.6162695913149803,0.27968592612163345
19236,0.5218571428571428,0,3,0,431127,174483,40206,67750,1.6162418022157174,0.27968938996751064
19237,0.5218823953823953,0,2,0,431129,174481,40206,67750,1.6162232761495423,0.27969169924576126
19238,0.5218928571428572,1,0,1,431129,174481,40207,67749,1.6162232761495423,0.2796887255913801
19239,0.5219047619047619,0,3,0,431132,174478,40207,67749,1.6161954870502797,0.2796921895577289
19240,0.521904761904762,0,1,0,431133,174477,40207,67749,1.6161862240171923,0.2796933442322459
19241,0.5219166666666666,0,1,0,431134,174476,40207,67749,1.6161769609841046,0.27969449891629683
19242,0.5219166666666668,0,1,0,431135,174475,40207,67749,1.6161676979510171,0.27969565360988174
19243,0.521952380952381,0,3,0,431138,174472,40207,67749,1.6161399088517545,0.27969911774784184
19244,0.5219761904761905,0,1,0,431139,174471,40207,67749,1.6161306458186668,0.279700272479564
19245,0.5219999999999999,3,3,3,431142,174468,40210,67746,1.6161028567194042,0.27969481532859375
19246,0.522,16,72,16,431214,174396,40226,67730,1.6154359183371003,0.2797303883102186
19247,0.5220000000000001,0,1,0,431215,174395,40226,67730,1.6154266553040126,0.2797315436241611
19248,0.5220238095238094,0,3,0,431218,174392,40226,67730,1.61539886620475,0.27973500962324777
19249,0.5220418470418471,1,0,1,431218,174392,40227,67729,1.61539886620475,0.27973203480904174
19250,0.522047619047619,1,1,1,431219,174391,40228,67728,1.6153896031716626,0.2797302153073489
19251,0.5220833333333332,0,1,0,431220,174390,40228,67728,1.615380340138575,0.27973137065397863
19252,0.5220833333333333,0,2,0,431222,174388,40228,67728,1.6153618140723998,0.2797336813758694
19253,0.5220952380952382,1,0,1,431222,174388,40229,67727,1.6153618140723998,0.2797307064824567
19254,0.5221121933621933,0,1,0,431223,174387,40229,67727,1.6153525510393123,0.2797318618502028
19255,0.5221190476190476,0,1,0,431224,174386,40229,67727,1.6153432880062248,0.27973301722749294
19256,0.5221309523809523,1,0,1,431224,174386,40230,67726,1.6153432880062248,0.2797300422944753
19257,0.5221428571428571,2,8,2,431232,174378,40232,67724,1.6152691837415243,0.27973333553626156
19258,0.5221428571428572,0,2,0,431234,174376,40232,67724,1.6152506576753491,0.27973564642709625
19259,0.5221666666666667,1,11,1,431245,174365,40233,67723,1.6151487643113862,0.2797453818446185
19260,0.5221666666666668,0,1,0,431246,174364,40233,67723,1.6151395012782985,0.27974653740184313
19261,0.5222142857142857,0,1,0,431247,174363,40233,67723,1.615130238245211,0.27974769296861446
19262,0.5222222222222223,0,1,0,431248,174362,40233,67723,1.6151209752121234,0.27974884854493254
19263,0.5222252747252747,0,1,0,431249,174361,40233,67723,1.615111712179036,0.2797500041307976
19264,0.5222261904761905,0,1,0,431250,174360,40233,67723,1.6151024491459482,0.2797511597262096
19265,0.5222261904761906,0,1,0,431251,174359,40233,67723,1.6150931861128608,0.2797523153311688
19266,0.5222380952380953,0,1,0,431252,174358,40233,67723,1.6150839230797733,0.2797534709456752
19267,0.52225,0,2,0,431254,174356,40233,67723,1.6150653970135982,0.2797557822033303
19268,0.5222619047619047,0,1,0,431255,174355,40233,67723,1.6150561339805105,0.27975693784647926
19269,0.5223333333333333,5,25,5,431280,174330,40238,67718,1.6148245581533218,0.27977095452141726
19270,0.5223333333333334,0,5,0,431285,174325,40238,67718,1.6147782429878839,0.27977673388612767
19271,0.522357142857143,0,1,0,431286,174324,40238,67718,1.6147689799547964,0.2797778897877228
19272,0.5223809523809524,3,8,3,431294,174316,40241,67715,1.614694875690096,0.27977821022926813
19273,0.5224007936507937,0,1,0,431295,174315,40241,67715,1.6146856126570084,0.27977936619427346
19274,0.5224285714285714,1,2,1,431297,174313,40242,67714,1.6146670865908332,0.2797787023761812
19275,0.5224523809523809,0,2,0,431299,174311,40242,67714,1.614648560524658,0.2797810143580209
19276,0.522452380952381,0,1,0,431300,174310,40242,67714,1.6146392974915706,0.27978217036326974
19277,0.5224603174603174,0,1,0,431301,174309,40242,67714,1.6146300344584832,0.2797833263780715
19278,0.5224761904761904,0,2,0,431303,174307,40242,67714,1.614611508392308,0.279785638436334
19279,0.5225,58,259,58,431562,174048,40300,67656,1.6122123828226314,0.2799126203951941
19280,0.5225000000000001,0,8,0,431570,174040,40300,67656,1.612138278557931,0.2799218853435721
19281,0.5225238095238095,0,1,0,431571,174039,40300,67656,1.6121290155248436,0.2799230435052442
19282,0.522530303030303,0,1,0,431572,174038,40300,67656,1.6121197524917559,0.27992420167650006
19283,0.5225357142857143,0,2,0,431574,174036,40300,67656,1.6121012264255807,0.27992651804776325
19284,0.5225606060606061,0,2,0,431576,174034,40300,67656,1.6120827003594056,0.2799288344573627
19285,0.5225714285714286,0,2,0,431578,174032,40300,67656,1.6120641742932307,0.2799311509052994
19286,0.5225833333333333,1,1,1,431579,174031,40301,67655,1.612054911260143,0.2799293297915477
19287,0.5226190476190475,1,3,1,431582,174028,40302,67654,1.6120271221608804,0.27992982514212894
19288,0.5226190476190476,0,4,0,431586,174024,40302,67654,1.6119900700285301,0.27993445824609603
19289,0.5226388888888889,0,1,0,431587,174023,40302,67654,1.6119808069954427,0.27993561654605115
19290,0.5226428571428572,0,1,0,431588,174022,40302,67654,1.611971543962355,0.27993677485559176
19291,0.5226666666666666,8,32,8,431620,173990,40310,67646,1.6116751269035532,0.27995000744922116
19292,0.5226666666666667,1,5,1,431625,173985,40311,67645,1.6116288117381155,0.279952820427927
19293,0.5226984126984128,0,3,0,431628,173982,40311,67645,1.6116010226388529,0.2799562962748368
19294,0.522699494949495,0,1,0,431629,173981,40311,67645,1.6115917596057654,0.27995745490965374
19295,0.5227222222222223,0,1,0,431630,173980,40311,67645,1.6115824965726777,0.27995861355406104
19296,0.5227261904761904,0,1,0,431631,173979,40311,67645,1.6115732335395903,0.2799597722080588
19297,0.5227380952380952,1,2,1,431633,173977,40312,67644,1.6115547074734151,0.27995910951448755
19298,0.5227499999999999,1,2,1,431635,173975,40313,67643,1.61153618140724,0.2799584468044599
19299,0.5227777777777778,0,2,0,431637,173973,40313,67643,1.6115176553410648,0.27996076418780214
19300,0.5227878787878788,0,1,0,431638,173972,40313,67643,1.6115083923079774,0.27996192289386007
19301,0.5228095238095238,0,3,0,431641,173969,40313,67643,1.6114806032087146,0.2799653990695826
19302,0.5228214285714285,1,1,1,431642,173968,40314,67642,1.611471340175627,0.27996357766648733
19303,0.5228333333333333,0,7,0,431649,173961,40314,67642,1.6114064989440142,0.2799716890932646
19304,0.5228333333333334,1,4,1,431653,173957,40315,67641,1.611369446811664,0.2799733441501999
19305,0.5228571428571428,3,12,3,431665,173945,40318,67638,1.6112582904146133,0.27997830973205895
19306,0.5228718291512408,1,0,1,431665,173945,40319,67637,1.6112582904146133,0.2799753292877781
19307,0.5228849206349206,0,1,0,431666,173944,40319,67637,1.6112490273815259,0.2799764882172025
19308,0.5229166666666667,0,1,0,431667,173943,40319,67637,1.6112397643484382,0.27997764715622153
19309,0.5229404761904763,0,3,0,431670,173940,40319,67637,1.6112119752491756,0.2799811240308473
19310,0.5229761904761905,0,2,0,431672,173938,40319,67637,1.6111934491830004,0.27998344199523956
19311,0.523,6,56,6,431728,173882,40325,67631,1.6106747193300974,0.2800304745500242
19312,0.5230238095238096,1,0,1,431728,173882,40326,67630,1.6106747193300974,0.280027493457882
19313,0.5230833333333333,0,2,0,431730,173880,40326,67630,1.6106561932639223,0.2800298124301271
19314,0.5230952380952381,0,1,0,431731,173879,40326,67630,1.6106469302308348,0.2800309719306527
19315,0.5230981240981241,0,3,0,431734,173876,40326,67630,1.6106191411315722,0.2800344504898429
19316,0.5231190476190477,0,1,0,431735,173875,40326,67630,1.6106098780984845,0.28003561002877786
19317,0.5231666666666667,3,16,3,431751,173859,40329,67627,1.6104616695690837,0.28004522001275434
19318,0.5231818181818182,0,2,0,431753,173857,40329,67627,1.6104431435029085,0.28004753938149113
19319,0.5232142857142857,2,6,2,431759,173851,40331,67625,1.6103875653043833,0.28004853484404246
19320,0.5232142857142859,0,1,0,431760,173850,40331,67625,1.6103783022712956,0.28004969458536083
19321,0.52325,1,1,1,431761,173849,40332,67624,1.6103690392382082,0.2800478728470678
19322,0.5232857142857142,0,1,0,431762,173848,40332,67624,1.6103597762051205,0.280049032600053
19323,0.5232976190476191,0,1,0,431763,173847,40332,67624,1.610350513172033,0.28005019236264395
19324,0.5233333333333333,110,576,110,432339,173271,40442,67514,1.605015006113602,0.28039122038332953
19325,0.5233333333333334,0,5,0,432344,173266,40442,67514,1.604968690948164,0.2803970429437661
19326,0.5233492063492062,0,1,0,432345,173265,40442,67514,1.6049594279150765,0.28039820748487204
19327,0.5233571428571429,1,0,1,432345,173265,40443,67513,1.6049594279150765,0.28039521883228535
19328,0.5233650793650795,0,1,0,432346,173264,40443,67513,1.604950164881989,0.2803963833754885
19329,0.5233809523809524,1,0,1,432346,173264,40444,67512,1.604950164881989,0.28039339469050073
19330,0.5234047619047619,0,1,0,432347,173263,40444,67512,1.6049409018489014,0.28039455923580103
19331,0.523452380952381,0,1,0,432348,173262,40444,67512,1.604931638815814,0.28039572379077476
19332,0.5234642857142857,0,3,0,432351,173259,40444,67512,1.604903849716551,0.28039921751373714
19333,0.5234848484848486,0,1,0,432352,173258,40444,67512,1.6048945866834636,0.2804003821074054
19334,0.5234880952380953,0,1,0,432353,173257,40444,67512,1.6048853236503762,0.28040154671074763
19335,0.5235,4,23,4,432376,173234,40448,67508,1.6046722738893624,0.2804163793604772
19336,0.5235000000000001,0,1,0,432377,173233,40448,67508,1.6046630108562747,0.2804175441657217
19337,0.5235396825396825,0,1,0,432378,173232,40448,67508,1.6046537478231873,0.280418708980643
19338,0.523547619047619,0,2,0,432380,173230,40448,67508,1.6046352217570121,0.28042103863951684
19339,0.5235595238095239,0,1,0,432381,173229,40448,67508,1.6046259587239247,0.2804222034834695
19340,0.5235714285714286,0,2,0,432383,173227,40448,67508,1.6046074326577495,0.2804245332004071
19341,0.5235833333333334,0,1,0,432384,173226,40448,67508,1.6045981696246618,0.2804256980733922
19342,0.5235869598238019,0,1,0,432385,173225,40448,67508,1.6045889065915744,0.28042686295605507
19343,0.523611111111111,1,0,1,432385,173225,40449,67507,1.6045889065915744,0.2804238738514198
19344,0.5236111111111111,0,1,0,432386,173224,40449,67507,1.6045796435584867,0.2804250387361827
19345,0.5236428571428572,0,1,0,432387,173223,40449,67507,1.6045703805253992,0.28042620363062354
19346,0.5236468253968255,0,1,0,432388,173222,40449,67507,1.6045611174923118,0.28042736853474237
19347,0.5236666666666666,1,5,1,432393,173217,40450,67506,1.6045148023268738,0.2804302040104186
19348,0.5236666666666667,3,18,3,432411,173199,40453,67503,1.604348067731298,0.2804422065458534
19349,0.5236904761904762,0,3,0,432414,173196,40453,67503,1.6043202786320352,0.280445701893236
19350,0.5237142857142857,0,1,0,432415,173195,40453,67503,1.6043110155989477,0.28044686702839244
19351,0.5237222222222222,0,3,0,432418,173192,40453,67503,1.6042832264996851,0.2804503624919504
19352,0.5237499999999999,0,1,0,432419,173191,40453,67503,1.6042739634665975,0.280451527665833
19353,0.52375,2,8,2,432427,173183,40455,67501,1.6041998592018971,0.2804548702863506
19354,0.5237564102564103,0,1,0,432428,173182,40455,67501,1.6041905961688094,0.2804560355322146
19355,0.5237619047619049,0,1,0,432429,173181,40455,67501,1.604181333135722,0.28045720078776143
19356,0.5238095238095237,1,0,1,432429,173181,40456,67500,1.604181333135722,0.2804542111757887
19357,0.5238095238095238,0,3,0,432432,173178,40456,67500,1.6041535440364594,0.28045770697778777
19358,0.5238333333333333,0,3,0,432435,173175,40456,67500,1.6041257549371966,0.28046120286693677
19359,0.5238333333333334,2,5,2,432440,173170,40458,67498,1.6040794397717588,0.2804610500772849
19360,0.5238571428571429,0,2,0,432442,173168,40458,67498,1.6040609137055837,0.28046338078498834
19361,0.5238809523809522,1,0,1,432442,173168,40459,67497,1.6040609137055837,0.2804603909999377
19362,0.5238809523809524,0,3,0,432445,173165,40459,67497,1.604033124606321,0.2804638871113844
19363,0.5239047619047619,0,3,0,432448,173162,40459,67497,1.6040053355070585,0.28046738330999466
19364,0.5239166666666667,1,0,1,432448,173162,40460,67496,1.6040053355070585,0.28046439345461194
19365,0.5239285714285714,0,1,0,432449,173161,40460,67496,1.6039960724739708,0.2804655588659378
19366,0.523952380952381,0,1,0,432450,173160,40460,67496,1.6039868094408833,0.280466724286949
19367,0.5239603174603176,0,1,0,432451,173159,40460,67496,1.6039775464077957,0.2804678897176456
19368,0.5239761904761905,0,1,0,432452,173158,40460,67496,1.6039682833747082,0.2804690551580277
19369,0.5239999999999999,0,3,0,432455,173155,40460,67496,1.6039404942754456,0.28047255153728845
19370,0.524,20,113,20,432568,173042,40480,67476,1.6028937715365519,0.2805444914725717
19371,0.524047619047619,1,1,1,432569,173041,40481,67475,1.6028845085034644,0.28054266660014304
19372,0.5240476190476191,0,1,0,432570,173040,40481,67475,1.6028752454703767,0.28054383302496727
19373,0.5241060606060606,0,2,0,432572,173038,40481,67475,1.6028567194042016,0.2805461659037141
19374,0.5241666666666666,0,5,0,432577,173033,40481,67475,1.6028104042387639,0.2805519982703278
19375,0.5241666666666667,20,131,20,432708,172902,40501,67455,1.6015969469042943,0.2806450405022529
19376,0.5241904761904761,0,1,0,432709,172901,40501,67455,1.6015876838712069,0.28064620812461516
19377,0.5242420634920635,0,2,0,432711,172899,40501,67455,1.6015691578050317,0.2806485433984872
19378,0.52425,1,1,1,432712,172898,40502,67454,1.601559894771944,0.28064671814671815
19379,0.5242698412698413,0,1,0,432713,172897,40502,67454,1.6015506317388566,0.2806478858003503
19380,0.5242727272727272,1,0,1,432713,172897,40503,67453,1.6015506317388566,0.2806448928645725
19381,0.5242857142857144,1,9,1,432722,172888,40504,67452,1.6014672644410686,0.2806524090871266
19382,0.524297619047619,0,1,0,432723,172887,40504,67452,1.6014580014079811,0.2806535768227379
19383,0.5243095238095238,0,1,0,432724,172886,40504,67452,1.6014487383748934,0.28065474456806666
19384,0.5243095238095239,0,1,0,432725,172885,40504,67452,1.601439475341806,0.280655912323113
19385,0.5243333333333333,4,30,4,432755,172855,40508,67448,1.6011615843491793,0.2806789761259743
19386,0.5243333333333334,0,1,0,432756,172854,40508,67448,1.6011523213160916,0.28068014415194215
19387,0.5243571428571429,0,1,0,432757,172853,40508,67448,1.6011430582830042,0.28068131218763137
19388,0.5243809523809524,0,3,0,432760,172850,40508,67448,1.6011152691837416,0.28068481635302833
19389,0.5244444444444444,3,1,3,432761,172849,40511,67445,1.601106006150654,0.28067700400342915
19390,0.5244444444444445,0,1,0,432762,172848,40511,67445,1.6010967431175664,0.2806781720649374
19391,0.5244523809523809,0,1,0,432763,172847,40511,67445,1.6010874800844788,0.2806793401361677
19392,0.524452380952381,0,3,0,432766,172844,40511,67445,1.6010596909852162,0.2806828444081918
19393,0.5244761904761905,0,1,0,432767,172843,40511,67445,1.6010504279521287,0.2806840125183114
19394,0.5245,0,2,0,432769,172841,40511,67445,1.6010319018859536,0.2806863487677185
19395,0.5245000000000001,3,11,3,432780,172830,40514,67442,1.6009300085219904,0.280690217753213
19396,0.5245128205128204,0,1,0,432781,172829,40514,67442,1.600920745488903,0.28069138597666804
19397,0.5245238095238095,2,2,2,432783,172827,40516,67440,1.6009022194227278,0.2806877348949294
19398,0.5245238095238096,0,1,0,432784,172826,40516,67440,1.6008929563896401,0.2806889031323616
19399,0.5245833333333333,0,1,0,432785,172825,40516,67440,1.6008836933565527,0.28069007137951846
19400,0.5245833333333334,3,4,3,432789,172821,40519,67437,1.6008466412242024,0.28068576280498464
19401,0.5246190476190477,0,1,0,432790,172820,40519,67437,1.600837378191115,0.28068693107797066
19402,0.5246428571428572,0,4,0,432794,172816,40519,67437,1.6008003260587647,0.2806916042671684
19403,0.5246666666666666,1,18,1,432812,172798,40520,67436,1.6006335914631886,0.2807096414329362
19404,0.5246666666666667,4,15,4,432827,172783,40524,67432,1.6004946459668754,0.2807151926399267
19405,0.5246969696969698,0,1,0,432828,172782,40524,67432,1.600485382933788,0.28071636124455696
19406,0.5247222222222222,0,1,0,432829,172781,40524,67432,1.6004761199007003,0.2807175298589169
19407,0.5247499999999999,0,1,0,432830,172780,40524,67432,1.6004668568676128,0.2807186984830067
19408,0.5247619047619048,0,1,0,432831,172779,40524,67432,1.6004575938345251,0.28071986711682645
19409,0.524780303030303,1,0,1,432831,172779,40525,67431,1.6004575938345251,0.2807168727363557
19410,0.5247857142857143,0,1,0,432832,172778,40525,67431,1.6004483308014377,0.28071804137230494
19411,0.5248074229691876,0,1,0,432833,172777,40525,67431,1.60043906776835,0.2807192100179844
19412,0.5248095238095238,0,2,0,432835,172775,40525,67431,1.600420541702175,0.28072154733853444
19413,0.5248333333333333,1,3,1,432838,172772,40526,67430,1.6003927526029122,0.28072205893373076
19414,0.5248333333333334,1,6,1,432844,172766,40527,67429,1.600337174404387,0.2807260767293241
19415,0.524845238095238,0,4,0,432848,172762,40527,67429,1.6003001222720368,0.28073075177671103
19416,0.5248523143523144,0,1,0,432849,172761,40527,67429,1.600290859238949,0.2807319205628877
19417,0.5248571428571429,0,2,0,432851,172759,40527,67429,1.6002723331727742,0.28073425816443787
19418,0.5248593073593074,0,1,0,432852,172758,40527,67429,1.6002630701396865,0.2807354269798116
19419,0.5248928571428572,0,1,0,432853,172757,40527,67429,1.600253807106599,0.28073659580491783
19420,0.5249087301587301,0,3,0,432856,172754,40527,67429,1.6002260180073362,0.28074010233863345
19421,0.524939393939394,0,1,0,432857,172753,40527,67429,1.6002167549742488,0.2807412712026713
19422,0.524952380952381,0,1,0,432858,172752,40527,67429,1.6002074919411613,0.28074244007644233
19423,0.5249545454545455,0,1,0,432859,172751,40527,67429,1.6001982289080736,0.2807436089599467
19424,0.5249999999999999,3,21,3,432880,172730,40530,67426,1.600003705213235,0.280759173204084
19425,0.525,225,1075,225,433955,171655,40755,67201,1.5900459446441142,0.2813452456710319
19426,0.5250238095238094,0,2,0,433957,171653,40755,67201,1.590027418577939,0.2813476014636556
19427,0.5250238095238096,0,1,0,433958,171652,40755,67201,1.5900181555448516,0.2813487793747619
19428,0.525047619047619,1,0,1,433958,171652,40756,67200,1.5900181555448516,0.2813457706027163
19429,0.5250476190476191,0,2,0,433960,171650,40756,67200,1.5899996294786765,0.2813481264391878
19430,0.5250952380952382,1,1,1,433961,171649,40757,67199,1.589990366445589,0.2813462955519829
19431,0.5251190476190476,0,1,0,433962,171648,40757,67199,1.5899811034125013,0.28134747348721145
19432,0.5251374458874458,0,3,0,433965,171645,40757,67199,1.5899533143132387,0.2813510073520792
19433,0.5251428571428571,0,1,0,433966,171644,40757,67199,1.5899440512801513,0.28135218532676276
19434,0.5251666666666666,0,2,0,433968,171642,40757,67199,1.5899255252139761,0.28135454130572224
19435,0.5251666666666667,2,12,2,433980,171630,40759,67197,1.5898143688169255,0.28136266000075366
19436,0.5251666666666668,1,5,1,433985,171625,40760,67196,1.5897680536514875,0.2813655415562283
19437,0.5251825396825397,0,1,0,433986,171624,40760,67196,1.5897587906184,0.2813667197052173
19438,0.5251904761904761,0,1,0,433987,171623,40760,67196,1.5897495275853126,0.2813678978640728
19439,0.5252142857142857,0,1,0,433988,171622,40760,67196,1.589740264552225,0.2813690760327949
19440,0.5252380952380952,0,2,0,433990,171620,40760,67196,1.5897217384860498,0.2813714323998392
19441,0.5252777777777777,0,1,0,433991,171619,40760,67196,1.5897124754529623,0.28137261059816177
19442,0.5252898550724637,0,1,0,433992,171618,40760,67196,1.5897032124198747,0.2813737888063514
19443,0.5253333333333332,1,0,1,433992,171618,40761,67195,1.5897032124198747,0.2813707796476741
19444,0.5253333333333333,2,14,2,434006,171604,40763,67193,1.589573529956649,0.28138125688346166
19445,0.5253333333333334,2,12,2,434018,171592,40765,67191,1.5894623735595983,0.281389378640858
19446,0.5253507326007326,0,1,0,434019,171591,40765,67191,1.5894531105265108,0.28139055707716665
19447,0.5253571428571429,2,1,2,434020,171590,40767,67189,1.5894438474934232,0.2813857164993571
19448,0.5253809523809523,0,1,0,434021,171589,40767,67189,1.5894345844603357,0.28138689494006985
19449,0.5254166666666666,1,1,1,434022,171588,40768,67188,1.5894253214272482,0.2813850638255101
19450,0.5254166666666668,0,2,0,434024,171586,40768,67188,1.589406795361073,0.2813874207409517
19451,0.5254761904761905,0,1,0,434025,171585,40768,67188,1.5893975323279854,0.2813885992134789
19452,0.5255,6,21,6,434046,171564,40774,67182,1.5892030086331468,0.28139529039229977
19453,0.5255000000000001,0,2,0,434048,171562,40774,67182,1.5891844825669716,0.2813976476895754
19454,0.5255357142857142,0,1,0,434049,171561,40774,67182,1.5891752195338842,0.281398826353024
19455,0.5255555555555556,0,4,0,434053,171557,40774,67182,1.589138167401534,0.28140354110555876
19456,0.5255714285714286,0,1,0,434054,171556,40774,67182,1.5891289043684464,0.2814047198183783
19457,0.5255833333333333,1,2,1,434056,171554,40775,67181,1.5891103783022713,0.2814040672712422
19458,0.5255833333333334,0,4,0,434060,171550,40775,67181,1.589073326169921,0.28140878226958377
19459,0.5255952380952381,0,1,0,434061,171549,40775,67181,1.5890640631368336,0.28140996104385707
19460,0.5256190476190475,1,1,1,434062,171548,40776,67180,1.589054800103746,0.2814081297543648
19461,0.525626984126984,0,1,0,434063,171547,40776,67180,1.5890455370706584,0.28140930854071805
19462,0.5256309523809525,0,1,0,434064,171546,40776,67180,1.589036274037571,0.28141048733694696
19463,0.5256666666666665,0,1,0,434065,171545,40776,67180,1.5890270110044833,0.28141166614305163
19464,0.5256666666666666,6,14,6,434079,171531,40782,67174,1.5888973285412575,0.2814101087115896
19465,0.5256666666666667,3,7,3,434086,171524,40785,67171,1.5888324873096447,0.28140932989798695
19466,0.5256904761904763,1,0,1,434086,171524,40786,67170,1.5888324873096447,0.28140631938800303
19467,0.5256926406926408,0,1,0,434087,171523,40786,67170,1.5888232242765572,0.28140749833468093
19468,0.5257142857142857,1,12,1,434099,171511,40787,67169,1.5887120678795064,0.28141863583040055
19469,0.5257142857142858,0,2,0,434101,171509,40787,67169,1.5886935418133314,0.2814209939751464
19470,0.5257301587301587,0,1,0,434102,171508,40787,67169,1.5886842787802438,0.28142217306233946
19471,0.5257619047619048,1,3,1,434105,171505,40788,67168,1.5886564896809812,0.28142269967696387
19472,0.5257857142857144,0,1,0,434106,171504,40788,67168,1.5886472266478935,0.28142387879600456
19473,0.5258095238095237,0,1,0,434107,171503,40788,67168,1.588637963614806,0.28142505792492595
19474,0.5258095238095238,0,1,0,434108,171502,40788,67168,1.5886287005817186,0.28142623706372816
19475,0.5258333333333333,6,41,6,434149,171461,40794,67162,1.5882489162251288,0.2814565234700762
19476,0.5258333333333334,17,73,17,434222,171388,40811,67145,1.5875727148097374,0.2814914498203603
19477,0.5258571428571428,0,6,0,434228,171382,40811,67145,1.587517136611212,0.281498530564674
19478,0.5258809523809526,0,1,0,434229,171381,40811,67145,1.5875078735781245,0.2814997107233593
19479,0.5258888888888891,0,1,0,434230,171380,40811,67145,1.5874986105450368,0.28150089089194
19480,0.5259166666666667,0,2,0,434232,171378,40811,67145,1.5874800844788617,0.28150325125878845
19481,0.5259444444444445,0,1,0,434233,171377,40811,67145,1.5874708214457742,0.2815044314570564
19482,0.5259502164502164,0,1,0,434234,171376,40811,67145,1.5874615584126865,0.28150561166522026
19483,0.5259523809523808,0,1,0,434235,171375,40811,67145,1.587452295379599,0.2815067918832802
19484,0.5259523809523811,0,1,0,434236,171374,40811,67145,1.5874430323465116,0.2815079721112364
19485,0.5259999999999999,4,5,4,434241,171369,40815,67141,1.5873967171810737,0.2815018238229005
19486,0.526,22,90,22,434331,171279,40837,67119,1.586563044203194,0.281541791457982
19487,0.5260000000000001,0,3,0,434334,171276,40837,67119,1.5865352551039313,0.28154533442396024
19488,0.5260129870129869,0,2,0,434336,171274,40837,67119,1.5865167290377562,0.2815476964508186
19489,0.5260357142857143,0,1,0,434337,171273,40837,67119,1.5865074660046685,0.28154887747911006
19490,0.526047619047619,0,1,0,434338,171272,40837,67119,1.586498202971581,0.2815500585173098
19491,0.5260555555555555,0,1,0,434339,171271,40837,67119,1.5864889399384934,0.281551239565418
19492,0.5260595238095239,0,3,0,434342,171268,40837,67119,1.5864611508392308,0.28155478276919466
19493,0.5260833333333333,0,2,0,434344,171266,40837,67119,1.5864426247730556,0.2815571449545903
19494,0.5260952380952381,0,1,0,434345,171265,40837,67119,1.5864333617399682,0.2815583260621518
19495,0.5261031746031746,0,1,0,434346,171264,40837,67119,1.5864240987068805,0.2815595071796227
19496,0.5261111111111111,0,1,0,434347,171263,40837,67119,1.586414835673793,0.28156068830700304
19497,0.5261190476190476,0,1,0,434348,171262,40837,67119,1.5864055726407054,0.28156186944429296
19498,0.5261190476190477,0,1,0,434349,171261,40837,67119,1.586396309607618,0.28156305059149256
19499,0.5261309523809523,0,1,0,434350,171260,40837,67119,1.5863870465745304,0.281564231748602
19500,0.5261428571428571,0,1,0,434351,171259,40837,67119,1.5863777835414428,0.2815654129156214
19501,0.5261666666666666,0,1,0,434352,171258,40837,67119,1.5863685205083553,0.28156659409255086
19502,0.5261666666666667,0,12,0,434364,171246,40837,67119,1.5862573641113047,0.28158076898873574
19503,0.5261666666666668,0,4,0,434368,171242,40837,67119,1.5862203119789544,0.28158549427129437
19504,0.5261800144300144,1,0,1,434368,171242,40838,67118,1.5862203119789544,0.2815824802819265
19505,0.5261904761904762,0,4,0,434372,171238,40838,67118,1.5861832598466041,0.28158720569232576
19506,0.5262002164502164,2,2,2,434374,171236,40840,67116,1.586164733780429,0.28158354031012955
19507,0.5262499999999999,0,1,0,434375,171235,40840,67116,1.5861554707473415,0.2815847216919585
19508,0.52625,3,6,3,434381,171229,40843,67113,1.5860998925488161,0.281582767619639
19509,0.5262857142857144,0,1,0,434382,171228,40843,67113,1.5860906295157287,0.2815839490477929
19510,0.5263095238095238,0,2,0,434384,171226,40843,67113,1.5860721034495535,0.28158631193384215
19511,0.5263095238095239,0,2,0,434386,171224,40843,67113,1.5860535773833784,0.28158867485954764
19512,0.5263333333333332,0,8,0,434394,171216,40843,67113,1.585979473118678,0.2815981269589517
19513,0.5263333333333333,5,10,5,434404,171206,40848,67108,1.5858868427878023,0.28159487063286254
19514,0.5263333333333334,0,1,0,434405,171205,40848,67108,1.5858775797547149,0.2815960522506116
19515,0.5263809523809523,0,3,0,434408,171202,40848,67108,1.5858497906554523,0.28159959716335864
19516,0.5263809523809524,1,3,1,434411,171199,40849,67107,1.5858220015561895,0.28160012756707764
19517,0.5264285714285714,0,1,0,434412,171198,40849,67107,1.585812738523102,0.2816013092465538
19518,0.5264285714285715,0,2,0,434414,171196,40849,67107,1.5857942124569269,0.2816036726352585
19519,0.5264393939393939,0,1,0,434415,171195,40849,67107,1.5857849494238394,0.28160485434448723
19520,0.5264722222222222,0,1,0,434416,171194,40849,67107,1.5857756863907517,0.2816060360636338
19521,0.5265,5,22,5,434438,171172,40854,67102,1.5855718996628256,0.2816169619849417
19522,0.5265000000000001,0,4,0,434442,171168,40854,67102,1.5855348475304754,0.281621689679775
19523,0.5265384615384616,0,1,0,434443,171167,40854,67102,1.585525584497388,0.2816228716282857
19524,0.526547619047619,1,1,1,434444,171166,40855,67101,1.5855163214643002,0.2816210385827664
19525,0.5265714285714285,0,1,0,434445,171165,40855,67101,1.5855070584312128,0.2816222205434262
19526,0.5265741758241759,1,0,1,434445,171165,40856,67100,1.5855070584312128,0.2816192055064739
19527,0.5265833333333333,1,1,1,434446,171164,40857,67099,1.585497795398125,0.2816173723994074
19528,0.5266428571428571,0,1,0,434447,171163,40857,67099,1.5854885323650376,0.2816185543645231
19529,0.5266666666666665,0,1,0,434448,171162,40857,67099,1.5854792693319502,0.2816197363395604
19530,0.5266666666666666,57,389,57,434837,170773,40914,67042,1.5818759494608914,0.28190820595841304
19531,0.5266666666666667,42,232,42,435069,170541,40956,67000,1.579726925784579,0.282056571286641
19532,0.5266904761904762,0,1,0,435070,170540,40956,67000,1.5797176627514913,0.2820577586932727
19533,0.526702380952381,0,1,0,435071,170539,40956,67000,1.5797083997184038,0.28205894610990195
19534,0.5267460317460317,0,1,0,435072,170538,40956,67000,1.5796991366853161,0.28206013353652887
19535,0.5267857142857143,0,1,0,435073,170537,40956,67000,1.5796898736522287,0.2820613209731537
19536,0.5268041125541125,0,1,0,435074,170536,40956,67000,1.5796806106191412,0.28206250841977637
19537,0.5268095238095238,0,1,0,435075,170535,40956,67000,1.5796713475860535,0.2820636958763972
19538,0.5268333333333333,2,2,2,435077,170533,40958,66998,1.5796528215198784,0.28206002584925755
19539,0.5268333333333334,1,9,1,435086,170524,40959,66997,1.5795694542220904,0.28206769085680844
19540,0.5268571428571428,0,1,0,435087,170523,40959,66997,1.579560191189003,0.28206887841023914
19541,0.5268571428571429,0,1,0,435088,170522,40959,66997,1.5795509281559155,0.28207006597366946
19542,0.5269047619047619,1,2,1,435090,170520,40960,66996,1.5795324020897403,0.28206941848128125
19543,0.526904761904762,1,1,1,435091,170519,40961,66995,1.5795231390566526,0.2820675833845584
19544,0.5269166666666666,0,2,0,435093,170517,40961,66995,1.5795046129904775,0.2820699585705143
19545,0.5269318181818181,0,1,0,435094,170516,40961,66995,1.57949534995739,0.28207114617849277
19546,0.5269642857142857,0,5,0,435099,170511,40961,66995,1.5794490347919523,0.2820770843683949
19547,0.5269999999999999,0,6,0,435105,170505,40961,66995,1.579393456593427,0.28208421052631577
19548,0.527,13,27,13,435132,170478,40974,66982,1.579143354700063,0.28207698138633874
19549,0.5270000000000001,0,2,0,435134,170476,40974,66982,1.579124828633888,0.28207935719158755
19550,0.5270144300144299,0,1,0,435135,170475,40974,66982,1.5791155656008002,0.28208054510921976
19551,0.5270357142857143,0,2,0,435137,170473,40974,66982,1.5790970395346253,0.28208292097450044
19552,0.527047619047619,0,1,0,435138,170472,40974,66982,1.5790877765015376,0.28208410892214913
19553,0.5270833333333333,0,3,0,435141,170469,40974,66982,1.579059987402275,0.28208767282513025
19554,0.5270873015873017,0,3,0,435144,170466,40974,66982,1.5790321983030124,0.2820912368181665
19555,0.5271031746031747,0,1,0,435145,170465,40974,66982,1.5790229352699248,0.2820924248358581
19556,0.5271111111111111,0,1,0,435146,170464,40974,66982,1.5790136722368373,0.28209361286355633
19557,0.5271428571428571,1,14,1,435160,170450,40975,66981,1.5788839897736116,0.2821072227299721
19558,0.5271666666666666,2,8,2,435168,170442,40977,66979,1.578809885508911,0.2821106810265309
19559,0.5271666666666667,1,6,1,435174,170436,40978,66978,1.5787543073103858,0.2821147868280725
19560,0.5271666666666668,1,1,1,435175,170435,40979,66977,1.5787450442772981,0.2821129513251226
19561,0.5271877705627706,1,0,1,435175,170435,40980,66976,1.5787450442772981,0.2821099275096773
19562,0.5272142857142857,0,1,0,435176,170434,40980,66976,1.5787357812442107,0.2821111157912472
19563,0.5272222222222223,0,1,0,435177,170433,40980,66976,1.578726518211123,0.2821123040828275
19564,0.5272380952380953,2,0,2,435177,170433,40982,66974,1.578726518211123,0.2821062563445897
19565,0.52725,2,3,2,435180,170430,40984,66972,1.5786987291118604,0.2821037733464756
19566,0.5272539682539681,1,0,1,435180,170430,40985,66971,1.5786987291118604,0.28210074936499846
19567,0.5272727272727272,0,1,0,435181,170429,40985,66971,1.578689466078773,0.28210193765796127
19568,0.5272857142857141,1,0,1,435181,170429,40986,66970,1.578689466078773,0.28209891364327566
19569,0.5272857142857142,0,1,0,435182,170428,40986,66970,1.5786802030456852,0.28210010193851676
19570,0.5272976190476192,0,1,0,435183,170427,40986,66970,1.5786709400125978,0.2821012902437689
19571,0.5273015873015872,0,1,0,435184,170426,40986,66970,1.57866167697951,0.28210247855903214
19572,0.5273174603174604,0,2,0,435186,170424,40986,66970,1.578643150913335,0.2821048552195927
19573,0.5273333333333333,4,39,4,435225,170385,40990,66966,1.5782818926229205,0.28213911043138645
19574,0.5273763736263737,1,2,1,435227,170383,40991,66965,1.5782633665567454,0.28213846335338827
19575,0.5273809523809523,1,1,1,435228,170382,40992,66964,1.5782541035236577,0.28213662753954144
19576,0.5273809523809524,0,1,0,435229,170381,40992,66964,1.5782448404905702,0.2821378162590322
19577,0.5274090909090909,1,0,1,435229,170381,40993,66963,1.5782448404905702,0.2821347916947553
19578,0.5274166666666666,0,1,0,435230,170380,40993,66963,1.5782355774574828,0.282135980416528
19579,0.5274285714285714,0,2,0,435232,170378,40993,66963,1.5782170513913076,0.2821383578901243
19580,0.5274285714285716,0,1,0,435233,170377,40993,66963,1.57820778835822,0.28213954664194824
19581,0.5274505772005772,2,3,2,435236,170374,40995,66961,1.5781799992589574,0.282137063644216
19582,0.5275,49,298,49,435534,170076,41044,66912,1.5754196153988662,0.2823434097929009
19583,0.5275000000000001,3,10,3,435544,170066,41047,66909,1.5753269850679907,0.2823462390547526
19584,0.5275317460317461,0,3,0,435547,170063,41047,66909,1.575299195968728,0.2823498134800736
19585,0.5275470085470086,0,1,0,435548,170062,41047,66909,1.5752899329356405,0.2823510049752923
19586,0.527547619047619,0,1,0,435549,170061,41047,66909,1.575280669902553,0.28235219648056714
19587,0.5275714285714286,0,4,0,435553,170057,41047,66909,1.5752436177702027,0.28235696260222987
19588,0.5275833333333333,0,1,0,435554,170056,41047,66909,1.575234354737115,0.28235815415778703
19589,0.5276190476190475,1,3,1,435557,170053,41048,66908,1.5752065656378524,0.2823587003768553
19590,0.5276190476190477,1,2,1,435559,170051,41049,66907,1.5751880395716773,0.2823580550139687
19591,0.5276620046620044,1,5,1,435564,170046,41050,66906,1.5751417244062396,0.2823609845031905
19592,0.5276666666666666,4,17,4,435581,170029,41054,66902,1.5749842528437512,0.2823691285648564
19593,0.5276666666666667,2,9,2,435590,170020,41056,66900,1.5749008855459632,0.28237379706229954
19594,0.5276904761904762,0,1,0,435591,170019,41056,66900,1.5748916225128755,0.2823749889202639
19595,0.5276904761904763,1,1,1,435592,170018,41057,66899,1.574882359479788,0.28237315177889305
19596,0.5277142857142857,0,1,0,435593,170017,41057,66899,1.5748730964467006,0.28237434364922587
19597,0.5277777777777778,1,2,1,435595,170015,41058,66898,1.5748545703805255,0.2823736983618459
19598,0.5277857142857143,0,1,0,435596,170014,41058,66898,1.5748453073474378,0.2823748902546093
19599,0.5277857142857144,0,2,0,435598,170012,41058,66898,1.5748267812812626,0.28237727407032204
19600,0.5278095238095237,0,1,0,435599,170011,41058,66898,1.5748175182481752,0.28237846599327165
19601,0.5278095238095238,0,1,0,435600,170010,41058,66898,1.5748082552150877,0.2823796579262836
19602,0.5278333333333333,1,4,1,435604,170006,41059,66897,1.5747712030827374,0.2823813966053617
19603,0.5278333333333334,0,3,0,435607,170003,41059,66897,1.5747434139834748,0.2823849725622626
19604,0.5278571428571428,0,7,0,435614,169996,41059,66897,1.574678572751862,0.2823933168139202
19605,0.5278571428571429,0,2,0,435616,169994,41059,66897,1.5746600466856868,0.28239570097639843
19606,0.5278809523809521,0,3,0,435619,169991,41059,66897,1.574632257586424,0.2823992772955996
19607,0.5278888888888889,0,1,0,435620,169990,41059,66897,1.5746229945533365,0.28240046942212954
19608,0.5279047619047619,0,1,0,435621,169989,41059,66897,1.574613731520249,0.2824016615587244
19609,0.5279166666666666,1,3,1,435624,169986,41060,66896,1.5745859424209863,0.28240220869462435
19610,0.5279166666666667,1,2,1,435626,169984,41061,66895,1.5745674163548111,0.28240156366752645
19611,0.5279224941724941,1,0,1,435626,169984,41062,66894,1.5745674163548111,0.2823985342665845
19612,0.5279761904761905,0,5,0,435631,169979,41062,66894,1.5745211011893734,0.28240449523584366
19613,0.5279999999999999,0,2,0,435633,169977,41062,66894,1.5745025751231982,0.2824068796940107
19614,0.528,18,78,18,435711,169899,41080,66876,1.5737800585423691,0.2824453595185302
19615,0.5280000000000001,0,2,0,435713,169897,41080,66876,1.573761532476194,0.2824477453087979
19616,0.5280238095238095,0,1,0,435714,169896,41080,66876,1.5737522694431065,0.28244893821904615
19617,0.5280238095238097,0,4,0,435718,169892,41080,66876,1.5737152173107563,0.2824537099608055
19618,0.5280357142857143,0,1,0,435719,169891,41080,66876,1.5737059542776686,0.28245490292143755
19619,0.528047619047619,0,2,0,435721,169889,41080,66876,1.5736874282114937,0.2824572888729331
19620,0.5280555555555556,1,1,1,435722,169888,41081,66875,1.573678165178406,0.28245545123182253
19621,0.5280952380952381,1,3,1,435725,169885,41082,66874,1.5736503760791434,0.28245599956073475
19622,0.5281190476190476,1,0,1,435725,169885,41083,66873,1.5736503760791434,0.2824529688542731
19623,0.5281428571428571,1,1,1,435726,169884,41084,66872,1.5736411130460557,0.28245113112233694
19624,0.5281666666666666,0,1,0,435727,169883,41084,66872,1.5736318500129682,0.28245232413254207
19625,0.5281666666666667,1,15,1,435742,169868,41085,66871,1.573492904516655,0.28246718960543044
19626,0.5281666666666668,0,1,0,435743,169867,41085,66871,1.5734836414835673,0.2824683827691372
19627,0.5281851481851483,3,1,3,435744,169866,41088,66868,1.5734743784504799,0.2824604830738297
19628,0.5281944444444445,0,1,0,435745,169865,41088,66868,1.5734651154173922,0.28246167623440754
19629,0.5282051282051282,0,1,0,435746,169864,41088,66868,1.5734558523843047,0.28246286940506565
19630,0.5282142857142857,0,4,0,435750,169860,41088,66868,1.5734188002519545,0.2824676421885033
19631,0.52825,0,2,0,435752,169858,41088,66868,1.5734002741857793,0.28247002864070697
19632,0.5282619047619048,0,1,0,435753,169857,41088,66868,1.5733910111526919,0.2824712218819305
19633,0.5282857142857142,2,1,2,435754,169856,41090,66866,1.5733817481196042,0.28246635293720057
19634,0.5283333333333333,69,336,69,436090,169520,41159,66797,1.570269369002186,0.2826584629967374
19635,0.5283333333333334,0,2,0,436092,169518,41159,66797,1.570250842936011,0.28266085521443834
19636,0.5283809523809524,0,2,0,436094,169516,41159,66797,1.5702323168698358,0.28266324747263166
19637,0.5284047619047618,0,1,0,436095,169515,41159,66797,1.5702230538367483,0.28266444361691323
19638,0.5284166666666666,0,2,0,436097,169513,41159,66797,1.5702045277705732,0.28266683593584696
19639,0.5284444444444445,0,1,0,436098,169512,41159,66797,1.5701952647374857,0.2826680321104994
19640,0.5284523809523809,0,1,0,436099,169511,41159,66797,1.570186001704398,0.28266922829527563
19641,0.528452380952381,0,1,0,436100,169510,41159,66797,1.5701767386713106,0.28267042449017593
19642,0.5284615384615384,0,2,0,436102,169508,41159,66797,1.5701582126051354,0.2826728169103489
19643,0.5284642857142858,0,1,0,436103,169507,41159,66797,1.570148949572048,0.2826740131356219
19644,0.5284761904761904,1,2,1,436105,169505,41160,66796,1.5701304235058728,0.28267336998150666
19645,0.5284920634920635,1,0,1,436105,169505,41161,66795,1.5701304235058728,0.28267033432077865
19646,0.5285,7,18,7,436123,169487,41168,66788,1.5699636889102968,0.28267061686594014
19647,0.5285238095238095,0,2,0,436125,169485,41168,66788,1.5699451628441217,0.28267300961176267
19648,0.5285555555555556,0,1,0,436126,169484,41168,66788,1.5699358998110342,0.28267420599986454
19649,0.5285714285714286,1,4,1,436130,169480,41169,66787,1.569898847678684,0.28267595559261344
19650,0.5285952380952381,1,2,1,436132,169478,41170,66786,1.5698803216125088,0.28267531236244203
19651,0.5286071428571429,0,2,0,436134,169476,41170,66786,1.5698617955463336,0.2826777052594154
19652,0.5286111111111111,0,2,0,436136,169474,41170,66786,1.5698432694801585,0.2826800981969017
19653,0.5286190476190477,0,1,0,436137,169473,41170,66786,1.569834006447071,0.2826812946808376
19654,0.5286309523809526,0,2,0,436139,169471,41170,66786,1.569815480380896,0.28268368767909524
19655,0.5286666666666666,7,18,7,436157,169453,41177,66779,1.5696487457853199,0.28268397168884823
19656,0.5286666666666667,0,3,0,436160,169450,41177,66779,1.5696209566860573,0.28268756164569125
19657,0.5286904761904762,0,1,0,436161,169449,41177,66779,1.5696116936529698,0.2826887583182349
19658,0.5287142857142857,0,2,0,436163,169447,41177,66779,1.5695931675867947,0.28269115169371706
19659,0.5287380952380952,1,2,1,436165,169445,41178,66778,1.5695746415206195,0.2826905085448919
19660,0.52875,4,8,4,436173,169437,41182,66774,1.569500537255919,0.28268793578622503
19661,0.5287857142857143,0,1,0,436174,169436,41182,66774,1.5694912742228315,0.2826891325515431
19662,0.5288030303030302,1,1,1,436175,169435,41183,66773,1.569482011189744,0.2826872925557136
19663,0.5288095238095238,2,3,2,436178,169432,41185,66771,1.5694542220904812,0.2826848092530578
19664,0.5288333333333333,0,4,0,436182,169428,41185,66771,1.5694171699581312,0.2826895964843204
19665,0.5288333333333334,3,11,3,436193,169417,41188,66768,1.569315276594168,0.28269365116328304
19666,0.5288412698412699,0,1,0,436194,169416,41188,66768,1.5693060135610803,0.28269484808454426
19667,0.5288571428571428,0,1,0,436195,169415,41188,66768,1.569296750527993,0.28269604501594103
19668,0.5288712121212121,0,1,0,436196,169414,41188,66768,1.5692874874949054,0.2826972419574735
19669,0.5288809523809523,0,1,0,436197,169413,41188,66768,1.5692782244618178,0.2826984389091417
19670,0.528952380952381,0,2,0,436199,169411,41188,66768,1.5692596983956426,0.2827008328428861
19671,0.5289761904761905,0,2,0,436201,169409,41188,66768,1.5692411723294675,0.28270322681717525
19672,0.5289999999999999,2,0,2,436201,169409,41190,66766,1.5692411723294675,0.28269715253519634
19673,0.529,5,79,5,436280,169330,41195,66761,1.5685093927155507,0.28277655649728284
19674,0.5290119047619047,1,0,1,436280,169330,41196,66760,1.5685093927155507,0.28277351857342536
19675,0.5290238095238096,1,1,1,436281,169329,41197,66759,1.5685001296824632,0.2827716783572227
19676,0.5290277777777778,0,1,0,436282,169328,41197,66759,1.5684908666493758,0.28277287610075946
19677,0.529047619047619,0,1,0,436283,169327,41197,66759,1.568481603616288,0.28277407385444286
19678,0.5290476190476191,2,6,2,436289,169321,41199,66757,1.5684260254177629,0.28277518447292843
19679,0.5290714285714285,0,1,0,436290,169320,41199,66757,1.5684167623846752,0.28277638228205204
19680,0.5290833333333333,1,1,1,436291,169319,41200,66756,1.5684074993515877,0.2827745419887748
19681,0.5291071428571429,0,1,0,436292,169318,41200,66756,1.5683982363185,0.28277573981039844
19682,0.5291428571428571,0,2,0,436294,169316,41200,66756,1.568379710252325,0.2827781354840896
19683,0.5291507936507936,0,1,0,436295,169315,41200,66756,1.5683704472192375,0.28277933333615735
19684,0.5291666666666667,21,111,21,436406,169204,41221,66735,1.5673422505465189,0.28284853288349954
19685,0.5291865079365081,0,3,0,436409,169201,41221,66735,1.5673144614472563,0.2828521293910213
19686,0.5291904761904762,0,3,0,436412,169198,41221,66735,1.5672866723479937,0.28285572599000564
19687,0.5291991341991341,0,1,0,436413,169197,41221,66735,1.567277409314906,0.28285692487665937
19688,0.529218253968254,0,1,0,436414,169196,41221,66735,1.5672681462818185,0.28285812377347613
19689,0.5292380952380952,1,3,1,436417,169193,41222,66734,1.567240357182556,0.28285868086314836
19690,0.5292380952380953,0,2,0,436419,169191,41222,66734,1.5672218311163808,0.2828610787326481
19691,0.5292499999999999,0,1,0,436420,169190,41222,66734,1.5672125680832931,0.28286227768264355
19692,0.5292857142857144,0,7,0,436427,169183,41222,66734,1.5671477268516802,0.2828706706172086
19693,0.5293333333333333,3,44,3,436471,169139,41225,66731,1.5667401533958278,0.28291431720863186
19694,0.5293809523809524,0,1,0,436472,169138,41225,66731,1.5667308903627404,0.2829155166639109
19695,0.5294404761904761,0,1,0,436473,169137,41225,66731,1.566721627329653,0.2829167161293605
19696,0.529452380952381,1,2,1,436475,169135,41226,66730,1.5667031012634778,0.2829160748733386
19697,0.5294761904761904,0,1,0,436476,169134,41226,66730,1.56669383823039,0.28291727436149644
19698,0.5294761904761905,0,1,0,436477,169133,41226,66730,1.5666845751973026,0.2829184738598254
19699,0.5295,0,5,0,436482,169128,41226,66730,1.566638260031865,0.28292447150404054
19700,0.5295000000000001,5,19,5,436501,169109,41231,66725,1.5664622624032014,0.2829320623828625
19701,0.5295238095238095,0,2,0,436503,169107,41231,66725,1.5664437363370263,0.2829344618202788
19702,0.5295396825396825,0,1,0,436504,169106,41231,66725,1.5664344733039386,0.2829356615542486
19703,0.529547619047619,0,1,0,436505,169105,41231,66725,1.5664252102708511,0.2829368612983929
19704,0.5295555555555556,0,1,0,436506,169104,41231,66725,1.5664159472377635,0.2829380610527119
19705,0.5295793650793652,1,0,1,436506,169104,41232,66724,1.5664159472377635,0.2829350204386248
19706,0.5295833333333333,1,4,1,436510,169100,41233,66723,1.5663788951054134,0.2829367788553279
19707,0.5295833333333334,0,1,0,436511,169099,41233,66723,1.5663696320723257,0.28293797864491016
19708,0.5296190476190477,0,1,0,436512,169098,41233,66723,1.5663603690392383,0.28293917844466776
19709,0.5296309523809524,0,1,0,436513,169097,41233,66723,1.5663511060061506,0.28294037825460094
19710,0.5296428571428571,0,1,0,436514,169096,41233,66723,1.5663418429730631,0.2829415780747098
19711,0.5296428571428572,0,3,0,436517,169093,41233,66723,1.5663140538738005,0.2829451775960919
19712,0.5296616161616161,0,1,0,436518,169092,41233,66723,1.5663047908407128,0.28294637745690476
19713,0.5296666666666666,3,18,3,436536,169074,41236,66720,1.5661380562451368,0.28295885391485787
19714,0.5296666666666667,4,22,4,436558,169052,41240,66716,1.5659342695172107,0.28297309219232464
19715,0.5296944444444445,0,1,0,436559,169051,41240,66716,1.5659250064841232,0.2829742924158173
19716,0.5296969696969697,1,0,1,436559,169051,41241,66715,1.5659250064841232,0.282971251155807
19717,0.5297142857142857,0,1,0,436560,169050,41241,66715,1.5659157434510356,0.28297245138167243
19718,0.5297222222222222,0,1,0,436561,169049,41241,66715,1.565906480417948,0.2829736516177194
19719,0.5298333333333333,0,3,0,436564,169046,41241,66715,1.5658786913186853,0.2829772523869512
19720,0.5298333333333334,1,19,1,436583,169027,41242,66714,1.5657026936900218,0.28299701791372733
19721,0.5298809523809523,1,2,1,436585,169025,41243,66713,1.5656841676238467,0.2829963773341591
19722,0.5298809523809525,0,1,0,436586,169024,41243,66713,1.5656749045907592,0.2829975778091687
19723,0.5298983516483518,0,1,0,436587,169023,41243,66713,1.5656656415576717,0.2829987782943632
19724,0.5299126984126984,0,3,0,436590,169020,41243,66713,1.565637852458409,0.2830023798110574
19725,0.5299166666666667,0,1,0,436591,169019,41243,66713,1.5656285894253215,0.28300358033699285
19726,0.5299999999999999,3,28,3,436619,168991,41246,66710,1.56536922449887,0.28302807370354816
19727,0.53,509,2738,509,439357,166253,41755,66201,1.5400070399051466,0.2847918297813761
19728,0.5300476190476191,0,1,0,439358,166252,41755,66201,1.539997776872059,0.28479305494013846
19729,0.5301190476190477,0,1,0,439359,166251,41755,66201,1.5399885138389715,0.28479428010944197
19730,0.5301428571428571,0,1,0,439360,166250,41755,66201,1.5399792508058838,0.28479550528928677
19731,0.5301666666666667,1,14,1,439374,166236,41756,66200,1.539849568342658,0.2848095819924624
19732,0.5301747738415693,0,7,0,439381,166229,41756,66200,1.5397847271110452,0.28481815952398365
19733,0.5301904761904762,1,0,1,439381,166229,41757,66199,1.5397847271110452,0.2848150825201783
19734,0.5302142857142857,1,5,1,439386,166224,41758,66198,1.5397384119456075,0.2848181325347859
19735,0.5302380952380953,0,3,0,439389,166221,41758,66198,1.5397106228463449,0.28482180888825787
19736,0.5302619047619047,0,4,0,439393,166217,41758,66198,1.5396735707139946,0.28482671084052236
19737,0.5302619047619048,0,1,0,439394,166216,41758,66198,1.5396643076809071,0.2848279363549528
19738,0.5302857142857142,0,1,0,439395,166215,41758,66198,1.5396550446478194,0.28482916187992924
19739,0.5302857142857144,1,0,1,439395,166215,41759,66197,1.5396550446478194,0.2848260847116328
19740,0.5302976190476191,0,2,0,439397,166213,41759,66197,1.5396365185816443,0.2848285357772901
19741,0.5303329725829724,0,3,0,439400,166210,41759,66197,1.5396087294823817,0.28483221245487444
19742,0.5303333333333332,0,1,0,439401,166209,41759,66197,1.5395994664492942,0.2848334380351626
19743,0.5303333333333333,5,17,5,439418,166192,41764,66192,1.5394419948868057,0.2848388873588543
19744,0.5303333333333334,1,9,1,439427,166183,41765,66191,1.5393586275890176,0.28484684172928126
19745,0.5303571428571429,1,2,1,439429,166181,41766,66190,1.5393401015228427,0.2848462157498139
19746,0.530357142857143,0,1,0,439430,166180,41766,66190,1.539330838489755,0.2848474415802384
19747,0.5303921568627452,1,1,1,439431,166179,41767,66189,1.5393215754566676,0.284845589754183
19748,0.5304166666666668,0,1,0,439432,166178,41767,66189,1.53931231242358,0.2848468155977398
19749,0.5304285714285715,0,1,0,439433,166177,41767,66189,1.5393030493904925,0.2848480414518475
19750,0.5304523809523809,0,1,0,439434,166176,41767,66189,1.5392937863574048,0.28484926731650634
19751,0.5304761904761904,0,4,0,439438,166172,41767,66189,1.5392567342250547,0.2848541708806555
19752,0.5304761904761905,0,7,0,439445,166165,41767,66189,1.5391918929934418,0.2848627525241657
19753,0.5305,1,10,1,439455,166155,41768,66188,1.5390992626625661,0.28487193502709357
19754,0.5305000000000001,0,4,0,439459,166151,41768,66188,1.539062210530216,0.28487683944580977
19755,0.5305412087912088,0,2,0,439461,166149,41768,66188,1.539043684464041,0.28487929171849513
19756,0.5305555555555556,2,0,2,439461,166149,41770,66186,1.539043684464041,0.28487313577377493
19757,0.5305714285714286,0,1,0,439462,166148,41770,66186,1.5390344214309533,0.28487436191000887
19758,0.5305952380952381,0,1,0,439463,166147,41770,66186,1.5390251583978658,0.2848755880567978
19759,0.5306309523809524,0,3,0,439466,166144,41770,66186,1.5389973692986032,0.28487926656049584
19760,0.530654761904762,0,3,0,439469,166141,41770,66186,1.5389695801993404,0.2848829451591937
19761,0.5306666666666665,1,0,1,439469,166141,41771,66185,1.5389695801993404,0.2848798670833226
19762,0.5306666666666666,5,32,5,439501,166109,41776,66180,1.5386731631405388,0.28490371907408446
19763,0.5306666666666667,4,13,4,439514,166096,41780,66176,1.5385527437104005,0.28490735000344425
19764,0.5306984126984128,0,3,0,439517,166093,41780,66176,1.538524954611138,0.2849110298834541
19765,0.5307142857142857,0,12,0,439529,166081,41780,66176,1.5384137982140873,0.2849257503541336
19766,0.5307857142857142,0,1,0,439530,166080,41780,66176,1.5384045351809996,0.2849269771286856
19767,0.5308333333333333,10,42,10,439572,166038,41790,66166,1.5380154877913224,0.28494771838555755
19768,0.5308333333333334,15,66,15,439638,165972,41805,66151,1.5374041276075439,0.28498253081340497
19769,0.530845238095238,0,1,0,439639,165971,41805,66151,1.5373948645744562,0.28498375854076735
19770,0.5308531746031746,0,2,0,439641,165969,41805,66151,1.5373763385082813,0.2849862140272273
19771,0.5308571428571429,0,1,0,439642,165968,41805,66151,1.5373670754751936,0.2849874417863251
19772,0.5309166666666666,1,1,1,439643,165967,41806,66150,1.5373578124421061,0.28498558916408534
19773,0.5309166666666667,0,1,0,439644,165966,41806,66150,1.5373485494090184,0.2849868169363594
19774,0.530952380952381,0,2,0,439646,165964,41806,66150,1.5373300233428433,0.28498927251264466
19775,0.5309761904761904,0,1,0,439647,165963,41806,66150,1.5373207603097558,0.2849905003166561
19776,0.5309999999999999,0,6,0,439653,165957,41806,66150,1.5372651821112304,0.2849978673628973
19777,0.531,11,57,11,439710,165900,41817,66139,1.53673718922524,0.2850339813565823
19778,0.5310000000000001,0,2,0,439712,165898,41817,66139,1.5367186631590648,0.2850364381542599
19779,0.5310238095238095,0,1,0,439713,165897,41817,66139,1.5367094001259773,0.28503766656898066
19780,0.531030303030303,0,1,0,439714,165896,41817,66139,1.5367001370928897,0.28503889499428964
19781,0.5310476190476192,0,1,0,439715,165895,41817,66139,1.5366908740598022,0.285040123430187
19782,0.5310714285714285,1,1,1,439716,165894,41818,66138,1.5366816110267145,0.28503827058336784
19783,0.5310714285714286,1,1,1,439717,165893,41819,66137,1.536672347993627,0.28503641770460714
19784,0.5310833333333335,0,1,0,439718,165892,41819,66137,1.5366630849605394,0.28503764615629945
19785,0.5311111111111111,1,1,1,439719,165891,41820,66136,1.536653821927452,0.28503579324819955
19786,0.5311190476190476,0,1,0,439720,165890,41820,66136,1.5366445588943645,0.28503702171308387
19787,0.5311428571428571,0,3,0,439723,165887,41820,66136,1.5366167697951016,0.28504070717127183
19788,0.5311666666666666,0,4,0,439727,165883,41820,66136,1.5365797176627516,0.2850456212637758
19789,0.5311666666666667,1,5,1,439732,165878,41821,66135,1.5365334024973136,0.28504868261692234
19790,0.5311666666666668,0,1,0,439733,165877,41821,66135,1.5365241394642262,0.28504991121148904
19791,0.5311904761904761,0,1,0,439734,165876,41821,66135,1.5365148764311387,0.28505113981664665
19792,0.5311904761904762,1,6,1,439740,165870,41822,66134,1.5364592982326133,0.28505543007879175
19793,0.5312142857142856,0,1,0,439741,165869,41822,66134,1.5364500351995258,0.2850566587501024
19794,0.53125,0,5,0,439746,165864,41822,66134,1.5364037200340879,0.28506280226553676
19795,0.5312619047619047,1,2,1,439748,165862,41823,66133,1.536385193967913,0.28506217806418244
19796,0.5312738095238094,0,2,0,439750,165860,41823,66133,1.5363666679017378,0.28506463557090084
19797,0.5312878787878788,0,1,0,439751,165859,41823,66133,1.5363574048686501,0.28506586434014963
19798,0.5312896825396826,0,1,0,439752,165858,41823,66133,1.5363481418355627,0.28506709311999173
19799,0.5313095238095238,0,1,0,439753,165857,41823,66133,1.536338878802475,0.2850683219104272
19800,0.5313333333333332,1,5,1,439758,165852,41824,66132,1.5362925636370373,0.2850713842333954
19801,0.5313333333333333,3,14,3,439772,165838,41827,66129,1.5361628811738115,0.28507934318243544
19802,0.5313333333333334,0,3,0,439775,165835,41827,66129,1.536135092074549,0.2850830301253643
19803,0.5313809523809523,0,1,0,439776,165834,41827,66129,1.5361258290414614,0.28508425912753327
19804,0.5313888888888889,0,4,0,439780,165830,41827,66129,1.5360887769091112,0.2850891752421764
19805,0.5314285714285714,0,5,0,439785,165825,41827,66129,1.5360424617436734,0.2850953206239168
19806,0.5314285714285715,0,1,0,439786,165824,41827,66129,1.5360331987105857,0.2850965497320578
19807,0.5314761904761905,0,1,0,439787,165823,41827,66129,1.5360239356774983,0.28509777885079673
19808,0.5314999999999999,0,1,0,439788,165822,41827,66129,1.5360146726444106,0.2850990079801337
19809,0.5315,6,28,6,439816,165794,41833,66123,1.535755307717959,0.28511493335977955
19810,0.5315000000000001,1,0,1,439816,165794,41834,66122,1.535755307717959,0.2851118508425464
19811,0.5315119047619047,0,4,0,439820,165790,41834,66122,1.535718255585609,0.28511676842940425
19812,0.5315238095238094,1,2,1,439822,165788,41835,66121,1.535699729519434,0.28511614469468627
19813,0.5315476190476189,0,1,0,439823,165787,41835,66121,1.5356904664863462,0.285117374131121
19814,0.5315833333333334,0,1,0,439824,165786,41835,66121,1.5356812034532588,0.2851186035781585
19815,0.5315952380952382,0,1,0,439825,165785,41835,66121,1.535671940420171,0.28511983303579896
19816,0.5316190476190475,0,1,0,439826,165784,41835,66121,1.5356626773870836,0.2851210625040426
19817,0.5316428571428571,0,1,0,439827,165783,41835,66121,1.5356534143539962,0.28512229198288946
19818,0.5316666666666666,55,188,55,440015,165595,41890,66066,1.533911964133536,0.28518395413988545
19819,0.5316666666666667,25,139,25,440154,165456,41915,66041,1.5326244025343658,0.28527799496321765
19820,0.5316709956709957,0,1,0,440155,165455,41915,66041,1.5326151395012784,0.28527922728686456
19821,0.5316785714285714,1,1,1,440156,165454,41916,66040,1.5326058764681907,0.28527737219971144
19822,0.5316904761904762,1,1,1,440157,165453,41917,66039,1.5325966134351032,0.28527551708050386
19823,0.5317142857142857,2,1,2,440158,165452,41919,66037,1.5325873504020155,0.2852705744117431
19824,0.5317500000000001,0,1,0,440159,165451,41919,66037,1.532578087368928,0.285271806745922
19825,0.5317857142857143,1,1,1,440160,165450,41920,66036,1.5325688243358406,0.28526995153054613
19826,0.5318293650793652,0,4,0,440164,165446,41920,66036,1.5325317722034904,0.2852748809842666
19827,0.5318333333333333,0,5,0,440169,165441,41920,66036,1.5324854570380526,0.2852810430409933
19828,0.5318333333333334,3,11,3,440180,165430,41923,66033,1.5323835636740895,0.28528533718132054
19829,0.5318333333333335,1,1,1,440181,165429,41924,66032,1.532374300641002,0.285283481882477
19830,0.5318571428571428,0,1,0,440182,165428,41924,66032,1.5323650376079143,0.28528471442149833
19831,0.5319047619047619,0,2,0,440184,165426,41924,66032,1.5323465115417392,0.2852871795314917
19832,0.531904761904762,1,0,1,440184,165426,41925,66031,1.5323465115417392,0.2852840916455324
19833,0.5319444444444444,0,1,0,440185,165425,41925,66031,1.5323372485086517,0.28528532420848884
19834,0.531952380952381,0,1,0,440186,165424,41925,66031,1.532327985475564,0.28528655678209586
19835,0.5319999999999999,0,7,0,440193,165417,41925,66031,1.5322631442439512,0.2852951850955722
19836,0.532,12,70,12,440263,165347,41937,66019,1.5316147319278224,0.2853444326305507
19837,0.5320000000000001,0,1,0,440264,165346,41937,66019,1.531605468894735,0.28534566593910055
19838,0.5320238095238095,0,3,0,440267,165343,41937,66019,1.5315776797954723,0.2853493659287178
19839,0.5320714285714285,0,1,0,440268,165342,41937,66019,1.5315684167623846,0.2853505992799132
19840,0.5320833333333332,0,1,0,440269,165341,41937,66019,1.5315591537292972,0.2853518326417704
19841,0.5320833333333334,0,2,0,440271,165339,41937,66019,1.531540627663122,0.2853542993974706
19842,0.5320833333333335,0,2,0,440273,165337,41937,66019,1.531522101596947,0.28535676619581946
19843,0.532142857142857,0,1,0,440274,165336,41937,66019,1.5315128385638594,0.28535799961098746
19844,0.5321428571428571,2,6,2,440280,165330,41939,66017,1.531457260365334,0.2853592222937838
19845,0.5321666666666666,0,4,0,440284,165326,41939,66017,1.5314202082329837,0.2853641562528367
19846,0.5321666666666667,0,6,0,440290,165320,41939,66017,1.5313646300344586,0.28537155751133625
19847,0.5321666666666668,0,4,0,440294,165316,41939,66017,1.5313275779021083,0.2853764918969624
19848,0.5321904761904761,2,0,2,440294,165316,41941,66015,1.5313275779021083,0.2853703135334218
19849,0.5321904761904762,0,1,0,440295,165315,41941,66015,1.5313183148690208,0.2853715471404487
19850,0.532202380952381,0,1,0,440296,165314,41941,66015,1.5313090518359331,0.285372780758141
19851,0.5322619047619047,0,3,0,440299,165311,41941,66015,1.5312812627366705,0.2853764816752116
19852,0.5322698412698412,0,2,0,440301,165309,41941,66015,1.5312627366704954,0.28537894900658817
19853,0.5323333333333333,6,28,6,440329,165281,41947,66009,1.5310033717440439,0.28539495870984477
19854,0.5323333333333334,1,1,1,440330,165280,41948,66008,1.5309941087109564,0.2853931029711874
19855,0.5323571428571428,0,2,0,440332,165278,41948,66008,1.5309755826447813,0.28539557085167283
19856,0.5323571428571429,0,1,0,440333,165277,41948,66008,1.5309663196116936,0.28539680480792096
19857,0.5323809523809523,0,2,0,440335,165275,41948,66008,1.5309477935455185,0.2853992727524288
19858,0.5323809523809524,0,1,0,440336,165274,41948,66008,1.530938530512431,0.28540050674068884
19859,0.5323888888888889,0,2,0,440338,165272,41948,66008,1.5309200044462559,0.2854029747492217
19860,0.5323928571428571,0,1,0,440339,165271,41948,66008,1.5309107414131684,0.28540420876949485
19861,0.5323968253968253,0,1,0,440340,165270,41948,66008,1.5309014783800807,0.2854054428004393
19862,0.5324047619047619,0,1,0,440341,165269,41948,66008,1.5308922153469933,0.2854066768420552
19863,0.5324166666666666,0,1,0,440342,165268,41948,66008,1.5308829523139056,0.2854079108943427
19864,0.5324404761904762,0,1,0,440343,165267,41948,66008,1.5308736892808181,0.2854091449573019
19865,0.5324761904761904,1,1,1,440344,165266,41949,66007,1.5308644262477304,0.285407289220964
19866,0.5325,58,264,58,440608,165002,42007,65949,1.5284189855126162,0.2855540785707791
19867,0.5325000000000001,1,5,1,440613,164997,42008,65948,1.5283726703471785,0.2855571672909134
19868,0.5325555555555556,0,2,0,440615,164995,42008,65948,1.5283541442810034,0.2855596402575527
19869,0.5325604395604395,0,2,0,440617,164993,42008,65948,1.5283356182148282,0.2855621132670249
19870,0.5325714285714286,0,1,0,440618,164992,42008,65948,1.5283263551817408,0.28556334978782366
19871,0.5326666666666666,10,37,10,440655,164955,42018,65938,1.5279836229575012,0.28557816824243265
19872,0.5326666666666667,1,16,1,440671,164939,42019,65937,1.5278354144281003,0.285594864775897
19873,0.5326785714285713,0,1,0,440672,164938,42019,65937,1.5278261513950129,0.2855961017866811
19874,0.5327142857142857,1,4,1,440676,164934,42020,65936,1.5277890992626626,0.2855979555594057
19875,0.5327272727272727,0,1,0,440677,164933,42020,65936,1.527779836229575,0.2855991926157258
19876,0.5327777777777778,1,1,1,440678,164932,42021,65935,1.5277705731964875,0.28559733526229386
19877,0.5327857142857142,1,0,1,440678,164932,42022,65934,1.5277705731964875,0.2855942408150182
19878,0.5327857142857143,2,1,2,440679,164931,42024,65932,1.5277613101634,0.28558928888561613
19879,0.5328095238095237,0,1,0,440680,164930,42024,65932,1.5277520471303123,0.2855905259419047
19880,0.5328333333333333,2,7,2,440687,164923,42026,65930,1.5276872058986994,0.28559299640897023
19881,0.5328333333333334,0,4,0,440691,164919,42026,65930,1.5276501537663492,0.2855979449770196
19882,0.5328571428571428,1,11,1,440702,164908,42027,65929,1.5275482604023862,0.28560845964901643
19883,0.5328704906204905,0,2,0,440704,164906,42027,65929,1.527529734336211,0.28561093421708145
19884,0.5329047619047619,0,1,0,440705,164905,42027,65929,1.5275204713031234,0.28561217151719415
19885,0.532904761904762,0,1,0,440706,164904,42027,65929,1.527511208270036,0.2856134088280272
19886,0.5329166666666666,1,8,1,440714,164896,42028,65928,1.5274371040053356,0.2856202128028281
19887,0.5329206349206349,0,1,0,440715,164895,42028,65928,1.527427840972248,0.2856214502021029
19888,0.5329545454545455,0,1,0,440716,164894,42028,65928,1.5274185779391605,0.28562268761209936
19889,0.5329642857142857,0,2,0,440718,164892,42028,65928,1.5274000518729853,0.28562516246425784
19890,0.5329761904761905,0,2,0,440720,164890,42028,65928,1.5273815258068102,0.28562763735930474
19891,0.5329999999999999,7,28,7,440748,164862,42035,65921,1.5271221608803587,0.2856406234428012
19892,0.533,0,3,0,440751,164859,42035,65921,1.527094371781096,0.28564433659762545
19893,0.5330000000000001,0,3,0,440754,164856,42035,65921,1.5270665826818333,0.2856480498489884
19894,0.5330238095238096,0,1,0,440755,164855,42035,65921,1.5270573196487458,0.2856492876208965
19895,0.5330331890331891,2,2,2,440757,164853,42037,65919,1.5270387935825707,0.285645572253133
19896,0.533047619047619,0,2,0,440759,164851,42037,65919,1.5270202675163955,0.28564804783984055
19897,0.5330833333333332,1,4,1,440763,164847,42038,65918,1.5269832153840452,0.28564990358156567
19898,0.5330833333333334,2,3,2,440766,164844,42040,65916,1.5269554262847826,0.2856474258970359
19899,0.5330952380952381,0,4,0,440770,164840,42040,65916,1.5269183741524324,0.2856523774029711
19900,0.5331428571428571,0,2,0,440772,164838,42040,65916,1.5268998480862574,0.28565485322031253
19901,0.5331428571428573,0,1,0,440773,164837,42040,65916,1.5268905850531698,0.28565609114507723
19902,0.5331666666666667,2,15,2,440788,164822,42042,65914,1.5267516395568566,0.2856684695929547
19903,0.5331666666666668,0,1,0,440789,164821,42042,65914,1.5267423765237689,0.28566970767330485
19904,0.5331944444444445,0,1,0,440790,164820,42042,65914,1.5267331134906814,0.2856709457643867
19905,0.5332045454545454,0,1,0,440791,164819,42042,65914,1.5267238504575937,0.2856721838662003
19906,0.5332142857142856,2,1,2,440792,164818,42044,65912,1.5267145874245063,0.28566723009578293
19907,0.5332142857142858,0,3,0,440795,164815,42044,65912,1.5266867983252437,0.2856709444495009
19908,0.5332380952380952,1,0,1,440795,164815,42045,65911,1.5266867983252437,0.28566784844360843
19909,0.53325,0,2,0,440797,164813,42045,65911,1.5266682722590685,0.28567032471697784
19910,0.5332500000000001,1,1,1,440798,164812,42046,65910,1.5266590092259809,0.2856684668128744
19911,0.5333134920634922,0,1,0,440799,164811,42046,65910,1.5266497461928934,0.2856697049683384
19912,0.5333333333333333,120,569,120,441368,164242,42166,65790,1.5213790803660752,0.2860036864436252
19913,0.5333557831057831,0,1,0,441369,164241,42166,65790,1.5213698173329875,0.2860049297703353
19914,0.5333676046176045,1,4,1,441373,164237,42167,65789,1.5213327652006372,0.2860067992313912
19915,0.5333809523809524,0,1,0,441374,164236,42167,65789,1.5213235021675497,0.28600804260406476
19916,0.5333928571428571,0,1,0,441375,164235,42167,65789,1.5213142391344623,0.2860092859875491
19917,0.5334404761904762,0,1,0,441376,164234,42167,65789,1.5213049761013746,0.2860105293818444
19918,0.5334404761904763,0,1,0,441377,164233,42167,65789,1.5212957130682871,0.28601177278695084
19919,0.5334469696969697,0,1,0,441378,164232,42167,65789,1.5212864500351995,0.28601301620286845
19920,0.5334523809523809,0,1,0,441379,164231,42167,65789,1.521277187002112,0.2860142596295974
19921,0.5334642857142857,0,1,0,441380,164230,42167,65789,1.5212679239690243,0.2860155030671379
19922,0.5334761904761904,1,2,1,441382,164228,42168,65788,1.5212493979028494,0.2860148859209794
19923,0.5335,5,27,5,441409,164201,42173,65783,1.5209992960094854,0.28603294142201197
19924,0.5335714285714286,1,4,1,441413,164197,42174,65782,1.520962243877135,0.28603481187412766
19925,0.5336190476190477,0,3,0,441416,164194,42174,65782,1.5209344547778725,0.28603854315232896
19926,0.5336428571428571,1,0,1,441416,164194,42175,65781,1.5209344547778725,0.2860354386346342
19927,0.5336459096459096,0,1,0,441417,164193,42175,65781,1.520925191744785,0.2860366824075765
19928,0.5336666666666666,4,11,4,441428,164182,42179,65777,1.5208232983808219,0.286037945894703
19929,0.5336666666666667,0,8,0,441436,164174,42179,65777,1.5207491941161213,0.28604789716069945
19930,0.5336904761904762,0,4,0,441440,164170,42179,65777,1.5207121419837712,0.28605287305335575
19931,0.5336984126984126,0,1,0,441441,164169,42179,65777,1.5207028789506836,0.2860541170535691
19932,0.5337142857142857,0,3,0,441444,164166,42179,65777,1.520675089851421,0.2860578491191295
19933,0.5337222222222222,0,3,0,441447,164163,42179,65777,1.5206473007521584,0.2860615812820736
19934,0.53375,1,4,1,441451,164159,42180,65776,1.520610248619808,0.2860634527148977
19935,0.5337619047619048,0,1,0,441452,164158,42180,65776,1.5206009855867204,0.28606469682604574
19936,0.533781746031746,0,1,0,441453,164157,42180,65776,1.520591722553633,0.2860659409480153
19937,0.5338095238095238,1,3,1,441456,164154,42181,65775,1.5205639334543704,0.286066568375455
19938,0.533829561778091,1,6,1,441462,164148,42182,65774,1.520508355255845,0.2860709284018058
19939,0.5338333333333333,0,3,0,441465,164145,42182,65774,1.5204805661565823,0.2860746610762921
19940,0.5338333333333334,1,9,1,441474,164136,42183,65773,1.5203971988587943,0.2860827544811208
19941,0.5338571428571428,1,2,1,441476,164134,42184,65772,1.5203786727926192,0.28608213791723575
19942,0.5338809523809523,0,1,0,441477,164133,42184,65772,1.5203694097595317,0.28608338226658836
19943,0.5338888888888889,0,1,0,441478,164132,42184,65772,1.520360146726444,0.286084626626766
19944,0.5339047619047619,0,1,0,441479,164131,42184,65772,1.5203508836933566,0.2860858709977686
19945,0.5339166666666666,0,1,0,441480,164130,42184,65772,1.520341620660269,0.2860871153795965
19946,0.5339285714285714,0,2,0,441482,164128,42184,65772,1.520323094594094,0.2860896041757286
19947,0.5339393939393939,0,1,0,441483,164127,42184,65772,1.5203138315610063,0.28609084859003303
19948,0.5339484126984128,0,2,0,441485,164125,42184,65772,1.5202953054948312,0.2860933374511194
19949,0.533952380952381,0,1,0,441486,164124,42184,65772,1.5202860424617437,0.28609458189790166
19950,0.5339722222222222,0,1,0,441487,164123,42184,65772,1.520276779428656,0.2860958263555101
19951,0.5339999999999999,1,3,1,441490,164120,42185,65771,1.5202489903293934,0.2860964544066536
19952,0.534,24,110,24,441600,164010,42209,65747,1.5192300566897625,0.2861588547900608
19953,0.5340238095238096,0,3,0,441603,164007,42209,65747,1.5192022675905,0.2861625912932963
19954,0.534025641025641,0,1,0,441604,164006,42209,65747,1.5191930045574122,0.286163836816059
19955,0.534047619047619,0,1,0,441605,164005,42209,65747,1.5191837415243248,0.286165082349664
19956,0.5340476190476191,0,3,0,441608,164002,42209,65747,1.519155952425062,0.28616881901553437
19957,0.5340952380952381,1,0,1,441608,164002,42210,65746,1.519155952425062,0.2861657119974929
19958,0.5341428571428571,1,1,1,441609,164001,42211,65745,1.5191466893919745,0.28616385051317544
19959,0.5341547619047619,0,1,0,441610,164000,42211,65745,1.519137426358887,0.2861650960847897
19960,0.5341666666666667,20,93,20,441703,163907,42231,65725,1.5182759642817445,0.2862188196767001
19961,0.5341666666666668,0,1,0,441704,163906,42231,65725,1.5182667012486568,0.2862200661060571
19962,0.5341818181818182,0,1,0,441705,163905,42231,65725,1.5182574382155694,0.2862213125462701
19963,0.5341904761904762,0,1,0,441706,163904,42231,65725,1.5182481751824817,0.28622255899733917
19964,0.5342619047619048,1,2,1,441708,163902,42232,65724,1.5182296491163065,0.28622194350813934
19965,0.5342777777777777,0,3,0,441711,163899,42232,65724,1.518201860017044,0.28622568296729856
19966,0.5342857142857143,4,11,4,441722,163888,42236,65720,1.5180999666530808,0.2862269607330755
19967,0.5343095238095239,0,1,0,441723,163887,42236,65720,1.5180907036199933,0.2862282073281738
19968,0.5343333333333333,5,31,5,441754,163856,42241,65715,1.5178035495942792,0.2862513122302033
19969,0.5343888888888888,0,1,0,441755,163855,42241,65715,1.5177942865611915,0.2862525591322908
19970,0.5344166666666667,0,1,0,441756,163854,42241,65715,1.517785023528104,0.2862538060452413
19971,0.5344404761904762,0,1,0,441757,163853,42241,65715,1.5177757604950164,0.2862550529690549
19972,0.5344444444444444,0,1,0,441758,163852,42241,65715,1.517766497461929,0.2862562999037318
19973,0.5344801587301586,0,1,0,441759,163851,42241,65715,1.5177572344288415,0.2862575468492721
19974,0.5345,3,11,3,441770,163840,42244,65712,1.5176553410648783,0.2862619362933017
19975,0.5345000000000001,0,1,0,441771,163839,42244,65712,1.5176460780317906,0.2862631833448776
19976,0.5345054112554112,0,1,0,441772,163838,42244,65712,1.5176368149987032,0.2862644304073187
19977,0.5345238095238095,0,1,0,441773,163837,42244,65712,1.5176275519656157,0.28626567748062504
19978,0.5345454545454545,0,1,0,441774,163836,42244,65712,1.517618288932528,0.2862669245647969
19979,0.534547619047619,1,0,1,441774,163836,42245,65711,1.517618288932528,0.28626381525352107
19980,0.5345555555555556,0,4,0,441778,163832,42245,65711,1.5175812368001778,0.28626880366641544
19981,0.5345714285714286,0,1,0,441779,163831,42245,65711,1.5175719737670903,0.28627005079680407
19982,0.5345714285714287,1,1,1,441780,163830,42246,65710,1.5175627107340028,0.28626818855101505
19983,0.5345833333333333,0,3,0,441783,163827,42246,65710,1.51753492163474,0.28627193001564016
19984,0.5345952380952381,0,1,0,441784,163826,42246,65710,1.5175256586016526,0.2862731771922487
19985,0.5346428571428571,0,2,0,441786,163824,42246,65710,1.5175071325354774,0.2862756715780669
19986,0.5346428571428572,1,1,1,441787,163823,42247,65709,1.51749786950239,0.28627380931634805
19987,0.5346666666666666,2,14,2,441801,163809,42249,65707,1.5173681870391642,0.286285052022517
19988,0.5346666666666667,3,14,3,441815,163795,42252,65704,1.5172385045759385,0.2862931864626861
19989,0.5346785714285714,0,1,0,441816,163794,42252,65704,1.5172292415428508,0.28629443393842213
19990,0.5346904761904763,0,3,0,441819,163791,42252,65704,1.5172014524435882,0.2862981764308591
19991,0.5347142857142857,0,1,0,441820,163790,42252,65704,1.5171921894105005,0.2862994239500815
19992,0.5347222222222222,1,2,1,441822,163788,42253,65703,1.5171736633443256,0.286298809103625
19993,0.5347500000000001,0,1,0,441823,163787,42253,65703,1.517164400311238,0.2863000566473485
19994,0.5347619047619048,0,3,0,441826,163784,42253,65703,1.5171366112119753,0.28630379934375366
19995,0.5347727272727273,0,1,0,441827,163783,42253,65703,1.5171273481788876,0.2863050469309675
19996,0.5348333333333334,1,10,1,441837,163773,42254,65702,1.5170347178480121,0.2863144133347859
19997,0.5348809523809523,0,1,0,441838,163772,42254,65702,1.5170254548149247,0.286315661033494
19998,0.5349285714285714,1,0,1,441838,163772,42255,65701,1.5170254548149247,0.28631255093191793
19999,0.534952380952381,1,3,1,441841,163769,42256,65700,1.5169976657156619,0.2863131839159102
20000,0.5349999999999999,7,34,7,441875,163735,42263,65693,1.5166827225906852,0.28633383893857767
20001,0.535,220,1023,220,442898,162712,42483,65473,1.507206639742117,0.2869294651269803
20002,0.5350476190476191,0,1,0,442899,162711,42483,65473,1.5071973767090296,0.2869307225747642
20003,0.5350714285714284,0,1,0,442900,162710,42483,65473,1.507188113675942,0.28693198003356957
20004,0.5350952380952382,0,1,0,442901,162709,42483,65473,1.5071788506428545,0.2869332375033964
20005,0.5351031746031746,0,1,0,442902,162708,42483,65473,1.507169587609767,0.28693449498424495
20006,0.5351190476190476,0,1,0,442903,162707,42483,65473,1.5071603245766794,0.28693575247611536
20007,0.5351190476190477,0,1,0,442904,162706,42483,65473,1.507151061543592,0.28693700997900773
20008,0.5351428571428571,1,2,1,442906,162704,42484,65472,1.5071325354774168,0.2869363999719515
20009,0.5351666666666666,0,6,0,442912,162698,42484,65472,1.5070769572788913,0.28694394530394
20010,0.5351666666666667,1,11,1,442923,162687,42485,65471,1.5069750639149284,0.28695465423084004
20011,0.5351904761904761,0,5,0,442928,162682,42485,65471,1.5069287487494905,0.28696094287605245
20012,0.5351904761904762,0,2,0,442930,162680,42485,65471,1.5069102226833153,0.2869634584113153
20013,0.5352380952380952,0,1,0,442931,162679,42485,65471,1.5069009596502279,0.2869647161954854
20014,0.5352380952380953,0,3,0,442934,162676,42485,65471,1.5068731705509653,0.2869684896141523
20015,0.5352499999999999,0,2,0,442936,162674,42485,65471,1.5068546444847901,0.28697100528172875
20016,0.5352619047619047,0,1,0,442937,162673,42485,65471,1.5068453814517024,0.2869722631320569
20017,0.5352857142857144,0,2,0,442939,162671,42485,65471,1.5068268553855275,0.2869747788657941
20018,0.5353095238095238,0,1,0,442940,162670,42485,65471,1.5068175923524398,0.28697603674920336
20019,0.5353095238095239,0,1,0,442941,162669,42485,65471,1.5068083293193524,0.28697729464363986
20020,0.5353333333333332,0,1,0,442942,162668,42485,65471,1.5067990662862647,0.2869785525491038
20021,0.5353333333333333,3,14,3,442956,162654,42488,65468,1.506669383823039,0.28698678777145564
20022,0.5353333333333334,2,9,2,442965,162645,42490,65466,1.506586016525251,0.2869918592264292
20023,0.5353571428571429,0,1,0,442966,162644,42490,65466,1.5065767534921635,0.28699311735566174
20024,0.5353636363636363,0,2,0,442968,162642,42490,65466,1.5065582274259883,0.28699563364721975
20025,0.5353809523809524,0,1,0,442969,162641,42490,65466,1.5065489643929009,0.2869968918095455
20026,0.5353888888888889,0,1,0,442970,162640,42490,65466,1.5065397013598132,0.2869981499829027
20027,0.5354155844155846,1,1,1,442971,162639,42491,65465,1.5065304383267257,0.2869962823975029
20028,0.5354166666666667,1,4,1,442975,162635,42492,65464,1.5064933861943755,0.28699818938268035
20029,0.5354166666666668,0,3,0,442978,162632,42492,65464,1.5064655970951129,0.28700196408529743
20030,0.5354265734265734,0,1,0,442979,162631,42492,65464,1.5064563340620252,0.2870032223415682
20031,0.5354696969696969,0,1,0,442980,162630,42492,65464,1.5064470710289377,0.2870044806088718
20032,0.5354761904761904,1,6,1,442986,162624,42493,65463,1.5063914928304123,0.28700890449696825
20033,0.5354761904761905,0,2,0,442988,162622,42493,65463,1.5063729667642374,0.28701142118070017
20034,0.5354999999999999,0,1,0,442989,162621,42493,65463,1.5063637037311497,0.2870126795391172
20035,0.5355,3,8,3,442997,162613,42496,65460,1.5062895994664494,0.28701336852674364
20036,0.5355000000000001,1,6,1,443003,162607,42497,65459,1.506234021267924,0.28701779309498127
20037,0.5355238095238095,0,1,0,443004,162606,42497,65459,1.5062247582348365,0.2870190515861706
20038,0.5355238095238096,0,1,0,443005,162605,42497,65459,1.5062154952017488,0.28702031008839624
20039,0.5355555555555556,0,1,0,443006,162604,42497,65459,1.5062062321686613,0.28702156860165834
20040,0.5356190476190476,0,1,0,443007,162603,42497,65459,1.5061969691355737,0.287022827125957
20041,0.5356190476190477,0,1,0,443008,162602,42497,65459,1.5061877061024862,0.2870240856612924
20042,0.5356190476190479,1,1,1,443009,162601,42498,65458,1.5061784430693987,0.2870222179348327
20043,0.5356349206349207,0,1,0,443010,162600,42498,65458,1.506169180036311,0.2870234764840523
20044,0.5356666666666666,1,24,1,443034,162576,42499,65457,1.5059468672422098,0.2870505584718001
20045,0.5356666666666667,1,13,1,443047,162563,42500,65456,1.5058264478120715,0.28706379731513604
20046,0.5356944444444445,0,1,0,443048,162562,42500,65456,1.505817184778984,0.28706505626748763
20047,0.5357142857142857,3,18,3,443066,162544,42503,65453,1.505650450183408,0.28707833875007127
20048,0.5357142857142858,0,4,0,443070,162540,42503,65453,1.5056133980510578,0.2870833753667876
20049,0.5357222222222222,0,1,0,443071,162539,42503,65453,1.5056041350179703,0.28708463454858063
20050,0.5357619047619049,1,0,1,443071,162539,42504,65452,1.5056041350179703,0.2870815076033703
20051,0.5357857142857143,0,1,0,443072,162538,42504,65452,1.5055948719848826,0.28708276678801703
20052,0.5358333333333333,11,54,11,443126,162484,42515,65441,1.5050946681981547,0.28711637600087747
20053,0.5358333333333334,16,85,16,443211,162399,42531,65425,1.5043073103857127,0.28717343212304236
20054,0.5358809523809523,0,2,0,443213,162397,42531,65425,1.5042887843195376,0.2871759531564116
20055,0.535904761904762,0,1,0,443214,162396,42531,65425,1.50427952128645,0.28717721368969495
20056,0.5359365079365079,1,0,1,443214,162396,42532,65424,1.50427952128645,0.2871740848037925
20057,0.5359444444444444,0,1,0,443215,162395,42532,65424,1.5042702582533625,0.28717534533994094
20058,0.535952380952381,1,1,1,443216,162394,42533,65423,1.504260995220275,0.28717347695738243
20059,0.5359523809523811,0,3,0,443219,162391,42533,65423,1.5042332061210122,0.287177258640821
20060,0.535984126984127,0,1,0,443220,162390,42533,65423,1.5042239430879247,0.2871785192241005
20061,0.5359999999999999,1,9,1,443229,162381,42534,65422,1.5041405757901367,0.28718673590778
20062,0.536,20,108,20,443337,162273,42554,65402,1.503140168216681,0.2872603491819479
20063,0.5360454545454545,0,1,0,443338,162272,42554,65402,1.5031309051835933,0.2872616108997953
20064,0.5360476190476191,1,0,1,443338,162272,42555,65401,1.5031309051835933,0.28725848036438223
20065,0.5360530303030305,0,2,0,443340,162270,42555,65401,1.5031123791174181,0.2872610038169112
20066,0.5360714285714285,1,2,1,443342,162268,42556,65400,1.503093853051243,0.287260396718028
20067,0.5360833333333334,0,1,0,443343,162267,42556,65400,1.5030845900181555,0.2872616584748778
20068,0.5360952380952381,1,1,1,443344,162266,42557,65399,1.503075326985068,0.28725978960314497
20069,0.5360952380952382,0,1,0,443345,162265,42557,65399,1.5030660639519804,0.2872610513739546
20070,0.5361190476190476,0,1,0,443346,162264,42557,65399,1.503056800918893,0.28726231315584877
20071,0.5361666666666666,2,7,2,443353,162257,42559,65397,1.50299195968728,0.2872648844298804
20072,0.5361666666666667,0,7,0,443360,162250,42559,65397,1.5029271184556672,0.2872737176417875
20073,0.5361785714285714,2,1,2,443361,162249,42561,65395,1.5029178554225795,0.2872687178225651
20074,0.5361904761904761,0,1,0,443362,162248,42561,65395,1.502908592389492,0.28726997974899293
20075,0.5361904761904762,1,2,1,443364,162246,42562,65394,1.502890066323317,0.28726937269372693
20076,0.5362142857142856,0,2,0,443366,162244,42562,65394,1.5028715402571418,0.28727189660777197
20077,0.5362222222222222,0,4,0,443370,162240,42562,65394,1.5028344881247915,0.28727694456891323
20078,0.5362222222222224,0,1,0,443371,162239,42562,65394,1.502825225091704,0.28727820658691844
20079,0.5362261904761905,0,2,0,443373,162237,42562,65394,1.5028066990255289,0.2872807306561936
20080,0.5362316849816849,0,2,0,443375,162235,42562,65394,1.5027881729593537,0.2872832547698228
20081,0.53625,0,4,0,443379,162231,42562,65394,1.5027511208270037,0.28728830313014825
20082,0.5362727272727273,0,1,0,443380,162230,42562,65394,1.502741857793916,0.28728956524795274
20083,0.5362777777777779,1,0,1,443380,162230,42563,65393,1.502741857793916,0.28728643414769156
20084,0.5362857142857141,0,1,0,443381,162229,42563,65393,1.5027325947608285,0.28728769626837475
20085,0.5363095238095238,1,0,1,443381,162229,42564,65392,1.5027325947608285,0.28728456513239115
20086,0.5363333333333332,1,3,1,443384,162226,42565,65391,1.5027048056615657,0.2872852203482165
20087,0.5363333333333333,2,16,2,443400,162210,42567,65389,1.502556597132165,0.2872991533354716
20088,0.5363333333333334,1,3,1,443403,162207,42568,65388,1.5025288080329022,0.2872998088710209
20089,0.5363412698412698,0,1,0,443404,162206,42568,65388,1.5025195449998148,0.28730107120574355
20090,0.536351787101787,0,2,0,443406,162204,42568,65388,1.5025010189336396,0.28730359590846777
20091,0.5363809523809525,1,0,1,443406,162204,42569,65387,1.5025010189336396,0.28730046442961277
20092,0.5364166666666668,1,1,1,443407,162203,42570,65386,1.5024917559005522,0.28729859527481555
20093,0.5364285714285714,0,1,0,443408,162202,42570,65386,1.5024824928674645,0.2872998576374853
20094,0.5364285714285715,0,1,0,443409,162201,42570,65386,1.502473229834377,0.28730112001124847
20095,0.5364444444444444,0,1,0,443410,162200,42570,65386,1.5024639668012894,0.2873023823961052
20096,0.5364761904761904,1,1,1,443411,162199,42571,65385,1.502454703768202,0.2873005132170979
20097,0.5364999999999999,0,2,0,443413,162197,42571,65385,1.5024361777020268,0.28730303802585444
20098,0.5365,5,7,5,443420,162190,42576,65380,1.5023713364704139,0.2872962165487542
20099,0.5365000000000001,0,6,0,443426,162184,42576,65380,1.5023157582718885,0.28730379146086377
20100,0.536547619047619,0,8,0,443434,162176,42576,65380,1.5022416540071881,0.28731389196505475
20101,0.5365634920634921,0,1,0,443435,162175,42576,65380,1.5022323909741007,0.2873151545780141
20102,0.5366111111111111,1,4,1,443439,162171,42577,65379,1.5021953388417504,0.2873170731707317
20103,0.5366388888888889,0,1,0,443440,162170,42577,65379,1.5021860758086627,0.2873183358309639
20104,0.5366558441558441,0,1,0,443441,162169,42577,65379,1.5021768127755752,0.28731959850229405
20105,0.5366666666666666,75,352,75,443793,161817,42652,65304,1.4989162251287562,0.28752955473073827
20106,0.5366666666666667,44,204,44,443997,161613,42696,65260,1.497026566378895,0.28764991867696904
20107,0.5367142857142856,0,1,0,443998,161612,42696,65260,1.4970173033458076,0.28765118657216404
20108,0.53675,0,1,0,443999,161611,42696,65260,1.49700804031272,0.28765245447853627
20109,0.5367500000000001,0,2,0,444001,161609,42696,65260,1.4969895142465448,0.287654990324813
20110,0.5367777777777778,1,0,1,444001,161609,42697,65259,1.4969895142465448,0.2876518504152194
20111,0.5367857142857142,1,0,1,444001,161609,42698,65258,1.4969895142465448,0.2876487104779452
20112,0.5367857142857143,0,2,0,444003,161607,42698,65258,1.4969709881803699,0.28765124633592665
20113,0.5368333333333333,1,7,1,444010,161600,42699,65257,1.496906146948757,0.287656982151752
20114,0.5368333333333334,1,7,1,444017,161593,42700,65256,1.496841305717144,0.28766271837213303
20115,0.5368571428571428,1,3,1,444020,161590,42701,65255,1.4968135166178813,0.28766338248583834
20116,0.5368809523809525,1,2,1,444022,161588,42702,65254,1.4967949905517062,0.287662778497809
20117,0.5368888888888887,0,1,0,444023,161587,42702,65254,1.4967857275186187,0.28766404662296496
20118,0.5369047619047619,0,1,0,444024,161586,42702,65254,1.496776464485531,0.28766531475930174
20119,0.5369166666666666,1,0,1,444024,161586,42703,65253,1.496776464485531,0.287662174493804
20120,0.536952380952381,0,1,0,444025,161585,42703,65253,1.4967672014524436,0.28766344263306853
20121,0.5369761904761904,0,1,0,444026,161584,42703,65253,1.4967579384193561,0.28766471078351413
20122,0.5369999999999999,2,8,2,444034,161576,42705,65251,1.4966838341546556,0.2876685756104873
20123,0.537,11,30,11,444064,161546,42716,65240,1.496405943162029,0.2876720785233656
20124,0.5370000000000001,0,1,0,444065,161545,42716,65240,1.4963966801289414,0.2876733470026677
20125,0.5370238095238095,0,1,0,444066,161544,42716,65240,1.4963874170958538,0.2876746154931565
20126,0.537047619047619,1,2,1,444068,161542,42717,65239,1.4963688910296788,0.2876740114912625
20127,0.5370714285714286,0,2,0,444070,161540,42717,65239,1.4963503649635037,0.28767654853403535
20128,0.5370833333333332,0,2,0,444072,161538,42717,65239,1.4963318388973286,0.28767908562155775
20129,0.5371428571428571,1,12,1,444084,161526,42718,65238,1.496220682500278,0.2876911679102503
20130,0.5371428571428573,0,1,0,444085,161525,42718,65238,1.4962114194671903,0.28769243659679933
20131,0.5371666666666666,0,2,0,444087,161523,42718,65238,1.4961928934010151,0.2876949740034662
20132,0.5371666666666667,0,3,0,444090,161520,42718,65238,1.4961651043017525,0.28769878019739104
20133,0.5371904761904761,0,1,0,444091,161519,42718,65238,1.496155841268665,0.2877000489510798
20134,0.5372301587301588,3,1,3,444092,161518,42721,65235,1.4961465782355774,0.287691893822794
20135,0.5372380952380953,0,1,0,444093,161517,42721,65235,1.49613731520249,0.2876931625740898
20136,0.53725,0,1,0,444094,161516,42721,65235,1.4961280521694023,0.28769443133657624
20137,0.5373333333333332,2,9,2,444103,161507,42723,65233,1.4960446848716145,0.2876995677868925
20138,0.5373333333333333,5,32,5,444135,161475,42728,65228,1.4957482678128127,0.2877244676956194
20139,0.5373809523809523,0,1,0,444136,161474,42728,65228,1.495739004779725,0.287725736870429
20140,0.5373809523809524,0,4,0,444140,161470,42728,65228,1.495701952647375,0.2877308136816381
20141,0.5374444444444444,0,1,0,444141,161469,42728,65228,1.4956926896142873,0.2877320829124338
20142,0.537448051948052,0,1,0,444142,161468,42728,65228,1.4956834265811998,0.2877333521544271
20143,0.5374523809523811,0,2,0,444144,161466,42728,65228,1.4956649005150247,0.2877358906720072
20144,0.5375,58,299,58,444443,161167,42786,65170,1.4928952536218458,0.2879334797227144
20145,0.5375000000000001,2,12,2,444455,161155,42788,65168,1.4927840972247952,0.28794245392646795
20146,0.5375238095238096,0,1,0,444456,161154,42788,65168,1.4927748341917078,0.2879437261954207
20147,0.537547619047619,0,1,0,444457,161153,42788,65168,1.49276557115862,0.2879449984756165
20148,0.5375714285714285,0,2,0,444459,161151,42788,65168,1.4927470450924452,0.28794754306973785
20149,0.5375714285714287,0,1,0,444460,161150,42788,65168,1.4927377820593575,0.2879488153836637
20150,0.5375833333333333,0,1,0,444461,161149,42788,65168,1.49272851902627,0.2879500877088332
20151,0.5375833333333334,0,1,0,444462,161148,42788,65168,1.4927192559931823,0.28795136004524646
20152,0.537595238095238,0,1,0,444463,161147,42788,65168,1.4927099929600949,0.2879526323929037
20153,0.5376190476190476,0,2,0,444465,161145,42788,65168,1.4926914668939197,0.28795517712195057
20154,0.5376190476190477,1,3,1,444468,161142,42789,65167,1.4926636777946571,0.2879558479777649
20155,0.5376428571428571,0,2,0,444470,161140,42789,65167,1.492645151728482,0.2879583928026972
20156,0.5376587301587302,0,1,0,444471,161139,42789,65167,1.4926358886953943,0.287959665232031
20157,0.5376666666666666,6,22,6,444493,161117,42795,65161,1.4924321019674682,0.2879687817640248
20158,0.5376666666666667,1,10,1,444503,161107,42796,65160,1.4923394716365928,0.28797836184684467
20159,0.5376666666666668,0,1,0,444504,161106,42796,65160,1.492330208603505,0.2879796345893771
20160,0.5376904761904763,0,1,0,444505,161105,42796,65160,1.4923209455704176,0.28798090734315956
20161,0.5377142857142856,0,5,0,444510,161100,42796,65160,1.4922746304049799,0.28798727128082735
20162,0.5377142857142857,0,1,0,444511,161099,42796,65160,1.4922653673718922,0.28798854410211305
20163,0.5377222222222222,0,2,0,444513,161097,42796,65160,1.492246841305717,0.2879910897784378
20164,0.5377380952380952,1,0,1,444513,161097,42797,65159,1.492246841305717,0.2879879428611838
20165,0.53775,1,0,1,444513,161097,42798,65158,1.492246841305717,0.28798479591611237
20166,0.5377777777777778,0,1,0,444514,161096,42798,65158,1.4922375782726296,0.28798606875458554
20167,0.5377857142857143,1,0,1,444514,161096,42799,65157,1.4922375782726296,0.28798292177341295
20168,0.5378333333333333,1,13,1,444527,161083,42800,65156,1.4921171588424913,0.28799632247313683
20169,0.5378333333333334,1,1,1,444528,161082,42801,65155,1.4921078958094038,0.2879944482997918
20170,0.5378333333333335,0,1,0,444529,161081,42801,65155,1.4920986327763164,0.2879957212822009
20171,0.5378452380952381,1,2,1,444531,161079,42802,65154,1.4920801067101412,0.2879951200753206
20172,0.5378571428571428,0,5,0,444536,161074,42802,65154,1.4920337915447035,0.2880014852272928
20173,0.5378571428571429,1,2,1,444538,161072,42803,65153,1.4920152654785284,0.28800088407558844
20174,0.5378769841269839,0,1,0,444539,161071,42803,65153,1.4920060024454407,0.28800215715397126
20175,0.5378809523809523,0,4,0,444543,161067,42803,65153,1.4919689503130906,0.2880072495800548
20176,0.5378928571428571,0,1,0,444544,161066,42803,65153,1.491959687280003,0.2880085227147145
20177,0.5379166666666666,0,3,0,444547,161063,42803,65153,1.4919318981807403,0.28801234218622906
20178,0.5379166666666667,0,1,0,444548,161062,42803,65153,1.4919226351476527,0.28801361536591297
20179,0.5379285714285714,0,1,0,444549,161061,42803,65153,1.4919133721145652,0.28801488855685325
20180,0.5379285714285715,0,2,0,444551,161059,42803,65153,1.49189484604839,0.28801743497250365
20181,0.5379761904761905,0,1,0,444552,161058,42803,65153,1.4918855830153026,0.2880187081972141
20182,0.5379999999999999,11,66,11,444618,160992,42814,65142,1.4912742228315239,0.2880681365915784
20183,0.538,0,5,0,444623,160987,42814,65142,1.4912279076660861,0.2880745061447227
20184,0.5380833333333334,0,1,0,444624,160986,42814,65142,1.4912186446329987,0.288075780089153
20185,0.5380912698412699,0,2,0,444626,160984,42814,65142,1.4912001185668236,0.28807832801181643
20186,0.5380952380952381,0,2,0,444628,160982,42814,65142,1.4911815925006484,0.28808087597955107
20187,0.5381219336219337,0,2,0,444630,160980,42814,65142,1.4911630664344733,0.2880834239923581
20188,0.5381428571428571,0,1,0,444631,160979,42814,65142,1.4911538034013858,0.28808469801566416
20189,0.5381666666666666,0,1,0,444632,160978,42814,65142,1.4911445403682981,0.28808597205023884
20190,0.5381666666666667,3,11,3,444643,160967,42817,65139,1.4910426470043352,0.28809054160438025
20191,0.5381666666666668,0,1,0,444644,160966,42817,65139,1.4910333839712475,0.28809181574932
20192,0.5381904761904761,0,1,0,444645,160965,42817,65139,1.49102412093816,0.2880930899055302
20193,0.5382023809523809,1,0,1,444645,160965,42818,65138,1.49102412093816,0.288089941309934
20194,0.5382142857142856,1,2,1,444647,160963,42819,65137,1.491005594871985,0.28808934099955774
20195,0.53825,0,1,0,444648,160962,42819,65137,1.4909963318388972,0.28809061517299944
20196,0.5382727272727272,0,1,0,444649,160961,42819,65137,1.4909870688058098,0.2880918893577121
20197,0.5382857142857143,0,2,0,444651,160959,42819,65137,1.4909685427396346,0.2880944377609511
20198,0.5383214285714286,0,1,0,444652,160958,42819,65137,1.4909592797065472,0.28809571197947764
20199,0.5383333333333333,56,324,56,444976,160634,42875,65081,1.4879580569861794,0.28833263185875996
20200,0.5383333333333334,0,6,0,444982,160628,42875,65081,1.4879024787876542,0.2883402965765654
20201,0.5383650793650794,1,0,1,444982,160628,42876,65080,1.4879024787876542,0.28833714356602336
20202,0.5383809523809524,1,1,1,444983,160627,42877,65079,1.4878932157545666,0.288335268003509
20203,0.5383928571428571,0,1,0,444984,160626,42877,65079,1.487883952721479,0.2883365454907955
20204,0.5384047619047618,0,2,0,444986,160624,42877,65079,1.487865426655304,0.28833910049932876
20205,0.5384166666666667,0,4,0,444990,160620,42877,65079,1.4878283745229537,0.28834421065224036
20206,0.5384285714285716,1,1,1,444991,160619,42878,65078,1.4878191114898662,0.28834233507755974
20207,0.5384404761904762,0,1,0,444992,160618,42878,65078,1.4878098484567788,0.2883436126471005
20208,0.5384523809523809,0,1,0,444993,160617,42878,65078,1.487800585423691,0.2883448902279625
20209,0.538452380952381,0,2,0,444995,160615,42878,65078,1.487782059357516,0.2883474454236507
20210,0.5384999999999999,0,1,0,444996,160614,42878,65078,1.4877727963244285,0.2883487230384772
20211,0.5385,9,25,9,445021,160589,42887,65069,1.4875412204972396,0.2883522853167182
20212,0.5385000000000001,0,1,0,445022,160588,42887,65069,1.4875319574641521,0.2883535631511542
20213,0.5385000000000002,0,2,0,445024,160586,42887,65069,1.487513431397977,0.2883561188540028
20214,0.538531746031746,0,1,0,445025,160585,42887,65069,1.4875041683648893,0.2883573967224157
20215,0.5385714285714285,0,1,0,445026,160584,42887,65069,1.4874949053318018,0.28835867460215464
20216,0.5385714285714286,1,3,1,445029,160581,42888,65068,1.4874671162325392,0.28835935457281
20217,0.5385833333333333,0,1,0,445030,160580,42888,65068,1.4874578531994516,0.28836063248954125
20218,0.5385873015873015,0,1,0,445031,160579,42888,65068,1.487448590166364,0.2883619104175992
20219,0.5385952380952381,0,1,0,445032,160578,42888,65068,1.4874393271332764,0.28836318835698393
20220,0.5386111111111112,0,1,0,445033,160577,42888,65068,1.487430064100189,0.28836446630769574
20221,0.5386111111111113,0,1,0,445034,160576,42888,65068,1.4874208010671015,0.2883657442697346
20222,0.5386190476190474,0,6,0,445040,160570,42888,65068,1.487365222868576,0.2883734122798465
20223,0.5386666666666666,5,31,5,445071,160539,42893,65063,1.487078068842862,0.2883972659816846
20224,0.5386666666666667,0,5,0,445076,160534,42893,65063,1.4870317536774242,0.28840365785006006
20225,0.5386904761904762,2,2,2,445078,160532,42895,65061,1.487013227611249,0.2883999060254529
20226,0.5387142857142857,1,2,1,445080,160530,42896,65060,1.486994701545074,0.2883993084799858
20227,0.5387222222222222,0,1,0,445081,160529,42896,65060,1.4869854385119863,0.2884005869080496
20228,0.5387261904761904,0,1,0,445082,160528,42896,65060,1.4869761754788988,0.28840186534744755
20229,0.53875,0,8,0,445090,160520,42896,65060,1.4869020712141985,0.28841209327068
20230,0.5387500000000001,0,1,0,445091,160519,42896,65060,1.4868928081811108,0.2884133718120924
20231,0.5387619047619048,0,2,0,445093,160517,42896,65060,1.4868742821149357,0.2884159289289245
20232,0.5387619047619049,0,2,0,445095,160515,42896,65060,1.4868557560487605,0.28841848609110055
20233,0.5387857142857143,0,3,0,445098,160512,42896,65060,1.486827966949498,0.28842232191938716
20234,0.5388095238095238,0,3,0,445101,160509,42896,65060,1.4868001778502353,0.28842615784970455
20235,0.5388333333333333,1,10,1,445111,160499,42897,65059,1.4867075475193596,0.28843579035104056
20236,0.5388333333333334,0,4,0,445115,160495,42897,65059,1.4866704953870096,0.2884409055037818
20237,0.5388333333333335,1,0,1,445115,160495,42898,65058,1.4866704953870096,0.2884377507725457
20238,0.5388968253968255,0,2,0,445117,160493,42898,65058,1.4866519693208344,0.2884403084003174
20239,0.5389365079365079,0,2,0,445119,160491,42898,65058,1.4866334432546593,0.28844286607344743
20240,0.538952380952381,0,2,0,445121,160489,42898,65058,1.4866149171884842,0.28844542379193694
20241,0.5389615384615385,1,0,1,445121,160489,42899,65057,1.4866149171884842,0.2884422689828239
20242,0.5389642857142857,0,1,0,445122,160488,42899,65057,1.4866056541553967,0.2884435478507615
20243,0.5389999999999999,2,1,2,445123,160487,42901,65055,1.486596391122309,0.2884385169946174
20244,0.539,11,64,11,445187,160423,42912,65044,1.4860035570047057,0.2884856763961023
20245,0.5390317460317461,1,2,1,445189,160421,42913,65043,1.4859850309385305,0.28848507965794984
20246,0.539047619047619,2,4,2,445193,160417,42915,65041,1.4859479788061802,0.2884838861340028
20247,0.5390476190476191,0,1,0,445194,160416,42915,65041,1.4859387157730928,0.28848516568569615
20248,0.539060606060606,0,1,0,445195,160415,42915,65041,1.485929452740005,0.28848644524874034
20249,0.5390833333333334,0,1,0,445196,160414,42915,65041,1.4859201897069176,0.28848772482313545
20250,0.5391666666666666,0,1,0,445197,160413,42915,65041,1.4859109266738302,0.28848900440888164
20251,0.5391666666666667,19,89,19,445286,160324,42934,65022,1.4850865167290377,0.2885429517275656
20252,0.5391904761904762,0,4,0,445290,160320,42934,65022,1.4850494645966876,0.28854807359480256
20253,0.5392142857142858,1,0,1,445290,160320,42935,65021,1.4850494645966876,0.28854491637118856
20254,0.5392261904761905,0,1,0,445291,160319,42935,65021,1.4850402015636,0.28854619685808114
20255,0.5392301587301587,0,1,0,445292,160318,42935,65021,1.4850309385305125,0.2885474773563387
20256,0.5392301587301589,0,1,0,445293,160317,42935,65021,1.4850216754974248,0.28854875786596135
20257,0.5392380952380952,0,1,0,445294,160316,42935,65021,1.4850124124643374,0.2885500383869493
20258,0.5392424242424242,0,1,0,445295,160315,42935,65021,1.4850031494312497,0.28855131891930275
20259,0.53925,1,2,1,445297,160313,42936,65020,1.4849846233650748,0.28855072270816967
20260,0.5392857142857143,1,14,1,445311,160299,42937,65019,1.484854940901849,0.28856549410166965
20261,0.5392857142857144,0,1,0,445312,160298,42937,65019,1.4848456778687613,0.28856677481060017
20262,0.5393181818181819,0,1,0,445313,160297,42937,65019,1.4848364148356739,0.2885680555308988
20263,0.5393214285714286,0,1,0,445314,160296,42937,65019,1.4848271518025862,0.28856933626256576
20264,0.5393333333333333,6,40,6,445354,160256,42943,65013,1.484456630479084,0.28860162738770095
20265,0.5393571428571429,0,1,0,445355,160255,42943,65013,1.4844473674459966,0.28860290853561094
20266,0.5393809523809524,0,1,0,445356,160254,42943,65013,1.484438104412909,0.2886041896948954
20267,0.5394047619047619,0,1,0,445357,160253,42943,65013,1.4844288413798215,0.2886054708655545
20268,0.5394444444444444,0,1,0,445358,160252,42943,65013,1.4844195783467338,0.2886067520475884
20269,0.5394523809523809,0,1,0,445359,160251,42943,65013,1.4844103153136463,0.2886080332409972
20270,0.539452380952381,0,1,0,445360,160250,42943,65013,1.4844010522805589,0.28860931444578114
20271,0.5394660894660894,0,1,0,445361,160249,42943,65013,1.4843917892474712,0.2886105956619403
20272,0.5394761904761904,0,2,0,445363,160247,42943,65013,1.484373263181296,0.28861315812838495
20273,0.5395,2,7,2,445370,160240,42945,65011,1.4843084219496832,0.2886158108066113
20274,0.539515873015873,1,0,1,445370,160240,42946,65010,1.4843084219496832,0.2886126526082131
20275,0.5395238095238095,1,2,1,445372,160238,42947,65009,1.484289895883508,0.2886120569863306
20276,0.5395396825396825,0,2,0,445374,160236,42947,65009,1.484271369817333,0.2886146196363959
20277,0.5395634920634921,0,1,0,445375,160235,42947,65009,1.4842621067842454,0.28861590097849443
20278,0.5395833333333333,2,3,2,445378,160232,42949,65007,1.4842343176849828,0.28861342840271886
20279,0.5396190476190477,0,1,0,445379,160231,42949,65007,1.4842250546518951,0.28861470977366166
20280,0.5396212121212122,0,1,0,445380,160230,42949,65007,1.4842157916188077,0.28861599115598235
20281,0.5396428571428571,0,2,0,445382,160228,42949,65007,1.4841972655526325,0.2886185539547584
20282,0.5396428571428572,1,3,1,445385,160225,42950,65006,1.48416947645337,0.28861923980269144
20283,0.5396666666666666,1,4,1,445389,160221,42951,65005,1.4841324243210197,0.28862120714304745
20284,0.5396666666666667,4,19,4,445408,160202,42955,65001,1.4839564266923562,0.28863292229677223
20285,0.5396746031746033,1,3,1,445411,160199,42956,65000,1.4839286375930936,0.28863360849737346
20286,0.5397142857142857,0,8,0,445419,160191,42956,65000,1.483854533328393,0.28864386232131833
20287,0.5397619047619048,1,2,1,445421,160189,42957,64999,1.4838360072622179,0.28864326695916304
20288,0.5397857142857142,0,2,0,445423,160187,42957,64999,1.4838174811960427,0.28864583055785
20289,0.5397857142857143,0,1,0,445424,160186,42957,64999,1.4838082181629553,0.28864711237427004
20290,0.5398333333333333,0,5,0,445429,160181,42957,64999,1.4837619029975175,0.28865352162714275
20291,0.5398333333333334,1,6,1,445435,160175,42958,64998,1.4837063247989921,0.2886580540295684
20292,0.5399166666666667,0,1,0,445436,160174,42958,64998,1.4836970617659047,0.28865933597427745
20293,0.5399166666666668,0,1,0,445437,160173,42958,64998,1.483687798732817,0.2886606179303729
20294,0.5399206349206349,0,3,0,445440,160170,42958,64998,1.4836600096335544,0.2886644638669793
20295,0.5399444444444444,0,1,0,445441,160169,42958,64998,1.483650746600467,0.288665745868622
20296,0.5399999999999999,8,30,8,445471,160139,42966,64990,1.4833728556078403,0.2886789351882698
20297,0.54,513,2581,513,448052,157558,43479,64477,1.4594649672088629,0.2903911545477064
20298,0.5400000000000001,0,1,0,448053,157557,43479,64477,1.4594557041757754,0.2903924624156661
20299,0.5400238095238094,0,1,0,448054,157556,43479,64477,1.4594464411426877,0.29039377029540653
20300,0.5400476190476191,0,1,0,448055,157555,43479,64477,1.4594371781096003,0.290395078186928
20301,0.5400833333333332,0,1,0,448056,157554,43479,64477,1.4594279150765126,0.29039638609023066
20302,0.5400952380952381,0,3,0,448059,157551,43479,64477,1.45940012597725,0.2904003098708271
20303,0.5401111111111111,0,1,0,448060,157550,43479,64477,1.4593908629441625,0.29040161782125595
20304,0.5401190476190476,1,0,1,448060,157550,43480,64476,1.4593908629441625,0.2903984218064551
20305,0.5401428571428571,0,3,0,448063,157547,43480,64476,1.4593630738448997,0.29040234570292267
20306,0.5401666666666667,2,17,2,448080,157530,43482,64474,1.4592056022824114,0.29041819066323127
20307,0.5401785714285715,0,2,0,448082,157528,43482,64474,1.4591870762162362,0.2904208070197566
20308,0.54017966673849,0,7,0,448089,157521,43482,64474,1.4591222349846233,0.29042996463884324
20309,0.5401904761904762,0,2,0,448091,157519,43482,64474,1.4591037089184482,0.2904325812075155
20310,0.5402023809523808,0,1,0,448092,157518,43482,64474,1.4590944458853607,0.29043388950953186
20311,0.5402222222222223,0,1,0,448093,157517,43482,64474,1.459085182852273,0.29043519782333516
20312,0.5402380952380952,0,1,0,448094,157516,43482,64474,1.4590759198191856,0.29043650614892563
20313,0.5402380952380953,0,1,0,448095,157515,43482,64474,1.4590666567860981,0.2904378144863034
20314,0.54025,0,1,0,448096,157514,43482,64474,1.4590573937530105,0.2904391228354686
20315,0.5402777777777777,0,2,0,448098,157512,43482,64474,1.4590388676868353,0.290441739569162
20316,0.5402777777777779,0,1,0,448099,157511,43482,64474,1.4590296046537479,0.2904430479536906
20317,0.5402857142857141,0,1,0,448100,157510,43482,64474,1.4590203416206602,0.2904443563500072
20318,0.5402857142857144,0,1,0,448101,157509,43482,64474,1.4590110785875727,0.2904456647581121
20319,0.5403095238095239,0,2,0,448103,157507,43482,64474,1.4589925525213976,0.29044828160968733
20320,0.5403333333333332,1,5,1,448108,157502,43483,64473,1.4589462373559599,0.290451627435522
20321,0.5403333333333333,4,25,4,448133,157477,43487,64469,1.458714661528771,0.2904715561442873
20322,0.5403571428571429,1,3,1,448136,157474,43488,64468,1.4586868724295083,0.29047228555208116
20323,0.5403809523809524,0,2,0,448138,157472,43488,64468,1.4586683463633332,0.2904749031269713
20324,0.5403928571428571,0,1,0,448139,157471,43488,64468,1.4586590833302457,0.2904762119321075
20325,0.5404047619047619,0,1,0,448140,157470,43488,64468,1.458649820297158,0.29047752074903804
20326,0.5404098124098123,0,3,0,448143,157467,43488,64468,1.4586220311978955,0.29048144727059727
20327,0.5404166666666667,0,2,0,448145,157465,43488,64468,1.4586035051317203,0.2904840650106113
20328,0.5404166666666668,0,2,0,448147,157463,43488,64468,1.4585849790655452,0.29048668279780654
20329,0.5404285714285715,2,2,2,448149,157461,43490,64466,1.45856645299937,0.2904829065413402
20330,0.5404523809523809,0,3,0,448152,157458,43490,64466,1.4585386639001074,0.2904868333303293
20331,0.5404761904761904,0,2,0,448154,157456,43490,64466,1.4585201378339323,0.2904894512486369
20332,0.5404761904761906,0,5,0,448159,157451,43490,64466,1.4584738226684946,0.29049599625085054
20333,0.5404807692307692,2,0,2,448159,157451,43492,64464,1.4584738226684946,0.2904896018745916
20334,0.5404999999999999,0,1,0,448160,157450,43492,64464,1.458464559635407,0.29049091089340917
20335,0.5405,5,21,5,448181,157429,43497,64459,1.4582700359405685,0.2905024156331122
20336,0.5405000000000001,2,3,2,448184,157426,43499,64457,1.4582422468413057,0.29049994817088287
20337,0.5405317460317459,2,1,2,448185,157425,43501,64455,1.4582329838082182,0.29049486208761494
20338,0.5405357142857143,0,1,0,448186,157424,43501,64455,1.4582237207751305,0.2904961713366294
20339,0.5405476190476192,0,1,0,448187,157423,43501,64455,1.458214457742043,0.29049748059744546
20340,0.5405555555555555,0,1,0,448188,157422,43501,64455,1.4582051947089556,0.29049878987006317
20341,0.5405555555555556,1,4,1,448192,157418,43502,64454,1.4581681425766053,0.29050082930698784
20342,0.5405833333333332,0,1,0,448193,157417,43502,64454,1.4581588795435176,0.2905021386301049
20343,0.5405833333333333,0,2,0,448195,157415,43502,64454,1.4581403534773427,0.290504757311747
20344,0.5405833333333334,1,2,1,448197,157413,43503,64453,1.4581218274111676,0.29050417819765084
20345,0.5406111111111112,0,1,0,448198,157412,43503,64453,1.45811256437808,0.2905054875712708
20346,0.5406666666666666,4,24,4,448222,157388,43507,64449,1.4578902515839787,0.2905241235682055
20347,0.5406666666666667,4,11,4,448233,157377,43511,64445,1.4577883582200155,0.29052573685207056
20348,0.5407142857142857,0,8,0,448241,157369,43511,64445,1.4577142539553152,0.2905362150270046
20349,0.5407222222222222,0,1,0,448242,157368,43511,64445,1.4577049909222275,0.290537524852015
20350,0.5407575757575758,0,1,0,448243,157367,43511,64445,1.45769572788914,0.29053883468883557
20351,0.5407619047619048,0,1,0,448244,157366,43511,64445,1.4576864648560524,0.29054014453746657
20352,0.5408333333333333,12,47,12,448291,157319,43523,64433,1.4572511023009374,0.2905633320105343
20353,0.5408333333333334,11,58,11,448349,157261,43534,64422,1.4567138463818592,0.2906041509723344
20354,0.5408571428571429,0,1,0,448350,157260,43534,64422,1.4567045833487717,0.290605461877825
20355,0.5408809523809524,0,1,0,448351,157259,43534,64422,1.4566953203156843,0.2906067727951426
20356,0.5408809523809525,0,1,0,448352,157258,43534,64422,1.4566860572825966,0.29060808372428726
20357,0.5409523809523809,0,1,0,448353,157257,43534,64422,1.4566767942495091,0.2906093946652592
20358,0.540952380952381,0,2,0,448355,157255,43534,64422,1.456658268183334,0.2906120165826856
20359,0.5409523809523811,0,4,0,448359,157251,43534,64422,1.4566212160509837,0.29061726055947273
20360,0.5409999999999999,1,1,1,448360,157250,43535,64421,1.4566119530178963,0.2906153714288292
20361,0.541,14,55,14,448415,157195,43549,64407,1.4561024861980807,0.29064268373029123
20362,0.541047619047619,1,0,1,448415,157195,43550,64406,1.4561024861980807,0.2906394826738147
20363,0.5410833333333334,0,1,0,448416,157194,43550,64406,1.4560932231649932,0.2906407942238267
20364,0.5410952380952381,0,1,0,448417,157193,43550,64406,1.4560839601319056,0.29064210578567595
20365,0.5411190476190475,0,1,0,448418,157192,43550,64406,1.456074697098818,0.29064341735936244
20366,0.5411428571428571,0,1,0,448419,157191,43550,64406,1.4560654340657304,0.29064472894488647
20367,0.5411666666666667,0,7,0,448426,157184,43550,64406,1.4560005928341175,0.2906539103750169
20368,0.5411666666666668,0,3,0,448429,157181,43550,64406,1.455972803734855,0.2906578454512223
20369,0.5411904761904762,1,6,1,448435,157175,43551,64405,1.4559172255363295,0.29066251466738874
20370,0.5412380952380953,0,1,0,448436,157174,43551,64405,1.455907962503242,0.2906638264456469
20371,0.54125,1,2,1,448438,157172,43552,64404,1.455889436437067,0.290663248727299
20372,0.5412500000000001,0,1,0,448439,157171,43552,64404,1.4558801734039795,0.2906645605325511
20373,0.5412539682539681,0,1,0,448440,157170,43552,64404,1.4558709103708918,0.2906658723496439
20374,0.5412575757575757,0,1,0,448441,157169,43552,64404,1.4558616473378043,0.29066718417857773
20375,0.5412619047619049,1,3,1,448444,157166,43553,64403,1.4558338582385417,0.290667918345978
20376,0.5412820512820512,0,1,0,448445,157165,43553,64403,1.455824595205454,0.2906692302137493
20377,0.5412857142857144,0,2,0,448447,157163,43553,64403,1.455806069139279,0.29067185398481715
20378,0.5413333333333332,2,6,2,448453,157157,43555,64401,1.4557504909407537,0.2906733225611352
20379,0.5413333333333333,5,26,5,448479,157131,43560,64396,1.4555096520804773,0.2906914281329138
20380,0.5413333333333334,4,4,4,448483,157127,43564,64392,1.455472599948127,0.2906838691037789
20381,0.5413611111111112,1,0,1,448483,157127,43565,64391,1.455472599948127,0.2906806670338302
20382,0.5413636363636364,0,1,0,448484,157126,43565,64391,1.4554633369150394,0.2906819792611854
20383,0.5413809523809524,0,1,0,448485,157125,43565,64391,1.455454073881952,0.29068329150038824
20384,0.5414047619047619,0,2,0,448487,157123,43565,64391,1.4554355478157768,0.2906859160143377
20385,0.5414166666666668,1,2,1,448489,157121,43566,64390,1.4554170217496016,0.2906853384256312
20386,0.5414285714285714,0,2,0,448491,157119,43566,64390,1.4553984956834265,0.29068796301730404
20387,0.5414285714285715,1,1,1,448492,157118,43567,64389,1.455389232650339,0.2906860731263572
20388,0.5414761904761904,1,0,1,448492,157118,43568,64388,1.455389232650339,0.2906828708928878
20389,0.5414999999999999,0,1,0,448493,157117,43568,64388,1.4553799696172516,0.29068418320128214
20390,0.5415,6,17,6,448510,157100,43574,64382,1.455222498054763,0.2906872793274397
20391,0.5415000000000001,0,4,0,448514,157096,43574,64382,1.455185445922413,0.2906925292805606
20392,0.5415238095238095,0,1,0,448515,157095,43574,64382,1.4551761828893253,0.2906938417984712
20393,0.5415238095238096,0,1,0,448516,157094,43574,64382,1.4551669198562378,0.29069515432823423
20394,0.5415357142857143,0,2,0,448518,157092,43574,64382,1.4551483937900627,0.2906977794233183
20395,0.541547619047619,0,4,0,448522,157088,43574,64382,1.4551113416577124,0.2907030297557231
20396,0.5415714285714287,0,1,0,448523,157087,43574,64382,1.455102078624625,0.2907043423684579
20397,0.5415833333333333,0,1,0,448524,157086,43574,64382,1.4550928155915372,0.2907056549930464
20398,0.5416111111111112,0,1,0,448525,157085,43574,64382,1.4550835525584498,0.29070696762948883
20399,0.5416428571428572,0,1,0,448526,157084,43574,64382,1.455074289525362,0.2907082802777853
20400,0.5416666666666665,0,1,0,448527,157083,43574,64382,1.4550650264922746,0.290709592937936
20401,0.5416666666666666,28,182,28,448709,156901,43602,64354,1.4533791544703398,0.2908589636392398
20402,0.5416666666666667,30,110,30,448819,156791,43632,64324,1.4523602208307087,0.29090744635144605
20403,0.5417857142857143,1,4,1,448823,156787,43633,64323,1.4523231686983586,0.2909095020577993
20404,0.5417857142857144,0,1,0,448824,156786,43633,64323,1.452313905665271,0.2909108177414759
20405,0.5418095238095237,0,1,0,448825,156785,43633,64323,1.4523046426321835,0.2909121334370534
20406,0.5418095238095239,0,2,0,448827,156783,43633,64323,1.4522861165660084,0.29091476486391143
20407,0.5418116883116882,0,1,0,448828,156782,43633,64323,1.452276853532921,0.2909160805951923
20408,0.5418253968253969,1,0,1,448828,156782,43634,64322,1.452276853532921,0.29091287357985385
20409,0.5418333333333333,2,7,2,448835,156775,43636,64320,1.452212012301308,0.29091566973472943
20410,0.5418333333333334,1,19,1,448854,156756,43637,64319,1.4520360146726443,0.29093746466131404
20411,0.5419047619047618,0,2,0,448856,156754,43637,64319,1.4520174886064694,0.2909400967101365
20412,0.5419047619047619,0,1,0,448857,156753,43637,64319,1.4520082255733817,0.2909414127524065
20413,0.5419444444444445,0,2,0,448859,156751,43637,64319,1.4519896995072066,0.2909440448726648
20414,0.5419722222222222,0,2,0,448861,156749,43637,64319,1.4519711734410314,0.2909466770405486
20415,0.5419880952380952,0,1,0,448862,156748,43637,64319,1.451961910407944,0.29094799314235054
20416,0.5419999999999999,0,6,0,448868,156742,43637,64319,1.4519063322094186,0.29095589000321176
20417,0.542,15,58,15,448926,156684,43652,64304,1.4513690762903404,0.290984125834887
20418,0.5420000000000001,0,1,0,448927,156683,43652,64304,1.451359813257253,0.29098544258259534
20419,0.5420238095238095,0,1,0,448928,156682,43652,64304,1.4513505502241655,0.2909867593422208
20420,0.5420238095238096,0,1,0,448929,156681,43652,64304,1.4513412871910778,0.29098807611376337
20421,0.5420833333333334,0,1,0,448930,156680,43652,64304,1.4513320241579903,0.2909893928972233
20422,0.5420952380952382,0,3,0,448933,156677,43652,64304,1.4513042350587275,0.29099334331910887
20423,0.5421111111111111,1,0,1,448933,156677,43653,64303,1.4513042350587275,0.2909901348538329
20424,0.5421190476190476,1,1,1,448934,156676,43654,64302,1.45129497202564,0.29098824317352856
20425,0.5421428571428571,2,6,2,448940,156670,43656,64300,1.4512393938271146,0.29098972711227766
20426,0.5421666666666666,0,3,0,448943,156667,43656,64300,1.451211604727852,0.2909936777889911
20427,0.5421666666666667,1,4,1,448947,156663,43657,64299,1.4511745525955018,0.2909957368235262
20428,0.5421904761904761,0,3,0,448950,156660,43657,64299,1.4511467634962392,0.29099968772487206
20429,0.5421904761904763,0,1,0,448951,156659,43657,64299,1.4511375004631517,0.29100100471582835
20430,0.5422142857142856,0,1,0,448952,156658,43657,64299,1.451128237430064,0.29100232171870544
20431,0.5422222222222223,0,1,0,448953,156657,43657,64299,1.4511189743969766,0.2910036387335035
20432,0.5422857142857143,0,1,0,448954,156656,43657,64299,1.4511097113638889,0.29100495576022267
20433,0.5422857142857144,0,1,0,448955,156655,43657,64299,1.4511004483308014,0.2910062727988631
20434,0.542297619047619,0,3,0,448958,156652,43657,64299,1.4510726592315388,0.2910102239863137
20435,0.5423333333333332,2,7,2,448965,156645,43659,64297,1.451007817999926,0.2910130260430339
20436,0.5423333333333333,6,21,6,448986,156624,43665,64291,1.4508132943050873,0.2910214335830523
20437,0.5423333333333334,0,1,0,448987,156623,43665,64291,1.4508040312719996,0.2910227509347529
20438,0.5423654401154402,0,1,0,448988,156622,43665,64291,1.4507947682389122,0.2910240682983799
20439,0.5423809523809523,0,1,0,448989,156621,43665,64291,1.4507855052058245,0.2910253856739335
20440,0.5423809523809524,2,2,2,448991,156619,43667,64289,1.4507669791396496,0.29102160175276587
20441,0.5423809523809525,1,2,1,448993,156617,43668,64288,1.4507484530734744,0.29102102713836264
20442,0.5424047619047618,1,0,1,448993,156617,43669,64287,1.4507484530734744,0.29101781769456414
20443,0.542404761904762,0,1,0,448994,156616,43669,64287,1.4507391900403868,0.29101913509549443
20444,0.5424166666666667,0,2,0,448996,156614,43669,64287,1.4507206639742116,0.29102176993313744
20445,0.5424166666666668,0,1,0,448997,156613,43669,64287,1.4507114009411242,0.2910230873698506
20446,0.5424484126984127,0,1,0,448998,156612,43669,64287,1.4507021379080367,0.29102440481849173
20447,0.542468253968254,0,2,0,449000,156610,43669,64287,1.4506836118418616,0.2910270397515584
20448,0.5424761904761904,0,1,0,449001,156609,43669,64287,1.4506743488087739,0.29102835723598436
20449,0.5424761904761906,0,1,0,449002,156608,43669,64287,1.4506650857756864,0.29102967473233887
20450,0.5425,58,284,58,449286,156324,43727,64229,1.448034384378821,0.2912179838859594
20451,0.5425000000000001,3,6,3,449292,156318,43730,64226,1.4479788061802956,0.2912162652350551
20452,0.5425119047619048,0,1,0,449293,156317,43730,64226,1.4479695431472082,0.29121758568623807
20453,0.5425238095238095,0,1,0,449294,156316,43730,64226,1.4479602801141205,0.2912189061493956
20454,0.542531746031746,0,1,0,449295,156315,43730,64226,1.447951017081033,0.29122022662452784
20455,0.5425769230769231,0,1,0,449296,156314,43730,64226,1.4479417540479456,0.29122154711163506
20456,0.5425833333333333,1,1,1,449297,156313,43731,64225,1.4479324910148579,0.2912196537558153
20457,0.5425952380952381,1,3,1,449300,156310,43732,64224,1.4479047019155953,0.29122040138935495
20458,0.5426190476190476,0,3,0,449303,156307,43732,64224,1.4478769128163327,0.29122436301472354
20459,0.5426190476190477,0,2,0,449305,156305,43732,64224,1.4478583867501575,0.29122700415818326
20460,0.5426428571428571,0,1,0,449306,156304,43732,64224,1.4478491237170699,0.2912283247478778
20461,0.5426666666666666,4,36,4,449342,156268,43736,64220,1.447515654525918,0.29126301658140125
20462,0.5426666666666667,0,6,0,449348,156262,43736,64220,1.4474600763273926,0.2912709427526964
20463,0.5426904761904762,2,1,2,449349,156261,43738,64218,1.4474508132943051,0.2912658348414135
20464,0.5427063492063493,1,4,1,449353,156257,43739,64217,1.4474137611619549,0.2912679046055317
20465,0.5427142857142857,0,2,0,449355,156255,43739,64217,1.4473952350957797,0.2912705468268079
20466,0.5427261904761904,0,4,0,449359,156251,43739,64217,1.4473581829634294,0.2912758314131756
20467,0.5427380952380951,0,1,0,449360,156250,43739,64217,1.447348919930342,0.29127715258972997
20468,0.5427460317460318,0,2,0,449362,156248,43739,64217,1.4473303938641668,0.2912797949787948
20469,0.5427705627705628,0,1,0,449363,156247,43739,64217,1.4473211308310794,0.2912811161913056
20470,0.5427777777777778,0,3,0,449366,156244,43739,64217,1.4472933417318166,0.2912850799007534
20471,0.5427857142857142,0,2,0,449368,156242,43739,64217,1.4472748156656416,0.2912877224336498
20472,0.5427976190476191,0,1,0,449369,156241,43739,64217,1.447265552632554,0.29128904371807784
20473,0.5428333333333333,1,4,1,449373,156237,43740,64216,1.4472285005002037,0.29129111420574905
20474,0.5428333333333334,0,4,0,449377,156233,43740,64216,1.4471914483678536,0.29129639962077397
20475,0.5428571428571428,2,6,2,449383,156227,43742,64214,1.4471358701693282,0.29129789830385455
20476,0.5428690476190476,0,1,0,449384,156226,43742,64214,1.4471266071362408,0.2912992197423335
20477,0.5428787878787878,0,1,0,449385,156225,43742,64214,1.447117344103153,0.29130054119280163
20478,0.5428809523809524,1,0,1,449385,156225,43743,64213,1.447117344103153,0.2912973262323193
20479,0.5428939393939394,0,1,0,449386,156224,43743,64213,1.4471080810700656,0.29129864768618696
20480,0.5429047619047619,0,1,0,449387,156223,43743,64213,1.447098818036978,0.29129996915204415
20481,0.5429166666666666,0,1,0,449388,156222,43743,64213,1.4470895550038905,0.2913012906298909
20482,0.5429166666666667,1,1,1,449389,156221,43744,64212,1.447080291970803,0.2912993970957162
20483,0.5429285714285714,0,1,0,449390,156220,43744,64212,1.4470710289377153,0.2913007185889526
20484,0.542952380952381,0,1,0,449391,156219,43744,64212,1.4470617659046279,0.29130204009417915
20485,0.5429682539682539,0,1,0,449392,156218,43744,64212,1.4470525028715402,0.2913033616113959
20486,0.5429999999999999,12,28,12,449420,156190,43756,64200,1.4467931379450887,0.29130178320250466
20487,0.543,2,4,2,449424,156186,43758,64198,1.4467560858127386,0.2913006388848555
20488,0.5430000000000001,0,3,0,449427,156183,43758,64198,1.4467282967134758,0.2913046042989187
20489,0.5430555555555555,0,1,0,449428,156182,43758,64198,1.4467190336803883,0.29130592612759776
20490,0.5430555555555556,0,2,0,449430,156180,43758,64198,1.4467005076142132,0.291308569820944
20491,0.5430952380952381,0,2,0,449432,156178,43758,64198,1.446681981548038,0.2913112135622754
20492,0.5431111111111111,0,1,0,449433,156177,43758,64198,1.4466727185149506,0.2913125354509359
20493,0.5431111111111112,0,3,0,449436,156174,43758,64198,1.4466449294156878,0.2913165011888988
20494,0.5431428571428573,0,1,0,449437,156173,43758,64198,1.4466356663826003,0.2913178231255474
20495,0.5431666666666666,0,11,0,449448,156162,43758,64198,1.4465337730186372,0.2913323652205482
20496,0.5431666666666667,0,2,0,449450,156160,43758,64198,1.446515246952462,0.29133500939380463
20497,0.5431944444444444,0,1,0,449451,156159,43758,64198,1.4465059839193746,0.2913363314984321
20498,0.5432142857142856,3,1,3,449452,156158,43761,64195,1.4464967208862871,0.2913280055184182
20499,0.5432142857142859,0,1,0,449453,156157,43761,64195,1.4464874578531994,0.2913293276212605
20500,0.5432362637362637,0,1,0,449454,156156,43761,64195,1.446478194820112,0.29133064973610284
20501,0.54325,0,1,0,449455,156155,43761,64195,1.4464689317870243,0.2913319718629453
20502,0.5432619047619048,0,1,0,449456,156154,43761,64195,1.4464596687539368,0.2913332940017881
20503,0.5432857142857143,0,3,0,449459,156151,43761,64195,1.4464318796546742,0.29133726049031977
20504,0.5433333333333333,117,528,117,449987,155623,43878,64078,1.4415409981844456,0.29166002885740167
20505,0.5433409090909092,0,1,0,449988,155622,43878,64078,1.441531735151358,0.2916613563950842
20506,0.5433809523809523,0,2,0,449990,155620,43878,64078,1.4415132090851828,0.2916640115067047
20507,0.5433809523809524,0,1,0,449991,155619,43878,64078,1.4415039460520953,0.2916653390806429
20508,0.5434126984126983,1,1,1,449992,155618,43879,64077,1.4414946830190078,0.2916634424998293
20509,0.5434166666666667,0,1,0,449993,155617,43879,64077,1.4414854199859202,0.291664770089306
20510,0.5434285714285715,0,2,0,449995,155615,43879,64077,1.441466893919745,0.2916674253045172
20511,0.5434444444444444,0,1,0,449996,155614,43879,64077,1.4414576308866576,0.291668752930252
20512,0.5434523809523809,0,1,0,449997,155613,43879,64077,1.44144836785357,0.2916700805680732
20513,0.5434761904761904,0,1,0,449998,155612,43879,64077,1.4414391048204824,0.2916714082179809
20514,0.5435,5,28,5,450026,155584,43884,64072,1.441179739894031,0.2916924645809812
20515,0.5435000000000001,0,1,0,450027,155583,43884,64072,1.4411704768609432,0.2916937925382987
20516,0.5435230880230881,2,2,2,450029,155581,43886,64070,1.4411519507947683,0.29168999913499144
20517,0.5435238095238095,0,2,0,450031,155579,43886,64070,1.4411334247285932,0.2916926550997273
20518,0.5435357142857142,0,1,0,450032,155578,43886,64070,1.4411241616955055,0.2916939831002331
20519,0.5435714285714285,0,3,0,450035,155575,43886,64070,1.441096372596243,0.291697967174304
20520,0.5435714285714286,1,11,1,450046,155564,43887,64069,1.4409944792322797,0.29170935150910837
20521,0.5435833333333333,0,1,0,450047,155563,43887,64069,1.4409852161991923,0.2917106796823778
20522,0.5435833333333334,0,1,0,450048,155562,43887,64069,1.4409759531661046,0.2917120078677418
20523,0.5436111111111112,0,2,0,450050,155560,43887,64069,1.4409574270999297,0.29171466427475423
20524,0.5436190476190476,0,1,0,450051,155559,43887,64069,1.440948164066842,0.291715992496403
20525,0.5436190476190477,0,1,0,450052,155558,43887,64069,1.4409389010337545,0.291717320730147
20526,0.5436666666666666,4,25,4,450077,155533,43891,64065,1.4407073252065656,0.2917376296687584
20527,0.5436666666666667,2,4,2,450081,155529,43893,64063,1.4406702730742154,0.2917364931327189
20528,0.5436666666666669,0,1,0,450082,155528,43893,64063,1.440661010041128,0.2917378216775733
20529,0.543674603174603,0,1,0,450083,155527,43893,64063,1.4406517470080402,0.291739150234528
20530,0.5436904761904762,0,1,0,450084,155526,43893,64063,1.4406424839749528,0.29174047880358306
20531,0.54375,2,11,2,450095,155515,43895,64061,1.4405405906109896,0.29174864283892593
20532,0.5437619047619049,0,1,0,450096,155514,43895,64061,1.4405313275779021,0.2917499715359217
20533,0.5437698412698412,0,3,0,450099,155511,43895,64061,1.4405035384786395,0.2917539576995245
20534,0.5437857142857143,0,1,0,450100,155510,43895,64061,1.4404942754455519,0.29175528644493126
20535,0.5438095238095237,0,5,0,450105,155505,43895,64061,1.4404479602801141,0.29176193035351555
20536,0.5438095238095239,0,3,0,450108,155502,43895,64061,1.4404201711808515,0.2917659168439127
20537,0.5438333333333333,1,10,1,450118,155492,43896,64060,1.4403275408499758,0.29177598017781664
20538,0.5438333333333334,1,1,1,450119,155491,43897,64059,1.4403182778168884,0.29177408335231153
20539,0.5438809523809525,1,0,1,450119,155491,43898,64058,1.4403182778168884,0.2917708575306651
20540,0.5439166666666666,0,2,0,450121,155489,43898,64058,1.4402997517507132,0.29177351546593666
20541,0.5439166666666667,0,2,0,450123,155487,43898,64058,1.440281225684538,0.29177617344963447
20542,0.5439285714285714,0,1,0,450124,155486,43898,64058,1.4402719626514506,0.2917775024596436
20543,0.5439285714285715,0,1,0,450125,155485,43898,64058,1.440262699618363,0.2917788314817598
20544,0.5439761904761905,1,0,1,450125,155485,43899,64057,1.440262699618363,0.29177560557888693
20545,0.5439999999999999,1,3,1,450128,155482,43900,64056,1.4402349105191004,0.29177636673377727
20546,0.544,12,84,12,450212,155398,43912,64044,1.4394568157397458,0.29184932692921134
20547,0.544047619047619,0,1,0,450213,155397,43912,64044,1.4394475527066584,0.29185065689638673
20548,0.5440714285714285,1,1,1,450214,155396,43913,64043,1.4394382896735707,0.2918487597920151
20549,0.5440833333333334,0,1,0,450215,155395,43913,64043,1.4394290266404832,0.2918500897747883
20550,0.5441190476190477,0,1,0,450216,155394,43913,64043,1.4394197636073955,0.2918514197696833
20551,0.5441309523809523,1,0,1,450216,155394,43914,64042,1.4394197636073955,0.29184819263931167
20552,0.5441428571428572,0,1,0,450217,155393,43914,64042,1.439410500574308,0.29184952263768316
20553,0.5441547619047619,0,1,0,450218,155392,43914,64042,1.4394012375412204,0.2918508526481767
20554,0.5441666666666666,1,3,1,450221,155389,43915,64041,1.4393734484419578,0.29185161554937794
20555,0.5441666666666667,29,129,29,450350,155260,43944,64012,1.4381785171736634,0.29192965814148636
20556,0.5442063492063491,3,1,3,450351,155259,43947,64009,1.4381692541405757,0.29192130178594233
20557,0.544222222222222,2,2,2,450353,155257,43949,64007,1.4381507280744006,0.29191750583771164
20558,0.5442301587301587,0,1,0,450354,155256,43949,64007,1.4381414650413131,0.29191883719551404
20559,0.5442380952380952,0,2,0,450356,155254,43949,64007,1.438122938975138,0.29192149994755107
20560,0.54425,0,1,0,450357,155253,43949,64007,1.4381136759420505,0.291922831341786
20561,0.5442777777777777,0,1,0,450358,155252,43949,64007,1.4381044129089628,0.2919241627481654
20562,0.5442857142857143,2,9,2,450367,155243,43951,64005,1.4380210456111748,0.29192968692986937
20563,0.5442857142857144,0,1,0,450368,155242,43951,64005,1.4380117825780874,0.29193101844038916
20564,0.5443217893217895,0,2,0,450370,155240,43951,64005,1.4379932565119122,0.2919336814978677
20565,0.5443333333333333,7,25,7,450395,155215,43958,63998,1.4377616806847233,0.2919443646134125
20566,0.5443333333333334,0,1,0,450396,155214,43958,63998,1.4377524176516359,0.29194569640348156
20567,0.5443362193362193,0,1,0,450397,155213,43958,63998,1.4377431546185484,0.29194702820570134
20568,0.5443571428571429,0,3,0,450400,155210,43958,63998,1.4377153655192856,0.291951023685267
20569,0.544404761904762,1,5,1,450405,155205,43959,63997,1.4376690503538478,0.29195445297031963
20570,0.5444166666666667,0,1,0,450406,155204,43959,63997,1.4376597873207604,0.2919557848732442
20571,0.5445,3,20,3,450426,155184,43962,63994,1.4374745266590092,0.29197273448977545
20572,0.5445238095238095,0,1,0,450427,155183,43962,63994,1.4374652636259218,0.29197406662195396
20573,0.5445555555555556,0,1,0,450428,155182,43962,63994,1.437456000592834,0.29197539876628825
20574,0.5445714285714286,0,1,0,450429,155181,43962,63994,1.4374467375597466,0.2919767309227786
20575,0.5445793650793651,0,2,0,450431,155179,43962,63994,1.4374282114935715,0.2919793952722279
20576,0.5445833333333333,0,7,0,450438,155172,43962,63994,1.4373633702619586,0.2919887208782384
20577,0.5445873015873016,0,2,0,450440,155170,43962,63994,1.4373448441957835,0.29199138544651493
20578,0.5446428571428571,1,2,1,450442,155168,43963,63993,1.4373263181296083,0.29199081953449746
20579,0.5446666666666665,0,3,0,450445,155165,43963,63993,1.4372985290303457,0.2919948165250641
20580,0.5446666666666666,4,28,4,450473,155137,43967,63989,1.4370391641038942,0.29201920356324673
20581,0.5447142857142857,0,2,0,450475,155135,43967,63989,1.437020638037719,0.2920218688961501
20582,0.5447619047619048,0,1,0,450476,155134,43967,63989,1.4370113750046316,0.29202320158084727
20583,0.5448333333333333,1,6,1,450482,155128,43968,63988,1.4369557968061062,0.2920279669216306
20584,0.5448333333333334,2,15,2,450497,155113,43970,63986,1.436816851309793,0.29204149722271666
20585,0.5448333333333335,0,6,0,450503,155107,43970,63986,1.4367612731112676,0.29204949496332605
20586,0.5448452380952381,0,1,0,450504,155106,43970,63986,1.43675201007818,0.29205082796268234
20587,0.5448571428571428,0,1,0,450505,155105,43970,63986,1.4367427470450924,0.29205216097420705
20588,0.5448571428571429,0,2,0,450507,155103,43970,63986,1.4367242209789173,0.2920548270337625
20589,0.544857142857143,0,1,0,450508,155102,43970,63986,1.4367149579458298,0.29205616008179364
20590,0.5448809523809524,1,0,1,450508,155102,43971,63985,1.4367149579458298,0.29205292874520167
20591,0.5448928571428572,1,0,1,450508,155102,43972,63984,1.4367149579458298,0.2920496973791114
20592,0.5449999999999999,5,18,5,450526,155084,43977,63979,1.4365482233502538,0.29205753595997497
20593,0.545,217,965,217,451491,154119,44194,63762,1.4276093964207641,0.2926459856527187
20594,0.5450476190476191,0,1,0,451492,154118,44194,63762,1.4276001333876764,0.29264732880484673
20595,0.5450595238095238,1,0,1,451492,154118,44195,63761,1.4276001333876764,0.2926440822658448
20596,0.5450833333333334,0,1,0,451493,154117,44195,63761,1.427590870354589,0.2926454254215662
20597,0.5451148018648019,0,2,0,451495,154115,44195,63761,1.4275723442884138,0.2926481117699976
20598,0.5451190476190476,0,6,0,451501,154109,44195,63761,1.4275167660898884,0.2926561711112131
20599,0.5451309523809524,2,0,2,451501,154109,44197,63759,1.4275167660898884,0.29264967778654966
20600,0.5451666666666666,0,2,0,451503,154107,44197,63759,1.4274982400237133,0.2926523642973204
20601,0.5451666666666667,4,10,4,451513,154097,44201,63755,1.4274056096928378,0.29265281016469896
20602,0.5452380952380952,0,1,0,451514,154096,44201,63755,1.4273963466597503,0.2926541535269519
20603,0.5452380952380953,0,1,0,451515,154095,44201,63755,1.4273870836266627,0.29265549690153775
20604,0.5452619047619048,2,0,2,451515,154095,44203,63753,1.4273870836266627,0.29264900297455104
20605,0.5452777777777778,0,1,0,451516,154094,44203,63753,1.4273778205935752,0.29265034634399373
20606,0.5452857142857144,0,2,0,451518,154092,44203,63753,1.4273592945274,0.29265303311987884
20607,0.5453333333333332,0,3,0,451521,154089,44203,63753,1.4273315054281375,0.29265706337620845
20608,0.5453333333333333,5,22,5,451543,154067,44208,63748,1.4271277187002112,0.29267038541881873
20609,0.5453571428571429,1,4,1,451547,154063,44209,63747,1.4270906665678609,0.29267251274046185
20610,0.5453809523809524,1,2,1,451549,154061,44210,63746,1.427072140501686,0.29267195269206225
20611,0.5454166666666667,2,6,2,451555,154055,44212,63744,1.4270165623031605,0.2926735200804411
20612,0.5454444444444444,1,0,1,451555,154055,44213,63743,1.4270165623031605,0.2926702724542925
20613,0.5454761904761904,0,1,0,451556,154054,44213,63743,1.427007299270073,0.292671616229792
20614,0.5454761904761906,0,8,0,451564,154046,44213,63743,1.4269331950053725,0.29268236687803334
20615,0.5454999999999999,0,1,0,451565,154045,44213,63743,1.426923931972285,0.29268371076459676
20616,0.5455,4,9,4,451574,154036,44217,63739,1.426840564674497,0.29268281483182185
20617,0.5455000000000001,2,3,2,451577,154033,44219,63737,1.4268127755752344,0.29268035082885613
20618,0.5455238095238095,1,0,1,451577,154033,44220,63736,1.4268127755752344,0.29267710280159254
20619,0.5455357142857143,0,1,0,451578,154032,44220,63736,1.4268035125421468,0.2926784467874068
20620,0.5455555555555556,0,3,0,451581,154029,44220,63736,1.4267757234428842,0.2926824788189103
20621,0.5455952380952381,0,1,0,451582,154028,44220,63736,1.4267664604097965,0.29268382285409894
20622,0.5456190476190476,0,1,0,451583,154027,44220,63736,1.426757197376709,0.2926851669016316
20623,0.5456190476190477,0,1,0,451584,154026,44220,63736,1.4267479343436216,0.29268651096150844
20624,0.5456428571428572,0,1,0,451585,154025,44220,63736,1.426738671310534,0.2926878550337296
20625,0.5456666666666665,0,1,0,451586,154024,44220,63736,1.4267294082774464,0.2926891991182954
20626,0.5456666666666666,5,22,5,451608,154002,44225,63731,1.4265256215495201,0.29270253016308967
20627,0.5456666666666667,0,11,0,451619,153991,44225,63731,1.4264237281855572,0.29271731841522675
20628,0.5457142857142857,5,5,5,451624,153986,44230,63726,1.4263774130201192,0.29270779745719117
20629,0.5457142857142858,0,1,0,451625,153985,44230,63726,1.4263681499870318,0.2927091419358691
20630,0.5457222222222222,1,0,1,451625,153985,44231,63725,1.4263681499870318,0.2927058931606265
20631,0.5457857142857142,0,2,0,451627,153983,44231,63725,1.4263496239208566,0.29270858213754203
20632,0.5458333333333332,0,1,0,451628,153982,44231,63725,1.4263403608877692,0.29270992664452683
20633,0.5458333333333333,12,48,12,451676,153934,44243,63713,1.4258957352995665,0.29273548452310394
20634,0.5458333333333334,10,61,10,451737,153873,44253,63703,1.4253306902812257,0.29278504982167153
20635,0.5458455433455434,0,1,0,451738,153872,44253,63703,1.425321427248138,0.29278639549580604
20636,0.5458571428571428,2,0,2,451738,153872,44255,63701,1.425321427248138,0.2927798945641233
20637,0.5458611111111111,0,1,0,451739,153871,44255,63701,1.4253121642150506,0.29278124023311825
20638,0.5458730158730158,0,1,0,451740,153870,44255,63701,1.4253029011819631,0.2927825859144831
20639,0.5458809523809524,2,3,2,451743,153867,44257,63699,1.4252751120827003,0.29278012189404595
20640,0.5458888888888889,0,2,0,451745,153865,44257,63699,1.4252565860165252,0.2927828133330882
20641,0.5458928571428572,0,1,0,451746,153864,44257,63699,1.4252473229834377,0.2927841590711656
20642,0.545904761904762,0,1,0,451747,153863,44257,63699,1.4252380599503502,0.2927855048216141
20643,0.5459444444444445,0,1,0,451748,153862,44257,63699,1.4252287969172626,0.29278685058443377
20644,0.5459523809523809,0,1,0,451749,153861,44257,63699,1.425219533884175,0.29278819635962494
20645,0.545952380952381,0,2,0,451751,153859,44257,63699,1.425201007818,0.29279088794712216
20646,0.5459523809523811,0,1,0,451752,153858,44257,63699,1.4251917447849123,0.2927922337594286
20647,0.5459999999999999,0,8,0,451760,153850,44257,63699,1.425117640520212,0.29280300070328985
20648,0.546,22,104,22,451864,153746,44279,63677,1.4241542850791062,0.2928714993353969
20649,0.5460238095238094,0,1,0,451865,153745,44279,63677,1.4241450220460188,0.29287284635409483
20650,0.5460595238095238,0,1,0,451866,153744,44279,63677,1.424135759012931,0.29287419338518356
20651,0.5460714285714285,0,1,0,451867,153743,44279,63677,1.4241264959798436,0.29287554042866343
20652,0.5460714285714287,1,3,1,451870,153740,44280,63676,1.424098706880581,0.2928763292489973
20653,0.546095238095238,1,0,1,451870,153740,44281,63675,1.424098706880581,0.29287307683462505
20654,0.5460952380952382,0,1,0,451871,153739,44281,63675,1.4240894438474934,0.2928744239101438
20655,0.5461666666666666,0,1,0,451872,153738,44281,63675,1.424080180814406,0.2928757709980544
20656,0.5461666666666667,2,7,2,451879,153731,44283,63673,1.424015339582793,0.2928786958841604
20657,0.5461904761904761,0,1,0,451880,153730,44283,63673,1.4240060765497053,0.2928800430536837
20658,0.5461904761904762,1,1,1,451881,153729,44284,63672,1.4239968135166179,0.2928781376350615
20659,0.5462023809523808,0,1,0,451882,153728,44284,63672,1.4239875504835304,0.29287948482060716
20660,0.5462070984570984,1,1,1,451883,153727,44285,63671,1.4239782874504427,0.29287757937055536
20661,0.5462222777222778,2,0,2,451883,153727,44287,63669,1.4239782874504427,0.29287107398480194
20662,0.5462380952380953,0,1,0,451884,153726,44287,63669,1.4239690244173553,0.2928724211688401
20663,0.5462499999999999,1,2,1,451886,153724,44288,63668,1.4239504983511801,0.292871862810039
20664,0.54625,1,3,1,451889,153721,44289,63667,1.4239227092519176,0.2928726516643053
20665,0.5462857142857144,0,1,0,451890,153720,44289,63667,1.4239134462188299,0.29287399890517835
20666,0.546297619047619,1,0,1,451890,153720,44290,63666,1.4239134462188299,0.2928707460462035
20667,0.5463095238095238,0,3,0,451893,153717,44290,63666,1.4238856571195673,0.29287478781689463
20668,0.5463134920634921,1,1,1,451894,153716,44291,63665,1.4238763940864796,0.2928728821746151
20669,0.5463333333333332,0,5,0,451899,153711,44291,63665,1.4238300789210419,0.2928796187251583
20670,0.5463333333333333,3,9,3,451908,153702,44294,63662,1.4237467116232538,0.29288198597743875
20671,0.5463333333333334,0,3,0,451911,153699,44294,63662,1.4237189225239912,0.2928860283123467
20672,0.5463571428571429,0,2,0,451913,153697,44294,63662,1.423700396457816,0.29288872326427706
20673,0.5463888888888888,0,1,0,451914,153696,44294,63662,1.4236911334247286,0.29289007075884027
20674,0.5464166666666667,0,1,0,451915,153695,44294,63662,1.423681870391641,0.29289141826580234
20675,0.5464285714285714,0,4,0,451919,153691,44294,63662,1.423644818259291,0.2928968084176432
20676,0.5464285714285715,0,1,0,451920,153690,44294,63662,1.4236355552262032,0.2928981559866024
20677,0.5464523809523809,0,5,0,451925,153685,44294,63662,1.4235892400607655,0.2929048940174007
20678,0.5465,5,21,5,451946,153664,44299,63657,1.4233947163659268,0.2929169293349469
20679,0.5465000000000001,2,4,2,451950,153660,44301,63655,1.4233576642335766,0.29291581345052115
20680,0.546547619047619,0,1,0,451951,153659,44301,63655,1.423348401200489,0.2929171613425734
20681,0.5465555555555556,0,1,0,451952,153658,44301,63655,1.4233391381674014,0.2929185092470308
20682,0.5465714285714285,0,1,0,451953,153657,44301,63655,1.423329875134314,0.2929198571638934
20683,0.546590909090909,1,0,1,451953,153657,44302,63654,1.423329875134314,0.2929166033932935
20684,0.5466645021645021,0,1,0,451954,153656,44302,63654,1.4233206121012265,0.29291795131379134
20685,0.5466666666666665,0,3,0,451957,153653,44302,63654,1.4232928230019637,0.29292199514971906
20686,0.5466666666666666,86,328,86,452285,153325,44388,63568,1.420254548149246,0.2930846085396947
20687,0.5466666666666667,46,204,46,452489,153121,44434,63522,1.418364889399385,0.29321048914573744
20688,0.5466785714285715,0,2,0,452491,153119,44434,63522,1.4183463633332098,0.29321319602475987
20689,0.5466904761904762,0,1,0,452492,153118,44434,63522,1.4183371003001222,0.2932145494830133
20690,0.5467023809523809,0,1,0,452493,153117,44434,63522,1.4183278372670347,0.29321590295376176
20691,0.5467142857142857,1,2,1,452495,153115,44435,63521,1.4183093112008596,0.293215347403017
20692,0.5467380952380952,0,2,0,452497,153113,44435,63521,1.4182907851346844,0.29321805441435783
20693,0.54675,0,2,0,452499,153111,44435,63521,1.4182722590685093,0.29322076147568227
20694,0.5467857142857142,0,2,0,452501,153109,44435,63521,1.4182537330023344,0.29322346858699166
20695,0.5467857142857143,0,5,0,452506,153104,44435,63521,1.4182074178368964,0.29323023658395847
20696,0.5468095238095239,0,1,0,452507,153103,44435,63521,1.418198154803809,0.2932315902208435
20697,0.5468333333333333,0,5,0,452512,153098,44435,63521,1.4181518396383712,0.29323835859273656
20698,0.5468333333333334,2,5,2,452517,153093,44437,63519,1.4181055244729335,0.2932386017395158
20699,0.5468888888888889,0,3,0,452520,153090,44437,63519,1.4180777353736707,0.2932426630472418
20700,0.5469001096942273,1,0,1,452520,153090,44438,63518,1.4180777353736707,0.2932394002068252
20701,0.546904761904762,0,1,0,452521,153089,44438,63518,1.4180684723405832,0.29324075399225324
20702,0.5469230769230768,0,2,0,452523,153087,44438,63518,1.418049946274408,0.2932434616006094
20703,0.546952380952381,0,2,0,452525,153085,44438,63518,1.418031420208233,0.29324616925896685
20704,0.5469999999999999,1,3,1,452528,153082,44439,63517,1.4180036311089703,0.29324696789920546
20705,0.547,13,20,13,452548,153062,44452,63504,1.4178183704472191,0.2932316245394014
20706,0.5470714285714287,0,3,0,452551,153059,44452,63504,1.4177905813479565,0.2932356866131334
20707,0.5470833333333333,0,2,0,452553,153057,44452,63504,1.4177720552817814,0.29323839472481195
20708,0.5470833333333334,0,2,0,452555,153055,44452,63504,1.4177535292156063,0.2932411028865113
20709,0.5470833333333335,0,1,0,452556,153054,44452,63504,1.4177442661825188,0.29324245698611917
20710,0.547095238095238,1,1,1,452557,153053,44453,63503,1.4177350031494313,0.29324054747963574
20711,0.5471071428571429,1,0,1,452557,153053,44454,63502,1.4177350031494313,0.2932372838308975
20712,0.5471190476190476,0,2,0,452559,153051,44454,63502,1.4177164770832562,0.2932399920573716
20713,0.5471428571428572,2,8,2,452567,153043,44456,63500,1.4176423728185557,0.2932442978992625
20714,0.5471568627450981,0,1,0,452568,153042,44456,63500,1.4176331097854682,0.2932456521136777
20715,0.5471666666666666,2,14,2,452582,153028,44458,63498,1.4175034273222424,0.29325808447946206
20716,0.5471666666666667,0,13,0,452595,153015,44458,63498,1.4173830078921041,0.2932756924526472
20717,0.5471666666666668,0,2,0,452597,153013,44458,63498,1.417364481825929,0.29327840155927415
20718,0.5471746031746032,0,1,0,452598,153012,44458,63498,1.4173552187928415,0.29327975613135654
20719,0.5471825396825396,0,1,0,452599,153011,44458,63498,1.417345955759754,0.29328111071595175
20720,0.5471904761904762,0,1,0,452600,153010,44458,63498,1.4173366927266664,0.29328246531306
20721,0.5472142857142858,0,3,0,452603,153007,44458,63498,1.4173089036274038,0.2932865291794647
20722,0.5472222222222222,0,2,0,452605,153005,44458,63498,1.4172903775612287,0.29328923848630273
20723,0.54725,0,1,0,452606,153004,44458,63498,1.417281114528141,0.29329059315849276
20724,0.5473333333333332,2,8,2,452614,152996,44460,63496,1.4172070102634406,0.29329490235204997
20725,0.5473333333333333,2,28,2,452642,152968,44462,63494,1.4169476453369891,0.293326311315612
20726,0.5473333333333334,0,5,0,452647,152963,44462,63494,1.4169013301715514,0.29333308694105525
20727,0.5473492063492064,0,1,0,452648,152962,44462,63494,1.4168920671384637,0.293334442103707
20728,0.5473571428571429,0,2,0,452650,152960,44462,63494,1.4168735410722888,0.2933371524665749
20729,0.5473809523809523,0,2,0,452652,152958,44462,63494,1.4168550150061137,0.2933398628795299
20730,0.5473809523809524,0,2,0,452654,152956,44462,63494,1.4168364889399385,0.29334257334257335
20731,0.5473928571428571,1,2,1,452656,152954,44463,63493,1.4168179628737634,0.29334201906240326
20732,0.5474285714285714,1,0,1,452656,152954,44464,63492,1.4168179628737634,0.2933387542389326
20733,0.5474285714285715,0,1,0,452657,152953,44464,63492,1.416808699840676,0.29334010949663886
20734,0.5474523809523809,0,2,0,452659,152951,44464,63492,1.4167901737745008,0.2933428200496205
20735,0.5474545454545454,0,4,0,452663,152947,44464,63492,1.4167531216421505,0.29334824130586445
20736,0.5474563492063492,0,2,0,452665,152945,44464,63492,1.4167345955759754,0.2933509520091297
20737,0.5474999999999999,3,6,3,452671,152939,44467,63489,1.4166790173774502,0.29334928937106103
20738,0.5475,70,262,70,452933,152677,44537,63419,1.4142521027085109,0.29347604768251145
20739,0.5475000000000001,2,4,2,452937,152673,44539,63417,1.4142150505761606,0.2934749409968069
20740,0.5475119047619048,2,3,2,452940,152670,44541,63415,1.414187261476898,0.2934724761089386
20741,0.547547619047619,0,1,0,452941,152669,44541,63415,1.4141779984438105,0.2934738342496437
20742,0.5475476190476191,0,1,0,452942,152668,44541,63415,1.4141687354107229,0.29347519240291925
20743,0.5475783383283384,0,3,0,452945,152665,44541,63415,1.4141409463114603,0.29347926693817106
20744,0.5476190476190476,0,4,0,452949,152661,44541,63415,1.41410389417911,0.29348469982783837
20745,0.5476190476190477,1,1,1,452950,152660,44542,63414,1.4140946311460225,0.293482788304007
20746,0.5476349206349207,0,2,0,452952,152658,44542,63414,1.4140761050798474,0.29348550483172275
20747,0.5476428571428571,0,1,0,452953,152657,44542,63414,1.4140668420467597,0.2934868631144392
20748,0.5476666666666666,4,20,4,452973,152637,44546,63410,1.4138815813850087,0.29350095118191877
20749,0.5476666666666667,4,11,4,452984,152626,44550,63406,1.4137796880210456,0.29350281439786696
20750,0.5476785714285716,0,1,0,452985,152625,44550,63406,1.4137704249879581,0.2935041730122066
20751,0.5476904761904763,1,1,1,452986,152624,44551,63405,1.4137611619548704,0.29350226127047757
20752,0.5477142857142856,0,1,0,452987,152623,44551,63405,1.413751898921783,0.29350361990112395
20753,0.5477380952380952,0,1,0,452988,152622,44551,63405,1.4137426358886953,0.29350497854434865
20754,0.5477777777777778,1,0,1,452988,152622,44552,63404,1.4137426358886953,0.29350170812772536
20755,0.5478253968253969,0,3,0,452991,152619,44552,63404,1.4137148467894327,0.293505784106322
20756,0.5478333333333333,0,6,0,452997,152613,44552,63404,1.4136592685909075,0.29351393640315343
20757,0.5478333333333334,0,3,0,453000,152610,44552,63404,1.4136314794916447,0.2935180127213977
20758,0.5478571428571428,2,5,2,453005,152605,44554,63402,1.413585164326207,0.2935182656117626
20759,0.5478809523809524,0,2,0,453007,152603,44554,63402,1.4135666382600318,0.2935209833105715
20760,0.5479047619047619,0,2,0,453009,152601,44554,63402,1.4135481121938567,0.2935237010597075
20761,0.5479166666666666,0,2,0,453011,152599,44554,63402,1.4135295861276818,0.29352641885917197
20762,0.5479285714285714,0,1,0,453012,152598,44554,63402,1.413520323094594,0.2935277777777778
20763,0.5479999999999999,13,72,13,453084,152526,44567,63389,1.4128533847122902,0.29358312298821293
20764,0.548,0,2,0,453086,152524,44567,63389,1.412834858646115,0.29358584244579994
20765,0.5480238095238095,0,1,0,453087,152523,44567,63389,1.4128255956130276,0.2935872021934862
20766,0.5480392156862743,0,1,0,453088,152522,44567,63389,1.4128163325799399,0.293588561953768
20767,0.5480555555555554,0,1,0,453089,152521,44567,63389,1.4128070695468524,0.2935899217266454
20768,0.5480555555555556,0,2,0,453091,152519,44567,63389,1.4127885434806773,0.2935926413101877
20769,0.548063492063492,0,2,0,453093,152517,44567,63389,1.4127700174145021,0.2935953609441146
20770,0.5480714285714287,1,0,1,453093,152517,44568,63388,1.4127700174145021,0.2935920891132674
20771,0.5480833333333333,1,2,1,453095,152515,44569,63387,1.412751491348327,0.29359153690100137
20772,0.5480833333333334,0,1,0,453096,152514,44569,63387,1.4127422283152395,0.29359289674434114
20773,0.5480833333333335,0,1,0,453097,152513,44569,63387,1.412732965282152,0.2935942566002779
20774,0.5480952380952381,0,1,0,453098,152512,44569,63387,1.4127237022490644,0.2935956164688118
20775,0.5481547619047619,0,1,0,453099,152511,44569,63387,1.412714439215977,0.29359697634994303
20776,0.5481666666666666,5,12,5,453111,152499,44574,63382,1.4126032828189263,0.2935969353486412
20777,0.5481666666666667,1,2,1,453113,152497,44575,63381,1.4125847567527512,0.2935963831423304
20778,0.5481904761904761,0,2,0,453115,152495,44575,63381,1.412566230686576,0.29359910318886767
20779,0.5481904761904762,0,1,0,453116,152494,44575,63381,1.4125569676534884,0.2936004632310365
20780,0.5482142857142857,0,2,0,453118,152492,44575,63381,1.4125384415873135,0.29360318335317526
20781,0.5482380952380952,1,0,1,453118,152492,44576,63380,1.4125384415873135,0.293599911058405
20782,0.5482500000000001,1,1,1,453119,152491,44577,63379,1.4125291785542258,0.2935979987955714
20783,0.5482857142857143,0,1,0,453120,152490,44577,63379,1.4125199155211383,0.29359935887042604
20784,0.5483333333333333,51,264,51,453384,152226,44628,63328,1.4100744747860239,0.29379181086873823
20785,0.5483333333333335,0,4,0,453388,152222,44628,63328,1.4100374226536738,0.29379726281605195
20786,0.5483809523809523,0,1,0,453389,152221,44628,63328,1.4100281596205861,0.293798625834497
20787,0.548404761904762,1,0,1,453389,152221,44629,63327,1.4100281596205861,0.2937953495277154
20788,0.5484444444444445,1,2,1,453391,152219,44630,63326,1.410009633554411,0.2937947992298592
20789,0.5484567099567099,1,0,1,453391,152219,44631,63325,1.410009633554411,0.29379152284452364
20790,0.5485,3,31,3,453422,152188,44634,63322,1.409722479528697,0.2938239524848035
20791,0.5485000000000001,0,1,0,453423,152187,44634,63322,1.4097132164956092,0.29382531588007926
20792,0.5485238095238095,0,1,0,453424,152186,44634,63322,1.4097039534625218,0.2938266792880079
20793,0.5485476190476192,0,2,0,453426,152184,44634,63322,1.4096854273963466,0.29382940614182435
20794,0.5485714285714285,1,3,1,453429,152181,44635,63321,1.409657638297084,0.2938302196731353
20795,0.5485714285714286,0,5,0,453434,152176,44635,63321,1.4096113231316463,0.2938370371745314
20796,0.5485833333333333,0,2,0,453436,152174,44635,63321,1.4095927970654711,0.29383976426367203
20797,0.5486190476190476,1,0,1,453436,152174,44636,63320,1.4095927970654711,0.2938364873267933
20798,0.5486428571428571,0,1,0,453437,152173,44636,63320,1.4095835340323835,0.29383785088146713
20799,0.5486547619047619,0,1,0,453438,152172,44636,63320,1.409574270999296,0.29383921444879624
20800,0.5486666666666666,4,17,4,453455,152155,44640,63316,1.4094167994368076,0.2938492883032984
20801,0.5486666666666667,0,6,0,453461,152149,44640,63316,1.4093612212382822,0.29385747105098275
20802,0.5486904761904762,0,4,0,453465,152145,44640,63316,1.409324169105932,0.2938629264692914
20803,0.5487142857142855,0,1,0,453466,152144,44640,63316,1.4093149060728445,0.2938642903555184
20804,0.5487142857142857,1,2,1,453468,152142,44641,63315,1.4092963800066693,0.2938637407928264
20805,0.5487222222222222,0,1,0,453469,152141,44641,63315,1.4092871169735819,0.29386510470815386
20806,0.5487380952380952,0,1,0,453470,152140,44641,63315,1.4092778539404942,0.29386646863614213
20807,0.54875,2,5,2,453475,152135,44643,63313,1.4092315387750565,0.2938667335041402
20808,0.5487857142857142,1,0,1,453475,152135,44644,63312,1.4092315387750565,0.2938634559775722
20809,0.5487878787878787,0,1,0,453476,152134,44644,63312,1.409222275741969,0.2938648199548843
20810,0.5488095238095237,0,1,0,453477,152133,44644,63312,1.4092130127088813,0.2938661839448583
20811,0.5488333333333333,3,10,3,453487,152123,44647,63309,1.4091203823780059,0.2938699914590219
20812,0.5488333333333334,0,1,0,453488,152122,44647,63309,1.4091111193449184,0.29387135556164157
20813,0.5488546176046176,0,1,0,453489,152121,44647,63309,1.4091018563118307,0.29387271967692524
20814,0.5488571428571428,1,0,1,453489,152121,44648,63308,1.4091018563118307,0.2938694419042933
20815,0.548861111111111,0,2,0,453491,152119,44648,63308,1.4090833302456556,0.2938721701550873
20816,0.5488888888888889,1,1,1,453492,152118,44649,63307,1.4090740672125681,0.29387025646976905
20817,0.5489047619047619,0,1,0,453493,152117,44649,63307,1.4090648041794804,0.29387162061794414
20818,0.5489285714285714,1,0,1,453493,152117,44650,63306,1.4090648041794804,0.29386834274891727
20819,0.5489285714285715,1,1,1,453494,152116,44651,63305,1.409055541146393,0.2938664289925309
20820,0.5489761904761905,0,1,0,453495,152115,44651,63305,1.4090462781133055,0.2938677931482685
20821,0.5489960317460317,0,1,0,453496,152114,44651,63305,1.4090370150802178,0.29386915731667124
20822,0.5489999999999999,15,64,15,453560,152050,44666,63290,1.4084441809626145,0.2939073093712269
20823,0.549,0,4,0,453564,152046,44666,63290,1.4084071288302642,0.2939127688821191
20824,0.5490238095238095,1,0,1,453564,152046,44667,63289,1.4084071288302642,0.29390948986462956
20825,0.5490238095238096,0,1,0,453565,152045,44667,63289,1.4083978657971765,0.29391085476515555
20826,0.549047619047619,0,1,0,453566,152044,44667,63289,1.408388602764089,0.2939122196783586
20827,0.5490714285714285,0,1,0,453567,152043,44667,63289,1.4083793397310016,0.29391358460423905
20828,0.5490833333333331,0,1,0,453568,152042,44667,63289,1.408370076697914,0.2939149495427969
20829,0.5491428571428572,0,1,0,453569,152041,44667,63289,1.4083608136648265,0.29391631449403244
20830,0.5491547619047619,0,1,0,453570,152040,44667,63289,1.4083515506317388,0.2939176794579457
20831,0.5491666666666666,0,1,0,453571,152039,44667,63289,1.4083422875986513,0.2939190444345371
20832,0.5491666666666667,22,91,22,453662,151948,44689,63267,1.407499351587684,0.29397114513393585
20833,0.54925,0,1,0,453663,151947,44689,63267,1.4074900885545962,0.2939725110819928
20834,0.5492619047619047,0,2,0,453665,151945,44689,63267,1.4074715624884213,0.2939752430161887
20835,0.5492857142857143,2,7,2,453672,151938,44691,63265,1.4074067212568084,0.2939782437977166
20836,0.5493095238095238,2,3,2,453675,151935,44693,63263,1.4073789321575456,0.29397578044405615
20837,0.5493333333333332,0,1,0,453676,151934,44693,63263,1.4073696691244582,0.2939771465215593
20838,0.5493333333333333,2,23,2,453699,151911,44695,63261,1.4071566193634444,0.29400200769616863
20839,0.5493571428571429,0,1,0,453700,151910,44695,63261,1.4071473563303567,0.2940033740606309
20840,0.5493809523809524,0,1,0,453701,151909,44695,63261,1.4071380932972692,0.2940047404377934
20841,0.549404761904762,0,1,0,453702,151908,44695,63261,1.4071288302641818,0.2940061068276564
20842,0.5494285714285714,0,1,0,453703,151907,44695,63261,1.407119567231094,0.2940074732302201
20843,0.5494444444444444,0,1,0,453704,151906,44695,63261,1.4071103041980066,0.2940088396454847
20844,0.5494444444444445,0,3,0,453707,151903,44695,63261,1.4070825150987438,0.29401293896748526
20845,0.5494523809523809,0,3,0,453710,151900,44695,63261,1.4070547259994812,0.29401703840379995
20846,0.5494761904761905,1,0,1,453710,151900,44696,63260,1.4070547259994812,0.29401375720394124
20847,0.5495,6,14,6,453724,151886,44702,63254,1.4069250435362555,0.2940132007065167
20848,0.5495000000000001,0,2,0,453726,151884,44702,63254,1.4069065174700803,0.2940159339586684
20849,0.5495238095238094,0,1,0,453727,151883,44702,63254,1.4068972544369929,0.2940173006038013
20850,0.5495238095238095,0,2,0,453729,151881,44702,63254,1.4068787283708177,0.2940200339321821
20851,0.5495555555555556,0,1,0,453730,151880,44702,63254,1.4068694653377303,0.29402140061543036
20852,0.5495714285714286,0,2,0,453732,151878,44702,63254,1.4068509392715551,0.2940241340200435
20853,0.5495833333333333,0,2,0,453734,151876,44702,63254,1.40683241320538,0.29402686747547996
20854,0.5495952380952381,0,1,0,453735,151875,44702,63254,1.4068231501722923,0.2940282342222573
20855,0.5496071428571428,0,2,0,453737,151873,44702,63254,1.4068046241061174,0.2940309677539314
20856,0.5496190476190477,0,1,0,453738,151872,44702,63254,1.4067953610730297,0.29403233453882843
20857,0.5496428571428571,1,1,1,453739,151871,44703,63253,1.4067860980399423,0.2940304196649374
20858,0.5496428571428572,0,1,0,453740,151870,44703,63253,1.4067768350068546,0.29403178646634714
20859,0.5496666666666666,2,15,2,453755,151855,44705,63251,1.4066378895105414,0.2940457262930834
20860,0.5496666666666667,0,1,0,453756,151854,44705,63251,1.4066286264774537,0.29404709328002604
20861,0.5496868131868131,1,3,1,453759,151851,44706,63250,1.406600837378191,0.2940479123760466
20862,0.5497142857142857,0,2,0,453761,151849,44706,63250,1.406582311312016,0.29405064644651996
20863,0.5497380952380952,0,1,0,453762,151848,44706,63250,1.4065730482789285,0.2940520135008229
20864,0.54975,2,1,2,453763,151847,44708,63248,1.4065637852458408,0.29404681652293174
20865,0.5497619047619048,0,1,0,453764,151846,44708,63248,1.4065545222127533,0.2940481835848513
20866,0.5497619047619049,0,1,0,453765,151845,44708,63248,1.4065452591796659,0.2940495506594822
20867,0.5498062770562769,0,3,0,453768,151842,44708,63248,1.406517470080403,0.2940536519596448
20868,0.5498095238095239,0,1,0,453769,151841,44708,63248,1.4065082070473156,0.2940550190851229
20869,0.5498333333333333,3,1,3,453770,151840,44711,63245,1.406498944014228,0.29404653974010275
20870,0.5498333333333334,2,21,2,453791,151819,44713,63243,1.4063044203193893,0.2940686871692814
20871,0.5499047619047619,0,1,0,453792,151818,44713,63243,1.4062951572863018,0.29407005454266466
20872,0.5499166666666667,1,0,1,453792,151818,44714,63242,1.4062951572863018,0.29406677206361015
20873,0.5499523809523809,0,1,0,453793,151817,44714,63242,1.4062858942532144,0.2940681394408046
20874,0.5499999999999999,8,40,8,453833,151777,44722,63234,1.405915372929712,0.29409658110515274
20875,0.55,513,2546,513,456379,149231,45235,62721,1.3823316906887992,0.29592077451498455
20876,0.5500238095238096,1,1,1,456380,149230,45236,62720,1.3823224276557116,0.29591884878509084
20877,0.5500963203463203,0,1,0,456381,149229,45236,62720,1.382313164622624,0.2959202449645905
20878,0.5501190476190476,0,2,0,456383,149227,45236,62720,1.382294638556449,0.29592303736311437
20879,0.5501666666666666,1,2,1,456385,149225,45237,62719,1.3822761124902738,0.2959225078322576
20880,0.5501666666666667,6,10,6,456395,149215,45243,62713,1.3821834821593983,0.29591653769204634
20881,0.5501746031746032,0,2,0,456397,149213,45243,62713,1.3821649560932232,0.2959193303322858
20882,0.5501785714285714,0,1,0,456398,149212,45243,62713,1.3821556930601355,0.2959207266721718
20883,0.5501904761904762,0,2,0,456400,149210,45243,62713,1.3821371669939606,0.2959235193914771
20884,0.5502142857142857,0,1,0,456401,149209,45243,62713,1.382127903960873,0.29592491577089686
20885,0.5502261904761906,1,0,1,456401,149209,45244,62712,1.382127903960873,0.29592159342396457
20886,0.5502380952380953,0,6,0,456407,149203,45244,62712,1.3820723257623477,0.29592997192270487
20887,0.55025,0,3,0,456410,149200,45244,62712,1.382044536663085,0.29593416134999434
20888,0.5502777777777778,0,2,0,456412,149198,45244,62712,1.3820260105969098,0.2959369543674201
20889,0.5502857142857143,2,2,2,456414,149196,45246,62710,1.3820074845307349,0.2959331024133342
20890,0.5503333333333332,0,3,0,456417,149193,45246,62710,1.381979695431472,0.29593729206287783
20891,0.5503333333333333,0,16,0,456433,149177,45246,62710,1.3818314869020711,0.29595963886411153
20892,0.5503333333333335,0,1,0,456434,149176,45246,62710,1.3818222238689837,0.29596103565124643
20893,0.5503502886002888,0,1,0,456435,149175,45246,62710,1.381812960835896,0.2959624324515657
20894,0.5503877642825011,0,1,0,456436,149174,45246,62710,1.3818036978028085,0.2959638292650696
20895,0.5504047619047618,0,1,0,456437,149173,45246,62710,1.381794434769721,0.2959652260917582
20896,0.550404761904762,1,0,1,456437,149173,45247,62709,1.381794434769721,0.295961903323548
20897,0.5504166666666666,0,1,0,456438,149172,45247,62709,1.3817851717366334,0.2959633001543319
20898,0.5504166666666667,0,1,0,456439,149171,45247,62709,1.381775908703546,0.2959646969983009
20899,0.5504285714285714,0,1,0,456440,149170,45247,62709,1.3817666456704583,0.29596609385545525
20900,0.5504285714285715,0,2,0,456442,149168,45247,62709,1.3817481196042831,0.2959688876093205
20901,0.5504458874458875,0,1,0,456443,149167,45247,62709,1.3817388565711957,0.29597028450603186
20902,0.550468253968254,0,3,0,456446,149164,45247,62709,1.381711067471933,0.2959744752752828
20903,0.5504761904761905,0,1,0,456447,149163,45247,62709,1.3817018044388454,0.2959758722247395
20904,0.5504761904761906,1,6,1,456453,149157,45248,62708,1.3816462262403202,0.2959809312533925
20905,0.5505,6,17,6,456470,149140,45254,62702,1.3814887546778316,0.2959847433464563
20906,0.5505238095238095,0,1,0,456471,149139,45254,62702,1.3814794916447442,0.29598614054880784
20907,0.5505277777777777,0,2,0,456473,149137,45254,62702,1.381460965578569,0.2959889349930844
20908,0.5505555555555555,0,3,0,456476,149134,45254,62702,1.3814331764793064,0.29599312675843575
20909,0.5505555555555556,1,0,1,456476,149134,45255,62701,1.3814331764793064,0.2959898033847098
20910,0.5505654761904762,0,1,0,456477,149133,45255,62701,1.3814239134462187,0.2959912006571183
20911,0.5505833333333334,0,1,0,456478,149132,45255,62701,1.3814146504131313,0.29599259794271904
20912,0.5506190476190477,1,0,1,456478,149132,45256,62700,1.3814146504131313,0.29598927451943047
20913,0.5506547619047619,1,0,1,456478,149132,45257,62699,1.3814146504131313,0.2959859510647639
20914,0.5506666666666666,5,28,5,456506,149104,45262,62694,1.3811552854866798,0.29600846089198196
20915,0.5506666666666667,4,12,4,456518,149092,45266,62690,1.3810441290896291,0.29601193680293886
20916,0.5507142857142856,0,1,0,456519,149091,45266,62690,1.3810348660565415,0.2960133345295376
20917,0.5507142857142857,0,10,0,456529,149081,45266,62690,1.380942235725666,0.2960273125215445
20918,0.5507380952380952,0,1,0,456530,149080,45266,62690,1.3809329726925785,0.29602871039335127
20919,0.5507698412698412,0,1,0,456531,149079,45266,62690,1.3809237096594909,0.2960301082783599
20920,0.5507857142857142,0,1,0,456532,149078,45266,62690,1.3809144466264034,0.2960315061765706
20921,0.5508095238095239,0,2,0,456534,149076,45266,62690,1.3808959205602283,0.29603430201259884
20922,0.5508333333333333,8,42,8,456576,149034,45274,62682,1.380506873170551,0.29606642861191407
20923,0.5508333333333334,18,70,18,456646,148964,45292,62664,1.3798584608544222,0.2961044852287977
20924,0.5508571428571429,0,4,0,456650,148960,45292,62664,1.379821408722072,0.2961100820322837
20925,0.5508696858696858,0,1,0,456651,148959,45292,62664,1.3798121456889845,0.29611148126621395
20926,0.5509166666666666,0,1,0,456652,148958,45292,62664,1.3798028826558968,0.29611288051336815
20927,0.5509523809523809,1,0,1,456652,148958,45293,62663,1.3798028826558968,0.29610955434479563
20928,0.550952380952381,0,2,0,456654,148956,45293,62663,1.3797843565897217,0.2961123528605655
20929,0.5509761904761904,0,1,0,456655,148955,45293,62663,1.3797750935566342,0.2961137521382869
20930,0.5509999999999999,1,3,1,456658,148952,45294,62662,1.3797473044573716,0.29611462379615716
20931,0.551,9,67,9,456725,148885,45303,62653,1.3791266812405054,0.29617846438937684
20932,0.5510476190476191,0,1,0,456726,148884,45303,62653,1.3791174182074177,0.29617986451542755
20933,0.5510714285714287,0,2,0,456728,148882,45303,62653,1.3790988921412428,0.2961826648072423
20934,0.5511111111111111,1,2,1,456730,148880,45304,62652,1.3790803660750677,0.2961821379271221
20935,0.5511190476190476,0,1,0,456731,148879,45304,62652,1.37907110304198,0.29618353811025333
20936,0.5511666666666667,2,12,2,456743,148867,45306,62650,1.3789599466449294,0.29619368655947276
20937,0.5511904761904761,0,3,0,456746,148864,45306,62650,1.3789321575456668,0.2961978876102764
20938,0.5511904761904762,1,4,1,456750,148860,45307,62649,1.3788951054133165,0.296200161695247
20939,0.5512301587301587,1,2,1,456752,148858,45308,62648,1.3788765793471414,0.2961996349985343
20940,0.551234126984127,0,1,0,456753,148857,45308,62648,1.378867316314054,0.2962010354365145
20941,0.55125,5,5,5,456758,148852,45313,62643,1.3788210011486162,0.29619139932386107
20942,0.5512857142857144,0,2,0,456760,148850,45313,62643,1.378802475082441,0.29619420028086035
20943,0.5513095238095238,1,0,1,456760,148850,45314,62642,1.378802475082441,0.2961908724679893
20944,0.5513333333333332,0,5,0,456765,148845,45314,62642,1.3787561599170033,0.2961978750466932
20945,0.5513333333333333,3,24,3,456789,148821,45317,62639,1.3785338471229018,0.2962215076137331
20946,0.5513333333333335,1,2,1,456791,148819,45318,62638,1.378515321056727,0.29622098109781186
20947,0.5513462093462094,1,0,1,456791,148819,45319,62637,1.378515321056727,0.2962176528450363
20948,0.5513571428571429,0,1,0,456792,148818,45319,62637,1.3785060580236392,0.2962190536993687
20949,0.5513809523809523,0,2,0,456794,148816,45319,62637,1.378487531957464,0.29622185544778273
20950,0.5513809523809524,0,2,0,456796,148814,45319,62637,1.378469005891289,0.2962246572491972
20951,0.5513888888888888,0,2,0,456798,148812,45319,62637,1.378450479825114,0.29622745910361364
20952,0.5514166666666666,0,2,0,456800,148810,45319,62637,1.378431953758939,0.2962302610110335
20953,0.5514285714285714,0,3,0,456803,148807,45319,62637,1.378404164659676,0.296234463971548
20954,0.5514285714285715,0,2,0,456805,148805,45319,62637,1.3783856385935012,0.29623726601148304
20955,0.5514444444444444,1,0,1,456805,148805,45320,62636,1.3783856385935012,0.2962339375996141
20956,0.5514523809523808,0,1,0,456806,148804,45320,62636,1.3783763755604135,0.2962353386303443
20957,0.5514999999999999,0,4,0,456810,148800,45320,62636,1.3783393234280632,0.2962409428857905
20958,0.5515,5,16,5,456826,148784,45325,62631,1.3781911148986625,0.2962467185393657
20959,0.5515000000000001,2,5,2,456831,148779,45327,62629,1.3781447997332246,0.29624706728222205
20960,0.5515476190476191,0,2,0,456833,148777,45327,62629,1.3781262736670494,0.29624986991854535
20961,0.5515476190476192,0,1,0,456834,148776,45327,62629,1.378117010633962,0.2962512712565928
20962,0.5515833333333334,0,1,0,456835,148775,45327,62629,1.3781077476008745,0.29625267260789767
20963,0.5516190476190476,2,0,2,456835,148775,45329,62627,1.3781077476008745,0.29624601470184764
20964,0.5516190476190477,1,0,1,456835,148775,45330,62626,1.3781077476008745,0.29624268570158135
20965,0.5516309523809524,0,1,0,456836,148774,45330,62626,1.3780984845677868,0.296244087038789
20966,0.5516666666666665,0,5,0,456841,148769,45330,62626,1.378052169402349,0.29625109392369736
20967,0.5516666666666666,46,192,46,457033,148577,45376,62580,1.3762736670495388,0.2963671580861634
20968,0.5516666666666667,36,112,36,457145,148465,45412,62544,1.3752362073437325,0.2964044187688677
20969,0.5516666666666669,0,2,0,457147,148463,45412,62544,1.3752176812775576,0.29640722819622095
20970,0.5516904761904762,0,1,0,457148,148462,45412,62544,1.37520841824447,0.2964086329298693
20971,0.5517380952380951,0,1,0,457149,148461,45412,62544,1.3751991552113825,0.2964100376768323
20972,0.5517857142857143,1,1,1,457150,148460,45413,62543,1.3751898921782948,0.2964081079415932
20973,0.5518214285714287,0,2,0,457152,148458,45413,62543,1.3751713661121197,0.2964109174838034
20974,0.5518333333333333,2,1,2,457153,148457,45415,62541,1.3751621030790322,0.29640565313415296
20975,0.5518333333333334,1,10,1,457163,148447,45416,62540,1.3750694727481567,0.29641636688516354
20976,0.5518571428571428,0,1,0,457164,148446,45416,62540,1.375060209715069,0.296417771795285
20977,0.5519047619047618,0,2,0,457166,148444,45416,62540,1.375041683648894,0.29642058165548096
20978,0.5519444444444445,0,2,0,457168,148442,45416,62540,1.375023157582719,0.29642339156894904
20979,0.5519761904761904,0,1,0,457169,148441,45416,62540,1.3750138945496313,0.2964247965456605
20980,0.5519761904761905,0,1,0,457170,148440,45416,62540,1.3750046315165438,0.2964262015356906
20981,0.5519999999999999,0,8,0,457178,148432,45416,62540,1.3749305272518433,0.2964374419354227
20982,0.552,10,54,10,457232,148378,45426,62530,1.3744303234651154,0.2964799817930093
20983,0.5520238095238095,0,2,0,457234,148376,45426,62530,1.3744117973989403,0.29648279328231536
20984,0.5520238095238096,0,1,0,457235,148375,45426,62530,1.3744025343658528,0.29648419904696427
20985,0.552047619047619,0,2,0,457237,148373,45426,62530,1.3743840082996777,0.2964870106162549
20986,0.5520833333333333,1,1,1,457238,148372,45427,62529,1.3743747452665902,0.29648508067766394
20987,0.5520833333333334,1,3,1,457241,148369,45428,62528,1.3743469561673274,0.2964859623418067
20988,0.552095238095238,0,2,0,457243,148367,45428,62528,1.3743284301011522,0.29648877403447216
20989,0.5521190476190477,0,1,0,457244,148366,45428,62528,1.3743191670680648,0.29649017990080323
20990,0.5521212121212121,0,2,0,457246,148364,45428,62528,1.3743006410018896,0.2964929916734632
20991,0.5521428571428572,2,4,2,457250,148360,45430,62526,1.3742635888695394,0.2964919435145055
20992,0.5521666666666666,2,5,2,457255,148355,45432,62524,1.3742172737041016,0.2964923012722936
20993,0.5521666666666667,1,11,1,457266,148344,45433,62523,1.3741153803401385,0.29650443170339597
20994,0.5521666666666668,0,1,0,457267,148343,45433,62523,1.374106117307051,0.29650583783066026
20995,0.5521904761904761,0,1,0,457268,148342,45433,62523,1.3740968542739636,0.2965072439712612
20996,0.5521904761904762,0,1,0,457269,148341,45433,62523,1.3740875912408759,0.29650865012519917
20997,0.5522142857142858,1,0,1,457269,148341,45434,62522,1.3740875912408759,0.29650531387678253
20998,0.5522222222222222,0,2,0,457271,148339,45434,62522,1.3740690651747007,0.2965081262063634
20999,0.55225,0,1,0,457272,148338,45434,62522,1.3740598021416133,0.29650953239116
21000,0.5522727272727272,0,1,0,457273,148337,45434,62522,1.3740505391085256,0.2965109385892943
21001,0.5522857142857143,0,2,0,457275,148335,45434,62522,1.3740320130423507,0.2965137510255766
21002,0.5523095238095238,0,1,0,457276,148334,45434,62522,1.374022750009263,0.296515157263725
21003,0.5523333333333332,0,3,0,457279,148331,45434,62522,1.3739949609100004,0.29651937605820167
21004,0.5523333333333333,9,24,9,457303,148307,45443,62513,1.3737726481158992,0.2965231002751162
21005,0.5523333333333335,0,4,0,457307,148303,45443,62513,1.3737355959835489,0.296528726472374
21006,0.5523809523809523,0,4,0,457311,148299,45443,62513,1.3736985438511986,0.29653435288313756
21007,0.5523888888888889,0,1,0,457312,148298,45443,62513,1.3736892808181111,0.2965357595191902
21008,0.5523928571428571,0,1,0,457313,148297,45443,62513,1.3736800177850235,0.29653716616858783
21009,0.5524007936507936,0,3,0,457316,148294,45443,62513,1.3736522286857609,0.29654138619685305
21010,0.5524166666666666,0,1,0,457317,148293,45443,62513,1.3736429656526734,0.2965427928996328
21011,0.5524901960784314,0,1,0,457318,148292,45443,62513,1.3736337026195857,0.2965441996157586
21012,0.5524999999999999,1,8,1,457326,148284,45444,62512,1.3735595983548854,0.29655211673845805
21013,0.5525,58,248,58,457574,148036,45502,62454,1.3712623661491719,0.29670768207515796
21014,0.5525000000000001,4,10,4,457584,148026,45506,62450,1.3711697358182964,0.2967084133107813
21015,0.5525551948051948,0,1,0,457585,148025,45506,62450,1.3711604727852087,0.296709823019361
21016,0.5525595238095238,0,1,0,457586,148024,45506,62450,1.3711512097521212,0.2967112327413362
21017,0.5525833333333333,0,1,0,457587,148023,45506,62450,1.3711419467190338,0.2967126424767072
21018,0.5526190476190476,0,1,0,457588,148022,45506,62450,1.371132683685946,0.29671405222547415
21019,0.5526190476190477,1,4,1,457592,148018,45507,62449,1.3710956315535958,0.29671634983156503
21020,0.5526666666666666,3,32,3,457624,147986,45510,62446,1.3707992144947942,0.29675144464720193
21021,0.5526666666666668,3,6,3,457630,147980,45513,62443,1.3707436362962688,0.2967498800036118
21022,0.5526904761904761,0,1,0,457631,147979,45513,62443,1.3707343732631814,0.29675129026432595
21023,0.5526904761904762,0,1,0,457632,147978,45513,62443,1.3707251102300937,0.2967527005384444
21024,0.552702380952381,0,1,0,457633,147977,45513,62443,1.3707158471970062,0.2967541108259671
21025,0.5527460317460318,0,1,0,457634,147976,45513,62443,1.3707065841639186,0.29675552112689446
21026,0.5527619047619049,0,1,0,457635,147975,45513,62443,1.370697321130831,0.2967569314412265
21027,0.5528030303030304,0,1,0,457636,147974,45513,62443,1.3706880580977436,0.29675834176896354
21028,0.5528333333333333,1,8,1,457644,147966,45514,62442,1.370613953833043,0.29676628265084976
21029,0.5528333333333334,0,8,0,457652,147958,45514,62442,1.3705398495683427,0.29677756653992393
21030,0.5528571428571428,1,6,1,457658,147952,45515,62441,1.3704842713698173,0.2967826876369461
21031,0.5529166666666666,1,2,1,457660,147950,45516,62440,1.3704657453036422,0.29678216645277816
21032,0.5529166666666667,1,0,1,457660,147950,45517,62439,1.3704657453036422,0.29677882398794614
21033,0.5529285714285714,0,1,0,457661,147949,45517,62439,1.3704564822705547,0.2967802346141415
21034,0.5529523809523809,0,3,0,457664,147946,45517,62439,1.370428693171292,0.29678446657318724
21035,0.552952380952381,0,1,0,457665,147945,45517,62439,1.3704194301382044,0.296785877253023
21036,0.5529523809523811,0,1,0,457666,147944,45517,62439,1.370410167105117,0.2967872879462694
21037,0.5529761904761906,0,1,0,457667,147943,45517,62439,1.3704009040720293,0.29678869865292656
21038,0.5529880952380952,0,1,0,457668,147942,45517,62439,1.3703916410389418,0.2967901093729947
21039,0.5529999999999999,10,33,10,457701,147909,45527,62429,1.3700859609470526,0.296803240498626
21040,0.553,0,5,0,457706,147904,45527,62429,1.3700396457816146,0.2968102960543519
21041,0.5530000000000002,1,0,1,457706,147904,45528,62428,1.3700396457816146,0.2968069528174505
21042,0.5530119047619049,0,2,0,457708,147902,45528,62428,1.3700211197154397,0.296809775115295
21043,0.5530238095238096,0,2,0,457710,147900,45528,62428,1.3700025936492646,0.29681259746681377
21044,0.5530555555555555,1,1,1,457711,147899,45529,62427,1.369993330616177,0.2968106653480787
21045,0.5530714285714285,0,2,0,457713,147897,45529,62427,1.3699748045500018,0.29681348776173905
21046,0.5530833333333333,1,0,1,457713,147897,45530,62426,1.3699748045500018,0.29681014439695136
21047,0.5530952380952381,0,2,0,457715,147895,45530,62426,1.3699562784838268,0.29681296684591646
21048,0.5531468253968255,1,0,1,457715,147895,45531,62425,1.3699562784838268,0.29680962343096234
21049,0.5531666666666666,1,9,1,457724,147886,45532,62424,1.3698729111860388,0.29681898150349484
21050,0.5531666666666667,2,5,2,457729,147881,45534,62422,1.369826596020601,0.29681935112670765
21051,0.5532142857142857,1,0,1,457729,147881,45535,62421,1.369826596020601,0.29681600745594433
21052,0.5532222222222223,1,0,1,457729,147881,45536,62420,1.369826596020601,0.29681266375338206
21053,0.5532337662337662,0,1,0,457730,147880,45536,62420,1.3698173329875134,0.2968140751307656
21054,0.5532619047619047,1,0,1,457730,147880,45537,62419,1.3698173329875134,0.29681073138721537
21055,0.5532777777777779,0,1,0,457731,147879,45537,62419,1.369808069954426,0.2968121427688328
21056,0.5532857142857144,0,1,0,457732,147878,45537,62419,1.3697988069213383,0.296813554163873
21057,0.5533333333333332,48,202,48,457934,147676,45585,62371,1.3679276742376523,0.29693830428427925
21058,0.5533333333333333,71,283,71,458217,147393,45656,62300,1.3653062358738746,0.29710100003338213
21059,0.5533333333333335,1,1,1,458218,147392,45657,62299,1.3652969728407869,0.2970990648144174
21060,0.5533571428571429,0,1,0,458219,147391,45657,62299,1.3652877098076994,0.2971004816634079
21061,0.5533809523809523,0,1,0,458220,147390,45657,62299,1.365278446774612,0.2971018985259122
21062,0.5533809523809524,0,1,0,458221,147389,45657,62299,1.3652691837415243,0.29710331540193047
21063,0.5533928571428571,0,1,0,458222,147388,45657,62299,1.3652599207084368,0.297104732291463
21064,0.5534087301587303,0,1,0,458223,147387,45657,62299,1.3652506576753491,0.2971061491945099
21065,0.5534484126984127,0,1,0,458224,147386,45657,62299,1.3652413946422617,0.29710756611107136
21066,0.5534505772005772,0,1,0,458225,147385,45657,62299,1.365232131609174,0.29710898304114763
21067,0.553452380952381,0,1,0,458226,147384,45657,62299,1.3652228685760865,0.29711039998473887
21068,0.5534999999999999,0,2,0,458228,147382,45657,62299,1.3652043425099114,0.297113233912467
21069,0.5535,9,23,9,458251,147359,45666,62290,1.3649912927488976,0.29711565521419137
21070,0.5535238095238095,0,1,0,458252,147358,45666,62290,1.3649820297158102,0.2971170724261619
21071,0.553547619047619,1,0,1,458252,147358,45667,62289,1.3649820297158102,0.29711371972887757
21072,0.5535714285714285,0,7,0,458259,147351,45667,62289,1.3649171884841973,0.29712364052661705
21073,0.5535714285714286,0,1,0,458260,147350,45667,62289,1.3649079254511096,0.2971250578375207
21074,0.5535833333333333,0,2,0,458262,147348,45667,62289,1.3648893993849347,0.2971278924998927
21075,0.5536071428571427,0,1,0,458263,147347,45667,62289,1.364880136351847,0.29712930985136143
21076,0.5536111111111112,0,1,0,458264,147346,45667,62289,1.3648708733187596,0.29713072721635225
21077,0.5536190476190476,1,1,1,458265,147345,45668,62288,1.3648616102856719,0.2971287917455744
21078,0.5536428571428571,0,1,0,458266,147344,45668,62288,1.3648523472525844,0.29713020912837734
21079,0.5536666666666666,2,26,2,458292,147318,45670,62286,1.364611508392308,0.2971603595351234
21080,0.5536666666666668,1,4,1,458296,147314,45671,62285,1.3645744562599578,0.29716267730284973
21081,0.5536958874458876,0,1,0,458297,147313,45671,62285,1.3645651932268703,0.2971640950772431
21082,0.5537142857142857,0,2,0,458299,147311,45671,62285,1.3645466671606952,0.29716693066661576
21083,0.5537380952380953,0,1,0,458300,147310,45671,62285,1.3645374041276075,0.29716834848159546
21084,0.55375,0,8,0,458308,147302,45671,62285,1.3644632998629072,0.2971796914884988
21085,0.5537777777777778,0,1,0,458309,147301,45671,62285,1.3644540368298195,0.2971811094252479
21086,0.5538095238095238,0,2,0,458311,147299,45671,62285,1.3644355107636446,0.2971839453393389
21087,0.5538333333333333,3,8,3,458319,147291,45674,62282,1.364361406498944,0.2971852290132794
21088,0.5538333333333334,1,0,1,458319,147291,45675,62281,1.364361406498944,0.29718187544137575
21089,0.5538333333333335,0,2,0,458321,147289,45675,62281,1.3643428804327689,0.297184711552226
21090,0.5538571428571428,0,2,0,458323,147287,45675,62281,1.3643243543665937,0.29718754771720873
21091,0.5538809523809523,0,1,0,458324,147286,45675,62281,1.3643150913335063,0.29718896582000026
21092,0.5538809523809524,0,1,0,458325,147285,45675,62281,1.3643058283004188,0.2971903839363256
21093,0.5538888888888889,0,2,0,458327,147283,45675,62281,1.3642873022342437,0.297193220209578
21094,0.5539365079365078,0,3,0,458330,147280,45675,62281,1.3642595131349808,0.2971974747209643
21095,0.5539444444444445,0,1,0,458331,147279,45675,62281,1.3642502501018934,0.2971988929184959
21096,0.5539642857142857,0,1,0,458332,147278,45675,62281,1.3642409870688057,0.2972003111295626
21097,0.5539761904761904,0,1,0,458333,147277,45675,62281,1.3642317240357182,0.2972017293541645
21098,0.5539761904761905,1,1,1,458334,147276,45676,62280,1.3642224610026308,0.29719979384985395
21099,0.5539999999999999,29,104,29,458438,147172,45705,62251,1.363259105561525,0.29725006326907744
21100,0.554,2,6,2,458444,147166,45707,62249,1.3632035273629997,0.2972518682997875
21101,0.5540238095238095,0,3,0,458447,147163,45707,62249,1.363175738263737,0.29725612667850937
21102,0.5540247252747253,0,1,0,458448,147162,45707,62249,1.3631664752306496,0.2972575461651967
21103,0.554025641025641,0,2,0,458450,147160,45707,62249,1.3631479491644745,0.2972603851792425
21104,0.554047619047619,0,3,0,458453,147157,45707,62249,1.3631201600652119,0.2972646438019923
21105,0.5540714285714285,1,0,1,458453,147157,45708,62248,1.3631201600652119,0.29726128793486306
21106,0.5540769230769231,1,0,1,458453,147157,45709,62247,1.3631201600652119,0.29725793203568224
21107,0.5540901875901875,0,3,0,458456,147154,45709,62247,1.363092370965949,0.2972621907249727
21108,0.5541190476190476,0,1,0,458457,147153,45709,62247,1.3630831079328616,0.2972636103151862
21109,0.5541666666666667,16,115,16,458572,147038,45725,62231,1.3620178591277927,0.29737323731656384
21110,0.5541904761904761,0,1,0,458573,147037,45725,62231,1.3620085960947053,0.2973746583328555
21111,0.5542222222222223,0,1,0,458574,147036,45725,62231,1.3619993330616178,0.297376079362728
21112,0.5542380952380952,0,1,0,458575,147035,45725,62231,1.3619900700285301,0.2973775004061816
21113,0.5542380952380953,0,2,0,458577,147033,45725,62231,1.361971543962355,0.2973803425338329
21114,0.55425,0,1,0,458578,147032,45725,62231,1.3619622809292675,0.2973817636180309
21115,0.5542857142857143,3,10,3,458588,147022,45728,62228,1.361869650598392,0.2973859020310633
21116,0.5543095238095237,2,0,2,458588,147022,45730,62226,1.361869650598392,0.2973791864199419
21117,0.5543095238095238,0,2,0,458590,147020,45730,62226,1.361851124532217,0.29738202880819703
21118,0.5543333333333333,4,25,4,458615,146995,45734,62222,1.361619548705028,0.29740413063947957
21119,0.5543333333333335,1,0,1,458615,146995,45735,62221,1.361619548705028,0.29740077240746404
21120,0.5543809523809524,0,1,0,458616,146994,45735,62221,1.3616102856719403,0.2974021939153502
21121,0.5544047619047618,1,2,1,458618,146992,45736,62220,1.3615917596057654,0.2974016786799992
21122,0.5544444444444444,0,1,0,458619,146991,45736,62220,1.3615824965726777,0.29740310021939576
21123,0.5544523809523809,0,1,0,458620,146990,45736,62220,1.3615732335395903,0.2974045217723818
21124,0.5544841269841271,0,1,0,458621,146989,45736,62220,1.3615639705065026,0.2974059433389577
21125,0.5545,3,22,3,458643,146967,45739,62217,1.3613601837785765,0.29742714547957777
21126,0.5545238095238095,1,3,1,458646,146964,45740,62216,1.3613323946793139,0.2974280523950664
21127,0.5545378151260504,0,1,0,458647,146963,45740,62216,1.3613231316462262,0.2974294742780107
21128,0.5545476190476191,0,1,0,458648,146962,45740,62216,1.3613138686131387,0.29743089617454993
21129,0.5545555555555556,0,1,0,458649,146961,45740,62216,1.361304605580051,0.2974323180846843
21130,0.5545833333333333,0,1,0,458650,146960,45740,62216,1.3612953425469636,0.297433740008414
21131,0.5545873015873017,0,1,0,458651,146959,45740,62216,1.361286079513876,0.2974351619457392
21132,0.5546111111111112,0,1,0,458652,146958,45740,62216,1.3612768164807885,0.2974365838966602
21133,0.5546153846153845,0,1,0,458653,146957,45740,62216,1.361267553447701,0.29743800586117713
21134,0.5546428571428571,0,2,0,458655,146955,45740,62216,1.3612490273815259,0.2974408498309995
21135,0.5546666666666665,1,1,1,458656,146954,45741,62215,1.3612397643484382,0.29743891303204584
21136,0.5546666666666666,7,30,7,458686,146924,45748,62208,1.3609618733558115,0.29745806476292486
21137,0.5546666666666668,0,1,0,458687,146923,45748,62208,1.360952610322724,0.2974594871157313
21138,0.5547142857142857,1,0,1,458687,146923,45749,62207,1.360952610322724,0.2974561277674174
21139,0.55475,1,1,1,458688,146922,45750,62206,1.3609433472896366,0.29745419073486096
21140,0.5547619047619048,1,4,1,458692,146918,45751,62205,1.3609062951572863,0.29745652080354623
21141,0.5547857142857143,1,0,1,458692,146918,45752,62204,1.3609062951572863,0.29745316131253524
21142,0.5548333333333333,4,20,4,458712,146898,45756,62200,1.3607210344955352,0.29746817281848703
21143,0.5548452380952381,1,0,1,458712,146898,45757,62199,1.3607210344955352,0.2974648129815349
21144,0.5548809523809524,0,4,0,458716,146894,45757,62199,1.360683982363185,0.297470503555834
21145,0.5549047619047619,1,0,1,458716,146894,45758,62198,1.360683982363185,0.2974671436496853
21146,0.5549285714285714,0,2,0,458718,146892,45758,62198,1.36066545629701,0.2974699889999522
21147,0.554952380952381,0,1,0,458719,146891,45758,62198,1.3606561932639223,0.29747141169549807
21148,0.5549761904761905,0,1,0,458720,146890,45758,62198,1.3606469302308348,0.2974728344046526
21149,0.5549999999999999,7,27,7,458747,146863,45765,62191,1.3603968283374708,0.2974877304428521
21150,0.555,226,913,226,459660,145950,45991,61965,1.3519396791285339,0.2980304451338287
21151,0.5550238095238096,0,1,0,459661,145949,45991,61965,1.3519304160954464,0.298031878565176
21152,0.555047619047619,0,2,0,459663,145947,45991,61965,1.3519118900292713,0.298034745469237
21153,0.5550952380952381,0,2,0,459665,145945,45991,61965,1.3518933639630961,0.2980376124284546
21154,0.5551111111111111,0,1,0,459666,145944,45991,61965,1.3518841009300084,0.2980390459287477
21155,0.5551190476190476,0,1,0,459667,145943,45991,61965,1.351874837896921,0.29804047944283046
21156,0.5551428571428572,0,1,0,459668,145942,45991,61965,1.3518655748638335,0.29804191297070326
21157,0.5551666666666666,0,1,0,459669,145941,45991,61965,1.3518563118307458,0.2980433465123662
21158,0.5551666666666667,1,13,1,459682,145928,45992,61964,1.3517358924006078,0.29805860735381834
21159,0.5551706349206349,1,0,1,459682,145928,45993,61963,1.3517358924006078,0.2980552308661751
21160,0.5551904761904762,0,2,0,459684,145926,45993,61963,1.3517173663344326,0.29805809831208
21161,0.5552142857142857,0,2,0,459686,145924,45993,61963,1.3516988402682575,0.2980609658131581
21162,0.5552142857142858,1,0,1,459686,145924,45994,61962,1.3516988402682575,0.29805758925564974
21163,0.5552272727272727,0,1,0,459687,145923,45994,61962,1.3516895772351698,0.29805902301753373
21164,0.5552337662337662,0,1,0,459688,145922,45994,61962,1.3516803142020823,0.2980604567932116
21165,0.5552380952380952,0,1,0,459689,145921,45994,61962,1.3516710511689949,0.2980618905826835
21166,0.5552380952380953,0,1,0,459690,145920,45994,61962,1.3516617881359072,0.29806332438594973
21167,0.5552619047619047,0,2,0,459692,145918,45994,61962,1.351643262069732,0.2980661920338657
21168,0.5552857142857143,1,1,1,459693,145917,45995,61961,1.3516339990366446,0.298064249223102
21169,0.5553333333333332,1,0,1,459693,145917,45996,61960,1.3516339990366446,0.2980608725352011
21170,0.5553333333333333,3,19,3,459712,145898,45999,61957,1.3514580014079811,0.2980779870582858
21171,0.5553333333333335,0,1,0,459713,145897,45999,61957,1.3514487383748934,0.2980794211321408
21172,0.5553571428571429,0,2,0,459715,145895,45999,61957,1.3514302123087183,0.2980822893212478
21173,0.5553809523809523,1,0,1,459715,145895,46000,61956,1.3514302123087183,0.29807891229775174
21174,0.5553809523809524,0,1,0,459716,145894,46000,61956,1.3514209492756308,0.2980803464036565
21175,0.5553888888888889,0,1,0,459717,145893,46000,61956,1.3514116862425432,0.2980817805233607
21176,0.5554166666666667,2,5,2,459722,145888,46002,61954,1.3513653710771054,0.29808219705353106
21177,0.5554285714285715,0,1,0,459723,145887,46002,61954,1.351356108044018,0.2980836312373401
21178,0.5554444444444444,1,1,1,459724,145886,46003,61953,1.3513468450109303,0.2980816882298317
21179,0.5554761904761905,0,2,0,459726,145884,46003,61953,1.3513283189447554,0.2980845566477576
21180,0.5554999999999999,0,1,0,459727,145883,46003,61953,1.3513190559116677,0.2980859908774226
21181,0.5555,1,19,1,459746,145864,46004,61952,1.3511430582830042,0.29810986642029486
21182,0.5555000000000001,0,1,0,459747,145863,46004,61952,1.3511337952499167,0.2981113009166807
21183,0.5555238095238095,0,1,0,459748,145862,46004,61952,1.351124532216829,0.2981127354268721
21184,0.5555555555555555,0,1,0,459749,145861,46004,61952,1.3511152691837416,0.2981141699508693
21185,0.5555555555555556,0,4,0,459753,145857,46004,61952,1.3510782170513913,0.2981199081849198
21186,0.5555714285714286,0,1,0,459754,145856,46004,61952,1.3510689540183038,0.2981213427779489
21187,0.5556111111111112,0,1,0,459755,145855,46004,61952,1.3510596909852162,0.29812277738478493
21188,0.5556190476190476,0,1,0,459756,145854,46004,61952,1.3510504279521287,0.29812421200542816
21189,0.5556190476190477,0,1,0,459757,145853,46004,61952,1.351041164919041,0.2981256466398787
21190,0.5556428571428572,1,1,1,459758,145852,46005,61951,1.3510319018859536,0.2981237037001391
21191,0.5556666666666665,0,1,0,459759,145851,46005,61951,1.3510226388528659,0.29812513835285515
21192,0.5556666666666666,3,25,3,459784,145826,46008,61948,1.3507910630256772,0.2981508754704631
21193,0.5556666666666668,3,8,3,459792,145818,46011,61945,1.3507169587609766,0.2981522215216376
21194,0.5556904761904762,0,1,0,459793,145817,46011,61945,1.3507076957278892,0.29815365658782644
21195,0.5557142857142857,3,12,3,459805,145805,46014,61942,1.3505965393308386,0.2981607435967788
21196,0.5557619047619048,0,2,0,459807,145803,46014,61942,1.3505780132646634,0.2981636140460661
21197,0.5558333333333332,0,1,0,459808,145802,46014,61942,1.3505687502315757,0.2981650492914356
21198,0.5558333333333333,5,50,5,459858,145752,46019,61937,1.3501055985771981,0.2982199346137735
21199,0.5558333333333334,11,65,11,459923,145687,46030,61926,1.349503501426507,0.2982761195108206
21200,0.5558571428571429,0,2,0,459925,145685,46030,61926,1.349484975360332,0.298278992924267
21201,0.5558791208791208,0,1,0,459926,145684,46030,61926,1.3494757123272445,0.2982804296517509
21202,0.5559047619047619,0,1,0,459927,145683,46030,61926,1.3494664492941568,0.29828186639307547
21203,0.5559166666666667,0,1,0,459928,145682,46030,61926,1.3494571862610694,0.2982833031482409
21204,0.555952380952381,0,2,0,459930,145680,46030,61926,1.3494386601948942,0.2982861767000954
21205,0.5559761904761905,1,5,1,459935,145675,46031,61925,1.3493923450294565,0.2982899807321773
21206,0.5559999999999999,1,6,1,459941,145669,46032,61924,1.349336766830931,0.2982952219005458
21207,0.556,21,99,21,460040,145570,46053,61903,1.3484197265552633,0.298366534440626
21208,0.5560396825396825,0,2,0,460042,145568,46053,61903,1.3484012004890882,0.298369410664623
21209,0.5560476190476191,1,0,1,460042,145568,46054,61902,1.3484012004890882,0.2983660288234444
21210,0.5560714285714284,0,1,0,460043,145567,46054,61902,1.3483919374560005,0.29836746694686916
21211,0.5560714285714287,0,1,0,460044,145566,46054,61902,1.348382674422913,0.29836890508415753
21212,0.5560833333333333,1,0,1,460044,145566,46055,61901,1.348382674422913,0.2983655231916401
21213,0.5560952380952381,0,1,0,460045,145565,46055,61901,1.3483734113898256,0.29836696133342333
21214,0.5561190476190476,1,0,1,460045,145565,46056,61900,1.3483734113898256,0.29836357939893476
21215,0.5561428571428572,0,1,0,460046,145564,46056,61900,1.348364148356738,0.29836501754521266
21216,0.5561666666666666,0,1,0,460047,145563,46056,61900,1.3483548853236504,0.2983664557053547
21217,0.5561666666666667,1,7,1,460054,145556,46057,61899,1.3482900440920376,0.29837314116314384
21218,0.5561904761904762,1,3,1,460057,145553,46058,61898,1.3482622549927747,0.2983740738776868
21219,0.5562222222222222,0,3,0,460060,145550,46058,61898,1.3482344658935121,0.29837838880104894
21220,0.5562499999999999,0,1,0,460061,145549,46058,61898,1.3482252028604247,0.2983798271365698
21221,0.55625,1,8,1,460069,145541,46059,61897,1.3481510985957241,0.298387952062785
21222,0.5562821067821069,0,1,0,460070,145540,46059,61897,1.3481418355626367,0.29838939051374636
21223,0.5562857142857144,1,3,1,460073,145537,46060,61896,1.348114046463374,0.2983903236225673
21224,0.5563095238095238,0,1,0,460074,145536,46060,61896,1.3481047834302864,0.29839176211963436
21225,0.5563333333333332,1,0,1,460074,145536,46061,61895,1.3481047834302864,0.2983883797503748
21226,0.5563333333333333,5,25,5,460099,145511,46066,61890,1.3478732076030975,0.2984074329439106
21227,0.5563409090909092,0,1,0,460100,145510,46066,61890,1.34786394457001,0.29840887174541947
21228,0.5563888888888888,0,1,0,460101,145509,46066,61890,1.3478546815369226,0.2984103105608031
21229,0.5564285714285714,0,1,0,460102,145508,46066,61890,1.3478454185038349,0.2984117493900616
21230,0.5564285714285715,1,2,1,460104,145506,46067,61889,1.3478268924376597,0.29841124424407534
21231,0.556452380952381,0,1,0,460105,145505,46067,61889,1.3478176294045723,0.2984126831055865
21232,0.5564563492063492,0,1,0,460106,145504,46067,61889,1.3478083663714846,0.29841412198097333
21233,0.5564642857142857,0,1,0,460107,145503,46067,61889,1.3477991033383971,0.2984155608702361
21234,0.5564761904761905,0,1,0,460108,145502,46067,61889,1.3477898403053095,0.29841699977337494
21235,0.5564999999999999,1,0,1,460108,145502,46068,61888,1.3477898403053095,0.2984136168571291
21236,0.5565,5,10,5,460118,145492,46073,61883,1.347697209974434,0.29841109101868596
21237,0.5565000000000001,2,2,2,460120,145490,46075,61881,1.3476786839082588,0.29840720255001907
21238,0.5565151515151515,0,1,0,460121,145489,46075,61881,1.3476694208751714,0.29840864155856683
21239,0.556531746031746,0,1,0,460122,145488,46075,61881,1.3476601578420837,0.2984100805809933
21240,0.556547619047619,0,1,0,460123,145487,46075,61881,1.3476508948089962,0.2984115196172987
21241,0.5565476190476191,0,2,0,460125,145485,46075,61881,1.347632368742821,0.2984143977315471
21242,0.5565555555555556,0,1,0,460126,145484,46075,61881,1.3476231057097336,0.2984158368094905
21243,0.5566190476190477,0,2,0,460128,145482,46075,61881,1.3476045796435585,0.29841871500701667
21244,0.5566666666666665,2,7,2,460135,145475,46077,61879,1.3475397384119456,0.2984220222421559
21245,0.5566666666666666,77,346,77,460481,145129,46154,61802,1.3443347289636518,0.2986599397866922
21246,0.5566666666666668,32,185,32,460666,144944,46186,61770,1.3426210678424544,0.29881865766227733
21247,0.5566904761904763,0,1,0,460667,144943,46186,61770,1.3426118048093667,0.2988201032349199
21248,0.556698051948052,3,5,3,460672,144938,46189,61767,1.342565489643929,0.2988171548825621
21249,0.5567142857142857,0,1,0,460673,144937,46189,61767,1.3425562266108415,0.29881860051087544
21250,0.5567380952380953,0,1,0,460674,144936,46189,61767,1.3425469635777538,0.2988200461531763
21251,0.55675,0,1,0,460675,144935,46189,61767,1.3425377005446664,0.2988214918094648
21252,0.5567857142857143,3,1,3,460676,144934,46192,61764,1.3425284375115787,0.29881276064596657
21253,0.5567922077922077,0,1,0,460677,144933,46192,61764,1.3425191744784912,0.29881420630197825
21254,0.5568333333333332,0,1,0,460678,144932,46192,61764,1.3425099114454038,0.2988156519719782
21255,0.5568333333333333,0,5,0,460683,144927,46192,61764,1.3424635962799658,0.29882288053180833
21256,0.5568333333333334,1,14,1,460697,144913,46193,61763,1.34233391381674,0.29883972981865337
21257,0.5568809523809524,0,2,0,460699,144911,46193,61763,1.3423153877505651,0.2988426217134231
21258,0.5568888888888889,0,1,0,460700,144910,46193,61763,1.3423061247174775,0.29884406768179683
21259,0.5569047619047619,2,0,2,460700,144910,46195,61761,1.3423061247174775,0.2988372824440778
21260,0.5569166666666667,0,1,0,460701,144909,46195,61761,1.34229686168439,0.29883872840760634
21261,0.5569285714285714,0,3,0,460704,144906,46195,61761,1.3422690725851272,0.298843066382151
21262,0.5569523809523809,1,3,1,460707,144903,46196,61760,1.3422412834858646,0.29884401174859554
21263,0.5569787157287158,0,1,0,460708,144902,46196,61760,1.3422320204527771,0.29884545780066
21264,0.5569999999999999,0,4,0,460712,144898,46196,61760,1.3421949683204268,0.2988512421488643
21265,0.557,2,25,2,460737,144873,46198,61758,1.341963392493238,0.29888061326712834
21266,0.5570238095238095,1,1,1,460738,144872,46199,61757,1.3419541294601505,0.298878666595686
21267,0.5570329670329671,0,1,0,460739,144871,46199,61757,1.3419448664270628,0.29888011305341
21268,0.5570833333333333,0,1,0,460740,144870,46199,61757,1.3419356033939753,0.2988815595251347
21269,0.5571388888888889,1,4,1,460744,144866,46200,61756,1.341898551261625,0.29888395233808596
21270,0.557142857142857,0,2,0,460746,144864,46200,61756,1.34188002519545,0.298886845416707
21271,0.5571428571428572,4,9,4,460755,144855,46204,61752,1.3417966578976621,0.29888629136476497
21272,0.5571666666666666,2,1,2,460756,144854,46206,61750,1.3417873948645744,0.29888095099804457
21273,0.5571666666666667,1,10,1,460766,144844,46207,61749,1.341694764533699,0.29889202441515444
21274,0.5571944444444444,0,1,0,460767,144843,46207,61749,1.3416855015006113,0.2988934711895911
21275,0.5572142857142857,1,1,1,460768,144842,46208,61748,1.3416762384675238,0.2988915242751343
21276,0.5572222222222222,0,1,0,460769,144841,46208,61748,1.3416669754344364,0.2988929710681595
21277,0.55725,0,1,0,460770,144840,46208,61748,1.3416577124013487,0.2988944178751912
21278,0.5572619047619047,0,2,0,460772,144838,46208,61748,1.3416391863351735,0.29889731153127513
21279,0.5573333333333332,0,10,0,460782,144828,46208,61748,1.341546556004298,0.29891178065215707
21280,0.5573333333333333,8,29,8,460811,144799,46216,61740,1.3412779280447589,0.2989265949772198
21281,0.5573333333333335,1,1,1,460812,144798,46217,61739,1.3412686650116714,0.29892464788391426
21282,0.5573809523809523,0,4,0,460816,144794,46217,61739,1.3412316128793211,0.2989304372666838
21283,0.5573809523809524,0,1,0,460817,144793,46217,61739,1.3412223498462337,0.29893188464741544
21284,0.5574523809523809,0,1,0,460818,144792,46217,61739,1.341213086813146,0.29893333204216316
21285,0.5574999999999999,1,8,1,460826,144784,46218,61738,1.3411389825484457,0.2989415171265047
21286,0.5575,45,235,45,461061,144549,46263,61693,1.3389621697728704,0.2991291783438873
21287,0.5575000000000001,0,3,0,461064,144546,46263,61693,1.3389343806736078,0.2991335295458182
21288,0.5575238095238095,1,2,1,461066,144544,46264,61692,1.3389158546074327,0.299133032060358
21289,0.5575476190476191,0,1,0,461067,144543,46264,61692,1.338906591574345,0.29913448250781877
21290,0.5575714285714285,0,1,0,461068,144542,46264,61692,1.3388973285412575,0.2991359329693455
21291,0.557595238095238,0,1,0,461069,144541,46264,61692,1.33888806550817,0.2991373834449385
21292,0.5575952380952381,0,1,0,461070,144540,46264,61692,1.3388788024750824,0.29913883393459795
21293,0.5576190476190477,0,4,0,461074,144536,46264,61692,1.3388417503427321,0.29914463603390423
21294,0.5576363636363637,0,1,0,461075,144535,46264,61692,1.3388324873096447,0.29914608659389896
21295,0.5576428571428571,0,1,0,461076,144534,46264,61692,1.3388232242765572,0.2991475371679614
21296,0.5576666666666665,0,2,0,461078,144532,46264,61692,1.338804698210382,0.29915043835829
21297,0.5576666666666666,2,20,2,461098,144512,46266,61690,1.3386194375486309,0.29917265593932163
21298,0.5576666666666668,2,5,2,461103,144507,46268,61688,1.3385731223831931,0.299173112830088
21299,0.5577142857142856,0,1,0,461104,144506,46268,61688,1.3385638593501057,0.2991745637603422
21300,0.5577301587301587,1,0,1,461104,144506,46269,61687,1.3385638593501057,0.29917116487950607
21301,0.5577380952380953,0,1,0,461105,144505,46269,61687,1.338554596317018,0.2991726158143866
21302,0.5577619047619049,1,0,1,461105,144505,46270,61686,1.338554596317018,0.2991692168911349
21303,0.5577777777777777,0,1,0,461106,144504,46270,61686,1.3385453332839305,0.29917066783064167
21304,0.5577777777777778,0,3,0,461109,144501,46270,61686,1.3385175441846677,0.2991750207336059
21305,0.5577849927849927,0,1,0,461110,144500,46270,61686,1.3385082811515803,0.29917647172940937
21306,0.5577857142857142,0,2,0,461112,144498,46270,61686,1.3384897550854051,0.2991793737632406
21307,0.5578095238095238,0,1,0,461113,144497,46270,61686,1.3384804920523177,0.2991808248012688
21308,0.5578134920634921,1,1,1,461114,144496,46271,61685,1.33847122901923,0.2991788768121214
21309,0.5578253968253969,1,0,1,461114,144496,46272,61684,1.33847122901923,0.29917547773789893
21310,0.5578333333333333,3,3,3,461117,144493,46275,61681,1.3384434399199674,0.29916963341643465
21311,0.5578333333333334,3,5,3,461122,144488,46278,61678,1.3383971247545297,0.2991666909189682
21312,0.5578571428571428,4,7,4,461129,144481,46282,61674,1.3383322835229168,0.2991632509519536
21313,0.5578809523809523,0,1,0,461130,144480,46282,61674,1.338323020489829,0.29916470211589397
21314,0.5579047619047618,1,0,1,461130,144480,46283,61673,1.338323020489829,0.29916130252773426
21315,0.5579047619047619,1,0,1,461130,144480,46284,61672,1.338323020489829,0.2991579029065932
21316,0.5579166666666666,1,3,1,461133,144477,46285,61671,1.3382952313905665,0.2991588567436987
21317,0.5579206349206349,0,2,0,461135,144475,46285,61671,1.3382767053243914,0.2991617591415793
21318,0.5579285714285714,0,1,0,461136,144474,46285,61671,1.338267442291304,0.2991632103616387
21319,0.5579999999999999,14,72,14,461208,144402,46299,61657,1.337600503909,0.2992201262745136
21320,0.558,1,5,1,461213,144397,46300,61656,1.3375541887435622,0.2992239860618385
21321,0.5580476190476191,1,0,1,461213,144397,46301,61655,1.3375541887435622,0.2992205850950246
21322,0.5580844155844156,0,1,0,461214,144396,46301,61655,1.3375449257104746,0.2992220372626194
21323,0.5580952380952381,0,1,0,461215,144395,46301,61655,1.337535662677387,0.29922348944430965
21324,0.5581190476190476,0,1,0,461216,144394,46301,61655,1.3375263996442994,0.29922494164009533
21325,0.5581666666666666,5,8,5,461224,144386,46306,61650,1.337452295379599,0.2992195538643732
21326,0.5581666666666667,0,3,0,461227,144383,46306,61650,1.3374245062803365,0.2992239107327467
21327,0.5581666666666668,0,1,0,461228,144382,46306,61650,1.3374152432472488,0.29922536305039993
21328,0.5582142857142857,0,3,0,461231,144379,46306,61650,1.3373874541479862,0.2992297200879488
21329,0.5582142857142858,0,1,0,461232,144378,46306,61650,1.3373781911148988,0.29923117246199543
21330,0.5582380952380952,0,2,0,461234,144376,46306,61650,1.3373596650487236,0.2992340772523856
21331,0.5582460317460317,0,1,0,461235,144375,46306,61650,1.337350402015636,0.2992355296687295
21332,0.55825,0,1,0,461236,144374,46306,61650,1.3373411389825485,0.29923698209917293
21333,0.5582536630036627,0,5,0,461241,144369,46306,61650,1.3372948238171107,0.29924424446288933
21334,0.5582857142857143,0,3,0,461244,144366,46306,61650,1.337267034717848,0.29924860205032616
21335,0.5582976190476191,0,1,0,461245,144365,46306,61650,1.3372577716847605,0.2992500546076742
21336,0.5583333333333332,23,119,23,461364,144246,46329,61627,1.3361554707473415,0.2993447416611212
21337,0.5583333333333333,33,191,33,461555,144055,46362,61594,1.3343862314276187,0.29951033070912086
21338,0.5583333333333335,1,1,1,461556,144054,46363,61593,1.334376968394531,0.29950838086624165
21339,0.5583611111111111,0,3,0,461559,144051,46363,61593,1.3343491792952684,0.2995127501896481
21340,0.5583809523809523,0,2,0,461561,144049,46363,61593,1.3343306532290933,0.2995156631427432
21341,0.5584523809523809,0,2,0,461563,144047,46363,61593,1.3343121271629181,0.2995185761524995
21342,0.5584761904761906,0,3,0,461566,144044,46363,61593,1.3342843380636555,0.29952294577337735
21343,0.5585,6,22,6,461588,144022,46369,61587,1.3340805513357294,0.2995345534485358
21344,0.5585000000000001,1,0,1,461588,144022,46370,61586,1.3340805513357294,0.29953114664799035
21345,0.558547619047619,1,2,1,461590,144020,46371,61585,1.3340620252695543,0.2995306534374164
21346,0.5585714285714285,1,4,1,461594,144016,46372,61584,1.334024973137204,0.2995330739299611
21347,0.5585714285714286,1,4,1,461598,144012,46373,61583,1.3339879210048537,0.29953549454023687
21348,0.5585714285714287,1,1,1,461599,144011,46374,61582,1.3339786579717663,0.2995335444300146
21349,0.5585833333333333,1,3,1,461602,144008,46375,61581,1.3339508688725037,0.2995345081692114
21350,0.5586190476190476,0,3,0,461605,144005,46375,61581,1.3339230797732409,0.29953887910655397
21351,0.5586190476190477,0,1,0,461606,144004,46375,61581,1.3339138167401534,0.2995403361140161
21352,0.5586309523809524,1,0,1,461606,144004,46376,61580,1.3339138167401534,0.29953692894388667
21353,0.5586666666666666,6,21,6,461627,143983,46382,61574,1.3337192930453148,0.2995470842637322
21354,0.5586666666666668,0,4,0,461631,143979,46382,61574,1.3336822409129645,0.29955291336054446
21355,0.5586883116883117,1,0,1,461631,143979,46383,61573,1.3336822409129645,0.29954950572118005
21356,0.5586904761904762,0,1,0,461632,143978,46383,61573,1.333672977879877,0.29955096302134265
21357,0.5587142857142857,0,2,0,461634,143976,46383,61573,1.333654451813702,0.2995538776642066
21358,0.55875,3,6,3,461640,143970,46386,61570,1.3335988736151765,0.299552398559891
21359,0.5587857142857143,0,1,0,461641,143969,46386,61570,1.333589610582089,0.2995538559592097
21360,0.5588095238095238,1,2,1,461643,143967,46387,61569,1.3335710845159139,0.29955336291452594
21361,0.5588095238095239,0,1,0,461644,143966,46387,61569,1.3335618214828264,0.29955482034689956
21362,0.5588333333333332,0,2,0,461646,143964,46387,61569,1.3335432954166513,0.29955773525419277
21363,0.5588333333333333,1,5,1,461651,143959,46388,61568,1.3334969802512135,0.2995616147756742
21364,0.5588333333333334,0,2,0,461653,143957,46388,61568,1.3334784541850384,0.2995645298625471
21365,0.5588809523809525,1,0,1,461653,143957,46389,61567,1.3334784541850384,0.2995611218154571
21366,0.558904761904762,0,1,0,461654,143956,46389,61567,1.3334691911519507,0.2995625793706787
21367,0.5589166666666666,2,1,2,461655,143955,46391,61565,1.3334599281188633,0.29955722070844687
21368,0.5589285714285714,0,1,0,461656,143954,46391,61565,1.3334506650857756,0.29955867827305505
21369,0.5589444444444445,1,0,1,461656,143954,46392,61564,1.3334506650857756,0.29955527009799626
21370,0.5589761904761904,0,1,0,461657,143953,46392,61564,1.3334414020526881,0.2995567276672976
21371,0.5589999999999999,8,36,8,461693,143917,46400,61556,1.3331079328615363,0.29958194020625584
21372,0.559,1,5,1,461698,143912,46401,61555,1.3330616176960983,0.29958582156745367
21373,0.5590238095238095,1,0,1,461698,143912,46402,61554,1.3330616176960983,0.29958241266194896
21374,0.559047619047619,1,6,1,461704,143906,46403,61553,1.3330060394975731,0.2995877523009457
21375,0.5590634920634922,0,5,0,461709,143901,46403,61553,1.3329597243321354,0.299595043172681
21376,0.5590833333333334,0,1,0,461710,143900,46403,61553,1.3329504612990477,0.29959650138961225
21377,0.559128205128205,0,1,0,461711,143899,46403,61553,1.3329411982659602,0.29959795962073865
21378,0.5591428571428572,0,1,0,461712,143898,46403,61553,1.3329319352328726,0.29959941786606054
21379,0.5591666666666666,18,67,18,461779,143831,46421,61535,1.3323113120160066,0.29963577223104115
21380,0.5591666666666667,9,40,9,461819,143791,46430,61526,1.3319407906925043,0.29966344725473293
21381,0.5591666666666668,1,1,1,461820,143790,46431,61525,1.3319315276594168,0.29966149575043227
21382,0.55925,0,1,0,461821,143789,46431,61525,1.3319222646263293,0.2996629552782567
21383,0.5592777777777779,0,1,0,461822,143788,46431,61525,1.3319130015932417,0.29966441482029876
21384,0.5592857142857142,2,0,2,461822,143788,46433,61523,1.3319130015932417,0.2996575926277696
21385,0.5592857142857143,3,9,3,461831,143779,46436,61520,1.3318296342954536,0.2996604951802006
21386,0.5593095238095238,0,1,0,461832,143778,46436,61520,1.3318203712623662,0.29966195481690033
21387,0.5593320405085112,0,1,0,461833,143777,46436,61520,1.3318111082292785,0.2996634144678198
21388,0.5593333333333333,8,54,8,461887,143723,46444,61512,1.3313109044425506,0.2997149608984822
21389,0.5593571428571428,1,2,1,461889,143721,46445,61511,1.3312923783763755,0.29971446947844393
21390,0.5593571428571429,0,1,0,461890,143720,46445,61511,1.331283115343288,0.29971592985465156
21391,0.5593809523809523,0,1,0,461891,143719,46445,61511,1.3312738523102003,0.29971739024509086
21392,0.5593974358974358,1,0,1,461891,143719,46446,61510,1.3312738523102003,0.2997139780440386
21393,0.5594047619047618,0,1,0,461892,143718,46446,61510,1.3312645892771129,0.29971543843919934
21394,0.5594285714285715,3,1,3,461893,143717,46449,61507,1.3312553262440254,0.2997066619888512
21395,0.5594545454545454,0,1,0,461894,143716,46449,61507,1.3312460632109377,0.29970812238394334
21396,0.559469696969697,0,1,0,461895,143715,46449,61507,1.3312368001778503,0.29970958279326776
21397,0.5594761904761905,1,2,1,461897,143713,46450,61506,1.3312182741116751,0.2997090912634795
21398,0.5595,2,13,2,461910,143700,46452,61504,1.3310978546815369,0.29972125299701763
21399,0.5595238095238095,0,5,0,461915,143695,46452,61504,1.3310515395160991,0.2997285561820477
21400,0.559540404040404,0,3,0,461918,143692,46452,61504,1.3310237504168365,0.2997329382639038
21401,0.5595476190476191,1,2,1,461920,143690,46453,61503,1.3310052243506614,0.29973244701329965
21402,0.5595833333333333,1,2,1,461922,143688,46454,61502,1.3309866982844862,0.29973195574833084
21403,0.5596428571428571,0,2,0,461924,143686,46454,61502,1.330968172218311,0.2997348772832719
21404,0.5596666666666665,0,3,0,461927,143683,46454,61502,1.3309403831190485,0.29973925969247267
21405,0.5596666666666666,6,9,6,461936,143674,46460,61496,1.3308570158212605,0.29973192961934003
21406,0.5596904761904762,0,1,0,461937,143673,46460,61496,1.330847752788173,0.29973339052195996
21407,0.5597142857142857,0,2,0,461939,143671,46460,61496,1.3308292267219979,0.29973631236992304
21408,0.5597222222222222,0,2,0,461941,143669,46460,61496,1.3308107006558227,0.29973923427485194
21409,0.5597380952380953,2,0,2,461941,143669,46462,61494,1.3308107006558227,0.2997324078903116
21410,0.55975,0,3,0,461944,143666,46462,61494,1.3307829115565601,0.2997367907974264
21411,0.5597604617604616,2,3,2,461947,143663,46464,61492,1.3307551224572973,0.29973434720089687
21412,0.5597738095238094,0,3,0,461950,143660,46464,61492,1.3307273333580347,0.2997387303072844
21413,0.559809523809524,0,1,0,461951,143659,46464,61492,1.3307180703249473,0.29974019137123387
21414,0.5598214285714286,0,1,0,461952,143658,46464,61492,1.3307088072918596,0.29974165244942724
21415,0.5598333333333333,2,7,2,461959,143651,46466,61490,1.3306439660602467,0.299745053402294
21416,0.5598333333333334,0,1,0,461960,143650,46466,61490,1.3306347030271592,0.2997465145754119
21417,0.559861111111111,0,1,0,461961,143649,46466,61490,1.3306254399940716,0.2997479757627755
21418,0.5598809523809524,0,2,0,461963,143647,46466,61490,1.3306069139278967,0.29975089818024053
21419,0.5599166666666666,0,1,0,461964,143646,46466,61490,1.330597650894809,0.2997523594103424
21420,0.5599285714285714,1,1,1,461965,143645,46467,61489,1.3305883878617215,0.2997504070510008
21421,0.559952380952381,1,1,1,461966,143644,46468,61488,1.3305791248286338,0.2997484546535889
21422,0.5599722222222224,0,1,0,461967,143643,46468,61488,1.3305698617955464,0.29974991590739575
21423,0.5599761904761905,1,0,1,461967,143643,46469,61487,1.3305698617955464,0.2997465022181056
21424,0.5599999999999999,3,28,3,461995,143615,46472,61484,1.3303104968690949,0.299777180776113
21425,0.56,537,2395,537,464390,141220,47009,60947,1.3081255326244026,0.30146858785063835
21426,0.5600238095238095,0,3,0,464393,141217,47009,60947,1.30809774352514,0.3014730614748422
21427,0.560047619047619,1,0,1,464393,141217,47010,60946,1.30809774352514,0.30146960620885127
21428,0.5600555555555556,0,1,0,464394,141216,47010,60946,1.3080884804920523,0.3014710974367092
21429,0.5600595238095238,0,1,0,464395,141215,47010,60946,1.3080792174589648,0.30147258867932
21430,0.5600833333333333,0,3,0,464398,141212,47010,60946,1.308051428359702,0.3014770624956717
21431,0.5600833333333334,1,0,1,464398,141212,47011,60945,1.308051428359702,0.30147360714692045
21432,0.5601190476190476,0,1,0,464399,141211,47011,60945,1.3080421653266145,0.3014750984388294
21433,0.5601271929824562,3,1,3,464400,141210,47014,60942,1.308032902293527,0.30146622343583046
21434,0.5601428571428572,0,1,0,464401,141209,47014,60942,1.3080236392604394,0.3014677147280993
21435,0.5601547619047619,0,1,0,464402,141208,47014,60942,1.308014376227352,0.30146920603512245
21436,0.5601666666666666,0,1,0,464403,141207,47014,60942,1.3080051131942643,0.30147069735690013
21437,0.5601666666666667,3,16,3,464419,141191,47017,60939,1.3078569046648634,0.3014841933409192
21438,0.5601904761904762,1,0,1,464419,141191,47018,60938,1.3078569046648634,0.3014807375487931
21439,0.5601984126984126,0,1,0,464420,141190,47018,60938,1.307847641631776,0.30148222908256156
21440,0.5602142857142857,0,1,0,464421,141189,47018,60938,1.3078383785986885,0.30148372063108836
21441,0.5602380952380951,1,2,1,464423,141187,47019,60937,1.3078198525325133,0.30148324790722525
21442,0.5602680097680098,0,2,0,464425,141185,47019,60937,1.3078013264663382,0.3014862310881547
21443,0.5602857142857143,1,0,1,464425,141185,47020,60936,1.3078013264663382,0.30148277516932925
21444,0.5603095238095238,1,0,1,464425,141185,47021,60935,1.3078013264663382,0.30147931921630716
21445,0.5603333333333332,1,1,1,464426,141184,47022,60934,1.3077920634332505,0.30147735481253524
21446,0.5603333333333333,1,13,1,464439,141171,47023,60933,1.3076716440031124,0.3014932905830661
21447,0.5603681318681318,0,2,0,464441,141169,47023,60933,1.3076531179369373,0.3014962741585932
21448,0.5604166666666667,0,2,0,464443,141167,47023,60933,1.3076345918707621,0.3014992577931717
21449,0.5604761904761904,1,0,1,464443,141167,47024,60932,1.3076345918707621,0.30149580156260053
21450,0.5604761904761905,1,4,1,464447,141163,47025,60931,1.3075975397384119,0.301498312666383
21451,0.5605,3,21,3,464468,141142,47028,60928,1.3074030160435732,0.3015192754985896
21452,0.5605238095238095,2,4,2,464472,141138,47030,60926,1.3073659639112232,0.3015183308258769
21453,0.5605238095238096,0,2,0,464474,141136,47030,60926,1.307347437845048,0.30152131523987685
21454,0.5605476190476191,0,2,0,464476,141134,47030,60926,1.307328911778873,0.3015242997129565
21455,0.5605595238095238,0,1,0,464477,141133,47030,60926,1.3073196487457852,0.30152579197165186
21456,0.5605833333333333,0,1,0,464478,141132,47030,60926,1.3073103857126978,0.30152728424511777
21457,0.560595238095238,0,1,0,464479,141131,47030,60926,1.3073011226796103,0.30152877653335447
21458,0.5605952380952381,1,1,1,464480,141130,47031,60925,1.3072918596465226,0.30152681200663184
21459,0.5606190476190477,0,1,0,464481,141129,47031,60925,1.3072825966134352,0.30152830431468813
21460,0.5606428571428572,0,1,0,464482,141128,47031,60925,1.3072733335803475,0.3015297966375159
21461,0.5606666666666665,0,1,0,464483,141127,47031,60925,1.30726407054726,0.30153128897511533
21462,0.5606666666666666,14,32,14,464515,141095,47045,60911,1.3069676534884582,0.3015306476045266
21463,0.5606904761904762,0,1,0,464516,141094,47045,60911,1.3069583904553708,0.30153214029355707
21464,0.5606969696969696,1,0,1,464516,141094,47046,60910,1.3069583904553708,0.30152868260034454
21465,0.5606969696969697,0,1,0,464517,141093,47046,60910,1.306949127422283,0.30153017529442633
21466,0.5607142857142857,1,4,1,464521,141089,47047,60909,1.306912075289933,0.30153268844245984
21467,0.5607261904761904,1,0,1,464521,141089,47048,60908,1.306912075289933,0.3015292306321381
21468,0.5607380952380951,1,0,1,464521,141089,47049,60907,1.306912075289933,0.30152577278757997
21469,0.5607619047619047,0,1,0,464522,141088,47049,60907,1.3069028122568453,0.30152726552637443
21470,0.5607619047619048,0,1,0,464523,141087,47049,60907,1.3068935492237579,0.3015287582799489
21471,0.5608333333333333,12,32,12,464555,141055,47061,60895,1.306597132164956,0.30153503342411486
21472,0.5608333333333334,9,52,9,464607,141003,47070,60886,1.3061154544444034,0.30158156214553544
21473,0.5608571428571428,0,1,0,464608,141002,47070,60886,1.3061061914113157,0.3015830559518149
21474,0.5608809523809524,0,2,0,464610,141000,47070,60886,1.3060876653451405,0.3015860436087693
21475,0.5609285714285714,0,2,0,464612,140998,47070,60886,1.3060691392789654,0.30158903132491927
21476,0.5609404761904762,0,1,0,464613,140997,47070,60886,1.306059876245878,0.3015905252051931
21477,0.5609444444444445,0,1,0,464614,140996,47070,60886,1.3060506132127905,0.3015920191002665
21478,0.560952380952381,0,3,0,464617,140993,47070,60886,1.3060228241135277,0.3015965008742861
21479,0.5609761904761905,0,1,0,464618,140992,47070,60886,1.3060135610804402,0.3015979948285598
21480,0.5609999999999999,1,0,1,464618,140992,47071,60885,1.3060135610804402,0.30159453528633773
21481,0.561,12,33,12,464651,140959,47083,60873,1.305707880988551,0.3016023227238495
21482,0.5610238095238095,0,2,0,464653,140957,47083,60873,1.3056893549223758,0.30160531140068375
21483,0.5610238095238096,0,1,0,464654,140956,47083,60873,1.3056800918892881,0.30160680576131277
21484,0.5610277777777778,0,1,0,464655,140955,47083,60873,1.3056708288562007,0.3016083001367501
21485,0.5610595238095238,0,1,0,464656,140954,47083,60873,1.3056615658231132,0.3016097945269959
21486,0.5610714285714287,0,2,0,464658,140952,47083,60873,1.305643039756938,0.30161278335191377
21487,0.5610833333333333,0,1,0,464659,140951,47083,60873,1.3056337767238504,0.30161427778658634
21488,0.5610833333333334,0,1,0,464660,140950,47083,60873,1.305624513690763,0.3016157722360682
21489,0.5611071428571429,0,1,0,464661,140949,47083,60873,1.3056152506576753,0.3016172667003597
21490,0.561128427128427,0,1,0,464662,140948,47083,60873,1.3056059876245878,0.301618761179461
21491,0.5611309523809525,0,1,0,464663,140947,47083,60873,1.3055967245915003,0.3016202556733723
21492,0.5611666666666666,0,1,0,464664,140946,47083,60873,1.3055874615584127,0.30162175018209386
21493,0.5611666666666667,0,8,0,464672,140938,47083,60873,1.3055133572937123,0.3016337067850613
21494,0.5611688311688312,0,1,0,464673,140937,47083,60873,1.3055040942606246,0.3016352014270849
21495,0.5611904761904761,0,2,0,464675,140935,47083,60873,1.3054855681944495,0.30163819075556964
21496,0.5611904761904762,0,5,0,464680,140930,47083,60873,1.3054392530290118,0.30164566433601087
21497,0.5612045454545456,0,2,0,464682,140928,47083,60873,1.3054207269628366,0.30164865387188367
21498,0.5612420634920635,1,0,1,464682,140928,47084,60872,1.3054207269628366,0.3016451932606541
21499,0.56125,3,6,3,464688,140922,47087,60869,1.3053651487643114,0.30164377995054287
21500,0.5612550505050503,1,6,1,464694,140916,47088,60868,1.305309570565786,0.3016492883479364
21501,0.5612619047619049,0,1,0,464695,140915,47088,60868,1.3053003075326985,0.30165078326717315
21502,0.5613095238095237,2,1,2,464696,140914,47090,60866,1.3052910444996109,0.3016453563286748
21503,0.5613095238095238,0,2,0,464698,140912,47090,60866,1.305272518433436,0.3016483462022619
21504,0.5613333333333332,0,5,0,464703,140907,47090,60866,1.305226203267998,0.30165582114554473
21505,0.5613333333333334,4,28,4,464731,140879,47094,60862,1.3049668383415465,0.30168384215404903
21506,0.5614018379281537,0,1,0,464732,140878,47094,60862,1.304957575308459,0.30168533756320015
21507,0.561404761904762,1,0,1,464732,140878,47095,60861,1.304957575308459,0.30168187608741986
21508,0.5614166666666667,0,1,0,464733,140877,47095,60861,1.3049483122753716,0.30168337150165064
21509,0.5614285714285714,0,1,0,464734,140876,47095,60861,1.3049390492422839,0.3016848669307068
21510,0.5614285714285715,0,5,0,464739,140871,47095,60861,1.3048927340768461,0.30169234429837605
21511,0.5614671717171715,0,3,0,464742,140868,47095,60861,1.3048649449775835,0.3016968308968963
21512,0.5615,5,19,5,464761,140849,47100,60856,1.3046889473489198,0.3017079398130934
21513,0.5615000000000001,0,3,0,464764,140846,47100,60856,1.3046611582496572,0.30171242724415226
21514,0.561547619047619,0,2,0,464766,140844,47100,60856,1.304642632183482,0.3017154189390183
21515,0.5615476190476191,0,2,0,464768,140842,47100,60856,1.304624106117307,0.3017184106932146
21516,0.5615833333333332,0,1,0,464769,140841,47100,60856,1.3046148430842195,0.3017199065925621
21517,0.561595238095238,0,3,0,464772,140838,47100,60856,1.304587053984957,0.30172439437960474
21518,0.5616190476190475,0,2,0,464774,140836,47100,60856,1.3045685279187818,0.3017273863118022
21519,0.5616666666666665,0,1,0,464775,140835,47100,60856,1.304559264885694,0.3017288823001522
21520,0.5616666666666666,44,189,44,464964,140646,47144,60812,1.3028085516321464,0.30185944464851233
21521,0.5616666666666668,27,100,27,465064,140546,47171,60785,1.301882248323391,0.3019157506792297
21522,0.5617222222222221,1,0,1,465064,140546,47172,60784,1.301882248323391,0.30191228331594894
21523,0.5617857142857143,1,3,1,465067,140543,47173,60783,1.3018544592241283,0.30191331472338395
21524,0.5618181818181819,0,1,0,465068,140542,47173,60783,1.3018451961910409,0.3019148143548988
21525,0.5618333333333333,1,6,1,465074,140536,47174,60782,1.3017896179925155,0.30192034492693154
21526,0.5618333333333334,4,6,4,465080,140530,47178,60778,1.30173403979399,0.30191547280783676
21527,0.5618571428571428,1,0,1,465080,140530,47179,60777,1.30173403979399,0.30191200504701776
21528,0.5619047619047619,0,2,0,465082,140528,47179,60777,1.3017155137278151,0.3019150045950175
21529,0.561904761904762,0,1,0,465083,140527,47179,60777,1.3017062506947275,0.3019165043913683
21530,0.5619166666666666,0,1,0,465084,140526,47179,60777,1.30169698766164,0.30191800420261994
21531,0.5619523809523809,1,0,1,465084,140526,47180,60776,1.30169698766164,0.3019145363682427
21532,0.561952380952381,0,1,0,465085,140525,47180,60776,1.3016877246285523,0.30191603618461904
21533,0.5619761904761904,0,1,0,465086,140524,47180,60776,1.3016784615954649,0.30191753601589666
21534,0.5619999999999999,0,11,0,465097,140513,47180,60776,1.3015765682315017,0.30193403514350015
21535,0.562,10,58,10,465155,140455,47190,60766,1.3010393123124235,0.3019863731916649
21536,0.5620238095238095,0,1,0,465156,140454,47190,60766,1.301030049279336,0.3019878739687904
21537,0.5620238095238096,0,3,0,465159,140451,47190,60766,1.3010022601800733,0.30199237638966886
21538,0.562030303030303,0,1,0,465160,140450,47190,60766,1.3009929971469858,0.3019938772264631
21539,0.562047619047619,0,1,0,465161,140449,47190,60766,1.3009837341138983,0.3019953780781751
21540,0.5620833333333334,0,2,0,465163,140447,47190,60766,1.3009652080477232,0.3019983798263532
21541,0.562111111111111,0,1,0,465164,140446,47190,60766,1.3009559450146355,0.3019998807228197
21542,0.5621428571428572,4,6,4,465170,140440,47194,60762,1.3009003668161103,0.3019950099899603
21543,0.5621428571428573,0,1,0,465171,140439,47194,60762,1.3008911037830226,0.30199651095173485
21544,0.5621666666666666,3,4,3,465175,140435,47197,60759,1.3008540516506726,0.3019921071204907
21545,0.5621666666666667,0,6,0,465181,140429,47197,60759,1.3007984734521472,0.3020011133864843
21546,0.5621904761904762,0,1,0,465182,140428,47197,60759,1.3007892104190597,0.30200261448304316
21547,0.5622142857142857,0,1,0,465183,140427,47197,60759,1.300779947385972,0.30200411559452445
21548,0.5622222222222222,0,1,0,465184,140426,47197,60759,1.3007706843528846,0.3020056167209285
21549,0.56225,0,3,0,465187,140423,47197,60759,1.3007428952536217,0.302010120189679
21550,0.5622619047619047,0,1,0,465188,140422,47197,60759,1.3007336322205343,0.30201162137577603
21551,0.5622619047619049,1,2,1,465190,140420,47198,60758,1.3007151061543591,0.30201115430116615
21552,0.5623095238095237,1,0,1,465190,140420,47199,60757,1.3007151061543591,0.30200768477509854
21553,0.5623333333333332,2,11,2,465201,140409,47201,60755,1.300613212790396,0.3020172595494224
21554,0.5623333333333334,3,17,3,465218,140392,47204,60752,1.3004557412279076,0.30203237481605216
21555,0.5623333333333335,1,1,1,465219,140391,47205,60751,1.3004464781948202,0.3020304063795726
21556,0.5623611111111111,0,1,0,465220,140390,47205,60751,1.3004372151617325,0.30203190796505935
21557,0.5623809523809523,1,6,1,465226,140384,47206,60750,1.3003816369632073,0.30203744767170143
21558,0.5623809523809524,0,2,0,465228,140382,47206,60750,1.3003631108970322,0.30204045104707355
21559,0.5624404761904762,0,1,0,465229,140381,47206,60750,1.3003538478639445,0.3020419527571583
21560,0.5624603174603174,1,0,1,465229,140381,47207,60749,1.3003538478639445,0.30203848257345994
21561,0.5624642857142859,0,2,0,465231,140379,47207,60749,1.3003353217977696,0.30204148601885367
21562,0.5624682539682538,0,1,0,465232,140378,47207,60749,1.3003260587646819,0.30204298776395017
21563,0.5624999999999999,4,15,4,465247,140363,47211,60745,1.3001871132683687,0.3020516339479285
21564,0.5625,53,236,53,465483,140127,47264,60692,1.2980010374597057,0.302222399274969
21565,0.5625000000000001,1,5,1,465488,140122,47265,60691,1.297954722294268,0.3022264494828522
21566,0.5625238095238094,0,2,0,465490,140120,47265,60691,1.2979361962280929,0.302229459541559
21567,0.5626190476190476,0,2,0,465492,140118,47265,60691,1.2979176701619177,0.3022324696602244
21568,0.5626190476190477,0,4,0,465496,140114,47265,60691,1.2978806180295677,0.3022384900774383
21569,0.5626666666666665,0,3,0,465499,140111,47265,60691,1.2978528289303048,0.3022430055477535
21570,0.5626666666666666,3,27,3,465526,140084,47268,60688,1.297602727036941,0.30227322535014844
21571,0.5626666666666668,6,9,6,465535,140075,47274,60682,1.297519359739153,0.3022659234796296
21572,0.5627301587301586,0,1,0,465536,140074,47274,60682,1.2975100967060655,0.3022674291179342
21573,0.5627380952380953,0,1,0,465537,140073,47274,60682,1.2975008336729779,0.30226893477123856
21574,0.5627499999999999,1,0,1,465537,140073,47275,60681,1.2975008336729779,0.3022654592187453
21575,0.56275,0,1,0,465538,140072,47275,60681,1.2974915706398904,0.3022669648772372
21576,0.5627738095238096,0,2,0,465540,140070,47275,60681,1.2974730445737153,0.30226997623922175
21577,0.5627777777777778,0,1,0,465541,140069,47275,60681,1.2974637815406276,0.3022714819427148
21578,0.5628333333333333,0,3,0,465544,140066,47275,60681,1.297435992441365,0.30227599914320014
21579,0.5628333333333334,0,5,0,465549,140061,47275,60681,1.2973896772759272,0.30228352811070924
21580,0.5628571428571428,1,4,1,465553,140057,47276,60680,1.297352625143577,0.3022860758106378
21581,0.562857142857143,0,1,0,465554,140056,47276,60680,1.2973433621104895,0.3022875816993464
21582,0.5628888888888889,1,0,1,465554,140056,47277,60679,1.2973433621104895,0.30228410591077787
21583,0.5629047619047618,1,0,1,465554,140056,47278,60678,1.2973433621104895,0.3022806300875786
21584,0.5629047619047619,0,1,0,465555,140055,47278,60678,1.2973340990774018,0.30228213597166387
21585,0.5629166666666666,0,1,0,465556,140054,47278,60678,1.2973248360443144,0.302283641870753
21586,0.5629166666666667,0,1,0,465557,140053,47278,60678,1.2973155730112267,0.3022851477848464
21587,0.562952380952381,1,0,1,465557,140053,47279,60677,1.2973155730112267,0.3022816718975739
21588,0.5629523809523811,0,3,0,465560,140050,47279,60677,1.297287783911964,0.3022861897004389
21589,0.5629761904761905,0,1,0,465561,140049,47279,60677,1.2972785208788766,0.302287695664737
21590,0.563,5,45,5,465606,140004,47284,60672,1.2968616843899365,0.302338097231358
21591,0.5630000000000001,0,7,0,465613,139997,47284,60672,1.2967968431583237,0.30234864378653403
21592,0.563015873015873,0,1,0,465614,139996,47284,60672,1.2967875801252362,0.3023501504973389
21593,0.5630238095238095,1,1,1,465615,139995,47285,60671,1.2967783170921487,0.3023481805587394
21594,0.563047619047619,1,1,1,465616,139994,47286,60670,1.296769054059061,0.3023462105808715
21595,0.5630714285714286,0,1,0,465617,139993,47286,60670,1.2967597910259736,0.3023477173170938
21596,0.5630833333333333,1,1,1,465618,139992,47287,60669,1.296750527992886,0.30234574730515645
21597,0.5630909090909091,0,1,0,465619,139991,47287,60669,1.2967412649597985,0.30234725406159674
21598,0.563095238095238,0,2,0,465621,139989,47287,60669,1.2967227388936233,0.30235026761953177
21599,0.5631190476190476,1,0,1,465621,139989,47288,60668,1.2967227388936233,0.30234679079224747
21600,0.5631190476190477,1,1,1,465622,139988,47289,60667,1.2967134758605359,0.3023448207121677
21601,0.563126984126984,0,1,0,465623,139987,47289,60667,1.2967042128274482,0.30234632750904544
21602,0.5631428571428571,1,0,1,465623,139987,47290,60666,1.2967042128274482,0.30234285059281446
21603,0.5631428571428572,0,2,0,465625,139985,47290,60666,1.296685686761273,0.30234586421198995
21604,0.5631666666666666,3,5,3,465630,139980,47293,60663,1.2966393715958353,0.3023429673599378
21605,0.5631666666666667,0,11,0,465641,139969,47293,60663,1.2965374782318722,0.30235954384146096
21606,0.5631746031746032,1,0,1,465641,139969,47294,60662,1.2965374782318722,0.30235606660984593
21607,0.5631904761904762,0,1,0,465642,139968,47294,60662,1.2965282151987847,0.30235757364302446
21608,0.5632142857142857,0,1,0,465643,139967,47294,60662,1.2965189521656972,0.3023590806912261
21609,0.56325,0,2,0,465645,139965,47294,60662,1.296500426099522,0.3023620948326995
21610,0.5632554112554112,0,1,0,465646,139964,47294,60662,1.2964911630664344,0.3023636019259717
21611,0.5632857142857143,0,1,0,465647,139963,47294,60662,1.296481900033347,0.3023651090342679
21612,0.5633095238095238,0,1,0,465648,139962,47294,60662,1.2964726370002593,0.3023666161575883
21613,0.5633333333333332,52,215,52,465863,139747,47346,60610,1.2944810848864352,0.30251001961498725
21614,0.5633333333333334,73,315,73,466178,139432,47419,60537,1.2915632294638557,0.3027319234481345
21615,0.5633333333333335,1,3,1,466181,139429,47420,60536,1.291535440364593,0.30273297827119744
21616,0.5633571428571429,0,1,0,466182,139428,47420,60536,1.2915261773315054,0.30273449220859755
21617,0.5633809523809523,0,2,0,466184,139426,47420,60536,1.2915076512653303,0.3027375201288245
21618,0.5633888888888889,0,1,0,466185,139425,47420,60536,1.2914983882322428,0.30273903411165176
21619,0.5634166666666668,1,1,1,466186,139424,47421,60535,1.2914891251991552,0.302737061097525
21620,0.563452380952381,0,1,0,466187,139423,47421,60535,1.2914798621660677,0.3027385751007712
21621,0.5634761904761905,1,3,1,466190,139420,47422,60534,1.291452073066805,0.30273963011492644
21622,0.5635,5,13,5,466203,139407,47427,60529,1.2913316536366668,0.30274187740076824
21623,0.5635000000000001,1,1,1,466204,139406,47428,60528,1.2913223906035793,0.30273990416837554
21624,0.5635238095238094,0,2,0,466206,139404,47428,60528,1.2913038645374042,0.302742932597083
21625,0.5635238095238095,0,2,0,466208,139402,47428,60528,1.291285338471229,0.30274596108638024
21626,0.5635535714285713,3,1,3,466209,139401,47431,60525,1.2912760754381414,0.30273701269469705
21627,0.5635714285714285,1,2,1,466211,139399,47432,60524,1.2912575493719665,0.3027365535731257
21628,0.5635714285714286,0,3,0,466214,139396,47432,60524,1.2912297602727036,0.30274109643857544
21629,0.5635833333333333,0,1,0,466215,139395,47432,60524,1.2912204972396162,0.30274261075735676
21630,0.563595238095238,0,2,0,466217,139393,47432,60524,1.291201971173441,0.30274563944036775
21631,0.5636058811759275,0,7,0,466224,139386,47432,60524,1.2911371299418282,0.30275624030813864
21632,0.5636111111111111,0,2,0,466226,139384,47432,60524,1.291118603875653,0.3027592692638614
21633,0.5636428571428571,0,1,0,466227,139383,47432,60524,1.2911093408425656,0.3027607837644505
21634,0.5636666666666666,7,15,7,466242,139368,47439,60517,1.2909703953462521,0.30275908647472294
21635,0.5636666666666668,0,3,0,466245,139365,47439,60517,1.2909426062469895,0.30276363054201977
21636,0.5636904761904762,0,2,0,466247,139363,47439,60517,1.2909240801808144,0.3027666599959976
21637,0.5636904761904763,0,2,0,466249,139361,47439,60517,1.2909055541146393,0.30276968951060146
21638,0.5637142857142856,0,1,0,466250,139360,47439,60517,1.2908962910815518,0.30277120429063875
21639,0.5637142857142857,0,1,0,466251,139359,47439,60517,1.2908870280484641,0.3027727190858332
21640,0.56375,2,2,2,466253,139357,47441,60515,1.290868501982289,0.302768772014089
21641,0.5637857142857142,0,1,0,466254,139356,47441,60515,1.2908592389492015,0.30277028683500856
21642,0.5638073593073593,0,3,0,466257,139353,47441,60515,1.290831449849939,0.3027748313887165
21643,0.5638095238095238,0,1,0,466258,139352,47441,60515,1.2908221868168512,0.3027763462702697
21644,0.5638333333333333,1,13,1,466271,139339,47442,60514,1.2907017673867132,0.3027925525261067
21645,0.5638333333333334,0,2,0,466273,139337,47442,60514,1.290683241320538,0.30279558270911827
21646,0.5638333333333335,0,2,0,466275,139335,47442,60514,1.2906647152543629,0.3027986129527793
21647,0.5638452380952382,1,0,1,466275,139335,47443,60513,1.2906647152543629,0.3027951242944638
21648,0.5638571428571428,1,1,1,466276,139334,47444,60512,1.2906554522212754,0.30279315072605906
21649,0.563857142857143,0,2,0,466278,139332,47444,60512,1.2906369261551003,0.30279618102119654
21650,0.5638690476190477,1,0,1,466278,139332,47445,60511,1.2906369261551003,0.3027926922634268
21651,0.5638809523809523,1,0,1,466278,139332,47446,60510,1.2906369261551003,0.3027892034707419
21652,0.5638888888888889,0,1,0,466279,139331,47446,60510,1.2906276631220126,0.3027907186213039
21653,0.5639047619047619,0,2,0,466281,139329,47446,60510,1.2906091370558375,0.30279374896791916
21654,0.5639285714285713,0,1,0,466282,139328,47446,60510,1.29059987402275,0.30279526416397284
21655,0.5639325396825398,0,3,0,466285,139325,47446,60510,1.2905720849234874,0.30279980984312055
21656,0.5639761904761904,0,1,0,466286,139324,47446,60510,1.2905628218903997,0.3028013250998329
21657,0.5639880952380952,0,1,0,466287,139323,47446,60510,1.2905535588573123,0.3028028403717104
21658,0.564,20,96,20,466383,139227,47466,60490,1.2896643076809071,0.3028785731810512
21659,0.5640000000000001,1,2,1,466385,139225,47467,60489,1.289645781614732,0.3028781157054588
21660,0.5640176767676768,0,1,0,466386,139224,47467,60489,1.2896365185816443,0.30287963227231074
21661,0.564047619047619,0,4,0,466390,139220,47467,60489,1.2895994664492942,0.30288569869159626
21662,0.5640714285714287,0,1,0,466391,139219,47467,60489,1.2895902034162066,0.3028872153343882
21663,0.5641025641025642,0,1,0,466392,139218,47467,60489,1.289580940383119,0.3028887319923688
21664,0.5641269841269841,0,1,0,466393,139217,47467,60489,1.2895716773500314,0.3028902486655383
21665,0.5641428571428571,0,1,0,466394,139216,47467,60489,1.289562414316944,0.302891765353897
21666,0.5641666666666666,13,67,13,466461,139149,47480,60476,1.2889417911000778,0.30294802755165934
21667,0.5641666666666667,10,42,10,466503,139107,47490,60466,1.2885527437104005,0.30297685558667753
21668,0.5641666666666668,0,1,0,466504,139106,47490,60466,1.288543480677313,0.3029783737197603
21669,0.5642142857142857,0,3,0,466507,139103,47490,60466,1.2885156915780502,0.30298292821029316
21670,0.5642261904761905,0,1,0,466508,139102,47490,60466,1.2885064285449628,0.30298444640423317
21671,0.5642380952380952,0,1,0,466509,139101,47490,60466,1.288497165511875,0.302985964613388
21672,0.5642499999999999,0,1,0,466510,139100,47490,60466,1.2884879024787876,0.30298748283775795
21673,0.5642857142857143,2,10,2,466520,139090,47492,60464,1.2883952721479122,0.3029956803672189
21674,0.5642857142857144,0,2,0,466522,139088,47492,60464,1.288376746081737,0.30299871712636306
21675,0.5643095238095238,0,1,0,466523,139087,47492,60464,1.2883674830486493,0.3030002355287621
21676,0.5643333333333334,5,29,5,466552,139058,47497,60459,1.2880988550891104,0.3030268097455355
21677,0.5643333333333335,1,1,1,466553,139057,47498,60458,1.288089592056023,0.3030248352254217
21678,0.5643809523809524,1,1,1,466554,139056,47499,60457,1.2880803290229352,0.30302286066572104
21679,0.5643888888888889,1,0,1,466554,139056,47500,60456,1.2880803290229352,0.3030193672561049
21680,0.5644404761904762,0,1,0,466555,139055,47500,60456,1.2880710659898478,0.3030208860664324
21681,0.5644444444444443,0,1,0,466556,139054,47500,60456,1.28806180295676,0.30302240489198534
21682,0.5644444444444444,3,3,3,466559,139051,47503,60453,1.2880340138574975,0.30301648087256394
21683,0.5644650072150071,0,1,0,466560,139050,47503,60453,1.28802475082441,0.30301799972932736
21684,0.564468253968254,0,2,0,466562,139048,47503,60453,1.288006224758235,0.3030210374885339
21685,0.5645,4,19,4,466581,139029,47507,60449,1.2878302271295714,0.30303592376101623
21686,0.5645238095238095,1,3,1,466584,139026,47508,60448,1.2878024380303086,0.3030369872765373
21687,0.5645238095238096,0,1,0,466585,139025,47508,60448,1.2877931749972211,0.30303850646453406
21688,0.5645454545454545,0,1,0,466586,139024,47508,60448,1.2877839119641334,0.3030400256677629
21689,0.564595238095238,0,1,0,466587,139023,47508,60448,1.287774648931046,0.3030415448862241
21690,0.5646428571428571,0,3,0,466590,139020,47508,60448,1.2877468598317834,0.3030461026330038
21691,0.56465873015873,0,1,0,466591,139019,47508,60448,1.2877375967986957,0.30304762191239654
21692,0.5646666666666667,4,25,4,466616,138994,47512,60444,1.287506020971507,0.3030716312839078
21693,0.5646688311688313,0,1,0,466617,138993,47512,60444,1.2874967579384193,0.30307315091983933
21694,0.5647051282051283,1,0,1,466617,138993,47513,60443,1.2874967579384193,0.3030696564311358
21695,0.5647142857142857,0,1,0,466618,138992,47513,60443,1.2874874949053319,0.3030711760724045
21696,0.56475,0,1,0,466619,138991,47513,60443,1.2874782318722442,0.3030726957289128
21697,0.5647619047619048,1,4,1,466623,138987,47514,60442,1.2874411797398941,0.30307527992418354
21698,0.5647857142857142,0,1,0,466624,138986,47514,60442,1.2874319167068065,0.3030767996469904
21699,0.564794733044733,1,2,1,466626,138984,47515,60441,1.2874133906406313,0.30307634449040993
21700,0.5648095238095239,1,1,1,466627,138983,47516,60440,1.2874041276075439,0.30307436955616956
21701,0.564809523809524,0,4,0,466631,138979,47516,60440,1.2873670754751936,0.3030804487034836
21702,0.5648333333333333,4,24,4,466655,138955,47520,60436,1.2871447626810923,0.30310294847811586
21703,0.5648333333333334,0,3,0,466658,138952,47520,60436,1.2871169735818295,0.3031075089774711
21704,0.5648333333333335,1,1,1,466659,138951,47521,60435,1.287107710548742,0.3031055339893473
21705,0.5648809523809524,0,1,0,466660,138950,47521,60435,1.2870984475156546,0.3031070541916393
21706,0.5649047619047619,1,0,1,466660,138950,47522,60434,1.2870984475156546,0.30310355896160174
21707,0.5649404761904762,0,1,0,466661,138949,47522,60434,1.287089184482567,0.3031050791692371
21708,0.5649444444444444,1,0,1,466661,138949,47523,60433,1.287089184482567,0.3031015838942332
21709,0.5649761904761905,1,0,1,466661,138949,47524,60432,1.287089184482567,0.303098088584168
21710,0.565,205,858,205,467519,138091,47729,60227,1.2791415020934456,0.3036890246977077
21711,0.5650000000000001,4,21,4,467540,138070,47733,60223,1.278946978398607,0.30370714044368685
21712,0.5650238095238095,0,1,0,467541,138069,47733,60223,1.2789377153655193,0.3037086720593872
21713,0.565047619047619,1,5,1,467546,138064,47734,60222,1.2788914002000815,0.3037128188576097
21714,0.5650555555555554,0,1,0,467547,138063,47734,60222,1.278882137166994,0.30371435055601786
21715,0.5650952380952381,0,1,0,467548,138062,47734,60222,1.2788728741339064,0.30371588226987556
21716,0.5651071428571428,0,1,0,467549,138061,47734,60222,1.278863611100819,0.303717413999183
21717,0.5651666666666666,1,1,1,467550,138060,47735,60221,1.2788543480677312,0.30371543415657576
21718,0.5651666666666667,2,8,2,467558,138052,47737,60219,1.278780243803031,0.30372066515022367
21719,0.5651904761904762,0,1,0,467559,138051,47737,60219,1.2787709807699432,0.3037221970040853
21720,0.5652142857142857,0,1,0,467560,138050,47737,60219,1.2787617177368558,0.30372372887339927
21721,0.5652225274725274,0,1,0,467561,138049,47737,60219,1.2787524547037683,0.3037252607581657
21722,0.56525,1,0,1,467561,138049,47738,60218,1.2787524547037683,0.3037217489546924
21723,0.5652777777777778,0,1,0,467562,138048,47738,60218,1.2787431916706806,0.3037232808449255
21724,0.5652857142857143,1,0,1,467562,138048,47739,60217,1.2787431916706806,0.30371976899604064
21725,0.5653080808080806,0,1,0,467563,138047,47739,60217,1.2787339286375932,0.3037213008917403
21726,0.5653333333333332,0,1,0,467564,138046,47739,60217,1.2787246656045055,0.30372283280289314
21727,0.5653333333333334,5,17,5,467581,138029,47744,60212,1.2785671940420171,0.3037313169324206
21728,0.5653571428571429,0,3,0,467584,138026,47744,60212,1.2785394049427545,0.3037359133970278
21729,0.5653809523809524,0,1,0,467585,138025,47744,60212,1.2785301419096669,0.3037374455828125
21730,0.5653888888888889,1,1,1,467586,138024,47745,60211,1.2785208788765794,0.3037354654828865
21731,0.5654166666666667,0,5,0,467591,138019,47745,60211,1.2784745637111417,0.3037431266710387
21732,0.5654386446886446,0,2,0,467593,138017,47745,60211,1.2784560376449665,0.303746191254515
21733,0.5654761904761905,1,2,1,467595,138015,47746,60210,1.2784375115787914,0.3037457434733258
21734,0.5655,0,12,0,467607,138003,47746,60210,1.2783263551817408,0.30376413252410284
21735,0.5655238095238095,0,1,0,467608,138002,47746,60210,1.278317092148653,0.30376566504550684
21736,0.5655555555555556,1,1,1,467609,138001,47747,60209,1.2783078291155656,0.30376368498057615
21737,0.5656428571428572,0,2,0,467611,137999,47747,60209,1.2782893030493905,0.3037667500807233
21738,0.5656666666666665,0,1,0,467612,137998,47747,60209,1.278280040016303,0.303768282653993
21739,0.5656666666666667,7,29,7,467641,137969,47754,60202,1.2780114120567638,0.3037881425637455
21740,0.5657142857142856,0,1,0,467642,137968,47754,60202,1.2780021490236764,0.30378967553110964
21741,0.5657142857142857,4,12,4,467654,137956,47758,60198,1.2778909926266258,0.3037940187934637
21742,0.5657460317460317,0,1,0,467655,137955,47758,60198,1.277881729593538,0.30379555192199964
21743,0.56575,0,6,0,467661,137949,47758,60198,1.2778261513950129,0.3038047510181835
21744,0.5658333333333333,9,42,9,467703,137907,47767,60189,1.2774371040053356,0.30383753331717955
21745,0.5658333333333334,12,57,12,467760,137850,47779,60177,1.276909111119345,0.3038828038600797
21746,0.5658571428571428,0,4,0,467764,137846,47779,60177,1.2768720589869946,0.3038889421935836
21747,0.5658650793650793,1,1,1,467765,137845,47780,60176,1.2768627959539072,0.303886961483883
21748,0.5658809523809524,0,2,0,467767,137843,47780,60176,1.276844269887732,0.30389003075462456
21749,0.5658888888888889,0,1,0,467768,137842,47780,60176,1.2768350068546446,0.30389156541324525
21750,0.5659040404040404,0,2,0,467770,137840,47780,60176,1.2768164807884694,0.3038946347769877
21751,0.5659285714285714,0,1,0,467771,137839,47780,60176,1.2768072177553818,0.30389616948210996
21752,0.5659523809523809,0,1,0,467772,137838,47780,60176,1.2767979547222943,0.30389770420273315
21753,0.565952380952381,1,7,1,467779,137831,47781,60175,1.2767331134906814,0.3039049321737725
21754,0.566,2,5,2,467784,137826,47783,60173,1.2766867983252437,0.30390557528068324
21755,0.5660000000000001,19,101,19,467885,137725,47802,60154,1.2757512319834006,0.3039938548304772
21756,0.5660714285714286,0,3,0,467888,137722,47802,60154,1.275723442884138,0.30399846368432754
21757,0.5660952380952381,0,1,0,467889,137721,47802,60154,1.2757141798510505,0.304
21758,0.5661071428571429,0,4,0,467893,137717,47802,60154,1.2756771277187002,0.3040061454179743
21759,0.5661190476190476,0,1,0,467894,137716,47802,60154,1.2756678646856126,0.30400768181129023
21760,0.5661428571428572,0,1,0,467895,137715,47802,60154,1.275658601652525,0.30400921822013555
21761,0.5661666666666666,1,2,1,467897,137713,47803,60153,1.27564007558635,0.3040087736144664
21762,0.5661666666666667,1,10,1,467907,137703,47804,60152,1.2755474452554745,0.30402062116196205
21763,0.5661904761904761,0,3,0,467910,137700,47804,60152,1.2755196561562119,0.3040252309807331
21764,0.5661904761904762,0,1,0,467911,137699,47804,60152,1.2755103931231242,0.304026767618056
21765,0.5662142857142857,0,1,0,467912,137698,47804,60152,1.2755011300900367,0.3040283042709123
21766,0.5662142857142858,1,0,1,467912,137698,47805,60151,1.2755011300900367,0.3040247865796643
21767,0.5662222222222223,0,1,0,467913,137697,47805,60151,1.275491867056949,0.30402632323804135
21768,0.56625,0,7,0,467920,137690,47805,60151,1.2754270258253362,0.3040370802816403
21769,0.5662619047619047,0,1,0,467921,137689,47805,60151,1.2754177627922487,0.30403861706429436
21770,0.5662777777777778,1,4,1,467925,137685,47806,60150,1.2753807106598984,0.30404124649328984
21771,0.5662857142857143,1,2,1,467927,137683,47807,60149,1.2753621845937233,0.3040408022968984
21772,0.5663333333333332,0,6,0,467933,137677,47807,60149,1.275306606395198,0.3040500237582522
21773,0.5663333333333334,1,26,1,467959,137651,47808,60148,1.2750657675349217,0.3040864716201801
21774,0.5663571428571429,0,1,0,467960,137650,47808,60148,1.275056504501834,0.30408800897885724
21775,0.5663809523809523,0,1,0,467961,137649,47808,60148,1.2750472414687466,0.30408954635307917
21776,0.5663888888888888,0,1,0,467962,137648,47808,60148,1.275037978435659,0.30409108374284616
21777,0.5664285714285715,0,4,0,467966,137644,47808,60148,1.2750009263033089,0.30409723345736933
21778,0.5664761904761906,0,1,0,467967,137643,47808,60148,1.2749916632702212,0.30409877092486515
21779,0.5664880952380953,0,1,0,467968,137642,47808,60148,1.2749824002371337,0.30410030840790736
21780,0.5664920634920635,0,2,0,467970,137640,47808,60148,1.2749638741709586,0.3041033834206322
21781,0.5664999999999999,1,1,1,467971,137639,47809,60147,1.274954611137871,0.3041014025259624
21782,0.5665,8,16,8,467987,137623,47817,60139,1.2748064026084702,0.30409785499742115
21783,0.566547619047619,0,1,0,467988,137622,47817,60139,1.2747971395753825,0.30409939270129094
21784,0.5665595238095239,0,1,0,467989,137621,47817,60139,1.274787876542295,0.30410093042071196
21785,0.5665769230769231,1,0,1,467989,137621,47818,60138,1.274787876542295,0.30409741149581054
21786,0.5665833333333333,1,1,1,467990,137620,47819,60137,1.2747786135092074,0.30409543025025665
21787,0.5665952380952382,0,1,0,467991,137619,47819,60137,1.27476935047612,0.3040969679807439
21788,0.5666190476190477,0,2,0,467993,137617,47819,60137,1.2747508244099448,0.30410004348837444
21789,0.5666428571428571,1,2,1,467995,137615,47820,60136,1.2747322983437697,0.30409960000202274
21790,0.5666666666666665,0,3,0,467998,137612,47820,60136,1.274704509244507,0.30410421344337235
21791,0.5666666666666667,83,343,83,468341,137269,47903,60053,1.2715272888954758,0.3043401141281763
21792,0.5666666666666668,32,205,32,468546,137064,47935,60021,1.2696283671125272,0.3045437247887967
21793,0.5667142857142857,0,1,0,468547,137063,47935,60021,1.2696191040794398,0.30454527003714155
21794,0.5667222222222223,0,1,0,468548,137062,47935,60021,1.2696098410463523,0.3045468153011675
21795,0.5667777777777779,1,1,1,468549,137061,47936,60020,1.2696005780132646,0.304544831820419
21796,0.5667857142857142,0,1,0,468550,137060,47936,60020,1.2695913149801772,0.30454637710574384
21797,0.5667857142857143,0,4,0,468554,137056,47936,60020,1.269554262847827,0.3045525584038645
21798,0.5667976190476189,1,0,1,468554,137056,47937,60019,1.269554262847827,0.30454902955727514
21799,0.5668253968253968,0,1,0,468555,137055,47937,60019,1.2695449998147392,0.30455057491094717
21800,0.5668333333333333,3,6,3,468561,137049,47940,60016,1.269489421616214,0.3045492603963159
21801,0.5668333333333334,6,17,6,468578,137032,47946,60010,1.2693319500537257,0.3045543589691538
21802,0.5668809523809524,0,3,0,468581,137029,47946,60010,1.2693041609544629,0.30455899593481495
21803,0.5669000721500723,0,3,0,468584,137026,47946,60010,1.2692763718552003,0.30456363304167766
21804,0.5669047619047619,0,1,0,468585,137025,47946,60010,1.2692671088221128,0.3045651787753445
21805,0.566904761904762,1,0,1,468585,137025,47947,60009,1.2692671088221128,0.3045616492585036
21806,0.5669166666666666,0,1,0,468586,137024,47947,60009,1.2692578457890251,0.3045631949977923
21807,0.5669444444444445,0,1,0,468587,137023,47947,60009,1.2692485827559377,0.3045647407527711
21808,0.566952380952381,0,1,0,468588,137022,47947,60009,1.26923931972285,0.3045662865234405
21809,0.5669761904761905,1,0,1,468588,137022,47948,60008,1.26923931972285,0.30456275694056745
21810,0.5669999999999998,0,1,0,468589,137021,47948,60008,1.2692300566897625,0.3045643027168589
21811,0.567,1,5,1,468594,137016,47949,60007,1.2691837415243248,0.30456850215457076
21812,0.5670000000000001,10,35,10,468629,136981,47959,59997,1.2688595353662604,0.3045873143193656
21813,0.5670238095238095,1,2,1,468631,136979,47960,59996,1.2688410093000853,0.304586876507171
21814,0.567047619047619,0,1,0,468632,136978,47960,59996,1.2688317462669976,0.30458842283753185
21815,0.5670714285714286,0,1,0,468633,136977,47960,59996,1.2688224832339101,0.3045899691835937
21816,0.5670833333333334,0,2,0,468635,136975,47960,59996,1.268803957167735,0.30459306192282115
21817,0.5671071428571427,2,0,2,468635,136975,47962,59994,1.268803957167735,0.3045860008427722
21818,0.5671428571428571,0,1,0,468636,136974,47962,59994,1.2687946941346475,0.3045875472157914
21819,0.5671428571428572,1,6,1,468642,136968,47963,59993,1.268739115936122,0.30459329511933836
21820,0.5671666666666666,1,4,1,468646,136964,47964,59992,1.2687020638037718,0.30459595036454845
21821,0.5671666666666667,0,5,0,468651,136959,47964,59992,1.268655748638334,0.3046036831496159
21822,0.5671904761904762,1,2,1,468653,136957,47965,59991,1.268637222572159,0.304603245526738
21823,0.5672142857142857,2,1,2,468654,136956,47967,59989,1.2686279595390715,0.304597730330803
21824,0.5672142857142858,1,0,1,468654,136956,47968,59988,1.2686279595390715,0.3045941993663173
21825,0.5672222222222222,0,1,0,468655,136955,47968,59988,1.268618696505984,0.30459574597726247
21826,0.5672301587301587,0,1,0,468656,136954,47968,59988,1.2686094334728963,0.3045972926039138
21827,0.5672857142857142,1,0,1,468656,136954,47969,59987,1.2686094334728963,0.3045937615834184
21828,0.5672857142857143,1,0,1,468656,136954,47970,59986,1.2686094334728963,0.3045902305270641
21829,0.5673095238095237,0,1,0,468657,136953,47970,59986,1.2686001704398089,0.30459177714926955
21830,0.5673333333333332,0,13,0,468670,136940,47970,59986,1.2684797510096706,0.30461188466733696
21831,0.5673333333333334,6,27,6,468697,136913,47976,59980,1.2682296491163065,0.3046324653491998
21832,0.5673333333333335,0,3,0,468700,136910,47976,59980,1.268201860017044,0.30463710701406876
21833,0.5673809523809523,0,1,0,468701,136909,47976,59980,1.2681925969839565,0.3046386542671251
21834,0.5673809523809524,0,3,0,468704,136906,47976,59980,1.2681648078846937,0.3046432961205977
21835,0.5674096459096458,0,1,0,468705,136905,47976,59980,1.2681555448516062,0.30464484343652387
21836,0.5674166666666667,0,2,0,468707,136903,47976,59980,1.268137018785431,0.30464793811553054
21837,0.5674761904761906,0,1,0,468708,136902,47976,59980,1.2681277557523436,0.30464948547861154
21838,0.5674880952380952,1,0,1,468708,136902,47977,59979,1.2681277557523436,0.30464595364712693
21839,0.5674945054945055,0,1,0,468709,136901,47977,59979,1.268118492719256,0.3046475010158472
21840,0.5674999999999999,1,2,1,468711,136899,47978,59978,1.2680999666530808,0.3046470639028429
21841,0.5675,63,236,63,468947,136663,48041,59915,1.265913890844418,0.30478995614972176
21842,0.5675000000000001,1,14,1,468961,136649,48042,59914,1.2657842083811923,0.30480812767407905
21843,0.5675238095238095,0,1,0,468962,136648,48042,59914,1.2657749453481049,0.30480967837120093
21844,0.5676071428571429,0,1,0,468963,136647,48042,59914,1.2657656823150172,0.30481122908410113
21845,0.5676111111111111,1,0,1,468963,136647,48043,59913,1.2657656823150172,0.30480769230769234
21846,0.5676190476190475,1,0,1,468963,136647,48044,59912,1.2657656823150172,0.3048041554952966
21847,0.5676190476190477,0,3,0,468966,136644,48044,59912,1.2657378932157546,0.3048088076680437
21848,0.5676230158730159,1,3,1,468969,136641,48045,59911,1.265710104116492,0.3048099230737922
21849,0.5676666666666667,5,13,5,468982,136628,48050,59906,1.2655896846863537,0.3048123988724597
21850,0.5676666666666668,1,9,1,468991,136619,48051,59905,1.2655063173885657,0.3048228206224176
21851,0.5676904761904762,0,1,0,468992,136618,48051,59905,1.2654970543554782,0.30482437170203996
21852,0.5676904761904763,0,1,0,468993,136617,48051,59905,1.2654877913223905,0.30482592279744763
21853,0.5677142857142857,0,4,0,468997,136613,48051,59905,1.2654507391900405,0.30483212733693604
21854,0.5677380952380953,0,2,0,468999,136611,48051,59905,1.2654322131238653,0.30483522970139837
21855,0.56775,0,1,0,469000,136610,48051,59905,1.2654229500907777,0.30483678090730987
21856,0.5677619047619048,0,1,0,469001,136609,48051,59905,1.2654136870576902,0.3048383321290086
21857,0.567765873015873,0,2,0,469003,136607,48051,59905,1.265395160991515,0.30484143461976876
21858,0.5677698412698412,0,2,0,469005,136605,48051,59905,1.26537663492534,0.3048445371736807
21859,0.5677777777777778,0,1,0,469006,136604,48051,59905,1.2653673718922525,0.30484608847431927
21860,0.5678333333333332,1,1,1,469007,136603,48052,59904,1.2653581088591648,0.3048441022457215
21861,0.5678333333333333,2,11,2,469018,136592,48054,59902,1.2652562154952018,0.30485409223691307
21862,0.5678333333333334,1,6,1,469024,136586,48055,59901,1.2652006372966764,0.30485986350242
21863,0.5678571428571428,0,7,0,469031,136579,48055,59901,1.2651357960650635,0.3048707247557003
21864,0.5678809523809524,1,0,1,469031,136579,48056,59900,1.2651357960650635,0.3048671868240372
21865,0.5678888888888889,0,3,0,469034,136576,48056,59900,1.265108006965801,0.30487184185345795
21866,0.5678968253968254,0,1,0,469035,136575,48056,59900,1.2650987439327133,0.3048733935615218
21867,0.5679047619047619,0,2,0,469037,136573,48056,59900,1.2650802178665381,0.3048764970250365
21868,0.5679166666666666,0,3,0,469040,136570,48056,59900,1.2650524287672755,0.30488115233877944
21869,0.5679166666666667,1,1,1,469041,136569,48057,59899,1.265043165734188,0.3048791660728465
21870,0.5679633699633699,0,2,0,469043,136567,48057,59899,1.265024639668013,0.3048822697056997
21871,0.5679761904761904,0,1,0,469044,136566,48057,59899,1.2650153766349252,0.3048838215458224
21872,0.5679761904761905,0,2,0,469046,136564,48057,59899,1.2649968505687503,0.3048869252734612
21873,0.5679841269841271,1,1,1,469047,136563,48058,59898,1.2649875875356626,0.3048849389955258
21874,0.568,12,75,12,469122,136488,48070,59886,1.2642928600540961,0.3049589049466834
21875,0.5680000000000001,1,2,1,469124,136486,48071,59885,1.264274333987921,0.3049584714647275
21876,0.5680158730158731,0,1,0,469125,136485,48071,59885,1.2642650709548335,0.3049600244436523
21877,0.5680238095238096,1,0,1,469125,136485,48072,59884,1.2642650709548335,0.30495648498490086
21878,0.568031746031746,0,1,0,469126,136484,48072,59884,1.2642558079217459,0.3049580379695266
21879,0.568047619047619,0,1,0,469127,136483,48072,59884,1.2642465448886584,0.3049595909699695
21880,0.5680952380952381,0,1,0,469128,136482,48072,59884,1.2642372818555707,0.3049611439862298
21881,0.5681111111111111,0,1,0,469129,136481,48072,59884,1.2642280188224833,0.30496269701830775
21882,0.5681125541125541,0,1,0,469130,136480,48072,59884,1.2642187557893956,0.3049642500662036
21883,0.5681190476190476,0,1,0,469131,136479,48072,59884,1.2642094927563081,0.30496580312991756
21884,0.568125,0,1,0,469132,136478,48072,59884,1.2642002297232207,0.30496735620944987
21885,0.5681428571428572,0,2,0,469134,136476,48072,59884,1.2641817036570455,0.30497046241597064
21886,0.5681547619047619,0,1,0,469135,136475,48072,59884,1.2641724406239578,0.30497201554295955
21887,0.5681666666666666,1,12,1,469147,136463,48073,59883,1.2640612842269072,0.3049871145834394
21888,0.5681666666666667,0,3,0,469150,136460,48073,59883,1.2640334951276446,0.3049917745985342
21889,0.5681818181818181,1,0,1,469150,136460,48074,59882,1.2640334951276446,0.304988234814762
21890,0.5682619047619047,0,2,0,469152,136458,48074,59882,1.2640149690614695,0.30499134155037183
21891,0.5682698412698413,0,1,0,469153,136457,48074,59882,1.264005706028382,0.3049928949419117
21892,0.5682857142857143,0,2,0,469155,136455,48074,59882,1.2639871799622069,0.30499600177246267
21893,0.5683095238095239,0,1,0,469156,136454,48074,59882,1.2639779169291192,0.3049975552114742
21894,0.5683333333333332,23,119,23,469275,136335,48097,59859,1.2628756159917003,0.30510107342732196
21895,0.5683333333333334,36,146,36,469421,136189,48133,59823,1.2615232131609173,0.3052007019978369
21896,0.5683333333333335,0,5,0,469426,136184,48133,59823,1.2614768979954796,0.30520848745197876
21897,0.5683809523809523,0,1,0,469427,136183,48133,59823,1.2614676349623921,0.30521004459047174
21898,0.5683809523809524,0,1,0,469428,136182,48133,59823,1.2614583719293044,0.30521160174485346
21899,0.5683928571428571,0,2,0,469430,136180,48133,59823,1.2614398458631295,0.30521471610128414
21900,0.5684166666666666,0,1,0,469431,136179,48133,59823,1.2614305828300418,0.3052162733033336
21901,0.5684523809523809,0,1,0,469432,136178,48133,59823,1.2614213197969544,0.3052178305212728
21902,0.568452380952381,0,1,0,469433,136177,48133,59823,1.2614120567638667,0.30521938775510205
21903,0.5684761904761905,0,2,0,469435,136175,48133,59823,1.2613935306976916,0.30522250227043135
21904,0.5684761904761906,1,0,1,469435,136175,48134,59822,1.2613935306976916,0.3052189574330219
21905,0.5684999999999999,1,6,1,469441,136169,48135,59821,1.2613379524991664,0.30522475636512064
21906,0.5685,5,18,5,469459,136151,48140,59816,1.2611712179035903,0.3052350650874892
21907,0.5685000000000001,0,1,0,469460,136150,48140,59816,1.2611619548705029,0.3052366226794444
21908,0.5685238095238095,0,1,0,469461,136149,48140,59816,1.2611526918374152,0.3052381802872962
21909,0.568547619047619,0,1,0,469462,136148,48140,59816,1.2611434288043277,0.30523973791104486
21910,0.5685476190476192,0,1,0,469463,136147,48140,59816,1.26113416577124,0.3052412955506907
21911,0.568560606060606,0,2,0,469465,136145,48140,59816,1.2611156397050651,0.3052444108776746
21912,0.5685714285714285,1,4,1,469469,136141,48141,59815,1.2610785875727148,0.30524709628692154
21913,0.5685714285714286,0,1,0,469470,136140,48141,59815,1.2610693245396272,0.30524865402771045
21914,0.5686111111111112,0,2,0,469472,136138,48141,59815,1.2610507984734523,0.30525176955698563
21915,0.5686428571428571,1,1,1,469473,136137,48142,59814,1.2610415354403646,0.3052497818332134
21916,0.5686547064047062,0,2,0,469475,136135,48142,59814,1.2610230093741894,0.30525289743759854
21917,0.5686655844155843,0,1,0,469476,136134,48142,59814,1.261013746341102,0.30525445526364137
21918,0.5686666666666667,4,17,4,469493,136117,48146,59810,1.2608562747786136,0.30526675751683024
21919,0.5686666666666668,1,4,1,469497,136113,48147,59809,1.2608192226462633,0.3052694439623932
21920,0.5686904761904762,0,1,0,469498,136112,48147,59809,1.2608099596131757,0.3052710020875761
21921,0.5687023809523809,0,2,0,469500,136110,48147,59809,1.2607914335470007,0.3052741183856594
21922,0.5687142857142856,0,1,0,469501,136109,48147,59809,1.260782170513913,0.3052756765585602
21923,0.5687222222222222,0,1,0,469502,136108,48147,59809,1.2607729074808256,0.3052772347473675
21924,0.56875,1,5,1,469507,136103,48148,59808,1.2607265923153876,0.30528147985564874
21925,0.5687619047619047,0,1,0,469508,136102,48148,59808,1.2607173292823002,0.30528303812975344
21926,0.5688095238095238,3,1,3,469509,136101,48151,59805,1.2607080662492127,0.30527395791859363
21927,0.5688095238095239,2,1,2,469510,136100,48153,59803,1.260698803216125,0.30526842365864737
21928,0.5688333333333333,1,12,1,469522,136088,48154,59802,1.2605876468190744,0.3052835775179948
21929,0.5688333333333335,0,1,0,469523,136087,48154,59802,1.260578383785987,0.30528513596986045
21930,0.5688571428571428,0,1,0,469524,136086,48154,59802,1.2605691207528993,0.30528669443763784
21931,0.5688888888888889,1,2,1,469526,136084,48155,59801,1.2605505946867241,0.3052862649003242
21932,0.5689047619047619,0,1,0,469527,136083,48155,59801,1.2605413316536367,0.3052878234056891
21933,0.5689166666666667,0,1,0,469528,136082,48155,59801,1.260532068620549,0.3052893819269666
21934,0.5689285714285715,1,0,1,469528,136082,48156,59800,1.260532068620549,0.3052858353498535
21935,0.5689761904761904,0,1,0,469529,136081,48156,59800,1.2605228055874615,0.30528739387689463
21936,0.569,10,31,10,469560,136050,48166,59790,1.2602356515617474,0.3053002450980392
21937,0.5690000000000001,0,5,0,469565,136045,48166,59790,1.2601893363963097,0.30530803993157507
21938,0.569047619047619,1,5,1,469570,136040,48167,59789,1.2601430212308717,0.3053122877612611
21939,0.5690714285714286,1,1,1,469571,136039,48168,59788,1.2601337581977843,0.3053102993969167
21940,0.5690952380952381,0,1,0,469572,136038,48168,59788,1.2601244951646968,0.3053118584866157
21941,0.5691428571428571,0,1,0,469573,136037,48168,59788,1.2601152321316091,0.30531341759223796
21942,0.5691666666666666,16,61,16,469634,135976,48184,59772,1.2595501871132684,0.3053517788176635
21943,0.5691666666666667,6,35,6,469669,135941,48190,59766,1.259225980955204,0.30538509097783934
21944,0.5691666666666668,1,0,1,469669,135941,48191,59765,1.259225980955204,0.30538154170030557
21945,0.5692499999999999,0,1,0,469670,135940,48191,59765,1.2592167179221163,0.3053831021179837
21946,0.5692857142857143,3,4,3,469674,135936,48194,59762,1.2591796657897663,0.3053786957454854
21947,0.5693333333333332,2,9,2,469683,135927,48196,59760,1.2590962984919782,0.3053856413558387
21948,0.5693333333333334,5,20,5,469703,135907,48201,59755,1.258911037830227,0.3053991066226452
21949,0.5693571428571429,0,1,0,469704,135906,48201,59755,1.2589017747971396,0.3054006674810003
21950,0.5693787878787879,0,1,0,469705,135905,48201,59755,1.258892511764052,0.3054022283553102
21951,0.5693809523809523,0,1,0,469706,135904,48201,59755,1.2588832487309645,0.3054037892455752
21952,0.5694047619047619,0,1,0,469707,135903,48201,59755,1.258873985697877,0.3054053501517955
21953,0.5694166666666667,0,2,0,469709,135901,48201,59755,1.2588554596317019,0.30540847201210286
21954,0.5694285714285714,0,1,0,469710,135900,48201,59755,1.2588461965986142,0.3054100329661905
21955,0.5694285714285715,1,0,1,469710,135900,48202,59754,1.2588461965986142,0.3054064828728265
21956,0.5694444444444444,0,1,0,469711,135899,48202,59754,1.2588369335655267,0.3054080438327038
21957,0.5694523809523809,0,1,0,469712,135898,48202,59754,1.258827670532439,0.3054096048085376
21958,0.5694801587301588,0,2,0,469714,135896,48202,59754,1.2588091444662641,0.30541272680807563
21959,0.5695,0,17,0,469731,135879,48202,59754,1.2586516729037756,0.3054392663814387
21960,0.5695012765012766,0,1,0,469732,135878,48202,59754,1.258642409870688,0.30544082767645375
21961,0.5695238095238095,1,5,1,469737,135873,48203,59753,1.2585960947052504,0.3054450839867911
21962,0.569547619047619,0,1,0,469738,135872,48203,59753,1.2585868316721627,0.3054466453674121
21963,0.5695714285714286,0,2,0,469740,135870,48203,59753,1.2585683056059875,0.3054497681765437
21964,0.5695833333333333,1,2,1,469742,135868,48204,59752,1.2585497795398126,0.30544934055822515
21965,0.5696190476190476,0,1,0,469743,135867,48204,59752,1.258540516506725,0.3054509020084961
21966,0.5696428571428571,0,4,0,469747,135863,48204,59752,1.2585034643743747,0.30545714796922524
21967,0.5696666666666667,10,20,10,469767,135843,48214,59742,1.2583182037126237,0.30545287215277245
21968,0.5696666666666668,0,4,0,469771,135839,48214,59742,1.2582811515802734,0.30545911923959895
21969,0.5697142857142857,0,1,0,469772,135838,48214,59742,1.258271888547186,0.30546068105123225
21970,0.5697222222222222,0,1,0,469773,135837,48214,59742,1.2582626255140983,0.30546224287883667
21971,0.569781746031746,1,0,1,469773,135837,48215,59741,1.2582626255140983,0.30545869167288753
21972,0.5698095238095239,0,1,0,469774,135836,48215,59741,1.2582533624810108,0.30546025350629163
21973,0.5698333333333333,1,9,1,469783,135827,48216,59740,1.2581699951832228,0.30547075938169527
21974,0.5698333333333334,0,2,0,469785,135825,48216,59740,1.2581514691170477,0.30547388336358755
21975,0.5698571428571428,0,1,0,469786,135824,48216,59740,1.2581422060839602,0.305475445378495
21976,0.5698809523809524,0,1,0,469787,135823,48216,59740,1.2581329430508725,0.30547700740937705
21977,0.5699166666666665,0,2,0,469789,135821,48216,59740,1.2581144169846974,0.30548013151906567
21978,0.5699285714285715,0,1,0,469790,135820,48216,59740,1.25810515395161,0.30548169359787275
21979,0.5699404761904762,0,1,0,469791,135819,48216,59740,1.2580958909185223,0.3054832556926554
21980,0.5699404761904763,0,1,0,469792,135818,48216,59740,1.2580866278854348,0.3054848178034138
21981,0.5699444444444445,0,1,0,469793,135817,48216,59740,1.2580773648523473,0.30548637993014827
21982,0.57,534,2260,534,472053,133557,48750,59206,1.2371429100744749,0.3071440058517454
21983,0.5700000000000001,4,23,4,472076,133534,48754,59202,1.236929860313461,0.30716627926282586
21984,0.5700000000000002,0,1,0,472077,133533,48754,59202,1.2369205972803734,0.3071678729862246
21985,0.5700238095238095,0,1,0,472078,133532,48754,59202,1.236911334247286,0.30716946672616147
21986,0.5700476190476191,1,0,1,472078,133532,48755,59201,1.236911334247286,0.3071658719575786
21987,0.5700714285714286,0,1,0,472079,133531,48755,59201,1.2369020712141985,0.3071674657036714
21988,0.5700952380952381,0,2,0,472081,133529,48755,59201,1.2368835451480233,0.30717065324547294
21989,0.5701111111111111,2,1,2,472082,133528,48757,59199,1.2368742821149357,0.30716505730904337
21990,0.5701190476190476,0,1,0,472083,133527,48757,59199,1.2368650190818482,0.30716665110052616
21991,0.5701666666666666,0,2,0,472085,133525,48757,59199,1.236846493015673,0.30716983873311055
21992,0.5701666666666667,0,9,0,472094,133516,48757,59199,1.236763125717885,0.307184183898503
21993,0.5701904761904761,1,4,1,472098,133512,48758,59198,1.2367260735855348,0.30718696486949304
21994,0.57025,0,2,0,472100,133510,48758,59198,1.2367075475193596,0.3071901529775619
21995,0.5702575757575757,0,1,0,472101,133509,48758,59198,1.2366982844862722,0.30719174705641206
21996,0.5702579365079365,2,0,2,472101,133509,48760,59196,1.2366982844862722,0.3071845567058457
21997,0.5702619047619047,0,1,0,472102,133508,48760,59196,1.2366890214531847,0.3071861507804716
21998,0.5702857142857143,2,2,2,472104,133506,48762,59194,1.2366704953870096,0.30718214841722885
21999,0.5703333333333334,7,25,7,472129,133481,48769,59187,1.2364389195598207,0.3071968360080553
22000,0.5703333333333335,0,1,0,472130,133480,48769,59187,1.2364296565267332,0.30719843045254247
22001,0.5703448773448773,0,1,0,472131,133479,48769,59187,1.2364203934936455,0.307200024913581
22002,0.5703690476190476,0,1,0,472132,133478,48769,59187,1.236411130460558,0.3072016193911712
22003,0.5703809523809524,0,1,0,472133,133477,48769,59187,1.2364018674274704,0.3072032138853133
22004,0.5703888888888888,0,2,0,472135,133475,48769,59187,1.2363833413612952,0.3072064029232542
22005,0.5704166666666667,1,3,1,472138,133472,48770,59186,1.2363555522620326,0.30720759065286674
22006,0.5704761904761905,1,1,1,472139,133471,48771,59185,1.2363462892289452,0.3072055892367744
22007,0.5704880952380952,0,1,0,472140,133470,48771,59185,1.2363370261958575,0.3072071838260102
22008,0.5704999999999999,0,5,0,472145,133465,48771,59185,1.2362907110304198,0.3072151570205035
22009,0.5705,3,13,3,472158,133452,48774,59182,1.2361702916002817,0.3072251004495572
22010,0.5705476190476191,1,1,1,472159,133451,48775,59181,1.236161028567194,0.3072230989659039
22011,0.5705555555555556,0,2,0,472161,133449,48775,59181,1.2361425025010189,0.30722628874007163
22012,0.5705613275613275,2,1,2,472162,133448,48777,59179,1.2361332394679314,0.3072206907650537
22013,0.5705714285714286,0,1,0,472163,133447,48777,59179,1.2361239764348437,0.30722228567275445
22014,0.5706428571428571,0,1,0,472164,133446,48777,59179,1.2361147134017563,0.30722388059701494
22015,0.5706666666666667,4,37,4,472201,133409,48781,59175,1.2357719811775167,0.3072685165953558
22016,0.5706818181818182,0,1,0,472202,133408,48781,59175,1.2357627181444293,0.3072701121075069
22017,0.5706904761904762,0,1,0,472203,133407,48781,59175,1.2357534551113416,0.3072717076362277
22018,0.5707142857142856,0,1,0,472204,133406,48781,59175,1.2357441920782541,0.3072733031815184
22019,0.5707142857142857,0,8,0,472212,133398,48781,59175,1.2356700878135536,0.3072860681403935
22020,0.57075,0,1,0,472213,133397,48781,59175,1.2356608247804661,0.3072876638348254
22021,0.5707619047619048,1,1,1,472214,133396,48782,59174,1.2356515617473787,0.3072856623565457
22022,0.570765873015873,1,0,1,472214,133396,48783,59173,1.2356515617473787,0.30728206512990147
22023,0.5707698412698413,0,2,0,472216,133394,48783,59173,1.2356330356812035,0.3072852565600544
22024,0.5708293650793651,0,1,0,472217,133393,48783,59173,1.2356237726481158,0.30728685229999064
22025,0.5708333333333333,21,103,21,472320,133290,48804,59152,1.2346696802400978,0.3073757287910124
22026,0.5708333333333334,1,1,1,472321,133289,48805,59151,1.2346604172070104,0.30737372687590936
22027,0.5708888888888888,1,1,1,472322,133288,48806,59150,1.2346511541739227,0.30737172491919473
22028,0.5709047619047619,0,1,0,472323,133287,48806,59150,1.2346418911408352,0.3073733221781674
22029,0.570952380952381,2,8,2,472331,133279,48808,59148,1.2345677868761347,0.3073789021291191
22030,0.5709761904761905,0,1,0,472332,133278,48808,59148,1.2345585238430472,0.3073804995166973
22031,0.5709949217449218,0,3,0,472335,133275,48808,59148,1.2345307347437846,0.3073852917790493
22032,0.571,1,3,1,472338,133272,48809,59147,1.2345029456445218,0.3073864847026541
22033,0.5710000000000001,10,49,10,472387,133223,48819,59137,1.2340490570232316,0.3074287793720108
22034,0.5710119047619048,0,2,0,472389,133221,48819,59137,1.2340305309570565,0.307431975795132
22035,0.5710357142857143,0,1,0,472390,133220,48819,59137,1.234021267923969,0.3074335740316183
22036,0.5710714285714286,0,2,0,472392,133218,48819,59137,1.234002741857794,0.30743677055444363
22037,0.5710833333333333,0,1,0,472393,133217,48819,59137,1.2339934788247064,0.3074383688407831
22038,0.5711111111111111,2,2,2,472395,133215,48821,59135,1.2339749527585313,0.30743436443982325
22039,0.5711150793650794,1,0,1,472395,133215,48822,59134,1.2339749527585313,0.3074307638719203
22040,0.5711190476190476,0,3,0,472398,133212,48822,59134,1.2339471636592685,0.3074355588366797
22041,0.5711428571428572,1,0,1,472398,133212,48823,59133,1.2339471636592685,0.30743195820010916
22042,0.5711616161616161,1,0,1,472398,133212,48824,59132,1.2339471636592685,0.3074283575260991
22043,0.5711666666666666,0,2,0,472400,133210,48824,59132,1.2339286375930936,0.3074315542107288
22044,0.5711666666666667,1,11,1,472411,133199,48825,59131,1.2338267442291304,0.30744553631778715
22045,0.5711904761904762,0,1,0,472412,133198,48825,59131,1.2338174811960427,0.3074471348574578
22046,0.5712142857142857,0,2,0,472414,133196,48825,59131,1.2337989551298678,0.30745033198666855
22047,0.57125,2,3,2,472417,133193,48827,59129,1.233771166030605,0.30744792587431496
22048,0.5712619047619047,0,1,0,472418,133192,48827,59129,1.2337619029975175,0.3074495244929051
22049,0.5712777777777778,0,1,0,472419,133191,48827,59129,1.2337526399644299,0.3074511231281198
22050,0.5712857142857143,0,1,0,472420,133190,48827,59129,1.2337433769313424,0.30745272177995936
22051,0.5713095238095238,0,3,0,472423,133187,48827,59129,1.2337155878320798,0.3074575178352295
22052,0.5713333333333331,0,1,0,472424,133186,48827,59129,1.2337063247989921,0.30745911655357094
22053,0.5713333333333332,1,5,1,472429,133181,48828,59128,1.2336600096335544,0.3074635092481371
22054,0.5713333333333334,3,23,3,472452,133158,48831,59125,1.2334469598725406,0.3074894816494438
22055,0.5713571428571427,0,1,0,472453,133157,48831,59125,1.2334376968394531,0.307491080808396
22056,0.5713571428571429,0,3,0,472456,133154,48831,59125,1.2334099077401905,0.30749587838505504
22057,0.5713690476190476,0,1,0,472457,133153,48831,59125,1.2334006447071029,0.3074974776105431
22058,0.5713690476190477,0,1,0,472458,133152,48831,59125,1.2333913816740154,0.3074990768526657
22059,0.571388888888889,0,1,0,472459,133151,48831,59125,1.2333821186409277,0.3075006761114232
22060,0.5714285714285714,1,1,1,472460,133150,48832,59124,1.2333728556078403,0.3074986737676441
22061,0.5714523809523809,0,1,0,472461,133149,48832,59124,1.2333635925747526,0.3075002730492581
22062,0.5714722222222223,0,1,0,472462,133148,48832,59124,1.2333543295416651,0.3075018723475077
22063,0.5714761904761905,0,1,0,472463,133147,48832,59124,1.2333450665085777,0.30750347166239317
22064,0.5714880952380952,0,1,0,472464,133146,48832,59124,1.23333580347549,0.30750507099391483
22065,0.5714999999999999,0,1,0,472465,133145,48832,59124,1.2333265404424025,0.30750667034207285
22066,0.5715,1,16,1,472481,133129,48833,59123,1.2331783319130016,0.3075286603000229
22067,0.5715357142857144,1,0,1,472481,133129,48834,59122,1.2331783319130016,0.30752505838721256
22068,0.5715476190476191,0,1,0,472482,133128,48834,59122,1.233169068879914,0.3075266579973992
22069,0.5715714285714286,0,1,0,472483,133127,48834,59122,1.2331598058468265,0.3075282576242269
22070,0.5715833333333333,0,3,0,472486,133124,48834,59122,1.233132016747564,0.30753305660455876
22071,0.5716190476190476,0,1,0,472487,133123,48834,59122,1.2331227537144762,0.3075346562979531
22072,0.571642857142857,1,0,1,472487,133123,48835,59121,1.2331227537144762,0.30753105428517924
22073,0.5716428571428571,0,3,0,472490,133120,48835,59121,1.2330949646152136,0.3075358534339709
22074,0.5716666666666665,1,5,1,472495,133115,48836,59120,1.2330486494497759,0.3075402502145811
22075,0.5716666666666667,38,151,38,472646,132964,48874,59082,1.2316499314535552,0.30764504337502474
22076,0.5716666666666668,18,99,18,472745,132865,48892,59064,1.2307328911778872,0.30773879924347025
22077,0.5716904761904763,0,1,0,472746,132864,48892,59064,1.2307236281447997,0.3077404026509941
22078,0.5717142857142857,0,2,0,472748,132862,48892,59064,1.2307051020786246,0.3077436095161677
22079,0.5717619047619049,1,0,1,472748,132862,48893,59063,1.2307051020786246,0.3077400026051843
22080,0.5717857142857142,1,0,1,472748,132862,48894,59062,1.2307051020786246,0.3077363956566141
22081,0.5717857142857143,1,2,1,472750,132860,48895,59061,1.2306865760124495,0.3077359955398315
22082,0.5718095238095238,0,1,0,472751,132859,48895,59061,1.230677312979362,0.30773759899958314
22083,0.5718333333333333,0,9,0,472760,132850,48895,59061,1.230593945681574,0.30775203088931846
22084,0.5718333333333334,1,7,1,472767,132843,48896,59060,1.230529104449961,0.3077596494062104
22085,0.5718498168498168,0,1,0,472768,132842,48896,59060,1.2305198414168736,0.3077612531396233
22086,0.5718888888888889,0,1,0,472769,132841,48896,59060,1.230510578383786,0.30776285688975047
22087,0.5719047619047619,0,1,0,472770,132840,48896,59060,1.2305013153506985,0.30776446065659196
22088,0.5719227994227994,0,1,0,472771,132839,48896,59060,1.2304920523176108,0.3077660644401482
22089,0.571952380952381,0,1,0,472772,132838,48896,59060,1.2304827892845234,0.3077676682404194
22090,0.5719761904761905,0,3,0,472775,132835,48896,59060,1.2304550001852608,0.30777247974152533
22091,0.572,2,9,2,472784,132826,48898,59058,1.2303716328874728,0.307779700235559
22092,0.5720000000000001,13,42,13,472826,132784,48911,59045,1.2299825854977955,0.3078001761985935
22093,0.5720238095238095,0,1,0,472827,132783,48911,59045,1.2299733224647078,0.30780178076193254
22094,0.5720238095238096,2,1,2,472828,132782,48913,59043,1.2299640594316203,0.3077961683826404
22095,0.5720396825396826,0,1,0,472829,132781,48913,59043,1.2299547963985327,0.3077977729585453
22096,0.5720833333333334,0,3,0,472832,132778,48913,59043,1.22992700729927,0.30780258678663963
22097,0.5721190476190476,0,2,0,472834,132776,48913,59043,1.229908481233095,0.3078057960890214
22098,0.5721428571428572,1,9,1,472843,132767,48914,59042,1.229825113935307,0.30781663008513677
22099,0.5721666666666666,0,4,0,472847,132763,48914,59042,1.2297880618029569,0.3078230494512656
22100,0.5721666666666667,1,8,1,472855,132755,48915,59041,1.2297139575382563,0.30783228013097247
22101,0.572190476190476,0,1,0,472856,132754,48915,59041,1.2297046945051688,0.3078338851377773
22102,0.5721904761904761,0,1,0,472857,132753,48915,59041,1.2296954314720812,0.3078354901613189
22103,0.5722380952380953,1,0,1,472857,132753,48916,59040,1.2296954314720812,0.30783188124696936
22104,0.5723333333333332,4,13,4,472870,132740,48920,59036,1.229575012041943,0.3078383113632571
22105,0.5723333333333334,7,25,7,472895,132715,48927,59029,1.2293434362147542,0.3078531792389853
22106,0.5723571428571429,0,3,0,472898,132712,48927,59029,1.2293156471154916,0.3078579959424432
22107,0.5723650793650793,0,1,0,472899,132711,48927,59029,1.229306384082404,0.3078596015437572
22108,0.5723809523809523,0,2,0,472901,132709,48927,59029,1.2292878580162288,0.30786281279662875
22109,0.5723809523809524,1,5,1,472906,132704,48928,59028,1.229241542850791,0.30786723134375066
22110,0.572388888888889,1,0,1,472906,132704,48929,59027,1.229241542850791,0.3078636214279381
22111,0.5724523809523809,1,3,1,472909,132701,48930,59026,1.2292137537515284,0.3078648286365509
22112,0.5724999999999999,1,6,1,472915,132695,48931,59025,1.229158175553003,0.30787085332776964
22113,0.5725,40,205,40,473120,132490,48971,58985,1.2272592537700544,0.30805588196892547
22114,0.5725000000000001,2,7,2,473127,132483,48973,58983,1.2271944125384415,0.3080599166431638
22115,0.5725555555555556,0,1,0,473128,132482,48973,58983,1.227185149505354,0.308061525605202
22116,0.5725714285714285,1,2,1,473130,132480,48974,58982,1.227166623439179,0.3080611296236329
22117,0.5725833333333332,0,2,0,473132,132478,48974,58982,1.2271480973730038,0.3080643476444166
22118,0.5726190476190476,0,1,0,473133,132477,48974,58982,1.2271388343399163,0.3080659566800203
22119,0.5726190476190477,0,1,0,473134,132476,48974,58982,1.2271295713068286,0.30806756573243216
22120,0.5726666666666665,0,2,0,473136,132474,48974,58982,1.2271110452406535,0.3080707838876818
22121,0.5726666666666667,5,29,5,473165,132445,48979,58977,1.2268424172811145,0.30809938251611624
22122,0.5726666666666668,3,9,3,473174,132436,48982,58974,1.2267590499833265,0.3081030249203281
22123,0.5726904761904761,2,3,2,473177,132433,48984,58972,1.226731260884064,0.30810062433060786
22124,0.5726923076923076,0,1,0,473178,132432,48984,58972,1.2267219978509762,0.30810223401809783
22125,0.5727142857142857,1,0,1,473178,132432,48985,58971,1.2267219978509762,0.3080986191439006
22126,0.5727222222222222,0,2,0,473180,132430,48985,58971,1.2267034717848013,0.30810183854838796
22127,0.5727777777777777,1,1,1,473181,132429,48986,58970,1.2266942087517136,0.30809983333246255
22128,0.5727777777777778,0,1,0,473182,132428,48986,58970,1.2266849457186262,0.30810144306628073
22129,0.5727857142857143,1,5,1,473187,132423,48987,58969,1.2266386305531882,0.30810587694365493
22130,0.5728095238095238,1,0,1,473187,132423,48988,58968,1.2266386305531882,0.30810226186184303
22131,0.5728095238095239,0,1,0,473188,132422,48988,58968,1.2266293675201008,0.30810387167563613
22132,0.5728333333333333,2,2,2,473190,132420,48990,58966,1.2266108414539256,0.30809986101386727
22133,0.5728333333333334,0,3,0,473193,132417,48990,58966,1.226583052354663,0.3081046905942534
22134,0.5728452380952382,0,1,0,473194,132416,48990,58966,1.2265737893215753,0.3081063004880292
22135,0.5728571428571428,2,5,2,473199,132411,48992,58964,1.2265274741561376,0.30810711952971914
22136,0.5728675213675214,1,0,1,473199,132411,48993,58963,1.2265274741561376,0.30810350413326787
22137,0.5728809523809524,0,3,0,473202,132408,48993,58963,1.226499685056875,0.3081083340736057
22138,0.5729047619047618,0,1,0,473203,132407,48993,58963,1.2264904220237876,0.30810994408737
22139,0.5729166666666666,0,3,0,473206,132404,48993,58963,1.2264626329245247,0.30811477422962164
22140,0.5729761904761904,0,1,0,473207,132403,48993,58963,1.2264533698914373,0.3081163843106926
22141,0.573,6,30,6,473237,132373,48999,58957,1.2261754788988106,0.30814299900695136
22142,0.5730000000000001,0,6,0,473243,132367,48999,58957,1.2261199007002852,0.30815266249921597
22143,0.5730119047619048,0,1,0,473244,132366,48999,58957,1.2261106376671977,0.308154273140187
22144,0.573047619047619,0,2,0,473246,132364,48999,58957,1.2260921116010226,0.30815749447264024
22145,0.5730714285714286,1,0,1,473246,132364,49000,58956,1.2260921116010226,0.3081538783190466
22146,0.5730714285714287,0,1,0,473247,132363,49000,58956,1.2260828485679351,0.308155489000047
22147,0.5730952380952381,0,1,0,473248,132362,49000,58956,1.2260735855348475,0.3081570996978852
22148,0.5731428571428572,0,2,0,473250,132360,49000,58956,1.2260550594686723,0.30816032114407577
22149,0.5731666666666666,0,7,0,473257,132353,49000,58956,1.2259902182370594,0.3081715967361703
22150,0.5731666666666667,1,6,1,473263,132347,49001,58955,1.2259346400385343,0.3081776458165623
22151,0.5731666666666668,0,1,0,473264,132346,49001,58955,1.2259253770054466,0.30817925677335717
22152,0.5731904761904763,0,1,0,473265,132345,49001,58955,1.2259161139723591,0.30818086774699427
22153,0.5732142857142857,0,2,0,473267,132343,49001,58955,1.225897587906184,0.30818408974479605
22154,0.57325,1,0,1,473267,132343,49002,58954,1.225897587906184,0.30818047329545156
22155,0.5732500000000001,0,1,0,473268,132342,49002,58954,1.2258883248730965,0.30818208430913346
22156,0.5732857142857142,0,1,0,473269,132341,49002,58954,1.2258790618400088,0.30818369533965867
22157,0.5732857142857143,0,1,0,473270,132340,49002,58954,1.2258697988069214,0.3081853063870273
22158,0.5733333333333333,40,183,40,473453,132157,49042,58914,1.2241746637518989,0.3083356448649978
22159,0.5733333333333334,68,280,68,473733,131877,49110,58846,1.2215810144873838,0.3085417070830471
22160,0.5733333333333335,1,9,1,473742,131868,49111,58845,1.2214976471895957,0.3085526419279231
22161,0.5733571428571429,0,3,0,473745,131865,49111,58845,1.2214698580903331,0.3085574956740601
22162,0.5734166666666667,0,1,0,473746,131864,49111,58845,1.2214605950572455,0.30855911362337385
22163,0.5734523809523808,0,1,0,473747,131863,49111,58845,1.221451332024158,0.3085607315896554
22164,0.5734523809523809,1,5,1,473752,131858,49112,58844,1.2214050168587203,0.3085651959601892
22165,0.5734999999999999,0,4,0,473756,131854,49112,58844,1.22136796472637,0.30857166829227367
22166,0.5735,2,21,2,473777,131833,49114,58842,1.2211734410315314,0.3085984004195621
22167,0.5735000000000001,0,2,0,473779,131831,49114,58842,1.2211549149653562,0.3086016373581996
22168,0.5735238095238094,0,2,0,473781,131829,49114,58842,1.221136388899181,0.30860487436474343
22169,0.573547619047619,0,2,0,473783,131827,49114,58842,1.221117862833006,0.3086081114391957
22170,0.5735714285714285,0,3,0,473786,131824,49114,58842,1.2210900737337433,0.3086129671782069
22171,0.5735714285714286,1,2,1,473788,131822,49115,58841,1.2210715476675682,0.3086125782139167
22172,0.5735833333333332,0,1,0,473789,131821,49115,58841,1.2210622846344807,0.30861419685097186
22173,0.5736111111111112,1,0,1,473789,131821,49116,58840,1.2210622846344807,0.3086105705938813
22174,0.5736190476190476,0,2,0,473791,131819,49116,58840,1.2210437585683056,0.30861380789787
22175,0.5736190476190477,0,1,0,473792,131818,49116,58840,1.2210344955352181,0.30861542657533386
22176,0.5736230158730159,1,0,1,473792,131818,49117,58839,1.2210344955352181,0.308611800248614
22177,0.5736309523809524,0,3,0,473795,131815,49117,58839,1.2210067064359553,0.3086166563512961
22178,0.5736666666666665,0,3,0,473798,131812,49117,58839,1.2209789173366927,0.3086215126068051
22179,0.5736666666666667,2,17,2,473815,131795,49119,58837,1.2208214457742044,0.30864178102312306
22180,0.5736666666666668,0,5,0,473820,131790,49119,58837,1.2207751306087666,0.30864987646031256
22181,0.5737142857142857,0,1,0,473821,131789,49119,58837,1.220765867575679,0.30865149559871163
22182,0.57375,2,5,2,473826,131784,49121,58835,1.2207195524102412,0.30865233790965224
22183,0.5737500000000001,0,1,0,473827,131783,49121,58835,1.2207102893771538,0.3086539571289175
22184,0.5737619047619047,0,2,0,473829,131781,49121,58835,1.2206917633109786,0.3086571956184161
22185,0.5737619047619048,1,0,1,473829,131781,49122,58834,1.2206917633109786,0.3086535687118013
22186,0.5737857142857142,0,1,0,473830,131780,49122,58834,1.220682500277891,0.3086551879715026
22187,0.5738095238095238,0,3,0,473833,131777,49122,58834,1.2206547111786283,0.30866004585254786
22188,0.5738095238095239,0,1,0,473834,131776,49122,58834,1.2206454481455409,0.3086616651802109
22189,0.5738333333333333,1,11,1,473845,131765,49123,58833,1.2205435547815777,0.3086758517927785
22190,0.5738333333333334,0,3,0,473848,131762,49123,58833,1.2205157656823151,0.3086807104068837
22191,0.5739166666666666,1,0,1,473848,131762,49124,58832,1.2205157656823151,0.3086770832240259
22192,0.5739484126984127,0,3,0,473851,131759,49124,58832,1.2204879765830523,0.3086819419594839
22193,0.5739523809523809,0,1,0,473852,131758,49124,58832,1.2204787135499648,0.30868356157196075
22194,0.573952380952381,0,1,0,473853,131757,49124,58832,1.2204694505168772,0.30868518120143346
22195,0.5739999999999998,1,0,1,473853,131757,49125,58831,1.2204694505168772,0.30868155392784435
22196,0.574,19,86,19,473939,131671,49144,58812,1.2196728296713475,0.3087519621173543
22197,0.5740000000000001,2,5,2,473944,131666,49146,58810,1.2196265145059098,0.30875280875280875
22198,0.574047619047619,1,2,1,473946,131664,49147,58809,1.2196079884397346,0.3087524216030619
22199,0.5741190476190476,0,1,0,473947,131663,49147,58809,1.2195987254066472,0.30875404258893696
22200,0.5741428571428571,0,1,0,473948,131662,49147,58809,1.2195894623735597,0.3087556635918329
22201,0.5741666666666666,14,67,14,474015,131595,49161,58795,1.2189688391566935,0.3088134881033668
22202,0.5741666666666667,8,33,8,474048,131562,49169,58787,1.2186631590648043,0.30883797655884715
22203,0.5741904761904763,0,1,0,474049,131561,49169,58787,1.2186538960317166,0.3088395990501608
22204,0.5742380952380952,0,1,0,474050,131560,49169,58787,1.2186446329986291,0.30884122155852206
22205,0.5742857142857143,2,13,2,474063,131547,49171,58785,1.2185242135684908,0.3088550532753294
22206,0.5743333333333333,3,8,3,474071,131539,49174,58782,1.2184501093037905,0.30885714135591974
22207,0.5743333333333334,7,22,7,474093,131517,49181,58775,1.2182463225758642,0.3088674247997814
22208,0.5743333333333335,0,1,0,474094,131516,49181,58775,1.2182370595427767,0.30886904793185177
22209,0.5743376623376625,3,2,3,474096,131514,49184,58772,1.2182185334766016,0.3088613981060089
22210,0.5744042346542345,0,1,0,474097,131513,49184,58772,1.2182092704435141,0.3088630212575873
22211,0.5744047619047619,1,1,1,474098,131512,49185,58771,1.2182000074104264,0.3088610122817067
22212,0.5744285714285713,0,2,0,474100,131510,49185,58771,1.2181814813442513,0.3088642586490506
22213,0.5744285714285714,0,1,0,474101,131509,49185,58771,1.2181722183111638,0.30886588185831404
22214,0.5744444444444444,0,3,0,474104,131506,49185,58771,1.2181444292119012,0.30887075158847366
22215,0.5744444444444445,0,1,0,474105,131505,49185,58771,1.2181351661788136,0.3088723748659841
22216,0.5744523809523809,0,1,0,474106,131504,49185,58771,1.218125903145726,0.3088739981605571
22217,0.5744761904761905,0,2,0,474108,131502,49185,58771,1.218107377079551,0.30887724480089135
22218,0.5745,2,12,2,474120,131490,49187,58769,1.2179962206825004,0.3088894612081426
22219,0.574508658008658,0,1,0,474121,131489,49187,58769,1.2179869576494127,0.3088910847375669
22220,0.5745238095238094,0,3,0,474124,131486,49187,58769,1.21795916855015,0.30889595542824105
22221,0.5745555555555556,0,1,0,474125,131485,49187,58769,1.2179499055170626,0.30889757902593373
22222,0.5745674603174603,3,4,3,474129,131481,49190,58766,1.2179128533847123,0.30889317571367747
22223,0.5745833333333333,0,2,0,474131,131479,49190,58766,1.2178943273185372,0.3088964230334569
22224,0.574595238095238,0,1,0,474132,131478,49190,58766,1.2178850642854497,0.3088980467189504
22225,0.5746309523809523,0,1,0,474133,131477,49190,58766,1.217875801252362,0.30889967042151356
22226,0.5746428571428571,0,1,0,474134,131476,49190,58766,1.2178665382192746,0.30890129414114653
22227,0.5746666666666667,9,33,9,474167,131443,49199,58757,1.2175608581273851,0.3089221871713985
22228,0.5746666666666668,0,3,0,474170,131440,49199,58757,1.2175330690281225,0.3089270598379575
22229,0.5747368041315412,2,4,2,474174,131436,49201,58755,1.2174960168957722,0.3089262898875341
22230,0.57475,0,1,0,474175,131435,49201,58755,1.2174867538626848,0.3089279141910721
22231,0.5747619047619047,2,2,2,474177,131433,49203,58753,1.2174682277965096,0.30892389555487787
22232,0.5747619047619048,0,4,0,474181,131429,49203,58753,1.2174311756641594,0.3089303929919761
22233,0.5748333333333333,3,11,3,474192,131418,49206,58750,1.2173292823001964,0.3089373606495309
22234,0.5748333333333334,0,1,0,474193,131417,49206,58750,1.2173200192671088,0.30893898520773844
22235,0.5748333333333335,0,1,0,474194,131416,49206,58750,1.2173107562340213,0.30894060978303167
22236,0.5748484848484847,0,1,0,474195,131415,49206,58750,1.2173014932009336,0.30894223437541085
22237,0.5748571428571428,0,1,0,474196,131414,49206,58750,1.2172922301678462,0.3089438589848762
22238,0.5749285714285715,0,1,0,474197,131413,49206,58750,1.2172829671347587,0.3089454836114281
22239,0.575,184,864,184,475061,130549,49390,58566,1.2092797065471117,0.30968458345451183
22240,0.5750000000000001,8,18,8,475079,130531,49398,58558,1.2091129719515359,0.30968485739519486
22241,0.5750833333333333,0,3,0,475082,130528,49398,58558,1.209085182852273,0.30968977079212634
22242,0.5750952380952381,0,1,0,475083,130527,49398,58558,1.2090759198191856,0.30969140862575034
22243,0.5751190476190476,0,1,0,475084,130526,49398,58558,1.2090666567860981,0.3096930464766982
22244,0.5751428571428572,0,2,0,475086,130524,49398,58558,1.209048130719923,0.30969632223056665
22245,0.5751666666666666,1,13,1,475099,130511,49399,58557,1.2089277112897847,0.30971396534580153
22246,0.5751666666666667,1,1,1,475100,130510,49400,58556,1.2089184482566973,0.3097119524398887
22247,0.5751706349206349,0,2,0,475102,130508,49400,58556,1.2088999221905221,0.3097152287056235
22248,0.5751818181818181,1,0,1,475102,130508,49401,58555,1.2088999221905221,0.3097115776222741
22249,0.5751904761904761,1,5,1,475107,130503,49402,58554,1.2088536070250844,0.3097161173614307
22250,0.5752142857142857,0,2,0,475109,130501,49402,58554,1.2088350809589092,0.30971939382719316
22251,0.5752222222222222,0,1,0,475110,130500,49402,58554,1.2088258179258216,0.30972103208607066
22252,0.5752380952380952,1,2,1,475112,130498,49403,58553,1.2088072918596464,0.30972065738874693
22253,0.5752380952380953,0,1,0,475113,130497,49403,58553,1.208798028826559,0.3097222956889712
22254,0.5752727272727273,0,2,0,475115,130495,49403,58553,1.2087795027603838,0.30972557234141596
22255,0.5752738095238095,0,1,0,475116,130494,49403,58553,1.2087702397272964,0.309727210693637
22256,0.5752777777777778,0,2,0,475118,130492,49403,58553,1.2087517136611212,0.30973048745007803
22257,0.5752857142857142,1,1,1,475119,130491,49404,58552,1.2087424506280335,0.30972847447406143
22258,0.5752857142857143,0,1,0,475120,130490,49404,58552,1.208733187594946,0.3097301128849674
22259,0.5753333333333333,0,1,0,475121,130489,49404,58552,1.2087239245618586,0.3097317513132072
22260,0.5753333333333334,5,22,5,475143,130467,49409,58547,1.2085201378339323,0.30974954236194147
22261,0.5753571428571429,3,1,3,475144,130466,49412,58544,1.2085108748008448,0.30974022538490026
22262,0.5753809523809523,0,1,0,475145,130465,49412,58544,1.2085016117677572,0.3097418641440355
22263,0.5753809523809524,1,0,1,475145,130465,49413,58543,1.2085016117677572,0.3097382121391687
22264,0.5753928571428572,0,2,0,475147,130463,49413,58543,1.208483085701582,0.30974148968815807
22265,0.5754166666666667,0,1,0,475148,130462,49413,58543,1.2084738226684946,0.3097431284886643
22266,0.5754285714285714,0,1,0,475149,130461,49413,58543,1.208464559635407,0.309744767306512
22267,0.5754444444444445,0,1,0,475150,130460,49413,58543,1.2084552966023194,0.30974640614170146
22268,0.5754523809523809,0,1,0,475151,130459,49413,58543,1.208446033569232,0.30974804499423286
22269,0.5754761904761905,1,3,1,475154,130456,49414,58542,1.2084182444699691,0.3097493095165028
22270,0.5754999999999999,0,2,0,475156,130454,49414,58542,1.2083997184037942,0.30975258735634614
22271,0.5755,4,13,4,475169,130441,49418,58538,1.208279298973656,0.3097592854232481
22272,0.5755238095238095,1,1,1,475170,130440,49419,58537,1.2082700359405685,0.3097572720489795
22273,0.5755833333333333,0,2,0,475172,130438,49419,58537,1.2082515098743933,0.30976055033734623
22274,0.575595238095238,0,2,0,475174,130436,49419,58537,1.2082329838082182,0.3097638286951046
22275,0.5755952380952382,0,2,0,475176,130434,49419,58537,1.208214457742043,0.30976710712225686
22276,0.5756428571428571,0,1,0,475177,130433,49419,58537,1.2082051947089556,0.30976874636185636
22277,0.5756507936507937,0,1,0,475178,130432,49419,58537,1.208195931675868,0.3097703856188052
22278,0.5756666666666667,4,29,4,475207,130403,49423,58533,1.207927303716329,0.3098033196426303
22279,0.5756883116883117,1,1,1,475208,130402,49424,58532,1.2079180406832413,0.3098013062762658
22280,0.5756969696969697,0,1,0,475209,130401,49424,58532,1.2079087776501538,0.30980294601790054
22281,0.5757142857142857,2,9,2,475218,130392,49426,58530,1.2078254103523658,0.3098103979420078
22282,0.5757261904761904,0,1,0,475219,130391,49426,58530,1.2078161473192783,0.3098120378359208
22283,0.5757916666666665,0,1,0,475220,130390,49426,58530,1.2078068842861907,0.3098136777471946
22284,0.5758095238095238,0,2,0,475222,130388,49426,58530,1.2077883582200155,0.3098169576218253
22285,0.5758095238095239,0,1,0,475223,130387,49426,58530,1.207779095186928,0.30981859758518293
22286,0.5758333333333333,20,83,20,475306,130304,49446,58510,1.207010263440661,0.3098816825023568
22287,0.5758452380952381,1,0,1,475306,130304,49447,58509,1.207010263440661,0.30987802746632914
22288,0.5758571428571428,0,1,0,475307,130303,49447,58509,1.2070010004075735,0.30987966866512723
22289,0.5758809523809524,1,0,1,475307,130303,49448,58508,1.2070010004075735,0.3098760135797173
22290,0.5759047619047619,1,0,1,475307,130303,49449,58507,1.2070010004075735,0.3098723584555903
22291,0.5759404761904762,0,4,0,475311,130299,49449,58507,1.2069639482752232,0.30987892333930067
22292,0.575952380952381,0,3,0,475314,130296,49449,58507,1.2069361591759606,0.3098838471846316
22293,0.5759642857142857,0,1,0,475315,130295,49449,58507,1.206926896142873,0.30988548850118114
22294,0.5759761904761905,1,0,1,475315,130295,49450,58506,1.206926896142873,0.30988183325300184
22295,0.576,0,3,0,475318,130292,49450,58506,1.2068991070436104,0.3098867572749711
22296,0.5760000000000001,25,96,25,475414,130196,49475,58481,1.2060098558672052,0.30995298844056246
22297,0.5760238095238094,0,2,0,475416,130194,49475,58481,1.20599132980103,0.3099562740161654
22298,0.5760238095238095,0,3,0,475419,130191,49475,58481,1.2059635407017675,0.3099612025101764
22299,0.576047619047619,0,1,0,475420,130190,49475,58481,1.2059542776686798,0.30996284537634294
22300,0.5760595238095239,0,1,0,475421,130189,49475,58481,1.2059450146355923,0.30996448825992473
22301,0.5760714285714286,0,1,0,475422,130188,49475,58481,1.2059357516025047,0.30996613116092203
22302,0.5760833333333333,0,2,0,475424,130186,49475,58481,1.2059172255363295,0.3099694170151643
22303,0.5761190476190476,1,2,1,475426,130184,49476,58480,1.2058986994701546,0.3099690454988763
22304,0.5761587301587301,1,0,1,475426,130184,49477,58479,1.2058986994701546,0.3099653880199085
22305,0.5761666666666666,0,4,0,475430,130180,49477,58479,1.2058616473378043,0.30997195999130706
22306,0.5761666666666667,2,20,2,475450,130160,49479,58477,1.2056763866760531,0.3099975084421402
22307,0.5761904761904761,0,5,0,475455,130155,49479,58477,1.2056300715106154,0.31000572543364857
22308,0.5761904761904763,0,1,0,475456,130154,49479,58477,1.205620808477528,0.3100073688842237
22309,0.5761930014430015,0,1,0,475457,130153,49479,58477,1.2056115454444403,0.31000901235222394
22310,0.5762121212121212,1,0,1,475457,130153,49480,58476,1.2056115454444403,0.3100053544258836
22311,0.5762142857142857,1,0,1,475457,130153,49481,58475,1.2056115454444403,0.31000169646075876
22312,0.5762499999999999,0,1,0,475458,130152,49481,58475,1.2056022824113528,0.3100033399248252
22313,0.57625,1,8,1,475466,130144,49482,58474,1.2055281781466523,0.31001283016467146
22314,0.5762550782550782,0,1,0,475467,130143,49482,58474,1.2055189151135648,0.3100144737748983
22315,0.5762857142857143,0,1,0,475468,130142,49482,58474,1.2055096520804773,0.31001611740255336
22316,0.5763333333333333,0,2,0,475470,130140,49482,58474,1.2054911260143022,0.31001940471014877
22317,0.5763333333333334,1,21,1,475491,130119,49483,58473,1.2052966023194636,0.31005026724357343
22318,0.5763809523809525,0,1,0,475492,130118,49483,58473,1.2052873392863759,0.31005191127890513
22319,0.576388888888889,0,1,0,475493,130117,49483,58473,1.2052780762532884,0.3100535553316719
22320,0.5764285714285714,0,1,0,475494,130116,49483,58473,1.2052688132202007,0.3100551994018739
22321,0.5764285714285715,1,0,1,475494,130116,49484,58472,1.2052688132202007,0.31005154092519144
22322,0.576448162948163,0,1,0,475495,130115,49484,58472,1.2052595501871133,0.31005318500214757
22323,0.5764523809523809,1,0,1,475495,130115,49485,58471,1.2052595501871133,0.31004952647598444
22324,0.5764560041407867,1,1,1,475496,130114,49486,58470,1.2052502871540258,0.31004751198404956
22325,0.5764761904761905,0,2,0,475498,130112,49486,58470,1.2052317610878507,0.31005080018241404
22326,0.5765,4,16,4,475514,130096,49490,58466,1.2050835525584498,0.3100624728206107
22327,0.5765000000000001,0,2,0,475516,130094,49490,58466,1.2050650264922746,0.3100657615613067
22328,0.5765238095238095,0,1,0,475517,130093,49490,58466,1.205055763459187,0.3100674059578169
22329,0.5765317460317461,0,1,0,475518,130092,49490,58466,1.2050465004260995,0.3100690503717689
22330,0.576563492063492,0,1,0,475519,130091,49490,58466,1.205037237393012,0.31007069480316296
22331,0.5765753968253968,0,1,0,475520,130090,49490,58466,1.2050279743599244,0.3100723392519994
22332,0.576590909090909,0,1,0,475521,130089,49490,58466,1.205018711326837,0.3100739837182785
22333,0.576595238095238,1,0,1,475521,130089,49491,58465,1.205018711326837,0.31007032468152357
22334,0.5765952380952382,0,4,0,475525,130085,49491,58465,1.2049816591944866,0.31007690267833465
22335,0.576654761904762,0,2,0,475527,130083,49491,58465,1.2049631331283115,0.31008019178140317
22336,0.5766666666666665,0,3,0,475530,130080,49491,58465,1.204935344029049,0.3100851255668408
22337,0.5766666666666667,127,485,127,476015,129595,49618,58338,1.2004427729815852,0.3104191387356132
22338,0.576702380952381,0,1,0,476016,129594,49618,58338,1.2004335099484975,0.31042079049869103
22339,0.5767142857142857,2,2,2,476018,129592,49620,58336,1.2004149838823224,0.31041675535311397
22340,0.576734126984127,1,1,1,476019,129591,49621,58335,1.200405720849235,0.31041473771590944
22341,0.5767857142857142,0,1,0,476020,129590,49621,58335,1.2003964578161472,0.3104163895170946
22342,0.5767857142857143,1,0,1,476020,129590,49622,58334,1.2003964578161472,0.31041272003575915
22343,0.5768333333333333,2,3,2,476023,129587,49624,58332,1.2003686687168846,0.31041033636832893
22344,0.5768333333333334,1,2,1,476025,129585,49625,58331,1.2003501426507095,0.3104099704123119
22345,0.5768571428571428,0,1,0,476026,129584,49625,58331,1.200340879617622,0.31041162227602903
22346,0.5768809523809524,0,1,0,476027,129583,49625,58331,1.2003316165845344,0.3104132741573273
22347,0.5769047619047619,0,4,0,476031,129579,49625,58331,1.2002945644521843,0.3104198818583364
22348,0.576952380952381,0,2,0,476033,129577,49625,58331,1.2002760383860092,0.3104231858143347
22349,0.577,0,4,0,476037,129573,49625,58331,1.2002389862536589,0.3104297939373297
22350,0.5770000000000001,8,20,8,476057,129553,49633,58323,1.2000537255919077,0.3104334773999872
22351,0.5770238095238095,1,1,1,476058,129552,49634,58322,1.2000444625588202,0.310431459382352
22352,0.5770714285714286,0,1,0,476059,129551,49634,58322,1.2000351995257328,0.3104331117297323
22353,0.5770833333333333,1,1,1,476060,129550,49635,58321,1.200025936492645,0.3104310936759798
22354,0.5770833333333334,1,4,1,476064,129546,49636,58320,1.1999888843602948,0.31043403276803677
22355,0.5770952380952381,0,1,0,476065,129545,49636,58320,1.1999796213272074,0.31043568519947834
22356,0.5770952380952382,0,2,0,476067,129543,49636,58320,1.1999610952610322,0.3104389901151371
22357,0.5771111111111111,2,0,2,476067,129543,49638,58318,1.1999610952610322,0.31043164893192304
22358,0.5771222943722945,0,1,0,476068,129542,49638,58318,1.1999518322279448,0.3104333013946556
22359,0.5771428571428572,4,3,4,476071,129539,49642,58314,1.199924043128682,0.3104235758811411
22360,0.5771666666666666,3,3,3,476074,129536,49645,58311,1.1998962540294194,0.3104175206417989
22361,0.5771666666666667,0,5,0,476079,129531,49645,58311,1.1998499388639816,0.3104257833711311
22362,0.57725,1,1,1,476080,129530,49646,58310,1.1998406758308942,0.31042376490630325
22363,0.5772500000000002,0,3,0,476083,129527,49646,58310,1.1998128867316313,0.31042872277559797
22364,0.5772619047619049,1,0,1,476083,129527,49647,58309,1.1998128867316313,0.31042505164079304
22365,0.5772727272727273,1,0,1,476083,129527,49648,58308,1.1998128867316313,0.31042138046689915
22366,0.5772857142857143,0,1,0,476084,129526,49648,58308,1.1998036236985439,0.31042303310369795
22367,0.5773095238095238,0,1,0,476085,129525,49648,58308,1.1997943606654562,0.3104246857580936
22368,0.5773333333333333,1,9,1,476094,129516,49649,58307,1.1997109933676684,0.3104358891083627
22369,0.5773333333333334,6,21,6,476115,129495,49655,58301,1.1995164696728298,0.3104485718545656
22370,0.5773571428571429,0,1,0,476116,129494,49655,58301,1.199507206639742,0.3104502249793658
22371,0.5773636363636363,0,1,0,476117,129493,49655,58301,1.1994979436066546,0.3104518781217717
22372,0.5773809523809523,1,1,1,476118,129492,49656,58300,1.199488680573567,0.3104498594189316
22373,0.5773809523809524,0,1,0,476119,129491,49656,58300,1.1994794175404795,0.31045151258580017
22374,0.5774285714285714,1,1,1,476120,129490,49657,58299,1.1994701545073918,0.3104494938468174
22375,0.5774761904761905,0,1,0,476121,129489,49657,58299,1.1994608914743043,0.3104511470381494
22376,0.5774999999999999,4,5,4,476126,129484,49661,58295,1.1994145763088666,0.3104447249159917
22377,0.5775,56,223,56,476349,129261,49717,58239,1.197348919930342,0.310608
22378,0.5775000000000001,2,10,2,476359,129251,49719,58237,1.1972562895994665,0.31061721283495475
22379,0.5775476190476191,0,1,0,476360,129250,49719,58237,1.1972470265663788,0.3106188695749572
22380,0.5775753968253968,2,1,2,476361,129249,49721,58235,1.1972377635332914,0.31061317232403834
22381,0.577579365079365,0,1,0,476362,129248,49721,58235,1.1972285005002037,0.3106148290778364
22382,0.5776071428571429,0,1,0,476363,129247,49721,58235,1.1972192374671162,0.3106164858493082
22383,0.5776190476190476,0,3,0,476366,129244,49721,58235,1.1971914483678536,0.3106214562697689
22384,0.5776190476190477,2,2,2,476368,129242,49723,58233,1.1971729223016785,0.3106174156554207
22385,0.5776400266400266,0,1,0,476369,129241,49723,58233,1.1971636592685908,0.31061907251138826
22386,0.5776666666666667,4,17,4,476386,129224,49727,58229,1.1970061877061025,0.3106325318879933
22387,0.5776666666666668,3,9,3,476395,129215,49730,58226,1.1969228204083144,0.3106364135914768
22388,0.5776904761904761,0,2,0,476397,129213,49730,58226,1.1969042943421393,0.3106397281248833
22389,0.5777056277056277,0,2,0,476399,129211,49730,58226,1.1968857682759644,0.3106430427290236
22390,0.5777380952380952,0,1,0,476400,129210,49730,58226,1.1968765052428767,0.3106447000576197
22391,0.57775,0,1,0,476401,129209,49730,58226,1.1968672422097892,0.3106463574039
22392,0.5777619047619048,0,1,0,476402,129208,49730,58226,1.1968579791767016,0.31064801476786497
22393,0.5777777777777778,1,1,1,476403,129207,49731,58225,1.196848716143614,0.3106459942805924
22394,0.5778095238095237,0,1,0,476404,129206,49731,58225,1.1968394531105264,0.3106476516691476
22395,0.5778333333333333,0,3,0,476407,129203,49731,58225,1.1968116640112638,0.31065262394092663
22396,0.5778333333333334,1,3,1,476410,129200,49732,58224,1.1967838749120012,0.31065391838825335
22397,0.5778571428571428,1,5,1,476415,129195,49733,58223,1.1967375597465635,0.3106585279962437
22398,0.5779047619047619,0,1,0,476416,129194,49733,58223,1.1967282967134758,0.3106601855754814
22399,0.5779166666666666,0,1,0,476417,129193,49733,58223,1.1967190336803883,0.3106618431724079
22400,0.5779166666666667,1,1,1,476418,129192,49734,58222,1.1967097706473007,0.3106598226386503
22401,0.5779285714285713,1,1,1,476419,129191,49735,58221,1.1967005076142132,0.31065780206176763
22402,0.5779285714285715,0,1,0,476420,129190,49735,58221,1.1966912445811257,0.3106594596901996
22403,0.5779761904761905,1,2,1,476422,129188,49736,58220,1.1966727185149506,0.3106590967301289
22404,0.5779999999999998,0,1,0,476423,129187,49736,58220,1.196663455481863,0.3106607544008495
22405,0.578,13,64,13,476487,129123,49749,58207,1.1960706213642596,0.310719051940426
22406,0.5780000000000001,2,3,2,476490,129120,49751,58205,1.1960428322649967,0.3107166688909649
22407,0.5780119047619049,0,1,0,476491,129119,49751,58205,1.1960335692319093,0.3107183276035105
22408,0.5780357142857143,0,1,0,476492,129118,49751,58205,1.1960243061988218,0.31071998633376574
22409,0.5780476190476189,1,0,1,476492,129118,49752,58204,1.1960243061988218,0.31071630668047534
22410,0.578047619047619,1,0,1,476492,129118,49753,58203,1.1960243061988218,0.31071262698789776
22411,0.5780831807081807,1,2,1,476494,129116,49754,58202,1.1960057801326467,0.3107122647049403
22412,0.5780833333333333,0,1,0,476495,129115,49754,58202,1.195996517099559,0.31071392345595966
22413,0.5780952380952381,0,1,0,476496,129114,49754,58202,1.1959872540664716,0.3107155822246898
22414,0.5781190476190475,0,1,0,476497,129113,49754,58202,1.1959779910333839,0.31071724101113096
22415,0.5781428571428572,0,1,0,476498,129112,49754,58202,1.1959687280002964,0.31071889981528344
22416,0.5781666666666666,0,8,0,476506,129104,49754,58202,1.195894623735596,0.3107321708861435
22417,0.5781666666666667,2,3,2,476509,129101,49756,58200,1.1958668346363333,0.31072978788153827
22418,0.5781904761904763,1,0,1,476509,129101,49757,58199,1.1958668346363333,0.31072610784837157
22419,0.5782142857142857,1,5,1,476514,129096,49758,58198,1.1958205194708955,0.31073072282080577
22420,0.5782142857142858,0,2,0,476516,129094,49758,58198,1.1958019934047204,0.3107340409627747
22421,0.5783333333333333,18,130,18,476646,128964,49776,58180,1.1945977991033383,0.3108835976574189
22422,0.5783333333333334,40,166,40,476812,128798,49816,58140,1.1930601356108044,0.31101220725588163
22423,0.5783333333333335,0,1,0,476813,128797,49816,58140,1.193050872577717,0.31101387098327243
22424,0.5783968253968255,0,1,0,476814,128796,49816,58140,1.1930416095446292,0.3110155347284632
22425,0.5784285714285715,0,2,0,476816,128794,49816,58140,1.193023083478454,0.31101886227224584
22426,0.5784999999999999,0,5,0,476821,128789,49816,58140,1.1929767683130164,0.3110271814432218
22427,0.5785,4,16,4,476837,128773,49820,58136,1.1928285597836155,0.3110390617894269
22428,0.5785000000000001,1,0,1,476837,128773,49821,58135,1.1928285597836155,0.3110353756928542
22429,0.5785238095238094,0,1,0,476838,128772,49821,58135,1.192819296750528,0.31103703981124303
22430,0.5785238095238096,0,2,0,476840,128770,49821,58135,1.1928007706843529,0.3110403681014419
22431,0.578547619047619,0,1,0,476841,128769,49821,58135,1.1927915076512654,0.31104203227325256
22432,0.5785714285714285,1,2,1,476843,128767,49822,58134,1.1927729815850903,0.3110416744693715
22433,0.5785714285714286,0,3,0,476846,128764,49822,58134,1.1927451924858277,0.3110466671660478
22434,0.5786309523809523,0,1,0,476847,128763,49822,58134,1.19273592945274,0.3110483314338914
22435,0.5786349206349207,0,1,0,476848,128762,49822,58134,1.1927266664196525,0.31104999571954456
22436,0.5786428571428571,0,2,0,476850,128760,49822,58134,1.1927081403534774,0.31105332434428073
22437,0.5786666666666666,0,6,0,476856,128754,49822,58134,1.192652562154952,0.3110633106459484
22438,0.5786666666666667,6,16,6,476872,128738,49828,58128,1.192504353625551,0.3110678240022262
22439,0.5786666666666668,0,3,0,476875,128735,49828,58128,1.1924765645262885,0.3110728180538683
22440,0.5786904761904761,0,1,0,476876,128734,49828,58128,1.192467301493201,0.31107448277338356
22441,0.5787380952380952,0,1,0,476877,128733,49828,58128,1.1924580384601133,0.3110761475107165
22442,0.57875,1,2,1,476879,128731,49829,58127,1.1924395123939382,0.3110757901722163
22443,0.5788095238095238,0,4,0,476883,128727,49829,58127,1.1924024602615881,0.311082449398996
22444,0.5788095238095239,0,2,0,476885,128725,49829,58127,1.192383934195413,0.31108577911930296
22445,0.5788333333333333,1,10,1,476895,128715,49830,58126,1.1922913038645373,0.31109874171086643
22446,0.5788333333333334,0,1,0,476896,128714,49830,58126,1.1922820408314498,0.31110040676514666
22447,0.5788571428571428,2,0,2,476896,128714,49832,58124,1.1922820408314498,0.31109303246662884
22448,0.5788690476190476,0,1,0,476897,128713,49832,58124,1.1922727777983624,0.31109469751708707
22449,0.5788888888888889,0,3,0,476900,128710,49832,58124,1.1922449886990996,0.3110996927754049
22450,0.5788968253968253,0,1,0,476901,128709,49832,58124,1.192235725666012,0.3111013578971595
22451,0.5789096368457826,2,5,2,476906,128704,49834,58122,1.1921894105005744,0.3111023091004464
22452,0.5789166666666666,0,1,0,476907,128703,49834,58122,1.1921801474674867,0.311103974307507
22453,0.5789285714285713,0,3,0,476910,128700,49834,58122,1.192152358368224,0.3111089700356489
22454,0.5789761904761905,1,0,1,476910,128700,49835,58121,1.192152358368224,0.3111052825967102
22455,0.5789880952380952,1,0,1,476910,128700,49836,58120,1.192152358368224,0.31110159511829566
22456,0.579,17,38,17,476948,128662,49853,58103,1.191800363110897,0.31110218724065003
22457,0.5790000000000001,0,4,0,476952,128658,49853,58103,1.1917633109785468,0.31110885034884156
22458,0.5790000000000002,0,1,0,476953,128657,49853,58103,1.1917540479454594,0.3111105161704862
22459,0.5790238095238095,0,1,0,476954,128656,49853,58103,1.1917447849123717,0.3111121820099701
22460,0.5790476190476189,0,1,0,476955,128655,49853,58103,1.1917355218792842,0.3111138478672935
22461,0.579047619047619,1,2,1,476957,128653,49854,58102,1.191716995813109,0.3111134909373243
22462,0.5790476190476191,0,2,0,476959,128651,49854,58102,1.191698469746934,0.31111682275519004
22463,0.5790555555555555,0,2,0,476961,128649,49854,58102,1.1916799436807588,0.31112015464441956
22464,0.5790833333333333,0,1,0,476962,128648,49854,58102,1.1916706806476713,0.3111218206157965
22465,0.5790833333333334,0,1,0,476963,128647,49854,58102,1.1916614176145837,0.31112348660501526
22466,0.5791190476190478,0,1,0,476964,128646,49854,58102,1.1916521545814962,0.3111251526120762
22467,0.5791428571428571,1,1,1,476965,128645,49855,58101,1.1916428915484085,0.31112312981268675
22468,0.5791428571428572,0,1,0,476966,128644,49855,58101,1.191633628515321,0.3111247958446009
22469,0.5791666666666666,10,61,10,477027,128583,49865,58091,1.1910685834969803,0.31118956041012674
22470,0.5791666666666667,11,40,11,477067,128543,49876,58080,1.1906980621734782,0.31121565937746154
22471,0.5791883116883116,0,1,0,477068,128542,49876,58080,1.1906887991403905,0.3112173270032472
22472,0.5792142857142857,0,1,0,477069,128541,49876,58080,1.190679536107303,0.31121899464690467
22473,0.5792307692307692,0,1,0,477070,128540,49876,58080,1.1906702730742154,0.31122066230843426
22474,0.5792857142857143,0,8,0,477078,128532,49876,58080,1.190596168809515,0.3112340042441001
22475,0.5793030303030302,0,1,0,477079,128531,49876,58080,1.1905869057764273,0.3112356720664913
22476,0.5793095238095238,1,0,1,477079,128531,49877,58079,1.1905869057764273,0.3112319811371309
22477,0.5793333333333333,2,11,2,477090,128520,49879,58077,1.1904850124124644,0.3112429460280712
22478,0.5793333333333334,4,19,4,477109,128501,49883,58073,1.190309014783801,0.31125987543816397
22479,0.5793571428571428,0,1,0,477110,128500,49883,58073,1.1902997517507132,0.31126154373891185
22480,0.579391774891775,0,2,0,477112,128498,49883,58073,1.190281225684538,0.3112648803940591
22481,0.5794047619047619,0,1,0,477113,128497,49883,58073,1.1902719626514506,0.31126654874845905
22482,0.579404761904762,0,1,0,477114,128496,49883,58073,1.190262699618363,0.31126821712074354
22483,0.5794166666666667,0,1,0,477115,128495,49883,58073,1.1902534365852755,0.3112698855109129
22484,0.5794166666666668,0,2,0,477117,128493,49883,58073,1.1902349105191004,0.31127322234490745
22485,0.5794361471861473,0,1,0,477118,128492,49883,58073,1.190225647486013,0.31127489078873316
22486,0.5794444444444445,0,1,0,477119,128491,49883,58073,1.1902163844529252,0.3112765592504449
22487,0.5794999999999999,1,2,1,477121,128489,49884,58072,1.19019785838675,0.31127620456579885
22488,0.5795,2,13,2,477134,128476,49886,58070,1.190077438956612,0.3112905127957716
22489,0.5795238095238094,0,4,0,477138,128472,49886,58070,1.1900403868242617,0.3112971877646857
22490,0.5795238095238096,0,1,0,477139,128471,49886,58070,1.1900311237911743,0.3112988565516428
22491,0.5795595238095239,0,1,0,477140,128470,49886,58070,1.1900218607580866,0.3113005253564919
22492,0.5795833333333333,0,4,0,477144,128466,49886,58070,1.1899848086257363,0.3113072007548141
22493,0.579595238095238,0,4,0,477148,128462,49886,58070,1.1899477564933862,0.3113138764394313
22494,0.5795952380952382,0,2,0,477150,128460,49886,58070,1.189929230427211,0.3113172143891063
22495,0.5796071428571428,0,3,0,477153,128457,49886,58070,1.1899014413279485,0.3113222214478333
22496,0.5796190476190476,0,1,0,477154,128456,49886,58070,1.1898921782948608,0.31132389050320064
22497,0.5796428571428571,0,2,0,477156,128454,49886,58070,1.1898736522286857,0.3113272286676245
22498,0.5796666666666666,0,1,0,477157,128453,49886,58070,1.1898643891955982,0.3113288977766817
22499,0.5796666666666667,4,22,4,477179,128431,49890,58066,1.189660602467672,0.3113508528287318
22500,0.5796666666666668,0,1,0,477180,128430,49890,58066,1.1896513394345845,0.31135252230610844
22501,0.57975,0,2,0,477182,128428,49890,58066,1.1896328133684093,0.3113558613145731
22502,0.5798214285714286,0,1,0,477183,128427,49890,58066,1.1896235503353219,0.31135753084566176
22503,0.5798333333333333,6,19,6,477202,128408,49896,58060,1.1894475527066584,0.31136709783984384
22504,0.5798333333333334,0,2,0,477204,128406,49896,58060,1.1894290266404832,0.31137043750603327
22505,0.5798571428571428,0,1,0,477205,128405,49896,58060,1.1894197636073955,0.31137210736599363
22506,0.5798809523809524,0,2,0,477207,128403,49896,58060,1.1894012375412204,0.311375447139647
22507,0.5799285714285715,0,3,0,477210,128400,49896,58060,1.1893734484419578,0.31138045693446315
22508,0.5799285714285716,0,3,0,477213,128397,49896,58060,1.1893456593426952,0.3113854668904895
22509,0.5799444444444445,0,2,0,477215,128395,49896,58060,1.18932713327652,0.3113888069507388
22510,0.5799523809523809,0,1,0,477216,128394,49896,58060,1.1893178702434326,0.3113904770077338
22511,0.5799999999999998,0,3,0,477219,128391,49896,58060,1.1892900811441698,0.31139548728620386
22512,0.58,590,2303,590,479522,126088,50486,57470,1.1679573159435326,0.3130890508722039
22513,0.5800000000000001,6,28,6,479550,126060,50492,57464,1.167697951017081,0.3131143610644929
22514,0.5800000000000002,0,1,0,479551,126059,50492,57464,1.1676886879839934,0.3131160671959373
22515,0.5800714285714286,0,3,0,479554,126056,50492,57464,1.1676608988847308,0.31312118570183084
22516,0.5800833333333333,1,0,1,479554,126056,50493,57463,1.1676608988847308,0.3131174428805737
22517,0.5800833333333334,0,1,0,479555,126055,50493,57463,1.1676516358516433,0.3131191490752951
22518,0.5801111111111111,0,1,0,479556,126054,50493,57463,1.1676423728185557,0.3131208552886109
22519,0.5801190476190476,0,1,0,479557,126053,50493,57463,1.1676331097854682,0.31312256152052137
22520,0.5801282051282051,0,1,0,479558,126052,50493,57463,1.1676238467523805,0.31312426777102687
22521,0.580142857142857,0,1,0,479559,126051,50493,57463,1.167614583719293,0.3131259740401277
22522,0.5801428571428572,0,1,0,479560,126050,50493,57463,1.1676053206862056,0.3131276803278242
22523,0.5801666666666666,2,14,2,479574,126036,50495,57461,1.1674756382229798,0.3131440840994676
22524,0.5801666666666667,3,3,3,479577,126033,50498,57458,1.167447849123717,0.3131379740695729
22525,0.5801883116883118,2,0,2,479577,126033,50500,57456,1.167447849123717,0.31313048738616484
22526,0.5801969696969695,1,0,1,479577,126033,50501,57455,1.167447849123717,0.31312674398325774
22527,0.5802380952380954,0,1,0,479578,126032,50501,57455,1.1674385860906296,0.31312845051693033
22528,0.5802857142857143,1,2,1,479580,126030,50502,57454,1.1674200600244544,0.313128120163066
22529,0.5802857142857144,0,1,0,479581,126029,50502,57454,1.167410796991367,0.31312982674144196
22530,0.5803030303030304,1,1,1,479582,126028,50503,57453,1.1674015339582793,0.3131277897983987
22531,0.5803205128205128,0,1,0,479583,126027,50503,57453,1.1673922709251918,0.3131294964028777
22532,0.5803333333333334,3,19,3,479602,126008,50506,57450,1.167216273296528,0.31315069389178996
22533,0.5803571428571428,1,4,1,479606,126004,50507,57449,1.167179221164178,0.3131537778068497
22534,0.5803809523809524,0,1,0,479607,126003,50507,57449,1.1671699581310904,0.31315548481346617
22535,0.5804166666666667,0,3,0,479610,126000,50507,57449,1.1671421690318278,0.3131606059449765
22536,0.5804285714285715,0,1,0,479611,125999,50507,57449,1.1671329059987403,0.31316231302603464
22537,0.5804761904761905,1,1,1,479612,125998,50508,57448,1.1671236429656526,0.31316027604853747
22538,0.5804999999999999,0,2,0,479614,125996,50508,57448,1.1671051168994775,0.3131636902815028
22539,0.5805,1,9,1,479623,125987,50509,57447,1.1670217496016895,0.31317531101104484
22540,0.5805555555555556,0,1,0,479624,125986,50509,57447,1.167012486568602,0.3131770183118632
22541,0.580563492063492,0,1,0,479625,125985,50509,57447,1.1670032235355146,0.3131787256312966
22542,0.5805769230769231,0,2,0,479627,125983,50509,57447,1.1669846974693394,0.31318214032600994
22543,0.5806031746031745,0,1,0,479628,125982,50509,57447,1.1669754344362517,0.31318384770129043
22544,0.5806428571428571,0,1,0,479629,125981,50509,57447,1.1669661714031643,0.3131855550951872
22545,0.5806666666666664,0,1,0,479630,125980,50509,57447,1.1669569083700766,0.3131872625077006
22546,0.5806666666666667,6,31,6,479661,125949,50515,57441,1.1666697543443625,0.31321773270080155
22547,0.5806666666666668,0,1,0,479662,125948,50515,57441,1.166660491311275,0.3132194406425685
22548,0.5807142857142857,1,6,1,479668,125942,50516,57440,1.1666049131127496,0.31322594365859247
22549,0.58075,0,6,0,479674,125936,50516,57440,1.1665493349142244,0.31323619230433647
22550,0.5807857142857142,0,1,0,479675,125935,50516,57440,1.1665400718811367,0.31323790047716427
22551,0.5808073593073593,0,1,0,479676,125934,50516,57440,1.1665308088480493,0.3132396086686226
22552,0.5808095238095238,1,3,1,479679,125931,50517,57439,1.1665030197487865,0.31324098816600315
22553,0.5808333333333332,0,1,0,479680,125930,50517,57439,1.166493756715699,0.3132426964208781
22554,0.5808333333333333,21,96,21,479776,125834,50538,57418,1.1656045055392938,0.3133280946456246
22555,0.5808333333333334,1,4,1,479780,125830,50539,57417,1.1655674534069436,0.3133311868679978
22556,0.580888888888889,0,2,0,479782,125828,50539,57417,1.1655489273407684,0.3133346066741248
22557,0.580952380952381,3,3,3,479785,125825,50542,57414,1.1655211382415058,0.3133284944798869
22558,0.581,16,50,16,479835,125775,50558,57398,1.165057986587128,0.31335404235340364
22559,0.5810000000000001,1,1,1,479836,125774,50559,57397,1.1650487235540405,0.3133520044111786
22560,0.5810238095238094,0,2,0,479838,125772,50559,57397,1.1650301974878654,0.31335542586354675
22561,0.581047619047619,0,1,0,479839,125771,50559,57397,1.165020934454778,0.31335713661774983
22562,0.5810714285714286,0,4,0,479843,125767,50559,57397,1.1649838823224277,0.31336397982136227
22563,0.5811071428571428,0,1,0,479844,125766,50559,57397,1.1649746192893402,0.31336569066896697
22564,0.581111111111111,1,0,1,479844,125766,50560,57396,1.1649746192893402,0.31336194188750943
22565,0.5811111111111111,0,2,0,479846,125764,50560,57396,1.164956093223165,0.31336536361651013
22566,0.5811111111111112,1,0,1,479846,125764,50561,57395,1.164956093223165,0.31336161477186486
22567,0.5811666666666667,3,9,3,479855,125755,50564,57392,1.164872725925377,0.31336576629701823
22568,0.5811904761904763,0,2,0,479857,125753,50564,57392,1.164854199859202,0.31336918834803024
22569,0.5812380952380951,0,2,0,479859,125751,50564,57392,1.1648356737930268,0.3133726104737828
22570,0.58125,2,2,2,479861,125749,50566,57390,1.1648171477268516,0.3133685342827033
22571,0.5813095238095238,0,2,0,479863,125747,50566,57390,1.1647986216606765,0.31337195651342986
22572,0.5813333333333331,0,1,0,479864,125746,50566,57390,1.164789358627589,0.31337366765682334
22573,0.5813333333333333,1,7,1,479871,125739,50567,57389,1.1647245173959762,0.3133818968153423
22574,0.5813333333333334,3,16,3,479887,125723,50570,57386,1.1645763088665753,0.313398030681179
22575,0.5813531746031746,0,1,0,479888,125722,50570,57386,1.1645670458334878,0.3133997422286301
22576,0.5813809523809523,2,3,2,479891,125719,50572,57384,1.164539256734225,0.3133973774323741
22577,0.5813809523809524,0,1,0,479892,125718,50572,57384,1.1645299937011375,0.31339908903234265
22578,0.5814166666666667,0,3,0,479895,125715,50572,57384,1.164502204601875,0.3134042239444235
22579,0.5814220779220779,0,2,0,479897,125713,50572,57384,1.1644836785356998,0.31340764731262666
22580,0.5814285714285714,1,1,1,479898,125712,50573,57383,1.164474415502612,0.31340560911002485
22581,0.5814285714285715,0,1,0,479899,125711,50573,57383,1.1644651524695246,0.3134073208297377
22582,0.5814999999999999,0,1,0,479900,125710,50573,57383,1.164455889436437,0.31340903256814845
22583,0.5815,5,14,5,479914,125696,50578,57378,1.1643262069732112,0.3134142477905109
22584,0.5815833333333333,1,1,1,479915,125695,50579,57377,1.1643169439401237,0.31341220940395037
22585,0.5816190476190476,0,1,0,479916,125694,50579,57377,1.1643076809070363,0.31341392137476715
22586,0.5816190476190477,0,1,0,479917,125693,50579,57377,1.1642984178739486,0.3134156333642869
22587,0.5816428571428572,0,1,0,479918,125692,50579,57377,1.1642891548408612,0.3134173453725098
22588,0.5816525974025973,1,0,1,479918,125692,50580,57376,1.1642891548408612,0.3134135949483252
22589,0.5816666666666666,0,3,0,479921,125689,50580,57376,1.1642613657415983,0.31341873105181217
22590,0.5816666666666667,60,228,60,480149,125461,50640,57316,1.162149394197636,0.3135843131247367
22591,0.5816666666666668,0,1,0,480150,125460,50640,57316,1.1621401311645485,0.31358602880028014
22592,0.5816944444444444,0,2,0,480152,125458,50640,57316,1.1621216050983734,0.3135894602076882
22593,0.5817142857142857,0,2,0,480154,125456,50640,57316,1.1621030790321982,0.3135928916901932
22594,0.5817171717171717,0,1,0,480155,125455,50640,57316,1.1620938159991108,0.31359460745960793
22595,0.5817380952380953,0,1,0,480156,125454,50640,57316,1.162084552966023,0.3135963232477978
22596,0.58175,0,2,0,480158,125452,50640,57316,1.1620660268998482,0.31359975488050423
22597,0.5817777777777777,0,1,0,480159,125451,50640,57316,1.1620567638667605,0.3136014707250215
22598,0.5817857142857144,0,2,0,480161,125449,50640,57316,1.1620382378005853,0.31360490247038547
22599,0.5817894736842106,0,1,0,480162,125448,50640,57316,1.162028974767498,0.3136066183712328
22600,0.5818333333333333,4,5,4,480167,125443,50644,57312,1.1619826596020602,0.3136001750978085
22601,0.5818333333333334,2,8,2,480175,125435,50646,57310,1.1619085553373596,0.3136063914197379
22602,0.5819007936507937,0,1,0,480176,125434,50646,57310,1.1618992923042721,0.31360810751652585
22603,0.5819047619047619,0,1,0,480177,125433,50646,57310,1.1618900292711845,0.31360982363209533
22604,0.5819444444444444,0,1,0,480178,125432,50646,57310,1.161880766238097,0.3136115397664467
22605,0.581952380952381,0,1,0,480179,125431,50646,57310,1.1618715032050095,0.31361325591958017
22606,0.5819642857142856,0,2,0,480181,125429,50646,57310,1.1618529771388344,0.3136166882821948
22607,0.5819761904761903,0,1,0,480182,125428,50646,57310,1.1618437141057467,0.3136184044916766
22608,0.5819999999999999,0,1,0,480183,125427,50646,57310,1.1618344510726593,0.3136201207199418
22609,0.582,0,3,0,480186,125424,50646,57310,1.1618066619733967,0.31362526951744063
22610,0.5820000000000001,20,39,20,480225,125385,50666,57290,1.161445403682982,0.31361707951279594
22611,0.5820238095238094,0,1,0,480226,125384,50666,57290,1.1614361406498943,0.31361879632569495
22612,0.5820238095238095,0,3,0,480229,125381,50666,57290,1.1614083515506317,0.3136239468771726
22613,0.5820555555555557,0,2,0,480231,125379,50666,57290,1.1613898254844566,0.3136273806721447
22614,0.5820833333333334,1,1,1,480232,125378,50667,57289,1.1613805624513691,0.31362534009974435
22615,0.5820952380952381,0,1,0,480233,125377,50667,57289,1.1613712994182814,0.3136270570330549
22616,0.5821309523809524,0,1,0,480234,125376,50667,57289,1.161362036385194,0.3136287739851641
22617,0.5821428571428572,3,3,3,480237,125373,50670,57286,1.1613342472859314,0.31362265204561507
22618,0.5821666666666665,0,2,0,480239,125371,50670,57286,1.1613157212197562,0.3136260860519991
22619,0.5821666666666666,2,1,2,480240,125370,50672,57284,1.1613064581866686,0.31362028753818694
22620,0.5821666666666667,2,10,2,480250,125360,50674,57282,1.161213827855793,0.3136299427294927
22621,0.5821904761904763,1,1,1,480251,125359,50675,57281,1.1612045648227056,0.31362790188348666
22622,0.5822142857142857,0,1,0,480252,125358,50675,57281,1.161195301789618,0.3136296190846424
22623,0.5822222222222222,0,1,0,480253,125357,50675,57281,1.1611860387565305,0.31363133630460255
22624,0.5822380952380952,0,2,0,480255,125355,50675,57281,1.1611675126903553,0.3136347708009374
22625,0.5822619047619046,0,1,0,480256,125354,50675,57281,1.1611582496572679,0.31363648807731265
22626,0.5822619047619048,0,1,0,480257,125353,50675,57281,1.1611489866241802,0.3136382053724936
22627,0.5822619047619049,0,3,0,480260,125350,50675,57281,1.1611211975249176,0.3136433573708735
22628,0.5822857142857143,0,3,0,480263,125347,50675,57281,1.161093408425655,0.3136485095385155
22629,0.5823333333333333,1,8,1,480271,125339,50676,57280,1.1610193041609544,0.313658491175617
22630,0.5823333333333334,4,13,4,480284,125326,50680,57276,1.1608988847308161,0.3136657867931348
22631,0.5823809523809523,1,1,1,480285,125325,50681,57275,1.1608896216977287,0.31366374589266155
22632,0.5823809523809524,1,5,1,480290,125320,50682,57274,1.160843306532291,0.3136685761854168
22633,0.5824047619047618,1,1,1,480291,125319,50683,57273,1.1608340434992033,0.3136665352260778
22634,0.5824166666666667,0,3,0,480294,125316,50683,57273,1.1608062543999407,0.3136716888750144
22635,0.5824285714285714,1,1,1,480295,125315,50684,57272,1.1607969913668532,0.31366964789388074
22636,0.5824285714285715,0,1,0,480296,125314,50684,57272,1.1607877283337655,0.3136713658221331
22637,0.5824464555052793,1,4,1,480300,125310,50685,57271,1.1607506762014155,0.3136744787245113
22638,0.5824523809523809,0,2,0,480302,125308,50685,57271,1.1607321501352403,0.3136779147656631
22639,0.5824999999999999,0,6,0,480308,125302,50685,57271,1.160676571936715,0.31368822334080065
22640,0.5825,60,230,60,480538,125072,50745,57211,1.1585460743265774,0.3138581217118437
22641,0.5825021645021645,0,1,0,480539,125071,50745,57211,1.15853681129349,0.31385984353913166
22642,0.5825154012654012,0,4,0,480543,125067,50745,57211,1.1584997591611397,0.3138667310372069
22643,0.5825476190476193,2,1,2,480544,125066,50747,57209,1.1584904961280522,0.31386092442737623
22644,0.5825714285714285,0,1,0,480545,125065,50747,57209,1.1584812330949645,0.31386264634561156
22645,0.5825714285714286,0,1,0,480546,125064,50747,57209,1.158471970061877,0.3138643682827407
22646,0.5826190476190476,0,2,0,480548,125062,50747,57209,1.158453443995702,0.3138678122136818
22647,0.5826190476190477,0,1,0,480549,125061,50747,57209,1.1584441809626145,0.31386953420749436
22648,0.5826428571428571,1,0,1,480549,125061,50748,57208,1.1584441809626145,0.3138657698237221
22649,0.5826587301587303,1,0,1,480549,125061,50749,57207,1.1584441809626145,0.31386200539864373
22650,0.5826666666666666,1,0,1,480549,125061,50750,57206,1.1584441809626145,0.3138582409322587
22651,0.5826666666666667,3,36,3,480585,125025,50753,57203,1.1581107117714624,0.3139089492284391
22652,0.5826666666666668,4,5,4,480590,125020,50757,57199,1.1580643966060247,0.31390250193448543
22653,0.582702380952381,0,1,0,480591,125019,50757,57199,1.1580551335729372,0.31390422461008244
22654,0.58275,0,1,0,480592,125018,50757,57199,1.1580458705398495,0.3139059473045874
22655,0.5827619047619049,0,1,0,480593,125017,50757,57199,1.158036607506762,0.31390767001800063
22656,0.5827698412698412,0,2,0,480595,125015,50757,57199,1.158018081440587,0.3139111155015531
22657,0.5827777777777778,1,1,1,480596,125014,50758,57198,1.1580088184074993,0.31390907294799464
22658,0.5828095238095238,1,0,1,480596,125014,50759,57197,1.1580088184074993,0.313905307582967
22659,0.5828095238095239,0,1,0,480597,125013,50759,57197,1.1579995553744118,0.3139070303495966
22660,0.5828333333333332,1,1,1,480598,125012,50760,57196,1.1579902923413243,0.31390498770635755
22661,0.5828333333333333,1,2,1,480600,125010,50761,57195,1.1579717662751492,0.3139046678192146
22662,0.5828333333333334,0,8,0,480608,125002,50761,57195,1.1578976620104486,0.3139184509075342
22663,0.5828571428571429,0,6,0,480614,124996,50761,57195,1.1578420838119234,0.3139287890181183
22664,0.582857142857143,0,2,0,480616,124994,50761,57195,1.1578235577457483,0.31393223520629676
22665,0.5828846153846154,0,2,0,480618,124992,50761,57195,1.1578050316795732,0.31393568147013784
22666,0.5828888888888888,0,2,0,480620,124990,50761,57195,1.157786505613398,0.31393912780964406
22667,0.5829166666666666,0,2,0,480622,124988,50761,57195,1.1577679795472229,0.3139425742248179
22668,0.5829166666666667,0,3,0,480625,124985,50761,57195,1.1577401904479603,0.31394774398946096
22669,0.5829285714285715,0,1,0,480626,124984,50761,57195,1.1577309274148728,0.31394946728217854
22670,0.5829343434343435,0,1,0,480627,124983,50761,57195,1.1577216643817851,0.3139511905938148
22671,0.582952380952381,2,0,2,480627,124983,50763,57193,1.1577216643817851,0.31394365887932546
22672,0.5829761904761904,0,1,0,480628,124982,50763,57193,1.1577124013486977,0.3139453821874571
22673,0.583,8,39,8,480667,124943,50771,57185,1.157351143058283,0.3139824738645348
22674,0.5830000000000001,0,2,0,480669,124941,50771,57185,1.1573326169921079,0.3139859218343345
22675,0.583015873015873,0,1,0,480670,124940,50771,57185,1.1573233539590204,0.3139876458476321
22676,0.5830238095238095,0,1,0,480671,124939,50771,57185,1.1573140909259327,0.3139893698798621
22677,0.583095238095238,0,1,0,480672,124938,50771,57185,1.1573048278928453,0.31399109393102465
22678,0.5831190476190476,1,1,1,480673,124937,50772,57184,1.1572955648597576,0.31398905123516785
22679,0.5831428571428571,0,1,0,480674,124936,50772,57184,1.1572863018266701,0.3139907753129805
22680,0.5831428571428572,0,4,0,480678,124932,50772,57184,1.1572492496943199,0.31399767181356936
22681,0.5831666666666666,2,6,2,480684,124926,50774,57182,1.1571936714957947,0.3140004832297318
22682,0.5831666666666667,2,3,2,480687,124923,50776,57180,1.1571658823965318,0.3139981219419779
22683,0.5831904761904763,0,2,0,480689,124921,50776,57180,1.1571473563303567,0.31400157055699857
22684,0.5832121212121213,0,1,0,480690,124920,50776,57180,1.1571380932972692,0.314003294892916
22685,0.5832142857142857,0,4,0,480694,124916,50776,57180,1.157101041164919,0.3140101924259731
22686,0.5832142857142858,1,0,1,480694,124916,50777,57179,1.157101041164919,0.3140064252176062
22687,0.58325,0,1,0,480695,124915,50777,57179,1.1570917781318315,0.3140081496370007
22688,0.5832619047619046,0,1,0,480696,124914,50777,57179,1.1570825150987438,0.31400987407533515
22689,0.5832619047619049,1,1,1,480697,124913,50778,57178,1.1570732520656564,0.31400783124921056
22690,0.5832857142857143,1,2,1,480699,124911,50779,57177,1.1570547259994812,0.3140075128509292
22691,0.5833333333333333,48,150,48,480849,124761,50827,57129,1.1556652710363482,0.3140854362526802
22692,0.5833333333333334,68,272,68,481121,124489,50895,57061,1.1531457260365334,0.3142990911594602
22693,0.5833333333333335,0,4,0,481125,124485,50895,57061,1.1531086739041831,0.31430601610611086
22694,0.5833571428571429,2,1,2,481126,124484,50897,57059,1.1530994108710957,0.31430019334262405
22695,0.5833809523809523,0,1,0,481127,124483,50897,57059,1.153090147838008,0.3143019246235031
22696,0.5834047619047618,0,1,0,481128,124482,50897,57059,1.1530808848049205,0.3143036559234553
22697,0.5834047619047619,0,1,0,481129,124481,50897,57059,1.1530716217718329,0.31430538724248097
22698,0.5834166666666666,0,1,0,481130,124480,50897,57059,1.1530623587387454,0.31430711858058047
22699,0.5834523809523811,0,1,0,481131,124479,50897,57059,1.153053095705658,0.3143088499377541
22700,0.5834999999999999,0,6,0,481137,124473,50897,57059,1.1529975175071325,0.31431923848136967
22701,0.5835,7,16,7,481153,124457,50904,57052,1.1528493089777316,0.31432050201367423
22702,0.5835000000000001,1,2,1,481155,124455,50905,57051,1.1528307829115565,0.314320187762388
22703,0.5835119047619048,0,1,0,481156,124454,50905,57051,1.152821519878469,0.3143219195063497
22704,0.5835418470418471,0,1,0,481157,124453,50905,57051,1.1528122568453814,0.3143236512693935
22705,0.5835555555555555,1,1,1,481158,124452,50906,57050,1.152802993812294,0.3143216052715673
22706,0.5835555555555557,1,0,1,481158,124452,50907,57049,1.152802993812294,0.3143178274499865
22707,0.5835714285714286,1,1,1,481159,124451,50908,57048,1.1527937307792064,0.31431578135416727
22708,0.5835833333333332,0,1,0,481160,124450,50908,57048,1.1527844677461188,0.31431751314064066
22709,0.5835952380952381,0,1,0,481161,124449,50908,57048,1.1527752047130313,0.31431924494619745
22710,0.5836190476190477,2,1,2,481162,124448,50910,57046,1.1527659416799436,0.3143134208293387
22711,0.5836666666666666,0,5,0,481167,124443,50910,57046,1.1527196265145059,0.31432208012606827
22712,0.5836666666666667,0,19,0,481186,124424,50910,57046,1.1525436288858424,0.3143549898054775
22713,0.5836666666666668,2,4,2,481190,124420,50912,57044,1.152506576753492,0.31435436229775604
22714,0.5836904761904762,1,0,1,481190,124420,50913,57043,1.152506576753492,0.3143505838655814
22715,0.5837142857142857,0,1,0,481191,124419,50913,57043,1.1524973137204046,0.31435231618741116
22716,0.58375,0,5,0,481196,124414,50913,57043,1.152450998554967,0.3143609780829618
22717,0.5837500000000001,2,0,2,481196,124414,50915,57041,1.152450998554967,0.3143534209583643
22718,0.5837777777777778,0,1,0,481197,124413,50915,57041,1.1524417355218792,0.31435515337220454
22719,0.5837857142857142,0,2,0,481199,124411,50915,57041,1.152423209455704,0.31435861825716993
22720,0.5838095238095238,1,1,1,481200,124410,50916,57040,1.1524139464226166,0.31435657205841827
22721,0.5838095238095239,0,2,0,481202,124408,50916,57040,1.1523954203564415,0.3143600370354041
22722,0.5838333333333332,0,3,0,481205,124405,50916,57040,1.152367631257179,0.31436523464410704
22723,0.5838333333333333,3,7,3,481212,124398,50919,57037,1.152302790025566,0.3143660264006393
22724,0.5838333333333334,0,1,0,481213,124397,50919,57037,1.1522935269924783,0.3143677590749253
22725,0.5838888888888889,1,0,1,481213,124397,50920,57036,1.1522935269924783,0.31436398009182454
22726,0.5838928571428571,0,1,0,481214,124396,50920,57036,1.1522842639593909,0.3143657127739318
22727,0.5839047619047618,0,1,0,481215,124395,50920,57036,1.1522750009263034,0.3143674454751393
22728,0.5839285714285715,0,1,0,481216,124394,50920,57036,1.1522657378932157,0.3143691781954473
22729,0.5839523809523809,0,2,0,481218,124392,50920,57036,1.1522472118270406,0.314372643693366
22730,0.583991341991342,1,0,1,481218,124392,50921,57035,1.1522472118270406,0.3143688646122132
22731,0.584,20,94,20,481312,124298,50941,57015,1.1513764867168106,0.31445621659781703
22732,0.5840000000000001,3,4,3,481316,124294,50944,57012,1.1513394345844603,0.31445181075088524
22733,0.5840049117549116,1,1,1,481317,124293,50945,57011,1.1513301715513728,0.3144497639324008
22734,0.584030303030303,0,2,0,481319,124291,50945,57011,1.1513116454851977,0.31445323272771397
22735,0.5840476190476189,1,2,1,481321,124289,50946,57010,1.1512931194190226,0.3144529203139565
22736,0.584047619047619,0,1,0,481322,124288,50946,57010,1.1512838563859351,0.31445465476728923
22737,0.5840476190476191,0,1,0,481323,124287,50946,57010,1.1512745933528474,0.3144563892397558
22738,0.5840555555555556,0,1,0,481324,124286,50946,57010,1.15126533031976,0.31445812373135645
22739,0.5840714285714285,0,1,0,481325,124285,50946,57010,1.1512560672866723,0.3144598582420916
22740,0.5840833333333334,0,1,0,481326,124284,50946,57010,1.1512468042535848,0.31446159277196156
22741,0.5840966810966809,0,5,0,481331,124279,50946,57010,1.151200489088147,0.31447026570834413
22742,0.5841071428571428,0,3,0,481334,124276,50946,57010,1.1511726999888843,0.3144754696998113
22743,0.5841190476190475,0,1,0,481335,124275,50946,57010,1.1511634369557968,0.31447720440190857
22744,0.5841666666666666,17,54,17,481389,124221,50963,56993,1.150663233169069,0.31450660544991005
22745,0.5841666666666667,3,31,3,481420,124190,50966,56990,1.1503760791433546,0.31454906722596315
22746,0.5841904761904761,1,1,1,481421,124189,50967,56989,1.1503668161102671,0.3145470200576229
22747,0.5841904761904763,1,0,1,481421,124189,50968,56988,1.1503668161102671,0.3145432367243083
22748,0.5842142857142857,0,2,0,481423,124187,50968,56988,1.150348290044092,0.31454670898302745
22749,0.5842380952380952,0,3,0,481426,124184,50968,56988,1.1503205009448294,0.3145519175148478
22750,0.5842619047619049,0,4,0,481430,124180,50968,56988,1.1502834488124791,0.3145588624922724
22751,0.5842857142857142,0,1,0,481431,124179,50968,56988,1.1502741857793917,0.31456059878454684
22752,0.5842857142857143,2,11,2,481442,124168,50970,56986,1.1501722924154285,0.3145721319981894
22753,0.5843333333333333,2,6,2,481448,124162,50972,56984,1.150116714216903,0.3145749837147936
22754,0.5843333333333334,1,15,1,481463,124147,50973,56983,1.1499777687205899,0.31459725059349636
22755,0.5843333333333335,0,2,0,481465,124145,50973,56983,1.1499592426544147,0.3146007243496312
22756,0.5843809523809523,0,1,0,481466,124144,50973,56983,1.1499499796213273,0.31460246125646646
22757,0.5844047619047619,0,1,0,481467,124143,50973,56983,1.1499407165882396,0.3146041981824807
22758,0.5844166666666667,0,2,0,481469,124141,50973,56983,1.1499221905220645,0.31460767209204743
22759,0.5844444444444444,0,1,0,481470,124140,50973,56983,1.149912927488977,0.31460940907560053
22760,0.5844761904761905,0,4,0,481474,124136,50973,56983,1.1498758753566267,0.31461635720161885
22761,0.5844999999999999,0,4,0,481478,124132,50973,56983,1.1498388232242767,0.3146233056345416
22762,0.5845,2,11,2,481489,124121,50975,56981,1.1497369298603135,0.31463484666099767
22763,0.5845000000000001,0,1,0,481490,124120,50975,56981,1.1497276668272258,0.3146365840056101
22764,0.5845079365079365,0,1,0,481491,124119,50975,56981,1.1497184037941384,0.31463832136940917
22765,0.5845238095238094,0,3,0,481494,124116,50975,56981,1.1496906146948758,0.31464353357592895
22766,0.5845476190476191,0,1,0,481495,124115,50975,56981,1.149681351661788,0.31464527101647743
22767,0.584563492063492,0,1,0,481496,124114,50975,56981,1.1496720886287006,0.31464700847621413
22768,0.5845714285714285,0,1,0,481497,124113,50975,56981,1.149662825595613,0.3146487459551393
22769,0.5845833333333333,1,2,1,481499,124111,50976,56980,1.149644299529438,0.31464843642146767
22770,0.5846428571428571,1,3,1,481502,124108,50977,56979,1.1496165104301752,0.31464986442980447
22771,0.5846666666666667,4,21,4,481523,124087,50981,56975,1.1494219867353366,0.3146712175939733
22772,0.5846666666666668,0,2,0,481525,124085,50981,56975,1.1494034606691614,0.3146746934717773
22773,0.5846904761904761,0,1,0,481526,124084,50981,56975,1.149394197636074,0.31467643143947555
22774,0.5847142857142856,0,3,0,481529,124081,50981,56975,1.1493664085368114,0.31468164545775895
22775,0.5847499999999999,0,2,0,481531,124079,50981,56975,1.1493478824706362,0.31468512156594164
22776,0.58475,0,1,0,481532,124078,50981,56975,1.1493386194375486,0.3146868596488321
22777,0.5847619047619047,0,4,0,481536,124074,50981,56975,1.1493015673051985,0.31469381217239534
22778,0.584765873015873,0,2,0,481538,124072,50981,56975,1.1492830412390234,0.3146972885493822
22779,0.5847857142857144,0,1,0,481539,124071,50981,56975,1.1492737782059357,0.3146990267666781
22780,0.5848333333333333,1,10,1,481549,124061,50982,56974,1.1491811478750602,0.3147126246305963
22781,0.5848571428571429,0,1,0,481550,124060,50982,56974,1.1491718848419727,0.3147143630478253
22782,0.584857142857143,0,1,0,481551,124059,50982,56974,1.149162621808885,0.31471610148425977
22783,0.5848809523809524,0,1,0,481552,124058,50982,56974,1.1491533587757976,0.3147178399399001
22784,0.5848888888888889,1,1,1,481553,124057,50983,56973,1.14914409574271,0.3147157929624924
22785,0.5849090909090909,0,1,0,481554,124056,50983,56973,1.1491348327096225,0.31471753144523806
22786,0.5849166666666668,0,1,0,481555,124055,50983,56973,1.1491255696765348,0.3147192699471905
22787,0.5849285714285714,0,2,0,481557,124053,50983,56973,1.1491070436103599,0.314722747008717
22788,0.584952380952381,0,1,0,481558,124052,50983,56973,1.1490977805772722,0.3147244855682917
22789,0.585,169,838,169,482396,123214,51152,56804,1.1413353588499018,0.3155462231554622
22790,0.5850000000000001,7,15,7,482411,123199,51159,56797,1.1411964133535886,0.31554590102002267
22791,0.5850402097902098,0,1,0,482412,123198,51159,56797,1.1411871503205009,0.3155476541015028
22792,0.5850447052947054,0,3,0,482415,123195,51159,56797,1.1411593612212383,0.31555291346282055
22793,0.5850595238095238,1,1,1,482416,123194,51160,56796,1.1411500981881508,0.31555086393688536
22794,0.5850714285714285,0,1,0,482417,123193,51160,56796,1.1411408351550631,0.3155526171043786
22795,0.5850833333333333,0,2,0,482419,123191,51160,56796,1.141122309088888,0.31555612349780815
22796,0.5851190476190475,0,1,0,482420,123190,51160,56796,1.1411130460558006,0.3155578767237452
22797,0.5851666666666666,1,11,1,482431,123179,51161,56795,1.1410111526918374,0.3155733605965306
22798,0.5851666666666667,1,3,1,482434,123176,51162,56794,1.1409833635925748,0.3155748180252264
22799,0.5851785714285715,1,0,1,482434,123176,51163,56793,1.1409833635925748,0.3155710150081403
22800,0.585202380952381,0,1,0,482435,123175,51163,56793,1.1409741005594871,0.3155727684921764
22801,0.5852121212121212,0,1,0,482436,123174,51163,56793,1.1409648375263997,0.3155745219956992
22802,0.5852380952380952,1,0,1,482436,123174,51164,56792,1.1409648375263997,0.3155707189135726
22803,0.5852499999999999,1,1,1,482437,123173,51165,56791,1.1409555744933122,0.31556866928941346
22804,0.5852500000000002,0,2,0,482439,123171,51165,56791,1.140937048427137,0.3155721763483402
22805,0.5852727272727273,0,2,0,482441,123169,51165,56791,1.140918522360962,0.3155756834852189
22806,0.5852777777777777,0,1,0,482442,123168,51165,56791,1.1409092593278742,0.3155774370828911
22807,0.5852777777777778,0,1,0,482443,123167,51165,56791,1.1408999962947868,0.31557919070005225
22808,0.5852806637806638,0,1,0,482444,123166,51165,56791,1.1408907332616993,0.31558094433670264
22809,0.5852857142857143,0,1,0,482445,123165,51165,56791,1.1408814702286116,0.3155826979928427
22810,0.5853095238095238,0,1,0,482446,123164,51165,56791,1.1408722071955242,0.31558445166847265
22811,0.5853333333333333,0,14,0,482460,123150,51165,56791,1.1407425247322984,0.3156090051739181
22812,0.5853333333333334,1,11,1,482471,123139,51166,56790,1.1406406313683353,0.3156244963291076
22813,0.5853333333333335,0,1,0,482472,123138,51166,56790,1.1406313683352476,0.3156262505002001
22814,0.5853571428571428,0,1,0,482473,123137,51166,56790,1.1406221053021601,0.3156280046907913
22815,0.5853571428571429,0,3,0,482476,123134,51166,56790,1.1405943162028975,0.31563326737956027
22816,0.5854166666666667,2,1,2,482477,123133,51168,56788,1.1405850531698098,0.31562741425403373
22817,0.5854761904761905,2,2,2,482479,123131,51170,56786,1.1405665271036347,0.3156233151953401
22818,0.5855,3,16,3,482495,123115,51173,56783,1.140418318574234,0.3156399737629101
22819,0.5855000000000001,0,2,0,482497,123113,51173,56783,1.140399792508059,0.31564348290123184
22820,0.5855032467532467,0,1,0,482498,123112,51173,56783,1.1403905294749712,0.31564523749965256
22821,0.5855099206349207,0,1,0,482499,123111,51173,56783,1.1403812664418838,0.31564699211758035
22822,0.5855238095238096,0,1,0,482500,123110,51173,56783,1.140372003408796,0.3156487467550155
22823,0.585547619047619,0,2,0,482502,123108,51173,56783,1.1403534773426212,0.3156522560884091
22824,0.5855476190476191,0,1,0,482503,123107,51173,56783,1.1403442143095335,0.3156540107843682
22825,0.5855555555555556,0,2,0,482505,123105,51173,56783,1.1403256882433583,0.31565752023481275
22826,0.5855714285714286,1,1,1,482506,123104,51174,56782,1.1403164252102709,0.3156554706869906
22827,0.5855952380952382,0,1,0,482507,123103,51174,56782,1.1403071621771832,0.3156572254495928
22828,0.5856043956043956,1,0,1,482507,123103,51175,56781,1.1403071621771832,0.3156534210935936
22829,0.5856428571428571,0,1,0,482508,123102,51175,56781,1.1402978991440957,0.3156551758643118
22830,0.5856666666666667,3,22,3,482530,123080,51178,56778,1.1400941124161696,0.31568237164874513
22831,0.5856666666666668,1,0,1,482530,123080,51179,56777,1.1400941124161696,0.315678566861451
22832,0.5856785714285714,0,3,0,482533,123077,51179,56777,1.1400663233169068,0.31568383244186954
22833,0.5857142857142857,3,4,3,482537,123073,51182,56774,1.1400292711845568,0.31567943863395
22834,0.58575,0,2,0,482539,123071,51182,56774,1.1400107451183816,0.31568294920626094
22835,0.5857619047619048,0,1,0,482540,123070,51182,56774,1.140001482085294,0.31568470452169656
22836,0.585781746031746,0,1,0,482541,123069,51182,56774,1.1399922190522065,0.3156864598566527
22837,0.5857857142857142,0,1,0,482542,123068,51182,56774,1.1399829560191188,0.3156882152111298
22838,0.5858095238095238,1,1,1,482543,123067,51183,56773,1.1399736929860314,0.31568616548042705
22839,0.5858333333333333,22,99,22,482642,122968,51205,56751,1.1390566527103634,0.3157762952164212
22840,0.5858333333333334,1,1,1,482643,122967,51206,56750,1.139047389677276,0.3157742450630714
22841,0.5858571428571429,0,1,0,482644,122966,51206,56750,1.1390381266441885,0.3157760021367046
22842,0.5859166666666666,1,1,1,482645,122965,51207,56749,1.1390288636111008,0.31577395194586955
22843,0.585952380952381,1,4,1,482649,122961,51208,56748,1.1389918114787505,0.315777173096506
22844,0.586,22,86,22,482735,122875,51230,56726,1.1381951906332208,0.3158445665670013
22845,0.5860000000000001,0,3,0,482738,122872,51230,56726,1.1381674015339582,0.3158498424258622
22846,0.5860238095238095,0,2,0,482740,122870,51230,56726,1.138148875467783,0.3158533597630237
22847,0.5860714285714286,0,1,0,482741,122869,51230,56726,1.1381396124346956,0.31585511846098163
22848,0.5860833333333333,1,4,1,482745,122865,51231,56725,1.1381025603023454,0.315858344005791
22849,0.586095238095238,0,1,0,482746,122864,51231,56725,1.138093297269258,0.31586010279026
22850,0.5860993320405086,0,6,0,482752,122858,51231,56725,1.1380377190707325,0.31587065590841
22851,0.5861450216450217,0,1,0,482753,122857,51231,56725,1.138028456037645,0.3158724148299941
22852,0.5861587301587302,0,1,0,482754,122856,51231,56725,1.1380191930045573,0.31587417377116733
22853,0.5861666666666666,0,1,0,482755,122855,51231,56725,1.1380099299714699,0.31587593273193004
22854,0.5861666666666667,0,7,0,482762,122848,51231,56725,1.137945088739857,0.3158882460058027
22855,0.5861904761904762,0,5,0,482767,122843,51231,56725,1.1378987735744193,0.31589704178918293
22856,0.5862142857142857,0,2,0,482769,122841,51231,56725,1.1378802475082441,0.31590056023968904
22857,0.5862380952380952,0,1,0,482770,122840,51231,56725,1.1378709844751564,0.3159023194943335
22858,0.58625,1,12,1,482782,122828,51232,56724,1.1377598280781058,0.31591962217073605
22859,0.5862619047619048,0,1,0,482783,122827,51232,56724,1.1377505650450184,0.3159213816687181
22860,0.5862857142857143,0,2,0,482785,122825,51232,56724,1.1377320389788432,0.3159249007234794
22861,0.5862878787878788,0,2,0,482787,122823,51232,56724,1.137713512912668,0.3159284198566392
22862,0.5863095238095238,0,1,0,482788,122822,51232,56724,1.1377042498795806,0.31593017945261936
22863,0.5863333333333333,0,3,0,482791,122819,51232,56724,1.1376764607803178,0.3159354583581649
22864,0.5863333333333334,4,17,4,482808,122802,51236,56720,1.1375189892178295,0.315950134245385
22865,0.5863571428571429,2,0,2,482808,122802,51238,56718,1.1375189892178295,0.31594251336898393
22866,0.5864166666666666,0,2,0,482810,122800,51238,56718,1.1375004631516543,0.31594603326685905
22867,0.5864285714285714,1,6,1,482816,122794,51239,56717,1.1374448849531291,0.3159527828378205
22868,0.5864393939393939,0,1,0,482817,122793,51239,56717,1.1374356219200414,0.3159545429223999
22869,0.586452380952381,2,2,2,482819,122791,51241,56715,1.1374170958538663,0.31595044176796316
22870,0.5864999999999999,1,0,1,482819,122791,51242,56714,1.1374170958538663,0.3159466310130637
22871,0.5865,4,25,4,482844,122766,51246,56710,1.1371855200266776,0.315975395038891
22872,0.5865238095238096,0,2,0,482846,122764,51246,56710,1.1371669939605025,0.3159789161661299
22873,0.5865476190476191,0,2,0,482848,122762,51246,56710,1.1371484678943273,0.3159824373718463
22874,0.5865595238095238,0,1,0,482849,122761,51246,56710,1.1371392048612399,0.31598419800413435
22875,0.5865714285714284,0,1,0,482850,122760,51246,56710,1.1371299418281522,0.3159859586560428
22876,0.5865714285714286,0,3,0,482853,122757,51246,56710,1.1371021527288896,0.31599124072949347
22877,0.5865833333333333,0,5,0,482858,122752,51246,56710,1.1370558375634519,0.31600004457768216
22878,0.5866136363636364,0,1,0,482859,122751,51246,56710,1.1370465745303642,0.31600180540618855
22879,0.5866269841269842,0,1,0,482860,122750,51246,56710,1.1370373114972767,0.3160035662543185
22880,0.5866666666666666,1,0,1,482860,122750,51247,56709,1.1370373114972767,0.3159997548186494
22881,0.5866666666666667,117,436,117,483296,122314,51364,56592,1.132998629071103,0.31632253809262967
22882,0.5866904761904761,1,1,1,483297,122313,51365,56591,1.1329893660380155,0.31632048472924024
22883,0.5867142857142857,0,2,0,483299,122311,51365,56591,1.1329708399718403,0.31632402097237594
22884,0.5867380952380953,0,2,0,483301,122309,51365,56591,1.1329523139056652,0.31632755729457795
22885,0.58675,0,3,0,483304,122306,51365,56591,1.1329245248064026,0.31633286192613624
22886,0.5867857142857144,1,4,1,483308,122302,51366,56590,1.1328874726740523,0.3163361134092078
22887,0.5867948717948718,0,1,0,483309,122301,51366,56590,1.1328782096409649,0.3163378817268616
22888,0.5868095238095239,0,2,0,483311,122299,51366,56590,1.1328596835747897,0.3163414184214792
22889,0.5868333333333333,5,13,5,483324,122286,51371,56585,1.1327392641446514,0.3163452991261859
22890,0.5868333333333335,0,1,0,483325,122285,51371,56585,1.132730001111564,0.3163470677028009
22891,0.5868571428571429,1,1,1,483326,122284,51372,56584,1.1327207380784765,0.31634501420041594
22892,0.5868888888888888,1,1,1,483327,122283,51373,56583,1.1327114750453888,0.31634296065210826
22893,0.5869047619047618,0,1,0,483328,122282,51373,56583,1.1327022120123014,0.3163447292650882
22894,0.5869047619047619,0,1,0,483329,122281,51373,56583,1.1326929489792137,0.3163464978978442
22895,0.5869166666666668,0,7,0,483336,122274,51373,56583,1.1326281077476008,0.3163588788808937
22896,0.5869523809523809,0,1,0,483337,122273,51373,56583,1.1326188447145134,0.3163606476718701
22897,0.5869999999999999,0,2,0,483339,122271,51373,56583,1.1326003186483382,0.31636418531316046
22898,0.587,1,5,1,483344,122266,51374,56582,1.1325540034829005,0.31636920737162283
22899,0.5870000000000001,8,27,8,483371,122239,51382,56574,1.1323039015895364,0.3163863924882419
22900,0.5870238095238096,1,0,1,483371,122239,51383,56573,1.1323039015895364,0.3163825694025009
22901,0.587030303030303,0,1,0,483372,122238,51383,56573,1.132294638556449,0.31638433877110467
22902,0.587047619047619,0,3,0,483375,122235,51383,56573,1.1322668494571864,0.31638964699566013
22903,0.5870714285714286,0,1,0,483376,122234,51383,56573,1.1322575864240987,0.31639141644342783
22904,0.5870833333333333,1,0,1,483376,122234,51384,56572,1.1322575864240987,0.31638759325749694
22905,0.5870833333333334,1,1,1,483377,122233,51385,56571,1.1322483233910112,0.3163855394733899
22906,0.5870952380952381,1,0,1,483377,122233,51386,56570,1.1322483233910112,0.31638171619044425
22907,0.5871428571428571,0,1,0,483378,122232,51386,56570,1.1322390603579235,0.31638348564333735
22908,0.5871428571428572,0,4,0,483382,122228,51386,56570,1.1322020082255735,0.3163905636528373
22909,0.5871666666666666,0,3,0,483385,122225,51386,56570,1.1321742191263107,0.31639587236779554
22910,0.5871666666666667,1,11,1,483396,122214,51387,56569,1.1320723257623477,0.3164115156362741
22911,0.5871666666666668,0,1,0,483397,122213,51387,56569,1.13206306272926,0.3164132854537929
22912,0.5872222222222222,0,1,0,483398,122212,51387,56569,1.1320537996961726,0.31641505529111036
22913,0.5872222222222223,0,1,0,483399,122211,51387,56569,1.132044536663085,0.3164168251482269
22914,0.5872380952380952,0,1,0,483400,122210,51387,56569,1.1320352736299975,0.3164185950251428
22915,0.58725,0,1,0,483401,122209,51387,56569,1.1320260105969098,0.3164203649218584
22916,0.5872619047619048,0,1,0,483402,122208,51387,56569,1.1320167475638223,0.31642213483837406
22917,0.5873095238095238,0,1,0,483403,122207,51387,56569,1.1320074845307349,0.3164239047746901
22918,0.5873333333333333,2,7,2,483410,122200,51389,56567,1.1319426432991218,0.3164286473454273
22919,0.5873333333333334,1,18,1,483428,122182,51390,56566,1.131775908703546,0.31645668762727414
22920,0.5873611111111111,0,1,0,483429,122181,51390,56566,1.1317666456704583,0.3164584580440511
22921,0.587388888888889,0,2,0,483431,122179,51390,56566,1.1317481196042831,0.3164619989370332
22922,0.587404761904762,0,1,0,483432,122178,51390,56566,1.1317388565711957,0.31646376941323906
22923,0.587452380952381,0,2,0,483434,122176,51390,56566,1.1317203305050205,0.31646731042508197
22924,0.5874999999999999,2,3,2,483437,122173,51392,56564,1.131692541405758,0.31646497367640725
22925,0.5875,55,267,55,483704,121906,51447,56509,1.129219311571381,0.31672785359975336
22926,0.5875476190476191,0,2,0,483706,121904,51447,56509,1.1292007855052058,0.31673140410171907
22927,0.5875714285714285,0,1,0,483707,121903,51447,56509,1.1291915224721183,0.31673317938255274
22928,0.5875833333333333,0,2,0,483709,121901,51447,56509,1.1291729964059432,0.31673673000392355
22929,0.5876190476190476,1,0,1,483709,121901,51448,56508,1.1291729964059432,0.3167329002460638
22930,0.5876190476190477,0,1,0,483710,121900,51448,56508,1.1291637333728557,0.31673467557508633
22931,0.5876428571428572,1,1,1,483711,121899,51449,56507,1.129154470339768,0.31673262110018724
22932,0.5876666666666666,1,1,1,483712,121898,51450,56506,1.1291452073066806,0.31673056657922466
22933,0.5876666666666667,1,17,1,483729,121881,51451,56505,1.128987735744192,0.31675692038612896
22934,0.5876666666666668,3,12,3,483741,121869,51454,56502,1.1288765793471414,0.31676673898783997
22935,0.5876923076923076,0,1,0,483742,121868,51454,56502,1.128867316314054,0.31676851488479
22936,0.5877142857142857,0,2,0,483744,121866,51454,56502,1.1288487902478788,0.3167720667384284
22937,0.58775,0,1,0,483745,121865,51454,56502,1.1288395272147913,0.3167738426951174
22938,0.5877619047619048,0,1,0,483746,121864,51454,56502,1.1288302641817036,0.31677561867171994
22939,0.5877777777777777,0,2,0,483748,121862,51454,56502,1.1288117381155285,0.3167791706846673
22940,0.5878333333333332,0,3,0,483751,121859,51454,56502,1.1287839490162659,0.3167844988534489
22941,0.5878333333333333,1,2,1,483753,121857,51455,56501,1.1287654229500907,0.316784220500342
22942,0.5878333333333334,1,4,1,483757,121853,51456,56500,1.1287283708177405,0.3167874944632274
22943,0.5878571428571429,2,7,2,483764,121846,51458,56498,1.1286635295861276,0.31679226663078097
22944,0.5878888888888889,0,1,0,483765,121845,51458,56498,1.1286542665530401,0.3167940429397285
22945,0.5879047619047618,0,1,0,483766,121844,51458,56498,1.1286450035199527,0.3167958192685963
22946,0.5879047619047619,1,2,1,483768,121842,51459,56497,1.1286264774537775,0.31679554107626484
22947,0.5879090909090909,0,1,0,483769,121841,51459,56497,1.1286172144206899,0.316797317453375
22948,0.5879166666666666,0,2,0,483771,121839,51459,56497,1.1285986883545147,0.3168008702673605
22949,0.5879166666666668,1,0,1,483771,121839,51460,56496,1.1285986883545147,0.31679703928000674
22950,0.5879285714285716,0,3,0,483774,121836,51460,56496,1.1285708992552521,0.3168023686158401
22951,0.5879761904761905,0,2,0,483776,121834,51460,56496,1.128552373189077,0.31680592160601134
22952,0.5879999999999999,1,0,1,483776,121834,51461,56495,1.128552373189077,0.31680209051808733
22953,0.588,10,35,10,483811,121799,51471,56485,1.1282281670310126,0.3168259630701577
22954,0.5880000000000001,2,11,2,483822,121788,51473,56483,1.1281262736670494,0.31683784799546755
22955,0.588047619047619,0,2,0,483824,121786,51473,56483,1.1281077476008745,0.31684140259944243
22956,0.5880476190476192,1,1,1,483825,121785,51474,56482,1.1280984845677868,0.31683934771999306
22957,0.5881190476190475,1,0,1,483825,121785,51475,56481,1.1280984845677868,0.3168355154656525
22958,0.5881428571428571,0,1,0,483826,121784,51475,56481,1.1280892215346994,0.31683729279443523
22959,0.5881468253968254,0,1,0,483827,121783,51475,56481,1.1280799585016117,0.3168390701431585
22960,0.5881534820958195,1,2,1,483829,121781,51476,56480,1.1280614324354366,0.31683879255698105
22961,0.5881666666666665,0,2,0,483831,121779,51476,56480,1.1280429063692616,0.31684234737096023
22962,0.5881666666666666,1,6,1,483837,121773,51477,56479,1.1279873281707362,0.3168491798128492
22963,0.5881666666666667,1,3,1,483840,121770,51478,56478,1.1279595390714736,0.3168506799515282
22964,0.5881904761904762,1,1,1,483841,121769,51479,56477,1.127950276038386,0.3168486249340799
22965,0.5882142857142857,0,3,0,483844,121766,51479,56477,1.1279224869391233,0.31685395779918424
22966,0.5882619047619047,0,1,0,483845,121765,51479,56477,1.1279132239060359,0.31685573546077805
22967,0.5882857142857142,1,1,1,483846,121764,51480,56476,1.1279039608729482,0.3168536804308797
22968,0.5882857142857143,0,1,0,483847,121763,51480,56476,1.1278946978398607,0.31685545812083776
22969,0.5882857142857144,0,2,0,483849,121761,51480,56476,1.1278761717736856,0.31685901356059626
22970,0.5883333333333333,18,98,18,483947,121663,51498,56458,1.1269683945311053,0.3169643107775052
22971,0.5883333333333334,47,156,47,484103,121507,51545,56411,1.1255233613694469,0.31706179251115685
22972,0.5883809523809523,1,0,1,484103,121507,51546,56410,1.1255233613694469,0.31705795398978176
22973,0.5884047619047619,0,1,0,484104,121506,51546,56410,1.1255140983363592,0.3170597360552171
22974,0.5884206349206349,1,1,1,484105,121505,51547,56409,1.1255048353032717,0.3170576795530425
22975,0.5884415584415584,0,1,0,484106,121504,51547,56409,1.125495572270184,0.3170594616469848
22976,0.5884761904761904,0,1,0,484107,121503,51547,56409,1.1254863092370966,0.31706124376096045
22977,0.5884761904761905,0,1,0,484108,121502,51547,56409,1.1254770462040091,0.31706302589496993
22978,0.5884999999999999,0,2,0,484110,121500,51547,56409,1.125458520137834,0.3170665902230916
22979,0.5885,3,12,3,484122,121488,51550,56406,1.1253473637407834,0.317076461263449
22980,0.5885714285714285,0,3,0,484125,121485,51550,56406,1.1253195746415205,0.3170818085231968
22981,0.5885714285714286,0,3,0,484128,121482,51550,56406,1.125291785542258,0.3170871559633027
22982,0.5885772005772004,0,1,0,484129,121481,51550,56406,1.1252825225091705,0.31708893848341924
22983,0.5885833333333333,0,1,0,484130,121480,51550,56406,1.1252732594760828,0.3170907210235769
22984,0.5885887445887446,0,1,0,484131,121479,51550,56406,1.1252639964429954,0.31709250358377605
22985,0.5885952380952381,0,2,0,484133,121477,51550,56406,1.1252454703768202,0.31709606876430013
22986,0.5886111111111112,0,2,0,484135,121475,51550,56406,1.125226944310645,0.31709963402499425
22987,0.5886190476190476,0,1,0,484136,121474,51550,56406,1.1252176812775576,0.31710141668540587
22988,0.5886666666666666,0,4,0,484140,121470,51550,56406,1.1251806291452073,0.31710854752749107
22989,0.5886666666666667,6,11,6,484151,121459,51556,56400,1.1250787357812442,0.31710512259711343
22990,0.5886666666666668,0,1,0,484152,121458,51556,56400,1.1250694727481567,0.3171069055088891
22991,0.5886904761904763,0,3,0,484155,121455,51556,56400,1.125041683648894,0.3171122543645104
22992,0.5886984126984127,0,3,0,484158,121452,51556,56400,1.1250138945496313,0.31711760340058026
22993,0.5887142857142856,1,2,1,484160,121450,51557,56399,1.1249953684834562,0.31711732986972097
22994,0.5887251082251083,0,1,0,484161,121449,51557,56399,1.1249861054503687,0.3171191129503846
22995,0.5887252747252747,1,0,1,484161,121449,51558,56398,1.1249861054503687,0.317115273240482
22996,0.58875,2,4,2,484165,121445,51560,56396,1.1249490533180184,0.31711472607553937
22997,0.5887500000000001,0,1,0,484166,121444,51560,56396,1.124939790284931,0.31711650922177237
22998,0.5887857142857142,1,0,1,484166,121444,51561,56395,1.124939790284931,0.3171126693245014
22999,0.5888095238095237,0,1,0,484167,121443,51561,56395,1.1249305272518433,0.31711445247922265
23000,0.5888095238095238,1,1,1,484168,121442,51562,56394,1.1249212642187558,0.3171123956904114
23001,0.5888095238095239,0,1,0,484169,121441,51562,56394,1.1249120011856681,0.31711417887367505
23002,0.5888333333333332,0,4,0,484173,121437,51562,56394,1.124874949053318,0.3171213118072777
23003,0.5888333333333333,2,7,2,484180,121430,51564,56392,1.1248101078217052,0.3171261148789239
23004,0.5888333333333334,0,4,0,484184,121426,51564,56392,1.124773055689355,0.3171332486025037
23005,0.5888888888888889,1,1,1,484185,121425,51565,56391,1.1247637926562675,0.31713119179376437
23006,0.5889047619047619,0,1,0,484186,121424,51565,56391,1.1247545296231798,0.31713297528330003
23007,0.5889091383762435,0,2,0,484188,121422,51565,56391,1.1247360035570046,0.31713654232255234
23008,0.5889285714285715,0,2,0,484190,121420,51565,56391,1.1247174774908295,0.317140109442048
23009,0.5889523809523809,1,0,1,484190,121420,51566,56390,1.1247174774908295,0.3171362690512345
23010,0.589,14,48,14,484238,121372,51580,56376,1.124272851902627,0.31716812566104824
23011,0.5890000000000001,2,8,2,484246,121364,51582,56374,1.1241987476379265,0.3171747178431174
23012,0.589047619047619,1,5,1,484251,121359,51583,56373,1.1241524324724887,0.3171797987981905
23013,0.5890833333333333,0,1,0,484252,121358,51583,56373,1.1241431694394013,0.3171815834041332
23014,0.5890833333333334,0,1,0,484253,121357,51583,56373,1.1241339064063136,0.3171833680301581
23015,0.589095238095238,0,3,0,484256,121354,51583,56373,1.124106117307051,0.31718872202872944
23016,0.5890983738483737,1,0,1,484256,121354,51584,56372,1.124106117307051,0.31718488009632806
23017,0.5891309523809524,0,1,0,484257,121353,51584,56372,1.1240968542739636,0.31718666479110985
23018,0.5891666666666666,17,51,17,484308,121302,51601,56355,1.1236244395864983,0.31721238116145156
23019,0.5891666666666667,4,38,4,484346,121264,51605,56351,1.123272444329171,0.31726487064718634
23020,0.5891883116883117,0,1,0,484347,121263,51605,56351,1.1232631812960836,0.3172666569076762
23021,0.5892857142857142,0,1,0,484348,121262,51605,56351,1.1232539182629961,0.3172684431882801
23022,0.5892857142857143,2,8,2,484356,121254,51607,56349,1.1231798139982956,0.31727504602962786
23023,0.5893333333333333,2,13,2,484369,121241,51609,56347,1.1230593945681573,0.3172905826970291
23024,0.5893333333333334,3,19,3,484388,121222,51612,56344,1.1228833969394938,0.31731299911019
23025,0.5893333333333335,0,1,0,484389,121221,51612,56344,1.1228741339064063,0.3173147861346549
23026,0.5893690476190475,0,1,0,484390,121220,51612,56344,1.1228648708733187,0.31731657317924805
23027,0.5893809523809523,0,1,0,484391,121219,51612,56344,1.1228556078402312,0.31731836024396975
23028,0.5893939393939395,0,1,0,484392,121218,51612,56344,1.1228463448071437,0.31732014732882036
23029,0.5894047619047619,0,2,0,484394,121216,51612,56344,1.1228278187409686,0.31732372155890964
23030,0.5894444444444444,0,1,0,484395,121215,51612,56344,1.122818555707881,0.31732550870414905
23031,0.5894523809523811,1,0,1,484395,121215,51613,56343,1.122818555707881,0.31732166390700506
23032,0.5894761904761905,0,1,0,484396,121214,51613,56343,1.1228092926747935,0.31732345106078613
23033,0.5894999999999999,1,3,1,484399,121211,51614,56342,1.1227815035755309,0.31732496775610664
23034,0.5895,1,7,1,484406,121204,51615,56341,1.122716662343918,0.31733363372666085
23035,0.5895000000000001,1,1,1,484407,121203,51616,56340,1.1227073993108303,0.3173315760125716
23036,0.5895238095238095,1,5,1,484412,121198,51617,56339,1.1226610841453926,0.3173366678495187
23037,0.5895238095238096,0,1,0,484413,121197,51617,56339,1.122651821112305,0.3173384552992069
23038,0.5895714285714285,1,1,1,484414,121196,51618,56338,1.1226425580792174,0.31733639753512005
23039,0.5895833333333333,0,1,0,484415,121195,51618,56338,1.12263329504613,0.3173381850134904
23040,0.5896190476190477,0,1,0,484416,121194,51618,56338,1.1226240320130423,0.31733997251199786
23041,0.5896666666666666,2,9,2,484425,121185,51620,56336,1.1225406647152543,0.31734837005199384
23042,0.5896666666666667,0,11,0,484436,121174,51620,56336,1.1224387713512913,0.317368035603628
23043,0.5896904761904763,3,0,3,484436,121174,51623,56333,1.1224387713512913,0.317356498616956
23044,0.5896944444444443,0,2,0,484438,121172,51623,56333,1.1224202452851162,0.3173600743641024
23045,0.5897222222222223,0,2,0,484440,121170,51623,56333,1.122401719218941,0.3173636501918277
23046,0.58975,0,1,0,484441,121169,51623,56333,1.1223924561858536,0.31736543813590834
23047,0.5897619047619048,0,2,0,484443,121167,51623,56333,1.1223739301196785,0.317369014084507
23048,0.5897647907647909,0,1,0,484444,121166,51623,56333,1.1223646670865908,0.31737080208902585
23049,0.5897777777777778,0,1,0,484445,121165,51623,56333,1.1223554040535033,0.3173725901136914
23050,0.5898095238095238,0,1,0,484446,121164,51623,56333,1.1223461410204156,0.3173743781585041
23051,0.5898333333333333,0,14,0,484460,121150,51623,56333,1.1222164585571899,0.31739941290151735
23052,0.5898333333333334,0,4,0,484464,121146,51623,56333,1.1221794064248398,0.31740656641067394
23053,0.5898571428571429,0,3,0,484467,121143,51623,56333,1.122151617325577,0.31741193175415267
23054,0.5898701298701298,0,2,0,484469,121141,51623,56333,1.122133091259402,0.31741550875057756
23055,0.5898809523809524,0,2,0,484471,121139,51623,56333,1.122114565193227,0.3174190858276235
23056,0.5899047619047618,0,1,0,484472,121138,51623,56333,1.1221053021601393,0.3174208743963802
23057,0.5899285714285714,0,1,0,484473,121137,51623,56333,1.1220960391270518,0.3174226629852933
23058,0.5899285714285715,0,2,0,484475,121135,51623,56333,1.1220775130608767,0.3174262402235896
23059,0.5899444444444446,0,1,0,484476,121134,51623,56333,1.1220682500277892,0.31742802887297356
23060,0.5899523809523809,0,1,0,484477,121133,51623,56333,1.1220589869947015,0.3174298175425152
23061,0.5899880952380953,0,1,0,484478,121132,51623,56333,1.122049723961614,0.3174316062322148
23062,0.59,540,2136,540,486614,118996,52163,55793,1.1022638852865982,0.31920200927976017
23063,0.5900000000000001,6,13,6,486627,118983,52169,55787,1.10214346585646,0.3192023802712136
23064,0.5900238095238095,0,2,0,486629,118981,52169,55787,1.102124939790285,0.3192060331410785
23065,0.590047619047619,1,0,1,486629,118981,52170,55786,1.102124939790285,0.31920213770334216
23066,0.5900595238095238,0,3,0,486632,118978,52170,55786,1.1020971506910222,0.3192076171293859
23067,0.5900714285714286,0,1,0,486633,118977,52170,55786,1.1020878876579348,0.31920944364653847
23068,0.5901190476190475,0,1,0,486634,118976,52170,55786,1.102078624624847,0.3192112701845939
23069,0.5901428571428571,0,1,0,486635,118975,52170,55786,1.1020693615917596,0.31921309674355264
23070,0.5901666666666666,2,11,2,486646,118964,52172,55784,1.1019674682277965,0.3192253988600728
23071,0.5901666666666667,0,5,0,486651,118959,52172,55784,1.1019211530623587,0.3192345329998913
23072,0.5901904761904762,1,1,1,486652,118958,52173,55783,1.1019118900292713,0.31923246404678923
23073,0.5902023809523809,0,1,0,486653,118957,52173,55783,1.1019026269961836,0.31923429094654915
23074,0.5902222222222222,0,2,0,486655,118955,52173,55783,1.1018841009300084,0.31923794480879947
23075,0.5902380952380952,1,5,1,486660,118950,52174,55782,1.1018377857645707,0.31924318384726325
23076,0.5902499999999999,1,0,1,486660,118950,52175,55781,1.1018377857645707,0.3192392878195626
23077,0.5902777777777778,0,1,0,486661,118949,52175,55781,1.1018285227314832,0.3192411148629314
23078,0.5902777777777779,0,1,0,486662,118948,52175,55781,1.1018192596983956,0.319242941927213
23079,0.5902857142857143,1,1,1,486663,118947,52176,55780,1.101809996665308,0.3192408729045883
23080,0.5903333333333333,1,13,1,486676,118934,52177,55779,1.1016895772351698,0.3192607304550892
23081,0.5903333333333334,3,3,3,486679,118931,52180,55776,1.1016617881359072,0.3192545232875615
23082,0.5903690476190476,0,1,0,486680,118930,52180,55776,1.1016525251028197,0.3192563506691241
23083,0.5904025974025974,0,1,0,486681,118929,52180,55776,1.101643262069732,0.31925817807160645
23084,0.590404761904762,0,2,0,486683,118927,52180,55776,1.101624736003557,0.3192618329393313
23085,0.5904166666666667,0,2,0,486685,118925,52180,55776,1.1016062099373818,0.31926548789073905
23086,0.590452380952381,0,1,0,486686,118924,52180,55776,1.1015969469042943,0.3192673153978248
23087,0.5904761904761905,1,4,1,486690,118920,52181,55775,1.101559894771944,0.3192707289848021
23088,0.5904891774891774,0,1,0,486691,118919,52181,55775,1.1015506317388566,0.3192725565846566
23089,0.5905,9,22,9,486713,118897,52190,55766,1.1013468450109303,0.3192776947607679
23090,0.590505772005772,0,1,0,486714,118896,52190,55766,1.1013375819778428,0.31927952273534027
23091,0.5905714285714285,0,1,0,486715,118895,52190,55766,1.1013283189447554,0.31928135073084435
23092,0.5905952380952381,0,1,0,486716,118894,52190,55766,1.1013190559116677,0.3192831787472804
23093,0.5906190476190476,0,2,0,486718,118892,52190,55766,1.1013005298454925,0.31928683484295023
23094,0.5906666666666667,6,24,6,486742,118868,52196,55760,1.1010782170513913,0.3193073275763337
23095,0.590690476190476,0,1,0,486743,118867,52196,55760,1.1010689540183038,0.31930915608697397
23096,0.5907121212121211,0,1,0,486744,118866,52196,55760,1.1010596909852162,0.3193109846185562
23097,0.5907142857142856,1,1,1,486745,118865,52197,55759,1.1010504279521287,0.319308915154847
23098,0.5907142857142857,0,11,0,486756,118854,52197,55759,1.1009485345881656,0.3193290304845573
23099,0.5907334267040149,1,4,1,486760,118850,52198,55758,1.1009114824558153,0.31933244753963164
23100,0.5908214285714286,0,1,0,486761,118849,52198,55758,1.1009022194227278,0.3193342764035806
23101,0.5908333333333333,21,69,21,486830,118780,52219,55737,1.1002630701396865,0.3193786278700642
23102,0.5908333333333334,0,4,0,486834,118776,52219,55737,1.1002260180073362,0.31938594832476663
23103,0.5908571428571429,0,1,0,486835,118775,52219,55737,1.1002167549742488,0.3193877784908774
23104,0.5908611111111112,0,1,0,486836,118774,52219,55737,1.1002074919411613,0.319389608677963
23105,0.5909020719618545,1,1,1,486837,118773,52220,55736,1.1001982289080736,0.319387538751583
23106,0.5909047619047618,0,1,0,486838,118772,52220,55736,1.1001889658749862,0.31938936896875786
23107,0.5909047619047619,0,1,0,486839,118771,52220,55736,1.1001797028418985,0.3193911992069086
23108,0.5909523809523809,1,2,1,486841,118769,52221,55735,1.1001611767757233,0.31939095951955254
23109,0.5909761904761904,0,2,0,486843,118767,52221,55735,1.1001426507095484,0.31939462011896713
23110,0.591,12,47,12,486890,118720,52233,55723,1.0997072881544332,0.3194338551847882
23111,0.5910000000000001,0,4,0,486894,118716,52233,55723,1.0996702360220831,0.3194411800113507
23112,0.591047619047619,1,0,1,486894,118716,52234,55722,1.0996702360220831,0.3194372785746225
23113,0.5910714285714285,1,1,1,486895,118715,52235,55721,1.0996609729889955,0.31943520832855604
23114,0.5910714285714286,0,2,0,486897,118713,52235,55721,1.0996424469228203,0.31943887086233186
23115,0.5910833333333333,1,3,1,486900,118710,52236,55720,1.0996146578235577,0.3194404632230694
23116,0.5910952380952381,0,3,0,486903,118707,52236,55720,1.0995868687242951,0.31944595733458697
23117,0.5911190476190477,1,2,1,486905,118705,52237,55719,1.09956834265812,0.31944571847910835
23118,0.5911309523809524,0,1,0,486906,118704,52237,55719,1.0995590796250325,0.31944754992174196
23119,0.5911587301587301,1,0,1,486906,118704,52238,55718,1.0995590796250325,0.31944364816364906
23120,0.5911666666666666,0,6,0,486912,118698,52238,55718,1.099503501426507,0.3194546371892487
23121,0.5911904761904762,0,2,0,486914,118696,52238,55718,1.099484975360332,0.3194583003657963
23122,0.5911984126984128,3,5,3,486919,118691,52241,55715,1.0994386601948942,0.31945575266905957
23123,0.5912380952380952,0,2,0,486921,118689,52241,55715,1.099420134128719,0.3194594160684388
23124,0.59125,2,3,2,486924,118686,52243,55713,1.0993923450294565,0.3194571069788244
23125,0.5912857142857143,0,1,0,486925,118685,52243,55713,1.0993830819963688,0.3194589387492976
23126,0.5913095238095238,1,3,1,486928,118682,52244,55712,1.0993552928971062,0.31946053189903323
23127,0.5913214285714288,0,2,0,486930,118680,52244,55712,1.099336766830931,0.319464195605303
23128,0.5913333333333333,0,4,0,486934,118676,52244,55712,1.099299714698581,0.31947152326994976
23129,0.5913333333333334,4,20,4,486954,118656,52248,55708,1.0991144540368298,0.31949255580280334
23130,0.5913809523809523,0,6,0,486960,118650,52248,55708,1.0990588758383044,0.31950355016689796
23131,0.5914040404040404,0,2,0,486962,118648,52248,55708,1.0990403497721293,0.3195072151230815
23132,0.5914166666666665,0,2,0,486964,118646,52248,55708,1.0990218237059544,0.31951088016334583
23133,0.5914166666666666,0,1,0,486965,118645,52248,55708,1.0990125606728667,0.3195127127150092
23134,0.5914285714285714,1,8,1,486973,118637,52249,55707,1.0989384564081663,0.3195234708392603
23135,0.591452380952381,1,0,1,486973,118637,52250,55706,1.0989384564081663,0.31951956774863344
23136,0.5914761904761905,0,1,0,486974,118636,52250,55706,1.0989291933750787,0.3195214004657512
23137,0.5914999999999999,0,1,0,486975,118635,52250,55706,1.0989199303419912,0.31952323320389353
23138,0.5915,5,9,5,486984,118626,52255,55701,1.0988365630442032,0.31952021201535047
23139,0.5915476190476191,0,1,0,486985,118625,52255,55701,1.0988273000111157,0.3195220449043746
23140,0.5915992063492063,0,1,0,486986,118624,52255,55701,1.098818036978028,0.3195238778144271
23141,0.5916031746031747,1,0,1,486986,118624,52256,55700,1.098818036978028,0.31951997430072737
23142,0.5916071428571428,1,0,1,486986,118624,52257,55699,1.098818036978028,0.31951607074224286
23143,0.5916666666666666,1,2,1,486988,118622,52258,55698,1.098799510911853,0.3195158329508949
23144,0.5916666666666667,64,268,64,487256,118354,52322,55634,1.0963170180443884,0.31975768443800723
23145,0.5917142857142857,1,2,1,487258,118352,52323,55633,1.0962984919782133,0.31975745035491565
23146,0.5917619047619048,0,1,0,487259,118351,52323,55633,1.0962892289451258,0.31975928821041016
23147,0.5917857142857144,0,1,0,487260,118350,52323,55633,1.0962799659120381,0.3197611260870315
23148,0.5918333333333333,4,19,4,487279,118331,52327,55629,1.0961039682833746,0.31978040928949186
23149,0.5918531746031747,0,3,0,487282,118328,52327,55629,1.096076179184112,0.3197859241076818
23150,0.5918611111111111,0,2,0,487284,118326,52327,55629,1.096057653117937,0.31978960075881696
23151,0.5918809523809524,0,1,0,487285,118325,52327,55629,1.0960483900848494,0.31979143911608815
23152,0.5919047619047619,0,3,0,487288,118322,52327,55629,1.0960206009855866,0.3197969543147208
23153,0.5919166666666666,1,0,1,487288,118322,52328,55628,1.0960206009855866,0.31979304397815467
23154,0.5919444444444444,0,1,0,487289,118321,52328,55628,1.0960113379524992,0.31979488240806214
23155,0.591952380952381,0,2,0,487291,118319,52328,55628,1.095992811886324,0.3197985593312906
23156,0.592,2,4,2,487295,118315,52330,55626,1.0959557597539737,0.3197980924566376
23157,0.5920000000000001,11,41,11,487336,118274,52341,55615,1.0955759753973842,0.3198304665620022
23158,0.5920238095238095,1,3,1,487339,118271,52342,55614,1.0955481862981216,0.31983207292175864
23159,0.5920357142857142,1,2,1,487341,118269,52343,55613,1.0955296602319464,0.31983183998343706
23160,0.592047619047619,0,1,0,487342,118268,52343,55613,1.0955203971988587,0.31983367935542123
23161,0.5920833333333334,0,3,0,487345,118265,52343,55613,1.0954926080995961,0.3198391975983161
23162,0.5921190476190474,0,1,0,487346,118264,52343,55613,1.0954833450665087,0.3198410370549296
23163,0.5921428571428572,0,2,0,487348,118262,52343,55613,1.0954648190003335,0.3198447160316319
23164,0.5921666666666666,0,8,0,487356,118254,52343,55613,1.095390714735633,0.3198594327848298
23165,0.5921666666666667,1,5,1,487361,118249,52344,55612,1.0953443995701952,0.31986471951731554
23166,0.5921904761904763,0,1,0,487362,118248,52344,55612,1.0953351365371078,0.31986655930058666
23167,0.5922142857142857,0,1,0,487363,118247,52344,55612,1.09532587350402,0.3198683991050219
23168,0.5922142857142858,1,1,1,487364,118246,52345,55611,1.0953166104709327,0.3198663269238512
23169,0.5922222222222222,0,3,0,487367,118243,52345,55611,1.0952888213716698,0.319871846491884
23170,0.5922619047619048,0,2,0,487369,118241,52345,55611,1.095270295305495,0.3198755263097347
23171,0.592261904761905,0,1,0,487370,118240,52345,55611,1.0952610322724072,0.31987736625040986
23172,0.5922777777777778,0,1,0,487371,118239,52345,55611,1.0952517692393198,0.31987920621225197
23173,0.5923095238095238,1,1,1,487372,118238,52346,55610,1.095242506206232,0.319877134048134
23174,0.5923333333333333,3,9,3,487381,118229,52349,55607,1.095159138908444,0.3198819577072643
23175,0.5923333333333334,3,15,3,487396,118214,52352,55604,1.0950201934121309,0.31989782416090395
23176,0.5923333333333335,0,1,0,487397,118213,52352,55604,1.0950109303790434,0.3198996645897697
23177,0.5923412698412698,0,2,0,487399,118211,52352,55604,1.0949924043128683,0.31990334551103183
23178,0.5923571428571429,0,1,0,487400,118210,52352,55604,1.0949831412797806,0.31990518600342893
23179,0.5923809523809523,0,1,0,487401,118209,52352,55604,1.0949738782466931,0.3199070265170039
23180,0.5923809523809525,0,2,0,487403,118207,52352,55604,1.094955352180518,0.3199107076076888
23181,0.5924285714285713,0,1,0,487404,118206,52352,55604,1.0949460891474305,0.3199125481847995
23182,0.5924285714285715,1,2,1,487406,118204,52353,55603,1.0949275630812554,0.31991231653500724
23183,0.592452380952381,0,1,0,487407,118203,52353,55603,1.0949183000481677,0.3199141571637343
23184,0.5924761904761905,0,2,0,487409,118201,52353,55603,1.0948997739819926,0.31991783848472993
23185,0.5924999999999999,4,6,4,487415,118195,52357,55599,1.0948441957834674,0.3199132306063501
23186,0.5925,50,210,50,487625,117985,52407,55549,1.092898958835081,0.3201044175781115
23187,0.5925476190476191,0,2,0,487627,117983,52407,55549,1.092880432768906,0.3201081068621349
23188,0.5925714285714285,1,2,1,487629,117981,52408,55548,1.0928619067027308,0.3201078782220839
23189,0.5926190476190477,0,1,0,487630,117980,52408,55548,1.0928526436696433,0.3201097229265594
23190,0.592626984126984,0,1,0,487631,117979,52408,55548,1.0928433806365556,0.3201115676522962
23191,0.5926666666666667,4,25,4,487656,117954,52412,55544,1.0926118048093667,0.32014201892817207
23192,0.5927272727272728,0,1,0,487657,117953,52412,55544,1.0926025417762792,0.32014386415903445
23193,0.5927380952380953,0,2,0,487659,117951,52412,55544,1.092584015710104,0.32014755468457307
23194,0.5927619047619048,0,1,0,487660,117950,52412,55544,1.0925747526770166,0.32014939997925
23195,0.5927777777777777,0,3,0,487663,117947,52412,55544,1.0925469635777538,0.32015493599091593
23196,0.5927948717948719,0,1,0,487664,117946,52412,55544,1.0925377005446664,0.3201567813706842
23197,0.5928333333333333,2,3,2,487667,117943,52414,55542,1.0925099114454038,0.3201544802144278
23198,0.5928333333333334,1,3,1,487670,117940,52415,55541,1.092482122346141,0.3201560977859247
23199,0.5928571428571429,2,6,2,487676,117934,52417,55539,1.0924265441476158,0.32015933315270967
23200,0.5928809523809524,0,1,0,487677,117933,52417,55539,1.092417281114528,0.3201611787493083
23201,0.5929102564102564,0,1,0,487678,117932,52417,55539,1.0924080180814406,0.3201630243671853
23202,0.5929166666666668,1,3,1,487681,117929,52418,55538,1.092380228982178,0.32016464226625235
23203,0.592952380952381,0,1,0,487682,117928,52418,55538,1.0923709659490903,0.32016648795729424
23204,0.5929761904761905,1,2,1,487684,117926,52419,55537,1.0923524398829152,0.3201662602399359
23205,0.5929999999999999,0,3,0,487687,117923,52419,55537,1.0923246507836526,0.32017179753257236
23206,0.593,4,27,4,487714,117896,52423,55533,1.0920745488902885,0.3202059632472078
23207,0.5930000000000001,3,5,3,487719,117891,52426,55530,1.0920282337248508,0.3202034355700867
23208,0.5930119047619047,0,1,0,487720,117890,52426,55530,1.0920189706917633,0.3202052819743974
23209,0.593047619047619,0,1,0,487721,117889,52426,55530,1.0920097076586757,0.3202071284000023
23210,0.5930555555555556,1,0,1,487721,117889,52427,55529,1.0920097076586757,0.320203208432804
23211,0.5930714285714285,1,0,1,487721,117889,52428,55528,1.0920097076586757,0.3201992884203971
23212,0.5930833333333332,0,2,0,487723,117887,52428,55528,1.0919911815925007,0.32020298128766256
23213,0.5930952380952381,0,1,0,487724,117886,52428,55528,1.091981918559413,0.32020482775323794
23214,0.5931190476190477,0,3,0,487727,117883,52428,55528,1.0919541294601505,0.320210367277739
23215,0.5931666666666665,0,1,0,487728,117882,52428,55528,1.0919448664270628,0.32021221382849896
23216,0.5931666666666666,4,8,4,487736,117874,52432,55524,1.0918707621623625,0.32021130578207363
23217,0.5931666666666667,0,4,0,487740,117870,52432,55524,1.0918337100300122,0.3202186926883283
23218,0.5932142857142857,1,2,1,487742,117868,52433,55523,1.091815183963837,0.32021846577965407
23219,0.59325,1,0,1,487742,117868,52434,55522,1.091815183963837,0.3202145452448238
23220,0.5932597402597404,1,4,1,487746,117864,52435,55521,1.091778131831487,0.32021801193874905
23221,0.5932619047619047,1,1,1,487747,117863,52436,55520,1.0917688687983993,0.32021593812542176
23222,0.5932619047619049,0,1,0,487748,117862,52436,55520,1.0917596057653118,0.3202177850065174
23223,0.5932748917748917,1,0,1,487748,117862,52437,55519,1.0917596057653118,0.3202138642642504
23224,0.5932777777777778,1,0,1,487748,117862,52438,55518,1.0917596057653118,0.32020994347675624
23225,0.5932857142857143,0,1,0,487749,117861,52438,55518,1.0917503427322242,0.32021179035523334
23226,0.5933333333333333,37,149,37,487898,117712,52475,55481,1.0903701508021786,0.32034204615659984
23227,0.5933333333333334,69,268,69,488166,117444,52544,55412,1.087887657934714,0.3205674087101402
23228,0.5933809523809523,0,1,0,488167,117443,52544,55412,1.0878783949016266,0.3205692632553296
23229,0.5933809523809525,0,2,0,488169,117441,52544,55412,1.0878598688354515,0.32057297241008254
23230,0.5933888888888889,0,1,0,488170,117440,52544,55412,1.087850605802364,0.32057482701964685
23231,0.5934166666666667,0,3,0,488173,117437,52544,55412,1.0878228167031012,0.3205803909770956
23232,0.5934285714285714,0,1,0,488174,117436,52544,55412,1.0878135536700138,0.3205822456724984
23233,0.5934285714285715,0,1,0,488175,117435,52544,55412,1.087804290636926,0.3205841003893617
23234,0.5934404761904762,1,1,1,488176,117434,52545,55411,1.0877950276038386,0.32058202435708294
23235,0.5934523809523811,0,2,0,488178,117432,52545,55411,1.0877765015376635,0.32058573387409384
23236,0.5934545454545455,1,0,1,488178,117432,52546,55410,1.0877765015376635,0.3205818030339848
23237,0.5934761904761905,0,1,0,488179,117431,52546,55410,1.087767238504576,0.3205836578126718
23238,0.5934999999999999,0,3,0,488182,117428,52546,55410,1.0877394494053132,0.3205892222775084
23239,0.5935,2,10,2,488192,117418,52548,55408,1.0876468190744377,0.32059990973580366
23240,0.5935000000000001,1,2,1,488194,117416,52549,55407,1.0876282930082626,0.32059968869884214
23241,0.5935119047619047,1,0,1,488194,117416,52550,55406,1.0876282930082626,0.3205957574845795
23242,0.5935238095238095,0,1,0,488195,117415,52550,55406,1.0876190299751751,0.320597612558659
23243,0.5935238095238096,0,1,0,488196,117414,52550,55406,1.0876097669420874,0.3205994676542067
23244,0.5935595238095238,0,1,0,488197,117413,52550,55406,1.087600503909,0.32060132277122305
23245,0.5935714285714285,1,1,1,488198,117412,52551,55405,1.0875912408759123,0.3205992466018968
23246,0.5936111111111111,0,1,0,488199,117411,52551,55405,1.0875819778428248,0.32060110174983797
23247,0.5936190476190477,1,0,1,488199,117411,52552,55404,1.0875819778428248,0.32059717038451524
23248,0.5936428571428571,0,3,0,488202,117408,52552,55404,1.0875541887435622,0.3206027359211166
23249,0.5936666666666666,1,4,1,488206,117404,52553,55403,1.087517136611212,0.32060622544225637
23250,0.5936666666666667,0,13,0,488219,117391,52553,55403,1.0873967171810737,0.32063034596108664
23251,0.5936666666666668,0,1,0,488220,117390,52553,55403,1.0873874541479862,0.32063220153594185
23252,0.5936904761904761,0,1,0,488221,117389,52553,55403,1.0873781911148988,0.32063405713227466
23253,0.5936904761904762,2,1,2,488222,117388,52555,55401,1.087368928081811,0.32062804923924554
23254,0.5936904761904763,0,1,0,488223,117387,52555,55401,1.0873596650487236,0.32062990485450377
23255,0.5937063492063491,1,1,1,488224,117386,52556,55400,1.087350402015636,0.32062782864352435
23256,0.5937142857142857,0,2,0,488226,117384,52556,55400,1.0873318759494608,0.32063153995740346
23257,0.59375,0,2,0,488228,117382,52556,55400,1.0873133498832859,0.32063525135720156
23258,0.5937500000000001,0,4,0,488232,117378,52556,55400,1.0872762977509356,0.3206426744145667
23259,0.5937777777777778,1,0,1,488232,117378,52557,55399,1.0872762977509356,0.32063874242520707
23260,0.5938095238095238,1,2,1,488234,117376,52558,55398,1.0872577716847605,0.32063852199983794
23261,0.5938095238095239,0,2,0,488236,117374,52558,55398,1.0872392456185853,0.32064223369527467
23262,0.5938214285714285,1,0,1,488236,117374,52559,55397,1.0872392456185853,0.3206383015668139
23263,0.5938333333333332,0,1,0,488237,117373,52559,55397,1.0872299825854979,0.32064015743473984
23264,0.5938333333333333,0,8,0,488245,117365,52559,55397,1.0871558783207973,0.32065500515159584
23265,0.5938333333333334,0,1,0,488246,117364,52559,55397,1.0871466152877098,0.3206568612128895
23266,0.5938888888888889,0,2,0,488248,117362,52559,55397,1.0871280892215347,0.32066057339993864
23267,0.5939166666666666,1,0,1,488248,117362,52560,55396,1.0871280892215347,0.3206566410817444
23268,0.5939285714285714,0,3,0,488251,117359,52560,55396,1.087100300122272,0.3206622094874244
23269,0.5939523809523809,0,1,0,488252,117358,52560,55396,1.0870910370891844,0.3206640656656286
23270,0.593952380952381,0,2,0,488254,117356,52560,55396,1.0870725110230093,0.3206677780865055
23271,0.5939761904761904,0,1,0,488255,117355,52560,55396,1.0870632479899218,0.320669634329179
23272,0.5939999999999999,0,1,0,488256,117354,52560,55396,1.0870539849568344,0.320671490593343
23273,0.594,11,79,11,488335,117275,52571,55385,1.0863222053429176,0.32077493339511176
23274,0.5940000000000001,1,2,1,488337,117273,52572,55384,1.0863036792767424,0.32077471518675754
23275,0.5940238095238094,1,2,1,488339,117271,52573,55383,1.0862851532105673,0.3207744969708203
23276,0.5940476190476189,1,0,1,488339,117271,52574,55382,1.0862851532105673,0.3207705629210034
23277,0.594047619047619,1,5,1,488344,117266,52575,55381,1.0862388380451296,0.32077591849264686
23278,0.5940714285714286,0,1,0,488345,117265,52575,55381,1.0862295750120419,0.32077777649062245
23279,0.5940833333333333,0,1,0,488346,117264,52575,55381,1.0862203119789544,0.3207796345101219
23280,0.5941666666666666,18,64,18,488410,117200,52593,55363,1.0856274778613508,0.3208277556602516
23281,0.5941666666666667,10,19,10,488429,117181,52603,55353,1.0854514802326873,0.3208237217012299
23282,0.5941904761904763,1,0,1,488429,117181,52604,55352,1.0854514802326873,0.32081978520051235
23283,0.5942142857142858,1,3,1,488432,117178,52605,55351,1.0854236911334247,0.3208214271223968
23284,0.59425,1,0,1,488432,117178,52606,55350,1.0854236911334247,0.3208174904942966
23285,0.5942857142857142,0,1,0,488433,117177,52606,55350,1.0854144281003373,0.3208193500147803
23286,0.5942857142857143,1,6,1,488439,117171,52607,55349,1.0853588499018119,0.32082657083236726
23287,0.5943095238095237,0,1,0,488440,117170,52607,55349,1.0853495868687244,0.32082843049171395
23288,0.5943333333333333,3,14,3,488454,117156,52610,55346,1.0852199044054984,0.32084265689673164
23289,0.5943333333333334,2,14,2,488468,117142,52612,55344,1.0850902219422727,0.3208608234871236
23290,0.5943333333333335,0,1,0,488469,117141,52612,55344,1.0850809589091852,0.3208626837116271
23291,0.594357142857143,0,3,0,488472,117138,52612,55344,1.0850531698099226,0.320868264514558
23292,0.5943809523809525,1,0,1,488472,117138,52613,55343,1.0850531698099226,0.32086432708530216
23293,0.5943950216450216,0,1,0,488473,117137,52613,55343,1.085043906776835,0.32086618738404454
23294,0.5944007936507937,0,1,0,488474,117136,52613,55343,1.0850346437437475,0.32086804770435823
23295,0.5944047619047619,1,1,1,488475,117135,52614,55342,1.0850253807106598,0.32086597053520177
23296,0.5944285714285713,0,3,0,488478,117132,52614,55342,1.0849975916113972,0.32087155165416237
23297,0.5944444444444444,1,0,1,488478,117132,52615,55341,1.0849975916113972,0.32086761406133135
23298,0.5944523809523811,1,0,1,488478,117132,52616,55340,1.0849975916113972,0.32086367642283964
23299,0.5944761904761905,0,1,0,488479,117131,52616,55340,1.0849883285783097,0.32086553681488483
23300,0.5944999999999999,0,7,0,488486,117124,52616,55340,1.0849234873466969,0.3208785601632805
23301,0.5945,1,10,1,488496,117114,52617,55339,1.0848308570158212,0.32089322887975275
23302,0.5945238095238096,0,1,0,488497,117113,52617,55339,1.0848215939827337,0.32089508964813396
23303,0.5945357142857143,1,0,1,488497,117113,52618,55338,1.0848215939827337,0.3208911516894654
23304,0.5945476190476189,1,1,1,488498,117112,52619,55337,1.0848123309496462,0.3208890744509971
23305,0.594547619047619,0,1,0,488499,117111,52619,55337,1.0848030679165586,0.3208909352384487
23306,0.5945555555555555,0,1,0,488500,117110,52619,55337,1.084793804883471,0.3208927960474813
23307,0.5945753968253968,0,2,0,488502,117108,52619,55337,1.084775278817296,0.3208965177302908
23308,0.5945833333333334,1,0,1,488502,117108,52620,55336,1.084775278817296,0.3208925796200506
23309,0.5945952380952381,1,0,1,488502,117108,52621,55335,1.084775278817296,0.320888641464136
23310,0.5945952380952382,0,1,0,488503,117107,52621,55335,1.0847660157842083,0.32089050231382144
23311,0.5946428571428571,1,2,1,488505,117105,52622,55334,1.0847474897180334,0.3208902858402102
23312,0.5946666666666666,4,17,4,488522,117088,52626,55330,1.0845900181555448,0.3209061698894547
23313,0.5946666666666667,5,14,5,488536,117074,52631,55325,1.084460335692319,0.32091253429544253
23314,0.5946969696969696,0,1,0,488537,117073,52631,55325,1.0844510726592316,0.3209143957586515
23315,0.5947142857142856,1,1,1,488538,117072,52632,55324,1.084441809626144,0.3209123181512332
23316,0.5947142857142858,0,1,0,488539,117071,52632,55324,1.0844325465930564,0.3209141796455814
23317,0.5947499999999999,0,2,0,488541,117069,52632,55324,1.0844140205268813,0.3209179026990655
23318,0.5947619047619047,0,1,0,488542,117068,52632,55324,1.0844047574937938,0.32091976425820223
23319,0.5947727272727273,0,1,0,488543,117067,52632,55324,1.0843954944607062,0.3209216258389359
23320,0.5948095238095238,1,0,1,488543,117067,52633,55323,1.0843954944607062,0.3209176866407564
23321,0.5948095238095239,0,1,0,488544,117066,52633,55323,1.0843862314276187,0.32091954823103563
23322,0.5948333333333333,0,12,0,488556,117054,52633,55323,1.084275075030568,0.3209418889991124
23323,0.5948560606060607,0,1,0,488557,117053,52633,55323,1.0842658119974804,0.3209437508701907
23324,0.5948636363636364,0,1,0,488558,117052,52633,55323,1.084256548964393,0.32094561276287165
23325,0.5948888888888889,0,1,0,488559,117051,52633,55323,1.0842472859313053,0.3209474746771555
23326,0.5948961038961038,0,1,0,488560,117050,52633,55323,1.0842380228982178,0.32094933661304265
23327,0.5949047619047619,0,1,0,488561,117049,52633,55323,1.0842287598651303,0.3209511985705335
23328,0.5949166666666666,1,0,1,488561,117049,52634,55322,1.0842287598651303,0.320947259109711
23329,0.5949166666666668,0,1,0,488562,117048,52634,55322,1.0842194968320427,0.3209491210767535
23330,0.594952380952381,0,1,0,488563,117047,52634,55322,1.0842102337989552,0.3209509830654004
23331,0.5949523809523811,0,4,0,488567,117043,52634,55322,1.084173181666605,0.3209584312360398
23332,0.5949772727272727,0,1,0,488568,117042,52634,55322,1.0841639186335175,0.3209602933327145
23333,0.595,226,834,226,489402,116208,52860,55096,1.0764385490384971,0.32162704898893196
23334,0.5950000000000001,6,18,6,489420,116190,52866,55090,1.076271814442921,0.32163708547407754
23335,0.5950238095238095,0,1,0,489421,116189,52866,55090,1.0762625514098336,0.32163896332883773
23336,0.5950238095238096,0,1,0,489422,116188,52866,55090,1.0762532883767462,0.3216408412055255
23337,0.5950317460317459,1,2,1,489424,116186,52867,55089,1.076234762310571,0.32164063640344476
23338,0.595095238095238,1,1,1,489425,116185,52868,55088,1.0762254992774833,0.32163855365410776
23339,0.5950952380952381,0,1,0,489426,116184,52868,55088,1.0762162362443959,0.32164043159418937
23340,0.5951190476190475,0,3,0,489429,116181,52868,55088,1.0761884471451333,0.32164606554601244
23341,0.5951190476190477,0,1,0,489430,116180,52868,55088,1.0761791841120456,0.32164794357381415
23342,0.5951428571428571,0,5,0,489435,116175,52868,55088,1.0761328689466079,0.32165733404179536
23343,0.5951547619047619,0,2,0,489437,116173,52868,55088,1.0761143428804327,0.32166109038251556
23344,0.5951666666666666,5,13,5,489450,116160,52873,55083,1.0759939234502947,0.32166570312363135
23345,0.5951666666666667,1,2,1,489452,116158,52874,55082,1.0759753973841195,0.32166549871525346
23346,0.5951666666666668,0,1,0,489453,116157,52874,55082,1.0759661343510318,0.32166737717459226
23347,0.5951904761904762,1,1,1,489454,116156,52875,55081,1.0759568713179444,0.32166529429971324
23348,0.5951904761904763,0,2,0,489456,116154,52875,55081,1.0759383452517692,0.32166905130376383
23349,0.595202380952381,0,1,0,489457,116153,52875,55081,1.0759290822186818,0.32167092983870027
23350,0.5952380952380952,0,1,0,489458,116152,52875,55081,1.075919819185594,0.32167280839557794
23351,0.5952619047619048,0,1,0,489459,116151,52875,55081,1.0759105561525066,0.32167468697439733
23352,0.5952857142857142,1,1,1,489460,116150,52876,55080,1.075901293119419,0.32167260409974885
23353,0.5953095238095237,0,1,0,489461,116149,52876,55080,1.0758920300863315,0.32167448271028853
23354,0.5953296703296703,0,2,0,489463,116147,52876,55080,1.0758735040201564,0.3216782399971967
23355,0.5953333333333333,4,11,4,489474,116136,52880,55076,1.0757716106561932,0.32168305959862625
23356,0.5953333333333334,7,17,7,489491,116119,52887,55069,1.0756141390937048,0.3216872677991448
23357,0.5953452380952381,0,2,0,489493,116117,52887,55069,1.0755956130275297,0.3216910261353148
23358,0.5953571428571428,0,3,0,489496,116114,52887,55069,1.075567823928267,0.3216966638042329
23359,0.5953618432221373,1,3,1,489499,116111,52888,55068,1.0755400348290045,0.321698339165435
23360,0.5953690476190476,0,1,0,489500,116110,52888,55068,1.0755307717959168,0.3217002184860204
23361,0.5953809523809523,0,1,0,489501,116109,52888,55068,1.0755215087628294,0.3217020978285634
23362,0.5953863636363635,1,1,1,489502,116108,52889,55067,1.0755122457297417,0.32170001460493647
23363,0.5954166666666666,1,1,1,489503,116107,52890,55066,1.0755029826966542,0.3216979313326284
23364,0.5954166666666667,0,1,0,489504,116106,52890,55066,1.0754937196635665,0.321699810716706
23365,0.5954444444444444,0,1,0,489505,116105,52890,55066,1.075484456630479,0.32170169012274275
23366,0.5954444444444446,1,1,1,489506,116104,52891,55065,1.0754751935973916,0.32169960682132864
23367,0.5954545454545455,0,1,0,489507,116103,52891,55065,1.075465930564304,0.3217014862591139
23368,0.5954657287157284,0,5,0,489512,116098,52891,55065,1.0754196153988662,0.3217108837774519
23369,0.5954761904761904,0,1,0,489513,116097,52891,55065,1.0754103523657788,0.3217127633470046
23370,0.5954761904761905,1,6,1,489519,116091,52892,55064,1.0753547741672533,0.32172007829160704
23371,0.5954999999999999,0,9,0,489528,116082,52892,55064,1.0752714068694653,0.3217369964825354
23372,0.5955,0,1,0,489529,116081,52892,55064,1.0752621438363779,0.32173887639136406
23373,0.5955357142857143,0,1,0,489530,116080,52892,55064,1.0752528808032902,0.3217407563221615
23374,0.5955714285714285,2,0,2,489530,116080,52894,55062,1.0752528808032902,0.32173283004756287
23375,0.5956190476190476,0,1,0,489531,116079,52894,55062,1.0752436177702027,0.3217347099759847
23376,0.5956190476190477,0,1,0,489532,116078,52894,55062,1.075234354737115,0.32173658992637605
23377,0.5956428571428571,0,1,0,489533,116077,52894,55062,1.0752250917040276,0.3217384698987373
23378,0.5956547619047619,0,1,0,489534,116076,52894,55062,1.0752158286709401,0.32174034989306877
23379,0.5956666666666667,3,21,3,489555,116055,52897,55059,1.0750213049761013,0.3217679441775658
23380,0.5956904761904762,0,1,0,489556,116054,52897,55059,1.0750120419430138,0.32176982461881914
23381,0.5957142857142856,5,12,5,489568,116042,52902,55054,1.0749008855459632,0.32177257212325244
23382,0.5957272727272729,0,1,0,489569,116041,52902,55054,1.0748916225128755,0.321774452789386
23383,0.59575,0,4,0,489573,116037,52902,55054,1.0748545703805255,0.32178197567376426
23384,0.5958333333333333,20,81,20,489654,115956,52922,55034,1.0741042647004335,0.32185507924440027
23385,0.5958333333333334,2,4,2,489658,115952,52924,55032,1.0740672125680832,0.3218546764609554
23386,0.5958333333333335,0,1,0,489659,115951,52924,55032,1.0740579495349958,0.32185655883918285
23387,0.5958484848484848,0,1,0,489660,115950,52924,55032,1.074048686501908,0.3218584412394287
23388,0.5958571428571429,1,1,1,489661,115949,52925,55031,1.0740394234688206,0.3218563574687098
23389,0.5958708513708514,0,2,0,489663,115947,52925,55031,1.0740208974026455,0.32186012235492284
23390,0.5958809523809525,1,4,1,489667,115943,52926,55030,1.0739838452702952,0.3218636860790885
23391,0.5958849206349206,0,1,0,489668,115942,52926,55030,1.0739745822372078,0.32186556863112087
23392,0.5959022366522365,0,1,0,489669,115941,52926,55030,1.0739653192041203,0.3218674512051751
23393,0.5959047619047619,0,1,0,489670,115940,52926,55030,1.0739560561710326,0.32186933380125166
23394,0.5959444444444444,0,1,0,489671,115939,52926,55030,1.0739467931379452,0.3218712164193509
23395,0.5959444444444445,0,1,0,489672,115938,52926,55030,1.0739375301048575,0.32187309905947314
23396,0.5959523809523809,0,3,0,489675,115935,52926,55030,1.0739097410055949,0.321878747111982
23397,0.595952380952381,0,1,0,489676,115934,52926,55030,1.0739004779725074,0.32188062984020027
23398,0.596,24,78,24,489754,115856,52950,55006,1.073177961391678,0.32193231964977587
23399,0.5960000000000001,0,1,0,489755,115855,52950,55006,1.0731686983585906,0.32193420382650223
23400,0.5960454545454545,0,1,0,489756,115854,52950,55006,1.073159435325503,0.32193608802528384
23401,0.5960714285714286,1,1,1,489757,115853,52951,55005,1.0731501722924155,0.32193400367556685
23402,0.5960753968253969,1,0,1,489757,115853,52952,55004,1.0731501722924155,0.3219300350585577
23403,0.596111111111111,0,2,0,489759,115851,52952,55004,1.0731316462262404,0.32193380351760265
23404,0.5961111111111111,0,1,0,489760,115850,52952,55004,1.0731223831931527,0.32193568778021
23405,0.5961190476190477,0,2,0,489762,115848,52952,55004,1.0731038571269778,0.3219394563715965
23406,0.5961666666666666,0,10,0,489772,115838,52952,55004,1.073011226796102,0.3219583006520645
23407,0.5961666666666667,0,2,0,489774,115836,52952,55004,1.072992700729927,0.32196206977288694
23408,0.5961746031746032,0,3,0,489777,115833,52952,55004,1.0729649116306643,0.3219677236195906
23409,0.5961904761904762,0,6,0,489783,115827,52952,55004,1.0729093334321391,0.3219790319087285
23410,0.5962261904761904,0,1,0,489784,115826,52952,55004,1.0729000703990514,0.3219809167008137
23411,0.5962380952380952,0,1,0,489785,115825,52952,55004,1.072890807365964,0.3219828015149653
23412,0.59625,0,1,0,489786,115824,52952,55004,1.0728815443328763,0.32198468635118366
23413,0.5962500000000001,1,1,1,489787,115823,52953,55003,1.0728722812997888,0.321982602179996
23414,0.5962619047619048,0,2,0,489789,115821,52953,55003,1.0728537552336137,0.3219863719383693
23415,0.5962857142857143,1,1,1,489790,115820,52954,55002,1.0728444922005262,0.3219842877381134
23416,0.5963095238095237,1,1,1,489791,115819,52955,55001,1.0728352291674386,0.3219822034890528
23417,0.5963095238095238,0,2,0,489793,115817,52955,55001,1.0728167031012634,0.3219859733751712
23418,0.5963333333333332,0,1,0,489794,115816,52955,55001,1.072807440068176,0.32198785835133503
23419,0.5963333333333333,1,4,1,489798,115812,52956,55000,1.0727703879358257,0.32199142917359436
23420,0.5963333333333334,4,16,4,489814,115796,52960,54996,1.0726221794064248,0.32200571455337484
23421,0.596357142857143,0,1,0,489815,115795,52960,54996,1.0726129163733373,0.3220075999320807
23422,0.5963636363636362,0,1,0,489816,115794,52960,54996,1.0726036533402497,0.32200948533286494
23423,0.5963928571428572,1,0,1,489816,115794,52961,54995,1.0726036533402497,0.32200551557770113
23424,0.5964166666666667,0,1,0,489817,115793,52961,54995,1.0725943903071622,0.32200740098835984
23425,0.5964285714285712,1,1,1,489818,115792,52962,54994,1.0725851272740745,0.32200531659503706
23426,0.5964285714285714,2,3,2,489821,115789,52964,54992,1.072557338174812,0.3220030331242937
23427,0.5964642857142857,0,1,0,489822,115788,52964,54992,1.0725480751417245,0.32200491860873637
23428,0.5964999999999999,2,3,2,489825,115785,52966,54990,1.0725202860424616,0.3220026350461133
23429,0.5965,8,19,8,489844,115766,52974,54982,1.0723442884137981,0.3220066999320636
23430,0.5965000000000001,0,1,0,489845,115765,52974,54982,1.0723350253807107,0.322008585802386
23431,0.5965079365079365,1,0,1,489845,115765,52975,54981,1.0723350253807107,0.32200461504222644
23432,0.596547619047619,0,2,0,489847,115763,52975,54981,1.0723164993145355,0.32200838682472005
23433,0.5965952380952382,1,0,1,489847,115763,52976,54980,1.0723164993145355,0.32200441599362783
23434,0.5966190476190476,0,1,0,489848,115762,52976,54980,1.072307236281448,0.3220063019057994
23435,0.596642857142857,1,0,1,489848,115762,52977,54979,1.072307236281448,0.32200233101598325
23436,0.5966666666666666,3,2,3,489850,115760,52980,54976,1.072288710215273,0.3219941898603692
23437,0.5966666666666667,121,406,121,490256,115354,53101,54855,1.0685279187817258,0.32228025545065186
23438,0.5966688311688312,1,7,1,490263,115347,53102,54854,1.068463077550113,0.3222895282636412
23439,0.5966904761904762,0,1,0,490264,115346,53102,54854,1.0684538145170255,0.3222914218566392
23440,0.5967142857142858,0,1,0,490265,115345,53102,54854,1.0684445514839378,0.3222933154718888
23441,0.5967203629703629,0,2,0,490267,115343,53102,54854,1.0684260254177629,0.322297102769144
23442,0.5967261904761905,0,2,0,490269,115341,53102,54854,1.0684074993515877,0.32230089015540997
23443,0.5967380952380953,0,1,0,490270,115340,53102,54854,1.0683982363185,0.32230278388192296
23444,0.5967424242424243,1,3,1,490273,115337,53103,54853,1.0683704472192375,0.3223044832246313
23445,0.5967435897435895,0,2,0,490275,115335,53103,54853,1.0683519211530623,0.3223082708534092
23446,0.59675,0,1,0,490276,115334,53103,54853,1.0683426581199749,0.3223101647011816
23447,0.5967619047619048,0,1,0,490277,115333,53103,54853,1.0683333950868872,0.3223120585712103
23448,0.5967857142857143,1,5,1,490282,115328,53104,54852,1.0682870799214494,0.3223175461276296
23449,0.5968214285714286,0,1,0,490283,115327,53104,54852,1.068277816888362,0.3223194401189336
23450,0.5968333333333333,3,9,3,490292,115318,53107,54849,1.068194449590574,0.3223245400106954
23451,0.5968571428571429,0,3,0,490295,115315,53107,54849,1.0681666604913114,0.3223302226087774
23452,0.5968636363636364,1,1,1,490296,115314,53108,54848,1.0681573974582237,0.32232813436607466
23453,0.596952380952381,0,1,0,490297,115313,53108,54848,1.0681481344251362,0.322330028619954
23454,0.5969603174603175,0,2,0,490299,115311,53108,54848,1.068129608358961,0.3223338171945063
23455,0.597,3,36,3,490335,115275,53111,54845,1.067796139167809,0.32239007759228777
23456,0.5970238095238095,0,6,0,490341,115269,53111,54845,1.0677405609692838,0.3224014484404576
23457,0.597047619047619,1,1,1,490342,115268,53112,54844,1.0677312979361961,0.32239936042136946
23458,0.5970833333333334,0,2,0,490344,115266,53112,54844,1.0677127718700212,0.32240315090235727
23459,0.5971428571428572,1,13,1,490357,115253,53113,54843,1.067592352439883,0.3224238077321042
23460,0.5971666666666666,0,1,0,490358,115252,53113,54843,1.0675830894067955,0.32242570328345926
23461,0.5971666666666667,1,5,1,490363,115247,53114,54842,1.0675367742413575,0.3224311977846892
23462,0.5971717171717171,0,2,0,490365,115245,53114,54842,1.0675182481751824,0.32243498915261015
23463,0.5971904761904763,1,2,1,490367,115243,53115,54841,1.0674997221090075,0.3224347969238729
23464,0.597202380952381,0,1,0,490368,115242,53115,54841,1.0674904590759198,0.322436692673577
23465,0.5972142857142856,0,1,0,490369,115241,53115,54841,1.0674811960428323,0.3224385884455733
23466,0.5972500000000001,2,2,2,490371,115239,53117,54839,1.0674626699766572,0.32243441244605414
23467,0.5972619047619048,0,1,0,490372,115238,53117,54839,1.0674534069435695,0.32243630826037617
23468,0.5972727272727273,0,1,0,490373,115237,53117,54839,1.067444143910482,0.3224382040969919
23469,0.5973095238095237,0,1,0,490374,115236,53117,54839,1.0674348808773946,0.3224400999559018
23470,0.5973333333333333,0,7,0,490381,115229,53117,54839,1.0673700396457817,0.32245337159253945
23471,0.5973333333333334,7,20,7,490401,115209,53124,54832,1.0671847789840305,0.32246340588446315
23472,0.5973809523809525,0,3,0,490404,115206,53124,54832,1.067156989884768,0.3224690951434385
23473,0.597388888888889,0,1,0,490405,115205,53124,54832,1.0671477268516802,0.3224709916077089
23474,0.5974166666666667,0,2,0,490407,115203,53124,54832,1.067129200785505,0.3224747846031699
23475,0.5974444444444444,0,1,0,490408,115202,53124,54832,1.0671199377524176,0.32247668113436134
23476,0.5974603174603175,0,2,0,490410,115200,53124,54832,1.0671014116862425,0.322480474263668
23477,0.5974761904761905,0,2,0,490412,115198,53124,54832,1.0670828856200674,0.32248426748220904
23478,0.5974999999999998,1,1,1,490413,115197,53125,54831,1.06707362258698,0.3224821794057449
23479,0.5974999999999999,1,5,1,490418,115192,53126,54830,1.0670273074215422,0.3224876780651916
23480,0.5975,75,207,75,490625,114985,53201,54755,1.0651098595724184,0.3225815953811712
23481,0.5975595238095238,0,1,0,490626,114984,53201,54755,1.0651005965393308,0.32258349583772733
23482,0.5975714285714286,0,3,0,490629,114981,53201,54755,1.0650728074400682,0.32258919734175423
23483,0.5975833333333334,1,2,1,490631,114979,53202,54754,1.065054281373893,0.32258900744109864
23484,0.5976111111111111,0,1,0,490632,114978,53202,54754,1.0650450183408056,0.32259090801970164
23485,0.5976190476190476,0,1,0,490633,114977,53202,54754,1.0650357553077179,0.32259280862069983
23486,0.5976190476190477,0,3,0,490636,114974,53202,54754,1.0650079662084553,0.3225985105580694
23487,0.5976363636363636,1,1,1,490637,114973,53203,54753,1.0649987031753678,0.32259642011241646
23488,0.5976666666666666,1,1,1,490638,114972,53204,54752,1.0649894401422801,0.3225943296174966
23489,0.5976666666666667,7,17,7,490655,114955,53211,54745,1.0648319685797918,0.32259870359457865
23490,0.5976904761904762,0,1,0,490656,114954,53211,54745,1.064822705546704,0.32260060459990925
23491,0.5977380952380953,1,2,1,490658,114952,53212,54744,1.0648041794805292,0.32260041485951346
23492,0.59775,0,5,0,490663,114947,53212,54744,1.0647578643150912,0.32260992038469927
23493,0.5977619047619048,1,0,1,490663,114947,53213,54743,1.0647578643150912,0.32260592845777597
23494,0.5977738095238094,0,1,0,490664,114946,53213,54743,1.0647486012820038,0.3226078296177124
23495,0.5977777777777777,2,5,2,490669,114941,53215,54741,1.064702286116566,0.32260935161065996
23496,0.5977777777777779,0,1,0,490670,114940,53215,54741,1.0646930230834784,0.322611252880405
23497,0.5977857142857143,1,1,1,490671,114939,53216,54740,1.064683760050391,0.3226091620059053
23498,0.5977857142857144,0,1,0,490672,114938,53216,54740,1.0646744970173034,0.32261106330814837
23499,0.597797619047619,0,1,0,490673,114937,53216,54740,1.0646652339842158,0.3226129646328023
23500,0.5978095238095238,0,4,0,490677,114933,53216,54740,1.0646281818518655,0.32262057015553447
23501,0.5978214285714285,0,1,0,490678,114932,53216,54740,1.064618918818778,0.32262247159224855
23502,0.5978214285714286,0,2,0,490680,114930,53216,54740,1.0646003927526029,0.3226262745329168
23503,0.5978333333333333,2,3,2,490683,114927,53218,54738,1.0645726036533403,0.3226239943417912
23504,0.5978333333333334,2,4,2,490687,114923,53220,54736,1.06453555152099,0.3226236156054203
23505,0.5978571428571429,0,7,0,490694,114916,53220,54736,1.0644707102893771,0.32263692735717825
23506,0.597857142857143,0,1,0,490695,114915,53220,54736,1.0644614472562897,0.32263882912567565
23507,0.5978650793650794,0,1,0,490696,114914,53220,54736,1.064452184223202,0.322640730916593
23508,0.5978787878787878,0,1,0,490697,114913,53220,54736,1.0644429211901145,0.3226426327299306
23509,0.5979126984126985,0,1,0,490698,114912,53220,54736,1.0644336581570268,0.322644534565689
23510,0.5979166666666668,0,1,0,490699,114911,53220,54736,1.0644243951239394,0.32264643642386837
23511,0.5979523809523809,1,0,1,490699,114911,53221,54735,1.0644243951239394,0.3226424436768329
23512,0.5979761904761903,0,1,0,490700,114910,53221,54735,1.064415132090852,0.3226443455451089
23513,0.5979761904761904,0,2,0,490702,114908,53221,54735,1.0643966060246768,0.3226481493489269
23514,0.5979761904761905,0,2,0,490704,114906,53221,54735,1.0643780799585016,0.3226519532424355
23515,0.598,22,49,22,490753,114857,53243,54713,1.0639241913372115,0.32265730966562484
23516,0.5980000000000001,1,11,1,490764,114846,53244,54712,1.0638222979732483,0.32267424716026377
23517,0.5980238095238095,0,1,0,490765,114845,53244,54712,1.0638130349401609,0.3226761502031765
23518,0.5980454545454544,0,1,0,490766,114844,53244,54712,1.0638037719070732,0.32267805326853666
23519,0.5980476190476189,0,1,0,490767,114843,53244,54712,1.0637945088739857,0.32267995635634455
23520,0.598047619047619,0,1,0,490768,114842,53244,54712,1.063785245840898,0.3226818594666006
23521,0.5980555555555555,0,1,0,490769,114841,53244,54712,1.0637759828078106,0.32268376259930526
23522,0.5980726495726496,0,1,0,490770,114840,53244,54712,1.0637667197747231,0.3226856657544588
23523,0.5980833333333333,0,1,0,490771,114839,53244,54712,1.0637574567416355,0.32268756893206174
23524,0.598095238095238,0,1,0,490772,114838,53244,54712,1.063748193708548,0.3226894721321144
23525,0.5980952380952381,1,0,1,490772,114838,53245,54711,1.063748193708548,0.32268547735462905
23526,0.5981428571428572,1,2,1,490774,114836,53246,54710,1.0637296676423729,0.3226852889481321
23527,0.5981666666666666,2,9,2,490783,114827,53248,54708,1.0636463003445848,0.3226944288789925
23528,0.5981666666666667,0,3,0,490786,114824,53248,54708,1.0636185112453223,0.32270013920675744
23529,0.5981904761904763,0,1,0,490787,114823,53248,54708,1.0636092482122346,0.3227020426942565
23530,0.5981919191919193,0,1,0,490788,114822,53248,54708,1.0635999851791471,0.32270394620421167
23531,0.5982142857142857,0,2,0,490790,114820,53248,54708,1.063581459112972,0.32270775329149165
23532,0.59825,0,1,0,490791,114819,53248,54708,1.0635721960798843,0.32270965686881736
23533,0.5982619047619049,0,1,0,490792,114818,53248,54708,1.0635629330467968,0.32271156046860067
23534,0.5982857142857143,1,0,1,490792,114818,53249,54707,1.0635629330467968,0.322707565255862
23535,0.598297619047619,1,0,1,490792,114818,53250,54706,1.0635629330467968,0.32270356999598876
23536,0.5983333333333333,28,85,28,490877,114733,53278,54678,1.0627755752343548,0.32275354020695235
23537,0.5983333333333334,43,138,43,491015,114595,53321,54635,1.0614972766682722,0.3228446492938604
23538,0.5983809523809523,0,1,0,491016,114594,53321,54635,1.0614880136351847,0.3228465570321872
23539,0.5983928571428572,0,1,0,491017,114593,53321,54635,1.061478750602097,0.32284846479306023
23540,0.5984047619047619,1,0,1,491017,114593,53322,54634,1.061478750602097,0.3228444633539565
23541,0.5984761904761905,0,2,0,491019,114591,53322,54634,1.0614602245359221,0.3228482789185995
23542,0.5984920634920635,0,4,0,491023,114587,53322,54634,1.0614231724035719,0.3228559103184593
23543,0.5984999999999999,0,2,0,491025,114585,53322,54634,1.0614046463373967,0.3228597261536825
23544,0.5985,5,17,5,491042,114568,53327,54629,1.0612471747749084,0.3228721549436456
23545,0.5985238095238096,0,1,0,491043,114567,53327,54629,1.0612379117418207,0.3228740632166245
23546,0.598547619047619,0,1,0,491044,114566,53327,54629,1.0612286487087332,0.3228759715121605
23547,0.5985714285714285,0,3,0,491047,114563,53327,54629,1.0612008596094704,0.3228816965341151
23548,0.5985714285714286,0,2,0,491049,114561,53327,54629,1.0611823335432955,0.32288551332821086
23549,0.5985833333333332,0,1,0,491050,114560,53327,54629,1.0611730705102078,0.3228874217590978
23550,0.5986111111111111,0,1,0,491051,114559,53327,54629,1.0611638074771204,0.3228893302125446
23551,0.5986363636363636,1,0,1,491051,114559,53328,54628,1.0611638074771204,0.3228853280689415
23552,0.5986428571428571,0,1,0,491052,114558,53328,54628,1.0611545444440327,0.3228872365325736
23553,0.5986587301587302,2,2,2,491054,114556,53330,54626,1.0611360183778575,0.32288304902412784
23554,0.5986666666666666,2,0,2,491054,114556,53332,54624,1.0611360183778575,0.3228750443314813
23555,0.5986666666666667,1,14,1,491068,114542,53333,54623,1.0610063359146318,0.3228977625395324
23556,0.5986666666666668,0,4,0,491072,114538,53333,54623,1.0609692837822817,0.3229053978162815
23557,0.5986706349206349,0,1,0,491073,114537,53333,54623,1.060960020749194,0.32290730669188933
23558,0.5986904761904762,1,0,1,491073,114537,53334,54622,1.060960020749194,0.3229033039921021
23559,0.5987142857142856,0,1,0,491074,114536,53334,54622,1.0609507577161066,0.32290521287790114
23560,0.5987380952380952,0,2,0,491076,114534,53334,54622,1.0609322316499314,0.3229090307172078
23561,0.59875,2,3,2,491079,114531,53336,54620,1.0609044425506688,0.3229067519553535
23562,0.5987857142857143,0,1,0,491080,114530,53336,54620,1.0608951795175812,0.3229086609518179
23563,0.5988095238095238,1,2,1,491082,114528,53337,54619,1.060876653451406,0.3229084760592857
23564,0.5988095238095239,0,1,0,491083,114527,53337,54619,1.0608673904183186,0.32291038511108744
23565,0.5988333333333332,1,0,1,491083,114527,53338,54618,1.0608673904183186,0.3229063820981998
23566,0.5988333333333333,2,11,2,491094,114516,53340,54616,1.0607654970543554,0.3229193765816049
23567,0.5988333333333334,0,5,0,491099,114511,53340,54616,1.0607191818889177,0.32292892323520195
23568,0.5988809523809523,0,1,0,491100,114510,53340,54616,1.0607099188558302,0.32293083263365774
23569,0.5988888888888888,0,1,0,491101,114509,53340,54616,1.0607006558227425,0.3229327420546933
23570,0.5988888888888889,0,1,0,491102,114508,53340,54616,1.060691392789655,0.3229346514983089
23571,0.5988928571428571,0,1,0,491103,114507,53340,54616,1.0606821297565674,0.3229365609645051
23572,0.5989999999999999,0,1,0,491104,114506,53340,54616,1.06067286672348,0.3229384704532822
23573,0.599,9,43,9,491147,114463,53349,54607,1.0602745563007152,0.3229845626072041
23574,0.5990000000000001,2,2,2,491149,114461,53351,54605,1.06025603023454,0.3229803745282907
23575,0.5990238095238095,0,1,0,491150,114460,53351,54605,1.0602467672014524,0.3229822849200012
23576,0.5990476190476189,0,1,0,491151,114459,53351,54605,1.060237504168365,0.3229841953343113
23577,0.599047619047619,0,1,0,491152,114458,53351,54605,1.0602282411352772,0.3229861057712214
23578,0.5990476190476192,1,0,1,491152,114458,53352,54604,1.0602282411352772,0.3229821012409649
23579,0.5990714285714286,1,0,1,491152,114458,53353,54603,1.0602282411352772,0.32297809666333455
23580,0.5990833333333332,0,3,0,491155,114455,53353,54603,1.0602004520360147,0.3229838280353488
23581,0.5990833333333334,0,1,0,491156,114454,53353,54603,1.0601911890029272,0.3229857385378896
23582,0.5991309523809523,1,0,1,491156,114454,53354,54602,1.0601911890029272,0.32298173386333523
23583,0.5991428571428571,0,1,0,491157,114453,53354,54602,1.0601819259698395,0.3229836443760906
23584,0.5991666666666666,16,64,16,491221,114389,53370,54586,1.0595890918522362,0.3230418700991271
23585,0.5991666666666667,7,39,7,491260,114350,53377,54579,1.0592278335618215,0.3230883980844023
23586,0.5992380952380951,0,1,0,491261,114349,53377,54579,1.059218570528734,0.32309031066489863
23587,0.5992500000000001,0,2,0,491263,114347,53377,54579,1.0592000444625589,0.32309413589382335
23588,0.5992820512820513,0,1,0,491264,114346,53377,54579,1.0591907814294712,0.3230960485422525
23589,0.5992857142857143,1,3,1,491267,114343,53378,54578,1.0591629923302086,0.32309777943535734
23590,0.5993095238095237,0,1,0,491268,114342,53378,54578,1.0591537292971211,0.32309969216197015
23591,0.5993333333333333,4,10,4,491278,114332,53382,54574,1.0590610989662455,0.32310279090144817
23592,0.5993333333333334,4,21,4,491299,114311,53386,54570,1.0588665752714068,0.3231269355344888
23593,0.5993484848484849,0,1,0,491300,114310,53386,54570,1.0588573122383194,0.3231288488867835
23594,0.5993809523809523,0,1,0,491301,114309,53386,54570,1.0588480492052317,0.3231307622617377
23595,0.5994047619047619,1,1,1,491302,114308,53387,54569,1.0588387861721442,0.32312866761015413
23596,0.599452380952381,1,0,1,491302,114308,53388,54568,1.0588387861721442,0.3231246595134892
23597,0.5994999999999999,0,4,0,491306,114304,53388,54568,1.058801734039794,0.32313231323132313
23598,0.5995,1,8,1,491314,114296,53389,54567,1.0587276297750936,0.32314361346180037
23599,0.5995238095238095,2,2,2,491316,114294,53391,54565,1.0587091037089185,0.32313942401648715
23600,0.5995238095238096,0,1,0,491317,114293,53391,54565,1.0586998406758308,0.32314133769202524
23601,0.5995833333333332,0,1,0,491318,114292,53391,54565,1.0586905776427433,0.3231432513902296
23602,0.5995833333333334,0,1,0,491319,114291,53391,54565,1.0586813146096559,0.3231451651111006
23603,0.5995952380952381,0,1,0,491320,114290,53391,54565,1.0586720515765682,0.3231470788546386
23604,0.5996111111111111,0,1,0,491321,114289,53391,54565,1.0586627885434807,0.32314899262084407
23605,0.5996428571428573,0,1,0,491322,114288,53391,54565,1.058653525510393,0.32315090640971733
23606,0.5996666666666666,5,6,5,491328,114282,53396,54560,1.0585979473118678,0.3231423460987195
23607,0.5996666666666667,3,4,3,491332,114278,53399,54557,1.0585608951795176,0.32313797494595314
23608,0.5996666666666668,0,1,0,491333,114277,53399,54557,1.05855163214643,0.3231398888849402
23609,0.5997142857142856,1,0,1,491333,114277,53400,54556,1.05855163214643,0.3231358798339187
23610,0.5997142857142858,0,1,0,491334,114276,53400,54556,1.0585423691133424,0.3231377937831691
23611,0.5997380952380953,0,3,0,491337,114273,53400,54556,1.0585145800140798,0.3231435357669595
23612,0.5997619047619047,0,4,0,491341,114269,53400,54556,1.0584775278817296,0.3231511920627869
23613,0.5997777777777779,0,1,0,491342,114268,53400,54556,1.058468264848642,0.32315310619343224
23614,0.5997857142857143,1,1,1,491343,114267,53401,54555,1.0584590018155544,0.3231510111241426
23615,0.5998095238095239,1,1,1,491344,114266,53402,54554,1.058449738782467,0.32314891600521267
23616,0.5998333333333332,2,2,2,491346,114264,53404,54552,1.0584312127162918,0.3231447256184248
23617,0.5998333333333333,1,7,1,491353,114257,53405,54551,1.058366371484679,0.3231541159186768
23618,0.5998333333333334,1,3,1,491356,114254,53406,54550,1.0583385823854163,0.3231558493874553
23619,0.5998459873459874,1,1,1,491357,114253,53407,54549,1.0583293193523287,0.32315375410243957
23620,0.5998571428571428,0,4,0,491361,114249,53407,54549,1.0582922672199786,0.32316141186506947
23621,0.5998574481074482,1,1,1,491362,114248,53408,54548,1.058283004186891,0.3231593165714827
23622,0.5999166666666667,1,1,1,491363,114247,53409,54547,1.0582737411538035,0.3231572212282427
23623,0.5999444444444444,0,1,0,491364,114246,53409,54547,1.0582644781207158,0.3231591357461506
23624,0.5999761904761904,0,1,0,491365,114245,53409,54547,1.0582552150876283,0.32316105028674347
23625,0.6,575,1976,575,493341,112269,53984,53972,1.0399514617066212,0.32466118466563604
23626,0.6000000000000001,6,19,6,493360,112250,53990,53966,1.0397754640779577,0.3246739182750156
23627,0.6000238095238095,2,3,2,493363,112247,53992,53964,1.039747674978695,0.32467165229738104
23628,0.6000476190476192,0,1,0,493364,112246,53992,53964,1.0397384119456075,0.324673605679562
23629,0.6000833333333333,0,1,0,493365,112245,53992,53964,1.03972914891252,0.3246755590852481
23630,0.6000833333333334,0,1,0,493366,112244,53992,53964,1.0397198858794323,0.3246775125144397
23631,0.600111111111111,0,1,0,493367,112243,53992,53964,1.0397106228463449,0.32467946596713737
23632,0.6001309523809524,0,1,0,493368,112242,53992,53964,1.0397013598132572,0.3246814194433414
23633,0.6001428571428571,0,1,0,493369,112241,53992,53964,1.0396920967801697,0.3246833729430523
23634,0.6001507936507937,0,1,0,493370,112240,53992,53964,1.039682833747082,0.32468532646627035
23635,0.6001666666666666,4,11,4,493381,112229,53996,53960,1.039580940383119,0.32469056315399936
23636,0.6001666666666667,1,4,1,493385,112225,53997,53959,1.0395438882507688,0.32469431473547394
23637,0.6002341269841271,0,1,0,493386,112224,53997,53959,1.0395346252176814,0.32469626857139416
23638,0.6002380952380952,1,1,1,493387,112223,53998,53958,1.0395253621845937,0.3246941587786811
23639,0.6002380952380953,1,0,1,493387,112223,53999,53957,1.0395253621845937,0.3246900950776267
23640,0.60025,0,2,0,493389,112221,53999,53957,1.0395068361184185,0.32469400281625727
23641,0.6002500000000001,0,1,0,493390,112220,53999,53957,1.039497573085331,0.32469595672084584
23642,0.6002777777777778,0,1,0,493391,112219,53999,53957,1.0394883100522434,0.3246979106489505
23643,0.6002857142857144,0,3,0,493394,112216,53999,53957,1.0394605209529808,0.3247037725743653
23644,0.6003253968253969,0,1,0,493395,112215,53999,53957,1.0394512579198933,0.3247057265965385
23645,0.6003333333333333,2,9,2,493404,112206,54001,53955,1.0393678906221053,0.32471518587394155
23646,0.6003333333333334,1,7,1,493411,112199,54002,53954,1.0393030493904925,0.3247248018392686
23647,0.6003571428571428,0,2,0,493413,112197,54002,53954,1.0392845233243173,0.32472871063069136
23648,0.6004166666666666,1,1,1,493414,112196,54003,53953,1.0392752602912299,0.3247266008221536
23649,0.6004166666666667,0,1,0,493415,112195,54003,53953,1.0392659972581422,0.32472855526398153
23650,0.600452380952381,1,5,1,493420,112190,54004,53952,1.0392196820927044,0.3247342634613764
23651,0.6004545454545455,0,1,0,493421,112189,54004,53952,1.039210419059617,0.3247362180316719
23652,0.6004761904761904,1,1,1,493422,112188,54005,53951,1.0392011560265293,0.32473410818651854
23653,0.6004761904761905,0,2,0,493424,112186,54005,53951,1.0391826299603542,0.3247380174193587
23654,0.6004999999999999,1,21,1,493445,112165,54006,53950,1.0389881062655155,0.3247750052674352
23655,0.6005,2,2,2,493447,112163,54008,53948,1.0389695801993404,0.32477078579985674
23656,0.6005238095238096,1,2,1,493449,112161,54009,53947,1.0389510541331655,0.3247706311556337
23657,0.6005714285714285,0,2,0,493451,112159,54009,53947,1.0389325280669903,0.32477454155780044
23658,0.6005952380952381,0,1,0,493452,112158,54009,53947,1.0389232650339026,0.32477649679419646
23659,0.6006666666666667,9,27,9,493479,112131,54018,53938,1.0386731631405388,0.32479270664603266
23660,0.6006666666666668,1,0,1,493479,112131,54019,53937,1.0386731631405388,0.3247886407977455
23661,0.6006904761904761,0,1,0,493480,112130,54019,53937,1.0386639001074511,0.3247905965664461
23662,0.6006944444444444,0,3,0,493483,112127,54019,53937,1.0386361110081885,0.3247964640138742
23663,0.6007142857142856,1,4,1,493487,112123,54020,53936,1.0385990588758383,0.3248002216079827
23664,0.6007142857142858,0,1,0,493488,112122,54020,53936,1.0385897958427508,0.32480217755242147
23665,0.6007857142857143,0,2,0,493490,112120,54020,53936,1.0385712697765757,0.3248060895119719
23666,0.6008095238095238,1,1,1,493491,112119,54021,53935,1.0385620067434882,0.32480397942837874
23667,0.6008333333333332,0,1,0,493492,112118,54021,53935,1.0385527437104005,0.3248059354543429
23668,0.6008333333333333,23,84,23,493576,112034,54044,53912,1.037774648931046,0.3248767671411182
23669,0.6008690476190477,0,2,0,493578,112032,54044,53912,1.0377561228648708,0.3248806826399267
23670,0.6009523809523809,0,1,0,493579,112031,54044,53912,1.0377468598317834,0.32488264042472415
23671,0.601,11,56,11,493635,111975,54055,53901,1.0372281299788804,0.32494755118281127
23672,0.6010000000000001,2,0,2,493635,111975,54057,53899,1.0372281299788804,0.324939411842724
23673,0.6010238095238095,0,1,0,493636,111974,54057,53899,1.0372188669457927,0.3249413708077867
23674,0.601047619047619,0,1,0,493637,111973,54057,53899,1.0372096039127052,0.32494332979646956
23675,0.6010714285714286,1,0,1,493637,111973,54058,53898,1.0372096039127052,0.32493926002737067
23676,0.6010833333333333,0,1,0,493638,111972,54058,53898,1.0372003408796175,0.32494121902694884
23677,0.6011111111111112,0,4,0,493642,111968,54058,53898,1.0371632887472675,0.3249490552614761
23678,0.6011269841269841,0,2,0,493644,111966,54058,53898,1.0371447626810923,0.3249529735204746
23679,0.6011587301587302,0,1,0,493645,111965,54058,53898,1.0371354996480047,0.32495493268540904
23680,0.6011602564102565,1,3,1,493648,111962,54059,53897,1.037107710548742,0.324956740363803
23681,0.6011666666666666,0,7,0,493655,111955,54059,53897,1.0370428693171292,0.3249704555869088
23682,0.6011666666666667,3,3,3,493658,111952,54062,53894,1.0370150802178666,0.3249641233433426
23683,0.6011904761904762,0,3,0,493661,111949,54062,53894,1.0369872911186038,0.32497000174864177
23684,0.6012222222222222,0,1,0,493662,111948,54062,53894,1.0369780280855163,0.3249719612643359
23685,0.60125,1,4,1,493666,111944,54063,53893,1.036940975953166,0.32497572917985734
23686,0.6012500000000001,0,1,0,493667,111943,54063,53893,1.0369317129200786,0.3249776888009841
23687,0.6012857142857143,1,0,1,493667,111943,54064,53892,1.0369317129200786,0.3249736183555944
23688,0.6012954545454545,0,1,0,493668,111942,54064,53892,1.036922449886991,0.32497557798762616
23689,0.6013333333333333,5,25,5,493693,111917,54069,53887,1.0366908740598022,0.32500422185230754
23690,0.6013333333333334,1,5,1,493698,111912,54070,53886,1.0366445588943645,0.32500995186914194
23691,0.6013333333333335,0,2,0,493700,111910,54070,53886,1.0366260328281893,0.32501387246978214
23692,0.6013484848484848,0,1,0,493701,111909,54070,53886,1.0366167697951016,0.32501583280557317
23693,0.6013492063492063,0,1,0,493702,111908,54070,53886,1.0366075067620142,0.325017793165012
23694,0.6013809523809523,0,1,0,493703,111907,54070,53886,1.0365982437289265,0.32501975354809914
23695,0.6014166666666667,0,1,0,493704,111906,54070,53886,1.036588980695839,0.325021713954835
23696,0.6014285714285714,1,1,1,493705,111905,54071,53885,1.0365797176627516,0.32501960311237105
23697,0.6014319014319015,0,1,0,493706,111904,54071,53885,1.036570454629664,0.3250215635536736
23698,0.6014761904761904,2,2,2,493708,111902,54073,53883,1.0365519285634888,0.3250173417377929
23699,0.6014761904761905,1,0,1,493708,111902,54074,53882,1.0365519285634888,0.3250132702793997
23700,0.6015,4,9,4,493717,111893,54078,53878,1.0364685612657007,0.3250146286141726
23701,0.6015079365079365,1,0,1,493717,111893,54079,53877,1.0364685612657007,0.3250105567955601
23702,0.6015238095238096,0,2,0,493719,111891,54079,53877,1.0364500351995258,0.3250144780657304
23703,0.601547619047619,0,2,0,493721,111889,54079,53877,1.0364315091333507,0.3250183994305225
23704,0.601595238095238,0,1,0,493722,111888,54079,53877,1.036422246100263,0.32502036014840285
23705,0.6016428571428571,0,1,0,493723,111887,54079,53877,1.0364129830671756,0.32502232088993993
23706,0.6016666666666666,1,4,1,493727,111883,54080,53876,1.0363759309348253,0.32502609209756333
23707,0.6016666666666667,53,226,53,493953,111657,54133,53823,1.034282485457038,0.32525380710659896
23708,0.6017142857142858,0,1,0,493954,111656,54133,53823,1.0342732224239506,0.32525577263580274
23709,0.6017261904761906,1,1,1,493955,111655,54134,53822,1.034263959390863,0.3252536606295739
23710,0.6017460317460316,0,1,0,493956,111654,54134,53822,1.0342546963577754,0.32525562619352655
23711,0.6017857142857143,0,5,0,493961,111649,54134,53822,1.0342083811923377,0.3252654543696479
23712,0.6017857142857144,1,1,1,493962,111648,54135,53821,1.03419911815925,0.3252633423783307
23713,0.6018333333333333,3,14,3,493976,111634,54138,53818,1.0340694356960243,0.3252786306602519
23714,0.6018333333333334,0,4,0,493980,111630,54138,53818,1.034032383563674,0.3252864948503457
23715,0.6018571428571429,1,0,1,493980,111630,54139,53817,1.034032383563674,0.32528241672559793
23716,0.6018809523809523,0,1,0,493981,111629,54139,53817,1.0340231205305865,0.325284382819772
23717,0.6019047619047619,0,1,0,493982,111628,54139,53817,1.034013857497499,0.32528634893771347
23718,0.6019166666666667,0,1,0,493983,111627,54139,53817,1.0340045944644114,0.32528831507942263
23719,0.6019285714285716,1,1,1,493984,111626,54140,53816,1.033995331431324,0.3252862030197894
23720,0.6019444444444445,0,1,0,493985,111625,54140,53816,1.0339860683982363,0.32528816919626935
23721,0.6019523809523809,0,2,0,493987,111623,54140,53816,1.0339675423320611,0.3252921016205369
23722,0.601952380952381,1,1,1,493988,111622,54141,53815,1.0339582792989737,0.3252899895428471
23723,0.6019722222222221,0,1,0,493989,111621,54141,53815,1.0339490162658862,0.32529195580163933
23724,0.602,18,43,18,494032,111578,54159,53797,1.0335507058431213,0.32530309901738474
23725,0.6020000000000001,0,1,0,494033,111577,54159,53797,1.0335414428100338,0.32530506609261434
23726,0.6020238095238095,1,3,1,494036,111574,54160,53796,1.033513653710771,0.32530688758541454
23727,0.6020357142857143,0,2,0,494038,111572,54160,53796,1.033495127644596,0.3253108219244352
23728,0.6020476190476192,0,2,0,494040,111570,54160,53796,1.033476601578421,0.32531475635862267
23729,0.6020714285714286,0,1,0,494041,111569,54160,53796,1.0334673385453332,0.32531672361140507
23730,0.6020952380952381,0,1,0,494042,111568,54160,53796,1.0334580755122458,0.32531869088798043
23731,0.6021428571428572,2,6,2,494048,111562,54162,53794,1.0334024973137204,0.3253223348411911
23732,0.6021666666666666,0,4,0,494052,111558,54162,53794,1.03336544518137,0.3253302046543132
23733,0.6021666666666667,4,11,4,494063,111547,54166,53790,1.0332635518174071,0.32533552683307426
23734,0.6022222222222222,1,0,1,494063,111547,54167,53789,1.0332635518174071,0.32533144626699567
23735,0.6022500000000001,0,3,0,494066,111544,54167,53789,1.0332357627181443,0.32533734947046267
23736,0.6022777777777778,1,0,1,494066,111544,54168,53788,1.0332357627181443,0.325333268816684
23737,0.6022857142857142,1,0,1,494066,111544,54169,53787,1.0332357627181443,0.32532918811354194
23738,0.6022857142857143,0,1,0,494067,111543,54169,53787,1.0332264996850569,0.32533115587007805
23739,0.6022860750360749,1,2,1,494069,111541,54170,53786,1.0332079736188817,0.32533101066371495
23740,0.6023039215686274,1,0,1,494069,111541,54171,53785,1.0332079736188817,0.32532692982350025
23741,0.6023333333333332,0,1,0,494070,111540,54171,53785,1.0331987105857943,0.3253288976258884
23742,0.6023333333333333,3,3,3,494073,111537,54174,53782,1.0331709214865314,0.32532255820565087
23743,0.6023333333333334,5,15,5,494088,111522,54179,53777,1.0330319759902182,0.3253316716979534
23744,0.6023809523809524,1,1,1,494089,111521,54180,53776,1.0330227129571308,0.32532955831019317
23745,0.6023809523809525,0,1,0,494090,111520,54180,53776,1.033013449924043,0.3253315264737199
23746,0.602388888888889,0,2,0,494092,111518,54180,53776,1.032994923857868,0.32533546287221554
23747,0.6024047619047619,0,1,0,494093,111517,54180,53776,1.0329856608247805,0.32533743110718544
23748,0.6024761904761905,0,1,0,494094,111516,54180,53776,1.0329763977916928,0.3253393993659705
23749,0.6024880952380952,1,0,1,494094,111516,54181,53775,1.0329763977916928,0.32533531771239815
23750,0.6024999999999999,0,10,0,494104,111506,54181,53775,1.0328837674608173,0.32535500148232405
23751,0.6025,53,201,53,494305,111305,54234,53722,1.031021897810219,0.3255346094881444
23752,0.6025555555555555,0,1,0,494306,111304,54234,53722,1.0310126347771313,0.3255365821143335
23753,0.602579365079365,0,1,0,494307,111303,54234,53722,1.0310033717440439,0.3255385547644296
23754,0.6025873015873016,1,0,1,494307,111303,54235,53721,1.0310033717440439,0.3255344677137871
23755,0.6026190476190476,1,2,1,494309,111301,54236,53720,1.0309848456778687,0.325534325934275
23756,0.6026666666666667,11,31,11,494340,111270,54247,53709,1.0306976916521546,0.3255505246122234
23757,0.6026666666666668,0,1,0,494341,111269,54247,53709,1.030688428619067,0.3255524979088121
23758,0.6027142857142856,0,2,0,494343,111267,54247,53709,1.0306699025528918,0.3255564445737562
23759,0.6027142857142858,0,1,0,494344,111266,54247,53709,1.0306606395198044,0.32555841794211243
23760,0.6027777777777777,3,0,3,494344,111266,54250,53706,1.0306606395198044,0.32554615328661834
23761,0.6027857142857143,0,1,0,494345,111265,54250,53706,1.030651376486717,0.32554812664043986
23762,0.6028015873015873,0,1,0,494346,111264,54250,53706,1.0306421134536292,0.32555010001818513
23763,0.6028333333333333,0,5,0,494351,111259,54250,53706,1.0305957982881915,0.3255599672657837
23764,0.6028571428571429,1,6,1,494357,111253,54251,53705,1.030540220089666,0.3255677202681895
23765,0.6028809523809525,1,1,1,494358,111252,54252,53704,1.0305309570565786,0.32556560537355417
23766,0.6029034792005379,0,6,0,494364,111246,54252,53704,1.0304753788580532,0.3255774477114277
23767,0.6029166666666667,0,4,0,494368,111242,54252,53704,1.0304383267257031,0.32558534308197834
23768,0.6029444444444445,0,1,0,494369,111241,54252,53704,1.0304290636926154,0.32558731698444937
23769,0.6029523809523809,0,1,0,494370,111240,54252,53704,1.030419800659528,0.3255892909108546
23770,0.6029545454545455,0,1,0,494371,111239,54252,53704,1.0304105376264403,0.3255912648611945
23771,0.6029999999999999,0,3,0,494374,111236,54252,53704,1.0303827485271777,0.32559718685582634
23772,0.603,5,22,5,494396,111214,54257,53699,1.0301789617992516,0.3256201754864686
23773,0.6030000000000001,2,4,2,494400,111210,54259,53697,1.0301419096669013,0.32561989484982445
23774,0.6030238095238096,0,1,0,494401,111209,54259,53697,1.0301326466338139,0.3256218694286442
23775,0.6030476190476189,0,1,0,494402,111208,54259,53697,1.0301233836007262,0.32562384403141204
23776,0.6030555555555555,0,1,0,494403,111207,54259,53697,1.0301141205676387,0.32562581865812834
23777,0.6030833333333334,2,0,2,494403,111207,54261,53695,1.0301141205676387,0.32561763956774326
23778,0.6030952380952381,1,2,1,494405,111205,54262,53694,1.0300955945014636,0.32561749919647787
23779,0.603107142857143,0,1,0,494406,111204,54262,53694,1.030086331468376,0.32561947385656587
23780,0.6031428571428572,1,0,1,494406,111204,54263,53693,1.030086331468376,0.32561538414889296
23781,0.6031666666666666,3,8,3,494414,111196,54266,53690,1.0300122272036756,0.32561891246073044
23782,0.6031666666666667,1,4,1,494418,111192,54267,53689,1.0299751750713253,0.3256227218418132
23783,0.6031904761904763,0,1,0,494419,111191,54267,53689,1.0299659120382378,0.3256246967491509
23784,0.6032023809523809,0,1,0,494420,111190,54267,53689,1.0299566490051502,0.32562667168044446
23785,0.6032142857142856,0,1,0,494421,111189,54267,53689,1.0299473859720627,0.3256286466356943
23786,0.6032499999999998,2,0,2,494421,111189,54269,53687,1.0299473859720627,0.3256204662898178
23787,0.6032857142857143,0,1,0,494422,111188,54269,53687,1.0299381229389752,0.3256224412433662
23788,0.6033333333333332,1,0,1,494422,111188,54270,53686,1.0299381229389752,0.32561835098317504
23789,0.6033333333333333,44,166,44,494588,111022,54314,53642,1.028400459446441,0.3257664091726182
23790,0.6033333333333334,61,235,61,494823,110787,54375,53581,1.0262236466708659,0.3259819429572666
23791,0.6033571428571428,1,0,1,494823,110787,54376,53580,1.0262236466708659,0.32597784226760845
23792,0.6033571428571429,0,2,0,494825,110785,54376,53580,1.0262051206046907,0.3259818087792413
23793,0.6033809523809522,0,1,0,494826,110784,54376,53580,1.0261958575716033,0.3259837920712565
23794,0.6033809523809524,0,2,0,494828,110782,54376,53580,1.0261773315054281,0.3259877587276864
23795,0.6034090909090909,0,1,0,494829,110781,54376,53580,1.0261680684723407,0.32598974209210213
23796,0.6034285714285714,0,2,0,494831,110779,54376,53580,1.0261495424061655,0.3259937088933371
23797,0.6034404761904761,1,0,1,494831,110779,54377,53579,1.0261495424061655,0.3259896080507185
23798,0.603452380952381,0,2,0,494833,110777,54377,53579,1.0261310163399904,0.32599357492272873
23799,0.6034999999999999,0,1,0,494834,110776,54377,53579,1.026121753306903,0.32599555839493777
23800,0.6035,6,22,6,494856,110754,54383,53573,1.0259179665789766,0.32601459285449136
23801,0.6035238095238095,1,2,1,494858,110752,54384,53572,1.0258994405128015,0.3260144592390643
23802,0.6035238095238096,1,2,1,494860,110750,54385,53571,1.0258809144466263,0.3260143256187584
23803,0.6035714285714285,0,1,0,494861,110749,54385,53571,1.0258716514135389,0.3260163096397274
23804,0.6035714285714286,1,4,1,494865,110745,54386,53570,1.0258345992811886,0.32602014423515807
23805,0.6036547619047619,0,1,0,494866,110744,54386,53570,1.0258253362481011,0.32602212836398603
23806,0.6036666666666666,1,1,1,494867,110743,54387,53569,1.0258160732150134,0.3260200107113297
23807,0.6036666666666667,4,15,4,494882,110728,54391,53565,1.0256771277187002,0.3260333672158887
23808,0.6036666666666668,0,3,0,494885,110725,54391,53565,1.0256493386194376,0.3260393207133727
23809,0.6037121212121211,0,1,0,494886,110724,54391,53565,1.02564007558635,0.3260413052608513
23810,0.6037132034632033,0,2,0,494888,110722,54391,53565,1.0256215495201748,0.32604527442828707
23811,0.6037142857142856,0,1,0,494889,110721,54391,53565,1.0256122864870874,0.3260472590482451
23812,0.6037499999999999,0,1,0,494890,110720,54391,53565,1.0256030234539997,0.3260492436923639
23813,0.60375,0,1,0,494891,110719,54391,53565,1.0255937604209122,0.32605122836064376
23814,0.6037777777777777,1,1,1,494892,110718,54392,53564,1.0255844973878248,0.3260491106755457
23815,0.6038095238095238,2,1,2,494893,110717,54394,53562,1.025575234354737,0.32604289044856616
23816,0.6038095238095239,0,1,0,494894,110716,54394,53562,1.0255659713216496,0.3260448751506593
23817,0.6038333333333332,1,0,1,494894,110716,54395,53561,1.0255659713216496,0.32604077259750297
23818,0.6038333333333333,2,4,2,494898,110712,54397,53559,1.0255289191892993,0.32604050623664554
23819,0.6038333333333334,0,2,0,494900,110710,54397,53559,1.0255103931231242,0.32604447582928003
23820,0.6038571428571429,0,1,0,494901,110709,54397,53559,1.0255011300900367,0.3260464606618453
23821,0.6038730158730159,0,6,0,494907,110703,54397,53559,1.0254455518915113,0.3260583701647368
23822,0.6038888888888888,0,1,0,494908,110702,54397,53559,1.0254362888584239,0.32606035516647286
23823,0.6038888888888889,0,1,0,494909,110701,54397,53559,1.0254270258253362,0.32606234019237795
23824,0.6039444444444444,1,1,1,494910,110700,54398,53558,1.0254177627922487,0.3260602223331588
23825,0.6039444444444445,0,2,0,494912,110698,54398,53558,1.0253992367260736,0.32606419248003116
23826,0.6039880952380952,0,1,0,494913,110697,54398,53558,1.0253899736929861,0.3260661775897233
23827,0.6039999999999999,0,2,0,494915,110695,54398,53558,1.025371447626811,0.32607014788162164
23828,0.604,16,88,16,495003,110607,54414,53542,1.0245563007151062,0.3261792639614009
23829,0.6040000000000001,1,4,1,495007,110603,54415,53541,1.024519248582756,0.3261831075153524
23830,0.6040238095238096,0,1,0,495008,110602,54415,53541,1.0245099855496684,0.3261850947040081
23831,0.6040476190476189,0,2,0,495010,110600,54415,53541,1.0244914594834933,0.3261890691539591
23832,0.604047619047619,1,1,1,495011,110599,54416,53540,1.0244821964504056,0.3261869513034684
23833,0.6040833333333332,0,1,0,495012,110598,54416,53540,1.0244729334173182,0.3261889385760762
23834,0.6040833333333333,1,0,1,495012,110598,54417,53539,1.0244729334173182,0.32618483340136595
23835,0.604107142857143,0,1,0,495013,110597,54417,53539,1.0244636703842307,0.3261868206852854
23836,0.6041190476190476,0,1,0,495014,110596,54417,53539,1.024454407351143,0.32618880799342004
23837,0.6041666666666665,0,2,0,495016,110594,54417,53539,1.0244358812849679,0.32619278268233687
23838,0.6041666666666666,13,55,13,495071,110539,54430,53526,1.0239264144651525,0.326248742876299
23839,0.6041666666666667,7,21,7,495092,110518,54437,53519,1.023731890770314,0.3262617580180081
23840,0.6041904761904763,0,1,0,495093,110517,54437,53519,1.0237226277372262,0.3262637469823697
23841,0.6041984126984127,0,1,0,495094,110516,54437,53519,1.0237133647041388,0.3262657359709818
23842,0.6042261904761904,0,2,0,495096,110514,54437,53519,1.0236948386379636,0.3262697140209592
23843,0.6042619047619049,0,1,0,495097,110513,54437,53519,1.0236855756048762,0.3262717030823254
23844,0.6042857142857142,0,2,0,495099,110511,54437,53519,1.023667049538701,0.32627568127781503
23845,0.6042857142857143,3,5,3,495104,110506,54440,53516,1.0236207343732633,0.32627330480057554
23846,0.6043333333333333,1,9,1,495113,110497,54441,53515,1.0235373670754753,0.3262871009438334
23847,0.6043333333333334,5,15,5,495128,110482,54446,53510,1.0233984215791618,0.3262964047026684
23848,0.6043571428571429,0,1,0,495129,110481,54446,53510,1.0233891585460744,0.32629839442408426
23849,0.6044444444444445,0,2,0,495131,110479,54446,53510,1.0233706324798992,0.32630237393971545
23850,0.6044999999999999,0,4,0,495135,110475,54446,53510,1.023333580347549,0.3263103332621886
23851,0.6045,2,9,2,495144,110466,54448,53508,1.023250213049761,0.32632002634564017
23852,0.6045000000000001,1,0,1,495144,110466,54449,53507,1.023250213049761,0.32631591786452646
23853,0.6045238095238095,0,4,0,495148,110462,54449,53507,1.0232131609174109,0.3263238782940678
23854,0.6045238095238096,1,1,1,495149,110461,54450,53506,1.0232038978843232,0.32632175986631456
23855,0.6045357142857143,0,1,0,495150,110460,54450,53506,1.0231946348512357,0.3263237500457412
23856,0.6045833333333333,1,0,1,495150,110460,54451,53505,1.0231946348512357,0.32631964138688135
23857,0.6045833333333334,2,0,2,495150,110460,54453,53503,1.0231946348512357,0.32631142391881096
23858,0.6046031746031746,0,2,0,495152,110458,54453,53503,1.0231761087850606,0.32631540427296735
23859,0.6046428571428571,2,2,2,495154,110456,54455,53501,1.0231575827188855,0.32631116695231066
23860,0.6046666666666666,4,7,4,495161,110449,54459,53497,1.0230927414872726,0.32630866260841984
23861,0.6046666666666667,4,19,4,495180,110430,54463,53493,1.022916743858609,0.3263300452041507
23862,0.6046666666666668,0,1,0,495181,110429,54463,53493,1.0229074808255214,0.3263320359683264
23863,0.604670634920635,1,0,1,495181,110429,54464,53492,1.0229074808255214,0.32632792625716045
23864,0.6047070707070707,0,3,0,495184,110426,54464,53492,1.0228796917262588,0.3263338986566454
23865,0.6047142857142858,1,0,1,495184,110426,54465,53491,1.0228796917262588,0.32632978885655545
23866,0.6047222222222222,0,1,0,495185,110425,54465,53491,1.0228704286931714,0.32633177969203736
23867,0.60475,0,1,0,495186,110424,54465,53491,1.0228611656600837,0.3263337705518104
23868,0.6047619047619047,0,1,0,495187,110423,54465,53491,1.0228519026269962,0.3263357614358749
23869,0.6047857142857143,0,1,0,495188,110422,54465,53491,1.0228426395939085,0.3263377523442314
23870,0.6047976190476191,0,1,0,495189,110421,54465,53491,1.022833376560821,0.32633974327688026
23871,0.6048021978021978,1,0,1,495189,110421,54466,53490,1.022833376560821,0.32633563336200744
23872,0.6048333333333332,1,4,1,495193,110417,54467,53489,1.0227963244284708,0.3263394872670921
23873,0.6048333333333333,4,5,4,495198,110412,54471,53485,1.022750009263033,0.3263330018243165
23874,0.6048333333333334,0,2,0,495200,110410,54471,53485,1.022731483196858,0.3263369840446627
23875,0.6048354978354977,0,1,0,495201,110409,54471,53485,1.0227222201637705,0.3263389751912822
23876,0.6048412698412698,1,0,1,495201,110409,54472,53484,1.0227222201637705,0.3263348648203401
23877,0.6048809523809525,0,1,0,495202,110408,54472,53484,1.0227129571306828,0.3263368559783272
23878,0.6049047619047618,0,1,0,495203,110407,54472,53484,1.0227036940975953,0.32633884716061284
23879,0.6049166666666667,0,2,0,495205,110405,54472,53484,1.0226851680314202,0.32634282959808164
23880,0.604952380952381,1,1,1,495206,110404,54473,53483,1.0226759049983327,0.32634071036750933
23881,0.605,207,726,207,495932,109678,54680,53276,1.0159509429767684,0.32693889072989923
23882,0.6050000000000001,3,16,3,495948,109662,54683,53273,1.0158027344473675,0.32695860312394515
23883,0.6050064102564102,1,1,1,495949,109661,54684,53272,1.01579347141428,0.32695647904353325
23884,0.6050238095238096,0,3,0,495952,109658,54684,53272,1.0157656823150172,0.32696249923279935
23885,0.605047619047619,0,1,0,495953,109657,54684,53272,1.0157564192819297,0.3269645060118211
23886,0.6051136363636364,1,0,1,495953,109657,54685,53271,1.0157564192819297,0.32696037513502896
23887,0.6051428571428571,0,1,0,495954,109656,54685,53271,1.015747156248842,0.3269623819256477
23888,0.6051428571428572,0,1,0,495955,109655,54685,53271,1.0157378932157546,0.3269643887409008
23889,0.6051666666666666,2,13,2,495968,109642,54687,53269,1.0156174737856163,0.32698221728428406
23890,0.6051666666666667,0,3,0,495971,109639,54687,53269,1.0155896846863537,0.3269882387605274
23891,0.6051666666666669,1,1,1,495972,109638,54688,53268,1.0155804216532662,0.3269861146919082
23892,0.6052142857142856,0,2,0,495974,109636,54688,53268,1.015561895587091,0.3269901291558218
23893,0.6052619047619048,0,1,0,495975,109635,54688,53268,1.0155526325540034,0.32699213642474356
23894,0.6052857142857142,0,1,0,495976,109634,54688,53268,1.015543369520916,0.32699414371830915
23895,0.6052857142857143,1,0,1,495976,109634,54689,53267,1.015543369520916,0.32699001233878244
23896,0.6053095238095237,0,1,0,495977,109633,54689,53267,1.0155341064878283,0.32699201964395336
23897,0.6053333333333333,4,8,4,495985,109625,54693,53263,1.015460002223128,0.3269915524777761
23898,0.6053333333333334,1,7,1,495992,109618,54694,53262,1.015395160991515,0.32700147347740666
23899,0.6053571428571428,0,1,0,495993,109617,54694,53262,1.0153858979584276,0.32700348111174554
23900,0.6053571428571429,0,1,0,495994,109616,54694,53262,1.01537663492534,0.3270054887707364
23901,0.6053809523809524,0,1,0,495995,109615,54694,53262,1.0153673718922525,0.3270074964543797
23902,0.6054047619047619,0,2,0,495997,109613,54694,53262,1.0153488458260773,0.3270115118956255
23903,0.6054166666666666,1,1,1,495998,109612,54695,53261,1.0153395827929896,0.32700938768242743
23904,0.6054166666666667,0,2,0,496000,109610,54695,53261,1.0153210567268147,0.3270134032455133
23905,0.6054761904761904,0,3,0,496003,109607,54695,53261,1.015293267627552,0.3270194267750571
23906,0.6054801587301587,0,1,0,496004,109606,54695,53261,1.0152840045944644,0.32702143466755085
23907,0.6054999999999999,3,5,3,496009,109601,54698,53258,1.0152376894290267,0.32701907785262097
23908,0.6055,1,3,1,496012,109598,54699,53257,1.0152099003297639,0.32702096957416105
23909,0.6055000000000001,0,1,0,496013,109597,54699,53257,1.0152006372966764,0.32702297763641053
23910,0.6055237262737263,3,2,3,496015,109595,54702,53254,1.0151821112305013,0.32701459634385227
23911,0.6055555555555556,0,2,0,496017,109593,54702,53254,1.0151635851643261,0.32701861256271225
23912,0.6055714285714285,0,1,0,496018,109592,54702,53254,1.0151543221312387,0.32702062070913623
23913,0.605582251082251,1,1,1,496019,109591,54703,53253,1.015145059098151,0.3270184962295203
23914,0.6055833333333334,0,3,0,496022,109588,54703,53253,1.0151172699988884,0.32702452085162825
23915,0.6056666666666666,5,15,5,496037,109573,54708,53248,1.0149783245025752,0.3270339821030457
23916,0.6056666666666667,1,8,1,496045,109565,54709,53247,1.0149042202378746,0.32704591799130284
23917,0.6057142857142856,4,10,4,496055,109555,54713,53243,1.0148115899069992,0.3270494723522402
23918,0.6057142857142858,1,0,1,496055,109555,54714,53242,1.0148115899069992,0.3270453386733171
23919,0.6057301587301588,1,1,1,496056,109554,54715,53241,1.0148023268739117,0.32704321385791946
23920,0.6058095238095238,0,1,0,496057,109553,54715,53241,1.014793063840824,0.32704522279690895
23921,0.6058333333333332,0,1,0,496058,109552,54715,53241,1.0147838008077366,0.32704723176057937
23922,0.6058333333333333,23,89,23,496147,109463,54738,53218,1.013959390862944,0.32713101099698183
23923,0.6058333333333334,1,2,1,496149,109461,54739,53217,1.0139408647967691,0.3271308966178586
23924,0.6058717948717949,0,1,0,496150,109460,54739,53217,1.0139316017636815,0.3271329075407095
23925,0.6059285714285715,1,0,1,496150,109460,54740,53216,1.0139316017636815,0.3271287713000074
23926,0.6059523809523809,0,4,0,496154,109456,54740,53216,1.0138945496313312,0.3271368151863873
23927,0.605952380952381,0,5,0,496159,109451,54740,53216,1.0138482344658934,0.327146870600675
23928,0.6059761904761904,1,2,1,496161,109449,54741,53215,1.0138297083997183,0.327146756504205
23929,0.6059761904761906,1,2,1,496163,109447,54742,53214,1.0138111823335434,0.32714664240352637
23930,0.606,15,90,15,496253,109357,54757,53199,1.0129775093556634,0.32726568075001844
23931,0.6060000000000001,0,3,0,496256,109354,54757,53199,1.0129497202564008,0.3272717206080478
23932,0.6060238095238095,0,2,0,496258,109352,54757,53199,1.0129311941902257,0.32727574730392306
23933,0.606031746031746,1,4,1,496262,109348,54758,53198,1.0128941420578754,0.3272796623724976
23934,0.6060714285714286,0,1,0,496263,109347,54758,53198,1.012884879024788,0.32728167584361256
23935,0.606111111111111,0,1,0,496264,109346,54758,53198,1.0128756159917003,0.3272836893395019
23936,0.6061190476190476,0,3,0,496267,109343,54758,53198,1.0128478268924377,0.3272897299758215
23937,0.6061363636363636,0,1,0,496268,109342,54758,53198,1.01283856385935,0.32729174357081336
23938,0.6061666666666666,0,8,0,496276,109334,54758,53198,1.0127644595946497,0.32730785322274997
23939,0.6061666666666667,1,5,1,496281,109329,54759,53197,1.012718144429212,0.32731378364077135
23940,0.6061904761904762,0,1,0,496282,109328,54759,53197,1.0127088813961242,0.32731579756960466
23941,0.6061904761904763,0,1,0,496283,109327,54759,53197,1.0126996183630368,0.3273178115232212
23942,0.6062142857142857,0,1,0,496284,109326,54759,53197,1.0126903553299493,0.3273198255016213
23943,0.6062261904761904,0,1,0,496285,109325,54759,53197,1.0126810922968617,0.3273218395048055
23944,0.60625,1,2,1,496287,109323,54760,53196,1.0126625662306865,0.32732172853635577
23945,0.6062619047619048,1,1,1,496288,109322,54761,53195,1.012653303197599,0.3273196034876351
23946,0.6062857142857143,0,1,0,496289,109321,54761,53195,1.0126440401645114,0.3273216175638091
23947,0.6063095238095237,0,1,0,496290,109320,54761,53195,1.012634777131424,0.3273236316647694
23948,0.6063333333333333,2,17,2,496307,109303,54763,53193,1.0124773055689356,0.327349596297755
23949,0.6063333333333334,1,2,1,496309,109301,54764,53192,1.0124587795027604,0.32734948582400475
23950,0.6063571428571428,0,2,0,496311,109299,54764,53192,1.0124402534365853,0.3273535149639057
23951,0.6063571428571429,0,1,0,496312,109298,54764,53192,1.0124309904034978,0.3273555295710505
23952,0.6063636363636364,0,1,0,496313,109297,54764,53192,1.0124217273704101,0.3273575442029922
23953,0.6063809523809524,1,0,1,496313,109297,54765,53191,1.0124217273704101,0.3273534045591059
23954,0.6064047619047619,0,1,0,496314,109296,54765,53191,1.0124124643373227,0.327355419202767
23955,0.6064166666666667,1,0,1,496314,109296,54766,53190,1.0124124643373227,0.32735127949484877
23956,0.6064285714285714,1,1,1,496315,109295,54767,53189,1.012403201304235,0.3273491543782772
23957,0.6064920634920634,0,1,0,496316,109294,54767,53189,1.0123939382711475,0.32735116904537703
23958,0.6064999999999999,0,1,0,496317,109293,54767,53189,1.0123846752380599,0.3273531837372755
23959,0.6065,3,21,3,496338,109272,54770,53186,1.0121901515432212,0.3273830774723313
23960,0.606547619047619,0,2,0,496340,109270,54770,53186,1.0121716254770463,0.3273871078938297
23961,0.6065627705627705,0,1,0,496341,109269,54770,53186,1.0121623624439586,0.32738912314179314
23962,0.6066666666666666,1,4,1,496345,109265,54771,53185,1.0121253103116084,0.32739304401354263
23963,0.6066666666666667,120,412,120,496757,108853,54891,53065,1.008308940679536,0.3277276152126385
23964,0.6066731601731602,0,2,0,496759,108851,54891,53065,1.008290414613361,0.32773166333160403
23965,0.6066904761904762,0,1,0,496760,108850,54891,53065,1.0082811515802734,0.32773368742858905
23966,0.6067142857142857,0,1,0,496761,108849,54891,53065,1.008271888547186,0.32773571155057624
23967,0.6067142857142858,0,2,0,496763,108847,54891,53065,1.0082533624810108,0.3277397598695588
23968,0.6067261904761905,0,1,0,496764,108846,54891,53065,1.0082440994479231,0.3277417840665551
23969,0.6067761405261406,0,1,0,496765,108845,54891,53065,1.0082348364148357,0.32774380828855537
23970,0.6067857142857143,2,3,2,496768,108842,54893,53063,1.008207047315573,0.3277415768506223
23971,0.6068069985569986,1,4,1,496772,108838,54894,53062,1.0081699951832228,0.3277455219271155
23972,0.6068333333333332,0,1,0,496773,108837,54894,53062,1.0081607321501351,0.3277475463097363
23973,0.6068333333333333,2,14,2,496787,108823,54896,53060,1.0080310496869094,0.32776758523130906
23974,0.6068333333333334,1,0,1,496787,108823,54897,53059,1.0080310496869094,0.327763432623763
23975,0.6068809523809522,1,0,1,496787,108823,54898,53058,1.0080310496869094,0.3277592799649125
23976,0.606904761904762,0,1,0,496788,108822,54898,53058,1.008021786653822,0.32776130467012604
23977,0.6069444444444444,0,1,0,496789,108821,54898,53058,1.0080125236207345,0.3277633294003546
23978,0.606952380952381,0,2,0,496791,108819,54898,53058,1.0079939975545593,0.3277673789358587
23979,0.6069761904761904,0,1,0,496792,108818,54898,53058,1.0079847345214716,0.32776940374113517
23980,0.6069880952380952,0,1,0,496793,108817,54898,53058,1.0079754714883842,0.32777142857142855
23981,0.607,11,31,11,496824,108786,54909,53047,1.00768831746267,0.3277885227364011
23982,0.6070000000000001,2,4,2,496828,108782,54911,53045,1.0076512653303198,0.32778831715350343
23983,0.6070238095238095,0,4,0,496832,108778,54911,53045,1.0076142131979695,0.3277964195448113
23984,0.6070476190476192,0,1,0,496833,108777,54911,53045,1.007604950164882,0.3277984452052255
23985,0.6070714285714286,0,1,0,496834,108776,54911,53045,1.0075956871317944,0.3278004708906755
23986,0.6070833333333332,0,1,0,496835,108775,54911,53045,1.007586424098707,0.3278024966011618
23987,0.6070833333333333,0,3,0,496838,108772,54911,53045,1.0075586349994443,0.32780857388284296
23988,0.6070833333333334,1,0,1,496838,108772,54912,53044,1.0075586349994443,0.3278044198348742
23989,0.6070919913419912,0,1,0,496839,108771,54912,53044,1.0075493719663566,0.32780644563235795
23990,0.6070952380952381,0,1,0,496840,108770,54912,53044,1.0075401089332692,0.3278084714548803
23991,0.6071414141414141,0,1,0,496841,108769,54912,53044,1.0075308459001815,0.3278104973024417
23992,0.6071428571428572,5,7,5,496848,108762,54917,53039,1.0074660046685686,0.3278039072688055
23993,0.6071666666666665,0,1,0,496849,108761,54917,53039,1.0074567416354812,0.32780593325092705
23994,0.6071666666666666,2,6,2,496855,108755,54919,53037,1.0074011634369557,0.3278097804588608
23995,0.6071666666666667,0,1,0,496856,108754,54919,53037,1.0073919004038683,0.3278118065899834
23996,0.6071904761904762,0,2,0,496858,108752,54919,53037,1.0073733743376931,0.32781585892736836
23997,0.6071904761904763,0,1,0,496859,108751,54919,53037,1.0073641113046057,0.3278178851336317
23998,0.6072142857142857,0,1,0,496860,108750,54919,53037,1.007354848271518,0.3278199113649428
23999,0.6072222222222222,1,2,1,496862,108748,54920,53036,1.0073363222053429,0.32781980912822034
24000,0.6072222222222223,0,2,0,496864,108746,54920,53036,1.0073177961391677,0.32782386173987216
24001,0.6072435897435898,1,1,1,496865,108745,54921,53035,1.0073085331060803,0.32782173321795033
24002,0.6072460317460316,0,1,0,496866,108744,54921,53035,1.0072992700729928,0.327823759573245
24003,0.6072857142857143,0,2,0,496868,108742,54921,53035,1.0072807440068177,0.327827812358988
24004,0.6073333333333333,5,13,5,496881,108729,54926,53030,1.0071603245766794,0.3278333817592839
24005,0.6073333333333334,6,24,6,496905,108705,54932,53024,1.0069380117825781,0.3278570942749909
24006,0.6073571428571429,0,1,0,496906,108704,54932,53024,1.0069287487494905,0.32785912148793034
24007,0.6073809523809524,1,3,1,496909,108701,54933,53023,1.0069009596502279,0.327861047216245
24008,0.6074285714285714,0,1,0,496910,108700,54933,53023,1.0068916966171404,0.3278630745163026
24009,0.6074404761904761,0,1,0,496911,108699,54933,53023,1.0068824335840527,0.3278651018414316
24010,0.607452380952381,0,2,0,496913,108697,54933,53023,1.0068639075178776,0.32786915656690574
24011,0.6074761904761905,0,2,0,496915,108695,54933,53023,1.0068453814517024,0.32787321139267117
24012,0.6074999999999999,0,6,0,496921,108689,54933,53023,1.0067898032531772,0.32788537647175225
24013,0.6075,70,197,70,497118,108492,55003,52953,1.004964985734929,0.3279940537024993
24014,0.6075238095238096,0,1,0,497119,108491,55003,52953,1.0049557227018415,0.32799608532989766
24015,0.6075432900432901,1,1,1,497120,108490,55004,52952,1.0049464596687538,0.32799395448520213
24016,0.6075595238095238,1,1,1,497121,108489,55005,52951,1.0049371966356664,0.3279918235877106
24017,0.6075714285714287,0,2,0,497123,108487,55005,52951,1.0049186705694912,0.32799588696589405
24018,0.6075833333333334,0,1,0,497124,108486,55005,52951,1.0049094075364038,0.3279979186927408
24019,0.6076111111111111,0,2,0,497126,108484,55005,52951,1.0048908814702286,0.32800198222194693
24020,0.6076190476190475,1,0,1,497126,108484,55006,52950,1.0048908814702286,0.3279978195423517
24021,0.6076190476190476,2,5,2,497131,108479,55008,52948,1.004844566304791,0.32799965309396817
24022,0.6076309523809525,0,2,0,497133,108477,55008,52948,1.0048260402386158,0.3280037168963915
24023,0.6076666666666666,0,4,0,497137,108473,55008,52948,1.0047889881062655,0.32801184480334034
24024,0.6076666666666667,4,18,4,497155,108455,55012,52944,1.0046222535106895,0.3280317721918971
24025,0.607672077922078,0,1,0,497156,108454,55012,52944,1.004612990477602,0.32803380463202764
24026,0.6076994949494948,0,1,0,497157,108453,55012,52944,1.0046037274445145,0.3280358370973438
24027,0.6077142857142858,0,2,0,497159,108451,55012,52944,1.0045852013783394,0.3280399021035348
24028,0.6077222222222222,0,1,0,497160,108450,55012,52944,1.0045759383452517,0.32804193464441056
24029,0.6077380952380952,0,1,0,497161,108449,55012,52944,1.0045666753121643,0.3280439672104738
24030,0.6077380952380953,0,4,0,497165,108445,55012,52944,1.004529623179814,0.32805209772661087
24031,0.60775,0,1,0,497166,108444,55012,52944,1.0045203601467265,0.3280541304186185
24032,0.6077777777777778,0,1,0,497167,108443,55012,52944,1.0045110971136388,0.32805616313581637
24033,0.6077857142857144,0,1,0,497168,108442,55012,52944,1.0045018340805514,0.32805819587820506
24034,0.6078095238095237,0,1,0,497169,108441,55012,52944,1.0044925710474637,0.32806022864578493
24035,0.6078333333333332,2,0,2,497169,108441,55014,52942,1.0044925710474637,0.3280519013774685
24036,0.6078333333333333,0,12,0,497181,108429,55014,52942,1.004381414650413,0.32807629623662243
24037,0.6078571428571429,2,6,2,497187,108423,55016,52940,1.0043258364518879,0.3280801670767152
24038,0.6078809523809524,0,1,0,497188,108422,55016,52940,1.0043165734188002,0.3280822002701999
24039,0.6079166666666667,0,4,0,497192,108418,55016,52940,1.00427952128645,0.32809033329614895
24040,0.6079285714285715,1,2,1,497194,108416,55017,52939,1.004260995220275,0.328090235815438
24041,0.6079999999999999,0,3,0,497197,108413,55017,52939,1.0042332061210122,0.32809633596112847
24042,0.608,20,43,20,497240,108370,55037,52919,1.0038348956982475,0.32810049042402145
24043,0.6080000000000001,1,6,1,497246,108364,55038,52918,1.003779317499722,0.32810853040016863
24044,0.6080238095238095,0,1,0,497247,108363,55038,52918,1.0037700544666346,0.3281105647906449
24045,0.6080476190476191,0,1,0,497248,108362,55038,52918,1.003760791433547,0.3281125992063492
24046,0.6080833333333334,0,1,0,497249,108361,55038,52918,1.0037515284004594,0.32811463364728205
24047,0.6080952380952381,0,1,0,497250,108360,55038,52918,1.003742265367372,0.32811666811344387
24048,0.6081269841269841,0,2,0,497252,108358,55038,52918,1.0037237393011968,0.3281207371214564
24049,0.6081428571428572,0,1,0,497253,108357,55038,52918,1.0037144762681092,0.328122771663308
24050,0.6081666666666666,3,4,3,497257,108353,55041,52915,1.003677424135759,0.3281184115881638
24051,0.6081666666666667,2,7,2,497264,108346,55043,52913,1.0036125829041462,0.32812432174328254
24052,0.6081904761904761,0,1,0,497265,108345,55043,52913,1.0036033198710586,0.32812635652184696
24053,0.6081904761904762,0,1,0,497266,108344,55043,52913,1.003594056837971,0.32812839132564786
24054,0.6082142857142858,0,1,0,497267,108343,55043,52913,1.0035847938048834,0.32813042615468574
24055,0.6082539682539682,0,1,0,497268,108342,55043,52913,1.003575530771796,0.328132461008961
24056,0.6082619047619049,1,1,1,497269,108341,55044,52912,1.0035662677387083,0.3281303293582135
24057,0.6082857142857143,1,0,1,497269,108341,55045,52911,1.0035662677387083,0.32812616277627565
24058,0.6083333333333333,20,82,20,497351,108259,55065,52891,1.0028066990255289,0.3282097424759541
24059,0.6083333333333334,40,138,40,497489,108121,55105,52851,1.0015284004594465,0.32832418060283775
24060,0.6083571428571428,0,4,0,497493,108117,55105,52851,1.0014913483270962,0.32833233934695094
24061,0.6083571428571429,1,3,1,497496,108114,55106,52850,1.0014635592278336,0.3283342859272881
24062,0.6083809523809524,0,1,0,497497,108113,55106,52850,1.001454296194746,0.32833632573945565
24063,0.6084004606504605,0,1,0,497498,108112,55106,52850,1.0014450331616584,0.3283383655769685
24064,0.6084285714285714,0,2,0,497500,108110,55106,52850,1.0014265070954833,0.3283424453280318
24065,0.6084848484848484,0,1,0,497501,108109,55106,52850,1.0014172440623959,0.3283444852415833
24066,0.6084999999999999,1,2,1,497503,108107,55107,52849,1.0013987179962207,0.32834439225626877
24067,0.6085,6,17,6,497520,108090,55113,52843,1.0012412464337324,0.32835403553031384
24068,0.6085714285714285,0,1,0,497521,108089,55113,52843,1.0012319834006447,0.32835607585812643
24069,0.6085714285714287,0,1,0,497522,108088,55113,52843,1.0012227203675572,0.3283581162112955
24070,0.6086111111111111,2,2,2,497524,108086,55115,52841,1.001204194301382,0.32835384988224475
24071,0.6086666666666666,1,1,1,497525,108085,55116,52840,1.0011949312682944,0.32835171663818546
24072,0.6086666666666667,2,17,2,497542,108068,55118,52838,1.001037459705806,0.32837805923955604
24073,0.6086904761904761,0,1,0,497543,108067,55118,52838,1.0010281966727186,0.32838010005904106
24074,0.6086904761904762,0,1,0,497544,108066,55118,52838,1.001018933639631,0.328382140903893
24075,0.6087380952380953,0,2,0,497546,108064,55118,52838,1.0010004075734558,0.3283862226696996
24076,0.60875,0,4,0,497550,108060,55118,52838,1.0009633554411057,0.32839438650573655
24077,0.6087619047619048,0,1,0,497551,108059,55118,52838,1.000954092408018,0.3283964275281702
24078,0.6088095238095239,0,1,0,497552,108058,55118,52838,1.0009448293749306,0.32839846857597454
24079,0.6088333333333332,2,3,2,497555,108055,55120,52836,1.000917040275668,0.3283962434194579
24080,0.6088333333333333,0,5,0,497560,108050,55120,52836,1.00087072511023,0.32840644928707285
24081,0.6088333333333334,0,1,0,497561,108049,55120,52836,1.0008614620771425,0.3284084905367188
24082,0.6088571428571429,0,1,0,497562,108048,55120,52836,1.000852199044055,0.3284105318117401
24083,0.6088809523809523,0,1,0,497563,108047,55120,52836,1.0008429360109674,0.3284125731121374
24084,0.6089166666666667,0,1,0,497564,108046,55120,52836,1.00083367297788,0.32841461443791103
24085,0.6089166666666668,0,1,0,497565,108045,55120,52836,1.0008244099447923,0.3284166557890615
24086,0.6089523809523809,0,2,0,497567,108043,55120,52836,1.0008058838786171,0.3284207385674948
24087,0.6089999999999999,0,2,0,497569,108041,55120,52836,1.0007873578124422,0.32842482144744123
24088,0.609,14,41,14,497610,108000,55134,52822,1.0004075734558524,0.3284500876745719
24089,0.6090000000000001,0,10,0,497620,107990,55134,52822,1.000314943124977,0.3284705121508345
24090,0.6090238095238096,0,1,0,497621,107989,55134,52822,1.0003056800918892,0.3284725547381709
24091,0.6090476190476191,0,1,0,497622,107988,55134,52822,1.0002964170588018,0.328474597350911
24092,0.6090476190476192,0,1,0,497623,107987,55134,52822,1.000287154025714,0.32847663998905535
24093,0.6090555555555556,1,0,1,497623,107987,55135,52821,1.000287154025714,0.3284724640565146
24094,0.6090952380952381,1,4,1,497627,107983,55136,52820,1.000250101893364,0.32847645877253534
24095,0.6091190476190477,0,1,0,497628,107982,55136,52820,1.0002408388602764,0.32847850151117525
24096,0.6091666666666665,0,1,0,497629,107981,55136,52820,1.000231575827189,0.32848054427522216
24097,0.6091666666666666,20,58,20,497687,107923,55156,52800,0.9996943199081108,0.3285155204917778
24098,0.6091666666666667,7,34,7,497721,107889,55163,52793,0.9993793767831338,0.3285557809835576
24099,0.6091904761904762,1,2,1,497723,107887,55164,52792,0.9993608507169588,0.32855569178299593
24100,0.6092142857142856,0,2,0,497725,107885,55164,52792,0.9993423246507837,0.3285597814248461
24101,0.6092142857142857,0,1,0,497726,107884,55164,52792,0.9993330616176961,0.3285618262839503
24102,0.6092619047619048,1,3,1,497729,107881,55165,52791,0.9993052725184335,0.3285637821151165
24103,0.6092857142857142,0,1,0,497730,107880,55165,52791,0.9992960094853459,0.32856582706275556
24104,0.6092857142857143,0,1,0,497731,107879,55165,52791,0.9992867464522583,0.32856787203584986
24105,0.6093095238095237,1,0,1,497731,107879,55166,52790,0.9992867464522583,0.32856369305839955
24106,0.6093333333333333,8,8,8,497739,107871,55174,52782,0.9992126421875579,0.3285466191107542
24107,0.6093333333333334,3,24,3,497763,107847,55177,52779,0.9989903293934566,0.3285831683538157
24108,0.6093809523809524,0,1,0,497764,107846,55177,52779,0.998981066360369,0.3285852140077821
24109,0.6094285714285714,0,3,0,497767,107843,55177,52779,0.9989532772611064,0.32859135112251125
24110,0.6094444444444445,1,1,1,497768,107842,55178,52778,0.9989440142280188,0.3285892167849583
24111,0.6094761904761904,0,2,0,497770,107840,55178,52778,0.9989254881618437,0.3285933083465116
24112,0.6095,0,8,0,497778,107832,55178,52778,0.9988513838971432,0.32860967561173027
24113,0.6095238095238095,0,3,0,497781,107829,55178,52778,0.9988235947978806,0.32861581375656107
24114,0.6095238095238096,1,1,1,497782,107828,55179,52777,0.9988143317647931,0.32861367952429876
24115,0.609547619047619,1,1,1,497783,107827,55180,52776,0.9988050687317055,0.328611545238881
24116,0.6095595238095237,0,3,0,497786,107824,55180,52776,0.9987772796324429,0.32861768368617683
24117,0.6095952380952381,0,1,0,497787,107823,55180,52776,0.9987680165993553,0.3286197298862384
24118,0.6096190476190476,0,1,0,497788,107822,55180,52776,0.9987587535662678,0.3286217761117822
24119,0.6096363636363636,1,0,1,497788,107822,55181,52775,0.9987587535662678,0.32861759559643083
24120,0.609642857142857,0,1,0,497789,107821,55181,52775,0.9987494905331802,0.32861964183416775
24121,0.6096666666666666,1,8,1,497797,107813,55182,52774,0.9986753862684797,0.328631831966473
24122,0.6096666666666667,3,8,3,497805,107805,55185,52771,0.9986012820037793,0.3286356616181746
24123,0.6096666666666668,0,1,0,497806,107804,55185,52771,0.9985920189706917,0.3286377082360268
24124,0.6096904761904761,0,1,0,497807,107803,55185,52771,0.9985827559376043,0.32863975487937025
24125,0.6096904761904762,0,1,0,497808,107802,55185,52771,0.9985734929045167,0.3286418015482055
24126,0.6096904761904763,0,1,0,497809,107801,55185,52771,0.9985642298714291,0.32864384824253295
24127,0.609747113997114,1,5,1,497814,107796,55186,52770,0.9985179147059914,0.3286499009752999
24128,0.6097481962481963,0,7,0,497821,107789,55186,52770,0.9984530734743785,0.3286642293487129
24129,0.60975,0,3,0,497824,107786,55186,52770,0.9984252843751158,0.3286703704626423
24130,0.6097619047619048,0,1,0,497825,107785,55186,52770,0.9984160213420282,0.3286724175516178
24131,0.6097777777777778,0,1,0,497826,107784,55186,52770,0.9984067583089407,0.3286744646660936
24132,0.6097777777777779,0,2,0,497828,107782,55186,52770,0.9983882322427655,0.3286785589715482
24133,0.6097857142857143,0,1,0,497829,107781,55186,52770,0.9983789692096781,0.3286806061625278
24134,0.6098095238095239,0,1,0,497830,107780,55186,52770,0.9983697061765905,0.32868265337900965
24135,0.6098214285714287,0,1,0,497831,107779,55186,52770,0.9983604431435029,0.3286847006209942
24136,0.6098333333333332,3,4,3,497835,107775,55189,52767,0.9983233910111526,0.32868034533019397
24137,0.6098333333333333,2,9,2,497844,107766,55191,52765,0.9982400237133647,0.3286904087061066
24138,0.6098809523809524,1,0,1,497844,107766,55192,52764,0.9982400237133647,0.3286862268734816
24139,0.6099047619047618,0,1,0,497845,107765,55192,52764,0.9982307606802772,0.32868827439278886
24140,0.6099166666666667,0,1,0,497846,107764,55192,52764,0.9982214976471896,0.3286903219376059
24141,0.6099404761904762,0,1,0,497847,107763,55192,52764,0.998212234614102,0.32869236950793324
24142,0.609952380952381,0,1,0,497848,107762,55192,52764,0.9982029715810145,0.32869441710377134
24143,0.6099722222222222,1,2,1,497850,107760,55193,52763,0.9981844455148394,0.32869433040748053
24144,0.6099999999999999,3,22,3,497872,107738,55196,52760,0.9979806587869132,0.32872683771760397
24145,0.61,547,1967,547,499839,105771,55743,52213,0.9797602727036941,0.3304954932145027
24146,0.6100000000000001,3,12,3,499851,105759,55746,52210,0.9796491163066434,0.3305078844583431
24147,0.6100238095238096,0,1,0,499852,105758,55746,52210,0.9796398532735558,0.3305099767041426
24148,0.6100476190476191,0,1,0,499853,105757,55746,52210,0.9796305902404684,0.33051206897643176
24149,0.6100912698412697,2,1,2,499854,105756,55748,52208,0.9796213272073808,0.3305056848395837
24150,0.6101190476190476,0,1,0,499855,105755,55748,52208,0.9796120641742933,0.33050777713768414
24151,0.6101190476190477,0,2,0,499857,105753,55748,52208,0.9795935381081181,0.330511961813359
24152,0.6101428571428572,0,1,0,499858,105752,55748,52208,0.9795842750750305,0.33051405419093444
24153,0.6101666666666666,5,4,5,499862,105748,55753,52203,0.9795472229426804,0.3305012313945464
24154,0.6101666666666667,0,4,0,499866,105744,55753,52203,0.9795101708103301,0.33050960132196244
24155,0.610185064935065,1,1,1,499867,105743,55754,52202,0.9795009077772426,0.33050745512678464
24156,0.6101969696969697,0,1,0,499868,105742,55754,52202,0.9794916447441551,0.33050954768778806
24157,0.6102380952380951,0,1,0,499869,105741,55754,52202,0.9794823817110675,0.3305116402752892
24158,0.6102380952380954,1,0,1,499869,105741,55755,52201,0.9794823817110675,0.33050740145116564
24159,0.6103333333333333,2,4,2,499873,105737,55757,52199,0.9794453295787172,0.33050729409381013
24160,0.6103333333333334,2,11,2,499884,105726,55759,52197,0.9793434362147542,0.3305218365912502
24161,0.6103571428571428,1,1,1,499885,105725,55760,52196,0.9793341731816666,0.3305196902248593
24162,0.6103571428571429,0,1,0,499886,105724,55760,52196,0.979324910148579,0.33052178318135766
24163,0.6103888888888889,1,0,1,499886,105724,55761,52195,0.979324910148579,0.3305175438041021
24164,0.6104047619047619,0,1,0,499887,105723,55761,52195,0.9793156471154915,0.33051963677351537
24165,0.610404761904762,0,1,0,499888,105722,55761,52195,0.9793063840824039,0.33052172976943583
24166,0.610452380952381,0,1,0,499889,105721,55761,52195,0.9792971210493164,0.33052382279186404
24167,0.6104761904761904,1,2,1,499891,105719,55762,52194,0.9792785949831413,0.3305237694173374
24168,0.6104761904761905,0,2,0,499893,105717,55762,52194,0.9792600689169662,0.3305279556205711
24169,0.6104999999999999,8,22,8,499915,105695,55770,52186,0.97905628218904,0.3305400903211913
24170,0.6105,0,1,0,499916,105694,55770,52186,0.9790470191559524,0.33054218393716744
24171,0.6105000000000002,0,6,0,499922,105688,55770,52186,0.9789914409574271,0.33055474618999964
24172,0.6105238095238095,0,3,0,499925,105685,55770,52186,0.9789636518581645,0.33056102767449375
24173,0.6105357142857143,0,1,0,499926,105684,55770,52186,0.9789543888250769,0.3305631215557104
24174,0.6105714285714285,0,1,0,499927,105683,55770,52186,0.9789451257919893,0.33056521546345385
24175,0.6106190476190476,1,0,1,499927,105683,55771,52185,0.9789451257919893,0.3305609749917653
24176,0.610626984126984,0,2,0,499929,105681,55771,52185,0.9789265997258142,0.33056516285964044
24177,0.6106428571428572,1,1,1,499930,105680,55772,52184,0.9789173366927266,0.33056301626716666
24178,0.6106666666666666,5,24,5,499954,105656,55777,52179,0.9786950238986254,0.3305920740013305
24179,0.6106666666666667,2,6,2,499960,105650,55779,52177,0.9786394457001001,0.33059615908558104
24180,0.6106904761904761,0,4,0,499964,105646,55779,52177,0.9786023935677498,0.33060453799509576
24181,0.6107142857142857,2,4,2,499968,105642,55781,52175,0.9785653414353996,0.33060443424979563
24182,0.6107619047619047,1,0,1,499968,105642,55782,52174,0.9785653414353996,0.33060019262939117
24183,0.6107777777777778,0,1,0,499969,105641,55782,52174,0.9785560784023121,0.33060228748851506
24184,0.6107817460317462,0,2,0,499971,105639,55782,52174,0.9785375523361369,0.3306064772864086
24185,0.6107857142857143,0,1,0,499972,105638,55782,52174,0.9785282893030494,0.3306085722251793
24186,0.6108333333333333,20,79,20,500051,105559,55802,52154,0.9777965096891326,0.33068929003950215
24187,0.6108333333333335,0,2,0,500053,105557,55802,52154,0.9777779836229575,0.33069348365047463
24188,0.6108571428571429,0,1,0,500054,105556,55802,52154,0.97776872058987,0.3306955804958468
24189,0.6108809523809523,0,2,0,500056,105554,55802,52154,0.9777501945236948,0.3306997742663657
24190,0.6109047619047618,0,1,0,500057,105553,55802,52154,0.9777409314906073,0.3307018711915134
24191,0.6109166666666667,0,1,0,500058,105552,55802,52154,0.9777316684575197,0.3307039681432539
24192,0.6109484126984127,0,1,0,500059,105551,55802,52154,0.9777224054244322,0.3307060651215878
24193,0.6109523809523809,0,1,0,500060,105550,55802,52154,0.9777131423913447,0.3307081621265155
24194,0.610952380952381,0,1,0,500061,105549,55802,52154,0.9777038793582571,0.3307102591580376
24195,0.611,17,41,17,500102,105508,55819,52137,0.9773240950016674,0.3307240952773637
24196,0.6110000000000001,0,2,0,500104,105506,55819,52137,0.9773055689354923,0.330728291138839
24197,0.6110238095238095,0,1,0,500105,105505,55819,52137,0.9772963059024047,0.33073038910950125
24198,0.6110357142857143,0,2,0,500107,105503,55819,52137,0.9772777798362295,0.3307345851306775
24199,0.6110714285714285,0,1,0,500108,105502,55819,52137,0.977268516803142,0.3307366831811925
24200,0.6110714285714286,0,1,0,500109,105501,55819,52137,0.9772592537700545,0.33073878125832606
24201,0.611111111111111,0,1,0,500110,105500,55819,52137,0.977249990736967,0.3307408793620787
24202,0.6111120268620269,0,2,0,500112,105498,55819,52137,0.9772314646707918,0.33074507564944333
24203,0.6111190476190478,0,4,0,500116,105494,55819,52137,0.9771944125384416,0.33075346854362403
24204,0.6111309523809524,0,2,0,500118,105492,55819,52137,0.9771758864722665,0.3307576651504482
24205,0.6111666666666666,5,7,5,500125,105485,55824,52132,0.9771110452406536,0.3307511245614369
24206,0.6111904761904762,0,4,0,500129,105481,55824,52132,0.9770739931083033,0.33075951856763086
24207,0.6112142857142857,0,2,0,500131,105479,55824,52132,0.9770554670421283,0.33076371573050106
24208,0.6112380952380952,0,1,0,500132,105478,55824,52132,0.9770462040090407,0.33076581435188124
24209,0.61125,0,7,0,500139,105471,55824,52132,0.9769813627774279,0.3307805054472313
24210,0.6112500000000001,0,1,0,500140,105470,55824,52132,0.9769720997443403,0.33078260428167156
24211,0.6112619047619048,1,1,1,500141,105469,55825,52131,0.9769628367112527,0.3307804568527919
24212,0.6113095238095237,0,1,0,500142,105468,55825,52131,0.9769535736781652,0.3307825557268764
24213,0.6113333333333333,3,26,3,500168,105442,55828,52128,0.9767127348178888,0.3308243955067589
24214,0.6113333333333334,0,2,0,500170,105440,55828,52128,0.9766942087517136,0.3308285946385053
24215,0.6113571428571428,0,1,0,500171,105439,55828,52128,0.9766849457186261,0.3308306942443532
24216,0.6113571428571429,0,2,0,500173,105437,55828,52128,0.976666419652451,0.33083489353600104
24217,0.6113809523809524,0,1,0,500174,105436,55828,52128,0.9766571566193635,0.33083699322180193
24218,0.6114047619047619,0,1,0,500175,105435,55828,52128,0.9766478935862759,0.3308390929342549
24219,0.611407967032967,0,1,0,500176,105434,55828,52128,0.9766386305531883,0.3308411926733603
24220,0.6114166666666666,0,3,0,500179,105431,55828,52128,0.9766108414539256,0.33084749205059694
24221,0.6114285714285714,4,2,4,500181,105429,55832,52124,0.9765923153877506,0.3308347032427183
24222,0.6114444444444445,0,1,0,500182,105428,55832,52124,0.976583052354663,0.3308368030872347
24223,0.6114999999999999,3,20,3,500202,105408,55835,52121,0.976397791692912,0.3308660627566988
24224,0.6115,3,7,3,500209,105401,55838,52118,0.9763329504612991,0.3308680222703293
24225,0.6115357142857144,0,2,0,500211,105399,55838,52118,0.976314424395124,0.33087222331557864
24226,0.6115396825396826,1,2,1,500213,105397,55839,52117,0.9762958983289488,0.33087217644145916
24227,0.611547619047619,1,0,1,500213,105397,55840,52116,0.9762958983289488,0.33086792836146856
24228,0.6115476190476191,0,1,0,500214,105396,55840,52116,0.9762866352958612,0.3308700289501752
24229,0.6115952380952382,0,1,0,500215,105395,55840,52116,0.9762773722627737,0.3308721295655542
24230,0.6116111111111112,0,1,0,500216,105394,55840,52116,0.9762681092296862,0.33087423020760587
24231,0.6116428571428572,2,0,2,500216,105394,55842,52114,0.9762681092296862,0.33086573380399725
24232,0.6116666666666666,1,2,1,500218,105392,55843,52113,0.9762495831635111,0.3308656868035935
24233,0.6116666666666667,62,221,62,500439,105171,55905,52051,0.9742024528511616,0.3310668990344863
24234,0.6116904761904762,0,1,0,500440,105170,55905,52051,0.974193189818074,0.3310690047767156
24235,0.6117142857142857,0,1,0,500441,105169,55905,52051,0.9741839267849864,0.3310711105457321
24236,0.6117499999999999,0,1,0,500442,105168,55905,52051,0.9741746637518989,0.3310732163415363
24237,0.61175,0,1,0,500443,105167,55905,52051,0.9741654007188114,0.33107532216412877
24238,0.6118333333333333,2,5,2,500448,105162,55907,52049,0.9741190855533736,0.33107734191627813
24239,0.6118809523809524,0,1,0,500449,105161,55907,52049,0.974109822520286,0.3310794478722728
24240,0.6118888888888889,0,1,0,500450,105160,55907,52049,0.9741005594871985,0.33108155385505916
24241,0.6118904151404151,1,2,1,500452,105158,55908,52048,0.9740820334210234,0.3310815108838085
24242,0.611904761904762,0,2,0,500454,105156,55908,52048,0.9740635073548483,0.33108572300959266
24243,0.6119523809523809,1,2,1,500456,105154,55909,52047,0.9740449812886731,0.3310856801165387
24244,0.6119999999999999,0,1,0,500457,105153,55909,52047,0.9740357182555857,0.331087786259542
24245,0.612,15,35,15,500492,105118,55924,52032,0.9737115120975212,0.331097677378301
24246,0.6120238095238095,0,2,0,500494,105116,55924,52032,0.9736929860313461,0.3311018912108331
24247,0.6120342712842712,1,0,1,500494,105116,55925,52031,0.9736929860313461,0.33109763469872155
24248,0.6120476190476191,0,1,0,500495,105115,55925,52031,0.9736837229982586,0.33109974164153083
24249,0.6120555555555554,0,1,0,500496,105114,55925,52031,0.973674459965171,0.3311018486111553
24250,0.6120555555555555,1,0,1,500496,105114,55926,52030,0.973674459965171,0.3310975920175126
24251,0.6120833333333333,0,1,0,500497,105113,55926,52030,0.9736651969320834,0.33109969900027364
24252,0.6121428571428571,2,4,2,500501,105109,55928,52028,0.9736281447997333,0.3310996137128748
24253,0.6121666666666666,0,9,0,500510,105100,55928,52028,0.9735447775019452,0.3311185784837839
24254,0.6122142857142857,2,1,2,500511,105099,55930,52026,0.9735355144688577,0.33111217183770886
24255,0.6122222222222222,0,1,0,500512,105098,55930,52026,0.9735262514357701,0.33111427916804564
24256,0.6122222222222223,1,1,1,500513,105097,55931,52025,0.9735169884026825,0.3311121294280877
24257,0.6122619047619048,1,0,1,500513,105097,55932,52024,0.9735169884026825,0.3311078722767803
24258,0.6122777777777777,0,1,0,500514,105096,55932,52024,0.9735077253695951,0.3311099796334012
24259,0.6122857142857143,0,1,0,500515,105095,55932,52024,0.9734984623365075,0.3311120870168471
24260,0.6123091908091908,2,6,2,500521,105089,55934,52022,0.9734428841379822,0.331116217196759
24261,0.6123095238095239,0,1,0,500522,105088,55934,52022,0.9734336211048946,0.3311183247406276
24262,0.6123333333333332,0,1,0,500523,105087,55934,52022,0.973424358071807,0.33112043231132526
24263,0.6123333333333333,3,9,3,500532,105078,55937,52019,0.973340990774019,0.3311266287707595
24264,0.6123333333333334,5,20,5,500552,105058,55942,52014,0.973155730112268,0.33114749923601916
24265,0.6123752358752358,1,0,1,500552,105058,55943,52013,0.973155730112268,0.33114324095472747
24266,0.6123809523809524,0,3,0,500555,105055,55943,52013,0.9731279410130053,0.33114956579315963
24267,0.612452380952381,1,0,1,500555,105055,55944,52012,0.9731279410130053,0.33114530741658016
24268,0.6124862914862914,0,1,0,500556,105054,55944,52012,0.9731186779799177,0.33114741573606
24269,0.6124999999999999,1,2,1,500558,105052,55945,52011,0.9731001519137427,0.3311473739836881
24270,0.6125,58,222,58,500780,104830,56003,51953,0.9710437585683056,0.3313688346313057
24271,0.6125476190476191,0,1,0,500781,104829,56003,51953,0.971034495535218,0.33137094819558366
24272,0.6126187423687423,1,5,1,500786,104824,56004,51952,0.9709881803697803,0.3313772516201459
24273,0.6126190476190476,2,0,2,500786,104824,56006,51950,0.9709881803697803,0.33136872185438915
24274,0.6126666666666666,1,3,1,500789,104821,56007,51949,0.9709603912705176,0.33137079798430824
24275,0.6126666666666667,6,29,6,500818,104792,56013,51943,0.9706917633109785,0.33140651417998535
24276,0.6126666666666668,1,0,1,500818,104792,56014,51942,0.9706917633109785,0.3314022483953705
24277,0.6127142857142855,0,4,0,500822,104788,56014,51942,0.9706547111786283,0.331410706310215
24278,0.6127380952380953,0,1,0,500823,104787,56014,51942,0.9706454481455408,0.3314128208563827
24279,0.6127619047619047,0,2,0,500825,104785,56014,51942,0.9706269220793656,0.3314170500296694
24280,0.6127777777777778,1,1,1,500826,104784,56015,51941,0.9706176590462781,0.3314148987079279
24281,0.6128333333333333,0,16,0,500842,104768,56015,51941,0.9704694505168773,0.3314487361925607
24282,0.6128571428571429,0,6,0,500848,104762,56015,51941,0.970413872318352,0.33146142703075243
24283,0.6128874458874458,0,1,0,500849,104761,56015,51941,0.9704046092852644,0.331463542264936
24284,0.6128928571428571,0,1,0,500850,104760,56015,51941,0.9703953462521768,0.3314656575261166
24285,0.612904761904762,0,1,0,500851,104759,56015,51941,0.9703860832190893,0.33146777281429485
24286,0.6129166666666667,1,2,1,500853,104757,56016,51940,0.9703675571529141,0.3314677370977109
24287,0.6129444444444444,0,1,0,500854,104756,56016,51940,0.9703582941198265,0.3314698524531577
24288,0.6129523809523809,0,3,0,500857,104753,56016,51940,0.970330505020564,0.3314761986814982
24289,0.612952380952381,0,1,0,500858,104752,56016,51940,0.9703212419874764,0.3314783141449468
24290,0.6129545454545454,0,1,0,500859,104751,56016,51940,0.9703119789543888,0.33148042963539703
24291,0.6129999999999999,0,2,0,500861,104749,56016,51940,0.9702934528882137,0.33148466069730487
24292,0.613,13,47,13,500908,104702,56029,51927,0.9698580903330987,0.33152864412082056
24293,0.6130238095238095,0,1,0,500909,104701,56029,51927,0.9698488273000111,0.3315307607835125
24294,0.6130416666666667,0,1,0,500910,104700,56029,51927,0.9698395642669235,0.33153287747323257
24295,0.6130714285714285,1,0,1,500910,104700,56030,51926,0.9698395642669235,0.33152860955396934
24296,0.6130714285714286,0,4,0,500914,104696,56030,51926,0.9698025121345734,0.33153707652820164
24297,0.6130833333333333,0,2,0,500916,104694,56030,51926,0.9697839860683982,0.33154131017749966
24298,0.6130833333333334,0,1,0,500917,104693,56030,51926,0.9697747230353106,0.33154342704269596
24299,0.613095238095238,0,1,0,500918,104692,56030,51926,0.9697654600022231,0.33154554393492447
24300,0.6130952380952381,0,2,0,500920,104690,56030,51926,0.969746933936048,0.33154977780048017
24301,0.613111111111111,1,0,1,500920,104690,56031,51925,0.969746933936048,0.33154550968936564
24302,0.6131280532333165,1,5,1,500925,104685,56032,51924,0.9697006187706102,0.3315518265233799
24303,0.6131428571428572,1,2,1,500927,104683,56033,51923,0.9696820927044352,0.33155179239620447
24304,0.613154761904762,0,1,0,500928,104682,56033,51923,0.9696728296713476,0.3315539095175761
24305,0.6131666666666665,0,2,0,500930,104680,56033,51923,0.9696543036051725,0.33155814384143345
24306,0.6131666666666666,2,3,2,500933,104677,56035,51921,0.9696265145059099,0.33155595856907494
24307,0.6131666666666667,2,8,2,500941,104669,56037,51919,0.9695524102412094,0.33156435997649886
24308,0.6131746031746032,0,1,0,500942,104668,56037,51919,0.9695431472081218,0.3315664774214973
24309,0.6132023809523809,0,1,0,500943,104667,56037,51919,0.9695338841750343,0.3315685948935409
24310,0.6132142857142857,0,1,0,500944,104666,56037,51919,0.9695246211419467,0.3315707123926302
24311,0.6132222222222222,0,1,0,500945,104665,56037,51919,0.9695153581088591,0.33157282991876563
24312,0.6132857142857143,1,1,1,500946,104664,56038,51918,0.9695060950757716,0.33157067862206385
24313,0.6133333333333332,0,1,0,500947,104663,56038,51918,0.9694968320426841,0.3315727961885542
24314,0.6133333333333333,44,139,44,501086,104524,56082,51874,0.968209270443514,0.33167943324083426
24315,0.6133333333333334,79,271,79,501357,104253,56161,51795,0.9656989884767868,0.33191710243002154
24316,0.6133653846153845,1,0,1,501357,104253,56162,51794,0.9656989884767868,0.3319128211372215
24317,0.6133809523809525,0,1,0,501358,104252,56162,51794,0.9656897254436992,0.3319149481563129
24318,0.6134047619047619,0,1,0,501359,104251,56162,51794,0.9656804624106118,0.3319170752026659
24319,0.6134166666666665,0,1,0,501360,104250,56162,51794,0.9656711993775242,0.331919202276281
24320,0.6134166666666667,0,1,0,501361,104249,56162,51794,0.9656619363444366,0.33192132937715885
24321,0.6134523809523809,1,1,1,501362,104248,56163,51793,0.9656526733113491,0.33191917508859853
24322,0.613452380952381,1,5,1,501367,104243,56164,51792,0.9656063581459113,0.3319255295286314
24323,0.6134523809523811,0,1,0,501368,104242,56164,51792,0.9655970951128238,0.3319276567927503
24324,0.6134761904761905,0,1,0,501369,104241,56164,51792,0.9655878320797362,0.33192978408413604
24325,0.6134999999999999,0,5,0,501374,104236,56164,51792,0.9655415169142985,0.33194042095008586
24326,0.6135,4,17,4,501391,104219,56168,51788,0.96538404535181,0.33195946335741344
24327,0.6135238095238095,1,0,1,501391,104219,56169,51787,0.96538404535181,0.33195518121097906
24328,0.6135238095238096,0,1,0,501392,104218,56169,51787,0.9653747823187224,0.33195730906060705
24329,0.613530303030303,0,1,0,501393,104217,56169,51787,0.9653655192856349,0.3319594369375144
24330,0.6135476190476191,1,0,1,501393,104217,56170,51786,0.9653655192856349,0.3319551547085633
24331,0.6135714285714285,2,0,2,501393,104217,56172,51784,0.9653655192856349,0.331946590085961
24332,0.6135714285714287,0,2,0,501395,104215,56172,51784,0.9653469932194598,0.3319508458387554
24333,0.613595238095238,0,1,0,501396,104214,56172,51784,0.9653377301863723,0.3319529737560738
24334,0.6136190476190476,1,2,1,501398,104212,56173,51783,0.9653192041201971,0.33195294720984647
24335,0.6136190476190478,1,1,1,501399,104211,56174,51782,0.9653099410871095,0.33195079266377336
24336,0.6136666666666666,0,4,0,501403,104207,56174,51782,0.9652728889547594,0.33195930482277597
24337,0.6136666666666667,5,12,5,501415,104195,56179,51777,0.9651617325577087,0.3319634293334701
24338,0.6137212787212787,0,4,0,501419,104191,56179,51777,0.9651246804253585,0.33197194296265903
24339,0.6137380952380952,0,1,0,501420,104190,56179,51777,0.9651154173922709,0.33197407143818886
24340,0.6137380952380953,0,1,0,501421,104189,56179,51777,0.9651061543591833,0.3319761999410128
24341,0.61375,0,3,0,501424,104186,56179,51777,0.9650783652599207,0.33198258561325444
24342,0.6137777777777778,0,1,0,501425,104185,56179,51777,0.9650691022268332,0.33198471422526
24343,0.6137857142857144,0,2,0,501427,104183,56179,51777,0.965050576160658,0.33198897153116186
24344,0.6138095238095238,0,3,0,501430,104180,56179,51777,0.9650227870613954,0.3319953576947492
24345,0.6138095238095239,1,2,1,501432,104178,56180,51776,0.9650042609952203,0.3319953319568591
24346,0.6138333333333332,0,2,0,501434,104176,56180,51776,0.9649857349290452,0.3319995896173181
24347,0.6138333333333333,3,1,3,501435,104175,56183,51773,0.9649764718959576,0.3319888680842332
24348,0.6138571428571429,0,1,0,501436,104174,56183,51773,0.96496720886287,0.3319909969412685
24349,0.6138690476190478,0,2,0,501438,104172,56183,51773,0.964948682796695,0.3319952547372471
24350,0.6138809523809524,0,1,0,501439,104171,56183,51773,0.9649394197636074,0.33199738367619147
24351,0.6138888888888888,0,1,0,501440,104170,56183,51773,0.9649301567305199,0.3319995126424399
24352,0.613952380952381,0,3,0,501443,104167,56183,51773,0.9649023676312571,0.33200589970501476
24353,0.6139761904761906,0,1,0,501444,104166,56183,51773,0.9648931045981696,0.3320080287804847
24354,0.6139999999999999,3,2,3,501446,104164,56186,51770,0.9648745785319945,0.3319994356586761
24355,0.614,19,59,19,501505,104105,56205,51751,0.9643280595798288,0.3320436813468843
24356,0.6140000000000001,0,5,0,501510,104100,56205,51751,0.9642817444143911,0.3320543339471675
24357,0.614047619047619,0,1,0,501511,104099,56205,51751,0.9642724813813035,0.3320564645492461
24358,0.6140476190476191,2,4,2,501515,104095,56207,51749,0.9642354292489532,0.3320564153897487
24359,0.614095238095238,0,1,0,501516,104094,56207,51749,0.9642261662158658,0.3320585461008836
24360,0.6141428571428571,1,0,1,501516,104094,56208,51748,0.9642261662158658,0.3320542600839312
24361,0.6141666666666665,1,3,1,501519,104091,56209,51747,0.9641983771166031,0.33205636622646595
24362,0.6141666666666666,15,55,15,501574,104036,56224,51732,0.9636889102967876,0.332109290740075
24363,0.6141666666666667,11,41,11,501615,103995,56235,51721,0.9633091259401979,0.3321495543168332
24364,0.61425,1,0,1,501615,103995,56236,51720,0.9633091259401979,0.3321452653886909
24365,0.6142619047619048,0,1,0,501616,103994,56236,51720,0.9632998629071103,0.33214739843559343
24366,0.6142738095238095,0,2,0,501618,103992,56236,51720,0.9632813368409352,0.3321516646115906
24367,0.6142857142857143,0,11,0,501629,103981,56236,51720,0.9631794434769722,0.33217513053866066
24368,0.6143095238095239,0,2,0,501631,103979,56236,51720,0.963160917410797,0.33217939742708685
24369,0.6143333333333332,0,1,0,501632,103978,56236,51720,0.9631516543777094,0.3321815309124074
24370,0.6143333333333333,1,7,1,501639,103971,56237,51719,0.9630868131460966,0.33219217676151325
24371,0.6143333333333334,2,14,2,501653,103957,56239,51717,0.9629571306828708,0.33221347174223054
24372,0.614357142857143,0,1,0,501654,103956,56239,51717,0.9629478676497832,0.33221560578905784
24373,0.6143809523809522,0,1,0,501655,103955,56239,51717,0.9629386046166957,0.33221773986330233
24374,0.6143809523809525,1,0,1,501655,103955,56240,51716,0.9629386046166957,0.3322134501609163
24375,0.6144166666666666,1,0,1,501655,103955,56241,51715,0.9629386046166957,0.33220916040341747
24376,0.6144166666666667,0,1,0,501656,103954,56241,51715,0.9629293415836081,0.33221129447738473
24377,0.6144242424242424,0,1,0,501657,103953,56241,51715,0.9629200785505205,0.3322134285787702
24378,0.6144285714285715,0,1,0,501658,103952,56241,51715,0.9629108155174331,0.3322155627075745
24379,0.6144444444444445,0,1,0,501659,103951,56241,51715,0.9629015524843455,0.33221769686379815
24380,0.614452380952381,1,5,1,501664,103946,56242,51714,0.9628552373189077,0.33222407811897725
24381,0.6144761904761905,1,1,1,501665,103945,56243,51713,0.9628459742858202,0.33222192241966364
24382,0.6144999999999999,0,2,0,501667,103943,56243,51713,0.962827448219645,0.3322261910880403
24383,0.6145,2,14,2,501681,103929,56245,51711,0.9626977657564193,0.33224749421742483
24384,0.6145238095238095,0,1,0,501682,103928,56245,51711,0.9626885027233317,0.3322496289490423
24385,0.6145476190476191,0,1,0,501683,103927,56245,51711,0.9626792396902442,0.33225176370809184
24386,0.6145555555555555,0,1,0,501684,103926,56245,51711,0.9626699766571566,0.33225389849457393
24387,0.6145714285714285,0,1,0,501685,103925,56245,51711,0.962660713624069,0.332256033308489
24388,0.6145714285714287,0,1,0,501686,103924,56245,51711,0.9626514505909816,0.3322581681498378
24389,0.6145833333333333,0,2,0,501688,103922,56245,51711,0.9626329245248064,0.3322624379148381
24390,0.6145833333333334,1,1,1,501689,103921,56246,51710,0.9626236614917189,0.33226028233449634
24391,0.6146190476190475,1,0,1,501689,103921,56247,51709,0.9626236614917189,0.33225599177536463
24392,0.6146428571428572,0,3,0,501692,103918,56247,51709,0.9625958723924561,0.3322623966278345
24393,0.6146666666666666,3,10,3,501702,103908,56250,51706,0.9625032420615807,0.33227087537111055
24394,0.6146666666666667,0,7,0,501709,103901,56250,51706,0.9624384008299678,0.33228582261723444
24395,0.6146944444444444,0,1,0,501710,103900,56250,51706,0.9624291377968802,0.3322879580478902
24396,0.6147142857142858,1,2,1,501712,103898,56251,51705,0.9624106117307051,0.3322879378932283
24397,0.6147380952380952,0,1,0,501713,103897,56251,51705,0.9624013486976175,0.3322900733923729
24398,0.6147619047619047,0,2,0,501715,103895,56251,51705,0.9623828226314425,0.3322943444730077
24399,0.6148095238095238,0,1,0,501716,103894,56251,51705,0.9623735595983549,0.3322964800544991
24400,0.6148333333333332,2,5,2,501721,103889,56253,51703,0.9623272444329171,0.33229857576224997
24401,0.6148333333333333,0,6,0,501727,103883,56253,51703,0.9622716662343918,0.3323113904850051
24402,0.6148333333333335,0,2,0,501729,103881,56253,51703,0.9622531401682167,0.3323156622788976
24403,0.6148571428571428,0,1,0,501730,103880,56253,51703,0.9622438771351292,0.33231779821702884
24404,0.6148809523809523,1,6,1,501736,103874,56254,51702,0.9621882989366038,0.33232632282614283
24405,0.6148928571428572,0,2,0,501738,103872,56254,51702,0.9621697728704287,0.3323305950865826
24406,0.6149166666666668,0,1,0,501739,103871,56254,51702,0.9621605098373411,0.3323327312579946
24407,0.6149444444444445,0,1,0,501740,103870,56254,51702,0.9621512468042536,0.33233486745686885
24408,0.6149999999999999,6,20,6,501760,103850,56260,51696,0.9619659861425025,0.332351844470446
24409,0.615,188,699,188,502459,103151,56448,51508,0.9554911260143021,0.3330423706347513
24410,0.6150000000000001,5,18,5,502477,103133,56453,51503,0.9553243914187262,0.3330595721565483
24411,0.615047619047619,0,1,0,502478,103132,56453,51503,0.9553151283856386,0.33306172599993533
24412,0.6150757575757576,0,1,0,502479,103131,56453,51503,0.955305865352551,0.3330638798711797
24413,0.6151111111111112,0,1,0,502480,103130,56453,51503,0.9552966023194635,0.3330660337702819
24414,0.6151190476190476,0,2,0,502482,103128,56453,51503,0.9552780762532884,0.333070341652062
24415,0.6151428571428571,1,0,1,502482,103128,56454,51502,0.9552780762532884,0.3330660285843627
24416,0.6151666666666666,2,14,2,502496,103114,56456,51500,0.9551483937900627,0.3330875599880994
24417,0.6151666666666668,0,4,0,502500,103110,56456,51500,0.9551113416577124,0.33309617747881765
24418,0.6152380952380951,0,2,0,502502,103108,56456,51500,0.9550928155915372,0.33310048639138984
24419,0.6152380952380953,0,2,0,502504,103106,56456,51500,0.9550742895253622,0.33310479541544313
24420,0.61525,0,1,0,502505,103105,56456,51500,0.9550650264922746,0.33310694996927653
24421,0.6152500000000001,2,3,2,502508,103102,56458,51498,0.9550372373930119,0.33310478654592496
24422,0.6152619047619048,0,1,0,502509,103101,56458,51498,0.9550279743599244,0.3331069411833194
24423,0.6152857142857142,0,1,0,502510,103100,56458,51498,0.9550187113268369,0.33310909584858794
24424,0.6153095238095238,0,1,0,502511,103099,56458,51498,0.9550094482937493,0.3331112505417311
24425,0.6153333333333333,4,11,4,502522,103088,56462,51494,0.9549075549297862,0.3331176980502258
24426,0.6153333333333334,1,4,1,502526,103084,56463,51493,0.954870502797436,0.3331220039203763
24427,0.6153571428571428,0,5,0,502531,103079,56463,51493,0.9548241876319982,0.3331327795461015
24428,0.6153888888888889,0,1,0,502532,103078,56463,51493,0.9548149245989107,0.3331349347549023
24429,0.6154166666666666,0,3,0,502535,103075,56463,51493,0.954787135499648,0.33314140054862584
24430,0.615452380952381,0,2,0,502537,103073,56463,51493,0.9547686094334729,0.33314571121721465
24431,0.6154761904761904,1,2,1,502539,103071,56464,51492,0.9547500833672978,0.33314570757555173
24432,0.6154761904761905,2,4,2,502543,103067,56466,51490,0.9547130312349476,0.33314570029180174
24433,0.6154999999999999,2,10,2,502553,103057,56468,51488,0.9546204009040721,0.33315862693713805
24434,0.6155,3,4,3,502557,103053,56471,51485,0.9545833487717218,0.3331543050900102
24435,0.6155238095238095,0,1,0,502558,103052,56471,51485,0.9545740857386342,0.3331564609122734
24436,0.6155238095238096,1,1,1,502559,103051,56472,51484,0.9545648227055467,0.333154301614521
24437,0.6155952380952381,0,2,0,502561,103049,56472,51484,0.9545462966393716,0.3331586133706069
24438,0.6156190476190475,0,1,0,502562,103048,56472,51484,0.9545370336062841,0.3331607692905029
24439,0.6156428571428572,0,3,0,502565,103045,56472,51484,0.9545092445070213,0.33316723721760966
24440,0.6156666666666666,3,16,3,502581,103029,56475,51481,0.9543610359776206,0.33318879036955534
24441,0.6156666666666667,2,9,2,502590,103020,56477,51479,0.9542776686798325,0.33319956763474196
24442,0.6156666666666668,0,2,0,502592,103018,56477,51479,0.9542591426136574,0.3332038809815077
24443,0.6156785714285714,0,1,0,502593,103017,56477,51479,0.9542498795805698,0.3332060376967689
24444,0.6156785714285715,0,3,0,502596,103014,56477,51479,0.9542220904813072,0.33321250801007163
24445,0.6157142857142857,3,12,3,502608,103002,56480,51476,0.9541109340842565,0.33322544310516705
24446,0.6157222222222223,0,1,0,502609,103001,56480,51476,0.9541016710511689,0.33322760022527625
24447,0.6157460317460317,1,0,1,502609,103001,56481,51475,0.9541016710511689,0.3332232838758124
24448,0.6157857142857143,0,1,0,502610,103000,56481,51475,0.9540924080180815,0.33322544100987217
24449,0.6158333333333332,10,33,10,502643,102967,56491,51465,0.9537867279261921,0.33325347078325734
24450,0.6158333333333333,12,46,12,502689,102921,56503,51453,0.9533606284041647,0.33330094445955927
24451,0.6158333333333335,1,1,1,502690,102920,56504,51452,0.9533513653710771,0.33329878475371183
24452,0.6158571428571428,0,1,0,502691,102919,56504,51452,0.9533421023379895,0.33330094383012354
24453,0.6158690476190476,1,1,1,502692,102918,56505,51451,0.953332839304902,0.3332987840822963
24454,0.6158809523809524,1,0,1,502692,102918,56506,51450,0.953332839304902,0.33329446517412936
24455,0.6158928571428571,0,1,0,502693,102917,56506,51450,0.9533235762718144,0.3332966242785051
24456,0.6159126984126985,1,2,1,502695,102915,56507,51449,0.9533050502056394,0.33329662356507994
24457,0.6159175824175824,0,1,0,502696,102914,56507,51449,0.9532957871725518,0.333298782739387
24458,0.6159523809523809,0,2,0,502698,102912,56507,51449,0.9532772611063767,0.33330310117192813
24459,0.616,18,71,18,502769,102841,56525,51431,0.9526195857571603,0.333378707736984
24460,0.6160000000000001,1,1,1,502770,102840,56526,51430,0.9526103227240728,0.3333765476113308
24461,0.616031746031746,0,1,0,502771,102839,56526,51430,0.9526010596909852,0.3333787086193597
24462,0.6160714285714285,0,1,0,502772,102838,56526,51430,0.9525917966578976,0.33338086965540487
24463,0.6161190476190476,1,0,1,502772,102838,56527,51429,0.9525917966578976,0.33337654845171033
24464,0.6161190476190477,0,1,0,502773,102837,56527,51429,0.9525825336248102,0.3333787095017697
24465,0.6161666666666666,0,10,0,502783,102827,56527,51429,0.9524899032939346,0.3334003215434084
24466,0.6161666666666668,3,2,3,502785,102825,56530,51426,0.9524713772277594,0.3333916797946205
24467,0.6161904761904762,1,3,1,502788,102822,56531,51425,0.9524435881284968,0.3333938423437733
24468,0.61625,0,4,0,502792,102818,56531,51425,0.9524065359961466,0.33340248828147795
24469,0.616297619047619,0,1,0,502793,102817,56531,51425,0.952397272963059,0.33340464983597207
24470,0.6163095238095238,0,4,0,502797,102813,56531,51425,0.9523602208307088,0.3334132963342367
24471,0.6163333333333333,5,17,5,502814,102796,56536,51420,0.9522027492682203,0.33342843803496397
24472,0.6163333333333334,0,3,0,502817,102793,56536,51420,0.9521749601689578,0.33343492442271405
24473,0.6163333333333335,0,1,0,502818,102792,56536,51420,0.9521656971358702,0.33343708660804605
24474,0.6163571428571429,0,1,0,502819,102791,56536,51420,0.9521564341027826,0.33343924882142
24475,0.6163809523809524,0,1,0,502820,102790,56536,51420,0.952147171069695,0.33344141106283637
24476,0.6164166666666666,0,1,0,502821,102789,56536,51420,0.9521379080366075,0.3334435733322958
24477,0.6164761904761904,0,1,0,502822,102788,56536,51420,0.9521286450035199,0.33344573562979873
24478,0.6164999999999999,4,11,4,502833,102777,56540,51416,0.9520267516395569,0.3334522319430843
24479,0.6165,0,2,0,502835,102775,56540,51416,0.9520082255733817,0.3334565571271994
24480,0.616547619047619,0,2,0,502837,102773,56540,51416,0.9519896995072067,0.3334608824235192
24481,0.6165595238095238,0,2,0,502839,102771,56540,51416,0.9519711734410315,0.3334652078320481
24482,0.6165714285714285,0,2,0,502841,102769,56540,51416,0.9519526473748564,0.3334695333527905
24483,0.6165833333333334,1,1,1,502842,102768,56541,51415,0.9519433843417688,0.33346737318640834
24484,0.6166428571428572,0,1,0,502843,102767,56541,51415,0.9519341213086813,0.33346953600290563
24485,0.6166666666666666,0,4,0,502847,102763,56541,51415,0.9518970691763311,0.33347818754945585
24486,0.6166666666666667,121,381,121,503228,102382,56662,51294,0.948367853569973,0.33378016085790885
24487,0.6167063492063491,0,1,0,503229,102381,56662,51294,0.9483585905368854,0.3337823328452904
24488,0.61675,0,1,0,503230,102380,56662,51294,0.9483493275037979,0.3337845048609394
24489,0.6167820512820512,0,1,0,503231,102379,56662,51294,0.9483400644707103,0.3337866769048564
24490,0.6167857142857143,1,2,1,503233,102377,56663,51293,0.9483215384045351,0.3337866857551897
24491,0.6167857142857144,0,1,0,503234,102376,56663,51293,0.9483122753714476,0.33378885786983714
24492,0.6168076923076924,0,1,0,503235,102375,56663,51293,0.9483030123383601,0.3337910300127548
24493,0.6168333333333333,1,7,1,503242,102368,56664,51292,0.9482381711067472,0.33380190029936224
24494,0.6168571428571429,0,2,0,503244,102366,56664,51292,0.9482196450405721,0.3338062450376811
24495,0.6169047619047618,1,0,1,503244,102366,56665,51291,0.9482196450405721,0.3338019094476659
24496,0.6169444444444444,0,1,0,503245,102365,56665,51291,0.9482103820074845,0.33380408184516064
24497,0.6169444444444445,0,1,0,503246,102364,56665,51291,0.948201118974397,0.33380625427093163
24498,0.617,15,25,15,503271,102339,56680,51276,0.9479695431472082,0.3337955277804902
24499,0.6170238095238095,0,2,0,503273,102337,56680,51276,0.947951017081033,0.33379987370860537
24500,0.6170476190476192,0,2,0,503275,102335,56680,51276,0.9479324910148579,0.3338042197498877
24501,0.6170555555555556,0,2,0,503277,102333,56680,51276,0.9479139649486827,0.33380856590434155
24502,0.6170833333333333,1,0,1,503277,102333,56681,51275,0.9479139649486827,0.33380422894640904
24503,0.617111111111111,0,1,0,503278,102332,56681,51275,0.9479047019155953,0.3338064020519898
24504,0.6171190476190476,0,1,0,503279,102331,56681,51275,0.9478954388825077,0.33380857518586515
24505,0.6171428571428571,2,5,2,503284,102326,56683,51273,0.9478491237170699,0.333810766997181
24506,0.6171666666666666,2,7,2,503291,102319,56685,51271,0.947784282485457,0.3338173058141806
24507,0.6171666666666668,0,1,0,503292,102318,56685,51271,0.9477750194523695,0.3338194792595824
24508,0.6171856725146199,0,2,0,503294,102316,56685,51271,0.9477564933861944,0.33382382623529333
24509,0.6171944444444446,1,0,1,503294,102316,56686,51270,0.9477564933861944,0.3338194887554855
24510,0.6172142857142856,0,1,0,503295,102315,56686,51270,0.9477472303531068,0.33382166227170623
24511,0.6172142857142857,0,1,0,503296,102314,56686,51270,0.9477379673200192,0.3338238358162309
24512,0.6172222222222221,0,1,0,503297,102313,56686,51270,0.9477287042869317,0.33382600938906
24513,0.6172222222222222,1,0,1,503297,102313,56687,51269,0.9477287042869317,0.3338216718104986
24514,0.6172380952380953,0,1,0,503298,102312,56687,51269,0.9477194412538441,0.3338238453975427
24515,0.61725,1,1,1,503299,102311,56688,51268,0.9477101782207566,0.33382168134966367
24516,0.6172619047619048,1,1,1,503300,102310,56689,51267,0.9477009151876691,0.33381951724542086
24517,0.6172857142857143,0,1,0,503301,102309,56689,51267,0.9476916521545815,0.33382169088920144
24518,0.6173333333333333,9,29,9,503330,102280,56698,51258,0.9474230241950424,0.3338456929229246
24519,0.6173333333333334,0,2,0,503332,102278,56698,51258,0.9474044981288673,0.33385004168403504
24520,0.6173571428571427,0,1,0,503333,102277,56698,51258,0.9473952350957797,0.33385221610707655
24521,0.6173571428571428,1,2,1,503335,102275,56699,51257,0.9473767090296047,0.3338522262459943
24522,0.6173809523809524,1,1,1,503336,102274,56700,51256,0.9473674459965171,0.33385006187715754
24523,0.6174166666666667,0,2,0,503338,102272,56700,51256,0.947348919930342,0.33385441092178625
24524,0.6174285714285714,0,1,0,503339,102271,56700,51256,0.9473396568972544,0.3338565854865919
24525,0.6174444444444444,0,1,0,503340,102270,56700,51256,0.9473303938641668,0.3338587600797259
24526,0.6174999999999999,2,9,2,503349,102261,56702,51254,0.9472470265663789,0.33386965443116307
24527,0.6175,49,205,49,503554,102056,56751,51205,0.9453481047834302,0.3341032617560893
24528,0.6175238095238095,1,1,1,503555,102055,56752,51204,0.9453388417503428,0.33410109683607486
24529,0.6175238095238096,0,1,0,503556,102054,56752,51204,0.9453295787172552,0.33410327682731084
24530,0.6175357142857143,0,1,0,503557,102053,56752,51204,0.9453203156841676,0.33410545684699555
24531,0.6175714285714285,0,2,0,503559,102051,56752,51204,0.9453017896179925,0.3341098169717138
24532,0.6175833333333334,0,1,0,503560,102050,56752,51204,0.9452925265849049,0.3341119970767484
24533,0.6175877455877457,0,2,0,503562,102048,56752,51204,0.9452740005187299,0.3341163573721713
24534,0.6176190476190476,0,1,0,503563,102047,56752,51204,0.9452647374856423,0.33411853756256077
24535,0.6176666666666666,0,1,0,503564,102046,56752,51204,0.9452554744525548,0.33412071778140295
24536,0.6176666666666667,7,30,7,503594,102016,56759,51197,0.9449775834599281,0.33415571785683984
24537,0.6176666666666668,0,2,0,503596,102014,56759,51197,0.944959057393753,0.33416007988982516
24538,0.6176746031746032,0,1,0,503597,102013,56759,51197,0.9449497943606655,0.33416226094902424
24539,0.617690476190476,0,1,0,503598,102012,56759,51197,0.9449405313275779,0.334164442036695
24540,0.6176904761904762,0,1,0,503599,102011,56759,51197,0.9449312682944904,0.33416662315283796
24541,0.6177142857142858,0,2,0,503601,102009,56759,51197,0.9449127422283152,0.3341709854705429
24542,0.6177380952380952,0,1,0,503602,102008,56759,51197,0.9449034791952277,0.334173166672106
24543,0.6177380952380953,0,2,0,503604,102006,56759,51197,0.9448849531290526,0.33417752916065613
24544,0.61775,0,1,0,503605,102005,56759,51197,0.9448756900959651,0.3341797104476443
24545,0.6177857142857143,0,1,0,503606,102004,56759,51197,0.9448664270628775,0.3341818917631086
24546,0.6178095238095238,0,4,0,503610,102000,56759,51197,0.9448293749305272,0.3341906173097384
24547,0.6178333333333333,0,5,0,503615,101995,56759,51197,0.9447830597650895,0.33420152488380594
24548,0.6178571428571429,2,3,2,503618,101992,56761,51195,0.9447552706658268,0.3341993772317494
24549,0.6178809523809524,0,1,0,503619,101991,56761,51195,0.9447460076327393,0.3342015588891935
24550,0.6178809523809525,0,2,0,503621,101989,56761,51195,0.9447274815665642,0.33420592228953416
24551,0.6179047619047618,0,1,0,503622,101988,56761,51195,0.9447182185334766,0.3342081040324318
24552,0.617904761904762,0,1,0,503623,101987,56761,51195,0.944708955500389,0.33421028580381507
24553,0.6179166666666667,2,1,2,503624,101986,56763,51193,0.9446996924673015,0.3342037746688515
24554,0.617936507936508,0,1,0,503625,101985,56763,51193,0.9446904294342139,0.33420595646894463
24555,0.6179761904761905,0,1,0,503626,101984,56763,51193,0.9446811664011264,0.3342081382975251
24556,0.6179999999999999,0,1,0,503627,101983,56763,51193,0.9446719033680389,0.3342103201545934
24557,0.618,7,75,7,503702,101908,56770,51186,0.9439771758864722,0.33434360588919226
24558,0.6180238095238095,0,1,0,503703,101907,56770,51186,0.9439679128533847,0.3343457898140346
24559,0.6180476190476191,1,1,1,503704,101906,56771,51185,0.9439586498202972,0.3343436256866831
24560,0.618095238095238,0,1,0,503705,101905,56771,51185,0.9439493867872096,0.33434580965445165
24561,0.6180952380952381,0,1,0,503706,101904,56771,51185,0.9439401237541221,0.3343479936507522
24562,0.6181428571428572,0,1,0,503707,101903,56771,51185,0.9439308607210345,0.3343501776755853
24563,0.6181666666666666,2,11,2,503718,101892,56773,51183,0.9438289673570714,0.3343655071043606
24564,0.6181666666666668,1,9,1,503727,101883,56774,51182,0.9437456000592834,0.3343808186064744
24565,0.6182380952380951,0,1,0,503728,101882,56774,51182,0.9437363370261959,0.33438300318820885
24566,0.6182857142857143,0,1,0,503729,101881,56774,51182,0.9437270739931083,0.3343851877984882
24567,0.6183095238095238,0,1,0,503730,101880,56774,51182,0.9437178109600207,0.334387372437313
24568,0.6183095238095239,1,4,1,503734,101876,56775,51181,0.9436807588276706,0.3343917625459796
24569,0.6183333333333332,0,1,0,503735,101875,56775,51181,0.943671495794583,0.3343939473134016
24570,0.6183333333333333,25,82,25,503817,101793,56800,51156,0.9429119270814036,0.3344644293195771
24571,0.6183333333333334,44,136,44,503953,101657,56844,51112,0.9416521545814962,0.33457049532300404
24572,0.6183484848484848,0,1,0,503954,101656,56844,51112,0.9416428915484086,0.334572685379137
24573,0.618452380952381,1,1,1,503955,101655,56845,51111,0.9416336285153211,0.33457051961823964
24574,0.6184696969696969,0,1,0,503956,101654,56845,51111,0.9416243654822335,0.33457270971754
24575,0.6184999999999999,0,2,0,503958,101652,56845,51111,0.9416058394160584,0.3345770900021602
24576,0.6185,3,15,3,503973,101637,56848,51108,0.941466893919745,0.33459687714818814
24577,0.6185090497737556,0,1,0,503974,101636,56848,51108,0.9414576308866576,0.33459906772115433
24578,0.6185238095238096,0,1,0,503975,101635,56848,51108,0.94144836785357,0.3346012583228037
24579,0.6185714285714285,0,4,0,503979,101631,56848,51108,0.9414113157212197,0.3346100210162434
24580,0.6185714285714287,0,3,0,503982,101628,56848,51108,0.9413835266219571,0.3346165933375236
24581,0.6185833333333334,1,2,1,503984,101626,56849,51107,0.941365000555782,0.3346166185434713
24582,0.6186190476190475,0,2,0,503986,101624,56849,51107,0.9413464744896068,0.3346210003208255
24583,0.6186190476190476,0,1,0,503987,101623,56849,51107,0.9413372114565193,0.33462319125253714
24584,0.6186666666666666,0,3,0,503990,101620,56849,51107,0.9413094223572567,0.33462976421981705
24585,0.6186666666666667,1,19,1,504009,101601,56850,51106,0.9411334247285932,0.33466704211332815
24586,0.618702380952381,0,2,0,504011,101599,56850,51106,0.941114898662418,0.33467142529714156
24587,0.6187103174603176,1,2,1,504013,101597,56851,51105,0.9410963725962429,0.3346714515854409
24588,0.6187229437229437,0,1,0,504014,101596,56851,51105,0.9410871095631553,0.33467364326363286
24589,0.6187301587301587,0,2,0,504016,101594,56851,51105,0.9410685834969803,0.3346780267061343
24590,0.6187380952380952,0,2,0,504018,101592,56851,51105,0.9410500574308052,0.33468241026346296
24591,0.6187380952380953,0,1,0,504019,101591,56851,51105,0.9410407943977176,0.33468460208518885
24592,0.6187499999999999,0,1,0,504020,101590,56851,51105,0.94103153136463,0.3346867939356233
24593,0.61875,3,3,3,504023,101587,56854,51102,0.9410037422653674,0.3346802978603567
24594,0.6187619047619047,0,1,0,504024,101586,56854,51102,0.9409944792322799,0.33468248978308707
24595,0.6187857142857144,1,0,1,504024,101586,56855,51101,0.9409944792322799,0.334678132388481
24596,0.6187896825396825,0,1,0,504025,101585,56855,51101,0.9409852161991923,0.3346803243257404
24597,0.6188095238095238,1,0,1,504025,101585,56856,51100,0.9409852161991923,0.3346759668598749
24598,0.6188333333333332,0,4,0,504029,101581,56856,51100,0.940948164066842,0.3346847348393055
24599,0.6188333333333333,1,6,1,504035,101575,56857,51099,0.9408925858683167,0.33469353000510893
24600,0.6188571428571429,0,1,0,504036,101574,56857,51099,0.9408833228352291,0.3346957222298638
24601,0.6188809523809523,0,1,0,504037,101573,56857,51099,0.9408740598021416,0.3346979144833368
24602,0.6188888888888888,0,1,0,504038,101572,56857,51099,0.9408647967690541,0.33470010676552847
24603,0.618904761904762,1,0,1,504038,101572,56858,51098,0.9408647967690541,0.33469574900111354
24604,0.6189166666666667,0,2,0,504040,101570,56858,51098,0.940846270702879,0.33470013362328715
24605,0.6189285714285714,0,1,0,504041,101569,56858,51098,0.9408370076697914,0.3347023259774542
24606,0.618952380952381,0,1,0,504042,101568,56858,51098,0.9408277446367038,0.3347045183603422
24607,0.6189761904761906,0,3,0,504045,101565,56858,51098,0.9407999555374412,0.33471109568133733
24608,0.6189999999999999,0,1,0,504046,101564,56858,51098,0.9407906925043537,0.33471328817911467
24609,0.619,9,36,9,504082,101528,56867,51089,0.9404572233132017,0.33475300916673767
24610,0.6190000000000001,1,2,1,504084,101526,56868,51088,0.9404386972470266,0.33475303707392506
24611,0.619047619047619,0,1,0,504085,101525,56868,51088,0.940429434213939,0.33475523055047735
24612,0.6190476190476191,0,2,0,504087,101523,56868,51088,0.940410908147764,0.33475961758981987
24613,0.6190833333333333,0,2,0,504089,101521,56868,51088,0.9403923820815888,0.3347640047441501
24614,0.6191111111111112,1,0,1,504089,101521,56869,51087,0.9403923820815888,0.33475964562801425
24615,0.6191168831168832,0,3,0,504092,101518,56869,51087,0.9403645929823261,0.33476622653255134
24616,0.6191666666666665,0,4,0,504096,101514,56869,51087,0.9403275408499759,0.33477500147443334
24617,0.6191666666666666,8,39,8,504135,101475,56877,51079,0.9399662825595613,0.33482570106323006
24618,0.6191666666666668,4,25,4,504160,101450,56881,51075,0.9397347067323725,0.3348631371906245
24619,0.6192142857142856,1,0,1,504160,101450,56882,51074,0.9397347067323725,0.3348587763237261
24620,0.6192142857142857,0,1,0,504161,101449,56882,51074,0.9397254436992849,0.3348609717878615
24621,0.6192380952380954,0,1,0,504162,101448,56882,51074,0.9397161806661973,0.33486316728078575
24622,0.61925,0,3,0,504165,101445,56882,51074,0.9396883915669346,0.33486975393229695
24623,0.6192619047619048,1,3,1,504168,101442,56883,51073,0.939660602467672,0.33487197980526506
24624,0.6192857142857143,2,4,2,504172,101438,56885,51071,0.9396235503353217,0.33487204033860296
24625,0.6193333333333332,0,1,0,504173,101437,56885,51071,0.9396142873022343,0.3348742361056469
24626,0.6193333333333333,1,7,1,504180,101430,56886,51070,0.9395494460706214,0.3348852459016393
24627,0.6193333333333334,2,13,2,504193,101417,56888,51068,0.9394290266404831,0.3349050726300948
24628,0.6193571428571428,0,1,0,504194,101416,56888,51068,0.9394197636073957,0.33490726895936623
24629,0.6193571428571429,2,0,2,504194,101416,56890,51066,0.9394197636073957,0.33489854540208025
24630,0.6194166666666666,1,1,1,504195,101415,56891,51065,0.9394105005743081,0.3348963798530955
24631,0.619442640692641,0,2,0,504197,101413,56891,51065,0.9393919745081329,0.3349007725704692
24632,0.6194444444444445,0,2,0,504199,101411,56891,51065,0.9393734484419578,0.33490516540307985
24633,0.619452380952381,0,2,0,504201,101409,56891,51065,0.9393549223757828,0.33490955835093195
24634,0.6194722222222222,0,1,0,504202,101408,56891,51065,0.9393456593426952,0.334911754868075
24635,0.6194999999999999,1,4,1,504206,101404,56892,51064,0.9393086072103449,0.33491617913267047
24636,0.6195,4,14,4,504220,101390,56896,51060,0.9391789247471192,0.33492948507707443
24637,0.6195238095238095,0,5,0,504225,101385,56896,51060,0.9391326095816814,0.33494047033356295
24638,0.6195238095238096,0,1,0,504226,101384,56896,51060,0.9391233465485939,0.3349426674713337
24639,0.6195476190476189,0,2,0,504228,101382,56896,51060,0.9391048204824187,0.334947061833353
24640,0.6195476190476191,0,1,0,504229,101381,56896,51060,0.9390955574493313,0.3349492590576026
24641,0.6195833333333334,0,3,0,504232,101378,56896,51060,0.9390677683500686,0.3349558509033181
24642,0.6195952380952381,0,1,0,504233,101377,56896,51060,0.939058505316981,0.33495804824288067
24643,0.6196071428571429,0,2,0,504235,101375,56896,51060,0.9390399792508058,0.3349624430084954
24644,0.6196428571428572,1,1,1,504236,101374,56897,51059,0.9390307162177183,0.33496027763017194
24645,0.6196587301587302,0,1,0,504237,101373,56897,51059,0.9390214531846308,0.33496247507085125
24646,0.6196666666666666,3,7,3,504244,101366,56900,51056,0.9389566119530179,0.3349647688653869
24647,0.6196666666666667,3,9,3,504253,101357,56903,51053,0.9388732446552299,0.3349714585657109
24648,0.6196666666666668,0,1,0,504254,101356,56903,51053,0.9388639816221424,0.3349736564113668
24649,0.619706349206349,0,1,0,504255,101355,56903,51053,0.9388547185890548,0.33497585428586424
24650,0.6197142857142857,0,1,0,504256,101354,56903,51053,0.9388454555559672,0.3349780521892039
24651,0.61975,0,2,0,504258,101352,56903,51053,0.9388269294897922,0.334982448082412
24652,0.6197619047619047,0,1,0,504259,101351,56903,51053,0.9388176664567046,0.33498464607228157
24653,0.6197857142857143,0,1,0,504260,101350,56903,51053,0.938808403423617,0.3349868440909956
24654,0.6198095238095238,1,0,1,504260,101350,56904,51052,0.938808403423617,0.33498248054487473
24655,0.6198095238095239,0,2,0,504262,101348,56904,51052,0.9387898773574419,0.33498687664041993
24656,0.6198333333333332,3,3,3,504265,101345,56907,51049,0.9387620882581793,0.3349803798049792
24657,0.6198333333333333,3,6,3,504271,101339,56910,51046,0.9387065100596539,0.33498047708107753
24658,0.6198809523809524,1,0,1,504271,101339,56911,51045,0.9387065100596539,0.33497611297774044
24659,0.619904761904762,0,1,0,504272,101338,56911,51045,0.9386972470265664,0.33497831122894284
24660,0.6199166666666667,0,1,0,504273,101337,56911,51045,0.9386879839934789,0.3349805095089971
24661,0.6199404761904763,0,3,0,504276,101334,56911,51045,0.9386601948942161,0.3349871045222767
24662,0.6199999999999999,5,22,5,504298,101312,56916,51040,0.93845640816629,0.33501365259399285
24663,0.62,565,1960,565,506258,99352,57481,50475,0.9203008633146837,0.33688854478832253
24664,0.6200000000000001,7,21,7,506279,99331,57488,50468,0.9201063396198451,0.3369047857462333
24665,0.6200476190476192,0,1,0,506280,99330,57488,50468,0.9200970765867575,0.33690703480687323
24666,0.6201190476190476,1,2,1,506282,99328,57489,50467,0.9200785505205824,0.33690710637871757
24667,0.6201190476190477,0,1,0,506283,99327,57489,50467,0.920069287487495,0.33690935551490714
24668,0.6201428571428571,0,2,0,506285,99325,57489,50467,0.9200507614213198,0.3369138538773766
24669,0.6201428571428572,0,1,0,506286,99324,57489,50467,0.9200414983882322,0.33691610310365777
24670,0.6201666666666665,0,3,0,506289,99321,57489,50467,0.9200137092889695,0.3369228509626939
24671,0.6201666666666666,5,12,5,506301,99309,57494,50462,0.9199025528919189,0.33692770963671204
24672,0.6201666666666668,0,3,0,506304,99306,57494,50462,0.9198747637926563,0.33693445862934673
24673,0.6202142857142856,0,1,0,506305,99305,57494,50462,0.9198655007595687,0.33693670835364264
24674,0.6202222222222222,2,0,2,506305,99305,57496,50460,0.9198655007595687,0.3369278536373652
24675,0.6202380952380951,0,1,0,506306,99304,57496,50460,0.9198562377264812,0.33693010336262386
24676,0.6202380952380953,0,1,0,506307,99303,57496,50460,0.9198469746933936,0.3369323531179263
24677,0.62025,1,0,1,506307,99303,57497,50459,0.9198469746933936,0.3369279256420187
24678,0.6202500000000001,0,1,0,506308,99302,57497,50459,0.919837711660306,0.33693017541282444
24679,0.6202593517593517,0,2,0,506310,99300,57497,50459,0.9198191855941309,0.3369346750445716
24680,0.6202619047619049,0,2,0,506312,99298,57497,50459,0.9198006595279559,0.33693917479650365
24681,0.6203333333333333,0,16,0,506328,99282,57497,50459,0.919652450998555,0.33697517713919367
24682,0.6203333333333334,1,5,1,506333,99277,57498,50458,0.9196061358331172,0.336982001536047
24683,0.6203571428571428,0,4,0,506337,99273,57498,50458,0.919569083700767,0.3369910038669347
24684,0.620373015873016,0,1,0,506338,99272,57498,50458,0.9195598206676794,0.3369932545248113
24685,0.6203888888888888,0,1,0,506339,99271,57498,50458,0.9195505576345919,0.336995505212751
24686,0.6203888888888889,0,1,0,506340,99270,57498,50458,0.9195412946015044,0.33699775593075443
24687,0.6204166666666666,0,1,0,506341,99269,57498,50458,0.9195320315684168,0.33700000667882213
24688,0.6204166666666667,0,3,0,506344,99266,57498,50458,0.9195042424691541,0.33700675910341693
24689,0.6204285714285714,0,1,0,506345,99265,57498,50458,0.9194949794360665,0.3370090099717478
24690,0.6204410866910867,0,1,0,506346,99264,57498,50458,0.9194857164029789,0.337011260870146
24691,0.6204444444444445,0,1,0,506347,99263,57498,50458,0.9194764533698915,0.3370135117986121
24692,0.620452380952381,0,1,0,506348,99262,57498,50458,0.9194671903368039,0.3370157627571467
24693,0.6204761904761904,0,3,0,506351,99259,57498,50458,0.9194394012375412,0.3370225158131675
24694,0.6204761904761905,1,4,1,506355,99255,57499,50457,0.919402349105191,0.337027092016672
24695,0.6204999999999999,2,13,2,506368,99242,57501,50455,0.9192819296750528,0.33704750262196304
24696,0.6205,0,5,0,506373,99237,57501,50455,0.919235614509615,0.337058760655212
24697,0.6205238095238095,1,1,1,506374,99236,57502,50454,0.9192263514765274,0.3370565836061193
24698,0.6205555555555555,0,1,0,506375,99235,57502,50454,0.91921708844344,0.33705883531856046
24699,0.6206190476190475,0,2,0,506377,99233,57502,50454,0.9191985623772648,0.33706333883369965
24700,0.6206617505301715,0,1,0,506378,99232,57502,50454,0.9191892993441773,0.33706559063639885
24701,0.6206666666666666,9,19,9,506397,99213,57511,50445,0.9190133017155138,0.3370685162169747
24702,0.6206666666666667,1,7,1,506404,99206,57512,50444,0.9189484604839009,0.33707985299031074
24703,0.6206666666666668,1,0,1,506404,99206,57513,50443,0.9189484604839009,0.3370754231568537
24704,0.6207142857142857,1,4,1,506408,99202,57514,50442,0.9189114083515506,0.3370800032076127
24705,0.6207142857142858,0,2,0,506410,99200,57514,50442,0.9188928822853756,0.3370845083599524
24706,0.6207499999999999,0,2,0,506412,99198,57514,50442,0.9188743562192004,0.33708901363271854
24707,0.6207539682539682,0,1,0,506413,99197,57514,50442,0.9188650931861129,0.337091266314263
24708,0.6207619047619047,0,3,0,506416,99194,57514,50442,0.9188373040868502,0.3370980245395493
24709,0.6207619047619048,1,0,1,506416,99194,57515,50441,0.9188373040868502,0.3370935944130718
24710,0.6208095238095237,0,1,0,506417,99193,57515,50441,0.9188280410537626,0.33709584720050256
24711,0.6208333333333332,10,30,10,506447,99163,57525,50431,0.918550150061136,0.3371191357942163
24712,0.6208333333333333,10,49,10,506496,99114,57535,50421,0.9180962614398459,0.3371852743504865
24713,0.6208333333333335,1,3,1,506499,99111,57536,50420,0.9180684723405832,0.3371876065832503
24714,0.6208452380952381,0,1,0,506500,99110,57536,50420,0.9180592093074956,0.33718986156624087
24715,0.6208809523809523,0,1,0,506501,99109,57536,50420,0.9180499462744081,0.33719211657939263
24716,0.6208809523809524,0,1,0,506502,99108,57536,50420,0.9180406832413205,0.3371943716227061
24717,0.6209285714285715,1,0,1,506502,99108,57537,50419,0.9180406832413205,0.3371899389407933
24718,0.6209523809523809,2,2,2,506504,99106,57539,50417,0.9180221571751455,0.3371855834888278
24719,0.620952380952381,0,1,0,506505,99105,57539,50417,0.9180128941420579,0.3371878385789382
24720,0.621,11,39,11,506544,99066,57550,50406,0.9176516358516432,0.33722703917790625
24721,0.6210000000000001,0,1,0,506545,99065,57550,50406,0.9176423728185558,0.3372292953148102
24722,0.621047619047619,1,0,1,506545,99065,57551,50405,0.9176423728185558,0.33722486117615574
24723,0.6210714285714285,1,2,1,506547,99063,57552,50404,0.9176238467523806,0.33722493928425673
24724,0.6211404151404152,1,2,1,506549,99061,57553,50403,0.9176053206862055,0.3372250173954932
24725,0.6211666666666666,1,5,1,506554,99056,57554,50402,0.9175590055207677,0.33723186447028597
24726,0.6211666666666668,1,4,1,506558,99052,57555,50401,0.9175219533884175,0.3372364556081176
24727,0.6211818181818181,0,2,0,506560,99050,57555,50401,0.9175034273222424,0.3372409686117858
24728,0.6211904761904762,0,2,0,506562,99048,57555,50401,0.9174849012560673,0.33724548173624447
24729,0.62125,1,2,1,506564,99046,57556,50400,0.9174663751898922,0.3372455602692611
24730,0.6212539682539682,1,0,1,506564,99046,57557,50399,0.9174663751898922,0.3372411254976747
24731,0.6212619047619048,0,1,0,506565,99045,57557,50399,0.9174571121568046,0.33724338213645244
24732,0.6213095238095238,1,3,1,506568,99042,57558,50398,0.917429323057542,0.3372457173447537
24733,0.6213183760683763,0,3,0,506571,99039,57558,50398,0.9174015339582793,0.3372524876703895
24734,0.6213333333333333,5,16,5,506587,99023,57563,50393,0.9172533254288784,0.3372664239438882
24735,0.6213333333333334,0,4,0,506591,99019,57563,50393,0.9172162732965282,0.33727545310952267
24736,0.6213333333333335,0,2,0,506593,99017,57563,50393,0.9171977472303531,0.3372799678736363
24737,0.6213690476190475,0,1,0,506594,99016,57563,50393,0.9171884841972655,0.33728222530101937
24738,0.6213809523809524,0,1,0,506595,99015,57563,50393,0.917179221164178,0.33728448275862066
24739,0.6214047619047619,0,1,0,506596,99014,57563,50393,0.9171699581310905,0.33728674024644095
24740,0.6214166666666666,0,1,0,506597,99013,57563,50393,0.9171606950980029,0.3372889977644807
24741,0.6214285714285714,0,2,0,506599,99011,57563,50393,0.9171421690318278,0.3372935128912211
24742,0.621452380952381,0,2,0,506601,99009,57563,50393,0.9171236429656526,0.33729802813884685
24743,0.6214769119769119,0,6,0,506607,99003,57563,50393,0.9170680647671273,0.33731157460708455
24744,0.6214999999999999,3,18,3,506625,98985,57566,50390,0.9169013301715514,0.3373389121338912
24745,0.6215,0,1,0,506626,98984,57566,50390,0.9168920671384638,0.3373411704848233
24746,0.6215238095238096,1,1,1,506627,98983,57567,50389,0.9168828041053763,0.3373389925822778
24747,0.621547619047619,0,3,0,506630,98980,57567,50389,0.9168550150061135,0.33734576786347903
24748,0.6215714285714286,1,0,1,506630,98980,57568,50388,0.9168550150061135,0.3373413314766215
24749,0.6215833333333334,0,1,0,506631,98979,57568,50388,0.9168457519730261,0.33734358994958724
24750,0.6216212121212121,0,1,0,506632,98978,57568,50388,0.9168364889399385,0.3373458484527938
24751,0.6216269841269841,0,1,0,506633,98977,57568,50388,0.916827225906851,0.33734810698624174
24752,0.6216666666666666,39,144,39,506777,98833,57607,50349,0.9154933491422431,0.33750050274161764
24753,0.6216666666666667,19,85,19,506862,98748,57626,50330,0.914705991329801,0.3376085002481922
24754,0.6217142857142857,2,0,2,506862,98748,57628,50328,0.914705991329801,0.3375996136198986
24755,0.6217658730158727,1,6,1,506868,98742,57629,50327,0.9146504131312757,0.33760875836022247
24756,0.6217786796536796,0,1,0,506869,98741,57629,50327,0.9146411500981881,0.33761102315721686
24757,0.6217857142857143,0,1,0,506870,98740,57629,50327,0.9146318870651006,0.33761328798459755
24758,0.6218333333333332,0,2,0,506872,98738,57629,50327,0.9146133609989255,0.33761781773052024
24759,0.6218333333333333,1,13,1,506885,98725,57630,50326,0.9144929415687872,0.33764282024273573
24760,0.6218571428571429,1,0,1,506885,98725,57631,50325,0.9144929415687872,0.3376383763837638
24761,0.6218690476190477,0,1,0,506886,98724,57631,50325,0.9144836785356998,0.33764064166817626
24762,0.6218809523809523,1,0,1,506886,98724,57632,50324,0.9144836785356998,0.33763619773495784
24763,0.6218888888888889,0,1,0,506887,98723,57632,50324,0.9144744155026122,0.33763846303515
24764,0.6219047619047618,0,1,0,506888,98722,57632,50324,0.9144651524695246,0.33764072836573944
24765,0.621904761904762,1,0,1,506888,98722,57633,50323,0.9144651524695246,0.3376362843436546
24766,0.6219166666666667,1,1,1,506889,98721,57634,50322,0.9144558894364371,0.33763410559368773
24767,0.6219404761904762,0,1,0,506890,98720,57634,50322,0.9144466264033495,0.33763637095583793
24768,0.6219444444444444,1,0,1,506890,98720,57635,50321,0.9144466264033495,0.337631926785247
24769,0.6219761904761905,0,1,0,506891,98719,57635,50321,0.9144373633702619,0.3376341921631777
24770,0.6219999999999999,0,1,0,506892,98718,57635,50321,0.9144281003371744,0.3376364575715081
24771,0.622,15,34,15,506926,98684,57650,50306,0.9141131572121975,0.337646821934358
24772,0.6220000000000001,0,1,0,506927,98683,57650,50306,0.91410389417911,0.33764908818771855
24773,0.6220555555555556,2,0,2,506927,98683,57652,50304,0.91410389417911,0.33764019679569357
24774,0.6220714285714286,1,0,1,506927,98683,57653,50303,0.91410389417911,0.337635751010162
24775,0.6220833333333333,0,3,0,506930,98680,57653,50303,0.9140761050798474,0.3376425498211205
24776,0.6221111111111111,0,1,0,506931,98679,57653,50303,0.9140668420467598,0.33764481615228686
24777,0.6221428571428571,2,7,2,506938,98672,57655,50301,0.9140020008151469,0.33765178925040107
24778,0.6221428571428573,1,0,1,506938,98672,57656,50300,0.9140020008151469,0.33764734312488254
24779,0.6221666666666666,3,8,3,506946,98664,57659,50297,0.9139278965504465,0.33765213713656594
24780,0.6221666666666668,1,1,1,506947,98663,57660,50296,0.9139186335173589,0.33764995737082015
24781,0.6221796536796537,2,1,2,506948,98662,57662,50294,0.9139093704842713,0.3376433309165123
24782,0.6222222222222221,0,1,0,506949,98661,57662,50294,0.9139001074511838,0.33764559766372393
24783,0.6222222222222222,0,2,0,506951,98659,57662,50294,0.9138815813850087,0.33765013124945453
24784,0.6222380952380951,0,1,0,506952,98658,57662,50294,0.9138723183519212,0.33765239808797465
24785,0.62225,1,2,1,506954,98656,57663,50293,0.913853792285746,0.33765248507878537
24786,0.6222500000000001,0,1,0,506955,98655,57663,50293,0.9138445292526585,0.3376547519939845
24787,0.6223333333333333,3,19,3,506974,98636,57666,50290,0.913668531623995,0.3376844875978674
24788,0.6223333333333334,0,5,0,506979,98631,57666,50290,0.9136222164585572,0.33769582530334874
24789,0.6223714896214896,0,1,0,506980,98630,57666,50290,0.9136129534254697,0.33769809293580444
24790,0.6223809523809524,0,2,0,506982,98628,57666,50290,0.9135944273592945,0.3377026282920802
24791,0.6223874458874459,1,0,1,506982,98628,57667,50289,0.9135944273592945,0.33769818086585146
24792,0.622388888888889,1,0,1,506982,98628,57668,50288,0.9135944273592945,0.337693733379892
24793,0.6224166666666667,0,1,0,506983,98627,57668,50288,0.913585164326207,0.3376960010744384
24794,0.6224523809523811,0,1,0,506984,98626,57668,50288,0.9135759012931194,0.3376982687994413
24795,0.6224999999999999,3,13,3,506997,98613,57671,50285,0.9134554818629812,0.3377144085212696
24796,0.6225,45,195,45,507192,98418,57716,50240,0.9116491904109082,0.3379569212554992
24797,0.6225238095238096,1,0,1,507192,98418,57717,50239,0.9116491904109082,0.3379524677613567
24798,0.622547619047619,0,2,0,507194,98416,57717,50239,0.911630664344733,0.3379570145639232
24799,0.6226309523809523,0,1,0,507195,98415,57717,50239,0.9116214013116455,0.33795928801108616
24800,0.6226428571428572,0,1,0,507196,98414,57717,50239,0.9116121382785579,0.33796156148883644
24801,0.6226666666666666,1,3,1,507199,98411,57718,50238,0.9115843491792953,0.3379639284488964
24802,0.6226666666666667,3,22,3,507221,98389,57721,50235,0.9113805624513691,0.3380005920981806
24803,0.6226904761904762,0,1,0,507222,98388,57721,50235,0.9113712994182815,0.33800286631275106
24804,0.6227142857142858,1,3,1,507225,98385,57722,50234,0.9113435103190188,0.3380052348622989
24805,0.6227380952380952,1,1,1,507226,98384,57723,50233,0.9113342472859313,0.3380030548322197
24806,0.6227619047619047,0,1,0,507227,98383,57723,50233,0.9113249842528438,0.33800532917047965
24807,0.6228095238095237,0,1,0,507228,98382,57723,50233,0.9113157212197562,0.3380076035393466
24808,0.6228333333333332,0,1,0,507229,98381,57723,50233,0.9113064581866687,0.33800987793882137
24809,0.6228333333333333,0,8,0,507237,98373,57723,50233,0.9112323539219682,0.3380280742365719
24810,0.6228333333333335,0,1,0,507238,98372,57723,50233,0.9112230908888806,0.33803034891154404
24811,0.6228571428571429,0,7,0,507245,98365,57723,50233,0.9111582496572678,0.3380462724935733
24812,0.6228809523809523,1,2,1,507247,98363,57724,50232,0.9111397235910926,0.338046367643595
24813,0.622904761904762,0,1,0,507248,98362,57724,50232,0.9111304605580051,0.338048642610065
24814,0.6229166666666667,1,2,1,507250,98360,57725,50231,0.91111193449183,0.3380487378105
24815,0.6229220779220778,1,1,1,507251,98359,57726,50230,0.9111026714587425,0.3380465579551649
24816,0.6229285714285715,1,1,1,507252,98358,57727,50229,0.9110934084256549,0.3380443780411476
24817,0.6229523809523809,0,1,0,507253,98357,57727,50229,0.9110841453925673,0.33804665311671356
24818,0.6229761904761905,1,2,1,507255,98355,57728,50228,0.9110656193263922,0.33804674828210496
24819,0.6229999999999999,1,2,1,507257,98353,57729,50227,0.9110470932602172,0.33804684345133934
24820,0.623,6,33,6,507290,98320,57735,50221,0.9107414131683278,0.33809520603739035
24821,0.6230000000000001,0,2,0,507292,98318,57735,50221,0.9107228871021528,0.3380997583126317
24822,0.6230119047619048,0,1,0,507293,98317,57735,50221,0.9107136240690652,0.33810203449622317
24823,0.6230238095238094,0,1,0,507294,98316,57735,50221,0.9107043610359776,0.3381043107104627
24824,0.6230357142857142,0,6,0,507300,98310,57735,50221,0.9106487828374523,0.33811796863954324
24825,0.623047619047619,0,1,0,507301,98309,57735,50221,0.9106395198043647,0.3381202450683364
24826,0.6230476190476191,0,1,0,507302,98308,57735,50221,0.9106302567712772,0.33812252152778244
24827,0.6230833333333333,0,3,0,507305,98305,57735,50221,0.9106024676720145,0.3381293510900448
24828,0.623095238095238,1,0,1,507305,98305,57736,50220,0.9106024676720145,0.33812489479885544
24829,0.6231269841269841,0,1,0,507306,98304,57736,50220,0.910593204638927,0.3381271713662438
24830,0.6231428571428572,1,1,1,507307,98303,57737,50219,0.9105839416058394,0.33812499158373843
24831,0.6231666666666665,0,1,0,507308,98302,57737,50219,0.9105746785727519,0.3381272681977633
24832,0.6231666666666666,3,14,3,507322,98288,57740,50216,0.9104449961095261,0.3381457738512094
24833,0.6231666666666668,0,3,0,507325,98285,57740,50216,0.9104172070102634,0.33815260503296274
24834,0.6231904761904762,1,0,1,507325,98285,57741,50215,0.9104172070102634,0.33814814814814814
24835,0.6232142857142857,0,2,0,507327,98283,57741,50215,0.9103986809440884,0.3381527023932982
24836,0.6232222222222222,1,0,1,507327,98283,57742,50214,0.9103986809440884,0.3381482454190994
24837,0.6232380952380953,0,2,0,507329,98281,57742,50214,0.9103801548779132,0.33815279975756757
24838,0.6233095238095239,0,1,0,507330,98280,57742,50214,0.9103708918448257,0.338155076972807
24839,0.6233333333333332,1,1,1,507331,98279,57743,50213,0.9103616288117381,0.33815289712577107
24840,0.6233333333333333,42,123,42,507454,98156,57785,50171,0.9092222757419689,0.338245902634045
24841,0.6233333333333334,57,236,57,507690,97920,57842,50114,0.9070361999333062,0.3385303376251402
24842,0.6233571428571428,0,1,0,507691,97919,57842,50114,0.9070269369002186,0.3385326244823789
24843,0.6233809523809526,0,1,0,507692,97918,57842,50114,0.9070176738671311,0.3385349113705145
24844,0.623452380952381,0,2,0,507694,97916,57842,50114,0.9069991478009559,0.33853948523947847
24845,0.6234999999999999,1,2,1,507696,97914,57843,50113,0.9069806217347809,0.3385395907503361
24846,0.6235,3,24,3,507720,97890,57846,50110,0.9067583089406795,0.3385810810810811
24847,0.6235238095238095,0,1,0,507721,97889,57846,50110,0.906749045907592,0.338583368806546
24848,0.6235277777777778,0,1,0,507722,97888,57846,50110,0.9067397828745044,0.33858565656292655
24849,0.6235476190476191,0,1,0,507723,97887,57846,50110,0.9067305198414168,0.3385879443502233
24850,0.6235714285714286,1,1,1,507724,97886,57847,50109,0.9067212568083293,0.3385857630325349
24851,0.6235714285714287,0,1,0,507725,97885,57847,50109,0.9067119937752418,0.33858805086692706
24852,0.6235833333333334,2,2,2,507727,97883,57849,50107,0.9066934677090667,0.33858368808703293
24853,0.6236190476190475,0,1,0,507728,97882,57849,50107,0.9066842046759791,0.3385859759847016
24854,0.6236190476190477,0,1,0,507729,97881,57849,50107,0.9066749416428915,0.3385882639132903
24855,0.6236363636363637,0,1,0,507730,97880,57849,50107,0.906665678609804,0.3385905518727996
24856,0.6236666666666666,0,3,0,507733,97877,57849,50107,0.9066378895105414,0.33859741593685805
24857,0.6236666666666667,3,14,3,507747,97863,57852,50104,0.9065082070473156,0.3386160427662925
24858,0.6236904761904762,0,1,0,507748,97862,57852,50104,0.906498944014228,0.33861833123825746
24859,0.6237142857142857,1,0,1,507748,97862,57853,50103,0.906498944014228,0.33861386138613864
24860,0.6237499999999999,0,1,0,507749,97861,57853,50103,0.9064896809811405,0.3386161498742937
24861,0.62375,1,3,1,507752,97858,57854,50102,0.9064618918818778,0.33861854555285215
24862,0.6237857142857143,0,2,0,507754,97856,57854,50102,0.9064433658157027,0.33862312277808565
24863,0.6238080808080809,0,1,0,507755,97855,57854,50102,0.9064341027826152,0.3386254114371067
24864,0.6238095238095237,1,0,1,507755,97855,57855,50101,0.9064341027826152,0.33862094136094517
24865,0.6238095238095238,0,5,0,507760,97850,57855,50101,0.9063877876171774,0.3386323850464005
24866,0.6238149350649349,1,0,1,507760,97850,57856,50100,0.9063877876171774,0.3386279148360933
24867,0.6238333333333332,0,3,0,507763,97847,57856,50100,0.9063599985179147,0.3386347813744111
24868,0.6238333333333334,0,11,0,507774,97836,57856,50100,0.9062581051539517,0.338659961064244
24869,0.6238333333333335,0,2,0,507776,97834,57856,50100,0.9062395790877765,0.33866453959198023
24870,0.62384324009324,0,1,0,507777,97833,57856,50100,0.906230316054689,0.33866682890227334
24871,0.6238888888888888,0,1,0,507778,97832,57856,50100,0.9062210530216014,0.3386691182435173
24872,0.6239285714285714,1,0,1,507778,97832,57857,50099,0.9062210530216014,0.3386646477073771
24873,0.6239766081871345,0,1,0,507779,97831,57857,50099,0.9062117899885138,0.338666937064828
24874,0.6239999999999999,0,2,0,507781,97829,57857,50099,0.9061932639223387,0.33867151587258665
24875,0.624,21,66,21,507847,97763,57878,50078,0.9055819037385602,0.3387287694212025
24876,0.6240000000000001,2,8,2,507855,97755,57880,50076,0.9055077994738597,0.33873815370253874
24877,0.6240079365079365,0,2,0,507857,97753,57880,50076,0.9054892734076846,0.3387427365401917
24878,0.624047619047619,0,2,0,507859,97751,57880,50076,0.9054707473415095,0.3387473195018501
24879,0.6240476190476191,0,2,0,507861,97749,57880,50076,0.9054522212753344,0.338751902587519
24880,0.6240833333333334,0,1,0,507862,97748,57880,50076,0.9054429582422469,0.338754194176859
24881,0.6241111111111111,0,1,0,507863,97747,57880,50076,0.9054336952091593,0.3387564857972034
24882,0.6241666666666665,0,1,0,507864,97746,57880,50076,0.9054244321760717,0.338758777448553
24883,0.6241666666666666,13,29,13,507893,97717,57893,50063,0.9051558042165326,0.33876708620922996
24884,0.6241666666666668,6,32,6,507925,97685,57899,50057,0.904859387157731,0.3388136075049749
24885,0.6242142857142858,0,1,0,507926,97684,57899,50057,0.9048501241246434,0.33881590079937185
24886,0.6242261904761904,0,1,0,507927,97683,57899,50057,0.9048408610915558,0.33881819412481384
24887,0.6242738095238094,0,1,0,507928,97682,57899,50057,0.9048315980584682,0.3388204874813015
24888,0.6242857142857142,0,2,0,507930,97680,57899,50057,0.9048130719922931,0.33882507428741615
24889,0.6242857142857143,1,7,1,507937,97673,57900,50056,0.9047482307606802,0.33883665360220405
24890,0.6243333333333332,0,1,0,507938,97672,57900,50056,0.9047389677275928,0.3388389472544135
24891,0.6243333333333333,0,10,0,507948,97662,57900,50056,0.9046463373967172,0.33886188548450424
24892,0.6243333333333334,4,19,4,507967,97643,57904,50052,0.9044703397680537,0.33888757236196215
24893,0.6243571428571428,1,0,1,507967,97643,57905,50051,0.9044703397680537,0.33888309613119016
24894,0.6244047619047618,0,2,0,507969,97641,57905,50051,0.9044518137018785,0.3388876851826775
24895,0.624404761904762,0,1,0,507970,97640,57905,50051,0.904442550668791,0.3388899797550291
24896,0.6244444444444445,0,2,0,507972,97638,57905,50051,0.9044240246026158,0.3388945689929514
24897,0.6244523809523809,0,1,0,507973,97637,57905,50051,0.9044147615695284,0.3388968636585234
24898,0.6244729437229437,0,2,0,507975,97635,57905,50051,0.9043962355033532,0.3389014530828921
24899,0.6244954816425404,1,2,1,507977,97633,57906,50050,0.9043777094371781,0.33890156619245276
24900,0.6244999999999999,0,2,0,507979,97631,57906,50050,0.904359183371003,0.3389061558358895
24901,0.6245,2,12,2,507991,97619,57908,50048,0.9042480269739523,0.33892474283353763
24902,0.6245238095238095,1,1,1,507992,97618,57909,50047,0.9042387639408648,0.3389225612027224
24903,0.6245238095238096,1,0,1,507992,97618,57910,50046,0.9042387639408648,0.3389180842994907
24904,0.6245714285714284,0,1,0,507993,97617,57910,50046,0.9042295009077772,0.33892037951280957
24905,0.6245833333333333,0,2,0,507995,97615,57910,50046,0.9042109748416022,0.33892497003271005
24906,0.6245833333333334,0,1,0,507996,97614,57910,50046,0.9042017118085146,0.33892726533929296
24907,0.6245952380952382,0,1,0,507997,97613,57910,50046,0.904192448775427,0.33892956067696517
24908,0.624642857142857,0,1,0,507998,97612,57910,50046,0.9041831857423395,0.3389318560457273
24909,0.6246666666666666,2,9,2,508007,97603,57912,50044,0.9040998184445515,0.33894356133209613
24910,0.6246666666666667,1,10,1,508017,97593,57913,50043,0.904007188113676,0.33896204177842804
24911,0.6246746031746031,0,1,0,508018,97592,57913,50043,0.9039979250805884,0.33896433772479423
24912,0.6247142857142857,1,0,1,508018,97592,57914,50042,0.9039979250805884,0.33895986019480606
24913,0.6247341269841271,0,1,0,508019,97591,57914,50042,0.9039886620475008,0.33896215615749864
24914,0.6247380952380953,0,1,0,508020,97590,57914,50042,0.9039793990144133,0.3389644521512951
24915,0.6247420634920635,1,0,1,508020,97590,57915,50041,0.9039793990144133,0.33895997453109444
24916,0.6247857142857144,0,1,0,508021,97589,57915,50041,0.9039701359813257,0.3389622705412179
24917,0.6248214285714286,0,1,0,508022,97588,57915,50041,0.9039608729482381,0.33896456658244656
24918,0.6248333333333332,0,3,0,508025,97585,57915,50041,0.9039330838489755,0.3389714548927696
24919,0.6248333333333334,1,6,1,508031,97579,57916,50040,0.9038775056504502,0.3389807545099208
24920,0.6248333333333335,0,2,0,508033,97577,57916,50040,0.9038589795842751,0.33898534721610657
24921,0.6248571428571428,0,1,0,508034,97576,57916,50040,0.9038497165511875,0.3389876436158682
24922,0.6248809523809524,0,1,0,508035,97575,57916,50040,0.9038404535180999,0.3389899400467432
24923,0.6249999999999999,4,15,4,508050,97560,57920,50036,0.9037015080217866,0.3390064771403019
24924,0.625,208,682,208,508732,96878,58128,49828,0.8973841194560747,0.33964527694845476
24925,0.6250000000000001,2,11,2,508743,96867,58130,49826,0.8972822260921116,0.3396617425507693
24926,0.6250238095238095,0,1,0,508744,96866,58130,49826,0.897272963059024,0.3396640580263409
24927,0.6250833333333333,0,1,0,508745,96865,58130,49826,0.8972637000259365,0.33966637353348195
24928,0.6251190476190476,1,1,1,508746,96864,58131,49825,0.8972544369928489,0.3396641874987218
24929,0.6251428571428572,0,1,0,508747,96863,58131,49825,0.8972451739597613,0.33966650305410123
24930,0.6251666666666665,1,3,1,508750,96860,58132,49824,0.8972173848604987,0.33966894821521093
24931,0.6251666666666666,0,8,0,508758,96852,58132,49824,0.8971432805957983,0.33968747443344516
24932,0.6251666666666668,0,1,0,508759,96851,58132,49824,0.8971340175627107,0.3396897903528209
24933,0.62518346263001,1,2,1,508761,96849,58133,49823,0.8971154914965356,0.3396899203665321
24934,0.6252380952380951,0,2,0,508763,96847,58133,49823,0.8970969654303605,0.33969455239653645
24935,0.62525,0,1,0,508764,96846,58133,49823,0.897087702397273,0.3396968684589109
24936,0.6252857142857143,0,1,0,508765,96845,58133,49823,0.8970784393641854,0.3396991845528677
24937,0.6252936507936507,1,0,1,508765,96845,58134,49822,0.8970784393641854,0.3396946825120852
24938,0.6253095238095238,0,1,0,508766,96844,58134,49822,0.8970691763310978,0.339696998622721
24939,0.6253333333333333,3,11,3,508777,96833,58137,49819,0.8969672829671348,0.33970897089708973
24940,0.6253333333333334,3,13,3,508790,96820,58140,49816,0.8968468635369966,0.3397255789846968
24941,0.6253571428571427,0,2,0,508792,96818,58140,49816,0.8968283374708215,0.3397302126382694
24942,0.6253571428571428,1,0,1,508792,96818,58141,49815,0.8968283374708215,0.3397257097651961
24943,0.6254166666666666,0,2,0,508794,96816,58141,49815,0.8968098114046463,0.33973034351535486
24944,0.6254166666666667,0,1,0,508795,96815,58141,49815,0.8968005483715588,0.33973266043783673
24945,0.6254642857142857,1,2,1,508797,96813,58142,49814,0.8967820223053837,0.3397327913685747
24946,0.6254718614718615,0,1,0,508798,96812,58142,49814,0.8967727592722962,0.3397351083709574
24947,0.6254761904761904,0,1,0,508799,96811,58142,49814,0.8967634962392086,0.33973742540494456
24948,0.6254761904761905,0,1,0,508800,96810,58142,49814,0.896754233206121,0.3397397424705369
24949,0.6255,2,13,2,508813,96797,58144,49812,0.8966338137759828,0.3397608605201591
24950,0.6255000000000001,0,3,0,508816,96794,58144,49812,0.8966060246767201,0.3397678130499434
24951,0.6255000000000002,0,1,0,508817,96793,58144,49812,0.8965967616436326,0.3397701306231029
24952,0.6255079365079365,0,2,0,508819,96791,58144,49812,0.8965782355774575,0.3397747658642729
24953,0.6255357142857142,0,2,0,508821,96789,58144,49812,0.8965597095112824,0.3397794012319152
24954,0.625547619047619,0,1,0,508822,96788,58144,49812,0.8965504464781948,0.33978171896316506
24955,0.6255555555555555,0,3,0,508825,96785,58144,49812,0.8965226573789321,0.3397886723466374
24956,0.6255833333333333,0,1,0,508826,96784,58144,49812,0.8965133943458446,0.3397909902043712
24957,0.6255974025974027,0,1,0,508827,96783,58144,49812,0.8965041313127571,0.3397933080937276
24958,0.6256071428571429,0,1,0,508828,96782,58144,49812,0.8964948682796695,0.3397956260147073
24959,0.625611111111111,1,0,1,508828,96782,58145,49811,0.8964948682796695,0.33979112235918496
24960,0.6256190476190475,0,1,0,508829,96781,58145,49811,0.8964856052465819,0.3397934402968784
24961,0.6256666666666666,2,14,2,508843,96767,58147,49809,0.8963559227833562,0.3398168868027508
24962,0.6256666666666667,3,4,3,508847,96763,58150,49806,0.896318870651006,0.3398126479678513
24963,0.6256818181818182,0,1,0,508848,96762,58150,49806,0.8963096076179184,0.3398149664319633
24964,0.6257014652014652,0,1,0,508849,96761,58150,49806,0.8963003445848309,0.33981728492771224
24965,0.6257142857142857,6,11,6,508860,96750,58156,49800,0.8961984512208677,0.3398157625383828
24966,0.6257142857142858,0,2,0,508862,96748,58156,49800,0.8961799251546927,0.33982040014193304
24967,0.62575,0,1,0,508863,96747,58156,49800,0.8961706621216051,0.3398227189911769
24968,0.6257619047619047,1,0,1,508863,96747,58157,49799,0.8961706621216051,0.3398182140761263
24969,0.6257857142857144,0,2,0,508865,96745,58157,49799,0.89615213605543,0.3398228518397205
24970,0.6258333333333332,7,24,7,508889,96721,58164,49792,0.8959298232613286,0.3398469760362562
24971,0.6258333333333334,10,46,10,508935,96675,58174,49782,0.8955037237393012,0.3399086421270407
24972,0.6258333333333335,0,1,0,508936,96674,58174,49782,0.8954944607062136,0.33991096301961
24973,0.6258809523809524,1,0,1,508936,96674,58175,49781,0.8954944607062136,0.3399064559079581
24974,0.6259047619047619,0,1,0,508937,96673,58175,49781,0.8954851976731261,0.33990877681729414
24975,0.625904761904762,0,1,0,508938,96672,58175,49781,0.8954759346400385,0.3399110977583252
24976,0.6259047619047621,0,2,0,508940,96670,58175,49781,0.8954574085738635,0.3399157397354747
24977,0.6259166666666666,1,0,1,508940,96670,58176,49780,0.8954574085738635,0.3399112325025606
24978,0.6259523809523808,1,0,1,508940,96670,58177,49779,0.8954574085738635,0.3399067252080929
24979,0.625968253968254,0,2,0,508942,96668,58177,49779,0.8954388825076883,0.3399113672523165
24980,0.6259761904761905,0,1,0,508943,96667,58177,49779,0.8954296194746008,0.3399136883219753
24981,0.6259999999999999,0,5,0,508948,96662,58177,49779,0.895383304309163,0.33992529414576517
24982,0.626,12,72,12,509020,96590,58189,49767,0.8947163659268591,0.3400383992566123
24983,0.6260000000000001,0,5,0,509025,96585,58189,49767,0.8946700507614214,0.34005001639881927
24984,0.6260714285714286,0,1,0,509026,96584,58189,49767,0.8946607877283338,0.34005233992251505
24985,0.6260952380952381,0,1,0,509027,96583,58189,49767,0.8946515246952462,0.34005466347796376
24986,0.6261111111111112,0,1,0,509028,96582,58189,49767,0.8946422616621587,0.3400569870651661
24987,0.6261147186147187,0,1,0,509029,96581,58189,49767,0.8946329986290711,0.34005931068412276
24988,0.6261190476190477,0,1,0,509030,96580,58189,49767,0.8946237355959835,0.34006163433483433
24989,0.6261666666666666,1,8,1,509038,96572,58190,49766,0.8945496313312831,0.34007571512525797
24990,0.6261666666666668,0,2,0,509040,96570,58190,49766,0.894531105265108,0.34008036300021866
24991,0.6261904761904762,0,3,0,509043,96567,58190,49766,0.8945033161658453,0.3400873350508771
24992,0.6262142857142856,0,1,0,509044,96566,58190,49766,0.8944940531327578,0.34008965913129047
24993,0.6262142857142858,0,2,0,509046,96564,58190,49766,0.8944755270665827,0.34009430738741203
24994,0.62625,2,5,2,509051,96559,58192,49764,0.8944292119011449,0.3400969088933387
24995,0.6262878787878787,0,1,0,509052,96558,58192,49764,0.8944199488680573,0.3400992331980153
24996,0.6263095238095238,0,1,0,509053,96557,58192,49764,0.8944106858349699,0.3401015575344619
24997,0.6263095238095239,0,1,0,509054,96556,58192,49764,0.8944014228018823,0.34010388190267904
24998,0.6263333333333332,0,1,0,509055,96555,58192,49764,0.8943921597687947,0.34010620630266747
24999,0.6263333333333333,4,15,4,509070,96540,58196,49760,0.8942532142724814,0.34012303485987694
25000,0.6263333333333334,1,1,1,509071,96539,58197,49759,0.8942439512393938,0.3401208492255533
25001,0.626338245088245,0,1,0,509072,96538,58197,49759,0.8942346882063062,0.34012317409106135
25002,0.6263636363636363,0,1,0,509073,96537,58197,49759,0.8942254251732187,0.34012549898835237
25003,0.6263809523809524,0,2,0,509075,96535,58197,49759,0.8942068991070437,0.3401301488782862
25004,0.6263928571428572,0,1,0,509076,96534,58197,49759,0.8941976360739561,0.34013247387093026
25005,0.6264285714285713,1,2,1,509078,96532,58198,49758,0.8941791100077809,0.3401326133023447
25006,0.6264285714285714,0,1,0,509079,96531,58198,49758,0.8941698469746934,0.3401349383754076
25007,0.6264523809523809,0,1,0,509080,96530,58198,49758,0.8941605839416058,0.34013726348025813
25008,0.6265,4,14,4,509094,96516,58202,49754,0.89403090147838,0.34015177411636016
25009,0.6265000000000001,1,4,1,509098,96512,58203,49753,0.8939938493460299,0.34015656513861825
25010,0.6265000000000002,1,0,1,509098,96512,58204,49752,0.8939938493460299,0.34015205382048896
25011,0.6265238095238097,1,1,1,509099,96511,58205,49751,0.8939845863129423,0.3401498680450151
25012,0.626547619047619,0,1,0,509100,96510,58205,49751,0.8939753232798547,0.340152193681159
25013,0.6265833333333333,1,2,1,509102,96508,58206,49750,0.8939567972136796,0.34015233354756663
25014,0.6266428571428572,0,1,0,509103,96507,58206,49750,0.8939475341805921,0.340154659264172
25015,0.6266666666666666,78,258,78,509361,96249,58284,49672,0.8915576716440031,0.3404033689462106
25016,0.6266666666666667,40,138,40,509499,96111,58324,49632,0.8902793730779206,0.34054465737634054
25017,0.626702380952381,0,1,0,509500,96110,58324,49632,0.890270110044833,0.34054699400310134
25018,0.6267142857142857,0,1,0,509501,96109,58324,49632,0.8902608470117456,0.34054933066192766
25019,0.6267261904761905,0,1,0,509502,96108,58324,49632,0.890251583978658,0.3405516673528201
25020,0.6267499999999999,0,2,0,509504,96106,58324,49632,0.8902330579124829,0.340556340830806
25021,0.6267857142857143,1,3,1,509507,96103,58325,49631,0.8902052688132202,0.34055882635486573
25022,0.6268095238095238,0,1,0,509508,96102,58325,49631,0.8901960057801327,0.34056116322315466
25023,0.6268333333333334,2,11,2,509519,96091,58327,49629,0.8900941124161695,0.3405778204776283
25024,0.6268571428571428,1,1,1,509520,96090,58328,49628,0.890084849383082,0.34057563238584115
25025,0.6269047619047619,1,0,1,509520,96090,58329,49627,0.890084849383082,0.340571107008791
25026,0.6269365079365079,0,1,0,509521,96089,58329,49627,0.8900755863499944,0.3405734442339894
25027,0.6269444444444444,1,0,1,509521,96089,58330,49626,0.8900755863499944,0.3405689187798099
25028,0.6269523809523809,0,2,0,509523,96087,58330,49626,0.8900570602838194,0.34057359329641146
25029,0.6269642857142856,0,1,0,509524,96086,58330,49626,0.8900477972507318,0.340575930602833
25030,0.6269761904761905,0,2,0,509526,96084,58330,49626,0.8900292711845567,0.3405806053119209
25031,0.627,6,27,6,509553,96057,58336,49620,0.8897791692911927,0.34061656953396896
25032,0.6270000000000001,0,7,0,509560,96050,58336,49620,0.8897143280595798,0.34063293746138534
25033,0.6270476190476191,0,3,0,509563,96047,58336,49620,0.8896865389603171,0.3406399527689868
25034,0.6270714285714285,0,1,0,509564,96046,58336,49620,0.8896772759272296,0.3406422912690676
25035,0.6270833333333333,1,0,1,509564,96046,58337,49619,0.8896772759272296,0.34063776473415025
25036,0.6271190476190476,0,1,0,509565,96045,58337,49619,0.8896680128941421,0.3406401032513181
25037,0.6271428571428571,4,3,4,509568,96042,58341,49615,0.8896402237948794,0.340629011993931
25038,0.6271666666666667,2,8,2,509576,96034,58343,49613,0.889566119530179,0.3406386674631129
25039,0.6272619047619048,0,1,0,509577,96033,58343,49613,0.8895568564970914,0.3406410062754899
25040,0.6272727272727273,1,0,1,509577,96033,58344,49612,0.8895568564970914,0.34063647911016515
25041,0.6273095238095238,0,1,0,509578,96032,58344,49612,0.8895475934640038,0.34063881793963363
25042,0.6273095238095239,0,1,0,509579,96031,58344,49612,0.8895383304309163,0.3406411568012194
25043,0.6273333333333333,9,18,9,509597,96013,58353,49603,0.8893715958353403,0.3406425118118888
25044,0.6273333333333334,1,3,1,509600,96010,58354,49602,0.8893438067360777,0.3406450017855671
25045,0.6273452380952381,0,2,0,509602,96008,58354,49602,0.8893252806699026,0.34064968065380125
25046,0.6273809523809524,1,2,1,509604,96006,58355,49601,0.8893067546037274,0.3406498313954686
25047,0.6274166666666666,0,1,0,509605,96005,58355,49601,0.8892974915706399,0.3406521709270222
25048,0.6275,52,178,52,509783,95827,58407,49549,0.8876486716810552,0.34083342504952674
25049,0.6275000000000001,3,7,3,509790,95820,58410,49546,0.8875838304494423,0.3408362340574825
25050,0.627547619047619,0,1,0,509791,95819,58410,49546,0.8875745674163548,0.340838578750043
25051,0.6275833333333334,0,3,0,509794,95816,58410,49546,0.8875467783170922,0.3408456130212848
25052,0.6276190476190476,0,2,0,509796,95814,58410,49546,0.887528252250917,0.34085030269675287
25053,0.6276666666666665,1,0,1,509796,95814,58411,49545,0.887528252250917,0.340845768063897
25054,0.6276666666666666,0,3,0,509799,95811,58411,49545,0.8875004631516544,0.3408528027738793
25055,0.6276666666666667,4,29,4,509828,95782,58415,49541,0.8872318351921153,0.3409026788601942
25056,0.6276904761904762,0,1,0,509829,95781,58415,49541,0.8872225721590278,0.34090502470376133
25057,0.6277352092352093,0,3,0,509832,95778,58415,49541,0.8871947830597651,0.34091206242817523
25058,0.6277380952380952,1,0,1,509832,95778,58416,49540,0.8871947830597651,0.3409075269409158
25059,0.62775,0,1,0,509833,95777,58416,49540,0.8871855200266775,0.3409098728985597
25060,0.6277619047619047,0,1,0,509834,95776,58416,49540,0.8871762569935899,0.34091221888849127
25061,0.6277777777777778,0,2,0,509836,95774,58416,49540,0.8871577309274149,0.34091691096522014
25062,0.6277857142857143,0,3,0,509839,95771,58416,49540,0.8871299418281522,0.34092394932248765
25063,0.6278333333333332,1,2,1,509841,95769,58417,49539,0.887111415761977,0.3409241060368321
25064,0.6278333333333334,3,4,3,509845,95765,58420,49536,0.8870743636296269,0.34091988355207464
25065,0.6278571428571429,0,1,0,509846,95764,58420,49536,0.8870651005965393,0.34092222986923604
25066,0.6278690476190476,0,1,0,509847,95763,58420,49536,0.8870558375634517,0.3409245762186939
25067,0.6279166666666667,0,1,0,509848,95762,58420,49536,0.8870465745303642,0.3409269226004487
25068,0.6279880952380953,0,1,0,509849,95761,58420,49536,0.8870373114972767,0.3409292690145013
25069,0.628,13,43,13,509892,95718,58433,49523,0.8866390010745119,0.340971213362618
25070,0.6280238095238095,0,2,0,509894,95716,58433,49523,0.8866204750083367,0.34097590867466726
25071,0.6280357142857143,0,1,0,509895,95715,58433,49523,0.8866112119752492,0.3409782563791845
25072,0.628095238095238,0,1,0,509896,95714,58433,49523,0.8866019489421616,0.34098060411603104
25073,0.6280952380952382,1,0,1,509896,95714,58434,49522,0.8866019489421616,0.3409760665399763
25074,0.6281666666666667,3,17,3,509913,95697,58437,49519,0.8864444773796732,0.3410023688849714
25075,0.6281904761904762,0,1,0,509914,95696,58437,49519,0.8864352143465857,0.3410047171435458
25076,0.6282142857142857,0,3,0,509917,95693,58437,49519,0.886407425247323,0.34101176211332396
25077,0.6282698412698412,0,1,0,509918,95692,58437,49519,0.8863981622142354,0.34101411050127056
25078,0.6282738095238094,0,1,0,509919,95691,58437,49519,0.8863888991811478,0.34101645892156185
25079,0.6282857142857143,1,0,1,509919,95691,58438,49518,0.8863888991811478,0.34101192074871395
25080,0.6283333333333332,0,2,0,509921,95689,58438,49518,0.8863703731149728,0.3410166176561736
25081,0.6283333333333333,18,88,18,510009,95601,58456,49500,0.885555226203268,0.34114168751421425
25082,0.6283333333333334,39,132,39,510141,95469,58495,49461,0.8843325058357109,0.34127509832332853
25083,0.6283333333333335,0,1,0,510142,95468,58495,49461,0.8843232428026233,0.3412774530977237
25084,0.6283809523809524,0,1,0,510143,95467,58495,49461,0.8843139797695357,0.3412798079046147
25085,0.6283831168831169,0,1,0,510144,95466,58495,49461,0.8843047167364482,0.34128216274400214
25086,0.6284444444444444,1,1,1,510145,95465,58496,49460,0.8842954537033606,0.341279972399517
25087,0.628452380952381,0,2,0,510147,95463,58496,49460,0.8842769276371856,0.3412846822105532
25088,0.6284761904761904,0,1,0,510148,95462,58496,49460,0.884267664604098,0.3412870371648197
25089,0.6285,1,5,1,510153,95457,58497,49459,0.8842213494386602,0.34129426702365506
25090,0.6285000000000001,2,16,2,510169,95441,58499,49457,0.8840731409092594,0.3413228615991939
25091,0.6285476190476191,1,0,1,510169,95441,58500,49456,0.8840731409092594,0.3413183157691326
25092,0.6285714285714286,0,6,0,510175,95435,58500,49456,0.884017562710734,0.34133244991062245
25093,0.6285952380952381,1,1,1,510176,95434,58501,49455,0.8840082996776465,0.3413302597160585
25094,0.6286428571428572,0,1,0,510177,95433,58501,49455,0.8839990366445589,0.34133261553751865
25095,0.6286666666666666,2,4,2,510181,95429,58503,49453,0.8839619845122086,0.3413329468118883
25096,0.6286666666666667,2,16,2,510197,95413,58505,49451,0.8838137759828079,0.3413615529047935
25097,0.6286904761904762,0,2,0,510199,95411,58505,49451,0.8837952499166327,0.34136626582540625
25098,0.6287142857142857,0,2,0,510201,95409,58505,49451,0.8837767238504576,0.3413709788761563
25099,0.628736111111111,0,1,0,510202,95408,58505,49451,0.88376746081737,0.34137333545033444
25100,0.62875,1,1,1,510203,95407,58506,49450,0.8837581977842824,0.34137114533643526
25101,0.6287777777777778,0,2,0,510205,95405,58506,49450,0.8837396717181074,0.3413758586172379
25102,0.6287976190476189,0,2,0,510207,95403,58506,49450,0.8837211456519323,0.3413805720281941
25103,0.6288095238095238,2,3,2,510210,95400,58508,49448,0.8836933565526696,0.3413785485474428
25104,0.628813492063492,0,2,0,510212,95398,58508,49448,0.8836748304864945,0.3413832622233268
25105,0.6288333333333332,0,2,0,510214,95396,58508,49448,0.8836563044203194,0.3413879760293833
25106,0.6288333333333334,4,7,4,510221,95389,58512,49444,0.8835914631887065,0.3413862862745369
25107,0.6288571428571429,0,1,0,510222,95388,58512,49444,0.883582200155619,0.34138864339372516
25108,0.6288690476190476,0,2,0,510224,95386,58512,49444,0.8835636740894438,0.3413933577297521
25109,0.6288712121212121,0,1,0,510225,95385,58512,49444,0.8835544110563563,0.3413957149465922
25110,0.6288809523809524,0,2,0,510227,95383,58512,49444,0.8835358849901812,0.3414004294779288
25111,0.6289285714285714,0,1,0,510228,95382,58512,49444,0.8835266219570936,0.34140278679242675
25112,0.6289285714285715,0,2,0,510230,95380,58512,49444,0.8835080958909185,0.3414075015190852
25113,0.6289444444444445,0,1,0,510231,95379,58512,49444,0.8834988328578309,0.3414098589312471
25114,0.6289523809523809,0,1,0,510232,95378,58512,49444,0.8834895698247434,0.34141221637596497
25115,0.628952380952381,0,2,0,510234,95376,58512,49444,0.8834710437585683,0.3414169313630714
25116,0.6289999999999999,1,5,1,510239,95371,58513,49443,0.8834247285931305,0.3414241716961067
25117,0.629,6,38,6,510277,95333,58519,49437,0.8830727333358035,0.34148649582095736
25118,0.6290000000000001,0,1,0,510278,95332,58519,49437,0.8830634703027159,0.3414888546581105
25119,0.6290476190476191,1,7,1,510285,95325,58520,49436,0.882998629071103,0.3415008185906425
25120,0.629072039072039,0,5,0,510290,95320,58520,49436,0.8829523139056653,0.3415126143303214
25121,0.6290833333333334,0,1,0,510291,95319,58520,49436,0.8829430508725777,0.34151497357604227
25122,0.6291190476190477,0,1,0,510292,95318,58520,49436,0.8829337878394902,0.3415173328543598
25123,0.6291428571428571,0,1,0,510293,95317,58520,49436,0.8829245248064026,0.3415196921652746
25124,0.6291547619047619,0,1,0,510294,95316,58520,49436,0.882915261773315,0.34152205150878745
25125,0.6291666666666665,0,2,0,510296,95314,58520,49436,0.88289673570714,0.34152677029360967
25126,0.6291666666666667,16,54,16,510350,95260,58536,49420,0.882396531920412,0.34158142106718276
25127,0.6291666666666668,9,29,9,510379,95231,58545,49411,0.8821279039608729,0.3416089379295087
25128,0.6291904761904762,0,1,0,510380,95230,58545,49411,0.8821186409277854,0.34161129970063814
25129,0.6292142857142857,0,1,0,510381,95229,58545,49411,0.8821093778946978,0.3416136615044248
25130,0.6292261904761905,1,2,1,510383,95227,58546,49410,0.8820908518285228,0.34161383325151934
25131,0.6292380952380953,0,1,0,510384,95226,58546,49410,0.8820815887954352,0.3416161951381399
25132,0.62925,1,0,1,510384,95226,58547,49409,0.8820815887954352,0.3416116431016006
25133,0.6292539682539683,1,2,1,510386,95224,58548,49408,0.88206306272926,0.3416118148127662
25134,0.6292561327561328,0,3,0,510389,95221,58548,49408,0.8820352736299975,0.34161890077370377
25135,0.6292619047619048,0,1,0,510390,95220,58548,49408,0.8820260105969099,0.3416212628260088
25136,0.6292738095238094,0,1,0,510391,95219,58548,49408,0.8820167475638223,0.3416236249109779
25137,0.6292857142857142,1,0,1,510391,95219,58549,49407,0.8820167475638223,0.34161907264254004
25138,0.6292857142857143,0,4,0,510395,95215,58549,49407,0.881979695431472,0.3416285212484961
25139,0.6293333333333333,3,6,3,510401,95209,58552,49404,0.8819241172329467,0.34162903750008644
25140,0.6293333333333334,6,15,6,510416,95194,58558,49398,0.8817851717366334,0.34163715834900965
25141,0.6293512043512043,0,1,0,510417,95193,58558,49398,0.8817759087035459,0.3416395211320207
25142,0.629357142857143,0,1,0,510418,95192,58558,49398,0.8817666456704584,0.3416418839477142
25143,0.6293690476190477,0,1,0,510419,95191,58558,49398,0.8817573826373708,0.341644246796091
25144,0.6293809523809525,0,1,0,510420,95190,58558,49398,0.8817481196042832,0.34164660967715166
25145,0.6294047619047619,0,2,0,510422,95188,58558,49398,0.8817295935381081,0.34165133553732724
25146,0.6294166666666666,0,1,0,510423,95187,58558,49398,0.8817203305050205,0.3416536985164436
25147,0.6294166666666667,0,1,0,510424,95186,58558,49398,0.8817110674719331,0.34165606152824657
25148,0.6294285714285714,0,1,0,510425,95185,58558,49398,0.8817018044388455,0.34165842457273676
25149,0.6294444444444445,0,1,0,510426,95184,58558,49398,0.8816925414057579,0.3416607876499149
25150,0.6295,1,3,1,510429,95181,58559,49397,0.8816647523064952,0.3416633236038678
25151,0.6295000000000001,5,11,5,510440,95170,58564,49392,0.8815628589425322,0.34166655137588026
25152,0.6295238095238095,0,2,0,510442,95168,58564,49392,0.881544332876357,0.34167127836192585
25153,0.6295833333333333,1,0,1,510442,95168,58565,49391,0.881544332876357,0.3416667243132562
25154,0.6295833333333334,1,1,1,510443,95167,58566,49390,0.8815350698432695,0.34166453371334493
25155,0.6295952380952382,0,3,0,510446,95164,58566,49390,0.8815072807440069,0.34167162444484417
25156,0.6296190476190477,1,0,1,510446,95164,58567,49389,0.8815072807440069,0.3416670702095425
25157,0.6296428571428571,0,1,0,510447,95163,58567,49389,0.8814980177109193,0.3416694338369583
25158,0.6296428571428572,0,3,0,510450,95160,58567,49389,0.8814702286116566,0.3416765249154266
25159,0.6296666666666666,2,6,2,510456,95154,58569,49387,0.8814146504131313,0.34168159899267336
25160,0.6296666666666667,1,15,1,510471,95139,58570,49386,0.881275704916818,0.341712506486767
25161,0.6297045454545455,0,1,0,510472,95138,58570,49386,0.8812664418837304,0.3417148708864964
25162,0.6297142857142858,1,1,1,510473,95137,58571,49385,0.8812571788506428,0.34171268042235786
25163,0.62975,0,1,0,510474,95136,58571,49385,0.8812479158175553,0.3417150448723715
25164,0.6297619047619047,1,0,1,510474,95136,58572,49384,0.8812479158175553,0.341710489897592
25165,0.6298095238095238,0,1,0,510475,95135,58572,49384,0.8812386527844678,0.34171285436516996
25166,0.6298333333333332,2,6,2,510481,95129,58574,49382,0.8811830745859425,0.34171793150694413
25167,0.6298333333333334,4,6,4,510487,95123,58578,49378,0.881127496387417,0.34171389817371506
25168,0.6299206349206349,0,1,0,510488,95122,58578,49378,0.8811182333543296,0.34171626297577856
25169,0.6299761904761905,0,1,0,510489,95121,58578,49378,0.881108970321242,0.3417186278105731
25170,0.6299999999999999,6,12,6,510501,95109,58584,49372,0.8809978139241913,0.34171967248288704
25171,0.63,562,1845,562,512346,93264,59146,48810,0.8639075178776539,0.3435533595168715
25172,0.6300000000000001,3,22,3,512368,93242,59149,48807,0.8637037311497276,0.34359270392611
25173,0.6300833333333333,0,1,0,512369,93241,59149,48807,0.8636944681166401,0.3435951227753999
25174,0.6301190476190476,0,2,0,512371,93239,59149,48807,0.863675942050465,0.3435999605761514
25175,0.6301212121212121,0,1,0,512372,93238,59149,48807,0.8636666790173775,0.34360237952761447
25176,0.6301428571428571,0,1,0,512373,93237,59149,48807,0.8636574159842899,0.3436047985131368
25177,0.6301587301587301,1,0,1,512373,93237,59150,48806,0.8636574159842899,0.3436001774110657
25178,0.6301666666666667,1,10,1,512383,93227,59151,48805,0.8635647856534143,0.3436197476624986
25179,0.6301904761904762,0,1,0,512384,93226,59151,48805,0.8635555226203268,0.34362216699171305
25180,0.6302142857142858,2,0,2,512384,93226,59153,48803,0.8635555226203268,0.3436129241211302
25181,0.6302380952380952,0,1,0,512385,93225,59153,48803,0.8635462595872393,0.34361534345340355
25182,0.6302380952380953,0,1,0,512386,93224,59153,48803,0.8635369965541517,0.34361776281974554
25183,0.6302500000000001,0,1,0,512387,93223,59153,48803,0.8635277335210642,0.3436201822201569
25184,0.6302629037629037,0,2,0,512389,93221,59153,48803,0.863509207454889,0.34362502112319043
25185,0.6302857142857142,0,2,0,512391,93219,59153,48803,0.8634906813887139,0.34362986016251
25186,0.6302857142857143,0,1,0,512392,93218,59153,48803,0.8634814183556264,0.34363227973327887
25187,0.6303095238095238,0,1,0,512393,93217,59153,48803,0.8634721553225388,0.3436346993381214
25188,0.6303333333333332,0,2,0,512395,93215,59153,48803,0.8634536292563637,0.3436395386500303
25189,0.6303333333333333,1,4,1,512399,93211,59154,48802,0.8634165771240135,0.3436445959172752
25190,0.6303333333333334,2,8,2,512407,93203,59156,48800,0.8633424728593131,0.3436547115201791
25191,0.6303571428571428,0,2,0,512409,93201,59156,48800,0.863323946793138,0.3436595516932979
25192,0.630357142857143,0,1,0,512410,93200,59156,48800,0.8633146837600504,0.3436619718309859
25193,0.6304166666666666,0,1,0,512411,93199,59156,48800,0.8633054207269628,0.3436643920027606
25194,0.6304444444444445,0,1,0,512412,93198,59156,48800,0.8632961576938752,0.34366681220862266
25195,0.6304523809523809,1,0,1,512412,93198,59157,48799,0.8632961576938752,0.3436621900462686
25196,0.6304642857142858,0,1,0,512413,93197,59157,48799,0.8632868946607877,0.3436646102707118
25197,0.6304761904761904,0,1,0,512414,93196,59157,48799,0.8632776316277002,0.34366703052924397
25198,0.6304761904761905,0,1,0,512415,93195,59157,48799,0.8632683685946126,0.34366945082186573
25199,0.6305,0,8,0,512423,93187,59157,48799,0.8631942643299122,0.34368881439015114
25200,0.6305000000000001,0,4,0,512427,93183,59157,48799,0.8631572121975619,0.34369849699257654
25201,0.6305238095238095,1,0,1,512427,93183,59158,48798,0.8631572121975619,0.3436938745325079
25202,0.6305454545454545,0,1,0,512428,93182,59158,48798,0.8631479491644745,0.3436962952528525
25203,0.6305555555555555,0,2,0,512430,93180,59158,48798,0.8631294230982993,0.34370113679584163
25204,0.6305833333333334,1,0,1,512430,93180,59159,48797,0.8631294230982993,0.3436965142241349
25205,0.6305952380952382,0,2,0,512432,93178,59159,48797,0.8631108970321242,0.34370135587251277
25206,0.6306190476190476,1,0,1,512432,93178,59160,48796,0.8631108970321242,0.34369673320467126
25207,0.6306428571428571,1,0,1,512432,93178,59161,48795,0.8631108970321242,0.3436921104717094
25208,0.6306666666666666,4,20,4,512452,93158,59165,48791,0.8629256363703731,0.34372204101473064
25209,0.6306666666666667,3,8,3,512460,93150,59168,48788,0.8628515321056727,0.3437275430117375
25210,0.6306666666666668,0,4,0,512464,93146,59168,48788,0.8628144799733225,0.3437372299801316
25211,0.6307142857142857,1,3,1,512467,93143,59169,48787,0.8627866908740598,0.3437398717677728
25212,0.6307142857142858,0,1,0,512468,93142,59169,48787,0.8627774278409722,0.3437422936820523
25213,0.6307725330225331,1,0,1,512468,93142,59170,48786,0.8627774278409722,0.34373766980440784
25214,0.6307857142857144,0,1,0,512469,93141,59170,48786,0.8627681648078847,0.3437400917373016
25215,0.6308095238095238,0,1,0,512470,93140,59170,48786,0.8627589017747972,0.3437425137043248
25216,0.6308214285714286,0,2,0,512472,93138,59170,48786,0.862740375708622,0.34374735774076265
25217,0.6308333333333332,16,34,16,512506,93104,59186,48770,0.8624254325836452,0.3437557269126126
25218,0.6308333333333334,17,24,17,512530,93080,59203,48753,0.8622031197895439,0.34373523792065314
25219,0.6308333333333335,1,1,1,512531,93079,59204,48752,0.8621938567564563,0.3437330343859946
25220,0.6308531746031746,0,1,0,512532,93078,59204,48752,0.8621845937233688,0.34373545794260735
25221,0.6308571428571428,0,1,0,512533,93077,59204,48752,0.8621753306902812,0.34373788153339585
25222,0.6308571428571429,1,3,1,512536,93074,59205,48751,0.8621475415910186,0.3437405252952582
25223,0.6308809523809523,0,1,0,512537,93073,59205,48751,0.862138278557931,0.34374294900722024
25224,0.6308928571428571,0,1,0,512538,93072,59205,48751,0.8621290155248434,0.3437453727533616
25225,0.6309365079365079,0,1,0,512539,93071,59205,48751,0.8621197524917559,0.3437477965336831
25226,0.6309404761904762,0,1,0,512540,93070,59205,48751,0.8621104894586683,0.34375022034818536
25227,0.6309523809523809,0,1,0,512541,93069,59205,48751,0.8621012264255808,0.3437526441968693
25228,0.6309999999999999,1,2,1,512543,93067,59206,48750,0.8620827003594057,0.34375286460720506
25229,0.631,8,39,8,512582,93028,59214,48742,0.861721442068991,0.34381039712209915
25230,0.6310000000000001,0,2,0,512584,93026,59214,48742,0.861702916002816,0.34381524744653236
25231,0.6310238095238094,0,1,0,512585,93025,59214,48742,0.8616936529697284,0.34381767266006896
25232,0.6310238095238097,1,1,1,512586,93024,59215,48741,0.8616843899366409,0.3438154692625119
25233,0.631068181818182,0,1,0,512587,93023,59215,48741,0.8616751269035533,0.3438178945289354
25234,0.6310714285714285,1,2,1,512589,93021,59216,48740,0.8616566008373782,0.3438181164071924
25235,0.6310714285714286,0,1,0,512590,93020,59216,48740,0.8616473378042906,0.34382054176072235
25236,0.6310833333333334,0,1,0,512591,93019,59216,48740,0.8616380747712031,0.34382296714847027
25237,0.6311111111111112,1,1,1,512592,93018,59217,48739,0.8616288117381156,0.3438207637012634
25238,0.6311190476190477,0,1,0,512593,93017,59217,48739,0.861619548705028,0.3438231891419058
25239,0.6311666666666665,0,1,0,512594,93016,59217,48739,0.8616102856719404,0.34382561461676836
25240,0.6311666666666667,3,5,3,512599,93011,59220,48736,0.8615639705065027,0.3438238551785928
25241,0.6311666666666668,1,4,1,512603,93007,59221,48735,0.8615269183741524,0.3438289286167826
25242,0.6311904761904761,0,1,0,512604,93006,59221,48735,0.8615176553410648,0.34383135437170614
25243,0.6312222222222222,0,1,0,512605,93005,59221,48735,0.8615083923079774,0.3438337801608579
25244,0.63125,1,1,1,512606,93004,59222,48734,0.8614991292748898,0.3438315765708561
25245,0.6312777777777778,0,1,0,512607,93003,59222,48734,0.8614898662418022,0.3438340024129197
25246,0.6313095238095238,1,0,1,512607,93003,59223,48733,0.8614898662418022,0.34382937291866567
25247,0.6313333333333333,5,14,5,512621,92989,59228,48728,0.8613601837785765,0.3438401885447759
25248,0.6313333333333334,1,3,1,512624,92986,59229,48727,0.8613323946793138,0.343842837283806
25249,0.6313809523809524,0,1,0,512625,92985,59229,48727,0.8613231316462262,0.3438452636332844
25250,0.6314285714285713,1,0,1,512625,92985,59230,48726,0.8613231316462262,0.3438406334017825
25251,0.6314285714285715,0,1,0,512626,92984,59230,48726,0.8613138686131386,0.3438430597699527
25252,0.631452380952381,0,2,0,512628,92982,59230,48726,0.8612953425469636,0.34384791260902703
25253,0.6315,6,11,6,512639,92971,59236,48720,0.8611934491830004,0.34384682160475966
25254,0.6315000000000001,1,2,1,512641,92969,59237,48719,0.8611749231168254,0.3438470442098131
25255,0.6315238095238095,0,2,0,512643,92967,59237,48719,0.8611563970506503,0.3438518978586452
25256,0.631547619047619,2,0,2,512643,92967,59239,48717,0.8611563970506503,0.3438426357245702
25257,0.6315714285714286,1,1,1,512644,92966,59240,48716,0.8611471340175627,0.34384043138860265
25258,0.6316190476190475,0,1,0,512645,92965,59240,48716,0.8611378709844751,0.3438428582519886
25259,0.6316428571428571,0,1,0,512646,92964,59240,48716,0.8611286079513876,0.343845285149633
25260,0.6316666666666666,36,128,36,512774,92836,59276,48680,0.8599429397161806,0.34398937222646203
25261,0.6316666666666667,18,85,18,512859,92751,59294,48662,0.8591555819037385,0.344112634623408
25262,0.6316666666666668,0,1,0,512860,92750,59294,48662,0.859146318870651,0.344115068028173
25263,0.6316825396825396,0,1,0,512861,92749,59294,48662,0.8591370558375635,0.34411750146735404
25264,0.6317142857142857,0,1,0,512862,92748,59294,48662,0.8591277928044759,0.34411993494095183
25265,0.6317261904761906,0,1,0,512863,92747,59294,48662,0.8591185297713884,0.34412236844896715
25266,0.6317380952380952,0,1,0,512864,92746,59294,48662,0.8591092667383008,0.3441248019914008
25267,0.6317499999999999,1,0,1,512864,92746,59295,48661,0.8591092667383008,0.3441201637825567
25268,0.6317619047619047,0,1,0,512865,92745,59295,48661,0.8591000037052132,0.3441225973438185
25269,0.6317792207792207,0,1,0,512866,92744,59295,48661,0.8590907406721257,0.34412503093950003
25270,0.6317857142857143,0,3,0,512869,92741,59295,48661,0.859062951572863,0.34413233193307025
25271,0.6318181818181818,0,1,0,512870,92740,59295,48661,0.8590536885397755,0.344134765666438
25272,0.6318333333333332,0,5,0,512875,92735,59295,48661,0.8590073733743377,0.34414693484964215
25273,0.6318333333333334,0,5,0,512880,92730,59295,48661,0.8589610582088999,0.3441591048935222
25274,0.6318888888888889,0,3,0,512883,92727,59295,48661,0.8589332691096373,0.3441664073330127
25275,0.6318928571428573,0,2,0,512885,92725,59295,48661,0.8589147430434622,0.34417127579816953
25276,0.6319047619047619,0,2,0,512887,92723,59295,48661,0.858896216977287,0.34417614440106375
25277,0.6319285714285714,1,2,1,512889,92721,59296,48660,0.8588776909111119,0.34417637447747573
25278,0.6319761904761905,1,0,1,512889,92721,59297,48659,0.8588776909111119,0.3441717357476305
25279,0.632,7,38,7,512927,92683,59304,48652,0.8585256956537849,0.34423178971946083
25280,0.6320000000000001,0,1,0,512928,92682,59304,48652,0.8585164326206973,0.344234225310258
25281,0.6320198412698412,1,0,1,512928,92682,59305,48651,0.8585164326206973,0.3442295854471355
25282,0.6320220057720057,1,2,1,512930,92680,59306,48650,0.8584979065545222,0.34422981674096087
25283,0.6320238095238095,0,1,0,512931,92679,59306,48650,0.8584886435214346,0.3442322524039652
25284,0.6320833333333333,1,1,1,512932,92678,59307,48649,0.8584793804883472,0.3442300480446058
25285,0.6321111111111112,0,1,0,512933,92677,59307,48649,0.8584701174552596,0.34423248376094984
25286,0.6321428571428571,1,3,1,512936,92674,59308,48648,0.8584423283559969,0.34423515093191437
25287,0.6321666666666665,0,1,0,512937,92673,59308,48648,0.8584330653229093,0.34423758677054367
25288,0.6321666666666667,1,4,1,512941,92669,59309,48647,0.8583960131905591,0.34424269014124376
25289,0.6321666666666668,0,2,0,512943,92667,59309,48647,0.858377487124384,0.3442475621665228
25290,0.6322142857142857,0,1,0,512944,92666,59309,48647,0.8583682240912964,0.34424999823087754
25291,0.6322222222222222,0,1,0,512945,92665,59309,48647,0.8583589610582089,0.34425243432971014
25292,0.6322380952380953,1,1,1,512946,92664,59310,48646,0.8583496980251214,0.34425022999080035
25293,0.6322474747474749,0,1,0,512947,92663,59310,48646,0.8583404349920338,0.3442526661429916
25294,0.6322727272727273,0,1,0,512948,92662,59310,48646,0.8583311719589463,0.3442551023296629
25295,0.6322738095238095,0,4,0,512952,92658,59310,48646,0.858294119826596,0.34426484742116287
25296,0.6323333333333333,1,17,1,512969,92641,59311,48645,0.8581366482641076,0.3443016293192531
25297,0.6323650793650792,1,0,1,512969,92641,59312,48644,0.8581366482641076,0.34429698835686734
25298,0.632376984126984,0,1,0,512970,92640,59312,48644,0.8581273852310201,0.3442994252710852
25299,0.6323809523809524,4,4,4,512974,92636,59316,48640,0.8580903330986698,0.344290608454373
25300,0.6324166666666666,0,1,0,512975,92635,59316,48640,0.8580810700655823,0.34429304547867634
25301,0.6324523809523809,0,2,0,512977,92633,59316,48640,0.8580625439994072,0.34429791963078576
25302,0.6325,48,181,48,513158,92452,59364,48592,0.8563859350105598,0.3445166047474547
25303,0.6325000000000001,0,17,0,513175,92435,59364,48592,0.8562284634480715,0.344558134257979
25304,0.6325238095238095,0,1,0,513176,92434,59364,48592,0.8562192004149839,0.3445605774821664
25305,0.6325714285714286,0,1,0,513177,92433,59364,48592,0.8562099373818963,0.34456302074100337
25306,0.6325833333333333,0,1,0,513178,92432,59364,48592,0.8562006743488088,0.34456546403449057
25307,0.6326190476190476,2,0,2,513178,92432,59366,48590,0.8562006743488088,0.3445561685410787
25308,0.6326428571428572,1,0,1,513178,92432,59367,48589,0.8562006743488088,0.34455152069549927
25309,0.6326666666666666,0,1,0,513179,92431,59367,48589,0.8561914113157212,0.3445539639767409
25310,0.6326666666666667,5,27,5,513206,92404,59372,48584,0.8559413094223572,0.34459670326552616
25311,0.6326666666666668,1,0,1,513206,92404,59373,48583,0.8559413094223572,0.3445920545865931
25312,0.6326904761904761,0,1,0,513207,92403,59373,48583,0.8559320463892697,0.3445944987445562
25313,0.6326904761904762,0,1,0,513208,92402,59373,48583,0.8559227833561821,0.3445969429371919
25314,0.6327142857142857,1,3,1,513211,92399,59374,48582,0.8558949942569195,0.3445996269000787
25315,0.6327619047619047,0,1,0,513212,92398,59374,48582,0.8558857312238319,0.3446020712157753
25316,0.6327777777777778,1,0,1,513212,92398,59375,48581,0.8558857312238319,0.34459742231112434
25317,0.6327777777777779,1,0,1,513212,92398,59376,48580,0.8558857312238319,0.34459277334052124
25318,0.6327857142857143,0,1,0,513213,92397,59376,48580,0.8558764681907444,0.34459521765961826
25319,0.6328095238095238,1,1,1,513214,92396,59377,48579,0.8558672051576568,0.3445930129455577
25320,0.6328333333333331,0,1,0,513215,92395,59377,48579,0.8558579421245692,0.34459545731837077
25321,0.6328333333333332,0,1,0,513216,92394,59377,48579,0.8558486790914818,0.3445979017258624
25322,0.6328333333333334,0,13,0,513229,92381,59377,48579,0.8557282596613435,0.34462968217934165
25323,0.6328571428571429,1,2,1,513231,92379,59378,48578,0.8557097335951684,0.3446299226005094
25324,0.6329044566544566,0,1,0,513232,92378,59378,48578,0.8557004705620809,0.34463236754731974
25325,0.6329166666666667,1,4,1,513236,92374,59379,48577,0.8556634184297306,0.34463749813765066
25326,0.6329523809523809,0,3,0,513239,92371,59379,48577,0.855635629330468,0.3446448335556375
25327,0.6329761904761905,0,4,0,513243,92367,59379,48577,0.8555985771981177,0.3446546145987059
25328,0.6329848484848486,0,1,0,513244,92366,59379,48577,0.8555893141650301,0.34465705994621937
25329,0.6329999999999999,0,1,0,513245,92365,59379,48577,0.8555800511319427,0.344659505328433
25330,0.633,3,22,3,513267,92343,59382,48574,0.8553762644040165,0.3446993620358083
25331,0.6330050505050505,1,0,1,513267,92343,59383,48573,0.8553762644040165,0.3446947117431661
25332,0.6330476190476191,0,2,0,513269,92341,59383,48573,0.8553577383378413,0.3446996040137956
25333,0.6330555555555556,0,3,0,513272,92338,59383,48573,0.8553299492385786,0.3447069426801314
25334,0.6330595238095239,0,1,0,513273,92337,59383,48573,0.8553206862054912,0.34470938897168407
25335,0.6330833333333333,0,1,0,513274,92336,59383,48573,0.8553114231724036,0.34471183529795824
25336,0.6330952380952382,1,1,1,513275,92335,59384,48572,0.855302160139316,0.3447096311751723
25337,0.6331190476190476,1,0,1,513275,92335,59385,48571,0.855302160139316,0.34470498062538146
25338,0.6331666666666665,0,1,0,513276,92334,59385,48571,0.8552928971062285,0.3447074269898158
25339,0.6331666666666667,2,5,2,513281,92329,59387,48569,0.8552465819407907,0.3447103578475209
25340,0.6331904761904762,0,1,0,513282,92328,59387,48569,0.8552373189077032,0.34471280438902174
25341,0.6332023809523811,0,1,0,513283,92327,59387,48569,0.8552280558746156,0.34471525096525096
25342,0.6332142857142857,1,2,1,513285,92325,59388,48568,0.8552095298084404,0.344715493317624
25343,0.6332222222222222,1,0,1,513285,92325,59389,48567,0.8552095298084404,0.34471084234732985
25344,0.6332857142857143,1,0,1,513285,92325,59390,48566,0.8552095298084404,0.3447061913110135
25345,0.6332976190476189,0,1,0,513286,92324,59390,48566,0.8552002667753529,0.3447086379444957
25346,0.6333030303030303,0,1,0,513287,92323,59390,48566,0.8551910037422654,0.3447110846127093
25347,0.6333253968253969,0,1,0,513288,92322,59390,48566,0.8551817407091779,0.34471353131565496
25348,0.6333333333333333,104,309,104,513597,92013,59494,48462,0.8523194634851236,0.34498665242925786
25349,0.6333333333333334,0,2,0,513599,92011,59494,48462,0.8523009374189484,0.3449915642151873
25350,0.6333354978354977,1,0,1,513599,92011,59495,48461,0.8523009374189484,0.3449869013041745
25351,0.6333571428571428,0,1,0,513600,92010,59495,48461,0.852291674385861,0.34498935723387747
25352,0.6333809523809524,0,1,0,513601,92009,59495,48461,0.8522824113527734,0.3449918131985477
25353,0.6334166666666667,0,1,0,513602,92008,59495,48461,0.8522731483196858,0.3449942691981861
25354,0.6334285714285715,1,0,1,513602,92008,59496,48460,0.8522731483196858,0.3449896061736481
25355,0.6334404761904762,0,1,0,513603,92007,59496,48460,0.8522638852865982,0.34499206219254347
25356,0.6334523809523809,0,1,0,513604,92006,59496,48460,0.8522546222535107,0.34499451824640837
25357,0.633452380952381,0,1,0,513605,92005,59496,48460,0.8522453592204231,0.3449969743352437
25358,0.6334761904761905,0,2,0,513607,92003,59496,48460,0.8522268331542481,0.34500188661782816
25359,0.6335,1,4,1,513611,91999,59497,48459,0.8521897810218978,0.34500704837033136
25360,0.6335000000000001,0,13,0,513624,91986,59497,48459,0.8520693615917596,0.3450389832318701
25361,0.6335238095238096,0,1,0,513625,91985,59497,48459,0.852060098558672,0.345041440004557
25362,0.6335555555555555,0,1,0,513626,91984,59497,48459,0.8520508355255845,0.34504389681222986
25363,0.6335714285714286,1,1,1,513627,91983,59498,48458,0.8520415724924969,0.3450416901047415
25364,0.6335833333333333,0,2,0,513629,91981,59498,48458,0.8520230464263219,0.34504660386359914
25365,0.6336060606060606,0,1,0,513630,91980,59498,48458,0.8520137833932343,0.3450490607955112
25366,0.6336111111111109,1,0,1,513630,91980,59499,48457,0.8520137833932343,0.34504439713181
25367,0.6336190476190476,1,3,1,513633,91977,59500,48456,0.8519859942939716,0.3450471043130888
25368,0.633626984126984,0,1,0,513634,91976,59500,48456,0.851976731260884,0.34504956135353765
25369,0.6336538461538461,1,1,1,513635,91975,59501,48455,0.8519674682277966,0.34504735455387026
25370,0.6336666666666666,1,5,1,513640,91970,59502,48454,0.8519211530623587,0.34505497635731786
25371,0.6336666666666667,3,12,3,513652,91958,59505,48451,0.8518099966653081,0.34507047269049707
25372,0.6336666666666668,1,1,1,513653,91957,59506,48450,0.8518007336322205,0.34506826582720235
25373,0.6337222222222222,1,0,1,513653,91957,59507,48449,0.8518007336322205,0.345063601270601
25374,0.6337499999999999,0,1,0,513654,91956,59507,48449,0.851791470599133,0.3450660589010363
25375,0.63375,1,1,1,513655,91955,59508,48448,0.8517822075660454,0.3450638519119962
25376,0.6337777777777778,1,1,1,513656,91954,59509,48447,0.8517729445329578,0.34506164486007934
25377,0.6338095238095238,1,8,1,513664,91946,59510,48446,0.8516988402682575,0.3450766425437347
25378,0.6338333333333332,0,6,0,513670,91940,59510,48446,0.8516432620697321,0.3450913908794324
25379,0.6338333333333334,5,7,5,513677,91933,59515,48441,0.8515784208381192,0.34508527220140484
25380,0.6338452380952382,0,1,0,513678,91932,59515,48441,0.8515691578050317,0.3450877305464726
25381,0.6338471177944861,1,0,1,513678,91932,59516,48440,0.8515691578050317,0.3450830649987177
25382,0.6338809523809524,1,1,1,513679,91931,59517,48439,0.8515598947719442,0.34508085773313385
25383,0.633888888888889,1,1,1,513680,91930,59518,48438,0.8515506317388566,0.34507865040465063
25384,0.6338928571428573,1,2,1,513682,91928,59519,48437,0.8515321056726814,0.34507890143554304
25385,0.633952380952381,0,1,0,513683,91927,59519,48437,0.8515228426395939,0.34508135989285
25386,0.6339999999999999,2,1,2,513684,91926,59521,48435,0.8515135796065063,0.345074486502661
25387,0.634,19,60,19,513744,91866,59540,48416,0.8509577976212531,0.3451333742033903
25388,0.6340357142857143,0,1,0,513745,91865,59540,48416,0.8509485345881656,0.34513583450360347
25389,0.634047619047619,0,1,0,513746,91864,59540,48416,0.850939271555078,0.34513829483889363
25390,0.6340476190476191,2,1,2,513747,91863,59542,48414,0.8509300085219904,0.3451314185504395
25391,0.6340555555555556,0,1,0,513748,91862,59542,48414,0.8509207454889028,0.34513387892440617
25392,0.6341190476190476,2,3,2,513751,91859,59544,48412,0.8508929563896402,0.3451319232057945
25393,0.6341468253968254,0,3,0,513754,91856,59544,48412,0.8508651672903775,0.3451393047594605
25394,0.6341666666666665,0,1,0,513755,91855,59544,48412,0.85085590425729,0.3451417653475158
25395,0.6341666666666667,10,48,10,513803,91807,59554,48402,0.8504112786690874,0.3452132174111505
25396,0.6341666666666668,7,19,7,513822,91788,59561,48395,0.8502352810404239,0.3452273100161931
25397,0.6342261904761906,0,2,0,513824,91786,59561,48395,0.8502167549742488,0.3452322354670034
25398,0.6342500000000001,0,1,0,513825,91785,59561,48395,0.8502074919411612,0.34523469824511344
25399,0.6342777777777778,0,1,0,513826,91784,59561,48395,0.8501982289080736,0.3452371610583611
25400,0.6342857142857141,0,1,0,513827,91783,59561,48395,0.8501889658749862,0.3452396239067471
25401,0.6342857142857143,0,5,0,513832,91778,59561,48395,0.8501426507095483,0.3452519386757792
25402,0.6342880452880454,2,0,2,513832,91778,59563,48393,0.8501426507095483,0.34524259654279416
25403,0.6343333333333333,4,11,4,513843,91767,59567,48389,0.8500407573455853,0.3452510060218614
25404,0.6343333333333334,3,8,3,513851,91759,59570,48386,0.8499666530808848,0.3452566984194941
25405,0.6343571428571428,1,1,1,513852,91758,59571,48385,0.8499573900477972,0.34525449005658504
25406,0.6343809523809524,0,1,0,513853,91757,59571,48385,0.8499481270147097,0.3452569536612864
25407,0.6343888888888888,0,4,0,513857,91753,59571,48385,0.8499110748823595,0.3452668084316888
25408,0.6343888888888889,0,1,0,513858,91752,59571,48385,0.8499018118492719,0.34526927221219234
25409,0.6344444444444444,0,1,0,513859,91751,59571,48385,0.8498925488161844,0.34527173602785866
25410,0.6344444444444445,2,3,2,513862,91748,59573,48383,0.8498647597169217,0.345269783274222
25411,0.6344523809523809,0,2,0,513864,91746,59573,48383,0.8498462336507466,0.3452747111590035
25412,0.634452380952381,0,1,0,513865,91745,59573,48383,0.8498369706176591,0.3452771751541448
25413,0.6344761904761905,0,1,0,513866,91744,59573,48383,0.8498277075845715,0.3452796391844541
25414,0.6344999999999998,1,0,1,513866,91744,59574,48382,0.8498277075845715,0.3452749668155803
25415,0.6345,0,4,0,513870,91740,59574,48382,0.8497906554522213,0.34528482322547493
25416,0.6345000000000001,3,9,3,513879,91731,59577,48379,0.8497072881544333,0.34529298408393405
25417,0.6345238095238095,0,1,0,513880,91730,59577,48379,0.8496980251213457,0.34529544854363386
25418,0.6345238095238096,2,0,2,513880,91730,59579,48377,0.8496980251213457,0.34528610276431587
25419,0.6345357142857143,0,1,0,513881,91729,59579,48377,0.8496887620882582,0.3452885672276705
25420,0.6345555555555555,1,0,1,513881,91729,59580,48376,0.8496887620882582,0.3452838942221905
25421,0.6345714285714287,0,1,0,513882,91728,59580,48376,0.8496794990551706,0.34528635870496205
25422,0.6345833333333333,1,0,1,513882,91728,59581,48375,0.8496794990551706,0.34528168561701034
25423,0.6345833333333334,0,2,0,513884,91726,59581,48375,0.8496609729889956,0.3452866146565692
25424,0.6345952380952382,0,1,0,513885,91725,59581,48375,0.849651709955908,0.34528907922912205
25425,0.6346111111111111,0,1,0,513886,91724,59581,48375,0.8496424469228204,0.34529154383685823
25426,0.6346309523809524,0,1,0,513887,91723,59581,48375,0.8496331838897329,0.3452940084797784
25427,0.6346428571428571,0,1,0,513888,91722,59581,48375,0.8496239208566453,0.3452964731578835
25428,0.6346428571428572,2,0,2,513888,91722,59583,48373,0.8496239208566453,0.34528712659266925
25429,0.6346666666666666,4,14,4,513902,91708,59587,48369,0.8494942383934195,0.3453029405255681
25430,0.6346666666666667,4,15,4,513917,91693,59591,48365,0.8493552928971062,0.3453212240643162
25431,0.6347142857142857,0,2,0,513919,91691,59591,48365,0.8493367668309311,0.34532615525218485
25432,0.6347222222222222,0,1,0,513920,91690,59591,48365,0.8493275037978436,0.34532862089893257
25433,0.6347619047619047,0,2,0,513922,91688,59591,48365,0.8493089777316685,0.34533355229805857
25434,0.6347619047619049,0,1,0,513923,91687,59591,48365,0.8492997146985809,0.3453360180504384
25435,0.634797619047619,0,1,0,513924,91686,59591,48365,0.8492904516654933,0.34533848383803045
25436,0.6348333333333332,0,2,0,513926,91684,59591,48365,0.8492719255993182,0.3453434155188541
25437,0.6348333333333334,0,11,0,513937,91673,59591,48365,0.8491700322353551,0.34537054228138075
25438,0.6348888888888888,0,1,0,513938,91672,59591,48365,0.8491607692022676,0.3453730085620229
25439,0.6349642857142856,1,0,1,513938,91672,59592,48364,0.8491607692022676,0.3453683338570082
25440,0.6349761904761905,0,1,0,513939,91671,59592,48364,0.84915150616918,0.3453708001571036
25441,0.6349999999999999,4,13,4,513952,91658,59596,48360,0.8490310867390418,0.34538416489308515
25442,0.635,192,603,192,514555,91055,59788,48168,0.8434454777872467,0.34597731696630585
25443,0.6350000000000001,3,13,3,514568,91042,59791,48165,0.8433250583571085,0.34599553183388765
25444,0.6350209235209237,1,2,1,514570,91040,59792,48164,0.8433065322909333,0.3459958047182552
25445,0.6350238095238097,0,2,0,514572,91038,59792,48164,0.8432880062247582,0.3460007758509217
25446,0.6350357142857141,0,2,0,514574,91036,59792,48164,0.8432694801585832,0.3460057471264368
25447,0.6350476190476191,0,1,0,514575,91035,59792,48164,0.8432602171254956,0.3460082328177645
25448,0.6350714285714285,0,1,0,514576,91034,59792,48164,0.843250954092408,0.3460107185448067
25449,0.6350952380952382,1,2,1,514578,91032,59793,48163,0.8432324280262329,0.3460109917741298
25450,0.6351071428571428,1,2,1,514580,91030,59794,48162,0.8432139019600579,0.3460112650152308
25451,0.6351190476190476,0,2,0,514582,91028,59794,48162,0.8431953758938827,0.3460162367986206
25452,0.6351190476190477,0,1,0,514583,91027,59794,48162,0.8431861128607951,0.346018722743895
25453,0.6351666666666665,0,3,0,514586,91024,59794,48162,0.8431583237615324,0.3460261807940454
25454,0.6351666666666667,0,6,0,514592,91018,59794,48162,0.8431027455630071,0.34604109785888776
25455,0.6351666666666668,2,1,2,514593,91017,59796,48160,0.8430934825299196,0.3460341866831445
25456,0.6351904761904762,0,1,0,514594,91016,59796,48160,0.843084219496832,0.3460366729895959
25457,0.6352380952380953,1,2,1,514596,91014,59797,48159,0.843065693430657,0.34603694682158176
25458,0.63525,1,0,1,514596,91014,59798,48158,0.843065693430657,0.34603224786595005
25459,0.6352857142857142,1,0,1,514596,91014,59799,48157,0.843065693430657,0.3460275488427905
25460,0.6353037518037519,0,1,0,514597,91013,59799,48157,0.8430564303975694,0.34603003520873754
25461,0.6353095238095239,1,1,1,514598,91012,59800,48156,0.8430471673644818,0.34602782248792824
25462,0.6353214285714286,0,1,0,514599,91011,59800,48156,0.8430379043313942,0.34603030890943975
25463,0.6353333333333332,0,8,0,514607,91003,59800,48156,0.8429638000666938,0.34605020156799055
25464,0.6353333333333333,4,14,4,514621,90989,59804,48152,0.842834117603468,0.3460662205963735
25465,0.6353333333333334,5,13,5,514634,90976,59809,48147,0.8427136981733299,0.3460750558857989
25466,0.6353571428571427,1,0,1,514634,90976,59810,48146,0.8427136981733299,0.34607035551530313
25467,0.6353571428571428,1,0,1,514634,90976,59811,48145,0.8427136981733299,0.3460656550772349
25468,0.6353809523809523,1,0,1,514634,90976,59812,48144,0.8427136981733299,0.34606095457159286
25469,0.6354166666666666,1,2,1,514636,90974,59813,48143,0.8426951721071547,0.3460612290374289
25470,0.6354523809523811,0,1,0,514637,90973,59813,48143,0.8426859090740673,0.34606371661059837
25471,0.6355,2,13,2,514650,90960,59815,48141,0.842565489643929,0.3460866564582569
25472,0.6355000000000001,1,4,1,514654,90956,59816,48140,0.8425284375115788,0.3460919077471674
25473,0.6355238095238095,0,1,0,514655,90955,59816,48140,0.8425191744784912,0.34609439591645996
25474,0.6355238095238096,0,1,0,514656,90954,59816,48140,0.8425099114454037,0.34609688412152934
25475,0.6355476190476189,0,1,0,514657,90953,59816,48140,0.8425006484123161,0.34609937236237626
25476,0.6355555555555555,0,2,0,514659,90951,59816,48140,0.8424821223461411,0.3461043489514059
25477,0.6355833333333334,0,1,0,514660,90950,59816,48140,0.8424728593130535,0.3461068372995902
25478,0.6355952380952382,0,2,0,514662,90948,59816,48140,0.8424543332468784,0.3461118141033015
25479,0.6356190476190475,0,1,0,514663,90947,59816,48140,0.8424450702137908,0.3461143025588301
25480,0.6356309523809524,0,1,0,514664,90946,59816,48140,0.8424358071807032,0.34611679105014165
25481,0.6356428571428572,0,1,0,514665,90945,59816,48140,0.8424265441476156,0.3461192795772369
25482,0.6356666666666666,2,21,2,514686,90924,59818,48138,0.842232020452777,0.3461621435043362
25483,0.6356666666666667,1,13,1,514699,90911,59819,48137,0.8421116010226388,0.34618980495943846
25484,0.6356746031746031,0,2,0,514701,90909,59819,48137,0.8420930749564638,0.34619478445981905
25485,0.6357142857142857,2,7,2,514708,90902,59821,48135,0.8420282337248509,0.3462028093241367
25486,0.6357142857142858,0,1,0,514709,90901,59821,48135,0.8420189706917633,0.3462052993469317
25487,0.6357509157509156,1,0,1,514709,90901,59822,48134,0.8420189706917633,0.34620059697198546
25488,0.6357828282828284,0,1,0,514710,90900,59822,48134,0.8420097076586758,0.34620308701468705
25489,0.6357857142857143,0,1,0,514711,90899,59822,48134,0.8420004446255882,0.3462055770932081
25490,0.6358095238095237,0,1,0,514712,90898,59822,48134,0.8419911815925006,0.3462080672075493
25491,0.6358333333333333,8,22,8,514734,90876,59830,48126,0.8417873948645744,0.3462252341692925
25492,0.6358333333333334,13,54,13,514788,90822,59843,48113,0.8412871910778466,0.34629862885522006
25493,0.6358333333333335,0,1,0,514789,90821,59843,48113,0.841277928044759,0.34630112139577063
25494,0.635858543417367,1,0,1,514789,90821,59844,48112,0.841277928044759,0.3462964162581964
25495,0.6358809523809524,1,0,1,514789,90821,59845,48111,0.841277928044759,0.3462917110528892
25496,0.6359523809523809,1,0,1,514789,90821,59846,48110,0.841277928044759,0.34628700577984756
25497,0.635952380952381,2,0,2,514789,90821,59848,48108,0.841277928044759,0.34627759503055516
25498,0.6359999999999999,1,4,1,514793,90817,59849,48107,0.8412408759124088,0.3462828596930696
25499,0.636,14,70,14,514863,90747,59863,48093,0.8405924635962799,0.34639152981849614
25500,0.6360000000000001,0,3,0,514866,90744,59863,48093,0.8405646744970173,0.3463990146718814
25501,0.6360039682539683,0,1,0,514867,90743,59863,48093,0.8405554114639298,0.3464015096948918
25502,0.6360674603174603,0,3,0,514870,90740,59863,48093,0.840527622364667,0.3464089949795798
25503,0.636095238095238,0,1,0,514871,90739,59863,48093,0.8405183593315795,0.34641149014636397
25504,0.6361031746031744,0,1,0,514872,90738,59863,48093,0.840509096298492,0.3464139853490935
25505,0.6361031746031748,0,2,0,514874,90736,59863,48093,0.8404905702323169,0.34641897586239184
25506,0.6361190476190477,0,1,0,514875,90735,59863,48093,0.8404813071992293,0.34642147117296224
25507,0.6361428571428571,0,1,0,514876,90734,59863,48093,0.8404720441661417,0.3464239665194811
25508,0.636154761904762,1,0,1,514876,90734,59864,48092,0.8404720441661417,0.3464192586403123
25509,0.6361666666666665,0,3,0,514879,90731,59864,48092,0.8404442550668791,0.34642674484775576
25510,0.6361666666666667,0,4,0,514883,90727,59864,48092,0.8404072029345289,0.3464367269610068
25511,0.6361666666666668,1,1,1,514884,90726,59865,48091,0.8403979399014413,0.34643451450470764
25512,0.6361904761904762,0,2,0,514886,90724,59865,48091,0.8403794138352663,0.3464395058170947
25513,0.6362222222222224,1,0,1,514886,90724,59866,48090,0.8403794138352663,0.34643479764288904
25514,0.6362380952380953,0,2,0,514888,90722,59866,48090,0.8403608877690911,0.3464397890672276
25515,0.63625,0,6,0,514894,90716,59866,48090,0.8403053095705658,0.34645476420327653
25516,0.6362857142857142,1,0,1,514894,90716,59867,48089,0.8403053095705658,0.34645005583372357
25517,0.6363095238095238,0,4,0,514898,90712,59867,48089,0.8402682574382155,0.34646003991325713
25518,0.6363333333333333,4,10,4,514908,90702,59871,48085,0.8401756271073401,0.34646616758053705
25519,0.6363333333333334,1,2,1,514910,90700,59872,48084,0.8401571010411649,0.34646645146414573
25520,0.6363690476190477,0,1,0,514911,90699,59872,48084,0.8401478380080774,0.3464689479258987
25521,0.6363809523809523,0,3,0,514914,90696,59872,48084,0.8401200489088148,0.3464764375270212
25522,0.6363968253968255,0,2,0,514916,90694,59872,48084,0.8401015228426396,0.34648143077433025
25523,0.6364285714285713,0,1,0,514917,90693,59872,48084,0.840092259809552,0.3464839274519553
25524,0.6364523809523809,0,2,0,514919,90691,59872,48084,0.8400737337433769,0.34648892091515043
25525,0.6364898989898989,0,1,0,514920,90690,59872,48084,0.8400644707102893,0.34649141770072206
25526,0.6365,2,19,2,514939,90671,59874,48082,0.8398884730816258,0.3465294444084092
25527,0.6365000000000001,0,1,0,514940,90670,59874,48082,0.8398792100485383,0.3465319418819188
25528,0.6365303030303029,0,1,0,514941,90669,59874,48082,0.8398699470154507,0.3465344393914278
25529,0.6365476190476191,0,1,0,514942,90668,59874,48082,0.8398606839823631,0.34653693693693693
25530,0.6366190476190476,0,1,0,514943,90667,59874,48082,0.8398514209492757,0.346539434518447
25531,0.6366428571428571,0,1,0,514944,90666,59874,48082,0.8398421579161881,0.34654193213595874
25532,0.6366587301587301,1,0,1,514944,90666,59875,48081,0.8398421579161881,0.34653722242643087
25533,0.6366666666666666,74,228,74,515172,90438,59949,48007,0.8377301863722257,0.34675864061540684
25534,0.6366666666666667,31,114,31,515286,90324,59980,47976,0.8366742006002446,0.34689804772234273
25535,0.6367142857142859,0,1,0,515287,90323,59980,47976,0.836664937567157,0.34690055604161996
25536,0.636718253968254,0,1,0,515288,90322,59980,47976,0.8366556745340694,0.34690306439717133
25537,0.6367777777777778,1,0,1,515288,90322,59981,47975,0.8366556745340694,0.3468983419741571
25538,0.6367857142857143,2,1,2,515289,90321,59983,47973,0.8366464115009818,0.34689140526703977
25539,0.6368095238095238,0,1,0,515290,90320,59983,47973,0.8366371484678943,0.3468939136471116
25540,0.6368333333333333,0,5,0,515295,90315,59983,47973,0.8365908333024565,0.34690645609163484
25541,0.6368333333333334,1,8,1,515303,90307,59984,47972,0.8365167290377561,0.34692180302142767
25542,0.6368333333333335,0,1,0,515304,90306,59984,47972,0.8365074660046685,0.3469243118934321
25543,0.6368571428571428,1,0,1,515304,90306,59985,47971,0.8365074660046685,0.34691958894103864
25544,0.6368690476190476,0,1,0,515305,90305,59985,47971,0.8364982029715811,0.34692209783331884
25545,0.6369047619047619,0,3,0,515308,90302,59985,47971,0.8364704138723184,0.34692962472789335
25546,0.6369166666666666,1,0,1,515308,90302,59986,47970,0.8364704138723184,0.34692490164313816
25547,0.6369166666666667,0,2,0,515310,90300,59986,47970,0.8364518878061432,0.3469299197222825
25548,0.6369303751803751,0,3,0,515313,90297,59986,47970,0.8364240987068806,0.346937447113194
25549,0.637,6,29,6,515342,90268,59992,47964,0.8361554707473415,0.34698188552578274
25550,0.6370238095238094,0,1,0,515343,90267,59992,47964,0.836146207714254,0.346984395685483
25551,0.637047619047619,0,1,0,515344,90266,59992,47964,0.8361369446811664,0.34698690588150183
25552,0.6370833333333333,0,2,0,515346,90264,59992,47964,0.8361184186149913,0.3469919263824985
25553,0.6370952380952382,0,2,0,515348,90262,59992,47964,0.8360998925488162,0.346996947028779
25554,0.637098484848485,1,1,1,515349,90261,59993,47963,0.8360906295157287,0.3469947331867114
25555,0.6371428571428571,3,5,3,515354,90256,59996,47960,0.8360443143502908,0.34699311223013257
25556,0.6371666666666667,5,7,5,515361,90249,60001,47955,0.8359794731186779,0.34698706260310846
25557,0.6372420634920635,0,1,0,515362,90248,60001,47955,0.8359702100855905,0.3469895733088283
25558,0.6372619047619048,0,1,0,515363,90247,60001,47955,0.8359609470525029,0.34699208405088205
25559,0.6372727272727272,1,0,1,515363,90247,60002,47954,0.8359609470525029,0.34698735899161365
25560,0.6372978132978131,0,1,0,515364,90246,60002,47954,0.8359516840194153,0.3469898697539797
25561,0.6373333333333333,11,22,11,515386,90224,60013,47943,0.8357478972914891,0.3469931315002859
25562,0.637357142857143,0,4,0,515390,90220,60013,47943,0.835710845159139,0.3470031774063968
25563,0.6373690476190478,0,2,0,515392,90218,60013,47943,0.8356923190929638,0.347008200577587
25564,0.6373809523809524,1,1,1,515393,90217,60014,47942,0.8356830560598763,0.34700598585687503
25565,0.6374166666666666,0,1,0,515394,90216,60014,47942,0.8356737930267887,0.3470084975173352
25566,0.6374761904761906,0,1,0,515395,90215,60014,47942,0.8356645299937011,0.3470110092141549
25567,0.6375,48,182,48,515577,90033,60062,47894,0.8339786579717663,0.3472416568184619
25568,0.6375000000000001,1,16,1,515593,90017,60063,47893,0.8338304494423654,0.3472772097744906
25569,0.6375238095238095,0,1,0,515594,90016,60063,47893,0.8338211864092778,0.3472797279365379
25570,0.6375555555555554,0,1,0,515595,90015,60063,47893,0.8338119233761903,0.34728224613510456
25571,0.6375833333333334,0,1,0,515596,90014,60063,47893,0.8338026603431028,0.3472847643701915
25572,0.6376190476190476,0,4,0,515600,90010,60063,47893,0.8337656082107525,0.3472948376757576
25573,0.6376666666666666,5,18,5,515618,89992,60068,47888,0.8335988736151766,0.34731650710762985
25574,0.6376666666666667,2,11,2,515629,89981,60070,47886,0.8334969802512134,0.3473347501577607
25575,0.6377142857142857,0,1,0,515630,89980,60070,47886,0.8334877172181259,0.3473372695225799
25576,0.6377222222222221,1,0,1,515630,89980,60071,47885,0.8334877172181259,0.34733253545134735
25577,0.6377261904761905,0,2,0,515632,89978,60071,47885,0.8334691911519508,0.347337574258503
25578,0.6377380952380952,0,1,0,515633,89977,60071,47885,0.8334599281188633,0.34734009371690533
25579,0.6377500000000002,1,0,1,515633,89977,60072,47884,0.8334599281188633,0.34733535952880074
25580,0.6377745310245311,0,4,0,515637,89973,60072,47884,0.833422875986513,0.347345437663666
25581,0.6377777777777779,0,2,0,515639,89971,60072,47884,0.833404349920338,0.34735047695041893
25582,0.6378333333333333,0,1,0,515640,89970,60072,47884,0.8333950868872504,0.34735299664862823
25583,0.6378333333333334,0,9,0,515649,89961,60072,47884,0.8333117195894624,0.34737567557764154
25584,0.6378333333333335,0,2,0,515651,89959,60072,47884,0.8332931935232872,0.3473807157418222
25585,0.6378571428571429,0,1,0,515652,89958,60072,47884,0.8332839304901997,0.34738323587875974
25586,0.6379166666666667,0,2,0,515654,89956,60072,47884,0.8332654044240246,0.34738827626233315
25587,0.637936507936508,0,1,0,515655,89955,60072,47884,0.8332561413909371,0.3473907965089706
25588,0.6379393939393939,0,1,0,515656,89954,60072,47884,0.8332468783578495,0.34739331679217633
25589,0.6379761904761905,0,3,0,515659,89951,60072,47884,0.8332190892585868,0.3474008778612109
25590,0.638,16,58,16,515717,89893,60088,47868,0.8326818333395087,0.3474713453009197
25591,0.6380238095238095,1,0,1,515717,89893,60089,47867,0.8326818333395087,0.3474666085946574
25592,0.638095238095238,0,1,0,515718,89892,60089,47867,0.8326725703064212,0.34746913087348197
25593,0.6381428571428571,1,1,1,515719,89891,60090,47866,0.8326633072733336,0.34746691638174465
25594,0.6381666666666665,1,2,1,515721,89889,60091,47865,0.8326447812071585,0.3474672241822379
25595,0.6381666666666667,1,19,1,515740,89870,60092,47864,0.832468783578495,0.3475104186330173
25596,0.6381666666666668,1,3,1,515743,89867,60093,47863,0.8324409944792323,0.3475132505626951
25597,0.6382142857142857,1,2,1,515745,89865,60094,47862,0.8324224684130572,0.34751355943279094
25598,0.6382380952380953,0,2,0,515747,89863,60094,47862,0.8324039423468821,0.3475186059175894
25599,0.6382619047619048,0,1,0,515748,89862,60094,47862,0.8323946793137945,0.34752112921495165
25600,0.6382857142857143,2,2,2,515750,89860,60096,47860,0.8323761532476194,0.3475167005518443
25601,0.6382976190476191,0,2,0,515752,89858,60096,47860,0.8323576271814442,0.34752174733876473
25602,0.6383095238095238,0,2,0,515754,89856,60096,47860,0.8323391011152692,0.34752679427227046
25603,0.6383333333333332,0,1,0,515755,89855,60096,47860,0.8323298380821816,0.3475293177939948
25604,0.6383333333333333,56,181,56,515936,89674,60152,47804,0.8306532290933343,0.34772108991984174
25605,0.6383333333333334,0,2,0,515938,89672,60152,47804,0.8306347030271592,0.347726148564113
25606,0.6383333333333335,0,1,0,515939,89671,60152,47804,0.8306254399940717,0.3477286779414439
25607,0.6383571428571428,0,1,0,515940,89670,60152,47804,0.8306161769609841,0.34773120735557267
25608,0.6383690476190477,0,2,0,515942,89668,60152,47804,0.830597650894809,0.3477362662942272
25609,0.6384047619047619,0,1,0,515943,89667,60152,47804,0.8305883878617214,0.3477387958187545
25610,0.6384166666666666,2,1,2,515944,89666,60154,47802,0.8305791248286339,0.3477318357726889
25611,0.638430735930736,0,1,0,515945,89665,60154,47802,0.8305698617955464,0.34773436533859037
25612,0.6384444444444444,0,1,0,515946,89664,60154,47802,0.8305605987624588,0.34773689494129456
25613,0.638452380952381,0,2,0,515948,89662,60154,47802,0.8305420726962837,0.34774195425711457
25614,0.6384761904761904,0,2,0,515950,89660,60154,47802,0.8305235466301085,0.3477470137201554
25615,0.6385,1,4,1,515954,89656,60155,47801,0.8304864944977584,0.3477523880195261
25616,0.6385000000000001,5,11,5,515965,89645,60160,47796,0.8303846011337952,0.3477564918765143
25617,0.6385569985569987,0,1,0,515966,89644,60160,47796,0.8303753381007077,0.3477590221187427
25618,0.6385714285714286,0,5,0,515971,89639,60160,47796,0.8303290229352699,0.3477716738821989
25619,0.6386190476190476,0,1,0,515972,89638,60160,47796,0.8303197599021823,0.3477742043453585
25620,0.6386428571428572,1,1,1,515973,89637,60161,47795,0.8303104968690949,0.34777198905640605
25621,0.6386666666666666,1,3,1,515976,89634,60162,47794,0.8302827077698322,0.347774834822598
25622,0.6386666666666667,5,21,5,515997,89613,60167,47789,0.8300881840749935,0.34780425321319924
25623,0.6386818181818181,0,1,0,515998,89612,60167,47789,0.830078921041906,0.34780678452121894
25624,0.6387142857142857,0,1,0,515999,89611,60167,47789,0.8300696580088184,0.34780931586608443
25625,0.6387380952380952,1,1,1,516000,89610,60168,47788,0.8300603949757308,0.347807100540037
25626,0.63875,1,5,1,516005,89605,60169,47787,0.8300140798102931,0.34781501106323515
25627,0.6387619047619048,0,1,0,516006,89604,60169,47787,0.8300048167772055,0.347817542633797
25628,0.6387759740259739,0,1,0,516007,89603,60169,47787,0.8299955537441179,0.34782007424121114
25629,0.6387857142857143,0,1,0,516008,89602,60169,47787,0.8299862907110305,0.3478226058854785
25630,0.6388095238095238,0,6,0,516014,89596,60169,47787,0.829930712512505,0.34783779652504315
25631,0.6388095238095239,0,1,0,516015,89595,60169,47787,0.8299214494794176,0.3478403284273049
25632,0.6388333333333334,2,9,2,516024,89586,60171,47785,0.8298380821816296,0.34785362267145176
25633,0.6388571428571428,0,1,0,516025,89585,60171,47785,0.829828819148542,0.3478561549100968
25634,0.6388888888888888,1,0,1,516025,89585,60172,47784,0.829828819148542,0.3478514075228035
25635,0.6389285714285714,0,1,0,516026,89584,60172,47784,0.8298195561154544,0.3478539397821909
25636,0.6389999999999999,0,4,0,516030,89580,60172,47784,0.8297825039831043,0.34786406918843366
25637,0.639,11,39,11,516069,89541,60183,47773,0.8294212456926896,0.3479106281952314
25638,0.6390079365079364,0,1,0,516070,89540,60183,47773,0.829411982659602,0.34791316190018423
25639,0.6390238095238095,1,0,1,516070,89540,60184,47772,0.829411982659602,0.3479084129573526
25640,0.639047619047619,0,3,0,516073,89537,60184,47772,0.8293841935603394,0.3479160142452425
25641,0.6390476190476191,0,2,0,516075,89535,60184,47772,0.8293656674941643,0.34792108195503507
25642,0.6390606060606061,0,1,0,516076,89534,60184,47772,0.8293564044610767,0.3479236158652936
25643,0.6390992063492064,1,4,1,516080,89530,60185,47771,0.8293193523287266,0.3479290027020925
25644,0.6391111111111111,0,1,0,516081,89529,60185,47771,0.829310089295639,0.34793153678077204
25645,0.6391309523809524,0,1,0,516082,89528,60185,47771,0.8293008262625514,0.34793407089636486
25646,0.639136446886447,0,1,0,516083,89527,60185,47771,0.8292915632294638,0.3479366050488718
25647,0.6391666666666667,21,59,21,516142,89468,60206,47750,0.8287450442772981,0.34798641577635586
25648,0.6391904761904762,0,1,0,516143,89467,60206,47750,0.8287357812442107,0.34798895180626305
25649,0.6392222222222222,0,1,0,516144,89466,60206,47750,0.8287265182111231,0.34799148787313433
25650,0.63925,0,2,0,516146,89464,60206,47750,0.828707992144948,0.34799656011777225
25651,0.6392619047619048,0,1,0,516147,89463,60206,47750,0.8286987291118604,0.3479990962955405
25652,0.6392727272727273,1,0,1,516147,89463,60207,47749,0.8286987291118604,0.3479943445179722
25653,0.6392857142857143,2,5,2,516152,89458,60209,47747,0.8286524139464226,0.34799752195619693
25654,0.6393095238095238,0,1,0,516153,89457,60209,47747,0.8286431509133351,0.348000058307338
25655,0.6393333333333333,4,9,4,516162,89448,60213,47743,0.828559783615547,0.3480038778053954
25656,0.6393333333333334,8,17,8,516179,89431,60221,47735,0.8284023120530587,0.3480089818176516
25657,0.6393441558441558,0,1,0,516180,89430,60221,47735,0.8283930490199711,0.3480115189734991
25658,0.6393571428571427,1,2,1,516182,89428,60222,47734,0.828374522953796,0.34801184001399804
25659,0.6393571428571428,0,1,0,516183,89427,60222,47734,0.8283652599207084,0.3480143772646744
25660,0.6393809523809524,1,2,1,516185,89425,60223,47733,0.8283467338545333,0.3480146983770542
25661,0.6394285714285715,0,1,0,516186,89424,60223,47733,0.8283374708214458,0.3480172357225661
25662,0.6394444444444445,0,1,0,516187,89423,60223,47733,0.8283282077883583,0.3480197731050774
25663,0.6394642857142857,0,1,0,516188,89422,60223,47733,0.8283189447552707,0.348022310524589
25664,0.6394999999999998,0,1,0,516189,89421,60223,47733,0.8283096817221831,0.34802484798110156
25665,0.6395,1,4,1,516193,89417,60224,47732,0.8282726295898329,0.34803024447863273
25666,0.6395000000000001,2,6,2,516199,89411,60226,47730,0.8282170513913075,0.3480359629869988
25667,0.6395238095238095,0,3,0,516202,89408,60226,47730,0.8281892622920449,0.3480435765433359
25668,0.6395238095238096,0,2,0,516204,89406,60226,47730,0.8281707362258698,0.3480486524326216
25669,0.6395714285714286,1,0,1,516204,89406,60227,47729,0.8281707362258698,0.3480438983483429
25670,0.6395833333333333,0,1,0,516205,89405,60227,47729,0.8281614731927822,0.34804643633234644
25671,0.6395833333333334,1,1,1,516206,89404,60228,47728,0.8281522101596946,0.3480442201674299
25672,0.6395952380952381,0,1,0,516207,89403,60228,47728,0.8281429471266072,0.34804675820930353
25673,0.6396111111111111,1,0,1,516207,89403,60229,47727,0.8281429471266072,0.34804200393786916
25674,0.6396428571428572,1,2,1,516209,89401,60230,47726,0.828124421060432,0.3480423257272455
25675,0.6396666666666666,3,9,3,516218,89392,60233,47723,0.828041053762644,0.34805090617364987
25676,0.6396666666666667,0,2,0,516220,89390,60233,47723,0.8280225276964689,0.3480559830213036
25677,0.6397142857142857,0,1,0,516221,89389,60233,47723,0.8280132646633814,0.34805852150067096
25678,0.6397222222222223,0,1,0,516222,89388,60233,47723,0.8280040016302939,0.34806106001706644
25679,0.6397619047619048,0,1,0,516223,89387,60233,47723,0.8279947385972063,0.34806359857049085
25680,0.6397619047619049,0,1,0,516224,89386,60233,47723,0.8279854755641187,0.3480661371609449
25681,0.6398095238095237,1,0,1,516224,89386,60234,47722,0.8279854755641187,0.3480613822679931
25682,0.6398113553113554,1,0,1,516224,89386,60235,47721,0.8279854755641187,0.348056627305681
25683,0.6398333333333333,2,4,2,516228,89382,60237,47719,0.8279484234317684,0.34805727164645045
25684,0.6398333333333334,1,5,1,516233,89377,60238,47718,0.8279021082663307,0.3480652102556621
25685,0.6399285714285715,1,0,1,516233,89377,60239,47717,0.8279021082663307,0.3480604548703809
25686,0.6399642857142857,0,3,0,516236,89374,60239,47717,0.8278743191670681,0.3480680715728968
25687,0.6399880952380951,0,1,0,516237,89373,60239,47717,0.8278650561339805,0.3480706105478153
25688,0.6399999999999999,2,16,2,516253,89357,60241,47715,0.8277168476045796,0.34810172755923896
25689,0.64,613,1851,613,518104,87506,60854,47102,0.8105709733595169,0.3499197670272198
25690,0.6400238095238094,0,1,0,518105,87505,60854,47102,0.8105617103264293,0.3499223665931192
25691,0.6400357142857142,0,2,0,518107,87503,60854,47102,0.8105431842602542,0.34992756584079343
25692,0.640047619047619,0,1,0,518108,87502,60854,47102,0.8105339212271666,0.3499301655225699
25693,0.640079365079365,0,1,0,518109,87501,60854,47102,0.810524658194079,0.3499327652429738
25694,0.6400952380952382,3,3,3,518112,87498,60857,47099,0.8104968690948164,0.3499260756183273
25695,0.6401190476190476,0,4,0,518116,87494,60857,47099,0.8104598169624662,0.34993647515101084
25696,0.6401190476190477,0,1,0,518117,87493,60857,47099,0.8104505539293786,0.34993907513076555
25697,0.6401388888888888,1,1,1,518118,87492,60858,47098,0.8104412908962911,0.34993684523367263
25698,0.640142857142857,0,1,0,518119,87491,60858,47098,0.8104320278632036,0.34993944527413084
25699,0.6401666666666666,0,1,0,518120,87490,60858,47098,0.810422764830116,0.34994204535322615
25700,0.6401666666666667,3,8,3,518128,87482,60861,47095,0.8103486605654155,0.3499483567028541
25701,0.6401666666666668,0,2,0,518130,87480,60861,47095,0.8103301344992404,0.3499535574958202
25702,0.6401904761904763,1,1,1,518131,87479,60862,47094,0.8103208714661528,0.3499513275322687
25703,0.6402380952380952,0,1,0,518132,87478,60862,47094,0.8103116084330654,0.34995392800879827
25704,0.6402499999999999,0,1,0,518133,87477,60862,47094,0.8103023453999778,0.3499565285239762
25705,0.6402619047619048,1,0,1,518133,87477,60863,47093,0.8103023453999778,0.34995169800104037
25706,0.6402777777777777,0,1,0,518134,87476,60863,47093,0.8102930823668902,0.34995429853829635
25707,0.6402857142857142,0,1,0,518135,87475,60863,47093,0.8102838193338027,0.34995689911420247
25708,0.6403095238095239,1,1,1,518136,87474,60864,47092,0.8102745563007151,0.3499546690843155
25709,0.6403253968253969,1,1,1,518137,87473,60865,47091,0.8102652932676275,0.3499524389881395
25710,0.6403333333333333,4,12,4,518149,87461,60869,47087,0.8101541368705769,0.3499643249992568
25711,0.6403571428571427,0,1,0,518150,87460,60869,47087,0.8101448738374893,0.3499669260555791
25712,0.6403609022556391,0,1,0,518151,87459,60869,47087,0.8101356108044018,0.3499695271505656
25713,0.6403809523809524,0,1,0,518152,87458,60869,47087,0.8101263477713142,0.3499721282842172
25714,0.640404761904762,1,0,1,518152,87458,60870,47086,0.8101263477713142,0.3499672969437507
25715,0.6404166666666665,0,2,0,518154,87456,60870,47086,0.8101078217051392,0.3499724992939008
25716,0.6404801587301585,1,0,1,518154,87456,60871,47085,0.8101078217051392,0.34996766784846256
25717,0.6404999999999998,0,1,0,518155,87455,60871,47085,0.8100985586720516,0.3499702690649621
25718,0.6405,2,7,2,518162,87448,60873,47083,0.8100337174404387,0.3499788152916428
25719,0.6405000000000001,1,2,1,518164,87446,60874,47082,0.8100151913742636,0.349979186489058
25720,0.6405357142857143,0,3,0,518167,87443,60874,47082,0.8099874022750009,0.34998699126556404
25721,0.640547619047619,0,1,0,518168,87442,60874,47082,0.8099781392419134,0.34998959293508963
25722,0.6405555555555555,0,1,0,518169,87441,60874,47082,0.8099688762088258,0.3499921946432952
25723,0.6405714285714285,0,1,0,518170,87440,60874,47082,0.8099596131757383,0.34999479639018155
25724,0.6405833333333334,1,1,1,518171,87439,60875,47081,0.8099503501426507,0.34999256616116564
25725,0.6406190476190478,0,1,0,518172,87438,60875,47081,0.8099410871095631,0.3499951679688371
25726,0.6406666666666666,6,23,6,518195,87415,60881,47075,0.8097280373485494,0.3500260242397204
25727,0.6406904761904763,0,1,0,518196,87414,60881,47075,0.8097187743154619,0.3500286268765475
25728,0.6407142857142856,0,2,0,518198,87412,60881,47075,0.8097002482492868,0.3500338322663157
25729,0.6407142857142857,1,7,1,518205,87405,60882,47074,0.8096354070176739,0.35004721926843596
25730,0.6407142857142858,0,1,0,518206,87404,60882,47074,0.8096261439845863,0.3500498222757626
25731,0.6407233183483184,0,1,0,518207,87403,60882,47074,0.8096168809514988,0.35005242532180225
25732,0.6407380952380953,0,1,0,518208,87402,60882,47074,0.8096076179184112,0.35005502840655583
25733,0.6407857142857142,0,1,0,518209,87401,60882,47074,0.8095983548853236,0.35005763153002417
25734,0.6408333333333333,12,24,12,518233,87377,60894,47062,0.8093760420912224,0.35006210995321296
25735,0.6408333333333335,7,40,7,518273,87337,60901,47055,0.8090055207677201,0.35013244836002144
25736,0.6408571428571429,0,1,0,518274,87336,60901,47055,0.8089962577346326,0.3501350536866308
25737,0.6408930930180929,0,1,0,518275,87335,60901,47055,0.8089869947015451,0.3501376590520128
25738,0.6409015151515152,0,1,0,518276,87334,60901,47055,0.8089777316684575,0.3501402644561683
25739,0.6409444444444445,0,1,0,518277,87333,60901,47055,0.80896846863537,0.35014286989909815
25740,0.6409523809523808,0,1,0,518278,87332,60901,47055,0.8089592056022824,0.3501454753808032
25741,0.640952380952381,1,3,1,518281,87329,60902,47054,0.8089314165030197,0.3501484562779518
25742,0.6409761904761905,0,1,0,518282,87328,60902,47054,0.8089221534699322,0.3501510618981709
25743,0.6409999999999999,5,34,5,518316,87294,60907,47049,0.8086072103449553,0.3502154931779103
25744,0.6410000000000001,1,0,1,518316,87294,60908,47048,0.8086072103449553,0.35021065638445165
25745,0.6410198412698412,0,2,0,518318,87292,60908,47048,0.8085886842787803,0.35021587018013994
25746,0.6410714285714286,1,0,1,518318,87292,60909,47047,0.8085886842787803,0.35021103328147446
25747,0.641090909090909,0,1,0,518319,87291,60909,47047,0.8085794212456927,0.35021364022093526
25748,0.6411111111111112,1,3,1,518322,87288,60910,47046,0.80855163214643,0.35021662423511546
25749,0.6411190476190476,0,1,0,518323,87287,60910,47046,0.8085423691133424,0.3502192313132291
25750,0.6411190476190477,0,1,0,518324,87286,60910,47046,0.808533106080255,0.35022183843015814
25751,0.6411309523809524,0,1,0,518325,87285,60910,47046,0.8085238430471674,0.3502244455859035
25752,0.6411428571428571,1,1,1,518326,87284,60911,47045,0.8085145800140798,0.3502222156049699
25753,0.6411666666666664,0,1,0,518327,87283,60911,47045,0.8085053169809923,0.35022482282174977
25754,0.6411666666666666,0,2,0,518329,87281,60911,47045,0.8084867909148171,0.35023003737176717
25755,0.6411666666666668,6,5,6,518334,87276,60917,47039,0.8084404757493794,0.350214049063768
25756,0.6411904761904762,0,1,0,518335,87275,60917,47039,0.8084312127162918,0.35021665649150496
25757,0.6412179487179488,0,1,0,518336,87274,60917,47039,0.8084219496832042,0.35021926395806807
25758,0.641222222222222,0,1,0,518337,87273,60917,47039,0.8084126866501167,0.35022187146345823
25759,0.6412222222222222,2,2,2,518339,87271,60919,47037,0.8083941605839416,0.3502174107275814
25760,0.6412380952380953,1,0,1,518339,87271,60920,47036,0.8083941605839416,0.35021257268794626
25761,0.64125,0,2,0,518341,87269,60920,47036,0.8083756345177665,0.35021778787089086
25762,0.6412619047619047,0,1,0,518342,87268,60920,47036,0.8083663714846789,0.35022039552060996
25763,0.6412619047619049,1,2,1,518344,87266,60921,47035,0.8083478454185038,0.35022077274182617
25764,0.6412857142857143,0,1,0,518345,87265,60921,47035,0.8083385823854162,0.3502233804914371
25765,0.6412878787878787,0,1,0,518346,87264,60921,47035,0.8083293193523288,0.35022598827988294
25766,0.6413095238095238,0,1,0,518347,87263,60921,47035,0.8083200563192412,0.35022859610716467
25767,0.6413214285714285,1,0,1,518347,87263,60922,47034,0.8083200563192412,0.3502237577905687
25768,0.6413333333333333,4,15,4,518362,87248,60926,47030,0.8081811108229279,0.35024352462801056
25769,0.6413333333333334,0,2,0,518364,87246,60926,47030,0.8081625847567527,0.3502487413983139
25770,0.6413661616161616,1,2,1,518366,87244,60927,47029,0.8081440586905776,0.35024911933151115
25771,0.6414100899100899,0,3,0,518369,87241,60927,47029,0.808116269591315,0.35025694496164445
25772,0.6414285714285713,0,1,0,518370,87240,60927,47029,0.8081070065582274,0.3502595535827332
25773,0.6414285714285716,1,3,1,518373,87237,60928,47028,0.8080792174589647,0.3502625404982683
25774,0.6414444444444443,1,0,1,518373,87237,60929,47027,0.8080792174589647,0.35025770124530775
25775,0.641452380952381,0,1,0,518374,87236,60929,47027,0.8080699544258773,0.35026030998860447
25776,0.6414603174603174,1,0,1,518374,87236,60930,47026,0.8080699544258773,0.350255470646944
25777,0.6414761904761904,0,1,0,518375,87235,60930,47026,0.8080606913927897,0.3502580794124876
25778,0.6414880952380951,0,1,0,518376,87234,60930,47026,0.8080514283597021,0.3502606882168926
25779,0.6414999999999997,0,1,0,518377,87233,60930,47026,0.8080421653266145,0.35026329706015985
25780,0.6415,0,4,0,518381,87229,60930,47026,0.8080051131942644,0.35027373282186886
25781,0.6415000000000001,5,14,5,518395,87215,60935,47021,0.8078754307310386,0.35028606335111295
25782,0.6415238095238095,0,2,0,518397,87213,60935,47021,0.8078569046648635,0.35029128238747265
25783,0.6415324675324675,1,1,1,518398,87212,60936,47020,0.8078476416317759,0.3502890517909291
25784,0.6416428571428571,0,1,0,518399,87211,60936,47020,0.8078383785986883,0.35029166138969386
25785,0.6416666666666666,47,118,47,518517,87093,60983,46973,0.806745340694357,0.35037220473498126
25786,0.6416666666666667,23,70,23,518587,87023,61006,46950,0.8060969283782282,0.35044374612795115
25787,0.6416666666666668,0,4,0,518591,87019,61006,46950,0.8060598762458779,0.35045420955594203
25788,0.641690476190476,0,1,0,518592,87018,61006,46950,0.8060506132127904,0.35045682551056967
25789,0.6417023809523812,1,1,1,518593,87017,61007,46949,0.8060413501797028,0.3504545929564218
25790,0.6417777777777778,0,1,0,518594,87016,61007,46949,0.8060320871466153,0.35045720897249283
25791,0.6417857142857142,0,1,0,518595,87015,61007,46949,0.8060228241135278,0.35045982502761935
25792,0.6417857142857143,0,1,0,518596,87014,61007,46949,0.8060135610804402,0.3504624411218023
25793,0.6417857142857144,0,1,0,518597,87013,61007,46949,0.8060042980473526,0.35046505725504246
25794,0.6418333333333333,0,1,0,518598,87012,61007,46949,0.8059950350142651,0.3504676734273408
25795,0.6418333333333334,6,15,6,518613,86997,61013,46943,0.8058560895179517,0.3504778258921905
25796,0.6418571428571428,0,1,0,518614,86996,61013,46943,0.8058468264848642,0.35048044258953703
25797,0.6418809523809523,0,1,0,518615,86995,61013,46943,0.8058375634517766,0.3504830593259568
25798,0.6419047619047618,0,1,0,518616,86994,61013,46943,0.8058283004186891,0.3504856761014507
25799,0.6419047619047619,1,1,1,518617,86993,61014,46942,0.8058190373856016,0.3504834434613805
25800,0.6419285714285715,0,1,0,518618,86992,61014,46942,0.805809774352514,0.3504860602983559
25801,0.6419444444444444,0,1,0,518619,86991,61014,46942,0.8058005113194264,0.3504886771744081
25802,0.6419523809523809,0,1,0,518620,86990,61014,46942,0.8057912482863389,0.350491294089538
25803,0.6419642857142857,0,1,0,518621,86989,61014,46942,0.8057819852532513,0.3504939110437464
25804,0.6419761904761905,0,1,0,518622,86988,61014,46942,0.8057727222201637,0.3504965280370343
25805,0.6419761904761906,0,1,0,518623,86987,61014,46942,0.8057634591870763,0.35049914506940244
25806,0.6419920634920635,1,1,1,518624,86986,61015,46941,0.8057541961539887,0.3504969124971066
25807,0.6419999999999999,0,9,0,518633,86977,61015,46941,0.8056708288562007,0.350520467748921
25808,0.642,9,30,9,518663,86947,61024,46932,0.805392937863574,0.3505553522210354
25809,0.6420238095238094,0,1,0,518664,86946,61024,46932,0.8053836748304865,0.35055797068973243
25810,0.6420436507936508,0,1,0,518665,86945,61024,46932,0.805374411797399,0.350560589197547
25811,0.6420476190476191,0,2,0,518667,86943,61024,46932,0.8053558857312239,0.35056582633053224
25812,0.6420595238095238,0,1,0,518668,86942,61024,46932,0.8053466226981363,0.3505684449557046
25813,0.6420833333333335,0,3,0,518671,86939,61024,46932,0.8053188335988736,0.35057630106595156
25814,0.6420952380952382,1,0,1,518671,86939,61025,46931,0.8053188335988736,0.3505714499140958
25815,0.6421428571428571,0,1,0,518672,86938,61025,46931,0.8053095705657861,0.3505740686790818
25816,0.6421428571428572,1,2,1,518674,86936,61026,46930,0.805291044499611,0.35057445505206697
25817,0.6421666666666666,1,1,1,518675,86935,61027,46929,0.8052817814665234,0.35057222255423415
25818,0.6421666666666667,1,5,1,518680,86930,61028,46928,0.8052354663010857,0.3505804658668141
25819,0.6421666666666668,0,1,0,518681,86929,61028,46928,0.8052262032679981,0.35058308493392204
25820,0.6422142857142856,0,1,0,518682,86928,61028,46928,0.8052169402349105,0.35058570404016254
25821,0.64225,0,1,0,518683,86927,61028,46928,0.805207677201823,0.35058832318553657
25822,0.6422727272727272,0,1,0,518684,86926,61028,46928,0.8051984141687354,0.35059094237004496
25823,0.6422777777777777,1,0,1,518684,86926,61029,46927,0.8051984141687354,0.35058609071145214
25824,0.6422857142857142,1,0,1,518684,86926,61030,46926,0.8051984141687354,0.35058123898036636
25825,0.6423095238095239,0,1,0,518685,86925,61030,46926,0.8051891511356478,0.35058385817065246
25826,0.6423333333333332,2,2,2,518687,86923,61032,46924,0.8051706250694728,0.3505793928888955
25827,0.6423333333333333,4,16,4,518703,86907,61036,46920,0.8050224165400719,0.35060189647828915
25828,0.6423333333333335,0,1,0,518704,86906,61036,46920,0.8050131535069843,0.35060451631222633
25829,0.6423499278499278,0,1,0,518705,86905,61036,46920,0.8050038904738968,0.35060713618531664
25830,0.6423720132206974,1,1,1,518706,86904,61037,46919,0.8049946274408092,0.3506049034919259
25831,0.6423809523809524,0,6,0,518712,86898,61037,46919,0.8049390492422839,0.35062062368757335
25832,0.6423809523809525,1,0,1,518712,86898,61038,46918,0.8049390492422839,0.3506157709093083
25833,0.6424523809523809,0,1,0,518713,86897,61038,46918,0.8049297862091963,0.3506183910622875
25834,0.6425,70,178,70,518891,86719,61108,46848,0.8032809663196117,0.3507453188287526
25835,0.6425000000000002,1,0,1,518891,86719,61109,46847,0.8032809663196117,0.3507404579009628
25836,0.6425079365079364,0,2,0,518893,86717,61109,46847,0.8032624402534366,0.35074570992183524
25837,0.642547619047619,0,1,0,518894,86716,61109,46847,0.8032531772203491,0.35074833599125504
25838,0.6425833333333334,0,1,0,518895,86715,61109,46847,0.8032439141872615,0.3507509620999985
25839,0.6426428571428571,0,1,0,518896,86714,61109,46847,0.8032346511541739,0.3507535882480664
25840,0.6426547619047619,1,0,1,518896,86714,61110,46846,0.8032346511541739,0.3507487271638215
25841,0.6426666666666665,0,2,0,518898,86712,61110,46846,0.8032161250879988,0.3507539795444676
25842,0.6426666666666666,1,17,1,518915,86695,61111,46845,0.8030586535255104,0.3507937696570316
25843,0.6426666666666668,0,4,0,518919,86691,61111,46845,0.8030216013931601,0.35080427749820275
25844,0.6426904761904763,0,2,0,518921,86689,61111,46845,0.8030030753269851,0.35080953165485945
25845,0.6427142857142857,1,0,1,518921,86689,61112,46844,0.8030030753269851,0.35080467000666504
25846,0.6427160894660895,0,1,0,518922,86688,61112,46844,0.8029938122938975,0.35080729712728037
25847,0.6427380952380952,1,2,1,518924,86686,61113,46843,0.8029752862277224,0.3508076897153427
25848,0.64275,0,3,0,518927,86683,61113,46843,0.8029474971284597,0.3508155714991837
25849,0.6427777777777777,0,1,0,518928,86682,61113,46843,0.8029382340953722,0.3508181988391687
25850,0.6427857142857143,0,1,0,518929,86681,61113,46843,0.8029289710622847,0.3508208262185075
25851,0.6428333333333334,5,13,5,518942,86668,61118,46838,0.8028085516321465,0.3508306742768115
25852,0.6428333333333335,1,4,1,518946,86664,61119,46837,0.8027714994997962,0.3508363233234208
25853,0.6428571428571428,1,5,1,518951,86659,61120,46836,0.8027251843343585,0.3508446009213828
25854,0.6428928571428572,0,1,0,518952,86658,61120,46836,0.8027159213012709,0.35084722908894783
25855,0.6429047619047619,0,1,0,518953,86657,61120,46836,0.8027066582681833,0.3508498572958882
25856,0.6429166666666666,0,1,0,518954,86656,61120,46836,0.8026973952350958,0.3508524855422048
25857,0.6429285714285714,0,1,0,518955,86655,61120,46836,0.8026881322020082,0.3508551138278985
25858,0.6429523809523809,0,1,0,518956,86654,61120,46836,0.8026788691689206,0.3508577421529703
25859,0.6429761904761904,1,1,1,518957,86653,61121,46835,0.8026696061358332,0.35085550761117107
25860,0.6429999999999998,1,2,1,518959,86651,61122,46834,0.802651080069658,0.3508559014121437
25861,0.643,7,24,7,518983,86627,61129,46827,0.8024287672755567,0.35088494912104545
25862,0.6430000000000001,0,6,0,518989,86621,61129,46827,0.8023731890770314,0.3509007253761765
25863,0.6430238095238096,0,2,0,518991,86619,61129,46827,0.8023546630108562,0.3509059844431455
25864,0.6430303030303031,1,0,1,518991,86619,61130,46826,0.8023546630108562,0.3509011203117389
25865,0.6430357142857143,0,1,0,518992,86618,61130,46826,0.8023453999777688,0.3509037498875933
25866,0.6430476190476191,0,2,0,518994,86616,61130,46826,0.8023268739115936,0.3509090091575366
25867,0.6430555555555554,0,1,0,518995,86615,61130,46826,0.8023176108785061,0.3509116388516273
25868,0.6430714285714285,0,1,0,518996,86614,61130,46826,0.8023083478454185,0.3509142685851319
25869,0.6430833333333333,0,1,0,518997,86613,61130,46826,0.8022990848123309,0.35091689835805123
25870,0.6430952380952379,1,0,1,518997,86613,61131,46825,0.8022990848123309,0.3509120340532682
25871,0.643095238095238,1,0,1,518997,86613,61132,46824,0.8022990848123309,0.3509071696755772
25872,0.6431190476190474,0,4,0,519001,86609,61132,46824,0.8022620326799808,0.35091768902745196
25873,0.6431309523809523,1,0,1,519001,86609,61133,46823,0.8022620326799808,0.3509128245098627
25874,0.6431666666666667,3,14,3,519015,86595,61136,46820,0.802132350216755,0.3509350522804782
25875,0.6431818181818181,0,1,0,519016,86594,61136,46820,0.8021230871836674,0.3509376827019653
25876,0.6432142857142857,0,1,0,519017,86593,61136,46820,0.8021138241505799,0.35094031316288515
25877,0.6432380952380953,1,2,1,519019,86591,61137,46819,0.8020952980844047,0.35094070909227193
25878,0.6432619047619048,0,2,0,519021,86589,61137,46819,0.8020767720182297,0.35094597025665625
25879,0.6433333333333333,40,125,40,519146,86464,61177,46779,0.8009188928822853,0.3510803569418281
25880,0.6433333333333334,76,211,76,519357,86253,61253,46703,0.7989643929008114,0.3512665844339481
25881,0.6434285714285716,1,0,1,519357,86253,61254,46702,0.7989643929008114,0.3512617050881877
25882,0.6434761904761905,0,1,0,519358,86252,61254,46702,0.7989551298677239,0.3512643470674068
25883,0.6435,1,15,1,519373,86237,61255,46701,0.7988161843714106,0.35129910183694657
25884,0.6435238095238094,0,1,0,519374,86236,61255,46701,0.798806921338323,0.351301744435334
25885,0.643547619047619,0,1,0,519375,86235,61255,46701,0.7987976583052354,0.35130438707347894
25886,0.6435476190476191,0,1,0,519376,86234,61255,46701,0.798788395272148,0.3513070297513822
25887,0.6435714285714286,4,1,4,519377,86233,61259,46697,0.7987791322390604,0.3512901527119537
25888,0.6435833333333334,0,1,0,519378,86232,61259,46697,0.7987698692059728,0.3512927954020567
25889,0.6435952380952382,0,1,0,519379,86231,61259,46697,0.7987606061728852,0.35129543813192105
25890,0.6436111111111111,1,0,1,519379,86231,61260,46696,0.7987606061728852,0.35129055797543013
25891,0.6436190476190475,0,1,0,519380,86230,61260,46696,0.7987513431397977,0.35129320072822473
25892,0.6436428571428572,0,1,0,519381,86229,61260,46696,0.7987420801067101,0.3512958435207824
25893,0.6436666666666666,0,5,0,519386,86224,61260,46696,0.7986957649412724,0.35130905808004814
25894,0.6436666666666667,4,15,4,519401,86209,61264,46692,0.798556819444959,0.35132918488197984
25895,0.6436904761904763,0,1,0,519402,86208,61264,46692,0.7985475564118715,0.35133182844243793
25896,0.6437142857142857,0,2,0,519404,86206,61264,46692,0.7985290303456964,0.35133711568270404
25897,0.6437222222222222,1,1,1,519405,86205,61265,46691,0.7985197673126089,0.3513348784011558
25898,0.6437380952380952,0,1,0,519406,86204,61265,46691,0.7985105042795213,0.3513375221039166
25899,0.64375,1,2,1,519408,86202,61266,46690,0.7984919782133462,0.3513379285434789
25900,0.6437619047619048,1,1,1,519409,86201,61267,46689,0.7984827151802586,0.3513356911731507
25901,0.6437777777777777,0,2,0,519411,86199,61267,46689,0.7984641891140836,0.3513409788694239
25902,0.6437857142857143,1,1,1,519412,86198,61268,46688,0.798454926080996,0.35133874147765753
25903,0.6437976190476192,0,1,0,519413,86197,61268,46688,0.7984456630479084,0.35134138540843585
25904,0.6438095238095238,0,1,0,519414,86196,61268,46688,0.7984364000148209,0.35134402937900727
25905,0.6438333333333333,0,6,0,519420,86190,61268,46688,0.7983808218162955,0.3513598940381403
25906,0.6438333333333334,1,0,1,519420,86190,61269,46687,0.7983808218162955,0.35135501253038526
25907,0.6438452380952381,0,5,0,519425,86185,61269,46687,0.7983345066508578,0.3513682340899512
25908,0.6438571428571429,0,1,0,519426,86184,61269,46687,0.7983252436177702,0.3513708785212725
25909,0.6438888888888888,1,1,1,519427,86183,61270,46686,0.7983159805846827,0.3513686412933039
25910,0.6438961316461317,0,1,0,519428,86182,61270,46686,0.7983067175515951,0.351371285787398
25911,0.6439166666666667,1,1,1,519429,86181,61271,46685,0.7982974545185075,0.35136904851504525
25912,0.6439220779220779,0,1,0,519430,86180,61271,46685,0.79828819148542,0.3513716930719151
25913,0.6439285714285713,0,1,0,519431,86179,61271,46685,0.7982789284523324,0.35137433766859344
25914,0.6439523809523809,0,4,0,519435,86175,61271,46685,0.7982418763199822,0.3513849164534096
25915,0.6439880952380952,0,1,0,519436,86174,61271,46685,0.7982326132868947,0.35138756124914383
25916,0.6439999999999999,0,2,0,519438,86172,61271,46685,0.7982140872207195,0.3513928509600548
25917,0.644,16,50,16,519488,86122,61287,46669,0.7977509355663418,0.3514470107160877
25918,0.6440119047619048,1,1,1,519489,86121,61288,46668,0.7977416725332543,0.35144477328694396
25919,0.6440173160173159,0,1,0,519490,86120,61288,46668,0.7977324095001668,0.3514474199475856
25920,0.6440357142857143,0,1,0,519491,86119,61288,46668,0.7977231464670792,0.35145006664809053
25921,0.644047619047619,1,0,1,519491,86119,61289,46667,0.7977231464670792,0.351445182474056
25922,0.6440555555555556,0,1,0,519492,86118,61289,46667,0.7977138834339916,0.351447829197575
25923,0.6440714285714286,0,1,0,519493,86117,61289,46667,0.7977046204009041,0.35145047596095913
25924,0.6440952380952382,0,1,0,519494,86116,61289,46667,0.7976953573678165,0.35145312276420926
25925,0.6441190476190477,1,1,1,519495,86115,61290,46666,0.7976860943347289,0.35145088529232343
25926,0.644151515151515,1,0,1,519495,86115,61291,46665,0.7976860943347289,0.35144600090375056
25927,0.6441666666666666,13,53,13,519548,86062,61304,46652,0.7971951535810886,0.35152282351522823
25928,0.6441666666666667,10,24,10,519572,86038,61314,46642,0.7969728407869873,0.3515375339161893
25929,0.6441904761904762,0,1,0,519573,86037,61314,46642,0.7969635777538997,0.35154018345028226
25930,0.6441904761904763,0,3,0,519576,86034,61314,46642,0.7969357886546371,0.35154813229220055
25931,0.6442142857142857,1,1,1,519577,86033,61315,46641,0.7969265256215495,0.35154589444804557
25932,0.6442499999999999,1,0,1,519577,86033,61316,46640,0.7969265256215495,0.3515410068363571
25933,0.64425,0,1,0,519578,86032,61316,46640,0.796917262588462,0.35154365653642067
25934,0.6442857142857144,1,4,1,519582,86028,61317,46639,0.7968802104561118,0.3515493679664121
25935,0.6443095238095239,1,1,1,519583,86027,61318,46638,0.7968709474230242,0.35154712998907023
25936,0.6443333333333334,2,14,2,519597,86013,61320,46636,0.7967412649597985,0.35157445589488046
25937,0.6443809523809524,0,3,0,519600,86010,61320,46636,0.7967134758605358,0.35158240730968143
25938,0.6444047619047619,1,1,1,519601,86009,61321,46635,0.7967042128274482,0.3515801694761919
25939,0.6444433344433343,0,1,0,519602,86008,61321,46635,0.7966949497943606,0.3515828200508131
25940,0.6444615384615385,1,0,1,519602,86008,61322,46634,0.7966949497943606,0.3515779315752175
25941,0.6444761904761904,0,1,0,519603,86007,61322,46634,0.7966856867612732,0.351580582172933
25942,0.6444880952380952,1,0,1,519603,86007,61323,46633,0.7966856867612732,0.3515756936067551
25943,0.6444999999999999,0,1,0,519604,86006,61323,46633,0.7966764237281856,0.35157834422756506
25944,0.6445000000000001,2,7,2,519611,85999,61325,46631,0.7966115824965727,0.3515871220689135
25945,0.6445238095238095,1,0,1,519611,85999,61326,46630,0.7966115824965727,0.3515822331465969
25946,0.644595238095238,1,1,1,519612,85998,61327,46629,0.7966023194634851,0.35157999502363774
25947,0.6446071428571429,1,3,1,519615,85995,61328,46628,0.7965745303642224,0.35158305874546647
25948,0.6446309523809524,1,1,1,519616,85994,61329,46627,0.7965652673311349,0.3515808205337013
25949,0.6446428571428572,0,3,0,519619,85991,61329,46627,0.7965374782318723,0.35158877377128295
25950,0.6446666666666667,5,23,5,519642,85968,61334,46622,0.7963244284708585,0.3516253111094351
25951,0.644702380952381,0,2,0,519644,85966,61334,46622,0.7963059024046834,0.3516306151386249
25952,0.644708152958153,0,3,0,519647,85963,61334,46622,0.7962781133054208,0.3516385714824452
25953,0.6447142857142858,0,1,0,519648,85962,61334,46622,0.7962688502723332,0.35164122367706513
25954,0.6447499999999999,1,0,1,519648,85962,61335,46621,0.7962688502723332,0.3516363334665832
25955,0.6447619047619049,2,1,2,519649,85961,61337,46619,0.7962595872392456,0.35162920500829686
25956,0.6447936507936508,0,1,0,519650,85960,61337,46619,0.796250324206158,0.3516318572322917
25957,0.6448033910533908,1,1,1,519651,85959,61338,46618,0.7962410611730705,0.3516296190138561
25958,0.6448095238095237,1,1,1,519652,85958,61339,46617,0.7962317981399829,0.35162738072788985
25959,0.6448333333333331,0,3,0,519655,85955,61339,46617,0.7962040090407203,0.3516353377787165
25960,0.6448333333333334,2,9,2,519664,85946,61341,46615,0.7961206417429323,0.35164942931933224
25961,0.6448791486291486,0,1,0,519665,85945,61341,46615,0.7961113787098447,0.35165208207604104
25962,0.6448809523809524,0,2,0,519667,85943,61341,46615,0.7960928526436697,0.3516573877095309
25963,0.644888888888889,0,3,0,519670,85940,61341,46615,0.796065063544407,0.35166534645996
25964,0.6449444444444444,1,1,1,519671,85939,61342,46614,0.7960558005113194,0.35166310834156905
25965,0.6449761904761906,0,1,0,519672,85938,61342,46614,0.7960465374782318,0.35166576136157884
25966,0.6449999999999999,2,0,2,519672,85938,61344,46612,0.7960465374782318,0.3516559788758959
25967,0.645,207,614,207,520286,85324,61551,46405,0.7903590351624736,0.3522762641483652
25968,0.6450238095238094,0,1,0,520287,85323,61551,46405,0.7903497721293861,0.35227893841855945
25969,0.6450476190476191,2,1,2,520288,85322,61553,46403,0.7903405090962985,0.35227177832605805
25970,0.6450555555555555,0,1,0,520289,85321,61553,46403,0.7903312460632109,0.3522744526434059
25971,0.6450952380952382,1,1,1,520290,85320,61554,46402,0.7903219830301234,0.3522722096536645
25972,0.6451666666666666,0,2,0,520292,85318,61554,46402,0.7903034569639483,0.3522775584573337
25973,0.6451666666666667,2,8,2,520300,85310,61556,46400,0.7902293526992479,0.3522891200364437
25974,0.6451666666666668,3,2,3,520302,85308,61559,46397,0.7902108266330727,0.3522797160320413
25975,0.6451904761904763,0,2,0,520304,85306,61559,46397,0.7901923005668976,0.3522850656401145
25976,0.6452142857142857,0,1,0,520305,85305,61559,46397,0.79018303753381,0.35228774050507966
25977,0.6452380952380952,1,1,1,520306,85304,61560,46396,0.7901737745007226,0.35228549734244496
25978,0.6452857142857144,0,3,0,520309,85301,61560,46396,0.7901459854014599,0.35229352225183563
25979,0.6453333333333333,5,17,5,520326,85284,61565,46391,0.7899885138389714,0.35231441048034934
25980,0.6453571428571427,0,1,0,520327,85283,61565,46391,0.7899792508058838,0.35231708613697466
25981,0.6453928571428571,0,1,0,520328,85282,61565,46391,0.7899699877727964,0.3523197618342409
25982,0.6454166666666665,1,1,1,520329,85281,61566,46390,0.7899607247397088,0.35231751866394273
25983,0.6454285714285715,0,1,0,520330,85280,61566,46390,0.7899514617066212,0.3523201944254576
25984,0.6454572094572093,1,0,1,520330,85280,61567,46389,0.7899514617066212,0.3523152754254988
25985,0.645466810966811,0,4,0,520334,85276,61567,46389,0.789914409574271,0.35232597880985833
25986,0.6454761904761905,0,3,0,520337,85273,61567,46389,0.7898866204750083,0.35233400677492366
25987,0.6455,4,7,4,520344,85266,61571,46385,0.7898217792433955,0.35233306241502155
25988,0.6455000000000001,0,1,0,520345,85265,61571,46385,0.7898125162103079,0.3523357387011014
25989,0.6455555555555557,0,1,0,520346,85264,61571,46385,0.7898032531772203,0.3523384150278392
25990,0.6455833333333334,0,3,0,520349,85261,61571,46385,0.7897754640779577,0.35234644425200917
25991,0.6455952380952381,1,1,1,520350,85260,61572,46384,0.7897662010448702,0.35234420102701225
25992,0.6456071428571428,0,1,0,520351,85259,61572,46384,0.7897569380117826,0.35234687754001354
25993,0.6456190476190475,0,1,0,520352,85258,61572,46384,0.789747674978695,0.3523495540936783
25994,0.6456190476190478,0,2,0,520354,85256,61572,46384,0.7897291489125199,0.3523549073230021
25995,0.6456428571428572,0,3,0,520357,85253,61572,46384,0.7897013598132573,0.3523629374719874
25996,0.6456666666666666,4,15,4,520372,85238,61576,46380,0.789562414316944,0.3523834126031394
25997,0.6456666666666667,0,1,0,520373,85237,61576,46380,0.7895531512838564,0.3523860899427885
25998,0.6456904761904763,0,1,0,520374,85236,61576,46380,0.7895438882507688,0.3523887673231218
25999,0.6457142857142857,2,6,2,520380,85230,61578,46378,0.7894883100522435,0.35239499118594614
26000,0.6457261904761904,0,1,0,520381,85229,61578,46378,0.7894790470191559,0.35239766881700824
26001,0.6457777777777778,1,0,1,520381,85229,61579,46377,0.7894790470191559,0.35239274805100074
26002,0.6457857142857142,1,5,1,520386,85224,61580,46376,0.7894327318537182,0.3524012158054711
26003,0.6458333333333333,7,27,7,520413,85197,61587,46369,0.7891826299603543,0.3524390800054725
26004,0.6458333333333335,9,24,9,520437,85173,61596,46360,0.7889603171662529,0.35245907871028564
26005,0.6458571428571429,0,1,0,520438,85172,61596,46360,0.7889510541331654,0.3524617583553812
26006,0.6459523809523811,1,2,1,520440,85170,61597,46359,0.7889325280669902,0.3524621946490888
26007,0.6459999999999999,14,68,14,520508,85102,61611,46345,0.7883026418170366,0.3525755627743501
26008,0.6460000000000001,0,1,0,520509,85101,61611,46345,0.788293378783949,0.3525782450588074
26009,0.6460225673019789,2,2,2,520511,85099,61613,46343,0.7882748527177739,0.35257375876812586
26010,0.6460238095238094,0,1,0,520512,85098,61613,46343,0.7882655896846864,0.3525764411408921
26011,0.6460317460317461,1,0,1,520512,85098,61614,46342,0.7882655896846864,0.3525715155203895
26012,0.6460476190476192,0,1,0,520513,85097,61614,46342,0.7882563266515988,0.3525741979169044
26013,0.6460714285714286,0,3,0,520516,85094,61614,46342,0.7882285375523361,0.3525822453513497
26014,0.6460952380952381,0,1,0,520517,85093,61614,46342,0.7882192745192486,0.35258492791113477
26015,0.6461111111111112,0,1,0,520518,85092,61614,46342,0.788210011486161,0.35258761051173976
26016,0.6461190476190477,0,1,0,520519,85091,61614,46342,0.7882007484530735,0.3525902931531655
26017,0.6461309523809523,1,0,1,520519,85091,61615,46341,0.7882007484530735,0.35258536733824336
26018,0.6461428571428572,0,1,0,520520,85090,61615,46341,0.788191485419986,0.35258805000342386
26019,0.6461515151515151,0,2,0,520522,85088,61615,46341,0.7881729593538108,0.35259341545625394
26020,0.6461666666666666,0,3,0,520525,85085,61615,46341,0.7881451702545481,0.3526014639416858
26021,0.6461666666666668,1,7,1,520532,85078,61616,46340,0.7880803290229352,0.3526153190582721
26022,0.6462142857142856,0,1,0,520533,85077,61616,46340,0.7880710659898477,0.3526180022371535
26023,0.64625,3,3,3,520536,85074,61619,46337,0.7880432768905851,0.35261127302889406
26024,0.6463333333333332,2,21,2,520557,85053,61621,46335,0.7878487531957464,0.352657776965933
26025,0.6463333333333335,0,1,0,520558,85052,61621,46335,0.7878394901626589,0.35266046108062443
26026,0.6463571428571429,0,2,0,520560,85050,61621,46335,0.7878209640964837,0.3526658294325836
26027,0.6463690476190476,1,0,1,520560,85050,61622,46334,0.7878209640964837,0.3526609023929854
26028,0.6463809523809522,0,1,0,520561,85049,61622,46334,0.7878117010633962,0.35266358661318437
26029,0.6463809523809523,1,1,1,520562,85048,61623,46333,0.7878024380303087,0.3526613437255006
26030,0.6463809523809525,0,1,0,520563,85047,61623,46333,0.7877931749972211,0.3526640280103516
26031,0.6463888888888889,0,1,0,520564,85046,61623,46333,0.7877839119641336,0.3526667123360659
26032,0.6463968253968254,0,2,0,520566,85044,61623,46333,0.7877653858979584,0.35267208111008774
26033,0.6464047619047619,0,2,0,520568,85042,61623,46333,0.7877468598317833,0.3526774500475737
26034,0.6464285714285714,1,0,1,520568,85042,61624,46332,0.7877468598317833,0.3526725227213908
26035,0.6465,0,1,0,520569,85041,61624,46332,0.7877375967986958,0.35267520723436324
26036,0.6465000000000001,6,16,6,520585,85025,61630,46326,0.7875893882692949,0.35268859772670175
26037,0.6465000000000002,0,1,0,520586,85024,61630,46326,0.7875801252362074,0.3526912828321279
26038,0.6465238095238095,1,4,1,520590,85020,61631,46325,0.7875430731038571,0.35269709543568467
26039,0.646525641025641,1,0,1,520590,85020,61632,46324,0.7875430731038571,0.3526921671336338
26040,0.6465476190476189,1,1,1,520591,85019,61633,46323,0.7875338100707696,0.3526899240151665
26041,0.6465714285714285,0,1,0,520592,85018,61633,46323,0.787524547037682,0.35269260931468466
26042,0.6465714285714286,0,1,0,520593,85017,61633,46323,0.7875152840045945,0.35269529465509364
26043,0.6465833333333333,0,1,0,520594,85016,61633,46323,0.7875060209715069,0.35269798003639435
26044,0.6466111111111112,0,1,0,520595,85015,61633,46323,0.7874967579384193,0.35270066545858775
26045,0.6466190476190476,0,3,0,520598,85012,61633,46323,0.7874689688391567,0.3527087219705334
26046,0.6466395271395272,1,0,1,520598,85012,61634,46322,0.7874689688391567,0.3527037933817595
26047,0.6466428571428571,0,1,0,520599,85011,61634,46322,0.7874597058060692,0.3527064789504542
26048,0.6466666666666666,71,227,71,520826,84784,61705,46251,0.7853569972951944,0.3529667646048766
26049,0.6466666666666667,38,135,38,520961,84649,61743,46213,0.7841064878283746,0.3531430056089621
26050,0.6466666666666668,0,2,0,520963,84647,61743,46213,0.7840879617621994,0.3531484028732997
26051,0.6467499999999999,0,1,0,520964,84646,61743,46213,0.7840786987291118,0.3531511015673358
26052,0.6467857142857143,0,3,0,520967,84643,61743,46213,0.7840509096298492,0.35315919789692485
26053,0.6468076923076924,0,1,0,520968,84642,61743,46213,0.7840416465967617,0.3531618967559512
26054,0.6468181818181818,0,1,0,520969,84641,61743,46213,0.7840323835636741,0.35316459565622754
26055,0.6468333333333333,0,1,0,520970,84640,61743,46213,0.7840231205305865,0.35316729459775476
26056,0.6468333333333334,3,11,3,520981,84629,61746,46210,0.7839212271666235,0.35318215516780166
26057,0.6468344155844156,0,1,0,520982,84628,61746,46210,0.7839119641335359,0.3531848545529586
26058,0.6469047619047618,1,0,1,520982,84628,61747,46209,0.7839119641335359,0.3531799108814785
26059,0.6469206349206348,0,1,0,520983,84627,61747,46209,0.7839027011004484,0.35318261029074566
26060,0.646952380952381,0,5,0,520988,84622,61747,46209,0.7838563859350106,0.3531961079560655
26061,0.6469761904761904,0,1,0,520989,84621,61747,46209,0.783847122901923,0.3531988076129328
26062,0.6469924519924519,0,1,0,520990,84620,61747,46209,0.7838378598688355,0.3532015073110702
26063,0.6469999999999999,3,4,3,520994,84616,61750,46206,0.7838008077364852,0.3531974744309061
26064,0.647,4,24,4,521018,84592,61754,46202,0.783578494942384,0.35324250347875286
26065,0.6470000000000001,1,3,1,521021,84589,61755,46201,0.7835507058431213,0.3532456609832556
26066,0.6470238095238094,0,2,0,521023,84587,61755,46201,0.7835321797769461,0.35325106278863505
26067,0.6470476190476191,1,0,1,521023,84587,61756,46200,0.7835321797769461,0.35324611773341386
26068,0.6470793650793649,0,2,0,521025,84585,61756,46200,0.7835136537107711,0.3532515196696869
26069,0.6470833333333335,0,3,0,521028,84582,61756,46200,0.7834858646115084,0.35325962288388313
26070,0.6471111111111111,0,2,0,521030,84580,61756,46200,0.7834673385453332,0.35326502523321607
26071,0.6471428571428572,2,4,2,521034,84576,61758,46198,0.7834302864129831,0.35326593971278697
26072,0.6471666666666667,7,13,7,521047,84563,61765,46191,0.7833098669828449,0.35326643926763235
26073,0.6471904761904761,0,3,0,521050,84560,61765,46191,0.7832820778835822,0.3532745447453557
26074,0.6472142857142856,1,0,1,521050,84560,61766,46190,0.7832820778835822,0.35326959847036327
26075,0.6472335164835166,0,1,0,521051,84559,61766,46190,0.7832728148504946,0.3532723003617618
26076,0.64725,0,2,0,521053,84557,61766,46190,0.7832542887843196,0.3532777042685492
26077,0.6472727272727272,1,0,1,521053,84557,61767,46189,0.7832542887843196,0.35327275786639745
26078,0.6472784992784993,0,2,0,521055,84555,61767,46189,0.7832357627181444,0.35327816190417916
26079,0.6473015873015874,0,2,0,521057,84553,61767,46189,0.7832172366519693,0.3532835661072953
26080,0.6473333333333332,2,7,2,521064,84546,61769,46187,0.7831523954203564,0.35329258871134295
26081,0.6473333333333333,4,20,4,521084,84526,61773,46183,0.7829671347586054,0.35332685584007223
26082,0.6473333333333335,2,1,2,521085,84525,61775,46181,0.7829578717255178,0.3533196639787003
26083,0.6473603708383119,1,1,1,521086,84524,61776,46180,0.7829486086924302,0.3533174195127923
26084,0.6473809523809523,0,2,0,521088,84522,61776,46180,0.7829300826262552,0.3533228259705284
26085,0.6473809523809524,1,1,1,521089,84521,61777,46179,0.7829208195931676,0.3533205814843152
26086,0.6474047619047618,0,1,0,521090,84520,61777,46179,0.78291155656008,0.35332328479942465
26087,0.6474285714285714,0,1,0,521091,84519,61777,46179,0.7829022935269925,0.3533259881559014
26088,0.6474999999999999,1,1,1,521092,84518,61778,46178,0.7828930304939049,0.35332374364938485
26089,0.6475,54,182,54,521274,84336,61832,46124,0.7812071584719701,0.35354898053043077
26090,0.6475238095238095,0,1,0,521275,84335,61832,46124,0.7811978954388825,0.35355169056945096
26091,0.6475476190476189,0,1,0,521276,84334,61832,46124,0.781188632405795,0.35355440065001764
26092,0.6475476190476193,0,1,0,521277,84333,61832,46124,0.7811793693727074,0.3535571107721318
26093,0.6476190476190475,1,1,1,521278,84332,61833,46123,0.7811701063396198,0.353554865662489
26094,0.6476468253968254,0,1,0,521279,84331,61833,46123,0.7811608433065322,0.35355757585049136
26095,0.6476666666666665,0,1,0,521280,84330,61833,46123,0.7811515802734448,0.35356028608004414
26096,0.6476666666666666,5,14,5,521294,84316,61838,46118,0.781021897810219,0.353573454774062
26097,0.6476666666666668,3,7,3,521301,84309,61841,46115,0.7809570565786061,0.35357756241182603
26098,0.6477023809523809,0,1,0,521302,84308,61841,46115,0.7809477935455186,0.3535802734180321
26099,0.64775,0,2,0,521304,84306,61841,46115,0.7809292674793434,0.35358569555516367
26100,0.6477777777777777,0,1,0,521305,84305,61841,46115,0.7809200044462559,0.3535884066860911
26101,0.6477857142857144,1,0,1,521305,84305,61842,46114,0.7809200044462559,0.3535834502641486
26102,0.6478333333333332,0,2,0,521307,84303,61842,46114,0.7809014783800807,0.3535888726163
26103,0.6478333333333333,1,7,1,521314,84296,61843,46113,0.7808366371484678,0.3536028955056783
26104,0.6478571428571428,1,1,1,521315,84295,61844,46112,0.7808273741153804,0.35360065027184123
26105,0.6478571428571429,0,1,0,521316,84294,61844,46112,0.7808181110822928,0.35360336180850577
26106,0.6478809523809526,1,0,1,521316,84294,61845,46111,0.7808181110822928,0.35359840496913464
26107,0.647904761904762,0,1,0,521317,84293,61845,46111,0.7808088480492053,0.3536011165301678
26108,0.6479166666666666,0,1,0,521318,84292,61845,46111,0.7807995850161177,0.35360382813278834
26109,0.647948717948718,0,2,0,521320,84290,61845,46111,0.7807810589499425,0.35360925146279554
26110,0.6479761904761905,0,3,0,521323,84287,61845,46111,0.7807532698506799,0.35361738676973575
26111,0.6479880952380951,0,3,0,521326,84284,61845,46111,0.7807254807514172,0.35362552245101425
26112,0.6479999999999998,0,1,0,521327,84283,61845,46111,0.7807162177183297,0.3536282344279645
26113,0.648,16,48,16,521375,84235,61861,46095,0.7802715921301271,0.35367912222819
26114,0.6480000000000001,1,5,1,521380,84230,61862,46094,0.7802252769646894,0.35368773211380866
26115,0.6480357142857145,1,0,1,521380,84230,61863,46093,0.7802252769646894,0.3536827728029588
26116,0.6480555555555556,0,1,0,521381,84229,61863,46093,0.7802160139316018,0.3536854867175151
26117,0.6480714285714285,0,1,0,521382,84228,61863,46093,0.7802067508985142,0.35368820067372103
26118,0.6480833333333333,1,1,1,521383,84227,61864,46092,0.7801974878654266,0.35368595523292845
26119,0.6480952380952383,0,1,0,521384,84226,61864,46092,0.7801882248323391,0.3536886692552065
26120,0.6481666666666667,2,10,2,521394,84216,61866,46090,0.7800955945014636,0.35370589228431537
26121,0.6482142857142857,1,2,1,521396,84214,61867,46089,0.7800770684352885,0.3537063613270608
26122,0.6482142857142859,1,0,1,521396,84214,61868,46088,0.7800770684352885,0.35370140135991773
26123,0.6482619047619047,0,1,0,521397,84213,61868,46088,0.7800678054022009,0.3537041158548284
26124,0.6482738095238095,0,1,0,521398,84212,61868,46088,0.7800585423691133,0.35370683039140444
26125,0.6482857142857142,0,2,0,521400,84210,61868,46088,0.7800400163029383,0.35371225958955627
26126,0.6483333333333333,16,63,16,521463,84147,61884,46072,0.7794564452184223,0.3538039763782551
26127,0.6483333333333334,41,109,41,521572,84038,61925,46031,0.7784467746118789,0.35389677786405677
26128,0.6483571428571429,0,1,0,521573,84037,61925,46031,0.7784375115787914,0.3538994987237445
26129,0.6483712121212121,1,0,1,521573,84037,61926,46030,0.7784375115787914,0.3538945312800326
26130,0.6483809523809524,1,0,1,521573,84037,61927,46029,0.7784375115787914,0.35388956375993724
26131,0.6484285714285716,0,2,0,521575,84035,61927,46029,0.7784189855126162,0.3538950055357363
26132,0.648452380952381,1,2,1,521577,84033,61928,46028,0.7784004594464411,0.35389547981331837
26133,0.6484722222222223,0,1,0,521578,84032,61928,46028,0.7783911964133536,0.353898200830386
26134,0.6484761904761904,2,0,2,521578,84032,61930,46026,0.7783911964133536,0.3538882652355103
26135,0.6485,4,14,4,521592,84018,61934,46022,0.7782615139501279,0.3539064903106736
26136,0.6485000000000001,1,0,1,521592,84018,61935,46021,0.7782615139501279,0.353901521851137
26137,0.6485119047619048,0,4,0,521596,84014,61935,46021,0.7782244618177776,0.3539124081977929
26138,0.6485411255411256,0,1,0,521597,84013,61935,46021,0.77821519878469,0.35391512988910595
26139,0.648547619047619,1,0,1,521597,84013,61936,46020,0.77821519878469,0.35391016126675534
26140,0.6485508658008657,1,2,1,521599,84011,61937,46019,0.778196672718515,0.3539106360070753
26141,0.6485595238095239,0,2,0,521601,84009,61937,46019,0.7781781466523399,0.3539160796136217
26142,0.6485714285714286,1,3,1,521604,84006,61938,46018,0.7781503575530772,0.35391927644127236
26143,0.6485952380952381,0,1,0,521605,84005,61938,46018,0.7781410945199896,0.3539219984156649
26144,0.6486071428571429,1,4,1,521609,84001,61939,46017,0.7781040423876394,0.3539279176729376
26145,0.6486111111111111,0,1,0,521610,84000,61939,46017,0.7780947793545518,0.3539306398394056
26146,0.6486190476190477,1,1,1,521611,83999,61940,46016,0.7780855163214643,0.35392839287774486
26147,0.6486666666666666,1,3,1,521614,83996,61941,46015,0.7780577272222017,0.3539315904038889
26148,0.6486666666666667,2,20,2,521634,83976,61943,46013,0.7778724665604505,0.3539761056704798
26149,0.6486904761904762,1,0,1,521634,83976,61944,46012,0.7778724665604505,0.3539711357971505
26150,0.6487051282051282,1,0,1,521634,83976,61945,46011,0.7778724665604505,0.35396616584735396
26151,0.6487261904761905,0,1,0,521635,83975,61945,46011,0.777863203527363,0.3539688889572723
26152,0.64875,2,2,2,521637,83973,61947,46009,0.7778446774611879,0.35396439507008665
26153,0.6487619047619048,0,1,0,521638,83972,61947,46009,0.7778354144281003,0.3539671182711319
26154,0.6487857142857142,2,3,2,521641,83969,61949,46007,0.7778076253288376,0.3539653474487598
26155,0.6487857142857143,0,1,0,521642,83968,61949,46007,0.7777983622957502,0.35396807078284287
26156,0.648797619047619,0,1,0,521643,83967,61949,46007,0.7777890992626626,0.35397079415883176
26157,0.6488095238095238,1,1,1,521644,83966,61950,46006,0.777779836229575,0.35396854707167696
26158,0.6488333333333333,4,11,4,521655,83955,61954,46002,0.7776779428656119,0.353978623698608
26159,0.6488333333333334,0,2,0,521657,83953,61954,46002,0.7776594167994368,0.353984071409334
26160,0.6488571428571429,1,2,1,521659,83951,61955,46001,0.7776408907332617,0.353984548140852
26161,0.6488730158730159,0,1,0,521660,83950,61955,46001,0.7776316277001741,0.35398727212564735
26162,0.6488823953823953,0,2,0,521662,83948,61955,46001,0.777613101633999,0.3539927202210098
26163,0.6488888888888888,0,1,0,521663,83947,61955,46001,0.7776038386009115,0.3539954443315788
26164,0.648892857142857,0,1,0,521664,83946,61955,46001,0.777594575567824,0.3539981684840743
26165,0.6489010989010989,0,1,0,521665,83945,61955,46001,0.7775853125347364,0.3540008926784972
26166,0.6489166666666667,1,0,1,521665,83945,61956,46000,0.7775853125347364,0.35399592135134095
26167,0.6489285714285714,0,1,0,521666,83944,61956,46000,0.7775760495016488,0.35399864557039956
26168,0.6489444444444444,0,1,0,521667,83943,61956,46000,0.7775667864685613,0.35400136983138764
26169,0.648952380952381,0,2,0,521669,83941,61956,46000,0.7775482604023861,0.35400681847915594
26170,0.6489583333333334,0,1,0,521670,83940,61956,46000,0.7775389973692987,0.3540095428659381
26171,0.6489999999999999,0,2,0,521672,83938,61956,46000,0.7775204713031235,0.35401499176530343
26172,0.649,9,40,9,521712,83898,61965,45991,0.7771499499796213,0.35407925228464304
26173,0.649047619047619,0,1,0,521713,83897,61965,45991,0.7771406869465338,0.3540819783197832
26174,0.6490476190476191,0,1,0,521714,83896,61965,45991,0.7771314239134463,0.3540847043968988
26175,0.6491190476190478,0,2,0,521716,83894,61965,45991,0.7771128978472711,0.35409015667706045
26176,0.6491666666666666,7,54,7,521770,83840,61972,45984,0.7766126940605432,0.3542026127680552
26177,0.6491666666666667,5,23,5,521793,83817,61977,45979,0.7763996442995295,0.35424050047767264
26178,0.6491904761904762,0,1,0,521794,83816,61977,45979,0.7763903812664419,0.3542432297083863
26179,0.6491904761904763,0,1,0,521795,83815,61977,45979,0.7763811182333543,0.35424595898115474
26180,0.6491941072343548,0,1,0,521796,83814,61977,45979,0.7763718552002667,0.354248688295979
26181,0.64925,0,1,0,521797,83813,61977,45979,0.7763625921671792,0.35425141765285995
26182,0.6492564102564102,0,1,0,521798,83812,61977,45979,0.7763533291340917,0.35425414705179864
26183,0.6492738095238095,0,1,0,521799,83811,61977,45979,0.7763440661010041,0.3542568764927961
26184,0.6492857142857144,1,1,1,521800,83810,61978,45978,0.7763348030679166,0.3542546306284094
26185,0.6492857142857145,0,1,0,521801,83809,61978,45978,0.776325540034829,0.3542573601362232
26186,0.6493214285714286,0,2,0,521803,83807,61978,45978,0.7763070139686539,0.35426281927803677
26187,0.6493333333333332,0,1,0,521804,83806,61978,45978,0.7762977509355663,0.3542655489120385
26188,0.6493333333333333,5,19,5,521823,83787,61983,45973,0.7761217533069028,0.35429254007398275
26189,0.6493621933621933,2,2,2,521825,83785,61985,45971,0.7761032272407277,0.35428804833687844
26190,0.6493809523809523,2,1,2,521826,83784,61987,45969,0.7760939642076401,0.35428082587685833
26191,0.6494047619047617,0,1,0,521827,83783,61987,45969,0.7760847011745526,0.35428355632283126
26192,0.649404761904762,0,1,0,521828,83782,61987,45969,0.7760754381414651,0.35428628681089164
26193,0.6494444444444444,0,2,0,521830,83780,61987,45969,0.7760569120752899,0.3542917479132787
26194,0.6495000000000001,1,4,1,521834,83776,61988,45968,0.7760198599429398,0.35429769392033544
26195,0.6495238095238095,1,3,1,521837,83773,61989,45967,0.775992070843677,0.35430090951133036
26196,0.6495238095238096,0,1,0,521838,83772,61989,45967,0.7759828078105895,0.35430364038569745
26197,0.649547619047619,0,1,0,521839,83771,61989,45967,0.7759735447775019,0.3543063713021628
26198,0.6495714285714286,1,0,1,521839,83771,61990,45966,0.7759735447775019,0.35430139435935776
26199,0.6495833333333333,0,1,0,521840,83770,61990,45966,0.7759642817444143,0.35430412530061045
26200,0.6495833333333334,0,1,0,521841,83769,61990,45966,0.7759550187113269,0.35430685628396347
26201,0.6496111111111111,0,1,0,521842,83768,61990,45966,0.7759457556782393,0.35430958730941775
26202,0.6496190476190478,0,2,0,521844,83766,61990,45966,0.7759272296120642,0.354315049486634
26203,0.6496428571428571,0,2,0,521846,83764,61990,45966,0.775908703545889,0.35432051183226704
26204,0.6496428571428572,0,1,0,521847,83763,61990,45966,0.7758994405128015,0.35432324306824226
26205,0.6496598124098125,0,1,0,521848,83762,61990,45966,0.775890177479714,0.3543259743463246
26206,0.6496666666666667,7,15,7,521863,83747,61997,45959,0.7757512319834007,0.35433210491419054
26207,0.6496904761904762,0,2,0,521865,83745,61997,45959,0.7757327059172255,0.3543375686177759
26208,0.6497063492063492,0,4,0,521869,83741,61997,45959,0.7756956537848754,0.3543484965304549
26209,0.6497142857142856,0,2,0,521871,83739,61997,45959,0.7756771277187002,0.3543539607395642
26210,0.6497142857142858,0,2,0,521873,83737,61997,45959,0.7756586016525251,0.35435942511719715
26211,0.6497222222222223,1,1,1,521874,83736,61998,45958,0.7756493386194375,0.3543571792064398
26212,0.6497619047619048,0,1,0,521875,83735,61998,45958,0.77564007558635,0.35435991148327206
26213,0.649761904761905,1,3,1,521878,83732,61999,45957,0.7756122864870874,0.3543631302577705
26214,0.6498333333333332,1,3,1,521881,83729,62000,45956,0.7755844973878246,0.35436634923082855
26215,0.6498333333333334,1,7,1,521888,83722,62001,45955,0.7755196561562118,0.3543804992404204
26216,0.6498809523809524,0,1,0,521889,83721,62001,45955,0.7755103931231242,0.3543832320552762
26217,0.6499166666666667,0,2,0,521891,83719,62001,45955,0.7754918670569492,0.35438869781143484
26218,0.649952380952381,1,0,1,521891,83719,62002,45954,0.7754918670569492,0.35438371904714167
26219,0.6499523809523811,0,1,0,521892,83718,62002,45954,0.7754826040238616,0.35438645197112717
26220,0.6499761904761905,0,1,0,521893,83717,62002,45954,0.775473340990774,0.3543891849372643
26221,0.6499999999999999,0,1,0,521894,83716,62002,45954,0.7754640779576865,0.3543919179455541
26222,0.65,604,1719,604,523613,81997,62606,45350,0.7595409240801808,0.3561136108428153
26223,0.6500000000000001,0,1,0,523614,81996,62606,45350,0.7595316610470932,0.3561164072683869
26224,0.6500530303030303,0,1,0,523615,81995,62606,45350,0.7595223980140057,0.3561192037378774
26225,0.6500555555555555,0,1,0,523616,81994,62606,45350,0.7595131349809181,0.3561220002512879
26226,0.6500555555555556,0,1,0,523617,81993,62606,45350,0.7595038719478306,0.35612479680861925
26227,0.6500579698079697,2,1,2,523618,81992,62608,45348,0.7594946089147431,0.35611748076016964
26228,0.6500833333333332,0,1,0,523619,81991,62608,45348,0.7594853458816555,0.35612027736985524
26229,0.6500952380952382,1,1,1,523620,81990,62609,45347,0.7594760828485679,0.3561180175439974
26230,0.6501190476190476,0,2,0,523622,81988,62609,45347,0.7594575567823928,0.35612361094750067
26231,0.6501190476190477,1,0,1,523622,81988,62610,45346,0.7594575567823928,0.35611855435311857
26232,0.6501666666666666,0,1,0,523623,81987,62610,45346,0.7594482937493052,0.35612135110301335
26233,0.6501666666666667,4,3,4,523626,81984,62614,45342,0.7594205046500426,0.3561095141605014
26234,0.6501666666666668,1,1,1,523627,81983,62615,45341,0.7594112416169551,0.3561072539348434
26235,0.6502142857142859,0,1,0,523628,81982,62615,45341,0.7594019785838675,0.3561100508156421
26236,0.6502261904761906,1,0,1,523628,81982,62616,45340,0.7594019785838675,0.3561049936381772
26237,0.6502380952380952,1,0,1,523628,81982,62617,45339,0.7594019785838675,0.3560999363812725
26238,0.6502420634920634,0,2,0,523630,81980,62617,45339,0.7593834525176923,0.35610553020366165
26239,0.6502857142857142,1,0,1,523630,81980,62618,45338,0.7593834525176923,0.35610047283180696
26240,0.6503095238095239,0,5,0,523635,81975,62618,45338,0.7593371373522546,0.35611445806791137
26241,0.6503333333333333,3,15,3,523650,81960,62621,45335,0.7591981918559413,0.3561412467103971
26242,0.6504166666666668,0,2,0,523652,81958,62621,45335,0.7591796657897663,0.3561468423244012
26243,0.6504285714285715,1,1,1,523653,81957,62622,45334,0.7591704027566787,0.3561445820992843
26244,0.6504523809523809,0,1,0,523654,81956,62622,45334,0.7591611397235911,0.35614737999842877
26245,0.6504761904761905,1,4,1,523658,81952,62623,45333,0.7591240875912408,0.3561535137683152
26246,0.6505,4,9,4,523667,81943,62627,45329,0.7590407202934529,0.3561584637626501
26247,0.6505000000000001,0,2,0,523669,81941,62627,45329,0.7590221942272778,0.3561640606584427
26248,0.6505119047619047,0,3,0,523672,81938,62627,45329,0.7589944051280151,0.3561724563319635
26249,0.6505238095238096,2,1,2,523673,81937,62629,45327,0.7589851420949275,0.3561651370379683
26250,0.6505714285714285,0,1,0,523674,81936,62629,45327,0.75897587906184,0.35616793569222793
26251,0.6506190476190477,1,8,1,523682,81928,62630,45326,0.7589017747971396,0.35618526726075406
26252,0.6506406926406928,1,4,1,523686,81924,62631,45325,0.7588647226647893,0.35619140425465035
26253,0.6506428571428572,0,2,0,523688,81922,62631,45325,0.7588461965986143,0.3561970026798274
26254,0.6506493506493507,0,1,0,523689,81921,62631,45325,0.7588369335655267,0.3561998019584113
26255,0.6506666666666666,7,18,7,523707,81903,62638,45318,0.7586701989699507,0.3562147758624755
26256,0.6506666666666667,0,1,0,523708,81902,62638,45318,0.7586609359368631,0.35621757585285335
26257,0.650690476190476,0,1,0,523709,81901,62638,45318,0.7586516729037757,0.35622037588724953
26258,0.6507142857142857,1,7,1,523716,81894,62639,45317,0.7585868316721628,0.35623491679178687
26259,0.6507619047619048,0,1,0,523717,81893,62639,45317,0.7585775686390752,0.3562377171606006
26260,0.6507647907647908,0,1,0,523718,81892,62639,45317,0.7585683056059876,0.3562405175734421
26261,0.6507857142857142,1,0,1,523718,81892,62640,45316,0.7585683056059876,0.3562354568895038
26262,0.6508095238095238,1,2,1,523720,81890,62641,45315,0.7585497795398125,0.35623599701269604
26263,0.6508214285714286,0,3,0,523723,81887,62641,45315,0.7585219904405498,0.35624439867297686
26264,0.6508333333333333,15,37,15,523760,81850,62656,45300,0.7581792582163104,0.35627211954384586
26265,0.6508333333333334,13,45,13,523805,81805,62669,45287,0.7577624217273704,0.3563324206086929
26266,0.6508571428571429,0,1,0,523806,81804,62669,45287,0.7577531586942828,0.3563352243667923
26267,0.6509166666666666,2,1,2,523807,81803,62671,45285,0.7577438956611953,0.35632789877879895
26268,0.6509166666666667,1,1,1,523808,81802,62672,45284,0.7577346326281077,0.35632563775710935
26269,0.6509523809523811,2,4,2,523812,81798,62674,45282,0.7576975804957575,0.3563267233238905
26270,0.6509880952380952,1,0,1,523812,81798,62675,45281,0.7576975804957575,0.35632165818113143
26271,0.6509999999999999,13,33,13,523845,81765,62688,45268,0.7573919004038683,0.3563483504286288
26272,0.6510000000000001,0,4,0,523849,81761,62688,45268,0.757354848271518,0.35635957143644365
26273,0.6510714285714285,1,0,1,523849,81761,62689,45267,0.757354848271518,0.3563545045186888
26274,0.6510714285714286,2,0,2,523849,81761,62691,45265,0.757354848271518,0.35634437044384615
26275,0.6510793650793647,0,1,0,523850,81760,62691,45265,0.7573455852384304,0.35634717575280456
26276,0.6510873015873017,0,1,0,523851,81759,62691,45265,0.757336322205343,0.35634998110593274
26277,0.6511111111111112,0,1,0,523852,81758,62691,45265,0.7573270591722554,0.3563527865032317
26278,0.6511190476190477,0,1,0,523853,81757,62691,45265,0.7573177961391678,0.3563555919447025
26279,0.6511309523809523,1,0,1,523853,81757,62692,45264,0.7573177961391678,0.35635052471638545
26280,0.651142857142857,0,1,0,523854,81756,62692,45264,0.7573085331060803,0.35635333018422294
26281,0.6511666666666666,0,3,0,523857,81753,62692,45264,0.7572807440068176,0.3563617468527835
26282,0.6511666666666668,1,7,1,523864,81746,62693,45263,0.7572159027752047,0.35637631978836143
26283,0.6511904761904762,1,4,1,523868,81742,62694,45262,0.7571788506428545,0.3563824761424837
26284,0.651202380952381,0,2,0,523870,81740,62694,45262,0.7571603245766794,0.356388088376561
26285,0.6512142857142855,1,0,1,523870,81740,62695,45261,0.7571603245766794,0.35638302060613697
26286,0.6512142857142859,0,1,0,523871,81739,62695,45261,0.7571510615435918,0.35638582677165354
26287,0.6512499999999999,0,2,0,523873,81737,62695,45261,0.7571325354774168,0.35639143923526356
26288,0.65125,0,1,0,523874,81736,62695,45261,0.7571232724443292,0.3563942455333591
26289,0.651277777777778,1,0,1,523874,81736,62696,45260,0.7571232724443292,0.3563891776118933
26290,0.6512857142857144,0,2,0,523876,81734,62696,45260,0.7571047463781541,0.3563947903050538
26291,0.6513095238095238,0,1,0,523877,81733,62696,45260,0.7570954833450665,0.3563975967179293
26292,0.6513333333333331,1,0,1,523877,81733,62697,45259,0.7570954833450665,0.3563925286632229
26293,0.6513333333333332,2,20,2,523897,81713,62699,45257,0.7569102226833154,0.3564385287863275
26294,0.6513333333333334,1,3,1,523900,81710,62700,45256,0.7568824335840527,0.3564418820786667
26295,0.6513809523809525,0,1,0,523901,81709,62700,45256,0.7568731705509653,0.3564446894813531
26296,0.6514285714285714,1,2,1,523903,81707,62701,45255,0.7568546444847901,0.35644523558230023
26297,0.6514761904761904,0,1,0,523904,81706,62701,45255,0.7568453814517025,0.35644804309984957
26298,0.6515,2,1,2,523905,81705,62703,45253,0.756836118418615,0.35644071267663324
26299,0.6515000000000001,4,17,4,523922,81688,62707,45249,0.7566786468561266,0.3564681692493126
26300,0.6515119047619048,2,1,2,523923,81687,62709,45247,0.756669383823039,0.35646083791576727
26301,0.6515238095238094,2,2,2,523925,81685,62711,45245,0.7566508577568639,0.35645631450405735
26302,0.6516060606060605,0,1,0,523926,81684,62711,45245,0.7566415947237763,0.3564591228166928
26303,0.6516666666666666,42,103,42,524029,81581,62753,45203,0.7556875023157583,0.3565355249873801
26304,0.6516666666666667,21,63,21,524092,81518,62774,45182,0.7551039312312423,0.3566061562746646
26305,0.6516944444444445,0,1,0,524093,81517,62774,45182,0.7550946681981549,0.35660897086796267
26306,0.6517142857142858,0,1,0,524094,81516,62774,45182,0.7550854051650673,0.35661178550569067
26307,0.6517222222222222,1,1,1,524095,81515,62775,45181,0.7550761421319797,0.35660952200543033
26308,0.6517857142857143,0,1,0,524096,81514,62775,45181,0.7550668790988921,0.35661233671415604
26309,0.6518333333333333,0,2,0,524098,81512,62775,45181,0.755048353032717,0.3566179662649081
26310,0.6518333333333334,2,14,2,524112,81498,62777,45179,0.7549186705694912,0.35664722088461204
26311,0.6518425324675324,0,1,0,524113,81497,62777,45179,0.7549094075364037,0.35665003631311376
26312,0.6518492063492064,0,1,0,524114,81496,62777,45179,0.7549001445033162,0.3566528517860667
26313,0.6518571428571428,0,1,0,524115,81495,62777,45179,0.7548908814702286,0.3566556673034719
26314,0.6519047619047619,1,1,1,524116,81494,62778,45178,0.7548816184371411,0.35665340406719714
26315,0.6519123376623377,0,1,0,524117,81493,62778,45178,0.7548723554040535,0.35665621965564337
26316,0.651920634920635,0,1,0,524118,81492,62778,45178,0.7548630923709659,0.35665903528854503
26317,0.6519999999999999,1,6,1,524124,81486,62779,45177,0.7548075141724406,0.35667085099831836
26318,0.652,5,31,5,524155,81455,62784,45172,0.7545203601467264,0.3567327663136614
26319,0.6520238095238097,0,1,0,524156,81454,62784,45172,0.7545110971136388,0.35673558352944895
26320,0.6520833333333332,1,4,1,524160,81450,62785,45171,0.7544740449812887,0.35674177269173357
26321,0.6521190476190475,0,1,0,524161,81449,62785,45171,0.7544647819482011,0.3567445901121466
26322,0.6521428571428571,0,3,0,524164,81446,62785,45171,0.7544369928489385,0.35675304264040375
26323,0.6521428571428572,2,2,2,524166,81444,62787,45169,0.7544184667827634,0.35674851713489136
26324,0.652160173160173,0,1,0,524167,81443,62787,45169,0.7544092037496758,0.3567513347865921
26325,0.6521666666666666,1,1,1,524168,81442,62788,45168,0.7543999407165882,0.35674907195324224
26326,0.6521666666666667,1,15,1,524183,81427,62789,45167,0.7542609952202749,0.3567862615921766
26327,0.6521904761904761,2,0,2,524183,81427,62791,45165,0.7542609952202749,0.35677609959555107
26328,0.6522142857142857,0,1,0,524184,81426,62791,45165,0.7542517321871873,0.35677891793255445
26329,0.6522222222222221,0,1,0,524185,81425,62791,45165,0.7542424691540999,0.35678173631408483
26330,0.65225,1,0,1,524185,81425,62792,45164,0.7542424691540999,0.35677665515961104
26331,0.6522777777777778,0,1,0,524186,81424,62792,45164,0.7542332061210123,0.3567794735677947
26332,0.6522857142857142,0,1,0,524187,81423,62792,45164,0.7542239430879247,0.35678229202050765
26333,0.6523134920634922,1,0,1,524187,81423,62793,45163,0.7542239430879247,0.35677721075000396
26334,0.652329365079365,0,1,0,524188,81422,62793,45163,0.7542146800548372,0.3567800292293716
26335,0.6523333333333332,6,8,6,524196,81414,62799,45157,0.7541405757901367,0.35677208839307584
26336,0.6523333333333333,5,14,5,524210,81400,62804,45152,0.754010893326911,0.3567861432454643
26337,0.6523333333333334,0,2,0,524212,81398,62804,45152,0.7539923672607358,0.3567917819043856
26338,0.6523412698412698,0,1,0,524213,81397,62804,45152,0.7539831042276482,0.35679460130068197
26339,0.6523809523809524,1,8,1,524221,81389,62805,45151,0.7539089999629479,0.35681207523312786
26340,0.652420634920635,0,1,0,524222,81388,62805,45151,0.7538997369298603,0.3568148950126048
26341,0.6525,59,157,59,524379,81231,62864,45092,0.7524454407351143,0.35695795698328886
26342,0.6525000000000002,0,1,0,524380,81230,62864,45092,0.7524361777020268,0.3569607827615142
26343,0.652547619047619,0,1,0,524381,81229,62864,45092,0.7524269146689392,0.35696360858447923
26344,0.6525714285714286,1,0,1,524381,81229,62865,45091,0.7524269146689392,0.3569585180493984
26345,0.6525714285714287,0,1,0,524382,81228,62865,45091,0.7524176516358516,0.3569613438991759
26346,0.6526666666666665,0,1,0,524383,81227,62865,45091,0.752408388602764,0.3569641697936953
26347,0.6526666666666666,2,12,2,524395,81215,62867,45089,0.7522972322057134,0.35698790220420573
26348,0.6526666666666668,2,3,2,524398,81212,62869,45087,0.7522694431064508,0.35698619941567233
26349,0.6526904761904762,0,1,0,524399,81211,62869,45087,0.7522601800733633,0.3569890259544886
26350,0.6527380952380955,0,1,0,524400,81210,62869,45087,0.7522509170402757,0.35699185253806504
26351,0.6528333333333333,5,9,5,524409,81201,62874,45082,0.7521675497424877,0.35699183579737576
26352,0.6528367465867467,2,1,2,524410,81200,62876,45080,0.7521582867094001,0.35698447893569846
26353,0.6528571428571428,1,6,1,524416,81194,62877,45079,0.7521027085108748,0.3569963491799514
26354,0.6528809523809526,0,1,0,524417,81193,62877,45079,0.7520934454777872,0.3569991763811455
26355,0.6529166666666666,0,2,0,524419,81191,62877,45079,0.7520749194116121,0.3570048309178744
26356,0.6529285714285714,0,1,0,524420,81190,62877,45079,0.7520656563785246,0.35700765825341135
26357,0.6529523809523811,1,0,1,524420,81190,62878,45078,0.7520656563785246,0.3570025659707923
26358,0.6529761904761905,0,1,0,524421,81189,62878,45078,0.7520563933454371,0.35700539333317494
26359,0.6529761904761906,1,0,1,524421,81189,62879,45077,0.7520563933454371,0.35700030095195856
26360,0.653,6,35,6,524456,81154,62885,45071,0.7517321871873727,0.3570687264804912
26361,0.6530000000000001,0,3,0,524459,81151,62885,45071,0.75170439808811,0.3570772131641077
26362,0.653047619047619,0,1,0,524460,81150,62885,45071,0.7516951350550224,0.3570800421482955
26363,0.6530555555555556,0,2,0,524462,81148,62885,45071,0.7516766089888474,0.3570857002511508
26364,0.6530714285714285,0,1,0,524463,81147,62885,45071,0.7516673459557598,0.3570885293698205
26365,0.6530833333333333,1,2,1,524465,81145,62886,45070,0.7516488198895847,0.35708909400625916
26366,0.6531071428571431,0,1,0,524466,81144,62886,45070,0.7516395568564971,0.35709192324147876
26367,0.653111111111111,1,1,1,524467,81143,62887,45069,0.7516302938234095,0.3570896586695401
26368,0.6531212121212119,0,3,0,524470,81140,62887,45069,0.7516025047241469,0.357098146724877
26369,0.6531428571428571,0,1,0,524471,81139,62887,45069,0.7515932416910593,0.3571009761663286
26370,0.6531666666666667,1,8,1,524479,81131,62888,45068,0.7515191374263589,0.3571185191641772
26371,0.6531666666666668,1,2,1,524481,81129,62889,45067,0.7515006113601838,0.35711908459856095
26372,0.6531785714285715,1,0,1,524481,81129,62890,45066,0.7515006113601838,0.3571139902531796
26373,0.6531904761904761,0,1,0,524482,81128,62890,45066,0.7514913483270962,0.35711682013407925
26374,0.6532142857142857,0,3,0,524485,81125,62890,45066,0.7514635592278336,0.3571253100458828
26375,0.6532380952380953,0,3,0,524488,81122,62890,45066,0.7514357701285709,0.3571338003613656
26376,0.65325,0,2,0,524490,81120,62890,45066,0.7514172440623957,0.35713946079596787
26377,0.6532727272727272,1,0,1,524490,81120,62891,45065,0.7514172440623957,0.3571343662083449
26378,0.6532857142857144,1,0,1,524490,81120,62892,45064,0.7514172440623957,0.35712927153997337
26379,0.6533333333333333,47,114,47,524604,81006,62939,45017,0.7503612582904147,0.35721257230822945
26380,0.6533333333333334,53,171,53,524775,80835,62992,44964,0.7487772796324429,0.35742732454153053
26381,0.6534444444444444,0,1,0,524776,80834,62992,44964,0.7487680165993553,0.3574301658213962
26382,0.653452380952381,1,4,1,524780,80830,62993,44963,0.748730964467005,0.357436423330392
26383,0.6534563492063491,0,1,0,524781,80829,62993,44963,0.7487217014339175,0.35743926481811245
26384,0.6534801587301586,1,1,1,524782,80828,62994,44962,0.74871243840083,0.3574369981715558
26385,0.6534920634920635,0,2,0,524784,80826,62994,44962,0.7486939123346549,0.3574426813368525
26386,0.6535,3,25,3,524809,80801,62997,44959,0.748462336507466,0.3574984096692112
26387,0.6535000000000001,0,2,0,524811,80799,62997,44959,0.7484438104412909,0.3575040951669079
26388,0.6535555555555556,0,1,0,524812,80798,62997,44959,0.7484345474082034,0.35750693798357147
26389,0.6535595238095238,1,0,1,524812,80798,62998,44958,0.7484345474082034,0.35750182893857946
26390,0.6535714285714286,0,6,0,524818,80792,62998,44958,0.7483789692096781,0.3575188866799205
26391,0.6535833333333333,1,2,1,524820,80790,62999,44957,0.7483604431435029,0.35751946368501836
26392,0.6535875562346151,0,3,0,524823,80787,62999,44957,0.7483326540442402,0.3575279933833821
26393,0.6536190476190477,0,1,0,524824,80786,62999,44957,0.7483233910111526,0.3575308367066159
26394,0.6536309523809524,1,1,1,524825,80785,63000,44956,0.7483141279780652,0.35752857063328586
26395,0.6536666666666666,0,8,0,524833,80777,63000,44956,0.7482400237133647,0.3575513190650028
26396,0.6536666666666667,2,7,2,524840,80770,63002,44954,0.7481751824817519,0.3575610066494862
26397,0.65375,1,6,1,524846,80764,63003,44953,0.7481196042832265,0.3575729614928769
26398,0.6537619047619048,0,2,0,524848,80762,63003,44953,0.7481010782170514,0.35757865012130613
26399,0.6537738095238097,0,1,0,524849,80761,63003,44953,0.7480918151839638,0.3575814945033966
26400,0.6537857142857142,1,2,1,524851,80759,63004,44952,0.7480732891177887,0.3575820731678214
26401,0.6538095238095238,0,1,0,524852,80758,63004,44952,0.7480640260847011,0.3575849176676478
26402,0.6538333333333333,2,6,2,524858,80752,63006,44950,0.7480084478861758,0.35759176464972714
26403,0.6538333333333334,0,2,0,524860,80750,63006,44950,0.7479899218200008,0.35759745425616546
26404,0.6538571428571429,0,1,0,524861,80749,63006,44950,0.7479806587869132,0.35760029912728025
26405,0.6538690476190476,1,1,1,524862,80748,63007,44949,0.7479713957538257,0.3575980333659515
26406,0.6538871128871128,0,1,0,524863,80747,63007,44949,0.7479621327207381,0.3576008783095723
26407,0.6538888888888889,1,0,1,524863,80747,63008,44948,0.7479621327207381,0.3575957675325192
26408,0.6539166666666667,0,5,0,524868,80742,63008,44948,0.7479158175553003,0.3576099928395258
26409,0.6539246031746032,1,1,1,524869,80741,63009,44947,0.7479065545222128,0.3576077270702056
26410,0.6539285714285714,0,1,0,524870,80740,63009,44947,0.7478972914891252,0.3576105722946685
26411,0.6539444444444444,1,0,1,524870,80740,63010,44946,0.7478972914891252,0.35760546122877646
26412,0.6539761904761906,0,1,0,524871,80739,63010,44946,0.7478880284560376,0.3576083064804869
26413,0.6539999999999999,0,3,0,524874,80736,63010,44946,0.747860239356775,0.35761684250728026
26414,0.654,16,70,16,524944,80666,63026,44930,0.7472118270406461,0.35773432274913214
26415,0.6540238095238093,1,0,1,524944,80666,63027,44929,0.7472118270406461,0.35772920896532506
26416,0.6540238095238096,1,3,1,524947,80663,63028,44928,0.7471840379413835,0.35773264007771255
26417,0.654047619047619,0,4,0,524951,80659,63028,44928,0.7471469858090333,0.35774403401625965
26418,0.654095238095238,0,1,0,524952,80658,63028,44928,0.7471377227759457,0.35774688261430415
26419,0.6540952380952382,1,0,1,524952,80658,63029,44927,0.7471377227759457,0.3577417685233109
26420,0.6541071428571429,0,1,0,524953,80657,63029,44927,0.7471284597428582,0.3577446171486814
26421,0.6541111111111113,0,2,0,524955,80655,63029,44927,0.7471099336766831,0.3577503145355226
26422,0.6541190476190476,0,1,0,524956,80654,63029,44927,0.7471006706435955,0.3577531632969956
26423,0.6541428571428571,1,0,1,524956,80654,63030,44926,0.7471006706435955,0.3577480490523969
26424,0.6541666666666666,10,44,10,525000,80610,63040,44916,0.7466930971877431,0.35782228382964487
26425,0.6541666666666667,7,20,7,525020,80590,63047,44909,0.7465078365259921,0.35784348879273936
26426,0.6542222222222221,0,1,0,525021,80589,63047,44909,0.7464985734929045,0.35784634018072004
26427,0.6542857142857144,2,9,2,525030,80580,63049,44907,0.7464152061951165,0.3578617705419685
26428,0.6543333333333332,0,3,0,525033,80577,63049,44907,0.7463874170958539,0.35787032609735103
26429,0.6543333333333333,3,22,3,525055,80555,63052,44904,0.7461836303679277,0.3579177261097251
26430,0.654404761904762,0,1,0,525056,80554,63052,44904,0.7461743673348401,0.3579205789985493
26431,0.6544444444444444,0,4,0,525060,80550,63052,44904,0.7461373152024899,0.3579319910086566
26432,0.6544999999999999,0,2,0,525062,80548,63052,44904,0.7461187891363148,0.3579376972866116
26433,0.6545000000000001,1,15,1,525077,80533,63053,44903,0.7459798436400015,0.3579753818680443
26434,0.6545238095238095,1,3,1,525080,80530,63054,44902,0.7459520545407389,0.3579788251801773
26435,0.6545634920634922,0,2,0,525082,80528,63054,44902,0.7459335284745637,0.35798453320577217
26436,0.6545714285714286,0,3,0,525085,80525,63054,44902,0.745905739375301,0.35799309558548
26437,0.6545833333333334,0,3,0,525088,80522,63054,44902,0.7458779502760384,0.3580016583747927
26438,0.654595238095238,0,1,0,525089,80521,63054,44902,0.7458686872429509,0.3580045127289253
26439,0.6545952380952381,0,1,0,525090,80520,63054,44902,0.7458594242098633,0.35800736712857395
26440,0.6546388888888888,0,1,0,525091,80519,63054,44902,0.7458501611767757,0.35801022157373963
26441,0.6546428571428571,0,2,0,525093,80517,63054,44902,0.7458316351106006,0.3580159306006267
26442,0.6546428571428572,0,2,0,525095,80515,63054,44902,0.7458131090444255,0.35802163980959517
26443,0.6546666666666667,5,12,5,525107,80503,63059,44897,0.7457019526473748,0.35803030303030303
26444,0.6547142857142856,0,1,0,525108,80502,63059,44897,0.7456926896142873,0.358033158159156
26445,0.6547222222222221,0,2,0,525110,80500,63059,44897,0.7456741635481122,0.35803886855347417
26446,0.6547380952380952,0,1,0,525111,80499,63059,44897,0.7456649005150247,0.3580417238189416
26447,0.6547499999999999,0,2,0,525113,80497,63059,44897,0.7456463744488495,0.35804743448649856
26448,0.6547619047619048,1,0,1,525113,80497,63060,44896,0.7456463744488495,0.3580423149617602
26449,0.6547777777777776,0,1,0,525114,80496,63060,44896,0.7456371114157619,0.3580451703457956
26450,0.6547857142857143,1,1,1,525115,80495,63061,44895,0.7456278483826744,0.35804290613286543
26451,0.6548214285714287,0,1,0,525116,80494,63061,44895,0.7456185853495869,0.3580457615899321
26452,0.6548333333333332,2,3,2,525119,80491,63063,44893,0.7455907962503242,0.35804408855994385
26453,0.6548333333333334,3,8,3,525127,80483,63066,44890,0.7455166919856238,0.358051574102877
26454,0.6548571428571429,1,1,1,525128,80482,63067,44889,0.7455074289525362,0.35804930964896187
26455,0.6548809523809525,0,2,0,525130,80480,63067,44889,0.7454889028863612,0.35805502157630675
26456,0.6549285714285715,0,3,0,525133,80477,63067,44889,0.7454611137870985,0.35806358980903913
26457,0.654952380952381,1,0,1,525133,80477,63068,44888,0.7454611137870985,0.3580584692697324
26458,0.6549761904761905,1,0,1,525133,80477,63069,44887,0.7454611137870985,0.3580533486487349
26459,0.6549999999999998,0,2,0,525135,80475,63069,44887,0.7454425877209233,0.3580590609594614
26460,0.655,210,581,210,525716,79894,63279,44677,0.7400607654970544,0.3586468760787021
26461,0.6550151515151516,1,0,1,525716,79894,63280,44676,0.7400607654970544,0.35864172754274704
26462,0.6550238095238095,1,0,1,525716,79894,63281,44675,0.7400607654970544,0.3586365789241304
26463,0.6550476190476189,0,1,0,525717,79893,63281,44675,0.7400515024639668,0.358639457966733
26464,0.6550476190476191,1,1,1,525718,79892,63282,44674,0.7400422394308792,0.35863718831783953
26465,0.6550555555555556,0,2,0,525720,79890,63282,44674,0.7400237133647042,0.3586429465977329
26466,0.6551190476190477,0,2,0,525722,79888,63282,44674,0.740005187298529,0.35864870506253915
26467,0.6551587301587302,0,1,0,525723,79887,63282,44674,0.7399959242654415,0.3586515843642874
26468,0.6551666666666666,1,1,1,525724,79886,63283,44673,0.7399866612323539,0.35864931478255285
26469,0.6551666666666667,3,8,3,525732,79878,63286,44670,0.7399125569676535,0.358656903362559
26470,0.6551666666666668,0,8,0,525740,79870,63286,44670,0.739838452702953,0.3586799421872491
26471,0.6551940836940835,1,0,1,525740,79870,63287,44669,0.739838452702953,0.35867479263523877
26472,0.6552380952380952,0,3,0,525743,79867,63287,44669,0.7398106636036904,0.3586834329029357
26473,0.6552619047619046,0,1,0,525744,79866,63287,44669,0.7398014005706028,0.35868631308467497
26474,0.6552857142857142,0,1,0,525745,79865,63287,44669,0.7397921375375153,0.35868919331266963
26475,0.6552857142857144,0,1,0,525746,79864,63287,44669,0.7397828745044277,0.35869207358692073
26476,0.6553333333333333,1,18,1,525764,79846,63288,44668,0.7396161399088518,0.3587387763624974
26477,0.6553333333333334,1,4,1,525768,79842,63289,44667,0.7395790877765015,0.3587451509529432
26478,0.6553571428571427,0,1,0,525769,79841,63289,44667,0.7395698247434139,0.3587480322549555
26479,0.655361111111111,1,2,1,525771,79839,63290,44666,0.7395512986772389,0.3587486446327457
26480,0.6554126984126983,0,2,0,525773,79837,63290,44666,0.7395327726110638,0.3587544075243167
26481,0.6554158896658895,0,3,0,525776,79834,63290,44666,0.739504983511801,0.35876305220883536
26482,0.6554166666666665,1,1,1,525777,79833,63291,44665,0.7394957204787136,0.3587607833057559
26483,0.6554166666666668,0,1,0,525778,79832,63291,44665,0.739486457445626,0.35876366498791135
26484,0.6554545454545455,0,1,0,525779,79831,63291,44665,0.7394771944125385,0.3587665467163604
26485,0.6554761904761905,0,1,0,525780,79830,63291,44665,0.7394679313794509,0.35876942849110405
26486,0.6555,3,13,3,525793,79817,63294,44662,0.7393475119493127,0.3587914427333124
26487,0.6555000000000001,0,4,0,525797,79813,63294,44662,0.7393104598169624,0.3588029724844346
26488,0.6555158730158729,1,0,1,525797,79813,63295,44661,0.7393104598169624,0.3587978212317432
26489,0.655547619047619,0,3,0,525800,79810,63295,44661,0.7392826707176998,0.3588064689767094
26490,0.6555952380952381,0,1,0,525801,79809,63295,44661,0.7392734076846122,0.35880935165100025
26491,0.6556428571428572,0,1,0,525802,79808,63295,44661,0.7392641446515247,0.3588122343716106
26492,0.6556666666666665,0,1,0,525803,79807,63295,44661,0.7392548816184371,0.35881511713854164
26493,0.6556666666666666,7,22,7,525825,79785,63302,44654,0.7390510948905109,0.35884248507300764
26494,0.6556666666666667,0,1,0,525826,79784,63302,44654,0.7390418318574234,0.35884536877802603
26495,0.655666666666667,1,1,1,525827,79783,63303,44653,0.7390325688243359,0.3588431000675046
26496,0.6557142857142857,1,8,1,525835,79775,63304,44652,0.7389584645596354,0.3588610189106866
26497,0.6557499999999998,0,1,0,525836,79774,63304,44652,0.7389492015265479,0.35886390304277244
26498,0.6557857142857144,1,1,1,525837,79773,63305,44651,0.7389399384934603,0.3588616344113676
26499,0.6558333333333333,5,28,5,525865,79745,63310,44646,0.7386805735670088,0.3589166418792356
26500,0.6558333333333334,8,28,8,525893,79717,63318,44638,0.7384212086405573,0.3589562140645732
26501,0.6558571428571429,0,1,0,525894,79716,63318,44638,0.7384119456074697,0.35895910063206654
26502,0.6559047619047618,1,0,1,525894,79716,63319,44637,0.7384119456074697,0.3589539456225423
26503,0.6559285714285714,0,2,0,525896,79714,63319,44637,0.7383934195412946,0.3589597188603228
26504,0.6559285714285715,1,0,1,525896,79714,63320,44636,0.7383934195412946,0.3589545637314033
26505,0.6559523809523811,0,4,0,525900,79710,63320,44636,0.7383563674089444,0.35896611069113604
26506,0.6559856532356533,1,1,1,525901,79709,63321,44635,0.7383471043758568,0.358963842244097
26507,0.6559978354978356,0,3,0,525904,79706,63321,44635,0.7383193152765941,0.3589725030360058
26508,0.6559999999999998,0,1,0,525905,79705,63321,44635,0.7383100522435067,0.35897539005951423
26509,0.6559999999999999,19,66,19,525971,79639,63340,44616,0.737698692059728,0.35906804555148686
26510,0.6560000000000001,0,6,0,525977,79633,63340,44616,0.7376431138612027,0.35908538499303816
26511,0.6560238095238096,0,1,0,525978,79632,63340,44616,0.7376338508281152,0.3590882750627777
26512,0.6560714285714286,0,1,0,525979,79631,63340,44616,0.7376245877950276,0.35909116517903855
26513,0.6560873015873017,0,1,0,525980,79630,63340,44616,0.73761532476194,0.35909405534182187
26514,0.6561190476190475,0,1,0,525981,79629,63340,44616,0.7376060617288525,0.3590969455511288
26515,0.6561190476190477,0,2,0,525983,79627,63340,44616,0.7375875356626774,0.35910272610931804
26516,0.6561666666666668,4,5,4,525988,79622,63344,44612,0.7375412204972396,0.35909654361929905
26517,0.6561904761904762,0,2,0,525990,79620,63344,44612,0.7375226944310646,0.3591023246828514
26518,0.6562142857142856,0,1,0,525991,79619,63344,44612,0.737513431397977,0.3591052152844298
26519,0.65625,0,5,0,525996,79614,63344,44612,0.7374671162325391,0.3591196689903885
26520,0.6562857142857144,1,0,1,525996,79614,63345,44611,0.7374671162325391,0.3591145099617629
26521,0.6563095238095238,0,1,0,525997,79613,63345,44611,0.7374578531994517,0.35911740082431737
26522,0.6563333333333332,5,14,5,526011,79599,63350,44606,0.7373281707362259,0.35913208002898434
26523,0.6563333333333334,0,2,0,526013,79597,63350,44606,0.7373096446700508,0.35913786301458095
26524,0.6563571428571429,0,1,0,526014,79596,63350,44606,0.7373003816369632,0.359140754577221
26525,0.6563636363636363,1,0,1,526014,79596,63351,44605,0.7373003816369632,0.35913559472145956
26526,0.6563809523809523,0,1,0,526015,79595,63351,44605,0.7372911186038756,0.35913848631239936
26527,0.6563888888888889,0,1,0,526016,79594,63351,44605,0.7372818555707881,0.359141377949903
26528,0.6564166666666666,2,1,2,526017,79593,63353,44603,0.7372725925377005,0.359133949563593
26529,0.6564285714285714,0,2,0,526019,79591,63353,44603,0.7372540664715255,0.35913973299837354
26530,0.6564999999999999,1,3,1,526022,79588,63354,44602,0.7372262773722628,0.35914324824865124
26531,0.6565000000000001,3,13,3,526035,79575,63357,44599,0.7371058579421246,0.35916536473013677
26532,0.6565476190476189,1,2,1,526037,79573,63358,44598,0.7370873318759494,0.35916598883797346
26533,0.6565714285714286,0,2,0,526039,79571,63358,44598,0.7370688058097744,0.3591717739532411
26534,0.6565833333333333,0,3,0,526042,79568,63358,44598,0.7370410167105117,0.35918045197558107
26535,0.6566190476190477,1,0,1,526042,79568,63359,44597,0.7370410167105117,0.3591752909435026
26536,0.6566666666666666,64,214,64,526256,79354,63423,44533,0.7350587276297751,0.35946467345242034
26537,0.6566666666666667,47,99,47,526355,79255,63470,44486,0.7341416873541072,0.35950897439005663
26538,0.6566666666666668,0,2,0,526357,79253,63470,44486,0.7341231612879321,0.35951478515261964
26539,0.65675,0,2,0,526359,79251,63470,44486,0.7341046352217571,0.35952059610302495
26540,0.6567857142857142,0,1,0,526360,79250,63470,44486,0.7340953721886695,0.35952350164867136
26541,0.6567857142857143,0,3,0,526363,79247,63470,44486,0.7340675830894068,0.35953221856739914
26542,0.6568095238095237,0,1,0,526364,79246,63470,44486,0.7340583200563192,0.3595351243009084
26543,0.656809523809524,0,1,0,526365,79245,63470,44486,0.7340490570232316,0.35953803008138624
26544,0.6568333333333333,1,0,1,526365,79245,63471,44485,0.7340490570232316,0.35953285379455263
26545,0.6568333333333334,2,14,2,526379,79231,63473,44483,0.7339193745600059,0.3595631860581664
26546,0.6568571428571428,0,2,0,526381,79229,63473,44483,0.7339008484938309,0.35956899896533884
26547,0.6568809523809525,0,1,0,526382,79228,63473,44483,0.7338915854607433,0.35957190548940676
26548,0.6569047619047618,0,1,0,526383,79227,63473,44483,0.7338823224276557,0.359574812060464
26549,0.6569166666666666,1,1,1,526384,79226,63474,44482,0.7338730593945682,0.35957254179196174
26550,0.6569444444444444,0,2,0,526386,79224,63474,44482,0.733854533328393,0.3595783551323299
26551,0.6569444444444446,1,0,1,526386,79224,63475,44481,0.733854533328393,0.3595731781253789
26552,0.6569761904761904,0,1,0,526387,79223,63475,44481,0.7338452702953054,0.359576084847701
26553,0.6569999999999999,0,6,0,526393,79217,63475,44481,0.7337896920967801,0.3595935261685718
26554,0.657,6,15,6,526408,79202,63481,44475,0.7336507466004668,0.3596060706517784
26555,0.6570000000000001,0,1,0,526409,79201,63481,44475,0.7336414835673793,0.3596089782981338
26556,0.6570238095238095,0,2,0,526411,79199,63481,44475,0.7336229575012042,0.3596147937319081
26557,0.6570555555555555,0,4,0,526415,79195,63481,44475,0.7335859053688539,0.3596264251637422
26558,0.657142857142857,0,1,0,526416,79194,63481,44475,0.7335766423357665,0.3596293331392669
26559,0.6571428571428573,1,5,1,526421,79189,63482,44474,0.7335303271703286,0.3596386954869282
26560,0.6571666666666667,4,4,4,526425,79185,63486,44470,0.7334932750379785,0.35962961465367355
26561,0.6571904761904761,0,1,0,526426,79184,63486,44470,0.7334840120048909,0.35963252300774745
26562,0.6572222222222222,1,0,1,526426,79184,63487,44469,0.7334840120048909,0.3596273442617648
26563,0.6572619047619048,1,0,1,526426,79184,63488,44468,0.7334840120048909,0.3596221654320189
26564,0.6572857142857143,1,2,1,526428,79182,63489,44467,0.7334654859387157,0.3596228032576082
26565,0.6573214285714286,0,1,0,526429,79181,63489,44467,0.7334562229056282,0.35962571169772256
26566,0.6573253968253968,0,2,0,526431,79179,63489,44467,0.7334376968394531,0.3596315287190851
26567,0.6573333333333332,5,9,5,526440,79170,63494,44462,0.7333543295416651,0.35963181053448945
26568,0.6573333333333333,8,15,8,526455,79155,63502,44454,0.7332153840453518,0.35963400723248307
26569,0.6573571428571428,0,1,0,526456,79154,63502,44454,0.7332061210122642,0.35963691670442044
26570,0.657357142857143,1,1,1,526457,79153,63503,44453,0.7331968579791767,0.3596346455673673
26571,0.6573809523809524,1,4,1,526461,79149,63504,44452,0.7331598058468265,0.3596411032273202
26572,0.6573809523809525,0,1,0,526462,79148,63504,44452,0.7331505428137389,0.3596440129449838
26573,0.6573888888888888,1,0,1,526462,79148,63505,44451,0.7331505428137389,0.35963883202938535
26574,0.6574285714285715,0,2,0,526464,79146,63505,44451,0.7331320167475638,0.3596446515692128
26575,0.6574523809523811,0,1,0,526465,79145,63505,44451,0.7331227537144762,0.35964756140975435
26576,0.6574761904761905,0,1,0,526466,79144,63505,44451,0.7331134906813888,0.3596504712973826
26577,0.6574960317460316,2,0,2,526466,79144,63507,44449,0.7331134906813888,0.35964010906766564
26578,0.6574999999999999,0,2,0,526468,79142,63507,44449,0.7330949646152136,0.3596459289106812
26579,0.6575,40,157,40,526625,78985,63547,44409,0.7316406684204676,0.3598959430766488
26580,0.6575238095238095,0,1,0,526626,78984,63547,44409,0.73163140538738,0.3598988597408281
26581,0.6575357142857144,0,1,0,526627,78983,63547,44409,0.7316221423542925,0.35990177645228216
26582,0.6575555555555556,0,3,0,526630,78980,63547,44409,0.7315943532550299,0.3599105268703045
26583,0.657611111111111,0,1,0,526631,78979,63547,44409,0.7315850902219423,0.35991344377086915
26584,0.6576190476190475,0,6,0,526637,78973,63547,44409,0.731529512023417,0.35993094616718807
26585,0.6576666666666666,0,8,0,526645,78965,63547,44409,0.7314554077587165,0.3599542853437515
26586,0.6576666666666668,0,2,0,526647,78963,63547,44409,0.7314368816925414,0.35996012061083554
26587,0.6576904761904763,0,2,0,526649,78961,63547,44409,0.7314183556263663,0.3599659560671152
26588,0.6577380952380952,0,1,0,526650,78960,63547,44409,0.7314090925932788,0.35996887386620624
26589,0.6577500000000001,0,1,0,526651,78959,63547,44409,0.7313998295601912,0.3599717917125997
26590,0.6577777777777777,0,3,0,526654,78956,63547,44409,0.7313720404609285,0.3599805455356057
26591,0.6578015873015872,0,1,0,526655,78955,63547,44409,0.731362777427841,0.35998346357122013
26592,0.6578095238095238,0,1,0,526656,78954,63547,44409,0.7313535143947534,0.35998638165414265
26593,0.6578333333333333,1,5,1,526661,78949,63548,44408,0.7313071992293156,0.3599957845926863
26594,0.6578333333333335,0,2,0,526663,78947,63548,44408,0.7312886731631405,0.3600016213367922
26595,0.6578392857142856,0,1,0,526664,78946,63548,44408,0.7312794101300529,0.36000453977982066
26596,0.6578571428571428,1,1,1,526665,78945,63549,44407,0.7312701470969655,0.3600022699267138
26597,0.6578809523809522,0,1,0,526666,78944,63549,44407,0.7312608840638779,0.36000518844597934
26598,0.6579166666666666,0,1,0,526667,78943,63549,44407,0.7312516210307903,0.36000810701256586
26599,0.6579523809523811,1,3,1,526670,78940,63550,44406,0.7312238319315276,0.36001167447667537
26600,0.6579999999999999,9,31,9,526701,78909,63559,44397,0.7309366779058135,0.36005547175319935
26601,0.6580000000000001,0,1,0,526702,78908,63559,44397,0.730927414872726,0.36005839179270915
26602,0.6580007215007214,0,5,0,526707,78903,63559,44397,0.7308810997072882,0.36007299270072995
26603,0.6580238095238096,0,1,0,526708,78902,63559,44397,0.7308718366742006,0.36007591302443653
26604,0.658047619047619,1,0,1,526708,78902,63560,44396,0.7308718366742006,0.36007072296387616
26605,0.6580833333333334,0,2,0,526710,78900,63560,44396,0.7308533106080255,0.3600765637165845
26606,0.6581190476190477,0,1,0,526711,78899,63560,44396,0.7308440475749379,0.36007948416399693
26607,0.6581666666666667,6,12,6,526723,78887,63566,44390,0.7307328911778873,0.36008338944004153
26608,0.6582142857142856,0,1,0,526724,78886,63566,44390,0.7307236281447997,0.3600863103929394
26609,0.6582222222222223,1,1,1,526725,78885,63567,44389,0.7307143651117122,0.36008404043026104
26610,0.6582499999999999,0,2,0,526727,78883,63567,44389,0.730695839045537,0.36008988253618013
26611,0.6582972582972583,1,2,1,526729,78881,63568,44388,0.730677312979362,0.36009053371082755
26612,0.6583333333333333,32,56,32,526785,78825,63600,44356,0.730158583126459,0.36008800058450574
26613,0.6583333333333334,14,106,14,526891,78719,63614,44342,0.7291767016191781,0.36032536709436785
26614,0.6583571428571429,0,1,0,526892,78718,63614,44342,0.7291674385860907,0.36032829514058184
26615,0.6583809523809522,0,1,0,526893,78717,63614,44342,0.7291581755530031,0.3603312232343835
26616,0.6584126984126983,0,1,0,526894,78716,63614,44342,0.7291489125199155,0.360334151375774
26617,0.6584285714285714,0,1,0,526895,78715,63614,44342,0.729139649486828,0.3603370795647545
26618,0.6584404761904762,0,2,0,526897,78713,63614,44342,0.7291211234206528,0.36034293608549023
26619,0.6584444444444446,1,0,1,526897,78713,63615,44341,0.7291211234206528,0.36033773790368456
26620,0.658452380952381,0,2,0,526899,78711,63615,44341,0.7291025973544778,0.36034359457790205
26621,0.6585,7,12,7,526911,78699,63622,44334,0.7289914409574271,0.3603423471751481
26622,0.6585000000000001,2,3,2,526914,78696,63624,44332,0.7289636518581645,0.36034073544233836
26623,0.6585119047619048,0,2,0,526916,78694,63624,44332,0.7289451257919893,0.3603465934030205
26624,0.6585183982683983,1,1,1,526917,78693,63625,44331,0.7289358627589018,0.36034432305891534
26625,0.6585357142857142,0,2,0,526919,78691,63625,44331,0.7289173366927266,0.360350181268391
26626,0.6585476190476192,0,1,0,526920,78690,63625,44331,0.7289080736596392,0.36035311044455826
26627,0.6585714285714285,1,1,1,526921,78689,63626,44330,0.7288988106265516,0.3603508401141287
26628,0.6585714285714286,2,3,2,526924,78686,63628,44328,0.7288710215272889,0.36034922854309265
26629,0.6585833333333335,0,2,0,526926,78684,63628,44328,0.7288524954611137,0.36035508730855526
26630,0.6585873015873015,0,2,0,526928,78682,63628,44328,0.7288339693949387,0.36036094626453136
26631,0.6586111111111111,1,1,1,526929,78681,63629,44327,0.7288247063618511,0.36035867585848075
26632,0.6586190476190475,0,2,0,526931,78679,63629,44327,0.728806180295676,0.36036453506333027
26633,0.6586190476190477,0,2,0,526933,78677,63629,44327,0.7287876542295009,0.36037039445871677
26634,0.6586428571428571,0,1,0,526934,78676,63629,44327,0.7287783911964133,0.36037332422786433
26635,0.6586666666666666,2,4,2,526938,78672,63631,44325,0.7287413390640631,0.36037464328398255
26636,0.6586666666666667,4,11,4,526949,78661,63635,44321,0.7286394457001001,0.36038607275861506
26637,0.6586795843045841,1,6,1,526955,78655,63636,44320,0.7285838675015747,0.3603984549705225
26638,0.6586796536796539,1,3,1,526958,78652,63637,44319,0.7285560784023121,0.3604020460108481
26639,0.6586904761904762,1,0,1,526958,78652,63638,44318,0.7285560784023121,0.3603968447588843
26640,0.6587142857142857,1,1,1,526959,78651,63639,44317,0.7285468153692245,0.3603945741981654
26641,0.65875,1,1,1,526960,78650,63640,44316,0.7285375523361369,0.3603923035635867
26642,0.6587824675324677,0,1,0,526961,78649,63640,44316,0.7285282893030494,0.36039523441629734
26643,0.6588095238095238,1,7,1,526968,78642,63641,44315,0.7284634480714365,0.3604105500296852
26644,0.6588253968253969,0,1,0,526969,78641,63641,44315,0.7284541850383489,0.3604134812453235
26645,0.6588333333333333,1,15,1,526984,78626,63642,44314,0.7283152395420357,0.3604522531316089
26646,0.6588333333333334,0,6,0,526990,78620,63642,44314,0.7282596613435103,0.36046984560821255
26647,0.6588333333333335,1,1,1,526991,78619,63643,44313,0.7282503983104228,0.36046757557023396
26648,0.6588571428571428,0,2,0,526993,78617,63643,44313,0.7282318722442477,0.36047344016920196
26649,0.6588968253968253,0,1,0,526994,78616,63643,44313,0.7282226092111601,0.36047637254024684
26650,0.6589285714285714,2,3,2,526997,78613,63645,44311,0.7281948201118974,0.3604747648953825
26651,0.6589880952380952,0,1,0,526998,78612,63645,44311,0.7281855570788098,0.3604776974203363
26652,0.6589999999999999,0,3,0,527001,78609,63645,44311,0.7281577679795472,0.3604864952814839
26653,0.659,8,35,8,527036,78574,63653,44303,0.7278335618214828,0.36054753940932804
26654,0.6590000000000003,0,1,0,527037,78573,63653,44303,0.7278242987883953,0.36055047364823073
26655,0.6590238095238096,0,1,0,527038,78572,63653,44303,0.7278150357553077,0.3605534079348932
26656,0.659047619047619,0,3,0,527041,78569,63653,44303,0.7277872466560451,0.3605622110814506
26657,0.6590476190476191,1,0,1,527041,78569,63654,44302,0.7277872466560451,0.36055700694224024
26658,0.6590555555555556,0,4,0,527045,78565,63654,44302,0.7277501945236948,0.3605687450658029
26659,0.6591666666666665,1,0,1,527045,78565,63655,44301,0.7277501945236948,0.36056354076799113
26660,0.6591666666666666,8,37,8,527082,78528,63663,44293,0.7274074622994553,0.360630511068954
26661,0.6591666666666667,5,28,5,527110,78500,63668,44288,0.7271480973730038,0.3606867120565528
26662,0.6591666666666669,0,1,0,527111,78499,63668,44288,0.7271388343399162,0.36068964955573474
26663,0.6592063492063492,0,1,0,527112,78498,63668,44288,0.7271295713068288,0.36069258710276414
26664,0.6592103174603176,0,1,0,527113,78497,63668,44288,0.7271203082737412,0.3606955246976422
26665,0.6592323232323233,0,1,0,527114,78496,63668,44288,0.7271110452406536,0.36069846234037006
26666,0.6592499999999998,0,1,0,527115,78495,63668,44288,0.727101782207566,0.3607014000309489
26667,0.6592857142857143,2,5,2,527120,78490,63670,44286,0.7270554670421283,0.36070567537629505
26668,0.6592936507936507,0,1,0,527121,78489,63670,44286,0.7270462040090407,0.36070861331704335
26669,0.6593095238095238,1,1,1,527122,78488,63671,44285,0.7270369409759532,0.36070634422877995
26670,0.6593134920634921,0,1,0,527123,78487,63671,44285,0.7270276779428656,0.36070928224676635
26671,0.6593333333333332,0,1,0,527124,78486,63671,44285,0.727018414909778,0.3607122203126145
26672,0.6593333333333333,8,17,8,527141,78469,63679,44277,0.7268609433472897,0.36072051227738583
26673,0.6593333333333335,0,1,0,527142,78468,63679,44277,0.7268516803142021,0.36072345105706954
26674,0.6593730158730158,2,2,2,527144,78466,63681,44275,0.726833154248027,0.3607189121809338
26675,0.6593809523809524,0,1,0,527145,78465,63681,44275,0.7268238912149394,0.3607218510672967
26676,0.659388680033417,1,0,1,527145,78465,63682,44274,0.7268238912149394,0.36071664263192627
26677,0.6594040616246498,0,1,0,527146,78464,63682,44274,0.7268146281818518,0.36071958154768696
26678,0.6594285714285715,2,1,2,527147,78463,63684,44272,0.7268053651487643,0.3607121033120137
26679,0.6594444444444444,0,1,0,527148,78462,63684,44272,0.7267961021156768,0.360715042286571
26680,0.659452380952381,0,2,0,527150,78460,63684,44272,0.7267775760495017,0.36072092037936315
26681,0.6594706959706959,0,1,0,527151,78459,63684,44272,0.7267683130164141,0.36072385949760044
26682,0.6594999999999999,1,6,1,527157,78453,63685,44271,0.7267127348178888,0.36073628630096805
26683,0.6595,3,7,3,527164,78446,63688,44268,0.7266478935862759,0.3607412357188259
26684,0.6595000000000002,0,1,0,527165,78445,63688,44268,0.7266386305531883,0.3607441754337356
26685,0.6595238095238095,0,1,0,527166,78444,63688,44268,0.7266293675201008,0.3607471151965578
26686,0.659547619047619,0,1,0,527167,78443,63688,44268,0.7266201044870132,0.36075005500729357
26687,0.6595555555555555,0,1,0,527168,78442,63688,44268,0.7266108414539256,0.3607529948659441
26688,0.6595714285714286,0,1,0,527169,78441,63688,44268,0.7266015784208382,0.36075593477251056
26689,0.6595833333333333,1,1,1,527170,78440,63689,44267,0.7265923153877506,0.3607536652350722
26690,0.6595833333333334,0,3,0,527173,78437,63689,44267,0.7265645262884879,0.36076248533055155
26691,0.6596190476190474,0,1,0,527174,78436,63689,44267,0.7265552632554003,0.36076542545822027
26692,0.6596666666666667,5,11,5,527185,78425,63694,44262,0.7264533698914373,0.3607717199051244
26693,0.6596904761904762,0,2,0,527187,78423,63694,44262,0.7264348438252621,0.36077760117373764
26694,0.6597142857142856,1,2,1,527189,78421,63695,44261,0.726416317759087,0.36077827228118226
26695,0.6597142857142857,0,1,0,527190,78420,63695,44261,0.7264070547259995,0.3607812130647778
26696,0.6597222222222221,0,2,0,527192,78418,63695,44261,0.7263885286598244,0.360787094775797
26697,0.6597301587301587,0,1,0,527193,78417,63695,44261,0.7263792656267368,0.36079003570322304
26698,0.6597370129870128,1,0,1,527193,78417,63696,44260,0.7263792656267368,0.3607848251913562
26699,0.6597619047619048,0,3,0,527196,78414,63696,44260,0.7263514765274741,0.3607936482058138
26700,0.6597777777777778,0,1,0,527197,78413,63696,44260,0.7263422134943867,0.36079658930653036
26701,0.6597896825396826,1,0,1,527197,78413,63697,44259,0.7263422134943867,0.3607913786357115
26702,0.6598333333333332,1,7,1,527204,78406,63698,44258,0.7262773722627737,0.3608067566686232
26703,0.6598333333333334,2,7,2,527211,78399,63700,44256,0.7262125310311608,0.36081692552280786
26704,0.6598809523809525,0,4,0,527215,78395,63700,44256,0.7261754788988106,0.36082869279500374
26705,0.6599166666666667,1,0,1,527215,78395,63701,44255,0.7261754788988106,0.3608234814512841
26706,0.659952380952381,0,1,0,527216,78394,63701,44255,0.726166215865723,0.3608264233707572
26707,0.6599999999999998,0,5,0,527221,78389,63701,44255,0.7261199007002853,0.3608411336877467
26708,0.66,610,1636,610,528857,76753,64311,43645,0.7109655785690466,0.3625060216947125
26709,0.6600000000000001,0,2,0,528859,76751,64311,43645,0.7109470525028715,0.362512043589488
26710,0.6600714285714285,0,3,0,528862,76748,64311,43645,0.7109192634036089,0.3625210768067911
26711,0.6600833333333332,2,1,2,528863,76747,64313,43643,0.7109100003705213,0.3625134977988205
26712,0.6601111111111112,0,1,0,528864,76746,64313,43643,0.7109007373374338,0.3625165089833789
26713,0.6601190476190476,1,1,1,528865,76745,64314,43642,0.7108914743043462,0.3625142249578443
26714,0.6601190476190477,0,1,0,528866,76744,64314,43642,0.7108822112712586,0.36251723622348114
26715,0.660142857142857,0,1,0,528867,76743,64314,43642,0.7108729482381712,0.36252024753914525
26716,0.660151875901876,0,1,0,528868,76742,64314,43642,0.7108636852050836,0.36252325890483783
26717,0.6601666666666666,0,2,0,528870,76740,64314,43642,0.7108451591389084,0.36252928178631355
26718,0.6601666666666667,1,7,1,528877,76733,64315,43641,0.7107803179072956,0.3625450678717996
26719,0.6601666666666668,0,3,0,528880,76730,64315,43641,0.7107525288080329,0.3625541035631506
26720,0.6601904761904761,0,1,0,528881,76729,64315,43641,0.7107432657749454,0.3625571155603556
26721,0.6602380952380952,0,1,0,528882,76728,64315,43641,0.7107340027418578,0.3625601276076066
26722,0.6602857142857143,0,1,0,528883,76727,64315,43641,0.7107247397087703,0.36256313970490495
26723,0.6603095238095237,1,2,1,528885,76725,64316,43640,0.7107062136425951,0.36256386823412123
26724,0.6603333333333332,0,1,0,528886,76724,64316,43640,0.7106969506095075,0.3625668804625968
26725,0.6603333333333333,5,5,5,528891,76719,64321,43635,0.7106506354440698,0.3625554613889027
26726,0.6603333333333334,1,0,1,528891,76719,64322,43634,0.7106506354440698,0.36255016493149317
26727,0.6603571428571428,0,1,0,528892,76718,64322,43634,0.7106413724109822,0.36255317734645043
26728,0.6603777056277056,1,0,1,528892,76718,64323,43633,0.7106413724109822,0.36254788078204586
26729,0.6604047619047618,0,3,0,528895,76715,64323,43633,0.7106135833117196,0.3625569182703493
26730,0.6604047619047619,1,0,1,528895,76715,64324,43632,0.7106135833117196,0.36255162156098614
26731,0.6604166666666665,2,0,2,528895,76715,64326,43630,0.7106135833117196,0.36254102787818354
26732,0.6604166666666668,0,1,0,528896,76714,64326,43630,0.7106043202786321,0.3625440404174699
26733,0.6604444444444444,0,1,0,528897,76713,64326,43630,0.7105950572455445,0.36254705300682216
26734,0.6604761904761903,0,3,0,528900,76710,64326,43630,0.7105672681462818,0.3625560910752867
26735,0.6604761904761905,1,1,1,528901,76709,64327,43629,0.7105580051131942,0.3625538067775765
26736,0.6605,2,5,2,528906,76704,64329,43627,0.7105116899477565,0.36255827675328883
26737,0.6605000000000001,0,2,0,528908,76702,64329,43627,0.7104931638815813,0.3625643028696324
26738,0.6605714285714286,1,0,1,528908,76702,64330,43626,0.7104931638815813,0.36255900538528024
26739,0.6605952380952381,0,2,0,528910,76700,64330,43626,0.7104746378154063,0.3625650316639795
26740,0.6605952380952382,0,1,0,528911,76699,64330,43626,0.7104653747823187,0.3625680448784542
26741,0.6606190476190476,2,2,2,528913,76697,64332,43624,0.7104468487161436,0.3625634760349399
26742,0.6606284271284271,0,1,0,528914,76696,64332,43624,0.710437585683056,0.3625664893617021
26743,0.6606428571428572,0,2,0,528916,76694,64332,43624,0.7104190596168809,0.3625725161654948
26744,0.6606666666666666,6,17,6,528933,76677,64338,43618,0.7102615880543925,0.3625919614281558
26745,0.6606666666666667,1,3,1,528936,76674,64339,43617,0.7102337989551298,0.36259570541437014
26746,0.6606904761904763,1,1,1,528937,76673,64340,43616,0.7102245359220423,0.3625934208447988
26747,0.6606984126984128,0,1,0,528938,76672,64340,43616,0.7102152728889548,0.36259643522213353
26748,0.6607142857142857,0,3,0,528941,76669,64340,43616,0.7101874837896921,0.36260547865486137
26749,0.6607499999999998,0,1,0,528942,76668,64340,43616,0.7101782207566045,0.3626084932326826
26750,0.6608030303030303,1,0,1,528942,76668,64341,43615,0.7101782207566045,0.36260319413383435
26751,0.6608333333333333,4,23,4,528965,76645,64345,43611,0.7099651709955908,0.36265134379989356
26752,0.6608333333333334,9,36,9,529001,76609,64354,43602,0.7096317018044388,0.3627122309938358
26753,0.6609523809523808,0,3,0,529004,76606,64354,43602,0.7096039127051762,0.36272128310927726
26754,0.6609523809523811,1,1,1,529005,76605,64355,43601,0.7095946496720886,0.362718999051628
26755,0.6609999999999999,13,33,13,529038,76572,64368,43588,0.7092889695801994,0.3627496671105193
26756,0.661,1,4,1,529042,76568,64369,43587,0.7092519174478491,0.3627564395988515
26757,0.6610714285714286,0,1,0,529043,76567,64369,43587,0.7092426544147615,0.3627594586946752
26758,0.6611071428571429,0,2,0,529045,76565,64369,43587,0.7092241283485865,0.3627654970370864
26759,0.6611190476190475,0,1,0,529046,76564,64369,43587,0.7092148653154989,0.3627685162836764
26760,0.6611428571428571,0,3,0,529049,76561,64369,43587,0.7091870762162362,0.3627775743249992
26761,0.6611507936507937,1,0,1,529049,76561,64370,43586,0.7091870762162362,0.3627722706351386
26762,0.661163542340013,1,0,1,529049,76561,64371,43585,0.7091870762162362,0.36276696685699067
26763,0.6611666666666666,0,1,0,529050,76560,64371,43585,0.7091778131831487,0.3627699862665945
26764,0.6611666666666668,2,3,2,529053,76557,64373,43583,0.709150024083886,0.3627684368237057
26765,0.6611785714285715,0,2,0,529055,76555,64373,43583,0.7091314980177109,0.36277447601924456
26766,0.6611904761904762,1,3,1,529058,76552,64374,43582,0.7091037089184482,0.3627782309754108
26767,0.6612142857142856,0,1,0,529059,76551,64374,43582,0.7090944458853607,0.3627812507803851
26768,0.66125,2,2,2,529061,76549,64376,43580,0.7090759198191856,0.36277668173380284
26769,0.6613095238095238,0,1,0,529062,76548,64376,43580,0.709066656786098,0.36277970165157164
26770,0.6613333333333332,4,18,4,529080,76530,64380,43576,0.7088999221905221,0.36281284865035884
26771,0.6613333333333334,1,3,1,529083,76527,64381,43575,0.7088721330912594,0.36281660588499776
26772,0.6613340548340547,1,2,1,529085,76525,64382,43574,0.7088536070250843,0.3628173423592203
26773,0.6613492063492064,0,1,0,529086,76524,64382,43574,0.7088443439919967,0.3628203633699146
26774,0.6614285714285714,1,3,1,529089,76521,64383,43573,0.7088165548927341,0.3628241211051343
26775,0.6614761904761904,0,1,0,529090,76520,64383,43573,0.7088072918596465,0.36282714229805235
26776,0.6614761904761906,1,1,1,529091,76519,64384,43572,0.708798028826559,0.3628248578161561
26777,0.6614999999999999,0,4,0,529095,76515,64384,43572,0.7087609766942088,0.3628369432161683
26778,0.6615000000000001,1,11,1,529106,76504,64385,43571,0.7086590833302456,0.36286487611909224
26779,0.6615238095238094,0,1,0,529107,76503,64385,43571,0.7086498202971581,0.36286789812948683
26780,0.6615476190476189,0,2,0,529109,76501,64385,43571,0.708631294230983,0.3628739423012859
26781,0.6615952380952382,0,1,0,529110,76500,64385,43571,0.7086220311978955,0.3628769644626929
26782,0.6616349206349207,0,1,0,529111,76499,64385,43571,0.7086127681648079,0.36287998667443994
26783,0.6616666666666666,27,109,27,529220,76390,64412,43544,0.7076030975582644,0.3630663531609052
26784,0.6616666666666667,21,57,21,529277,76333,64433,43523,0.7070751046722739,0.3631274195701508
26785,0.6616904761904762,0,1,0,529278,76332,64433,43523,0.7070658416391863,0.36313044929289556
26786,0.6617142857142858,0,1,0,529279,76331,64433,43523,0.7070565786060988,0.3631334790661972
26787,0.6617283549783548,0,1,0,529280,76330,64433,43523,0.7070473155730113,0.363136508890057
26788,0.6617619047619047,1,0,1,529280,76330,64434,43522,0.7070473155730113,0.3631311951406735
26789,0.6617658730158732,1,3,1,529283,76327,64435,43521,0.7070195264737485,0.36313497096322006
26790,0.6617857142857142,0,1,0,529284,76326,64435,43521,0.707010263440661,0.3631380009512128
26791,0.6617857142857143,0,3,0,529287,76323,64435,43521,0.7069824743413984,0.3631470912185842
26792,0.6618333333333334,3,10,3,529297,76313,64438,43518,0.7068898440105228,0.36316145237876674
26793,0.6619047619047618,0,1,0,529298,76312,64438,43518,0.7068805809774352,0.3631644830176083
26794,0.6619246031746033,0,1,0,529299,76311,64438,43518,0.7068713179443477,0.36316751370703254
26795,0.6619642857142857,0,1,0,529300,76310,64438,43518,0.7068620549112602,0.3631705444470408
26796,0.6619761904761904,0,1,0,529301,76309,64438,43518,0.7068527918781726,0.36317357523763427
26797,0.6619999999999999,0,6,0,529307,76303,64438,43518,0.7067972136796473,0.36319176104355666
26798,0.662,9,35,9,529342,76268,64447,43509,0.7064730075215828,0.3632500396570293
26799,0.662047619047619,1,0,1,529342,76268,64448,43508,0.7064730075215828,0.3632447234838365
26800,0.6620833333333332,1,0,1,529342,76268,64449,43507,0.7064730075215828,0.36323940722187437
26801,0.6620833333333335,0,4,0,529346,76264,64449,43507,0.7064359553892327,0.36325153835235574
26802,0.6621190476190475,1,0,1,529346,76264,64450,43506,0.7064359553892327,0.36324622192535694
26803,0.6621190476190477,0,1,0,529347,76263,64450,43506,0.7064266923561451,0.3632492548155199
26804,0.6621428571428573,1,6,1,529353,76257,64451,43505,0.7063711141576198,0.36326213657086553
26805,0.6621666666666666,0,1,0,529354,76256,64451,43505,0.7063618511245322,0.3632651697965114
26806,0.6621666666666667,2,9,2,529363,76247,64453,43503,0.7062784838267442,0.3632818371607516
26807,0.6622146464646463,0,2,0,529365,76245,64453,43503,0.7062599577605692,0.36328790459965926
26808,0.6622222222222222,0,2,0,529367,76243,64453,43503,0.706241431694394,0.363293972241244
26809,0.6622539682539681,0,1,0,529368,76242,64453,43503,0.7062321686613064,0.36329700613804333
26810,0.6623095238095238,0,1,0,529369,76241,64453,43503,0.7062229056282189,0.36330004008551575
26811,0.6623333333333332,1,3,1,529372,76238,64454,43502,0.7061951165289563,0.36330382495406716
26812,0.6623333333333333,5,16,5,529388,76222,64459,43497,0.7060469079995554,0.36332578788663455
26813,0.6623333333333334,0,1,0,529389,76221,64459,43497,0.7060376449664678,0.36332882273342354
26814,0.6623412698412698,0,1,0,529390,76220,64459,43497,0.7060283819333802,0.3633318576309129
26815,0.6623809523809524,1,4,1,529394,76216,64460,43496,0.7059913298010301,0.36333867949746057
26816,0.6624047619047618,0,1,0,529395,76215,64460,43496,0.7059820667679425,0.3633417146293991
26817,0.662420634920635,1,0,1,529395,76215,64461,43495,0.7059820667679425,0.36333639629103665
26818,0.6624242424242424,1,0,1,529395,76215,64462,43494,0.7059820667679425,0.36333107786381974
26819,0.6624285714285715,0,1,0,529396,76214,64462,43494,0.7059728037348549,0.36333411300832025
26820,0.6624523809523809,0,1,0,529397,76213,64462,43494,0.7059635407017674,0.3633371482035303
26821,0.6624999999999999,0,1,0,529398,76212,64462,43494,0.7059542776686798,0.3633401834494512
26822,0.6625,58,145,58,529543,76067,64520,43436,0.7046111378709845,0.3634720467268604
26823,0.6625000000000001,0,8,0,529551,76059,64520,43436,0.7045370336062841,0.3634963806016988
26824,0.6626111111111114,1,0,1,529551,76059,64521,43435,0.7045370336062841,0.36349105394413106
26825,0.6626190476190476,1,1,1,529552,76058,64522,43434,0.7045277705731965,0.36348876912261907
26826,0.6626190476190478,0,3,0,529555,76055,64522,43434,0.7044999814739338,0.3634978952037426
26827,0.6626666666666665,0,2,0,529557,76053,64522,43434,0.7044814554077587,0.3635039795124156
26828,0.6626666666666666,5,15,5,529572,76038,64527,43429,0.7043425099114454,0.3635229812416818
26829,0.6626666666666668,1,6,1,529578,76032,64528,43428,0.7042869317129201,0.36353591160220994
26830,0.6626785714285713,1,0,1,529578,76032,64529,43427,0.7042869317129201,0.36353058371491476
26831,0.6627380952380952,1,0,1,529578,76032,64530,43426,0.7042869317129201,0.36352525573841854
26832,0.6627619047619047,1,1,1,529579,76031,64531,43425,0.7042776686798325,0.36352297080096435
26833,0.6627857142857144,0,1,0,529580,76030,64531,43425,0.704268405646745,0.3635260139801599
26834,0.6628333333333332,0,1,0,529581,76029,64531,43425,0.7042591426136574,0.36352905721030687
26835,0.6628333333333333,1,4,1,529585,76025,64532,43424,0.7042220904813072,0.36353590235163125
26836,0.6628333333333335,1,4,1,529589,76021,64533,43423,0.704185038348957,0.3635427480660393
26837,0.6628452380952382,0,2,0,529591,76019,64533,43423,0.7041665122827818,0.3635488354180272
26838,0.6628571428571428,2,1,2,529592,76018,64535,43421,0.7041572492496944,0.36354122187895077
26839,0.6628571428571429,0,1,0,529593,76017,64535,43421,0.7041479862166068,0.36354426564409986
26840,0.6628650793650794,0,1,0,529594,76016,64535,43421,0.7041387231835192,0.3635473094602175
26841,0.662878427128427,0,6,0,529600,76010,64535,43421,0.7040831449849939,0.3635655734273346
26842,0.6628809523809523,0,1,0,529601,76009,64535,43421,0.7040738819519063,0.36356861760026793
26843,0.6628888888888889,0,2,0,529603,76007,64535,43421,0.7040553558857312,0.3635747060990722
26844,0.6629166666666667,0,1,0,529604,76006,64535,43421,0.7040460928526436,0.3635777504249458
26845,0.6629722222222223,0,1,0,529605,76005,64535,43421,0.7040368298195561,0.36358079480180194
26846,0.6629841269841269,0,2,0,529607,76003,64535,43421,0.704018303753381,0.3635868837084673
26847,0.6629999999999998,0,5,0,529612,75998,64535,43421,0.7039719885879432,0.3636021068674164
26848,0.6629999999999999,8,21,8,529633,75977,64543,43413,0.7037774648931046,0.36362341904682133
26849,0.6630000000000001,2,1,2,529634,75976,64545,43411,0.7037682018600171,0.3636158040657693
26850,0.6630194805194805,0,1,0,529635,75975,64545,43411,0.7037589388269295,0.3636188497813814
26851,0.6630555555555556,1,0,1,529635,75975,64546,43410,0.7037589388269295,0.3636135192863425
26852,0.6630714285714285,0,1,0,529636,75974,64546,43410,0.703749675793842,0.3636165650338404
26853,0.663095238095238,0,2,0,529638,75972,64546,43410,0.7037311497276668,0.36362265668191185
26854,0.6631399433899435,0,1,0,529639,75971,64546,43410,0.7037218866945792,0.363625702582488
26855,0.6631428571428571,1,0,1,529639,75971,64547,43409,0.7037218866945792,0.3636203719215949
26856,0.6631666666666667,2,15,2,529654,75956,64549,43407,0.7035829411982659,0.36365540410344915
26857,0.6631666666666668,1,5,1,529659,75951,64550,43406,0.7035366260328282,0.3636653066012048
26858,0.6631904761904761,1,0,1,529659,75951,64551,43405,0.7035366260328282,0.3636599752002413
26859,0.6632142857142856,0,2,0,529661,75949,64551,43405,0.703518099966653,0.36366606900480924
26860,0.6632142857142859,0,1,0,529662,75948,64551,43405,0.7035088369335655,0.3636691159836787
26861,0.6632380952380952,0,1,0,529663,75947,64551,43405,0.703499573900478,0.36367216301360683
26862,0.6633333333333331,0,1,0,529664,75946,64551,43405,0.7034903108673904,0.3636752100945949
26863,0.6633333333333333,49,101,49,529765,75845,64600,43356,0.7025547445255474,0.36372178085754314
26864,0.6633333333333334,60,163,60,529928,75682,64660,43296,0.7010448701322761,0.3638992082569887
26865,0.6633571428571428,0,1,0,529929,75681,64660,43296,0.7010356070991886,0.3639022668246804
26866,0.6633571428571429,1,1,1,529930,75680,64661,43295,0.701026344066101,0.3638999789871822
26867,0.6633809523809524,0,1,0,529931,75679,64661,43295,0.7010170810330134,0.36390303763847565
26868,0.6633856951871658,1,0,1,529931,75679,64662,43294,0.7010170810330134,0.36389769107276443
26869,0.6633928571428571,1,1,1,529932,75678,64663,43293,0.7010078179999258,0.3638954030814232
26870,0.6634523809523809,0,5,0,529937,75673,64663,43293,0.7009615028344881,0.3639106971739825
26871,0.663452380952381,1,1,1,529938,75672,64664,43292,0.7009522398014005,0.3639084092666689
26872,0.6634761904761904,0,1,0,529939,75671,64664,43292,0.700942976768313,0.3639114682716475
26873,0.6635,7,13,7,529952,75658,64671,43285,0.7008225573381748,0.36391380745399055
26874,0.6635000000000001,1,1,1,529953,75657,64672,43284,0.7008132943050872,0.3639115191565566
26875,0.6635145132645133,0,4,0,529957,75653,64672,43284,0.700776242172737,0.3639237579558926
26876,0.6635606060606061,0,1,0,529958,75652,64672,43284,0.7007669791396495,0.3639268177843546
26877,0.6635714285714286,0,2,0,529960,75650,64672,43284,0.7007484530734743,0.36393293759564127
26878,0.6635833333333333,0,1,0,529961,75649,64672,43284,0.7007391900403869,0.36393599757846856
26879,0.6635858585858585,0,1,0,529962,75648,64672,43284,0.7007299270072993,0.3639390576127535
26880,0.6635952380952382,0,3,0,529965,75645,64672,43284,0.7007021379080366,0.3639482380243675
26881,0.6636111111111112,0,3,0,529968,75642,64672,43284,0.700674348808774,0.36395741889914734
26882,0.6636428571428571,0,1,0,529969,75641,64672,43284,0.7006650857756864,0.3639604792936725
26883,0.6636666666666666,1,0,1,529969,75641,64673,43283,0.7006650857756864,0.3639551310080387
26884,0.6636666666666667,4,11,4,529980,75630,64677,43279,0.7005631924117233,0.363967403644804
26885,0.66375,1,3,1,529983,75627,64678,43278,0.7005354033124607,0.363971237542576
26886,0.6637619047619048,0,2,0,529985,75625,64678,43278,0.7005168772462855,0.36397735969655937
26887,0.6637857142857143,1,0,1,529985,75625,64679,43277,0.7005168772462855,0.36397201056332107
26888,0.6637878787878787,0,1,0,529986,75624,64679,43277,0.700507614213198,0.3639750716983036
26889,0.6637976190476189,0,2,0,529988,75622,64679,43277,0.7004890881470228,0.3639811941227428
26890,0.6638095238095238,0,3,0,529991,75619,64679,43277,0.7004612990477602,0.36399037814560625
26891,0.6638333333333333,3,9,3,530000,75610,64682,43274,0.7003779317499722,0.36400188418963025
26892,0.6638333333333334,2,3,2,530003,75607,64684,43272,0.7003501426507095,0.36400037012424397
26893,0.6638636363636362,2,0,2,530003,75607,64686,43270,0.7003501426507095,0.3639896699950369
26894,0.6639022921522922,0,1,0,530004,75606,64686,43270,0.700340879617622,0.3639927319223392
26895,0.6639285714285714,0,1,0,530005,75605,64686,43270,0.7003316165845345,0.36399579390115666
26896,0.6639285714285715,0,1,0,530006,75604,64686,43270,0.7003223535514469,0.3639988559314905
26897,0.6639761904761905,0,1,0,530007,75603,64686,43270,0.7003130905183593,0.364001918013342
26898,0.6639999999999999,1,7,1,530014,75596,64687,43269,0.7002482492867464,0.3640180036175493
26899,0.664,15,56,15,530070,75540,64702,43254,0.6997295194338434,0.36410929844941664
26900,0.6640044955044955,0,2,0,530072,75538,64702,43254,0.6997109933676683,0.36411542864839386
26901,0.664047619047619,0,1,0,530073,75537,64702,43254,0.6997017303345807,0.36411849382528977
26902,0.664063492063492,2,2,2,530075,75535,64704,43252,0.6996832042684057,0.3641139181897009
26903,0.6640714285714285,0,1,0,530076,75534,64704,43252,0.6996739412353181,0.364116983482902
26904,0.6640833333333334,0,1,0,530077,75533,64704,43252,0.6996646782022305,0.3641200488277139
26905,0.6640952380952382,0,1,0,530078,75532,64704,43252,0.699655415169143,0.36412311422413796
26906,0.6641071428571428,0,1,0,530079,75531,64704,43252,0.6996461521360554,0.3641261796721753
26907,0.6641111111111111,0,1,0,530080,75530,64704,43252,0.6996368891029678,0.3641292451718274
26908,0.6641428571428571,1,0,1,530080,75530,64705,43251,0.6996368891029678,0.3641238918682281
26909,0.6641666666666666,13,43,13,530123,75487,64718,43238,0.699238578680203,0.36418614445146347
26910,0.6641666666666667,5,37,5,530160,75450,64723,43233,0.6988958464559636,0.3642728950228761
26911,0.6642857142857141,0,1,0,530161,75449,64723,43233,0.698886583422876,0.3642759643416862
26912,0.6642857142857143,2,7,2,530168,75442,64725,43231,0.6988217421912631,0.36428673750558255
26913,0.6643095238095239,0,1,0,530169,75441,64725,43231,0.6988124791581756,0.3642898071996764
26914,0.6643333333333332,1,1,1,530170,75440,64726,43230,0.698803216125088,0.36428752001348275
26915,0.6643333333333333,4,15,4,530185,75425,64730,43226,0.6986642706287747,0.3643121423333979
26916,0.6643571428571429,0,1,0,530186,75424,64730,43226,0.6986550075956871,0.36431521281078805
26917,0.6643589743589744,1,0,1,530186,75424,64731,43225,0.6986550075956871,0.36430985511888003
26918,0.6644444444444444,1,0,1,530186,75424,64732,43224,0.6986550075956871,0.3643044973366597
26919,0.6644761904761904,1,1,1,530187,75423,64733,43223,0.6986457445625995,0.3643022099354382
26920,0.6644761904761906,0,1,0,530188,75422,64733,43223,0.6986364815295121,0.3643052804585107
26921,0.6644999999999998,1,0,1,530188,75422,64734,43222,0.6986364815295121,0.3642999224570985
26922,0.6644999999999999,1,3,1,530191,75419,64735,43221,0.6986086924302494,0.3643037761294673
26923,0.6645,1,1,1,530192,75418,64736,43220,0.6985994293971618,0.3643014885618436
26924,0.6645000000000002,0,1,0,530193,75417,64736,43220,0.6985901663640742,0.3643045592858889
26925,0.6645238095238095,0,4,0,530197,75413,64736,43220,0.6985531142317241,0.36431684269975473
26926,0.6645714285714286,0,2,0,530199,75411,64736,43220,0.6985345881655489,0.3643229847173167
26927,0.6646031746031746,0,1,0,530200,75410,64736,43220,0.6985253251324613,0.3643260558037596
26928,0.6646190476190474,0,1,0,530201,75409,64736,43220,0.6985160620993738,0.3643291269419788
26929,0.6646309523809524,0,1,0,530202,75408,64736,43220,0.6985067990662862,0.3643321981319756
26930,0.6646666666666665,0,1,0,530203,75407,64736,43220,0.6984975360331988,0.3643352693737513
26931,0.6646666666666667,5,24,5,530227,75383,64741,43215,0.6982752232390974,0.36438219868800487
26932,0.6646666666666668,1,0,1,530227,75383,64742,43214,0.6982752232390974,0.36437683921178443
26933,0.66475,1,0,1,530227,75383,64743,43213,0.6982752232390974,0.36437147964518196
26934,0.6647500000000001,1,0,1,530227,75383,64744,43212,0.6982752232390974,0.3643661199881951
26935,0.6647857142857143,0,1,0,530228,75382,64744,43212,0.6982659602060098,0.36436919237060894
26936,0.6647936507936507,1,2,1,530230,75380,64745,43211,0.6982474341398347,0.3643699774856439
26937,0.6648290043290044,0,1,0,530231,75379,64745,43211,0.6982381711067472,0.3643730500042162
26938,0.6648333333333332,1,5,1,530236,75374,64746,43210,0.6981918559413094,0.3643830533630169
26939,0.6648333333333334,3,8,3,530244,75366,64749,43207,0.6981177516766089,0.36439155625648334
26940,0.6648333333333335,1,0,1,530244,75366,64750,43206,0.6981177516766089,0.3643861957291772
26941,0.6648571428571429,2,1,2,530245,75365,64752,43204,0.6981084886435215,0.36437854751241894
26942,0.6649047619047619,0,2,0,530247,75363,64752,43204,0.6980899625773463,0.3643846938861572
26943,0.6649166666666667,0,2,0,530249,75361,64752,43204,0.6980714365111712,0.36439084046725423
26944,0.6649999999999998,2,1,2,530250,75360,64754,43202,0.6980621734780836,0.3643831919164656
26945,0.665,191,600,191,530850,74760,64945,43011,0.6925043536255512,0.36520875257915786
26946,0.6650000000000001,0,2,0,530852,74758,64945,43011,0.692485827559376,0.36521495469945403
26947,0.6650238095238096,0,1,0,530853,74757,64945,43011,0.6924765645262885,0.3652180558385979
26948,0.6650317460317461,0,2,0,530855,74755,64945,43011,0.6924580384601133,0.3652242582748841
26949,0.6650952380952382,0,1,0,530856,74754,64945,43011,0.6924487754270259,0.36522735957202906
26950,0.6651190476190476,0,3,0,530859,74751,64945,43011,0.6924209863277632,0.36523666377948744
26951,0.6651587301587302,0,1,0,530860,74750,64945,43011,0.6924117232946756,0.3652397652873192
26952,0.6651666666666667,4,6,4,530866,74744,64949,43007,0.6923561450961503,0.36523681327547114
26953,0.6651666666666668,2,5,2,530871,74739,64951,43005,0.6923098299307126,0.36524154097024053
26954,0.6652380952380952,0,3,0,530874,74736,64951,43005,0.6922820408314498,0.365250847198512
26955,0.66525,0,1,0,530875,74735,64951,43005,0.6922727777983623,0.3652539493799898
26956,0.6652619047619048,1,0,1,530875,74735,64952,43004,0.6922727777983623,0.36524855825172625
26957,0.6652777777777777,0,1,0,530876,74734,64952,43004,0.6922635147652747,0.3652516604664594
26958,0.6653015873015873,0,2,0,530878,74732,64952,43004,0.6922449886990997,0.36525786505401914
26959,0.6653333333333333,2,14,2,530892,74718,64954,43002,0.6921153062358739,0.36529051987767586
26960,0.6653748196248196,0,1,0,530893,74717,64954,43002,0.6921060432027863,0.36529362294956635
26961,0.6654166666666668,0,4,0,530897,74713,64954,43002,0.6920689910704361,0.3653060357643461
26962,0.6654523809523809,0,3,0,530900,74710,64954,43002,0.6920412019711735,0.3653153459290472
26963,0.6654761904761903,0,1,0,530901,74709,64954,43002,0.6920319389380859,0.3653184494227387
26964,0.6654761904761906,0,1,0,530902,74708,64954,43002,0.6920226759049983,0.3653215529691615
26965,0.6654999999999999,0,1,0,530903,74707,64954,43002,0.6920134128719108,0.3653246565683168
26966,0.6655,4,6,4,530909,74701,64958,42998,0.6919578346733855,0.36532171046482975
26967,0.6655000000000001,0,2,0,530911,74699,64958,42998,0.6919393086072103,0.3653279182986822
26968,0.6655555555555556,0,1,0,530912,74698,64958,42998,0.6919300455741227,0.3653310222947254
26969,0.6655769230769231,1,0,1,530912,74698,64959,42997,0.6919300455741227,0.3653256298058541
26970,0.6655833333333334,0,1,0,530913,74697,64959,42997,0.6919207825410353,0.36532873383519976
26971,0.6656190476190476,0,4,0,530917,74693,64959,42997,0.691883730408685,0.36534115048007476
26972,0.6656666666666666,4,13,4,530930,74680,64963,42993,0.6917633109785468,0.36535993813364154
26973,0.6656666666666667,0,3,0,530933,74677,64963,42993,0.6917355218792841,0.36536925299566586
26974,0.665702380952381,0,2,0,530935,74675,64963,42993,0.6917169958131091,0.3653754631675562
26975,0.6657142857142856,0,1,0,530936,74674,64963,42993,0.6917077327800215,0.36537856833266763
26976,0.6657142857142857,0,6,0,530942,74668,64963,42993,0.6916521545814962,0.36539720043174884
26977,0.6657857142857142,0,1,0,530943,74667,64963,42993,0.6916428915484086,0.3654003059663437
26978,0.6657857142857143,0,1,0,530944,74666,64963,42993,0.6916336285153211,0.3654034115537273
26979,0.6657976190476191,1,0,1,530944,74666,64964,42992,0.6916336285153211,0.3653980179843275
26980,0.6658095238095239,0,1,0,530945,74665,64964,42992,0.6916243654822335,0.3654011236050554
26981,0.6658333333333333,11,25,11,530970,74640,64975,42981,0.6913927896550447,0.36541944040604996
26982,0.6658333333333334,10,24,10,530994,74616,64985,42971,0.6911704768609434,0.36544005714917466
26983,0.6658809523809524,1,2,1,530996,74614,64986,42970,0.6911519507947682,0.365440876309702
26984,0.6659285714285714,0,1,0,530997,74613,64986,42970,0.6911426877616806,0.3654439842494238
26985,0.6659523809523811,0,2,0,530999,74611,64986,42970,0.6911241616955056,0.3654502002874614
26986,0.6659999999999999,15,59,15,531058,74552,65001,42955,0.6905776427433399,0.3655526904780141
26987,0.666,0,4,0,531062,74548,65001,42955,0.6905405906109897,0.36556513450720407
26988,0.6660714285714286,1,2,1,531064,74546,65002,42954,0.6905220645448146,0.36556595744680853
26989,0.666111111111111,0,1,0,531065,74545,65002,42954,0.690512801511727,0.3655690686729249
26990,0.6661118881118882,2,0,2,531065,74545,65004,42952,0.690512801511727,0.36555826957284016
26991,0.6661309523809524,0,1,0,531066,74544,65004,42952,0.6905035384786394,0.36556138081296385
26992,0.666142857142857,0,1,0,531067,74543,65004,42952,0.6904942754455519,0.3655644921060471
26993,0.6661666666666666,1,0,1,531067,74543,65005,42951,0.6904942754455519,0.3655590923791853
26994,0.6661666666666668,2,9,2,531076,74534,65007,42949,0.690410908147764,0.36557629614497417
26995,0.6661738816738815,1,2,1,531078,74532,65008,42948,0.6903923820815888,0.3655771195097038
26996,0.6661904761904762,0,3,0,531081,74529,65008,42948,0.6903645929823261,0.365586455221022
26997,0.6662142857142856,0,1,0,531082,74528,65008,42948,0.6903553299492385,0.36558956723075353
26998,0.6662222222222222,0,1,0,531083,74527,65008,42948,0.6903460669161511,0.36559267929346667
26999,0.6662380952380953,0,1,0,531084,74526,65008,42948,0.6903368038830635,0.3655957914091629
27000,0.66625,1,8,1,531092,74518,65009,42947,0.6902626996183631,0.36561528966075
27001,0.6663095238095238,0,1,0,531093,74517,65009,42947,0.6902534365852755,0.3656184022338759
27002,0.6663214285714285,1,0,1,531093,74517,65010,42946,0.6902534365852755,0.36561300154091075
27003,0.6663333333333332,2,15,2,531108,74502,65012,42944,0.6901144910889622,0.36564889395977723
27004,0.6663333333333334,1,5,1,531113,74497,65013,42943,0.6900681759235244,0.3656590599455041
27005,0.6663571428571428,0,1,0,531114,74496,65013,42943,0.6900589128904369,0.3656621735539301
27006,0.6663690476190476,1,1,1,531115,74495,65014,42942,0.6900496498573493,0.3656598857259637
27007,0.6663888888888888,0,1,0,531116,74494,65014,42942,0.6900403868242617,0.3656629994209612
27008,0.6664047619047619,0,1,0,531117,74493,65014,42942,0.6900311237911742,0.3656661131689871
27009,0.6664166666666665,0,1,0,531118,74492,65014,42942,0.6900218607580866,0.3656692269700427
27010,0.6664166666666667,0,1,0,531119,74491,65014,42942,0.6900125977249991,0.3656723408241295
27011,0.666452380952381,0,1,0,531120,74490,65014,42942,0.6900033346919116,0.36567545473124874
27012,0.6664761904761904,0,1,0,531121,74489,65014,42942,0.689994071658824,0.36567856869140175
27013,0.6664999999999999,1,3,1,531124,74486,65015,42941,0.6899662825595613,0.3656825091333339
27014,0.6665000000000001,5,12,5,531136,74474,65020,42936,0.6898551261625107,0.3656928711353377
27015,0.6665238095238095,0,1,0,531137,74473,65020,42936,0.6898458631294231,0.3656959858273216
27016,0.6665476190476189,0,3,0,531140,74470,65020,42936,0.6898180740301605,0.3657053302216241
27017,0.6665714285714286,0,1,0,531141,74469,65020,42936,0.6898088109970729,0.36570844512584644
27018,0.6666190476190476,0,1,0,531142,74468,65020,42936,0.6897995479639853,0.36571156008313177
27019,0.6666190476190477,0,1,0,531143,74467,65020,42936,0.6897902849308978,0.36571467509348143
27020,0.6666309523809525,0,1,0,531144,74466,65020,42936,0.6897810218978102,0.3657177901568968
27021,0.6666666666666665,84,193,84,531337,74273,65104,42852,0.6879932565119122,0.3658655282817503
27022,0.6666666666666667,37,102,37,531439,74171,65141,42815,0.6870484271369818,0.36598396389311544
27023,0.6666746031746033,0,2,0,531441,74169,65141,42815,0.6870299010708066,0.36599022088490735
27024,0.6666904761904761,0,2,0,531443,74167,65141,42815,0.6870113750046315,0.36599647809064645
27025,0.6667023809523811,0,1,0,531444,74166,65141,42815,0.6870021119715439,0.3659996067737496
27026,0.6667142857142858,1,0,1,531444,74166,65142,42814,0.6870021119715439,0.3659941870405197
27027,0.6667619047619047,1,0,1,531444,74166,65143,42813,0.6870021119715439,0.36598876721462825
27028,0.6667857142857143,0,1,0,531445,74165,65143,42813,0.6869928489384564,0.36599189591205183
27029,0.6667976190476189,0,3,0,531448,74162,65143,42813,0.6869650598391938,0.3660012823252832
27030,0.666832251082251,1,6,1,531454,74156,65144,42812,0.6869094816406685,0.3660146364817728
27031,0.6668333333333333,0,1,0,531455,74155,65144,42812,0.6869002186075809,0.3660177656945976
27032,0.6668333333333334,2,6,2,531461,74149,65146,42810,0.6868446404090556,0.3660257013141357
27033,0.6668571428571428,0,1,0,531462,74148,65146,42810,0.686835377375968,0.3660288308623608
27034,0.6668809523809522,0,1,0,531463,74147,65146,42810,0.6868261143428804,0.3660319604641022
27035,0.6668888888888889,0,1,0,531464,74146,65146,42810,0.6868168513097929,0.36603509011936114
27036,0.6669166666666668,1,1,1,531465,74145,65147,42809,0.6868075882767053,0.36603279922020626
27037,0.666952380952381,2,0,2,531465,74145,65149,42807,0.6868075882767053,0.3660219577262467
27038,0.6669617604617606,0,1,0,531466,74144,65149,42807,0.6867983252436177,0.3660250874297783
27039,0.6669999999999999,1,4,1,531470,74140,65150,42806,0.6867612731112676,0.36603218579515334
27040,0.667,7,18,7,531488,74122,65157,42799,0.6865945385156916,0.3660505811616391
27041,0.6670000000000001,0,1,0,531489,74121,65157,42799,0.6865852754826041,0.36605371193978786
27042,0.6670238095238097,0,1,0,531490,74120,65157,42799,0.6865760124495165,0.36605684277149136
27043,0.6670833333333335,1,0,1,531490,74120,65158,42798,0.6865760124495165,0.36605142065379154
27044,0.6671309523809525,0,2,0,531492,74118,65158,42798,0.6865574863833414,0.3660576824386739
27045,0.667142857142857,0,1,0,531493,74117,65158,42798,0.6865482233502538,0.36606081341145275
27046,0.6671428571428573,1,5,1,531498,74112,65159,42797,0.686501908184816,0.3660710467115449
27047,0.6671547619047619,3,1,3,531499,74111,65162,42794,0.6864926451517285,0.36605791026902185
27048,0.6671666666666666,0,1,0,531500,74110,65162,42794,0.6864833821186409,0.3660610415383563
27049,0.6671666666666667,0,8,0,531508,74102,65162,42794,0.6864092778539405,0.3660860936216808
27050,0.6671904761904763,1,3,1,531511,74099,65163,42793,0.6863814887546779,0.36609006604386957
27051,0.6672023809523808,0,1,0,531512,74098,65163,42793,0.6863722257215903,0.36609319793653916
27052,0.6672142857142856,0,1,0,531513,74097,65163,42793,0.6863629626885027,0.3660963298827958
27053,0.6672222222222223,0,1,0,531514,74096,65163,42793,0.6863536996554152,0.3660994618826408
27054,0.6672261904761905,1,1,1,531515,74095,65164,42792,0.6863444366223276,0.366097170771771
27055,0.6672499999999999,0,5,0,531520,74090,65164,42792,0.6862981214568898,0.36611283174483666
27056,0.6673125763125762,0,4,0,531524,74086,65164,42792,0.6862610693245397,0.36612536148804736
27057,0.6673333333333332,3,3,3,531527,74083,65167,42789,0.686233280225277,0.366118488602916
27058,0.6673333333333333,3,12,3,531539,74071,65170,42786,0.6861221238282263,0.3661398119068605
27059,0.6673333333333334,1,1,1,531540,74070,65171,42785,0.6861128607951388,0.36613752085918444
27060,0.667357142857143,1,0,1,531540,74070,65172,42784,0.6861128607951388,0.36613209646225203
27061,0.6673809523809524,1,1,1,531541,74069,65173,42783,0.6861035977620512,0.36612980522370175
27062,0.6673888888888888,0,1,0,531542,74068,65173,42783,0.6860943347289636,0.36613293852855344
27063,0.6674166666666665,0,2,0,531544,74066,65173,42783,0.6860758086627885,0.3661392052991468
27064,0.6674166666666668,1,0,1,531544,74066,65174,42782,0.6860758086627885,0.36613378063809393
27065,0.6674444444444444,0,2,0,531546,74064,65174,42782,0.6860572825966135,0.36614004758399943
27066,0.6674999999999999,1,1,1,531547,74063,65175,42781,0.6860480195635259,0.3661377563246722
27067,0.6675,45,148,45,531695,73915,65220,42736,0.6846770906665679,0.36635776804313724
27068,0.6675238095238094,0,1,0,531696,73914,65220,42736,0.6846678276334803,0.36636090870124305
27069,0.6675476190476191,1,0,1,531696,73914,65221,42735,0.6846678276334803,0.36635547668646967
27070,0.6676190476190478,1,0,1,531696,73914,65222,42734,0.6846678276334803,0.36635004457856113
27071,0.6676666666666666,4,14,4,531710,73900,65226,42730,0.6845381451702546,0.36637228843350766
27072,0.6676666666666669,0,2,0,531712,73898,65226,42730,0.6845196191040794,0.3663785711835923
27073,0.6677142857142856,0,1,0,531713,73897,65226,42730,0.6845103560709919,0.36638171263944025
27074,0.6677380952380954,1,0,1,531713,73897,65227,42729,0.6845103560709919,0.3663762797317922
27075,0.6677500000000001,0,1,0,531714,73896,65227,42729,0.6845010930379043,0.36637942122186495
27076,0.6677619047619048,0,1,0,531715,73895,65227,42729,0.6844918300048167,0.3663825627658115
27077,0.6677777777777777,1,4,1,531719,73891,65228,42728,0.6844547778724666,0.36638969636165636
27078,0.6677857142857142,0,2,0,531721,73889,65228,42728,0.6844362518062914,0.3663959800029155
27079,0.6678095238095239,0,1,0,531722,73888,65228,42728,0.6844269887732038,0.3663991219043699
27080,0.6678333333333332,0,1,0,531723,73887,65228,42728,0.6844177257401164,0.3664022638597093
27081,0.6678333333333333,1,9,1,531732,73878,65229,42727,0.6843343584423284,0.36642511041550535
27082,0.6678571428571428,3,4,3,531736,73874,65232,42724,0.6842973063099781,0.36642137944047065
27083,0.6678809523809524,0,1,0,531737,73873,65232,42724,0.6842880432768906,0.3664245220717514
27084,0.6679166666666666,1,2,1,531739,73871,65233,42723,0.6842695172107155,0.36642537351836285
27085,0.6679166666666667,1,0,1,531739,73871,65234,42722,0.6842695172107155,0.3664199394474797
27086,0.6679166666666668,0,1,0,531740,73870,65234,42722,0.6842602541776279,0.3664230822011802
27087,0.6679285714285714,0,1,0,531741,73869,65234,42722,0.6842509911445404,0.3664262250087914
27088,0.6679761904761905,0,2,0,531743,73867,65234,42722,0.6842324650783652,0.3664325107857517
27089,0.6679920634920633,0,1,0,531744,73866,65234,42722,0.6842232020452778,0.36643565375510345
27090,0.6679999999999998,0,2,0,531746,73864,65234,42722,0.6842046759791026,0.3664419398555573
27091,0.6679999999999999,12,41,12,531787,73823,65246,42710,0.6838248916225129,0.36650562501608985
27092,0.6680000000000001,3,4,3,531791,73819,65249,42707,0.6837878394901626,0.36650189657243876
27093,0.6680238095238096,0,2,0,531793,73817,65249,42707,0.6837693134239875,0.3665081871545776
27094,0.668047619047619,1,0,1,531793,73817,65250,42706,0.6837693134239875,0.3665027505299383
27095,0.6680952380952381,0,1,0,531794,73816,65250,42706,0.6837600503909,0.36650589588232263
27096,0.6681190476190476,1,0,1,531794,73816,65251,42705,0.6837600503909,0.3665004591447035
27097,0.6681547619047619,0,1,0,531795,73815,65251,42705,0.6837507873578125,0.3665036045314109
27098,0.6681666666666666,3,9,3,531804,73806,65254,42702,0.6836674200600245,0.3665156040786899
27099,0.6681666666666668,0,2,0,531806,73804,65254,42702,0.6836488939938493,0.366521895868024
27100,0.6682142857142859,1,0,1,531806,73804,65255,42701,0.6836488939938493,0.3665164585210935
27101,0.6682597402597404,0,2,0,531808,73802,65255,42701,0.6836303679276743,0.3665227504871119
27102,0.6682857142857143,0,1,0,531809,73801,65255,42701,0.6836211048945867,0.36652589655113216
27103,0.6683214285714285,0,1,0,531810,73800,65255,42701,0.6836118418614991,0.36652904266916164
27104,0.6683333333333331,0,3,0,531813,73797,65255,42701,0.6835840527622364,0.36653848134731926
27105,0.6683333333333333,19,58,19,531871,73739,65274,42682,0.6830467968431583,0.36661770642753455
27106,0.6683333333333334,31,74,31,531945,73665,65305,42651,0.6823613323946793,0.36668214175177966
27107,0.6683809523809523,0,1,0,531946,73664,65305,42651,0.6823520693615918,0.3666852942440786
27108,0.6684166666666667,0,1,0,531947,73663,65305,42651,0.6823428063285042,0.3666884467905841
27109,0.6684166666666669,2,1,2,531948,73662,65307,42649,0.6823335432954166,0.36668070947717757
27110,0.6684370596723536,1,2,1,531950,73660,65308,42648,0.6823150172292416,0.36668156962547716
27111,0.668452380952381,0,4,0,531954,73656,65308,42648,0.6822779650968913,0.36669418076764343
27112,0.6684859307359305,0,1,0,531955,73655,65308,42648,0.6822687020638037,0.36669733368872687
27113,0.6685,3,12,3,531967,73643,65311,42645,0.6821575456667531,0.3667188359933957
27114,0.6685000000000001,1,2,1,531969,73641,65312,42644,0.682139019600578,0.3667196972954379
27115,0.6685000000000002,1,1,1,531970,73640,65313,42643,0.6821297565674904,0.3667174049517126
27116,0.6685119047619048,0,2,0,531972,73638,65313,42643,0.6821112305013154,0.3667237123863744
27117,0.6685238095238094,0,1,0,531973,73637,65313,42643,0.6821019674682278,0.3667268661850705
27118,0.6685555555555556,0,2,0,531975,73635,65313,42643,0.6820834414020527,0.3667331739452003
27119,0.6685714285714286,1,5,1,531980,73630,65314,42642,0.6820371262366149,0.3667434980046787
27120,0.6686190476190477,0,1,0,531981,73629,65314,42642,0.6820278632035274,0.3667466522176639
27121,0.6686666666666666,0,2,0,531983,73627,65314,42642,0.6820093371373522,0.36675296080640585
27122,0.6686666666666667,7,13,7,531996,73614,65321,42635,0.681888917707214,0.36675584306101555
27123,0.6686825396825395,0,1,0,531997,73613,65321,42635,0.6818796546741265,0.36675899800426676
27124,0.6686904761904761,0,1,0,531998,73612,65321,42635,0.6818703916410389,0.3667621530017979
27125,0.6686904761904762,0,2,0,532000,73610,65321,42635,0.6818518655748639,0.3667684631597058
27126,0.66875,1,5,1,532005,73605,65322,42634,0.681805550409426,0.3667787919717134
27127,0.6687658730158731,0,1,0,532006,73604,65322,42634,0.6817962873763385,0.366781947383816
27128,0.6687878787878787,1,0,1,532006,73604,65323,42633,0.6817962873763385,0.36677649973760507
27129,0.6688095238095237,0,1,0,532007,73603,65323,42633,0.681787024343251,0.36677965518428024
27130,0.6688333333333333,2,7,2,532014,73596,65325,42631,0.6817221831116381,0.3667908489421563
27131,0.6688333333333334,0,1,0,532015,73595,65325,42631,0.6817129200785506,0.3667940047837833
27132,0.6688571428571427,0,1,0,532016,73594,65325,42631,0.681703657045463,0.36679716067971607
27133,0.6689285714285714,1,1,1,532017,73593,65326,42630,0.6816943940123754,0.36679486848558374
27134,0.6689761904761906,0,2,0,532019,73591,65326,42630,0.6816758679462003,0.36680118050954647
27135,0.6689999999999999,2,5,2,532024,73586,65328,42628,0.6816295527807625,0.36680606467379145
27136,0.669,8,30,8,532054,73556,65336,42620,0.6813516617881359,0.3668571822063077
27137,0.6690238095238097,1,0,1,532054,73556,65337,42619,0.6813516617881359,0.36685173230040885
27138,0.6690416666666666,0,1,0,532055,73555,65337,42619,0.6813423987550483,0.3668548900786751
27139,0.669047619047619,2,0,2,532055,73555,65339,42617,0.6813423987550483,0.36684398994594225
27140,0.6691190476190476,0,1,0,532056,73554,65339,42617,0.6813331357219607,0.3668471477391087
27141,0.6691666666666666,4,28,4,532084,73526,65343,42613,0.6810737707955092,0.3669137843446215
27142,0.6691666666666667,3,26,3,532110,73500,65346,42610,0.6808329319352329,0.36697958832141936
27143,0.6691893939393938,1,1,1,532111,73499,65347,42609,0.6808236689021453,0.36697729699934545
27144,0.6692103174603174,0,2,0,532113,73497,65347,42609,0.6808051428359702,0.3669836184176528
27145,0.6692142857142858,0,1,0,532114,73496,65347,42609,0.6807958798028827,0.3669867792084751
27146,0.66925,0,1,0,532115,73495,65347,42609,0.6807866167697951,0.3669899400537449
27147,0.6692500000000001,0,2,0,532117,73493,65347,42609,0.68076809070362,0.36699626190763296
27148,0.6692619047619048,0,1,0,532118,73492,65347,42609,0.6807588276705324,0.3669994229162539
27149,0.6692857142857142,0,2,0,532120,73490,65347,42609,0.6807403016043573,0.367005745096857
27150,0.6692857142857143,1,2,1,532122,73488,65348,42608,0.6807217755381822,0.3670066152149945
27151,0.6693196248196247,1,1,1,532123,73487,65349,42607,0.6807125125050947,0.36700432408220923
27152,0.6693333333333332,3,1,3,532124,73486,65352,42604,0.6807032494720071,0.3669911275734344
27153,0.6693333333333333,5,14,5,532138,73472,65357,42599,0.6805735670087814,0.36700812433768987
27154,0.6693333333333336,0,1,0,532139,73471,65357,42599,0.6805643039756938,0.36701128629275437
27155,0.6693571428571427,0,1,0,532140,73470,65357,42599,0.6805550409426062,0.36701444830230295
27156,0.6693571428571429,2,0,2,532140,73470,65359,42597,0.6805550409426062,0.3670035410581819
27157,0.6693730158730158,0,2,0,532142,73468,65359,42597,0.6805365148764312,0.3670098651617628
27158,0.6693809523809523,0,1,0,532143,73467,65359,42597,0.6805272518433436,0.36701302729528534
27159,0.6693809523809524,0,1,0,532144,73466,65359,42597,0.680517988810256,0.36701618948329784
27160,0.669404761904762,0,1,0,532145,73465,65359,42597,0.6805087257771685,0.36701935172580175
27161,0.6694444444444444,0,1,0,532146,73464,65359,42597,0.6804994627440809,0.36702251402279834
27162,0.6694761904761904,0,1,0,532147,73463,65359,42597,0.6804901997109933,0.3670256763742892
27163,0.6695,2,9,2,532156,73454,65361,42595,0.6804068324132054,0.36704323173831743
27164,0.6695238095238095,0,2,0,532158,73452,65361,42595,0.6803883063470303,0.36704955750687224
27165,0.6695238095238096,0,1,0,532159,73451,65361,42595,0.6803790433139427,0.3670527204729159
27166,0.6695454545454546,1,0,1,532159,73451,65362,42594,0.6803790433139427,0.3670472661467534
27167,0.6695476190476191,1,0,1,532159,73451,65363,42593,0.6803790433139427,0.36704181172658645
27168,0.6695833333333334,2,0,2,532159,73451,65365,42591,0.6803790433139427,0.3670309026042295
27169,0.669611111111111,0,1,0,532160,73450,65365,42591,0.6803697802808552,0.3670340655457985
27170,0.6696666666666665,0,3,0,532163,73447,65365,42591,0.6803419911815926,0.3670435546975991
27171,0.6696666666666666,3,9,3,532172,73438,65368,42588,0.6802586238838045,0.3670556599382897
27172,0.669702380952381,0,1,0,532173,73437,65368,42588,0.680249360850717,0.36705882352941177
27173,0.6697121212121212,0,1,0,532174,73436,65368,42588,0.6802400978176294,0.3670619871750672
27174,0.6697132034632035,0,2,0,532176,73434,65368,42588,0.6802215717514543,0.36706831462998396
27175,0.6697142857142856,0,2,0,532178,73432,65368,42588,0.6802030456852792,0.3670746423030512
27176,0.6697142857142857,1,3,1,532181,73429,65369,42587,0.6801752565860165,0.3670786788029237
27177,0.6697857142857143,0,1,0,532182,73428,65369,42587,0.680165993552929,0.3670818428651467
27178,0.6698095238095237,0,1,0,532183,73427,65369,42587,0.6801567305198414,0.367085006981916
27179,0.6698253968253968,0,1,0,532184,73426,65369,42587,0.6801474674867538,0.36708817115323283
27180,0.6698333333333332,0,1,0,532185,73425,65369,42587,0.6801382044536664,0.3670913353790987
27181,0.6698333333333334,2,8,2,532193,73417,65371,42585,0.6800641001889659,0.36710573955621456
27182,0.6698787878787877,0,1,0,532194,73416,65371,42585,0.6800548371558783,0.36710890423358417
27183,0.6699047619047619,2,0,2,532194,73416,65373,42583,0.6800548371558783,0.3670979922240709
27184,0.6699285714285714,0,1,0,532195,73415,65373,42583,0.6800455741227908,0.3671011569164986
27185,0.6699920634920634,0,1,0,532196,73414,65373,42583,0.6800363110897032,0.3671043216634913
27186,0.6699999999999998,0,4,0,532200,73410,65373,42583,0.679999258957353,0.3671169811971412
27187,0.67,623,1639,623,533839,71771,65996,41960,0.6648171477268516,0.3689407461466091
27188,0.6700000000000002,0,7,0,533846,71764,65996,41960,0.6647523064952388,0.36896345538320846
27189,0.6700714285714285,0,1,0,533847,71763,65996,41960,0.6647430434621513,0.36896669978808155
27190,0.6700833333333333,0,1,0,533848,71762,65996,41960,0.6647337804290637,0.36896994425001317
27191,0.670095238095238,0,2,0,533850,71760,65996,41960,0.6647152543628886,0.36897643334505803
27192,0.6701190476190476,0,3,0,533853,71757,65996,41960,0.6646874652636259,0.36898616741560186
27193,0.6701212121212121,0,1,0,533854,71756,65996,41960,0.6646782022305384,0.36898941221991627
27194,0.6701666666666665,1,0,1,533854,71756,65997,41959,0.6646782022305384,0.36898386316668863
27195,0.6701666666666667,3,11,3,533865,71745,66000,41956,0.6645763088665753,0.3690029111441412
27196,0.6701666666666668,0,2,0,533867,71743,66000,41956,0.6645577828004001,0.3690094020176079
27197,0.6701723831723834,1,1,1,533868,71742,66001,41955,0.6645485197673127,0.3690070978126072
27198,0.6701904761904761,0,2,0,533870,71740,66001,41955,0.6645299937011375,0.3690135889880822
27199,0.6702142857142858,0,1,0,533871,71739,66001,41955,0.66452073066805,0.3690168346614597
27200,0.6702380952380952,1,1,1,533872,71738,66002,41954,0.6645114676349624,0.3690145304858741
27201,0.6702499999999999,0,2,0,533874,71736,66002,41954,0.6644929415687872,0.36902102207757936
27202,0.67025,0,1,0,533875,71735,66002,41954,0.6644836785356998,0.36902426795908133
27203,0.6702619047619051,0,2,0,533877,71733,66002,41954,0.6644651524695246,0.3690307598933915
27204,0.6702857142857143,0,2,0,533879,71731,66002,41954,0.6644466264033495,0.36903725205612
27205,0.6702857142857144,0,1,0,533880,71730,66002,41954,0.6644373633702619,0.36904049822314483
27206,0.6703095238095238,0,2,0,533882,71728,66002,41954,0.6644188373040868,0.3690469907285234
27207,0.6703205128205127,0,1,0,533883,71727,66002,41954,0.6644095742709993,0.3690502370668801
27208,0.6703333333333332,0,1,0,533884,71726,66002,41954,0.6644003112379118,0.36905348346235045
27209,0.6703333333333333,4,9,4,533893,71717,66006,41950,0.6643169439401237,0.36906050128885254
27210,0.6703333333333334,1,1,1,533894,71716,66007,41949,0.6643076809070362,0.36905819733427175
27211,0.6703571428571428,1,1,1,533895,71715,66008,41948,0.6642984178739486,0.3690558932986108
27212,0.6703571428571429,0,1,0,533896,71714,66008,41948,0.664289154840861,0.36905914025795783
27213,0.6704166666666665,0,1,0,533897,71713,66008,41948,0.6642798918077736,0.3690623872744389
27214,0.6704166666666667,0,2,0,533899,71711,66008,41948,0.6642613657415984,0.3690688814788094
27215,0.6704642857142856,1,4,1,533903,71707,66009,41947,0.6642243136092482,0.36907631935523605
27216,0.6704761904761903,0,3,0,533906,71704,66009,41947,0.6641965245099856,0.3690860617152511
27217,0.6704761904761906,4,5,4,533911,71699,66013,41943,0.6641502093445478,0.3690800936273561
27218,0.6704761904761907,1,3,1,533914,71696,66014,41942,0.6641224202452851,0.3690842851862933
27219,0.6705,1,5,1,533919,71691,66015,41941,0.6640761050798474,0.36909497324697266
27220,0.6705000000000001,1,4,1,533923,71687,66016,41940,0.6640390529474971,0.3691024140389168
27221,0.6705238095238094,0,1,0,533924,71686,66016,41940,0.6640297899144095,0.3691056624364142
27222,0.6705238095238095,1,0,1,533924,71686,66017,41939,0.6640297899144095,0.3691001100110011
27223,0.6705555555555556,0,1,0,533925,71685,66017,41939,0.6640205268813221,0.3691033584453989
27224,0.6705833333333334,0,2,0,533927,71683,66017,41939,0.6640020008151469,0.3691098554857334
27225,0.6706190476190476,0,2,0,533929,71681,66017,41939,0.6639834747489718,0.3691163527547967
27226,0.6706666666666666,7,20,7,533949,71661,66024,41932,0.6637982140872207,0.36914246476455415
27227,0.6707142857142857,2,5,2,533954,71656,66026,41930,0.663751898921783,0.3691476062190763
27228,0.6707142857142858,0,1,0,533955,71655,66026,41930,0.6637426358886954,0.3691508561869965
27229,0.6707500000000001,0,3,0,533958,71652,66026,41930,0.6637148467894327,0.3691606064341181
27230,0.6707777777777778,1,0,1,533958,71652,66027,41929,0.6637148467894327,0.36915505234150076
27231,0.6708095238095239,0,1,0,533959,71651,66027,41929,0.6637055837563451,0.36915830251804893
27232,0.6708333333333333,6,26,6,533985,71625,66033,41923,0.6634647448960688,0.36920949730510444
27233,0.6708333333333334,14,30,14,534015,71595,66047,41909,0.6631868539034421,0.36922927826332114
27234,0.6708571428571429,0,1,0,534016,71594,66047,41909,0.6631775908703545,0.3692325312987322
27235,0.6708968253968254,0,1,0,534017,71593,66047,41909,0.663168327837267,0.3692357843914645
27236,0.6709285714285715,0,1,0,534018,71592,66047,41909,0.6631590648041795,0.36923903754151943
27237,0.670952380952381,1,0,1,534018,71592,66048,41908,0.6631590648041795,0.36923348017621144
27238,0.6709761904761905,0,2,0,534020,71590,66048,41908,0.6631405387380044,0.3692399866076935
27239,0.6709888167388168,0,2,0,534022,71588,66048,41908,0.6631220126718292,0.36924649326848524
27240,0.6709999999999999,9,36,9,534058,71552,66057,41899,0.6627885434806773,0.3693136243840953
27241,0.671,0,4,0,534062,71548,66057,41899,0.6627514913483271,0.3693266459227657
27242,0.6710238095238096,0,1,0,534063,71547,66057,41899,0.6627422283152395,0.36932990145091055
27243,0.671047619047619,0,1,0,534064,71546,66057,41899,0.662732965282152,0.36933315703644937
27244,0.6710595238095237,1,0,1,534064,71546,66058,41898,0.662732965282152,0.36932759775748386
27245,0.6710714285714287,1,0,1,534064,71546,66059,41897,0.662732965282152,0.36932203838050826
27246,0.6711666666666666,1,0,1,534064,71546,66060,41896,0.662732965282152,0.36931647890552
27247,0.6711666666666667,3,7,3,534071,71539,66063,41893,0.6626681240505391,0.3693225897453981
27248,0.6711904761904762,1,4,1,534075,71535,66064,41892,0.6626310719181889,0.36933005369092015
27249,0.6712380952380951,0,1,0,534076,71534,66064,41892,0.6626218088851014,0.3693333098231446
27250,0.6712380952380953,0,1,0,534077,71533,66064,41892,0.6626125458520138,0.36933656601278375
27251,0.67125,2,5,2,534082,71528,66066,41890,0.662566230686576,0.3693417270627237
27252,0.6712619047619047,0,1,0,534083,71527,66066,41890,0.6625569676534885,0.369344983556257
27253,0.6712738095238096,1,0,1,534083,71527,66067,41889,0.6625569676534885,0.3693394230090992
27254,0.6713333333333332,7,10,7,534093,71517,66074,41882,0.6624643373226129,0.36933306290178924
27255,0.6713333333333334,1,9,1,534102,71508,66075,41881,0.6623809700248249,0.3693568159168879
27256,0.6713809523809524,1,0,1,534102,71508,66076,41880,0.6623809700248249,0.3693512541009631
27257,0.6713888888888888,2,0,2,534102,71508,66078,41878,0.6623809700248249,0.3693401301748011
27258,0.671404761904762,0,1,0,534103,71507,66078,41878,0.6623717069917374,0.36934338757331214
27259,0.6714166666666668,0,1,0,534104,71506,66078,41878,0.6623624439586498,0.36934664502928105
27260,0.6714285714285714,0,2,0,534106,71504,66078,41878,0.6623439178924747,0.36935316011359826
27261,0.6714379509379511,0,1,0,534107,71503,66078,41878,0.6623346548593871,0.3693564177419497
27262,0.671452380952381,1,0,1,534107,71503,66079,41877,0.6623346548593871,0.36935085553007585
27263,0.6714526307026305,0,2,0,534109,71501,66079,41877,0.662316128793212,0.36935737091852033
27264,0.6714999999999999,1,3,1,534112,71498,66080,41876,0.6622883396939494,0.36936158202056907
27265,0.6715000000000001,3,11,3,534123,71487,66083,41873,0.6621864463299862,0.36938073394495413
27266,0.6715238095238095,0,2,0,534125,71485,66083,41873,0.6621679202638112,0.3693872510100743
27267,0.671547619047619,1,0,1,534125,71485,66084,41872,0.6621679202638112,0.36938168794163573
27268,0.6716190476190477,0,1,0,534126,71484,66084,41872,0.6621586572307236,0.36938494654010373
27269,0.6716428571428571,0,1,0,534127,71483,66084,41872,0.6621493941976361,0.36938820519606547
27270,0.6716666666666665,29,94,29,534221,71389,66113,41843,0.661278669087406,0.36953334746361455
27271,0.6716666666666667,30,75,30,534296,71314,66143,41813,0.6605839416058394,0.3696111449963316
27272,0.6717041847041846,0,1,0,534297,71313,66143,41813,0.6605746785727519,0.3696144122482895
27273,0.6717142857142858,0,1,0,534298,71312,66143,41813,0.6605654155396643,0.36961767955801106
27274,0.6717619047619049,0,1,0,534299,71311,66143,41813,0.6605561525065767,0.3696209469254977
27275,0.6717857142857142,1,1,1,534300,71310,66144,41812,0.6605468894734892,0.36961864182033555
27276,0.6717857142857143,0,2,0,534302,71308,66144,41812,0.6605283634073141,0.36962517680339463
27277,0.6718333333333334,5,11,5,534313,71297,66149,41807,0.660426470043351,0.3696332578865469
27278,0.6718333333333335,0,1,0,534314,71296,66149,41807,0.6604172070102634,0.3696365259984262
27279,0.6718571428571428,0,3,0,534317,71293,66149,41807,0.6603894179110008,0.36964633068081343
27280,0.6719047619047618,2,1,2,534318,71292,66151,41805,0.6603801548779132,0.36963845194832756
27281,0.6719166666666667,0,1,0,534319,71291,66151,41805,0.6603708918448257,0.3696417203084105
27282,0.6719642857142857,0,1,0,534320,71290,66151,41805,0.6603616288117381,0.36964498872629203
27283,0.6719696969696969,0,1,0,534321,71289,66151,41805,0.6603523657786505,0.3696482572019736
27284,0.6719999999999999,0,5,0,534326,71284,66151,41805,0.6603060506132128,0.3696646004474352
27285,0.672,15,35,15,534361,71249,66166,41790,0.6599818444551484,0.36969541485681934
27286,0.6720000000000002,0,1,0,534362,71248,66166,41790,0.6599725814220608,0.3696986853978308
27287,0.6720833333333335,0,1,0,534363,71247,66166,41790,0.6599633183889733,0.369701955996709
27288,0.6721111111111111,1,0,1,534363,71247,66167,41789,0.6599633183889733,0.36969637991436355
27289,0.6721428571428573,0,2,0,534365,71245,66167,41789,0.6599447923227981,0.36970292124493515
27290,0.6721666666666666,0,2,0,534367,71243,66167,41789,0.6599262662566231,0.3697094628069927
27291,0.6721666666666667,1,14,1,534381,71229,66168,41788,0.6597965837933973,0.36974968367590716
27292,0.6721774891774892,0,1,0,534382,71228,66168,41788,0.6597873207603098,0.36975295533375807
27293,0.6721843434343434,0,1,0,534383,71227,66168,41788,0.6597780577272222,0.3697562270495067
27294,0.6722118437118438,1,2,1,534385,71225,66169,41787,0.6597595316610471,0.36975719392630874
27295,0.6722142857142858,0,1,0,534386,71224,66169,41787,0.6597502686279595,0.36976046579536503
27296,0.6722222222222222,1,2,1,534388,71222,66170,41786,0.6597317425617845,0.3697614328189155
27297,0.6722222222222223,0,1,0,534389,71221,66170,41786,0.6597224795286969,0.36976470484129303
27298,0.6722380952380952,1,0,1,534389,71221,66171,41785,0.6597224795286969,0.36975912783392034
27299,0.6722777777777778,1,0,1,534389,71221,66172,41784,0.6597224795286969,0.3697535507278439
27300,0.6722777777777779,2,0,2,534389,71221,66174,41782,0.6597224795286969,0.3697423962195694
27301,0.6722936507936507,0,1,0,534390,71220,66174,41782,0.6597132164956093,0.3697456682182616
27302,0.6723333333333332,0,6,0,534396,71214,66174,41782,0.659657638297084,0.3697653014265992
27303,0.6723333333333333,4,10,4,534406,71204,66178,41778,0.6595650079662084,0.3697757164858119
27304,0.6723333333333334,1,2,1,534408,71202,66179,41777,0.6595464819000334,0.3697766841625435
27305,0.6723809523809523,0,1,0,534409,71201,66179,41777,0.6595372188669458,0.369779957159801
27306,0.6723809523809524,0,1,0,534410,71200,66179,41777,0.6595279558338583,0.36978323021499954
27307,0.6725,47,134,47,534544,71066,66226,41730,0.658286709400126,0.36995992765700914
27308,0.6725000000000001,0,1,0,534545,71065,66226,41730,0.6582774463670384,0.3699632075889889
27309,0.6725494505494506,0,1,0,534546,71064,66226,41730,0.6582681833339509,0.36996648757912654
27310,0.6725833333333334,1,1,1,534547,71063,66227,41729,0.6582589203008633,0.3699641818568693
27311,0.6726190476190478,0,1,0,534548,71062,66227,41729,0.6582496572677757,0.3699674619428855
27312,0.6726428571428571,0,1,0,534549,71061,66227,41729,0.6582403942346882,0.36997074208706443
27313,0.6726587301587301,0,1,0,534550,71060,66227,41729,0.6582311312016007,0.3699740222894077
27314,0.6726666666666665,0,2,0,534552,71058,66227,41729,0.6582126051354256,0.36998058286859303
27315,0.6726666666666666,4,15,4,534567,71043,66231,41725,0.6580736596391122,0.3700074489216799
27316,0.6726666666666667,3,13,3,534580,71030,66234,41722,0.657953240208974,0.370033347523769
27317,0.6727142857142858,0,1,0,534581,71029,66234,41722,0.6579439771758865,0.37003662938687903
27318,0.6727380952380951,0,1,0,534582,71028,66234,41722,0.6579347141427989,0.370039911308204
27319,0.6727380952380954,0,1,0,534583,71027,66234,41722,0.6579254511097113,0.3700431932877453
27320,0.6727500000000001,0,4,0,534587,71023,66234,41722,0.6578883989773612,0.3700563217881059
27321,0.6728095238095239,0,1,0,534588,71022,66234,41722,0.6578791359442736,0.37005960405875254
27322,0.6728333333333333,3,12,3,534600,71010,66237,41719,0.657767979547223,0.3700822326109519
27323,0.6728333333333335,0,1,0,534601,71009,66237,41719,0.6577587165141354,0.37008551557731884
27324,0.6728571428571428,2,5,2,534606,71004,66239,41717,0.6577124013486976,0.3700907550500794
27325,0.672904761904762,0,1,0,534607,71003,66239,41717,0.6577031383156101,0.3700940383250532
27326,0.6729285714285714,0,2,0,534609,71001,66239,41717,0.657684612249435,0.3701006050497702
27327,0.6729880952380952,0,2,0,534611,70999,66239,41717,0.6576660861832598,0.37010717200752336
27328,0.6729999999999998,0,1,0,534612,70998,66239,41717,0.6576568231501723,0.3701104555737923
27329,0.6729999999999999,7,28,7,534640,70970,66246,41710,0.6573974582237208,0.3701632942847
27330,0.6730000000000002,1,3,1,534643,70967,66247,41709,0.6573696691244582,0.37016756008378005
27331,0.6730714285714285,0,3,0,534646,70964,66247,41709,0.6573418800251954,0.37017741606241067
27332,0.6730952380952381,0,1,0,534647,70963,66247,41709,0.6573326169921079,0.3701807015052542
27333,0.6731428571428572,0,2,0,534649,70961,66247,41709,0.6573140909259327,0.3701872725659004
27334,0.6731666666666666,2,8,2,534657,70953,66249,41707,0.6572399866612324,0.37020237883898455
27335,0.6731666666666668,1,2,1,534659,70951,66250,41706,0.6572214605950573,0.3702033606433688
27336,0.6731785714285715,1,3,1,534662,70948,66251,41705,0.6571936714957946,0.37020762873603014
27337,0.6731883116883117,0,3,0,534665,70945,66251,41705,0.657165882396532,0.3702174877940524
27338,0.6731904761904761,1,0,1,534665,70945,66252,41704,0.657165882396532,0.37021189713179875
27339,0.6732142857142855,0,3,0,534668,70942,66252,41704,0.6571380932972692,0.37022175665358736
27340,0.6732261904761905,0,2,0,534670,70940,66252,41704,0.6571195672310941,0.3702283299598736
27341,0.6732539682539682,0,2,0,534672,70938,66252,41704,0.6571010411649191,0.37023490349958277
27342,0.6732619047619047,0,1,0,534673,70937,66252,41704,0.6570917781318315,0.3702381903569748
27343,0.6733095238095238,0,2,0,534675,70935,66252,41704,0.6570732520656564,0.37024476424684166
27344,0.6733095238095239,0,1,0,534676,70934,66252,41704,0.6570639890325688,0.3702480512793196
27345,0.6733333333333331,1,1,1,534677,70933,66253,41703,0.6570547259994812,0.3702457473631876
27346,0.6733333333333333,39,137,39,534814,70796,66292,41664,0.6557856904664864,0.37047839231726837
27347,0.6733333333333335,65,185,65,534999,70611,66357,41599,0.6540720293452889,0.3707245343552268
27348,0.6733571428571429,0,1,0,535000,70610,66357,41599,0.6540627663122013,0.370727838230445
27349,0.6734166666666667,0,2,0,535002,70608,66357,41599,0.6540442402460261,0.3707344461575481
27350,0.6734523809523809,0,1,0,535003,70607,66357,41599,0.6540349772129386,0.3707377502094362
27351,0.673452380952381,0,2,0,535005,70605,66357,41599,0.6540164511467635,0.3707443584898934
27352,0.6734880952380954,0,1,0,535006,70604,66357,41599,0.654007188113676,0.37074766271846565
27353,0.6735,1,20,1,535026,70584,66358,41598,0.6538219274519249,0.3708081510402738
27354,0.6735000000000001,1,4,1,535030,70580,66359,41597,0.6537848753195746,0.3708157643723758
27355,0.6735238095238095,1,2,1,535032,70578,66360,41596,0.6537663492533995,0.3708167668087079
27356,0.6735476190476191,0,1,0,535033,70577,66360,41596,0.653757086220312,0.37082007256648214
27357,0.6735714285714286,2,3,2,535036,70574,66362,41594,0.6537292971210493,0.37081877184223666
27358,0.6736616161616162,0,1,0,535037,70573,66362,41594,0.6537200340879618,0.3708220777947168
27359,0.6736666666666666,2,0,2,535037,70573,66364,41592,0.6537200340879618,0.3708108590023626
27360,0.6736666666666667,2,18,2,535055,70555,66366,41590,0.6535532994923858,0.3708591555575371
27361,0.6736904761904762,0,1,0,535056,70554,66366,41590,0.6535440364592983,0.37086246254815236
27362,0.6737420634920632,1,1,1,535057,70553,66367,41589,0.6535347734262107,0.3708601594407091
27363,0.67375,1,3,1,535060,70550,66368,41588,0.653506984326948,0.3708644705630562
27364,0.6737500000000002,1,0,1,535060,70550,66369,41587,0.653506984326948,0.3708588601442878
27365,0.6738055555555555,1,0,1,535060,70550,66370,41586,0.653506984326948,0.3708532496254548
27366,0.6738095238095237,0,3,0,535063,70547,66370,41586,0.6534791952276854,0.37086317141251907
27367,0.6738333333333333,7,6,7,535069,70541,66377,41579,0.6534236170291601,0.37084373885123084
27368,0.6738333333333334,1,7,1,535076,70534,66378,41578,0.6533587757975472,0.3708612815755673
27369,0.6738571428571426,0,1,0,535077,70533,66378,41578,0.6533495127644596,0.3708645895585625
27370,0.6738809523809524,0,2,0,535079,70531,66378,41578,0.6533309866982845,0.370871205701594
27371,0.6739047619047619,1,0,1,535079,70531,66379,41577,0.6533309866982845,0.3708655938916045
27372,0.6739999999999999,0,2,0,535081,70529,66379,41577,0.6533124606321093,0.37087221022960415
27373,0.674,15,55,15,535136,70474,66394,41562,0.6528029938122939,0.37097004534256844
27374,0.6740238095238095,0,2,0,535138,70472,66394,41562,0.6527844677461188,0.37097666779727584
27375,0.674047619047619,0,1,0,535139,70471,66394,41562,0.6527752047130312,0.370979979113297
27376,0.6740476190476191,0,1,0,535140,70470,66394,41562,0.6527659416799437,0.37098329048843187
27377,0.6740497835497835,1,1,1,535141,70469,66395,41561,0.6527566786468562,0.3709809872355619
27378,0.6740833333333331,0,2,0,535143,70467,66395,41561,0.652738152580681,0.3709876102402971
27379,0.6740833333333334,1,0,1,535143,70467,66396,41560,0.652738152580681,0.37098199541182036
27380,0.6741071428571428,0,1,0,535144,70466,66396,41560,0.6527288895475934,0.3709853069823077
27381,0.674126984126984,0,1,0,535145,70465,66396,41560,0.6527196265145059,0.370988618611917
27382,0.6741626984126984,2,0,2,535145,70465,66398,41558,0.6527196265145059,0.3709773885719897
27383,0.6741666666666666,15,43,15,535188,70422,66413,41543,0.652321316091741,0.3710355914794802
27384,0.6741666666666667,12,23,12,535211,70399,66425,41531,0.6521082663307274,0.37104440275171985
27385,0.67425,0,1,0,535212,70398,66425,41531,0.6520990032976398,0.37104771774964485
27386,0.6742619047619047,0,1,0,535213,70397,66425,41531,0.6520897402645522,0.37105103280680435
27387,0.6742857142857143,2,9,2,535222,70388,66427,41529,0.6520063729667642,0.37106963195939846
27388,0.6743095238095236,1,2,1,535224,70386,66428,41528,0.6519878469005891,0.3710706435298533
27389,0.6743333333333332,1,4,1,535228,70382,66429,41527,0.6519507947682389,0.37107828682232885
27390,0.6743333333333333,2,17,2,535245,70365,66431,41525,0.6517933232057505,0.3711234247922066
27391,0.6743571428571427,0,2,0,535247,70363,66431,41525,0.6517747971395754,0.37113005863005866
27392,0.6743571428571429,0,2,0,535249,70361,66431,41525,0.6517562710734003,0.3711366927050748
27393,0.6743650793650795,0,3,0,535252,70358,66431,41525,0.6517284819741376,0.37114664426230976
27394,0.6743888888888889,0,1,0,535253,70357,66431,41525,0.65171921894105,0.3711499615666506
27395,0.6744285714285715,0,1,0,535254,70356,66431,41525,0.6517099559079625,0.371153278930292
27396,0.6744444444444446,1,0,1,535254,70356,66432,41524,0.6517099559079625,0.3711476582052199
27397,0.6744999999999999,1,3,1,535257,70353,66433,41523,0.6516821668086998,0.3711519897028853
27398,0.6745,1,11,1,535268,70342,66434,41522,0.6515802734447368,0.37118286490738756
27399,0.6745119047619048,1,0,1,535268,70342,66435,41521,0.6515802734447368,0.37117724359260884
27400,0.6745476190476191,0,1,0,535269,70341,66435,41521,0.6515710104116492,0.3711805617636016
27401,0.6745833333333333,0,1,0,535270,70340,66435,41521,0.6515617473785617,0.37118387999392105
27402,0.6746190476190477,0,3,0,535273,70337,66435,41521,0.6515339582792989,0.37119383504085535
27403,0.6746428571428572,0,1,0,535274,70336,66435,41521,0.6515246952462114,0.37119715350849747
27404,0.6746666666666665,0,2,0,535276,70334,66435,41521,0.6515061691800363,0.37120379062178716
27405,0.6746666666666666,1,15,1,535291,70319,66436,41520,0.651367223683723,0.37124795464909377
27406,0.6746666666666669,0,2,0,535293,70317,66436,41520,0.6513486976175479,0.37125459373910247
27407,0.6746904761904762,0,1,0,535294,70316,66436,41520,0.6513394345844603,0.37125791337315356
27408,0.6747142857142856,1,0,1,535294,70316,66437,41519,0.6513394345844603,0.3712522913220369
27409,0.6747142857142857,0,1,0,535295,70315,66437,41519,0.6513301715513727,0.37125561099486737
27410,0.6747500000000001,0,3,0,535298,70312,66437,41519,0.6513023824521101,0.3712655703695755
27411,0.6747619047619048,0,2,0,535300,70310,66437,41519,0.651283856385935,0.37127221024957746
27412,0.6747777777777777,0,1,0,535301,70309,66437,41519,0.6512745933528474,0.3712755302786422
27413,0.6748214285714285,0,1,0,535302,70308,66437,41519,0.6512653303197599,0.37127885036708486
27414,0.6748333333333332,0,6,0,535308,70302,66437,41519,0.6512097521212346,0.3712987721447671
27415,0.6748333333333334,2,3,2,535311,70299,66439,41517,0.651181963021972,0.37129748873148744
27416,0.6748571428571428,1,0,1,535311,70299,66440,41516,0.651181963021972,0.3712918660287081
27417,0.6748647186147185,0,1,0,535312,70298,66440,41516,0.6511726999888844,0.3712951866492568
27418,0.6748809523809522,0,2,0,535314,70296,66440,41516,0.6511541739227092,0.3713018280685436
27419,0.6748809523809524,0,1,0,535315,70295,66440,41516,0.6511449108896217,0.371305148867285
27420,0.674888888888889,0,1,0,535316,70294,66440,41516,0.6511356478565341,0.3713084697254271
27421,0.6749047619047619,0,1,0,535317,70293,66440,41516,0.6511263848234465,0.3713117906429715
27422,0.6749166666666667,0,1,0,535318,70292,66440,41516,0.6511171217903591,0.37131511161991987
27423,0.6749523809523811,0,2,0,535320,70290,66440,41516,0.6510985957241839,0.3713217537520348
27424,0.6749708624708625,0,2,0,535322,70288,66440,41516,0.6510800696580088,0.37132839612178453
27425,0.6749761904761904,0,1,0,535323,70287,66440,41516,0.6510708066249212,0.3713317173957765
27426,0.6749999999999998,1,3,1,535326,70284,66441,41515,0.6510430175256586,0.37133605846206136
27427,0.675,198,532,198,535858,69752,66639,41317,0.6461150839230798,0.3719939857205881
27428,0.6750000000000002,0,4,0,535862,69748,66639,41317,0.6460780317907295,0.3720073830639716
27429,0.6750119047619045,0,1,0,535863,69747,66639,41317,0.646068768757642,0.37201073255060146
27430,0.6750595238095238,0,1,0,535864,69746,66639,41317,0.6460595057245544,0.3720140820975482
27431,0.6750833333333333,0,1,0,535865,69745,66639,41317,0.6460502426914669,0.37201743170481355
27432,0.6751219336219334,0,1,0,535866,69744,66639,41317,0.6460409796583794,0.37202078137239897
27433,0.6751666666666665,0,1,0,535867,69743,66639,41317,0.6460317166252918,0.37202413110030613
27434,0.6751666666666667,2,6,2,535873,69737,66641,41315,0.6459761384267665,0.37203292151424555
27435,0.6751666666666668,0,1,0,535874,69736,66641,41315,0.6459668753936789,0.372036271622948
27436,0.6751904761904762,0,1,0,535875,69735,66641,41315,0.6459576123605913,0.3720396217919856
27437,0.6752023809523809,1,0,1,535875,69735,66642,41314,0.6459576123605913,0.37203396698754604
27438,0.6752200577200577,0,3,0,535878,69732,66642,41314,0.6459298232613286,0.37204401779442753
27439,0.6752857142857143,0,1,0,535879,69731,66642,41314,0.6459205602282412,0.3720473681840695
27440,0.6752857142857144,0,1,0,535880,69730,66642,41314,0.6459112971951536,0.372050718634055
27441,0.6753095238095238,1,1,1,535881,69729,66643,41313,0.645902034162066,0.37204841411357864
27442,0.6753214285714286,0,1,0,535882,69728,66643,41313,0.6458927711289785,0.37205176466350265
27443,0.6753333333333333,3,15,3,535897,69713,66646,41310,0.6457538256326651,0.37208506345532005
27444,0.6753333333333335,1,2,1,535899,69711,66647,41309,0.64573529956649,0.3720861106107008
27445,0.6753571428571428,0,1,0,535900,69710,66647,41309,0.6457260365334025,0.3720894621641341
27446,0.6754523809523809,0,1,0,535901,69709,66647,41309,0.645716773500315,0.3720928137779459
27447,0.6754761904761906,2,1,2,535902,69708,66649,41307,0.6457075104672274,0.3720848533981894
27448,0.6754999999999999,0,2,0,535904,69706,66649,41307,0.6456889844010523,0.37209155684469386
27449,0.6755,6,18,6,535922,69688,66655,41301,0.6455222498054763,0.37211795763544137
27450,0.6755000000000001,0,2,0,535924,69686,66655,41301,0.6455037237393012,0.37212466324884896
27451,0.6755476190476191,0,2,0,535926,69684,66655,41301,0.6454851976731261,0.37213136910393296
27452,0.6755555555555556,0,1,0,535927,69683,66655,41301,0.6454759346400385,0.3721347221221077
27453,0.6755714285714286,0,1,0,535928,69682,66655,41301,0.6454666716069509,0.3721380752007064
27454,0.675607142857143,0,2,0,535930,69680,66655,41301,0.6454481455407759,0.3721447815391824
27455,0.6756190476190476,0,2,0,535932,69678,66655,41301,0.6454296194746008,0.37215148811937393
27456,0.6756428571428572,0,1,0,535933,69677,66655,41301,0.6454203564415132,0.37215484150011713
27457,0.6756666666666666,11,15,11,535948,69662,66666,41290,0.6452814109451999,0.3721429086451799
27458,0.6756666666666667,1,2,1,535950,69660,66667,41289,0.6452628848790248,0.37214395803477274
27459,0.6757142857142857,2,8,2,535958,69652,66669,41287,0.6451887806143244,0.37215947502681657
27460,0.6757619047619048,0,1,0,535959,69651,66669,41287,0.6451795175812368,0.37216282968865494
27461,0.6757777777777778,0,1,0,535960,69650,66669,41287,0.6451702545481492,0.372166184410972
27462,0.6757857142857142,1,1,1,535961,69649,66670,41286,0.6451609915150617,0.3721638797494028
27463,0.6758214285714286,0,1,0,535962,69648,66670,41286,0.6451517284819741,0.37216723457190765
27464,0.6758333333333333,13,17,13,535979,69631,66683,41273,0.6449942569194858,0.3721506888840799
27465,0.6758333333333334,10,19,10,535998,69612,66693,41263,0.6448182592908221,0.37215783540022546
27466,0.6758571428571427,0,1,0,535999,69611,66693,41263,0.6448089962577346,0.3721611919836932
27467,0.6758809523809524,0,1,0,536000,69610,66693,41263,0.6447997332246471,0.3721645486277092
27468,0.6758874458874459,0,1,0,536001,69609,66693,41263,0.6447904701915596,0.37216790533227506
27469,0.675904761904762,0,1,0,536002,69608,66693,41263,0.644781207158472,0.3721712620973925
27470,0.675952380952381,1,2,1,536004,69606,66694,41262,0.6447626810922968,0.3721723130208897
27471,0.6759761904761906,0,1,0,536005,69605,66694,41262,0.6447534180592093,0.3721756699468733
27472,0.6759999999999999,17,40,17,536045,69565,66711,41245,0.6443828967357071,0.37221369912462776
27473,0.676,1,1,1,536046,69564,66712,41244,0.6443736337026196,0.3722113926792289
27474,0.6760238095238094,0,1,0,536047,69563,66712,41244,0.644364370669532,0.37221475177560986
27475,0.676047619047619,1,0,1,536047,69563,66713,41243,0.644364370669532,0.37220908615056947
27476,0.6760714285714287,1,0,1,536047,69563,66714,41242,0.644364370669532,0.3722034204232661
27477,0.6760952380952381,1,0,1,536047,69563,66715,41241,0.644364370669532,0.37219775459369697
27478,0.676111111111111,0,1,0,536048,69562,66715,41241,0.6443551076364444,0.37220111368825753
27479,0.6761363636363638,1,0,1,536048,69562,66716,41240,0.6443551076364444,0.3721954477356004
27480,0.6761666666666666,0,3,0,536051,69559,66716,41240,0.6443273185371818,0.3722055253206256
27481,0.6761666666666667,0,5,0,536056,69554,66716,41240,0.6442810033717441,0.37222232250843906
27482,0.6761688311688312,0,1,0,536057,69553,66716,41240,0.6442717403386565,0.3722256821279323
27483,0.6761796536796535,0,2,0,536059,69551,66716,41240,0.6442532142724814,0.3722324015488623
27484,0.6761904761904762,0,3,0,536062,69548,66716,41240,0.6442254251732187,0.37224248113514097
27485,0.6761904761904763,0,2,0,536064,69546,66716,41240,0.6442068991070437,0.3722492011626018
27486,0.6761944444444445,0,1,0,536065,69545,66716,41240,0.6441976360739561,0.3722525612673196
27487,0.6762142857142858,0,1,0,536066,69544,66716,41240,0.6441883730408685,0.37225592143269787
27488,0.67625,0,3,0,536069,69541,66716,41240,0.6441605839416058,0.3722660022928119
27489,0.6762539682539682,1,0,1,536069,69541,66717,41239,0.6441605839416058,0.37226033580068607
27490,0.6763095238095238,1,2,1,536071,69539,66718,41238,0.6441420578754308,0.3722613899997292
27491,0.6763333333333332,6,10,6,536081,69529,66724,41232,0.6440494275445552,0.3722609943933334
27492,0.6763333333333335,3,2,3,536083,69527,66727,41229,0.64403090147838,0.3722507132796417
27493,0.67634126984127,0,1,0,536084,69526,66727,41229,0.6440216384452925,0.37225407430815766
27494,0.6763809523809524,0,3,0,536087,69523,66727,41229,0.6439938493460299,0.37226415775787347
27495,0.6764285714285714,1,4,1,536091,69519,66728,41228,0.6439567972136796,0.3722719351314257
27496,0.6764999999999999,0,4,0,536095,69515,66728,41228,0.6439197450813294,0.37228538146880613
27497,0.6765000000000001,7,5,7,536100,69510,66735,41221,0.6438734299158917,0.37226251004687033
27498,0.6765000000000002,1,0,1,536100,69510,66736,41220,0.6438734299158917,0.3722568409645083
27499,0.676547619047619,0,1,0,536101,69509,66736,41220,0.6438641668828041,0.37226020283755834
27500,0.6765476190476192,1,0,1,536101,69509,66737,41219,0.6438641668828041,0.37225453363196304
27501,0.6765555555555555,0,1,0,536102,69508,66737,41219,0.6438549038497166,0.37225789554489874
27502,0.6765833333333333,0,2,0,536104,69506,66737,41219,0.6438363777835414,0.3722646195529465
27503,0.6766155562703551,1,0,1,536104,69506,66738,41218,0.6438363777835414,0.3722589501824356
27504,0.6766190476190477,0,1,0,536105,69505,66738,41218,0.6438271147504538,0.3722623122567127
27505,0.6766269841269842,0,1,0,536106,69504,66738,41218,0.6438178517173664,0.3722656743917198
27506,0.6766309523809525,0,1,0,536107,69503,66738,41218,0.6438085886842788,0.3722690365874586
27507,0.6766349206349206,1,4,1,536111,69499,66739,41217,0.6437715365519285,0.37227681635897253
27508,0.6766428571428571,0,3,0,536114,69496,66739,41217,0.6437437474526659,0.3722869039769494
27509,0.6766666666666665,51,150,51,536264,69346,66790,41166,0.6423542924895328,0.3725025336615028
27510,0.6766666666666667,42,95,42,536359,69251,66832,41124,0.6414743043462151,0.37258437146092865
27511,0.6767301587301585,1,2,1,536361,69249,66833,41123,0.64145577828004,0.3725854383358098
27512,0.6767359307359305,2,1,2,536362,69248,66835,41121,0.6414465152469525,0.3725774447535087
27513,0.6767619047619049,1,1,1,536363,69247,66836,41120,0.6414372522138649,0.37257513568367356
27514,0.6767857142857142,0,1,0,536364,69246,66836,41120,0.6414279891807774,0.3725785114981063
27515,0.6767857142857143,1,1,1,536365,69245,66837,41119,0.6414187261476898,0.37257620238483563
27516,0.6768095238095237,0,1,0,536366,69244,66837,41119,0.6414094631146022,0.3725795783006986
27517,0.6768333333333332,0,3,0,536369,69241,66837,41119,0.6413816740153396,0.37258970641536787
27518,0.6768333333333334,5,16,5,536385,69225,66842,41114,0.6412334654859387,0.3726153037457291
27519,0.6768452380952381,0,1,0,536386,69224,66842,41114,0.6412242024528512,0.3726186807808733
27520,0.6768571428571429,0,2,0,536388,69222,66842,41114,0.641205676386676,0.3726254350348028
27521,0.6769047619047618,0,1,0,536389,69221,66842,41114,0.6411964133535885,0.37262881225359135
27522,0.6769047619047619,1,1,1,536390,69220,66843,41113,0.641187150320501,0.37262650340333353
27523,0.676952380952381,0,2,0,536392,69218,66843,41113,0.6411686242543259,0.3726332581051563
27524,0.6769999999999999,2,0,2,536392,69218,66845,41111,0.6411686242543259,0.3726218854516945
27525,0.677,5,22,5,536414,69196,66850,41106,0.6409648375263997,0.3726677666769415
27526,0.6770000000000002,1,0,1,536414,69196,66851,41105,0.6409648375263997,0.37266207921959005
27527,0.6770303030303029,0,1,0,536415,69195,66851,41105,0.6409555744933121,0.3726654578422484
27528,0.6770476190476191,1,0,1,536415,69195,66852,41104,0.6409555744933121,0.37265977026083646
27529,0.6770833333333333,0,2,0,536417,69193,66852,41104,0.640937048427137,0.37266652764807745
27530,0.6770833333333335,0,1,0,536418,69192,66852,41104,0.6409277853940494,0.3726699064335969
27531,0.6771428571428573,0,6,0,536424,69186,66852,41104,0.6408722071955241,0.37269018043340285
27532,0.6771666666666666,1,1,1,536425,69185,66853,41103,0.6408629441624365,0.3726878717539533
27533,0.6771666666666667,4,9,4,536434,69176,66857,41099,0.6407795768646486,0.3726955338925414
27534,0.6771865079365079,0,1,0,536435,69175,66857,41099,0.640770313831561,0.37269891361517676
27535,0.6772499999999999,1,0,1,536435,69175,66858,41098,0.640770313831561,0.37269322499614593
27536,0.6772976190476192,0,1,0,536436,69174,66858,41098,0.6407610507984735,0.372696604759141
27537,0.6773095238095237,0,1,0,536437,69173,66858,41098,0.6407517877653859,0.37269998458343534
27538,0.6773333333333332,2,8,2,536445,69165,66860,41096,0.6406776835006854,0.3727156474183982
27539,0.6773333333333333,3,9,3,536454,69156,66863,41093,0.6405943162028975,0.3727290043447106
27540,0.6773333333333335,1,1,1,536455,69155,66864,41092,0.64058505316981,0.37272669551098897
27541,0.677357142857143,0,1,0,536456,69154,66864,41092,0.6405757901367224,0.37273007637465305
27542,0.6773809523809524,0,2,0,536458,69152,66864,41092,0.6405572640705472,0.3727368382859838
27543,0.6773888888888889,1,0,1,536458,69152,66865,41091,0.6405572640705472,0.372731148462941
27544,0.6774999999999999,0,3,0,536461,69149,66865,41091,0.6405294749712847,0.37274129172714077
27545,0.6775,51,157,51,536618,68992,66916,41040,0.6390751787765386,0.372982405118511
27546,0.6775000000000001,0,1,0,536619,68991,66916,41040,0.6390659157434511,0.3729857949123429
27547,0.6775674603174603,0,1,0,536620,68990,66916,41040,0.6390566527103635,0.3729891847677906
27548,0.6775833333333334,0,1,0,536621,68989,66916,41040,0.6390473896772759,0.3729925746848558
27549,0.6775977633477633,1,0,1,536621,68989,66917,41039,0.6390473896772759,0.37298687606791
27550,0.6776190476190476,2,5,2,536626,68984,66919,41037,0.6390010745118382,0.3729924287181538
27551,0.6776666666666666,4,5,4,536631,68979,66923,41033,0.6389547593464003,0.3729865832818238
27552,0.6776666666666668,2,5,2,536636,68974,66925,41031,0.6389084441809626,0.37299213672105813
27553,0.6777380952380951,1,0,1,536636,68974,66926,41030,0.6389084441809626,0.3729864368568416
27554,0.6777500000000001,0,1,0,536637,68973,66926,41030,0.638899181147875,0.37298982755015775
27555,0.6777619047619047,0,1,0,536638,68972,66926,41030,0.6388899181147875,0.3729932183051217
27556,0.6777619047619048,0,1,0,536639,68971,66926,41030,0.6388806550817,0.37299660912173527
27557,0.6777738095238095,1,2,1,536641,68969,66927,41029,0.6388621290155249,0.37299769086710666
27558,0.6777777777777777,0,2,0,536643,68967,66927,41029,0.6388436029493497,0.3730044728899233
27559,0.6778333333333332,0,1,0,536644,68966,66927,41029,0.6388343399162622,0.3730078639938179
27560,0.6778333333333333,4,3,4,536647,68963,66931,41025,0.6388065508169996,0.37299523584391026
27561,0.6778333333333335,0,1,0,536648,68962,66931,41025,0.638797287783912,0.3729986271104767
27562,0.6778571428571426,0,1,0,536649,68961,66931,41025,0.6387880247508244,0.3730020184387104
27563,0.6778571428571428,0,4,0,536653,68957,66931,41025,0.6387509726184742,0.3730155843683512
27564,0.6778571428571429,0,2,0,536655,68955,66931,41025,0.6387324465522991,0.3730223677032188
27565,0.6778809523809525,1,1,1,536656,68954,66932,41024,0.6387231835192115,0.37302005855716597
27566,0.6779166666666666,2,1,2,536657,68953,66934,41022,0.638713920486124,0.37301204819277106
27567,0.6779761904761904,2,0,2,536657,68953,66936,41020,0.638713920486124,0.3730006456130141
27568,0.6779999999999999,13,28,13,536685,68925,66949,41007,0.6384545555596725,0.37302150420259794
27569,0.6780000000000002,2,3,2,536688,68922,66951,41005,0.6384267664604097,0.3730202770929799
27570,0.678047619047619,1,0,1,536688,68922,66952,41004,0.6384267664604097,0.3730145734403144
27571,0.6780833333333334,0,2,0,536690,68920,66952,41004,0.6384082403942347,0.3730213602125105
27572,0.678125097125097,1,3,1,536693,68917,66953,41003,0.638380451294972,0.37302583697234354
27573,0.6781428571428572,1,0,1,536693,68917,66954,41002,0.638380451294972,0.37302013300703246
27574,0.6781666666666666,3,5,3,536698,68912,66957,40999,0.6383341361295343,0.37301998890011007
27575,0.6781666666666668,0,1,0,536699,68911,66957,40999,0.6383248730964467,0.37302338276771907
27576,0.6781904761904762,0,1,0,536700,68910,66957,40999,0.6383156100633591,0.3730267766970858
27577,0.6782142857142857,1,0,1,536700,68910,66958,40998,0.6383156100633591,0.3730210721694508
27578,0.6782142857142859,0,1,0,536701,68909,66958,40998,0.6383063470302716,0.37302446613955437
27579,0.6782406204906205,1,0,1,536701,68909,66959,40997,0.6383063470302716,0.37301876148708896
27580,0.6782738095238094,1,0,1,536701,68909,66960,40996,0.6383063470302716,0.373013056730813
27581,0.6782857142857143,1,1,1,536702,68908,66961,40995,0.638297083997184,0.37301074583951305
27582,0.6782857142857144,0,1,0,536703,68907,66961,40995,0.6382878209640965,0.37301413987006604
27583,0.6782954545454545,0,1,0,536704,68906,66961,40995,0.638278557931009,0.37301753396238435
27584,0.6783214285714285,1,0,1,536704,68906,66962,40994,0.638278557931009,0.3730118289353958
27585,0.6783333333333332,26,70,26,536774,68836,66988,40968,0.6376301456148802,0.3731011620705985
27586,0.6783333333333335,30,79,30,536853,68757,67018,40938,0.6368983660009634,0.3731984137836729
27587,0.6783809523809523,0,1,0,536854,68756,67018,40938,0.6368891029678758,0.37320181596076357
27588,0.678452380952381,0,1,0,536855,68755,67018,40938,0.6368798399347882,0.3732052181998851
27589,0.6784638694638694,0,1,0,536856,68754,67018,40938,0.6368705769017007,0.37320862050103926
27590,0.6785,6,14,6,536870,68740,67024,40932,0.6367408944384749,0.37322197096797727
27591,0.6785238095238095,0,2,0,536872,68738,67024,40932,0.6367223683722998,0.3732287772408133
27592,0.6785238095238096,1,0,1,536872,68738,67025,40931,0.6367223683722998,0.3732230621232983
27593,0.6785396825396827,0,4,0,536876,68734,67025,40931,0.6366853162399496,0.3732366753294123
27594,0.6785476190476192,1,0,1,536876,68734,67026,40930,0.6366853162399496,0.37323096002334405
27595,0.6785714285714285,0,1,0,536877,68733,67026,40930,0.636676053206862,0.37323436345896066
27596,0.6785714285714286,2,2,2,536879,68731,67028,40928,0.6366575271406869,0.373229739465069
27597,0.6785753968253968,0,1,0,536880,68730,67028,40928,0.6366482641075993,0.3732331430447391
27598,0.6786666666666666,1,2,1,536882,68728,67029,40927,0.6366297380414243,0.37323423464502303
27599,0.6786666666666668,0,8,0,536890,68720,67029,40927,0.6365556337767239,0.37326146634198837
27600,0.6786904761904762,1,1,1,536891,68719,67030,40926,0.6365463707436363,0.3732591545442109
27601,0.67875,0,2,0,536893,68717,67030,40926,0.6365278446774612,0.3732659631713835
27602,0.6787738095238093,1,4,1,536897,68713,67031,40925,0.636490792545111,0.37327386490085557
27603,0.6787738095238095,0,1,0,536898,68712,67031,40925,0.6364815295120234,0.3732772695349198
27604,0.6787857142857143,0,1,0,536899,68711,67031,40925,0.6364722664789358,0.37328067423109196
27605,0.6788333333333333,0,3,0,536902,68708,67031,40925,0.6364444773796732,0.37329088869227334
27606,0.6788333333333334,0,1,0,536903,68707,67031,40925,0.6364352143465857,0.3732942936368943
27607,0.6788571428571427,1,1,1,536904,68706,67032,40924,0.6364259513134981,0.373291982121682
27608,0.6788888888888889,0,1,0,536905,68705,67032,40924,0.6364166882804105,0.3732953871694533
27609,0.6789166666666666,0,1,0,536906,68704,67032,40924,0.636407425247323,0.3732987922793447
27610,0.6789285714285714,1,1,1,536907,68703,67033,40923,0.6363981622142354,0.37329648076186306
27611,0.6789523809523809,0,2,0,536909,68701,67033,40923,0.6363796361480604,0.3733032912500912
27612,0.6789560439560439,0,1,0,536910,68700,67033,40923,0.6363703731149728,0.37330669658739496
27613,0.6789642857142857,1,0,1,536910,68700,67034,40922,0.6363703731149728,0.3733009797303461
27614,0.6789999999999998,0,1,0,536911,68699,67034,40922,0.6363611100818852,0.3733043851086927
27615,0.6789999999999999,0,2,0,536913,68697,67034,40922,0.6363425840157101,0.37331119605177937
27616,0.679,11,24,11,536937,68673,67045,40911,0.6361202712216089,0.3733300481822164
27617,0.679047619047619,0,1,0,536938,68672,67045,40911,0.6361110081885213,0.3733334550067072
27618,0.6790595238095238,1,0,1,536938,68672,67046,40910,0.6361110081885213,0.37332773630705773
27619,0.6790833333333333,0,1,0,536939,68671,67046,40910,0.6361017451554337,0.3733311431726303
27620,0.6791428571428572,0,1,0,536940,68670,67046,40910,0.6360924821223461,0.3733345501003833
27621,0.6791666666666666,10,41,10,536981,68629,67056,40900,0.6357126977657565,0.37341708588592976
27622,0.6791666666666667,11,25,11,537006,68604,67067,40889,0.6354811219385675,0.3734393979523805
27623,0.6791904761904761,0,1,0,537007,68603,67067,40889,0.63547185890548,0.3734428086070215
27624,0.6792222222222222,0,1,0,537008,68602,67067,40889,0.6354625958723925,0.3734462193239627
27625,0.6792619047619047,0,3,0,537011,68599,67067,40889,0.6354348067731298,0.37345645184860443
27626,0.6792857142857143,0,4,0,537015,68595,67067,40889,0.6353977546407795,0.37347009608709947
27627,0.6792857142857145,0,1,0,537016,68594,67067,40889,0.6353884916076921,0.37347350730250356
27628,0.6793333333333332,2,2,2,537018,68592,67069,40887,0.6353699655415169,0.37346888444359194
27629,0.6793333333333333,4,21,4,537039,68571,67073,40883,0.6351754418466783,0.37351764211449556
27630,0.6793333333333336,0,1,0,537040,68570,67073,40883,0.6351661788135907,0.3735210546992773
27631,0.6793452380952383,0,1,0,537041,68569,67073,40883,0.6351569157805032,0.3735244673464167
27632,0.6793571428571429,1,0,1,537041,68569,67074,40882,0.6351569157805032,0.3735187435473408
27633,0.6794047619047617,1,0,1,537041,68569,67075,40881,0.6351569157805032,0.3735130196436729
27634,0.6794047619047618,0,1,0,537042,68568,67075,40881,0.6351476527474156,0.37351643231093934
27635,0.6794166666666668,2,2,2,537044,68566,67077,40879,0.6351291266812406,0.3735118095847229
27636,0.6794642857142857,0,1,0,537045,68565,67077,40879,0.635119863648153,0.3735152223968422
27637,0.6794999999999999,0,1,0,537046,68564,67077,40879,0.6351106006150654,0.37351863527132845
27638,0.6795,3,11,3,537057,68553,67080,40876,0.6350087072511023,0.3735390070273876
27639,0.6795000000000002,0,2,0,537059,68551,67080,40876,0.6349901811849272,0.3735458342091074
27640,0.6795238095238096,1,2,1,537061,68549,67081,40875,0.6349716551187521,0.3735469366866501
27641,0.6795833333333333,0,1,0,537062,68548,67081,40875,0.6349623920856645,0.3735503504747631
27642,0.6795833333333334,0,2,0,537064,68546,67081,40875,0.6349438660194894,0.37355717823818096
27643,0.6796666666666665,0,1,0,537065,68545,67081,40875,0.6349346029864019,0.3735605922134893
27644,0.6796666666666666,8,19,8,537084,68526,67089,40867,0.6347586053577383,0.3735796623184299
27645,0.6796666666666669,1,0,1,537084,68526,67090,40866,0.6347586053577383,0.37357393593681437
27646,0.6797857142857143,1,0,1,537084,68526,67091,40865,0.6347586053577383,0.37356820945050323
27647,0.6798095238095238,0,1,0,537085,68525,67091,40865,0.6347493423246507,0.3735716244629308
27648,0.6798333333333332,0,5,0,537090,68520,67091,40865,0.634703027159213,0.3735887004616721
27649,0.6798333333333333,2,4,2,537094,68516,67093,40863,0.6346659750268628,0.3735909086753399
27650,0.6798333333333335,1,1,1,537095,68515,67094,40862,0.6346567119937753,0.3735885972370791
27651,0.6798571428571428,1,0,1,537095,68515,67095,40861,0.6346567119937753,0.3735828700994734
27652,0.6798809523809524,1,0,1,537095,68515,67096,40860,0.6346567119937753,0.37357714285714283
27653,0.6799999999999998,2,7,2,537102,68508,67098,40858,0.6345918707621624,0.3735895982297972
27654,0.68,655,1599,655,538701,66909,67753,40203,0.6197802808551632,0.3753360967958772
27655,0.6800000000000002,0,4,0,538705,66905,67753,40203,0.619743228722813,0.37535011390372336
27656,0.680012987012987,0,2,0,538707,66903,67753,40203,0.6197247026566379,0.3753571228502605
27657,0.6800317460317461,0,1,0,538708,66902,67753,40203,0.6197154396235504,0.375360627421689
27658,0.6800808080808081,0,2,0,538710,66900,67753,40203,0.6196969135573752,0.37536763676087503
27659,0.6800833333333333,0,1,0,538711,66899,67753,40203,0.6196876505242876,0.37537114152863627
27660,0.6800952380952381,1,1,1,538712,66898,67754,40202,0.6196783874912001,0.3753688141923436
27661,0.6801111111111112,0,1,0,538713,66897,67754,40202,0.6196691244581126,0.3753723190692724
27662,0.6801190476190476,0,2,0,538715,66895,67754,40202,0.6196505983919375,0.375379329019487
27663,0.6801190476190477,0,1,0,538716,66894,67754,40202,0.6196413353588499,0.37538283409277656
27664,0.6801309523809523,1,0,1,538716,66894,67755,40201,0.6196413353588499,0.37537700172743826
27665,0.6801666666666665,0,1,0,538717,66893,67755,40201,0.6196320723257623,0.3753805068444544
27666,0.6801666666666667,2,7,2,538724,66886,67757,40199,0.6195672310941495,0.375393379091376
27667,0.6801666666666668,0,7,0,538731,66879,67757,40199,0.6195023898625366,0.3754179196473599
27668,0.6802857142857144,1,2,1,538733,66877,67758,40198,0.6194838637963614,0.37541909876254964
27669,0.6802976190476191,0,3,0,538736,66874,67758,40198,0.6194560746970988,0.37542961745367603
27670,0.6803333333333331,2,0,2,538736,66874,67760,40196,0.6194560746970988,0.37541795087326046
27671,0.6803333333333333,4,11,4,538747,66863,67764,40192,0.6193541813331357,0.37543318854794266
27672,0.6803333333333335,0,1,0,538748,66862,67764,40192,0.6193449183000481,0.37543669549946757
27673,0.6803571428571429,0,1,0,538749,66861,67764,40192,0.6193356552669607,0.3754402025165105
27674,0.6803809523809522,1,0,1,538749,66861,67765,40191,0.6193356552669607,0.375434368344356
27675,0.6803809523809524,0,1,0,538750,66860,67765,40191,0.6193263922338731,0.3754378754051807
27676,0.6803968253968253,0,1,0,538751,66859,67765,40191,0.6193171292007855,0.3754413825315273
27677,0.6804166666666666,0,1,0,538752,66858,67765,40191,0.619307866167698,0.3754448897233977
27678,0.6804166666666667,0,1,0,538753,66857,67765,40191,0.6192986031346104,0.3754483969807937
27679,0.6804761904761903,0,2,0,538755,66855,67765,40191,0.6192800770684352,0.3754554116921697
27680,0.6804761904761905,0,1,0,538756,66854,67765,40191,0.6192708140353478,0.3754589191461535
27681,0.6804801587301584,1,6,1,538762,66848,67766,40190,0.6192152358368224,0.37547413068256136
27682,0.6804999999999999,3,1,3,538763,66847,67769,40187,0.6192059728037349,0.37546013416297624
27683,0.6805,2,7,2,538770,66840,67771,40185,0.619141131572122,0.3754730203223546
27684,0.6805000000000001,1,2,1,538772,66838,67772,40184,0.6191226055059469,0.37547420156603317
27685,0.6805198412698412,1,2,1,538774,66836,67773,40183,0.6191040794397717,0.3754753828759379
27686,0.6805238095238095,0,1,0,538775,66835,67773,40183,0.6190948164066842,0.37547889140144647
27687,0.6805714285714285,1,0,1,538775,66835,67774,40182,0.6190948164066842,0.375473055682742
27688,0.6805833333333333,0,1,0,538776,66834,67774,40182,0.6190855533735966,0.37547656425207443
27689,0.6805952380952381,2,0,2,538776,66834,67776,40180,0.6190855533735966,0.3754648924439793
27690,0.6806060606060607,0,1,0,538777,66833,67776,40180,0.6190762903405091,0.3754684010353882
27691,0.6806666666666665,0,1,0,538778,66832,67776,40180,0.6190670273074216,0.37547190969237093
27692,0.6806666666666666,10,17,10,538795,66815,67786,40170,0.6189095557449331,0.37547319717717437
27693,0.6806666666666668,0,2,0,538797,66813,67786,40170,0.618891029678758,0.3754802164829926
27694,0.6806785714285714,0,1,0,538798,66812,67786,40170,0.6188817666456704,0.3754837262343198
27695,0.6807142857142857,3,3,3,538801,66809,67789,40167,0.6188539775464078,0.375476742446904
27696,0.6807500000000001,0,2,0,538803,66807,67789,40167,0.6188354514802327,0.37548376240955744
27697,0.6807777777777778,0,1,0,538804,66806,67789,40167,0.6188261884471451,0.37548727248931973
27698,0.6807857142857142,1,0,1,538804,66806,67790,40166,0.6188261884471451,0.375481434394047
27699,0.6808333333333332,0,1,0,538805,66805,67790,40166,0.6188169254140575,0.375484944517673
27700,0.6808333333333333,9,20,9,538825,66785,67799,40157,0.6186316647523065,0.3755026088908006
27701,0.6808333333333334,17,28,17,538853,66757,67816,40140,0.618372299825855,0.3755016511221082
27702,0.680857142857143,0,1,0,538854,66756,67816,40140,0.6183630367927674,0.3755051638976201
27703,0.680865079365079,1,0,1,538854,66756,67817,40139,0.6183630367927674,0.3754993217643482
27704,0.6809047619047618,0,1,0,538855,66755,67817,40139,0.6183537737596798,0.3755028345837933
27705,0.6809166666666667,0,1,0,538856,66754,67817,40139,0.6183445107265924,0.3755063474689643
27706,0.6809523809523809,0,1,0,538857,66753,67817,40139,0.6183352476935048,0.37550986041986306
27707,0.680952380952381,1,2,1,538859,66751,67818,40138,0.6183167216273296,0.37551104416731373
27708,0.6809999999999998,0,1,0,538860,66750,67818,40138,0.6183074585942421,0.37551455729361577
27709,0.6809999999999999,7,37,7,538897,66713,67825,40131,0.6179647263700025,0.37560368387555687
27710,0.681,1,11,1,538908,66702,67826,40130,0.6178628330060395,0.37563651340422344
27711,0.6810108225108225,0,4,0,538912,66698,67826,40130,0.6178257808736893,0.3756505785000187
27712,0.6810238095238096,1,0,1,538912,66698,67827,40129,0.6178257808736893,0.37564473400919246
27713,0.6810303585303586,1,1,1,538913,66697,67828,40128,0.6178165178406018,0.37564240580388486
27714,0.6810476190476191,1,0,1,538913,66697,67829,40127,0.6178165178406018,0.37563656107241816
27715,0.6810714285714287,0,1,0,538914,66696,67829,40127,0.6178072548075142,0.3756400775113974
27716,0.6811309523809524,1,0,1,538914,66696,67830,40126,0.6178072548075142,0.3756342326487053
27717,0.6811666666666666,0,2,0,538916,66694,67830,40126,0.617788728741339,0.37564126568058415
27718,0.6811666666666667,0,6,0,538922,66688,67830,40126,0.6177331505428137,0.3756623663564701
27719,0.6811904761904762,0,1,0,538923,66687,67830,40126,0.6177238875097262,0.3756658833662569
27720,0.6812222222222224,0,1,0,538924,66686,67830,40126,0.6177146244766386,0.3756694004418979
27721,0.6812499999999999,0,2,0,538926,66684,67830,40126,0.6176960984104635,0.3756764347907499
27722,0.68125,1,2,1,538928,66682,67831,40125,0.6176775723442884,0.37567762412575956
27723,0.6813095238095238,1,0,1,538928,66682,67832,40124,0.6176775723442884,0.37567177873902213
27724,0.6813095238095239,0,1,0,538929,66681,67832,40124,0.6176683093112009,0.3756752961003698
27725,0.6813333333333332,6,15,6,538944,66666,67838,40118,0.6175293638148875,0.3756929877135151
27726,0.6813333333333333,2,6,2,538950,66660,67840,40116,0.6174737856163622,0.3757024050348393
27727,0.6813333333333336,0,3,0,538953,66657,67840,40116,0.6174459965170995,0.3757129611418617
27728,0.6814166666666667,1,1,1,538954,66656,67841,40115,0.617436733484012,0.37571063303706065
27729,0.6814285714285714,0,3,0,538957,66653,67841,40115,0.6174089443847494,0.3757211898696239
27730,0.6814285714285715,0,1,0,538958,66652,67841,40115,0.6173996813516618,0.375724708945648
27731,0.6814999999999999,3,2,3,538960,66650,67844,40112,0.6173811552854866,0.37571420542889794
27732,0.6815000000000001,4,14,4,538974,66636,67848,40108,0.6172514728222609,0.37574008843588397
27733,0.681547619047619,1,3,1,538977,66633,67849,40107,0.6172236837229983,0.37574480044969083
27734,0.6815873015873015,0,2,0,538979,66631,67849,40107,0.6172051576568232,0.37575184095636044
27735,0.6816190476190477,0,1,0,538980,66630,67849,40107,0.6171958946237356,0.3757553613086371
27736,0.6816507936507935,2,2,2,538982,66628,67851,40105,0.6171773685575604,0.3757507050303093
27737,0.6816666666666665,27,95,27,539077,66533,67878,40078,0.6162973804142429,0.3759274371312529
27738,0.6816666666666668,21,50,21,539127,66483,67899,40057,0.6158342287598652,0.3759808522620612
27739,0.6817142857142856,0,1,0,539128,66482,67899,40057,0.6158249657267776,0.37598438130637607
27740,0.6817142857142858,1,0,1,539128,66482,67900,40056,0.6158249657267776,0.37597852409468924
27741,0.6817500000000001,0,1,0,539129,66481,67900,40056,0.61581570269369,0.37598205318340105
27742,0.6817619047619048,0,1,0,539130,66480,67900,40056,0.6158064396606024,0.3759855823383645
27743,0.6817857142857143,0,1,0,539131,66479,67900,40056,0.6157971766275149,0.37598911155958137
27744,0.6818095238095238,0,1,0,539132,66478,67900,40056,0.6157879135944273,0.3759926408470535
27745,0.6818333333333332,0,4,0,539136,66474,67900,40056,0.6157508614620771,0.37600675865953254
27746,0.6818333333333334,4,8,4,539144,66466,67904,40052,0.6156767571973767,0.37601156612028014
27747,0.6818809523809521,0,2,0,539146,66464,67904,40052,0.6156582311312015,0.3760186263096624
27748,0.6818809523809525,0,1,0,539147,66463,67904,40052,0.6156489680981141,0.3760221565037788
27749,0.6819047619047619,0,1,0,539148,66462,67904,40052,0.6156397050650265,0.37602568676418124
27750,0.681952380952381,2,0,2,539148,66462,67906,40050,0.6156397050650265,0.37601397025687244
27751,0.6819761904761904,0,1,0,539149,66461,67906,40050,0.615630442031939,0.37601750053985034
27752,0.6819999999999999,1,4,1,539153,66457,67907,40049,0.6155933898995887,0.3760257638067339
27753,0.682,11,27,11,539180,66430,67918,40038,0.6153432880062247,0.37605665552090767
27754,0.6820000000000002,0,3,0,539183,66427,67918,40038,0.6153154989069621,0.37606725214859343
27755,0.6820238095238095,0,2,0,539185,66425,67918,40038,0.615296972840787,0.3760743168988287
27756,0.6820476190476189,0,3,0,539188,66422,67918,40038,0.6152691837415243,0.37608491452188614
27757,0.6820476190476191,0,1,0,539189,66421,67918,40038,0.6152599207084368,0.376088447195634
27758,0.6820515873015871,0,3,0,539192,66418,67918,40038,0.6152321316091741,0.3760990456150898
27759,0.6820833333333334,1,0,1,539192,66418,67919,40037,0.6152321316091741,0.3760931849138133
27760,0.6820909090909091,0,1,0,539193,66417,67919,40037,0.6152228685760865,0.37609671783117593
27761,0.6820912698412698,0,2,0,539195,66415,67919,40037,0.6152043425099114,0.37610378386502835
27762,0.682095238095238,1,1,1,539196,66414,67920,40036,0.6151950794768238,0.37610145608266793
27763,0.6821309523809523,0,1,0,539197,66413,67920,40036,0.6151858164437364,0.37610498924367536
27764,0.6821428571428573,2,0,2,539197,66413,67922,40034,0.6151858164437364,0.3760932670718761
27765,0.6821587301587302,0,1,0,539198,66412,67922,40034,0.6151765534106488,0.3760968002555286
27766,0.6821666666666666,1,0,1,539198,66412,67923,40033,0.6151765534106488,0.3760909389825732
27767,0.6821666666666667,4,6,4,539204,66406,67927,40029,0.6151209752121235,0.3760886926293043
27768,0.6822297979797979,2,1,2,539205,66405,67929,40027,0.6151117121790359,0.3760805021046302
27769,0.6822380952380952,0,1,0,539206,66404,67929,40027,0.6151024491459484,0.3760840356663002
27770,0.6822499999999999,1,1,1,539207,66403,67930,40026,0.6150931861128608,0.37608170705352867
27771,0.6822500000000001,0,1,0,539208,66402,67930,40026,0.6150839230797732,0.3760852407261247
27772,0.6822857142857143,1,2,1,539210,66400,67931,40025,0.6150653970135981,0.37608644585388773
27773,0.6822857142857144,1,3,1,539213,66397,67932,40024,0.6150376079143355,0.3760911850104773
27774,0.6823333333333332,2,3,2,539216,66394,67934,40022,0.6150098188150728,0.3760900616448654
27775,0.6823333333333333,5,11,5,539227,66383,67939,40017,0.6149079254511097,0.37609962406015035
27776,0.6823333333333335,2,0,2,539227,66383,67941,40015,0.6149079254511097,0.3760878963890299
27777,0.6823452380952381,1,1,1,539228,66382,67942,40014,0.6148986624180222,0.3760855671265837
27778,0.6823611111111112,0,1,0,539229,66381,67942,40014,0.6148893993849346,0.37608910193148176
27779,0.6823809523809524,0,2,0,539231,66379,67942,40014,0.6148708733187594,0.37609617174062204
27780,0.6824285714285715,0,1,0,539232,66378,67942,40014,0.614861610285672,0.37609970674486803
27781,0.6824761904761906,0,5,0,539237,66373,67942,40014,0.6148152951202341,0.37611738276293155
27782,0.6825,56,156,56,539393,66217,67998,39958,0.6133702619585757,0.37634094655050626
27783,0.6825000000000001,1,2,1,539395,66215,67999,39957,0.6133517358924007,0.37634216177523266
27784,0.6825317460317458,0,1,0,539396,66214,67999,39957,0.6133424728593131,0.37634570645468157
27785,0.682547619047619,0,2,0,539398,66212,67999,39957,0.613323946793138,0.37635279601390237
27786,0.6825833333333332,0,1,0,539399,66211,67999,39957,0.6133146837600504,0.3763563408936779
27787,0.6825833333333334,0,2,0,539401,66209,67999,39957,0.6132961576938752,0.37636343085356894
27788,0.6826190476190476,1,3,1,539404,66206,68000,39956,0.6132683685946126,0.3763681920084399
27789,0.6826287878787878,1,4,1,539408,66202,68001,39955,0.6132313164622624,0.3763764989590889
27790,0.6826309523809525,0,1,0,539409,66201,68001,39955,0.6132220534291748,0.376380044462866
27791,0.6826428571428572,0,1,0,539410,66200,68001,39955,0.6132127903960873,0.3763835900334417
27792,0.6826515151515151,1,0,1,539410,66200,68002,39954,0.6132127903960873,0.3763777153946154
27793,0.6826666666666665,1,4,1,539414,66196,68003,39953,0.6131757382637371,0.37638602341990973
27794,0.6826666666666666,4,23,4,539437,66173,68007,39949,0.6129626885027233,0.37644409264808426
27795,0.6826666666666668,1,3,1,539440,66170,68008,39948,0.6129348994034607,0.37644885881754275
27796,0.6826785714285714,0,1,0,539441,66169,68008,39948,0.6129256363703731,0.3764524063062469
27797,0.682690476190476,0,1,0,539442,66168,68008,39948,0.6129163733372855,0.3764559538618116
27798,0.6826904761904761,0,1,0,539443,66167,68008,39948,0.612907110304198,0.3764595014842388
27799,0.6827142857142856,0,1,0,539444,66166,68008,39948,0.6128978472711104,0.37646304917353035
27800,0.6827499999999997,0,3,0,539447,66163,68008,39948,0.6128700581718478,0.3764736926426101
27801,0.6827500000000001,1,0,1,539447,66163,68009,39947,0.6128700581718478,0.37646781641692584
27802,0.6827777777777778,0,2,0,539449,66161,68009,39947,0.6128515321056727,0.3764749123534512
27803,0.6828095238095239,1,0,1,539449,66161,68010,39946,0.6128515321056727,0.3764690359731215
27804,0.682827922077922,1,1,1,539450,66160,68011,39945,0.6128422690725851,0.37646670750671507
27805,0.6828333333333333,1,5,1,539455,66155,68012,39944,0.6127959539071474,0.3764785718998294
27806,0.6828571428571426,0,2,0,539457,66153,68012,39944,0.6127774278409722,0.37648566877480044
27807,0.6828571428571428,2,3,2,539460,66150,68014,39942,0.6127496387417096,0.37648456057007124
27808,0.6828571428571429,1,6,1,539466,66144,68015,39941,0.6126940605431843,0.37649997643399163
27809,0.6828809523809524,0,2,0,539468,66142,68015,39941,0.6126755344770092,0.3765070746490955
27810,0.6828809523809525,0,1,0,539469,66141,68015,39941,0.6126662714439216,0.3765106238570163
27811,0.6829166666666666,0,1,0,539470,66140,68015,39941,0.612657008410834,0.3765141731318521
27812,0.6829166666666667,0,1,0,539471,66139,68015,39941,0.6126477453777465,0.3765177224736048
27813,0.6829444444444445,0,1,0,539472,66138,68015,39941,0.6126384823446589,0.3765212718822764
27814,0.6829523809523811,1,0,1,539472,66138,68016,39940,0.6126384823446589,0.37651539433247233
27815,0.6829761904761905,0,2,0,539474,66136,68016,39940,0.6126199562784839,0.37652249330668575
27816,0.6829999999999999,5,18,5,539492,66118,68021,39935,0.6124532216829078,0.3765570045166096
27817,0.6830000000000002,1,1,1,539493,66117,68022,39934,0.6124439586498203,0.3765546765235594
27818,0.6830238095238096,0,1,0,539494,66116,68022,39934,0.6124346956167327,0.37655822725129656
27819,0.6830443722943724,0,4,0,539498,66112,68022,39934,0.6123976434843825,0.3765724308319031
27820,0.6830476190476189,0,1,0,539499,66111,68022,39934,0.612388380451295,0.3765759818944788
27821,0.6830952380952381,0,1,0,539500,66110,68022,39934,0.6123791174182074,0.37657953302402775
27822,0.6830992063492064,1,0,1,539500,66110,68023,39933,0.6123791174182074,0.37657365408372073
27823,0.6831428571428572,1,1,1,539501,66109,68024,39932,0.6123698543851198,0.3765713261851548
27824,0.6831666666666665,0,1,0,539502,66108,68024,39932,0.6123605913520324,0.37657487740475293
27825,0.6831666666666666,1,3,1,539505,66105,68025,39931,0.6123328022527696,0.3765796521935946
27826,0.6831666666666668,1,0,1,539505,66105,68026,39930,0.6123328022527696,0.37657377281086435
27827,0.6831904761904762,1,0,1,539505,66105,68027,39929,0.6123328022527696,0.3765678933172379
27828,0.6832142857142856,0,1,0,539506,66104,68027,39929,0.6123235392196821,0.37657144473890203
27829,0.6832142857142857,1,1,1,539507,66103,68028,39928,0.6123142761865945,0.3765691165791137
27830,0.6832142857142859,2,0,2,539507,66103,68030,39926,0.6123142761865945,0.3765573569495138
27831,0.6832857142857144,0,1,0,539508,66102,68030,39926,0.6123050131535069,0.3765609084392802
27832,0.6832857142857145,0,1,0,539509,66101,68030,39926,0.6122957501204195,0.37656445999603877
27833,0.6833024198024199,0,1,0,539510,66100,68030,39926,0.6122864870873319,0.37656801161979137
27834,0.6833333333333331,0,2,0,539512,66098,68030,39926,0.6122679610211568,0.37657511506828645
27835,0.6833333333333332,42,114,42,539626,65984,68072,39884,0.6112119752491756,0.3767332905127139
27836,0.6833333333333335,69,156,69,539782,65828,68141,39815,0.6097669420875171,0.37688251942864176
27837,0.6833373015873014,1,4,1,539786,65824,68142,39814,0.609729889955167,0.376890891535243
27838,0.6833571428571429,0,2,0,539788,65822,68142,39814,0.6097113638889918,0.37689802718770116
27839,0.6833730158730159,1,0,1,539788,65822,68143,39813,0.6097113638889918,0.3768921285558764
27840,0.6833809523809523,0,2,0,539790,65820,68143,39813,0.6096928378228167,0.3768992644344097
27841,0.6833910256410256,0,1,0,539791,65819,68143,39813,0.6096835747897291,0.37690283247500755
27842,0.6834047619047618,0,1,0,539792,65818,68143,39813,0.6096743117566416,0.37690640058316216
27843,0.6834404761904761,0,1,0,539793,65817,68143,39813,0.6096650487235541,0.37690996875887534
27844,0.6834444444444445,0,1,0,539794,65816,68143,39813,0.6096557856904665,0.376913537002149
27845,0.683452380952381,0,2,0,539796,65814,68143,39813,0.6096372596242914,0.3769206736913857
27846,0.6834967532467532,0,1,0,539797,65813,68143,39813,0.6096279965912038,0.37692424213735254
27847,0.6835,7,14,7,539811,65799,68150,39806,0.6094983141279781,0.37693291037356186
27848,0.6835000000000001,0,1,0,539812,65798,68150,39806,0.6094890510948905,0.37693647967880006
27849,0.6835006382506384,3,4,3,539816,65794,68153,39803,0.6094519989625403,0.3769330568103261
27850,0.6835238095238096,1,4,1,539820,65790,68154,39802,0.60941494683019,0.37694143495719373
27851,0.6835566378066379,0,6,0,539826,65784,68154,39802,0.6093593686316647,0.37696285492394827
27852,0.6835714285714286,0,1,0,539827,65783,68154,39802,0.6093501055985772,0.3769664251550883
27853,0.6835952380952384,0,1,0,539828,65782,68154,39802,0.6093408425654896,0.3769699954538566
27854,0.6836111111111112,0,2,0,539830,65780,68154,39802,0.6093223164993146,0.37697713625428575
27855,0.6836190476190476,0,2,0,539832,65778,68154,39802,0.6093037904331394,0.37698427732525097
27856,0.6836666666666666,1,0,1,539832,65778,68155,39801,0.6093037904331394,0.3769783763816668
27857,0.6836666666666668,2,9,2,539841,65769,68157,39799,0.6092204231353514,0.3769987117308275
27858,0.6836666666666669,0,1,0,539842,65768,68157,39799,0.6092111601022638,0.3770022829103792
27859,0.6836904761904762,1,2,1,539844,65766,68158,39798,0.6091926340360888,0.377003523928612
27860,0.68375,1,2,1,539846,65764,68159,39797,0.6091741079699137,0.37700476501738334
27861,0.6837857142857142,0,1,0,539847,65763,68159,39797,0.6091648449368261,0.3770083364910951
27862,0.6838095238095236,0,1,0,539848,65762,68159,39797,0.6091555819037385,0.37701190803247475
27863,0.6838333333333333,0,6,0,539854,65756,68159,39797,0.6091000037052132,0.3770333387018844
27864,0.6838333333333334,1,3,1,539857,65753,68160,39796,0.6090722146059506,0.37703815289581144
27865,0.6839047619047618,0,2,0,539859,65751,68160,39796,0.6090536885397755,0.37704529735568043
27866,0.6839285714285714,0,1,0,539860,65750,68160,39796,0.6090444255066879,0.3770488696871506
27867,0.6839523809523809,0,1,0,539861,65749,68160,39796,0.6090351624736003,0.3770524420863139
27868,0.683952380952381,0,1,0,539862,65748,68160,39796,0.6090258994405128,0.3770560145531721
27869,0.6839761904761906,0,3,0,539865,65745,68160,39796,0.6089981103412502,0.37706673235993593
27870,0.684,12,48,12,539913,65697,68172,39784,0.6085534847530475,0.3771674519581726
27871,0.684047619047619,1,1,1,539914,65696,68173,39783,0.60854422171996,0.37716512291546184
27872,0.6840714285714286,0,2,0,539916,65694,68173,39783,0.6085256956537849,0.37717227452430385
27873,0.6840833333333333,0,1,0,539917,65693,68173,39783,0.6085164326206973,0.37717585043042967
27874,0.6841428571428572,1,0,1,539917,65693,68174,39782,0.6085164326206973,0.377169945484712
27875,0.6841666666666666,7,49,7,539966,65644,68181,39775,0.6080625439994072,0.3773039015737201
27876,0.6841666666666667,10,24,10,539990,65620,68191,39765,0.6078402312053058,0.37733073966883335
27877,0.6842034632034631,0,2,0,539992,65618,68191,39765,0.6078217051391308,0.3773379007999393
27878,0.6842142857142854,0,4,0,539996,65614,68191,39765,0.6077846530067805,0.3773522238776227
27879,0.6842222222222222,0,2,0,539998,65612,68191,39765,0.6077661269406054,0.3773593858242311
27880,0.6842777777777778,0,1,0,539999,65611,68191,39765,0.6077568639075179,0.37736296689948373
27881,0.6842857142857143,0,9,0,540008,65602,68191,39765,0.6076734966097299,0.3773951996355595
27882,0.6842954545454544,0,1,0,540009,65601,68191,39765,0.6076642335766423,0.3773987813905814
27883,0.6843333333333332,0,2,0,540011,65599,68191,39765,0.6076457075104672,0.3774059451045898
27884,0.6843333333333333,7,11,7,540022,65588,68198,39758,0.6075438141465042,0.3774039830653276
27885,0.6843809523809524,1,0,1,540022,65588,68199,39757,0.6075438141465042,0.37739807299824385
27886,0.6844047619047618,0,1,0,540023,65587,68199,39757,0.6075345511134166,0.3774016555285541
27887,0.6844285714285714,0,2,0,540025,65585,68199,39757,0.6075160250472414,0.37740882079322585
27888,0.6844285714285715,0,1,0,540026,65584,68199,39757,0.6075067620141539,0.37741240352759137
27889,0.6844444444444444,0,1,0,540027,65583,68199,39757,0.6074974989810663,0.37741598632997914
27890,0.6844999999999999,0,1,0,540028,65582,68199,39757,0.6074882359479788,0.3774195692003911
27891,0.6845,2,5,2,540033,65577,68201,39755,0.607441920782541,0.37742566361599517
27892,0.6845238095238095,0,1,0,540034,65576,68201,39755,0.6074326577494534,0.3774292468504049
27893,0.6845238095238096,0,1,0,540035,65575,68201,39755,0.607423394716366,0.37743283015285295
27894,0.6845555555555556,0,1,0,540036,65574,68201,39755,0.6074141316832784,0.3774364135233412
27895,0.6845833333333333,0,3,0,540039,65571,68201,39755,0.6073863425840157,0.3774471640430663
27896,0.6845833333333334,0,1,0,540040,65570,68201,39755,0.6073770795509281,0.3774507476857346
27897,0.6846111111111111,0,1,0,540041,65569,68201,39755,0.6073678165178406,0.37745433139645285
27898,0.6846190476190476,0,3,0,540044,65566,68201,39755,0.607340027418578,0.37746508293692616
27899,0.6846428571428571,0,2,0,540046,65564,68201,39755,0.6073215013524028,0.37747225097085996
27900,0.6846428571428572,0,2,0,540048,65562,68201,39755,0.6073029752862277,0.3774794192770398
27901,0.6846666666666665,0,1,0,540049,65561,68201,39755,0.6072937122531402,0.3774830035322268
27902,0.6846666666666666,6,14,6,540063,65547,68207,39749,0.6071640297899145,0.37749772071113813
27903,0.6846720779220778,0,2,0,540065,65545,68207,39749,0.6071455037237393,0.37750489106691737
27904,0.6847142857142856,0,1,0,540066,65544,68207,39749,0.6071362406906518,0.3775084763469556
27905,0.68475,0,1,0,540067,65543,68207,39749,0.6071269776575642,0.37751206169509555
27906,0.6847619047619047,0,2,0,540069,65541,68207,39749,0.607108451591389,0.3775192325956881
27907,0.6848333333333332,1,3,1,540072,65538,68208,39748,0.6070806624921264,0.3775240772752313
27908,0.6848333333333333,3,10,3,540082,65528,68211,39745,0.6069880321612509,0.3775421998043183
27909,0.6848333333333335,0,1,0,540083,65527,68211,39745,0.6069787691281633,0.37754578615396306
27910,0.6848571428571428,1,1,1,540084,65526,68212,39744,0.6069695060950757,0.3775434596751211
27911,0.6848571428571429,0,1,0,540085,65525,68212,39744,0.6069602430619883,0.3775470461389393
27912,0.6848809523809524,1,2,1,540087,65523,68213,39743,0.6069417169958131,0.3775483061957327
27913,0.6849166666666667,0,3,0,540090,65520,68213,39743,0.6069139278965504,0.3775590663385995
27914,0.6849325396825396,0,3,0,540093,65517,68213,39743,0.6068861387972878,0.37756982709481285
27915,0.6849761904761904,0,1,0,540094,65516,68213,39743,0.6068768757642002,0.3775734141498589
27916,0.6849999999999998,3,3,3,540097,65513,68216,39740,0.6068490866649375,0.37756643516099303
27917,0.685,233,498,233,540595,65015,68449,39507,0.6022360961873355,0.37797784198541934
27918,0.6850039682539681,1,0,1,540595,65015,68450,39506,0.6022360961873355,0.37797189081619964
27919,0.6850238095238095,0,1,0,540596,65014,68450,39506,0.6022268331542481,0.3779755070799847
27920,0.6850238095238096,1,0,1,540596,65014,68451,39505,0.6022268331542481,0.37796955577454816
27921,0.685047619047619,0,2,0,540598,65012,68451,39505,0.6022083070880729,0.3779767884650344
27922,0.6850714285714287,0,1,0,540599,65011,68451,39505,0.6021990440549854,0.37798040491408014
27923,0.6851190476190476,0,1,0,540600,65010,68451,39505,0.6021897810218978,0.3779840214323303
27924,0.685142857142857,0,1,0,540601,65009,68451,39505,0.6021805179888102,0.3779876380197868
27925,0.6851666666666665,0,1,0,540602,65008,68451,39505,0.6021712549557227,0.3779912546764517
27926,0.6851666666666667,7,12,7,540614,64996,68458,39498,0.602060098558672,0.37799299481309934
27927,0.6851666666666668,0,2,0,540616,64994,68458,39498,0.6020415724924969,0.3780002296826551
27928,0.6851904761904762,2,1,2,540617,64993,68460,39496,0.6020323094594094,0.37799194173549366
27929,0.6852142857142858,1,0,1,540617,64993,68461,39495,0.6020323094594094,0.3779859888216829
27930,0.6852380952380952,0,1,0,540618,64992,68461,39495,0.6020230464263219,0.377989606362514
27931,0.6852777777777778,1,0,1,540618,64992,68462,39494,0.6020230464263219,0.37798365331240547
27932,0.6853333333333331,0,1,0,540619,64991,68462,39494,0.6020137833932343,0.3779872709001292
27933,0.6853333333333333,4,11,4,540630,64980,68466,39490,0.6019118900292711,0.3780032545228295
27934,0.6853333333333335,1,0,1,540630,64980,68467,39489,0.6019118900292711,0.37799730063463804
27935,0.6853571428571428,0,2,0,540632,64978,68467,39489,0.6018933639630961,0.3780045373180047
27936,0.6853809523809524,1,0,1,540632,64978,68468,39488,0.6018933639630961,0.37799858327111213
27937,0.6853888888888888,1,0,1,540632,64978,68469,39487,0.6018933639630961,0.3779926291102283
27938,0.6854126984126984,0,2,0,540634,64976,68469,39487,0.601874837896921,0.3779998659812565
27939,0.6854444444444445,0,1,0,540635,64975,68469,39487,0.6018655748638334,0.37800348452068694
27940,0.6854761904761902,0,1,0,540636,64974,68469,39487,0.6018563118307458,0.37800710312939756
27941,0.6854761904761905,1,2,1,540638,64972,68470,39486,0.6018377857645707,0.37800838614562793
27942,0.6854999999999998,0,3,0,540641,64969,68470,39486,0.6018099966653081,0.37801924273610643
27943,0.6855,5,11,5,540652,64958,68475,39481,0.6017081033013449,0.37802928024971516
27944,0.6855000000000001,0,2,0,540654,64956,68475,39481,0.6016895772351699,0.3780365196242711
27945,0.6855238095238093,1,0,1,540654,64956,68476,39480,0.6016895772351699,0.3780305641732736
27946,0.6855476190476191,1,0,1,540654,64956,68477,39479,0.6016895772351699,0.37802460860822523
27947,0.6855555555555556,0,1,0,540655,64955,68477,39479,0.6016803142020823,0.37802822835475036
27948,0.6855595238095239,0,1,0,540656,64954,68477,39479,0.6016710511689948,0.37803184817059743
27949,0.6855833333333333,2,0,2,540656,64954,68479,39477,0.6016710511689948,0.37801993660886135
27950,0.6856428571428572,2,1,2,540657,64953,68481,39475,0.6016617881359072,0.378011644386563
27951,0.6856666666666666,3,11,3,540668,64942,68484,39472,0.6015598947719442,0.37803359702721856
27952,0.6856818181818182,0,1,0,540669,64941,68484,39472,0.6015506317388566,0.37803721758784825
27953,0.6857142857142857,2,7,2,540676,64934,68486,39470,0.6014857905072437,0.3780506494004061
27954,0.6857539682539682,0,1,0,540677,64933,68486,39470,0.6014765274741561,0.37805427047115503
27955,0.6857539682539684,0,4,0,540681,64929,68486,39470,0.601439475341806,0.3780687554478491
27956,0.6857619047619048,1,0,1,540681,64929,68487,39469,0.601439475341806,0.37806279813789534
27957,0.6857857142857143,0,1,0,540682,64928,68487,39469,0.6014302123087184,0.37806641953312836
27958,0.6858095238095239,0,1,0,540683,64927,68487,39469,0.6014209492756308,0.3780700409977394
27959,0.6858333333333332,1,0,1,540683,64927,68488,39468,0.6014209492756308,0.37806408352890464
27960,0.6858333333333333,7,18,7,540701,64909,68495,39461,0.6012542146800548,0.378087573057392
27961,0.6858333333333334,9,27,9,540728,64882,68504,39452,0.6010041127866909,0.3781317691260759
27962,0.6858809523809524,0,1,0,540729,64881,68504,39452,0.6009948497536033,0.3781353934038128
27963,0.685888888888889,1,0,1,540729,64881,68505,39451,0.6009948497536033,0.37812943296399953
27964,0.685952380952381,0,1,0,540730,64880,68505,39451,0.6009855867205157,0.37813305728882113
27965,0.6859999999999999,18,41,18,540771,64839,68523,39433,0.600605802363926,0.3781743900567746
27966,0.686,0,6,0,540777,64833,68523,39433,0.6005502241654007,0.3781961521493104
27967,0.6860714285714287,1,2,1,540779,64831,68524,39432,0.6005316980992256,0.37819744300470926
27968,0.6861428571428572,0,1,0,540780,64830,68524,39432,0.600522435066138,0.37820107038038786
27969,0.6861666666666666,0,1,0,540781,64829,68524,39432,0.6005131720330505,0.3782046978256491
27970,0.6861666666666667,1,5,1,540786,64824,68525,39431,0.6004668568676127,0.3782168720924656
27971,0.6861904761904762,1,2,1,540788,64822,68526,39430,0.6004483308014377,0.3782181636803131
27972,0.68625,3,5,3,540793,64817,68529,39427,0.6004020156359998,0.378218410651932
27973,0.6863095238095238,0,2,0,540795,64815,68529,39427,0.6003834895698248,0.3782256671974828
27974,0.6863160173160173,1,0,1,540795,64815,68530,39426,0.6003834895698248,0.37821970242035285
27975,0.6863333333333332,2,10,2,540805,64805,68532,39424,0.6002908592389492,0.37824405875524086
27976,0.6863333333333334,0,6,0,540811,64799,68532,39424,0.6002352810404239,0.3782658338370609
27977,0.6863571428571427,0,2,0,540813,64797,68532,39424,0.6002167549742488,0.3782730927548191
27978,0.686357142857143,0,1,0,540814,64796,68532,39424,0.6002074919411612,0.3782767223181731
27979,0.6864166666666667,0,2,0,540816,64794,68532,39424,0.6001889658749862,0.378283981653841
27980,0.6864285714285714,0,1,0,540817,64793,68532,39424,0.6001797028418986,0.37828761142615885
27981,0.6864523809523808,1,1,1,540818,64792,68533,39423,0.600170439808811,0.3782852756321067
27982,0.6865000000000001,5,14,5,540832,64778,68538,39418,0.6000407573455853,0.37830626895466235
27983,0.6865238095238095,1,0,1,540832,64778,68539,39417,0.6000407573455853,0.37830030231776957
27984,0.686547619047619,0,1,0,540833,64777,68539,39417,0.6000314943124977,0.3783039330479682
27985,0.6865595238095237,1,0,1,540833,64777,68540,39416,0.6000314943124977,0.3782979662741259
27986,0.6865714285714284,1,1,1,540834,64776,68541,39415,0.6000222312794101,0.3782956301407991
27987,0.6866666666666665,66,171,66,541005,64605,68607,39349,0.5984382526214383,0.3785231929507282
27988,0.6866666666666668,28,106,28,541111,64499,68635,39321,0.5974563711141576,0.37874205355422846
27989,0.686670634920635,1,2,1,541113,64497,68636,39320,0.5974378450479825,0.3787433657300827
27990,0.6867056277056277,0,1,0,541114,64496,68636,39320,0.5974285820148949,0.37874701394775373
27991,0.6867777777777778,0,1,0,541115,64495,68636,39320,0.5974193189818074,0.37875066223570775
27992,0.6867857142857141,0,1,0,541116,64494,68636,39320,0.5974100559487199,0.3787543105939469
27993,0.6868333333333332,1,0,1,541116,64494,68637,39319,0.5974100559487199,0.3787483263175132
27994,0.6868333333333334,2,10,2,541126,64484,68639,39317,0.5973174256178443,0.3787728441922525
27995,0.6868571428571428,1,0,1,541126,64484,68640,39316,0.5973174256178443,0.378766859344894
27996,0.686904761904762,0,1,0,541127,64483,68640,39316,0.5973081625847567,0.37877050838640064
27997,0.686952380952381,0,1,0,541128,64482,68640,39316,0.5972988995516691,0.3787741574982177
27998,0.6869642857142857,1,0,1,541128,64482,68641,39315,0.5972988995516691,0.3787681724905344
27999,0.6869871794871796,2,1,2,541129,64481,68643,39313,0.5972896365185817,0.37875985124380984
28000,0.6869999999999998,1,1,1,541130,64480,68644,39312,0.5972803734854941,0.3787575150300601
28001,0.687,7,27,7,541157,64453,68651,39305,0.5970302715921302,0.3788141637271343
28002,0.6870000000000002,0,2,0,541159,64451,68651,39305,0.597011745525955,0.3788214657465592
28003,0.6870238095238095,0,2,0,541161,64449,68651,39305,0.5969932194597799,0.378828768047497
28004,0.6870476190476191,1,0,1,541161,64449,68652,39304,0.5969932194597799,0.3788227810280185
28005,0.6870714285714287,0,2,0,541163,64447,68652,39304,0.5969746933936048,0.3788300835654596
28006,0.6870833333333333,1,1,1,541164,64446,68653,39303,0.5969654303605173,0.3788277477373276
28007,0.6870952380952382,0,2,0,541166,64444,68653,39303,0.5969469042943422,0.3788350506520671
28008,0.6871071428571429,0,1,0,541167,64443,68653,39303,0.5969376412612546,0.37883870221502514
28009,0.687142857142857,0,3,0,541170,64440,68653,39303,0.5969098521619919,0.37884965732627746
28010,0.6871428571428573,0,4,0,541174,64436,68653,39303,0.5968728000296417,0.378864265126905
28011,0.6871450216450218,0,2,0,541176,64434,68653,39303,0.5968542739634666,0.378871569449666
28012,0.6871666666666666,0,2,0,541178,64432,68653,39303,0.5968357478972914,0.3788788740540801
28013,0.6871666666666667,0,9,0,541187,64423,68653,39303,0.5967523805995035,0.3789117482598384
28014,0.6871666666666668,0,2,0,541189,64421,68653,39303,0.5967338545333284,0.3789190544136362
28015,0.687204481792717,1,2,1,541191,64419,68654,39302,0.5967153284671532,0.378920372923516
28016,0.6872222222222222,0,1,0,541192,64418,68654,39302,0.5967060654340657,0.3789240262244504
28017,0.6872380952380952,0,1,0,541193,64417,68654,39302,0.5966968024009782,0.37892767959583107
28018,0.687262987012987,0,1,0,541194,64416,68654,39302,0.5966875393678907,0.3789313330376598
28019,0.6872698412698413,0,1,0,541195,64415,68654,39302,0.5966782763348031,0.3789349865499388
28020,0.6872727272727271,0,1,0,541196,64414,68654,39302,0.5966690133017155,0.37893864013267
28021,0.6872738095238096,0,1,0,541197,64413,68654,39302,0.5966597502686279,0.3789422937858555
28022,0.6872857142857143,2,0,2,541197,64413,68656,39300,0.5966597502686279,0.37893031731798327
28023,0.6873333333333332,0,5,0,541202,64408,68656,39300,0.5966134351031902,0.3789485864157056
28024,0.6873333333333334,5,11,5,541213,64397,68661,39295,0.596511541739227,0.3789588396404737
28025,0.6873333333333335,0,1,0,541214,64396,68661,39295,0.5965022787061396,0.3789624943341274
28026,0.6873571428571427,0,1,0,541215,64395,68661,39295,0.596493015673052,0.3789661490982737
28027,0.6873571428571428,1,2,1,541217,64393,68662,39294,0.5964744896068769,0.37896746940310744
28028,0.6873571428571431,0,1,0,541218,64392,68662,39294,0.5964652265737893,0.37897112435622937
28029,0.6873809523809524,0,4,0,541222,64388,68662,39294,0.5964281744414391,0.3789857448737486
28030,0.687388888888889,0,1,0,541223,64387,68662,39294,0.5964189114083516,0.3789894001793964
28031,0.6874047619047617,1,0,1,541223,64387,68663,39293,0.5964189114083516,0.37898341049382717
28032,0.6874285714285715,0,1,0,541224,64386,68663,39293,0.596409648375264,0.37898706584747155
28033,0.6874523809523809,0,1,0,541225,64385,68663,39293,0.5964003853421764,0.37899072127162947
28034,0.6874999999999999,1,2,1,541227,64383,68664,39292,0.5963818592760013,0.3789920424403183
28035,0.6875,49,139,49,541366,64244,68713,39243,0.5950942976768313,0.3792070501608898
28036,0.6875000000000001,0,3,0,541369,64241,68713,39243,0.5950665085775686,0.3792180433690232
28037,0.6875151515151515,1,0,1,541369,64241,68714,39242,0.5950665085775686,0.3792120444903994
28038,0.6875238095238098,0,1,0,541370,64240,68714,39242,0.5950572455444811,0.37921570901219537
28039,0.687547619047619,0,1,0,541371,64239,68714,39242,0.5950479825113936,0.37921937360481633
28040,0.6875833333333334,0,2,0,541373,64237,68714,39242,0.5950294564452184,0.3792267030025416
28041,0.6876190476190476,0,2,0,541375,64235,68714,39242,0.5950109303790433,0.3792340326835915
28042,0.6876190476190477,0,1,0,541376,64234,68714,39242,0.5950016673459557,0.3792376976303684
28043,0.687642857142857,0,1,0,541377,64233,68714,39242,0.5949924043128682,0.3792413626479826
28044,0.6876666666666665,1,1,1,541378,64232,68715,39241,0.5949831412797807,0.3792390285388459
28045,0.6876666666666666,3,14,3,541392,64218,68718,39238,0.5948534588165549,0.3792723476647077
28046,0.6876666666666668,0,3,0,541395,64215,68718,39238,0.5948256697172922,0.3792833460605299
28047,0.6876984126984127,0,1,0,541396,64214,68718,39238,0.5948164066842047,0.37928701233422263
28048,0.6877142857142857,1,0,1,541396,64214,68719,39237,0.5948164066842047,0.379281012266677
28049,0.6877222222222221,0,2,0,541398,64212,68719,39237,0.5947978806180295,0.37928834498158515
28050,0.6877261904761904,0,1,0,541399,64211,68719,39237,0.5947886175849421,0.37929201144536384
28051,0.6877380952380951,0,2,0,541401,64209,68719,39237,0.5947700915187669,0.3792993445855809
28052,0.6877777777777777,1,0,1,541401,64209,68720,39236,0.5947700915187669,0.37929334428923583
28053,0.6878293030498913,0,1,0,541402,64208,68720,39236,0.5947608284856793,0.37929701094311896
28054,0.6878333333333333,2,9,2,541411,64199,68722,39234,0.5946774611878913,0.3793180126265312
28055,0.6878333333333334,0,3,0,541414,64196,68722,39234,0.5946496720886287,0.3793290147926134
28056,0.6878333333333336,0,2,0,541416,64194,68722,39234,0.5946311460224536,0.3793363499245852
28057,0.6878461538461539,1,0,1,541416,64194,68723,39233,0.5946311460224536,0.3793303489417657
28058,0.6878571428571427,1,3,1,541419,64191,68724,39232,0.5946033569231909,0.3793353509374124
28059,0.687857142857143,1,1,1,541420,64190,68725,39231,0.5945940938901034,0.37933301747227355
28060,0.6878888888888889,0,1,0,541421,64189,68725,39231,0.5945848308570159,0.3793366853606652
28061,0.6879047619047618,0,1,0,541422,64188,68725,39231,0.5945755678239283,0.37934035331998955
28062,0.6879545454545456,0,1,0,541423,64187,68725,39231,0.5945663047908407,0.37934402135024853
28063,0.6879761904761905,0,1,0,541424,64186,68725,39231,0.5945570417577531,0.37934768945144415
28064,0.6879999999999998,1,3,1,541427,64183,68726,39230,0.5945292526584905,0.37935269260151044
28065,0.688,8,34,8,541461,64149,68734,39222,0.5942143095335136,0.3794294337870389
28066,0.6880000000000002,0,3,0,541464,64146,68734,39222,0.594186520434251,0.3794404457859299
28067,0.6881111111111111,1,1,1,541465,64145,68735,39221,0.5941772574011635,0.3794381131126289
28068,0.6881428571428572,0,1,0,541466,64144,68735,39221,0.5941679943680759,0.37944178396942874
28069,0.6881666666666666,5,5,5,541471,64139,68740,39216,0.5941216792026381,0.37943011949107447
28070,0.6881666666666668,0,5,0,541476,64134,68740,39216,0.5940753640372003,0.37944847605224963
28071,0.688202380952381,1,0,1,541476,64134,68741,39215,0.5940753640372003,0.37944247162526973
28072,0.6882142857142857,2,2,2,541478,64132,68743,39213,0.5940568379710253,0.37943780540906674
28073,0.6882142857142859,0,1,0,541479,64131,68743,39213,0.5940475749379377,0.3794414770088249
28074,0.6883214285714284,0,1,0,541480,64130,68743,39213,0.5940383119048501,0.37944514867963963
28075,0.6883333333333332,25,59,25,541539,64071,68768,39188,0.5934917929526844,0.37951171326470334
28076,0.6883333333333335,34,83,34,541622,63988,68802,39154,0.5927229612064174,0.37961257295767004
28077,0.6883398268398269,0,1,0,541623,63987,68802,39154,0.5927136981733299,0.37961625347824823
28078,0.6883571428571428,1,1,1,541624,63986,68803,39153,0.5927044351402423,0.3796139190800764
28079,0.688388888888889,0,1,0,541625,63985,68803,39153,0.5926951721071547,0.3796175997207625
28080,0.6883928571428573,0,1,0,541626,63984,68803,39153,0.5926859090740673,0.37962128043282234
28081,0.688452380952381,0,2,0,541628,63982,68803,39153,0.5926673830078921,0.3796286420710719
28082,0.6884722222222223,0,1,0,541629,63981,68803,39153,0.5926581199748046,0.3796323229972657
28083,0.6884999999999999,7,4,7,541633,63977,68810,39146,0.5926210678424544,0.37960493779273297
28084,0.6885000000000001,0,2,0,541635,63975,68810,39146,0.5926025417762792,0.3796123001134589
28085,0.6885357142857141,0,2,0,541637,63973,68810,39146,0.5925840157101041,0.3796196627197704
28086,0.6885714285714285,1,0,1,541637,63973,68811,39145,0.5925840157101041,0.3796136465020656
28087,0.6885714285714286,0,3,0,541640,63970,68811,39145,0.5925562266108415,0.37962469087911554
28088,0.688582251082251,0,1,0,541641,63969,68811,39145,0.5925469635777539,0.37962837248094344
28089,0.6886060606060606,1,2,1,541643,63967,68812,39144,0.5925284375115788,0.379629719428577
28090,0.6886111111111112,0,4,0,541647,63963,68812,39144,0.5924913853792286,0.37964444703075445
28091,0.6886309523809523,1,0,1,541647,63963,68813,39143,0.5924913853792286,0.3796384303532287
28092,0.6886666666666666,2,1,2,541648,63962,68815,39141,0.5924821223461411,0.3796300786592049
28093,0.6886666666666668,6,13,6,541661,63949,68821,39135,0.5923617029160028,0.37964184548523533
28094,0.6886904761904761,0,1,0,541662,63948,68821,39135,0.5923524398829153,0.3796455283606414
28095,0.68875,1,4,1,541666,63944,68822,39134,0.592315387750565,0.3796542424183628
28096,0.6888095238095238,0,1,0,541667,63943,68822,39134,0.5923061247174775,0.3796579256284137
28097,0.688809523809524,0,1,0,541668,63942,68822,39134,0.5922968616843899,0.37966160890993056
28098,0.6888333333333333,2,8,2,541676,63934,68824,39132,0.5922227574196895,0.3796790406147517
28099,0.6888333333333334,0,1,0,541677,63933,68824,39132,0.592213494386602,0.3796827244942512
28100,0.6888690476190475,0,1,0,541678,63932,68824,39132,0.5922042313535144,0.37968640844523793
28101,0.6888888888888889,2,2,2,541680,63930,68826,39130,0.5921857052873393,0.37968173879293615
28102,0.689,0,2,0,541682,63928,68826,39130,0.5921671792211641,0.37968910710473713
28103,0.6890000000000001,11,22,11,541704,63906,68837,39119,0.591963392493238,0.37970395535064305
28104,0.6890238095238097,0,2,0,541706,63904,68837,39119,0.5919448664270629,0.3797113265969735
28105,0.689047619047619,1,5,1,541711,63899,68838,39118,0.5918985512616252,0.37972373491753786
28106,0.6890952380952381,0,2,0,541713,63897,68838,39118,0.59188002519545,0.37973110712032226
28107,0.6890952380952383,1,1,1,541714,63896,68839,39117,0.5918707621623625,0.3797287720967257
28108,0.6891428571428573,0,1,0,541715,63895,68839,39117,0.5918614991292749,0.3797324583543665
28109,0.6891666666666666,7,30,7,541745,63865,68846,39110,0.5915836081366482,0.379800922554018
28110,0.6891666666666667,7,24,7,541769,63841,68853,39103,0.591361295342547,0.3798472956170345
28111,0.6891825396825396,1,0,1,541769,63841,68854,39102,0.591361295342547,0.3798412713831926
28112,0.6892499999999999,0,1,0,541770,63840,68854,39102,0.5913520323094594,0.3798449612403101
28113,0.6892857142857142,0,1,0,541771,63839,68854,39102,0.5913427692763719,0.3798486511691163
28114,0.6892857142857143,0,7,0,541778,63832,68854,39102,0.591277928044759,0.379874482678221
28115,0.6893095238095239,0,2,0,541780,63830,68854,39102,0.5912594019785838,0.37988186375471183
28116,0.6893214285714286,0,2,0,541782,63828,68854,39102,0.5912408759124088,0.3798892451180414
28117,0.6893333333333332,2,3,2,541785,63825,68856,39100,0.5912130868131461,0.37988826815642457
28118,0.6893333333333334,2,16,2,541801,63809,68858,39098,0.5910648782837452,0.3799352813705579
28119,0.6893538324420677,1,1,1,541802,63808,68859,39097,0.5910556152506576,0.37993294786453524
28120,0.6893809523809523,0,1,0,541803,63807,68859,39097,0.5910463522175701,0.37993663997512245
28121,0.6893809523809524,0,1,0,541804,63806,68859,39097,0.5910370891844826,0.3799403321574687
28122,0.6894047619047619,0,1,0,541805,63805,68859,39097,0.591027826151395,0.37994402441157604
28123,0.6894047619047621,0,1,0,541806,63804,68859,39097,0.5910185631183075,0.37994771673744665
28124,0.6894230769230768,0,1,0,541807,63803,68859,39097,0.5910093000852199,0.37995140913508263
28125,0.6894444444444444,0,1,0,541808,63802,68859,39097,0.5910000370521323,0.379955101604486
28126,0.6894523809523808,1,0,1,541808,63802,68860,39096,0.5910000370521323,0.3799490757837859
28127,0.6894523809523809,0,1,0,541809,63801,68860,39096,0.5909907740190448,0.37995276830228286
28128,0.6894761904761905,0,2,0,541811,63799,68860,39096,0.5909722479528697,0.3799601535545945
28129,0.6894999999999999,0,4,0,541815,63795,68860,39096,0.5909351958205195,0.37997492492054696
28130,0.6895,0,14,0,541829,63781,68860,39096,0.5908055133572937,0.38002663374709605
28131,0.6895000000000002,0,2,0,541831,63779,68860,39096,0.5907869872911186,0.38003402187120294
28132,0.6895238095238095,0,1,0,541832,63778,68860,39096,0.5907777242580311,0.3800377160409822
28133,0.6895238095238096,0,1,0,541833,63777,68860,39096,0.5907684612249435,0.3800414102825814
28134,0.6895833333333333,0,2,0,541835,63775,68860,39096,0.5907499351587684,0.3800487989812484
28135,0.6895833333333334,2,2,2,541837,63773,68862,39094,0.5907314090925933,0.38004413465931736
28136,0.6895952380952381,1,0,1,541837,63773,68863,39093,0.5907314090925933,0.38003810782960357
28137,0.6896212121212121,0,1,0,541838,63772,68863,39093,0.5907221460595057,0.38004180236231955
28138,0.6896349206349207,0,1,0,541839,63771,68863,39093,0.5907128830264182,0.3800454969668689
28139,0.6896428571428571,0,1,0,541840,63770,68863,39093,0.5907036199933307,0.3800491916432536
28140,0.6896428571428572,1,0,1,541840,63770,68864,39092,0.5907036199933307,0.380043164628337
28141,0.6896666666666665,0,2,0,541842,63768,68864,39092,0.5906850939271555,0.3800505541512736
28142,0.6896666666666667,4,12,4,541854,63756,68868,39088,0.5905739375301049,0.3800707868227607
28143,0.689714285714286,0,1,0,541855,63755,68868,39088,0.5905646744970173,0.38007448246356096
28144,0.6897222222222222,0,2,0,541857,63753,68868,39088,0.5905461484308422,0.3800818739607744
28145,0.68975,0,1,0,541858,63752,68868,39088,0.5905368853977546,0.38008556981719177
28146,0.689809523809524,0,1,0,541859,63751,68868,39088,0.590527622364667,0.3800892657454857
28147,0.6898333333333332,1,2,1,541861,63749,68869,39087,0.590509096298492,0.3800906297405578
28148,0.6898333333333333,1,6,1,541867,63743,68870,39086,0.5904535180999666,0.3801067792159799
28149,0.6898333333333335,1,1,1,541868,63742,68871,39085,0.5904442550668791,0.380104447275521
28150,0.6899404761904762,0,1,0,541869,63741,68871,39085,0.5904349920337916,0.3801081438546671
28151,0.689952380952381,0,1,0,541870,63740,68871,39085,0.590425729000704,0.3801118405057136
28152,0.6899841269841269,1,2,1,541872,63738,68872,39084,0.5904072029345289,0.3801132053451596
28153,0.6899920634920633,0,2,0,541874,63736,68872,39084,0.5903886768683537,0.38012059910523244
28154,0.6899999999999998,1,3,1,541877,63733,68873,39083,0.5903608877690911,0.3801256613756614
28155,0.69,618,1527,618,543404,62206,69491,38465,0.5762162362443959,0.3820862015873489
28156,0.6900000000000002,0,6,0,543410,62200,69491,38465,0.5761606580458706,0.3821089753141608
28157,0.6901190476190476,0,1,0,543411,62199,69491,38465,0.576151395012783,0.3821127711992371
28158,0.6901666666666667,1,10,1,543421,62189,69492,38464,0.5760587646819074,0.3821445957894946
28159,0.6901666666666668,1,6,1,543427,62183,69493,38463,0.5760031864833821,0.38216123839993643
28160,0.6902121212121213,0,1,0,543428,62182,69493,38463,0.5759939234502945,0.38216503552089026
28161,0.6902222222222221,0,1,0,543429,62181,69493,38463,0.575984660417207,0.38216883271730057
28162,0.6902777777777778,0,1,0,543430,62180,69493,38463,0.5759753973841194,0.3821726299891696
28163,0.6902777777777779,1,1,1,543431,62179,69494,38462,0.5759661343510319,0.3821702884510289
28164,0.6902857142857144,0,1,0,543432,62178,69494,38462,0.5759568713179444,0.38217408585055646
28165,0.6903095238095238,0,2,0,543434,62176,69494,38462,0.5759383452517692,0.38218168087601107
28166,0.6903333333333331,1,0,1,543434,62176,69495,38461,0.5759383452517692,0.382175541798742
28167,0.6903333333333334,3,11,3,543445,62165,69498,38458,0.5758364518878062,0.38219890084771874
28168,0.6903333333333335,1,4,1,543449,62161,69499,38457,0.5757993997554559,0.3822079548390944
28169,0.6903419913419913,1,3,1,543452,62158,69500,38456,0.5757716106561933,0.3822132108851651
28170,0.690376264258617,0,1,0,543453,62157,69500,38456,0.5757623476231057,0.38221700973035294
28171,0.6903809523809524,0,1,0,543454,62156,69500,38456,0.5757530845900182,0.38222080865105557
28172,0.6903888888888889,1,0,1,543454,62156,69501,38455,0.5757530845900182,0.3822146683762213
28173,0.6904126984126987,0,1,0,543455,62155,69501,38455,0.5757438215569306,0.3822184673491701
28174,0.6904166666666666,0,1,0,543456,62154,69501,38455,0.575734558523843,0.3822222663976384
28175,0.6904213564213564,1,1,1,543457,62153,69502,38454,0.5757252954907555,0.38221992505491664
28176,0.6904444444444445,0,1,0,543458,62152,69502,38454,0.5757160324576679,0.3822237242311592
28177,0.6904523809523809,0,3,0,543461,62149,69502,38454,0.5756882433584053,0.3822351222130553
28178,0.6904761904761904,0,1,0,543462,62148,69502,38454,0.5756789803253177,0.38223892169141765
28179,0.6905,2,7,2,543469,62141,69504,38452,0.5756141390937048,0.3822532382968994
28180,0.6905714285714286,0,1,0,543470,62140,69504,38452,0.5756048760606173,0.38225703833306823
28181,0.6905952380952382,0,1,0,543471,62139,69504,38452,0.5755956130275297,0.3822608384447913
28182,0.6905977633477636,0,2,0,543473,62137,69504,38452,0.5755770869613547,0.38226843889490897
28183,0.6906547619047617,0,1,0,543474,62136,69504,38452,0.5755678239282671,0.38227223923330816
28184,0.690654761904762,0,1,0,543475,62135,69504,38452,0.5755585608951795,0.3822760396472705
28185,0.6906666666666665,0,1,0,543476,62134,69504,38452,0.575549297862092,0.3822798401367984
28186,0.6906666666666667,4,19,4,543495,62115,69508,38448,0.5753733002334285,0.3823274961964142
28187,0.6906666666666668,2,4,2,543499,62111,69510,38446,0.5753362481010782,0.3823304195630339
28188,0.6906944444444444,0,1,0,543500,62110,69510,38446,0.5753269850679906,0.3823342217271968
28189,0.6907142857142855,0,1,0,543501,62109,69510,38446,0.5753177220349031,0.38233802396698324
28190,0.6907142857142857,0,1,0,543502,62108,69510,38446,0.5753084590018156,0.38234182628239555
28191,0.6907857142857142,0,1,0,543503,62107,69510,38446,0.575299195968728,0.3823456286734359
28192,0.6907857142857143,1,1,1,543504,62106,69511,38445,0.5752899329356405,0.3823432884804726
28193,0.6908095238095239,1,0,1,543504,62106,69512,38444,0.5752899329356405,0.3823371456986574
28194,0.6908293650793651,0,3,0,543507,62103,69512,38444,0.5752621438363777,0.3823485534128318
28195,0.6908333333333333,12,21,12,543528,62082,69524,38432,0.5750676201415391,0.3823546968581491
28196,0.6908333333333334,9,24,9,543552,62058,69533,38423,0.5748453073474379,0.38239070072949116
28197,0.6908571428571428,0,1,0,543553,62057,69533,38423,0.5748360443143503,0.38239450636942673
28198,0.6908809523809524,1,0,1,543553,62057,69534,38422,0.5748360443143503,0.3823883597567651
28199,0.6908928571428571,0,1,0,543554,62056,69534,38422,0.5748267812812627,0.38239216544915305
28200,0.6909047619047619,0,1,0,543555,62055,69534,38422,0.5748175182481752,0.3823959712172935
28201,0.690952380952381,0,2,0,543557,62053,69534,38422,0.574798992182,0.382403582980841
28202,0.691,12,29,12,543586,62024,69546,38410,0.574530364222461,0.38244020949080987
28203,0.6910000000000001,0,5,0,543591,62019,69546,38410,0.5744840490570232,0.38245924981827956
28204,0.6910238095238096,0,1,0,543592,62018,69546,38410,0.5744747860239356,0.3824630581112837
28205,0.6910238095238097,0,1,0,543593,62017,69546,38410,0.5744655229908481,0.38246686648012984
28206,0.691047619047619,0,3,0,543596,62014,69546,38410,0.5744377338915855,0.382478292041743
28207,0.6910555555555559,0,1,0,543597,62013,69546,38410,0.5744284708584979,0.38248210071397987
28208,0.6910714285714286,0,4,0,543601,62009,69546,38410,0.5743914187261477,0.3824973361614834
28209,0.6910833333333334,0,2,0,543603,62007,69546,38410,0.5743728926599726,0.38250495434040055
28210,0.6910952380952381,0,1,0,543604,62006,69546,38410,0.574363629626885,0.38250876354365837
28211,0.6911190476190475,0,2,0,543606,62004,69546,38410,0.5743451035607099,0.382516382177784
28212,0.6911309523809525,0,1,0,543607,62003,69546,38410,0.5743358405276223,0.38252019160865625
28213,0.6911666666666666,1,2,1,543609,62001,69547,38409,0.5743173144614473,0.38252166118912456
28214,0.6911666666666667,0,7,0,543616,61994,69547,38409,0.5742524732298344,0.3825483302291764
28215,0.6911904761904762,0,1,0,543617,61993,69547,38409,0.5742432101967468,0.38255214039560964
28216,0.69125,2,2,2,543619,61991,69549,38407,0.5742246841305717,0.38254746110480287
28217,0.6912619047619047,1,0,1,543619,61991,69550,38406,0.5742246841305717,0.3825413109953485
28218,0.6913095238095238,0,1,0,543620,61990,69550,38406,0.5742154210974841,0.38254512131957447
28219,0.6913333333333332,8,13,8,543633,61977,69558,38398,0.574095001667346,0.3825454545454545
28220,0.6913333333333334,1,2,1,543635,61975,69559,38397,0.5740764756011708,0.38254692543737295
28221,0.6914047619047621,0,3,0,543638,61972,69559,38397,0.5740486865019082,0.3825583596528809
28222,0.6914285714285714,2,3,2,543641,61969,69561,38395,0.5740208974026455,0.38255749073372924
28223,0.691452380952381,1,1,1,543642,61968,69562,38394,0.5740116343695579,0.3825551503557123
28224,0.6914761904761906,1,1,1,543643,61967,69563,38393,0.5740023713364704,0.3825528098844161
28225,0.6914999999999999,1,3,1,543646,61964,69564,38392,0.5739745822372078,0.38255809318824985
28226,0.6915,5,15,5,543661,61949,69569,38387,0.5738356367408944,0.3825845160261521
28227,0.6915238095238095,0,2,0,543663,61947,69569,38387,0.5738171106747193,0.382592142244902
28228,0.6915396825396825,0,1,0,543664,61946,69569,38387,0.5738078476416317,0.3825959554682906
28229,0.691547619047619,1,1,1,543665,61945,69570,38386,0.5737985846085443,0.3825936151339068
28230,0.6915476190476191,0,1,0,543666,61944,69570,38386,0.5737893215754567,0.3825974284859962
28231,0.6915707070707069,0,1,0,543667,61943,69570,38386,0.5737800585423691,0.3826012419141026
28232,0.6915714285714284,1,1,1,543668,61942,69571,38385,0.5737707955092816,0.3825989015917948
28233,0.6916666666666665,27,81,27,543749,61861,69598,38358,0.5730204898291896,0.38274179546792525
28234,0.6916666666666668,28,52,28,543801,61809,69626,38330,0.5725388121086369,0.38276795254596113
28235,0.6916904761904762,0,1,0,543802,61808,69626,38330,0.5725295490755493,0.3827717749505682
28236,0.6917023809523809,0,2,0,543804,61806,69626,38330,0.5725110230093742,0.3827794199888152
28237,0.6917142857142856,0,1,0,543805,61805,69626,38330,0.5725017599762866,0.38278324262245966
28238,0.6917142857142857,0,3,0,543808,61802,69626,38330,0.572473970877024,0.3827947109815044
28239,0.69175,0,1,0,543809,61801,69626,38330,0.5724647078439364,0.38279853392056407
28240,0.6917619047619047,0,1,0,543810,61800,69626,38330,0.5724554448108489,0.38280235693598325
28241,0.6917619047619048,0,2,0,543812,61798,69626,38330,0.5724369187446737,0.38281000319590924
28242,0.6917857142857141,0,2,0,543814,61796,69626,38330,0.5724183926784987,0.3828176497613008
28243,0.6917857142857143,0,1,0,543815,61795,69626,38330,0.5724091296454111,0.3828214731585518
28244,0.6918095238095238,0,1,0,543816,61794,69626,38330,0.5723998666123236,0.3828252966321761
28245,0.6918333333333332,0,2,0,543818,61792,69626,38330,0.5723813405461484,0.38283294380855354
28246,0.6918333333333334,2,10,2,543828,61782,69628,38328,0.5722887102152729,0.38285885525921487
28247,0.6918333333333335,0,1,0,543829,61781,69628,38328,0.5722794471821854,0.3828626796791497
28248,0.6918809523809525,0,1,0,543830,61780,69628,38328,0.5722701841490978,0.38286650417549045
28249,0.6919047619047618,0,1,0,543831,61779,69628,38328,0.5722609211160102,0.3828703287482394
28250,0.691904761904762,1,1,1,543832,61778,69629,38327,0.5722516580829227,0.3828679886119574
28251,0.6919166666666666,0,1,0,543833,61777,69629,38327,0.5722423950498351,0.38287181331415326
28252,0.6919444444444443,0,1,0,543834,61776,69629,38327,0.5722331320167475,0.3828756380927644
28253,0.6919484126984127,1,1,1,543835,61775,69630,38326,0.57222386898366,0.3828732979690513
28254,0.691952380952381,0,1,0,543836,61774,69630,38326,0.5722146059505725,0.3828771228771229
28255,0.6919852647352652,1,4,1,543840,61770,69631,38325,0.5721775538182222,0.3828862580548479
28256,0.6919999999999997,1,0,1,543840,61770,69632,38324,0.5721775538182222,0.3828800927128499
28257,0.6919999999999998,1,5,1,543845,61765,69633,38323,0.5721312386527845,0.3828930541123811
28258,0.6920000000000001,13,20,13,543865,61745,69646,38310,0.5719459779910334,0.38288941082404676
28259,0.6920416666666667,0,1,0,543866,61744,69646,38310,0.5719367149579458,0.3828932376516681
28260,0.6920476190476191,1,1,1,543867,61743,69647,38309,0.5719274519248583,0.38289089673369847
28261,0.6920833333333334,0,1,0,543868,61742,69647,38309,0.5719181888917707,0.38289472369091765
28262,0.6921428571428572,0,2,0,543870,61740,69647,38309,0.5718996628255956,0.3829023778348609
28263,0.6921666666666666,0,3,0,543873,61737,69647,38309,0.571871873726333,0.3829138596245727
28264,0.6921666666666667,0,5,0,543878,61732,69647,38309,0.5718255585608952,0.3829329974710369
28265,0.6921904761904762,0,1,0,543879,61731,69647,38309,0.5718162955278077,0.38293682526989203
28266,0.6922539682539681,0,1,0,543880,61730,69647,38309,0.5718070324947201,0.38294065314527337
28267,0.6922619047619046,0,1,0,543881,61729,69647,38309,0.5717977694616325,0.3829444810971831
28268,0.6922619047619049,2,1,2,543882,61728,69649,38307,0.571788506428545,0.3829359724096566
28269,0.6922857142857142,0,1,0,543883,61727,69649,38307,0.5717792433954574,0.38293980046784093
28270,0.6922857142857143,0,1,0,543884,61726,69649,38307,0.5717699803623698,0.38294362860256115
28271,0.6923095238095237,1,0,1,543884,61726,69650,38306,0.5717699803623698,0.3829374600127959
28272,0.6923333333333332,0,3,0,543887,61723,69650,38306,0.5717421912631072,0.3829489448060063
28273,0.6923333333333334,0,11,0,543898,61712,69650,38306,0.5716402978991441,0.3829910616089104
28274,0.6923333333333335,0,2,0,543900,61710,69650,38306,0.571621771832969,0.3829987202047672
28275,0.6923482905982905,0,2,0,543902,61708,69650,38306,0.5716032457667939,0.38300637910692503
28276,0.6923571428571429,0,1,0,543903,61707,69650,38306,0.5715939827337063,0.38301020867287255
28277,0.6923809523809524,5,3,5,543906,61704,69655,38301,0.5715661936344436,0.3829908504574771
28278,0.692387173284232,1,1,1,543907,61703,69656,38300,0.5715569306013562,0.38298851034468967
28279,0.6924523809523809,1,2,1,543909,61701,69657,38299,0.571538404535181,0.38299
28280,0.6924999999999999,1,3,1,543912,61698,69658,38298,0.5715106154359183,0.3829953198127925
28281,0.6925,56,113,56,544025,61585,69714,38242,0.5704638926970247,0.383082733128312
28282,0.6925000000000001,0,1,0,544026,61584,69714,38242,0.5704546296639371,0.38308657063290125
28283,0.6925238095238097,0,1,0,544027,61583,69714,38242,0.5704453666308497,0.3830904082143752
28284,0.6925476190476191,0,4,0,544031,61579,69714,38242,0.5704083144984994,0.3831057593091634
28285,0.6925541125541126,0,1,0,544032,61578,69714,38242,0.5703990514654118,0.3831095972750952
28286,0.6925595238095238,0,1,0,544033,61577,69714,38242,0.5703897884323242,0.38311343531792547
28287,0.6925833333333332,1,2,1,544035,61575,69715,38241,0.5703712623661492,0.383114931473912
28288,0.6926428571428572,0,1,0,544036,61574,69715,38241,0.5703619993330616,0.3831187697239894
28289,0.6926666666666665,1,2,1,544038,61572,69716,38240,0.5703434732668865,0.3831202661002685
28290,0.6926666666666667,5,17,5,544055,61555,69721,38235,0.570186001704398,0.383154624711895
28291,0.6926666666666668,4,8,4,544063,61547,69725,38231,0.5701118974396977,0.3831606165687827
28292,0.6927380952380952,0,1,0,544064,61546,69725,38231,0.5701026344066101,0.3831644567385269
28293,0.6927619047619048,0,1,0,544065,61545,69725,38231,0.5700933713735226,0.38316829698524696
28294,0.6927777777777778,1,0,1,544065,61545,69726,38230,0.5700933713735226,0.38316211475820594
28295,0.6928333333333333,0,2,0,544067,61543,69726,38230,0.5700748453073474,0.3831697954356389
28296,0.6928333333333334,0,1,0,544068,61542,69726,38230,0.5700655822742599,0.38317363588982883
28297,0.6928571428571427,2,1,2,544069,61541,69728,38228,0.5700563192411723,0.383165111407351
28298,0.692857142857143,0,1,0,544070,61540,69728,38228,0.5700470562080848,0.3831689519685671
28299,0.6928809523809524,0,1,0,544071,61539,69728,38228,0.5700377931749973,0.3831727926067738
28300,0.6929126984126985,0,1,0,544072,61538,69728,38228,0.5700285301419097,0.38317663332197344
28301,0.6929166666666666,0,3,0,544075,61535,69728,38228,0.570000741042647,0.383188155929553
28302,0.6929166666666667,0,3,0,544078,61532,69728,38228,0.5699729519433844,0.38319967923015236
28303,0.6929404761904763,0,1,0,544079,61531,69728,38228,0.5699636889102968,0.38320352048436734
28304,0.692968253968254,0,1,0,544080,61530,69728,38228,0.5699544258772092,0.38320736181559373
28305,0.6929999999999998,0,3,0,544083,61527,69728,38228,0.5699266367779465,0.38321888627136486
28306,0.693,5,18,5,544101,61509,69733,38223,0.5697599021823706,0.38325712910600407
28307,0.6930000000000001,0,2,0,544103,61507,69733,38223,0.5697413761161955,0.38326481500050136
28308,0.6930238095238096,0,1,0,544104,61506,69733,38223,0.5697321130831079,0.3832686580633517
28309,0.693047619047619,0,1,0,544105,61505,69733,38223,0.5697228500500203,0.3832725012032729
28310,0.693095238095238,0,1,0,544106,61504,69733,38223,0.5697135870169329,0.3832763444202673
28311,0.6931428571428572,2,1,2,544107,61503,69735,38221,0.5697043239838453,0.3832678191809394
28312,0.6931666666666665,0,1,0,544108,61502,69735,38221,0.5696950609507577,0.3832716625051392
28313,0.6931666666666666,3,6,3,544114,61496,69738,38218,0.5696394827522324,0.38327616984575885
28314,0.6931666666666668,0,1,0,544115,61495,69738,38218,0.5696302197191448,0.3832800136391443
28315,0.6932142857142857,0,1,0,544116,61494,69738,38218,0.5696209566860573,0.38328385750962773
28316,0.69325,0,1,0,544117,61493,69738,38218,0.5696116936529697,0.38328770145721136
28317,0.6932857142857144,1,0,1,544117,61493,69739,38217,0.5696116936529697,0.3832815163975529
28318,0.6933095238095237,1,0,1,544117,61493,69740,38216,0.5696116936529697,0.3832753312138322
28319,0.6933333333333332,34,114,34,544231,61379,69774,38182,0.5685557078809885,0.383503580719358
28320,0.6933333333333335,66,129,66,544360,61250,69840,38116,0.567360776612694,0.3835919731095143
28321,0.6933917748917747,0,1,0,544361,61249,69840,38116,0.5673515135796066,0.38359583354299803
28322,0.6934166666666667,0,1,0,544362,61248,69840,38116,0.567342250546519,0.3835996940541846
28323,0.6934761904761905,1,2,1,544364,61246,69841,38115,0.5673237244803438,0.383601211743038
28324,0.6934999999999999,5,13,5,544377,61233,69846,38110,0.5672033050502057,0.3836203859355969
28325,0.6935000000000001,1,5,1,544382,61228,69847,38109,0.5671569898847678,0.3836334900389583
28326,0.6935317460317459,1,0,1,544382,61228,69848,38108,0.5671569898847678,0.3836272851735524
28327,0.693547619047619,0,1,0,544383,61227,69848,38108,0.5671477268516804,0.3836311471284039
28328,0.6935555555555556,0,1,0,544384,61226,69848,38108,0.5671384638185928,0.38363500916101234
28329,0.6935714285714286,0,2,0,544386,61224,69848,38108,0.5671199377524176,0.3836427334595095
28330,0.6935714285714287,0,1,0,544387,61223,69848,38108,0.5671106747193301,0.38364659572540294
28331,0.6935833333333333,1,0,1,544387,61223,69849,38107,0.5671106747193301,0.3836403906171348
28332,0.6936082251082252,1,0,1,544387,61223,69850,38106,0.5671106747193301,0.38363418538392613
28333,0.6936190476190476,0,1,0,544388,61222,69850,38106,0.5671014116862425,0.3836380476804124
28334,0.6936666666666667,0,2,0,544390,61220,69850,38106,0.5670828856200675,0.3836457725066951
28335,0.6936666666666668,3,6,3,544396,61214,69853,38103,0.5670273074215421,0.3836503317659615
28336,0.6936839826839827,0,1,0,544397,61213,69853,38103,0.5670180443884546,0.38365419469169115
28337,0.6936868686868687,0,1,0,544398,61212,69853,38103,0.567008781355367,0.3836580576952122
28338,0.6937142857142856,0,2,0,544400,61210,69853,38103,0.5669902552891919,0.3836657839356378
28339,0.69375,3,6,3,544406,61204,69856,38100,0.5669346770906666,0.3836703456054137
28340,0.6937857142857143,0,1,0,544407,61203,69856,38100,0.566925414057579,0.3836742092383916
28341,0.6938095238095238,1,0,1,544407,61203,69857,38099,0.566925414057579,0.3836680026585567
28342,0.6938333333333333,0,2,0,544409,61201,69857,38099,0.5669068879914039,0.38367573011077544
28343,0.6938333333333334,0,4,0,544413,61197,69857,38099,0.5668698358590537,0.3836911859490815
28344,0.6938636363636362,1,0,1,544413,61197,69858,38098,0.5668698358590537,0.38368497910267385
28345,0.6938636363636363,0,1,0,544414,61196,69858,38098,0.5668605728259661,0.3836888432332266
28346,0.6939112554112553,0,1,0,544415,61195,69858,38098,0.5668513097928786,0.3836927074416122
28347,0.6939166666666666,0,1,0,544416,61194,69858,38098,0.566842046759791,0.38369657172783306
28348,0.6939285714285713,1,2,1,544418,61192,69859,38097,0.566823520693616,0.3836980934443896
28349,0.6939404761904763,0,1,0,544419,61191,69859,38097,0.5668142576605284,0.38370195794053663
28350,0.6939722222222221,0,1,0,544420,61190,69859,38097,0.5668049946274408,0.3837058225145286
28351,0.6939761904761906,0,1,0,544421,61189,69859,38097,0.5667957315943533,0.3837096871663679
28352,0.693997002997003,0,1,0,544422,61188,69859,38097,0.5667864685612657,0.3837135518960568
28353,0.694,3,1,3,544423,61187,69862,38094,0.5667772055281781,0.38369879433124165
28354,0.6940000000000001,19,46,19,544469,61141,69881,38075,0.5663511060061507,0.38375866795678115
28355,0.6940357142857142,0,1,0,544470,61140,69881,38075,0.5663418429730631,0.38376253590686893
28356,0.694047619047619,1,2,1,544472,61138,69882,38074,0.566323316906888,0.38376406079909686
28357,0.6941190476190476,0,4,0,544476,61134,69882,38074,0.5662862647745378,0.38377953390855574
28358,0.694126984126984,0,1,0,544477,61133,69882,38074,0.5662770017414502,0.3837834023808804
28359,0.6941428571428571,0,2,0,544479,61131,69882,38074,0.5662584756752751,0.383791139559498
28360,0.6941666666666666,12,26,12,544505,61105,69894,38062,0.5660176368149987,0.38381719725311847
28361,0.6941666666666667,14,30,14,544535,61075,69908,38048,0.5657397458223721,0.3838463323345742
28362,0.6941666666666668,0,1,0,544536,61074,69908,38048,0.5657304827892845,0.38385020479812754
28363,0.6942499999999998,0,1,0,544537,61073,69908,38048,0.5657212197561969,0.38385407733981697
28364,0.6942619047619045,0,1,0,544538,61072,69908,38048,0.5657119567231094,0.3838579499596449
28365,0.6942857142857142,0,1,0,544539,61071,69908,38048,0.5657026936900219,0.3838618226576136
28366,0.6942857142857143,1,7,1,544546,61064,69909,38047,0.565637852458409,0.38388271735730645
28367,0.6943333333333332,0,2,0,544548,61062,69909,38047,0.5656193263922339,0.3838904640345478
28368,0.6943333333333334,4,17,4,544565,61045,69913,38043,0.5654618548297454,0.3839314548683998
28369,0.6943788988788987,0,3,0,544568,61042,69913,38043,0.5654340657304828,0.3839430791744462
28370,0.6944444444444444,0,1,0,544569,61041,69913,38043,0.5654248026973953,0.3839469540995519
28371,0.694467338217338,0,3,0,544572,61038,69913,38043,0.5653970135981325,0.38395857934417293
28372,0.6944880952380953,1,0,1,544572,61038,69914,38042,0.5653970135981325,0.38395236172789665
28373,0.6944999999999999,0,6,0,544578,61032,69914,38042,0.5653414353996072,0.3839756141873751
28374,0.6945,3,11,3,544589,61021,69917,38039,0.5652395420356442,0.3839995962043206
28375,0.6945238095238095,1,2,1,544591,61019,69918,38038,0.565221015969469,0.38400113066214403
28376,0.6945476190476191,0,1,0,544592,61018,69918,38038,0.5652117529363815,0.38400500726861575
28377,0.6945714285714285,0,2,0,544594,61016,69918,38038,0.5651932268702063,0.3840127607163769
28378,0.6946388888888886,0,3,0,544597,61013,69918,38038,0.5651654377709437,0.3840243914750987
28379,0.6946666666666665,2,2,2,544599,61011,69920,38036,0.5651469117047686,0.38401970781548156
28380,0.6946666666666667,5,15,5,544614,60996,69925,38031,0.5650079662084553,0.38404677512193647
28381,0.6946764346764347,1,0,1,544614,60996,69926,38030,0.5650079662084553,0.38404055500575607
28382,0.6947499999999998,0,1,0,544615,60995,69926,38030,0.5649987031753677,0.38404443322393333
28383,0.69475,0,1,0,544616,60994,69926,38030,0.5649894401422801,0.3840483115204395
28384,0.6947500000000001,2,0,2,544616,60994,69928,38028,0.5649894401422801,0.3840358708165862
28385,0.6947619047619047,0,1,0,544617,60993,69928,38028,0.5649801771091927,0.3840397491441209
28386,0.6947619047619048,0,3,0,544620,60990,69928,38028,0.56495238800993,0.38405138459674
28387,0.6947857142857142,0,1,0,544621,60989,69928,38028,0.5649431249768424,0.38405526323762584
28388,0.6947857142857145,0,2,0,544623,60987,69928,38028,0.5649245989106673,0.38406302075443116
28389,0.6948333333333332,4,6,4,544629,60981,69932,38024,0.564869020712142,0.3840614110398465
28390,0.6948333333333333,2,5,2,544634,60976,69934,38022,0.5648227055467042,0.3840683650174751
28391,0.6948333333333335,0,1,0,544635,60975,69934,38022,0.5648134425136166,0.3840722446134731
28392,0.6948809523809524,1,0,1,544635,60975,69935,38021,0.5648134425136166,0.3840660228696109
28393,0.694952380952381,1,0,1,544635,60975,69936,38020,0.5648134425136166,0.3840598010000505
28394,0.6949761904761905,0,1,0,544636,60974,69936,38020,0.5648041794805291,0.3840636806271087
28395,0.6949999999999998,2,5,2,544641,60969,69938,38018,0.5647578643150913,0.3840706355379999
28396,0.695,197,480,197,545121,60489,70135,37821,0.5603116084330654,0.3847116264876411
28397,0.6950000000000002,2,5,2,545126,60484,70137,37819,0.5602652932676275,0.38471867593054127
28398,0.695041514041514,0,1,0,545127,60483,70137,37819,0.56025603023454,0.3847225895709141
28399,0.695047619047619,2,0,2,545127,60483,70139,37817,0.56025603023454,0.3847100712105799
28400,0.6950833333333333,0,1,0,545128,60482,70139,37817,0.5602467672014524,0.3847139848828574
28401,0.6951190476190476,0,5,0,545133,60477,70139,37817,0.5602004520360147,0.38473355443872465
28402,0.6951190476190477,0,1,0,545134,60476,70139,37817,0.5601911890029271,0.384737468588811
28403,0.6951428571428571,1,0,1,545134,60476,70140,37816,0.5601911890029271,0.384731209050584
28404,0.6951666666666665,1,0,1,545134,60476,70141,37815,0.5601911890029271,0.38472494938498947
28405,0.6951666666666667,3,5,3,545139,60471,70144,37812,0.5601448738374893,0.3847257409724978
28406,0.6951666666666668,0,1,0,545140,60470,70144,37812,0.5601356108044018,0.38472965548116644
28407,0.6951944444444444,0,1,0,545141,60469,70144,37812,0.5601263477713142,0.3847335700694946
28408,0.6952103174603177,0,1,0,545142,60468,70144,37812,0.5601170847382266,0.38473748473748476
28409,0.6952142857142857,0,1,0,545143,60467,70144,37812,0.5601078217051392,0.38474139948513925
28410,0.6952619047619047,0,2,0,545145,60465,70144,37812,0.560089295638964,0.38474922921945115
28411,0.6952857142857143,0,1,0,545146,60464,70144,37812,0.5600800326058765,0.3847531442061134
28412,0.6953333333333334,7,13,7,545159,60451,70151,37805,0.5599596131757383,0.384760218205504
28413,0.6953333333333335,1,2,1,545161,60449,70152,37804,0.5599410871095631,0.38476178844411874
28414,0.6953571428571428,0,2,0,545163,60447,70152,37804,0.559922561043388,0.3847696206654385
28415,0.6953809523809522,1,0,1,545163,60447,70153,37803,0.559922561043388,0.38476335877862594
28416,0.6953809523809524,0,1,0,545164,60446,70153,37803,0.5599132980103005,0.38476727498498714
28417,0.6954761904761904,0,1,0,545165,60445,70153,37803,0.559904034977213,0.3847711912710691
28418,0.6954761904761905,1,0,1,545165,60445,70154,37802,0.559904034977213,0.3847649292090344
28419,0.6954999999999998,1,0,1,545165,60445,70155,37801,0.559904034977213,0.38475866701952244
28420,0.6955,4,12,4,545177,60433,70159,37797,0.5597928785801622,0.3847806169194747
28421,0.6955000000000001,0,1,0,545178,60432,70159,37797,0.5597836155470748,0.38478453409889135
28422,0.6955238095238094,0,1,0,545179,60431,70159,37797,0.5597743525139872,0.3847884513580649
28423,0.6955476190476191,1,0,1,545179,60431,70160,37796,0.5597743525139872,0.384782188196728
28424,0.6955555555555556,0,1,0,545180,60430,70160,37796,0.5597650894808996,0.38478610551177894
28425,0.6955833333333333,1,1,1,545181,60429,70161,37795,0.5597558264478121,0.3847837595699625
28426,0.6955952380952382,0,3,0,545184,60426,70161,37795,0.5597280373485494,0.38479551216135044
28427,0.695607142857143,0,1,0,545185,60425,70161,37795,0.5597187743154619,0.3847994298513541
28428,0.6956111111111111,0,1,0,545186,60424,70161,37795,0.5597095112823743,0.3848033476211324
28429,0.6956666666666664,0,1,0,545187,60423,70161,37795,0.5597002482492868,0.38480726547068766
28430,0.6956666666666667,2,18,2,545205,60405,70163,37793,0.5595335136537107,0.38486527220513655
28431,0.6956666666666668,1,2,1,545207,60403,70164,37792,0.5595149875875357,0.38486684658078313
28432,0.6957142857142857,1,7,1,545214,60396,70165,37791,0.5594501463559228,0.38488801979895504
28433,0.6957460317460318,1,1,1,545215,60395,70166,37790,0.5594408833228353,0.38488567500127313
28434,0.6957777777777778,1,0,1,545215,60395,70167,37789,0.5594408833228353,0.38487941008718324
28435,0.6958095238095239,0,1,0,545216,60394,70167,37789,0.5594316202897477,0.3848833301080635
28436,0.6958174603174606,0,4,0,545220,60390,70167,37789,0.5593945681573974,0.3848990109901303
28437,0.6958333333333333,11,15,11,545235,60375,70178,37778,0.5592556226610842,0.384888897945045
28438,0.6958333333333334,11,27,11,545262,60348,70189,37767,0.5590055207677201,0.3849258523161596
28439,0.6958452380952383,0,1,0,545263,60347,70189,37767,0.5589962577346326,0.3849297755671973
28440,0.6958571428571427,0,1,0,545264,60346,70189,37767,0.5589869947015451,0.3849336988982092
28441,0.6958571428571428,2,0,2,545264,60346,70191,37765,0.5589869947015451,0.3849211607261163
28442,0.6958809523809524,0,3,0,545267,60343,70191,37765,0.5589592056022824,0.3849329310555714
28443,0.6958809523809526,0,1,0,545268,60342,70191,37765,0.5589499425691948,0.384936854658689
28444,0.6958888888888889,0,1,0,545269,60341,70191,37765,0.5589406795361073,0.3849407783417936
28445,0.6959047619047618,1,0,1,545269,60341,70192,37764,0.5589406795361073,0.38493450894449827
28446,0.6959166666666665,1,0,1,545269,60341,70193,37763,0.5589406795361073,0.3849282394193917
28447,0.6959285714285715,0,1,0,545270,60340,70193,37763,0.5589314165030197,0.3849321631346646
28448,0.6959523809523809,0,1,0,545271,60339,70193,37763,0.5589221534699322,0.3849360869299301
28449,0.695952380952381,0,1,0,545272,60338,70193,37763,0.5589128904368447,0.3849400108051906
28450,0.696,19,50,19,545322,60288,70212,37744,0.558449738782467,0.38501713726130243
28451,0.6960000000000001,0,1,0,545323,60287,70212,37744,0.5584404757493794,0.38502106476522735
28452,0.6960714285714286,0,1,0,545324,60286,70212,37744,0.5584312127162918,0.38502499234928084
28453,0.6961190476190475,1,0,1,545324,60286,70213,37743,0.5584312127162918,0.38501871895051465
28454,0.6961666666666666,0,1,0,545325,60285,70213,37743,0.5584219496832042,0.38502264659076996
28455,0.6961666666666667,2,7,2,545332,60278,70215,37741,0.5583571084515914,0.38503759475203786
28456,0.6961703296703295,0,1,0,545333,60277,70215,37741,0.5583478454185038,0.3850415229855741
28457,0.6961904761904762,2,0,2,545333,60277,70217,37739,0.5583478454185038,0.38502897486124715
28458,0.6962222222222222,0,1,0,545334,60276,70217,37739,0.5583385823854162,0.3850329031270724
28459,0.69625,2,7,2,545341,60269,70219,37737,0.5582737411538033,0.38504785421300736
28460,0.696277777777778,1,0,1,545341,60269,70220,37736,0.5582737411538033,0.3850415795112494
28461,0.6962857142857143,0,2,0,545343,60267,70220,37736,0.5582552150876283,0.38504943726212465
28462,0.6963095238095238,0,2,0,545345,60265,70220,37736,0.5582366890214532,0.3850572953337211
28463,0.6963333333333332,2,10,2,545355,60255,70222,37734,0.5581440586905776,0.3850840400453112
28464,0.6963333333333334,0,2,0,545357,60253,70222,37734,0.5581255326244026,0.3850918999459112
28465,0.6963809523809523,0,3,0,545360,60250,70222,37734,0.5580977435251399,0.3851036903984324
28466,0.6963888888888888,0,1,0,545361,60249,70222,37734,0.5580884804920523,0.38510762070971494
28467,0.6964285714285715,1,0,1,545361,60249,70223,37733,0.5580884804920523,0.38510134514502664
28468,0.696452380952381,0,1,0,545362,60248,70223,37733,0.5580792174589647,0.3851052755125994
28469,0.6964682539682541,0,1,0,545363,60247,70223,37733,0.5580699544258773,0.3851092059604001
28470,0.6964999999999998,0,2,0,545365,60245,70223,37733,0.5580514283597021,0.3851170670966952
28471,0.6964999999999999,1,0,1,545365,60245,70224,37732,0.5580514283597021,0.38511079130816417
28472,0.6965,4,18,4,545383,60227,70228,37728,0.5578846937641261,0.385156449390026
28473,0.6965714285714286,0,1,0,545384,60226,70228,37728,0.5578754307310386,0.38516038140351594
28474,0.6965873015873016,0,1,0,545385,60225,70228,37728,0.557866167697951,0.3851643134972895
28475,0.6966190476190477,1,1,1,545386,60224,70229,37727,0.5578569046648635,0.3851619687394718
28476,0.6966428571428572,0,1,0,545387,60223,70229,37727,0.5578476416317759,0.38516590096988257
28477,0.6966666666666665,65,155,65,545542,60068,70294,37662,0.556411871503205,0.3853678501995293
28478,0.6966666666666668,37,94,37,545636,59974,70331,37625,0.5555411463929749,0.3855059990368754
28479,0.6967142857142857,1,2,1,545638,59972,70332,37624,0.5555226203267998,0.38550760277060536
28480,0.6967222222222221,0,1,0,545639,59971,70332,37624,0.5555133572937122,0.38551155284594496
28481,0.6967222222222224,2,0,2,545639,59971,70334,37622,0.5555133572937122,0.38549895996639105
28482,0.6967857142857143,0,2,0,545641,59969,70334,37622,0.5554948312275372,0.3855068602637538
28483,0.6967857142857145,0,1,0,545642,59968,70334,37622,0.5554855681944496,0.38551081053386616
28484,0.6968095238095238,0,2,0,545644,59966,70334,37622,0.5554670421282745,0.3855187113169652
28485,0.6968293650793652,0,1,0,545645,59965,70334,37622,0.5554577790951869,0.38552266182995687
28486,0.6968333333333334,1,6,1,545651,59959,70335,37621,0.5554022008966616,0.38554006968641114
28487,0.6969047619047619,0,1,0,545652,59958,70335,37621,0.555392937863574,0.38554402074216787
28488,0.6969166666666666,0,1,0,545653,59957,70335,37621,0.5553836748304865,0.3855479718789071
28489,0.6969285714285713,1,0,1,545653,59957,70336,37620,0.5553836748304865,0.3855416747799174
28490,0.6969444444444445,1,1,1,545654,59956,70337,37619,0.555374411797399,0.38553932872149627
28491,0.6969444444444446,1,0,1,545654,59956,70338,37618,0.555374411797399,0.3855330313403161
28492,0.6969999999999998,1,3,1,545657,59953,70339,37617,0.5553466226981363,0.38553858768063953
28493,0.6970000000000001,2,21,2,545678,59932,70341,37615,0.5551520990032976,0.38560898848760083
28494,0.6970000000000002,0,1,0,545679,59931,70341,37615,0.5551428359702101,0.38561294158653353
28495,0.6970134031774898,0,2,0,545681,59929,70341,37615,0.5551243099040349,0.3856208480275568
28496,0.6970238095238095,0,1,0,545682,59928,70341,37615,0.5551150468709474,0.3856248013696524
28497,0.6970793650793651,1,1,1,545683,59927,70342,37614,0.5551057838378599,0.3856224561979065
28498,0.6971071428571429,0,1,0,545684,59926,70342,37614,0.5550965208047723,0.38562640967808076
28499,0.6971190476190477,0,1,0,545685,59925,70342,37614,0.5550872577716848,0.38563036323931965
28500,0.6971428571428572,0,4,0,545689,59921,70342,37614,0.5550502056393345,0.38564617829497105
28501,0.6971666666666665,1,4,1,545693,59917,70343,37613,0.5550131535069843,0.3856556956833795
28502,0.6971666666666667,4,11,4,545704,59906,70347,37609,0.5549112601430213,0.3856739988719684
28503,0.6971825396825397,0,1,0,545705,59905,70347,37609,0.5549019971099337,0.38567795393481963
28504,0.6972619047619046,1,2,1,545707,59903,70348,37608,0.5548834710437586,0.3856795643568418
28505,0.6972857142857143,0,1,0,545708,59902,70348,37608,0.554874208010671,0.3856835196390114
28506,0.6973246753246753,0,1,0,545709,59901,70348,37608,0.5548649449775834,0.3856874750023075
28507,0.6973333333333332,1,9,1,545718,59892,70349,37607,0.5547815776797955,0.3857167765823239
28508,0.6973333333333334,8,18,8,545736,59874,70357,37599,0.5546148430842195,0.3857375888707642
28509,0.6973333333333335,0,2,0,545738,59872,70357,37599,0.5545963170180443,0.38574550379087114
28510,0.6974285714285715,0,1,0,545739,59871,70357,37599,0.5545870539849568,0.3857494613727301
28511,0.6974761904761904,0,1,0,545740,59870,70357,37599,0.5545777909518693,0.385753419035796
28512,0.6974819347319345,0,3,0,545743,59867,70357,37599,0.5545500018526066,0.38576529251226066
28513,0.6974999999999999,2,0,2,545743,59867,70359,37597,0.5545500018526066,0.385752688172043
28514,0.6975,58,131,58,545874,59736,70417,37539,0.553336544518137,0.3859059367771781
28515,0.6975000000000001,1,2,1,545876,59734,70418,37538,0.5533180184519619,0.38590755818735095
28516,0.6975140692640693,1,1,1,545877,59733,70419,37537,0.5533087554188744,0.3859052122956718
28517,0.6975238095238094,0,2,0,545879,59731,70419,37537,0.5532902293526992,0.3859131471809845
28518,0.697547619047619,0,1,0,545880,59730,70419,37537,0.5532809663196117,0.3859171147460084
28519,0.6975555555555556,1,0,1,545880,59730,70420,37536,0.5532809663196117,0.385910801307754
28520,0.6975714285714285,1,0,1,545880,59730,70421,37535,0.5532809663196117,0.3859044877396803
28521,0.6975833333333332,0,1,0,545881,59729,70421,37535,0.5532717032865241,0.385908455338049
28522,0.697611111111111,0,1,0,545882,59728,70421,37535,0.5532624402534366,0.3859124230180027
28523,0.6976190476190477,1,2,1,545884,59726,70422,37534,0.5532439141872615,0.3859140448282953
28524,0.697642857142857,0,2,0,545886,59724,70422,37534,0.5532253881210863,0.3859219807110983
28525,0.6976666666666665,0,2,0,545888,59722,70422,37534,0.5532068620549112,0.3859299169202928
28526,0.6976666666666667,8,8,8,545896,59714,70430,37526,0.5531327577902109,0.38591114767585355
28527,0.6976666666666668,2,3,2,545899,59711,70432,37524,0.5531049686909482,0.3859104232015221
28528,0.6977380952380952,1,0,1,545899,59711,70433,37523,0.5531049686909482,0.3859041076166773
28529,0.6977777777777777,0,2,0,545901,59709,70433,37523,0.553086442624773,0.38591204541714663
28530,0.6978333333333333,1,4,1,545905,59705,70434,37522,0.5530493904924229,0.38592160613821264
28531,0.6978333333333334,1,0,1,545905,59705,70435,37521,0.5530493904924229,0.38591529014872566
28532,0.6978571428571427,0,2,0,545907,59703,70435,37521,0.5530308644262477,0.38592322883238706
28533,0.6979047619047618,1,1,1,545908,59702,70436,37520,0.5530216013931601,0.3859208821048734
28534,0.6979166666666665,1,0,1,545908,59702,70437,37519,0.5530216013931601,0.38591456578311273
28535,0.6979761904761905,0,1,0,545909,59701,70437,37519,0.5530123383600726,0.38591853528080644
28536,0.6979999999999998,0,1,0,545910,59700,70437,37519,0.5530030753269851,0.38592250486016105
28537,0.698,11,40,11,545950,59660,70448,37508,0.5526325540034829,0.38601185575498104
28538,0.6980000000000001,1,4,1,545954,59656,70449,37507,0.5525955018711327,0.38602142790980104
28539,0.6980303030303031,0,1,0,545955,59655,70449,37507,0.5525862388380451,0.386025400876886
28540,0.698047619047619,0,1,0,545956,59654,70449,37507,0.5525769758049576,0.3860293739257521
28541,0.6980873015873016,0,1,0,545957,59653,70449,37507,0.55256771277187,0.3860333470564018
28542,0.698095238095238,0,1,0,545958,59652,70449,37507,0.5525584497387824,0.3860373202688377
28543,0.6981150793650793,1,0,1,545958,59652,70450,37506,0.5525584497387824,0.38603100104983634
28544,0.6981168831168831,0,2,0,545960,59650,70450,37506,0.5525399236726074,0.3860389476717856
28545,0.6981190476190478,0,1,0,545961,59649,70450,37506,0.5525306606395198,0.3860429211054501
28546,0.6981666666666665,0,1,0,545962,59648,70450,37506,0.5525213976064323,0.38604689462091113
28547,0.6981666666666666,4,7,4,545969,59641,70454,37502,0.5524565563748194,0.38604943228024663
28548,0.6981666666666668,1,1,1,545970,59640,70455,37501,0.5524472933417318,0.3860470861942949
28549,0.6982222222222222,2,2,2,545972,59638,70457,37499,0.5524287672755567,0.38604239373256327
28550,0.6982380952380951,0,1,0,545973,59637,70457,37499,0.5524195042424691,0.38604636797891617
28551,0.6982727272727273,0,1,0,545974,59636,70457,37499,0.5524102412093816,0.3860503423070984
28552,0.6983333333333331,0,1,0,545975,59635,70457,37499,0.5524009781762941,0.38605431671711243
28553,0.6983333333333333,17,52,17,546027,59583,70474,37482,0.5519193004557412,0.38615360840673774
28554,0.6983333333333335,33,87,33,546114,59496,70507,37449,0.551113416577124,0.3862911960389912
28555,0.6983809523809523,1,0,1,546114,59496,70508,37448,0.551113416577124,0.3862848654893547
28556,0.6984047619047619,0,2,0,546116,59494,70508,37448,0.551094890510949,0.3862928348909657
28557,0.6984126984126986,0,1,0,546117,59493,70508,37448,0.5510856274778614,0.38629681971508445
28558,0.6984444444444445,0,1,0,546118,59492,70508,37448,0.5510763644447738,0.3863008046214153
28559,0.698452380952381,0,1,0,546119,59491,70508,37448,0.5510671014116862,0.3863047896099609
28560,0.6984999999999999,4,11,4,546130,59480,70512,37444,0.5509652080477232,0.38632330485741406
28561,0.6985000000000001,1,3,1,546133,59477,70513,37443,0.5509374189484605,0.38632893107717703
28562,0.6985000000000002,0,2,0,546135,59475,70513,37443,0.5509188928822853,0.38633690336160464
28563,0.6985595238095237,0,4,0,546139,59471,70513,37443,0.5508818407499352,0.386352848917597
28564,0.6985714285714286,0,1,0,546140,59470,70513,37443,0.5508725777168476,0.3863568355122636
28565,0.6986111111111112,0,1,0,546141,59469,70513,37443,0.55086331468376,0.3863608221892026
28566,0.6986150793650794,0,1,0,546142,59468,70513,37443,0.5508540516506725,0.38636480894841657
28567,0.6986190476190477,1,0,1,546142,59468,70514,37442,0.5508540516506725,0.3863584769373646
28568,0.6986349206349206,0,1,0,546143,59467,70514,37442,0.5508447886175849,0.38636246375465644
28569,0.6986428571428571,0,1,0,546144,59466,70514,37442,0.5508355255844974,0.38636645065422875
28570,0.6986666666666665,1,2,1,546146,59464,70515,37441,0.5508169995183223,0.3863680924616893
28571,0.6986666666666668,3,14,3,546160,59450,70518,37438,0.5506873170550965,0.38640492114606556
28572,0.6986904761904761,1,0,1,546160,59450,70519,37437,0.5506873170550965,0.38639858804586785
28573,0.6986904761904762,1,0,1,546160,59450,70520,37436,0.5506873170550965,0.38639225481493716
28574,0.6986904761904763,0,1,0,546161,59449,70520,37436,0.550678054022009,0.38639624296846775
28575,0.6987142857142855,0,1,0,546162,59448,70520,37436,0.5506687909889214,0.3864002312043268
28576,0.69875,1,3,1,546165,59445,70521,37435,0.5506410018896587,0.38640586292320395
28577,0.6987640692640693,0,1,0,546166,59444,70521,37435,0.5506317388565712,0.3864098514641976
28578,0.6988095238095238,2,2,2,546168,59442,70523,37433,0.5506132127903961,0.3864051612903226
28579,0.6988333333333333,1,10,1,546178,59432,70524,37432,0.5505205824595205,0.3864387182028411
28580,0.6988333333333334,1,4,1,546182,59428,70525,37431,0.5504835303271703,0.386448342435912
28581,0.6988571428571428,0,1,0,546183,59427,70525,37431,0.5504742672940828,0.3864523322802453
28582,0.6988888888888889,2,1,2,546184,59426,70527,37429,0.5504650042609952,0.3864436528831759
28583,0.6989166666666666,0,1,0,546185,59425,70527,37429,0.5504557412279076,0.38644764284386807
28584,0.6989285714285713,1,0,1,546185,59425,70528,37428,0.5504557412279076,0.38644130796154996
28585,0.6989444444444445,0,1,0,546186,59424,70528,37428,0.5504464781948201,0.38644529798042376
28586,0.6989960317460318,0,2,0,546188,59422,70528,37428,0.550427952128645,0.3864532782653588
28587,0.699,0,4,0,546192,59418,70528,37428,0.5503908999962948,0.38646923982405057
28588,0.6990000000000001,9,21,9,546213,59397,70537,37419,0.5501963763014561,0.38649603371343577
28589,0.699047619047619,1,4,1,546217,59393,70538,37418,0.550159324169106,0.38650566567848693
28590,0.6990952380952382,0,1,0,546218,59392,70538,37418,0.5501500611360184,0.38650965809317217
28591,0.6991428571428571,1,1,1,546219,59391,70539,37417,0.5501407981029308,0.3865073134451698
28592,0.699154761904762,0,1,0,546220,59390,70539,37417,0.5501315350698432,0.38651130600059913
28593,0.6991666666666666,6,35,6,546255,59355,70545,37411,0.5498073289117789,0.38661306657296984
28594,0.6991666666666667,10,38,10,546293,59317,70555,37401,0.5494553336544518,0.38670154469695406
28595,0.6992142857142858,0,2,0,546295,59315,70555,37401,0.5494368075882767,0.3867095413375243
28596,0.6992619047619048,0,1,0,546296,59314,70555,37401,0.5494275445551892,0.3867135397818332
28597,0.6992857142857143,1,1,1,546297,59313,70556,37400,0.5494182815221016,0.3867111970469327
28598,0.6992857142857144,0,1,0,546298,59312,70556,37400,0.549409018489014,0.3867151956323931
28599,0.6993333333333333,1,3,1,546301,59309,70557,37399,0.5493812293897514,0.38672085039500353
28600,0.6993333333333334,8,19,8,546320,59290,70565,37391,0.5492052317610878,0.3867461031640136
28601,0.6993333333333335,0,1,0,546321,59289,70565,37391,0.5491959687280003,0.3867501034340091
28602,0.6993809523809523,0,2,0,546323,59287,70565,37391,0.5491774426618252,0.3867581042222636
28603,0.6994155844155844,1,0,1,546323,59287,70566,37390,0.5491774426618252,0.3867517610186497
28604,0.6994444444444443,0,1,0,546324,59286,70566,37390,0.5491681796287377,0.38675576151268154
28605,0.6994523809523809,0,1,0,546325,59285,70566,37390,0.5491589165956501,0.38675976208947505
28606,0.6994761904761903,0,2,0,546327,59283,70566,37390,0.5491403905294749,0.38676776349135744
28607,0.6994999999999999,0,1,0,546328,59282,70566,37390,0.5491311274963874,0.3867717643164515
28608,0.6995,1,7,1,546335,59275,70567,37389,0.5490662862647745,0.38679342878424233
28609,0.6995833333333334,0,2,0,546337,59273,70567,37389,0.5490477601985995,0.386801431793259
28610,0.6996190476190476,1,0,1,546337,59273,70568,37388,0.5490477601985995,0.3867950879879165
28611,0.6996190476190478,0,1,0,546338,59272,70568,37388,0.5490384971655119,0.3867990895923857
28612,0.6996428571428571,2,0,2,546338,59272,70570,37386,0.5490384971655119,0.3867864015394484
28613,0.6996428571428572,0,1,0,546339,59271,70570,37386,0.5490292341324243,0.38679040317824886
28614,0.6996666666666665,1,1,1,546340,59270,70571,37385,0.5490199710993368,0.3867880606280068
28615,0.6996666666666667,5,13,5,546353,59257,70576,37380,0.5488995516691986,0.38680836532591034
28616,0.6996666666666669,0,2,0,546355,59255,70576,37380,0.5488810256030234,0.3868163708801159
28617,0.6996904761904762,0,1,0,546356,59254,70576,37380,0.5488717625699359,0.38682037378148476
28618,0.6998333333333332,2,3,2,546359,59251,70578,37378,0.5488439734706733,0.386819691810947
28619,0.6998333333333333,2,6,2,546365,59245,70580,37376,0.548788395272148,0.3868310201715983
28620,0.6998333333333335,0,1,0,546366,59244,70580,37376,0.5487791322390604,0.38683502380459533
28621,0.6998769841269841,0,2,0,546368,59242,70580,37376,0.5487606061728852,0.3868430313192159
28622,0.6998809523809524,1,2,1,546370,59240,70581,37375,0.5487420801067101,0.38684469285307665
28623,0.6999999999999998,2,2,2,546372,59238,70583,37373,0.5487235540405351,0.38684000786659906
28624,0.7,658,1423,658,547795,57815,71241,36715,0.5355422579569454,0.3883952184491696
28625,0.7000000000000002,2,4,2,547799,57811,71243,36713,0.5355052058245952,0.3883987135542296
28626,0.7000952380952381,0,1,0,547800,57810,71243,36713,0.5354959427915077,0.3884028225934429
28627,0.700111111111111,0,1,0,547801,57809,71243,36713,0.5354866797584201,0.38840693171959967
28628,0.7001475468975467,0,1,0,547802,57808,71243,36713,0.5354774167253326,0.3884110409327028
28629,0.7001666666666665,0,1,0,547803,57807,71243,36713,0.535468153692245,0.38841515023275497
28630,0.7001666666666666,3,6,3,547809,57801,71246,36710,0.5354125754937197,0.3884203955095174
28631,0.7001904761904761,0,1,0,547810,57800,71246,36710,0.5354033124606321,0.38842450534334994
28632,0.700206349206349,0,2,0,547812,57798,71246,36710,0.535384786394457,0.3884327252719347
28633,0.7002777777777779,0,1,0,547813,57797,71246,36710,0.5353755233613694,0.38843683536669243
28634,0.7003095238095238,1,0,1,547813,57797,71247,36709,0.5353755233613694,0.3884303642096798
28635,0.700333333333333,0,1,0,547814,57796,71247,36709,0.5353662603282819,0.38843447436643563
28636,0.7003333333333334,5,11,5,547825,57785,71252,36704,0.5352643669643188,0.3884473324937294
28637,0.7003571428571428,0,1,0,547826,57784,71252,36704,0.5352551039312312,0.3884514435695538
28638,0.7003571428571429,0,1,0,547827,57783,71252,36704,0.5352458408981436,0.38845555473239707
28639,0.7004166666666666,0,1,0,547828,57782,71252,36704,0.5352365778650562,0.38845966598226195
28640,0.7004166666666667,0,2,0,547830,57780,71252,36704,0.535218051798881,0.3884678887430676
28641,0.7005,1,11,1,547841,57769,71253,36703,0.5351161584349179,0.38850664747226693
28642,0.7005555555555554,1,0,1,547841,57769,71254,36702,0.5351161584349179,0.388500174656773
28643,0.7006666666666664,0,2,0,547843,57767,71254,36702,0.5350976323687429,0.38850839958081484
28644,0.7006666666666667,3,6,3,547849,57761,71257,36699,0.5350420541702176,0.38851365657421133
28645,0.7006666666666668,2,4,2,547853,57757,71259,36697,0.5350050020378673,0.38851716179304213
28646,0.7007051282051282,0,1,0,547854,57756,71259,36697,0.5349957390047797,0.3885212751315469
28647,0.7007142857142857,5,3,5,547857,57753,71264,36692,0.5349679499055171,0.38850124411032877
28648,0.7007261904761904,0,1,0,547858,57752,71264,36692,0.5349586868724295,0.3885053576722714
28649,0.7007380952380953,0,2,0,547860,57750,71264,36692,0.5349401608062544,0.3885135850574956
28650,0.70075,0,1,0,547861,57749,71264,36692,0.5349308977731668,0.3885176988807827
28651,0.7007539682539684,0,1,0,547862,57748,71264,36692,0.5349216347400793,0.3885218127911902
28652,0.7007777777777777,1,0,1,547862,57748,71265,36691,0.5349216347400793,0.38851533794301085
28653,0.7007857142857142,1,0,1,547862,57748,71266,36690,0.5349216347400793,0.3885088629577077
28654,0.7008333333333332,0,1,0,547863,57747,71266,36690,0.5349123717069917,0.3885129769052384
28655,0.7008333333333333,9,21,9,547884,57726,71275,36681,0.534717848012153,0.3885411039435635
28656,0.7008333333333334,12,31,12,547915,57695,71287,36669,0.5344306939864389,0.38859098808867787
28657,0.7008452380952381,1,1,1,547916,57694,71288,36668,0.5344214309533514,0.3885886267777283
28658,0.7009523809523809,0,2,0,547918,57692,71288,36668,0.5344029048871762,0.38859686307757524
28659,0.700952380952381,1,2,1,547920,57690,71289,36667,0.5343843788210011,0.3885986201341713
28660,0.701,7,30,7,547950,57660,71296,36660,0.5341064878283746,0.388676844783715
28661,0.7010000000000001,0,2,0,547952,57658,71296,36660,0.5340879617621994,0.38868508662185375
28662,0.7010714285714286,1,0,1,547952,57658,71297,36659,0.5340879617621994,0.3886786051295101
28663,0.7011190476190475,0,1,0,547953,57657,71297,36659,0.5340786987291118,0.3886827261546291
28664,0.7011309523809524,2,0,2,547953,57657,71299,36657,0.5340786987291118,0.3886697627075514
28665,0.701142857142857,0,1,0,547954,57656,71299,36657,0.5340694356960243,0.3886738837699999
28666,0.7011428571428572,0,2,0,547956,57654,71299,36657,0.5340509096298492,0.38868212615707604
28667,0.7011666666666666,1,3,1,547959,57651,71300,36656,0.5340231205305865,0.3886880083132747
28668,0.7011666666666667,3,8,3,547967,57643,71303,36653,0.5339490162658861,0.3887015355900568
28669,0.7011904761904763,0,1,0,547968,57642,71303,36653,0.5339397532327985,0.3887056577761281
28670,0.7012222222222223,0,1,0,547969,57641,71303,36653,0.533930490199711,0.388709780049632
28671,0.7012500000000002,0,1,0,547970,57640,71303,36653,0.5339212271666235,0.3887139024105713
28672,0.7012716450216451,0,1,0,547971,57639,71303,36653,0.5339119641335359,0.3887180248589488
28673,0.7012777777777778,0,1,0,547972,57638,71303,36653,0.5339027011004484,0.38872214739476724
28674,0.7013095238095238,1,2,1,547974,57636,71304,36652,0.5338841750342732,0.38872390972340065
28675,0.7013253968253967,0,1,0,547975,57635,71304,36652,0.5338749120011856,0.38872803249652654
28676,0.7013333333333333,4,9,4,547984,57626,71308,36648,0.5337915447033977,0.3887392069923839
28677,0.7013333333333334,2,4,2,547988,57622,71310,36646,0.5337544925710475,0.3887427334832605
28678,0.7013888888888888,1,2,1,547990,57620,71311,36645,0.5337359665048723,0.38874449689704554
28679,0.7014166666666667,0,1,0,547991,57619,71311,36645,0.5337267034717847,0.388748620894509
28680,0.7014166666666668,0,1,0,547992,57618,71311,36645,0.5337174404386973,0.3887527449794723
28681,0.7014285714285714,2,2,2,547994,57616,71313,36643,0.5336989143725221,0.38874802406136283
28682,0.7014761904761906,0,1,0,547995,57615,71313,36643,0.5336896513394346,0.38875214835876
28683,0.7014999999999999,1,4,1,547999,57611,71314,36642,0.5336525992070844,0.38876216141661274
28684,0.7015,1,10,1,548009,57601,71315,36641,0.5335599688762088,0.3887969270601218
28685,0.7015530303030303,0,1,0,548010,57600,71315,36641,0.5335507058431213,0.38880105262040937
28686,0.7015714285714286,0,2,0,548012,57598,71315,36641,0.5335321797769461,0.38880930400365027
28687,0.7016111111111113,0,1,0,548013,57597,71315,36641,0.5335229167438587,0.3888134298266092
28688,0.7016190476190475,0,2,0,548015,57595,71315,36641,0.5335043906776835,0.38882168173521797
28689,0.7016666666666665,28,73,28,548088,57522,71343,36613,0.532828189262292,0.38894141392680726
28690,0.7016666666666667,21,57,21,548145,57465,71364,36592,0.5323001963763014,0.38904068809339015
28691,0.7016904761904761,0,1,0,548146,57464,71364,36592,0.5322909333432139,0.3890448243599558
28692,0.7017380952380953,0,1,0,548147,57463,71364,36592,0.5322816703101263,0.3890489607144756
28693,0.7017619047619048,0,1,0,548148,57462,71364,36592,0.5322724072770388,0.3890530971569524
28694,0.7017857142857141,0,1,0,548149,57461,71364,36592,0.5322631442439513,0.38905723368738904
28695,0.7017857142857143,0,1,0,548150,57460,71364,36592,0.5322538812108637,0.3890613703057883
28696,0.7018333333333332,2,4,2,548154,57456,71366,36590,0.5322168290785134,0.3890649256746698
28697,0.7018333333333334,4,6,4,548160,57450,71370,36586,0.5321612508799881,0.3890637628142414
28698,0.7019285714285713,0,1,0,548161,57449,71370,36586,0.5321519878469005,0.38906790024990695
28699,0.701952380952381,1,0,1,548161,57449,71371,36585,0.5321519878469005,0.3890614033222026
28700,0.7019999999999998,1,3,1,548164,57446,71372,36584,0.5321241987476379,0.3890673189407636
28701,0.7020000000000001,7,27,7,548191,57419,71379,36577,0.531874096854274,0.3891335801523469
28702,0.7020000000000002,1,2,1,548193,57417,71380,36576,0.5318555707880989,0.38913536114391495
28703,0.7020476190476191,1,1,1,548194,57416,71381,36575,0.5318463077550113,0.38913300209594537
28704,0.7020555555555554,0,1,0,548195,57415,71381,36575,0.5318370447219237,0.38913714224917545
28705,0.7021212121212121,0,1,0,548196,57414,71381,36575,0.5318277816888362,0.3891412824905042
28706,0.7021428571428572,0,2,0,548198,57412,71381,36575,0.5318092556226611,0.389149563237469
28707,0.7021666666666665,1,3,1,548201,57409,71382,36574,0.5317814665233984,0.3891554855665386
28708,0.7021666666666667,6,6,6,548207,57403,71388,36568,0.5317258883248731,0.389141330836109
28709,0.702202380952381,1,0,1,548207,57403,71389,36567,0.5317258883248731,0.3891348302649782
28710,0.7022222222222223,1,1,1,548208,57402,71390,36566,0.5317166252917855,0.389132470628299
28711,0.7022499999999999,0,1,0,548209,57401,71390,36566,0.531707362258698,0.38913661178924513
28712,0.7022777777777776,0,1,0,548210,57400,71390,36566,0.5316980992256104,0.389140753038333
28713,0.7022857142857144,0,2,0,548212,57398,71390,36566,0.5316795731594354,0.38914903580094506
28714,0.7023095238095237,0,1,0,548213,57397,71390,36566,0.5316703101263478,0.38915317731447485
28715,0.702318668345758,0,5,0,548218,57392,71390,36566,0.53162399496091,0.38917388620447435
28716,0.7023293650793652,1,4,1,548222,57388,71391,36565,0.5315869428285598,0.38918395367896713
28717,0.7023333333333333,3,2,3,548224,57386,71394,36562,0.5315684167623846,0.3891727338527696
28718,0.7023333333333334,1,10,1,548234,57376,71395,36561,0.5314757864315092,0.38920766045328253
28719,0.7023571428571428,0,1,0,548235,57375,71395,36561,0.5314665233984216,0.3892118037812979
28720,0.7023571428571429,0,3,0,548238,57372,71395,36561,0.5314387342991589,0.38922423429465686
28721,0.7023809523809524,1,1,1,548239,57371,71396,36560,0.5314294712660713,0.3892218756321129
28722,0.702404761904762,0,2,0,548241,57369,71396,36560,0.5314109451998963,0.3892301632083808
28723,0.7024920634920635,0,1,0,548242,57368,71396,36560,0.5314016821668087,0.38923430712886464
28724,0.7024999999999999,1,1,1,548243,57367,71397,36559,0.5313924191337212,0.3892319485552456
28725,0.7025,50,110,50,548353,57257,71447,36509,0.5303734854940901,0.389362882068127
28726,0.7025000000000001,0,4,0,548357,57253,71447,36509,0.53033643336174,0.3893794927582603
28727,0.7025021645021644,0,1,0,548358,57252,71447,36509,0.5303271703286524,0.3893836456522435
28728,0.702560606060606,1,1,1,548359,57251,71448,36508,0.5303179072955648,0.3893812860632046
28729,0.7025952380952382,1,0,1,548359,57251,71449,36507,0.5303179072955648,0.3893747733526739
28730,0.7026190476190476,3,5,3,548364,57246,71452,36504,0.5302715921301271,0.389376
28731,0.7026666666666666,0,5,0,548369,57241,71452,36504,0.5302252769646894,0.38939676782761745
28732,0.7026666666666667,7,24,7,548393,57217,71459,36497,0.530002964170588,0.38945088247220266
28733,0.7026666666666668,1,6,1,548399,57211,71460,36496,0.5299473859720627,0.38946930325375906
28734,0.7027380952380952,0,1,0,548400,57210,71460,36496,0.5299381229389751,0.3894734595436792
28735,0.7027777777777777,1,0,1,548400,57210,71461,36495,0.5299381229389751,0.38946694413318395
28736,0.7028333333333333,1,11,1,548411,57199,71462,36494,0.5298362295750121,0.38950615307440256
28737,0.7028333333333334,1,4,1,548415,57195,71463,36493,0.5297991774426618,0.38951626675774914
28738,0.7028571428571427,0,1,0,548416,57194,71463,36493,0.5297899144095742,0.389520424391858
28739,0.7029047619047618,0,1,0,548417,57193,71463,36493,0.5297806513764867,0.3895245821147236
28740,0.7029166666666665,1,1,1,548418,57192,71464,36492,0.5297713883433992,0.3895222236454464
28741,0.7029444444444445,0,1,0,548419,57191,71464,36492,0.5297621253103116,0.3895263815206601
28742,0.7029523809523809,1,2,1,548421,57189,71465,36491,0.5297435992441365,0.38952818104184456
28743,0.7029999999999998,0,2,0,548423,57187,71465,36491,0.5297250731779614,0.38953649736330836
28744,0.703,5,21,5,548444,57166,71470,36486,0.5295305494831227,0.3895912527228463
28745,0.7030000000000001,0,5,0,548449,57161,71470,36486,0.529484234317685,0.38961205377641567
28746,0.7030238095238096,0,1,0,548450,57160,71470,36486,0.5294749712845974,0.38961621425367876
28747,0.703047619047619,0,1,0,548451,57159,71470,36486,0.5294657082515098,0.38962037481979817
28748,0.7030714285714285,0,1,0,548452,57158,71470,36486,0.5294564452184223,0.3896245354747768
28749,0.7030952380952381,1,0,1,548452,57158,71471,36485,0.5294564452184223,0.3896180173638179
28750,0.7030952380952382,1,0,1,548452,57158,71472,36484,0.5294564452184223,0.38961149911364557
28751,0.7031388888888889,0,2,0,548454,57156,71472,36484,0.5294379191522472,0.3896198205894917
28752,0.7031666666666666,3,10,3,548464,57146,71475,36481,0.5293452888213717,0.3896418768090401
28753,0.7031666666666667,2,3,2,548467,57143,71477,36479,0.529317499722109,0.38964132362051657
28754,0.7032142857142857,0,4,0,548471,57139,71477,36479,0.5292804475897588,0.389657971757568
28755,0.7032370129870127,2,2,2,548473,57137,71479,36477,0.5292619215235836,0.3896532569914756
28756,0.7032619047619048,0,1,0,548474,57136,71479,36477,0.5292526584904961,0.38965741937551407
28757,0.7032777777777778,0,1,0,548475,57135,71479,36477,0.5292433954574086,0.389661581848481
28758,0.7033095238095239,1,1,1,548476,57134,71480,36476,0.529234132424321,0.38965922444183315
28759,0.7033333333333331,1,1,1,548477,57133,71481,36475,0.5292248693912335,0.38965686693445006
28760,0.7033333333333333,50,88,50,548565,57045,71531,36425,0.5284097224795287,0.3896972290574516
28761,0.7033333333333335,46,146,46,548711,56899,71577,36379,0.5270573196487458,0.39000621797208346
28762,0.7033888888888888,0,1,0,548712,56898,71577,36379,0.5270480566156582,0.3900103991337629
28763,0.703440476190476,0,2,0,548714,56896,71577,36379,0.5270295305494831,0.3900187617260788
28764,0.7034444444444443,1,1,1,548715,56895,71578,36378,0.5270202675163955,0.39001640346080857
28765,0.703452380952381,0,4,0,548719,56891,71578,36378,0.5269832153840454,0.3900331299788783
28766,0.7034761904761905,1,1,1,548720,56890,71579,36377,0.5269739523509578,0.3900307718700076
28767,0.7034999999999999,3,14,3,548734,56876,71582,36374,0.526844269887732,0.39006970509383376
28768,0.7035000000000001,0,5,0,548739,56871,71582,36374,0.5267979547222943,0.39009062148104456
28769,0.7035064935064935,0,1,0,548740,56870,71582,36374,0.5267886916892067,0.39009480502766936
28770,0.7035357142857143,0,2,0,548742,56868,71582,36374,0.5267701656230316,0.3901031723901246
28771,0.7035396825396825,0,1,0,548743,56867,71582,36374,0.526760902589944,0.3901073562059609
28772,0.7035714285714286,1,0,1,548743,56867,71583,36373,0.526760902589944,0.3901008151008151
28773,0.7035952380952382,0,1,0,548744,56866,71583,36373,0.5267516395568564,0.39010499898111306
28774,0.7036190476190477,0,1,0,548745,56865,71583,36373,0.526742376523769,0.39010918295115726
28775,0.7036294016441075,0,9,0,548754,56856,71583,36373,0.526659009225981,0.3901468427206127
28776,0.7036428571428571,0,1,0,548755,56855,71583,36373,0.5266497461928934,0.3901510275882782
28777,0.7036666666666666,0,8,0,548763,56847,71583,36373,0.526575641928193,0.3901845097618537
28778,0.7036666666666668,3,8,3,548771,56839,71586,36370,0.5265015376634925,0.3901983714019033
28779,0.7036904761904762,0,3,0,548774,56836,71586,36370,0.5264737485642299,0.3902109306267837
28780,0.7037063492063496,0,1,0,548775,56835,71586,36370,0.5264644855311423,0.3902151172147417
28781,0.7037142857142856,1,0,1,548775,56835,71587,36369,0.5264644855311423,0.39020857473928156
28782,0.7037380952380953,1,1,1,548776,56834,71588,36368,0.5264552224980548,0.3902062187506706
28783,0.70375,0,2,0,548778,56832,71588,36368,0.5264366964318796,0.3902145922746781
28784,0.7037878787878789,0,2,0,548780,56830,71588,36368,0.5264181703657046,0.39022296615807206
28785,0.7038095238095237,0,1,0,548781,56829,71588,36368,0.526408907332617,0.39022715323454615
28786,0.7038095238095238,0,2,0,548783,56827,71588,36368,0.5263903812664419,0.39023552765706315
28787,0.7038333333333333,1,13,1,548796,56814,71589,36367,0.5262699618363037,0.39028342687887013
28788,0.7038333333333334,0,3,0,548799,56811,71589,36367,0.526242172737041,0.39029599261628284
28789,0.7038809523809523,2,0,2,548799,56811,71591,36365,0.526242172737041,0.39028290546921957
28790,0.7039047619047619,1,0,1,548799,56811,71592,36364,0.526242172737041,0.39027636168500135
28791,0.7039166666666666,0,2,0,548801,56809,71592,36364,0.526223646670866,0.3902847391411675
28792,0.7039166666666667,1,0,1,548801,56809,71593,36363,0.526223646670866,0.39027819516592965
28793,0.7039285714285712,0,1,0,548802,56808,71593,36363,0.5262143836377784,0.39028238400360626
28794,0.7039523809523809,0,1,0,548803,56807,71593,36363,0.5262051206046908,0.390286572931201
28795,0.704,2,2,2,548805,56805,71595,36361,0.5261865945385157,0.39028186248202135
28796,0.7040000000000001,15,42,15,548847,56763,71610,36346,0.5257975471488384,0.39035968595946685
28797,0.704047619047619,0,3,0,548850,56760,71610,36346,0.5257697580495757,0.3903722638712865
28798,0.7040476190476191,0,1,0,548851,56759,71610,36346,0.5257604950164882,0.3903764566886848
28799,0.7040714285714285,1,0,1,548851,56759,71611,36345,0.5257604950164882,0.39036990891905826
28800,0.704095238095238,0,1,0,548852,56758,71611,36345,0.5257512319834007,0.3903741018012309
28801,0.7041428571428573,0,1,0,548853,56757,71611,36345,0.5257419689503131,0.39037829477347424
28802,0.7041461038961038,0,1,0,548854,56756,71611,36345,0.5257327059172255,0.3903824878357912
28803,0.7041666666666666,8,32,8,548886,56724,71619,36337,0.5254362888584238,0.39046431910252416
28804,0.7041666666666667,10,19,10,548905,56705,71629,36327,0.5252602912297603,0.39047854501676843
28805,0.7042380952380952,0,2,0,548907,56703,71629,36327,0.5252417651635851,0.390486939696872
28806,0.7042777777777779,0,1,0,548908,56702,71629,36327,0.5252325021304977,0.3904911371722796
28807,0.7042857142857143,2,5,2,548913,56697,71631,36325,0.5251861869650598,0.39049902173679346
28808,0.7043026695526694,0,2,0,548915,56695,71631,36325,0.5251676608988848,0.3905074177596216
28809,0.704309523809524,0,1,0,548916,56694,71631,36325,0.5251583978657972,0.39051161590642774
28810,0.7043333333333333,2,6,2,548922,56688,71633,36323,0.5251028196672719,0.3905237014976723
28811,0.7043333333333334,2,9,2,548931,56679,71635,36321,0.5250194523694839,0.3905483870967742
28812,0.7043333333333335,0,1,0,548932,56678,71635,36321,0.5250101893363963,0.3905525865869525
28813,0.7043355468061349,1,3,1,548935,56675,71636,36320,0.5249824002371336,0.390558632184526
28814,0.7043363858363857,1,0,1,548935,56675,71637,36319,0.5249824002371336,0.39055207862872876
28815,0.7043484848484848,1,0,1,548935,56675,71638,36318,0.5249824002371336,0.39054552493198413
28816,0.7043604173604172,0,5,0,548940,56670,71638,36318,0.5249360850716959,0.3905665247128662
28817,0.7043968253968254,1,2,1,548942,56668,71639,36317,0.5249175590055207,0.3905683712426736
28818,0.7044047619047621,0,1,0,548943,56667,71639,36317,0.5249082959724332,0.39057257162522585
28819,0.7044444444444444,0,2,0,548945,56665,71639,36317,0.5248897699062581,0.3905809726613753
28820,0.7045,3,7,3,548952,56658,71642,36314,0.5248249286746453,0.3905907154842318
28821,0.7045000000000001,1,1,1,548953,56657,71643,36313,0.5248156656415577,0.3905883618371518
28822,0.7045238095238094,0,1,0,548954,56656,71643,36313,0.5248064026084701,0.39059256311243534
28823,0.7045238095238097,0,1,0,548955,56655,71643,36313,0.5247971395753825,0.3905967644781
28824,0.704547619047619,0,1,0,548956,56654,71643,36313,0.524787876542295,0.39060096593414867
28825,0.7045714285714285,0,2,0,548958,56652,71643,36313,0.52476935047612,0.3906093691174098
28826,0.7045833333333333,0,1,0,548959,56651,71643,36313,0.5247600874430324,0.39061357084462806
28827,0.7045833333333335,1,0,1,548959,56651,71644,36312,0.5247600874430324,0.3906070156944161
28828,0.7045952380952382,0,1,0,548960,56650,71644,36312,0.5247508244099448,0.390611217486715
28829,0.7046666666666666,2,2,2,548962,56648,71646,36310,0.5247322983437697,0.39060651046709266
28830,0.7046666666666667,6,15,6,548977,56633,71652,36304,0.5245933528474563,0.39063021186395086
28831,0.7046825396825398,0,1,0,548978,56632,71652,36304,0.5245840898143688,0.3906344150813463
28832,0.7047142857142857,1,1,1,548979,56631,71653,36303,0.5245748267812813,0.39063206146297375
28833,0.7047619047619047,0,3,0,548982,56628,71653,36303,0.5245470376820186,0.39064467185331053
28834,0.7047619047619048,0,1,0,548983,56627,71653,36303,0.524537774648931,0.39064887549768645
28835,0.7048095238095239,0,1,0,548984,56626,71653,36303,0.5245285116158435,0.39065307923253234
28836,0.7048333333333332,2,2,2,548986,56624,71655,36301,0.5245099855496684,0.3906483723432876
28837,0.7048333333333333,4,10,4,548996,56614,71659,36297,0.5244173552187928,0.3906641840040469
28838,0.7048333333333335,2,1,2,548997,56613,71661,36295,0.5244080921857053,0.3906552718818616
28839,0.7048571428571426,0,3,0,549000,56610,71661,36295,0.5243803030864427,0.39066788655077767
28840,0.704857142857143,0,2,0,549002,56608,71661,36295,0.5243617770202675,0.3906762967826658
28841,0.7048690476190477,1,0,1,549002,56608,71662,36294,0.5243617770202675,0.39066973800348753
28842,0.7048690476190478,0,1,0,549003,56607,71662,36294,0.52435251398718,0.3906739432298899
28843,0.7048809523809524,1,0,1,549003,56607,71663,36293,0.52435251398718,0.3906673842841765
28844,0.7048849206349207,1,1,1,549004,56606,71664,36292,0.5243432509540924,0.39066503046351914
28845,0.7049199134199133,0,2,0,549006,56604,71664,36292,0.5243247248879173,0.39067344126765413
28846,0.7049915223665222,0,4,0,549010,56600,71664,36292,0.5242876727555671,0.39069026396245105
28847,0.7049999999999998,0,3,0,549013,56597,71664,36292,0.5242598836563044,0.39070288193435176
28848,0.705,177,473,177,549486,56124,71841,36115,0.5198784690058913,0.39153720226802113
28849,0.7050000000000002,1,2,1,549488,56122,71842,36114,0.5198599429397162,0.3915390953640661
28850,0.7050396825396826,0,2,0,549490,56120,71842,36114,0.519841416873541,0.39154758548908214
28851,0.7051071428571428,1,1,1,549491,56119,71843,36113,0.5198321538404536,0.3915452337583485
28852,0.7051190476190476,1,2,1,549493,56117,71844,36112,0.5198136277742784,0.3915471272593219
28853,0.7051309523809525,0,2,0,549495,56115,71844,36112,0.5197951017081033,0.3915556182029124
28854,0.7051428571428571,1,0,1,549495,56115,71845,36111,0.5197951017081033,0.39154902088348187
28855,0.7051428571428572,0,2,0,549497,56113,71845,36111,0.5197765756419281,0.3915575121443442
28856,0.7051666666666666,0,5,0,549502,56108,71845,36111,0.5197302604764904,0.3915787419078498
28857,0.7051984126984127,0,2,0,549504,56106,71845,36111,0.5197117344103153,0.3915872344578548
28858,0.7052142857142857,1,1,1,549505,56105,71846,36110,0.5197024713772278,0.3915848831535
28859,0.7052182539682539,0,1,0,549506,56104,71846,36110,0.5196932083441402,0.39158912963324444
28860,0.7052380952380952,0,2,0,549508,56102,71846,36110,0.5196746822779651,0.39159762286904093
28861,0.7052976190476191,0,1,0,549509,56101,71846,36110,0.5196654192448775,0.39160186962509896
28862,0.705325396825397,0,1,0,549510,56100,71846,36110,0.51965615621179,0.39160611647326754
28863,0.7053333333333334,3,9,3,549519,56091,71849,36107,0.519572788914002,0.3916245471702206
28864,0.7053333333333335,0,2,0,549521,56089,71849,36107,0.5195542628478269,0.3916330426482711
28865,0.7053571428571429,0,1,0,549522,56088,71849,36107,0.5195449998147393,0.39163729052551655
28866,0.7054761904761905,1,0,1,549522,56088,71850,36106,0.5195449998147393,0.39163069180206955
28867,0.7055,3,2,3,549524,56086,71853,36103,0.5195264737485642,0.39161939059974615
28868,0.7055000000000001,0,3,0,549527,56083,71853,36103,0.5194986846493016,0.39163213503134964
28869,0.7055714285714286,0,1,0,549528,56082,71853,36103,0.519489421616214,0.39163638335954876
28870,0.7055833333333333,1,1,1,549529,56081,71854,36102,0.5194801585831265,0.39163403230530575
28871,0.705595238095238,0,1,0,549530,56080,71854,36102,0.5194708955500389,0.3916382807923456
28872,0.7055952380952383,0,1,0,549531,56079,71854,36102,0.5194616325169513,0.39164252937156246
28873,0.7056031746031745,0,1,0,549532,56078,71854,36102,0.5194523694838638,0.39164677804295944
28874,0.7056111111111112,0,2,0,549534,56076,71854,36102,0.5194338434176887,0.3916552756623055
28875,0.7056666666666667,6,14,6,549548,56062,71860,36096,0.519304160954463,0.39167516656177437
28876,0.7056666666666668,0,1,0,549549,56061,71860,36096,0.5192948979213754,0.39167941664767736
28877,0.705690476190476,0,1,0,549550,56060,71860,36096,0.5192856348882878,0.39168366682581707
28878,0.7057023809523809,0,1,0,549551,56059,71860,36096,0.5192763718552003,0.3916879170961966
28879,0.7057096514596514,0,3,0,549554,56056,71860,36096,0.5192485827559375,0.39170066846080387
28880,0.7057131895881895,0,1,0,549555,56055,71860,36096,0.5192393197228501,0.3917049191001725
28881,0.7057142857142855,0,1,0,549556,56054,71860,36096,0.5192300566897625,0.391709169831796
28882,0.7057142857142857,2,2,2,549558,56052,71862,36094,0.5192115306235874,0.391704468994856
28883,0.7057500000000002,0,2,0,549560,56050,71862,36094,0.5191930045574122,0.39171297100191005
28884,0.7058055555555556,0,2,0,549562,56048,71862,36094,0.5191744784912372,0.3917214733780469
28885,0.7058095238095238,0,1,0,549563,56047,71862,36094,0.5191652154581496,0.39172572470452893
28886,0.7058333333333331,0,1,0,549564,56046,71862,36094,0.5191559524250621,0.39172997612329064
28887,0.7058333333333333,12,22,12,549586,56024,71874,36082,0.5189521656971359,0.3917442946170716
28888,0.7058333333333334,9,26,9,549612,55998,71883,36073,0.5187113268368595,0.3917954621976518
28889,0.7058849206349203,0,2,0,549614,55996,71883,36073,0.5186928007706844,0.39180397310712617
28890,0.7059285714285715,0,1,0,549615,55995,71883,36073,0.5186835377375968,0.3918082287005257
28891,0.705952380952381,1,3,1,549618,55992,71884,36072,0.5186557486383342,0.39181438998957246
28892,0.706,22,46,22,549664,55946,71906,36050,0.5182296491163066,0.3918648636897256
28893,0.7060000000000001,0,4,0,549668,55942,71906,36050,0.5181925969839565,0.3918819027741543
28894,0.7060021645021644,0,6,0,549674,55936,71906,36050,0.5181370187854311,0.39190746417933164
28895,0.7060714285714286,0,1,0,549675,55935,71906,36050,0.5181277557523436,0.39191172473772895
28896,0.7060833333333334,0,1,0,549676,55934,71906,36050,0.518118492719256,0.39191598538876327
28897,0.7060833333333335,0,2,0,549678,55932,71906,36050,0.5180999666530809,0.39192450696875475
28898,0.7061111111111111,1,0,1,549678,55932,71907,36049,0.5180999666530809,0.39191789608723543
28899,0.7061428571428572,0,2,0,549680,55930,71907,36049,0.5180814405869058,0.39192641798671435
28900,0.7061666666666666,0,5,0,549685,55925,71907,36049,0.518035125421468,0.39194772435688346
28901,0.7061666666666667,2,4,2,549689,55921,71909,36047,0.5179980732891178,0.39195154836464857
28902,0.7061904761904763,0,4,0,549693,55917,71909,36047,0.5179610211567676,0.3919685964072898
28903,0.7062380952380952,0,1,0,549694,55916,71909,36047,0.51795175812368,0.39197285864967435
28904,0.7062619047619048,0,3,0,549697,55913,71909,36047,0.5179239690244174,0.3919856459330144
28905,0.7062857142857143,0,2,0,549699,55911,71909,36047,0.5179054429582423,0.39199417125209335
28906,0.7063268398268395,0,2,0,549701,55909,71909,36047,0.5178869168920671,0.3920026969420157
28907,0.7063333333333333,4,8,4,549709,55901,71913,36043,0.5178128126273667,0.3920103541286
28908,0.7063333333333334,1,4,1,549713,55897,71914,36042,0.5177757604950165,0.39202079639761145
28909,0.7063333333333336,0,1,0,549714,55896,71914,36042,0.5177664974619289,0.39202506036676893
28910,0.7063376623376624,0,1,0,549715,55895,71914,36042,0.5177572344288414,0.3920293244286849
28911,0.7063571428571429,0,1,0,549716,55894,71914,36042,0.5177479713957538,0.39203358858336235
28912,0.7063888888888888,0,1,0,549717,55893,71914,36042,0.5177387083626662,0.3920378528308044
28913,0.7064285714285714,0,2,0,549719,55891,71914,36042,0.5177201822964912,0.3920463816039942
28914,0.7064999999999999,0,1,0,549720,55890,71914,36042,0.5177109192634036,0.39205064612974805
28915,0.7065,3,7,3,549727,55883,71917,36039,0.5176460780317907,0.3920606601248885
28916,0.7065238095238093,0,1,0,549728,55882,71917,36039,0.5176368149987032,0.3920649253163042
28917,0.7066666666666666,71,143,71,549871,55739,71988,35968,0.5163122012671829,0.3922056113491882
28918,0.7066666666666667,44,101,44,549972,55638,72032,35924,0.5153766349253399,0.39234616980843584
28919,0.7066825396825395,1,0,1,549972,55638,72033,35923,0.5153766349253399,0.39233953320737
28920,0.7067142857142857,1,2,1,549974,55636,72034,35922,0.5153581088591649,0.39234146661132835
28921,0.7067296037296038,2,0,2,549974,55636,72036,35920,0.5153581088591649,0.3923281925815894
28922,0.7067380952380953,1,1,1,549975,55635,72037,35919,0.5153488458260773,0.3923258404875811
28923,0.7067460317460318,2,2,2,549977,55633,72039,35917,0.5153303197599022,0.3923211359912616
28924,0.706767399267399,1,0,1,549977,55633,72040,35916,0.5153303197599022,0.3923144982468405
28925,0.7067857142857144,0,1,0,549978,55632,72040,35916,0.5153210567268146,0.39231878358893696
28926,0.7068333333333334,3,7,3,549985,55625,72043,35913,0.5152562154952017,0.3923288688850532
28927,0.7068571428571429,0,2,0,549987,55623,72043,35913,0.5152376894290266,0.392337441006817
28928,0.7068888888888888,0,1,0,549988,55622,72043,35913,0.5152284263959391,0.39234172720817173
28929,0.7069047619047617,1,0,1,549988,55622,72044,35912,0.5152284263959391,0.392335088600957
28930,0.7069047619047619,1,2,1,549990,55620,72045,35911,0.515209900329764,0.39233702242955937
28931,0.7069642857142856,1,0,1,549990,55620,72046,35910,0.515209900329764,0.39233038348082594
28932,0.7069642857142857,1,0,1,549990,55620,72047,35909,0.515209900329764,0.3923237443870249
28933,0.7069999999999999,1,6,1,549996,55614,72048,35908,0.5151543221312387,0.39234282467603415
28934,0.7070000000000001,5,14,5,550010,55600,72053,35903,0.5150246396680129,0.39236964908254374
28935,0.7070212842712842,1,4,1,550014,55596,72054,35902,0.5149875875356626,0.3923801613150014
28936,0.7070238095238095,1,2,1,550016,55594,72055,35901,0.5149690614694876,0.3923820973823706
28937,0.7070476190476191,1,2,1,550018,55592,72056,35900,0.5149505354033125,0.39238403357670615
28938,0.7070634920634921,0,1,0,550019,55591,72056,35900,0.5149412723702249,0.3923883223486463
28939,0.7070753968253968,0,3,0,550022,55588,72056,35900,0.5149134832709622,0.39240118922700246
28940,0.7070833333333333,0,2,0,550024,55586,72056,35900,0.5148949572047872,0.392409767614717
28941,0.7070952380952381,0,1,0,550025,55585,72056,35900,0.5148856941716996,0.39241405694922665
28942,0.7071111111111111,0,1,0,550026,55584,72056,35900,0.514876431138612,0.3924183463775086
28943,0.7071190476190476,0,1,0,550027,55583,72056,35900,0.5148671681055245,0.39242263589956605
28944,0.7071428571428571,1,1,1,550028,55582,72057,35899,0.5148579050724369,0.3924202839933975
28945,0.7071428571428572,4,5,4,550033,55577,72061,35895,0.5148115899069992,0.3924151652964842
28946,0.7071666666666665,0,2,0,550035,55575,72061,35895,0.514793063840824,0.3924237454903247
28947,0.7071666666666667,1,3,1,550038,55572,72062,35894,0.5147652747415614,0.39242997397940216
28948,0.7071825396825397,1,0,1,550038,55572,72063,35893,0.5147652747415614,0.39242333132892365
28949,0.7072499999999999,1,0,1,550038,55572,72064,35892,0.5147652747415614,0.3924166885331934
28950,0.707326784326784,0,6,0,550044,55566,72064,35892,0.514709696543036,0.39244243259200945
28951,0.7073333333333331,1,0,1,550044,55566,72065,35891,0.514709696543036,0.3924357894967034
28952,0.7073333333333334,5,19,5,550063,55547,72070,35886,0.5145336989143725,0.39248411405072564
28953,0.7073333333333335,2,3,2,550066,55544,72072,35884,0.5145059098151099,0.3924837030231439
28954,0.7073484848484849,0,1,0,550067,55543,72072,35884,0.5144966467820223,0.39248799588742933
28955,0.7073690476190475,0,1,0,550068,55542,72072,35884,0.5144873837489348,0.39249228884562376
28956,0.7073809523809524,0,1,0,550069,55541,72072,35884,0.5144781207158472,0.3924965818977304
28957,0.7073809523809526,0,1,0,550070,55540,72072,35884,0.5144688576827596,0.3925008750437522
28958,0.7073939393939395,0,1,0,550071,55539,72072,35884,0.5144595946496721,0.3925051682836923
28959,0.7074285714285713,1,0,1,550071,55539,72073,35883,0.5144595946496721,0.3924985233313644
28960,0.7074444444444444,0,1,0,550072,55538,72073,35883,0.5144503316165845,0.392502816639503
28961,0.7074523809523808,0,1,0,550073,55537,72073,35883,0.514441068583497,0.3925071100415664
28962,0.7074841269841269,0,1,0,550074,55536,72073,35883,0.5144318055504095,0.3925114035375578
28963,0.7074999999999999,0,6,0,550080,55530,72073,35883,0.5143762273518842,0.39253716648616716
28964,0.7075,54,120,54,550200,55410,72127,35829,0.5132646633813776,0.39269391378686747
28965,0.7075000000000001,1,0,1,550200,55410,72128,35828,0.5132646633813776,0.3926872575023565
28966,0.7075041347541347,0,2,0,550202,55408,72128,35828,0.5132461373152025,0.3926958656670613
28967,0.7075238095238096,0,1,0,550203,55407,72128,35828,0.513236874282115,0.392700169890941
28968,0.7075833333333335,0,1,0,550204,55406,72128,35828,0.5132276112490274,0.3927044742091764
28969,0.7076083916083917,0,1,0,550205,55405,72128,35828,0.5132183482159398,0.3927087786217706
28970,0.7076111111111112,0,1,0,550206,55404,72128,35828,0.5132090851828522,0.39271308312872677
28971,0.7076190476190477,0,1,0,550207,55403,72128,35828,0.5131998221497647,0.3927173877300479
28972,0.7076666666666666,1,1,1,550208,55402,72129,35827,0.5131905591166772,0.3927150357890583
28973,0.7076666666666667,2,15,2,550223,55387,72131,35825,0.5130516136203639,0.392766302679472
28974,0.7076666666666668,0,2,0,550225,55385,72131,35825,0.5130330875541887,0.39277491503124656
28975,0.7077500000000001,0,1,0,550226,55384,72131,35825,0.5130238245211012,0.3927792213487704
28976,0.7078333333333333,0,9,0,550235,55375,72131,35825,0.5129404572233132,0.39281798245614036
28977,0.7078571428571427,1,3,1,550238,55372,72132,35824,0.5129126681240506,0.39282424667748583
28978,0.707857142857143,0,1,0,550239,55371,72132,35824,0.512903405090963,0.39282855419705026
28979,0.7078809523809524,1,1,1,550240,55370,72133,35823,0.5128941420578754,0.3928262037656399
28980,0.7078888888888889,0,1,0,550241,55369,72133,35823,0.5128848790247879,0.39283051144837267
28981,0.7079166666666665,0,1,0,550242,55368,72133,35823,0.5128756159917003,0.39283481922558144
28982,0.7079166666666667,0,1,0,550243,55367,72133,35823,0.5128663529586127,0.3928391270972694
28983,0.7079343434343431,2,6,2,550249,55361,72135,35821,0.5128107747600874,0.3928516593187252
28984,0.707939393939394,0,1,0,550250,55360,72135,35821,0.5128015117269998,0.3928559678003093
28985,0.7079523809523809,0,3,0,550253,55357,72135,35821,0.5127737226277372,0.39286889381210377
28986,0.7079761904761906,1,0,1,550253,55357,72136,35820,0.5127737226277372,0.3928622349934742
28987,0.7079999999999999,0,1,0,550254,55356,72136,35820,0.5127644595946497,0.392866543827323
28988,0.708,16,40,16,550294,55316,72152,35804,0.5123939382711475,0.39293239683933273
28989,0.7080000000000001,1,3,1,550297,55313,72153,35803,0.5123661491718848,0.392938671583476
28990,0.7080357142857144,0,3,0,550300,55310,72153,35803,0.5123383600726222,0.39295160953980224
28991,0.708047619047619,1,0,1,550300,55310,72154,35802,0.5123383600726222,0.392944946878567
28992,0.7080555555555555,0,1,0,550301,55309,72154,35802,0.5123290970395347,0.3929492596942191
28993,0.7081136363636366,0,1,0,550302,55308,72154,35802,0.5123198340064471,0.39295357260454394
28994,0.7081190476190478,1,0,1,550302,55308,72155,35801,0.5123198340064471,0.3929469097454697
28995,0.7081428571428572,1,0,1,550302,55308,72156,35800,0.5123198340064471,0.3929402467401326
28996,0.7081666666666666,6,11,6,550313,55297,72162,35794,0.5122179406424839,0.3929477116290303
28997,0.7081666666666667,0,2,0,550315,55295,72162,35794,0.5121994145763089,0.39295633940431884
28998,0.7081753246753248,0,1,0,550316,55294,72162,35794,0.5121901515432213,0.3929606534340418
28999,0.7081904761904764,0,2,0,550318,55292,72162,35794,0.5121716254770462,0.39296928177766066
29000,0.708193362193362,1,0,1,550318,55292,72163,35793,0.5121716254770462,0.3929626173354559
29001,0.7082023809523809,0,1,0,550319,55291,72163,35793,0.5121623624439586,0.3929669316235563
29002,0.7082142857142857,0,1,0,550320,55290,72163,35793,0.5121530994108711,0.3929712460063898
29003,0.7082857142857142,0,1,0,550321,55289,72163,35793,0.5121438363777835,0.3929755604839595
29004,0.7082923713713184,0,2,0,550323,55287,72163,35793,0.5121253103116085,0.39298418972332017
29005,0.7083095238095238,1,0,1,550323,55287,72164,35792,0.5121253103116085,0.3929775250057642
29006,0.7083333333333331,0,1,0,550324,55286,72164,35792,0.5121160472785209,0.3929818397417598
29007,0.7083333333333333,24,49,24,550373,55237,72188,35768,0.5116621586572307,0.3930333498159442
29008,0.7083333333333335,24,63,24,550436,55174,72212,35744,0.5110785875727148,0.3931454717437691
29009,0.7083354978354977,0,1,0,550437,55173,72212,35744,0.5110693245396273,0.3931497959677508
29010,0.7084523809523811,0,2,0,550439,55171,72212,35744,0.5110507984734521,0.39315844470109446
29011,0.7084999999999999,3,9,3,550448,55162,72215,35741,0.5109674311756641,0.3931773428819731
29012,0.7085000000000001,1,2,1,550450,55160,72216,35740,0.5109489051094891,0.39317931793179317
29013,0.7085064935064935,1,2,1,550452,55158,72217,35739,0.510930379043314,0.3931812931119839
29014,0.7085714285714286,3,2,3,550454,55156,72220,35736,0.5109118529771388,0.39316991594419753
29015,0.7085833333333335,0,1,0,550455,55155,72220,35736,0.5109025899440512,0.39317424167409315
29016,0.708611111111111,0,1,0,550456,55154,72220,35736,0.5108933269109637,0.39317856749917485
29017,0.7086428571428571,1,0,1,550456,55154,72221,35735,0.5108933269109637,0.39317189098790833
29018,0.7086428571428572,0,1,0,550457,55153,72221,35735,0.5108840638778762,0.3931762168823167
29019,0.7086666666666666,1,5,1,550462,55148,72222,35734,0.5108377487124384,0.39319117096894873
29020,0.7086666666666668,2,8,2,550470,55140,72224,35732,0.5107636444477379,0.3932124306717141
29021,0.7086904761904762,0,1,0,550471,55139,72224,35732,0.5107543814146505,0.3932167578215272
29022,0.7086904761904763,0,1,0,550472,55138,72224,35732,0.5107451183815629,0.3932210850665786
29023,0.7087380952380953,0,1,0,550473,55137,72224,35732,0.5107358553484753,0.3932254124068714
29024,0.70875,0,1,0,550474,55136,72224,35732,0.5107265923153878,0.3932297398424088
29025,0.7087724211890618,0,5,0,550479,55131,72224,35732,0.51068027714995,0.3932513784488736
29026,0.7087777777777776,1,1,1,550480,55130,72225,35731,0.5106710141168624,0.39324902873620143
29027,0.7088051948051948,0,1,0,550481,55129,72225,35731,0.5106617510837749,0.39325335681267887
29028,0.7088095238095239,0,2,0,550483,55127,72225,35731,0.5106432250175997,0.39326201325144733
29029,0.7088333333333332,2,7,2,550490,55120,72227,35729,0.5105783837859869,0.39327895739083535
29030,0.7088333333333334,1,10,1,550500,55110,72228,35728,0.5104857534551114,0.39331557277791235
29031,0.708857142857143,0,1,0,550501,55109,72228,35728,0.5104764904220238,0.39331990268282746
29032,0.7088888888888889,0,1,0,550502,55108,72228,35728,0.5104672273889362,0.3933242326830772
29033,0.7089285714285714,1,1,1,550503,55107,72229,35727,0.5104579643558487,0.39332188387608163
29034,0.708952380952381,0,1,0,550504,55106,72229,35727,0.5104487013227611,0.3933262140411524
29035,0.709,0,1,0,550505,55105,72229,35727,0.5104394382896735,0.3933305443015677
29036,0.7090000000000001,14,16,14,550521,55089,72243,35713,0.5102912297602727,0.3933063148388802
29037,0.7090000000000002,0,1,0,550522,55088,72243,35713,0.5102819667271852,0.39331064635852026
29038,0.7090476190476189,0,1,0,550523,55087,72243,35713,0.5102727036940976,0.3933149779735683
29039,0.7090555555555556,0,5,0,550528,55082,72243,35713,0.5102263885286599,0.39333663748003744
29040,0.7090952380952382,0,1,0,550529,55081,72243,35713,0.5102171254955723,0.3933409696675992
29041,0.709126984126984,0,3,0,550532,55078,72243,35713,0.5101893363963096,0.39335396680287693
29042,0.7091666666666666,5,33,5,550565,55045,72248,35708,0.5098836563044203,0.39346357696164314
29043,0.7091666666666667,8,22,8,550587,55023,72256,35700,0.5096798695764941,0.39350550577031185
29044,0.7091666666666668,0,1,0,550588,55022,72256,35700,0.5096706065434066,0.3935098432574238
29045,0.7091865079365077,0,1,0,550589,55021,72256,35700,0.509661343510319,0.39351418084015827
29046,0.7091904761904761,2,0,2,550589,55021,72258,35698,0.509661343510319,0.39350081019411587
29047,0.7092142857142858,1,0,1,550589,55021,72259,35697,0.509661343510319,0.3934941246500143
29048,0.7092222222222222,0,2,0,550591,55019,72259,35697,0.5096428174441439,0.3935027999470876
29049,0.7092460317460316,0,1,0,550592,55018,72259,35697,0.5096335544110564,0.3935071377390729
29050,0.7092857142857143,1,3,1,550595,55015,72260,35696,0.5096057653117937,0.39351346584206987
29051,0.7093333333333333,0,6,0,550601,55009,72260,35696,0.5095501871132684,0.39353949616889916
29052,0.7093333333333334,4,14,4,550615,54995,72264,35692,0.5094205046500426,0.3935735000606482
29053,0.7093333333333335,1,1,1,550616,54994,72265,35691,0.5094112416169551,0.3935711528918785
29054,0.7093809523809523,0,1,0,550617,54993,72265,35691,0.5094019785838675,0.39357549292047106
29055,0.7094047619047619,1,0,1,550617,54993,72266,35690,0.5094019785838675,0.3935688056195759
29056,0.7094920634920635,1,1,1,550618,54992,72267,35689,0.5093927155507799,0.39356645824373354
29057,0.7094999999999999,1,2,1,550620,54990,72268,35688,0.5093741894846049,0.39356845100244825
29058,0.7095,8,4,8,550624,54986,72276,35680,0.5093371373522546,0.39353230538459844
29059,0.7095000000000001,0,3,0,550627,54983,72276,35680,0.509309348252992,0.3935453272007324
29060,0.7095238095238097,0,1,0,550628,54982,72276,35680,0.5093000852199044,0.39354966799761754
29061,0.709547619047619,1,1,1,550629,54981,72277,35679,0.5092908221868169,0.39354731965585704
29062,0.7095595238095238,0,1,0,550630,54980,72277,35679,0.5092815591537293,0.3935516606183611
29063,0.7095714285714285,1,0,1,550630,54980,72278,35678,0.5092815591537293,0.3935449712104834
29064,0.7095833333333332,1,1,1,550631,54979,72279,35677,0.5092722961206417,0.3935426226614896
29065,0.7095833333333335,1,0,1,550631,54979,72280,35676,0.5092722961206417,0.39353593293254646
29066,0.7095851648351648,1,0,1,550631,54979,72281,35675,0.5092722961206417,0.39352924305601517
29067,0.7095952380952382,1,1,1,550632,54978,72282,35674,0.5092630330875542,0.39352689405639146
29068,0.7096125541125541,1,0,1,550632,54978,72283,35673,0.5092630330875542,0.393520203858755
29069,0.7096309523809523,1,0,1,550632,54978,72284,35672,0.5092630330875542,0.3935135135135135
29070,0.7096428571428572,0,1,0,550633,54977,72284,35672,0.5092537700544666,0.393517854581959
29071,0.7096666666666667,5,8,5,550641,54969,72289,35667,0.5091796657897663,0.3935191314709387
29072,0.7096775375896892,1,7,1,550648,54962,72290,35666,0.5091148245581533,0.39354283444410115
29073,0.7096904761904761,0,3,0,550651,54959,72290,35666,0.5090870354588907,0.39355586206896553
29074,0.7097142857142855,0,1,0,550652,54958,72290,35666,0.5090777724258031,0.3935602048022599
29075,0.7097142857142856,0,1,0,550653,54957,72290,35666,0.5090685093927155,0.393564547631396
29076,0.7097380952380954,1,0,1,550653,54957,72291,35665,0.5090685093927155,0.3935578557083269
29077,0.7097619047619048,0,1,0,550654,54956,72291,35665,0.509059246359628,0.3935621986073868
29078,0.7097857142857142,0,1,0,550655,54955,72291,35665,0.5090499833265404,0.3935665416022953
29079,0.7098333333333332,0,3,0,550658,54952,72291,35665,0.5090221942272778,0.393579571162144
29080,0.7098333333333333,3,10,3,550668,54942,72294,35662,0.5089295638964022,0.3936029314379056
29081,0.7098333333333335,1,4,1,550672,54938,72295,35661,0.508892511764052,0.3936136160443272
29082,0.7098809523809523,1,1,1,550673,54937,72296,35660,0.5088832487309645,0.3936112674812632
29083,0.7098809523809524,0,2,0,550675,54935,72296,35660,0.5088647226647893,0.3936199569512666
29084,0.7099444444444444,1,3,1,550678,54932,72297,35659,0.5088369335655267,0.39362629841816515
29085,0.7099761904761905,1,1,1,550679,54931,72298,35658,0.5088276705324392,0.3936239499276954
29086,0.7099999999999999,0,7,0,550686,54924,72298,35658,0.5087628293008263,0.3936543684175664
29087,0.71,634,1444,634,552130,53480,72932,35024,0.495387009522398,0.39573352616830876
29088,0.7100000000000002,3,8,3,552138,53472,72935,35021,0.49531290525769756,0.39574881629055403
29089,0.7100173160173161,0,1,0,552139,53471,72935,35021,0.49530364222461004,0.3957532884328527
29090,0.7100595238095238,0,1,0,552140,53470,72935,35021,0.49529437919152247,0.395757760676227
29091,0.7101190476190475,1,0,1,552140,53470,72936,35020,0.49529437919152247,0.3957509323087354
29092,0.7101428571428572,0,1,0,552141,53469,72936,35020,0.4952851161584349,0.3957554046265638
29093,0.7101666666666665,0,1,0,552142,53468,72936,35020,0.4952758531253474,0.3957598770454751
29094,0.7101666666666666,1,9,1,552151,53459,72937,35019,0.49519248582755937,0.39579330455028366
29095,0.7101666666666668,1,9,1,552160,53450,72938,35018,0.4951091185297714,0.3958267396120631
29096,0.7102121212121213,0,1,0,552161,53449,72938,35018,0.49509985549668384,0.39583121389896797
29097,0.7102222222222221,1,0,1,552161,53449,72939,35017,0.49509985549668384,0.395824384509303
29098,0.7102380952380952,1,0,1,552161,53449,72940,35016,0.49509985549668384,0.3958175549652405
29099,0.7102777777777777,0,1,0,552162,53448,72940,35016,0.49509059246359627,0.3958220293000543
29100,0.7103214285714288,1,0,1,552162,53448,72941,35015,0.49509059246359627,0.3958151995749635
29101,0.7103333333333332,0,1,0,552163,53447,72941,35015,0.4950813294305087,0.3958196739843097
29102,0.7103333333333333,1,11,1,552174,53436,72942,35014,0.49497943606654565,0.39586206896551723
29103,0.7103333333333335,0,1,0,552175,53435,72942,35014,0.4949701730334581,0.39586654456240317
29104,0.7103333333333336,0,1,0,552176,53434,72942,35014,0.4949609100003705,0.39587102026049203
29105,0.7103636363636362,0,1,0,552177,53433,72942,35014,0.49495164696728294,0.3958754960597872
29106,0.7104166666666666,0,2,0,552179,53431,72942,35014,0.49493312090110786,0.3958844479620103
29107,0.7104523809523811,0,2,0,552181,53429,72942,35014,0.4949145948349328,0.39589340026909986
29108,0.7104761904761905,0,1,0,552182,53428,72942,35014,0.4949053318018452,0.39589787657447817
29109,0.7105,6,5,6,552187,53423,72948,35008,0.4948590166364074,0.3958792731055851
29110,0.7105000000000001,0,1,0,552188,53422,72948,35008,0.4948497536033199,0.3958837498586453
29111,0.710547619047619,0,1,0,552189,53421,72948,35008,0.4948404905702323,0.39588822671295615
29112,0.7105476190476192,0,2,0,552191,53419,72948,35008,0.4948219645040572,0.3958971807253441
29113,0.7105555555555554,0,1,0,552192,53418,72948,35008,0.4948127014709697,0.39590165788342796
29114,0.7105714285714285,0,1,0,552193,53417,72948,35008,0.4948034384378821,0.39590613514277634
29115,0.7105833333333333,0,1,0,552194,53416,72948,35008,0.49479417540479453,0.39591061250339277
29116,0.7106428571428575,2,1,2,552195,53415,72950,35006,0.49478491237170696,0.3959014261318013
29117,0.7106459235209235,0,1,0,552196,53414,72950,35006,0.49477564933861945,0.39590590364171
29118,0.7106666666666667,6,13,6,552209,53401,72956,35000,0.4946552299084812,0.39592312304159455
29119,0.7106666666666668,0,2,0,552211,53399,72956,35000,0.4946367038423061,0.3959320806796457
29120,0.7107142857142857,2,1,2,552212,53398,72958,34998,0.49462744080921855,0.39592289243857187
29121,0.7107619047619046,0,1,0,552213,53397,72958,34998,0.49461817777613104,0.39592737145766166
29122,0.7107857142857144,0,1,0,552214,53396,72958,34998,0.49460891474304347,0.39593185057809355
29123,0.7108095238095238,0,1,0,552215,53395,72958,34998,0.4945996517099559,0.39593632979987103
29124,0.7108333333333333,11,30,11,552245,53365,72969,34987,0.4943217607173293,0.3959955632017385
29125,0.7108333333333334,9,29,9,552274,53336,72978,34978,0.4940531327577902,0.3960640442059017
29126,0.7108571428571427,1,0,1,552274,53336,72979,34977,0.4940531327577902,0.3960572056209165
29127,0.7108571428571429,0,1,0,552275,53335,72979,34977,0.49404386972470266,0.3960616903705046
29128,0.7109285714285716,0,1,0,552276,53334,72979,34977,0.4940346066916151,0.3960661752216598
29129,0.7109523809523809,0,2,0,552278,53332,72979,34977,0.49401608062544,0.39607514522868564
29130,0.710952380952381,0,1,0,552279,53331,72979,34977,0.49400681759235243,0.3960796303845631
29131,0.7109759717406776,1,8,1,552287,53323,72980,34976,0.493932713327652,0.3961086762024485
29132,0.711,6,26,6,552313,53297,72986,34970,0.4936918744673756,0.3961843044399379
29133,0.7110000000000001,2,0,2,552313,53297,72988,34968,0.4936918744673756,0.39617062255707247
29134,0.7110119047619048,0,1,0,552314,53296,72988,34968,0.49368261143428804,0.3961751110305447
29135,0.7110833333333333,0,1,0,552315,53295,72988,34968,0.4936733484012005,0.3961795996057238
29136,0.7111071428571429,0,1,0,552316,53294,72988,34968,0.49366408536811296,0.39618408828261314
29137,0.7111111111111111,0,1,0,552317,53293,72988,34968,0.4936548223350254,0.3961885770612162
29138,0.7111190476190477,0,1,0,552318,53292,72988,34968,0.4936455593019378,0.39619306594153636
29139,0.7111190476190479,0,1,0,552319,53291,72988,34968,0.49363629626885025,0.3961975549235772
29140,0.711142857142857,0,1,0,552320,53290,72988,34968,0.49362703323576274,0.3962020440073421
29141,0.7111428571428572,1,1,1,552321,53289,72989,34967,0.49361777020267517,0.3961996918056563
29142,0.7111666666666666,0,2,0,552323,53287,72989,34967,0.4935992441365001,0.3962086704285358
29143,0.7111666666666667,1,2,1,552325,53285,72990,34966,0.49358071807032494,0.3962108078095432
29144,0.7111666666666668,1,1,1,552326,53284,72991,34965,0.49357145503723737,0.3962084556198937
29145,0.7111904761904762,0,1,0,552327,53283,72991,34965,0.49356219200414986,0.39621294533587165
29146,0.7112142857142857,0,1,0,552328,53282,72991,34965,0.4935529289710623,0.39621743515360297
29147,0.7112222222222222,1,0,1,552328,53282,72992,34964,0.4935529289710623,0.3962105931147021
29148,0.71125,1,2,1,552330,53280,72993,34963,0.4935344029048872,0.3962127307548474
29149,0.7113095238095238,0,1,0,552331,53279,72993,34963,0.49352513987179963,0.3962172208245507
29150,0.7113333333333333,2,10,2,552341,53269,72995,34961,0.4934325095409241,0.3962484415731611
29151,0.7113333333333334,0,2,0,552343,53267,72995,34961,0.49341398347474896,0.3962574239470463
29152,0.7113333333333336,0,1,0,552344,53266,72995,34961,0.4934047204416614,0.3962619152867036
29153,0.7113571428571429,1,1,1,552345,53265,72996,34960,0.4933954574085739,0.39625956361575515
29154,0.7113888888888888,1,0,1,552345,53265,72997,34959,0.4933954574085739,0.3962527203482046
29155,0.7114285714285714,0,3,0,552348,53262,72997,34959,0.4933676683093112,0.39626619512361
29156,0.7114999999999999,1,1,1,552349,53261,72998,34958,0.49335840527622365,0.39626384338974596
29157,0.7115,4,6,4,552355,53255,73002,34954,0.49330282707769835,0.3962634198324434
29158,0.7115000000000002,0,3,0,552358,53252,73002,34954,0.49327503797843564,0.39627689726322474
29159,0.711547619047619,0,2,0,552360,53250,73002,34954,0.49325651191226055,0.39628588272640697
29160,0.7115476190476191,0,1,0,552361,53249,73002,34954,0.493247248879173,0.3962903756108069
29161,0.7116071428571429,0,3,0,552364,53246,73002,34954,0.49321945977991033,0.39630385487528347
29162,0.7116428571428571,0,1,0,552365,53245,73002,34954,0.49321019674682276,0.3963083481672128
29163,0.7116428571428572,1,1,1,552366,53244,73003,34953,0.49320093371373525,0.39630599680261236
29164,0.7116666666666666,34,79,34,552445,53165,73037,34919,0.49246915409981845,0.39642840924572
29165,0.7116666666666667,26,52,26,552497,53113,73063,34893,0.49198747637926565,0.39648433061382177
29166,0.7116904761904762,0,1,0,552498,53112,73063,34893,0.4919782133461781,0.3964888358615988
29167,0.7117142857142856,0,1,0,552499,53111,73063,34893,0.4919689503130905,0.3964933412117631
29168,0.7117142857142857,0,2,0,552501,53109,73063,34893,0.49195042424691543,0.3965023522192677
29169,0.7117380952380954,0,1,0,552502,53108,73063,34893,0.49194116121382786,0.39650685787661505
29170,0.7117619047619048,0,1,0,552503,53107,73063,34893,0.4919318981807403,0.39651136363636363
29171,0.7117777777777777,0,1,0,552504,53106,73063,34893,0.4919226351476527,0.396515869498517
29172,0.7117857142857141,0,1,0,552505,53105,73063,34893,0.4919133721145652,0.3965203754630787
29173,0.7117857142857144,2,0,2,552505,53105,73065,34891,0.4919133721145652,0.3965066593936088
29174,0.7118253968253968,0,2,0,552507,53103,73065,34891,0.49189484604839007,0.3965156715230584
29175,0.7118333333333332,0,1,0,552508,53102,73065,34891,0.49188558301530255,0.39652017774141124
29176,0.7118333333333333,1,5,1,552513,53097,73066,34890,0.49183926784986476,0.39653585188721063
29177,0.7118412698412699,0,2,0,552515,53095,73066,34890,0.4918207417836897,0.3965448656020913
29178,0.7118809523809523,1,0,1,552515,53095,73067,34889,0.4918207417836897,0.39653800691034735
29179,0.7119047619047617,0,1,0,552516,53094,73067,34889,0.4918114787506021,0.39654251389472966
29180,0.7119166666666666,0,2,0,552518,53092,73067,34889,0.49179295268442696,0.3965515281708551
29181,0.7119444444444446,0,1,0,552519,53091,73067,34889,0.49178368965133945,0.39655603546260515
29182,0.7119642857142858,0,1,0,552520,53090,73067,34889,0.4917744266182519,0.3965605428568181
29183,0.7119898434898437,0,1,0,552521,53089,73067,34889,0.4917651635851643,0.3965650503534975
29184,0.7120000000000001,17,28,17,552549,53061,73084,34872,0.4915057986587128,0.3965746648016103
29185,0.7121428571428572,0,2,0,552551,53059,73084,34872,0.4914872725925377,0.3965836849347784
29186,0.7121666666666665,0,2,0,552553,53057,73084,34872,0.4914687465263626,0.3965927054782836
29187,0.7121666666666667,1,6,1,552559,53051,73085,34871,0.49141316832783727,0.3966129068947476
29188,0.712222222222222,1,1,1,552560,53050,73086,34870,0.4914039052947497,0.3966105550500455
29189,0.7122619047619048,0,1,0,552561,53049,73086,34870,0.4913946422616622,0.3966150661404247
29190,0.7122857142857143,0,2,0,552563,53047,73086,34870,0.49137611619548704,0.39662408862904786
29191,0.7123333333333332,1,5,1,552568,53042,73087,34869,0.4913298010300493,0.3966397834173198
29192,0.7123333333333334,6,10,6,552578,53032,73093,34863,0.4912371706991737,0.39664372262358494
29193,0.7123333333333335,0,3,0,552581,53029,73093,34863,0.49120938159991107,0.3966572611841806
29194,0.7123419913419913,0,1,0,552582,53028,73093,34863,0.4912001185668235,0.39666177424309657
29195,0.7123571428571428,0,3,0,552585,53025,73093,34863,0.49117232946756084,0.3966753140360459
29196,0.7123571428571429,0,1,0,552586,53024,73093,34863,0.4911630664344733,0.39667982750577446
29197,0.7123809523809524,0,1,0,552587,53023,73093,34863,0.49115380340138576,0.396684341078215
29198,0.7124166666666667,0,2,0,552589,53021,73093,34863,0.4911352773352106,0.39669336853124576
29199,0.7124761904761904,1,0,1,552589,53021,73094,34862,0.4911352773352106,0.3966865036468942
29200,0.7124761904761905,0,1,0,552590,53020,73094,34862,0.4911260143021231,0.39669101750073965
29201,0.7124999999999999,2,6,2,552596,53014,73096,34860,0.49107043610359774,0.3967043721692423
29202,0.7125,51,135,51,552731,52879,73147,34809,0.4898199266367779,0.3969642368397044
29203,0.7125000000000001,2,0,2,552731,52879,73149,34807,0.4898199266367779,0.3969504824031202
29204,0.712538961038961,0,1,0,552732,52878,73149,34807,0.4898106636036904,0.3969550094086788
29205,0.7125992063492064,2,1,2,552733,52877,73151,34805,0.48980140057060284,0.39694578134622843
29206,0.7126190476190476,1,0,1,552733,52877,73152,34804,0.48980140057060284,0.39693890352527916
29207,0.7126190476190477,1,1,1,552734,52876,73153,34803,0.48979213753751527,0.39693655265228844
29208,0.7126269841269842,1,1,1,552735,52875,73154,34802,0.48978287450442776,0.39693420167204624
29209,0.712642857142857,0,1,0,552736,52874,73154,34802,0.4897736114713402,0.396938728956613
29210,0.7126666666666666,1,0,1,552736,52874,73155,34801,0.4897736114713402,0.3969318505845452
29211,0.7126666666666667,5,11,5,552747,52863,73160,34796,0.4896717181073771,0.3969472615475878
29212,0.7126666666666668,1,2,1,552749,52861,73161,34795,0.48965319204120195,0.39694943871497673
29213,0.7126904761904761,0,1,0,552750,52860,73161,34795,0.48964392900811443,0.39695396725800014
29214,0.7127142857142857,0,2,0,552752,52858,73161,34795,0.4896254029419393,0.3969630246540335
29215,0.7127261904761905,0,1,0,552753,52857,73161,34795,0.4896161399088518,0.3969675535070506
29216,0.7128333333333332,0,1,0,552754,52856,73161,34795,0.4896068768757642,0.396972082463406
29217,0.7128333333333333,0,12,0,552766,52844,73161,34795,0.48949572047871354,0.39702643800134646
29218,0.7128333333333334,0,1,0,552767,52843,73161,34795,0.489486457445626,0.39703096830142176
29219,0.7128571428571427,2,4,2,552771,52839,73163,34793,0.4894494053132758,0.3970353295599781
29220,0.712857142857143,0,2,0,552773,52837,73163,34793,0.48943087924710066,0.39704439119023166
29221,0.7129166666666665,0,1,0,552774,52836,73163,34793,0.4894216162140131,0.397048922160472
29222,0.7129404761904761,1,0,1,552774,52836,73164,34792,0.4894216162140131,0.397042041356644
29223,0.7129523809523809,0,1,0,552775,52835,73164,34792,0.4894123531809256,0.39704657240348296
29224,0.7129761904761905,0,2,0,552777,52833,73164,34792,0.48939382711475043,0.39705563480741796
29225,0.7129999999999999,0,2,0,552779,52831,73164,34792,0.48937530104857535,0.3970646976250528
29226,0.713,5,11,5,552790,52820,73169,34787,0.48927340768461225,0.3970801419977856
29227,0.7130000000000001,3,5,3,552795,52815,73172,34784,0.48922709251917446,0.3970821584721287
29228,0.7130238095238096,1,0,1,552795,52815,73173,34783,0.48922709251917446,0.3970752756912258
29229,0.7130303030303031,1,0,1,552795,52815,73174,34782,0.48922709251917446,0.39706839275317646
29230,0.7130476190476189,0,1,0,552796,52814,73174,34782,0.48921782948608694,0.3970729257043701
29231,0.713047619047619,1,0,1,552796,52814,73175,34781,0.48921782948608694,0.3970660425823392
29232,0.713095238095238,0,3,0,552799,52811,73175,34781,0.4891900403868243,0.3970796419764362
29233,0.7131428571428572,0,1,0,552800,52810,73175,34781,0.4891807773537367,0.39708417531481544
29234,0.7131666666666666,2,7,2,552807,52803,73177,34779,0.48911593612212384,0.39710214427622115
29235,0.7131666666666667,1,3,1,552810,52800,73178,34778,0.4890881470228612,0.39710886295645026
29236,0.7131984126984124,0,3,0,552813,52797,73178,34778,0.4890603579235985,0.3971224664573223
29237,0.7132142857142857,0,4,0,552817,52793,73178,34778,0.4890233057912483,0.39714060590834865
29238,0.7132142857142858,0,1,0,552818,52792,73178,34778,0.48901404275816074,0.3971451410300331
29239,0.713309523809524,1,0,1,552818,52792,73179,34777,0.48901404275816074,0.3971382566890109
29240,0.7133272283272283,0,1,0,552819,52791,73179,34777,0.48900477972507317,0.39714279188744744
29241,0.7133333333333333,52,104,52,552923,52687,73231,34725,0.4880414242839675,0.3972566695648195
29242,0.7133333333333334,54,126,54,553049,52561,73285,34671,0.4868742821149357,0.39745735509904623
29243,0.7133888888888886,1,0,1,553049,52561,73286,34670,0.4868742821149357,0.39745044766195503
29244,0.7134285714285714,0,1,0,553050,52560,73286,34670,0.48686501908184815,0.39745500401238104
29245,0.7134523809523808,0,1,0,553051,52559,73286,34670,0.4868557560487606,0.3974595604672758
29246,0.7134523809523811,0,1,0,553052,52558,73286,34670,0.48684649301567307,0.3974641170266428
29247,0.7134999999999999,2,13,2,553065,52545,73288,34668,0.4867260735855348,0.39750954559526674
29248,0.7135238095238096,0,1,0,553066,52544,73288,34668,0.4867168105524473,0.39751410356372974
29249,0.7135317460317461,0,1,0,553067,52543,73288,34668,0.48670754751935974,0.3975186616367201
29250,0.713547619047619,0,1,0,553068,52542,73288,34668,0.48669828448627217,0.3975232198142415
29251,0.7135714285714286,0,1,0,553069,52541,73288,34668,0.48668902145318466,0.3975277780962974
29252,0.713642857142857,0,1,0,553070,52540,73288,34668,0.4866797584200971,0.3975323364828915
29253,0.7136666666666666,0,3,0,553073,52537,73288,34668,0.48665196932083443,0.39754601226993863
29254,0.7136666666666668,3,8,3,553081,52529,73291,34665,0.486577865056134,0.3975617588366172
29255,0.7136785714285716,0,1,0,553082,52528,73291,34665,0.4865686020230464,0.39756631839711903
29256,0.7137103174603174,0,1,0,553083,52527,73291,34665,0.48655933898995885,0.39757087806220753
29257,0.7137107345269108,2,3,2,553086,52524,73293,34663,0.4865315498906962,0.3975707387569248
29258,0.7137272727272728,0,1,0,553087,52523,73293,34663,0.4865222868576087,0.39757529878650244
29259,0.7137380952380952,0,2,0,553089,52521,73293,34663,0.48650376079143354,0.3975844191594788
29260,0.71375,0,5,0,553094,52516,73293,34663,0.4864574456259958,0.39760722192271075
29261,0.7137709235209233,0,2,0,553096,52514,73293,34663,0.48643891955982066,0.3976163437603955
29262,0.7138095238095238,0,1,0,553097,52513,73293,34663,0.4864296565267331,0.39762090483619345
29263,0.7138333333333332,1,4,1,553101,52509,73294,34662,0.4863926043943829,0.39763224007984305
29264,0.7138809523809523,1,1,1,553102,52508,73295,34661,0.48638334136129535,0.39762989136046073
29265,0.7138809523809525,0,3,0,553105,52505,73295,34661,0.4863555522620327,0.397643576623913
29266,0.7139047619047618,1,1,1,553106,52504,73296,34660,0.48634628922894513,0.39764122802992063
29267,0.7139285714285714,1,1,1,553107,52503,73297,34659,0.48633702619585756,0.39763887932814757
29268,0.7139285714285716,0,1,0,553108,52502,73297,34659,0.48632776316277004,0.39764344144743635
29269,0.7139444444444445,0,1,0,553109,52501,73297,34659,0.4863185001296825,0.3976480036714089
29270,0.713952380952381,0,1,0,553110,52500,73297,34659,0.4863092370965949,0.3976525660000688
29271,0.714,1,2,1,553112,52498,73298,34658,0.4862907110304198,0.3976547799348295
29272,0.7140000000000001,18,46,18,553158,52452,73316,34640,0.48586461150839233,0.39774032058053554
29273,0.7140476190476189,1,2,1,553160,52450,73317,34639,0.4858460854422172,0.39774253924146563
29274,0.7141071428571426,0,1,0,553161,52449,73317,34639,0.4858368224091296,0.39774710637516075
29275,0.714142857142857,0,4,0,553165,52445,73317,34639,0.48579977027677945,0.3977653759588443
29276,0.7141666666666666,12,21,12,553186,52424,73329,34627,0.48560524658194076,0.397778313861989
29277,0.7141666666666667,7,19,7,553205,52405,73336,34620,0.48542924895327727,0.39781671933352486
29278,0.7141666666666668,0,1,0,553206,52404,73336,34620,0.4854199859201897,0.3978212906784335
29279,0.7141818181818183,1,0,1,553206,52404,73337,34619,0.4854199859201897,0.3978143709134367
29280,0.714190476190476,0,2,0,553208,52402,73337,34619,0.4854014598540146,0.3978235138644695
29281,0.7142301587301586,0,1,0,553209,52401,73337,34619,0.48539219682092705,0.39782808549758675
29282,0.7142857142857143,1,4,1,553213,52397,73338,34618,0.4853551446885768,0.3978394529678791
29283,0.7143333333333333,0,1,0,553214,52396,73338,34618,0.48534588165548925,0.3978440250994093
29284,0.7143333333333334,8,11,8,553225,52385,73346,34610,0.48524398829152615,0.3978389562618541
29285,0.7143571428571428,1,0,1,553225,52385,73347,34609,0.48524398829152615,0.39783203439317655
29286,0.7143939393939394,0,1,0,553226,52384,73347,34609,0.48523472525843864,0.39783660754313566
29287,0.7144047619047619,0,1,0,553227,52383,73347,34609,0.48522546222535107,0.39784118079823433
29288,0.7144444444444444,0,2,0,553229,52381,73347,34609,0.485206936159176,0.3978503276238648
29289,0.7144761904761904,0,1,0,553230,52380,73347,34609,0.4851976731260884,0.39785490119440386
29290,0.7144999999999999,1,2,1,553232,52378,73348,34608,0.4851791470599133,0.39785712643413884
29291,0.7145,3,10,3,553242,52368,73351,34605,0.48508651672903774,0.39788210134179575
29292,0.7145238095238095,0,1,0,553243,52367,73351,34605,0.48507725369595023,0.3978866761716415
29293,0.7145714285714285,1,1,1,553244,52366,73352,34604,0.48506799066286266,0.397884327929171
29294,0.7145833333333332,0,1,0,553245,52365,73352,34604,0.4850587276297751,0.39788890294242774
29295,0.7145833333333335,0,1,0,553246,52364,73352,34604,0.4850494645966875,0.397893478060896
29296,0.7146428571428572,2,2,2,553248,52362,73354,34602,0.48503093853051243,0.3978887815647854
29297,0.7146666666666666,1,1,1,553249,52361,73355,34601,0.48502167549742486,0.3978864331547112
29298,0.7146666666666667,5,14,5,553263,52347,73360,34596,0.4848919930341991,0.39791587591870536
29299,0.7146666666666668,0,2,0,553265,52345,73360,34596,0.484873466968024,0.39792502961778675
29300,0.7147222222222223,0,1,0,553266,52344,73360,34596,0.48486420393493646,0.3979296066252588
29301,0.7147619047619048,0,1,0,553267,52343,73360,34596,0.4848549409018489,0.3979341837380232
29302,0.7147857142857142,0,1,0,553268,52342,73360,34596,0.48484567786876137,0.39793876095608366
29303,0.7148095238095238,0,1,0,553269,52341,73360,34596,0.4848364148356738,0.3979433382794437
29304,0.7148333333333332,0,3,0,553272,52338,73360,34596,0.48480862573641115,0.3979570708813583
29305,0.7148333333333333,4,5,4,553277,52333,73364,34592,0.48476231057097335,0.39795225769341386
29306,0.7148333333333334,0,4,0,553281,52329,73364,34592,0.48472525843862313,0.3979705709782446
29307,0.7148809523809523,1,0,1,553281,52329,73365,34591,0.48472525843862313,0.39796364473078694
29308,0.7148809523809524,0,1,0,553282,52328,73365,34591,0.4847159954055356,0.3979682232883489
29309,0.7149047619047618,0,1,0,553283,52327,73365,34591,0.48470673237244805,0.3979728019512644
29310,0.7149166666666668,1,0,1,553283,52327,73366,34590,0.48470673237244805,0.3979658754904104
29311,0.7149999999999999,2,8,2,553291,52319,73368,34588,0.4846326281077476,0.3979886545387598
29312,0.715,186,402,186,553693,51917,73554,34402,0.4809088888065508,0.39854493217020587
29313,0.7150000000000002,1,5,1,553698,51912,73555,34401,0.48086257364111307,0.3985610510583574
29314,0.715047619047619,1,0,1,553698,51912,73556,34400,0.48086257364111307,0.3985540828621744
29315,0.7150833333333334,0,1,0,553699,51911,73556,34400,0.4808533106080255,0.3985587005132602
29316,0.7151111111111113,0,2,0,553701,51909,73556,34400,0.48083478454185036,0.39856793613644
29317,0.7151190476190475,0,1,0,553702,51908,73556,34400,0.48082552150876284,0.3985725541085415
29318,0.7151269841269843,0,3,0,553705,51905,73556,34400,0.4807977324095002,0.398586408666937
29319,0.7151278998779002,0,1,0,553706,51904,73556,34400,0.4807884693764126,0.3985910270671116
29320,0.7151428571428572,0,1,0,553707,51903,73556,34400,0.48077920634332505,0.39859564557431376
29321,0.7151666666666666,1,11,1,553718,51892,73557,34399,0.48067731297936195,0.3986394873161743
29322,0.7151666666666668,0,3,0,553721,51889,73557,34399,0.4806495238800993,0.39865334693120713
29323,0.7151904761904762,1,1,1,553722,51888,73558,34398,0.4806402608470117,0.398650997844378
29324,0.7152420634920634,0,4,0,553726,51884,73558,34398,0.48060320871466156,0.39866947914976475
29325,0.7152792207792209,0,1,0,553727,51883,73558,34398,0.480593945681574,0.3986740997438602
29326,0.7153095238095237,0,1,0,553728,51882,73558,34398,0.4805846826484864,0.3986787204450626
29327,0.7153095238095238,0,1,0,553729,51881,73558,34398,0.48057541961539885,0.3986833412533757
29328,0.7153333333333332,0,2,0,553731,51879,73558,34398,0.48055689354922376,0.3986925831913488
29329,0.7153333333333333,3,7,3,553738,51872,73561,34395,0.4804920523176109,0.39870402355477763
29330,0.7153333333333335,1,1,1,553739,51871,73562,34394,0.4804827892845233,0.3987016750710021
29331,0.7153939393939394,0,1,0,553740,51870,73562,34394,0.48047352625143575,0.39870629694890103
29332,0.7154166666666666,0,1,0,553741,51869,73562,34394,0.48046426321834823,0.39871091893395777
29333,0.7154166666666667,1,0,1,553741,51869,73563,34393,0.48046426321834823,0.3987039484361596
29334,0.7154285714285716,1,0,1,553741,51869,73564,34392,0.48046426321834823,0.39869697777674734
29335,0.7154981962481963,2,3,2,553744,51866,73566,34390,0.4804364741190856,0.39869690224448157
29336,0.7154999999999998,1,0,1,553744,51866,73567,34389,0.4804364741190856,0.3986899310184917
29337,0.7155,0,10,0,553754,51856,73567,34389,0.48034384378821,0.3987361586178909
29338,0.7155000000000001,2,2,2,553756,51854,73569,34387,0.4803253177220349,0.39873146183369856
29339,0.715547619047619,0,3,0,553759,51851,73569,34387,0.48029752862277225,0.3987453326839676
29340,0.7155555555555557,0,1,0,553760,51850,73569,34387,0.4802882655896847,0.3987499565151849
29341,0.7155714285714286,1,1,1,553761,51849,73570,34386,0.4802790025565971,0.3987476082797008
29342,0.7155833333333333,0,1,0,553762,51848,73570,34386,0.4802697395235096,0.3987522322981655
29343,0.7155974580974582,0,2,0,553764,51846,73570,34386,0.48025121345733446,0.39876148065683276
29344,0.7156190476190476,0,1,0,553765,51845,73570,34386,0.4802419504242469,0.39876610499704285
29345,0.715642718392718,1,2,1,553767,51843,73571,34385,0.4802234243580718,0.39876838150020877
29346,0.7156666666666667,0,17,0,553784,51826,73571,34385,0.4800659527955834,0.3988470148820916
29347,0.7157142857142857,2,2,2,553786,51824,73573,34383,0.48004742672940826,0.3988423213892143
29348,0.7157460317460318,3,1,3,553787,51823,73576,34380,0.48003816369632074,0.3988260269364175
29349,0.7157738095238095,0,2,0,553789,51821,73576,34380,0.4800196376301456,0.3988352803331748
29350,0.7157987012987015,0,1,0,553790,51820,73576,34380,0.4800103745970581,0.3988399071925754
29351,0.7158333333333331,0,1,0,553791,51819,73576,34380,0.4800011115639705,0.39884453415932897
29352,0.7158333333333333,6,37,6,553828,51782,73582,34374,0.479658379339731,0.398973954222573
29353,0.7158333333333334,9,28,9,553856,51754,73591,34365,0.4793990144132795,0.3990408620629594
29354,0.7158571428571429,1,0,1,553856,51754,73592,34364,0.4793990144132795,0.39903388374091364
29355,0.715952380952381,1,2,1,553858,51752,73593,34363,0.4793804883471044,0.3990361725599489
29356,0.716,25,41,25,553899,51711,73618,34338,0.47900070399051464,0.39905170309939686
29357,0.7160000000000001,1,1,1,553900,51710,73619,34337,0.4789914409574271,0.3990493567468941
29358,0.7160238095238094,2,0,2,553900,51710,73621,34335,0.4789914409574271,0.399035388459527
29359,0.7160714285714286,1,1,1,553901,51709,73622,34334,0.47898217792433956,0.39903304161872555
29360,0.7160873015873015,0,1,0,553902,51708,73622,34334,0.478972914891252,0.3990376792729132
29361,0.7161666666666666,1,1,1,553903,51707,73623,34333,0.4789636518581644,0.3990353324035332
29362,0.7161666666666667,3,5,3,553908,51702,73626,34330,0.4789173366927267,0.39903756741677515
29363,0.7161904761904762,0,1,0,553909,51701,73626,34330,0.4789080736596391,0.39904220571654403
29364,0.7161904761904764,0,1,0,553910,51700,73626,34330,0.47889881062655154,0.39904684412414276
29365,0.7162142857142858,1,0,1,553910,51700,73627,34329,0.47889881062655154,0.3990398586523149
29366,0.7162460317460319,0,1,0,553911,51699,73627,34329,0.478889547593464,0.3990444971404659
29367,0.71625,1,2,1,553913,51697,73628,34328,0.4788710215272889,0.39904678872420807
29368,0.7162619047619048,0,2,0,553915,51695,73628,34328,0.4788524954611138,0.3990560664008463
29369,0.7163095238095238,0,1,0,553916,51694,73628,34328,0.47884323242802623,0.39906070540094396
29370,0.7163333333333332,2,0,2,553916,51694,73630,34326,0.47884323242802623,0.3990467333178331
29371,0.7163333333333333,1,12,1,553928,51682,73631,34325,0.47873207603097556,0.39909542246561325
29372,0.7163333333333334,1,2,1,553930,51680,73632,34324,0.4787135499648005,0.3990977163852844
29373,0.7163571428571429,0,1,0,553931,51679,73632,34324,0.4787042869317129,0.39910235689452694
29374,0.7163809523809523,0,1,0,553932,51678,73632,34324,0.4786950238986254,0.39910699751168577
29375,0.7163809523809525,0,1,0,553933,51677,73632,34324,0.4786857608655378,0.3991116382367647
29376,0.7164285714285714,1,2,1,553935,51675,73633,34323,0.4786672347993627,0.39911393288216007
29377,0.7164761904761905,1,0,1,553935,51675,73634,34322,0.4786672347993627,0.39910694559112525
29378,0.7164999999999999,1,0,1,553935,51675,73635,34321,0.4786672347993627,0.3990999581375878
29379,0.7165,2,14,2,553949,51661,73637,34319,0.47853755233613693,0.39915096534077693
29380,0.7165079365079365,1,1,1,553950,51660,73638,34318,0.4785282893030494,0.39914861941426877
29381,0.7166666666666666,42,139,42,554089,51521,73680,34276,0.4772407277038794,0.39950114805878995
29382,0.7166666666666667,33,99,33,554188,51422,73713,34243,0.4763236874282115,0.39973151228623127
29383,0.7166666666666669,1,0,1,554188,51422,73714,34242,0.4763236874282115,0.39972450504295853
29384,0.716690476190476,0,2,0,554190,51420,73714,34242,0.4763051613620364,0.399733837640961
29385,0.7166984126984127,0,1,0,554191,51419,73714,34242,0.4762958983289488,0.3997385041033843
29386,0.7167142857142857,0,1,0,554192,51418,73714,34242,0.4762866352958613,0.3997431706747607
29387,0.71675,1,1,1,554193,51417,73715,34241,0.4762773722627737,0.39974082981157627
29388,0.7167500000000001,0,1,0,554194,51416,73715,34241,0.47626810922968615,0.3997454965735433
29389,0.7167619047619047,0,3,0,554197,51413,73715,34241,0.4762403201304235,0.39975949751325096
29390,0.7167857142857144,0,2,0,554199,51411,73715,34241,0.4762217940642484,0.399768832017933
29391,0.7167976190476191,0,3,0,554202,51408,73715,34241,0.47619400496498576,0.3997828345923478
29392,0.7168030303030304,1,1,1,554203,51407,73716,34240,0.4761847419318982,0.3997804943547351
29393,0.7168095238095238,1,0,1,554203,51407,73717,34239,0.4761847419318982,0.39977348621068115
29394,0.7168174603174602,1,2,1,554205,51405,73718,34238,0.47616621586572305,0.39977581355160374
29395,0.7168214285714285,0,1,0,554206,51404,73718,34238,0.47615695283263554,0.3997804815394316
29396,0.7168333333333332,1,4,1,554210,51400,73719,34237,0.4761199007002853,0.39979214591823625
29397,0.7168333333333333,3,6,3,554216,51394,73722,34234,0.47606432250175995,0.39979913112533283
29398,0.7168333333333335,0,2,0,554218,51392,73722,34234,0.47604579643558487,0.39980846939013853
29399,0.716857142857143,0,1,0,554219,51391,73722,34234,0.4760365334024973,0.3998131386861314
29400,0.7168809523809526,0,1,0,554220,51390,73722,34234,0.4760272703694098,0.3998178080911894
29401,0.7169047619047617,1,0,1,554220,51390,73723,34233,0.4760272703694098,0.3998107985004029
29402,0.7169047619047619,0,2,0,554222,51388,73723,34233,0.47600874430323464,0.39982013758306956
29403,0.7169166666666666,0,3,0,554225,51385,73723,34233,0.475980955203972,0.39983414702515824
29404,0.7169285714285714,0,1,0,554226,51384,73723,34233,0.4759716921708844,0.39983881705736013
29405,0.7169464701964702,0,5,0,554231,51379,73723,34233,0.4759253770054467,0.39986216885483344
29406,0.7169952547452547,0,1,0,554232,51378,73723,34233,0.4759161139723591,0.3998668395416477
29407,0.7169999999999999,0,3,0,554235,51375,73723,34233,0.47588832487309646,0.3998808522567984
29408,0.7170000000000001,11,16,11,554251,51359,73734,34222,0.47574011634369556,0.39987847769948937
29409,0.7170238095238095,2,2,2,554253,51357,73736,34220,0.4757215902775205,0.3998737978662491
29410,0.7170357142857142,0,1,0,554254,51356,73736,34220,0.4757123272444329,0.3998784705992334
29411,0.7170454545454545,1,0,1,554254,51356,73737,34219,0.4757123272444329,0.3998714577855682
29412,0.7170634920634922,0,2,0,554256,51354,73737,34219,0.4756938011782578,0.3998808035244762
29413,0.7171190476190477,0,1,0,554257,51353,73737,34219,0.47568453814517025,0.39988547655775253
29414,0.7171428571428571,0,1,0,554258,51352,73737,34219,0.4756752751120827,0.39989014970024894
29415,0.7171428571428572,5,6,5,554264,51346,73742,34214,0.4756196969135574,0.3998831229546517
29416,0.7171504329004328,0,1,0,554265,51345,73742,34214,0.4756104338804698,0.3998877967250669
29417,0.7171666666666665,0,2,0,554267,51343,73742,34214,0.4755919078142947,0.3998971445936627
29418,0.7171666666666667,3,12,3,554279,51331,73745,34211,0.47548075141724405,0.39993219704940264
29419,0.7171666666666668,0,2,0,554281,51329,73745,34211,0.47546222535106897,0.39994154781388824
29420,0.71725,0,1,0,554282,51328,73745,34211,0.4754529623179814,0.39994622336010477
29421,0.7172579365079366,0,1,0,554283,51327,73745,34211,0.47544369928489383,0.3999508990156422
29422,0.7172857142857141,0,2,0,554285,51325,73745,34211,0.47542517321871874,0.3999602506546951
29423,0.7172857142857143,1,1,1,554286,51324,73746,34210,0.4754159101856312,0.3999579114737999
29424,0.717299062049062,0,1,0,554287,51323,73746,34210,0.4754066471525436,0.3999625875393123
29425,0.7173333333333332,1,5,1,554292,51318,73747,34209,0.47536033198710587,0.3999789540145217
29426,0.7173333333333334,5,17,5,554309,51301,73752,34204,0.47520286042461746,0.40002339044500324
29427,0.7173333333333335,0,1,0,554310,51300,73752,34204,0.4751935973915299,0.40002806886227543
29428,0.7173571428571428,0,1,0,554311,51299,73752,34204,0.4751843343584423,0.4000327473889805
29429,0.7173571428571429,0,1,0,554312,51298,73752,34204,0.47517507132535475,0.4000374260251222
29430,0.7173809523809525,1,0,1,554312,51298,73753,34203,0.47517507132535475,0.4000304090010643
29431,0.7174444444444444,0,1,0,554313,51297,73753,34203,0.47516580829226723,0.40003508771929824
29432,0.717452380952381,0,2,0,554315,51295,73753,34203,0.4751472822260921,0.4000444454841049
29433,0.7174563492063492,0,1,0,554316,51294,73753,34203,0.4751380191930046,0.4000491245306853
29434,0.7174920634920635,0,1,0,554317,51293,73753,34203,0.475128756159917,0.40005380368672216
29435,0.7174999999999998,2,3,2,554320,51290,73755,34201,0.47510096706065436,0.40005380683346786
29436,0.7175,56,111,56,554431,51179,73811,34145,0.4740727703879358,0.4001804884909287
29437,0.7175000000000001,1,2,1,554433,51177,73812,34144,0.47405424432176074,0.40018283892593853
29438,0.7175238095238095,0,1,0,554434,51176,73812,34144,0.4740449812886732,0.40018752930145335
29439,0.7176190476190476,1,1,1,554435,51175,73813,34143,0.4740357182555856,0.400185189526243
29440,0.7176666666666666,0,5,0,554440,51170,73813,34143,0.47398940309014786,0.40020864346582585
29441,0.7176666666666667,2,9,2,554449,51161,73815,34141,0.47390603579235985,0.40023680570209375
29442,0.7176666666666668,3,3,3,554452,51158,73818,34138,0.4738782466930972,0.4002297880322641
29443,0.7177341269841269,1,0,1,554452,51158,73819,34137,0.4738782466930972,0.400222756316314
29444,0.7177777777777777,0,1,0,554453,51157,73819,34137,0.4738689836600096,0.40022744858958426
29445,0.7177857142857142,0,1,0,554454,51156,73819,34137,0.47385972062692205,0.40023214097288173
29446,0.7178333333333333,2,6,2,554460,51150,73821,34135,0.47380414242839675,0.40024623321803365
29447,0.7178333333333334,0,1,0,554461,51149,73821,34135,0.4737948793953092,0.4002509263167769
29448,0.7178484848484848,0,2,0,554463,51147,73821,34135,0.4737763533291341,0.40026031284444546
29449,0.7178571428571427,2,3,2,554466,51144,73823,34133,0.47374856422987144,0.40026032810722706
29450,0.7178968253968253,0,2,0,554468,51142,73823,34133,0.4737300381636963,0.4002697156259162
29451,0.7179047619047619,0,1,0,554469,51141,73823,34133,0.4737207751306088,0.4002744095503905
29452,0.717929292929293,0,2,0,554471,51139,73823,34133,0.47370224906443364,0.40028379772961814
29453,0.7179484126984127,0,1,0,554472,51138,73823,34133,0.47369298603134613,0.4002884919843792
29454,0.7179761904761905,1,3,1,554475,51135,73824,34132,0.4736651969320834,0.40029554223791153
29455,0.718,13,28,13,554503,51107,73837,34119,0.4734058320056319,0.4003355783446366
29456,0.7180000000000001,1,3,1,554506,51104,73838,34118,0.47337804290636926,0.40034263453098967
29457,0.7180238095238096,0,1,0,554507,51103,73838,34118,0.4733687798732817,0.4003473322303188
29458,0.718047619047619,0,2,0,554509,51101,73838,34118,0.4733502538071066,0.40035672795972727
29459,0.7180714285714285,0,1,0,554510,51100,73838,34118,0.47334099077401903,0.40036142598981433
29460,0.7180952380952381,0,1,0,554511,51099,73838,34118,0.4733317277409315,0.4003661241301618
29461,0.7181428571428572,1,0,1,554511,51099,73839,34117,0.4733317277409315,0.400359087495306
29462,0.7181666666666665,0,3,0,554514,51096,73839,34117,0.4733039386416688,0.4003731824956286
29463,0.7181666666666666,3,3,3,554517,51093,73842,34114,0.47327614954240615,0.4003661670989473
29464,0.7181666666666667,2,4,2,554521,51089,73844,34112,0.47323909741005593,0.4003708876656377
29465,0.718166666666667,1,0,1,554521,51089,73845,34111,0.47323909741005593,0.40036384976525824
29466,0.7181754634254635,1,0,1,554521,51089,73846,34110,0.47323909741005593,0.40035681169966786
29467,0.7181904761904763,0,1,0,554522,51088,73846,34110,0.4732298343769684,0.4003615108335876
29468,0.7182142857142857,2,3,2,554525,51085,73848,34108,0.4732020452777057,0.40036153205075536
29469,0.7182272727272726,0,2,0,554527,51083,73848,34108,0.4731835192115306,0.40037093120165274
29470,0.7182976190476189,0,1,0,554528,51082,73848,34108,0.47317425617844305,0.40037563094259887
29471,0.7183333333333333,15,53,15,554581,51029,73863,34093,0.4726833154248027,0.4005192547167595
29472,0.7183333333333334,27,70,27,554651,50959,73890,34066,0.4720349031086739,0.40065862981476036
29473,0.7183452380952382,0,2,0,554653,50957,73890,34066,0.47201637704249877,0.40066805452642223
29474,0.7183571428571427,0,1,0,554654,50956,73890,34066,0.47200711400941125,0.4006727670485286
29475,0.7183571428571429,0,2,0,554656,50954,73890,34066,0.4719885879432361,0.40068219242531167
29476,0.7183809523809523,1,0,1,554656,50954,73891,34065,0.4719885879432361,0.40067514320328396
29477,0.7184148629148629,0,1,0,554657,50953,73891,34065,0.4719793249101486,0.40067985603048767
29478,0.7184166666666668,0,1,0,554658,50952,73891,34065,0.47197006187706103,0.40068456896855925
29479,0.7184642857142858,1,1,1,554659,50951,73892,34064,0.47196079884397346,0.40068223254719754
29480,0.7184761904761905,1,1,1,554660,50950,73893,34063,0.4719515358108859,0.4006798960159034
29481,0.7184999999999997,0,1,0,554661,50949,73893,34063,0.4719422727777984,0.4006846092316379
29482,0.7184999999999999,0,10,0,554671,50939,73893,34063,0.47184964244692285,0.4007317474882944
29483,0.7185000000000001,2,3,2,554674,50936,73895,34061,0.47182185334766014,0.40073179053378355
29484,0.7185119047619049,0,1,0,554675,50935,73895,34061,0.4718125903145726,0.40073650524730575
29485,0.7185238095238095,0,1,0,554676,50934,73895,34061,0.47180332728148505,0.40074122007176893
29486,0.7185714285714286,4,4,4,554680,50930,73899,34057,0.47176627514913483,0.4007318766399567
29487,0.7186111111111111,1,1,1,554681,50929,73900,34056,0.47175701211604726,0.4007295405071483
29488,0.7186587301587302,0,1,0,554682,50928,73900,34056,0.47174774908295974,0.40073425585992656
29489,0.7186666666666666,1,1,1,554683,50927,73901,34055,0.4717384860498722,0.4007319197006425
29490,0.7186666666666668,2,8,2,554691,50919,73903,34053,0.4716643817851717,0.4007555430024008
29491,0.7186904761904762,0,2,0,554693,50917,73903,34053,0.47164585571899664,0.4007649758738378
29492,0.7186904761904764,0,1,0,554694,50916,73903,34053,0.4716365926859091,0.4007696924760795
29493,0.7187261904761904,0,1,0,554695,50915,73903,34053,0.4716273296528215,0.4007744091893419
29494,0.71875,0,2,0,554697,50913,73903,34053,0.4716088035866464,0.40078384294894426
29495,0.7187857142857144,0,1,0,554698,50912,73903,34053,0.47159954055355885,0.40078855999529217
29496,0.7187923326673327,0,6,0,554704,50906,73903,34053,0.47154396235503354,0.4008168646052802
29497,0.7188095238095238,0,1,0,554705,50905,73903,34053,0.47153469932194597,0.4008215824289649
29498,0.718810606060606,1,0,1,554705,50905,73904,34052,0.47153469932194597,0.40081452970326165
29499,0.7188333333333332,2,4,2,554709,50901,73906,34050,0.47149764718959575,0.40081929582936043
29500,0.7188333333333334,0,2,0,554711,50899,73906,34050,0.47147912112342066,0.4008287325336378
29501,0.7188809523809523,0,3,0,554714,50896,73906,34050,0.471451332024158,0.40084288842323357
29502,0.7188888888888889,1,0,1,554714,50896,73907,34049,0.471451332024158,0.4008358349520278
29503,0.7189047619047619,1,0,1,554714,50896,73908,34048,0.471451332024158,0.40082878131474853
29504,0.7189166666666666,0,1,0,554715,50895,73908,34048,0.47144206899107044,0.4008335001118397
29505,0.7189285714285714,0,1,0,554716,50894,73908,34048,0.47143280595798287,0.4008382190200372
29506,0.7189444444444445,1,0,1,554716,50894,73909,34047,0.47143280595798287,0.4008311651617005
29507,0.7189761904761905,1,1,1,554717,50893,73910,34046,0.4714235429248953,0.4008288301016023
29508,0.7189999999999999,1,1,1,554718,50892,73911,34045,0.4714142798918078,0.4008264949315375
29509,0.7190000000000001,7,26,7,554744,50866,73918,34038,0.47117344103153136,0.4008998398190898
29510,0.7190238095238095,0,1,0,554745,50865,73918,34038,0.4711641779984438,0.40090456167626587
29511,0.7190476190476188,2,1,2,554746,50864,73920,34036,0.4711549149653563,0.4008951707891637
29512,0.7190476190476189,1,5,1,554751,50859,73921,34035,0.4711085997999185,0.4009117252102622
29513,0.7190476190476192,0,1,0,554752,50858,73921,34035,0.4710993367668309,0.4009164477636554
29514,0.7190595238095238,0,1,0,554753,50857,73921,34035,0.4710900737337434,0.40092117042830894
29515,0.719079365079365,0,4,0,554757,50853,73921,34035,0.4710530216013932,0.4009400621996042
29516,0.719095238095238,0,1,0,554758,50852,73921,34035,0.4710437585683056,0.400944785420618
29517,0.7191190476190477,1,1,1,554759,50851,73922,34034,0.47103449553521803,0.4009424515520999
29518,0.7191309523809524,1,1,1,554760,50850,73923,34033,0.4710252325021305,0.4009401175736013
29519,0.7191666666666666,8,22,8,554782,50828,73931,34025,0.4708214457742043,0.4009875903032303
29520,0.7191666666666667,11,30,11,554812,50798,73942,34014,0.47054355478157767,0.4010517379616092
29521,0.7191666666666668,0,4,0,554816,50794,73942,34014,0.47050650264922744,0.40107065371191397
29522,0.7191904761904762,0,1,0,554817,50793,73942,34014,0.47049723961613993,0.40107538292829603
29523,0.7192142857142854,0,2,0,554819,50791,73942,34014,0.4704787135499648,0.4010848416956547
29524,0.719222222222222,1,0,1,554819,50791,73943,34013,0.4704787135499648,0.40107777935003064
29525,0.7192422854922853,0,2,0,554821,50789,73943,34013,0.4704601874837897,0.40108723850852573
29526,0.71925,0,1,0,554822,50788,73943,34013,0.47045092445070213,0.40109196825509136
29527,0.7192857142857143,0,1,0,554823,50787,73943,34013,0.47044166141761457,0.40109669811320753
29528,0.7192857142857144,0,2,0,554825,50785,73943,34013,0.4704231353514395,0.40110615816410766
29529,0.7193174603174601,1,0,1,554825,50785,73944,34012,0.4704231353514395,0.4010990954868686
29530,0.7193253968253969,0,1,0,554826,50784,73944,34012,0.4704138723183519,0.4011038256521534
29531,0.7193333333333333,0,1,0,554827,50783,73944,34012,0.47040460928526434,0.40110855592900524
29532,0.7193333333333334,11,20,11,554847,50763,73955,34001,0.4702193486235133,0.40112547779717805
29533,0.7193611111111113,0,1,0,554848,50762,73955,34001,0.4702100855904257,0.40113021011526256
29534,0.7193809523809523,0,1,0,554849,50761,73955,34001,0.4702008225573382,0.40113494254500837
29535,0.7194444444444446,0,1,0,554850,50760,73955,34001,0.4701915595242506,0.40113967508641946
29536,0.7194999999999999,0,2,0,554852,50758,73955,34001,0.47017303345807554,0.4011491405042532
29537,0.7195,2,4,2,554856,50754,73957,33999,0.4701359813257253,0.4011539414533999
29538,0.7195000000000001,1,0,1,554856,50754,73958,33998,0.4701359813257253,0.4011468755899566
29539,0.7195238095238095,1,2,1,554858,50752,73959,33997,0.4701174552595502,0.40114927609765305
29540,0.7195833333333332,1,1,1,554859,50751,73960,33996,0.4701081922264626,0.40114694325462846
29541,0.7195833333333335,2,0,2,554859,50751,73962,33994,0.4701081922264626,0.40113281019529173
29542,0.7196190476190476,0,2,0,554861,50749,73962,33994,0.4700896661602875,0.401142277238238
29543,0.7196428571428573,1,0,1,554861,50749,73963,33993,0.4700896661602875,0.40113521040334194
29544,0.7196666666666666,0,1,0,554862,50748,73963,33993,0.47008040312719995,0.4011399440648564
29545,0.7196666666666667,4,12,4,554874,50736,73967,33989,0.46996924673014934,0.40116848627913837
29546,0.7196904761904761,1,0,1,554874,50736,73968,33988,0.46996924673014934,0.4011614182522072
29547,0.7197499999999999,0,2,0,554876,50734,73968,33988,0.4699507206639742,0.4011708883170841
29548,0.7197500000000001,0,1,0,554877,50733,73968,33988,0.4699414576308867,0.4011756235171917
29549,0.7197738095238094,0,1,0,554878,50732,73968,33988,0.4699321945977991,0.40118035882908404
29550,0.7198095238095239,1,1,1,554879,50731,73969,33987,0.46992293156471154,0.4011780259212918
29551,0.7198333333333332,0,3,0,554882,50728,73969,33987,0.4698951424654489,0.4011922327804993
29552,0.7198333333333333,5,7,5,554889,50721,73974,33982,0.469830301233836,0.40119004049443346
29553,0.7198333333333334,0,1,0,554890,50720,73974,33982,0.46982103820074844,0.40119477698283396
29554,0.7198809523809524,0,1,0,554891,50719,73974,33982,0.46981177516766087,0.4011995135830746
29555,0.719920634920635,0,1,0,554892,50718,73974,33982,0.46980251213457336,0.4012042502951594
29556,0.7199603174603173,0,3,0,554895,50715,73974,33982,0.4697747230353107,0.4012184611025184
29557,0.7199999999999999,4,7,4,554902,50708,73978,33978,0.4697098818036978,0.4012233427012729
29558,0.72,678,1350,678,556252,49358,74656,33300,0.45720478713549967,0.40286481647269473
29559,0.7200000000000002,2,8,2,556260,49350,74658,33298,0.4571306828707992,0.40288936211402576
29560,0.7200238095238095,0,1,0,556261,49349,74658,33298,0.45712141983771165,0.40289423693539994
29561,0.720047619047619,1,0,1,556261,49349,74659,33297,0.45712141983771165,0.40288701207559957
29562,0.7200833333333334,0,1,0,556262,49348,74659,33297,0.4571121568046241,0.4028918869865086
29563,0.7201190476190475,0,1,0,556263,49347,74659,33297,0.45710289377153657,0.4028967620153913
29564,0.7201587301587301,0,1,0,556264,49346,74659,33297,0.457093630738449,0.4029016371622521
29565,0.7201666666666665,0,2,0,556266,49344,74659,33297,0.4570751046722739,0.40291138780992486
29566,0.7201666666666666,3,8,3,556274,49336,74662,33294,0.45700100040757347,0.4029287183831538
29567,0.7201666666666668,1,2,1,556276,49334,74663,33293,0.4569824743413983,0.40293124523460855
29568,0.7202380952380952,0,1,0,556277,49333,74663,33293,0.4569732113083108,0.4029361218018541
29569,0.7202649572649572,0,1,0,556278,49332,74663,33293,0.45696394827522324,0.4029409984871407
29570,0.7202857142857142,0,1,0,556279,49331,74663,33293,0.45695468524213567,0.4029458752904725
29571,0.7202857142857144,0,1,0,556280,49330,74663,33293,0.45694542220904816,0.40295075221185384
29572,0.7203333333333332,0,1,0,556281,49329,74663,33293,0.4569361591759606,0.402955629251289
29573,0.7203333333333333,1,10,1,556291,49319,74664,33292,0.45684352884508506,0.40299717955235986
29574,0.7203333333333335,0,1,0,556292,49318,74664,33292,0.4568342658119975,0.4030020578622443
29575,0.7203571428571428,1,0,1,556292,49318,74665,33291,0.4568342658119975,0.402994831071675
29576,0.7203571428571429,0,1,0,556293,49317,74665,33291,0.4568250027789099,0.40299970947123764
29577,0.7203968253968255,0,1,0,556294,49316,74665,33291,0.45681573974582235,0.40300458798891137
29578,0.7204166666666666,1,2,1,556296,49314,74666,33290,0.45679721367964726,0.403007118299356
29579,0.7204761904761905,1,0,1,556296,49314,74667,33289,0.45679721367964726,0.4029998910451194
29580,0.7204999999999998,0,2,0,556298,49312,74667,33289,0.4567786876134722,0.40300964879359813
29581,0.7204999999999999,6,4,6,556302,49308,74673,33283,0.45674163548112195,0.4029857974839874
29582,0.7205000000000001,2,1,2,556303,49307,74675,33281,0.4567323724480344,0.4029762193054681
29583,0.7205238095238095,0,1,0,556304,49306,74675,33281,0.4567231094149468,0.40298109872013754
29584,0.7205238095238096,0,1,0,556305,49305,74675,33281,0.4567138463818593,0.40298597825297267
29585,0.7205555555555556,1,1,1,556306,49304,74676,33280,0.45670458334877173,0.40298362879008043
29586,0.7206031746031748,1,0,1,556306,49304,74677,33279,0.45670458334877173,0.402976399501108
29587,0.720642857142857,0,2,0,556308,49302,74677,33279,0.4566860572825966,0.4029861590438479
29588,0.7206547619047619,0,1,0,556309,49301,74677,33279,0.4566767942495091,0.4029910389924921
29589,0.7206666666666665,1,2,1,556311,49299,74678,33278,0.45665826818333394,0.4029935696380348
29590,0.7206666666666667,5,27,5,556338,49272,74683,33273,0.45640816628997,0.40308922405960385
29591,0.7206666666666668,1,1,1,556339,49271,74684,33272,0.4563989032568824,0.40308687593133274
29592,0.7206746031746032,1,0,1,556339,49271,74685,33271,0.4563989032568824,0.4030796443022946
29593,0.7207142857142856,0,2,0,556341,49269,74685,33271,0.45638037719070734,0.4030894111945723
29594,0.7207499999999999,0,1,0,556342,49268,74685,33271,0.4563711141576198,0.40309429481820713
29595,0.72075,0,3,0,556345,49265,74685,33271,0.4563433250583571,0.403108946399147
29596,0.7207857142857143,0,1,0,556346,49264,74685,33271,0.45633406202526955,0.4031138304961531
29597,0.7208095238095237,0,1,0,556347,49263,74685,33271,0.456324798992182,0.40311871471151284
29598,0.7208333333333331,1,0,1,556347,49263,74686,33270,0.456324798992182,0.4031114826796554
29599,0.7208333333333333,6,28,6,556375,49235,74692,33264,0.45606543406573047,0.4032048873319677
29600,0.7208333333333334,12,36,12,556411,49199,74704,33252,0.4557319648745785,0.40329407769463077
29601,0.7208809523809524,2,0,2,556411,49199,74706,33250,0.4557319648745785,0.4032796031486131
29602,0.7209166666666667,0,1,0,556412,49198,74706,33250,0.455722701841491,0.4032844944692412
29603,0.7209469696969698,0,4,0,556416,49194,74706,33250,0.45568564970914077,0.4033040609383339
29604,0.7209523809523809,0,1,0,556417,49193,74706,33250,0.4556763866760532,0.4033089528522737
29605,0.720952380952381,1,5,1,556422,49188,74707,33249,0.4556300715106154,0.4033261763528513
29606,0.7209848484848485,0,2,0,556424,49186,74707,33249,0.4556115454444403,0.4033359616667678
29607,0.721,3,28,3,556452,49158,74710,33246,0.4553521805179888,0.40345128877238967
29608,0.7210000000000001,2,3,2,556455,49155,74712,33244,0.45532439141872616,0.4034514981977937
29609,0.7210238095238095,1,0,1,556455,49155,74713,33243,0.45532439141872616,0.40344425835578535
29610,0.7210357142857142,0,3,0,556458,49152,74713,33243,0.4552966023194635,0.40345894775168395
29611,0.7210375180375179,0,1,0,556459,49151,74713,33243,0.45528733928637594,0.4034638444546933
29612,0.7210555555555556,1,1,1,556460,49150,74714,33242,0.45527807625328837,0.4034615011166133
29613,0.7211428571428571,1,0,1,556460,49150,74715,33241,0.45527807625328837,0.4034542607809105
29614,0.7211666666666666,1,0,1,556460,49150,74716,33240,0.45527807625328837,0.4034470202694502
29615,0.7211666666666667,1,3,1,556463,49147,74717,33239,0.4552502871540257,0.4034544704197315
29616,0.7211904761904762,1,0,1,556463,49147,74718,33238,0.4552502871540257,0.40344722947138434
29617,0.7212499999999998,0,1,0,556464,49146,74718,33238,0.45524102412093814,0.4034521266265294
29618,0.72125,0,1,0,556465,49145,74718,33238,0.45523176108785063,0.403457023900562
29619,0.7212857142857142,0,1,0,556466,49144,74718,33238,0.45522249805476306,0.40346192129348646
29620,0.7212857142857143,0,1,0,556467,49143,74718,33238,0.4552132350216755,0.40346681880530705
29621,0.7213095238095238,1,0,1,556467,49143,74719,33237,0.4552132350216755,0.4034595775673707
29622,0.7213333333333333,3,11,3,556478,49132,74722,33234,0.4551113416577124,0.40349173202535027
29623,0.7213333333333334,2,3,2,556481,49129,74724,33232,0.45508355255844973,0.4034919440026226
29624,0.7213571428571428,0,1,0,556482,49128,74724,33232,0.45507428952536216,0.40349684312773193
29625,0.7213809523809525,0,1,0,556483,49127,74724,33232,0.45506502649227465,0.4035017423718112
29626,0.7214642857142856,0,1,0,556484,49126,74724,33232,0.4550557634591871,0.40350664173486483
29627,0.7214761904761906,0,1,0,556485,49125,74724,33232,0.4550465004260995,0.40351154121689714
29628,0.7214999999999999,1,2,1,556487,49123,74725,33231,0.4550279743599244,0.40351409767588703
29629,0.7215,4,11,4,556498,49112,74729,33227,0.4549260809959613,0.40353902767825695
29630,0.721547619047619,0,1,0,556499,49111,74729,33227,0.45491681796287375,0.40354392868420413
29631,0.7215714285714285,0,1,0,556500,49110,74729,33227,0.4549075549297862,0.40354882980919876
29632,0.7216450216450216,1,3,1,556503,49107,74730,33226,0.45487976583052353,0.40355628970157775
29633,0.7216666666666666,29,56,29,556559,49051,74759,33197,0.4543610359776205,0.4036207567357261
29634,0.7216666666666667,33,48,33,556607,49003,74792,33164,0.45391641038941793,0.40361702386602893
29635,0.7216666666666669,1,1,1,556608,49002,74793,33163,0.45390714735633036,0.4036146777825108
29636,0.7217619047619048,0,1,0,556609,49001,74793,33163,0.4538978843232428,0.40361959008811643
29637,0.7217738095238094,0,1,0,556610,49000,74793,33163,0.4538886212901552,0.40362450251329673
29638,0.7217777777777777,0,1,0,556611,48999,74793,33163,0.4538793582570677,0.40362941505805605
29639,0.7217857142857145,0,1,0,556612,48998,74793,33163,0.45387009522398014,0.4036343277223987
29640,0.7218333333333332,1,0,1,556612,48998,74794,33162,0.45387009522398014,0.40362706913339824
29641,0.7218333333333333,4,4,4,556616,48994,74798,33158,0.4538330430916299,0.4036176842925309
29642,0.721904761904762,1,0,1,556616,48994,74799,33157,0.4538330430916299,0.40361042470572484
29643,0.721952380952381,0,1,0,556617,48993,74799,33157,0.45382378005854235,0.4036153377967133
29644,0.7219642857142857,1,0,1,556617,48993,74800,33156,0.45382378005854235,0.4036080780046014
29645,0.7219761904761904,0,1,0,556618,48992,74800,33156,0.45381451702545483,0.40361299118663874
29646,0.7219999999999999,1,1,1,556619,48991,74801,33155,0.45380525399236726,0.40361064446229883
29647,0.722,10,23,10,556642,48968,74811,33145,0.4535922042313535,0.40365106621363245
29648,0.722047619047619,0,1,0,556643,48967,74811,33145,0.453582941198266,0.4036559820732658
29649,0.7221428571428572,0,2,0,556645,48965,74811,33145,0.45356441513209084,0.4036658141517477
29650,0.7221666666666665,0,2,0,556647,48963,74811,33145,0.45354588906591575,0.40367564670921224
29651,0.7221666666666667,0,5,0,556652,48958,74811,33145,0.45349957390047796,0.4037002301986529
29652,0.7221825396825394,0,2,0,556654,48956,74811,33145,0.4534810478343029,0.40371006443283275
29653,0.7221904761904762,0,2,0,556656,48954,74811,33145,0.45346252176812774,0.4037198991461528
29654,0.7222222222222223,0,2,0,556658,48952,74811,33145,0.45344399570195265,0.40372973433864817
29655,0.72225,0,1,0,556659,48951,74811,33145,0.4534347326688651,0.4037346521145975
29656,0.7222878787878787,1,2,1,556661,48949,74812,33144,0.45341620660269,0.4037372248547379
29657,0.7223333333333332,1,2,1,556663,48947,74813,33143,0.45339768053651486,0.4037397977829212
29658,0.7223333333333334,2,13,2,556676,48934,74815,33141,0.45327726110637667,0.4037892171794091
29659,0.7223809523809525,0,1,0,556677,48933,74815,33141,0.4532679980732891,0.40379413699831856
29660,0.7223809523809526,1,0,1,556677,48933,74816,33140,0.4532679980732891,0.40378687266214225
29661,0.7224285714285713,0,1,0,556678,48932,74816,33140,0.4532587350402016,0.40379179257237546
29662,0.7224444444444446,0,1,0,556679,48931,74816,33140,0.453249472007114,0.4037967126025027
29663,0.722452380952381,0,2,0,556681,48929,74816,33140,0.4532309459409389,0.4038065530224567
29664,0.7224999999999998,1,3,1,556684,48926,74817,33139,0.4532031568416762,0.40381404983854263
29665,0.7225,49,123,49,556807,48803,74866,33090,0.4520638037719071,0.4040638394001929
29666,0.7225000000000001,3,8,3,556815,48795,74869,33087,0.45198969950720663,0.404081483109841
29667,0.7225476190476191,0,2,0,556817,48793,74869,33087,0.45197117344103155,0.4040913531998046
29668,0.7225714285714285,0,1,0,556818,48792,74869,33087,0.451961910407944,0.40409628842560363
29669,0.7225833333333332,1,1,1,556819,48791,74870,33086,0.4519526473748564,0.4040939457967439
29670,0.7226190476190477,1,0,1,556819,48791,74871,33085,0.4519526473748564,0.40408666764375395
29671,0.722645104895105,0,1,0,556820,48790,74871,33085,0.4519433843417689,0.4040916030534351
29672,0.7226666666666666,0,3,0,556823,48787,74871,33085,0.4519155952425062,0.40410641000586284
29673,0.7226666666666667,4,14,4,556837,48773,74875,33081,0.45178591277928043,0.4041464070173724
29674,0.7226666666666668,1,3,1,556840,48770,74876,33080,0.4517581236800178,0.40415394013439215
29675,0.7227380952380952,0,1,0,556841,48769,74876,33080,0.4517488606469302,0.40415887793375604
29676,0.7227857142857143,0,1,0,556842,48768,74876,33080,0.4517395976138427,0.40416381585377775
29677,0.7227976190476191,1,0,1,556842,48768,74877,33079,0.4517395976138427,0.4041565359756619
29678,0.7228333333333333,0,2,0,556844,48766,74877,33079,0.45172107154766755,0.4041664121204716
29679,0.7228373015873016,0,3,0,556847,48763,74877,33079,0.4516932824484049,0.40418122724273603
29680,0.7228571428571428,1,5,1,556852,48758,74878,33078,0.45164696728296716,0.40419864118480864
29681,0.7228809523809523,1,0,1,556852,48758,74879,33077,0.45164696728296716,0.40419136066475225
29682,0.7229166666666665,0,2,0,556854,48756,74879,33077,0.451628441216792,0.4042012391089169
29683,0.7229761904761905,1,0,1,556854,48756,74880,33076,0.451628441216792,0.40419395835370026
29684,0.7229999999999999,0,2,0,556856,48754,74880,33076,0.45160991515061694,0.40420383722351216
29685,0.723,5,16,5,556872,48738,74885,33071,0.45146170662121604,0.40424647654903495
29686,0.7230000000000001,3,5,3,556877,48733,74888,33068,0.4514153914557783,0.40424933680517355
29687,0.7230238095238096,0,1,0,556878,48732,74888,33068,0.45140612842269073,0.40425427872860636
29688,0.723047619047619,1,0,1,556878,48732,74889,33067,0.45140612842269073,0.4042469956845438
29689,0.7230555555555556,0,1,0,556879,48731,74889,33067,0.45139686538960316,0.40425193770018825
29690,0.723095238095238,0,4,0,556883,48727,74889,33067,0.45135981325725294,0.4042717069711715
29691,0.7231190476190476,2,0,2,556883,48727,74891,33065,0.45135981325725294,0.40425714006259783
29692,0.7231428571428572,0,1,0,556884,48726,74891,33065,0.4513505502241654,0.4042620826252277
29693,0.7231666666666666,5,5,5,556889,48721,74896,33060,0.45130423505872763,0.4042503760042064
29694,0.7232142857142856,0,1,0,556890,48720,74896,33060,0.45129497202564006,0.40425531914893614
29695,0.7232142857142857,1,0,1,556890,48720,74897,33059,0.45129497202564006,0.40424803433644335
29696,0.7232142857142858,1,0,1,556890,48720,74898,33058,0.45129497202564006,0.4042407493457898
29697,0.7233333333333332,2,0,2,556890,48720,74900,33056,0.45129497202564006,0.4042261788299746
29698,0.7233333333333333,48,97,48,556987,48623,74948,33008,0.45039645781614734,0.40435618821281133
29699,0.7233333333333334,47,115,47,557102,48508,74995,32961,0.4493312090110786,0.4045833384477531
29700,0.7233333333333336,1,0,1,557102,48508,74996,32960,0.4493312090110786,0.4045760298522119
29701,0.7233531746031747,0,1,0,557103,48507,74996,32960,0.449321945977991,0.4045809959861048
29702,0.7233809523809523,0,1,0,557104,48506,74996,32960,0.44931268294490345,0.4045859622419169
29703,0.7233809523809525,1,0,1,557104,48506,74997,32959,0.44931268294490345,0.40457865340943966
29704,0.7234166666666666,0,1,0,557105,48505,74997,32959,0.44930341991181594,0.4045836197584209
29705,0.7234682539682541,0,2,0,557107,48503,74997,32959,0.4492848938456408,0.40459355282217474
29706,0.7234761904761905,0,2,0,557109,48501,74997,32959,0.4492663677794657,0.4046034863736803
29707,0.7234963369963369,0,1,0,557110,48500,74997,32959,0.44925710474637814,0.40460845333235124
29708,0.7234999999999998,0,1,0,557111,48499,74997,32959,0.4492478417132906,0.40461342041297355
29709,0.7234999999999999,8,12,8,557123,48487,75005,32951,0.44913668531623996,0.40461455340258845
29710,0.7235,0,1,0,557124,48486,75005,32951,0.4491274222831524,0.40461952183896754
29711,0.7235238095238095,1,2,1,557126,48484,75006,32950,0.4491088962169773,0.40462214799715107
29712,0.7235238095238096,1,3,1,557129,48481,75007,32949,0.44908110711771465,0.4046297433378362
29713,0.7235476190476188,0,1,0,557130,48480,75007,32949,0.4490718440846271,0.40463471244888183
29714,0.7235714285714288,0,2,0,557132,48478,75007,32949,0.44905331801845194,0.40464465103712527
29715,0.7236060606060606,1,0,1,557132,48478,75008,32948,0.44905331801845194,0.4046373394247538
29716,0.7236111111111111,0,1,0,557133,48477,75008,32948,0.4490440549853644,0.4046423088731962
29717,0.7236428571428571,1,0,1,557133,48477,75009,32947,0.4490440549853644,0.4046349970524661
29718,0.7236666666666666,2,3,2,557136,48474,75011,32945,0.4490162658861017,0.40463528169100577
29719,0.7236666666666668,2,6,2,557142,48468,75013,32943,0.4489606876875764,0.40465047720823966
29720,0.7237142857142856,0,1,0,557143,48467,75013,32943,0.44895142465448884,0.40465544773369366
29721,0.7237499999999999,0,2,0,557145,48465,75013,32943,0.44893289858831376,0.4046653891509434
29722,0.72375,1,4,1,557149,48461,75014,32942,0.44889584645596353,0.40467796027173447
29723,0.723775974025974,1,0,1,557149,48461,75015,32941,0.44889584645596353,0.40467064691285226
29724,0.7238095238095238,0,2,0,557151,48459,75015,32941,0.44887732038978845,0.4046805896805897
29725,0.7238333333333332,1,6,1,557157,48453,75016,32940,0.4488217421912631,0.40470310714680624
29726,0.7238333333333334,0,4,0,557161,48449,75016,32940,0.4487846900589129,0.4047229969651919
29727,0.7238333333333336,0,1,0,557162,48448,75016,32940,0.44877542702582535,0.40472796972526665
29728,0.7238888888888888,0,1,0,557163,48447,75016,32940,0.4487661639927378,0.4047329426075417
29729,0.7239642857142858,2,3,2,557166,48444,75018,32938,0.4487383748934751,0.4047332333931336
29730,0.7239999999999998,1,0,1,557166,48444,75019,32937,0.4487383748934751,0.40472591882626163
29731,0.7239999999999999,1,4,1,557170,48440,75020,32936,0.4487013227611249,0.4047384978372002
29732,0.7240000000000001,20,29,20,557199,48411,75040,32916,0.4484326948015858,0.40473643439448154
29733,0.7241666666666666,12,37,12,557236,48374,75052,32904,0.44808996257734635,0.40483279608258077
29734,0.7241666666666667,19,26,19,557262,48348,75071,32885,0.4478491237170699,0.4048231630002585
29735,0.7242857142857142,1,0,1,557262,48348,75072,32884,0.4478491237170699,0.4048158361236951
29736,0.7242857142857143,0,9,0,557271,48339,75072,32884,0.44776575641928196,0.4048606921684744
29737,0.7243095238095236,0,1,0,557272,48338,75072,32884,0.4477564933861944,0.4048656767870774
29738,0.7243333333333333,1,1,1,557273,48337,75073,32883,0.4477472303531068,0.4048633341541492
29739,0.7243333333333334,4,8,4,557281,48329,75077,32879,0.44767312608840637,0.4048739040488622
29740,0.7243939393939394,0,1,0,557282,48328,75077,32879,0.44766386305531886,0.40487888975088354
29741,0.7244166666666666,0,1,0,557283,48327,75077,32879,0.4476546000222313,0.4048838755756964
29742,0.7244285714285713,1,0,1,557283,48327,75078,32878,0.4476546000222313,0.40487654701065207
29743,0.7244444444444444,1,0,1,557283,48327,75079,32877,0.4476546000222313,0.4048692182651101
29744,0.724452380952381,0,1,0,557284,48326,75079,32877,0.4476453369891437,0.4048742041550189
29745,0.7244999999999999,1,2,1,557286,48324,75080,32876,0.44762681092296863,0.4048768472906404
29746,0.7245,0,7,0,557293,48317,75080,32876,0.44756196969135575,0.4049117534762849
29747,0.7245000000000001,0,1,0,557294,48316,75080,32876,0.4475527066582682,0.404916740565573
29748,0.7245119047619049,1,1,1,557295,48315,75081,32875,0.4475434436251806,0.4049143983249169
29749,0.7245238095238095,0,1,0,557296,48314,75081,32875,0.4475341805920931,0.4049193856310584
29750,0.7245595238095237,1,1,1,557297,48313,75082,32874,0.44752491755900553,0.4049170433690123
29751,0.7245833333333331,0,1,0,557298,48312,75082,32874,0.44751565452591796,0.4049220308920257
29752,0.7246190476190476,1,0,1,557298,48312,75083,32873,0.44751565452591796,0.40491470099156246
29753,0.724642857142857,0,1,0,557299,48311,75083,32873,0.4475063914928304,0.40491968860859284
29754,0.7246428571428573,0,2,0,557301,48309,75083,32873,0.4474878654266553,0.40492966421127835
29755,0.7246666666666666,1,3,1,557304,48306,75084,32872,0.44746007632739265,0.40493729828278596
29756,0.7246666666666667,5,15,5,557319,48291,75089,32867,0.4473211308310793,0.4049754799280416
29757,0.7247142857142856,0,1,0,557320,48290,75089,32867,0.44731186779799176,0.4049804699533004
29758,0.7247265071529775,0,1,0,557321,48289,75089,32867,0.44730260476490424,0.40498546010153286
29759,0.7247499999999999,0,2,0,557323,48287,75089,32867,0.4472840786987291,0.40499544076693694
29760,0.7248095238095238,0,2,0,557325,48285,75089,32867,0.447265552632554,0.40500542192429023
29761,0.7248333333333332,3,2,3,557327,48283,75092,32864,0.4472470265663789,0.4049934070267539
29762,0.7248333333333333,2,7,2,557334,48276,75094,32862,0.447182185334766,0.40501368039636176
29763,0.7248333333333334,0,3,0,557337,48273,75094,32862,0.44715439623550335,0.4050286559437974
29764,0.7248549783549783,1,0,1,557337,48273,75095,32861,0.44715439623550335,0.4050213227500185
29765,0.7248690476190477,0,1,0,557338,48272,75095,32861,0.4471451332024158,0.40502631481641255
29766,0.7248809523809523,1,1,1,557339,48271,75096,32860,0.44713587016932826,0.4050239735736032
29767,0.7248809523809524,0,1,0,557340,48270,75096,32860,0.4471266071362407,0.4050289658572661
29768,0.7248809523809525,0,1,0,557341,48269,75096,32860,0.4471173441031531,0.4050339582639993
29769,0.7249523809523811,0,1,0,557342,48268,75096,32860,0.44710808107006556,0.4050389507938073
29770,0.7249999999999999,0,9,0,557351,48259,75096,32860,0.4470247137722776,0.405083889101197
29771,0.725,179,410,179,557761,47849,75275,32681,0.44322687020638035,0.40582391655283745
29772,0.7250000000000001,1,5,1,557766,47844,75276,32680,0.4431805550409426,0.40584173662510553
29773,0.7251190476190474,0,1,0,557767,47843,75276,32680,0.44317129200785504,0.40584677669734115
29774,0.7251428571428571,2,0,2,557767,47843,75278,32678,0.44317129200785504,0.4058320189764161
29775,0.7251666666666665,1,0,1,557767,47843,75279,32677,0.44317129200785504,0.4058246398410333
29776,0.7251666666666666,2,11,2,557778,47832,75281,32675,0.44306939864389194,0.40586532848075324
29777,0.7251666666666668,0,1,0,557779,47831,75281,32675,0.44306013561080443,0.4058703699103172
29778,0.7251785714285713,0,1,0,557780,47830,75281,32675,0.44305087257771686,0.4058754114651264
29779,0.7252142857142857,0,1,0,557781,47829,75281,32675,0.4430416095446293,0.40588045314518534
29780,0.7252380952380952,1,1,1,557782,47828,75282,32674,0.4430323465115417,0.40587811482944525
29781,0.7252380952380953,0,1,0,557783,47827,75282,32674,0.4430230834784542,0.4058831567309723
29782,0.7252777777777777,0,1,0,557784,47826,75282,32674,0.44301382044536664,0.405888198757764
29783,0.7252857142857142,0,1,0,557785,47825,75282,32674,0.44300455741227907,0.405893240909825
29784,0.7253333333333332,0,1,0,557786,47824,75282,32674,0.4429952943791915,0.4058982831871599
29785,0.7253333333333333,6,11,6,557797,47813,75288,32668,0.44289340101522845,0.4059094693157391
29786,0.7253333333333335,1,1,1,557798,47812,75289,32667,0.4428841379821409,0.4059071310528212
29787,0.7253452380952382,0,2,0,557800,47810,75289,32667,0.44286561191596574,0.4059172185841918
29788,0.7253571428571428,0,1,0,557801,47809,75289,32667,0.4428563488828782,0.4059222625378995
29789,0.7254166666666666,0,1,0,557802,47808,75289,32667,0.44284708584979066,0.4059273066169618
29790,0.725452380952381,0,1,0,557803,47807,75289,32667,0.4428378228167031,0.4059323508213833
29791,0.7254761904761905,0,1,0,557804,47806,75289,32667,0.44282855978361557,0.4059373951511687
29792,0.7254999999999999,2,14,2,557818,47792,75291,32665,0.44269887732038976,0.40599326348235704
29793,0.7255000000000001,0,2,0,557820,47790,75291,32665,0.4426803512542147,0.40600335591324344
29794,0.7255000000000003,1,0,1,557820,47790,75292,32664,0.4426803512542147,0.40599597285405326
29795,0.725547619047619,0,4,0,557824,47786,75292,32664,0.44264329912186445,0.4060161591050342
29796,0.7255555555555556,0,2,0,557826,47784,75292,32664,0.44262477305568937,0.40602625298329353
29797,0.7255595238095238,0,1,0,557827,47783,75292,32664,0.4426155100226018,0.4060313001106318
29798,0.7256410256410255,0,1,0,557828,47782,75292,32664,0.44260624698951423,0.4060363473634488
29799,0.7256666666666667,1,12,1,557840,47770,75293,32663,0.4424950905924636,0.40608954036278644
29800,0.7256666666666668,1,3,1,557843,47767,75294,32662,0.44246730149320096,0.4060973032115282
29801,0.7257142857142856,3,6,3,557849,47761,75297,32659,0.4424117232946756,0.4061054464063666
29802,0.7257142857142859,0,1,0,557850,47760,75297,32659,0.4424024602615881,0.40611049627575574
29803,0.7257619047619047,0,1,0,557851,47759,75297,32659,0.4423931972285005,0.40611554627073543
29804,0.7257857142857143,0,1,0,557852,47758,75297,32659,0.44238393419541294,0.4061205963913103
29805,0.7257857142857144,1,0,1,557852,47758,75298,32658,0.44238393419541294,0.40611321130123357
29806,0.7258333333333333,5,24,5,557876,47734,75303,32653,0.44216162140131166,0.40619751949942157
29807,0.7258333333333334,8,21,8,557897,47713,75311,32645,0.441967097706473,0.406244555613629
29808,0.7258571428571428,0,3,0,557900,47710,75311,32645,0.44193930860721037,0.4062597224814884
29809,0.7259166666666667,0,1,0,557901,47709,75311,32645,0.4419300455741228,0.4062647783557757
29810,0.725952380952381,0,1,0,557902,47708,75311,32645,0.44192078254103523,0.4062698343559046
29811,0.7259642857142856,0,1,0,557903,47707,75311,32645,0.44191151950794766,0.4062748904818797
29812,0.7259722222222221,0,3,0,557906,47704,75311,32645,0.441883730408685,0.40629005961492987
29813,0.7259761904761907,0,1,0,557907,47703,75311,32645,0.4418744673755975,0.4062951162443371
29814,0.726,17,39,17,557946,47664,75328,32628,0.4415132090851829,0.4063667613211777
29815,0.7260000000000001,1,10,1,557956,47654,75329,32627,0.4414205787543073,0.4064099849279406
29816,0.7260198412698413,1,1,1,557957,47653,75330,32626,0.4414113157212198,0.40640765330908457
29817,0.7260436507936509,0,1,0,557958,47652,75330,32626,0.4414020526881322,0.4064127158125514
29818,0.7260714285714286,0,1,0,557959,47651,75330,32626,0.44139278965504464,0.40641777844214405
29819,0.7260833333333332,1,0,1,557959,47651,75331,32625,0.44139278965504464,0.4064103841745976
29820,0.7261190476190476,2,2,2,557961,47649,75333,32623,0.44137426358886955,0.4064057205501296
29821,0.7261269841269842,0,1,0,557962,47648,75333,32623,0.441365000555782,0.406410783470992
29822,0.7261428571428571,0,1,0,557963,47647,75333,32623,0.4413557375226944,0.4064158465180017
29823,0.7261428571428573,0,1,0,557964,47646,75333,32623,0.4413464744896069,0.40642090969116346
29824,0.7261666666666666,2,1,2,557965,47645,75335,32621,0.44133721145651933,0.406411182817133
29825,0.7261666666666667,0,4,0,557969,47641,75335,32621,0.4413001593241691,0.40643143704368195
29826,0.7261904761904762,0,2,0,557971,47639,75335,32621,0.441281633257994,0.4064415649140294
29827,0.7262142857142857,0,1,0,557972,47638,75335,32621,0.44127237022490645,0.4064466290384879
29828,0.7262380952380955,0,1,0,557973,47637,75335,32621,0.4412631071918189,0.4064516932891425
29829,0.7262499999999998,1,0,1,557973,47637,75336,32620,0.4412631071918189,0.40644429769365914
29830,0.72625,1,2,1,557975,47635,75337,32619,0.4412445811256438,0.40644703067759863
29831,0.7262777777777778,1,0,1,557975,47635,75338,32618,0.4412445811256438,0.4064396346554023
29832,0.7263095238095238,1,0,1,557975,47635,75339,32617,0.4412445811256438,0.406432238448886
29833,0.7263181818181819,1,0,1,557975,47635,75340,32616,0.4412445811256438,0.4064248420580429
29834,0.7263333333333333,1,8,1,557983,47627,75341,32615,0.44117047686094335,0.40645796465691286
29835,0.7263333333333334,1,3,1,557986,47624,75342,32614,0.4411426877616807,0.40646576435105564
29836,0.7264166666666667,0,2,0,557988,47622,75342,32614,0.44112416169550556,0.4064758961064859
29837,0.7264761904761903,0,1,0,557989,47621,75342,32614,0.44111489866241804,0.406480962173615
29838,0.7264761904761906,1,0,1,557989,47621,75343,32613,0.44111489866241804,0.40647356482289304
29839,0.7264999999999999,0,5,0,557994,47616,75343,32613,0.44106858349698025,0.406498896907602
29840,0.7265,1,10,1,558004,47606,75344,32612,0.4409759531661047,0.40654217257972025
29841,0.7265238095238093,0,1,0,558005,47605,75344,32612,0.44096669013301715,0.4065472406098458
29842,0.7266190476190476,0,1,0,558006,47604,75344,32612,0.4409574270999296,0.4065523087663309
29843,0.7266666666666666,55,126,55,558132,47478,75399,32557,0.4397902849308978,0.4067845317673518
29844,0.7266666666666667,37,95,37,558227,47383,75436,32520,0.43891029678758015,0.4069934795940077
29845,0.7267499999999998,0,2,0,558229,47381,75436,32520,0.438891770721405,0.4070036670379595
29846,0.72675,0,1,0,558230,47380,75436,32520,0.43888250768831744,0.407008760951189
29847,0.7267738095238095,0,3,0,558233,47377,75436,32520,0.4388547185890548,0.40702404345594956
29848,0.7267857142857143,0,1,0,558234,47376,75436,32520,0.43884545555596727,0.407029137879243
29849,0.7268333333333332,0,1,0,558235,47375,75436,32520,0.4388361925228797,0.4070342324300645
29850,0.7268333333333333,1,11,1,558246,47364,75437,32519,0.4387342991589166,0.4070828586808207
29851,0.7268333333333336,0,1,0,558247,47363,75437,32519,0.438725036125829,0.4070879547332315
29852,0.7268888888888889,1,0,1,558247,47363,75438,32518,0.438725036125829,0.40708053229178404
29853,0.7269047619047619,1,0,1,558247,47363,75439,32517,0.438725036125829,0.4070731096644967
29854,0.726952380952381,0,1,0,558248,47362,75439,32517,0.4387157730927415,0.4070782057862517
29855,0.7269999999999999,2,1,2,558249,47361,75441,32515,0.43870651005965394,0.4070684561069658
29856,0.727,5,16,5,558265,47345,75446,32510,0.43855830153025305,0.407112892116962
29857,0.7270000000000002,1,0,1,558265,47345,75447,32509,0.43855830153025305,0.40710546747814763
29858,0.7270238095238095,2,0,2,558265,47345,75449,32507,0.43855830153025305,0.4070906176426389
29859,0.7270238095238096,0,2,0,558267,47343,75449,32507,0.43853977546407796,0.40710081402629933
29860,0.7270833333333334,0,1,0,558268,47342,75449,32507,0.4385305124309904,0.40710591240967325
29861,0.7270952380952381,0,2,0,558270,47340,75449,32507,0.4385119863648153,0.4071161095595326
29862,0.7271153846153845,0,1,0,558271,47339,75449,32507,0.43850272333172774,0.4071212083260276
29863,0.7271428571428571,0,1,0,558272,47338,75449,32507,0.43849346029864017,0.40712630722023924
29864,0.7271428571428572,1,2,1,558274,47336,75450,32506,0.4384749342324651,0.4071290799328674
29865,0.7271547619047619,0,3,0,558277,47333,75450,32506,0.43844714513320243,0.40714437806084747
29866,0.7271666666666665,2,3,2,558280,47330,75452,32504,0.4384193560339398,0.40714482551293935
29867,0.7271666666666667,1,6,1,558286,47324,75453,32503,0.4383637778354144,0.40716800080173376
29868,0.7271666666666668,0,1,0,558287,47323,75453,32503,0.4383545148023269,0.40717310149575325
29869,0.727176046176046,1,0,1,558287,47323,75454,32502,0.4383545148023269,0.4071656749138741
29870,0.7272222222222223,0,1,0,558288,47322,75454,32502,0.43834525176923933,0.4071707757065544
29871,0.72725,0,1,0,558289,47321,75454,32502,0.43833598873615176,0.4071758766270373
29872,0.7272857142857143,0,1,0,558290,47320,75454,32502,0.4383267257030642,0.4071809776753276
29873,0.7273333333333332,1,2,1,558292,47318,75455,32501,0.4383081996368891,0.40718375324170936
29874,0.7273333333333334,7,8,7,558300,47310,75462,32494,0.43823409537218866,0.40717257280336827
29875,0.7273333333333335,0,4,0,558304,47306,75462,32494,0.43819704323983844,0.40719298245614033
29876,0.7273571428571428,0,1,0,558305,47305,75462,32494,0.4381877802067509,0.40719808518903744
29877,0.7273809523809525,1,2,1,558307,47303,75463,32493,0.4381692541405758,0.40720086219860646
29878,0.7274166666666667,0,1,0,558308,47302,75463,32493,0.4381599911074882,0.40720596528604547
29879,0.7274285714285714,0,1,0,558309,47301,75463,32493,0.4381507280744007,0.4072110685013911
29880,0.7274523809523807,0,2,0,558311,47299,75463,32493,0.43813220200822556,0.40722127531582114
29881,0.7274999999999998,1,6,1,558317,47293,75464,32492,0.43807662380970025,0.407244469511813
29882,0.7275,59,123,59,558440,47170,75523,32433,0.4369372707399311,0.40743439317613656
29883,0.7275000000000001,0,1,0,558441,47169,75523,32433,0.43692800770684354,0.40743951157006103
29884,0.7275357142857143,0,1,0,558442,47168,75523,32433,0.43691874467375597,0.4074446300925868
29885,0.7275714285714285,0,1,0,558443,47167,75523,32433,0.4369094816406684,0.4074497487437186
29886,0.7276111111111111,0,1,0,558444,47166,75523,32433,0.4369002186075809,0.40745486752346133
29887,0.7276150793650793,1,3,1,558447,47163,75524,32432,0.4368724295083182,0.40746278032539734
29888,0.7276190476190476,0,1,0,558448,47162,75524,32432,0.43686316647523066,0.4074678995904214
29889,0.7276190476190477,0,1,0,558449,47161,75524,32432,0.4368539034421431,0.4074730189840815
29890,0.727642857142857,0,1,0,558450,47160,75524,32432,0.4368446404090555,0.40747813850638254
29891,0.7276507936507935,1,0,1,558450,47160,75525,32431,0.4368446404090555,0.4074706939226797
29892,0.7276666666666665,0,4,0,558454,47156,75525,32431,0.43680758827670535,0.40749117318154976
29893,0.7276666666666667,6,17,6,558471,47139,75531,32425,0.4366501167142169,0.4075335578905032
29894,0.7276666666666668,1,5,1,558476,47134,75532,32424,0.43660380154877915,0.4075517232710727
29895,0.7276904761904761,1,1,1,558477,47133,75533,32423,0.4365945385156916,0.4075493991653678
29896,0.7276958874458876,0,1,0,558478,47132,75533,32423,0.436585275482604,0.4075545220287851
29897,0.7277142857142858,0,2,0,558480,47130,75533,32423,0.4365667494164289,0.4075647681419934
29898,0.7277420634920633,0,1,0,558481,47129,75533,32423,0.43655748638334135,0.40756989139179406
29899,0.7277539682539681,0,1,0,558482,47128,75533,32423,0.4365482233502538,0.40757501477039887
29900,0.727765873015873,0,1,0,558483,47127,75533,32423,0.43653896031716627,0.4075801382778127
29901,0.7277857142857143,0,2,0,558485,47125,75533,32423,0.43652043425099113,0.40759038567908684
29902,0.7278095238095237,0,1,0,558486,47124,75533,32423,0.4365111712179036,0.40759550957295687
29903,0.7278333333333333,2,4,2,558490,47120,75535,32421,0.4364741190855534,0.4076011113765228
29904,0.7278571428571428,0,1,0,558491,47119,75535,32421,0.4364648560524658,0.407606235856173
29905,0.7278571428571429,0,1,0,558492,47118,75535,32421,0.43645559301937825,0.4076113604646777
29906,0.7279047619047618,1,0,1,558492,47118,75536,32420,0.43645559301937825,0.4076039125952375
29907,0.7279761904761903,0,1,0,558493,47117,75536,32420,0.43644632998629074,0.4076090373033934
29908,0.7279761904761906,1,1,1,558494,47116,75537,32419,0.43643706695320317,0.4076067140252719
29909,0.7279879287379286,1,2,1,558496,47114,75538,32418,0.43641854088702803,0.4076095156666499
29910,0.7279999999999999,1,3,1,558499,47111,75539,32417,0.4363907517877654,0.4076174429131878
29911,0.728,13,31,13,558530,47080,75552,32404,0.4361035977620512,0.4076795329877711
29912,0.7280000000000001,0,1,0,558531,47079,75552,32404,0.43609433472896364,0.4076846621290087
29913,0.7280033855033855,0,1,0,558532,47078,75552,32404,0.4360850716958761,0.40768979139931055
29914,0.7280238095238096,0,1,0,558533,47077,75552,32404,0.43607580866278856,0.40769492079868147
29915,0.7280476190476192,1,1,1,558534,47076,75553,32403,0.436066545629701,0.40769259804476654
29916,0.7280833333333334,0,1,0,558535,47075,75553,32403,0.4360572825966134,0.4076977276730668
29917,0.7281212121212122,1,0,1,558535,47075,75554,32402,0.4360572825966134,0.4076902751739497
29918,0.7281587301587301,0,1,0,558536,47074,75554,32402,0.4360480195635259,0.4076954049021088
29919,0.7281666666666666,1,5,1,558541,47069,75555,32401,0.4360017043980881,0.40771360261733985
29920,0.7281666666666667,0,4,0,558545,47065,75555,32401,0.4359646522657379,0.40773412528628594
29921,0.728166666666667,0,2,0,558547,47063,75555,32401,0.4359461261995628,0.4077443873955502
29922,0.7281818181818182,1,0,1,558547,47063,75556,32400,0.4359461261995628,0.4077369341706203
29923,0.7282142857142856,1,0,1,558547,47063,75557,32399,0.4359461261995628,0.40772948075809823
29924,0.7282142857142857,0,1,0,558548,47062,75557,32399,0.43593686316647523,0.40773461194799965
29925,0.7282619047619048,0,1,0,558549,47061,75557,32399,0.43592760013338766,0.4077397432670526
29926,0.7282857142857143,0,2,0,558551,47059,75557,32399,0.4359090740672126,0.4077500062926326
29927,0.7283333333333332,1,0,1,558551,47059,75558,32398,0.4359090740672126,0.40774255257560693
29928,0.7283333333333333,19,51,19,558602,47008,75577,32379,0.4354366593797473,0.40786274830891706
29929,0.7283333333333334,25,60,25,558662,46948,75602,32354,0.43488087739449405,0.40798466621270585
29930,0.7283531746031747,0,1,0,558663,46947,75602,32354,0.4348716143614065,0.4079898109733799
29931,0.7283809523809524,0,1,0,558664,46946,75602,32354,0.43486235132831896,0.4079949558638083
29932,0.7284999999999999,6,10,6,558674,46936,75608,32348,0.4347697209974434,0.4080016144493214
29933,0.7285,0,4,0,558678,46932,75608,32348,0.4347326688650932,0.40802219979818366
29934,0.7285050505050505,0,1,0,558679,46931,75608,32348,0.43472340583200564,0.40802734645997046
29935,0.7285714285714286,1,2,1,558681,46929,75609,32347,0.4347048797658305,0.40803017306624956
29936,0.7286190476190477,0,1,0,558682,46928,75609,32347,0.434695616732743,0.40803532008830024
29937,0.7286666666666666,2,3,2,558685,46925,75611,32345,0.43466782763348033,0.40803582692065093
29938,0.7286666666666668,5,9,5,558694,46916,75616,32340,0.4345844603356923,0.4080448167962047
29939,0.7287142857142856,0,2,0,558696,46914,75616,32340,0.43456593426951723,0.40805511393746685
29940,0.7287261904761904,0,3,0,558699,46911,75616,32340,0.4345381451702546,0.40807056062384073
29941,0.72875,1,1,1,558700,46910,75617,32339,0.434528882137167,0.4080682406087143
29942,0.7287976190476192,1,1,1,558701,46909,75618,32338,0.43451961910407944,0.40806592047648493
29943,0.7288124098124099,1,0,1,558701,46909,75619,32337,0.43451961910407944,0.40805845089973
29944,0.7288333333333332,0,1,0,558702,46908,75619,32337,0.43451035607099187,0.40806360022714366
29945,0.7288571428571429,0,1,0,558703,46907,75619,32337,0.43450109303790435,0.40806874968451873
29946,0.7289166666666668,1,0,1,558703,46907,75620,32336,0.43450109303790435,0.4080612798606817
29947,0.7289444444444446,0,3,0,558706,46904,75620,32336,0.43447330393864164,0.40807672892478547
29948,0.7289761904761903,0,1,0,558707,46903,75620,32336,0.4344640409055541,0.4080818788727773
29949,0.7289999999999999,1,2,1,558709,46901,75621,32335,0.434445514839379,0.4080847089706699
29950,0.7290000000000001,9,13,9,558722,46888,75630,32326,0.4343250954092408,0.4080844295200343
29951,0.7290476190476189,2,0,2,558722,46888,75632,32324,0.4343250954092408,0.4080694844215523
29952,0.7290476190476192,0,1,0,558723,46887,75632,32324,0.43431583237615323,0.4080746360985217
29953,0.7290714285714286,1,0,1,558723,46887,75633,32323,0.43431583237615323,0.408067163236965
29954,0.7290833333333333,0,1,0,558724,46886,75633,32323,0.4343065693430657,0.4080723150147079
29955,0.7291190476190477,1,1,1,558725,46885,75634,32322,0.43429730630997815,0.4080699938136781
29956,0.7291666666666665,10,20,10,558745,46865,75644,32312,0.43411204564822703,0.4080983113783043
29957,0.7291666666666667,4,24,4,558769,46841,75648,32308,0.43388973285412574,0.40819214393106673
29958,0.7292857142857143,0,1,0,558770,46840,75648,32308,0.43388046982103823,0.408197301258402
29959,0.7293333333333333,1,4,1,558774,46836,75649,32307,0.433843417688688,0.4082104544937645
29960,0.7293333333333334,6,10,6,558784,46826,75655,32301,0.4337507873578124,0.4082171698661645
29961,0.7293333333333335,1,0,1,558784,46826,75656,32300,0.4337507873578124,0.4082096908727852
29962,0.7293593073593074,5,4,5,558788,46822,75661,32295,0.43371373522546225,0.4081929294589026
29963,0.729388888888889,1,0,1,558788,46822,75662,32294,0.43371373522546225,0.4081854492138126
29964,0.7293928571428568,0,1,0,558789,46821,75662,32294,0.4337044721923747,0.40819060860772294
29965,0.729404761904762,0,1,0,558790,46820,75662,32294,0.4336952091592871,0.4081957681320626
29966,0.7294285714285715,0,1,0,558791,46819,75662,32294,0.43368594612619954,0.40820092778683653
29967,0.7294523809523809,0,3,0,558794,46816,75662,32294,0.4336581570269369,0.40821640753381366
29968,0.729452380952381,0,1,0,558795,46815,75662,32294,0.43364889399384937,0.40822156771037427
29969,0.7294523809523811,0,1,0,558796,46814,75662,32294,0.4336396309607618,0.40822672801739396
29970,0.7294722222222222,0,2,0,558798,46812,75662,32294,0.43362110489458666,0.40823704902283015
29971,0.7294761904761906,0,1,0,558799,46811,75662,32294,0.43361184186149915,0.4082422097212566
29972,0.7294999999999999,0,4,0,558803,46807,75662,32294,0.4335747897291489,0.4082628538198
29973,0.7295,2,7,2,558810,46800,75664,32292,0.43350994849753605,0.40828402366863903
29974,0.7295238095238095,1,3,1,558813,46797,75665,32291,0.4334821593982734,0.408292029132106
29975,0.7295238095238097,0,1,0,558814,46796,75665,32291,0.4334728963651858,0.40829719170027945
29976,0.7295436507936508,1,0,1,558814,46796,75666,32290,0.4334728963651858,0.40828970993601904
29977,0.7295816405816404,0,1,0,558815,46795,75666,32290,0.43346363333209825,0.4082948726054245
29978,0.7295833333333333,0,1,0,558816,46794,75666,32290,0.4334543702990107,0.4083000354053917
29979,0.7295952380952382,0,1,0,558817,46793,75666,32290,0.43344510726592317,0.40830519833592555
29980,0.7296666666666666,0,1,0,558818,46792,75666,32290,0.4334358442328356,0.4083103613970309
29981,0.7296666666666667,5,11,5,558829,46781,75671,32285,0.4333339508688725,0.40832974982925657
29982,0.7296666666666668,0,3,0,558832,46778,75671,32285,0.43330616176960984,0.4083452436664432
29983,0.7297222222222223,0,1,0,558833,46777,75671,32285,0.4332968987365223,0.40835040854013305
29984,0.7297499999999999,1,0,1,558833,46777,75672,32284,0.4332968987365223,0.4083429250831636
29985,0.7297619047619045,0,1,0,558834,46776,75672,32284,0.43328763570343476,0.4083480900581837
29986,0.7297619047619047,0,1,0,558835,46775,75672,32284,0.4332783726703472,0.40835325516386495
29987,0.7297857142857143,0,1,0,558836,46774,75672,32284,0.4332691096372596,0.40835842040021253
29988,0.7298095238095237,1,0,1,558836,46774,75673,32283,0.4332691096372596,0.4083509366659499
29989,0.7298333333333332,1,5,1,558841,46769,75674,32282,0.4332227944718218,0.40836928059101085
29990,0.7298333333333333,4,10,4,558851,46759,75678,32278,0.4331301641409463,0.408391006743677
29991,0.7298333333333334,1,1,1,558852,46758,75679,32277,0.4331209011078588,0.40838868855570315
29992,0.7298571428571428,0,2,0,558854,46756,75679,32277,0.43310237504168364,0.4083990231928435
29993,0.7299047619047621,0,1,0,558855,46755,75679,32277,0.43309311200859607,0.4084041907075615
29994,0.7299523809523808,0,2,0,558857,46753,75679,32277,0.433074585942421,0.408414526129318
29995,0.7299999999999999,0,4,0,558861,46749,75679,32277,0.43303753381007076,0.4084351985422519
29996,0.73,681,1360,681,560221,45389,76360,31596,0.4204398088109971,0.4104176138208742
29997,0.7300000000000001,1,8,1,560229,45381,76361,31595,0.4203657045462966,0.41045260860527955
29998,0.7300238095238093,1,0,1,560229,45381,76362,31594,0.4203657045462966,0.4104449496589802
29999,0.730111111111111,1,0,1,560229,45381,76363,31593,0.4203657045462966,0.41043729051367994
30000,0.7301111111111112,0,1,0,560230,45380,76363,31593,0.4203564415132091,0.41044262273784315
30001,0.7301190476190476,0,1,0,560231,45379,76363,31593,0.42034717848012154,0.41044795510055604
30002,0.7301666666666665,0,2,0,560233,45377,76363,31593,0.4203286524139464,0.4104586202416526
30003,0.7301666666666666,3,7,3,560240,45370,76366,31590,0.4202638111823335,0.41047297297297297
30004,0.7301666666666669,0,2,0,560242,45368,76366,31590,0.42024528511615844,0.41048364042724605
30005,0.7301839826839828,0,1,0,560243,45367,76366,31590,0.42023602208307087,0.41048897436230625
30006,0.73025,0,1,0,560244,45366,76366,31590,0.4202267590499833,0.4104943084359894
30007,0.7303333333333333,5,4,5,560248,45362,76371,31585,0.42018970691763313,0.41047734154677895
30008,0.7303333333333335,2,4,2,560252,45358,76373,31583,0.4201526547852829,0.410483357377731
30009,0.7303412698412697,0,1,0,560253,45357,76373,31583,0.42014339175219534,0.41048869248765274
30010,0.7303571428571429,0,1,0,560254,45356,76373,31583,0.42013412871910777,0.4104940277362586
30011,0.7303809523809524,0,1,0,560255,45355,76373,31583,0.42012486568602025,0.410499363123554
30012,0.7304880952380952,0,2,0,560257,45353,76373,31583,0.4201063396198451,0.4105100343142352
30013,0.7304999999999999,3,9,3,560266,45344,76376,31580,0.42002297232205715,0.41053507357911706
30014,0.7305000000000001,0,6,0,560272,45338,76376,31580,0.4199673941235318,0.4105670974284303
30015,0.730547619047619,0,3,0,560275,45335,76376,31580,0.41993960502426914,0.4105831112266788
30016,0.7305476190476192,0,1,0,560276,45334,76376,31580,0.41993034199118157,0.41058844943703354
30017,0.7305555555555556,0,1,0,560277,45333,76376,31580,0.41992107895809405,0.4105937877862
30018,0.7305714285714286,0,1,0,560278,45332,76376,31580,0.4199118159250065,0.4105991262741835
30019,0.7305833333333333,2,0,2,560278,45332,76378,31578,0.4199118159250065,0.4105837992458718
30020,0.7305952380952383,0,2,0,560280,45330,76378,31578,0.4198932898588314,0.4105944765173974
30021,0.7306666666666665,0,1,0,560281,45329,76378,31578,0.41988402682574383,0.41059981536141055
30022,0.7306666666666666,9,15,9,560296,45314,76387,31569,0.4197450813294305,0.410610928293641
30023,0.7306666666666668,1,5,1,560301,45309,76388,31568,0.41969876616399276,0.41062996735044294
30024,0.7306944444444444,0,1,0,560302,45308,76388,31568,0.4196895031309052,0.41063530880899113
30025,0.7307142857142856,1,0,1,560302,45308,76389,31567,0.4196895031309052,0.4106276422764228
30026,0.7307254901960784,0,1,0,560303,45307,76389,31567,0.4196802400978176,0.4106329838436923
30027,0.73075,0,2,0,560305,45305,76389,31567,0.41966171403164254,0.4106436673951504
30028,0.7308015873015873,0,1,0,560306,45304,76389,31567,0.41965245099855497,0.41064900937934984
30029,0.7308095238095238,1,0,1,560306,45304,76390,31566,0.41965245099855497,0.41064134252634316
30030,0.7308333333333333,10,14,10,560320,45290,76400,31556,0.4195227685353292,0.4106394607396611
30031,0.7308333333333334,10,24,10,560344,45266,76410,31546,0.41930045574122793,0.4106910378586679
30032,0.7308571428571429,0,1,0,560345,45265,76410,31546,0.41929119270814036,0.41069638463240943
30033,0.7309523809523809,1,0,1,560345,45265,76411,31545,0.41929119270814036,0.41068871240723864
30034,0.730952380952381,0,3,0,560348,45262,76411,31545,0.4192634036088777,0.41070475347299074
30035,0.7309688644688643,0,1,0,560349,45261,76411,31545,0.41925414057579014,0.4107101007733771
30036,0.731,9,22,9,560371,45239,76420,31536,0.41905035384786393,0.41075871051774665
30037,0.7310000000000001,0,2,0,560373,45237,76420,31536,0.41903182778168885,0.41076941112109727
30038,0.7310714285714286,0,1,0,560374,45236,76420,31536,0.4190225647486013,0.41077476163184495
30039,0.7311190476190477,0,2,0,560376,45234,76420,31536,0.4190040386824262,0.4107854630715123
30040,0.7311666666666666,3,3,3,560379,45231,76423,31533,0.4189762495831635,0.41077848991714866
30041,0.7311666666666667,3,6,3,560385,45225,76426,31530,0.4189206713846382,0.4107875708422904
30042,0.7311904761904762,0,2,0,560387,45223,76426,31530,0.4189021453184631,0.410798274985994
30043,0.7312380952380951,1,0,1,560387,45223,76427,31529,0.4189021453184631,0.4107905982905983
30044,0.73125,0,1,0,560388,45222,76427,31529,0.4188928822853755,0.41079595054136103
30045,0.7313333333333333,2,5,2,560393,45217,76429,31527,0.41884656711993773,0.4108073595329928
30046,0.7313333333333334,1,4,1,560397,45213,76430,31526,0.41880951498758756,0.410821094880048
30047,0.7313571428571427,1,0,1,560397,45213,76431,31525,0.41880951498758756,0.4108134170814981
30048,0.7313571428571428,0,1,0,560398,45212,76431,31525,0.4188002519545,0.4108187706060962
30049,0.7313690476190478,1,0,1,560398,45212,76432,31524,0.4188002519545,0.4108110925771476
30050,0.731452380952381,1,1,1,560399,45211,76433,31523,0.4187909889214124,0.4108087679516251
30051,0.7314761904761903,0,2,0,560401,45209,76433,31523,0.41877246285523734,0.4108194755773341
30052,0.7314761904761905,0,1,0,560402,45208,76433,31523,0.41876319982214977,0.41082482959951
30053,0.7315,4,4,4,560406,45204,76437,31519,0.41872614768979954,0.4108155311966425
30054,0.7315000000000002,1,1,1,560407,45203,76438,31518,0.418716884656712,0.41081320629293155
30055,0.731547619047619,0,1,0,560408,45202,76438,31518,0.41870762162362446,0.41081856100104275
30056,0.7315586080586081,0,2,0,560410,45200,76438,31518,0.4186890955574493,0.4108292708360489
30057,0.7316190476190476,0,1,0,560411,45199,76438,31518,0.41867983252436175,0.4108346259629548
30058,0.7316666666666666,24,63,24,560474,45136,76462,31494,0.41809626143984585,0.41098786376092916
30059,0.7316666666666667,17,60,17,560534,45076,76479,31477,0.4175404794545926,0.4111791830496519
30060,0.7316666666666669,0,2,0,560536,45074,76479,31477,0.4175219533884175,0.4111899256704681
30061,0.7317017704517704,0,1,0,560537,45073,76479,31477,0.41751269035532995,0.4111952971913782
30062,0.7317142857142858,1,0,1,560537,45073,76480,31476,0.41751269035532995,0.411187605324694
30063,0.73175,0,1,0,560538,45072,76480,31476,0.4175034273222424,0.41119297695563567
30064,0.7318333333333332,1,1,1,560539,45071,76481,31475,0.41749416428915487,0.41119065659864656
30065,0.7318333333333333,1,8,1,560547,45063,76482,31474,0.4174200600244544,0.41122594300795695
30066,0.7318354978354978,0,1,0,560548,45062,76482,31474,0.41741079699136685,0.4112313159820215
30067,0.7318571428571429,0,1,0,560549,45061,76482,31474,0.4174015339582793,0.4112366890964918
30068,0.7318690476190476,0,1,0,560550,45060,76482,31474,0.41739227092519177,0.4112420623513732
30069,0.7318809523809523,0,1,0,560551,45059,76482,31474,0.4173830078921042,0.4112474357466714
30070,0.7318928571428573,0,1,0,560552,45058,76482,31474,0.4173737448590166,0.41125280928239166
30071,0.7319047619047617,1,2,1,560554,45056,76483,31473,0.41735521879284154,0.4112558637901972
30072,0.731904761904762,0,2,0,560556,45054,76483,31473,0.4173366927266664,0.4112666117840762
30073,0.7319166666666667,1,0,1,560556,45054,76484,31472,0.4173366927266664,0.4112589185374905
30074,0.7319285714285715,0,1,0,560557,45053,76484,31472,0.4173274296935789,0.4112642927147991
30075,0.7319999999999999,1,6,1,560563,45047,76485,31471,0.4172718514950535,0.4112888470686636
30076,0.732,13,24,13,560587,45023,76498,31458,0.41704953870095224,0.41131784364744184
30077,0.7320000000000002,1,0,1,560587,45023,76499,31457,0.41704953870095224,0.41131014644351466
30078,0.7320714285714286,0,1,0,560588,45022,76499,31457,0.41704027566786467,0.4113155245230717
30079,0.7320833333333333,0,1,0,560589,45021,76499,31457,0.41703101263477715,0.4113209027432726
30080,0.7320833333333334,0,1,0,560590,45020,76499,31457,0.4170217496016896,0.4113262811041228
30081,0.7320873015873016,1,1,1,560591,45019,76500,31456,0.417012486568602,0.4113239620791108
30082,0.7321428571428572,0,1,0,560592,45018,76500,31456,0.41700322353551444,0.4113293406909538
30083,0.7321547619047619,2,3,2,560595,45015,76502,31454,0.4169754344362518,0.41133008147092287
30084,0.7321666666666665,0,4,0,560599,45011,76502,31454,0.41693838230390157,0.4113515987706794
30085,0.7321666666666666,1,4,1,560603,45007,76503,31453,0.4169013301715514,0.4113654198273607
30086,0.7321666666666669,0,3,0,560606,45004,76503,31453,0.4168735410722887,0.4113815608773559
30087,0.7321904761904763,1,3,1,560609,45001,76504,31452,0.41684575197302604,0.4113900043163774
30088,0.7322142857142856,0,2,0,560611,44999,76504,31452,0.41682722590685095,0.4114007665040353
30089,0.7323095238095237,0,1,0,560612,44998,76504,31452,0.4168179628737634,0.4114061478090255
30090,0.7323214285714286,0,1,0,560613,44997,76504,31452,0.4168086998406758,0.4114115292547973
30091,0.7323333333333332,2,4,2,560617,44993,76506,31450,0.4167716477083256,0.4114176576010884
30092,0.7323333333333334,2,8,2,560625,44985,76508,31448,0.4166975434436252,0.41144531812175367
30093,0.7323333333333335,0,2,0,560627,44983,76508,31448,0.41667901737745006,0.4114560845730136
30094,0.7323571428571428,0,1,0,560628,44982,76508,31448,0.41666975434436254,0.41146146800994376
30095,0.7323809523809522,0,1,0,560629,44981,76508,31448,0.41666049131127497,0.4114668515877481
30096,0.7323809523809524,1,2,1,560631,44979,76509,31447,0.41664196524509983,0.4114699186140842
30097,0.7323928571428573,0,3,0,560634,44976,76509,31447,0.4166141761458372,0.41148607094722794
30098,0.7324047619047619,0,2,0,560636,44974,76509,31447,0.4165956500796621,0.41149683987385666
30099,0.732404761904762,1,0,1,560636,44974,76510,31446,0.4165956500796621,0.4114891389688563
30100,0.7324285714285714,0,1,0,560637,44973,76510,31446,0.4165863870465745,0.4114945236132376
30101,0.7324475801975803,0,2,0,560639,44971,76510,31446,0.41656786098039944,0.41150529332478375
30102,0.732452380952381,0,1,0,560640,44970,76510,31446,0.41655859794731187,0.4115106783919598
30103,0.7324920634920634,0,1,0,560641,44969,76510,31446,0.4165493349142243,0.41151606360007853
30104,0.7324999999999998,1,4,1,560645,44965,76511,31445,0.4165122827818741,0.41152990446276666
30105,0.7325,40,136,40,560781,44829,76551,31405,0.41525251028196675,0.41195529553742427
30106,0.7325000000000002,0,1,0,560782,44828,76551,31405,0.4152432472488792,0.41196069943462804
30107,0.7325238095238096,0,1,0,560783,44827,76551,31405,0.4152339842157916,0.4119661034736069
30108,0.7325476190476189,0,4,0,560787,44823,76551,31405,0.4151969320834414,0.4119877210473842
30109,0.7325714285714285,0,1,0,560788,44822,76551,31405,0.41518766905035387,0.4119931257953219
30110,0.7325833333333334,1,0,1,560788,44822,76552,31404,0.41518766905035387,0.4119854118017474
30111,0.7326190476190476,1,1,1,560789,44821,76553,31403,0.4151784060172663,0.41198310243492864
30112,0.7326666666666665,1,2,1,560791,44819,76554,31402,0.41515987995109116,0.41198619802941444
30113,0.7326666666666667,3,9,3,560800,44810,76557,31399,0.4150765126533032,0.4120117046543059
30114,0.7326666666666668,2,5,2,560805,44805,76559,31397,0.4150301974878654,0.41202330647489566
30115,0.7326669719169719,0,2,0,560807,44803,76559,31397,0.4150116714216903,0.41203412073490814
30116,0.73275,1,1,1,560808,44802,76560,31396,0.41500240838860275,0.41203181185857896
30117,0.7327777777777778,0,1,0,560809,44801,76560,31396,0.41499314535551524,0.41203721931309634
30118,0.7327857142857144,0,1,0,560810,44800,76560,31396,0.41498388232242767,0.41204262690954907
30119,0.7328333333333332,0,1,0,560811,44799,76560,31396,0.4149746192893401,0.41204803464794276
30120,0.7328333333333333,0,1,0,560812,44798,76560,31396,0.4149653562562525,0.4120534425282831
30121,0.7328333333333334,1,2,1,560814,44796,76561,31395,0.41494683019007744,0.41205654211127296
30122,0.7328571428571428,2,2,2,560816,44794,76563,31393,0.4149283041239023,0.41205192486907216
30123,0.732904761904762,1,0,1,560816,44794,76564,31392,0.4149283041239023,0.41204420759719634
30124,0.7329285714285715,0,1,0,560817,44793,76564,31392,0.4149190410908148,0.41204961606615476
30125,0.7329761904761903,0,1,0,560818,44792,76564,31392,0.4149097780577272,0.41205502467709754
30126,0.7329761904761906,0,2,0,560820,44790,76564,31392,0.41489125199155213,0.41206584232495863
30127,0.7329999999999999,0,2,0,560822,44788,76564,31392,0.414872725925377,0.41207666054082437
30128,0.733,5,16,5,560838,44772,76569,31387,0.41472451739597616,0.4121246339894169
30129,0.7330000000000001,0,2,0,560840,44770,76569,31387,0.414705991329801,0.41213545701642657
30130,0.7330357142857141,0,2,0,560842,44768,76569,31387,0.41468746526362593,0.41214628061190994
30131,0.7330476190476191,0,1,0,560843,44767,76569,31387,0.41467820223053836,0.4121516926228432
30132,0.7330714285714285,0,1,0,560844,44766,76569,31387,0.4146689391974508,0.41215710477591166
30133,0.7331190476190477,1,0,1,560844,44766,76570,31386,0.4146689391974508,0.412149385439647
30134,0.733125,0,1,0,560845,44765,76570,31386,0.4146596761643633,0.41215479770456065
30135,0.7331666666666666,0,7,0,560852,44758,76570,31386,0.4145948349327504,0.412192687539399
30136,0.7331666666666667,1,1,1,560853,44757,76571,31385,0.41458557189966283,0.41219038112999395
30137,0.7332063492063492,0,1,0,560854,44756,76571,31385,0.41457630886657526,0.412195794644147
30138,0.7332142857142856,0,1,0,560855,44755,76571,31385,0.4145670458334877,0.41220120830049906
30139,0.7332142857142857,1,4,1,560859,44751,76572,31384,0.4145299937011375,0.4122151441518356
30140,0.7332380952380952,1,0,1,560859,44751,76573,31383,0.4145299937011375,0.4122074237528568
30141,0.733253968253968,0,2,0,560861,44749,76573,31383,0.4145114676349624,0.4122182525088005
30142,0.7332608225108224,1,2,1,560863,44747,76574,31382,0.4144929415687873,0.41222136111074625
30143,0.7332857142857142,0,1,0,560864,44746,76574,31382,0.41448367853569973,0.41222677595628415
30144,0.7333333333333333,42,92,42,560956,44654,76616,31340,0.41363147949164475,0.41240097902465983
30145,0.7333333333333334,52,146,52,561102,44508,76668,31288,0.41227907666086183,0.41279223178004115
30146,0.7333571428571426,1,1,1,561103,44507,76669,31287,0.41226981362777426,0.4127899306013669
30147,0.7333809523809524,1,0,1,561103,44507,76670,31286,0.41226981362777426,0.41278218305120523
30148,0.7334047619047618,0,2,0,561105,44505,76670,31286,0.4122512875615992,0.41279307569500334
30149,0.7334166666666667,0,1,0,561106,44504,76670,31286,0.4122420245285116,0.4127985222324845
30150,0.733452380952381,1,1,1,561107,44503,76671,31285,0.41223276149542404,0.4127962210376313
30151,0.7334633699633697,0,1,0,561108,44502,76671,31285,0.4122234984623365,0.41280166783221395
30152,0.7334999999999999,8,15,8,561123,44487,76679,31277,0.4120845529660232,0.41282139274589513
30153,0.7335,0,1,0,561124,44486,76679,31277,0.41207528993293563,0.4128268415981416
30154,0.7335119047619049,0,3,0,561127,44483,76679,31277,0.412047500833673,0.4128431890179514
30155,0.7335238095238094,0,1,0,561128,44482,76679,31277,0.4120382378005854,0.4128486384455972
30156,0.7335555555555555,0,1,0,561129,44481,76679,31277,0.4120289747674979,0.4128540880171071
30157,0.7335714285714287,0,2,0,561131,44479,76679,31277,0.41201044870132275,0.4128649875917419
30158,0.7335833333333334,0,1,0,561132,44478,76679,31277,0.4120011856682352,0.41287043759487824
30159,0.7336190476190477,0,2,0,561134,44476,76679,31277,0.4119826596020601,0.4128813380328172
30160,0.7336666666666666,3,3,3,561137,44473,76682,31274,0.41195487050279744,0.4128744372714431
30161,0.7336666666666667,3,8,3,561145,44465,76685,31271,0.411880766238097,0.41289479243688604
30162,0.7336904761904763,0,2,0,561147,44463,76685,31271,0.4118622401719219,0.4129056962526738
30163,0.7337142857142857,0,2,0,561149,44461,76685,31271,0.41184371410574677,0.4129166006443775
30164,0.7337380952380951,0,1,0,561150,44460,76685,31271,0.41183445107265926,0.4129220530562121
30165,0.7337380952380953,1,0,1,561150,44460,76686,31270,0.41183445107265926,0.4129143008054932
30166,0.73375,0,2,0,561152,44458,76686,31270,0.4118159250064841,0.41292520600042254
30167,0.7338095238095238,0,1,0,561153,44457,76686,31270,0.41180666197339655,0.4129306588138973
30168,0.7338333333333332,0,3,0,561156,44454,76686,31270,0.4117788728741339,0.4129470181184301
30169,0.7338333333333334,0,4,0,561160,44450,76686,31270,0.41174182074178367,0.4129688325409403
30170,0.7338333333333336,1,0,1,561160,44450,76687,31269,0.41174182074178367,0.4129610797818249
30171,0.7338474025974026,1,1,1,561161,44449,76688,31268,0.41173255770869616,0.4129587807229552
30172,0.733952380952381,0,1,0,561162,44448,76688,31268,0.4117232946756086,0.4129642347720429
30173,0.7339999999999999,1,5,1,561167,44443,76689,31267,0.4116769795101708,0.4129837537973848
30174,0.7340000000000001,7,35,7,561202,44408,76696,31260,0.4113527733521064,0.41312047364804144
30175,0.7340119047619048,1,0,1,561202,44408,76697,31259,0.4113527733521064,0.41311271756512086
30176,0.7340357142857142,2,0,2,561202,44408,76699,31257,0.4113527733521064,0.41309720478424633
30177,0.734047619047619,0,2,0,561204,44406,76699,31257,0.4113342472859313,0.4131081241822291
30178,0.7341111111111112,0,1,0,561205,44405,76699,31257,0.41132498425284375,0.41311358409769766
30179,0.7341666666666665,7,19,7,561224,44386,76706,31250,0.4111489866241802,0.4131630440530964
30180,0.7341666666666667,5,14,5,561238,44372,76711,31245,0.41101930416095445,0.4132007352843937
30181,0.7341666666666669,1,2,1,561240,44370,76712,31244,0.41100077809477936,0.4132039040389346
30182,0.7342142857142856,0,3,0,561243,44367,76712,31244,0.4109729889955167,0.41322029863379667
30183,0.7342142857142858,0,1,0,561244,44366,76712,31244,0.41096372596242914,0.41322576378785875
30184,0.7342380952380952,0,1,0,561245,44365,76712,31244,0.41095446292934157,0.4132312290864844
30185,0.73425,0,1,0,561246,44364,76712,31244,0.41094519989625405,0.41323669452967937
30186,0.7342619047619047,0,2,0,561248,44362,76712,31244,0.4109266738300789,0.4132476258498003
30187,0.7342857142857143,2,5,2,561253,44357,76714,31242,0.4108803586646412,0.4132594346486065
30188,0.7343095238095236,1,0,1,561253,44357,76715,31241,0.4108803586646412,0.41325167332469115
30189,0.7343333333333333,2,5,2,561258,44352,76717,31239,0.4108340434992034,0.41326348374806526
30190,0.7343333333333334,3,9,3,561267,44343,76720,31236,0.41075067620141537,0.4132894057873219
30191,0.7343571428571428,0,1,0,561268,44342,76720,31236,0.41074141316832785,0.41329487416973193
30192,0.7343809523809525,0,1,0,561269,44341,76720,31236,0.4107321501352403,0.41330034269685223
30193,0.7343888888888889,0,1,0,561270,44340,76720,31236,0.4107228871021527,0.4133058113686885
30194,0.7344166666666666,0,1,0,561271,44339,76720,31236,0.4107136240690652,0.41331128018524643
30195,0.7344372294372296,0,1,0,561272,44338,76720,31236,0.4107043610359776,0.4133167491465319
30196,0.7344404761904761,0,1,0,561273,44337,76720,31236,0.41069509800289006,0.4133222182525505
30197,0.7344642857142855,0,4,0,561277,44333,76720,31236,0.41065804587053983,0.413344096124072
30198,0.7344682539682539,0,1,0,561278,44332,76720,31236,0.4106487828374523,0.4133495659538429
30199,0.7344960317460317,0,1,0,561279,44331,76720,31236,0.41063951980436475,0.4133550359283814
30200,0.7345,3,10,3,561289,44321,76723,31233,0.4105468894734892,0.4133864520740133
30201,0.7345000000000002,0,1,0,561290,44320,76723,31233,0.41053762644040165,0.41339192355035537
30202,0.7345238095238095,0,1,0,561291,44319,76723,31233,0.4105283634073141,0.4133973951715375
30203,0.734547619047619,1,1,1,561292,44318,76724,31232,0.41051910037422656,0.41339510258107215
30204,0.7345555555555555,0,1,0,561293,44317,76724,31232,0.410509837341139,0.4134005744616077
30205,0.7345714285714285,0,1,0,561294,44316,76724,31232,0.4105005743080514,0.41340604648700163
30206,0.7345833333333333,0,3,0,561297,44313,76724,31232,0.41047278520878877,0.4134224634323913
30207,0.7346190476190476,0,1,0,561298,44312,76724,31232,0.4104635221757012,0.4134279360372763
30208,0.7346428571428573,1,0,1,561298,44312,76725,31231,0.4104635221757012,0.41342017129317077
30209,0.7346666666666666,2,10,2,561308,44302,76727,31229,0.41037089184482567,0.4134593742966464
30210,0.7346666666666667,4,14,4,561322,44288,76731,31225,0.4102412093815999,0.4135049594109623
30211,0.7346904761904761,0,1,0,561323,44287,76731,31225,0.41023194634851234,0.4135104354274817
30212,0.7347500000000001,0,1,0,561324,44286,76731,31225,0.41022268331542483,0.41351591158904
30213,0.7347619047619045,0,1,0,561325,44285,76731,31225,0.41021342028233726,0.41352138789564297
30214,0.7347619047619047,1,0,1,561325,44285,76732,31224,0.41021342028233726,0.4135136208928737
30215,0.7347619047619048,1,2,1,561327,44283,76733,31223,0.4101948942161621,0.4135168066113951
30216,0.7347857142857143,0,1,0,561328,44282,76733,31223,0.4101856311830746,0.4135222832924972
30217,0.7348095238095237,0,1,0,561329,44281,76733,31223,0.41017636814998704,0.4135277601186692
30218,0.7348333333333332,1,2,1,561331,44279,76734,31222,0.4101578420838119,0.4135309466099787
30219,0.7348333333333333,1,4,1,561335,44275,76735,31221,0.41012078995146173,0.41354508848150895
30220,0.734857142857143,0,1,0,561336,44274,76735,31221,0.41011152691837416,0.4135505662626664
30221,0.7348809523809524,0,1,0,561337,44273,76735,31221,0.4101022638852866,0.41355604418894215
30222,0.7348888888888888,0,1,0,561338,44272,76735,31221,0.410093000852199,0.41356152226034204
30223,0.734920634920635,0,1,0,561339,44271,76735,31221,0.4100837378191115,0.4135670004768717
30224,0.7349603174603174,0,2,0,561341,44269,76735,31221,0.41006521175293636,0.41357795734534375
30225,0.7349761904761906,0,1,0,561342,44268,76735,31221,0.41005594871984885,0.41358343599729763
30226,0.7349999999999999,2,10,2,561352,44258,76737,31219,0.40996331838897326,0.41362269300581633
30227,0.735,187,414,187,561766,43844,76924,31032,0.40612842269072585,0.41444521609060314
30228,0.7350000000000001,0,2,0,561768,43842,76924,31032,0.40610989662455077,0.4144562865614232
30229,0.7350555555555556,0,2,0,561770,43840,76924,31032,0.40609137055837563,0.41446735762367776
30230,0.735063492063492,0,1,0,561771,43839,76924,31032,0.40608210752528806,0.41447289337660775
30231,0.7351587301587301,1,1,1,561772,43838,76925,31031,0.40607284449220055,0.4144706086631316
30232,0.7351666666666666,4,9,4,561781,43829,76929,31027,0.40598947719441253,0.41448915250614515
30233,0.7351666666666667,0,3,0,561784,43826,76929,31027,0.4059616880951499,0.41450576463201205
30234,0.7351904761904762,0,1,0,561785,43825,76929,31027,0.4059524250620623,0.41451130230321165
30235,0.7352142857142857,0,1,0,561786,43824,76929,31027,0.4059431620289748,0.41451684012237644
30236,0.7352380952380951,0,3,0,561789,43821,76929,31027,0.4059153729297121,0.4145334544677213
30237,0.7352500000000001,1,0,1,561789,43821,76930,31026,0.4059153729297121,0.4145256322898713
30238,0.7353333333333332,0,1,0,561790,43820,76930,31026,0.40590610989662457,0.4145311706704433
30239,0.7353333333333333,6,11,6,561801,43809,76936,31020,0.40580421653266147,0.4145451629715752
30240,0.7353333333333335,2,1,2,561802,43808,76938,31018,0.4057949534995739,0.4145350546601449
30241,0.7353571428571429,1,0,1,561802,43808,76939,31017,0.4057949534995739,0.4145272302038089
30242,0.7354166666666666,1,3,1,561805,43805,76940,31016,0.40576716440031124,0.4145360259820104
30243,0.7354166666666667,0,1,0,561806,43804,76940,31016,0.4057579013672237,0.4145415664260893
30244,0.7354999999999999,3,6,3,561812,43798,76943,31013,0.40570232316869836,0.414551336033471
30245,0.7355000000000002,1,3,1,561815,43795,76944,31012,0.4056745340694357,0.4145601347467483
30246,0.7355555555555555,0,1,0,561816,43794,76944,31012,0.40566527103634814,0.41456567655000937
30247,0.7355714285714287,0,1,0,561817,43793,76944,31012,0.40565600800326057,0.4145712185014371
30248,0.7356666666666665,0,2,0,561819,43791,76944,31012,0.4056374819370855,0.4145823028488162
30249,0.7356666666666666,2,9,2,561828,43782,76946,31010,0.40555411463929747,0.4146165365279709
30250,0.7356666666666668,0,4,0,561832,43778,76946,31010,0.4055170625069473,0.41463871209284914
30251,0.7357142857142855,0,2,0,561834,43776,76946,31010,0.40549853644077216,0.41464980076484903
30252,0.7357142857142857,2,7,2,561841,43769,76948,31008,0.4054336952091593,0.4146729609371866
30253,0.73575,0,1,0,561842,43768,76948,31008,0.4054244321760717,0.414678506472665
30254,0.7357554112554112,2,1,2,561843,43767,76950,31006,0.4054151691429842,0.4146683963462747
30255,0.7358095238095237,0,1,0,561844,43766,76950,31006,0.40540590610989663,0.41467394211737013
30256,0.7358333333333333,7,26,7,561870,43740,76957,30999,0.4051650672496202,0.41476337655039536
30257,0.7358333333333335,11,15,11,561885,43725,76968,30988,0.4050261217533069,0.414760483450002
30258,0.7359166666666667,1,2,1,561887,43723,76969,30987,0.4050075956871318,0.41476375317895864
30259,0.7359523809523809,0,1,0,561888,43722,76969,30987,0.4049983326540442,0.4147693049030237
30260,0.735952380952381,0,5,0,561893,43717,76969,30987,0.4049520174886065,0.41479706575283787
30261,0.7359999999999998,1,0,1,561893,43717,76970,30986,0.4049520174886065,0.4147892320254876
30262,0.736,25,33,25,561926,43684,76995,30961,0.4046463373967172,0.414776609283944
30263,0.7360000000000001,1,4,1,561930,43680,76996,30960,0.40460928526436696,0.41479099678456594
30264,0.7360714285714286,0,1,0,561931,43679,76996,30960,0.4046000222312794,0.4147965540803065
30265,0.7360833333333333,0,2,0,561933,43677,76996,30960,0.4045814961651043,0.41480766911853373
30266,0.7361190476190477,0,1,0,561934,43676,76996,30960,0.40457223313201673,0.4148132268610322
30267,0.7361666666666666,1,3,1,561937,43673,76997,30959,0.4045444440327541,0.4148220602422553
30268,0.7361666666666667,2,2,2,561939,43671,76999,30957,0.404525917966579,0.4148174947740794
30269,0.7361904761904762,1,2,1,561941,43669,77000,30956,0.40450739190040386,0.41482077051926297
30270,0.73625,2,3,2,561944,43666,77002,30954,0.4044796028011412,0.4148217636022514
30271,0.7362857142857143,1,0,1,561944,43666,77003,30953,0.4044796028011412,0.4148139213873142
30272,0.7363095238095237,0,2,0,561946,43664,77003,30953,0.4044610767349661,0.41482503987027086
30273,0.7363333333333333,1,7,1,561953,43657,77004,30952,0.40439623550335324,0.4148561165543031
30274,0.7363333333333334,1,6,1,561959,43651,77005,30951,0.4043406573048279,0.41488163856196886
30275,0.7363784271284269,0,1,0,561960,43650,77005,30951,0.40433139427174036,0.41488719990348655
30276,0.7364126984126984,1,0,1,561960,43650,77006,30950,0.40433139427174036,0.4148793565683646
30277,0.7364285714285714,1,1,1,561961,43649,77007,30949,0.4043221312386528,0.4148770744523982
30278,0.7364404761904761,1,0,1,561961,43649,77008,30948,0.4043221312386528,0.4148692306661126
30279,0.7364999999999999,0,3,0,561964,43646,77008,30948,0.40429434213939014,0.4148859157572995
30280,0.7365,5,6,5,561970,43640,77013,30943,0.4042387639408648,0.4148800665030905
30281,0.7365119047619048,0,1,0,561971,43639,77013,30943,0.40422950090777726,0.41488562924029926
30282,0.7365476190476191,0,3,0,561974,43636,77013,30943,0.4042017118085146,0.41490231834698776
30283,0.7366666666666666,76,94,76,562068,43542,77089,30867,0.4033309866982845,0.4148288513486272
30284,0.7366666666666667,43,96,43,562164,43446,77132,30824,0.4024417355218793,0.41502625555405953
30285,0.7366839826839826,1,0,1,562164,43446,77133,30823,0.4024417355218793,0.4150183791353054
30286,0.7367142857142858,0,1,0,562165,43445,77133,30823,0.4024324724887917,0.41502396725372975
30287,0.7367619047619047,0,1,0,562166,43444,77133,30823,0.4024232094557042,0.41502955552264126
30288,0.7367857142857142,0,1,0,562167,43443,77133,30823,0.40241394642261663,0.41503514394204616
30289,0.7368095238095238,0,1,0,562168,43442,77133,30823,0.40240468338952906,0.41504073251195045
30290,0.7368333333333332,3,3,3,562171,43439,77136,30820,0.4023768942902664,0.41503386794866615
30291,0.7368333333333333,4,6,4,562177,43433,77140,30816,0.4023213160917411,0.41503589273929614
30292,0.7369047619047621,0,1,0,562178,43432,77140,30816,0.40231205305865353,0.41504148259885787
30293,0.7369404761904761,1,0,1,562178,43432,77141,30815,0.40231205305865353,0.41503360405134215
30294,0.7369999999999999,0,3,0,562181,43429,77141,30815,0.4022842639593909,0.41505037444103227
30295,0.737,3,8,3,562189,43421,77144,30812,0.40221015969469043,0.4150714641736155
30296,0.7370357142857142,0,1,0,562190,43420,77144,30812,0.40220089666160286,0.41507705571721093
30297,0.7370833333333333,0,1,0,562191,43419,77144,30812,0.40219163362851534,0.41508264741145884
30298,0.7371428571428572,2,1,2,562192,43418,77146,30810,0.4021823705954278,0.4150724793878321
30299,0.7371666666666665,0,2,0,562194,43416,77146,30810,0.40216384452925263,0.41508366340635355
30300,0.7371666666666666,1,4,1,562198,43412,77147,30809,0.40212679239690247,0.4150981528138936
30301,0.7371666666666669,1,0,1,562198,43412,77148,30808,0.40212679239690247,0.41509027216383726
30302,0.7371904761904762,0,1,0,562199,43411,77148,30808,0.4021175293638149,0.4150958649402444
30303,0.7372301587301585,0,1,0,562200,43410,77148,30808,0.4021082663307273,0.4151014578673637
30304,0.73725,1,0,1,562200,43410,77149,30807,0.4021082663307273,0.4150935769432879
30305,0.7372500000000001,1,0,1,562200,43410,77150,30806,0.4021082663307273,0.41508569580683413
30306,0.7373174603174601,0,1,0,562201,43409,77150,30806,0.40209900329763976,0.4150912888230142
30307,0.7373333333333332,1,0,1,562201,43409,77151,30805,0.40209900329763976,0.41508340744333955
30308,0.7373333333333334,1,11,1,562212,43398,77152,30804,0.4019971099336767,0.41513705830031533
30309,0.7373809523809524,0,3,0,562215,43395,77152,30804,0.401969320834414,0.4151538430437068
30310,0.7374999999999998,1,4,1,562219,43391,77153,30803,0.4019322687020638,0.41516834245356765
30311,0.7375,59,117,59,562336,43274,77212,30744,0.40084849383081994,0.4153584263287308
30312,0.7375000000000002,0,2,0,562338,43272,77212,30744,0.40082996776464486,0.4153696498054475
30313,0.7375238095238096,0,2,0,562340,43270,77212,30744,0.4008114416984698,0.41538087388872375
30314,0.7375476190476189,1,0,1,562340,43270,77213,30743,0.4008114416984698,0.41537297501790227
30315,0.7375714285714287,0,1,0,562341,43269,77213,30743,0.4008021786653822,0.41537858725612065
30316,0.7375833333333333,0,1,0,562342,43268,77213,30743,0.40079291563229463,0.41538419964599854
30317,0.7376111111111112,1,0,1,562342,43268,77214,30742,0.40079291563229463,0.41537630049993246
30318,0.7376666666666665,2,0,2,562342,43268,77216,30740,0.40079291563229463,0.4153605015673981
30319,0.7376666666666667,5,4,5,562346,43264,77221,30735,0.4007558634999444,0.4153434505871701
30320,0.7376666666666668,0,2,0,562348,43262,77221,30735,0.4007373374337693,0.4153546765409408
30321,0.7377142857142858,0,1,0,562349,43261,77221,30735,0.40072807440068176,0.41536028974539163
30322,0.7377380952380952,0,2,0,562351,43259,77221,30735,0.40070954833450667,0.4153715166094548
30323,0.7377857142857144,1,0,1,562351,43259,77222,30734,0.40070954833450667,0.41536361547713974
30324,0.737797619047619,0,1,0,562352,43258,77222,30734,0.4007002853014191,0.4153692291058493
30325,0.7378030303030303,0,1,0,562353,43257,77222,30734,0.40069102226833153,0.415374842886297
30326,0.7378095238095238,0,5,0,562358,43252,77222,30734,0.4006447071028938,0.41540291406482305
30327,0.7378333333333333,1,1,1,562359,43251,77223,30733,0.4006354440698062,0.41540062716262977
30328,0.7378333333333335,0,1,0,562360,43250,77223,30733,0.40062618103671865,0.41540624197450765
30329,0.7378571428571428,0,3,0,562363,43247,77223,30733,0.400598391937456,0.41542308732089755
30330,0.7378571428571429,0,2,0,562365,43245,77223,30733,0.4005798658712809,0.41543431831084915
30331,0.7379166666666666,2,0,2,562365,43245,77225,30731,0.4005798658712809,0.4154185141126852
30332,0.7379523809523809,0,1,0,562366,43244,77225,30731,0.40057060283819335,0.4154241297735721
30333,0.737952380952381,1,0,1,562366,43244,77226,30730,0.40057060283819335,0.4154162273231135
30334,0.7379761904761906,1,1,1,562367,43243,77227,30729,0.4005613398051058,0.41541394040988483
30335,0.7379999999999999,0,1,0,562368,43242,77227,30729,0.4005520767720182,0.415419556312609
30336,0.738,9,29,9,562397,43213,77236,30720,0.4002834488124792,0.4155113413496003
30337,0.7380000000000001,0,2,0,562399,43211,77236,30720,0.40026492274630404,0.41552258186687585
30338,0.7380238095238094,0,1,0,562400,43210,77236,30720,0.40025565971321647,0.41552820235357774
30339,0.7380238095238095,0,2,0,562402,43208,77236,30720,0.4002371336470414,0.41553944378314034
30340,0.7380476190476188,0,1,0,562403,43207,77236,30720,0.4002278706139538,0.4155450647260135
30341,0.7380555555555555,0,1,0,562404,43206,77236,30720,0.4002186075808663,0.4155506858209561
30342,0.7380952380952381,2,1,2,562405,43205,77238,30718,0.40020934454777873,0.4155404948392246
30343,0.7381190476190475,0,1,0,562406,43204,77238,30718,0.40020008151469116,0.4155461161765104
30344,0.7381428571428572,0,2,0,562408,43202,77238,30718,0.4001815554485161,0.4155573593073593
30345,0.7381428571428573,0,1,0,562409,43201,77238,30718,0.4001722924154285,0.4155629811009348
30346,0.7381666666666666,2,4,2,562413,43197,77240,30716,0.4001352402830783,0.41556965621744485
30347,0.7381666666666667,0,2,0,562415,43195,77240,30716,0.4001167142169032,0.41558090135433157
30348,0.7381984126984128,0,3,0,562418,43192,77240,30716,0.4000889251176405,0.4155977702007902
30349,0.7382500000000001,0,1,0,562419,43191,77240,30716,0.400079662084553,0.4156033934539354
30350,0.7383333333333333,30,53,30,562472,43138,77270,30686,0.3995887213309126,0.4156642826181188
30351,0.7383333333333334,32,51,32,562523,43087,77302,30654,0.3991163066434473,0.4156981868973841
30352,0.7383571428571427,0,1,0,562524,43086,77302,30654,0.39910704361035976,0.4157038242473556
30353,0.7383809523809524,0,1,0,562525,43085,77302,30654,0.39909778057727224,0.41570946175022716
30354,0.7384166666666665,0,1,0,562526,43084,77302,30654,0.3990885175441847,0.41571509940600504
30355,0.738452380952381,0,2,0,562528,43082,77302,30654,0.39906999147800953,0.4157263751763047
30356,0.7384999999999999,10,11,10,562539,43071,77312,30644,0.3989680981140465,0.41570915010513465
30357,0.7385,0,7,0,562546,43064,77312,30644,0.3989032568824336,0.4157486297281163
30358,0.7385238095238094,0,1,0,562547,43063,77312,30644,0.39889399384934604,0.41575427028640427
30359,0.7385238095238096,1,1,1,562548,43062,77313,30643,0.39888473081625847,0.41575198426158333
30360,0.7385714285714284,0,1,0,562549,43061,77313,30643,0.3988754677831709,0.4157576250949745
30361,0.7385714285714287,2,4,2,562553,43057,77315,30641,0.39883841565082073,0.4157643355314934
30362,0.7386060606060606,0,1,0,562554,43056,77315,30641,0.39882915261773316,0.415769977068266
30363,0.7386666666666666,0,2,0,562556,43054,77315,30641,0.398810626551558,0.41578126060112625
30364,0.7386666666666667,5,10,5,562566,43044,77320,30636,0.3987179962206825,0.41579804560260586
30365,0.7386897546897547,0,1,0,562567,43043,77320,30636,0.3987087331875949,0.41580368897514897
30366,0.7386904761904762,0,2,0,562569,43041,77320,30636,0.39869020712141984,0.4158149761798119
30367,0.7386904761904763,1,0,1,562569,43041,77321,30635,0.39869020712141984,0.41580704707095933
30368,0.7387142857142857,0,1,0,562570,43040,77321,30635,0.39868094408833227,0.4158126908720733
30369,0.7387738095238098,0,1,0,562571,43039,77321,30635,0.39867168105524475,0.41581833482639735
30370,0.7387836428277604,1,0,1,562571,43039,77322,30634,0.39867168105524475,0.41581040544025627
30371,0.7388333333333331,0,1,0,562572,43038,77322,30634,0.3986624180221572,0.4158160495167771
30372,0.7388333333333332,1,8,1,562580,43030,77323,30633,0.39858831375745674,0.4158532777649566
30373,0.7388333333333335,2,0,2,562580,43030,77325,30631,0.39858831375745674,0.4158374173578963
30374,0.7388571428571428,1,0,1,562580,43030,77326,30630,0.39858831375745674,0.41582948683138743
30375,0.738892857142857,0,3,0,562583,43027,77326,30630,0.3985605246581941,0.4158464232863136
30376,0.738904761904762,1,0,1,562583,43027,77327,30629,0.3985605246581941,0.4158384924513957
30377,0.7389469696969695,0,1,0,562584,43026,77327,30629,0.3985512616251065,0.415844138211934
30378,0.7389523809523808,1,0,1,562584,43026,77328,30628,0.3985512616251065,0.41583620713063785
30379,0.7389761904761905,1,0,1,562584,43026,77329,30627,0.3985512616251065,0.41582827583397824
30380,0.7389999999999999,0,6,0,562590,43020,77329,30627,0.3984956834265812,0.41586215324453135
30381,0.7390000000000001,6,7,6,562597,43013,77335,30621,0.3984308421949683,0.41585408914360217
30382,0.7390238095238095,1,1,1,562598,43012,77336,30620,0.39842157916188076,0.41585180356366797
30383,0.739047619047619,1,2,1,562600,43010,77337,30619,0.3984030530957057,0.4158551657634899
30384,0.7390714285714286,0,1,0,562601,43009,77337,30619,0.3983937900626181,0.415860813820829
30385,0.7391031746031748,0,1,0,562602,43008,77337,30619,0.39838452702953053,0.41586646203159167
30386,0.7391390415140415,1,0,1,562602,43008,77338,30618,0.39838452702953053,0.41585852823730746
30387,0.7391443548281782,5,3,5,562605,43005,77343,30613,0.3983567379302679,0.41583580102692275
30388,0.7391666666666665,6,23,6,562628,42982,77349,30607,0.39814368816925416,0.41591813993939314
30389,0.7391666666666667,4,16,4,562644,42966,77353,30603,0.39799547963985327,0.4159768380703829
30390,0.7392142857142858,0,1,0,562645,42965,77353,30603,0.3979862166067657,0.4159824923879948
30391,0.7392380952380952,1,0,1,562645,42965,77354,30602,0.3979862166067657,0.4159745538080933
30392,0.7392380952380954,0,4,0,562649,42961,77354,30602,0.39794916447441553,0.41599717249160584
30393,0.73925,0,3,0,562652,42958,77354,30602,0.3979213753751528,0.4160141381185427
30394,0.7392820512820513,0,1,0,562653,42957,77354,30602,0.3979121123420653,0.41601979363504127
30395,0.7392857142857143,3,2,3,562655,42955,77357,30599,0.39789358627589017,0.41600728716317265
30396,0.7393333333333332,1,3,1,562658,42952,77358,30598,0.3978657971766275,0.4160163154316791
30397,0.7393333333333334,3,15,3,562673,42937,77361,30595,0.3977268516803142,0.4160773540771365
30398,0.7393571428571428,1,1,1,562674,42936,77362,30594,0.39771758864722667,0.4160750713994288
30399,0.7394166666666666,1,0,1,562674,42936,77363,30593,0.39771758864722667,0.4160671299759279
30400,0.7394722222222221,1,0,1,562674,42936,77364,30592,0.39771758864722667,0.4160591883364161
30401,0.7394999999999999,0,1,0,562675,42935,77364,30592,0.3977083256141391,0.4160648469269792
30402,0.7395,1,9,1,562684,42926,77365,30591,0.3976249583163511,0.41610783900322373
30403,0.7395238095238094,0,2,0,562686,42924,77365,30591,0.397606432250176,0.41611915935523364
30404,0.7395238095238095,0,1,0,562687,42923,77365,30591,0.39759716921708843,0.41612481976222215
30405,0.7395238095238096,1,0,1,562687,42923,77366,30590,0.39759716921708843,0.41611687728701047
30406,0.73965873015873,1,1,1,562688,42922,77367,30589,0.3975879061840009,0.4161145950946117
30407,0.7396666666666666,0,2,0,562690,42920,77367,30589,0.3975693801178258,0.41612591655443554
30408,0.7396666666666667,0,5,0,562695,42915,77367,30589,0.397523064952388,0.41615422289943405
30409,0.7397499999999999,0,2,0,562697,42913,77367,30589,0.3975045388862129,0.41616554651574106
30410,0.739758658008658,0,1,0,562698,42912,77367,30589,0.39749527585312533,0.4161712085549856
30411,0.7397619047619048,0,2,0,562700,42910,77367,30589,0.39747674978695025,0.41618253309568837
30412,0.7397727272727272,0,1,0,562701,42909,77367,30589,0.3974674867538627,0.4161881955971591
30413,0.7398095238095237,0,1,0,562702,42908,77367,30589,0.3974582237207751,0.4161938582527178
30414,0.7398333333333333,0,5,0,562707,42903,77367,30589,0.39741190855533737,0.41622217384205085
30415,0.7398333333333335,1,1,1,562708,42902,77368,30588,0.3974026455222498,0.41621989386311065
30416,0.739845238095238,0,1,0,562709,42901,77368,30588,0.39739338248916223,0.41622555756643853
30417,0.7398571428571428,0,1,0,562710,42900,77368,30588,0.3973841194560747,0.41623122142390595
30418,0.7398809523809524,1,0,1,562710,42900,77369,30587,0.3973841194560747,0.4162232775865119
30419,0.7399166666666668,0,1,0,562711,42899,77369,30587,0.39737485642298714,0.4162289415671012
30420,0.7399285714285714,0,1,0,562712,42898,77369,30587,0.3973655933898996,0.4162346057018439
30421,0.7399999999999999,1,7,1,562719,42891,77370,30586,0.3973007521582867,0.4162663146290676
30422,0.74,666,1265,666,563984,41626,78036,29920,0.38558301530253064,0.4181924915439018
30423,0.7400000000000001,2,7,2,563991,41619,78038,29918,0.38551817407091776,0.41821714637180757
30424,0.7401190476190476,0,1,0,563992,41618,78038,29918,0.38550891103783025,0.4182229926191009
30425,0.7401666666666665,0,2,0,563994,41616,78038,29918,0.3854903849716551,0.4182346856040484
30426,0.7401666666666666,1,6,1,564000,41610,78039,29917,0.3854348067731298,0.4182616354663274
30427,0.7401666666666668,0,5,0,564005,41605,78039,29917,0.385388491607692,0.4182908755348005
30428,0.7401926406926407,0,2,0,564007,41603,78039,29917,0.3853699655415169,0.4183025727069351
30429,0.7402500000000001,1,0,1,564007,41603,78040,29916,0.3853699655415169,0.41829443923992227
30430,0.7402619047619048,1,0,1,564007,41603,78041,29915,0.3853699655415169,0.4182863055454571
30431,0.7402857142857144,1,0,1,564007,41603,78042,29914,0.3853699655415169,0.4182781716235301
30432,0.7403095238095239,1,2,1,564009,41601,78043,29913,0.3853514394753418,0.4182817350448863
30433,0.7403333333333332,1,1,1,564010,41600,78044,29912,0.38534217644225427,0.41827944960286384
30434,0.7403333333333333,3,4,3,564014,41596,78047,29909,0.38530512430990405,0.41827844206698833
30435,0.7403333333333335,0,2,0,564016,41594,78047,29909,0.3852865982437289,0.4182901416723774
30436,0.7403492063492064,0,2,0,564018,41592,78047,29909,0.3852680721775538,0.41830184193228065
30437,0.7403571428571429,0,1,0,564019,41591,78047,29909,0.38525880914446625,0.4183076923076923
30438,0.7404166666666667,0,2,0,564021,41589,78047,29909,0.38524028307829117,0.4183193935494699
30439,0.7404285714285713,1,0,1,564021,41589,78048,29908,0.38524028307829117,0.4183112578150132
30440,0.7404999999999999,2,13,2,564034,41576,78050,29906,0.3851198636481529,0.4183710584482807
30441,0.7405000000000002,2,1,2,564035,41575,78052,29904,0.3851106006150654,0.4183606373900027
30442,0.740547619047619,2,0,2,564035,41575,78054,29902,0.3851106006150654,0.41834436252220997
30443,0.7405555555555555,0,1,0,564036,41574,78054,29902,0.38510133758197784,0.41835021545693657
30444,0.7405714285714285,0,1,0,564037,41573,78054,29902,0.3850920745488903,0.41835606855543894
30445,0.740607142857143,0,1,0,564038,41572,78054,29902,0.38508281151580276,0.4183619218177239
30446,0.740642857142857,0,1,0,564039,41571,78054,29902,0.3850735484827152,0.41836777524379837
30447,0.7406666666666666,5,10,5,564049,41561,78059,29897,0.38498091815183966,0.41838562512244953
30448,0.7406666666666668,1,6,1,564055,41555,78060,29896,0.3849253399533143,0.4184126184378105
30449,0.7406904761904762,0,2,0,564057,41553,78060,29896,0.3849068138871392,0.4184243306414365
30450,0.7407142857142857,0,3,0,564060,41550,78060,29896,0.38487902478787656,0.41844190017635696
30451,0.7407142857142859,0,2,0,564062,41548,78060,29896,0.3848604987217014,0.4184536140193718
30452,0.7407619047619047,1,1,1,564063,41547,78061,29895,0.3848512356886139,0.41845133114974387
30453,0.7407738095238094,1,0,1,564063,41547,78062,29894,0.3848512356886139,0.41844319088478604
30454,0.7408015873015873,0,1,0,564064,41546,78062,29894,0.38484197265552633,0.4184490481522956
30455,0.7408095238095238,1,1,1,564065,41545,78063,29893,0.38483270962243876,0.41844676502701644
30456,0.7408184176934178,1,3,1,564068,41542,78064,29892,0.3848049205231761,0.418456197329003
30457,0.7408333333333332,6,23,6,564091,41519,78070,29886,0.38459187076216234,0.41854211889923676
30458,0.7408333333333335,5,12,5,564103,41507,78075,29881,0.3844807143651117,0.4185717487532919
30459,0.7408870573870575,2,0,2,564103,41507,78077,29879,0.3844807143651117,0.4185554590535959
30460,0.7409523809523809,1,0,1,564103,41507,78078,29878,0.3844807143651117,0.4185473138614555
30461,0.741,5,17,5,564120,41490,78083,29873,0.3843232428026233,0.4186062805655592
30462,0.7410000000000001,0,3,0,564123,41487,78083,29873,0.3842954537033606,0.4186238789237668
30463,0.741047619047619,0,2,0,564125,41485,78083,29873,0.3842769276371855,0.41863561198464083
30464,0.7410714285714286,0,1,0,564126,41484,78083,29873,0.38426766460409795,0.41864147876171925
30465,0.7410833333333333,0,1,0,564127,41483,78083,29873,0.38425840157101043,0.4186473457032345
30466,0.7411666666666666,0,6,0,564133,41477,78083,29873,0.38420282337248507,0.41868255080588646
30467,0.7411666666666668,3,4,3,564137,41473,78086,29870,0.38416577124013485,0.4186815805334791
30468,0.7411706349206351,0,1,0,564138,41472,78086,29870,0.38415650820704733,0.4186874491884164
30469,0.7411904761904762,1,5,1,564143,41467,78087,29869,0.38411019304160954,0.41870864640574185
30470,0.741222222222222,1,0,1,564143,41467,78088,29868,0.38411019304160954,0.418700497651924
30471,0.7412460317460315,2,0,2,564143,41467,78090,29866,0.38411019304160954,0.41868419945887597
30472,0.7412499999999999,0,1,0,564144,41466,78090,29866,0.38410093000852197,0.41869006897325184
30473,0.74125,0,1,0,564145,41465,78090,29866,0.38409166697543445,0.4186959386521989
30474,0.7412619047619047,0,2,0,564147,41463,78090,29866,0.3840731409092593,0.41870767850383434
30475,0.7412857142857143,0,3,0,564150,41460,78090,29866,0.38404535180999666,0.4187252895157446
30476,0.7413095238095238,0,1,0,564151,41459,78090,29866,0.3840360887769091,0.4187311601822643
30477,0.7413333333333333,1,8,1,564159,41451,78091,29865,0.3839619845122087,0.41876998149082956
30478,0.7413333333333334,0,6,0,564165,41445,78091,29865,0.38390640631368333,0.41880521665965503
30479,0.741357142857143,0,2,0,564167,41443,78091,29865,0.38388788024750825,0.4188169630336007
30480,0.7413809523809525,0,3,0,564170,41440,78091,29865,0.3838600911482456,0.4188345838300259
30481,0.7414285714285714,0,2,0,564172,41438,78091,29865,0.38384156508207046,0.41884633185139475
30482,0.7414761904761906,0,1,0,564173,41437,78091,29865,0.38383230204898294,0.4188522061092255
30483,0.7414999999999999,3,2,3,564175,41435,78094,29862,0.3838137759828078,0.4188395023633533
30484,0.7415,2,10,2,564185,41425,78096,29860,0.38372114565193227,0.4188819527249772
30485,0.7415000000000002,0,1,0,564186,41424,78096,29860,0.3837118826188447,0.4188878289658268
30486,0.741547619047619,0,1,0,564187,41423,78096,29860,0.3837026195857572,0.4188937053715472
30487,0.7415555555555555,0,2,0,564189,41421,78096,29860,0.38368409351958205,0.41890545867762796
30488,0.7416190476190476,0,1,0,564190,41420,78096,29860,0.3836748304864945,0.41891133557800225
30489,0.7416468253968255,0,2,0,564192,41418,78096,29860,0.3836563044203194,0.4189230898734532
30490,0.7416507936507934,0,1,0,564193,41417,78096,29860,0.3836470413872318,0.41892896726854384
30491,0.7416666666666666,24,52,24,564245,41365,78120,29836,0.383165363666679,0.41903905844019046
30492,0.7416666666666667,20,53,20,564298,41312,78140,29816,0.38267442291303866,0.4191879428635699
30493,0.7416666666666668,0,1,0,564299,41311,78140,29816,0.3826651598799511,0.4191938363771845
30494,0.741702380952381,0,1,0,564300,41310,78140,29816,0.3826558968468635,0.4191997300565194
30495,0.7417142857142857,2,0,2,564300,41310,78142,29814,0.3826558968468635,0.41918339800911086
30496,0.7417142857142858,0,1,0,564301,41309,78142,29814,0.382646633813776,0.4191892917902788
30497,0.7417380952380951,0,1,0,564302,41308,78142,29814,0.38263737078068844,0.419195185737184
30498,0.7417857142857143,0,2,0,564304,41306,78142,29814,0.3826188447145133,0.419206974128234
30499,0.7418333333333332,2,4,2,564308,41302,78144,29812,0.3825817925821631,0.41921421942233594
30500,0.7418333333333333,3,6,3,564314,41296,78147,29809,0.38252621438363776,0.4192250896561423
30501,0.7418333333333336,2,0,2,564314,41296,78149,29807,0.38252621438363776,0.41920875349844594
30502,0.7418809523809523,0,1,0,564315,41295,78149,29807,0.38251695135055025,0.4192146493769514
30503,0.7419047619047617,1,0,1,564315,41295,78150,29806,0.38251695135055025,0.41920648092150603
30504,0.7419761904761905,0,1,0,564316,41294,78150,29806,0.3825076883174627,0.4192123769338959
30505,0.7419999999999999,2,1,2,564317,41293,78152,29804,0.3824984252843751,0.41920193538405276
30506,0.742,10,24,10,564341,41269,78162,29794,0.3822761124902738,0.41926178179924856
30507,0.7420000000000002,1,0,1,564341,41269,78163,29793,0.3822761124902738,0.4192536095240776
30508,0.742063492063492,0,1,0,564342,41268,78163,29793,0.38226684945718625,0.41925950943555534
30509,0.7420833333333333,0,1,0,564343,41267,78163,29793,0.3822575864240987,0.41926540951308755
30510,0.7421428571428572,0,2,0,564345,41265,78163,29793,0.3822390603579236,0.419277210166343
30511,0.7421666666666665,0,1,0,564346,41264,78163,29793,0.38222979732483603,0.4192831107420803
30512,0.7421666666666666,2,10,2,564356,41254,78165,29791,0.3821371669939605,0.419325779435569
30513,0.7421904761904762,0,1,0,564357,41253,78165,29791,0.38212790396087293,0.41933168177467484
30514,0.7421984126984127,0,1,0,564358,41252,78165,29791,0.3821186409277854,0.4193375842799431
30515,0.742238095238095,0,1,0,564359,41251,78165,29791,0.38210937789469784,0.41934348695138085
30516,0.74225,1,0,1,564359,41251,78166,29790,0.38210937789469784,0.41933531341056574
30517,0.7423333333333332,2,1,2,564360,41250,78168,29788,0.3821001148616103,0.4193248683803035
30518,0.7423333333333333,4,12,4,564372,41238,78172,29784,0.38198895846455966,0.4193630142772662
30519,0.7423333333333335,0,1,0,564373,41237,78172,29784,0.3819796954314721,0.4193689190521113
30520,0.7424047619047619,1,0,1,564373,41237,78173,29783,0.3819796954314721,0.4193607434525486
30521,0.7424166666666666,0,1,0,564374,41236,78173,29783,0.3819704323983845,0.419366648361706
30522,0.7424365079365076,0,1,0,564375,41235,78173,29783,0.38196116936529695,0.4193725534371568
30523,0.7424999999999998,0,2,0,564377,41233,78173,29783,0.38194264329912186,0.41938436408696633
30524,0.7425,53,83,53,564460,41150,78226,29730,0.38117381155285485,0.419441309255079
30525,0.7425000000000002,1,3,1,564463,41147,78227,29729,0.3811460224535922,0.4194508719453694
30526,0.7425238095238095,0,1,0,564464,41146,78227,29729,0.3811367594205046,0.41945679012345677
30527,0.7425476190476189,1,2,1,564466,41144,78228,29728,0.38111823335432954,0.419460435715092
30528,0.7425833333333334,0,1,0,564467,41143,78228,29728,0.38110897032124197,0.41946635436215096
30529,0.742595238095238,0,2,0,564469,41141,78228,29728,0.3810904442550669,0.41947819215736076
30530,0.742613553113553,0,1,0,564470,41140,78228,29728,0.3810811812219793,0.41948411130552576
30531,0.7426190476190476,3,0,3,564470,41140,78231,29725,0.3810811812219793,0.41945953573696465
30532,0.7426190476190477,0,1,0,564471,41139,78231,29725,0.38107191818889175,0.419465454955972
30533,0.7426363636363637,1,1,1,564472,41138,78232,29724,0.38106265515580423,0.41946318195930116
30534,0.7426666666666665,0,1,0,564473,41137,78232,29724,0.38105339212271666,0.419469101480363
30535,0.7426666666666667,6,6,6,564479,41131,78238,29718,0.38099781392419135,0.4194554616155486
30536,0.7426666666666668,1,3,1,564482,41128,78239,29717,0.3809700248249287,0.4194650292892935
30537,0.7426904761904762,0,1,0,564483,41127,78239,29717,0.38096076179184113,0.4194709502569025
30538,0.7427777777777779,1,0,1,564483,41127,78240,29716,0.38096076179184113,0.4194627556709908
30539,0.7428333333333333,4,13,4,564496,41114,78244,29712,0.38084034236170294,0.4195069607206393
30540,0.7428333333333335,1,3,1,564499,41111,78245,29711,0.38081255326244023,0.41951653441021153
30541,0.7428571428571428,0,4,0,564503,41107,78245,29711,0.38077550113009,0.41954022988505746
30542,0.7428571428571429,1,1,1,564504,41106,78246,29710,0.3807662380970025,0.41953795752372347
30543,0.7429166666666666,1,2,1,564506,41104,78247,29709,0.38074771203082736,0.4195416095914592
30544,0.7429166666666667,0,1,0,564507,41103,78247,29709,0.38073844899773984,0.4195475343162176
30545,0.7429999999999999,1,1,1,564508,41102,78248,29708,0.3807291859646523,0.4195452619686485
30546,0.743,9,15,9,564523,41087,78257,29699,0.38059024046833895,0.41956036504393524
30547,0.7430000000000001,0,4,0,564527,41083,78257,29699,0.3805531883359887,0.4195840750473284
30548,0.7431111111111111,0,1,0,564528,41082,78257,29699,0.3805439253029012,0.4195900029668979
30549,0.7431666666666666,4,6,4,564534,41076,78261,29695,0.38048834710437585,0.41959277105028897
30550,0.7431666666666668,0,3,0,564537,41073,78261,29695,0.3804605580051132,0.4196105584444947
30551,0.7431904761904762,0,2,0,564539,41071,78261,29695,0.3804420319389381,0.4196224175451488
30552,0.7432121212121211,0,1,0,564540,41070,78261,29695,0.38043276890585054,0.4196283473468523
30553,0.7432142857142857,1,3,1,564543,41067,78262,29694,0.3804049798065879,0.41963793615126976
30554,0.7432380952380951,1,0,1,564543,41067,78263,29693,0.3804049798065879,0.4196297343131713
30555,0.7432499999999999,0,2,0,564545,41065,78263,29693,0.38038645374041274,0.4196415952966449
30556,0.7432500000000001,0,2,0,564547,41063,78263,29693,0.38036792767423766,0.4196534569506473
30557,0.7433095238095239,1,0,1,564547,41063,78264,29692,0.38036792767423766,0.41964525475231435
30558,0.7433333333333332,0,1,0,564548,41062,78264,29692,0.3803586646411501,0.41965118579868277
30559,0.7433333333333333,60,102,60,564650,40960,78324,29632,0.3794138352662196,0.4197642792384406
30560,0.7433333333333334,47,111,47,564761,40849,78371,29585,0.37838563859350105,0.4200386177130363
30561,0.7433546176046175,0,3,0,564764,40846,78371,29585,0.3783578494942384,0.42005650920759324
30562,0.7433571428571429,0,1,0,564765,40845,78371,29585,0.3783485864611508,0.42006247337782193
30563,0.7433809523809523,0,1,0,564766,40844,78371,29585,0.3783393234280633,0.42006843771741753
30564,0.7434523809523809,0,1,0,564767,40843,78371,29585,0.37833006039497574,0.42007440222638726
30565,0.7434999999999999,4,6,4,564773,40837,78375,29581,0.3782744821964504,0.4200772529750916
30566,0.7435,0,1,0,564774,40836,78375,29581,0.37826521916336286,0.4200832185409773
30567,0.7435238095238096,1,2,1,564776,40834,78376,29580,0.3782466930971877,0.4200869145340415
30568,0.743563492063492,1,2,1,564778,40832,78377,29579,0.37822816703101264,0.42009061084205596
30569,0.7435714285714287,0,1,0,564779,40831,78377,29579,0.37821890399792507,0.42009657719073995
30570,0.7435833333333334,1,1,1,564780,40830,78378,29578,0.3782096409648375,0.42009430746506077
30571,0.7436071428571428,0,1,0,564781,40829,78378,29578,0.37820037793175,0.42010027412047096
30572,0.7436190476190475,1,1,1,564782,40828,78379,29577,0.3781911148986624,0.42009800440309636
30573,0.7436190476190476,0,2,0,564784,40826,78379,29577,0.37817258883248733,0.42010993849693906
30574,0.743642857142857,1,0,1,564784,40826,78380,29576,0.37817258883248733,0.420101701656203
30575,0.7436666666666666,1,1,1,564785,40825,78381,29575,0.37816332579939976,0.4200994318181818
30576,0.7436666666666667,4,8,4,564793,40817,78385,29571,0.3780892215346993,0.42011422401545717
30577,0.7436666666666669,0,1,0,564794,40816,78385,29571,0.37807995850161175,0.4201201926492108
30578,0.7436825396825398,0,1,0,564795,40815,78385,29571,0.37807069546852423,0.4201261614525616
30579,0.743690476190476,1,0,1,564795,40815,78386,29570,0.37807069546852423,0.4201179228528806
30580,0.7436904761904763,0,3,0,564798,40812,78386,29570,0.3780429063692616,0.4201358301838538
30581,0.7437222222222224,1,0,1,564798,40812,78387,29569,0.3780429063692616,0.4201275912533212
30582,0.74375,1,3,1,564801,40809,78388,29568,0.37801511726999887,0.4201372607528028
30583,0.7437896825396826,0,1,0,564802,40808,78388,29568,0.37800585423691135,0.4201432306468114
30584,0.7438095238095238,0,5,0,564807,40803,78388,29568,0.37795953907147356,0.42017308266189196
30585,0.7438333333333332,1,5,1,564812,40798,78389,29567,0.37791322390603577,0.4201946990691395
30586,0.7438333333333333,0,2,0,564814,40796,78389,29567,0.3778946978398607,0.420206642695735
30587,0.743845238095238,0,1,0,564815,40795,78389,29567,0.3778854348067731,0.42021261476365085
30588,0.7438452380952382,0,1,0,564816,40794,78389,29567,0.3778761717736856,0.42021858700132175
30589,0.7438571428571429,1,0,1,564816,40794,78390,29566,0.3778761717736856,0.4202103467879477
30590,0.743857142857143,0,1,0,564817,40793,78390,29566,0.37786690874059803,0.420216319163149
30591,0.7438809523809523,0,2,0,564819,40791,78390,29566,0.3778483826744229,0.4202282644228719
30592,0.7438888888888888,0,1,0,564820,40790,78390,29566,0.3778391196413354,0.42023423730740805
30593,0.7438928571428572,0,1,0,564821,40789,78390,29566,0.3778298566082478,0.4202402103617369
30594,0.7439047619047617,0,2,0,564823,40787,78390,29566,0.3778113305420727,0.42025215697980184
30595,0.7439166666666667,1,0,1,564823,40787,78391,29565,0.3778113305420727,0.42024391630657265
30596,0.743952380952381,0,1,0,564824,40786,78391,29565,0.37780206750898515,0.4202498898380975
30597,0.7439999999999999,1,3,1,564827,40783,78392,29564,0.3777742784097225,0.4202595704152274
30598,0.7440000000000001,23,25,23,564852,40758,78415,29541,0.37754270258253364,0.42021934878163275
30599,0.7440000000000002,0,2,0,564854,40756,78415,29541,0.3775241765163585,0.4202313043230863
30600,0.744047619047619,0,1,0,564855,40755,78415,29541,0.377514913483271,0.42023728234892455
30601,0.7440555555555557,0,1,0,564856,40754,78415,29541,0.3775056504501834,0.42024326054484673
30602,0.7441666666666665,4,32,4,564888,40722,78419,29537,0.3772092333913817,0.42040165672725205
30603,0.7441666666666668,9,31,9,564919,40691,78428,29528,0.3769220793656675,0.42051296657599796
30604,0.7441904761904763,0,2,0,564921,40689,78428,29528,0.3769035532994924,0.4205249441018557
30605,0.7442251082251081,0,2,0,564923,40687,78428,29528,0.3768850272333173,0.4205369223100477
30606,0.7442261904761905,0,1,0,564924,40686,78428,29528,0.3768757642002297,0.4205429116700373
30607,0.7442509435009436,0,1,0,564925,40685,78428,29528,0.37686650116714215,0.4205489012006324
30608,0.7442857142857142,0,1,0,564926,40684,78428,29528,0.37685723813405464,0.4205548909018401
30609,0.7442857142857143,3,7,3,564933,40677,78431,29525,0.37679239690244176,0.4205720634739751
30610,0.7442857142857144,0,1,0,564934,40676,78431,29525,0.3767831338693542,0.4205780544436689
30611,0.7443333333333332,0,2,0,564936,40674,78431,29525,0.37676460780317905,0.4205900368951125
30612,0.7443333333333334,7,14,7,564950,40660,78438,29518,0.3766349253399533,0.4206161475106159
30613,0.7443333333333335,0,2,0,564952,40658,78438,29518,0.3766163992737782,0.4206281349749202
30614,0.7443571428571428,0,1,0,564953,40657,78438,29518,0.37660713624069064,0.42063412896330604
30615,0.7444761904761904,1,2,1,564955,40655,78439,29517,0.37658861017451556,0.42063786125520153
30616,0.7444920634920635,0,1,0,564956,40654,78439,29517,0.376579347141428,0.4206438557238745
30617,0.7444999999999999,1,2,1,564958,40652,78440,29516,0.3765608210752529,0.42064758864439633
30618,0.7445,4,1,4,564959,40651,78444,29512,0.37655155804216534,0.4206205549933726
30619,0.7445238095238096,1,0,1,564959,40651,78445,29511,0.37655155804216534,0.4206122972549243
30620,0.744531746031746,0,1,0,564960,40650,78445,29511,0.37654229500907777,0.42061829221362296
30621,0.7445833333333334,1,0,1,564960,40650,78446,29510,0.37654229500907777,0.42061003420752563
30622,0.7445869963369964,1,0,1,564960,40650,78447,29509,0.37654229500907777,0.42060177596602005
30623,0.7445952380952382,0,3,0,564963,40647,78447,29509,0.3765145059098151,0.4206197616739837
30624,0.744642857142857,0,1,0,564964,40646,78447,29509,0.37650524287672754,0.42062575725179957
30625,0.7446666666666667,1,13,1,564977,40633,78448,29508,0.37638482344658936,0.42069545629517685
30626,0.744690476190476,2,0,2,564977,40633,78450,29506,0.37638482344658936,0.42067893753831676
30627,0.7447500000000001,0,4,0,564981,40629,78450,29506,0.37634777131423913,0.42070293006344905
30628,0.7447619047619048,0,1,0,564982,40628,78450,29506,0.37633850828115156,0.4207089286223515
30629,0.744825396825397,1,4,1,564986,40624,78451,29505,0.37630145614880134,0.4207246645467638
30630,0.7448333333333332,0,2,0,564988,40622,78451,29505,0.37628293008262625,0.4207366634819684
30631,0.7448333333333333,3,5,3,564993,40617,78454,29502,0.37623661491718846,0.4207418816583237
30632,0.7448333333333335,0,1,0,564994,40616,78454,29502,0.37622735188410095,0.42074788214153286
30633,0.7448571428571428,0,1,0,564995,40615,78454,29502,0.3762180888510134,0.42075388279589826
30634,0.7448809523809523,2,2,2,564997,40613,78456,29500,0.3761995627848383,0.42074936174461225
30635,0.7449007936507934,0,1,0,564998,40612,78456,29500,0.3761902997517507,0.4207553628480146
30636,0.7449047619047618,0,1,0,564999,40611,78456,29500,0.37618103671866315,0.42076136412260556
30637,0.7449134199134199,0,1,0,565000,40610,78456,29500,0.3761717736855756,0.4207673655683925
30638,0.7449285714285715,2,1,2,565001,40609,78458,29498,0.37616251065248807,0.4207568431112442
30639,0.7449523809523809,4,2,4,565003,40607,78462,29494,0.37614398458631293,0.4207357954950714
30640,0.7449545454545453,1,1,1,565004,40606,78463,29493,0.3761347215532254,0.4207335340019116
30641,0.7449999999999999,0,5,0,565009,40601,78463,29493,0.3760884063877876,0.4207635460952435
30642,0.745,206,364,206,565373,40237,78669,29287,0.37271666234391787,0.42125021575283356
30643,0.7450000000000001,0,3,0,565376,40234,78669,29287,0.3726888732446552,0.42126839372276004
30644,0.7450714285714284,0,1,0,565377,40233,78669,29287,0.3726796102115677,0.42127445339470654
30645,0.7450833333333332,1,0,1,565377,40233,78670,29286,0.3726796102115677,0.42126612868424457
30646,0.7451111111111112,0,1,0,565378,40232,78670,29286,0.37267034717848013,0.42127218849794296
30647,0.7451666666666665,1,3,1,565381,40229,78671,29285,0.3726425580792175,0.42128204390482493
30648,0.7451666666666666,3,6,3,565387,40223,78674,29282,0.3725869798806921,0.4212934321271851
30649,0.7451666666666668,0,2,0,565389,40221,78674,29282,0.37256845381451703,0.4213055551558926
30650,0.7451904761904761,0,1,0,565390,40220,78674,29282,0.37255919078142946,0.42131161693188685
30651,0.7452207792207791,0,1,0,565391,40219,78674,29282,0.3725499277483419,0.42131767888231825
30652,0.7452380952380951,0,2,0,565393,40217,78674,29282,0.3725314016821668,0.4213298033065224
30653,0.7452777777777777,1,0,1,565393,40217,78675,29281,0.3725314016821668,0.4213214768770324
30654,0.7452857142857144,0,2,0,565395,40215,78675,29281,0.3725128756159917,0.4213336019339243
30655,0.7452976190476192,1,0,1,565395,40215,78676,29280,0.3725128756159917,0.4213252751996546
30656,0.7453333333333333,3,14,3,565409,40201,78679,29277,0.37238319315276597,0.4213851866777973
30657,0.7453333333333334,1,0,1,565409,40201,78680,29276,0.37238319315276597,0.42137685852872175
30658,0.7453571428571428,2,1,2,565410,40200,78682,29274,0.3723739301196784,0.4213662665169704
30659,0.7453888888888889,0,3,0,565413,40197,78682,29274,0.37234614102041574,0.42138446258150886
30660,0.7454166666666666,0,1,0,565414,40196,78682,29274,0.3723368779873282,0.4213905282855909
30661,0.7454761904761904,1,1,1,565415,40195,78683,29273,0.3723276149542406,0.42138826510047794
30662,0.7454999999999999,1,1,1,565416,40194,78684,29272,0.3723183519211531,0.4213860017850459
30663,0.7455000000000002,0,1,0,565417,40193,78684,29272,0.3723090888880655,0.4213920679478874
30664,0.7455714285714286,0,3,0,565420,40190,78684,29272,0.37228129978880287,0.42141026748437993
30665,0.745595238095238,0,1,0,565421,40189,78684,29272,0.3722720367557153,0.42141633434589193
30666,0.7456666666666665,0,1,0,565422,40188,78684,29272,0.3722627737226277,0.4214224013820904
30667,0.7456666666666666,6,10,6,565432,40178,78690,29266,0.3721701433917522,0.4214330971718219
30668,0.7456666666666668,2,2,2,565434,40176,78692,29264,0.3721516173255771,0.42142857142857143
30669,0.7456687675070026,1,3,1,565437,40173,78693,29263,0.3721238282263144,0.42143844691514487
30670,0.7456904761904762,0,1,0,565438,40172,78693,29263,0.3721145651932269,0.42144451645423775
30671,0.7457142857142857,0,5,0,565443,40167,78693,29263,0.3720682500277891,0.4214748667722886
30672,0.7457380952380953,0,1,0,565444,40166,78693,29263,0.3720589869947015,0.421480937360469
30673,0.7457857142857143,1,0,1,565444,40166,78694,29262,0.3720589869947015,0.421472604712796
30674,0.7458333333333332,11,19,11,565463,40147,78705,29251,0.37188298936603803,0.4214962967232485
30675,0.7458333333333335,12,14,12,565477,40133,78717,29239,0.3717533069028123,0.4214812892809779
30676,0.7458919413919414,0,2,0,565479,40131,78717,29239,0.37173478083663714,0.4214934409687185
30677,0.7459285714285714,1,0,1,565479,40131,78718,29238,0.37173478083663714,0.4214851014141764
30678,0.745952380952381,0,1,0,565480,40130,78718,29238,0.3717255178035496,0.421491177488179
30679,0.746,18,44,18,565524,40086,78736,29220,0.3713179443476972,0.42160851874296595
30680,0.7460000000000001,1,0,1,565524,40086,78737,29219,0.3713179443476972,0.42160017314768056
30681,0.7460119047619047,1,3,1,565527,40083,78738,29218,0.37129015524843456,0.42161007777665543
30682,0.746111111111111,0,1,0,565528,40082,78738,29218,0.371280892215347,0.4216161616161616
30683,0.7461111111111112,0,1,0,565529,40081,78738,29218,0.3712716291822594,0.4216222456312501
30684,0.7461190476190477,0,1,0,565530,40080,78738,29218,0.3712623661491719,0.4216283298219285
30685,0.7461666666666666,1,5,1,565535,40075,78739,29217,0.3712160509837341,0.42165040697338796
30686,0.7461666666666668,1,1,1,565536,40074,78740,29216,0.37120678795064654,0.4216481454755376
30687,0.7461785714285714,0,1,0,565537,40073,78740,29216,0.37119752491755903,0.4216542308302905
30688,0.7461904761904762,0,2,0,565539,40071,78740,29216,0.3711789988513839,0.42166640206676576
30689,0.74625,1,1,1,565540,40070,78741,29215,0.3711697358182963,0.42166414086743165
30690,0.7462777777777779,0,1,0,565541,40069,78741,29215,0.3711604727852088,0.4216702268922118
30691,0.7463333333333333,3,7,3,565548,40062,78744,29212,0.37109563155359593,0.4216877905130352
30692,0.7463333333333334,3,3,3,565551,40059,78747,29209,0.3710678424543333,0.4216810071028469
30693,0.7463571428571428,1,1,1,565552,40058,78748,29208,0.3710585794212457,0.4216787457049635
30694,0.7463740981240982,1,2,1,565554,40056,78749,29207,0.37104005335507056,0.42168257222470873
30695,0.7463809523809525,0,1,0,565555,40055,78749,29207,0.37103079032198305,0.4216886604487309
30696,0.7463818681318679,0,1,0,565556,40054,78749,29207,0.3710215272888955,0.42169474884855834
30697,0.7463888888888889,0,1,0,565557,40053,78749,29207,0.3710122642558079,0.42170083742419867
30698,0.7464166666666666,0,1,0,565558,40052,78749,29207,0.37100300122272034,0.42170692617565947
30699,0.7464285714285714,0,2,0,565560,40050,78749,29207,0.37098447515654526,0.42171910420607306
30700,0.7464761904761904,0,2,0,565562,40048,78749,29207,0.3709659490903702,0.42173128293985995
30701,0.7464761904761906,0,1,0,565563,40047,78749,29207,0.3709566860572826,0.42173737257053745
30702,0.7464999999999997,0,2,0,565565,40045,78749,29207,0.37093815999110746,0.4217495523594986
30703,0.7464999999999999,3,2,3,565567,40043,78752,29204,0.3709196339249324,0.4217366817335047
30704,0.7465,7,9,7,565576,40034,78759,29197,0.3708362666271444,0.4217330386676489
30705,0.7465674603174604,0,2,0,565578,40032,78759,29197,0.3708177405609693,0.42174522237790524
30706,0.7466071428571428,0,3,0,565581,40029,78759,29197,0.3707899514617066,0.4217634992632826
30707,0.7466190476190476,1,1,1,565582,40028,78760,29196,0.37078068842861905,0.42176123887669015
30708,0.7466666666666666,54,137,54,565719,39891,78814,29142,0.36951165289562415,0.4221459302072922
30709,0.7466666666666667,41,107,41,565826,39784,78855,29101,0.36852050835525585,0.42245771938738474
30710,0.7466666666666668,0,1,0,565827,39783,78855,29101,0.3685112453221683,0.4224638522733871
30711,0.7467063492063492,1,0,1,565827,39783,78856,29100,0.3685112453221683,0.422455467967423
30712,0.7467142857142857,1,1,1,565828,39782,78857,29099,0.3685019822890807,0.4224532164167187
30713,0.7467142857142858,0,1,0,565829,39781,78857,29099,0.3684927192559932,0.42245934959349596
30714,0.7467857142857142,0,2,0,565831,39779,78857,29099,0.36847419318981806,0.4224716164813148
30715,0.7467857142857143,0,1,0,565832,39778,78857,29099,0.36846493015673054,0.42247775019237194
30716,0.7468055555555556,0,1,0,565833,39777,78857,29099,0.36845566712364297,0.42248388408153786
30717,0.7468333333333332,1,3,1,565836,39774,78858,29098,0.3684278780243803,0.4224939017307469
30718,0.7468333333333333,3,3,3,565839,39771,78861,29095,0.36840008892511766,0.4224871489559434
30719,0.7468333333333335,0,1,0,565840,39770,78861,29095,0.3683908258920301,0.4224932839613737
30720,0.7468888888888888,0,1,0,565841,39769,78861,29095,0.3683815628589425,0.4224994191449814
30721,0.7469047619047618,1,0,1,565841,39769,78862,29094,0.3683815628589425,0.4224910329204362
30722,0.7469603174603172,0,1,0,565842,39768,78862,29094,0.36837229982585495,0.4224971682495426
30723,0.7469603174603173,0,2,0,565844,39766,78862,29094,0.36835377375967987,0.4225094394423468
30724,0.747,13,11,13,565855,39755,78875,29081,0.36825188039571677,0.42246789470625834
30725,0.7470595238095238,0,3,0,565858,39752,78875,29081,0.3682240912964541,0.42248630743974547
30726,0.7470873015873015,0,2,0,565860,39750,78875,29081,0.368205565230279,0.4224985834870916
30727,0.7471428571428571,0,2,0,565862,39748,78875,29081,0.3681870391641039,0.42251086024786066
30728,0.7471428571428572,3,3,3,565865,39745,78878,29078,0.36815925006484124,0.42250410473242955
30729,0.7471666666666665,0,2,0,565867,39743,78878,29078,0.3681407239986661,0.4225163830807457
30730,0.7471666666666666,2,8,2,565875,39735,78880,29076,0.3680666197339657,0.4225487204080743
30731,0.7472380952380953,0,3,0,565878,39732,78880,29076,0.36803883063470305,0.4225671433554238
30732,0.7472460317460318,2,1,2,565879,39731,78882,29074,0.3680295676016155,0.422556500254342
30733,0.74725,1,3,1,565882,39728,78883,29073,0.3680017785023528,0.4225665324631909
30734,0.747297619047619,0,1,0,565883,39727,78883,29073,0.36799251546926526,0.42257267441860463
30735,0.7473095238095238,0,2,0,565885,39725,78883,29073,0.3679739894030902,0.4225849588650833
30736,0.7473333333333332,1,7,1,565892,39718,78884,29072,0.3679091481714773,0.4226195667974996
30737,0.7473333333333333,5,8,5,565900,39710,78889,29067,0.36783504390677685,0.42262675022173113
30738,0.7473333333333335,0,2,0,565902,39708,78889,29067,0.3678165178406017,0.422639040348964
30739,0.7473809523809523,0,1,0,565903,39707,78889,29067,0.3678072548075142,0.42264518568063514
30740,0.7473809523809524,0,1,0,565904,39706,78889,29067,0.3677979917744266,0.4226513311910197
30741,0.7474285714285713,0,2,0,565906,39704,78889,29067,0.3677794657082515,0.4226636227479606
30742,0.7474999999999998,1,3,1,565909,39701,78890,29066,0.36775167660898883,0.42267366614800705
30743,0.7475,50,80,50,565989,39621,78940,29016,0.3670106339619845,0.4227457493771581
30744,0.7475000000000002,0,1,0,565990,39620,78940,29016,0.36700137092889695,0.4227519086193834
30745,0.7475207880354937,1,5,1,565995,39615,78941,29015,0.3669550557634592,0.42277429695468455
30746,0.7475476190476189,0,1,0,565996,39614,78941,29015,0.36694579273037164,0.42278045724110797
30747,0.7475873015873017,0,2,0,565998,39612,78941,29015,0.3669272666641965,0.4227927783525435
30748,0.747595238095238,0,1,0,565999,39611,78941,29015,0.366918003631109,0.42279893917757116
30749,0.7476190476190476,0,1,0,566000,39610,78941,29015,0.3669087405980214,0.42280510018214934
30750,0.7476666666666665,0,2,0,566002,39608,78941,29015,0.3668902145318463,0.4228174227299885
30751,0.7476666666666667,3,12,3,566014,39596,78944,29012,0.36677905813479567,0.42286613805970147
30752,0.7476666666666668,2,4,2,566018,39592,78946,29010,0.36674200600244544,0.4228739686889595
30753,0.7477777777777779,0,1,0,566019,39591,78946,29010,0.36673274296935787,0.42288013294266846
30754,0.747811688311688,0,2,0,566021,39589,78946,29010,0.3667142169031828,0.42289246198924185
30755,0.7478333333333331,0,1,0,566022,39588,78946,29010,0.3667049538700952,0.4228986267821219
30756,0.7478333333333333,2,3,2,566025,39585,78948,29008,0.36667716477083256,0.4229002959485662
30757,0.7478333333333335,1,0,1,566025,39585,78949,29007,0.36667716477083256,0.42289188243526943
30758,0.7478571428571428,0,1,0,566026,39584,78949,29007,0.366667901737745,0.42289804784884316
30759,0.7478571428571429,1,0,1,566026,39584,78950,29006,0.366667901737745,0.4228896340574428
30760,0.7478809523809524,0,1,0,566027,39583,78950,29006,0.3666586387046575,0.42289579961801455
30761,0.7479166666666666,0,1,0,566028,39582,78950,29006,0.3666493756715699,0.4229019653583717
30762,0.7479166666666667,1,1,1,566029,39581,78951,29005,0.36664011263848234,0.4228997171434404
30763,0.7479285714285715,0,1,0,566030,39580,78951,29005,0.36663084960539477,0.42290588321061456
30764,0.7479761904761904,0,1,0,566031,39579,78951,29005,0.36662158657230726,0.4229120494575994
30765,0.7479761904761907,0,1,0,566032,39578,78951,29005,0.3666123235392197,0.4229182158844028
30766,0.748,11,21,11,566053,39557,78962,28994,0.36641779984438105,0.4229551720616767
30767,0.7480000000000001,0,4,0,566057,39553,78962,28994,0.36638074771203083,0.4229798532393832
30768,0.7480000000000002,1,0,1,566057,39553,78963,28993,0.36638074771203083,0.42297143524056835
30769,0.7480158730158729,1,0,1,566057,39553,78964,28992,0.36638074771203083,0.4229630169961339
30770,0.748076895326895,0,3,0,566060,39550,78964,28992,0.3663529586127682,0.4229815295731085
30771,0.7480952380952379,1,0,1,566060,39550,78965,28991,0.3663529586127682,0.4229731109846661
30772,0.7480952380952381,2,2,2,566062,39548,78967,28989,0.36633443254659304,0.4229686154923618
30773,0.7481230158730159,0,1,0,566063,39547,78967,28989,0.3663251695135055,0.4229747869732695
30774,0.7481666666666666,3,13,3,566076,39534,78970,28986,0.3662047500833673,0.42302977232924693
30775,0.7481666666666668,1,2,1,566078,39532,78971,28985,0.3661862240171922,0.42303369966577636
30776,0.7482142857142855,0,1,0,566079,39531,78971,28985,0.3661769609841046,0.42303987389806763
30777,0.7482539682539682,0,1,0,566080,39530,78971,28985,0.36616769795101706,0.4230460483105889
30778,0.7483333333333332,1,0,1,566080,39530,78972,28984,0.36616769795101706,0.4230376273462358
30779,0.7483333333333333,18,55,18,566135,39475,78990,28966,0.3656582311312016,0.4232258441577417
30780,0.7483333333333334,31,55,31,566190,39420,79021,28935,0.3651487643113861,0.42330480579328505
30781,0.7484166666666665,0,1,0,566191,39419,79021,28935,0.3651395012782986,0.42331099862480615
30782,0.7484523809523809,0,1,0,566192,39418,79021,28935,0.365130238245211,0.42331719163752873
30783,0.7484999999999999,3,8,3,566200,39410,79024,28932,0.36505613398051057,0.42334142986743145
30784,0.7485,4,2,4,566202,39408,79028,28928,0.3650376079143355,0.4233200655584172
30785,0.7485119047619048,0,1,0,566203,39407,79028,28928,0.3650283448812479,0.4233262603351138
30786,0.7485714285714287,3,5,3,566208,39402,79031,28925,0.3649820297158101,0.4233319185680624
30787,0.7486666666666666,2,7,2,566215,39395,79033,28923,0.36491718848419724,0.42335841213150266
30788,0.7486666666666667,3,10,3,566225,39385,79036,28920,0.3648245581533217,0.4233950662469805
30789,0.7486904761904759,0,2,0,566227,39383,79036,28920,0.3648060320871466,0.42340746380100436
30790,0.7487857142857144,0,4,0,566231,39379,79036,28920,0.3647689799547964,0.423432261087278
30791,0.7488095238095238,0,1,0,566232,39378,79036,28920,0.36475971692170883,0.42343846086269
30792,0.7488333333333332,3,2,3,566234,39376,79039,28917,0.36474119085553375,0.4234255340957346
30793,0.7488333333333334,1,2,1,566236,39374,79040,28916,0.3647226647893586,0.423429491872895
30794,0.7488571428571429,0,1,0,566237,39373,79040,28916,0.3647134017562711,0.42343569242484147
30795,0.7488888888888888,0,1,0,566238,39372,79040,28916,0.3647041387231835,0.423441893158388
30796,0.7488903318903316,0,2,0,566240,39370,79040,28916,0.3646856126570084,0.4234542951703131
30797,0.7489285714285714,0,4,0,566244,39366,79040,28916,0.3646485605246582,0.42347910137371486
30798,0.7489296536796537,0,1,0,566245,39365,79040,28916,0.36463929749157065,0.4234853033786851
30799,0.748952380952381,0,5,0,566250,39360,79040,28916,0.36459298232613285,0.4235163161286543
30800,0.7490000000000001,8,26,8,566276,39334,79048,28908,0.3643521434658565,0.42361009349081213
30801,0.7490079365079366,0,1,0,566277,39333,79048,28908,0.3643428804327689,0.423616301050688
30802,0.749047619047619,0,1,0,566278,39332,79048,28908,0.36433361739968134,0.4236225087924971
30803,0.7490595238095239,0,2,0,566280,39330,79048,28908,0.36431509133350626,0.4236349248219467
30804,0.7490833333333333,0,1,0,566281,39329,79048,28908,0.3643058283004187,0.4236411331096033
30805,0.7490952380952378,0,1,0,566282,39328,79048,28908,0.3642965652673311,0.42364734157922507
30806,0.7491468253968256,1,1,1,566283,39327,79049,28907,0.3642873022342436,0.42364510361403407
30807,0.7491666666666665,7,26,7,566309,39301,79056,28900,0.3640464633739672,0.4237474523833961
30808,0.7491666666666668,5,11,5,566320,39290,79061,28895,0.3639445700100041,0.42377355723399573
30809,0.7491666666666669,0,1,0,566321,39289,79061,28895,0.3639353069769165,0.42377977238061715
30810,0.7492142857142858,0,1,0,566322,39288,79061,28895,0.363926043943829,0.42378598770954634
30811,0.7492380952380953,0,2,0,566324,39286,79061,28895,0.36390751787765385,0.4237984189143603
30812,0.7492727272727272,0,1,0,566325,39285,79061,28895,0.3638982548445663,0.4238046347902611
30813,0.7492857142857141,0,1,0,566326,39284,79061,28895,0.36388899181147877,0.42381085084850173
30814,0.7493095238095238,0,1,0,566327,39283,79061,28895,0.3638797287783912,0.42381706708909034
30815,0.7493333333333331,0,1,0,566328,39282,79061,28895,0.36387046574530363,0.42382328351203485
30816,0.7493333333333332,0,5,0,566333,39277,79061,28895,0.3638241505798659,0.4238543683623775
30817,0.7493333333333334,7,11,7,566344,39266,79068,28888,0.3637222572159028,0.42386360301669745
30818,0.7494047619047618,0,1,0,566345,39265,79068,28888,0.3637129941828152,0.42386982231156367
30819,0.7494285714285716,0,4,0,566349,39261,79068,28888,0.363675942050465,0.4238947013162335
30820,0.7494444444444445,1,2,1,566351,39259,79069,28887,0.3636574159842899,0.4238986881108209
30821,0.749452380952381,1,1,1,566352,39258,79070,28886,0.36364815295120234,0.4238964545667997
30822,0.7494722222222223,1,0,1,566352,39258,79071,28885,0.36364815295120234,0.42388800023480033
30823,0.7494999999999998,2,1,2,566353,39257,79073,28883,0.36363888991811477,0.4238773114176695
30824,0.7495,4,3,4,566356,39254,79077,28879,0.3636111008188521,0.4238621519674754
30825,0.7495000000000002,0,3,0,566359,39251,79077,28879,0.36358331171958946,0.4238808160868927
30826,0.7495238095238095,0,1,0,566360,39250,79077,28879,0.3635740486865019,0.423887037825302
30827,0.7495238095238096,0,1,0,566361,39249,79077,28879,0.3635647856534144,0.4238932597463598
30828,0.7495476190476191,1,1,1,566362,39248,79078,28878,0.3635555226203268,0.4238910254528374
30829,0.7495555555555556,0,1,0,566363,39247,79078,28878,0.36354625958723924,0.423897247706422
30830,0.7495833333333333,0,2,0,566365,39245,79078,28878,0.36352773352106416,0.4239096927616224
30831,0.7495833333333334,0,1,0,566366,39244,79078,28878,0.3635184704879766,0.42391591556325414
30832,0.749626984126984,0,1,0,566367,39243,79078,28878,0.363509207454889,0.4239221385475844
30833,0.7496428571428573,1,0,1,566367,39243,79079,28877,0.363509207454889,0.4239136817381092
30834,0.7496666666666666,0,3,0,566370,39240,79079,28877,0.36348141835562636,0.42393235168900567
30835,0.7496666666666667,1,10,1,566380,39230,79080,28876,0.36338878802475083,0.4239861392535166
30836,0.7497142857142858,0,1,0,566381,39229,79080,28876,0.36337952499166326,0.42399236473093016
30837,0.7498095238095239,0,1,0,566382,39228,79080,28876,0.3633702619585757,0.42399859039116644
30838,0.7498333333333332,0,1,0,566383,39227,79080,28876,0.3633609989254882,0.4240048162342334
30839,0.7498333333333334,1,11,1,566394,39216,79081,28875,0.3632591055615251,0.4240648543860422
30840,0.7498333333333335,0,1,0,566395,39215,79081,28875,0.3632498425284375,0.42407108239095315
30841,0.7498571428571427,1,2,1,566397,39213,79082,28874,0.3632313164622624,0.42407508041182607
30842,0.749873015873016,1,0,1,566397,39213,79083,28873,0.3632313164622624,0.42406662162559117
30843,0.7499523809523809,0,1,0,566398,39212,79083,28873,0.36322205342917485,0.4240728501138283
30844,0.749952380952381,0,1,0,566399,39211,79083,28873,0.3632127903960873,0.42407907878503026
30845,0.7499761904761906,0,1,0,566400,39210,79083,28873,0.36320352736299977,0.4240853076392051
30846,0.7499999999999999,1,7,1,566407,39203,79084,28872,0.36313868613138683,0.42412045538009546
30847,0.75,707,1202,707,567609,38001,79791,28165,0.35200452036014673,0.4256717951818154
30848,0.7500000000000001,1,7,1,567616,37994,79792,28164,0.35193967912853386,0.42570815320898453
30849,0.7500476190476191,0,2,0,567618,37992,79792,28164,0.3519211530623587,0.42572102303645926
30850,0.7500505050505049,0,2,0,567620,37990,79792,28164,0.35190262699618363,0.4257338936421078
30851,0.7501190476190476,0,1,0,567621,37989,79792,28164,0.35189336396309606,0.4257403292367693
30852,0.7501666666666665,0,1,0,567622,37988,79792,28164,0.35188410093000855,0.42574676502600073
30853,0.7501666666666666,4,7,4,567629,37981,79796,28160,0.35181925969839567,0.42575709469164363
30854,0.7501666666666668,2,2,2,567631,37979,79798,28158,0.35180073363222053,0.425752604442294
30855,0.7501969696969698,1,0,1,567631,37979,79799,28157,0.35180073363222053,0.4257439216160639
30856,0.7502380952380951,1,0,1,567631,37979,79800,28156,0.35180073363222053,0.42573523852725487
30857,0.7502500000000002,0,1,0,567632,37978,79800,28156,0.35179147059913296,0.42574167599116947
30858,0.7502777777777777,1,0,1,567632,37978,79801,28155,0.35179147059913296,0.4257329926058095
30859,0.7502976190476192,0,3,0,567635,37975,79801,28155,0.3517636814998703,0.4257523060638137
30860,0.750309523809524,1,1,1,567636,37974,79802,28154,0.35175441846678274,0.4257500604887491
30861,0.7503333333333332,0,2,0,567638,37972,79802,28154,0.35173589240060765,0.42576293742249643
30862,0.7503333333333333,3,5,3,567643,37967,79805,28151,0.35168957723516986,0.4257690795244865
30863,0.7503333333333334,0,2,0,567645,37965,79805,28151,0.3516710511689948,0.4257819589811846
30864,0.7503730158730159,0,2,0,567647,37963,79805,28151,0.3516525251028197,0.42579483921710987
30865,0.7503809523809523,0,1,0,567648,37962,79805,28151,0.3516432620697321,0.42580127962730474
30866,0.7504087301587304,0,1,0,567649,37961,79805,28151,0.35163399903664455,0.425807720232333
30867,0.7504166666666666,1,0,1,567649,37961,79806,28150,0.35163399903664455,0.4257990349563613
30868,0.7504761904761904,1,0,1,567649,37961,79807,28149,0.35163399903664455,0.42579034941763727
30869,0.7504761904761905,0,2,0,567651,37959,79807,28149,0.35161547297046947,0.42580323107642043
30870,0.7505,1,9,1,567660,37950,79808,28148,0.35153210567268145,0.4258525220127689
30871,0.7505238095238095,0,8,0,567668,37942,79808,28148,0.351458001407981,0.4259040702072931
30872,0.750547619047619,0,2,0,567670,37940,79808,28148,0.3514394753418059,0.4259169592059073
30873,0.7505714285714284,1,0,1,567670,37940,79809,28147,0.3514394753418059,0.42590827242876816
30874,0.7506666666666666,6,13,6,567683,37927,79815,28141,0.35131905591166773,0.4259399406671914
30875,0.7506666666666668,0,3,0,567686,37924,79815,28141,0.3512912668124051,0.4259592825247862
30876,0.7506923076923077,0,1,0,567687,37923,79815,28141,0.3512820037793175,0.4259657302010172
30877,0.7507142857142857,1,1,1,567688,37922,79816,28140,0.35127274074622994,0.4259634888438134
30878,0.7507857142857142,1,0,1,567688,37922,79817,28139,0.35127274074622994,0.42595479935211394
30879,0.7508095238095238,0,1,0,567689,37921,79817,28139,0.35126347771314237,0.42596124735089314
30880,0.7508333333333332,8,17,8,567706,37904,79825,28131,0.35110600615065396,0.4260013629136064
30881,0.7508333333333335,12,20,12,567726,37884,79837,28119,0.3509207454889029,0.4260260897231944
30882,0.7508571428571429,0,1,0,567727,37883,79837,28119,0.3509114824558153,0.42603254446834943
30883,0.7508888888888889,1,0,1,567727,37883,79838,28118,0.3509114824558153,0.4260238481235133
30884,0.750892857142857,0,1,0,567728,37882,79838,28118,0.35090221942272776,0.42603030303030304
30885,0.7509166666666666,0,2,0,567730,37880,79838,28118,0.3508836933565527,0.42604321343071
30886,0.7509166666666667,0,1,0,567731,37879,79838,28118,0.3508744303234651,0.42604966892434504
30887,0.7509285714285714,0,1,0,567732,37878,79838,28118,0.3508651672903776,0.4260561246136129
30888,0.7509523809523809,1,0,1,567732,37878,79839,28117,0.3508651672903776,0.4260474278354421
30889,0.750952380952381,1,6,1,567738,37872,79840,28116,0.3508095890918522,0.4260774686306601
30890,0.7509761904761905,1,1,1,567739,37871,79841,28115,0.35080032605876466,0.42607522807868337
30891,0.7509999999999999,12,24,12,567763,37847,79853,28103,0.35057801326466337,0.42612585291887795
30892,0.7510000000000001,2,4,2,567767,37843,79855,28101,0.35054096113231314,0.42613429576610456
30893,0.7510714285714286,0,1,0,567768,37842,79855,28101,0.35053169809922563,0.42614075792730083
30894,0.7511428571428571,0,1,0,567769,37841,79855,28101,0.35052243506613806,0.4261472202844924
30895,0.7511666666666666,2,5,2,567774,37836,79857,28099,0.35047611990070027,0.42616212936983394
30896,0.7511666666666668,2,2,2,567776,37834,79859,28097,0.3504575938345252,0.42615764966404274
30897,0.7511904761904762,2,1,2,567777,37833,79861,28095,0.3504483308014376,0.4261467054969057
30898,0.75125,1,3,1,567780,37830,79862,28094,0.35042054170217496,0.42615739336205327
30899,0.7513333333333333,1,7,1,567787,37823,79863,28093,0.3503557004705621,0.4261939438072699
30900,0.7513333333333334,0,3,0,567790,37820,79863,28093,0.3503279113712994,0.42621334182938114
30901,0.7513809523809524,1,0,1,567790,37820,79864,28092,0.3503279113712994,0.42620463648501034
30902,0.7514285714285713,2,2,2,567792,37818,79866,28090,0.3503093853051243,0.42620015779571524
30903,0.7514404761904763,0,1,0,567793,37817,79866,28090,0.3503001222720368,0.4262066244860182
30904,0.7514444444444446,1,0,1,567793,37817,79867,28089,0.3503001222720368,0.42619791824720055
30905,0.7514642857142859,0,1,0,567794,37816,79867,28089,0.3502908592389492,0.4262043850997648
30906,0.7514761904761904,0,1,0,567795,37815,79867,28089,0.35028159620586163,0.42621085214857973
30907,0.7515,0,4,0,567799,37811,79867,28089,0.3502445440735114,0.42623672230652504
30908,0.7515000000000001,3,6,3,567805,37805,79870,28086,0.3501889658749861,0.4262494119075443
30909,0.751547619047619,1,1,1,567806,37804,79871,28085,0.35017970284189853,0.42624717327626765
30910,0.7515476190476191,1,1,1,567807,37803,79872,28084,0.350170439808811,0.42624493450908374
30911,0.7515714285714284,0,1,0,567808,37802,79872,28084,0.35016117677572345,0.42625140394013905
30912,0.7515952380952382,0,1,0,567809,37801,79872,28084,0.3501519137426359,0.4262578735675799
30913,0.7516190476190476,1,0,1,567809,37801,79873,28083,0.3501519137426359,0.42624916519944145
30914,0.751626984126984,0,1,0,567810,37800,79873,28083,0.3501426507095483,0.4262556349892992
30915,0.7516428571428571,0,1,0,567811,37799,79873,28083,0.3501333876764608,0.4262621049755624
30916,0.7516666666666666,27,45,27,567856,37754,79900,28056,0.3497165511875208,0.4263181887251178
30917,0.7516666666666667,23,40,23,567896,37714,79923,28033,0.3493460298640187,0.42637686890656606
30918,0.7517341269841269,0,1,0,567897,37713,79923,28033,0.3493367668309311,0.42638335412040274
30919,0.7517499999999999,0,1,0,567898,37712,79923,28033,0.34932750379784355,0.4263898395315233
30920,0.7517532467532467,1,0,1,567898,37712,79924,28032,0.34932750379784355,0.4263811146264298
30921,0.7518095238095239,0,1,0,567899,37711,79924,28032,0.34931824076475604,0.4263876002007818
30922,0.7518333333333332,0,5,0,567904,37706,79924,28032,0.34927192559931824,0.42642003103227966
30923,0.7518333333333334,1,5,1,567909,37701,79925,28031,0.34922561043388045,0.42644374125235807
30924,0.7519047619047621,1,1,1,567910,37700,79926,28030,0.34921634740079294,0.4264415031188194
30925,0.7519761904761905,1,0,1,567910,37700,79927,28029,0.34921634740079294,0.4264327770086263
30926,0.7519999999999999,1,1,1,567911,37699,79928,28028,0.34920708436770537,0.42643053843930195
30927,0.752,14,18,14,567929,37681,79942,28014,0.3490403497721294,0.42642514651038893
30928,0.7520238095238095,2,1,2,567930,37680,79944,28012,0.3490310867390418,0.4264141752420386
30929,0.752035714285714,0,1,0,567931,37679,79944,28012,0.3490218237059543,0.42642066645354765
30930,0.7520952380952381,0,2,0,567933,37677,79944,28012,0.34900329763977916,0.42643364946946977
30931,0.7521031746031746,0,2,0,567935,37675,79944,28012,0.3489847715736041,0.4264466332759907
30932,0.7521428571428571,1,0,1,567935,37675,79945,28011,0.3489847715736041,0.4264379015315288
30933,0.7521428571428572,0,1,0,567936,37674,79945,28011,0.3489755085405165,0.4264443936971911
30934,0.7521428571428573,0,1,0,567937,37673,79945,28011,0.34896624550742894,0.4264508860605322
30935,0.7521666666666665,0,1,0,567938,37672,79945,28011,0.34895698247434137,0.42645737862156113
30936,0.7521666666666667,1,9,1,567947,37663,79946,28010,0.3488736151765534,0.42650708814885874
30937,0.7522380952380953,0,1,0,567948,37662,79946,28010,0.34886435214346584,0.4265135826531855
30938,0.75225,0,1,0,567949,37661,79946,28010,0.3488550891103783,0.42652007735530145
30939,0.7522500000000001,0,1,0,567950,37660,79946,28010,0.34884582607729075,0.42652657225521545
30940,0.7522857142857142,0,2,0,567952,37658,79946,28010,0.3488273000111156,0.42653956264847415
30941,0.7523055555555557,0,1,0,567953,37657,79946,28010,0.3488180369780281,0.4265460581418368
30942,0.7523333333333332,2,2,2,567955,37655,79948,28008,0.34879951091185296,0.42654158354019767
30943,0.7523333333333333,2,4,2,567959,37651,79950,28006,0.34876245877950274,0.4265501012839453
30944,0.7523333333333335,0,3,0,567962,37648,79950,28006,0.3487346696802401,0.4265695921040607
30945,0.7523809523809523,2,1,2,567963,37647,79952,28004,0.34872540664715257,0.4265586205846065
30946,0.7524285714285712,1,1,1,567964,37646,79953,28003,0.348716143614065,0.426556383189386
30947,0.7524999999999998,0,3,0,567967,37643,79953,28003,0.34868835451480235,0.426575876671846
30948,0.7525,42,101,42,568068,37542,79995,27961,0.34775278817295935,0.4268659450712181
30949,0.7525000000000002,2,5,2,568073,37537,79997,27959,0.3477064730075216,0.42688103090265056
30950,0.7525227272727273,0,1,0,568074,37536,79997,27959,0.34769720997443404,0.42688754866783724
30951,0.7525238095238094,0,1,0,568075,37535,79997,27959,0.34768794694134647,0.4268940666320579
30952,0.7525238095238095,0,1,0,568076,37534,79997,27959,0.3476786839082589,0.4269005847953216
30953,0.7525952380952381,0,1,0,568077,37533,79997,27959,0.3476694208751714,0.4269071031576376
30954,0.7526190476190476,3,1,3,568078,37532,80000,27956,0.3476601578420838,0.4268873686782311
30955,0.7526190476190477,0,1,0,568079,37531,80000,27956,0.34765089480899625,0.4268938873364179
30956,0.75264232989233,0,1,0,568080,37530,80000,27956,0.3476416317759087,0.42690040619369024
30957,0.7526666666666665,0,2,0,568082,37528,80000,27956,0.3476231057097336,0.4269134445055281
30958,0.7526666666666667,7,15,7,568097,37513,80007,27949,0.34748416021342027,0.42694998625156577
30959,0.7526666666666668,1,2,1,568099,37511,80008,27948,0.3474656341472452,0.42695427672283415
30960,0.7527222222222223,0,1,0,568100,37510,80008,27948,0.3474563711141576,0.4269607992911485
30961,0.7527380952380952,1,0,1,568100,37510,80009,27947,0.3474563711141576,0.42695204485387356
30962,0.7527777777777778,0,1,0,568101,37509,80009,27947,0.34744710808107004,0.42695856758738693
30963,0.7527777777777779,0,1,0,568102,37508,80009,27947,0.34743784504798253,0.4269650905202047
30964,0.7527857142857143,0,1,0,568103,37507,80009,27947,0.34742858201489496,0.426971613652336
30965,0.7528095238095238,0,3,0,568106,37504,80009,27947,0.3474007929156323,0.42699118424470217
30966,0.7528333333333331,0,1,0,568107,37503,80009,27947,0.34739152988254474,0.42699770817417876
30967,0.7528333333333334,1,4,1,568111,37499,80010,27946,0.3473544777501945,0.4270150508060203
30968,0.7528333333333335,1,2,1,568113,37497,80011,27945,0.34733595168401943,0.4270193453745301
30969,0.7528571428571428,2,1,2,568114,37496,80013,27943,0.34732668865093186,0.42700835892969025
30970,0.7528809523809524,1,0,1,568114,37496,80014,27942,0.34732668865093186,0.42699960267734344
30971,0.7529166666666667,1,0,1,568114,37496,80015,27941,0.34732668865093186,0.42699084615737276
30972,0.7529545454545454,0,1,0,568115,37495,80015,27941,0.3473174256178443,0.4269973714774742
30973,0.753,2,11,2,568126,37484,80017,27939,0.3472155322538812,0.4270516485028201
30974,0.7530000000000001,0,3,0,568129,37481,80017,27939,0.34718774315461853,0.4270712320391318
30975,0.7530476190476189,0,1,0,568130,37480,80017,27939,0.347178480121531,0.42707776028370964
30976,0.7531428571428571,0,1,0,568131,37479,80017,27939,0.34716921708844345,0.4270842887278731
30977,0.7531666666666667,3,4,3,568135,37475,80020,27936,0.3471321649560932,0.42708412958065156
30978,0.7531666666666668,4,3,4,568138,37472,80024,27932,0.34710437585683057,0.42706868081462906
30979,0.7532142857142857,2,1,2,568139,37471,80026,27930,0.347095112823743,0.42705769024938456
30980,0.7533333333333332,1,1,1,568140,37470,80027,27929,0.34708584979065543,0.4270554595636019
30981,0.7533333333333333,36,77,36,568217,37393,80063,27893,0.3463725962429138,0.4272432068130993
30982,0.7533333333333334,57,98,57,568315,37295,80120,27836,0.3454648190003335,0.4273848090770908
30983,0.7533452380952381,0,1,0,568316,37294,80120,27836,0.3454555559672459,0.4273913711039459
30984,0.7533809523809524,0,2,0,568318,37292,80120,27836,0.3454370299010708,0.42740449576219136
30985,0.7534166666666665,1,2,1,568320,37290,80121,27835,0.3454185038348957,0.4274088291746641
30986,0.7534285714285712,1,0,1,568320,37290,80122,27834,0.3454185038348957,0.42740003685277317
30987,0.7534523809523809,1,0,1,568320,37290,80123,27833,0.3454185038348957,0.4273912442608602
30988,0.753452380952381,1,0,1,568320,37290,80124,27832,0.3454185038348957,0.4273824513989128
30989,0.7534761904761906,0,1,0,568321,37289,80124,27832,0.3454092408018081,0.42738901429646353
30990,0.7535,4,6,4,568327,37283,80128,27828,0.3453536626032828,0.42739322080754405
30991,0.7535000000000001,0,1,0,568328,37282,80128,27828,0.34534439957019525,0.42739978497926584
30992,0.7535119047619048,1,0,1,568328,37282,80129,27827,0.34534439957019525,0.42739099049286583
30993,0.7535714285714286,0,3,0,568331,37279,80129,27827,0.3453166104709326,0.42741068411513533
30994,0.7535786435786435,1,0,1,568331,37279,80130,27826,0.3453166104709326,0.4274018892558175
30995,0.7536190476190476,0,1,0,568332,37278,80130,27826,0.345307347437845,0.42740845416564266
30996,0.7536428571428572,1,0,1,568332,37278,80131,27825,0.345307347437845,0.4273996590018893
30997,0.7536666666666666,1,2,1,568334,37276,80132,27824,0.34528882137166994,0.42740399385560673
30998,0.7536666666666667,4,5,4,568339,37271,80136,27820,0.34524250620623215,0.4274016377072099
30999,0.75375,2,4,2,568343,37267,80138,27818,0.345205454073882,0.4274103095951448
31000,0.7537777777777777,1,0,1,568343,37267,80139,27817,0.345205454073882,0.4274015118923238
31001,0.7538095238095238,0,1,0,568344,37266,80139,27817,0.3451961910407944,0.42740807891461674
31002,0.7538095238095239,1,0,1,568344,37266,80140,27816,0.3451961910407944,0.4273992809071633
31003,0.7538333333333332,3,4,3,568348,37262,80143,27813,0.3451591389084442,0.42739915482136
31004,0.753888888888889,0,1,0,568349,37261,80143,27813,0.3451498758753566,0.42740572271567756
31005,0.7539166666666667,0,1,0,568350,37260,80143,27813,0.34514061284226905,0.42741229081185744
31006,0.7539199134199134,1,0,1,568350,37260,80144,27812,0.34514061284226905,0.4274034915170888
31007,0.753968253968254,0,1,0,568351,37259,80144,27812,0.34513134980918153,0.4274100597808548
31008,0.7539999999999999,1,1,1,568352,37258,80145,27811,0.34512208677609396,0.42740782861270343
31009,0.754,10,32,10,568384,37226,80155,27801,0.3448256697172922,0.427530102880342
31010,0.7540000000000002,1,1,1,568385,37225,80156,27800,0.34481640668420466,0.4275278738946559
31011,0.754047619047619,0,2,0,568387,37223,80156,27800,0.3447978806180296,0.4275410239453732
31012,0.7540555555555555,1,1,1,568388,37222,80157,27799,0.344788617584942,0.42753879515848725
31013,0.7541071428571428,1,0,1,568388,37222,80158,27798,0.344788617584942,0.42752999077207016
31014,0.7541190476190477,0,1,0,568389,37221,80158,27798,0.34477935455185443,0.4275365662344853
31015,0.7541428571428571,0,1,0,568390,37220,80158,27798,0.3447700915187669,0.42754314189916637
31016,0.7541666666666665,12,19,12,568409,37201,80170,27786,0.34459409389010337,0.4275624355640359
31017,0.7541666666666668,13,37,13,568446,37164,80183,27773,0.3442513616658639,0.4276914547946471
31018,0.7541666666666669,0,2,0,568448,37162,80183,27773,0.34423283559968876,0.4277046277046277
31019,0.7542103174603174,0,1,0,568449,37161,80183,27773,0.3442235725666012,0.4277112144639172
31020,0.7542142857142857,1,0,1,568449,37161,80184,27772,0.3442235725666012,0.42770240093634976
31021,0.7542380952380953,0,2,0,568451,37159,80184,27772,0.3442050465004261,0.4277155749949947
31022,0.7542619047619047,0,1,0,568452,37158,80184,27772,0.34419578346733853,0.4277221623286616
31023,0.7542777777777776,0,1,0,568453,37157,80184,27772,0.34418652043425096,0.4277287498652374
31024,0.7542857142857143,0,11,0,568464,37146,80184,27772,0.3440846270702879,0.4278012261622354
31025,0.7543333333333332,1,1,1,568465,37145,80185,27771,0.34407536403720035,0.42779900178692465
31026,0.7543333333333334,1,8,1,568473,37137,80186,27770,0.3440012597724999,0.4278429137073043
31027,0.7543571428571428,0,1,0,568474,37136,80186,27770,0.34399199673941233,0.4278495054386343
31028,0.754404761904762,0,1,0,568475,37135,80186,27770,0.3439827337063248,0.4278560973730837
31029,0.7544166666666666,1,0,1,568475,37135,80187,27769,0.3439827337063248,0.4278472821397757
31030,0.7544444444444445,0,1,0,568476,37134,80187,27769,0.34397347067323725,0.42785387424310123
31031,0.7544444444444446,0,1,0,568477,37133,80187,27769,0.3439642076401497,0.42786046654956705
31032,0.7544761904761904,0,1,0,568478,37132,80187,27769,0.34395494460706216,0.42786705905918243
31033,0.7544999999999998,1,6,1,568484,37126,80188,27768,0.3438993664085368,0.4278978025703455
31034,0.7545000000000001,2,3,2,568487,37123,80190,27766,0.34387157730927415,0.4278999522261092
31035,0.7545238095238095,0,2,0,568489,37121,80190,27766,0.34385305124309906,0.4279131413071956
31036,0.7545703463203463,0,1,0,568490,37120,80190,27766,0.3438437882100115,0.42791973615263695
31037,0.7545833333333333,0,1,0,568491,37119,80190,27766,0.3438345251769239,0.42792633120135626
31038,0.7546190476190476,0,1,0,568492,37118,80190,27766,0.34382526214383635,0.42793292645336295
31039,0.7546428571428572,1,1,1,568493,37117,80191,27765,0.34381599911074884,0.4279307049721032
31040,0.7546666666666666,2,4,2,568497,37113,80193,27763,0.3437789469783986,0.4279394537271102
31041,0.7546666666666667,4,11,4,568508,37102,80197,27759,0.3436770536144355,0.42797675028137094
31042,0.7546904761904762,0,1,0,568509,37101,80197,27759,0.34366779058134794,0.42798334875115635
31043,0.7547142857142856,0,2,0,568511,37099,80197,27759,0.34364926451517286,0.4279965463011502
31044,0.7547619047619049,1,0,1,568511,37099,80198,27758,0.34364926451517286,0.4279877268452133
31045,0.754797619047619,0,3,0,568514,37096,80198,27758,0.3436214754159102,0.4280075245937028
31046,0.7548095238095237,0,1,0,568515,37095,80198,27758,0.34361221238282263,0.42801412425022745
31047,0.7548333333333332,0,2,0,568517,37093,80198,27758,0.34359368631664755,0.4280273241738755
31048,0.7548333333333334,1,6,1,568523,37087,80199,27757,0.3435381081181222,0.42805810869162914
31049,0.7548333333333335,0,3,0,568526,37084,80199,27757,0.34351031901885953,0.42807791366573616
31050,0.7548809523809521,1,3,1,568529,37081,80200,27756,0.3434825299195969,0.4280888998565634
31051,0.7548928571428573,0,1,0,568530,37080,80200,27756,0.3434732668865093,0.4280955024986119
31052,0.7549523809523809,1,0,1,568530,37080,80201,27755,0.3434732668865093,0.4280866815763091
31053,0.754952380952381,1,1,1,568531,37079,80202,27754,0.34346400385342174,0.42808446315919363
31054,0.7549999999999999,1,4,1,568535,37075,80203,27753,0.34342695172107157,0.42810205466773615
31055,0.755,194,375,194,568910,36700,80397,27559,0.3399533143132387,0.4288737764359856
31056,0.7550000000000001,1,4,1,568914,36696,80398,27558,0.3399162621808885,0.42889158651601456
31057,0.7550757575757575,1,0,1,568914,36696,80399,27557,0.3399162621808885,0.42888269808413615
31058,0.755142857142857,1,0,1,568914,36696,80400,27556,0.3399162621808885,0.4288738093755836
31059,0.7551666666666665,5,2,5,568916,36694,80405,27551,0.3398977361147134,0.428842711495058
31060,0.7551666666666667,2,7,2,568923,36687,80407,27549,0.33983289488310053,0.42887166075098077
31061,0.7551666666666668,0,5,0,568928,36682,80407,27549,0.33978657971766274,0.42890504585013467
31062,0.7552142857142856,1,0,1,568928,36682,80408,27548,0.33978657971766274,0.42889615444496343
31063,0.7552380952380952,0,1,0,568929,36681,80408,27548,0.33977731668457517,0.4289028320540566
31064,0.7552499999999999,0,1,0,568930,36680,80408,27548,0.33976805365148766,0.4289095098710843
31065,0.7552777777777777,0,1,0,568931,36679,80408,27548,0.3397587906184001,0.4289161878960562
31066,0.7552857142857142,0,1,0,568932,36678,80408,27548,0.3397495275853125,0.428922866128982
31067,0.7553333333333333,0,13,0,568945,36665,80408,27548,0.33962910815517433,0.4290097020852475
31068,0.7553333333333334,0,4,0,568949,36661,80408,27548,0.3395920560228241,0.4290364279150898
31069,0.7553571428571427,0,1,0,568950,36660,80408,27548,0.33958279298973654,0.4290431098928482
31070,0.7553888888888888,1,0,1,568950,36660,80409,27547,0.33958279298973654,0.4290342174529257
31071,0.7554166666666666,0,3,0,568953,36657,80409,27547,0.3395550038904739,0.4290542645318049
31072,0.7554761904761904,0,2,0,568955,36655,80409,27547,0.3395364778242988,0.4290676302918912
31073,0.7555,3,4,3,568959,36651,80412,27544,0.3394994256919486,0.4290676843990965
31074,0.7555000000000001,1,1,1,568960,36650,80413,27543,0.339490162658861,0.42906547442867604
31075,0.7556666666666666,2,7,2,568967,36643,80415,27541,0.33942532142724813,0.4290944783746728
31076,0.7556666666666668,2,5,2,568972,36638,80417,27539,0.3393790062618104,0.42911011733175436
31077,0.7557142857142857,1,4,1,568976,36634,80418,27538,0.33934195412946017,0.42912796858442936
31078,0.755738095238095,0,1,0,568977,36633,80418,27538,0.3393326910963726,0.4291346558414237
31079,0.7557857142857142,0,1,0,568978,36632,80418,27538,0.339323428063285,0.4291413433068412
31080,0.7557857142857145,0,1,0,568979,36631,80418,27538,0.3393141650301975,0.4291480309806916
31081,0.7558015873015873,1,0,1,568979,36631,80419,27537,0.3393141650301975,0.4291391347712255
31082,0.7558333333333332,10,13,10,568992,36618,80429,27527,0.33919374560005927,0.4291371112323642
31083,0.7558333333333335,11,16,11,569008,36602,80440,27516,0.33904553707065843,0.42914626158021146
31084,0.7559166666666667,0,1,0,569009,36601,80440,27516,0.33903627403757086,0.42915295475458926
31085,0.7559285714285715,0,1,0,569010,36600,80440,27516,0.3390270110044833,0.4291596481377503
31086,0.7559404761904761,0,1,0,569011,36599,80440,27516,0.3390177479713958,0.4291663417297044
31087,0.7559444444444445,0,1,0,569012,36598,80440,27516,0.3390084849383082,0.4291730355304614
31088,0.755952380952381,0,1,0,569013,36597,80440,27516,0.33899922190522064,0.42917972954003086
31089,0.7559999999999999,9,34,9,569047,36563,80449,27507,0.3386842787802438,0.4293272982675199
31090,0.7560000000000001,2,1,2,569048,36562,80451,27505,0.33867501574715625,0.42931618461922677
31091,0.7560238095238095,1,2,1,569050,36560,80452,27504,0.33865648968098117,0.4293206793206793
31092,0.756047619047619,0,2,0,569052,36558,80452,27504,0.338637963614806,0.429334082607474
31093,0.7560714285714286,1,0,1,569052,36558,80453,27503,0.338637963614806,0.4293251744431089
31094,0.7560952380952384,0,1,0,569053,36557,80453,27503,0.33862870058171846,0.429331876365907
31095,0.7561111111111112,1,0,1,569053,36557,80454,27502,0.33862870058171846,0.42932296788897734
31096,0.7561666666666667,1,2,1,569055,36555,80455,27501,0.33861017451554337,0.4293274634694642
31097,0.7561666666666668,1,6,1,569061,36549,80456,27500,0.33855459631701806,0.429358772190042
31098,0.756186507936508,2,1,2,569062,36548,80458,27498,0.3385453332839305,0.42934765637198263
31099,0.7561904761904762,0,6,0,569068,36542,80458,27498,0.3384897550854052,0.4293878825733916
31100,0.7562294372294371,0,1,0,569069,36541,80458,27498,0.3384804920523176,0.4293945876731367
31101,0.75625,1,2,1,569071,36539,80459,27497,0.3384619659861425,0.4293990880129927
31102,0.7563095238095237,0,1,0,569072,36538,80459,27497,0.33845270295305496,0.42940579370656673
31103,0.7563333333333333,6,3,6,569075,36535,80465,27491,0.3384249138537923,0.42937244244525663
31104,0.7563333333333334,2,1,2,569076,36534,80467,27489,0.33841565082070474,0.42936132327444826
31105,0.7563571428571428,0,1,0,569077,36533,80467,27489,0.33840638778761717,0.42936802973977695
31106,0.7564166666666666,0,2,0,569079,36531,80467,27489,0.3383878617214421,0.42938144329896905
31107,0.7564166666666668,0,2,0,569081,36529,80467,27489,0.33836933565526695,0.42939485769627295
31108,0.7564523809523807,0,2,0,569083,36527,80467,27489,0.33835080958909186,0.42940827293176703
31109,0.756452380952381,1,0,1,569083,36527,80468,27488,0.33835080958909186,0.4293993595251113
31110,0.7565,4,1,4,569084,36526,80472,27484,0.3383415465560043,0.429370410873301
31111,0.7565000000000001,2,4,2,569088,36522,80474,27482,0.33830449442365407,0.42937941378663835
31112,0.7565476190476188,0,2,0,569090,36520,80474,27482,0.338285968357479,0.4293928314740164
31113,0.7565873015873015,0,3,0,569093,36517,80474,27482,0.33825817925821633,0.4294129595774934
31114,0.7565952380952381,1,0,1,569093,36517,80475,27481,0.33825817925821633,0.42940404387637116
31115,0.7566666666666664,0,2,0,569095,36515,80475,27481,0.3382396531920412,0.4294174635914745
31116,0.7566666666666666,60,113,60,569208,36402,80535,27421,0.3371929304531476,0.4296413518637482
31117,0.7566666666666667,59,98,59,569306,36304,80594,27362,0.3362851532105673,0.42977413376056295
31118,0.7566666666666668,0,4,0,569310,36300,80594,27362,0.33624810107821707,0.42980113725613395
31119,0.7566865079365078,0,1,0,569311,36299,80594,27362,0.3362388380451295,0.4298078886602473
31120,0.756690476190476,0,1,0,569312,36298,80594,27362,0.3362295750120419,0.42981464027646876
31121,0.7566969696969698,0,1,0,569313,36297,80594,27362,0.3362203119789544,0.4298213921048084
31122,0.7567380952380952,1,1,1,569314,36296,80595,27361,0.33621104894586684,0.42981918720643447
31123,0.7567857142857143,0,1,0,569315,36295,80595,27361,0.33620178591277927,0.42982593942440617
31124,0.7568095238095238,0,1,0,569316,36294,80595,27361,0.3361925228796917,0.4298326918545283
31125,0.7568333333333332,0,3,0,569319,36291,80595,27361,0.33616473378042905,0.42985295041789734
31126,0.7568333333333334,2,5,2,569324,36286,80597,27359,0.3361184186149913,0.42986880351952234
31127,0.7568571428571428,0,1,0,569325,36285,80597,27359,0.33610915558190374,0.42987555779020803
31128,0.7569484126984126,1,2,1,569327,36283,80598,27358,0.33609062951572866,0.42988010873493504
31129,0.7569999999999999,1,3,1,569330,36280,80599,27357,0.33606284041646595,0.42989141537156056
31130,0.757,5,15,5,569345,36265,80604,27352,0.3359238949201527,0.4299479698822642
31131,0.7570000000000001,1,1,1,569346,36264,80605,27351,0.3359146318870651,0.4299457675076633
31132,0.7570061327561328,2,0,2,569346,36264,80607,27349,0.3359146318870651,0.4299278449373556
31133,0.7570238095238095,2,0,2,569346,36264,80609,27347,0.3359146318870651,0.4299099212400371
31134,0.757047619047619,0,2,0,569348,36262,80609,27347,0.33589610582088997,0.4299234385071295
31135,0.7570476190476191,0,2,0,569350,36260,80609,27347,0.3358775797547149,0.4299369566242709
31136,0.7570555555555556,0,3,0,569353,36257,80609,27347,0.33584979065545223,0.4299572353940004
31137,0.7570714285714287,1,0,1,569353,36257,80610,27346,0.33584979065545223,0.42994827288021004
31138,0.7570833333333334,0,1,0,569354,36256,80610,27346,0.33584052762236466,0.4299550328606019
31139,0.7571428571428572,5,4,5,569358,36252,80615,27341,0.33580347549001444,0.4299372572452943
31140,0.7571666666666665,1,1,1,569359,36251,80616,27340,0.3357942124569269,0.42993505370256796
31141,0.7571666666666667,0,5,0,569364,36246,80616,27340,0.33574789729148913,0.4299688610700469
31142,0.7571666666666669,0,1,0,569365,36245,80616,27340,0.33573863425840156,0.42997562318156796
31143,0.7571904761904762,0,2,0,569367,36243,80616,27340,0.3357201081922265,0.4299891480427158
31144,0.7572142857142856,0,2,0,569369,36241,80616,27340,0.33570158212605133,0.43000267375473805
31145,0.7572142857142857,0,1,0,569370,36240,80616,27340,0.3356923190929638,0.43000943692985216
31146,0.7572222222222221,0,1,0,569371,36239,80616,27340,0.33568305605987625,0.430016200317715
31147,0.7572222222222222,0,1,0,569372,36238,80616,27340,0.3356737930267887,0.43002296391833655
31148,0.75725,0,1,0,569373,36237,80616,27340,0.3356645299937011,0.4300297277317269
31149,0.7572542735042737,0,1,0,569374,36236,80616,27340,0.3356552669606136,0.43003649175789604
31150,0.7572619047619048,0,1,0,569375,36235,80616,27340,0.335646003927526,0.4300432559968541
31151,0.7572857142857142,1,0,1,569375,36235,80617,27339,0.335646003927526,0.43003429074779
31152,0.7573333333333332,1,2,1,569377,36233,80618,27338,0.33562747786135094,0.43003885419452265
31153,0.7573333333333333,4,8,4,569385,36225,80622,27334,0.3355533735966505,0.43005711228936894
31154,0.7573333333333335,1,1,1,569386,36224,80623,27333,0.3355441105635629,0.4300549113394276
31155,0.757357142857143,0,1,0,569387,36223,80623,27333,0.33553484753047536,0.4300616778903644
31156,0.7573690476190477,1,0,1,569387,36223,80624,27332,0.33553484753047536,0.43005271025096375
31157,0.7573809523809524,1,1,1,569388,36222,80625,27331,0.33552558449738784,0.43005050902396424
31158,0.7574285714285713,1,1,1,569389,36221,80626,27330,0.33551632146430027,0.43004830765841606
31159,0.7574761904761904,1,1,1,569390,36220,80627,27329,0.3355070584312127,0.4300461061543061
31160,0.7574999999999998,1,2,1,569392,36218,80628,27328,0.3354885323650376,0.4300506719541749
31161,0.7575,60,85,60,569477,36133,80688,27268,0.3347011745525955,0.43008785350388795
31162,0.7575000000000002,0,1,0,569478,36132,80688,27268,0.33469191151950795,0.4300946372239748
31163,0.7575555555555556,0,1,0,569479,36131,80688,27268,0.3346826484864204,0.43010142115806244
31164,0.7575714285714286,1,0,1,569479,36131,80689,27267,0.3346826484864204,0.430092431937916
31165,0.7576190476190476,0,2,0,569481,36129,80689,27267,0.3346641224202453,0.4301060003785728
31166,0.7576666666666665,1,4,1,569485,36125,80690,27266,0.33462707028789507,0.43012415011594707
31167,0.7576666666666667,2,7,2,569492,36118,80692,27264,0.3345622290562822,0.43015367138935345
31168,0.7576666666666668,2,1,2,569493,36117,80694,27262,0.3345529660231946,0.430142476214519
31169,0.7577380952380953,0,1,0,569494,36116,80694,27262,0.3345437029901071,0.43014926315125124
31170,0.7577777777777777,0,1,0,569495,36115,80694,27262,0.33453443995701954,0.4301560503021601
31171,0.7577857142857143,0,1,0,569496,36114,80694,27262,0.33452517692393197,0.43016283766725577
31172,0.7577976190476191,0,1,0,569497,36113,80694,27262,0.3345159138908444,0.43016962524654834
31173,0.7578059163059163,0,1,0,569498,36112,80694,27262,0.3345066508577569,0.43017641304004794
31174,0.7578333333333331,1,2,1,569500,36110,80695,27261,0.33448812479158174,0.43018099761720663
31175,0.7578333333333334,2,3,2,569503,36107,80697,27259,0.3344603356923191,0.43018337909920146
31176,0.7578333333333335,0,2,0,569505,36105,80697,27259,0.334441809626144,0.43019695726279905
31177,0.7578492063492063,0,1,0,569506,36104,80697,27259,0.33443254659305643,0.4302037466660354
31178,0.7578571428571428,0,4,0,569510,36100,80697,27259,0.3343954944607062,0.4302309064221342
31179,0.7578571428571429,0,1,0,569511,36099,80697,27259,0.33438623142761864,0.43023769689699803
31180,0.7578968253968253,0,1,0,569512,36098,80697,27259,0.3343769683945311,0.4302444875862178
31181,0.7579166666666666,0,1,0,569513,36097,80697,27259,0.33436770536144356,0.43025127848980366
31182,0.7579166666666667,0,2,0,569515,36095,80697,27259,0.3343491792952684,0.4302648609401143
31183,0.757940476190476,0,1,0,569516,36094,80697,27259,0.3343399162621809,0.43027165248685934
31184,0.7579523809523809,0,1,0,569517,36093,80697,27259,0.33433065322909333,0.4302784442480111
31185,0.7579999999999998,1,1,1,569518,36092,80698,27258,0.33432139019600576,0.43027624309392265
31186,0.758,15,27,15,569545,36065,80713,27243,0.3340712883026418,0.43032476148354076
31187,0.7580000000000001,1,1,1,569546,36064,80714,27242,0.33406202526955425,0.43032256026285026
31188,0.7580303030303029,0,1,0,569547,36063,80714,27242,0.3340527622364667,0.4303293578706263
31189,0.7580476190476192,0,4,0,569551,36059,80714,27242,0.3340157101041165,0.43035655044944
31190,0.7580833333333332,1,0,1,569551,36059,80715,27241,0.3340157101041165,0.430347551342812
31191,0.7580833333333333,0,1,0,569552,36058,80715,27241,0.33400644707102894,0.43035434998973127
31192,0.7580952380952379,0,1,0,569553,36057,80715,27241,0.3339971840379414,0.4303611488514645
31193,0.7580952380952382,0,2,0,569555,36055,80715,27241,0.3339786579717663,0.43037474721941354
31194,0.7581190476190475,0,1,0,569556,36054,80715,27241,0.3339693949386787,0.4303815467256497
31195,0.7581309523809524,0,1,0,569557,36053,80715,27241,0.33396013190559115,0.4303883464467406
31196,0.7581666666666667,1,3,1,569560,36050,80716,27240,0.3339323428063285,0.43039974719544954
31197,0.7581666666666668,0,3,0,569563,36047,80716,27240,0.33390455370706584,0.43042014947777585
31198,0.7581825396825396,0,1,0,569564,36046,80716,27240,0.3338952906739783,0.43042695066839426
31199,0.7581904761904764,0,2,0,569566,36044,80716,27240,0.3338767646078032,0.4304405536944567
31200,0.7582142857142857,2,0,2,569566,36044,80718,27238,0.3338767646078032,0.4304225530166556
31201,0.7582857142857143,0,1,0,569567,36043,80718,27238,0.3338675015747156,0.43042935478263616
31202,0.7583333333333332,0,2,0,569569,36041,80718,27238,0.33384897550854054,0.43044295895952844
31203,0.7583333333333333,13,35,13,569604,36006,80731,27225,0.33352476935047615,0.4305641220287517
31204,0.7583333333333334,17,47,17,569651,35959,80748,27208,0.3330894067953611,0.4307312362467744
31205,0.7583928571428572,0,1,0,569652,35958,80748,27208,0.3330801437622735,0.4307380552829054
31206,0.7584523809523812,0,2,0,569654,35956,80748,27208,0.33306161769609843,0.4307516940029131
31207,0.7584761904761905,0,1,0,569655,35955,80748,27208,0.33305235466301086,0.43075851368681034
31208,0.7585,4,8,4,569663,35947,80752,27204,0.3329782503983104,0.43077702649205873
31209,0.7585000000000001,1,0,1,569663,35947,80753,27203,0.3329782503983104,0.4307680126682502
31210,0.7585238095238097,0,1,0,569664,35946,80753,27203,0.33296898736522285,0.43077483412247225
31211,0.7585392940392939,1,1,1,569665,35945,80754,27202,0.33295972433213533,0.43077264161401174
31212,0.7585555555555555,0,1,0,569666,35944,80754,27202,0.33295046129904776,0.43077946346561935
31213,0.7585714285714286,1,1,1,569667,35943,80755,27201,0.3329411982659602,0.43077727099961993
31214,0.7585833333333334,0,2,0,569669,35941,80755,27201,0.3329226721997851,0.43079091571378797
31215,0.7586666666666666,0,2,0,569671,35939,80755,27201,0.33290414613360997,0.43080456129236616
31216,0.7586666666666667,4,4,4,569675,35935,80759,27197,0.3328670940012598,0.4307957929417728
31217,0.75875,1,1,1,569676,35934,80760,27196,0.33285783096817223,0.43079360050689053
31218,0.7588095238095238,1,3,1,569679,35931,80761,27195,0.3328300418689096,0.43080505655355955
31219,0.7588214285714284,0,1,0,569680,35930,80761,27195,0.332820778835822,0.4308118811881188
31220,0.7588333333333332,3,3,3,569683,35927,80764,27192,0.33279298973655935,0.4308053042665441
31221,0.7588333333333334,1,3,1,569686,35924,80765,27191,0.3327652006372967,0.4308167630515725
31222,0.7588571428571429,1,0,1,569686,35924,80766,27190,0.3327652006372967,0.4308077447159109
31223,0.7589761904761905,0,4,0,569690,35920,80766,27190,0.3327281485049465,0.4308350499128506
31224,0.7589999999999999,3,3,3,569693,35917,80769,27187,0.3327003594056838,0.43082847363083165
31225,0.759,8,29,8,569722,35888,80777,27179,0.33243173144614474,0.43095438184787604
31226,0.759047619047619,1,0,1,569722,35888,80778,27178,0.33243173144614474,0.4309453588304316
31227,0.7590714285714287,0,1,0,569723,35887,80778,27178,0.33242246841305717,0.43095219218266867
31228,0.7590753968253968,0,1,0,569724,35886,80778,27178,0.3324132053799696,0.43095902575161743
31229,0.7590833333333333,3,2,3,569726,35884,80781,27175,0.3323946793137945,0.4309456223536688
31230,0.7591111111111113,0,1,0,569727,35883,80781,27175,0.33238541628070695,0.43095245646864794
31231,0.7591666666666664,1,0,1,569727,35883,80782,27174,0.33238541628070695,0.4309434321328322
31232,0.7591666666666665,5,28,5,569755,35855,80787,27169,0.33212605135425544,0.4310897435897436
31233,0.7591666666666668,7,24,7,569779,35831,80794,27162,0.33190373856015415,0.43119076722810473
31234,0.7591666666666669,0,1,0,569780,35830,80794,27162,0.3318944755270666,0.4311976123952248
31235,0.7592380952380953,1,3,1,569783,35827,80795,27161,0.3318666864278039,0.4312091191973074
31236,0.7592380952380954,1,3,1,569786,35824,80796,27160,0.33183889732854127,0.4312206274609425
31237,0.7592857142857143,5,2,5,569788,35822,80801,27155,0.33182037126236613,0.4311891642980771
31238,0.7593214285714285,1,0,1,569788,35822,80802,27154,0.33182037126236613,0.4311801321138211
31239,0.7593333333333332,0,5,0,569793,35817,80802,27154,0.3317740560969284,0.431214368518842
31240,0.7593333333333334,5,11,5,569804,35806,80807,27149,0.3316721627329653,0.4312445397506155
31241,0.7593412698412698,0,1,0,569805,35805,80807,27149,0.3316628996998777,0.43125138990373924
31242,0.7593809523809525,0,1,0,569806,35804,80807,27149,0.33165363666679015,0.4312582402744905
31243,0.759388888888889,0,1,0,569807,35803,80807,27149,0.33164437363370264,0.4312650908628797
31244,0.759452380952381,0,1,0,569808,35802,80807,27149,0.33163511060061507,0.4312719416689171
31245,0.759488095238095,1,0,1,569808,35802,80808,27148,0.33163511060061507,0.4312629070691025
31246,0.7595000000000001,0,3,0,569811,35799,80808,27148,0.3316073215013524,0.4312834606891512
31247,0.7595000000000002,1,0,1,569811,35799,80809,27147,0.3316073215013524,0.4312744256982175
31248,0.7595476190476191,1,0,1,569811,35799,80810,27146,0.3316073215013524,0.4312653904202081
31249,0.7595833333333333,0,1,0,569812,35798,80810,27146,0.33159805846826484,0.43127224199288255
31250,0.7595833333333334,1,0,1,569812,35798,80811,27145,0.33159805846826484,0.4312632063930858
31251,0.7596500721500722,1,3,1,569815,35795,80812,27144,0.3315702693690022,0.43127472632231206
31252,0.7596666666666665,1,1,1,569816,35794,80813,27143,0.3315610063359146,0.4312725423836535
31253,0.7596666666666667,7,7,7,569823,35787,80820,27136,0.33149616510430174,0.43125725092573464
31254,0.7597222222222223,0,2,0,569825,35785,80820,27136,0.33147763903812666,0.43127095882137917
31255,0.7597619047619046,0,1,0,569826,35784,80820,27136,0.3314683760050391,0.4312778130959949
31256,0.7597857142857143,0,1,0,569827,35783,80820,27136,0.3314591129719515,0.43128466758848677
31257,0.7598214285714284,0,4,0,569831,35779,80820,27136,0.3314220608396013,0.4313120877374235
31258,0.7598214285714286,0,2,0,569833,35777,80820,27136,0.3314035347734262,0.4313257991194189
31259,0.7598333333333334,1,1,1,569834,35776,80821,27135,0.33139427174033864,0.43132361590182955
31260,0.7598333333333335,0,1,0,569835,35775,80821,27135,0.3313850087072511,0.4313304721030043
31261,0.7599285714285715,0,1,0,569836,35774,80821,27135,0.33137574567416356,0.43133732852215106
31262,0.759952380952381,1,0,1,569836,35774,80822,27134,0.33137574567416356,0.43132828892986586
31263,0.7599999999999999,2,7,2,569843,35767,80824,27132,0.3313109044425507,0.431358209192515
31264,0.76,748,1175,748,571018,34592,81572,26384,0.3204268405646745,0.4326948307530832
31265,0.7600000000000001,5,6,5,571024,34586,81577,26379,0.32037126236614916,0.4326908882145493
31266,0.7600238095238098,0,1,0,571025,34585,81577,26379,0.32036199933306164,0.4326979856964766
31267,0.7600595238095238,0,1,0,571026,34584,81577,26379,0.3203527362999741,0.43270508341124947
31268,0.7601190476190477,0,1,0,571027,34583,81577,26379,0.3203434732668865,0.4327121813588793
31269,0.7601666666666667,3,6,3,571033,34577,81580,26376,0.3202878950683612,0.43272685511787773
31270,0.7601666666666668,0,4,0,571037,34573,81580,26376,0.32025084293601097,0.4327552543930171
31271,0.7602619047619048,0,1,0,571038,34572,81580,26376,0.3202415799029234,0.43276235479425085
31272,0.7602857142857142,0,2,0,571040,34570,81580,26376,0.3202230538367483,0.4327765562957372
31273,0.7603333333333331,0,1,0,571041,34569,81580,26376,0.32021379080366075,0.4327836573960128
31274,0.7603333333333332,0,2,0,571043,34567,81580,26376,0.32019526473748566,0.4327978602956861
31275,0.7603333333333333,1,9,1,571052,34558,81581,26375,0.32011189743969765,0.432852477311145
31276,0.7604761904761904,0,2,0,571054,34556,81581,26375,0.32009337137352256,0.4328666852669413
31277,0.7604761904761905,0,3,0,571057,34553,81581,26375,0.3200655822742599,0.43288799894957986
31278,0.7605,2,2,2,571059,34551,81583,26373,0.32004705620808477,0.43288359267283827
31279,0.7605000000000001,0,1,0,571060,34550,81583,26373,0.3200377931749972,0.4328906980943158
31280,0.7605039682539683,0,4,0,571064,34546,81583,26373,0.32000074104264703,0.4329191221129697
31281,0.7605476190476191,0,2,0,571066,34544,81583,26373,0.3199822149764719,0.43293333552210383
31282,0.7605595238095236,0,1,0,571067,34543,81583,26373,0.3199729519433843,0.4329404425766629
31283,0.7605714285714287,0,1,0,571068,34542,81583,26373,0.3199636889102968,0.43294754986456535
31284,0.7605833333333334,0,1,0,571069,34541,81583,26373,0.31995442587720924,0.4329546573858226
31285,0.7606666666666666,4,9,4,571078,34532,81587,26369,0.3198710585794212,0.4329813960361899
31286,0.7606666666666668,2,4,2,571082,34528,81589,26367,0.31983400644707105,0.43299121438541754
31287,0.7607142857142857,1,4,1,571086,34524,81590,26366,0.3197969543147208,0.43301034652652326
31288,0.7607380952380953,0,1,0,571087,34523,81590,26366,0.31978769128163326,0.43301745799733943
31289,0.76075,1,0,1,571087,34523,81591,26365,0.31978769128163326,0.4330081461043227
31290,0.7608095238095238,0,1,0,571088,34522,81591,26365,0.3197784282485457,0.43301525777259514
31291,0.7608333333333331,0,1,0,571089,34521,81591,26365,0.3197691652154582,0.4330223696744736
31292,0.7608333333333333,12,12,12,571101,34509,81603,26353,0.3196580088184075,0.4329959580690743
31293,0.7608333333333335,11,19,11,571120,34490,81614,26342,0.31948201118974395,0.433028669121515
31294,0.7608571428571429,0,2,0,571122,34488,81614,26342,0.31946348512356887,0.433042906460628
31295,0.7609166666666667,0,1,0,571123,34487,81614,26342,0.3194542220904813,0.43305002548126714
31296,0.7609523809523807,0,2,0,571125,34485,81614,26342,0.3194356960243062,0.4330642642247686
31297,0.760952380952381,1,1,1,571126,34484,81615,26341,0.31942643299121865,0.43306206329634195
31298,0.7609999999999999,6,22,6,571148,34462,81621,26335,0.31922264626329244,0.4331628205339079
31299,0.7610000000000001,0,11,0,571159,34451,81621,26335,0.31912075289932934,0.43324120685684203
31300,0.7610238095238094,0,1,0,571160,34450,81621,26335,0.3191114898662418,0.4332483342929999
31301,0.7610476190476192,0,1,0,571161,34449,81621,26335,0.31910222683315426,0.43325546196367465
31302,0.7610555555555556,0,3,0,571164,34446,81621,26335,0.3190744377338916,0.4332768463829157
31303,0.7611111111111112,0,2,0,571166,34444,81621,26335,0.31905591166771646,0.43329110383520625
31304,0.7611666666666665,0,3,0,571169,34441,81621,26335,0.3190281225684538,0.4333124917730683
31305,0.7611666666666668,2,3,2,571172,34438,81623,26333,0.31900033346919116,0.43331523259449406
31306,0.7611904761904762,0,1,0,571173,34437,81623,26333,0.3189910704361036,0.4333223630080632
31307,0.7612499999999999,0,1,0,571174,34436,81623,26333,0.31898180740301607,0.433329493656305
31308,0.7613095238095238,0,1,0,571175,34435,81623,26333,0.3189725443699285,0.43333662453923116
31309,0.7613134920634921,0,1,0,571176,34434,81623,26333,0.31896328133684093,0.43334375565685324
31310,0.7613333333333333,2,4,2,571180,34430,81625,26331,0.3189262292044907,0.4333536314412205
31311,0.7613333333333334,2,4,2,571184,34426,81627,26329,0.3188891770721405,0.4333635091761995
31312,0.7613492063492063,0,1,0,571185,34425,81627,26329,0.31887991403905297,0.43337064226223787
31313,0.7613888888888889,0,1,0,571186,34424,81627,26329,0.3188706510059654,0.43337777558309876
31314,0.7614166666666669,0,1,0,571187,34423,81627,26329,0.31886138797287783,0.4333849091387938
31315,0.7614285714285713,0,2,0,571189,34421,81627,26329,0.31884286190670275,0.4333991769547325
31316,0.7614368686868681,1,1,1,571190,34420,81628,26328,0.3188335988736152,0.4333969842628564
31317,0.7615000000000001,4,8,4,571198,34412,81632,26324,0.31875949460891473,0.43341675447839834
31318,0.7615079365079366,0,1,0,571199,34411,81632,26324,0.3187502315758272,0.43342389067259407
31319,0.7615238095238094,0,1,0,571200,34410,81632,26324,0.31874096854273964,0.4334310271017881
31320,0.761547619047619,0,1,0,571201,34409,81632,26324,0.3187317055096521,0.43343816376599215
31321,0.76155772005772,0,1,0,571202,34408,81632,26324,0.3187224424765645,0.4334453006652177
31322,0.7615873015873013,1,0,1,571202,34408,81633,26323,0.3187224424765645,0.43343597174424925
31323,0.7615912698412697,1,0,1,571202,34408,81634,26322,0.3187224424765645,0.43342664251605467
31324,0.7616666666666666,32,45,32,571247,34363,81666,26290,0.3183056059876246,0.4334492935221671
31325,0.7616666666666667,14,36,14,571283,34327,81680,26276,0.3179721367964726,0.4335758955827269
31326,0.7616984126984124,0,1,0,571284,34326,81680,26276,0.31796287376338506,0.4335830500643543
31327,0.7617142857142857,0,1,0,571285,34325,81680,26276,0.31795361073029754,0.4335902047820993
31328,0.7617142857142858,0,1,0,571286,34324,81680,26276,0.31794434769721,0.4335973597359736
31329,0.7617380952380952,0,1,0,571287,34323,81680,26276,0.3179350846641224,0.4336045149259889
31330,0.7617857142857143,0,2,0,571289,34321,81680,26276,0.3179165585979473,0.43361882601448914
31331,0.7618333333333333,0,2,0,571291,34319,81680,26276,0.3178980325317722,0.4336331380476937
31332,0.7618333333333334,3,3,3,571294,34316,81683,26273,0.3178702434325095,0.43362656587829473
31333,0.7618452380952383,0,1,0,571295,34315,81683,26273,0.317860980399422,0.4336337228494091
31334,0.7618571428571428,1,0,1,571295,34315,81684,26272,0.317860980399422,0.43362437486589533
31335,0.761857142857143,0,1,0,571296,34314,81684,26272,0.31785171736633444,0.4336315320371043
31336,0.7618939393939393,1,0,1,571296,34314,81685,26271,0.31785171736633444,0.4336221837088388
31337,0.7619047619047619,2,1,2,571297,34313,81687,26269,0.31784245433324687,0.4336106434254399
31338,0.7619047619047621,1,0,1,571297,34313,81688,26268,0.31784245433324687,0.4336012941351249
31339,0.7619166666666666,0,1,0,571298,34312,81688,26268,0.3178331913001593,0.4336084516342027
31340,0.7619166666666668,0,1,0,571299,34311,81688,26268,0.3178239282670718,0.43361560936958354
31341,0.7619523809523809,0,1,0,571300,34310,81688,26268,0.3178146652339842,0.433622767341279
31342,0.7619541847041844,0,2,0,571302,34308,81688,26268,0.31779613916780913,0.43363708399366085
31343,0.7619999999999999,4,3,4,571305,34305,81692,26264,0.3177683500685464,0.43362115933893575
31344,0.762,9,20,9,571325,34285,81701,26255,0.31758308940679536,0.4336802114304592
31345,0.7620049076740248,3,1,3,571326,34284,81704,26252,0.3175738263737078,0.4336593101625479
31346,0.7620238095238094,0,1,0,571327,34283,81704,26252,0.3175645633406203,0.43366647394069546
31347,0.7620714285714284,0,1,0,571328,34282,81704,26252,0.3175553003075327,0.4336736379555291
31348,0.762073593073593,0,2,0,571330,34280,81704,26252,0.31753677424135757,0.4336879666953017
31349,0.7620833333333334,1,2,1,571332,34278,81705,26251,0.3175182481751825,0.43369294057393976
31350,0.7621111111111111,0,1,0,571333,34277,81705,26251,0.3175089851420949,0.4337001057361882
31351,0.7621190476190475,0,4,0,571337,34273,81705,26251,0.3174719330097447,0.4337287687528914
31352,0.7621414141414142,0,4,0,571341,34269,81705,26251,0.3174348808773945,0.43375743555849305
31353,0.7621428571428572,1,3,1,571344,34266,81706,26250,0.3174070917781318,0.433769581598255
31354,0.7621666666666667,2,4,2,571348,34262,81708,26248,0.3173700396457816,0.4337795405718063
31355,0.7621944444444442,1,2,1,571350,34260,81709,26247,0.3173515135796065,0.43378452079924634
31356,0.7621984126984125,1,0,1,571350,34260,81710,26246,0.3173515135796065,0.43377516279377254
31357,0.7622222222222221,1,0,1,571350,34260,81711,26245,0.3173515135796065,0.4337658044789687
31358,0.7622380952380954,0,1,0,571351,34259,81711,26245,0.31734225054651893,0.4337729736876901
31359,0.7622857142857142,1,1,1,571352,34258,81712,26244,0.3173329875134314,0.4337707844368781
31360,0.7622976190476188,1,0,1,571352,34258,81713,26243,0.3173329875134314,0.4337614254309846
31361,0.7623333333333332,1,2,1,571354,34256,81714,26242,0.3173144614472563,0.4337664055010083
31362,0.7623333333333333,1,5,1,571359,34251,81715,26241,0.31726814628181854,0.4337928982344773
31363,0.7623333333333335,0,2,0,571361,34249,81715,26241,0.3172496202156434,0.4338072408662589
31364,0.7623809523809524,1,1,1,571362,34248,81716,26240,0.31724035718255583,0.43380505224176696
31365,0.7624999999999998,0,1,0,571363,34247,81716,26240,0.3172310941494683,0.4338122241142725
31366,0.7625,35,103,35,571466,34144,81751,26205,0.31627700174145024,0.4342242622081559
31367,0.7625000000000002,1,3,1,571469,34141,81752,26204,0.3162492126421876,0.4342364736100754
31368,0.7625535714285714,0,2,0,571471,34139,81752,26204,0.31623068657601244,0.43425086588336675
31369,0.7625595238095237,1,0,1,571471,34139,81753,26203,0.31623068657601244,0.4342414901726824
31370,0.7625833333333334,1,3,1,571474,34136,81754,26202,0.3162028974767498,0.43425370413338193
31371,0.7626468253968255,0,1,0,571475,34135,81754,26202,0.3161936344436622,0.4342609012711935
31372,0.7626666666666665,0,3,0,571478,34132,81754,26202,0.31616584534439957,0.4342824941160871
31373,0.7626666666666666,7,8,7,571486,34124,81761,26195,0.3160917410796991,0.43427444088927203
31374,0.7626666666666668,1,3,1,571489,34121,81762,26194,0.31606395198043646,0.4342866616927796
31375,0.7627139249639251,0,5,0,571494,34116,81762,26194,0.3160176368149987,0.4343226662245067
31376,0.7627142857142857,0,1,0,571495,34115,81762,26194,0.31600837378191116,0.4343298678472533
31377,0.7627857142857143,0,1,0,571496,34114,81762,26194,0.3159991107488236,0.434337069708828
31378,0.7628333333333331,2,0,2,571496,34114,81764,26192,0.3159991107488236,0.4343183099525752
31379,0.7628333333333334,0,1,0,571497,34113,81764,26192,0.315989847715736,0.43432551198076447
31380,0.7628571428571428,0,5,0,571502,34108,81764,26192,0.3159435325502983,0.4343615257048093
31381,0.7628650793650793,0,1,0,571503,34107,81764,26192,0.3159342695172107,0.4343687291663212
31382,0.7628769841269838,1,1,1,571504,34106,81765,26191,0.31592500648412314,0.43436655223311277
31383,0.7629166666666666,1,0,1,571504,34106,81766,26190,0.31592500648412314,0.434357171288311
31384,0.7629523809523809,0,1,0,571505,34105,81766,26190,0.3159157434510356,0.43436437515548554
31385,0.763,9,15,9,571520,34090,81775,26181,0.3157767979547223,0.4343880141361517
31386,0.7630000000000001,1,8,1,571528,34082,81776,26180,0.31570269369002185,0.43443629484583984
31387,0.7630238095238094,1,0,1,571528,34082,81777,26179,0.31570269369002185,0.43442690960986374
31388,0.763063492063492,0,1,0,571529,34081,81777,26179,0.3156934306569343,0.4344341188184534
31389,0.7631388888888889,0,2,0,571531,34079,81777,26179,0.3156749045907592,0.4344485379534668
31390,0.7631428571428571,0,1,0,571532,34078,81777,26179,0.31566564155767163,0.43445574787991437
31391,0.7631587301587301,0,3,0,571535,34075,81777,26179,0.315637852458409,0.4344773790951638
31392,0.7631666666666667,3,7,3,571542,34068,81780,26176,0.3155730112267961,0.43449970121505876
31393,0.7631666666666668,1,0,1,571542,34068,81781,26175,0.3155730112267961,0.4344903142273791
31394,0.7632023809523809,0,2,0,571544,34066,81781,26175,0.315554485160621,0.43450473929715644
31395,0.7632142857142857,3,2,3,571546,34064,81784,26172,0.3155359590944459,0.4344910020585696
31396,0.7632380952380952,0,1,0,571547,34063,81784,26172,0.31552669606135836,0.434498215323317
31397,0.7632857142857143,0,1,0,571548,34062,81784,26172,0.3155174330282708,0.4345054288275725
31398,0.7633333333333332,1,0,1,571548,34062,81785,26171,0.3155174330282708,0.4344960403765378
31399,0.7633333333333333,41,84,41,571632,33978,81826,26130,0.3147393382489162,0.4347175084847275
31400,0.7633333333333334,54,105,54,571737,33873,81880,26076,0.31376671977472304,0.4349697242656258
31401,0.7634444444444444,0,1,0,571738,33872,81880,26076,0.31375745674163547,0.4349769800493761
31402,0.763452380952381,0,1,0,571739,33871,81880,26076,0.31374819370854795,0.43498423607519976
31403,0.7634722222222221,0,1,0,571740,33870,81880,26076,0.3137389306754604,0.4349914923431088
31404,0.7635,3,8,3,571748,33862,81883,26073,0.31366482641075993,0.43502127304579963
31405,0.7635000000000001,1,1,1,571749,33861,81884,26072,0.31365556337767236,0.435019104666878
31406,0.7635476190476191,1,0,1,571749,33861,81885,26071,0.31365556337767236,0.4350096776346526
31407,0.7635714285714286,0,1,0,571750,33860,81885,26071,0.31364630034458485,0.4350169361432314
31408,0.7635833333333332,0,1,0,571751,33859,81885,26071,0.3136370373114973,0.43502419489404304
31409,0.7635952380952381,0,1,0,571752,33858,81885,26071,0.3136277742784097,0.43503145388709974
31410,0.7636111111111111,0,1,0,571753,33857,81885,26071,0.3136185112453222,0.43503871312241355
31411,0.7636666666666666,0,5,0,571758,33852,81885,26071,0.3135721960798844,0.43507501293326434
31412,0.7636666666666667,2,3,2,571761,33849,81887,26069,0.31354440698062175,0.43507793985112986
31413,0.7637142857142857,0,1,0,571762,33848,81887,26069,0.3135351439475342,0.4350852011949864
31414,0.7637380952380951,0,1,0,571763,33847,81887,26069,0.3135258809144466,0.43509246278122704
31415,0.7638095238095238,0,1,0,571764,33846,81887,26069,0.3135166178813591,0.43509972460986396
31416,0.7638095238095239,0,2,0,571766,33844,81887,26069,0.31349809181518395,0.4351142489943752
31417,0.7638333333333333,2,9,2,571775,33835,81889,26067,0.313414724517396,0.4351607625788788
31418,0.7638333333333334,2,1,2,571776,33834,81891,26065,0.3134054614843084,0.435149167765739
31419,0.7638690476190475,0,2,0,571778,33832,81891,26065,0.31338693541813334,0.4351636976810191
31420,0.763904761904762,1,0,1,571778,33832,81892,26064,0.31338693541813334,0.43515426739682117
31421,0.7639285714285714,1,0,1,571778,33832,81893,26063,0.31338693541813334,0.43514483679772936
31422,0.7639523809523812,1,0,1,571778,33832,81894,26062,0.31338693541813334,0.4351354058837279
31423,0.7639642857142858,0,1,0,571779,33831,81894,26062,0.31337767238504577,0.4351426710967893
31424,0.7639999999999999,2,6,2,571785,33825,81896,26060,0.31332209418652046,0.4351674041913668
31425,0.764,16,40,16,571825,33785,81912,26044,0.3129515728630183,0.4353072924501496
31426,0.764047619047619,1,0,1,571825,33785,81913,26043,0.3129515728630183,0.4352978538476967
31427,0.7640476190476191,0,1,0,571826,33784,81913,26043,0.3129423098299307,0.4353051297908971
31428,0.7641666666666665,8,21,8,571847,33763,81921,26035,0.3127477861350921,0.43538245426268435
31429,0.7641666666666667,12,18,12,571865,33745,81933,26023,0.3125810515395161,0.43540021416142416
31430,0.7641904761904763,0,2,0,571867,33743,81933,26023,0.312562525473341,0.43541478432553626
31431,0.7642142857142856,0,1,0,571868,33742,81933,26023,0.31255326244025344,0.4354220697732787
31432,0.7642619047619046,0,2,0,571870,33740,81933,26023,0.3125347363740783,0.43543664140019744
31433,0.7642857142857143,3,1,3,571871,33739,81936,26020,0.3125254733409908,0.4354155859368463
31434,0.7643333333333332,1,4,1,571875,33735,81937,26019,0.31248842120864057,0.43543528466713527
31435,0.7643333333333334,3,15,3,571890,33720,81940,26016,0.31234947571232724,0.4355162715950181
31436,0.7643333333333335,2,1,2,571891,33719,81942,26014,0.31234021267923967,0.43550466241441077
31437,0.7644047619047618,0,1,0,571892,33718,81942,26014,0.31233094964615216,0.4355119533918168
31438,0.7644444444444445,0,1,0,571893,33717,81942,26014,0.3123216866130646,0.43551924461334984
31439,0.7645000000000001,4,4,4,571897,33713,81946,26010,0.31228463448071436,0.4355106073037188
31440,0.7645000000000002,0,1,0,571898,33712,81946,26010,0.3122753714476268,0.4355178996014869
31441,0.7645238095238094,0,1,0,571899,33711,81946,26010,0.3122661084145393,0.43552519214346713
31442,0.7645238095238096,0,1,0,571900,33710,81946,26010,0.3122568453814517,0.4355324849296718
31443,0.7645476190476189,0,1,0,571901,33709,81946,26010,0.31224758234836414,0.4355397779601132
31444,0.7645595238095236,0,2,0,571903,33707,81946,26010,0.31222905628218905,0.4355543647537552
31445,0.7646666666666665,1,2,1,571905,33705,81947,26009,0.3122105302160139,0.43555950028469037
31446,0.7646666666666667,3,8,3,571913,33697,81950,26006,0.3121364259513135,0.43558950136509056
31447,0.7646666666666668,1,0,1,571913,33697,81951,26005,0.3121364259513135,0.4355800475695957
31448,0.7646904761904761,0,2,0,571915,33695,81951,26005,0.3121178998851384,0.43559463986599667
31449,0.7647499999999999,1,2,1,571917,33693,81952,26004,0.3120993738189633,0.435599778883361
31450,0.76475,0,1,0,571918,33692,81952,26004,0.31209011078587573,0.4356070758509783
31451,0.7647619047619049,0,1,0,571919,33691,81952,26004,0.31208084775278816,0.4356143730630706
31452,0.7648333333333334,1,7,1,571926,33684,81953,26003,0.3120160065211753,0.435656005495334
31453,0.7648571428571428,0,1,0,571927,33683,81953,26003,0.3120067434880877,0.4356633046275509
31454,0.7648809523809522,0,1,0,571928,33682,81953,26003,0.3119974804550002,0.4356706040043562
31455,0.7648809523809524,0,1,0,571929,33681,81953,26003,0.31198821742191263,0.43567790362576236
31456,0.764888888888889,0,1,0,571930,33680,81953,26003,0.31197895438882506,0.4356852034917816
31457,0.7649999999999999,1,5,1,571935,33675,81954,26002,0.3119326392233873,0.4357122509509526
31458,0.765,190,320,190,572255,33355,82144,25812,0.30896846863537,0.4362566971453682
31459,0.7650000000000001,1,4,1,572259,33351,82145,25811,0.30893141650301975,0.43627666407491295
31460,0.7650454545454545,0,1,0,572260,33350,82145,25811,0.3089221534699322,0.4362840384712902
31461,0.7650974025974024,0,1,0,572261,33349,82145,25811,0.30891289043684467,0.43629141311697095
31462,0.765111111111111,0,1,0,572262,33348,82145,25811,0.3089036274037571,0.43629878801196775
31463,0.7651309523809524,0,4,0,572266,33344,82145,25811,0.3088665752714069,0.43632829008536894
31464,0.7651428571428572,0,1,0,572267,33343,82145,25811,0.3088573122383193,0.43633566622713593
31465,0.7651666666666666,1,1,1,572268,33342,82146,25810,0.30884804920523173,0.4363335136597241
31466,0.7651666666666667,0,3,0,572271,33339,82146,25810,0.3088202601059691,0.4363556442205278
31467,0.7651666666666668,0,1,0,572272,33338,82146,25810,0.30881099707288157,0.43636302157300333
31468,0.7652023809523811,1,0,1,572272,33338,82147,25809,0.30881099707288157,0.4363534921466854
31469,0.7652857142857142,0,1,0,572273,33337,82147,25809,0.308801734039794,0.43636086971223753
31470,0.7652857142857143,0,1,0,572274,33336,82147,25809,0.3087924710067064,0.4363682475272635
31471,0.7653333333333333,4,3,4,572277,33333,82151,25805,0.30876468190744377,0.43635226081369
31472,0.7653333333333334,1,3,1,572280,33330,82152,25804,0.3087368928081811,0.43636486623600634
31473,0.7654126984126985,1,0,1,572280,33330,82153,25803,0.3087368928081811,0.4363553345847496
31474,0.7654166666666665,1,1,1,572281,33329,82154,25802,0.30872762977509355,0.436353181918114
31475,0.7654166666666667,0,1,0,572282,33328,82154,25802,0.308718366742006,0.43636056147471675
31476,0.7654523809523809,0,2,0,572284,33326,82154,25802,0.3086998406758309,0.43637532133676094
31477,0.7654761904761905,0,1,0,572285,33325,82154,25802,0.3086905776427433,0.43638270164222775
31478,0.7655,5,10,5,572295,33315,82159,25797,0.3085979473118678,0.4364088509947219
31479,0.765547619047619,1,0,1,572295,33315,82160,25796,0.3085979473118678,0.4363993165400687
31480,0.7656190476190478,1,0,1,572295,33315,82161,25795,0.3085979473118678,0.43638978176281507
31481,0.7656666666666665,0,1,0,572296,33314,82161,25795,0.3085886842787802,0.43639716456038846
31482,0.7656666666666666,5,7,5,572303,33307,82166,25790,0.30852384304716735,0.4364011709562245
31483,0.7656666666666667,0,2,0,572305,33305,82166,25790,0.30850531698099226,0.43641594043489296
31484,0.7656904761904763,1,0,1,572305,33305,82167,25789,0.30850531698099226,0.43640640335736286
31485,0.7657142857142857,3,3,3,572308,33302,82170,25786,0.3084775278817296,0.4363999458434877
31486,0.7657142857142858,0,1,0,572309,33301,82170,25786,0.30846826484864204,0.4364073315619341
31487,0.7658214285714285,1,1,1,572310,33300,82171,25785,0.30845900181555447,0.4364051789794364
31488,0.7658268398268397,1,0,1,572310,33300,82172,25784,0.30845900181555447,0.4363956401056123
31489,0.7658333333333333,9,22,9,572332,33278,82181,25775,0.3082552150876283,0.4364723214739302
31490,0.7658333333333335,9,19,9,572351,33259,82190,25766,0.30807921745896477,0.43652689538331213
31491,0.7658571428571429,0,2,0,572353,33257,82190,25766,0.30806069139278963,0.43654168713891195
31492,0.7658809523809523,1,1,1,572354,33256,82191,25765,0.3080514283597021,0.43653953677504614
31493,0.7659404761904761,1,2,1,572356,33254,82192,25764,0.308032902293527,0.4365447829475753
31494,0.7659523809523808,0,2,0,572358,33252,82192,25764,0.3080143762273519,0.43655957706384707
31495,0.765952380952381,0,1,0,572359,33251,82192,25764,0.3080051131942643,0.43656697449800896
31496,0.7659880952380951,0,1,0,572360,33250,82192,25764,0.30799585016117675,0.4365743721828719
31497,0.7659999999999999,15,27,15,572387,33223,82207,25749,0.3077457482678128,0.43663094349860954
31498,0.7660000000000001,1,4,1,572391,33219,82208,25748,0.3077086961354626,0.4366510081910221
31499,0.7660238095238096,1,0,1,572391,33219,82209,25747,0.3077086961354626,0.4366414543974494
31500,0.7660714285714286,1,1,1,572392,33218,82210,25746,0.307699433102375,0.4366393053388508
31501,0.7661666666666666,0,2,0,572394,33216,82210,25746,0.30768090703619994,0.43665411621044065
31502,0.7661666666666668,2,5,2,572399,33211,82212,25744,0.30763459187076214,0.436672037995081
31503,0.7661984126984126,0,1,0,572400,33210,82212,25744,0.3076253288376746,0.4366794449910099
31504,0.76625,1,2,1,572402,33208,82213,25743,0.3076068027714995,0.4366847042458991
31505,0.7662738095238094,1,0,1,572402,33208,82214,25742,0.3076068027714995,0.4366751484308736
31506,0.7662857142857142,0,1,0,572403,33207,82214,25742,0.3075975397384119,0.43668255610782203
31507,0.7662857142857143,1,0,1,572403,33207,82215,25741,0.3075975397384119,0.4366729999321436
31508,0.7663095238095238,0,1,0,572404,33206,82215,25741,0.3075882767053244,0.4366804078239775
31509,0.7663333333333331,0,1,0,572405,33205,82215,25741,0.30757901367223683,0.4366878159671564
31510,0.7663333333333333,3,7,3,572412,33198,82218,25738,0.30751417244062396,0.43671100855164924
31511,0.7663333333333334,3,1,3,572413,33197,82221,25735,0.3075049094075364,0.43668974411185774
31512,0.7663333333333335,0,1,0,572414,33196,82221,25735,0.30749564637444887,0.43669715429909556
31513,0.7663636363636364,0,1,0,572415,33195,82221,25735,0.3074863833413613,0.43670456473782454
31514,0.7663968253968254,0,1,0,572416,33194,82221,25735,0.30747712030827373,0.4367119754280575
31515,0.7664444444444445,1,0,1,572416,33194,82222,25734,0.30747712030827373,0.4367024165082813
31516,0.7664523809523809,0,1,0,572417,33193,82222,25734,0.30746785727518616,0.4367098274135795
31517,0.766452380952381,1,1,1,572418,33192,82223,25733,0.30745859424209865,0.4367076792532881
31518,0.7664761904761906,1,1,1,572419,33191,82224,25732,0.3074493312090111,0.43670553094716835
31519,0.7665,1,2,1,572421,33189,82225,25731,0.307430805142836,0.4367107942973523
31520,0.7665000000000001,3,9,3,572430,33180,82228,25728,0.307347437845048,0.43674882868201265
31521,0.7665000000000002,0,1,0,572431,33179,82228,25728,0.3073381748119604,0.4367562428913372
31522,0.7665238095238095,0,2,0,572433,33177,82228,25728,0.3073196487457853,0.4367710720651897
31523,0.766547619047619,0,2,0,572435,33175,82228,25728,0.30730112267961024,0.43678590224606556
31524,0.7665714285714286,0,1,0,572436,33174,82228,25728,0.30729185964652267,0.4367933177141693
31525,0.7665952380952382,1,0,1,572436,33174,82229,25727,0.30729185964652267,0.4367837557936198
31526,0.7665952380952383,0,1,0,572437,33173,82229,25727,0.3072825966134351,0.4367911714770798
31527,0.7666190476190476,0,1,0,572438,33172,82229,25727,0.30727333358034753,0.43679858741234995
31528,0.7666666666666666,57,105,57,572543,33067,82286,25670,0.30630071510615436,0.43703287535965407
31529,0.7666666666666667,49,87,49,572630,32980,82335,25621,0.3054948312275371,0.43721096909609053
31530,0.7666666666666668,1,1,1,572631,32979,82336,25620,0.3054855681944496,0.43720882608918243
31531,0.7667100122100122,0,1,0,572632,32978,82336,25620,0.30547630516136204,0.4372162872452985
31532,0.7667142857142857,0,1,0,572633,32977,82336,25620,0.30546704212827447,0.43722374865607455
31533,0.7667857142857143,0,1,0,572634,32976,82336,25620,0.30545777909518695,0.4372312103215237
31534,0.766820707070707,0,1,0,572635,32975,82336,25620,0.3054485160620994,0.43723867224165885
31535,0.7668333333333333,1,0,1,572635,32975,82337,25619,0.3054485160620994,0.437229067822644
31536,0.7668333333333334,1,5,1,572640,32970,82338,25618,0.3054022008966616,0.43725677613163105
31537,0.7668571428571428,0,1,0,572641,32969,82338,25618,0.305392937863574,0.4372642395070579
31538,0.7669047619047619,1,0,1,572641,32969,82339,25617,0.305392937863574,0.4372546342129519
31539,0.7669523809523809,1,1,1,572642,32968,82340,25616,0.3053836748304865,0.43725249214802675
31540,0.7669642857142857,0,1,0,572643,32967,82340,25616,0.30537441179739894,0.4372599559599201
31541,0.7669999999999999,0,5,0,572648,32962,82340,25616,0.30532809663196114,0.437297278841886
31542,0.767,3,7,3,572655,32955,82343,25613,0.30526325540034827,0.43732072121294907
31543,0.7670198412698412,0,1,0,572656,32954,82343,25613,0.30525399236726075,0.4373281882288661
31544,0.7670238095238097,1,0,1,572656,32954,82344,25612,0.30525399236726075,0.4373185807465082
31545,0.7670317460317458,0,1,0,572657,32953,82344,25612,0.3052447293341732,0.43732604798087593
31546,0.7670714285714285,0,2,0,572659,32951,82344,25612,0.3052262032679981,0.4373409832146577
31547,0.7671190476190476,0,2,0,572661,32949,82344,25612,0.30520767720182296,0.4373559194685883
31548,0.7671212121212122,0,1,0,572662,32948,82344,25612,0.3051984141687354,0.43736338797814206
31549,0.7671428571428572,3,4,3,572666,32944,82347,25609,0.3051613620363852,0.43736443905521494
31550,0.7671666666666666,3,0,3,572666,32944,82350,25606,0.3051613620363852,0.43733561058924
31551,0.7671666666666667,0,4,0,572670,32940,82350,25606,0.305124309904035,0.43736549038363
31552,0.7671666666666668,0,1,0,572671,32939,82350,25606,0.3051150468709474,0.43737296097019385
31553,0.7672002164502163,0,1,0,572672,32938,82350,25606,0.30510578383785986,0.4373804318119705
31554,0.7672142857142857,1,0,1,572672,32938,82351,25605,0.30510578383785986,0.43737082144748307
31555,0.7672857142857142,0,2,0,572674,32936,82351,25605,0.30508725777168477,0.43738576382364497
31556,0.7672976190476191,0,2,0,572676,32934,82351,25605,0.30506873170550963,0.43740070722082713
31557,0.7673095238095239,0,1,0,572677,32933,82351,25605,0.3050594686724221,0.4374081793023335
31558,0.7673333333333332,1,2,1,572679,32931,82352,25604,0.305040942606247,0.4374135132826514
31559,0.7673333333333333,0,12,0,572691,32919,82352,25604,0.30492978620919636,0.4375032038685645
31560,0.7673333333333335,1,2,1,572693,32917,82353,25603,0.3049112601430212,0.43750854408749146
31561,0.7673809523809524,0,2,0,572695,32915,82353,25603,0.30489273407684614,0.4375234970436447
31562,0.7674047619047616,0,2,0,572697,32913,82353,25603,0.304874208010671,0.4375384510219427
31563,0.7674047619047619,0,1,0,572698,32912,82353,25603,0.3048649449775835,0.4375459283944288
31564,0.7674404761904762,0,2,0,572700,32910,82353,25603,0.30484641891140835,0.4375608839061405
31565,0.7674999999999998,2,5,2,572705,32905,82355,25601,0.3048001037459706,0.437579051721191
31566,0.7675,42,106,42,572811,32799,82397,25559,0.3038182222386898,0.437969087357346
31567,0.7675000000000002,3,1,3,572812,32798,82400,25556,0.3038089592056023,0.43794769852966375
31568,0.7675634920634918,0,5,0,572817,32793,82400,25556,0.3037626440401645,0.4379852268247956
31569,0.7676190476190474,1,0,1,572817,32793,82401,25555,0.3037626440401645,0.4379755947076164
31570,0.7676190476190476,1,3,1,572820,32790,82402,25554,0.30373485494090185,0.4379884821061292
31571,0.7676298701298702,0,1,0,572821,32789,82402,25554,0.3037255919078143,0.43799598923606947
31572,0.767638888888889,0,2,0,572823,32787,82402,25554,0.3037070658416392,0.4380110042680105
31573,0.7676666666666665,0,1,0,572824,32786,82402,25554,0.30369780280855163,0.43801851217003773
31574,0.7676666666666666,1,6,1,572830,32780,82403,25553,0.3036422246100263,0.4380539317367528
31575,0.7676666666666668,2,4,2,572834,32776,82405,25551,0.3036051724776761,0.43806470416788107
31576,0.7677380952380952,2,0,2,572834,32776,82407,25549,0.3036051724776761,0.4380454350621517
31577,0.7677857142857143,0,1,0,572835,32775,82407,25549,0.30359590944458853,0.4380529456141554
31578,0.7678333333333331,1,1,1,572836,32774,82408,25548,0.30358664641150096,0.43805082130242445
31579,0.7678333333333334,1,4,1,572840,32770,82409,25547,0.3035495942791508,0.43807123137335596
31580,0.7678333333333335,0,3,0,572843,32767,82409,25547,0.3035218051798881,0.4380937682203245
31581,0.7678571428571428,0,2,0,572845,32765,82409,25547,0.303503279113713,0.4381087940732611
31582,0.7678571428571429,0,2,0,572847,32763,82409,25547,0.30348475304753786,0.43812382095695424
31583,0.767904761904762,1,1,1,572848,32762,82410,25546,0.30347549001445034,0.43812169856623445
31584,0.7679999999999998,0,3,0,572851,32759,82410,25546,0.3034477009151877,0.4381442414887231
31585,0.768,16,27,16,572878,32732,82426,25530,0.3031975990218237,0.4381929902852631
31586,0.7680000000000001,1,7,1,572885,32725,82427,25529,0.3031327577902108,0.4382360009613074
31587,0.7680158730158729,0,1,0,572886,32724,82427,25529,0.30312349475712325,0.43824352393868127
31588,0.7680227272727274,0,3,0,572889,32721,82427,25529,0.3030957056578606,0.4382660944206009
31589,0.7680833333333333,0,1,0,572890,32720,82427,25529,0.3030864426247731,0.4382736184312177
31590,0.7681190476190476,0,1,0,572891,32719,82427,25529,0.3030771795916855,0.43828114270017854
31591,0.7681666666666667,1,5,1,572896,32714,82428,25528,0.3030308644262477,0.43830912399986266
31592,0.7681666666666668,1,0,1,572896,32714,82429,25527,0.3030308644262477,0.43829947974794387
31593,0.7682142857142857,1,1,1,572897,32713,82430,25526,0.3030216013931602,0.43829736087501503
31594,0.7682499999999999,0,3,0,572900,32710,82430,25526,0.3029938122938975,0.43831993955628823
31595,0.7682777777777778,0,1,0,572901,32709,82430,25526,0.30298454926081,0.43832746630033487
31596,0.7683095238095238,0,1,0,572902,32708,82430,25526,0.3029752862277224,0.4383349933028815
31597,0.7683214285714286,0,2,0,572904,32706,82430,25526,0.3029567601615473,0.43835004808352795
31598,0.7683333333333333,21,36,21,572940,32670,82451,25505,0.30262329097039536,0.4384185646755479
31599,0.7683333333333334,15,52,15,572992,32618,82466,25490,0.3021416132498425,0.4386659324017347
31600,0.7683809523809524,0,1,0,572993,32617,82466,25490,0.302132350216755,0.4386734816803483
31601,0.7683809523809525,1,0,1,572993,32617,82467,25489,0.302132350216755,0.4386638212921213
31602,0.7684615384615384,0,1,0,572994,32616,82467,25489,0.3021230871836674,0.4386713707942518
31603,0.768484126984127,0,1,0,572995,32615,82467,25489,0.30211382415057986,0.43867892055624397
31604,0.7684999999999998,1,0,1,572995,32615,82468,25488,0.30211382415057986,0.43866925976283494
31605,0.7685,5,4,5,572999,32611,82473,25483,0.30207677201822963,0.438651151581919
31606,0.7685000000000001,0,1,0,573000,32610,82473,25483,0.3020675089851421,0.4386587024254213
31607,0.7685357142857143,0,1,0,573001,32609,82473,25483,0.30205824595205455,0.4386662535288852
31608,0.7685476190476193,0,2,0,573003,32607,82473,25483,0.3020397198858794,0.4386813565157514
31609,0.7685714285714285,0,1,0,573004,32606,82473,25483,0.3020304568527919,0.43868890839918057
31610,0.7685714285714286,2,3,2,573007,32603,82475,25481,0.30200266775352924,0.4386922388265271
31611,0.768582251082251,0,2,0,573009,32601,82475,25481,0.3019841416873541,0.4387073447884026
31612,0.7685833333333334,0,1,0,573010,32600,82475,25481,0.30197487865426653,0.43871489815946696
31613,0.768611111111111,0,1,0,573011,32599,82475,25481,0.301965615621179,0.4387224517906336
31614,0.7686666666666666,2,3,2,573014,32596,82477,25479,0.30193782652191636,0.43872578562204045
31615,0.7686666666666667,4,9,4,573023,32587,82481,25475,0.30185445922412835,0.43875512383314386
31616,0.7686666666666668,0,1,0,573024,32586,82481,25475,0.3018451961910408,0.43876268062899365
31617,0.7686904761904763,1,0,1,573024,32586,82482,25474,0.3018451961910408,0.4387530141233207
31618,0.7687142857142857,1,1,1,573025,32585,82483,25473,0.30183593315795326,0.43875090426814567
31619,0.7687380952380952,1,1,1,573026,32584,82484,25472,0.3018266701248657,0.4387487942676037
31620,0.7687499999999998,0,1,0,573027,32583,82484,25472,0.3018174070917781,0.4387563517354233
31621,0.76875,0,3,0,573030,32580,82484,25472,0.30178961799251547,0.43877902570109556
31622,0.7688095238095238,0,1,0,573031,32579,82484,25472,0.3017803549594279,0.43878658421043565
31623,0.7688333333333333,1,1,1,573032,32578,82485,25471,0.3017710919263404,0.4387844751847577
31624,0.7688333333333334,0,3,0,573035,32575,82485,25471,0.3017433028270777,0.4388071529476622
31625,0.768920634920635,0,1,0,573036,32574,82485,25471,0.30173403979399016,0.4388147127228874
31626,0.7689314574314575,1,0,1,573036,32574,82486,25470,0.30173403979399016,0.4388050444490387
31627,0.7689523809523808,0,1,0,573037,32573,82486,25470,0.3017247767609026,0.4388126044484262
31628,0.7689761904761905,0,2,0,573039,32571,82486,25470,0.3017062506947275,0.43882772522871766
31629,0.7689999999999999,0,3,0,573042,32568,82486,25470,0.3016784615954648,0.4388504083531479
31630,0.769,6,16,6,573058,32552,82492,25464,0.30153025306606396,0.4389134031991175
31631,0.769047619047619,1,1,1,573059,32551,82493,25463,0.3015209900329764,0.43891129727307204
31632,0.7691017316017316,0,1,0,573060,32550,82493,25463,0.3015117269998888,0.4389188630134625
31633,0.7691031746031746,0,1,0,573061,32549,82493,25463,0.3015024639668013,0.4389264290146866
31634,0.7691428571428571,0,1,0,573062,32548,82493,25463,0.30149320093371373,0.43893399527675786
31635,0.7691666666666666,11,24,11,573086,32524,82504,25452,0.30127088813961245,0.43900924520491236
31636,0.7691666666666667,4,14,4,573100,32510,82508,25448,0.3011412056763867,0.43907657269056904
31637,0.76925,0,1,0,573101,32509,82508,25448,0.3011319426432991,0.43908414859292233
31638,0.7692857142857144,2,1,2,573102,32508,82510,25446,0.30112267961021155,0.4390723677399317
31639,0.7693333333333332,2,4,2,573106,32504,82512,25444,0.30108562747786133,0.4390833160764824
31640,0.7693333333333334,2,18,2,573124,32486,82514,25442,0.30091889288228535,0.4392003866869217
31641,0.769452380952381,0,1,0,573125,32485,82514,25442,0.30090962984919783,0.4392079686501977
31642,0.7694999999999999,1,1,1,573126,32484,82515,25441,0.30090036681611027,0.43920586965904185
31643,0.7695000000000001,0,3,0,573129,32481,82515,25441,0.3008725777168476,0.4392286177963468
31644,0.7695000000000002,0,2,0,573131,32479,82515,25441,0.30085405165067247,0.43924378453038676
31645,0.769520743145743,0,1,0,573132,32478,82515,25441,0.30084478861758496,0.4392513682901984
31646,0.7695238095238095,0,1,0,573133,32477,82515,25441,0.3008355255844974,0.4392589523118892
31647,0.7695952380952381,0,1,0,573134,32476,82515,25441,0.3008262625514098,0.4392665365954728
31648,0.7696428571428574,0,1,0,573135,32475,82515,25441,0.3008169995183223,0.43927412114096276
31649,0.7696666666666665,1,6,1,573141,32469,82516,25440,0.30076142131979694,0.4393099518209605
31650,0.7696666666666667,1,11,1,573152,32458,82517,25439,0.30065952795583384,0.4393837331813393
31651,0.7696666666666668,0,2,0,573154,32456,82517,25439,0.30064100188965875,0.43939891182312807
31652,0.7697142857142856,0,1,0,573155,32455,82517,25439,0.3006317388565712,0.43940650153729227
31653,0.7697499999999999,0,1,0,573156,32454,82517,25439,0.3006224758234836,0.4394140915136545
31654,0.7697619047619049,1,0,1,573156,32454,82518,25438,0.3006224758234836,0.43940440820838805
31655,0.7697738095238096,2,1,2,573157,32453,82520,25436,0.3006132127903961,0.4393926307243172
31656,0.7698095238095237,0,1,0,573158,32452,82520,25436,0.30060394975730853,0.439400221116639
31657,0.7698214285714287,2,1,2,573159,32451,82522,25434,0.30059468672422096,0.4393884426017103
31658,0.7698293650793651,1,0,1,573159,32451,82523,25433,0.30059468672422096,0.4393787575150301
31659,0.7698333333333331,0,1,0,573160,32450,82523,25433,0.30058542369113345,0.4393863483233419
31660,0.7698333333333334,3,4,3,573164,32446,82526,25430,0.3005483715587832,0.43938765636878846
31661,0.7698571428571428,1,0,1,573164,32446,82527,25429,0.3005483715587832,0.439377969762419
31662,0.7698809523809522,0,1,0,573165,32445,82527,25429,0.30053910852569565,0.4393855617375678
31663,0.7699206349206351,0,1,0,573166,32444,82527,25429,0.3005298454926081,0.4393931539750834
31664,0.7699444444444444,0,1,0,573167,32443,82527,25429,0.30052058245952057,0.4394007464749793
31665,0.7699523809523809,1,1,1,573168,32442,82528,25428,0.300511319426433,0.43939865215137375
31666,0.7699999999999999,3,9,3,573177,32433,82531,25425,0.300427952128645,0.4394379342528259
31667,0.77,706,1147,706,574324,31286,83237,24719,0.28980325317722033,0.44137130613338094
31668,0.7700000000000001,1,5,1,574329,31281,83238,24718,0.2897569380117826,0.44140073929891604
31669,0.7700277777777778,0,3,0,574332,31278,83238,24718,0.28972914891251994,0.44142438745624685
31670,0.7700833333333335,0,1,0,574333,31277,83238,24718,0.28971988587943237,0.4414322707384588
31671,0.7700952380952382,0,1,0,574334,31276,83238,24718,0.2897106228463448,0.44144015430224665
31672,0.7701071428571425,1,2,1,574336,31274,83239,24717,0.2896920967801697,0.44144594667000053
31673,0.7701190476190476,2,0,2,574336,31274,83241,24715,0.2896920967801697,0.4414259943917555
31674,0.7701388888888888,0,1,0,574337,31273,83241,24715,0.28968283374708215,0.44143387868829037
31675,0.770142857142857,0,3,0,574340,31270,83241,24715,0.2896550446478195,0.4414575332678396
31676,0.7701666666666667,2,4,2,574344,31266,83243,24713,0.28961799251546927,0.44146912234945246
31677,0.7701666666666668,1,2,1,574346,31264,83244,24712,0.28959946644929413,0.44147491782192366
31678,0.7701666666666669,0,1,0,574347,31263,83244,24712,0.2895902034162066,0.44148280482358193
31679,0.7702103174603175,1,0,1,574347,31263,83245,24711,0.2895902034162066,0.44147282666952514
31680,0.7702222222222223,0,1,0,574348,31262,83245,24711,0.28958094038311905,0.4414807139156379
31681,0.770238095238095,1,0,1,574348,31262,83246,24710,0.28958094038311905,0.44147073536768383
31682,0.7702380952380952,0,1,0,574349,31261,83246,24710,0.2895716773500315,0.4414786228582659
31683,0.7702380952380953,0,1,0,574350,31260,83246,24710,0.28956241431694396,0.441486510630695
31684,0.7703095238095239,1,0,1,574350,31260,83247,24709,0.28956241431694396,0.4414765316514499
31685,0.7703214285714285,1,0,1,574350,31260,83248,24708,0.28956241431694396,0.44146655231560894
31686,0.7703333333333332,0,1,0,574351,31259,83248,24708,0.2895531512838564,0.44147444029517396
31687,0.7703333333333333,6,7,6,574358,31252,83254,24702,0.2894883100522435,0.44146977874682775
31688,0.7703333333333334,2,3,2,574361,31249,83256,24700,0.28946052095298086,0.4414734847807825
31689,0.7703809523809524,0,1,0,574362,31248,83256,24700,0.2894512579198933,0.4414813755630228
31690,0.7704166666666665,1,0,1,574362,31248,83257,24699,0.2894512579198933,0.44147139256796614
31691,0.7704166666666667,1,0,1,574362,31248,83258,24698,0.2894512579198933,0.4414614092160297
31692,0.7704761904761903,0,2,0,574364,31246,83258,24698,0.2894327318537182,0.4414771914771915
31693,0.7705,3,2,3,574366,31244,83261,24695,0.28941420578754307,0.4414630222206332
31694,0.7705000000000001,1,7,1,574373,31237,83262,24694,0.2893493645559302,0.4415082869964778
31695,0.7705555555555555,0,1,0,574374,31236,83262,24694,0.2893401015228426,0.4415161809404613
31696,0.7705714285714285,0,1,0,574375,31235,83262,24694,0.2893308384897551,0.44152407516672926
31697,0.7705833333333334,0,2,0,574377,31233,83262,24694,0.28931231242357996,0.4415398644661791
31698,0.7706042013542012,0,3,0,574380,31230,83262,24694,0.2892845233243173,0.44156355053286606
31699,0.7706666666666665,1,5,1,574385,31225,83263,24693,0.2892382081588795,0.4415930469616224
31700,0.7706666666666666,2,7,2,574392,31218,83265,24691,0.28917336692726664,0.4416283603713177
31701,0.7706666666666667,0,2,0,574394,31216,83265,24691,0.28915484086109156,0.44164415904985066
31702,0.7707142857142857,2,0,2,574394,31216,83267,24689,0.28915484086109156,0.4416241838833736
31703,0.7707619047619048,0,2,0,574396,31214,83267,24689,0.28913631479491647,0.44163998354292255
31704,0.7707857142857141,2,0,2,574396,31214,83269,24687,0.28913631479491647,0.4416200067977317
31705,0.7707857142857144,1,0,1,574396,31214,83270,24686,0.28913631479491647,0.44161001788908766
31706,0.7708333333333331,1,0,1,574396,31214,83271,24685,0.28913631479491647,0.4416000286230523
31707,0.7708333333333333,11,16,11,574412,31198,83282,24674,0.2889881062655156,0.4416165521191294
31708,0.7708333333333335,11,19,11,574431,31179,83293,24663,0.288812108636852,0.44165681744923174
31709,0.7708333333333336,1,2,1,574433,31177,83294,24662,0.28879358257067694,0.4416626372248787
31710,0.7708571428571429,0,1,0,574434,31176,83294,24662,0.2887843195375894,0.4416705469393603
31711,0.7708809523809522,0,2,0,574436,31174,83294,24662,0.2887657934714143,0.44168636721828214
31712,0.7709166666666667,1,0,1,574436,31174,83295,24661,0.2887657934714143,0.44167636786961584
31713,0.7709444444444444,0,1,0,574437,31173,83295,24661,0.2887565304383267,0.44168427839667584
31714,0.7709523809523808,1,0,1,574437,31173,83296,24660,0.2887565304383267,0.4416742786524099
31715,0.7709523809523811,0,2,0,574439,31171,83296,24660,0.28873800437215164,0.4416901004818112
31716,0.7709999999999999,8,20,8,574459,31151,83304,24652,0.2885527437104005,0.44176836370804434
31717,0.7710000000000001,1,3,1,574462,31148,83305,24651,0.28852495461113786,0.44178211079051594
31718,0.7710476190476192,0,1,0,574463,31147,83305,24651,0.2885156915780503,0.4417900283164271
31719,0.7710714285714286,1,0,1,574463,31147,83306,24650,0.2885156915780503,0.4417800240156281
31720,0.7710822510822511,0,1,0,574464,31146,83306,24650,0.2885064285449628,0.4417879417879418
31721,0.771107142857143,0,1,0,574465,31145,83306,24650,0.2884971655118752,0.44179585984407205
31722,0.7711111111111112,2,3,2,574468,31142,83308,24648,0.28846937641261255,0.4417996056640975
31723,0.7711190476190477,1,0,1,574468,31142,83309,24647,0.28846937641261255,0.4417896001003782
31724,0.7711513209013208,0,1,0,574469,31141,83309,24647,0.288460113379525,0.4417975191797519
31725,0.7711587301587302,0,1,0,574470,31140,83309,24647,0.2884508503464374,0.4418054385430297
31726,0.7711666666666666,0,3,0,574473,31137,83309,24647,0.28842306124717476,0.4418291983364406
31727,0.7711666666666668,0,4,0,574477,31133,83309,24647,0.28838600911482454,0.44186088203657226
31728,0.7711904761904761,0,1,0,574478,31132,83309,24647,0.288376746081737,0.44186880367163267
31729,0.7712261904761906,0,1,0,574479,31131,83309,24647,0.28836748304864945,0.4418767255907347
31730,0.77125,1,3,1,574482,31128,83310,24646,0.2883396939493868,0.4418904866066626
31731,0.7712500000000001,1,0,1,574482,31128,83311,24645,0.2883396939493868,0.44188047980205475
31732,0.7713333333333332,2,7,2,574489,31121,83313,24643,0.2882748527177739,0.4419159314252923
31733,0.7713333333333334,2,4,2,574493,31117,83315,24641,0.2882378005854237,0.4419276157681409
31734,0.7713333333333335,0,1,0,574494,31116,83315,24641,0.28822853755233613,0.4419355417257026
31735,0.7713809523809523,1,1,1,574495,31115,83316,24640,0.28821927451924856,0.44193345888261143
31736,0.7713809523809525,0,1,0,574496,31114,83316,24640,0.28821001148616104,0.44194138537145317
31737,0.7713888888888889,1,0,1,574496,31114,83317,24639,0.28821001148616104,0.44193137589008663
31738,0.771388888888889,1,0,1,574496,31114,83318,24638,0.28821001148616104,0.44192136604964843
31739,0.7713914141414141,0,1,0,574497,31113,83318,24638,0.2882007484530735,0.44192929274811216
31740,0.7714285714285714,0,1,0,574498,31112,83318,24638,0.2881914854199859,0.4419372197309417
31741,0.7714404761904761,0,1,0,574499,31111,83318,24638,0.2881822223868984,0.44194514699815246
31742,0.7714682539682539,0,1,0,574500,31110,83318,24638,0.2881729593538108,0.44195307454975963
31743,0.7715,0,2,0,574502,31108,83318,24638,0.2881544332876357,0.44196893050622466
31744,0.7715000000000001,4,6,4,574508,31102,83322,24634,0.2880988550891104,0.4419764604564375
31745,0.7715476190476189,0,1,0,574509,31101,83322,24634,0.2880895920560228,0.4419843904189468
31746,0.7716309523809524,1,0,1,574509,31101,83323,24633,0.2880895920560228,0.44197437829691033
31747,0.7716666666666666,26,45,26,574554,31056,83349,24607,0.2876727555670829,0.4420710346190468
31748,0.7716666666666667,21,39,21,574593,31017,83370,24586,0.28731149727666827,0.4421703864899376
31749,0.7717023809523809,0,1,0,574594,31016,83370,24586,0.2873022342435807,0.44217833890867236
31750,0.7717142857142857,0,1,0,574595,31015,83370,24586,0.2872929712104932,0.4421862916134602
31751,0.7717301587301586,0,1,0,574596,31014,83370,24586,0.2872837081774056,0.44219424460431656
31752,0.7717336581547107,0,4,0,574600,31010,83370,24586,0.2872466560450554,0.4422260594287359
31753,0.7717499999999999,0,1,0,574601,31009,83370,24586,0.2872373930119678,0.44223401385016636
31754,0.7717619047619046,0,1,0,574602,31008,83370,24586,0.2872281299788803,0.44224196855775805
31755,0.7717857142857143,1,0,1,574602,31008,83371,24585,0.2872281299788803,0.4422319356753548
31756,0.7718333333333333,1,6,1,574608,31002,83372,24584,0.28717255178035495,0.44226963623934085
31757,0.7718333333333334,1,4,1,574612,30998,83373,24583,0.2871354996480047,0.4422914305248196
31758,0.7718333333333335,0,1,0,574613,30997,83373,24583,0.2871262366149172,0.44229938826916154
31759,0.7718993506493503,2,3,2,574616,30994,83375,24581,0.28709844751565455,0.44230319388214123
31760,0.7719047619047619,0,2,0,574618,30992,83375,24581,0.2870799214494794,0.44231911179889516
31761,0.7719166666666666,0,1,0,574619,30991,83375,24581,0.28707065841639184,0.44232707118692866
31762,0.7719265734265734,0,1,0,574620,30990,83375,24581,0.28706139538330433,0.4423350308614205
31763,0.7719444444444444,0,1,0,574621,30989,83375,24581,0.28705213235021676,0.4423429908223862
31764,0.7719920634920634,0,2,0,574623,30987,83375,24581,0.2870336062840416,0.44235891160380075
31765,0.7719999999999999,1,2,1,574625,30985,83376,24580,0.28701508021786654,0.44236479798434264
31766,0.772,5,21,5,574646,30964,83381,24575,0.2868205565230279,0.44248185959415903
31767,0.7720158730158729,0,1,0,574647,30963,83381,24575,0.28681129348994033,0.44248982678526416
31768,0.7721428571428572,1,2,1,574649,30961,83382,24574,0.28679276742376525,0.4424957234176645
31769,0.7721666666666666,1,0,1,574649,30961,83383,24573,0.28679276742376525,0.44248568444556485
31770,0.7721666666666667,5,9,5,574658,30952,83388,24568,0.28670940012597723,0.442507204610951
31771,0.7721666666666668,0,1,0,574659,30951,83388,24568,0.2867001370928897,0.4425151749851402
31772,0.7722142857142856,1,0,1,574659,30951,83389,24567,0.2867001370928897,0.44250513347022585
31773,0.7722142857142857,0,1,0,574660,30950,83389,24567,0.28669087405980215,0.4425131040942414
31774,0.7722619047619048,1,0,1,574660,30950,83390,24566,0.28669087405980215,0.44250306218027236
31775,0.7722857142857142,1,1,1,574661,30949,83391,24565,0.2866816110267146,0.4425009907410743
31776,0.7722896825396823,0,1,0,574662,30948,83391,24565,0.286672347993627,0.44250896186478844
31777,0.7723333333333332,1,4,1,574666,30944,83392,24564,0.28663529586127684,0.44253080637025294
31778,0.7723333333333333,5,6,5,574672,30938,83397,24559,0.2865797176627515,0.44252842495990774
31779,0.7723333333333335,0,3,0,574675,30935,83397,24559,0.2865519285634888,0.44255234800158577
31780,0.7723809523809524,1,0,1,574675,30935,83398,24558,0.2865519285634888,0.4425423026327645
31781,0.7724285714285716,0,2,0,574677,30933,83398,24558,0.28653340249731374,0.44255825268962534
31782,0.7724523809523811,0,2,0,574679,30931,83398,24558,0.2865148764311386,0.4425742038962677
31783,0.7724761904761904,0,1,0,574680,30930,83398,24558,0.2865056133980511,0.44258217993079585
31784,0.7724761904761905,0,1,0,574681,30929,83398,24558,0.2864963503649635,0.44259015625281595
31785,0.7724999999999999,2,3,2,574684,30926,83400,24556,0.28646856126570086,0.44259399444865
31786,0.7725,47,71,47,574755,30855,83447,24509,0.2858108859164845,0.4426883895672278
31787,0.7725000000000002,0,3,0,574758,30852,83447,24509,0.2857830968172218,0.44271237875038383
31788,0.7726190476190475,1,1,1,574759,30851,83448,24508,0.2857738337841343,0.44271030907350206
31789,0.7726666666666666,5,8,5,574767,30843,83453,24503,0.28569972951943384,0.4427239547573447
31790,0.7726666666666668,1,0,1,574767,30843,83454,24502,0.28569972951943384,0.44271388562652453
31791,0.7727142857142857,0,1,0,574768,30842,83454,24502,0.2856904664863463,0.4427218849378433
31792,0.7727817460317461,1,0,1,574768,30842,83455,24501,0.2856904664863463,0.4427118154057424
31793,0.7727857142857144,1,0,1,574768,30842,83456,24500,0.2856904664863463,0.44270174550973945
31794,0.7728095238095238,0,3,0,574771,30839,83456,24500,0.2856626773870836,0.44272574495383005
31795,0.7728333333333333,3,10,3,574781,30829,83459,24497,0.2855700470562081,0.4427755485666775
31796,0.7728571428571428,0,3,0,574784,30826,83459,24497,0.28554225795694543,0.44279955895378054
31797,0.7728809523809523,1,1,1,574785,30825,83460,24496,0.28553299492385786,0.4427974910070317
31798,0.7729166666666667,1,1,1,574786,30824,83461,24495,0.2855237318907703,0.44279542291075397
31799,0.7729285714285714,1,1,1,574787,30823,83462,24494,0.2855144688576828,0.4427933546649312
31800,0.7729761904761905,1,0,1,574787,30823,83463,24493,0.2855144688576828,0.44278328150987056
31801,0.7729999999999998,0,1,0,574788,30822,83463,24493,0.2855052058245952,0.4427912862695471
31802,0.773,5,15,5,574803,30807,83468,24488,0.2853662603282819,0.44286101817524187
31803,0.7730000000000001,0,2,0,574805,30805,83468,24488,0.2853477342621068,0.4428770368762773
31804,0.7730303030303031,0,1,0,574806,30804,83468,24488,0.28533847122901923,0.4428850466613615
31805,0.7730930735930737,0,1,0,574807,30803,83468,24488,0.28532920819593166,0.4428930567361777
31806,0.7731190476190476,0,1,0,574808,30802,83468,24488,0.28531994516284415,0.44290106710074156
31807,0.7731666666666667,3,5,3,574813,30797,83471,24485,0.28527362999740635,0.4429108932383054
31808,0.7731666666666668,0,3,0,574816,30794,83471,24485,0.2852458408981437,0.44293493008194795
31809,0.7731904761904761,0,2,0,574818,30792,83471,24485,0.28522731483196856,0.4429509560938546
31810,0.7732142857142855,0,1,0,574819,30791,83471,24485,0.28521805179888104,0.4429589695346986
31811,0.7732142857142857,0,1,0,574820,30790,83471,24485,0.2852087887657935,0.4429669832654907
31812,0.7732380952380952,0,2,0,574822,30788,83471,24485,0.28519026269961834,0.4429830115969823
31813,0.7732857142857142,0,2,0,574824,30786,83471,24485,0.28517173663344325,0.44299904108845506
31814,0.7733333333333331,0,3,0,574827,30783,83471,24485,0.2851439475341806,0.4430230875009047
31815,0.7733333333333333,43,56,43,574883,30727,83514,24442,0.2846252176812776,0.4430386630172742
31816,0.7733333333333334,42,114,42,574997,30613,83556,24400,0.2835692319092964,0.4435315289113482
31817,0.7733571428571429,0,1,0,574998,30612,83556,24400,0.2835599688762088,0.4435395913618847
31818,0.7733809523809525,1,0,1,574998,30612,83557,24399,0.2835599688762088,0.44352947592299724
31819,0.7735,1,8,1,575006,30604,83558,24398,0.2834858646115084,0.44358386967746627
31820,0.7735000000000001,1,2,1,575008,30602,83559,24397,0.2834673385453333,0.4435898834524264
31821,0.7735357142857141,0,1,0,575009,30601,83559,24397,0.2834580755122457,0.4435979490163279
31822,0.7735714285714286,1,1,1,575010,30600,83560,24396,0.28344881247915815,0.4435958978834824
31823,0.7735952380952381,0,1,0,575011,30599,83560,24396,0.28343954944607064,0.44360396399672697
31824,0.7736031746031745,0,1,0,575012,30598,83560,24396,0.28343028641298307,0.4436120304033167
31825,0.7736190476190475,0,1,0,575013,30597,83560,24396,0.2834210233798955,0.44362009710326766
31826,0.7736190476190477,1,0,1,575013,30597,83561,24395,0.2834210233798955,0.4436099796334012
31827,0.7736428571428572,0,1,0,575014,30596,83561,24395,0.283411760346808,0.44361804658944193
31828,0.7736666666666666,2,2,2,575016,30594,83563,24393,0.28339323428063284,0.44361394511429975
31829,0.7736666666666667,2,11,2,575027,30583,83565,24391,0.28329134091666974,0.4436824680758177
31830,0.7737395270278397,0,1,0,575028,30582,83565,24391,0.2832820778835822,0.4436905389918687
31831,0.77375,1,2,1,575030,30580,83566,24390,0.2832635518174071,0.4436965617609605
31832,0.7737738095238095,0,1,0,575031,30579,83566,24390,0.2832542887843195,0.44370463352071166
31833,0.7738095238095236,0,1,0,575032,30578,83566,24390,0.283245025751232,0.4437127055741522
31834,0.7738095238095238,1,1,1,575033,30577,83567,24389,0.28323576271814443,0.443710657497362
31835,0.7738333333333332,1,0,1,575033,30577,83568,24388,0.28323576271814443,0.443700536705176
31836,0.7738333333333333,2,3,2,575036,30574,83570,24386,0.2832079736188818,0.44370451237263464
31837,0.7738333333333334,0,2,0,575038,30572,83570,24386,0.28318944755270664,0.4437206594126424
31838,0.7738809523809523,0,2,0,575040,30570,83570,24386,0.28317092148653156,0.4437368076279205
31839,0.7739999999999999,0,5,0,575045,30565,83570,24386,0.28312460632109376,0.443777183308766
31840,0.774,16,23,16,575068,30542,83586,24370,0.28291155656008005,0.44380099067599066
31841,0.774047619047619,1,0,1,575068,30542,83587,24369,0.28291155656008005,0.4437908615760048
31842,0.7740476190476191,0,1,0,575069,30541,83587,24369,0.2829022935269925,0.44379894372609724
31843,0.7740714285714286,0,2,0,575071,30539,83587,24369,0.2828837674608174,0.44381510890944853
31844,0.7741666666666666,8,20,8,575091,30519,83595,24361,0.2826985067990663,0.4438957725947522
31845,0.7741666666666667,5,23,5,575114,30496,83600,24356,0.28248545703805256,0.4440312112593889
31846,0.7741666666666669,0,2,0,575116,30494,83600,24356,0.2824669309718774,0.44404740200546944
31847,0.77425,0,3,0,575119,30491,83600,24356,0.28243914187261476,0.44407169033857824
31848,0.7742817460317463,0,1,0,575120,30490,83600,24356,0.2824298788395272,0.44407978704007584
31849,0.7742857142857144,2,3,2,575123,30487,83602,24354,0.28240208974026454,0.44408380591163543
31850,0.7743333333333332,1,1,1,575124,30486,83603,24353,0.282392826707177,0.4440817666259414
31851,0.7743333333333333,1,12,1,575136,30474,83604,24352,0.28228167031012635,0.44416882501003174
31852,0.7743333333333335,1,0,1,575136,30474,83605,24351,0.28228167031012635,0.4441586867305062
31853,0.774404761904762,0,1,0,575137,30473,83605,24351,0.2822724072770388,0.44416678826791184
31854,0.7744166666666666,1,0,1,575137,30473,83606,24350,0.2822724072770388,0.44415664958138007
31855,0.7744365079365081,1,0,1,575137,30473,83607,24349,0.2822724072770388,0.4441465105249717
31856,0.7744444444444444,1,0,1,575137,30473,83608,24348,0.2822724072770388,0.44413637109866655
31857,0.7744761904761905,0,1,0,575138,30472,83608,24348,0.2822631442439512,0.44414447282013864
31858,0.7744999999999999,1,0,1,575138,30472,83609,24347,0.2822631442439512,0.44413433298673816
31859,0.7745000000000001,4,4,4,575142,30468,83613,24343,0.28222609211160105,0.4441261790516502
31860,0.7745119047619049,0,1,0,575143,30467,83613,24343,0.2822168290785135,0.4441342820653165
31861,0.7745357142857141,1,2,1,575145,30465,83614,24342,0.28219830301233834,0.44414034703596256
31862,0.7745833333333333,0,1,0,575146,30464,83614,24342,0.2821890399792508,0.44414845089953653
31863,0.7745833333333334,0,3,0,575149,30461,83614,24342,0.28216125087998817,0.44417276426473
31864,0.7745971691706984,0,3,0,575152,30458,83614,24342,0.28213346178072546,0.4441970802919708
31865,0.7746190476190477,1,0,1,575152,30458,83615,24341,0.28213346178072546,0.44418693771784157
31866,0.7746428571428572,0,1,0,575153,30457,83615,24341,0.28212419874763794,0.44419504361473044
31867,0.7746666666666665,1,2,1,575155,30455,83616,24340,0.2821056726814628,0.4442011132402591
31868,0.7746666666666667,5,11,5,575166,30444,83621,24335,0.2820037793174997,0.44423958086127896
31869,0.7746666666666668,0,2,0,575168,30442,83621,24335,0.2819852532513246,0.4442558007923033
31870,0.7747023809523808,0,2,0,575170,30440,83621,24335,0.2819667271851495,0.4442720219078047
31871,0.7747142857142856,0,1,0,575171,30439,83621,24335,0.28195746415206197,0.4442801329097747
31872,0.7747839105339105,1,1,1,575172,30438,83622,24334,0.2819482011189744,0.44427809829840065
31873,0.7748333333333332,1,2,1,575174,30436,83623,24333,0.2819296750527993,0.44428417535467146
31874,0.7748333333333334,3,9,3,575183,30427,83626,24330,0.2818463077550113,0.4443267527439414
31875,0.7748333333333335,1,1,1,575184,30426,83627,24329,0.2818370447219237,0.4443247192037257
31876,0.7748809523809524,1,0,1,575184,30426,83628,24328,0.2818370447219237,0.44431457062497715
31877,0.7749047619047619,0,4,0,575188,30422,83628,24328,0.28179999258957356,0.4443470319634703
31878,0.7749999999999999,1,8,1,575196,30414,83629,24327,0.2817258883248731,0.44440181947717433
31879,0.775,197,342,197,575538,30072,83826,24130,0.27855793100892956,0.4451865244824914
31880,0.7750000000000001,1,0,1,575538,30072,83827,24129,0.27855793100892956,0.4451762882603642
31881,0.7750238095238096,0,6,0,575544,30066,83827,24129,0.27850235281040425,0.4452255743149737
31882,0.7750714285714286,0,1,0,575545,30065,83827,24129,0.2784930897773167,0.44523378971841904
31883,0.7750833333333337,0,1,0,575546,30064,83827,24129,0.2784838267442291,0.4452420054250549
31884,0.775142857142857,0,1,0,575547,30063,83827,24129,0.2784745637111416,0.4452502214348981
31885,0.7751666666666666,1,2,1,575549,30061,83828,24128,0.27845603764496646,0.44525641735407556
31886,0.7751666666666667,1,2,1,575551,30059,83829,24127,0.2784375115787914,0.44526261395932526
31887,0.7751666666666668,0,2,0,575553,30057,83829,24127,0.27841898551261623,0.4452790491658054
31888,0.7751785714285714,0,1,0,575554,30056,83829,24127,0.2784097224795287,0.44528726722403705
31889,0.7752500000000002,0,1,0,575555,30055,83829,24127,0.27840045944644115,0.4452954855856188
31890,0.7752777777777777,0,1,0,575556,30054,83829,24127,0.2783911964133536,0.44530370425056753
31891,0.7753333333333333,3,4,3,575560,30050,83832,24124,0.27835414428100336,0.4453058662827186
31892,0.7753571428571427,1,0,1,575560,30050,83833,24123,0.27835414428100336,0.44529562697284625
31893,0.7753650793650795,0,2,0,575562,30048,83833,24123,0.2783356182148283,0.44531206734230494
31894,0.7753809523809524,1,1,1,575563,30047,83834,24122,0.2783263551817407,0.44531004818253983
31895,0.7753928571428571,0,2,0,575565,30045,83834,24122,0.2783078291155656,0.4453264902985212
31896,0.7754523809523809,1,1,1,575566,30044,83835,24121,0.27829856608247805,0.44532447152220067
31897,0.7754761904761903,1,1,1,575567,30043,83836,24120,0.2782893030493905,0.44532245259679115
31898,0.7754761904761905,0,1,0,575568,30042,83836,24120,0.27828004001630297,0.44533067464273846
31899,0.7755,4,7,4,575575,30035,83840,24116,0.27821519878469003,0.44534726967184357
31900,0.7755000000000001,0,1,0,575576,30034,83840,24116,0.2782059357516025,0.4453554939981533
31901,0.7755555555555556,0,1,0,575577,30033,83840,24116,0.27819667271851495,0.4453637186282295
31902,0.7756190476190475,0,1,0,575578,30032,83840,24116,0.2781874096854274,0.4453719435620891
31903,0.7756666666666666,3,6,3,575584,30026,83843,24113,0.27813183148690207,0.44539056872125454
31904,0.7756666666666667,1,3,1,575587,30023,83844,24112,0.2781040423876394,0.44540500600350974
31905,0.775666666666667,1,0,1,575587,30023,83845,24111,0.2781040423876394,0.4453947611482617
31906,0.7756746031746031,0,1,0,575588,30022,83845,24111,0.27809477935455185,0.4454029889346609
31907,0.7756785714285713,1,1,1,575589,30021,83846,24110,0.2780855163214643,0.4454009717167612
31908,0.7757142857142857,0,4,0,575593,30017,83846,24110,0.2780484641891141,0.4454338869695346
31909,0.7757857142857144,0,2,0,575595,30015,83846,24110,0.27802993812293897,0.44545034642032333
31910,0.775833333333333,0,2,0,575597,30013,83846,24110,0.2780114120567639,0.4454668070875598
31911,0.7758333333333332,0,1,0,575598,30012,83846,24110,0.2780021490236763,0.4454750378773881
31912,0.7758333333333333,13,17,13,575615,29995,83859,24097,0.2778446774611879,0.4454817717961991
31913,0.7758333333333334,6,14,6,575629,29981,83865,24091,0.27771499499796215,0.445535582186714
31914,0.7759761904761902,1,1,1,575630,29980,83866,24090,0.2777057319648746,0.44553356759755874
31915,0.7759761904761905,0,1,0,575631,29979,83866,24090,0.277696468931787,0.44554180769017365
31916,0.7759999999999999,18,41,18,575672,29938,83884,24072,0.2773166845751973,0.44569524162192187
31917,0.7760000000000001,0,3,0,575675,29935,83884,24072,0.27728889547593466,0.4457199992593553
31918,0.7760119047619045,0,1,0,575676,29934,83884,24072,0.2772796324428471,0.4457282524163982
31919,0.7760238095238096,0,1,0,575677,29933,83884,24072,0.2772703694097595,0.44573650587908525
31920,0.7760714285714286,1,0,1,575677,29933,83885,24071,0.2772703694097595,0.44572624250055554
31921,0.7760833333333333,0,1,0,575678,29932,83885,24071,0.27726110637667195,0.4457344962316908
31922,0.7760833333333335,0,2,0,575680,29930,83885,24071,0.27724258031049687,0.44575100461102574
31923,0.7761428571428571,0,1,0,575681,29929,83885,24071,0.2772333172774093,0.44575925925925924
31924,0.7761428571428572,0,2,0,575683,29927,83885,24071,0.2772147912112342,0.44577576947294345
31925,0.7761666666666666,0,2,0,575685,29925,83885,24071,0.2771962651450591,0.445792280909697
31926,0.7761666666666668,1,1,1,575686,29924,83886,24070,0.27718700211197156,0.44579027299329554
31927,0.7761904761904762,0,1,0,575687,29923,83886,24070,0.277177739078884,0.44579852943900133
31928,0.7762380952380953,0,1,0,575688,29922,83886,24070,0.2771684760457964,0.44580678619054676
31929,0.77625,3,2,3,575690,29920,83889,24067,0.27714994997962134,0.4457925056032008
31930,0.7762738095238094,0,1,0,575691,29919,83889,24067,0.27714068694653377,0.44580076316081946
31931,0.7762896825396823,1,0,1,575691,29919,83890,24066,0.27714068694653377,0.4457904973603779
31932,0.7763015873015874,0,1,0,575692,29918,83890,24066,0.2771314239134462,0.445798755186722
31933,0.7763095238095239,0,1,0,575693,29917,83890,24066,0.2771221608803587,0.44580701331900785
31934,0.7763333333333332,2,2,2,575695,29915,83892,24064,0.27710363481418354,0.44580299746197594
31935,0.7763380230880226,0,2,0,575697,29913,83892,24064,0.27708510874800846,0.4458195157196584
31936,0.7763577226007565,1,3,1,575700,29910,83893,24063,0.2770573196487458,0.4458340281251737
31937,0.7763611111111112,0,1,0,575701,29909,83893,24063,0.27704805661565823,0.4458422885940858
31938,0.7763636363636364,0,1,0,575702,29908,83893,24063,0.27703879358257066,0.4458505493691056
31939,0.7763809523809525,0,1,0,575703,29907,83893,24063,0.27702953054948315,0.44585881045025016
31940,0.7764597347097346,0,1,0,575704,29906,83893,24063,0.2770202675163956,0.4458670718375364
31941,0.7764642857142857,0,2,0,575706,29904,83893,24063,0.27700174145022044,0.44588359553060203
31942,0.7765,1,3,1,575709,29901,83894,24062,0.2769739523509578,0.4458981153753498
31943,0.7765000000000001,3,12,3,575721,29889,83897,24059,0.27686279595390717,0.4459664862460147
31944,0.7765476190476189,0,1,0,575722,29888,83897,24059,0.2768535329208196,0.4459747529983132
31945,0.7765714285714286,2,0,2,575722,29888,83899,24057,0.2768535329208196,0.44595421262396884
31946,0.7766111111111109,0,1,0,575723,29887,83899,24057,0.27684426988773203,0.4459624796084829
31947,0.7766190476190475,0,2,0,575725,29885,83899,24057,0.27682574382155695,0.4459790144970524
31948,0.7766666666666666,65,110,65,575835,29775,83964,23992,0.275806810181926,0.44622166012609965
31949,0.7766666666666667,55,73,55,575908,29702,84019,23937,0.2751306087665345,0.4462611159790451
31950,0.7766666666666668,0,1,0,575909,29701,84019,23937,0.275121345733447,0.4462694358477199
31951,0.7767857142857143,1,0,1,575909,29701,84020,23936,0.275121345733447,0.446259112180025
31952,0.7767965367965368,1,0,1,575909,29701,84021,23935,0.275121345733447,0.4462487881273771
31953,0.7767976190476189,1,0,1,575909,29701,84022,23934,0.275121345733447,0.44623846368975484
31954,0.7768333333333333,2,2,2,575911,29699,84024,23932,0.27510281966727185,0.44623445395386996
31955,0.7768333333333334,0,7,0,575918,29692,84024,23932,0.27503797843565897,0.44629270475906313
31956,0.7768809523809524,1,2,1,575920,29690,84025,23931,0.2750194523694839,0.4462990246358703
31957,0.7769444444444444,1,0,1,575920,29690,84026,23930,0.2750194523694839,0.4462886982469228
31958,0.7769523809523808,0,1,0,575921,29689,84026,23930,0.2750101893363963,0.4462970215781719
31959,0.776952380952381,0,1,0,575922,29688,84026,23930,0.27500092630330875,0.44630534521988885
31960,0.777,1,13,1,575935,29675,84027,23929,0.27488050687317056,0.44640325348854565
31961,0.7770000000000001,0,3,0,575938,29672,84027,23929,0.2748527177739079,0.4464282382791366
31962,0.7770454545454547,1,0,1,575938,29672,84028,23928,0.2748527177739079,0.4464179104477612
31963,0.7771150793650794,0,2,0,575940,29670,84028,23928,0.27483419170773277,0.4464345684540468
31964,0.7771428571428572,3,2,3,575942,29668,84031,23925,0.2748156656415577,0.44642024144944303
31965,0.7771666666666667,1,6,1,575948,29662,84032,23924,0.2747600874430323,0.44645989624155563
31966,0.7772619047619047,1,1,1,575949,29661,84033,23923,0.2747508244099448,0.44645789787996415
31967,0.7773333333333332,0,1,0,575950,29660,84033,23923,0.27474156137685724,0.4464662299609951
31968,0.7773333333333333,3,4,3,575954,29656,84036,23920,0.274704509244507,0.44646856801552937
31969,0.7773333333333334,2,0,2,575954,29656,84038,23918,0.274704509244507,0.4464479038339493
31970,0.7773809523809524,2,0,2,575954,29656,84040,23916,0.274704509244507,0.44642723810946017
31971,0.7774285714285715,1,0,1,575954,29656,84041,23915,0.274704509244507,0.4464169046685707
31972,0.7774999999999999,2,4,2,575958,29652,84043,23913,0.2746674571121568,0.4464295715485858
31973,0.7775,50,87,50,576045,29565,84093,23863,0.2738615732335396,0.4466384667215692
31974,0.7775000000000002,0,1,0,576046,29564,84093,23863,0.27385231020045203,0.4466468265109402
31975,0.7776190476190475,0,1,0,576047,29563,84093,23863,0.27384304716736446,0.4466551866132595
31976,0.7776428571428571,0,1,0,576048,29562,84093,23863,0.27383378413427695,0.4466635470285447
31977,0.7776666666666665,0,1,0,576049,29561,84093,23863,0.2738245211011894,0.4466719077568134
31978,0.7776666666666666,4,9,4,576058,29552,84097,23859,0.27374115380340136,0.44670573477373576
31979,0.7776666666666668,0,1,0,576059,29551,84097,23859,0.27373189077031385,0.4467140984834301
31980,0.7776904761904763,0,1,0,576060,29550,84097,23859,0.2737226277372263,0.44672246250631914
31981,0.7776904761904764,0,3,0,576063,29547,84097,23859,0.2736948386379636,0.44674755645433095
31982,0.7777878787878788,0,2,0,576065,29545,84097,23859,0.2736763125717885,0.4467642873193019
31983,0.7778333333333332,0,2,0,576067,29543,84097,23859,0.2736577865056134,0.4467810194374742
31984,0.7778333333333333,4,1,4,576068,29542,84101,23855,0.27364852347252583,0.4467479446410847
31985,0.7778333333333335,1,1,1,576069,29541,84102,23854,0.2736392604394383,0.4467459499953179
31986,0.7778571428571429,1,0,1,576069,29541,84103,23853,0.2736392604394383,0.44673558826834475
31987,0.7779166666666666,0,1,0,576070,29540,84103,23853,0.27362999740635074,0.4467439552001199
31988,0.7779285714285714,0,1,0,576071,29539,84103,23853,0.2736207343732632,0.44675232244531016
31989,0.7779444444444445,1,0,1,576071,29539,84104,23852,0.2736207343732632,0.44674196025547375
31990,0.778,3,26,3,576097,29513,84107,23849,0.27337989551298675,0.44692852591731946
31991,0.7780000000000001,1,1,1,576098,29512,84108,23848,0.27337063247989923,0.4469265367316342
31992,0.7780357142857143,0,1,0,576099,29511,84108,23848,0.27336136944681166,0.4469349125733241
31993,0.7780714285714286,0,1,0,576100,29510,84108,23848,0.2733521064137241,0.44694328872896283
31994,0.7780952380952381,0,1,0,576101,29509,84108,23848,0.2733428433806366,0.44695166519856816
31995,0.7780952380952383,0,1,0,576102,29508,84108,23848,0.273333580347549,0.4469600419821576
31996,0.7781666666666665,0,1,0,576103,29507,84108,23848,0.27332431731446144,0.4469684190797488
31997,0.7781666666666667,0,5,0,576108,29502,84108,23848,0.2732780021490237,0.4470103092783505
31998,0.7781666666666668,0,4,0,576112,29498,84108,23848,0.2732409500166735,0.4470438270910659
31999,0.7782649572649573,0,2,0,576114,29496,84108,23848,0.27322242395049834,0.44706058788242353
32000,0.7782777777777777,0,1,0,576115,29495,84108,23848,0.2732131609174108,0.44706896874941415
32001,0.7783333333333331,0,1,0,576116,29494,84108,23848,0.27320389788432325,0.44707734993063625
32002,0.7783333333333333,25,49,25,576165,29445,84133,23823,0.2727500092630331,0.4472291056544267
32003,0.7783333333333334,23,40,23,576205,29405,84156,23800,0.27237948793953093,0.4473263790997087
32004,0.7783636363636366,0,1,0,576206,29404,84156,23800,0.27237022490644336,0.447334786858131
32005,0.7784047619047619,0,1,0,576207,29403,84156,23800,0.2723609618733558,0.4473431949326166
32006,0.7784761904761907,0,2,0,576209,29401,84156,23800,0.2723424358071807,0.44736001202984904
32007,0.7784841269841272,0,1,0,576210,29400,84156,23800,0.27233317277409314,0.4473684210526316
32008,0.7785,5,4,5,576214,29396,84161,23795,0.2722961206417429,0.4473501156210637
32009,0.7785000000000001,0,3,0,576217,29393,84161,23795,0.27226833154248026,0.4473753478228172
32010,0.7785119047619047,0,5,0,576222,29388,84161,23795,0.2722220163770425,0.4474174078182878
32011,0.7785216450216451,1,0,1,576222,29388,84162,23794,0.2722220163770425,0.4474070174119063
32012,0.7785238095238094,0,1,0,576223,29387,84162,23794,0.27221275334395495,0.4474154303228597
32013,0.7785498390498389,0,2,0,576225,29385,84162,23794,0.2721942272777798,0.44743225709396567
32014,0.7785714285714286,2,1,2,576226,29384,84164,23792,0.2721849642446923,0.44741988867158117
32015,0.7786179653679656,0,3,0,576229,29381,84164,23792,0.27215717514542964,0.4474451319278581
32016,0.778642857142857,0,3,0,576232,29378,84164,23792,0.27212938604616693,0.4474703780327252
32017,0.7786666666666666,1,2,1,576234,29376,84165,23791,0.27211085997999185,0.4474768183271578
32018,0.7786666666666667,2,3,2,576237,29373,84167,23789,0.2720830708807292,0.4474812836236409
32019,0.7786666666666668,0,3,0,576240,29370,84167,23789,0.27205528178146654,0.4475065369927952
32020,0.7787301587301587,0,1,0,576241,29369,84167,23789,0.27204601874837897,0.4475149554159299
32021,0.77875,0,4,0,576245,29365,84167,23789,0.27200896661602875,0.44754863227602815
32022,0.7788095238095238,0,1,0,576246,29364,84167,23789,0.2719997035829412,0.447557052283032
32023,0.7788333333333333,0,2,0,576248,29362,84167,23789,0.2719811775167661,0.44757389324754004
32024,0.7788333333333334,0,4,0,576252,29358,84167,23789,0.27194412538441587,0.44760757897905806
32025,0.7789365079365079,0,1,0,576253,29357,84167,23789,0.2719348623513283,0.44761600120422984
32026,0.7789516594516596,0,1,0,576254,29356,84167,23789,0.2719255993182408,0.4476244237463543
32027,0.7789999999999999,5,5,5,576259,29351,84172,23784,0.271879284152803,0.4476145666698033
32028,0.779,15,20,15,576279,29331,84187,23769,0.27169402349105193,0.4476271186440678
32029,0.7790833333333333,0,2,0,576281,29329,84187,23769,0.2716754974248768,0.4476439790575916
32030,0.7791666666666666,10,20,10,576301,29309,84197,23759,0.2714902367631257,0.44770860028642495
32031,0.7791666666666667,6,10,6,576311,29299,84203,23753,0.2713976064322502,0.44773052853803813
32032,0.7791666666666669,0,1,0,576312,29298,84203,23753,0.2713883433991626,0.44773896816271136
32033,0.7791904761904762,0,1,0,576313,29297,84203,23753,0.27137908036607505,0.4477474081055608
32034,0.7792380003037899,0,1,0,576314,29296,84203,23753,0.27136981733298754,0.4477558483666045
32035,0.7792857142857144,0,1,0,576315,29295,84203,23753,0.27136055429989997,0.44776428894586034
32036,0.7793333333333331,1,0,1,576315,29295,84204,23752,0.27136055429989997,0.44775387863592664
32037,0.7793333333333332,1,3,1,576318,29292,84205,23751,0.2713327652006373,0.4477687913579549
32038,0.7793333333333333,6,8,6,576326,29284,84211,23745,0.27125866093593687,0.44777385958626414
32039,0.7793809523809524,1,0,1,576326,29284,84212,23744,0.27125866093593687,0.44776344572678584
32040,0.779388888888889,0,1,0,576327,29283,84212,23744,0.2712493979028493,0.4477718897919928
32041,0.7794047619047619,0,1,0,576328,29282,84212,23744,0.27124013486976173,0.4477803341756874
32042,0.7794999999999999,2,1,2,576329,29281,84214,23742,0.2712308718366742,0.44776794975765233
32043,0.7795000000000001,0,5,0,576334,29276,84214,23742,0.2711845566712364,0.4478101776755064
32044,0.7795238095238095,0,1,0,576335,29275,84214,23742,0.27117529363814885,0.44781862421487445
32045,0.7795357142857143,1,0,1,576335,29275,84215,23741,0.27117529363814885,0.4478082088426136
32046,0.7795714285714284,1,1,1,576336,29274,84216,23740,0.27116603060506134,0.44780623986116874
32047,0.7796190476190477,0,2,0,576338,29272,84216,23740,0.2711475045388862,0.44782313438466764
32048,0.779642857142857,1,0,1,576338,29272,84217,23739,0.2711475045388862,0.4478127181151082
32049,0.7796428571428571,0,1,0,576339,29271,84217,23739,0.2711382415057987,0.4478211658177702
32050,0.7796666666666664,0,2,0,576341,29269,84217,23739,0.27111971543962354,0.44783806217929367
32051,0.7796666666666665,1,2,1,576343,29267,84218,23738,0.27110118937344846,0.4478445429676446
32052,0.7796666666666667,3,6,3,576349,29261,84221,23735,0.2710456111749231,0.44786398973507435
32053,0.7796969696969698,0,1,0,576350,29260,84221,23735,0.2710363481418356,0.44787244079630156
32054,0.7797142857142856,1,0,1,576350,29260,84222,23734,0.2710363481418356,0.4478620221157112
32055,0.7797319624819624,0,3,0,576353,29257,84222,23734,0.2710085590425729,0.447887377101772
32056,0.7797380952380952,0,2,0,576355,29255,84222,23734,0.2709900329763978,0.4479042820207968
32057,0.7797738095238094,0,1,0,576356,29254,84222,23734,0.2709807699433102,0.4479127349588586
32058,0.7798214285714287,0,1,0,576357,29253,84222,23734,0.2709715069102227,0.4479211882159775
32059,0.7798333333333334,2,8,2,576365,29245,84224,23732,0.27089740264552226,0.4479679861071786
32060,0.7798333333333335,0,1,0,576366,29244,84224,23732,0.2708881396124347,0.44797644216248866
32061,0.7798809523809525,0,1,0,576367,29243,84224,23732,0.2708788765793471,0.44798489853704576
32062,0.779888888888889,0,1,0,576368,29242,84224,23732,0.2708696135462596,0.447993355230868
32063,0.7799285714285713,1,0,1,576368,29242,84225,23731,0.2708696135462596,0.4479829347025843
32064,0.7799285714285715,0,1,0,576369,29241,84225,23731,0.27086035051317203,0.4479913916786227
32065,0.7799999999999998,2,7,2,576376,29234,84227,23729,0.27079550928155915,0.4480297566225478
32066,0.78,775,1183,775,577559,28051,85002,22954,0.25983734113898255,0.45003431036172925
32067,0.7800000000000001,4,2,4,577561,28049,85006,22950,0.25981881507280746,0.45000882370242556
32068,0.7800000000000002,1,0,1,577561,28049,85007,22949,0.25981881507280746,0.4499980391387898
32069,0.7800476190476189,0,1,0,577562,28048,85007,22949,0.2598095520397199,0.45000686314881266
32070,0.7801190476190476,1,0,1,577562,28048,85008,22948,0.2598095520397199,0.4499960781237744
32071,0.7801453823953822,1,1,1,577563,28047,85009,22947,0.2598002890066323,0.44999411695493585
32072,0.7801666666666663,1,0,1,577563,28047,85010,22946,0.2598002890066323,0.4499833310454376
32073,0.7801666666666666,0,1,0,577564,28046,85010,22946,0.25979102597354475,0.44999215563225603
32074,0.7801666666666667,1,5,1,577569,28041,85011,22945,0.259744710808107,0.45002549719530854
32075,0.7801666666666668,2,0,2,577569,28041,85013,22943,0.259744710808107,0.45000392279930956
32076,0.7801904761904762,0,2,0,577571,28039,85013,22943,0.2597261847419319,0.4500215762425954
32077,0.7802380952380953,1,0,1,577571,28039,85014,22942,0.2597261847419319,0.45001078833290836
32078,0.7802499999999999,0,4,0,577575,28035,85014,22942,0.2596891326095817,0.4500460992212174
32079,0.7802857142857144,1,1,1,577576,28034,85015,22941,0.25967986957649414,0.45004413928396275
32080,0.7803333333333332,1,0,1,577576,28034,85016,22940,0.25967986957649414,0.45003335033546515
32081,0.7803333333333333,0,6,0,577582,28028,85016,22940,0.2596242913779688,0.4500863286768168
32082,0.7803333333333334,0,1,0,577583,28027,85016,22940,0.25961502834488126,0.450095159613083
32083,0.7804166666666665,0,1,0,577584,28026,85016,22940,0.2596057653117937,0.45010399089589137
32084,0.7804166666666668,0,1,0,577585,28025,85016,22940,0.2595965022787061,0.4501128225252624
32085,0.7805,2,5,2,577590,28020,85018,22938,0.2595501871132684,0.4501354056281644
32086,0.7805000000000001,0,1,0,577591,28019,85018,22938,0.2595409240801808,0.450144239260553
32087,0.7805384615384615,1,0,1,577591,28019,85019,22937,0.2595409240801808,0.45013344846534264
32088,0.7806190476190475,1,0,1,577591,28019,85020,22936,0.2595409240801808,0.4501226572465901
32089,0.7806547619047618,0,1,0,577592,28018,85020,22936,0.25953166104709324,0.4501314911488794
32090,0.7806666666666666,6,11,6,577603,28007,85026,22930,0.25942976768313014,0.4501639279894772
32091,0.7806666666666667,0,2,0,577605,28005,85026,22930,0.25941124161695506,0.45018160400510454
32092,0.780690476190476,0,2,0,577607,28003,85026,22930,0.25939271555078,0.45019928140890975
32093,0.7807142857142857,4,1,4,577608,28002,85030,22926,0.2593834525176924,0.45016493873704055
32094,0.7807380952380951,0,1,0,577609,28001,85030,22926,0.25937418948460483,0.4501737781530426
32095,0.7807380952380955,0,2,0,577611,27999,85030,22926,0.25935566341842975,0.45019145802650956
32096,0.78075,0,1,0,577612,27998,85030,22926,0.2593464003853422,0.4502002984840154
32097,0.7808095238095238,0,1,0,577613,27997,85030,22926,0.2593371373522546,0.45020913928873
32098,0.7808333333333333,4,14,4,577627,27983,85034,22922,0.25920745488902885,0.45028975542677535
32099,0.7808333333333334,6,14,6,577641,27969,85040,22916,0.2590777724258031,0.4503488257836298
32100,0.7808974358974359,1,0,1,577641,27969,85041,22915,0.2590777724258031,0.450338023740272
32101,0.7809040404040403,0,1,0,577642,27968,85041,22915,0.25906850939271553,0.45034687420159975
32102,0.7809523809523808,0,1,0,577643,27967,85041,22915,0.259059246359628,0.45035572501080934
32103,0.7809523809523811,0,1,0,577644,27966,85041,22915,0.25904998332654045,0.45036457616792125
32104,0.7809999999999999,7,10,7,577654,27956,85048,22908,0.2589573529956649,0.4503774771940862
32105,0.7810000000000001,0,3,0,577657,27953,85048,22908,0.25892956389640226,0.45040404239004345
32106,0.7810238095238096,0,1,0,577658,27952,85048,22908,0.2589203008633147,0.4504128981517892
32107,0.7810317460317461,0,2,0,577660,27950,85048,22908,0.25890177479713955,0.45043061072004403
32108,0.7811190476190477,0,1,0,577661,27949,85048,22908,0.25889251176405204,0.4504394675265942
32109,0.7811666666666668,1,3,1,577664,27946,85049,22907,0.2588647226647894,0.4504552337128586
32110,0.7811984126984127,0,1,0,577665,27945,85049,22907,0.2588554596317018,0.45046409187445924
32111,0.7812222222222222,1,3,1,577668,27942,85050,22906,0.25882767053243916,0.4504798615481435
32112,0.7812499999999999,0,1,0,577669,27941,85050,22906,0.2588184074993516,0.45048872106515625
32113,0.78125,0,4,0,577673,27937,85050,22906,0.25878135536700136,0.4505241626182562
32114,0.7813333333333332,2,2,2,577675,27935,85052,22904,0.2587628293008263,0.4505202698715553
32115,0.7813333333333334,2,4,2,577679,27931,85054,22902,0.25872577716847606,0.45053410186296305
32116,0.7813759296259293,0,1,0,577680,27930,85054,22902,0.2587165141353885,0.45054296506137864
32117,0.7814285714285714,1,1,1,577681,27929,85055,22901,0.2587072511023009,0.4505410190832186
32118,0.781452380952381,0,1,0,577682,27928,85055,22901,0.2586979880692134,0.45054988294084086
32119,0.7814999999999999,0,2,0,577684,27926,85055,22901,0.25867946200303826,0.45056761170244164
32120,0.7815000000000001,4,8,4,577692,27918,85059,22897,0.2586053577383378,0.45059529666437076
32121,0.7815000000000002,0,1,0,577693,27917,85059,22897,0.2585960947052503,0.4506041642067147
32122,0.7815238095238095,0,1,0,577694,27916,85059,22897,0.25858683167216273,0.4506130320980851
32123,0.7815357142857142,0,1,0,577695,27915,85059,22897,0.25857756863907516,0.4506219003385027
32124,0.7815476190476192,0,1,0,577696,27914,85059,22897,0.25856830560598765,0.45063076892798803
32125,0.7816666666666664,0,1,0,577697,27913,85059,22897,0.2585590425729001,0.4506396378665617
32126,0.7816666666666666,15,47,15,577744,27866,85074,22882,0.258123680017785,0.4508946165366123
32127,0.7816666666666667,21,46,21,577790,27820,85095,22861,0.25769758049575753,0.4510763402458515
32128,0.7816666666666668,0,2,0,577792,27818,85095,22861,0.25767905442958244,0.45109414155764715
32129,0.7817023809523811,0,2,0,577794,27816,85095,22861,0.2576605283634073,0.45111194427452295
32130,0.7817857142857143,0,1,0,577795,27815,85095,22861,0.25765126533031973,0.45112084615991793
32131,0.7818333333333333,1,1,1,577796,27814,85096,22860,0.2576420022972322,0.4511189169988554
32132,0.7818333333333334,1,3,1,577799,27811,85097,22859,0.25761421319796957,0.4511347937635682
32133,0.7818333333333335,0,1,0,577800,27810,85097,22859,0.257604950164882,0.45114369732972825
32134,0.7818452380952381,0,2,0,577802,27808,85097,22859,0.25758642409870686,0.4511615055164111
32135,0.781857142857143,0,1,0,577803,27807,85097,22859,0.25757716106561934,0.4511704101369755
32136,0.7819393939393939,1,0,1,577803,27807,85098,22858,0.25757716106561934,0.45115957761768477
32137,0.781952380952381,2,0,2,577803,27807,85100,22856,0.25757716106561934,0.4511379112962122
32138,0.7819841269841267,0,3,0,577806,27804,85100,22856,0.2575493719663567,0.45116462692459536
32139,0.782,12,15,12,577821,27789,85112,22844,0.25741042647004336,0.4511682104556317
32140,0.7820238095238095,0,2,0,577823,27787,85112,22844,0.2573919004038682,0.4511860322727183
32141,0.7820833333333332,0,1,0,577824,27786,85112,22844,0.2573826373707807,0.4511949437092633
32142,0.7820833333333335,0,2,0,577826,27784,85112,22844,0.25736411130460557,0.4512127676384609
32143,0.7821428571428573,2,1,2,577827,27783,85114,22842,0.257354848271518,0.4512
32144,0.7821457431457429,0,3,0,577830,27780,85114,22842,0.25732705917225535,0.4512267393623326
32145,0.7821666666666666,2,0,2,577830,27780,85116,22840,0.25732705917225535,0.45120505728960886
32146,0.7821666666666667,2,5,2,577835,27775,85118,22838,0.2572807440068176,0.45122794538952443
32147,0.7821904761904761,0,2,0,577837,27773,85118,22838,0.25726221794064247,0.4512457766098279
32148,0.7822619047619048,0,2,0,577839,27771,85118,22838,0.2572436918744674,0.45126360923946335
32149,0.7823030303030302,1,0,1,577839,27771,85119,22837,0.2572436918744674,0.45125276636104966
32150,0.7823333333333332,0,3,0,577842,27768,85119,22837,0.25721590277520473,0.4512795178342061
32151,0.7823333333333333,6,6,6,577848,27762,85125,22831,0.25716032457667937,0.45126796197102365
32152,0.7823333333333334,3,0,3,577848,27762,85128,22828,0.25716032457667937,0.4512354220201621
32153,0.7823809523809523,0,1,0,577849,27761,85128,22828,0.25715106154359185,0.4512443416553006
32154,0.7823809523809524,0,1,0,577850,27760,85128,22828,0.2571417985105043,0.4512532616430774
32155,0.7824444444444447,0,1,0,577851,27759,85128,22828,0.2571325354774167,0.45126218198351353
32156,0.7824880952380951,2,2,2,577853,27757,85130,22826,0.25711400941124163,0.4512583278967242
32157,0.7824999999999999,2,3,2,577856,27754,85132,22824,0.257086220311979,0.4512633951520424
32158,0.7825,38,89,38,577945,27665,85170,22786,0.25626181036718665,0.4516461517115617
32159,0.7825000000000002,0,2,0,577947,27663,85170,22786,0.2562432843010115,0.45166405677020355
32160,0.7825952380952381,0,1,0,577948,27662,85170,22786,0.256234021267924,0.4516730098319061
32161,0.7826190476190475,0,1,0,577949,27661,85170,22786,0.2562247582348364,0.4516819632485579
32162,0.7826190476190478,0,1,0,577950,27660,85170,22786,0.25621549520174886,0.45169091702018
32163,0.7826666666666665,0,1,0,577951,27659,85170,22786,0.2562062321686613,0.45169987114679355
32164,0.7826666666666666,7,5,7,577956,27654,85177,22779,0.25615991700322355,0.45166855035393494
32165,0.7826666666666668,1,1,1,577957,27653,85178,22778,0.256150653970136,0.451666633618211
32166,0.7827500000000001,0,2,0,577959,27651,85178,22778,0.2561321279039609,0.4516845465902556
32167,0.7828333333333332,1,0,1,577959,27651,85179,22777,0.2561321279039609,0.451673673356072
32168,0.7828333333333333,1,8,1,577967,27643,85180,22776,0.25605802363926045,0.45173446518177673
32169,0.7828571428571429,0,1,0,577968,27642,85180,22776,0.2560487606061729,0.4517434249672736
32170,0.782878787878788,1,0,1,577968,27642,85181,22775,0.2560487606061729,0.45173255052859157
32171,0.7828809523809523,0,1,0,577969,27641,85181,22775,0.2560394975730853,0.45174151063154555
32172,0.7829047619047619,0,1,0,577970,27640,85181,22775,0.2560302345399978,0.45175047108995336
32173,0.7829166666666666,0,2,0,577972,27638,85181,22775,0.25601170847382265,0.45176839307321526
32174,0.7829509379509381,0,1,0,577973,27637,85181,22775,0.25600244544073514,0.4517773545981116
32175,0.7829999999999998,0,1,0,577974,27636,85181,22775,0.25599318240764757,0.45178631647854633
32176,0.7829999999999999,2,15,2,577989,27621,85183,22773,0.25585423691133424,0.45189903559947614
32177,0.7830000000000001,1,0,1,577989,27621,85184,22772,0.25585423691133424,0.4518881590697121
32178,0.783047619047619,0,2,0,577991,27619,85184,22772,0.25583571084515916,0.45190609434224366
32179,0.7830555555555556,0,1,0,577992,27618,85184,22772,0.2558264478120716,0.45191506251240326
32180,0.7830714285714286,0,1,0,577993,27617,85184,22772,0.255817184778984,0.4519240310385203
32181,0.783095238095238,0,2,0,577995,27615,85184,22772,0.25579865871280894,0.4519419691587116
32182,0.7831060606060606,0,1,0,577996,27614,85184,22772,0.25578939567972137,0.45195093875282816
32183,0.7831190476190477,0,2,0,577998,27612,85184,22772,0.2557708696135463,0.4519688790092093
32184,0.7831666666666667,3,5,3,578003,27607,85187,22769,0.2557245544481085,0.4519811021121169
32185,0.7831666666666668,1,0,1,578003,27607,85188,22768,0.2557245544481085,0.45197022332506204
32186,0.7831904761904762,0,2,0,578005,27605,85188,22768,0.2557060283819334,0.451988168264745
32187,0.7832142857142856,1,0,1,578005,27605,85189,22767,0.2557060283819334,0.45197728897006273
32188,0.7832976190476191,1,0,1,578005,27605,85190,22766,0.2557060283819334,0.45196640924341386
32189,0.7833214285714285,0,2,0,578007,27603,85190,22766,0.25568750231575826,0.4519843554567293
32190,0.7833333333333331,0,2,0,578009,27601,85190,22766,0.2556689762495832,0.45200230309528067
32191,0.7833333333333333,38,66,38,578075,27535,85228,22728,0.25505761606580457,0.452181525177566
32192,0.7833333333333334,47,73,47,578148,27462,85275,22681,0.25438141465041314,0.45232634664858506
32193,0.7834047619047619,1,0,1,578148,27462,85276,22680,0.25438141465041314,0.45231542419528536
32194,0.7834285714285716,1,0,1,578148,27462,85277,22679,0.25438141465041314,0.45230450130631616
32195,0.7834545454545456,0,1,0,578149,27461,85277,22679,0.25437215161732557,0.45231352213801357
32196,0.7835,2,5,2,578154,27456,85279,22677,0.25432583645188783,0.45233678415414996
32197,0.7835000000000001,0,1,0,578155,27455,85279,22677,0.25431657341880026,0.45234580706933697
32198,0.783547619047619,0,1,0,578156,27454,85279,22677,0.2543073103857127,0.4523548303444974
32199,0.7835714285714286,0,1,0,578157,27453,85279,22677,0.2542980473526251,0.4523638539796529
32200,0.7836666666666666,0,1,0,578158,27452,85279,22677,0.2542887843195376,0.45237287797482495
32201,0.7836666666666667,0,4,0,578162,27448,85279,22677,0.2542517321871874,0.4524089775561097
32202,0.7836984126984126,0,1,0,578163,27447,85279,22677,0.2542424691540998,0.4524180033516878
32203,0.7837142857142857,1,3,1,578166,27444,85280,22676,0.25421468005483716,0.4524341580207502
32204,0.783809523809524,1,0,1,578166,27444,85281,22675,0.25421468005483716,0.45242323270615936
32205,0.7838333333333333,1,0,1,578166,27444,85282,22674,0.25421468005483716,0.4524123069555848
32206,0.7838333333333334,0,2,0,578168,27442,85282,22674,0.254196153988662,0.45243036156117805
32207,0.7839166666666667,1,0,1,578168,27442,85283,22673,0.254196153988662,0.45241943529881273
32208,0.7839682539682539,1,1,1,578169,27441,85284,22672,0.2541868909555745,0.45241753636780874
32209,0.7839999999999999,0,5,0,578174,27436,85284,22672,0.2541405757901367,0.45246268060988265
32210,0.784,17,23,17,578197,27413,85301,22655,0.253927526029123,0.45248462091555486
32211,0.784047619047619,0,2,0,578199,27411,85301,22655,0.25390899996294786,0.4525026964406983
32212,0.7840476190476191,0,1,0,578200,27410,85301,22655,0.2538997369298603,0.4525117347448317
32213,0.7841195354353249,0,3,0,578203,27407,85301,22655,0.25387194783059763,0.45253885182373854
32214,0.7841666666666666,7,20,7,578223,27387,85308,22648,0.25368668716884657,0.4526431497951434
32215,0.7841666666666667,5,9,5,578232,27378,85313,22643,0.25360331987105855,0.4526698786509666
32216,0.7841904761904762,0,1,0,578233,27377,85313,22643,0.25359405683797104,0.45267892842862856
32217,0.7842023809523809,0,1,0,578234,27376,85313,22643,0.25358479380488347,0.4526879785681441
32218,0.78425,0,1,0,578235,27375,85313,22643,0.2535755307717959,0.45269702906953496
32219,0.7842857142857139,0,1,0,578236,27374,85313,22643,0.2535662677387084,0.45270607993282286
32220,0.7842857142857143,1,3,1,578239,27371,85314,22642,0.2535384786394457,0.45272229220402693
32221,0.7843095238095239,0,1,0,578240,27370,85314,22642,0.25352921560635816,0.45273134447732544
32222,0.7843333333333332,0,1,0,578241,27369,85314,22642,0.2535199525732706,0.4527403971126352
32223,0.7843333333333333,3,7,3,578248,27362,85317,22639,0.2534551113416577,0.4527709445811084
32224,0.7843484848484846,0,1,0,578249,27361,85317,22639,0.25344584830857014,0.45278
32225,0.7843571428571429,0,1,0,578250,27360,85317,22639,0.25343658527548263,0.4527890557811156
32226,0.7843924963924962,0,2,0,578252,27358,85317,22639,0.2534180592093075,0.4528071684301058
32227,0.7844047619047619,1,0,1,578252,27358,85318,22638,0.2534180592093075,0.45279622369789585
32228,0.784452380952381,0,1,0,578253,27357,85318,22638,0.2534087961762199,0.4528052805280528
32229,0.7844999999999999,0,2,0,578255,27355,85318,22638,0.25339027011004484,0.45282339527533855
32230,0.7845,2,4,2,578259,27351,85320,22636,0.2533532179776946,0.45283773781183106
32231,0.7845476190476189,0,1,0,578260,27350,85320,22636,0.25334395494460704,0.45284679710318887
32232,0.7845833333333333,0,1,0,578261,27349,85320,22636,0.2533346919115195,0.4528558567570271
32233,0.7846111111111113,0,1,0,578262,27348,85320,22636,0.25332542887843196,0.4528649167733675
32234,0.7846428571428572,1,0,1,578262,27348,85321,22635,0.25332542887843196,0.452853970349919
32235,0.7846666666666665,1,0,1,578262,27348,85322,22634,0.25332542887843196,0.45284302348845584
32236,0.7846666666666667,1,5,1,578267,27343,85323,22633,0.25327911371299416,0.4528773811429486
32237,0.7847142857142857,0,2,0,578269,27341,85323,22633,0.2532605876468191,0.45289550566294473
32238,0.784753968253968,0,2,0,578271,27339,85323,22633,0.25324206158064394,0.4529136316337149
32239,0.7847619047619047,0,1,0,578272,27338,85323,22633,0.2532327985475564,0.45292269516319467
32240,0.7848333333333334,2,3,2,578275,27335,85325,22631,0.25320500944829377,0.4529279910339031
32241,0.7848809523809525,0,2,0,578277,27333,85325,22631,0.25318648338211863,0.45294612120726924
32242,0.7848888888888887,0,1,0,578278,27332,85325,22631,0.25317722034903106,0.4529551868382603
32243,0.7849999999999998,4,3,4,578281,27329,85329,22627,0.2531494312497684,0.45293858595564096
32244,0.785,162,268,162,578549,27061,85491,22465,0.2506669383823039,0.4536001292250535
32245,0.7850000000000001,4,1,4,578550,27060,85495,22461,0.25065767534921635,0.4535651541770158
32246,0.7850108225108225,1,0,1,578550,27060,85496,22460,0.25065767534921635,0.4535541195476575
32247,0.7851111111111112,0,1,0,578551,27059,85496,22460,0.2506484123161288,0.45356327874149316
32248,0.7851666666666667,2,5,2,578556,27054,85498,22458,0.25060209715069104,0.45358700920988854
32249,0.7851904761904762,0,1,0,578557,27053,85498,22458,0.25059283411760347,0.45359617054795903
32250,0.7852142857142858,0,1,0,578558,27052,85498,22458,0.2505835710845159,0.4536053322561099
32251,0.7852380952380952,0,1,0,578559,27051,85498,22458,0.2505743080514284,0.45361449433436346
32252,0.7852380952380953,0,1,0,578560,27050,85498,22458,0.2505650450183408,0.4536236567827422
32253,0.78525,0,1,0,578561,27049,85498,22458,0.25055578198525325,0.4536328196012685
32254,0.7852777777777777,1,1,1,578562,27048,85499,22457,0.2505465189521657,0.45363094636905366
32255,0.7852857142857143,0,2,0,578564,27046,85499,22457,0.2505279928859906,0.453649273781387
32256,0.7852857142857144,1,1,1,578565,27045,85500,22456,0.250518729852903,0.4536474010626048
32257,0.7853095238095239,1,0,1,578565,27045,85501,22455,0.250518729852903,0.4536363636363636
32258,0.7853253968253969,0,1,0,578566,27044,85501,22455,0.2505094668198155,0.4536455281924887
32259,0.7853333333333333,0,2,0,578568,27042,85501,22455,0.25049094075364037,0.45366385841566154
32260,0.7853333333333334,2,3,2,578571,27039,85503,22453,0.2504631516543777,0.45366927988361755
32261,0.7853489010989011,0,1,0,578572,27038,85503,22453,0.25045388862129014,0.453678446586248
32262,0.7853809523809524,0,1,0,578573,27037,85503,22453,0.2504446255882026,0.45368761365932514
32263,0.7854166666666665,1,0,1,578573,27037,85504,22452,0.2504446255882026,0.4536765745923336
32264,0.7854166666666668,0,1,0,578574,27036,85504,22452,0.25043536255511506,0.4536857419980601
32265,0.7854761904761903,1,1,1,578575,27035,85505,22451,0.2504260995220275,0.453683870185507
32266,0.7854999999999999,0,1,0,578576,27034,85505,22451,0.2504168364889399,0.45369303829443264
32267,0.7855,4,11,4,578587,27023,85509,22447,0.2503149431249768,0.45374974732160905
32268,0.7855714285714285,1,0,1,578587,27023,85510,22446,0.2503149431249768,0.45373870504760555
32269,0.7855833333333334,1,0,1,578587,27023,85511,22445,0.2503149431249768,0.453727662327161
32270,0.7856190476190477,0,1,0,578588,27022,85511,22445,0.2503056800918893,0.4537368346574484
32271,0.7856565656565657,0,1,0,578589,27021,85511,22445,0.25029641705880173,0.4537460073585897
32272,0.7856666666666666,4,9,4,578598,27012,85515,22441,0.2502130497610138,0.4537844013507775
32273,0.7856666666666667,0,2,0,578600,27010,85515,22441,0.25019452369483863,0.45380275424157246
32274,0.7857142857142857,5,1,5,578601,27009,85520,22436,0.25018526066175106,0.4537566993629285
32275,0.7857579365079365,0,1,0,578602,27008,85520,22436,0.25017599762866355,0.4537658765472049
32276,0.7858211951447245,0,2,0,578604,27006,85520,22436,0.2501574715624884,0.4537842320294486
32277,0.7858333333333332,1,0,1,578604,27006,85521,22435,0.2501574715624884,0.4537731841993487
32278,0.7858333333333333,7,13,7,578617,26993,85528,22428,0.2500370521323502,0.4538151797818741
32279,0.7858333333333334,7,14,7,578631,26979,85535,22421,0.24990736966912447,0.4538663967611336
32280,0.7858888888888889,1,0,1,578631,26979,85536,22420,0.24990736966912447,0.4538553412012389
32281,0.7859007936507932,1,4,1,578635,26975,85537,22419,0.24987031753677424,0.45388103818277525
32282,0.7859166666666666,1,1,1,578636,26974,85538,22418,0.24986105450368667,0.4538791707159054
32283,0.7859523809523811,1,0,1,578636,26974,85539,22417,0.24986105450368667,0.4538681136239396
32284,0.7859609418359419,0,4,0,578640,26970,85539,22417,0.24982400237133648,0.453904873752202
32285,0.7859880952380951,0,2,0,578642,26968,85539,22417,0.24980547630516137,0.4539232560494077
32286,0.7859999999999999,19,23,19,578665,26945,85558,22398,0.24959242654414762,0.4539245688344851
32287,0.786,2,6,2,578671,26939,85560,22396,0.2495368483456223,0.4539576365663322
32288,0.7860238095238092,1,0,1,578671,26939,85561,22395,0.2495368483456223,0.4539465682896177
32289,0.7860714285714286,0,1,0,578672,26938,85561,22395,0.24952758531253474,0.45395576997141873
32290,0.786095238095238,0,1,0,578673,26937,85561,22395,0.24951832227944717,0.453964972026271
32291,0.7861038961038962,0,1,0,578674,26936,85561,22395,0.24950905924635963,0.45397417445419713
32292,0.7861071428571428,1,0,1,578674,26936,85562,22394,0.24950905924635963,0.4539631056152443
32293,0.786108225108225,1,0,1,578674,26936,85563,22393,0.24950905924635963,0.45395203632751524
32294,0.7861587301587304,0,1,0,578675,26935,85563,22393,0.24949979621327206,0.45396123905287056
32295,0.7861666666666668,2,1,2,578676,26934,85565,22391,0.24949053318018452,0.4539483020780537
32296,0.7861904761904761,0,1,0,578677,26933,85565,22391,0.24948127014709698,0.4539575054740086
32297,0.7861904761904762,1,0,1,578677,26933,85566,22390,0.24948127014709698,0.45394643472619267
32298,0.7862142857142858,0,1,0,578678,26932,85566,22390,0.2494720071140094,0.4539556384574835
32299,0.7862499999999999,0,1,0,578679,26931,85566,22390,0.24946274408092187,0.4539648425619919
32300,0.78625,1,0,1,578679,26931,85567,22389,0.24946274408092187,0.45395377128953773
32301,0.7862658730158729,1,0,1,578679,26931,85568,22388,0.24946274408092187,0.4539426995681178
32302,0.7862698412698411,1,0,1,578679,26931,85569,22387,0.24946274408092187,0.4539316273977047
32303,0.7863095238095238,1,0,1,578679,26931,85570,22386,0.24946274408092187,0.4539205547782712
32304,0.7863333333333332,1,5,1,578684,26926,85571,22385,0.24941642891548407,0.45395550688487357
32305,0.7863333333333334,0,1,0,578685,26925,85571,22385,0.24940716588239653,0.45396471303995134
32306,0.7863809523809523,1,0,1,578685,26925,85572,22384,0.24940716588239653,0.4539536392950577
32307,0.7864761904761904,2,0,2,578685,26925,85574,22382,0.24940716588239653,0.45393149045774434
32308,0.7865000000000001,4,7,4,578692,26918,85578,22378,0.24934232465078365,0.45395163907822134
32309,0.7865952380952379,0,1,0,578693,26917,85578,22378,0.2493330616176961,0.4539608479561822
32310,0.7866144688644688,0,1,0,578694,26916,85578,22378,0.24932379858460854,0.4539700572077738
32311,0.7866190476190477,0,1,0,578695,26915,85578,22378,0.249314535551521,0.45397926683301887
32312,0.786642857142857,0,1,0,578696,26914,85578,22378,0.24930527251843343,0.45398847683194027
32313,0.7866666666666666,50,87,50,578783,26827,85628,22328,0.24849938863981622,0.45423659851490183
32314,0.7866666666666667,46,65,46,578848,26762,85674,22282,0.2478972914891252,0.45432672702063454
32315,0.7866904761904762,0,1,0,578849,26761,85674,22282,0.24788802845603763,0.45433599086515913
32316,0.78675,0,1,0,578850,26760,85674,22282,0.2478787654229501,0.45434525508747603
32317,0.7867738095238093,1,1,1,578851,26759,85675,22281,0.24786950238986255,0.45434339314845024
32318,0.7867857142857142,1,0,1,578851,26759,85676,22280,0.24786950238986255,0.45433226615550887
32319,0.7867857142857143,0,1,0,578852,26758,85676,22280,0.24786023935677498,0.4543415310575472
32320,0.7868333333333333,0,3,0,578855,26755,85676,22280,0.24783245025751233,0.4543693280309983
32321,0.7868333333333334,4,4,4,578859,26751,85680,22276,0.2477953981251621,0.45436188222816
32322,0.7869365079365079,0,2,0,578861,26749,85680,22276,0.247776872058987,0.45438041815400304
32323,0.786952380952381,0,1,0,578862,26748,85680,22276,0.24776760902589945,0.4543896866840731
32324,0.7869999999999999,1,2,1,578864,26746,85681,22275,0.24774908295972434,0.45439709512249854
32325,0.787,8,10,8,578874,26736,85689,22267,0.24765645262884878,0.4544007509744301
32326,0.7870000000000001,0,2,0,578876,26734,85689,22267,0.2476379265626737,0.4544192975653558
32327,0.7870238095238095,0,1,0,578877,26733,85689,22267,0.24762866352958612,0.4544285714285714
32328,0.7870238095238097,0,1,0,578878,26732,85689,22267,0.24761940049649858,0.4544378456703198
32329,0.7870833333333332,1,0,1,578878,26732,85690,22266,0.24761940049649858,0.45442671129433854
32330,0.7870833333333335,1,0,1,578878,26732,85691,22265,0.24761940049649858,0.45441557646386516
32331,0.7871190476190476,0,2,0,578880,26730,85691,22265,0.24760087443032347,0.45443412593121746
32332,0.7871212121212122,0,1,0,578881,26729,85691,22265,0.2475916113972359,0.454443401232804
32333,0.7871428571428573,1,1,1,578882,26728,85692,22264,0.24758234836414836,0.4544415414761594
32334,0.7871666666666667,1,4,1,578886,26724,85693,22263,0.24754529623179813,0.4544675117888419
32335,0.7871904761904761,0,3,0,578889,26721,85693,22263,0.24751750713253548,0.4544953454189123
32336,0.7872380952380952,1,0,1,578889,26721,85694,22262,0.24751750713253548,0.4544842088071372
32337,0.7872499999999999,1,4,1,578893,26717,85695,22261,0.24748045500018526,0.4545101882477847
32338,0.7872857142857141,0,1,0,578894,26716,85695,22261,0.24747119196709771,0.45451946832186535
32339,0.7873095238095239,1,2,1,578896,26714,85696,22260,0.2474526659009226,0.4545268918201495
32340,0.7873333333333332,1,1,1,578897,26713,85697,22259,0.24744340286783503,0.45452503471371397
32341,0.7873333333333333,2,4,2,578901,26709,85699,22257,0.24740635073548484,0.45453988481803703
32342,0.7873333333333334,1,1,1,578902,26708,85700,22256,0.24739708770239727,0.45453802793889386
32343,0.7873809523809523,0,2,0,578904,26706,85700,22256,0.24737856163622216,0.4545565949103386
32344,0.7873809523809524,0,1,0,578905,26705,85700,22256,0.2473692986031346,0.4545658789648904
32345,0.7874999999999999,1,3,1,578908,26702,85701,22255,0.24734150950387196,0.4545825928876361
32346,0.7875,54,76,54,578984,26626,85755,22201,0.24663751898921782,0.45468695598746595
32347,0.7875000000000001,1,1,1,578985,26625,85756,22200,0.24662825595613028,0.45468509984639016
32348,0.787547619047619,0,1,0,578986,26624,85756,22200,0.24661899292304273,0.4546944125839751
32349,0.7875609945609944,0,4,0,578990,26620,85756,22200,0.2465819407906925,0.4547316673494469
32350,0.7876190476190476,0,1,0,578991,26619,85756,22200,0.24657267775760494,0.4547409819947152
32351,0.7876190476190478,0,2,0,578993,26617,85756,22200,0.24655415169142983,0.45475961243009605
32352,0.7876666666666665,2,1,2,578994,26616,85758,22198,0.2465448886583423,0.4547465890932929
32353,0.7876666666666666,2,5,2,578999,26611,85760,22196,0.24649857349290452,0.4547708320527793
32354,0.7876666666666668,1,0,1,578999,26611,85761,22195,0.24649857349290452,0.4547596606974552
32355,0.7877142857142856,0,1,0,579000,26610,85761,22195,0.24648931045981695,0.4547689785882594
32356,0.7877500000000001,0,1,0,579001,26609,85761,22195,0.2464800474267294,0.45477829686091303
32357,0.7878333333333333,1,6,1,579007,26603,85762,22194,0.24642446922820407,0.45482304240014754
32358,0.7878571428571428,0,2,0,579009,26601,85762,22194,0.24640594316202896,0.45484168459883184
32359,0.7878809523809526,0,1,0,579010,26600,85762,22194,0.24639668012894142,0.45485100627126285
32360,0.7879166666666666,1,1,1,579011,26599,85763,22193,0.24638741709585388,0.4548491555992786
32361,0.7879682539682539,0,1,0,579012,26598,85763,22193,0.2463781540627663,0.45485847799799145
32362,0.7879960317460317,0,2,0,579014,26596,85763,22193,0.2463596279965912,0.45487712394187213
32363,0.7879999999999999,8,17,8,579031,26579,85771,22185,0.2462021564341028,0.4549462718398819
32364,0.7880000000000001,0,1,0,579032,26578,85771,22185,0.24619289340101522,0.45495560158316756
32365,0.7880238095238096,0,1,0,579033,26577,85771,22185,0.24618363036792767,0.4549649317091178
32366,0.7880952380952383,0,1,0,579034,26576,85771,22185,0.24617436733484013,0.454974262217756
32367,0.7881666666666667,2,3,2,579037,26573,85773,22183,0.24614657823557745,0.4549798999097547
32368,0.7881666666666668,2,2,2,579039,26571,85775,22181,0.24612805216940234,0.45497620610436496
32369,0.7881904761904761,0,1,0,579040,26570,85775,22181,0.2461187891363148,0.4549855387581793
32370,0.7881984126984127,1,0,1,579040,26570,85776,22180,0.2461187891363148,0.45497435897435895
32371,0.788210705960706,0,4,0,579044,26566,85776,22180,0.24608173700396457,0.45501169326713986
32372,0.7882142857142856,0,1,0,579045,26565,85776,22180,0.24607247397087703,0.45502102779772285
32373,0.7882619047619047,0,1,0,579046,26564,85776,22180,0.24606321093778946,0.45503036271130803
32374,0.7883333333333331,0,1,0,579047,26563,85776,22180,0.24605394790470192,0.4550396980079191
32375,0.7883333333333333,16,37,16,579084,26526,85792,22164,0.24571121568046242,0.4552064078866297
32376,0.7883333333333334,23,47,23,579131,26479,85815,22141,0.24527585312534736,0.4553887289181407
32377,0.7883809523809524,0,1,0,579132,26478,85815,22141,0.24526659009225982,0.4553980953948045
32378,0.7884523809523809,1,0,1,579132,26478,85816,22140,0.24526659009225982,0.45538689374305813
32379,0.788452380952381,0,1,0,579133,26477,85816,22140,0.24525732705917225,0.45539626056729127
32380,0.7884801587301586,1,1,1,579134,26476,85817,22139,0.2452480640260847,0.45539442558881005
32381,0.7884999999999998,0,1,0,579135,26475,85817,22139,0.24523880099299714,0.4554037931460073
32382,0.7885,4,8,4,579143,26467,85821,22135,0.24516469672829672,0.45543393275996874
32383,0.7885000000000001,0,3,0,579146,26464,85821,22135,0.24513690762903406,0.45546204654416755
32384,0.788642857142857,1,0,1,579146,26464,85822,22134,0.24513690762903406,0.4554508415984197
32385,0.7886428571428571,0,1,0,579147,26463,85822,22134,0.2451276445959465,0.4554602135934317
32386,0.7886666666666664,1,0,1,579147,26463,85823,22133,0.2451276445959465,0.45544900814881883
32387,0.7886666666666666,0,3,0,579150,26460,85823,22133,0.24509985549668384,0.4554771263350688
32388,0.7886666666666667,2,8,2,579158,26452,85825,22131,0.2450257512319834,0.4555297120391907
32389,0.7887499999999998,0,1,0,579159,26451,85825,22131,0.24501648819889585,0.4555390885513153
32390,0.78875,1,1,1,579160,26450,85826,22130,0.24500722516580828,0.45553725813091805
32391,0.7887857142857142,0,1,0,579161,26449,85826,22130,0.24499796213272074,0.45554663537742646
32392,0.7888095238095236,0,1,0,579162,26448,85826,22130,0.2449886990996332,0.45555601301000453
32393,0.7888095238095238,0,1,0,579163,26447,85826,22130,0.24497943606654562,0.4555653910286761
32394,0.7888333333333333,1,2,1,579165,26445,85827,22129,0.2449609100003705,0.45557294025610406
32395,0.7888333333333334,0,2,0,579167,26443,85827,22129,0.2449423839341954,0.45559169892118917
32396,0.7888571428571428,0,1,0,579168,26442,85827,22129,0.24493312090110786,0.4556010788330485
32397,0.7888809523809523,0,1,0,579169,26441,85827,22129,0.24492385786802032,0.4556104591311509
32398,0.7888888888888889,1,2,1,579171,26439,85828,22128,0.2449053318018452,0.4556180122305269
32399,0.7889523809523808,0,3,0,579174,26436,85828,22128,0.24487754270258252,0.4556461576476402
32400,0.7889999999999999,1,5,1,579179,26431,85829,22127,0.24483122753714476,0.45568186498620206
32401,0.789,7,14,7,579193,26417,85836,22120,0.244701545073919,0.4557348002554752
32402,0.7890000000000001,1,0,1,579193,26417,85837,22119,0.244701545073919,0.45572358661612
32403,0.789047619047619,1,1,1,579194,26416,85838,22118,0.24469228204083146,0.4557217620637079
32404,0.7890833333333334,0,1,0,579195,26415,85838,22118,0.2446830190077439,0.45573115199967035
32405,0.7890909090909091,0,1,0,579196,26414,85838,22118,0.24467375597465635,0.45574054232259126
32406,0.7891111111111111,1,0,1,579196,26414,85839,22117,0.24467375597465635,0.45572932764624674
32407,0.7891666666666666,9,14,9,579210,26400,85848,22108,0.2445440735114306,0.4557598746598499
32408,0.7891666666666667,8,15,8,579225,26385,85856,22100,0.24440512801511727,0.4558110755903888
32409,0.7891904761904762,0,1,0,579226,26384,85856,22100,0.24439586498202973,0.45582047685834504
32410,0.7892272727272727,0,1,0,579227,26383,85856,22100,0.24438660194894216,0.4558298785141183
32411,0.7892857142857141,0,1,0,579228,26382,85856,22100,0.2443773389158546,0.45583928055773276
32412,0.7892857142857143,0,2,0,579230,26380,85856,22100,0.2443588128496795,0.45585808580858084
32413,0.7893095238095238,0,1,0,579231,26379,85856,22100,0.24434954981659193,0.45586748901586255
32414,0.7893095238095239,1,1,1,579232,26378,85857,22099,0.2443402867835044,0.45586566825504876
32415,0.7893333333333332,3,3,3,579235,26375,85860,22096,0.24431249768424174,0.45586020507107344
32416,0.7893333333333333,1,9,1,579244,26366,85861,22095,0.24422913038645375,0.4559336373578754
32417,0.789357142857143,0,2,0,579246,26364,85861,22095,0.24421060432027863,0.45595245465238654
32418,0.7893809523809524,0,1,0,579247,26363,85861,22095,0.24420134128719106,0.45596186388212473
32419,0.7893968253968252,0,1,0,579248,26362,85861,22095,0.24419207825410352,0.4559712735002167
32420,0.7894047619047619,0,1,0,579249,26361,85861,22095,0.24418281522101598,0.45598068350668647
32421,0.7894166666666667,0,2,0,579251,26359,85861,22095,0.24416428915484087,0.4559995046848557
32422,0.7894166666666668,0,1,0,579252,26358,85861,22095,0.2441550261217533,0.4560089158566033
32423,0.7894523809523808,0,2,0,579254,26356,85861,22095,0.2441365000555782,0.4560277393655446
32424,0.7894999999999999,1,0,1,579254,26356,85862,22094,0.2441365000555782,0.45601651186790504
32425,0.7895,3,1,3,579255,26355,85865,22091,0.24412723702249065,0.45599223878132356
32426,0.7895151515151515,1,1,1,579256,26354,85866,22090,0.2441179739894031,0.45599042193047645
32427,0.7895238095238095,0,1,0,579257,26353,85866,22090,0.24410871095631553,0.4559998348574614
32428,0.7895714285714287,0,3,0,579260,26350,85866,22090,0.24408092185705288,0.4560280759702725
32429,0.789580253080253,1,1,1,579261,26349,85867,22089,0.2440716588239653,0.45602626037408645
32430,0.7895833333333333,0,1,0,579262,26348,85867,22089,0.24406239579087777,0.45603567520696986
32431,0.7896190476190478,0,1,0,579263,26347,85867,22089,0.2440531327577902,0.4560450904286068
32432,0.7896363636363634,0,2,0,579265,26345,85867,22089,0.2440346066916151,0.4560639220382376
32433,0.7896587301587301,1,1,1,579266,26344,85868,22088,0.24402534365852754,0.45606210769739014
32434,0.7896666666666665,0,4,0,579270,26340,85868,22088,0.24398829152617732,0.45609977698851906
32435,0.7896666666666667,2,3,2,579273,26337,85870,22086,0.24396050242691467,0.45610556966730686
32436,0.7896944444444445,0,2,0,579275,26335,85870,22086,0.24394197636073955,0.4561244088308792
32437,0.7896984126984127,0,1,0,579276,26334,85870,22086,0.243932713327652,0.4561338289962825
32438,0.78975,0,1,0,579277,26333,85870,22086,0.24392345029456444,0.45614324955079616
32439,0.7897619047619048,0,3,0,579280,26330,85870,22086,0.2438956611953018,0.4561715135492399
32440,0.7897857142857143,0,1,0,579281,26329,85870,22086,0.24388639816221425,0.4561809356604358
32441,0.7898333333333334,2,3,2,579284,26326,85872,22084,0.24385860906295156,0.45618673827721545
32442,0.7898333333333335,0,1,0,579285,26325,85872,22084,0.24384934602986402,0.45619616187072654
32443,0.7899841269841268,0,3,0,579288,26322,85872,22084,0.24382155693060137,0.45622443498739823
32444,0.7899999999999998,4,4,4,579292,26318,85876,22080,0.24378450479825114,0.45621719905781233
32445,0.79,759,1073,759,580365,25245,86635,21321,0.2338452702953055,0.4578662543486664
32446,0.7900000000000001,2,8,2,580373,25237,86637,21319,0.23377116603060505,0.45792164275281383
32447,0.7900277777777778,0,1,0,580374,25236,86637,21319,0.2337619029975175,0.45793147889592956
32448,0.7900714285714285,0,1,0,580375,25235,86637,21319,0.23375263996442996,0.4579413154616145
32449,0.7901111111111112,1,0,1,580375,25235,86638,21318,0.23375263996442996,0.4579296715571499
32450,0.7901666666666667,3,3,3,580378,25232,86641,21315,0.23372485086516728,0.4579242486089329
32451,0.7901666666666668,1,2,1,580380,25230,86642,21314,0.23370632479899217,0.4579322791337229
32452,0.7902500000000002,1,0,1,580380,25230,86643,21313,0.23370632479899217,0.45792063253335624
32453,0.7902932900432899,0,4,0,580384,25226,86643,21313,0.23366927266664198,0.4579599905455639
32454,0.7903095238095239,0,1,0,580385,25225,86643,21313,0.2336600096335544,0.45796983110576306
32455,0.7903333333333333,2,2,2,580387,25223,86645,21311,0.2336414835673793,0.4579662182490222
32456,0.7903333333333334,0,1,0,580388,25222,86645,21311,0.23363222053429175,0.4579760600004298
32457,0.7903571428571428,1,0,1,580388,25222,86646,21310,0.23363222053429175,0.45796441158772455
32458,0.7903809523809522,0,2,0,580390,25220,86646,21310,0.23361369446811664,0.4579840962819686
32459,0.7904047619047618,0,1,0,580391,25219,86646,21310,0.2336044314350291,0.45799393926368503
32460,0.7904166666666665,0,1,0,580392,25218,86646,21310,0.23359516840194153,0.45800378266850067
32461,0.7905,2,9,2,580401,25209,86648,21308,0.23351180110415354,0.45806909301975623
32462,0.7905000000000001,0,1,0,580402,25208,86648,21308,0.233502538071066,0.45807894057958554
32463,0.7905238095238096,0,1,0,580403,25207,86648,21308,0.23349327503797843,0.4580887885628292
32464,0.7905515873015873,0,1,0,580404,25206,86648,21308,0.23348401200489088,0.4580986369695145
32465,0.7905952380952379,1,0,1,580404,25206,86649,21307,0.23348401200489088,0.4580869864339002
32466,0.790621212121212,0,3,0,580407,25203,86649,21307,0.23345622290562823,0.45811653407869274
32467,0.7906666666666665,0,1,0,580408,25202,86649,21307,0.23344695987254066,0.45812638414070395
32468,0.7906666666666666,4,8,4,580416,25194,86653,21303,0.23337285560784024,0.45815859087683075
32469,0.7906666666666667,2,5,2,580421,25189,86655,21301,0.23332654044240245,0.4581845558184556
32470,0.7907142857142857,0,2,0,580423,25187,86655,21301,0.23330801437622736,0.45820426776802614
32471,0.7908333333333332,0,3,0,580426,25184,86655,21301,0.23328022527696468,0.45823383887275465
32472,0.7908333333333333,8,15,8,580441,25169,86663,21293,0.23314127978065138,0.45828849382290904
32473,0.7908333333333334,10,19,10,580460,25150,86673,21283,0.23296528215198783,0.45835935649215
32474,0.7908809523809522,0,1,0,580461,25149,86673,21283,0.2329560191189003,0.4583692281185389
32475,0.7908809523809524,1,0,1,580461,25149,86674,21282,0.2329560191189003,0.45835756283517476
32476,0.7909999999999998,0,1,0,580462,25148,86674,21282,0.23294675608581275,0.4583674348481585
32477,0.7909999999999999,2,19,2,580481,25129,86676,21280,0.2327707584571492,0.4585317503070525
32478,0.791,2,1,2,580482,25128,86678,21278,0.23276149542406166,0.45851829504805414
32479,0.791047619047619,0,1,0,580483,25127,86678,21278,0.2327522323909741,0.45852817584312033
32480,0.7910714285714286,0,1,0,580484,25126,86678,21278,0.23274296935788655,0.4585380570640462
32481,0.7911111111111111,0,2,0,580486,25124,86678,21278,0.23272444329171144,0.4585578207835869
32482,0.7911190476190475,0,1,0,580487,25123,86678,21278,0.2327151802586239,0.4585677032822568
32483,0.7911428571428571,0,1,0,580488,25122,86678,21278,0.23270591722553632,0.45857758620689654
32484,0.7911666666666666,0,1,0,580489,25121,86678,21278,0.23269665419244878,0.45858746955753354
32485,0.7911666666666668,2,1,2,580490,25120,86680,21276,0.2326873911593612,0.4585740150012932
32486,0.7911666666666669,1,0,1,580490,25120,86681,21275,0.2326873911593612,0.4585623450802888
32487,0.7911904761904762,1,2,1,580492,25118,86682,21274,0.2326688650931861,0.4585704431798586
32488,0.7911904761904763,1,0,1,580492,25118,86683,21273,0.2326688650931861,0.4585587721756375
32489,0.7912499999999999,0,1,0,580493,25117,86683,21273,0.23265960206009856,0.45856865703815475
32490,0.79125,0,2,0,580495,25115,86683,21273,0.23264107599392345,0.45858842804173494
32491,0.7912777777777777,1,0,1,580495,25115,86684,21272,0.23264107599392345,0.4585767564188242
32492,0.7913333333333332,1,6,1,580501,25109,86685,21271,0.23258549779539814,0.4586244070720138
32493,0.7913333333333334,1,2,1,580503,25107,86686,21270,0.23256697172922303,0.4586325118054208
32494,0.7913769841269841,0,1,0,580504,25106,86686,21270,0.23255770869613546,0.4586424012420217
32495,0.791392857142857,0,1,0,580505,25105,86686,21270,0.23254844566304791,0.4586522911051213
32496,0.7914285714285714,1,2,1,580507,25103,86687,21269,0.2325299195968728,0.45866039851634605
32497,0.7914761904761906,0,1,0,580508,25102,86687,21269,0.23252065656378523,0.4586702896206681
32498,0.7914999999999999,1,0,1,580508,25102,86688,21268,0.23252065656378523,0.4586586154841492
32499,0.7915000000000001,2,6,2,580514,25096,86690,21266,0.23246507836525993,0.4586946205944524
32500,0.7915329670329669,0,1,0,580515,25095,86690,21266,0.23245581533217236,0.4587045145704364
32501,0.7916190476190477,1,0,1,580515,25095,86691,21265,0.23245581533217236,0.45869283865401206
32502,0.7916666666666665,26,40,26,580555,25055,86717,21239,0.2320852940086702,0.4587851557437249
32503,0.7916666666666667,17,49,17,580604,25006,86734,21222,0.23163140538738006,0.4590724236393528
32504,0.7917142857142858,0,1,0,580605,25005,86734,21222,0.2316221423542925,0.459082354468168
32505,0.79175,0,2,0,580607,25003,86734,21222,0.23160361628811738,0.4591022174148188
32506,0.7917857142857143,0,2,0,580609,25001,86734,21222,0.23158509022194226,0.4591220820803496
32507,0.7918181818181819,1,0,1,580609,25001,86735,21221,0.23158509022194226,0.459110380338367
32508,0.7918253968253969,0,1,0,580610,25000,86735,21221,0.23157582718885472,0.45912031327751457
32509,0.7918333333333333,1,4,1,580614,24996,86736,21220,0.2315387750565045,0.45914834689285094
32510,0.7918333333333334,4,3,4,580617,24993,86740,21216,0.23151098595724184,0.459131338051029
32511,0.7918571428571428,0,1,0,580618,24992,86740,21216,0.23150172292415427,0.45914127423822715
32512,0.7919047619047619,0,1,0,580619,24991,86740,21216,0.23149245989106673,0.4591512108554981
32513,0.7919642857142857,0,1,0,580620,24990,86740,21216,0.2314831968579792,0.45916114790286977
32514,0.7919999999999999,2,2,2,580622,24988,86742,21214,0.23146467079180408,0.459157612224579
32515,0.792,14,24,14,580646,24964,86756,21200,0.23124235799770276,0.4592323022268434
32516,0.7920833333333333,0,1,0,580647,24963,86756,21200,0.23123309496461522,0.4592422502870264
32517,0.7920894660894662,0,3,0,580650,24960,86756,21200,0.23120530586535254,0.4592720970537262
32518,0.7921428571428573,1,0,1,580650,24960,86757,21199,0.23120530586535254,0.4592603825906107
32519,0.792154761904762,0,2,0,580652,24958,86757,21199,0.23118677979917746,0.4592802825140282
32520,0.7921666666666666,0,1,0,580653,24957,86757,21199,0.23117751676608989,0.45929023312245426
32521,0.7921666666666667,2,3,2,580656,24954,86759,21197,0.23114972766682723,0.4592966566271587
32522,0.7921785714285712,0,2,0,580658,24952,86759,21197,0.23113120160065212,0.45931656157229844
32523,0.7922023809523808,1,0,1,580658,24952,86760,21196,0.23113120160065212,0.45930484528040216
32524,0.7922222222222223,1,0,1,580658,24952,86761,21195,0.23113120160065212,0.4592931284807246
32525,0.7922261904761903,0,1,0,580659,24951,86761,21195,0.23112193856756455,0.45930308152385907
32526,0.7922380952380952,0,1,0,580660,24950,86761,21195,0.231112675534477,0.45931303499837467
32527,0.7922500000000001,0,1,0,580661,24949,86761,21195,0.23110341250138947,0.45932298890429957
32528,0.7922608225108224,1,2,1,580663,24947,86762,21194,0.23108488643521435,0.45933118051190913
32529,0.7923134920634918,2,4,2,580667,24943,86764,21192,0.23104783430286413,0.4593475669231603
32530,0.7923333333333333,2,4,2,580671,24939,86766,21190,0.2310107821705139,0.45936395759717313
32531,0.7923333333333334,1,1,1,580672,24938,86767,21189,0.23100151913742636,0.4593621956771522
32532,0.7923809523809523,1,0,1,580672,24938,86768,21188,0.23100151913742636,0.4593504747864545
32533,0.7923809523809524,1,0,1,580672,24938,86769,21187,0.23100151913742636,0.4593387533875339
32534,0.7924523809523808,1,0,1,580672,24938,86770,21186,0.23100151913742636,0.4593270314803573
32535,0.7924999999999999,0,4,0,580676,24934,86770,21186,0.23096446700507614,0.459366869037294
32536,0.7925,41,73,41,580749,24861,86811,21145,0.23028826558968468,0.4596139633960788
32537,0.7925000000000001,2,4,2,580753,24857,86813,21143,0.23025121345733446,0.4596304347826087
32538,0.7925009157509159,1,0,1,580753,24857,86814,21142,0.23025121345733446,0.45961868736276873
32539,0.7925238095238096,0,1,0,580754,24856,86814,21142,0.23024195042424692,0.45962867950780467
32540,0.7925391552891553,0,2,0,580756,24854,86814,21142,0.2302234243580718,0.45964866510131314
32541,0.7925613553113554,0,2,0,580758,24852,86814,21142,0.2302048982918967,0.45966865243292604
32542,0.7926190476190474,0,1,0,580759,24851,86814,21142,0.23019563525880915,0.4596786467505925
32543,0.7926190476190476,0,2,0,580761,24849,86814,21142,0.23017710919263404,0.4596986366897871
32544,0.7926428571428572,1,1,1,580762,24848,86815,21141,0.23016784615954647,0.4596968840374872
32545,0.7926666666666665,1,0,1,580762,24848,86816,21140,0.23016784615954647,0.4596851352526746
32546,0.7926666666666666,6,6,6,580768,24842,86822,21134,0.23011226796102116,0.45967461284148253
32547,0.7926666666666669,2,2,2,580770,24840,86824,21132,0.23009374189484605,0.4596711041503524
32548,0.7926785714285716,0,1,0,580771,24839,86824,21132,0.2300844788617585,0.45968110330425704
32549,0.7927500000000001,1,0,1,580771,24839,86825,21131,0.2300844788617585,0.4596693495758103
32550,0.7927619047619047,0,1,0,580772,24838,86825,21131,0.23007521582867094,0.4596793491265853
32551,0.7928333333333333,2,4,2,580776,24834,86827,21129,0.2300381636963207,0.45969584230794336
32552,0.7928333333333335,0,2,0,580778,24832,86827,21129,0.2300196376301456,0.4597158460433846
32553,0.7928571428571428,3,4,3,580782,24828,86830,21126,0.2299825854977954,0.45972059015537275
32554,0.792869047619048,1,0,1,580782,24828,86831,21125,0.2299825854977954,0.45970883293800185
32555,0.7928809523809524,0,1,0,580783,24827,86831,21125,0.22997332246470784,0.4597188370473538
32556,0.7929166666666666,0,2,0,580785,24825,86831,21125,0.22995479639853272,0.45973884657236125
32557,0.7929166666666667,1,0,1,580785,24825,86832,21124,0.22995479639853272,0.459727088728808
32558,0.7929761904761904,0,1,0,580786,24824,86832,21124,0.22994553336544518,0.45973709410638114
32559,0.7929999999999998,1,0,1,580786,24824,86833,21123,0.22994553336544518,0.4597253357128866
32560,0.7929999999999999,6,9,6,580795,24815,86839,21117,0.2298621660676572,0.4597448401985544
32561,0.7930000000000001,0,1,0,580796,24814,86839,21117,0.22985290303456965,0.45975484966580304
32562,0.7930238095238096,1,0,1,580796,24814,86840,21116,0.22985290303456965,0.45974308730677116
32563,0.7930357142857143,0,2,0,580798,24812,86840,21116,0.22983437696839454,0.45976310747256577
32564,0.793047619047619,2,3,2,580801,24809,86842,21114,0.22980658786913186,0.4597696143544629
32565,0.7930793650793652,0,1,0,580802,24808,86842,21114,0.22979732483604431,0.4597796263228953
32566,0.7931666666666666,1,3,1,580805,24805,86843,21113,0.22976953573678166,0.4597979006054271
32567,0.7931666666666668,0,5,0,580810,24800,86843,21113,0.2297232205713439,0.45984797334088384
32568,0.793190476190476,0,1,0,580811,24799,86843,21113,0.22971395753825632,0.45985798919672416
32569,0.7932142857142856,0,1,0,580812,24798,86843,21113,0.22970469450516878,0.4598680054888807
32570,0.7932424242424243,0,1,0,580813,24797,86843,21113,0.2296954314720812,0.45987802221738183
32571,0.79325,0,1,0,580814,24796,86843,21113,0.22968616843899367,0.4598880393822562
32572,0.793309523809524,0,1,0,580815,24795,86843,21113,0.2296769054059061,0.45989805698353226
32573,0.7933293650793649,0,4,0,580819,24791,86843,21113,0.2296398532735559,0.4599381317532241
32574,0.7933333333333331,0,1,0,580820,24790,86843,21113,0.22963059024046834,0.4599481515369366
32575,0.7933333333333333,42,71,42,580891,24719,86885,21071,0.228972914891252,0.4601659751037344
32576,0.7933333333333334,45,61,45,580952,24658,86930,21026,0.22840786987291117,0.4602486647403905
32577,0.7934523809523809,1,0,1,580952,24658,86931,21025,0.22840786987291117,0.46023684959394084
32578,0.7934880952380952,0,3,0,580955,24655,86931,21025,0.22838008077364852,0.46026707530647987
32579,0.7935,2,6,2,580961,24649,86933,21023,0.2283245025751232,0.4603039061131547
32580,0.7935000000000001,0,1,0,580962,24648,86933,21023,0.22831523954203564,0.46031398480436164
32581,0.7935000000000002,0,2,0,580964,24646,86933,21023,0.22829671347586053,0.4603341435109155
32582,0.7935476190476191,0,1,0,580965,24645,86933,21023,0.228287450442773,0.4603442235263204
32583,0.7935714285714285,1,0,1,580965,24645,86934,21022,0.228287450442773,0.4603324063328005
32584,0.793595238095238,0,1,0,580966,24644,86934,21022,0.22827818740968542,0.4603424867516314
32585,0.7936666666666666,1,4,1,580970,24640,86935,21021,0.22824113527733522,0.46037099494097805
32586,0.7936666666666667,0,5,0,580975,24635,86935,21021,0.22819482011189743,0.4604214123006834
32587,0.7936666666666669,0,1,0,580976,24634,86935,21021,0.2281855570788099,0.4604314970977987
32588,0.7936771284271282,0,1,0,580977,24633,86935,21021,0.22817629404572234,0.4604415823367065
32589,0.7936904761904761,0,2,0,580979,24631,86935,21021,0.22815776797954723,0.4604617541400158
32590,0.793775974025974,1,5,1,580984,24626,86936,21020,0.22811145281410944,0.4605003724313193
32591,0.7937777777777778,0,1,0,580985,24625,86936,21020,0.2281021897810219,0.46051046116770733
32592,0.7937857142857143,1,1,1,580986,24624,86937,21019,0.22809292674793435,0.46050873080209453
32593,0.7938095238095237,0,3,0,580989,24621,86937,21019,0.22806513764867167,0.4605390008764242
32594,0.7938333333333332,0,1,0,580990,24620,86937,21019,0.22805587461558413,0.4605490917855343
32595,0.7938333333333333,1,2,1,580992,24618,86938,21018,0.22803734854940902,0.46055745464107284
32596,0.7938333333333334,2,2,2,580994,24616,86940,21016,0.2280188224832339,0.46055399719495094
32597,0.7938809523809525,0,2,0,580996,24614,86940,21016,0.2280002964170588,0.46057418365110675
32598,0.7938888888888889,0,2,0,580998,24612,86940,21016,0.22798177035088368,0.4605943718769177
32599,0.7939285714285715,0,1,0,580999,24611,86940,21016,0.22797250731779614,0.46060446665351656
32600,0.793952380952381,0,1,0,581000,24610,86940,21016,0.22796324428470857,0.4606145618726165
32601,0.7939761904761906,0,3,0,581003,24607,86940,21016,0.22793545518544592,0.4606448501852136
32602,0.7939999999999999,0,3,0,581006,24604,86940,21016,0.22790766608618326,0.4606751424813678
32603,0.794,20,26,20,581032,24578,86960,20996,0.22766682722590684,0.46070127704392855
32604,0.7940000000000002,1,0,1,581032,24578,86961,20995,0.22766682722590684,0.46068944331073225
32605,0.7940238095238095,1,2,1,581034,24576,86962,20994,0.22764830115973175,0.460697827518104
32606,0.7940476190476191,1,0,1,581034,24576,86963,20993,0.22764830115973175,0.4606859926704558
32607,0.794111111111111,0,1,0,581035,24575,86963,20993,0.22763903812664418,0.4606961025280899
32608,0.7941666666666666,5,15,5,581050,24560,86968,20988,0.22750009263033089,0.4607886186001581
32609,0.7941666666666667,5,12,5,581062,24548,86973,20983,0.22738893623328021,0.46085084887219696
32610,0.7941666666666669,0,1,0,581063,24547,86973,20983,0.22737967320019267,0.4608609707884911
32611,0.7942307692307692,0,1,0,581064,24546,86973,20983,0.22737041016710513,0.46087109314942126
32612,0.7942619047619047,1,0,1,581064,24546,86974,20982,0.22737041016710513,0.46085925144965734
32613,0.7942857142857142,0,1,0,581065,24545,86974,20982,0.22736114713401756,0.4608693742174973
32614,0.7942857142857143,2,5,2,581070,24540,86976,20980,0.2273148319685798,0.46089630931458697
32615,0.7943095238095238,0,1,0,581071,24539,86976,20980,0.22730556893549222,0.46090643467563
32616,0.7943333333333332,1,2,1,581073,24537,86977,20979,0.22728704286931714,0.4609148431320854
32617,0.7943333333333333,3,8,3,581081,24529,86980,20976,0.2272129386046167,0.46096033402922754
32618,0.7943333333333336,0,1,0,581082,24528,86980,20976,0.22720367557152915,0.4609704641350211
32619,0.7944523809523809,0,2,0,581084,24526,86980,20976,0.22718514950535404,0.4609907256823876
32620,0.7944999999999999,0,1,0,581085,24525,86980,20976,0.22717588647226647,0.4610008571240192
32621,0.7945,0,2,0,581087,24523,86980,20976,0.22715736040609136,0.46102112134332623
32622,0.7945238095238096,0,2,0,581089,24521,86980,20976,0.22713883433991627,0.4610413873442205
32623,0.794563492063492,0,1,0,581090,24520,86980,20976,0.2271295713068287,0.4610515210128363
32624,0.7946190476190478,2,0,2,581090,24520,86982,20974,0.2271295713068287,0.46102782784543017
32625,0.794642857142857,2,0,2,581090,24520,86984,20972,0.2271295713068287,0.46100413259474193
32626,0.7946485623285494,2,2,2,581092,24518,86986,20970,0.2271110452406536,0.4610007034822371
32627,0.7946666666666666,6,4,6,581096,24514,86992,20964,0.2270739931083034,0.4609701394080654
32628,0.7946666666666669,0,1,0,581097,24513,86992,20964,0.22706473007521583,0.4609802757437826
32629,0.7947222222222221,0,1,0,581098,24512,86992,20964,0.22705546704212828,0.46099041252528805
32630,0.7947380952380952,0,1,0,581099,24511,86992,20964,0.22704620400904071,0.46100054975261134
32631,0.7947698412698412,0,1,0,581100,24510,86992,20964,0.22703694097595317,0.4610106874257818
32632,0.7947857142857143,1,1,1,581101,24509,86993,20963,0.2270276779428656,0.46100897255453904
32633,0.7948095238095241,1,2,1,581103,24507,86994,20962,0.2270091518766905,0.4610173964679232
32634,0.7948333333333332,1,3,1,581106,24504,86995,20961,0.22698136277742784,0.4610359617288024
32635,0.7948333333333334,2,6,2,581112,24498,86997,20959,0.22692578457890253,0.4610731020524892
32636,0.7948849206349204,0,3,0,581115,24495,86997,20959,0.22689799547963985,0.4611035332423989
32637,0.7949047619047618,1,0,1,581115,24495,86998,20958,0.22689799547963985,0.461091677117022
32638,0.7949166666666669,0,1,0,581116,24494,86998,20958,0.2268887324465523,0.4611018217020153
32639,0.7949761904761905,0,1,0,581117,24493,86998,20958,0.22687946941346473,0.4611119667334052
32640,0.7949999999999998,5,6,5,581123,24487,87003,20953,0.22682389121493943,0.4611135563380282
32641,0.795,180,270,180,581393,24217,87183,20773,0.2243228722812998,0.4617248277394977
32642,0.7950000000000002,2,3,2,581396,24214,87185,20771,0.2242950831820371,0.46173168834055794
32643,0.7951111111111109,0,1,0,581397,24213,87185,20771,0.22428582014894957,0.4617419526942913
32644,0.7951190476190476,0,1,0,581398,24212,87185,20771,0.22427655711586203,0.46175221750439055
32645,0.7951190476190477,0,1,0,581399,24211,87185,20771,0.22426729408277446,0.4617624827708861
32646,0.7951666666666667,1,1,1,581400,24210,87186,20770,0.22425803104968692,0.4617607825700311
32647,0.7951666666666668,0,3,0,581403,24207,87186,20770,0.22423024195042424,0.46179158236431955
32648,0.7951904761904761,1,1,1,581404,24206,87187,20769,0.2242209789173367,0.46178988326848247
32649,0.7951904761904762,1,0,1,581404,24206,87188,20768,0.2242209789173367,0.4617779161293192
32650,0.79525,0,1,0,581405,24205,87188,20768,0.22421171588424915,0.46178818402152405
32651,0.7952857142857143,0,1,0,581406,24204,87188,20768,0.22420245285116158,0.46179845237036377
32652,0.7953333333333333,1,7,1,581413,24197,87189,20767,0.2241376116195487,0.4618583755893604
32653,0.7953333333333334,2,2,2,581415,24195,87191,20765,0.2241190855533736,0.4618549822064057
32654,0.7953809523809522,0,1,0,581416,24194,87191,20765,0.22410982252028605,0.4618652550101203
32655,0.7954166666666667,0,1,0,581417,24193,87191,20765,0.22410055948719848,0.46187552827083056
32656,0.7954285714285715,2,0,2,581417,24193,87193,20763,0.22410055948719848,0.4618515882195925
32657,0.7954761904761903,0,1,0,581418,24192,87193,20763,0.22409129645411094,0.46186186186186184
32658,0.7954999999999999,1,0,1,581418,24192,87194,20762,0.22409129645411094,0.4618498909996886
32659,0.7955,6,5,6,581423,24187,87200,20756,0.22404498128867317,0.4618294283870681
32660,0.7955833333333334,0,1,0,581424,24186,87200,20756,0.2240357182555856,0.4618397045080326
32661,0.7956031746031746,1,2,1,581426,24184,87201,20755,0.2240171921894105,0.46184828322837623
32662,0.7956666666666666,3,6,3,581432,24178,87204,20752,0.22396161399088518,0.4618740262630759
32663,0.7956666666666667,0,4,0,581436,24174,87204,20752,0.22392456185853496,0.46191514935671996
32664,0.7957142857142857,2,3,2,581439,24171,87206,20750,0.2238967727592723,0.46192204091627526
32665,0.7957777777777777,0,1,0,581440,24170,87206,20750,0.22388750972618474,0.46193232413178986
32666,0.7958095238095239,1,0,1,581440,24170,87207,20749,0.22388750972618474,0.46192034551080835
32667,0.7958333333333333,6,18,6,581458,24152,87213,20743,0.22372077513060876,0.4620336340349705
32668,0.7958333333333334,2,17,2,581475,24135,87215,20741,0.22356330356812035,0.46218468669221857
32669,0.7959047619047616,1,3,1,581478,24132,87216,20740,0.2235355144688577,0.46220360135496524
32670,0.7959523809523809,1,0,1,581478,24132,87217,20739,0.2235355144688577,0.4621916159657685
32671,0.7959523809523812,0,4,0,581482,24128,87217,20739,0.22349846233650747,0.4622328214500635
32672,0.7959642857142856,1,0,1,581482,24128,87218,20738,0.22349846233650747,0.4622208353764543
32673,0.7959999999999998,0,1,0,581483,24127,87218,20738,0.2234891993034199,0.4622311378580185
32674,0.7959999999999999,12,26,12,581509,24101,87230,20726,0.2232483604431435,0.4623552769536217
32675,0.796,0,2,0,581511,24099,87230,20726,0.2232298343769684,0.46237590630228664
32676,0.7960714285714287,1,1,1,581512,24098,87231,20725,0.22322057134388085,0.4623742275171229
32677,0.7960833333333334,0,1,0,581513,24097,87231,20725,0.22321130831079328,0.4623845433046272
32678,0.7961111111111111,0,1,0,581514,24096,87231,20725,0.22320204527770574,0.4623948595524419
32679,0.7961666666666666,0,1,0,581515,24095,87231,20725,0.22319278224461817,0.46240517626059796
32680,0.7961666666666667,3,4,3,581519,24091,87234,20722,0.22315573011226797,0.46241046125008367
32681,0.7961904761904762,0,1,0,581520,24090,87234,20722,0.2231464670791804,0.4624207801481746
32682,0.7963333333333332,7,6,7,581526,24084,87241,20715,0.2230908888806551,0.4623987142570147
32683,0.7963333333333334,0,2,0,581528,24082,87241,20715,0.22307236281447998,0.4624193584391812
32684,0.7963452380952379,1,2,1,581530,24080,87242,20714,0.22305383674830487,0.4624280037505023
32685,0.7964285714285714,1,0,1,581530,24080,87243,20713,0.22305383674830487,0.46241600250039067
32686,0.7964783549783552,1,0,1,581530,24080,87244,20712,0.22305383674830487,0.4624040007144133
32687,0.7964880952380952,0,1,0,581531,24079,87244,20712,0.2230445737152173,0.46241432430622226
32688,0.7964999999999999,1,0,1,581531,24079,87245,20711,0.2230445737152173,0.46240232194686315
32689,0.7965000000000001,3,5,3,581536,24074,87248,20708,0.22299825854977953,0.46241793577776785
32690,0.7966071428571431,0,1,0,581537,24073,87248,20708,0.222988995516692,0.4624282619861102
32691,0.7966248196248193,1,0,1,581537,24073,87249,20707,0.222988995516692,0.46241625725770436
32692,0.7966666666666665,61,81,61,581618,23992,87310,20646,0.22223868983660008,0.4625207222545813
32693,0.7966666666666667,34,71,34,581689,23921,87344,20612,0.22158101448738374,0.46284777580670516
32694,0.7966666666666669,0,1,0,581690,23920,87344,20612,0.2215717514542962,0.46285816940626967
32695,0.7967857142857143,0,2,0,581692,23918,87344,20612,0.22155322538812108,0.4628789580058388
32696,0.7968055555555555,1,0,1,581692,23918,87345,20611,0.22155322538812108,0.46286689573087203
32697,0.7968095238095237,1,0,1,581692,23918,87346,20610,0.22155322538812108,0.46285483291412144
32698,0.7968293650793651,1,1,1,581693,23917,87347,20609,0.22154396235503354,0.46285316444324665
32699,0.7968333333333333,1,1,1,581694,23916,87348,20608,0.22153469932194597,0.46285149582247775
32700,0.7968333333333334,1,4,1,581698,23912,87349,20607,0.22149764718959575,0.4628810170938251
32701,0.7968571428571428,0,3,0,581701,23909,87349,20607,0.2214698580903331,0.46291221133974303
32702,0.7968571428571429,0,1,0,581702,23908,87349,20607,0.22146059505724555,0.46292261035605975
32703,0.796888888888889,0,3,0,581705,23905,87349,20607,0.22143280595798287,0.4629538102084831
32704,0.7969047619047619,1,1,1,581706,23904,87350,20606,0.22142354292489533,0.46295214558526177
32705,0.7969166666666667,0,1,0,581707,23903,87350,20606,0.22141427989180779,0.4629625469006268
32706,0.796952380952381,1,0,1,581707,23903,87351,20605,0.22141427989180779,0.4629504808124382
32707,0.7969999999999999,0,1,0,581708,23902,87351,20605,0.22140501685872022,0.4629608825577999
32708,0.797,4,9,4,581717,23893,87355,20601,0.22132164956093223,0.4630062480334427
32709,0.7970000000000002,1,2,1,581719,23891,87356,20600,0.22130312349475711,0.46301499179609357
32710,0.797047619047619,0,1,0,581720,23890,87356,20600,0.22129386046166957,0.46302539896605976
32711,0.797142857142857,1,0,1,581720,23890,87357,20599,0.22129386046166957,0.4630133291375396
32712,0.7971428571428573,2,2,2,581722,23888,87359,20597,0.22127533439549446,0.4630100033719231
32713,0.7971514202172096,0,1,0,581723,23887,87359,20597,0.22126607136240692,0.4630204118334682
32714,0.7971666666666666,0,3,0,581726,23884,87359,20597,0.22123828226314424,0.46305164002607857
32715,0.7971666666666667,4,3,4,581729,23881,87363,20593,0.22121049316388158,0.46303458200296804
32716,0.7972499999999997,0,1,0,581730,23880,87363,20593,0.22120123013079404,0.4630449935916174
32717,0.7972619047619048,0,1,0,581731,23879,87363,20593,0.22119196709770647,0.46305540564849795
32718,0.7973333333333332,0,2,0,581733,23877,87363,20593,0.22117344103153136,0.4630762311670789
32719,0.7973333333333333,6,8,6,581741,23869,87369,20587,0.22109933676683094,0.4630870973546878
32720,0.7973333333333334,0,2,0,581743,23867,87369,20587,0.22108081070065583,0.46310793179466414
32721,0.7973755272505271,0,4,0,581747,23863,87369,20587,0.2210437585683056,0.4631496062992126
32722,0.7973809523809523,0,1,0,581748,23862,87369,20587,0.22103449553521806,0.46316002609732504
32723,0.7973809523809524,1,0,1,581748,23862,87370,20586,0.22103449553521806,0.4631479481641469
32724,0.7973809523809525,0,1,0,581749,23861,87370,20586,0.2210252325021305,0.46315836839381735
32725,0.7973888888888888,0,1,0,581750,23860,87370,20586,0.22101596946904295,0.4631687890923818
32726,0.7974285714285715,0,2,0,581752,23858,87370,20586,0.22099744340286784,0.46318963189631895
32727,0.7974999999999999,1,2,1,581754,23856,87371,20585,0.22097891733669273,0.4631983978758354
32728,0.7975,41,70,41,581824,23786,87412,20544,0.22033050502056392,0.4634333408526957
32729,0.7975000000000001,2,4,2,581828,23782,87414,20542,0.22029345288821373,0.46345095208013715
32730,0.7976190476190476,0,2,0,581830,23780,87414,20542,0.2202749268220386,0.46347186498804205
32731,0.7976626984126984,1,1,1,581831,23779,87415,20541,0.22026566378895104,0.4634702166064982
32732,0.7976666666666665,1,1,1,581832,23778,87416,20540,0.2202564007558635,0.4634685680761767
32733,0.7976666666666666,2,4,2,581836,23774,87418,20538,0.22021934862351328,0.4634861888427514
32734,0.7976666666666667,1,3,1,581839,23771,87419,20537,0.22019155952425062,0.46350546176762664
32735,0.7977222222222221,1,0,1,581839,23771,87420,20536,0.22019155952425062,0.46349335319475476
32736,0.7977857142857142,1,0,1,581839,23771,87421,20535,0.22019155952425062,0.46348124407529456
32737,0.7977857142857144,0,3,0,581842,23768,87421,20535,0.22016377042498797,0.46351262894160666
32738,0.7978333333333333,1,0,1,581842,23768,87422,20534,0.22016377042498797,0.4635005191639204
32739,0.7978571428571426,0,2,0,581844,23766,87422,20534,0.22014524435881286,0.4635214446952596
32740,0.7978571428571428,2,0,2,581844,23766,87424,20532,0.22014524435881286,0.46349722335094135
32741,0.7979166666666666,0,2,0,581846,23764,87424,20532,0.22012671829263775,0.4635181506230811
32742,0.7979166666666667,0,2,0,581848,23762,87424,20532,0.22010819222646263,0.46353907978507247
32743,0.7979285714285713,1,1,1,581849,23761,87425,20531,0.2200989291933751,0.4635374333965502
32744,0.7979444444444443,0,3,0,581852,23758,87425,20531,0.2200711400941124,0.46356883198988463
32745,0.7979999999999999,13,19,13,581871,23739,87438,20518,0.2198951424654489,0.4636102763404659
32746,0.7980000000000002,0,1,0,581872,23738,87438,20518,0.21988587943236132,0.46362075198843095
32747,0.7980476190476192,1,0,1,581872,23738,87439,20517,0.21988587943236132,0.46360863179301776
32748,0.7980555555555555,1,0,1,581872,23738,87440,20516,0.21988587943236132,0.4635965110498486
32749,0.7980833333333333,0,1,0,581873,23737,87440,20516,0.21987661639927378,0.46360698709692
32750,0.7980873015873015,0,3,0,581876,23734,87440,20516,0.21984882730001112,0.46363841807909606
32751,0.798095238095238,0,1,0,581877,23733,87440,20516,0.21983956426692355,0.46364889602024906
32752,0.7980952380952381,1,1,1,581878,23732,87441,20515,0.219830301233836,0.463647252921102
32753,0.7981248196248196,0,1,0,581879,23731,87441,20515,0.21982103820074844,0.4636577317723636
32754,0.7981428571428572,1,1,1,581880,23730,87442,20514,0.2198117751676609,0.4636560889612151
32755,0.7981666666666665,0,1,0,581881,23729,87442,20514,0.21980251213457336,0.4636665687227358
32756,0.7981666666666666,1,4,1,581885,23725,87443,20513,0.21976546000222313,0.4636963696369637
32757,0.7981666666666668,1,1,1,581886,23724,87444,20512,0.21975619696913556,0.46369472827561264
32758,0.7982380952380953,0,1,0,581887,23723,87444,20512,0.21974693393604802,0.4637052108059229
32759,0.7982857142857143,1,0,1,581887,23723,87445,20511,0.21974693393604802,0.46369308676583626
32760,0.7982857142857144,0,1,0,581888,23722,87445,20511,0.21973767090296045,0.46370356973300475
32761,0.7982936507936508,0,2,0,581890,23720,87445,20511,0.21971914483678537,0.4637245370893717
32762,0.7983333333333333,23,47,23,581937,23673,87468,20488,0.2192837822816703,0.46393876950250224
32763,0.7983333333333335,22,25,22,581962,23648,87490,20466,0.21905220645448145,0.4639343519064243
32764,0.79835101010101,0,1,0,581963,23647,87490,20466,0.2190429434213939,0.46394486885951985
32765,0.7983517316017316,0,1,0,581964,23646,87490,20466,0.21903368038830634,0.46395538628944505
32766,0.7983611111111111,0,2,0,581966,23644,87490,20466,0.21901515432213123,0.46397642257991384
32767,0.7984166666666667,1,0,1,581966,23644,87491,20465,0.21901515432213123,0.46396427033031806
32768,0.7984285714285714,0,1,0,581967,23643,87491,20465,0.21900589128904369,0.463974789153895
32769,0.7985,2,11,2,581978,23632,87493,20463,0.21890399792508058,0.46406622065993874
32770,0.7985000000000001,0,1,0,581979,23631,87493,20463,0.21889473489199304,0.46407674513539254
32771,0.7985158730158727,0,1,0,581980,23630,87493,20463,0.21888547185890547,0.46408727008822265
32772,0.7985238095238094,1,1,1,581981,23629,87494,20462,0.21887620882581793,0.4640856410605339
32773,0.7985714285714286,2,1,2,581982,23628,87496,20460,0.21886694579273036,0.46407185628742514
32774,0.7986004689754691,0,1,0,581983,23627,87496,20460,0.21885768275964282,0.4640823825617529
32775,0.7986190476190477,0,2,0,581985,23625,87496,20460,0.2188391566934677,0.46410343654304187
32776,0.798626984126984,0,1,0,581986,23624,87496,20460,0.21882989366038016,0.46411396425006807
32777,0.7986428571428571,0,2,0,581988,23622,87496,20460,0.21881136759420505,0.4641350210970464
32778,0.7986666666666666,0,2,0,581990,23620,87496,20460,0.21879284152802994,0.46415607985480944
32779,0.7986666666666667,4,7,4,581997,23613,87500,20456,0.21872800029641706,0.4641811704372688
32780,0.7986666666666669,0,3,0,582000,23610,87500,20456,0.2187002111971544,0.4642127717514637
32781,0.7987460317460318,0,1,0,582001,23609,87500,20456,0.21869094816406684,0.464223306479065
32782,0.7988333333333333,0,2,0,582003,23607,87500,20456,0.21867242209789173,0.46424437736876745
32783,0.7988333333333334,0,2,0,582005,23605,87500,20456,0.21865389603171662,0.46426545017135334
32784,0.7988809523809524,0,1,0,582006,23604,87500,20456,0.21864463299862907,0.46427598729005903
32785,0.7988888888888889,1,0,1,582006,23604,87501,20455,0.21864463299862907,0.4642638280487528
32786,0.7989166666666666,0,1,0,582007,23603,87501,20455,0.2186353699655415,0.46427436560897
32787,0.7989285714285715,1,0,1,582007,23603,87502,20454,0.2186353699655415,0.4642622057788774
32788,0.7989682539682539,0,1,0,582008,23602,87502,20454,0.21862610693245396,0.4642727437806428
32789,0.7989761904761903,0,1,0,582009,23601,87502,20454,0.21861684389936642,0.46428328226081034
32790,0.7989999999999999,0,2,0,582011,23599,87502,20454,0.2185983178331913,0.46430436065648195
32791,0.799,7,12,7,582023,23587,87509,20447,0.21848716143614064,0.4643457328428033
32792,0.799047619047619,0,1,0,582024,23586,87509,20447,0.2184778984030531,0.46435627824586106
32793,0.7990476190476191,0,1,0,582025,23585,87509,20447,0.21846863536996555,0.464366824127907
32794,0.7991547619047619,1,0,1,582025,23585,87510,20446,0.21846863536996555,0.46435465921736957
32795,0.7991603812853814,2,0,2,582025,23585,87512,20444,0.21846863536996555,0.46433032773853594
32796,0.7991666666666666,7,18,7,582043,23567,87519,20437,0.21830190077438957,0.46443505135896734
32797,0.7991666666666667,4,21,4,582064,23546,87523,20433,0.21810737707955094,0.4646081084153801
32798,0.7992658730158729,0,1,0,582065,23545,87523,20433,0.21809811404646337,0.4646186729728501
32799,0.7992857142857143,0,1,0,582066,23544,87523,20433,0.21808885101337583,0.4646292380107784
32800,0.7993333333333333,4,7,4,582073,23537,87527,20429,0.21802400978176295,0.4646545057544466
32801,0.7993571428571429,0,1,0,582074,23536,87527,20429,0.21801474674867538,0.46466507449107247
32802,0.799404761904762,0,3,0,582077,23533,87527,20429,0.21798695764941273,0.4646967835858241
32803,0.7994444444444444,1,0,1,582077,23533,87528,20428,0.21798695764941273,0.4646846068105821
32804,0.7994523809523811,1,0,1,582077,23533,87529,20427,0.21798695764941273,0.4646724294813467
32805,0.7994999999999999,0,1,0,582078,23532,87529,20427,0.21797769461632516,0.4646830000682454
32806,0.7995,1,1,1,582079,23531,87530,20426,0.21796843158323762,0.46468139317969837
32807,0.7995238095238095,0,1,0,582080,23530,87530,20426,0.21795916855015007,0.46469196469196467
32808,0.7995238095238096,0,1,0,582081,23529,87530,20426,0.2179499055170625,0.46470253668524625
32809,0.799527777777778,0,2,0,582083,23527,87530,20426,0.2179313794508874,0.46472368211498644
32810,0.7995833333333334,0,1,0,582084,23526,87530,20426,0.21792211641779985,0.46473425555151077
32811,0.7995952380952382,0,1,0,582085,23525,87530,20426,0.21791285338471228,0.4647448294691816
32812,0.7996666666666665,2,1,2,582086,23524,87532,20424,0.21790359035162474,0.46473104578137797
32813,0.7996666666666666,2,0,2,582086,23524,87534,20422,0.21790359035162474,0.46470668547763166
32814,0.7996666666666669,0,1,0,582087,23523,87534,20422,0.2178943273185372,0.4647172602116282
32815,0.7997261904761902,1,0,1,582087,23523,87535,20421,0.2178943273185372,0.4647050791916985
32816,0.7997380952380952,0,1,0,582088,23522,87535,20421,0.21788506428544963,0.46471565437043444
32817,0.7998333333333332,0,2,0,582090,23520,87535,20421,0.2178665382192745,0.4647368061719123
32818,0.7998333333333334,1,3,1,582093,23517,87536,20420,0.21783874912001186,0.4647563556911032
32819,0.7999166666666666,1,3,1,582096,23514,87537,20419,0.2178109600207492,0.4647759087701728
32820,0.7999242424242425,1,0,1,582096,23514,87538,20418,0.2178109600207492,0.46476372575798963
32821,0.7999523809523807,0,1,0,582097,23513,87538,20418,0.21780169698766164,0.4647743051603651
32822,0.7999999999999998,3,1,3,582098,23512,87541,20415,0.2177924339545741,0.4647483324606734
32823,0.8,772,981,772,583079,22531,88313,19643,0.20870539849568343,0.4657608953383601
32824,0.8000000000000002,4,3,4,583082,22528,88317,19639,0.20867760939642077,0.4657433538074798
32825,0.8001107503607504,0,1,0,583083,22527,88317,19639,0.2086683463633332,0.46575439927904
32826,0.8001212121212121,0,2,0,583085,22525,88317,19639,0.2086498202971581,0.4657764917939474
32827,0.8001666666666665,1,0,1,583085,22525,88318,19638,0.2086498202971581,0.46576382135996014
32828,0.8001666666666667,1,7,1,583092,22518,88319,19637,0.2085849790655452,0.465828490096074
32829,0.8001666666666668,0,1,0,583093,22517,88319,19637,0.20857571603245767,0.46583954073160316
32830,0.8002261904761905,0,1,0,583094,22516,88319,19637,0.2085664529993701,0.46585059189144307
32831,0.8002499999999999,1,1,1,583095,22515,88320,19636,0.20855718996628256,0.46584897155464877
32832,0.8002857142857143,0,1,0,583096,22514,88320,19636,0.20854792693319502,0.4658600237247924
32833,0.8002857142857144,0,1,0,583097,22513,88320,19636,0.20853866390010745,0.46587107641936937
32834,0.8003333333333333,0,4,0,583101,22509,88320,19636,0.20850161176775722,0.46591529244275715
32835,0.8003333333333335,0,3,0,583104,22506,88320,19636,0.20847382266849457,0.46594845996867734
32836,0.8003809523809522,0,1,0,583105,22505,88320,19636,0.20846455963540703,0.46595951686006504
32837,0.8003809523809525,0,1,0,583106,22504,88320,19636,0.20845529660231946,0.4659705742762221
32838,0.8004166666666666,0,1,0,583107,22503,88320,19636,0.20844603356923191,0.46598163221718597
32839,0.8004761904761906,0,1,0,583108,22502,88320,19636,0.20843677053614434,0.465992690682994
32840,0.8005,4,4,4,583112,22498,88324,19632,0.20839971840379415,0.46598623308806075
32841,0.8005000000000001,1,0,1,583112,22498,88325,19631,0.20839971840379415,0.4659735574070118
32842,0.8006666666666666,5,13,5,583125,22485,88330,19626,0.20827929897365594,0.4660540001424806
32843,0.8006666666666667,3,4,3,583129,22481,88333,19623,0.2082422468413057,0.4660602318069542
32844,0.8007142857142856,0,3,0,583132,22478,88333,19623,0.20821445774204306,0.46609344196099856
32845,0.8007738095238095,2,1,2,583133,22477,88335,19621,0.2082051947089555,0.46607914865314265
32846,0.8008333333333332,0,5,0,583138,22472,88335,19621,0.20815887954351772,0.4661345116765258
32847,0.8008333333333333,3,10,3,583148,22462,88338,19618,0.2080662492126422,0.46620722433460077
32848,0.8008333333333334,4,12,4,583160,22450,88342,19614,0.20795509281559155,0.46628946367440094
32849,0.8008571428571427,1,0,1,583160,22450,88343,19613,0.20795509281559155,0.46627677531322065
32850,0.8008809523809525,1,0,1,583160,22450,88344,19612,0.20795509281559155,0.4662640863487233
32851,0.8009166666666667,1,1,1,583161,22449,88345,19611,0.20794582978250398,0.46626248216833094
32852,0.8009285714285715,1,1,1,583162,22448,88346,19610,0.20793656674941643,0.4662608778353702
32853,0.800952380952381,1,1,1,583163,22447,88347,19609,0.20792730371632887,0.4662592733498193
32854,0.8009761904761905,0,1,0,583164,22446,88347,19609,0.20791804068324132,0.46627036024253954
32855,0.8009999999999998,0,1,0,583165,22445,88347,19609,0.20790877765015375,0.4662814476625291
32856,0.8009999999999999,5,8,5,583173,22437,88352,19604,0.20783467338545333,0.46630670060179347
32857,0.801,3,5,3,583178,22432,88355,19601,0.20778835822001557,0.466324078700069
32858,0.8010714285714284,0,1,0,583179,22431,88355,19601,0.207779095186928,0.4663351732013704
32859,0.8010714285714287,1,0,1,583179,22431,88356,19600,0.207779095186928,0.46632247626751683
32860,0.8010815295815292,0,3,0,583182,22428,88356,19600,0.20775130608766534,0.46635576282478347
32861,0.8010952380952382,1,0,1,583182,22428,88357,19599,0.20775130608766534,0.46634306517238916
32862,0.8011111111111111,0,2,0,583184,22426,88357,19599,0.20773278002149023,0.46636525877453894
32863,0.8011190476190475,0,1,0,583185,22425,88357,19599,0.2077235169884027,0.46637635636778985
32864,0.8011666666666666,2,0,2,583185,22425,88359,19597,0.2077235169884027,0.46635095902146495
32865,0.8011666666666667,2,4,2,583189,22421,88361,19595,0.20768646485605247,0.4663699543031226
32866,0.8012142857142855,0,2,0,583191,22419,88361,19595,0.20766793878987735,0.4663921549959537
32867,0.8012619047619047,0,1,0,583192,22418,88361,19595,0.2076586757567898,0.46640325613500583
32868,0.8013095238095238,0,2,0,583194,22416,88361,19595,0.2076401496906147,0.4664254599985718
32869,0.8013333333333332,2,1,2,583195,22415,88363,19593,0.20763088665752713,0.4664111597790897
32870,0.8013333333333335,0,1,0,583196,22414,88363,19593,0.2076216236244396,0.46642226295617395
32871,0.8013782051282052,0,1,0,583197,22413,88363,19593,0.20761236059135202,0.46643336666190544
32872,0.8014285714285714,0,2,0,583199,22411,88363,19593,0.20759383452517693,0.466455575659461
32873,0.8014285714285715,0,1,0,583200,22410,88363,19593,0.20758457149208936,0.4664666809513606
32874,0.801452380952381,0,1,0,583201,22409,88363,19593,0.20757530845900182,0.4664777867720585
32875,0.8014999999999999,1,1,1,583202,22408,88364,19592,0.20756604542591425,0.4664761904761905
32876,0.8015000000000001,2,4,2,583206,22404,88366,19590,0.20752899329356406,0.4664952136019431
32877,0.801547619047619,1,0,1,583206,22404,88367,19589,0.20752899329356406,0.4664825089895935
32878,0.8016666666666665,21,31,21,583237,22373,88388,19568,0.20724183926784986,0.4665601678548437
32879,0.8016666666666667,14,43,14,583280,22330,88402,19554,0.20684352884508503,0.4668608537866488
32880,0.8016904761904763,0,1,0,583281,22329,88402,19554,0.2068342658119975,0.46687200057302486
32881,0.8017348484848484,1,3,1,583284,22326,88403,19553,0.2068064767127348,0.46689271472575755
32882,0.8017571317571317,0,1,0,583285,22325,88403,19553,0.20679721367964726,0.46690386360380154
32883,0.8017655122655123,0,1,0,583286,22324,88403,19553,0.20678795064655972,0.46691501301430377
32884,0.8017857142857142,0,1,0,583287,22323,88403,19553,0.20677868761347215,0.4669261629573025
32885,0.8017857142857143,0,2,0,583289,22321,88403,19553,0.20676016154729704,0.46694846444094185
32886,0.801797619047619,0,1,0,583290,22320,88403,19553,0.2067508985142095,0.4669596159816588
32887,0.8018095238095237,0,1,0,583291,22319,88403,19553,0.20674163548112193,0.46697076805502485
32888,0.8018333333333332,3,2,3,583293,22317,88406,19550,0.20672310941494684,0.46695488093247667
32889,0.8018333333333334,2,3,2,583296,22314,88408,19548,0.20669532031568416,0.4669628780278057
32890,0.8018809523809525,0,1,0,583297,22313,88408,19548,0.20668605728259662,0.4669740331095769
32891,0.8018928571428571,0,2,0,583299,22311,88408,19548,0.2066675312164215,0.46699634487207053
32892,0.8019285714285713,0,2,0,583301,22309,88408,19548,0.2066490051502464,0.46701865876675347
32893,0.8019880952380951,0,1,0,583302,22308,88408,19548,0.20663974211715885,0.46702981651376146
32894,0.8019999999999999,1,1,1,583303,22307,88409,19547,0.20663047908407128,0.4670282410283366
32895,0.802,7,15,7,583318,22292,88416,19540,0.20649153358775799,0.4671065213233888
32896,0.8020119047619048,0,1,0,583319,22291,88416,19540,0.20648227055467042,0.46711768783916235
32897,0.8020476190476191,0,1,0,583320,22290,88416,19540,0.20647300752158287,0.46712885488883577
32898,0.8020555555555553,0,2,0,583322,22288,88416,19540,0.20645448145540776,0.4671511905900354
32899,0.8020555555555556,0,1,0,583323,22287,88416,19540,0.2064452184223202,0.4671623592416382
32900,0.802142857142857,1,1,1,583324,22286,88417,19539,0.20643595538923265,0.4671607890017932
32901,0.8021428571428573,1,1,1,583325,22285,88418,19538,0.2064266923561451,0.4671592186117686
32902,0.8021666666666666,1,0,1,583325,22285,88419,19537,0.2064266923561451,0.4671464779302759
32903,0.8021666666666667,1,2,1,583327,22283,88420,19536,0.20640816628997,0.4671560773810947
32904,0.8022222222222223,0,1,0,583328,22282,88420,19536,0.20639890325688243,0.4671672485532546
32905,0.8022380952380952,1,0,1,583328,22282,88421,19535,0.20639890325688243,0.46715450654040225
32906,0.8022619047619046,1,0,1,583328,22282,88422,19534,0.20639890325688243,0.46714176391811746
32907,0.8023333333333332,1,0,1,583328,22282,88423,19533,0.20639890325688243,0.4671290206863566
32908,0.8023333333333333,5,2,5,583330,22280,88428,19528,0.20638037719070731,0.46708763872942977
32909,0.8023888888888887,1,2,1,583332,22278,88429,19527,0.20636185112453223,0.467097237172587
32910,0.8023888888888888,0,2,0,583334,22276,88429,19527,0.20634332505835712,0.4671195847188001
32911,0.8024242424242424,1,0,1,583334,22276,88430,19526,0.20634332505835712,0.4671068369934453
32912,0.8024523809523809,0,1,0,583335,22275,88430,19526,0.20633406202526955,0.4671180115308246
32913,0.8024761904761903,0,1,0,583336,22274,88430,19526,0.206324798992182,0.46712918660287084
32914,0.8024999999999999,0,5,0,583341,22269,88430,19526,0.20627848382674424,0.4671850699844479
32915,0.8025,49,85,49,583426,22184,88479,19477,0.2054911260143021,0.4675115815750942
32916,0.8025000000000001,2,0,2,583426,22184,88481,19475,0.2054911260143021,0.4674860174272066
32917,0.8025833333333334,1,0,1,583426,22184,88482,19474,0.2054911260143021,0.467473234432762
32918,0.8026031746031747,0,1,0,583427,22183,88482,19474,0.20548186298121457,0.46748445639388336
32919,0.8026190476190476,0,2,0,583429,22181,88482,19474,0.20546333691503946,0.46750690193254113
32920,0.8026468253968254,0,1,0,583430,22180,88482,19474,0.20545407388195192,0.4675181255101551
32921,0.8026666666666665,0,2,0,583432,22178,88482,19474,0.2054355478157768,0.4675405742821473
32922,0.8026666666666666,5,3,5,583435,22175,88487,19469,0.20540775871651412,0.46751032561713574
32923,0.8026666666666668,0,1,0,583436,22174,88487,19469,0.20539849568342658,0.46752155224167324
32924,0.8027142857142857,0,1,0,583437,22173,88487,19469,0.20538923265033904,0.467532779405408
32925,0.802780303030303,0,2,0,583439,22171,88487,19469,0.20537070658416393,0.4675552353506244
32926,0.8027857142857141,0,2,0,583441,22169,88487,19469,0.2053521805179888,0.46757769345309574
32927,0.8028095238095238,0,1,0,583442,22168,88487,19469,0.20534291748490124,0.46758892331339913
32928,0.8028333333333333,0,1,0,583443,22167,88487,19469,0.2053336544518137,0.46760015371313285
32929,0.8028333333333335,0,1,0,583444,22166,88487,19469,0.20532439141872616,0.46761138465233576
32930,0.8028571428571428,0,3,0,583447,22163,88487,19469,0.20529660231946348,0.46764508070714833
32931,0.8028571428571429,0,1,0,583448,22162,88487,19469,0.20528733928637594,0.46765631380461675
32932,0.8029761904761904,1,1,1,583449,22161,88488,19468,0.20527807625328837,0.46765475990295224
32933,0.8029999999999999,7,15,7,583464,22146,88495,19461,0.20513913075697507,0.46773379479414523
32934,0.8030000000000002,1,5,1,583469,22141,88496,19460,0.2050928155915373,0.4677772168938247
32935,0.8030238095238096,1,0,1,583469,22141,88497,19459,0.2050928155915373,0.46776442307692306
32936,0.803047619047619,0,1,0,583470,22140,88497,19459,0.20508355255844973,0.46777566768431933
32937,0.8031190476190474,0,1,0,583471,22139,88497,19459,0.2050742895253622,0.4677869128323477
32938,0.8031309523809524,0,1,0,583472,22138,88497,19459,0.20506502649227462,0.46779815852104717
32939,0.8031666666666665,0,1,0,583473,22137,88497,19459,0.20505576345918708,0.4678094047504568
32940,0.8031666666666666,0,7,0,583480,22130,88497,19459,0.2049909222275742,0.46788814349948304
32941,0.8031666666666668,1,1,1,583481,22129,88498,19458,0.20498165919448663,0.46788659917762765
32942,0.8031688034188034,1,1,1,583482,22128,88499,19457,0.2049723961613991,0.4678850547072262
32943,0.8031818181818181,0,1,0,583483,22127,88499,19457,0.20496313312831155,0.4678963062716429
32944,0.8031904761904762,0,1,0,583484,22126,88499,19457,0.20495387009522398,0.4679075583772215
32945,0.8032142857142857,2,0,2,583484,22126,88501,19455,0.20495387009522398,0.46788196532069937
32946,0.8032222222222223,1,0,1,583484,22126,88502,19454,0.20495387009522398,0.4678691678691679
32947,0.8032261904761904,0,1,0,583485,22125,88502,19454,0.20494460706213644,0.46788042040453115
32948,0.8033333333333332,40,60,40,583545,22065,88542,19414,0.20438882507688316,0.4680440704935027
32949,0.8033333333333335,45,65,45,583610,22000,88587,19369,0.20378672792619215,0.46820082670598756
32950,0.8033333333333336,0,1,0,583611,21999,88587,19369,0.2037774648931046,0.4682121446528718
32951,0.8033571428571429,0,4,0,583615,21995,88587,19369,0.20374041276075439,0.4682574219127744
32952,0.8033730158730159,1,0,1,583615,21995,88588,19368,0.20374041276075439,0.4682445663999226
32953,0.8033888888888887,0,1,0,583616,21994,88588,19368,0.20373114972766682,0.46825588704608095
32954,0.8034523809523809,0,1,0,583617,21993,88588,19368,0.20372188669457927,0.46826720823964607
32955,0.8034761904761907,0,2,0,583619,21991,88588,19368,0.20370336062840416,0.4682898522691554
32956,0.8035,0,5,0,583624,21986,88588,19368,0.2036570454629664,0.46834647192532763
32957,0.8035000000000001,0,3,0,583627,21983,88588,19368,0.20362925636370374,0.4683804502914077
32958,0.8035714285714285,0,1,0,583628,21982,88588,19368,0.20361999333061617,0.4683917775090689
32959,0.8036666666666664,1,2,1,583630,21980,88589,19367,0.20360146726444106,0.46840157689796114
32960,0.8036666666666666,0,2,0,583632,21978,88589,19367,0.20358294119826595,0.46842423509493286
32961,0.8036666666666668,5,3,5,583635,21975,88594,19362,0.2035551520990033,0.4683939327962842
32962,0.8037142857142857,1,0,1,583635,21975,88595,19361,0.2035551520990033,0.468381072188891
32963,0.8037380952380954,1,0,1,583635,21975,88596,19360,0.2035551520990033,0.46836821095923553
32964,0.8037619047619049,1,0,1,583635,21975,88597,19359,0.2035551520990033,0.46835534910727245
32965,0.8037762515262515,0,1,0,583636,21974,88597,19359,0.20354588906591575,0.4683666803764546
32966,0.8037835497835496,1,0,1,583636,21974,88598,19358,0.20354588906591575,0.46835381786509245
32967,0.8038095238095238,0,3,0,583639,21971,88598,19358,0.20351809996665307,0.468387814851557
32968,0.803809523809524,0,1,0,583640,21970,88598,19358,0.20350883693356553,0.46839914827719703
32969,0.8038333333333333,3,2,3,583642,21968,88601,19355,0.20349031086739042,0.46838322483846767
32970,0.8038333333333334,0,2,0,583644,21966,88601,19355,0.2034717848012153,0.4684058953074708
32971,0.8038939393939393,1,1,1,583645,21965,88602,19354,0.20346252176812776,0.4684043660301556
32972,0.8039285714285714,0,1,0,583646,21964,88602,19354,0.2034532587350402,0.4684157025993514
32973,0.8039761904761904,1,2,1,583648,21962,88603,19353,0.20343473266886508,0.46842551131550286
32974,0.8039999999999999,1,1,1,583649,21961,88604,19352,0.20342546963577754,0.4684239827657154
32975,0.804,21,25,21,583674,21936,88625,19331,0.20319389380858868,0.46843725010298787
32976,0.8040075757575758,0,1,0,583675,21935,88625,19331,0.20318463077550114,0.468448601754471
32977,0.804047619047619,1,0,1,583675,21935,88626,19330,0.20318463077550114,0.4684357203441173
32978,0.8040833333333333,0,2,0,583677,21933,88626,19330,0.20316610470932603,0.4684584252235659
32979,0.8040952380952381,1,0,1,583677,21933,88627,19329,0.20316610470932603,0.46844554311473025
32980,0.8041349206349205,1,0,1,583677,21933,88628,19328,0.20316610470932603,0.468432660381474
32981,0.8041428571428572,0,1,0,583678,21932,88628,19328,0.20315684167623846,0.4684440135724673
32982,0.8041507936507934,0,2,0,583680,21930,88628,19328,0.20313831561006335,0.4684667216055068
32983,0.8041666666666666,12,16,12,583696,21914,88640,19316,0.20299010708066248,0.4684938151831191
32984,0.8041666666666667,10,19,10,583715,21895,88650,19306,0.20281410945199896,0.46858085968787166
32985,0.8042142857142858,0,1,0,583716,21894,88650,19306,0.20280484641891142,0.46859223300970876
32986,0.8042857142857142,0,2,0,583718,21892,88650,19306,0.2027863203527363,0.4686149813097723
32987,0.8042857142857143,2,6,2,583724,21886,88652,19304,0.20273074215421097,0.468657441126487
32988,0.8043333333333332,1,6,1,583730,21880,88653,19303,0.20267516395568566,0.4687128183959401
32989,0.8043333333333333,6,3,6,583733,21877,88659,19297,0.20264737485642298,0.46866954874435324
32990,0.8043455155955155,1,0,1,583733,21877,88660,19296,0.20264737485642298,0.46865664391713013
32991,0.8043484848484849,0,3,0,583736,21874,88660,19296,0.20261958575716033,0.46869079426767063
32992,0.8044999999999999,1,0,1,583736,21874,88661,19295,0.20261958575716033,0.46867788870266464
32993,0.8045,1,3,1,583739,21871,88662,19294,0.20259179665789767,0.46869913761690757
32994,0.8045454545454546,0,1,0,583740,21870,88662,19294,0.2025825336248101,0.46871052375862404
32995,0.8045833333333334,1,0,1,583740,21870,88663,19293,0.2025825336248101,0.468697616791779
32996,0.8046428571428572,0,1,0,583741,21869,88663,19293,0.20257327059172256,0.4687090034497838
32997,0.8046666666666665,0,1,0,583742,21868,88663,19293,0.202564007558635,0.46872039066106264
32998,0.8046666666666666,7,4,7,583746,21864,88670,19286,0.2025269554262848,0.46867557715674363
32999,0.8047142857142856,1,0,1,583746,21864,88671,19285,0.2025269554262848,0.46866266494933045
33000,0.8047222222222221,0,1,0,583747,21863,88671,19285,0.20251769239319722,0.46867405463205986
33001,0.8047619047619048,2,0,2,583747,21863,88673,19283,0.20251769239319722,0.46864822826034125
33002,0.8047857142857144,0,2,0,583749,21861,88673,19283,0.2024991663270221,0.468671009138635
33003,0.8048088023088025,0,1,0,583750,21860,88673,19283,0.20248990329393457,0.4686824004083319
33004,0.8048214285714285,0,2,0,583752,21858,88673,19283,0.20247137722775946,0.4687051846090275
33005,0.8048333333333332,1,0,1,583752,21858,88674,19282,0.20247137722775946,0.46869227029654836
33006,0.8048333333333333,4,5,4,583757,21853,88678,19278,0.2024250620623217,0.4686975760375386
33007,0.8048571428571428,1,0,1,583757,21853,88679,19277,0.2024250620623217,0.4686846584001945
33008,0.8049047619047616,1,0,1,583757,21853,88680,19276,0.2024250620623217,0.46867174013469814
33009,0.8049545454545455,1,1,1,583758,21852,88681,19275,0.20241579902923412,0.468670216645999
33010,0.8049999999999998,1,3,1,583761,21849,88682,19274,0.20238800992997147,0.4686914865160616
33011,0.805,193,262,193,584023,21587,88875,19081,0.19996109526103228,0.4691895347693518
33012,0.8050000000000002,2,3,2,584026,21584,88877,19079,0.1999333061617696,0.4691980424464501
33013,0.805047619047619,1,0,1,584026,21584,88878,19078,0.1999333061617696,0.4691849884412965
33014,0.8050714285714285,0,1,0,584027,21583,88878,19078,0.19992404312868206,0.4691965273849635
33015,0.8051547619047618,0,2,0,584029,21581,88878,19078,0.19990551706250695,0.46921960697508547
33016,0.8051666666666667,1,1,1,584030,21580,88879,19077,0.1998962540294194,0.4692180928253437
33017,0.8051847041847043,0,1,0,584031,21579,88879,19077,0.19988699099633184,0.4692296340023613
33018,0.8052142857142858,1,0,1,584031,21579,88880,19076,0.19988699099633184,0.4692165785266265
33019,0.8053214285714286,0,2,0,584033,21577,88880,19076,0.19986846493015673,0.4692396625095319
33020,0.8053333333333331,1,1,1,584034,21576,88881,19075,0.19985920189706918,0.4692381491230228
33021,0.8053333333333333,0,2,0,584036,21574,88881,19075,0.19984067583089407,0.46926123643878076
33022,0.8053333333333335,3,2,3,584038,21572,88884,19072,0.19982214976471896,0.46924515303611847
33023,0.8053571428571428,0,1,0,584039,21571,88884,19072,0.19981288673163142,0.4692566985704795
33024,0.805403318903319,0,2,0,584041,21569,88884,19072,0.1997943606654563,0.46927979134371695
33025,0.805404761904762,0,2,0,584043,21567,88884,19072,0.1997758345992812,0.469302886389921
33026,0.8054523809523809,0,1,0,584044,21566,88884,19072,0.19976657156619362,0.46931443476549045
33027,0.8054761904761903,0,1,0,584045,21565,88884,19072,0.19975730853310608,0.46932598370942735
33028,0.8055,2,5,2,584050,21560,88886,19070,0.19971099336766832,0.4693576175239971
33029,0.8055000000000001,0,1,0,584051,21559,88886,19070,0.19970173033458075,0.46936916980481924
33030,0.8055833333333333,1,0,1,584051,21559,88887,19069,0.19970173033458075,0.46935610908732894
33031,0.8056428571428572,0,1,0,584052,21558,88887,19069,0.1996924673014932,0.46936766189972184
33032,0.8056666666666665,1,1,1,584053,21557,88888,19068,0.19968320426840563,0.4693661538461538
33033,0.8056666666666666,2,6,2,584059,21551,88890,19066,0.19962762606988033,0.4694093606125514
33034,0.8056666666666668,0,2,0,584061,21549,88890,19066,0.19960910000370521,0.4694324756863228
33035,0.8057142857142856,1,0,1,584061,21549,88891,19065,0.19960910000370521,0.46941941202540993
33036,0.8057142857142857,1,0,1,584061,21549,88892,19064,0.19960910000370521,0.469406347721173
33037,0.8057247474747475,0,1,0,584062,21548,88892,19064,0.19959983697061767,0.46941790603762434
33038,0.8057499999999997,1,2,1,584064,21546,88893,19063,0.19958131090444256,0.4694279593193627
33039,0.8057500000000001,1,0,1,584064,21546,88894,19062,0.19958131090444256,0.46941489361702127
33040,0.8057658730158727,1,1,1,584065,21545,88895,19061,0.199572047871355,0.46941338718416
33041,0.8057738095238095,0,2,0,584067,21543,88895,19061,0.19955352180517988,0.46943650871835285
33042,0.8058333333333332,1,0,1,584067,21543,88896,19060,0.19955352180517988,0.46942344161761446
33043,0.8058333333333333,6,16,6,584083,21527,88902,19054,0.199405313275779,0.4695300756511668
33044,0.8058333333333334,12,13,12,584096,21514,88914,19042,0.19928489384564083,0.46952362165894074
33045,0.8058611111111113,0,1,0,584097,21513,88914,19042,0.19927563081255326,0.4695351991123166
33046,0.8058849206349205,0,1,0,584098,21512,88914,19042,0.19926636777946571,0.4695467771366573
33047,0.8059285714285714,0,1,0,584099,21511,88914,19042,0.19925710474637814,0.46955835573200505
33048,0.8059592352092353,1,1,1,584100,21510,88915,19041,0.1992478417132906,0.46955685433158245
33049,0.8059848484848484,0,1,0,584101,21509,88915,19041,0.19923857868020303,0.46956843403205917
33050,0.8059999999999998,0,1,0,584102,21508,88915,19041,0.1992293156471155,0.46958001430368196
33051,0.8059999999999999,17,30,17,584132,21478,88932,19024,0.19895142465448887,0.46970519974322256
33052,0.8060476190476189,0,1,0,584133,21477,88932,19024,0.1989421616214013,0.4697167971161206
33053,0.8060725663225665,0,3,0,584136,21474,88932,19024,0.19891437252213864,0.469751592671243
33054,0.806095238095238,0,2,0,584138,21472,88932,19024,0.19889584645596353,0.46977479257210586
33055,0.8060952380952381,0,1,0,584139,21471,88932,19024,0.198886583422876,0.469786393381899
33056,0.8061439810189809,4,2,4,584141,21469,88936,19020,0.19886805735670088,0.46975721800982984
33057,0.8061666666666666,0,4,0,584145,21465,88936,19020,0.19883100522435065,0.46980363097443495
33058,0.8061666666666667,1,1,1,584146,21464,88937,19019,0.1988217421912631,0.46980213916952795
33059,0.8061904761904762,1,1,1,584147,21463,88938,19018,0.19881247915817554,0.46980064721721304
33060,0.8061904761904763,1,0,1,584147,21463,88939,19017,0.19881247915817554,0.46978754940711465
33061,0.80625,1,3,1,584150,21460,88940,19016,0.1987846900589129,0.4698092696906809
33062,0.8062857142857142,0,1,0,584151,21459,88940,19016,0.19877542702582535,0.4698208770846201
33063,0.8063333333333332,5,3,5,584154,21456,88945,19011,0.19874763792656266,0.46979019942175104
33064,0.8063333333333333,1,5,1,584159,21451,88946,19010,0.1987013227611249,0.4698351498974321
33065,0.8063571428571429,0,1,0,584160,21450,88946,19010,0.19869205972803736,0.4698467622343055
33066,0.8064285714285714,0,2,0,584162,21448,88946,19010,0.19867353366186224,0.46986998863018437
33067,0.8064999999999999,1,1,1,584163,21447,88947,19009,0.19866427062877468,0.46986849911014433
33068,0.8065000000000001,3,9,3,584172,21438,88950,19006,0.19858090333098669,0.46993373553555534
33069,0.8065238095238095,0,1,0,584173,21437,88950,19006,0.19857164029789914,0.46994535519125685
33070,0.8065952380952381,0,1,0,584174,21436,88950,19006,0.1985623772648116,0.4699569754215914
33071,0.8066507936507935,0,2,0,584176,21434,88950,19006,0.1985438511986365,0.46998021760633035
33072,0.8066666666666665,51,76,51,584252,21358,89001,18955,0.19783986068398238,0.47019571850271624
33073,0.8066666666666668,60,66,60,584318,21292,89061,18895,0.1972285005002038,0.4701769228855102
33074,0.8066666666666669,1,1,1,584319,21291,89062,18894,0.19721923746711623,0.47017543859649125
33075,0.8067142857142856,0,1,0,584320,21290,89062,18894,0.19720997443402868,0.4701871391598646
33076,0.8067222222222223,1,0,1,584320,21290,89063,18893,0.19720997443402868,0.4701739541597193
33077,0.8067380952380953,1,0,1,584320,21290,89064,18892,0.19720997443402868,0.47016076850330996
33078,0.80675,0,1,0,584321,21289,89064,18892,0.19720071140094111,0.47017246957517234
33079,0.8068333333333334,1,4,1,584325,21285,89065,18891,0.19716365926859092,0.47020609318996415
33080,0.8068333333333335,2,0,2,584325,21285,89067,18889,0.19716365926859092,0.47017971822571814
33081,0.8069047619047618,0,2,0,584327,21283,89067,18889,0.1971451332024158,0.47020312655581004
33082,0.8069761904761905,0,2,0,584329,21281,89067,18889,0.1971266071362407,0.4702265372168285
33083,0.807,6,10,6,584339,21271,89073,18883,0.19703397680536514,0.4702644817452807
33084,0.807142857142857,1,0,1,584339,21271,89074,18882,0.19703397680536514,0.4702512888202625
33085,0.8071428571428573,1,2,1,584341,21269,89075,18881,0.19701545073919005,0.47026151930261517
33086,0.8071547619047621,1,0,1,584341,21269,89076,18880,0.19701545073919005,0.47024832498941443
33087,0.8071666666666667,1,5,1,584346,21264,89077,18879,0.19696913557375226,0.4702937000224198
33088,0.8072777777777776,2,0,2,584346,21264,89079,18877,0.19696913557375226,0.47026730774021575
33089,0.8073333333333332,0,1,0,584347,21263,89079,18877,0.19695987254066472,0.47027902341803685
33090,0.8073333333333333,4,6,4,584353,21257,89083,18873,0.19690429434213938,0.4702965362571642
33091,0.8073333333333335,0,1,0,584354,21256,89083,18873,0.19689503130905184,0.47030825587480374
33092,0.8073809523809524,2,1,2,584355,21255,89085,18871,0.19688576827596427,0.4702935752380003
33093,0.8073968253968253,0,2,0,584357,21253,89085,18871,0.19686724220978918,0.47031701724653574
33094,0.8074166666666669,0,3,0,584360,21250,89085,18871,0.1968394531105265,0.47035218464145956
33095,0.8074404761904762,0,1,0,584361,21249,89085,18871,0.19683019007743896,0.4703639082751745
33096,0.8074999999999999,0,4,0,584365,21245,89085,18871,0.19679313794508874,0.4704108086549008
33097,0.8075,42,71,42,584436,21174,89127,18829,0.1961354625958724,0.4706896982726296
33098,0.8075000000000001,1,3,1,584439,21171,89128,18828,0.19610767349660974,0.4707117677941949
33099,0.8076190476190476,2,0,2,584439,21171,89130,18826,0.19610767349660974,0.47068530139760484
33100,0.8076190476190477,0,1,0,584440,21170,89130,18826,0.19609841046352217,0.47069706970697067
33101,0.8076587301587302,0,1,0,584441,21169,89130,18826,0.19608914743043462,0.4707088386048256
33102,0.8076666666666665,1,1,1,584442,21168,89131,18825,0.19607988439734705,0.47070737379041333
33103,0.8076666666666666,7,10,7,584452,21158,89138,18818,0.19598725406647152,0.4707324394636782
33104,0.8077251082251081,0,2,0,584454,21156,89138,18818,0.1959687280002964,0.4707559913944064
33105,0.8077380952380951,0,1,0,584455,21155,89138,18818,0.19595946496720887,0.4707677682435644
33106,0.8077698412698409,0,2,0,584457,21153,89138,18818,0.19594093890103376,0.4707913237096895
33107,0.8077777777777777,0,2,0,584459,21151,89138,18818,0.19592241283485864,0.47081488153318823
33108,0.8077857142857144,0,1,0,584460,21150,89138,18818,0.1959131498017711,0.47082666132906326
33109,0.8078333333333334,0,3,0,584463,21147,89138,18818,0.19588536070250842,0.470862004253722
33110,0.8078571428571428,0,2,0,584465,21145,89138,18818,0.1958668346363333,0.4708855691514651
33111,0.8078571428571429,0,1,0,584466,21144,89138,18818,0.19585757160324577,0.47089735248486064
33112,0.8079047619047618,1,0,1,584466,21144,89139,18817,0.19585757160324577,0.470884112009209
33113,0.8079090909090909,0,1,0,584467,21143,89139,18817,0.19584830857015822,0.4708958958958959
33114,0.8079166666666667,0,1,0,584468,21142,89139,18817,0.19583904553707066,0.4709076803723817
33115,0.8079523809523809,0,1,0,584469,21141,89139,18817,0.1958297825039831,0.47091946543871066
33116,0.8079642857142858,0,1,0,584470,21140,89139,18817,0.19582051947089554,0.47093125109492706
33117,0.8079999999999998,0,1,0,584471,21139,89139,18817,0.195811256437808,0.4709430373410752
33118,0.8079999999999999,11,16,11,584487,21123,89150,18806,0.19566304790840713,0.4709860001502667
33119,0.8080676268176264,3,4,3,584491,21119,89153,18803,0.1956259957760569,0.47099343720254494
33120,0.8080833333333333,1,2,1,584493,21117,89154,18802,0.1956074697098818,0.4710037826598863
33121,0.8080833333333334,0,1,0,584494,21116,89154,18802,0.19559820667679426,0.4710155819429831
33122,0.8081666666666665,1,0,1,584494,21116,89155,18801,0.19559820667679426,0.4710023298344064
33123,0.8081666666666666,2,1,2,584495,21115,89157,18799,0.1955889436437067,0.4709876233902891
33124,0.8081666666666668,0,1,0,584496,21114,89157,18799,0.19557968061061914,0.47099942374664894
33125,0.8081785714285715,1,0,1,584496,21114,89158,18798,0.19557968061061914,0.4709861695730607
33126,0.8081904761904761,3,2,3,584498,21112,89161,18795,0.19556115454444403,0.4709700052622347
33127,0.8082142857142857,1,0,1,584498,21112,89162,18794,0.19556115454444403,0.4709567483586428
33128,0.8083333333333332,23,36,23,584534,21076,89185,18771,0.19522768535329207,0.47107686902401685
33129,0.8083333333333335,17,32,17,584566,21044,89202,18754,0.19493126829449034,0.4712297100356802
33130,0.8083452380952382,1,0,1,584566,21044,89203,18753,0.19493126829449034,0.4712164233484936
33131,0.8083809523809523,1,0,1,584566,21044,89204,18752,0.19493126829449034,0.47120313599356717
33132,0.808404761904762,0,1,0,584567,21043,89204,18752,0.1949220052614028,0.47121497675587387
33133,0.808452380952381,0,1,0,584568,21042,89204,18752,0.19491274222831523,0.47122681811328343
33134,0.8084523809523811,1,0,1,584568,21042,89205,18751,0.19491274222831523,0.47121353001784233
33135,0.8085,1,6,1,584574,21036,89206,18750,0.19485716402978992,0.47127130146282614
33136,0.8085396825396824,0,2,0,584576,21034,89206,18750,0.1948386379636148,0.4712949929619948
33137,0.8085714285714286,0,2,0,584578,21032,89206,18750,0.1948201118974397,0.471318686843296
33138,0.8086666666666666,4,2,4,584580,21030,89210,18746,0.19480158583126458,0.4712892196299276
33139,0.8086666666666668,1,3,1,584583,21027,89211,18745,0.19477379673200193,0.4713114754098361
33140,0.80875,1,1,1,584584,21026,89212,18744,0.19476453369891436,0.47131003268795574
33141,0.8087554112554113,1,0,1,584584,21026,89213,18743,0.19476453369891436,0.47129673866579497
33142,0.8088333333333333,0,3,0,584587,21023,89213,18743,0.1947367445996517,0.47133229391942866
33143,0.8088333333333334,2,2,2,584589,21021,89215,18741,0.1947182185334766,0.4713294099894372
33144,0.8088571428571427,1,0,1,584589,21021,89216,18740,0.1947182185334766,0.4713161137798345
33145,0.8088888888888889,1,0,1,584589,21021,89217,18739,0.1947182185334766,0.47130281690140846
33146,0.8089285714285714,0,2,0,584591,21019,89217,18739,0.19469969246730148,0.47132652547914883
33147,0.808952380952381,0,3,0,584594,21016,89217,18739,0.19467190336803883,0.4713620928185134
33148,0.8089761904761906,0,1,0,584595,21015,89217,18739,0.1946626403349513,0.471373949791216
33149,0.8089999999999999,0,2,0,584597,21013,89217,18739,0.19464411426877617,0.47139766552626283
33150,0.809,2,9,2,584606,21004,89219,18737,0.19456074697098819,0.47147781887723006
33151,0.809047619047619,0,2,0,584608,21002,89219,18737,0.19454222090481307,0.47150154759807744
33152,0.8090992063492064,0,1,0,584609,21001,89219,18737,0.19453295787172553,0.47151341285419496
33153,0.8091507936507937,1,1,1,584610,21000,89220,18736,0.19452369483863796,0.4715119790618079
33154,0.8091666666666666,3,5,3,584615,20995,89223,18733,0.1944773796732002,0.47153141361256545
33155,0.8091666666666667,7,9,7,584624,20986,89230,18726,0.1943940123754122,0.4715451248992748
33156,0.8092261904761906,0,2,0,584626,20984,89230,18726,0.1943754863092371,0.47156887433895744
33157,0.8092619047619044,0,1,0,584627,20983,89230,18726,0.19436622327614955,0.4715807499559294
33158,0.8092777777777778,1,1,1,584628,20982,89231,18725,0.19435696024306198,0.4715793185080716
33159,0.8092857142857142,0,1,0,584629,20981,89231,18725,0.19434769720997444,0.4715911952853473
33160,0.8092857142857143,1,0,1,584629,20981,89232,18724,0.19434769720997444,0.47157788691600555
33161,0.8093058245074498,2,1,2,584630,20980,89234,18722,0.19433843417688687,0.47156314543347944
33162,0.8093333333333332,0,2,0,584632,20978,89234,18722,0.19431990811071176,0.4715869017632242
33163,0.8093333333333333,4,10,4,584642,20968,89238,18718,0.19422727777983623,0.4716524719044499
33164,0.8093571428571429,0,1,0,584643,20967,89238,18718,0.19421801474674869,0.4716643568098778
33165,0.8093571428571431,1,0,1,584643,20967,89239,18717,0.19421801474674869,0.4716510432416087
33166,0.8093834776334776,1,0,1,584643,20967,89240,18716,0.19421801474674869,0.4716377290023436
33167,0.8094166666666665,0,1,0,584644,20966,89240,18716,0.19420875171366112,0.47164961443475634
33168,0.8094444444444444,0,1,0,584645,20965,89240,18716,0.19419948868057357,0.4716615004662181
33169,0.8094686147186149,0,2,0,584647,20963,89240,18716,0.19418096261439846,0.4716852743264699
33170,0.8094999999999999,1,0,1,584647,20963,89241,18715,0.19418096261439846,0.47167195927214073
33171,0.8095,2,3,2,584650,20960,89243,18713,0.1941531735151358,0.47168099211050335
33172,0.8096428571428572,0,1,0,584651,20959,89243,18713,0.19414391048204824,0.47169288162936074
33173,0.8096626984126983,0,1,0,584652,20958,89243,18713,0.1941346474489607,0.4717047717476242
33174,0.8096666666666666,5,6,5,584658,20952,89248,18708,0.19407906925043536,0.47170953101361573
33175,0.8096785714285715,0,2,0,584660,20950,89248,18708,0.19406054318426025,0.4717333198850169
33176,0.8096904761904762,1,0,1,584660,20950,89249,18707,0.19406054318426025,0.4717199989913508
33177,0.8097142857142856,0,1,0,584661,20949,89249,18707,0.1940512801511727,0.47173189429090173
33178,0.8097142857142857,0,1,0,584662,20948,89249,18707,0.19404201711808514,0.47174379019039214
33179,0.809738095238095,1,0,1,584662,20948,89250,18706,0.19404201711808514,0.4717304685529833
33180,0.80975,0,2,0,584664,20946,89250,18706,0.19402349105191002,0.47175426208009685
33181,0.8097738095238094,0,1,0,584665,20945,89250,18706,0.19401422801882248,0.47176615974376435
33182,0.8098055555555556,0,1,0,584666,20944,89250,18706,0.19400496498573494,0.4717780580075662
33183,0.8098333333333332,2,2,2,584668,20942,89252,18704,0.19398643891955983,0.4717752106139333
33184,0.8098333333333333,1,2,1,584670,20940,89253,18703,0.19396791285338472,0.47178568725878467
33185,0.8098809523809524,0,1,0,584671,20939,89253,18703,0.19395864982029715,0.47179758841632613
33186,0.8099880952380952,0,1,0,584672,20938,89253,18703,0.1939493867872096,0.47180949017431445
33187,0.8099999999999998,3,6,3,584678,20932,89256,18700,0.19389380858868427,0.47184093661687526
33188,0.81,779,956,779,585634,19976,90035,17921,0.18503834895698248,0.47288703591313297
33189,0.8100000000000002,3,4,3,585638,19972,90038,17918,0.18500129682463226,0.47289522301398784
33190,0.8100079365079366,0,1,0,585639,19971,90038,17918,0.1849920337915447,0.4729077040829792
33191,0.8100158730158731,0,1,0,585640,19970,90038,17918,0.18498277075845715,0.4729201858108108
33192,0.8100833333333334,1,0,1,585640,19970,90039,17917,0.18498277075845715,0.47290627391981416
33193,0.8101212121212122,0,1,0,585641,19969,90039,17917,0.1849735077253696,0.4729187562688064
33194,0.8101666666666665,0,3,0,585644,19966,90039,17917,0.18494571862610693,0.4729562072697516
33195,0.8101666666666667,0,3,0,585647,19963,90039,17917,0.18491792952684427,0.4729936642027455
33196,0.8101666666666668,0,1,0,585648,19962,90039,17917,0.18490866649375673,0.47300615116555345
33197,0.8102380952380952,0,1,0,585649,19961,90039,17917,0.18489940346066916,0.4730186387876868
33198,0.8102380952380953,0,1,0,585650,19960,90039,17917,0.18489014042758162,0.47303112706919764
33199,0.8102777777777778,1,0,1,585650,19960,90040,17916,0.18489014042758162,0.47301721406695535
33200,0.8102857142857143,1,0,1,585650,19960,90041,17915,0.18489014042758162,0.473003300330033
33201,0.8103333333333331,0,1,0,585651,19959,90041,17915,0.18488087739449405,0.4730157891957543
33202,0.8103333333333333,2,8,2,585659,19951,90043,17913,0.18480677312979363,0.47308789351362773
33203,0.8103333333333335,2,2,2,585661,19949,90045,17911,0.18478824706361852,0.4730850501848917
33204,0.8104166666666667,1,0,1,585661,19949,90046,17910,0.18478824706361852,0.4730711323595446
33205,0.8104689754689756,0,4,0,585665,19945,90046,17910,0.1847511949312683,0.4731211200633998
33206,0.8104761904761905,0,1,0,585666,19944,90046,17910,0.18474193189818075,0.47313361864003806
33207,0.8105,0,7,0,585673,19937,90046,17910,0.18467709066656787,0.473221127169921
33208,0.8105238095238095,0,1,0,585674,19936,90046,17910,0.1846678276334803,0.47323363103102045
33209,0.8106666666666665,1,0,1,585674,19936,90047,17909,0.1846678276334803,0.47321971198308893
33210,0.8106666666666666,0,10,0,585684,19926,90047,17909,0.18457519730260477,0.4733447865732787
33211,0.8106666666666668,2,1,2,585685,19925,90049,17907,0.1845659342695172,0.473329456544724
33212,0.8107142857142857,1,2,1,585687,19923,90050,17906,0.1845474082033421,0.47334055883052684
33213,0.8107420634920637,0,1,0,585688,19922,90050,17906,0.18453814517025455,0.47335307179866765
33214,0.8107976190476189,0,2,0,585690,19920,90050,17906,0.18451961910407944,0.47337809971976946
33215,0.8108333333333333,4,11,4,585701,19909,90054,17902,0.18441772574011633,0.47346010420248075
33216,0.8108333333333334,7,10,7,585711,19899,90061,17895,0.1843250954092408,0.4734878552151135
33217,0.8108412698412698,0,1,0,585712,19898,90061,17895,0.18431583237615326,0.4735003836689334
33218,0.8108571428571429,0,1,0,585713,19897,90061,17895,0.1843065693430657,0.4735129127857748
33219,0.8108824041885184,0,2,0,585715,19895,90061,17895,0.18428804327689058,0.47353797300873246
33220,0.8108928571428567,0,1,0,585716,19894,90061,17895,0.18427878024380304,0.4735505041149541
33221,0.8109206349206346,0,1,0,585717,19893,90061,17895,0.18426951721071547,0.47356303588440773
33222,0.810952380952381,1,0,1,585717,19893,90062,17894,0.18426951721071547,0.47354910418927143
33223,0.8109545454545455,0,2,0,585719,19891,90062,17894,0.18425099114454035,0.47357416964403865
33224,0.8109999999999998,0,1,0,585720,19890,90062,17894,0.1842417281114528,0.4735867033665043
33225,0.8109999999999999,8,11,8,585731,19879,90070,17886,0.1841398347474897,0.4736131338540977
33226,0.811,0,4,0,585735,19875,90070,17886,0.1841027826151395,0.4736633034082784
33227,0.8110714285714284,0,2,0,585737,19873,90070,17886,0.1840842565489644,0.47368839217140285
33228,0.8111666666666667,0,2,0,585739,19871,90070,17886,0.1840657304827893,0.4737134835924464
33229,0.8112380952380951,0,1,0,585740,19870,90070,17886,0.18405646744970172,0.4737260302998199
33230,0.81125,0,1,0,585741,19869,90070,17886,0.18404720441661418,0.47373857767183153
33231,0.8112976190476189,1,0,1,585741,19869,90071,17885,0.18404720441661418,0.47372463844890605
33232,0.8112976190476191,0,2,0,585743,19867,90071,17885,0.18402867835043907,0.4737497351133715
33233,0.8113333333333332,1,6,1,585749,19861,90072,17884,0.18397310015191373,0.47381110080805405
33234,0.8113333333333334,2,2,2,585751,19859,90074,17882,0.18395457408573865,0.47380832516361515
33235,0.811345238095238,1,2,1,585753,19857,90075,17881,0.18393604801956354,0.47381949228893955
33236,0.8113571428571429,0,2,0,585755,19855,90075,17881,0.18391752195338842,0.4738446046215815
33237,0.8113809523809523,0,1,0,585756,19854,90075,17881,0.18390825892030085,0.4738571617861402
33238,0.8114285714285714,0,2,0,585758,19852,90075,17881,0.18388973285412574,0.47388227811199746
33239,0.8114545454545454,1,0,1,585758,19852,90076,17880,0.18388973285412574,0.47386833457012617
33240,0.8114999999999999,2,1,2,585759,19851,90078,17878,0.1838804698210382,0.47385300432028415
33241,0.8115000000000001,1,3,1,585762,19848,90079,17877,0.18385268072177555,0.47387673956262427
33242,0.8115238095238095,0,1,0,585763,19847,90079,17877,0.18384341768868798,0.47388930124058953
33243,0.811547619047619,0,3,0,585766,19844,90079,17877,0.18381562858942532,0.47392699027067153
33244,0.8116309523809525,0,2,0,585768,19842,90079,17877,0.1837971025232502,0.473952119621411
33245,0.8116428571428571,2,0,2,585768,19842,90081,17875,0.1837971025232502,0.4739242251504627
33246,0.8116666666666665,14,38,14,585806,19804,90095,17861,0.18344510726592314,0.47420682331076597
33247,0.8116666666666668,17,34,17,585840,19770,90112,17844,0.18313016414094632,0.47439783059499124
33248,0.8116666666666669,1,0,1,585840,19770,90113,17843,0.18313016414094632,0.4743838566453088
33249,0.8117142857142856,0,1,0,585841,19769,90113,17843,0.18312090110785875,0.4743964692119536
33250,0.8117142857142858,1,0,1,585841,19769,90114,17842,0.18312090110785875,0.474382494482997
33251,0.8117380952380953,0,1,0,585842,19768,90114,17842,0.1831116380747712,0.47439510768412657
33252,0.8117738095238094,0,1,0,585843,19767,90114,17842,0.18310237504168364,0.4744077215560105
33253,0.8117777777777778,0,2,0,585845,19765,90114,17842,0.18308384897550853,0.4744329513122557
33254,0.8118025030525031,0,3,0,585848,19762,90114,17842,0.18305605987624587,0.4744708009786193
33255,0.8118333333333332,1,4,1,585852,19758,90115,17841,0.18301900774389565,0.47450730072608316
33256,0.8118333333333334,2,4,2,585856,19754,90117,17839,0.18298195561154545,0.47452983268161625
33257,0.8118333333333335,0,1,0,585857,19753,90117,17839,0.18297269257845789,0.47454245584166843
33258,0.8118571428571429,0,1,0,585858,19752,90117,17839,0.18296342954537034,0.47455507967332605
33259,0.8119166666666667,0,2,0,585860,19750,90117,17839,0.18294490347919523,0.47458032935167205
33260,0.8119999999999998,2,1,2,585861,19749,90119,17837,0.18293564044610766,0.4745649976054914
33261,0.812,5,18,5,585879,19731,90124,17832,0.1827689058505317,0.47472246625668874
33262,0.8120238095238096,1,2,1,585881,19729,90125,17831,0.1827503797843566,0.4747337593184239
33263,0.8120357142857141,0,1,0,585882,19728,90125,17831,0.18274111675126903,0.47474639899890836
33264,0.812089133089133,0,1,0,585883,19727,90125,17831,0.1827318537181815,0.47475903935246816
33265,0.812142857142857,0,1,0,585884,19726,90125,17831,0.18272259068509392,0.474771680379157
33266,0.8121428571428573,0,1,0,585885,19725,90125,17831,0.18271332765200637,0.47478432207902865
33267,0.8121666666666666,2,3,2,585888,19722,90127,17829,0.18268553855274372,0.4747942797794999
33268,0.8121666666666667,0,1,0,585889,19721,90127,17829,0.18267627551965615,0.4748069241011984
33269,0.8122619047619049,1,0,1,585889,19721,90128,17828,0.18267627551965615,0.4747929372286879
33270,0.8122727272727274,0,1,0,585890,19720,90128,17828,0.1826670124865686,0.4748055821881325
33271,0.8123333333333332,1,0,1,585890,19720,90129,17827,0.1826670124865686,0.47479159453484965
33272,0.8123333333333334,0,2,0,585892,19718,90129,17827,0.1826484864203935,0.4748168864029831
33273,0.8123333333333335,0,1,0,585893,19717,90129,17827,0.18263922338730593,0.4748295333475389
33274,0.8123809523809524,0,4,0,585897,19713,90129,17827,0.18260217125495573,0.47488012786361217
33275,0.8124126984126983,2,0,2,585897,19713,90131,17825,0.18260217125495573,0.4748521498215142
33276,0.8124761904761904,1,0,1,585897,19713,90132,17824,0.18260217125495573,0.47483815968244664
33277,0.8124880952380952,0,1,0,585898,19712,90132,17824,0.18259290822186816,0.47485080988917305
33278,0.8124999999999999,1,6,1,585904,19706,90133,17823,0.18253733002334285,0.4749127341522556
33279,0.8125,52,76,52,585980,19630,90185,17771,0.1818333395086887,0.4751477233229058
33280,0.8125000000000001,0,1,0,585981,19629,90185,17771,0.18182407647560117,0.47516042780748663
33281,0.8125357142857144,0,1,0,585982,19628,90185,17771,0.18181481344251363,0.47517313297146985
33282,0.812579365079365,1,0,1,585982,19628,90186,17770,0.18181481344251363,0.4751590994170811
33283,0.8125833333333334,0,1,0,585983,19627,90186,17770,0.18180555040942606,0.47517180522501806
33284,0.8126031746031745,1,0,1,585983,19627,90187,17769,0.18180555040942606,0.4751577708845866
33285,0.8126190476190476,0,1,0,585984,19626,90187,17769,0.18179628737633852,0.47517047733654233
33286,0.8126309523809523,1,0,1,585984,19626,90188,17768,0.18179628737633852,0.4751564422099802
33287,0.8126666666666665,0,3,0,585987,19623,90188,17768,0.18176849827707584,0.47519456553716133
33288,0.8126666666666666,2,6,2,585993,19617,90190,17766,0.18171292007855053,0.4752427574030977
33289,0.8126666666666668,1,4,1,585997,19613,90191,17765,0.1816758679462003,0.4752795762213067
33290,0.8126904761904763,0,2,0,585999,19611,90191,17765,0.1816573418800252,0.4753050085616438
33291,0.8127142857142858,0,1,0,586000,19610,90191,17765,0.18164807884693765,0.47531772575250836
33292,0.8127271062271063,0,1,0,586001,19609,90191,17765,0.18163881581385008,0.4753304436239097
33293,0.8127857142857142,1,1,1,586002,19608,90192,17764,0.18162955278076254,0.47532912340789896
33294,0.8127976190476189,1,0,1,586002,19608,90193,17763,0.18162955278076254,0.4753150838885767
33295,0.8128333333333333,2,3,2,586005,19605,90195,17761,0.18160176368149988,0.4753251619118985
33296,0.8128571428571427,0,3,0,586008,19602,90195,17761,0.1815739745822372,0.4753633273559404
33297,0.812857142857143,0,1,0,586009,19601,90195,17761,0.18156471154914966,0.4753760505326267
33298,0.8129047619047618,1,0,1,586009,19601,90196,17760,0.18156471154914966,0.47536200851154947
33299,0.812904761904762,1,0,1,586009,19601,90197,17759,0.18156471154914966,0.47534796573875804
33300,0.8129166666666666,1,0,1,586009,19601,90198,17758,0.18156471154914966,0.475333922214192
33301,0.8129285714285714,0,1,0,586010,19600,90198,17758,0.1815554485160621,0.47534664596605813
33302,0.812940476190476,0,3,0,586013,19597,90198,17758,0.18152765941679944,0.4753848213090617
33303,0.8129430014430011,1,2,1,586015,19595,90199,17757,0.18150913335062432,0.4753962304562005
33304,0.8129761904761905,2,1,2,586016,19594,90201,17755,0.18149987031753678,0.475380866957616
33305,0.813,4,7,4,586023,19587,90205,17751,0.1814350290859239,0.475413787562269
33306,0.8130000000000002,0,2,0,586025,19585,90205,17751,0.1814165030197488,0.47543925433897577
33307,0.8130476190476189,0,1,0,586026,19584,90205,17751,0.18140723998666122,0.4754519887505022
33308,0.8130551948051946,0,2,0,586028,19582,90205,17751,0.1813887139204861,0.4754774596201752
33309,0.8130555555555555,1,0,1,586028,19582,90206,17750,0.1813887139204861,0.47546340940747883
33310,0.8130714285714287,0,2,0,586030,19580,90206,17750,0.18137018785431103,0.4754888829359764
33311,0.8130833333333333,0,1,0,586031,19579,90206,17750,0.18136092482122346,0.475501620723834
33312,0.8131031746031746,0,2,0,586033,19577,90206,17750,0.18134239875504835,0.475527098347041
33313,0.8131428571428572,1,1,1,586034,19576,90207,17749,0.1813331357219608,0.47552578700602816
33314,0.8131666666666665,0,1,0,586035,19575,90207,17749,0.18132387268887323,0.4755385274890151
33315,0.8131666666666666,0,5,0,586040,19570,90207,17749,0.18127755752343547,0.47560224014577024
33316,0.8132142857142857,0,1,0,586041,19569,90207,17749,0.18126829449034793,0.47561498472586955
33317,0.8132222222222222,0,1,0,586042,19568,90207,17749,0.18125903145726036,0.47562772998901304
33318,0.8132857142857144,0,1,0,586043,19567,90207,17749,0.1812497684241728,0.47564047593525566
33319,0.8133333333333332,42,55,42,586098,19512,90249,17707,0.18074030160435733,0.4757516322308498
33320,0.8133333333333335,37,69,37,586167,19443,90286,17670,0.1801011523213161,0.4761134912294883
33321,0.8134166666666668,0,1,0,586168,19442,90286,17670,0.18009188928822853,0.47612632032765684
33322,0.813452380952381,0,1,0,586169,19441,90286,17670,0.180082626255141,0.4761391501172159
33323,0.8134999999999999,1,5,1,586174,19436,90287,17669,0.18003631108970322,0.47618919283115485
33324,0.8135000000000001,0,1,0,586175,19435,90287,17669,0.18002704805661565,0.4762020267356619
33325,0.8135000000000002,0,1,0,586176,19434,90287,17669,0.1800177850235281,0.4762148613319678
33326,0.8135238095238095,0,1,0,586177,19433,90287,17669,0.18000852199044054,0.4762276966201283
33327,0.8135476190476192,1,0,1,586177,19433,90288,17668,0.18000852199044054,0.47621357914881
33328,0.8135714285714286,0,1,0,586178,19432,90288,17668,0.179999258957353,0.4762264150943396
33329,0.8135833333333334,1,0,1,586178,19432,90289,17667,0.179999258957353,0.47621229682740773
33330,0.8136666666666666,2,6,2,586184,19426,90291,17665,0.17994368075882766,0.47626108759537356
33331,0.8136666666666668,2,5,2,586189,19421,90293,17663,0.1798973655933899,0.4762970553338367
33332,0.8137063492063491,0,1,0,586190,19420,90293,17663,0.17988810256030235,0.4763098994148262
33333,0.8137139249639246,1,1,1,586191,19419,90294,17662,0.17987883952721478,0.47630862166608234
33334,0.8137142857142858,1,1,1,586192,19418,90295,17661,0.17986957649412724,0.47630734377949785
33335,0.8137738095238095,0,1,0,586193,19417,90295,17661,0.17986031346103967,0.4763201898700038
33336,0.8138095238095238,0,1,0,586194,19416,90295,17661,0.17985105042795213,0.47633303665345095
33337,0.813809523809524,1,0,1,586194,19416,90296,17660,0.17985105042795213,0.47631891250404573
33338,0.8138333333333333,1,1,1,586195,19415,90297,17659,0.17984178739486456,0.47631763500026975
33339,0.8138571428571431,0,1,0,586196,19414,90297,17659,0.17983252436177702,0.47633048310090903
33340,0.8139166666666665,1,0,1,586196,19414,90298,17658,0.17983252436177702,0.4763163573586534
33341,0.8139166666666668,0,1,0,586197,19413,90298,17658,0.17982326132868948,0.4763292061179898
33342,0.814,1,1,1,586198,19412,90299,17657,0.1798139982956019,0.47632792899727533
33343,0.8140000000000001,11,23,11,586221,19389,90310,17646,0.17960094853458816,0.4764682057513163
33344,0.814047619047619,2,0,2,586221,19389,90312,17644,0.17960094853458816,0.47643993195258283
33345,0.8141666666666666,9,14,9,586235,19375,90321,17635,0.1794712660713624,0.4764928397730343
33346,0.8141666666666667,4,10,4,586245,19365,90325,17631,0.17937863574048687,0.476565034057736
33347,0.8142261904761904,0,1,0,586246,19364,90325,17631,0.1793693727073993,0.47657791593458576
33348,0.8142307692307692,1,0,1,586246,19364,90326,17630,0.1793693727073993,0.47656376709736714
33349,0.8142698412698414,0,1,0,586247,19363,90326,17630,0.17936010967431176,0.4765766496364177
33350,0.8142857142857143,1,3,1,586250,19360,90327,17629,0.17933232057504908,0.4766011516937468
33351,0.8143333333333332,2,3,2,586253,19357,90329,17627,0.17930453147578643,0.47661150767899635
33352,0.8143333333333334,1,8,1,586261,19349,90330,17626,0.179230427211086,0.4767004732927654
33353,0.8143333333333335,0,1,0,586262,19348,90330,17626,0.17922116417799844,0.4767133661491859
33354,0.8144047619047619,0,1,0,586263,19347,90330,17626,0.1792119011449109,0.4767262597030265
33355,0.8144166666666667,0,1,0,586264,19346,90330,17626,0.17920263811182333,0.47673915395434385
33356,0.8144166666666668,1,0,1,586264,19346,90331,17625,0.17920263811182333,0.47672500067620566
33357,0.8144285714285715,1,0,1,586264,19346,90332,17624,0.17920263811182333,0.47671084663240465
33358,0.8144523809523809,1,0,1,586264,19346,90333,17623,0.17920263811182333,0.4766966918228786
33359,0.8144761904761906,0,1,0,586265,19345,90333,17623,0.17919337507873578,0.47670958666955204
33360,0.8144999999999999,0,1,0,586266,19344,90333,17623,0.17918411204564821,0.4767224822138664
33361,0.8145,2,7,2,586273,19337,90335,17621,0.17911927081403534,0.4767844580334434
33362,0.8145000000000002,1,1,1,586274,19336,90336,17620,0.1791100077809478,0.4767832016451997
33363,0.8145595238095238,0,1,0,586275,19335,90336,17620,0.17910074474786025,0.4767961033689623
33364,0.8145714285714285,1,0,1,586275,19335,90337,17619,0.17910074474786025,0.47678194512096117
33365,0.8146666666666665,0,1,0,586276,19334,90337,17619,0.17909148171477268,0.4767948475089979
33366,0.8146666666666667,3,6,3,586282,19328,90340,17616,0.17903590351624735,0.47682979644867907
33367,0.8147777777777779,0,1,0,586283,19327,90340,17616,0.1790266404831598,0.4768427036245026
33368,0.8148333333333332,0,1,0,586284,19326,90340,17616,0.17901737745007226,0.4768556114991067
33369,0.8148333333333333,0,4,0,586288,19322,90340,17616,0.17898032531772204,0.4769072499864638
33370,0.8148333333333335,0,1,0,586289,19321,90340,17616,0.17897106228463447,0.4769201613558221
33371,0.8148517316017317,0,1,0,586290,19320,90340,17616,0.17896179925154693,0.47693307342430147
33372,0.8148974358974358,0,1,0,586291,19319,90340,17616,0.17895253621845938,0.4769459861919588
33373,0.8149285714285713,0,1,0,586292,19318,90340,17616,0.17894327318537182,0.4769588996588509
33374,0.8149404761904764,0,1,0,586293,19317,90340,17616,0.17893401015228427,0.4769718138250345
33375,0.8149999999999998,0,5,0,586298,19312,90340,17616,0.17888769498684648,0.4770363951473137
33376,0.815,185,242,185,586540,19070,90525,17431,0.1766460409796584,0.4775485603134161
33377,0.8150000000000002,0,4,0,586544,19066,90525,17431,0.17660898884730816,0.4776008987040031
33378,0.8150238095238096,0,1,0,586545,19065,90525,17431,0.17659972581422062,0.4776139850942569
33379,0.8151190476190476,0,1,0,586546,19064,90525,17431,0.17659046278113305,0.47762707220167144
33380,0.8151428571428571,0,1,0,586547,19063,90525,17431,0.1765811997480455,0.4776401600263057
33381,0.8151666666666667,1,2,1,586549,19061,90526,17430,0.1765626736818704,0.47765202378668714
33382,0.8152380952380952,1,1,1,586550,19060,90527,17429,0.17655341064878283,0.4776507988708926
33383,0.8152777777777779,0,1,0,586551,19059,90527,17429,0.17654414761569528,0.4776638894979171
33384,0.8152976190476191,0,1,0,586552,19058,90527,17429,0.17653488458260774,0.4776769808424918
33385,0.8153095238095237,0,1,0,586553,19057,90527,17429,0.17652562154952017,0.47769007290467574
33386,0.8153333333333334,3,7,3,586560,19050,90530,17426,0.1764607803179073,0.47773878714771356
33387,0.8153333333333335,2,1,2,586561,19049,90532,17424,0.17645151728481975,0.4777232473336441
33388,0.8153809523809522,1,0,1,586561,19049,90533,17423,0.17645151728481975,0.47770892739635884
33389,0.815404761904762,2,0,2,586561,19049,90535,17421,0.17645151728481975,0.4776802851658898
33390,0.8154087301587302,0,3,0,586564,19046,90535,17421,0.17642372818555707,0.4777195820879151
33391,0.8154166666666666,1,0,1,586564,19046,90536,17420,0.17642372818555707,0.4777052596939615
33392,0.8154166666666667,0,2,0,586566,19044,90536,17420,0.17640520211938196,0.4777314611671786
33393,0.8154523809523809,0,1,0,586567,19043,90536,17420,0.17639593908629442,0.47774456298165263
33394,0.8154761904761904,1,3,1,586570,19040,90537,17419,0.17636814998703176,0.47776954935681176
33395,0.8154761904761905,0,2,0,586572,19038,90537,17419,0.17634962392085665,0.4777957593877719
33396,0.8154999999999998,0,3,0,586575,19035,90537,17419,0.17632183482159397,0.4778350798266308
33397,0.8155,0,3,0,586578,19032,90537,17419,0.17629404572233132,0.4778744067378124
33398,0.8155238095238093,1,0,1,586578,19032,90538,17418,0.17629404572233132,0.47786008230452676
33399,0.8156230158730158,0,3,0,586581,19029,90538,17418,0.17626625662306866,0.47789941558976046
33400,0.8156666666666665,0,1,0,586582,19028,90538,17418,0.1762569935899811,0.4779125281237996
33401,0.8156666666666667,0,5,0,586587,19023,90538,17418,0.17621067842454333,0.47797810158886966
33402,0.8156666666666668,1,0,1,586587,19023,90539,17417,0.17621067842454333,0.4779637760702525
33403,0.8157142857142857,4,1,4,586588,19022,90543,17413,0.17620141539145578,0.47791958281871827
33404,0.8157142857142858,0,1,0,586589,19021,90543,17413,0.17619215235836821,0.4779327002250645
33405,0.8157857142857142,0,1,0,586590,19020,90543,17413,0.17618288932528067,0.4779458183514945
33406,0.8158333333333333,8,7,8,586597,19013,90551,17405,0.1761180480936678,0.47792300510736446
33407,0.8158333333333334,7,13,7,586610,19000,90558,17398,0.17599762866352958,0.47799329633496346
33408,0.8158571428571426,0,1,0,586611,18999,90558,17398,0.17598836563044204,0.47800642910129953
33409,0.8158809523809523,0,4,0,586615,18995,90558,17398,0.17595131349809182,0.4780589673838376
33410,0.8158928571428572,1,0,1,586615,18995,90559,17397,0.17595131349809182,0.47804462519234997
33411,0.8159047619047619,0,1,0,586616,18994,90559,17397,0.17594205046500427,0.47805776153444535
33412,0.8159523809523809,2,2,2,586618,18992,90561,17395,0.17592352439882916,0.4780553494379861
33413,0.8159761904761905,0,2,0,586620,18990,90561,17395,0.17590499833265405,0.47808162704411156
33414,0.816,15,26,15,586646,18964,90576,17380,0.17566415947237762,0.4782082324455206
33415,0.8160000000000001,1,4,1,586650,18960,90577,17379,0.17562710734002743,0.47824651201188806
33416,0.8160714285714286,0,1,0,586651,18959,90577,17379,0.17561784430693986,0.478259673069514
33417,0.8161111111111111,0,1,0,586652,18958,90577,17379,0.17560858127385232,0.47827283485152877
33418,0.8161190476190475,0,1,0,586653,18957,90577,17379,0.17559931824076475,0.4782859973579921
33419,0.8161428571428572,0,2,0,586655,18955,90577,17379,0.17558079217458963,0.4783123245445038
33420,0.8161666666666666,1,0,1,586655,18955,90578,17378,0.17558079217458963,0.47829796603638564
33421,0.8161666666666667,0,5,0,586660,18950,90578,17378,0.17553447700915187,0.4783637965205902
33422,0.81625,2,1,2,586661,18949,90580,17376,0.17552521397606433,0.47834824501032347
33423,0.8162539682539682,1,1,1,586662,18948,90581,17375,0.17551595094297676,0.4783470528315392
33424,0.8163333333333332,1,3,1,586665,18945,90582,17374,0.1754881618437141,0.478372201877805
33425,0.8163333333333334,0,1,0,586666,18944,90582,17374,0.17547889881062656,0.47838537364392314
33426,0.8163571428571429,0,2,0,586668,18942,90582,17374,0.17546037274445145,0.4784117193523516
33427,0.8163809523809523,1,0,1,586668,18942,90583,17373,0.17546037274445145,0.47839735646427095
33428,0.8164794372294369,0,4,0,586672,18938,90583,17373,0.17542332061210122,0.4784500564567211
33429,0.8164999999999999,0,2,0,586674,18936,90583,17373,0.1754047945459261,0.47847641080723785
33430,0.8165,5,1,5,586675,18935,90588,17368,0.17539553151283857,0.47841776161749716
33431,0.8166071428571428,0,1,0,586676,18934,90588,17368,0.175386268479751,0.47843094044405265
33432,0.8166666666666665,53,59,53,586735,18875,90641,17315,0.17483974952758533,0.47844708483006354
33433,0.8166666666666668,46,60,46,586795,18815,90687,17269,0.17428396754233205,0.4785777629974504
33434,0.8167142857142856,1,0,1,586795,18815,90688,17268,0.17428396754233205,0.4785633123631627
33435,0.8167857142857143,1,0,1,586795,18815,90689,17267,0.17428396754233205,0.47854886092788645
33436,0.8168095238095238,1,1,1,586796,18814,90690,17266,0.1742747045092445,0.4785476718403548
33437,0.8168333333333332,1,1,1,586797,18813,90691,17265,0.17426544147615694,0.47854648262098787
33438,0.8168571428571427,0,1,0,586798,18812,90691,17265,0.1742561784430694,0.47855974720736205
33439,0.8168809523809525,0,1,0,586799,18811,90691,17265,0.17424691540998186,0.4785730125291052
33440,0.8169047619047619,1,0,1,586799,18811,90692,17264,0.17424691540998186,0.47855855855855856
33441,0.8169444444444445,3,0,3,586799,18811,90695,17261,0.17424691540998186,0.47851519183854513
33442,0.8169761904761904,0,1,0,586800,18810,90695,17261,0.1742376523768943,0.4785284577638546
33443,0.8169999999999998,2,2,2,586802,18808,90697,17259,0.17421912631071917,0.4785260764687942
33444,0.8170000000000001,2,13,2,586815,18795,90699,17257,0.174098706880581,0.4786696993231998
33445,0.8170476190476191,1,1,1,586816,18794,90700,17256,0.17408944384749342,0.4786685159500694
33446,0.8170833333333333,1,0,1,586816,18794,90701,17255,0.17408944384749342,0.4786540542040001
33447,0.8170932252731784,3,3,3,586819,18791,90704,17252,0.17406165474823077,0.4786505007907222
33448,0.8171428571428571,0,1,0,586820,18790,90704,17252,0.1740523917151432,0.47866378114422065
33449,0.8171428571428572,2,4,2,586824,18786,90706,17250,0.174015339582793,0.4786879786879787
33450,0.8171666666666666,0,3,0,586827,18783,90706,17250,0.17398755048353032,0.4787278328199151
33451,0.8171666666666667,1,1,1,586828,18782,90707,17249,0.17397828745044278,0.47872665204962395
33452,0.8171904761904761,0,1,0,586829,18781,90707,17249,0.1739690244173552,0.4787399389397724
33453,0.8172222222222222,1,1,1,586830,18780,90708,17248,0.17395976138426766,0.4787387587431997
33454,0.8172499999999999,0,1,0,586831,18779,90708,17248,0.17395049835118012,0.47875204707580427
33455,0.8172619047619049,0,1,0,586832,18778,90708,17248,0.17394123531809255,0.4787653361461167
33456,0.8172896825396824,0,1,0,586833,18777,90708,17248,0.173931972285005,0.47877862595419846
33457,0.8173333333333332,1,2,1,586835,18775,90709,17247,0.1739134462188299,0.4787907389928377
33458,0.8173333333333334,2,8,2,586843,18767,90711,17245,0.17383934195412945,0.47886815505942465
33459,0.8173571428571429,0,1,0,586844,18766,90711,17245,0.1738300789210419,0.47888145288939493
33460,0.8173809523809524,2,0,2,586844,18766,90713,17243,0.1738300789210419,0.4788525090949485
33461,0.8174444444444444,1,0,1,586844,18766,90714,17242,0.1738300789210419,0.47883803599200175
33462,0.8174761904761904,1,0,1,586844,18766,90715,17241,0.1738300789210419,0.4788235620851501
33463,0.8174761904761906,0,1,0,586845,18765,90715,17241,0.17382081588795434,0.47883686052324614
33464,0.8174999999999999,0,4,0,586849,18761,90715,17241,0.17378376375560414,0.47889006166324094
33465,0.8175,43,51,43,586900,18710,90758,17198,0.17331134906813886,0.4789461958337975
33466,0.8175000000000001,0,2,0,586902,18708,90758,17198,0.17329282300196377,0.4789728736144377
33467,0.8175238095238098,0,1,0,586903,18707,90758,17198,0.1732835599688762,0.47898621361927307
33468,0.8175476190476191,1,0,1,586903,18707,90759,17197,0.1732835599688762,0.4789717023172905
33469,0.8176190476190476,0,3,0,586906,18704,90759,17197,0.17325577086961355,0.4790117266928498
33470,0.817642857142857,0,1,0,586907,18703,90759,17197,0.17324650783652598,0.479025069637883
33471,0.817654761904762,0,1,0,586908,18702,90759,17197,0.17323724480343844,0.4790384133262765
33472,0.8176666666666665,0,3,0,586911,18699,90759,17197,0.17320945570417579,0.4790784488522398
33473,0.8176666666666667,2,5,2,586916,18694,90761,17195,0.173163140538738,0.4791161637270473
33474,0.8176904761904761,1,0,1,586916,18694,90762,17194,0.173163140538738,0.4791016495764601
33475,0.8176904761904763,1,1,1,586917,18693,90763,17193,0.17315387750565045,0.47910048486875106
33476,0.8177142857142857,0,2,0,586919,18691,90763,17193,0.17313535143947534,0.4791271876045034
33477,0.8177272727272726,0,2,0,586921,18689,90763,17193,0.17311682537330023,0.47915389331698344
33478,0.8177380952380952,0,1,0,586922,18688,90763,17193,0.17310756234021268,0.47916724728965193
33479,0.8178333333333333,3,2,3,586924,18686,90766,17190,0.17308903627403757,0.4791504069572974
33480,0.8178333333333334,0,3,0,586927,18683,90766,17190,0.17306124717477492,0.4791904775179104
33481,0.8178571428571427,1,0,1,586927,18683,90767,17189,0.17306124717477492,0.47917595896520965
33482,0.817857142857143,1,0,1,586927,18683,90768,17188,0.17306124717477492,0.47916143960302193
33483,0.8179166666666666,0,4,0,586931,18679,90768,17188,0.1730241950424247,0.47921487718515626
33484,0.8179523809523809,0,2,0,586933,18677,90768,17188,0.17300566897624958,0.4792416004461174
33485,0.818,10,21,10,586954,18656,90778,17178,0.17281114528141095,0.4793771278673885
33486,0.8180000000000001,1,1,1,586955,18655,90779,17177,0.17280188224832338,0.47937597678053134
33487,0.818047619047619,0,2,0,586957,18653,90779,17177,0.1727833561821483,0.4794027351381524
33488,0.8180714285714287,1,0,1,586957,18653,90780,17176,0.1727833561821483,0.47938820508526614
33489,0.8180952380952381,1,0,1,586957,18653,90781,17175,0.1727833561821483,0.47937367422127947
33490,0.8181190476190477,0,1,0,586958,18652,90781,17175,0.17277409314906073,0.47938705445613644
33491,0.8181309523809525,1,0,1,586958,18652,90782,17174,0.17277409314906073,0.4793725227488416
33492,0.8181349206349203,1,0,1,586958,18652,90783,17173,0.17277409314906073,0.47935799023028614
33493,0.8181666666666665,0,1,0,586959,18651,90783,17173,0.17276483011597318,0.47937137114783385
33494,0.8181666666666666,3,4,3,586963,18647,90786,17170,0.17272777798362296,0.4793812993829746
33495,0.8183333333333331,1,1,1,586964,18646,90787,17169,0.1727185149505354,0.4793801479826888
33496,0.8183333333333332,13,27,13,586991,18619,90800,17156,0.17246841305717145,0.4795527603074773
33497,0.8183333333333335,15,18,15,587009,18601,90815,17141,0.17230167846159547,0.47957584914106655
33498,0.8183571428571429,0,2,0,587011,18599,90815,17141,0.17228315239542036,0.47960268606603246
33499,0.8184484126984127,0,1,0,587012,18598,90815,17141,0.17227388936233282,0.4796161056548868
33500,0.8184761904761904,1,0,1,587012,18598,90816,17140,0.17227388936233282,0.47960154457440257
33501,0.8184761904761905,0,1,0,587013,18597,90816,17140,0.17226462632924525,0.47961496488233485
33502,0.8184999999999999,1,3,1,587016,18594,90817,17139,0.1722368372299826,0.47964066828981616
33503,0.8185000000000001,1,0,1,587016,18594,90818,17138,0.1722368372299826,0.479626105451696
33504,0.8185238095238094,0,1,0,587017,18593,90818,17138,0.17222757419689502,0.47963952870056814
33505,0.8185604395604397,0,1,0,587018,18592,90818,17138,0.17221831116380748,0.47965295270081165
33506,0.8185714285714285,0,2,0,587020,18590,90818,17138,0.17219978509763237,0.47967980295566504
33507,0.8185714285714286,2,1,2,587021,18589,90820,17136,0.17219052206454483,0.47966410076976906
33508,0.8186666666666668,2,2,2,587023,18587,90822,17134,0.17217199599836971,0.47966182357716747
33509,0.8186904761904762,1,0,1,587023,18587,90823,17133,0.17217199599836971,0.47964725643896977
33510,0.8187380952380953,0,1,0,587024,18586,90823,17133,0.17216273296528214,0.47966068478960777
33511,0.81875,2,0,2,587024,18586,90825,17131,0.17216273296528214,0.4796315480023518
33512,0.8187619047619047,0,1,0,587025,18585,90825,17131,0.1721534699321946,0.47964497704110204
33513,0.8188333333333333,0,1,0,587026,18584,90825,17131,0.17214420689910703,0.47965840683186334
33514,0.8188333333333334,2,2,2,587028,18582,90827,17129,0.17212568083293195,0.4796561283638095
33515,0.8188571428571427,0,1,0,587029,18581,90827,17129,0.17211641779984438,0.4796695603472417
33516,0.8189166666666665,0,1,0,587030,18580,90827,17129,0.17210715476675684,0.4796829930829763
33517,0.8189523809523809,1,0,1,587030,18580,90828,17128,0.17210715476675684,0.479668421642209
33518,0.819,1,3,1,587033,18577,90829,17127,0.17207936566749416,0.4796941519157517
33519,0.8190000000000001,3,8,3,587041,18569,90832,17124,0.17200526140279374,0.4797579357296949
33520,0.8190100732600731,3,1,3,587042,18568,90835,17121,0.17199599836970617,0.47972764717419936
33521,0.8190476190476191,1,0,1,587042,18568,90836,17120,0.17199599836970617,0.4797130688186505
33522,0.8191666666666666,4,13,4,587055,18555,90840,17116,0.17187557893956798,0.4798295534187435
33523,0.8191666666666667,4,15,4,587070,18540,90844,17112,0.17173663344325465,0.4799730730393807
33524,0.8191666666666668,0,1,0,587071,18539,90844,17112,0.1717273704101671,0.4799865361420437
33525,0.8192777777777778,0,1,0,587072,18538,90844,17112,0.17171810737707954,0.48
33526,0.8192857142857143,1,4,1,587076,18534,90845,17111,0.17168105524472935,0.4800392761958199
33527,0.8193095238095236,1,0,1,587076,18534,90846,17110,0.17168105524472935,0.4800246885871395
33528,0.8193333333333332,1,1,1,587077,18533,90847,17109,0.17167179221164178,0.4800235677010269
33529,0.8193333333333334,5,6,5,587083,18527,90852,17104,0.17161621401311644,0.48003143330246134
33530,0.8193690476190474,0,1,0,587084,18526,90852,17104,0.1716069509800289,0.48004490597810834
33531,0.8193809523809524,1,0,1,587084,18526,90853,17103,0.1716069509800289,0.4800303123859777
33532,0.819392857142857,0,1,0,587085,18525,90853,17103,0.17159768794694136,0.48004378578646006
33533,0.8194166666666667,0,1,0,587086,18524,90853,17103,0.1715884249138538,0.48005725994330145
33534,0.8194761904761901,0,2,0,587088,18522,90853,17103,0.17156989884767868,0.4800842105263158
33535,0.8194761904761905,0,2,0,587090,18520,90853,17103,0.17155137278150356,0.4801111641355304
33536,0.8195,0,2,0,587092,18518,90853,17103,0.17153284671532848,0.48013812077145507
33537,0.8195331890331891,1,2,1,587094,18516,90854,17102,0.17151432064915337,0.4801504857094727
33538,0.8195833333333334,0,3,0,587097,18513,90854,17102,0.1714865315498907,0.4801909307875895
33539,0.8196071428571428,1,1,1,587098,18512,90855,17101,0.17147726851680314,0.48018981832476904
33540,0.8196190476190475,0,1,0,587099,18511,90855,17101,0.17146800548371557,0.48020330225766594
33541,0.8196666666666665,0,2,0,587101,18509,90855,17101,0.1714494794175405,0.48023027239539456
33542,0.8196666666666667,3,4,3,587105,18505,90858,17098,0.17141242728519027,0.4802404291773165
33543,0.8197142857142858,0,1,0,587106,18504,90858,17098,0.1714031642521027,0.48025391831919556
33544,0.8197521645021645,1,0,1,587106,18504,90859,17097,0.1714031642521027,0.4802393191202494
33545,0.8198333333333332,0,3,0,587109,18501,90859,17097,0.17137537515284004,0.48027979099949436
33546,0.8198333333333333,2,2,2,587111,18499,90861,17095,0.17135684908666493,0.4802775748721695
33547,0.8198888888888888,0,1,0,587112,18498,90861,17095,0.1713475860535774,0.4802910684685191
33548,0.8198928571428571,0,1,0,587113,18497,90861,17095,0.17133832302048982,0.4803045628231063
33549,0.8199007936507937,0,1,0,587114,18496,90861,17095,0.17132905998740228,0.4803180579359951
33550,0.8199112554112554,1,0,1,587114,18496,90862,17094,0.17132905998740228,0.4803034560269739
33551,0.8199999999999998,1,8,1,587122,18488,90863,17093,0.17125495572270183,0.4803968410106518
33552,0.82,772,921,772,588043,17567,91635,16321,0.16272370224906443,0.481615911237016
33553,0.8200000000000002,1,1,1,588044,17566,91636,16320,0.1627144392159769,0.48161482618190404
33554,0.8200714285714287,1,0,1,588044,17566,91637,16319,0.1627144392159769,0.48159952781466725
33555,0.8200833333333333,0,1,0,588045,17565,91637,16319,0.16270517618288932,0.48161374099870147
33556,0.8201190476190476,0,1,0,588046,17564,91637,16319,0.16269591314980178,0.4816279550216923
33557,0.8201428571428572,0,1,0,588047,17563,91637,16319,0.1626866501167142,0.48164216988371406
33558,0.8201666666666667,1,3,1,588050,17560,91638,16318,0.16265886101745156,0.48166952004250546
33559,0.8201666666666668,0,1,0,588051,17559,91638,16318,0.162649597984364,0.48168373822947724
33560,0.8201904761904761,0,1,0,588052,17558,91638,16318,0.16264033495127644,0.4816979572558744
33561,0.8201944444444444,0,1,0,588053,17557,91638,16318,0.1626310719181889,0.4817121771217712
33562,0.8202142857142857,1,0,1,588053,17557,91639,16317,0.1626310719181889,0.4816968766605656
33563,0.8202261904761905,0,1,0,588054,17556,91639,16317,0.16262180888510133,0.48171109733415995
33564,0.8202380952380952,0,1,0,588055,17555,91639,16317,0.1626125458520138,0.4817253188474256
33565,0.8202380952380953,0,1,0,588056,17554,91639,16317,0.16260328281892622,0.48173954120043694
33566,0.8202499999999999,0,2,0,588058,17552,91639,16317,0.1625847567527511,0.4817679884259943
33567,0.8202857142857144,0,1,0,588059,17551,91639,16317,0.16257549371966357,0.48178221329868903
33568,0.8202976190476189,0,1,0,588060,17550,91639,16317,0.16256623068657602,0.48179643901142705
33569,0.8203333333333334,1,0,1,588060,17550,91640,16316,0.16256623068657602,0.48178113742396506
33570,0.8203333333333335,0,1,0,588061,17549,91640,16316,0.16255696765348845,0.48179536394507605
33571,0.8203809523809524,0,1,0,588062,17548,91640,16316,0.1625477046204009,0.48180959130640205
33572,0.820404761904762,0,2,0,588064,17546,91640,16316,0.1625291785542258,0.48183804854999707
33573,0.8204285714285714,0,1,0,588065,17545,91640,16316,0.16251991552113823,0.48185227843241485
33574,0.8204761904761904,2,0,2,588065,17545,91642,16314,0.16251991552113823,0.48182167222894945
33575,0.8204761904761905,1,0,1,588065,17545,91643,16313,0.16251991552113823,0.48180636777128005
33576,0.8204999999999998,0,1,0,588066,17544,91643,16313,0.1625106524880507,0.48182059839914937
33577,0.8205,2,1,2,588067,17543,91645,16311,0.16250138945496315,0.4818042181130738
33578,0.8205000000000001,0,2,0,588069,17541,91645,16311,0.16248286338878803,0.48183268344558666
33579,0.8205833333333333,1,1,1,588070,17540,91646,16310,0.16247360035570046,0.48183161004431313
33580,0.8205952380952379,1,1,1,588071,17539,91647,16309,0.16246433732261292,0.48183053651619
33581,0.8206666666666667,2,5,2,588076,17534,91649,16307,0.16241802215717516,0.4818711030997902
33582,0.8206666666666668,1,1,1,588077,17533,91650,16306,0.1624087591240876,0.48187003162031977
33583,0.8206827731092433,2,1,2,588078,17532,91652,16304,0.16239949609100005,0.4818536470031919
33584,0.8206904761904761,0,2,0,588080,17530,91652,16304,0.16238097002482493,0.4818821304013714
33585,0.8207142857142857,1,1,1,588081,17529,91653,16303,0.16237170699173736,0.4818810593520927
33586,0.82075,0,1,0,588082,17528,91653,16303,0.16236244395864982,0.4818953031243534
33587,0.8207777777777777,0,1,0,588083,17527,91653,16303,0.16235318092556228,0.4819095477386935
33588,0.8207857142857142,0,1,0,588084,17526,91653,16303,0.1623439178924747,0.4819237931951876
33589,0.8208333333333333,4,16,4,588100,17510,91657,16299,0.16219570936307384,0.4820905676003431
33590,0.8208333333333334,7,13,7,588113,17497,91664,16292,0.16207528993293563,0.48216875314451446
33591,0.8208571428571428,0,1,0,588114,17496,91664,16292,0.1620660268998481,0.4821830235586599
33592,0.8208809523809524,0,1,0,588115,17495,91664,16292,0.16205676386676054,0.4821972948175334
33593,0.8209285714285712,0,2,0,588117,17493,91664,16292,0.16203823780058543,0.4822258398697647
33594,0.8209523809523809,1,1,1,588118,17492,91665,16291,0.16202897476749786,0.48222478761507265
33595,0.820952380952381,0,2,0,588120,17490,91665,16291,0.16201044870132275,0.48225333767502443
33596,0.821,7,20,7,588140,17470,91672,16284,0.1618251880395717,0.48243171179712036
33597,0.8210000000000001,2,2,2,588142,17468,91674,16282,0.16180666197339658,0.48242962962962965
33598,0.8210000000000002,0,1,0,588143,17467,91674,16282,0.161797398940309,0.4824439242644227
33599,0.8210476190476189,0,2,0,588145,17465,91674,16282,0.1617788728741339,0.482472516075503
33600,0.821111111111111,1,1,1,588146,17464,91675,16281,0.16176960984104635,0.48247147725588974
33601,0.8211190476190475,1,0,1,588146,17464,91676,16280,0.16176960984104635,0.4824561403508772
33602,0.821154761904762,0,1,0,588147,17463,91676,16280,0.1617603468079588,0.48247043831313163
33603,0.8211666666666666,1,2,1,588149,17461,91677,16279,0.1617418207417837,0.4824836988737404
33604,0.8211666666666667,0,4,0,588153,17457,91677,16279,0.16170476860943347,0.48254090585724446
33605,0.8211825396825398,0,2,0,588155,17455,91677,16279,0.16168624254325836,0.4825695144364736
33606,0.821190476190476,1,0,1,588155,17455,91678,16278,0.16168624254325836,0.4825541754365162
33607,0.8211904761904762,0,1,0,588156,17454,91678,16278,0.16167697951017082,0.48256848096762717
33608,0.8211904761904764,1,1,1,588157,17453,91679,16277,0.16166771647708325,0.4825674473762229
33609,0.8212023809523807,0,1,0,588158,17452,91679,16277,0.1616584534439957,0.48258175457321595
33610,0.82125,0,1,0,588159,17451,91679,16277,0.16164919041090814,0.48259606261859583
33611,0.8213333333333332,2,9,2,588168,17442,91681,16275,0.16156582311312015,0.482694189874544
33612,0.8213333333333334,1,1,1,588169,17441,91682,16274,0.1615565600800326,0.482693163280439
33613,0.8213452380952382,0,1,0,588170,17440,91682,16274,0.16154729704694507,0.48270748057186924
33614,0.8214285714285714,1,1,1,588171,17439,91683,16273,0.1615380340138575,0.4827064546748932
33615,0.8214999999999999,0,2,0,588173,17437,91683,16273,0.16151950794768238,0.4827350934440819
33616,0.8215,0,3,0,588176,17434,91683,16273,0.16149171884841973,0.48277805797015455
33617,0.8215555555555558,2,2,2,588178,17432,91685,16271,0.16147319278224462,0.482776014004688
33618,0.8215833333333333,0,1,0,588179,17431,91685,16271,0.16146392974915708,0.4827903388522936
33619,0.8215833333333334,1,0,1,588179,17431,91686,16270,0.16146392974915708,0.4827749918400048
33620,0.8216031746031746,0,4,0,588183,17427,91686,16270,0.16142687761680685,0.48283229961124136
33621,0.821617216117216,0,1,0,588184,17426,91686,16270,0.16141761458371928,0.48284662867996203
33622,0.8216666666666665,21,25,21,588209,17401,91707,16249,0.16118603875653043,0.4828826151560178
33623,0.8216666666666668,21,26,21,588235,17375,91728,16228,0.16094519989625403,0.4829330714519537
33624,0.8216666666666669,1,0,1,588235,17375,91729,16227,0.16094519989625403,0.48291768347122194
33625,0.82175,0,1,0,588236,17374,91729,16227,0.16093593686316648,0.48293205559358354
33626,0.8217857142857143,0,2,0,588238,17372,91729,16227,0.16091741079699137,0.48296080240483347
33627,0.8218333333333332,0,1,0,588239,17371,91729,16227,0.1609081477639038,0.4829751770938746
33628,0.8218333333333334,2,1,2,588240,17370,91731,16225,0.16089888473081626,0.4829587736270278
33629,0.8218571428571428,0,1,0,588241,17369,91731,16225,0.1608896216977287,0.48297314996725604
33630,0.8218809523809523,0,1,0,588242,17368,91731,16225,0.16088035866464115,0.48298752716339716
33631,0.8219047619047618,0,1,0,588243,17367,91731,16225,0.1608710956315536,0.4830019052155275
33632,0.8220000000000001,6,8,6,588251,17359,91737,16219,0.16079699136685316,0.4830245994401096
33633,0.8220000000000002,1,0,1,588251,17359,91738,16218,0.16079699136685316,0.4830092027280579
33634,0.8220238095238095,0,1,0,588252,17358,91738,16218,0.16078772833376562,0.48302358827734093
33635,0.8220238095238096,0,1,0,588253,17357,91738,16218,0.16077846530067805,0.4830379746835443
33636,0.8220833333333333,0,1,0,588254,17356,91738,16218,0.1607692022675905,0.4830523619467445
33637,0.8221190476190475,0,1,0,588255,17355,91738,16218,0.16075993923450294,0.48306675006701816
33638,0.8221428571428572,0,2,0,588257,17353,91738,16218,0.16074141316832782,0.4830955288790921
33639,0.8221666666666667,1,2,1,588259,17351,91739,16217,0.16072288710215274,0.483108913250715
33640,0.8222142857142856,0,1,0,588260,17350,91739,16217,0.16071362406906517,0.48312330562755085
33641,0.8222222222222223,0,1,0,588261,17349,91739,16217,0.16070436103597763,0.48313769886194363
33642,0.822261904761905,0,1,0,588262,17348,91739,16217,0.16069509800289006,0.48315209295396994
33643,0.8223333333333332,1,1,1,588263,17347,91740,16216,0.16068583496980252,0.483151088996812
33644,0.8223333333333334,4,4,4,588267,17343,91744,16212,0.1606487828374523,0.48314707197139023
33645,0.8223809523809524,1,0,1,588267,17343,91745,16211,0.1606487828374523,0.48313166835548665
33646,0.8224166666666666,0,1,0,588268,17342,91745,16211,0.16063951980436475,0.48314606741573035
33647,0.8224999999999999,0,1,0,588269,17341,91745,16211,0.16063025677127718,0.4831604673342871
33648,0.8225,36,65,36,588334,17276,91781,16175,0.16002815962058617,0.4835430928821261
33649,0.8225000000000001,1,0,1,588334,17276,91782,16174,0.16002815962058617,0.48352765321375185
33650,0.8225833333333334,0,1,0,588335,17275,91782,16174,0.1600188965874986,0.48354210888217886
33651,0.8225912698412698,0,1,0,588336,17274,91782,16174,0.16000963355441106,0.4835565654149725
33652,0.8225952380952382,0,2,0,588338,17272,91782,16174,0.15999110748823595,0.48358548107397
33653,0.8226388888888887,1,0,1,588338,17272,91783,16173,0.15999110748823595,0.483570040364778
33654,0.8226666666666665,1,0,1,588338,17272,91784,16172,0.15999110748823595,0.4835545987322091
33655,0.8226666666666667,2,10,2,588348,17262,91786,16170,0.1598984771573604,0.4836683417085427
33656,0.8226666666666668,0,3,0,588351,17259,91786,16170,0.15987068805809773,0.4837117472852912
33657,0.8227222222222222,1,0,1,588351,17259,91787,16169,0.15987068805809773,0.48369630250089746
33658,0.8227380952380954,0,1,0,588352,17258,91787,16169,0.1598614250250102,0.48371077272863255
33659,0.8227965367965366,0,2,0,588354,17256,91787,16169,0.15984289895883508,0.4837397157816006
33660,0.8228095238095239,1,1,1,588355,17255,91788,16168,0.15983363592574754,0.48373874278191664
33661,0.8228333333333333,0,3,0,588358,17252,91788,16168,0.15980584682648485,0.48378216636744464
33662,0.8228333333333334,1,1,1,588359,17251,91789,16167,0.1597965837933973,0.4837811957627626
33663,0.8228506493506491,0,1,0,588360,17250,91789,16167,0.15978732076030974,0.4837956728611186
33664,0.8228571428571427,2,3,2,588363,17247,91791,16165,0.1597595316610471,0.483808212618221
33665,0.8229166666666665,0,1,0,588364,17246,91791,16165,0.15975026862795955,0.4838226931250187
33666,0.8229166666666667,1,0,1,588364,17246,91792,16164,0.15975026862795955,0.4838072433403173
33667,0.8229285714285715,0,1,0,588365,17245,91792,16164,0.15974100559487198,0.48382172468496515
33668,0.8229285714285716,1,0,1,588365,17245,91793,16163,0.15974100559487198,0.48380627394636017
33669,0.8229761904761905,0,1,0,588366,17244,91793,16163,0.15973174256178443,0.48382075612895503
33670,0.8229999999999998,1,0,1,588366,17244,91794,16162,0.15973174256178443,0.4838053044363288
33671,0.823,2,3,2,588369,17241,91796,16160,0.15970395346252178,0.4838178497649771
33672,0.8230000000000001,1,2,1,588371,17239,91797,16159,0.15968542739634667,0.4838313671477334
33673,0.8231236312706899,0,3,0,588374,17236,91797,16159,0.159657638297084,0.48387483156161104
33674,0.823138888888889,1,0,1,588374,17236,91798,16158,0.159657638297084,0.48385937593579686
33675,0.8231666666666666,1,1,1,588375,17235,91799,16157,0.15964837526399644,0.4838584091998083
33676,0.8231666666666668,0,1,0,588376,17234,91799,16157,0.15963911223090888,0.48387289988320203
33677,0.8232857142857144,0,1,0,588377,17233,91799,16157,0.15962984919782133,0.4838873914345612
33678,0.8233073593073592,0,1,0,588378,17232,91799,16157,0.1596205861647338,0.4839018838539639
33679,0.8233095238095239,1,4,1,588382,17228,91800,16156,0.15958353403238357,0.4839444045051522
33680,0.8233333333333333,50,71,50,588453,17157,91850,16106,0.15892585868316722,0.48420166551423505
33681,0.8233333333333335,37,62,37,588515,17095,91887,16069,0.15835155063173886,0.48453141961162705
33682,0.8233333333333336,0,1,0,588516,17094,91887,16069,0.1583422875986513,0.4845460302143956
33683,0.8234285714285715,1,2,1,588518,17092,91888,16068,0.15832376153247618,0.48455971049457175
33684,0.8234523809523808,0,1,0,588519,17091,91888,16068,0.15831449849938864,0.4845743237130191
33685,0.823452380952381,0,1,0,588520,17090,91888,16068,0.1583052354663011,0.48458893781289586
33686,0.8234999999999999,1,5,1,588525,17085,91889,16067,0.1582589203008633,0.4846464768339768
33687,0.8235238095238092,1,0,1,588525,17085,91890,16066,0.1582589203008633,0.48463093119362916
33688,0.8235833333333333,0,1,0,588526,17084,91890,16066,0.15824965726777576,0.4846455505279035
33689,0.8236190476190477,0,1,0,588527,17083,91890,16066,0.15824039423468822,0.4846601707442155
33690,0.8236428571428572,0,1,0,588528,17082,91890,16066,0.15823113120160065,0.4846747918426451
33691,0.8236666666666665,1,2,1,588530,17080,91891,16065,0.15821260513542554,0.48468848996832103
33692,0.8236666666666668,0,4,0,588534,17076,91891,16065,0.15817555300307531,0.4847469901330678
33693,0.82375,2,1,2,588535,17075,91893,16063,0.15816628996998777,0.48473052085219387
33694,0.8237500000000001,1,0,1,588535,17075,91894,16062,0.15816628996998777,0.4847149711802517
33695,0.8238333333333331,0,1,0,588536,17074,91894,16062,0.15815702693690023,0.48472959922742637
33696,0.8238333333333333,1,2,1,588538,17072,91895,16061,0.15813850087072512,0.48474330727673315
33697,0.8238333333333334,1,1,1,588539,17071,91896,16060,0.15812923783763755,0.4847423862847484
33698,0.8238412698412699,0,2,0,588541,17069,91896,16060,0.15811071177146244,0.48477165021582297
33699,0.8238571428571427,2,1,2,588542,17068,91898,16058,0.1581014487383749,0.4847551772021977
33700,0.8238809523809523,0,1,0,588543,17067,91898,16058,0.15809218570528735,0.4847698113207547
33701,0.8239047619047619,1,0,1,588543,17067,91899,16057,0.15809218570528735,0.48475425673227873
33702,0.8239761904761908,0,1,0,588544,17066,91899,16057,0.15808292267219978,0.4847688917066691
33703,0.824,1,0,1,588544,17066,91900,16056,0.15808292267219978,0.4847533361511986
33704,0.8240000000000001,20,16,20,588560,17050,91920,16036,0.15793471414279892,0.48467629813214047
33705,0.8240238095238095,0,1,0,588561,17049,91920,16036,0.15792545110971137,0.4846909475593169
33706,0.8240793650793651,0,1,0,588562,17048,91920,16036,0.1579161880766238,0.48470559787208317
33707,0.8240952380952379,0,1,0,588563,17047,91920,16036,0.15790692504353626,0.4847202490705196
33708,0.824142857142857,0,1,0,588564,17046,91920,16036,0.1578976620104487,0.48473490115470647
33709,0.8241428571428573,2,0,2,588564,17046,91922,16034,0.1578976620104487,0.4847037484885127
33710,0.8241507936507934,0,2,0,588566,17044,91922,16034,0.15787913594427358,0.48473305520285387
33711,0.8241666666666666,9,11,9,588577,17033,91931,16025,0.1577772425803105,0.4847540686066913
33712,0.8241666666666667,7,14,7,588591,17019,91938,16018,0.15764756011708475,0.48485031933892303
33713,0.8241666666666668,1,1,1,588592,17018,91939,16017,0.15763829708399718,0.48484940214923566
33714,0.8241825396825395,0,1,0,588593,17017,91939,16017,0.15762903405090964,0.4848640794333111
33715,0.824261904761905,1,0,1,588593,17017,91940,16016,0.15762903405090964,0.48484848484848486
33716,0.8242857142857143,2,1,2,588594,17016,91942,16014,0.15761977101782207,0.48483197093551317
33717,0.8243333333333333,1,1,1,588595,17015,91943,16013,0.15761050798473453,0.4848310524403536
33718,0.8243333333333334,2,6,2,588601,17009,91945,16011,0.1575549297862092,0.48488794669897034
33719,0.8243333333333335,0,1,0,588602,17008,91945,16011,0.15754566675312165,0.48490263181804416
33720,0.824388888888889,0,1,0,588603,17007,91945,16011,0.15753640372003408,0.48491731782664
33721,0.8244246031746032,0,2,0,588605,17005,91945,16011,0.15751787765385897,0.4849466925127211
33722,0.8244444444444444,0,1,0,588606,17004,91945,16011,0.15750861462077143,0.484961381190368
33723,0.8245,0,3,0,588609,17001,91945,16011,0.15748082552150877,0.4850054525627045
33724,0.8245238095238093,1,0,1,588609,17001,91946,16010,0.15748082552150877,0.4849898518675593
33725,0.8245357142857143,1,0,1,588609,17001,91947,16009,0.15748082552150877,0.48497425022720386
33726,0.8245833333333333,0,1,0,588610,17000,91947,16009,0.1574715624884212,0.48498894240964585
33727,0.8245833333333336,0,2,0,588612,16998,91947,16009,0.1574530364222461,0.4850183294452692
33728,0.824595238095238,1,0,1,588612,16998,91948,16008,0.1574530364222461,0.48500272677694967
33729,0.8246190476190478,0,2,0,588614,16996,91948,16008,0.157434510356071,0.48503211731911283
33730,0.8246587301587303,0,1,0,588615,16995,91948,16008,0.15742524732298344,0.48504681392600674
33731,0.8246666666666664,1,3,1,588618,16992,91949,16007,0.15739745822372078,0.4850753053122822
33732,0.8246666666666665,1,0,1,588618,16992,91950,16006,0.15739745822372078,0.4850597005879144
33733,0.8246666666666667,1,6,1,588624,16986,91951,16005,0.15734188002519545,0.48513230881149405
33734,0.8247142857142857,0,1,0,588625,16985,91951,16005,0.1573326169921079,0.48514701424674145
33735,0.8247222222222221,1,0,1,588625,16985,91952,16004,0.1573326169921079,0.48513140743884325
33736,0.8247965367965366,0,2,0,588627,16983,91952,16004,0.1573140909259328,0.48516082092945706
33737,0.8247976190476192,1,2,1,588629,16981,91953,16003,0.15729556485975768,0.4851746301236963
33738,0.8248095238095239,1,0,1,588629,16981,91954,16002,0.15729556485975768,0.48515902131401023
33739,0.82482239135993,0,1,0,588630,16980,91954,16002,0.15728630182667014,0.48517373112606876
33740,0.8248333333333332,1,2,1,588632,16978,91955,16001,0.15726777576049503,0.4851875435883441
33741,0.8248333333333333,3,3,3,588635,16975,91958,15998,0.15723998666123234,0.4851848482091408
33742,0.8248333333333335,0,1,0,588636,16974,91958,15998,0.1572307236281448,0.48519956326580127
33743,0.824857142857143,1,1,1,588637,16973,91959,15997,0.15722146059505723,0.48519866545344253
33744,0.8248888888888888,1,0,1,588637,16973,91960,15996,0.15722146059505723,0.4851830507446389
33745,0.8249166666666666,1,3,1,588640,16970,91961,15995,0.15719367149579458,0.48521158804792963
33746,0.8249206349206349,0,2,0,588642,16968,91961,15995,0.15717514542961947,0.48524102781906986
33747,0.8249920634920634,1,0,1,588642,16968,91962,15994,0.15717514542961947,0.4852254110794248
33748,0.8249999999999998,5,1,5,588643,16967,91967,15989,0.15716588239653193,0.4851620342274548
33749,0.825,172,224,172,588867,16743,92139,15817,0.15509096298491978,0.48578009828009827
33750,0.8250000000000002,0,3,0,588870,16740,92139,15817,0.15506317388565713,0.4858248610129926
33751,0.8251190476190476,0,1,0,588871,16739,92139,15817,0.15505391085256956,0.4858397837572183
33752,0.8251349206349203,0,2,0,588873,16737,92139,15817,0.15503538478639445,0.4858696319960681
33753,0.8251428571428572,0,1,0,588874,16736,92139,15817,0.1550261217533069,0.48588455749086107
33754,0.8251666666666666,0,2,0,588876,16734,92139,15817,0.1550075956871318,0.4859144112316058
33755,0.825190476190476,0,1,0,588877,16733,92139,15817,0.15499833265404425,0.4859293394777266
33756,0.8252261904761905,0,1,0,588878,16732,92139,15817,0.15498906962095668,0.48594426864112567
33757,0.8252380952380952,0,1,0,588879,16731,92139,15817,0.15497980658786914,0.4859591987218877
33758,0.8252936507936508,1,1,1,588880,16730,92140,15816,0.15497054355478157,0.4859583358938118
33759,0.8253333333333334,6,5,6,588885,16725,92146,15810,0.1549242283893438,0.4859382203780544
33760,0.8253333333333335,0,2,0,588887,16723,92146,15810,0.1549057023231687,0.4859680939353887
33761,0.8253452380952382,0,2,0,588889,16721,92146,15810,0.15488717625699358,0.48599797116596477
33762,0.8253571428571428,1,0,1,588889,16721,92147,15809,0.15488717625699358,0.48598217030433444
33763,0.8253690476190478,1,0,1,588889,16721,92148,15808,0.15488717625699358,0.48596636847121033
33764,0.8254166666666666,1,3,1,588892,16718,92149,15807,0.15485938715773093,0.48599538816295157
33765,0.8254166666666667,0,1,0,588893,16717,92149,15807,0.15485012412464338,0.4860103308326159
33766,0.8254365079365078,0,1,0,588894,16716,92149,15807,0.15484086109155581,0.4860252744211789
33767,0.8254761904761905,0,1,0,588895,16715,92149,15807,0.15483159805846827,0.4860402189287252
33768,0.8255,2,1,2,588896,16714,92151,15805,0.1548223350253807,0.486023555459885
33769,0.8255000000000001,0,1,0,588897,16713,92151,15805,0.15481307199229316,0.48603850175287533
33770,0.8255238095238094,0,1,0,588898,16712,92151,15805,0.1548038089592056,0.4860534489651567
33771,0.8255555555555556,1,0,1,588898,16712,92152,15804,0.1548038089592056,0.48603764300651986
33772,0.8255833333333332,0,1,0,588899,16711,92152,15804,0.15479454592611805,0.48605259111179455
33773,0.8256428571428569,0,1,0,588900,16710,92152,15804,0.1547852828930305,0.48606754013655656
33774,0.8256666666666664,1,0,1,588900,16710,92153,15803,0.1547852828930305,0.4860517331528927
33775,0.8256666666666667,3,4,3,588904,16706,92156,15800,0.15474823076068028,0.4860641112410017
33776,0.8256666666666668,1,3,1,588907,16703,92157,15799,0.1547204416614176,0.48609316349763093
33777,0.8256944444444444,0,1,0,588908,16702,92157,15799,0.15471117862833006,0.48610811975016155
33778,0.8257857142857143,0,2,0,588910,16700,92157,15799,0.15469265256215495,0.486138035016462
33779,0.8258333333333332,0,1,0,588911,16699,92157,15799,0.1546833895290674,0.48615299403040185
33780,0.8258333333333333,6,9,6,588920,16690,92163,15793,0.15460002223127942,0.4861927777606748
33781,0.8258333333333334,8,6,8,588926,16684,92171,15785,0.15454444403275408,0.4861560257476362
33782,0.8259047619047618,0,1,0,588927,16683,92171,15785,0.15453518099966654,0.4861709991376124
33783,0.8259404761904761,2,0,2,588927,16683,92173,15783,0.15453518099966654,0.4861393457771207
33784,0.8259523809523809,1,1,1,588928,16682,92174,15782,0.15452591796657897,0.48613849186791525
33785,0.825952380952381,1,0,1,588928,16682,92175,15781,0.15452591796657897,0.48612266272371624
33786,0.8259761904761903,0,2,0,588930,16680,92175,15781,0.15450739190040386,0.48615261390591785
33787,0.826,13,25,13,588955,16655,92188,15768,0.154275816073215,0.48632143848502607
33788,0.8260000000000001,1,2,1,588957,16653,92189,15767,0.15425729000703992,0.4863355953115361
33789,0.8261428571428573,0,1,0,588958,16652,92189,15767,0.15424802697395235,0.48635059687220455
33790,0.8261666666666666,1,2,1,588960,16650,92190,15766,0.15422950090777723,0.48636475814412633
33791,0.8261666666666667,1,2,1,588962,16648,92191,15765,0.15421097484160212,0.4863789220374541
33792,0.8261904761904763,1,2,1,588964,16646,92192,15764,0.15419244877542704,0.48639308855291574
33793,0.8262222222222222,1,0,1,588964,16646,92193,15763,0.15419244877542704,0.4863772408898763
33794,0.82625,0,2,0,588966,16644,92193,15763,0.15417392270925193,0.48640725769123955
33795,0.8262936507936509,0,1,0,588967,16643,92193,15763,0.15416465967616436,0.4864222674813306
33796,0.8263095238095235,1,2,1,588969,16641,92194,15762,0.15414613360998924,0.4864364410702713
33797,0.8263095238095238,0,1,0,588970,16640,92194,15762,0.1541368705769017,0.48645145361397446
33798,0.8263333333333333,2,4,2,588974,16636,92196,15760,0.15409981844455148,0.486479812322509
33799,0.8263333333333334,2,3,2,588977,16633,92198,15758,0.15407202934528882,0.48649316168071377
33800,0.8263636363636364,0,1,0,588978,16632,92198,15758,0.15406276631220125,0.4865081815375116
33801,0.8263809523809523,1,0,1,588978,16632,92199,15757,0.15406276631220125,0.4864923276421007
33802,0.8263849206349205,0,1,0,588979,16631,92199,15757,0.1540535032791137,0.4865073484006422
33803,0.8264325396825395,0,2,0,588981,16629,92199,15757,0.1540349772129386,0.48653739270054963
33804,0.8264999999999999,1,4,1,588985,16625,92200,15756,0.15399792508058838,0.48658163737994503
33805,0.8265,2,8,2,588993,16617,92202,15754,0.15392382081588796,0.4866701677427327
33806,0.8265079365079364,1,0,1,588993,16617,92203,15753,0.15392382081588796,0.4866543095458758
33807,0.8266666666666665,42,65,42,589058,16552,92245,15711,0.15332172366519692,0.48696649412639864
33808,0.8266666666666667,37,52,37,589110,16500,92282,15674,0.15284004594464412,0.4871635482066265
33809,0.8266666666666669,0,2,0,589112,16498,92282,15674,0.152821519878469,0.48719383314683573
33810,0.8268160173160172,0,1,0,589113,16497,92282,15674,0.15281225684538144,0.4872089770290013
33811,0.8268253968253968,0,1,0,589114,16496,92282,15674,0.1528029938122939,0.48722412185265773
33812,0.8268333333333334,3,3,3,589117,16493,92285,15671,0.15277520471303124,0.48722173858972767
33813,0.8268571428571428,0,1,0,589118,16492,92285,15671,0.15276594167994367,0.48723688710630225
33814,0.8268809523809524,0,1,0,589119,16491,92285,15671,0.15275667864685613,0.48725203656489025
33815,0.8268928571428572,0,2,0,589121,16489,92285,15671,0.15273815258068102,0.4872823383084577
33816,0.8269126984126984,0,1,0,589122,16488,92285,15671,0.15272888954759348,0.487297490593613
33817,0.8269999999999998,1,0,1,589122,16488,92286,15670,0.15272888954759348,0.4872815473599104
33818,0.8270000000000001,4,5,4,589127,16483,92290,15666,0.15268257438215568,0.4872935394569038
33819,0.8270000000000002,1,2,1,589129,16481,92291,15665,0.15266404831598057,0.48730790767124993
33820,0.8270357142857142,0,1,0,589130,16480,92291,15665,0.15265478528289303,0.4873230673510655
33821,0.8270833333333333,0,1,0,589131,16479,92291,15665,0.1526455222498055,0.48733822797411647
33822,0.8271428571428571,1,0,1,589131,16479,92292,15664,0.1526455222498055,0.4873222785676508
33823,0.8271428571428572,5,1,5,589132,16478,92297,15659,0.15263625921671792,0.48725767806578085
33824,0.8271666666666667,0,4,0,589136,16474,92297,15659,0.1525992070843677,0.48731833317773005
33825,0.827202380952381,0,1,0,589137,16473,92297,15659,0.15258994405128015,0.48733349931532427
33826,0.8273333333333333,0,1,0,589138,16472,92297,15659,0.1525806810181926,0.4873486663969375
33827,0.8273333333333334,0,5,0,589143,16467,92297,15659,0.15253436585275482,0.48742451596837455
33828,0.8273333333333335,2,0,2,589143,16467,92299,15657,0.15253436585275482,0.4873926036608143
33829,0.8273809523809522,0,1,0,589144,16466,92299,15657,0.15252510281966727,0.48740777635961774
33830,0.8274365079365077,0,1,0,589145,16465,92299,15657,0.1525158397865797,0.48742295000311314
33831,0.8274404761904762,0,1,0,589146,16464,92299,15657,0.15250657675349216,0.4874381245913888
33832,0.8274642857142855,0,1,0,589147,16463,92299,15657,0.15249731372040462,0.48745330012453303
33833,0.8274999999999999,1,0,1,589147,16463,92300,15656,0.15249731372040462,0.4874373423830132
33834,0.8275,37,60,37,589207,16403,92337,15619,0.15194153173515135,0.48775841608893883
33835,0.8275000000000001,2,2,2,589209,16401,92339,15617,0.15192300566897626,0.48775688675120243
33836,0.8275714285714284,0,1,0,589210,16400,92339,15617,0.1519137426358887,0.4877721210606865
33837,0.8275714285714286,0,1,0,589211,16399,92339,15617,0.15190447960280115,0.48778735632183906
33838,0.8276666666666666,1,0,1,589211,16399,92340,15616,0.15190447960280115,0.4877713571763236
33839,0.8276666666666667,2,1,2,589212,16398,92342,15614,0.15189521656971358,0.4877545920279895
33840,0.8276883116883117,0,1,0,589213,16397,92342,15614,0.15188595353662604,0.48776982912123956
33841,0.8277380952380953,0,1,0,589214,16396,92342,15614,0.15187669050353847,0.4877850671665105
33842,0.8277777777777777,0,1,0,589215,16395,92342,15614,0.15186742747045093,0.4878003061638914
33843,0.8277857142857142,0,2,0,589217,16393,92342,15614,0.15184890140427582,0.4878307870153404
33844,0.8278333333333332,1,0,1,589217,16393,92343,15613,0.15184890140427582,0.48781478472786355
33845,0.8278571428571427,1,0,1,589217,16393,92344,15612,0.15184890140427582,0.48779878144039995
33846,0.8278690476190477,0,1,0,589218,16392,92344,15612,0.15183963837118827,0.4878140232470941
33847,0.8279166666666665,0,1,0,589219,16391,92344,15612,0.1518303753381007,0.48782926600631193
33848,0.828,9,21,9,589240,16370,92353,15603,0.15163585164326207,0.48800550464454384
33849,0.828047619047619,1,0,1,589240,16370,92354,15602,0.15163585164326207,0.4879894908044539
33850,0.8280644910644908,0,2,0,589242,16368,92354,15602,0.15161732557708696,0.4880200187675946
33851,0.8280833333333334,0,1,0,589243,16367,92354,15602,0.15160806254399942,0.4880352841815509
33852,0.8280952380952381,0,1,0,589244,16366,92354,15602,0.15159879951091185,0.4880505505505506
33853,0.8280952380952382,0,1,0,589245,16365,92354,15602,0.1515895364778243,0.4880658178746833
33854,0.8281428571428572,0,1,0,589246,16364,92354,15602,0.15158027344473674,0.48808108615403867
33855,0.8281666666666666,1,4,1,589250,16360,92355,15601,0.15154322131238654,0.48812615374988266
33856,0.8281666666666667,0,1,0,589251,16359,92355,15601,0.15153395827929897,0.4881414267834793
33857,0.8281916139416139,0,1,0,589252,16358,92355,15601,0.15152469524621143,0.4881567007728652
33858,0.8281944444444445,1,0,1,589252,16358,92356,15600,0.15152469524621143,0.4881406846486013
33859,0.8282142857142856,0,1,0,589253,16357,92356,15600,0.15151543221312386,0.4881559595706731
33860,0.8282142857142857,0,1,0,589254,16356,92356,15600,0.15150616918003632,0.488171235448742
33861,0.8282777777777778,0,1,0,589255,16355,92356,15600,0.15149690614694875,0.48818651228289783
33862,0.8282857142857142,0,1,0,589256,16354,92356,15600,0.1514876431138612,0.4882017900732303
33863,0.8283127705627703,0,2,0,589258,16352,92356,15600,0.1514691170476861,0.4882323485227842
33864,0.8283214285714285,1,2,1,589260,16350,92357,15599,0.15145059098151098,0.4882468934864941
33865,0.8283333333333333,26,29,26,589289,16321,92383,15573,0.15118196302197193,0.48827365648711357
33866,0.8283333333333335,13,22,13,589311,16299,92396,15560,0.15097817629404572,0.4884020214068238
33867,0.8283571428571429,0,1,0,589312,16298,92396,15560,0.15096891326095818,0.48841735199949776
33868,0.8283809523809524,0,1,0,589313,16297,92396,15560,0.1509596502278706,0.48843268355463476
33869,0.8284523809523807,0,1,0,589314,16296,92396,15560,0.15095038719478307,0.48844801607232546
33870,0.8284999999999999,1,4,1,589318,16292,92397,15559,0.15091333506243285,0.48849329691375465
33871,0.8285714285714286,0,2,0,589320,16290,92397,15559,0.15089480899625773,0.4885239724952118
33872,0.8286666666666668,0,3,0,589323,16287,92397,15559,0.15086701989699508,0.4885699930917541
33873,0.8286756854256856,1,3,1,589326,16284,92398,15558,0.1508392307977324,0.488599962313925
33874,0.8286904761904761,0,4,0,589330,16280,92398,15558,0.1508021786653822,0.4886613480746278
33875,0.8286904761904762,0,1,0,589331,16279,92398,15558,0.15079291563229463,0.4886766969249615
33876,0.8287142857142856,0,2,0,589333,16277,92398,15558,0.15077438956611952,0.48870739751845454
33877,0.82875,0,2,0,589335,16275,92398,15558,0.1507558634999444,0.4887381019696541
33878,0.8288333333333334,1,0,1,589335,16275,92399,15557,0.1507558634999444,0.4887220407137472
33879,0.8288968253968254,0,1,0,589336,16274,92399,15557,0.15074660046685687,0.4887373943639848
33880,0.8289761904761903,0,1,0,589337,16273,92399,15557,0.15073733743376933,0.48875274897895066
33881,0.8289999999999997,1,2,1,589339,16271,92400,15556,0.1507188113675942,0.48876739874948943
33882,0.829,1,0,1,589339,16271,92401,15555,0.1507188113675942,0.4887513353861623
33883,0.8290000000000001,8,12,8,589351,16259,92409,15547,0.15060765497054354,0.48880714330629443
33884,0.829047619047619,0,2,0,589353,16257,92409,15547,0.15058912890436846,0.48883788202741796
33885,0.8290505050505051,0,1,0,589354,16256,92409,15547,0.1505798658712809,0.4888532528377826
33886,0.8291666666666664,1,0,1,589354,16256,92410,15546,0.1505798658712809,0.48883718005156906
33887,0.8291666666666666,9,7,9,589361,16249,92419,15537,0.150515024639668,0.48880010067325236
33888,0.8291666666666667,7,11,7,589372,16238,92426,15530,0.1504131312757049,0.48885671115588014
33889,0.8292777777777774,2,5,2,589377,16233,92428,15528,0.15036681611026714,0.4889014829507887
33890,0.8292857142857143,1,2,1,589379,16231,92429,15527,0.15034829004409203,0.48891617860066755
33891,0.8293095238095239,0,1,0,589380,16230,92429,15527,0.1503390270110045,0.48893157414113425
33892,0.8293333333333333,0,2,0,589382,16228,92429,15527,0.15032050094482938,0.48896236813100297
33893,0.8293333333333334,7,10,7,589392,16218,92436,15520,0.15022787061395385,0.48900371794063896
33894,0.8293333333333335,0,1,0,589393,16217,92436,15520,0.15021860758086628,0.4890191259413303
33895,0.829420634920635,0,2,0,589395,16215,92436,15520,0.15020008151469116,0.4890499448558374
33896,0.8294285714285715,0,1,0,589396,16214,92436,15520,0.15019081848160362,0.4890653557698368
33897,0.8294444444444443,1,1,1,589397,16213,92437,15519,0.15018155544851605,0.48906466658262954
33898,0.8294999999999999,0,1,0,589398,16212,92437,15519,0.1501722924154285,0.48908007941760423
33899,0.8295,2,3,2,589401,16209,92439,15517,0.15014450331616586,0.48909411838870326
33900,0.8295238095238092,1,1,1,589402,16208,92440,15516,0.1501352402830783,0.48909343084100365
33901,0.8295238095238094,1,0,1,589402,16208,92441,15515,0.1501352402830783,0.4890773255997226
33902,0.8295714285714287,0,2,0,589404,16206,92441,15515,0.15011671421690317,0.48910816178556793
33903,0.8295873015873017,0,1,0,589405,16205,92441,15515,0.15010745118381563,0.4891235813366961
33904,0.829590909090909,0,1,0,589406,16204,92441,15515,0.15009818815072806,0.48913900186008386
33905,0.8296111111111111,0,1,0,589407,16203,92441,15515,0.15008892511764052,0.4891544233558232
33906,0.8296428571428571,0,1,0,589408,16202,92441,15515,0.15007966208455298,0.4891698458240061
33907,0.8296666666666666,0,1,0,589409,16201,92441,15515,0.1500703990514654,0.48918526926472444
33908,0.8296666666666667,2,3,2,589412,16198,92443,15513,0.15004260995220275,0.4891993314622686
33909,0.829702380952381,0,1,0,589413,16197,92443,15513,0.15003334691911518,0.4892147587511826
33910,0.8297857142857142,0,1,0,589414,16196,92443,15513,0.15002408388602764,0.48923018701315085
33911,0.8298214285714285,0,1,0,589415,16195,92443,15513,0.15001482085294007,0.4892456162482654
33912,0.8298333333333333,2,2,2,589417,16193,92445,15511,0.149996294786765,0.4892442593994449
33913,0.8298333333333335,1,2,1,589419,16191,92446,15510,0.14997776872058988,0.4892590139112331
33914,0.8299047619047619,0,1,0,589420,16190,92446,15510,0.1499685056875023,0.4892744479495268
33915,0.829904761904762,0,2,0,589422,16188,92446,15510,0.1499499796213272,0.4893053189475677
33916,0.8299523809523811,1,2,1,589424,16186,92447,15509,0.1499314535551521,0.4893200820318662
33917,0.8299761904761904,0,1,0,589425,16185,92447,15509,0.14992219052206454,0.4893355209187859
33918,0.8299999999999998,4,5,4,589430,16180,92451,15505,0.14987587535662678,0.48934827205302195
33919,0.83,730,909,730,590339,15271,93181,14775,0.14145577828004002,0.4917459894827931
33920,0.8300000000000002,3,3,3,590342,15268,93184,14772,0.14142798918077734,0.49174434087882823
33921,0.8300238095238095,1,0,1,590342,15268,93185,14771,0.14142798918077734,0.4917274210193415
33922,0.8300454545454545,0,1,0,590343,15267,93185,14771,0.1414187261476898,0.4917437911978161
33923,0.830047619047619,0,1,0,590344,15266,93185,14771,0.14140946311460226,0.49176016246629156
33924,0.8301190476190476,0,2,0,590346,15264,93185,14771,0.14139093704842715,0.4917929082736807
33925,0.8301666666666666,1,1,1,590347,15263,93186,14770,0.14138167401533958,0.49179236173542434
33926,0.8302142857142859,0,1,0,590348,15262,93186,14770,0.14137241098225203,0.49180873734683006
33927,0.8303333333333334,1,4,1,590352,15258,93187,14769,0.1413353588499018,0.491857328404436
33928,0.8303333333333335,0,1,0,590353,15257,93187,14769,0.14132609581681427,0.4918737094518084
33929,0.8304065656565656,1,3,1,590356,15254,93188,14768,0.14129830671755159,0.49190593564719204
33930,0.8304163059163058,1,4,1,590360,15250,93189,14767,0.1412612545852014,0.4919545590831862
33931,0.8304523809523809,0,3,0,590363,15247,93189,14767,0.1412334654859387,0.4920037315919238
33932,0.8304920634920637,0,1,0,590364,15246,93189,14767,0.14122420245285117,0.49202012461266786
33933,0.8305,1,2,1,590366,15244,93190,14766,0.14120567638667605,0.49203598800399867
33934,0.8305000000000001,1,0,1,590366,15244,93191,14765,0.14120567638667605,0.49201906094838216
33935,0.8305238095238094,0,2,0,590368,15242,93191,14765,0.14118715032050094,0.49205185456726763
33936,0.8305476190476191,0,1,0,590369,15241,93191,14765,0.1411778872874134,0.49206825301606344
33937,0.8306168276168276,3,0,3,590369,15241,93194,14762,0.1411778872874134,0.4920174649201747
33938,0.8306666666666664,0,1,0,590370,15240,93194,14762,0.14116862425432583,0.4920338644090394
33939,0.8306666666666667,2,9,2,590379,15231,93196,14760,0.14108525695653784,0.492147644293288
33940,0.8306666666666668,1,2,1,590381,15229,93197,14759,0.14106673089036273,0.4921635320794985
33941,0.8307142857142857,0,1,0,590382,15228,93197,14759,0.1410574678572752,0.4921799446426785
33942,0.8308333333333333,7,11,7,590393,15217,93204,14752,0.14095557449331209,0.49224198338282893
33943,0.8308333333333334,4,4,4,590397,15213,93208,14748,0.14091852236096186,0.4922399118854511
33944,0.8308571428571427,0,1,0,590398,15212,93208,14748,0.14090925932787432,0.4922563417890521
33945,0.8308717351377028,3,3,3,590401,15209,93211,14745,0.14088147022861167,0.4922547906790412
33946,0.8309285714285716,0,2,0,590403,15207,93211,14745,0.14086294416243655,0.49228766025641024
33947,0.8309761904761905,0,1,0,590404,15206,93211,14745,0.14085368112934898,0.4923040966912624
33948,0.8309848484848484,0,1,0,590405,15205,93211,14745,0.14084441809626144,0.4923205342237062
33949,0.831,10,4,10,590409,15201,93221,14735,0.14080736596391122,0.49221672902191344
33950,0.8310000000000001,2,1,2,590410,15200,93223,14733,0.14079810293082368,0.49219924498045636
33951,0.8310000000000002,0,1,0,590411,15199,93223,14733,0.1407888398977361,0.49221568889482825
33952,0.831047619047619,1,0,1,590411,15199,93224,14732,0.1407888398977361,0.4921987237312485
33953,0.8310674603174603,2,1,2,590412,15198,93226,14730,0.14077957686464856,0.4921812349639134
33954,0.8311031746031747,0,1,0,590413,15197,93226,14730,0.140770313831561,0.49219768102382466
33955,0.831111111111111,0,1,0,590414,15196,93226,14730,0.14076105079847345,0.49221412818285104
33956,0.8311587301587302,1,2,1,590416,15194,93227,14729,0.14074252473229834,0.49223005714667645
33957,0.8311666666666666,0,1,0,590417,15193,93227,14729,0.1407332616992108,0.49224650758639127
33958,0.8311904761904763,1,1,1,590418,15192,93228,14728,0.14072399866612323,0.49224598930481284
33959,0.8312579365079364,1,2,1,590420,15190,93229,14727,0.14070547259994812,0.49226192465822105
33960,0.8312817460317461,1,0,1,590420,15190,93230,14726,0.14070547259994812,0.4922449525337612
33961,0.8313333333333333,1,5,1,590425,15185,93231,14725,0.14065915743451035,0.49231026412571044
33962,0.8313333333333334,1,3,1,590428,15182,93232,14724,0.1406313683352477,0.492342673710961
33963,0.831357142857143,0,1,0,590429,15181,93232,14724,0.14062210530216013,0.4923591372680154
33964,0.8313679653679652,0,1,0,590430,15180,93232,14724,0.14061284226907259,0.4923756019261637
33965,0.8313809523809524,1,1,1,590431,15179,93233,14723,0.14060357923598504,0.4923750919670925
33966,0.8314285714285714,1,0,1,590431,15179,93234,14722,0.14060357923598504,0.49235811511320693
33967,0.8314347041847043,0,2,0,590433,15177,93234,14722,0.14058505316980993,0.49239104986788856
33968,0.8314999999999999,0,1,0,590434,15176,93234,14722,0.14057579013672236,0.4924075188975851
33969,0.8315,2,5,2,590439,15171,93236,14720,0.1405294749712846,0.4924559231875815
33970,0.8315357142857143,1,1,1,590440,15170,93237,14719,0.14052021193819705,0.4924554183813443
33971,0.8316190476190477,0,1,0,590441,15169,93237,14719,0.14051094890510948,0.4924718950749465
33972,0.8316666666666666,30,35,30,590476,15134,93267,14689,0.1401867427470451,0.49253931529356537
33973,0.8316666666666667,15,19,15,590495,15115,93282,14674,0.14001074511838157,0.4925979388364833
33974,0.8318333333333332,0,4,0,590499,15111,93282,14674,0.13997369298603135,0.49266409266409267
33975,0.8318333333333334,1,1,1,590500,15110,93283,14673,0.13996442995294378,0.4926636000402914
33976,0.8319761904761904,0,3,0,590503,15107,93283,14673,0.13993664085368113,0.4927132303559436
33977,0.8319999999999997,1,1,1,590504,15106,93284,14672,0.13992737782059358,0.4927127409496944
33978,0.8319999999999999,1,1,1,590505,15105,93285,14671,0.13991811478750601,0.49271225147770015
33979,0.8320000000000001,4,8,4,590513,15097,93289,14667,0.1398440105228056,0.49277650853379923
33980,0.8320238095238095,0,1,0,590514,15096,93289,14667,0.13983474748971803,0.49279306521520005
33981,0.8320476190476191,1,0,1,590514,15096,93290,14666,0.13983474748971803,0.492776023116726
33982,0.8320714285714287,0,1,0,590515,15095,93290,14666,0.13982548445663048,0.4927925808944592
33983,0.8321302308802306,0,1,0,590516,15094,93290,14666,0.1398162214235429,0.4928091397849462
33984,0.8321666666666665,1,0,1,590516,15094,93291,14665,0.1398162214235429,0.4927920965086192
33985,0.8321666666666667,0,1,0,590517,15093,93291,14665,0.13980695839045537,0.49280865649573224
33986,0.832202380952381,1,1,1,590518,15092,93292,14664,0.13979769535736783,0.4928081731415513
33987,0.8322142857142858,0,1,0,590519,15091,93292,14664,0.13978843232428026,0.49282473533859855
33988,0.8322222222222223,1,0,1,590519,15091,93293,14663,0.13978843232428026,0.49280768972239025
33989,0.8323077200577199,0,3,0,590522,15088,93293,14663,0.1397606432250176,0.4928573829451111
33990,0.8323333333333331,1,1,1,590523,15087,93294,14662,0.13975138019193004,0.49285690275303373
33991,0.8323333333333334,4,6,4,590529,15081,93298,14658,0.13969580199340473,0.4928881267023101
33992,0.8323809523809524,1,0,1,590529,15081,93299,14657,0.13969580199340473,0.4928710740466743
33993,0.8324999999999997,0,1,0,590530,15080,93299,14657,0.13968653896031716,0.4928876483841679
33994,0.8324999999999999,0,2,0,590532,15078,93299,14657,0.13966801289414205,0.49292080040356484
33995,0.8325,32,43,32,590575,15035,93331,14625,0.13926970247137724,0.49308833445718137
33996,0.8325000000000001,1,5,1,590580,15030,93332,14624,0.13922338730593944,0.49315438052202065
33997,0.8325714285714285,0,1,0,590581,15029,93332,14624,0.1392141242728519,0.493171011364786
33998,0.8325714285714286,1,0,1,590581,15029,93333,14623,0.1392141242728519,0.49315391879131254
33999,0.8326190476190476,0,1,0,590582,15028,93333,14623,0.13920486123976436,0.4931705507402786
34000,0.8326666666666666,0,3,0,590585,15025,93333,14623,0.13917707214050168,0.49322045331894226
34001,0.8326666666666667,3,7,3,590592,15018,93336,14620,0.1391122309088888,0.49328564680477766
34002,0.8326666666666668,0,2,0,590594,15016,93336,14620,0.1390937048427137,0.4933189364286678
34003,0.8326904761904761,1,1,1,590595,15015,93337,14619,0.13908444180962615,0.4933184855233853
34004,0.832740231990232,0,1,0,590596,15014,93337,14619,0.13907517877653858,0.4933351331286066
34005,0.8327500000000001,1,0,1,590596,15014,93338,14618,0.13907517877653858,0.49331803455723544
34006,0.8327619047619046,1,0,1,590596,15014,93339,14617,0.13907517877653858,0.493300934831764
34007,0.8327777777777777,0,1,0,590597,15013,93339,14617,0.13906591574345104,0.4933175835302059
34008,0.8328095238095239,0,1,0,590598,15012,93339,14617,0.1390566527103635,0.49333423335245874
34009,0.8328333333333333,1,1,1,590599,15011,93340,14616,0.13904738967727592,0.4933337833732744
34010,0.8328571428571427,0,1,0,590600,15010,93340,14616,0.13903812664418838,0.49335043542833995
34011,0.8329166666666665,0,1,0,590601,15009,93340,14616,0.1390288636111008,0.49336708860759493
34012,0.8329285714285715,0,1,0,590602,15008,93340,14616,0.13901960057801327,0.4933837429111531
34013,0.8329444444444443,1,0,1,590602,15008,93341,14615,0.13901960057801327,0.49336664078587583
34014,0.8329761904761905,0,1,0,590603,15007,93341,14615,0.1390103375449257,0.4933832961987712
34015,0.8329999999999999,0,1,0,590604,15006,93341,14615,0.13900107451183816,0.49339995273623444
34016,0.833,2,8,2,590612,14998,93343,14613,0.1389269702471377,0.4934990375198406
34017,0.8330000000000001,0,1,0,590613,14997,93343,14613,0.13891770721405017,0.49351570415400203
34018,0.8330714285714285,0,1,0,590614,14996,93343,14613,0.13890844418096263,0.4935323719139451
34019,0.8330753968253969,1,0,1,590614,14996,93344,14612,0.13890844418096263,0.4935152661442853
34020,0.8331666666666665,1,0,1,590614,14996,93345,14611,0.13890844418096263,0.4934981592191036
34021,0.8331666666666666,0,2,0,590616,14994,93345,14611,0.13888991811478751,0.49353149805776053
34022,0.8331666666666667,1,4,1,590620,14990,93346,14610,0.1388528659824373,0.49358108108108106
34023,0.8331738816738817,0,1,0,590621,14989,93346,14610,0.13884360294934975,0.49359775668096895
34024,0.8331904761904763,1,2,1,590623,14987,93347,14609,0.13882507688317464,0.4936140018921476
34025,0.833202380952381,0,1,0,590624,14986,93347,14609,0.13881581385008707,0.49363068085825307
34026,0.8332142857142857,0,1,0,590625,14985,93347,14609,0.13880655081699952,0.4936473609515442
34027,0.8332777777777777,0,2,0,590627,14983,93347,14609,0.1387880247508244,0.49368072452014056
34028,0.8332857142857142,1,1,1,590628,14982,93348,14608,0.13877876171773684,0.49368029739776953
34029,0.8333333333333333,47,49,47,590677,14933,93395,14561,0.1383248730964467,0.49369363260324134
34030,0.8333333333333335,36,55,36,590732,14878,93431,14525,0.13781540627663122,0.49399721116892836
34031,0.8333611111111112,0,1,0,590733,14877,93431,14525,0.13780614324354368,0.4940140126522005
34032,0.8333690476190476,1,2,1,590735,14875,93432,14524,0.13778761717736857,0.4940304091975918
34033,0.8334166666666666,1,0,1,590735,14875,93433,14523,0.13778761717736857,0.4940131981767467
34034,0.8334404761904761,0,1,0,590736,14874,93433,14523,0.137778354144281,0.4940300030615369
34035,0.8334642857142857,0,1,0,590737,14873,93433,14523,0.13776909111119345,0.4940468090896721
34036,0.8334999999999999,2,10,2,590747,14863,93435,14521,0.1376764607803179,0.49418050639803973
34037,0.8335714285714285,0,2,0,590749,14861,93435,14521,0.1376579347141428,0.494214144714451
34038,0.8335714285714286,1,2,1,590751,14859,93436,14520,0.1376394086479677,0.494230572858164
34039,0.8335833333333333,0,1,0,590752,14858,93436,14520,0.13763014561488013,0.4942473960106202
34040,0.8335952380952381,1,1,1,590753,14857,93437,14519,0.1376208825817926,0.49424700435729846
34041,0.8336309523809521,1,1,1,590754,14856,93438,14518,0.13761161954870502,0.4942466126506434
34042,0.8336666666666666,2,2,2,590756,14854,93440,14516,0.13759309348252993,0.49424582907728976
34043,0.8336666666666668,1,2,1,590758,14852,93441,14515,0.13757456741635482,0.4942622671706337
34044,0.8336969696969697,1,0,1,590758,14852,93442,14514,0.13757456741635482,0.494245045290472
34045,0.8337222222222223,0,1,0,590759,14851,93442,14514,0.13756530438326725,0.4942618763834497
34046,0.8337619047619047,1,0,1,590759,14851,93443,14513,0.13756530438326725,0.4942446533169868
34047,0.8338095238095238,1,0,1,590759,14851,93444,14512,0.13756530438326725,0.49422742907741035
34048,0.8338333333333332,0,1,0,590760,14850,93444,14512,0.1375560413501797,0.49424426129010285
34049,0.8338809523809525,0,2,0,590762,14848,93444,14512,0.1375375152840046,0.4942779291553134
34050,0.8338888888888889,0,1,0,590763,14847,93444,14512,0.13752825225091703,0.49429476480806567
34051,0.833952380952381,0,1,0,590764,14846,93444,14512,0.13751898921782948,0.49431160160773896
34052,0.8339642857142857,0,1,0,590765,14845,93444,14512,0.13750972618474194,0.4943284395544504
34053,0.834,0,1,0,590766,14844,93444,14512,0.13750046315165437,0.49434527864831723
34054,0.8340000000000001,15,20,15,590786,14824,93459,14497,0.13731520248990328,0.4944237918215613
34055,0.8340000000000002,0,1,0,590787,14823,93459,14497,0.13730593945681574,0.4944406548431105
34056,0.834031746031746,0,2,0,590789,14821,93459,14497,0.13728741339064063,0.4944743843372672
34057,0.8340476190476189,0,1,0,590790,14820,93459,14497,0.13727815035755309,0.4944912508101102
34058,0.8340476190476193,2,0,2,590790,14820,93461,14495,0.13727815035755309,0.49445676274944567
34059,0.8341190476190476,1,1,1,590791,14819,93462,14494,0.13726888732446552,0.4944563845392829
34060,0.8341666666666666,6,4,6,590795,14815,93468,14488,0.13723183519211532,0.49442036651537385
34061,0.8341666666666667,5,5,5,590800,14810,93473,14483,0.13718552002667753,0.4944184617485406
34062,0.8342658730158731,0,1,0,590801,14809,93473,14483,0.13717625699358998,0.4944353407073604
34063,0.8342857142857143,1,2,1,590803,14807,93474,14482,0.13715773092741487,0.4944518419884598
34064,0.8343333333333333,0,1,0,590804,14806,93474,14482,0.13714846789432733,0.49446872439224254
34065,0.8343333333333334,1,6,1,590810,14800,93475,14481,0.137092889695802,0.4945527816672928
34066,0.8344112554112556,0,1,0,590811,14799,93475,14481,0.13708362666271445,0.49456967213114755
34067,0.8344166666666666,0,1,0,590812,14798,93475,14481,0.13707436362962688,0.4945865637487619
34068,0.8344371184371182,0,1,0,590813,14797,93475,14481,0.13706510059653934,0.4946034565202541
34069,0.8344484126984123,1,3,1,590816,14794,93476,14480,0.13703731149727666,0.4946368791419007
34070,0.8344729437229436,1,2,1,590818,14792,93477,14479,0.13701878543110155,0.49465341122612827
34071,0.8344761904761904,0,2,0,590820,14790,93477,14479,0.13700025936492646,0.4946872117257166
34072,0.8345,2,0,2,590820,14790,93479,14477,0.13700025936492646,0.49465268049338845
34073,0.8345000000000001,1,1,1,590821,14789,93480,14476,0.1369909963318389,0.49465231505211005
34074,0.8345833333333335,2,2,2,590823,14787,93482,14474,0.13697247026566378,0.4946515840196849
34075,0.8346428571428571,0,1,0,590824,14786,93482,14474,0.13696320723257624,0.49466848940533154
34076,0.8346428571428572,1,0,1,590824,14786,93483,14473,0.13696320723257624,0.4946512184285177
34077,0.8346547619047618,0,1,0,590825,14785,93483,14473,0.13695394419948867,0.49466812495727663
34078,0.8346587301587298,0,1,0,590826,14784,93483,14473,0.13694468116640113,0.49468503264176095
34079,0.8346666666666667,4,2,4,590828,14782,93487,14469,0.13692615510022602,0.49464975556391233
34080,0.8348095238095236,1,0,1,590828,14782,93488,14468,0.13692615510022602,0.4946324786324786
34081,0.8348095238095238,1,0,1,590828,14782,93489,14467,0.13692615510022602,0.4946152005196759
34082,0.8348333333333332,2,1,2,590829,14781,93491,14465,0.13691689206713847,0.4945975518019558
34083,0.8348333333333333,0,1,0,590830,14780,93491,14465,0.1369076290340509,0.49461446401094206
34084,0.8348333333333335,1,1,1,590831,14779,93492,14464,0.13689836600096336,0.49461409568101766
34085,0.8348809523809524,1,0,1,590831,14779,93493,14463,0.13689836600096336,0.4945968128035018
34086,0.8349999999999999,2,2,2,590833,14777,93495,14461,0.13687983993478825,0.49459607360284563
34087,0.835,166,230,166,591063,14547,93661,14295,0.13474934232465077,0.4956313709174121
34088,0.8350000000000002,2,2,2,591065,14545,93663,14293,0.1347308162584757,0.49563076496289615
34089,0.8351190476190475,1,0,1,591065,14545,93664,14292,0.1347308162584757,0.495613274612477
34090,0.8351666666666665,0,1,0,591066,14544,93664,14292,0.13472155322538812,0.49563046192259674
34091,0.8351666666666666,2,5,2,591071,14539,93666,14290,0.13467523805995035,0.49568143189149816
34092,0.8352142857142856,0,2,0,591073,14537,93666,14290,0.13465671199377524,0.4957158219724564
34093,0.8352380952380952,1,0,1,591073,14537,93667,14289,0.13465671199377524,0.49569832789842505
34094,0.83525,0,1,0,591074,14536,93667,14289,0.1346474489606877,0.49571552471812663
34095,0.8352857142857141,1,0,1,591074,14536,93668,14288,0.1346474489606877,0.49569802941992785
34096,0.8353333333333332,1,0,1,591074,14536,93669,14287,0.1346474489606877,0.4956805329077473
34097,0.8353333333333333,3,2,3,591076,14534,93672,14284,0.1346289228945126,0.4956624332014713
34098,0.8353333333333335,0,2,0,591078,14532,93672,14284,0.13461039682833748,0.4956968350916158
34099,0.8354246031746031,0,2,0,591080,14530,93672,14284,0.13459187076216236,0.495731241757479
34100,0.8354761904761905,1,0,1,591080,14530,93673,14283,0.13459187076216236,0.4957137403255475
34101,0.8355,2,4,2,591084,14526,93675,14281,0.13455481862981214,0.4957475613566147
34102,0.8355000000000001,1,0,1,591084,14526,93676,14280,0.13455481862981214,0.4957300562382837
34103,0.835547619047619,0,1,0,591085,14525,93676,14280,0.1345455555967246,0.4957472660996355
34104,0.8355833333333336,0,1,0,591086,14524,93676,14280,0.13453629256363703,0.49576447715595057
34105,0.835595238095238,1,1,1,591087,14523,93677,14279,0.13452702953054949,0.49576418304284425
34106,0.8356666666666664,0,1,0,591088,14522,93677,14279,0.13451776649746192,0.4957813964792889
34107,0.8356666666666667,2,4,2,591092,14518,93679,14277,0.13448071436511172,0.4958152457023789
34108,0.8356666666666669,0,2,0,591094,14516,93679,14277,0.1344621882989366,0.4958496856874935
34109,0.8357142857142857,1,3,1,591097,14513,93680,14276,0.13443439919967395,0.4958838445239501
34110,0.8357142857142859,0,1,0,591098,14512,93680,14276,0.13442513616658638,0.495901069890232
34111,0.8357857142857144,0,2,0,591100,14510,93680,14276,0.13440661010041127,0.4959355242131592
34112,0.835797619047619,0,1,0,591101,14509,93680,14276,0.13439734706732373,0.49595275317005383
34113,0.8358333333333333,7,8,7,591109,14501,93687,14269,0.13432324280262328,0.4959680222453945
34114,0.8358333333333334,4,7,4,591116,14494,93691,14265,0.1342584015710104,0.496018637643868
34115,0.835952380952381,0,1,0,591117,14493,93691,14265,0.13424913853792286,0.4960358856665971
34116,0.8359761904761907,0,1,0,591118,14492,93691,14265,0.1342398755048353,0.49605313488889663
34117,0.836,11,31,11,591149,14461,93702,14254,0.13395272147912113,0.4963956120494515
34118,0.8360000000000001,2,3,2,591152,14458,93704,14252,0.13392493237985847,0.4964123998606757
34119,0.8360396825396822,1,2,1,591154,14456,93705,14251,0.13390640631368336,0.49642944229630404
34120,0.8360476190476192,0,2,0,591156,14454,93705,14251,0.13388788024750825,0.49646403065668004
34121,0.8361190476190475,0,2,0,591158,14452,93705,14251,0.13386935418133314,0.49649862383722954
34122,0.8361190476190477,1,2,1,591160,14450,93706,14250,0.13385082811515803,0.4965156794425087
34123,0.8361587301587301,0,1,0,591161,14449,93706,14250,0.13384156508207048,0.4965329802432141
34124,0.8361666666666666,0,1,0,591162,14448,93706,14250,0.13383230204898292,0.4965502822496341
34125,0.8361666666666667,0,2,0,591164,14446,93706,14250,0.1338137759828078,0.49658488988012267
34126,0.8361785714285714,0,1,0,591165,14445,93706,14250,0.13380451294972026,0.4966021955044433
34127,0.8362142857142857,1,1,1,591166,14444,93707,14249,0.1337952499166327,0.4966019586658767
34128,0.8362142857142858,0,1,0,591167,14443,93707,14249,0.13378598688354515,0.496619266694549
34129,0.83625,0,1,0,591168,14442,93707,14249,0.1337767238504576,0.49663657592973404
34130,0.8363095238095238,0,1,0,591169,14441,93707,14249,0.13376746081737004,0.49665388637155805
34131,0.836309523809524,0,1,0,591170,14440,93707,14249,0.1337581977842825,0.4966711980201471
34132,0.8363333333333333,1,5,1,591175,14435,93708,14248,0.1337118826188447,0.49674022940417667
34133,0.8363333333333334,0,4,0,591179,14431,93708,14248,0.1336748304864945,0.4968095121866174
34134,0.8363333333333336,0,1,0,591180,14430,93708,14248,0.13366556745340694,0.4968268359020852
34135,0.8363809523809523,1,0,1,591180,14430,93709,14247,0.13366556745340694,0.49680928967465215
34136,0.8364199134199136,0,2,0,591182,14428,93709,14247,0.13364704138723182,0.49684394071490845
34137,0.8364285714285714,0,1,0,591183,14427,93709,14247,0.13363777835414428,0.49686126804770875
34138,0.8364999999999998,2,1,2,591184,14426,93711,14245,0.13362851532105674,0.49684350040110214
34139,0.8364999999999999,0,2,0,591186,14424,93711,14245,0.13360998925488163,0.4968781610799121
34140,0.8365,3,5,3,591191,14419,93714,14242,0.13356367408944383,0.49691218031471335
34141,0.8365000000000002,0,2,0,591193,14417,93714,14242,0.13354514802326875,0.49694685788059595
34142,0.8365079365079366,1,0,1,591193,14417,93715,14241,0.13354514802326875,0.496929304208249
34143,0.8366666666666666,37,68,37,591261,14349,93752,14204,0.13291526177331506,0.4974608622561552
34144,0.8366666666666667,39,54,39,591315,14295,93791,14165,0.13241505798658712,0.4977160927617709
34145,0.8367857142857146,0,1,0,591316,14294,93791,14165,0.13240579495349958,0.49773358164376824
34146,0.8368095238095238,0,1,0,591317,14293,93791,14165,0.132396531920412,0.4977510717548668
34147,0.8368214285714285,1,2,1,591319,14291,93792,14164,0.13237800585423692,0.4977684062554911
34148,0.8368333333333333,0,1,0,591320,14290,93792,14164,0.13236874282114935,0.4977859000492022
34149,0.8368333333333335,1,0,1,591320,14290,93793,14163,0.13236874282114935,0.49776824939373704
34150,0.8369047619047619,0,1,0,591321,14289,93793,14163,0.1323594797880618,0.49778574441164064
34151,0.8369285714285714,3,0,3,591321,14289,93796,14160,0.1323594797880618,0.497732784983655
34152,0.8369444444444443,0,2,0,591323,14287,93796,14160,0.1323409537218867,0.4977677786761346
34153,0.8369523809523808,0,2,0,591325,14285,93796,14160,0.1323224276557116,0.49780277728950606
34154,0.8369761904761905,2,0,2,591325,14285,93798,14158,0.1323224276557116,0.4977674647540695
34155,0.8369999999999999,3,2,3,591327,14283,93801,14155,0.13230390158953648,0.49774949011885505
34156,0.8370000000000001,5,8,5,591335,14275,93806,14150,0.13222979732483606,0.49780123131046616
34157,0.8370000000000002,1,0,1,591335,14275,93807,14149,0.13222979732483606,0.49778356318603995
34158,0.8370238095238096,0,1,0,591336,14274,93807,14149,0.1322205342917485,0.4978010765929001
34159,0.837047619047619,1,0,1,591336,14274,93808,14148,0.1322205342917485,0.49778340721975933
34160,0.8371428571428571,1,0,1,591336,14274,93809,14147,0.1322205342917485,0.49776573660321594
34161,0.8371428571428572,1,0,1,591336,14274,93810,14146,0.1322205342917485,0.49774806474313865
34162,0.8372222222222223,0,2,0,591338,14272,93810,14146,0.13220200822557338,0.49778309522133857
34163,0.8372539682539683,0,1,0,591339,14271,93810,14146,0.13219274519248583,0.49780061230953304
34164,0.8372857142857144,3,0,3,591339,14271,93813,14143,0.13219274519248583,0.49774758921658335
34165,0.8373333333333332,0,3,0,591342,14268,93813,14143,0.13216495609322315,0.4978001478300658
34166,0.8373333333333334,3,7,3,591349,14261,93816,14140,0.13210011486161027,0.4978697933171367
34167,0.8373333333333335,1,0,1,591349,14261,93817,14139,0.13210011486161027,0.49785211267605634
34168,0.8373650793650793,0,1,0,591350,14260,93817,14139,0.13209085182852273,0.4978696432972992
34169,0.8373809523809524,0,1,0,591351,14259,93817,14139,0.1320815887954352,0.4978871751531798
34170,0.8374642857142858,1,1,1,591352,14258,93818,14138,0.13207232576234762,0.49788702634173826
34171,0.8374761904761903,0,1,0,591353,14257,93818,14138,0.13206306272926008,0.4979045606620884
34172,0.8374920634920635,0,2,0,591355,14255,93818,14138,0.13204453666308497,0.4979396330081358
34173,0.8374999999999999,0,3,0,591358,14252,93818,14138,0.13201674756382228,0.49799225079253256
34174,0.8375,32,62,32,591420,14190,93850,14106,0.13144243951239393,0.49851569126378287
34175,0.8375000000000001,1,2,1,591422,14188,93851,14105,0.13142391344621884,0.49853320609338
34176,0.8375476190476191,0,1,0,591423,14187,93851,14105,0.13141465041313127,0.4985508270889297
34177,0.8375595238095239,1,0,1,591423,14187,93852,14104,0.13141465041313127,0.49853310240005655
34178,0.8376111111111111,1,0,1,591423,14187,93853,14103,0.13141465041313127,0.4985153764581124
34179,0.8376190476190476,2,5,2,591428,14182,93855,14101,0.1313683352476935,0.4985680444083018
34180,0.837642857142857,0,1,0,591429,14181,93855,14101,0.13135907221460594,0.4985856728661339
34181,0.8376666666666666,0,3,0,591432,14178,93855,14101,0.13133128311534328,0.4986385657201457
34182,0.8376666666666667,0,5,0,591437,14173,93855,14101,0.13128496794990552,0.4987267454198203
34183,0.8376666666666668,0,3,0,591440,14170,93855,14101,0.13125717885064286,0.4987796682112412
34184,0.8378095238095239,0,1,0,591441,14169,93855,14101,0.1312479158175553,0.4987973116377786
34185,0.8378333333333333,0,1,0,591442,14168,93855,14101,0.13123865278446775,0.49881495631256856
34186,0.8378333333333334,0,1,0,591443,14167,93855,14101,0.13122938975138018,0.4988326022357436
34187,0.8379166666666668,0,1,0,591444,14166,93855,14101,0.13122012671829264,0.4988502494074362
34188,0.8379999999999999,1,0,1,591444,14166,93856,14100,0.13122012671829264,0.49883251963489705
34189,0.838,11,28,11,591472,14138,93867,14089,0.13096076179184113,0.499132036702448
34190,0.8380000000000001,2,1,2,591473,14137,93869,14087,0.13095149875875356,0.4991142290249433
34191,0.8380238095238094,0,1,0,591474,14136,93869,14087,0.13094223572566602,0.49913191368741805
34192,0.838095238095238,1,1,1,591475,14135,93870,14086,0.13093297269257845,0.4991318521668261
34193,0.8381666666666665,0,2,0,591477,14133,93870,14086,0.13091444662640334,0.4991672277543499
34194,0.8381666666666666,0,2,0,591479,14131,93870,14086,0.13089592056022825,0.4992026083566644
34195,0.8382142857142857,1,2,1,591481,14129,93871,14085,0.13087739449405314,0.4992202452683065
34196,0.8382261904761904,0,1,0,591482,14128,93871,14085,0.13086813146096557,0.4992379399567575
34197,0.8382261904761905,0,4,0,591486,14124,93871,14085,0.13083107932861537,0.49930873125598213
34198,0.83825,0,1,0,591487,14123,93871,14085,0.1308218162955278,0.49932643221781053
34199,0.8383095238095238,0,1,0,591488,14122,93871,14085,0.13081255326244026,0.4993441344347148
34200,0.8383333333333333,18,26,18,591514,14096,93889,14067,0.13057171440216384,0.4994851400774065
34201,0.8383333333333334,22,19,22,591533,14077,93911,14045,0.13039571677350031,0.4994310504231563
34202,0.838345238095238,0,1,0,591534,14076,93911,14045,0.13038645374041277,0.49944881049749296
34203,0.838456349206349,0,2,0,591536,14074,93911,14045,0.13036792767423766,0.49948433443579077
34204,0.8384999999999999,2,3,2,591539,14071,93913,14043,0.13034013857497498,0.49950202745962863
34205,0.8385000000000001,2,0,2,591539,14071,93915,14041,0.13034013857497498,0.4994664200341491
34206,0.8385555555555555,1,0,1,591539,14071,93916,14040,0.13034013857497498,0.49944861442140087
34207,0.8385714285714286,2,4,2,591543,14067,93918,14038,0.13030308644262478,0.49948407756626934
34208,0.8385952380952381,0,2,0,591545,14065,93918,14038,0.13028456037644967,0.49951962423940505
34209,0.8386428571428571,1,1,1,591546,14064,93919,14037,0.1302752973433621,0.49951959005017615
34210,0.8386428571428572,0,3,0,591549,14061,93919,14037,0.13024750824409945,0.49957292333973946
34211,0.8386666666666668,1,6,1,591555,14055,93920,14036,0.1301919300455741,0.4996618133921897
34212,0.8387142857142859,0,1,0,591556,14054,93920,14036,0.13018266701248657,0.4996796012815949
34213,0.83875,1,1,1,591557,14053,93921,14035,0.13017340397939903,0.499679578467673
34214,0.8387619047619047,0,3,0,591560,14050,93921,14035,0.13014561488013635,0.4997329535339149
34215,0.8388333333333332,1,2,1,591562,14048,93922,14034,0.13012708881396123,0.4997507300049854
34216,0.8388452380952381,0,2,0,591564,14046,93922,14034,0.13010856274778612,0.4997863247863248
34217,0.8388722943722944,1,1,1,591565,14045,93923,14033,0.13009929971469858,0.4997863095662084
34218,0.8388809523809523,0,1,0,591566,14044,93923,14033,0.13009003668161104,0.4998041101257257
34219,0.8388888888888889,1,0,1,591566,14044,93924,14032,0.13009003668161104,0.49978629434392363
34220,0.838988095238095,1,2,1,591568,14042,93925,14031,0.13007151061543593,0.4998040822142272
34221,0.839,1,0,1,591568,14042,93926,14030,0.13007151061543593,0.49978626389284697
34222,0.8390000000000001,7,6,7,591574,14036,93933,14023,0.1300159324169106,0.4997683452724616
34223,0.8391666666666666,7,9,7,591583,14027,93940,14016,0.1299325651191226,0.4998038726241843
34224,0.8391666666666667,4,10,4,591593,14017,93944,14012,0.12983993478824707,0.49991080666452603
34225,0.8391746031746031,1,0,1,591593,14017,93945,14011,0.12983993478824707,0.49989296417867846
34226,0.8392142857142857,0,1,0,591594,14016,93945,14011,0.1298306717551595,0.49991080029971097
34227,0.8392857142857143,1,3,1,591597,14013,93946,14010,0.12980288265589685,0.49994647254041324
34228,0.8393333333333333,2,4,2,591601,14009,93948,14008,0.12976583052354662,0.49998215369240107
34229,0.8393333333333334,4,4,4,591605,14005,93952,14004,0.12972877839119643,0.49998214859509443
34230,0.8393809523809523,0,1,0,591606,14004,93952,14004,0.12971951535810886,0.5
34231,0.8395,3,0,3,591606,14004,93955,14001,0.12971951535810886,0.4999464381360471
34232,0.8395238095238095,1,0,1,591606,14004,93956,14000,0.12971951535810886,0.4999285816311955
34233,0.8395454545454544,1,0,1,591606,14004,93957,13999,0.12971951535810886,0.499910723851016
34234,0.8395454545454545,0,1,0,591607,14003,93957,13999,0.1297102523250213,0.49992857653024786
34235,0.8396428571428572,1,0,1,591607,14003,93958,13998,0.1297102523250213,0.49991071747437593
34236,0.8396666666666666,0,1,0,591608,14002,93958,13998,0.12970098929193374,0.49992857142857144
34237,0.8396666666666667,3,6,3,591614,13996,93961,13995,0.12964541109340844,0.49998213711550143
34238,0.8397142857142854,0,1,0,591615,13995,93961,13995,0.12963614806032087,0.5
34239,0.8397142857142857,0,1,0,591616,13994,93961,13995,0.12962688502723332,0.5000178641609203
34240,0.8397168109668108,0,2,0,591618,13992,93961,13995,0.1296083589610582,0.5000535963125737
34241,0.8398333333333332,0,1,0,591619,13991,93961,13995,0.12959909592797064,0.5000714643035804
34242,0.8398333333333333,1,2,1,591621,13989,93962,13994,0.12958056986179556,0.5000893399564021
34243,0.8398333333333334,1,1,1,591622,13988,93963,13993,0.129571306828708,0.5000893463421607
34244,0.8398809523809523,1,0,1,591622,13988,93964,13992,0.129571306828708,0.5000714796283059
34245,0.8398809523809524,0,2,0,591624,13986,93964,13992,0.12955278076253288,0.5001072271070126
34246,0.8399166666666668,1,0,1,591624,13986,93965,13991,0.12955278076253288,0.500089359116417
34247,0.8399761904761904,1,0,1,591624,13986,93966,13990,0.12955278076253288,0.5000714898484415
34248,0.8399999999999999,0,3,0,591627,13983,93966,13990,0.12952499166327022,0.5001251206520574
34249,0.84,741,820,741,592447,13163,94707,13249,0.12192930453147578,0.5016280478570346
34250,0.8400000000000002,2,2,2,592449,13161,94709,13247,0.12191077846530068,0.5016282944562254
34251,0.8400833333333333,0,1,0,592450,13160,94709,13247,0.12190151543221313,0.5016472904911576
34252,0.8400833333333334,0,1,0,592451,13159,94709,13247,0.12189225239912557,0.5016662879648565
34253,0.8401666666666666,1,3,1,592454,13156,94710,13246,0.1218644632998629,0.5017044163320961
34254,0.8401666666666668,1,0,1,592454,13156,94711,13245,0.1218644632998629,0.50168554221431
34255,0.8401984126984127,0,1,0,592455,13155,94711,13245,0.12185520026677535,0.5017045454545455
34256,0.8402142857142857,0,1,0,592456,13154,94711,13245,0.12184593723368779,0.5017235501344748
34257,0.84025,0,2,0,592458,13152,94711,13245,0.1218274111675127,0.5017615638140698
34258,0.8403246753246756,0,3,0,592461,13149,94711,13245,0.12179962206825003,0.5018185951352581
34259,0.8403333333333333,0,2,0,592463,13147,94711,13245,0.12178109600207492,0.5018566232191574
34260,0.8403333333333335,0,1,0,592464,13146,94711,13245,0.12177183296898736,0.5018756394225304
34261,0.8403571428571428,1,1,1,592465,13145,94712,13244,0.12176256993589982,0.5018757815756565
34262,0.8404166666666667,0,1,0,592466,13144,94712,13244,0.12175330690281226,0.5018948006669698
34263,0.8404444444444443,0,1,0,592467,13143,94712,13244,0.1217440438697247,0.5019138211998333
34264,0.8404523809523811,0,2,0,592469,13141,94712,13244,0.1217255178035496,0.501951866590866
34265,0.8404761904761904,0,1,0,592470,13140,94712,13244,0.12171625477046204,0.5019708914493632
34266,0.8404999999999998,2,0,2,592470,13140,94714,13242,0.12171625477046204,0.5019331362292472
34267,0.8405,1,5,1,592475,13135,94715,13241,0.12166993960502427,0.5020094024871095
34268,0.8405476190476189,1,0,1,592475,13135,94716,13240,0.12166993960502427,0.5019905213270143
34269,0.8406666666666665,0,1,0,592476,13134,94716,13240,0.12166067657193672,0.5020095548646394
34270,0.8406666666666667,4,4,4,592480,13130,94720,13236,0.12162362443958649,0.5020101646059318
34271,0.8406666666666668,1,3,1,592483,13127,94721,13235,0.12159583534032384,0.5020484030043244
34272,0.8406746031746032,0,2,0,592485,13125,94721,13235,0.12157730927414873,0.5020864946889226
34273,0.8407857142857142,0,1,0,592486,13124,94721,13235,0.12156804624106117,0.5021055426988884
34274,0.8407857142857144,0,1,0,592487,13123,94721,13235,0.12155878320797361,0.5021245921541847
34275,0.8408044733044733,0,2,0,592489,13121,94721,13235,0.12154025714179852,0.5021626954014267
34276,0.8408333333333333,5,9,5,592498,13112,94726,13230,0.12145688984401053,0.5022397691898869
34277,0.8408333333333334,5,14,5,592512,13098,94731,13225,0.12132720738078476,0.5024123390191088
34278,0.8408744588744587,0,5,0,592517,13093,94731,13225,0.12128089221534699,0.502507789345695
34279,0.8409761904761904,1,0,1,592517,13093,94732,13224,0.12128089221534699,0.5024888855112665
34280,0.840988095238095,0,1,0,592518,13092,94732,13224,0.12127162918225944,0.5025079799361605
34281,0.841,10,10,10,592528,13082,94742,13214,0.1211789988513839,0.5025098874353514
34282,0.8410000000000001,0,1,0,592529,13081,94742,13214,0.12116973581829635,0.5025289979083476
34283,0.8410198412698413,0,3,0,592532,13078,94742,13214,0.12114194671903368,0.5025863380495968
34284,0.8411111111111111,1,0,1,592532,13078,94743,13213,0.12114194671903368,0.5025674185082347
34285,0.8411428571428572,0,1,0,592533,13077,94743,13213,0.12113268368594612,0.502586534804108
34286,0.8411666666666665,0,1,0,592534,13076,94743,13213,0.12112342065285857,0.5026056525543002
34287,0.8411666666666666,1,1,1,592535,13075,94744,13212,0.12111415761977101,0.502605850800776
34288,0.8411666666666667,0,2,0,592537,13073,94744,13212,0.12109563155359591,0.5026440935894997
34289,0.8411904761904762,0,1,0,592538,13072,94744,13212,0.12108636852050836,0.5026632171663369
34290,0.8412380952380951,1,0,1,592538,13072,94745,13211,0.12108636852050836,0.50264429479131
34291,0.8413333333333333,3,0,3,592538,13072,94748,13208,0.12108636852050836,0.5025875190258752
34292,0.8413571428571427,0,2,0,592540,13070,94748,13208,0.12106784245433325,0.5026257706065911
34293,0.8414200799200799,0,1,0,592541,13069,94748,13208,0.12105857942124569,0.5026448985805076
34294,0.8414761904761905,0,1,0,592542,13068,94748,13208,0.12104931638815813,0.5026640280103517
34295,0.8414999999999999,0,1,0,592543,13067,94748,13208,0.12104005335507058,0.5026831588962892
34296,0.8415,2,4,2,592547,13063,94750,13206,0.12100300122272037,0.5027218394305074
34297,0.841547619047619,0,1,0,592548,13062,94750,13206,0.12099373818963281,0.5027409776153495
34298,0.8415714285714286,1,0,1,592548,13062,94751,13205,0.12099373818963281,0.5027220466745346
34299,0.8416071428571428,0,1,0,592549,13061,94751,13205,0.12098447515654526,0.502741186324526
34300,0.8416255411255412,0,1,0,592550,13060,94751,13205,0.1209752121234577,0.5027603274319437
34301,0.8416666666666666,13,17,13,592567,13043,94764,13192,0.12081774056096928,0.5028397179340576
34302,0.8416666666666667,18,20,18,592587,13023,94782,13174,0.1206324798992182,0.5028820093903882
34303,0.8416746031746031,1,2,1,592589,13021,94783,13173,0.12061395383304309,0.5029014278078949
34304,0.8416825396825396,0,1,0,592590,13020,94783,13173,0.12060469079995553,0.5029206276486085
34305,0.8416904761904763,1,1,1,592591,13019,94784,13172,0.12059542776686798,0.5029208506738956
34306,0.8417499999999998,0,1,0,592592,13018,94784,13172,0.12058616473378043,0.5029400534555174
34307,0.8417500000000001,0,1,0,592593,13017,94784,13172,0.12057690170069288,0.502959257703616
34308,0.8417857142857144,1,1,1,592594,13016,94785,13171,0.12056763866760532,0.5029594837132929
34309,0.8418333333333332,1,2,1,592596,13014,94786,13170,0.12054911260143021,0.5029789184234648
34310,0.8418333333333333,3,6,3,592602,13008,94789,13167,0.12049353440290489,0.5030372492836677
34311,0.8418452380952381,1,0,1,592602,13008,94790,13166,0.12049353440290489,0.5030182623977993
34312,0.841904761904762,1,0,1,592602,13008,94791,13165,0.12049353440290489,0.5029992740610553
34313,0.8419999999999999,1,2,1,592604,13006,94792,13164,0.12047500833672978,0.5030187237294612
34314,0.8420000000000001,10,5,10,592609,13001,94802,13154,0.12042869317129201,0.5029248709615752
34315,0.8420476190476189,0,2,0,592611,12999,94802,13154,0.1204101671051169,0.5029633311665965
34316,0.8420555555555554,0,1,0,592612,12998,94802,13154,0.12040090407202934,0.5029825634750689
34317,0.8420595238095236,1,4,1,592616,12994,94803,13153,0.12036385193967913,0.5030405017784066
34318,0.8420833333333334,0,3,0,592619,12991,94803,13153,0.12033606284041647,0.5030982252141983
34319,0.8421428571428571,0,1,0,592620,12990,94803,13153,0.12032679980732891,0.5031174693034465
34320,0.8421428571428572,0,1,0,592621,12989,94803,13153,0.12031753677424135,0.5031367148649682
34321,0.8422142857142856,0,1,0,592622,12988,94803,13153,0.1203082737411538,0.5031559618989327
34322,0.8422619047619047,0,1,0,592623,12987,94803,13153,0.12029901070806624,0.5031752104055088
34323,0.8422619047619048,0,1,0,592624,12986,94803,13153,0.1202897476749787,0.5031944603848655
34324,0.8423095238095237,1,1,1,592625,12985,94804,13152,0.12028048464189114,0.5031947048245782
34325,0.8423333333333332,0,1,0,592626,12984,94804,13152,0.12027122160880359,0.5032139577594124
34326,0.8423333333333334,2,7,2,592633,12977,94806,13150,0.12020638037719071,0.5033107513300418
34327,0.8424166666666666,2,0,2,592633,12977,94808,13148,0.12020638037719071,0.5032727272727273
34328,0.8424166666666669,1,0,1,592633,12977,94809,13147,0.12020638037719071,0.503253713060787
34329,0.8424761904761905,0,2,0,592635,12975,94809,13147,0.1201878543110156,0.5032922440854453
34330,0.8424999999999997,1,0,1,592635,12975,94810,13146,0.1201878543110156,0.5032732284368898
34331,0.8425,31,43,31,592678,12932,94841,13115,0.11978954388825076,0.5035128805620609
34332,0.8425238095238096,0,1,0,592679,12931,94841,13115,0.11978028085516322,0.5035322122398833
34333,0.8426190476190476,2,0,2,592679,12931,94843,13113,0.11978028085516322,0.5034940869298111
34334,0.8426309523809523,1,0,1,592679,12931,94844,13112,0.11978028085516322,0.5034750220788695
34335,0.8426666666666666,0,2,0,592681,12929,94844,13112,0.11976175478898811,0.5035136899504628
34336,0.8426666666666667,3,6,3,592687,12923,94847,13109,0.11970617659046279,0.5035725261216963
34337,0.8426666666666668,1,3,1,592690,12920,94848,13108,0.11967838749120012,0.5036114953127401
34338,0.8426904761904762,0,1,0,592691,12919,94848,13108,0.11966912445811256,0.5036308448918431
34339,0.8427380952380952,0,1,0,592692,12918,94848,13108,0.11965986142502501,0.5036501959578883
34340,0.8428333333333333,1,4,1,592696,12914,94849,13107,0.1196228092926748,0.503708543099804
34341,0.8428333333333334,0,1,0,592697,12913,94849,13107,0.11961354625958724,0.5037279016141429
34342,0.8428571428571427,2,3,2,592700,12910,94851,13105,0.11958575716032457,0.5037478377858927
34343,0.842857142857143,0,1,0,592701,12909,94851,13105,0.11957649412723702,0.5037672022756977
34344,0.8429166666666668,0,1,0,592702,12908,94851,13105,0.11956723109414946,0.5037865682543343
34345,0.8429880952380953,1,0,1,592702,12908,94852,13104,0.11956723109414946,0.503767491926803
34346,0.843,4,11,4,592713,12897,94856,13100,0.11946533773018637,0.5039042966496134
34347,0.8430000000000001,1,3,1,592716,12894,94857,13099,0.1194375486309237,0.5039433693686762
34348,0.843047619047619,0,1,0,592717,12893,94857,13099,0.11942828559783615,0.503962757771622
34349,0.8431428571428572,0,1,0,592718,12892,94857,13099,0.1194190225647486,0.5039821476665
34350,0.8431468253968254,0,1,0,592719,12891,94857,13099,0.11940975953166105,0.5040015390534821
34351,0.8431666666666666,1,3,1,592722,12888,94858,13098,0.11938197043239838,0.5040406372662203
34352,0.8431666666666667,0,1,0,592723,12887,94858,13098,0.11937270739931083,0.5040600346353665
34353,0.8431825396825395,0,1,0,592724,12886,94858,13098,0.11936344436622327,0.5040794334975369
34354,0.8432976190476189,0,1,0,592725,12885,94858,13098,0.11935418133313572,0.5040988338529038
34355,0.8433333333333333,42,53,42,592778,12832,94900,13056,0.11886324057949535,0.5043263288009888
34356,0.8433333333333334,34,45,34,592823,12787,94934,13022,0.11844640409055542,0.504552675423302
34357,0.8433333333333336,0,1,0,592824,12786,94934,13022,0.11843714105746786,0.50457222566646
34358,0.8433809523809525,0,1,0,592825,12785,94934,13022,0.1184278780243803,0.5045917774247297
34359,0.8434523809523808,0,1,0,592826,12784,94934,13022,0.11841861499129275,0.5046113306982872
34360,0.8434523809523812,2,1,2,592827,12783,94936,13020,0.11840935195820519,0.5045924892454365
34361,0.8434999999999999,6,2,6,592829,12781,94942,13014,0.11839082589203008,0.5045163791432448
34362,0.8435000000000001,1,1,1,592830,12780,94943,13013,0.11838156285894254,0.5045167293451712
34363,0.8435151515151514,1,0,1,592830,12780,94944,13012,0.11838156285894254,0.5044975186104218
34364,0.8435714285714286,1,0,1,592830,12780,94945,13011,0.11838156285894254,0.5044783063859486
34365,0.8436190476190475,0,1,0,592831,12779,94945,13011,0.11837229982585498,0.5044978673904614
34366,0.8436363636363637,0,1,0,592832,12778,94945,13011,0.11836303679276743,0.504517429911978
34367,0.8436666666666666,0,3,0,592835,12775,94945,13011,0.11833524769350476,0.5045761265803149
34368,0.8436666666666668,5,2,5,592837,12773,94950,13006,0.11831672162732965,0.5045191822801505
34369,0.8436706349206348,0,1,0,592838,12772,94950,13006,0.1183074585942421,0.5045387539762588
34370,0.8437063492063492,1,1,1,592839,12771,94951,13005,0.11829819556115455,0.5045391061452514
34371,0.8437380952380953,0,1,0,592840,12770,94951,13005,0.11828893252806699,0.5045586808923376
34372,0.84375,0,1,0,592841,12769,94951,13005,0.11827966949497944,0.5045782571583767
34373,0.8438095238095238,0,1,0,592842,12768,94951,13005,0.11827040646189188,0.5045978349435456
34374,0.8438333333333332,1,2,1,592844,12766,94952,13004,0.11825188039571677,0.5046177726038029
34375,0.8438571428571429,1,0,1,592844,12766,94953,13003,0.11825188039571677,0.5045985486437192
34376,0.8439166666666668,1,0,1,592844,12766,94954,13002,0.11825188039571677,0.5045793231915554
34377,0.843952380952381,0,1,0,592845,12765,94954,13002,0.11824261736262921,0.5045989055769007
34378,0.8439761904761904,1,0,1,592845,12765,94955,13001,0.11824261736262921,0.5045796786462781
34379,0.8439999999999999,2,0,2,592845,12765,94957,12999,0.11824261736262921,0.5045412203074057
34380,0.8440000000000001,12,17,12,592862,12748,94969,12987,0.1180851458001408,0.5046434816397901
34381,0.8440476190476189,1,0,1,592862,12748,94970,12986,0.1180851458001408,0.504624232532836
34382,0.8440714285714287,0,1,0,592863,12747,94970,12986,0.11807588276705325,0.5046438425368204
34383,0.8441190476190477,0,1,0,592864,12746,94970,12986,0.11806661973396569,0.5046634540649775
34384,0.8441666666666666,2,6,2,592870,12740,94972,12984,0.11801104153544037,0.5047426527756181
34385,0.8441666666666667,2,3,2,592873,12737,94974,12982,0.1179832524361777,0.5047630156693496
34386,0.8442380952380953,0,1,0,592874,12736,94974,12982,0.11797398940309015,0.5047826425071934
34387,0.8442857142857143,4,4,4,592878,12732,94978,12978,0.11793693727073994,0.5047841306884481
34388,0.8443333333333334,0,4,0,592882,12728,94978,12978,0.11789988513838971,0.5048626779740139
34389,0.8443333333333335,0,1,0,592883,12727,94978,12978,0.11789062210530216,0.5048823186150554
34390,0.8443928571428572,0,1,0,592884,12726,94978,12978,0.1178813590722146,0.5049019607843137
34391,0.8444047619047618,0,1,0,592885,12725,94978,12978,0.11787209603912706,0.5049216044819671
34392,0.8444047619047619,1,0,1,592885,12725,94979,12977,0.11787209603912706,0.5049023422301766
34393,0.844452380952381,1,1,1,592886,12724,94980,12976,0.1178628330060395,0.5049027237354086
34394,0.8445,2,2,2,592888,12722,94982,12974,0.11784430693986439,0.5049034869240349
34395,0.8445000000000001,0,1,0,592889,12721,94982,12974,0.11783504390677683,0.5049231367970423
34396,0.8445555555555556,0,3,0,592892,12718,94982,12974,0.11780725480751417,0.5049820955939592
34397,0.8445634920634921,0,1,0,592893,12717,94982,12974,0.11779799177442662,0.5050017515861586
34398,0.8446666666666667,1,5,1,592898,12712,94983,12973,0.11775167660898885,0.5050807864512361
34399,0.8447142857142856,1,0,1,592898,12712,94984,12972,0.11775167660898885,0.5050615168976795
34400,0.8447380952380954,0,1,0,592899,12711,94984,12972,0.11774241357590129,0.5050811821048943
34401,0.8447857142857143,1,0,1,592899,12711,94985,12971,0.11774241357590129,0.5050619110661163
34402,0.8448095238095238,1,0,1,592899,12711,94986,12970,0.11774241357590129,0.5050426385265371
34403,0.8448333333333333,0,1,0,592900,12710,94986,12970,0.11773315054281373,0.5050623052959502
34404,0.8448333333333334,0,2,0,592902,12708,94986,12970,0.11771462447663864,0.5051016434301737
34405,0.8448561456603249,0,5,0,592907,12703,94986,12970,0.11766830931120086,0.505200015580571
34406,0.8448809523809524,0,1,0,592908,12702,94986,12970,0.1176590462781133,0.5052196946089125
34407,0.8449166666666669,0,1,0,592909,12701,94986,12970,0.11764978324502576,0.5052393751704257
34408,0.8449285714285715,0,3,0,592912,12698,94986,12970,0.11762199414576309,0.5052984260557893
34409,0.8449444444444445,0,1,0,592913,12697,94986,12970,0.11761273111267553,0.5053181127517824
34410,0.8449880952380951,0,1,0,592914,12696,94986,12970,0.11760346807958798,0.5053378009818437
34411,0.8449999999999999,0,3,0,592917,12693,94986,12970,0.11757567898032532,0.5053968748782294
34412,0.845,177,185,177,593102,12508,95163,12793,0.1158620178591278,0.5056321884510494
34413,0.8450000000000002,1,0,1,593102,12508,95164,12792,0.1158620178591278,0.5056126482213439
34414,0.8450238095238095,1,0,1,593102,12508,95165,12791,0.1158620178591278,0.5055931064468951
34415,0.8450476190476192,0,1,0,593103,12507,95165,12791,0.11585275482604024,0.5056130919440271
34416,0.8450833333333333,1,3,1,593106,12504,95166,12790,0.11582496572677757,0.5056535146675101
34417,0.8451666666666666,0,1,0,593107,12503,95166,12790,0.11581570269369003,0.5056735065037757
34418,0.8452380952380952,1,1,1,593108,12502,95167,12789,0.11580643966060247,0.5056739551619153
34419,0.8452777777777779,0,1,0,593109,12501,95167,12789,0.11579717662751492,0.505693950177936
34420,0.845309523809524,0,1,0,593110,12500,95167,12789,0.11578791359442736,0.5057139467752778
34421,0.8453333333333333,3,2,3,593112,12498,95170,12786,0.11576938752825225,0.5056953013763645
34422,0.8453333333333335,0,1,0,593113,12497,95170,12786,0.11576012449516469,0.505715302772614
34423,0.845452380952381,0,1,0,593114,12496,95170,12786,0.11575086146207714,0.5057353057511272
34424,0.8454761904761903,0,2,0,593116,12494,95170,12786,0.11573233539590204,0.5057753164556962
34425,0.8454999999999999,0,4,0,593120,12490,95170,12786,0.11569528326355182,0.5058553568602627
34426,0.8455714285714285,0,1,0,593121,12489,95170,12786,0.11568602023046426,0.5058753709198813
34427,0.845642857142857,1,0,1,593121,12489,95171,12785,0.11568602023046426,0.505855820210493
34428,0.8456666666666665,0,1,0,593122,12488,95171,12785,0.1156767571973767,0.5058758358722748
34429,0.8456666666666667,0,3,0,593125,12485,95171,12785,0.11564896809811405,0.5059358923624852
34430,0.8456666666666668,2,3,2,593128,12482,95173,12783,0.11562117899885138,0.5059568573124876
34431,0.8457142857142856,1,2,1,593130,12480,95174,12782,0.11560265293267627,0.5059773572955427
34432,0.8457380952380952,1,2,1,593132,12478,95175,12781,0.11558412686650117,0.5059978621481452
34433,0.8458333333333333,8,7,8,593139,12471,95183,12773,0.1155192856348883,0.5059816193947076
34434,0.8458333333333334,2,16,2,593155,12455,95185,12771,0.11537107710548743,0.5062633790533576
34435,0.8458535353535349,1,1,1,593156,12454,95186,12770,0.11536181407239987,0.5062638756739614
34436,0.8458809523809524,0,1,0,593157,12453,95186,12770,0.11535255103931231,0.5062839471910557
34437,0.845952380952381,0,1,0,593158,12452,95186,12770,0.11534328800622476,0.5063040202997383
34438,0.8459880952380953,0,2,0,593160,12450,95186,12770,0.11532476194004965,0.5063441712926249
34439,0.846,19,14,19,593174,12436,95205,12751,0.11519507947682389,0.5062532258704887
34440,0.8460000000000001,4,2,4,593176,12434,95209,12747,0.11517655341064878,0.5062150033755609
34441,0.8460396825396823,0,3,0,593179,12431,95209,12747,0.11514876431138613,0.5062753197235682
34442,0.8461587301587302,0,1,0,593180,12430,95209,12747,0.11513950127829857,0.5062954283671605
34443,0.8461666666666666,0,2,0,593182,12428,95209,12747,0.11512097521212346,0.5063356504468719
34444,0.8461666666666667,0,1,0,593183,12427,95209,12747,0.1151117121790359,0.5063557638833718
34445,0.8461666666666668,0,1,0,593184,12426,95209,12747,0.11510244914594835,0.5063758789178883
34446,0.8461904761904762,0,1,0,593185,12425,95209,12747,0.11509318611286079,0.5063959955506118
34447,0.84625,0,1,0,593186,12424,95209,12747,0.11508392307977323,0.5064161137817329
34448,0.8463095238095238,0,2,0,593188,12422,95209,12747,0.11506539701359814,0.50645635503993
34449,0.8463333333333333,0,2,0,593190,12420,95209,12747,0.11504687094742302,0.5064966026940041
34450,0.8463333333333334,0,1,0,593191,12419,95209,12747,0.11503760791433547,0.5065167289199713
34451,0.8463730158730159,0,1,0,593192,12418,95209,12747,0.11502834488124791,0.5065368567454799
34452,0.8464285714285714,0,1,0,593193,12417,95209,12747,0.11501908184816036,0.5065569861707201
34453,0.8464999999999998,0,1,0,593194,12416,95209,12747,0.1150098188150728,0.5065771171958828
34454,0.8464999999999999,1,1,1,593195,12415,95210,12746,0.11500055578198526,0.5065776399984102
34455,0.8465,3,6,3,593201,12409,95213,12743,0.11494497758345992,0.506639631043257
34456,0.8465476190476191,0,2,0,593203,12407,95213,12743,0.11492645151728482,0.5066799204771372
34457,0.8465714285714285,0,2,0,593205,12405,95213,12743,0.11490792545110971,0.5067202163193892
34458,0.8465952380952381,0,1,0,593206,12404,95213,12743,0.11489866241802216,0.5067403666441325
34459,0.8466031746031747,0,1,0,593207,12403,95213,12743,0.1148893993849346,0.5067605185715421
34460,0.8466428571428571,0,1,0,593208,12402,95213,12743,0.11488013635184705,0.5067806721018095
34461,0.8466666666666666,51,63,51,593271,12339,95264,12692,0.11429656526733113,0.5070512564420119
34462,0.8466666666666667,29,54,29,593325,12285,95293,12663,0.11379636148060321,0.5075757575757576
34463,0.8467142857142856,1,0,1,593325,12285,95294,12662,0.11379636148060321,0.5075560187597707
34464,0.8467222222222223,1,2,1,593327,12283,95295,12661,0.1137778354144281,0.5075769724182168
34465,0.8467857142857143,0,1,0,593328,12282,95295,12661,0.11376857238134054,0.5075973218939182
34466,0.8467965367965369,0,1,0,593329,12281,95295,12661,0.113759309348253,0.5076176730013632
34467,0.8468095238095239,0,1,0,593330,12280,95295,12661,0.11375004631516544,0.5076380257407481
34468,0.8468333333333332,1,1,1,593331,12279,95296,12660,0.11374078328207789,0.5076386382773969
34469,0.8468571428571429,0,1,0,593332,12278,95296,12660,0.11373152024899033,0.5076589943058786
34470,0.846904761904762,0,1,0,593333,12277,95296,12660,0.11372225721590278,0.5076793519669567
34471,0.8469374057315234,0,1,0,593334,12276,95296,12660,0.11371299418281522,0.5076997112608277
34472,0.847,4,3,4,593337,12273,95300,12656,0.11368520508355257,0.507681816358458
34473,0.8470833333333333,1,0,1,593337,12273,95301,12655,0.11368520508355257,0.5076620667522465
34474,0.8470970695970695,0,1,0,593338,12272,95301,12655,0.11367594205046501,0.5076824327034942
34475,0.8471428571428572,1,2,1,593340,12270,95302,12654,0.1136574159842899,0.5077034183919115
34476,0.8471666666666665,2,0,2,593340,12270,95304,12652,0.1136574159842899,0.5076639114035791
34477,0.8471666666666667,1,0,1,593340,12270,95305,12651,0.1136574159842899,0.5076441555314795
34478,0.8471883116883118,0,1,0,593341,12269,95305,12651,0.11364815295120234,0.5076645264847512
34479,0.8472976190476189,0,1,0,593342,12268,95305,12651,0.11363888991811479,0.5076848990729965
34480,0.8473045603347457,1,5,1,593347,12263,95306,12650,0.11359257475267702,0.5077670292618311
34481,0.8473333333333334,0,4,0,593351,12259,95306,12650,0.1135555226203268,0.5078485687903971
34482,0.8474253246753247,0,2,0,593353,12257,95306,12650,0.1135369965541517,0.5078893483759586
34483,0.8474440836940836,0,1,0,593354,12256,95306,12650,0.11352773352106414,0.507909740624749
34484,0.8474444444444446,0,1,0,593355,12255,95306,12650,0.11351847048797659,0.5079301345111423
34485,0.8474988067488067,1,0,1,593355,12255,95307,12649,0.11351847048797659,0.5079103758432381
34486,0.8474999999999998,1,0,1,593355,12255,95308,12648,0.11351847048797659,0.5078906155884834
34487,0.8475,41,41,41,593396,12214,95349,12607,0.11313868613138686,0.5079166834535273
34488,0.8475476190476191,0,1,0,593397,12213,95349,12607,0.1131294230982993,0.5079371474617245
34489,0.8475873015873014,0,1,0,593398,12212,95349,12607,0.11312016006521175,0.5079576131189815
34490,0.8476309523809523,0,1,0,593399,12211,95349,12607,0.1131108970321242,0.5079780804254976
34491,0.8476666666666666,2,1,2,593400,12210,95351,12605,0.11310163399903664,0.5079588958291356
34492,0.8476666666666667,0,4,0,593404,12206,95351,12605,0.11306458186668643,0.5080407883600017
34493,0.8476666666666668,1,0,1,593404,12206,95352,12604,0.11306458186668643,0.5080209592906086
34494,0.8477222222222222,0,2,0,593406,12204,95352,12604,0.11304605580051132,0.5080619155111255
34495,0.8477380952380951,0,1,0,593407,12203,95352,12604,0.11303679276742376,0.5080823960978756
34496,0.84775,0,1,0,593408,12202,95352,12604,0.1130275297343362,0.5081028783358865
34497,0.8477857142857143,0,1,0,593409,12201,95352,12604,0.11301826670124866,0.5081233622253578
34498,0.8478333333333333,0,1,0,593410,12200,95352,12604,0.1130090036681611,0.5081438477664892
34499,0.8478333333333334,0,1,0,593411,12199,95352,12604,0.11299974063507355,0.5081643349594807
34500,0.8478571428571428,0,2,0,593413,12197,95352,12604,0.11298121456889844,0.5082053143018427
34501,0.8478571428571429,1,0,1,593413,12197,95353,12603,0.11298121456889844,0.5081854838709677
34502,0.8479047619047618,0,1,0,593414,12196,95353,12603,0.11297195153581088,0.5082059760474212
34503,0.8479166666666665,0,1,0,593415,12195,95353,12603,0.11296268850272333,0.5082264698766029
34504,0.848,9,19,9,593434,12176,95362,12594,0.1127866908740598,0.5084376261606782
34505,0.8480000000000001,0,1,0,593435,12175,95362,12594,0.11277742784097225,0.5084581533368323
34506,0.8480555555555556,0,1,0,593436,12174,95362,12594,0.1127681648078847,0.5084786821705426
34507,0.8481666666666666,3,3,3,593439,12171,95365,12591,0.11274037570862203,0.5084807366125514
34508,0.848190476190476,0,1,0,593440,12170,95365,12591,0.11273111267553448,0.5085012721618675
34509,0.8482142857142856,0,1,0,593441,12169,95365,12591,0.11272184964244693,0.5085218093699515
34510,0.8482500000000002,1,0,1,593441,12169,95366,12590,0.11272184964244693,0.5085019588836382
34511,0.8482619047619048,0,2,0,593443,12167,95366,12590,0.11270332357627182,0.5085430383325928
34512,0.8483095238095238,0,1,0,593444,12166,95366,12590,0.11269406054318426,0.5085635805461303
34513,0.848309523809524,1,0,1,593444,12166,95367,12589,0.11269406054318426,0.508543728539689
34514,0.8483333333333332,1,0,1,593444,12166,95368,12588,0.11269406054318426,0.5085238749293044
34515,0.8483333333333333,19,26,19,593470,12140,95387,12569,0.11245322168290785,0.5086810473916387
34516,0.8483333333333334,16,18,16,593488,12122,95403,12553,0.11228648708733188,0.5087335359675785
34517,0.8484126984126982,1,3,1,593491,12119,95404,12552,0.11225869798806921,0.5087754853877021
34518,0.8484523809523808,0,1,0,593492,12118,95404,12552,0.11224943495498166,0.5087961086339684
34519,0.8484999999999999,4,6,4,593498,12112,95408,12548,0.11219385675645634,0.5088402270884023
34520,0.8485,2,3,2,593501,12109,95410,12546,0.11216606765719367,0.5088622997363618
34521,0.8485714285714286,0,1,0,593502,12108,95410,12546,0.11215680462410611,0.5088829398880507
34522,0.8486428571428571,1,0,1,593502,12108,95411,12545,0.11215680462410611,0.5088630186995498
34523,0.8486587301587298,0,1,0,593503,12107,95411,12545,0.11214754159101856,0.5088836605549245
34524,0.8486666666666666,1,5,1,593508,12102,95412,12544,0.11210122642558079,0.5089669723281668
34525,0.8486666666666668,2,3,2,593511,12099,95414,12542,0.11207343732631812,0.5089890832352583
34526,0.8486666666666669,0,1,0,593512,12098,95414,12542,0.11206417429323058,0.5090097402597402
34527,0.8486904761904761,1,0,1,593512,12098,95415,12541,0.11206417429323058,0.5089898128982507
34528,0.8486904761904762,0,2,0,593514,12096,95415,12541,0.11204564822705547,0.5090311320371799
34529,0.84875,1,0,1,593514,12096,95416,12540,0.11204564822705547,0.5090112031173892
34530,0.8487619047619046,1,0,1,593514,12096,95417,12539,0.11204564822705547,0.508991272579663
34531,0.8488333333333332,1,0,1,593514,12096,95418,12538,0.11204564822705547,0.5089713404238045
34532,0.8488333333333334,1,1,1,593515,12095,95419,12537,0.11203638519396791,0.5089720688535239
34533,0.8488333333333336,0,1,0,593516,12094,95419,12537,0.11202712216088036,0.5089927327351711
34534,0.8488398268398266,0,1,0,593517,12093,95419,12537,0.1120178591277928,0.5090133982947624
34535,0.8488809523809523,0,1,0,593518,12092,95419,12537,0.11200859609470525,0.5090340655325023
34536,0.8489166666666668,0,1,0,593519,12091,95419,12537,0.11199933306161769,0.5090547344485951
34537,0.8489999999999999,1,2,1,593521,12089,95420,12536,0.11198080699544259,0.5090761421319797
34538,0.8490000000000001,5,7,5,593528,12082,95425,12531,0.11191596576382971,0.5091211961158737
34539,0.8490476190476189,0,1,0,593529,12081,95425,12531,0.11190670273074216,0.5091418820087762
34540,0.8490714285714286,0,1,0,593530,12080,95425,12531,0.1118974396976546,0.5091625695827069
34541,0.8491190476190477,0,2,0,593532,12078,95425,12531,0.11187891363147949,0.5092039497744728
34542,0.8491666666666666,4,10,4,593542,12068,95429,12527,0.11178628330060394,0.5093311648709087
34543,0.8491666666666667,6,11,6,593553,12057,95435,12521,0.11168438993664086,0.5094393359915371
34544,0.8491666666666668,1,0,1,593553,12057,95436,12520,0.11168438993664086,0.5094193758391993
34545,0.8492023809523809,0,1,0,593554,12056,95436,12520,0.1116751269035533,0.5094401041666666
34546,0.8492857142857143,0,1,0,593555,12055,95436,12520,0.11166586387046575,0.5094608341810783
34547,0.8493333333333333,1,5,1,593560,12050,95437,12519,0.11161954870502798,0.5095445480076519
34548,0.8493333333333334,2,1,2,593561,12049,95439,12517,0.11161028567194042,0.5095253602540096
34549,0.8493333333333335,1,0,1,593561,12049,95440,12516,0.11161028567194042,0.5095053938530429
34550,0.8493492063492064,1,2,1,593563,12047,95441,12515,0.11159175960576531,0.5095269114892924
34551,0.8493809523809526,1,1,1,593564,12046,95442,12514,0.11158249657267776,0.509527687296417
34552,0.8494761904761907,1,0,1,593564,12046,95443,12513,0.11158249657267776,0.5095077161122196
34553,0.8494960317460317,0,1,0,593565,12045,95443,12513,0.1115732335395902,0.5095284632299047
34554,0.8494999999999999,0,1,0,593566,12044,95443,12513,0.11156397050650264,0.509549212037301
34555,0.8495,0,1,0,593567,12043,95443,12513,0.1115547074734151,0.5095699625346147
34556,0.8495476190476191,0,1,0,593568,12042,95443,12513,0.11154544444032755,0.5095907147220525
34557,0.8496666666666666,0,1,0,593569,12041,95443,12513,0.11153618140723999,0.5096114685998208
34558,0.8496666666666667,5,3,5,593572,12038,95448,12508,0.11150839230797732,0.5095738613216002
34559,0.8496666666666668,0,1,0,593573,12037,95448,12508,0.11149912927488977,0.5095946221226318
34560,0.8496825396825396,0,1,0,593574,12036,95448,12508,0.11148986624180221,0.5096153846153846
34561,0.849690476190476,0,1,0,593575,12035,95448,12508,0.11148060320871467,0.5096361488000651
34562,0.8497380952380952,0,1,0,593576,12034,95448,12508,0.11147134017562711,0.5096569146768805
34563,0.8497857142857143,0,1,0,593577,12033,95448,12508,0.11146207714253956,0.5096776822460373
34564,0.8498333333333331,0,1,0,593578,12032,95448,12508,0.111452814109452,0.5096984515077425
34565,0.8498333333333332,2,1,2,593579,12031,95450,12506,0.11144355107636444,0.5096792598932225
34566,0.8498333333333333,0,3,0,593582,12028,95450,12506,0.11141576197710178,0.5097415831091546
34567,0.8498690476190476,1,1,1,593583,12027,95451,12505,0.11140649894401423,0.5097423773031143
34568,0.8498809523809523,0,1,0,593584,12026,95451,12505,0.11139723591092668,0.5097631568219804
34569,0.8498809523809524,0,1,0,593585,12025,95451,12505,0.11138797287783912,0.5097839380350591
34570,0.8499999999999999,4,7,4,593592,12018,95455,12501,0.11132313164622624,0.5098495044659244
34571,0.85,739,782,739,594374,11236,96194,11762,0.10407943977175886,0.511435777024089
34572,0.8500000000000001,3,1,3,594375,11235,96197,11759,0.1040701767386713,0.5113942767678524
34573,0.8500833333333334,0,1,0,594376,11234,96197,11759,0.10406091370558376,0.5114165180707172
34574,0.8501190476190478,1,0,1,594376,11234,96198,11758,0.10406091370558376,0.5113952679192763
34575,0.8501666666666665,3,0,3,594376,11234,96201,11755,0.10406091370558376,0.511331506372613
34576,0.8501666666666666,2,2,2,594378,11232,96203,11753,0.10404238763940865,0.5113334783554492
34577,0.85025,0,1,0,594379,11231,96203,11753,0.1040331246063211,0.5113557257222415
34578,0.8502539682539683,0,1,0,594380,11230,96203,11753,0.10402386157323354,0.5113779750250185
34579,0.8503333333333333,1,3,1,594383,11227,96204,11752,0.10399607247397087,0.5114234736063362
34580,0.8503333333333335,0,2,0,594385,11225,96204,11752,0.10397754640779577,0.5114679897288593
34581,0.8504166666666667,1,1,1,594386,11224,96205,11751,0.10396828337470822,0.5114689880304679
34582,0.8504949494949494,2,2,2,594388,11222,96207,11749,0.1039497573085331,0.5114709851551957
34583,0.8504999999999998,1,1,1,594389,11221,96208,11748,0.10394049427544555,0.5114719839784057
34584,0.8504999999999999,1,2,1,594391,11219,96209,11747,0.10392196820927044,0.5114952538535226
34585,0.8506190476190476,1,1,1,594392,11218,96210,11746,0.1039127051761829,0.5114962550078384
34586,0.8506666666666667,3,5,3,594397,11213,96213,11743,0.10386639001074512,0.5115438229656735
34587,0.8506666666666668,0,1,0,594398,11212,96213,11743,0.10385712697765756,0.5115661076018296
34588,0.8507142857142856,2,0,2,594398,11212,96215,11741,0.10385712697765756,0.5115235481200715
34589,0.8507142857142859,1,0,1,594398,11212,96216,11740,0.10385712697765756,0.5115022655977692
34590,0.8508333333333333,8,7,8,594405,11205,96224,11732,0.10379228574604468,0.5114879888389937
34591,0.8508333333333334,7,4,7,594409,11201,96231,11725,0.10375523361369447,0.5114280729302975
34592,0.8509285714285713,1,0,1,594409,11201,96232,11724,0.10375523361369447,0.5114067611777535
34593,0.8509444444444446,0,1,0,594410,11200,96232,11724,0.10374597058060692,0.5114290699703368
34594,0.8509484126984124,0,1,0,594411,11199,96232,11724,0.10373670754751936,0.5114513807093313
34595,0.8509523809523809,0,1,0,594412,11198,96232,11724,0.1037274445144318,0.5114736933949917
34596,0.851,5,9,5,594421,11189,96237,11719,0.10364407721664382,0.5115680111751353
34597,0.8510000000000001,0,1,0,594422,11188,96237,11719,0.10363481418355626,0.511590343563103
34598,0.8511111111111112,0,1,0,594423,11187,96237,11719,0.1036255511504687,0.5116126779009866
34599,0.8511190476190477,1,1,1,594424,11186,96238,11718,0.10361628811738116,0.5116136919315404
34600,0.8511666666666667,0,1,0,594425,11185,96238,11718,0.1036070250842936,0.5116360302143824
34601,0.85125,1,1,1,594426,11184,96239,11717,0.10359776205120605,0.511637046417187
34602,0.8513333333333333,2,6,2,594432,11178,96241,11715,0.10354218385268073,0.5117284759533481
34603,0.8513333333333334,0,3,0,594435,11175,96241,11715,0.10351439475341806,0.5117955439056356
34604,0.8514285714285714,1,0,1,594435,11175,96242,11714,0.10351439475341806,0.5117742146882782
34605,0.8514960317460317,0,1,0,594436,11174,96242,11714,0.1035051317203305,0.5117965746242572
34606,0.8514999999999999,0,1,0,594437,11173,96242,11714,0.10349586868724295,0.5118189365141783
34607,0.8515,2,6,2,594443,11167,96244,11712,0.10344029048871763,0.5119104855981468
34608,0.8516190476190476,0,2,0,594445,11165,96244,11712,0.10342176442254251,0.5119552388862176
34609,0.8516428571428573,1,0,1,594445,11165,96245,11711,0.10342176442254251,0.5119339045287638
34610,0.8516547619047615,0,1,0,594446,11164,96245,11711,0.10341250138945496,0.5119562841530054
34611,0.8516666666666665,0,1,0,594447,11163,96245,11711,0.1034032383563674,0.5119786657340212
34612,0.8516666666666666,20,21,20,594468,11142,96265,11691,0.10320871466152877,0.5120220733149389
34613,0.8516666666666667,20,20,20,594488,11122,96285,11671,0.10302345399977769,0.512043171149037
34614,0.8517495331465921,2,0,2,594488,11122,96287,11669,0.10302345399977769,0.5120003510157518
34615,0.8517499999999998,0,1,0,594489,11121,96287,11669,0.10301419096669014,0.512022817025011
34616,0.8517857142857143,0,1,0,594490,11120,96287,11669,0.10300492793360258,0.512045285005924
34617,0.8518095238095239,0,1,0,594491,11119,96287,11669,0.10299566490051502,0.5120677549587502
34618,0.8518333333333332,0,1,0,594492,11118,96287,11669,0.10298640186742747,0.5120902268837495
34619,0.8518333333333333,0,3,0,594495,11115,96287,11669,0.10295861276816481,0.512157654494382
34620,0.8518333333333336,1,0,1,594495,11115,96288,11668,0.10295861276816481,0.5121362419347759
34621,0.8518928571428571,0,1,0,594496,11114,96288,11668,0.10294934973507726,0.5121587217979107
34622,0.8519047619047619,0,2,0,594498,11112,96288,11668,0.10293082366890215,0.5122036874451273
34623,0.8519166666666668,0,1,0,594499,11111,96288,11668,0.10292156063581459,0.5122261732297292
34624,0.8519206349206349,0,2,0,594501,11109,96288,11668,0.10290303456963948,0.5122711507222197
34625,0.8519696969696972,0,1,0,594502,11108,96288,11668,0.10289377153655192,0.5122936424306287
34626,0.8519880952380953,0,1,0,594503,11107,96288,11668,0.10288450850346438,0.5123161361141603
34627,0.8519999999999999,0,2,0,594505,11105,96288,11668,0.10286598243728927,0.5123611294076319
34628,0.852,3,6,3,594511,11099,96291,11665,0.10281040423876395,0.5124319100333861
34629,0.8520000000000002,0,1,0,594512,11098,96291,11665,0.10280114120567639,0.5124544216491675
34630,0.8520833333333333,0,1,0,594513,11097,96291,11665,0.10279187817258884,0.5124769352429488
34631,0.8520833333333334,0,1,0,594514,11096,96291,11665,0.10278261513950128,0.5124994508149906
34632,0.8521428571428571,0,1,0,594515,11095,96291,11665,0.10277335210641372,0.5125219683655536
34633,0.8521428571428572,0,1,0,594516,11094,96291,11665,0.10276408907332617,0.5125444878948987
34634,0.8521666666666665,2,0,2,594516,11094,96293,11663,0.10276408907332617,0.5125016478446193
34635,0.8521666666666667,1,2,1,594518,11092,96294,11662,0.10274556300715106,0.5125252702821482
34636,0.8521666666666668,0,1,0,594519,11091,96294,11662,0.10273629997406351,0.5125477958950468
34637,0.8522142857142859,0,1,0,594520,11090,96294,11662,0.10272703694097596,0.512570323488045
34638,0.8522380952380952,0,1,0,594521,11089,96294,11662,0.1027177739078884,0.5125928530614039
34639,0.8523333333333332,0,3,0,594524,11086,96294,11662,0.10268998480862573,0.5126604536662563
34640,0.8523333333333334,0,3,0,594527,11083,96294,11662,0.10266219570936308,0.512728072103759
34641,0.8523333333333335,1,0,1,594527,11083,96295,11661,0.10266219570936308,0.5127066479071404
34642,0.8523809523809525,1,0,1,594527,11083,96296,11660,0.10266219570936308,0.5126852218264961
34643,0.8524166666666667,0,1,0,594528,11082,96296,11660,0.10265293267627552,0.5127077653680415
34644,0.8524242424242423,0,1,0,594529,11081,96296,11660,0.10264366964318797,0.5127303108922211
34645,0.8524999999999998,1,2,1,594531,11079,96297,11659,0.10262514357701286,0.5127539801213827
34646,0.8525,38,51,38,594582,11028,96335,11621,0.10215272888954759,0.5130910856991479
34647,0.8525000000000001,0,1,0,594583,11027,96335,11621,0.10214346585646004,0.513113740727658
34648,0.8525238095238096,1,0,1,594583,11027,96336,11620,0.10214346585646004,0.5130922417980306
34649,0.8525714285714286,0,1,0,594584,11026,96336,11620,0.10213420282337249,0.5131148988783891
34650,0.8526666666666667,3,5,3,594589,11021,96339,11617,0.10208788765793471,0.513163707041258
34651,0.8526904761904762,1,0,1,594589,11021,96340,11616,0.10208788765793471,0.5131422008216636
34652,0.8527142857142855,2,1,2,594590,11020,96342,11614,0.10207862462484717,0.5131218520809402
34653,0.8527777777777777,0,3,0,594593,11017,96342,11614,0.1020508355255845,0.5131898722990588
34654,0.8528095238095239,0,1,0,594594,11016,96342,11614,0.10204157249249694,0.5132125497127706
34655,0.8528333333333333,0,3,0,594597,11013,96342,11614,0.10201378339323428,0.5132805939806426
34656,0.8528809523809524,0,1,0,594598,11012,96342,11614,0.10200452036014673,0.5133032794130646
34657,0.8529325396825397,1,0,1,594598,11012,96343,11613,0.10200452036014673,0.5132817679558012
34658,0.853,2,7,2,594605,11005,96345,11611,0.10193967912853384,0.5133975946232756
34659,0.8530000000000001,1,1,1,594606,11004,96346,11610,0.1019304160954463,0.5133987795171133
34660,0.8530555555555556,0,1,0,594607,11003,96346,11610,0.10192115306235874,0.5134214832176182
34661,0.8530714285714285,0,1,0,594608,11002,96346,11610,0.10191189002927119,0.5134441889262339
34662,0.8530833333333332,1,0,1,594608,11002,96347,11609,0.10191189002927119,0.5134226703816727
34663,0.8531190476190476,1,0,1,594608,11002,96348,11608,0.10191189002927119,0.5134011499336577
34664,0.8531666666666666,2,2,2,594610,11000,96350,11606,0.10189336396309608,0.5134035211890648
34665,0.853166666666667,0,1,0,594611,10999,96350,11606,0.10188410093000852,0.5134262331342623
34666,0.8532142857142857,0,1,0,594612,10998,96350,11606,0.10187483789692096,0.5134489470890108
34667,0.8532222222222222,0,1,0,594613,10997,96350,11606,0.10186557486383341,0.5134716630535769
34668,0.8532499999999998,0,1,0,594614,10996,96350,11606,0.10185631183074587,0.5134943810282276
34669,0.8532500000000001,1,0,1,594614,10996,96351,11605,0.10185631183074587,0.5134728551833989
34670,0.8532857142857143,0,1,0,594615,10995,96351,11605,0.10184704879765831,0.5134955752212389
34671,0.8533253968253969,1,0,1,594615,10995,96352,11604,0.10184704879765831,0.5134740475242268
34672,0.8533333333333332,0,1,0,594616,10994,96352,11604,0.10183778576457075,0.5134967696256306
34673,0.8533333333333333,31,44,31,594660,10950,96383,11573,0.10143021230871836,0.5138303067974959
34674,0.8533333333333334,41,41,41,594701,10909,96424,11532,0.10105042795212865,0.5138808430996836
34675,0.8534999999999999,3,4,3,594705,10905,96427,11529,0.10101337581977843,0.5139074618882054
34676,0.8535,1,0,1,594705,10905,96428,11528,0.10101337581977843,0.5138857932510141
34677,0.8536666666666666,0,2,0,594707,10903,96428,11528,0.10099484975360332,0.5139316125005573
34678,0.8536666666666668,0,4,0,594711,10899,96428,11528,0.1009577976212531,0.5140232755161189
34679,0.853702380952381,0,1,0,594712,10898,96428,11528,0.10094853458816555,0.5140461963792027
34680,0.85375,0,4,0,594716,10894,96428,11528,0.10091148245581533,0.5141379002765142
34681,0.8537500000000001,0,1,0,594717,10893,96428,11528,0.10090221942272778,0.5141608313634539
34682,0.8538333333333332,1,2,1,594719,10891,96429,11527,0.10088369335655267,0.5141850298866982
34683,0.8538333333333334,0,2,0,594721,10889,96429,11527,0.10086516729037756,0.5142309064953604
34684,0.8539285714285714,1,0,1,594721,10889,96430,11526,0.10086516729037756,0.5142092348873523
34685,0.8539999999999998,0,1,0,594722,10888,96430,11526,0.10085590425729,0.5142321763183725
34686,0.8539999999999999,0,1,0,594723,10887,96430,11526,0.10084664122420245,0.5142551197965467
34687,0.8540000000000001,13,19,13,594742,10868,96443,11513,0.10067064359553893,0.5144095438094812
34688,0.8540238095238095,0,1,0,594743,10867,96443,11513,0.10066138056245137,0.5144325290437891
34689,0.8540476190476189,0,1,0,594744,10866,96443,11513,0.10065211752936382,0.5144555163322758
34690,0.8541428571428571,0,1,0,594745,10865,96443,11513,0.10064285449627626,0.5144785056752167
34691,0.8541666666666665,7,8,7,594753,10857,96450,11506,0.10056875023157583,0.514510575504181
34692,0.8541666666666667,7,8,7,594761,10849,96457,11499,0.10049464596687539,0.514542688383748
34693,0.8541666666666669,0,1,0,594762,10848,96457,11499,0.10048538293378784,0.5145657135185931
34694,0.8542023809523809,0,1,0,594763,10847,96457,11499,0.10047611990070028,0.5145887407142218
34695,0.8542142857142856,1,1,1,594764,10846,96458,11498,0.10046685686761272,0.5145900465449338
34696,0.8542142857142858,0,1,0,594765,10845,96458,11498,0.10045759383452518,0.5146130779214967
34697,0.8542857142857142,0,2,0,594767,10843,96458,11498,0.10043906776835007,0.5146591468600331
34698,0.8542857142857143,2,4,2,594771,10839,96460,11496,0.10040201563599985,0.5147078576225654
34699,0.8543333333333333,2,2,2,594773,10837,96462,11494,0.10038348956982475,0.51471049214097
34700,0.8543333333333334,3,6,3,594779,10831,96465,11491,0.10032791137129941,0.5147836215392886
34701,0.8543690476190475,0,1,0,594780,10830,96465,11491,0.10031864833821186,0.5148066842883383
34702,0.8543809523809521,0,1,0,594781,10829,96465,11491,0.10030938530512432,0.5148297491039426
34703,0.8544047619047619,0,1,0,594782,10828,96465,11491,0.10030012227203676,0.5148528159863793
34704,0.8544166666666666,0,3,0,594785,10825,96465,11491,0.10027233317277409,0.5149220290374619
34705,0.8544444444444445,1,0,1,594785,10825,96466,11490,0.10027233317277409,0.5149002912838898
34706,0.8544523809523809,0,1,0,594786,10824,96466,11490,0.10026307013968654,0.5149233664963699
34707,0.8544761904761904,1,0,1,594786,10824,96467,11489,0.10026307013968654,0.5149016268543002
34708,0.8545,1,3,1,594789,10821,96468,11488,0.10023528104042388,0.5149491236720606
34709,0.8545238095238097,0,1,0,594790,10820,96468,11488,0.10022601800733633,0.5149722072798996
34710,0.8545714285714284,0,1,0,594791,10819,96468,11488,0.10021675497424877,0.5149952929573677
34711,0.854642857142857,0,1,0,594792,10818,96468,11488,0.10020749194116121,0.5150183807047432
34712,0.8546587301587301,1,2,1,594794,10816,96469,11487,0.1001889658749861,0.5150428193516567
34713,0.8546666666666666,1,0,1,594794,10816,96470,11486,0.1001889658749861,0.5150210743431083
34714,0.8546666666666667,2,2,2,594796,10814,96472,11484,0.10017043980881099,0.5150237689478877
34715,0.8547499999999999,0,1,0,594797,10813,96472,11484,0.10016117677572345,0.5150468672915639
34716,0.8547857142857141,0,1,0,594798,10812,96472,11484,0.10015191374263589,0.515069967707212
34717,0.8548333333333332,0,1,0,594799,10811,96472,11484,0.10014265070954834,0.515093070195111
34718,0.8548333333333333,1,2,1,594801,10809,96473,11483,0.10012412464337322,0.5151175309528082
34719,0.8548690476190477,0,2,0,594803,10807,96473,11483,0.10010559857719811,0.5151637505607896
34720,0.8549166666666665,0,1,0,594804,10806,96473,11483,0.10009633554411056,0.5151868634752569
34721,0.8549999999999999,3,3,3,594807,10803,96476,11480,0.1000685464448479,0.5151909527442445
34722,0.855,138,158,138,594965,10645,96614,11342,0.09860498721701434,0.5158502751625961
34723,0.8550000000000001,0,6,0,594971,10639,96614,11342,0.09854940901848902,0.5159910832082253
34724,0.8550238095238096,1,0,1,594971,10639,96615,11341,0.09854940901848902,0.5159690627843494
34725,0.855047619047619,0,1,0,594972,10638,96615,11341,0.09854014598540146,0.5159925383320442
34726,0.8550714285714284,0,1,0,594973,10637,96615,11341,0.09853088295231391,0.516016016016016
34727,0.8551190476190476,0,2,0,594975,10635,96615,11341,0.0985123568861388,0.516062977793957
34728,0.8551666666666665,0,1,0,594976,10634,96615,11341,0.09850309385305124,0.5160864618885097
34729,0.8551666666666666,1,0,1,594976,10634,96616,11340,0.09850309385305124,0.5160644397924821
34730,0.8551666666666669,0,1,0,594977,10633,96616,11340,0.09849383081996368,0.5160879260911119
34731,0.8552103174603171,0,1,0,594978,10632,96616,11340,0.09848456778687613,0.5161114145275806
34732,0.8552222222222222,1,0,1,594978,10632,96617,11339,0.09848456778687613,0.516089390560284
34733,0.8552500000000001,0,1,0,594979,10631,96617,11339,0.09847530475378859,0.5161128812016386
34734,0.8552777777777777,1,0,1,594979,10631,96618,11338,0.09847530475378859,0.516090855296099
34735,0.8553095238095239,0,1,0,594980,10630,96618,11338,0.09846604172070103,0.5161143481427531
34736,0.8553333333333333,3,4,3,594984,10626,96621,11335,0.09842898958835081,0.516142252174309
34737,0.8553333333333335,1,0,1,594984,10626,96622,11334,0.09842898958835081,0.516120218579235
34738,0.8553333333333336,1,0,1,594984,10626,96623,11333,0.09842898958835081,0.5160981829773669
34739,0.855404761904762,0,1,0,594985,10625,96623,11333,0.09841972655526325,0.5161216868567264
34740,0.8554761904761905,1,0,1,594985,10625,96624,11332,0.09841972655526325,0.5160996493145694
34741,0.8554880952380954,1,0,1,594985,10625,96625,11331,0.09841972655526325,0.5160776097649845
34742,0.8554999999999999,2,5,2,594990,10620,96627,11329,0.09837341138982549,0.5161510774978358
34743,0.8555357142857143,2,1,2,594991,10619,96629,11327,0.09836414835673793,0.5161305021416204
34744,0.8555476190476192,0,2,0,594993,10617,96629,11327,0.09834562229056282,0.5161775428363106
34745,0.8555833333333334,0,1,0,594994,10616,96629,11327,0.09833635925747526,0.5162010663993073
34746,0.8555952380952381,1,0,1,594994,10616,96630,11326,0.09833635925747526,0.5161790174095342
34747,0.8556428571428571,0,1,0,594995,10615,96630,11326,0.09832709622438772,0.5162025431839934
34748,0.8556666666666666,2,6,2,595001,10609,96632,11324,0.09827151802586238,0.5162996398121552
34749,0.8556666666666668,2,2,2,595003,10607,96634,11322,0.09825299195968729,0.516302612978248
34750,0.8557142857142856,3,3,3,595006,10604,96637,11319,0.09822520286042462,0.5163070747616658
34751,0.8558333333333331,0,1,0,595007,10603,96637,11319,0.09821593982733706,0.5163306267676306
34752,0.8558333333333333,4,7,4,595014,10596,96641,11315,0.09815109859572418,0.5164072840125964
34753,0.8558333333333334,17,9,17,595023,10587,96658,11298,0.0980677312979362,0.5162440027416039
34754,0.8558809523809522,0,1,0,595024,10586,96658,11298,0.09805846826484864,0.5162675927618351
34755,0.8559166666666667,0,1,0,595025,10585,96658,11298,0.09804920523176108,0.5162911849380798
34756,0.855952380952381,0,1,0,595026,10584,96658,11298,0.09803994219867353,0.5163147792706334
34757,0.8559761904761904,0,1,0,595027,10583,96658,11298,0.09803067916558598,0.5163383757597916
34758,0.8559920634920636,0,2,0,595029,10581,96658,11298,0.09801215309941087,0.5163855752091047
34759,0.8559999999999998,0,1,0,595030,10580,96658,11298,0.09800289006632332,0.516409178169851
34760,0.856,13,12,13,595042,10568,96671,11285,0.09789173366927266,0.516405070242072
34761,0.8560238095238095,1,0,1,595042,10568,96672,11284,0.09789173366927266,0.5163829397766795
34762,0.856031746031746,0,1,0,595043,10567,96672,11284,0.09788247063618512,0.5164065717816119
34763,0.8560714285714285,0,1,0,595044,10566,96672,11284,0.09787320760309756,0.5164302059496567
34764,0.8560833333333333,0,3,0,595047,10563,96672,11284,0.0978454185038349,0.5165011214354374
34765,0.8561785714285715,0,2,0,595049,10561,96672,11284,0.09782689243765978,0.5165484092469673
34766,0.85625,1,0,1,595049,10561,96673,11283,0.09782689243765978,0.516526277238601
34767,0.8563095238095237,0,1,0,595050,10560,96673,11283,0.09781762940457224,0.5165499244609257
34768,0.8563333333333333,1,7,1,595057,10553,96674,11282,0.09775278817295935,0.5166933821845661
34769,0.8563888888888889,0,1,0,595058,10552,96674,11282,0.0977435251398718,0.516717046807731
34770,0.8564047619047621,1,0,1,595058,10552,96675,11281,0.0977435251398718,0.5166949113726927
34771,0.8564999999999999,0,2,0,595060,10550,96675,11281,0.0977249990736967,0.5167422472630663
34772,0.8565,2,0,2,595060,10550,96677,11279,0.0977249990736967,0.5166979705895827
34773,0.8565238095238094,2,0,2,595060,10550,96679,11277,0.0977249990736967,0.5166536858019883
34774,0.856547619047619,0,1,0,595061,10549,96679,11277,0.09771573604060914,0.5166773572803078
34775,0.8565714285714285,1,0,1,595061,10549,96680,11276,0.09771573604060914,0.5166552119129438
34776,0.8566111111111111,1,0,1,595061,10549,96681,11275,0.09771573604060914,0.516633064516129
34777,0.8566388888888887,0,1,0,595062,10548,96681,11275,0.09770647300752158,0.5166567383036246
34778,0.8566428571428572,0,1,0,595063,10547,96681,11275,0.09769720997443403,0.5166804142608377
34779,0.8566666666666666,37,42,37,595105,10505,96718,11238,0.09730816258475675,0.5168559996320655
34780,0.8566666666666667,28,43,28,595148,10462,96746,11210,0.09690985216199192,0.5172572905131044
34781,0.8566825396825398,1,2,1,595150,10460,96747,11209,0.09689132609581681,0.5172827541649361
34782,0.8566904761904762,0,1,0,595151,10459,96747,11209,0.09688206306272926,0.5173066272844749
34783,0.8566984126984125,0,1,0,595152,10458,96747,11209,0.0968728000296417,0.5173305026076522
34784,0.8567142857142857,1,0,1,595152,10458,96748,11208,0.0968728000296417,0.5173082248684575
34785,0.8567380952380954,1,1,1,595153,10457,96749,11207,0.09686353699655414,0.5173098227474151
34786,0.8568095238095238,0,1,0,595154,10456,96749,11207,0.0968542739634666,0.5173337026265984
34787,0.8568333333333332,3,3,3,595157,10453,96752,11204,0.09682648486420393,0.5173385048714042
34788,0.8568333333333333,2,4,2,595161,10449,96754,11202,0.09678943273185373,0.5173894970209229
34789,0.8568809523809523,0,2,0,595163,10447,96754,11202,0.09677090666567861,0.5174372950251743
34790,0.8569166666666667,0,2,0,595165,10445,96754,11202,0.0967523805995035,0.5174851018616898
34791,0.8569444444444444,0,1,0,595166,10444,96754,11202,0.09674311756641595,0.5175090085928116
34792,0.8569523809523808,1,0,1,595166,10444,96755,11201,0.09674311756641595,0.5174867174867175
34793,0.857,1,4,1,595170,10440,96756,11200,0.09670606543406574,0.5175600739371534
34794,0.8571428571428572,1,1,1,595171,10439,96757,11199,0.09669680240097818,0.5175616970145115
34795,0.8572222222222221,0,1,0,595172,10438,96757,11199,0.09668753936789062,0.5175856172297454
34796,0.8573333333333334,3,4,3,595176,10434,96760,11196,0.0966504872355404,0.517614424410541
34797,0.8573333333333335,0,1,0,595177,10433,96760,11196,0.09664122420245286,0.5176383559110453
34798,0.8574999999999998,0,3,0,595180,10430,96760,11196,0.09661343510319019,0.5177101636918524
34799,0.8575,28,33,28,595213,10397,96788,11168,0.0963077550113009,0.517876188268027
34800,0.8575000000000002,1,0,1,595213,10397,96789,11167,0.0963077550113009,0.517853830458171
34801,0.8575119047619048,1,1,1,595214,10396,96790,11166,0.09629849197821334,0.5178554865040349
34802,0.8575238095238095,0,1,0,595215,10395,96790,11166,0.09628922894512579,0.5178795046611938
34803,0.8575714285714287,1,1,1,595216,10394,96791,11165,0.09627996591203823,0.5178811633192634
34804,0.8576190476190476,0,2,0,595218,10392,96791,11165,0.09626143984586313,0.5179292109291646
34805,0.8576190476190477,0,1,0,595219,10391,96791,11165,0.09625217681277558,0.5179532380775654
34806,0.8576666666666665,2,1,2,595220,10390,96793,11163,0.09624291377968802,0.5179325383937271
34807,0.8576666666666667,3,3,3,595223,10387,96796,11160,0.09621512468042535,0.517937531906994
34808,0.8576825396825396,0,2,0,595225,10385,96796,11160,0.09619659861425026,0.5179856115107914
34809,0.8576904761904762,1,0,1,595225,10385,96797,11159,0.09619659861425026,0.5179632380245079
34810,0.8577380952380952,2,0,2,595225,10385,96799,11157,0.09619659861425026,0.517918484820351
34811,0.8577380952380953,1,0,1,595225,10385,96800,11156,0.09619659861425026,0.5178961051018987
34812,0.8577777777777778,0,1,0,595226,10384,96800,11156,0.0961873355811627,0.5179201485608171
34813,0.8578095238095238,0,2,0,595228,10382,96800,11156,0.09616880951498759,0.5179682421766181
34814,0.8578333333333333,1,2,1,595230,10380,96801,11155,0.09615028344881248,0.5179939633155328
34815,0.8578492063492064,0,1,0,595231,10379,96801,11155,0.09614102041572492,0.5180180180180181
34816,0.8578571428571428,0,2,0,595233,10377,96801,11155,0.09612249434954982,0.518066134125952
34817,0.8578809523809524,0,1,0,595234,10376,96801,11155,0.09611323131646227,0.5180901955320236
34818,0.8579999999999999,0,1,0,595235,10375,96801,11155,0.09610396828337471,0.5181142591732466
34819,0.858,7,16,7,595251,10359,96808,11148,0.09595575975397384,0.5183428651136839
34820,0.8580000000000001,1,1,1,595252,10358,96809,11147,0.09594649672088629,0.518344571029993
34821,0.8580079365079364,0,1,0,595253,10357,96809,11147,0.09593723368779873,0.5183686755952381
34822,0.8580476190476191,1,0,1,595253,10357,96810,11146,0.09593723368779873,0.5183462772636376
34823,0.8581031746031746,0,2,0,595255,10355,96810,11146,0.09591870762162362,0.5183944932793824
34824,0.8581309523809524,0,1,0,595256,10354,96810,11146,0.09590944458853606,0.5184186046511627
34825,0.8581428571428572,0,2,0,595258,10352,96810,11146,0.09589091852236097,0.5184668341241045
34826,0.8581666666666665,1,0,1,595258,10352,96811,11145,0.09589091852236097,0.5184444341070847
34827,0.8581666666666666,0,3,0,595261,10349,96811,11145,0.0958631294230983,0.5185167953847586
34828,0.8581666666666667,0,1,0,595262,10348,96811,11145,0.09585386639001074,0.5185409202996324
34829,0.8582142857142857,0,1,0,595263,10347,96811,11145,0.09584460335692319,0.5185650474595198
34830,0.8582777777777777,0,1,0,595264,10346,96811,11145,0.09583534032383563,0.518589176864734
34831,0.8582976190476189,1,0,1,595264,10346,96812,11144,0.09583534032383563,0.5185667752442997
34832,0.8583095238095239,1,0,1,595264,10346,96813,11143,0.09583534032383563,0.5185443715389269
34833,0.8583333333333333,12,16,12,595280,10330,96825,11131,0.09568713179443478,0.5186617585387447
34834,0.8583333333333334,16,14,16,595294,10316,96841,11115,0.09555744933120901,0.5186412206616583
34835,0.8584523809523809,0,1,0,595295,10315,96841,11115,0.09554818629812145,0.5186654223051796
34836,0.8584523809523812,1,0,1,595295,10315,96842,11114,0.09554818629812145,0.5186429604741238
34837,0.8584999999999999,3,8,3,595303,10307,96845,11111,0.09547408203342102,0.518769259501354
34838,0.8585238095238094,1,1,1,595304,10306,96846,11110,0.09546481900033348,0.518771012327232
34839,0.8585714285714284,1,1,1,595305,10305,96847,11109,0.09545555596724592,0.5187727654805268
34840,0.8585714285714287,3,1,3,595306,10304,96850,11106,0.09544629293415836,0.5187295656235404
34841,0.8586190476190475,1,0,1,595306,10304,96851,11105,0.09544629293415836,0.5187070858050352
34842,0.8586666666666666,0,1,0,595307,10303,96851,11105,0.09543702990107081,0.5187313153961136
34843,0.8586666666666667,1,5,1,595312,10298,96852,11104,0.09539071473563304,0.5188300158863658
34844,0.85875,2,0,2,595312,10298,96854,11102,0.09539071473563304,0.518785046728972
34845,0.8587619047619048,1,0,1,595312,10298,96855,11101,0.09539071473563304,0.518762558998084
34846,0.8588333333333334,0,1,0,595313,10297,96855,11101,0.09538145170254549,0.518786802504907
34847,0.8588441558441556,0,2,0,595315,10295,96855,11101,0.09536292563637037,0.5188352963170686
34848,0.8588650793650794,0,3,0,595318,10292,96855,11101,0.0953351365371077,0.5189080540363671
34849,0.8589166666666668,0,2,0,595320,10290,96855,11101,0.09531661047093261,0.5189565705203123
34850,0.8589999999999999,0,2,0,595322,10288,96855,11101,0.0952980844047575,0.519005096077423
34851,0.8590000000000001,2,7,2,595329,10281,96857,11099,0.09523324317314462,0.5191300280636109
34852,0.859047619047619,0,1,0,595330,10280,96857,11099,0.09522398014005706,0.5191543103045044
34853,0.8590714285714287,0,1,0,595331,10279,96857,11099,0.09521471710696951,0.5191785948171017
34854,0.859095238095238,1,0,1,595331,10279,96858,11098,0.09521471710696951,0.5191561023529963
34855,0.8591388888888889,0,4,0,595335,10275,96858,11098,0.09517766497461928,0.5192532634632481
34856,0.8591666666666665,5,8,5,595343,10267,96863,11093,0.09510356070991885,0.5193352059925094
34857,0.8591666666666667,0,10,0,595353,10257,96863,11093,0.09501093037904332,0.5195784543325527
34858,0.8592857142857143,1,0,1,595353,10257,96864,11092,0.09501093037904332,0.5195559510984121
34859,0.8593333333333333,2,3,2,595356,10254,96866,11090,0.09498314127978065,0.5195839580209896
34860,0.8593333333333334,1,11,1,595367,10243,96867,11089,0.09488124791581755,0.5198293643352709
34861,0.8593333333333335,1,1,1,595368,10242,96868,11088,0.09487198488273,0.5198312236286919
34862,0.8593809523809525,1,0,1,595368,10242,96869,11087,0.09487198488273,0.5198087111444513
34863,0.8594047619047619,3,1,3,595369,10241,96872,11084,0.09486272184964245,0.5197655334114889
34864,0.8594761904761906,0,1,0,595370,10240,96872,11084,0.0948534588165549,0.5197899080847871
34865,0.8594999999999999,0,1,0,595371,10239,96872,11084,0.09484419578346734,0.5198142850443184
34866,0.8595,2,1,2,595372,10238,96874,11082,0.09483493275037978,0.5197936210131332
34867,0.8595238095238095,0,2,0,595374,10236,96874,11082,0.09481640668420467,0.5198423867154517
34868,0.8595714285714285,0,1,0,595375,10235,96874,11082,0.09480714365111712,0.5198667729980766
34869,0.8595833333333333,0,1,0,595376,10234,96874,11082,0.09479788061802957,0.5198911615687747
34870,0.8595833333333335,0,1,0,595377,10233,96874,11082,0.09478861758494202,0.5199155524278677
34871,0.859642857142857,0,1,0,595378,10232,96874,11082,0.09477935455185446,0.5199399455756779
34872,0.8596428571428573,0,1,0,595379,10231,96874,11082,0.0947700915187669,0.5199643410125275
34873,0.8596666666666666,0,1,0,595380,10230,96874,11082,0.09476082848567935,0.5199887387387387
34874,0.8596666666666667,1,2,1,595382,10228,96875,11081,0.09474230241950424,0.5200150171289126
34875,0.8596666666666668,0,1,0,595383,10227,96875,11081,0.09473303938641668,0.5200394218134035
34876,0.8597499999999999,0,1,0,595384,10226,96875,11081,0.09472377635332914,0.520063828788661
34877,0.8597651515151513,0,2,0,595386,10224,96875,11081,0.09470525028715403,0.5201126496127669
34878,0.8598333333333332,1,0,1,595386,10224,96876,11080,0.09470525028715403,0.5200901239203906
34879,0.8598333333333333,0,1,0,595387,10223,96876,11080,0.09469598725406647,0.5201145378585176
34880,0.8598333333333334,0,1,0,595388,10222,96876,11080,0.09468672422097892,0.5201389540888179
34881,0.8599047619047621,1,0,1,595388,10222,96877,11079,0.09468672422097892,0.5201164264588517
34882,0.8599999999999999,1,2,1,595390,10220,96878,11078,0.0946681981548038,0.5201427364071743
34883,0.86,661,686,661,596076,9534,97539,10417,0.08831375745674164,0.5221292165806225
34884,0.8600000000000001,1,3,1,596079,9531,97540,10416,0.08828596835747897,0.5221837870356445
34885,0.8600714285714287,1,0,1,596079,9531,97541,10415,0.08828596835747897,0.522159831545172
34886,0.8601666666666666,2,1,2,596080,9530,97543,10413,0.08827670532439141,0.522138093566665
34887,0.8601666666666667,1,0,1,596080,9530,97544,10412,0.08827670532439141,0.5221141309798415
34888,0.8602380952380951,0,1,0,596081,9529,97544,10412,0.08826744229130387,0.522140313926082
34889,0.8603333333333333,2,2,2,596083,9527,97546,10410,0.08824891622512876,0.5221447559813412
34890,0.8604999999999999,2,4,2,596087,9523,97548,10408,0.08821186409277854,0.5222015955044905
34891,0.8605000000000002,1,1,1,596088,9522,97549,10407,0.08820260105969098,0.5222038235736866
34892,0.860547619047619,0,1,0,596089,9521,97549,10407,0.08819333802660344,0.5222300281011641
34893,0.8605555555555555,0,1,0,596090,9520,97549,10407,0.08818407499351588,0.5222562352586942
34894,0.8606428571428572,0,1,0,596091,9519,97549,10407,0.08817481196042833,0.5222824450466726
34895,0.8606666666666666,4,5,4,596096,9514,97553,10403,0.08812849679499055,0.522317618115178
34896,0.8606666666666668,0,3,0,596099,9511,97553,10403,0.08810070769572789,0.5223963041076629
34897,0.8607142857142855,1,1,1,596100,9510,97554,10402,0.08809144466264034,0.5223985536359984
34898,0.8607142857142857,0,1,0,596101,9509,97554,10402,0.08808218162955278,0.5224247903169102
34899,0.86075,0,1,0,596102,9508,97554,10402,0.08807291859646522,0.5224510296333501
34900,0.8607857142857143,0,1,0,596103,9507,97554,10402,0.08806365556337767,0.522477271585715
34901,0.8608333333333333,5,14,5,596117,9493,97559,10397,0.08793397310015191,0.5227249874308698
34902,0.8608333333333335,8,5,8,596122,9488,97567,10389,0.08788765793471415,0.5226643859737385
34903,0.8609166666666666,1,0,1,596122,9488,97568,10388,0.08788765793471415,0.5226403702958342
34904,0.8609999999999998,1,1,1,596123,9487,97569,10387,0.08787839490162659,0.5226426486867264
34905,0.861,7,6,7,596129,9481,97576,10380,0.08782281670310127,0.5226322944464025
34906,0.8610833333333332,0,1,0,596130,9480,97576,10380,0.08781355367001371,0.5226586102719033
34907,0.861095238095238,2,1,2,596131,9479,97578,10378,0.08780429063692616,0.5226368535025432
34908,0.8611176046176046,2,0,2,596131,9479,97580,10376,0.08780429063692616,0.5225887685721481
34909,0.8611666666666666,2,4,2,596135,9475,97582,10374,0.08776723850457593,0.5226459771273112
34910,0.8611666666666667,0,1,0,596136,9474,97582,10374,0.08775797547148838,0.5226723095525998
34911,0.8612222222222222,0,1,0,596137,9473,97582,10374,0.08774871243840084,0.5226986446314305
34912,0.8612857142857142,0,1,0,596138,9472,97582,10374,0.08773944940531328,0.5227249823642044
34913,0.8612936507936508,0,1,0,596139,9471,97582,10374,0.08773018637222572,0.5227513227513227
34914,0.8613333333333333,6,3,6,596142,9468,97588,10368,0.08770239727296306,0.5226860254083484
34915,0.8613333333333334,0,2,0,596144,9466,97588,10368,0.08768387120678794,0.5227387314712111
34916,0.8613888888888889,0,1,0,596145,9465,97588,10368,0.0876746081737004,0.5227650884888821
34917,0.8614047619047619,0,3,0,596148,9462,97588,10368,0.08764681907443773,0.5228441754916793
34918,0.8614047619047621,1,2,1,596150,9460,97589,10367,0.08762829300826262,0.5228728501538307
34919,0.8614285714285714,1,1,1,596151,9459,97590,10366,0.08761902997517507,0.522875157629256
34920,0.8614523809523809,0,1,0,596152,9458,97590,10366,0.08760976694208751,0.5229015334947539
34921,0.8614999999999999,0,1,0,596153,9457,97590,10366,0.08760050390899997,0.5229279120213893
34922,0.8615,2,1,2,596154,9456,97592,10364,0.08759124087591241,0.5229061553985873
34923,0.8615476190476191,1,0,1,596154,9456,97593,10363,0.08759124087591241,0.5228820828497907
34924,0.8616111111111111,0,2,0,596156,9454,97593,10363,0.0875727148097373,0.5229348539133067
34925,0.8616666666666666,22,19,22,596175,9435,97615,10341,0.08739671718107377,0.5229065533980582
34926,0.8616666666666667,11,20,11,596195,9415,97626,10330,0.08721145651932269,0.5231704228918713
34927,0.8616666666666668,0,1,0,596196,9414,97626,10330,0.08720219348623513,0.5231969205834684
34928,0.8617857142857143,1,0,1,596196,9414,97627,10329,0.08720219348623513,0.5231727700957302
34929,0.8617857142857145,1,1,1,596197,9413,97628,10328,0.08719293045314758,0.5231751177751887
34930,0.8618333333333332,0,1,0,596198,9412,97628,10328,0.08718366742006002,0.5232016210739615
34931,0.8618333333333333,0,2,0,596200,9410,97628,10328,0.08716514135388492,0.5232546357280373
34932,0.8618849206349204,0,3,0,596203,9407,97628,10328,0.08713735225462226,0.5233341778566
34933,0.862,10,5,10,596208,9402,97638,10318,0.08709103708918449,0.5232251521298175
34934,0.8620238095238095,1,0,1,596208,9402,97639,10317,0.08709103708918449,0.5232009736802069
34935,0.8621428571428571,0,1,0,596209,9401,97639,10317,0.08708177405609693,0.5232275078608378
34936,0.8621428571428572,1,1,1,596210,9400,97640,10316,0.08707251102300938,0.523229864069791
34937,0.8621626984126984,0,1,0,596211,9399,97640,10316,0.08706324798992182,0.5232564037534871
34938,0.8622142857142856,2,2,2,596213,9397,97642,10314,0.08704472192374671,0.5232611232306834
34939,0.8622222222222223,0,1,0,596214,9396,97642,10314,0.08703545889065915,0.5232876712328767
34940,0.8623095238095236,0,1,0,596215,9395,97642,10314,0.0870261958575716,0.523314221929068
34941,0.8623095238095239,0,3,0,596218,9392,97642,10314,0.08699840675830894,0.5233938901857302
34942,0.8623333333333332,0,2,0,596220,9390,97642,10314,0.08697988069213383,0.5234470158343484
34943,0.8623333333333334,3,5,3,596225,9385,97645,10311,0.08693356552669607,0.5235073111291633
34944,0.862376984126984,0,1,0,596226,9384,97645,10311,0.08692430249360851,0.5235338918507235
34945,0.8624047619047619,0,1,0,596227,9383,97645,10311,0.08691503946052095,0.5235604752716564
34946,0.8624642857142857,0,1,0,596228,9382,97645,10311,0.0869057764274334,0.5235870613923729
34947,0.8624722222222222,1,0,1,596228,9382,97646,10310,0.0869057764274334,0.5235628681698151
34948,0.8625,41,41,41,596269,9341,97687,10269,0.08652599207084367,0.5236613972463029
34949,0.8626388888888888,0,1,0,596270,9340,97687,10269,0.08651672903775612,0.5236881024019583
34950,0.8626666666666667,4,4,4,596274,9336,97691,10265,0.08647967690540591,0.5236977705219121
34951,0.8626666666666668,1,3,1,596277,9333,97692,10264,0.08645188780614324,0.5237536357605757
34952,0.86275,0,1,0,596278,9332,97692,10264,0.08644262477305568,0.523780363339457
34953,0.8627976190476191,0,1,0,596279,9331,97692,10264,0.08643336173996813,0.5238070936463384
34954,0.8628333333333333,0,1,0,596280,9330,97692,10264,0.08642409870688059,0.5238338266816372
34955,0.8628333333333335,0,1,0,596281,9329,97692,10264,0.08641483567379303,0.5238605624457714
34956,0.8628571428571428,0,3,0,596284,9326,97692,10264,0.08638704657453036,0.523940786115365
34957,0.8629166666666666,1,1,1,596285,9325,97693,10263,0.0863777835414428,0.5239432305493159
34958,0.8629285714285713,0,1,0,596286,9324,97693,10263,0.08636852050835525,0.5239699800888344
34959,0.8629859307359307,0,1,0,596287,9323,97693,10263,0.0863592574752677,0.5239967323598489
34960,0.863,7,6,7,596293,9317,97700,10256,0.08630367927674237,0.5239871251213406
34961,0.8630238095238093,0,1,0,596294,9316,97700,10256,0.08629441624365482,0.5240138974044554
34962,0.8630476190476188,1,0,1,596294,9316,97701,10255,0.08629441624365482,0.5239895764140821
34963,0.8630476190476191,0,1,0,596295,9315,97701,10255,0.08628515321056726,0.5240163515585079
34964,0.8630714285714285,0,1,0,596296,9314,97701,10255,0.08627589017747972,0.5240431294394194
34965,0.8631785714285714,1,0,1,596296,9314,97702,10254,0.08627589017747972,0.5240188062142274
34966,0.8631904761904763,1,0,1,596296,9314,97703,10253,0.08627589017747972,0.5239944805028875
34967,0.8631944444444444,2,1,2,596297,9313,97705,10251,0.08626662714439216,0.523972602739726
34968,0.8632857142857142,0,1,0,596298,9312,97705,10251,0.08625736411130461,0.5239993865971477
34969,0.8633333333333333,35,37,35,596335,9275,97740,10216,0.08591463188706511,0.5241393463649889
34970,0.8633333333333334,43,45,43,596380,9230,97783,10173,0.08549779539812516,0.5243003659227955
34971,0.8633809523809524,0,1,0,596381,9229,97783,10173,0.0854885323650376,0.5243273889289763
34972,0.863452380952381,1,0,1,596381,9229,97784,10172,0.0854885323650376,0.5243028709860317
34973,0.8634999999999999,3,5,3,596386,9224,97787,10169,0.08544221719959984,0.5243644614035993
34974,0.8635,2,4,2,596390,9220,97789,10167,0.08540516506724961,0.5244235828132253
34975,0.8636071428571428,0,1,0,596391,9219,97789,10167,0.08539590203416207,0.5244506344784896
34976,0.8636093073593072,0,1,0,596392,9218,97789,10167,0.08538663900107452,0.5244776889347433
34977,0.8636309523809522,1,0,1,596392,9218,97790,10166,0.08538663900107452,0.524453157243087
34978,0.8636666666666666,0,2,0,596394,9216,97790,10166,0.0853681129348994,0.5245072747910432
34979,0.8636666666666667,1,2,1,596396,9214,97791,10165,0.08534958686872429,0.5245368698075236
34980,0.8636904761904762,1,1,1,596397,9213,97792,10164,0.08534032383563674,0.52453940238427
34981,0.86375,1,0,1,596397,9213,97793,10163,0.08534032383563674,0.5245148637489678
34982,0.8637504578754577,0,2,0,596399,9211,97793,10163,0.08532179776946164,0.52456901001342
34983,0.8638095238095238,1,1,1,596400,9210,97794,10162,0.08531253473637408,0.5245715465620483
34984,0.8638203463203464,1,0,1,596400,9210,97795,10161,0.08531253473637408,0.5245470032522843
34985,0.8638333333333332,2,2,2,596402,9208,97797,10159,0.08529400867019897,0.52455207311406
34986,0.8638333333333335,2,0,2,596402,9208,97799,10157,0.08529400867019897,0.5245029692744643
34987,0.8639166666666668,1,0,1,596402,9208,97800,10156,0.08529400867019897,0.5244784135509193
34988,0.8639999999999999,0,1,0,596403,9207,97800,10156,0.08528474563711141,0.5245055001807571
34989,0.8640000000000001,18,18,18,596421,9189,97818,10138,0.08511801104153544,0.5245511460650902
34990,0.864047619047619,2,0,2,596421,9189,97820,10136,0.08511801104153544,0.5245019404915912
34991,0.8641190476190477,0,1,0,596422,9188,97820,10136,0.08510874800844788,0.5245290830055889
34992,0.8641547619047616,1,0,1,596422,9188,97821,10135,0.08510874800844788,0.5245044765305594
34993,0.8641666666666665,8,5,8,596427,9183,97829,10127,0.08506243284301011,0.5244432936302434
34994,0.8641666666666667,3,5,3,596432,9178,97832,10124,0.08501611767757235,0.5245052326183816
34995,0.86425,0,2,0,596434,9176,97832,10124,0.08499759161139724,0.524559585492228
34996,0.8642857142857143,1,4,1,596438,9172,97833,10123,0.08496053947904703,0.524643690075149
34997,0.8643333333333332,3,1,3,596439,9171,97836,10120,0.08495127644595947,0.5245969623140324
34998,0.8643333333333334,1,1,1,596440,9170,97837,10119,0.08494201341287191,0.5245995126756182
34999,0.8644285714285713,0,1,0,596441,9169,97837,10119,0.08493275037978436,0.5246267109083368
35000,0.8644365079365077,0,1,0,596442,9168,97837,10119,0.0849234873466968,0.5246539119614247
35001,0.8644999999999999,0,1,0,596443,9167,97837,10119,0.08491422431360925,0.524681115835321
35002,0.8645595238095238,0,1,0,596444,9166,97837,10119,0.08490496128052169,0.5247083225304641
35003,0.8645714285714285,0,1,0,596445,9165,97837,10119,0.08489569824743413,0.5247355320472931
35004,0.864611111111111,0,1,0,596446,9164,97837,10119,0.08488643521434659,0.5247627443862469
35005,0.8646190476190476,0,1,0,596447,9163,97837,10119,0.08487717218125904,0.5247899595477648
35006,0.8646212121212122,0,1,0,596448,9162,97837,10119,0.08486790914817148,0.5248171775322856
35007,0.8646428571428569,0,1,0,596449,9161,97837,10119,0.08485864611508392,0.524844398340249
35008,0.8646666666666666,2,0,2,596449,9161,97839,10117,0.08485864611508392,0.5247951032264758
35009,0.8646666666666667,4,8,4,596457,9153,97843,10113,0.08478454185038349,0.5249143568981626
35010,0.8646904761904761,1,0,1,596457,9153,97844,10112,0.08478454185038349,0.5248896963405139
35011,0.8648333333333332,1,1,1,596458,9152,97845,10111,0.08477527881729593,0.5248922805378187
35012,0.8648333333333333,0,5,0,596463,9147,97845,10111,0.08472896365185817,0.5250285595596635
35013,0.8648333333333335,2,1,2,596464,9146,97847,10109,0.08471970061877061,0.5250064918203065
35014,0.8649126984126982,0,1,0,596465,9145,97847,10109,0.08471043758568306,0.5250337592188636
35015,0.8649166666666666,0,1,0,596466,9144,97847,10109,0.0847011745525955,0.5250610294499558
35016,0.8649920634920634,0,2,0,596468,9142,97847,10109,0.08468264848642039,0.5251155784115111
35017,0.8649999999999999,3,3,3,596471,9139,97850,10106,0.08465485938715774,0.5251234086775786
35018,0.865,124,139,124,596610,9000,97974,9982,0.0833672977879877,0.5258666104730798
35019,0.8650000000000001,1,1,1,596611,8999,97975,9981,0.08335803475490014,0.5258693361433088
35020,0.8651428571428572,0,1,0,596612,8998,97975,9981,0.08334877172181258,0.5258970441013752
35021,0.8651666666666665,1,0,1,596612,8998,97976,9980,0.08334877172181258,0.5258720623880282
35022,0.8651666666666668,0,2,0,596614,8996,97976,9980,0.08333024565563749,0.5259274873524452
35023,0.8652380952380951,1,0,1,596614,8996,97977,9979,0.08333024565563749,0.5259025032938076
35024,0.8653095238095238,0,1,0,596615,8995,97977,9979,0.08332098262254993,0.5259302203014652
35025,0.8653095238095239,1,1,1,596616,8994,97978,9978,0.08331171958946237,0.5259329538266919
35026,0.8653333333333333,1,2,1,596618,8992,97979,9977,0.08329319352328726,0.5259634139912489
35027,0.8653730158730158,0,2,0,596620,8990,97979,9977,0.08327466745711215,0.5260188748879633
35028,0.8654166666666666,0,1,0,596621,8989,97979,9977,0.08326540442402461,0.5260466097226616
35029,0.8654761904761905,1,0,1,596621,8989,97980,9976,0.08326540442402461,0.5260216187714211
35030,0.8654801587301584,0,1,0,596622,8988,97980,9976,0.08325614139093705,0.5260493566758068
35031,0.8654999999999999,0,2,0,596624,8986,97980,9976,0.08323761532476194,0.5261048412614703
35032,0.8655000000000002,0,1,0,596625,8985,97980,9976,0.08322835229167438,0.5261325879436739
35033,0.8655555555555554,0,1,0,596626,8984,97980,9976,0.08321908925858683,0.5261603375527426
35034,0.8655833333333334,0,2,0,596628,8982,97980,9976,0.08320056319241172,0.5262158455533285
35035,0.865611111111111,1,0,1,596628,8982,97981,9975,0.08320056319241172,0.5261908529830669
35036,0.8656666666666666,3,1,3,596629,8981,97984,9972,0.08319130015932417,0.5261436184245238
35037,0.8656666666666668,0,5,0,596634,8976,97984,9972,0.0831449849938864,0.526282457251425
35038,0.8657142857142857,0,2,0,596636,8974,97984,9972,0.08312645892771128,0.5263380133009606
35039,0.8658333333333332,6,8,6,596644,8966,97990,9966,0.08305235466301085,0.5264103105852525
35040,0.8658333333333335,5,2,5,596646,8964,97995,9961,0.08303382859683575,0.5263408190224571
35041,0.8658354978354978,0,1,0,596647,8963,97995,9961,0.0830245655637482,0.5263686324244345
35042,0.8658787878787879,1,0,1,596647,8963,97996,9960,0.0830245655637482,0.5263436030227765
35043,0.8658809523809523,0,1,0,596648,8962,97996,9960,0.08301530253066064,0.5263714195116795
35044,0.8659126984126984,0,1,0,596649,8961,97996,9960,0.08300603949757308,0.5263992389408594
35045,0.8659761904761905,1,0,1,596649,8961,97997,9959,0.08300603949757308,0.5263742071881606
35046,0.866,10,20,10,596669,8941,98007,9949,0.082820778835822,0.5266807834833245
35047,0.8660000000000001,0,1,0,596670,8940,98007,9949,0.08281151580273445,0.5267086664196093
35048,0.8660357142857142,1,1,1,596671,8939,98008,9948,0.0828022527696469,0.5267114946788797
35049,0.866047619047619,0,1,0,596672,8938,98008,9948,0.08279298973655934,0.5267393836704437
35050,0.8660606060606061,1,0,1,596672,8938,98009,9947,0.08279298973655934,0.5267143235371988
35051,0.866111111111111,0,1,0,596673,8937,98009,9947,0.08278372670347178,0.5267422156322813
35052,0.8661190476190477,1,1,1,596674,8936,98010,9946,0.08277446367038423,0.5267450481940472
35053,0.8661190476190478,0,1,0,596675,8935,98010,9946,0.08276520063729667,0.5267729463481807
35054,0.8661666666666664,0,1,0,596676,8934,98010,9946,0.08275593760420913,0.5268008474576271
35055,0.8661666666666666,1,3,1,596679,8931,98011,9945,0.08272814850494646,0.5268595041322314
35056,0.8661666666666668,0,1,0,596680,8930,98011,9945,0.0827188854718589,0.526887417218543
35057,0.8662142857142857,0,1,0,596681,8929,98011,9945,0.08270962243877135,0.5269153332626895
35058,0.8662252747252746,1,0,1,596681,8929,98012,9944,0.08270962243877135,0.5268902665183066
35059,0.8663333333333333,0,3,0,596684,8926,98012,9944,0.0826818333395087,0.5269740328563858
35060,0.8663333333333334,1,0,1,596684,8926,98013,9943,0.0826818333395087,0.5269489639090572
35061,0.8664999999999999,1,1,1,596685,8925,98014,9942,0.08267257030642114,0.5269518206392113
35062,0.8665,1,4,1,596689,8921,98015,9941,0.08263551817407092,0.527038490085887
35063,0.866547619047619,0,1,0,596690,8920,98015,9941,0.08262625514098336,0.5270664333810509
35064,0.8665714285714285,0,1,0,596691,8919,98015,9941,0.0826169921078958,0.5270943796394486
35065,0.8665833333333333,0,1,0,596692,8918,98015,9941,0.08260772907480826,0.5271223288615515
35066,0.8666190476190476,0,3,0,596695,8915,98015,9941,0.0825799399755456,0.527206194314807
35067,0.8666666666666666,41,47,41,596742,8868,98056,9900,0.08214457742043055,0.5274936061381074
35068,0.8666666666666667,32,47,32,596789,8821,98088,9868,0.0817092148653155,0.5280111295414415
35069,0.8667023809523811,0,1,0,596790,8820,98088,9868,0.08169995183222795,0.5280393835616438
35070,0.8667142857142857,1,0,1,596790,8820,98089,9867,0.08169995183222795,0.5280141274682935
35071,0.8667380952380952,0,1,0,596791,8819,98089,9867,0.08169068879914039,0.5280423846730172
35072,0.8667777777777776,1,0,1,596791,8819,98090,9866,0.08169068879914039,0.528017126036928
35073,0.8667857142857143,1,0,1,596791,8819,98091,9865,0.08169068879914039,0.527991864697067
35074,0.8668333333333332,1,1,1,596792,8818,98092,9864,0.08168142576605283,0.5279948613638796
35075,0.8668333333333333,0,2,0,596794,8816,98092,9864,0.08166289969987772,0.528051391862955
35076,0.8668333333333336,0,1,0,596795,8815,98092,9864,0.08165363666679018,0.5280796616521227
35077,0.8668549783549783,1,0,1,596795,8815,98093,9863,0.08165363666679018,0.5280543955455617
35078,0.8669523809523811,0,1,0,596796,8814,98093,9863,0.08164437363370262,0.5280826685227821
35079,0.867,4,3,4,596799,8811,98097,9859,0.08161658453443996,0.5280664167113015
35080,0.8670277777777777,0,1,0,596800,8810,98097,9859,0.0816073215013524,0.5280947024479083
35081,0.867047619047619,1,0,1,596800,8810,98098,9858,0.0816073215013524,0.5280694236125991
35082,0.8670476190476191,1,0,1,596800,8810,98099,9857,0.0816073215013524,0.5280441420688916
35083,0.8670555555555556,1,0,1,596800,8810,98100,9856,0.0816073215013524,0.5280188578163506
35084,0.8670833333333334,0,1,0,596801,8809,98100,9856,0.08159805846826484,0.5280471470667024
35085,0.8671428571428571,0,1,0,596802,8808,98100,9856,0.08158879543517729,0.5280754393484783
35086,0.8671428571428572,3,1,3,596803,8807,98103,9853,0.08157953240208975,0.5280278670953912
35087,0.8671666666666665,1,1,1,596804,8806,98104,9852,0.08157026936900219,0.5280308714760424
35088,0.8671666666666666,1,1,1,596805,8805,98105,9851,0.08156100633591463,0.5280338765008576
35089,0.8672142857142857,1,1,1,596806,8804,98106,9850,0.08155174330282708,0.528036882170044
35090,0.8672857142857144,0,1,0,596807,8803,98106,9850,0.08154248026973952,0.5280651905859647
35091,0.8673253968253966,0,3,0,596810,8800,98106,9850,0.08151469117047686,0.5281501340482574
35092,0.8673333333333333,0,2,0,596812,8798,98106,9850,0.08149616510430176,0.5282067782067782
35093,0.8673333333333335,1,2,1,596814,8796,98107,9849,0.08147763903812665,0.5282381335478681
35094,0.8673809523809523,1,0,1,596814,8796,98108,9848,0.08147763903812665,0.5282128298648359
35095,0.8673809523809524,0,1,0,596815,8795,98108,9848,0.08146837600503909,0.5282411629029663
35096,0.8674761904761905,0,1,0,596816,8794,98108,9848,0.08145911297195153,0.528269498980796
35097,0.8675,29,38,29,596854,8756,98137,9819,0.08110711771462448,0.5286137281292059
35098,0.8675476190476192,1,0,1,596854,8756,98138,9818,0.08110711771462448,0.5285883493054808
35099,0.8676666666666665,0,1,0,596855,8755,98138,9818,0.08109785468153692,0.5286168093469014
35100,0.8676666666666667,2,1,2,596856,8754,98140,9816,0.08108859164844937,0.52859450726979
35101,0.8676666666666668,1,3,1,596859,8751,98141,9815,0.08106080254918671,0.5286545297856297
35102,0.8677142857142855,1,0,1,596859,8751,98142,9814,0.08106080254918671,0.5286291408564503
35103,0.8677380952380953,1,0,1,596859,8751,98143,9813,0.08106080254918671,0.5286037491919845
35104,0.8678333333333333,2,2,2,596861,8749,98145,9811,0.0810422764830116,0.5286099137931034
35105,0.8678809523809524,1,0,1,596861,8749,98146,9810,0.0810422764830116,0.5285845142518455
35106,0.8679047619047618,0,2,0,596863,8747,98146,9810,0.08102375041683649,0.5286414829983295
35107,0.8679166666666667,0,1,0,596864,8746,98146,9810,0.08101448738374893,0.5286699719767192
35108,0.8679484126984126,0,1,0,596865,8745,98146,9810,0.08100522435066138,0.5286984640258691
35109,0.8679826839826837,0,1,0,596866,8744,98146,9810,0.08099596131757382,0.5287269591462758
35110,0.8679880952380951,0,1,0,596867,8743,98146,9810,0.08098669828448628,0.5287554573384359
35111,0.868,9,9,9,596876,8734,98155,9801,0.08090333098669829,0.5287833827893175
35112,0.8680000000000001,0,1,0,596877,8733,98155,9801,0.08089406795361073,0.5288119132405309
35113,0.8680555555555556,0,1,0,596878,8732,98155,9801,0.08088480492052318,0.5288404467706254
35114,0.8680714285714286,0,1,0,596879,8731,98155,9801,0.08087554188743562,0.5288689833800992
35115,0.8681428571428572,1,0,1,596879,8731,98156,9800,0.08087554188743562,0.5288435594409369
35116,0.8681666666666666,2,2,2,596881,8729,98158,9798,0.08085701582126051,0.5288497867976467
35117,0.8682857142857142,0,1,0,596882,8728,98158,9798,0.08084775278817297,0.528878333153406
35118,0.8683333333333332,0,1,0,596883,8727,98158,9798,0.08083848975508541,0.5289068825910931
35119,0.8683333333333333,10,26,10,596909,8701,98168,9788,0.080597650894809,0.5293958569960517
35120,0.8683333333333334,14,11,14,596920,8690,98182,9774,0.0804957575308459,0.5293544194107452
35121,0.8683809523809524,0,1,0,596921,8689,98182,9774,0.08048649449775834,0.5293830905053349
35122,0.8684444444444446,0,1,0,596922,8688,98182,9774,0.0804772314646708,0.5294117647058824
35123,0.8684722222222223,0,1,0,596923,8687,98182,9774,0.08046796843158324,0.5294404420128921
35124,0.8684999999999999,2,1,2,596924,8686,98184,9772,0.08045870539849569,0.5294181384765413
35125,0.8685,1,0,1,596924,8686,98185,9771,0.08045870539849569,0.529392642357913
35126,0.8685714285714287,1,1,1,596925,8685,98186,9770,0.08044944236540813,0.5293958276889732
35127,0.8685714285714288,0,1,0,596926,8684,98186,9770,0.08044017933232057,0.5294245150102959
35128,0.8686269841269842,0,1,0,596927,8683,98186,9770,0.08043091629923302,0.5294532054408497
35129,0.8686666666666665,1,0,1,596927,8683,98187,9769,0.08043091629923302,0.5294277043138955
35130,0.8686666666666666,2,2,2,596929,8681,98189,9767,0.0804123902330579,0.5294340849956635
35131,0.8686666666666667,0,2,0,596931,8679,98189,9767,0.08039386416688281,0.5294914886696303
35132,0.8686904761904762,0,1,0,596932,8678,98189,9767,0.08038460113379525,0.5295201951748442
35133,0.8686944444444445,1,1,1,596933,8677,98190,9766,0.0803753381007077,0.5295233964105622
35134,0.8687142857142856,1,0,1,596933,8677,98191,9765,0.0803753381007077,0.5294978852619022
35135,0.86875,0,1,0,596934,8676,98191,9765,0.08036607506762014,0.529526598340654
35136,0.8688095238095237,0,1,0,596935,8675,98191,9765,0.08035681203453258,0.5295553145336226
35137,0.8688333333333331,1,2,1,596937,8673,98192,9764,0.08033828596835747,0.5295872430438792
35138,0.8688333333333332,1,1,1,596938,8672,98193,9763,0.08032902293526993,0.5295904529427718
35139,0.8688333333333333,2,0,2,596938,8672,98195,9761,0.08032902293526993,0.5295394130092769
35140,0.8689285714285715,0,1,0,596939,8671,98195,9761,0.08031975990218237,0.5295681423611112
35141,0.868952380952381,1,0,1,596939,8671,98196,9760,0.08031975990218237,0.5295426184146276
35142,0.8689761904761905,1,0,1,596939,8671,98197,9759,0.08031975990218237,0.529517091698318
35143,0.8689999999999999,0,1,0,596940,8670,98197,9759,0.08031049686909482,0.529545824515709
35144,0.8690000000000001,4,6,4,596946,8664,98201,9755,0.0802549186705695,0.5296161572289484
35145,0.869047619047619,3,0,3,596946,8664,98204,9752,0.0802549186705695,0.5295395308427454
35146,0.8691666666666665,4,4,4,596950,8660,98208,9748,0.08021786653821927,0.5295523685354194
35147,0.8691666666666668,3,12,3,596962,8648,98211,9745,0.08010671014116863,0.5298211276028923
35148,0.8691666666666669,0,1,0,596963,8647,98211,9745,0.08009744710808107,0.529849934754241
35149,0.8692380952380953,0,1,0,596964,8646,98211,9745,0.08008818407499352,0.529878745038334
35150,0.8692857142857143,0,2,0,596966,8644,98211,9745,0.0800696580088184,0.5299363750067976
35151,0.8693095238095238,0,1,0,596967,8643,98211,9745,0.08006039497573085,0.5299651946921906
35152,0.8693333333333332,1,2,1,596969,8641,98212,9744,0.08004186890955574,0.5299972803916236
35153,0.8693333333333334,3,4,3,596973,8637,98215,9741,0.08000481677720553,0.530035912504081
35154,0.8693333333333335,1,2,1,596975,8635,98216,9740,0.07998629071103042,0.5300680272108843
35155,0.8693809523809523,0,2,0,596977,8633,98216,9740,0.0799677646448553,0.5301257279703914
35156,0.8694047619047619,0,1,0,596978,8632,98216,9740,0.07995850161176776,0.53015458306118
35157,0.8694166666666666,1,0,1,596978,8632,98217,9739,0.07995850161176776,0.5301290076751402
35158,0.8694285714285716,0,1,0,596979,8631,98217,9739,0.0799492385786802,0.5301578660860098
35159,0.8694393939393938,0,1,0,596980,8630,98217,9739,0.07993997554559265,0.5301867276389569
35160,0.8694761904761904,0,1,0,596981,8629,98217,9739,0.0799307125125051,0.5302155923344948
35161,0.8694761904761905,0,1,0,596982,8628,98217,9739,0.07992144947941754,0.5302444601731366
35162,0.8695,5,0,5,596982,8628,98222,9734,0.07992144947941754,0.5301165450386668
35163,0.8695833333333334,0,1,0,596983,8627,98222,9734,0.07991218644632998,0.5301454169162899
35164,0.869595238095238,0,1,0,596984,8626,98222,9734,0.07990292341324243,0.5301742919389978
35165,0.8696212121212121,0,1,0,596985,8625,98222,9734,0.07989366038015487,0.5302031701073043
35166,0.8696309523809523,0,2,0,596987,8623,98222,9734,0.07987513431397977,0.5302609358827696
35167,0.8696666666666666,0,1,0,596988,8622,98222,9734,0.07986587128089222,0.5302898234909567
35168,0.8696666666666667,0,2,0,596990,8620,98222,9734,0.0798473452147171,0.5303476081508118
35169,0.8697380952380952,0,1,0,596991,8619,98222,9734,0.07983808218162955,0.530376505203509
35170,0.8698095238095239,0,1,0,596992,8618,98222,9734,0.079828819148542,0.5304054054054054
35171,0.8698333333333332,0,1,0,596993,8617,98222,9734,0.07981955611545444,0.5304343087570159
35172,0.8698333333333333,0,1,0,596994,8616,98222,9734,0.0798102930823669,0.5304632152588555
35173,0.8699523809523808,1,1,1,596995,8615,98223,9733,0.07980103004927934,0.5304665358622194
35174,0.8699999999999999,1,8,1,597003,8607,98224,9732,0.0797269257845789,0.5306723376410928
35175,0.87,656,606,656,597609,8001,98880,9076,0.07411352773352106,0.53147508344557
35176,0.8700000000000001,1,1,1,597610,8000,98881,9075,0.0741042647004335,0.5314787701317716
35177,0.8700238095238096,0,1,0,597611,7999,98881,9075,0.07409500166734595,0.5315098980906642
35178,0.8700476190476191,0,2,0,597613,7997,98881,9075,0.07407647560117085,0.5315721649484536
35179,0.8701666666666666,2,2,2,597615,7995,98883,9073,0.07405794953499574,0.5315795640965549
35180,0.8702142857142857,0,1,0,597616,7994,98883,9073,0.07404868650190818,0.5316107107283061
35181,0.8702142857142858,0,1,0,597617,7993,98883,9073,0.07403942346882063,0.5316418610101957
35182,0.8702380952380951,0,2,0,597619,7991,98883,9073,0.07402089740264552,0.5317041725269573
35183,0.8702857142857144,1,2,1,597621,7989,98884,9072,0.07400237133647042,0.5317390539827677
35184,0.8703333333333332,0,1,0,597622,7988,98884,9072,0.07399310830338286,0.5317702227432591
35185,0.8703333333333333,1,2,1,597624,7986,98885,9071,0.07397458223720775,0.5318051239960133
35186,0.8704166666666666,0,1,0,597625,7985,98885,9071,0.0739653192041202,0.5318363039399625
35187,0.8704285714285714,0,2,0,597627,7983,98885,9071,0.07394679313794508,0.5318986747977014
35188,0.8704529914529913,2,0,2,597627,7983,98887,9069,0.07394679313794508,0.5318437719915552
35189,0.8704761904761904,1,0,1,597627,7983,98888,9068,0.07394679313794508,0.5318163157586066
35190,0.8704999999999999,3,3,3,597630,7980,98891,9065,0.07391900403868243,0.5318275154004107
35191,0.8705396825396826,0,1,0,597631,7979,98891,9065,0.07390974100559487,0.5318587186106548
35192,0.8705833333333334,0,1,0,597632,7978,98891,9065,0.07390047797250732,0.5318899254826028
35193,0.8706190476190475,1,0,1,597632,7978,98892,9064,0.07390047797250732,0.5318624574580448
35194,0.8706666666666668,0,2,0,597634,7976,98892,9064,0.0738819519063322,0.531924882629108
35195,0.8707142857142857,1,0,1,597634,7976,98893,9063,0.0738819519063322,0.5318974118199424
35196,0.8708333333333332,5,7,5,597641,7969,98898,9058,0.07381711067471933,0.5319786221882892
35197,0.8708333333333335,0,13,0,597654,7956,98898,9058,0.07369669124458113,0.5323850946279535
35198,0.871,3,7,3,597661,7949,98901,9055,0.07363185001296825,0.5325217595859798
35199,0.8710000000000001,1,1,1,597662,7948,98902,9054,0.0736225869798807,0.5325255852252676
35200,0.8710714285714286,2,0,2,597662,7948,98904,9052,0.0736225869798807,0.5324705882352941
35201,0.8711428571428571,0,1,0,597663,7947,98904,9052,0.07361332394679314,0.5325019118771692
35202,0.8711666666666666,1,0,1,597663,7947,98905,9051,0.07361332394679314,0.532474408753971
35203,0.8711666666666668,1,2,1,597665,7945,98906,9050,0.07359479788061803,0.5325095616357752
35204,0.8712023809523809,0,1,0,597666,7944,98906,9050,0.07358553484753047,0.5325408967871014
35205,0.87125,2,0,2,597666,7944,98908,9048,0.07358553484753047,0.5324858757062146
35206,0.8712574647574644,0,2,0,597668,7942,98908,9048,0.07356700878135537,0.5325485579752796
35207,0.8713333333333333,2,0,2,597668,7942,98910,9046,0.07356700878135537,0.5324935248410643
35208,0.8713333333333334,0,4,0,597672,7938,98910,9046,0.07352995664900515,0.5326189354686764
35209,0.8714285714285714,1,0,1,597672,7938,98911,9045,0.07352995664900515,0.5325914149443561
35210,0.8714999999999999,0,1,0,597673,7937,98911,9045,0.07352069361591759,0.5326227770580615
35211,0.8715,3,1,3,597674,7936,98914,9042,0.07351143058283004,0.5325715631994346
35212,0.8716666666666666,13,20,13,597694,7916,98927,9029,0.07332616992107896,0.5328415461788139
35213,0.8716666666666667,8,21,8,597715,7895,98935,9021,0.07313164622624033,0.5332820997871838
35214,0.87175,0,1,0,597716,7894,98935,9021,0.07312238319315277,0.533313626958321
35215,0.8718333333333332,0,1,0,597717,7893,98935,9021,0.07311312016006521,0.5333451578573962
35216,0.8718333333333335,1,0,1,597717,7893,98936,9020,0.07311312016006521,0.5333175663690652
35217,0.8718809523809523,0,1,0,597718,7892,98936,9020,0.07310385712697766,0.533349101229896
35218,0.8719166666666667,1,0,1,597718,7892,98937,9019,0.07310385712697766,0.5333215067116078
35219,0.8719523809523808,1,0,1,597718,7892,98938,9018,0.07310385712697766,0.5332939089296275
35220,0.8719999999999999,0,1,0,597719,7891,98938,9018,0.0730945940938901,0.5333254479862795
35221,0.872,4,7,4,597726,7884,98942,9014,0.07302975286227723,0.5334359095750977
35222,0.8720436507936508,0,2,0,597728,7882,98942,9014,0.07301122679610211,0.533499053030303
35223,0.8720476190476191,0,1,0,597729,7881,98942,9014,0.07300196376301456,0.533530630364013
35224,0.8720714285714286,0,1,0,597730,7880,98942,9014,0.072992700729927,0.5335622114360128
35225,0.8721428571428572,0,1,0,597731,7879,98942,9014,0.07298343769683946,0.5335937962469662
35226,0.8721507936507936,0,1,0,597732,7878,98942,9014,0.0729741746637519,0.5336253847975373
35227,0.8721565934065932,1,0,1,597732,7878,98943,9013,0.0729741746637519,0.5335977739624652
35228,0.8721666666666665,0,2,0,597734,7876,98943,9013,0.07295564859757679,0.533660962756824
35229,0.8721666666666666,1,0,1,597734,7876,98944,9012,0.07295564859757679,0.5336333491236381
35230,0.8722142857142857,1,0,1,597734,7876,98945,9011,0.07295564859757679,0.5336057322200509
35231,0.8722380952380954,1,0,1,597734,7876,98946,9010,0.07295564859757679,0.5335781120454814
35232,0.8723333333333333,2,1,2,597735,7875,98948,9008,0.07294638556448924,0.5335544630693597
35233,0.8723809523809523,0,1,0,597736,7874,98948,9008,0.07293712253140168,0.5335860680014216
35234,0.8723809523809524,0,2,0,597738,7872,98948,9008,0.07291859646522657,0.533649289099526
35235,0.8724523809523811,0,1,0,597739,7871,98948,9008,0.07290933343213903,0.5336809052668997
35236,0.8725,26,33,26,597772,7838,98974,8982,0.07260365334024974,0.5340071343638526
35237,0.8725000000000002,3,0,3,597772,7838,98977,8979,0.07260365334024974,0.5339240054706547
35238,0.8725238095238096,1,0,1,597772,7838,98978,8978,0.07260365334024974,0.5338962892483349
35239,0.8725277777777777,1,1,1,597773,7837,98979,8977,0.07259439030716218,0.5339003211609373
35240,0.8725952380952381,1,1,1,597774,7836,98980,8976,0.07258512727407462,0.5339043540328337
35241,0.8726666666666665,2,0,2,597774,7836,98982,8974,0.07258512727407462,0.5338488994646045
35242,0.8726666666666667,2,1,2,597775,7835,98984,8972,0.07257586424098707,0.5338251918843339
35243,0.8726666666666668,1,1,1,597776,7834,98985,8971,0.07256660120789951,0.5338292174947932
35244,0.8727142857142856,1,1,1,597777,7833,98986,8970,0.07255733817481196,0.53383324406356
35245,0.8727142857142858,0,1,0,597778,7832,98986,8970,0.0725480751417244,0.5338650160695155
35246,0.8727182539682541,2,2,2,597780,7830,98988,8968,0.0725295490755493,0.5338730801285867
35247,0.8727200854700853,0,1,0,597781,7829,98988,8968,0.07252028604246175,0.5339048639638031
35248,0.8727380952380952,0,1,0,597782,7828,98988,8968,0.07251102300937419,0.5339366515837104
35249,0.8728333333333333,3,0,3,597782,7828,98991,8965,0.07251102300937419,0.5338533912939916
35250,0.8728333333333335,1,1,1,597783,7827,98992,8964,0.07250175997628663,0.5338574236197963
35251,0.8728571428571428,0,2,0,597785,7825,98992,8964,0.07248323391011152,0.5339210197152898
35252,0.8728571428571429,0,1,0,597786,7824,98992,8964,0.07247397087702397,0.5339528234453181
35253,0.8729166666666667,2,0,2,597786,7824,98994,8962,0.07247397087702397,0.5338972953651853
35254,0.8729761904761904,0,1,0,597787,7823,98994,8962,0.07246470784393642,0.5339291033661007
35255,0.8729999999999998,0,1,0,597788,7822,98994,8962,0.07245544481084887,0.5339609151572927
35256,0.873,3,4,3,597792,7818,98997,8959,0.07241839267849864,0.534004887643798
35257,0.8731507936507938,0,5,0,597797,7813,98997,8959,0.07237207751306088,0.5341640829954687
35258,0.8731666666666666,1,0,1,597797,7813,98998,8958,0.07237207751306088,0.5341363067199332
35259,0.8731688311688311,0,1,0,597798,7812,98998,8958,0.07236281447997332,0.5341681574239714
35260,0.8732142857142855,0,2,0,597800,7810,98998,8958,0.07234428841379821,0.5342318702290076
35261,0.8732380952380951,0,1,0,597801,7809,98998,8958,0.07233502538071065,0.5342637323313651
35262,0.8732380952380955,0,3,0,597804,7806,98998,8958,0.072307236281448,0.5343593414459556
35263,0.8732976190476189,0,3,0,597807,7803,98998,8958,0.07227944718218533,0.5344549847861106
35264,0.8733333333333332,0,1,0,597808,7802,98998,8958,0.07227018414909778,0.5344868735083532
35265,0.8733333333333333,24,34,24,597842,7768,99022,8934,0.07195524102412094,0.5349059992815232
35266,0.8733333333333334,31,36,31,597878,7732,99053,8903,0.07162177183296899,0.5351968740607154
35267,0.8733333333333335,0,2,0,597880,7730,99053,8903,0.07160324576679387,0.5352612276799135
35268,0.8733571428571432,0,2,0,597882,7728,99053,8903,0.07158471970061878,0.535325596777103
35269,0.8733636363636363,0,1,0,597883,7727,99053,8903,0.07157545666753122,0.5353577871316897
35270,0.8734999999999999,2,0,2,597883,7727,99055,8901,0.07157545666753122,0.5353019004089488
35271,0.873547619047619,1,0,1,597883,7727,99056,8900,0.07157545666753122,0.5352739520057738
35272,0.8735714285714287,0,1,0,597884,7726,99056,8900,0.07156619363444366,0.5353061469986767
35273,0.8736666666666666,2,0,2,597884,7726,99058,8898,0.07156619363444366,0.5352502406159769
35274,0.8736666666666667,4,2,4,597886,7724,99062,8894,0.07154766756826855,0.535202792153087
35275,0.8737142857142857,1,0,1,597886,7724,99063,8893,0.07154766756826855,0.5351748209664801
35276,0.8737179487179487,1,0,1,597886,7724,99064,8892,0.07154766756826855,0.5351468464130958
35277,0.8737380952380953,0,1,0,597887,7723,99064,8892,0.071538404535181,0.5351790550707193
35278,0.873745316817685,0,6,0,597893,7717,99064,8892,0.07148282633665567,0.5353723884640857
35279,0.87375,1,2,1,597895,7715,99065,8891,0.07146430027048056,0.5354088883536071
35280,0.8737857142857144,0,1,0,597896,7714,99065,8891,0.07145503723739301,0.5354411321890997
35281,0.8738333333333332,0,1,0,597897,7713,99065,8891,0.07144577420430545,0.5354733799084558
35282,0.8738333333333334,0,2,0,597899,7711,99065,8891,0.07142724813813035,0.5355378870015661
35283,0.8739999999999999,1,2,1,597901,7709,99066,8890,0.07140872207195524,0.5355744321947106
35284,0.8740000000000001,10,19,10,597920,7690,99076,8880,0.0712327244432917,0.5359082679541339
35285,0.8740476190476191,1,0,1,597920,7690,99077,8879,0.0712327244432917,0.5358802583137184
35286,0.8741111111111111,0,1,0,597921,7689,99077,8879,0.07122346141020416,0.535912602607436
35287,0.8741428571428571,0,1,0,597922,7688,99077,8879,0.07121419837711661,0.5359449508058188
35288,0.8741547619047618,1,0,1,597922,7688,99078,8878,0.07121419837711661,0.5359169383073765
35289,0.8741666666666665,4,3,4,597925,7685,99082,8874,0.07118640927785394,0.5359019264448336
35290,0.8741666666666668,1,5,1,597930,7680,99083,8873,0.07114009411241617,0.5360357639098653
35291,0.8741666666666669,2,0,2,597930,7680,99085,8871,0.07114009411241617,0.5359796991118362
35292,0.8741969696969696,1,0,1,597930,7680,99086,8870,0.07114009411241617,0.5359516616314199
35293,0.87425,0,1,0,597931,7679,99086,8870,0.07113083107932862,0.5359840473744637
35294,0.8742777777777778,1,0,1,597931,7679,99087,8869,0.07113083107932862,0.5359560067681896
35295,0.8742857142857143,1,1,1,597932,7678,99088,8868,0.07112156804624106,0.5359603529553971
35296,0.8743214285714285,0,1,0,597933,7677,99088,8868,0.0711123050131535,0.5359927470534904
35297,0.8743333333333332,0,1,0,597934,7676,99088,8868,0.07110304198006595,0.5360251450676983
35298,0.8743333333333334,3,4,3,597938,7672,99091,8865,0.07106598984771574,0.5360706294974905
35299,0.8744444444444445,1,0,1,597938,7672,99092,8864,0.07106598984771574,0.5360425737784228
35300,0.8744999999999998,0,1,0,597939,7671,99092,8864,0.07105672681462818,0.5360749924402782
35301,0.8745,2,1,2,597940,7670,99094,8862,0.07104746378154063,0.5360512944592306
35302,0.8745432900432898,0,3,0,597943,7667,99094,8862,0.07101967468227796,0.5361485873313571
35303,0.8745476190476189,0,1,0,597944,7666,99094,8862,0.0710104116491904,0.5361810261374637
35304,0.8745833333333334,2,0,2,597944,7666,99096,8860,0.0710104116491904,0.5361248941062569
35305,0.8746111111111111,0,1,0,597945,7665,99096,8860,0.07100114861610286,0.5361573373676248
35306,0.874642857142857,1,0,1,597945,7665,99097,8859,0.07100114861610286,0.5361292665214233
35307,0.8746666666666666,0,2,0,597947,7663,99097,8859,0.07098262254992775,0.5361941653552839
35308,0.8746666666666667,0,2,0,597949,7661,99097,8859,0.07096409648375264,0.5362590799031477
35309,0.8747142857142856,0,1,0,597950,7660,99097,8859,0.07095483345066508,0.5362915430716145
35310,0.8747499999999999,1,0,1,597950,7660,99098,8858,0.07095483345066508,0.5362634701537716
35311,0.874833333333333,0,1,0,597951,7659,99098,8858,0.07094557041757753,0.5362959375189199
35312,0.8748333333333332,0,2,0,597953,7657,99098,8858,0.07092704435140243,0.5363608840448078
35313,0.8748842546342547,0,3,0,597956,7654,99098,8858,0.07089925525213976,0.5364583333333334
35314,0.8748888888888888,0,1,0,597957,7653,99098,8858,0.0708899922190522,0.5364908242989522
35315,0.8748888888888889,0,1,0,597958,7652,99098,8858,0.07088072918596465,0.5365233192004846
35316,0.8749047619047617,0,1,0,597959,7651,99098,8858,0.0708714661528771,0.5365558180386456
35317,0.874952380952381,0,1,0,597960,7650,99098,8858,0.07086220311978954,0.5365883208141508
35318,0.8749999999999999,0,1,0,597961,7649,99098,8858,0.070852940086702,0.5366208275277156
35319,0.875,158,166,158,598127,7483,99256,8700,0.06931527659416799,0.5376011864302045
35320,0.8750000000000001,1,4,1,598131,7479,99257,8699,0.06927822446181778,0.5377055260229942
35321,0.8750331890331888,1,0,1,598131,7479,99258,8698,0.06927822446181778,0.5376769487544044
35322,0.8750497835497835,0,1,0,598132,7478,99258,8698,0.06926896142873022,0.5377101879327398
35323,0.8750512265512264,1,1,1,598133,7477,99259,8697,0.06925969839564267,0.5377148509954247
35324,0.8750595238095239,1,1,1,598134,7476,99260,8696,0.06925043536255511,0.5377195152114767
35325,0.8750714285714287,0,1,0,598135,7475,99260,8696,0.06924117232946755,0.5377527672994867
35326,0.8751349206349207,1,0,1,598135,7475,99261,8695,0.06924117232946755,0.5377241805813234
35327,0.8751666666666665,0,1,0,598136,7474,99261,8695,0.06923190929638001,0.5377574370709383
35328,0.8751666666666666,0,2,0,598138,7472,99261,8695,0.0692133832302049,0.5378239623925279
35329,0.8752059884559884,0,4,0,598142,7468,99261,8695,0.06917633109785468,0.5379570624265297
35330,0.8752142857142856,1,0,1,598142,7468,99262,8694,0.06917633109785468,0.5379284741987378
35331,0.8753333333333334,0,1,0,598143,7467,99262,8694,0.06916706806476712,0.537961759792092
35332,0.8753571428571427,1,0,1,598143,7467,99263,8693,0.06916706806476712,0.5379331683168317
35333,0.8755,1,0,1,598143,7467,99264,8692,0.06916706806476712,0.5379045733028034
35334,0.875547619047619,1,0,1,598143,7467,99265,8691,0.06916706806476712,0.5378759747493501
35335,0.8755555555555554,0,2,0,598145,7465,99265,8691,0.06914854199859202,0.5379425600396137
35336,0.875559523809524,0,2,0,598147,7463,99265,8691,0.06913001593241691,0.5380091618175065
35337,0.8755714285714287,1,0,1,598147,7463,99266,8690,0.06913001593241691,0.5379805608865226
35338,0.8757142857142857,1,2,1,598149,7461,99267,8689,0.0691114898662418,0.5380185758513932
35339,0.8757261904761903,0,1,0,598150,7460,99267,8689,0.06910222683315424,0.5380518917580036
35340,0.8757499999999999,1,0,1,598150,7460,99268,8688,0.06910222683315424,0.5380232846172901
35341,0.8757857142857144,1,0,1,598150,7460,99269,8687,0.06910222683315424,0.5379946739332384
35342,0.8758333333333332,3,5,3,598155,7455,99272,8684,0.06905591166771648,0.5380754693599356
35343,0.8758333333333335,7,2,7,598157,7453,99279,8677,0.06903738560154137,0.5379417234965902
35344,0.8759523809523809,0,1,0,598158,7452,99279,8677,0.06902812256845381,0.5379750759501519
35345,0.875952380952381,1,0,1,598158,7452,99280,8676,0.06902812256845381,0.5379464285714286
35346,0.8759761904761902,1,0,1,598158,7452,99281,8675,0.06902812256845381,0.5379177776399826
35347,0.8759761904761904,0,1,0,598159,7451,99281,8675,0.06901885953536627,0.5379511348133449
35348,0.8759999999999998,0,1,0,598160,7450,99281,8675,0.06900959650227871,0.537984496124031
35349,0.8759999999999999,16,25,16,598185,7425,99297,8659,0.06877802067508985,0.5383611042029346
35350,0.876047619047619,0,1,0,598186,7424,99297,8659,0.0687687576420023,0.5383945781259715
35351,0.8760833333333333,0,2,0,598188,7422,99297,8659,0.06875023157582719,0.5384615384615384
35352,0.8761103896103896,0,1,0,598189,7421,99297,8659,0.06874096854273963,0.5384950248756218
35353,0.8761666666666668,0,2,0,598191,7419,99297,8659,0.06872244247656453,0.5385620102002736
35354,0.8762380952380954,0,1,0,598192,7418,99297,8659,0.06871317944347698,0.5385955091123966
35355,0.87625,1,0,1,598192,7418,99298,8658,0.06871317944347698,0.5385668076635979
35356,0.8763095238095238,1,0,1,598192,7418,99299,8657,0.06871317944347698,0.5385381026438569
35357,0.8763333333333333,2,8,2,598200,7410,99301,8655,0.06863907517877654,0.5387488328664799
35358,0.8763333333333334,0,1,0,598201,7409,99301,8655,0.06862981214568899,0.5387823705179283
35359,0.8765000000000001,0,2,0,598203,7407,99301,8655,0.06861128607951388,0.538849458348898
35360,0.8765714285714288,0,2,0,598205,7405,99301,8655,0.06859276001333876,0.5389165628891657
35361,0.8766190476190475,0,1,0,598206,7404,99301,8655,0.06858349698025121,0.5389501214272371
35362,0.8766666666666666,31,29,31,598235,7375,99332,8624,0.06831486902071214,0.5390336896056004
35363,0.8766666666666667,23,44,23,598279,7331,99355,8601,0.06790729556485976,0.539856891790108
35364,0.8766666666666668,0,1,0,598280,7330,99355,8601,0.0678980325317722,0.5398907789843701
35365,0.8768333333333334,1,5,1,598285,7325,99356,8600,0.06785171736633443,0.5400313971742543
35366,0.8769047619047621,1,0,1,598285,7325,99357,8599,0.06785171736633443,0.5400025119316755
35367,0.8769163059163059,0,2,0,598287,7323,99357,8599,0.06783319130015933,0.5400703429217435
35368,0.877,4,4,4,598291,7319,99361,8595,0.0677961391678091,0.5400904863642076
35369,0.8770238095238093,1,3,1,598294,7316,99362,8594,0.06776835006854645,0.5401634192331867
35370,0.8770238095238095,1,1,1,598295,7315,99363,8593,0.0677590870354589,0.5401684686949962
35371,0.8770714285714285,1,0,1,598295,7315,99364,8592,0.0677590870354589,0.5401395611994719
35372,0.8770833333333334,0,1,0,598296,7314,99364,8592,0.06774982400237134,0.5401735194266315
35373,0.8771212121212122,0,1,0,598297,7313,99364,8592,0.06774056096928378,0.5402074819239233
35374,0.8771428571428572,5,2,5,598299,7311,99369,8587,0.06772203490310867,0.5401308340671782
35375,0.8771626984126984,0,1,0,598300,7310,99369,8587,0.06771277187002112,0.5401648109706234
35376,0.8771666666666665,1,0,1,598300,7310,99370,8586,0.06771277187002112,0.540135883241067
35377,0.8771666666666667,1,4,1,598304,7306,99371,8585,0.0676757197376709,0.5402429047888742
35378,0.8772380952380953,0,1,0,598305,7305,99371,8585,0.06766645670458335,0.5402769037130271
35379,0.8773333333333332,1,0,1,598305,7305,99372,8584,0.06766645670458335,0.540247970293914
35380,0.8773333333333333,2,3,2,598308,7302,99374,8582,0.06763866760532068,0.5402921178544448
35381,0.8774285714285713,1,0,1,598308,7302,99375,8581,0.06763866760532068,0.5402631744632627
35382,0.8775,27,35,27,598343,7267,99402,8554,0.0673144614472563,0.5406737880032868
35383,0.8775000000000002,5,1,5,598344,7266,99407,8549,0.06730519841416874,0.5405627568763832
35384,0.8776666666666665,1,3,1,598347,7263,99408,8548,0.06727740931490607,0.5406362658908355
35385,0.8776666666666667,5,5,5,598352,7258,99413,8543,0.0672310941494683,0.5406619834187709
35386,0.8776666666666668,0,1,0,598353,7257,99413,8543,0.06722183111638075,0.5406962025316455
35387,0.8777380952380953,1,1,1,598354,7256,99414,8542,0.06721256808329319,0.5407013546018483
35388,0.877809523809524,1,1,1,598355,7255,99415,8541,0.06720330505020564,0.5407065079767029
35389,0.8778333333333335,0,1,0,598356,7254,99415,8541,0.06719404201711808,0.5407407407407407
35390,0.8778809523809522,1,2,1,598358,7252,99416,8540,0.06717551595094298,0.5407801418439716
35391,0.8778809523809524,0,2,0,598360,7250,99416,8540,0.06715698988476787,0.5408486383787207
35392,0.8779166666666666,0,1,0,598361,7249,99416,8540,0.06714772685168031,0.5408828931534613
35393,0.878,7,12,7,598373,7237,99423,8533,0.06703657045462966,0.5410906785034877
35394,0.8780476190476191,1,0,1,598373,7237,99424,8532,0.06703657045462966,0.5410615765108757
35395,0.878142857142857,0,2,0,598375,7235,99424,8532,0.06701804438845456,0.5411302086636646
35396,0.8781666666666667,1,0,1,598375,7235,99425,8531,0.06701804438845456,0.5411011036407459
35397,0.8781666666666668,1,0,1,598375,7235,99426,8530,0.06701804438845456,0.5410719949254678
35398,0.878190476190476,1,0,1,598375,7235,99427,8529,0.06701804438845456,0.5410428825171276
35399,0.8781904761904762,2,0,2,598375,7235,99429,8527,0.06701804438845456,0.5409846466184495
35400,0.8782499999999999,0,1,0,598376,7234,99429,8527,0.067008781355367,0.5410189708774824
35401,0.8783333333333332,1,0,1,598376,7234,99430,8526,0.067008781355367,0.540989847715736
35402,0.8783333333333333,17,14,17,598390,7220,99447,8509,0.06687909889214125,0.5409752686121178
35403,0.8783333333333334,6,8,6,598398,7212,99453,8503,0.06680499462744081,0.541075405663379
35404,0.8783333333333335,1,0,1,598398,7212,99454,8502,0.06680499462744081,0.5410462008400153
35405,0.8783674136321195,0,2,0,598400,7210,99454,8502,0.0667864685612657,0.5411150712830958
35406,0.8783730158730159,0,2,0,598402,7208,99454,8502,0.06676794249509059,0.5411839592616168
35407,0.8783809523809524,1,0,1,598402,7208,99455,8501,0.06676794249509059,0.5411547520529633
35408,0.8785,0,6,0,598408,7202,99455,8501,0.06671236429656527,0.5413615232758072
35409,0.8785000000000001,0,1,0,598409,7201,99455,8501,0.06670310126347771,0.5413960005094892
35410,0.8785238095238094,0,1,0,598410,7200,99455,8501,0.06669383823039016,0.5414304821348959
35411,0.8785714285714286,3,3,3,598413,7197,99458,8498,0.0666660491311275,0.5414463204842307
35412,0.8785833333333334,1,1,1,598414,7196,99459,8497,0.06665678609803995,0.5414516026253744
35413,0.8786190476190475,1,0,1,598414,7196,99460,8496,0.06665678609803995,0.5414223808309967
35414,0.8786666666666666,0,1,0,598415,7195,99460,8496,0.06664752306495239,0.5414568861130584
35415,0.8786666666666667,1,2,1,598417,7193,99461,8495,0.06662899699877728,0.5414966853646099
35416,0.87875,1,1,1,598418,7192,99462,8494,0.06661973396568972,0.541501976284585
35417,0.8788095238095239,1,3,1,598421,7189,99463,8493,0.06659194486642707,0.5415763295498023
35418,0.8788333333333332,0,1,0,598422,7188,99463,8493,0.06658268183333951,0.5416108666539123
35419,0.8789285714285714,1,0,1,598422,7188,99464,8492,0.06658268183333951,0.5415816326530613
35420,0.8789444444444444,0,1,0,598423,7187,99464,8492,0.06657341880025196,0.5416161745009248
35421,0.8789999999999999,1,3,1,598426,7184,99465,8491,0.06654562970098929,0.5416905901116428
35422,0.879,3,5,3,598431,7179,99468,8488,0.06649931453555152,0.5417757068998532
35423,0.8790238095238095,0,1,0,598432,7178,99468,8488,0.06649005150246397,0.5418102897995659
35424,0.8791666666666665,0,4,0,598436,7174,99468,8488,0.06645299937011374,0.541948665559954
35425,0.8791666666666668,3,1,3,598437,7173,99471,8485,0.0664437363370262,0.5418955166687955
35426,0.8791904761904762,0,1,0,598438,7172,99471,8485,0.06643447330393865,0.5419301270996998
35427,0.8791944444444444,0,2,0,598440,7170,99471,8485,0.06641594723776353,0.5419993612264452
35428,0.8792142857142857,0,1,0,598441,7169,99471,8485,0.06640668420467598,0.5420339849239811
35429,0.8792698412698412,0,2,0,598443,7167,99471,8485,0.06638815813850087,0.5421032455916177
35430,0.8793333333333332,3,2,3,598445,7165,99474,8482,0.06636963207232577,0.5420847446794913
35431,0.8793333333333334,4,3,4,598448,7162,99478,8478,0.0663418429730631,0.5420716112531969
35432,0.8793333333333335,1,0,1,598448,7162,99479,8477,0.0663418429730631,0.5420423300722552
35433,0.8793571428571428,1,0,1,598448,7162,99480,8476,0.0663418429730631,0.5420130451464381
35434,0.879392857142857,0,2,0,598450,7160,99480,8476,0.06632331690688799,0.5420823740086979
35435,0.8794166666666666,0,1,0,598451,7159,99480,8476,0.06631405387380043,0.5421170450911417
35436,0.8794166666666667,0,1,0,598452,7158,99480,8476,0.06630479084071288,0.5421517206089292
35437,0.879452380952381,0,1,0,598453,7157,99480,8476,0.06629552780762533,0.5421864005629118
35438,0.8794761904761904,0,1,0,598454,7156,99480,8476,0.06628626477453778,0.5422210849539406
35439,0.8794999999999998,1,1,1,598455,7155,99481,8475,0.06627700174145022,0.5422264875239923
35440,0.8795000000000001,1,1,1,598456,7154,99482,8474,0.06626773870836267,0.5422318914768365
35441,0.8795833333333334,1,0,1,598456,7154,99483,8473,0.06626773870836267,0.5422025980674474
35442,0.8796230158730157,1,0,1,598456,7154,99484,8472,0.06626773870836267,0.5421733009087418
35443,0.8796428571428572,0,1,0,598457,7153,99484,8472,0.06625847567527511,0.542208
35444,0.8796666666666667,1,2,1,598459,7151,99485,8471,0.0662399496091,0.5422481116374344
35445,0.8797142857142854,1,1,1,598460,7150,99486,8470,0.06623068657601244,0.5422535211267606
35446,0.8797222222222223,0,1,0,598461,7149,99486,8470,0.0662214235429249,0.5422882386836545
35447,0.8797380952380953,0,2,0,598463,7147,99486,8470,0.06620289747674979,0.5423576871358136
35448,0.8798095238095237,0,2,0,598465,7145,99486,8470,0.06618437141057468,0.542427153378162
35449,0.8798333333333332,0,1,0,598466,7144,99486,8470,0.06617510837748712,0.5424618931727937
35450,0.8798333333333334,1,2,1,598468,7142,99487,8469,0.06615658231131201,0.5425020818653513
35451,0.8798755133755136,1,0,1,598468,7142,99488,8468,0.06615658231131201,0.5424727738629084
35452,0.8799603174603174,0,1,0,598469,7141,99488,8468,0.06614731927822447,0.5425075277083734
35453,0.8799880952380952,1,2,1,598471,7139,99489,8467,0.06612879321204936,0.5425477380494681
35454,0.88,619,545,619,599016,6594,100108,7848,0.06108044017933232,0.5434150394682177
35455,0.8800000000000001,2,1,2,599017,6593,100110,7846,0.061071177146244764,0.5433894314010665
35456,0.880142857142857,0,1,0,599018,6592,100110,7846,0.061061914113157215,0.5434270674608671
35457,0.8801666666666665,1,0,1,599018,6592,100111,7845,0.061061914113157215,0.5433954422663988
35458,0.8801666666666667,1,4,1,599022,6588,100112,7844,0.061024861980807,0.5435144124168514
35459,0.8802777777777777,0,1,0,599023,6587,100112,7844,0.06101559894771944,0.5435520753932507
35460,0.8802857142857143,1,0,1,599023,6587,100113,7843,0.06101559894771944,0.5435204435204435
35461,0.8803095238095238,0,2,0,599025,6585,100113,7843,0.06099707288154433,0.5435957859717216
35462,0.8803333333333333,1,0,1,599025,6585,100114,7842,0.06099707288154433,0.5435641505510501
35463,0.8803333333333334,1,2,1,599027,6583,100115,7841,0.060978546815369225,0.5436078757626178
35464,0.8803506493506492,0,1,0,599028,6582,100115,7841,0.06096928378228167,0.543645566109686
35465,0.880373015873016,1,0,1,599028,6582,100116,7840,0.06096928378228167,0.5436139231729302
35466,0.8804047619047618,0,1,0,599029,6581,100116,7840,0.06096002074919411,0.5436516191664933
35467,0.8805,1,1,1,599030,6580,100117,7839,0.060950757716106564,0.5436576739024898
35468,0.8806071428571427,0,1,0,599031,6579,100117,7839,0.06094149468301901,0.5436953807740325
35469,0.8806215728715729,0,1,0,599032,6578,100117,7839,0.06093223164993145,0.5437330928764653
35470,0.8806295044824453,3,0,3,599032,6578,100120,7836,0.06093223164993145,0.5436381295962259
35471,0.8806666666666666,0,3,0,599035,6575,100120,7836,0.06090444255066879,0.5437513010894456
35472,0.8806666666666668,0,1,0,599036,6574,100120,7836,0.060895179517581235,0.5437890353920888
35473,0.8806865079365079,1,0,1,599036,6574,100121,7835,0.060895179517581235,0.5437573738635575
35474,0.8807142857142857,0,2,0,599038,6572,100121,7835,0.06087665345140613,0.543832859026862
35475,0.8808333333333332,4,1,4,599039,6571,100125,7831,0.060867390418318575,0.5437439244549368
35476,0.8808333333333335,5,4,5,599043,6567,100130,7826,0.06083033828596836,0.5437365385951504
35477,0.8808452380952378,0,2,0,599045,6565,100130,7826,0.060811812219793246,0.5438121047877146
35478,0.8808571428571429,0,1,0,599046,6564,100130,7826,0.0608025491867057,0.5438498957609451
35479,0.8809999999999998,1,3,1,599049,6561,100131,7825,0.06077476008744303,0.5439316001668288
35480,0.8809999999999999,4,1,4,599050,6560,100135,7821,0.06076549705435548,0.5438425700577151
35481,0.8810000000000001,0,1,0,599051,6559,100135,7821,0.060756234021267924,0.5438803894297636
35482,0.8810476190476192,0,1,0,599052,6558,100135,7821,0.06074697098818037,0.543918214062174
35483,0.8811031746031744,0,2,0,599054,6556,100135,7821,0.06072844492200526,0.5439938791124713
35484,0.8811428571428571,1,0,1,599054,6556,100136,7820,0.06072844492200526,0.5439621591541458
35485,0.8812142857142856,0,2,0,599056,6554,100136,7820,0.06070991885583015,0.5440378461110338
35486,0.8813333333333333,0,1,0,599057,6553,100136,7820,0.060700655822742595,0.5440756974883462
35487,0.8813333333333334,1,0,1,599057,6553,100137,7819,0.060700655822742595,0.5440439743946562
35488,0.8813809523809522,0,1,0,599058,6552,100137,7819,0.060691392789655046,0.5440818314661471
35489,0.8814285714285713,0,1,0,599059,6551,100137,7819,0.06068212975656749,0.5441196938065415
35490,0.8815,1,0,1,599059,6551,100138,7818,0.06068212975656749,0.5440879671515068
35491,0.8815000000000001,4,2,4,599061,6549,100142,7814,0.06066360369039238,0.5440367611223282
35492,0.8816111111111112,1,0,1,599061,6549,100143,7813,0.06066360369039238,0.5440050132293552
35493,0.8816666666666666,10,13,10,599074,6536,100153,7803,0.06054318426025418,0.5441802078248135
35494,0.8816666666666667,10,20,10,599094,6516,100163,7793,0.060357923598503095,0.5446222657068978
35495,0.8816666666666668,0,1,0,599095,6515,100163,7793,0.06034866056541554,0.5446603298853788
35496,0.8817857142857143,0,2,0,599097,6513,100163,7793,0.060330134499240434,0.5447364742066266
35497,0.8818095238095238,0,1,0,599098,6512,100163,7793,0.06032087146615288,0.5447745543516253
35498,0.8818174603174601,1,0,1,599098,6512,100164,7792,0.06032087146615288,0.5447427293064877
35499,0.8818333333333334,1,3,1,599101,6509,100165,7791,0.06029308236689022,0.5448251748251748
35500,0.8818373015873016,1,0,1,599101,6509,100166,7790,0.06029308236689022,0.5447933421917617
35501,0.8819523809523809,0,4,0,599105,6505,100166,7790,0.06025603023454,0.5449457852395942
35502,0.8819761904761905,1,1,1,599106,6504,100167,7789,0.060246767201452445,0.5449520744420345
35503,0.882,3,7,3,599113,6497,100170,7786,0.06018192596983957,0.545123573478961
35504,0.882047619047619,0,1,0,599114,6496,100170,7786,0.06017266293675201,0.5451617420529338
35505,0.8820476190476191,1,0,1,599114,6496,100171,7785,0.06017266293675201,0.5451298928646453
35506,0.8821428571428571,0,1,0,599115,6495,100171,7785,0.060163399903664455,0.5451680672268907
35507,0.8821428571428572,1,2,1,599117,6493,100172,7784,0.06014487383748935,0.5452125796736009
35508,0.8821666666666665,1,0,1,599117,6493,100173,7783,0.06014487383748935,0.5451807228915663
35509,0.8821666666666667,0,1,0,599118,6492,100173,7783,0.060135610804401794,0.5452189141856393
35510,0.88225,0,1,0,599119,6491,100173,7783,0.06012634777131424,0.5452571108308814
35511,0.8823333333333333,0,5,0,599124,6486,100173,7783,0.060080032605876466,0.5454481743640058
35512,0.8823333333333335,0,1,0,599125,6485,100173,7783,0.06007076957278892,0.5454864031398935
35513,0.8824047619047617,1,0,1,599125,6485,100174,7782,0.06007076957278892,0.5454545454545454
35514,0.882424603174603,0,2,0,599127,6483,100174,7782,0.060052243506613805,0.5455310199789695
35515,0.8824444444444444,0,1,0,599128,6482,100174,7782,0.06004298047352625,0.5455692652832305
35516,0.8825,19,27,19,599155,6455,100193,7763,0.05979287858016229,0.5459980306653538
35517,0.8825000000000002,1,0,1,599155,6455,100194,7762,0.05979287858016229,0.5459660969262151
35518,0.8825995115995119,1,0,1,599155,6455,100195,7761,0.05979287858016229,0.5459341586944289
35519,0.8826428571428572,1,0,1,599155,6455,100196,7760,0.05979287858016229,0.5459022159690468
35520,0.8826666666666665,1,0,1,599155,6455,100197,7759,0.05979287858016229,0.5458702687491206
35521,0.8826666666666667,2,4,2,599159,6451,100199,7757,0.05975582644781207,0.5459600225225225
35522,0.8826666666666668,0,2,0,599161,6449,100199,7757,0.059737300381636965,0.5460368858228918
35523,0.8827142857142856,0,3,0,599164,6446,100199,7757,0.0597095112823743,0.5461522213616842
35524,0.8827222222222223,0,1,0,599165,6445,100199,7757,0.05970024824928675,0.5461906773693846
35525,0.8827738095238092,1,0,1,599165,6445,100200,7756,0.05970024824928675,0.5461587212168157
35526,0.8828333333333331,1,3,1,599168,6442,100201,7755,0.05967245915002408,0.5462421638374304
35527,0.8828333333333334,1,1,1,599169,6441,100202,7754,0.05966319611693653,0.5462486791123635
35528,0.8828333333333335,0,2,0,599171,6439,100202,7754,0.05964467005076142,0.5463256534911576
35529,0.8828571428571428,0,1,0,599172,6438,100202,7754,0.059635407017673864,0.5463641488162345
35530,0.883,3,4,3,599176,6434,100205,7751,0.05959835488532365,0.5464222770532252
35531,0.8830382395382393,1,0,1,599176,6434,100206,7750,0.05959835488532365,0.54639029892837
35532,0.8831666666666667,1,3,1,599179,6431,100207,7749,0.059570565786060986,0.5464739069111425
35533,0.8831666666666668,1,0,1,599179,6431,100208,7748,0.059570565786060986,0.546441921150998
35534,0.8832142857142857,0,1,0,599180,6430,100208,7748,0.05956130275297344,0.5464804626886726
35535,0.8833214285714286,3,0,3,599180,6430,100211,7745,0.05956130275297344,0.546384479717813
35536,0.8833333333333333,38,39,38,599219,6391,100249,7707,0.05920004446255882,0.5466732869910625
35537,0.8833333333333334,29,18,29,599237,6373,100278,7678,0.059033309866982846,0.5464379759447726
35538,0.8835,4,2,4,599239,6371,100282,7674,0.059014783800807734,0.5463866144535422
35539,0.8835555555555555,0,1,0,599240,6370,100282,7674,0.059005520767720185,0.5464255197949303
35540,0.8835714285714286,1,1,1,599241,6369,100283,7673,0.05899625773463263,0.5464321321749038
35541,0.8836428571428572,0,1,0,599242,6368,100283,7673,0.05898699470154507,0.546471049070579
35542,0.8836666666666666,1,0,1,599242,6368,100284,7672,0.05898699470154507,0.5464387464387465
35543,0.8837575757575757,1,0,1,599242,6368,100285,7671,0.05898699470154507,0.5464064392050716
35544,0.883825396825397,0,1,0,599243,6367,100285,7671,0.05897773166845752,0.5464453625872632
35545,0.8838333333333332,0,1,0,599244,6366,100285,7671,0.05896846863536997,0.546484291515281
35546,0.8838333333333334,0,1,0,599245,6365,100285,7671,0.05895920560228241,0.5465232259903107
35547,0.8838888888888888,0,1,0,599246,6364,100285,7671,0.058949942569194856,0.5465621660135376
35548,0.8839166666666667,0,1,0,599247,6363,100285,7671,0.0589406795361073,0.5466011115861479
35549,0.8839523809523807,0,1,0,599248,6362,100285,7671,0.05893141650301975,0.546640062709328
35550,0.8839956709956709,0,2,0,599250,6360,100285,7671,0.05891289043684464,0.5467179816121446
35551,0.884,6,8,6,599258,6352,100291,7665,0.058838786172144206,0.5468359848755083
35552,0.8840357142857144,0,1,0,599259,6351,100291,7665,0.05882952313905665,0.546875
35553,0.884047619047619,1,0,1,599259,6351,100292,7664,0.05882952313905665,0.5468426685693899
35554,0.8841666666666665,4,5,4,599264,6346,100296,7660,0.058783207973618884,0.5469084677995145
35555,0.8841666666666668,2,11,2,599275,6335,100298,7658,0.05868131460965578,0.5472736368184092
35556,0.8842846320346319,0,1,0,599276,6334,100298,7658,0.058672051576568233,0.5473127501429388
35557,0.8842857142857143,0,2,0,599278,6332,100298,7658,0.05865352551039312,0.5473909935668334
35558,0.8843095238095238,0,1,0,599279,6331,100298,7658,0.058644262477305566,0.5474301236685968
35559,0.8843333333333334,0,2,0,599281,6329,100298,7658,0.05862573641113046,0.5475084006577536
35560,0.8844285714285715,0,1,0,599282,6328,100298,7658,0.058616473378042905,0.5475475475475475
35561,0.884452380952381,1,0,1,599282,6328,100299,7657,0.058616473378042905,0.5475151948516267
35562,0.8845000000000001,2,0,2,599282,6328,100301,7655,0.058616473378042905,0.5474504755774869
35563,0.8845865800865802,0,1,0,599283,6327,100301,7655,0.05860721034495535,0.5474896295236733
35564,0.8846089466089465,0,2,0,599285,6325,100301,7655,0.058588684278780244,0.5475679542203148
35565,0.8846428571428571,0,1,0,599286,6324,100301,7655,0.05857942124569269,0.5476071249731741
35566,0.8846666666666665,0,1,0,599287,6323,100301,7655,0.05857015821260513,0.5476463013306625
35567,0.8846666666666668,0,1,0,599288,6322,100301,7655,0.05856089517951758,0.5476854832939829
35568,0.8847222222222222,1,0,1,599288,6322,100302,7654,0.05856089517951758,0.5476531196336577
35569,0.8847619047619046,0,1,0,599289,6321,100302,7654,0.05855163214643003,0.5476923076923077
35570,0.8848333333333334,0,1,0,599290,6320,100302,7654,0.05854236911334247,0.547731501359668
35571,0.8848690476190475,0,1,0,599291,6319,100302,7654,0.058533106080254915,0.5477707006369427
35572,0.8848809523809525,0,1,0,599292,6318,100302,7654,0.058523843047167366,0.5478099055253364
35573,0.8849523809523806,0,1,0,599293,6317,100302,7654,0.05851458001407981,0.547849116026054
35574,0.8849761904761907,0,1,0,599294,6316,100302,7654,0.058505316980992254,0.5478883321403006
35575,0.884984126984127,0,1,0,599295,6315,100302,7654,0.058496053947904705,0.5479275538692819
35576,0.8849999999999999,1,0,1,599295,6315,100303,7653,0.058496053947904705,0.5478951890034365
35577,0.885,130,122,130,599417,6193,100433,7523,0.05736596391122309,0.5484835228929718
35578,0.8850000000000001,1,1,1,599418,6192,100434,7522,0.05735670087813554,0.5484905935540324
35579,0.8850021645021644,1,0,1,599418,6192,100435,7521,0.05735670087813554,0.5484576679063662
35580,0.8850476190476192,0,1,0,599419,6191,100435,7521,0.057347437845047984,0.5484976662777129
35581,0.8850952380952382,2,0,2,599419,6191,100437,7519,0.057347437845047984,0.5484318016046681
35582,0.8851190476190477,0,1,0,599420,6190,100437,7519,0.05733817481196043,0.5484718068422204
35583,0.8851666666666667,1,3,1,599423,6187,100438,7518,0.05731038571269777,0.5485589201021525
35584,0.8851666666666668,0,1,0,599424,6186,100438,7518,0.05730112267961021,0.5485989492119089
35585,0.8852142857142857,0,1,0,599425,6185,100438,7518,0.057291859646522655,0.5486389841640517
35586,0.8852857142857143,0,1,0,599426,6184,100438,7518,0.057282596613435106,0.5486790249598599
35587,0.8853095238095239,1,0,1,599426,6184,100439,7517,0.057282596613435106,0.5486460842274287
35588,0.8853333333333333,2,1,2,599427,6183,100441,7515,0.05727333358034755,0.5486202365308804
35589,0.8854761904761905,0,1,0,599428,6182,100441,7515,0.057264070547259995,0.5486602905745783
35590,0.8855,2,3,2,599431,6179,100443,7513,0.057236281447997334,0.5487145778556821
35591,0.8855714285714285,0,1,0,599432,6178,100443,7513,0.05722701841490978,0.5487546563435833
35592,0.8856428571428568,0,1,0,599433,6177,100443,7513,0.05721775538182222,0.5487947406866326
35593,0.8856587301587301,0,1,0,599434,6176,100443,7513,0.05720849234873467,0.548834830886113
35594,0.8856666666666665,0,1,0,599435,6175,100443,7513,0.05719922931564712,0.548874926943308
35595,0.8856666666666666,1,1,1,599436,6174,100444,7512,0.05718996628255956,0.548882069267865
35596,0.8856666666666668,2,1,2,599437,6173,100446,7510,0.057180703249472005,0.5488562449755171
35597,0.8856967754467752,5,1,5,599438,6172,100451,7505,0.057171440216384456,0.5487314469547415
35598,0.8857142857142857,2,1,2,599439,6171,100453,7503,0.0571621771832969,0.54870557261957
35599,0.8858095238095238,0,1,0,599440,6170,100453,7503,0.057152914150209344,0.5487457032107073
35600,0.8858333333333333,1,12,1,599452,6158,100454,7502,0.057041757753158694,0.549194729136164
35601,0.8858333333333335,3,9,3,599461,6149,100457,7499,0.056958390455370704,0.549457796014068
35602,0.8858928571428573,0,1,0,599462,6148,100457,7499,0.056949127422283155,0.5494980581812853
35603,0.8859999999999999,10,12,10,599474,6136,100467,7489,0.056837971025232505,0.5496513761467889
35604,0.8861666666666665,0,3,0,599477,6133,100467,7489,0.05681018192596984,0.5497724269563941
35605,0.8861666666666668,0,1,0,599478,6132,100467,7489,0.05680091889288229,0.549812789075692
35606,0.8862142857142856,0,1,0,599479,6131,100467,7489,0.05679165585979473,0.5498531571218795
35607,0.8862380952380952,1,1,1,599480,6130,100468,7488,0.056782392826707176,0.5498604787780879
35608,0.88625,1,1,1,599481,6129,100469,7487,0.05677312979361962,0.5498678025851939
35609,0.8862738095238094,0,1,0,599482,6128,100469,7487,0.05676386676053207,0.5499081894968785
35610,0.8863333333333333,0,1,0,599483,6127,100469,7487,0.056754603727444515,0.5499485823417071
35611,0.8863333333333334,0,1,0,599484,6126,100469,7487,0.05674534069435696,0.5499889811209873
35612,0.8863809523809523,0,1,0,599485,6125,100469,7487,0.0567360776612694,0.550029385836027
35613,0.8865,1,0,1,599485,6125,100470,7486,0.0567360776612694,0.5499963265006245
35614,0.8865000000000001,1,1,1,599486,6124,100471,7485,0.056726814628181854,0.5500036740392388
35615,0.8865595238095235,1,0,1,599486,6124,100472,7484,0.056726814628181854,0.5499706055261611
35616,0.8866666666666666,32,31,32,599517,6093,100504,7452,0.05643966060246767,0.5501661129568106
35617,0.8866666666666667,43,36,43,599553,6057,100547,7409,0.056106191411315724,0.5502005049754939
35618,0.8867727272727273,0,1,0,599554,6056,100547,7409,0.05609692837822817,0.5502413665057556
35619,0.8868333333333333,0,4,0,599558,6052,100547,7409,0.05605987624587795,0.5504048733377906
35620,0.8868333333333334,1,0,1,599558,6052,100548,7408,0.05605987624587795,0.5503714710252601
35621,0.8869047619047619,0,1,0,599559,6051,100548,7408,0.056050613212790396,0.5504123634742552
35622,0.8869444444444444,1,0,1,599559,6051,100549,7407,0.056050613212790396,0.5503789567543469
35623,0.887,2,2,2,599561,6049,100551,7405,0.05603208714661529,0.5503939348892523
35624,0.8871212121212122,0,1,0,599562,6048,100551,7405,0.056022824113527735,0.5504348472459675
35625,0.8871428571428571,0,3,0,599565,6045,100551,7405,0.055995035014265074,0.5505576208178439
35626,0.8871428571428572,1,2,1,599567,6043,100552,7404,0.05597650894808996,0.5506060831412211
35627,0.8872948717948717,0,1,0,599568,6042,100552,7404,0.055967245915002406,0.5506470325747435
35628,0.8873333333333332,0,1,0,599569,6041,100552,7404,0.05595798288191486,0.5506879880996653
35629,0.8873333333333333,1,3,1,599572,6038,100553,7403,0.05593019378265219,0.550777471914292
35630,0.8874999999999998,0,1,0,599573,6037,100553,7403,0.05592093074956464,0.5508184523809524
35631,0.8875,21,19,21,599592,6018,100574,7382,0.055744933120901105,0.5508955223880597
35632,0.8875634920634918,0,1,0,599593,6017,100574,7382,0.055735670087813556,0.5509366370624673
35633,0.8876190476190476,0,1,0,599594,6016,100574,7382,0.055726407054726,0.5509777578743096
35634,0.8876666666666665,0,1,0,599595,6015,100574,7382,0.055717144021638444,0.5510188848249609
35635,0.8876666666666666,0,3,0,599598,6012,100574,7382,0.05568935492237578,0.551142302523518
35636,0.8876666666666668,0,1,0,599599,6011,100574,7382,0.05568009188928823,0.5511834540431568
35637,0.8876944444444443,1,0,1,599599,6011,100575,7381,0.05568009188928823,0.5511499402628435
35638,0.8878333333333335,1,1,1,599600,6010,100576,7380,0.05567082885620067,0.5511575802837939
35639,0.8878571428571429,0,2,0,599602,6008,100576,7380,0.055652302790025567,0.5512399163429937
35640,0.888,4,10,4,599612,5998,100580,7376,0.05555967245915002,0.5515178704949902
35641,0.8880000000000001,2,1,2,599613,5997,100582,7374,0.05555040942606247,0.5514920350011219
35642,0.8880000000000002,1,0,1,599613,5997,100583,7373,0.05555040942606247,0.5514584891548242
35643,0.8881666666666667,0,2,0,599615,5995,100583,7373,0.05553188335988736,0.5515409934171155
35644,0.8881666666666668,2,2,2,599617,5993,100585,7371,0.055513357293712255,0.5515564202334631
35645,0.8882142857142857,1,1,1,599618,5992,100586,7370,0.0555040942606247,0.5515641371052238
35646,0.8882500000000002,0,1,0,599619,5991,100586,7370,0.05549483122753714,0.5516054187560812
35647,0.8882857142857142,0,1,0,599620,5990,100586,7370,0.05548556819444959,0.5516467065868264
35648,0.8883333333333333,10,14,10,599634,5976,100596,7360,0.05535588573122383,0.5518896220755849
35649,0.8883333333333334,9,16,9,599650,5960,100605,7351,0.055207677201822965,0.552250018781459
35650,0.8884307359307358,0,1,0,599651,5959,100605,7351,0.05519841416873541,0.5522915101427498
35651,0.8885,1,6,1,599657,5953,100606,7350,0.05514283597021009,0.5525069533188003
35652,0.8885476190476189,1,0,1,599657,5953,100607,7349,0.05514283597021009,0.5524733122838671
35653,0.8885555555555557,0,1,0,599658,5952,100607,7349,0.05513357293712253,0.552514848507631
35654,0.8885714285714286,0,2,0,599660,5950,100607,7349,0.055115046870947426,0.5525979396947139
35655,0.8886666666666665,0,1,0,599661,5949,100607,7349,0.05510578383785987,0.5526394946608513
35656,0.8886666666666667,1,0,1,599661,5949,100608,7348,0.05510578383785987,0.5526058509438219
35657,0.8887063492063492,0,3,0,599664,5946,100608,7348,0.05507799473859721,0.5527305551376561
35658,0.8887142857142857,0,1,0,599665,5945,100608,7348,0.05506873170550965,0.5527721357105243
35659,0.88875,0,3,0,599668,5942,100608,7348,0.05504094260624699,0.5528969149736644
35660,0.8887680375180373,0,1,0,599669,5941,100608,7348,0.05503167957315944,0.5529385205809316
35661,0.8888095238095238,0,1,0,599670,5940,100608,7348,0.05502241654007188,0.5529801324503312
35662,0.8889722222222222,0,1,0,599671,5939,100608,7348,0.055013153506984325,0.5530217505832768
35663,0.8889848484848486,2,2,2,599673,5937,100610,7346,0.05499462744080922,0.5530377173831212
35664,0.8889880952380952,1,0,1,599673,5937,100611,7345,0.05499462744080922,0.5530040656527632
35665,0.889,3,3,3,599676,5934,100614,7342,0.05496683834154656,0.5530280204880988
35666,0.889047619047619,0,6,0,599682,5928,100614,7342,0.05491126014302123,0.5532780708364733
35667,0.8890555555555554,1,2,1,599684,5926,100615,7341,0.054892734076846125,0.5533278058340243
35668,0.8890833333333333,1,0,1,599684,5926,100616,7340,0.054892734076846125,0.5532941353836877
35669,0.8891666666666664,2,0,2,599684,5926,100618,7338,0.054892734076846125,0.553226779252111
35670,0.8891666666666665,4,3,4,599687,5923,100622,7334,0.05486494497758346,0.5532171682884514
35671,0.8891666666666667,2,4,2,599691,5919,100624,7332,0.05482789284523324,0.5533167308127689
35672,0.8891666666666669,1,0,1,599691,5919,100625,7331,0.05482789284523324,0.5532830188679245
35673,0.8892142857142857,0,1,0,599692,5918,100625,7331,0.05481862981214569,0.553324779228621
35674,0.8893333333333332,1,0,1,599692,5918,100626,7330,0.05481862981214569,0.5532910628019324
35675,0.8893333333333334,3,2,3,599694,5916,100629,7327,0.05480010374597058,0.5532734274711169
35676,0.8893809523809524,1,0,1,599694,5916,100630,7326,0.05480010374597058,0.5532396918894427
35677,0.889452380952381,1,1,1,599695,5915,100631,7325,0.054790840712883024,0.5532477341389728
35678,0.8894761904761904,0,1,0,599696,5914,100631,7325,0.054781577679795475,0.5532895233778986
35679,0.8894999999999998,0,1,0,599697,5913,100631,7325,0.05477231464670792,0.553331318930352
35680,0.8895000000000001,0,3,0,599700,5910,100631,7325,0.05474452554744526,0.5534567434831885
35681,0.8895238095238096,0,1,0,599701,5909,100631,7325,0.0547352625143577,0.5534985643040653
35682,0.8895476190476189,1,0,1,599701,5909,100632,7324,0.0547352625143577,0.5534648227915061
35683,0.8896190476190476,1,0,1,599701,5909,100633,7323,0.0547352625143577,0.5534310761789601
35684,0.8896666666666665,1,2,1,599703,5907,100634,7322,0.05471673644818259,0.553480988736866
35685,0.8896666666666667,2,0,2,599703,5907,100636,7320,0.05471673644818259,0.5534134724427308
35686,0.8896847041847044,0,1,0,599704,5906,100636,7320,0.05470747341509504,0.5534553152880689
35687,0.8898333333333334,0,1,0,599705,5905,100636,7320,0.054698210382007485,0.5534971644612476
35688,0.8899523809523808,0,1,0,599706,5904,100636,7320,0.05468894734891993,0.5535390199637024
35689,0.8899999999999999,0,1,0,599707,5903,100636,7320,0.05467968431583237,0.553580881796869
35690,0.89,613,517,613,600224,5386,101249,6707,0.04989069620956686,0.5546183742661044
35691,0.8900000000000001,1,3,1,600227,5383,101250,6706,0.0498629071103042,0.5547191661841343
35692,0.8900714285714284,1,0,1,600227,5383,101251,6705,0.0498629071103042,0.5546823295830576
35693,0.8901666666666667,0,1,0,600228,5382,101251,6705,0.049853644077216645,0.5547282204020849
35694,0.8901666666666668,0,3,0,600231,5379,101251,6705,0.049825854977953984,0.5548659384309831
35695,0.8902619047619048,0,1,0,600232,5378,101251,6705,0.04981659194486643,0.5549118596375072
35696,0.8903333333333333,1,2,1,600234,5376,101252,6704,0.04979806587869132,0.5549668874172186
35697,0.890357142857143,0,1,0,600235,5375,101252,6704,0.04978880284560377,0.555012832188095
35698,0.8903809523809524,2,0,2,600235,5375,101254,6702,0.04978880284560377,0.5549391405150286
35699,0.8904761904761905,0,1,0,600236,5374,101254,6702,0.04977953981251621,0.55498509440212
35700,0.8904960317460318,1,0,1,600236,5374,101255,6701,0.04977953981251621,0.5549482401656315
35701,0.8905,3,2,3,600238,5372,101258,6698,0.0497610137463411,0.5549295774647888
35702,0.8906150793650796,2,3,2,600241,5369,101260,6696,0.04973322464707844,0.5549937836717779
35703,0.8906190476190478,1,0,1,600241,5369,101261,6695,0.04973322464707844,0.5549568965517241
35704,0.8906410533910534,0,1,0,600242,5368,101261,6695,0.04972396161399088,0.5550029014341374
35705,0.8906666666666665,1,0,1,600242,5368,101262,6694,0.04972396161399088,0.554966008953739
35706,0.8906666666666666,2,2,2,600244,5366,101264,6692,0.04970543554781578,0.5549842428263394
35707,0.8907142857142857,0,2,0,600246,5364,101264,6692,0.049686909481640666,0.5550763105507631
35708,0.8907222222222222,1,0,1,600246,5364,101265,6691,0.049686909481640666,0.5550394027374533
35709,0.8907380952380951,0,1,0,600247,5363,101265,6691,0.04967764644855312,0.5550854488136718
35710,0.8907474747474748,0,1,0,600248,5362,101265,6691,0.04966838341546556,0.5551315025304904
35711,0.8908333333333333,2,4,2,600252,5358,101267,6689,0.049631331283115344,0.5552419689549265
35712,0.8908333333333335,2,6,2,600258,5352,101269,6687,0.049575753084590016,0.5554448043857463
35713,0.8908517316017317,2,3,2,600261,5349,101271,6685,0.049547963985327355,0.5555093900614925
35714,0.8909166666666667,0,2,0,600263,5347,101271,6685,0.04952943791915225,0.5556017287234043
35715,0.8909999999999999,2,4,2,600267,5343,101273,6683,0.04949238578680203,0.555712622650923
35716,0.8910000000000001,0,1,0,600268,5342,101273,6683,0.04948312275371448,0.5557588357588358
35717,0.8911666666666666,0,3,0,600271,5339,101273,6683,0.049455333654451816,0.5558975212111129
35718,0.8911666666666669,1,0,1,600271,5339,101274,6682,0.049455333654451816,0.5558605773230181
35719,0.891242091242091,1,1,1,600272,5338,101275,6681,0.04944607062136426,0.5558698727015559
35720,0.8913333333333333,2,1,2,600273,5337,101277,6679,0.049436807588276704,0.5558422103861518
35721,0.8913333333333334,1,2,1,600275,5335,101278,6678,0.0494182815221016,0.5558977774078082
35722,0.8913571428571427,0,1,0,600276,5334,101278,6678,0.049409018489014044,0.5559440559440559
35723,0.8914166666666666,0,1,0,600277,5333,101278,6678,0.04939975545592649,0.5559903421863291
35724,0.8914285714285712,1,0,1,600277,5333,101279,6677,0.04939975545592649,0.5559533721898418
35725,0.8916428571428573,0,1,0,600278,5332,101279,6677,0.04939049242283893,0.5559996669164793
35726,0.8916666666666666,8,15,8,600293,5317,101287,6669,0.04925154692652562,0.5563991323210412
35727,0.8916666666666667,10,9,10,600302,5308,101297,6659,0.04916817962873763,0.5564468956296482
35728,0.8918333333333333,1,0,1,600302,5308,101298,6658,0.04916817962873763,0.5564098278455625
35729,0.8918333333333334,0,1,0,600303,5307,101298,6658,0.04915891659565008,0.5564563309653155
35730,0.8918571428571428,1,3,1,600306,5304,101299,6657,0.049131127496387414,0.5565588161524956
35731,0.8918809523809524,1,0,1,600306,5304,101300,6656,0.049131127496387414,0.5565217391304348
35732,0.8919047619047619,0,1,0,600307,5303,101300,6656,0.049121864463299865,0.5565682749393762
35733,0.8919166666666666,1,1,1,600308,5302,101301,6655,0.04911260143021231,0.5565777368905244
35734,0.8919444444444444,1,0,1,600308,5302,101302,6654,0.04911260143021231,0.5565406490465038
35735,0.892,6,10,6,600318,5292,101308,6648,0.049019971099336763,0.5567839195979899
35736,0.8921428571428571,0,1,0,600319,5291,101308,6648,0.049010708066249214,0.5568305553228914
35737,0.8921666666666667,0,1,0,600320,5290,101308,6648,0.04900144503316166,0.5568771988607807
35738,0.8923333333333332,1,0,1,600320,5290,101309,6647,0.04900144503316166,0.5568400770712909
35739,0.8923333333333333,1,1,1,600321,5289,101310,6646,0.0489921820000741,0.5568496020108923
35740,0.8923333333333335,1,1,1,600322,5288,101311,6645,0.04898291896698655,0.5568591301433001
35741,0.8925,16,16,16,600338,5272,101327,6629,0.048834710437585686,0.5570120157969919
35742,0.8925000000000002,1,1,1,600339,5271,101328,6628,0.04882544740449813,0.5570215984536515
35743,0.892595238095238,1,0,1,600339,5271,101329,6627,0.04882544740449813,0.5569843671205245
35744,0.8926666666666665,0,2,0,600341,5269,101329,6627,0.04880692133832302,0.5570780094149294
35745,0.8926666666666666,2,0,2,600341,5269,101331,6625,0.04880692133832302,0.5570035311921977
35746,0.8926666666666668,2,0,2,600341,5269,101333,6623,0.04880692133832302,0.556929027917928
35747,0.8927261904761905,0,1,0,600342,5268,101333,6623,0.04879765830523547,0.5569758640988983
35748,0.8927380952380952,0,5,0,600347,5263,101333,6623,0.0487513431397977,0.5572101632172304
35749,0.89275,1,0,1,600347,5263,101334,6622,0.0487513431397977,0.5571729070256626
35750,0.8927619047619048,0,1,0,600348,5262,101334,6622,0.04874208010671014,0.5572197913160551
35751,0.8927857142857143,0,1,0,600349,5261,101334,6622,0.048732817073622585,0.5572666834974334
35752,0.8927857142857144,0,1,0,600350,5260,101334,6622,0.048723554040535036,0.5573135835717893
35753,0.8928333333333334,1,2,1,600352,5258,101335,6621,0.048705027974359924,0.5573701490024413
35754,0.8928571428571428,1,1,1,600353,5257,101336,6620,0.04869576494127237,0.5573798097162583
35755,0.8928809523809523,0,1,0,600354,5256,101336,6620,0.04868650190818482,0.5574267430111148
35756,0.8929166666666666,0,2,0,600356,5254,101336,6620,0.04866797584200971,0.5575206333164898
35757,0.8929523809523809,0,1,0,600357,5253,101336,6620,0.04865871280892215,0.5575675903310031
35758,0.8929761904761905,0,1,0,600358,5252,101336,6620,0.0486494497758346,0.5576145552560647
35759,0.8929880952380951,0,1,0,600359,5251,101336,6620,0.048640186742747046,0.5576615280936736
35760,0.8929999999999998,0,2,0,600361,5249,101336,6620,0.048621660676571934,0.5577554975145337
35761,0.893,6,5,6,600366,5244,101342,6614,0.04857534551113417,0.5577669084162591
35762,0.8930000000000001,1,0,1,600366,5244,101343,6613,0.04857534551113417,0.557729611200135
35763,0.8930238095238094,0,1,0,600367,5243,101343,6613,0.04856608247804661,0.55777665317139
35764,0.8930476190476192,1,0,1,600367,5243,101344,6612,0.04856608247804661,0.5577393504850274
35765,0.8930952380952379,1,0,1,600367,5243,101345,6611,0.04856608247804661,0.5577020415049773
35766,0.8931428571428571,0,1,0,600368,5242,101345,6611,0.04855681944495906,0.5577490930566101
35767,0.8931666666666667,1,2,1,600370,5240,101346,6610,0.04853829337878395,0.5578059071729958
35768,0.8931666666666668,1,0,1,600370,5240,101347,6609,0.04853829337878395,0.5577685880665035
35769,0.8931666666666669,0,1,0,600371,5239,101347,6609,0.048529030345696396,0.5578156650911547
35770,0.8932142857142857,0,1,0,600372,5238,101347,6609,0.04851976731260884,0.5578627500633072
35771,0.8932380952380952,0,2,0,600374,5236,101347,6609,0.048501241246433735,0.557956943858168
35772,0.893281746031746,0,1,0,600375,5235,101347,6609,0.04849197821334618,0.5580040526849037
35773,0.8933333333333333,20,24,20,600399,5211,101367,6589,0.04826966541924488,0.5583898305084746
35774,0.8933333333333334,14,22,14,600421,5189,101381,6575,0.04806587869131868,0.5589085345120707
35775,0.8933571428571428,1,0,1,600421,5189,101382,6574,0.04806587869131868,0.5588710363002636
35776,0.8933809523809524,0,1,0,600422,5188,101382,6574,0.04805661565823113,0.5589185512667914
35777,0.8933809523809525,0,1,0,600423,5187,101382,6574,0.04804735262514358,0.5589660743134087
35778,0.8934047619047617,0,2,0,600425,5185,101382,6574,0.048028826558968465,0.5590611446551578
35779,0.893452380952381,0,2,0,600427,5183,101382,6574,0.04801030049279336,0.559156247342009
35780,0.893473901098901,0,1,0,600428,5182,101382,6574,0.048001037459705805,0.5592038108200068
35781,0.8935714285714286,1,2,1,600430,5180,101383,6573,0.0479825113935307,0.559261465157832
35782,0.8935833333333334,1,0,1,600430,5180,101384,6572,0.0479825113935307,0.5592239618788292
35783,0.8936111111111111,0,1,0,600431,5179,101384,6572,0.047973248360443144,0.5592715513573313
35784,0.8936309523809522,0,2,0,600433,5177,101384,6572,0.04795472229426803,0.5593667546174143
35785,0.8937142857142857,0,1,0,600434,5176,101384,6572,0.04794545926118048,0.5594143684031324
35786,0.8938333333333334,0,1,0,600435,5175,101384,6572,0.04793619622809293,0.5594619902953946
35787,0.8938744588744589,0,1,0,600436,5174,101384,6572,0.04792693319500537,0.559509620296271
35788,0.8938809523809522,1,0,1,600436,5174,101385,6571,0.04792693319500537,0.5594721157939548
35789,0.8939285714285714,1,2,1,600438,5172,101386,6570,0.047908407128830266,0.5595298926928973
35790,0.8939999999999998,0,2,0,600440,5170,101386,6570,0.047889881062655154,0.5596252129471891
35791,0.8939999999999999,2,3,2,600443,5167,101388,6568,0.04786209196339249,0.5596932253941201
35792,0.894,9,5,9,600448,5162,101397,6559,0.04781577679795472,0.5595938913062025
35793,0.8940476190476191,0,2,0,600450,5160,101397,6559,0.047797250731779616,0.5596893932929431
35794,0.8941190476190475,0,1,0,600451,5159,101397,6559,0.04778798769869206,0.55973715651135
35795,0.8941666666666666,6,5,6,600456,5154,101403,6553,0.04774167253325429,0.5597505765781157
35796,0.8941666666666667,1,2,1,600458,5152,101404,6552,0.04772314646707918,0.5598086124401914
35797,0.8942222222222224,0,1,0,600459,5151,101404,6552,0.047713883433991626,0.5598564470648552
35798,0.8942261904761906,0,2,0,600461,5149,101404,6552,0.04769535736781652,0.559952140842663
35799,0.8942380952380953,0,1,0,600462,5148,101404,6552,0.047686094334728965,0.56
35800,0.8942857142857144,1,2,1,600464,5146,101405,6551,0.04766756826855385,0.5600581345644182
35801,0.8943333333333332,0,2,0,600466,5144,101405,6551,0.04764904220237875,0.5601539119281744
35802,0.8943809523809526,0,1,0,600467,5143,101405,6551,0.04763977916929119,0.560201812895502
35803,0.894404761904762,0,2,0,600469,5141,101405,6551,0.04762125310311609,0.5602976394115634
35804,0.8944761904761905,0,1,0,600470,5140,101405,6551,0.04761199007002853,0.5603455649645026
35805,0.8944999999999999,1,0,1,600470,5140,101406,6550,0.04761199007002853,0.5603079555175363
35806,0.8945793650793651,0,1,0,600471,5139,101406,6550,0.047602727036940976,0.5603558901531355
35807,0.8945833333333333,0,1,0,600472,5138,101406,6550,0.04759346400385342,0.560403832991102
35808,0.8946428571428572,0,1,0,600473,5137,101406,6550,0.04758420097076587,0.5604517840335416
35809,0.8946666666666665,0,1,0,600474,5136,101406,6550,0.047574937937678315,0.5604997432825604
35810,0.8946666666666667,3,3,3,600477,5133,101409,6547,0.047547148838415654,0.5605308219178082
35811,0.8946666666666668,0,1,0,600478,5132,101409,6547,0.0475378858053281,0.5605788166795103
35812,0.8947222222222223,0,1,0,600479,5131,101409,6547,0.04752862277224054,0.5606268196609009
35813,0.8947857142857143,0,1,0,600480,5130,101409,6547,0.047519359739152986,0.5606748308640918
35814,0.8948333333333334,1,4,1,600484,5126,101410,6546,0.04748230760680277,0.5608293351610693
35815,0.8948333333333335,1,0,1,600484,5126,101411,6545,0.04748230760680277,0.5607917059377945
35816,0.894892857142857,0,1,0,600485,5125,101411,6545,0.04747304457371522,0.5608397600685519
35817,0.894952380952381,0,1,0,600486,5124,101411,6545,0.047463781540627664,0.5608878224355129
35818,0.8949999999999999,2,0,2,600486,5124,101413,6543,0.047463781540627664,0.5608125482129082
35819,0.895,98,113,98,600599,5011,101511,6445,0.04641705880173404,0.5625872905027933
35820,0.8950000000000001,0,1,0,600600,5010,101511,6445,0.04640779576864649,0.5626364033173287
35821,0.8951190476190476,1,0,1,600600,5010,101512,6444,0.04640779576864649,0.5625982189628077
35822,0.8951666666666667,0,1,0,600601,5009,101512,6444,0.04639853273555893,0.5626473413079542
35823,0.8951904761904763,2,0,2,600601,5009,101514,6442,0.04639853273555893,0.5625709545017903
35824,0.8952857142857142,1,0,1,600601,5009,101515,6441,0.04639853273555893,0.5625327510917031
35825,0.8953095238095239,0,1,0,600602,5008,101515,6441,0.04638926970247138,0.5625818848807757
35826,0.8953333333333333,1,1,1,600603,5007,101516,6440,0.04638000666938382,0.5625928190792348
35827,0.8953333333333334,0,2,0,600605,5005,101516,6440,0.046361480603208716,0.5626911314984709
35828,0.8954365079365079,1,0,1,600605,5005,101517,6439,0.046361480603208716,0.562652918559944
35829,0.8954545454545453,0,1,0,600606,5004,101517,6439,0.04635221757012116,0.562702088613126
35830,0.8954999999999999,0,1,0,600607,5003,101517,6439,0.046342954537033604,0.5627512672609684
35831,0.8955,3,3,3,600610,5000,101520,6436,0.04631516543777094,0.5627841902763204
35832,0.8955714285714287,0,1,0,600611,4999,101520,6436,0.04630590240468339,0.5628334062090075
35833,0.8956428571428572,1,0,1,600611,4999,101521,6435,0.04630590240468339,0.5627951722931608
35834,0.8956666666666666,2,1,2,600612,4998,101523,6433,0.04629663937159584,0.5627679118187385
35835,0.8958333333333333,2,4,2,600616,4994,101525,6431,0.04625958723924562,0.5628884026258205
35836,0.8958333333333335,0,4,0,600620,4990,101525,6431,0.046222535106895404,0.5630855441730146
35837,0.8959523809523811,0,1,0,600621,4989,101525,6431,0.04621327207380785,0.5631348511383538
35838,0.8959999999999999,13,15,13,600636,4974,101538,6418,0.04607432657749454,0.563377808988764
35839,0.8960000000000001,0,1,0,600637,4973,101538,6418,0.04606506354440698,0.5634272671407251
35840,0.8960238095238096,1,0,1,600637,4973,101539,6417,0.04606506354440698,0.5633889376646181
35841,0.8960714285714286,0,2,0,600639,4971,101539,6417,0.04604653747823187,0.5634878819810326
35842,0.8961017316017313,0,2,0,600641,4969,101539,6417,0.046028011412056764,0.5635868610574389
35843,0.8961428571428571,1,0,1,600641,4969,101540,6416,0.046028011412056764,0.5635485287659201
35844,0.8961666666666666,1,1,1,600642,4968,101541,6415,0.04601874837896921,0.5635596942809453
35845,0.8961904761904762,0,1,0,600643,4967,101541,6415,0.04600948534588165,0.5636092075206466
35846,0.89625,1,2,1,600645,4965,101542,6414,0.04599095927970655,0.5636699182704983
35847,0.8963333333333332,0,1,0,600646,4964,101542,6414,0.04598169624661899,0.5637194586043242
35848,0.8963888888888889,0,1,0,600647,4963,101542,6414,0.045972433213531436,0.5637690076470071
35849,0.8964036796536796,0,1,0,600648,4962,101542,6414,0.04596317018044389,0.5638185654008439
35850,0.8964761904761904,1,1,1,600649,4961,101543,6413,0.04595390714735633,0.5638297872340425
35851,0.8965,0,2,0,600651,4959,101543,6413,0.04593538108118122,0.5639289482940556
35852,0.8965000000000001,2,2,2,600653,4957,101545,6411,0.045916855015006114,0.5639514426460239
35853,0.8965454545454545,1,0,1,600653,4957,101546,6410,0.045916855015006114,0.5639130817278085
35854,0.8965476190476191,0,1,0,600654,4956,101546,6410,0.04590759198191856,0.563962695759282
35855,0.8966428571428571,1,0,1,600654,4956,101547,6409,0.04590759198191856,0.5639243290805104
35856,0.8966666666666666,20,20,20,600674,4936,101567,6389,0.045722331320167474,0.564150110375276
35857,0.8966666666666667,28,26,28,600700,4910,101595,6361,0.04548149245989107,0.564368733918907
35858,0.8966666666666668,1,0,1,600700,4910,101596,6360,0.04548149245989107,0.5643300798580302
35859,0.8966904761904761,0,2,0,600702,4908,101596,6360,0.045462966393715956,0.564430244941427
35860,0.8967142857142857,0,1,0,600703,4907,101596,6360,0.04545370336062841,0.564480340818319
35861,0.8967777777777778,0,1,0,600704,4906,101596,6360,0.04544444032754085,0.5645304455884964
35862,0.8967857142857142,1,0,1,600704,4906,101597,6359,0.04544444032754085,0.5644917887261429
35863,0.8968253968253969,1,0,1,600704,4906,101598,6358,0.04544444032754085,0.564453125
35864,0.8968333333333334,1,3,1,600707,4903,101599,6357,0.04541665122827819,0.5645648312611012
35865,0.896845238095238,0,1,0,600708,4902,101599,6357,0.045407388195190634,0.5646149746869171
35866,0.8969285714285715,0,2,0,600710,4900,101599,6357,0.04538886212901552,0.5647152882650796
35867,0.896952380952381,1,0,1,600710,4900,101600,6356,0.04538886212901552,0.5646766169154229
35868,0.8969999999999999,0,1,0,600711,4899,101600,6356,0.045379599095927974,0.5647267880941803
35869,0.897,1,0,1,600711,4899,101601,6355,0.045379599095927974,0.5646881108939044
35870,0.8970000000000001,1,0,1,600711,4899,101602,6354,0.045379599095927974,0.5646494268195148
35871,0.8970476190476191,0,1,0,600712,4898,101602,6354,0.04537033606284042,0.5646996089584074
35872,0.8970714285714283,1,0,1,600712,4898,101603,6353,0.04537033606284042,0.5646609190294196
35873,0.8970714285714285,0,1,0,600713,4897,101603,6353,0.04536107302975286,0.5647111111111112
35874,0.8970952380952381,1,1,1,600714,4896,101604,6352,0.045351809996665306,0.5647226173541963
35875,0.8971666666666667,0,2,0,600716,4894,101604,6352,0.0453332839304902,0.5648230481949138
35876,0.8971746031746031,0,1,0,600717,4893,101604,6352,0.045324020897402645,0.5648732770120053
35877,0.8972142857142857,0,2,0,600719,4891,101604,6352,0.04530549483122754,0.5649737614515699
35878,0.8972857142857141,1,0,1,600719,4891,101605,6351,0.04530549483122754,0.564935064935065
35879,0.8973333333333332,0,1,0,600720,4890,101605,6351,0.045296231798139984,0.5649853215906058
35880,0.8973333333333333,0,3,0,600723,4887,101605,6351,0.04526844269887732,0.5651361452215696
35881,0.8973333333333335,1,0,1,600723,4887,101606,6350,0.04526844269887732,0.5650974459375279
35882,0.8973809523809523,0,1,0,600724,4886,101606,6350,0.04525917966578977,0.5651477394090424
35883,0.8973809523809524,1,0,1,600724,4886,101607,6349,0.04525917966578977,0.5651090342679128
35884,0.897392857142857,1,0,1,600724,4886,101608,6348,0.04525917966578977,0.5650703222360691
35885,0.8975,28,25,28,600749,4861,101636,6320,0.04502760383860091,0.5652446113943297
35886,0.8975000000000002,1,1,1,600750,4860,101637,6319,0.045018340805513354,0.5652562841041238
35887,0.8975476190476189,1,0,1,600750,4860,101638,6318,0.045018340805513354,0.5652173913043478
35888,0.897547619047619,0,2,0,600752,4858,101638,6318,0.04499981473933825,0.5653185397279885
35889,0.8975595238095238,1,0,1,600752,4858,101639,6317,0.04499981473933825,0.5652796420581655
35890,0.8976190476190478,1,0,1,600752,4858,101640,6316,0.04499981473933825,0.5652407374261679
35891,0.8976666666666666,2,0,2,600752,4858,101642,6314,0.04499981473933825,0.5651629072681704
35892,0.8976666666666668,0,1,0,600753,4857,101642,6314,0.044990551706250693,0.5652134992391012
35893,0.8977380952380952,1,2,1,600755,4855,101643,6313,0.04497202564007559,0.5652757879656161
35894,0.8977777777777777,1,0,1,600755,4855,101644,6312,0.04497202564007559,0.5652368586012357
35895,0.8977857142857144,0,1,0,600756,4854,101644,6312,0.04496276260698803,0.5652874798495433
35896,0.8978333333333333,1,1,1,600757,4853,101645,6311,0.04495349957390048,0.5652991759226084
35897,0.8978333333333335,1,2,1,600759,4851,101646,6310,0.04493497350772537,0.5653615267449154
35898,0.8978809523809523,0,1,0,600760,4850,101646,6310,0.044925710474637816,0.5654121863799283
35899,0.8979166666666667,0,1,0,600761,4849,101646,6310,0.04491644744155026,0.5654628550945425
35900,0.8979999999999998,1,0,1,600761,4849,101647,6309,0.04491644744155026,0.5654239110951783
35901,0.898,5,5,5,600766,4844,101652,6304,0.04487013227611249,0.5654825977753857
35902,0.8980000000000001,1,0,1,600766,4844,101653,6303,0.04487013227611249,0.565443617116713
35903,0.8980277777777778,0,2,0,600768,4842,101653,6303,0.04485160620993738,0.5655450874831763
35904,0.8980357142857143,0,1,0,600769,4841,101653,6303,0.044842343176849826,0.5655958363244795
35905,0.8980714285714286,0,1,0,600770,4840,101653,6303,0.04483308014376227,0.5656465942744324
35906,0.8981111111111109,0,1,0,600771,4839,101653,6303,0.04482381711067472,0.5656973613354873
35907,0.8981190476190476,0,1,0,600772,4838,101653,6303,0.044814554077587165,0.5657481375100978
35908,0.8981666666666668,0,1,0,600773,4837,101653,6303,0.04480529104449961,0.5657989228007181
35909,0.8982142857142857,0,1,0,600774,4836,101653,6303,0.044796028011412053,0.5658497172098034
35910,0.8982499999999999,1,0,1,600774,4836,101654,6302,0.044796028011412053,0.565810738014006
35911,0.8982857142857142,0,1,0,600775,4835,101654,6302,0.044786764978324504,0.5658615426057286
35912,0.8983333333333333,10,8,10,600783,4827,101664,6292,0.04471266071362407,0.5658782264592139
35913,0.8983333333333334,8,20,8,600803,4807,101672,6284,0.04452740005187299,0.5665855197908214
35914,0.8984523809523809,0,2,0,600805,4805,101672,6284,0.044508873985697875,0.5666877085399946
35915,0.8984722222222223,0,1,0,600806,4804,101672,6284,0.044499610952610326,0.5667388167388168
35916,0.8984761904761904,0,1,0,600807,4803,101672,6284,0.04449034791952277,0.566789934157121
35917,0.8985000000000001,1,0,1,600807,4803,101673,6283,0.04449034791952277,0.5667508569366769
35918,0.898507575757576,1,2,1,600809,4801,101674,6282,0.04447182185334766,0.5668140395199855
35919,0.8985476190476188,0,2,0,600811,4799,101674,6282,0.04445329578717255,0.5669163432903167
35920,0.8985714285714286,1,0,1,600811,4799,101675,6281,0.04445329578717255,0.5668772563176895
35921,0.8986666666666667,0,1,0,600812,4798,101675,6281,0.044444032754085,0.5669284231428829
35922,0.8986797924297925,0,3,0,600815,4795,101675,6281,0.044416243654822336,0.5670819790538101
35923,0.8987103174603175,0,2,0,600817,4793,101675,6281,0.044397717588647224,0.5671843958822467
35924,0.8987380952380951,0,2,0,600819,4791,101675,6281,0.04437919152247212,0.5672868497109826
35925,0.8987857142857142,1,0,1,600819,4791,101676,6280,0.04437919152247212,0.5672477644295908
35926,0.8988333333333334,1,1,1,600820,4790,101677,6279,0.044369928489384564,0.5672599150781462
35927,0.8989285714285714,1,0,1,600820,4790,101678,6278,0.044369928489384564,0.567220816769064
35928,0.899,2,4,2,600824,4786,101680,6276,0.04433287635703435,0.5673476767311517
35929,0.8990238095238097,0,1,0,600825,4785,101680,6276,0.04432361332394679,0.5673989693517765
35930,0.899095238095238,0,1,0,600826,4784,101680,6276,0.04431435029085924,0.5674502712477396
35931,0.8991190476190475,0,1,0,600827,4783,101680,6276,0.044305087257771686,0.5675015824215571
35932,0.8991428571428571,0,1,0,600828,4782,101680,6276,0.04429582422468413,0.5675529028757461
35933,0.8991666666666666,2,3,2,600831,4779,101682,6274,0.04426803512542147,0.567628698091016
35934,0.8991666666666667,0,3,0,600834,4776,101682,6274,0.04424024602615881,0.5677828054298643
35935,0.8993333333333332,1,1,1,600835,4775,101683,6273,0.04423098299307125,0.567795076031861
35936,0.8993333333333333,0,3,0,600838,4772,101683,6273,0.04420319389380859,0.5679492983250339
35937,0.8994047619047617,1,0,1,600838,4772,101684,6272,0.04420319389380859,0.5679101774719305
35938,0.8995238095238095,0,1,0,600839,4771,101684,6272,0.044193930860721035,0.5679616046364213
35939,0.8995714285714286,0,1,0,600840,4770,101684,6272,0.04418466782763348,0.5680130411157399
35940,0.8995833333333333,1,0,1,600840,4770,101685,6271,0.04418466782763348,0.5679739154062132
35941,0.8995833333333334,0,2,0,600842,4768,101685,6271,0.044166141761458375,0.5680768185524051
35942,0.8996269841269842,0,2,0,600844,4766,101685,6271,0.04414761569528326,0.5681797589924799
35943,0.8996428571428572,0,2,0,600846,4764,101685,6271,0.04412908962910816,0.568282736746715
35944,0.8996666666666667,0,2,0,600848,4762,101685,6271,0.044110563562933046,0.5683857518354029
35945,0.8998333333333334,1,1,1,600849,4761,101686,6270,0.04410130052984549,0.5683981506663041
35946,0.8998492063492064,1,0,1,600849,4761,101687,6269,0.04410130052984549,0.5683590208522212
35947,0.8999523809523808,0,2,0,600851,4759,101687,6269,0.044082774463670385,0.568462096481683
35948,0.8999999999999999,3,1,3,600852,4758,101690,6266,0.04407351143058283,0.5683962264150944
35949,0.9,567,502,567,601354,4256,102257,5699,0.03942346882063063,0.5724761426418885
35950,0.9000000000000001,1,1,1,601355,4255,102258,5698,0.03941420578754307,0.5724907063197026
35951,0.9000714285714286,0,1,0,601356,4254,102258,5698,0.03940494275445552,0.572548231511254
35952,0.9001666666666666,1,0,1,601356,4254,102259,5697,0.03940494275445552,0.5725052758516732
35953,0.9001666666666667,1,0,1,601356,4254,102260,5696,0.03940494275445552,0.5724623115577889
35954,0.9003333333333333,1,0,1,601356,4254,102261,5695,0.03940494275445552,0.5724193386269977
35955,0.9004761904761905,0,1,0,601357,4253,102261,5695,0.03939567972136796,0.5724768797748291
35956,0.9005,2,2,2,601359,4251,102263,5693,0.039377153655192856,0.5725060337892196
35957,0.9005238095238096,0,1,0,601360,4250,102263,5693,0.0393678906221053,0.5725636125917731
35958,0.9005555555555556,1,1,1,601361,4249,102264,5692,0.03935862758901775,0.5725782114475405
35959,0.9006017316017316,1,0,1,601361,4249,102265,5691,0.03935862758901775,0.5725352112676056
35960,0.9006666666666666,1,2,1,601363,4247,102266,5690,0.03934010152284264,0.5726074267887692
35961,0.9006666666666667,0,3,0,601366,4244,102266,5690,0.03931231242357998,0.5727803503120595
35962,0.900690476190476,1,0,1,601366,4244,102267,5689,0.03931231242357998,0.5727373401792006
35963,0.9007142857142856,1,0,1,601366,4244,102268,5688,0.03931231242357998,0.5726943213854209
35964,0.9007142857142857,2,0,2,601366,4244,102270,5686,0.03931231242357998,0.5726082578046324
35965,0.9007976190476192,0,1,0,601367,4243,102270,5686,0.03930304939049242,0.572665928089435
35966,0.9008214285714286,0,1,0,601368,4242,102270,5686,0.03929378635740487,0.5727236099919419
35967,0.9008333333333332,2,4,2,601372,4238,102272,5684,0.03925673422505465,0.5728683733118323
35968,0.9008333333333334,2,2,2,601374,4236,102274,5682,0.039238208158879545,0.572897761645493
35969,0.9009523809523812,0,1,0,601375,4235,102274,5682,0.03922894512579199,0.5729555309065242
35970,0.9009999999999998,1,0,1,601375,4235,102275,5681,0.03922894512579199,0.5729124647035094
35971,0.901,10,8,10,601383,4227,102285,5671,0.039154840861091555,0.5729440290967872
35972,0.9011309523809524,0,1,0,601384,4226,102285,5671,0.039145577828004,0.5730019197736688
35973,0.9011666666666668,0,3,0,601387,4223,102285,5671,0.03911778872874134,0.5731756620173842
35974,0.9012857142857142,0,1,0,601388,4222,102285,5671,0.03910852569565378,0.5732335995148085
35975,0.9012929570429568,2,1,2,601389,4221,102287,5669,0.039099262662566234,0.5732052578361981
35976,0.901309523809524,0,1,0,601390,4220,102287,5669,0.03908999962947868,0.5732632217615532
35977,0.9013333333333332,3,2,3,601392,4218,102290,5666,0.039071473563303566,0.5732496964791582
35978,0.9013333333333334,1,0,1,601392,4218,102291,5665,0.039071473563303566,0.5732065162400081
35979,0.9014642857142858,1,1,1,601393,4217,102292,5664,0.03906221053021602,0.5732213338730898
35980,0.9015,0,3,0,601396,4214,102292,5664,0.03903442143095335,0.5733954241749342
35981,0.9016666666666666,9,16,9,601412,4198,102301,5655,0.03888621290155248,0.5739368720186745
35982,0.9016666666666668,9,7,9,601419,4191,102310,5646,0.038821371669939604,0.5739554742299482
35983,0.9018333333333332,0,1,0,601420,4190,102310,5646,0.03881210863685205,0.574013826758845
35984,0.9018333333333334,0,1,0,601421,4189,102310,5646,0.0388028456037645,0.5740721911540417
35985,0.9019112554112554,0,1,0,601422,4188,102310,5646,0.03879358257067694,0.574130567419158
35986,0.902,4,2,4,601424,4186,102314,5642,0.03877505650450183,0.5740740740740741
35987,0.9020644633144632,0,3,0,601427,4183,102314,5642,0.03874726740523917,0.5742493638676844
35988,0.9020952380952382,0,1,0,601428,4182,102314,5642,0.038738004372151615,0.5743078175895765
35989,0.9021666666666666,2,0,2,601428,4182,102316,5640,0.038738004372151615,0.5742211362248014
35990,0.9021666666666668,4,2,4,601430,4180,102320,5636,0.03871947830597651,0.5741646291768541
35991,0.9023095238095238,0,1,0,601431,4179,102320,5636,0.038710215272888954,0.574223127865512
35992,0.9023333333333332,4,0,4,601431,4179,102324,5632,0.038710215272888954,0.5740495362348385
35993,0.9023809523809524,0,1,0,601432,4178,102324,5632,0.0387009522398014,0.5741080530071355
35994,0.9024642857142856,1,0,1,601432,4178,102325,5631,0.0387009522398014,0.574064634519319
35995,0.9025,14,16,14,601448,4162,102339,5617,0.03855274371040053,0.5743941098271806
35996,0.9025000000000002,1,0,1,601448,4162,102340,5616,0.03855274371040053,0.5743505829412968
35997,0.9025238095238096,1,0,1,601448,4162,102341,5615,0.03855274371040053,0.574307047151478
35998,0.9026666666666666,1,0,1,601448,4162,102342,5614,0.03855274371040053,0.5742635024549918
35999,0.9027777777777776,2,0,2,601448,4162,102344,5612,0.03855274371040053,0.5741763863310825
36000,0.9028333333333332,0,5,0,601453,4157,102344,5612,0.038506428544962765,0.5744702630770806
36001,0.9028571428571428,0,4,0,601457,4153,102344,5612,0.03846937641261255,0.5747055811571941
36002,0.9029761904761904,0,1,0,601458,4152,102344,5612,0.03846011337952499,0.5747644408029496
36003,0.9029880952380954,1,0,1,601458,4152,102345,5611,0.03846011337952499,0.574720884973881
36004,0.903,3,1,3,601459,4151,102348,5608,0.038450850346437436,0.5746490419100317
36005,0.9031190476190476,0,1,0,601460,4150,102348,5608,0.03844158731334988,0.5747079319532691
36006,0.9031666666666665,0,1,0,601461,4149,102348,5608,0.03843232428026233,0.5747668340678487
36007,0.9031666666666668,0,1,0,601462,4148,102348,5608,0.038423061247174775,0.5748257482574826
36008,0.9032142857142856,1,0,1,601462,4148,102349,5607,0.038423061247174775,0.5747821629933367
36009,0.9032857142857144,1,0,1,601462,4148,102350,5606,0.038423061247174775,0.5747385687922903
36010,0.9033333333333332,29,23,29,601485,4125,102379,5577,0.03821001148616103,0.5748299319727891
36011,0.9033333333333334,26,20,26,601505,4105,102405,5551,0.038024750824409946,0.5748757249378624
36012,0.9034285714285716,0,1,0,601506,4104,102405,5551,0.03801548779132239,0.5749352667011911
36013,0.9035,1,1,1,601507,4103,102406,5550,0.038006224758234834,0.574950792499741
36014,0.9035714285714286,0,1,0,601508,4102,102406,5550,0.037996961725147285,0.5750103605470369
36015,0.9036666666666668,2,0,2,601508,4102,102408,5548,0.037996961725147285,0.5749222797927461
36016,0.9037380952380952,1,0,1,601508,4102,102409,5547,0.037996961725147285,0.5748782257228728
36017,0.90375,1,0,1,601508,4102,102410,5546,0.037996961725147285,0.5748341625207297
36018,0.904,8,10,8,601518,4092,102418,5538,0.03790433139427174,0.5750778816199377
36019,0.9041666666666666,4,4,4,601522,4088,102422,5534,0.03786727926192152,0.5751403034712118
36020,0.9041666666666668,1,1,1,601523,4087,102423,5533,0.03785801622883397,0.5751559251559252
36021,0.9042619047619048,0,1,0,601524,4086,102423,5533,0.03784875319574642,0.5752157188896975
36022,0.9042738095238096,0,1,0,601525,4085,102423,5533,0.03783949016265886,0.5752755250571845
36023,0.9042857142857144,0,1,0,601526,4084,102423,5533,0.037830227129571306,0.5753353436622647
36024,0.9043333333333332,2,1,2,601527,4083,102425,5531,0.03782096409648375,0.5753068441855628
36025,0.9044285714285714,0,1,0,601528,4082,102425,5531,0.0378117010633962,0.575366690939353
36026,0.9045,0,3,0,601531,4079,102425,5531,0.03778391196413353,0.5755463059313215
36027,0.9045476190476188,1,0,1,601531,4079,102426,5530,0.03778391196413353,0.5755021334165886
36028,0.9045555555555556,1,0,1,601531,4079,102427,5529,0.03778391196413353,0.5754579517069109
36029,0.9045833333333332,0,1,0,601532,4078,102427,5529,0.037774648931045984,0.5755178515665661
36030,0.9046428571428572,0,1,0,601533,4077,102427,5529,0.03776538589795843,0.575577763897564
36031,0.9046666666666668,0,3,0,601536,4074,102427,5529,0.03773759679869577,0.5757575757575758
36032,0.9047215007215008,1,1,1,601537,4073,102428,5528,0.03772833376560821,0.5757733569419852
36033,0.9047857142857144,0,1,0,601538,4072,102428,5528,0.037719070732520656,0.5758333333333333
36034,0.9048095238095236,1,0,1,601538,4072,102429,5527,0.037719070732520656,0.5757891447025731
36035,0.9048189033189032,1,1,1,601539,4071,102430,5526,0.0377098076994331,0.5758049390434511
36036,0.9048333333333334,2,3,2,601542,4068,102432,5524,0.03768201860017044,0.5758965804837365
36037,0.9049166666666666,1,0,1,601542,4068,102433,5523,0.03768201860017044,0.5758523615889897
36038,0.9049166666666668,0,1,0,601543,4067,102433,5523,0.03767275556708288,0.5759124087591241
36039,0.904952380952381,1,0,1,601543,4067,102434,5522,0.03767275556708288,0.5758681822922098
36040,0.9049671717171716,1,1,1,601544,4066,102435,5521,0.037663492533995334,0.5758840095963284
36041,0.9049999999999998,1,0,1,601544,4066,102436,5520,0.037663492533995334,0.575839766325892
36042,0.905,91,71,91,601615,3995,102527,5429,0.03700581718477899,0.5760823429541596
36043,0.9050833333333334,1,0,1,601615,3995,102528,5428,0.03700581718477899,0.5760373554069829
36044,0.9051190476190476,1,0,1,601615,3995,102529,5427,0.03700581718477899,0.5759923583103375
36045,0.9051666666666668,1,1,1,601616,3994,102530,5426,0.03699655415169143,0.5760084925690021
36046,0.9052380952380952,1,1,1,601617,3993,102531,5425,0.036987291118603875,0.5760246336801869
36047,0.9053333333333334,0,1,0,601618,3992,102531,5425,0.03697802808551632,0.576085802272486
36048,0.905357142857143,1,1,1,601619,3991,102532,5424,0.03696876505242877,0.5761019649495486
36049,0.9053809523809524,1,0,1,601619,3991,102533,5423,0.03696876505242877,0.5760569364775866
36050,0.9055,3,2,3,601621,3989,102536,5420,0.03695023898625366,0.5760442129875651
36051,0.9055238095238094,0,1,0,601622,3988,102536,5420,0.0369409759531661,0.5761054421768708
36052,0.9055349927849928,1,0,1,601622,3988,102537,5419,0.0369409759531661,0.5760603805676624
36053,0.9055714285714288,1,0,1,601622,3988,102538,5418,0.0369409759531661,0.5760153093769934
36054,0.905595238095238,1,1,1,601623,3987,102539,5417,0.036931712920078553,0.5760314759676733
36055,0.9056190476190475,0,1,0,601624,3986,102539,5417,0.036922449886991,0.576092736360736
36056,0.9056428571428572,1,2,1,601626,3984,102540,5416,0.036903923820815886,0.5761702127659575
36057,0.9056666666666666,1,1,1,601627,3983,102541,5415,0.03689466078772834,0.5761864226431156
36058,0.9056666666666668,2,0,2,601627,3983,102543,5413,0.03689466078772834,0.5760962111536824
36059,0.9056904761904764,0,1,0,601628,3982,102543,5413,0.03688539775464078,0.5761575306013837
36060,0.9057081529581524,1,2,1,601630,3980,102544,5412,0.03686687168846567,0.5762350936967632
36061,0.9057142857142856,2,1,2,601631,3979,102546,5410,0.03685760865537812,0.5762061987432101
36062,0.9057380952380952,1,1,1,601632,3978,102547,5409,0.036848345622290564,0.576222435282838
36063,0.9058095238095238,1,0,1,601632,3978,102548,5408,0.036848345622290564,0.5761772853185596
36064,0.9058333333333332,0,3,0,601635,3975,102548,5408,0.0368205565230279,0.5763615048491953
36065,0.9058333333333334,2,2,2,601637,3973,102550,5406,0.03680203045685279,0.5763940718626719
36066,0.9059285714285712,0,1,0,601638,3972,102550,5406,0.036792767423765235,0.5764555342290467
36067,0.906,10,8,10,601646,3964,102560,5396,0.0367186631590648,0.5764957264957264
36068,0.9060714285714286,0,1,0,601647,3963,102560,5396,0.03670940012597725,0.5765573245004808
36069,0.9060833333333334,0,3,0,601650,3960,102560,5396,0.036681611026714585,0.5767421975203079
36070,0.90625,1,1,1,601651,3959,102561,5395,0.036672347993627036,0.5767586059439812
36071,0.9062857142857144,0,1,0,601652,3958,102561,5395,0.03666308496053948,0.5768202715706191
36072,0.9064444444444444,0,1,0,601653,3957,102561,5395,0.036653821927451924,0.5768819503849444
36073,0.9065,3,2,3,601655,3955,102564,5392,0.03663529586127682,0.5768695838236867
36074,0.9065714285714284,1,1,1,601656,3954,102565,5391,0.03662603282818926,0.5768860353130016
36075,0.9066666666666666,24,12,24,601668,3942,102589,5367,0.03651487643113861,0.5765388333870448
36076,0.9066666666666668,18,15,18,601683,3927,102607,5349,0.0363759309348253,0.5766494178525227
36077,0.90675,0,1,0,601684,3926,102607,5349,0.036366667901737745,0.576711590296496
36078,0.9067857142857144,1,1,1,601685,3925,102608,5348,0.03635740486865019,0.5767281354469966
36079,0.9068333333333332,0,1,0,601686,3924,102608,5348,0.03634814183556263,0.5767903364969802
36080,0.9068333333333334,1,1,1,601687,3923,102609,5347,0.036338878802475084,0.57680690399137
36081,0.906904761904762,0,1,0,601688,3922,102609,5347,0.03632961576938753,0.5768691336713777
36082,0.907,1,0,1,601688,3922,102610,5346,0.03632961576938753,0.5768234786361675
36083,0.9071428571428573,1,2,1,601690,3920,102611,5345,0.03631108970321242,0.576902320561252
36084,0.9071666666666668,2,0,2,601690,3920,102613,5343,0.03631108970321242,0.576810968368779
36085,0.9072916250416247,0,2,0,601692,3918,102613,5343,0.03629256363703731,0.5769355361192096
36086,0.9073333333333332,1,5,1,601697,3913,102614,5342,0.03624624847159954,0.5772015126958401
36087,0.9073809523809524,0,1,0,601698,3912,102614,5342,0.03623698543851198,0.5772638858871839
36088,0.9075,28,18,28,601716,3894,102642,5314,0.03607025084293601,0.5771068635968722
36089,0.9076190476190475,0,1,0,601717,3893,102642,5314,0.036060987809848455,0.5771695449114804
36090,0.9076428571428572,1,0,1,601717,3893,102643,5313,0.036060987809848455,0.5771236150336737
36091,0.907654761904762,0,2,0,601719,3891,102643,5313,0.03604246174367335,0.5772490221642764
36092,0.9076666666666666,0,1,0,601720,3890,102643,5313,0.036033198710585794,0.5773117461697272
36093,0.9076865079365076,1,0,1,601720,3890,102644,5312,0.036033198710585794,0.5772658117800478
36094,0.9077472527472524,2,1,2,601721,3889,102646,5310,0.03602393567749824,0.5772366561582781
36095,0.9078333333333332,0,3,0,601724,3886,102646,5310,0.03599614657823558,0.5774249673771205
36096,0.9078571428571428,0,1,0,601725,3885,102646,5310,0.03598688354514802,0.5774877650897227
36097,0.9079365079365078,1,2,1,601727,3883,102647,5309,0.035968357478972916,0.5775674499564839
36098,0.9079999999999998,1,0,1,601727,3883,102648,5308,0.035968357478972916,0.5775214884125776
36099,0.908,7,6,7,601733,3877,102655,5301,0.03591277928044759,0.5775768141207235
36100,0.9080238095238096,0,1,0,601734,3876,102655,5301,0.03590351624736004,0.577639751552795
36101,0.9081666666666668,0,1,0,601735,3875,102655,5301,0.03589425321427248,0.5777027027027027
36102,0.9082142857142856,1,0,1,601735,3875,102656,5300,0.03589425321427248,0.5776566757493188
36103,0.9082380952380952,1,0,1,601735,3875,102657,5299,0.03589425321427248,0.5776106387617179
36104,0.9083333333333332,9,10,9,601745,3865,102666,5290,0.03580162288339694,0.5778263244128892
36105,0.9083333333333334,6,4,6,601749,3861,102672,5284,0.03576457075104672,0.5778020776380536
36106,0.9085,1,3,1,601752,3858,102673,5283,0.03573678165178406,0.5779455201837873
36107,0.9086666666666666,0,2,0,601754,3856,102673,5283,0.035718255585608955,0.5780719991246307
36108,0.9086666666666668,0,3,0,601757,3853,102673,5283,0.03569046648634629,0.5782618213660246
36109,0.90875,1,1,1,601758,3852,102674,5282,0.03568120345325874,0.5782789577403109
36110,0.9087777777777776,0,1,0,601759,3851,102674,5282,0.03567194042017118,0.5783422752655206
36111,0.9087857142857144,1,0,1,601759,3851,102675,5281,0.03567194042017118,0.5782961016206746
36112,0.9089285714285714,0,1,0,601760,3850,102675,5281,0.035662677387083626,0.5783594348921257
36113,0.9089999999999998,0,1,0,601761,3849,102675,5281,0.03565341435399607,0.5784227820372398
36114,0.909,5,1,5,601762,3848,102680,5276,0.03564415132090852,0.578255151249452
36115,0.9091666666666666,0,2,0,601764,3846,102680,5276,0.03562562525473341,0.5783819337864503
36116,0.9091666666666668,1,2,1,601766,3844,102681,5275,0.035607099188558304,0.5784625507182806
36117,0.9092142857142858,1,2,1,601768,3842,102682,5274,0.03558857312238319,0.5785432207108381
36118,0.9092380952380954,0,1,0,601769,3841,102682,5274,0.035579310089295636,0.5786066922654964
36119,0.9093333333333332,3,2,3,601771,3839,102685,5271,0.03556078402312053,0.5785949506037321
36120,0.909349206349206,0,1,0,601772,3838,102685,5271,0.035551520990032975,0.5786584696454057
36121,0.9093652459082026,0,1,0,601773,3837,102685,5271,0.03554225795694542,0.5787220026350461
36122,0.909404761904762,0,1,0,601774,3836,102685,5271,0.03553299492385787,0.5787855495772483
36123,0.9094642857142856,0,1,0,601775,3835,102685,5271,0.035523731890770315,0.5788491104766088
36124,0.9094761904761904,0,2,0,601777,3833,102685,5271,0.0355052058245952,0.5789762741652021
36125,0.9095,0,1,0,601778,3832,102685,5271,0.035495942791507654,0.5790398769636383
36126,0.9096111111111111,0,1,0,601779,3831,102685,5271,0.0354866797584201,0.57910349373764
36127,0.9096428571428572,0,1,0,601780,3830,102685,5271,0.03547741672533254,0.5791671244918141
36128,0.9096666666666668,1,1,1,601781,3829,102686,5270,0.035468153692244986,0.5791845257720629
36129,0.9096706349206348,0,1,0,601782,3828,102686,5270,0.03545889065915744,0.5792481864145966
36130,0.9097261904761906,0,2,0,601784,3826,102686,5270,0.035440364592982325,0.5793755496921724
36131,0.9097380952380952,0,1,0,601785,3825,102686,5270,0.03543110155989477,0.5794392523364486
36132,0.90975,0,1,0,601786,3824,102686,5270,0.03542183852680722,0.5795029689905432
36133,0.9098333333333336,1,2,1,601788,3822,102687,5269,0.03540331246063211,0.5795842041579584
36134,0.9098809523809522,0,2,0,601790,3820,102687,5269,0.035384786394457,0.5797117394652878
36135,0.909952380952381,1,1,1,601791,3819,102688,5268,0.03537552336136945,0.5797292835919445
36136,0.9099999999999998,1,2,1,601793,3817,102689,5267,0.035356997295194335,0.5798106560986349
36137,0.91,573,435,573,602228,3382,103262,4694,0.031327577902108265,0.5812283308568599
36138,0.9101944444444444,1,0,1,602228,3382,103263,4693,0.031327577902108265,0.5811764705882353
36139,0.910309523809524,1,0,1,602228,3382,103264,4692,0.031327577902108265,0.5811245974733713
36140,0.9103333333333332,1,3,1,602231,3379,103265,4691,0.031299788802845604,0.5812887236679058
36141,0.9105,2,0,2,602231,3379,103267,4689,0.031299788802845604,0.581184928111056
36142,0.9105714285714286,0,1,0,602232,3378,103267,4689,0.03129052576975805,0.5812569728523614
36143,0.9106363636363636,1,2,1,602234,3376,103268,4688,0.031271999703582944,0.5813492063492064
36144,0.9106666666666666,2,2,2,602236,3374,103270,4686,0.03125347363740783,0.5813895781637717
36145,0.9108333333333332,3,3,3,602239,3371,103273,4683,0.03122568453814517,0.5814502110752421
36146,0.9108333333333334,1,0,1,602239,3371,103274,4682,0.03122568453814517,0.5813982366819819
36147,0.910914058164058,2,2,2,602241,3369,103276,4680,0.031207158471970062,0.5814386880357808
36148,0.9109166666666666,0,2,0,602243,3367,103276,4680,0.031188632405794954,0.5815831987075929
36149,0.9109206349206348,0,1,0,602244,3366,103276,4680,0.031179369372707398,0.5816554809843401
36150,0.911,2,6,2,602250,3360,103278,4678,0.031123791174182073,0.5819855685493904
36151,0.9110238095238096,1,2,1,602252,3358,103279,4677,0.031105265108006964,0.5820784069695084
36152,0.9111190476190476,0,1,0,602253,3357,103279,4677,0.031096002074919412,0.5821508588498879
36153,0.9111428571428573,0,1,0,602254,3356,103279,4677,0.031086739041831856,0.5822233287688285
36154,0.9111666666666666,0,2,0,602256,3354,103279,4677,0.031068212975656748,0.5823683227493462
36155,0.911277777777778,0,1,0,602257,3353,103279,4677,0.031058949942569195,0.5824408468244084
36156,0.9113333333333332,0,2,0,602259,3351,103279,4677,0.031040423876394087,0.5825859491778774
36157,0.9113333333333334,0,2,0,602261,3349,103279,4677,0.03102189781021898,0.5827311238474956
36158,0.9113809523809524,1,0,1,602261,3349,103280,4676,0.03102189781021898,0.5826791277258567
36159,0.9113888888888888,0,1,0,602262,3348,103280,4676,0.031012634777131422,0.5827517447657029
36160,0.9115,1,2,1,602264,3346,103281,4675,0.030994108710956314,0.5828450317915472
36161,0.9115119047619048,0,1,0,602265,3345,103281,4675,0.03098484567786876,0.5829177057356608
36162,0.9115555555555552,1,1,1,602266,3344,103282,4674,0.030975582644781206,0.5829383886255924
36163,0.9116666666666666,4,9,4,602275,3335,103286,4670,0.03089221534699322,0.5833853841349157
36164,0.9116666666666668,7,5,7,602280,3330,103293,4663,0.03084590018155545,0.5833854622794945
36165,0.911686507936508,0,1,0,602281,3329,103293,4663,0.030836637148467894,0.5834584584584585
36166,0.9117380952380952,1,1,1,602282,3328,103294,4662,0.030827374115380342,0.5834793491864831
36167,0.9117857142857144,1,1,1,602283,3327,103295,4661,0.030818111082292786,0.5835002503755633
36168,0.9118333333333332,0,1,0,602284,3326,103295,4661,0.030808848049205233,0.5835733066232628
36169,0.9119761904761906,0,1,0,602285,3325,103295,4661,0.030799585016117677,0.5836463811670424
36170,0.912,0,3,0,602288,3322,103295,4661,0.030771795916855017,0.5838657146436177
36171,0.9120476190476192,0,1,0,602289,3321,103295,4661,0.03076253288376746,0.5839388624404911
36172,0.9120595238095238,0,1,0,602290,3320,103295,4661,0.030753269850679908,0.5840120285678486
36173,0.9120714285714284,0,1,0,602291,3319,103295,4661,0.030744006817592352,0.5840852130325814
36174,0.9120833333333332,1,0,1,602291,3319,103296,4660,0.030744006817592352,0.584033086852989
36175,0.9121428571428573,1,0,1,602291,3319,103297,4659,0.030744006817592352,0.5839809476059162
36176,0.9121666666666666,0,1,0,602292,3318,103297,4659,0.0307347437845048,0.5840541556976306
36177,0.9121666666666668,1,4,1,602296,3314,103298,4658,0.030697691652154583,0.5842950326141495
36178,0.9122380952380952,2,1,2,602297,3313,103300,4656,0.030688428619067027,0.5842640230894717
36179,0.9122857142857144,1,0,1,602297,3313,103301,4655,0.030688428619067027,0.5842118473895582
36180,0.9123333333333332,2,1,2,602298,3312,103303,4653,0.030679165585979475,0.584180790960452
36181,0.9123809523809524,0,1,0,602299,3311,103303,4653,0.03066990255289192,0.5842541436464088
36182,0.9124523809523808,0,1,0,602300,3310,103303,4653,0.030660639519804366,0.5843275147557453
36183,0.9125,20,19,20,602319,3291,103323,4633,0.030484641891140835,0.5846794548207975
36184,0.9126666666666664,1,0,1,602319,3291,103324,4632,0.030484641891140835,0.5846270352139341
36185,0.9126666666666666,0,4,0,602323,3287,103324,4632,0.030447589758790618,0.5849223386791261
36186,0.9126666666666668,1,0,1,602323,3287,103325,4631,0.030447589758790618,0.5848699166456176
36187,0.9127698412698412,0,1,0,602324,3286,103325,4631,0.030438326725703065,0.5849437918403436
36188,0.9128571428571428,2,1,2,602325,3285,103327,4629,0.03042906369261551,0.5849128127369219
36189,0.912904761904762,1,0,1,602325,3285,103328,4628,0.03042906369261551,0.5848603563755845
36190,0.9129166666666666,0,1,0,602326,3284,103328,4628,0.030419800659527957,0.5849342770475228
36191,0.9129761904761904,0,2,0,602328,3282,103328,4628,0.03040127459335285,0.5850821744627054
36192,0.913,0,1,0,602329,3281,103328,4628,0.030392011560265293,0.585156151220129
36193,0.9130833333333336,0,2,0,602331,3279,103328,4628,0.030373485494090184,0.585304160870115
36194,0.9131031746031746,0,2,0,602333,3277,103328,4628,0.030354959427915076,0.5854522454142947
36195,0.9131666666666668,1,0,1,602333,3277,103329,4627,0.030354959427915076,0.5853997975708503
36196,0.9132790265290264,0,2,0,602335,3275,103329,4627,0.030336433361739967,0.5855479625411288
36197,0.9133095238095238,0,1,0,602336,3274,103329,4627,0.030327170328652415,0.5856220731552968
36198,0.913313492063492,0,2,0,602338,3272,103329,4627,0.030308644262477306,0.5857703506773009
36199,0.9133333333333332,27,18,27,602356,3254,103356,4600,0.03014190966690133,0.5856888209829386
36200,0.9133333333333334,15,19,15,602375,3235,103371,4585,0.0299659120382378,0.5863171355498721
36201,0.9135,0,1,0,602376,3234,103371,4585,0.029956649005150247,0.5863921217547001
36202,0.9135595238095238,1,0,1,602376,3234,103372,4584,0.029956649005150247,0.5863392171910975
36203,0.9136666666666666,0,1,0,602377,3233,103372,4584,0.02994738597206269,0.5864142254061661
36204,0.9136666666666668,0,1,0,602378,3232,103372,4584,0.029938122938975138,0.586489252814739
36205,0.913745670995671,1,0,1,602378,3232,103373,4583,0.029938122938975138,0.5864363403710813
36206,0.9138333333333332,0,1,0,602379,3231,103373,4583,0.029928859905887582,0.5865113898131559
36207,0.9138333333333334,1,5,1,602384,3226,103374,4582,0.029882544740449813,0.5868340163934426
36208,0.9139285714285712,1,1,1,602385,3225,103375,4581,0.029873281707362257,0.5868562644119908
36209,0.9139404761904762,0,1,0,602386,3224,103375,4581,0.029864018674274705,0.5869314541960282
36210,0.914,5,6,5,602392,3218,103380,4576,0.02980844047574938,0.5871182961252245
36211,0.9141666666666666,3,5,3,602397,3213,103383,4573,0.02976212531031161,0.5873362445414847
36212,0.9141666666666668,2,1,2,602398,3212,103385,4571,0.029752862277224054,0.5873056661955545
36213,0.9142857142857144,0,1,0,602399,3211,103385,4571,0.0297435992441365,0.5873811359547674
36214,0.9143333333333332,6,7,6,602406,3204,103391,4565,0.02967875801252362,0.5875917106448706
36215,0.9143809523809524,0,1,0,602407,3203,103391,4565,0.029669494979436068,0.5876673532440783
36216,0.9143968253968257,1,0,1,602407,3203,103392,4564,0.029669494979436068,0.5876142654821681
36217,0.914404761904762,0,1,0,602408,3202,103392,4564,0.029660231946348512,0.5876899304661344
36218,0.9144242424242424,0,1,0,602409,3201,103392,4564,0.02965096891326096,0.5877656149388281
36219,0.9144444444444444,2,0,2,602409,3201,103394,4562,0.02965096891326096,0.5876594100218987
36220,0.9145,1,0,1,602409,3201,103395,4561,0.02965096891326096,0.5876062870394229
36221,0.914547619047619,0,4,0,602413,3197,103395,4561,0.029613916780910743,0.5879092549626193
36222,0.9146666666666664,0,1,0,602414,3196,103395,4561,0.029604653747823187,0.5879850457651153
36223,0.9146666666666668,1,0,1,602414,3196,103396,4560,0.029604653747823187,0.5879319236719959
36224,0.9147857142857144,1,0,1,602414,3196,103397,4559,0.029604653747823187,0.5878787878787879
36225,0.914809523809524,1,0,1,602414,3196,103398,4558,0.029604653747823187,0.5878256383801909
36226,0.9148333333333332,1,0,1,602414,3196,103399,4557,0.029604653747823187,0.5877724751709016
36227,0.9148333333333334,2,2,2,602416,3194,103401,4555,0.02958612768164808,0.5878177829397342
36228,0.9149999999999998,1,0,1,602416,3194,103402,4554,0.02958612768164808,0.5877645844088797
36229,0.915,90,80,90,602496,3114,103492,4464,0.028845085034643742,0.5890736342042755
36230,0.9151428571428571,1,0,1,602496,3114,103493,4463,0.028845085034643742,0.5890194008182658
36231,0.9151666666666664,1,2,1,602498,3112,103494,4462,0.028826558968468634,0.5891206759968313
36232,0.9151666666666668,1,4,1,602502,3108,103495,4461,0.028789506836118417,0.5893777249306381
36233,0.9153492063492062,0,1,0,602503,3107,103495,4461,0.028780243803030865,0.5894556025369979
36234,0.9154047619047618,0,1,0,602504,3106,103495,4461,0.02877098076994331,0.5895335007268402
36235,0.9154166666666664,0,1,0,602505,3105,103495,4461,0.028761717736855756,0.5896114195083267
36236,0.9154761904761906,1,1,1,602506,3104,103496,4460,0.0287524547037682,0.5896351136964569
36237,0.9155,1,4,1,602510,3100,103497,4459,0.028715402571417987,0.5898928429686466
36238,0.9155555555555556,1,0,1,602510,3100,103498,4458,0.028715402571417987,0.5898385816353533
36239,0.9155833333333336,1,0,1,602510,3100,103499,4457,0.028715402571417987,0.5897843059415112
36240,0.9156666666666664,0,1,0,602511,3099,103499,4457,0.02870613953833043,0.589862361037586
36241,0.9156666666666666,1,2,1,602513,3097,103500,4456,0.028687613472155322,0.5899642526148551
36242,0.9157777777777776,1,1,1,602514,3096,103501,4455,0.02867835043906777,0.5899880810488677
36243,0.9158333333333332,4,6,4,602520,3090,103505,4451,0.028622772240542445,0.5902400212173452
36244,0.9158333333333334,0,4,0,602524,3086,103505,4451,0.028585720108192228,0.5905532705320419
36245,0.9158333333333336,0,1,0,602525,3085,103505,4451,0.028576457075104672,0.590631634819533
36246,0.915888888888889,1,0,1,602525,3085,103506,4450,0.028576457075104672,0.5905773059057731
36247,0.9159761904761904,0,1,0,602526,3084,103506,4450,0.02856719404201712,0.5906556941863552
36248,0.916,9,5,9,602531,3079,103515,4441,0.028520878876579347,0.5905585106382979
36249,0.9161666666666664,0,2,0,602533,3077,103515,4441,0.02850235281040424,0.5907156158552807
36250,0.9161666666666666,0,1,0,602534,3076,103515,4441,0.028493089777316686,0.5907941998137555
36251,0.9161666666666668,1,0,1,602534,3076,103516,4440,0.028493089777316686,0.5907397551889303
36252,0.9161904761904762,0,1,0,602535,3075,103516,4440,0.02848382674422913,0.590818363273453
36253,0.9162380952380952,0,1,0,602536,3074,103516,4440,0.028474563711141578,0.5908969922810753
36254,0.91625,0,1,0,602537,3073,103516,4440,0.02846530067805402,0.5909756422201518
36255,0.9165,2,4,2,602541,3069,103518,4438,0.028428248545703805,0.5911815638737179
36256,0.9166666666666664,11,11,11,602552,3058,103529,4427,0.02832635518174071,0.5914495657982632
36257,0.9166666666666669,21,20,21,602572,3038,103550,4406,0.028141094519989626,0.591886082751209
36258,0.9167499999999998,1,0,1,602572,3038,103551,4405,0.028141094519989626,0.5918312508397152
36259,0.9168333333333332,1,0,1,602572,3038,103552,4404,0.028141094519989626,0.5917764041924214
36260,0.9168333333333334,0,1,0,602573,3037,103552,4404,0.02813183148690207,0.5918559333422927
36261,0.9168571428571428,0,1,0,602574,3036,103552,4404,0.028122568453814518,0.5919354838709677
36262,0.916904761904762,0,1,0,602575,3035,103552,4404,0.028113305420726962,0.5920150557870681
36263,0.916939393939394,0,1,0,602576,3034,103552,4404,0.02810404238763941,0.5920946490992203
36264,0.9169826839826838,1,2,1,602578,3032,103553,4403,0.0280855163214643,0.5921990585070612
36265,0.9169834054834052,0,2,0,602580,3030,103553,4403,0.028066990255289193,0.5923584017220503
36266,0.917,1,4,1,602584,3026,103554,4402,0.028029938122938976,0.5926225094238018
36267,0.917047619047619,0,3,0,602587,3023,103554,4402,0.02800214902367631,0.5928619528619529
36268,0.9170952380952382,1,0,1,602587,3023,103555,4401,0.02800214902367631,0.5928071120689655
36269,0.9171190476190476,2,0,2,602587,3023,103557,4399,0.02800214902367631,0.5926973861492859
36270,0.9171428571428571,3,1,3,602588,3022,103560,4396,0.02799288599058876,0.5926125640334322
36271,0.9171666666666666,1,1,1,602589,3021,103561,4395,0.027983622957501203,0.5926375404530745
36272,0.91725,0,4,0,602593,3017,103561,4395,0.027946570825150986,0.5929573664328116
36273,0.9173333333333332,3,0,3,602593,3017,103564,4392,0.027946570825150986,0.5927925496018356
36274,0.9175,21,22,21,602615,2995,103585,4371,0.027742784097224794,0.5934021178387184
36275,0.917547619047619,1,0,1,602615,2995,103586,4370,0.027742784097224794,0.593346911065852
36276,0.9175833333333334,0,1,0,602616,2994,103586,4370,0.02773352106413724,0.593427485062466
36277,0.9176626984126984,1,1,1,602617,2993,103587,4369,0.027724258031049685,0.5934528660690029
36278,0.9176666666666666,0,1,0,602618,2992,103587,4369,0.027714994997962133,0.5935334872979214
36279,0.9177301587301586,1,0,1,602618,2992,103588,4368,0.027714994997962133,0.5934782608695652
36280,0.9177619047619046,0,1,0,602619,2991,103588,4368,0.027705731964874577,0.5935589074602527
36281,0.917809523809524,1,0,1,602619,2991,103589,4367,0.027705731964874577,0.5935036694754009
36282,0.9178333333333332,2,1,2,602620,2990,103591,4365,0.027696468931787024,0.5934738273283481
36283,0.9178333333333336,1,0,1,602620,2990,103592,4364,0.027696468931787024,0.593418547729127
36284,0.9178782051282052,0,1,0,602621,2989,103592,4364,0.02768720589869947,0.593499252005984
36285,0.9179583333333332,0,1,0,602622,2988,103592,4364,0.027677942865611916,0.5935799782372143
36286,0.917984126984127,0,2,0,602624,2986,103592,4364,0.027659416799436808,0.5937414965986395
36287,0.9179999999999998,0,2,0,602626,2984,103592,4364,0.0276408907332617,0.5939031028851388
36288,0.918,9,5,9,602631,2979,103601,4355,0.02759457556782393,0.5938096536678483
36289,0.918047619047619,2,0,2,602631,2979,103603,4353,0.02759457556782393,0.5936988543371522
36290,0.9181071428571428,0,1,0,602632,2978,103603,4353,0.027585312534736374,0.5937798390396944
36291,0.9181666666666668,2,2,2,602634,2976,103605,4351,0.027566786468561266,0.5938310358946363
36292,0.9182380952380952,0,1,0,602635,2975,103605,4351,0.027557523435473713,0.5939120939120939
36293,0.91825,1,1,1,602636,2974,103606,4350,0.027548260402386157,0.5939377389404696
36294,0.918309523809524,0,1,0,602637,2973,103606,4350,0.027538997369298605,0.594018844735764
36295,0.9183333333333332,8,3,8,602640,2970,103614,4342,0.02751120827003594,0.5938183807439825
36296,0.9183333333333334,1,4,1,602644,2966,103615,4341,0.027474156137685724,0.5940878609552483
36297,0.9185,1,1,1,602645,2965,103616,4340,0.02746489310459817,0.5941136208076659
36298,0.9185476190476192,0,1,0,602646,2964,103616,4340,0.027455630071510615,0.5941949616648412
36299,0.9185714285714286,1,2,1,602648,2962,103617,4339,0.027437104005335507,0.5943021503903575
36300,0.9186190476190476,0,1,0,602649,2961,103617,4339,0.027427840972247954,0.5943835616438357
36301,0.9186666666666666,0,1,0,602650,2960,103617,4339,0.0274185779391604,0.5944649952048225
36302,0.9187380952380952,1,0,1,602650,2960,103618,4338,0.0274185779391604,0.5944094272403398
36303,0.9188373015873016,2,0,2,602650,2960,103620,4336,0.0274185779391604,0.5942982456140351
36304,0.919,1,1,1,602651,2959,103621,4335,0.027409314906072846,0.5943241020016452
36305,0.9191666666666666,2,0,2,602651,2959,103623,4333,0.027409314906072846,0.5942128359846407
36306,0.9191666666666668,4,7,4,602658,2952,103627,4329,0.027344473674459965,0.5945611866501854
36307,0.9192222222222222,1,0,1,602658,2952,103628,4328,0.027344473674459965,0.5945054945054945
36308,0.9193333333333332,1,3,1,602661,2949,103629,4327,0.027316684575197304,0.5946948873007146
36309,0.9193484848484847,0,1,0,602662,2948,103629,4327,0.027307421542109748,0.5947766323024055
36310,0.919404761904762,1,3,1,602665,2945,103630,4326,0.027279632442847087,0.5949663044973181
36311,0.9194166666666668,0,1,0,602666,2944,103630,4326,0.02727036940975953,0.5950481430536451
36312,0.9194761904761906,1,0,1,602666,2944,103631,4325,0.02727036940975953,0.5949924336222314
36313,0.9195,0,1,0,602667,2943,103631,4325,0.02726110637667198,0.595074298293891
36314,0.9195238095238096,1,0,1,602667,2943,103632,4324,0.02726110637667198,0.5950185771294895
36315,0.9196428571428572,1,0,1,602667,2943,103633,4323,0.02726110637667198,0.5949628406275805
36316,0.9196666666666664,0,1,0,602668,2942,103633,4323,0.027251843343584423,0.5950447350309704
36317,0.9196666666666666,0,2,0,602670,2940,103633,4323,0.027233317277409314,0.5952085914911194
36318,0.9196666666666669,0,1,0,602671,2939,103633,4323,0.027224054244321762,0.5952905535665106
36319,0.9197142857142856,1,0,1,602671,2939,103634,4322,0.027224054244321762,0.5952348161410274
36320,0.9197619047619048,1,0,1,602671,2939,103635,4321,0.027224054244321762,0.5951790633608816
36321,0.9198333333333332,0,1,0,602672,2938,103635,4321,0.027214791211234206,0.5952610552417689
36322,0.9198571428571428,0,1,0,602673,2937,103635,4321,0.027205528178146653,0.5953430697161752
36323,0.9198809523809522,0,1,0,602674,2936,103635,4321,0.027196265145059097,0.5954251067934409
36324,0.9198809523809524,0,1,0,602675,2935,103635,4321,0.027187002111971545,0.5955071664829107
36325,0.9199523809523809,1,0,1,602675,2935,103636,4320,0.027187002111971545,0.5954514128187457
36326,0.9199761904761904,1,0,1,602675,2935,103637,4319,0.027187002111971545,0.5953956437827406
36327,0.92,554,356,554,603031,2579,104191,3765,0.023889362332802252,0.5934741488020177
36328,0.9200000000000002,0,1,0,603032,2578,104191,3765,0.0238800992997147,0.593567712438909
36329,0.9201190476190476,1,0,1,603032,2578,104192,3764,0.0238800992997147,0.5935036266162094
36330,0.9201666666666668,0,1,0,603033,2577,104192,3764,0.023870836266627143,0.5935972244125532
36331,0.9204166666666664,1,1,1,603034,2576,104193,3763,0.02386157323353959,0.5936267550086765
36332,0.9205,1,0,1,603034,2576,104194,3762,0.02386157323353959,0.5935626380561692
36333,0.9205238095238096,0,1,0,603035,2575,104194,3762,0.023852310200452035,0.5936563042449109
36334,0.9206666666666664,1,0,1,603035,2575,104195,3761,0.023852310200452035,0.5935921717171717
36335,0.9206666666666666,1,4,1,603039,2571,104196,3760,0.023815258068101818,0.5939030169009635
36336,0.9206666666666669,2,1,2,603040,2570,104198,3758,0.023805995035014266,0.5938685208596713
36337,0.9207142857142856,0,1,0,603041,2569,104198,3758,0.02379673200192671,0.5939623834360677
36338,0.9208333333333332,0,2,0,603043,2567,104198,3758,0.0237782059357516,0.5941501976284584
36339,0.9208333333333334,4,5,4,603048,2562,104202,3754,0.023731890770313832,0.5943635212159595
36340,0.9208571428571428,0,1,0,603049,2561,104202,3754,0.023722627737226276,0.5944576405384007
36341,0.9209246031746032,0,2,0,603051,2559,104202,3754,0.023704101671051168,0.5946459686361476
36342,0.921,3,9,3,603060,2550,104205,3751,0.02362073437326318,0.5953023329630217
36343,0.921047619047619,0,1,0,603061,2549,104205,3751,0.023611471340175626,0.5953968253968254
36344,0.9210833333333334,0,1,0,603062,2548,104205,3751,0.023602208307088073,0.5954913478329894
36345,0.9210873015873016,1,1,1,603063,2547,104206,3750,0.023592945274000517,0.5955216769890423
36346,0.9213333333333332,2,0,2,603063,2547,104208,3748,0.023592945274000517,0.5953931691818903
36347,0.921357142857143,0,1,0,603064,2546,104208,3748,0.023583682240912965,0.5954877661264697
36348,0.9214603174603174,2,0,2,603064,2546,104210,3746,0.023583682240912965,0.5953591862682772
36349,0.9215,0,1,0,603065,2545,104210,3746,0.02357441920782541,0.5954538229216341
36350,0.9216666666666664,4,9,4,603074,2536,104214,3742,0.023491051910037423,0.5960496973558458
36351,0.9216666666666667,8,6,8,603080,2530,104222,3734,0.023435473711512098,0.5961047254150702
36352,0.9217142857142858,0,2,0,603082,2528,104222,3734,0.02341694764533699,0.596295113382306
36353,0.9217326839826838,1,0,1,603082,2528,104223,3733,0.02341694764533699,0.5962306340840121
36354,0.9218333333333332,0,1,0,603083,2527,104223,3733,0.023407684612249433,0.5963258785942492
36355,0.9218333333333334,0,1,0,603084,2526,104223,3733,0.02339842157916188,0.596421153538904
36356,0.921952380952381,0,1,0,603085,2525,104223,3733,0.02338915854607433,0.5965164589325663
36357,0.922,2,2,2,603087,2523,104225,3731,0.02337063247989922,0.5965781899584266
36358,0.922142857142857,1,0,1,603087,2523,104226,3730,0.02337063247989922,0.5965136734367503
36359,0.9221428571428572,1,0,1,603087,2523,104227,3729,0.02337063247989922,0.5964491362763915
36360,0.9223333333333332,0,1,0,603088,2522,104227,3729,0.023361369446811664,0.5965445528715405
36361,0.9223809523809524,0,1,0,603089,2521,104227,3729,0.02335210641372411,0.59664
36362,0.9225,14,18,14,603107,2503,104241,3715,0.023185371818148136,0.5974589900289482
36363,0.9226190476190478,1,1,1,603108,2502,104242,3714,0.02317610878506058,0.5974903474903475
36364,0.9226666666666666,0,1,0,603109,2501,104242,3714,0.023166845751973027,0.597586484312148
36365,0.9228333333333332,1,2,1,603111,2499,104243,3713,0.02314831968579792,0.5977141017385705
36366,0.9228571428571428,0,1,0,603112,2498,104243,3713,0.023139056652710363,0.5978103364997585
36367,0.9229880952380952,0,2,0,603114,2496,104243,3713,0.023120530586535255,0.5980028990175552
36368,0.9229999999999998,1,0,1,603114,2496,104244,3712,0.023120530586535255,0.5979381443298969
36369,0.923,2,2,2,603116,2494,104246,3710,0.023102004520360146,0.5980012894906512
36370,0.9230000000000002,1,0,1,603116,2494,104247,3709,0.023102004520360146,0.5979364823472513
36371,0.923142857142857,1,0,1,603116,2494,104248,3708,0.023102004520360146,0.5978716543050628
36372,0.9231666666666666,1,2,1,603118,2492,104249,3707,0.023083478454185038,0.5979996773673173
36373,0.9231666666666668,1,0,1,603118,2492,104250,3706,0.023083478454185038,0.5979348176831236
36374,0.9232142857142857,0,1,0,603119,2491,104250,3706,0.023074215421097485,0.5980313054703889
36375,0.923261904761905,0,1,0,603120,2490,104250,3706,0.02306495238800993,0.5981278244028405
36376,0.9233333333333332,16,13,16,603133,2477,104266,3690,0.022944532957871727,0.5983460353494405
36377,0.9233333333333336,23,11,23,603144,2466,104289,3667,0.02284263959390863,0.5979129300505462
36378,0.9234999999999998,0,1,0,603145,2465,104289,3667,0.022833376560821076,0.5980104370515329
36379,0.9235,1,1,1,603146,2464,104290,3666,0.02282411352773352,0.5980424143556281
36380,0.9235341880341876,1,2,1,603148,2462,104291,3665,0.02280558746155841,0.598172025461074
36381,0.9235714285714286,1,0,1,603148,2462,104292,3664,0.02280558746155841,0.5981064316030036
36382,0.9236111111111112,0,1,0,603149,2461,104292,3664,0.02279632442847086,0.598204081632653
36383,0.9236666666666666,0,1,0,603150,2460,104292,3664,0.022787061395383303,0.5983017635532332
36384,0.9236666666666667,0,4,0,603154,2456,104292,3664,0.022750009263033086,0.5986928104575163
36385,0.9237294372294372,0,1,0,603155,2455,104292,3664,0.022740746229945534,0.5987906520673313
36386,0.92375,1,0,1,603155,2455,104293,3663,0.022740746229945534,0.5987250735534488
36387,0.923809523809524,0,1,0,603156,2454,104293,3663,0.022731483196857978,0.5988229524276606
36388,0.9238333333333332,1,3,1,603159,2451,104294,3662,0.022703694097595317,0.5990512023556356
36389,0.9238809523809524,1,0,1,603159,2451,104295,3661,0.022703694097595317,0.5989856020942408
36390,0.9238928571428572,0,1,0,603160,2450,104295,3661,0.02269443106450776,0.5990836197021764
36391,0.9239166666666668,0,1,0,603161,2449,104295,3661,0.02268516803142021,0.5991816693944354
36392,0.9239761904761902,1,2,1,603163,2447,104296,3660,0.0226666419652451,0.5993122646143769
36393,0.924,2,5,2,603168,2442,104298,3658,0.022620326799807328,0.599672131147541
36394,0.9241666666666666,0,1,0,603169,2441,104298,3658,0.022611063766719775,0.5997704541728153
36395,0.9241666666666668,3,8,3,603177,2433,104301,3655,0.02253695950201934,0.6003613666228647
36396,0.9242857142857144,0,1,0,603178,2432,104301,3655,0.022527696468931786,0.6004599967143092
36397,0.9243333333333332,4,2,4,603180,2430,104305,3651,0.022509170402756677,0.600394671928959
36398,0.9245714285714286,1,0,1,603180,2430,104306,3650,0.022509170402756677,0.600328947368421
36399,0.9246428571428572,1,0,1,603180,2430,104307,3649,0.022509170402756677,0.6002632011844053
36400,0.924647435897436,0,1,0,603181,2429,104307,3649,0.022499907369669125,0.6003619611714379
36401,0.9246666666666666,2,0,2,603181,2429,104309,3647,0.022499907369669125,0.6002304147465438
36402,0.9247380952380952,0,1,0,603182,2428,104309,3647,0.02249064433658157,0.6003292181069959
36403,0.9248333333333334,0,1,0,603183,2427,104309,3647,0.022481381303494016,0.6004280540006586
36404,0.9248809523809522,1,0,1,603183,2427,104310,3646,0.022481381303494016,0.600362259179977
36405,0.9248809523809524,2,0,2,603183,2427,104312,3644,0.022481381303494016,0.6002306045132597
36406,0.925,67,58,67,603241,2369,104379,3577,0.021944125384415872,0.6015808947191389
36407,0.9250476190476192,0,1,0,603242,2368,104379,3577,0.02193486235132832,0.601682085786375
36408,0.9251904761904762,0,2,0,603244,2366,104379,3577,0.02191633628515321,0.6018845700824499
36409,0.925309523809524,1,0,1,603244,2366,104380,3576,0.02191633628515321,0.6018175698418041
36410,0.9253333333333332,0,2,0,603246,2364,104380,3576,0.021897810218978103,0.602020202020202
36411,0.9253809523809524,1,0,1,603246,2364,104381,3575,0.021897810218978103,0.6019531907728574
36412,0.9254166666666668,1,0,1,603246,2364,104382,3574,0.021897810218978103,0.6018861569552038
36413,0.925439393939394,0,1,0,603247,2363,104382,3574,0.021888547185890547,0.6019875357924878
36414,0.9255,3,3,3,603250,2360,104385,3571,0.021860758086627886,0.6020907098297084
36415,0.9255238095238094,0,1,0,603251,2359,104385,3571,0.02185149505354033,0.6021922428330523
36416,0.9255476190476192,0,3,0,603254,2356,104385,3571,0.02182370595427767,0.6024970474101569
36417,0.9256666666666666,1,1,1,603255,2355,104386,3570,0.021814442921190114,0.6025316455696202
36418,0.9257142857142856,1,0,1,603255,2355,104387,3569,0.021814442921190114,0.6024645509790681
36419,0.9257500000000002,0,2,0,603257,2353,104387,3569,0.021795916855015005,0.6026680175616346
36420,0.9258333333333332,2,2,2,603259,2351,104389,3567,0.021777390788839897,0.6027374112875972
36421,0.9258333333333334,1,0,1,603259,2351,104390,3566,0.021777390788839897,0.6026702720973466
36422,0.9259761904761904,0,1,0,603260,2350,104390,3566,0.021768127755752344,0.6027721433400947
36423,0.926,7,8,7,603268,2342,104397,3559,0.02169402349105191,0.6031181155736316
36424,0.926142857142857,0,1,0,603269,2341,104397,3559,0.021684760457964355,0.6032203389830508
36425,0.9261666666666666,1,0,1,603269,2341,104398,3558,0.021684760457964355,0.6031530767926767
36426,0.9262738095238098,1,1,1,603270,2340,104399,3557,0.021675497424876802,0.6031880617263015
36427,0.9263095238095236,0,1,0,603271,2339,104399,3557,0.021666234391789246,0.6032903663500678
36428,0.9265,0,1,0,603272,2338,104399,3557,0.021656971358701694,0.603392705682782
36429,0.926547619047619,0,1,0,603273,2337,104399,3557,0.021647708325614138,0.6034950797421106
36430,0.9266666666666664,14,15,14,603288,2322,104413,3543,0.021508762829300827,0.6040920716112532
36431,0.9266666666666667,17,13,17,603301,2309,104430,3526,0.02138834339916262,0.6042844901456726
36432,0.9267413419913418,1,0,1,603301,2309,104431,3525,0.02138834339916262,0.604216660953034
36433,0.9267619047619048,0,2,0,603303,2307,104431,3525,0.021369817332987512,0.6044238683127572
36434,0.9268095238095236,1,0,1,603303,2307,104432,3524,0.021369817332987512,0.6043560281255359
36435,0.9268333333333332,1,0,1,603303,2307,104433,3523,0.021369817332987512,0.6042881646655232
36436,0.9268333333333334,0,1,0,603304,2306,104433,3523,0.02136055429989996,0.6043918339337794
36437,0.927,4,3,4,603307,2303,104437,3519,0.021332765200637295,0.6044314668498798
36438,0.9271428571428572,0,1,0,603308,2302,104437,3519,0.021323502167549743,0.6045353032125065
36439,0.9271666666666668,2,1,2,603309,2301,104439,3517,0.021314239134462187,0.6045032657270539
36440,0.9272380952380952,0,1,0,603310,2300,104439,3517,0.021304976101374634,0.6046071858346227
36441,0.92725,1,0,1,603310,2300,104440,3516,0.021304976101374634,0.6045392022008254
36442,0.9273333333333332,1,2,1,603312,2298,104441,3515,0.021286450035199526,0.6046791673834508
36443,0.9275,17,15,17,603327,2283,104458,3498,0.021147504538886214,0.6050856253243383
36444,0.9275476190476192,1,0,1,603327,2283,104459,3497,0.021147504538886214,0.6050173010380623
36445,0.927556966726084,1,0,1,603327,2283,104460,3496,0.021147504538886214,0.6049489531060737
36446,0.9276190476190476,1,0,1,603327,2283,104461,3495,0.021147504538886214,0.6048805815160956
36447,0.9277380952380953,0,1,0,603328,2282,104461,3495,0.02113824150579866,0.6049852864808725
36448,0.9277857142857142,0,1,0,603329,2281,104461,3495,0.021128978472711106,0.605090027700831
36449,0.9278015873015872,0,1,0,603330,2280,104461,3495,0.02111971543962355,0.6051948051948052
36450,0.9278809523809524,0,1,0,603331,2279,104461,3495,0.021110452406535998,0.6052996189816419
36451,0.9279047619047618,0,1,0,603332,2278,104461,3495,0.02110118937344844,0.605404469080201
36452,0.928,4,10,4,603342,2268,104465,3491,0.0210085590425729,0.6061816287549922
36453,0.9280238095238096,0,1,0,603343,2267,104465,3491,0.020999296009485347,0.6062869051754082
36454,0.9280897435897436,0,1,0,603344,2266,104465,3491,0.02099003297639779,0.6063922181691853
36455,0.928190476190476,0,1,0,603345,2265,104465,3491,0.02098076994331024,0.6064975677553857
36456,0.9282103174603172,0,1,0,603346,2264,104465,3491,0.020971506910222683,0.6066029539530843
36457,0.9282380952380952,0,1,0,603347,2263,104465,3491,0.02096224387713513,0.6067083767813695
36458,0.928277777777778,1,0,1,603347,2263,104466,3490,0.02096224387713513,0.6066400139057883
36459,0.9283333333333332,3,5,3,603352,2258,104469,3487,0.020915928711697358,0.6069625761531767
36460,0.9283333333333336,1,4,1,603356,2254,104470,3486,0.02087887657934714,0.6073170731707317
36461,0.9285,2,2,2,603358,2252,104472,3484,0.020860350513172032,0.6073919107391911
36462,0.9285714285714286,0,1,0,603359,2251,104472,3484,0.02085108748008448,0.6074978204010462
36463,0.9285833333333332,0,1,0,603360,2250,104472,3484,0.020841824446996924,0.6076037670038368
36464,0.9286111111111112,0,1,0,603361,2249,104472,3484,0.02083256141390937,0.6077097505668935
36465,0.9288333333333332,1,0,1,603361,2249,104473,3483,0.02083256141390937,0.6076413119330076
36466,0.9288333333333334,1,0,1,603361,2249,104474,3482,0.02083256141390937,0.6075728494154597
36467,0.9288373015873016,1,0,1,603361,2249,104475,3481,0.02083256141390937,0.6075043630017452
36468,0.9289285714285714,1,0,1,603361,2249,104476,3480,0.02083256141390937,0.6074358526793506
36469,0.9289761904761904,0,1,0,603362,2248,104476,3480,0.020823298380821816,0.6075418994413407
36470,0.929,2,0,2,603362,2248,104478,3478,0.020823298380821816,0.6074048201187565
36471,0.9290476190476188,1,0,1,603362,2248,104479,3477,0.020823298380821816,0.6073362445414847
36472,0.9291666666666666,2,1,2,603363,2247,104481,3475,0.020814035347734263,0.6073051380636141
36473,0.9291666666666668,3,2,3,603365,2245,104484,3472,0.020795509281559155,0.6073115270246633
36474,0.9293333333333332,0,2,0,603367,2243,104484,3472,0.020776983215384046,0.6075240594925634
36475,0.9294292096792094,3,1,3,603368,2242,104487,3469,0.02076772018229649,0.607424268954649
36476,0.9295454545454546,1,0,1,603368,2242,104488,3468,0.02076772018229649,0.6073555166374781
36477,0.9296666666666666,1,1,1,603369,2241,104489,3467,0.020758457149208938,0.6073931324456903
36478,0.9297619047619048,1,0,1,603369,2241,104490,3466,0.020758457149208938,0.6073243385316278
36479,0.9298596681096682,0,2,0,603371,2239,104490,3466,0.02073993108303383,0.6075372480280455
36480,0.9298809523809524,1,3,1,603374,2236,104491,3465,0.020712141983771165,0.6077881073495878
36481,0.93,435,344,435,603718,1892,104926,3030,0.017525658601652526,0.6156034132466477
36482,0.9300000000000002,1,0,1,603718,1892,104927,3029,0.017525658601652526,0.615525299735826
36483,0.9302261904761904,0,1,0,603719,1891,104927,3029,0.01751639556856497,0.615650406504065
36484,0.9302380952380952,0,1,0,603720,1890,104927,3029,0.017507132535477418,0.6157755641390527
36485,0.9302857142857144,0,1,0,603721,1889,104927,3029,0.01749786950238986,0.6159007726718179
36486,0.9303333333333332,1,0,1,603721,1889,104928,3028,0.01749786950238986,0.6158226560911124
36487,0.9304761904761903,0,1,0,603722,1888,104928,3028,0.01748860646930231,0.6159479251423922
36488,0.9304841269841267,0,1,0,603723,1887,104928,3028,0.017479343436214753,0.6160732451678536
36489,0.9305,0,2,0,603725,1885,104928,3028,0.017460817370039645,0.6163240382658254
36490,0.9306666666666666,1,0,1,603725,1885,104929,3027,0.017460817370039645,0.6162459283387622
36491,0.9307142857142856,1,0,1,603725,1885,104930,3026,0.017460817370039645,0.6161677866015068
36492,0.9308333333333332,7,4,7,603729,1881,104937,3019,0.017423765237689428,0.6161224489795918
36493,0.9308571428571428,0,1,0,603730,1880,104937,3019,0.017414502204601875,0.6162482139212084
36494,0.9309166666666668,0,1,0,603731,1879,104937,3019,0.01740523917151432,0.6163740302164149
36495,0.931,2,4,2,603735,1875,104939,3017,0.017368187039164103,0.616721177432543
36496,0.931095238095238,1,0,1,603735,1875,104940,3016,0.017368187039164103,0.6166428133306072
36497,0.9311071428571428,0,1,0,603736,1874,104940,3016,0.01735892400607655,0.6167689161554192
36498,0.931190476190476,1,0,1,603736,1874,104941,3015,0.01735892400607655,0.6166905297606873
36499,0.9314285714285714,1,0,1,603736,1874,104942,3014,0.01735892400607655,0.6166121112929623
36500,0.9314761904761903,1,1,1,603737,1873,104943,3013,0.017349660972988994,0.6166598444535407
36501,0.9315,0,1,0,603738,1872,104943,3013,0.017340397939901442,0.6167860798362333
36502,0.9316666666666664,5,3,5,603741,1869,104948,3008,0.017312608840638778,0.6167726061103137
36503,0.9316666666666668,6,5,6,603746,1864,104954,3002,0.017266293675201008,0.6169338265515824
36504,0.9316738816738817,0,1,0,603747,1863,104954,3002,0.017257030642113452,0.6170606372045221
36505,0.9317579365079364,0,2,0,603749,1861,104954,3002,0.017238504575938344,0.617314414970183
36506,0.9318333333333332,0,1,0,603750,1860,104954,3002,0.01722924154285079,0.6174413821472645
36507,0.9319047619047618,0,1,0,603751,1859,104954,3002,0.017219978509763235,0.6175684015634643
36508,0.931904761904762,0,2,0,603753,1857,104954,3002,0.017201452443588127,0.6178225972422309
36509,0.9319285714285712,2,0,2,603753,1857,104956,3000,0.017201452443588127,0.6176652254478073
36510,0.931940476190476,0,1,0,603754,1856,104956,3000,0.017192189410500575,0.6177924217462932
36511,0.932,5,4,5,603758,1852,104961,2995,0.017155137278150358,0.6179079843201981
36512,0.932142857142857,0,1,0,603759,1851,104961,2995,0.017145874245062802,0.61803549319026
36513,0.9323809523809524,2,0,2,603759,1851,104963,2993,0.017145874245062802,0.6178777869529315
36514,0.9325,15,6,15,603765,1845,104978,2978,0.017090296046537477,0.6174580136844288
36515,0.932595238095238,1,0,1,603765,1845,104979,2977,0.017090296046537477,0.6173786810452094
36516,0.9326666666666664,0,1,0,603766,1844,104979,2977,0.017081033013449924,0.617506741339971
36517,0.9326666666666666,0,1,0,603767,1843,104979,2977,0.017071769980362368,0.6176348547717843
36518,0.9326666666666668,1,1,1,603768,1842,104980,2976,0.017062506947274816,0.6176836861768369
36519,0.9326785714285714,0,1,0,603769,1841,104980,2976,0.01705324391418726,0.6178119161303716
36520,0.9327142857142856,0,3,0,603772,1838,104980,2976,0.0170254548149246,0.6181969256335688
36521,0.9327380952380953,0,2,0,603774,1836,104980,2976,0.01700692874874949,0.6184538653366584
36522,0.932765873015873,0,1,0,603775,1835,104980,2976,0.016997665715661938,0.6185824152982747
36523,0.9329166666666668,1,1,1,603776,1834,104981,2975,0.016988402682574382,0.61863173216885
36524,0.933,1,1,1,603777,1833,104982,2974,0.01697913964948683,0.618681090076971
36525,0.933142857142857,1,0,1,603777,1833,104983,2973,0.01697913964948683,0.6186017478152309
36526,0.93325,0,1,0,603778,1832,104983,2973,0.016969876616399274,0.6187304890738814
36527,0.9333333333333332,13,8,13,603786,1824,104996,2960,0.01689577235169884,0.6187290969899666
36528,0.9333333333333336,11,11,11,603797,1813,105007,2949,0.016793878987735746,0.619277614447711
36529,0.9334166666666666,1,1,1,603798,1812,105008,2948,0.01678461595464819,0.619327731092437
36530,0.9334761904761903,1,0,1,603798,1812,105009,2947,0.01678461595464819,0.6192477411220845
36531,0.9335,1,3,1,603801,1809,105010,2946,0.01675682685538553,0.6195583596214511
36532,0.9338333333333332,1,0,1,603801,1809,105011,2945,0.01675682685538553,0.6194783340344973
36533,0.934,3,4,3,603805,1805,105014,2942,0.016719774723035312,0.6197598483252581
36534,0.9341428571428568,0,1,0,603806,1804,105014,2942,0.016710511689947756,0.6198904340497261
36535,0.9341666666666666,1,3,1,603809,1801,105015,2941,0.016682722590685095,0.6202024462252215
36536,0.9341666666666668,4,0,4,603809,1801,105019,2937,0.016682722590685095,0.6198818066694808
36537,0.934222222222222,1,1,1,603810,1800,105020,2936,0.01667345955759754,0.6199324324324325
36538,0.9342486541236538,3,1,3,603811,1799,105023,2933,0.016664196524509987,0.6198224852071006
36539,0.93425,1,0,1,603811,1799,105024,2932,0.016664196524509987,0.6197421264003382
36540,0.9343333333333332,1,0,1,603811,1799,105025,2931,0.016664196524509987,0.619661733615222
36541,0.9345833333333332,0,1,0,603812,1798,105025,2931,0.01665493349142243,0.6197927680270671
36542,0.9345833333333334,1,0,1,603812,1798,105026,2930,0.01665493349142243,0.6197123519458545
36543,0.9346666666666664,1,1,1,603813,1797,105027,2929,0.01664567045833488,0.6197630131189167
36544,0.9346666666666666,1,0,1,603813,1797,105028,2928,0.01664567045833488,0.6196825396825397
36545,0.934722222222222,1,0,1,603813,1797,105029,2927,0.01664567045833488,0.619602032176122
36546,0.9348333333333332,1,1,1,603814,1796,105030,2926,0.016636407425247322,0.6196526895383312
36547,0.9349523809523812,1,0,1,603814,1796,105031,2925,0.016636407425247322,0.6195721245498835
36548,0.935,56,41,56,603855,1755,105087,2869,0.0162566230686576,0.6204584775086506
36549,0.9350000000000002,1,0,1,603855,1755,105088,2868,0.0162566230686576,0.6203763789746918
36550,0.9350714285714288,0,1,0,603856,1754,105088,2868,0.016247360035570046,0.6205106014712246
36551,0.9351666666666668,0,2,0,603858,1752,105088,2868,0.016228833969394937,0.6207792207792208
36552,0.9352380952380952,0,1,0,603859,1751,105088,2868,0.016219570936307385,0.6209136176661615
36553,0.9353333333333332,1,3,1,603862,1748,105089,2867,0.01619178183704472,0.6212351029252438
36554,0.93542784992785,0,1,0,603863,1747,105089,2867,0.016182518803957168,0.6213697442566103
36555,0.9355555555555556,1,0,1,603863,1747,105090,2866,0.016182518803957168,0.6212876652937351
36556,0.9355714285714284,0,2,0,603865,1745,105090,2866,0.01616399273778206,0.6215571459553242
36557,0.935595238095238,2,0,2,603865,1745,105092,2864,0.01616399273778206,0.6213929268821871
36558,0.9357142857142856,0,1,0,603866,1744,105092,2864,0.016154729704694504,0.6215277777777778
36559,0.9357777777777776,2,2,2,603868,1742,105094,2862,0.016136203638519395,0.6216333622936577
36560,0.9358333333333332,0,2,0,603870,1740,105094,2862,0.016117677572344287,0.621903520208605
36561,0.9358333333333334,1,0,1,603870,1740,105095,2861,0.016117677572344287,0.6218213431862638
36562,0.936,3,10,3,603880,1730,105098,2858,0.016025047241468745,0.6229293809938972
36563,0.9360119047619048,0,1,0,603881,1729,105098,2858,0.016015784208381192,0.6230651842162633
36564,0.9360476190476188,1,1,1,603882,1728,105099,2857,0.016006521175293636,0.6231188658669574
36565,0.9361111111111112,2,0,2,603882,1728,105101,2855,0.016006521175293636,0.6229543966833951
36566,0.9361190476190476,0,1,0,603883,1727,105101,2855,0.015997258142206084,0.6230903535573985
36567,0.9361309523809522,1,0,1,603883,1727,105102,2854,0.015997258142206084,0.6230080768391181
36568,0.9361904761904762,1,0,1,603883,1727,105103,2853,0.015997258142206084,0.6229257641921397
36569,0.9361984126984126,0,1,0,603884,1726,105103,2853,0.015987995109118528,0.6230618038873117
36570,0.936222222222222,0,1,0,603885,1725,105103,2853,0.015978732076030976,0.6231979030144168
36571,0.9362222222222222,0,2,0,603887,1723,105103,2853,0.015960206009855867,0.6234702797202797
36572,0.93625,0,1,0,603888,1722,105103,2853,0.015950942976768315,0.6236065573770492
36573,0.9363809523809522,0,1,0,603889,1721,105103,2853,0.01594167994368076,0.6237428946217752
36574,0.9364047619047616,0,1,0,603890,1720,105103,2853,0.015932416910593206,0.623879291493549
36575,0.9365,1,0,1,603890,1720,105104,2852,0.015932416910593206,0.6237970253718286
36576,0.9366666666666664,17,9,17,603899,1711,105121,2835,0.015849049612805217,0.6236251649802024
36577,0.9366666666666668,15,15,15,603914,1696,105136,2820,0.015710104116491905,0.6244464127546502
36578,0.9368333333333332,1,2,1,603916,1694,105137,2819,0.015691578050316797,0.6246399290937292
36579,0.937,0,2,0,603918,1692,105137,2819,0.01567305198414169,0.6249168698736423
36580,0.9370833333333334,0,1,0,603919,1691,105137,2819,0.015663788951054133,0.6250554323725055
36581,0.9371428571428572,1,0,1,603919,1691,105138,2818,0.015663788951054133,0.6249722776668885
36582,0.9371666666666668,2,1,2,603920,1690,105140,2816,0.01565452591796658,0.6249445184198846
36583,0.9372142857142858,1,0,1,603920,1690,105141,2815,0.01565452591796658,0.6248612652608213
36584,0.9373495801584032,1,1,1,603921,1689,105142,2814,0.015645262884879024,0.6249167221852099
36585,0.9373809523809524,0,1,0,603922,1688,105142,2814,0.015635999851791472,0.6250555308751666
36586,0.9373888888888888,1,0,1,603922,1688,105143,2813,0.015635999851791472,0.6249722283936903
36587,0.9375,18,12,18,603934,1676,105161,2795,0.01552484345474082,0.6251397897562067
36588,0.9376666666666666,0,1,0,603935,1675,105161,2795,0.015515580421653265,0.6252796420581656
36589,0.9378095238095238,0,1,0,603936,1674,105161,2795,0.015506317388565711,0.6254195569478631
36590,0.9379166666666668,0,1,0,603937,1673,105161,2795,0.015497054355478157,0.6255595344673232
36591,0.938,9,4,9,603941,1669,105170,2786,0.01546000222312794,0.625364758698092
36592,0.9380238095238096,1,1,1,603942,1668,105171,2785,0.015450739190040386,0.6254210644509319
36593,0.9383333333333332,1,4,1,603946,1664,105172,2784,0.015413687057690171,0.6258992805755396
36594,0.9383333333333336,4,3,4,603949,1661,105176,2780,0.015385897958427508,0.6259851384823238
36595,0.9385,3,0,3,603949,1661,105179,2777,0.015385897958427508,0.6257323118521857
36596,0.9385425685425683,1,4,1,603953,1657,105180,2776,0.015348845826077291,0.6262124971802391
36597,0.9385714285714286,0,1,0,603954,1656,105180,2776,0.015339582792989737,0.6263537906137184
36598,0.9385833333333332,0,2,0,603956,1654,105180,2776,0.015321056726814629,0.6266365688487585
36599,0.938690476190476,0,1,0,603957,1653,105180,2776,0.015311793693727075,0.6267780537367351
36600,0.9387380952380951,1,1,1,603958,1652,105181,2775,0.01530253066063952,0.6268353286650101
36601,0.93875,1,1,1,603959,1651,105182,2774,0.015293267627551966,0.6268926553672316
36602,0.9387777777777778,0,1,0,603960,1650,105182,2774,0.015284004594464412,0.6270343580470162
36603,0.939,1,2,1,603962,1648,105183,2773,0.015265478528289304,0.6272336575435422
36604,0.9390714285714286,1,1,1,603963,1647,105184,2772,0.01525621549520175,0.6272912423625254
36605,0.9391666666666666,0,1,0,603964,1646,105184,2772,0.015246952462114195,0.6274332277048438
36606,0.9391666666666668,1,1,1,603965,1645,105185,2771,0.015237689429026641,0.6274909420289855
36607,0.939253968253968,1,0,1,603965,1645,105186,2770,0.015237689429026641,0.6274065685164213
36608,0.9393253968253968,1,0,1,603965,1645,105187,2769,0.015237689429026641,0.6273221567739012
36609,0.9395,0,1,0,603966,1644,105187,2769,0.015228426395939087,0.6274643099932019
36610,0.9399801587301588,0,1,0,603967,1643,105187,2769,0.015219163362851533,0.6276065276518585
36611,0.94,419,288,419,604255,1355,105606,2350,0.012551409833635925,0.6342780026990553
36612,0.9400000000000002,1,0,1,604255,1355,105607,2349,0.012551409833635925,0.6341792656587473
36613,0.9400494227994228,1,1,1,604256,1354,105608,2348,0.012542146800548371,0.6342517558076716
36614,0.9402777777777778,1,0,1,604256,1354,105609,2347,0.012542146800548371,0.6341529316400972
36615,0.9403333333333334,2,1,2,604257,1353,105611,2345,0.012532883767460817,0.6341265548945376
36616,0.940404761904762,0,1,0,604258,1352,105611,2345,0.012523620734373263,0.6342980795239384
36617,0.9406666666666668,1,1,1,604259,1351,105612,2344,0.012514357701285709,0.6343707713125846
36618,0.9407142857142856,1,0,1,604259,1351,105613,2343,0.012514357701285709,0.6342717920952896
36619,0.9408333333333332,2,0,2,604259,1351,105615,2341,0.012514357701285709,0.6340736728060672
36620,0.9408333333333334,3,1,3,604260,1350,105618,2338,0.012505094668198154,0.6339479392624728
36621,0.940952380952381,0,2,0,604262,1348,105618,2338,0.012486568602023046,0.6342919153553989
36622,0.9409999999999998,1,0,1,604262,1348,105619,2337,0.012486568602023046,0.6341926729986431
36623,0.941,1,2,1,604264,1346,105620,2336,0.012468042535847938,0.6344378055404671
36624,0.9411031746031744,1,0,1,604264,1346,105621,2335,0.012468042535847938,0.6343384949741918
36625,0.941111111111111,0,1,0,604265,1345,105621,2335,0.012458779502760383,0.6345108695652174
36626,0.9412222222222222,0,1,0,604266,1344,105621,2335,0.01244951646967283,0.6346833378635499
36627,0.9413095238095238,1,0,1,604266,1344,105622,2334,0.01244951646967283,0.634584013050571
36628,0.9413333333333332,1,0,1,604266,1344,105623,2333,0.01244951646967283,0.6344846342126734
36629,0.9413571428571428,0,1,0,604267,1343,105623,2333,0.012440253436585275,0.6346572361262242
36630,0.9414166666666668,0,1,0,604268,1342,105623,2333,0.01243099040349772,0.6348299319727891
36631,0.9415,1,1,1,604269,1341,105624,2332,0.012421727370410167,0.6349033487612306
36632,0.9416111111111108,0,1,0,604270,1340,105624,2332,0.012412464337322612,0.6350762527233116
36633,0.9416666666666664,1,0,1,604270,1340,105625,2331,0.012412464337322612,0.6349768455461727
36634,0.9416666666666668,3,1,3,604271,1339,105628,2328,0.012403201304235058,0.634851377147532
36635,0.9416984126984126,1,1,1,604272,1338,105629,2327,0.012393938271147504,0.634924965893588
36636,0.9418809523809524,1,0,1,604272,1338,105630,2326,0.012393938271147504,0.634825327510917
36637,0.942,6,2,6,604274,1336,105636,2320,0.012375412204972396,0.6345733041575492
36638,0.9420476190476188,1,0,1,604274,1336,105637,2319,0.012375412204972396,0.6344733242134063
36639,0.9420476190476192,0,2,0,604276,1334,105637,2319,0.012356886138797287,0.6348206953189159
36640,0.9422142857142856,1,0,1,604276,1334,105638,2318,0.012356886138797287,0.6347207009857613
36641,0.9422380952380952,0,2,0,604278,1332,105638,2318,0.012338360072622179,0.6350684931506849
36642,0.9423333333333332,1,0,1,604278,1332,105639,2317,0.012338360072622179,0.6349684845163058
36643,0.942468253968254,0,1,0,604279,1331,105639,2317,0.012329097039534625,0.6351425438596491
36644,0.9425,9,13,9,604292,1318,105648,2308,0.012208677609396422,0.6365140650854937
36645,0.9426666666666668,0,1,0,604293,1317,105648,2308,0.012199414576308867,0.6366896551724138
36646,0.9428333333333332,0,1,0,604294,1316,105648,2308,0.012190151543221313,0.6368653421633554
36647,0.9429761904761904,1,0,1,604294,1316,105649,2307,0.012190151543221313,0.6367651117858129
36648,0.943,2,0,2,604294,1316,105651,2305,0.012190151543221313,0.6365644849489092
36649,0.9430833333333332,1,0,1,604294,1316,105652,2304,0.012190151543221313,0.63646408839779
36650,0.9431666666666666,1,0,1,604294,1316,105653,2303,0.012190151543221313,0.6363636363636364
36651,0.9433333333333332,16,11,16,604305,1305,105669,2287,0.012088258179258217,0.6366926503340757
36652,0.9433333333333336,9,8,9,604313,1297,105678,2278,0.012014153914557783,0.6372027972027972
36653,0.9433531746031744,0,1,0,604314,1296,105678,2278,0.012004890881470229,0.6373810856183548
36654,0.9434761904761904,2,0,2,604314,1296,105680,2276,0.012004890881470229,0.6371780515117581
36655,0.9434999999999998,0,2,0,604316,1294,105680,2276,0.01198636481529512,0.6375350140056022
36656,0.9435,0,2,0,604318,1292,105680,2276,0.011967838749120012,0.6378923766816144
36657,0.9435714285714286,1,0,1,604318,1292,105681,2275,0.011967838749120012,0.6377908606672273
36658,0.943626984126984,2,0,2,604318,1292,105683,2273,0.011967838749120012,0.6375876577840113
36659,0.9437142857142856,0,1,0,604319,1291,105683,2273,0.011958575716032458,0.6377665544332211
36660,0.94375,0,1,0,604320,1290,105683,2273,0.011949312682944904,0.6379455515015436
36661,0.9437506105006104,1,0,1,604320,1290,105684,2272,0.011949312682944904,0.6378439079169006
36662,0.9438333333333332,1,1,1,604321,1289,105685,2271,0.01194004964985735,0.6379213483146068
36663,0.943952380952381,0,1,0,604322,1288,105685,2271,0.011930786616769795,0.6381005900533858
36664,0.944,1,5,1,604327,1283,105686,2270,0.011884471451332024,0.6388967070081621
36665,0.944047619047619,1,0,1,604327,1283,105687,2269,0.011884471451332024,0.638795045045045
36666,0.9441031746031746,1,1,1,604328,1282,105688,2268,0.01187520841824447,0.6388732394366197
36667,0.9441666666666668,0,1,0,604329,1281,105688,2268,0.011865945385156916,0.6390532544378699
36668,0.94425,1,2,1,604331,1279,105689,2267,0.011847419318981808,0.6393119007332205
36669,0.9442857142857144,1,0,1,604331,1279,105690,2266,0.011847419318981808,0.6392101551480959
36670,0.9443333333333334,1,1,1,604332,1278,105691,2265,0.011838156285894253,0.6392887383573242
36671,0.9444444444444444,0,2,0,604334,1276,105691,2265,0.011819630219719145,0.639649816436035
36672,0.944722222222222,0,1,0,604335,1275,105691,2265,0.01181036718663159,0.6398305084745762
36673,0.9447222222222222,0,1,0,604336,1274,105691,2265,0.011801104153544037,0.640011302627861
36674,0.94475,0,1,0,604337,1273,105691,2265,0.011791841120456482,0.6401921989824759
36675,0.9447727272727272,0,1,0,604338,1272,105691,2265,0.011782578087368928,0.640373197625106
36676,0.945,61,40,61,604378,1232,105752,2204,0.01141205676386676,0.6414435389988359
36677,0.9451190476190476,1,0,1,604378,1232,105753,2203,0.01141205676386676,0.6413391557496361
36678,0.9453214285714288,0,1,0,604379,1231,105753,2203,0.011402793730779206,0.6415259172976121
36679,0.9453571428571428,1,1,1,604380,1230,105754,2202,0.011393530697691652,0.6416083916083916
36680,0.9453809523809524,0,1,0,604381,1229,105754,2202,0.011384267664604097,0.6417953949285923
36681,0.9456666666666668,1,2,1,604383,1227,105755,2201,0.011365741598428989,0.6420653442240374
36682,0.9457142857142856,1,0,1,604383,1227,105756,2200,0.011365741598428989,0.6419608987452582
36683,0.9458333333333332,2,1,2,604384,1226,105758,2198,0.011356478565341435,0.6419392523364486
36684,0.9459047619047618,1,0,1,604384,1226,105759,2197,0.011356478565341435,0.6418346479696173
36685,0.9459166666666668,1,0,1,604384,1226,105760,2196,0.011356478565341435,0.6417299824663939
36686,0.9459761904761904,1,0,1,604384,1226,105761,2195,0.011356478565341435,0.6416252557731658
36687,0.946,7,7,7,604391,1219,105768,2188,0.011291637333728555,0.6422072204285295
36688,0.9461309523809524,0,1,0,604392,1218,105768,2188,0.011282374300641001,0.6423957721667646
36689,0.9461666666666668,0,1,0,604393,1217,105768,2188,0.011273111267553447,0.6425844346549192
36690,0.9462142857142858,1,0,1,604393,1217,105769,2187,0.011273111267553447,0.6424794359576969
36691,0.9462380952380952,2,0,2,604393,1217,105771,2185,0.011273111267553447,0.6422692533803644
36692,0.94625,0,2,0,604395,1215,105771,2185,0.011254585201378339,0.6426470588235295
36693,0.9463809523809524,1,1,1,604396,1214,105772,2184,0.011245322168290784,0.6427310182460271
36694,0.9465,1,0,1,604396,1214,105773,2183,0.011245322168290784,0.6426258463350015
36695,0.9466666666666664,8,8,8,604404,1206,105781,2175,0.01117121790359035,0.6433007985803016
36696,0.9466666666666668,19,5,19,604409,1201,105800,2156,0.011124902738152581,0.6422400953232053
36697,0.9467142857142856,0,1,0,604410,1200,105800,2156,0.011115639705065027,0.6424314660309892
36698,0.94675,1,1,1,604411,1199,105801,2155,0.011106376671977473,0.6425163983303518
36699,0.9468333333333334,0,1,0,604412,1198,105801,2155,0.011097113638889919,0.642708022666269
36700,0.9469166666666664,0,1,0,604413,1197,105801,2155,0.011087850605802365,0.6428997613365155
36701,0.9469166666666666,0,1,0,604414,1196,105801,2155,0.01107858757271481,0.6430916144434498
36702,0.9469960317460316,0,1,0,604415,1195,105801,2155,0.011069324539627256,0.6432835820895523
36703,0.9469999999999998,0,2,0,604417,1193,105801,2155,0.011050798473452148,0.6436678614097969
36704,0.9471428571428572,0,1,0,604418,1192,105801,2155,0.011041535440364594,0.643860173289513
36705,0.9471666666666664,1,0,1,604418,1192,105802,2154,0.011041535440364594,0.643753735803945
36706,0.9472222222222224,1,1,1,604419,1191,105803,2153,0.01103227240727704,0.6438397129186603
36707,0.9472936507936508,0,1,0,604420,1190,105803,2153,0.011023009374189485,0.6440323063116961
36708,0.9473333333333334,1,1,1,604421,1189,105804,2152,0.011013746341101931,0.6441185273870099
36709,0.9473809523809524,1,0,1,604421,1189,105805,2151,0.011013746341101931,0.6440119760479042
36710,0.9474119769119768,0,1,0,604422,1188,105805,2151,0.011004483308014377,0.6442048517520216
36711,0.9475,11,4,11,604426,1184,105816,2140,0.01096743117566416,0.6438026474127557
36712,0.947555194805195,1,0,1,604426,1184,105817,2139,0.01096743117566416,0.6436954559133313
36713,0.9475873015873016,0,1,0,604427,1183,105817,2139,0.010958168142576606,0.643889223359422
36714,0.9476666666666664,1,0,1,604427,1183,105818,2138,0.010958168142576606,0.6437819933754894
36715,0.9478095238095235,2,0,2,604427,1183,105820,2136,0.010958168142576606,0.6435673395601085
36716,0.9479166666666669,1,1,1,604428,1182,105821,2135,0.010948905109489052,0.6436539041302382
36717,0.948,7,8,7,604436,1174,105828,2128,0.010874800844788618,0.6444579043004239
36718,0.9481666666666666,0,1,0,604437,1173,105828,2128,0.010865537811701064,0.6446531354135111
36719,0.9483333333333333,2,1,2,604438,1172,105830,2126,0.01085627477861351,0.6446331109763493
36720,0.9483333333333336,4,5,4,604443,1167,105834,2122,0.010809959613175739,0.6451809060504713
36721,0.9483571428571428,0,1,0,604444,1166,105834,2122,0.010800696580088184,0.6453771289537713
36722,0.9485,0,1,0,604445,1165,105834,2122,0.01079143354700063,0.6455734712503803
36723,0.9485714285714284,0,2,0,604447,1163,105834,2122,0.010772907480825522,0.6459665144596651
36724,0.9485714285714286,1,0,1,604447,1163,105835,2121,0.010772907480825522,0.6458587088915956
36725,0.9486132756132756,0,1,0,604448,1162,105835,2121,0.010763644447737968,0.6460554371002132
36726,0.9486428571428572,0,1,0,604449,1161,105835,2121,0.010754381414650413,0.6462522851919561
36727,0.9486666666666668,0,1,0,604450,1160,105835,2121,0.010745118381562859,0.6464492532764401
36728,0.9488412698412696,1,0,1,604450,1160,105836,2120,0.010745118381562859,0.6463414634146342
36729,0.949,1,0,1,604450,1160,105837,2119,0.010745118381562859,0.6462336078072584
36730,0.9491666666666666,2,2,2,604452,1158,105839,2117,0.01072659231538775,0.646412213740458
36731,0.9491666666666668,0,2,0,604454,1156,105839,2117,0.010708066249212642,0.6468072105102353
36732,0.9493333333333334,0,2,0,604456,1154,105839,2117,0.010689540183037534,0.6472026903087741
36733,0.949376984126984,0,2,0,604458,1152,105839,2117,0.010671014116862425,0.6475986540226369
36734,0.9495,1,1,1,604459,1151,105840,2116,0.010661751083774871,0.6476890113253749
36735,0.9496666666666664,0,1,0,604460,1150,105840,2116,0.010652488050687317,0.647887323943662
36736,0.9496969696969696,0,2,0,604462,1148,105840,2116,0.010633961984512209,0.6482843137254902
36737,0.9498333333333332,0,2,0,604464,1146,105840,2116,0.0106154359183371,0.6486817903126916
36738,0.95,372,216,372,604680,930,106212,1744,0.008614620771425396,0.6522064323111444
36739,0.9501428571428572,1,0,1,604680,930,106213,1743,0.008614620771425396,0.6520763187429854
36740,0.9504761904761904,0,1,0,604681,929,106213,1743,0.008605357738337841,0.6523203592814372
36741,0.9505,0,1,0,604682,928,106213,1743,0.008596094705250287,0.6525645825533508
36742,0.9505555555555556,1,0,1,604682,928,106214,1742,0.008596094705250287,0.652434456928839
36743,0.9506666666666668,1,0,1,604682,928,106215,1741,0.008596094705250287,0.652304233795429
36744,0.9508333333333332,1,2,1,604684,926,106216,1740,0.008577568639075179,0.6526631657914479
36745,0.9508333333333334,1,1,1,604685,925,106217,1739,0.008568305605987625,0.6527777777777778
36746,0.951,1,1,1,604686,924,106218,1738,0.00855904257290007,0.6528925619834711
36747,0.951111111111111,1,1,1,604687,923,106219,1737,0.008549779539812516,0.6530075187969925
36748,0.9512619047619048,1,0,1,604687,923,106220,1736,0.008549779539812516,0.6528770214366303
36749,0.9514166666666668,0,3,0,604690,920,106220,1736,0.008521990440549854,0.6536144578313253
36750,0.9515,1,0,1,604690,920,106221,1735,0.008521990440549854,0.6534839924670434
36751,0.9515476190476192,1,2,1,604692,918,106222,1734,0.008503464374374745,0.6538461538461539
36752,0.9516071428571428,1,0,1,604692,918,106223,1733,0.008503464374374745,0.6537155790267823
36753,0.9516666666666664,2,0,2,604692,918,106225,1731,0.008503464374374745,0.6534541336353341
36754,0.9516666666666668,2,4,2,604696,914,106227,1729,0.008466412242024528,0.6541808550889141
36755,0.9517857142857143,0,1,0,604697,913,106227,1729,0.008457149208936974,0.6544284632853898
36756,0.951904761904762,0,1,0,604698,912,106227,1729,0.00844788617584942,0.6546762589928058
36757,0.9519761904761904,1,1,1,604699,911,106228,1728,0.008438623142761866,0.6547934823796893
36758,0.952,1,3,1,604702,908,106229,1727,0.008410834043499203,0.6554079696394687
36759,0.9520833333333332,1,1,1,604703,907,106230,1726,0.008401571010411649,0.6555260159513863
36760,0.9521666666666668,3,1,3,604704,906,106233,1723,0.008392307977324095,0.6553822746291366
36761,0.9522380952380952,1,1,1,604705,905,106234,1722,0.00838304494423654,0.6555005709935288
36762,0.9523333333333333,1,1,1,604706,904,106235,1721,0.008373781911148986,0.6556190476190477
36763,0.9523333333333334,1,0,1,604706,904,106236,1720,0.008373781911148986,0.6554878048780488
36764,0.9524285714285712,0,1,0,604707,903,106236,1720,0.008364518878061432,0.6557377049180327
36765,0.9525,6,9,6,604716,894,106242,1714,0.008281151580273444,0.6572085889570553
36766,0.9527023809523812,0,1,0,604717,893,106242,1714,0.00827188854718589,0.6574606827771384
36767,0.9527857142857142,0,1,0,604718,892,106242,1714,0.008262625514098336,0.6577129700690714
36768,0.9528333333333334,0,1,0,604719,891,106242,1714,0.008253362481010782,0.6579654510556622
36769,0.9532142857142856,1,0,1,604719,891,106243,1713,0.008253362481010782,0.6578341013824884
36770,0.9532261904761906,0,1,0,604720,890,106243,1713,0.008244099447923228,0.6580868228966577
36771,0.9533333333333333,9,11,9,604731,879,106252,1704,0.008142206083960131,0.6596980255516841
36772,0.9533333333333336,9,6,9,604737,873,106261,1695,0.008086627885434806,0.6600467289719626
36773,0.9535436507936508,1,0,1,604737,873,106262,1694,0.008086627885434806,0.6599142968445656
36774,0.953547619047619,0,1,0,604738,872,106262,1694,0.008077364852347252,0.6601714731098987
36775,0.953595238095238,1,1,1,604739,871,106263,1693,0.008068101819259698,0.6602964118564743
36776,0.95375,1,0,1,604739,871,106264,1692,0.008068101819259698,0.6601638704642997
36777,0.954,2,1,2,604740,870,106266,1690,0.008058838786172143,0.66015625
36778,0.9541666666666668,1,5,1,604745,865,106267,1689,0.008012523620734372,0.6613155833985904
36779,0.9543333333333334,0,1,0,604746,864,106267,1689,0.008003260587646818,0.6615746180963572
36780,0.9545,0,3,0,604749,861,106267,1689,0.007975471488384157,0.6623529411764706
36781,0.9546666666666668,1,1,1,604750,860,106268,1688,0.007966208455296603,0.6624803767660911
36782,0.9547142857142856,1,1,1,604751,859,106269,1687,0.007956945422209049,0.6626080125687352
36783,0.9549999999999998,0,1,0,604752,858,106269,1687,0.007947682389121495,0.6628683693516699
36784,0.955,48,24,48,604776,834,106317,1639,0.007725369595020193,0.6627577840679337
36785,0.9551031746031744,2,1,2,604777,833,106319,1637,0.007716106561932639,0.6627530364372469
36786,0.9551428571428572,1,0,1,604777,833,106320,1636,0.007716106561932639,0.6626164439044148
36787,0.9552261904761904,1,0,1,604777,833,106321,1635,0.007716106561932639,0.6624797406807131
36788,0.9557142857142856,3,1,3,604778,832,106324,1632,0.0077068435288450855,0.6623376623376623
36789,0.9558333333333332,0,1,0,604779,831,106324,1632,0.007697580495757531,0.6626065773447016
36790,0.955952380952381,1,0,1,604779,831,106325,1631,0.007697580495757531,0.6624695369618196
36791,0.956,6,4,6,604783,827,106331,1625,0.0076605283634073144,0.6627243066884176
36792,0.9562967032967032,0,1,0,604784,826,106331,1625,0.00765126533031976,0.6629946960424317
36793,0.9563333333333331,1,1,1,604785,825,106332,1624,0.007642002297232206,0.6631278072682728
36794,0.9565238095238092,0,1,0,604786,824,106332,1624,0.007632739264144652,0.6633986928104575
36795,0.9565432900432902,1,0,1,604786,824,106333,1623,0.007632739264144652,0.663261136085002
36796,0.9566190476190476,1,0,1,604786,824,106334,1622,0.007632739264144652,0.6631234668847097
36797,0.9566666666666666,14,2,14,604788,822,106348,1608,0.007614213197969543,0.6617283950617284
36798,0.9566666666666668,10,7,10,604795,815,106358,1598,0.007549371966356664,0.6622461665975964
36799,0.9567380952380952,0,1,0,604796,814,106358,1598,0.00754010893326911,0.6625207296849088
36800,0.9571428571428572,1,0,1,604796,814,106359,1597,0.00754010893326911,0.6623807548734965
36801,0.9573055555555556,1,0,1,604796,814,106360,1596,0.00754010893326911,0.6622406639004149
36802,0.9573809523809524,0,1,0,604797,813,106360,1596,0.007530845900181556,0.6625155666251556
36803,0.9574166666666666,1,0,1,604797,813,106361,1595,0.007530845900181556,0.6623754152823921
36804,0.9575,6,7,6,604804,806,106367,1589,0.007466004668568676,0.6634655532359082
36805,0.9579761904761904,0,1,0,604805,805,106367,1589,0.007456741635481122,0.6637426900584795
36806,0.958,2,4,2,604809,801,106369,1587,0.007419689503130905,0.664572864321608
36807,0.9580277777777778,1,0,1,604809,801,106370,1586,0.007419689503130905,0.6644323418516966
36808,0.9582857142857144,0,1,0,604810,800,106370,1586,0.007410426470043351,0.6647108130762783
36809,0.9583333333333331,3,1,3,604811,799,106373,1583,0.007401163436955797,0.6645675902602854
36810,0.9583333333333336,4,1,4,604812,798,106377,1579,0.0073919004038682425,0.6642827092974337
36811,0.9585714285714286,2,0,2,604812,798,106379,1577,0.0073919004038682425,0.664
36812,0.9588333333333332,1,0,1,604812,798,106380,1576,0.0073919004038682425,0.6638584667228307
36813,0.959,2,1,2,604813,797,106382,1574,0.007382637370780688,0.6638549135385913
36814,0.9592142857142856,0,1,0,604814,796,106382,1574,0.007373374337693134,0.6641350210970464
36815,0.9593333333333334,1,0,1,604814,796,106383,1573,0.007373374337693134,0.6639932460953989
36816,0.9596666666666668,0,1,0,604815,795,106383,1573,0.00736411130460558,0.6642736486486487
36817,0.9597142857142856,0,1,0,604816,794,106383,1573,0.007354848271518026,0.6645542881284326
36818,0.9598333333333332,0,1,0,604817,793,106383,1573,0.0073455852384304715,0.6648351648351648
36819,0.96,355,195,355,605012,598,106738,1218,0.005539293786357405,0.670704845814978
36820,0.9600000000000002,0,1,0,605013,597,106738,1218,0.005530030753269851,0.6710743801652893
36821,0.9600032467532468,1,0,1,605013,597,106739,1217,0.005530030753269851,0.6708930540242558
36822,0.9604166666666668,1,0,1,605013,597,106740,1216,0.005530030753269851,0.670711527854385
36823,0.9608333333333332,1,1,1,605014,596,106741,1215,0.005520767720182297,0.6709000552181116
36824,0.9611666666666666,1,0,1,605014,596,106742,1214,0.005520767720182297,0.6707182320441989
36825,0.9614047619047618,3,3,3,605017,593,106745,1211,0.005492978620919634,0.6712860310421286
36826,0.9615714285714286,0,1,0,605018,592,106745,1211,0.00548371558783208,0.6716583471991125
36827,0.9616666666666666,1,1,1,605019,591,106746,1210,0.005474452554744526,0.6718489727928928
36828,0.9616666666666668,1,0,1,605019,591,106747,1209,0.005474452554744526,0.6716666666666666
36829,0.9618333333333332,0,1,0,605020,590,106747,1209,0.005465189521656972,0.6720400222345748
36830,0.961904761904762,1,0,1,605020,590,106748,1208,0.005465189521656972,0.6718576195773082
36831,0.962,0,1,0,605021,589,106748,1208,0.005455926488569417,0.6722314969393434
36832,0.9621428571428572,1,0,1,605021,589,106749,1207,0.005455926488569417,0.6720489977728286
36833,0.9622849927849928,1,1,1,605022,588,106750,1206,0.005446663455481863,0.6722408026755853
36834,0.9623333333333336,1,0,1,605022,588,106751,1205,0.005446663455481863,0.6720580033463469
36835,0.9625,2,4,2,605026,584,106753,1203,0.005409611323131646,0.6731952993844432
36836,0.9627380952380952,1,3,1,605029,581,106754,1202,0.005381822223868984,0.6741446999439148
36837,0.962797619047619,0,1,0,605030,580,106754,1202,0.0053725591907814296,0.6745230078563412
36838,0.9628333333333332,2,0,2,605030,580,106756,1200,0.0053725591907814296,0.6741573033707865
36839,0.9632539682539684,1,0,1,605030,580,106757,1199,0.0053725591907814296,0.6739741427768409
36840,0.9633333333333332,9,4,9,605034,576,106766,1190,0.005335507058431213,0.6738391845979615
36841,0.9633333333333334,0,2,0,605036,574,106766,1190,0.005316980992256104,0.6746031746031746
36842,0.964,3,0,3,605036,574,106769,1187,0.005316980992256104,0.6740488358886996
36843,0.9641666666666666,0,1,0,605037,573,106769,1187,0.00530771795916855,0.6744318181818182
36844,0.9642857142857144,1,0,1,605037,573,106770,1186,0.00530771795916855,0.6742467310972143
36845,0.9644920634920636,1,0,1,605037,573,106771,1185,0.00530771795916855,0.674061433447099
36846,0.9648095238095238,1,0,1,605037,573,106772,1184,0.00530771795916855,0.6738759248719408
36847,0.965,19,16,19,605053,557,106791,1165,0.005159509429767683,0.6765389082462253
36848,0.9651269841269842,1,0,1,605053,557,106792,1164,0.005159509429767683,0.6763509587449158
36849,0.9655,0,1,0,605054,556,106792,1164,0.005150246396680129,0.6767441860465117
36850,0.9656338383838384,0,1,0,605055,555,106792,1164,0.0051409833635925745,0.6771378708551483
36851,0.9656666666666668,1,1,1,605056,554,106793,1163,0.00513172033050502,0.6773442050087362
36852,0.965690476190476,1,0,1,605056,554,106794,1162,0.00513172033050502,0.6771561771561772
36853,0.9657142857142856,2,0,2,605056,554,106796,1160,0.00513172033050502,0.676779463243874
36854,0.9658333333333332,1,0,1,605056,554,106797,1159,0.00513172033050502,0.676590776415645
36855,0.966,2,3,2,605059,551,106799,1157,0.005103931231242358,0.677400468384075
36856,0.9664285714285714,0,1,0,605060,550,106799,1157,0.0050946681981548034,0.6777973052138254
36857,0.9666666666666666,8,8,8,605068,542,106807,1149,0.005020563933454371,0.6794795978710823
36858,0.9666666666666668,8,6,8,605074,536,106815,1141,0.0049649857349290455,0.6803816338700059
36859,0.9667142857142856,2,0,2,605074,536,106817,1139,0.0049649857349290455,0.68
36860,0.9668333333333332,1,0,1,605074,536,106818,1138,0.0049649857349290455,0.6798088410991637
36861,0.9670714285714286,1,0,1,605074,536,106819,1137,0.0049649857349290455,0.6796174536760311
36862,0.9670833333333332,0,1,0,605075,535,106819,1137,0.004955722701841491,0.6800239234449761
36863,0.9673333333333332,0,1,0,605076,534,106819,1137,0.004946459668753937,0.6804308797127468
36864,0.9673690476190474,0,2,0,605078,532,106819,1137,0.004927933602578829,0.6812462552426602
36865,0.9675,3,4,3,605082,528,106822,1134,0.004890881470228612,0.6823104693140795
36866,0.9676666666666668,1,0,1,605082,528,106823,1133,0.004890881470228612,0.6821192052980133
36867,0.968,3,1,3,605083,527,106826,1130,0.004881618437141058,0.6819553409776705
36868,0.9683333333333332,1,0,1,605083,527,106827,1129,0.004881618437141058,0.6817632850241546
36869,0.9683333333333334,0,1,0,605084,526,106827,1129,0.004872355404053503,0.6821752265861027
36870,0.9685,0,1,0,605085,525,106827,1129,0.004863092370965949,0.6825876662636033
36871,0.9687188644688643,1,0,1,605085,525,106828,1128,0.004863092370965949,0.6823956442831216
36872,0.9688095238095238,1,0,1,605085,525,106829,1127,0.004863092370965949,0.6822033898305084
36873,0.9691302308802306,1,0,1,605085,525,106830,1126,0.004863092370965949,0.6820109024833434
36874,0.9691666666666668,1,1,1,605086,524,106831,1125,0.004853829337878395,0.6822316555488175
36875,0.9693333333333332,0,1,0,605087,523,106831,1125,0.004844566304790841,0.6826456310679612
36876,0.9694484126984126,1,0,1,605087,523,106832,1124,0.004844566304790841,0.6824529447480268
36877,0.9695079365079364,0,2,0,605089,521,106832,1124,0.004826040238615732,0.6832826747720365
36878,0.969702380952381,1,0,1,605089,521,106833,1123,0.004826040238615732,0.6830900243309003
36879,0.9697619047619048,1,0,1,605089,521,106834,1122,0.004826040238615732,0.6828971393791844
36880,0.9698690476190478,0,1,0,605090,520,106834,1122,0.004816777205528178,0.6833130328867235
36881,0.97,311,151,311,605241,369,107145,811,0.0034180592093074956,0.6872881355932203
36882,0.9700000000000002,0,1,0,605242,368,107145,811,0.0034087961762199414,0.6878710771840543
36883,0.9704206349206348,1,0,1,605242,368,107146,810,0.0034087961762199414,0.6876061120543294
36884,0.970952380952381,1,2,1,605244,366,107147,809,0.003390270110044833,0.6885106382978723
36885,0.971,3,1,3,605245,365,107150,806,0.0033810070769572788,0.6883005977796754
36886,0.9716666666666666,2,0,2,605245,365,107152,804,0.0033810070769572788,0.6877673224978614
36887,0.9716666666666668,1,1,1,605246,364,107153,803,0.0033717440438697246,0.68808911739503
36888,0.972,1,0,1,605246,364,107154,802,0.0033717440438697246,0.6878216123499142
36889,0.9721428571428572,0,1,0,605247,363,107154,802,0.0033624810107821704,0.688412017167382
36890,0.9722261904761904,1,0,1,605247,363,107155,801,0.0033624810107821704,0.6881443298969072
36891,0.9723928571428572,2,4,2,605251,359,107157,799,0.0033254288784319535,0.6899827288428325
36892,0.9725,3,6,3,605257,353,107160,796,0.0032698506799066288,0.6927763272410792
36893,0.9725833333333332,0,2,0,605259,351,107160,796,0.0032513246137315203,0.6939843068875327
36894,0.9728571428571428,1,0,1,605259,351,107161,795,0.0032513246137315203,0.693717277486911
36895,0.973,1,1,1,605260,350,107162,794,0.003242061580643966,0.6940559440559441
36896,0.9731190476190474,0,1,0,605261,349,107162,794,0.003232798547556412,0.694663167104112
36897,0.9732636091978196,1,3,1,605264,346,107163,793,0.0032050094482937493,0.6962247585601404
36898,0.9733333333333332,7,2,7,605266,344,107170,786,0.003186483382118641,0.695575221238938
36899,0.9733333333333334,8,2,8,605268,342,107178,778,0.0031679573159435325,0.6946428571428571
36900,0.9735714285714286,0,1,0,605269,341,107178,778,0.0031586942828559783,0.6952636282394995
36901,0.974,1,0,1,605269,341,107179,777,0.0031586942828559783,0.6949910554561717
36902,0.9741453823953824,3,0,3,605269,341,107182,774,0.0031586942828559783,0.694170403587444
36903,0.9741666666666666,1,0,1,605269,341,107183,773,0.0031586942828559783,0.6938958707360862
36904,0.9746666666666668,1,0,1,605269,341,107184,772,0.0031586942828559783,0.6936208445642408
36905,0.9748362193362192,0,1,0,605270,340,107184,772,0.003149431249768424,0.6942446043165468
36906,0.975,18,13,18,605283,327,107202,754,0.00302901181963022,0.6975023126734505
36907,0.9755,1,0,1,605283,327,107203,753,0.00302901181963022,0.6972222222222222
36908,0.9756666666666668,1,0,1,605283,327,107204,752,0.00302901181963022,0.6969416126042632
36909,0.9757142857142856,1,0,1,605283,327,107205,751,0.00302901181963022,0.6966604823747681
36910,0.976,3,3,3,605286,324,107208,748,0.0030012227203675573,0.6977611940298507
36911,0.9766666666666666,2,3,2,605289,321,107210,746,0.0029734336211048947,0.6991565135895033
36912,0.9766666666666668,10,6,10,605295,315,107220,736,0.0029178554225795694,0.7002854424357755
36913,0.977,1,0,1,605295,315,107221,735,0.0029178554225795694,0.7
36914,0.9775,2,4,2,605299,311,107223,733,0.0028808032902293526,0.7021072796934866
36915,0.9777142857142854,1,1,1,605300,310,107224,732,0.0028715402571417984,0.7024952015355086
36916,0.978,0,3,0,605303,307,107224,732,0.002843751157879136,0.7045235803657363
36917,0.9783333333333332,3,4,3,605307,303,107227,729,0.002806699025528919,0.7063953488372093
36918,0.9785714285714286,1,0,1,605307,303,107228,728,0.002806699025528919,0.7061105722599418
36919,0.979,1,0,1,605307,303,107229,727,0.002806699025528919,0.7058252427184466
36920,0.9791666666666664,1,0,1,605307,303,107230,726,0.002806699025528919,0.7055393586005831
36921,0.9793333333333334,1,0,1,605307,303,107231,725,0.002806699025528919,0.7052529182879378
36922,0.98,279,123,279,605430,180,107510,446,0.0016673459557597539,0.7124600638977636
36923,0.9803974358974358,1,0,1,605430,180,107511,445,0.0016673459557597539,0.712
36924,0.9807142857142856,1,0,1,605430,180,107512,444,0.0016673459557597539,0.7115384615384616
36925,0.9813095238095236,2,0,2,605430,180,107514,442,0.0016673459557597539,0.7106109324758842
36926,0.9815158730158728,0,1,0,605431,179,107514,442,0.0016580829226721999,0.711755233494364
36927,0.9816666666666666,1,1,1,605432,178,107515,441,0.0016488198895846457,0.7124394184168013
36928,0.9816666666666668,0,1,0,605433,177,107515,441,0.0016395568564970915,0.7135922330097088
36929,0.982,3,0,3,605433,177,107518,438,0.0016395568564970915,0.7121951219512195
36930,0.9825,4,3,4,605436,174,107522,434,0.0016117677572344289,0.7138157894736842
36931,0.9833333333333332,2,2,2,605438,172,107524,432,0.0015932416910593205,0.7152317880794702
36932,0.9833333333333334,1,1,1,605439,171,107525,431,0.0015839786579717663,0.7159468438538206
36933,0.9835,2,0,2,605439,171,107527,429,0.0015839786579717663,0.715
36934,0.983809523809524,1,0,1,605439,171,107528,428,0.0015839786579717663,0.7145242070116862
36935,0.984,0,1,0,605440,170,107528,428,0.001574715624884212,0.7157190635451505
36936,0.9843333333333334,0,1,0,605441,169,107528,428,0.0015654525917966578,0.7169179229480737
36937,0.985,6,10,6,605451,159,107534,422,0.001472822260921116,0.7263339070567987
36938,0.9857142857142857,0,1,0,605452,158,107534,422,0.0014635592278335618,0.7275862068965517
36939,0.986,2,1,2,605453,157,107536,420,0.0014542961947460076,0.7279029462738301
36940,0.9866666666666666,6,0,6,605453,157,107542,414,0.0014542961947460076,0.7250437828371279
36941,0.9866666666666668,2,0,2,605453,157,107544,412,0.0014542961947460076,0.7240773286467487
36942,0.9875,1,3,1,605456,154,107545,411,0.001426507095483345,0.727433628318584
36943,0.988,2,0,2,605456,154,107547,409,0.001426507095483345,0.7264653641207816
36944,0.9883333333333332,1,1,1,605457,153,107548,408,0.0014172440623957908,0.7272727272727273
36945,0.99,230,95,230,605552,58,107778,178,0.000537255919078143,0.7542372881355932
36946,0.9916666666666666,2,0,2,605552,58,107780,176,0.000537255919078143,0.7521367521367521
36947,0.9925,1,1,1,605553,57,107781,175,0.0005279928859905888,0.7543103448275862
36948,0.9926666666666668,1,0,1,605553,57,107782,174,0.0005279928859905888,0.7532467532467533
36949,0.9933333333333332,0,1,0,605554,56,107782,174,0.0005187298529030345,0.7565217391304347
36950,0.9933333333333334,1,2,1,605556,54,107783,173,0.0005002037867279261,0.762114537444934
36951,0.993809523809524,0,2,0,605558,52,107783,173,0.00048167772055281784,0.7688888888888888
36952,0.995,3,6,3,605564,46,107786,170,0.00042609952202749267,0.7870370370370371
36953,0.996,0,1,0,605565,45,107786,170,0.00041683648893993847,0.7906976744186046
36954,0.9966666666666666,1,1,1,605566,44,107787,169,0.0004075734558523843,0.7934272300469484
36955,0.9966666666666668,1,1,1,605567,43,107788,168,0.0003983104227648301,0.7962085308056872
36956,0.9975,2,0,2,605567,43,107790,166,0.0003983104227648301,0.7942583732057417
36957,0.998,2,0,2,605567,43,107792,164,0.0003983104227648301,0.7922705314009661
36958,1.0,164,43,164,605610,0,107956,0,0.0,
