,y_proba,y_test,Neg,Pos,TN,FP,FN,TP,FP/P,Prec
0,0.1334,0,1,0,1,605609,0,107956,5.609776205120605,0.1512910526721462
1,0.1337,0,1,0,2,605608,0,107956,5.609766942087517,0.15129126469384666
2,0.1381,0,1,0,3,605607,0,107956,5.60975767905443,0.1512914767161414
3,0.1385,0,1,0,4,605606,0,107956,5.609748416021342,0.15129168873903037
4,0.1409,0,2,0,6,605604,0,107956,5.609729889955167,0.1512921127865912
5,0.1411,0,1,0,7,605603,0,107956,5.609720626922079,0.15129232481126298
6,0.1432,0,1,0,8,605602,0,107956,5.609711363888992,0.15129253683652905
7,0.1446,0,1,0,9,605601,0,107956,5.6097021008559045,0.15129274886238941
8,0.1466,0,2,0,11,605599,0,107956,5.609683574789729,0.15129317291589295
9,0.1467,0,2,0,13,605597,0,107956,5.609665048723554,0.15129359697177364
10,0.1476,0,1,0,14,605596,0,107956,5.6096557856904665,0.15129380900060543
11,0.1478,0,2,0,16,605594,0,107956,5.609637259624291,0.15129423306005185
12,0.148,0,1,0,17,605593,0,107956,5.609627996591204,0.1512944450906665
13,0.1497,0,1,0,18,605592,0,107956,5.609618733558117,0.15129465712187548
14,0.1498,0,1,0,19,605591,0,107956,5.609609470525029,0.15129486915367873
15,0.1515,0,1,0,20,605590,0,107956,5.609600207491941,0.1512950811860763
16,0.1521,0,3,0,23,605587,0,107956,5.609572418392679,0.15129571728683486
17,0.1522,0,1,0,24,605586,0,107956,5.609563155359591,0.15129592932160965
18,0.1524,0,1,0,25,605585,0,107956,5.609553892326503,0.15129614135697877
19,0.1529,0,1,0,26,605584,0,107956,5.609544629293416,0.15129635339294223
20,0.1535,0,1,0,27,605583,0,107956,5.609535366260328,0.1512965654295
21,0.154,0,2,0,29,605581,0,107956,5.6095168401941535,0.15129698950439852
22,0.1544,0,1,0,30,605580,0,107956,5.609507577161065,0.15129720154273926
23,0.1546,0,2,0,32,605578,0,107956,5.609489051094891,0.15129762562120375
24,0.1548,0,2,0,34,605576,0,107956,5.609470525028716,0.1512980497020456
25,0.1559,0,1,0,35,605575,0,107956,5.6094612619956274,0.15129826174335803
26,0.1563,0,1,0,36,605574,0,107956,5.60945199896254,0.15129847378526481
27,0.1566,0,1,0,37,605573,0,107956,5.609442735929453,0.15129868582776593
28,0.1571,1,0,1,37,605573,1,107955,5.609442735929453,0.15129749638416432
29,0.1576,0,1,0,38,605572,1,107955,5.609433472896365,0.15129770842589
30,0.1577,0,4,0,42,605568,1,107955,5.609396420764015,0.15129855659873612
31,0.1582,0,1,0,43,605567,1,107955,5.609387157730928,0.15129876864343356
32,0.1589,0,2,0,45,605565,1,107955,5.609368631664752,0.1512991927346115
33,0.1593,0,5,0,50,605560,1,107955,5.6093223164993145,0.15130025297295782
34,0.1596,0,1,0,51,605559,1,107955,5.609313053466227,0.1513004650224102
35,0.1597,0,2,0,53,605557,1,107955,5.609294527400052,0.15130088912309814
36,0.1599,0,1,0,54,605556,1,107955,5.609285264366965,0.15130110117433368
37,0.1601,0,3,0,57,605553,1,107955,5.609257475267702,0.15130173733160665
38,0.1602,0,1,0,58,605552,1,107955,5.609248212234614,0.15130194938521976
39,0.1603,0,1,0,59,605551,1,107955,5.609238949201527,0.1513021614394273
40,0.1612,0,1,0,60,605550,1,107955,5.609229686168439,0.1513023734942292
41,0.1615,0,1,0,61,605549,1,107955,5.609220423135351,0.1513025855496255
42,0.1619,0,1,0,62,605548,1,107955,5.609211160102264,0.15130279760561624
43,0.162,0,1,0,63,605547,1,107955,5.609201897069176,0.15130300966220137
44,0.1624,0,5,0,68,605542,1,107955,5.609155581903739,0.15130406995404325
45,0.1626,0,1,0,69,605541,1,107955,5.609146318870651,0.1513042820141949
46,0.1629,0,1,0,70,605540,1,107955,5.6091370558375635,0.15130449407494095
47,0.163,0,4,0,74,605536,1,107955,5.609100003705214,0.15130534232386952
48,0.1631,0,3,0,77,605533,1,107955,5.60907221460595,0.15130597851680758
49,0.1633,0,2,0,79,605531,1,107955,5.609053688539776,0.15130640264840514
50,0.1636,0,5,0,84,605526,1,107955,5.609007373374338,0.15130746298780207
51,0.1639,0,2,0,86,605524,1,107955,5.608988847308162,0.15130788712772206
52,0.1643,0,2,0,88,605522,1,107955,5.608970321241988,0.15130831127001992
53,0.1645,0,2,0,90,605520,1,107955,5.6089517951758125,0.15130873541469567
54,0.1646,0,18,0,108,605502,1,107955,5.608785060580236,0.15131255282378617
55,0.1647,2,2,2,110,605500,3,107953,5.608766534514062,0.15131059789502602
56,0.1654,0,3,0,113,605497,3,107953,5.608738745414799,0.15131123414394843
57,0.1655,0,6,0,119,605491,3,107953,5.608683167216273,0.1513125066578456
58,0.1656,0,5,0,124,605486,3,107953,5.608636852050836,0.15131356710244323
59,0.1658,0,1,0,125,605485,3,107953,5.608627589017748,0.15131377919314642
60,0.1659,0,5,0,130,605480,3,107953,5.60858127385231,0.15131483965558085
61,0.166,0,3,0,133,605477,3,107953,5.608553484753047,0.15131547594017633
62,0.1661,0,7,0,140,605470,3,107953,5.608488643521435,0.15131696062504293
63,0.1662,0,2,0,142,605468,3,107953,5.608470117455259,0.15131738482607043
64,0.1664,0,2,0,144,605466,3,107953,5.608451591389084,0.15131780902947636
65,0.1666,0,1,0,145,605465,3,107953,5.608442328355997,0.15131802113207124
66,0.1669,0,2,0,147,605463,3,107953,5.608423802289821,0.15131844533904482
67,0.1671,0,1,0,148,605462,3,107953,5.608414539256734,0.15131865744342354
68,0.1672,0,1,0,149,605461,3,107953,5.608405276223647,0.15131886954839685
69,0.1674,0,5,0,154,605456,3,107953,5.608358961058209,0.15131993008218286
70,0.1676,0,3,0,157,605453,3,107953,5.608331171958946,0.15132056640959005
71,0.1678,0,1,0,158,605452,3,107953,5.608321908925858,0.15132077851991504
72,0.1679,0,2,0,160,605450,3,107953,5.608303382859684,0.151321202742349
73,0.168,0,1,0,161,605449,3,107953,5.608294119826596,0.15132141485445794
74,0.1683,0,1,0,162,605448,3,107953,5.608284856793508,0.15132162696716153
75,0.1684,1,2,1,164,605446,4,107952,5.608266330727333,0.15132086156675517
76,0.1688,0,1,0,165,605445,4,107952,5.608257067694246,0.1513210736798725
77,0.1689,0,2,0,167,605443,4,107952,5.6082385416280705,0.15132149790789115
78,0.169,0,1,0,168,605442,4,107952,5.608229278594983,0.15132171002279246
79,0.1692,0,37,0,205,605405,4,107952,5.607886546370744,0.15132955869221162
80,0.1697,0,3,0,208,605402,4,107952,5.607858757271481,0.15133019510649692
81,0.1698,0,3,0,211,605399,4,107952,5.607830968172219,0.1513308315261351
82,0.17,1,6,1,217,605393,5,107951,5.607775389973693,0.15133091467791135
83,0.1701,0,2,0,219,605391,5,107951,5.607756863907518,0.1513313389650406
84,0.1703,0,3,0,222,605388,5,107951,5.6077290748082556,0.1513319754001954
85,0.1705,0,2,0,224,605386,5,107951,5.60771054874208,0.1513323996932726
86,0.1706,0,1,0,225,605385,5,107951,5.607701285708993,0.1513326118407034
87,0.1708,0,2,0,227,605383,5,107951,5.607682759642818,0.1513330361373494
88,0.1709,0,2,0,229,605381,5,107951,5.607664233576642,0.15133346043637463
89,0.1711,0,3,0,232,605378,5,107951,5.60763644447738,0.15133409688937363
90,0.1712,0,2,0,234,605376,5,107951,5.607617918411204,0.15133452119434707
91,0.1714,1,0,1,234,605376,6,107950,5.607617918411204,0.15133333146415523
92,0.1715,0,5,0,239,605371,6,107950,5.607571603245767,0.15133439223014603
93,0.1716,0,7,0,246,605364,6,107950,5.607506762014154,0.15133587732751635
94,0.1719,0,1,0,247,605363,6,107950,5.607497498981067,0.15133608948666294
95,0.1721,0,1,0,248,605362,6,107950,5.6074882359479785,0.15133630164640438
96,0.1722,0,2,0,250,605360,6,107950,5.607469709881804,0.15133672596767184
97,0.1723,0,1,0,251,605359,6,107950,5.607460446848716,0.15133693812919788
98,0.1724,1,1,1,252,605358,7,107949,5.607451183815629,0.15133596053312248
99,0.1726,0,1,0,253,605357,7,107949,5.6074419207825414,0.15133617269446772
100,0.1729,0,5,0,258,605352,7,107949,5.6073956056171035,0.15133723351011705
101,0.173,4,22,4,280,605330,11,107945,5.607191818889177,0.15133714205600926
102,0.1731,0,1,0,281,605329,11,107945,5.60718255585609,0.15133735422852929
103,0.1732,1,19,1,300,605310,12,107944,5.607006558227426,0.15134019577878288
104,0.1737,0,1,0,301,605309,12,107944,5.606997295194338,0.1513404079618312
105,0.1738,0,7,0,308,605302,12,107944,5.606932453962726,0.151341893259829
106,0.1739,0,4,0,312,605298,12,107944,5.606895401830375,0.15134274201463177
107,0.174,0,5,0,317,605293,12,107944,5.606849086664938,0.15134380297152278
108,0.1741,0,3,0,320,605290,12,107944,5.606821297565675,0.15134443955279753
109,0.1743,0,1,0,321,605289,12,107944,5.606812034532587,0.15134465174774583
110,0.1744,0,3,0,324,605286,12,107944,5.6067842454333245,0.15134528833616084
111,0.1745,1,15,1,339,605271,13,107943,5.6066452999370116,0.15134728146110424
112,0.1747,0,2,0,341,605269,13,107943,5.606626773870836,0.15134770587146598
113,0.1748,0,2,0,343,605267,13,107943,5.606608247804661,0.15134813028420802
114,0.1749,1,31,1,374,605236,14,107942,5.606321093778947,0.15135351903732308
115,0.175,0,22,0,396,605214,14,107942,5.60611730705102,0.15135818811031526
116,0.1751,0,29,0,425,605185,14,107942,5.605848679091482,0.15136434323760004
117,0.1752,0,3,0,428,605182,14,107942,5.605820889992219,0.15136498000347764
118,0.1753,0,7,0,435,605175,14,107942,5.605756048760606,0.15136646581136054
119,0.1755,0,3,0,438,605172,14,107942,5.605728259661343,0.151367102595097
120,0.1759,0,6,0,444,605166,14,107942,5.605672681462818,0.15136837617864335
121,0.176,0,9,0,453,605157,14,107942,5.60558931416503,0.15137028659414753
122,0.1761,0,2,0,455,605155,14,107942,5.605570788098855,0.151370711137475
123,0.1764,0,2,0,457,605153,14,107942,5.60555226203268,0.15137113568318386
124,0.1765,0,9,0,466,605144,14,107942,5.605468894734892,0.15137304616834435
125,0.1766,0,3,0,469,605141,14,107942,5.605441105635629,0.15137368300744794
126,0.1767,0,1,0,470,605140,14,107942,5.605431842602542,0.15137389528833992
127,0.1768,0,4,0,474,605136,14,107942,5.605394790470192,0.15137474441786172
128,0.177,0,1,0,475,605135,14,107942,5.605385527437104,0.15137495670173068
129,0.1771,0,2,0,477,605133,14,107942,5.6053670013709285,0.15137538127125477
130,0.1772,0,4,0,481,605129,14,107942,5.605329949238579,0.1513762304174479
131,0.1773,0,7,0,488,605122,14,107942,5.605265108006966,0.1513777164462096
132,0.1774,0,28,0,516,605094,14,107942,5.605005743080515,0.15138366085302846
133,0.1775,0,1,0,517,605093,14,107942,5.604996480047427,0.1513838731619065
134,0.1777,0,70,0,587,605023,14,107942,5.604348067731298,0.15139873626335093
135,0.1778,0,35,0,622,604988,14,107942,5.604023861573234,0.1514061689085885
136,0.1779,0,4,0,626,604984,14,107942,5.603986809440883,0.15140701840022666
137,0.178,1,0,1,626,604984,15,107941,5.603986809440883,0.15140582810253533
138,0.1781,0,9,0,635,604975,15,107941,5.603903442143095,0.1514077394812292
139,0.1782,0,3,0,638,604972,15,107941,5.603875653043833,0.15140837661818482
140,0.1783,0,18,0,656,604954,15,107941,5.603708918448257,0.15141219955252877
141,0.1784,0,2,0,658,604952,15,107941,5.603690392382082,0.15141262433492825
142,0.1785,0,2,0,660,604950,15,107941,5.603671866315906,0.15141304911971115
143,0.1786,0,1,0,661,604949,15,107941,5.603662603282819,0.1514132615129964
144,0.1787,0,3,0,664,604946,15,107941,5.603634814183557,0.15141389869642735
145,0.1788,0,12,0,676,604934,15,107941,5.603523657786505,0.15141644748378047
146,0.1789,0,7,0,683,604927,15,107941,5.603458816554893,0.15141793431603046
147,0.179,0,6,0,689,604921,15,107941,5.603403238356368,0.15141920876691423
148,0.1791,0,1,0,690,604920,15,107941,5.6033939753232795,0.1514194211774806
149,0.1792,1,21,1,711,604899,16,107940,5.603199451628441,0.1514226915194034
150,0.1794,0,2,0,713,604897,16,107940,5.603180925562266,0.1514231163646107
151,0.1795,0,2,0,715,604895,16,107940,5.603162399496091,0.15142354121220197
152,0.1796,0,1,0,716,604894,16,107940,5.603153136463003,0.15142375363689162
153,0.1798,0,6,0,722,604888,16,107940,5.603097558264478,0.15142502819754555
154,0.1799,2,33,2,755,604855,18,107938,5.602791878172589,0.15142965769865865
155,0.18,0,5,0,760,604850,18,107938,5.602745563007151,0.15143071993355667
156,0.1801,0,17,0,777,604833,18,107938,5.602588091444662,0.15143433164368358
157,0.1802,0,4,0,781,604829,18,107938,5.602551039312313,0.15143518148286889
158,0.1803,0,6,0,787,604823,18,107938,5.602495461113787,0.1514364562595316
159,0.1804,0,9,0,796,604814,18,107938,5.602412093815999,0.15143836846476755
160,0.1805,1,35,1,831,604779,19,107937,5.602087887657935,0.15144461468523226
161,0.1806,1,20,1,851,604759,20,107936,5.601902626996184,0.15144767396993103
162,0.1807,0,2,0,853,604757,20,107936,5.601884100930008,0.15144809897108572
163,0.1808,0,2,0,855,604755,20,107936,5.601865574863833,0.15144852397462574
164,0.1809,0,4,0,859,604751,20,107936,5.601828522731483,0.15144937398886188
165,0.181,0,1,0,860,604750,20,107936,5.601819259698396,0.15144958649391177
166,0.1811,0,17,0,877,604733,20,107936,5.601661788135908,0.15145319917100364
167,0.1812,2,15,2,892,604718,22,107934,5.601522842639594,0.151454005601612
168,0.1813,0,15,0,907,604703,22,107934,5.601383897143281,0.1514571934940229
169,0.1814,0,9,0,916,604694,22,107934,5.601300529845493,0.15145910629388684
170,0.1815,0,11,0,927,604683,22,107934,5.60119863648153,0.15146144422600077
171,0.1816,0,39,0,966,604644,22,107934,5.600837378191115,0.15146973383966386
172,0.1817,0,2,0,968,604642,22,107934,5.60081885212494,0.15147015897251662
173,0.1818,0,1,0,969,604641,22,107934,5.600809589091853,0.15147037153983792
174,0.1819,0,1,0,970,604640,22,107934,5.600800326058764,0.15147058410775582
175,0.182,0,39,0,1009,604601,22,107934,5.60043906776835,0.1514788747219435
176,0.1821,2,27,2,1036,604574,24,107932,5.600188965874986,0.15148223313207188
177,0.1823,0,1,0,1037,604573,24,107932,5.600179702841898,0.1514824457372229
178,0.1826,1,31,1,1068,604542,25,107931,5.599892548816184,0.15148784585521136
179,0.1827,1,13,1,1081,604529,26,107930,5.5997721293860465,0.15148941904025354
180,0.1828,0,4,0,1085,604525,26,107930,5.599735077253696,0.15149026956088454
181,0.1829,0,28,0,1113,604497,26,107930,5.599475712327244,0.1514962234727207
182,0.183,1,37,1,1150,604460,27,107929,5.599132980103005,0.15150290080279175
183,0.1831,1,16,1,1166,604444,28,107928,5.598984771573604,0.15150511249740303
184,0.1832,0,1,0,1167,604443,28,107928,5.598975508540517,0.1515053251746632
185,0.1833,0,11,0,1178,604432,28,107928,5.5988736151765535,0.15150766466393398
186,0.1834,0,15,0,1193,604417,28,107928,5.5987346696802405,0.15151085499301603
187,0.1835,0,41,0,1234,604376,28,107928,5.59835488532365,0.1515195759114086
188,0.1836,0,7,0,1241,604369,28,107928,5.598290044092037,0.1515210649490311
189,0.1837,0,1,0,1242,604368,28,107928,5.59828078105895,0.15152127767108056
190,0.1838,0,9,0,1251,604359,28,107928,5.598197413761162,0.15152319219640398
191,0.1839,0,5,0,1256,604354,28,107928,5.598151098595724,0.15152425584248935
192,0.1841,0,11,0,1267,604343,28,107928,5.598049205231761,0.1515265959164419
193,0.1842,0,29,0,1296,604314,28,107928,5.597780577272222,0.1515327655487882
194,0.1843,1,7,1,1303,604307,29,107927,5.597715736040609,0.15153306357180366
195,0.1844,1,29,1,1332,604278,30,107926,5.59744710808107,0.1515380424709774
196,0.1845,3,60,3,1392,604218,33,107923,5.596891326095816,0.1515472357300029
197,0.1846,0,37,0,1429,604181,33,107923,5.596548593871577,0.15155510992776336
198,0.1847,0,2,0,1431,604179,33,107923,5.596530067805403,0.15155553558338553
199,0.1848,0,11,0,1442,604168,33,107923,5.5964281744414395,0.15155787673204688
200,0.1851,1,11,1,1453,604157,34,107922,5.596326281077476,0.1515590264563342
201,0.1852,0,2,0,1455,604155,34,107922,5.596307755011301,0.1515594521379008
202,0.1853,0,4,0,1459,604151,34,107922,5.596270702878951,0.15156030350820773
203,0.1854,0,19,0,1478,604132,34,107922,5.596094705250287,0.15156434764779075
204,0.1855,0,7,0,1485,604125,34,107922,5.596029864018674,0.1515658376483575
205,0.1856,2,5,2,1490,604120,36,107920,5.595983548853236,0.15156451884725577
206,0.1857,0,5,0,1495,604115,36,107920,5.595937233687799,0.15156558315251356
207,0.1858,1,40,1,1535,604075,37,107919,5.595566712364296,0.15157290651325714
208,0.1859,0,15,0,1550,604060,37,107919,5.595427766867983,0.1515760998568778
209,0.186,1,15,1,1565,604045,38,107918,5.59528882137167,0.1515781016710138
210,0.1861,0,15,0,1580,604030,38,107918,5.595149875875356,0.15158129526313718
211,0.1862,0,14,0,1594,604016,38,107918,5.595020193412131,0.15158427607053462
212,0.1864,0,12,0,1606,604004,38,107918,5.59490903701508,0.15158683114161384
213,0.1865,2,26,2,1632,603978,40,107916,5.594668198154804,0.1515899839020978
214,0.1866,0,2,0,1634,603976,40,107916,5.594649672088629,0.15159040978125896
215,0.1868,1,20,1,1654,603956,41,107915,5.594464411426878,0.1515934769080353
216,0.1869,0,12,0,1666,603944,41,107915,5.594353255029827,0.15159603236034103
217,0.187,0,1,0,1667,603943,41,107915,5.594343991996739,0.1515962453185888
218,0.1873,0,35,0,1702,603908,41,107915,5.594019785838675,0.15160369923421974
219,0.1876,0,1,0,1703,603907,41,107915,5.594010522805587,0.15160391221400857
220,0.1877,0,2,0,1705,603905,41,107915,5.593991996739413,0.1516043381753814
221,0.1878,1,1,1,1706,603904,42,107914,5.593982733706325,0.1516033592856601
222,0.1879,1,11,1,1717,603893,43,107913,5.593880840342361,0.15160451021767166
223,0.188,0,34,0,1751,603859,43,107913,5.593565897217385,0.15161175207791258
224,0.1881,0,5,0,1756,603854,43,107913,5.593519582051947,0.15161281711571342
225,0.1882,0,14,0,1770,603840,43,107913,5.593389899588721,0.15161579930116206
226,0.1883,0,2,0,1772,603838,43,107913,5.5933713735225465,0.1516162253372317
227,0.1884,0,2,0,1774,603836,43,107913,5.593352847456371,0.15161665137569563
228,0.1885,1,30,1,1804,603806,44,107912,5.593074956463744,0.15162185022719674
229,0.1886,0,31,0,1835,603775,44,107912,5.59278780243803,0.15162845464368466
230,0.1887,2,22,2,1857,603753,46,107910,5.592584015710104,0.1516307578165508
231,0.1888,2,50,2,1907,603703,48,107908,5.592120864055726,0.15163902750238542
232,0.1891,0,5,0,1912,603698,48,107908,5.592074548890289,0.15164009297279674
233,0.1892,0,2,0,1914,603696,48,107908,5.592056022824114,0.15164051916515364
234,0.1894,0,21,0,1935,603675,48,107908,5.5918614991292745,0.15164499432954412
235,0.1895,0,38,0,1973,603637,48,107908,5.591509503871948,0.15165309291752455
236,0.1896,0,11,0,1984,603626,48,107908,5.591407610507985,0.151655437407067
237,0.1897,0,14,0,1998,603612,48,107908,5.591277928044759,0.1516584214076906
238,0.1898,1,47,1,2045,603565,49,107907,5.590842565489644,0.15166724762183192
239,0.1899,0,9,0,2054,603556,49,107907,5.590759198191856,0.15166916621103277
240,0.19,0,17,0,2071,603539,49,107907,5.590601726629368,0.15167279034529677
241,0.1901,0,6,0,2077,603533,49,107907,5.5905461484308425,0.15167406949285955
242,0.1902,0,18,0,2095,603515,49,107907,5.590379413835266,0.15167790706500503
243,0.1903,0,42,0,2137,603473,49,107907,5.589990366445589,0.15168686215524754
244,0.1904,0,31,0,2168,603442,49,107907,5.589703212419875,0.15169347254301335
245,0.1905,0,5,0,2173,603437,49,107907,5.589656897254437,0.15169453878854675
246,0.1907,0,23,0,2196,603414,49,107907,5.589443847493423,0.15169944371106717
247,0.1908,0,5,0,2201,603409,49,107907,5.589397532327985,0.15170051004054458
248,0.1909,1,6,1,2207,603403,50,107906,5.58934195412946,0.15170059706822211
249,0.191,0,70,0,2277,603333,50,107906,5.588693541813331,0.15171552741061725
250,0.1911,2,36,2,2313,603297,52,107904,5.588360072622179,0.1517208215399022
251,0.1912,1,11,1,2324,603286,53,107903,5.588258179258216,0.15172197545237623
252,0.1913,0,8,0,2332,603278,53,107903,5.588184074993515,0.15172368215686302
253,0.1914,0,19,0,2351,603259,53,107903,5.588008077364853,0.15172773573391155
254,0.1915,2,9,2,2360,603250,55,107901,5.587924710067064,0.1517272702984317
255,0.1916,0,36,0,2396,603214,55,107901,5.587591240875913,0.15173495144948426
256,0.1918,1,8,1,2404,603206,56,107900,5.587517136611212,0.151735465598659
257,0.1919,0,6,0,2410,603200,56,107900,5.587461558412687,0.15173674588665448
258,0.192,0,24,0,2434,603176,56,107900,5.587239245618585,0.1517418672546957
259,0.1922,0,33,0,2467,603143,56,107900,5.586933565526696,0.15174890970025723
260,0.1923,3,49,3,2516,603094,59,107897,5.586479676905406,0.15175578875119375
261,0.1924,0,13,0,2529,603081,59,107897,5.586359257475268,0.15175856355611567
262,0.1925,0,12,0,2541,603069,59,107897,5.586248101078217,0.15176112500457126
263,0.1926,0,29,0,2570,603040,59,107897,5.585979473118678,0.15176731552866146
264,0.1927,0,5,0,2575,603035,59,107897,5.5859331579532405,0.15176838291144581
265,0.1928,0,11,0,2586,603024,59,107897,5.585831264589277,0.15177073120642096
266,0.1929,0,6,0,2592,603018,59,107897,5.585775686390752,0.1517720121252189
267,0.193,0,7,0,2599,603011,59,107897,5.585710845159139,0.15177350655781058
268,0.1931,0,27,0,2626,602984,59,107897,5.585460743265775,0.15177927107349895
269,0.1932,1,24,1,2650,602960,60,107896,5.585238430471674,0.1517832022237978
270,0.1933,0,15,0,2665,602945,60,107896,5.58509948497536,0.15178640511731878
271,0.1934,0,3,0,2668,602942,60,107896,5.585071695876097,0.15178704571224386
272,0.1935,0,5,0,2673,602937,60,107896,5.58502538071066,0.15178811338246817
273,0.1936,2,24,2,2697,602913,62,107894,5.584803067916559,0.15179085180646787
274,0.1937,0,50,0,2747,602863,62,107894,5.584339916262181,0.1518015299181014
275,0.1938,0,5,0,2752,602858,62,107894,5.584293601096743,0.151802597811895
276,0.1939,0,57,0,2809,602801,62,107894,5.5837656082107525,0.15181477286318323
277,0.194,0,3,0,2812,602798,62,107894,5.58373781911149,0.151815413709455
278,0.1941,0,12,0,2824,602786,62,107894,5.5836266627144395,0.15181797714864637
279,0.1942,1,14,1,2838,602772,63,107893,5.583496980251214,0.15181977443661923
280,0.1943,0,9,0,2847,602763,63,107893,5.583413612953425,0.15182169713616714
281,0.1944,1,46,1,2893,602717,64,107892,5.582987513431398,0.15183033144809593
282,0.1945,0,18,0,2911,602699,64,107892,5.582820778835822,0.15183417746636252
283,0.1946,0,2,0,2913,602697,64,107892,5.582802252769647,0.1518346048137531
284,0.1947,1,12,1,2925,602685,65,107891,5.582691096372597,0.15183597532142937
285,0.1948,0,20,0,2945,602665,65,107891,5.582505835710845,0.1518402490444103
286,0.1949,0,5,0,2950,602660,65,107891,5.582459520545408,0.15184131751274715
287,0.195,0,22,0,2972,602638,65,107891,5.582255733817481,0.15184601895207656
288,0.1951,0,3,0,2975,602635,65,107891,5.582227944718219,0.15184666007999706
289,0.1952,0,2,0,2977,602633,65,107891,5.5822094186520435,0.15184708750161852
290,0.1953,0,5,0,2982,602628,65,107891,5.5821631034866055,0.1518481560661995
291,0.1954,0,32,0,3014,602596,65,107891,5.581866686427804,0.1518549952356623
292,0.1955,1,17,1,3031,602579,66,107890,5.581709214865316,0.15185743501827667
293,0.1956,0,33,0,3064,602546,66,107890,5.581403534773426,0.15186448884910111
294,0.1957,0,1,0,3065,602545,66,107890,5.581394271740339,0.15186470261178012
295,0.1958,1,17,1,3082,602528,67,107889,5.58123680017785,0.15186714281893593
296,0.1959,0,9,0,3091,602519,67,107889,5.581153432880062,0.1518690667897884
297,0.196,0,14,0,3105,602505,67,107889,5.581023750416836,0.1518720597302342
298,0.1961,0,42,0,3147,602463,67,107889,5.580634703027159,0.1518810392594094
299,0.1962,3,24,3,3171,602439,70,107886,5.580412390233058,0.15188258895575968
300,0.1963,2,29,2,3200,602410,72,107884,5.580143762273519,0.15188640196876224
301,0.1964,0,6,0,3206,602404,72,107884,5.580088184074993,0.15188768499538216
302,0.1965,0,39,0,3245,602365,72,107884,5.579726925784579,0.15189602519679718
303,0.1966,2,60,2,3305,602305,74,107882,5.579171143799326,0.15190646970445812
304,0.1967,0,5,0,3310,602300,74,107882,5.579124828633888,0.1519075391941784
305,0.1968,1,29,1,3339,602271,75,107881,5.578856200674349,0.15191254829951897
306,0.1969,0,2,0,3341,602269,75,107881,5.578837674608174,0.15191297613180313
307,0.197,0,11,0,3352,602258,75,107881,5.578735781244211,0.15191532925244214
308,0.1971,1,5,1,3357,602253,76,107880,5.578689466078773,0.1519152046166
309,0.1972,0,6,0,3363,602247,76,107880,5.5786338878802475,0.15191648817746684
310,0.1973,0,27,0,3390,602220,76,107880,5.578383785986883,0.15192226446979298
311,0.1974,1,42,1,3432,602178,77,107879,5.577994738597206,0.15193005631942225
312,0.1975,1,8,1,3440,602170,78,107878,5.577920634332505,0.151930573707693
313,0.1976,0,35,0,3475,602135,78,107878,5.5775964281744415,0.15193806310588678
314,0.1977,1,8,1,3483,602127,79,107877,5.577522323909741,0.1519385806277148
315,0.1978,0,22,0,3505,602105,79,107877,5.577318537181815,0.15194328870309387
316,0.1979,1,12,1,3517,602093,80,107876,5.577207380784764,0.15194466237258247
317,0.198,1,19,1,3536,602074,81,107875,5.5770313831561005,0.15194753425950314
318,0.1981,0,7,0,3543,602067,81,107875,5.576966541924488,0.15194903245617247
319,0.1982,0,16,0,3559,602051,81,107875,5.576818333395087,0.1519524570166468
320,0.1983,1,84,1,3643,601967,82,107874,5.576040238615732,0.151969243816573
321,0.1984,0,40,0,3683,601927,82,107874,5.5756697172922305,0.15197780786445778
322,0.1985,1,8,1,3691,601919,83,107873,5.57559561302753,0.15197832604481312
323,0.1986,0,8,0,3699,601911,83,107873,5.575521508762829,0.1519800389977796
324,0.1987,1,42,1,3741,601869,84,107872,5.575132461373152,0.15198783781689376
325,0.1988,2,11,2,3752,601858,86,107870,5.575030568009189,0.1519878037783489
326,0.1989,0,63,0,3815,601795,86,107870,5.574446996924673,0.15200129638632312
327,0.199,0,17,0,3832,601778,86,107870,5.574289525362184,0.15200493765923387
328,0.1991,1,57,1,3889,601721,87,107869,5.573761532476194,0.15201595287419495
329,0.1992,1,18,1,3907,601703,88,107868,5.573594797880618,0.15201861406399078
330,0.1993,0,7,0,3914,601696,88,107868,5.573529956649005,0.1520201137599991
331,0.1994,1,32,1,3946,601664,89,107867,5.573233539590204,0.15202577477234963
332,0.1995,0,8,0,3954,601656,89,107867,5.573159435325503,0.15202748889042356
333,0.1996,0,9,0,3963,601647,89,107867,5.573076068027715,0.15202941731946093
334,0.1997,1,63,1,4026,601584,90,107866,5.572492496943199,0.15204172246106137
335,0.1998,0,7,0,4033,601577,90,107866,5.572427655711587,0.1520432226408605
336,0.1999,0,12,0,4045,601565,90,107866,5.572316499314535,0.15204579444653532
337,0.2,0,3,0,4048,601562,90,107866,5.572288710215273,0.15204643741154847
338,0.2001,1,44,1,4092,601518,91,107865,5.57188113675942,0.1520546728636012
339,0.2002,1,17,1,4109,601501,92,107864,5.571723665196932,0.15205712151008297
340,0.2003,1,25,1,4134,601476,93,107863,5.571492089369743,0.15206128522469511
341,0.2005,2,54,2,4188,601422,95,107861,5.570991885583015,0.1520704711659521
342,0.2006,2,33,2,4221,601389,97,107859,5.570686205491126,0.1520751556578235
343,0.2007,1,18,1,4239,601371,98,107858,5.57051947089555,0.15207781971690384
344,0.2008,0,7,0,4246,601364,98,107858,5.570454629663937,0.1520793207204514
345,0.2009,0,31,0,4277,601333,98,107858,5.570167475638223,0.1520859683780533
346,0.201,1,8,1,4285,601325,99,107857,5.570093371373522,0.15208648837674954
347,0.2011,0,3,0,4288,601322,99,107857,5.5700655822742595,0.15208713173965951
348,0.2012,1,4,1,4292,601318,100,107856,5.57002853014191,0.15208679393209565
349,0.2013,0,1,0,4293,601317,100,107856,5.5700192671088224,0.15208700838864425
350,0.2014,1,12,1,4305,601305,101,107855,5.569908110711771,0.15208838625980034
351,0.2015,0,3,0,4308,601302,101,107855,5.569880321612509,0.15208902965069795
352,0.2016,0,36,0,4344,601266,101,107855,5.5695468524213565,0.15209675076608928
353,0.2017,1,8,1,4352,601258,102,107854,5.569472748156657,0.15209727095296652
354,0.2018,0,12,0,4364,601246,102,107854,5.5693615917596055,0.15209984487378367
355,0.2019,0,1,0,4365,601245,102,107854,5.569352328726518,0.15210005937111742
356,0.202,0,10,0,4375,601235,102,107854,5.569259698395642,0.15210220437772973
357,0.2021,0,64,0,4439,601171,102,107854,5.568666864278039,0.15211593385282607
358,0.2022,0,17,0,4456,601154,102,107854,5.5685093927155505,0.1521195811612845
359,0.2023,0,10,0,4466,601144,102,107854,5.568416762384675,0.1521217267185521
360,0.2024,1,31,1,4497,601113,103,107853,5.568129608358961,0.15212718240366957
361,0.2025,0,2,0,4499,601111,103,107853,5.568111082292786,0.15212761155714535
362,0.2026,1,8,1,4507,601103,104,107852,5.568036978028085,0.15212813225098915
363,0.2027,2,22,2,4529,601081,106,107850,5.567833191300159,0.1521304612155485
364,0.2028,1,15,1,4544,601066,107,107849,5.567694245803846,0.15213248414831115
365,0.2029,0,2,0,4546,601064,107,107849,5.567675719737671,0.1521329133476181
366,0.203,5,75,5,4621,600989,112,107844,5.566980992256104,0.1521430294582786
367,0.2031,0,30,0,4651,600959,112,107844,5.566703101263478,0.15214946889333145
368,0.2032,0,9,0,4660,600950,112,107844,5.566619733965689,0.15215140083014247
369,0.2033,3,13,3,4673,600937,115,107841,5.566499314535552,0.1521506028685992
370,0.2034,1,13,1,4686,600924,116,107840,5.566378895105413,0.15215219734636634
371,0.2035,1,44,1,4730,600880,117,107839,5.5659713216495605,0.1521604472294379
372,0.2036,0,24,0,4754,600856,117,107839,5.56574900885546,0.15216560015239278
373,0.2037,1,24,1,4778,600832,118,107838,5.565526696061358,0.15216955705758675
374,0.2038,0,18,0,4796,600814,118,107838,5.5653599614657825,0.15217342221569966
375,0.2039,2,61,2,4857,600753,120,107836,5.5647949164474415,0.15218412930485797
376,0.204,0,12,0,4869,600741,120,107836,5.564683760050391,0.15218670659646022
377,0.2041,0,4,0,4873,600737,120,107836,5.56464670791804,0.1521875657130599
378,0.2042,0,5,0,4878,600732,120,107836,5.564600392752603,0.15218863962244977
379,0.2043,2,30,2,4908,600702,122,107834,5.5643225017599764,0.15219269027967527
380,0.2044,1,105,1,5013,600597,123,107833,5.563349883285783,0.152214050788363
381,0.2045,0,9,0,5022,600588,123,107833,5.563266515987995,0.15221598456285176
382,0.2046,0,13,0,5035,600575,123,107833,5.5631460965578565,0.15221877787941412
383,0.2047,2,15,2,5050,600560,125,107831,5.5630071510615435,0.15221960753312788
384,0.2048,0,7,0,5057,600553,125,107831,5.562942309829931,0.15222111171342098
385,0.2049,4,93,4,5150,600460,129,107827,5.562080847752788,0.15223631098693044
386,0.205,0,11,0,5161,600449,129,107827,5.561978954388825,0.1522386753186611
387,0.2051,0,25,0,5186,600424,129,107827,5.561747378561636,0.15224404907299813
388,0.2052,1,5,1,5191,600419,130,107826,5.561701063396199,0.15224392688970625
389,0.2053,0,44,0,5235,600375,130,107826,5.561293489940346,0.15225338569135033
390,0.2054,2,47,2,5282,600328,132,107824,5.560858127385231,0.15226109648775968
391,0.2055,6,136,6,5418,600192,138,107818,5.559598354885324,0.15228315984237512
392,0.2056,0,1,0,5419,600191,138,107818,5.559589091852236,0.15228337492884977
393,0.2057,0,6,0,5425,600185,138,107818,5.559533513653711,0.15228466546045707
394,0.2058,0,27,0,5452,600158,138,107818,5.5592834117603465,0.1522904731233827
395,0.2059,0,4,0,5456,600154,138,107818,5.559246359627997,0.15229133355556435
396,0.206,1,15,1,5471,600139,139,107817,5.559107414131684,0.1522933628643588
397,0.2061,0,8,0,5479,600131,139,107817,5.559033309866983,0.15229508381971557
398,0.2062,1,22,1,5501,600109,140,107816,5.558829523139057,0.15229861920401172
399,0.2063,0,12,0,5513,600097,140,107816,5.558718366742006,0.15230120085377724
400,0.2064,1,25,1,5538,600072,141,107815,5.5584867909148175,0.15230538207369254
401,0.2065,0,39,0,5577,600033,141,107815,5.558125532624403,0.1523137735785084
402,0.2066,3,72,3,5649,599961,144,107812,5.557458594242099,0.1523256750398786
403,0.2067,1,7,1,5656,599954,145,107811,5.557393753010485,0.1523259839070878
404,0.2068,1,11,1,5667,599943,146,107810,5.557291859646523,0.15232715368214617
405,0.2069,0,2,0,5669,599941,146,107810,5.557273333580348,0.1523275841362287
406,0.207,2,62,2,5731,599879,148,107808,5.5566990255289195,0.15233853384335166
407,0.2071,3,31,3,5762,599848,151,107805,5.556411871503205,0.15234161375702499
408,0.2072,0,4,0,5766,599844,151,107805,5.556374819370855,0.15234247487101657
409,0.2073,3,31,3,5797,599813,154,107802,5.5560876653451405,0.1523455551394473
410,0.2074,0,38,0,5835,599775,154,107802,5.555735670087814,0.15235373676645791
411,0.2075,1,28,1,5863,599747,155,107801,5.555476305161362,0.15235856789928034
412,0.2076,3,51,3,5914,599696,158,107798,5.5550038904738965,0.15236595646040815
413,0.2077,1,12,1,5926,599684,159,107797,5.554892734076846,0.15236734272722519
414,0.2078,3,39,3,5965,599645,162,107794,5.5545314757864315,0.15237214798731763
415,0.2079,1,30,1,5995,599615,163,107793,5.554253584793805,0.15237741162101645
416,0.208,0,66,0,6061,599549,163,107793,5.5536422246100265,0.15239162950878077
417,0.2081,3,65,3,6126,599484,166,107790,5.553040127459336,0.15240203937936359
418,0.2082,0,12,0,6138,599472,166,107790,5.5529289710622844,0.15240462516012454
419,0.2084,6,74,6,6212,599398,172,107784,5.552243506613806,0.15241338156231352
420,0.2085,1,30,1,6242,599368,173,107783,5.551965615621179,0.15241864891656803
421,0.2086,0,37,0,6279,599331,173,107783,5.55162288339694,0.1524266242784049
422,0.2087,3,48,3,6327,599283,176,107780,5.551178257808737,0.1524333758095106
423,0.2088,0,25,0,6352,599258,176,107780,5.550946681981548,0.15243876566747475
424,0.2089,0,16,0,6368,599242,176,107780,5.550798473452147,0.1524422153766078
425,0.209,1,1,1,6369,599241,177,107779,5.55078921041906,0.15244123221408165
426,0.2091,0,32,0,6401,599209,177,107779,5.550492793360258,0.15244813207579194
427,0.2092,5,57,5,6458,599152,182,107774,5.549964800474267,0.15245442945937765
428,0.2093,2,15,2,6473,599137,184,107772,5.5498258549779536,0.152455266519453
429,0.2094,0,35,0,6508,599102,184,107772,5.54950164881989,0.15246281515517618
430,0.2095,0,13,0,6521,599089,184,107772,5.549381229389751,0.15246561912455206
431,0.2096,2,4,2,6525,599085,186,107770,5.549344177257401,0.1524640838644418
432,0.2097,7,185,7,6710,598900,193,107763,5.547630516136204,0.15249560257152278
433,0.2098,0,40,0,6750,598860,193,107763,5.547259994812701,0.15250423493149812
434,0.2099,1,16,1,6766,598844,194,107762,5.547111786283301,0.1525064887646015
435,0.21,1,61,1,6827,598783,195,107761,5.54654674126496,0.1525184560338776
436,0.2101,3,50,3,6877,598733,198,107758,5.546083589610582,0.15252565142372657
437,0.2102,3,40,3,6917,598693,201,107755,5.54571306828708,0.15253068874142187
438,0.2103,0,14,0,6931,598679,201,107755,5.545583385823854,0.15253371157107387
439,0.2104,0,36,0,6967,598643,201,107755,5.545249916632702,0.1525414851117925
440,0.2105,2,59,2,7026,598584,203,107753,5.544703397680537,0.15255182724393596
441,0.2106,4,121,4,7147,598463,207,107749,5.543582570676943,0.15257316499861232
442,0.2107,1,21,1,7168,598442,208,107748,5.543388046982104,0.15257650207451254
443,0.2108,0,24,0,7192,598418,208,107748,5.543165734188003,0.15258168759186932
444,0.2109,0,11,0,7203,598407,208,107748,5.54306384082404,0.1525840644051235
445,0.211,0,19,0,7222,598388,208,107748,5.542887843195376,0.15258816998425231
446,0.2111,3,56,3,7278,598332,211,107745,5.542369113342473,0.15259667146784275
447,0.2112,0,25,0,7303,598307,211,107745,5.542137537515284,0.15260207463472944
448,0.2113,1,19,1,7322,598288,212,107744,5.54196153988662,0.15260498107734494
449,0.2114,5,106,5,7428,598182,217,107739,5.54097965837934,0.15262189395130615
450,0.2115,1,44,1,7472,598138,218,107738,5.540572084923487,0.1526302070051964
451,0.2116,2,97,2,7569,598041,220,107736,5.539673570713995,0.1526487828308375
452,0.2117,4,36,4,7605,598005,224,107732,5.539340101522843,0.15265176687632928
453,0.2118,1,15,1,7620,597990,225,107731,5.53920115602653,0.15265381078358162
454,0.2119,0,9,0,7629,597981,225,107731,5.539117788728741,0.15265575758949826
455,0.212,7,94,7,7723,597887,232,107724,5.5382470636185115,0.1526676880037301
456,0.2121,0,20,0,7743,597867,232,107724,5.5380618029567605,0.15267201537434577
457,0.2122,2,129,2,7872,597738,234,107722,5.536866871688465,0.1526975306891957
458,0.2123,0,48,0,7920,597690,234,107722,5.536422246100263,0.1527079210447228
459,0.2124,1,54,1,7974,597636,235,107721,5.535922042313535,0.15271841067714648
460,0.2125,5,63,5,8037,597573,240,107716,5.535338471229019,0.1527260456351935
461,0.2126,1,103,1,8140,597470,241,107715,5.534384378821001,0.15274715145670995
462,0.2127,0,2,0,8142,597468,241,107715,5.534365852754826,0.15274758466951133
463,0.2128,0,35,0,8177,597433,241,107715,5.534041646596761,0.15275516629133176
464,0.2129,0,10,0,8187,597423,241,107715,5.533949016265886,0.15275733260723434
465,0.213,0,14,0,8201,597409,241,107715,5.5338193338026604,0.15276036555272549
466,0.2131,1,25,1,8226,597384,242,107714,5.5335877579754715,0.1527645802427464
467,0.2132,0,5,0,8231,597379,242,107714,5.533541442810034,0.1527656635365831
468,0.2133,0,3,0,8234,597376,242,107714,5.533513653710771,0.15276631352025982
469,0.2134,0,18,0,8252,597358,242,107714,5.533346919115195,0.1527702135384755
470,0.2135,1,30,1,8282,597328,243,107713,5.5330690281225685,0.15277551234609052
471,0.2136,0,25,0,8307,597303,243,107713,5.53283745229538,0.1527809297945011
472,0.2137,2,93,2,8400,597210,245,107711,5.531975990218237,0.15279868240554614
473,0.2138,0,4,0,8404,597206,245,107711,5.5319389380858865,0.15279954945050267
474,0.2139,0,24,0,8428,597182,245,107711,5.531716625291786,0.1528047519268882
475,0.214,1,37,1,8465,597145,246,107710,5.5313738930675465,0.15281157117421312
476,0.2141,0,21,0,8486,597124,246,107710,5.531179369372707,0.1528161240802799
477,0.2142,0,8,0,8494,597116,246,107710,5.531105265108007,0.15281785859204966
478,0.2143,1,21,1,8515,597095,247,107709,5.530910741413169,0.15282120986827544
479,0.2144,0,13,0,8528,597082,247,107709,5.53079032198303,0.1528240286836807
480,0.2145,0,39,0,8567,597043,247,107709,5.530429063692615,0.15283248575385383
481,0.2146,0,44,0,8611,596999,247,107709,5.530021490236763,0.15284202818756137
482,0.2147,0,38,0,8649,596961,247,107709,5.529669494979436,0.15285027033930776
483,0.2148,1,33,1,8682,596928,248,107708,5.529363814887547,0.1528562264772166
484,0.2149,0,15,0,8697,596913,248,107708,5.529224869391234,0.15285948048667297
485,0.215,0,13,0,8710,596900,248,107708,5.529104449961095,0.15286230074026977
486,0.2151,1,40,1,8750,596860,249,107707,5.528733928637593,0.15286977675650434
487,0.2152,0,23,0,8773,596837,249,107707,5.528520878876579,0.1528747672253259
488,0.2153,3,98,3,8871,596739,252,107704,5.527613101633999,0.15289242706649084
489,0.2154,1,8,1,8879,596731,253,107703,5.527538997369299,0.1528929608735524
490,0.2155,1,11,1,8890,596720,254,107702,5.527437104005336,0.152894145838716
491,0.2156,2,34,2,8924,596686,256,107700,5.527122160880358,0.15289912065259673
492,0.2157,3,10,3,8934,596676,259,107697,5.527029530549483,0.15289768347168334
493,0.2158,1,25,1,8959,596651,260,107696,5.526797954722294,0.1529019077244597
494,0.2159,3,60,3,9019,596591,263,107693,5.526242172737041,0.15291132554480863
495,0.216,1,17,1,9036,596574,264,107692,5.526084701174552,0.15291381381466662
496,0.2161,4,52,4,9088,596522,268,107688,5.525603023454,0.15292029366240184
497,0.2162,1,110,1,9198,596412,269,107687,5.524584089814369,0.15294298102965634
498,0.2163,1,10,1,9208,596402,270,107686,5.524491459483493,0.15294395018804469
499,0.2164,0,18,0,9226,596384,270,107686,5.524324724887918,0.15294786029798174
500,0.2165,0,25,0,9251,596359,270,107686,5.524093149060729,0.15295329133791163
501,0.2166,3,72,3,9323,596287,273,107683,5.523426210678425,0.1529653252269273
502,0.2167,1,35,1,9358,596252,274,107682,5.52310200452036,0.15297172746308602
503,0.2168,1,38,1,9396,596214,275,107681,5.522750009263033,0.15297878234679887
504,0.2169,2,75,2,9471,596139,277,107679,5.5220552817814665,0.15299267708413256
505,0.217,3,93,3,9564,596046,280,107676,5.521193819704324,0.1530092849164869
506,0.2171,1,60,1,9624,595986,281,107675,5.5206380377190705,0.15302112807161403
507,0.2172,1,37,1,9661,595949,282,107674,5.520295305494831,0.1530279709446678
508,0.2173,4,30,4,9691,595919,286,107670,5.520017414502204,0.15302968068005612
509,0.2174,3,56,3,9747,595863,289,107667,5.519498684649301,0.15303824996801843
510,0.2175,1,17,1,9764,595846,290,107666,5.519341213086813,0.1530407441521964
511,0.2176,0,7,0,9771,595839,290,107666,5.5192763718552005,0.15304226693484765
512,0.2177,1,17,1,9788,595822,291,107665,5.519118900292712,0.15304476131044356
513,0.2178,4,148,4,9936,595674,295,107661,5.517747971395754,0.15307214911813005
514,0.2179,1,13,1,9949,595661,296,107660,5.5176275519656155,0.15307377427945418
515,0.218,5,56,5,10005,595605,301,107655,5.5171088221127125,0.1530799419844723
516,0.2181,1,23,1,10028,595582,302,107654,5.516895772351699,0.15308374429067909
517,0.2182,0,6,0,10034,595576,302,107654,5.516840194153174,0.15308505041024983
518,0.2183,8,156,8,10190,595420,310,107646,5.515395160991515,0.15310938091160717
519,0.2184,1,41,1,10231,595379,311,107645,5.515015376634925,0.1531171055326703
520,0.2185,4,30,4,10261,595349,315,107641,5.514737485642299,0.1531188210358611
521,0.2186,3,24,3,10285,595325,318,107638,5.514515172848197,0.1531204345036652
522,0.2187,5,104,5,10389,595221,323,107633,5.513551817407092,0.15313706687306325
523,0.2188,0,24,0,10413,595197,323,107633,5.51332950461299,0.15314229614558286
524,0.2189,7,34,7,10447,595163,330,107626,5.5130145614880135,0.1531412699971115
525,0.219,3,50,3,10497,595113,333,107623,5.512551409833636,0.153148550807131
526,0.2191,0,53,0,10550,595060,333,107623,5.512060469079995,0.1531601020659387
527,0.2192,10,139,10,10689,594921,343,107613,5.510772907480826,0.15317835151038953
528,0.2193,1,30,1,10719,594891,344,107612,5.510495016488199,0.15318368747179728
529,0.2194,4,85,4,10804,594806,348,107608,5.509707658675757,0.15319740210189434
530,0.2195,7,170,7,10974,594636,355,107601,5.508132943050873,0.15322604761640302
531,0.2196,2,57,2,11031,594579,357,107599,5.507604950164882,0.1532360740439034
532,0.2197,4,110,4,11141,594469,361,107595,5.506586016525251,0.15325525877982635
533,0.2198,2,87,2,11228,594382,363,107593,5.505780132646634,0.15327184016524806
534,0.2199,5,99,5,11327,594283,368,107588,5.504863092370966,0.15328742746174154
535,0.22,1,27,1,11354,594256,369,107587,5.504612990477602,0.15329211803779477
536,0.2201,6,113,6,11467,594143,375,107581,5.503566267738709,0.15330956330409107
537,0.2202,1,26,1,11493,594117,376,107580,5.503325428878432,0.15331403725539655
538,0.2203,1,21,1,11514,594096,377,107579,5.5031309051835935,0.15331741903302812
539,0.2204,3,38,3,11552,594058,380,107576,5.502778909926266,0.15332210240666785
540,0.2205,3,59,3,11611,593999,383,107573,5.5022323909741,0.15333137582457682
541,0.2206,2,89,2,11700,593910,385,107571,5.501407981029308,0.15334841570904986
542,0.2207,6,99,6,11799,593811,391,107565,5.50049094075364,0.15336281823159048
543,0.2208,0,14,0,11813,593797,391,107565,5.500361258290415,0.15336587953154007
544,0.2209,2,22,2,11835,593775,393,107563,5.500157471562488,0.1533682760666041
545,0.221,1,13,1,11848,593762,394,107562,5.50003705213235,0.15336991176688664
546,0.2211,2,42,2,11890,593720,396,107560,5.499648004742673,0.15337668263746293
547,0.2212,1,55,1,11945,593665,397,107559,5.499138537922858,0.15338750527648798
548,0.2213,1,25,1,11970,593640,398,107558,5.498906962095669,0.15339176666219811
549,0.2214,1,15,1,11985,593625,399,107557,5.498768016599355,0.15339384068615566
550,0.2215,1,30,1,12015,593595,400,107556,5.498490125606729,0.15339919646409975
551,0.2216,2,30,2,12045,593565,402,107554,5.498212234614102,0.1534033452238493
552,0.2217,0,10,0,12055,593555,402,107554,5.498119604283226,0.1534055332337768
553,0.2218,0,22,0,12077,593533,402,107554,5.497915817555301,0.1534103470753273
554,0.2219,1,30,1,12107,593503,403,107553,5.497637926562674,0.15341570430892826
555,0.222,2,22,2,12129,593481,405,107551,5.4974341398347475,0.15341810359584157
556,0.2221,4,108,4,12237,593373,409,107547,5.496433732261291,0.15343691148775895
557,0.2222,1,20,1,12257,593353,410,107546,5.49624847159954,0.1534400819518932
558,0.2223,0,20,0,12277,593333,410,107546,5.496063210937789,0.15344446045608442
559,0.2224,4,132,4,12409,593201,414,107542,5.494840490570232,0.1534685326860204
560,0.2225,0,111,0,12520,593090,414,107542,5.493812293897514,0.15349284645862593
561,0.2226,7,161,7,12681,592929,421,107535,5.492320945570418,0.1535196669636127
562,0.2227,5,114,5,12795,592815,426,107530,5.491264959798436,0.15353861311210903
563,0.2228,3,79,3,12874,592736,429,107527,5.49053318018452,0.1535523082042033
564,0.2229,3,65,3,12939,592671,432,107524,5.489931083033829,0.1535629360392462
565,0.223,0,38,0,12977,592633,432,107524,5.489579087776502,0.15357127044362906
566,0.2231,1,62,1,13039,592571,433,107523,5.489004779725073,0.1535836616225821
567,0.2232,1,60,1,13099,592511,434,107522,5.48844899773982,0.15359561620666454
568,0.2233,1,7,1,13106,592504,435,107521,5.488384156508207,0.15359594300203563
569,0.2234,1,8,1,13114,592496,436,107520,5.488310052243507,0.15359648922310348
570,0.2235,3,62,3,13176,592434,439,107517,5.487735744192078,0.15360646673838596
571,0.2236,0,38,0,13214,592396,439,107517,5.487383748934751,0.153614806411654
572,0.2237,2,60,2,13274,592336,441,107515,5.486827966949498,0.1536255574400837
573,0.2238,1,35,1,13309,592301,442,107514,5.486503760791433,0.1536320313225638
574,0.2239,5,81,5,13390,592220,447,107509,5.485753455111341,0.1536437678015346
575,0.224,1,19,1,13409,592201,448,107508,5.4855774574826786,0.15364673028358933
576,0.2241,4,39,4,13448,592162,452,107504,5.485216199192264,0.15365045607475566
577,0.2242,3,101,3,13549,592061,455,107501,5.48428063285042,0.1536690100377093
578,0.2243,2,114,2,13663,591947,457,107499,5.48322464707844,0.15369163595188193
579,0.2244,4,127,4,13790,591820,461,107495,5.48204824187632,0.15371470653425137
580,0.2245,3,109,3,13899,591711,464,107492,5.481038571269776,0.153735038322204
581,0.2246,0,39,0,13938,591672,464,107492,5.480677312979362,0.15374361380162593
582,0.2247,2,24,2,13962,591648,466,107490,5.480455000185261,0.15374647065386232
583,0.2248,6,116,6,14078,591532,472,107484,5.479380488347104,0.15376472069308858
584,0.2249,1,41,1,14119,591491,473,107483,5.479000703990515,0.1537725294503086
585,0.225,4,82,4,14201,591409,477,107479,5.478241135277335,0.15378572818534586
586,0.2251,0,42,0,14243,591367,477,107479,5.4778520878876575,0.15379497056576127
587,0.2252,3,94,3,14337,591273,480,107476,5.476981362777428,0.1538120269223999
588,0.2253,4,170,4,14507,591103,484,107472,5.4754066471525435,0.15384461224635865
589,0.2254,4,92,4,14599,591011,488,107468,5.4745544481084885,0.1538600301512286
590,0.2255,0,18,0,14617,590993,488,107468,5.474387713512913,0.15386399526959987
591,0.2256,6,180,6,14797,590813,494,107462,5.4727203675571525,0.15389638752640436
592,0.2257,1,15,1,14812,590798,495,107461,5.4725814220608395,0.15389848179543694
593,0.2258,3,13,3,14825,590785,498,107458,5.472461002630701,0.15389771182811715
594,0.2259,3,38,3,14863,590747,501,107455,5.4721090073733745,0.1539024522989049
595,0.226,4,39,4,14902,590708,505,107451,5.47174774908296,0.15390620188237922
596,0.2261,6,79,6,14981,590629,511,107445,5.471015969469043,0.15391634697754106
597,0.2262,9,40,9,15021,590589,520,107436,5.47064544814554,0.15391425808531214
598,0.2263,3,51,3,15072,590538,523,107433,5.470173033458075,0.15392186781399228
599,0.2264,3,29,3,15101,590509,526,107430,5.469904405498537,0.15392462665075315
600,0.2265,0,36,0,15137,590473,526,107430,5.469570936307385,0.15393256656010937
601,0.2266,4,48,4,15185,590425,530,107426,5.469126310719182,0.1539383048817011
602,0.2267,2,73,2,15258,590352,532,107424,5.468450109303791,0.15395198459104353
603,0.2268,6,164,6,15422,590188,538,107418,5.4669309718774315,0.15398090039363194
604,0.2269,1,15,1,15437,590173,539,107417,5.4667920263811185,0.1539829986094984
605,0.227,1,19,1,15456,590154,540,107416,5.466616028752455,0.1539859799016586
606,0.2271,8,94,8,15550,590060,548,107408,5.465745303642224,0.15399702925438874
607,0.2272,4,127,4,15677,589933,552,107404,5.464568898440105,0.15402022264701284
608,0.2273,3,139,3,15816,589794,555,107401,5.463281336840935,0.15404728949576518
609,0.2274,10,133,10,15949,589661,565,107391,5.462049353440291,0.1540645461170759
610,0.2275,6,123,6,16072,589538,571,107385,5.4609100003705215,0.15408445409320684
611,0.2276,0,19,0,16091,589519,571,107385,5.460734002741858,0.1540886549653898
612,0.2277,5,50,5,16141,589469,576,107380,5.46027085108748,0.1540936415206164
613,0.2278,4,24,4,16165,589445,580,107376,5.460048538293379,0.15409409303106536
614,0.2279,5,105,5,16270,589340,585,107371,5.459075919819186,0.15411124555231653
615,0.228,5,135,5,16405,589205,590,107366,5.457825410352366,0.15413504151048493
616,0.2281,2,63,2,16468,589142,592,107364,5.45724183926785,0.15414655437282665
617,0.2282,6,101,6,16569,589041,598,107358,5.456306272926007,0.1541616228627554
618,0.2283,0,13,0,16582,589028,598,107358,5.456185853495868,0.15416450072230056
619,0.2284,1,43,1,16625,588985,599,107357,5.455787543073104,0.15417280589135798
620,0.2285,3,38,3,16663,588947,602,107354,5.455435547815777,0.15417757550254846
621,0.2286,7,125,7,16788,588822,609,107347,5.454277668679833,0.15419675394911292
622,0.2287,3,35,3,16823,588787,612,107344,5.453953462521768,0.15420086161943658
623,0.2288,1,18,1,16841,588769,613,107343,5.453786727926192,0.15420363389799344
624,0.2289,3,54,3,16895,588715,616,107340,5.453286524139465,0.15421195164175244
625,0.229,9,183,9,17078,588532,625,107331,5.451591389084442,0.15424156766489955
626,0.2291,5,89,5,17167,588443,630,107326,5.450766979139649,0.15425521976403087
627,0.2292,7,125,7,17292,588318,637,107319,5.4496091000037055,0.15427442761095225
628,0.2293,4,52,4,17344,588266,641,107315,5.449127422283152,0.1542810973847762
629,0.2294,1,25,1,17369,588241,642,107314,5.448895846455963,0.15428542674554852
630,0.2295,0,42,0,17411,588199,642,107314,5.448506799066286,0.1542947435921399
631,0.2296,2,54,2,17465,588145,644,107312,5.448006595279558,0.15430429199792367
632,0.2297,2,65,2,17530,588080,646,107310,5.447404498128868,0.15431628294913646
633,0.2298,12,269,12,17799,587811,658,107298,5.444912742228316,0.15436140231244308
634,0.2299,5,76,5,17875,587735,663,107293,5.444208751713661,0.15437219795461476
635,0.23,3,37,3,17912,587698,666,107290,5.4438660194894215,0.1543767662175462
636,0.2301,1,45,1,17957,587653,667,107289,5.443449183000482,0.1543855458441136
637,0.2302,4,129,4,18086,587524,671,107285,5.442254251732187,0.15440934127220574
638,0.2303,4,168,4,18254,587356,675,107281,5.440698062173478,0.15444181637315604
639,0.2304,8,129,8,18383,587227,683,107273,5.439503130905184,0.15446076313894888
640,0.2305,0,17,0,18400,587210,683,107273,5.439345659342695,0.15446454412851
641,0.2306,3,72,3,18472,587138,686,107270,5.438678720960391,0.15447690694807664
642,0.2307,11,127,11,18599,587011,697,107259,5.437502315758272,0.15449176833220504
643,0.2308,6,123,6,18722,586888,703,107253,5.436362962688503,0.1545118354916364
644,0.2309,9,166,9,18888,586722,712,107244,5.4348252991959685,0.1545378303836211
645,0.231,2,56,2,18944,586666,714,107242,5.434306569343065,0.15454786513485938
646,0.2311,3,29,3,18973,586637,717,107239,5.434037941383527,0.15455066899561304
647,0.2312,3,52,3,19025,586585,720,107236,5.4335562636629735,0.15455859652561685
648,0.2313,7,159,7,19184,586426,727,107229,5.432083441402053,0.15458549278820163
649,0.2314,5,70,5,19254,586356,732,107224,5.4314350290859235,0.15459499985582054
650,0.2315,6,162,6,19416,586194,738,107218,5.4299344177257405,0.1546238022993545
651,0.2316,3,140,3,19556,586054,741,107215,5.428637593093483,0.15465136909338223
652,0.2317,4,49,4,19605,586005,745,107211,5.428183704472192,0.15465742279462677
653,0.2318,13,151,13,19756,585854,758,107198,5.426784986475972,0.15467526246226834
654,0.2319,2,95,2,19851,585759,760,107196,5.425904998332654,0.15469402775071975
655,0.232,4,76,4,19927,585683,764,107192,5.425201007818,0.15470611582175717
656,0.2321,1,81,1,20008,585602,765,107191,5.424450702137908,0.15472298363291778
657,0.2322,5,107,5,20115,585495,770,107186,5.42345955759754,0.15474078255358528
658,0.2323,3,91,3,20206,585404,773,107183,5.422616621586572,0.15475745285429846
659,0.2324,15,235,15,20441,585169,788,107168,5.420439808810997,0.15479166937488537
660,0.2325,2,78,2,20519,585091,790,107166,5.4197172922301675,0.15480666862162462
661,0.2326,3,54,3,20573,585037,793,107163,5.41921708844344,0.15481508234614275
662,0.2327,1,37,1,20610,585000,794,107162,5.4188743562192005,0.1548221370141672
663,0.2328,3,51,3,20661,584949,797,107159,5.4184019415317355,0.1548298820415311
664,0.2329,3,139,3,20800,584810,800,107156,5.417114379932565,0.1548573195792857
665,0.233,3,60,3,20860,584750,803,107153,5.416558597947311,0.15486708396986282
666,0.2331,2,102,2,20962,584648,805,107151,5.415613768572381,0.15488747454101554
667,0.2332,9,98,9,21060,584550,814,107142,5.414705991329801,0.15489842299751913
668,0.2333,10,223,10,21283,584327,824,107132,5.412640334951276,0.1549361567352511
669,0.2334,4,111,4,21394,584216,828,107128,5.411612138278558,0.15495614339605174
670,0.2335,7,128,7,21522,584088,835,107121,5.410426470043351,0.15497628069078961
671,0.2336,4,50,4,21572,584038,839,107117,5.409963318388973,0.15498260158719823
672,0.2337,6,145,6,21717,583893,845,107111,5.408620178591278,0.15500778577258598
673,0.2338,1,65,1,21782,583828,846,107110,5.408018081440587,0.15502114516787324
674,0.2339,3,114,3,21896,583714,849,107107,5.4069620956686055,0.1550430574635108
675,0.234,4,132,4,22028,583582,853,107103,5.4057393753010485,0.1550677950150937
676,0.2341,7,127,7,22155,583455,860,107096,5.4045629700989295,0.15508774876873685
677,0.2342,2,52,2,22207,583403,862,107094,5.404081292378376,0.15509698087030066
678,0.2343,6,122,6,22329,583281,868,107088,5.402951202341694,0.1551170461014327
679,0.2344,10,162,10,22491,583119,878,107078,5.401450590981511,0.15514121330576633
680,0.2345,8,105,8,22596,583014,886,107070,5.400477972507318,0.1551550246057002
681,0.2346,5,112,5,22708,582902,891,107065,5.399440512801512,0.15517408803609448
682,0.2347,8,71,8,22779,582831,899,107057,5.398782837452296,0.15518026114383784
683,0.2348,12,204,12,22983,582627,911,107045,5.396893178702435,0.1552114628403067
684,0.2349,3,46,3,23029,582581,914,107042,5.396467079180407,0.1552181409262742
685,0.235,12,186,12,23215,582395,926,107030,5.394744155026122,0.15524531312325487
686,0.2351,7,130,7,23345,582265,933,107023,5.393539960724739,0.1552660136256543
687,0.2352,12,239,12,23584,582026,945,107011,5.391326095816814,0.15530515777817447
688,0.2353,3,59,3,23643,581967,948,107008,5.390779576864649,0.15531477920098696
689,0.2354,11,157,11,23800,581810,959,106997,5.389325280669903,0.1553366908292163
690,0.2355,6,251,6,24051,581559,965,106991,5.387000259364926,0.15538595599448116
691,0.2356,4,225,4,24276,581334,969,106987,5.384916076920227,0.15543184066736304
692,0.2357,13,182,13,24458,581152,982,106974,5.383230204898292,0.15545699479455796
693,0.2358,4,73,4,24531,581079,986,106970,5.3825540034829,0.1554685785460047
694,0.2359,1,41,1,24572,581038,987,106969,5.382174219126311,0.15547661579024633
695,0.236,5,103,5,24675,580935,992,106964,5.381220126718293,0.15549375707771054
696,0.2361,6,106,6,24781,580829,998,106958,5.380238245211012,0.15551035422303708
697,0.2362,3,42,3,24823,580787,1001,106955,5.3798491978213345,0.1555161673999843
698,0.2363,13,211,13,25034,580576,1014,106942,5.377894697839861,0.15554792747244436
699,0.2364,5,85,5,25119,580491,1019,106937,5.377107340027418,0.15556101875396405
700,0.2365,4,57,4,25176,580434,1023,106933,5.376579347141428,0.15556900462198506
701,0.2366,5,72,5,25248,580362,1028,106928,5.375912408759124,0.15557915872484687
702,0.2367,4,66,4,25314,580296,1032,106924,5.375301048575346,0.15558918541369576
703,0.2368,5,74,5,25388,580222,1037,106919,5.374615584126866,0.15559979683936775
704,0.2369,4,81,4,25469,580141,1041,106915,5.373865278446774,0.15561322512284298
705,0.237,2,25,2,25494,580116,1043,106913,5.3736337026195855,0.1556164295830307
706,0.2371,1,68,1,25562,580048,1044,106912,5.373003816369632,0.15563060440200302
707,0.2372,3,51,3,25613,579997,1047,106909,5.372531401682167,0.1556384716394965
708,0.2373,2,101,2,25714,579896,1049,106907,5.371595835340324,0.15565890073281566
709,0.2374,9,130,9,25844,579766,1058,106898,5.370391641038942,0.15567730360117904
710,0.2375,10,162,10,26006,579604,1068,106888,5.368891029678758,0.15570174160805952
711,0.2376,5,156,5,26162,579448,1073,106883,5.3674459965171,0.15573098111552588
712,0.2377,4,71,4,26233,579377,1077,106879,5.366788321167883,0.15574217201743956
713,0.2378,4,58,4,26291,579319,1081,106875,5.366251065248805,0.15575041460578204
714,0.2379,6,78,6,26369,579241,1087,106869,5.365528548667976,0.15576073807406976
715,0.238,1,71,1,26440,579170,1088,106868,5.364870873318759,0.1557756275891423
716,0.2381,2,47,2,26487,579123,1090,106866,5.364435510763644,0.15578383909946078
717,0.2382,11,182,11,26669,578941,1101,106855,5.362749638741709,0.1558116407794738
718,0.2383,4,124,4,26793,578817,1105,106851,5.361601022638853,0.15583489385533522
719,0.2384,2,69,2,26862,578748,1107,106849,5.360961873355811,0.15584811485464492
720,0.2385,3,90,3,26952,578658,1110,106846,5.360128200377932,0.15586488189711512
721,0.2386,11,191,11,27143,578467,1121,106835,5.358358961058209,0.15589477339917293
722,0.2387,0,57,0,27200,578410,1121,106835,5.357830968172219,0.15590774102693197
723,0.2388,11,251,11,27451,578159,1132,106824,5.355505946867242,0.1559513155800947
724,0.2389,3,39,3,27490,578120,1135,106821,5.355144688576828,0.15595649844293158
725,0.239,8,170,8,27660,577950,1143,106813,5.353569972951943,0.15598535551716433
726,0.2391,1,61,1,27721,577889,1144,106812,5.353004927933602,0.15599801957350726
727,0.2392,12,340,12,28061,577549,1156,106800,5.349855496683834,0.15606072340282517
728,0.2393,7,133,7,28194,577416,1163,106793,5.348623513283189,0.1560824251069483
729,0.2394,4,148,4,28342,577268,1167,106789,5.347252584386231,0.15611125973420342
730,0.2395,3,107,3,28449,577161,1170,106786,5.346261439845863,0.15613198098683084
731,0.2396,2,141,2,28590,577020,1172,106784,5.344955352180518,0.15616170715585168
732,0.2397,5,48,5,28638,576972,1177,106779,5.344510726592316,0.15616649920804504
733,0.2398,7,81,7,28719,576891,1184,106772,5.343760420912224,0.15617636174547986
734,0.2399,10,141,10,28860,576750,1194,106762,5.342454333246878,0.15619623357014947
735,0.24,22,331,22,29191,576419,1216,106740,5.339388269294898,0.15624473951159246
736,0.2401,7,226,7,29417,576193,1223,106733,5.3372948238171105,0.15628779692089625
737,0.2402,4,41,4,29458,576152,1227,106729,5.336915039460521,0.15629223832556477
738,0.2403,7,164,7,29622,575988,1234,106722,5.335395902034162,0.15632113195939712
739,0.2404,7,104,7,29726,575884,1241,106715,5.334432546593057,0.15633629700600207
740,0.2405,19,195,19,29921,575689,1260,106696,5.332626255140983,0.15635748148039597
741,0.2406,11,268,11,30189,575421,1271,106685,5.330143762273519,0.15640530943870895
742,0.2407,2,98,2,30287,575323,1273,106683,5.329235985030938,0.15642531004126065
743,0.2408,9,130,9,30417,575193,1282,106674,5.328031790729557,0.15644399860969954
744,0.2409,5,216,5,30633,574977,1287,106669,5.326030975582645,0.1564873849476121
745,0.241,11,348,11,30981,574629,1298,106658,5.322807440068176,0.15655369910184694
746,0.2411,7,198,7,31179,574431,1305,106651,5.32097335951684,0.15659054269529954
747,0.2412,1,66,1,31245,574365,1306,106650,5.320361999333062,0.15660448007753133
748,0.2413,6,78,6,31323,574287,1312,106644,5.319639482752232,0.15661498742163302
749,0.2414,15,194,15,31517,574093,1327,106629,5.317842454333247,0.15664103701657944
750,0.2415,6,118,6,31635,573975,1333,106623,5.316749416428915,0.15666076009626828
751,0.2416,16,162,16,31797,573813,1349,106607,5.315248805068732,0.15667822815319948
752,0.2417,1,43,1,31840,573770,1350,106606,5.314850494645967,0.15668689077804038
753,0.2418,17,134,17,31974,573636,1367,106589,5.313609248212234,0.15669668124517622
754,0.2419,20,308,20,32282,573328,1387,106569,5.310756234021268,0.15674285958020112
755,0.242,7,156,7,32438,573172,1394,106562,5.309311200859609,0.15677014832272623
756,0.2421,4,73,4,32511,573099,1398,106558,5.308634999444218,0.15678202387380694
757,0.2422,14,258,14,32769,572841,1412,106544,5.306245136907629,0.1568241865805103
758,0.2423,9,98,9,32867,572743,1421,106535,5.305337359665049,0.15683564019444174
759,0.2424,13,250,13,33117,572493,1434,106522,5.30302160139316,0.15687724129805675
760,0.2425,6,125,6,33242,572368,1440,106516,5.301863722257216,0.15689867488407444
761,0.2426,11,82,11,33324,572286,1451,106505,5.301104153544037,0.15690396602194195
762,0.2427,12,217,12,33541,572069,1463,106493,5.299094075364037,0.15693923326092532
763,0.2428,7,146,7,33687,571923,1470,106486,5.297741672533254,0.15696430914094595
764,0.2429,0,82,0,33769,571841,1470,106486,5.296982103820075,0.1569832838734121
765,0.243,9,213,9,33982,571628,1479,106477,5.295009077772426,0.15702140523960154
766,0.2431,22,311,22,34293,571317,1501,106455,5.292128274482196,0.15706609302243232
767,0.2432,16,284,16,34577,571033,1517,106439,5.289497573085331,0.1571120282461858
768,0.2433,7,164,7,34741,570869,1524,106432,5.287978435658972,0.15714135960230385
769,0.2434,5,170,5,34911,570699,1529,106427,5.286403720034088,0.1571745878905846
770,0.2435,14,223,14,35134,570476,1543,106413,5.2843380636555635,0.15720893676806685
771,0.2436,6,184,6,35318,570292,1549,106407,5.282633665567453,0.15724421049831608
772,0.2437,8,128,8,35446,570164,1557,106399,5.281447997332246,0.15726399463168989
773,0.2438,9,294,9,35740,569870,1566,106390,5.278724665604505,0.15732114867062963
774,0.2439,6,122,6,35862,569748,1572,106384,5.277594575567824,0.15734205746806837
775,0.244,3,70,3,35932,569678,1575,106381,5.276946163251695,0.15735460958289144
776,0.2441,21,313,21,36245,569365,1596,106360,5.274046833895291,0.1574013097043916
777,0.2442,13,157,13,36402,569208,1609,106347,5.272592537700545,0.1574216755112463
778,0.2443,15,190,15,36592,569018,1624,106332,5.2708325614139095,0.15744724957429482
779,0.2444,9,215,9,36807,568803,1633,106323,5.268841009300085,0.15748615813936953
780,0.2445,3,133,3,36940,568670,1636,106320,5.26760902589944,0.15751344464362435
781,0.2446,7,167,7,37107,568503,1643,106313,5.266062099373819,0.1575436859825493
782,0.2447,5,137,5,37244,568366,1648,106308,5.264793063840824,0.15756943353382521
783,0.2448,10,354,10,37598,568012,1658,106298,5.26151395012783,0.15763966128338597
784,0.2449,4,61,4,37659,567951,1662,106294,5.260948905109489,0.15764892583556422
785,0.245,7,157,7,37816,567794,1669,106287,5.259494608914743,0.15767689639672383
786,0.2451,7,144,7,37960,567650,1676,106280,5.258160732150135,0.15770183846987076
787,0.2452,16,256,16,38216,567394,1692,106264,5.255789395679721,0.15774176214043328
788,0.2453,14,178,14,38394,567216,1706,106250,5.254140575790137,0.15776594512566336
789,0.2454,2,64,2,38458,567152,1708,106248,5.253547741672533,0.15777843777843778
790,0.2455,6,170,6,38628,566982,1714,106242,5.251973026047649,0.1578107732344658
791,0.2456,4,134,4,38762,566848,1718,106238,5.250731779613917,0.15783718573852376
792,0.2457,6,86,6,38848,566762,1724,106232,5.249935158768387,0.15784984710116287
793,0.2458,9,139,9,38987,566623,1733,106223,5.248647597169217,0.1578711919220743
794,0.2459,7,118,7,39105,566505,1740,106216,5.247554559264886,0.15789012086734322
795,0.246,14,262,14,39367,566243,1754,106202,5.2451276445959465,0.15793410613507425
796,0.2461,14,270,14,39637,565973,1768,106188,5.242626625662307,0.15798000776599655
797,0.2462,4,130,4,39767,565843,1772,106184,5.241422431360925,0.15800555632437388
798,0.2463,13,197,13,39964,565646,1785,106171,5.239597613842677,0.15803559600307823
799,0.2464,9,127,9,40091,565519,1794,106162,5.238421208640557,0.15805419536952808
800,0.2465,7,86,7,40177,565433,1801,106155,5.237624587795028,0.15806565930302507
801,0.2466,10,163,10,40340,565270,1811,106145,5.236114713401756,0.15809149333869515
802,0.2467,7,148,7,40488,565122,1818,106138,5.234743784504798,0.1581175699430921
803,0.2468,20,284,20,40772,564838,1838,106118,5.232113083107933,0.1581594024049267
804,0.2469,13,197,13,40969,564641,1851,106105,5.230288265589684,0.1581895382156584
805,0.247,13,254,13,41223,564387,1864,106092,5.227935455185446,0.1582331437673663
806,0.2471,13,128,13,41351,564259,1877,106079,5.226749786950239,0.15824703358604167
807,0.2472,7,192,7,41543,564067,1884,106072,5.224971284597428,0.15828357997370696
808,0.2473,6,74,6,41617,563993,1890,106066,5.22428582014895,0.15829352340614783
809,0.2474,5,102,5,41719,563891,1895,106061,5.223340990774019,0.15831134170806266
810,0.2475,13,220,13,41939,563671,1908,106048,5.221303123494757,0.15834700822285167
811,0.2476,12,146,12,42085,563525,1920,106036,5.219950720663975,0.15836645204843172
812,0.2477,13,215,13,42300,563310,1933,106023,5.21795916855015,0.15840097529929048
813,0.2478,13,268,13,42568,563042,1946,106010,5.215476675682686,0.15844807279553758
814,0.2479,16,132,16,42700,562910,1962,105994,5.214253955315129,0.158459210888259
815,0.248,3,72,3,42772,562838,1965,105991,5.2135870169328244,0.15847249446420536
816,0.2481,20,288,20,43060,562550,1985,105971,5.210919263403609,0.15851558888950384
817,0.2482,9,161,9,43221,562389,1994,105962,5.209427915076513,0.1585424425189758
818,0.2483,7,157,7,43378,562232,2001,105955,5.207973618881766,0.15857087911018922
819,0.2484,10,200,10,43578,562032,2011,105945,5.206121012264256,0.15860576037797708
820,0.2485,23,377,23,43955,561655,2034,105922,5.202628848790248,0.15866634111121264
821,0.2486,7,164,7,44119,561491,2041,105915,5.201109711363889,0.15869650557531698
822,0.2487,10,161,10,44280,561330,2051,105905,5.199618363036793,0.1587221893335931
823,0.2488,7,109,7,44389,561221,2058,105898,5.198608692430249,0.15873929538807918
824,0.2489,17,296,17,44685,560925,2075,105881,5.195866834636333,0.15878831324253231
825,0.249,6,109,6,44794,560816,2081,105875,5.19485716402979,0.15880670355532023
826,0.2491,9,195,9,44989,560621,2090,105866,5.193050872577717,0.1588418078672202
827,0.2492,9,166,9,45155,560455,2099,105857,5.1915132090851825,0.15887001885002822
828,0.2493,22,352,22,45507,560103,2121,105835,5.188252621438364,0.1589262063435335
829,0.2494,9,182,9,45689,559921,2130,105826,5.1865667494164285,0.15895828295133135
830,0.2495,13,245,13,45934,559676,2143,105813,5.184297306309978,0.15900037416095533
831,0.2496,3,103,3,46037,559573,2146,105810,5.18334321390196,0.15902119531157244
832,0.2497,33,322,33,46359,559251,2179,105777,5.180360517247768,0.1590564607805987
833,0.2498,4,157,4,46516,559094,2183,105773,5.178906221053022,0.15908896064927272
834,0.2499,9,134,9,46650,558960,2192,105764,5.177664974619289,0.15910964550700743
835,0.25,9,156,9,46806,558804,2201,105755,5.176219941457631,0.15913560722223308
836,0.2501,15,343,15,47149,558461,2216,105740,5.1730427211086,0.15919879674977905
837,0.2502,11,216,11,47365,558245,2227,105729,5.171041905961688,0.1592366568570456
838,0.2503,17,285,17,47650,557960,2244,105712,5.1684019415317355,0.1592835014886872
839,0.2504,12,189,12,47839,557771,2256,105700,5.166651228278187,0.15931367007751657
840,0.2505,14,104,14,47943,557667,2270,105686,5.165687872837082,0.15932090455609607
841,0.2506,17,182,17,48125,557485,2287,105669,5.164002000815147,0.1593430786815732
842,0.2507,18,178,18,48303,557307,2305,105651,5.162353180925562,0.15936303657245254
843,0.2508,5,83,5,48386,557224,2310,105646,5.161584349179296,0.15937665002187457
844,0.2509,18,196,18,48582,557028,2328,105628,5.159768794694135,0.1594009561522117
845,0.251,12,182,12,48764,556846,2340,105616,5.158082922672199,0.15942952199522387
846,0.2511,9,185,9,48949,556661,2349,105607,5.156369261551002,0.15946263446218148
847,0.2512,13,260,13,49209,556401,2362,105594,5.153960872948238,0.15950875761901526
848,0.2513,12,184,12,49393,556217,2374,105582,5.1522564748601285,0.15953786572660278
849,0.2514,20,208,20,49601,556009,2394,105562,5.150329763977917,0.15956261686198459
850,0.2515,13,204,13,49805,555805,2407,105549,5.1484401052280555,0.15959531506575902
851,0.2516,16,278,16,50083,555527,2423,105533,5.145864982029716,0.1596420899767041
852,0.2517,21,301,21,50384,555226,2444,105512,5.143076809070362,0.15968810632958905
853,0.2518,13,248,13,50632,554978,2457,105499,5.140779576864649,0.15973152736582802
854,0.2519,8,109,8,50741,554869,2465,105491,5.139769906258105,0.1597477133684657
855,0.252,11,282,11,51023,554587,2476,105480,5.137157730927415,0.15980195949805096
856,0.2521,10,181,10,51204,554406,2486,105470,5.135481121938567,0.15983305954452048
857,0.2522,16,254,16,51458,554152,2502,105454,5.133128311534329,0.1598742279481994
858,0.2523,7,184,7,51642,553968,2509,105447,5.131423913446219,0.15990992015650235
859,0.2524,10,203,10,51845,553765,2519,105437,5.129543517729445,0.1599464200654731
860,0.2525,20,263,20,52108,553502,2539,105417,5.127107340027418,0.15998476292230152
861,0.2526,14,156,14,52264,553346,2553,105403,5.1256623068657605,0.1600047969712288
862,0.2527,13,209,13,52473,553137,2566,105390,5.123726332950461,0.1600389961231658
863,0.2528,13,223,13,52696,552914,2579,105377,5.121660676571937,0.16007662264864628
864,0.2529,10,132,10,52828,552782,2589,105367,5.12043795620438,0.16009596611101742
865,0.253,16,185,16,53013,552597,2605,105351,5.118724295083182,0.16012055663973446
866,0.2531,10,185,10,53198,552412,2615,105341,5.117010633961985,0.16015282332425698
867,0.2532,14,238,14,53436,552174,2629,105327,5.114806032087147,0.16019291225412585
868,0.2533,22,260,22,53696,551914,2651,105305,5.112397643484383,0.1602281735616286
869,0.2534,19,338,19,54034,551576,2670,105286,5.109266738300789,0.1602863310710621
870,0.2535,11,130,11,54164,551446,2681,105275,5.108062543999407,0.16030399515167018
871,0.2536,11,127,11,54291,551319,2692,105264,5.106886138797288,0.16032093429162803
872,0.2537,14,160,14,54451,551159,2706,105250,5.105404053503279,0.160342103779808
873,0.2538,23,425,23,54876,550734,2729,105227,5.101467264441069,0.16041654915459913
874,0.2539,27,374,27,55250,550360,2756,105200,5.098002890066323,0.16047348831533345
875,0.254,6,153,6,55403,550207,2762,105194,5.096585646003928,0.16050326441369483
876,0.2541,19,234,19,55637,549973,2781,105175,5.09441809626144,0.16053624524534915
877,0.2542,17,295,17,55932,549678,2798,105158,5.091685501500612,0.16058677287137543
878,0.2543,10,239,10,56171,549439,2808,105148,5.089471636592686,0.16063258207083245
879,0.2544,18,274,18,56445,549165,2826,105130,5.086933565526696,0.1606767589542943
880,0.2545,17,185,17,56630,548980,2843,105113,5.085219904405498,0.16070038969993564
881,0.2546,23,321,23,56951,548659,2866,105090,5.082246470784393,0.160749767877274
882,0.2547,11,202,11,57153,548457,2877,105079,5.0803753381007075,0.1607853278166773
883,0.2548,5,94,5,57247,548363,2882,105074,5.079504612990478,0.16080203600347087
884,0.2549,6,161,6,57408,548202,2888,105068,5.078013264663381,0.16083395839392595
885,0.255,13,207,13,57615,547995,2901,105055,5.076095816814258,0.16086823367276626
886,0.2551,9,163,9,57778,547832,2910,105046,5.0745859424209865,0.16089682911661904
887,0.2552,13,350,13,58128,547482,2923,105033,5.071343880840343,0.1609664145651824
888,0.2553,4,123,4,58251,547359,2927,105029,5.070204527770573,0.16099161848470542
889,0.2554,16,172,16,58423,547187,2943,105013,5.068611286079514,0.1610134927936216
890,0.2555,19,231,19,58654,546956,2962,104994,5.066471525436289,0.1610460924917555
891,0.2556,10,116,10,58770,546840,2972,104984,5.065397013598132,0.16106188173494684
892,0.2557,11,116,11,58886,546724,2983,104973,5.0643225017599764,0.16107638979464384
893,0.2558,30,375,30,59261,546349,3013,104943,5.060848864352144,0.1611304913924937
894,0.2559,8,81,8,59342,546268,3021,104935,5.060098558672052,0.16114022816233955
895,0.256,9,160,9,59502,546108,3030,104926,5.058616473378043,0.1611682339171226
896,0.2561,14,246,14,59748,545862,3044,104912,5.056337767238505,0.16121111169161645
897,0.2562,9,107,9,59855,545755,3053,104903,5.055346622698136,0.1612260204285508
898,0.2563,16,245,16,60100,545510,3069,104887,5.053077179591686,0.16126611900116392
899,0.2564,6,158,6,60258,545352,3075,104881,5.0516136203638515,0.16129756564185455
900,0.2565,6,137,6,60395,545215,3081,104875,5.050344584830857,0.16132381670230275
901,0.2566,13,147,13,60542,545068,3094,104862,5.048982918966987,0.16134352930315574
902,0.2567,18,186,18,60728,544882,3112,104844,5.047259994812701,0.16136648371775178
903,0.2568,31,374,31,61102,544508,3143,104813,5.043795620437956,0.1614193904093661
904,0.2569,12,164,12,61266,544344,3155,104801,5.042276483011597,0.16144466952683914
905,0.257,22,377,22,61643,543967,3177,104779,5.038784319537589,0.16151005169974073
906,0.2571,16,348,16,61991,543619,3193,104763,5.0355607840231205,0.1615760462196668
907,0.2572,11,191,11,62182,543428,3204,104752,5.033791544703398,0.16160942947946558
908,0.2573,13,267,13,62449,543161,3217,104739,5.03131831486902,0.16165920666769562
909,0.2574,8,148,8,62597,543013,3225,104731,5.029947385972062,0.16168578944768303
910,0.2575,20,311,20,62908,542702,3245,104711,5.027066582681833,0.16173756164921002
911,0.2576,13,137,13,63045,542565,3258,104698,5.025797547148838,0.16175495895795064
912,0.2577,17,243,17,63288,542322,3275,104681,5.023546630108563,0.16179368565524427
913,0.2578,8,189,8,63477,542133,3283,104673,5.021795916855015,0.16183059526349478
914,0.2579,5,108,5,63585,542025,3288,104668,5.020795509281559,0.1618511411133258
915,0.258,21,298,21,63883,541727,3309,104647,5.018035125421468,0.1618985293344101
916,0.2581,7,194,7,64077,541533,3316,104640,5.016238097002483,0.16193805683617235
917,0.2582,27,479,27,64556,541054,3343,104613,5.011801104153544,0.16202314815531846
918,0.2583,18,221,18,64777,540833,3361,104595,5.009753973841194,0.162055256357022
919,0.2584,16,287,16,65064,540546,3377,104579,5.007095483345067,0.16210656849447783
920,0.2585,10,168,10,65232,540378,3387,104569,5.005539293786358,0.16213580340710168
921,0.2586,17,291,17,65523,540087,3404,104552,5.002843751157879,0.16218689840360265
922,0.2587,17,274,17,65797,539813,3421,104535,5.0003056800918895,0.1622337618802262
923,0.2588,12,193,12,65990,539620,3433,104523,4.9985179147059915,0.16226676374655938
924,0.2589,17,298,17,66288,539322,3450,104506,4.9957575308459,0.16231974999534038
925,0.259,13,170,13,66458,539152,3463,104493,4.994182815221016,0.1623457029884486
926,0.2591,23,291,23,66749,538861,3486,104470,4.991487272592538,0.16238919001260627
927,0.2592,3,109,3,66858,538752,3489,104467,4.990477601985995,0.16241280186064155
928,0.2593,17,283,17,67141,538469,3506,104450,4.987856163622216,0.16246214530912914
929,0.2594,13,321,13,67462,538148,3519,104437,4.984882730001112,0.16252635838060334
930,0.2595,18,179,18,67641,537969,3537,104419,4.98322464707844,0.1625481796048494
931,0.2596,12,128,12,67769,537841,3549,104407,4.982038978843232,0.16256492818973356
932,0.2597,11,262,11,68031,537579,3560,104396,4.979612064174293,0.16261692433505978
933,0.2598,8,230,8,68261,537349,3568,104388,4.977481566564156,0.16266476765403895
934,0.2599,14,236,14,68497,537113,3582,104374,4.975295490755493,0.16270633699513787
935,0.26,9,216,9,68713,536897,3591,104365,4.973294675608582,0.16274939104453406
936,0.2601,8,205,8,68918,536692,3599,104357,4.971395753825632,0.16279098789640106
937,0.2602,8,73,8,68991,536619,3607,104349,4.970719552410241,0.16279907889317408
938,0.2603,29,508,29,69499,536111,3636,104320,4.966013931601764,0.16289030356119552
939,0.2604,7,97,7,69596,536014,3643,104313,4.965115417392271,0.1629058278036066
940,0.2605,25,344,25,69940,535670,3668,104288,4.961928934010152,0.16296069429556315
941,0.2606,15,165,15,70105,535505,3683,104273,4.960400533550706,0.16298309726186272
942,0.2607,18,278,18,70383,535227,3701,104255,4.957825410352366,0.163030390222086
943,0.2608,15,257,15,70640,534970,3716,104240,4.9554448108488645,0.16307629730448522
944,0.2609,24,387,24,71027,534583,3740,104216,4.951860017043981,0.16314364925430377
945,0.261,15,151,15,71178,534432,3755,104201,4.9504612990477606,0.16316256754661912
946,0.2611,13,206,13,71384,534226,3768,104188,4.948553114231724,0.16319817547860793
947,0.2612,26,292,26,71676,533934,3794,104162,4.945848308570159,0.163238760311928
948,0.2613,15,176,15,71852,533758,3809,104147,4.944218014746749,0.16326412240067095
949,0.2614,10,174,10,72026,533584,3819,104137,4.942606246989515,0.16329554773952873
950,0.2615,25,361,25,72387,533223,3844,104112,4.939262292044907,0.1633552213514086
951,0.2616,13,194,13,72581,533029,3857,104099,4.9374652636259215,0.16338789065933376
952,0.2617,10,130,10,72711,532899,3867,104089,4.93626106932454,0.16340810187947025
953,0.2618,16,178,16,72889,532721,3883,104073,4.934612249434955,0.1634327584744831
954,0.2619,22,249,22,73138,532472,3905,104051,4.932305754196154,0.1634677772837745
955,0.262,12,199,12,73337,532273,3917,104039,4.930462410611731,0.16350312425351085
956,0.2621,10,147,10,73484,532126,3927,104029,4.92910074474786,0.16352775660019964
957,0.2622,13,304,13,73788,531822,3940,104016,4.926284782689244,0.16358883866645277
958,0.2623,16,170,16,73958,531652,3956,104000,4.9247100670643595,0.16361153587182925
959,0.2624,15,256,15,74214,531396,3971,103985,4.922338730593946,0.16365771088527986
960,0.2625,9,187,9,74401,531209,3980,103976,4.920606543406573,0.16369404189330666
961,0.2626,15,196,15,74597,531013,3995,103961,4.918790988921413,0.16372481392938923
962,0.2627,12,221,12,74818,530792,4007,103949,4.916743858609063,0.16376600849795428
963,0.2628,15,118,15,74936,530674,4022,103934,4.915650820704731,0.16377669364395028
964,0.2629,8,246,8,75182,530428,4030,103926,4.913372114565194,0.16382965977987055
965,0.263,21,255,21,75437,530173,4051,103905,4.9110100411278665,0.16386785222007388
966,0.2631,12,371,12,75808,529802,4063,103893,4.9075734558523845,0.16394795603563228
967,0.2632,12,203,12,76011,529599,4075,103881,4.905693060135611,0.1639846561848835
968,0.2633,27,275,27,76286,529324,4102,103854,4.903145726036533,0.1640202281191071
969,0.2634,23,361,23,76647,528963,4125,103831,4.899801771091926,0.16408341419166428
970,0.2635,12,207,12,76854,528756,4137,103819,4.897884323242803,0.16412125044461132
971,0.2636,23,215,23,77069,528541,4160,103796,4.895892771128978,0.16414664965042375
972,0.2637,28,395,28,77464,528146,4188,103768,4.892233873059395,0.16421221875128578
973,0.2638,4,124,4,77588,528022,4192,103764,4.891085256956538,0.16423915692971988
974,0.2639,17,262,17,77850,527760,4209,103747,4.888658342287599,0.16428479810991803
975,0.264,14,204,14,78054,527556,4223,103733,4.8867686835377375,0.1643193529429469
976,0.2641,11,242,11,78296,527314,4234,103722,4.88452702953055,0.16436780152004007
977,0.2642,9,242,9,78538,527072,4243,103713,4.882285375523361,0.16441893830703014
978,0.2643,27,415,27,78953,526657,4270,103686,4.878441216792027,0.16449139595426618
979,0.2644,9,179,9,79132,526478,4279,103677,4.876783133869354,0.16452618800136473
980,0.2645,9,125,9,79257,526353,4288,103668,4.87562525473341,0.16454689605584577
981,0.2646,6,128,6,79385,526225,4294,103662,4.874439586498203,0.1645723756800823
982,0.2647,21,351,21,79736,525874,4315,103641,4.8711882618844715,0.16463626760283712
983,0.2648,21,469,21,80205,525405,4336,103620,4.866843899366408,0.1647311315130559
984,0.2649,10,205,10,80410,525200,4346,103610,4.86494497758346,0.1647715526152574
985,0.265,17,165,17,80575,525035,4363,103593,4.863416577124013,0.16479221415527148
986,0.2651,11,201,11,80776,524834,4374,103582,4.861554707473415,0.16483030349322741
987,0.2652,17,192,17,80968,524642,4391,103565,4.859776205120605,0.1648580802187814
988,0.2653,14,140,14,81108,524502,4405,103551,4.8584793804883475,0.16487621267631872
989,0.2654,8,172,8,81280,524330,4413,103543,4.856886138797288,0.16491073831809935
990,0.2655,14,196,14,81476,524134,4427,103529,4.855070584312127,0.1649436082738667
991,0.2656,13,141,13,81617,523993,4440,103516,4.853764496646782,0.16496337104328385
992,0.2657,23,305,23,81922,523688,4463,103493,4.850939271555078,0.16501297073731508
993,0.2658,9,212,9,82134,523476,4472,103484,4.848975508540517,0.16505678193186168
994,0.2659,18,307,18,82441,523169,4490,103466,4.846131757382637,0.1651136626584854
995,0.266,35,401,35,82842,522768,4525,103431,4.842417281114528,0.16517273262972315
996,0.2661,25,340,25,83182,522428,4550,103406,4.839267849864759,0.16522911826458772
997,0.2662,5,138,5,83320,522290,4555,103401,4.837989551298677,0.16525888977146866
998,0.2663,18,304,18,83624,521986,4573,103383,4.8351735892400605,0.16531519790715563
999,0.2664,19,346,19,83970,521640,4592,103364,4.831968579791767,0.16538134155941403
1000,0.2665,8,103,8,84073,521537,4600,103356,4.831014487383749,0.16539791612324029
1001,0.2666,12,144,12,84217,521393,4612,103344,4.829680610619141,0.16542000873967766
1002,0.2667,22,449,22,84666,520944,4634,103322,4.825521508762829,0.16550957444422731
1003,0.2668,11,154,11,84820,520790,4645,103311,4.824095001667346,0.16553570656031635
1004,0.2669,13,159,13,84979,520631,4658,103298,4.822622179406425,0.16556050448047774
1005,0.267,15,284,15,85263,520347,4673,103283,4.81999147800956,0.16561582989913892
1006,0.2671,15,181,15,85444,520166,4688,103268,4.818314869020712,0.16564383719848452
1007,0.2672,17,227,17,85671,519939,4705,103251,4.816212160509838,0.16568141337312858
1008,0.2673,11,166,11,85837,519773,4716,103240,4.814674497017303,0.16571082786394506
1009,0.2674,12,130,12,85967,519643,4728,103228,4.813470302715921,0.1657293404252245
1010,0.2675,23,202,23,86169,519441,4751,103205,4.811599170032236,0.16575228942288234
1011,0.2676,11,205,11,86374,519236,4762,103194,4.809700248249286,0.16579213726844785
1012,0.2677,29,444,29,86818,518792,4791,103165,4.805587461558413,0.1658715956247779
1013,0.2678,10,145,10,86963,518647,4801,103155,4.804244321760717,0.16589686105866497
1014,0.2679,11,220,11,87183,518427,4812,103144,4.802206454481455,0.1659408177022416
1015,0.268,15,222,15,87405,518205,4827,103129,4.800150061136018,0.16597997212449342
1016,0.2681,17,197,17,87602,518008,4844,103112,4.798325243617771,0.16600978876867595
1017,0.2682,21,209,21,87811,517799,4865,103091,4.7963892697024715,0.16603746235242958
1018,0.2683,14,200,14,88011,517599,4879,103077,4.79453666308496,0.16607215358737892
1019,0.2684,7,181,7,88192,517418,4886,103070,4.7928600540961135,0.16611118990214155
1020,0.2685,14,215,14,88407,517203,4900,103056,4.790868501982289,0.16614994703825336
1021,0.2686,17,255,17,88662,516948,4917,103039,4.788506428544963,0.16619542022655315
1022,0.2687,14,295,14,88957,516653,4931,103025,4.785773833784134,0.16625570054124883
1023,0.2688,14,273,14,89230,516380,4945,103011,4.783245025751232,0.16631013366355016
1024,0.2689,9,169,9,89399,516211,4954,103002,4.781679573159435,0.1663434068729177
1025,0.269,43,367,43,89766,515844,4997,102959,4.778280040016303,0.1663841319450617
1026,0.2691,13,252,13,90018,515592,5010,102946,4.775945755678239,0.16643439853331565
1027,0.2692,14,132,14,90150,515460,5024,102932,4.774723035310682,0.16645105370056534
1028,0.2693,23,235,23,90385,515225,5047,102909,4.772546222535107,0.16648331915086373
1029,0.2694,6,104,6,90489,515121,5053,102903,4.7715828670940015,0.16650324259252067
1030,0.2695,4,148,4,90637,514973,5057,102899,4.770211938197043,0.1665377294973716
1031,0.2696,6,95,6,90732,514878,5063,102893,4.769331950053726,0.16655524458092077
1032,0.2697,11,184,11,90916,514694,5074,102882,4.7676275519656155,0.16659002292835215
1033,0.2698,22,271,22,91187,514423,5096,102860,4.765117269998888,0.1666334566155232
1034,0.2699,18,213,18,91400,514210,5114,102842,4.763144243951239,0.16666666666666666
1035,0.27,15,208,15,91608,514002,5129,102827,4.761217533069028,0.1667026031525755
1036,0.2701,13,219,13,91827,513783,5142,102814,4.759188928822854,0.16674424299826304
1037,0.2702,6,128,6,91955,513655,5148,102808,4.758003260587647,0.16677075509803507
1038,0.2703,17,298,17,92253,513357,5165,102791,4.755242876727555,0.1668284243396067
1039,0.2704,19,256,19,92509,513101,5184,102772,4.752871540257142,0.16687206615649655
1040,0.2705,16,215,16,92724,512886,5200,102756,4.750879988143318,0.16690869044022338
1041,0.2706,20,207,20,92931,512679,5220,102736,4.748962540294194,0.166937757448226
1042,0.2707,21,242,21,93173,512437,5241,102715,4.746720886287005,0.1669749915468047
1043,0.2708,10,128,10,93301,512309,5251,102705,4.745535218051799,0.16699619846052285
1044,0.2709,16,201,16,93502,512108,5267,102689,4.743673348401201,0.16702911692802666
1045,0.271,24,202,24,93704,511906,5291,102665,4.741802215717515,0.1670514879485039
1046,0.2711,19,232,19,93936,511674,5310,102646,4.739653192041202,0.16708881364761036
1047,0.2712,14,261,14,94197,511413,5324,102632,4.73723554040535,0.1671408447263637
1048,0.2713,23,218,23,94415,511195,5347,102609,4.735216199192264,0.16716899857283432
1049,0.2714,19,234,19,94649,510961,5366,102590,4.733048649449776,0.16720696405025826
1050,0.2715,16,240,16,94889,510721,5382,102574,4.730825521508763,0.16725067055821424
1051,0.2716,14,145,14,95034,510576,5396,102560,4.729482381711067,0.1672712089976775
1052,0.2717,8,155,8,95189,510421,5404,102552,4.728046611582497,0.16730263812598598
1053,0.2718,26,387,26,95576,510034,5430,102526,4.724461817777613,0.16737299203343345
1054,0.2719,16,183,16,95759,509851,5446,102510,4.7227666827225905,0.16740125514198323
1055,0.272,20,344,20,96103,509507,5466,102490,4.719580199340472,0.16746814118369863
1056,0.2721,9,176,9,96279,509331,5475,102481,4.717949905517062,0.16750406987767485
1057,0.2722,42,478,42,96757,508853,5517,102439,4.713522175701212,0.16757785150141014
1058,0.2723,22,268,22,97025,508585,5539,102417,4.711039682833747,0.16762138258139908
1059,0.2724,11,141,11,97166,508444,5550,102406,4.709733595168402,0.16764508471801587
1060,0.2725,17,248,17,97414,508196,5567,102389,4.707436362962689,0.16769000221099437
1061,0.2726,14,249,14,97663,507947,5581,102375,4.705129867723888,0.16773932448772944
1062,0.2727,12,185,12,97848,507762,5593,102363,4.70341620660269,0.1677738168408113
1063,0.2728,12,133,12,97981,507629,5605,102351,4.702184223202045,0.16779402603364044
1064,0.2729,23,262,23,98243,507367,5628,102328,4.699757308533106,0.16783473704065147
1065,0.273,14,159,14,98402,507208,5642,102314,4.698284486272185,0.16785940458260734
1066,0.2731,26,310,26,98712,506898,5668,102288,4.695412946015043,0.16790930848706306
1067,0.2732,12,167,12,98879,506731,5680,102276,4.6938660194894215,0.16793895636667558
1068,0.2733,24,288,24,99167,506443,5704,102252,4.691198265960206,0.16798560855600916
1069,0.2734,25,202,25,99369,506241,5729,102227,4.68932713327652,0.16800719183260254
1070,0.2735,13,140,13,99509,506101,5742,102214,4.6880303086442625,0.16802807755850177
1071,0.2736,18,192,18,99701,505909,5760,102196,4.686251806291452,0.16805650339990627
1072,0.2737,25,270,25,99971,505639,5785,102171,4.683750787357813,0.16809693818792057
1073,0.2738,34,369,34,100340,505270,5819,102137,4.680332728148505,0.16815249083398776
1074,0.2739,18,206,18,100546,505064,5837,102119,4.6784245433324685,0.16818488001146278
1075,0.274,18,195,18,100741,504869,5855,102101,4.676618251880396,0.1682142445260886
1076,0.2741,19,247,19,100988,504622,5874,102082,4.6743302827077695,0.1682566787098816
1077,0.2742,18,203,18,101191,504419,5892,102064,4.6724498869909965,0.16828831146132703
1078,0.2743,15,193,15,101384,504226,5907,102049,4.6706621216050985,0.16832130633788298
1079,0.2744,18,270,18,101654,503956,5925,102031,4.6681611026714585,0.16837159873066584
1080,0.2745,18,243,18,101897,503713,5943,102013,4.665910185631183,0.1684144316076906
1081,0.2746,10,184,10,102081,503529,5953,102003,4.664205787543073,0.1684518737242623
1082,0.2747,14,190,14,102271,503339,5967,101989,4.662445811256438,0.16848551529088363
1083,0.2748,14,216,14,102487,503123,5981,101975,4.6604449961095264,0.16852642051370192
1084,0.2749,11,239,11,102726,502884,5992,101964,4.6582311312016005,0.1685778906435997
1085,0.275,19,238,19,102964,502646,6011,101945,4.656026529326763,0.16861812365715004
1086,0.2751,22,237,22,103201,502409,6033,101923,4.653831190485012,0.16865398489571956
1087,0.2752,12,180,12,103381,502229,6045,101911,4.652163844529253,0.168687721389082
1088,0.2753,16,286,16,103667,501943,6061,101895,4.649514617066212,0.16874559070479167
1089,0.2754,19,219,19,103886,501724,6080,101876,4.647486012820038,0.16878064943671306
1090,0.2755,11,139,11,104025,501585,6091,101865,4.646198451220868,0.1688043748446433
1091,0.2756,11,219,11,104244,501366,6102,101854,4.644169846974694,0.16885050230430027
1092,0.2757,14,144,14,104388,501222,6116,101840,4.642835970210085,0.16887152564744587
1093,0.2758,10,175,10,104563,501047,6126,101830,4.641214939419764,0.16890675875842004
1094,0.2759,13,132,13,104695,500915,6139,101817,4.639992219052206,0.1689258244128402
1095,0.276,15,206,15,104901,500709,6154,101802,4.63808403423617,0.16896289030407743
1096,0.2761,14,213,14,105114,500496,6168,101788,4.6361110081885215,0.16900332733394877
1097,0.2762,20,202,20,105316,500294,6188,101768,4.634239875504836,0.16903242523195286
1098,0.2763,15,152,15,105468,500142,6203,101753,4.632831894475527,0.1690544031766338
1099,0.2764,19,190,19,105658,499952,6222,101734,4.6310719181888915,0.1690815475181407
1100,0.2765,20,136,20,105794,499816,6242,101714,4.629812145688985,0.169092148355028
1101,0.2766,19,189,19,105983,499627,6261,101695,4.6280614324354366,0.16911904104622813
1102,0.2767,12,228,12,106211,499399,6273,101683,4.625949460891475,0.16916660289278335
1103,0.2768,13,251,13,106462,499148,6286,101670,4.623624439586498,0.16921929769081487
1104,0.2769,15,132,15,106594,499016,6301,101655,4.622401719218941,0.16923573803296646
1105,0.277,40,261,40,106855,498755,6341,101615,4.619984067583089,0.16925396005796425
1106,0.2771,14,187,14,107042,498568,6355,101601,4.618251880395717,0.16928731740559744
1107,0.2772,22,268,22,107310,498300,6377,101579,4.615769387528252,0.16933248205054685
1108,0.2773,14,241,14,107551,498059,6391,101565,4.613536996554152,0.16938114551785785
1109,0.2774,18,227,18,107778,497832,6409,101547,4.611434288043277,0.16942035006231448
1110,0.2775,18,213,18,107991,497619,6427,101529,4.6094612619956274,0.16945562699032626
1111,0.2776,13,186,13,108177,497433,6440,101516,4.607738337841343,0.16949022370852945
1112,0.2777,12,189,12,108366,497244,6452,101504,4.605987624587795,0.16952707983993265
1113,0.2778,27,218,27,108584,497026,6479,101477,4.603968283374709,0.1695513639864796
1114,0.2779,13,196,13,108780,496830,6492,101464,4.602152728889547,0.1695888643375999
1115,0.278,10,183,10,108963,496647,6502,101454,4.600457593834525,0.16962686904051322
1116,0.2781,22,198,22,109161,496449,6524,101432,4.598623513283189,0.16965248937497596
1117,0.2782,20,200,20,109361,496249,6544,101412,4.596770906665679,0.16968147494984614
1118,0.2783,16,206,16,109567,496043,6560,101396,4.594862721849642,0.16971774524261055
1119,0.2784,27,228,27,109795,495815,6587,101369,4.59275075030568,0.16974500321508948
1120,0.2785,18,235,18,110030,495580,6605,101351,4.590573937530105,0.1697867927783948
1121,0.2786,10,205,10,110235,495375,6615,101341,4.588675015747156,0.16983120948658995
1122,0.2787,23,199,23,110434,495176,6638,101318,4.586831672162733,0.16985585772866113
1123,0.2788,18,165,18,110599,495011,6656,101300,4.585303271703286,0.1698777986654615
1124,0.2789,19,186,19,110785,494825,6675,101281,4.583580347549002,0.16990434587137188
1125,0.279,35,359,35,111144,494466,6710,101246,4.58025491867057,0.169957966265578
1126,0.2791,17,158,17,111302,494308,6727,101229,4.578791359442736,0.16997936316299406
1127,0.2792,15,160,15,111462,494148,6742,101214,4.577309274148727,0.1700041319398954
1128,0.2793,19,197,19,111659,493951,6761,101195,4.575484456630479,0.17003390764619103
1129,0.2794,18,374,18,112033,493577,6779,101177,4.572020082255734,0.17011571170601628
1130,0.2795,19,185,19,112218,493392,6798,101158,4.570306421134537,0.17014212429568581
1131,0.2796,6,125,6,112343,493267,6804,101152,4.569148541998592,0.17016952688255255
1132,0.2797,33,272,33,112615,492995,6837,101119,4.5666289969987774,0.17020134183001914
1133,0.2798,7,198,7,112813,492797,6844,101112,4.5647949164474415,0.17024830403310945
1134,0.2799,18,200,18,113013,492597,6862,101094,4.562942309829931,0.17028049945173498
1135,0.28,15,182,15,113195,492415,6877,101079,4.561256437807996,0.17031174704377802
1136,0.2801,23,296,23,113491,492119,6900,101056,4.55851458001408,0.17036456357735913
1137,0.2802,16,142,16,113633,491977,6916,101040,4.557199229315647,0.17038297384392015
1138,0.2803,14,256,14,113889,491721,6930,101026,4.554827892845233,0.17043696551817217
1139,0.2804,11,133,11,114022,491588,6941,101015,4.553595909444589,0.17045981879943234
1140,0.2805,24,250,24,114272,491338,6965,100991,4.5512801511727,0.17049815220932962
1141,0.2806,26,315,26,114587,491023,6991,100965,4.54836229575012,0.17055244363061414
1142,0.2807,23,189,23,114776,490834,7014,100942,4.546611582496572,0.1705746769047748
1143,0.2808,25,306,25,115082,490528,7039,100917,4.543777094371781,0.1706278690326235
1144,0.2809,14,192,14,115274,490336,7053,100903,4.54199859201897,0.17066364025377218
1145,0.281,32,260,32,115534,490076,7085,100871,4.539590203416207,0.17069381856579355
1146,0.2811,12,238,12,115772,489838,7097,100859,4.537385601541368,0.17074574612703297
1147,0.2812,29,275,29,116047,489563,7126,100830,4.534838267442291,0.17078454520971623
1148,0.2813,28,285,28,116332,489278,7154,100802,4.532198303012338,0.17082768438177875
1149,0.2814,32,258,32,116590,489020,7186,100770,4.529808440475749,0.17085742382882044
1150,0.2815,26,211,26,116801,488809,7212,100744,4.527853940494276,0.17088200721563626
1151,0.2816,29,292,29,117093,488517,7241,100715,4.525149134832709,0.17092588318353383
1152,0.2817,23,297,23,117390,488220,7264,100692,4.522398014005706,0.17097970494742848
1153,0.2818,21,254,21,117644,487966,7285,100671,4.520045203601467,0.17102390777338156
1154,0.2819,17,173,17,117817,487793,7302,100654,4.518442698877321,0.17105023901897706
1155,0.282,30,296,30,118113,487497,7332,100624,4.5157008410834045,0.17109404357266617
1156,0.2821,10,168,10,118281,487329,7342,100614,4.5141446515246955,0.17112883391757364
1157,0.2822,37,306,37,118587,487023,7379,100577,4.511310163399903,0.17116575901974132
1158,0.2823,11,164,11,118751,486859,7390,100566,4.509791025973545,0.17119802527982295
1159,0.2824,25,236,25,118987,486623,7415,100541,4.507604950164882,0.17123154689320189
1160,0.2825,17,195,17,119182,486428,7432,100524,4.505798658712809,0.17126443048153853
1161,0.2826,19,196,19,119378,486232,7451,100505,4.503983104227649,0.1712948049978099
1162,0.2827,25,220,25,119598,486012,7476,100480,4.501945236948386,0.17132373502110856
1163,0.2828,33,326,33,119924,485686,7509,100447,4.498925488161844,0.1713723677049407
1164,0.2829,16,261,16,120185,485425,7525,100431,4.496507836525992,0.1714260842254752
1165,0.283,18,202,18,120387,485223,7543,100413,4.494636703842306,0.17145974632707006
1166,0.2831,32,380,32,120767,484843,7575,100381,4.491116751269035,0.17152577474608013
1167,0.2832,36,348,36,121115,484495,7611,100345,4.487893215754567,0.17157684152930716
1168,0.2833,19,209,19,121324,484286,7630,100326,4.485957241839268,0.1716112566967493
1169,0.2834,28,175,28,121499,484111,7658,100298,4.484336211048946,0.17162295584085802
1170,0.2835,19,224,19,121723,483887,7677,100279,4.482261291637334,0.17166182215329204
1171,0.2836,25,245,25,121968,483642,7702,100254,4.479991848530883,0.17169838464384068
1172,0.2837,15,203,15,122171,483439,7717,100239,4.478111452814109,0.17173681379116568
1173,0.2838,14,196,14,122367,483243,7731,100225,4.4762958983289485,0.1717746303139161
1174,0.2839,12,194,12,122561,483049,7743,100213,4.474498869909963,0.17181472477205784
1175,0.284,24,293,24,122854,482756,7767,100189,4.47178480121531,0.17186698573621867
1176,0.2841,18,189,18,123043,482567,7785,100171,4.470034087961762,0.17189714760321104
1177,0.2842,35,308,35,123351,482259,7820,100136,4.467181073770796,0.17193828930536834
1178,0.2843,23,256,23,123607,482003,7843,100113,4.464809737300381,0.17198118588047742
1179,0.2844,10,248,10,123855,481755,7853,100103,4.462512505094669,0.1720402572448948
1180,0.2845,18,154,18,124009,481601,7871,100085,4.461085997999185,0.1720601836729782
1181,0.2846,16,205,16,124214,481396,7887,100069,4.459187076216236,0.1720980626520943
1182,0.2847,18,205,18,124419,481191,7905,100051,4.457288154433288,0.17213312183221446
1183,0.2848,18,218,18,124637,480973,7923,100033,4.455268813220201,0.17217206018526487
1184,0.2849,15,125,15,124762,480848,7938,100018,4.454110934084256,0.1721877334875858
1185,0.285,26,159,26,124921,480689,7964,99992,4.452638111823336,0.17219781601257833
1186,0.2851,38,304,38,125225,480385,8002,99954,4.449822149764719,0.17223381506326474
1187,0.2852,22,184,22,125409,480201,8024,99932,4.448117751676609,0.17225705140028236
1188,0.2853,29,302,29,125711,479899,8053,99903,4.445320315684167,0.1723053732136143
1189,0.2854,16,128,16,125839,479771,8069,99887,4.44413464744896,0.17232057523574246
1190,0.2855,19,191,19,126030,479580,8088,99868,4.442365408129238,0.1723502367770706
1191,0.2856,19,274,19,126304,479306,8107,99849,4.439827337063248,0.17240462397803696
1192,0.2857,25,313,25,126617,478993,8132,99824,4.436928007706843,0.17246210805833276
1193,0.2858,21,282,21,126899,478711,8153,99803,4.434315832376154,0.17251613616956546
1194,0.2859,15,263,15,127162,478448,8168,99788,4.431879654674127,0.17257313622811446
1195,0.286,20,200,20,127362,478248,8188,99768,4.4300270480566155,0.17260421856834413
1196,0.2861,18,211,18,127573,478037,8206,99750,4.428072548075142,0.17264147514568517
1197,0.2862,35,307,35,127880,477730,8241,99715,4.425228796917263,0.17268311267739786
1198,0.2863,25,252,25,128132,477478,8266,99690,4.422894512579199,0.17272267346769052
1199,0.2864,34,264,34,128396,477214,8300,99656,4.420449071844085,0.17275295993898104
1200,0.2865,32,297,32,128693,476917,8332,99624,4.417697951017081,0.17279603705547394
1201,0.2866,25,252,25,128945,476665,8357,99599,4.415363666679017,0.17283571418655339
1202,0.2867,24,199,24,129144,476466,8381,99575,4.413520323094594,0.17286095954975428
1203,0.2868,33,246,33,129390,476220,8414,99542,4.4112416169550555,0.17288740833886224
1204,0.2869,42,401,42,129791,475819,8456,99500,4.4075271406869465,0.17294752997902033
1205,0.287,30,265,30,130056,475554,8486,99470,4.405072436918744,0.1729840841425749
1206,0.2871,27,294,27,130350,475260,8513,99443,4.4023491051910035,0.17303372350588042
1207,0.2872,28,215,28,130565,475045,8541,99415,4.400357553077179,0.17305817637433416
1208,0.2873,14,237,14,130802,474808,8555,99401,4.3981622142354295,0.17310944272904116
1209,0.2874,25,287,25,131089,474521,8580,99376,4.395503723739301,0.17315999212402225
1210,0.2875,23,230,23,131319,474291,8603,99353,4.393373226129164,0.17319626806869767
1211,0.2876,24,365,24,131684,473926,8627,99329,4.389992219052206,0.17327192959503188
1212,0.2877,21,256,21,131940,473670,8648,99308,4.387620882581793,0.1733190454083752
1213,0.2878,34,294,34,132234,473376,8682,99274,4.384897550854052,0.17335894525451848
1214,0.2879,26,258,26,132492,473118,8708,99248,4.382507688317463,0.17339953805781616
1215,0.288,27,274,27,132766,472844,8735,99221,4.379969617251473,0.1734435772158758
1216,0.2881,18,286,18,133052,472558,8753,99203,4.377320389788433,0.1735043138654088
1217,0.2882,25,269,25,133321,472289,8778,99178,4.37482863388788,0.17354982877401495
1218,0.2883,28,288,28,133609,472001,8806,99150,4.372160880358664,0.17359682465757742
1219,0.2884,20,231,20,133840,471770,8826,99130,4.37002111971544,0.17363811525661238
1220,0.2885,35,243,35,134083,471527,8861,99095,4.367770202675164,0.17366137302802906
1221,0.2886,11,170,11,134253,471357,8872,99084,4.3661954870502795,0.1736971921723719
1222,0.2887,32,408,32,134661,470949,8904,99052,4.362416169550557,0.17377513372783557
1223,0.2888,29,301,29,134962,470648,8933,99023,4.359627996591204,0.17382489191129616
1224,0.2889,16,299,16,135261,470349,8949,99007,4.356858349698025,0.1738929597650679
1225,0.289,30,309,30,135570,470040,8979,98977,4.353996072473971,0.17394383647588738
1226,0.2891,23,326,23,135896,469714,9002,98954,4.350976323687428,0.17401014300083703
1227,0.2892,26,332,26,136228,469382,9028,98928,4.34790099670236,0.17407400890359134
1228,0.2893,37,438,37,136666,468944,9065,98891,4.343843788210012,0.17415446388475525
1229,0.2894,25,258,25,136924,468686,9090,98866,4.341453925673423,0.17419725417230492
1230,0.2895,18,274,18,137198,468412,9108,98848,4.338915854607433,0.17425519162288897
1231,0.2896,19,176,19,137374,468236,9127,98829,4.337285560784023,0.17428160792854436
1232,0.2897,33,237,33,137611,467999,9160,98796,4.335090221942273,0.17430640707839695
1233,0.2898,32,302,32,137913,467697,9192,98764,4.332292785949831,0.17435269153569266
1234,0.2899,41,311,41,138224,467386,9233,98723,4.329411982659602,0.17438867779879846
1235,0.29,17,150,17,138374,467236,9250,98706,4.328022527696469,0.17441009856133668
1236,0.2901,25,279,25,138653,466957,9275,98681,4.325438141465042,0.1744596367287912
1237,0.2902,22,234,22,138887,466723,9297,98659,4.323270591722554,0.1744997187742093
1238,0.2903,29,280,29,139167,466443,9326,98630,4.3206769424580385,0.17454382000201743
1239,0.2904,17,177,17,139344,466266,9343,98613,4.319037385601542,0.1745736697593644
1240,0.2905,29,294,29,139638,465972,9372,98584,4.316314053873801,0.1746221809705326
1241,0.2906,33,368,33,140006,465604,9405,98551,4.31290525769758,0.17468780742880946
1242,0.2907,50,431,50,140437,465173,9455,98501,4.308912890436845,0.17474817004154883
1243,0.2908,29,311,29,140748,464862,9484,98472,4.306032087146615,0.17480215999744378
1244,0.2909,22,218,22,140966,464644,9506,98450,4.3040127459335284,0.17483759372325047
1245,0.291,48,482,48,141448,464162,9554,98402,4.299547963985328,0.1749169872227871
1246,0.2911,25,206,25,141654,463956,9579,98377,4.297639779169291,0.17494438348807556
1247,0.2912,14,209,14,141863,463747,9593,98363,4.295703805253992,0.17498888117984024
1248,0.2913,35,457,35,142320,463290,9628,98328,4.29147059913298,0.17507985855154215
1249,0.2914,25,267,25,142587,463023,9653,98303,4.288997369298603,0.17512639713820488
1250,0.2915,19,203,19,142790,462820,9672,98284,4.2871169735818295,0.1751618238330149
1251,0.2916,25,296,25,143086,462524,9697,98259,4.284375115787913,0.17521750837668046
1252,0.2917,24,328,24,143414,462196,9721,98235,4.281336840935196,0.17528473621195115
1253,0.2918,40,369,40,143783,461827,9761,98195,4.277918781725888,0.17534132587648343
1254,0.2919,37,275,37,144058,461552,9798,98158,4.275371447626811,0.1753729609976595
1255,0.292,28,314,28,144372,461238,9826,98130,4.272462855237319,0.1754301282876389
1256,0.2921,31,314,31,144686,460924,9857,98099,4.2695542628478265,0.17548294077345655
1257,0.2922,39,331,39,145017,460593,9896,98060,4.266488198895846,0.17552935364170602
1258,0.2923,29,259,29,145276,460334,9925,98031,4.26408907332617,0.17556795286237498
1259,0.2924,21,329,21,145605,460005,9946,98010,4.261041535440365,0.17564043977312438
1260,0.2925,23,241,23,145846,459764,9969,97987,4.258809144466264,0.17568233853457904
1261,0.2926,42,305,42,146151,459459,10011,97945,4.25598391937456,0.17571635653852502
1262,0.2927,20,171,20,146322,459288,10031,97925,4.2543999407165884,0.17574069520991076
1263,0.2928,47,428,47,146750,458860,10078,97878,4.250435362555115,0.17580621405400745
1264,0.2929,22,278,22,147028,458582,10100,97856,4.247860239356775,0.1758614616543083
1265,0.293,30,230,30,147258,458352,10130,97826,4.245729741746637,0.1758897331429866
1266,0.2931,37,465,37,147723,457887,10167,97789,4.241422431360925,0.17598204709219042
1267,0.2932,38,331,38,148054,457556,10205,97751,4.238356367408945,0.17603055607078608
1268,0.2933,32,340,32,148394,457216,10237,97719,4.235206936159176,0.17609089352807086
1269,0.2934,18,222,18,148616,456994,10255,97701,4.233150542813739,0.17613463254581346
1270,0.2935,38,307,38,148923,456687,10293,97663,4.23030679165586,0.17617570127175972
1271,0.2936,16,214,16,149137,456473,10309,97647,4.2283245025751235,0.1762199523568902
1272,0.2937,29,247,29,149384,456226,10338,97618,4.226036533402497,0.17625540765991868
1273,0.2938,35,350,35,149734,455876,10373,97583,4.222794471821853,0.1763147767043268
1274,0.2939,39,286,39,150020,455590,10412,97544,4.220145244358813,0.1763478650742858
1275,0.294,22,301,22,150321,455289,10434,97522,4.2173570713994595,0.17641110614658537
1276,0.2941,29,286,29,150607,455003,10463,97493,4.214707843936418,0.17645919608467753
1277,0.2942,33,321,33,150928,454682,10496,97460,4.211734410315314,0.17651256379699426
1278,0.2943,20,248,20,151176,454434,10516,97440,4.2094371781096,0.17656204133552225
1279,0.2944,34,326,34,151502,454108,10550,97406,4.206417429323057,0.17661564348321168
1280,0.2945,26,295,26,151797,453813,10576,97380,4.203684834562229,0.17667132928030654
1281,0.2946,32,222,32,152019,453591,10608,97348,4.201628441216792,0.1766946975981007
1282,0.2947,21,260,21,152279,453331,10629,97327,4.199220052614028,0.17674672845940675
1283,0.2948,24,171,24,152450,453160,10653,97303,4.1976360739560565,0.1767657408399838
1284,0.2949,31,259,31,152709,452901,10684,97272,4.19523694838638,0.1768025693736334
1285,0.295,38,319,38,153028,452582,10722,97234,4.19228204083145,0.17684825468884136
1286,0.2951,35,348,35,153376,452234,10757,97199,4.189058505316981,0.17690783043610414
1287,0.2952,26,291,26,153667,451943,10783,97173,4.186362962688503,0.17696260899336388
1288,0.2953,58,490,58,154157,451453,10841,97115,4.181824076475602,0.17703365854369923
1289,0.2954,26,222,26,154379,451231,10867,97089,4.179767683130164,0.1770663116428363
1290,0.2955,30,287,30,154666,450944,10897,97059,4.1771091926340365,0.17711399390149324
1291,0.2956,18,221,18,154887,450723,10915,97041,4.175062062321687,0.17715841128661247
1292,0.2957,32,314,32,155201,450409,10947,97009,4.172153469932194,0.17721192945792794
1293,0.2958,32,311,32,155512,450098,10979,96977,4.169272666641965,0.1772645432527533
1294,0.2959,31,317,31,155829,449781,11010,96946,4.166336285153211,0.17732067375490876
1295,0.296,23,316,23,156145,449465,11033,96923,4.1634091666975435,0.17738859564997767
1296,0.2961,35,302,35,156447,449163,11068,96888,4.160611730705102,0.17743397594730162
1297,0.2962,40,430,40,156877,448733,11108,96848,4.1566286264774535,0.177513513117209
1298,0.2963,27,259,27,157136,448474,11135,96821,4.154229500907777,0.1775571021190365
1299,0.2964,35,304,35,157440,448170,11170,96786,4.151413538849161,0.177603329443111
1300,0.2965,52,413,52,157853,447757,11222,96734,4.147587906184001,0.1776595021772628
1301,0.2966,29,293,29,158146,447464,11251,96705,4.144873837489348,0.17771133600039693
1302,0.2967,17,214,17,158360,447250,11268,96688,4.142891548408611,0.17775555302258714
1303,0.2968,43,309,43,158669,446941,11311,96645,4.140029271184557,0.17779155460221566
1304,0.2969,28,317,28,158986,446624,11339,96617,4.137092889695802,0.17785292347227105
1305,0.297,33,339,33,159325,446285,11372,96584,4.133952721479121,0.17791400872033586
1306,0.2971,37,383,37,159708,445902,11409,96547,4.130404979806588,0.17798355237082195
1307,0.2972,42,421,42,160129,445481,11451,96505,4.1265052428767275,0.17805810482189577
1308,0.2973,39,296,39,160425,445185,11490,96466,4.123763385082811,0.17809622801397948
1309,0.2974,32,290,32,160715,444895,11522,96434,4.121077105487421,0.17814305163772862
1310,0.2975,52,340,52,161055,444555,11574,96382,4.117927674237652,0.17817601680047768
1311,0.2976,36,357,36,161412,444198,11610,96346,4.114620771425396,0.17823895927066066
1312,0.2977,48,498,48,161910,443700,11658,96298,4.110007780947794,0.1783302901121856
1313,0.2978,34,310,34,162220,443390,11692,96264,4.107136240690652,0.1783809626167878
1314,0.2979,48,294,48,162514,443096,11740,96216,4.104412908962911,0.17840507906369596
1315,0.298,30,350,30,162864,442746,11770,96186,4.101170847382267,0.17847520651956092
1316,0.2981,46,378,46,163242,442368,11816,96140,4.097669420875171,0.17853030967042272
1317,0.2982,45,445,45,163687,441923,11861,96095,4.093547371151209,0.1786092658609935
1318,0.2983,17,224,17,163911,441699,11878,96078,4.091472451739597,0.17865769640575926
1319,0.2984,36,364,36,164275,441335,11914,96042,4.088100707695728,0.17872368932797644
1320,0.2985,48,398,48,164673,440937,11962,95994,4.084414020526881,0.17878274862133123
1321,0.2986,45,371,45,165044,440566,12007,95949,4.080977435251398,0.17883749755365647
1322,0.2987,26,175,26,165219,440391,12033,95923,4.079356404461077,0.17885604328807378
1323,0.2988,27,372,27,165591,440019,12060,95896,4.075910556152507,0.17893882425384622
1324,0.2989,46,320,46,165911,439699,12106,95850,4.07294638556449,0.1789752198211555
1325,0.299,40,406,40,166317,439293,12146,95810,4.069185594130942,0.17904964091025466
1326,0.2991,44,426,44,166743,438867,12190,95766,4.065239542035644,0.17912474538608728
1327,0.2992,43,315,43,167058,438552,12233,95723,4.062321686613065,0.17916428805390483
1328,0.2993,39,380,39,167438,438172,12272,95684,4.058801734039794,0.17923185278427142
1329,0.2994,33,373,33,167811,437799,12305,95651,4.055346622698136,0.17930640172462273
1330,0.2995,33,395,33,168206,437404,12338,95618,4.051687724628552,0.17938846801820563
1331,0.2996,47,353,47,168559,437051,12385,95571,4.048417873948646,0.17943494635970725
1332,0.2997,21,220,21,168779,436831,12406,95550,4.046380006669384,0.1794767281326719
1333,0.2998,30,305,30,169084,436526,12436,95520,4.04355478157768,0.1795333486202321
1334,0.2999,22,229,22,169313,436297,12458,95498,4.04143354700063,0.17957671659191982
1335,0.3,38,368,38,169681,435929,12496,95460,4.03802475082441,0.17964240885678853
1336,0.3001,61,371,61,170052,435558,12557,95399,4.034588165548928,0.1796736835562955
1337,0.3002,33,384,33,170436,435174,12590,95366,4.031031160843306,0.17975270479134467
1338,0.3003,27,234,27,170670,434940,12617,95339,4.028863611100819,0.17979026135298587
1339,0.3004,37,472,37,171142,434468,12654,95302,4.024491459483493,0.17989316118315496
1340,0.3005,56,420,56,171562,434048,12710,95246,4.020600985586721,0.17994913979754162
1341,0.3006,48,417,48,171979,433631,12758,95198,4.016738300789211,0.18001660272035006
1342,0.3007,40,417,40,172396,433214,12798,95158,4.0128756159917005,0.1800965986085561
1343,0.3008,37,374,37,172770,432840,12835,95121,4.009411241616955,0.18016671685976804
1344,0.3009,35,333,35,173103,432507,12870,95086,4.006326651598799,0.18022604545549314
1345,0.301,50,491,50,173594,432016,12920,95036,4.001778502352811,0.18031617373617784
1346,0.3011,42,322,42,173916,431694,12962,94994,3.998795805698618,0.18036104866638314
1347,0.3012,28,293,28,174209,431401,12990,94966,3.9960817370039647,0.18041784534364808
1348,0.3013,34,368,34,174577,431033,13024,94932,3.992672940827745,0.18049109731636134
1349,0.3014,52,372,52,174949,430661,13076,94880,3.9892270925191746,0.1805377696507028
1350,0.3015,55,454,55,175403,430207,13131,94825,3.985021675497425,0.18060803912904355
1351,0.3016,38,365,38,175768,429842,13169,94787,3.9816406684204675,0.18067434320252979
1352,0.3017,46,426,46,176194,429416,13215,94741,3.9776946163251696,0.18074927931898266
1353,0.3018,45,364,45,176558,429052,13260,94696,3.9743228722813,0.180804509038698
1354,0.3019,40,396,40,176954,428656,13300,94656,3.970654711178628,0.18087871097930106
1355,0.302,62,493,62,177447,428163,13362,94594,3.966088035866464,0.18095214411284785
1356,0.3021,42,372,42,177819,427791,13404,94552,3.962642187557894,0.18101515670737428
1357,0.3022,31,367,31,178186,427424,13435,94521,3.9592426544147616,0.18109379340735135
1358,0.3023,34,380,34,178566,427044,13469,94487,3.955722701841491,0.18117235600568327
1359,0.3024,56,544,56,179110,426500,13525,94431,3.9506836118418613,0.1812735275881067
1360,0.3025,36,285,36,179395,426215,13561,94395,3.9480436474119087,0.18131614836441867
1361,0.3026,53,432,53,179827,425783,13614,94342,3.944042017118085,0.18138332131699111
1362,0.3027,45,336,45,180163,425447,13659,94297,3.940929638000667,0.18142970385420515
1363,0.3028,37,368,37,180531,425079,13696,94260,3.937520841824447,0.18149994512255002
1364,0.3029,49,409,49,180940,424670,13745,94211,3.9337322612916372,0.1815657154530615
1365,0.303,31,365,31,181305,424305,13776,94180,3.93035125421468,0.181644599168732
1366,0.3031,30,263,30,181568,424042,13806,94150,3.927915076512653,0.181689412418563
1367,0.3032,51,420,51,181988,423622,13857,94099,3.9240246026158805,0.1817561968705152
1368,0.3033,39,416,39,182404,423206,13896,94060,3.920171180851458,0.181840677717074
1369,0.3034,34,279,34,182683,422927,13930,94026,3.9175867946200302,0.18188500695421053
1370,0.3035,53,457,53,183140,422470,13983,93973,3.9133535884990183,0.18196199774224842
1371,0.3036,62,415,62,183555,422055,14045,93911,3.909509429767683,0.18201005492609978
1372,0.3037,47,414,47,183969,421641,14092,93864,3.9056745340694357,0.182081648092647
1373,0.3038,39,289,39,184258,421352,14131,93825,3.9029975175071328,0.18212187267676935
1374,0.3039,36,382,36,184640,420970,14167,93789,3.8994590388676866,0.18219982554943187
1375,0.304,44,328,44,184968,420642,14211,93745,3.896420764014969,0.182246052096962
1376,0.3041,61,521,61,185489,420121,14272,93684,3.8915947237763535,0.18233376475511137
1377,0.3042,46,461,46,185950,419660,14318,93638,3.887324465522991,0.18242424478568006
1378,0.3043,47,370,47,186320,419290,14365,93591,3.883897143280596,0.1824809263747341
1379,0.3044,53,437,53,186757,418853,14418,93538,3.8798491978213345,0.18255199642460543
1380,0.3045,39,317,39,187074,418536,14457,93499,3.87691281633258,0.18260275176501606
1381,0.3046,62,479,62,187553,418057,14519,93437,3.8724758234836414,0.182674674580738
1382,0.3047,23,278,23,187831,417779,14542,93414,3.869900700285301,0.18273724405459385
1383,0.3048,32,293,32,188124,417486,14574,93382,3.867186631590648,0.18279085791241573
1384,0.3049,58,389,58,188513,417097,14632,93324,3.8635833117195895,0.18283730489145236
1385,0.305,54,419,54,188932,416678,14686,93270,3.859702100855904,0.1829010016707586
1386,0.3051,44,469,44,189401,416209,14730,93226,3.8553577383378412,0.18299881240982657
1387,0.3052,45,376,45,189777,415833,14775,93181,3.8518748378969208,0.1830617625448416
1388,0.3053,56,437,56,190214,415396,14831,93125,3.8478268924376597,0.18312911364525752
1389,0.3054,48,317,48,190531,415079,14879,93077,3.8448905109489053,0.18316619305882445
1390,0.3055,50,355,50,190886,414724,14929,93027,3.8416021342028235,0.1832138193720938
1391,0.3056,52,420,52,191306,414304,14981,92975,3.837711660306051,0.18328178379156243
1392,0.3057,54,467,54,191773,413837,15035,92921,3.833385823854163,0.1833636568144953
1393,0.3058,52,490,52,192263,413347,15087,92869,3.828846937641261,0.18345725935173918
1394,0.3059,50,419,50,192682,412928,15137,92819,3.824965726777576,0.18352852315485807
1395,0.306,41,396,41,193078,412532,15178,92778,3.8212975656749046,0.18360610318418397
1396,0.3061,39,368,39,193446,412164,15217,92739,3.8178887694986847,0.1836768646650941
1397,0.3062,48,342,48,193788,411822,15265,92691,3.814720812182741,0.18372370979538682
1398,0.3063,56,516,56,194304,411306,15321,92635,3.8099410871095634,0.1838211219170498
1399,0.3064,74,618,74,194922,410688,15395,92561,3.8042165326614548,0.18392684337177023
1400,0.3065,45,322,45,195244,410366,15440,92516,3.8012338360072624,0.18397158776810466
1401,0.3066,38,296,38,195540,410070,15478,92478,3.798491978213346,0.18401824303350128
1402,0.3067,47,377,47,195917,409693,15525,92431,3.7949998147393385,0.18408002804088233
1403,0.3068,55,541,55,196458,409152,15580,92376,3.7899885138389715,0.18418911805522323
1404,0.3069,41,404,41,196862,408748,15621,92335,3.7862462484715995,0.18427086929710249
1405,0.307,39,336,39,197198,408412,15660,92296,3.7831338693541814,0.1843309873219521
1406,0.3071,59,427,59,197625,407985,15719,92237,3.779178554225796,0.1843921298943269
1407,0.3072,47,398,47,198023,407587,15766,92190,3.775491867056949,0.18446227017249694
1408,0.3073,40,458,40,198481,407129,15806,92150,3.7712493979028494,0.18456614438019625
1409,0.3074,33,363,33,198844,406766,15839,92117,3.767886916892067,0.18464650028162916
1410,0.3075,38,369,38,199213,406397,15877,92079,3.76446885768276,0.18472102969852108
1411,0.3076,49,392,49,199605,406005,15926,92030,3.7608377487124383,0.1847862098045318
1412,0.3077,59,553,59,200158,405452,15985,91971,3.755715291415021,0.18489494856490352
1413,0.3078,61,575,61,200733,404877,16046,91910,3.7503890473896773,0.1850088669792084
1414,0.3079,38,330,38,201063,404547,16084,91872,3.7473322464707843,0.18506946752642425
1415,0.308,41,405,41,201468,404142,16125,91831,3.743580718070325,0.18515322406663265
1416,0.3081,52,392,52,201860,403750,16177,91779,3.7399496091000035,0.18521418524445593
1417,0.3082,48,354,48,202214,403396,16225,91731,3.7366704953870093,0.18526761820704588
1418,0.3083,74,524,74,202738,402872,16299,91657,3.731816666049131,0.18534201229857097
1419,0.3084,70,494,70,203232,402378,16369,91587,3.7272407277038795,0.1854119218973004
1420,0.3085,55,481,55,203713,401897,16424,91532,3.722785208788766,0.1855018655166194
1421,0.3086,54,393,54,204106,401504,16478,91478,3.719144836785357,0.18556052756490096
1422,0.3087,80,592,80,204698,400912,16558,91398,3.713661121197525,0.18565131725945033
1423,0.3088,34,367,34,205065,400545,16592,91364,3.7102615880543923,0.18573354014665314
1424,0.3089,45,412,45,205477,400133,16637,91319,3.70644521842232,0.18581468790441386
1425,0.309,28,335,28,205812,399798,16665,91291,3.7033421023379898,0.18589502106542805
1426,0.3091,71,553,71,206365,399245,16736,91220,3.698219645040572,0.18598676765926214
1427,0.3092,55,429,55,206794,398816,16791,91165,3.6942458038460115,0.18605823491114962
1428,0.3093,81,497,81,207291,398319,16872,91084,3.6896420764014968,0.18611246763914402
1429,0.3094,47,427,47,207718,397892,16919,91037,3.6856867612731112,0.18619676885600978
1430,0.3095,48,368,48,208086,397524,16967,90989,3.6822779650968913,0.18625706992444419
1431,0.3096,63,489,63,208575,397035,17030,90926,3.677748341917077,0.18633866231112733
1432,0.3097,60,458,60,209033,396577,17090,90866,3.6735058727629775,0.1864135909224258
1433,0.3098,38,301,38,209334,396276,17128,90828,3.6707176998036237,0.18646531336223887
1434,0.3099,54,471,54,209805,395805,17182,90774,3.6663548112193856,0.18655552335797476
1435,0.31,47,415,47,210220,395390,17229,90727,3.662510652488051,0.1866361390364871
1436,0.3101,45,364,45,210584,395026,17274,90682,3.6591389084441808,0.18670065142019485
1437,0.3102,57,444,57,211028,394582,17331,90625,3.655026121753307,0.18677595335599034
1438,0.3103,59,463,59,211491,394119,17390,90566,3.6507373374337693,0.18685538029854443
1439,0.3104,52,342,52,211833,393777,17442,90514,3.647569380117826,0.18690002498497804
1440,0.3105,45,442,45,212275,393335,17487,90469,3.643475119493127,0.18699514679498308
1441,0.3106,78,606,78,212881,392729,17565,90391,3.637861721442069,0.18709844345090246
1442,0.3107,48,353,48,213234,392376,17613,90343,3.6345918707621623,0.18715443146012484
1443,0.3108,53,471,53,213705,391905,17666,90290,3.6302289821779246,0.1872478976347743
1444,0.3109,58,401,58,214106,391504,17724,90232,3.626514505909815,0.1873059102911138
1445,0.311,57,494,57,214600,391010,17781,90175,3.6219385675645634,0.1874019348067791
1446,0.3111,35,360,35,214960,390650,17816,90140,3.6186038756530436,0.18748310073004845
1447,0.3112,59,501,59,215461,390149,17875,90081,3.613963096076179,0.18757886845886346
1448,0.3113,72,502,72,215963,389647,17947,90009,3.6093130534662268,0.18765323481828644
1449,0.3114,74,547,74,216510,389100,18021,89935,3.6042461743673346,0.18774202302545742
1450,0.3115,77,569,77,217079,388531,18098,89858,3.5989755085405166,0.18783458649759924
1451,0.3116,55,409,55,217488,388122,18153,89803,3.5951869280077067,0.1879018674478213
1452,0.3117,31,272,31,217760,387850,18184,89772,3.592667383007892,0.18795616617324998
1453,0.3118,42,342,42,218102,387508,18226,89730,3.5894994256919484,0.18801939493502193
1454,0.3119,32,426,32,218528,387082,18258,89698,3.5855533735966505,0.18813289148034734
1455,0.312,52,455,52,218983,386627,18310,89646,3.5813386935418134,0.1882239807841301
1456,0.3121,43,292,43,219275,386335,18353,89603,3.5786338878802475,0.1882661186961327
1457,0.3122,23,370,23,219645,385965,18376,89580,3.5752065656378527,0.18837334006245465
1458,0.3123,58,462,58,220107,385503,18434,89522,3.5709270443514023,0.18845744960791538
1459,0.3124,68,530,68,220637,384973,18502,89454,3.5660176368149985,0.18855166337497656
1460,0.3125,67,483,67,221120,384490,18569,89387,3.56154359183371,0.1886291168383357
1461,0.3126,74,584,74,221704,383906,18643,89313,3.5561339805105785,0.18873502543219947
1462,0.3127,64,444,64,222148,383462,18707,89249,3.552021193819704,0.1888024607000895
1463,0.3128,61,436,61,222584,383026,18768,89188,3.547982511393531,0.1888719944770803
1464,0.3129,88,599,88,223183,382427,18856,89100,3.542433954574086,0.18896054732814876
1465,0.313,59,500,59,223683,381927,18915,89041,3.5378024380303086,0.18905955393997045
1466,0.3131,68,460,68,224143,381467,18983,88973,3.5335414428100336,0.18912720006802142
1467,0.3132,87,497,87,224640,380970,19070,88886,3.5289377153655193,0.18917710958251038
1468,0.3133,59,514,59,225154,380456,19129,88827,3.5241765163585166,0.1892823733227072
1469,0.3134,57,462,57,225616,379994,19186,88770,3.519896995072066,0.18937034413905504
1470,0.3135,68,536,68,226152,379458,19254,88702,3.5149320093371372,0.1894694121667806
1471,0.3136,76,500,76,226652,378958,19330,88626,3.5103004927933603,0.18954027511634272
1472,0.3137,50,464,50,227116,378494,19380,88576,3.506002445440735,0.18964180957886398
1473,0.3138,56,375,56,227491,378119,19436,88520,3.5025288080329022,0.1896969606055216
1474,0.3139,40,323,40,227814,377796,19476,88480,3.499536848345622,0.18975885527026912
1475,0.314,75,602,75,228416,377194,19551,88405,3.4939605024269147,0.18987368959125772
1476,0.3141,77,491,77,228907,376703,19628,88328,3.4894123531809256,0.18994002550367609
1477,0.3142,37,332,37,229239,376371,19665,88291,3.4863370261958577,0.19001123397222067
1478,0.3143,42,296,42,229535,376075,19707,88249,3.4835951684019415,0.1900590966652596
1479,0.3144,63,537,63,230072,375538,19770,88186,3.478620919633925,0.1901691523406164
1480,0.3145,59,402,59,230474,375136,19829,88127,3.474897180332728,0.1902310350707913
1481,0.3146,81,592,81,231066,374544,19910,88046,3.469413464744896,0.19033269201668865
1482,0.3147,49,487,49,231553,374057,19959,87997,3.4649023676312574,0.19044743687967208
1483,0.3148,46,381,46,231934,373676,20005,87951,3.461373152024899,0.19052395115537002
1484,0.3149,66,617,66,232551,373059,20071,87885,3.455657860609878,0.1906630740393627
1485,0.315,60,486,60,233037,372573,20131,87825,3.451156026529327,0.19075886515579998
1486,0.3151,59,557,59,233594,372016,20190,87766,3.4459965170995592,0.1908861155939119
1487,0.3152,70,475,70,234069,371541,20260,87696,3.441596576382971,0.19096022315275119
1488,0.3153,59,369,59,234438,371172,20319,87637,3.438178517173663,0.19100976659132668
1489,0.3154,46,353,46,234791,370819,20365,87591,3.4349086664937567,0.19107567461442812
1490,0.3155,45,391,45,235182,370428,20410,87546,3.4312868205565232,0.1911593234550433
1491,0.3156,60,397,60,235579,370031,20470,87486,3.427609396420764,0.19121912409812095
1492,0.3157,77,531,77,236110,369500,20547,87409,3.4226907258512727,0.19130505199065898
1493,0.3158,52,496,52,236606,369004,20599,87357,3.418096261439846,0.19142082693306395
1494,0.3159,69,525,69,237131,368479,20668,87288,3.4132331690688797,0.1915189120756878
1495,0.316,120,778,120,237909,367701,20788,87168,3.4060265293267626,0.1916331954914492
1496,0.3161,70,463,70,238372,367238,20858,87098,3.401737745007225,0.19170393717424988
1497,0.3162,63,504,63,238876,366734,20921,87035,3.397069176331098,0.19180464068722192
1498,0.3163,75,591,75,239467,366143,20996,86960,3.3915947237763535,0.1919210422354299
1499,0.3164,53,402,53,239869,365741,21049,86907,3.3878709844751564,0.1919968717413973
1500,0.3165,76,531,76,240400,365210,21125,86831,3.3829523139056654,0.19208655852013423
1501,0.3166,44,486,44,240886,364724,21169,86787,3.378450479825114,0.19221458613411413
1502,0.3167,66,541,66,241427,364183,21235,86721,3.3734391789247473,0.192326969820627
1503,0.3168,47,351,47,241778,363832,21282,86674,3.3701878543110158,0.1923925541502222
1504,0.3169,56,512,56,242290,363320,21338,86618,3.365445181370188,0.19251096817783783
1505,0.317,43,353,43,242643,362967,21381,86575,3.362175330690281,0.19258489751791824
1506,0.3171,86,544,86,243187,362423,21467,86489,3.3571362406906515,0.1926635955376555
1507,0.3172,38,446,38,243633,361977,21505,86451,3.3530049279336027,0.19278680189461853
1508,0.3173,66,572,66,244205,361405,21571,86385,3.3477064730075217,0.1929140891935952
1509,0.3174,52,450,52,244655,360955,21623,86333,3.343538108118122,0.19301434422564434
1510,0.3175,102,642,102,245297,360313,21725,86231,3.3375912408759123,0.1931075101221828
1511,0.3176,87,588,87,245885,359725,21812,86144,3.3321445774204306,0.19320473053744486
1512,0.3177,56,530,56,246415,359195,21868,86088,3.327235169884027,0.19333322853106902
1513,0.3178,65,413,65,246828,358782,21933,86023,3.323409537218867,0.19339485842110588
1514,0.3179,69,535,69,247363,358247,22002,85954,3.3184538145170253,0.19350249098943947
1515,0.318,49,400,49,247763,357847,22051,85905,3.314748601282004,0.19358785988570193
1516,0.3181,35,318,35,248081,357529,22086,85870,3.3118029567601615,0.19366304389500202
1517,0.3182,56,432,56,248513,357097,22142,85814,3.307801326466338,0.19374998588881287
1518,0.3183,71,502,71,249015,356595,22213,85743,3.303151283856386,0.19384045684521792
1519,0.3184,45,325,45,249340,356270,22258,85698,3.3001407981029307,0.19390091590341382
1520,0.3185,83,639,83,249979,355631,22341,85615,3.294221719959984,0.19403008752487275
1521,0.3186,55,389,55,250368,355242,22396,85560,3.290618400088925,0.1941007527189078
1522,0.3187,56,416,56,250784,354826,22452,85504,3.2867649783245025,0.1941816364998978
1523,0.3188,59,358,59,251142,354468,22511,85445,3.283448812479158,0.19423158670009752
1524,0.3189,71,534,71,251676,353934,22582,85374,3.278502352810404,0.19433745800213062
1525,0.319,53,436,53,252112,353498,22635,85321,3.2744636703842307,0.19443324012861796
1526,0.3191,89,569,89,252681,352929,22724,85232,3.2691930045574122,0.19452210488838578
1527,0.3192,51,312,51,252993,352617,22775,85181,3.2663029382340953,0.1945669007167689
1528,0.3193,65,403,65,253396,352214,22840,85116,3.262569935899811,0.19462648343356276
1529,0.3194,102,681,102,254077,351533,22942,85014,3.2562618103671865,0.19474191782328135
1530,0.3195,74,495,74,254572,351038,23016,84940,3.251676608988847,0.19482634444857308
1531,0.3196,61,446,61,255018,350592,23077,84879,3.2475452962317983,0.19491309409811444
1532,0.3197,72,473,72,255491,350119,23149,84807,3.243163881581385,0.194991791707095
1533,0.3198,78,460,78,255951,349659,23227,84729,3.2389028863611102,0.19505373076604327
1534,0.3199,75,565,75,256516,349094,23302,84654,3.233669272666642,0.19516862325589973
1535,0.32,65,460,65,256976,348634,23367,84589,3.229408277446367,0.19525509956765916
1536,0.3201,59,480,59,257456,348154,23426,84530,3.224962021564341,0.19536197317210713
1537,0.3202,61,494,61,257950,347660,23487,84469,3.2203860832190894,0.19547172256432685
1538,0.3203,77,413,77,258363,347247,23564,84392,3.2165604505539296,0.19551523379490732
1539,0.3204,67,463,67,258826,346784,23631,84325,3.212271666234392,0.19560018464007942
1540,0.3205,63,456,63,259282,346328,23694,84262,3.2080477231464672,0.19568963515176852
1541,0.3206,76,573,76,259855,345755,23770,84186,3.2027400051872985,0.19580826206386456
1542,0.3207,64,563,64,260418,345192,23834,84122,3.1975249175590057,0.19594515902113604
1543,0.3208,63,410,63,260828,344782,23897,84059,3.1937270739931085,0.19601437362565613
1544,0.3209,92,644,92,261472,344138,23989,83967,3.1877616806847233,0.19613646184931266
1545,0.321,78,546,78,262018,343592,24067,83889,3.182704064618919,0.19624030073851237
1546,0.3211,49,436,49,262454,343156,24116,83840,3.178665382192745,0.19634844354513858
1547,0.3212,54,412,54,262866,342744,24170,83786,3.174849012560673,0.1964363585210888
1548,0.3213,72,467,72,263333,342277,24242,83714,3.170523176108785,0.19651588883333215
1549,0.3214,95,646,95,263979,341631,24337,83619,3.164539256734225,0.19663492063492063
1550,0.3215,67,412,67,264391,341219,24404,83552,3.160722887102153,0.1966989271866488
1551,0.3216,48,430,48,264821,340789,24452,83504,3.1567397828745043,0.19680739488985205
1552,0.3217,51,340,51,265161,340449,24503,83453,3.153590351624736,0.19686861585932597
1553,0.3218,72,506,72,265667,339943,24575,83381,3.1489032568824338,0.1969673347128913
1554,0.3219,56,531,56,266198,339412,24631,83325,3.1439845863129423,0.19710836761390652
1555,0.322,67,455,67,266653,338957,24698,83258,3.1397699062581053,0.19719337304453893
1556,0.3221,90,556,90,267209,338401,24788,83168,3.134619659861425,0.19728205821585554
1557,0.3222,50,429,50,267638,337972,24838,83118,3.1306458186668644,0.19738773183879932
1558,0.3223,67,369,67,268007,337603,24905,83051,3.127227759457557,0.19743304473510295
1559,0.3224,68,436,68,268443,337167,24973,82983,3.123189077031383,0.19750803284541235
1560,0.3225,103,808,103,269251,336359,25076,82880,3.1157045462966395,0.1976915315607565
1561,0.3226,69,461,69,269712,335898,25145,82811,3.111434288043277,0.19777697637261202
1562,0.3227,66,452,66,270164,335446,25211,82745,3.1072473970877024,0.19786413385271323
1563,0.3228,79,556,79,270720,334890,25290,82666,3.1020971506910224,0.19797584036632213
1564,0.3229,86,493,86,271213,334397,25376,82580,3.097530475378858,0.19804449645903732
1565,0.323,77,641,77,271854,333756,25453,82503,3.091592871169736,0.1982011199757843
1566,0.3231,64,348,64,272202,333408,25517,82439,3.088369335655267,0.19824358477997917
1567,0.3232,131,776,131,272978,332632,25648,82308,3.081181221979325,0.19836120884947223
1568,0.3233,95,620,95,273598,332012,25743,82213,3.075438141465041,0.1984742591586698
1569,0.3234,94,647,94,274245,331365,25837,82119,3.069444959057394,0.19860260614679165
1570,0.3235,46,387,46,274632,330978,25883,82073,3.06586016525251,0.19869943421030334
1571,0.3236,81,404,81,275036,330574,25964,81992,3.0621178998851386,0.19873668697856828
1572,0.3237,65,494,65,275530,330080,26029,81927,3.0575419615398864,0.19884856325256609
1573,0.3238,83,644,83,276174,329436,26112,81844,3.0515765682315017,0.19899824936782728
1574,0.3239,96,644,96,276818,328792,26208,81748,3.045611174923117,0.19912310615287182
1575,0.324,75,560,75,277378,328232,26283,81673,3.0404238763940863,0.19924860638440614
1576,0.3241,83,678,83,278056,327554,26366,81590,3.034143539960725,0.19941634241245138
1577,0.3242,92,528,92,278584,327026,26458,81498,3.029252658490496,0.19949378739070409
1578,0.3243,57,405,57,278989,326621,26515,81441,3.0255011300900367,0.19957996578951237
1579,0.3244,77,475,77,279464,326146,26592,81364,3.0211011893734483,0.19966135800348458
1580,0.3245,78,432,78,279896,325714,26670,81286,3.0170995590796252,0.19971990171990173
1581,0.3246,77,496,77,280392,325218,26747,81209,3.012505094668198,0.1998120203628204
1582,0.3247,98,623,98,281015,324595,26845,81111,3.006734225054652,0.19992556186006616
1583,0.3248,68,540,68,281555,324055,26913,81043,3.001732187187373,0.20005776380036436
1584,0.3249,78,567,78,282122,323488,26991,80965,2.9964800474267292,0.2001839521526605
1585,0.325,53,398,53,282520,323090,27044,80912,2.992793360257883,0.20027623625625615
1586,0.3251,96,606,96,283126,322484,27140,80816,2.987179962206825,0.2003868088271758
1587,0.3252,59,468,59,283594,322016,27199,80757,2.9828448627218496,0.20050251630571067
1588,0.3253,67,512,67,284106,321504,27266,80690,2.978102189781022,0.20062457421045565
1589,0.3254,61,460,61,284566,321044,27327,80629,2.973841194560747,0.2007329345014477
1590,0.3255,47,407,47,284973,320637,27374,80582,2.970071140094112,0.20084293116726776
1591,0.3256,72,463,72,285436,320174,27446,80510,2.9657823557745746,0.20093140729352807
1592,0.3257,61,361,61,285797,319813,27507,80449,2.9624384008299676,0.20099085099259983
1593,0.3258,92,627,92,286424,319186,27599,80357,2.956630479084071,0.20112228220742198
1594,0.3259,73,461,73,286885,318725,27672,80284,2.952360220830709,0.201208494043994
1595,0.326,85,623,85,287508,318102,27757,80199,2.9465893512171624,0.2013527457877334
1596,0.3261,97,697,97,288205,317405,27854,80102,2.940133017155137,0.20151091678888675
1597,0.3262,56,431,56,288636,316974,27910,80046,2.9361406498944014,0.20161704700015112
1598,0.3263,84,631,84,289267,316343,27994,79962,2.9302956760161547,0.2017688396563253
1599,0.3264,83,548,83,289815,315795,28077,79879,2.925219533884175,0.20188084129864484
1600,0.3265,82,587,82,290402,315208,28159,79797,2.919782133461781,0.20201516436500805
1601,0.3266,49,397,49,290799,314811,28208,79748,2.9161047093260217,0.20211932816131428
1602,0.3267,83,547,83,291346,314264,28291,79665,2.9110378302271296,0.20223187427175962
1603,0.3268,73,549,73,291895,313715,28364,79592,2.9059524250620625,0.20236609061115107
1604,0.3269,114,735,114,292630,312980,28478,79478,2.89914409574271,0.20251338996784368
1605,0.327,60,472,60,293102,312508,28538,79418,2.8947719441253845,0.20263519133714017
1606,0.3271,75,504,75,293606,312004,28613,79343,2.890103375449257,0.2027433454197937
1607,0.3272,73,510,73,294116,311494,28686,79270,2.8853792285746045,0.2028590146482276
1608,0.3273,80,455,80,294571,311039,28766,79190,2.8811645485197674,0.2029321244705032
1609,0.3274,128,706,128,295277,310333,28894,79062,2.874624847159954,0.20303804619987417
1610,0.3275,77,486,77,295763,309847,28971,78985,2.870123013079403,0.20313400131676404
1611,0.3276,76,480,76,296243,309367,29047,78909,2.865676757197377,0.2032291462773903
1612,0.3277,68,477,68,296720,308890,29115,78841,2.8612582904146135,0.2033394286244845
1613,0.3278,80,614,80,297334,308276,29195,78761,2.8555707880988552,0.20349734004759235
1614,0.3279,80,495,80,297829,307781,29275,78681,2.850985586720516,0.20359310876619177
1615,0.328,89,470,89,298299,307311,29364,78592,2.8466319611693653,0.20365739577043973
1616,0.3281,125,670,125,298969,306641,29489,78467,2.840425729000704,0.20375323285935373
1617,0.3282,74,546,74,299515,306095,29563,78393,2.8353681129348995,0.20388932814548177
1618,0.3283,66,429,66,299944,305666,29629,78327,2.8313942717403386,0.20398028089053707
1619,0.3284,97,628,97,300572,305038,29726,78230,2.8255770869613546,0.20411304883267062
1620,0.3285,82,522,82,301094,304516,29808,78148,2.8207417836896513,0.2042209353375285
1621,0.3286,52,403,52,301497,304113,29860,78096,2.817008781355367,0.204327998555764
1622,0.3287,69,470,69,301967,303643,29929,78027,2.8126551558042165,0.20443576911992034
1623,0.3288,93,655,93,302622,302988,30022,77934,2.8065878691318686,0.2045930662970372
1624,0.3289,65,360,65,302982,302628,30087,77869,2.803253177220349,0.20465075940151958
1625,0.329,76,521,76,303503,302107,30163,77793,2.7984271369817333,0.20477230850223743
1626,0.3291,69,446,69,303949,301661,30232,77724,2.794295824224684,0.20486840544565546
1627,0.3292,61,427,61,304376,301234,30293,77663,2.7903405090962985,0.20497127187599795
1628,0.3293,106,630,106,305006,300604,30399,77557,2.7845047982511395,0.20508989557357846
1629,0.3294,75,407,75,305413,300197,30474,77482,2.780734743784505,0.20515305325421854
1630,0.3295,47,297,47,305710,299900,30521,77435,2.777983622957501,0.2052155246664105
1631,0.3296,61,458,61,306168,299442,30582,77374,2.7737411538034014,0.20533629145259225
1632,0.3297,73,438,73,306606,299004,30655,77301,2.7696839453110527,0.20542113445210666
1633,0.3298,68,491,68,307097,298513,30723,77233,2.7651357960650635,0.20554576761961538
1634,0.3299,108,687,108,307784,297826,30831,77125,2.758772092333914,0.2056935439564103
1635,0.33,88,558,88,308342,297268,30919,77037,2.7536033198710586,0.20581344091048745
1636,0.3301,77,417,77,308759,296851,30996,76960,2.7497406350735485,0.20587944174997524
1637,0.3302,90,669,90,309428,296182,31086,76870,2.743543665937975,0.206057064430696
1638,0.3303,65,465,65,309893,295717,31151,76805,2.739236355552262,0.2061757426407031
1639,0.3304,77,656,77,310549,295061,31228,76728,2.7331598058468263,0.2063751213726065
1640,0.3305,81,483,81,311032,294578,31309,76647,2.7286857608655377,0.20647046939187824
1641,0.3306,75,545,75,311577,294033,31384,76572,2.723637407832821,0.20661351034119885
1642,0.3307,82,620,82,312197,293413,31466,76490,2.717894327318537,0.20678394065471217
1643,0.3308,97,590,97,312787,292823,31563,76393,2.7124291377968803,0.20690598457271625
1644,0.3309,71,508,71,313295,292315,31634,76322,2.707723516988403,0.20703836022971106
1645,0.331,62,418,62,313713,291897,31696,76260,2.703851569157805,0.2071398886887931
1646,0.3311,96,596,96,314309,291301,31792,76164,2.698330801437623,0.20726871946988148
1647,0.3312,106,591,106,314900,290710,31898,76058,2.692856348882878,0.2073735985691227
1648,0.3313,71,464,71,315364,290246,31969,75987,2.688558301530253,0.20748266813749716
1649,0.3314,73,413,73,315777,289833,32042,75914,2.684732668865093,0.20755877696877897
1650,0.3315,86,671,86,316448,289162,32128,75828,2.6785171736633444,0.20775363708594757
1651,0.3316,91,563,91,317011,288599,32219,75737,2.673302086035051,0.20787679504633086
1652,0.3317,71,420,71,317431,288179,32290,75666,2.6694116121382785,0.20796218169825062
1653,0.3318,96,532,96,317963,287647,32386,75570,2.6644836785357,0.20805744224526937
1654,0.3319,105,597,105,318560,287050,32491,75465,2.65895364778243,0.20817069638497718
1655,0.332,68,398,68,318958,286652,32559,75397,2.6552669606135835,0.20825081687837835
1656,0.3321,72,557,72,319515,286095,32631,75325,2.6501074511838154,0.2084140335343921
1657,0.3322,62,453,62,319968,285642,32693,75263,2.6459112971951537,0.20853964339646167
1658,0.3323,93,578,93,320546,285064,32786,75170,2.6405572640705475,0.2086699201074857
1659,0.3324,75,535,75,321081,284529,32861,75095,2.6356015413687057,0.20881531822125332
1660,0.3325,100,695,100,321776,283834,32961,74995,2.6291637333728555,0.20899927263404017
1661,0.3326,78,456,78,322232,283378,33039,74917,2.6249397902849307,0.20909306576982653
1662,0.3327,59,499,59,322731,282879,33098,74858,2.6203175367742415,0.2092542845721857
1663,0.3328,89,575,89,323306,282304,33187,74769,2.614991292748898,0.20939415749720644
1664,0.3329,88,503,88,323809,281801,33275,74681,2.610331987105858,0.2094944485275554
1665,0.333,98,589,98,324398,281212,33373,74583,2.6048760606172885,0.2096235191613148
1666,0.3331,45,389,45,324787,280823,33418,74538,2.60127274074623,0.2097528991645116
1667,0.3332,119,603,119,325390,280220,33537,74419,2.5956871317944348,0.20984437695797697
1668,0.3333,92,464,92,325854,279756,33629,74327,2.5913890844418095,0.20991405969786744
1669,0.3334,85,498,85,326352,279258,33714,74242,2.5867760939642075,0.210019801980198
1670,0.3335,56,442,56,326794,278816,33770,74186,2.5826818333395085,0.21015744953286383
1671,0.3336,107,598,107,327392,278218,33877,74079,2.5771425395531513,0.21027428561696523
1672,0.3337,64,373,64,327765,277845,33941,74015,2.5736874282114934,0.21035354970726994
1673,0.3338,82,547,82,328312,277298,34023,73933,2.5686205491126013,0.2104967955562009
1674,0.3339,66,439,66,328751,276859,34089,73867,2.5645540775871654,0.21061170258264286
1675,0.334,97,559,97,329310,276300,34186,73770,2.5593760420912224,0.21072928271488559
1676,0.3341,67,379,67,329689,275921,34253,73703,2.5558653525510393,0.21080646637530603
1677,0.3342,81,527,81,330216,275394,34334,73622,2.550983734113898,0.21094161872235084
1678,0.3343,65,454,65,330670,274940,34399,73557,2.5467783170921487,0.21106924880271566
1679,0.3344,91,428,91,331098,274512,34490,73466,2.5428137389306755,0.2111225422296812
1680,0.3345,92,513,92,331611,273999,34582,73374,2.53806180295676,0.2112253974833968
1681,0.3346,70,385,70,331996,273614,34652,73304,2.534495535218052,0.21130065318029045
1682,0.3347,108,494,108,332490,273120,34760,73196,2.5299195968728,0.21135610251908662
1683,0.3348,65,397,65,332887,272723,34825,73131,2.526242172737041,0.2114504964522602
1684,0.3349,104,684,104,333571,272039,34929,73027,2.519906258105154,0.21163197765065234
1685,0.335,92,666,92,334237,271373,35021,72935,2.513737078068843,0.21183068647838563
1686,0.3351,115,553,115,334790,270820,35136,72820,2.5086146207714255,0.2119078104993598
1687,0.3352,87,479,87,335269,270341,35223,72733,2.5041776279224868,0.2120038242478299
1688,0.3353,71,520,71,335789,269821,35294,72662,2.499360850716959,0.21216235550377682
1689,0.3354,78,555,78,336344,269266,35372,72584,2.494219867353366,0.21232704402515723
1690,0.3355,67,297,67,336641,268969,35439,72517,2.4914687465263627,0.21235716837586313
1691,0.3356,50,375,50,337016,268594,35489,72467,2.48799510911853,0.2124751877230173
1692,0.3357,95,579,95,337595,268015,35584,72372,2.482631812960836,0.21261681556581186
1693,0.3358,61,434,61,338029,267581,35645,72311,2.4786116566008376,0.21274699022042295
1694,0.3359,80,359,80,338388,267222,35725,72231,2.4752862277224055,0.21278645350019001
1695,0.336,101,639,101,339027,266583,35826,72130,2.4693671495794582,0.21295314912625143
1696,0.3361,105,526,105,339553,266057,35931,72025,2.4644947941754047,0.21304003170828378
1697,0.3362,54,413,54,339966,265644,35985,71971,2.460669161510245,0.21317477007834368
1698,0.3363,64,341,64,340307,265303,36049,71907,2.457510467227389,0.21324100708757154
1699,0.3364,62,382,62,340689,264921,36111,71845,2.453971988587943,0.21333804481450028
1700,0.3365,61,421,61,341110,264500,36172,71784,2.450072251658083,0.2134624305646418
1701,0.3366,94,508,94,341618,263992,36266,71690,2.4453666308496054,0.21356521946365906
1702,0.3367,65,445,65,342063,263547,36331,71625,2.441244581125644,0.21369625147685367
1703,0.3368,76,356,76,342419,263191,36407,71549,2.4379469413464743,0.21374499611638884
1704,0.3369,90,537,90,342956,262654,36497,71459,2.432972692578458,0.21387674229976086
1705,0.337,73,480,73,343436,262174,36570,71386,2.428526436696432,0.21401247151936684
1706,0.3371,77,450,77,343886,261724,36647,71309,2.4243580718070326,0.21411992204976685
1707,0.3372,82,484,82,344370,261240,36729,71227,2.4198747637926563,0.21423780405273304
1708,0.3373,87,451,87,344821,260789,36816,71140,2.4156971358701695,0.2143229425569926
1709,0.3374,82,411,82,345232,260378,36898,71058,2.4118900292711847,0.21439433254082235
1710,0.3375,57,330,57,345562,260048,36955,71001,2.4088332283522917,0.21447278197487382
1711,0.3376,91,492,91,346054,259556,37046,70910,2.404275816073215,0.2145757808670181
1712,0.3377,77,460,77,346514,259096,37123,70833,2.40001482085294,0.21469164577833413
1713,0.3378,92,424,92,346938,258672,37215,70741,2.396087294823817,0.2147486589782431
1714,0.3379,83,458,83,347396,258214,37298,70658,2.3918448256697173,0.2148495463280547
1715,0.338,113,678,113,348074,257536,37411,70545,2.3855644892363554,0.21502311929066298
1716,0.3381,101,559,101,348633,256977,37512,70444,2.380386453740413,0.21514808152195491
1717,0.3382,44,349,44,348982,256628,37556,70400,2.3771536551928563,0.21527208679379137
1718,0.3383,99,521,99,349503,256107,37655,70301,2.3723276149542407,0.21537768682140143
1719,0.3384,73,439,73,349942,255668,37728,70228,2.3682611434288043,0.2154920588163095
1720,0.3385,74,437,74,350379,255231,37802,70154,2.3642131979695433,0.21560305484272477
1721,0.3386,55,375,55,350754,254856,37857,70099,2.3607395605617105,0.21571909956763244
1722,0.3387,60,440,60,351194,254416,37917,70039,2.3566638260031865,0.2158666070795642
1723,0.3388,92,429,92,351623,253987,38009,69947,2.3526899848086256,0.2159297881667253
1724,0.3389,64,387,64,352010,253600,38073,69883,2.3491051910037424,0.21603299091451483
1725,0.339,61,364,61,352374,253236,38134,69822,2.3457334469598727,0.21612837323328937
1726,0.3391,103,598,103,352972,252638,38237,69719,2.340194153173515,0.2162788461240178
1727,0.3392,70,407,70,353379,252231,38307,69649,2.3364240987068805,0.2163818814465018
1728,0.3393,64,418,64,353797,251813,38371,69585,2.3325521508762828,0.21650725891262546
1729,0.3394,73,451,73,354248,251362,38444,69512,2.328374522953796,0.21663332024408335
1730,0.3395,78,399,78,354647,250963,38522,69434,2.324678572751862,0.2167123911896803
1731,0.3396,67,425,67,355072,250538,38589,69367,2.3207417836896513,0.21683624826120254
1732,0.3397,82,395,82,355467,250143,38671,69285,2.3170828856200676,0.21690333971974904
1733,0.3398,104,637,104,356104,249506,38775,69181,2.3111823335432953,0.21708133686030495
1734,0.3399,61,363,61,356467,249143,38836,69120,2.3078198525325133,0.21717887407584294
1735,0.34,79,462,79,356929,248681,38915,69041,2.3035403312460634,0.2173000295856126
1736,0.3401,60,413,60,357342,248268,38975,68981,2.299714698580903,0.21743488553155407
1737,0.3402,88,457,88,357799,247811,39063,68893,2.295481492459891,0.21753119632211781
1738,0.3403,79,394,79,358193,247417,39142,68814,2.2918318574233947,0.21760674949641243
1739,0.3404,58,288,58,358481,247129,39200,68756,2.289164103894179,0.21766149073238678
1740,0.3405,87,497,87,358978,246632,39287,68669,2.2845603764496647,0.2177887161791431
1741,0.3406,75,452,75,359430,246180,39362,68594,2.2803734854940902,0.21791507557803377
1742,0.3407,78,509,78,359939,245671,39440,68516,2.275658601652525,0.21807394959053047
1743,0.3408,58,357,58,360296,245314,39498,68458,2.2723516988402683,0.21817753018115063
1744,0.3409,59,422,59,360718,244892,39557,68399,2.2684426988773203,0.21832417784104874
1745,0.341,98,607,98,361325,244285,39655,68301,2.262820037793175,0.2185030679556986
1746,0.3411,92,448,92,361773,243837,39747,68209,2.2586701989699507,0.21858636226710165
1747,0.3412,87,533,87,362306,243304,39834,68122,2.2537330023342843,0.21874217310051183
1748,0.3413,100,616,100,362922,242688,39934,68022,2.248026973952351,0.21892439895722698
1749,0.3414,74,556,74,363478,242132,40008,67948,2.2428767275556707,0.21913054695562437
1750,0.3415,79,483,79,363961,241649,40087,67869,2.238402682574382,0.21927319251222868
1751,0.3416,64,431,64,364392,241218,40151,67805,2.2344103153136463,0.2194173249240348
1752,0.3417,72,396,72,364788,240822,40223,67733,2.230742154210975,0.2195167798285557
1753,0.3418,94,529,94,365317,240293,40317,67639,2.2258420097076588,0.2196556382577972
1754,0.3419,67,373,67,365690,239920,40384,67572,2.222386898366001,0.21975205859014219
1755,0.342,71,363,71,366053,239557,40455,67501,2.219024417355219,0.2198314324980948
1756,0.3421,81,492,81,366545,239065,40536,67420,2.214467005076142,0.21997813922377932
1757,0.3422,76,428,76,366973,238637,40612,67344,2.210502426914669,0.2200920972217229
1758,0.3423,57,454,57,367427,238183,40669,67287,2.2062970098929195,0.22027367662945624
1759,0.3424,83,394,83,367821,237789,40752,67204,2.202647374856423,0.22034604072880362
1760,0.3425,81,437,81,368258,237352,40833,67123,2.198599429397162,0.22045488135314886
1761,0.3426,75,378,75,368636,236974,40908,67048,2.195098002890066,0.2205366716882331
1762,0.3427,99,497,99,369133,236477,41007,66949,2.190494275445552,0.22064358360852399
1763,0.3428,81,461,81,369594,236016,41088,66868,2.1862240171921896,0.22077098823311894
1764,0.3429,118,530,118,370124,235486,41206,66750,2.181314609655786,0.22085390224857396
1765,0.343,75,422,75,370546,235064,41281,66675,2.177405609692838,0.2209691156927013
1766,0.3431,65,412,65,370958,234652,41346,66610,2.1735892400607657,0.22110322576362104
1767,0.3432,99,489,99,371447,234163,41445,66511,2.1690596168809515,0.22120635638598615
1768,0.3433,92,525,92,371972,233638,41537,66419,2.1641965245099857,0.2213546092909014
1769,0.3434,48,281,48,372253,233357,41585,66371,2.161593612212383,0.22143743660919232
1770,0.3435,89,398,89,372651,232959,41674,66282,2.157906925043536,0.22150039600188476
1771,0.3436,97,461,97,373112,232498,41771,66185,2.153636666790174,0.22158944432726335
1772,0.3437,73,428,73,373540,232070,41844,66112,2.1496720886287006,0.22171693797747685
1773,0.3438,86,501,86,374041,231569,41930,66026,2.145031309051836,0.2218652867151666
1774,0.3439,93,468,93,374509,231101,42023,65933,2.1406962095668605,0.2219712221496529
1775,0.344,84,424,84,374933,230677,42107,65849,2.1367686835377375,0.22206821661506917
1776,0.3441,108,555,108,375488,230122,42215,65741,2.131627700174145,0.22220081591817833
1777,0.3442,99,494,99,375982,229628,42314,65642,2.127051761828893,0.22231178243641414
1778,0.3443,68,444,68,376426,229184,42382,65574,2.122938975138019,0.2224672443156759
1779,0.3444,82,427,82,376853,228757,42464,65492,2.1189836600096337,0.2225733987201316
1780,0.3445,89,525,89,377378,228232,42553,65403,2.1141205676386674,0.22273570929895958
1781,0.3446,89,411,89,377789,227821,42642,65314,2.110313461039683,0.22281201494192096
1782,0.3447,86,404,86,378193,227417,42728,65228,2.106571195672311,0.22289121632011483
1783,0.3448,118,630,118,378823,226787,42846,65110,2.100735484827152,0.22305813351970044
1784,0.3449,81,416,81,379239,226371,42927,65029,2.096882063062729,0.22316060398078244
1785,0.345,45,299,45,379538,226072,42972,64984,2.0941124161695504,0.22326974877686767
1786,0.3451,71,443,71,379981,225629,43043,64913,2.090008892511764,0.22342036607444019
1787,0.3452,88,529,88,380510,225100,43131,64825,2.085108748008448,0.2235923083556092
1788,0.3453,101,658,101,381168,224442,43232,64724,2.079013672236837,0.2238299108470567
1789,0.3454,99,541,99,381709,223901,43331,64625,2.0740023713364706,0.22398328053624283
1790,0.3455,76,414,76,382123,223487,43407,64549,2.070167475638223,0.22410045966476413
1791,0.3456,50,240,50,382363,223247,43457,64499,2.06794434769721,0.22415255120835736
1792,0.3457,85,438,85,382801,222809,43542,64414,2.063887139204861,0.22426476988263475
1793,0.3458,75,437,75,383238,222372,43617,64339,2.0598391937456,0.22440366780486273
1794,0.3459,74,536,74,383774,221836,43691,64265,2.054874208010671,0.2246234721304714
1795,0.346,81,352,81,384126,221484,43772,64184,2.051613620363852,0.22468039822451238
1796,0.3461,76,511,76,384637,220973,43848,64108,2.046880210456112,0.224876438626215
1797,0.3462,91,539,91,385176,220434,43939,64017,2.04188743562192,0.22505457882025376
1798,0.3463,87,473,87,385649,219961,44026,63930,2.037506020971507,0.2251920631509981
1799,0.3464,60,308,60,385957,219653,44086,63870,2.03465300678054,0.22527272919657312
1800,0.3465,74,361,74,386318,219292,44160,63796,2.031309051835933,0.22535748601141695
1801,0.3466,81,380,81,386698,218912,44241,63715,2.0277890992626624,0.22543847544643647
1802,0.3467,66,293,66,386991,218619,44307,63649,2.025075030568009,0.22549137698924426
1803,0.3468,68,369,68,387360,218250,44375,63581,2.0216569713587016,0.22559973885058776
1804,0.3469,63,323,63,387683,217927,44438,63518,2.0186650116714215,0.22568530263461778
1805,0.347,87,421,87,388104,217506,44525,63431,2.014765274741561,0.22578371663397845
1806,0.3471,70,503,70,388607,217003,44595,63361,2.0101059690985217,0.2259954915752379
1807,0.3472,61,362,61,388969,216641,44656,63300,2.006752751120827,0.2261190750908227
1808,0.3473,99,532,99,389501,216109,44755,63201,2.0018248175182483,0.22627546453761055
1809,0.3474,67,450,67,389951,215659,44822,63134,1.9976564526288487,0.22645475316812116
1810,0.3475,113,487,113,390438,215172,44935,63021,1.9931453555152099,0.22653697253345698
1811,0.3476,85,576,85,391014,214596,45020,62936,1.9878098484567788,0.22677024631393858
1812,0.3477,97,401,97,391415,214195,45117,62839,1.9840953721886694,0.22682775399409458
1813,0.3478,83,365,83,391780,213830,45200,62756,1.9807143651117123,0.2268950706109492
1814,0.3479,82,435,82,392215,213395,45282,62674,1.9766849457186262,0.22702295440632594
1815,0.348,55,368,55,392583,213027,45337,62619,1.9732761495424063,0.2271718073180819
1816,0.3481,88,431,88,393014,212596,45425,62531,1.9692837822816702,0.22728049228174624
1817,0.3482,61,333,61,393347,212263,45486,62470,1.9661991922635147,0.22738440595050466
1818,0.3483,82,448,82,393795,211815,45568,62388,1.9620493534402905,0.22752486296648833
1819,0.3484,49,227,49,394022,211588,45617,62339,1.9599466449294156,0.22757522989701637
1820,0.3485,88,446,88,394468,211142,45705,62251,1.9558153321723666,0.22769785619968325
1821,0.3486,81,440,81,394908,210702,45786,62170,1.9517395976138427,0.22783576182239293
1822,0.3487,77,450,77,395358,210252,45863,62093,1.9475712327244432,0.2279939047898805
1823,0.3488,96,481,96,395839,209771,45959,61997,1.9431157138093298,0.22812472402931913
1824,0.3489,102,564,102,396403,209207,46061,61895,1.937891363147949,0.22830890218441768
1825,0.349,77,455,77,396858,208752,46138,61818,1.933676683093112,0.22847322319547622
1826,0.3491,123,509,123,397367,208243,46261,61695,1.9289617992515469,0.22855248242188947
1827,0.3492,108,472,108,397839,207771,46369,61587,1.9245896476342212,0.22864366382286772
1828,0.3493,87,474,87,398313,207297,46456,61500,1.9201989699507207,0.22879719639728122
1829,0.3494,107,515,107,398828,206782,46563,61393,1.9154285079106304,0.22892887107299337
1830,0.3495,71,414,71,399242,206368,46634,61322,1.9115936122123829,0.22907841159550227
1831,0.3496,58,279,58,399521,206089,46692,61264,1.9090092259809552,0.22915022460941153
1832,0.3497,67,316,67,399837,205773,46759,61197,1.906082107525288,0.22922800314642094
1833,0.3498,70,353,70,400190,205420,46829,61127,1.9028122568453814,0.22932916146120572
1834,0.3499,79,350,79,400540,205070,46908,61048,1.8995701952647375,0.2294019946038975
1835,0.35,84,383,84,400923,204687,46992,60964,1.8960224535922043,0.22948906648196318
1836,0.3501,96,426,96,401349,204261,47088,60868,1.8920764014969063,0.2295788088062792
1837,0.3502,93,472,93,401821,203789,47181,60775,1.8877042498795806,0.22971757306360654
1838,0.3503,110,510,110,402331,203279,47291,60665,1.882980103004928,0.229840420695299
1839,0.3504,67,378,67,402709,202901,47358,60598,1.8794786764978324,0.22997430730287402
1840,0.3505,84,413,84,403122,202488,47442,60514,1.8756530438326726,0.2300895050227755
1841,0.3506,89,522,89,403644,201966,47531,60425,1.8708177405609694,0.23028609975189698
1842,0.3507,61,316,61,403960,201650,47592,60364,1.8678906221053022,0.23038463593548436
1843,0.3508,93,416,93,404376,201234,47685,60271,1.8640372003408796,0.2304774287298522
1844,0.3509,105,492,105,404868,200742,47790,60166,1.859479788061803,0.23060235791926656
1845,0.351,65,369,65,405237,200373,47855,60101,1.8560617288524954,0.23073704093306818
1846,0.3511,91,421,91,405658,199952,47946,60010,1.852161991922635,0.23084143067063648
1847,0.3512,94,375,94,406033,199577,48040,59916,1.8486883545148023,0.2308964018297218
1848,0.3513,86,409,86,406442,199168,48126,59830,1.8448997739819926,0.23100564483123423
1849,0.3514,66,358,66,406800,198810,48192,59764,1.8415836081366483,0.23112919319034397
1850,0.3515,81,408,81,407208,198402,48273,59683,1.837804290636926,0.23125326927175155
1851,0.3516,101,443,101,407651,197959,48374,59582,1.8337007669791396,0.23134957152453395
1852,0.3517,75,362,75,408013,197597,48449,59507,1.8303475490014451,0.23145108594187566
1853,0.3518,60,311,60,408324,197286,48509,59447,1.8274667457112157,0.23155184569182768
1854,0.3519,77,389,77,408713,196897,48586,59370,1.8238634258401571,0.2316724353896522
1855,0.352,100,472,100,409185,196425,48686,59270,1.8194912742228315,0.2317996049981423
1856,0.3521,73,404,73,409589,196021,48759,59197,1.8157490088554595,0.23194680625974656
1857,0.3522,52,265,52,409854,195756,48811,59145,1.8132943050872579,0.2320312591947462
1858,0.3523,69,320,69,410174,195436,48880,59076,1.8103301344992404,0.23211479222983591
1859,0.3524,82,319,82,410493,195117,48962,58994,1.8073752269443106,0.23215838747633907
1860,0.3525,62,375,62,410868,194742,49024,58932,1.8039015895364778,0.23231391470943022
1861,0.3526,95,490,95,411358,194252,49119,58837,1.7993627033235762,0.2324755323226217
1862,0.3527,68,319,68,411677,193933,49187,58769,1.7964077957686464,0.2325624648795815
1863,0.3528,94,512,94,412189,193421,49281,58675,1.7916651228278186,0.23274863544046712
1864,0.3529,90,412,90,412601,193009,49371,58585,1.7878487531957463,0.23285531451465455
1865,0.353,109,396,109,412997,192613,49480,58476,1.784180592093075,0.23288953319340952
1866,0.3531,75,359,75,413356,192254,49555,58401,1.780855163214643,0.23299355688097184
1867,0.3532,73,372,73,413728,191882,49628,58328,1.7774093149060728,0.2331161824067783
1868,0.3533,80,408,80,414136,191474,49708,58248,1.7736299974063507,0.2332513755295889
1869,0.3534,73,428,73,414564,191046,49781,58175,1.7696654192448775,0.23342735965267775
1870,0.3535,69,333,69,414897,190713,49850,58106,1.766580829226722,0.23352718240970344
1871,0.3536,48,253,48,415150,190460,49898,58058,1.7642372818555707,0.23361688086979615
1872,0.3537,82,381,82,415531,190079,49980,57976,1.7607080662492127,0.23372235996049262
1873,0.3538,90,393,90,415924,189686,50070,57886,1.757067694245804,0.23381480942917615
1874,0.3539,114,485,114,416409,189201,50184,57772,1.75257512319834,0.23392030707810166
1875,0.354,71,304,71,416713,188897,50255,57701,1.7497591611397236,0.2339881102036513
1876,0.3541,71,360,71,417073,188537,50326,57630,1.746424469228204,0.23410936478081953
1877,0.3542,61,290,61,417363,188247,50387,57569,1.7437381896328135,0.23419549581801022
1878,0.3543,69,328,69,417691,187919,50456,57500,1.7406999147800957,0.23429318838394744
1879,0.3544,69,331,69,418022,187588,50525,57431,1.737633850828115,0.2343940673988548
1880,0.3545,89,361,89,418383,187227,50614,57342,1.734289895883508,0.2344614403297229
1881,0.3546,76,342,76,418725,186885,50690,57266,1.7311219385675645,0.23455156849654518
1882,0.3547,86,379,86,419104,186506,50776,57180,1.7276112490273816,0.23464622506011834
1883,0.3548,76,353,76,419457,186153,50852,57104,1.724341398347475,0.23474761260724256
1884,0.3549,64,313,64,419770,185840,50916,57040,1.7214420689910703,0.23484848484848486
1885,0.355,87,463,87,420233,185377,51003,56953,1.717153284671533,0.23502248999298478
1886,0.3551,78,342,78,420575,185035,51081,56875,1.7139853273555894,0.2351080980529949
1887,0.3552,110,448,110,421023,184587,51191,56765,1.709835488532365,0.23519589644999833
1888,0.3553,59,342,59,421365,184245,51250,56706,1.7066675312164215,0.235342455520002
1889,0.3554,100,438,100,421803,183807,51350,56606,1.7026103227240728,0.23545315769113984
1890,0.3555,119,489,119,422292,183318,51469,56487,1.6980806995442588,0.23555388753362105
1891,0.3556,99,503,99,422795,182815,51568,56388,1.693421393901219,0.2357328294377579
1892,0.3557,87,434,87,423229,182381,51655,56301,1.6894012375412204,0.23588289020537787
1893,0.3558,73,348,73,423577,182033,51728,56228,1.6861777020267517,0.2359933014635211
1894,0.3559,76,384,76,423961,181649,51804,56152,1.6826206973211308,0.23613020971316354
1895,0.356,63,362,63,424323,181287,51867,56089,1.6792674793434361,0.23628757751415475
1896,0.3561,69,382,69,424705,180905,51936,56020,1.6757290007039904,0.23644613274242904
1897,0.3562,66,360,66,425065,180545,52002,55954,1.672394308792471,0.23659296656645482
1898,0.3563,66,300,66,425365,180245,52068,55888,1.6696153988662048,0.23668017600250707
1899,0.3564,32,207,32,425572,180038,52100,55856,1.667697951017081,0.23678431838028946
1900,0.3565,71,354,71,425926,179684,52171,55785,1.664418837304087,0.23691016651873495
1901,0.3566,79,325,79,426251,179359,52250,55706,1.6614083515506317,0.23698126050241422
1902,0.3567,87,408,87,426659,178951,52337,55619,1.6576290340509097,0.23711045743274928
1903,0.3568,110,406,110,427065,178545,52447,55509,1.6538682426173625,0.2371632187443923
1904,0.3569,109,521,109,427586,178024,52556,55400,1.649042202378747,0.23733634930427033
1905,0.357,90,410,90,427996,177614,52646,55310,1.6452443588128496,0.23745942882657003
1906,0.3571,71,339,71,428335,177275,52717,55239,1.6421041905961689,0.23757279131579173
1907,0.3572,65,324,65,428659,176951,52782,55174,1.6391029678758013,0.23769089929994616
1908,0.3573,102,507,102,429166,176444,52884,55072,1.6344066101004113,0.23787556799530055
1909,0.3574,80,378,80,429544,176066,52964,54992,1.6309051835933157,0.23800084827186246
1910,0.3575,52,329,52,429873,175737,53016,54940,1.6278576457075105,0.23816852135236716
1911,0.3576,93,373,93,430246,175364,53109,54847,1.6244025343658528,0.2382466519844838
1912,0.3577,61,331,61,430577,175033,53170,54786,1.6213364704138724,0.23838760067705456
1913,0.3578,65,326,65,430903,174707,53235,54721,1.6183167216273298,0.2385105566888087
1914,0.3579,61,315,61,431218,174392,53296,54660,1.61539886620475,0.23863576829715524
1915,0.358,97,411,97,431629,173981,53393,54563,1.6115917596057654,0.23874177401288155
1916,0.3581,65,288,65,431917,173693,53458,54498,1.6089240060765497,0.23882624643390843
1917,0.3582,68,373,68,432290,173320,53526,54430,1.605468894734892,0.2389901207464325
1918,0.3583,91,394,91,432684,172926,53617,54339,1.6018192596983956,0.2390997293907993
1919,0.3584,44,313,44,432997,172613,53661,54295,1.5989199303419912,0.23928199975320394
1920,0.3585,86,439,86,433436,172174,53747,54209,1.5948534588165548,0.23945702636682084
1921,0.3586,65,356,65,433792,171818,53812,54144,1.5915558190373855,0.23961551057257416
1922,0.3587,79,389,79,434181,171429,53891,54065,1.587952499166327,0.23976247705038714
1923,0.3588,72,362,72,434543,171067,53963,53993,1.5845992811886325,0.2399049142450902
1924,0.3589,79,307,79,434850,170760,54042,53914,1.5817555300307533,0.23996546106803635
1925,0.359,63,382,63,435232,170378,54105,53851,1.5782170513913076,0.2401607285409113
1926,0.3591,105,450,105,435682,169928,54210,53746,1.574048686501908,0.24028720369823942
1927,0.3592,98,357,98,436039,169571,54308,53648,1.5707417836896513,0.240337964062199
1928,0.3593,72,308,72,436347,169263,54380,53576,1.5678887694986847,0.24042470124170365
1929,0.3594,55,231,55,436578,169032,54435,53521,1.5657490088554595,0.2404865357914744
1930,0.3595,84,461,84,437039,168571,54519,53437,1.561478750602097,0.24069853338618427
1931,0.3596,70,348,70,437387,168223,54589,53367,1.5582552150876283,0.2408366803556117
1932,0.3597,88,386,88,437773,167837,54677,53279,1.5546796843158324,0.24095497385987447
1933,0.3598,79,377,79,438150,167460,54756,53200,1.5511875208418244,0.2410948971268014
1934,0.3599,135,497,135,438647,166963,54891,53065,1.5465837933973101,0.24117385060083263
1935,0.36,86,464,86,439111,166499,54977,52979,1.5422857460446848,0.24138638041170413
1936,0.3601,66,374,66,439485,166125,55043,52913,1.5388213716699397,0.24156995589806335
1937,0.3602,102,498,102,439983,165627,55145,52811,1.5342083811923377,0.24176654245140497
1938,0.3603,97,412,97,440395,165215,55242,52714,1.5303920115602654,0.24188611887357808
1939,0.3604,83,322,83,440717,164893,55325,52631,1.5274093149060728,0.24195491072249498
1940,0.3605,66,339,66,441056,164554,55391,52565,1.524269146689392,0.2421022572874783
1941,0.3606,78,354,78,441410,164200,55469,52487,1.520990032976398,0.2422249604267907
1942,0.3607,100,474,100,441884,163726,55569,52387,1.5165993552928971,0.24240559337013506
1943,0.3608,53,254,53,442138,163472,55622,52334,1.5142465448886584,0.24250484231207659
1944,0.3609,57,256,57,442394,163216,55679,52277,1.5118752084182445,0.24259256681191502
1945,0.361,71,362,71,442756,162854,55750,52206,1.5085219904405498,0.24275086022505346
1946,0.3611,80,339,80,443095,162515,55830,52126,1.505381822223869,0.2428520180207882
1947,0.3612,69,315,69,443410,162200,55899,52057,1.5024639668012894,0.24296522400668355
1948,0.3613,79,392,79,443802,161808,55978,51978,1.4988328578309682,0.24313098144873846
1949,0.3614,87,419,87,444221,161389,56065,51891,1.494951646967283,0.24329988747186795
1950,0.3615,69,263,69,444484,161126,56134,51822,1.4925154692652562,0.24335518530345437
1951,0.3616,77,401,77,444885,160725,56211,51745,1.488800992997147,0.24354026450793054
1952,0.3617,82,402,82,445287,160323,56293,51663,1.4850772536959502,0.2437094902493561
1953,0.3618,57,315,57,445602,160008,56350,51606,1.4821593982733707,0.24386855312030395
1954,0.3619,92,413,92,446015,159595,56442,51514,1.4783337656082107,0.24401612437177003
1955,0.362,64,331,64,446346,159264,56506,51450,1.4752677016562303,0.2441698226031493
1956,0.3621,71,348,71,446694,158916,56577,51379,1.4720441661417614,0.244318695166314
1957,0.3622,77,297,77,446991,158619,56654,51302,1.469293045314758,0.24438717422268377
1958,0.3623,61,259,61,447250,158360,56715,51241,1.4668939197450814,0.24446925348638604
1959,0.3624,67,298,67,447548,158062,56782,51174,1.4641335358849903,0.24457550325947733
1960,0.3625,57,320,57,447868,157742,56839,51117,1.4611693652969728,0.24474406178330835
1961,0.3626,42,235,42,448103,157507,56881,51075,1.4589925525213976,0.24486772588238678
1962,0.3627,124,500,124,448603,157007,57005,50951,1.4543610359776205,0.24500620317564123
1963,0.3628,57,270,57,448873,156737,57062,50894,1.4518600170439808,0.24511754025169652
1964,0.3629,61,283,61,449156,156454,57123,50833,1.4492385786802031,0.2452300433698206
1965,0.363,56,336,56,449492,156118,57179,50777,1.4461261995627848,0.24542400734672176
1966,0.3631,62,317,62,449809,155801,57241,50715,1.4431898180740301,0.24557419279862094
1967,0.3632,65,280,65,450089,155521,57306,50650,1.440596168809515,0.24566985657536705
1968,0.3633,87,368,87,450457,155153,57393,50563,1.437187372633295,0.24579031285850395
1969,0.3634,102,477,102,450934,154676,57495,50461,1.4327689058505317,0.245986828314736
1970,0.3635,52,268,52,451202,154408,57547,50409,1.4302864129830672,0.24611726565665937
1971,0.3636,72,270,72,451472,154138,57619,50337,1.4277853940494276,0.24617679422912336
1972,0.3637,71,329,71,451801,153809,57690,50266,1.4247378561636221,0.24631140512066643
1973,0.3638,48,273,48,452074,153536,57738,50218,1.42220904813072,0.24646387310187776
1974,0.3639,65,262,65,452336,153274,57803,50153,1.4197821334617806,0.24654052805183185
1975,0.364,73,388,73,452724,152886,57876,50080,1.4161880766238097,0.24674083344008357
1976,0.3641,64,255,64,452979,152631,57940,50016,1.4138260031864833,0.2468134243290056
1977,0.3642,65,344,65,453323,152287,58005,49951,1.4106395198043646,0.2469911688208942
1978,0.3643,83,265,83,453588,152022,58088,49868,1.408184816036163,0.24700579523502897
1979,0.3644,54,275,54,453863,151747,58142,49814,1.4056374819370854,0.247141063995515
1980,0.3645,90,356,90,454219,151391,58232,49724,1.4023398421579163,0.24724162792432192
1981,0.3646,59,250,59,454469,151141,58291,49665,1.4000240838860276,0.24732826708365288
1982,0.3647,73,300,73,454769,150841,58364,49592,1.3972451739597613,0.247424326333488
1983,0.3648,59,299,59,455068,150542,58423,49533,1.3944755270665827,0.24757216043983507
1984,0.3649,73,307,73,455375,150235,58496,49460,1.3916317759087036,0.24767770850547086
1985,0.365,62,250,62,455625,149985,58558,49398,1.389316017636815,0.247754322083628
1986,0.3651,105,439,105,456064,149546,58663,49293,1.3852495461113787,0.24790408320299337
1987,0.3652,70,349,70,456413,149197,58733,49223,1.3820167475638223,0.2480747908476968
1988,0.3653,68,343,68,456756,148854,58801,49155,1.3788395272147913,0.24824629183521962
1989,0.3654,86,409,86,457165,148445,58887,49069,1.3750509466819816,0.24843302246929333
1990,0.3655,80,361,80,457526,148084,58967,48989,1.3717069917373745,0.24858301238627312
1991,0.3656,45,185,45,457711,147899,59012,48944,1.369993330616177,0.24864485910090783
1992,0.3657,81,306,81,458017,147593,59093,48863,1.3671588424913854,0.2487223602231543
1993,0.3658,94,448,94,458465,147145,59187,48769,1.363009003668161,0.24893065324581193
1994,0.3659,75,354,75,458819,146791,59262,48694,1.3597298899551669,0.24909328081438473
1995,0.366,78,280,78,459099,146511,59340,48616,1.3571362406906518,0.2491505532294352
1996,0.3661,64,237,64,459336,146274,59404,48552,1.3549409018489014,0.24920698469403468
1997,0.3662,124,533,124,459869,145741,59528,48428,1.350003705213235,0.24941159505379334
1998,0.3663,78,303,78,460172,145438,59606,48350,1.347197006187706,0.24949945301050633
1999,0.3664,63,285,63,460457,145153,59669,48287,1.3445570417577533,0.24962262200165425
2000,0.3665,85,423,85,460880,144730,59754,48202,1.3406387787617178,0.24983932162627248
2001,0.3666,111,454,111,461334,144276,59865,48091,1.3364333617399682,0.2499961012023892
2002,0.3667,69,368,69,461702,143908,59934,48022,1.3330245655637483,0.2502058041994477
2003,0.3668,113,440,113,462142,143468,60047,47909,1.3289488310052244,0.250338337417767
2004,0.3669,61,263,61,462405,143205,60108,47848,1.3265126533031977,0.2504435941859065
2005,0.367,95,452,95,462857,142753,60203,47753,1.322325762347623,0.25066402108070085
2006,0.3671,78,307,78,463164,142446,60281,47675,1.319482011189744,0.250761357240915
2007,0.3672,51,257,51,463421,142189,60332,47624,1.3171014116862425,0.25089956957637255
2008,0.3673,56,298,56,463719,141891,60388,47568,1.3143410278261514,0.2510727914746726
2009,0.3674,71,400,71,464119,141491,60459,47497,1.3106358145911297,0.25132283531229493
2010,0.3675,84,370,84,464489,141121,60543,47413,1.3072084923487346,0.2514824912217425
2011,0.3676,67,343,67,464832,140778,60610,47346,1.3040312719997036,0.2516744275052625
2012,0.3677,84,376,84,465208,140402,60694,47262,1.3005483715587831,0.25184372069230115
2013,0.3678,52,213,52,465421,140189,60746,47210,1.2985753455111342,0.25192236884935354
2014,0.3679,62,288,62,465709,139901,60808,47148,1.2959075919819185,0.25206229383744366
2015,0.368,85,329,85,466038,139572,60893,47063,1.2928600540961133,0.2521659924451469
2016,0.3681,97,436,97,466474,139136,60990,46966,1.2888213716699397,0.2523669815477534
2017,0.3682,63,211,63,466685,138925,61053,46903,1.2868668716884657,0.2524000688809006
2018,0.3683,91,393,91,467078,138532,61144,46812,1.2832264996850569,0.25256819751381215
2019,0.3684,55,232,55,467310,138300,61199,46757,1.2810774760087442,0.252662693116175
2020,0.3685,85,418,85,467728,137882,61284,46672,1.2772055281781467,0.25289075284198664
2021,0.3686,77,319,77,468047,137563,61361,46595,1.274250620623217,0.2530164315424798
2022,0.3687,60,247,60,468294,137316,61421,46535,1.271962651450591,0.2531125748568134
2023,0.3688,63,326,63,468620,136990,61484,46472,1.2689429026640484,0.2533058617043311
2024,0.3689,73,285,73,468905,136705,61557,46399,1.2663029382340953,0.25340243795875567
2025,0.369,60,283,60,469188,136422,61617,46339,1.2636814998703176,0.2535497179376344
2026,0.3691,69,308,69,469496,136114,61686,46270,1.2608284856793508,0.2536954996052285
2027,0.3692,61,255,61,469751,135859,61747,46209,1.2584664122420246,0.2538007777313971
2028,0.3693,92,275,92,470026,135584,61839,46117,1.2559190781429472,0.25380707866219776
2029,0.3694,37,252,37,470278,135332,61876,46080,1.2535847938048834,0.25400745264921837
2030,0.3695,64,230,64,470508,135102,61940,46016,1.251454296194746,0.25406640974392386
2031,0.3696,50,239,50,470747,134863,61990,45966,1.2492404312868206,0.2541959530827467
2032,0.3697,41,221,41,470968,134642,62031,45925,1.2471933009744711,0.25433772505496577
2033,0.3698,72,271,72,471239,134371,62103,45853,1.2446830190077438,0.2544222745028409
2034,0.3699,64,318,64,471557,134053,62167,45789,1.2417373744859017,0.25460682154335473
2035,0.37,60,239,60,471796,133814,62227,45729,1.2395235095779762,0.25469664648580004
2036,0.3701,67,332,67,472128,133482,62294,45662,1.2364481825929081,0.25488992095744206
2037,0.3702,80,224,80,472352,133258,62374,45582,1.234373263181296,0.2548758666964885
2038,0.3703,92,383,92,472735,132875,62466,45490,1.230825521508763,0.2550388248815631
2039,0.3704,43,153,43,472888,132722,62509,45447,1.229408277446367,0.25507804387968724
2040,0.3705,42,225,42,473113,132497,62551,45405,1.2273240950016673,0.2552247866803071
2041,0.3706,63,258,63,473371,132239,62614,45342,1.2249342324650783,0.2553313699100692
2042,0.3707,63,326,63,473697,131913,62677,45279,1.2219144836785356,0.2555363673303535
2043,0.3708,84,338,84,474035,131575,62761,45195,1.2187835784949423,0.2556712111783674
2044,0.3709,78,354,78,474389,131221,62839,45117,1.2155044647819482,0.25585523256473364
2045,0.371,42,202,42,474591,131019,62881,45075,1.2136333320982622,0.25597124263177623
2046,0.3711,82,328,82,474919,130691,62963,44993,1.2105950572455444,0.25610186471164137
2047,0.3712,50,206,50,475125,130485,63013,44943,1.2086868724295083,0.2561905739106642
2048,0.3713,41,234,41,475359,130251,63054,44902,1.2065193226870206,0.2563587263706588
2049,0.3714,75,283,75,475642,129968,63129,44827,1.2038978843232429,0.25645470408192456
2050,0.3715,78,291,78,475933,129677,63207,44749,1.2012023416947646,0.25655005561097544
2051,0.3716,99,382,99,476315,129295,63306,44650,1.197663863055319,0.2566903331512835
2052,0.3717,95,395,95,476710,128900,63401,44555,1.194004964985735,0.25686777550373296
2053,0.3718,70,279,70,476989,128621,63471,44485,1.1914205787543073,0.2569812715908172
2054,0.3719,79,419,79,477408,128202,63550,44406,1.187539367890622,0.2572650166852058
2055,0.372,79,301,79,477709,127901,63629,44327,1.1847511949312683,0.25737394616438675
2056,0.3721,87,390,87,478099,127511,63716,44240,1.1811386120271221,0.2575821974835663
2057,0.3722,56,273,56,478372,127238,63772,44184,1.1786098039942199,0.25774988041208247
2058,0.3723,71,313,71,478685,126925,63843,44113,1.1757104746378153,0.25791344613477707
2059,0.3724,72,283,72,478968,126642,63915,44041,1.1730890362740376,0.2580280402852071
2060,0.3725,66,253,66,479221,126389,63981,43975,1.1707454889028863,0.2581237820196755
2061,0.3726,53,224,53,479445,126165,64034,43922,1.1686705694912742,0.2582325515765461
2062,0.3727,69,221,69,479666,125944,64103,43853,1.1666234391789247,0.2582672249804178
2063,0.3728,61,190,61,479856,125754,64164,43792,1.1648634628922894,0.25828978566288796
2064,0.3729,74,252,74,480108,125502,64238,43718,1.1625291785542258,0.25835007682307054
2065,0.373,58,280,58,480388,125222,64296,43660,1.1599355292897107,0.2585237029405147
2066,0.3731,97,389,97,480777,124833,64393,43563,1.1563322094186521,0.25869379320173874
2067,0.3732,71,285,71,481062,124548,64464,43492,1.153692244988699,0.25881932873125446
2068,0.3733,53,215,53,481277,124333,64517,43439,1.151700692874875,0.258916863362182
2069,0.3734,83,295,83,481572,124038,64600,43356,1.1489680981140464,0.25900569912900107
2070,0.3735,57,198,57,481770,123840,64657,43299,1.1471340175627107,0.2590598244574875
2071,0.3736,59,220,59,481990,123620,64716,43240,1.145096150283449,0.25913939829797433
2072,0.3737,73,274,73,482264,123346,64789,43167,1.142558079217459,0.25924102022064344
2073,0.3738,79,347,79,482611,122999,64868,43088,1.1393438067360777,0.25943029857845584
2074,0.3739,59,199,59,482810,122800,64927,43029,1.1375004631516543,0.2594781371171508
2075,0.374,71,270,71,483080,122530,64998,42958,1.1349994442180147,0.25958377646717584
2076,0.3741,63,230,63,483310,122300,65061,42895,1.1328689466078772,0.25966282272465874
2077,0.3742,78,288,78,483598,122012,65139,42817,1.1302011930786617,0.25976618192187056
2078,0.3743,76,236,76,483834,121776,65215,42741,1.1280151172699988,0.259796859898977
2079,0.3744,65,262,65,484096,121514,65280,42676,1.1255882026010597,0.2599183872343017
2080,0.3745,56,229,56,484325,121285,65336,42620,1.1234669680240097,0.2600286751471889
2081,0.3746,53,244,53,484569,121041,65389,42567,1.1212067879506467,0.2601767639724219
2082,0.3747,73,265,73,484834,120776,65462,42494,1.1187520841824448,0.2602682672873155
2083,0.3748,73,291,73,485125,120485,65535,42421,1.1160565415539665,0.2604017040501885
2084,0.3749,66,241,66,485366,120244,65601,42355,1.1138241505798658,0.26048745687242847
2085,0.375,65,272,65,485638,119972,65666,42290,1.111304605580051,0.2606278734392526
2086,0.3751,47,256,47,485894,119716,65713,42243,1.1089332691096372,0.26082527059317484
2087,0.3752,63,274,63,486168,119442,65776,42180,1.1063951980436475,0.2609793221219883
2088,0.3753,86,369,86,486537,119073,65862,42094,1.10297713883434,0.26118250013960675
2089,0.3754,94,348,94,486885,118725,65956,42000,1.0997536033198712,0.26131591227251516
2090,0.3755,76,380,76,487265,118345,66032,41924,1.0962336507466004,0.26158520986591294
2091,0.3756,42,113,42,487378,118232,66074,41882,1.095186928007707,0.2615761270095057
2092,0.3757,89,334,89,487712,117898,66163,41793,1.0920930749564637,0.2617116806833197
2093,0.3758,76,194,76,487906,117704,66239,41717,1.0902960465374782,0.26167819797893627
2094,0.3759,52,231,52,488137,117473,66291,41665,1.0881562858942533,0.261816787945054
2095,0.376,74,292,74,488429,117181,66365,41591,1.0854514802326873,0.2619542488600005
2096,0.3761,47,255,47,488684,116926,66412,41544,1.0830894067953611,0.2621568751183189
2097,0.3762,56,214,56,488898,116712,66468,41488,1.0811071177146245,0.26225031605562577
2098,0.3763,47,216,47,489114,116496,66515,41441,1.0791063025677128,0.26238943376156315
2099,0.3764,59,271,59,489385,116225,66574,41382,1.0765960206009857,0.26256448000406074
2100,0.3765,72,229,72,489614,115996,66646,41310,1.0744747860239356,0.26260918210367057
2101,0.3766,72,251,72,489865,115745,66718,41238,1.0721497647189595,0.26269086461591384
2102,0.3767,43,218,43,490083,115527,66761,41195,1.0701304235058728,0.2628539707252332
2103,0.3768,82,256,82,490339,115271,66843,41113,1.067759087035459,0.2628977388991201
2104,0.3769,89,273,89,490612,114998,66932,41024,1.0652302790025565,0.26293727807616873
2105,0.377,78,335,78,490947,114663,67010,40946,1.0621271629182258,0.2631338804310805
2106,0.3771,64,283,64,491230,114380,67074,40882,1.0595057245544481,0.2633097602761783
2107,0.3772,51,210,51,491440,114170,67125,40831,1.0575604876060618,0.2634241069412455
2108,0.3773,75,344,75,491784,113826,67200,40756,1.0543740042239431,0.26365294794995536
2109,0.3774,87,344,87,492128,113482,67287,40669,1.0511875208418244,0.26382572931735765
2110,0.3775,84,251,84,492379,113231,67371,40585,1.0488624995368483,0.26385421542622356
2111,0.3776,57,245,57,492624,112986,67428,40528,1.0465930564303976,0.2640019802754146
2112,0.3777,64,201,64,492825,112785,67492,40464,1.0447311867797993,0.2640408746549733
2113,0.3778,70,294,70,493119,112491,67562,40394,1.0420078550520582,0.26421166236059784
2114,0.3779,57,288,57,493407,112203,67619,40337,1.0393401015228427,0.264435557886456
2115,0.378,76,261,76,493668,111942,67695,40261,1.036922449886991,0.26452172427613124
2116,0.3781,86,290,86,493958,111652,67781,40175,1.0342361702916003,0.26461037891811073
2117,0.3782,82,268,82,494226,111384,67863,40093,1.0317536774241358,0.26468044653643785
2118,0.3783,77,306,77,494532,111078,67940,40016,1.0289191892993441,0.264841754139807
2119,0.3784,63,216,63,494748,110862,68003,39953,1.0269183741524324,0.26491396744355666
2120,0.3785,100,274,100,495022,110588,68103,39853,1.0243803030864427,0.26490783762405196
2121,0.3786,54,193,54,495215,110395,68157,39799,1.0225925377005447,0.2649839540860487
2122,0.3787,76,258,76,495473,110137,68233,39723,1.0202026751639557,0.2650673962364874
2123,0.3788,42,188,42,495661,109949,68275,39681,1.0184612249434954,0.26519414555904564
2124,0.3789,62,249,62,495910,109700,68337,39619,1.0161547297046944,0.26533127063535117
2125,0.379,80,315,80,496225,109385,68417,39539,1.013236874282115,0.26549783782331926
2126,0.3791,36,180,36,496405,109205,68453,39503,1.0115695283263553,0.2656413911827205
2127,0.3792,75,302,75,496707,108903,68528,39428,1.0087720923339139,0.2658109228684496
2128,0.3793,82,327,82,497034,108576,68610,39346,1.0057430805142835,0.26599153607982584
2129,0.3794,66,244,66,497278,108332,68676,39280,1.0034829004409205,0.2661030268541853
2130,0.3795,68,240,68,497518,108092,68744,39212,1.0012597724999073,0.2661977950361158
2131,0.3796,64,211,64,497729,107881,68808,39148,0.9993052725184335,0.266260397608635
2132,0.3797,66,223,66,497952,107658,68874,39082,0.9972396161399089,0.2663350143110263
2133,0.3798,61,232,61,498184,107426,68935,39021,0.9950905924635963,0.26645134417229444
2134,0.3799,80,284,80,498468,107142,69015,38941,0.9924598910667309,0.26656763620681395
2135,0.38,48,231,48,498699,106911,69063,38893,0.9903201304235059,0.26674851170063923
2136,0.3801,60,175,60,498874,106736,69123,38833,0.9886990996331839,0.2667669627461891
2137,0.3802,51,234,51,499108,106502,69174,38782,0.9865315498906962,0.26693923625450844
2138,0.3803,43,153,43,499261,106349,69217,38739,0.9851143058283004,0.26700347375385974
2139,0.3804,87,269,87,499530,106080,69304,38652,0.9826225499277483,0.26705911615952244
2140,0.3805,60,230,60,499760,105850,69364,38592,0.9804920523176108,0.26717990612148823
2141,0.3806,63,244,63,500004,105606,69427,38529,0.9782318722442477,0.2673118950983453
2142,0.3807,106,286,106,500290,105320,69533,38423,0.9755826447812072,0.26730345129849803
2143,0.3808,80,260,80,500550,105060,69613,38343,0.9731742561784431,0.26737934352837806
2144,0.3809,63,251,63,500801,104809,69676,38280,0.970849234873467,0.26752580561748285
2145,0.381,61,200,61,501001,104609,69737,38219,0.9689966282559561,0.2675875878679251
2146,0.3811,88,278,88,501279,104331,69825,38131,0.966421505057616,0.2676573402030015
2147,0.3812,49,214,49,501493,104117,69874,38082,0.9644392159768794,0.26780779049079106
2148,0.3813,77,268,77,501761,103849,69951,38005,0.9619567231094149,0.26791630831700197
2149,0.3814,65,201,65,501962,103648,70016,37940,0.9600948534588165,0.26796056162951665
2150,0.3815,58,205,58,502167,103443,70074,37882,0.9581959316758679,0.26804882363346894
2151,0.3816,52,213,52,502380,103230,70126,37830,0.9562229056282189,0.2681837515950659
2152,0.3817,62,285,62,502665,102945,70188,37768,0.9535829411982659,0.26840448288359997
2153,0.3818,77,267,77,502932,102678,70265,37691,0.951109711363889,0.26851370316807843
2154,0.3819,79,224,79,503156,102454,70344,37612,0.9490347919522768,0.2685305498836263
2155,0.382,87,313,87,503469,102141,70431,37525,0.9461354625958724,0.26867670012744693
2156,0.3821,63,303,63,503772,101838,70494,37462,0.9433287635703435,0.2689303661162958
2157,0.3822,74,335,74,504107,101503,70568,37388,0.9402256474860128,0.2691895083194735
2158,0.3823,80,288,80,504395,101215,70648,37308,0.9375578939567972,0.2693271153526851
2159,0.3824,50,221,50,504616,100994,70698,37258,0.9355107636444477,0.26949338888406676
2160,0.3825,40,155,40,504771,100839,70738,37218,0.9340749935158769,0.2695843021360742
2161,0.3826,86,262,86,505033,100577,70824,37132,0.9316480788469377,0.26964105468778365
2162,0.3827,80,266,80,505299,100311,70904,37052,0.9291841120456482,0.26973784789208155
2163,0.3828,70,255,70,505554,100056,70974,36982,0.9268220386083219,0.26986675228768664
2164,0.3829,48,214,48,505768,99842,71022,36934,0.9248397495275853,0.2700327542843774
2165,0.383,51,203,51,505971,99639,71073,36883,0.9229593538108118,0.2701615856784987
2166,0.3831,67,239,67,506210,99400,71140,36816,0.9207454889028863,0.2702766194866976
2167,0.3832,68,246,68,506456,99154,71208,36748,0.918466782763348,0.2704007299377493
2168,0.3833,69,227,69,506683,98927,71277,36679,0.9163640742524732,0.2704821320590534
2169,0.3834,90,290,90,506973,98637,71367,36589,0.9136777946570825,0.27057666425095767
2170,0.3835,83,201,83,507174,98436,71450,36506,0.9118159250064841,0.27053104296660785
2171,0.3836,48,232,48,507406,98204,71498,36458,0.9096669013301716,0.27073710475115476
2172,0.3837,81,241,81,507647,97963,71579,36377,0.907434510356071,0.27078308768795595
2173,0.3838,62,177,62,507824,97786,71641,36315,0.905794953499574,0.27080334971402154
2174,0.3839,76,242,76,508066,97544,71717,36239,0.9035532994923858,0.2708789607050223
2175,0.384,46,208,46,508274,97336,71763,36193,0.9016265886101745,0.27104973451459985
2176,0.3841,57,192,57,508466,97144,71820,36136,0.8998480862573641,0.2711284513805522
2177,0.3842,78,271,78,508737,96873,71898,36058,0.8973378042906369,0.2712535074587568
2178,0.3843,64,213,64,508950,96660,71962,35994,0.8953647782429879,0.2713374643810213
2179,0.3844,72,269,72,509219,96391,72034,35922,0.8928730223424358,0.2714925970993024
2180,0.3845,119,351,119,509570,96040,72153,35803,0.8896216977287043,0.2715578377312409
2181,0.3846,56,180,56,509750,95860,72209,35747,0.8879543517729446,0.2716192907672084
2182,0.3847,62,229,62,509979,95631,72271,35685,0.8858331171958946,0.27174906332815496
2183,0.3848,57,260,57,510239,95371,72328,35628,0.8834247285931305,0.2719715417674944
2184,0.3849,40,182,40,510421,95189,72368,35588,0.8817388565711957,0.2721273618449727
2185,0.385,117,354,117,510775,94835,72485,35471,0.8784597428582015,0.27221309839915275
2186,0.3851,53,249,53,511024,94586,72538,35418,0.8761532476194005,0.2724377711455032
2187,0.3852,51,174,51,511198,94412,72589,35367,0.874541479862166,0.2725171252667997
2188,0.3853,56,223,56,511421,94189,72645,35311,0.8724758234836415,0.27267181467181467
2189,0.3854,60,169,60,511590,94020,72705,35251,0.8709103708918449,0.272690704024878
2190,0.3855,59,217,59,511807,93803,72764,35192,0.8689002927118455,0.272816775844025
2191,0.3856,49,184,49,511991,93619,72813,35143,0.8671958946237356,0.27292990167906683
2192,0.3857,84,314,84,512305,93305,72897,35059,0.8642873022342435,0.27312174753046026
2193,0.3858,69,193,69,512498,93112,72966,34990,0.8624995368483456,0.2731417151957034
2194,0.3859,79,315,79,512813,92797,73045,34911,0.8595816814257661,0.2733658032386381
2195,0.386,62,187,62,513000,92610,73107,34849,0.8578494942383934,0.2734134113714999
2196,0.3861,79,307,79,513307,92303,73186,34770,0.8550057430805142,0.27362224862874096
2197,0.3862,74,254,74,513561,92049,73260,34696,0.8526529326762755,0.2737464988756953
2198,0.3863,80,236,80,513797,91813,73340,34616,0.8504668568676127,0.2737979419278805
2199,0.3864,90,303,90,514100,91510,73430,34526,0.8476601578420838,0.27393760512869336
2200,0.3865,63,240,63,514340,91270,73493,34463,0.8454370299010708,0.27409669696897393
2201,0.3866,78,270,78,514610,91000,73571,34385,0.8429360109674312,0.27423535510627267
2202,0.3867,93,323,93,514933,90677,73664,34292,0.8399440512801511,0.27440405220494685
2203,0.3868,57,157,57,515090,90520,73721,34235,0.8384897550854051,0.2744178590036471
2204,0.3869,43,215,43,515305,90305,73764,34192,0.8364982029715811,0.27464115601179145
2205,0.387,51,221,51,515526,90084,73815,34141,0.8344510726592316,0.2748319581404709
2206,0.3871,68,300,68,515826,89784,73883,34073,0.8316721627329653,0.2750995099186966
2207,0.3872,82,236,82,516062,89548,73965,33991,0.8294860869243025,0.2751438816891832
2208,0.3873,73,215,73,516277,89333,74038,33918,0.8274945348104783,0.2751945217483022
2209,0.3874,76,249,76,516526,89084,74114,33842,0.8251880395716773,0.27530384133543756
2210,0.3875,68,252,68,516778,88832,74182,33774,0.8228537552336137,0.27546775851100275
2211,0.3876,86,268,86,517046,88564,74268,33688,0.8203712623661492,0.2755619539966626
2212,0.3877,86,267,86,517313,88297,74354,33602,0.8178980325317722,0.2756544352291651
2213,0.3878,67,241,67,517554,88056,74421,33535,0.8156656415576716,0.2758016629520277
2214,0.3879,57,200,57,517754,87856,74478,33478,0.8138130349401608,0.2759160663952396
2215,0.388,51,192,51,517946,87664,74529,33427,0.8120345325873504,0.27604859155511147
2216,0.3881,77,280,77,518226,87384,74606,33350,0.8094408833228353,0.2762270777080193
2217,0.3882,92,269,92,518495,87115,74698,33258,0.8069491274222832,0.27629119486928133
2218,0.3883,62,200,62,518695,86915,74760,33196,0.8050965208047723,0.2763776839756559
2219,0.3884,49,140,49,518835,86775,74809,33147,0.8037996961725147,0.2764046630309701
2220,0.3885,91,289,91,519124,86486,74900,33056,0.8011226796102116,0.27652205919258505
2221,0.3886,75,263,75,519387,86223,74975,32981,0.7986865019081848,0.27667695714908896
2222,0.3887,62,261,62,519648,85962,75037,32919,0.7962688502723332,0.27690715926010046
2223,0.3888,76,210,76,519858,85752,75113,32843,0.7943236133239467,0.2769341034613601
2224,0.3889,83,248,83,520106,85504,75196,32760,0.7920263811182333,0.27700737333423525
2225,0.389,93,330,93,520436,85174,75289,32667,0.7889695801993405,0.27721251516874434
2226,0.3891,87,266,87,520702,84908,75376,32580,0.786505613398051,0.2773049162467656
2227,0.3892,98,278,98,520980,84630,75474,32482,0.783930490199711,0.27735842612200284
2228,0.3893,90,246,90,521226,84384,75564,32392,0.7816517840601727,0.2773857641981229
2229,0.3894,58,188,58,521414,84196,75622,32334,0.7799103338397124,0.2774736119454218
2230,0.3895,57,232,57,521646,83964,75679,32277,0.7777613101633999,0.2776731101762717
2231,0.3896,74,251,74,521897,83713,75753,32203,0.7754362888584238,0.27781324407329444
2232,0.3897,69,223,69,522120,83490,75822,32134,0.7733706324798992,0.2779180792914966
2233,0.3898,69,230,69,522350,83260,75891,32065,0.7712401348697617,0.2780403208324301
2234,0.3899,61,239,61,522589,83021,75952,32004,0.7690262699618363,0.27823516626820255
2235,0.39,54,193,54,522782,82828,76006,31950,0.7672385045759383,0.27836344944153063
2236,0.3901,79,217,79,522999,82611,76085,31871,0.7652284263959391,0.27839310983386034
2237,0.3902,79,282,79,523281,82329,76164,31792,0.7626162510652488,0.2785815055949387
2238,0.3903,58,148,58,523429,82181,76222,31734,0.7612453221682908,0.2785761313259887
2239,0.3904,60,221,60,523650,81960,76282,31674,0.7591981918559413,0.2787369977295528
2240,0.3905,72,224,72,523874,81736,76354,31602,0.7571232724443292,0.27882969524784273
2241,0.3906,51,178,51,524052,81558,76405,31551,0.7554744525547445,0.27894332016019946
2242,0.3907,69,208,69,524260,81350,76474,31482,0.7535477416725332,0.2790165910380034
2243,0.3908,63,226,63,524486,81124,76537,31419,0.751454296194746,0.2791732937632727
2244,0.3909,96,333,96,524819,80791,76633,31323,0.7483697061765905,0.279385268565924
2245,0.391,72,220,72,525039,80571,76705,31251,0.7463318388973286,0.2794709448945646
2246,0.3911,80,234,80,525273,80337,76785,31171,0.7441642891548409,0.27954048140043763
2247,0.3912,89,276,89,525549,80061,76874,31082,0.741607692022676,0.27965773822912826
2248,0.3913,80,270,80,525819,79791,76954,31002,0.7391066730890363,0.279819122146706
2249,0.3914,67,212,67,526031,79579,77021,30935,0.7371429100744747,0.27991928624427675
2250,0.3915,73,234,73,526265,79345,77094,30862,0.7349753603319871,0.28003665828849345
2251,0.3916,72,203,72,526468,79142,77166,30790,0.7330949646152136,0.2800822326529127
2252,0.3917,48,173,48,526641,78969,77214,30742,0.7314924598910667,0.2802089125064943
2253,0.3918,52,211,52,526852,78758,77266,30690,0.7295379599095928,0.28040713398143413
2254,0.3919,77,241,77,527093,78517,77343,30613,0.7273055689354923,0.28051864748465133
2255,0.392,65,218,65,527311,78299,77408,30548,0.7252862277224055,0.28065082179573164
2256,0.3921,60,219,60,527530,78080,77468,30488,0.723257623476231,0.280819394296662
2257,0.3922,88,246,88,527776,77834,77556,30400,0.7209789173366927,0.28087292348060683
2258,0.3923,63,261,63,528037,77573,77619,30337,0.7185612657008411,0.2811324251691224
2259,0.3924,89,282,89,528319,77291,77708,30248,0.7159490903701508,0.28127470034127156
2260,0.3925,38,128,38,528447,77163,77746,30210,0.7147634221349438,0.28135564806795005
2261,0.3926,75,249,75,528696,76914,77821,30135,0.7124569268961429,0.2815065997814085
2262,0.3927,58,229,58,528925,76685,77879,30077,0.710335692319093,0.28172008767164347
2263,0.3928,70,206,70,529131,76479,77949,30007,0.7084275075030568,0.28179291174426685
2264,0.3929,53,189,53,529320,76290,78002,29954,0.706676794249509,0.28193592108730847
2265,0.393,47,150,47,529470,76140,78049,29907,0.7052873392863759,0.2820164643978613
2266,0.3931,71,264,71,529734,75876,78120,29836,0.7028418985512617,0.2822385348872408
2267,0.3932,97,240,97,529974,75636,78217,29739,0.7006187706102486,0.282220640569395
2268,0.3933,84,233,84,530207,75403,78301,29655,0.6984604839008485,0.28227264939366825
2269,0.3934,65,269,65,530476,75134,78366,29590,0.6959687280002964,0.2825522325350445
2270,0.3935,77,208,77,530684,74926,78443,29513,0.6940420171180851,0.28258600714292553
2271,0.3936,56,227,56,530911,74699,78499,29457,0.6919393086072103,0.2828161603748224
2272,0.3937,103,312,103,531223,74387,78602,29354,0.6890492422838934,0.28295466594692553
2273,0.3938,42,169,42,531392,74218,78644,29312,0.6874837896920968,0.2831256640587269
2274,0.3939,105,321,105,531713,73897,78749,29207,0.6845103560709919,0.2832770794537554
2275,0.394,58,210,58,531923,73687,78807,29149,0.6825651191226055,0.283451320549224
2276,0.3941,83,285,83,532208,73402,78890,29066,0.6799251546926526,0.2836592887535621
2277,0.3942,73,216,73,532424,73186,78963,28993,0.6779243395457408,0.28374714960999814
2278,0.3943,89,253,89,532677,72933,79052,28904,0.6755807921745897,0.2838261142806642
2279,0.3944,78,238,78,532915,72695,79130,28826,0.6733761902997517,0.28394125353375166
2280,0.3945,46,183,46,533098,72512,79176,28780,0.6716810552447293,0.2841290526398926
2281,0.3946,79,242,79,533340,72270,79255,28701,0.6694394012375412,0.284249933149122
2282,0.3947,55,206,55,533546,72064,79310,28646,0.667531216421505,0.284440472644226
2283,0.3948,86,245,86,533791,71819,79396,28560,0.6652617733150543,0.28452166289761804
2284,0.3949,62,211,62,534002,71608,79458,28498,0.6633072733335803,0.28467824106447165
2285,0.395,61,216,61,534218,71392,79519,28437,0.6613064581866687,0.28485710565066263
2286,0.3951,52,165,52,534383,71227,79571,28385,0.6597780577272222,0.2849556278360037
2287,0.3952,62,226,62,534609,71001,79633,28323,0.657684612249435,0.28515766582094965
2288,0.3953,65,205,65,534814,70796,79698,28258,0.6557856904664864,0.28527873685060673
2289,0.3954,104,348,104,535162,70448,79802,28154,0.6525621549520175,0.2855317336362346
2290,0.3955,66,183,66,535345,70265,79868,28088,0.650867019896995,0.2855835612538509
2291,0.3956,91,267,91,535612,69998,79959,27997,0.6483937900626181,0.28569824991070975
2292,0.3957,81,218,81,535830,69780,80040,27916,0.6463744488495313,0.28574353095316085
2293,0.3958,72,211,72,536041,69569,80112,27844,0.6444199488680573,0.28583453953784405
2294,0.3959,78,255,78,536296,69314,80190,27766,0.642057875430731,0.28601153687680264
2295,0.396,85,208,85,536504,69106,80275,27681,0.6401311645485198,0.2859991527787823
2296,0.3961,52,187,52,536691,68919,80327,27629,0.6383989773611471,0.2861685379293201
2297,0.3962,92,272,92,536963,68647,80419,27537,0.6358794323613324,0.2862950178823921
2298,0.3963,61,241,61,537204,68406,80480,27476,0.6336470413872318,0.28656056402661606
2299,0.3964,61,175,61,537379,68231,80541,27415,0.6320260105969099,0.2866298642912406
2300,0.3965,81,230,81,537609,68001,80622,27334,0.6298955129867724,0.28671526721560814
2301,0.3966,97,268,97,537877,67733,80719,27237,0.6274130201193079,0.2867958302621881
2302,0.3967,69,209,69,538086,67524,80788,27168,0.625477046204009,0.28690913699150933
2303,0.3968,64,220,64,538306,67304,80852,27104,0.6234391789247471,0.28709431404118296
2304,0.3969,58,154,58,538460,67150,80910,27046,0.6220126718292638,0.2871247186717058
2305,0.397,71,211,71,538671,66939,80981,26975,0.6200581718477899,0.28723087079668636
2306,0.3971,60,163,60,538834,66776,81041,26915,0.6185482974545186,0.28727412451569523
2307,0.3972,69,207,69,539041,66569,81110,26846,0.6166308496053948,0.28738425306428306
2308,0.3973,67,221,67,539262,66348,81177,26779,0.6145837192930453,0.2875535558967861
2309,0.3974,67,200,67,539462,66148,81244,26712,0.6127311126755345,0.28765884126642255
2310,0.3975,54,191,54,539653,65957,81298,26658,0.6109618733558116,0.28783674350807104
2311,0.3976,69,213,69,539866,65744,81367,26589,0.6089888473081626,0.2879685486229192
2312,0.3977,71,195,71,540061,65549,81438,26518,0.6071825558560895,0.2880293699153877
2313,0.3978,59,158,59,540219,65391,81497,26459,0.6057189966282559,0.2880675013609145
2314,0.3979,78,272,78,540491,65119,81575,26381,0.6031994516284412,0.2883169398907104
2315,0.398,58,234,58,540725,64885,81633,26323,0.6010319018859536,0.288604069818437
2316,0.3981,53,195,53,540920,64690,81686,26270,0.5992256104338805,0.28880826737027265
2317,0.3982,85,317,85,541237,64373,81771,26185,0.5962892289451258,0.289151703880386
2318,0.3983,92,314,92,541551,64059,81863,26093,0.5933806365556338,0.2894334013665809
2319,0.3984,56,175,56,541726,63884,81919,26037,0.5917596057653118,0.28955416421080726
2320,0.3985,68,221,68,541947,63663,81987,25969,0.5897124754529623,0.2897291146019279
2321,0.3986,89,268,89,542215,63395,82076,25880,0.5872299825854977,0.2898907868944273
2322,0.3987,96,274,96,542489,63121,82172,25784,0.584691911519508,0.29001743434002586
2323,0.3988,94,230,94,542719,62891,82266,25690,0.5825614139093704,0.2900170465449701
2324,0.3989,56,143,56,542862,62748,82322,25634,0.5812368001778503,0.2900364327578014
2325,0.399,66,185,66,543047,62563,82388,25568,0.5795231390566528,0.2901135809193133
2326,0.3991,68,260,68,543307,62303,82456,25500,0.5771147504538886,0.29042287848934545
2327,0.3992,59,181,59,543488,62122,82515,25441,0.5754381414650414,0.2905450932471478
2328,0.3993,78,191,78,543679,61931,82593,25363,0.5736689021453185,0.29054688752949803
2329,0.3994,72,229,72,543908,61702,82665,25291,0.5715476675682686,0.29072454105502743
2330,0.3995,65,187,65,544095,61515,82730,25226,0.5698154803808959,0.2908197968665337
2331,0.3996,67,218,67,544313,61297,82797,25159,0.5677961391678091,0.2910035162394744
2332,0.3997,56,166,56,544479,61131,82853,25103,0.5662584756752751,0.29110327712967043
2333,0.3998,56,192,56,544671,60939,82909,25047,0.5644799733224647,0.2912916056102156
2334,0.3999,53,188,53,544859,60751,82962,24994,0.5627385231020046,0.29149221528952124
2335,0.4,60,177,60,545036,60574,83022,24934,0.5610989662455075,0.2915984469289423
2336,0.4001,76,214,76,545250,60360,83098,24858,0.5591166771647709,0.2916989368443287
2337,0.4002,51,184,51,545434,60176,83149,24807,0.5574122790766609,0.2919054399115117
2338,0.4003,70,214,70,545648,59962,83219,24737,0.5554299899959243,0.2920577574705723
2339,0.4004,86,203,86,545851,59759,83305,24651,0.5535495942791507,0.29203885795521856
2340,0.4005,91,258,91,546109,59501,83396,24560,0.5511597317425618,0.29216878219388304
2341,0.4006,60,217,60,546326,59284,83456,24500,0.5491496535625625,0.292418600210064
2342,0.4007,90,270,90,546596,59014,83546,24410,0.5466486346289229,0.29260164940544686
2343,0.4008,61,205,61,546801,58809,83607,24349,0.5447497128459743,0.29280405974169654
2344,0.4009,59,199,59,547000,58610,83666,24290,0.542906369261551,0.29300361881785286
2345,0.401,66,243,66,547243,58367,83732,24224,0.5406554522212753,0.2933007228390503
2346,0.4011,74,246,74,547489,58121,83806,24150,0.538376746081737,0.29354207436399216
2347,0.4012,69,189,69,547678,57932,83875,24081,0.5366260328281892,0.2936241815321961
2348,0.4013,57,199,57,547877,57733,83932,24024,0.5347826892437659,0.2938463984735252
2349,0.4014,56,187,56,548064,57546,83988,23968,0.5330505020563934,0.2940353804254484
2350,0.4015,79,181,79,548245,57365,84067,23889,0.531373893067546,0.2940039874960002
2351,0.4016,76,291,76,548536,57074,84143,23813,0.5286783504390677,0.2943983582034196
2352,0.4017,71,196,71,548732,56878,84214,23742,0.5268627959539072,0.2944926817166956
2353,0.4018,66,205,66,548937,56673,84280,23676,0.5249638741709586,0.29466452600530185
2354,0.4019,60,158,60,549095,56515,84340,23616,0.523500314943125,0.29471740025707904
2355,0.402,121,273,121,549368,56242,84461,23495,0.5209715069102226,0.29465618219897916
2356,0.4021,110,290,110,549658,55952,84571,23385,0.518285227314832,0.29475528441962767
2357,0.4022,56,176,56,549834,55776,84627,23329,0.5166549334914224,0.29491182605397886
2358,0.4023,92,235,92,550069,55541,84719,23237,0.5144781207158472,0.2949681383127269
2359,0.4024,72,175,72,550244,55366,84791,23165,0.5128570899255253,0.294979052858107
2360,0.4025,116,306,116,550550,55060,84907,23049,0.5100226018007337,0.2950876339474324
2361,0.4026,93,285,93,550835,54775,85000,22956,0.5073826373707807,0.2953261890365491
2362,0.4027,53,173,53,551008,54602,85053,22903,0.5057801326466338,0.29550351590219986
2363,0.4028,55,199,55,551207,54403,85108,22848,0.5039367890622105,0.2957631616419205
2364,0.4029,59,178,59,551385,54225,85167,22789,0.5022879691726259,0.29590723764510346
2365,0.403,82,214,82,551599,54011,85249,22707,0.5003056800918892,0.29598008290101413
2366,0.4031,61,176,61,551775,53835,85310,22646,0.49867538626847974,0.2960996848890574
2367,0.4032,94,258,94,552033,53577,85404,22552,0.4962855237318908,0.2962340238279762
2368,0.4033,95,229,95,552262,53348,85499,22457,0.49416428915484084,0.29624694940966956
2369,0.4034,72,215,72,552477,53133,85571,22385,0.4921727370410167,0.29641939670012446
2370,0.4035,82,215,82,552692,52918,85653,22303,0.49018118492719254,0.2964996477047633
2371,0.4036,63,209,63,552901,52709,85716,22240,0.4882452110118937,0.29673511321031637
2372,0.4037,70,159,70,553060,52550,85786,22170,0.4867723887509726,0.29670770877944325
2373,0.4038,63,258,63,553318,52292,85849,22107,0.48438252621438366,0.29714109060605653
2374,0.4039,70,194,70,553512,52098,85919,22037,0.4825854977953981,0.29725500775612057
2375,0.404,73,209,73,553721,51889,85992,21964,0.4806495238800993,0.29740159506045794
2376,0.4041,109,264,109,553985,51625,86101,21855,0.47820408314498497,0.29742787152966793
2377,0.4042,71,184,71,554169,51441,86172,21784,0.476499685056875,0.29749402526459545
2378,0.4043,67,208,67,554377,51233,86239,21717,0.47457297417466376,0.2976970527758739
2379,0.4044,60,167,60,554544,51066,86299,21657,0.4730260476490422,0.2978012458231921
2380,0.4045,76,207,76,554751,50859,86375,21581,0.4711085997999185,0.29791551628934293
2381,0.4046,89,269,89,555020,50590,86464,21492,0.4686168438993664,0.2981604284009878
2382,0.4047,48,132,48,555152,50458,86512,21444,0.46739412353180926,0.29823927011766016
2383,0.4048,78,217,78,555369,50241,86590,21366,0.46538404535181,0.29837865013197035
2384,0.4049,66,192,66,555561,50049,86656,21300,0.4636055429989996,0.2985325652777194
2385,0.405,74,228,74,555789,49821,86730,21226,0.4614935714550372,0.29875997579067376
2386,0.4051,80,176,80,555965,49645,86810,21146,0.4598632776316277,0.2987102880309644
2387,0.4052,65,122,65,556087,49523,86875,21081,0.4587331875949461,0.29858081695088096
2388,0.4053,107,276,107,556363,49247,86982,20974,0.45617659046278114,0.29868557838823145
2389,0.4054,48,183,48,556546,49064,87030,20926,0.4544814554077587,0.29898556936705245
2390,0.4055,62,196,62,556742,48868,87092,20864,0.4526659009225981,0.299202661618769
2391,0.4056,66,166,66,556908,48702,87158,20798,0.4511282374300641,0.2992517985611511
2392,0.4057,61,194,61,557102,48508,87219,20737,0.4493312090110786,0.2994728861289624
2393,0.4058,56,170,56,557272,48338,87275,20681,0.4477564933861944,0.2996421275301004
2394,0.4059,44,138,44,557410,48200,87319,20637,0.4464781948201119,0.2997951682961198
2395,0.406,58,174,58,557584,48026,87377,20579,0.4448664270628775,0.29996355950732456
2396,0.4061,61,168,61,557752,47858,87438,20518,0.44331023750416837,0.3000760500760501
2397,0.4062,88,212,88,557964,47646,87526,20430,0.4413464744896069,0.3001057641459545
2398,0.4063,79,196,79,558160,47450,87605,20351,0.43953092000444627,0.3001578147814929
2399,0.4064,75,207,75,558367,47243,87680,20276,0.43761347215532254,0.30030065611161305
2400,0.4065,73,205,73,558572,47038,87753,20203,0.43571455037237394,0.3004565666780684
2401,0.4066,53,200,53,558772,46838,87806,20150,0.4338619437548631,0.3008001433092494
2402,0.4067,65,172,65,558944,46666,87871,20085,0.43226870206380374,0.300894368623691
2403,0.4068,52,141,52,559085,46525,87923,20033,0.4309626143984586,0.300985606538658
2404,0.4069,56,223,56,559308,46302,87979,19977,0.42889695801993405,0.30140768569230075
2405,0.407,70,200,70,559508,46102,88049,19907,0.4270443514024232,0.30158008756381705
2406,0.4071,86,259,86,559767,45843,88135,19821,0.42464522583274666,0.3018548976608187
2407,0.4072,81,242,81,560009,45601,88216,19740,0.42240357182555854,0.3021074057636094
2408,0.4073,92,224,92,560233,45377,88308,19648,0.4203286524139464,0.302160707420223
2409,0.4074,49,99,49,560332,45278,88357,19599,0.41941161213827854,0.3020947331103473
2410,0.4075,59,137,59,560469,45141,88416,19540,0.41814257660528364,0.30209798859015785
2411,0.4076,96,221,96,560690,44920,88512,19444,0.41609544629293416,0.3020943384500653
2412,0.4077,56,161,56,560851,44759,88568,19388,0.4146040979658379,0.3022432849548693
2413,0.4078,82,209,82,561060,44550,88650,19306,0.4126681240505391,0.3023365071410674
2414,0.4079,82,215,82,561275,44335,88732,19224,0.410676571936715,0.3024591324596045
2415,0.408,52,141,52,561416,44194,88784,19172,0.4093704842713698,0.3025597323485781
2416,0.4081,72,192,72,561608,44002,88856,19100,0.4075919819185594,0.30268454248676746
2417,0.4082,48,151,48,561759,43851,88904,19052,0.40619326392233873,0.30287903597602656
2418,0.4083,67,213,67,561972,43638,88971,18985,0.4042202378746897,0.3031633744790253
2419,0.4084,41,146,41,562118,43492,89012,18944,0.4028678350439068,0.30341469664936893
2420,0.4085,59,169,59,562287,43323,89071,18885,0.40130238245211014,0.3035783179012346
2421,0.4086,68,202,68,562489,43121,89139,18817,0.39943124976842415,0.3038038038038038
2422,0.4087,72,201,72,562690,42920,89211,18745,0.3975693801178258,0.30398118868077517
2423,0.4088,71,230,71,562920,42690,89282,18674,0.3954388825076883,0.30431523368750407
2424,0.4089,74,236,74,563156,42454,89356,18600,0.3932528066990255,0.3046483440888394
2425,0.409,60,190,60,563346,42264,89416,18540,0.39149283041239025,0.3049141503848431
2426,0.4091,70,237,70,563583,42027,89486,18470,0.38929749157063986,0.30530439525926906
2427,0.4092,57,167,57,563750,41860,89543,18413,0.3877505650450183,0.30549333864250994
2428,0.4093,76,218,76,563968,41642,89619,18337,0.38573122383193154,0.3057236699511496
2429,0.4094,62,205,62,564173,41437,89681,18275,0.38383230204898294,0.3060523847802787
2430,0.4095,75,192,75,564365,41245,89756,18200,0.38205379969617254,0.30616536294053326
2431,0.4096,55,173,55,564538,41072,89811,18145,0.3804512949720256,0.3064153874731918
2432,0.4097,43,116,43,564654,40956,89854,18102,0.37937678313386936,0.3065122422025805
2433,0.4098,47,133,47,564787,40823,89901,18055,0.3781447997332246,0.30665104113590813
2434,0.4099,58,177,58,564964,40646,89959,17997,0.37650524287672754,0.3068908480125505
2435,0.41,76,224,76,565188,40422,90035,17921,0.3744303234651154,0.3071662410229162
2436,0.4101,57,131,57,565319,40291,90092,17864,0.3732168661306458,0.3071790903619637
2437,0.4102,58,179,58,565498,40112,90150,17806,0.37155878320797364,0.30743464898649814
2438,0.4103,68,234,68,565732,39878,90218,17738,0.3693912334654859,0.30786587059150233
2439,0.4104,75,135,75,565867,39743,90293,17663,0.3681407239986661,0.30768560777619064
2440,0.4105,82,218,82,566085,39525,90375,17581,0.3661213827855793,0.30786607361748325
2441,0.4106,46,191,46,566276,39334,90421,17535,0.3643521434658565,0.30834022050677873
2442,0.4107,34,131,34,566407,39203,90455,17501,0.36313868613138683,0.30863783860045146
2443,0.4108,67,191,67,566598,39012,90522,17434,0.361369446811664,0.308861566807214
2444,0.4109,42,115,42,566713,38897,90564,17392,0.3603041980065953,0.3089768871360301
2445,0.411,78,183,78,566896,38714,90642,17314,0.35860906295157285,0.309024059398872
2446,0.4111,93,200,93,567096,38514,90735,17221,0.356756456334062,0.30897999461738584
2447,0.4112,78,177,78,567273,38337,90813,17143,0.3551168994775649,0.3089942321557318
2448,0.4113,65,168,65,567441,38169,90878,17078,0.35356070991885585,0.30912085724111715
2449,0.4114,79,153,79,567594,38016,90957,16999,0.35214346585646006,0.30898845769335637
2450,0.4115,54,170,54,567764,37846,91011,16945,0.35056875023157585,0.30926612034823237
2451,0.4116,52,102,52,567866,37744,91063,16893,0.3496239208566453,0.30918608269121656
2452,0.4117,64,175,64,568041,37569,91127,16829,0.3480028900663233,0.30936799147027466
2453,0.4118,66,150,66,568191,37419,91193,16763,0.3466134351031902,0.3093831899892953
2454,0.4119,54,172,54,568363,37247,91247,16709,0.34502019341213086,0.30967825635703167
2455,0.412,48,102,48,568465,37145,91295,16661,0.34407536403720035,0.309649481470468
2456,0.4121,69,161,69,568626,36984,91364,16592,0.3425840157101041,0.30969090637598923
2457,0.4122,52,131,52,568757,36853,91416,16540,0.3413705583756345,0.30977843537542377
2458,0.4123,73,166,73,568923,36687,91489,16467,0.33983289488310053,0.30979794559205326
2459,0.4124,61,188,61,569111,36499,91550,16406,0.33809144466264035,0.310103014837917
2460,0.4125,44,99,44,569210,36400,91594,16362,0.3371744043869725,0.310109548538721
2461,0.4126,83,236,83,569446,36164,91677,16279,0.3349883285783097,0.310413210533341
2462,0.4127,55,138,55,569584,36026,91732,16224,0.3337100300122272,0.31050717703349284
2463,0.4128,58,140,58,569724,35886,91790,16166,0.3324132053799696,0.3105740413432721
2464,0.4129,69,183,69,569907,35703,91859,16097,0.3307180703249472,0.3107528957528958
2465,0.413,62,166,62,570073,35537,91921,16035,0.32918040683241323,0.31092453269215853
2466,0.4131,34,115,34,570188,35422,91955,16001,0.3281151580273445,0.31116426501759914
2467,0.4132,72,167,72,570355,35255,92027,15929,0.3265682315017229,0.3112105345420444
2468,0.4133,85,204,85,570559,35051,92112,15844,0.32467857275186185,0.3113075940662148
2469,0.4134,66,155,66,570714,34896,92178,15778,0.32324280262329097,0.31136282906421436
2470,0.4135,71,163,71,570877,34733,92249,15707,0.32173292823001964,0.3113996827914354
2471,0.4136,78,185,78,571062,34548,92327,15629,0.3200192671088221,0.31147737010981125
2472,0.4137,79,196,79,571258,34352,92406,15550,0.3182037126236615,0.3116107570838844
2473,0.4138,69,162,69,571420,34190,92475,15481,0.3167031012634777,0.3116707938233577
2474,0.4139,72,206,72,571626,33984,92547,15409,0.31479491644744156,0.3119672828133541
2475,0.414,60,178,60,571804,33806,92607,15349,0.3131460965578569,0.31225714576340147
2476,0.4141,54,132,54,571936,33674,92661,15295,0.31192337619029975,0.31234046029120466
2477,0.4142,41,123,41,572059,33551,92702,15254,0.3107840231205306,0.31254994365331423
2478,0.4143,71,186,71,572245,33365,92773,15183,0.3090610989662455,0.3127420285078685
2479,0.4144,67,158,67,572403,33207,92840,15116,0.3075975397384119,0.3128117045713221
2480,0.4145,86,223,86,572626,32984,92926,15030,0.30553188335988735,0.31303369850460283
2481,0.4146,72,191,72,572817,32793,92998,14958,0.3037626440401645,0.31324998429352263
2482,0.4147,30,114,30,572931,32679,93028,14928,0.3027066582681833,0.3135673325351314
2483,0.4148,61,179,61,573110,32500,93089,14867,0.30104857534551116,0.313868304938037
2484,0.4149,50,138,50,573248,32362,93139,14817,0.29977027677942863,0.31405922126369784
2485,0.415,39,99,39,573347,32263,93178,14778,0.2988532365037608,0.31415148487489636
2486,0.4151,58,138,58,573485,32125,93236,14720,0.2975749379376783,0.31422777244102895
2487,0.4152,31,120,31,573605,32005,93267,14689,0.2964633739671718,0.3145800316957211
2488,0.4153,78,151,78,573756,31854,93345,14611,0.2950646559709511,0.31445173786721187
2489,0.4154,71,192,71,573948,31662,93416,14540,0.2932861536181407,0.31470499112592526
2490,0.4155,50,125,50,574073,31537,93466,14490,0.29212827448219647,0.31481521715514804
2491,0.4156,59,178,59,574251,31359,93525,14431,0.2904794545926118,0.315156147630487
2492,0.4157,103,191,103,574442,31168,93628,14328,0.288710215272889,0.3149287849481273
2493,0.4158,80,150,80,574592,31018,93708,14248,0.28732076030975584,0.3147616312464101
2494,0.4159,85,213,85,574805,30805,93793,14163,0.2853477342621068,0.3149573029710016
2495,0.416,51,156,51,574961,30649,93844,14112,0.28390270110044835,0.31527445767520834
2496,0.4161,57,130,57,575091,30519,93901,14055,0.2826985067990663,0.31531834701844125
2497,0.4162,49,115,49,575206,30404,93950,14006,0.2816332579939976,0.3153794190497636
2498,0.4163,67,147,67,575353,30257,94017,13939,0.2802715921301271,0.3153905330799167
2499,0.4164,79,198,79,575551,30059,94096,13860,0.2784375115787914,0.315580955850543
2500,0.4165,68,141,68,575692,29918,94164,13792,0.2771314239134462,0.3155342026996111
2501,0.4166,57,116,57,575808,29802,94221,13735,0.27605691207528993,0.3154787881571996
2502,0.4167,43,135,43,575943,29667,94264,13692,0.2748064026084701,0.315782190548675
2503,0.4168,49,114,49,576057,29553,94313,13643,0.27375041683648893,0.31583942957681266
2504,0.4169,41,111,41,576168,29442,94354,13602,0.2727222201637704,0.31600223027599667
2505,0.417,63,163,63,576331,29279,94417,13539,0.2712123457704991,0.3161987948993414
2506,0.4171,65,172,65,576503,29107,94482,13474,0.2696191040794398,0.31643221154975226
2507,0.4172,82,198,82,576701,28909,94564,13392,0.267785023528104,0.316588260324815
2508,0.4173,42,79,42,576780,28830,94606,13350,0.2670532439141873,0.31650071123755336
2509,0.4174,74,216,74,576996,28614,94680,13276,0.2650524287672756,0.31692528049653856
2510,0.4175,37,108,37,577104,28506,94717,13239,0.2640520211938197,0.3171397772188286
2511,0.4176,49,130,49,577234,28376,94766,13190,0.2628478268924377,0.3173266612134918
2512,0.4177,51,143,51,577377,28233,94817,13139,0.2615232131609174,0.3175819394759741
2513,0.4178,52,128,52,577505,28105,94869,13087,0.2603375449257105,0.31770732181006023
2514,0.4179,52,116,52,577621,27989,94921,13035,0.25926303308755416,0.3177408346333853
2515,0.418,64,109,64,577730,27880,94985,12971,0.2582533624810108,0.3175197669579692
2516,0.4181,46,96,46,577826,27784,95031,12925,0.25736411130460557,0.3174973593062959
2517,0.4182,73,165,73,577991,27619,95104,12852,0.25583571084515916,0.31756072249264905
2518,0.4183,53,153,53,578144,27466,95157,12799,0.25441846678276336,0.31786911709921767
2519,0.4184,52,125,52,578269,27341,95209,12747,0.2532605876468191,0.31797545400119737
2520,0.4185,76,212,76,578481,27129,95285,12671,0.2512968246322576,0.31836683417085426
2521,0.4186,41,107,41,578588,27022,95326,12630,0.2503056800918893,0.3185211338646222
2522,0.4187,36,91,36,578679,26931,95362,12594,0.24946274408092187,0.31863377609108157
2523,0.4188,70,166,70,578845,26765,95432,12524,0.24792508058838786,0.31876606683804626
2524,0.4189,38,68,38,578913,26697,95470,12486,0.24729519433843417,0.3186586019447209
2525,0.419,43,120,43,579033,26577,95513,12443,0.24618363036792767,0.3188877498718606
2526,0.4191,53,130,53,579163,26447,95566,12390,0.24497943606654562,0.3190256713958339
2527,0.4192,76,209,76,579372,26238,95642,12314,0.2430434621512468,0.31941274123262087
2528,0.4193,77,154,77,579526,26084,95719,12237,0.24161695505576347,0.3193288275358159
2529,0.4194,63,177,63,579703,25907,95782,12174,0.23997739819926636,0.31968698300989995
2530,0.4195,53,131,53,579834,25776,95835,12121,0.23876394086479677,0.3198406206296013
2531,0.4196,77,222,77,580056,25554,95912,12044,0.23670754751935974,0.32033618809511144
2532,0.4197,65,159,65,580215,25395,95977,11979,0.2352347252584386,0.3205169369080109
2533,0.4198,39,111,39,580326,25284,96016,11940,0.2342065285857201,0.3207607994842037
2534,0.4199,36,75,36,580401,25209,96052,11904,0.23351180110415354,0.3207501414598658
2535,0.42,34,117,34,580518,25092,96086,11870,0.2324280262329097,0.32114063091824036
2536,0.4201,66,163,66,580681,24929,96152,11804,0.23091815183963837,0.32134592872893586
2537,0.4202,31,84,31,580765,24845,96183,11773,0.23014005706028381,0.3215085477087771
2538,0.4203,69,153,69,580918,24692,96252,11704,0.22872281299788802,0.3215737993186064
2539,0.4204,73,184,73,581102,24508,96325,11631,0.22701841490977806,0.3218406707435181
2540,0.4205,71,147,71,581249,24361,96396,11560,0.2256567490459076,0.3218173213440606
2541,0.4206,38,120,38,581369,24241,96434,11522,0.22454518507540108,0.32217655118418476
2542,0.4207,58,154,58,581523,24087,96492,11464,0.22311867797991775,0.3224663159967371
2543,0.4208,48,97,48,581620,23990,96540,11416,0.222220163770425,0.3224312263458171
2544,0.4209,57,79,57,581699,23911,96597,11359,0.2214883841565082,0.3220584065778282
2545,0.421,41,121,41,581820,23790,96638,11318,0.22036755715291415,0.32237666628688616
2546,0.4211,68,146,68,581966,23644,96706,11250,0.21901515432213123,0.32240499799392447
2547,0.4212,63,151,63,582117,23493,96769,11187,0.21761643632591054,0.32257785467128025
2548,0.4213,41,94,41,582211,23399,96810,11146,0.21674571121568045,0.3226516138370242
2549,0.4214,58,152,58,582363,23247,96868,11088,0.21533773018637223,0.3229357798165138
2550,0.4215,43,101,43,582464,23146,96911,11045,0.21440216384452926,0.3230382264338569
2551,0.4216,39,115,39,582579,23031,96950,11006,0.21333691503946053,0.32335399712078033
2552,0.4217,36,114,36,582693,22917,96986,10970,0.21228092926747935,0.32372296160769615
2553,0.4218,63,143,63,582836,22774,97049,10907,0.2109563155359591,0.3238324277782726
2554,0.4219,62,126,62,582962,22648,97111,10845,0.20978917336692726,0.3237990027766996
2555,0.422,59,119,59,583081,22529,97170,10786,0.2086868724295083,0.32375806693681525
2556,0.4221,63,142,63,583223,22387,97233,10723,0.20737152173107562,0.32385986106916337
2557,0.4222,26,103,26,583326,22284,97259,10697,0.20641742932305754,0.3243382553591462
2558,0.4223,41,88,41,583414,22196,97300,10656,0.20560228241135278,0.3243638134664556
2559,0.4224,68,119,68,583533,22077,97368,10588,0.20449998147393383,0.324138986682994
2560,0.4225,36,66,36,583599,22011,97404,10552,0.20388862129015525,0.32404876700549706
2561,0.4226,46,101,46,583700,21910,97450,10506,0.20295305494831228,0.32409921026653504
2562,0.4227,23,78,23,583778,21832,97473,10483,0.20223053836748306,0.3244004332353396
2563,0.4228,56,101,56,583879,21731,97529,10427,0.20129497202564006,0.32424280116922694
2564,0.4229,36,107,36,583986,21624,97565,10391,0.20030382748527178,0.3245666094018429
2565,0.423,32,109,32,584095,21515,97597,10359,0.19929415687872837,0.3249984313233356
2566,0.4231,29,77,29,584172,21438,97626,10330,0.19858090333098669,0.32516998237219846
2567,0.4232,44,122,44,584294,21316,97670,10286,0.19745081329430508,0.32548572875134485
2568,0.4233,31,88,31,584382,21228,97701,10255,0.19663566638260033,0.32573134707619983
2569,0.4234,27,106,27,584488,21122,97728,10228,0.19565378487531956,0.3262519936204147
2570,0.4235,31,78,31,584566,21044,97759,10197,0.19493126829449034,0.32639800262475593
2571,0.4236,75,143,75,584709,20901,97834,10122,0.1936066545629701,0.3262740547335848
2572,0.4237,53,153,53,584862,20748,97887,10069,0.1921894105005743,0.3267352435344128
2573,0.4238,50,142,50,585004,20606,97937,10019,0.19087405980214162,0.32715102040816324
2574,0.4239,30,86,30,585090,20520,97967,9989,0.19007743895661194,0.32741158346717364
2575,0.424,39,109,39,585199,20411,98006,9950,0.18906776835006855,0.3277230657751721
2576,0.4241,45,96,45,585295,20315,98051,9905,0.18817851717366335,0.32776307081403044
2577,0.4242,53,107,53,585402,20208,98104,9852,0.18718737263329505,0.3277445109780439
2578,0.4243,35,84,35,585486,20124,98139,9817,0.18640927785394049,0.3278781603820848
2579,0.4244,56,107,56,585593,20017,98195,9761,0.1854181333135722,0.32779232990798574
2580,0.4245,53,137,53,585730,19880,98248,9708,0.18414909778057728,0.3281059889144248
2581,0.4246,77,189,77,585919,19691,98325,9631,0.18239838452702953,0.3284564490826001
2582,0.4247,36,92,36,586011,19599,98361,9595,0.18154618548297455,0.32866342399123105
2583,0.4248,45,111,45,586122,19488,98406,9550,0.18051798881025602,0.3288793994076727
2584,0.4249,52,113,52,586235,19375,98458,9498,0.1794712660713624,0.328957849894365
2585,0.425,58,106,58,586341,19269,98516,9440,0.17848938456408167,0.3288167473614546
2586,0.4251,29,83,29,586424,19186,98545,9411,0.17772055281781465,0.32909046403468895
2587,0.4252,64,148,64,586572,19038,98609,9347,0.17634962392085665,0.3292936410075744
2588,0.4253,42,91,42,586663,18947,98651,9305,0.17550668790988921,0.3293572136485913
2589,0.4254,66,131,66,586794,18816,98717,9239,0.17429323057541962,0.32931741222598465
2590,0.4255,41,89,41,586883,18727,98758,9198,0.1734688206306273,0.3293822739480752
2591,0.4256,40,101,40,586984,18626,98798,9158,0.17253325428878433,0.3296141664267204
2592,0.4257,43,94,43,587078,18532,98841,9115,0.17166252917855424,0.32969219083444856
2593,0.4258,56,141,56,587219,18391,98897,9059,0.17035644151320908,0.3300182149362477
2594,0.4259,34,117,34,587336,18274,98931,9025,0.16927266664196525,0.3305981904099051
2595,0.426,62,116,62,587452,18158,98993,8963,0.16819815480380895,0.3304819143836879
2596,0.4261,44,91,44,587543,18067,99037,8919,0.16735521879284151,0.33050470614392646
2597,0.4262,48,111,48,587654,17956,99085,8871,0.166327022120123,0.3306743206471093
2598,0.4263,22,66,22,587720,17890,99107,8849,0.16571566193634443,0.3309398257227271
2599,0.4264,34,82,34,587802,17808,99141,8815,0.16495609322316498,0.3311046839199189
2600,0.4265,36,77,36,587879,17731,99177,8779,0.16424283967542333,0.3311580535646926
2601,0.4266,48,108,48,587987,17623,99225,8731,0.16324243210196746,0.33129695681869925
2602,0.4267,44,89,44,588076,17534,99269,8687,0.16241802215717516,0.331299340223485
2603,0.4268,43,109,43,588185,17425,99312,8644,0.16140835155063174,0.33158157198204763
2604,0.4269,42,106,42,588291,17319,99354,8602,0.160426470043351,0.3318544809228039
2605,0.427,35,112,35,588403,17207,99389,8567,0.15938901033754493,0.332389229456041
2606,0.4271,37,74,37,588477,17133,99426,8530,0.1587035458890659,0.33238514592993806
2607,0.4272,54,138,54,588615,16995,99480,8476,0.15742524732298344,0.3327706018609399
2608,0.4273,46,67,46,588682,16928,99526,8430,0.1568046241061173,0.33243946683492387
2609,0.4274,46,103,46,588785,16825,99572,8384,0.15585053169809923,0.3325796342576064
2610,0.4275,29,67,29,588852,16758,99601,8355,0.1552299084812331,0.33269621311671244
2611,0.4276,47,120,47,588972,16638,99648,8308,0.1541183445107266,0.3330393650284615
2612,0.4277,51,89,51,589061,16549,99699,8257,0.15329393456593426,0.3328630170120132
2613,0.4278,45,120,45,589181,16429,99744,8212,0.15218237059542777,0.3332656953857392
2614,0.4279,48,122,48,589303,16307,99792,8164,0.15105228055874614,0.33361938621225123
2615,0.428,42,119,42,589422,16188,99834,8122,0.1499499796213272,0.33410119292472235
2616,0.4281,53,133,53,589555,16055,99887,8069,0.1487179962206825,0.3344801857071796
2617,0.4282,32,87,32,589642,15968,99919,8037,0.14791211234206528,0.33480524890647784
2618,0.4283,45,96,45,589738,15872,99964,7992,0.14702286116566007,0.3348977539389876
2619,0.4284,35,132,35,589870,15740,99999,7957,0.14580014079810294,0.3357809005359328
2620,0.4285,32,104,32,589974,15636,100031,7925,0.1448367853569973,0.33636093544416623
2621,0.4286,35,70,35,590044,15566,100066,7890,0.1441883730408685,0.3363744884038199
2622,0.4287,25,98,25,590142,15468,100091,7865,0.1432805957982882,0.3370762439463421
2623,0.4288,42,96,42,590238,15372,100133,7823,0.142391344621883,0.33727096356973485
2624,0.4289,25,67,25,590305,15305,100158,7798,0.14177072140501687,0.3375319222611782
2625,0.429,33,67,33,590372,15238,100191,7765,0.14115009818815072,0.33756466547841585
2626,0.4291,51,91,51,590463,15147,100242,7714,0.1403071621771833,0.3374305585932374
2627,0.4292,21,50,21,590513,15097,100263,7693,0.1398440105228056,0.3375603334795963
2628,0.4293,33,97,33,590610,15000,100296,7660,0.13894549631331282,0.3380406001765225
2629,0.4294,35,80,35,590690,14920,100331,7625,0.13820445366630849,0.33821246396096694
2630,0.4295,26,79,26,590769,14841,100357,7599,0.13747267405239172,0.3386363636363636
2631,0.4296,41,118,41,590887,14723,100398,7558,0.1363796361480603,0.3392127821911045
2632,0.4297,41,65,41,590952,14658,100439,7517,0.1357775389973693,0.33898534385569334
2633,0.4298,31,71,31,591023,14587,100470,7486,0.13511986364815295,0.3391473746205772
2634,0.4299,36,74,36,591097,14513,100506,7450,0.13443439919967395,0.33920684788052635
2635,0.43,36,71,36,591168,14442,100542,7414,0.1337767238504576,0.3392203513909224
2636,0.4301,48,133,48,591301,14309,100590,7366,0.13254474044981288,0.33983852364475203
2637,0.4302,55,115,55,591416,14194,100645,7311,0.13147949164474415,0.33996744943036505
2638,0.4303,44,99,44,591515,14095,100689,7267,0.1305624513690763,0.34018350341728304
2639,0.4304,44,96,44,591611,13999,100733,7223,0.1296732001926711,0.3403543492602017
2640,0.4305,28,56,28,591667,13943,100761,7195,0.12915447033976804,0.3403822499763459
2641,0.4306,32,97,32,591764,13846,100793,7163,0.1282559561302753,0.3409491170450759
2642,0.4307,37,89,37,591853,13757,100830,7126,0.12743154618548297,0.3412344969592491
2643,0.4308,31,56,31,591909,13701,100861,7095,0.12691281633257995,0.3411713791113676
2644,0.4309,26,81,26,591990,13620,100887,7069,0.12616251065248804,0.3416791531731838
2645,0.431,37,70,37,592060,13550,100924,7032,0.12551409833635926,0.34165775920707414
2646,0.4311,19,46,19,592106,13504,100943,7013,0.12508799881433177,0.34181410537602963
2647,0.4312,31,70,31,592176,13434,100974,6982,0.12443958649820297,0.34198667711598746
2648,0.4313,18,50,18,592226,13384,100992,6964,0.12397643484382526,0.3422449380774523
2649,0.4314,28,45,28,592271,13339,101020,6936,0.12355959835488532,0.3420961775585697
2650,0.4315,24,61,24,592332,13278,101044,6912,0.12299455333654452,0.3423476968796434
2651,0.4316,34,89,34,592421,13189,101078,6878,0.1221701433917522,0.34275178153186825
2652,0.4317,30,71,30,592492,13118,101108,6848,0.12151246804253585,0.34298307122107585
2653,0.4318,28,66,28,592558,13052,101136,6820,0.12090110785875727,0.34319645732689213
2654,0.4319,42,95,42,592653,12957,101178,6778,0.12002111971543962,0.34345072206739297
2655,0.432,45,86,45,592739,12871,101223,6733,0.11922449886990996,0.34345031626198735
2656,0.4321,26,60,26,592799,12811,101249,6707,0.11866871688465672,0.34363151962291216
2657,0.4322,48,99,48,592898,12712,101297,6659,0.11775167660898885,0.34376129265396727
2658,0.4323,51,110,51,593008,12602,101348,6608,0.11673274296935789,0.3439875065070276
2659,0.4324,50,97,50,593105,12505,101398,6558,0.11583422875986513,0.34401720610606934
2660,0.4325,32,73,32,593178,12432,101430,6526,0.11515802734447367,0.34423462390547527
2661,0.4326,35,83,35,593261,12349,101465,6491,0.11438919559820668,0.34453290870488323
2662,0.4327,37,88,37,593349,12261,101502,6454,0.11357404868650191,0.34485706652417847
2663,0.4328,40,96,40,593445,12165,101542,6414,0.1126847975100967,0.34522848377200066
2664,0.4329,26,64,26,593509,12101,101568,6388,0.11209196339249324,0.3455027313537779
2665,0.433,23,51,23,593560,12050,101591,6365,0.11161954870502798,0.34564213956014117
2666,0.4331,29,73,29,593633,11977,101620,6336,0.11094334728963652,0.3459837274067602
2667,0.4332,40,107,40,593740,11870,101660,6296,0.10995220274926822,0.346581525927557
2668,0.4333,19,49,19,593789,11821,101679,6277,0.10949831412797807,0.34683390429881755
2669,0.4334,29,96,29,593885,11725,101708,6248,0.10860906295157287,0.34763255995103765
2670,0.4335,29,49,29,593934,11676,101737,6219,0.10815517433028271,0.34752724224643755
2671,0.4336,29,72,29,594006,11604,101766,6190,0.10748823594797881,0.3478700685624368
2672,0.4337,31,40,31,594046,11564,101797,6159,0.10711771462447664,0.34751452914292164
2673,0.4338,39,75,39,594121,11489,101836,6120,0.10642298714291007,0.34754954852632175
2674,0.4339,29,64,29,594185,11425,101865,6091,0.1058301530253066,0.347739209865266
2675,0.434,23,41,23,594226,11384,101888,6068,0.10545036866871689,0.34769653907861564
2676,0.4341,32,58,32,594284,11326,101920,6036,0.10491311274963874,0.3476558000230388
2677,0.4342,27,42,27,594326,11284,101947,6009,0.10452406535996146,0.34748163996993003
2678,0.4343,25,66,25,594392,11218,101972,5984,0.1039127051761829,0.34786652714800603
2679,0.4344,24,53,24,594445,11165,101996,5960,0.10342176442254251,0.34802919708029195
2680,0.4345,13,53,13,594498,11112,102009,5947,0.10293082366890215,0.3486136350313617
2681,0.4346,36,51,36,594549,11061,102045,5911,0.10245840898143688,0.34827951920810746
2682,0.4347,21,61,21,594610,11000,102066,5890,0.10189336396309608,0.3487270574304322
2683,0.4348,38,89,38,594699,10911,102104,5852,0.10106895401830375,0.3491021893455825
2684,0.4349,41,77,41,594776,10834,102145,5811,0.10035570047056208,0.34911384800240314
2685,0.435,23,44,23,594820,10790,102168,5788,0.0999481270147097,0.34913741102666185
2686,0.4351,31,64,31,594884,10726,102199,5757,0.09935529289710623,0.3492689437602378
2687,0.4352,29,54,29,594938,10672,102228,5728,0.0988550891103783,0.3492682926829268
2688,0.4353,41,61,41,594999,10611,102269,5687,0.0982900440920375,0.3489385200638115
2689,0.4354,22,48,22,595047,10563,102291,5665,0.0978454185038349,0.34908799605619917
2690,0.4355,23,58,23,595105,10505,102314,5642,0.09730816258475675,0.34941475196630956
2691,0.4356,23,75,23,595180,10430,102337,5619,0.09661343510319019,0.3501152719795626
2692,0.4357,48,90,48,595270,10340,102385,5571,0.09577976212531031,0.35013512664194585
2693,0.4358,45,114,45,595384,10226,102430,5526,0.09472377635332914,0.35081259522600305
2694,0.4359,28,51,28,595435,10175,102458,5498,0.09425136166586387,0.3507943597269189
2695,0.436,34,63,34,595498,10112,102492,5464,0.09366779058134796,0.35079609655880845
2696,0.4361,16,33,16,595531,10079,102508,5448,0.09336211048945867,0.3508726734076125
2697,0.4362,28,75,28,595606,10004,102536,5420,0.09266738300789211,0.3514004149377593
2698,0.4363,28,65,28,595671,9939,102564,5392,0.09206528585720108,0.3517056943447916
2699,0.4364,25,60,25,595731,9879,102589,5367,0.09150950387194783,0.35202676111767023
2700,0.4365,38,56,38,595787,9823,102627,5329,0.09099077401904479,0.3517027455121436
2701,0.4366,37,71,37,595858,9752,102664,5292,0.09033309866982844,0.3517681467694762
2702,0.4367,24,53,24,595911,9699,102688,5268,0.08984215791618808,0.3519743435558228
2703,0.4368,19,54,19,595965,9645,102707,5249,0.08934195412946015,0.3524237948167047
2704,0.4369,33,43,33,596008,9602,102740,5216,0.08894364370669532,0.3520043190713997
2705,0.437,22,33,22,596041,9569,102762,5194,0.08863796361480603,0.35182550972024657
2706,0.4371,18,69,18,596110,9500,102780,5176,0.08799881433176479,0.35268465521940584
2707,0.4372,29,47,29,596157,9453,102809,5147,0.08756345177664974,0.3525342465753425
2708,0.4373,26,39,26,596196,9414,102835,5121,0.08720219348623513,0.3523219814241486
2709,0.4374,17,39,17,596235,9375,102852,5104,0.08684093519582052,0.3525105324953381
2710,0.4375,18,37,18,596272,9338,102870,5086,0.08649820297158102,0.35260676650027734
2711,0.4376,36,61,36,596333,9277,102906,5050,0.0859331579532402,0.3524813289593076
2712,0.4377,28,55,28,596388,9222,102934,5022,0.08542369113342473,0.35256950294860995
2713,0.4378,25,53,25,596441,9169,102959,4997,0.08493275037978436,0.3527460115770154
2714,0.4379,24,57,24,596498,9112,102983,4973,0.08440475749379377,0.3530706425275115
2715,0.438,26,40,26,596538,9072,103009,4947,0.0840342361702916,0.3528782366787931
2716,0.4381,20,32,20,596570,9040,103029,4927,0.08373781911148986,0.3527600773251235
2717,0.4382,27,59,27,596629,8981,103056,4900,0.08319130015932417,0.3530005042864347
2718,0.4383,49,65,49,596694,8916,103105,4851,0.08258920300863315,0.3523643495314883
2719,0.4384,21,54,21,596748,8862,103126,4830,0.08208899922190523,0.35276073619631904
2720,0.4385,21,76,21,596824,8786,103147,4809,0.0813850087072511,0.35373299006987863
2721,0.4386,32,77,32,596901,8709,103179,4777,0.08067175515950943,0.35421919027139254
2722,0.4387,32,54,32,596955,8655,103211,4745,0.08017155137278151,0.3541044776119403
2723,0.4388,32,68,32,597023,8587,103243,4713,0.07954166512282781,0.3543609022556391
2724,0.4389,16,41,16,597064,8546,103259,4697,0.07916188076623809,0.35467794306426037
2725,0.439,11,29,11,597093,8517,103270,4686,0.07889325280669902,0.35491933651442853
2726,0.4391,14,33,14,597126,8484,103284,4672,0.07858757271480973,0.3551231377318334
2727,0.4392,25,49,25,597175,8435,103309,4647,0.07813368409351958,0.35522091423329766
2728,0.4393,19,27,19,597202,8408,103328,4628,0.07788358220015562,0.35501687634243634
2729,0.4394,47,98,47,597300,8310,103375,4581,0.0769758049575753,0.3553642075866884
2730,0.4395,26,70,26,597370,8240,103401,4555,0.07632739264144651,0.3559984368894099
2731,0.4396,25,55,25,597425,8185,103426,4530,0.07581792582163104,0.35627211954384586
2732,0.4397,37,65,37,597490,8120,103463,4493,0.07521582867094001,0.3562197732498216
2733,0.4398,27,48,27,597538,8072,103490,4466,0.07477120308273741,0.3561971606316797
2734,0.4399,21,34,21,597572,8038,103511,4445,0.07445625995776058,0.3560842746134743
2735,0.44,14,43,14,597615,7995,103525,4431,0.07405794953499574,0.35659101883148236
2736,0.4401,27,46,27,597661,7949,103552,4404,0.07363185001296825,0.35651258803529506
2737,0.4402,28,43,28,597704,7906,103580,4376,0.07323353959020341,0.3562937632307442
2738,0.4403,32,41,32,597745,7865,103612,4344,0.07285375523361369,0.35580309607666477
2739,0.4404,23,78,23,597823,7787,103635,4321,0.07213123865278447,0.3568714899240172
2740,0.4405,25,55,25,597878,7732,103660,4296,0.07162177183296899,0.35716661124043897
2741,0.4406,37,73,37,597951,7659,103697,4259,0.07094557041757753,0.357358617217654
2742,0.4407,24,59,24,598010,7600,103721,4235,0.07039905146541184,0.35783692437684833
2743,0.4408,20,37,20,598047,7563,103741,4215,0.07005631924117232,0.35787060621497707
2744,0.4409,23,50,23,598097,7513,103764,4192,0.06959316758679462,0.35813754805638615
2745,0.441,29,43,29,598140,7470,103793,4163,0.06919485716402979,0.35786125676953495
2746,0.4411,20,45,20,598185,7425,103813,4143,0.06877802067508985,0.35814315352697096
2747,0.4412,33,60,33,598245,7365,103846,4110,0.0682222386898366,0.3581699346405229
2748,0.4413,13,24,13,598269,7341,103859,4097,0.0679999258957353,0.3581919916069243
2749,0.4414,35,40,35,598309,7301,103894,4062,0.06762940457223313,0.3574760186570448
2750,0.4415,13,37,13,598346,7264,103907,4049,0.06728667234799363,0.35790683284716696
2751,0.4416,21,31,21,598377,7233,103928,4028,0.06699951832227945,0.3576946985170056
2752,0.4417,27,62,27,598439,7171,103955,4001,0.06642521027085109,0.3581274615109202
2753,0.4418,44,62,44,598501,7109,103999,3957,0.06585090221942273,0.35758178203506236
2754,0.4419,21,42,21,598543,7067,104020,3936,0.06546185482974545,0.35772062164864127
2755,0.442,20,23,20,598566,7044,104040,3916,0.06524880506873171,0.3572992700729927
2756,0.4421,10,31,10,598597,7013,104050,3906,0.06496165104301753,0.3577250663980218
2757,0.4422,14,49,14,598646,6964,104064,3892,0.06450776242172737,0.35851142225497423
2758,0.4423,22,19,22,598665,6945,104086,3870,0.06433176479306384,0.3578363384188627
2759,0.4424,19,32,19,598697,6913,104105,3851,0.0640353477342621,0.35776662950575994
2760,0.4425,16,36,16,598733,6877,104121,3835,0.06370187854311016,0.3580097087378641
2761,0.4426,39,64,39,598797,6813,104160,3796,0.06310904442550669,0.3578094071071731
2762,0.4427,12,56,12,598853,6757,104172,3784,0.06259031457260365,0.35897922398254434
2763,0.4428,15,59,15,598912,6698,104187,3769,0.06204379562043796,0.36008407375561285
2764,0.4429,13,35,13,598947,6663,104200,3756,0.06171958946237356,0.3604952490642096
2765,0.443,10,24,10,598971,6639,104210,3746,0.06149727666827226,0.3607125662012518
2766,0.4431,11,25,11,598996,6614,104221,3735,0.061265700841083404,0.3609044352111315
2767,0.4432,19,26,19,599022,6588,104240,3716,0.061024861980807,0.3606366459627329
2768,0.4433,20,37,20,599059,6551,104260,3696,0.06068212975656749,0.3606909339318825
2769,0.4434,21,34,21,599093,6517,104281,3675,0.06036718663159065,0.3605769230769231
2770,0.4435,28,51,28,599144,6466,104309,3647,0.05989477194412538,0.36062493819835856
2771,0.4436,26,59,26,599203,6407,104335,3621,0.059348252991959685,0.36108895093737536
2772,0.4437,26,52,26,599255,6355,104361,3595,0.05886657527140687,0.3613065326633166
2773,0.4438,12,25,12,599280,6330,104373,3583,0.05863499944421802,0.3614445677393322
2774,0.4439,11,39,11,599319,6291,104384,3572,0.058273741153803404,0.36216161411335296
2775,0.444,38,64,38,599383,6227,104422,3534,0.057680907036199935,0.3620530683331626
2776,0.4441,14,37,14,599420,6190,104436,3520,0.05733817481196043,0.36251287332646753
2777,0.4442,28,45,28,599465,6145,104464,3492,0.05692133832302049,0.36235342949050536
2778,0.4443,21,55,21,599520,6090,104485,3471,0.05641187150320501,0.3630373391904613
2779,0.4444,17,36,17,599556,6054,104502,3454,0.056078402312053056,0.3632730332351704
2780,0.4445,11,34,11,599590,6020,104513,3443,0.05576345918707622,0.36383810630878155
2781,0.4446,17,45,17,599635,5975,104530,3426,0.055346622698136276,0.36442931603020956
2782,0.4447,21,32,21,599667,5943,104551,3405,0.05505020563933454,0.36424903722721436
2783,0.4448,19,37,19,599704,5906,104570,3386,0.05470747341509504,0.36439948342660355
2784,0.4449,29,52,29,599756,5854,104599,3357,0.05422579569454222,0.3644555422863967
2785,0.445,10,26,10,599782,5828,104609,3347,0.05398495683426581,0.3647956403269755
2786,0.4451,15,43,15,599825,5785,104624,3332,0.05358664641150098,0.3654710979488867
2787,0.4452,12,31,12,599856,5754,104636,3320,0.0532994923857868,0.36588053780030855
2788,0.4453,27,33,27,599889,5721,104663,3293,0.05299381229389751,0.3653206123807411
2789,0.4454,11,12,11,599901,5709,104674,3282,0.05288265589684686,0.3650316983650317
2790,0.4455,18,34,18,599935,5675,104692,3264,0.05256771277187002,0.36514151471081774
2791,0.4456,19,24,19,599959,5651,104711,3245,0.05234539997776872,0.36477068345323743
2792,0.4457,7,51,7,600010,5600,104718,3238,0.05187298529030346,0.3663724824620955
2793,0.4458,6,17,6,600027,5583,104724,3232,0.051715513727815035,0.3666477595008508
2794,0.4459,11,21,11,600048,5562,104735,3221,0.051520990032976395,0.36673118524422177
2795,0.446,27,45,27,600093,5517,104762,3194,0.05110415354403646,0.36666284008724603
2796,0.4461,16,11,16,600104,5506,104778,3178,0.05100226018007337,0.36596038691847077
2797,0.4462,26,42,26,600146,5464,104804,3152,0.05061321279039609,0.3658310120705664
2798,0.4463,27,28,27,600174,5436,104831,3125,0.05035384786394457,0.3650274500642448
2799,0.4464,17,43,17,600217,5393,104848,3108,0.04995553744117974,0.36560404658275497
2800,0.4465,13,26,13,600243,5367,104861,3095,0.049714698580903334,0.36575277712124793
2801,0.4466,14,18,14,600261,5349,104875,3081,0.049547963985327355,0.3654804270462633
2802,0.4467,19,34,19,600295,5315,104894,3062,0.049233020860350515,0.36552465082965263
2803,0.4468,39,46,39,600341,5269,104933,3023,0.04880692133832302,0.3645682585624698
2804,0.4469,11,26,11,600367,5243,104944,3012,0.04856608247804661,0.3648697758933979
2805,0.447,10,24,10,600391,5219,104954,3002,0.04834376968394531,0.36516238900377085
2806,0.4471,22,49,22,600440,5170,104976,2980,0.047889881062655154,0.3656441717791411
2807,0.4472,23,62,23,600502,5108,104999,2957,0.0473155730112268,0.3666460012399256
2808,0.4473,9,23,9,600525,5085,105008,2948,0.04710252325021305,0.3669861819992531
2809,0.4474,16,28,16,600553,5057,105024,2932,0.046843158323761534,0.36700463136813116
2810,0.4475,21,43,21,600596,5014,105045,2911,0.046444847900996705,0.3673186119873817
2811,0.4476,17,38,17,600634,4976,105062,2894,0.04609285264366964,0.36772554002541297
2812,0.4477,22,45,22,600679,4931,105084,2872,0.04567601615472971,0.3680635652953992
2813,0.4478,32,45,32,600724,4886,105116,2840,0.04525917966578977,0.36758995599275174
2814,0.4479,9,21,9,600745,4865,105125,2831,0.04506465597095113,0.3678534303534304
2815,0.448,31,61,31,600806,4804,105156,2800,0.044499610952610326,0.3682272488164124
2816,0.4481,31,46,31,600852,4758,105187,2769,0.04407351143058283,0.36787564766839376
2817,0.4482,11,16,11,600868,4742,105198,2758,0.04392530290118196,0.36773333333333336
2818,0.4483,14,22,14,600890,4720,105212,2744,0.04372151617325577,0.36763129689174706
2819,0.4484,13,22,13,600912,4698,105225,2731,0.04351772944532958,0.3676134069188316
2820,0.4485,6,10,6,600922,4688,105231,2725,0.04342509911445404,0.36759746391474435
2821,0.4486,8,18,8,600940,4670,105239,2717,0.04325836451887806,0.36780831189928254
2822,0.4487,32,48,32,600988,4622,105271,2685,0.04281373893067546,0.36745586423977006
2823,0.4488,16,31,16,601019,4591,105287,2669,0.04252658490496128,0.36763085399449036
2824,0.4489,8,12,8,601031,4579,105295,2661,0.04241542850791063,0.3675414364640884
2825,0.449,16,21,16,601052,4558,105311,2645,0.042220904813071995,0.3672081077328891
2826,0.4491,17,51,17,601103,4507,105328,2628,0.041748490125606726,0.36832515767344076
2827,0.4492,33,60,33,601163,4447,105361,2595,0.04119270814035348,0.3685032661175802
2828,0.4493,18,33,18,601196,4414,105379,2577,0.04088702804846419,0.3686167930195966
2829,0.4494,12,34,12,601230,4380,105391,2565,0.04057208492348734,0.3693304535637149
2830,0.4495,14,22,14,601252,4358,105405,2551,0.040368298195561154,0.3692285424808221
2831,0.4496,23,34,23,601286,4324,105428,2528,0.040053355070584315,0.36894337419731466
2832,0.4497,13,26,13,601312,4298,105441,2515,0.0398125162103079,0.3691472185527668
2833,0.4498,11,28,11,601340,4270,105452,2504,0.039553151283856385,0.3696486566282846
2834,0.4499,20,34,20,601374,4236,105472,2484,0.039238208158879545,0.36964285714285716
2835,0.45,22,46,22,601420,4190,105494,2462,0.03881210863685205,0.37011425135297654
2836,0.4501,18,25,18,601445,4165,105512,2444,0.0385805328096632,0.3697987592676653
2837,0.4502,15,30,15,601475,4135,105527,2429,0.03830264181703657,0.37004875076173066
2838,0.4503,12,17,12,601492,4118,105539,2417,0.03814517025454815,0.3698546289211936
2839,0.4504,11,12,11,601504,4106,105550,2406,0.0380340138574975,0.36947174447174447
2840,0.4505,8,16,8,601520,4090,105558,2398,0.037885805328096635,0.3696054254007398
2841,0.4506,32,69,32,601589,4021,105590,2366,0.03724665604505539,0.37043995616095193
2842,0.4507,26,33,26,601622,3988,105616,2340,0.0369409759531661,0.3697850821744627
2843,0.4508,17,22,17,601644,3966,105633,2323,0.036737189225239913,0.3693750993798696
2844,0.4509,7,18,7,601662,3948,105640,2316,0.036570454629663934,0.36973180076628354
2845,0.451,12,30,12,601692,3918,105652,2304,0.03629256363703731,0.3702989392478303
2846,0.4511,13,11,13,601703,3907,105665,2291,0.03619067027307422,0.3696353662471765
2847,0.4512,9,23,9,601726,3884,105674,2282,0.03597762051206047,0.37009406422315927
2848,0.4513,16,24,16,601750,3860,105690,2266,0.03575530771795917,0.36989879203395365
2849,0.4514,9,21,9,601771,3839,105699,2257,0.03556078402312053,0.370242782152231
2850,0.4515,10,25,10,601796,3814,105709,2247,0.035329208195931674,0.37073090249133805
2851,0.4516,25,31,25,601827,3783,105734,2222,0.035042054170217496,0.37002497918401334
2852,0.4517,6,15,6,601842,3768,105740,2216,0.034903108673904185,0.37032085561497324
2853,0.4518,14,12,14,601854,3756,105754,2202,0.034791952276853534,0.36958710976837866
2854,0.4519,17,26,17,601880,3730,105771,2185,0.03455111341657712,0.3693998309382925
2855,0.452,21,17,21,601897,3713,105792,2164,0.034393641854088705,0.3682150757189042
2856,0.4521,15,43,15,601940,3670,105807,2149,0.033995331431323876,0.36930744114108954
2857,0.4522,11,50,11,601990,3620,105818,2138,0.03353217977694616,0.3713094824591872
2858,0.4523,25,28,25,602018,3592,105843,2113,0.033272814850494645,0.3703768624014023
2859,0.4524,4,10,4,602028,3582,105847,2109,0.033180184519619106,0.3705851344227728
2860,0.4525,25,63,25,602091,3519,105872,2084,0.03259661343510319,0.37194360164197754
2861,0.4526,11,27,11,602118,3492,105883,2073,0.032346511541739224,0.3725067385444744
2862,0.4527,9,30,9,602148,3462,105892,2064,0.0320686205491126,0.3735070575461455
2863,0.4528,12,27,12,602175,3435,105904,2052,0.03181851865574864,0.3739748496446145
2864,0.4529,24,45,24,602220,3390,105928,2028,0.0314016821668087,0.3743078626799557
2865,0.453,13,26,13,602246,3364,105941,2015,0.03116084330653229,0.3746049451570924
2866,0.4531,17,37,17,602283,3327,105958,1998,0.030818111082292786,0.3752112676056338
2867,0.4532,9,20,9,602303,3307,105967,1989,0.030632850420541702,0.3755664652567976
2868,0.4533,4,12,4,602315,3295,105971,1985,0.03052169402349105,0.3759469696969697
2869,0.4534,9,17,9,602332,3278,105980,1976,0.03036422246100263,0.37609440426341834
2870,0.4535,4,12,4,602344,3266,105984,1972,0.03025306606395198,0.376479572355861
2871,0.4536,15,30,15,602374,3236,105999,1957,0.029975175071325355,0.3768534565761602
2872,0.4537,6,8,6,602382,3228,106005,1951,0.02990107080662492,0.37671365128403167
2873,0.4538,8,23,8,602405,3205,106013,1943,0.029688021045611176,0.3774281274281274
2874,0.4539,4,16,4,602421,3189,106017,1939,0.02953981251621031,0.3781201248049922
2875,0.454,6,18,6,602439,3171,106023,1933,0.029373077920634334,0.37872257053291536
2876,0.4541,19,26,19,602465,3145,106042,1914,0.029132239060357924,0.37833563945443766
2877,0.4542,20,21,20,602486,3124,106062,1894,0.028937715365519284,0.37744121163810285
2878,0.4543,8,19,8,602505,3105,106070,1886,0.028761717736855756,0.3778801843317972
2879,0.4544,10,16,10,602521,3089,106080,1876,0.02861350920745489,0.37784491440080564
2880,0.4545,13,18,13,602539,3071,106093,1863,0.028446774611878913,0.3775841102553709
2881,0.4546,10,16,10,602555,3055,106103,1853,0.028298566082478046,0.3775468622656887
2882,0.4547,13,21,13,602576,3034,106116,1840,0.02810404238763941,0.3775133360689372
2883,0.4548,14,23,14,602599,3011,106130,1826,0.02789099262662566,0.37750671904072775
2884,0.4549,6,17,6,602616,2994,106136,1820,0.02773352106413724,0.37806398005816366
2885,0.455,10,23,10,602639,2971,106146,1810,0.027520471303123496,0.3785818866345953
2886,0.4551,17,18,17,602657,2953,106163,1793,0.02735373670754752,0.3777918246944796
2887,0.4552,17,24,17,602681,2929,106180,1776,0.02713142391344622,0.37747077577045696
2888,0.4553,9,13,9,602694,2916,106189,1767,0.027011004483308013,0.37732222934016657
2889,0.4554,5,17,5,602711,2899,106194,1762,0.026853532920819594,0.3780304655653293
2890,0.4555,10,15,10,602726,2884,106204,1752,0.02671458742450628,0.37791199309749784
2891,0.4556,12,12,12,602738,2872,106216,1740,0.02660343102745563,0.37727666955767564
2892,0.4557,4,7,4,602745,2865,106220,1736,0.02653858979584275,0.37730928059117586
2893,0.4558,4,8,4,602753,2857,106224,1732,0.026464485531142317,0.3774242754412726
2894,0.4559,6,5,6,602758,2852,106230,1726,0.026418170365704548,0.37702053298383575
2895,0.456,20,38,20,602796,2814,106250,1706,0.026066175108377488,0.37743362831858407
2896,0.4561,13,18,13,602814,2796,106263,1693,0.025899440512801512,0.37714413009578973
2897,0.4562,7,9,7,602823,2787,106270,1686,0.025816073215013523,0.37692823608316567
2898,0.4563,8,9,8,602832,2778,106278,1678,0.025732705917225537,0.3765709156193896
2899,0.4564,1,4,1,602836,2774,106279,1677,0.02569565378487532,0.3767692653336329
2900,0.4565,11,27,11,602863,2747,106290,1666,0.025445551891511358,0.3775209607976433
2901,0.4566,15,18,15,602881,2729,106305,1651,0.025278817295935382,0.3769406392694064
2902,0.4567,8,17,8,602898,2712,106313,1643,0.02512134573344696,0.37726750861079217
2903,0.4568,2,15,2,602913,2697,106315,1641,0.024982400237133648,0.37828492392807744
2904,0.4569,12,23,12,602936,2674,106327,1629,0.0247693504761199,0.3785730885428771
2905,0.457,13,10,13,602946,2664,106340,1616,0.024676720145244357,0.3775700934579439
2906,0.4571,3,9,3,602955,2655,106343,1613,0.02459335284745637,0.37792877225866917
2907,0.4572,3,8,3,602963,2647,106346,1610,0.024519248582755938,0.3782006107587503
2908,0.4573,1,10,1,602973,2637,106347,1609,0.024426618251880396,0.37894488930758363
2909,0.4574,6,8,6,602981,2629,106353,1603,0.024352513987179962,0.3787807183364839
2910,0.4575,20,35,20,603016,2594,106373,1583,0.024028307829115567,0.3789801292793871
2911,0.4576,14,23,14,603039,2571,106387,1569,0.023815258068101818,0.3789855072463768
2912,0.4577,5,17,5,603056,2554,106392,1564,0.0236577865056134,0.37979601748421565
2913,0.4578,7,11,7,603067,2543,106399,1557,0.0235558931416503,0.3797560975609756
2914,0.4579,9,20,9,603087,2523,106408,1548,0.02337063247989922,0.3802505526897568
2915,0.458,4,10,4,603097,2513,106412,1544,0.023278002149023678,0.3805767808725659
2916,0.4581,10,23,10,603120,2490,106422,1534,0.02306495238800993,0.3812127236580517
2917,0.4582,16,30,16,603150,2460,106438,1518,0.022787061395383303,0.3815987933634992
2918,0.4583,5,8,5,603158,2452,106443,1513,0.02271295713068287,0.38158890290037834
2919,0.4584,7,16,7,603174,2436,106450,1506,0.022564748601282002,0.3820395738203957
2920,0.4585,9,14,9,603188,2422,106459,1497,0.022435066138056244,0.38198520030620053
2921,0.4586,5,12,5,603200,2410,106464,1492,0.022323909741005597,0.3823680164018452
2922,0.4587,5,7,5,603207,2403,106469,1487,0.022259068509392715,0.3822622107969152
2923,0.4588,15,42,15,603249,2361,106484,1472,0.02187002111971544,0.384033394208192
2924,0.4589,13,10,13,603259,2351,106497,1459,0.021777390788839897,0.3829396325459318
2925,0.459,5,9,5,603268,2342,106502,1454,0.02169402349105191,0.38303477344573233
2926,0.4591,17,25,17,603293,2317,106519,1437,0.021462447663863054,0.3827916888652104
2927,0.4592,13,24,13,603317,2293,106532,1424,0.021240134869761756,0.38310465429109497
2928,0.4593,8,7,8,603324,2286,106540,1416,0.021175293638148875,0.3824959481361426
2929,0.4594,11,8,11,603332,2278,106551,1405,0.02110118937344844,0.3814824871029052
2930,0.4595,10,17,10,603349,2261,106561,1395,0.020943717810960022,0.3815645514223195
2931,0.4596,19,28,19,603377,2233,106580,1376,0.020684352884508504,0.38126904959822666
2932,0.4597,12,29,12,603406,2204,106592,1364,0.02041572492496943,0.38228699551569506
2933,0.4598,11,13,11,603419,2191,106603,1353,0.020295305494831228,0.3817720090293454
2934,0.4599,3,15,3,603434,2176,106606,1350,0.020156359998517916,0.3828701077708451
2935,0.46,8,13,8,603447,2163,106614,1342,0.02003594056837971,0.3828815977175464
2936,0.4601,12,25,12,603472,2138,106626,1330,0.019804364741190857,0.38350634371395614
2937,0.4602,3,9,3,603481,2129,106629,1327,0.019720997443402867,0.3839699074074074
2938,0.4603,8,24,8,603505,2105,106637,1319,0.019498684649301566,0.38522196261682246
2939,0.4604,10,14,10,603519,2091,106647,1309,0.019369002186075807,0.385
2940,0.4605,4,5,4,603524,2086,106651,1305,0.019322687020638038,0.38484222943084634
2941,0.4606,13,8,13,603532,2078,106664,1292,0.019248582755937604,0.3833827893175074
2942,0.4607,11,9,11,603541,2069,106675,1281,0.019165215458149615,0.38238805970149253
2943,0.4608,9,12,9,603553,2057,106684,1272,0.019054059061098968,0.3820967257434665
2944,0.4609,17,44,17,603597,2013,106701,1255,0.018646485605246583,0.3840269277845777
2945,0.461,5,15,5,603612,1998,106706,1250,0.018507540108933268,0.38485221674876846
2946,0.4611,10,7,10,603619,1991,106716,1240,0.01844269887732039,0.3837821108016094
2947,0.4612,5,14,5,603633,1977,106721,1235,0.01831301641409463,0.3844956413449564
2948,0.4613,16,11,16,603644,1966,106737,1219,0.018211123050131534,0.3827315541601256
2949,0.4614,3,8,3,603652,1958,106740,1216,0.0181370187854311,0.38311279143037175
2950,0.4615,8,9,8,603661,1949,106748,1208,0.018053651487643114,0.38264174849540705
2951,0.4616,4,15,4,603676,1934,106752,1204,0.017914705991329802,0.38368387507966856
2952,0.4617,24,33,24,603709,1901,106776,1180,0.017609025899440512,0.38299253489126905
2953,0.4618,3,7,3,603716,1894,106779,1177,0.017544184667827634,0.3832627808531423
2954,0.4619,7,8,7,603724,1886,106786,1170,0.0174700804031272,0.38285340314136124
2955,0.462,5,13,5,603737,1873,106791,1165,0.017349660972988994,0.3834759710335747
2956,0.4621,11,17,11,603754,1856,106802,1154,0.017192189410500575,0.3833887043189369
2957,0.4622,2,0,2,603754,1856,106804,1152,0.017192189410500575,0.3829787234042553
2958,0.4623,5,4,5,603758,1852,106809,1147,0.017155137278150358,0.3824608202734245
2959,0.4624,5,7,5,603765,1845,106814,1142,0.017090296046537477,0.38232340140609306
2960,0.4625,4,11,4,603776,1834,106818,1138,0.016988402682574382,0.382907133243607
2961,0.4626,17,28,17,603804,1806,106835,1121,0.016729037756122864,0.3829859924837718
2962,0.4627,6,9,6,603813,1797,106841,1115,0.01664567045833488,0.3828983516483517
2963,0.4628,7,10,7,603823,1787,106848,1108,0.016553040127459336,0.3827288428324698
2964,0.4629,5,19,5,603842,1768,106853,1103,0.016377042498795805,0.3841866945315221
2965,0.463,0,4,0,603846,1764,106853,1103,0.016339990366445588,0.384722706662016
2966,0.4631,5,6,5,603852,1758,106858,1098,0.016284412167920263,0.38445378151260506
2967,0.4632,4,9,4,603861,1749,106862,1094,0.016201044870132277,0.3848047836792121
2968,0.4633,15,10,15,603871,1739,106877,1079,0.016108414539256734,0.3828956706884315
2969,0.4634,6,16,6,603887,1723,106883,1073,0.015960206009855867,0.38376251788268956
2970,0.4635,9,11,9,603898,1712,106892,1064,0.015858312645892773,0.38328530259365995
2971,0.4636,10,16,10,603914,1696,106902,1054,0.015710104116491905,0.38327272727272726
2972,0.4637,9,9,9,603923,1687,106911,1045,0.015626736818703916,0.38250366032210836
2973,0.4638,4,10,4,603933,1677,106915,1041,0.015534106487828374,0.3830022075055188
2974,0.4639,6,10,6,603943,1667,106921,1035,0.015441476156952832,0.38304959289415247
2975,0.464,1,5,1,603948,1662,106922,1034,0.015395160991515063,0.3835311572700297
2976,0.4641,3,7,3,603955,1655,106925,1031,0.015330319759902183,0.3838421444527178
2977,0.4642,9,12,9,603967,1643,106934,1022,0.015219163362851533,0.38348968105065667
2978,0.4643,10,4,10,603971,1639,106944,1012,0.015182111230501316,0.3817427385892116
2979,0.4644,6,14,6,603985,1625,106950,1006,0.015052428767275557,0.3823641201064234
2980,0.4645,8,32,8,604017,1593,106958,998,0.014756011708473822,0.38517946738710923
2981,0.4646,12,16,12,604033,1577,106970,986,0.014607803179072955,0.3847054233320328
2982,0.4647,8,18,8,604051,1559,106978,978,0.01444106858349698,0.3854946787544344
2983,0.4648,5,20,5,604071,1539,106983,973,0.014255807921745897,0.3873407643312102
2984,0.4649,5,9,5,604080,1530,106988,968,0.01417244062395791,0.3875100080064051
2985,0.465,4,7,4,604087,1523,106992,964,0.01410759939234503,0.38761560112585447
2986,0.4651,4,4,4,604091,1519,106996,960,0.014070547259994813,0.3872529245663574
2987,0.4652,0,4,0,604095,1515,106996,960,0.014033495127644596,0.3878787878787879
2988,0.4653,1,5,1,604100,1510,106997,959,0.013987179962206825,0.3884163628999595
2989,0.4654,6,8,6,604108,1502,107003,953,0.013913075697506392,0.38818737270875764
2990,0.4655,1,3,1,604111,1499,107004,952,0.013885286598243729,0.3884128926968584
2991,0.4656,6,18,6,604129,1481,107010,946,0.013718552002667753,0.38978162340337863
2992,0.4657,5,10,5,604139,1471,107015,941,0.013625921671792211,0.3901326699834162
2993,0.4658,4,9,4,604148,1462,107019,937,0.013542554374004223,0.3905794080867028
2994,0.4659,5,9,5,604157,1453,107024,932,0.013459187076216236,0.3907756813417191
2995,0.466,4,8,4,604165,1445,107028,928,0.013385082811515802,0.3910661609776654
2996,0.4661,3,6,3,604171,1439,107031,925,0.013329504612990477,0.3912859560067682
2997,0.4662,7,9,7,604180,1430,107038,918,0.01324613731520249,0.3909710391822828
2998,0.4663,6,6,6,604186,1424,107044,912,0.013190559116677165,0.3904109589041096
2999,0.4664,9,13,9,604199,1411,107053,903,0.01307013968653896,0.3902333621434745
3000,0.4665,4,7,4,604206,1404,107057,899,0.013005298454926081,0.3903603994789405
3001,0.4666,9,13,9,604219,1391,107066,890,0.012884879024787877,0.39017974572555897
3002,0.4667,4,8,4,604227,1383,107070,886,0.012810774760087443,0.3904803878360511
3003,0.4668,4,4,4,604231,1379,107074,882,0.012773722627737226,0.39009287925696595
3004,0.4669,4,7,4,604238,1372,107078,878,0.012708881396124347,0.39022222222222225
3005,0.467,1,3,1,604241,1369,107079,877,0.012681092296861684,0.3904719501335708
3006,0.4671,9,11,9,604252,1358,107088,868,0.012579198932898588,0.389937106918239
3007,0.4672,6,12,6,604264,1346,107094,862,0.012468042535847938,0.3903985507246377
3008,0.4673,2,7,2,604271,1339,107096,860,0.012403201304235058,0.3910868576625739
3009,0.4674,10,6,10,604277,1333,107106,850,0.012347623105709733,0.38937242327072835
3010,0.4675,9,16,9,604293,1317,107115,841,0.012199414576308867,0.3897126969416126
3011,0.4676,5,10,5,604303,1307,107120,836,0.012106784245433325,0.3901073261782548
3012,0.4677,2,8,2,604311,1299,107122,834,0.012032679980732892,0.3909985935302391
3013,0.4678,3,11,3,604322,1288,107125,831,0.011930786616769795,0.39216611609249646
3014,0.4679,4,3,4,604325,1285,107129,827,0.011902997517507133,0.3915719696969697
3015,0.468,2,6,2,604331,1279,107131,825,0.011847419318981808,0.3921102661596958
3016,0.4681,9,18,9,604349,1261,107140,816,0.011680684723405832,0.39287433798748195
3017,0.4682,4,9,4,604358,1252,107144,812,0.011597317425617844,0.39341085271317827
3018,0.4683,7,10,7,604368,1242,107151,805,0.011504687094742302,0.39325842696629215
3019,0.4684,3,4,3,604372,1238,107154,802,0.011467634962392085,0.3931372549019608
3020,0.4685,10,14,10,604386,1224,107164,792,0.011337952499166326,0.39285714285714285
3021,0.4686,5,9,5,604395,1215,107169,787,0.011254585201378339,0.3931068931068931
3022,0.4687,6,8,6,604403,1207,107175,781,0.011180480936677905,0.39285714285714285
3023,0.4688,10,11,10,604414,1196,107185,771,0.01107858757271481,0.3919674631418404
3024,0.4689,2,8,2,604422,1188,107187,769,0.011004483308014377,0.39294839039345936
3025,0.469,5,4,5,604426,1184,107192,764,0.01096743117566416,0.3921971252566735
3026,0.4691,2,9,2,604435,1175,107194,762,0.010884063877876172,0.39339184305627256
3027,0.4692,4,9,4,604444,1166,107198,758,0.010800696580088184,0.39397089397089397
3028,0.4693,3,7,3,604451,1159,107201,755,0.010735855348475305,0.3944618599791014
3029,0.4694,16,9,16,604460,1150,107217,739,0.010652488050687317,0.3912122816304923
3030,0.4695,4,5,4,604465,1145,107221,735,0.010606172885249546,0.39095744680851063
3031,0.4696,8,6,8,604471,1139,107229,727,0.01055059468672422,0.3896034297963558
3032,0.4697,4,9,4,604480,1130,107233,723,0.010467227388936233,0.39017808958445765
3033,0.4698,5,16,5,604496,1114,107238,718,0.010319018859535366,0.39192139737991266
3034,0.4699,12,10,12,604506,1104,107250,706,0.010226388528659824,0.39005524861878454
3035,0.47,1,8,1,604514,1096,107251,705,0.01015228426395939,0.3914491948917268
3036,0.4701,6,16,6,604530,1080,107257,699,0.010004075734558525,0.39291736930860033
3037,0.4702,2,1,2,604531,1079,107259,697,0.00999481270147097,0.39245495495495497
3038,0.4703,8,8,8,604539,1071,107267,689,0.009920708436770537,0.39147727272727273
3039,0.4704,12,14,12,604553,1057,107279,677,0.009791025973544778,0.3904267589388697
3040,0.4705,9,7,9,604560,1050,107288,668,0.009726184741931898,0.38882421420256114
3041,0.4706,5,5,5,604565,1045,107293,663,0.009679869576494127,0.3881733021077283
3042,0.4707,10,7,10,604572,1038,107303,653,0.009615028344881248,0.38616203429923124
3043,0.4708,4,8,4,604580,1030,107307,649,0.009540924080180814,0.38653960690887434
3044,0.4709,7,9,7,604589,1021,107314,642,0.009457556782392827,0.38604930847865304
3045,0.471,5,5,5,604594,1016,107319,637,0.009411241616955055,0.3853599516031458
3046,0.4711,0,2,0,604596,1014,107319,637,0.009392715550779947,0.3858267716535433
3047,0.4712,4,6,4,604602,1008,107323,633,0.009337137352254622,0.3857404021937843
3048,0.4713,5,15,5,604617,993,107328,628,0.009198191855941309,0.38741517581739665
3049,0.4714,3,11,3,604628,982,107331,625,0.009096298491978213,0.38892345986309895
3050,0.4715,2,2,2,604630,980,107333,623,0.009077772425803104,0.388646288209607
3051,0.4716,12,18,12,604648,962,107345,611,0.00891103783022713,0.3884297520661157
3052,0.4717,7,6,7,604654,956,107352,604,0.008855459631701805,0.3871794871794872
3053,0.4718,2,2,2,604656,954,107354,602,0.008836933565526697,0.38688946015424164
3054,0.4719,3,4,3,604660,950,107357,599,0.00879988143317648,0.3867010974822466
3055,0.472,2,15,2,604675,935,107359,597,0.008660935936863167,0.389686684073107
3056,0.4721,7,5,7,604680,930,107366,590,0.008614620771425396,0.3881578947368421
3057,0.4722,2,6,2,604686,924,107368,588,0.00855904257290007,0.3888888888888889
3058,0.4723,1,2,1,604688,922,107369,587,0.008540516506724962,0.3889993373094765
3059,0.4724,8,15,8,604703,907,107377,579,0.008401571010411649,0.3896366083445491
3060,0.4725,3,4,3,604707,903,107380,576,0.008364518878061432,0.3894523326572008
3061,0.4726,4,7,4,604714,896,107384,572,0.008299677646448553,0.3896457765667575
3062,0.4727,1,0,1,604714,896,107385,571,0.008299677646448553,0.3892297205180641
3063,0.4728,3,6,3,604720,890,107388,568,0.008244099447923228,0.3895747599451303
3064,0.4729,1,2,1,604722,888,107389,567,0.00822557338174812,0.38969072164948454
3065,0.473,6,13,6,604735,875,107395,561,0.008105153951609914,0.3906685236768802
3066,0.4731,3,3,3,604738,872,107398,558,0.008077364852347252,0.3902097902097902
3067,0.4732,3,7,3,604745,865,107401,555,0.008012523620734372,0.3908450704225352
3068,0.4733,2,4,2,604749,861,107403,553,0.007975471488384157,0.3910891089108911
3069,0.4734,2,5,2,604754,856,107405,551,0.007929156322946386,0.3916133617626155
3070,0.4735,1,3,1,604757,853,107406,550,0.007901367223683724,0.3920171062009979
3071,0.4736,6,7,6,604764,846,107412,544,0.007836525992070844,0.39136690647482014
3072,0.4737,2,4,2,604768,842,107414,542,0.007799473859720627,0.3916184971098266
3073,0.4738,2,3,2,604771,839,107416,540,0.007771684760457964,0.39158810732414795
3074,0.4739,4,9,4,604780,830,107420,536,0.007688317462669977,0.3923865300146413
3075,0.474,3,6,3,604786,824,107423,533,0.007632739264144652,0.39277818717759766
3076,0.4741,5,10,5,604796,814,107428,528,0.00754010893326911,0.39344262295081966
3077,0.4742,5,4,5,604800,810,107433,523,0.007503056800918893,0.39234808702175544
3078,0.4743,0,1,0,604801,809,107433,523,0.007493793767831339,0.39264264264264265
3079,0.4744,4,2,4,604803,807,107437,519,0.00747526770165623,0.3914027149321267
3080,0.4745,2,1,2,604804,806,107439,517,0.007466004668568676,0.3907785336356765
3081,0.4746,5,5,5,604809,801,107444,512,0.007419689503130905,0.38994668697638996
3082,0.4747,1,7,1,604816,794,107445,511,0.007354848271518026,0.39157088122605366
3083,0.4748,0,8,0,604824,786,107445,511,0.007280744006817592,0.39398612181958365
3084,0.4749,2,7,2,604831,779,107447,509,0.007215902775204713,0.3951863354037267
3085,0.475,9,11,9,604842,768,107456,500,0.007114009411241617,0.3943217665615142
3086,0.4751,5,8,5,604850,760,107461,495,0.007039905146541184,0.3944223107569721
3087,0.4752,7,9,7,604859,751,107468,488,0.006956537848753196,0.39386602098466506
3088,0.4753,3,7,3,604866,744,107471,485,0.006891696617140316,0.3946297803091945
3089,0.4754,1,0,1,604866,744,107472,484,0.006891696617140316,0.3941368078175896
3090,0.4755,0,4,0,604870,740,107472,484,0.0068546444847901,0.3954248366013072
3091,0.4756,0,3,0,604873,737,107472,484,0.006826855385527437,0.3963963963963964
3092,0.4757,3,6,3,604879,731,107475,481,0.006771277187002112,0.39686468646864687
3093,0.4758,4,8,4,604887,723,107479,477,0.006697172922301678,0.3975
3094,0.4759,4,8,4,604895,715,107483,473,0.006623068657601245,0.39814814814814814
3095,0.476,1,2,1,604897,713,107484,472,0.006604542591426137,0.3983122362869198
3096,0.4761,4,9,4,604906,704,107488,468,0.006521175293638149,0.3993174061433447
3097,0.4762,3,4,3,604910,700,107491,465,0.006484123161287932,0.39914163090128757
3098,0.4763,3,5,3,604915,695,107494,462,0.006437807995850161,0.3993085566119274
3099,0.4764,2,2,2,604917,693,107496,460,0.006419281929675053,0.398959236773634
3100,0.4765,2,4,2,604921,689,107498,458,0.006382229797324836,0.3993025283347864
3101,0.4766,0,2,0,604923,687,107498,458,0.006363703731149728,0.4
3102,0.4767,1,5,1,604928,682,107499,457,0.006317388565711957,0.40122914837576823
3103,0.4768,3,9,3,604937,673,107502,454,0.006234021267923969,0.4028393966282165
3104,0.4769,2,1,2,604938,672,107504,452,0.006224758234836415,0.40213523131672596
3105,0.477,4,4,4,604942,668,107508,448,0.006187706102486198,0.4014336917562724
3106,0.4771,3,2,3,604944,666,107511,445,0.006169180036311089,0.40054005400540055
3107,0.4772,2,10,2,604954,656,107513,443,0.006076549705435548,0.4030937215650591
3108,0.4773,0,3,0,604957,653,107513,443,0.006048760606172886,0.4041970802919708
3109,0.4774,1,2,1,604959,651,107514,442,0.006030234539997777,0.40439158279963405
3110,0.4775,4,14,4,604973,637,107518,438,0.005900552076772018,0.40744186046511627
3111,0.4776,6,4,6,604977,633,107524,432,0.0058634999444218015,0.4056338028169014
3112,0.4777,3,1,3,604978,632,107527,429,0.005854236911334247,0.4043355325164939
3113,0.4778,0,2,0,604980,630,107527,429,0.005835710845159139,0.40509915014164305
3114,0.4779,5,5,5,604985,625,107532,424,0.005789395679721368,0.4041944709246902
3115,0.478,0,4,0,604989,621,107532,424,0.005752343547371151,0.40574162679425835
3116,0.4781,2,2,2,604991,619,107534,422,0.005733817481196043,0.4053794428434198
3117,0.4782,3,6,3,604997,613,107537,419,0.005678239282670717,0.4060077519379845
3118,0.4783,13,14,13,605011,599,107550,406,0.005548556819444959,0.4039800995024876
3119,0.4784,1,5,1,605016,594,107551,405,0.005502241654007188,0.40540540540540543
3120,0.4785,1,0,1,605016,594,107552,404,0.005502241654007188,0.40480961923847697
3121,0.4786,3,3,3,605019,591,107555,401,0.005474452554744526,0.40423387096774194
3122,0.4787,1,15,1,605034,576,107556,400,0.005335507058431213,0.4098360655737705
3123,0.4788,3,5,3,605039,571,107559,397,0.005289191892993442,0.41012396694214875
3124,0.4789,1,4,1,605043,567,107560,396,0.005252139760643225,0.411214953271028
3125,0.479,9,8,9,605051,559,107569,387,0.005178035495942791,0.4090909090909091
3126,0.4791,4,4,4,605055,555,107573,383,0.0051409833635925745,0.40831556503198296
3127,0.4792,0,1,0,605056,554,107573,383,0.00513172033050502,0.4087513340448239
3128,0.4793,2,1,2,605057,553,107575,381,0.005122457297417466,0.4079229122055675
3129,0.4794,5,4,5,605061,549,107580,376,0.005085405165067249,0.4064864864864865
3130,0.4795,1,3,1,605064,546,107581,375,0.005057616065804587,0.40716612377850164
3131,0.4796,1,0,1,605064,546,107582,374,0.005057616065804587,0.40652173913043477
3132,0.4797,1,0,1,605064,546,107583,373,0.005057616065804587,0.4058759521218716
3133,0.4799,6,6,6,605070,540,107589,367,0.005002037867279262,0.4046306504961411
3134,0.48,4,1,4,605071,539,107593,363,0.004992774834191708,0.4024390243902439
3135,0.4801,1,4,1,605075,535,107594,362,0.004955722701841491,0.4035674470457079
3136,0.4802,0,1,0,605076,534,107594,362,0.004946459668753937,0.40401785714285715
3137,0.4803,3,2,3,605078,532,107597,359,0.004927933602578829,0.40291806958473625
3138,0.4804,2,1,2,605079,531,107599,357,0.0049186705694912744,0.40202702702702703
3139,0.4805,4,5,4,605084,526,107603,353,0.004872355404053503,0.40159271899886234
3140,0.4806,1,4,1,605088,522,107604,352,0.004835303271703287,0.40274599542334094
3141,0.4807,3,3,3,605091,519,107607,349,0.004807514172440624,0.402073732718894
3142,0.4808,0,1,0,605092,518,107607,349,0.00479825113935307,0.40253748558246827
3143,0.4809,3,1,3,605093,517,107610,346,0.004788988106265516,0.40092699884125144
3144,0.481,1,0,1,605093,517,107611,345,0.004788988106265516,0.40023201856148494
3145,0.4811,1,2,1,605095,515,107612,344,0.004770462040090407,0.40046565774155995
3146,0.4812,2,8,2,605103,507,107614,342,0.0046963577753899735,0.4028268551236749
3147,0.4813,1,2,1,605105,505,107615,341,0.004677831709214865,0.4030732860520095
3148,0.4814,2,1,2,605106,504,107617,339,0.004668568676127311,0.40213523131672596
3149,0.4815,4,5,4,605111,499,107621,335,0.00462225351068954,0.40167865707434053
3150,0.4816,1,1,1,605112,498,107622,334,0.004612990477601986,0.4014423076923077
3151,0.4817,7,11,7,605123,487,107629,327,0.00451109711363889,0.40171990171990174
3152,0.4818,4,1,4,605124,486,107633,323,0.004501834080551336,0.3992583436341162
3153,0.4819,5,6,5,605130,480,107638,318,0.004446255882026011,0.39849624060150374
3154,0.482,4,6,4,605136,474,107642,314,0.004390677683500686,0.39847715736040606
3155,0.4821,9,11,9,605147,463,107651,305,0.0042887843195375894,0.3971354166666667
3156,0.4822,3,5,3,605152,458,107654,302,0.004242469154099818,0.3973684210526316
3157,0.4823,3,1,3,605153,457,107657,299,0.004233206121012264,0.3955026455026455
3158,0.4824,2,3,2,605156,454,107659,297,0.004205417021749602,0.3954727030625832
3159,0.4825,7,7,7,605163,447,107666,290,0.004140575790136722,0.39348710990502034
3160,0.4826,0,1,0,605164,446,107666,290,0.004131312757049168,0.39402173913043476
3161,0.4827,5,4,5,605168,442,107671,285,0.004094260624698951,0.3920220082530949
3162,0.4828,0,1,0,605169,441,107671,285,0.004084997591611397,0.3925619834710744
3163,0.4829,0,4,0,605173,437,107671,285,0.00404794545926118,0.39473684210526316
3164,0.483,3,6,3,605179,431,107674,282,0.003992367260735855,0.3955119214586255
3165,0.4831,4,1,4,605180,430,107678,278,0.003983104227648302,0.3926553672316384
3166,0.4832,10,20,10,605200,410,107688,268,0.0037978435658972175,0.3952802359882006
3167,0.4833,1,1,1,605201,409,107689,267,0.0037885805328096633,0.39497041420118345
3168,0.4834,0,2,0,605203,407,107689,267,0.003770054466634555,0.3961424332344214
3169,0.4835,1,1,1,605204,406,107690,266,0.0037607914335470007,0.3958333333333333
3170,0.4836,3,0,3,605204,406,107693,263,0.0037607914335470007,0.3931240657698057
3171,0.4837,0,7,0,605211,399,107693,263,0.0036959502019341213,0.3972809667673716
3172,0.4838,2,4,2,605215,395,107695,261,0.0036588980695839044,0.3978658536585366
3173,0.4839,1,1,1,605216,394,107696,260,0.0036496350364963502,0.39755351681957185
3174,0.484,2,2,2,605218,392,107698,258,0.003631108970321242,0.39692307692307693
3175,0.4841,1,0,1,605218,392,107699,257,0.003631108970321242,0.39599383667180277
3176,0.4842,0,5,0,605223,387,107699,257,0.0035847938048834713,0.39906832298136646
3177,0.4843,3,6,3,605229,381,107702,254,0.003529215606358146,0.4
3178,0.4844,2,3,2,605232,378,107704,252,0.0035014265070954834,0.4
3179,0.4845,7,5,7,605237,373,107711,245,0.0034551113416577124,0.3964401294498382
3180,0.4846,0,1,0,605238,372,107711,245,0.003445848308570158,0.39708265802269044
3181,0.4847,2,3,2,605241,369,107713,243,0.0034180592093074956,0.39705882352941174
3182,0.4849,7,11,7,605252,358,107720,236,0.0033161658453443998,0.39730639730639733
3183,0.485,1,0,1,605252,358,107721,235,0.0033161658453443998,0.3962900505902192
3184,0.4851,0,2,0,605254,356,107721,235,0.0032976397791692914,0.3976311336717428
3185,0.4852,4,1,4,605255,355,107725,231,0.003288376746081737,0.39419795221843
3186,0.4854,2,2,2,605257,353,107727,229,0.0032698506799066288,0.39347079037800686
3187,0.4855,2,5,2,605262,348,107729,227,0.0032235355144688577,0.3947826086956522
3188,0.4856,0,2,0,605264,346,107729,227,0.0032050094482937493,0.3961605584642234
3189,0.4857,1,5,1,605269,341,107730,226,0.0031586942828559783,0.3985890652557319
3190,0.4858,1,1,1,605270,340,107731,225,0.003149431249768424,0.39823008849557523
3191,0.4859,0,4,0,605274,336,107731,225,0.0031123791174182073,0.40106951871657753
3192,0.486,0,2,0,605276,334,107731,225,0.003093853051243099,0.40250447227191416
3193,0.4861,1,0,1,605276,334,107732,224,0.003093853051243099,0.4014336917562724
3194,0.4862,2,4,2,605280,330,107734,222,0.0030568009188928825,0.40217391304347827
3195,0.4864,0,2,0,605282,328,107734,222,0.003038274852717774,0.4036363636363636
3196,0.4866,5,5,5,605287,323,107739,217,0.002991959687280003,0.40185185185185185
3197,0.4867,5,5,5,605292,318,107744,212,0.002945644521842232,0.4
3198,0.4869,1,1,1,605293,317,107745,211,0.002936381488754678,0.3996212121212121
3199,0.487,1,0,1,605293,317,107746,210,0.002936381488754678,0.3984819734345351
3200,0.4871,0,4,0,605297,313,107746,210,0.002899329356404461,0.40152963671128106
3201,0.4872,4,0,4,605297,313,107750,206,0.002899329356404461,0.3969171483622351
3202,0.4873,2,0,2,605297,313,107752,204,0.002899329356404461,0.3945841392649903
3203,0.4874,6,3,6,605300,310,107758,198,0.0028715402571417984,0.38976377952755903
3204,0.4875,1,3,1,605303,307,107759,197,0.002843751157879136,0.39087301587301587
3205,0.4876,0,2,0,605305,305,107759,197,0.0028252250917040274,0.39243027888446214
3206,0.4877,2,2,2,605307,303,107761,195,0.002806699025528919,0.39156626506024095
3207,0.4878,1,0,1,605307,303,107762,194,0.002806699025528919,0.3903420523138833
3208,0.4879,1,1,1,605308,302,107763,193,0.002797435992441365,0.3898989898989899
3209,0.488,1,1,1,605309,301,107764,192,0.002788172959353811,0.3894523326572008
3210,0.4881,1,1,1,605310,300,107765,191,0.002778909926266257,0.3890020366598778
3211,0.4883,1,1,1,605311,299,107766,190,0.0027696468931787026,0.3885480572597137
3212,0.4884,1,3,1,605314,296,107767,189,0.00274185779391604,0.38969072164948454
3213,0.4887,0,4,0,605318,292,107767,189,0.002704805661565823,0.39293139293139295
3214,0.4888,4,2,4,605320,290,107771,185,0.0026862795953907148,0.3894736842105263
3215,0.4889,1,1,1,605321,289,107772,184,0.0026770165623031606,0.3890063424947146
3216,0.489,2,1,2,605322,288,107774,182,0.0026677535292156064,0.3872340425531915
3217,0.4892,0,4,0,605326,284,107774,182,0.0026307013968653896,0.3905579399141631
3218,0.4893,1,1,1,605327,283,107775,181,0.0026214383637778354,0.3900862068965517
3219,0.4894,8,4,8,605331,279,107783,173,0.0025843862314276185,0.3827433628318584
3220,0.4896,1,1,1,605332,278,107784,172,0.0025751231983400643,0.38222222222222224
3221,0.4897,1,1,1,605333,277,107785,171,0.00256586016525251,0.38169642857142855
3222,0.4898,2,4,2,605337,273,107787,169,0.0025288080329022933,0.38235294117647056
3223,0.4899,3,5,3,605342,268,107790,166,0.0024824928674645227,0.3824884792626728
3224,0.49,0,2,0,605344,266,107790,166,0.0024639668012894143,0.38425925925925924
3225,0.4901,1,1,1,605345,265,107791,165,0.00245470376820186,0.38372093023255816
3226,0.4902,3,2,3,605347,263,107794,162,0.0024361777020267517,0.3811764705882353
3227,0.4903,1,0,1,605347,263,107795,161,0.0024361777020267517,0.37971698113207547
3228,0.4904,0,3,0,605350,260,107795,161,0.002408388602764089,0.3824228028503563
3229,0.4906,4,4,4,605354,256,107799,157,0.0023713364704138723,0.3801452784503632
3230,0.4907,2,4,2,605358,252,107801,155,0.0023342843380636555,0.3808353808353808
3231,0.4908,1,5,1,605363,247,107802,154,0.0022879691726258844,0.38403990024937656
3232,0.4909,1,0,1,605363,247,107803,153,0.0022879691726258844,0.3825
3233,0.491,1,4,1,605367,243,107804,152,0.002250917040275668,0.3848101265822785
3234,0.4911,0,2,0,605369,241,107804,152,0.0022323909741005597,0.38676844783715014
3235,0.4912,1,1,1,605370,240,107805,151,0.0022231279410130055,0.38618925831202044
3236,0.4914,8,5,8,605375,235,107813,143,0.0021768127755752344,0.3783068783068783
3237,0.4915,1,1,1,605376,234,107814,142,0.0021675497424876802,0.3776595744680851
3238,0.4916,2,0,2,605376,234,107816,140,0.0021675497424876802,0.37433155080213903
3239,0.4917,4,0,4,605376,234,107820,136,0.0021675497424876802,0.3675675675675676
3240,0.4918,1,4,1,605380,230,107821,135,0.0021304976101374634,0.3698630136986301
3241,0.4919,1,1,1,605381,229,107822,134,0.002121234577049909,0.3691460055096419
3242,0.492,1,0,1,605381,229,107823,133,0.002121234577049909,0.3674033149171271
3243,0.4921,1,4,1,605385,225,107824,132,0.0020841824446996924,0.3697478991596639
3244,0.4924,4,5,4,605390,220,107828,128,0.0020378672792619214,0.367816091954023
3245,0.4925,0,1,0,605391,219,107828,128,0.002028604246174367,0.3688760806916426
3246,0.4926,1,2,1,605393,217,107829,127,0.0020100781799992588,0.3691860465116279
3247,0.4927,2,7,2,605400,210,107831,125,0.0019452369483863796,0.373134328358209
3248,0.4928,1,1,1,605401,209,107832,124,0.0019359739152988254,0.37237237237237236
3249,0.4929,0,4,0,605405,205,107832,124,0.0018989217829486088,0.3768996960486322
3250,0.4932,2,2,2,605407,203,107834,122,0.0018803957167735003,0.37538461538461537
3251,0.4933,1,1,1,605408,202,107835,121,0.0018711326836859461,0.3746130030959752
3252,0.4934,0,7,0,605415,195,107835,121,0.0018062914520730667,0.3829113924050633
3253,0.4937,1,0,1,605415,195,107836,120,0.0018062914520730667,0.38095238095238093
3254,0.4939,2,4,2,605419,191,107838,118,0.0017692393197228501,0.3818770226537217
3255,0.494,3,3,3,605422,188,107841,115,0.0017414502204601875,0.3795379537953795
3256,0.4941,0,1,0,605423,187,107841,115,0.0017321871873726333,0.38079470198675497
3257,0.4942,1,5,1,605428,182,107842,114,0.0016858720219348623,0.38513513513513514
3258,0.4943,1,0,1,605428,182,107843,113,0.0016858720219348623,0.38305084745762713
3259,0.4944,0,1,0,605429,181,107843,113,0.001676608988847308,0.3843537414965986
3260,0.4945,1,0,1,605429,181,107844,112,0.001676608988847308,0.3822525597269625
3261,0.4946,1,0,1,605429,181,107845,111,0.001676608988847308,0.3801369863013699
3262,0.4947,0,1,0,605430,180,107845,111,0.0016673459557597539,0.38144329896907214
3263,0.4948,2,1,2,605431,179,107847,109,0.0016580829226721999,0.3784722222222222
3264,0.4949,1,2,1,605433,177,107848,108,0.0016395568564970915,0.37894736842105264
3265,0.495,1,1,1,605434,176,107849,107,0.0016302938234095373,0.37809187279151946
3266,0.4951,0,1,0,605435,175,107849,107,0.001621030790321983,0.37943262411347517
3267,0.4952,0,3,0,605438,172,107849,107,0.0015932416910593205,0.3835125448028674
3268,0.4957,1,5,1,605443,167,107850,106,0.0015469265256215494,0.3882783882783883
3269,0.4958,1,0,1,605443,167,107851,105,0.0015469265256215494,0.3860294117647059
3270,0.4959,0,1,0,605444,166,107851,105,0.0015376634925339952,0.3874538745387454
3271,0.496,0,2,0,605446,164,107851,105,0.001519137426358887,0.3903345724907063
3272,0.4961,2,2,2,605448,162,107853,103,0.0015006113601837786,0.3886792452830189
3273,0.4962,1,1,1,605449,161,107854,102,0.0014913483270962244,0.38783269961977185
3274,0.4963,3,1,3,605450,160,107857,99,0.0014820852940086702,0.38223938223938225
3275,0.4964,1,3,1,605453,157,107858,98,0.0014542961947460076,0.3843137254901961
3276,0.4966,0,1,0,605454,156,107858,98,0.0014450331616584534,0.3858267716535433
3277,0.4968,2,1,2,605455,155,107860,96,0.0014357701285708992,0.38247011952191234
3278,0.4969,4,5,4,605460,150,107864,92,0.0013894549631331284,0.38016528925619836
3279,0.4971,5,8,5,605468,142,107869,87,0.0013153506984326948,0.3799126637554585
3280,0.4972,1,2,1,605470,140,107870,86,0.0012968246322575864,0.3805309734513274
3281,0.4973,0,3,0,605473,137,107870,86,0.0012690355329949238,0.38565022421524664
3282,0.4975,0,2,0,605475,135,107870,86,0.0012505094668198156,0.3891402714932127
3283,0.4976,1,4,1,605479,131,107871,85,0.0012134573344695988,0.39351851851851855
3284,0.4977,3,1,3,605480,130,107874,82,0.0012041943013820445,0.3867924528301887
3285,0.4978,1,0,1,605480,130,107875,81,0.0012041943013820445,0.38388625592417064
3286,0.4979,0,1,0,605481,129,107875,81,0.0011949312682944903,0.38571428571428573
3287,0.498,1,3,1,605484,126,107876,80,0.0011671421690318277,0.3883495145631068
3288,0.4981,1,1,1,605485,125,107877,79,0.0011578791359442735,0.3872549019607843
3289,0.4982,0,2,0,605487,123,107877,79,0.0011393530697691651,0.3910891089108911
3290,0.4988,0,1,0,605488,122,107877,79,0.0011300900366816111,0.39303482587064675
3291,0.499,3,1,3,605489,121,107880,76,0.001120827003594057,0.38578680203045684
3292,0.4993,2,1,2,605490,120,107882,74,0.0011115639705065027,0.38144329896907214
3293,0.4994,4,4,4,605494,116,107886,70,0.001074511838156286,0.3763440860215054
3294,0.4996,0,1,0,605495,115,107886,70,0.0010652488050687317,0.3783783783783784
3295,0.4997,1,4,1,605499,111,107887,69,0.001028196672718515,0.38333333333333336
3296,0.4998,1,1,1,605500,110,107888,68,0.0010189336396309607,0.38202247191011235
3297,0.4999,2,1,2,605501,109,107890,66,0.0010096706065434065,0.37714285714285717
3298,0.5,0,3,0,605504,106,107890,66,0.000981881507280744,0.38372093023255816
3299,0.5003,1,2,1,605506,104,107891,65,0.0009633554411056357,0.38461538461538464
3300,0.501,3,3,3,605509,101,107894,62,0.0009355663418429731,0.3803680981595092
3301,0.5014,0,1,0,605510,100,107894,62,0.0009263033087554189,0.38271604938271603
3302,0.5016,0,1,0,605511,99,107894,62,0.0009170402756678647,0.38509316770186336
3303,0.5017,1,2,1,605513,97,107895,61,0.0008985142094927563,0.3860759493670886
3304,0.5018,1,1,1,605514,96,107896,60,0.0008892511764052022,0.38461538461538464
3305,0.5019,1,0,1,605514,96,107897,59,0.0008892511764052022,0.38064516129032255
3306,0.5023,1,1,1,605515,95,107898,58,0.000879988143317648,0.3790849673202614
3307,0.5026,2,0,2,605515,95,107900,56,0.000879988143317648,0.3708609271523179
3308,0.503,1,1,1,605516,94,107901,55,0.0008707251102300938,0.3691275167785235
3309,0.5036,0,1,0,605517,93,107901,55,0.0008614620771425395,0.3716216216216216
3310,0.504,1,2,1,605519,91,107902,54,0.0008429360109674311,0.3724137931034483
3311,0.5041,0,2,0,605521,89,107902,54,0.0008244099447923228,0.3776223776223776
3312,0.5044,0,1,0,605522,88,107902,54,0.0008151469117047686,0.38028169014084506
3313,0.5051,1,2,1,605524,86,107903,53,0.0007966208455296602,0.381294964028777
3314,0.5052,1,0,1,605524,86,107904,52,0.0007966208455296602,0.37681159420289856
3315,0.5053,2,3,2,605527,83,107906,50,0.0007688317462669976,0.37593984962406013
3316,0.5054,0,1,0,605528,82,107906,50,0.0007595687131794435,0.3787878787878788
3317,0.5062,0,2,0,605530,80,107906,50,0.0007410426470043351,0.38461538461538464
3318,0.5068,3,1,3,605531,79,107909,47,0.0007317796139167809,0.373015873015873
3319,0.5069,1,0,1,605531,79,107910,46,0.0007317796139167809,0.368
3320,0.507,0,2,0,605533,77,107910,46,0.0007132535477416725,0.37398373983739835
3321,0.5073,1,0,1,605533,77,107911,45,0.0007132535477416725,0.36885245901639346
3322,0.5074,1,3,1,605536,74,107912,44,0.00068546444847901,0.3728813559322034
3323,0.5076,3,1,3,605537,73,107915,41,0.0006762014153914558,0.35964912280701755
3324,0.5081,0,1,0,605538,72,107915,41,0.0006669383823039016,0.36283185840707965
3325,0.5085,1,1,1,605539,71,107916,40,0.0006576753492163474,0.36036036036036034
3326,0.5093,1,0,1,605539,71,107917,39,0.0006576753492163474,0.35454545454545455
3327,0.5095,2,1,2,605540,70,107919,37,0.0006484123161287932,0.34579439252336447
3328,0.5099,0,1,0,605541,69,107919,37,0.000639149283041239,0.3490566037735849
3329,0.5103,0,4,0,605545,65,107919,37,0.0006020971506910223,0.3627450980392157
3330,0.5105,1,0,1,605545,65,107920,36,0.0006020971506910223,0.3564356435643564
3331,0.5106,2,0,2,605545,65,107922,34,0.0006020971506910223,0.3434343434343434
3332,0.511,0,2,0,605547,63,107922,34,0.0005835710845159139,0.35051546391752575
3333,0.5114,0,1,0,605548,62,107922,34,0.0005743080514283597,0.3541666666666667
3334,0.5115,0,2,0,605550,60,107922,34,0.0005557819852532514,0.3617021276595745
3335,0.5119,2,4,2,605554,56,107924,32,0.0005187298529030345,0.36363636363636365
3336,0.512,1,0,1,605554,56,107925,31,0.0005187298529030345,0.3563218390804598
3337,0.5127,2,8,2,605562,48,107927,29,0.0004446255882026011,0.37662337662337664
3338,0.5131,2,0,2,605562,48,107929,27,0.0004446255882026011,0.36
3339,0.5133,1,1,1,605563,47,107930,26,0.0004353625551150469,0.3561643835616438
3340,0.5137,1,0,1,605563,47,107931,25,0.0004353625551150469,0.3472222222222222
3341,0.5138,1,1,1,605564,46,107932,24,0.00042609952202749267,0.34285714285714286
3342,0.514,0,2,0,605566,44,107932,24,0.0004075734558523843,0.35294117647058826
3343,0.5146,0,1,0,605567,43,107932,24,0.0003983104227648301,0.3582089552238806
3344,0.5149,1,0,1,605567,43,107933,23,0.0003983104227648301,0.3484848484848485
3345,0.5153,1,1,1,605568,42,107934,22,0.0003890473896772759,0.34375
3346,0.5156,0,1,0,605569,41,107934,22,0.00037978435658972176,0.3492063492063492
3347,0.5157,0,2,0,605571,39,107934,22,0.00036125829041461335,0.36065573770491804
3348,0.5161,1,0,1,605571,39,107935,21,0.00036125829041461335,0.35
3349,0.5164,0,1,0,605572,38,107935,21,0.00035199525732705915,0.3559322033898305
3350,0.5166,0,2,0,605574,36,107935,21,0.0003334691911519508,0.3684210526315789
3351,0.517,2,4,2,605578,32,107937,19,0.00029641705880173404,0.37254901960784315
3352,0.5173,2,2,2,605580,30,107939,17,0.0002778909926266257,0.3617021276595745
3353,0.5187,3,3,3,605583,27,107942,14,0.00025010189336396307,0.34146341463414637
3354,0.5191,1,0,1,605583,27,107943,13,0.00025010189336396307,0.325
3355,0.5196,0,2,0,605585,25,107943,13,0.00023157582718885472,0.34210526315789475
3356,0.5204,0,1,0,605586,24,107943,13,0.00022231279410130054,0.35135135135135137
3357,0.5213,1,0,1,605586,24,107944,12,0.00022231279410130054,0.3333333333333333
3358,0.5219,1,1,1,605587,23,107945,11,0.00021304976101374634,0.3235294117647059
3359,0.5227,0,1,0,605588,22,107945,11,0.00020378672792619216,0.3333333333333333
3360,0.5241,1,1,1,605589,21,107946,10,0.00019452369483863796,0.3225806451612903
3361,0.5256,1,0,1,605589,21,107947,9,0.00019452369483863796,0.3
3362,0.5264,0,2,0,605591,19,107947,9,0.00017599762866352957,0.32142857142857145
3363,0.5277,0,1,0,605592,18,107947,9,0.0001667345955759754,0.3333333333333333
3364,0.528,1,0,1,605592,18,107948,8,0.0001667345955759754,0.3076923076923077
3365,0.5288,0,1,0,605593,17,107948,8,0.00015747156248842122,0.32
3366,0.5302,0,1,0,605594,16,107948,8,0.00014820852940086702,0.3333333333333333
3367,0.5305,0,1,0,605595,15,107948,8,0.00013894549631331284,0.34782608695652173
3368,0.5311,1,0,1,605595,15,107949,7,0.00013894549631331284,0.3181818181818182
3369,0.5326,1,1,1,605596,14,107950,6,0.00012968246322575864,0.3
3370,0.5327,1,2,1,605598,12,107951,5,0.00011115639705065027,0.29411764705882354
3371,0.5344,1,1,1,605599,11,107952,4,0.00010189336396309608,0.26666666666666666
3372,0.5388,1,3,1,605602,8,107953,3,7.410426470043351e-05,0.2727272727272727
3373,0.5413,0,1,0,605603,7,107953,3,6.484123161287932e-05,0.3
3374,0.5425,1,0,1,605603,7,107954,2,6.484123161287932e-05,0.2222222222222222
3375,0.5451,0,1,0,605604,6,107954,2,5.5578198525325135e-05,0.25
3376,0.5483,0,1,0,605605,5,107954,2,4.6315165437770945e-05,0.2857142857142857
3377,0.5505,0,3,0,605608,2,107954,2,1.8526066175108377e-05,0.5
3378,0.5539,1,0,1,605608,2,107955,1,1.8526066175108377e-05,0.3333333333333333
3379,0.6241,0,1,0,605609,1,107955,1,9.263033087554189e-06,0.5
3380,0.6263,1,0,1,605609,1,107956,0,9.263033087554189e-06,0.0
3381,0.6408,0,1,0,605610,0,107956,0,0.0,
