,y_proba,y_test,Neg,Pos,TN,FP,FN,TP,FP/P,Prec
0,0.0018,0,1,0,1,605609,0,107956,5.609776205120605,0.1512910526721462
1,0.0019,0,1,0,2,605608,0,107956,5.609766942087517,0.15129126469384666
2,0.002,0,2,0,4,605606,0,107956,5.609748416021342,0.15129168873903037
3,0.0021,0,1,0,5,605605,0,107956,5.609739152988254,0.15129190076251364
4,0.0023,0,1,0,6,605604,0,107956,5.609729889955167,0.1512921127865912
5,0.0024,0,2,0,8,605602,0,107956,5.609711363888992,0.15129253683652905
6,0.0026,0,4,0,12,605598,0,107956,5.609674311756642,0.15129338494353617
7,0.0027,0,2,0,14,605596,0,107956,5.6096557856904665,0.15129380900060543
8,0.0028,0,2,0,16,605594,0,107956,5.609637259624291,0.15129423306005185
9,0.003,0,1,0,17,605593,0,107956,5.609627996591204,0.1512944450906665
10,0.0031,0,1,0,18,605592,0,107956,5.609618733558117,0.15129465712187548
11,0.0032,0,2,0,20,605590,0,107956,5.609600207491941,0.1512950811860763
12,0.0033,0,6,0,26,605584,0,107956,5.609544629293416,0.15129635339294223
13,0.0034,0,2,0,28,605582,0,107956,5.609526103227241,0.1512967774666521
14,0.0035,0,2,0,30,605580,0,107956,5.609507577161065,0.15129720154273926
15,0.0036,0,3,0,33,605577,0,107956,5.609479788061803,0.1512978376613275
16,0.0037,0,6,0,39,605571,0,107956,5.609424209863278,0.15129910991455123
17,0.0038,0,3,0,42,605568,0,107956,5.609396420764015,0.15129974604918686
18,0.0039,0,6,0,48,605562,0,107956,5.60934084256549,0.15130101833450593
19,0.004,0,2,0,50,605560,0,107956,5.6093223164993145,0.15130144243436727
20,0.0041,1,3,1,53,605557,1,107955,5.609294527400052,0.15130088912309814
21,0.0042,0,2,0,55,605555,1,107955,5.6092760013338765,0.1513013132261636
22,0.0043,0,4,0,59,605551,1,107955,5.609238949201527,0.1513021614394273
23,0.0044,0,6,0,65,605545,1,107955,5.6091833710030015,0.15130343377715488
24,0.0045,0,5,0,70,605540,1,107955,5.6091370558375635,0.15130449407494095
25,0.0046,0,5,0,75,605535,1,107955,5.6090907406721255,0.15130555438758778
26,0.0047,0,7,0,82,605528,1,107955,5.609025899440513,0.15130703885025992
27,0.0048,0,14,0,96,605514,1,107955,5.608896216977287,0.15131000786299054
28,0.0049,0,5,0,101,605509,1,107955,5.608849901811849,0.15131106825291815
29,0.005,0,12,0,113,605497,1,107955,5.608738745414799,0.1513136132493847
30,0.0051,0,7,0,120,605490,1,107955,5.608673904183186,0.1513150978701932
31,0.0052,0,9,0,129,605481,1,107955,5.608590536885398,0.15131700671118362
32,0.0053,0,11,0,140,605470,1,107955,5.608488643521435,0.15131933980446438
33,0.0054,0,14,0,154,605456,1,107955,5.608358961058209,0.15132230929996873
34,0.0055,0,12,0,166,605444,1,107955,5.608247804661159,0.15132485467459303
35,0.0056,0,10,0,176,605434,1,107955,5.608155174330283,0.15132697588552668
36,0.0057,0,10,0,186,605424,1,107955,5.608062543999407,0.15132909715592974
37,0.0058,0,13,0,199,605411,1,107955,5.607942124569269,0.15133185489636455
38,0.0059,0,22,0,221,605389,1,107955,5.607738337841343,0.151336522070698
39,0.006,0,8,0,229,605381,1,107955,5.607664233576642,0.15133821929637647
40,0.0061,1,16,1,245,605365,2,107954,5.607516025047241,0.15134042413001755
41,0.0062,0,9,0,254,605356,2,107954,5.607432657749453,0.1513423336277355
42,0.0063,0,26,0,280,605330,2,107954,5.607191818889177,0.15134785022515576
43,0.0064,0,13,0,293,605317,2,107954,5.607071399459039,0.15135060867468325
44,0.0065,2,17,2,310,605300,4,107952,5.60691392789655,0.15135183637760566
45,0.0066,0,9,0,319,605291,4,107952,5.6068305605987625,0.15135374619870087
46,0.0067,2,13,2,332,605278,6,107950,5.606710141168624,0.15135412518857924
47,0.0068,1,19,1,351,605259,7,107949,5.606534143539961,0.15135696739240165
48,0.0069,0,18,0,369,605241,7,107949,5.606367408944385,0.15136078744794515
49,0.007,0,25,0,394,605216,7,107949,5.606135833117196,0.15136609340054547
50,0.0071,0,23,0,417,605193,7,107949,5.605922783356182,0.15137097520549905
51,0.0072,0,28,0,445,605165,7,107949,5.605663418429731,0.15137691869743128
52,0.0073,0,20,0,465,605145,7,107949,5.60547815776798,0.1513811643345758
53,0.0074,0,25,0,490,605120,7,107949,5.605246581940791,0.1513864717159209
54,0.0075,0,31,0,521,605089,7,107949,5.604959427915077,0.15139305338565406
55,0.0076,1,31,1,552,605058,8,107948,5.604672273889363,0.15139844545487696
56,0.0077,0,20,0,572,605038,8,107948,5.604487013227612,0.15140269233898002
57,0.0078,0,33,0,605,605005,8,107948,5.604181333135722,0.15140970021866798
58,0.0079,0,29,0,634,604976,8,107948,5.603912705176183,0.15141585919396738
59,0.008,0,43,0,677,604933,8,107948,5.603514394753418,0.15142499239003424
60,0.0081,1,34,1,711,604899,9,107947,5.603199451628441,0.15143102437272565
61,0.0082,1,25,1,736,604874,10,107946,5.602967875801252,0.15143514491737045
62,0.0083,1,35,1,771,604839,11,107945,5.602643669643188,0.1514413903791331
63,0.0084,1,34,1,805,604805,12,107944,5.602328726518211,0.1514474239879677
64,0.0085,1,43,1,848,604762,13,107943,5.601930416095446,0.15145537073543752
65,0.0086,0,36,0,884,604726,13,107943,5.601596946904294,0.15146302140264273
66,0.0087,0,40,0,924,604686,13,107943,5.601226425580792,0.15147152305056347
67,0.0088,1,37,1,961,604649,14,107942,5.600883693356552,0.15147819717060698
68,0.0089,0,42,0,1003,604607,14,107942,5.600494645966875,0.15148712579766443
69,0.009,1,44,1,1047,604563,15,107941,5.600087072511023,0.15149528985100436
70,0.0091,2,39,2,1086,604524,17,107939,5.5997258142206086,0.15150120076410986
71,0.0092,0,46,0,1132,604478,17,107939,5.599299714698581,0.15151098303381305
72,0.0093,2,47,2,1179,604431,19,107937,5.598864352143466,0.15151859712957347
73,0.0094,0,42,0,1221,604389,19,107937,5.598475304753789,0.15152753093387017
74,0.0095,1,44,1,1265,604345,20,107936,5.598067731297936,0.15153570009588913
75,0.0096,1,34,1,1299,604311,21,107935,5.59775278817296,0.15154174260016903
76,0.0097,1,43,1,1342,604268,22,107934,5.597354477750194,0.15154970078713623
77,0.0098,2,60,2,1402,604208,24,107932,5.596798695764941,0.15156008649984554
78,0.0099,1,43,1,1445,604165,25,107931,5.596400385342177,0.1515680470048982
79,0.01,2,57,2,1502,604108,27,107929,5.595872392456186,0.1515777972212118
80,0.0101,0,44,0,1546,604064,27,107929,5.595464819000333,0.15158716448054968
81,0.0102,0,47,0,1593,604017,27,107929,5.595029456445219,0.15159717169560613
82,0.0103,1,46,1,1639,603971,28,107928,5.594603356923191,0.15160577553838395
83,0.0104,0,50,0,1689,603921,28,107928,5.594140205268813,0.15161642426975383
84,0.0105,1,58,1,1747,603863,29,107927,5.5936029493497355,0.1516275867882381
85,0.0106,1,55,1,1802,603808,30,107926,5.59309348252992,0.15163811199127764
86,0.0107,0,57,0,1859,603751,30,107926,5.592565489643929,0.15165025706886692
87,0.0108,0,69,0,1928,603682,30,107926,5.591926340360888,0.15166496160807635
88,0.0109,1,50,1,1978,603632,31,107925,5.59146318870651,0.15167442664466796
89,0.011,1,80,1,2058,603552,32,107924,5.590722146059505,0.15169028892049766
90,0.0111,2,75,2,2133,603477,34,107922,5.5900274185779395,0.15170389612580282
91,0.0112,2,61,2,2194,603416,36,107920,5.5894623735595985,0.1517145202829605
92,0.0113,1,72,1,2266,603344,37,107919,5.588795435177294,0.15172868545109194
93,0.0114,3,82,3,2348,603262,40,107916,5.588035866464115,0.1517426017115265
94,0.0115,2,69,2,2417,603193,42,107914,5.587396717181074,0.15175493983324592
95,0.0116,1,72,1,2489,603121,43,107913,5.5867297787987695,0.1517691137132683
96,0.0117,3,85,3,2574,603036,46,107910,5.585942420986328,0.15178367977314733
97,0.0118,3,48,3,2622,602988,49,107907,5.585497795398125,0.15179034878568565
98,0.0119,1,75,1,2697,602913,50,107906,5.584803067916559,0.1518051712179894
99,0.012,1,62,1,2759,602851,51,107905,5.58422875986513,0.15181721997422462
100,0.0121,2,71,2,2830,602780,53,107903,5.583571084515914,0.15183000015478068
101,0.0122,1,75,1,2905,602705,54,107902,5.582876357034348,0.15184483124990325
102,0.0123,1,79,1,2984,602626,55,107901,5.58214457742043,0.15186052043060996
103,0.0124,1,77,1,3061,602549,56,107900,5.581431323872689,0.1518757855947436
104,0.0125,4,79,4,3140,602470,60,107896,5.580699544258772,0.15188790004026093
105,0.0126,1,100,1,3240,602370,61,107895,5.579773240950017,0.15190809064222507
106,0.0127,0,89,0,3329,602281,61,107895,5.578948831005224,0.15192712792321902
107,0.0128,3,71,3,3400,602210,64,107892,5.578291155656008,0.15193873556193335
108,0.0129,1,105,1,3505,602105,65,107891,5.577318537181815,0.15196001104231574
109,0.013,0,82,0,3587,602023,65,107891,5.576558968468635,0.15197756347952004
110,0.0131,3,80,3,3667,601943,68,107888,5.575817925821631,0.15199110774254718
111,0.0132,1,92,1,3759,601851,69,107887,5.574965726777576,0.152009614815608
112,0.0133,3,91,3,3850,601760,72,107884,5.574122790766609,0.15202552265643055
113,0.0134,2,87,2,3937,601673,74,107882,5.5733169068879915,0.15204177266032937
114,0.0135,2,89,2,4026,601584,76,107880,5.572492496943199,0.15205845539731402
115,0.0136,1,103,1,4129,601481,77,107879,5.571538404535181,0.15207933912258936
116,0.0137,0,108,0,4237,601373,77,107879,5.5705379969617255,0.15210249671484888
117,0.0138,1,90,1,4327,601283,78,107878,5.569704323983845,0.15212060448896653
118,0.0139,1,99,1,4426,601184,79,107877,5.568787283708177,0.15214064798374188
119,0.014,2,115,2,4541,601069,81,107875,5.567722034903109,0.15216293529531247
120,0.0141,2,103,2,4644,600966,83,107873,5.56676794249509,0.1521826536068134
121,0.0142,2,105,2,4749,600861,85,107871,5.565795324020898,0.15220280726706287
122,0.0143,4,105,4,4854,600756,89,107867,5.564822705546704,0.1522205742686873
123,0.0144,1,112,1,4966,600644,90,107866,5.563785245840898,0.15224344045955596
124,0.0145,5,99,5,5065,600545,95,107861,5.5628682055652305,0.15225873298645126
125,0.0146,0,122,0,5187,600423,95,107861,5.561738115528549,0.15228495914068368
126,0.0147,2,89,2,5276,600334,97,107859,5.560913705583756,0.15230170306681937
127,0.0148,4,118,4,5394,600216,101,107855,5.559820667679425,0.15232229536303563
128,0.0149,2,121,2,5515,600095,103,107853,5.558699840675831,0.15234593501217603
129,0.015,1,118,1,5633,599977,104,107852,5.5576068027715,0.15237013459465493
130,0.0151,2,112,2,5745,599865,106,107850,5.556569343065694,0.1523918526525508
131,0.0152,1,129,1,5874,599736,107,107849,5.555374411797399,0.15241843736088243
132,0.0153,1,104,1,5978,599632,108,107848,5.554411056356293,0.15243964493695936
133,0.0154,0,113,0,6091,599519,108,107848,5.5533643336174,0.1524639967654697
134,0.0155,2,105,2,6196,599414,110,107846,5.552391715143206,0.15248423493481889
135,0.0156,2,131,2,6327,599283,112,107844,5.551178257808737,0.1525100865898205
136,0.0157,1,117,1,6444,599166,113,107843,5.550094482937493,0.1525341261568099
137,0.0158,2,128,2,6572,599038,115,107841,5.548908814702286,0.15255934891261447
138,0.0159,2,115,2,6687,598923,117,107839,5.547843565897217,0.1525817743455364
139,0.016,4,123,4,6810,598800,121,107835,5.546704212827448,0.15260353647922903
140,0.0161,2,119,2,6929,598681,123,107833,5.54560191189003,0.15262684108170538
141,0.0162,7,125,7,7054,598556,130,107826,5.544444032754085,0.15264545246056666
142,0.0163,4,141,4,7195,598415,134,107822,5.5431379450887395,0.15267112881369851
143,0.0164,1,128,1,7323,598287,135,107821,5.541952276853533,0.15269760433248172
144,0.0165,2,123,2,7446,598164,137,107819,5.540812923783764,0.1527218077489118
145,0.0166,1,101,1,7547,598063,138,107818,5.539877357441921,0.15274245942304723
146,0.0167,1,132,1,7679,597931,139,107817,5.538654637074363,0.1527698271904419
147,0.0168,4,167,4,7846,597764,143,107813,5.537107710548742,0.1528011825782303
148,0.0169,5,127,5,7973,597637,148,107808,5.535931305346622,0.15282268638944213
149,0.017,4,136,4,8109,597501,152,107804,5.5346715328467155,0.1528473497281318
150,0.0171,4,122,4,8231,597379,156,107800,5.533541442810034,0.15286898787400077
151,0.0172,2,144,2,8375,597235,158,107798,5.532207566045426,0.15289780762035252
152,0.0173,1,132,1,8507,597103,159,107797,5.530984845677869,0.15292523762235777
153,0.0174,0,127,0,8634,596976,159,107797,5.529808440475749,0.15295279472965054
154,0.0175,4,130,4,8764,596846,163,107793,5.528604246174368,0.15297620483680296
155,0.0176,0,137,0,8901,596709,163,107793,5.527335210641373,0.15300595314136795
156,0.0177,2,172,2,9073,596537,165,107791,5.525741968950313,0.1530409127565566
157,0.0178,5,131,5,9204,596406,170,107786,5.524528511615843,0.1530633690811597
158,0.0179,8,160,8,9364,596246,178,107778,5.523046426321835,0.15308853107280435
159,0.018,2,132,2,9496,596114,180,107776,5.521823705954278,0.15311483328360964
160,0.0181,5,133,5,9629,595981,185,107771,5.520591722553633,0.15313775307210495
161,0.0182,6,162,6,9791,595819,191,107765,5.5190911111934495,0.1531657911493155
162,0.0183,1,139,1,9930,595680,192,107764,5.517803549594279,0.15319485275302655
163,0.0184,4,148,4,10078,595532,196,107760,5.516432620697321,0.15322227467396188
164,0.0185,5,176,5,10254,595356,201,107755,5.5148023268739115,0.15325460702506433
165,0.0186,8,158,8,10412,595198,209,107747,5.513338767646078,0.15327941730860878
166,0.0187,2,160,2,10572,595038,211,107745,5.511856682352069,0.1533119042435574
167,0.0188,5,180,5,10752,594858,216,107740,5.5101893363963095,0.15334515612056965
168,0.0189,3,175,3,10927,594683,219,107737,5.508568305605988,0.15337974431251958
169,0.019,2,153,2,11080,594530,221,107735,5.507151061543592,0.1534107495033926
170,0.0191,7,133,7,11213,594397,228,107728,5.505919078142947,0.15343136905821614
171,0.0192,4,152,4,11365,594245,232,107724,5.504511097113639,0.1534597681664005
172,0.0193,5,157,5,11522,594088,237,107719,5.503056800918893,0.15348806723215927
173,0.0194,2,168,2,11690,593920,239,107717,5.501500611360184,0.15352240546037338
174,0.0195,6,165,6,11855,593755,245,107711,5.499972210900737,0.15355127689724093
175,0.0196,4,149,4,12004,593606,249,107707,5.498592018970692,0.15357907239706095
176,0.0197,5,179,5,12183,593427,254,107702,5.49693393604802,0.15361224539278792
177,0.0198,2,161,2,12344,593266,256,107700,5.495442587720923,0.15364511260175243
178,0.0199,2,156,2,12500,593110,258,107698,5.4939975545592645,0.15367689866554035
179,0.02,4,180,4,12680,592930,262,107694,5.492330208603505,0.15371154856242436
180,0.0201,6,197,6,12877,592733,268,107688,5.490505391085257,0.15374753184156387
181,0.0202,2,159,2,13036,592574,270,107686,5.489032568824336,0.15378002456230544
182,0.0203,5,183,5,13219,592391,275,107681,5.487337433769313,0.15381417911300552
183,0.0204,7,183,7,13402,592208,282,107674,5.485642298714291,0.15384593402887917
184,0.0205,3,188,3,13590,592020,285,107671,5.483900848493831,0.15388364292237575
185,0.0206,3,172,3,13762,591848,288,107668,5.482307606802771,0.1539178517717965
186,0.0207,6,185,6,13947,591663,294,107662,5.480593945681574,0.15395131019197084
187,0.0208,2,173,2,14120,591490,296,107660,5.478991440957427,0.15398698419509405
188,0.0209,4,179,4,14299,591311,300,107656,5.4773333580347545,0.15402157755659424
189,0.021,5,161,5,14460,591150,305,107651,5.475842009707659,0.15405101023038031
190,0.0211,2,190,2,14650,590960,307,107649,5.474082033421023,0.15409048552194432
191,0.0212,0,171,0,14821,590789,307,107649,5.472498054763052,0.15412821180978126
192,0.0213,5,170,5,14991,590619,312,107644,5.470923339138167,0.15415967908939754
193,0.0214,4,202,4,15193,590417,316,107640,5.4690522064544815,0.15419944216589762
194,0.0215,8,203,8,15396,590214,324,107632,5.467171810737708,0.15423460190357186
195,0.0216,3,183,3,15579,590031,327,107629,5.465476675682686,0.15427142160937993
196,0.0217,5,203,5,15782,589828,332,107624,5.463596279965912,0.15431026077780263
197,0.0218,5,196,5,15978,589632,337,107619,5.461780725480751,0.15434757354238288
198,0.0219,5,182,5,16160,589450,342,107614,5.460094853458816,0.154381807122445
199,0.022,4,187,4,16347,589263,346,107610,5.4583626662714435,0.15441838039355807
200,0.0221,2,197,2,16544,589066,348,107608,5.456537848753196,0.15445961812842163
201,0.0222,2,219,2,16763,588847,350,107606,5.454509244507022,0.1545057599005245
202,0.0223,8,205,8,16968,588642,358,107598,5.452610322724073,0.15454153740089624
203,0.0224,5,186,5,17154,588456,363,107593,5.450887398569788,0.1545767611188293
204,0.0225,2,228,2,17382,588228,365,107591,5.448775427025826,0.15462498149662485
205,0.0226,6,197,6,17579,588031,371,107585,5.446950609507577,0.15466147989695464
206,0.0227,7,215,7,17794,587816,378,107578,5.444959057393753,0.154700788330069
207,0.0228,3,191,3,17985,587625,381,107575,5.44318981807403,0.15473964326812428
208,0.0229,1,186,1,18171,587439,382,107574,5.4414668939197455,0.15477983865050007
209,0.023,4,194,4,18365,587245,386,107570,5.439669865500759,0.15481818901434194
210,0.0231,2,203,2,18568,587042,388,107568,5.437789469783986,0.15486100113732887
211,0.0232,5,220,5,18788,586822,393,107563,5.435751602504724,0.15490397978066922
212,0.0233,4,225,4,19013,586597,397,107559,5.433667420060025,0.15494931974945114
213,0.0234,10,230,10,19243,586367,407,107549,5.431536922449887,0.15498850004899728
214,0.0235,3,209,3,19452,586158,410,107546,5.429600948534588,0.15503154083009468
215,0.0236,9,207,9,19659,585951,419,107537,5.427683500685465,0.1550668504718178
216,0.0237,11,195,11,19854,585756,430,107526,5.425877209233391,0.1550970600707937
217,0.0238,4,177,4,20031,585579,434,107522,5.4242376523768945,0.1551317917590654
218,0.0239,11,214,11,20245,585365,445,107511,5.422255363296157,0.15516629238132076
219,0.024,7,194,7,20439,585171,452,107504,5.420458334877172,0.15520121268993395
220,0.0241,7,207,7,20646,584964,459,107497,5.4185408870280485,0.1552390676153603
221,0.0242,10,214,10,20860,584750,469,107487,5.416558597947311,0.15527485528800108
222,0.0243,3,222,3,21082,584528,472,107484,5.414502204601875,0.15532100599411572
223,0.0244,6,235,6,21317,584293,478,107478,5.4123253918262995,0.15536644351960402
224,0.0245,14,219,14,21536,584074,492,107464,5.410296787580125,0.15539854642839585
225,0.0246,7,230,7,21766,583844,499,107457,5.408166289969988,0.15544169616418896
226,0.0247,9,195,9,21961,583649,508,107448,5.406359998517915,0.15547455711716301
227,0.0248,9,230,9,22191,583419,517,107439,5.404229500907777,0.15551531573782165
228,0.0249,9,247,9,22438,583172,526,107430,5.401941531735152,0.15555993176967342
229,0.025,7,208,7,22646,582964,533,107423,5.40001482085294,0.1555982369308808
230,0.0251,9,211,9,22857,582753,542,107414,5.398060320871466,0.15563479563641844
231,0.0252,6,209,6,23066,582544,548,107408,5.396124346956167,0.15567459765317007
232,0.0253,6,219,6,23285,582325,554,107402,5.394095742709993,0.15571668210755849
233,0.0254,11,213,11,23498,582112,565,107391,5.392122716662344,0.1557513165279919
234,0.0255,7,237,7,23735,581875,572,107384,5.389927377820594,0.15579629718291674
235,0.0256,9,244,9,23979,581631,581,107375,5.387667197747231,0.1558404426086275
236,0.0257,5,241,5,24220,581390,586,107370,5.38543480677313,0.15588884371914746
237,0.0258,10,272,10,24492,581118,596,107360,5.382915261773315,0.1559381708638475
238,0.0259,6,233,6,24725,580885,602,107354,5.380756975063915,0.15598360453272772
239,0.026,9,218,9,24943,580667,611,107345,5.378737633850828,0.1560219879885816
240,0.0261,11,277,11,25220,580390,622,107334,5.376171773685575,0.1560713309409007
241,0.0262,9,229,9,25449,580161,631,107325,5.374050539108525,0.1561122699225875
242,0.0263,10,223,10,25672,579938,641,107315,5.371984882730001,0.15615064612304347
243,0.0264,13,253,13,25925,579685,654,107302,5.36964133535885,0.15619218413157746
244,0.0265,5,201,5,26126,579484,659,107297,5.367779465708251,0.15623175364490283
245,0.0266,6,229,6,26355,579255,665,107291,5.365658231131202,0.15627649130575372
246,0.0267,8,250,8,26605,579005,673,107283,5.363342472859313,0.15632358426782925
247,0.0268,5,249,5,26854,578756,678,107278,5.361035977620512,0.1563741738747642
248,0.0269,7,250,7,27104,578506,685,107271,5.358720219348624,0.15642256885255704
249,0.027,7,236,7,27340,578270,692,107264,5.356534143539961,0.1564678046603086
250,0.0271,7,240,7,27580,578030,699,107257,5.354311015598948,0.1565139861109287
251,0.0272,7,250,7,27830,577780,706,107250,5.351995257327059,0.15656248631446798
252,0.0273,5,232,5,28062,577548,711,107245,5.349846233650746,0.15660936954670973
253,0.0274,13,232,13,28294,577316,724,107232,5.347697209974434,0.15664642946878815
254,0.0275,12,242,12,28536,577074,736,107220,5.345455555967246,0.1566870380275145
255,0.0276,9,233,9,28769,576841,745,107211,5.343297269257846,0.1567293129762065
256,0.0277,7,231,7,29000,576610,752,107204,5.341157508614621,0.15677362557654567
257,0.0278,8,223,8,29223,576387,760,107196,5.339091852236097,0.15681490031203232
258,0.0279,10,220,10,29443,576167,770,107186,5.337053984956834,0.15685304666841296
259,0.028,16,243,16,29686,575924,786,107170,5.334803067916559,0.15688909579062324
260,0.0281,6,235,6,29921,575689,792,107164,5.332626255140983,0.15693568015370804
261,0.0282,10,242,10,30163,575447,802,107154,5.330384601133796,0.1569789672151081
262,0.0283,8,235,8,30398,575212,810,107146,5.32820778835822,0.15702314620770916
263,0.0284,9,226,9,30624,574986,819,107137,5.326114342880433,0.15706404856602108
264,0.0285,5,250,5,30874,574736,824,107132,5.323798584608544,0.15711545343086933
265,0.0286,11,279,11,31153,574457,835,107121,5.321214198377117,0.15716616440084627
266,0.0287,8,273,8,31426,574184,843,107113,5.318685390344214,0.1572192450575887
267,0.0288,11,280,11,31706,573904,854,107102,5.316091741079699,0.15727027368334492
268,0.0289,7,255,7,31961,573649,861,107095,5.313729667642373,0.15732051990175455
269,0.029,8,262,8,32223,573387,869,107087,5.311302752973433,0.15737118537960304
270,0.0291,8,238,8,32461,573149,877,107079,5.3090981510985955,0.157416336875283
271,0.0292,11,238,11,32699,572911,888,107068,5.306893549223758,0.15745780384394223
272,0.0293,7,274,7,32973,572637,895,107061,5.304355478157768,0.15751260118464377
273,0.0294,5,229,5,33202,572408,900,107056,5.302234243580718,0.15755948806706463
274,0.0295,5,257,5,33459,572151,905,107051,5.299853644077217,0.15761290455564028
275,0.0296,14,264,14,33723,571887,919,107037,5.297408203342102,0.15765682167665307
276,0.0297,11,271,11,33994,571616,930,107026,5.294897921375375,0.1577061248788021
277,0.0298,7,259,7,34253,571357,937,107019,5.292498795805699,0.15775764472799744
278,0.0299,5,221,5,34474,571136,942,107014,5.290451665493349,0.15780284597802846
279,0.03,11,252,11,34726,570884,953,107003,5.288117381155286,0.15784784189695333
280,0.0301,9,253,9,34979,570631,962,106994,5.285773833784134,0.15789559121933222
281,0.0302,9,268,9,35247,570363,971,106985,5.28329134091667,0.15794687516608893
282,0.0303,8,255,8,35502,570108,979,106977,5.280929267479343,0.15799641108575732
283,0.0304,9,266,9,35768,569842,988,106968,5.278465300678054,0.15804731017567708
284,0.0305,10,265,10,36033,569577,998,106958,5.2760105969098525,0.15809677252470308
285,0.0306,9,273,9,36306,569304,1007,106949,5.27348178887695,0.15814939083449536
286,0.0307,4,255,4,36561,569049,1011,106945,5.271119715439624,0.15820406690000208
287,0.0308,10,262,10,36823,568787,1021,106935,5.268692800770684,0.1582529501777358
288,0.0309,12,256,12,37079,568531,1033,106923,5.266321464300271,0.15829797439944096
289,0.031,13,254,13,37333,568277,1046,106910,5.263968653896032,0.15834131877539112
290,0.0311,13,259,13,37592,568018,1059,106897,5.261569528326355,0.1583858708133617
291,0.0312,7,265,7,37857,567753,1066,106890,5.259114824558154,0.15843935236858606
292,0.0313,10,285,10,38142,567468,1076,106880,5.2564748601282005,0.15849383404414338
293,0.0314,16,260,16,38402,567208,1092,106864,5.254066471525436,0.15853499329448487
294,0.0315,10,285,10,38687,566923,1102,106854,5.251426507095483,0.15858956301565652
295,0.0316,12,271,12,38958,566652,1114,106842,5.248916225128756,0.158638384306319
296,0.0317,16,294,16,39252,566358,1130,106826,5.246192893401015,0.15868766934448827
297,0.0318,11,273,11,39525,566085,1141,106815,5.243664085368113,0.15873829692376282
298,0.0319,6,321,6,39846,565764,1147,106809,5.240690651747008,0.15880655334067825
299,0.032,9,278,9,40124,565486,1156,106800,5.238115528548668,0.15886096096006758
300,0.0321,18,258,18,40382,565228,1174,106782,5.235725666012079,0.15889942113956637
301,0.0322,8,282,8,40664,564946,1182,106774,5.233113490681388,0.15895611266599177
302,0.0323,14,280,14,40944,564666,1196,106760,5.230519841416873,0.15900486427394828
303,0.0324,11,271,11,41215,564395,1207,106749,5.228009559450147,0.15905528470790173
304,0.0325,8,234,8,41449,564161,1215,106741,5.225842009707659,0.15910073304297795
305,0.0326,10,279,10,41728,563882,1225,106731,5.223257623476231,0.15915438561435583
306,0.0327,15,259,15,41987,563623,1240,106716,5.220858497906555,0.15919706297858247
307,0.0328,11,271,11,42258,563352,1251,106705,5.218348215939828,0.1592476460957799
308,0.0329,12,292,12,42550,563060,1263,106693,5.215643410278261,0.15930201133850838
309,0.033,16,292,16,42842,562768,1279,106677,5.212938604616696,0.1593514030278813
310,0.0331,7,237,7,43079,562531,1286,106670,5.210743265774945,0.1593990445322108
311,0.0332,12,294,12,43373,562237,1298,106658,5.208019934047204,0.15945402492169922
312,0.0333,7,264,7,43637,561973,1305,106651,5.20557449331209,0.15950818397185862
313,0.0334,15,282,15,43919,561691,1320,106636,5.2029623179814,0.15955662422736175
314,0.0335,15,310,15,44229,561381,1335,106621,5.200090777724258,0.15961179756946836
315,0.0336,5,291,5,44520,561090,1340,106616,5.1973952350957795,0.15967506657121547
316,0.0337,11,284,11,44804,560806,1351,106605,5.1947645336989146,0.15972916239019136
317,0.0338,15,263,15,45067,560543,1366,106590,5.192328355996888,0.1597732386195856
318,0.0339,10,303,10,45370,560240,1376,106580,5.189521656971359,0.15983323835517832
319,0.034,9,282,9,45652,559958,1385,106571,5.186909481640669,0.15988951718529876
320,0.0341,8,308,8,45960,559650,1393,106563,5.184056467449702,0.1599533482534865
321,0.0342,12,274,12,46234,559376,1405,106551,5.181518396383712,0.16000402446514408
322,0.0343,10,306,10,46540,559070,1415,106541,5.17868390825892,0.1600649628687026
323,0.0344,20,268,20,46808,558802,1435,106521,5.176201415391456,0.16010418999493478
324,0.0345,10,273,10,47081,558529,1445,106511,5.1736726073585535,0.16015728377240468
325,0.0346,14,283,14,47364,558246,1459,106497,5.171051168994776,0.16020777954788543
326,0.0347,14,285,14,47649,557961,1473,106483,5.168411204564823,0.16025880284869756
327,0.0348,14,291,14,47940,557670,1487,106469,5.1657156619363445,0.16031132037118737
328,0.0349,9,271,9,48211,557399,1496,106460,5.163205379969617,0.1603653787927858
329,0.035,16,306,16,48517,557093,1512,106444,5.160370891844826,0.16041908740582667
330,0.0351,11,289,11,48806,556804,1523,106433,5.157693875282522,0.16047506396657604
331,0.0352,7,301,7,49107,556503,1530,106426,5.154905702323169,0.16053906225251874
332,0.0353,14,267,14,49374,556236,1544,106412,5.152432472488791,0.16058601248324902
333,0.0354,9,287,9,49661,555949,1553,106403,5.149773981992664,0.16064418919245355
334,0.0355,9,284,9,49945,555665,1562,106394,5.147143280595798,0.16070168972855894
335,0.0356,13,314,13,50259,555351,1575,106381,5.144234688206306,0.16076145629952912
336,0.0357,15,293,15,50552,555058,1590,106366,5.1415206195116525,0.16081363845279276
337,0.0358,20,273,20,50825,554785,1610,106346,5.138991811478751,0.16085465664142204
338,0.0359,19,305,19,51130,554480,1629,106327,5.136166586387047,0.16090477249787002
339,0.036,15,268,15,51398,554212,1644,106312,5.133684093519582,0.1609510025373794
340,0.0361,5,284,5,51682,553928,1649,106307,5.131053392122717,0.1610138814210092
341,0.0362,7,279,7,51961,553649,1656,106300,5.128469005891289,0.16107305261467175
342,0.0363,10,284,10,52245,553365,1666,106290,5.125838304494423,0.16112968142438092
343,0.0364,7,310,7,52555,553055,1673,106283,5.122966764237282,0.1611965334926851
344,0.0365,13,302,13,52857,552753,1686,106270,5.120169328244841,0.1612538560869651
345,0.0366,12,303,12,53160,552450,1698,106258,5.117362629219311,0.16131275162894637
346,0.0367,14,295,14,53455,552155,1712,106244,5.114630034458483,0.16136719527216778
347,0.0368,18,274,18,53729,551881,1730,106226,5.112091963392493,0.16141144221228462
348,0.0369,10,275,10,54004,551606,1740,106216,5.109544629293416,0.16146617169994315
349,0.037,16,290,16,54294,551316,1756,106200,5.106858349698025,0.16151698209625318
350,0.0371,16,325,16,54619,550991,1772,106184,5.10384786394457,0.1615764446304257
351,0.0372,19,304,19,54923,550687,1791,106165,5.101031901885953,0.1616269722859944
352,0.0373,15,298,15,55221,550389,1806,106150,5.098271518025863,0.1616811796405088
353,0.0374,17,300,17,55521,550089,1823,106133,5.095492608099596,0.1617333768145536
354,0.0375,19,340,19,55861,549749,1842,106114,5.092343176849828,0.1617929354148656
355,0.0376,7,325,7,56186,549424,1849,106107,5.089332691096373,0.16186419864201693
356,0.0377,10,299,10,56485,549125,1859,106097,5.086563044203194,0.16192527112947977
357,0.0378,10,301,10,56786,548824,1869,106087,5.08377487124384,0.16198689592937054
358,0.0379,16,293,16,57079,548531,1885,106071,5.081060802549187,0.16203891830455758
359,0.038,14,314,14,57393,548217,1899,106057,5.078152210159694,0.16209875373314545
360,0.0381,14,325,14,57718,547892,1913,106043,5.075141724406239,0.16216137689525717
361,0.0382,9,325,9,58043,547567,1922,106034,5.072131238652784,0.1622304739435833
362,0.0383,7,340,7,58383,547227,1929,106027,5.068981807403016,0.16230593306738267
363,0.0384,26,308,26,58691,546919,1955,106001,5.06612879321205,0.1623491392513631
364,0.0385,10,308,10,58999,546611,1965,105991,5.063275779021082,0.16241292548904232
365,0.0386,13,309,13,59308,546302,1978,105978,5.060413501797028,0.16247317103084566
366,0.0387,12,285,12,59593,546017,1990,105966,5.057773537367075,0.16252877759082676
367,0.0388,13,319,13,59912,545698,2003,105953,5.054818629812146,0.1625916326377156
368,0.0389,13,288,13,60200,545410,2016,105940,5.05215087628293,0.16264681047056115
369,0.039,13,284,13,60484,545126,2029,105927,5.049520174886065,0.1627010397003009
370,0.0391,23,310,23,60794,544816,2052,105904,5.046648634628923,0.16274895500368822
371,0.0392,21,320,21,61114,544496,2073,105883,5.043684464040906,0.1628019969894477
372,0.0393,13,331,13,61445,544165,2086,105870,5.040618400088925,0.16286815325328635
373,0.0394,17,311,17,61756,543854,2103,105853,5.037737596798696,0.16292421045178826
374,0.0395,26,322,26,62078,543532,2129,105827,5.034754900144503,0.16297148418671337
375,0.0396,17,297,17,62375,543235,2146,105810,5.0320037793175,0.1630241354605613
376,0.0397,15,334,15,62709,542901,2161,105795,5.028909926266256,0.16308871952347478
377,0.0398,12,314,12,63023,542587,2173,105783,5.026001333876764,0.16315221247127412
378,0.0399,19,318,19,63341,542269,2192,105764,5.023055689354923,0.16320773787754636
379,0.04,12,316,12,63657,541953,2204,105752,5.020128570899256,0.1632718598744799
380,0.0401,14,310,14,63967,541643,2218,105738,5.017257030642114,0.1633319482653955
381,0.0402,16,324,16,64291,541319,2234,105722,5.014255807921746,0.16339304619027234
382,0.0403,16,340,16,64631,540979,2250,105706,5.011106376671978,0.16345825247222373
383,0.0404,26,305,26,64936,540674,2276,105680,5.008281151580274,0.16350173434371876
384,0.0405,5,298,5,65234,540376,2281,105675,5.005520767720182,0.1635706778567017
385,0.0406,15,290,15,65524,540086,2296,105660,5.002834488124791,0.16362470692811104
386,0.0407,7,291,7,65815,539795,2303,105653,5.000138945496313,0.16368940642778348
387,0.0408,9,303,9,66118,539492,2312,105644,4.997332246470784,0.1637546191810719
388,0.0409,18,292,18,66410,539200,2330,105626,4.994627440809219,0.16380542968180564
389,0.041,19,320,19,66730,538880,2349,105607,4.991663270221201,0.16386211048477317
390,0.0411,14,307,14,67037,538573,2363,105593,4.988819519063322,0.16392203251956794
391,0.0412,6,290,6,67327,538283,2369,105587,4.986133239467931,0.1639880721263609
392,0.0413,10,299,10,67626,537984,2379,105577,4.983363592574753,0.16405127097509017
393,0.0414,16,295,16,67921,537689,2395,105561,4.9806309978139245,0.16410571317528178
394,0.0415,11,291,11,68212,537398,2406,105550,4.977935455185446,0.16416568680515375
395,0.0416,18,349,18,68561,537049,2424,105532,4.97470265663789,0.164231435414368
396,0.0417,21,310,21,68871,536739,2445,105511,4.971831116380748,0.16428337874659402
397,0.0418,9,320,9,69191,536419,2454,105502,4.968866945792731,0.1643535575249914
398,0.0419,21,317,21,69508,536102,2475,105481,4.965930564303975,0.16440741104424525
399,0.042,14,337,14,69845,535765,2489,105467,4.96280892215347,0.16447557202385407
400,0.0421,21,317,21,70162,535448,2510,105446,4.9598725406647155,0.16452954778793372
401,0.0422,16,325,16,70487,535123,2526,105430,4.9568620549112605,0.16459215708926506
402,0.0423,15,314,15,70801,534809,2541,105415,4.953953462521768,0.16465330884190532
403,0.0424,9,315,9,71116,534494,2550,105406,4.951035607099189,0.16472261290826692
404,0.0425,19,335,19,71451,534159,2569,105387,4.947932491014858,0.16478408120760665
405,0.0426,14,350,14,71801,533809,2583,105373,4.944690429434214,0.16485601909941144
406,0.0427,17,314,17,72115,533495,2600,105356,4.941781837044722,0.16491482364432394
407,0.0428,20,317,20,72432,533178,2620,105336,4.938845455555967,0.1649705409748259
408,0.0429,18,329,18,72761,532849,2638,105318,4.935797917670162,0.16503203706866698
409,0.043,12,327,12,73088,532522,2650,105306,4.932768905850532,0.16510093630257688
410,0.0431,25,326,25,73414,532196,2675,105281,4.929749157063989,0.16515262511431786
411,0.0432,22,332,22,73746,531864,2697,105259,4.926673830078921,0.16520985743726094
412,0.0433,17,295,17,74041,531569,2714,105242,4.923941235318092,0.16526410504843667
413,0.0434,14,312,14,74353,531257,2728,105228,4.921051168994776,0.1653267555401934
414,0.0435,20,285,20,74638,530972,2748,105208,4.918411204564823,0.16537457952151907
415,0.0436,10,347,10,74985,530625,2758,105198,4.915196932083441,0.1654517058992833
416,0.0437,29,341,29,75326,530284,2787,105169,4.912038237800585,0.16550240537065683
417,0.0438,26,356,26,75682,529928,2813,105143,4.908740598021416,0.16556101601238288
418,0.0439,14,320,14,76002,529608,2827,105129,4.905776427433398,0.1656260782024681
419,0.044,19,332,19,76334,529276,2846,105110,4.902701100448331,0.16568776738452615
420,0.0441,18,322,18,76656,528954,2864,105092,4.899718403794139,0.16574822646937287
421,0.0442,6,326,6,76982,528628,2870,105086,4.8966986550075955,0.16582559324868948
422,0.0443,22,308,22,77290,528320,2892,105064,4.893845640816629,0.16587725613529866
423,0.0444,26,349,26,77639,527971,2918,105038,4.890612842269072,0.16593444958918435
424,0.0445,14,347,14,77986,527624,2932,105024,4.887398569787691,0.16600700547539865
425,0.0446,21,310,21,78296,527314,2953,105003,4.88452702953055,0.1660606942403889
426,0.0447,21,334,21,78630,526980,2974,104982,4.881433176479306,0.16612074776647964
427,0.0448,13,312,13,78942,526668,2987,104969,4.87854311015599,0.16618564143645798
428,0.0449,13,340,13,79282,526328,3000,104956,4.875393678906221,0.1662579758080357
429,0.045,23,334,23,79616,525994,3023,104933,4.872299825854978,0.16631559594057632
430,0.0451,19,314,19,79930,525680,3042,104914,4.869391233465486,0.1663732924829605
431,0.0452,18,352,18,80282,525328,3060,104896,4.866130645818667,0.1664424077788215
432,0.0453,24,313,24,80595,525015,3084,104872,4.8632313164622625,0.1664933551573536
433,0.0454,17,346,17,80941,524669,3101,104855,4.860026307013968,0.1665623550492118
434,0.0455,17,352,17,81293,524317,3118,104838,4.856765719367149,0.16663302365871685
435,0.0456,21,340,21,81633,523977,3139,104817,4.853616288117381,0.16669529289401616
436,0.0457,17,318,17,81951,523659,3156,104800,4.850670643595539,0.16675709950848028
437,0.0458,15,321,15,82272,523338,3171,104785,4.847697209974434,0.16682242172313386
438,0.0459,16,323,16,82595,523015,3187,104769,4.844705250287154,0.16688701846494972
439,0.046,15,337,15,82932,522678,3202,104754,4.841583608136649,0.16695673794132274
440,0.0461,16,333,16,83265,522345,3218,104738,4.838499018118493,0.16702414193974321
441,0.0462,26,319,26,83584,522026,3244,104712,4.835544110563563,0.1670745989552253
442,0.0463,18,346,18,83930,521680,3262,104694,4.832339101115269,0.1671429529322737
443,0.0464,24,314,24,84244,521366,3286,104670,4.829430508725777,0.16719485780370458
444,0.0465,22,339,22,84583,521027,3308,104648,4.826290340509097,0.16725616334358892
445,0.0466,21,307,21,84890,520720,3329,104627,4.823446589351217,0.1673103093162676
446,0.0467,18,380,18,85270,520340,3347,104609,4.8199266367779465,0.16738805886560343
447,0.0468,25,368,25,85638,519972,3372,104584,4.816517840601727,0.16745335886613852
448,0.0469,8,335,8,85973,519637,3380,104576,4.813414724517396,0.16753255699576908
449,0.047,19,299,19,86272,519338,3399,104557,4.810645077624217,0.16758749469061301
450,0.0471,21,310,21,86582,519028,3420,104536,4.807773537367075,0.16764277604223463
451,0.0472,23,346,23,86928,518682,3443,104513,4.804568527918781,0.16770513242243598
452,0.0473,14,331,14,87259,518351,3457,104499,4.801502463966801,0.16777554788472346
453,0.0474,30,334,30,87593,518017,3487,104469,4.798408610915558,0.1678254611348689
454,0.0475,21,322,21,87915,517695,3508,104448,4.795425914261366,0.16788423240316133
455,0.0476,24,346,24,88261,517349,3532,104424,4.792220904813072,0.16794553639350696
456,0.0477,18,306,18,88567,517043,3550,104406,4.789386416688281,0.1680041322779504
457,0.0478,18,369,18,88936,516674,3568,104388,4.785968357478973,0.1680798374397403
458,0.0479,13,322,13,89258,516352,3581,104375,4.782985660824781,0.16814960522097477
459,0.048,20,368,20,89626,515984,3601,104355,4.77957686464856,0.1682225363873624
460,0.0481,28,334,28,89960,515650,3629,104327,4.776483011597318,0.16827559732054576
461,0.0482,23,346,23,90306,515304,3652,104304,4.7732780021490235,0.16833869155982492
462,0.0483,26,326,26,90632,514978,3678,104278,4.770258253362481,0.1683923934527885
463,0.0484,17,336,17,90968,514642,3695,104261,4.767145874245063,0.16846097045902186
464,0.0485,19,333,19,91301,514309,3714,104242,4.764061284226908,0.16852611991573857
465,0.0486,18,343,18,91644,513966,3732,104224,4.760884063877876,0.16859541564891053
466,0.0487,25,365,25,92009,513601,3757,104199,4.7575030568009185,0.1686613790870832
467,0.0488,23,373,23,92382,513228,3780,104176,4.754047945459261,0.168732304941335
468,0.0489,13,299,13,92681,512929,3793,104163,4.751278298566082,0.16879654897486923
469,0.049,21,376,21,93057,512553,3814,104142,4.747795398125162,0.16887115997373095
470,0.0491,22,346,22,93403,512207,3836,104120,4.744590388676868,0.16893629518096726
471,0.0492,21,330,21,93733,511877,3857,104099,4.741533587757975,0.16899846747275868
472,0.0493,23,304,23,94037,511573,3880,104076,4.738717625699359,0.16905087151932352
473,0.0494,22,366,22,94403,511207,3902,104054,4.735327355589314,0.16912172232597222
474,0.0495,15,358,15,94761,510849,3917,104039,4.73201118974397,0.16919991933490328
475,0.0496,16,343,16,95104,510506,3933,104023,4.728833969394938,0.16927272756859318
476,0.0497,24,300,24,95404,510206,3957,103999,4.726055059468672,0.16932294592196417
477,0.0498,30,313,30,95717,509893,3987,103969,4.723155730112268,0.1693686854700242
478,0.0499,13,360,13,96077,509533,4000,103956,4.719821038200749,0.16945047099458996
479,0.05,20,355,20,96432,509178,4020,103936,4.716532661454667,0.16952149192482965
480,0.0501,18,357,18,96789,508821,4038,103918,4.71322575864241,0.1695958638180367
481,0.0502,21,371,21,97160,508450,4059,103897,4.709789173366928,0.16967013800998454
482,0.0503,28,334,28,97494,508116,4087,103869,4.706695320315684,0.16972474815559205
483,0.0504,30,314,30,97808,507802,4117,103839,4.703786727926192,0.1697711566098414
484,0.0505,21,324,21,98132,507478,4138,103818,4.7007855052058245,0.16983261791341675
485,0.0506,21,331,21,98463,507147,4159,103797,4.697719441253844,0.1698960952231301
486,0.0507,23,338,23,98801,506809,4182,103774,4.694588536070251,0.16995887536993332
487,0.0508,19,348,19,99149,506461,4201,103755,4.691365000555782,0.17002995660552986
488,0.0509,25,348,25,99497,506113,4226,103730,4.688141465041313,0.17009295835157573
489,0.051,24,360,24,99857,505753,4250,103706,4.684806773129794,0.1701607491234029
490,0.0511,15,334,15,100191,505419,4265,103691,4.68171292007855,0.17023361954326804
491,0.0512,16,391,16,100582,505028,4281,103675,4.678091074141316,0.17032115826601807
492,0.0513,22,354,22,100936,504674,4303,103653,4.674811960428323,0.17039026707675312
493,0.0514,20,342,20,101278,504332,4323,103633,4.671644003112379,0.17045882575477206
494,0.0515,19,330,19,101608,504002,4342,103614,4.668587202193486,0.17052546345060038
495,0.0516,17,326,17,101934,503676,4359,103597,4.665567453406943,0.1705937856614735
496,0.0517,17,328,17,102262,503348,4376,103580,4.662529178554226,0.17066274747581262
497,0.0518,29,350,29,102612,502998,4405,103551,4.659287116973582,0.17072157401957633
498,0.0519,25,337,25,102949,502661,4430,103526,4.656165474823076,0.17078228335480636
499,0.052,26,351,26,103300,502310,4456,103500,4.6529141502093445,0.17084564467407273
500,0.0521,23,367,23,103667,501943,4479,103477,4.649514617066212,0.1709177100194906
501,0.0522,24,383,24,104050,501560,4503,103453,4.645966875393679,0.17099301998469454
502,0.0523,24,321,24,104371,501239,4527,103429,4.642993441772574,0.17105089073673488
503,0.0524,21,320,21,104691,500919,4548,103408,4.640029271184557,0.17111265920602586
504,0.0525,29,353,29,105044,500566,4577,103379,4.63675942050465,0.17117287170189338
505,0.0526,18,369,18,105413,500197,4595,103361,4.633341361295343,0.17125280420440123
506,0.0527,27,337,27,105750,499860,4622,103334,4.630219719144836,0.1713113857233328
507,0.0528,15,351,15,106101,499509,4637,103319,4.626968394531105,0.17139051271672848
508,0.0529,16,326,16,106427,499183,4653,103303,4.623948645744562,0.17146124557251122
509,0.053,24,368,24,106795,498815,4677,103279,4.620539849568343,0.17153301643929353
510,0.0531,24,347,24,107142,498468,4701,103255,4.6173255770869615,0.17159889184890723
511,0.0532,23,359,23,107501,498109,4724,103232,4.61400014820853,0.17166965166186907
512,0.0533,24,334,24,107835,497775,4748,103208,4.610906295157286,0.1717319791075621
513,0.0534,25,323,25,108158,497452,4773,103183,4.6079143354700065,0.17178985573601271
514,0.0535,24,353,24,108511,497099,4797,103159,4.6046444847901,0.17185776782650128
515,0.0536,16,367,16,108878,496732,4813,103143,4.601244951646967,0.1719408210043759
516,0.0537,26,363,26,109241,496369,4839,103117,4.597882470636185,0.17200902106137592
517,0.0538,25,359,25,109600,496010,4864,103092,4.594557041757753,0.17207754272227432
518,0.0539,23,323,23,109923,495687,4887,103069,4.591565082070473,0.17213856729619412
519,0.054,25,341,25,110264,495346,4912,103044,4.588406387787617,0.17220207556944467
520,0.0541,31,332,31,110596,495014,4943,103013,4.585331060802549,0.1722547644169912
521,0.0542,26,363,26,110959,494651,4969,102987,4.581968579791767,0.17232337970477113
522,0.0543,14,338,14,111297,494313,4983,102973,4.578837674608174,0.17240149610069547
523,0.0544,19,356,19,111653,493957,5002,102954,4.575540034829005,0.17247797410334204
524,0.0545,29,337,29,111990,493620,5031,102925,4.5724183926784985,0.17253518175493884
525,0.0546,24,339,24,112329,493281,5055,102901,4.569278224461818,0.17259997785911013
526,0.0547,26,372,26,112701,492909,5081,102875,4.5658323761532476,0.17267163938608623
527,0.0548,29,329,29,113030,492580,5110,102846,4.562784838267442,0.17272675361841774
528,0.0549,19,339,19,113369,492241,5129,102827,4.559644670050761,0.1727987389676474
529,0.055,25,341,25,113710,491900,5154,102802,4.556485975767905,0.1728630473749878
530,0.0551,29,380,29,114090,491520,5183,102773,4.552966023194635,0.1729332164437407
531,0.0552,18,369,18,114459,491151,5201,102755,4.549547963985328,0.1730155950604978
532,0.0553,29,333,29,114792,490818,5230,102726,4.546463373967172,0.17307225749059885
533,0.0554,30,377,30,115169,490441,5260,102696,4.542971210493164,0.17314043804382462
534,0.0555,17,381,17,115550,490060,5277,102679,4.539441994886806,0.17322801435370375
535,0.0556,21,322,21,115872,489738,5298,102658,4.5364592982326135,0.17329286490793322
536,0.0557,26,346,26,116218,489392,5324,102632,4.5332542887843195,0.17335783684445225
537,0.0558,24,369,24,116587,489023,5348,102608,4.529836229575012,0.17343242663078845
538,0.0559,23,355,23,116942,488668,5371,102585,4.52654785282893,0.17350440505164455
539,0.056,27,346,27,117288,488322,5398,102558,4.523342843380637,0.17356823720552397
540,0.0561,33,362,33,117650,487960,5431,102525,4.519989625402942,0.17362845796252233
541,0.0562,27,382,27,118032,487578,5458,102498,4.5164511467634965,0.17370304842088138
542,0.0563,29,379,29,118411,487199,5487,102469,4.512940457223313,0.173774055909427
543,0.0564,25,343,25,118754,486856,5512,102444,4.509763236874282,0.17384014932971323
544,0.0565,29,323,29,119077,486533,5541,102415,4.506771277187002,0.1738948090493558
545,0.0566,22,324,22,119401,486209,5563,102393,4.503770054466634,0.1739596535519757
546,0.0567,31,339,31,119740,485870,5594,102362,4.500629886249953,0.17401637449169716
547,0.0568,22,349,22,120089,485521,5616,102340,4.497397087702398,0.17408877268606013
548,0.0569,17,374,17,120463,485147,5633,102323,4.493932713327652,0.17417570258906837
549,0.057,27,366,27,120829,484781,5660,102296,4.490542443217607,0.174246308405882
550,0.0571,14,375,14,121204,484406,5674,102282,4.487068805809774,0.1743379786189593
551,0.0572,31,336,31,121540,484070,5705,102251,4.483956426692356,0.1743942311464198
552,0.0573,25,371,25,121911,483699,5730,102226,4.480519841416873,0.1744694286811452
553,0.0574,29,337,29,122248,483362,5759,102197,4.477398199266368,0.1745289543837598
554,0.0575,24,370,24,122618,482992,5783,102173,4.473970877023973,0.17460545316278314
555,0.0576,21,352,21,122970,482640,5804,102152,4.470710289377154,0.17468091218758122
556,0.0577,22,370,22,123340,482270,5826,102130,4.467282967134759,0.17476043805612593
557,0.0578,24,353,24,123693,481917,5850,102106,4.4640131164548515,0.17483215558291368
558,0.0579,25,358,25,124051,481559,5875,102081,4.460696950609508,0.17490405044205332
559,0.058,23,367,23,124418,481192,5898,102058,4.457297417466375,0.17498156879554222
560,0.0581,19,357,19,124775,480835,5917,102039,4.4539905146541185,0.17506184870143462
561,0.0582,12,345,12,125120,480490,5929,102027,4.450794768238912,0.1751485364375632
562,0.0583,31,386,31,125506,480104,5960,101996,4.447219237467117,0.17522075244803298
563,0.0584,30,375,30,125881,479729,5990,101966,4.443745600059283,0.17529117492844187
564,0.0585,23,386,23,126267,479343,6013,101943,4.440170069287488,0.17537494451956523
565,0.0586,24,354,24,126621,478989,6037,101919,4.436890955574493,0.17544774731971327
566,0.0587,23,407,23,127028,478582,6060,101896,4.433120901107859,0.17553809102153742
567,0.0588,24,370,24,127398,478212,6084,101872,4.429693578865463,0.17561594527689092
568,0.0589,27,397,27,127795,477815,6111,101845,4.426016154729704,0.17569782286167754
569,0.059,23,360,23,128155,477455,6134,101822,4.422681462818185,0.17577428415076035
570,0.0591,26,411,26,128566,477044,6160,101796,4.4188743562192005,0.17586206896551723
571,0.0592,28,353,28,128919,476691,6188,101768,4.415604505539294,0.17592949543528583
572,0.0593,28,364,28,129283,476327,6216,101740,4.412232761495424,0.17600035981988246
573,0.0594,23,358,23,129641,475969,6239,101717,4.40891659565008,0.17607662294049017
574,0.0595,18,382,18,130023,475587,6257,101699,4.405378117010634,0.17616744559888858
575,0.0596,35,382,35,130405,475205,6292,101664,4.401839638371189,0.176234119011422
576,0.0597,26,361,26,130766,474844,6318,101638,4.398495683426582,0.17630732616109437
577,0.0598,24,306,24,131072,474538,6342,101614,4.3956611953017894,0.17636665324428275
578,0.0599,33,403,33,131475,474135,6375,101581,4.391928192967505,0.1764428989293332
579,0.06,27,379,27,131854,473756,6402,101554,4.3884175034273225,0.17652048460829814
580,0.0601,32,312,32,132166,473444,6434,101522,4.385527437104005,0.17657044068692757
581,0.0602,28,403,28,132569,473041,6462,101494,4.381794434769721,0.1766541638020312
582,0.0603,22,385,22,132954,472656,6484,101472,4.378228167031013,0.17674107516093973
583,0.0604,31,363,31,133317,472293,6515,101441,4.374865686020231,0.17680841644385725
584,0.0605,21,380,21,133697,471913,6536,101420,4.37134573344696,0.17689545168340215
585,0.0606,33,370,33,134067,471543,6569,101387,4.367918411204565,0.17696228160508265
586,0.0607,28,398,28,134465,471145,6597,101359,4.364231724035719,0.17704505121361597
587,0.0608,27,331,27,134796,470814,6624,101332,4.361165660083738,0.1771086401023515
588,0.0609,18,361,18,135157,470453,6642,101314,4.357821705139131,0.17719455652389873
589,0.061,31,384,31,135541,470069,6673,101283,4.35426470043351,0.17726900404654225
590,0.0611,32,395,32,135936,469674,6705,101251,4.350605802363926,0.17734553575338266
591,0.0612,26,321,26,136257,469353,6731,101225,4.347632368742821,0.1774078215423658
592,0.0613,42,348,42,136605,469005,6773,101183,4.344408833228353,0.1774555059033161
593,0.0614,22,354,22,136959,468651,6795,101161,4.341129719515358,0.17753399366808703
594,0.0615,31,318,31,137277,468333,6826,101130,4.338184074993515,0.1775883595597958
595,0.0616,32,367,32,137644,467966,6858,101098,4.334784541850383,0.17765664318951824
596,0.0617,17,352,17,137996,467614,6875,101081,4.331523954203565,0.1777420234044611
597,0.0618,23,364,23,138360,467250,6898,101058,4.328152210159694,0.17782258915939947
598,0.0619,26,342,26,138702,466908,6924,101032,4.324984252843751,0.17789203084832905
599,0.062,34,394,34,139096,466514,6958,100998,4.3213346178072545,0.17796628088921468
600,0.0621,27,393,27,139489,466121,6985,100971,4.317694245803846,0.17805047505519386
601,0.0622,34,388,34,139877,465733,7019,100937,4.314100188965875,0.1781230698642949
602,0.0623,28,385,28,140262,465348,7047,100909,4.310533921227167,0.17820353655672247
603,0.0624,28,357,28,140619,464991,7075,100881,4.30722701841491,0.1782752990075494
604,0.0625,34,353,34,140972,464638,7109,100847,4.303957167735003,0.1783371795892022
605,0.0626,27,347,27,141319,464291,7136,100820,4.300742895253622,0.17840742792124026
606,0.0627,30,358,30,141677,463933,7166,100790,4.2974267294082775,0.1784768815861936
607,0.0628,17,381,17,142058,463552,7183,100773,4.2938975138019195,0.1785726310193594
608,0.0629,32,346,32,142404,463206,7215,100741,4.2906925043536255,0.1786355810031794
609,0.063,24,388,24,142792,462818,7239,100717,4.287098447515654,0.17872359303326324
610,0.0631,38,372,38,143164,462446,7277,100679,4.283652599207084,0.17878623751387349
611,0.0632,28,360,28,143524,462086,7305,100651,4.280317907295565,0.17885975153579736
612,0.0633,22,357,22,143881,461729,7327,100629,4.277011004483308,0.17894117270493173
613,0.0634,26,324,26,144205,461405,7353,100603,4.27400978176294,0.17900634866407594
614,0.0635,42,354,42,144559,461051,7395,100561,4.270730668049946,0.1790577836655912
615,0.0636,29,386,29,144945,460665,7424,100532,4.26715513727815,0.17913851998496072
616,0.0637,33,398,33,145343,460267,7457,100499,4.263468450109304,0.179217356259117
617,0.0638,28,371,28,145714,459896,7485,100471,4.260031864833821,0.17929499774255087
618,0.0639,28,358,28,146072,459538,7513,100443,4.256715698988477,0.17936858571987263
619,0.064,34,402,34,146474,459136,7547,100409,4.25299195968728,0.1794475868786246
620,0.0641,31,404,31,146878,458732,7578,100378,4.249249694319908,0.17953175582622383
621,0.0642,22,354,22,147232,458378,7600,100356,4.245970580606914,0.1796131969774526
622,0.0643,30,352,30,147584,458026,7630,100326,4.242709992960095,0.17968235091841706
623,0.0644,30,384,30,147968,457642,7660,100296,4.239152988254474,0.17976190902931866
624,0.0645,23,381,23,148349,457261,7683,100273,4.235623772648116,0.17985091492178054
625,0.0646,29,397,29,148746,456864,7712,100244,4.2319463485123565,0.17993638576362214
626,0.0647,28,385,28,149131,456479,7740,100216,4.228380080773649,0.18001957984174458
627,0.0648,23,356,23,149487,456123,7763,100193,4.22508244099448,0.18010087791830542
628,0.0649,32,369,32,149856,455754,7795,100161,4.221664381785172,0.18017322792153476
629,0.065,27,352,27,150208,455402,7822,100134,4.218403794138353,0.1802475447135739
630,0.0651,33,329,33,150537,455073,7855,100101,4.215356256252547,0.18030563390936896
631,0.0652,28,361,28,150898,454712,7883,100073,4.21201230130794,0.1803815892643096
632,0.0653,36,355,36,151253,454357,7919,100037,4.208723924561858,0.18044387204767728
633,0.0654,29,388,29,151641,453969,7948,100008,4.205129867723888,0.18052735041346482
634,0.0655,39,360,39,152001,453609,7987,99969,4.201795175812368,0.18058701754766265
635,0.0656,36,393,36,152394,453216,8023,99933,4.19815480380896,0.18066199161527907
636,0.0657,31,356,31,152750,452860,8054,99902,4.19485716402979,0.18073239477388098
637,0.0658,28,391,28,153141,452469,8082,99874,4.191235318092557,0.18081880280912405
638,0.0659,24,338,24,153479,452131,8106,99850,4.188104412908963,0.18089390758015222
639,0.066,32,354,32,153833,451777,8138,99818,4.1848252991959685,0.1809624815308333
640,0.0661,23,357,23,154190,451420,8161,99795,4.181518396383712,0.1810455085583665
641,0.0662,20,314,20,154504,451106,8181,99775,4.178609803994219,0.18111897124787385
642,0.0663,25,373,25,154877,450733,8206,99750,4.175154692652562,0.18120450586121642
643,0.0664,33,356,33,155233,450377,8239,99717,4.171857052873393,0.18127265521892622
644,0.0665,25,352,25,155585,450025,8264,99692,4.168596465226574,0.1813514954058179
645,0.0666,24,356,24,155941,449669,8288,99668,4.165298825447405,0.18143325499647758
646,0.0667,34,354,34,156295,449315,8322,99634,4.16201971173441,0.18149955642509596
647,0.0668,36,354,36,156649,448961,8358,99598,4.158740598021416,0.18156296770265368
648,0.0669,32,359,32,157008,448602,8390,99566,4.155415169142985,0.18163409757592563
649,0.067,34,351,34,157359,448251,8424,99532,4.152163844529253,0.1816996876500366
650,0.0671,27,410,27,157769,447841,8451,99505,4.148366000963356,0.18179542738962193
651,0.0672,35,362,35,158131,447479,8486,99470,4.145012782985661,0.18186339128511067
652,0.0673,24,393,24,158524,447086,8510,99446,4.141372410982252,0.18195823849289702
653,0.0674,25,364,25,158888,446722,8535,99421,4.138000666938383,0.18204206590581587
654,0.0675,25,379,25,159267,446343,8560,99396,4.134489977398199,0.18213101867376164
655,0.0676,24,349,24,159616,445994,8584,99372,4.1312571788506425,0.18221157901299312
656,0.0677,37,393,37,160009,445601,8621,99335,4.127616806847234,0.1822874612798567
657,0.0678,27,348,27,160357,445253,8648,99308,4.124393271332766,0.18236340832340178
658,0.0679,29,356,29,160713,444897,8677,99279,4.121095631553596,0.18243913733792008
659,0.068,34,367,34,161080,444530,8711,99245,4.117696098410463,0.18251114891269368
660,0.0681,26,370,26,161450,444160,8737,99219,4.1142687761680685,0.18259630938994698
661,0.0682,34,363,34,161813,443797,8771,99185,4.110906295157286,0.18266719707098947
662,0.0683,36,389,36,162202,443408,8807,99149,4.107302975286228,0.18274393289552987
663,0.0684,33,347,33,162549,443061,8840,99116,4.104088702804846,0.1828111483888103
664,0.0685,29,357,29,162906,442704,8869,99087,4.10078179999259,0.18288786635436913
665,0.0686,36,345,36,163251,442359,8905,99051,4.097586053577383,0.18295007480467668
666,0.0687,33,374,33,163625,441985,8938,99018,4.0941216792026385,0.18302671149697877
667,0.0688,27,379,27,164004,441606,8965,98991,4.090610989662455,0.1831142237193325
668,0.0689,30,389,30,164393,441217,8995,98961,4.087007669791396,0.18320072272473148
669,0.069,43,377,43,164770,440840,9038,98918,4.083515506317388,0.18326361072925273
670,0.0691,30,326,30,165096,440514,9068,98888,4.080495757530846,0.18332894575845102
671,0.0692,22,376,22,165472,440138,9090,98866,4.077012857089925,0.18342349964007687
672,0.0693,34,348,34,165820,439790,9124,98832,4.073789321575457,0.18349046269925848
673,0.0694,28,329,28,166149,439461,9152,98804,4.070741783689652,0.18356014230908568
674,0.0695,24,374,24,166523,439087,9176,98780,4.067277409314906,0.18365134875350225
675,0.0696,40,382,40,166905,438705,9216,98740,4.06373893067546,0.1837211249523207
676,0.0697,24,421,24,167326,438284,9240,98716,4.0598391937456,0.18382867783985102
677,0.0698,29,404,29,167730,437880,9269,98687,4.056096928378228,0.1839229770000764
678,0.0699,29,361,29,168091,437519,9298,98658,4.052752973433621,0.18400267075984236
679,0.07,28,390,28,168481,437129,9326,98630,4.049140390529475,0.18409396762350236
680,0.0701,26,378,26,168859,436751,9352,98604,4.0456389640223795,0.18418432628816392
681,0.0702,28,324,28,169183,436427,9380,98576,4.042637741302012,0.1842531724121173
682,0.0703,40,373,40,169556,436054,9420,98536,4.039182629960354,0.18432069436390505
683,0.0704,27,369,27,169925,435685,9447,98509,4.035764570751047,0.18440678854498552
684,0.0705,20,340,20,170265,435345,9467,98489,4.032615139501278,0.1844936815564389
685,0.0706,38,382,38,170647,434963,9505,98451,4.029076660861833,0.18456770913399348
686,0.0707,26,369,26,171016,434594,9531,98425,4.025658601652525,0.18465570645699309
687,0.0708,41,380,41,171396,434214,9572,98384,4.022138649079254,0.1847246891651865
688,0.0709,41,392,41,171788,433822,9613,98343,4.018507540108933,0.1847979480048481
689,0.071,26,347,26,172135,433475,9639,98317,4.015293267627552,0.1848786743689262
690,0.0711,33,345,33,172480,433130,9672,98284,4.012097521212346,0.1849480819097728
691,0.0712,36,350,36,172830,432780,9708,98248,4.008855459631702,0.1850147261537998
692,0.0713,36,367,36,173197,432413,9744,98212,4.00545592648857,0.18508739693757362
693,0.0714,27,339,27,173536,432074,9771,98185,4.002315758271888,0.1851642310644421
694,0.0715,35,390,35,173926,431684,9806,98150,3.9987031753677424,0.18524669990978307
695,0.0716,36,387,36,174313,431297,9842,98114,3.995118381562859,0.1853267121385842
696,0.0717,21,368,21,174681,430929,9863,98093,3.991709585386639,0.18542329052477968
697,0.0718,41,383,41,175064,430546,9904,98052,3.9881618437141055,0.18549445892719987
698,0.0719,27,384,27,175448,430162,9931,98025,3.984604839008485,0.1855876801208663
699,0.072,29,355,29,175803,429807,9960,97996,3.981316462262403,0.18566775861448306
700,0.0721,28,368,28,176171,429439,9988,97968,3.977907666086183,0.18575407607407562
701,0.0722,46,347,46,176518,429092,10034,97922,3.974693393604802,0.18580531067485873
702,0.0723,30,386,30,176904,428706,10064,97892,3.971117862833006,0.18589512303502861
703,0.0724,30,378,30,177282,428328,10094,97862,3.9676164363259105,0.1859822497576921
704,0.0725,27,345,27,177627,427983,10121,97835,3.964420689910704,0.18606247789158986
705,0.0726,26,366,26,177993,427617,10147,97809,3.9610304198006596,0.1861518082470224
706,0.0727,36,348,36,178341,427269,10183,97773,3.9578068842861907,0.18621938816323266
707,0.0728,31,339,31,178680,426930,10214,97742,3.95466671606951,0.186291626006343
708,0.0729,25,404,25,179084,426526,10239,97717,3.950924450702138,0.1863963848825831
709,0.073,34,365,34,179449,426161,10273,97683,3.9475434436251806,0.1864734539290323
710,0.0731,28,368,28,179817,425793,10301,97655,3.9441346474489607,0.1865610337607556
711,0.0732,41,367,41,180184,425426,10342,97614,3.9407351143058285,0.18662817375344143
712,0.0733,27,339,27,180523,425087,10369,97587,3.9375949460891473,0.18670720181221948
713,0.0734,32,377,32,180900,424710,10401,97555,3.9341027826151396,0.18679214574976305
714,0.0735,31,339,31,181239,424371,10432,97524,3.930962614398459,0.18686517402925876
715,0.0736,27,350,27,181589,424021,10459,97497,3.9277205528178145,0.186948484999559
716,0.0737,29,384,29,181973,423637,10488,97468,3.924163548112194,0.18704099941470528
717,0.0738,42,357,42,182330,423280,10530,97426,3.920856645299937,0.18710366310355556
718,0.0739,31,359,31,182689,422921,10561,97395,3.917531216421505,0.18718432644777405
719,0.074,36,375,36,183064,422546,10597,97359,3.9140575790136722,0.18726305767399815
720,0.0741,32,373,32,183437,422173,10629,97327,3.9106024676720144,0.18734744947064486
721,0.0742,40,370,40,183807,421803,10669,97287,3.9071751454296195,0.18741836675720974
722,0.0743,39,359,39,184166,421444,10708,97248,3.9038497165511874,0.1874869864968035
723,0.0744,35,397,35,184563,421047,10743,97213,3.9001722924154283,0.18757573418747348
724,0.0745,30,331,30,184894,420716,10773,97183,3.897106228463448,0.1876485569580169
725,0.0746,35,348,35,185242,420368,10808,97148,3.893882692948979,0.18771979996753724
726,0.0747,25,359,25,185601,420009,10833,97123,3.8905572640705475,0.1878108490675495
727,0.0748,37,388,37,185989,419621,10870,97086,3.886963207232576,0.18789371926449613
728,0.0749,28,360,28,186349,419261,10898,97058,3.883628515321057,0.18798068635862714
729,0.075,28,408,28,186757,418853,10926,97030,3.8798491978213345,0.18808528290329396
730,0.0751,38,324,38,187081,418529,10964,96992,3.8768479751009672,0.1881436449727557
731,0.0752,33,347,33,187428,418182,10997,96959,3.873633702619586,0.18821837128087263
732,0.0753,39,368,39,187796,417814,11036,96920,3.870224906443366,0.18829142819397982
733,0.0754,35,377,35,188173,417437,11071,96885,3.866732742969358,0.18837420915302086
734,0.0755,30,368,30,188541,417069,11101,96855,3.863323946793138,0.1884617180750461
735,0.0756,31,373,31,188914,416696,11132,96824,3.85986883545148,0.18854961832061068
736,0.0757,39,389,39,189303,416307,11171,96785,3.8562655155804215,0.18863088880746534
737,0.0758,36,377,36,189680,415930,11207,96749,3.852773352106414,0.18871262524893745
738,0.0759,26,350,26,190030,415580,11233,96723,3.84953129052577,0.18880037790135915
739,0.076,40,381,40,190411,415199,11273,96683,3.8460020749194115,0.18887751473972517
740,0.0761,30,359,30,190770,414840,11303,96653,3.84267664604098,0.18896250779580562
741,0.0762,37,348,37,191118,414492,11340,96616,3.839453110526511,0.18903245498016075
742,0.0763,28,376,28,191494,414116,11368,96588,3.8359702100855904,0.18912716563802123
743,0.0764,39,371,39,191865,413745,11407,96549,3.832533624810108,0.18920269491704783
744,0.0765,32,386,32,192251,413359,11439,96517,3.828958094038312,0.18929504428527721
745,0.0766,36,386,36,192637,412973,11475,96481,3.825382563266516,0.1893811806365246
746,0.0767,30,413,30,193050,412560,11505,96451,3.821556930601356,0.18948706413024474
747,0.0768,38,405,38,193455,412155,11543,96413,3.8178054022008965,0.18957740164540435
748,0.0769,37,372,37,193827,411783,11580,96376,3.8143595538923263,0.18965717423090017
749,0.077,29,364,29,194191,411419,11609,96347,3.8109878098484566,0.18974685189634596
750,0.0771,32,398,32,194589,411021,11641,96315,3.8073011226796103,0.18984460002838355
751,0.0772,31,346,31,194935,410675,11672,96284,3.8040961132313162,0.1899246290133916
752,0.0773,23,407,23,195342,410268,11695,96261,3.800326058764682,0.1900404517806483
753,0.0774,30,336,30,195678,409932,11725,96231,3.7972136796472635,0.19011859815909105
754,0.0775,42,364,42,196042,409568,11767,96189,3.793841935603394,0.19018817337179714
755,0.0776,39,331,39,196373,409237,11806,96150,3.7907758716514137,0.1902502438725175
756,0.0777,36,383,36,196756,408854,11842,96114,3.7872281299788804,0.19033681342184058
757,0.0778,20,344,20,197100,408510,11862,96094,3.7840416465967617,0.19043447931447233
758,0.0779,29,367,29,197467,408143,11891,96065,3.7806421134536294,0.1905265287341732
759,0.078,32,356,32,197823,407787,11923,96033,3.77734447367446,0.1906097415743718
760,0.0781,34,337,34,198160,407450,11957,95999,3.774222831523954,0.19068267093588426
761,0.0782,34,380,34,198540,407070,11991,95965,3.770702878950684,0.19077201387577405
762,0.0783,37,338,37,198878,406732,12028,95928,3.7675719737670903,0.1908407273306012
763,0.0784,19,345,19,199223,406387,12047,95909,3.764376227351884,0.19094119801869813
764,0.0785,29,417,29,199640,405970,12076,95880,3.760513542554374,0.19105310351698715
765,0.0786,24,358,24,199998,405612,12100,95856,3.7571973767090294,0.19115078130608534
766,0.0787,32,365,32,200363,405247,12132,95824,3.7538163696320725,0.1912383674169928
767,0.0788,41,370,41,200733,404877,12173,95783,3.7503890473896773,0.19131346622458356
768,0.0789,26,359,26,201092,404518,12199,95757,3.747063618511245,0.19140872520113938
769,0.079,32,346,32,201438,404172,12231,95725,3.7438586090629515,0.19148944682604616
770,0.0791,33,372,33,201810,403800,12264,95692,3.7404127607543813,0.19157864390220464
771,0.0792,24,351,24,202161,403449,12288,95668,3.7371614361406498,0.19167449716198806
772,0.0793,43,379,43,202540,403070,12331,95625,3.7336507466004667,0.19175046872336798
773,0.0794,34,394,34,202934,402676,12365,95591,3.7300011115639706,0.19184694149923634
774,0.0795,36,368,36,203302,402308,12401,95555,3.7265923153877507,0.19193031014556214
775,0.0796,32,377,32,203679,401931,12433,95523,3.7231001519137426,0.19202378511379947
776,0.0797,30,383,30,204062,401548,12463,95493,3.719552410241209,0.1921229838182363
777,0.0798,35,318,35,204380,401230,12498,95458,3.716606765719367,0.19218906033566344
778,0.0799,31,366,31,204746,400864,12529,95427,3.713216495609322,0.19228033552895377
779,0.08,35,370,35,205116,400494,12564,95392,3.7097891733669273,0.19236679398087464
780,0.0801,33,362,33,205478,400132,12597,95359,3.7064359553892325,0.19245354607853624
781,0.0802,40,371,40,205849,399761,12637,95319,3.70299937011375,0.1925325199967682
782,0.0803,43,404,43,206253,399357,12680,95276,3.699257104746378,0.1926195785562225
783,0.0804,37,353,37,206606,399004,12717,95239,3.6959872540664716,0.1926967099179958
784,0.0805,29,365,29,206971,398639,12746,95210,3.6926062469895142,0.19279172378601556
785,0.0806,34,385,34,207356,398254,12780,95176,3.689039979250806,0.19288652899094097
786,0.0807,31,378,31,207734,397876,12811,95145,3.6855385527437106,0.19298366601016995
787,0.0808,33,363,33,208097,397513,12844,95112,3.682176071732928,0.19307180918548592
788,0.0809,32,345,32,208442,397168,12876,95080,3.6789803253177222,0.19315467000373795
789,0.081,54,372,54,208814,396796,12930,95026,3.675534477009152,0.19321217838974264
790,0.0811,45,355,45,209169,396441,12975,94981,3.67224610026307,0.1932778752274013
791,0.0812,33,357,33,209526,396084,13008,94948,3.6689391974508134,0.19336417993124685
792,0.0813,43,361,43,209887,395723,13051,94905,3.6655952425062064,0.19343575988325168
793,0.0814,32,336,32,210223,395387,13083,94873,3.662482863388788,0.1935156855546037
794,0.0815,34,370,34,210593,395017,13117,94839,3.659055541146393,0.19360587601254245
795,0.0816,30,362,30,210955,394655,13147,94809,3.6557023231686983,0.19369963878855237
796,0.0817,35,348,35,211303,394307,13182,94774,3.6524787876542293,0.1937797624524363
797,0.0818,35,357,35,211660,393950,13217,94739,3.6491718848419725,0.1938635819508931
798,0.0819,31,375,31,212035,393575,13248,94708,3.6456982474341397,0.19396128884274078
799,0.082,39,374,39,212409,393201,13287,94669,3.6422338730593946,0.1940455449197532
800,0.0821,37,377,37,212786,392824,13324,94632,3.6387417095853865,0.19413444495503185
801,0.0822,38,391,38,213177,392433,13362,94594,3.635119863648153,0.19422742476289814
802,0.0823,41,346,41,213523,392087,13403,94553,3.6319148541998594,0.19429763274699985
803,0.0824,38,345,38,213868,391742,13441,94515,3.628719107784653,0.19437252317190293
804,0.0825,32,389,32,214257,391353,13473,94483,3.6251157879135945,0.19447509035970986
805,0.0826,30,339,30,214596,391014,13503,94453,3.6219756196969137,0.1945611133197519
806,0.0827,33,390,33,214986,390624,13536,94420,3.6183630367927675,0.19466275224515714
807,0.0828,30,385,30,215371,390239,13566,94390,3.6147967690540592,0.19476754383249867
808,0.0829,44,356,44,215727,389883,13610,94346,3.6114991292748897,0.19483756652327722
809,0.083,24,379,24,216106,389504,13634,94322,3.6079884397347066,0.19495025070996597
810,0.0831,38,337,38,216443,389167,13672,94284,3.604866797584201,0.19502286684689865
811,0.0832,39,322,39,216765,388845,13711,94245,3.6018841009300084,0.19508787182512574
812,0.0833,32,357,32,217122,388488,13743,94213,3.5985771981177517,0.19517879598343488
813,0.0834,29,342,29,217464,388146,13772,94184,3.5954092408018083,0.19526879936972613
814,0.0835,34,385,34,217849,387761,13806,94150,3.5918429730630996,0.1953680243862456
815,0.0836,28,340,28,218189,387421,13834,94122,3.5886935418133312,0.19545918017705585
816,0.0837,31,384,31,218573,387037,13865,94091,3.5851365371077106,0.19556334281106066
817,0.0838,31,357,31,218930,386680,13896,94060,3.581829634295454,0.19565669592711238
818,0.0839,41,369,41,219299,386311,13937,94019,3.5784115750861463,0.19573834655341119
819,0.084,32,359,32,219658,385952,13969,93987,3.575086146207714,0.19583113687364437
820,0.0841,39,335,39,219993,385617,14008,93948,3.5719830301233837,0.19590253667386068
821,0.0842,29,328,29,220321,385289,14037,93919,3.5689447552706657,0.19598796347306388
822,0.0843,38,322,38,220643,384967,14075,93881,3.5659620586164733,0.19605595094894412
823,0.0844,34,358,34,221001,384609,14109,93847,3.562645892771129,0.19614551808316752
824,0.0845,35,298,35,221299,384311,14144,93812,3.5598855089110377,0.1962089253183804
825,0.0846,34,350,34,221649,383961,14178,93778,3.556643447330394,0.19629546677160542
826,0.0847,35,361,35,222010,383600,14213,93743,3.553299492385787,0.19638498941013066
827,0.0848,35,344,35,222354,383256,14248,93708,3.550113009003668,0.19646765793644802
828,0.0849,29,350,29,222704,382906,14277,93679,3.5468709474230242,0.1965630475151337
829,0.085,37,339,37,223043,382567,14314,93642,3.5437307792063435,0.19664055068257844
830,0.0851,37,337,37,223380,382230,14351,93605,3.5406091370558377,0.1967173495014028
831,0.0852,38,369,38,223749,381861,14389,93567,3.53719107784653,0.196805825487771
832,0.0853,28,348,28,224097,381513,14417,93539,3.533967542332061,0.19690265486725664
833,0.0854,34,383,34,224480,381130,14451,93505,3.5304198006595278,0.19700401361045855
834,0.0855,36,364,36,224844,380766,14487,93469,3.527048056615658,0.19709426760994023
835,0.0856,44,341,44,225185,380425,14531,93425,3.523889362332802,0.19716154901340086
836,0.0857,39,371,39,225556,380054,14570,93386,3.5204527770573195,0.1972499155119973
837,0.0858,52,349,52,225905,379705,14622,93334,3.5172199785097633,0.19730719877219427
838,0.0859,42,355,42,226260,379350,14664,93292,3.5139316017636815,0.19738406658739596
839,0.086,26,373,26,226633,378977,14690,93266,3.5104764904220236,0.19749578077388125
840,0.0861,39,346,39,226979,378631,14729,93227,3.50727148097373,0.19757427022536442
841,0.0862,29,362,29,227341,378269,14758,93198,3.5039182629960353,0.19767661363361594
842,0.0863,36,343,36,227684,377926,14794,93162,3.5007410426470043,0.19775922969806067
843,0.0864,34,347,34,228031,377579,14828,93128,3.497526770165623,0.19784706834612614
844,0.0865,37,373,37,228404,377206,14865,93091,3.4940716588239655,0.19794087565942373
845,0.0866,26,369,26,228773,376837,14891,93065,3.490653599614658,0.19805193423309542
846,0.0867,41,377,41,229150,376460,14932,93024,3.4871614361406498,0.1981409377103373
847,0.0868,35,366,35,229516,376094,14967,92989,3.483771166030605,0.19823570668730267
848,0.0869,48,356,48,229872,375738,15015,92941,3.4804735262514357,0.19830416980491977
849,0.087,40,369,40,230241,375369,15055,92901,3.477055467042128,0.19839195336024087
850,0.0871,30,305,30,230546,375064,15085,92871,3.474230241950424,0.19846987295243998
851,0.0872,22,364,22,230910,374700,15107,92849,3.4708584979065544,0.19858667219906362
852,0.0873,41,387,41,231297,374313,15148,92808,3.4672737041016712,0.19868085570976257
853,0.0874,33,342,33,231639,373971,15181,92775,3.4641057467857275,0.19876978056587524
854,0.0875,34,342,34,231981,373629,15215,92741,3.460937789469784,0.1988571306044557
855,0.0876,23,317,23,232298,373312,15238,92718,3.4580014079810293,0.1989528571122031
856,0.0877,42,314,42,232612,372998,15280,92676,3.4550928155915375,0.19901476139960572
857,0.0878,35,341,35,232953,372657,15315,92641,3.4519341213086814,0.19910036148876634
858,0.0879,33,350,33,233303,372307,15348,92608,3.4486920597280375,0.19919340094425864
859,0.088,40,397,40,233700,371910,15388,92568,3.4450146355922784,0.19929469210597703
860,0.0881,36,382,36,234082,371528,15424,92532,3.4414761569528327,0.19939662974615352
861,0.0882,46,387,46,234469,371141,15470,92486,3.437891363147949,0.1994836366303084
862,0.0883,32,326,32,234795,370815,15502,92454,3.4348716143614064,0.19956871709525134
863,0.0884,37,318,37,235113,370497,15539,92417,3.4319259698395643,0.19964183412037656
864,0.0885,45,355,45,235468,370142,15584,92372,3.4286375930934825,0.19971719774968974
865,0.0886,41,317,41,235785,369825,15625,92331,3.425701211604728,0.19978319009165738
866,0.0887,33,326,33,236111,369499,15658,92298,3.422681462818185,0.19986704114578482
867,0.0888,33,339,33,236450,369160,15691,92265,3.4195412946015042,0.19995665601126944
868,0.0889,27,374,27,236824,368786,15718,92238,3.416076920226759,0.2000720136044978
869,0.089,40,361,40,237185,368425,15758,92198,3.412732965282152,0.20015934940287394
870,0.0891,36,366,36,237551,368059,15794,92162,3.409342695172107,0.20025596398252143
871,0.0892,36,355,36,237906,367704,15830,92126,3.4060543184260252,0.20034795467890307
872,0.0893,33,345,33,238251,367359,15863,92093,3.4028585720108193,0.20044096010029339
873,0.0894,31,355,31,238606,367004,15894,92062,3.3995701952647375,0.20054196999995644
874,0.0895,38,296,38,238902,366708,15932,92024,3.3968283374708212,0.20060514635996618
875,0.0896,34,317,34,239219,366391,15966,91990,3.393891955982067,0.20068458334878628
876,0.0897,40,372,40,239591,366019,16006,91950,3.3904461076734966,0.2007777819022685
877,0.0898,41,368,41,239959,365651,16047,91909,3.3870373114972767,0.20086764577323193
878,0.0899,32,308,32,240267,365343,16079,91877,3.38418429730631,0.20094702768907746
879,0.09,36,326,36,240593,365017,16115,91841,3.3811645485197674,0.2010274527314833
880,0.0901,42,348,42,240941,364669,16157,91799,3.3779410130052985,0.2011071969995706
881,0.0902,44,346,44,241287,364323,16201,91755,3.374736003557005,0.20118269243418888
882,0.0903,38,348,38,241635,363975,16239,91717,3.371512468042536,0.20126971726517034
883,0.0904,31,307,31,241942,363668,16270,91686,3.3686687168846565,0.20135103677578323
884,0.0905,33,328,33,242270,363340,16303,91653,3.365630442031939,0.20143826388537844
885,0.0906,32,323,32,242593,363017,16335,91621,3.362638482344659,0.2015251694754948
886,0.0907,39,339,39,242932,362678,16374,91582,3.359498314127978,0.2016070092017787
887,0.0908,42,358,42,243290,362320,16416,91540,3.3561821482826337,0.2016921517648614
888,0.0909,26,305,26,243595,362015,16442,91514,3.3533569231909297,0.201782024964225
889,0.091,43,345,43,243940,361670,16485,91471,3.3501611767757233,0.20185990673984477
890,0.0911,40,332,40,244272,361338,16525,91431,3.3470858497906555,0.2019374117927685
891,0.0912,37,351,37,244623,360987,16562,91394,3.343834525176924,0.20202882083907148
892,0.0913,37,323,37,244946,360664,16599,91357,3.340842565489644,0.20210786666991135
893,0.0914,38,367,38,245313,360297,16637,91319,3.3374430323465116,0.20220497059448736
894,0.0915,47,297,47,245610,360000,16684,91272,3.334691911519508,0.20225495931500292
895,0.0916,30,311,30,245921,359689,16714,91242,3.3318111082292785,0.20234137817093967
896,0.0917,35,361,35,246282,359328,16749,91207,3.3284671532846715,0.20244154172261866
897,0.0918,38,299,38,246581,359029,16787,91169,3.3256975063914926,0.20250867396123484
898,0.0919,49,343,49,246924,358686,16836,91120,3.3225202860424616,0.20257622174893175
899,0.092,35,332,35,247256,358354,16871,91085,3.319444959057394,0.20266376527181665
900,0.0921,35,318,35,247574,358036,16906,91050,3.3164993145355517,0.20274513122208218
901,0.0922,41,338,41,247912,357698,16947,91009,3.313368409351958,0.20282500607300533
902,0.0923,35,346,35,248258,357352,16982,90974,3.3101633999036646,0.2029193042562778
903,0.0924,35,322,35,248580,357030,17017,90939,3.307180703249472,0.20300288636044012
904,0.0925,36,335,36,248915,356695,17053,90903,3.3040775871651413,0.2030907197976756
905,0.0926,36,339,36,249254,356356,17089,90867,3.3009374189484606,0.2031805162077979
906,0.0927,34,341,34,249595,356015,17123,90833,3.2977787246656045,0.20327493912918934
907,0.0928,34,339,34,249934,355676,17157,90799,3.294638556448924,0.20336860966459488
908,0.0929,45,312,45,250246,355364,17202,90754,3.291748490125607,0.2034304825180782
909,0.093,44,335,44,250581,355029,17246,90710,3.288645374041276,0.20350474156400944
910,0.0931,33,324,33,250905,354705,17279,90677,3.2856441513209087,0.20359376894441175
911,0.0932,30,333,30,251238,354372,17309,90647,3.282559561302753,0.20369242661549283
912,0.0933,34,326,34,251564,354046,17343,90613,3.2795398125162105,0.20378087478269866
913,0.0934,32,328,32,251892,353718,17375,90581,3.2765015376634925,0.20387396775594813
914,0.0935,44,368,44,252260,353350,17419,90537,3.2730927414872726,0.20396407193722726
915,0.0936,32,333,32,252593,353017,17451,90505,3.270008151469117,0.20405977606522338
916,0.0937,29,348,29,252941,352669,17480,90476,3.266784615954648,0.20416793600288843
917,0.0938,33,320,33,253261,352349,17513,90443,3.2638204453666306,0.20425617445662975
918,0.0939,31,360,31,253621,351989,17544,90412,3.2604857534551113,0.20436662665771552
919,0.094,41,332,41,253953,351657,17585,90371,3.2574104264700434,0.20444632466721566
920,0.0941,35,312,35,254265,351345,17620,90336,3.2545203601467265,0.20452770211985574
921,0.0942,42,319,42,254584,351026,17662,90294,3.2515654525917967,0.20459983685307714
922,0.0943,35,373,35,254957,350653,17697,90259,3.248110341250139,0.20470978335813042
923,0.0944,29,397,29,255354,350256,17726,90230,3.2444329171143798,0.20484192460146292
924,0.0945,29,357,29,255711,349899,17755,90201,3.241126014302123,0.20495569188820723
925,0.0946,37,331,37,256042,349568,17792,90164,3.238059950350143,0.20504307168911973
926,0.0947,34,364,34,256406,349204,17826,90130,3.2346882063062727,0.20515143376110204
927,0.0948,41,356,41,256762,348848,17867,90089,3.2313905665271037,0.20524357709648539
928,0.0949,29,346,29,257108,348502,17896,90060,3.22818555707881,0.2053529489559059
929,0.095,32,335,32,257443,348167,17928,90028,3.225082440994479,0.2054519106790356
930,0.0951,56,334,56,257777,347833,17984,89972,3.221988587943236,0.20550701796461895
931,0.0952,38,363,38,258140,347470,18022,89934,3.218626106932454,0.2056085449607228
932,0.0953,39,325,39,258465,347145,18061,89895,3.215615621178999,0.20569055464030753
933,0.0954,32,365,32,258830,346780,18093,89863,3.2122346141020417,0.2058042840489828
934,0.0955,45,346,45,259176,346434,18138,89818,3.2090296046537476,0.205885589063202
935,0.0956,35,311,35,259487,346123,18173,89783,3.2061488013635184,0.2059687180263635
936,0.0957,41,366,41,259853,345757,18214,89742,3.2027585312534734,0.20606706329980093
937,0.0958,39,335,39,260188,345422,18253,89703,3.199655415169143,0.2061545532892847
938,0.0959,34,351,34,260539,345071,18287,89669,3.1964040905554114,0.2062589133735106
939,0.096,37,366,37,260905,344705,18324,89632,3.1930138204453664,0.2063651035946742
940,0.0961,35,384,35,261289,344321,18359,89597,3.189456815739746,0.20648371351269135
941,0.0962,43,324,43,261613,343997,18402,89554,3.186455593019378,0.206559320587428
942,0.0963,33,289,33,261902,343708,18435,89521,3.183778576457075,0.20663667483017065
943,0.0964,46,364,46,262266,343344,18481,89475,3.1804068324132055,0.20672613725367878
944,0.0965,31,323,31,262589,343021,18512,89444,3.1774148727259255,0.2068236735920826
945,0.0966,32,347,32,262936,342674,18544,89412,3.174200600244544,0.20693102761950166
946,0.0967,45,341,45,263277,342333,18589,89367,3.171041905961688,0.20701181375955524
947,0.0968,33,327,33,263604,342006,18622,89334,3.168012894142058,0.2071080817916261
948,0.0969,36,343,36,263947,341663,18658,89298,3.1648356737930268,0.20720668459558986
949,0.097,48,351,48,264298,341312,18706,89250,3.161584349179295,0.2072872199590303
950,0.0971,41,362,41,264660,340950,18747,89209,3.1582311312016005,0.20738610606775634
951,0.0972,36,354,36,265014,340596,18783,89173,3.1549520174886063,0.20749053561331784
952,0.0973,47,337,47,265351,340259,18830,89126,3.1518303753381005,0.20756663600265496
953,0.0974,40,373,40,265724,339886,18870,89086,3.148375263996443,0.20767322808947902
954,0.0975,36,346,36,266070,339540,18906,89050,3.145170254548149,0.20777432977904292
955,0.0976,45,283,45,266353,339257,18951,89005,3.1425488161843713,0.20782838542761206
956,0.0977,34,334,34,266687,338923,18985,88971,3.139454963133128,0.20792766432808124
957,0.0978,44,333,44,267020,338590,19029,88927,3.1363703731149726,0.20800810260176789
958,0.0979,45,321,45,267341,338269,19074,88882,3.133396939493868,0.20808098307156017
959,0.098,41,342,41,267683,337927,19115,88841,3.1302289821779246,0.2081716529824167
960,0.0981,41,345,41,268028,337582,19156,88800,3.127033235762718,0.20826395110487778
961,0.0982,41,356,41,268384,337226,19197,88759,3.1237355959835487,0.20836179677688182
962,0.0983,35,343,35,268727,336883,19232,88724,3.1205583756345177,0.20846461641843297
963,0.0984,31,312,31,269039,336571,19263,88693,3.1176683093112008,0.20855985928740736
964,0.0985,37,347,37,269386,336224,19300,88656,3.1144540368298195,0.20866126906420637
965,0.0986,27,313,27,269699,335911,19327,88629,3.111554707473415,0.2087647807038206
966,0.0987,32,345,32,270044,335566,19359,88597,3.108358961058209,0.20887489007763524
967,0.0988,44,323,44,270367,335243,19403,88553,3.105367001370929,0.20895194857903332
968,0.0989,37,327,37,270694,334916,19440,88516,3.1023379895512986,0.20904419127510437
969,0.099,46,327,46,271021,334589,19486,88470,3.0993089777316682,0.20911976816472408
970,0.0991,27,323,27,271344,334266,19513,88443,3.0963170180443886,0.20922904409416407
971,0.0992,35,298,35,271642,333968,19548,88408,3.0935566341842975,0.20931113510237323
972,0.0993,43,325,43,271967,333643,19591,88365,3.090546148430842,0.20939176508502208
973,0.0994,36,349,36,272316,333294,19627,88329,3.087313349883286,0.20949758433482044
974,0.0995,43,326,43,272642,332968,19670,88286,3.084293601096743,0.20957901883424251
975,0.0996,43,325,43,272967,332643,19713,88243,3.081283115343288,0.20966009798377708
976,0.0997,42,324,42,273291,332319,19755,88201,3.0782818926229205,0.20974269951488633
977,0.0998,35,303,35,273594,332016,19790,88166,3.0754751935973914,0.2098281220994712
978,0.0999,39,322,39,273916,331694,19829,88127,3.072492496943199,0.209915654528954
979,0.1,30,315,30,274231,331379,19859,88097,3.0695746415206195,0.21001678284335695
980,0.1001,40,318,40,274549,331061,19899,88057,3.0666289969987774,0.21010073535376672
981,0.1002,45,335,45,274884,330726,19944,88012,3.0635258809144466,0.2101839336291428
982,0.1003,40,345,40,275229,330381,19984,87972,3.0603301344992406,0.2102817477106654
983,0.1004,38,329,38,275558,330052,20022,87934,3.057282596613435,0.21037546712090835
984,0.1005,36,325,36,275883,329727,20058,87898,3.05427211085998,0.21047111643220592
985,0.1006,43,285,43,276168,329442,20101,87855,3.051632146430027,0.21053350491376646
986,0.1007,39,345,39,276513,329097,20140,87816,3.048436400014821,0.21063387325413216
987,0.1008,35,333,35,276846,328764,20175,87781,3.0453518099966654,0.21073593489298875
988,0.1009,40,346,40,277192,328418,20215,87741,3.0421468005483714,0.2108352817072321
989,0.101,42,353,42,277545,328065,20257,87699,3.038876949868465,0.2109345686495223
990,0.1011,39,296,39,277841,327769,20296,87660,3.0361350920745487,0.2110107864400415
991,0.1012,33,338,33,278179,327431,20329,87627,3.0330041868909556,0.2111198916777896
992,0.1013,32,318,32,278497,327113,20361,87595,3.0300585423691135,0.21122090724075734
993,0.1014,30,310,30,278807,326803,20391,87565,3.0271870021119716,0.21132182021777743
994,0.1015,37,298,37,279105,326505,20428,87528,3.0244266182518804,0.21140343885632304
995,0.1016,51,324,51,279429,326181,20479,87477,3.0214253955315127,0.2114717955412442
996,0.1017,46,332,46,279761,325849,20525,87431,3.018350068546445,0.21155391018195896
997,0.1018,30,296,30,280057,325553,20555,87401,3.0156082107525286,0.211648270751706
998,0.1019,32,308,32,280365,325245,20587,87369,3.012755196561562,0.21174511771292298
999,0.102,37,334,37,280699,324911,20624,87332,3.009661343510319,0.21184592582530207
1000,0.1021,40,298,40,280997,324613,20664,87292,3.006900959650228,0.21192265206783117
1001,0.1022,46,319,46,281316,324294,20710,87246,3.0039460520952983,0.21199883364922
1002,0.1023,42,314,42,281630,323980,20752,87204,3.001037459705806,0.21208023658508113
1003,0.1024,41,326,41,281956,323654,20793,87163,2.9980177109192634,0.21216989559828342
1004,0.1025,37,336,37,282292,323318,20830,87126,2.9949053318018453,0.21227256337039888
1005,0.1026,55,313,55,282605,323005,20885,87071,2.9920060024454407,0.21232893414879192
1006,0.1027,42,309,42,282914,322696,20927,87029,2.9891437252213864,0.21240832265543963
1007,0.1028,43,323,43,283237,322373,20970,86986,2.9861517655341063,0.21249319057355523
1008,0.1029,44,324,44,283561,322049,21014,86942,2.983150542813739,0.21257680486856678
1009,0.103,38,315,38,283876,321734,21052,86904,2.9802326873911595,0.212667446492984
1010,0.1031,34,294,34,284170,321440,21086,86870,2.9775093556634182,0.21275501457226126
1011,0.1032,43,298,43,284468,321142,21129,86827,2.974748971803327,0.21282744522255367
1012,0.1033,42,326,42,284794,320816,21171,86785,2.9717292230167844,0.2129165531978577
1013,0.1034,39,321,39,285115,320495,21210,86746,2.9687557893956797,0.21300900449610918
1014,0.1035,30,324,30,285439,320171,21240,86716,2.965754566675312,0.21312059613602793
1015,0.1036,34,307,34,285746,319864,21274,86682,2.962910815517433,0.21321572466584346
1016,0.1037,30,349,30,286095,319515,21304,86652,2.9596780169698764,0.213340817939419
1017,0.1038,41,342,41,286437,319173,21345,86611,2.956510059653933,0.21344114109969836
1018,0.1039,49,315,49,286752,318858,21394,86562,2.9535922042313536,0.21351191357111143
1019,0.104,28,318,28,287070,318540,21422,86534,2.950646559709511,0.213625164784706
1020,0.1041,40,314,40,287384,318226,21462,86494,2.9477379673200192,0.21371318442379916
1021,0.1042,41,306,41,287690,317920,21503,86453,2.9449034791952275,0.21379518414928791
1022,0.1043,36,324,36,288014,317596,21539,86417,2.9419022564748603,0.21389658253571048
1023,0.1044,38,301,38,288315,317295,21577,86379,2.9391140835155065,0.21398207464439126
1024,0.1045,51,303,51,288618,316992,21628,86328,2.9363073844899774,0.2140434394525439
1025,0.1046,38,346,38,288964,316646,21666,86290,2.933102375041684,0.21415311612762325
1026,0.1047,45,305,45,289269,316341,21711,86245,2.93027714994998,0.21422751908908905
1027,0.1048,47,340,47,289609,316001,21758,86198,2.9271277187002114,0.21431679342812887
1028,0.1049,33,303,33,289912,315698,21791,86165,2.9243210196746823,0.21441386741252616
1029,0.105,55,316,55,290228,315382,21846,86110,2.921393901219015,0.21447500821934185
1030,0.1051,27,301,27,290529,315081,21873,86083,2.9186057282596614,0.2145830632858382
1031,0.1052,36,341,36,290870,314740,21909,86047,2.9154470339768053,0.21469508741551
1032,0.1053,52,278,52,291148,314462,21961,85995,2.912871910778465,0.2147421570855298
1033,0.1054,44,302,44,291450,314160,22005,85951,2.910074474786024,0.21481788803607
1034,0.1055,36,343,36,291793,313817,22041,85915,2.9068972544369927,0.2149315041077522
1035,0.1056,41,322,41,292115,313495,22082,85874,2.9039145577828003,0.21502420067656727
1036,0.1057,48,306,48,292421,313189,22130,85826,2.901080069658009,0.21509467062641754
1037,0.1058,32,318,32,292739,312871,22162,85794,2.8981344251361665,0.21520324081622416
1038,0.1059,45,328,45,293067,312543,22207,85749,2.895096150283449,0.21529179596878673
1039,0.106,41,319,41,293386,312224,22248,85708,2.892141242728519,0.2153835328649116
1040,0.1061,44,295,44,293681,311929,22292,85664,2.8894086479676906,0.21545650954619422
1041,0.1062,49,345,49,294026,311584,22341,85615,2.8862129015524842,0.21554686693571737
1042,0.1063,48,314,48,294340,311270,22389,85567,2.8833043091629924,0.21562253519707084
1043,0.1064,27,324,27,294664,310946,22416,85540,2.8803030864426247,0.21574532265956428
1044,0.1065,38,321,38,294985,310625,22454,85502,2.87732965282152,0.2158449184226271
1045,0.1066,43,311,43,295296,310314,22497,85459,2.8744488495312903,0.21592933322889638
1046,0.1067,34,308,34,295604,310006,22531,85425,2.8715958353403237,0.21603010386135635
1047,0.1068,28,299,28,295903,309707,22559,85397,2.8688261884471453,0.21613802948084554
1048,0.1069,46,320,46,296223,309387,22605,85351,2.865862017859128,0.21622189908242936
1049,0.107,46,313,46,296536,309074,22651,85305,2.8629626885027233,0.2163020850501675
1050,0.1071,46,347,46,296883,308727,22697,85259,2.859748416021342,0.21640109039407493
1051,0.1072,41,316,41,297199,308411,22738,85218,2.856821297565675,0.21649319536924364
1052,0.1073,29,311,29,297510,308100,22767,85189,2.8539404942754456,0.21660661752553464
1053,0.1074,45,273,45,297783,307827,22812,85144,2.8514116862425434,0.21666738766982804
1054,0.1075,43,296,43,298079,307531,22855,85101,2.848669828448627,0.21674494182848061
1055,0.1076,39,306,39,298385,307225,22894,85062,2.8458353403238354,0.21683614292597
1056,0.1077,43,296,43,298681,306929,22937,85019,2.8430934825299197,0.2169139783848878
1057,0.1078,43,305,43,298986,306624,22980,84976,2.8402682574382156,0.21699693564862105
1058,0.1079,40,273,40,299259,306351,23020,84936,2.8377394494053134,0.21706829002752456
1059,0.108,44,312,44,299571,306039,23064,84892,2.8348493830819965,0.21715341070419075
1060,0.1081,24,299,24,299870,305740,23088,84868,2.8320797361888177,0.2172715356572318
1061,0.1082,43,318,43,300188,305422,23131,84825,2.8291340916669756,0.2173623371864486
1062,0.1083,48,336,48,300524,305086,23179,84777,2.826021712549557,0.21745331052190128
1063,0.1084,49,334,49,300858,304752,23228,84728,2.8229278594983143,0.2175413371675054
1064,0.1085,36,340,36,301198,304412,23264,84692,2.819778428248546,0.21765903203256712
1065,0.1086,46,312,46,301510,304100,23310,84646,2.816888361925229,0.21774114717579088
1066,0.1087,24,283,24,301793,303817,23334,84622,2.814266923561451,0.21785145157926986
1067,0.1088,54,333,54,302126,303484,23388,84568,2.8111823335432953,0.21792955583272344
1068,0.1089,32,327,32,302453,303157,23420,84536,2.8081533217236654,0.2180488169763189
1069,0.109,44,311,44,302764,302846,23464,84492,2.8052725184334357,0.21813506549835027
1070,0.1091,40,296,40,303060,302550,23504,84452,2.80253066063952,0.2182210944646281
1071,0.1092,40,306,40,303366,302244,23544,84412,2.7996961725147282,0.21831291897707522
1072,0.1093,35,294,35,303660,301950,23579,84377,2.7969728407869874,0.21840823965190112
1073,0.1094,35,300,35,303960,301650,23614,84342,2.794193930860721,0.2185071193185351
1074,0.1095,39,345,39,304305,301305,23653,84303,2.790998184445515,0.21862357627435117
1075,0.1096,37,292,37,304597,301013,23690,84266,2.788293378783949,0.21871423046675267
1076,0.1097,32,319,32,304916,300694,23722,84234,2.7853384712290192,0.21883053454152465
1077,0.1098,45,321,45,305237,300373,23767,84189,2.7823650376079145,0.21892178634394455
1078,0.1099,42,340,42,305577,300033,23809,84147,2.779215606358146,0.21903014212088084
1079,0.11,43,285,43,305862,299748,23852,84104,2.776575641928193,0.2191052801600617
1080,0.1101,41,275,41,306137,299473,23893,84063,2.7740283078291155,0.2191789036752743
1081,0.1102,37,298,37,306435,299175,23930,84026,2.7712679239690243,0.21927395805334537
1082,0.1103,42,304,42,306739,298871,23972,83984,2.768451961910408,0.21936242180459964
1083,0.1104,38,285,38,307024,298586,24010,83946,2.765811997480455,0.21944830759256742
1084,0.1105,43,318,43,307342,298268,24053,83903,2.762866352958613,0.21954308411679588
1085,0.1106,34,292,34,307634,297976,24087,83869,2.760161547297047,0.21964147756288546
1086,0.1107,41,288,41,307922,297688,24128,83828,2.757493793767831,0.21972341920129168
1087,0.1108,44,310,44,308232,297378,24172,83784,2.7546222535106897,0.2198120484203567
1088,0.1109,45,288,45,308520,297090,24217,83739,2.751954499981474,0.21988609060759554
1089,0.111,33,282,33,308802,296808,24250,83706,2.7493423246507835,0.21998139358867216
1090,0.1111,42,325,42,309127,296483,24292,83664,2.7463318388973286,0.2200832835718814
1091,0.1112,37,299,37,309426,296184,24329,83627,2.7435621920041497,0.22018056349078885
1092,0.1113,41,320,41,309746,295864,24370,83586,2.7405980214161323,0.22028198708657268
1093,0.1114,28,278,28,310024,295586,24398,83558,2.7380228982177925,0.22038592197159917
1094,0.1115,43,307,43,310331,295279,24441,83515,2.735179147059913,0.22047603710724034
1095,0.1116,38,259,38,310590,295020,24479,83477,2.7327800214902367,0.2205486437144812
1096,0.1117,43,299,43,310889,294721,24522,83434,2.730010374597058,0.22063439594875117
1097,0.1118,42,311,42,311200,294410,24564,83392,2.7271295713068286,0.22072937676348986
1098,0.1119,35,297,35,311497,294113,24599,83357,2.724378450479825,0.2208307945002252
1099,0.112,41,286,41,311783,293827,24640,83316,2.7217292230167844,0.22091355268426036
1100,0.1121,48,318,48,312101,293509,24688,83268,2.7187835784949423,0.22100075110741899
1101,0.1122,45,282,45,312383,293227,24733,83223,2.7161714031642523,0.22107318368973303
1102,0.1123,45,297,45,312680,292930,24778,83178,2.7134202823372484,0.22115456198751424
1103,0.1124,41,308,41,312988,292622,24819,83137,2.710567268146282,0.22125085493627564
1104,0.1125,44,291,44,313279,292331,24863,83093,2.7078717255178035,0.2213310816570065
1105,0.1126,38,327,38,313606,292004,24901,83055,2.704842713698173,0.2214451592949376
1106,0.1127,45,313,45,313919,291691,24946,83010,2.701943384341769,0.2215366385464677
1107,0.1128,54,299,54,314218,291392,25000,82956,2.6991737374485902,0.22160129077756527
1108,0.1129,38,314,38,314532,291078,25038,82918,2.696265145059098,0.22170825356420926
1109,0.113,48,297,48,314829,290781,25086,82870,2.6935140242320945,0.22178449943931636
1110,0.1131,36,286,36,315115,290495,25122,82834,2.690864796769054,0.22187936109972706
1111,0.1132,37,290,37,315405,290205,25159,82797,2.688178517173663,0.22197468110090562
1112,0.1133,31,268,31,315673,289937,25190,82766,2.685696024306199,0.22206958355580717
1113,0.1134,42,305,42,315978,289632,25232,82724,2.682870799214495,0.22216373577973766
1114,0.1135,41,313,41,316291,289319,25273,82683,2.6799714698580903,0.2222649340594943
1115,0.1136,38,315,38,316606,289004,25311,82645,2.677053614435511,0.22237379893394035
1116,0.1137,32,281,32,316887,288723,25343,82613,2.674450702137908,0.22247506301570547
1117,0.1138,31,282,31,317169,288441,25374,82582,2.6718385268072176,0.22257919320365585
1118,0.1139,44,288,44,317457,288153,25418,82538,2.6691707732780023,0.2226598433735915
1119,0.114,53,295,53,317752,287858,25471,82485,2.666438178517174,0.22272595944840323
1120,0.1141,33,335,33,318087,287523,25504,82452,2.663335062432843,0.22285830123657005
1121,0.1142,39,282,39,318369,287241,25543,82413,2.660722887102153,0.22294632277751628
1122,0.1143,41,300,41,318669,286941,25584,82372,2.6579439771758864,0.2230411602082786
1123,0.1144,44,313,44,318982,286628,25628,82328,2.655044647819482,0.2231377183187155
1124,0.1145,36,311,36,319293,286317,25664,82292,2.6521638445292526,0.22325011055074617
1125,0.1146,36,304,36,319597,286013,25700,82256,2.6493478824706362,0.22335846894525468
1126,0.1147,33,306,33,319903,285707,25733,82223,2.6465133943458445,0.22347457396787432
1127,0.1148,41,290,41,320193,285417,25774,82182,2.643827114750454,0.223564264320632
1128,0.1149,53,276,53,320469,285141,25827,82129,2.641270517618289,0.22362022490266018
1129,0.115,42,289,42,320758,284852,25869,82087,2.638593501055986,0.22370748271511068
1130,0.1151,37,353,37,321111,284499,25906,82050,2.6353236503760793,0.22384456102731148
1131,0.1152,39,315,39,321426,284184,25945,82011,2.6324057949534994,0.22395445049768567
1132,0.1153,34,307,34,321733,283877,25979,81977,2.6295620437956204,0.2240702575344263
1133,0.1154,32,308,32,322041,283569,26011,81945,2.626709029604654,0.22419113905349727
1134,0.1155,38,302,38,322343,283267,26049,81907,2.6239115936122124,0.22429581514565658
1135,0.1156,38,306,38,322649,282961,26087,81869,2.6210771054874207,0.22440314667105227
1136,0.1157,35,298,35,322947,282663,26122,81834,2.6183167216273295,0.2245121359023531
1137,0.1158,35,310,35,323257,282353,26157,81799,2.615445181370188,0.2246287264658714
1138,0.1159,34,276,34,323533,282077,26191,81765,2.6128885842380227,0.22472666706977204
1139,0.116,35,285,35,323818,281792,26226,81730,2.61024861980807,0.22482820847156432
1140,0.1161,50,266,50,324084,281526,26276,81680,2.6077846530067808,0.22488615276179358
1141,0.1162,40,295,40,324379,281231,26316,81640,2.605052058245952,0.22498353409338304
1142,0.1163,36,273,36,324652,280958,26352,81604,2.60252325021305,0.22507598700360215
1143,0.1164,36,294,36,324946,280664,26388,81568,2.5997999184853087,0.22518165153824068
1144,0.1165,31,284,31,325230,280380,26419,81537,2.5971692170884433,0.2252919868367609
1145,0.1166,37,281,37,325511,280099,26456,81500,2.5945663047908405,0.2253877914485383
1146,0.1167,42,296,42,325807,279803,26498,81458,2.5918244469969247,0.22548240745610515
1147,0.1168,45,313,45,326120,279490,26543,81413,2.58892511764052,0.22558138890505205
1148,0.1169,38,273,38,326393,279217,26581,81375,2.586396309607618,0.22567056396148555
1149,0.117,42,289,42,326682,278928,26623,81333,2.5837192930453146,0.22576132304079544
1150,0.1171,40,287,40,326969,278641,26663,81293,2.5810608025491866,0.22585529569309928
1151,0.1172,33,280,33,327249,278361,26696,81260,2.5784671532846715,0.22596010800259161
1152,0.1173,42,296,42,327545,278065,26738,81218,2.5757252954907557,0.22605578332400922
1153,0.1174,39,247,39,327792,277818,26777,81179,2.5734373263181296,0.22612723783207103
1154,0.1175,39,294,39,328086,277524,26816,81140,2.5707139945903887,0.2262284477951509
1155,0.1176,39,262,39,328348,277262,26855,81101,2.5682870799214497,0.2263096357603882
1156,0.1177,37,299,37,328647,276963,26892,81064,2.565517433028271,0.22641867792093892
1157,0.1178,38,257,38,328904,276706,26930,81026,2.5631368335247693,0.22649916697415942
1158,0.1179,42,244,42,329148,276462,26972,80984,2.5608766534514062,0.22656289341606844
1159,0.118,34,308,34,329456,276154,27006,80950,2.5580236392604396,0.2266846632913661
1160,0.1181,41,291,41,329747,275863,27047,80909,2.5553280966319614,0.2267806890675277
1161,0.1182,43,309,43,330056,275554,27090,80866,2.552465819407907,0.22688401324280344
1162,0.1183,37,287,37,330343,275267,27127,80829,2.549807328911779,0.22698654295470885
1163,0.1184,44,286,44,330629,274981,27171,80785,2.5471581014487383,0.22707341342343002
1164,0.1185,45,237,45,330866,274744,27216,80740,2.544962762606988,0.22712695930055923
1165,0.1186,32,295,32,331161,274449,27248,80708,2.5422301678461596,0.22724597853906864
1166,0.1187,35,313,35,331474,274136,27283,80673,2.539330838489755,0.22737021890651027
1167,0.1188,37,277,37,331751,273859,27320,80636,2.5367649783245025,0.22746724213317537
1168,0.1189,51,264,51,332015,273595,27371,80585,2.534319537589388,0.22752555197921961
1169,0.119,42,269,42,332284,273326,27413,80543,2.531827781688836,0.22760682625491355
1170,0.1191,53,272,53,332556,273054,27466,80490,2.5293082366890216,0.2276661462222524
1171,0.1192,32,278,32,332834,272776,27498,80458,2.5267331134906814,0.22777535571320995
1172,0.1193,42,282,42,333116,272494,27540,80416,2.524120938159991,0.22786546144909467
1173,0.1194,26,298,26,333414,272196,27566,80390,2.5213605542999,0.22800111178549348
1174,0.1195,40,290,40,333704,271906,27606,80350,2.518674274704509,0.22810115370639536
1175,0.1196,33,322,33,334026,271584,27639,80317,2.515691578050317,0.2282374872478339
1176,0.1197,38,275,38,334301,271309,27677,80279,2.5131442439512393,0.22833259383141633
1177,0.1198,44,301,44,334602,271008,27721,80235,2.5103560709918855,0.22843159863684115
1178,0.1199,46,254,46,334856,270754,27767,80189,2.508003260587647,0.22849579561353267
1179,0.12,33,252,33,335108,270502,27800,80156,2.505668976249583,0.22858739854787286
1180,0.1201,28,267,28,335375,270235,27828,80128,2.5031957464152064,0.22869994833929383
1181,0.1202,41,252,41,335627,269983,27869,80087,2.5008614620771423,0.2287742451509698
1182,0.1203,43,306,43,335933,269677,27912,80044,2.498026973952351,0.22887959258952137
1183,0.1204,34,299,34,336232,269378,27946,80010,2.4952573270591722,0.22900042359783393
1184,0.1205,54,264,54,336496,269114,28000,79956,2.492811886324058,0.2290543444008365
1185,0.1206,55,252,55,336748,268862,28055,79901,2.490477601985994,0.22909827017200793
1186,0.1207,51,278,51,337026,268584,28106,79850,2.487902478787654,0.22916822124132546
1187,0.1208,38,295,38,337321,268289,28144,79812,2.485169884026826,0.2292782841761443
1188,0.1209,43,291,43,337612,267998,28187,79769,2.4824743413983477,0.22937484005095365
1189,0.121,43,267,43,337879,267731,28230,79726,2.4800011115639706,0.22945573121278318
1190,0.1211,39,295,39,338174,267436,28269,79687,2.477268516803142,0.2295641602544343
1191,0.1212,41,252,41,338426,267184,28310,79646,2.4749342324650785,0.2296398812098146
1192,0.1213,30,254,30,338680,266930,28340,79616,2.4725814220608395,0.229741506178112
1193,0.1214,33,245,33,338925,266685,28373,79583,2.470311978954389,0.22983065140295955
1194,0.1215,40,302,40,339227,266383,28413,79543,2.4675145429619474,0.2299422419823893
1195,0.1216,34,271,34,339498,266112,28447,79509,2.46500426099522,0.23004678535158454
1196,0.1217,37,233,37,339731,265879,28484,79472,2.46284597428582,0.23011950160850844
1197,0.1218,40,268,40,339999,265611,28524,79432,2.4603634814183555,0.23020898844491847
1198,0.1219,37,283,37,340282,265328,28561,79395,2.4577420430545778,0.23031535464706446
1199,0.122,26,267,26,340549,265061,28587,79369,2.4552688132202007,0.23043579246871643
1200,0.1221,31,280,31,340829,264781,28618,79338,2.4526751639556856,0.23055396534338413
1201,0.1222,38,242,38,341071,264539,28656,79300,2.4504335099484975,0.23063119657746795
1202,0.1223,36,249,36,341320,264290,28692,79264,2.4481270147096965,0.23071773287459904
1203,0.1224,42,255,42,341575,264035,28734,79222,2.4457649412723703,0.2307950019955893
1204,0.1225,42,269,42,341844,263766,28776,79180,2.4432731853718184,0.23088182979244545
1205,0.1226,41,265,41,342109,263501,28817,79139,2.4408184816036163,0.2309683632967546
1206,0.1227,44,270,44,342379,263231,28861,79095,2.4383174626699766,0.23105168757266464
1207,0.1228,37,284,37,342663,262947,28898,79058,2.4356867612731112,0.23116036315258548
1208,0.1229,34,288,34,342951,262659,28932,79024,2.4330190077438956,0.23127869984751948
1209,0.123,43,260,43,343211,262399,28975,78981,2.4306106191411314,0.23135801745855059
1210,0.1231,41,274,41,343485,262125,29016,78940,2.428072548075142,0.23145148285517422
1211,0.1232,33,249,33,343734,261876,29049,78907,2.425766052836341,0.23154617454509174
1212,0.1233,47,285,47,344019,261591,29096,78860,2.423126088406388,0.23163392088729362
1213,0.1234,36,240,36,344259,261351,29132,78824,2.4209029604653747,0.23171602851473505
1214,0.1235,31,259,31,344518,261092,29163,78793,2.418503834895698,0.23182252820807037
1215,0.1236,30,264,30,344782,260828,29193,78763,2.4160583941605838,0.23193488637802534
1216,0.1237,45,275,45,345057,260553,29238,78718,2.4135110600615066,0.2320210097532651
1217,0.1238,39,265,39,345322,260288,29277,78679,2.4110563562933045,0.2321140405998224
1218,0.1239,40,265,40,345587,260023,29317,78639,2.408601652525103,0.23220497132834508
1219,0.124,47,275,47,345862,259748,29364,78592,2.4060543184260252,0.23228704853106344
1220,0.1241,47,268,47,346130,259480,29411,78545,2.403571825558561,0.2323644700835737
1221,0.1242,47,271,47,346401,259209,29458,78498,2.4010615435918337,0.23244410095141646
1222,0.1243,39,240,39,346641,258969,29497,78459,2.398838415650821,0.23252071553042428
1223,0.1244,28,296,28,346937,258673,29525,78431,2.3960965578569047,0.23266113721581472
1224,0.1245,42,282,42,347219,258391,29567,78389,2.393484382526214,0.23276025892273888
1225,0.1246,39,247,39,347466,258144,29606,78350,2.3911964133535886,0.23284219035109097
1226,0.1247,33,248,33,347714,257896,29639,78317,2.3888991811478753,0.23293864306258236
1227,0.1248,39,270,39,347984,257626,29678,78278,2.3863981622142356,0.23303682004382203
1228,0.1249,46,255,46,348239,257371,29724,78232,2.384036088776909,0.2331087624365694
1229,0.125,29,259,29,348498,257112,29753,78203,2.3816369632072325,0.23322249228337533
1230,0.1251,46,286,46,348784,256826,29799,78157,2.378987735744192,0.2333163175444724
1231,0.1252,47,278,47,349062,256548,29846,78110,2.376412612545852,0.23340245862940673
1232,0.1253,44,234,44,349296,256314,29890,78066,2.3742450628033644,0.23346492015072673
1233,0.1254,40,275,40,349571,256039,29930,78026,2.371697728704287,0.2335653241135707
1234,0.1255,39,261,39,349832,255778,29969,77987,2.3692800770684355,0.233658412355999
1235,0.1256,43,255,43,350087,255523,30012,77944,2.366918003631109,0.2337382709533477
1236,0.1257,41,267,41,350354,255256,30053,77903,2.364444773796732,0.23383129376663994
1237,0.1258,41,254,41,350608,255002,30094,77862,2.3620919633924933,0.233915352816766
1238,0.1259,26,229,26,350837,254773,30120,77836,2.3599707288154432,0.23401651789338232
1239,0.126,40,256,40,351093,254517,30160,77796,2.3575993923450294,0.23410459416273213
1240,0.1261,50,264,50,351357,254253,30210,77746,2.3551539516099154,0.23417540414278357
1241,0.1262,44,281,44,351638,253972,30254,77702,2.3525510393123126,0.23427220704667837
1242,0.1263,42,235,42,351873,253737,30296,77660,2.3503742265367373,0.23434128854515882
1243,0.1264,28,246,28,352119,253491,30324,77632,2.348095520397199,0.23445064220848447
1244,0.1265,41,267,41,352386,253224,30365,77591,2.345622290562822,0.2345449873796533
1245,0.1266,42,265,42,352651,252959,30407,77549,2.3431675867946202,0.23463577281034045
1246,0.1267,38,272,38,352923,252687,30445,77511,2.3406480417948052,0.23474097359765958
1247,0.1268,56,237,56,353160,252450,30501,77455,2.338452702953055,0.234779709310256
1248,0.1269,35,230,35,353390,252220,30536,77420,2.3363222053429173,0.23486227399587428
1249,0.127,48,263,48,353653,251957,30584,77372,2.3338860276408906,0.23493831396566958
1250,0.1271,40,233,40,353886,251724,30624,77332,2.3317277409314907,0.235011669746183
1251,0.1272,45,243,45,354129,251481,30669,77287,2.329476823891215,0.2350806647848939
1252,0.1273,42,269,42,354398,251212,30711,77245,2.326985067990663,0.23517538064343277
1253,0.1274,49,278,49,354676,250934,30760,77196,2.3244099447923228,0.23526041507938927
1254,0.1275,47,281,47,354957,250653,30807,77149,2.32180703249472,0.23535243836218206
1255,0.1276,50,249,50,355206,250404,30857,77099,2.319500537255919,0.23541463742316865
1256,0.1277,36,260,36,355466,250144,30893,77063,2.317092148653155,0.23551757755793734
1257,0.1278,32,241,32,355707,249903,30925,77031,2.3148597576790544,0.2356163629356384
1258,0.1279,51,241,51,355948,249662,30976,76980,2.312627366704954,0.23567085677898128
1259,0.128,38,296,38,356244,249366,31014,76942,2.3098855089110377,0.23579562866984566
1260,0.1281,25,277,25,356521,249089,31039,76917,2.307319648745785,0.2359373753857291
1261,0.1282,48,283,48,356804,248806,31087,76869,2.3046982103820075,0.23602978429415827
1262,0.1283,47,240,47,357044,248566,31134,76822,2.3024750824409943,0.23609352526829508
1263,0.1284,46,259,46,357303,248307,31180,76776,2.300075956871318,0.23617353106745045
1264,0.1285,34,235,34,357538,248072,31214,76742,2.2978991440957426,0.23626444672951288
1265,0.1286,25,290,25,357828,247782,31239,76717,2.295212864500352,0.23641675321033348
1266,0.1287,35,255,35,358083,247527,31274,76682,2.292850791063026,0.2365202693324368
1267,0.1288,48,282,48,358365,247245,31322,76634,2.2902386157323353,0.23661305611046102
1268,0.1289,30,264,30,358629,246981,31352,76604,2.287793174997221,0.23673532456696078
1269,0.129,33,266,33,358895,246715,31385,76571,2.2853292081959315,0.2368521989817066
1270,0.1291,39,263,39,359158,246452,31424,76532,2.282893030493905,0.23695291407623906
1271,0.1292,43,284,43,359442,246168,31467,76489,2.2802623290970394,0.23705978794819266
1272,0.1293,36,246,36,359688,245922,31503,76453,2.277983622957501,0.23715548662272198
1273,0.1294,39,241,39,359929,245681,31542,76414,2.2757512319834006,0.2372405656716186
1274,0.1295,37,247,37,360176,245434,31579,76377,2.273463262810775,0.2373349574750397
1275,0.1296,37,258,37,360434,245176,31616,76340,2.2710734002741857,0.23743763918436409
1276,0.1297,42,240,42,360674,244936,31658,76298,2.268850272333173,0.23751533150289197
1277,0.1298,42,261,42,360935,244675,31700,76256,2.266432620697321,0.2376087071675843
1278,0.1299,34,226,34,361161,244449,31734,76222,2.264339175219534,0.23769533259945552
1279,0.13,39,235,39,361396,244214,31773,76183,2.262162362443959,0.23777688305446057
1280,0.1301,30,259,30,361655,243955,31803,76153,2.259763236874282,0.2378978344808627
1281,0.1302,31,234,31,361889,243721,31834,76122,2.2575956871317944,0.23799801777747207
1282,0.1303,45,274,45,362163,243447,31879,76077,2.2550576160658045,0.2380947910016149
1283,0.1304,45,232,45,362395,243215,31924,76032,2.252908592389492,0.23816042124123327
1284,0.1305,41,257,41,362652,242958,31965,75991,2.2505279928859907,0.2382543917679629
1285,0.1306,27,245,27,362897,242713,31992,75964,2.24825854977954,0.23837302346890424
1286,0.1307,40,237,40,363134,242476,32032,75924,2.2460632109377894,0.23845477386934674
1287,0.1308,34,240,34,363374,242236,32066,75890,2.2438400829967766,0.2385532776321332
1288,0.1309,52,237,52,363611,241999,32118,75838,2.241644744155026,0.23860658136088625
1289,0.131,33,247,33,363858,241752,32151,75805,2.2393567749824004,0.23871304994064058
1290,0.1311,31,283,31,364141,241469,32182,75774,2.2367353366186222,0.2388516058667961
1291,0.1312,40,243,40,364384,241226,32222,75734,2.234484419578347,0.2389386673397274
1292,0.1313,29,240,29,364624,240986,32251,75705,2.2322612916373337,0.23905005194337697
1293,0.1314,41,272,41,364896,240714,32292,75664,2.229741746637519,0.23915695781628304
1294,0.1315,40,244,40,365140,240470,32332,75624,2.2274815665641556,0.23924528779413717
1295,0.1316,31,277,31,365417,240193,32363,75593,2.224915706398903,0.23938046651846503
1296,0.1317,35,271,35,365688,239922,32398,75558,2.2224054244321763,0.23950171167744388
1297,0.1318,41,245,41,365933,239677,32439,75517,2.220135981325725,0.23958895156633692
1298,0.1319,40,246,40,366179,239431,32479,75477,2.217857275186187,0.23967952544870247
1299,0.132,39,260,39,366439,239171,32518,75438,2.215448886583423,0.23978335012666516
1300,0.1321,37,251,37,366690,238920,32555,75401,2.2131238652784466,0.2398853401459018
1301,0.1322,39,265,39,366955,238655,32594,75362,2.210669161510245,0.23999337615479416
1302,0.1323,45,250,45,367205,238405,32639,75317,2.2083534032383563,0.2400756083411428
1303,0.1324,25,242,25,367447,238163,32664,75292,2.206111749231168,0.24020034773731477
1304,0.1325,38,239,38,367686,237924,32702,75254,2.2038978843232426,0.2402914636404856
1305,0.1326,24,225,24,367911,237699,32726,75230,2.2018137018785433,0.24040597068344577
1306,0.1327,33,234,33,368145,237465,32759,75197,2.1996461521360553,0.24050572183380137
1307,0.1328,43,228,43,368373,237237,32802,75154,2.197534180592093,0.24057671315754936
1308,0.1329,43,230,43,368603,237007,32845,75111,2.1954036829819557,0.24064936978963083
1309,0.133,30,239,30,368842,236768,32875,75081,2.19318981807403,0.24076075280023346
1310,0.1331,34,230,34,369072,236538,32909,75047,2.191059320463893,0.24085562527079288
1311,0.1332,41,259,41,369331,236279,32950,75006,2.1886601948942164,0.24095603707213648
1312,0.1333,44,272,44,369603,236007,32994,74962,2.1861406498944014,0.24105939820367947
1313,0.1334,51,226,51,369829,235781,33045,74911,2.1840472044166144,0.2411101669820916
1314,0.1335,42,259,42,370088,235522,33087,74869,2.1816480788469375,0.24120866906579122
1315,0.1336,42,228,42,370316,235294,33129,74827,2.179536107302975,0.24128324105752272
1316,0.1337,36,242,36,370558,235052,33165,74791,2.177294453295787,0.24138353940544083
1317,0.1338,33,277,33,370835,234775,33198,74758,2.1747285931305345,0.24151867490703738
1318,0.1339,49,273,49,371108,234502,33247,74709,2.1721997850976322,0.24161171497779832
1319,0.134,34,272,34,371380,234230,33281,74675,2.1696802400978177,0.2417409883297454
1320,0.1341,44,270,44,371650,233960,33325,74631,2.167179221164178,0.2418443830182993
1321,0.1342,30,256,30,371906,233704,33355,74601,2.164807884693764,0.24197142440116118
1322,0.1343,45,242,45,372148,233462,33400,74556,2.162566230686576,0.2420507892395899
1323,0.1344,28,241,28,372389,233221,33428,74528,2.1603338397124756,0.24217137992324914
1324,0.1345,42,248,42,372637,232973,33470,74486,2.158036607506762,0.24226319606841887
1325,0.1346,28,217,28,372854,232756,33498,74458,2.1560265293267626,0.24236525679168267
1326,0.1347,43,248,43,373102,232508,33541,74415,2.1537292971210493,0.24245494798369624
1327,0.1348,38,228,38,373330,232280,33579,74377,2.151617325577087,0.24254134097705254
1328,0.1349,41,238,41,373568,232042,33620,74336,2.149412723702249,0.24262838715573573
1329,0.135,43,220,43,373788,231822,33663,74293,2.1473748564229873,0.2426963722783921
1330,0.1351,36,221,36,374009,231601,33699,74257,2.145327726110638,0.24278259846072361
1331,0.1352,33,235,33,374244,231366,33732,74224,2.1431509133350626,0.2428875290421807
1332,0.1353,53,276,53,374520,231090,33785,74171,2.1405943162028973,0.24297568310396678
1333,0.1354,42,221,42,374741,230869,33827,74129,2.138547185890548,0.24304749539341242
1334,0.1355,35,244,35,374985,230625,33862,74094,2.136287005817185,0.24315516918866234
1335,0.1356,36,283,36,375268,230342,33898,74058,2.133665567453407,0.2432917214191853
1336,0.1357,32,253,32,375521,230089,33930,74026,2.131322020082256,0.24341449780510663
1337,0.1358,41,239,41,375760,229850,33971,73985,2.1291081551743303,0.24350387545871938
1338,0.1359,42,274,42,376034,229576,34013,73943,2.1265700841083404,0.24361901561352006
1339,0.136,36,250,36,376284,229326,34049,73907,2.1242543258364517,0.24373006895687474
1340,0.1361,29,251,29,376535,229075,34078,73878,2.1219293045314758,0.24385960858615033
1341,0.1362,50,242,50,376777,228833,34128,73828,2.1196876505242876,0.2439296770974787
1342,0.1363,43,248,43,377025,228585,34171,73785,2.1173904183185743,0.24402222442702648
1343,0.1364,43,252,43,377277,228333,34214,73742,2.1150561339805107,0.24411818257055368
1344,0.1365,48,225,48,377502,228108,34262,73694,2.112971951535811,0.24417995904599704
1345,0.1366,42,244,42,377746,227864,34304,73652,2.1107117714624475,0.24427227742474694
1346,0.1367,38,251,38,377997,227613,34342,73614,2.1083867501574716,0.24438048382117142
1347,0.1368,40,216,40,378213,227397,34382,73574,2.10638593501056,0.2444554458735227
1348,0.1369,40,250,40,378463,227147,34422,73534,2.1040701767386714,0.2445581862505446
1349,0.137,35,218,35,378681,226929,34457,73499,2.1020508355255845,0.24464763603925066
1350,0.1371,33,239,33,378920,226690,34490,73466,2.099836970617659,0.24475939178293954
1351,0.1372,32,243,32,379163,226447,34522,73434,2.0975860535773836,0.24487713459672336
1352,0.1373,31,223,31,379386,226224,34553,73403,2.0955203971988587,0.24498126003330808
1353,0.1374,36,232,36,379618,225992,34589,73367,2.093371373522546,0.2450803216205292
1354,0.1375,31,265,31,379883,225727,34620,73336,2.0909166697543444,0.2452192347431812
1355,0.1376,39,236,39,380119,225491,34659,73297,2.0887305939456815,0.24531440352356856
1356,0.1377,36,232,36,380351,225259,34695,73261,2.086581570269369,0.24541404261021038
1357,0.1378,46,246,46,380597,225013,34741,73215,2.0843028641298305,0.24550008718161942
1358,0.1379,38,245,38,380842,224768,34779,73177,2.0820334210233797,0.24560573260165466
1359,0.138,38,237,38,381079,224531,34817,73139,2.0798380821816296,0.24570497530822724
1360,0.1381,27,210,27,381289,224321,34844,73112,2.0778928452332432,0.24580998073515717
1361,0.1382,25,244,25,381533,224077,34869,73087,2.0756326651598798,0.24594836521247526
1362,0.1383,29,213,29,381746,223864,34898,73058,2.073659639112231,0.2460511514808603
1363,0.1384,36,221,36,381967,223643,34934,73022,2.0716125087998813,0.24614295585930257
1364,0.1385,43,233,43,382200,223410,34977,72979,2.0694542220904815,0.24622708670024865
1365,0.1386,43,234,43,382434,223176,35020,72936,2.0672866723479935,0.24631220619225158
1366,0.1387,41,216,41,382650,222960,35061,72895,2.065285857201082,0.24638758851464398
1367,0.1388,45,206,45,382856,222754,35106,72850,2.063377672385046,0.246444567732507
1368,0.1389,54,279,54,383135,222475,35160,72796,2.060793286153618,0.24653961953595172
1369,0.139,38,227,38,383362,222248,35198,72758,2.0586905776427433,0.24663227188599554
1370,0.1391,40,232,40,383594,222016,35238,72718,2.0565415539664307,0.24672416484016096
1371,0.1392,52,245,52,383839,221771,35290,72666,2.05427211085998,0.246796428438002
1372,0.1393,43,232,43,384071,221539,35333,72623,2.0521230871836673,0.24688097034967127
1373,0.1394,40,206,40,384277,221333,35373,72583,2.0502149023676313,0.2469515099552253
1374,0.1395,36,279,36,384556,221054,35409,72547,2.047630516136204,0.2470938450482117
1375,0.1396,42,202,42,384758,220852,35451,72505,2.0457593834525176,0.24715619535242042
1376,0.1397,30,255,30,385013,220597,35481,72475,2.0433973100151914,0.24729418026969482
1377,0.1398,39,231,39,385244,220366,35520,72436,2.0412575493719665,0.2473890205667994
1378,0.1399,41,221,41,385465,220145,35561,72395,2.039210419059617,0.2474704313939974
1379,0.14,25,228,25,385693,219917,35586,72370,2.0370984475156546,0.24759910635779217
1380,0.1401,38,247,38,385940,219670,35624,72332,2.0348104783430285,0.24771063211895808
1381,0.1402,46,221,46,386161,219449,35670,72286,2.032763348030679,0.24777966305037105
1382,0.1403,39,225,39,386386,219224,35709,72247,2.0306791655859793,0.24787028555156432
1383,0.1404,36,232,36,386618,218992,35745,72211,2.028530141909667,0.2479747804795967
1384,0.1405,40,234,40,386852,218758,35785,72171,2.026362592167179,0.24807083515221928
1385,0.1406,52,248,52,387100,218510,35837,72119,2.0240653599614657,0.24814798247938094
1386,0.1407,33,207,33,387307,218303,35870,72086,2.022147912112342,0.2482394305569426
1387,0.1408,30,230,30,387537,218073,35900,72056,2.0200174145022047,0.24835848881014996
1388,0.1409,39,203,39,387740,217870,35939,72017,2.0181370187854313,0.2484312852939249
1389,0.141,38,229,38,387969,217641,35977,71979,2.0160157842083812,0.24852910710586285
1390,0.1411,35,229,35,388198,217412,36012,71944,2.013894549631331,0.24863489957007975
1391,0.1412,41,217,41,388415,217195,36053,71903,2.011884471451332,0.2487149686265557
1392,0.1413,35,211,35,388626,216984,36088,71868,2.009929971469858,0.24880561671721158
1393,0.1414,38,225,38,388851,216759,36126,71830,2.007845789025158,0.24890068575032312
1394,0.1415,34,236,34,389087,216523,36160,71796,2.0056597132164957,0.24901584703054602
1395,0.1416,25,212,25,389299,216311,36185,71771,2.003695950201934,0.24913392714574323
1396,0.1417,25,229,25,389528,216082,36210,71746,2.0015747156248844,0.24926692330141612
1397,0.1418,41,228,41,389756,215854,36251,71705,1.9994627440809218,0.2493575231517706
1398,0.1419,36,211,36,389967,215643,36287,71669,1.9975082440994478,0.2494465946427577
1399,0.142,41,223,41,390190,215420,36328,71628,1.9954425877209234,0.24953317911986844
1400,0.1421,30,228,30,390418,215192,36358,71598,1.993330616176961,0.2496530562432442
1401,0.1422,38,249,38,390667,214943,36396,71560,1.99102412093816,0.24977050851125468
1402,0.1423,52,240,52,390907,214703,36448,71508,1.988800992997147,0.24984364682000343
1403,0.1424,34,217,34,391124,214486,36482,71474,1.9867909148171476,0.24994404811861798
1404,0.1425,46,228,46,391352,214258,36528,71428,1.9846789432731853,0.250022752252473
1405,0.1426,31,215,31,391567,214043,36559,71397,1.9826873911593612,0.2501296244394619
1406,0.1427,38,236,38,391803,213807,36597,71359,1.9805013153506985,0.25023670423542776
1407,0.1428,45,229,45,392032,213578,36642,71314,1.9783800807736485,0.25031941928871293
1408,0.1429,26,207,26,392239,213371,36668,71288,1.9764626329245247,0.2504329741901714
1409,0.143,39,241,39,392480,213130,36707,71249,1.9742302419504243,0.25054240995291494
1410,0.1431,40,224,40,392704,212906,36747,71209,1.9721553225388122,0.2506344262006582
1411,0.1432,35,228,35,392932,212678,36782,71174,1.9700433509948498,0.2507433451235151
1412,0.1433,42,239,42,393171,212439,36824,71132,1.9678294860869243,0.25084370404590034
1413,0.1434,49,223,49,393394,212216,36873,71083,1.9657638297083997,0.2509115810504096
1414,0.1435,40,194,40,393588,212022,36913,71043,1.9639668012894143,0.2509776906364263
1415,0.1436,42,233,42,393821,211789,36955,71001,1.9618085145800142,0.25107323455567737
1416,0.1437,34,227,34,394048,211562,36989,70967,1.9597058060691392,0.25118483412322273
1417,0.1438,49,220,49,394268,211342,37038,70918,1.9576679387898774,0.2512506199957486
1418,0.1439,30,231,30,394499,211111,37068,70888,1.9555281781466523,0.25137677793183666
1419,0.144,31,241,31,394740,210870,37099,70857,1.9532957871725518,0.2515094399897773
1420,0.1441,43,209,43,394949,210661,37142,70814,1.951359813257253,0.25158184563460345
1421,0.1442,39,214,39,395163,210447,37181,70775,1.9493775241765163,0.25166949954128764
1422,0.1443,47,223,47,395386,210224,37228,70728,1.9473118677979917,0.25174407016145106
1423,0.1444,41,230,41,395616,209994,37269,70687,1.9451813701878544,0.25184105799822576
1424,0.1445,48,248,48,395864,209746,37317,70639,1.9428841379821409,0.25193573122670615
1425,0.1446,30,246,30,396110,209500,37347,70609,1.9406054318426025,0.2520768700755777
1426,0.1447,39,191,39,396301,209309,37386,70570,1.9388361925228796,0.25214467680676295
1427,0.1448,39,207,39,396508,209102,37425,70531,1.936918744673756,0.25222702613783066
1428,0.1449,35,230,35,396738,208872,37460,70496,1.9347882470636184,0.25234099825320006
1429,0.145,44,209,44,396947,208663,37504,70452,1.9328522731483198,0.2524120882073697
1430,0.1451,33,227,33,397174,208436,37537,70419,1.9307495646374448,0.25252909218052394
1431,0.1452,44,229,44,397403,208207,37581,70375,1.928628330060395,0.2526186185755002
1432,0.1453,22,222,22,397625,207985,37603,70353,1.9265719367149579,0.2527610315515668
1433,0.1454,33,225,33,397850,207760,37636,70320,1.9244877542702583,0.25287686996547754
1434,0.1455,38,224,38,398074,207536,37674,70282,1.9224128348586462,0.25297856870325175
1435,0.1456,44,208,44,398282,207328,37718,70238,1.9204861239764348,0.2530497251104242
1436,0.1457,42,220,42,398502,207108,37760,70196,1.918448256697173,0.2531373510659781
1437,0.1458,41,217,41,398719,206891,37801,70155,1.9164381785171736,0.25322509619341194
1438,0.1459,41,208,41,398927,206683,37842,70114,1.9145114676349624,0.25330476847653693
1439,0.146,37,239,37,399166,206444,37879,70077,1.9122976027270369,0.25342379059818243
1440,0.1461,41,222,41,399388,206222,37920,70036,1.9102412093816,0.25351664024209253
1441,0.1462,36,215,36,399603,206007,37956,70000,1.9082496572677758,0.25361675609676565
1442,0.1463,39,224,39,399827,205783,37995,69961,1.9061747378561635,0.2537172159684345
1443,0.1464,36,215,36,400042,205568,38031,69925,1.9041831857423395,0.2538177013572033
1444,0.1465,24,217,24,400259,205351,38055,69901,1.9021731075623403,0.2539527414878003
1445,0.1466,44,204,44,400463,205147,38099,69857,1.9002834488124791,0.2540217596834955
1446,0.1467,41,208,41,400671,204939,38140,69816,1.898356737930268,0.2541027460828738
1447,0.1468,43,224,43,400895,204715,38183,69773,1.8962818185186558,0.25419326163621
1448,0.1469,35,225,35,401120,204490,38218,69738,1.894197636073956,0.2543066353545225
1449,0.147,33,218,33,401338,204272,38251,69705,1.8921782948608692,0.2544191665723765
1450,0.1471,33,201,33,401539,204071,38284,69672,1.8903164252102709,0.25451609721527124
1451,0.1472,40,207,40,401746,203864,38324,69632,1.8883989773611471,0.2545997016409746
1452,0.1473,38,221,38,401967,203643,38362,69594,1.8863518470487977,0.2547019620329604
1453,0.1474,40,227,40,402194,203416,38402,69554,1.8842491385379228,0.2548045572773565
1454,0.1475,29,188,29,402382,203228,38431,69525,1.8825076883174627,0.25490095434330695
1455,0.1476,36,222,36,402604,203006,38467,69489,1.8804512949720256,0.2550101836730949
1456,0.1477,40,227,40,402831,202779,38507,69449,1.8783485864611509,0.2551133608592797
1457,0.1478,33,217,33,403048,202562,38540,69416,1.8763385082811517,0.25522652567487075
1458,0.1479,36,219,36,403267,202343,38576,69380,1.874309904034977,0.2553335565999198
1459,0.148,43,231,43,403498,202112,38619,69337,1.8721701433917521,0.25543288057793545
1460,0.1481,31,218,31,403716,201894,38650,69306,1.8701508021786655,0.25555309734513276
1461,0.1482,39,197,39,403913,201697,38689,69267,1.8683259846604172,0.25563174443837555
1462,0.1483,44,245,44,404158,201452,38733,69223,1.8660565415539665,0.25574212616606634
1463,0.1484,37,219,37,404377,201233,38770,69186,1.8640279373077921,0.25584740717183335
1464,0.1485,52,198,52,404575,201035,38822,69134,1.8621938567564564,0.2558916826134753
1465,0.1486,29,180,29,404755,200855,38851,69105,1.8605265108006965,0.2559823677581864
1466,0.1487,38,215,38,404970,200640,38889,69067,1.8585349586868725,0.2560815996618553
1467,0.1488,46,217,46,405187,200423,38935,69021,1.8565248805068733,0.25616083490446995
1468,0.1489,34,255,34,405442,200168,38969,68987,1.8541628070695468,0.25630956140513833
1469,0.149,30,190,30,405632,199978,38999,68957,1.8524028307829115,0.25640768215368026
1470,0.1491,42,196,42,405828,199782,39041,68915,1.8505872762977509,0.25647848692021125
1471,0.1492,39,203,39,406031,199579,39080,68876,1.8487068805809774,0.2565644148926263
1472,0.1493,47,226,47,406257,199353,39127,68829,1.8466134351031902,0.2566503344743495
1473,0.1494,30,166,30,406423,199187,39157,68799,1.8450757716106563,0.25672609763196585
1474,0.1495,39,185,39,406608,199002,39196,68760,1.8433621104894586,0.256795213659892
1475,0.1496,32,228,32,406836,198774,39228,68728,1.8412501389454963,0.2569251818677991
1476,0.1497,38,220,38,407056,198554,39266,68690,1.8392122716662345,0.2570310278247594
1477,0.1498,40,205,40,407261,198349,39306,68650,1.8373133498832859,0.2571170678541867
1478,0.1499,36,217,36,407478,198132,39342,68614,1.8353032717032864,0.25722597527235647
1479,0.15,39,205,39,407683,197927,39381,68575,1.8334043499203379,0.2573151421002469
1480,0.1501,45,210,45,407893,197717,39426,68530,1.8314591129719515,0.25739257155949175
1481,0.1502,37,217,37,408110,197500,39463,68493,1.8294490347919523,0.2574992574992575
1482,0.1503,43,207,43,408317,197293,39506,68450,1.8275315869428286,0.25757969165697686
1483,0.1504,48,194,48,408511,197099,39554,68402,1.8257345585238431,0.2576336812290726
1484,0.1505,32,188,32,408699,196911,39586,68370,1.823993108303383,0.2577267124294616
1485,0.1506,36,229,36,408928,196682,39622,68334,1.8218718737263329,0.2578485827270806
1486,0.1507,43,198,43,409126,196484,39665,68291,1.8200377931749971,0.2579208762156548
1487,0.1508,36,203,36,409329,196281,39701,68255,1.8181573974582237,0.2580178123204403
1488,0.1509,43,213,43,409542,196068,39744,68212,1.8161843714105748,0.25810504010897534
1489,0.151,37,210,37,409752,195858,39781,68175,1.8142391344621882,0.2582063605685653
1490,0.1511,42,197,42,409949,195661,39823,68133,1.8124143169439402,0.25828108296625396
1491,0.1512,38,217,38,410166,195444,39861,68095,1.810404238763941,0.25838680423011395
1492,0.1513,35,209,35,410375,195235,39896,68060,1.808468264848642,0.2584933249776866
1493,0.1514,42,194,42,410569,195041,39938,68018,1.8066712364296564,0.25856556894080795
1494,0.1515,30,200,30,410769,194841,39968,67988,1.8048186298121456,0.2586776953836905
1495,0.1516,21,190,21,410959,194651,39989,67967,1.8030586535255104,0.25880556549817607
1496,0.1517,22,220,22,411179,194431,40011,67945,1.8010207862462484,0.2589604232094399
1497,0.1518,41,229,41,411408,194202,40052,67904,1.7988995516691986,0.2590707576324083
1498,0.1519,30,221,30,411629,193981,40082,67874,1.796852421356849,0.25920452158637414
1499,0.152,42,201,42,411830,193780,40124,67832,1.7949905517062508,0.259284742290109
1500,0.1521,36,198,36,412028,193582,40160,67796,1.793156471154915,0.2593791367291815
1501,0.1522,33,185,33,412213,193397,40193,67763,1.7914428100337174,0.25946929085618015
1502,0.1523,33,200,33,412413,193197,40226,67730,1.7895902034162066,0.2595745170105049
1503,0.1524,39,209,39,412622,192988,40265,67691,1.7876542295009077,0.25967185695817463
1504,0.1525,45,202,45,412824,192786,40310,67646,1.785783096817222,0.25974534619401607
1505,0.1526,40,193,40,413017,192593,40350,67606,1.783995331431324,0.25982421146891416
1506,0.1527,32,201,32,413218,192392,40382,67574,1.7821334617807254,0.25993399136810197
1507,0.1528,41,213,41,413431,192179,40423,67533,1.7801604357330765,0.26003034130113356
1508,0.1529,29,187,29,413618,191992,40452,67504,1.778428248545704,0.26013503098313656
1509,0.153,45,200,45,413818,191792,40497,67459,1.776575641928193,0.2602072894607928
1510,0.1531,17,227,17,414045,191565,40514,67442,1.7744729334173182,0.26038678491314904
1511,0.1532,38,171,38,414216,191394,40552,67404,1.7728889547593465,0.2604502353186655
1512,0.1533,31,194,31,414410,191200,40583,67373,1.7710919263403608,0.2605569800404528
1513,0.1534,38,198,38,414608,191002,40621,67335,1.7692578457890251,0.2606479133844552
1514,0.1535,31,193,31,414801,190809,40652,67304,1.7674700804031271,0.2607540108402134
1515,0.1536,33,176,33,414977,190633,40685,67271,1.7658397865797177,0.2608373658415534
1516,0.1537,50,211,50,415188,190422,40735,67221,1.7638852865982437,0.260907534844727
1517,0.1538,36,196,36,415384,190226,40771,67185,1.7620697321130832,0.2610028320468045
1518,0.1539,39,232,39,415616,189994,40810,67146,1.7599207084367705,0.2611262347359415
1519,0.154,52,189,52,415805,189805,40862,67094,1.7581699951832228,0.26116878617666867
1520,0.1541,26,173,26,415978,189632,40888,67068,1.756567490459076,0.26126996493961824
1521,0.1542,31,196,31,416174,189436,40919,67037,1.7547519359739152,0.2613803402307455
1522,0.1543,37,189,37,416363,189247,40956,67000,1.7530012227203675,0.2614664757050814
1523,0.1544,33,204,33,416567,189043,40989,66967,1.7511115639705066,0.26157962579586735
1524,0.1545,30,204,30,416771,188839,41019,66937,1.7492219052206455,0.26170164518954087
1525,0.1546,29,199,29,416970,188640,41048,66908,1.747378561636222,0.2618216538575923
1526,0.1547,47,191,47,417161,188449,41095,66861,1.7456093223164992,0.2618816340918883
1527,0.1548,34,211,34,417372,188238,41129,66827,1.7436548223350254,0.261999882382922
1528,0.1549,43,224,43,417596,188014,41172,66784,1.7415799029234131,0.2621056680193722
1529,0.155,28,220,28,417816,187794,41200,66756,1.7395420356441513,0.26225103123158516
1530,0.1551,47,189,47,418005,187605,41247,66709,1.7377913223906036,0.26230958578764835
1531,0.1552,37,234,37,418239,187371,41284,66672,1.7356237726481158,0.26244375952102594
1532,0.1553,35,197,35,418436,187174,41319,66637,1.7337989551298678,0.26254575254815593
1533,0.1554,33,211,33,418647,186963,41352,66604,1.7318444551483938,0.26266824941731376
1534,0.1555,44,181,44,418828,186782,41396,66560,1.7301678461595464,0.26272785404709836
1535,0.1556,43,200,43,419028,186582,41439,66517,1.7283152395420356,0.2628102047025077
1536,0.1557,39,198,39,419226,186384,41478,66478,1.7264811589906999,0.26290229453219544
1537,0.1558,32,171,32,419397,186213,41510,66446,1.7248971803327282,0.26298687163330814
1538,0.1559,36,213,36,419610,186000,41546,66410,1.722924154285079,0.2631036805197892
1539,0.156,30,209,30,419819,185791,41576,66380,1.7209881803697802,0.26323407529018006
1540,0.1561,43,209,43,420028,185582,41619,66337,1.7190522064544815,0.2633267042184194
1541,0.1562,42,187,42,420215,185395,41661,66295,1.7173200192671088,0.2633994199213318
1542,0.1563,45,197,45,420412,185198,41706,66250,1.7154952017488607,0.263473958830454
1543,0.1564,29,188,29,420600,185010,41735,66221,1.7137537515284005,0.2635861020335866
1544,0.1565,31,189,31,420789,184821,41766,66190,1.7120030382748528,0.26369362298863397
1545,0.1566,33,215,33,421004,184606,41799,66157,1.7100114861610285,0.2638228127754095
1546,0.1567,33,190,33,421194,184416,41832,66124,1.7082515098743933,0.26392592001277243
1547,0.1568,29,185,29,421379,184231,41861,66095,1.7065378487531957,0.2640356974505245
1548,0.1569,39,177,39,421556,184054,41900,66056,1.7048982918966986,0.26410779257126865
1549,0.157,38,174,38,421730,183880,41938,66018,1.7032865241394641,0.2641797853524238
1550,0.1571,37,199,37,421929,183681,41975,65981,1.701443180555041,0.2642813083288606
1551,0.1572,30,174,30,422103,183507,42005,65951,1.6998314127978065,0.2643771697039181
1552,0.1573,44,208,44,422311,183299,42049,65907,1.6979047019155953,0.2644679502098665
1553,0.1574,39,228,39,422539,183071,42088,65868,1.695792730371633,0.26459494092930397
1554,0.1575,37,194,37,422733,182877,42125,65831,1.6939957019526475,0.2646919278833009
1555,0.1576,47,197,47,422930,182680,42172,65784,1.6921708844343992,0.264762702041342
1556,0.1577,46,170,46,423100,182510,42218,65738,1.690596168809515,0.264807772872289
1557,0.1578,41,216,41,423316,182294,42259,65697,1.6885953536626033,0.2649168719832575
1558,0.1579,33,195,33,423511,182099,42292,65664,1.6867890622105302,0.26502746576365316
1559,0.158,37,176,37,423687,181923,42329,65627,1.6851587683871208,0.2651060391840032
1560,0.1581,40,181,40,423868,181742,42369,65587,1.6834821593982734,0.26518119589696315
1561,0.1582,34,209,34,424077,181533,42403,65553,1.6815461854829745,0.2653043879458974
1562,0.1583,26,180,26,424257,181353,42429,65527,1.6798788395272148,0.2654204471808166
1563,0.1584,33,179,33,424436,181174,42462,65494,1.6782207566045426,0.26551478100118375
1564,0.1585,36,207,36,424643,180967,42498,65458,1.6763033087554189,0.2656305163842954
1565,0.1586,39,189,39,424832,180778,42537,65419,1.6745525955018712,0.26571810379492844
1566,0.1587,34,189,34,425021,180589,42571,65385,1.6728018822483235,0.26582077780578434
1567,0.1588,43,199,43,425220,180390,42614,65342,1.6709585386639,0.26590757410512267
1568,0.1589,30,169,30,425389,180221,42644,65312,1.6693930860721033,0.2660009041554496
1569,0.159,31,200,31,425589,180021,42675,65281,1.6675404794545927,0.26612502140218997
1570,0.1591,49,203,49,425792,179818,42724,65232,1.665660083737819,0.2661987349520506
1571,0.1592,34,175,34,425967,179643,42758,65198,1.664039052947497,0.26628710060814975
1572,0.1593,35,194,35,426161,179449,42793,65163,1.6622420245285117,0.2663933085866597
1573,0.1594,27,195,27,426356,179254,42820,65136,1.6604357330764385,0.2665248168910348
1574,0.1595,32,188,32,426544,179066,42852,65104,1.6586942828559783,0.2666339026088381
1575,0.1596,32,166,32,426710,178900,42884,65072,1.6571566193634444,0.26671913170363815
1576,0.1597,42,194,42,426904,178706,42926,65030,1.655359590944459,0.26680506777825186
1577,0.1598,35,200,35,427104,178506,42961,64995,1.653506984326948,0.2669188216886173
1578,0.1599,33,196,33,427300,178310,42994,64962,1.6516914298417873,0.2670344305962051
1579,0.16,41,183,41,427483,178127,43035,64921,1.649996294786765,0.26711184621967676
1580,0.1601,32,187,32,427670,177940,43067,64889,1.6482641075993922,0.2672209661943178
1581,0.1602,41,169,41,427839,177771,43108,64848,1.6466986550075957,0.2672832713019178
1582,0.1603,36,183,36,428022,177588,43144,64812,1.6450035199525732,0.2673762376237624
1583,0.1604,34,164,34,428186,177424,43178,64778,1.6434843825262144,0.267454438856822
1584,0.1605,36,176,36,428362,177248,43214,64742,1.6418540887028048,0.26753998099095005
1585,0.1606,34,186,34,428548,177062,43248,64708,1.6401311645485197,0.26764280100922366
1586,0.1607,38,172,38,428720,176890,43286,64670,1.6385379228574604,0.2677181652591489
1587,0.1608,38,172,38,428892,176718,43324,64632,1.636944681166401,0.2677936606587943
1588,0.1609,26,166,26,429058,176552,43350,64606,1.635407017673867,0.2678990537324078
1589,0.161,39,188,39,429246,176364,43389,64567,1.6336655674534069,0.2679895903806484
1590,0.1611,42,176,42,429422,176188,43431,64525,1.6320352736299975,0.2680578115847503
1591,0.1612,36,177,36,429599,176011,43467,64489,1.6303957167735004,0.26814553014553016
1592,0.1613,41,203,41,429802,175808,43508,64448,1.628515321056727,0.26824720298348426
1593,0.1614,36,169,36,429971,175639,43544,64412,1.6269498684649302,0.2683263139916101
1594,0.1615,46,183,46,430154,175456,43590,64366,1.6252547334099077,0.26839072311964707
1595,0.1616,34,214,34,430368,175242,43624,64332,1.623272444329171,0.26852663477672867
1596,0.1617,36,190,36,430558,175052,43660,64296,1.621512468042536,0.26862977756237777
1597,0.1618,39,171,39,430729,174881,43699,64257,1.619928489384564,0.2687025901362393
1598,0.1619,37,172,37,430901,174709,43736,64220,1.6183352476935047,0.26878277647334564
1599,0.162,42,184,42,431085,174525,43778,64178,1.6166308496053947,0.26886130463379176
1600,0.1621,25,173,25,431258,174352,43803,64153,1.615028344881248,0.26897968596046207
1601,0.1622,39,173,39,431431,174179,43842,64114,1.613425840157101,0.2690553226490077
1602,0.1623,38,188,38,431619,173991,43880,64076,1.6116843899366409,0.2691511213229889
1603,0.1624,34,168,34,431787,173823,43914,64042,1.6101282003779318,0.2692367519391251
1604,0.1625,42,188,42,431975,173635,43956,64000,1.6083867501574716,0.2693205967134471
1605,0.1626,42,191,42,432166,173444,43998,63958,1.6066175108377487,0.26940800835713263
1606,0.1627,30,180,30,432346,173264,44028,63928,1.604950164881989,0.26952005126648454
1607,0.1628,44,187,44,432533,173077,44072,63884,1.6032179776946163,0.2695971066968826
1608,0.1629,44,199,44,432732,172878,44116,63840,1.601374634110193,0.26968798316984766
1609,0.163,41,184,41,432916,172694,44157,63799,1.5996702360220831,0.2697711983018525
1610,0.1631,33,204,33,433120,172490,44190,63766,1.597780577272222,0.2699021400514696
1611,0.1632,31,189,31,433309,172301,44221,63735,1.5960298640186743,0.27002236946906405
1612,0.1633,42,181,42,433490,172120,44263,63693,1.594353255029827,0.2700996128288093
1613,0.1634,24,155,24,433645,171965,44287,63669,1.5929174849012562,0.270202941850497
1614,0.1635,32,190,32,433835,171775,44319,63637,1.5911575086146208,0.27032181876879685
1615,0.1636,35,179,35,434014,171596,44354,63602,1.5894994256919486,0.2704189661476713
1616,0.1637,30,194,30,434208,171402,44384,63572,1.5877023972729631,0.2705490820260965
1617,0.1638,32,173,32,434381,171229,44416,63540,1.5860998925488161,0.27064902095251075
1618,0.1639,38,201,38,434582,171028,44454,63502,1.5842380228982178,0.270762802200145
1619,0.164,39,150,39,434732,170878,44493,63463,1.5828485679350848,0.2708147528601482
1620,0.1641,39,187,39,434919,170691,44532,63424,1.581116380747712,0.2709095957115093
1621,0.1642,23,189,23,435108,170502,44555,63401,1.5793656674941643,0.2710568055989021
1622,0.1643,37,161,37,435269,170341,44592,63364,1.577874319167068,0.2711281316189213
1623,0.1644,31,180,31,435449,170161,44623,63333,1.5762069732113082,0.2712403744849975
1624,0.1645,33,173,33,435622,169988,44656,63300,1.5746044684871614,0.27133843146668496
1625,0.1646,38,173,38,435795,169815,44694,63262,1.5730019637630146,0.2714210325343127
1626,0.1647,36,162,36,435957,169653,44730,63226,1.5715013524028307,0.27149721529206156
1627,0.1648,33,184,33,436141,169469,44763,63193,1.5697969543147208,0.2716085995994189
1628,0.1649,29,197,29,436338,169272,44792,63164,1.5679721367964727,0.27174792200863895
1629,0.165,42,202,42,436540,169070,44834,63122,1.5661010041127867,0.27185260474090406
1630,0.1651,32,170,32,436710,168900,44866,63090,1.5645262884879025,0.2719513772145351
1631,0.1652,38,176,38,436886,168724,44904,63052,1.562895994664493,0.2720385199502968
1632,0.1653,23,157,23,437043,168567,44927,63029,1.561441698469747,0.27215064163457053
1633,0.1654,34,186,34,437229,168381,44961,62995,1.559718774315462,0.27226246455985065
1634,0.1655,25,175,25,437404,168206,44986,62970,1.55809774352514,0.27238986746029
1635,0.1656,36,181,36,437585,168025,45022,62934,1.5564211345362926,0.27248992245376885
1636,0.1657,46,182,46,437767,167843,45068,62888,1.5547352625143578,0.27255982074363655
1637,0.1658,32,173,32,437940,167670,45100,62856,1.5531327577902108,0.27266338721011946
1638,0.1659,38,180,38,438120,167490,45138,62818,1.551465411834451,0.27275648262326974
1639,0.166,34,189,34,438309,167301,45172,62784,1.5497146985809034,0.27287306864854294
1640,0.1661,39,178,39,438487,167123,45211,62745,1.5480658786913186,0.272961003706475
1641,0.1662,29,185,29,438672,166938,45240,62716,1.5463522175701212,0.2730890818361535
1642,0.1663,39,167,39,438839,166771,45279,62677,1.5448052910444996,0.27316428994804925
1643,0.1664,47,169,47,439008,166602,45326,62630,1.5432398384527029,0.2732166538703148
1644,0.1665,34,192,34,439200,166410,45360,62596,1.5414613360998926,0.2733378164764242
1645,0.1666,30,169,30,439369,166241,45390,62566,1.5398958835080958,0.2734444313329575
1646,0.1667,39,189,39,439558,166052,45429,62527,1.538145170254548,0.27354656377007514
1647,0.1668,28,173,28,439731,165879,45457,62499,1.5365426655304013,0.2736647137640228
1648,0.1669,28,156,28,439887,165723,45485,62471,1.5350976323687429,0.2737626756181144
1649,0.167,39,175,39,440062,165548,45524,62432,1.533476601578421,0.2738485832090534
1650,0.1671,41,188,41,440250,165360,45565,62391,1.5317351513579607,0.2739439124306809
1651,0.1672,35,165,35,440415,165195,45600,62356,1.5302067508985142,0.27403087659469744
1652,0.1673,26,181,26,440596,165014,45626,62330,1.5285301419096669,0.2741660215356464
1653,0.1674,32,185,32,440781,164829,45658,62298,1.5268164807884694,0.27428707287112497
1654,0.1675,29,166,29,440947,164663,45687,62269,1.5252788172959353,0.2743949729434368
1655,0.1676,39,161,39,441108,164502,45726,62230,1.523787468968839,0.2744650071449994
1656,0.1677,30,139,30,441247,164363,45756,62200,1.5224999073696692,0.27453732515900653
1657,0.1678,30,191,30,441438,164172,45786,62170,1.5207306680499462,0.2746728402152495
1658,0.1679,32,174,32,441612,163998,45818,62138,1.519118900292712,0.2747815473874129
1659,0.168,28,161,28,441773,163837,45846,62110,1.5176275519656157,0.2748874736110681
1660,0.1681,26,167,26,441940,163670,45872,62084,1.5160806254399941,0.2750073088405964
1661,0.1682,30,189,30,442129,163481,45902,62054,1.5143299121864464,0.2751413306138737
1662,0.1683,42,154,42,442283,163327,45944,62012,1.5129034050909629,0.27519426286617055
1663,0.1684,30,155,30,442438,163172,45974,61982,1.5114676349623921,0.27528713680414296
1664,0.1685,31,154,31,442592,163018,46005,61951,1.5100411278669088,0.27537571843231734
1665,0.1686,27,174,27,442766,162844,46032,61924,1.5084293601096743,0.2755018507972665
1666,0.1687,44,178,44,442944,162666,46076,61880,1.5067805402200896,0.27557827794750295
1667,0.1688,32,161,32,443105,162505,46108,61848,1.5052891918929934,0.27567271219907913
1668,0.1689,34,188,34,443293,162317,46142,61814,1.5035477416725334,0.275794066862683
1669,0.169,30,183,30,443476,162134,46172,61784,1.5018526066175109,0.27592243589171034
1670,0.1691,34,164,34,443640,161970,46206,61750,1.5003334691911518,0.2760146611836224
1671,0.1692,39,169,39,443809,161801,46245,61711,1.4987680165993553,0.276097032821504
1672,0.1693,37,154,37,443963,161647,46282,61674,1.497341509503872,0.27616748984645423
1673,0.1694,34,152,34,444115,161495,46316,61640,1.4959335284745636,0.27624532233849464
1674,0.1695,33,188,33,444303,161307,46349,61607,1.4941920782541036,0.27637115658953676
1675,0.1696,50,190,50,444493,161117,46399,61557,1.4924321019674682,0.27644448835517393
1676,0.1697,33,163,33,444656,160954,46432,61524,1.490922227574197,0.2765397028020748
1677,0.1698,33,145,33,444801,160809,46465,61491,1.4895790877765016,0.276612685560054
1678,0.1699,30,178,30,444979,160631,46495,61461,1.4879302678869168,0.27673666768726474
1679,0.17,48,186,48,445165,160445,46543,61413,1.4862073437326317,0.276812195187913
1680,0.1701,33,180,33,445345,160265,46576,61380,1.484539997776872,0.2769293239188793
1681,0.1702,25,166,25,445511,160099,46601,61355,1.4830023342843381,0.27705528010331715
1682,0.1703,29,163,29,445674,159936,46630,61326,1.4814924598910668,0.27716462835913985
1683,0.1704,40,185,40,445859,159751,46670,61286,1.4797787987698692,0.27726579712898747
1684,0.1705,46,154,46,446013,159597,46716,61240,1.4783522916743859,0.2773086031779095
1685,0.1706,41,184,41,446197,159413,46757,61199,1.476647893586276,0.27740558083875766
1686,0.1707,34,167,34,446364,159246,46791,61165,1.4751009670606543,0.2775042987872656
1687,0.1708,42,179,42,446543,159067,46833,61123,1.473442884137982,0.27759207956764614
1688,0.1709,29,171,29,446714,158896,46862,61094,1.4718589054800104,0.2777126233010591
1689,0.171,35,169,35,446883,158727,46897,61059,1.4702934528882137,0.2778111435669242
1690,0.1711,39,159,39,447042,158568,46936,61020,1.4688206306272926,0.27788403737909173
1691,0.1712,44,168,44,447210,158400,46980,60976,1.4672644410685836,0.27795200933556996
1692,0.1713,21,176,21,447386,158224,47001,60955,1.465634147245174,0.278106022931029
1693,0.1714,42,164,42,447550,158060,47043,60913,1.4641150098188151,0.2781758481639289
1694,0.1715,38,188,38,447738,157872,47081,60875,1.462373559598355,0.27828953082785135
1695,0.1716,29,141,29,447879,157731,47110,60846,1.4610674719330097,0.27837329636695535
1696,0.1717,34,152,34,448031,157579,47144,60812,1.4596594909037015,0.27845469822474367
1697,0.1718,24,148,24,448179,157431,47168,60788,1.4582885620067434,0.27856419468515575
1698,0.1719,35,158,35,448337,157273,47203,60753,1.45682500277891,0.2786502527221524
1699,0.172,35,186,35,448523,157087,47238,60718,1.455102078624625,0.27877229632010286
1700,0.1721,27,152,27,448675,156935,47265,60691,1.4536940975953165,0.27887752382527825
1701,0.1722,31,188,31,448863,156747,47296,60660,1.4519526473748565,0.279015855055265
1702,0.1723,31,159,31,449022,156588,47327,60629,1.4504798251139353,0.27911719616788744
1703,0.1724,35,169,35,449191,156419,47362,60594,1.4489143725221387,0.2792182956781391
1704,0.1725,39,175,39,449366,156244,47401,60555,1.4472933417318166,0.2793140189761023
1705,0.1726,39,162,39,449528,156082,47440,60516,1.445792730371633,0.2793931615250372
1706,0.1727,35,172,35,449700,155910,47475,60481,1.4441994886805736,0.2794986852503108
1707,0.1728,37,164,37,449864,155746,47512,60444,1.4426803512542148,0.27958739997224663
1708,0.1729,31,164,31,450028,155582,47543,60413,1.4411612138278558,0.27969628926595524
1709,0.173,27,144,27,450172,155438,47570,60386,1.439827337063248,0.2797927941285492
1710,0.1731,26,165,26,450337,155273,47596,60360,1.4382989366038015,0.27992004934309683
1711,0.1732,36,150,36,450487,155123,47632,60324,1.4369094816406685,0.27999461584519625
1712,0.1733,27,132,27,450619,154991,47659,60297,1.4356867612731112,0.28007599123035193
1713,0.1734,28,162,28,450781,154829,47687,60269,1.4341861499129276,0.28019321425582755
1714,0.1735,35,157,35,450938,154672,47722,60234,1.4327318537181815,0.28028068085581603
1715,0.1736,30,174,30,451112,154498,47752,60204,1.431120085960947,0.28040726215871303
1716,0.1737,30,163,30,451275,154335,47782,60174,1.4296102115676756,0.2805196984741899
1717,0.1738,35,182,35,451457,154153,47817,60139,1.4279243395457408,0.2806404345472533
1718,0.1739,34,156,34,451613,153997,47851,60105,1.4264793063840824,0.2807306797694557
1719,0.174,35,147,35,451760,153850,47886,60070,1.425117640520212,0.2808059087509349
1720,0.1741,29,142,29,451902,153708,47915,60041,1.4238022898217793,0.28089488137956203
1721,0.1742,35,143,35,452045,153565,47950,60006,1.422477676090259,0.28096511230457316
1722,0.1743,26,155,26,452200,153410,47976,59980,1.4210419059616881,0.2810815877032663
1723,0.1744,26,146,26,452346,153264,48002,59954,1.4196895031309051,0.28118639139284674
1724,0.1745,36,171,36,452517,153093,48038,59918,1.4181055244729335,0.2812906375727075
1725,0.1746,41,175,41,452692,152918,48079,59877,1.4164844936826115,0.28138349115345757
1726,0.1747,35,166,35,452858,152752,48114,59842,1.4149468301900774,0.2814848960930224
1727,0.1748,40,132,40,452990,152620,48154,59802,1.4137241098225204,0.28152451252695104
1728,0.1749,28,165,28,453155,152455,48182,59774,1.412195709363074,0.2816485965631464
1729,0.175,45,180,45,453335,152275,48227,59729,1.410528363407314,0.28173525027829666
1730,0.1751,29,139,29,453474,152136,48256,59700,1.4092408018081442,0.28182178666515606
1731,0.1752,28,160,28,453634,151976,48284,59672,1.4077587165141354,0.2819398246144542
1732,0.1753,24,163,24,453797,151813,48308,59648,1.406248842120864,0.28207565461243445
1733,0.1754,41,162,41,453959,151651,48349,59607,1.4047482307606802,0.28215262853951095
1734,0.1755,38,158,38,454117,151493,48387,59569,1.4032846715328466,0.2822346040499948
1735,0.1756,44,173,44,454290,151320,48431,59525,1.4016821668086998,0.2823163935592497
1736,0.1757,40,167,40,454457,151153,48471,59485,1.4001352402830782,0.282403934712635
1737,0.1758,24,152,24,454609,151001,48495,59461,1.39872725925377,0.28252606171185296
1738,0.1759,36,165,36,454774,150836,48531,59425,1.3971988587943236,0.28262492806559464
1739,0.176,32,160,32,454934,150676,48563,59393,1.3957167735003149,0.28273091222407876
1740,0.1761,38,162,38,455096,150514,48601,59355,1.3942161621401312,0.2828192825048006
1741,0.1762,40,161,40,455257,150353,48641,59315,1.392724813813035,0.28289963179884386
1742,0.1763,34,162,34,455419,150191,48675,59281,1.3912242024528512,0.2830020241368775
1743,0.1764,36,159,36,455578,150032,48711,59245,1.3897513801919301,0.2830936987819971
1744,0.1765,39,174,39,455752,149858,48750,59206,1.3881396124346956,0.28319557647418975
1745,0.1766,31,152,31,455904,149706,48781,59175,1.3867316314053875,0.2832952733853247
1746,0.1767,34,179,34,456083,149527,48815,59141,1.3850735484827152,0.2834215116836314
1747,0.1768,40,155,40,456238,149372,48855,59101,1.3836377783541443,0.28349474512286965
1748,0.1769,28,145,28,456383,149227,48883,59073,1.382294638556449,0.28359577532405184
1749,0.177,33,161,33,456544,149066,48916,59040,1.3808032902293528,0.2837015751588133
1750,0.1771,38,170,38,456714,148896,48954,59002,1.3792285746044686,0.28380263398397293
1751,0.1772,37,143,37,456857,148753,48991,58965,1.3779039608729482,0.28387043973078885
1752,0.1773,32,131,32,456988,148622,49023,58933,1.3766905035384787,0.28393919683939195
1753,0.1774,41,148,41,457136,148474,49064,58892,1.3753195746415205,0.2840002700539143
1754,0.1775,33,156,33,457292,148318,49097,58859,1.373874541479862,0.28410006902310586
1755,0.1776,32,143,32,457435,148175,49129,58827,1.372549927748342,0.28418566004193196
1756,0.1777,28,137,28,457572,148038,49157,58799,1.371280892215347,0.2842769910605936
1757,0.1778,40,127,40,457699,147911,49197,58759,1.3701044870132275,0.2843131562394155
1758,0.1779,41,145,41,457844,147766,49238,58718,1.3687613472155322,0.2843707018461479
1759,0.178,41,164,41,458008,147602,49279,58677,1.3672422097891734,0.2844545494209299
1760,0.1781,34,146,34,458154,147456,49313,58643,1.3658898069583905,0.28453801328487766
1761,0.1782,33,169,33,458323,147287,49346,58610,1.3643243543665937,0.2846568915525724
1762,0.1783,35,169,35,458492,147118,49381,58575,1.3627589017747972,0.2847690490196555
1763,0.1784,28,167,28,458659,146951,49409,58547,1.3612119752491756,0.2849030160877478
1764,0.1785,35,152,35,458811,146799,49444,58512,1.3598039942198674,0.28499203647149934
1765,0.1786,25,171,25,458982,146628,49469,58487,1.3582200155618955,0.2851424810472174
1766,0.1787,34,145,34,459127,146483,49503,58453,1.3568768757642002,0.28522563141663737
1767,0.1788,40,141,40,459268,146342,49543,58413,1.355570788098855,0.28528241068594173
1768,0.1789,36,160,36,459428,146182,49579,58377,1.3540887028048465,0.28537976818424027
1769,0.179,38,164,38,459592,146018,49617,58339,1.3525695653784875,0.28547590735820155
1770,0.1791,29,163,29,459755,145855,49646,58310,1.3510596909852162,0.28560233144760366
1771,0.1792,42,161,42,459916,145694,49688,58268,1.34956834265812,0.28568066600641295
1772,0.1793,30,164,30,460080,145530,49718,58238,1.3480492052317612,0.2858054257783361
1773,0.1794,36,165,36,460245,145365,49754,58202,1.3465208047723147,0.28591078121699487
1774,0.1795,27,145,27,460390,145220,49781,58175,1.3451776649746192,0.2860198136630694
1775,0.1796,35,156,35,460546,145064,49816,58140,1.3437326318129608,0.28611641503120017
1776,0.1797,22,143,22,460689,144921,49838,58118,1.3424080180814406,0.28624057447091444
1777,0.1798,35,126,35,460815,144795,49873,58083,1.3412408759124088,0.28629521190074825
1778,0.1799,27,156,27,460971,144639,49900,58056,1.3397958427507504,0.2864204839783912
1779,0.18,36,165,36,461136,144474,49936,58020,1.338267442291304,0.2865270082076506
1780,0.1801,33,166,33,461302,144308,49969,57987,1.33672977879877,0.28664574013198546
1781,0.1802,39,174,39,461476,144134,50008,57948,1.3351180110415355,0.28675488168169355
1782,0.1803,36,150,36,461626,143984,50044,57912,1.3337285560784022,0.2868407496929112
1783,0.1804,27,168,27,461794,143816,50071,57885,1.3321723665196932,0.2869841993842371
1784,0.1805,34,134,34,461928,143682,50105,57851,1.330931120085961,0.2870547255288216
1785,0.1806,28,164,28,462092,143518,50133,57823,1.329411982659602,0.2871893951058155
1786,0.1807,31,140,31,462232,143378,50164,57792,1.3281151580273445,0.2872794154197942
1787,0.1808,34,165,34,462397,143213,50198,57758,1.326586757567898,0.2873946987376288
1788,0.1809,36,135,36,462532,143078,50234,57722,1.3253362481010782,0.2874601593625498
1789,0.181,28,146,28,462678,142932,50262,57694,1.3239838452702952,0.287569906193614
1790,0.1811,30,184,30,462862,142748,50292,57664,1.3222794471821853,0.28772728179949303
1791,0.1812,42,136,42,462998,142612,50334,57622,1.321019674682278,0.28777330523287753
1792,0.1813,42,122,42,463120,142490,50376,57580,1.3198895846455962,0.28779927025541063
1793,0.1814,41,162,41,463282,142328,50417,57539,1.3183889732854126,0.2878864444855829
1794,0.1815,43,132,43,463414,142196,50460,57496,1.3171662529178554,0.2879234020391403
1795,0.1816,34,172,34,463586,142024,50494,57462,1.315573011226796,0.2880502892433554
1796,0.1817,38,134,38,463720,141890,50532,57424,1.314331764793064,0.2881082111642935
1797,0.1818,28,177,28,463897,141713,50560,57396,1.3126922079365668,0.28826421708712313
1798,0.1819,44,151,44,464048,141562,50604,57352,1.3112934899403461,0.28832560805172086
1799,0.182,27,181,27,464229,141381,50631,57325,1.3096168809514988,0.2884915402655179
1800,0.1821,43,158,43,464387,141223,50674,57282,1.3081533217236652,0.2885670386136369
1801,0.1822,40,144,40,464531,141079,50714,57242,1.3068194449590573,0.28863307466178567
1802,0.1823,28,156,28,464687,140923,50742,57214,1.3053744117973989,0.28875979751384145
1803,0.1824,34,161,34,464848,140762,50776,57180,1.3038830634703027,0.28887249800446596
1804,0.1825,32,161,32,465009,140601,50808,57148,1.3023917151432065,0.28899261184633046
1805,0.1826,32,166,32,465175,140435,50840,57116,1.3008540516506726,0.2891202778016816
1806,0.1827,30,147,30,465322,140288,50870,57086,1.299492385786802,0.2892275578343652
1807,0.1828,34,135,34,465457,140153,50904,57052,1.2982418763199821,0.2893030095585812
1808,0.1829,37,121,37,465578,140032,50941,57015,1.297121049316388,0.28934721157896337
1809,0.183,27,150,27,465728,139882,50968,56988,1.295731594353255,0.2894702087672068
1810,0.1831,31,152,31,465880,139730,50999,56957,1.2943236133239469,0.28958192458067894
1811,0.1832,24,129,24,466009,139601,51023,56933,1.2931286820556522,0.2896852453010675
1812,0.1833,39,141,39,466150,139460,51062,56894,1.2918225943903072,0.28975218228301947
1813,0.1834,29,129,29,466279,139331,51091,56865,1.2906276631220126,0.28983771330710106
1814,0.1835,39,160,39,466439,139171,51130,56826,1.289145577828004,0.2899330091787119
1815,0.1836,28,146,28,466585,139025,51158,56798,1.2877931749972211,0.2900476450672291
1816,0.1837,27,144,27,466729,138881,51185,56771,1.2864592982326133,0.29016314681168603
1817,0.1838,39,143,39,466872,138738,51224,56732,1.2851346845010931,0.29023379546733513
1818,0.1839,37,131,37,467003,138607,51261,56695,1.2839212271666234,0.2902940062057736
1819,0.184,39,157,39,467160,138450,51300,56656,1.2824669309718775,0.29038573903416603
1820,0.1841,31,137,31,467297,138313,51331,56625,1.2811978954388825,0.29047697216550905
1821,0.1842,25,151,25,467448,138162,51356,56600,1.2797991774426618,0.29061110483564556
1822,0.1843,28,147,28,467595,138015,51384,56572,1.2784375115787914,0.2907285687121956
1823,0.1844,37,144,37,467739,137871,51421,56535,1.2771036348141835,0.29080892565044286
1824,0.1845,30,139,30,467878,137732,51451,56505,1.2758160732150134,0.2909074996010029
1825,0.1846,45,156,45,468034,137576,51496,56460,1.274371040053355,0.29097693211568987
1826,0.1847,41,133,41,468167,137443,51537,56419,1.2731390566527103,0.2910266065551784
1827,0.1848,35,150,35,468317,137293,51572,56384,1.2717496016895773,0.29112388151406726
1828,0.1849,26,154,26,468471,137139,51598,56358,1.270323094594094,0.29126032961751347
1829,0.185,34,141,34,468612,136998,51632,56324,1.2690170069287487,0.2913481135101023
1830,0.1851,31,134,31,468746,136864,51663,56293,1.2677757604950164,0.29143649984209735
1831,0.1852,25,144,25,468890,136720,51688,56268,1.2664418837304088,0.29156216966858045
1832,0.1853,32,146,32,469036,136574,51720,56236,1.2650894808996258,0.29166537005342047
1833,0.1854,35,139,35,469175,136435,51755,56201,1.2638019193004557,0.29174712930085756
1834,0.1855,32,137,32,469312,136298,51787,56169,1.2625328837674608,0.2918370421942463
1835,0.1856,40,134,40,469446,136164,51827,56129,1.2612916373337286,0.29189310063288837
1836,0.1857,36,148,36,469594,136016,51863,56093,1.2599207084367705,0.2919852791904596
1837,0.1858,33,155,33,469749,135861,51896,56060,1.2584849383081997,0.29209935337977605
1838,0.1859,37,143,37,469892,135718,51933,56023,1.2571603245766794,0.2921805977855545
1839,0.186,33,149,33,470041,135569,51966,55990,1.2557801326466338,0.2922859275732281
1840,0.1861,32,143,32,470184,135426,51998,55958,1.2544555189151136,0.29238598837938384
1841,0.1862,30,141,30,470325,135285,52028,55928,1.2531494312497684,0.29249057333967876
1842,0.1863,30,157,30,470482,135128,52058,55898,1.2516951350550225,0.2926198527949075
1843,0.1864,30,131,30,470613,134997,52088,55868,1.2504816777205527,0.292709506719409
1844,0.1865,32,122,32,470735,134875,52120,55836,1.2493515876838712,0.2927780778245618
1845,0.1866,30,149,30,470884,134726,52150,55806,1.2479713957538257,0.2928956815653014
1846,0.1867,32,119,32,471003,134607,52182,55774,1.2468690948164067,0.29295990671338
1847,0.1868,45,157,45,471160,134450,52227,55729,1.2454147986216606,0.2930344570115523
1848,0.1869,37,142,37,471302,134308,52264,55692,1.244099447923228,0.2931157894736842
1849,0.187,26,135,26,471437,134173,52290,55666,1.242848938456408,0.2932274190234883
1850,0.1871,41,135,41,471572,134038,52331,55625,1.2415984289895883,0.29328334994173877
1851,0.1872,23,123,23,471695,133915,52354,55602,1.240459075919819,0.293387928259734
1852,0.1873,24,141,24,471836,133774,52378,55578,1.239152988254474,0.2935168363682454
1853,0.1874,24,143,24,471979,133631,52402,55554,1.2378283745229537,0.2936490736580596
1854,0.1875,26,134,26,472113,133497,52428,55528,1.2365871280892216,0.29376008464488823
1855,0.1876,28,128,28,472241,133369,52456,55500,1.2354014598540146,0.29385447055895886
1856,0.1877,27,148,27,472389,133221,52483,55473,1.2340305309570565,0.29398391045820216
1857,0.1878,20,152,20,472541,133069,52503,55453,1.2326225499277483,0.29414604131082844
1858,0.1879,28,143,28,472684,132926,52531,55425,1.2312979361962282,0.29426443183205825
1859,0.188,30,132,30,472816,132794,52561,55395,1.230075215828671,0.2943583312520923
1860,0.1881,26,126,26,472942,132668,52587,55369,1.2289080736596392,0.2944580056052798
1861,0.1882,29,137,29,473079,132531,52616,55340,1.2276390381266442,0.29456382304879414
1862,0.1883,33,139,33,473218,132392,52649,55307,1.2263514765274741,0.2946579363768587
1863,0.1884,33,152,33,473370,132240,52682,55274,1.224943495498166,0.29477265697494587
1864,0.1885,38,143,38,473513,132097,52720,55236,1.2236188817666456,0.2948546171790341
1865,0.1886,21,129,21,473642,131968,52741,55215,1.2224239504983512,0.294978710673512
1866,0.1887,31,155,31,473797,131813,52772,55184,1.2209881803697802,0.29510633860436264
1867,0.1888,35,137,35,473934,131676,52807,55149,1.2197191448367855,0.29519068647129665
1868,0.1889,21,128,21,474062,131548,52828,55128,1.2185334766015785,0.29531380573828453
1869,0.189,26,133,26,474195,131415,52854,55102,1.2173014932009336,0.2954261541843371
1870,0.1891,31,119,31,474314,131296,52885,55071,1.2161991922635147,0.2954975934580693
1871,0.1892,18,112,18,474426,131184,52903,55053,1.2151617325577087,0.29560721016768954
1872,0.1893,32,139,32,474565,131045,52935,55021,1.2138741709585386,0.29570689970225617
1873,0.1894,32,133,32,474698,130912,52967,54989,1.2126421875578939,0.2957972254049198
1874,0.1895,30,150,30,474848,130762,52997,54959,1.2112527325947609,0.2959223781909423
1875,0.1896,33,140,33,474988,130622,53030,54926,1.2099559079625033,0.2960204367602992
1876,0.1897,38,117,38,475105,130505,53068,54888,1.2088721330912593,0.2960629581483659
1877,0.1898,41,147,41,475252,130358,53109,54847,1.2075104672273889,0.29614211279393104
1878,0.1899,29,136,29,475388,130222,53138,54818,1.2062506947274816,0.2962494595763078
1879,0.19,31,139,31,475527,130083,53169,54787,1.2049631331283115,0.296354194839617
1880,0.1901,37,116,37,475643,129967,53206,54750,1.2038886212901552,0.29639935685399826
1881,0.1902,38,124,38,475767,129843,53244,54712,1.2027400051872985,0.2964536317087047
1882,0.1903,40,115,40,475882,129728,53284,54672,1.2016747563822299,0.29648590021691973
1883,0.1904,38,117,38,475999,129611,53322,54634,1.2005909815109859,0.2965290781296643
1884,0.1905,38,147,38,476146,129464,53360,54596,1.1992293156471154,0.2966206671737477
1885,0.1906,29,136,29,476282,129328,53389,54567,1.1979695431472082,0.29672911172136274
1886,0.1907,24,130,24,476412,129198,53413,54543,1.196765348845826,0.2968471925155518
1887,0.1908,28,143,28,476555,129055,53441,54515,1.195440735114306,0.29697118265511796
1888,0.1909,28,121,28,476676,128934,53469,54487,1.1943199081107119,0.29705976960108166
1889,0.191,36,118,36,476794,128816,53505,54451,1.1932268702063804,0.29711295541477734
1890,0.1911,35,129,35,476923,128687,53540,54416,1.1920319389380858,0.2971879215523503
1891,0.1912,32,138,32,477061,128549,53572,54384,1.1907536403720034,0.2972891714452833
1892,0.1913,32,130,32,477191,128419,53604,54352,1.1895494460706213,0.29737759272532294
1893,0.1914,30,148,30,477339,128271,53634,54322,1.1881785171736634,0.2975031901551538
1894,0.1915,37,131,37,477470,128140,53671,54285,1.1869650598391936,0.29757434562148827
1895,0.1916,35,125,35,477595,128015,53706,54250,1.1858071807032495,0.29764354099799745
1896,0.1917,30,162,30,477757,127853,53736,54220,1.1843065693430657,0.2977926436099806
1897,0.1918,38,133,38,477890,127720,53774,54182,1.183074585942421,0.29786368484128817
1898,0.1919,38,163,38,478053,127557,53812,54144,1.1815647115491497,0.2979840507206895
1899,0.192,37,125,37,478178,127432,53849,54107,1.1804068324132053,0.29804614986311484
1900,0.1921,18,125,18,478303,127307,53867,54089,1.1792489532772612,0.2981818783214624
1901,0.1922,37,130,37,478433,127177,53904,54052,1.1780447589758791,0.2982524871847221
1902,0.1923,37,143,37,478576,127034,53941,54015,1.1767201452443588,0.2983446470292573
1903,0.1924,31,129,31,478705,126905,53972,53984,1.1755252139760644,0.2984371631221357
1904,0.1925,27,115,27,478820,126790,53999,53957,1.1744599651709955,0.29852224379934383
1905,0.1926,21,119,21,478939,126671,54020,53936,1.1733576642335766,0.29863737285930225
1906,0.1927,27,129,27,479068,126542,54047,53909,1.1721627329652822,0.29874591994502664
1907,0.1928,32,149,32,479217,126393,54079,53877,1.1707825410352366,0.29886836412048595
1908,0.1929,26,125,26,479342,126268,54105,53851,1.1696246618992923,0.29897456681416174
1909,0.193,41,113,41,479455,126155,54146,53810,1.1685779391603988,0.29900258383574585
1910,0.1931,30,119,30,479574,126036,54176,53780,1.1674756382229798,0.29908350758553187
1911,0.1932,27,122,27,479696,125914,54203,53753,1.166345548186298,0.2991812631145397
1912,0.1933,41,141,41,479837,125773,54244,53712,1.165039460520953,0.29925620525392094
1913,0.1934,30,123,30,479960,125650,54274,53682,1.1639001074511839,0.29934423304262486
1914,0.1935,31,153,31,480113,125497,54305,53651,1.162482863388788,0.29947864335633106
1915,0.1936,27,114,27,480227,125383,54332,53624,1.1614268776168069,0.2995637042126844
1916,0.1937,41,145,41,480372,125238,54373,53583,1.1600837378191116,0.2996460147298136
1917,0.1938,31,127,31,480499,125111,54404,53552,1.158907332616992,0.29973749461276256
1918,0.1939,37,123,37,480622,124988,54441,53515,1.1577679795472229,0.2997988829319395
1919,0.194,33,116,33,480738,124872,54474,53482,1.1566934677090666,0.29986431478968795
1920,0.1941,24,131,24,480869,124741,54498,53458,1.155480010374597,0.29999046010359204
1921,0.1942,28,128,28,480997,124613,54526,53430,1.15429434213939,0.3000960442140382
1922,0.1943,28,111,28,481108,124502,54554,53402,1.1532661454666715,0.30017312707977334
1923,0.1944,36,128,36,481236,124374,54590,53366,1.1520804772314646,0.3002475526049285
1924,0.1945,34,134,34,481370,124240,54624,53332,1.1508392307977324,0.3003401437163517
1925,0.1946,29,109,29,481479,124131,54653,53303,1.149829560191189,0.3004102934048717
1926,0.1947,40,118,40,481597,124013,54693,53263,1.1487365222868575,0.3004524019043751
1927,0.1948,39,151,39,481748,123862,54732,53224,1.147337804290637,0.30055453282585864
1928,0.1949,32,142,32,481890,123720,54764,53192,1.1460224535922043,0.30066925929275573
1929,0.195,27,130,27,482020,123590,54791,53165,1.1448182592908223,0.30078357047891147
1930,0.1951,26,137,26,482157,123453,54817,53139,1.1435492237578273,0.30091397118782276
1931,0.1952,26,139,26,482296,123314,54843,53113,1.1422616621586572,0.3010480255289723
1932,0.1953,18,147,18,482443,123167,54861,53095,1.1408999962947868,0.3012277178291407
1933,0.1954,36,138,36,482581,123029,54897,53059,1.1396216977287044,0.301320930443869
1934,0.1955,44,135,44,482716,122894,54941,53015,1.1383711882618845,0.3013774167325151
1935,0.1956,25,124,25,482840,122770,54966,52990,1.1372225721590277,0.3014906690942194
1936,0.1957,29,141,29,482981,122629,54995,52961,1.1359164844936827,0.3016174041801925
1937,0.1958,27,134,27,483115,122495,55022,52934,1.1346752380599503,0.30174030519469414
1938,0.1959,40,121,40,483236,122374,55062,52894,1.1335544110563562,0.30178925987630373
1939,0.196,33,143,33,483379,122231,55095,52861,1.132229797324836,0.3019041418225847
1940,0.1961,36,116,36,483495,122115,55131,52825,1.1311552854866798,0.301960672230479
1941,0.1962,34,120,34,483615,121995,55165,52791,1.1300437215161732,0.302032199375236
1942,0.1963,26,141,26,483756,121854,55191,52765,1.1287376338508281,0.3021721576689822
1943,0.1964,35,125,35,483881,121729,55226,52730,1.1275797547148838,0.30224866587564986
1944,0.1965,32,107,32,483988,121622,55258,52698,1.1265886101745155,0.3023061037173015
1945,0.1966,28,119,28,484107,121503,55286,52670,1.1254863092370966,0.3024004868722477
1946,0.1967,32,109,32,484216,121394,55318,52638,1.1244766386305531,0.3024616162544819
1947,0.1968,29,108,29,484324,121286,55347,52609,1.1234762310570974,0.3025331378130481
1948,0.1969,21,122,21,484446,121164,55368,52588,1.1223461410204156,0.3026612643307703
1949,0.197,32,134,32,484580,121030,55400,52556,1.1211048945866835,0.3027663521251714
1950,0.1971,33,115,33,484695,120915,55433,52523,1.1200396457816146,0.30283444227908535
1951,0.1972,44,125,44,484820,120790,55477,52479,1.1188817666456705,0.30287587508440633
1952,0.1973,32,125,32,484945,120665,55509,52447,1.1177238875097262,0.30296571006053885
1953,0.1974,21,134,21,485079,120531,55530,52426,1.1164826410759938,0.3031158033499656
1954,0.1975,23,132,23,485211,120399,55553,52403,1.1152599207084368,0.30325459196074117
1955,0.1976,39,125,39,485336,120274,55592,52364,1.1141020415724925,0.303316766876354
1956,0.1977,31,123,31,485459,120151,55623,52333,1.1129626885027233,0.30340785232253425
1957,0.1978,28,125,28,485584,120026,55651,52305,1.1118048093667792,0.30351474778188486
1958,0.1979,30,133,30,485717,119893,55681,52275,1.1105728259661343,0.30362785186561964
1959,0.198,20,141,20,485858,119752,55701,52255,1.1092667383007893,0.30379577575331235
1960,0.1981,29,119,29,485977,119633,55730,52226,1.1081644373633703,0.3038886529073252
1961,0.1982,32,126,32,486103,119507,55762,52194,1.1069972951943385,0.3039819220621895
1962,0.1983,34,129,34,486232,119378,55796,52160,1.105802363926044,0.30407256701139107
1963,0.1984,35,128,35,486360,119250,55831,52125,1.104616695690837,0.3041575492341357
1964,0.1985,34,111,34,486471,119139,55865,52091,1.1035884990181184,0.3042165508380541
1965,0.1986,33,133,33,486604,119006,55898,52058,1.1023565156174737,0.3043188514240284
1966,0.1987,29,112,29,486716,118894,55927,52029,1.1013190559116677,0.30440022700280245
1967,0.1988,39,145,39,486861,118749,55966,51990,1.0999759161139724,0.30449985064923657
1968,0.1989,30,121,30,486982,118628,55996,51960,1.0988550891103783,0.3045935235772739
1969,0.199,29,121,29,487103,118507,56025,51931,1.0977342621067843,0.30469144204930826
1970,0.1991,30,136,30,487239,118371,56055,51901,1.0964744896068768,0.3048123003194888
1971,0.1992,20,114,20,487353,118257,56075,51881,1.0954185038348958,0.304934817618639
1972,0.1993,19,117,19,487470,118140,56094,51862,1.0943347289636518,0.305066999211774
1973,0.1994,32,128,32,487598,118012,56126,51830,1.0931490607284449,0.30516597779112353
1974,0.1995,38,122,38,487720,117890,56164,51792,1.0920189706917633,0.3052297827701229
1975,0.1996,17,112,17,487832,117778,56181,51775,1.0909815109859573,0.3053617452949815
1976,0.1997,33,138,33,487970,117640,56214,51742,1.0897032124198747,0.3054751980729948
1977,0.1998,28,100,28,488070,117540,56242,51714,1.0887769091111192,0.30554078485589703
1978,0.1999,22,106,22,488176,117434,56264,51692,1.0877950276038386,0.3056419474238142
1979,0.2,30,112,30,488288,117322,56294,51662,1.0867575678980326,0.3057212517161388
1980,0.2001,35,135,35,488423,117187,56329,51627,1.0855070584312128,0.3058217920314666
1981,0.2002,33,122,33,488545,117065,56362,51594,1.084376968394531,0.30590718550447943
1982,0.2003,34,125,34,488670,116940,56396,51560,1.083219089258587,0.3059940652818991
1983,0.2004,28,133,28,488803,116807,56424,51532,1.0819871058579422,0.3061203880265417
1984,0.2005,29,114,29,488917,116693,56453,51503,1.080931120085961,0.30620823325168256
1985,0.2006,32,107,32,489024,116586,56485,51471,1.0799399755455927,0.30627108659561936
1986,0.2007,33,121,33,489145,116465,56518,51438,1.0788191485419987,0.306355455233081
1987,0.2008,27,113,27,489258,116352,56545,51411,1.077772425803105,0.30645017077663134
1988,0.2009,26,102,26,489360,116250,56571,51385,1.0768275964281744,0.30652906612580905
1989,0.201,31,129,31,489489,116121,56602,51354,1.07563266515988,0.3066368114643977
1990,0.2011,32,129,32,489618,115992,56634,51322,1.0744377338915854,0.3067406194341179
1991,0.2012,28,108,28,489726,115884,56662,51294,1.0734373263181296,0.30682266805440905
1992,0.2013,32,123,32,489849,115761,56694,51262,1.0722979732483604,0.30691581398969003
1993,0.2014,29,142,29,489991,115619,56723,51233,1.0709826225499277,0.3070565531129384
1994,0.2015,25,128,25,490119,115491,56748,51208,1.0697969543147208,0.30718840544934284
1995,0.2016,18,103,18,490222,115388,56766,51190,1.0688428619067027,0.30730348545426167
1996,0.2017,29,131,29,490353,115257,56795,51161,1.0676294045722332,0.30742467761900755
1997,0.2018,28,111,28,490464,115146,56823,51133,1.0666012078995146,0.3075132758796962
1998,0.2019,36,128,36,490592,115018,56859,51097,1.0654155396643077,0.3076001565180748
1999,0.202,23,114,23,490706,114904,56882,51074,1.0643595538923265,0.3077154803648676
2000,0.2021,29,101,29,490807,114803,56911,51045,1.0634239875504836,0.30778182432106505
2001,0.2022,28,122,28,490929,114681,56939,51017,1.0622938975138019,0.30789146519571753
2002,0.2023,21,112,21,491041,114569,56960,50996,1.0612564378079958,0.308011959049316
2003,0.2024,32,112,32,491153,114457,56992,50964,1.0602189781021898,0.3080866395439515
2004,0.2025,26,111,26,491264,114346,57018,50938,1.0591907814294712,0.30818470027346867
2005,0.2026,26,121,26,491385,114225,57044,50912,1.0580699544258771,0.3083015920114814
2006,0.2027,37,119,37,491504,114106,57081,50875,1.0569676534884582,0.3083688424727696
2007,0.2028,30,107,30,491611,113999,57111,50845,1.05597650894809,0.3084431341146781
2008,0.2029,29,133,29,491744,113866,57140,50816,1.0547445255474452,0.30857045700197955
2009,0.203,31,89,31,491833,113777,57171,50785,1.053920115602653,0.30860709033677275
2010,0.2031,22,111,22,491944,113666,57193,50763,1.0528919189299344,0.3087229138412324
2011,0.2032,35,117,35,492061,113549,57228,50728,1.0518081440586906,0.30879551002270555
2012,0.2033,27,100,27,492161,113449,57255,50701,1.0508818407499352,0.3088699360341151
2013,0.2034,31,83,31,492244,113366,57286,50670,1.050113009003668,0.308895608281109
2014,0.2035,38,114,38,492358,113252,57324,50632,1.049057023231687,0.308950233091699
2015,0.2036,31,106,31,492464,113146,57355,50601,1.0480751417244063,0.30901940188217186
2016,0.2037,34,125,34,492589,113021,57389,50567,1.046917262588462,0.30911191529941073
2017,0.2038,38,137,38,492726,112884,57427,50529,1.045648227055467,0.30921040553689116
2018,0.2039,25,118,25,492844,112766,57452,50504,1.0445551891511355,0.309328106816929
2019,0.204,30,122,30,492966,112644,57482,50474,1.043425099114454,0.30943243541485305
2020,0.2041,24,132,24,493098,112512,57506,50450,1.0422023787468968,0.3095813747990329
2021,0.2042,29,139,29,493237,112373,57535,50421,1.040914817147727,0.30972271705345406
2022,0.2043,29,131,29,493368,112242,57564,50392,1.0397013598132572,0.30984910904238966
2023,0.2044,28,121,28,493489,112121,57592,50364,1.0385805328096631,0.3099609194694895
2024,0.2045,29,122,29,493611,111999,57621,50335,1.0374504427729816,0.31007059519262753
2025,0.2046,28,114,28,493725,111885,57649,50307,1.0363944570010004,0.3101694288250962
2026,0.2047,33,93,33,493818,111792,57682,50274,1.0355329949238579,0.3102069527229647
2027,0.2048,34,108,34,493926,111684,57716,50240,1.034532587350402,0.31026901509350063
2028,0.2049,36,118,36,494044,111566,57752,50204,1.0334395494460706,0.31034184335785375
2029,0.205,24,109,24,494153,111457,57776,50180,1.0324298788395272,0.31044872151796926
2030,0.2051,29,102,29,494255,111355,57805,50151,1.0314850494645966,0.31052097135710127
2031,0.2052,32,99,32,494354,111256,57837,50119,1.0305680091889289,0.31057474825716497
2032,0.2053,33,108,33,494462,111148,57870,50086,1.029567601615473,0.3106416760732848
2033,0.2054,25,110,25,494572,111038,57895,50061,1.028548667975842,0.3107468078634877
2034,0.2055,36,117,36,494689,110921,57931,50025,1.0274648931045982,0.31081853540939197
2035,0.2056,28,126,28,494815,110795,57959,49997,1.0262977509355664,0.31094208667097867
2036,0.2057,32,112,32,494927,110683,57991,49965,1.0252602912297604,0.31102161246949855
2037,0.2058,34,125,34,495052,110558,58025,49931,1.024102412093816,0.3111178959305622
2038,0.2059,25,122,25,495174,110436,58050,49906,1.0229723220571343,0.3112472090905689
2039,0.206,33,107,33,495281,110329,58083,49873,1.021981177516766,0.3113132170634574
2040,0.2061,42,118,42,495399,110211,58125,49831,1.0208881396124347,0.31136201747041403
2041,0.2062,23,119,23,495518,110092,58148,49808,1.0197858386750158,0.311494684177611
2042,0.2063,29,122,29,495640,109970,58177,49779,1.018655748638334,0.3116075843980244
2043,0.2064,28,108,28,495748,109862,58205,49751,1.0176553410648783,0.3116976687362558
2044,0.2065,25,112,25,495860,109750,58230,49726,1.0166178813590723,0.3118086734054027
2045,0.2066,29,128,29,495988,109622,58259,49697,1.0154322131238653,0.3119339187416441
2046,0.2067,37,108,37,496096,109514,58296,49660,1.0144318055504093,0.3119856257931572
2047,0.2068,18,117,18,496213,109397,58314,49642,1.0133480306791656,0.3121372745049956
2048,0.2069,20,124,20,496337,109273,58334,49622,1.012199414576309,0.3122942823877403
2049,0.207,33,88,33,496425,109185,58367,49589,1.011384267664604,0.31232443599077936
2050,0.2071,33,106,33,496531,109079,58400,49556,1.0104023861573233,0.31239007785167205
2051,0.2072,28,115,28,496646,108964,58428,49528,1.0093371373522546,0.3124952678999571
2052,0.2073,30,92,30,496738,108872,58458,49498,1.0084849383081997,0.31254656816316223
2053,0.2074,35,103,35,496841,108769,58493,49463,1.0075308459001815,0.31259795742959706
2054,0.2075,20,108,20,496949,108661,58513,49443,1.0065304383267257,0.31272453574862114
2055,0.2076,25,118,25,497067,108543,58538,49418,1.0054374004223943,0.3128493742126221
2056,0.2077,36,141,36,497208,108402,58574,49382,1.0041313127570493,0.31297216447802056
2057,0.2078,28,116,28,497324,108286,58602,49354,1.003056800918893,0.3130804364374524
2058,0.2079,29,126,29,497450,108160,58631,49325,1.0018896587498611,0.313204432168143
2059,0.208,29,103,29,497553,108057,58660,49296,1.0009355663418429,0.3132828735391127
2060,0.2081,32,123,32,497676,107934,58692,49264,0.9997962132720738,0.31338821104594206
2061,0.2082,26,145,26,497821,107789,58718,49238,0.9984530734743785,0.31356390939137857
2062,0.2083,20,92,20,497913,107697,58738,49218,0.9976008744303234,0.31366026192524615
2063,0.2084,34,104,34,498017,107593,58772,49184,0.9966375189892178,0.31371948691453466
2064,0.2085,20,93,20,498110,107500,58792,49164,0.9957760569120753,0.31381810754225603
2065,0.2086,25,122,25,498232,107378,58817,49139,0.9946459668753936,0.31395311691381766
2066,0.2087,21,106,21,498338,107272,58838,49118,0.9936640853681129,0.3140737898842637
2067,0.2088,34,116,34,498454,107156,58872,49084,0.9925895735299567,0.31415770609318994
2068,0.2089,25,102,25,498556,107054,58897,49059,0.9916447441550261,0.31425313715065367
2069,0.209,34,119,34,498675,106935,58931,49025,0.9905424432176072,0.3143434213901
2070,0.2091,33,107,33,498782,106828,58964,48992,0.9895512986772389,0.31441406751379797
2071,0.2092,26,118,26,498900,106710,58990,48966,0.9884582607729074,0.3145378863794034
2072,0.2093,29,114,29,499014,106596,59019,48937,0.9874022750009263,0.3146406228903191
2073,0.2094,33,117,33,499131,106479,59052,48904,0.9863185001296825,0.3147319848374661
2074,0.2095,31,95,31,499226,106384,59083,48873,0.9854385119863648,0.31478773903914153
2075,0.2096,24,110,24,499336,106274,59107,48849,0.9844195783467339,0.314904946397375
2076,0.2097,30,84,30,499420,106190,59137,48819,0.9836414835673793,0.31494300330948527
2077,0.2098,34,103,34,499523,106087,59171,48785,0.9826873911593612,0.3150020662224288
2078,0.2099,28,100,28,499623,105987,59199,48757,0.9817610878506058,0.3150816832962829
2079,0.21,22,105,22,499728,105882,59221,48735,0.9807884693764126,0.3151981994217971
2080,0.2101,39,122,39,499850,105760,59260,48696,0.979658379339731,0.3152742528616564
2081,0.2102,31,101,31,499951,105659,59291,48665,0.978722812997888,0.31534304450377126
2082,0.2103,23,106,23,500057,105553,59314,48642,0.9777409314906073,0.31545769966600734
2083,0.2104,22,95,22,500152,105458,59336,48620,0.9768609433472897,0.31555445942963956
2084,0.2105,25,106,25,500258,105352,59361,48595,0.9758790618400089,0.31566058448686884
2085,0.2106,29,98,29,500356,105254,59390,48566,0.9749712845974285,0.3157326745546743
2086,0.2107,16,108,16,500464,105146,59406,48550,0.9739708770239728,0.31588330210285237
2087,0.2108,33,106,33,500570,105040,59439,48517,0.9729889955166919,0.3159543361748406
2088,0.2109,36,110,36,500680,104930,59475,48481,0.971970061877061,0.31602036359843816
2089,0.211,32,120,32,500800,104810,59507,48449,0.9708584979065545,0.31612499102825936
2090,0.2111,33,98,33,500898,104712,59540,48416,0.9699507206639743,0.31617992790345334
2091,0.2112,32,110,32,501008,104602,59572,48384,0.9689317870243432,0.31626423332853987
2092,0.2113,31,118,31,501126,104484,59603,48353,0.9678387491200119,0.3163697272257372
2093,0.2114,27,111,27,501237,104373,59630,48326,0.9668105524472933,0.31647882435379404
2094,0.2115,26,96,26,501333,104277,59656,48300,0.9659213012708882,0.3165614738787629
2095,0.2116,31,113,31,501446,104164,59687,48269,0.9648745785319945,0.3166571542907376
2096,0.2117,17,98,17,501544,104066,59704,48252,0.9639668012894143,0.31678462164681787
2097,0.2118,41,112,41,501656,103954,59745,48211,0.9629293415836081,0.3168337002595866
2098,0.2119,29,115,29,501771,103839,59774,48182,0.9618640927785395,0.31694305392018207
2099,0.212,22,100,22,501871,103739,59796,48160,0.960937789469784,0.31705277849097097
2100,0.2121,29,133,29,502004,103606,59825,48131,0.9597058060691392,0.31720015553226966
2101,0.2122,21,77,21,502081,103529,59846,48110,0.9589925525213976,0.31726666622702604
2102,0.2123,19,106,19,502187,103423,59865,48091,0.9580106710141169,0.3174030122628932
2103,0.2124,29,117,29,502304,103306,59894,48062,0.9569268961428731,0.31751757306696266
2104,0.2125,23,103,23,502407,103203,59917,48039,0.9559728037348549,0.31763002340619667
2105,0.2126,35,109,35,502516,103094,59952,48004,0.9549631331283115,0.31770109465380086
2106,0.2127,32,105,32,502621,102989,59984,47972,0.9539905146541183,0.3177774392061526
2107,0.2128,31,101,31,502722,102888,60015,47941,0.9530549483122753,0.31785001558055814
2108,0.2129,18,120,18,502842,102768,60033,47923,0.9519433843417688,0.3180216469464002
2109,0.213,32,114,32,502956,102654,60065,47891,0.9508873985697877,0.31811750639343717
2110,0.2131,27,104,27,503060,102550,60092,47864,0.9499240431286821,0.3182150597683726
2111,0.2132,32,95,32,503155,102455,60124,47832,0.9490440549853644,0.31827104140744045
2112,0.2133,25,112,25,503267,102343,60149,47807,0.9480065952795583,0.3183949383949384
2113,0.2134,38,95,38,503362,102248,60187,47769,0.9471266071362406,0.31842391195664493
2114,0.2135,39,101,39,503463,102147,60226,47730,0.9461910407943978,0.31846113813326926
2115,0.2136,28,81,28,503544,102066,60254,47702,0.9454407351143058,0.3185059558784253
2116,0.2137,28,107,28,503651,101959,60282,47674,0.9444495905739375,0.3186061898110711
2117,0.2138,25,102,25,503753,101857,60307,47649,0.9435047611990071,0.31870961700533756
2118,0.2139,27,105,27,503858,101752,60334,47622,0.9425321427248138,0.31881050249708787
2119,0.214,26,92,26,503950,101660,60360,47596,0.9416799436807588,0.318888352897036
2120,0.2141,37,130,37,504080,101530,60397,47559,0.9404757493793768,0.3189973774054424
2121,0.2142,31,114,31,504194,101416,60428,47528,0.9394197636073957,0.3190997958964443
2122,0.2143,27,96,27,504290,101320,60455,47501,0.9385305124309904,0.3191821046760874
2123,0.2144,27,100,27,504390,101220,60482,47474,0.937604209122235,0.31927313812258734
2124,0.2145,31,99,31,504489,101121,60513,47443,0.9366871688465671,0.31934385180797503
2125,0.2146,28,103,28,504592,101018,60541,47415,0.9357330764385491,0.3194370524074835
2126,0.2147,28,115,28,504707,100903,60569,47387,0.9346678276334803,0.31955627486681504
2127,0.2148,19,87,19,504794,100816,60588,47368,0.9338619437548631,0.31965664309237163
2128,0.2149,21,126,21,504920,100690,60609,47347,0.9326948015858313,0.3198322041111344
2129,0.215,25,98,25,505018,100592,60634,47322,0.931787024343251,0.31992914801844313
2130,0.2151,30,98,30,505116,100494,60664,47292,0.9308792471006706,0.32000324793958834
2131,0.2152,27,90,27,505206,100404,60691,47265,0.9300455741227908,0.3200739491701034
2132,0.2153,31,96,31,505302,100308,60722,47234,0.9291563229463856,0.3201393501511434
2133,0.2154,20,92,20,505394,100216,60742,47214,0.9283041239023305,0.32024689683239504
2134,0.2155,19,108,19,505502,100108,60761,47195,0.9273037163288748,0.3203940177728899
2135,0.2156,22,75,22,505577,100033,60783,47173,0.9266089888473081,0.3204556879475021
2136,0.2157,20,114,20,505691,99919,60803,47153,0.925553003075327,0.3206116731940818
2137,0.2158,34,97,34,505788,99822,60837,47119,0.9246544888658342,0.320666117693496
2138,0.2159,30,103,30,505891,99719,60867,47089,0.9237003964578161,0.32075227508037707
2139,0.216,26,103,26,505994,99616,60893,47063,0.9227463040497981,0.3208571097430443
2140,0.2161,26,107,26,506101,99509,60919,47037,0.9217551595094298,0.3209708896865148
2141,0.2162,31,89,31,506190,99420,60950,47006,0.9209307495646375,0.32102222282927895
2142,0.2163,19,86,19,506276,99334,60969,46987,0.9201341287191078,0.3211227369960566
2143,0.2164,34,103,34,506379,99231,61003,46953,0.9191800363110897,0.32119110162534886
2144,0.2165,23,87,23,506466,99144,61026,46930,0.9183741524324724,0.32127551788819364
2145,0.2166,29,81,29,506547,99063,61055,46901,0.9176238467523806,0.32131895535885563
2146,0.2167,32,122,32,506669,98941,61087,46869,0.916493756715699,0.32143885878883477
2147,0.2168,24,100,24,506769,98841,61111,46845,0.9155674534069436,0.321547712202957
2148,0.2169,25,108,25,506877,98733,61136,46820,0.9145670458334877,0.32166976977458384
2149,0.217,26,104,26,506981,98629,61162,46794,0.9136036903923821,0.32177853571993426
2150,0.2171,23,84,23,507065,98545,61185,46771,0.9128255956130276,0.32185719397726337
2151,0.2172,32,131,32,507196,98414,61217,46739,0.9116121382785579,0.32199816745089666
2152,0.2173,31,90,31,507286,98324,61248,46708,0.9107784653006781,0.3220530641513597
2153,0.2174,28,102,28,507388,98222,61276,46680,0.9098336359257475,0.32214876261197223
2154,0.2175,32,86,32,507474,98136,61308,46648,0.9090370150802178,0.32219029727041665
2155,0.2176,23,83,23,507557,98053,61331,46625,0.9082681833339509,0.3222673799748407
2156,0.2177,15,82,15,507639,97971,61346,46610,0.9075086146207714,0.3223798424412613
2157,0.2178,26,101,26,507740,97870,61372,46584,0.9065730482789285,0.32248328187519903
2158,0.2179,35,81,35,507821,97789,61407,46549,0.9058227425988365,0.3224999653590877
2159,0.218,26,112,26,507933,97677,61433,46523,0.9047852828930305,0.322628294036061
2160,0.2181,29,97,29,508030,97580,61462,46494,0.9038867686835378,0.32270916334661354
2161,0.2182,32,97,32,508127,97483,61494,46462,0.902988254474045,0.32277606030080935
2162,0.2183,23,105,23,508232,97378,61517,46439,0.9020156359998518,0.3229034119749404
2163,0.2184,25,103,25,508335,97275,61542,46414,0.9010615435918337,0.32301707159211906
2164,0.2185,20,85,20,508420,97190,61562,46394,0.9002741857793916,0.32311399598841095
2165,0.2186,21,100,21,508520,97090,61583,46373,0.8993478824706362,0.3232401385723148
2166,0.2187,29,90,29,508610,97000,61612,46344,0.8985142094927563,0.3233061725639022
2167,0.2188,32,106,32,508716,96894,61644,46312,0.8975323279854756,0.3233942711897546
2168,0.2189,29,104,29,508820,96790,61673,46283,0.89656897254437,0.32349220328084266
2169,0.219,28,88,28,508908,96702,61701,46255,0.8957538256326651,0.32355883237616906
2170,0.2191,33,91,33,508999,96611,61734,46222,0.8949108896216977,0.3236086898685878
2171,0.2192,23,91,23,509090,96520,61757,46199,0.8940679536107303,0.323706023724942
2172,0.2193,22,92,22,509182,96428,61779,46177,0.8932157545666753,0.32381052557764456
2173,0.2194,23,94,23,509276,96334,61802,46154,0.8923450294564452,0.32391499635056986
2174,0.2195,39,103,39,509379,96231,61841,46115,0.8913909370484271,0.3239641437061807
2175,0.2196,29,107,29,509486,96124,61870,46086,0.8903997925080588,0.32407003726882777
2176,0.2197,28,88,28,509574,96036,61898,46058,0.8895846455963541,0.3241375427533886
2177,0.2198,21,79,21,509653,95957,61919,46037,0.8888528659824373,0.3242179247010437
2178,0.2199,19,138,19,509791,95819,61938,46018,0.8875745674163548,0.3244428463658989
2179,0.22,31,97,31,509888,95722,61969,45987,0.886676053206862,0.32451714428864786
2180,0.2201,30,96,30,509984,95626,61999,45957,0.8857868020304569,0.32459405437093436
2181,0.2202,34,106,34,510090,95520,62033,45923,0.8848049205231762,0.32467495740333563
2182,0.2203,30,82,30,510172,95438,62063,45893,0.8840453518099967,0.32471998358463466
2183,0.2204,24,117,24,510289,95321,62087,45869,0.8829615769387529,0.3248742828812239
2184,0.2205,24,96,24,510385,95225,62111,45845,0.8820723257623476,0.32498050613170765
2185,0.2206,25,114,25,510499,95111,62136,45820,0.8810163399903664,0.32512364206597555
2186,0.2207,24,74,24,510573,95037,62160,45796,0.8803308755418874,0.32517946788039737
2187,0.2208,29,91,29,510664,94946,62189,45767,0.87948793953092,0.32525068756973413
2188,0.2209,22,106,22,510770,94840,62211,45745,0.8785060580236392,0.3253903332503468
2189,0.221,25,90,25,510860,94750,62236,45720,0.8776723850457594,0.32547874991101305
2190,0.2211,20,79,20,510939,94671,62256,45700,0.8769406054318426,0.32556582200027073
2191,0.2212,22,115,22,511054,94556,62278,45678,0.8758753566267738,0.3257269991585493
2192,0.2213,29,84,29,511138,94472,62307,45649,0.8750972618474193,0.3257827163665689
2193,0.2214,27,77,27,511215,94395,62334,45622,0.8743840082996777,0.3258318632737453
2194,0.2215,22,104,22,511319,94291,62356,45600,0.873420652858572,0.32596807514421944
2195,0.2216,32,95,32,511414,94196,62388,45568,0.8725406647152544,0.32603531667668356
2196,0.2217,19,99,19,511513,94097,62407,45549,0.8716236244395865,0.32617475616917063
2197,0.2218,21,100,21,511613,93997,62428,45528,0.8706973211308311,0.326307113420534
2198,0.2219,25,88,25,511701,93909,62453,45503,0.8698821742191263,0.32639227613117955
2199,0.222,24,86,24,511787,93823,62477,45479,0.8690855533735966,0.32647772465578384
2200,0.2221,30,100,30,511887,93723,62507,45449,0.8681592500648412,0.3265671255712356
2201,0.2222,19,91,19,511978,93632,62526,45430,0.8673163140538738,0.3266888150609081
2202,0.2223,23,87,23,512065,93545,62549,45407,0.8665104301752566,0.3267819102999597
2203,0.2224,26,90,26,512155,93455,62575,45381,0.8656767571973767,0.32686767120919646
2204,0.2225,20,82,20,512237,93373,62595,45361,0.8649171884841973,0.32696383006328655
2205,0.2226,26,108,26,512345,93265,62621,45335,0.8639167809107414,0.3270923520923521
2206,0.2227,18,78,18,512423,93187,62639,45317,0.8631942643299122,0.3271891064517992
2207,0.2228,21,95,21,512518,93092,62660,45296,0.8623142761865945,0.3273116166141573
2208,0.2229,36,112,36,512630,92980,62696,45260,0.8612768164807885,0.32740162037037035
2209,0.223,22,67,22,512697,92913,62718,45238,0.8606561932639223,0.32745329385961736
2210,0.2231,26,83,26,512780,92830,62744,45212,0.8598873615176553,0.3275235073383463
2211,0.2232,23,90,23,512870,92740,62767,45189,0.8590536885397755,0.3276250824699664
2212,0.2233,34,114,34,512984,92626,62801,45155,0.8579977027677943,0.32773023856700123
2213,0.2234,32,98,32,513082,92528,62833,45123,0.857089925525214,0.32780728073170556
2214,0.2235,20,107,20,513189,92421,62853,45103,0.8560987809848457,0.32796457345626945
2215,0.2236,28,82,28,513271,92339,62881,45075,0.8553392122716662,0.32802334551064666
2216,0.2237,27,93,27,513364,92246,62908,45048,0.8544777501945237,0.32811339169956444
2217,0.2238,19,92,19,513456,92154,62927,45029,0.8536255511504687,0.32824037963887653
2218,0.2239,24,99,24,513555,92055,62951,45005,0.8527085108748008,0.3283598424047862
2219,0.224,24,92,24,513647,91963,62975,44981,0.8518563118307458,0.328462729290805
2220,0.2241,29,117,29,513764,91846,63004,44952,0.8507725369595021,0.32860129534057514
2221,0.2242,35,96,35,513860,91750,63039,44917,0.8498832857830968,0.3286601739995756
2222,0.2243,22,93,22,513953,91657,63061,44895,0.8490218237059542,0.32877585095787687
2223,0.2244,22,76,22,514029,91581,63083,44873,0.8483178331913002,0.32885074823750127
2224,0.2245,26,92,26,514121,91489,63109,44847,0.8474656341472452,0.32894466611900014
2225,0.2246,24,98,24,514219,91391,63133,44823,0.8465578569046649,0.32906309189951105
2226,0.2247,27,99,27,514318,91292,63160,44796,0.845640816628997,0.3291693610017048
2227,0.2248,27,96,27,514414,91196,63187,44769,0.8447515654525918,0.3292685617622182
2228,0.2249,30,96,30,514510,91100,63217,44739,0.8438623142761866,0.3293531312804128
2229,0.225,23,89,23,514599,91011,63240,44716,0.8430379043313942,0.32945545101564166
2230,0.2251,28,91,28,514690,90920,63268,44688,0.8421949683204268,0.3295380803492419
2231,0.2252,32,98,32,514788,90822,63300,44656,0.8412871910778466,0.32961809297450506
2232,0.2253,27,95,27,514883,90727,63327,44629,0.8404072029345289,0.3297157126392624
2233,0.2254,25,89,25,514972,90638,63352,44604,0.8395827929897366,0.3298087872110735
2234,0.2255,34,104,34,515076,90534,63386,44570,0.8386194375486309,0.3298940075793463
2235,0.2256,22,105,22,515181,90429,63408,44548,0.8376468190744377,0.33004141446320484
2236,0.2257,24,97,24,515278,90332,63432,44524,0.836748304864945,0.3301595776235392
2237,0.2258,37,86,37,515364,90246,63469,44487,0.8359516840194153,0.33018636859566697
2238,0.2259,27,94,27,515458,90152,63496,44460,0.8350809589091852,0.3302825899622619
2239,0.226,29,112,29,515570,90040,63525,44431,0.8340434992033792,0.3304132489533059
2240,0.2261,23,81,23,515651,89959,63548,44408,0.8332931935232872,0.33049781568391046
2241,0.2262,21,91,21,515742,89868,63569,44387,0.8324502575123198,0.3306171092324308
2242,0.2263,21,81,21,515823,89787,63590,44366,0.8316999518322279,0.330711948297839
2243,0.2264,19,86,19,515909,89701,63609,44347,0.8309033309866983,0.33082925519217
2244,0.2265,23,91,23,516000,89610,63632,44324,0.8300603949757308,0.33093911926769903
2245,0.2266,24,103,24,516103,89507,63656,44300,0.8291063025677128,0.3310738601119523
2246,0.2267,25,85,25,516188,89422,63681,44275,0.8283189447552707,0.3311592631098678
2247,0.2268,19,97,19,516285,89325,63700,44256,0.827420430545778,0.3313046017023379
2248,0.2269,22,80,22,516365,89245,63722,44234,0.8266793878987736,0.3313929531986305
2249,0.227,24,95,24,516460,89150,63746,44210,0.8257993997554559,0.33150869826034796
2250,0.2271,34,89,34,516549,89061,63780,44176,0.8249749898106636,0.33155955177615826
2251,0.2272,26,85,26,516634,88976,63806,44150,0.8241876319982215,0.3316407012905067
2252,0.2273,26,92,26,516726,88884,63832,44124,0.8233354329541666,0.33173944424395524
2253,0.2274,22,96,22,516822,88788,63854,44102,0.8224461817777613,0.33186846263827224
2254,0.2275,23,82,23,516904,88706,63877,44079,0.8216866130645819,0.33195767594231274
2255,0.2276,34,79,34,516983,88627,63911,44045,0.8209548334506651,0.33198414134105164
2256,0.2277,25,104,25,517087,88523,63936,44020,0.8199914780095594,0.33211863319828283
2257,0.2278,23,90,23,517177,88433,63959,43997,0.8191578050316796,0.33222834705127235
2258,0.2279,28,82,28,517259,88351,63987,43969,0.8183982363185002,0.3322929262394196
2259,0.228,27,77,27,517336,88274,64014,43942,0.8176849827707584,0.33235009378592606
2260,0.2281,30,89,30,517425,88185,64044,43912,0.8168605728259661,0.33242238657955897
2261,0.2282,24,100,24,517525,88085,64068,43888,0.8159342695172107,0.33255287066293865
2262,0.2283,29,68,29,517593,88017,64097,43859,0.8153043832672571,0.3325775728714853
2263,0.2284,23,78,23,517671,87939,64120,43836,0.8145818666864278,0.3326579396698919
2264,0.2285,21,85,21,517756,87854,64141,43815,0.8137945088739857,0.3327662547752318
2265,0.2286,32,62,32,517818,87792,64173,43783,0.8132202008225573,0.3327607828234847
2266,0.2287,21,89,21,517907,87703,64194,43762,0.812395790877765,0.33287947362415854
2267,0.2288,19,71,19,517978,87632,64213,43743,0.8117381155285487,0.3329628924833492
2268,0.2289,24,91,24,518069,87541,64237,43719,0.8108951795175813,0.3330717659606887
2269,0.229,22,93,22,518162,87448,64259,43697,0.8100337174404387,0.33319608067406303
2270,0.2291,24,89,24,518251,87359,64283,43673,0.8092093074956463,0.3333002625312901
2271,0.2292,30,96,30,518347,87263,64313,43643,0.8083200563192412,0.33339189953096116
2272,0.2293,18,98,18,518445,87165,64331,43625,0.8074122790766609,0.3335499655936998
2273,0.2294,38,75,38,518520,87090,64369,43587,0.8067175515950943,0.3335476021028949
2274,0.2295,31,89,31,518609,87001,64400,43556,0.805893141650302,0.3336167344531507
2275,0.2296,26,96,26,518705,86905,64426,43530,0.8050038904738968,0.33372944378426034
2276,0.2297,16,84,16,518789,86821,64442,43514,0.8042257956945422,0.3338627383281544
2277,0.2298,26,85,26,518874,86736,64468,43488,0.8034384378821001,0.3339476594176189
2278,0.2299,24,80,24,518954,86656,64492,43464,0.8026973952350958,0.3340301260375038
2279,0.23,39,81,39,519035,86575,64531,43425,0.8019470895550039,0.33403846153846156
2280,0.2301,23,84,23,519119,86491,64554,43402,0.8011689947756493,0.334136558552039
2281,0.2302,35,101,35,519220,86390,64589,43367,0.8002334284338064,0.3342170364604607
2282,0.2303,26,89,26,519309,86301,64615,43341,0.799409018489014,0.33431295413523393
2283,0.2304,32,88,32,519397,86213,64647,43309,0.7985938715773093,0.33437562730655795
2284,0.2305,32,68,32,519465,86145,64679,43277,0.7979639853273556,0.3343867348673332
2285,0.2306,25,91,25,519556,86054,64704,43252,0.7971210493163882,0.33449337231064297
2286,0.2307,12,76,12,519632,85978,64716,43240,0.7964170588017341,0.3346283025584671
2287,0.2308,32,85,32,519717,85893,64748,43208,0.795629700989292,0.3346836972602846
2288,0.2309,32,94,32,519811,85799,64780,43176,0.7947589758790619,0.3347625508819539
2289,0.231,20,60,20,519871,85739,64800,43156,0.7942031938938086,0.33481515962605224
2290,0.2311,36,94,36,519965,85645,64836,43120,0.7933324687835785,0.3348736069584126
2291,0.2312,25,85,25,520050,85560,64861,43095,0.7925451109711363,0.33496560568963507
2292,0.2313,31,82,31,520132,85478,64892,43064,0.7917855422579569,0.3350189043269904
2293,0.2314,22,91,22,520223,85387,64914,43042,0.7909426062469895,0.33514237438584743
2294,0.2315,21,88,21,520311,85299,64935,43021,0.7901274593352847,0.3352634039900249
2295,0.2316,24,68,24,520379,85231,64959,42997,0.7894975730853311,0.3353167794865396
2296,0.2317,27,82,27,520461,85149,64986,42970,0.7887380043721516,0.33539131588601223
2297,0.2318,33,71,33,520532,85078,65019,42937,0.7880803290229352,0.33540600710854196
2298,0.2319,24,80,24,520612,84998,65043,42913,0.787339286375931,0.3354910836440963
2299,0.232,20,86,20,520698,84912,65063,42893,0.7865426655304013,0.3356128476976644
2300,0.2321,22,88,22,520786,84824,65085,42871,0.7857275186186965,0.3357296683503661
2301,0.2322,36,98,36,520884,84726,65121,42835,0.7848197413761162,0.33580012699806366
2302,0.2323,25,90,25,520974,84636,65146,42810,0.7839860683982364,0.33590697236476624
2303,0.2324,29,91,29,521065,84545,65175,42781,0.7831431323872688,0.3359957903334747
2304,0.2325,27,64,27,521129,84481,65202,42754,0.7825502982696654,0.33602389279679334
2305,0.2326,28,72,28,521201,84409,65230,42726,0.7818833598873616,0.3360679592559091
2306,0.2327,21,90,21,521291,84319,65251,42705,0.7810496869094816,0.3361963093588613
2307,0.2328,20,78,20,521369,84241,65271,42685,0.7803271703286524,0.3362983155539448
2308,0.2329,32,93,32,521462,84148,65303,42653,0.7794657082515098,0.3363774733637747
2309,0.233,24,75,24,521537,84073,65327,42629,0.7787709807699433,0.3364508847532004
2310,0.2331,23,77,23,521614,83996,65350,42606,0.7780577272222017,0.33653496785200865
2311,0.2332,26,93,26,521707,83903,65376,42580,0.7771962651450591,0.3366460314824917
2312,0.2333,20,91,20,521798,83812,65396,42560,0.7763533291340917,0.3367834646915456
2313,0.2334,28,77,28,521875,83735,65424,42532,0.77564007558635,0.3368417718010248
2314,0.2335,19,81,19,521956,83654,65443,42513,0.7748897699062581,0.3369581586310208
2315,0.2336,27,73,27,522029,83581,65470,42486,0.7742135684908666,0.3370112717840513
2316,0.2337,31,78,31,522107,83503,65501,42455,0.7734910519100374,0.33705679671001443
2317,0.2338,26,74,26,522181,83429,65527,42429,0.7728055874615584,0.33711802189769424
2318,0.2339,25,81,25,522262,83348,65552,42404,0.7720552817814665,0.3372033844392137
2319,0.234,23,76,23,522338,83272,65575,42381,0.7713512912668125,0.3372860178427893
2320,0.2341,16,78,16,522416,83194,65591,42365,0.7706287746859832,0.33741109757165955
2321,0.2342,20,86,20,522502,83108,65611,42345,0.7698321538404536,0.3375367667572716
2322,0.2343,20,80,20,522582,83028,65631,42325,0.7690911111934492,0.3376464863226249
2323,0.2344,27,79,27,522661,82949,65658,42298,0.7683593315795324,0.33771667185641174
2324,0.2345,22,75,22,522736,82874,65680,42276,0.7676646040979659,0.33780263683579703
2325,0.2346,22,104,22,522840,82770,65702,42254,0.7667012486568602,0.3379671103148196
2326,0.2347,25,79,25,522919,82691,65727,42229,0.7659694690429434,0.33804835094460456
2327,0.2348,30,69,30,522988,82622,65757,42199,0.7653303197599022,0.33807612501101575
2328,0.2349,37,75,37,523063,82547,65794,42162,0.7646355922783357,0.3380830573575283
2329,0.235,23,67,23,523130,82480,65817,42139,0.7640149690614695,0.33814265882409583
2330,0.2351,22,88,22,523218,82392,65839,42117,0.7631998221497647,0.338264703756355
2331,0.2352,24,73,24,523291,82319,65863,42093,0.7625236207343733,0.3383355303346944
2332,0.2353,23,80,23,523371,82239,65886,42070,0.7617825780873689,0.33843084571511317
2333,0.2354,23,78,23,523449,82161,65909,42047,0.7610600615065397,0.33852086822104854
2334,0.2355,23,82,23,523531,82079,65932,42024,0.7603004927933602,0.33862195112124605
2335,0.2356,19,104,19,523635,81975,65951,42005,0.7593371373522546,0.33880464591063075
2336,0.2357,24,73,24,523708,81902,65975,41981,0.7586609359368631,0.3388761977026711
2337,0.2358,27,92,27,523800,81810,66002,41954,0.7578087368928081,0.3389838725315924
2338,0.2359,30,71,30,523871,81739,66032,41924,0.7571510615435918,0.33901813800409175
2339,0.236,25,78,25,523949,81661,66057,41899,0.7564285449627626,0.339098413726125
2340,0.2361,24,90,24,524039,81571,66081,41875,0.7555948719848827,0.33921714757869836
2341,0.2362,32,69,32,524108,81502,66113,41843,0.7549557227018415,0.33923547772508006
2342,0.2363,18,84,18,524192,81418,66131,41825,0.754177627922487,0.33937018735343993
2343,0.2364,30,82,30,524274,81336,66161,41795,0.7534180592093075,0.3394352356433392
2344,0.2365,18,83,18,524357,81253,66179,41777,0.7526492274630405,0.3395675851418353
2345,0.2366,18,83,18,524440,81170,66197,41759,0.7518803957167735,0.3397001521203296
2346,0.2367,23,75,23,524515,81095,66220,41736,0.7511856682352069,0.33978393076666313
2347,0.2368,15,83,15,524598,81012,66235,41721,0.75041683648894,0.339933025347706
2348,0.2369,20,100,20,524698,80912,66255,41701,0.7494905331801845,0.3401025992349914
2349,0.237,22,60,22,524758,80852,66277,41679,0.7489347511949312,0.3401506557524218
2350,0.2371,18,83,18,524841,80769,66295,41661,0.7481659194486643,0.340284244057829
2351,0.2372,23,64,23,524905,80705,66318,41638,0.7475730853310608,0.34033822940421604
2352,0.2373,24,71,24,524976,80634,66342,41614,0.7469154099818445,0.3404063870165565
2353,0.2374,25,73,25,525049,80561,66367,41589,0.746239208566453,0.34047482603356527
2354,0.2375,29,70,29,525119,80491,66396,41560,0.7455907962503242,0.34051339194271246
2355,0.2376,16,63,16,525182,80428,66412,41544,0.7450072251658083,0.34060276128947625
2356,0.2377,22,84,22,525266,80344,66434,41522,0.7442291303864538,0.34071849408366567
2357,0.2378,27,96,27,525362,80248,66461,41495,0.7433398792100485,0.34084095184117363
2358,0.2379,23,65,23,525427,80183,66484,41472,0.7427377820593575,0.3408984423163865
2359,0.238,17,103,17,525530,80080,66501,41455,0.7417836896513395,0.3410951577734809
2360,0.2381,12,79,12,525609,80001,66513,41443,0.7410519100374227,0.3412519350482527
2361,0.2382,26,66,26,525675,79935,66539,41417,0.740440549853644,0.34129639396136857
2362,0.2383,29,75,29,525750,79860,66568,41388,0.7397458223720775,0.3413499604117181
2363,0.2384,30,71,30,525821,79789,66598,41358,0.7390881470228612,0.3413869101174606
2364,0.2385,25,63,25,525884,79726,66623,41333,0.7385045759383453,0.34142855962795
2365,0.2386,27,76,27,525960,79650,66650,41306,0.7378005854236911,0.34149608121961705
2366,0.2387,25,83,25,526043,79567,66675,41281,0.7370317536774241,0.3415943995763273
2367,0.2388,20,89,20,526132,79478,66695,41261,0.7362073437326319,0.34173713547403906
2368,0.2389,24,93,24,526225,79385,66719,41237,0.7353458816554893,0.34186964235379946
2369,0.239,21,90,21,526315,79295,66740,41216,0.7345122086776094,0.3420102729211441
2370,0.2391,19,81,19,526396,79214,66759,41197,0.7337619029975175,0.34213651576683196
2371,0.2392,24,73,24,526469,79141,66783,41173,0.733085701582126,0.3422128763069967
2372,0.2393,22,89,22,526558,79052,66805,41151,0.7322612916373338,0.3423458649118574
2373,0.2394,25,77,25,526635,78975,66830,41126,0.731548038089592,0.3424284560494917
2374,0.2395,21,77,21,526712,78898,66851,41105,0.7308347845418504,0.3425331033390832
2375,0.2396,24,86,24,526798,78812,66875,41081,0.7300381636963207,0.3426471937477584
2376,0.2397,19,68,19,526866,78744,66894,41062,0.729408277446367,0.3427374255045657
2377,0.2398,22,78,22,526944,78666,66916,41040,0.7286857608655378,0.3428399578968473
2378,0.2399,30,66,30,527010,78600,66946,41010,0.7280744006817592,0.34286430900426385
2379,0.24,18,77,18,527087,78523,66964,40992,0.7273611471340176,0.3429862360373175
2380,0.2401,20,74,20,527161,78449,66984,40972,0.7266756826855385,0.34308873648688254
2381,0.2402,31,81,31,527242,78368,67015,40941,0.7259253770054467,0.3431509777133326
2382,0.2403,17,71,17,527313,78297,67032,40924,0.7252677016562303,0.34326167369842564
2383,0.2404,15,74,15,527387,78223,67047,40909,0.7245822372077513,0.343392203606084
2384,0.2405,24,87,24,527474,78136,67071,40885,0.723776353329134,0.3435108090168962
2385,0.2406,14,63,14,527537,78073,67085,40871,0.7231927822446181,0.3436154829163304
2386,0.2407,27,82,27,527619,77991,67112,40844,0.7224332135314387,0.34370345436950395
2387,0.2408,19,62,19,527681,77929,67131,40825,0.7218589054800104,0.3437778937972616
2388,0.2409,25,69,25,527750,77860,67156,40800,0.7212197561969691,0.3438395415472779
2389,0.241,26,80,26,527830,77780,67182,40774,0.7204787135499648,0.34392766165629163
2390,0.2411,26,77,26,527907,77703,67208,40748,0.7197654600022231,0.3440072266169133
2391,0.2412,13,82,13,527989,77621,67221,40735,0.7190058912890437,0.3441735104261719
2392,0.2413,21,77,21,528066,77544,67242,40714,0.718292637741302,0.34428114799844406
2393,0.2414,25,76,25,528142,77468,67267,40689,0.717588647226648,0.34436385487106136
2394,0.2415,22,67,22,528209,77401,67289,40667,0.7169680240097818,0.34443710404173866
2395,0.2416,30,81,30,528290,77320,67319,40637,0.7162177183296898,0.34450689658095746
2396,0.2417,23,92,23,528382,77228,67342,40614,0.7153655192856349,0.3446479183992125
2397,0.2418,21,81,21,528463,77147,67363,40593,0.714615213605543,0.34476813317479194
2398,0.2419,14,60,14,528523,77087,67377,40579,0.7140594316202897,0.34486597657777096
2399,0.242,13,90,13,528613,76997,67390,40566,0.7132257586424099,0.34505754361491286
2400,0.2421,18,76,18,528689,76921,67408,40548,0.7125217681277558,0.3451804305816854
2401,0.2422,29,74,29,528763,76847,67437,40519,0.7118363036792767,0.3452362694477106
2402,0.2423,20,85,20,528848,76762,67457,40499,0.7110489458668346,0.3453748475622756
2403,0.2424,19,80,19,528928,76682,67476,40480,0.7103079032198303,0.34550451511582253
2404,0.2425,34,74,34,529002,76608,67510,40446,0.7096224387713513,0.3455328310010764
2405,0.2426,36,71,36,529073,76537,67546,40410,0.708964763422135,0.345541142568856
2406,0.2427,26,67,26,529140,76470,67572,40384,0.7083441402052688,0.3455936467728961
2407,0.2428,17,66,17,529206,76404,67589,40367,0.7077327800214902,0.34569370819809714
2408,0.2429,25,75,25,529281,76329,67614,40342,0.7070380525399237,0.34577572833009057
2409,0.243,32,86,32,529367,76243,67646,40310,0.706241431694394,0.34585124364023234
2410,0.2431,25,74,25,529441,76169,67671,40285,0.705555967245915,0.34593058203239047
2411,0.2432,27,79,27,529520,76090,67698,40258,0.7048241876319982,0.34601368308866504
2412,0.2433,34,64,34,529584,76026,67732,40224,0.7042313535143948,0.34601290322580647
2413,0.2434,27,81,27,529665,75945,67759,40197,0.7034810478343029,0.34610218525597974
2414,0.2435,23,78,23,529743,75867,67782,40174,0.7027585312534737,0.34620522056859215
2415,0.2436,23,79,23,529822,75788,67805,40151,0.7020267516395569,0.34631142238590984
2416,0.2437,20,63,20,529885,75725,67825,40131,0.701443180555041,0.34638689407540396
2417,0.2438,20,66,20,529951,75659,67845,40111,0.7008318203712623,0.34647145201693014
2418,0.2439,35,57,35,530008,75602,67880,40076,0.7003038274852718,0.34644444060236174
2419,0.244,22,71,22,530079,75531,67902,40054,0.6996461521360554,0.3465328546091621
2420,0.2441,18,82,18,530161,75449,67920,40036,0.698886583422876,0.34667705762653156
2421,0.2442,29,58,29,530219,75391,67949,40007,0.6983493275037979,0.3466871176276885
2422,0.2443,23,68,23,530287,75323,67972,39984,0.6977194412538441,0.3467612547373533
2423,0.2444,23,75,23,530362,75248,67995,39961,0.6970247137722776,0.34685658238505673
2424,0.2445,30,71,30,530433,75177,68025,39931,0.6963670384230612,0.34690030232477326
2425,0.2446,24,65,24,530498,75112,68049,39907,0.6957649412723702,0.3469600674671141
2426,0.2447,24,70,24,530568,75042,68073,39883,0.6951165289562414,0.34703502284098325
2427,0.2448,18,75,18,530643,74967,68091,39865,0.6944218014746749,0.34715932841019925
2428,0.2449,11,62,11,530705,74905,68102,39854,0.6938474934232465,0.3472843088559503
2429,0.245,35,79,35,530784,74826,68137,39819,0.6931157138093297,0.34732434907758736
2430,0.2451,21,80,21,530864,74746,68158,39798,0.6923746711623254,0.347447269171672
2431,0.2452,28,76,28,530940,74670,68186,39770,0.6916706806476712,0.3475183502271933
2432,0.2453,21,66,21,531006,74604,68207,39749,0.6910593204638927,0.347599101029269
2433,0.2454,22,70,22,531076,74534,68229,39727,0.690410908147764,0.3476864371920428
2434,0.2455,20,77,20,531153,74457,68249,39707,0.6896976546000222,0.3478066640972636
2435,0.2456,26,73,26,531226,74384,68275,39681,0.6890214531846308,0.347880594397931
2436,0.2457,36,72,36,531298,74312,68311,39645,0.6883545148023269,0.34789438121396665
2437,0.2458,18,75,18,531373,74237,68329,39627,0.6876597873207603,0.3480204454436872
2438,0.2459,24,64,24,531437,74173,68353,39603,0.6870669532031568,0.3480786809168893
2439,0.246,17,77,17,531514,74096,68370,39586,0.6863536996554152,0.3482169560704421
2440,0.2461,22,70,22,531584,74026,68392,39564,0.6857052873392864,0.34830530856589487
2441,0.2462,40,82,40,531666,73944,68432,39524,0.684945718626107,0.34832728170056754
2442,0.2463,26,73,26,531739,73871,68458,39498,0.6842695172107155,0.3484021205091339
2443,0.2464,20,85,20,531824,73786,68478,39478,0.6834821593982734,0.348548523802797
2444,0.2465,22,62,22,531886,73724,68500,39456,0.6829078513468451,0.34861282912175295
2445,0.2466,24,52,24,531938,73672,68524,39432,0.6824261736262922,0.34863488470787946
2446,0.2467,24,66,24,532004,73606,68548,39408,0.6818148134425136,0.3487001610419948
2447,0.2468,30,64,30,532068,73542,68578,39378,0.6812219793249101,0.34872476089266735
2448,0.2469,28,76,28,532144,73466,68606,39350,0.680517988810256,0.3487980428308041
2449,0.247,25,73,25,532217,73393,68631,39325,0.6798417873948646,0.34887950460441103
2450,0.2471,17,74,17,532291,73319,68648,39308,0.6791563229463856,0.34901045042485374
2451,0.2472,22,63,22,532354,73256,68670,39286,0.6785727518618696,0.3490785662241652
2452,0.2473,21,65,21,532419,73191,68691,39265,0.6779706547111787,0.34915878210144413
2453,0.2474,17,92,17,532511,73099,68708,39248,0.6771184556671237,0.34934622197299436
2454,0.2475,25,75,25,532586,73024,68733,39223,0.6764237281855571,0.34943472876780673
2455,0.2476,13,65,13,532651,72959,68746,39210,0.675821631034866,0.3495618218937496
2456,0.2477,21,73,21,532724,72886,68767,39189,0.6751454296194745,0.34966763328128486
2457,0.2478,26,67,26,532791,72819,68793,39163,0.6745248064026085,0.3497258487971281
2458,0.2479,21,60,21,532851,72759,68814,39142,0.6739690244173552,0.3497913334107827
2459,0.248,26,72,26,532923,72687,68840,39116,0.6733020860350514,0.3498653882275073
2460,0.2481,25,53,25,532976,72634,68865,39091,0.672811145281411,0.34988588051018127
2461,0.2482,20,86,20,533062,72548,68885,39071,0.6720145244358813,0.3500389718596296
2462,0.2483,16,85,16,533147,72463,68901,39055,0.6712271666234392,0.3502125217453685
2463,0.2484,18,53,18,533200,72410,68919,39037,0.6707362258697988,0.3502741213312157
2464,0.2485,22,75,22,533275,72335,68941,39015,0.6700414983882322,0.35038167938931297
2465,0.2486,24,56,24,533331,72279,68965,38991,0.6695227685353292,0.3504179023995686
2466,0.2487,15,81,15,533412,72198,68980,38976,0.6687724628552373,0.3505855685681904
2467,0.2488,18,60,18,533472,72138,68998,38958,0.6682166808699841,0.3506696910779866
2468,0.2489,22,80,22,533552,72058,69020,38936,0.6674756382229797,0.3507937365983747
2469,0.249,24,81,24,533633,71977,69044,38912,0.6667253325428878,0.3509094680265851
2470,0.2491,23,63,23,533696,71914,69067,38889,0.6661417614583719,0.3509742515996859
2471,0.2492,26,69,26,533765,71845,69093,38863,0.6655026121753307,0.35104057520685045
2472,0.2493,27,74,27,533839,71771,69120,38836,0.6648171477268516,0.35111701791025884
2473,0.2494,21,66,21,533905,71705,69141,38815,0.6642057875430731,0.35120340209916756
2474,0.2495,25,69,25,533974,71636,69166,38790,0.6635666382600318,0.35127596761632224
2475,0.2496,20,62,20,534036,71574,69186,38770,0.6629923302086035,0.35135576016820125
2476,0.2497,26,61,26,534097,71513,69212,38744,0.6624272851902627,0.3513971902010757
2477,0.2498,27,71,27,534168,71442,69239,38717,0.6617696098410464,0.35146470102306665
2478,0.2499,20,51,20,534219,71391,69259,38697,0.6612971951535811,0.3515097013298452
2479,0.25,23,53,23,534272,71338,69282,38674,0.6608062543999407,0.3515434679853107
2480,0.2501,19,78,19,534350,71260,69301,38655,0.6600837378191114,0.3516808442887686
2481,0.2502,20,69,20,534419,71191,69321,38635,0.6594445885360702,0.35178373062844864
2482,0.2503,27,75,27,534494,71116,69348,38608,0.6587498610545037,0.35186467864824467
2483,0.2504,20,64,20,534558,71052,69368,38588,0.6581570269369003,0.35195184239328714
2484,0.2505,22,58,22,534616,70994,69390,38566,0.6576197710178221,0.35200803212851406
2485,0.2506,28,73,28,534689,70921,69418,38538,0.6569435696024306,0.35207703340976987
2486,0.2507,26,53,26,534742,70868,69444,38512,0.6564526288487903,0.3520936185774365
2487,0.2508,26,67,26,534809,70801,69470,38486,0.6558320056319241,0.3521553341202522
2488,0.2509,17,65,17,534874,70736,69487,38469,0.6552299084812331,0.352264090472048
2489,0.251,20,73,20,534947,70663,69507,38449,0.6545537070658416,0.35238103966566464
2490,0.2511,19,53,19,535000,70610,69526,38430,0.6540627663122013,0.35243947175348495
2491,0.2512,25,69,25,535069,70541,69551,38405,0.6534236170291601,0.35251408954895086
2492,0.2513,17,69,17,535138,70472,69568,38388,0.6527844677461188,0.35263641374242144
2493,0.2514,32,62,32,535200,70410,69600,38356,0.6522101596946904,0.3526469668830333
2494,0.2515,31,79,31,535279,70331,69631,38325,0.6514783800807736,0.3527186717714622
2495,0.2516,28,88,28,535367,70243,69659,38297,0.6506632331690689,0.35283766353418095
2496,0.2517,25,67,25,535434,70176,69684,38272,0.6500426099522028,0.35290646208321036
2497,0.2518,30,68,30,535502,70108,69714,38242,0.6494127237022491,0.35294877711121364
2498,0.2519,29,72,29,535574,70036,69743,38213,0.6487457853199452,0.3530101894705725
2499,0.252,19,64,19,535638,69972,69762,38194,0.6481529512023417,0.35310541205184626
2500,0.2521,28,71,28,535709,69901,69790,38166,0.6474952758531254,0.3531697928137174
2501,0.2522,27,80,27,535789,69821,69817,38139,0.646754233206121,0.35326972952945535
2502,0.2523,21,76,21,535865,69745,69838,38118,0.6460502426914669,0.353392729666336
2503,0.2524,17,65,17,535930,69680,69855,38101,0.6454481455407759,0.35350386431745856
2504,0.2525,17,67,17,535997,69613,69872,38084,0.6448275223239097,0.3536217350529727
2505,0.2526,27,85,27,536082,69528,69899,38057,0.6440401645114676,0.3537389041223219
2506,0.2527,28,65,28,536147,69463,69927,38029,0.6434380673607766,0.35378446768131583
2507,0.2528,19,69,19,536216,69394,69946,38010,0.6427989180777354,0.35389743398756096
2508,0.2529,26,57,26,536273,69337,69972,37984,0.6422709251917448,0.35392886760279907
2509,0.253,29,89,29,536362,69248,70001,37955,0.6414465152469525,0.3540479277632156
2510,0.2531,23,66,23,536428,69182,70024,37932,0.6408351550631739,0.35412737830722407
2511,0.2532,21,71,21,536499,69111,70045,37911,0.6401774797139576,0.35423557773168135
2512,0.2533,19,70,19,536569,69041,70064,37892,0.6395290673978288,0.35435272553842123
2513,0.2534,25,76,25,536645,68965,70089,37867,0.6388250768831746,0.35445372173131645
2514,0.2535,28,73,28,536718,68892,70117,37839,0.6381488754677832,0.35452680102313294
2515,0.2536,24,58,24,536776,68834,70141,37815,0.637611619548705,0.3545743513769468
2516,0.2537,24,51,24,536827,68783,70165,37791,0.6371392048612398,0.3545986826055135
2517,0.2538,11,55,11,536882,68728,70176,37780,0.6366297380414243,0.35471513876891875
2518,0.2539,16,79,16,536961,68649,70192,37764,0.6358979584275075,0.35488145245411745
2519,0.254,22,61,22,537022,68588,70214,37742,0.6353329134091666,0.35495156587980814
2520,0.2541,22,61,22,537083,68527,70236,37720,0.6347678683908259,0.3550217888505087
2521,0.2542,19,62,19,537145,68465,70255,37701,0.6341935603393976,0.3551136898818831
2522,0.2543,21,65,21,537210,68400,70276,37680,0.6335914631887065,0.3552036199095023
2523,0.2544,21,54,21,537264,68346,70297,37659,0.6330912594019786,0.3552568275081364
2524,0.2545,18,57,18,537321,68289,70315,37641,0.632563266515988,0.35533843103936563
2525,0.2546,18,79,18,537400,68210,70333,37623,0.6318314869020712,0.3554940330520726
2526,0.2547,22,59,22,537459,68151,70355,37601,0.6312849679499055,0.3555582873137151
2527,0.2548,24,52,24,537511,68099,70379,37577,0.6308032902293527,0.35558688822438395
2528,0.2549,20,55,20,537566,68044,70399,37557,0.6302938234095372,0.35565004119279175
2529,0.255,25,61,25,537627,67983,70424,37532,0.6297287783911965,0.35570298061886935
2530,0.2551,23,72,23,537699,67911,70447,37509,0.6290618400088925,0.3558053500284576
2531,0.2552,24,70,24,537769,67841,70471,37485,0.6284134276927638,0.355895030666692
2532,0.2553,21,61,21,537830,67780,70492,37464,0.6278483826744229,0.3559727870472426
2533,0.2554,21,67,21,537897,67713,70513,37443,0.6272277594575568,0.35607098025790257
2534,0.2555,22,58,22,537955,67655,70535,37421,0.6266905035384787,0.35613270394761887
2535,0.2556,32,65,32,538020,67590,70567,37389,0.6260884063877876,0.35615694567484923
2536,0.2557,20,62,20,538082,67528,70587,37369,0.6255140983363593,0.35624469717913765
2537,0.2558,17,56,17,538138,67472,70604,37352,0.6249953684834563,0.35633061131038696
2538,0.2559,13,66,13,538204,67406,70617,37339,0.6243840082996777,0.35647524941524655
2539,0.256,20,63,20,538267,67343,70637,37319,0.6238004372151618,0.3565668532991917
2540,0.2561,19,53,19,538320,67290,70656,37300,0.6233094964615213,0.3566306530261019
2541,0.2562,20,72,20,538392,67218,70676,37280,0.6226425580792174,0.35675323929644587
2542,0.2563,17,57,17,538449,67161,70693,37263,0.6221145651932268,0.3568432544242703
2543,0.2564,26,56,26,538505,67105,70719,37237,0.6215958353403238,0.3568745088267428
2544,0.2565,14,70,14,538575,67035,70733,37223,0.620947423024195,0.3570277580617315
2545,0.2566,21,46,21,538621,66989,70754,37202,0.6205213235021676,0.3570557917670432
2546,0.2567,26,60,26,538681,66929,70780,37176,0.6199655415169143,0.3571010037942462
2547,0.2568,16,56,16,538737,66873,70796,37160,0.6194468116640113,0.35719435179221976
2548,0.2569,21,78,21,538815,66795,70817,37139,0.618724295083182,0.35733253795678027
2549,0.257,23,55,23,538870,66740,70840,37116,0.6182148282633666,0.3573794484671083
2550,0.2571,20,74,20,538944,66666,70860,37096,0.6175293638148875,0.3575104566218847
2551,0.2572,19,56,19,539000,66610,70879,37077,0.6170106339619845,0.35758581114315197
2552,0.2573,26,46,26,539046,66564,70905,37051,0.616584534439957,0.3575833614824108
2553,0.2574,23,63,23,539109,66501,70928,37028,0.6160009633554411,0.35765824068618457
2554,0.2575,24,68,24,539177,66433,70952,37004,0.6153710771054874,0.35774432746502705
2555,0.2576,18,58,18,539235,66375,70970,36986,0.6148338211864093,0.35783322529774286
2556,0.2577,17,63,17,539298,66312,70987,36969,0.6142502501018934,0.35794579835594154
2557,0.2578,25,58,25,539356,66254,71012,36944,0.6137129941828152,0.35799143394251826
2558,0.2579,20,77,20,539433,66177,71032,36924,0.6129997406350736,0.358134256699741
2559,0.258,28,64,28,539497,66113,71060,36896,0.6124069065174701,0.3581822947509441
2560,0.2581,17,62,17,539559,66051,71077,36879,0.6118325984660418,0.3582920431361119
2561,0.2582,17,73,17,539632,65978,71094,36862,0.6111563970506503,0.35844029560482304
2562,0.2583,23,64,23,539696,65914,71117,36839,0.6105635629330468,0.35851994588965774
2563,0.2584,22,59,22,539755,65855,71139,36817,0.6100170439808811,0.3585885148823438
2564,0.2585,20,38,20,539793,65817,71159,36797,0.6096650487235541,0.3585962929035024
2565,0.2586,19,58,19,539851,65759,71178,36778,0.6091277928044759,0.3586802812643241
2566,0.2587,20,83,20,539934,65676,71198,36758,0.6083589610582089,0.358845695765078
2567,0.2588,16,76,16,540010,65600,71214,36742,0.6076549705435548,0.35901194035684275
2568,0.2589,18,63,18,540073,65537,71232,36724,0.6070713994590389,0.359120290237725
2569,0.259,15,60,15,540133,65477,71247,36709,0.6065156174737856,0.3592370774861527
2570,0.2591,21,53,21,540186,65424,71268,36688,0.6060246767201453,0.35929175806957064
2571,0.2592,25,61,25,540247,65363,71293,36663,0.6054596317018044,0.35934957755866154
2572,0.2593,23,54,23,540301,65309,71316,36640,0.6049594279150765,0.35939538396649306
2573,0.2594,23,61,23,540362,65248,71339,36617,0.6043943828967357,0.3594659598488195
2574,0.2595,27,62,27,540424,65186,71366,36590,0.6038200748453073,0.3595150133626788
2575,0.2596,16,60,16,540484,65126,71382,36574,0.6032642928600541,0.35962635201573256
2576,0.2597,31,79,31,540563,65047,71413,36543,0.6025325132461373,0.35971060143714934
2577,0.2598,26,57,26,540620,64990,71439,36517,0.6020045203601467,0.3597485887672771
2578,0.2599,32,54,32,540674,64936,71471,36485,0.6015043165734189,0.35973812129637844
2579,0.26,17,57,17,540731,64879,71488,36468,0.6009763236874283,0.3598330488322299
2580,0.2601,10,58,10,540789,64821,71498,36458,0.6004390677683501,0.35997590813495395
2581,0.2602,15,59,15,540848,64762,71513,36443,0.5998925488161844,0.3600909045995751
2582,0.2603,16,53,16,540901,64709,71529,36427,0.599401608062544,0.3601783736750514
2583,0.2604,19,59,19,540960,64650,71548,36408,0.5988550891103783,0.3602683607433355
2584,0.2605,24,63,24,541023,64587,71572,36384,0.5982715180258624,0.3603410880351784
2585,0.2606,18,62,18,541085,64525,71590,36366,0.597697209974434,0.36044840471399825
2586,0.2607,25,57,25,541142,64468,71615,36341,0.5971692170884434,0.36049360672162206
2587,0.2608,23,53,23,541195,64415,71638,36318,0.5966782763348031,0.3605372618704893
2588,0.2609,14,52,14,541247,64363,71652,36304,0.5961965986142502,0.36063456743520717
2589,0.261,20,52,20,541299,64311,71672,36284,0.5957149208936975,0.36069387146478454
2590,0.2611,18,63,18,541362,64248,71690,36266,0.5951313498091815,0.36080545993592933
2591,0.2612,19,62,19,541424,64186,71709,36247,0.5945570417577531,0.3609072715143429
2592,0.2613,26,55,26,541479,64131,71735,36221,0.5940475749379377,0.36093949298469385
2593,0.2614,23,55,23,541534,64076,71758,36198,0.5935381081181222,0.360990884975168
2594,0.2615,12,59,12,541593,64017,71770,36186,0.5929915891659565,0.3611269123678932
2595,0.2616,18,54,18,541647,63963,71788,36168,0.5924913853792286,0.3612068190670222
2596,0.2617,16,56,16,541703,63907,71804,36152,0.5919726555263255,0.36130682897090716
2597,0.2618,21,64,21,541767,63843,71825,36131,0.591379821408722,0.36140396503090805
2598,0.2619,21,71,21,541838,63772,71846,36110,0.5907221460595057,0.36152660138963977
2599,0.262,15,55,15,541893,63717,71861,36095,0.5902126792396902,0.3616298641445918
2600,0.2621,16,64,16,541957,63653,71877,36079,0.5896198451220868,0.3617595155015441
2601,0.2622,24,61,24,542018,63592,71901,36055,0.589054800103746,0.36182725019318196
2602,0.2623,23,67,23,542085,63525,71924,36032,0.5884341768868798,0.36192332030896873
2603,0.2624,20,51,20,542136,63474,71944,36012,0.5879617621994145,0.3619805801821362
2604,0.2625,25,52,25,542188,63422,71969,35987,0.5874800844788618,0.3620094760031788
2605,0.2626,21,55,21,542243,63367,71990,35966,0.5869706176590462,0.3620750405202702
2606,0.2627,23,59,23,542302,63308,72013,35943,0.5864240987068806,0.36214244692748687
2607,0.2628,20,53,20,542355,63255,72033,35923,0.5859331579532402,0.3622073443707274
2608,0.2629,16,58,16,542413,63197,72049,35907,0.585395902034162,0.36231635453664834
2609,0.263,18,55,18,542468,63142,72067,35889,0.5848864352143466,0.3624016722036534
2610,0.2631,18,76,18,542544,63066,72085,35871,0.5841824446996925,0.36256405591436974
2611,0.2632,18,71,18,542615,62995,72103,35853,0.5835247693504761,0.3627084007769505
2612,0.2633,20,71,20,542686,62924,72123,35833,0.5828670940012598,0.3628401024737487
2613,0.2634,18,68,18,542754,62856,72141,35815,0.582237207751306,0.3629739234425515
2614,0.2635,15,63,15,542817,62793,72156,35800,0.5816536366667902,0.36310894282555556
2615,0.2636,20,56,20,542873,62737,72176,35780,0.5811349068138871,0.36318604910827573
2616,0.2637,19,54,19,542927,62683,72195,35761,0.5806347030271592,0.36326236235829507
2617,0.2638,30,67,30,542994,62616,72225,35731,0.5800140798102931,0.3633156069834362
2618,0.2639,25,53,25,543047,62563,72250,35706,0.5795231390566528,0.3633495812514628
2619,0.264,21,59,21,543106,62504,72271,35685,0.578976620104487,0.36343174897391767
2620,0.2641,16,61,16,543167,62443,72287,35669,0.5784115750861462,0.3635538975864318
2621,0.2642,32,70,32,543237,62373,72319,35637,0.5777631627700174,0.36360575451484545
2622,0.2643,20,57,20,543294,62316,72339,35617,0.5772351698840268,0.3636874189496901
2623,0.2644,16,52,16,543346,62264,72355,35601,0.576753492163474,0.36377663107341746
2624,0.2645,17,52,17,543398,62212,72372,35584,0.5762718144429212,0.3638594625547057
2625,0.2646,15,57,15,543455,62155,72387,35569,0.5757438215569306,0.3639740493635136
2626,0.2647,23,52,23,543507,62103,72410,35546,0.5752621438363777,0.3640180647011234
2627,0.2648,18,71,18,543578,62032,72428,35528,0.5746044684871614,0.36416564165641657
2628,0.2649,24,59,24,543637,61973,72452,35504,0.5740579495349958,0.36422951055120695
2629,0.265,15,66,15,543703,61907,72467,35489,0.5734465893512172,0.3643784138979014
2630,0.2651,16,54,16,543757,61853,72483,35473,0.5729463855644893,0.36447609066436515
2631,0.2652,21,58,21,543815,61795,72504,35452,0.5724091296454111,0.36455623309716495
2632,0.2653,23,55,23,543870,61740,72527,35429,0.5718996628255956,0.3646121705482201
2633,0.2654,20,53,20,543923,61687,72547,35409,0.5714087220719553,0.36468031638790477
2634,0.2655,26,56,26,543979,61631,72573,35383,0.5708899922190522,0.36472055579607066
2635,0.2656,25,71,25,544050,61560,72598,35358,0.5702323168698359,0.36482387172661424
2636,0.2657,13,56,13,544106,61504,72611,35345,0.5697135870169329,0.36494956065627937
2637,0.2658,24,69,24,544175,61435,72635,35321,0.5690744377338915,0.36505229649840837
2638,0.2659,20,62,20,544237,61373,72655,35301,0.5685001296824632,0.36515505720255703
2639,0.266,19,59,19,544296,61314,72674,35282,0.5679536107302975,0.3652532195950143
2640,0.2661,12,60,12,544356,61254,72686,35270,0.5673978287450443,0.3654013509593469
2641,0.2662,14,63,14,544419,61191,72700,35256,0.5668142576605284,0.36554791750909826
2642,0.2663,23,59,23,544478,61132,72723,35233,0.5662677387083627,0.36562029782597416
2643,0.2664,23,43,23,544521,61089,72746,35210,0.5658694282855978,0.36563204186959364
2644,0.2665,19,50,19,544571,61039,72765,35191,0.5654062766312201,0.3656967681596176
2645,0.2666,18,37,18,544608,61002,72783,35173,0.5650635444069806,0.3657187418767871
2646,0.2667,23,60,23,544668,60942,72806,35150,0.5645077624217274,0.3657952795237897
2647,0.2668,24,57,24,544725,60885,72830,35126,0.5639797695357368,0.36585391257251776
2648,0.2669,18,53,18,544778,60832,72848,35108,0.5634888287820964,0.3659370439858245
2649,0.267,25,71,25,544849,60761,72873,35083,0.56283115343288,0.36604273611285004
2650,0.2671,12,46,12,544895,60715,72885,35071,0.5624050539108526,0.3661391017476458
2651,0.2672,20,50,20,544945,60665,72905,35051,0.5619419022564749,0.3661979188432446
2652,0.2673,25,63,25,545008,60602,72930,35026,0.561358331171959,0.3662734763876689
2653,0.2674,19,65,19,545073,60537,72949,35007,0.560756234021268,0.36639663401155487
2654,0.2675,20,51,20,545124,60486,72969,34987,0.5602838193338027,0.36645962732919257
2655,0.2676,14,65,14,545189,60421,72983,34973,0.5596817221831116,0.36661634903662704
2656,0.2677,23,56,23,545245,60365,73006,34950,0.5591629923302086,0.36667890678277293
2657,0.2678,23,53,23,545298,60312,73029,34927,0.5586720515765682,0.3667300160648474
2658,0.2679,21,56,21,545354,60256,73050,34906,0.5581533217236652,0.36680607805636706
2659,0.268,17,56,17,545410,60200,73067,34889,0.5576345918707621,0.36690889587649467
2660,0.2681,19,90,19,545500,60110,73086,34870,0.5568009188928823,0.3671299220888608
2661,0.2682,16,63,16,545563,60047,73102,34854,0.5562173478083664,0.36726694133886895
2662,0.2683,18,61,18,545624,59986,73120,34836,0.5556523027900255,0.36738309674969943
2663,0.2684,20,50,20,545674,59936,73140,34816,0.5551891511356478,0.3674434312732185
2664,0.2685,22,54,22,545728,59882,73162,34794,0.5546889473489199,0.3675060205331869
2665,0.2686,24,51,24,545779,59831,73186,34770,0.5542165326614547,0.3675436834705764
2666,0.2687,27,40,27,545819,59791,73213,34743,0.5538460113379525,0.36751856474919076
2667,0.2688,19,46,19,545865,59745,73232,34724,0.553419911815925,0.36757031407128266
2668,0.2689,20,65,20,545930,59680,73252,34704,0.5528178146652339,0.3676894388879471
2669,0.269,19,43,19,545973,59637,73271,34685,0.5524195042424691,0.3677296919064481
2670,0.2691,25,54,25,546027,59583,73296,34660,0.5519193004557412,0.36777267277145254
2671,0.2692,21,53,21,546080,59530,73317,34639,0.5514283597021008,0.3678386730240313
2672,0.2693,18,65,18,546145,59465,73335,34621,0.5508262625514099,0.36797185553642414
2673,0.2694,16,51,16,546196,59414,73351,34605,0.5503538478639446,0.3680639019772599
2674,0.2695,26,63,26,546259,59351,73377,34579,0.5497702767794287,0.3681358458426488
2675,0.2696,17,62,17,546321,59289,73394,34562,0.5491959687280003,0.3682645896154543
2676,0.2697,22,55,22,546376,59234,73416,34540,0.5486865019081848,0.3683323735790304
2677,0.2698,25,67,25,546443,59167,73441,34515,0.5480658786913187,0.36842723255267823
2678,0.2699,24,52,24,546495,59115,73465,34491,0.5475842009707659,0.36846996987372604
2679,0.27,22,59,22,546554,59056,73487,34469,0.5470376820186001,0.3685538626035819
2680,0.2701,21,63,21,546617,58993,73508,34448,0.5464541109340842,0.3686604381374343
2681,0.2702,19,61,19,546678,58932,73527,34429,0.5458890659157435,0.368772828054541
2682,0.2703,21,46,21,546724,58886,73548,34408,0.5454629663937159,0.3688125710120694
2683,0.2704,18,66,18,546790,58820,73566,34390,0.5448516062099373,0.3689518292028752
2684,0.2705,13,52,13,546842,58768,73579,34377,0.5443699284893846,0.36906972999087445
2685,0.2706,16,47,16,546889,58721,73595,34361,0.5439345659342695,0.36914763326959027
2686,0.2707,17,48,17,546937,58673,73612,34344,0.5434899403460669,0.3692228302353333
2687,0.2708,29,71,29,547008,58602,73641,34315,0.5428322649968506,0.3693080921682792
2688,0.2709,22,63,22,547071,58539,73663,34293,0.5422486939123347,0.36940925542916236
2689,0.271,17,79,17,547150,58460,73680,34276,0.5415169142984179,0.36960835058661146
2690,0.2711,29,52,29,547202,58408,73709,34247,0.541035236577865,0.36961847714640333
2691,0.2712,16,65,16,547267,58343,73725,34231,0.5404331394271741,0.3697690496251647
2692,0.2713,22,68,22,547335,58275,73747,34209,0.5398032531772203,0.3698910081743869
2693,0.2714,25,63,25,547398,58212,73772,34184,0.5392196820927044,0.36997272609203863
2694,0.2715,21,58,21,547456,58154,73793,34163,0.5386824261736263,0.37006185209658027
2695,0.2716,24,50,24,547506,58104,73817,34139,0.5382192745192486,0.3700985440629641
2696,0.2717,24,59,24,547565,58045,73841,34115,0.5376727555670829,0.3701714409722222
2697,0.2718,15,44,15,547609,58001,73856,34100,0.5372651821112305,0.3702457085156513
2698,0.2719,26,62,26,547671,57939,73882,34074,0.5366908740598021,0.3703172377816178
2699,0.272,21,57,21,547728,57882,73903,34053,0.5361628811738115,0.3704030021210638
2700,0.2721,21,66,21,547794,57816,73924,34032,0.535551520990033,0.37052521557355633
2701,0.2722,15,55,15,547849,57761,73939,34017,0.5350420541702176,0.3706443810063414
2702,0.2723,19,46,19,547895,57715,73958,33998,0.53461595464819,0.3706999007774252
2703,0.2724,23,59,23,547954,57656,73981,33975,0.5340694356960243,0.3707806310091563
2704,0.2725,12,46,12,548000,57610,73993,33963,0.5336433361739968,0.370884431000404
2705,0.2726,20,62,20,548062,57548,74013,33943,0.5330690281225684,0.3709982402640697
2706,0.2727,15,57,15,548119,57491,74028,33928,0.5325410352365779,0.37112635229000535
2707,0.2728,18,66,18,548185,57425,74046,33910,0.5319296750527993,0.37127059725187495
2708,0.2729,14,60,14,548245,57365,74060,33896,0.531373893067546,0.3714182399929871
2709,0.273,16,54,16,548299,57311,74076,33880,0.5308736892808181,0.37152789200688663
2710,0.2731,20,56,20,548355,57255,74096,33860,0.5303549594279151,0.371618284585414
2711,0.2732,15,64,15,548419,57191,74111,33845,0.5297621253103116,0.3717760007030186
2712,0.2733,17,56,17,548475,57135,74128,33828,0.5292433954574086,0.3718874707298572
2713,0.2734,13,49,13,548524,57086,74141,33815,0.5287895068361185,0.37199810783159704
2714,0.2735,25,46,25,548570,57040,74166,33790,0.5283634073140909,0.3720136518771331
2715,0.2736,13,58,13,548628,56982,74179,33777,0.5278261513950128,0.3721614385350213
2716,0.2737,9,45,9,548673,56937,74188,33768,0.5274093149060728,0.3722837770795436
2717,0.2738,28,54,28,548727,56883,74216,33740,0.5269091111193449,0.3723116648091544
2718,0.2739,17,48,17,548775,56835,74233,33723,0.5264644855311423,0.3723911747167561
2719,0.274,20,57,20,548832,56778,74253,33703,0.5259364926451517,0.3724870414783214
2720,0.2741,18,65,18,548897,56713,74271,33685,0.5253343954944607,0.37262992544082835
2721,0.2742,18,55,18,548952,56658,74289,33667,0.5248249286746453,0.37273180182673676
2722,0.2743,13,52,13,549004,56606,74302,33654,0.5243432509540924,0.37285619321958785
2723,0.2744,19,60,19,549064,56546,74321,33635,0.5237874689688392,0.37297213381976246
2724,0.2745,21,58,21,549122,56488,74342,33614,0.523250213049761,0.3730660806641362
2725,0.2746,17,61,17,549183,56427,74359,33597,0.5226851680314202,0.37320047987203414
2726,0.2747,19,61,19,549244,56366,74378,33578,0.5221201230130794,0.37332117762163125
2727,0.2748,23,47,23,549291,56319,74401,33555,0.5216847604579643,0.3733560317778223
2728,0.2749,14,42,14,549333,56277,74415,33541,0.521295713068287,0.3734329421719477
2729,0.275,19,56,19,549389,56221,74434,33522,0.520776983215384,0.3735333117903346
2730,0.2751,24,47,24,549436,56174,74458,33498,0.520341620660269,0.37356142385583013
2731,0.2752,26,44,26,549480,56130,74484,33472,0.5199340472044166,0.37356309010959576
2732,0.2753,11,64,11,549544,56066,74495,33461,0.5193412130868131,0.3737531694349191
2733,0.2754,17,60,17,549604,56006,74512,33444,0.51878543110156,0.3738848518725545
2734,0.2755,23,57,23,549661,55949,74535,33421,0.5182574382155694,0.37396217970236095
2735,0.2756,25,59,25,549720,55890,74560,33396,0.5177109192634036,0.3740340030911901
2736,0.2757,20,45,20,549765,55845,74580,33376,0.5172940827744636,0.37408233487631837
2737,0.2758,17,48,17,549813,55797,74597,33359,0.5168494571862611,0.37416438602000984
2738,0.2759,17,49,17,549862,55748,74614,33342,0.5163955685649709,0.37425075766079247
2739,0.276,20,62,20,549924,55686,74634,33322,0.5158212605135426,0.37437084307028584
2740,0.2761,7,51,7,549975,55635,74641,33315,0.5153488458260773,0.3745362563237774
2741,0.2762,17,55,17,550030,55580,74658,33298,0.5148393790062619,0.3746483944283175
2742,0.2763,17,47,17,550077,55533,74675,33281,0.5144040164511468,0.37472695746166146
2743,0.2764,18,58,18,550135,55475,74693,33263,0.5138667605320686,0.37484504947147784
2744,0.2765,23,46,23,550181,55429,74716,33240,0.5134406610100412,0.37487735285161666
2745,0.2766,13,51,13,550232,55378,74729,33227,0.5129682463225759,0.3750014107556007
2746,0.2767,16,51,16,550283,55327,74745,33211,0.5124958316351106,0.37510447491472587
2747,0.2768,23,49,23,550332,55278,74768,33188,0.5120419430138204,0.37514977505482333
2748,0.2769,14,48,14,550380,55230,74782,33174,0.5115973174256179,0.37525451337043575
2749,0.277,18,43,18,550423,55187,74800,33156,0.511199007002853,0.37530987174988395
2750,0.2771,17,50,17,550473,55137,74817,33139,0.5107358553484753,0.37540214780914405
2751,0.2772,16,74,16,550547,55063,74833,33123,0.5100503908999963,0.37560383734379604
2752,0.2773,19,48,19,550595,55015,74852,33104,0.5096057653117937,0.37567380474131573
2753,0.2774,20,58,20,550653,54957,74872,33084,0.5090685093927155,0.3757794663849797
2754,0.2775,20,42,20,550695,54915,74892,33064,0.5086794620030383,0.3758169563191216
2755,0.2776,19,57,19,550752,54858,74911,33045,0.5081514691170477,0.37592573632299237
2756,0.2777,21,53,21,550805,54805,74932,33024,0.5076605283634074,0.3760033701852463
2757,0.2778,24,33,24,550838,54772,74956,33000,0.507354848271518,0.3759741147518571
2758,0.2779,19,45,19,550883,54727,74975,32981,0.5069380117825781,0.3760318329000775
2759,0.278,22,42,22,550925,54685,74997,32959,0.5065489643929008,0.3760554059604765
2760,0.2781,14,48,14,550973,54637,75011,32945,0.5061043388046982,0.3761617683998995
2761,0.2782,20,47,20,551020,54590,75031,32925,0.5056689762495832,0.37622121921956236
2762,0.2783,19,53,19,551073,54537,75050,32906,0.5051780354959428,0.37631371293299637
2763,0.2784,15,47,15,551120,54490,75065,32891,0.5047426729408278,0.3764090591776244
2764,0.2785,24,45,24,551165,54445,75089,32867,0.5043258364518878,0.37643164742532526
2765,0.2786,19,54,19,551219,54391,75108,32848,0.5038256326651599,0.3765288460436273
2766,0.2787,10,53,10,551272,54338,75118,32838,0.5033346919115195,0.37668624392034505
2767,0.2788,23,56,23,551328,54282,75141,32815,0.5028159620586165,0.3767638380196792
2768,0.2789,17,48,17,551376,54234,75158,32798,0.5023713364704139,0.37684989429175475
2769,0.279,23,47,23,551423,54187,75181,32775,0.5019359739152989,0.37688875600837146
2770,0.2791,15,52,15,551475,54135,75196,32760,0.501454296194746,0.3770067322630761
2771,0.2792,21,61,21,551536,54074,75217,32739,0.5008892511764051,0.37712093810834785
2772,0.2793,24,55,24,551591,54019,75241,32715,0.5003797843565897,0.37718772338414003
2773,0.2794,16,49,16,551640,53970,75257,32699,0.49992589573529955,0.3772859961462576
2774,0.2795,14,44,14,551684,53926,75271,32685,0.4995183222794472,0.377377007539458
2775,0.2796,18,46,18,551730,53880,75289,32667,0.4990922227574197,0.3774480917882769
2776,0.2797,20,40,20,551770,53840,75309,32647,0.49872170143391753,0.3774786962202412
2777,0.2798,24,56,24,551826,53784,75333,32623,0.4982029715810145,0.3775504299420186
2778,0.2799,13,43,13,551869,53741,75346,32610,0.4978046611582497,0.3776447290708851
2779,0.28,21,52,21,551921,53689,75367,32589,0.4973229834376968,0.3777208558381047
2780,0.2801,18,44,18,551965,53645,75385,32571,0.49691540998184447,0.3777837060406421
2781,0.2802,26,47,26,552012,53598,75411,32545,0.4964800474267294,0.37780202686231035
2782,0.2803,18,58,18,552070,53540,75429,32527,0.49594279150765125,0.3779264991227764
2783,0.2804,20,65,20,552135,53475,75449,32507,0.49534069435696026,0.37806750250052334
2784,0.2805,15,53,15,552188,53422,75464,32492,0.4948497536033199,0.3781921456340061
2785,0.2806,23,53,23,552241,53369,75487,32469,0.4943588128496795,0.3782590461101144
2786,0.2807,22,51,22,552292,53318,75509,32447,0.49388639816221425,0.3783244913426223
2787,0.2808,16,50,16,552342,53268,75525,32431,0.49342324650783653,0.3784291531989872
2788,0.2809,20,40,20,552382,53228,75545,32411,0.49305272518433435,0.3784607480236808
2789,0.281,18,42,18,552424,53186,75563,32393,0.4926636777946571,0.3785157573703829
2790,0.2811,11,37,11,552461,53149,75574,32382,0.49232094557041756,0.378599572084975
2791,0.2812,17,53,17,552514,53096,75591,32365,0.4918300048167772,0.3787107569534642
2792,0.2813,17,52,17,552566,53044,75608,32348,0.4913483270962244,0.3788176878396103
2793,0.2814,17,56,17,552622,52988,75625,32331,0.49082959724332137,0.3789425567575804
2794,0.2815,22,45,22,552667,52943,75647,32309,0.4904127607543814,0.37898231126542486
2795,0.2816,13,57,13,552724,52886,75660,32296,0.4898847678683908,0.37914113310323777
2796,0.2817,18,43,18,552767,52843,75678,32278,0.489486457445626,0.37920137216433075
2797,0.2818,15,40,15,552807,52803,75693,32263,0.48911593612212384,0.37927021371640846
2798,0.2819,19,37,19,552844,52766,75712,32244,0.4887732038978843,0.3792965533466651
2799,0.282,15,58,15,552902,52708,75727,32229,0.4882359479788062,0.379445942286636
2800,0.2821,19,61,19,552963,52647,75746,32210,0.4876709029604654,0.3795797636022956
2801,0.2822,16,55,16,553018,52592,75762,32194,0.4871614361406499,0.3797089142075343
2802,0.2823,24,45,24,553063,52547,75786,32170,0.48674459965170996,0.3797348820189572
2803,0.2824,17,37,17,553100,52510,75803,32153,0.48640186742747044,0.3797762895243495
2804,0.2825,17,48,17,553148,52462,75820,32136,0.48595724183926786,0.37986713633892055
2805,0.2826,24,44,24,553192,52418,75844,32112,0.48554966838341546,0.37988879687684846
2806,0.2827,18,63,18,553255,52355,75862,32094,0.48496609729889956,0.38004002415659155
2807,0.2828,22,41,22,553296,52314,75884,32072,0.4845863129423098,0.3800630436328301
2808,0.2829,14,40,14,553336,52274,75898,32058,0.4842157916188077,0.38014039747663997
2809,0.283,12,56,12,553392,52218,75910,32046,0.4836970617659046,0.3803047564796354
2810,0.2831,20,49,20,553441,52169,75930,32026,0.48324317314461446,0.38037888235643447
2811,0.2832,18,62,18,553503,52107,75948,32008,0.48266886509318613,0.38052665992985796
2812,0.2833,20,50,20,553553,52057,75968,31988,0.4822057134388084,0.3806056279374145
2813,0.2834,16,46,16,553599,52011,75984,31972,0.4817796139167809,0.3806960932569687
2814,0.2835,22,46,22,553645,51965,76006,31950,0.48135351439475343,0.38074241792289815
2815,0.2836,16,46,16,553691,51919,76022,31934,0.48092741487272594,0.38083312463477753
2816,0.2837,15,48,15,553739,51871,76037,31919,0.4804827892845233,0.38094044635398017
2817,0.2838,20,56,20,553795,51815,76057,31899,0.4799640594316203,0.3810473755883126
2818,0.2839,26,46,26,553841,51769,76083,31873,0.4795379599095928,0.3810645369551182
2819,0.284,22,47,22,553888,51722,76105,31851,0.47910259735447774,0.3811159106409965
2820,0.2841,19,48,19,553936,51674,76124,31832,0.47865797176627517,0.381194165688693
2821,0.2842,22,38,22,553974,51636,76146,31810,0.47830597650894807,0.38120461136543393
2822,0.2843,16,37,16,554011,51599,76162,31794,0.4779632442847086,0.38125502140467427
2823,0.2844,17,55,17,554066,51544,76179,31777,0.4774537774648931,0.38138044430575724
2824,0.2845,24,37,24,554103,51507,76203,31753,0.4771110452406536,0.3813716070141725
2825,0.2846,21,54,21,554157,51453,76224,31732,0.4766108414539257,0.3814630041473823
2826,0.2847,15,50,15,554207,51403,76239,31717,0.47614768979954797,0.3815808469682387
2827,0.2848,15,46,15,554253,51357,76254,31702,0.4757215902775205,0.3816804921802574
2828,0.2849,22,48,22,554301,51309,76276,31680,0.47527696468931785,0.38173733868343995
2829,0.285,21,49,21,554350,51260,76297,31659,0.4748230760680277,0.38180634112808887
2830,0.2851,16,59,16,554409,51201,76313,31643,0.47427655711586203,0.3819588624402491
2831,0.2852,20,52,20,554461,51149,76333,31623,0.4737948793953092,0.3820494853332045
2832,0.2853,9,51,9,554512,51098,76342,31614,0.47332246470784395,0.3822178160363672
2833,0.2854,17,46,17,554558,51052,76359,31597,0.47289636518581646,0.3823034761461119
2834,0.2855,15,49,15,554607,51003,76374,31582,0.4724424765645263,0.3824181146697342
2835,0.2856,20,55,20,554662,50948,76394,31562,0.4719330097447108,0.3825233305053933
2836,0.2857,13,43,13,554705,50905,76407,31549,0.47153469932194597,0.3826254638950203
2837,0.2858,20,53,20,554758,50852,76427,31529,0.4710437585683056,0.3827217440914774
2838,0.2859,30,56,30,554814,50796,76457,31499,0.4705250287154026,0.38275715414059175
2839,0.286,25,42,25,554856,50754,76482,31474,0.4701359813257253,0.3827649948922508
2840,0.2861,22,47,22,554903,50707,76504,31452,0.46970061877061026,0.3828186808505459
2841,0.2862,22,46,22,554949,50661,76526,31430,0.46927451924858277,0.38286779305892243
2842,0.2863,19,42,19,554991,50619,76545,31411,0.4688854718589055,0.38292088260392537
2843,0.2864,17,53,17,555044,50566,76562,31394,0.46839453110526513,0.3830405075646657
2844,0.2865,17,50,17,555094,50516,76579,31377,0.4679313794508874,0.3831463006606181
2845,0.2866,19,39,19,555133,50477,76598,31358,0.4675701211604728,0.3831856784994196
2846,0.2867,24,42,24,555175,50435,76622,31334,0.4671810737707955,0.38320145776516773
2847,0.2868,23,57,23,555232,50378,76645,31311,0.4666530808848049,0.3832951805016587
2848,0.2869,19,53,19,555285,50325,76664,31292,0.4661621401311645,0.3834005170491442
2849,0.287,17,34,17,555319,50291,76681,31275,0.4658471970061877,0.3834318220827305
2850,0.2871,20,44,20,555363,50247,76701,31255,0.4654396235503353,0.3834875217786067
2851,0.2872,22,35,22,555398,50212,76723,31233,0.4651154173922709,0.3834857879550617
2852,0.2873,23,51,23,555449,50161,76746,31210,0.4646430027048057,0.38355187966228754
2853,0.2874,17,46,17,555495,50115,76763,31193,0.4642169031827782,0.38363998622521767
2854,0.2875,11,36,11,555531,50079,76774,31182,0.46388343399162624,0.3837265108723742
2855,0.2876,20,46,20,555577,50033,76794,31162,0.46345733446959875,0.3837921054252109
2856,0.2877,18,40,18,555617,49993,76812,31144,0.46308681314609657,0.38384460850167
2857,0.2878,17,26,17,555643,49967,76829,31127,0.46284597428582014,0.383838508397662
2858,0.2879,12,38,12,555681,49929,76841,31115,0.4624939790284931,0.38392724939539014
2859,0.288,15,49,15,555730,49880,76856,31100,0.46204009040720295,0.3840454433193381
2860,0.2881,11,47,11,555777,49833,76867,31089,0.4616047278520879,0.38418477051975974
2861,0.2882,17,40,17,555817,49793,76884,31072,0.4612342065285857,0.38424534718357756
2862,0.2883,22,53,22,555870,49740,76906,31050,0.46074326577494534,0.3843297437801708
2863,0.2884,16,48,16,555918,49692,76922,31034,0.46029864018674277,0.38443624111190944
2864,0.2885,12,42,12,555960,49650,76934,31022,0.45990959279706545,0.38454482348274494
2865,0.2886,25,45,25,556005,49605,76959,30997,0.4594927563081255,0.38456862112602663
2866,0.2887,21,57,21,556062,49548,76980,30976,0.45896476342213494,0.3846803437484477
2867,0.2888,17,44,17,556106,49504,76997,30959,0.4585571899662826,0.3847606974634304
2868,0.2889,13,45,13,556151,49459,77010,30946,0.4581403534773426,0.38487656240283563
2869,0.289,14,37,14,556188,49422,77024,30932,0.45779762125310314,0.3849466112452398
2870,0.2891,24,33,24,556221,49389,77048,30908,0.45749194116121383,0.3849209808585626
2871,0.2892,12,42,12,556263,49347,77060,30896,0.45710289377153657,0.38503046994753437
2872,0.2893,20,50,20,556313,49297,77080,30876,0.45663974211715885,0.38511718408940665
2873,0.2894,13,47,13,556360,49250,77093,30863,0.4562043795620438,0.3852433437769151
2874,0.2895,11,49,11,556409,49201,77104,30852,0.45575049094075365,0.385394676027132
2875,0.2896,10,39,10,556448,49162,77114,30842,0.45538923265033904,0.3855057247137643
2876,0.2897,14,44,14,556492,49118,77128,30828,0.45498165919448663,0.385610286943687
2877,0.2898,12,40,12,556532,49078,77140,30816,0.45461113787098445,0.3857110671639923
2878,0.2899,20,42,20,556574,49036,77160,30796,0.4542220904813072,0.3857600962020242
2879,0.29,16,49,16,556623,48987,77176,30780,0.45376820186001704,0.38587385761028997
2880,0.2901,24,33,24,556656,48954,77200,30756,0.45346252176812774,0.3858487015430937
2881,0.2902,19,48,19,556704,48906,77219,30737,0.45301789617992516,0.3859347337493565
2882,0.2903,15,53,15,556757,48853,77234,30722,0.4525269554262848,0.3860760289035501
2883,0.2904,19,40,19,556797,48813,77253,30703,0.4521564341027826,0.386123547462146
2884,0.2905,27,42,27,556839,48771,77280,30676,0.45176738671310535,0.3861190479187383
2885,0.2906,17,40,17,556879,48731,77297,30659,0.45139686538960316,0.3861821388084142
2886,0.2907,12,46,12,556925,48685,77309,30647,0.4509707658675757,0.3863132153481571
2887,0.2908,19,41,19,556966,48644,77328,30628,0.450590981510986,0.3863659299626602
2888,0.2909,18,48,18,557014,48596,77346,30610,0.45014635592278335,0.3864606216700755
2889,0.291,16,39,16,557053,48557,77362,30594,0.44978509763236874,0.38652701797829464
2890,0.2911,18,35,18,557088,48522,77380,30576,0.44946089147430435,0.3865584464841083
2891,0.2912,11,36,11,557124,48486,77391,30565,0.4491274222831524,0.38664912524825745
2892,0.2913,15,40,15,557164,48446,77406,30550,0.4487569009596502,0.3867284419464277
2893,0.2914,26,45,26,557209,48401,77432,30524,0.4483400644707103,0.3867469116249604
2894,0.2915,25,50,25,557259,48351,77457,30499,0.4478769128163326,0.3867977171845276
2895,0.2916,23,51,23,557310,48300,77480,30476,0.4474044981288673,0.3868690971869605
2896,0.2917,13,41,13,557351,48259,77493,30463,0.4470247137722776,0.38696933512868065
2897,0.2918,14,44,14,557395,48215,77507,30449,0.4466171403164252,0.3870766805654429
2898,0.2919,20,29,20,557424,48186,77527,30429,0.44634851235688616,0.3870635374928449
2899,0.292,18,39,18,557463,48147,77545,30411,0.44598725406647155,0.3871152524249599
2900,0.2921,22,50,22,557513,48097,77567,30389,0.44552410241209384,0.3871900721147721
2901,0.2922,19,48,19,557561,48049,77586,30370,0.4450794768238912,0.387278593198077
2902,0.2923,21,47,21,557608,48002,77607,30349,0.44464411426877615,0.3873466835139309
2903,0.2924,16,45,16,557653,47957,77623,30333,0.4442272777798362,0.387444118022736
2904,0.2925,13,35,13,557688,47922,77636,30320,0.44390307162177184,0.3875156565527466
2905,0.2926,18,51,18,557739,47871,77654,30302,0.44343065693430656,0.3876274416998196
2906,0.2927,28,50,28,557789,47821,77682,30274,0.44296750527992884,0.38765605992701196
2907,0.2928,17,48,17,557837,47773,77699,30257,0.44252287969172627,0.38776111751890296
2908,0.2929,18,55,18,557892,47718,77717,30239,0.44201341287191076,0.38789332580781716
2909,0.293,20,46,20,557938,47672,77737,30219,0.44158731334988327,0.3879652334672812
2910,0.2931,20,41,20,557979,47631,77757,30199,0.4412075289932936,0.38801233457535655
2911,0.2932,17,37,17,558016,47594,77774,30182,0.44086479676905405,0.3880631557292738
2912,0.2933,15,50,15,558066,47544,77789,30167,0.44040164511467633,0.38819472146800327
2913,0.2934,24,51,24,558117,47493,77813,30143,0.4399292304272111,0.38826060075222835
2914,0.2935,28,39,28,558156,47454,77841,30115,0.4395679721367965,0.3882349907824002
2915,0.2936,13,43,13,558199,47411,77854,30102,0.43916966171403166,0.388347761020732
2916,0.2937,15,39,15,558238,47372,77869,30087,0.43880840342361704,0.38842484411107814
2917,0.2938,16,57,16,558295,47315,77885,30071,0.43828041053762645,0.3885844984880986
2918,0.2939,13,47,13,558342,47268,77898,30058,0.4378450479825114,0.38871789566251974
2919,0.294,26,35,26,558377,47233,77924,30032,0.437520841824447,0.38868828059276517
2920,0.2941,9,36,9,558413,47197,77933,30023,0.43718737263329505,0.38879823879823877
2921,0.2942,17,44,17,558457,47153,77950,30006,0.43677979917744264,0.38888528881919154
2922,0.2943,20,57,20,558514,47096,77970,29986,0.43625180629145205,0.3890142964635064
2923,0.2944,17,42,17,558556,47054,77987,29969,0.4358627589017748,0.3890915700505044
2924,0.2945,8,42,8,558598,47012,77995,29961,0.4354737115120975,0.38924038299143854
2925,0.2946,13,55,13,558653,46957,78008,29948,0.43496424469228206,0.3894155126454717
2926,0.2947,16,40,16,558693,46917,78024,29932,0.4345937233687799,0.3894910799099533
2927,0.2948,24,61,24,558754,46856,78048,29908,0.43402867835043907,0.38960971288624874
2928,0.2949,18,40,18,558794,46816,78066,29890,0.4336581570269369,0.38966964774593904
2929,0.295,23,35,23,558829,46781,78089,29867,0.4333339508688725,0.3896644400375744
2930,0.2951,26,46,26,558875,46735,78115,29841,0.432907851346845,0.3896912870873381
2931,0.2952,13,36,13,558911,46699,78128,29828,0.43257438215569305,0.38977093052125394
2932,0.2953,20,34,20,558945,46665,78148,29808,0.43225943903071623,0.3897846298693657
2933,0.2954,17,47,17,558992,46618,78165,29791,0.43182407647560117,0.3898886256854559
2934,0.2955,5,37,5,559029,46581,78170,29786,0.43148134425136164,0.3900375816779499
2935,0.2956,16,31,16,559060,46550,78186,29770,0.4311941902256475,0.3900681341719078
2936,0.2957,20,37,20,559097,46513,78206,29750,0.430851458001408,0.39009742601261427
2937,0.2958,22,40,22,559137,46473,78228,29728,0.4304809366779058,0.39012611383052714
2938,0.2959,16,35,16,559172,46438,78244,29712,0.43015673051984143,0.390177281680893
2939,0.296,24,33,24,559205,46405,78268,29688,0.42985105042795213,0.3901541534700958
2940,0.2961,14,36,14,559241,46369,78282,29674,0.42951758123680017,0.39022658232841945
2941,0.2962,12,49,12,559290,46320,78294,29662,0.42906369261551003,0.39038193256297543
2942,0.2963,17,40,17,559330,46280,78311,29645,0.42869317129200785,0.39045110306223246
2943,0.2964,19,36,19,559366,46244,78330,29626,0.4283597021008559,0.39048372215632005
2944,0.2965,14,48,14,559414,46196,78344,29612,0.4279150765126533,0.390618404390038
2945,0.2966,26,49,26,559463,46147,78370,29586,0.42746118789136317,0.3906619307303289
2946,0.2967,14,58,14,559521,46089,78384,29572,0.426923931972285,0.39084865386394574
2947,0.2968,16,37,16,559558,46052,78400,29556,0.4265811997480455,0.3909110147074384
2948,0.2969,17,43,17,559601,46009,78417,29539,0.42618288932528064,0.3909964525864351
2949,0.297,21,39,21,559640,45970,78438,29518,0.42582163103486603,0.3910290377278508
2950,0.2971,21,33,21,559673,45937,78459,29497,0.4255159509429768,0.39103056976959993
2951,0.2972,10,38,10,559711,45899,78469,29487,0.4251639556856497,0.3911468973018863
2952,0.2973,13,46,13,559757,45853,78482,29474,0.4247378561636222,0.3912806828892694
2953,0.2974,16,38,16,559795,45815,78498,29458,0.42438586090629515,0.3913488236153734
2954,0.2975,20,37,20,559832,45778,78518,29438,0.4240431286820556,0.3913794937247394
2955,0.2976,21,51,21,559883,45727,78539,29417,0.4235707139945904,0.3914750346002342
2956,0.2977,17,47,17,559930,45680,78556,29400,0.42313535143947534,0.39158231220031964
2957,0.2978,19,44,19,559974,45636,78575,29381,0.42272777798362293,0.3916578908780676
2958,0.2979,17,50,17,560024,45586,78592,29364,0.4222646263292453,0.39178118745830554
2959,0.298,13,29,13,560053,45557,78605,29351,0.4219959983697062,0.39182730816468203
2960,0.2981,20,32,20,560085,45525,78625,29331,0.42169958131090446,0.39183231805065727
2961,0.2982,18,51,18,560136,45474,78643,29313,0.4212271666234392,0.39195314693730193
2962,0.2983,19,36,19,560172,45438,78662,29294,0.4208936974322872,0.3919873681956859
2963,0.2984,20,54,20,560226,45384,78682,29274,0.4203934936455593,0.3921080125371695
2964,0.2985,19,40,19,560266,45344,78701,29255,0.42002297232205715,0.3921634338261907
2965,0.2986,13,48,13,560314,45296,78714,29242,0.4195783467338545,0.3923099627035874
2966,0.2987,23,38,23,560352,45258,78737,29219,0.4192263514765275,0.39232246196812437
2967,0.2988,11,41,11,560393,45217,78748,29208,0.41884656711993773,0.3924487739334901
2968,0.2989,15,46,15,560439,45171,78763,29193,0.41842046759791024,0.3925689849927384
2969,0.299,13,37,13,560476,45134,78776,29180,0.41807773537367077,0.3926581801544796
2970,0.2991,26,46,26,560522,45088,78802,29154,0.4176516358516433,0.3926887745480995
2971,0.2992,15,42,15,560564,45046,78817,29139,0.417262588461966,0.3927882995214666
2972,0.2993,14,40,14,560604,45006,78831,29125,0.41689206713846383,0.3928855674414213
2973,0.2994,16,50,16,560654,44956,78847,29109,0.4164289154840861,0.39301964490650104
2974,0.2995,15,41,15,560695,44915,78862,29094,0.41604913112749636,0.393114350957316
2975,0.2996,11,41,11,560736,44874,78873,29083,0.41566934677090667,0.39324201901104694
2976,0.2997,13,43,13,560779,44831,78886,29070,0.41527103634814183,0.39336409520845456
2977,0.2998,13,50,13,560829,44781,78899,29057,0.4148078846937641,0.3935236599041144
2978,0.2999,20,51,20,560880,44730,78919,29037,0.4143354700062989,0.3936312985481313
2979,0.3,22,47,22,560927,44683,78941,29015,0.41390010745118383,0.393701321609813
2980,0.3001,18,32,18,560959,44651,78959,28997,0.4136036903923821,0.3937242016076472
2981,0.3002,10,35,10,560994,44616,78969,28987,0.4132794842343177,0.3938290558808744
2982,0.3003,15,50,15,561044,44566,78984,28972,0.41281633257994,0.3939731839321167
2983,0.3004,14,35,14,561079,44531,78998,28958,0.4124921264218756,0.39404536733388673
2984,0.3005,14,43,14,561122,44488,79012,28944,0.41209381599911077,0.39416058394160586
2985,0.3006,13,44,13,561166,44444,79025,28931,0.41168624254325836,0.39428960817717207
2986,0.3007,13,45,13,561211,44399,79038,28918,0.41126940605431844,0.3944242126655482
2987,0.3008,16,40,16,561251,44359,79054,28902,0.41089888473081626,0.39450730948253504
2988,0.3009,21,33,21,561284,44326,79075,28881,0.41059320463892696,0.39451145382272185
2989,0.301,20,41,20,561325,44285,79095,28861,0.41021342028233726,0.3945670303229158
2990,0.3011,21,37,21,561362,44248,79116,28840,0.40987068805809773,0.39459281961471104
2991,0.3012,16,34,16,561396,44214,79132,28824,0.4095557449331209,0.39464388400558614
2992,0.3013,19,37,19,561433,44177,79151,28805,0.4092130127088814,0.3946863610205256
2993,0.3014,17,49,17,561482,44128,79168,28788,0.40875912408759124,0.394810466838554
2994,0.3015,14,38,14,561520,44090,79182,28774,0.4084071288302642,0.39490008783487046
2995,0.3016,17,45,17,561565,44045,79199,28757,0.4079902923413242,0.39500288453613913
2996,0.3017,7,38,7,561603,44007,79206,28750,0.4076382970839972,0.3951509820360927
2997,0.3018,16,43,16,561646,43964,79222,28734,0.40723998666123234,0.3952515887644777
2998,0.3019,13,34,13,561680,43930,79235,28721,0.4069250435362555,0.39532835060769983
2999,0.302,17,38,17,561718,43892,79252,28704,0.40657304827892843,0.39539368560251253
3000,0.3021,16,34,16,561752,43858,79268,28688,0.4062581051539516,0.39544564827833373
3001,0.3022,22,41,22,561793,43817,79290,28666,0.4058783207973619,0.39548583805857923
3002,0.3023,15,40,15,561833,43777,79305,28651,0.40550779947385973,0.3955790578229414
3003,0.3024,17,41,17,561874,43736,79322,28634,0.40512801511727,0.39566118557413293
3004,0.3025,26,37,26,561911,43699,79348,28608,0.4047852828930305,0.39564634129475706
3005,0.3026,14,59,14,561970,43640,79362,28594,0.4042387639408648,0.3958523686906443
3006,0.3027,19,48,19,562018,43592,79381,28575,0.4037941383526622,0.3959566006623526
3007,0.3028,16,41,16,562059,43551,79397,28559,0.40341435399607245,0.39604770489529884
3008,0.3029,15,41,15,562100,43510,79412,28544,0.40303456963948275,0.39614733394398643
3009,0.303,18,41,18,562141,43469,79430,28526,0.40265478528289306,0.3962219598583235
3010,0.3031,16,44,16,562185,43425,79446,28510,0.40224721182704065,0.39633002015708624
3011,0.3032,22,35,22,562220,43390,79468,28488,0.40192300566897626,0.39633823979520855
3012,0.3033,11,43,11,562263,43347,79479,28477,0.4015246952462114,0.3964830697259969
3013,0.3034,16,36,16,562299,43311,79495,28461,0.40119122605505947,0.3965474001003177
3014,0.3035,20,40,20,562339,43271,79515,28441,0.4008207047315573,0.3966002900490852
3015,0.3036,14,50,14,562389,43221,79529,28427,0.4003575530771796,0.3967591558731577
3016,0.3037,13,36,13,562425,43185,79542,28414,0.4000240838860276,0.3968491180044414
3017,0.3038,17,36,17,562461,43149,79559,28397,0.3996906146948757,0.3969054873787493
3018,0.3039,16,51,16,562512,43098,79575,28381,0.39921820000741043,0.3970536801018481
3019,0.304,25,51,25,562563,43047,79600,28356,0.39874578531994515,0.3971261711692786
3020,0.3041,20,49,20,562612,42998,79620,28336,0.398291896698655,0.39722993243053806
3021,0.3042,12,32,12,562644,42966,79632,28324,0.39799547963985327,0.39730677514377893
3022,0.3043,14,48,14,562692,42918,79646,28310,0.3975508540516507,0.3974560566069523
3023,0.3044,16,36,16,562728,42882,79662,28294,0.39721738486049873,0.39752163650668765
3024,0.3045,16,48,16,562776,42834,79678,28278,0.3967727592722961,0.397654404319946
3025,0.3046,22,38,22,562814,42796,79700,28256,0.39642076401496906,0.3976805719754546
3026,0.3047,15,37,15,562851,42759,79715,28241,0.39607803179072953,0.3977605633802817
3027,0.3048,13,29,13,562880,42730,79728,28228,0.3958094038311905,0.3978127906649004
3028,0.3049,17,44,17,562924,42686,79745,28211,0.3954018303753381,0.3979152855551011
3029,0.305,13,31,13,562955,42655,79758,28198,0.39511467634962394,0.39797891408973507
3030,0.3051,16,43,16,562998,42612,79774,28182,0.3947163659268591,0.3980845834392745
3031,0.3052,14,31,14,563029,42581,79788,28168,0.39442921190114494,0.39813990303749874
3032,0.3053,11,36,11,563065,42545,79799,28157,0.394095742709993,0.3982489887131906
3033,0.3054,9,39,9,563104,42506,79808,28148,0.39373448441957837,0.3983921646332833
3034,0.3055,13,39,13,563143,42467,79821,28135,0.39337322612916376,0.39850145888218463
3035,0.3056,16,50,16,563193,42417,79837,28119,0.39291007447478604,0.39864749914937053
3036,0.3057,17,33,17,563226,42384,79854,28102,0.39260439438289674,0.39868910138183467
3037,0.3058,19,42,19,563268,42342,79873,28083,0.39221534699321947,0.39876464323748667
3038,0.3059,16,44,16,563312,42298,79889,28067,0.39180777353736707,0.39887728273999856
3039,0.306,18,32,18,563344,42266,79907,28049,0.39151135647856533,0.3989049278247884
3040,0.3061,29,30,29,563374,42236,79936,28020,0.39123346548593874,0.3988271464358916
3041,0.3062,15,42,15,563416,42194,79951,28005,0.3908444180962614,0.39893730679924216
3042,0.3063,14,41,14,563457,42153,79965,27991,0.3904646337396717,0.3990505246350365
3043,0.3064,24,43,24,563500,42110,79989,27967,0.3900663233169069,0.3990895728983832
3044,0.3065,15,29,15,563529,42081,80004,27952,0.3897976953573678,0.3991261262547656
3045,0.3066,13,43,13,563572,42038,80017,27939,0.38939938493460297,0.3992597567772268
3046,0.3067,19,49,19,563621,41989,80036,27920,0.3889454963133128,0.39937633208885837
3047,0.3068,25,47,25,563668,41942,80061,27895,0.38851013375819776,0.3994301015221158
3048,0.3069,18,40,18,563708,41902,80079,27877,0.38813961243469564,0.39950414881268004
3049,0.307,10,32,10,563740,41870,80089,27867,0.3878431953758939,0.39960135939314856
3050,0.3071,15,39,15,563779,41831,80104,27852,0.3874819370854793,0.399695765107702
3051,0.3072,19,41,19,563820,41790,80123,27833,0.38710215272888954,0.39976731827126094
3052,0.3073,25,54,25,563874,41736,80148,27808,0.3866019489421616,0.3998619578971586
3053,0.3074,11,39,11,563913,41697,80159,27797,0.386240690651747,0.3999913661611074
3054,0.3075,11,39,11,563952,41658,80170,27786,0.3858794323613324,0.40012096077414894
3055,0.3076,21,40,21,563992,41618,80191,27765,0.38550891103783025,0.40017007047835923
3056,0.3077,25,38,25,564030,41580,80216,27740,0.38515691578050315,0.4001731102135026
3057,0.3078,20,45,20,564075,41535,80236,27720,0.38474007929156323,0.40025990903183883
3058,0.3079,20,37,20,564112,41498,80256,27700,0.3843973470673237,0.4003005867221596
3059,0.308,16,44,16,564156,41454,80272,27684,0.38398977361147135,0.4004165581879719
3060,0.3081,12,31,12,564187,41423,80284,27672,0.3837026195857572,0.40049207612707144
3061,0.3082,19,36,19,564223,41387,80303,27653,0.38336915039460523,0.4005359212050985
3062,0.3083,14,32,14,564255,41355,80317,27639,0.3830727333358035,0.4006000521784503
3063,0.3084,14,29,14,564284,41326,80331,27625,0.3828041053762644,0.4006468361590115
3064,0.3085,17,31,17,564315,41295,80348,27608,0.38251695135055025,0.40067921570904025
3065,0.3086,13,32,13,564347,41263,80361,27595,0.3822205342917485,0.40075227279328474
3066,0.3087,15,34,15,564381,41229,80376,27580,0.38190559116677164,0.4008196602188667
3067,0.3088,12,47,12,564428,41182,80388,27568,0.3814702286116566,0.4009890909090909
3068,0.3089,19,30,19,564458,41152,80407,27549,0.38119233761903,0.4009985298612829
3069,0.309,17,31,17,564489,41121,80424,27532,0.3809051835933158,0.4010312732145718
3070,0.3091,20,31,20,564520,41090,80444,27512,0.3806180295676016,0.40103787061601703
3071,0.3092,16,39,16,564559,41051,80460,27496,0.380256771277187,0.40112623455439333
3072,0.3093,16,43,16,564602,41008,80476,27480,0.37985846085442215,0.40123817311061794
3073,0.3094,16,31,16,564633,40977,80492,27464,0.379571306828708,0.4012799345421604
3074,0.3095,15,46,15,564679,40931,80507,27449,0.3791452073066805,0.40141854343375255
3075,0.3096,25,42,25,564721,40889,80532,27424,0.37875615991700323,0.40144628401621946
3076,0.3097,18,36,18,564757,40853,80550,27406,0.3784226907258513,0.4015001684759519
3077,0.3098,9,25,9,564782,40828,80559,27397,0.3781911148986624,0.4015683400513008
3078,0.3099,26,34,26,564816,40794,80585,27371,0.3778761717736856,0.4015403799603902
3079,0.31,16,42,16,564858,40752,80601,27355,0.3774871243840083,0.40164740775544366
3080,0.3101,16,44,16,564902,40708,80617,27339,0.3770795509281559,0.40176642614663394
3081,0.3102,11,35,11,564937,40673,80628,27328,0.37675534477009154,0.4018764429934854
3082,0.3103,13,41,13,564978,40632,80641,27315,0.3763755604135018,0.40200450351008876
3083,0.3104,18,39,18,565017,40593,80659,27297,0.3760143021230872,0.402076889085285
3084,0.3105,9,45,9,565062,40548,80668,27288,0.37559746563414725,0.40226428445073414
3085,0.3106,17,33,17,565095,40515,80685,27271,0.37529178554225795,0.40231021154810725
3086,0.3107,14,35,14,565130,40480,80699,27257,0.37496757938419356,0.40239455541284674
3087,0.3108,22,40,22,565170,40440,80721,27235,0.3745970580606914,0.40243812338381973
3088,0.3109,15,32,15,565202,40408,80736,27220,0.37430064100188964,0.40249600757082865
3089,0.311,17,29,17,565231,40379,80753,27203,0.37403201304235056,0.4025184220650469
3090,0.3111,14,39,14,565270,40340,80767,27189,0.37367075475193595,0.40262701950273216
3091,0.3112,17,33,17,565303,40307,80784,27172,0.3733650746600467,0.4026734243246047
3092,0.3113,18,36,18,565339,40271,80802,27154,0.37303160546889474,0.40272895810159437
3093,0.3114,13,24,13,565363,40247,80815,27141,0.37280929267479346,0.4027571674482104
3094,0.3115,9,32,9,565395,40215,80824,27132,0.3725128756159917,0.4028687246647958
3095,0.3116,13,41,13,565436,40174,80837,27119,0.37213309125940197,0.4029988260294533
3096,0.3117,19,31,19,565467,40143,80856,27100,0.3718459372336878,0.40301592730841873
3097,0.3118,18,36,18,565503,40107,80874,27082,0.37151246804253585,0.4030719314173451
3098,0.3119,14,33,14,565536,40074,80888,27068,0.37120678795064654,0.40314557207113283
3099,0.312,16,38,16,565574,40036,80904,27052,0.3708547926933195,0.40323157643691865
3100,0.3121,19,42,19,565616,39994,80923,27033,0.37046574530364224,0.40331508198188787
3101,0.3122,16,26,16,565642,39968,80939,27017,0.3702249064433658,0.40332910353064116
3102,0.3123,17,41,17,565683,39927,80956,27000,0.3698451220867761,0.4034246268322202
3103,0.3124,12,42,12,565725,39885,80968,26988,0.3694560746970988,0.40357094791619935
3104,0.3125,19,34,19,565759,39851,80987,26969,0.36914113157212197,0.40360670457946723
3105,0.3126,11,33,11,565792,39818,80998,26958,0.36883545148023267,0.403707919012819
3106,0.3127,16,46,16,565838,39772,81014,26942,0.3684093519582052,0.40384327127739306
3107,0.3128,14,28,14,565866,39744,81028,26928,0.36814998703175367,0.4038876889848812
3108,0.3129,13,34,13,565900,39710,81041,26915,0.36783504390677685,0.4039774859287054
3109,0.313,19,38,19,565938,39672,81060,26896,0.36748304864944975,0.4040379762047831
3110,0.3131,20,31,20,565969,39641,81080,26876,0.3671958946237356,0.40404708570741316
3111,0.3132,16,39,16,566008,39602,81096,26860,0.366834636333321,0.4041407119857964
3112,0.3133,12,37,12,566045,39565,81108,26848,0.3664919041090815,0.40425820246036165
3113,0.3134,17,35,17,566080,39530,81125,26831,0.36616769795101706,0.4043188017058212
3114,0.3135,15,40,15,566120,39490,81140,26816,0.36579717662751493,0.4044279552378367
3115,0.3136,16,46,16,566166,39444,81156,26800,0.36537107710548744,0.40456494173057184
3116,0.3137,15,36,15,566202,39408,81171,26785,0.3650376079143355,0.40465003852371095
3117,0.3138,12,21,12,566223,39387,81183,26773,0.36484308421949685,0.40467049576783554
3118,0.3139,13,42,13,566265,39345,81196,26760,0.3644540368298196,0.40481052870433404
3119,0.314,8,26,8,566291,39319,81204,26752,0.36421319796954316,0.4048977614989935
3120,0.3141,14,43,14,566334,39276,81218,26738,0.3638148875467783,0.4050352955433696
3121,0.3142,17,32,17,566366,39244,81235,26721,0.3635184704879766,0.4050784506935496
3122,0.3143,23,32,23,566398,39212,81258,26698,0.36322205342917485,0.40506751631011984
3123,0.3144,15,42,15,566440,39170,81273,26683,0.3628330060394976,0.4051903481997783
3124,0.3145,19,33,19,566473,39137,81292,26664,0.3625273259476083,0.40522180513973954
3125,0.3146,17,25,17,566498,39112,81309,26647,0.3622957501204194,0.4052220988761995
3126,0.3147,9,30,9,566528,39082,81318,26638,0.36201785912779283,0.4053256238587949
3127,0.3148,19,39,19,566567,39043,81337,26619,0.3616566008373782,0.4053942919801407
3128,0.3149,11,26,11,566593,39017,81348,26608,0.3614157619771018,0.4054552380952381
3129,0.315,13,30,13,566623,38987,81361,26595,0.36113787098447514,0.4055228568814614
3130,0.3151,13,34,13,566657,38953,81374,26582,0.3608229278594983,0.4056153200579843
3131,0.3152,15,38,15,566695,38915,81389,26567,0.3604709326021713,0.4057145475092392
3132,0.3153,14,27,14,566722,38888,81403,26553,0.3602208307088073,0.4057548020354212
3133,0.3154,22,38,22,566760,38850,81425,26531,0.35986883545148024,0.4057906731313379
3134,0.3155,9,41,9,566801,38809,81434,26522,0.3594890510948905,0.40596347828748985
3135,0.3156,6,37,6,566838,38772,81440,26516,0.359146318870651,0.40613895355961277
3136,0.3157,14,35,14,566873,38737,81454,26502,0.3588221127125866,0.40622940265791935
3137,0.3158,16,55,16,566928,38682,81470,26486,0.3583126458927711,0.4064264669776577
3138,0.3159,13,36,13,566964,38646,81483,26473,0.35797917670161916,0.40653265559974816
3139,0.316,13,35,13,566999,38611,81496,26460,0.3576549705435548,0.40663275499070245
3140,0.3161,13,24,13,567023,38587,81509,26447,0.3574326577494535,0.4066642064151059
3141,0.3162,24,36,24,567059,38551,81533,26423,0.35709918855830153,0.40667036045187305
3142,0.3163,18,49,18,567108,38502,81551,26405,0.3566452999370114,0.4068128245027501
3143,0.3164,18,33,18,567141,38469,81569,26387,0.3563396198451221,0.4068551868755397
3144,0.3165,19,45,19,567186,38424,81588,26368,0.35592278335618216,0.40696382269415976
3145,0.3166,15,38,15,567224,38386,81603,26353,0.35557078809885506,0.4070652929455197
3146,0.3167,16,26,16,567250,38360,81619,26337,0.3553299492385787,0.407082244926349
3147,0.3168,13,40,13,567290,38320,81632,26324,0.3549594279150765,0.4072149000680651
3148,0.3169,15,25,15,567315,38295,81647,26309,0.35472785208788765,0.4072348461395579
3149,0.317,14,33,14,567348,38262,81661,26295,0.35442217199599835,0.4073144662856081
3150,0.3171,10,40,10,567388,38222,81671,26285,0.3540516506724962,0.40747515773481946
3151,0.3172,15,34,15,567422,38188,81686,26270,0.35373670754751935,0.4075522045362872
3152,0.3173,12,37,12,567459,38151,81698,26258,0.3533939753232799,0.4076759459081805
3153,0.3174,16,38,16,567497,38113,81714,26242,0.3530419800659528,0.40776940408670653
3154,0.3175,13,31,13,567528,38082,81727,26229,0.3527548260402386,0.4078462471427905
3155,0.3176,13,42,13,567570,38040,81740,26216,0.35236577865056135,0.4079930278884462
3156,0.3177,16,24,16,567594,38016,81756,26200,0.35214346585646006,0.40799800672729536
3157,0.3178,19,37,19,567631,37979,81775,26181,0.35180073363222053,0.4080579800498753
3158,0.3179,25,35,25,567666,37944,81800,26156,0.35147652747415614,0.4080499219968799
3159,0.318,12,40,12,567706,37904,81812,26144,0.35110600615065396,0.4081938546090432
3160,0.3181,7,31,7,567737,37873,81819,26137,0.3508188521249398,0.40832682393376035
3161,0.3182,10,47,10,567784,37826,81829,26127,0.35038348956982474,0.4085343924444514
3162,0.3183,15,31,15,567815,37795,81844,26112,0.35009633554411057,0.4085937377752046
3163,0.3184,19,38,19,567853,37757,81863,26093,0.34974434028678353,0.40866092404072046
3164,0.3185,19,33,19,567886,37724,81882,26074,0.3494386601948942,0.4086961973729584
3165,0.3186,14,33,14,567919,37691,81896,26060,0.3491329801030049,0.4087779015231134
3166,0.3187,22,32,22,567951,37659,81918,26038,0.3488365630442032,0.4087790633781811
3167,0.3188,13,42,13,567993,37617,81931,26025,0.3484475156545259,0.4089280663712643
3168,0.3189,13,24,13,568017,37593,81944,26012,0.34822520286042463,0.4089615596258156
3169,0.319,17,45,17,568062,37548,81961,25995,0.34780836637148466,0.4090930550965488
3170,0.3191,17,35,17,568097,37513,81978,25978,0.34748416021342027,0.40916035343592005
3171,0.3192,19,38,19,568135,37475,81997,25959,0.3471321649560932,0.40922848945360535
3172,0.3193,17,38,17,568173,37437,82014,25942,0.3467801696987662,0.40931538837785386
3173,0.3194,17,40,17,568213,37397,82031,25925,0.346409648375264,0.4094153690660434
3174,0.3195,10,38,10,568251,37359,82041,25915,0.34605765311793696,0.40956791099029616
3175,0.3196,14,35,14,568286,37324,82055,25901,0.3457334469598725,0.40966389877421905
3176,0.3197,17,32,17,568318,37292,82072,25884,0.3454370299010708,0.4097125490692668
3177,0.3198,24,49,24,568367,37243,82096,25860,0.34498314127978064,0.4098061898800374
3178,0.3199,16,44,16,568411,37199,82112,25844,0.3445755678239283,0.4099424202528433
3179,0.32,12,26,12,568437,37173,82124,25832,0.34433472896365186,0.4099992064121895
3180,0.3201,14,29,14,568466,37144,82138,25818,0.3440661010041128,0.41005685969314826
3181,0.3202,23,32,23,568498,37112,82161,25795,0.34376968394531104,0.4100497559889996
3182,0.3203,17,32,17,568530,37080,82178,25778,0.3434732668865093,0.4100989531960928
3183,0.3204,22,28,22,568558,37052,82200,25756,0.3432139019600578,0.4100751496624634
3184,0.3205,14,43,14,568601,37009,82214,25742,0.34281559153729296,0.41022453825437044
3185,0.3206,16,37,16,568638,36972,82230,25726,0.3424728593130535,0.4103161185364764
3186,0.3207,20,41,20,568679,36931,82250,25706,0.34209307495646374,0.41039641106694125
3187,0.3208,15,35,15,568714,36896,82265,25691,0.34176886879839935,0.4104846054292425
3188,0.3209,16,41,16,568755,36855,82281,25675,0.34138908444180965,0.4106029106029106
3189,0.321,8,28,8,568783,36827,82289,25667,0.3411297195153581,0.41071142829711654
3190,0.3211,12,34,12,568817,36793,82301,25655,0.34081477639038127,0.41082180374071225
3191,0.3212,15,29,15,568846,36764,82316,25640,0.3405461484308422,0.41087109800653804
3192,0.3213,16,41,16,568887,36723,82332,25624,0.3401663640742525,0.41099010377403883
3193,0.3214,17,46,17,568933,36677,82349,25607,0.339740264552225,0.41113287521674907
3194,0.3215,16,32,16,568965,36645,82365,25591,0.33944384749342327,0.41119287871971205
3195,0.3216,16,35,16,569000,36610,82381,25575,0.3391196413353588,0.4112728149875372
3196,0.3217,17,39,17,569039,36571,82398,25558,0.3387583830449442,0.4113698916769946
3197,0.3218,17,20,17,569059,36551,82415,25541,0.33857312238319315,0.4113412355859048
3198,0.3219,23,23,23,569082,36528,82438,25518,0.33836007262217943,0.41127550527028334
3199,0.322,14,40,14,569122,36488,82452,25504,0.33798955129867725,0.41140792360304557
3200,0.3221,10,32,10,569154,36456,82462,25494,0.3376931342398755,0.41152542372881357
3201,0.3222,12,36,12,569190,36420,82474,25482,0.33735966504872356,0.41165067364543956
3202,0.3223,21,32,21,569222,36388,82495,25461,0.3370632479899218,0.4116638910895892
3203,0.3224,17,31,17,569253,36357,82512,25444,0.33677609396420766,0.4117085484053656
3204,0.3225,10,21,10,569274,36336,82522,25434,0.336581570269369,0.41175327829043223
3205,0.3226,16,33,16,569307,36303,82538,25418,0.3362758901774797,0.4118209361481506
3206,0.3227,18,27,18,569334,36276,82556,25400,0.3360257882841158,0.4118295609313185
3207,0.3228,9,32,9,569366,36244,82565,25391,0.33572937122531404,0.4119574916849193
3208,0.3229,28,28,28,569394,36216,82593,25363,0.3354700062988625,0.41187742574578995
3209,0.323,13,27,13,569421,36189,82606,25350,0.33521990440549854,0.4119338955784137
3210,0.3231,17,32,17,569453,36157,82623,25333,0.3349234873466968,0.4119856887298748
3211,0.3232,16,40,16,569493,36117,82639,25317,0.3345529660231946,0.41210079109288017
3212,0.3233,17,39,17,569532,36078,82656,25300,0.33419170773278,0.41219981100720127
3213,0.3234,22,35,22,569567,36043,82678,25278,0.3338675015747156,0.4122241972570571
3214,0.3235,12,30,12,569597,36013,82690,25266,0.333589610582089,0.4123109058568188
3215,0.3236,22,37,22,569634,35976,82712,25244,0.3332468783578495,0.4123489055864097
3216,0.3237,13,30,13,569664,35946,82725,25231,0.33296898736522285,0.4124262386190889
3217,0.3238,16,35,16,569699,35911,82741,25215,0.33264478120715846,0.4125085888165429
3218,0.3239,13,33,13,569732,35878,82754,25202,0.3323391011152692,0.41260641781270463
3219,0.324,15,31,15,569763,35847,82769,25187,0.332051947089555,0.41267162565127635
3220,0.3241,14,30,14,569793,35817,82783,25173,0.3317740560969284,0.41273979340875555
3221,0.3242,13,35,13,569828,35782,82796,25160,0.331449849938864,0.4128515637819566
3222,0.3243,15,26,15,569854,35756,82811,25145,0.3312090110785876,0.4128832038882777
3223,0.3244,17,26,17,569880,35730,82828,25128,0.33096817221831115,0.4128955930198166
3224,0.3245,16,30,16,569910,35700,82844,25112,0.33069028122568456,0.41294481352364665
3225,0.3246,16,35,16,569945,35665,82860,25096,0.33036607506762017,0.4130280936785109
3226,0.3247,14,37,14,569982,35628,82874,25082,0.33002334284338064,0.4131444572558063
3227,0.3248,29,39,29,570021,35589,82903,25053,0.32966208455296603,0.4131295141980805
3228,0.3249,17,26,17,570047,35563,82920,25036,0.3294212456926896,0.4131421310582683
3229,0.325,17,43,17,570090,35520,82937,25019,0.32902293526992477,0.4132707841226317
3230,0.3251,5,40,5,570130,35480,82942,25014,0.32865241394642264,0.413495553278011
3231,0.3252,22,27,22,570157,35453,82964,24992,0.32840231205305864,0.413466787989081
3232,0.3253,10,22,10,570179,35431,82974,24982,0.32819852532513244,0.4135202688163144
3233,0.3254,12,42,12,570221,35389,82986,24970,0.3278094779354552,0.41369141304527907
3234,0.3255,14,24,14,570245,35365,83000,24956,0.3275871651413539,0.41371993169874505
3235,0.3256,19,36,19,570281,35329,83019,24937,0.32725369595020193,0.41378223210433746
3236,0.3257,15,41,15,570322,35288,83034,24922,0.32687391159361223,0.41391795382826774
3237,0.3258,18,26,18,570348,35262,83052,24904,0.3266330727333358,0.4139214838945584
3238,0.3259,15,24,15,570372,35238,83067,24889,0.3264107599392345,0.413940492623946
3239,0.326,14,33,14,570405,35205,83081,24875,0.3261050798473452,0.41403129161118507
3240,0.3261,14,20,14,570425,35185,83095,24861,0.32591981918559415,0.41403257502581353
3241,0.3262,13,29,13,570454,35156,83108,24848,0.32565119122605507,0.4141057262849143
3242,0.3263,19,31,19,570485,35125,83127,24829,0.3253640372003409,0.414134169529973
3243,0.3264,13,34,13,570519,35091,83140,24816,0.32504909407536403,0.4142420752165857
3244,0.3265,14,40,14,570559,35051,83154,24802,0.32467857275186185,0.4143819023273687
3245,0.3266,14,23,14,570582,35028,83168,24788,0.32446552299084813,0.41440417279657615
3246,0.3267,18,43,18,570625,34985,83186,24770,0.3240672125680833,0.4145259810894486
3247,0.3268,10,36,10,570661,34949,83196,24760,0.32373374337693134,0.41467785425982684
3248,0.3269,9,20,9,570681,34929,83205,24751,0.3235484827151803,0.4147285522788204
3249,0.327,14,39,14,570720,34890,83219,24737,0.32318722442476566,0.41486239455280327
3250,0.3271,13,22,13,570742,34868,83232,24724,0.32298343769683946,0.4148879044167002
3251,0.3272,18,34,18,570776,34834,83250,24706,0.3226684945718626,0.41494793416190795
3252,0.3273,11,26,11,570802,34808,83261,24695,0.3224276557115862,0.4150210913735442
3253,0.3274,16,34,16,570836,34774,83277,24679,0.32211271258660934,0.41510100415454226
3254,0.3275,16,34,16,570870,34740,83293,24663,0.3217977694616325,0.41518105146204737
3255,0.3276,22,36,22,570906,34704,83315,24641,0.32146430027048056,0.4152161091920128
3256,0.3277,11,27,11,570933,34677,83326,24630,0.3212141983771166,0.4152966766149021
3257,0.3278,10,37,10,570970,34640,83336,24620,0.3208714661528771,0.4154573067836652
3258,0.3279,15,30,15,571000,34610,83351,24605,0.3205935751602505,0.4155197162881027
3259,0.328,15,25,15,571025,34585,83366,24590,0.32036199933306164,0.4155471060414026
3260,0.3281,15,21,15,571046,34564,83381,24575,0.32016747563822295,0.41554642452527096
3261,0.3282,9,31,9,571077,34533,83390,24566,0.3198803216125088,0.4156753921386149
3262,0.3283,11,42,11,571119,34491,83401,24555,0.3194912742228315,0.4158622091250889
3263,0.3284,11,36,11,571155,34455,83412,24544,0.31915780503167956,0.41600705096696555
3264,0.3285,22,35,22,571190,34420,83434,24522,0.3188335988736152,0.416036103287978
3265,0.3286,23,30,23,571220,34390,83457,24499,0.3185557078809885,0.4160199697736419
3266,0.3287,19,25,19,571245,34365,83476,24480,0.31832413205379967,0.41600815702268673
3267,0.3288,16,27,16,571272,34338,83492,24464,0.31807403016043573,0.4160402707390905
3268,0.3289,19,22,19,571294,34316,83511,24445,0.3178702434325095,0.4160072156702575
3269,0.329,18,33,18,571327,34283,83529,24427,0.3175645633406203,0.41606199965934254
3270,0.3291,14,34,14,571361,34249,83543,24413,0.3172496202156434,0.41616378575568513
3271,0.3292,18,28,18,571389,34221,83561,24395,0.3169902552891919,0.41618329466357307
3272,0.3293,11,21,11,571410,34200,83572,24384,0.31679573159435326,0.4162228594838181
3273,0.3294,20,35,20,571445,34165,83592,24364,0.31647152543628887,0.4162722752823387
3274,0.3295,18,29,18,571474,34136,83610,24346,0.3162028974767498,0.41629903218084197
3275,0.3296,8,36,8,571510,34100,83618,24338,0.31586942828559783,0.41647558095759607
3276,0.3297,15,33,15,571543,34067,83633,24323,0.3155637481937085,0.416561054975167
3277,0.3298,20,36,20,571579,34031,83653,24303,0.3152302790025566,0.4166180957931909
3278,0.3299,19,28,19,571607,34003,83672,24284,0.31497091407610506,0.4166280645770069
3279,0.33,10,30,10,571637,33973,83682,24274,0.31469302308347846,0.4167424931756142
3280,0.3301,15,34,15,571671,33939,83697,24259,0.3143780799585016,0.4168356300903811
3281,0.3302,23,43,23,571714,33896,83720,24236,0.3139797695357368,0.41691323195486135
3282,0.3303,11,39,11,571753,33857,83731,24225,0.3136185112453222,0.41708274508453563
3283,0.3304,12,23,12,571776,33834,83743,24213,0.3134054614843084,0.41712750012920563
3284,0.3305,13,36,13,571812,33798,83756,24200,0.31307199229315646,0.41725576744025655
3285,0.3306,17,28,17,571840,33770,83773,24183,0.31281262736670495,0.4172864217555605
3286,0.3307,19,31,19,571871,33739,83792,24164,0.3125254733409908,0.41731861906982365
3287,0.3308,19,36,19,571907,33703,83811,24145,0.31219200414983883,0.4173869450974969
3288,0.3309,15,34,15,571941,33669,83826,24130,0.31187706102486196,0.41748127130227164
3289,0.331,18,37,18,571978,33632,83844,24112,0.3115343288006225,0.4175671931282904
3290,0.3311,17,27,17,572005,33605,83861,24095,0.3112842269072585,0.41759098786828425
3291,0.3312,12,34,12,572039,33571,83873,24083,0.31096928378228167,0.41771603011066016
3292,0.3313,20,44,20,572083,33527,83893,24063,0.31056171032642926,0.41783295711060947
3293,0.3314,16,32,16,572115,33495,83909,24047,0.31026529326762753,0.4179034444405825
3294,0.3315,17,25,17,572140,33470,83926,24030,0.31003371744043867,0.41791304347826086
3295,0.3316,16,22,16,572162,33448,83942,24014,0.3098299307125125,0.4179109672479204
3296,0.3317,13,22,13,572184,33426,83955,24001,0.3096261439845863,0.4179392968464311
3297,0.3318,13,22,13,572206,33404,83968,23988,0.3094223572566601,0.4179676609980485
3298,0.3319,13,24,13,572230,33380,83981,23975,0.30920004446255883,0.41801063551564815
3299,0.332,15,39,15,572269,33341,83996,23960,0.3088387861721442,0.4181427898291478
3300,0.3321,7,28,7,572297,33313,84003,23953,0.3085794212456927,0.4182761149722348
3301,0.3322,14,36,14,572333,33277,84017,23939,0.30824595205454075,0.418396951901566
3302,0.3323,13,20,13,572353,33257,84030,23926,0.30806069139278963,0.41841106622597624
3303,0.3324,13,29,13,572382,33228,84043,23913,0.3077920634332506,0.41849110096078124
3304,0.3325,16,30,16,572412,33198,84059,23897,0.30751417244062396,0.41854803397845697
3305,0.3326,14,28,14,572440,33170,84073,23883,0.30725480751417245,0.4186107654286365
3306,0.3327,12,23,12,572463,33147,84085,23871,0.3070417577531587,0.41865726612648635
3307,0.3328,13,27,13,572490,33120,84098,23858,0.30679165585979473,0.418723015900874
3308,0.3329,15,28,15,572518,33092,84113,23843,0.3065322909333432,0.4187757969614473
3309,0.333,19,26,19,572544,33066,84132,23824,0.3062914520730668,0.41877307083846016
3310,0.3331,25,20,25,572564,33046,84157,23799,0.30610619141131573,0.41866479021901665
3311,0.3332,11,22,11,572586,33024,84168,23788,0.30590240468338953,0.4187143561219461
3312,0.3333,10,26,10,572612,32998,84178,23778,0.3056615658231131,0.4188037198816401
3313,0.3334,12,31,12,572643,32967,84190,23766,0.30537441179739894,0.41890962931627096
3314,0.3335,17,26,17,572669,32941,84207,23749,0.3051335729371225,0.41892750044099486
3315,0.3336,17,43,17,572712,32898,84224,23732,0.3047352625143577,0.41907116369415504
3316,0.3337,16,32,16,572744,32866,84240,23716,0.30443884545555594,0.41914389735251495
3317,0.3338,12,31,12,572775,32835,84252,23704,0.3041516914298418,0.41925042890747977
3318,0.3339,21,22,21,572797,32813,84273,23683,0.30394790470191557,0.41919781931464173
3319,0.334,19,32,19,572829,32781,84292,23664,0.30365148764311384,0.4192399681105501
3320,0.3341,16,42,16,572871,32739,84308,23648,0.30326244025343657,0.41938744746129425
3321,0.3342,10,31,10,572902,32708,84318,23638,0.3029752862277224,0.419515138607887
3322,0.3343,10,39,10,572941,32669,84328,23628,0.3026140279373078,0.41970264845373645
3323,0.3344,10,30,10,572971,32639,84338,23618,0.30233613694468114,0.41982331087686864
3324,0.3345,14,29,14,573000,32610,84352,23604,0.3020675089851421,0.41989539972248907
3325,0.3346,21,30,21,573030,32580,84373,23583,0.30178961799251547,0.41990278297099515
3326,0.3347,16,37,16,573067,32543,84389,23567,0.30144688576827594,0.42001425770807344
3327,0.3348,10,14,10,573081,32529,84399,23557,0.3013172033050502,0.42001569019006524
3328,0.3349,13,34,13,573115,32495,84412,23544,0.30100226018007337,0.42013597673049125
3329,0.335,16,27,16,573142,32468,84428,23528,0.3007521582867094,0.4201728694906779
3330,0.3351,11,35,11,573177,32433,84439,23517,0.300427952128645,0.4203217158176944
3331,0.3352,19,35,19,573212,32398,84458,23498,0.3001037459705806,0.42038786317446686
3332,0.3353,13,36,13,573248,32362,84471,23485,0.29977027677942863,0.42052393145558403
3333,0.3354,11,28,11,573276,32334,84482,23474,0.2995109118529771,0.4206206995412844
3334,0.3355,12,21,12,573297,32313,84494,23462,0.2993163881581385,0.420654415060511
3335,0.3356,25,25,25,573322,32288,84519,23437,0.29908481233094963,0.42058322117541497
3336,0.3357,14,19,14,573341,32269,84533,23423,0.29890881470228614,0.4205810529339941
3337,0.3358,10,23,10,573364,32246,84543,23413,0.29869576494127237,0.420650748306653
3338,0.3359,16,34,16,573398,32212,84559,23397,0.29838082181629555,0.4207412469204625
3339,0.336,16,27,16,573425,32185,84575,23381,0.29813071992293155,0.42077889356800924
3340,0.3361,12,28,12,573453,32157,84587,23369,0.29787135499648004,0.4208659006591507
3341,0.3362,9,31,9,573484,32126,84596,23360,0.2975842009707659,0.4210071008903147
3342,0.3363,12,36,12,573520,32090,84608,23348,0.2972507317796139,0.42115516432771744
3343,0.3364,9,37,9,573557,32053,84617,23339,0.2969079995553744,0.42134243212016176
3344,0.3365,16,30,16,573587,32023,84633,23323,0.2966301085627478,0.42140353413074116
3345,0.3366,10,36,10,573623,31987,84643,23313,0.29629663937159584,0.42157323688969256
3346,0.3367,14,33,14,573656,31954,84657,23299,0.29599095927970653,0.4216784608980508
3347,0.3368,16,36,16,573692,31918,84673,23283,0.2956574900885546,0.421785837213094
3348,0.3369,14,38,14,573730,31880,84687,23269,0.29530549483122753,0.42192968140854775
3349,0.337,13,28,13,573758,31852,84700,23256,0.295046129904776,0.4220076939827248
3350,0.3371,18,32,18,573790,31820,84718,23238,0.2947497128459743,0.42206400523084747
3351,0.3372,12,33,12,573823,31787,84730,23226,0.294444032754085,0.42219111846290874
3352,0.3373,14,25,14,573848,31762,84744,23212,0.2942124569268961,0.4222359660930622
3353,0.3374,11,18,11,573866,31744,84755,23201,0.29404572233132015,0.42225862225862226
3354,0.3375,10,22,10,573888,31722,84765,23191,0.293841935603394,0.42232258299491926
3355,0.3376,13,29,13,573917,31693,84778,23178,0.2935733076438549,0.42240892274607716
3356,0.3377,14,23,14,573940,31670,84792,23164,0.29336025788284115,0.42243863296494877
3357,0.3378,14,21,14,573961,31649,84806,23150,0.2931657341880025,0.42245296447015457
3358,0.3379,20,23,20,573984,31626,84826,23130,0.2929526844269888,0.42241946088099935
3359,0.338,13,36,13,574020,31590,84839,23117,0.29261921523583684,0.4225601842543002
3360,0.3381,11,28,11,574048,31562,84850,23106,0.2923598503093853,0.42266042291651423
3361,0.3382,7,20,7,574068,31542,84857,23099,0.2921745896476342,0.4227411650592046
3362,0.3383,17,32,17,574100,31510,84874,23082,0.2918781725888325,0.42280920281359907
3363,0.3384,16,31,16,574131,31479,84890,23066,0.2915910185631183,0.42288019066825555
3364,0.3385,13,27,13,574158,31452,84903,23053,0.29134091666975437,0.4229520227502064
3365,0.3386,18,30,18,574188,31422,84921,23035,0.2910630256771277,0.42299428907211195
3366,0.3387,20,35,20,574223,31387,84941,23015,0.29073881951906333,0.423054299474284
3367,0.3388,15,24,15,574247,31363,84956,23000,0.29051650672496204,0.42308187554034915
3368,0.3389,15,26,15,574273,31337,84971,22985,0.2902756678646856,0.4231250690328044
3369,0.339,14,32,14,574305,31305,84985,22971,0.2899792508058839,0.4232257351315499
3370,0.3391,15,30,15,574335,31275,85000,22956,0.28970135981325723,0.4233003263815899
3371,0.3392,17,37,17,574372,31238,85017,22939,0.28935862758901776,0.42340845746349925
3372,0.3393,18,20,18,574392,31218,85035,22921,0.28917336692726664,0.42337316906481465
3373,0.3394,8,36,8,574428,31182,85043,22913,0.28883989773611474,0.42356964599316016
3374,0.3395,13,32,13,574460,31150,85056,22900,0.288543480677313,0.42368177613321
3375,0.3396,18,34,18,574494,31116,85074,22882,0.28822853755233613,0.4237564354235342
3376,0.3397,18,34,18,574528,31082,85092,22864,0.2879135944273593,0.4238312386460535
3377,0.3398,7,28,7,574556,31054,85099,22857,0.2876542295009078,0.42397655395002876
3378,0.3399,17,28,17,574584,31026,85116,22840,0.28739486457445623,0.4240151487023354
3379,0.34,20,26,20,574610,31000,85136,22820,0.28715402571417986,0.42400594574507616
3380,0.3401,12,34,12,574644,30966,85148,22808,0.286839082589203,0.42414549782422734
3381,0.3402,8,22,8,574666,30944,85156,22800,0.28663529586127684,0.4242334027984519
3382,0.3403,10,29,10,574695,30915,85166,22790,0.28636666790173776,0.424355274183037
3383,0.3404,21,25,21,574720,30890,85187,22769,0.2861350920745489,0.42432769898805417
3384,0.3405,8,29,8,574749,30861,85195,22761,0.2858664641150098,0.4244712990936556
3385,0.3406,13,31,13,574780,30830,85208,22748,0.28557931008929566,0.42457725185710554
3386,0.3407,10,25,10,574805,30805,85218,22738,0.2853477342621068,0.42466802383131314
3387,0.3408,15,24,15,574829,30781,85233,22723,0.28512542146800546,0.42469721889952156
3388,0.3409,14,31,14,574860,30750,85247,22709,0.2848382674422913,0.4247928318898595
3389,0.341,12,23,12,574883,30727,85259,22697,0.2846252176812776,0.42484651093141657
3390,0.3411,13,23,13,574906,30704,85272,22684,0.2844121679202638,0.4248894882745186
3391,0.3412,15,25,15,574931,30679,85287,22669,0.28418059209307495,0.42492689510384646
3392,0.3413,14,20,14,574951,30659,85301,22655,0.2839953314313239,0.42493528904227784
3393,0.3414,12,20,12,574971,30639,85313,22643,0.28381007076957276,0.4249652790811156
3394,0.3415,10,26,10,574997,30613,85323,22633,0.2835692319092964,0.4250647935995192
3395,0.3416,9,30,9,575027,30583,85332,22624,0.28329134091666974,0.42520720957768715
3396,0.3417,12,37,12,575064,30546,85344,22612,0.28294860869243027,0.4253734151021483
3397,0.3418,17,37,17,575101,30509,85361,22595,0.28260587646819074,0.4254858391081651
3398,0.3419,16,22,16,575123,30487,85377,22579,0.28240208974026454,0.4254890136810764
3399,0.342,15,24,15,575147,30463,85392,22564,0.28217977694616325,0.4255190751881117
3400,0.3421,15,25,15,575172,30438,85407,22549,0.2819482011189744,0.42555721214637554
3401,0.3422,10,23,10,575195,30415,85417,22539,0.2817351513579607,0.4256335687577898
3402,0.3423,16,28,16,575223,30387,85433,22523,0.2814757864315091,0.4256851256851257
3403,0.3424,14,31,14,575254,30356,85447,22509,0.28118863240579495,0.42578265392982123
3404,0.3425,10,29,10,575283,30327,85457,22499,0.28092000444625587,0.42590769696740244
3405,0.3426,14,29,14,575312,30298,85471,22485,0.2806513764867168,0.42598942841445164
3406,0.3427,13,32,13,575344,30266,85484,22472,0.28035495942791505,0.4261064128332512
3407,0.3428,10,41,10,575385,30225,85494,22462,0.27997517507132536,0.42632907548351584
3408,0.3429,17,36,17,575421,30189,85511,22445,0.2796417058801734,0.42643538397233727
3409,0.343,20,23,20,575444,30166,85531,22425,0.2794286561191597,0.4264037572968759
3410,0.3431,10,26,10,575470,30140,85541,22415,0.27918781725888325,0.426505565597945
3411,0.3432,11,26,11,575496,30114,85552,22404,0.2789469783986068,0.42659659545298756
3412,0.3433,9,33,9,575529,30081,85561,22395,0.2786412983067176,0.4267665218385548
3413,0.3434,8,16,8,575545,30065,85569,22387,0.2784930897773167,0.4268092732402959
3414,0.3435,13,25,13,575570,30040,85582,22374,0.2782615139501278,0.42687068340519707
3415,0.3436,13,31,13,575601,30009,85595,22361,0.27797435992441366,0.42698109604735535
3416,0.3437,8,19,8,575620,29990,85603,22353,0.2777983622957501,0.42704850696368185
3417,0.3438,14,28,14,575648,29962,85617,22339,0.2775389973692986,0.4271237643639701
3418,0.3439,12,22,12,575670,29940,85629,22327,0.2773352106413724,0.4271720205866034
3419,0.344,14,22,14,575692,29918,85643,22313,0.2771314239134462,0.4271984070762574
3420,0.3441,6,25,6,575717,29893,85649,22307,0.27689984808625734,0.42733716475095784
3421,0.3442,19,26,19,575743,29867,85668,22288,0.27665900922598097,0.42734157798868755
3422,0.3443,14,34,14,575777,29833,85682,22274,0.2763440661010041,0.4274665591955016
3423,0.3444,11,23,11,575800,29810,85693,22263,0.2761310163399904,0.4275344228294894
3424,0.3445,12,29,12,575829,29781,85705,22251,0.2758623883804513,0.4276406826568266
3425,0.3446,10,23,10,575852,29758,85715,22241,0.2756493386194375,0.42771976384161237
3426,0.3447,9,28,9,575880,29730,85724,22232,0.275389973692986,0.42785112197375
3427,0.3448,11,24,11,575904,29706,85735,22221,0.2751676608988847,0.4279276676873303
3428,0.3449,15,27,15,575931,29679,85750,22206,0.2749175590055208,0.4279849667533969
3429,0.345,17,34,17,575965,29645,85767,22189,0.2746026158805439,0.42807809545857933
3430,0.3451,15,27,15,575992,29618,85782,22174,0.27435251398717997,0.4281356194006796
3431,0.3452,13,27,13,576019,29591,85795,22161,0.274102412093816,0.4282153346730561
3432,0.3453,17,30,17,576049,29561,85812,22144,0.2738245211011894,0.42827579537762306
3433,0.3454,10,28,10,576077,29533,85822,22134,0.27356515617473787,0.4283972361468636
3434,0.3455,16,31,16,576108,29502,85838,22118,0.2732780021490237,0.4284773343665246
3435,0.3456,9,28,9,576136,29474,85847,22109,0.27301863722257214,0.4286102010352248
3436,0.3457,24,42,24,576178,29432,85871,22085,0.27262958983289487,0.42869344100005824
3437,0.3458,15,23,15,576201,29409,85886,22070,0.27241654007188115,0.4287185065754968
3438,0.3459,13,24,13,576225,29385,85899,22057,0.2721942272777798,0.4287741534154971
3439,0.346,16,29,16,576254,29356,85915,22041,0.2719255993182408,0.42883825904235656
3440,0.3461,11,23,11,576277,29333,85926,22030,0.271712549557227,0.4289079687712945
3441,0.3462,8,27,8,576304,29306,85934,22022,0.27146244766386307,0.42904457605985036
3442,0.3463,13,20,13,576324,29286,85947,22009,0.27127718700211195,0.42906716054196314
3443,0.3464,12,30,12,576354,29256,85959,21997,0.27099929600948536,0.4291846330946481
3444,0.3465,9,26,9,576380,29230,85968,21988,0.27075845714920893,0.4293021984458589
3445,0.3466,16,30,16,576410,29200,85984,21972,0.27048056615658234,0.42937543969358244
3446,0.3467,13,25,13,576435,29175,85997,21959,0.2702489903293935,0.42944029412915086
3447,0.3468,19,20,19,576455,29155,86016,21940,0.27006372966764236,0.42939622272237987
3448,0.3469,8,26,8,576481,29129,86024,21932,0.269822890807366,0.42952546953643683
3449,0.347,13,25,13,576506,29104,86037,21919,0.26959131498017713,0.4295905767986986
3450,0.3471,8,27,8,576533,29077,86045,21911,0.26934121308681314,0.4297285635835883
3451,0.3472,13,26,13,576559,29051,86058,21898,0.26910037422653676,0.42980235137097883
3452,0.3473,13,30,13,576589,29021,86071,21885,0.2688224832339101,0.4299100302518367
3453,0.3474,16,28,16,576617,28993,86087,21869,0.2685631183074586,0.4299673626676104
3454,0.3475,13,18,13,576635,28975,86100,21856,0.2683963837118826,0.42997383486455115
3455,0.3476,10,21,10,576656,28954,86110,21846,0.268201860017044,0.43003937007874016
3456,0.3477,12,28,12,576684,28926,86122,21834,0.2679424950905925,0.4301418439716312
3457,0.3478,14,25,14,576709,28901,86136,21820,0.2677109192634036,0.43019656552512764
3458,0.3479,15,26,15,576735,28875,86151,21805,0.2674700804031272,0.4302486187845304
3459,0.348,16,19,16,576754,28856,86167,21789,0.26729408277446365,0.4302300325797216
3460,0.3481,12,22,12,576776,28834,86179,21777,0.2670902960465375,0.43028195451581674
3461,0.3482,10,26,10,576802,28808,86189,21767,0.2668494571862611,0.4303905091448344
3462,0.3483,12,25,12,576827,28783,86201,21755,0.2666178813590722,0.43046816257073883
3463,0.3484,12,23,12,576850,28760,86213,21743,0.26640483159805844,0.43052887947250656
3464,0.3485,12,27,12,576877,28733,86225,21731,0.2661547297046945,0.43062381103360814
3465,0.3486,12,36,12,576913,28697,86237,21719,0.26582126051354255,0.4307957791177404
3466,0.3487,12,19,12,576932,28678,86249,21707,0.26564526288487905,0.4308226654758361
3467,0.3488,13,20,13,576952,28658,86262,21694,0.26546000222312793,0.43084683825865905
3468,0.3489,13,23,13,576975,28635,86275,21681,0.2652469524621142,0.43089673264965417
3469,0.349,25,23,25,576998,28612,86300,21656,0.26503390270110044,0.43081085382350603
3470,0.3491,15,23,15,577021,28589,86315,21641,0.2648208529400867,0.43083814453513836
3471,0.3492,9,10,9,577031,28579,86324,21632,0.26472822260921114,0.43082193144928405
3472,0.3493,13,21,13,577052,28558,86337,21619,0.2645336989143725,0.4308547740996871
3473,0.3494,11,29,11,577081,28529,86348,21608,0.2642650709548334,0.43097911721882043
3474,0.3495,11,20,11,577101,28509,86359,21597,0.26407981029308236,0.43102622440426297
3475,0.3496,5,15,5,577116,28494,86364,21592,0.26394086479676904,0.4310985105618336
3476,0.3497,13,24,13,577140,28470,86377,21579,0.26371855200266775,0.43115746568363006
3477,0.3498,6,28,6,577168,28442,86383,21573,0.26345918707621624,0.43133060081975405
3478,0.3499,14,31,14,577199,28411,86397,21559,0.2631720330505021,0.4314388633179908
3479,0.35,12,26,12,577225,28385,86409,21547,0.26293119419022565,0.43152687655211086
3480,0.3501,10,35,10,577260,28350,86419,21537,0.26260698803216126,0.43171567743099404
3481,0.3502,6,28,6,577288,28322,86425,21531,0.26234762310570975,0.43188975588229395
3482,0.3503,9,18,9,577306,28304,86434,21522,0.26218088851013377,0.43194316220447154
3483,0.3504,15,32,15,577338,28272,86449,21507,0.26188447145133203,0.43204965949496776
3484,0.3505,13,32,13,577370,28240,86462,21494,0.2615880543925303,0.4321791933084007
3485,0.3506,12,21,12,577391,28219,86474,21482,0.26139353069769167,0.4322247037282952
3486,0.3507,10,29,10,577420,28190,86484,21472,0.2611249027381526,0.4323627723410253
3487,0.3508,15,22,15,577442,28168,86499,21457,0.2609211160102264,0.43238287153652394
3488,0.3509,8,27,8,577469,28141,86507,21449,0.26067101411686244,0.43252671909659207
3489,0.351,18,22,18,577491,28119,86525,21431,0.26046722738893624,0.43251261352169523
3490,0.3511,6,19,6,577510,28100,86531,21425,0.2602912297602727,0.4326097930338213
3491,0.3512,10,34,10,577544,28066,86541,21415,0.2599762866352959,0.43279238495584166
3492,0.3513,16,24,16,577568,28042,86557,21399,0.2597539738411946,0.4328189154750106
3493,0.3514,11,26,11,577594,28016,86568,21388,0.25951313498091816,0.4329204113027285
3494,0.3515,15,33,15,577627,27983,86583,21373,0.25920745488902885,0.43303752330010536
3495,0.3516,16,18,16,577645,27965,86599,21357,0.2590407202934529,0.4330116378086858
3496,0.3517,11,28,11,577673,27937,86610,21346,0.25878135536700136,0.43313109997362176
3497,0.3518,10,30,10,577703,27907,86620,21336,0.25850346437437477,0.43327985703551775
3498,0.3519,11,22,11,577725,27885,86631,21325,0.25829967764644857,0.43334688071530175
3499,0.352,19,32,19,577757,27853,86650,21306,0.25800326058764683,0.43340995545068045
3500,0.3521,16,27,16,577784,27826,86666,21290,0.25775315869428284,0.4334636371039987
3501,0.3522,15,22,15,577806,27804,86681,21275,0.2575493719663567,0.43348478982864364
3502,0.3523,14,24,14,577830,27780,86695,21261,0.25732705917225535,0.4335352052364348
3503,0.3524,12,31,12,577861,27749,86707,21249,0.2570399051465412,0.4336707620719213
3504,0.3525,8,17,8,577878,27732,86715,21241,0.25688243358405277,0.4337287893328977
3505,0.3526,10,37,10,577915,27695,86725,21231,0.25653970135981324,0.433941053836406
3506,0.3527,13,25,13,577940,27670,86738,21218,0.2563081255326244,0.4340124365897562
3507,0.3528,18,20,18,577960,27650,86756,21200,0.2561228648708733,0.43398157625383826
3508,0.3529,9,31,9,577991,27619,86765,21191,0.25583571084515916,0.43415283753329237
3509,0.353,21,25,21,578016,27594,86786,21170,0.2556041350179703,0.4341317365269461
3510,0.3531,10,17,10,578033,27577,86796,21160,0.25544666345548184,0.4341670599339311
3511,0.3532,10,35,10,578068,27542,86806,21150,0.25512245729741745,0.4343629343629344
3512,0.3533,18,22,18,578090,27520,86824,21132,0.2549186705694913,0.4343500781057305
3513,0.3534,14,27,14,578117,27493,86838,21118,0.2546685686761273,0.43442842155067785
3514,0.3535,13,16,13,578133,27477,86851,21105,0.25452036014672647,0.4344201556131901
3515,0.3536,10,23,10,578156,27454,86861,21095,0.2543073103857127,0.4345094646645657
3516,0.3537,13,32,13,578188,27422,86874,21082,0.25401089332691096,0.4346445653966683
3517,0.3538,18,22,18,578210,27400,86892,21064,0.25380710659898476,0.4346318917134368
3518,0.3539,14,28,14,578238,27372,86906,21050,0.25354774167253324,0.4347197554830449
3519,0.354,18,32,18,578270,27340,86924,21032,0.2532513246137315,0.4347969899942115
3520,0.3541,16,30,16,578300,27310,86940,21016,0.2529734336211049,0.43487977486239293
3521,0.3542,12,20,12,578320,27290,86952,21004,0.2527881729593538,0.4349194516917215
3522,0.3543,7,28,7,578348,27262,86959,20997,0.2525288080329023,0.4350898278041402
3523,0.3544,14,25,14,578373,27237,86973,20983,0.25229723220571343,0.4351513894649523
3524,0.3545,9,33,9,578406,27204,86982,20974,0.2519915521138241,0.4353439329154386
3525,0.3546,12,16,12,578422,27188,86994,20962,0.2518433435844233,0.4353478712357217
3526,0.3547,9,29,9,578451,27159,87003,20953,0.2515747156248842,0.43550465580312603
3527,0.3548,11,20,11,578471,27139,87014,20942,0.25138945496313314,0.4355566647948254
3528,0.3549,9,22,9,578493,27117,87023,20933,0.25118566823520694,0.4356503642039542
3529,0.355,16,26,16,578519,27091,87039,20917,0.2509448293749305,0.43569821696383937
3530,0.3551,19,24,19,578543,27067,87058,20898,0.2507225165808292,0.43569269258834564
3531,0.3552,12,26,12,578569,27041,87070,20886,0.2504816777205528,0.43578776055250695
3532,0.3553,22,25,22,578594,27016,87092,20864,0.25025010189336394,0.4357560568086884
3533,0.3554,16,31,16,578625,26985,87108,20848,0.24996294786764978,0.4358497271757991
3534,0.3555,14,17,14,578642,26968,87122,20834,0.24980547630516137,0.4358395046232375
3535,0.3556,13,25,13,578667,26943,87135,20821,0.2495739004779725,0.43591407754794403
3536,0.3557,6,24,6,578691,26919,87141,20815,0.2493515876838712,0.4360623454979679
3537,0.3558,11,21,11,578712,26898,87152,20804,0.24915706398903256,0.4361242715190139
3538,0.3559,14,27,14,578739,26871,87166,20790,0.2489069620956686,0.43620570277585446
3539,0.356,20,21,20,578760,26850,87186,20770,0.24871243840082996,0.43616127677446453
3540,0.3561,13,21,13,578781,26829,87199,20757,0.24851791470599133,0.43619972260748957
3541,0.3562,16,36,16,578817,26793,87215,20741,0.24818444551483937,0.43634030378255567
3542,0.3563,9,15,9,578832,26778,87224,20732,0.24804550001852607,0.43637129025468324
3543,0.3564,15,27,15,578859,26751,87239,20717,0.2477953981251621,0.43644139209572763
3544,0.3565,10,21,10,578880,26730,87249,20707,0.24760087443032347,0.4365157999030293
3545,0.3566,15,25,15,578905,26705,87264,20692,0.2473692986031346,0.43656771525623983
3546,0.3567,15,27,15,578932,26678,87279,20677,0.24711919670977064,0.4366381585893781
3547,0.3568,10,31,10,578963,26647,87289,20667,0.24683204268405648,0.4368051739442871
3548,0.3569,15,18,15,578981,26629,87304,20652,0.2466653080884805,0.43679279203062543
3549,0.357,13,34,13,579015,26595,87317,20639,0.24635036496350365,0.43695219545242836
3550,0.3571,26,31,26,579046,26564,87343,20613,0.24606321093778946,0.4369290120185684
3551,0.3572,10,17,10,579063,26547,87353,20603,0.24590573937530105,0.43696712619300104
3552,0.3573,12,27,12,579090,26520,87365,20591,0.24565563748193708,0.43707414404279255
3553,0.3574,17,31,17,579121,26489,87382,20574,0.24536848345622292,0.4371587021651828
3554,0.3575,26,25,26,579146,26464,87408,20548,0.24513690762903406,0.43707989449502255
3555,0.3576,13,16,13,579162,26448,87421,20535,0.2449886990996332,0.4370729838452206
3556,0.3577,12,29,12,579191,26419,87433,20523,0.24472007114009411,0.43719909675770097
3557,0.3578,10,18,10,579209,26401,87443,20513,0.24455333654451814,0.43724687726478234
3558,0.3579,11,19,11,579228,26382,87454,20502,0.2443773389158546,0.43729203992833376
3559,0.358,14,16,14,579244,26366,87468,20488,0.24422913038645375,0.43727323174115335
3560,0.3581,13,23,13,579267,26343,87481,20475,0.24401608062544,0.4373317954632834
3561,0.3582,10,28,10,579295,26315,87491,20465,0.24375671569898846,0.43747327917913637
3562,0.3583,12,26,12,579321,26289,87503,20453,0.24351587683871206,0.43757220486928244
3563,0.3584,14,31,14,579352,26258,87517,20439,0.2432287228129979,0.43769407028288754
3564,0.3585,18,20,18,579372,26238,87535,20421,0.2430434621512468,0.43766475921044173
3565,0.3586,8,18,8,579390,26220,87543,20413,0.24287672755567083,0.43773722471211374
3566,0.3587,11,17,11,579407,26203,87554,20402,0.24271925599318242,0.4377641883918035
3567,0.3588,6,19,6,579426,26184,87560,20396,0.24254325836451887,0.43787033061399744
3568,0.3589,13,23,13,579449,26161,87573,20383,0.24233020860350513,0.43792970092815403
3569,0.359,11,25,11,579474,26136,87584,20372,0.24209863277631627,0.4380321665089877
3570,0.3591,11,29,11,579503,26107,87595,20361,0.24183000481677722,0.4381725058104502
3571,0.3592,14,20,14,579523,26087,87609,20347,0.24164474415502613,0.4381918421846061
3572,0.3593,14,27,14,579550,26060,87623,20333,0.24139464226166216,0.43827732632078115
3573,0.3594,11,21,11,579571,26039,87634,20322,0.24120011856682352,0.4383425724207847
3574,0.3595,22,21,22,579592,26018,87656,20300,0.2410055948719849,0.43827453689710266
3575,0.3596,10,27,10,579619,25991,87666,20290,0.24075549297862092,0.4384088502841339
3576,0.3597,17,28,17,579647,25963,87683,20273,0.2404961280521694,0.43846786054156933
3577,0.3598,13,26,13,579673,25937,87696,20260,0.24025528919189298,0.43855661623049114
3578,0.3599,13,22,13,579695,25915,87709,20247,0.2400515024639668,0.43860751267276116
3579,0.36,4,19,4,579714,25896,87713,20243,0.23987550483530326,0.43873946119335056
3580,0.3601,11,24,11,579738,25872,87724,20232,0.23965319204120197,0.43883394065590836
3581,0.3602,11,24,11,579762,25848,87735,20221,0.23943087924710066,0.4389285636762248
3582,0.3603,14,31,14,579793,25817,87749,20207,0.2391437252213865,0.4390535372848948
3583,0.3604,17,27,17,579820,25790,87766,20190,0.23889362332802253,0.4391039582427142
3584,0.3605,13,25,13,579845,25765,87779,20177,0.23866204750083367,0.4391841887597405
3585,0.3606,17,18,17,579863,25747,87796,20160,0.2384953129052577,0.43914871370379244
3586,0.3607,13,23,13,579886,25724,87809,20147,0.23828226314424394,0.439209958361492
3587,0.3608,8,25,8,579911,25699,87817,20139,0.2380506873170551,0.4393516296522536
3588,0.3609,7,23,7,579934,25676,87824,20132,0.23783763755604134,0.4394865525672372
3589,0.361,9,26,9,579960,25650,87833,20123,0.23759679869576494,0.43962598038144757
3590,0.3611,11,27,11,579987,25623,87844,20112,0.23734669680240097,0.4397507379468678
3591,0.3612,13,20,13,580007,25603,87857,20099,0.23716143614064988,0.4397838169007921
3592,0.3613,16,30,16,580037,25573,87873,20083,0.23688354514802326,0.43987646749605747
3593,0.3614,15,32,15,580069,25541,87888,20068,0.23658712808922153,0.44000087701988644
3594,0.3615,10,18,10,580087,25523,87898,20058,0.23642039349364555,0.4400517759592813
3595,0.3616,3,13,3,580100,25510,87901,20055,0.23629997406350736,0.4401404586853945
3596,0.3617,5,30,5,580130,25480,87906,20050,0.23602208307088074,0.4403689874807819
3597,0.3618,10,24,10,580154,25456,87916,20040,0.23579977027677942,0.4404782838051697
3598,0.3619,11,25,11,580179,25431,87927,20029,0.23556819444959057,0.4405851297844259
3599,0.362,14,29,14,580208,25402,87941,20015,0.23529956649005151,0.4406940132549486
3600,0.3621,13,28,13,580236,25374,87954,20002,0.23504020156359998,0.44080571227080395
3601,0.3622,11,18,11,580254,25356,87965,19991,0.234873466968024,0.4408450393631332
3602,0.3623,7,16,7,580270,25340,87972,19984,0.23472525843862313,0.44091430588650604
3603,0.3624,16,22,16,580292,25318,87988,19968,0.23452147171069695,0.4409309720443404
3604,0.3625,15,24,15,580316,25294,88003,19953,0.23429915891659564,0.44097951245386435
3605,0.3626,10,18,10,580334,25276,88013,19943,0.23413242432101966,0.44103142484353924
3606,0.3627,10,17,10,580351,25259,88023,19933,0.23397495275853125,0.44107364135245175
3607,0.3628,13,27,13,580378,25232,88036,19920,0.23372485086516728,0.4411764705882353
3608,0.3629,10,19,10,580397,25213,88046,19910,0.23354885323650376,0.44123839283735566
3609,0.363,13,20,13,580417,25193,88059,19897,0.23336359257475267,0.4412730095364826
3610,0.3631,19,28,19,580445,25165,88078,19878,0.23310422764830116,0.44131163554825387
3611,0.3632,15,21,15,580466,25144,88093,19863,0.23290970395346253,0.4413313484569067
3612,0.3633,11,23,11,580489,25121,88104,19852,0.23269665419244878,0.44142040780023567
3613,0.3634,7,21,7,580510,25100,88111,19845,0.23250213049761015,0.44153965958393593
3614,0.3635,10,21,10,580531,25079,88121,19835,0.2323076068027715,0.4416217660417687
3615,0.3636,12,16,12,580547,25063,88133,19823,0.23215939827337062,0.44162990687519493
3616,0.3637,11,28,11,580575,25035,88144,19812,0.2319000333469191,0.44176868017927623
3617,0.3638,10,24,10,580599,25011,88154,19802,0.23167772055281782,0.4418807042599246
3618,0.3639,9,34,9,580633,24977,88163,19793,0.23136277742784098,0.442104087558633
3619,0.364,12,24,12,580657,24953,88175,19781,0.23114046463373966,0.4421916215853713
3620,0.3641,12,12,12,580669,24941,88187,19769,0.23102930823668902,0.44216059047193024
3621,0.3642,12,21,12,580690,24920,88199,19757,0.23083478454185039,0.44221859122143387
3622,0.3643,11,23,11,580713,24897,88210,19746,0.23062173478083664,0.44230898461124923
3623,0.3644,10,23,10,580736,24874,88220,19736,0.2304086850198229,0.442412015243219
3624,0.3645,14,18,14,580754,24856,88234,19722,0.23024195042424692,0.44241554129839833
3625,0.3646,7,24,7,580778,24832,88241,19715,0.2300196376301456,0.4425662783127932
3626,0.3647,13,16,13,580794,24816,88254,19702,0.22987142910074473,0.4425625589649131
3627,0.3648,3,28,3,580822,24788,88257,19699,0.22961206417429322,0.4428035156337807
3628,0.3649,12,25,12,580847,24763,88269,19687,0.22938048834710437,0.4429021372328459
3629,0.365,14,22,14,580869,24741,88283,19673,0.2291767016191782,0.44294591795379834
3630,0.3651,11,32,11,580901,24709,88294,19662,0.22888028456037646,0.4431272678100561
3631,0.3652,12,18,12,580919,24691,88306,19650,0.22871354996480048,0.44315644662953024
3632,0.3653,11,21,11,580940,24670,88317,19639,0.22851902626996184,0.44322823805547407
3633,0.3654,12,21,12,580961,24649,88329,19627,0.2283245025751232,0.4432875598518385
3634,0.3655,13,25,13,580986,24624,88342,19614,0.22809292674793435,0.4433744744337447
3635,0.3656,13,19,13,581005,24605,88355,19601,0.2279169291192708,0.4434013482332715
3636,0.3657,8,25,8,581030,24580,88363,19593,0.22768535329208195,0.44355149072963124
3637,0.3658,18,28,18,581058,24552,88381,19575,0.22742598836563044,0.44360595553742604
3638,0.3659,10,15,10,581073,24537,88391,19565,0.22728704286931714,0.44363067434583464
3639,0.366,9,25,9,581098,24512,88400,19556,0.22705546704212828,0.44376872106744125
3640,0.3661,11,21,11,581119,24491,88411,19545,0.22686094334728962,0.4438414024888727
3641,0.3662,11,23,11,581142,24468,88422,19534,0.22664789358627588,0.4439343666196991
3642,0.3663,17,13,17,581155,24455,88439,19517,0.2265274741561377,0.44385063222050397
3643,0.3664,13,27,13,581182,24428,88452,19504,0.22627737226277372,0.4439588454884822
3644,0.3665,14,21,14,581203,24407,88466,19490,0.2260828485679351,0.443993894799189
3645,0.3666,14,24,14,581227,24383,88480,19476,0.22586053577383378,0.44405937207870677
3646,0.3667,16,32,16,581259,24351,88496,19460,0.22556411871503204,0.44418068521604165
3647,0.3668,17,27,17,581286,24324,88513,19443,0.2253140168216681,0.44423881006237576
3648,0.3669,7,17,7,581303,24307,88520,19436,0.22515654525917966,0.4443225201746565
3649,0.367,14,24,14,581327,24283,88534,19422,0.22493423246507838,0.44438851390001144
3650,0.3671,13,23,13,581350,24260,88547,19409,0.22472118270406463,0.4444571664109551
3651,0.3672,3,29,3,581379,24231,88550,19406,0.22445255474452555,0.4447143479157596
3652,0.3673,11,25,11,581404,24206,88561,19395,0.2242209789173367,0.44482924703561844
3653,0.3674,14,20,14,581424,24186,88575,19381,0.2240357182555856,0.44485505084123306
3654,0.3675,11,31,11,581455,24155,88586,19370,0.22374856422987144,0.4450315910396324
3655,0.3676,14,16,14,581471,24139,88600,19356,0.22360035570047057,0.4450166685825957
3656,0.3677,17,21,17,581492,24118,88617,19339,0.2234058320056319,0.44501461214533905
3657,0.3678,17,20,17,581512,24098,88634,19322,0.22322057134388085,0.4450023030861354
3658,0.3679,10,24,10,581536,24074,88644,19312,0.22299825854977953,0.4451205457981837
3659,0.368,12,15,12,581551,24059,88656,19300,0.22285931305346623,0.4451209668119652
3660,0.3681,21,13,21,581564,24046,88677,19279,0.22273889362332802,0.4449855741488748
3661,0.3682,10,23,10,581587,24023,88687,19269,0.22252584386231428,0.4450937817610644
3662,0.3683,9,29,9,581616,23994,88696,19260,0.2222572159027752,0.44527673741156887
3663,0.3684,12,22,12,581638,23972,88708,19248,0.22205342917484902,0.445349375289218
3664,0.3685,12,15,12,581653,23957,88720,19236,0.2219144836785357,0.445349940962656
3665,0.3686,12,24,12,581677,23933,88732,19224,0.2216921708844344,0.4454433811432676
3666,0.3687,8,17,8,581694,23916,88740,19216,0.22153469932194597,0.44551609014189003
3667,0.3688,9,29,9,581723,23887,88749,19207,0.22126607136240692,0.4457000974613635
3668,0.3689,13,24,13,581747,23863,88762,19194,0.2210437585683056,0.4457811737928792
3669,0.369,9,28,9,581775,23835,88771,19185,0.2207843936418541,0.44595536959553694
3670,0.3691,19,27,19,581802,23808,88790,19166,0.22053429174849012,0.44599059896681714
3671,0.3692,14,26,14,581828,23782,88804,19152,0.22029345288821373,0.44608002981320166
3672,0.3693,9,16,9,581844,23766,88813,19143,0.22014524435881286,0.44613018247920017
3673,0.3694,8,20,8,581864,23746,88821,19135,0.21995998369706177,0.44623492922273267
3674,0.3695,7,11,7,581875,23735,88828,19128,0.21985809033309867,0.44625901126845996
3675,0.3696,6,19,6,581894,23716,88834,19122,0.21968209270443514,0.44637938279098
3676,0.3697,12,22,12,581916,23694,88846,19110,0.21947830597650894,0.4464536024670592
3677,0.3698,14,17,14,581933,23677,88860,19096,0.21932083441402053,0.4464498632314778
3678,0.3699,10,10,10,581943,23667,88870,19086,0.21922820408314497,0.4464248122938741
3679,0.37,18,27,18,581970,23640,88888,19068,0.21897810218978103,0.44647372857544254
3680,0.3701,11,38,11,582008,23602,88899,19057,0.21862610693245396,0.4467287090649101
3681,0.3702,12,32,12,582040,23570,88911,19045,0.21832968987365223,0.4469083655989675
3682,0.3703,14,12,14,582052,23558,88925,19031,0.21821853347660158,0.44685247364342906
3683,0.3704,10,20,10,582072,23538,88935,19021,0.2180332728148505,0.44693249371460797
3684,0.3705,12,23,12,582095,23515,88947,19009,0.21782022305383675,0.44701815445395543
3685,0.3706,10,31,10,582126,23484,88957,18999,0.21753306902812256,0.4472141797895629
3686,0.3707,11,17,11,582143,23467,88968,18988,0.21737559746563415,0.44725002944293957
3687,0.3708,12,20,12,582163,23447,88980,18976,0.21719033680388306,0.44730452820404026
3688,0.3709,11,13,11,582176,23434,88991,18965,0.21706991737374487,0.44729828533691834
3689,0.371,10,23,10,582199,23411,89001,18955,0.21685686761273112,0.44741065949110137
3690,0.3711,14,23,14,582222,23388,89015,18941,0.21664381785171738,0.4474710009686031
3691,0.3712,17,21,17,582243,23367,89032,18924,0.21644929415687872,0.44747109314038447
3692,0.3713,8,23,8,582266,23344,89040,18916,0.21623624439586497,0.44761003312825365
3693,0.3714,18,23,18,582289,23321,89058,18898,0.21602319463485123,0.4476183708756721
3694,0.3715,17,23,17,582312,23298,89075,18881,0.21581014487383748,0.44763982076388725
3695,0.3716,11,26,11,582338,23272,89086,18870,0.21556930601356109,0.44777181908784586
3696,0.3717,13,20,13,582358,23252,89099,18857,0.21538404535181,0.4478140065069225
3697,0.3718,8,19,8,582377,23233,89107,18849,0.21520804772314647,0.44791122094957464
3698,0.3719,12,25,12,582402,23208,89119,18837,0.21497647189595762,0.44801997859436316
3699,0.372,8,27,8,582429,23181,89127,18829,0.21472637000259365,0.4482028088550345
3700,0.3721,20,28,20,582457,23153,89147,18809,0.21446700507614214,0.44823888279872265
3701,0.3722,11,25,11,582482,23128,89158,18798,0.21423542924895328,0.4483613986547727
3702,0.3723,15,20,15,582502,23108,89173,18783,0.2140501685872022,0.4483779332076102
3703,0.3724,16,20,16,582522,23088,89189,18767,0.2138649079254511,0.44838131644964757
3704,0.3725,11,19,11,582541,23069,89200,18756,0.21368891029678758,0.44843992827256424
3705,0.3726,7,23,7,582564,23046,89207,18749,0.21347586053577383,0.448594329465247
3706,0.3727,11,28,11,582592,23018,89218,18738,0.21321649560932232,0.44874988025672957
3707,0.3728,15,26,15,582618,22992,89233,18723,0.2129756567490459,0.4488313556274721
3708,0.3729,17,8,17,582626,22984,89250,18706,0.21290155248434547,0.4486927320700408
3709,0.373,9,16,9,582642,22968,89259,18697,0.2127533439549446,0.44874594983799354
3710,0.3731,8,23,8,582665,22945,89267,18689,0.21254029419393086,0.44888792813565837
3711,0.3732,7,23,7,582688,22922,89274,18682,0.21232724443291712,0.4490433612152678
3712,0.3733,14,26,14,582714,22896,89288,18668,0.21208640557264072,0.4491386777018574
3713,0.3734,8,31,8,582745,22865,89296,18660,0.21179925154692653,0.449367850692354
3714,0.3735,8,19,8,582764,22846,89304,18652,0.211623253918263,0.449467444214179
3715,0.3736,9,23,9,582787,22823,89313,18643,0.21141020415724926,0.44959726040611586
3716,0.3737,13,17,13,582804,22806,89326,18630,0.21125273259476082,0.44960903562119897
3717,0.3738,15,24,15,582828,22782,89341,18615,0.21103041980065954,0.44967026596130155
3718,0.3739,13,16,13,582844,22766,89354,18602,0.21088221127125867,0.449671243473216
3719,0.374,15,18,15,582862,22748,89369,18587,0.2107154766756827,0.44966735212289827
3720,0.3741,18,24,18,582886,22724,89387,18569,0.21049316388158137,0.44968880924127574
3721,0.3742,10,25,10,582911,22699,89397,18559,0.21026158805439252,0.4498279121624897
3722,0.3743,12,25,12,582936,22674,89409,18547,0.2100300122272037,0.4499405642754907
3723,0.3744,4,16,4,582952,22658,89413,18543,0.20988180369780282,0.4500618917016577
3724,0.3745,11,13,11,582965,22645,89424,18532,0.2097613842676646,0.45005707069480533
3725,0.3746,7,12,7,582977,22633,89431,18525,0.20965022787061396,0.4500947567909033
3726,0.3747,12,17,12,582994,22616,89443,18513,0.20949275630812553,0.450120353035571
3727,0.3748,12,24,12,583018,22592,89455,18501,0.20927044351402424,0.45022266566081814
3728,0.3749,14,11,14,583029,22581,89469,18487,0.20916855015006114,0.45015583909613327
3729,0.375,13,16,13,583045,22565,89482,18474,0.20902034162066027,0.4501571675723093
3730,0.3751,10,23,10,583068,22542,89492,18464,0.20880729185964653,0.45027556942886404
3731,0.3752,12,18,12,583086,22524,89504,18452,0.20864055726407055,0.4503123779773526
3732,0.3753,15,26,15,583112,22498,89519,18437,0.20839971840379415,0.45039697080737756
3733,0.3754,12,25,12,583137,22473,89531,18425,0.2081681425766053,0.45051102743410437
3734,0.3755,16,13,16,583150,22460,89547,18409,0.20804772314646708,0.45043920820181554
3735,0.3756,15,23,15,583173,22437,89562,18394,0.20783467338545333,0.45049104846807575
3736,0.3757,11,16,11,583189,22421,89573,18383,0.20768646485605247,0.45051955690618567
3737,0.3758,4,18,4,583207,22403,89577,18379,0.2075197302604765,0.4506645088519445
3738,0.3759,12,21,12,583228,22382,89589,18367,0.20732520656563785,0.45073498736165307
3739,0.376,9,24,9,583252,22358,89598,18358,0.20710289377153654,0.45087926122408883
3740,0.3761,11,16,11,583268,22342,89609,18347,0.20695468524213567,0.4509081078424144
3741,0.3762,15,16,15,583284,22326,89624,18332,0.2068064767127348,0.45088297506025876
3742,0.3763,13,22,13,583306,22304,89637,18319,0.20660268998480863,0.45095143145508704
3743,0.3764,10,21,10,583327,22283,89647,18309,0.20640816628997,0.4510494678754434
3744,0.3765,15,27,15,583354,22256,89662,18294,0.20615806439660603,0.45114673242909986
3745,0.3766,15,17,15,583371,22239,89677,18279,0.2060005928341176,0.4511328298533985
3746,0.3767,20,15,20,583386,22224,89697,18259,0.2058616473378043,0.45102882691500135
3747,0.3768,10,17,10,583403,22207,89707,18249,0.20570417577531586,0.45108265770219497
3748,0.3769,12,13,12,583416,22194,89719,18237,0.20558375634517767,0.4510647770275284
3749,0.377,17,19,17,583435,22175,89736,18220,0.20540775871651412,0.4510459215249412
3750,0.3771,14,15,14,583450,22160,89750,18206,0.20526881322020082,0.45102313828469504
3751,0.3772,11,30,11,583480,22130,89761,18195,0.2049909222275742,0.45120892746435215
3752,0.3773,7,21,7,583501,22109,89768,18188,0.20479639853273557,0.4513487356378887
3753,0.3774,9,17,9,583518,22092,89777,18179,0.20463892697024713,0.45141665218147053
3754,0.3775,14,17,14,583535,22075,89791,18165,0.20448145540775872,0.4514165009940358
3755,0.3776,13,17,13,583552,22058,89804,18152,0.20432398384527029,0.4514299925391694
3756,0.3777,11,31,11,583583,22027,89815,18141,0.20403682981955612,0.45162816172077275
3757,0.3778,14,19,14,583602,22008,89829,18127,0.2038608321908926,0.451650678958515
3758,0.3779,8,18,8,583620,21990,89837,18119,0.20369409759531662,0.45174399760652223
3759,0.378,12,21,12,583641,21969,89849,18107,0.20349957390047796,0.4518165485577403
3760,0.3781,15,25,15,583666,21944,89864,18092,0.20326799807328913,0.4518932960335698
3761,0.3782,19,19,19,583685,21925,89883,18073,0.20309200044462558,0.45184759237961897
3762,0.3783,9,21,9,583706,21904,89892,18064,0.20289747674978695,0.4519615692554043
3763,0.3784,7,14,7,583720,21890,89899,18057,0.2027677942865612,0.4520239317095151
3764,0.3785,11,17,11,583737,21873,89910,18046,0.20261032272407278,0.45206543250081416
3765,0.3786,9,22,9,583759,21851,89919,18037,0.20240653599614658,0.4521911351784998
3766,0.3787,8,33,8,583792,21818,89927,18029,0.2021008559042573,0.45245564283383943
3767,0.3788,15,14,15,583806,21804,89942,18014,0.20197117344103152,0.45240845848611183
3768,0.3789,10,20,10,583826,21784,89952,18004,0.20178591277928046,0.4524982406755806
3769,0.379,9,26,9,583852,21758,89961,17995,0.20154507391900403,0.45267023872412143
3770,0.3791,7,24,7,583876,21734,89968,17988,0.20132276112490274,0.4528472886561603
3771,0.3792,8,19,8,583895,21715,89976,17980,0.2011467634962392,0.4529537725154302
3772,0.3793,11,12,11,583907,21703,89987,17969,0.20103560709918855,0.45293910062512605
3773,0.3794,7,14,7,583921,21689,89994,17962,0.2009059246359628,0.4530024463443545
3774,0.3795,12,22,12,583943,21667,90006,17950,0.20070213790803662,0.45308832067041926
3775,0.3796,13,5,13,583948,21662,90019,17937,0.20065582274259883,0.45296598398949467
3776,0.3797,7,22,7,583970,21640,90026,17930,0.20045203601467265,0.45312105130149105
3777,0.3798,17,15,17,583985,21625,90043,17913,0.20031309051835933,0.45305781779553844
3778,0.3799,10,16,10,584001,21609,90053,17903,0.20016488198895846,0.4531028548289127
3779,0.38,12,19,12,584020,21590,90065,17891,0.19998888436029494,0.4531546819989362
3780,0.3801,12,23,12,584043,21567,90077,17879,0.1997758345992812,0.45325254778684787
3781,0.3802,12,15,12,584058,21552,90089,17867,0.19963688910296787,0.45325858088738935
3782,0.3803,13,17,13,584075,21535,90102,17854,0.19947941754047946,0.45327375663256236
3783,0.3804,11,15,11,584090,21520,90113,17843,0.19934047204416613,0.4532937022076569
3784,0.3805,19,17,19,584107,21503,90132,17824,0.19918300048167772,0.4532255193632873
3785,0.3806,13,21,13,584128,21482,90145,17811,0.1989884767868391,0.45328684498511185
3786,0.3807,8,16,8,584144,21466,90153,17803,0.19884026825743822,0.4533601568667397
3787,0.3808,9,25,9,584169,21441,90162,17794,0.19860869243024937,0.4535236396074933
3788,0.3809,10,12,10,584181,21429,90172,17784,0.19849753603319872,0.45352306633004363
3789,0.381,7,24,7,584205,21405,90179,17777,0.1982752232390974,0.4537032310754939
3790,0.3811,11,19,11,584224,21386,90190,17766,0.1980992256104339,0.45376992235390273
3791,0.3812,11,15,11,584239,21371,90201,17755,0.19796028011412056,0.4537903184583142
3792,0.3813,11,22,11,584261,21349,90212,17744,0.1977564933861944,0.4538920011255212
3793,0.3814,8,19,8,584280,21330,90220,17736,0.19758049575753084,0.45400092151743204
3794,0.3815,10,22,10,584302,21308,90230,17726,0.19737670902960466,0.45411692370753703
3795,0.3816,13,24,13,584326,21284,90243,17713,0.19715439623550335,0.4542144267507757
3796,0.3817,12,19,12,584345,21265,90255,17701,0.19697839860683983,0.4542678232305086
3797,0.3818,7,19,7,584364,21246,90262,17694,0.1968024009781763,0.4543913713405239
3798,0.3819,14,20,14,584384,21226,90276,17680,0.19661714031642522,0.45442862283452423
3799,0.382,14,23,14,584407,21203,90290,17666,0.19640409055541147,0.45450101623401684
3800,0.3821,15,16,15,584423,21187,90305,17651,0.1962558820260106,0.4544775735104794
3801,0.3822,15,29,15,584452,21158,90320,17636,0.19598725406647152,0.45460638243027274
3802,0.3823,13,17,13,584469,21141,90333,17623,0.1958297825039831,0.4546228459395315
3803,0.3824,11,16,11,584485,21125,90344,17612,0.19568157397458225,0.4546557554792576
3804,0.3825,10,14,10,584499,21111,90354,17602,0.1955518915113565,0.4546793066928422
3805,0.3826,12,24,12,584523,21087,90366,17590,0.19532957871725518,0.45479225379424465
3806,0.3827,10,25,10,584548,21062,90376,17580,0.19509800289006632,0.4549453962010248
3807,0.3828,8,23,8,584571,21039,90384,17572,0.19488495312905257,0.4551034679236487
3808,0.3829,13,22,13,584593,21017,90397,17559,0.19468116640112637,0.45517938614682707
3809,0.383,14,22,14,584615,20995,90411,17545,0.1944773796732002,0.45524130773222626
3810,0.3831,14,13,14,584628,20982,90425,17531,0.19435696024306198,0.45519694648560227
3811,0.3832,10,19,10,584647,20963,90435,17521,0.19418096261439846,0.4552801164120154
3812,0.3833,12,12,12,584659,20951,90447,17509,0.19406980621734782,0.45525221008840355
3813,0.3834,18,14,18,584673,20937,90465,17491,0.19394012375412206,0.4551629020505881
3814,0.3835,7,32,7,584705,20905,90472,17484,0.19364370669532033,0.45544296543280627
3815,0.3836,11,17,11,584722,20888,90483,17473,0.1934862351328319,0.4554886473241052
3816,0.3837,8,22,8,584744,20866,90491,17465,0.19328244840490572,0.45563643004356785
3817,0.3838,10,16,10,584760,20850,90501,17455,0.19313423987550485,0.45568463647043467
3818,0.3839,11,17,11,584777,20833,90512,17444,0.1929767683130164,0.45573059539671346
3819,0.384,6,22,6,584799,20811,90518,17438,0.1927729815850902,0.4559073439828492
3820,0.3841,16,18,16,584817,20793,90534,17422,0.19260624698951426,0.4558942823498626
3821,0.3842,13,21,13,584838,20772,90547,17409,0.1924117232946756,0.45595977056651216
3822,0.3843,8,22,8,584860,20750,90555,17401,0.19220793656674942,0.45610862100600247
3823,0.3844,12,20,12,584880,20730,90567,17389,0.19202267590499833,0.4561767097772764
3824,0.3845,15,26,15,584906,20704,90582,17374,0.19178183704472193,0.45627396396869585
3825,0.3846,7,14,7,584920,20690,90589,17367,0.19165215458149618,0.4563418030848464
3826,0.3847,14,14,14,584934,20676,90603,17353,0.1915224721182704,0.4563096584185753
3827,0.3848,12,18,12,584952,20658,90615,17341,0.19135573752269444,0.4563541145819627
3828,0.3849,8,16,8,584968,20642,90623,17333,0.19120752899329357,0.45643186306780775
3829,0.385,14,29,14,584997,20613,90637,17319,0.1909389010337545,0.45658019614046186
3830,0.3851,5,23,5,585020,20590,90642,17314,0.19072585127274075,0.45678556352891514
3831,0.3852,2,24,2,585044,20566,90644,17312,0.19050353847863943,0.4570463065631765
3832,0.3853,8,16,8,585060,20550,90652,17304,0.19035532994923857,0.45712474243144713
3833,0.3854,15,21,15,585081,20529,90667,17289,0.19016080625439993,0.457163255592575
3834,0.3855,13,18,13,585099,20511,90680,17276,0.18999407165882395,0.4571942731627279
3835,0.3856,10,17,10,585116,20494,90690,17266,0.18983660009633554,0.4572563559322034
3836,0.3857,14,19,14,585135,20475,90704,17252,0.18966060246767202,0.4572852333872293
3837,0.3858,13,15,13,585150,20460,90717,17239,0.1895216569713587,0.45728003395315525
3838,0.3859,15,18,15,585168,20442,90732,17224,0.18935492237578272,0.4572824297775182
3839,0.386,8,24,8,585192,20418,90740,17216,0.18913260958168143,0.45745868097996495
3840,0.3861,16,21,16,585213,20397,90756,17200,0.1889380858868428,0.45748330983855096
3841,0.3862,9,14,9,585227,20383,90765,17191,0.18880840342361702,0.4575238196625326
3842,0.3863,9,14,9,585241,20369,90774,17182,0.18867872096039126,0.4575643791110756
3843,0.3864,17,16,17,585257,20353,90791,17165,0.1885305124309904,0.457513726744496
3844,0.3865,10,20,10,585277,20333,90801,17155,0.18834525176923933,0.45761310285958173
3845,0.3866,10,18,10,585295,20315,90811,17145,0.18817851717366335,0.45768820074746397
3846,0.3867,7,18,7,585313,20297,90818,17138,0.18801178257808737,0.4578068652330707
3847,0.3868,12,12,12,585325,20285,90830,17126,0.18790062618103673,0.4577797973857956
3848,0.3869,9,26,9,585351,20259,90839,17117,0.1876597873207603,0.4579676797945205
3849,0.387,13,17,13,585368,20242,90852,17104,0.1875023157582719,0.45798746853746053
3850,0.3871,11,21,11,585389,20221,90863,17093,0.18730779206343326,0.4580854371013561
3851,0.3872,11,23,11,585412,20198,90874,17082,0.18709474230241951,0.45820815450643776
3852,0.3873,17,18,17,585430,20180,90891,17065,0.18692800770684354,0.45818230634984564
3853,0.3874,9,10,9,585440,20170,90900,17056,0.18683537737596798,0.45817439424058454
3854,0.3875,12,18,12,585458,20152,90912,17044,0.18666864278039202,0.45822131411979783
3855,0.3876,13,22,13,585480,20130,90925,17031,0.18646485605246582,0.4583030596593203
3856,0.3877,14,21,14,585501,20109,90939,17017,0.1862703323576272,0.45835802402628884
3857,0.3878,11,13,11,585514,20096,90950,17006,0.18614991292748898,0.4583580399978438
3858,0.3879,8,25,8,585539,20071,90958,16998,0.18591833710030012,0.45855027111602686
3859,0.388,11,15,11,585554,20056,90969,16987,0.18577939160398682,0.45857516939772697
3860,0.3881,9,14,9,585568,20042,90978,16978,0.18564970914076104,0.45861696380334954
3861,0.3882,11,17,11,585585,20025,90989,16967,0.18549223757827263,0.4586667387543253
3862,0.3883,14,20,14,585605,20005,91003,16953,0.18530697691652154,0.4587098868986417
3863,0.3884,14,27,14,585632,19978,91017,16939,0.1850568750231576,0.4588401007665845
3864,0.3885,15,26,15,585658,19952,91032,16924,0.18481603616288117,0.4589434862783382
3865,0.3886,15,20,15,585678,19932,91047,16909,0.18463077550113008,0.4589723405987894
3866,0.3887,14,31,14,585709,19901,91061,16895,0.18434362147541591,0.45915316882269813
3867,0.3888,6,18,6,585727,19883,91067,16889,0.18417688687983994,0.45928967692809747
3868,0.3889,9,16,9,585743,19867,91076,16880,0.18402867835043907,0.4593572264402536
3869,0.389,13,18,13,585761,19849,91089,16867,0.1838619437548631,0.4593910011983876
3870,0.3891,12,29,12,585790,19820,91101,16855,0.183593315795324,0.45957736877982275
3871,0.3892,14,10,14,585800,19810,91115,16841,0.18350068546444848,0.4594963302501978
3872,0.3893,8,16,8,585816,19794,91123,16833,0.1833524769350476,0.45957899909902533
3873,0.3894,16,18,16,585834,19776,91139,16817,0.18318574233947163,0.4595687699833301
3874,0.3895,6,22,6,585856,19754,91145,16811,0.18298195561154545,0.459756597839464
3875,0.3896,10,8,10,585864,19746,91155,16801,0.182907851346845,0.45970941527348347
3876,0.3897,15,20,15,585884,19726,91170,16786,0.18272259068509392,0.45973926380368096
3877,0.3898,11,17,11,585901,19709,91181,16775,0.1825651191226055,0.45979059313671744
3878,0.3899,17,14,17,585915,19695,91198,16758,0.18243543665937975,0.45971524977368117
3879,0.39,9,21,9,585936,19674,91207,16749,0.18224091296454112,0.45984680009883866
3880,0.3901,11,15,11,585951,19659,91218,16738,0.1821019674682278,0.45987306646152154
3881,0.3902,9,15,9,585966,19644,91227,16729,0.1819630219719145,0.4599290682649218
3882,0.3903,6,12,6,585978,19632,91233,16723,0.18185186557486382,0.4599917480401595
3883,0.3904,8,18,8,585996,19614,91241,16715,0.18168513097928785,0.4601007459605274
3884,0.3905,10,17,10,586013,19597,91251,16705,0.18152765941679944,0.4601674838851854
3885,0.3906,13,12,13,586025,19585,91264,16692,0.1814165030197488,0.4601262507925132
3886,0.3907,7,16,7,586041,19569,91271,16685,0.18126829449034793,0.4602250786120152
3887,0.3908,10,19,10,586060,19550,91281,16675,0.18109229686168438,0.4603174603174603
3888,0.3909,8,17,8,586077,19533,91289,16667,0.18093482529919597,0.460414364640884
3889,0.391,8,25,8,586102,19508,91297,16659,0.1807032494720071,0.4606132662371775
3890,0.3911,13,23,13,586125,19485,91310,16646,0.18049019971099337,0.46071240762779886
3891,0.3912,14,12,14,586137,19473,91324,16632,0.18037904331394272,0.4606564187785625
3892,0.3913,8,16,8,586153,19457,91332,16624,0.18023083478454185,0.4607411102796486
3893,0.3914,16,15,16,586168,19442,91348,16608,0.18009188928822853,0.46069348127600557
3894,0.3915,4,27,4,586195,19415,91352,16604,0.17984178739486456,0.46097892778811184
3895,0.3916,7,23,7,586218,19392,91359,16597,0.17962873763385082,0.4611686904331879
3896,0.3917,10,19,10,586237,19373,91369,16587,0.1794527400051873,0.46126251390433815
3897,0.3918,15,15,15,586252,19358,91384,16572,0.179313794508874,0.46123016977456166
3898,0.3919,11,15,11,586267,19343,91395,16561,0.17917484901256067,0.46125779857397503
3899,0.392,20,19,20,586286,19324,91415,16541,0.17899885138389715,0.4612017287048655
3900,0.3921,13,14,13,586300,19310,91428,16528,0.1788691689206714,0.4611864501367264
3901,0.3922,11,17,11,586317,19293,91439,16517,0.17871169735818296,0.4612398771292935
3902,0.3923,7,17,7,586334,19276,91446,16510,0.17855422579569455,0.4613536019672498
3903,0.3924,6,14,6,586348,19262,91452,16504,0.1784245433324688,0.46144382933512273
3904,0.3925,6,17,6,586365,19245,91458,16498,0.17826707176998036,0.4615728953921047
3905,0.3926,10,26,10,586391,19219,91468,16488,0.17802623290970396,0.4617581986725292
3906,0.3927,13,14,13,586405,19205,91481,16475,0.1778965504464782,0.4617432735426009
3907,0.3928,4,22,4,586427,19183,91485,16471,0.177692763718552,0.46196780164918383
3908,0.3929,2,14,2,586441,19169,91487,16469,0.17756308125532624,0.4621190863684831
3909,0.393,6,19,6,586460,19150,91493,16463,0.17738708362666272,0.4622750119338444
3910,0.3931,15,20,15,586480,19130,91508,16448,0.17720182296491163,0.46230816796896956
3911,0.3932,14,20,14,586500,19110,91522,16434,0.17701656230316054,0.46235651586765697
3912,0.3933,6,14,6,586514,19096,91528,16428,0.17688687983993479,0.4624479225312465
3913,0.3934,11,18,11,586532,19078,91539,16417,0.1767201452443588,0.46251584730243694
3914,0.3935,8,30,8,586562,19048,91547,16409,0.17644225425173218,0.4627859096934315
3915,0.3936,8,17,8,586579,19031,91555,16401,0.17628478268924377,0.4628866561300519
3916,0.3937,8,20,8,586599,19011,91563,16393,0.17609952202749268,0.4630267766354084
3917,0.3938,15,12,15,586611,18999,91578,16378,0.17598836563044204,0.46295615795573397
3918,0.3939,10,22,10,586633,18977,91588,16368,0.17578457890251584,0.4630923751591456
3919,0.394,14,21,14,586654,18956,91602,16354,0.1755900552076772,0.46315491362220335
3920,0.3941,11,12,11,586666,18944,91613,16343,0.17547889881062656,0.4631450675886304
3921,0.3942,18,13,18,586679,18931,91631,16325,0.17535847938048835,0.46304175175856593
3922,0.3943,12,14,12,586693,18917,91643,16313,0.1752287969172626,0.46304286119784277
3923,0.3944,7,13,7,586706,18904,91650,16306,0.17510837748712438,0.46310707185458677
3924,0.3945,8,26,8,586732,18878,91658,16298,0.17486753862684798,0.46332726859222195
3925,0.3946,10,14,10,586746,18864,91668,16288,0.17473785616362222,0.4633591260810196
3926,0.3947,13,18,13,586764,18846,91681,16275,0.17457112156804624,0.4633979670282737
3927,0.3948,12,14,12,586778,18832,91693,16263,0.1744414391048205,0.46339934463598803
3928,0.3949,11,14,11,586792,18818,91704,16252,0.17431175664159473,0.4634160250926718
3929,0.395,10,12,10,586804,18806,91714,16242,0.17420060024454406,0.4634215932435517
3930,0.3951,9,17,9,586821,18789,91723,16233,0.17404312868205565,0.4635086517046428
3931,0.3952,14,18,14,586839,18771,91737,16219,0.17387639408647967,0.4635324378393827
3932,0.3953,6,22,6,586861,18749,91743,16213,0.17367260735855347,0.4637320519421086
3933,0.3954,11,11,11,586872,18738,91754,16202,0.1735707139945904,0.4637092157985117
3934,0.3955,8,22,8,586894,18716,91762,16194,0.1733669272666642,0.46387854482956176
3935,0.3956,11,15,11,586909,18701,91773,16183,0.1732279817703509,0.4639089553950235
3936,0.3957,10,25,10,586934,18676,91783,16173,0.17299640594316204,0.4640879221785417
3937,0.3958,9,15,9,586949,18661,91792,16164,0.17285746044684872,0.46414931801866477
3938,0.3959,9,14,9,586963,18647,91801,16155,0.17272777798362296,0.4641974599160968
3939,0.396,9,15,9,586978,18632,91810,16146,0.17258883248730963,0.4642590143193973
3940,0.3961,10,15,10,586993,18617,91820,16136,0.17244988699099634,0.4643052398354099
3941,0.3962,12,11,12,587004,18606,91832,16124,0.17234799362703324,0.46426720414627126
3942,0.3963,11,17,11,587021,18589,91843,16113,0.17219052206454483,0.4643248227767852
3943,0.3964,9,11,9,587032,18578,91852,16104,0.17208862870058173,0.46433308344386137
3944,0.3965,15,27,15,587059,18551,91867,16089,0.17183852680721776,0.4644630484988453
3945,0.3966,9,23,9,587082,18528,91876,16080,0.171625477046204,0.4646324549237171
3946,0.3967,6,18,6,587100,18510,91882,16074,0.17145874245062803,0.46478140180430255
3947,0.3968,8,19,8,587119,18491,91890,16066,0.1712827448219645,0.4649130422201001
3948,0.3969,8,18,8,587137,18473,91898,16058,0.17111601022638853,0.46503142104196227
3949,0.397,7,17,7,587154,18456,91905,16051,0.1709585386639001,0.46515199814530384
3950,0.3971,10,17,10,587171,18439,91915,16041,0.17080106710141169,0.4652262180974478
3951,0.3972,10,14,10,587185,18425,91925,16031,0.17067138463818593,0.4652600417924309
3952,0.3973,13,17,13,587202,18408,91938,16018,0.1705139130756975,0.46528786382385406
3953,0.3974,10,21,10,587223,18387,91948,16008,0.17031938938085886,0.46541648495420845
3954,0.3975,10,15,10,587238,18372,91958,15998,0.17018044388454556,0.4654640675007274
3955,0.3976,10,18,10,587256,18354,91968,15988,0.17001370928896958,0.465552384834896
3956,0.3977,10,17,10,587273,18337,91978,15978,0.16985623772648115,0.4656272767011511
3957,0.3978,10,6,10,587279,18331,91988,15968,0.16980065952795584,0.46555293157234906
3958,0.3979,11,15,11,587294,18316,91999,15957,0.1696617140316425,0.4655851544947918
3959,0.398,11,12,11,587306,18304,92010,15946,0.16955055763459187,0.4655766423357664
3960,0.3981,13,23,13,587329,18281,92023,15933,0.16933750787357812,0.4656865610568773
3961,0.3982,14,19,14,587348,18262,92037,15919,0.1691615102449146,0.46572657324244465
3962,0.3983,11,12,11,587360,18250,92048,15908,0.16905035384786393,0.4657181333801745
3963,0.3984,5,13,5,587373,18237,92053,15903,0.16892993441772575,0.46581722319859403
3964,0.3985,20,12,20,587385,18225,92073,15883,0.1688187780206751,0.4656678785035769
3965,0.3986,9,19,9,587404,18206,92082,15874,0.16864278039201155,0.4657863849765258
3966,0.3987,16,15,16,587419,18191,92098,15858,0.16850383489569826,0.46574055038327117
3967,0.3988,11,15,11,587434,18176,92109,15847,0.16836488939938493,0.46577315345501574
3968,0.3989,12,13,12,587447,18163,92121,15835,0.16824446996924672,0.4657626919230543
3969,0.399,9,15,9,587462,18148,92130,15826,0.16810552447293342,0.4658268087360923
3970,0.3991,9,14,9,587476,18134,92139,15817,0.16797584200970767,0.4658772937468705
3971,0.3992,15,15,15,587491,18119,92154,15802,0.16783689651339434,0.465847115356269
3972,0.3993,8,12,8,587503,18107,92162,15794,0.1677257401163437,0.46588596206601574
3973,0.3994,16,18,16,587521,18089,92178,15778,0.16755900552076772,0.4658812413263649
3974,0.3995,9,16,9,587537,18073,92187,15769,0.16741079699136685,0.46595945866083566
3975,0.3996,10,15,10,587552,18058,92197,15759,0.16727185149505355,0.4660082207173907
3976,0.3997,16,18,16,587570,18040,92213,15743,0.16710511689947757,0.46600361128378176
3977,0.3998,12,20,12,587590,18020,92225,15731,0.16691985623772648,0.46608989363278125
3978,0.3999,18,18,18,587608,18002,92243,15713,0.1667531216421505,0.46605368530327745
3979,0.4,7,8,7,587616,17994,92250,15706,0.16667901737745008,0.466053412462908
3980,0.4001,14,17,14,587633,17977,92264,15692,0.16652154581496165,0.4660667082479432
3981,0.4002,18,14,18,587647,17963,92282,15674,0.1663918633517359,0.4659749680411452
3982,0.4003,9,24,9,587671,17939,92291,15665,0.1661695505576346,0.4661647422925842
3983,0.4004,12,18,12,587689,17921,92303,15653,0.16600281596205863,0.4662238637040567
3984,0.4005,15,13,15,587702,17908,92318,15638,0.1658823965319204,0.4661658618017051
3985,0.4006,10,14,10,587716,17894,92328,15628,0.16575271406869466,0.4662013006383867
3986,0.4007,16,17,16,587733,17877,92344,15612,0.16559524250620622,0.4661829257368091
3987,0.4008,10,16,10,587749,17861,92354,15602,0.16544703397680535,0.46624630188566474
3988,0.4009,9,26,9,587775,17835,92363,15593,0.16520619511652895,0.46646523872202944
3989,0.401,12,10,12,587785,17825,92375,15581,0.16511356478565342,0.4664132191821828
3990,0.4011,10,15,10,587800,17810,92385,15571,0.1649746192893401,0.46646295797010273
3991,0.4012,9,19,9,587819,17791,92394,15562,0.16479862166067658,0.4665847150181393
3992,0.4013,7,12,7,587831,17779,92401,15555,0.16468746526362593,0.46664066718665625
3993,0.4014,17,21,17,587852,17758,92418,15538,0.16449294156878727,0.46666266218164343
3994,0.4015,9,13,9,587865,17745,92427,15529,0.16437252213864909,0.46670072729458434
3995,0.4016,18,15,18,587880,17730,92445,15511,0.16423357664233576,0.4666225444481213
3996,0.4017,12,17,12,587897,17713,92457,15499,0.16407610507984735,0.46666867397326267
3997,0.4018,7,13,7,587910,17700,92464,15492,0.16395568564970914,0.46673897324656544
3998,0.4019,4,20,4,587930,17680,92468,15488,0.16377042498795805,0.46695610226724554
3999,0.402,5,17,5,587947,17663,92473,15483,0.16361295342546964,0.46711518735292346
4000,0.4021,6,17,6,587964,17646,92479,15477,0.16345548186298123,0.4672584005072004
4001,0.4022,11,15,11,587979,17631,92490,15466,0.1633165363666679,0.4672931081366891
4002,0.4023,9,17,9,587996,17614,92499,15457,0.1631590648041795,0.46738834628526504
4003,0.4024,12,11,12,588007,17603,92511,15445,0.1630571714402164,0.4673505204550956
4004,0.4025,7,15,7,588022,17588,92518,15438,0.16291822594390307,0.4674498879670563
4005,0.4026,16,18,16,588040,17570,92534,15422,0.1627514913483271,0.4674466537342386
4006,0.4027,12,14,12,588054,17556,92546,15410,0.16262180888510133,0.46745131347448887
4007,0.4028,11,15,11,588069,17541,92557,15399,0.16248286338878803,0.4674863387978142
4008,0.4029,18,24,18,588093,17517,92575,15381,0.16226055059468672,0.46753602042677367
4009,0.403,17,20,17,588113,17497,92592,15364,0.16207528993293563,0.4675451142691945
4010,0.4031,10,21,10,588134,17476,92602,15354,0.161880766238097,0.4676819981724033
4011,0.4032,10,17,10,588151,17459,92612,15344,0.1617232946756086,0.4677620949303417
4012,0.4033,8,17,8,588168,17442,92620,15336,0.16156582311312015,0.46787479406919275
4013,0.4034,9,17,9,588185,17425,92629,15327,0.16140835155063174,0.4679714215925745
4014,0.4035,8,16,8,588201,17409,92637,15319,0.16126014302123087,0.46807015399657786
4015,0.4036,12,11,12,588212,17398,92649,15307,0.16115824965726777,0.46803241094633846
4016,0.4037,7,25,7,588237,17373,92656,15300,0.16092667383007891,0.4682765586263888
4017,0.4038,12,20,12,588257,17353,92668,15288,0.16074141316832782,0.46836800343126744
4018,0.4039,7,14,7,588271,17339,92675,15281,0.16061173070510207,0.4684549356223176
4019,0.404,7,15,7,588286,17324,92682,15274,0.16047278520878877,0.46855635315050004
4020,0.4041,12,15,12,588301,17309,92694,15262,0.16033383971247545,0.4685763409167665
4021,0.4042,7,15,7,588316,17294,92701,15255,0.16019489421616215,0.468677993179514
4022,0.4043,10,15,10,588331,17279,92711,15245,0.16005594871984882,0.4687307834214734
4023,0.4044,10,13,10,588344,17266,92721,15235,0.1599355292897106,0.46875480754438326
4024,0.4045,7,19,7,588363,17247,92728,15228,0.1597595316610471,0.4689145496535797
4025,0.4046,10,12,10,588375,17235,92738,15218,0.15964837526399644,0.46892429051243334
4026,0.4047,6,22,6,588397,17213,92744,15212,0.15944458853607024,0.46914417887432536
4027,0.4048,12,17,12,588414,17196,92756,15200,0.15928711697358183,0.4691937276206939
4028,0.4049,14,17,14,588431,17179,92770,15186,0.1591296454110934,0.4692105669704928
4029,0.405,13,9,13,588440,17170,92783,15173,0.15904627811330543,0.4691277865380453
4030,0.4051,12,19,12,588459,17151,92795,15161,0.15887028048464188,0.46920648675414706
4031,0.4052,13,15,13,588474,17136,92808,15148,0.1587313349883286,0.4692107545533391
4032,0.4053,5,17,5,588491,17119,92813,15143,0.15857386342584015,0.46937573616018846
4033,0.4054,6,23,6,588514,17096,92819,15137,0.1583608136648264,0.46961188843731577
4034,0.4055,8,9,8,588523,17087,92827,15129,0.15827744636703842,0.4696113732306928
4035,0.4056,9,9,9,588532,17078,92836,15120,0.15819407906925043,0.4695943847443941
4036,0.4057,7,18,7,588550,17060,92843,15113,0.15802734447367445,0.46974170888633326
4037,0.4058,5,18,5,588568,17042,92848,15108,0.1578606098780985,0.4699222395023328
4038,0.4059,11,21,11,588589,17021,92859,15097,0.15766608618325983,0.4700479481910455
4039,0.406,14,17,14,588606,17004,92873,15083,0.15750861462077143,0.4700657587184841
4040,0.4061,6,15,6,588621,16989,92879,15077,0.1573696691244581,0.47018649036362503
4041,0.4062,11,13,11,588634,16976,92890,15066,0.15724924969431991,0.4701953685787404
4042,0.4063,11,16,11,588650,16960,92901,15055,0.15710104116491905,0.4702483210994846
4043,0.4064,12,20,12,588670,16940,92913,15043,0.15691578050316796,0.47034362004815056
4044,0.4065,7,10,7,588680,16930,92920,15036,0.15682315017229242,0.4703747731965213
4045,0.4066,8,23,8,588703,16907,92928,15028,0.15661010041127868,0.4705808673868796
4046,0.4067,18,22,18,588725,16885,92946,15010,0.15640631368335248,0.47060667816272145
4047,0.4068,7,15,7,588740,16870,92953,15003,0.15626736818703915,0.470711887804725
4048,0.4069,11,11,11,588751,16859,92964,14992,0.15616547482307608,0.47069165803271484
4049,0.407,14,15,14,588766,16844,92978,14978,0.15602652932676275,0.4706806611778015
4050,0.4071,6,15,6,588781,16829,92984,14972,0.15588758383044946,0.4708028049432408
4051,0.4072,10,15,10,588796,16814,92994,14962,0.15574863833413613,0.4708585095669688
4052,0.4073,8,19,8,588815,16795,93002,14954,0.1555726407054726,0.4710069608491606
4053,0.4074,13,15,13,588830,16780,93015,14941,0.15543369520915928,0.47101289366665616
4054,0.4075,12,17,12,588847,16763,93027,14929,0.15527622364667087,0.47106525306070934
4055,0.4076,9,25,9,588872,16738,93036,14920,0.15504464781948202,0.47128687851411966
4056,0.4077,7,13,7,588885,16725,93043,14913,0.1549242283893438,0.4713635501611986
4057,0.4078,5,18,5,588903,16707,93048,14908,0.15475749379376783,0.47154831567294003
4058,0.4079,13,7,13,588910,16700,93061,14895,0.15469265256215495,0.47143535369520495
4059,0.408,7,10,7,588920,16690,93068,14888,0.15460002223127942,0.47146747735765404
4060,0.4081,8,12,8,588932,16678,93076,14880,0.15448886583422877,0.4715127701375246
4061,0.4082,16,12,16,588944,16666,93092,14864,0.1543777094371781,0.47142404059625753
4062,0.4083,9,23,9,588967,16643,93101,14855,0.15416465967616436,0.4716172455393993
4063,0.4084,11,18,11,588985,16625,93112,14844,0.15399792508058838,0.471702310210048
4064,0.4085,9,19,9,589004,16606,93121,14835,0.15382192745192486,0.4718361375274323
4065,0.4086,11,13,11,589017,16593,93132,14824,0.15370150802178664,0.47184645255753255
4066,0.4087,12,14,12,589031,16579,93144,14812,0.1535718255585609,0.4718549902838393
4067,0.4088,12,17,12,589048,16562,93156,14800,0.15341435399607248,0.4719086792934124
4068,0.4089,12,15,12,589063,16547,93168,14788,0.15327540849975915,0.47193234402425405
4069,0.409,15,11,15,589074,16536,93183,14773,0.15317351513579608,0.471845156344821
4070,0.4091,12,12,12,589086,16524,93195,14761,0.1530623587387454,0.4718235576154707
4071,0.4092,7,13,7,589099,16511,93202,14754,0.15294193930860722,0.47190148728610265
4072,0.4093,16,17,16,589116,16494,93218,14738,0.15278446774611879,0.47188780737704916
4073,0.4094,7,11,7,589127,16483,93225,14731,0.15268257438215568,0.47193566989171526
4074,0.4095,9,10,9,589137,16473,93234,14722,0.15258994405128015,0.4719346049046321
4075,0.4096,8,13,8,589150,16460,93242,14714,0.15246952462114194,0.47199589401424263
4076,0.4097,12,16,12,589166,16444,93254,14702,0.15232131609174107,0.4720349322545431
4077,0.4098,11,21,11,589187,16423,93265,14691,0.15212679239690244,0.47216687021919396
4078,0.4099,5,17,5,589204,16406,93270,14686,0.15196932083441403,0.4723401518075389
4079,0.41,6,18,6,589222,16388,93276,14680,0.15180258623883805,0.4725119093601133
4080,0.4101,10,15,10,589237,16373,93286,14670,0.15166364074252472,0.47257030570498987
4081,0.4102,10,15,10,589252,16358,93296,14660,0.15152469524621143,0.4726287961828616
4082,0.4103,13,14,13,589266,16344,93309,14647,0.15139501278298567,0.4726210835403827
4083,0.4104,5,18,5,589284,16326,93314,14642,0.1512282781874097,0.4728106432446396
4084,0.4105,12,16,12,589300,16310,93326,14630,0.15108006965800883,0.47285067873303166
4085,0.4106,5,18,5,589318,16292,93331,14625,0.15091333506243285,0.4730407219329172
4086,0.4107,14,19,14,589337,16273,93345,14611,0.15073733743376933,0.47309286361870223
4087,0.4108,13,17,13,589354,16256,93358,14598,0.1505798658712809,0.47313152265508523
4088,0.4109,13,12,13,589366,16244,93371,14585,0.15046870947423024,0.47309351584547016
4089,0.411,9,20,9,589386,16224,93380,14576,0.15028344881247915,0.47324675324675325
4090,0.4111,9,21,9,589407,16203,93389,14567,0.15008892511764052,0.4734156646083848
4091,0.4112,10,13,10,589420,16190,93399,14557,0.1499685056875023,0.4734445636972713
4092,0.4113,16,8,16,589428,16182,93415,14541,0.1498944014228019,0.4732936236695635
4093,0.4114,11,12,11,589440,16170,93426,14530,0.14978324502575124,0.4732899022801303
4094,0.4115,7,19,7,589459,16151,93433,14523,0.1496072473970877,0.47346286757514505
4095,0.4116,8,19,8,589478,16132,93441,14515,0.14943124976842417,0.4736189512839756
4096,0.4117,13,13,13,589491,16119,93454,14502,0.14931083033828596,0.4735965513863035
4097,0.4118,9,19,9,589510,16100,93463,14493,0.14913483270962244,0.4737358219200471
4098,0.4119,12,9,12,589519,16091,93475,14481,0.14905146541183445,0.4736687164725893
4099,0.412,12,18,12,589537,16073,93487,14469,0.14888473081625847,0.4737410778599961
4100,0.4121,8,19,8,589556,16054,93495,14461,0.14870873318759495,0.47389808291004426
4101,0.4122,22,13,22,589569,16041,93517,14439,0.14858831375745674,0.4737204724409449
4102,0.4123,8,11,8,589580,16030,93525,14431,0.14848642039349363,0.47375332392239256
4103,0.4124,12,13,12,589593,16017,93537,14419,0.14836600096335545,0.47374819292942566
4104,0.4125,14,14,14,589607,16003,93551,14405,0.1482363185001297,0.47372401999473823
4105,0.4126,13,10,13,589617,15993,93564,14392,0.14814368816925413,0.47365476386374855
4106,0.4127,15,15,15,589632,15978,93579,14377,0.14800474267294084,0.4736287267336518
4107,0.4128,7,18,7,589650,15960,93586,14370,0.14783800807736486,0.47378832838773494
4108,0.4129,14,20,14,589670,15940,93600,14356,0.14765274741561377,0.4738579350409295
4109,0.413,17,19,17,589689,15921,93617,14339,0.14747674978695025,0.47385988103106413
4110,0.4131,13,12,13,589701,15909,93630,14326,0.1473655933898996,0.4738217297833637
4111,0.4132,10,18,10,589719,15891,93640,14316,0.14719885879432362,0.4739298838017678
4112,0.4133,12,18,12,589737,15873,93652,14304,0.14703212419874764,0.4740033800576598
4113,0.4134,9,12,9,589749,15861,93661,14295,0.146920967801697,0.4740350179068842
4114,0.4135,13,17,13,589766,15844,93674,14282,0.14676349623920856,0.47407554935935736
4115,0.4136,4,19,4,589785,15825,93678,14278,0.14658749861054504,0.4743048865561572
4116,0.4137,15,14,15,589799,15811,93693,14263,0.1464578161473193,0.4742634834075946
4117,0.4138,4,15,4,589814,15796,93697,14259,0.14631887065100596,0.4744302112793212
4118,0.4139,7,17,7,589831,15779,93704,14252,0.14616139908851755,0.4745762711864407
4119,0.414,10,12,10,589843,15767,93714,14242,0.14605024269146688,0.47459095604651935
4120,0.4141,8,10,8,589853,15757,93722,14234,0.14595761236059135,0.47460904938148113
4121,0.4142,12,14,12,589867,15743,93734,14222,0.1458279298973656,0.47462039045553145
4122,0.4143,12,19,12,589886,15724,93746,14210,0.14565193226870207,0.47471103093472306
4123,0.4144,7,9,7,589895,15715,93753,14203,0.14556856497091408,0.4747309312119794
4124,0.4145,12,21,12,589916,15694,93765,14191,0.14537404127607545,0.47485360548770283
4125,0.4146,10,13,10,589929,15681,93775,14181,0.14525362184593724,0.47488446855535466
4126,0.4147,10,17,10,589946,15664,93785,14171,0.1450961502834488,0.4749790514496397
4127,0.4148,12,15,12,589961,15649,93797,14159,0.1449572047871355,0.4750067096081589
4128,0.4149,11,16,11,589977,15633,93808,14148,0.14480899625773463,0.47506799637352676
4129,0.415,11,17,11,589994,15616,93819,14137,0.14465152469524623,0.47514536349275704
4130,0.4151,11,19,11,590013,15597,93830,14126,0.14447552706658268,0.4752548531440299
4131,0.4152,13,17,13,590030,15580,93843,14113,0.14431805550409427,0.4752972080961843
4132,0.4153,14,22,14,590052,15558,93857,14099,0.14411426877616806,0.47540209731260746
4133,0.4154,7,15,7,590067,15543,93864,14092,0.14397532327985477,0.47551881221528597
4134,0.4155,11,15,11,590082,15528,93875,14081,0.14383637778354144,0.475564862035192
4135,0.4156,16,16,16,590098,15512,93891,14065,0.14368816925414057,0.47553842512763295
4136,0.4157,8,20,8,590118,15492,93899,14057,0.14350290859238948,0.47571829841957425
4137,0.4158,12,15,12,590133,15477,93911,14045,0.14336396309607619,0.4757469006164894
4138,0.4159,14,16,14,590149,15461,93925,14031,0.14321575456667532,0.4757561372575614
4139,0.416,13,16,13,590165,15445,93938,14018,0.14306754603727445,0.4757831856905271
4140,0.4161,9,17,9,590182,15428,93947,14009,0.14291007447478601,0.47589767979073955
4141,0.4162,16,15,16,590197,15413,93963,13993,0.14277112897847272,0.47585526763245595
4142,0.4163,12,14,12,590211,15399,93975,13981,0.14264144651524696,0.47586793737236216
4143,0.4164,17,17,17,590228,15382,93992,13964,0.14248397495275852,0.4758399781912356
4144,0.4165,9,14,9,590242,15368,94001,13955,0.14235429248953277,0.475906285168639
4145,0.4166,11,17,11,590259,15351,94012,13944,0.14219682092704436,0.4759856630824373
4146,0.4167,10,12,10,590271,15339,94022,13934,0.1420856645299937,0.4760017763809654
4147,0.4168,2,11,2,590282,15328,94024,13932,0.14198377116603061,0.4761449077238551
4148,0.4169,4,11,4,590293,15317,94028,13928,0.1418818778020675,0.4762523508292016
4149,0.417,13,20,13,590313,15297,94041,13915,0.14169661714031642,0.4763453375325209
4150,0.4171,10,12,10,590325,15285,94051,13905,0.14158546074326578,0.4763617677286742
4151,0.4172,11,17,11,590342,15268,94062,13894,0.14142798918077734,0.4764419449969138
4152,0.4173,8,19,8,590361,15249,94070,13886,0.14125199155211382,0.47660888965162174
4153,0.4174,3,18,3,590379,15231,94073,13883,0.14108525695653784,0.4768496256096723
4154,0.4175,12,18,12,590397,15213,94085,13871,0.14091852236096186,0.476928895612708
4155,0.4176,9,11,9,590408,15202,94094,13862,0.1408166289969988,0.4769474263693917
4156,0.4177,8,13,8,590421,15189,94102,13854,0.14069620956686058,0.477016837103605
4157,0.4178,12,10,12,590431,15179,94114,13842,0.14060357923598504,0.4769649564108749
4158,0.4179,16,20,16,590451,15159,94130,13826,0.14041831857423395,0.4770053475935829
4159,0.418,6,13,6,590464,15146,94136,13820,0.14029789914409574,0.4771110957674515
4160,0.4181,8,17,8,590481,15129,94144,13812,0.14014042758160733,0.4772468124805639
4161,0.4182,10,19,10,590500,15110,94154,13802,0.13996442995294378,0.47737963475373546
4162,0.4183,7,12,7,590512,15098,94161,13795,0.13985327355589314,0.4774512857785623
4163,0.4184,12,11,12,590523,15087,94173,13783,0.13975138019193004,0.4774160027710426
4164,0.4185,6,12,6,590535,15075,94179,13777,0.1396402237948794,0.47750589213919314
4165,0.4186,9,8,9,590543,15067,94188,13768,0.13956611953017897,0.47747529044563897
4166,0.4187,6,15,6,590558,15052,94194,13762,0.13942717403386565,0.47761504824043866
4167,0.4188,7,8,7,590566,15044,94201,13755,0.13935306976916523,0.47762075072051113
4168,0.4189,16,12,16,590578,15032,94217,13739,0.13924191337211456,0.4775294567446387
4169,0.419,11,22,11,590600,15010,94228,13728,0.13903812664418838,0.4776950379288747
4170,0.4191,5,18,5,590618,14992,94233,13723,0.1388713920486124,0.47790353473794184
4171,0.4192,7,23,7,590641,14969,94240,13716,0.13865834228759866,0.47815931671605366
4172,0.4193,8,16,8,590657,14953,94248,13708,0.1385101337581978,0.4782805903492551
4173,0.4194,9,21,9,590678,14932,94257,13699,0.13831561006335916,0.47846739548042333
4174,0.4195,8,19,8,590697,14913,94265,13691,0.1381396124346956,0.47863935113970074
4175,0.4196,8,16,8,590713,14897,94273,13683,0.13799140390529474,0.47876137158852344
4176,0.4197,4,13,4,590726,14884,94277,13679,0.13787098447515655,0.4789062773518188
4177,0.4198,11,16,11,590742,14868,94288,13668,0.1377227759457557,0.47897392767031116
4178,0.4199,4,15,4,590757,14853,94292,13664,0.13758383044944236,0.47915278605743944
4179,0.42,13,15,13,590772,14838,94305,13651,0.13744488495312907,0.47916739794306573
4180,0.4201,12,11,12,590783,14827,94317,13639,0.13734299158916596,0.4791330007728518
4181,0.4202,10,18,10,590801,14809,94327,13629,0.13717625699358998,0.47925311203319504
4182,0.4203,10,10,10,590811,14799,94337,13619,0.13708362666271445,0.47923851080301216
4183,0.4204,7,21,7,590832,14778,94344,13612,0.1368891029678758,0.479464600211342
4184,0.4205,7,17,7,590849,14761,94351,13605,0.13673163140538738,0.47962349291405204
4185,0.4206,17,15,17,590864,14746,94368,13588,0.13659268590907406,0.4795651867014894
4186,0.4207,6,11,6,590875,14735,94374,13582,0.13649079254511098,0.47964120492990076
4187,0.4208,10,11,10,590886,14724,94384,13572,0.13638889918114788,0.4796437659033079
4188,0.4209,10,19,10,590905,14705,94394,13562,0.13621290155248433,0.47978207804153256
4189,0.421,8,17,8,590922,14688,94402,13554,0.13605542998999592,0.47992351816443596
4190,0.4211,5,12,5,590934,14676,94407,13549,0.13594427359294528,0.4800354295837024
4191,0.4212,11,22,11,590956,14654,94418,13538,0.13574048686501908,0.4802071509648127
4192,0.4213,6,15,6,590971,14639,94424,13532,0.13560154136870578,0.4803521351744702
4193,0.4214,9,10,9,590981,14629,94433,13523,0.13550891103783022,0.4803566354077863
4194,0.4215,7,21,7,591002,14608,94440,13516,0.1353143873429916,0.4805859763902717
4195,0.4216,9,17,9,591019,14591,94449,13507,0.13515691578050318,0.4807103708449
4196,0.4217,11,15,11,591034,14576,94460,13496,0.13501797028418985,0.48076375035622687
4197,0.4218,14,12,14,591046,14564,94474,13482,0.1349068138871392,0.4807102617129002
4198,0.4219,9,13,9,591059,14551,94483,13473,0.134786394457001,0.4807664858692549
4199,0.422,8,12,8,591071,14539,94491,13465,0.13467523805995035,0.4808241679760034
4200,0.4221,9,13,9,591084,14526,94500,13456,0.13455481862981214,0.48088056607819313
4201,0.4222,11,17,11,591101,14509,94511,13445,0.13439734706732373,0.4809687343492881
4202,0.4223,13,15,13,591116,14494,94524,13432,0.1342584015710104,0.480985461577025
4203,0.4224,6,12,6,591128,14482,94530,13426,0.13414724517395976,0.48108069370789736
4204,0.4225,15,14,15,591142,14468,94545,13411,0.134017562710734,0.48104307902005095
4205,0.4226,13,13,13,591155,14455,94558,13398,0.1338971432805958,0.4810253832621262
4206,0.4227,9,11,9,591166,14444,94567,13389,0.1337952499166327,0.4810476772176912
4207,0.4228,5,15,5,591181,14429,94572,13384,0.1336563044203194,0.4812138208751303
4208,0.4229,10,13,10,591194,14416,94582,13374,0.13353588499018118,0.4812522490104354
4209,0.423,9,11,9,591205,14405,94591,13365,0.13343399162621808,0.48127475693194094
4210,0.4231,8,10,8,591215,14395,94599,13357,0.13334136129534255,0.48129864514269244
4211,0.4232,11,18,11,591233,14377,94610,13346,0.13317462669976657,0.48140533131334995
4212,0.4233,10,12,10,591245,14365,94620,13336,0.13306347030271592,0.4814266632973539
4213,0.4234,7,7,7,591252,14358,94627,13329,0.13299862907110305,0.4814172716437317
4214,0.4235,9,9,9,591261,14349,94636,13320,0.13291526177331506,0.4814051826954353
4215,0.4236,12,13,12,591274,14336,94648,13308,0.13279484234317684,0.4814064534799595
4216,0.4237,10,18,10,591292,14318,94658,13298,0.13262810774760087,0.4815324449594438
4217,0.4238,8,19,8,591311,14299,94666,13290,0.13245211011893734,0.4817137264851934
4218,0.4239,7,12,7,591323,14287,94673,13283,0.1323409537218867,0.4817918026840769
4219,0.424,14,19,14,591342,14268,94687,13269,0.13216495609322315,0.4818607691469659
4220,0.4241,10,8,10,591350,14260,94697,13259,0.13209085182852273,0.4818125658635852
4221,0.4242,5,13,5,591363,14247,94702,13254,0.13197043239838452,0.4819461110505073
4222,0.4243,6,13,6,591376,14234,94708,13248,0.13185001296824633,0.4820609853722437
4223,0.4244,7,24,7,591400,14210,94715,13241,0.13162770017414502,0.4823503697497359
4224,0.4245,16,20,16,591420,14190,94731,13225,0.13144243951239393,0.48240014590552616
4225,0.4246,4,19,4,591439,14171,94735,13221,0.1312664418837304,0.48265917056074764
4226,0.4247,4,18,4,591457,14153,94739,13217,0.13109970728815443,0.48290098648154917
4227,0.4248,9,19,9,591476,14134,94748,13208,0.1309237096594909,0.4830663448174969
4228,0.4249,7,18,7,591494,14116,94755,13201,0.13075697506391493,0.4832521872826445
4229,0.425,12,16,12,591510,14100,94767,13189,0.13060876653451406,0.48330829271867787
4230,0.4251,10,14,10,591524,14086,94777,13179,0.1304790840712883,0.48336695397029156
4231,0.4252,12,7,12,591531,14079,94789,13167,0.13041424283967543,0.48326359832635984
4232,0.4253,15,14,15,591545,14065,94804,13152,0.13028456037644967,0.483227394643054
4233,0.4254,8,17,8,591562,14048,94812,13144,0.13012708881396123,0.4833774639599882
4234,0.4255,14,14,14,591576,14034,94826,13130,0.12999740635073548,0.48336032984832866
4235,0.4256,15,20,15,591596,14014,94841,13115,0.1298121456889844,0.4834310147812304
4236,0.4257,9,13,9,591609,14001,94850,13106,0.1296917262588462,0.48349134909801894
4237,0.4258,11,11,11,591620,13990,94861,13095,0.1295898328948831,0.48347793981908804
4238,0.4259,9,7,9,591627,13983,94870,13086,0.12952499166327022,0.48343123129779453
4239,0.426,13,10,13,591637,13973,94883,13073,0.1294323613323947,0.4833616801005694
4240,0.4261,7,13,7,591650,13960,94890,13066,0.12931194190225648,0.4834603714941168
4241,0.4262,14,13,14,591663,13947,94904,13052,0.12919152247211826,0.4834253120485944
4242,0.4263,9,10,9,591673,13937,94913,13043,0.12909889214124273,0.4834321719792439
4243,0.4264,4,12,4,591685,13925,94917,13039,0.1289877357441921,0.4835706868417149
4244,0.4265,8,17,8,591702,13908,94925,13031,0.12883026418170365,0.48372248413081403
4245,0.4266,9,18,9,591720,13890,94934,13022,0.12866352958612767,0.4838733650416171
4246,0.4267,10,11,10,591731,13879,94944,13012,0.1285616362221646,0.4838793648432561
4247,0.4268,12,12,12,591743,13867,94956,13000,0.12845047982511393,0.4838649644545353
4248,0.4269,6,13,6,591756,13854,94962,12994,0.12833006039497574,0.4839839094159714
4249,0.427,12,12,12,591768,13842,94974,12982,0.12821890399792507,0.48396957948106173
4250,0.4271,11,7,11,591775,13835,94985,12971,0.1281540627663122,0.4838842050287249
4251,0.4272,12,15,12,591790,13820,94997,12959,0.1280151172699989,0.48392397027521566
4252,0.4273,4,15,4,591805,13805,95001,12955,0.12787617177368557,0.48411808669656203
4253,0.4274,9,16,9,591821,13789,95010,12946,0.1277279632442847,0.48423414999064895
4254,0.4275,10,14,10,591835,13775,95020,12936,0.12759828078105895,0.48429485979558984
4255,0.4276,5,9,5,591844,13766,95025,12931,0.12751491348327096,0.48436153874967225
4256,0.4277,8,15,8,591859,13751,95033,12923,0.12737596798695766,0.48447926820124465
4257,0.4278,7,18,7,591877,13733,95040,12916,0.12720923339138168,0.4846710946001726
4258,0.4279,8,17,8,591894,13716,95048,12908,0.12705176182889324,0.48482572115384615
4259,0.428,6,10,6,591904,13706,95054,12902,0.1269591314980177,0.4848917618761275
4260,0.4281,10,11,10,591915,13695,95064,12892,0.1268572381340546,0.48489863467107985
4261,0.4282,8,11,8,591926,13684,95072,12884,0.1267553447700915,0.4849442938873833
4262,0.4283,8,13,8,591939,13671,95080,12876,0.12663492533995332,0.48502655667307043
4263,0.4284,9,16,9,591955,13655,95089,12867,0.12648671681055246,0.4851444084156549
4264,0.4285,13,11,13,591966,13644,95102,12854,0.12638482344658936,0.48509321458223265
4265,0.4286,5,18,5,591984,13626,95107,12849,0.12621808885101338,0.4853257790368272
4266,0.4287,8,17,8,592001,13609,95115,12841,0.12606061728852497,0.4854820415879017
4267,0.4288,12,10,12,592011,13599,95127,12829,0.1259679869576494,0.48543211745118814
4268,0.4289,11,16,11,592027,13583,95138,12818,0.12581977842824854,0.4855119124275596
4269,0.429,8,9,8,592036,13574,95146,12810,0.12573641113046055,0.4855215281989084
4270,0.4291,9,19,9,592055,13555,95155,12801,0.12556041350179703,0.48569585673091514
4271,0.4292,14,18,14,592073,13537,95169,12787,0.12539367890622105,0.48575444461328066
4272,0.4293,6,9,6,592082,13528,95175,12781,0.12531031160843306,0.4858033372610133
4273,0.4294,7,12,7,592094,13516,95182,12774,0.12519915521138242,0.48588817040699883
4274,0.4295,5,10,5,592104,13506,95187,12769,0.1251065248805069,0.48597526165556615
4275,0.4296,12,12,12,592116,13494,95199,12757,0.12499536848345623,0.4859624395261133
4276,0.4297,7,12,7,592128,13482,95206,12750,0.12488421208640557,0.48604757548032934
4277,0.4298,6,16,6,592144,13466,95212,12744,0.1247360035570047,0.48622663105684855
4278,0.4299,8,19,8,592163,13447,95220,12736,0.12456000592834117,0.48642248787381126
4279,0.43,9,12,9,592175,13435,95229,12727,0.12444884953129053,0.48646892439415945
4280,0.4301,6,15,6,592190,13420,95235,12721,0.12430990403497721,0.4866301977736123
4281,0.4302,10,15,10,592205,13405,95245,12711,0.1241709585386639,0.4867131260529943
4282,0.4303,9,14,9,592219,13391,95254,12702,0.12404127607543815,0.48679722530946995
4283,0.4304,8,17,8,592236,13374,95262,12694,0.12388380451294972,0.4869571888905938
4284,0.4305,10,17,10,592253,13357,95272,12684,0.1237263329504613,0.4870780691985715
4285,0.4306,12,17,12,592270,13340,95284,12672,0.12356886138797288,0.48715977241273256
4286,0.4307,10,17,10,592287,13323,95294,12662,0.12341138982548445,0.4872811237252261
4287,0.4308,9,15,9,592302,13308,95303,12653,0.12327244432917114,0.4873849235391549
4288,0.4309,8,12,8,592314,13296,95311,12645,0.1231612879321205,0.48745229559384756
4289,0.431,7,13,7,592327,13283,95318,12638,0.12304086850198229,0.487558350372285
4290,0.4311,6,11,6,592338,13272,95324,12632,0.1229389751380192,0.48764669549104384
4291,0.4312,6,6,6,592344,13266,95330,12626,0.12288339693949386,0.48764097018384056
4292,0.4313,8,6,8,592350,13260,95338,12618,0.12282781874096854,0.48759564108509157
4293,0.4314,7,15,7,592365,13245,95345,12611,0.12268887324465523,0.4877397896039604
4294,0.4315,14,9,14,592374,13236,95359,12597,0.12260550594686724,0.48763209847869005
4295,0.4316,1,16,1,592390,13220,95360,12596,0.12245729741746637,0.4879144716454912
4296,0.4317,12,14,12,592404,13206,95372,12584,0.12232761495424062,0.4879410624272974
4297,0.4318,9,14,9,592418,13192,95381,12575,0.12219793249101486,0.48802732176815306
4298,0.4319,8,12,8,592430,13180,95389,12567,0.1220867760939642,0.48809570046995765
4299,0.432,11,11,11,592441,13169,95400,12556,0.12198488273000112,0.48808551992225463
4300,0.4321,9,10,9,592451,13159,95409,12547,0.12189225239912557,0.4880961643196141
4301,0.4322,13,11,13,592462,13148,95422,12534,0.12179035903516247,0.4880461023284791
4302,0.4323,9,15,9,592477,13133,95431,12525,0.12165141353884916,0.4881518434796165
4303,0.4324,8,11,8,592488,13122,95439,12517,0.12154952017488606,0.488201567923866
4304,0.4325,10,12,10,592500,13110,95449,12507,0.12143836377783541,0.48823047195221925
4305,0.4326,8,11,8,592511,13099,95457,12499,0.12133647041387231,0.4882803344011251
4306,0.4327,5,2,5,592513,13097,95462,12494,0.12131794434769722,0.48821851432144114
4307,0.4328,14,11,14,592524,13086,95476,12480,0.12121605098373411,0.4881483219901432
4308,0.4329,12,13,12,592537,13073,95488,12468,0.12109563155359591,0.48815629771739555
4309,0.433,18,9,18,592546,13064,95506,12450,0.12101226425580792,0.4879673904523007
4310,0.4331,9,8,9,592554,13056,95515,12441,0.12093815999110749,0.48793975761854336
4311,0.4332,9,14,9,592568,13042,95524,12432,0.12080847752788174,0.48802700792965376
4312,0.4333,8,14,8,592582,13028,95532,12424,0.12067879506465597,0.48813452773848814
4313,0.4334,11,15,11,592597,13013,95543,12413,0.12053984956834266,0.4882010540391725
4314,0.4335,8,18,8,592615,12995,95551,12405,0.12037311497276668,0.48838582677165354
4315,0.4336,15,13,15,592628,12982,95566,12390,0.12025269554262848,0.4883335960901781
4316,0.4337,8,12,8,592640,12970,95574,12382,0.12014153914557783,0.48840328179236353
4317,0.4338,12,15,12,592655,12955,95586,12370,0.12000259364926452,0.4884501480750247
4318,0.4339,6,9,6,592664,12946,95592,12364,0.11991922635147653,0.48850256815487947
4319,0.434,5,11,5,592675,12935,95597,12359,0.11981733298751343,0.4886139005297699
4320,0.4341,8,22,8,592697,12913,95605,12351,0.11961354625958724,0.4888774540848638
4321,0.4342,4,14,4,592711,12899,95609,12347,0.11948386379636149,0.48906757506139586
4322,0.4343,10,16,10,592727,12883,95619,12337,0.11933565526696062,0.48917525773195875
4323,0.4344,12,18,12,592745,12865,95631,12325,0.11916892067138464,0.48928146089718144
4324,0.4345,6,13,6,592758,12852,95637,12319,0.11904850124124644,0.4894124190536729
4325,0.4346,8,13,8,592771,12839,95645,12311,0.11892808181110823,0.4895029821073559
4326,0.4347,7,12,7,592783,12827,95652,12304,0.11881692541405758,0.48959452469062115
4327,0.4348,7,16,7,592799,12811,95659,12297,0.11866871688465672,0.48976421857575275
4328,0.4349,3,12,3,592811,12799,95662,12294,0.11855756048760606,0.4899374327501694
4329,0.435,5,15,5,592826,12784,95667,12289,0.11841861499129275,0.49012882383440354
4330,0.4351,5,10,5,592836,12774,95672,12284,0.1183259846604172,0.490222683374571
4331,0.4352,7,7,7,592843,12767,95679,12277,0.11826114342880432,0.49021721769685356
4332,0.4353,11,9,11,592852,12758,95690,12266,0.11817777613101633,0.49016943734015345
4333,0.4354,7,12,7,592864,12746,95697,12259,0.11806661973396569,0.4902619476104779
4334,0.4355,11,21,11,592885,12725,95708,12248,0.11787209603912706,0.49044968566051333
4335,0.4356,6,5,6,592890,12720,95714,12242,0.11782578087368928,0.490425446678952
4336,0.4357,11,14,11,592904,12706,95725,12231,0.11769609841046352,0.49047599951878734
4337,0.4358,6,12,6,592916,12694,95731,12225,0.11758494201341287,0.49058951001244033
4338,0.4359,12,10,12,592926,12684,95743,12213,0.11749231168253733,0.4905410290396433
4339,0.436,7,21,7,592947,12663,95750,12206,0.11729778798769869,0.49081185411556555
4340,0.4361,7,10,7,592957,12653,95757,12199,0.11720515765682316,0.49086592628359893
4341,0.4362,5,9,5,592966,12644,95762,12194,0.11712179035903517,0.49094129962154764
4342,0.4363,14,13,14,592979,12631,95776,12180,0.11700137092889695,0.49091128934746686
4343,0.4364,9,21,9,593000,12610,95785,12171,0.11680684723405832,0.49114240748960897
4344,0.4365,10,11,10,593011,12599,95795,12161,0.11670495387009522,0.4911550888529887
4345,0.4366,14,12,14,593023,12587,95809,12147,0.11659379747304457,0.49110536104148134
4346,0.4367,8,15,8,593038,12572,95817,12139,0.11645485197673126,0.49123871959855936
4347,0.4368,7,13,7,593051,12559,95824,12132,0.11633443254659305,0.491353124620307
4348,0.4369,10,15,10,593066,12544,95834,12122,0.11619548705027974,0.49144571474904725
4349,0.437,5,8,5,593074,12536,95839,12117,0.1161213827855793,0.4915020484322395
4350,0.4371,14,15,14,593089,12521,95853,12103,0.115982437289266,0.49151234567901236
4351,0.4372,7,13,7,593102,12508,95860,12096,0.1158620178591278,0.49162737766216874
4352,0.4373,8,12,8,593114,12496,95868,12088,0.11575086146207714,0.4917019199479336
4353,0.4374,10,20,10,593134,12476,95878,12078,0.11556560080032606,0.49189541418913413
4354,0.4375,9,16,9,593150,12460,95887,12069,0.11541739227092519,0.49202984222756735
4355,0.4376,6,15,6,593165,12445,95893,12063,0.11527844677461188,0.49220662640770363
4356,0.4377,10,14,10,593179,12431,95903,12053,0.11514876431138613,0.4922806730926319
4357,0.4378,5,12,5,593191,12419,95908,12048,0.11503760791433547,0.49241835942289613
4358,0.4379,7,13,7,593204,12406,95915,12041,0.11491718848419727,0.4925348713543584
4359,0.438,15,11,15,593215,12395,95930,12026,0.11481529512023417,0.49244502682117847
4360,0.4381,12,15,12,593230,12380,95942,12014,0.11467634962392086,0.49249815528408625
4361,0.4382,4,13,4,593243,12367,95946,12010,0.11455593019378266,0.49267752389547526
4362,0.4383,9,9,9,593252,12358,95955,12001,0.11447256289599467,0.4926721129767232
4363,0.4384,7,12,7,593264,12346,95962,11994,0.11436140649894401,0.49276910435497123
4364,0.4385,9,11,9,593275,12335,95971,11985,0.11425951313498092,0.4928042763157895
4365,0.4386,12,13,12,593288,12322,95983,11973,0.11413909370484271,0.49281745215064826
4366,0.4387,12,9,12,593297,12313,95995,11961,0.11405572640705472,0.4927494438493862
4367,0.4388,7,11,7,593308,12302,96002,11954,0.11395383304309163,0.49282651715039577
4368,0.4389,8,14,8,593322,12288,96010,11946,0.11382415057986588,0.4929437979697945
4369,0.439,8,11,8,593333,12277,96018,11938,0.11372225721590278,0.49300020648358456
4370,0.4391,10,19,10,593352,12258,96028,11928,0.11354625958723924,0.49317787149590675
4371,0.4392,10,13,10,593365,12245,96038,11918,0.11342584015710104,0.4932334561105823
4372,0.4393,11,14,11,593379,12231,96049,11907,0.11329615769387529,0.49328859060402686
4373,0.4394,16,12,16,593391,12219,96065,11891,0.11318500129682463,0.4931978432185815
4374,0.4395,6,11,6,593402,12208,96071,11885,0.11308310793286154,0.4932968082015523
4375,0.4396,9,8,9,593410,12200,96080,11876,0.1130090036681611,0.49327130752616716
4376,0.4397,10,18,10,593428,12182,96090,11866,0.11284226907258513,0.49342980705256156
4377,0.4398,12,9,12,593437,12173,96102,11854,0.11275890177479714,0.49336163482748574
4378,0.4399,11,9,11,593446,12164,96113,11843,0.11267553447700915,0.4933144499520973
4379,0.44,10,6,10,593452,12158,96123,11833,0.11261995627848383,0.49322662665166106
4380,0.4401,11,11,11,593463,12147,96134,11822,0.11251806291452073,0.4932204096958572
4381,0.4402,6,14,6,593477,12133,96140,11816,0.11238838045129497,0.49338176959372
4382,0.4403,11,12,11,593489,12121,96151,11805,0.11227722405424433,0.49339630527459666
4383,0.4404,7,7,7,593496,12114,96158,11798,0.11221238282263145,0.4933924389427902
4384,0.4405,6,12,6,593508,12102,96164,11792,0.11210122642558079,0.4935130158198711
4385,0.4406,11,18,11,593526,12084,96175,11781,0.11193449183000481,0.49365179132620995
4386,0.4407,12,8,12,593534,12076,96187,11769,0.11186038756530438,0.4935625917383099
4387,0.4408,6,13,6,593547,12063,96193,11763,0.11173996813516618,0.49370435658524303
4388,0.4409,9,10,9,593557,12053,96202,11754,0.11164733780429063,0.49372033435544166
4389,0.441,13,12,13,593569,12041,96215,11741,0.11153618140723999,0.4936927087713397
4390,0.4411,3,15,3,593584,12026,96218,11738,0.11139723591092668,0.4939404140717051
4391,0.4412,9,10,9,593594,12016,96227,11729,0.11130460558005113,0.4939566224468309
4392,0.4413,10,14,10,593608,12002,96237,11719,0.11117492311682538,0.49403482146621136
4393,0.4414,11,5,11,593613,11997,96248,11708,0.1111286079513876,0.4939042396118962
4394,0.4415,6,8,6,593621,11989,96254,11702,0.11105450368668716,0.49394284749482925
4395,0.4416,14,21,14,593642,11968,96268,11688,0.11085997999184853,0.4940818397024011
4396,0.4417,5,10,5,593652,11958,96273,11683,0.11076734966097299,0.49418383317118564
4397,0.4418,8,14,8,593666,11944,96281,11675,0.11063766719774723,0.49430543206740335
4398,0.4419,7,12,7,593678,11932,96288,11668,0.11052651080069659,0.4944067796610169
4399,0.442,10,7,10,593685,11925,96298,11658,0.1104616695690837,0.4943391426027223
4400,0.4421,9,12,9,593697,11913,96307,11649,0.11035051317203305,0.4943977591036415
4401,0.4422,9,12,9,593709,11901,96316,11640,0.1102393567749824,0.49445648018350963
4402,0.4423,8,12,8,593721,11889,96324,11632,0.11012820037793175,0.4945367969048935
4403,0.4424,11,10,11,593731,11879,96335,11621,0.1100355700470562,0.49451063829787234
4404,0.4425,8,7,8,593738,11872,96343,11613,0.10997072881544333,0.4944858420268256
4405,0.4426,10,6,10,593744,11866,96353,11603,0.109915150616918,0.494396863948187
4406,0.4427,12,12,12,593756,11854,96365,11591,0.10980399421986735,0.4943911281723182
4407,0.4428,10,10,10,593766,11844,96375,11581,0.10971136388899182,0.4943863393810032
4408,0.4429,6,12,6,593778,11832,96381,11575,0.10960020749194116,0.4945101892596232
4409,0.443,4,12,4,593790,11820,96385,11571,0.10948905109489052,0.4946774400410414
4410,0.4431,10,15,10,593805,11805,96395,11561,0.1093501055985772,0.4947787383377557
4411,0.4432,11,15,11,593820,11790,96406,11550,0.10921116010226388,0.4948586118251928
4412,0.4433,7,11,7,593831,11779,96413,11543,0.10910926673830079,0.4949403996226739
4413,0.4434,7,15,7,593846,11764,96420,11536,0.10897032124198748,0.49510729613733906
4414,0.4435,10,15,10,593861,11749,96430,11526,0.10883137574567417,0.4952094522019334
4415,0.4436,11,12,11,593873,11737,96441,11515,0.10872021934862351,0.49522621709960435
4416,0.4437,4,15,4,593888,11722,96445,11511,0.1085812738523102,0.4954590453234623
4417,0.4438,10,10,10,593898,11712,96455,11501,0.10848864352143466,0.4954551328996683
4418,0.4439,10,13,10,593911,11699,96465,11491,0.10836822409129646,0.4955153083225528
4419,0.444,6,16,6,593927,11683,96471,11485,0.10822001556189559,0.495726864640884
4420,0.4441,8,7,8,593934,11676,96479,11477,0.10815517433028271,0.4957025007558416
4421,0.4442,6,13,6,593947,11663,96485,11471,0.1080347549001445,0.4958502636811619
4422,0.4443,7,10,7,593957,11653,96492,11464,0.10794212456926897,0.4959120993208461
4423,0.4444,6,12,6,593969,11641,96498,11458,0.10783096817221831,0.4960387895579895
4424,0.4445,13,15,13,593984,11626,96511,11445,0.107692022675905,0.4960773265138052
4425,0.4446,7,17,7,594001,11609,96518,11438,0.10753455111341657,0.4962901896125309
4426,0.4447,12,10,12,594011,11599,96530,11426,0.10744192078254104,0.496243213897937
4427,0.4448,12,10,12,594021,11589,96542,11414,0.1073492904516655,0.4961961483284789
4428,0.4449,11,7,11,594028,11582,96553,11403,0.10728444922005262,0.4961061561888188
4429,0.445,7,16,7,594044,11566,96560,11396,0.10713624069065175,0.49629823186133615
4430,0.4451,12,17,12,594061,11549,96572,11384,0.10697876912816333,0.49640256399075566
4431,0.4452,7,7,7,594068,11542,96579,11377,0.10691392789655045,0.49640036650813735
4432,0.4453,10,16,10,594084,11526,96589,11367,0.10676571936714958,0.49652732276241646
4433,0.4454,10,15,10,594099,11511,96599,11357,0.10662677387083627,0.4966328493965366
4434,0.4455,9,8,9,594107,11503,96608,11348,0.10655266960613584,0.4966084635245722
4435,0.4456,7,8,7,594115,11495,96615,11341,0.1064785653414354,0.49662813102119463
4436,0.4457,11,12,11,594127,11483,96626,11330,0.10636740894438475,0.49664664884057336
4437,0.4458,13,12,13,594139,11471,96639,11317,0.1062562525473341,0.49662102861154994
4438,0.4459,7,10,7,594149,11461,96646,11310,0.10616362221645856,0.4966843792543147
4439,0.446,6,6,6,594155,11455,96652,11304,0.10610804401793324,0.4966826310470583
4440,0.4461,16,10,16,594165,11445,96668,11288,0.10601541368705769,0.49654687018871246
4441,0.4462,10,13,10,594178,11432,96678,11278,0.10589499425691949,0.49660942316160284
4442,0.4463,10,13,10,594191,11419,96688,11268,0.10577457482678128,0.4966721029664566
4443,0.4464,12,10,12,594201,11409,96700,11256,0.10568194449590573,0.4966247518199868
4444,0.4465,9,12,9,594213,11397,96709,11247,0.10557078809885509,0.4966878643349232
4445,0.4466,13,17,13,594230,11380,96722,11234,0.10541331653636667,0.49677191120544795
4446,0.4467,14,6,14,594236,11374,96736,11220,0.10535773833784134,0.49659201557935734
4447,0.4468,14,18,14,594254,11356,96750,11206,0.10519100374226537,0.49667582661111603
4448,0.4469,8,11,8,594265,11345,96758,11198,0.10508911037830228,0.4967395643880584
4449,0.447,4,7,4,594272,11338,96762,11194,0.10502426914668939,0.4968045446476123
4450,0.4471,10,6,10,594278,11332,96772,11184,0.10496869094816406,0.49671344821460295
4451,0.4472,10,5,10,594283,11327,96782,11174,0.1049223757827263,0.49660015110439537
4452,0.4473,6,12,6,594295,11315,96788,11168,0.10481121938567564,0.4967308633189521
4453,0.4474,11,13,11,594308,11302,96799,11157,0.10469079995553744,0.4967718954539383
4454,0.4475,10,13,10,594321,11289,96809,11147,0.10457038052539924,0.49683544303797467
4455,0.4476,4,8,4,594329,11281,96813,11143,0.10449627626069881,0.4969229397074563
4456,0.4477,6,11,6,594340,11270,96819,11137,0.10439438289673571,0.4970321774445486
4457,0.4478,5,11,5,594351,11259,96824,11132,0.1042924895327726,0.4971640391228619
4458,0.4479,13,5,13,594356,11254,96837,11119,0.10424617436733484,0.4969829705448532
4459,0.448,12,11,12,594367,11243,96849,11107,0.10414428100337174,0.49695749440715886
4460,0.4481,6,13,6,594380,11230,96855,11101,0.10402386157323354,0.4971116385293986
4461,0.4482,6,10,6,594390,11220,96861,11095,0.103931231242358,0.4971991933676899
4462,0.4483,4,15,4,594405,11205,96865,11091,0.10379228574604468,0.49744348762109797
4463,0.4484,10,16,10,594421,11189,96875,11081,0.10364407721664382,0.49757521329142346
4464,0.4485,11,10,11,594431,11179,96886,11070,0.10355144688576827,0.4975504517056946
4465,0.4486,5,10,5,594441,11169,96891,11065,0.10345881655489274,0.4976612395430422
4466,0.4487,9,10,9,594451,11159,96900,11056,0.10336618622401719,0.4976817465676345
4467,0.4488,11,6,11,594457,11153,96911,11045,0.10331060802549187,0.49756734840976663
4468,0.4489,8,12,8,594469,11141,96919,11037,0.10319945162844121,0.4976553341148886
4469,0.449,15,10,15,594479,11131,96934,11022,0.10310682129756568,0.4975398365909809
4470,0.4491,5,18,5,594497,11113,96939,11017,0.1029400867019897,0.49783099864437413
4471,0.4492,9,13,9,594510,11100,96948,11008,0.10281966727185149,0.49791930522887645
4472,0.4493,9,5,9,594515,11095,96957,10999,0.10277335210641372,0.4978274644699919
4473,0.4494,7,8,7,594523,11087,96964,10992,0.10269924784171329,0.49784863444902394
4474,0.4495,10,13,10,594536,11074,96974,10982,0.10257882841157509,0.49791439970982954
4475,0.4496,11,12,11,594548,11062,96985,10971,0.10246767201452443,0.497934915808106
4476,0.4497,10,11,10,594559,11051,96995,10961,0.10236577865056135,0.4979556605487916
4477,0.4498,4,10,4,594569,11041,96999,10957,0.1022731483196858,0.49809073552141103
4478,0.4499,10,12,10,594581,11029,97009,10947,0.10216199192263514,0.498134328358209
4479,0.45,4,13,4,594594,11016,97013,10943,0.10204157249249694,0.49833781137574573
4480,0.4501,13,11,13,594605,11005,97026,10930,0.10193967912853384,0.4982904034647823
4481,0.4502,6,5,6,594610,11000,97032,10924,0.10189336396309608,0.49826673964605
4482,0.4503,12,10,12,594620,10990,97044,10912,0.10180073363222053,0.4982193406994795
4483,0.4504,4,9,4,594629,10981,97048,10908,0.10171736633443254,0.49833249577413313
4484,0.4505,9,7,9,594636,10974,97057,10899,0.10165252510281966,0.49828555753668907
4485,0.4506,7,15,7,594651,10959,97064,10892,0.10151357960650635,0.4984668893872134
4486,0.4507,9,11,9,594662,10948,97073,10883,0.10141168624254326,0.4985112912830379
4487,0.4508,5,9,5,594671,10939,97078,10878,0.10132831894475527,0.49860200760874546
4488,0.4509,7,7,7,594678,10932,97085,10871,0.1012634777131424,0.4986011099389992
4489,0.451,4,13,4,594691,10919,97089,10867,0.10114305828300418,0.49880657302855047
4490,0.4511,6,11,6,594702,10908,97095,10861,0.1010411649190411,0.49892048325600624
4491,0.4512,13,17,13,594719,10891,97108,10848,0.10088369335655267,0.4990109940659644
4492,0.4513,7,7,7,594726,10884,97115,10841,0.1008188521249398,0.4990103567318757
4493,0.4514,7,9,7,594735,10875,97122,10834,0.1007354848271518,0.49905569118798654
4494,0.4515,5,12,5,594747,10863,97127,10829,0.10062432843010115,0.4992163009404389
4495,0.4516,13,7,13,594754,10856,97140,10816,0.10055948719848827,0.4990771502399409
4496,0.4517,9,10,9,594764,10846,97149,10807,0.10046685686761272,0.49909943194938344
4497,0.4518,8,9,8,594773,10837,97157,10799,0.10038348956982475,0.49912183398040305
4498,0.4519,6,14,6,594787,10823,97163,10793,0.10025380710659898,0.4993060695780903
4499,0.452,8,8,8,594795,10815,97171,10785,0.10017970284189855,0.49930555555555556
4500,0.4521,7,9,7,594804,10806,97178,10778,0.10009633554411056,0.499351371386212
4501,0.4522,12,9,12,594813,10797,97190,10766,0.10001296824632258,0.4992811760886704
4502,0.4523,6,11,6,594824,10786,97196,10760,0.09991107488235948,0.4993966397475169
4503,0.4524,8,8,8,594832,10778,97204,10752,0.09983697061765905,0.4993961913608918
4504,0.4525,8,13,8,594845,10765,97212,10744,0.09971655118752085,0.49951183225626483
4505,0.4526,8,5,8,594850,10760,97220,10736,0.09967023602208307,0.49944175660588014
4506,0.4527,9,18,9,594868,10742,97229,10727,0.0995035014265071,0.49965065908985046
4507,0.4528,10,12,10,594880,10730,97239,10717,0.09939234502945644,0.49969692730918075
4508,0.4529,12,9,12,594889,10721,97251,10705,0.09930897773166845,0.49962662186129003
4509,0.453,9,7,9,594896,10714,97260,10696,0.09924413650005558,0.49957963568425967
4510,0.4531,3,5,3,594901,10709,97263,10693,0.09919782133461781,0.4996262031585833
4511,0.4532,10,11,10,594912,10698,97273,10683,0.09909592797065471,0.49964922127122213
4512,0.4533,11,13,11,594925,10685,97284,10672,0.09897550854051651,0.499695650138128
4513,0.4534,7,11,7,594936,10674,97291,10665,0.09887361517655341,0.49978911851539437
4514,0.4535,8,9,8,594945,10665,97299,10657,0.09879024787876542,0.4998124003376794
4515,0.4536,10,14,10,594959,10651,97309,10647,0.09866056541553966,0.4999060944689642
4516,0.4537,13,7,13,594966,10644,97322,10634,0.09859572418392679,0.4997650155089764
4517,0.4538,6,11,6,594977,10633,97328,10628,0.09849383081996368,0.49988241380932225
4518,0.4539,10,15,10,594992,10618,97338,10618,0.09835488532365037,0.5
4519,0.454,2,8,2,595000,10610,97340,10616,0.09828078105894994,0.5001413360972392
4520,0.4541,9,13,9,595013,10597,97349,10607,0.09816036162881174,0.5002358045651764
4521,0.4542,9,8,9,595021,10589,97358,10598,0.0980862573641113,0.5002123943927881
4522,0.4543,11,9,11,595030,10580,97369,10587,0.09800289006632332,0.5001653517267445
4523,0.4544,5,7,5,595037,10573,97374,10582,0.09793804883471044,0.5002127156700543
4524,0.4545,4,10,4,595047,10563,97378,10578,0.0978454185038349,0.5003547608911594
4525,0.4546,13,15,13,595062,10548,97391,10565,0.09770647300752158,0.5004025955572396
4526,0.4547,7,8,7,595070,10540,97398,10558,0.09763236874282115,0.5004265807185515
4527,0.4548,7,4,7,595074,10536,97405,10551,0.09759531661047094,0.5003556693697538
4528,0.4549,13,14,13,595088,10522,97418,10538,0.09746563414724517,0.5003798670465337
4529,0.455,9,4,9,595092,10518,97427,10529,0.09742858201489496,0.5002613199030741
4530,0.4551,16,10,16,595102,10508,97443,10513,0.09733595168401941,0.5001189286903572
4531,0.4552,10,13,10,595115,10495,97453,10503,0.09721553225388121,0.5001904943327936
4532,0.4553,4,9,4,595124,10486,97457,10499,0.09713216495609323,0.5003097450559923
4533,0.4554,12,9,12,595133,10477,97469,10487,0.09704879765830524,0.5002385041022706
4534,0.4555,5,13,5,595146,10464,97474,10482,0.09692837822816704,0.5004296763105127
4535,0.4556,4,12,4,595158,10452,97478,10478,0.09681722183111638,0.5006211180124224
4536,0.4557,11,7,11,595165,10445,97489,10467,0.0967523805995035,0.5005260137719969
4537,0.4558,3,12,3,595177,10433,97492,10464,0.09664122420245286,0.5007417332631479
4538,0.4559,10,7,10,595184,10426,97502,10454,0.09657638297083997,0.5006704980842912
4539,0.456,1,15,1,595199,10411,97503,10453,0.09643743747452665,0.501006518404908
4540,0.4561,8,9,8,595208,10402,97511,10445,0.09635407017673867,0.5010313234518156
4541,0.4562,6,13,6,595221,10389,97517,10439,0.09623365074660047,0.5012003072786634
4542,0.4563,5,12,5,595233,10377,97522,10434,0.09612249434954982,0.5013694680697708
4543,0.4564,11,12,11,595245,10365,97533,10423,0.09601133795249917,0.5013950355974601
4544,0.4565,6,12,6,595257,10353,97539,10417,0.09590018155544852,0.5015406836783823
4545,0.4566,7,14,7,595271,10339,97546,10410,0.09577049909222275,0.5017109258277508
4546,0.4567,5,13,5,595284,10326,97551,10405,0.09565007966208455,0.5019053591240171
4547,0.4568,12,12,12,595296,10314,97563,10393,0.09553892326503391,0.5019075674892548
4548,0.4569,8,7,8,595303,10307,97571,10385,0.09547408203342102,0.5018847863908757
4549,0.457,8,9,8,595312,10298,97579,10377,0.09539071473563304,0.5019105199516324
4550,0.4571,5,9,5,595321,10289,97584,10372,0.09530734743784505,0.502008615265476
4551,0.4572,11,11,11,595332,10278,97595,10361,0.09520545407388195,0.5020107563350937
4552,0.4573,5,11,5,595343,10267,97600,10356,0.09510356070991885,0.5021577849973331
4553,0.4574,7,14,7,595357,10253,97607,10349,0.0949738782466931,0.5023298708863217
4554,0.4575,11,15,11,595372,10238,97618,10338,0.09483493275037978,0.5024300155520995
4555,0.4576,11,6,11,595378,10232,97629,10327,0.09477935455185446,0.5023104236587382
4556,0.4577,8,14,8,595392,10218,97637,10319,0.0946496720886287,0.5024589764814724
4557,0.4578,11,9,11,595401,10209,97648,10308,0.09456630479084072,0.5024126334259394
4558,0.4579,6,10,6,595411,10199,97654,10302,0.09447367445996517,0.5025120725818253
4559,0.458,9,14,9,595425,10185,97663,10293,0.09434399199673942,0.5026369762672136
4560,0.4581,13,15,13,595440,10170,97676,10280,0.0942050465004261,0.5026894865525673
4561,0.4582,5,7,5,595447,10163,97681,10275,0.09414020526881323,0.5027399941285841
4562,0.4583,8,13,8,595460,10150,97689,10267,0.09401978583867501,0.5028652593427047
4563,0.4584,7,6,7,595466,10144,97696,10260,0.09396420764014969,0.5028425798862968
4564,0.4585,7,14,7,595480,10130,97703,10253,0.09383452517692394,0.5030172202325467
4565,0.4586,6,7,6,595487,10123,97709,10247,0.09376968394531106,0.5030436917034855
4566,0.4587,3,13,3,595500,10110,97712,10244,0.09364926451517284,0.5032917362680555
4567,0.4588,6,7,6,595507,10103,97718,10238,0.09358442328355997,0.5033184209232584
4568,0.4589,3,11,3,595518,10092,97721,10235,0.09348252991959688,0.5035174890539676
4569,0.459,6,14,6,595532,10078,97727,10229,0.09335284745637111,0.5037179297779091
4570,0.4591,11,14,11,595546,10064,97738,10218,0.09322316499314535,0.5037964697761562
4571,0.4592,8,11,8,595557,10053,97746,10210,0.09312127162918225,0.5038740561614766
4572,0.4593,6,4,6,595561,10049,97752,10204,0.09308421949683204,0.503826593591073
4573,0.4594,7,11,7,595572,10038,97759,10197,0.09298232613286894,0.5039288361749444
4574,0.4595,6,5,6,595577,10033,97765,10191,0.09293601096743118,0.50390625
4575,0.4596,12,19,12,595596,10014,97777,10179,0.09276001333876764,0.5040855742088842
4576,0.4597,10,12,10,595608,10002,97787,10169,0.092648856941717,0.5041396063655743
4577,0.4598,7,8,7,595616,9994,97794,10162,0.09257475267701656,0.5041674935503077
4578,0.4599,12,13,12,595629,9981,97806,10150,0.09245433324687836,0.5041975063335155
4579,0.46,7,8,7,595637,9973,97813,10143,0.09238022898217793,0.5042254921455558
4580,0.4601,5,9,5,595646,9964,97818,10138,0.09229686168438994,0.504327927569396
4581,0.4602,6,9,6,595655,9955,97824,10132,0.09221349438660195,0.5044058346194056
4582,0.4603,6,11,6,595666,9944,97830,10126,0.09211160102263885,0.5045341305430991
4583,0.4604,9,9,9,595675,9935,97839,10117,0.09202823372485086,0.5045382006782366
4584,0.4605,10,11,10,595686,9924,97849,10107,0.09192634036088777,0.5045679197244272
4585,0.4606,8,13,8,595699,9911,97857,10099,0.09180592093074956,0.5046976511744128
4586,0.4607,9,8,9,595707,9903,97866,10090,0.09173181666604913,0.504676636822888
4587,0.4608,5,7,5,595714,9896,97871,10085,0.09166697543443625,0.5047294930183674
4588,0.4609,12,13,12,595727,9883,97883,10073,0.09154655600429805,0.5047604730406895
4589,0.461,3,12,3,595739,9871,97886,10070,0.09143539960724739,0.5049897196730354
4590,0.4611,11,6,11,595745,9865,97897,10059,0.09137982140872207,0.5048685003011444
4591,0.4612,8,8,8,595753,9857,97905,10051,0.09130571714402164,0.5048724131002612
4592,0.4613,2,6,2,595759,9851,97907,10049,0.09125013894549631,0.5049748743718593
4593,0.4614,8,8,8,595767,9843,97915,10041,0.09117603468079588,0.5049788774894387
4594,0.4615,5,9,5,595776,9834,97920,10036,0.09109266738300789,0.5050830397584298
4595,0.4616,6,6,6,595782,9828,97926,10030,0.09103708918448257,0.5050861113908752
4596,0.4617,13,11,13,595793,9817,97939,10017,0.09093519582051947,0.5050418473328627
4597,0.4618,4,16,4,595809,9801,97943,10013,0.0907869872911186,0.5053497527001111
4598,0.4619,11,13,11,595822,9788,97954,10002,0.0906665678609804,0.5054067710965134
4599,0.462,8,12,8,595834,9776,97962,9994,0.09055541146392974,0.5055134041476985
4600,0.4621,11,10,11,595844,9766,97973,9983,0.09046278113305421,0.505493949060712
4601,0.4622,10,13,10,595857,9753,97983,9973,0.090342361702916,0.5055763966338842
4602,0.4623,10,5,10,595862,9748,97993,9963,0.09029604653747823,0.5054538075186444
4603,0.4624,4,10,4,595872,9738,97997,9959,0.09020341620660269,0.505609991369244
4604,0.4625,7,13,7,595885,9725,98004,9952,0.09008299677646449,0.5057681557147939
4605,0.4626,11,7,11,595892,9718,98015,9941,0.09001815554485161,0.5056717025281042
4606,0.4627,16,12,16,595904,9706,98031,9925,0.08990699914780095,0.5055779124853548
4607,0.4628,7,12,7,595916,9694,98038,9918,0.08979584275075031,0.5057107893126657
4608,0.4629,10,6,10,595922,9688,98048,9908,0.08974026455222497,0.5056133904878547
4609,0.463,5,7,5,595929,9681,98053,9903,0.0896754233206121,0.5056678921568627
4610,0.4631,16,10,16,595939,9671,98069,9887,0.08958279298973656,0.5055220370181001
4611,0.4632,16,4,16,595943,9667,98085,9871,0.08954574085738634,0.5052205957621047
4612,0.4633,6,6,6,595949,9661,98091,9865,0.08949016265886102,0.5052238041585578
4613,0.4634,8,5,8,595954,9656,98099,9857,0.08944384749342324,0.5051504125454825
4614,0.4635,10,16,10,595970,9640,98109,9847,0.08929563896402239,0.5053112331297789
4615,0.4636,7,15,7,595985,9625,98116,9840,0.08915669346770906,0.5055227331107115
4616,0.4637,7,16,7,596001,9609,98123,9833,0.0890084849383082,0.5057607242053287
4617,0.4638,9,10,9,596011,9599,98132,9824,0.08891585460743266,0.5057921021469391
4618,0.4639,5,8,5,596019,9591,98137,9819,0.08884175034273223,0.5058732612055642
4619,0.464,9,10,9,596029,9581,98146,9810,0.08874912001185668,0.5059048011964313
4620,0.4641,7,10,7,596039,9571,98153,9803,0.08865648968098114,0.5059874058015897
4621,0.4642,6,7,6,596046,9564,98159,9797,0.08859164844936826,0.5060172511750426
4622,0.4643,4,10,4,596056,9554,98163,9793,0.08849901811849271,0.5061766682172947
4623,0.4644,7,10,7,596066,9544,98170,9786,0.08840638778761718,0.5062596999482669
4624,0.4645,9,6,9,596072,9538,98179,9777,0.08835080958909185,0.5061869013719906
4625,0.4646,6,6,6,596078,9532,98185,9771,0.08829523139056653,0.506190747552194
4626,0.4647,10,9,10,596087,9523,98195,9761,0.08821186409277854,0.5061709188964945
4627,0.4648,2,10,2,596097,9513,98197,9759,0.088119233761903,0.5063823163138231
4628,0.4649,10,9,10,596106,9504,98207,9749,0.08803586646411501,0.5063626447826313
4629,0.465,3,10,3,596116,9494,98210,9746,0.08794323613323947,0.5065488565488565
4630,0.4651,7,6,7,596122,9488,98217,9739,0.08788765793471415,0.506527279346752
4631,0.4652,11,11,11,596133,9477,98228,9728,0.08778576457075105,0.5065347565738089
4632,0.4653,12,8,12,596141,9469,98240,9716,0.08771166030605061,0.5064373208235601
4633,0.4654,2,10,2,596151,9459,98242,9714,0.08761902997517507,0.5066499765294946
4634,0.4655,12,7,12,596158,9452,98254,9702,0.08755418874356219,0.5065260519995823
4635,0.4656,9,10,9,596168,9442,98263,9693,0.08746155841268664,0.5065586621374445
4636,0.4657,6,13,6,596181,9429,98269,9687,0.08734113898254844,0.5067482736974263
4637,0.4658,11,9,11,596190,9420,98280,9676,0.08725777168476045,0.50670297444491
4638,0.4659,8,13,8,596203,9407,98288,9668,0.08713735225462226,0.5068414154652687
4639,0.466,10,6,10,596209,9401,98298,9658,0.08708177405609693,0.5067422215226403
4640,0.4661,7,13,7,596222,9388,98305,9651,0.08696135462595872,0.5069068753611009
4641,0.4662,12,7,12,596229,9381,98317,9639,0.08689651339434584,0.5067823343848581
4642,0.4663,9,9,9,596238,9372,98326,9630,0.08681314609655785,0.5067887590779918
4643,0.4664,4,11,4,596249,9361,98330,9626,0.08671125273259477,0.5069784589455943
4644,0.4665,9,8,9,596257,9353,98339,9617,0.08663714846789433,0.5069583552978387
4645,0.4666,5,18,5,596275,9335,98344,9612,0.08647041387231835,0.5073098643584736
4646,0.4667,5,12,5,596287,9323,98349,9607,0.0863592574752677,0.5075013206550449
4647,0.4668,9,5,9,596292,9318,98358,9598,0.08631294230982993,0.5074011418904631
4648,0.4669,5,9,5,596301,9309,98363,9593,0.08622957501204194,0.5075124325468204
4649,0.467,8,12,8,596313,9297,98371,9585,0.0861184186149913,0.5076263107721639
4650,0.4671,8,10,8,596323,9287,98379,9577,0.08602578828411575,0.507686598812553
4651,0.4672,4,16,4,596339,9271,98383,9573,0.08587757975471488,0.508013160687752
4652,0.4673,14,9,14,596348,9262,98397,9559,0.0857942124569269,0.5078901227352426
4653,0.4674,8,6,8,596354,9256,98405,9551,0.08573863425840157,0.5078428244802468
4654,0.4675,11,6,11,596360,9250,98416,9540,0.08568305605987625,0.5077168706758914
4655,0.4676,10,9,10,596369,9241,98426,9530,0.08559968876208826,0.5076980448564274
4656,0.4677,6,9,6,596378,9232,98432,9524,0.08551632146430027,0.5077841757304329
4657,0.4678,14,9,14,596387,9223,98446,9510,0.08543295416651228,0.5076602786526451
4658,0.4679,7,8,7,596395,9215,98453,9503,0.08535884990181185,0.5076931296078641
4659,0.468,9,13,9,596408,9202,98462,9494,0.08523843047167365,0.5078091570389388
4660,0.4681,4,8,4,596416,9194,98466,9490,0.08516432620697321,0.5079212160137015
4661,0.4682,5,10,5,596426,9184,98471,9485,0.08507169587609767,0.5080614923134609
4662,0.4683,7,9,7,596435,9175,98478,9478,0.08498832857830968,0.5081220179059669
4663,0.4684,8,6,8,596441,9169,98486,9470,0.08493275037978436,0.5080744675143516
4664,0.4685,6,9,6,596450,9160,98492,9464,0.08484938308199637,0.5081615120274914
4665,0.4686,6,11,6,596461,9149,98498,9458,0.08474748971803327,0.5083033267050034
4666,0.4687,4,3,4,596464,9146,98502,9454,0.08471970061877061,0.5082795698924731
4667,0.4688,16,4,16,596468,9142,98518,9438,0.08468264848642039,0.5079655543595264
4668,0.4689,13,7,13,596475,9135,98531,9425,0.08461780725480751,0.5078125
4669,0.469,0,15,0,596490,9120,98531,9425,0.0844788617584942,0.508223240765705
4670,0.4691,7,9,7,596499,9111,98538,9418,0.08439549446070621,0.5082843110799288
4671,0.4692,11,5,11,596504,9106,98549,9407,0.08434917929526844,0.5081294225679253
4672,0.4693,3,11,3,596515,9095,98552,9404,0.08424728593130534,0.5083518028001514
4673,0.4694,7,9,7,596524,9086,98559,9397,0.08416391863351735,0.5084131363956068
4674,0.4695,9,11,9,596535,9075,98568,9388,0.08406202526955427,0.5084764122840275
4675,0.4696,8,5,8,596540,9070,98576,9380,0.08401571010411649,0.50840108401084
4676,0.4697,7,8,7,596548,9062,98583,9373,0.08394160583941605,0.5084350420395986
4677,0.4698,5,10,5,596558,9052,98588,9368,0.08384897550854052,0.5085776330076004
4678,0.4699,2,6,2,596564,9046,98590,9366,0.08379339731001519,0.5086899847925266
4679,0.47,5,9,5,596573,9037,98595,9361,0.08371003001222721,0.5088053049244483
4680,0.4701,6,10,6,596583,9027,98601,9355,0.08361739968135166,0.508921771298009
4681,0.4702,9,11,9,596594,9016,98610,9346,0.08351550631738856,0.5089859492430019
4682,0.4703,4,10,4,596604,9006,98614,9342,0.08342287598651302,0.5091563113145847
4683,0.4704,11,7,11,596611,8999,98625,9331,0.08335803475490014,0.5090561920349155
4684,0.4705,7,8,7,596619,8991,98632,9324,0.0832839304901997,0.509090909090909
4685,0.4706,5,10,5,596629,8981,98637,9319,0.08319130015932417,0.5092349726775957
4686,0.4707,5,9,5,596638,8972,98642,9314,0.08310793286153619,0.509351416384119
4687,0.4708,6,7,6,596645,8965,98648,9308,0.08304309162992331,0.509385432058228
4688,0.4709,9,14,9,596659,8951,98657,9299,0.08291340916669754,0.5095342465753425
4689,0.471,8,8,8,596667,8943,98665,9291,0.0828393049019971,0.5095426127015465
4690,0.4711,3,6,3,596673,8937,98668,9288,0.08278372670347178,0.5096296296296297
4691,0.4712,9,15,9,596688,8922,98677,9279,0.08264478120715847,0.509807153453107
4692,0.4713,8,8,8,596696,8914,98685,9271,0.08257067694245804,0.5098157822381083
4693,0.4714,12,15,12,596711,8899,98697,9259,0.08243173144614473,0.5099129860116753
4694,0.4715,6,8,6,596719,8891,98703,9253,0.08235762718144429,0.5099757495590829
4695,0.4716,2,11,2,596730,8880,98705,9251,0.08225573381748119,0.510231095913077
4696,0.4717,3,12,3,596742,8868,98708,9248,0.08214457742043055,0.5104879664385074
4697,0.4718,5,6,5,596748,8862,98713,9243,0.08208899922190523,0.5105219552609777
4698,0.4719,6,11,6,596759,8851,98719,9237,0.08198710585794212,0.5106700574966829
4699,0.472,8,8,8,596767,8843,98727,9229,0.08191300159324169,0.5106795042054006
4700,0.4721,5,19,5,596786,8824,98732,9224,0.08173700396457816,0.5110815602836879
4701,0.4722,7,11,7,596797,8813,98739,9217,0.08163511060061507,0.5112035496394898
4702,0.4723,6,11,6,596808,8802,98745,9211,0.08153321723665197,0.5113529117859323
4703,0.4724,8,3,8,596811,8799,98753,9203,0.08150542813738931,0.5112209754471725
4704,0.4725,8,5,8,596816,8794,98761,9195,0.08145911297195153,0.5111457001500918
4705,0.4726,6,11,6,596827,8783,98767,9189,0.08135721960798845,0.5112953483196083
4706,0.4727,12,8,12,596835,8775,98779,9177,0.08128311534328801,0.5111965240641712
4707,0.4728,10,11,10,596846,8764,98789,9167,0.08118122197932491,0.5112375216106185
4708,0.4729,12,14,12,596860,8750,98801,9155,0.08105153951609916,0.5113096900307177
4709,0.473,6,8,6,596868,8742,98807,9149,0.08097743525139872,0.5113744340729975
4710,0.4731,9,7,9,596875,8735,98816,9140,0.08091259401978584,0.5113286713286713
4711,0.4732,3,11,3,596886,8724,98819,9137,0.08081070065582274,0.5115615027154135
4712,0.4733,8,11,8,596897,8713,98827,9129,0.08070880729185964,0.5116578858872324
4713,0.4734,8,6,8,596903,8707,98835,9121,0.08065322909333432,0.5116109490688804
4714,0.4735,4,4,4,596907,8703,98839,9117,0.08061617696098411,0.5116161616161616
4715,0.4736,7,8,7,596915,8695,98846,9110,0.08054207269628368,0.5116540297669194
4716,0.4737,3,10,3,596925,8685,98849,9107,0.08044944236540813,0.5118592625899281
4717,0.4738,14,8,14,596933,8677,98863,9093,0.0803753381007077,0.5117051209904333
4718,0.4739,11,11,11,596944,8666,98874,9082,0.0802734447367446,0.511719630380888
4719,0.474,6,11,6,596955,8655,98880,9076,0.08017155137278151,0.5118718628390954
4720,0.4741,6,7,6,596962,8648,98886,9070,0.08010671014116863,0.5119087933175301
4721,0.4742,10,9,10,596971,8639,98896,9060,0.08002334284338064,0.5118933273066275
4722,0.4743,16,9,16,596980,8630,98912,9044,0.07993997554559265,0.511712119497567
4723,0.4744,4,8,4,596988,8622,98916,9040,0.07986587128089222,0.5118333144604235
4724,0.4745,6,11,6,596999,8611,98922,9034,0.07976397791692912,0.5119863984131482
4725,0.4746,6,20,6,597019,8591,98928,9028,0.07957871725517804,0.5124013848686078
4726,0.4747,3,11,3,597030,8580,98931,9025,0.07947682389121494,0.5126384549843794
4727,0.4748,4,11,4,597041,8569,98935,9021,0.07937493052725185,0.5128482092097782
4728,0.4749,6,6,6,597047,8563,98941,9015,0.07931935232872651,0.5128569803163044
4729,0.475,6,4,6,597051,8559,98947,9009,0.0792823001963763,0.5128073770491803
4730,0.4751,8,8,8,597059,8551,98955,9001,0.07920819593167587,0.5128190519598906
4731,0.4752,7,11,7,597070,8540,98962,8994,0.07910630256771277,0.5129462758070036
4732,0.4753,5,7,5,597077,8533,98967,8989,0.07904146133609989,0.5130122132176692
4733,0.4754,1,6,1,597083,8527,98968,8988,0.07898588313757457,0.5131601484441907
4734,0.4755,6,9,6,597092,8518,98974,8982,0.07890251583978658,0.5132571428571429
4735,0.4756,13,9,13,597101,8509,98987,8969,0.07881914854199859,0.5131594003890605
4736,0.4757,8,11,8,597112,8498,98995,8961,0.0787172551780355,0.5132596368635088
4737,0.4758,5,7,5,597119,8491,99000,8956,0.07865241394642261,0.5133260732504156
4738,0.4759,3,9,3,597128,8482,99003,8953,0.07856904664863464,0.5135073128763981
4739,0.476,5,12,5,597140,8470,99008,8948,0.07845789025158398,0.5137214375932943
4740,0.4761,8,11,8,597151,8459,99016,8940,0.07835599688762088,0.513822633484683
4741,0.4762,4,8,4,597159,8451,99020,8936,0.07828189262292044,0.5139472019324783
4742,0.4763,9,10,9,597169,8441,99029,8927,0.07818926229204491,0.5139912482726854
4743,0.4764,7,12,7,597181,8429,99036,8920,0.07807810589499425,0.5141506715084443
4744,0.4765,9,8,9,597189,8421,99045,8911,0.07800400163029382,0.5141357027463651
4745,0.4766,5,10,5,597199,8411,99050,8906,0.07791137129941827,0.5142923139111856
4746,0.4767,8,15,8,597214,8396,99058,8898,0.07777242580310496,0.5145137041748583
4747,0.4768,5,10,5,597224,8386,99063,8893,0.07767979547222943,0.5146709879043926
4748,0.4769,3,14,3,597238,8372,99066,8890,0.07755011300900366,0.5150040551500406
4749,0.477,6,8,6,597246,8364,99072,8884,0.07747600874430323,0.515074211502783
4750,0.4771,13,8,13,597254,8356,99085,8871,0.0774019044796028,0.5149474661867998
4751,0.4772,11,9,11,597263,8347,99096,8860,0.07731853718181482,0.5149067240076713
4752,0.4773,10,15,10,597278,8332,99106,8850,0.0771795916855015,0.5150739145617507
4753,0.4774,12,9,12,597287,8323,99118,8838,0.07709622438771352,0.5150049530913117
4754,0.4775,9,5,9,597292,8318,99127,8829,0.07704990922227574,0.5149005656966233
4755,0.4776,9,9,9,597301,8309,99136,8820,0.07696654192448775,0.5149162239476911
4756,0.4777,10,9,10,597310,8300,99146,8810,0.07688317462669976,0.5149035651665692
4757,0.4778,6,13,6,597323,8287,99152,8804,0.07676275519656156,0.5151249195483003
4758,0.4779,6,12,6,597335,8275,99158,8798,0.07665159879951092,0.5153165817372459
4759,0.478,6,6,6,597341,8269,99164,8792,0.07659602060098558,0.5153273547857687
4760,0.4781,10,11,10,597352,8258,99174,8782,0.0764941272370225,0.51537558685446
4761,0.4782,2,7,2,597359,8251,99176,8780,0.07642928600540962,0.515530503200047
4762,0.4783,3,12,3,597371,8239,99179,8777,0.07631812960835896,0.5158086506817113
4763,0.4784,11,12,11,597383,8227,99190,8766,0.07620697321130832,0.5158594715471077
4764,0.4785,5,7,5,597390,8220,99195,8761,0.07614213197969544,0.515929568341087
4765,0.4786,2,7,2,597397,8213,99197,8759,0.07607729074808255,0.5160853169926939
4766,0.4787,8,8,8,597405,8205,99205,8751,0.07600318648338211,0.5161004953998585
4767,0.4788,5,8,5,597413,8197,99210,8746,0.07592908221868168,0.5162013811013398
4768,0.4789,11,5,11,597418,8192,99221,8735,0.07588276705324391,0.5160394635788976
4769,0.479,7,9,7,597427,8183,99228,8728,0.07579939975545592,0.5161137721009994
4770,0.4791,7,7,7,597434,8176,99235,8721,0.07573455852384305,0.5161271231579571
4771,0.4792,4,10,4,597444,8166,99239,8717,0.0756419281929675,0.5163181898951608
4772,0.4793,10,8,10,597452,8158,99249,8707,0.07556782392826707,0.5162763118885265
4773,0.4794,7,7,7,597459,8151,99256,8700,0.07550298269665419,0.516289834431191
4774,0.4795,11,12,11,597471,8139,99267,8689,0.07539182629960355,0.516341811266936
4775,0.4796,6,10,6,597481,8129,99273,8683,0.075299195968728,0.5164763264334998
4776,0.4797,5,12,5,597493,8117,99278,8678,0.07518803957167736,0.5167013992259601
4777,0.4798,6,6,6,597499,8111,99284,8672,0.07513246137315202,0.516713340880653
4778,0.4799,6,10,6,597509,8101,99290,8666,0.07503983104227649,0.5168485715989741
4779,0.48,9,9,9,597518,8092,99299,8657,0.0749564637444885,0.5168666786076781
4780,0.4801,7,14,7,597532,8078,99306,8650,0.07482678128126273,0.5170970827355332
4781,0.4802,5,14,5,597546,8064,99311,8645,0.07469709881803697,0.5173858399664851
4782,0.4803,7,11,7,597557,8053,99318,8638,0.07459520545407389,0.5175244143550416
4783,0.4804,8,11,8,597568,8042,99326,8630,0.07449331209011079,0.5176343570057581
4784,0.4805,4,11,4,597579,8031,99330,8626,0.07439141872614768,0.5178603590082248
4785,0.4806,10,7,10,597586,8024,99340,8616,0.0743265774945348,0.5177884615384616
4786,0.4807,7,9,7,597595,8015,99347,8609,0.07424321019674682,0.5178657362848893
4787,0.4808,9,10,9,597605,8005,99356,8600,0.07415057986587129,0.5179162902740139
4788,0.4809,12,5,12,597610,8000,99368,8588,0.0741042647004335,0.5177236556546901
4789,0.481,7,8,7,597618,7992,99375,8581,0.07403016043573307,0.5177698666505762
4790,0.4811,10,7,10,597625,7985,99385,8571,0.0739653192041202,0.517697511476202
4791,0.4812,9,12,9,597637,7973,99394,8562,0.07385416280706955,0.5178107045660719
4792,0.4813,9,6,9,597643,7967,99403,8553,0.07379858460854422,0.5177360774818401
4793,0.4814,11,12,11,597655,7955,99414,8542,0.07368742821149357,0.5177911135357944
4794,0.4815,3,8,3,597663,7947,99417,8539,0.07361332394679314,0.5179546281693558
4795,0.4816,5,9,5,597672,7938,99422,8534,0.07352995664900515,0.5180913064594463
4796,0.4817,7,9,7,597681,7929,99429,8527,0.07344658935121716,0.5181696645600389
4797,0.4818,3,4,3,597685,7925,99432,8524,0.07340953721886695,0.5182077937868563
4798,0.4819,6,13,6,597698,7912,99438,8518,0.07328911778872874,0.5184418746195983
4799,0.482,3,7,3,597705,7905,99441,8515,0.07322427655711586,0.5185749086479903
4800,0.4821,8,14,8,597719,7891,99449,8507,0.0730945940938901,0.5187827783876082
4801,0.4822,4,3,4,597722,7888,99453,8503,0.07306680499462744,0.5187602952839974
4802,0.4823,7,10,7,597732,7878,99460,8496,0.0729741746637519,0.5188713814584097
4803,0.4824,6,5,6,597737,7873,99466,8490,0.07292785949831412,0.5188535109698711
4804,0.4825,6,9,6,597746,7864,99472,8484,0.07284449220052613,0.5189625642280401
4805,0.4826,5,10,5,597756,7854,99477,8479,0.0727518618696506,0.5191330435315007
4806,0.4827,6,14,6,597770,7840,99483,8473,0.07262217940642483,0.5194017041623246
4807,0.4828,10,8,10,597778,7832,99493,8463,0.0725480751417244,0.519361767413317
4808,0.4829,9,10,9,597788,7822,99502,8454,0.07245544481084887,0.5194150897026296
4809,0.483,11,10,11,597798,7812,99513,8443,0.07236281447997332,0.5194094124884651
4810,0.4831,6,6,6,597804,7806,99519,8437,0.072307236281448,0.5194237517699932
4811,0.4832,2,8,2,597812,7798,99521,8435,0.07223313201674757,0.5196205260888314
4812,0.4833,4,8,4,597820,7790,99525,8431,0.07215902775204713,0.5197583379569694
4813,0.4834,8,6,8,597826,7784,99533,8423,0.07210344955352181,0.5197137039550811
4814,0.4835,5,7,5,597833,7777,99538,8418,0.07203860832190892,0.5197900586600803
4815,0.4836,8,8,8,597841,7769,99546,8410,0.07196450405720849,0.5198096297669819
4816,0.4837,9,6,9,597847,7763,99555,8401,0.07190892585868316,0.5197352140559267
4817,0.4838,6,4,6,597851,7759,99561,8395,0.07187187372633295,0.5196855268045066
4818,0.4839,4,12,4,597863,7747,99565,8391,0.0717607173292823,0.5199529061841616
4819,0.484,6,9,6,597872,7738,99571,8385,0.07167735003149431,0.5200645041245425
4820,0.4841,5,9,5,597881,7729,99576,8380,0.07159398273370632,0.5202060959711963
4821,0.4842,8,7,8,597888,7722,99584,8372,0.07152914150209344,0.5201938610662359
4822,0.4843,12,10,12,597898,7712,99596,8360,0.07143651117121791,0.5201592832254853
4823,0.4844,7,10,7,597908,7702,99603,8353,0.07134388084034236,0.5202740579258798
4824,0.4845,8,10,8,597918,7692,99611,8345,0.07125125050946682,0.5203591694207146
4825,0.4846,4,9,4,597927,7683,99615,8341,0.07116788321167883,0.5205317024463305
4826,0.4847,4,6,4,597933,7677,99619,8337,0.0711123050131535,0.5206069689022106
4827,0.4848,7,4,7,597937,7673,99626,8330,0.0710752528808033,0.5205274011122915
4828,0.4849,5,13,5,597950,7660,99631,8325,0.07095483345066508,0.5208007507037848
4829,0.485,4,13,4,597963,7647,99635,8321,0.07083441402052688,0.5211047094188377
4830,0.4851,8,4,8,597967,7643,99643,8313,0.07079736188817666,0.5209952369014791
4831,0.4852,8,10,8,597977,7633,99651,8305,0.07070473155730113,0.5210816915547748
4832,0.4853,6,5,6,597982,7628,99657,8299,0.07065841639186335,0.5210648584165254
4833,0.4854,8,11,8,597993,7617,99665,8291,0.07055652302790026,0.5211843097812422
4834,0.4855,9,8,9,598001,7609,99674,8282,0.07048241876319983,0.5211755081492668
4835,0.4856,7,4,7,598005,7605,99681,8275,0.0704453666308496,0.521095717884131
4836,0.4857,10,7,10,598012,7598,99691,8265,0.07038052539923673,0.5210237659963437
4837,0.4858,3,11,3,598023,7587,99694,8262,0.07027863203527362,0.5212947189097104
4838,0.4859,5,10,5,598033,7577,99699,8257,0.0701860017043981,0.5214727800934698
4839,0.486,8,5,8,598038,7572,99707,8249,0.07013968653896031,0.5213956134251944
4840,0.4861,7,10,7,598048,7562,99714,8242,0.07004705620808478,0.5215135408757277
4841,0.4862,7,10,7,598058,7552,99721,8235,0.06995442587720924,0.5216317223031608
4842,0.4863,5,11,5,598069,7541,99726,8230,0.06985253251324613,0.5218438906854352
4843,0.4864,10,10,10,598079,7531,99736,8220,0.06975990218237059,0.5218716271982732
4844,0.4865,11,13,11,598092,7518,99747,8209,0.06963948275223239,0.5219685890506772
4845,0.4866,10,11,10,598103,7507,99757,8199,0.06953758938826929,0.5220297975296065
4846,0.4867,4,9,4,598112,7498,99761,8195,0.06945422209048131,0.5222073535971452
4847,0.4868,4,7,4,598119,7491,99765,8191,0.06938938085886842,0.5223185818135442
4848,0.4869,10,5,10,598124,7486,99775,8181,0.06934306569343066,0.5221803791408693
4849,0.487,12,8,12,598132,7478,99787,8169,0.06926896142873022,0.5220809100786094
4850,0.4871,8,3,8,598135,7475,99795,8161,0.06924117232946755,0.5219365566641084
4851,0.4872,11,7,11,598142,7468,99806,8150,0.06917633109785468,0.5218337815341273
4852,0.4873,10,10,10,598152,7458,99816,8140,0.06908370076697914,0.5218617771509168
4853,0.4874,4,10,4,598162,7448,99820,8136,0.0689910704361036,0.5220739219712526
4854,0.4875,10,6,10,598168,7442,99830,8126,0.06893549223757828,0.5219681397738952
4855,0.4876,8,11,8,598179,7431,99838,8118,0.06883359887361518,0.5220914528265483
4856,0.4877,7,8,7,598187,7423,99845,8111,0.06875949460891474,0.5221449723187847
4857,0.4878,4,9,4,598196,7414,99849,8107,0.06867612731112675,0.5223245924875974
4858,0.4879,6,9,6,598205,7405,99855,8101,0.06859276001333876,0.5224429253192313
4859,0.488,6,8,6,598213,7397,99861,8095,0.06851865574863833,0.5225277562612961
4860,0.4881,6,10,6,598223,7387,99867,8089,0.0684260254177628,0.5226802791418972
4861,0.4882,2,14,2,598237,7373,99869,8087,0.06829634295453703,0.523091849935317
4862,0.4883,5,9,5,598246,7364,99874,8082,0.06821297565674904,0.523242263369157
4863,0.4884,10,6,10,598252,7358,99884,8072,0.06815739745822372,0.5231367465975373
4864,0.4885,10,9,10,598261,7349,99894,8062,0.06807403016043573,0.5231328272013497
4865,0.4886,3,6,3,598267,7343,99897,8059,0.0680184519619104,0.5232437345799247
4866,0.4887,10,8,10,598275,7335,99907,8049,0.06794434769720997,0.5232059282371295
4867,0.4888,10,6,10,598281,7329,99917,8039,0.06788876949868465,0.5230999479437792
4868,0.4889,6,9,6,598290,7320,99923,8033,0.06780540220089666,0.5232202175470592
4869,0.489,6,10,6,598300,7310,99929,8027,0.06771277187002112,0.5233748451457261
4870,0.4891,10,7,10,598307,7303,99939,8017,0.06764793063840824,0.5233028720626632
4871,0.4892,8,8,8,598315,7295,99947,8009,0.0675738263737078,0.5233272347098797
4872,0.4893,7,8,7,598323,7287,99954,8002,0.06749972210900737,0.5233828242527307
4873,0.4894,4,4,4,598327,7283,99958,7998,0.06746266997665716,0.5233950657679471
4874,0.4895,6,8,6,598335,7275,99964,7992,0.06738856571195673,0.5234820200432305
4875,0.4896,2,7,2,598342,7268,99966,7990,0.06732372448034385,0.5236597194914143
4876,0.4897,4,7,4,598349,7261,99970,7986,0.06725888324873096,0.5237751688856824
4877,0.4898,11,10,11,598359,7251,99981,7975,0.06716625291785543,0.5237751215026928
4878,0.4899,10,11,10,598370,7240,99991,7965,0.06706435955389232,0.5238408418283459
4879,0.49,10,7,10,598377,7233,100001,7955,0.06699951832227945,0.5237687648143271
4880,0.4901,9,5,9,598382,7228,100010,7946,0.06695320315684168,0.5236588902069329
4881,0.4902,7,2,7,598384,7226,100017,7939,0.06693467709066657,0.5235080778107485
4882,0.4903,7,6,7,598390,7220,100024,7932,0.06687909889214125,0.5234952481520592
4883,0.4904,5,12,5,598402,7208,100029,7927,0.06676794249509059,0.5237528906508094
4884,0.4905,7,6,7,598408,7202,100036,7920,0.06671236429656527,0.5237402459992064
4885,0.4906,7,9,7,598417,7193,100043,7913,0.06662899699877728,0.5238315900966504
4886,0.4907,6,6,6,598423,7187,100049,7907,0.06657341880025196,0.5238505366370744
4887,0.4908,6,6,6,598429,7181,100055,7901,0.06651784060172664,0.5238695133271449
4888,0.4909,9,5,9,598434,7176,100064,7892,0.06647152543628886,0.5237589593841253
4889,0.491,14,6,14,598440,7170,100078,7878,0.06641594723776353,0.523524720893142
4890,0.4911,8,11,8,598451,7159,100086,7870,0.06631405387380043,0.5236542684143989
4891,0.4912,9,8,9,598459,7151,100095,7861,0.0662399496091,0.5236477484678923
4892,0.4913,8,8,8,598467,7143,100103,7853,0.06616584534439957,0.5236729794611896
4893,0.4914,9,6,9,598473,7137,100112,7844,0.06611026714587424,0.5235965556371404
4894,0.4915,2,10,2,598483,7127,100114,7842,0.0660176368149987,0.5238826908945153
4895,0.4916,6,3,6,598486,7124,100120,7836,0.06598984771573604,0.5237967914438503
4896,0.4917,9,4,9,598490,7120,100129,7827,0.06595279558338582,0.5236502308155483
4897,0.4918,3,8,3,598498,7112,100132,7824,0.06587869131868539,0.5238350294590252
4898,0.4919,13,3,13,598501,7109,100145,7811,0.06585090221942273,0.5235254691689009
4899,0.492,6,10,6,598511,7099,100151,7805,0.06575827188854719,0.5236849168008588
4900,0.4921,9,11,9,598522,7088,100160,7796,0.06565637852458409,0.5237839290513303
4901,0.4922,6,8,6,598530,7080,100166,7790,0.06558227425988365,0.5238735709482178
4902,0.4923,4,14,4,598544,7066,100170,7786,0.0654525917966579,0.52423915970913
4903,0.4924,6,10,6,598554,7056,100176,7780,0.06535996146578235,0.5244001078457805
4904,0.4925,10,5,10,598559,7051,100186,7770,0.06531364630034459,0.5242561230686189
4905,0.4926,6,10,6,598569,7041,100192,7764,0.06522101596946904,0.5244174265450862
4906,0.4927,7,10,7,598579,7031,100199,7757,0.0651283856385935,0.5245469299431972
4907,0.4928,7,7,7,598586,7024,100206,7750,0.06506354440698062,0.524570190875863
4908,0.4929,10,8,10,598594,7016,100216,7740,0.06498944014228018,0.5245323936026023
4909,0.493,10,10,10,598604,7006,100226,7730,0.06489680981140465,0.5245656894679696
4910,0.4931,11,7,11,598611,6999,100237,7719,0.06483196857979177,0.5244598450876478
4911,0.4932,6,5,6,598616,6994,100243,7713,0.064785653414354,0.5244441422451893
4912,0.4933,7,10,7,598626,6984,100250,7706,0.06469302308347845,0.5245745405037441
4913,0.4934,10,7,10,598633,6977,100260,7696,0.06462818185186557,0.5245007837524706
4914,0.4935,7,10,7,598643,6967,100267,7689,0.06453555152099004,0.5246315502183406
4915,0.4936,7,10,7,598653,6957,100274,7682,0.0644429211901145,0.5247626203975682
4916,0.4937,5,3,5,598656,6954,100279,7677,0.06441513209085183,0.5247078121796186
4917,0.4938,6,12,6,598668,6942,100285,7671,0.06430397569380118,0.5249435434202423
4918,0.4939,6,6,6,598674,6936,100291,7665,0.06424839749527585,0.5249640435586603
4919,0.494,6,10,6,598684,6926,100297,7659,0.06415576716440032,0.5251285567363729
4920,0.4941,6,6,6,598690,6920,100303,7653,0.06410018896587498,0.525149248610444
4921,0.4942,5,10,5,598700,6910,100308,7648,0.06400755863499945,0.5253468883088336
4922,0.4943,4,7,4,598707,6903,100312,7644,0.06394271740338657,0.5254691689008043
4923,0.4944,9,6,9,598713,6897,100321,7635,0.06388713920486123,0.5253922378199835
4924,0.4945,10,2,10,598715,6895,100331,7625,0.06386861313868614,0.525137741046832
4925,0.4946,12,7,12,598722,6888,100343,7613,0.06380377190707326,0.5249982759809668
4926,0.4947,3,11,3,598733,6877,100346,7610,0.06370187854311016,0.5252985435217782
4927,0.4948,1,2,1,598735,6875,100347,7609,0.06368335247693505,0.5253383043358189
4928,0.4949,3,6,3,598741,6869,100350,7606,0.06362777427840972,0.5254576856649396
4929,0.495,8,8,8,598749,6861,100358,7598,0.06355367001370929,0.5254858565599281
4930,0.4951,4,12,4,598761,6849,100362,7594,0.06344251361665863,0.5257910406425258
4931,0.4952,6,7,6,598768,6842,100368,7588,0.06337767238504576,0.5258489258489258
4932,0.4953,9,9,9,598777,6833,100377,7579,0.06329430508725777,0.5258812101026922
4933,0.4954,5,10,5,598787,6823,100382,7574,0.06320167475638223,0.5260818226019309
4934,0.4955,8,8,8,598795,6815,100390,7566,0.0631275704916818,0.5261108406925805
4935,0.4956,10,10,10,598805,6805,100400,7556,0.06303494016080625,0.5261472042336884
4936,0.4957,9,10,9,598815,6795,100409,7547,0.06294230982993071,0.52621670617766
4937,0.4958,6,4,6,598819,6791,100415,7541,0.0629052576975805,0.5261652246720625
4938,0.4959,10,11,10,598830,6780,100425,7531,0.0628033643336174,0.5262385577527776
4939,0.496,7,10,7,598840,6770,100432,7524,0.06271073400274185,0.52637470267245
4940,0.4961,5,2,5,598842,6768,100437,7519,0.06269220793656675,0.5262826345628894
4941,0.4962,4,3,4,598845,6765,100441,7515,0.06266441883730409,0.5262605042016807
4942,0.4963,8,6,8,598851,6759,100449,7507,0.06260884063877876,0.52621617832609
4943,0.4964,4,8,4,598859,6751,100453,7503,0.06253473637407833,0.5263785604040971
4944,0.4965,9,7,9,598866,6744,100462,7494,0.06246989514246545,0.5263379688158449
4945,0.4966,8,7,8,598873,6737,100470,7486,0.06240505391085257,0.5263305912957885
4946,0.4967,9,8,9,598881,6729,100479,7477,0.062330949646152135,0.5263269041250176
4947,0.4968,6,6,6,598887,6723,100485,7471,0.062275371447626814,0.5263491616175849
4948,0.4969,5,8,5,598895,6715,100490,7466,0.06220126718292638,0.5264790917424723
4949,0.497,8,6,8,598901,6709,100498,7458,0.06214568898440105,0.5264346721253618
4950,0.4971,7,5,7,598906,6704,100505,7451,0.06209937381896328,0.5263864358883786
4951,0.4972,4,13,4,598919,6691,100509,7447,0.06197895438882508,0.5267364549441222
4952,0.4973,5,7,5,598926,6684,100514,7442,0.061914113157212194,0.52682995894096
4953,0.4974,7,8,7,598934,6676,100521,7435,0.06184000889251176,0.5268939125504926
4954,0.4975,8,13,8,598947,6663,100529,7427,0.06171958946237356,0.527111426543648
4955,0.4976,11,7,11,598954,6656,100540,7416,0.061654748230760684,0.527003979533826
4956,0.4977,6,7,6,598961,6649,100546,7410,0.0615899069991478,0.5270645138345543
4957,0.4978,2,5,2,598966,6644,100548,7408,0.06154359183371003,0.5271847423854256
4958,0.4979,6,6,6,598972,6638,100554,7402,0.061488013635184705,0.5272079772079772
4959,0.498,7,6,7,598978,6632,100561,7395,0.06143243543665938,0.5271975475867969
4960,0.4981,8,10,8,598988,6622,100569,7387,0.06133980510578384,0.5273038760796631
4961,0.4982,3,3,3,598991,6619,100572,7384,0.061312016006521176,0.5273155752338785
4962,0.4983,5,12,5,599003,6607,100577,7379,0.061200859609470526,0.5275990275990275
4963,0.4984,5,4,5,599007,6603,100582,7374,0.06116380747712031,0.5275810259712385
4964,0.4985,6,10,6,599017,6593,100588,7368,0.061071177146244764,0.52775589141179
4965,0.4986,8,4,8,599021,6589,100596,7360,0.06103412501389455,0.5276363897053552
4966,0.4987,6,3,6,599024,6586,100602,7354,0.061006335914631886,0.5275466284074606
4967,0.4988,9,7,9,599031,6579,100611,7345,0.06094149468301901,0.5275064636598679
4968,0.4989,10,10,10,599041,6569,100621,7335,0.06084886435214346,0.5275460299194477
4969,0.499,7,9,7,599050,6560,100628,7328,0.06076549705435548,0.5276497695852534
4970,0.4991,0,4,0,599054,6556,100628,7328,0.06072844492200526,0.5278017862287525
4971,0.4992,5,5,5,599059,6551,100633,7323,0.06068212975656749,0.5278218249963962
4972,0.4993,12,8,12,599067,6543,100645,7311,0.06060802549186706,0.5277176266782156
4973,0.4994,5,5,5,599072,6538,100650,7306,0.060561710326429284,0.52773764807859
4974,0.4995,5,9,5,599081,6529,100655,7301,0.0604783430286413,0.5279103398409255
4975,0.4996,7,11,7,599092,6518,100662,7294,0.0603764496646782,0.5280915146249638
4976,0.4997,7,7,7,599099,6511,100669,7287,0.06031160843306532,0.5281200173938252
4977,0.4998,6,5,6,599104,6506,100675,7281,0.06026529326762755,0.528106186987742
4978,0.4999,7,11,7,599115,6495,100682,7274,0.060163399903664455,0.5282881836008425
4979,0.5,3,8,3,599123,6487,100685,7271,0.06008929563896402,0.5284925134467219
4980,0.5001,7,6,7,599129,6481,100692,7264,0.0600337174404387,0.5284830847580938
4981,0.5002,2,3,2,599132,6478,100694,7262,0.06000592834117603,0.5285298398835516
4982,0.5003,8,12,8,599144,6466,100702,7254,0.05989477194412538,0.5287172011661807
4983,0.5004,4,10,4,599154,6456,100706,7250,0.05980214161324984,0.528965416605866
4984,0.5005,7,10,7,599164,6446,100713,7243,0.0597095112823743,0.5291109650084009
4985,0.5006,4,6,4,599170,6440,100717,7239,0.059653933083848976,0.5292053512683675
4986,0.5007,5,6,5,599176,6434,100722,7234,0.05959835488532365,0.5292654375182909
4987,0.5008,9,4,9,599180,6430,100731,7225,0.05956130275297344,0.5291102160380813
4988,0.5009,9,1,9,599181,6429,100740,7216,0.05955203971988588,0.5288384023451814
4989,0.501,9,7,9,599188,6422,100749,7207,0.059487198488273,0.5287988847310882
4990,0.5011,3,11,3,599199,6411,100752,7204,0.0593853051243099,0.5291222915901579
4991,0.5012,6,7,6,599206,6404,100758,7198,0.059320463892697024,0.5291868842817232
4992,0.5013,7,9,7,599215,6395,100765,7191,0.059237096594909035,0.52929486235831
4993,0.5014,5,5,5,599220,6390,100770,7186,0.05919078142947127,0.5293164407778432
4994,0.5015,5,7,5,599227,6383,100775,7181,0.059125940197858384,0.5294161014450015
4995,0.5016,9,12,9,599239,6371,100784,7172,0.059014783800807734,0.5295724728642103
4996,0.5017,3,6,3,599245,6365,100787,7169,0.05895920560228241,0.5297029702970297
4997,0.5018,3,5,3,599250,6360,100790,7166,0.05891289043684464,0.5297944699098034
4998,0.5019,7,8,7,599258,6352,100797,7159,0.058838786172144206,0.5298645548071942
4999,0.502,5,9,5,599267,6343,100802,7154,0.058755418874356216,0.5300437134177965
5000,0.5021,6,7,6,599274,6336,100808,7148,0.05869057764274334,0.530109759715218
5001,0.5022,6,7,6,599281,6329,100814,7142,0.05862573641113046,0.5301759334867493
5002,0.5023,6,14,6,599295,6315,100820,7136,0.058496053947904705,0.5305181770872054
5003,0.5024,4,9,4,599304,6306,100824,7132,0.058412686650116716,0.5307337401399018
5004,0.5025,9,6,9,599310,6300,100833,7123,0.05835710845159139,0.5306563361394622
5005,0.5026,9,9,9,599319,6291,100842,7114,0.058273741153803404,0.5306975009324879
5006,0.5027,4,6,4,599325,6285,100846,7110,0.058218162955278076,0.5307950727883539
5007,0.5028,10,5,10,599330,6280,100856,7100,0.0581718477898403,0.5306427503736921
5008,0.5029,7,7,7,599337,6273,100863,7093,0.058107006558227425,0.5306748466257669
5009,0.503,9,5,9,599342,6268,100872,7084,0.05806069139278965,0.530557219892151
5010,0.5031,6,3,6,599345,6265,100878,7078,0.05803290229352699,0.5304654125758825
5011,0.5032,5,4,5,599349,6261,100883,7073,0.057995850161176775,0.5304484775761212
5012,0.5033,9,9,9,599358,6252,100892,7064,0.057912482863388785,0.5304896365274857
5013,0.5034,8,4,8,599362,6248,100900,7056,0.05787543073103857,0.5303668069753458
5014,0.5035,3,2,3,599364,6246,100903,7053,0.057856904664863464,0.5303406271148207
5015,0.5036,5,12,5,599376,6234,100908,7048,0.05774574826781281,0.5306429754555037
5016,0.5037,4,9,4,599385,6225,100912,7044,0.057662380970024824,0.5308614062853267
5017,0.5038,4,5,4,599390,6220,100916,7040,0.05761606580458705,0.530920060331825
5018,0.5039,6,5,6,599395,6215,100922,7034,0.057569750639149285,0.5309079930560797
5019,0.504,7,3,7,599398,6212,100929,7027,0.05754196153988662,0.5307802704131732
5020,0.5041,8,6,8,599404,6206,100937,7019,0.057486383341361295,0.5307372400756144
5021,0.5042,5,11,5,599415,6195,100942,7014,0.0573844899773982,0.5310015898251192
5022,0.5043,5,8,5,599423,6187,100947,7009,0.05731038571269777,0.5311458017581085
5023,0.5044,8,6,8,599429,6181,100955,7001,0.05725480751417244,0.5311030192686997
5024,0.5045,8,3,8,599432,6178,100963,6993,0.05722701841490978,0.5309391845721662
5025,0.5046,7,8,7,599440,6170,100970,6986,0.057152914150209344,0.5310124657950744
5026,0.5047,6,7,6,599447,6163,100976,6980,0.057088072918596466,0.531081183900175
5027,0.5048,6,8,6,599455,6155,100982,6974,0.05701396865389603,0.5311904943255389
5028,0.5049,2,9,2,599464,6146,100984,6972,0.05693060135610804,0.5314834578441836
5029,0.505,6,14,6,599478,6132,100990,6966,0.05680091889288229,0.5318369216674301
5030,0.5051,4,3,4,599481,6129,100994,6962,0.05677312979361962,0.531815751279505
5031,0.5052,12,8,12,599489,6121,101006,6950,0.056699025528919186,0.531711422232423
5032,0.5053,7,4,7,599493,6117,101013,6943,0.05666197339656897,0.5316232771822358
5033,0.5054,8,11,8,599504,6106,101021,6935,0.056560080032605875,0.5317843723640825
5034,0.5055,7,8,7,599512,6098,101028,6928,0.05648597576790544,0.5318593582066636
5035,0.5056,5,12,5,599524,6086,101033,6923,0.05637481937085479,0.5321700361288338
5036,0.5057,6,7,6,599531,6079,101039,6917,0.05630997813924191,0.5322406894429055
5037,0.5058,0,8,0,599539,6071,101039,6917,0.05623587387454148,0.5325685247921158
5038,0.5059,7,7,7,599546,6064,101046,6910,0.0561710326429286,0.532603668876214
5039,0.506,11,7,11,599553,6057,101057,6899,0.056106191411315724,0.5324945970978697
5040,0.5061,5,4,5,599557,6053,101062,6894,0.05606913927896551,0.5324785664632733
5041,0.5062,6,10,6,599567,6043,101068,6888,0.05597650894808996,0.5326734204624546
5042,0.5063,5,4,5,599571,6039,101073,6883,0.055939456815739745,0.5326574833617087
5043,0.5064,9,14,9,599585,6025,101082,6874,0.05580977435251399,0.5329095278703776
5044,0.5065,7,11,7,599596,6014,101089,6867,0.05570788098855089,0.5331107833242761
5045,0.5066,10,6,10,599602,6008,101099,6857,0.055652302790025567,0.5329965021375825
5046,0.5067,7,3,7,599605,6005,101106,6850,0.055624513690762906,0.5328665888759238
5047,0.5068,2,6,2,599611,5999,101108,6848,0.05556893549223758,0.5330427337121507
5048,0.5069,5,4,5,599615,5995,101113,6843,0.05553188335988736,0.5330269512385106
5049,0.507,0,10,0,599625,5985,101113,6843,0.05543925302901182,0.5334424695977549
5050,0.5071,6,12,6,599637,5973,101119,6837,0.05532809663196117,0.5337236533957845
5051,0.5072,7,5,7,599642,5968,101126,6830,0.0552817814665234,0.5336771370526645
5052,0.5073,6,8,6,599650,5960,101132,6824,0.055207677201822965,0.5337922403003754
5053,0.5074,6,5,6,599655,5955,101138,6818,0.05516136203638519,0.5337821968214201
5054,0.5075,16,8,16,599663,5947,101154,6802,0.05508725777168476,0.533532041728763
5055,0.5076,8,9,8,599672,5938,101162,6794,0.055003890473896776,0.5336160854539742
5056,0.5077,7,10,7,599682,5928,101169,6787,0.05491126014302123,0.533779001179709
5057,0.5078,4,11,4,599693,5917,101173,6783,0.054809366779058136,0.5340944881889764
5058,0.5079,7,8,7,599701,5909,101180,6776,0.0547352625143577,0.5341742215214821
5059,0.508,5,4,5,599705,5905,101185,6771,0.054698210382007485,0.5341590407068476
5060,0.5081,8,7,8,599712,5898,101193,6763,0.05463336915039461,0.5341600189558486
5061,0.5082,8,1,8,599713,5897,101201,6755,0.05462410611730705,0.5339076825798292
5062,0.5083,5,6,5,599719,5891,101206,6750,0.05456852791878172,0.5339767423463334
5063,0.5084,7,6,7,599725,5885,101213,6743,0.0545129497202564,0.5339721254355401
5064,0.5085,5,6,5,599731,5879,101218,6738,0.05445737152173107,0.5340413727510501
5065,0.5086,5,5,5,599736,5874,101223,6733,0.05441105635629331,0.5340683747124614
5066,0.5087,9,9,9,599745,5865,101232,6724,0.05432768905850532,0.534117086345222
5067,0.5088,3,1,3,599746,5864,101235,6721,0.05431842602541776,0.5340484704012713
5068,0.5089,5,4,5,599750,5860,101240,6716,0.054281373893067544,0.5340330788804071
5069,0.509,3,7,3,599757,5853,101243,6713,0.05421653266145467,0.5342193219799459
5070,0.5091,6,7,6,599764,5846,101249,6707,0.05415169142984179,0.534294590934438
5071,0.5092,5,5,5,599769,5841,101254,6702,0.054105376264404016,0.5343219325520211
5072,0.5093,3,5,3,599774,5836,101257,6699,0.05405906109896624,0.5344236138811328
5073,0.5094,5,7,5,599781,5829,101262,6694,0.053994219867353366,0.534536452926615
5074,0.5095,4,2,4,599783,5827,101266,6690,0.05397569380117826,0.5344731165614764
5075,0.5096,2,7,2,599790,5820,101268,6688,0.053910852569565376,0.5346977934122161
5076,0.5097,4,9,4,599799,5811,101272,6684,0.053827485271777394,0.5349339735894357
5077,0.5098,6,5,6,599804,5806,101278,6678,0.05378117010633962,0.5349247036206344
5078,0.5099,4,8,4,599812,5798,101282,6674,0.05370706584163919,0.5351186658114175
5079,0.51,8,3,8,599815,5795,101290,6666,0.053679276742376526,0.5349490410079448
5080,0.5101,7,9,7,599824,5786,101297,6659,0.05359590944458854,0.5350743270389715
5081,0.5102,3,7,3,599831,5779,101300,6656,0.05353106821297566,0.5352633695215119
5082,0.5103,6,9,6,599840,5770,101306,6650,0.05344770091518767,0.535426731078905
5083,0.5104,3,8,3,599848,5762,101309,6647,0.053373596650487236,0.5356596019018455
5084,0.5105,11,4,11,599852,5758,101320,6636,0.05333654451813702,0.5354203646925932
5085,0.5106,10,7,10,599859,5751,101330,6626,0.05327170328652414,0.5353478225741294
5086,0.5107,7,9,7,599868,5742,101337,6619,0.05318833598873615,0.5354744761750667
5087,0.5108,10,5,10,599873,5737,101347,6609,0.05314202082329838,0.535315081807873
5088,0.5109,12,4,12,599877,5733,101359,6597,0.05310496869094816,0.535036496350365
5089,0.511,6,4,6,599881,5729,101365,6591,0.053067916558597945,0.5349837662337662
5090,0.5111,9,8,9,599889,5721,101374,6582,0.05299381229389751,0.5349914654962205
5091,0.5112,7,4,7,599893,5717,101381,6575,0.052956760161547295,0.5349007484542792
5092,0.5113,5,10,5,599903,5707,101386,6570,0.052864129830671756,0.5351470228883277
5093,0.5114,5,5,5,599908,5702,101391,6565,0.052817814665233984,0.5351756745740605
5094,0.5115,5,6,5,599914,5696,101396,6560,0.05276223646670866,0.5352480417754569
5095,0.5116,4,6,4,599920,5690,101400,6556,0.05270665826818333,0.5353584844030704
5096,0.5117,5,8,5,599928,5682,101405,6551,0.0526325540034829,0.5355186789830786
5097,0.5118,4,4,4,599932,5678,101409,6547,0.05259550187113268,0.5355419222903886
5098,0.5119,8,6,8,599938,5672,101417,6539,0.05253992367260736,0.5355007779870609
5099,0.512,8,10,8,599948,5662,101425,6531,0.052447293341731815,0.5356352005248913
5100,0.5121,8,4,8,599952,5658,101433,6523,0.0524102412093816,0.5355061160824235
5101,0.5122,8,5,8,599957,5653,101441,6515,0.052363926043943826,0.5354207758053912
5102,0.5123,4,7,4,599964,5646,101445,6511,0.05229908481233095,0.5355762112363247
5103,0.5124,6,11,6,599975,5635,101451,6505,0.052197191448367854,0.535831960461285
5104,0.5125,9,8,9,599983,5627,101460,6496,0.05212308718366742,0.53584096345789
5105,0.5126,5,3,5,599986,5624,101465,6491,0.05209529808440476,0.5357820883202641
5106,0.5127,7,3,7,599989,5621,101472,6484,0.0520675089851421,0.5356464270962412
5107,0.5128,1,10,1,599999,5611,101473,6483,0.05197487865426655,0.5360509343476104
5108,0.5129,6,8,6,600007,5603,101479,6477,0.05190077438956612,0.5361754966887418
5109,0.513,5,3,5,600010,5600,101484,6472,0.05187298529030346,0.5361166335321405
5110,0.5131,6,9,6,600019,5591,101490,6466,0.05178961799251547,0.5362859749523099
5111,0.5132,4,7,4,600026,5584,101494,6462,0.05172477676090259,0.5364436327411589
5112,0.5133,5,7,5,600033,5577,101499,6457,0.05165993552928971,0.5365630712979891
5113,0.5134,5,8,5,600041,5569,101504,6452,0.05158583126458928,0.5367273937276433
5114,0.5135,2,9,2,600050,5560,101506,6450,0.05150246396680129,0.537052456286428
5115,0.5136,5,6,5,600056,5554,101511,6445,0.05144688576827596,0.537128094007834
5116,0.5137,3,7,3,600063,5547,101514,6442,0.051382044536663084,0.5373258820585537
5117,0.5138,7,4,7,600067,5543,101521,6435,0.05134499240431287,0.5372349307062949
5118,0.5139,8,15,8,600082,5528,101529,6427,0.051206046907999556,0.5375993308239231
5119,0.514,3,6,3,600088,5522,101532,6424,0.05115046870947423,0.5377532228360957
5120,0.5141,2,5,2,600093,5517,101534,6422,0.05110415354403646,0.5379009967333948
5121,0.5142,2,9,2,600102,5508,101536,6420,0.05102078624624847,0.5382293762575453
5122,0.5143,6,8,6,600110,5500,101542,6414,0.05094668198154804,0.5383582340104079
5123,0.5144,6,9,6,600119,5491,101548,6408,0.05086331468376005,0.5385326498025044
5124,0.5145,2,7,2,600126,5484,101550,6406,0.05079847345214717,0.5387720773759461
5125,0.5146,5,10,5,600136,5474,101555,6401,0.05070584312127163,0.5390315789473684
5126,0.5147,7,5,7,600141,5469,101562,6394,0.05065952795583386,0.5389867655736323
5127,0.5148,4,5,4,600146,5464,101566,6390,0.05061321279039609,0.539058545638603
5128,0.5149,9,11,9,600157,5453,101575,6381,0.05051131942643299,0.5392090586445833
5129,0.515,8,14,8,600171,5439,101583,6373,0.05038163696320723,0.5395360650186252
5130,0.5151,5,4,5,600175,5435,101588,6368,0.05034458483085701,0.5395238498686774
5131,0.5152,9,6,9,600181,5429,101597,6359,0.05028900663233169,0.5394468951476077
5132,0.5153,7,3,7,600184,5426,101604,6352,0.05026121753306903,0.5393105790456784
5133,0.5154,7,3,7,600187,5423,101611,6345,0.05023342843380636,0.5391740312712441
5134,0.5155,4,11,4,600198,5412,101615,6341,0.05013153506984327,0.539521824215094
5135,0.5156,7,4,7,600202,5408,101622,6334,0.05009448293749305,0.5394311020269119
5136,0.5157,8,7,8,600209,5401,101630,6326,0.05002964170588017,0.5394389016798841
5137,0.5158,9,7,9,600216,5394,101639,6317,0.049964800474267296,0.539407394757066
5138,0.5159,2,8,2,600224,5386,101641,6315,0.04989069620956686,0.5396974617554056
5139,0.516,4,5,4,600229,5381,101645,6311,0.04984438104412909,0.5397707834416695
5140,0.5161,3,6,3,600235,5375,101648,6308,0.04978880284560377,0.5399298125481469
5141,0.5162,6,8,6,600243,5367,101654,6302,0.049714698580903334,0.5400634158882509
5142,0.5163,3,3,3,600246,5364,101657,6299,0.049686909481640666,0.5400840264082998
5143,0.5164,7,7,7,600253,5357,101664,6292,0.04962206825002779,0.5401322001888574
5144,0.5165,5,7,5,600260,5350,101669,6287,0.04955722701841491,0.540259517057661
5145,0.5166,6,7,6,600267,5343,101675,6281,0.04949238578680203,0.5403475567790778
5146,0.5167,4,8,4,600275,5335,101679,6277,0.0494182815221016,0.5405614881157423
5147,0.5168,7,3,7,600278,5332,101686,6270,0.04939049242283893,0.5404240648164109
5148,0.5169,2,6,2,600284,5326,101688,6268,0.04933491422431361,0.5406244609280663
5149,0.517,7,3,7,600287,5323,101695,6261,0.04930712512505095,0.5404868784530387
5150,0.5171,4,14,4,600301,5309,101699,6257,0.04917744266182519,0.5409821891751686
5151,0.5172,6,7,6,600308,5302,101705,6251,0.04911260143021231,0.5410715831385787
5152,0.5173,3,9,3,600317,5293,101708,6248,0.04902923413242432,0.5413742310025128
5153,0.5174,8,10,8,600327,5283,101716,6240,0.04893660380154878,0.541525644363447
5154,0.5175,7,3,7,600330,5280,101723,6233,0.04890881470228612,0.5413879961782333
5155,0.5176,8,6,8,600336,5274,101731,6225,0.04885323650376079,0.5413514218627706
5156,0.5177,6,6,6,600342,5268,101737,6219,0.04879765830523547,0.5413946200052233
5157,0.5178,5,6,5,600348,5262,101742,6214,0.04874208010671014,0.5414778668525618
5158,0.5179,4,4,4,600352,5258,101746,6210,0.048705027974359924,0.5415068015347053
5159,0.518,7,7,7,600359,5251,101753,6203,0.048640186742747046,0.5415575344857692
5160,0.5181,8,5,8,600364,5246,101761,6195,0.048593871577309274,0.5414736474084433
5161,0.5182,6,3,6,600367,5243,101767,6189,0.04856608247804661,0.5413750874737578
5162,0.5183,7,8,7,600375,5235,101774,6182,0.04849197821334618,0.5414732416571779
5163,0.5184,8,4,8,600379,5231,101782,6174,0.04845492608099596,0.541341516878562
5164,0.5185,6,6,6,600385,5225,101788,6168,0.048399347882470634,0.5413850610023698
5165,0.5186,7,3,7,600388,5222,101795,6161,0.04837155878320797,0.5412457172977246
5166,0.5187,11,9,11,600397,5213,101806,6150,0.04828819148541998,0.5412303088972983
5167,0.5188,6,6,6,600403,5207,101812,6144,0.04823261328689466,0.5412738965729892
5168,0.5189,6,2,6,600405,5205,101818,6138,0.04821408722071955,0.5411266860618884
5169,0.519,5,5,5,600410,5200,101823,6133,0.048167772055281784,0.5411629753816288
5170,0.5191,6,7,6,600417,5193,101829,6127,0.0481029308236689,0.5412544169611307
5171,0.5192,7,3,7,600420,5190,101836,6120,0.04807514172440624,0.5411140583554377
5172,0.5193,5,3,5,600423,5187,101841,6115,0.04804735262514358,0.5410546805875066
5173,0.5194,7,7,7,600430,5180,101848,6108,0.0479825113935307,0.5411055988660525
5174,0.5195,8,3,8,600433,5177,101856,6100,0.04795472229426803,0.5409240046111554
5175,0.5196,5,4,5,600437,5173,101861,6095,0.047917670161917815,0.5409123180688676
5176,0.5197,5,7,5,600444,5166,101866,6090,0.04785282893030494,0.5410447761194029
5177,0.5198,6,5,6,600449,5161,101872,6084,0.04780651376486717,0.5410404624277456
5178,0.5199,9,8,9,600457,5153,101881,6075,0.04773240950016674,0.541058069112932
5179,0.52,4,6,4,600463,5147,101885,6071,0.04767683130164141,0.5411838117311464
5180,0.5201,4,3,4,600466,5144,101889,6067,0.04764904220237875,0.5411649273035412
5181,0.5202,8,1,8,600467,5143,101897,6059,0.04763977916929119,0.5408855561506873
5182,0.5203,5,4,5,600471,5139,101902,6054,0.047602727036940976,0.5408737603859555
5183,0.5204,4,4,4,600475,5135,101906,6050,0.04756567490459076,0.5409029950827
5184,0.5205,5,10,5,600485,5125,101911,6045,0.04747304457371522,0.5411817367949866
5185,0.5206,5,6,5,600491,5119,101916,6040,0.04741746637518989,0.541267138632494
5186,0.5207,10,9,10,600500,5110,101926,6030,0.0473340990774019,0.5412926391382405
5187,0.5208,5,6,5,600506,5104,101931,6025,0.04727852087887658,0.5413783808069009
5188,0.5209,4,7,4,600513,5097,101935,6021,0.0472136796472637,0.5415542363734485
5189,0.521,3,4,3,600517,5093,101938,6018,0.047176627514913486,0.5416254162541625
5190,0.5211,4,1,4,600518,5092,101942,6014,0.04716736448182593,0.5415090941833244
5191,0.5212,7,2,7,600520,5090,101949,6007,0.04714883841565082,0.5413174731909525
5192,0.5213,6,3,6,600523,5087,101955,6001,0.04712104931638816,0.5412157287157288
5193,0.5214,1,6,1,600529,5081,101956,6000,0.047065471117862835,0.5414673765905604
5194,0.5215,7,8,7,600537,5073,101963,5993,0.0469913668531624,0.541568769202964
5195,0.5216,3,5,3,600542,5068,101966,5990,0.04694505168772463,0.5416892747332248
5196,0.5217,7,9,7,600551,5059,101973,5983,0.04686168438993664,0.5418402463321862
5197,0.5218,9,8,9,600559,5051,101982,5974,0.046787580125236206,0.541859410430839
5198,0.5219,6,5,6,600564,5046,101988,5968,0.04674126495979844,0.5418558198656256
5199,0.522,6,8,6,600572,5038,101994,5962,0.046667160695098006,0.542
5200,0.5221,11,13,11,600585,5025,102005,5951,0.0465467412649598,0.542182944606414
5201,0.5222,6,6,6,600591,5019,102011,5945,0.04649116306643447,0.54222911346224
5202,0.5223,3,7,3,600598,5012,102014,5942,0.04642632183482159,0.5424502464853022
5203,0.5224,5,5,5,600603,5007,102019,5937,0.04638000666938382,0.5424890350877193
5204,0.5225,9,7,9,600610,5000,102028,5928,0.04631516543777094,0.5424597364568082
5205,0.5226,8,3,8,600613,4997,102036,5920,0.04628737633850828,0.5422735183658515
5206,0.5227,3,4,3,600617,4993,102039,5917,0.046250324206158065,0.5423464711274061
5207,0.5228,6,6,6,600623,4987,102045,5911,0.046194746007632737,0.5423930996513122
5208,0.5229,9,9,9,600632,4978,102054,5902,0.046111378709844754,0.5424632352941177
5209,0.523,10,5,10,600637,4973,102064,5892,0.04606506354440698,0.5422917625402669
5210,0.5231,8,9,8,600646,4964,102072,5884,0.04598169624661899,0.5424041297935103
5211,0.5232,5,5,5,600651,4959,102077,5879,0.04593538108118122,0.542443255213139
5212,0.5233,7,5,7,600656,4954,102084,5872,0.04588906591574345,0.5423979309070756
5213,0.5234,2,1,2,600657,4953,102086,5870,0.0458798028826559,0.5423634851704703
5214,0.5235,4,2,4,600659,4951,102090,5866,0.045861276816480785,0.5422945363779237
5215,0.5236,9,5,9,600664,4946,102099,5857,0.04581496165104302,0.5421642136443581
5216,0.5237,4,11,4,600675,4935,102103,5853,0.045713068287079925,0.5425472747497219
5217,0.5238,2,7,2,600682,4928,102105,5851,0.04564822705546704,0.5428147323499397
5218,0.5239,5,3,5,600685,4925,102110,5846,0.04562043795620438,0.5427536904651379
5219,0.524,9,6,9,600691,4919,102119,5837,0.04556485975767906,0.5426738564522127
5220,0.5241,12,10,12,600701,4909,102131,5825,0.04547222942680351,0.5426681572573132
5221,0.5242,8,2,8,600703,4907,102139,5817,0.04545370336062841,0.5424281984334204
5222,0.5243,6,5,6,600708,4902,102145,5811,0.045407388195190634,0.5424250910109213
5223,0.5244,8,2,8,600710,4900,102153,5803,0.04538886212901552,0.5421844342707652
5224,0.5245,4,6,4,600716,4894,102157,5799,0.0453332839304902,0.5423174039090994
5225,0.5246,6,8,6,600724,4886,102163,5793,0.04525917966578977,0.5424665230826856
5226,0.5247,9,5,9,600729,4881,102172,5784,0.045212864500351994,0.5423347398030942
5227,0.5248,5,5,5,600734,4876,102177,5779,0.04516654933491422,0.5423744720788363
5228,0.5249,6,4,6,600738,4872,102183,5773,0.045129497202564005,0.5423203381869423
5229,0.525,3,9,3,600747,4863,102186,5770,0.04504612990477602,0.5426502398194301
5230,0.5251,3,7,3,600754,4856,102189,5767,0.04498128867316314,0.5428786595123788
5231,0.5252,4,6,4,600760,4850,102193,5763,0.044925710474637816,0.5430132855931404
5232,0.5253,5,7,5,600767,4843,102198,5758,0.04486086924302494,0.5431563060088671
5233,0.5254,3,2,3,600769,4841,102201,5755,0.044842343176849826,0.5431294828237071
5234,0.5255,5,6,5,600775,4835,102206,5750,0.044786764978324504,0.543221539914974
5235,0.5256,8,3,8,600778,4832,102214,5742,0.04475897587906184,0.5430300737658408
5236,0.5257,6,8,6,600786,4824,102220,5736,0.0446848716143614,0.5431818181818182
5237,0.5258,4,5,4,600791,4819,102224,5732,0.04463855644892364,0.5432660411335418
5238,0.5259,4,8,4,600799,4811,102228,5728,0.044564452184223204,0.5435050763829585
5239,0.526,4,3,4,600802,4808,102232,5724,0.04453666308496054,0.5434865172806684
5240,0.5261,6,7,6,600809,4801,102238,5718,0.04447182185334766,0.543587793516494
5241,0.5262,1,5,1,600814,4796,102239,5717,0.04442550668790989,0.5438029106820127
5242,0.5263,5,4,5,600818,4792,102244,5712,0.044388454555559675,0.5437928408225438
5243,0.5264,4,5,4,600823,4787,102248,5708,0.0443421393901219,0.5438780371605526
5244,0.5265,6,7,6,600830,4780,102254,5702,0.044277298158509025,0.5439801564586911
5245,0.5266,2,6,2,600836,4774,102256,5700,0.044221719959983696,0.5442046973458087
5246,0.5267,3,5,3,600841,4769,102259,5697,0.044175404794545924,0.5443340340149054
5247,0.5268,11,6,11,600847,4763,102270,5686,0.0441198265960206,0.5441669059240118
5248,0.5269,4,3,4,600850,4760,102274,5682,0.04409203749675794,0.5441486305305497
5249,0.527,5,6,5,600856,4754,102279,5677,0.04403645929823261,0.5442431214648643
5250,0.5271,4,3,4,600859,4751,102283,5673,0.04400867019896995,0.5442248656945511
5251,0.5272,4,4,4,600863,4747,102287,5669,0.043971618066619735,0.5442588325652842
5252,0.5273,6,8,6,600871,4739,102293,5663,0.0438975138019193,0.544414535666218
5253,0.5274,8,5,8,600876,4734,102301,5655,0.04385119863648153,0.5443257291365867
5254,0.5275,5,5,5,600881,4729,102306,5650,0.043804883471043755,0.5443684362655362
5255,0.5276,5,7,5,600888,4722,102311,5645,0.04374004223943088,0.5445162534966721
5256,0.5277,4,3,4,600891,4719,102315,5641,0.04371225314016822,0.5444980694980694
5257,0.5278,5,5,5,600896,4714,102320,5636,0.043665937974730444,0.5445410628019324
5258,0.5279,6,3,6,600899,4711,102326,5630,0.04363814887546778,0.5444347741997873
5259,0.528,6,4,6,600903,4707,102332,5624,0.043601096743117566,0.5443809892556384
5260,0.5281,4,6,4,600909,4701,102336,5620,0.043545518544592245,0.5445208797597132
5261,0.5282,3,6,3,600915,4695,102339,5617,0.043489940346066916,0.5447051978277735
5262,0.5283,4,5,4,600920,4690,102343,5613,0.04344362518062914,0.5447927788022906
5263,0.5284,7,9,7,600929,4681,102350,5606,0.04336025788284116,0.5449596578205502
5264,0.5285,5,8,5,600937,4673,102355,5601,0.04328615361814073,0.54516254623321
5265,0.5286,6,7,6,600944,4666,102361,5595,0.04322131238652784,0.5452684923496736
5266,0.5287,3,5,3,600949,4661,102364,5592,0.043174997221090076,0.5454013459475275
5267,0.5288,6,2,6,600951,4659,102370,5586,0.043156471154914965,0.5452415812591508
5268,0.5289,6,6,6,600957,4653,102376,5580,0.04310089295638964,0.5452946350043976
5269,0.529,3,4,3,600961,4649,102379,5577,0.043063840824039426,0.5453745354977508
5270,0.5291,7,4,7,600965,4645,102386,5570,0.04302678869168921,0.5452765540871267
5271,0.5292,9,7,9,600972,4638,102395,5561,0.042961947460076325,0.5452495342680655
5272,0.5293,3,8,3,600980,4630,102398,5558,0.04288784319537589,0.5455437769925402
5273,0.5294,3,4,3,600984,4626,102401,5555,0.042850791063025674,0.5456242019447991
5274,0.5295,5,2,5,600986,4624,102406,5550,0.04283226499685057,0.5455081580499312
5275,0.5296,9,9,9,600995,4615,102415,5541,0.04274889769906258,0.5455888144938952
5276,0.5297,5,9,5,601004,4606,102420,5536,0.04266553040127459,0.545848944981266
5277,0.5298,9,4,9,601008,4602,102429,5527,0.04262847826892437,0.5456609734425906
5278,0.5299,5,4,5,601012,4598,102434,5522,0.042591426136574156,0.5456521739130434
5279,0.53,3,2,3,601014,4596,102437,5519,0.04257290007039905,0.5456253089471083
5280,0.5301,8,5,8,601019,4591,102445,5511,0.04252658490496128,0.5455355375173233
5281,0.5302,6,5,6,601024,4586,102451,5505,0.04248026973952351,0.5455356258051729
5282,0.5303,4,5,4,601029,4581,102455,5501,0.04243395457408574,0.5456258678833564
5283,0.5304,4,6,4,601035,4575,102459,5497,0.04237837637556041,0.54577045274027
5284,0.5305,6,5,6,601040,4570,102465,5491,0.042332061210122646,0.5457707981313985
5285,0.5306,4,11,4,601051,4559,102469,5487,0.042230167846159544,0.5461875373282898
5286,0.5307,8,7,8,601058,4552,102477,5479,0.042165326614546667,0.5462067590469545
5287,0.5308,4,5,4,601063,4547,102481,5475,0.042119011449108894,0.5462981440830174
5288,0.5309,6,4,6,601067,4543,102487,5469,0.04208195931675868,0.5462445065920895
5289,0.531,7,5,7,601072,4538,102494,5462,0.04203564415132091,0.5462
5290,0.5311,7,11,7,601083,4527,102501,5455,0.04193375078735781,0.5464836706070928
5291,0.5312,3,4,3,601087,4523,102504,5452,0.04189669865500759,0.5465664160401003
5292,0.5313,5,4,5,601091,4519,102509,5447,0.041859646522657376,0.5465582982139273
5293,0.5314,9,8,9,601099,4511,102518,5438,0.04178554225795694,0.5465875967433913
5294,0.5315,4,6,4,601105,4505,102522,5434,0.04172996405943162,0.5467350840124761
5295,0.5316,6,7,6,601112,4498,102528,5428,0.04166512282781874,0.5468466653233931
5296,0.5317,3,4,3,601116,4494,102531,5425,0.041628070695468526,0.5469301340860974
5297,0.5318,6,5,6,601121,4489,102537,5419,0.04158175553003075,0.546931772305208
5298,0.5319,7,4,7,601125,4485,102544,5412,0.04154470339768054,0.5468323734464989
5299,0.532,5,6,5,601131,4479,102549,5407,0.041489125199155215,0.546935059680356
5300,0.5321,8,7,8,601138,4472,102557,5399,0.04142428396754233,0.5469557289028467
5301,0.5322,5,6,5,601144,4466,102562,5394,0.04136870576901701,0.5470588235294118
5302,0.5323,7,6,7,601150,4460,102569,5387,0.04131312757049168,0.5470701736569513
5303,0.5324,5,6,5,601156,4454,102574,5382,0.04125754937196636,0.5471736478243189
5304,0.5325,5,8,5,601164,4446,102579,5377,0.041183445107265924,0.5473887814313346
5305,0.5326,4,10,4,601174,4436,102583,5373,0.04109081477639038,0.5477622591497604
5306,0.5327,5,6,5,601180,4430,102588,5368,0.04103523657786506,0.5478669116146152
5307,0.5328,7,12,7,601192,4418,102595,5361,0.04092408018081441,0.5482155639635955
5308,0.5329,3,5,3,601197,4413,102598,5358,0.040877765015376634,0.5483573840957937
5309,0.533,10,7,10,601204,4406,102608,5348,0.040812923783763756,0.5482878818946073
5310,0.5331,6,6,6,601210,4400,102614,5342,0.04075734558523843,0.5483473619380004
5311,0.5332,6,7,6,601217,4393,102620,5336,0.04069250435362555,0.5484633569739953
5312,0.5333,1,6,1,601223,4387,102621,5335,0.04063692615510023,0.5487554001234314
5313,0.5334,6,9,6,601232,4378,102627,5329,0.04055355885731224,0.548985268363037
5314,0.5335,0,6,0,601238,4372,102627,5329,0.04049798065878691,0.5493248118750644
5315,0.5336,1,4,1,601242,4368,102628,5328,0.04046092852643669,0.5495049504950495
5316,0.5337,4,3,4,601245,4365,102632,5324,0.04043313942717403,0.5494891113634018
5317,0.5338,8,9,8,601254,4356,102640,5316,0.04034977212938605,0.5496277915632755
5318,0.5339,10,6,10,601260,4350,102650,5306,0.04029419393086072,0.5495028997514498
5319,0.534,5,5,5,601265,4345,102655,5301,0.04024787876542295,0.5495542193655402
5320,0.5341,5,6,5,601271,4339,102660,5296,0.040192300566897626,0.5496626881162429
5321,0.5342,6,8,6,601279,4331,102666,5290,0.04011819630219719,0.5498388940858538
5322,0.5343,4,7,4,601286,4324,102670,5286,0.040053355070584315,0.5500520291363163
5323,0.5344,6,6,6,601292,4318,102676,5280,0.039997776872058986,0.5501146072098354
5324,0.5345,4,4,4,601296,4314,102680,5276,0.03996072473970877,0.5501564129301355
5325,0.5346,6,6,6,601302,4308,102686,5270,0.03990514654118345,0.5502192524535393
5326,0.5347,2,7,2,601309,4301,102688,5268,0.03984030530957056,0.5505277458459609
5327,0.5348,6,5,6,601314,4296,102694,5262,0.0397939901441328,0.5505335844318895
5328,0.5349,4,3,4,601317,4293,102698,5258,0.03976620104487013,0.5505182703381845
5329,0.535,5,10,5,601327,4283,102703,5253,0.03967357071399459,0.550859899328859
5330,0.5351,5,6,5,601333,4277,102708,5248,0.03961799251546926,0.5509711286089238
5331,0.5352,2,5,2,601338,4272,102710,5246,0.039571677350031496,0.5511662113889473
5332,0.5353,4,7,4,601345,4265,102714,5242,0.03950683611841861,0.5513831913327022
5333,0.5354,3,7,3,601352,4258,102717,5239,0.039441994886805734,0.5516478888069917
5334,0.5355,4,5,4,601357,4253,102721,5235,0.03939567972136796,0.5517495784148398
5335,0.5356,8,5,8,601362,4248,102729,5227,0.039349364555930195,0.5516622691292876
5336,0.5357,1,5,1,601367,4243,102730,5226,0.03930304939049242,0.5519062202978139
5337,0.5358,5,6,5,601373,4237,102735,5221,0.0392474711919671,0.552019454430112
5338,0.5359,5,8,5,601381,4229,102740,5216,0.03917336692726667,0.5522498676548439
5339,0.536,9,4,9,601385,4225,102749,5207,0.03913631479491645,0.5520568278201866
5340,0.5361,7,3,7,601388,4222,102756,5200,0.03910852569565378,0.5518998089577585
5341,0.5362,5,5,5,601393,4217,102761,5195,0.03906221053021602,0.5519549511262218
5342,0.5363,7,3,7,601396,4214,102768,5188,0.03903442143095335,0.5517974898957668
5343,0.5364,4,3,4,601399,4211,102772,5184,0.03900663233169069,0.5517828632251197
5344,0.5365,6,3,6,601402,4208,102778,5178,0.03897884323242803,0.5516727040272746
5345,0.5366,2,5,2,601407,4203,102780,5176,0.038932528066990255,0.5518712016206418
5346,0.5367,7,7,7,601414,4196,102787,5169,0.03886768683537738,0.5519487453283503
5347,0.5368,5,5,5,601419,4191,102792,5164,0.038821371669939604,0.5520042757883484
5348,0.5369,4,8,4,601427,4183,102796,5160,0.03874726740523917,0.5522851332548432
5349,0.537,3,6,3,601433,4177,102799,5157,0.03869168920671385,0.552496250267838
5350,0.5371,3,3,3,601436,4174,102802,5154,0.03866390010745118,0.5525300171526587
5351,0.5372,3,3,3,601439,4171,102805,5151,0.03863611100818852,0.5525638275048272
5352,0.5373,3,5,3,601444,4166,102808,5148,0.03858979584275075,0.552716340992055
5353,0.5374,8,6,8,601450,4160,102816,5140,0.038534217644225426,0.5526881720430108
5354,0.5375,4,1,4,601451,4159,102820,5136,0.03852495461113787,0.5525551371705217
5355,0.5376,8,1,8,601452,4158,102828,5128,0.038515691578050314,0.5522291621796253
5356,0.5377,4,8,4,601460,4150,102832,5124,0.03844158731334988,0.552512400258788
5357,0.5378,8,8,8,601468,4142,102840,5116,0.038367483048649446,0.5526031540289479
5358,0.5379,4,3,4,601471,4139,102844,5112,0.038339693949386786,0.5525889093071019
5359,0.538,3,4,3,601475,4135,102847,5109,0.03830264181703657,0.5526828212894851
5360,0.5381,7,5,7,601480,4130,102854,5102,0.0382563266515988,0.5526429809358753
5361,0.5382,9,9,9,601489,4121,102863,5093,0.03817295935381081,0.5527458215758628
5362,0.5383,4,6,4,601495,4115,102867,5089,0.038117381155285485,0.5529117774880487
5363,0.5384,6,1,6,601496,4114,102873,5083,0.038108118122197936,0.5526802218114603
5364,0.5385,6,3,6,601499,4111,102879,5077,0.03808032902293527,0.552568567696996
5365,0.5386,7,7,7,601506,4104,102886,5070,0.03801548779132239,0.552648790058862
5366,0.5387,3,5,3,601511,4099,102889,5067,0.03796917262588462,0.5528038402792931
5367,0.5388,6,6,6,601517,4093,102895,5061,0.037913594427359296,0.5528730609569588
5368,0.5389,6,13,6,601530,4080,102901,5055,0.03779317499722109,0.5533661740558292
5369,0.539,5,5,5,601535,4075,102906,5050,0.037746859831783316,0.5534246575342465
5370,0.5391,6,4,6,601539,4071,102912,5044,0.0377098076994331,0.5533735600658256
5371,0.5392,1,7,1,601546,4064,102913,5043,0.03764496646782022,0.553749862742945
5372,0.5393,5,3,5,601549,4061,102918,5038,0.03761717736855756,0.5536872183756457
5373,0.5394,9,3,9,601552,4058,102927,5029,0.0375893882692949,0.5534279740288324
5374,0.5395,3,4,3,601556,4054,102930,5026,0.03755233613694468,0.5535242290748899
5375,0.5396,5,6,5,601562,4048,102935,5021,0.037496757938419355,0.5536442827213585
5376,0.5397,1,6,1,601568,4042,102936,5020,0.03744117973989403,0.5539615978812624
5377,0.5398,6,6,6,601574,4036,102942,5014,0.037385601541368704,0.5540331491712707
5378,0.5399,7,8,7,601582,4028,102949,5007,0.03731149727666827,0.5541781959048147
5379,0.54,5,6,5,601588,4022,102954,5002,0.03725591907814295,0.5542996453900709
5380,0.5401,3,2,3,601590,4020,102957,4999,0.03723739301196784,0.5542743097904425
5381,0.5402,7,6,7,601596,4014,102964,4992,0.037181814813442515,0.5542971352431713
5382,0.5403,7,6,7,601602,4008,102971,4985,0.03712623661491719,0.5543200266874235
5383,0.5404,3,5,3,601607,4003,102974,4982,0.03707992144947942,0.5544796883695047
5384,0.5405,9,6,9,601613,3997,102983,4973,0.03702434325095409,0.5544035674470457
5385,0.5406,6,3,6,601616,3994,102989,4967,0.03699655415169143,0.55429081575717
5386,0.5407,3,8,3,601624,3986,102992,4964,0.036922449886991,0.5546368715083799
5387,0.5408,6,4,6,601628,3982,102998,4958,0.03688539775464078,0.554586129753915
5388,0.5409,4,3,4,601631,3979,103002,4954,0.03685760865537812,0.5545729318258144
5389,0.541,9,5,9,601636,3974,103011,4945,0.03681129348994035,0.5544343536270883
5390,0.5411,6,9,6,601645,3965,103017,4939,0.03672792619215236,0.5546945193171609
5391,0.5412,7,4,7,601649,3961,103024,4932,0.03669087405980214,0.554593500506016
5392,0.5413,0,5,0,601654,3956,103024,4932,0.03664455889436437,0.5549054905490549
5393,0.5414,5,5,5,601659,3951,103029,4927,0.0365982437289266,0.5549673349853571
5394,0.5415,4,7,4,601666,3944,103033,4923,0.03653340249731372,0.5552046915529492
5395,0.5416,6,5,6,601671,3939,103039,4917,0.03648708733187595,0.5552168021680217
5396,0.5417,8,7,8,601678,3932,103047,4909,0.03642224610026307,0.5552539305508427
5397,0.5418,2,6,2,601684,3926,103049,4907,0.036366667901737745,0.5555303973734858
5398,0.5419,6,3,6,601687,3923,103055,4901,0.036338878802475084,0.5554170444242974
5399,0.542,3,5,3,601692,3918,103058,4898,0.03629256363703731,0.5555807622504537
5400,0.5421,5,4,5,601696,3914,103063,4893,0.036255511504687095,0.5555807880095379
5401,0.5422,6,3,6,601699,3911,103069,4887,0.036227722405424434,0.5554671516253694
5402,0.5423,0,4,0,601703,3907,103069,4887,0.03619067027307422,0.555719808960655
5403,0.5424,7,6,7,601709,3901,103076,4880,0.03613509207454889,0.5557453592984853
5404,0.5425,3,7,3,601716,3894,103079,4877,0.03607025084293601,0.5560369399156311
5405,0.5426,8,2,8,601718,3892,103087,4869,0.036051724776760906,0.5557584750599247
5406,0.5427,8,6,8,601724,3886,103095,4861,0.03599614657823558,0.5557333943066194
5407,0.5428,4,7,4,601731,3879,103099,4857,0.0359313053466227,0.5559752747252747
5408,0.5429,6,7,6,601738,3872,103105,4851,0.03586646411500982,0.5561160151324086
5409,0.543,5,7,5,601745,3865,103110,4846,0.03580162288339694,0.5563081161749512
5410,0.5431,7,6,7,601751,3859,103117,4839,0.035746044684871615,0.5563347896068062
5411,0.5432,6,4,6,601755,3855,103123,4833,0.0357089925525214,0.5562845303867403
5412,0.5433,8,5,8,601760,3850,103131,4825,0.035662677387083626,0.5561959654178674
5413,0.5434,4,1,4,601761,3849,103135,4821,0.03565341435399607,0.5560553633217993
5414,0.5435,8,5,8,601766,3844,103143,4813,0.035607099188558304,0.5559662700704632
5415,0.5436,1,6,1,601772,3838,103144,4812,0.035551520990032975,0.5563005780346821
5416,0.5437,7,7,7,601779,3831,103151,4805,0.0354866797584201,0.5563918480778138
5417,0.5438,7,4,7,601783,3827,103158,4798,0.03544962762606988,0.5562898550724638
5418,0.5439,4,5,4,601788,3822,103162,4794,0.03540331246063211,0.5564066852367688
5419,0.544,5,5,5,601793,3817,103167,4789,0.035356997295194335,0.5564722286776668
5420,0.5441,5,5,5,601798,3812,103172,4784,0.03531068212975657,0.5565379246161005
5421,0.5442,4,4,4,601802,3808,103176,4780,0.03527362999740635,0.5565905915230555
5422,0.5443,4,4,4,601806,3804,103180,4776,0.035236577865056136,0.5566433566433566
5423,0.5444,6,10,6,601816,3794,103186,4770,0.03514394753418059,0.5569827183559084
5424,0.5445,2,4,2,601820,3790,103188,4768,0.035106895401830374,0.5571395185791073
5425,0.5446,6,5,6,601825,3785,103194,4762,0.03506058023639261,0.5571545571545572
5426,0.5447,6,3,6,601828,3782,103200,4756,0.03503279113712994,0.5570391192316702
5427,0.5448,9,4,9,601832,3778,103209,4747,0.03499573900477972,0.5568328445747801
5428,0.5449,6,2,6,601834,3776,103215,4741,0.03497721293860462,0.5566514030762005
5429,0.545,6,11,6,601845,3765,103221,4735,0.034875319574641524,0.5570588235294117
5430,0.5451,4,8,4,601853,3757,103225,4731,0.03480121530994109,0.5573751178133836
5431,0.5452,7,1,7,601854,3756,103232,4724,0.034791952276853534,0.5570754716981132
5432,0.5453,3,1,3,601855,3755,103235,4721,0.03478268924376598,0.5569844266163284
5433,0.5454,4,6,4,601861,3749,103239,4717,0.034727111045240656,0.5571698558941649
5434,0.5455,5,6,5,601867,3743,103244,4712,0.03467153284671533,0.5573033707865168
5435,0.5456,4,2,4,601869,3741,103248,4708,0.03465300678054022,0.5572257071842822
5436,0.5457,1,3,1,601872,3738,103249,4707,0.034625217681277555,0.5573712255772647
5437,0.5458,3,10,3,601882,3728,103252,4704,0.034532587350402016,0.5578747628083491
5438,0.5459,5,5,5,601887,3723,103257,4699,0.034486272184964244,0.5579434813583471
5439,0.546,4,3,4,601890,3720,103261,4695,0.03445848308570158,0.5579322638146168
5440,0.5461,7,4,7,601894,3716,103268,4688,0.034421430953351366,0.5578296049500238
5441,0.5462,8,3,8,601897,3713,103276,4680,0.034393641854088705,0.5576075300845943
5442,0.5463,4,4,4,601901,3709,103280,4676,0.03435658972173849,0.5576624925462135
5443,0.5464,3,9,3,601910,3700,103283,4673,0.0342732224239505,0.558103427684223
5444,0.5465,6,3,6,601913,3697,103289,4667,0.03424543332468784,0.5579866092778575
5445,0.5466,3,8,3,601921,3689,103292,4664,0.034171329059987404,0.5583622650544714
5446,0.5467,3,5,3,601926,3684,103295,4661,0.03412501389454963,0.5585380467345716
5447,0.5468,6,6,6,601932,3678,103301,4655,0.0340694356960243,0.5586223448937957
5448,0.5469,4,8,4,601940,3670,103305,4651,0.033995331431323876,0.5589472419180387
5449,0.547,5,5,5,601945,3665,103310,4646,0.0339490162658861,0.5590181686920949
5450,0.5471,7,1,7,601946,3664,103317,4639,0.03393975323279855,0.5587137179332772
5451,0.5472,6,3,6,601949,3661,103323,4633,0.033911964133535887,0.5585965758379552
5452,0.5473,7,7,7,601956,3654,103330,4626,0.03384712290192301,0.558695652173913
5453,0.5474,6,4,6,601960,3650,103336,4620,0.03381007076957279,0.558645707376058
5454,0.5475,4,2,4,601962,3648,103340,4616,0.03379154470339768,0.558567279767667
5455,0.5476,5,7,5,601969,3641,103345,4611,0.0337267034717848,0.5587736306349976
5456,0.5477,8,4,8,601973,3637,103353,4603,0.033689651339434586,0.558616504854369
5457,0.5478,1,3,1,601976,3634,103354,4602,0.033661862240171925,0.5587663914521612
5458,0.5479,2,4,2,601980,3630,103356,4600,0.03362481010782171,0.5589307411907655
5459,0.548,3,6,3,601986,3624,103359,4597,0.03356923190929638,0.559177715606374
5460,0.5481,1,6,1,601992,3618,103360,4596,0.03351365371077106,0.5595325054784515
5461,0.5482,7,7,7,601999,3611,103367,4589,0.03344881247915817,0.5596341463414635
5462,0.5483,7,1,7,602000,3610,103374,4582,0.033439549446070624,0.559326171875
5463,0.5484,2,8,2,602008,3602,103376,4580,0.03336544518137019,0.5597653385480322
5464,0.5485,1,8,1,602016,3594,103377,4579,0.03329134091666976,0.5602593906766181
5465,0.5486,5,6,5,602022,3588,103382,4574,0.03323576271814443,0.5604018622886547
5466,0.5487,9,8,9,602030,3580,103391,4565,0.033161658453443994,0.5604665438919583
5467,0.5488,4,4,4,602034,3576,103395,4561,0.03312460632109378,0.5605259923804842
5468,0.5489,6,4,6,602038,3572,103401,4555,0.03308755418874356,0.5604774209425373
5469,0.549,6,5,6,602043,3567,103407,4549,0.03304123902330579,0.5604977821586988
5470,0.5491,1,7,1,602050,3560,103408,4548,0.03297639779169291,0.5609274790330537
5471,0.5492,3,4,3,602054,3556,103411,4545,0.03293934565934269,0.5610418466855944
5472,0.5493,1,3,1,602057,3553,103412,4544,0.03291155656008003,0.5611955045078424
5473,0.5494,5,3,5,602060,3550,103417,4539,0.03288376746081737,0.5611324020274446
5474,0.5495,9,2,9,602062,3548,103426,4530,0.03286524139464226,0.5607823718742263
5475,0.5496,4,6,4,602068,3542,103430,4526,0.03280966319611694,0.5609816559246406
5476,0.5497,7,6,7,602074,3536,103437,4519,0.03275408499759161,0.561018001241465
5477,0.5498,3,11,3,602085,3525,103440,4516,0.032652191633628515,0.561621688844671
5478,0.5499,6,6,6,602091,3519,103446,4510,0.03259661343510319,0.5617137875202391
5479,0.55,5,3,5,602094,3516,103451,4505,0.032568824335840525,0.5616506669991272
5480,0.5501,8,4,8,602098,3512,103459,4497,0.03253177220349031,0.5614933200149832
5481,0.5502,8,8,8,602106,3504,103467,4489,0.032457667938789875,0.5616164143625673
5482,0.5503,4,2,4,602108,3502,103471,4485,0.03243914187261477,0.5615374984349568
5483,0.5504,5,3,5,602111,3499,103476,4480,0.03241135277335211,0.5614738689058779
5484,0.5505,7,1,7,602112,3498,103483,4473,0.03240208974026455,0.5611592021076401
5485,0.5506,2,4,2,602116,3494,103485,4471,0.032365037607914336,0.5613308223477715
5486,0.5507,5,4,5,602120,3490,103490,4466,0.03232798547556412,0.5613373554550025
5487,0.5508,4,5,4,602125,3485,103494,4462,0.03228167031012635,0.5614697370076759
5488,0.5509,5,3,5,602128,3482,103499,4457,0.032253881210863686,0.5614057186043583
5489,0.551,4,5,4,602133,3477,103503,4453,0.03220756604542591,0.5615384615384615
5490,0.5511,4,5,4,602138,3472,103507,4449,0.03216125087998814,0.5616715061229642
5491,0.5512,6,6,6,602144,3466,103513,4443,0.03210567268146282,0.5617650777595145
5492,0.5513,8,8,8,602152,3458,103521,4435,0.032031568416762385,0.561890282528823
5493,0.5514,5,4,5,602156,3454,103526,4430,0.03199451628441217,0.5618975139523085
5494,0.5515,4,6,4,602162,3448,103530,4426,0.03193893808588684,0.5621031242062484
5495,0.5516,10,8,10,602170,3440,103540,4416,0.03186483382118641,0.5621181262729125
5496,0.5517,3,6,3,602176,3434,103543,4413,0.031809255622661084,0.5623805275901619
5497,0.5518,4,12,4,602188,3422,103547,4409,0.031698099225610434,0.5630187715489721
5498,0.5519,8,5,8,602193,3417,103555,4401,0.03165178406017266,0.5629316960859555
5499,0.552,3,3,3,602196,3414,103558,4398,0.03162399496091,0.5629800307219662
5500,0.5521,5,4,5,602200,3410,103563,4393,0.03158694282855978,0.5629885941304626
5501,0.5522,10,2,10,602202,3408,103573,4383,0.03156841676238468,0.5625721986907971
5502,0.5523,1,3,1,602205,3405,103574,4382,0.03154062766312201,0.5627327597277514
5503,0.5524,4,4,4,602209,3401,103578,4378,0.031503575530771794,0.5627972747139736
5504,0.5525,5,8,5,602217,3393,103583,4373,0.03142947126607136,0.563095544681947
5505,0.5526,8,3,8,602220,3390,103591,4365,0.0314016821668087,0.562862669245648
5506,0.5527,3,4,3,602224,3386,103594,4362,0.03136463003445848,0.5629839958699019
5507,0.5528,6,4,6,602228,3382,103600,4356,0.031327577902108265,0.5629361592142672
5508,0.5529,6,2,6,602230,3380,103606,4350,0.03130905183593316,0.5627425614489003
5509,0.553,4,2,4,602232,3378,103610,4346,0.03129052576975805,0.5626618332470222
5510,0.5531,5,5,5,602237,3373,103615,4341,0.03124421060432028,0.5627430645579465
5511,0.5532,9,6,9,602243,3367,103624,4332,0.031188632405794954,0.5626704766852838
5512,0.5533,2,3,2,602246,3364,103626,4330,0.03116084330653229,0.5627761892383676
5513,0.5534,5,3,5,602249,3361,103631,4325,0.03113305420726963,0.5627114233671611
5514,0.5535,7,4,7,602253,3357,103638,4318,0.031096002074919412,0.5626058631921824
5515,0.5536,4,6,4,602259,3351,103642,4314,0.031040423876394087,0.5628180039138944
5516,0.5537,5,4,5,602263,3347,103647,4309,0.03100337174404387,0.5628265412748171
5517,0.5538,7,4,7,602267,3343,103654,4302,0.030966319611693653,0.5627207325049052
5518,0.5539,7,6,7,602273,3337,103661,4295,0.030910741413168328,0.5627620545073375
5519,0.554,9,2,9,602275,3335,103670,4286,0.03089221534699322,0.5623933866946595
5520,0.5541,4,4,4,602279,3331,103674,4282,0.030855163214643003,0.5624589517929857
5521,0.5542,6,3,6,602282,3328,103680,4276,0.030827374115380342,0.5623356128353498
5522,0.5543,1,7,1,602289,3321,103681,4275,0.03076253288376746,0.5627962085308057
5523,0.5544,1,3,1,602292,3318,103682,4274,0.0307347437845048,0.5629610115911485
5524,0.5545,10,4,10,602296,3314,103692,4264,0.030697691652154583,0.5626814462918976
5525,0.5546,4,6,4,602302,3308,103696,4260,0.030642113453629258,0.5628964059196617
5526,0.5547,5,1,5,602303,3307,103701,4255,0.030632850420541702,0.5626818302036498
5527,0.5548,3,0,3,602303,3307,103704,4252,0.030632850420541702,0.5625082682894563
5528,0.5549,5,5,5,602308,3302,103709,4247,0.030586535255103933,0.5625910716651212
5529,0.555,6,3,6,602311,3299,103715,4241,0.030558746155841268,0.5624668435013263
5530,0.5551,5,1,5,602312,3298,103720,4236,0.030549483122753716,0.5622511282187417
5531,0.5552,8,7,8,602319,3291,103728,4228,0.030484641891140835,0.5623088176619231
5532,0.5553,2,3,2,602322,3288,103730,4226,0.030456852791878174,0.5624168219323928
5533,0.5554,6,4,6,602326,3284,103736,4220,0.030419800659527957,0.5623667377398721
5534,0.5555,4,4,4,602330,3280,103740,4216,0.03038274852717774,0.5624332977588047
5535,0.5556,9,4,9,602334,3276,103749,4207,0.030345696394827523,0.5622076707202993
5536,0.5557,1,4,1,602338,3272,103750,4206,0.030308644262477306,0.5624498529018455
5537,0.5558,3,3,3,602341,3269,103753,4203,0.030280855163214642,0.5625
5538,0.5559,3,8,3,602349,3261,103756,4200,0.03020675089851421,0.5629272215520708
5539,0.556,4,6,4,602355,3255,103760,4196,0.030151172699988883,0.5631458864581935
5540,0.5561,5,6,5,602361,3249,103765,4191,0.030095594501463558,0.5633064516129033
5541,0.5562,7,8,7,602369,3241,103772,4184,0.030021490236763124,0.5635016835016835
5542,0.5563,4,5,4,602374,3236,103776,4180,0.029975175071325355,0.5636461704422869
5543,0.5564,4,4,4,602378,3232,103780,4176,0.029938122938975138,0.5637149028077754
5544,0.5565,3,5,3,602383,3227,103783,4173,0.029891807773537366,0.5639189189189189
5545,0.5566,3,7,3,602390,3220,103786,4170,0.029826966541924488,0.564276048714479
5546,0.5567,11,1,11,602391,3219,103797,4159,0.029817703508836932,0.5637029005150447
5547,0.5568,3,7,3,602398,3212,103800,4156,0.029752862277224054,0.5640608034744843
5548,0.5569,1,5,1,602403,3207,103801,4155,0.029706547111786285,0.5643846780766096
5549,0.557,5,5,5,602408,3202,103806,4150,0.029660231946348512,0.5644722524483133
5550,0.5571,4,1,4,602409,3201,103810,4146,0.02965096891326096,0.5643119640669662
5551,0.5572,5,6,5,602415,3195,103815,4141,0.029595390714735634,0.5644765539803708
5552,0.5573,3,3,3,602418,3192,103818,4138,0.02956760161547297,0.5645293315143247
5553,0.5574,6,6,6,602424,3186,103824,4132,0.029512023416947645,0.5646351462148128
5554,0.5575,5,5,5,602429,3181,103829,4127,0.029465708251509876,0.5647235905856596
5555,0.5576,8,3,8,602432,3178,103837,4119,0.02943791915224721,0.5644785528299301
5556,0.5577,7,3,7,602435,3175,103844,4112,0.02941013005298455,0.5642925758199533
5557,0.5578,6,5,6,602440,3170,103850,4106,0.029363814887546778,0.5643210555250138
5558,0.5579,3,5,3,602445,3165,103853,4103,0.02931749972210901,0.5645294441386901
5559,0.558,3,4,3,602449,3161,103856,4100,0.02928044758975879,0.5646605150805674
5560,0.5581,0,6,0,602455,3155,103856,4100,0.029224869391233466,0.5651274982770503
5561,0.5582,7,4,7,602459,3151,103863,4093,0.02918781725888325,0.5650193263390392
5562,0.5583,3,3,3,602462,3148,103866,4090,0.029160028159620585,0.5650732246476927
5563,0.5584,3,4,3,602466,3144,103869,4087,0.02912297602727037,0.5652053657861983
5564,0.5585,5,7,5,602473,3137,103874,4082,0.02905813479565749,0.5654522787089624
5565,0.5586,5,4,5,602477,3133,103879,4077,0.029021082663307274,0.5654646324549237
5566,0.5587,1,5,1,602482,3128,103880,4076,0.0289747674978695,0.5657967795669073
5567,0.5588,5,5,5,602487,3123,103885,4071,0.028928452332431732,0.5658882402001668
5568,0.5589,5,5,5,602492,3118,103890,4066,0.02888213716699396,0.5659799554565702
5569,0.559,4,4,4,602496,3114,103894,4062,0.028845085034643742,0.5660535117056856
5570,0.5591,3,4,3,602500,3110,103897,4059,0.028808032902293525,0.5661877528246617
5571,0.5592,5,2,5,602502,3108,103902,4054,0.028789506836118417,0.5660430047472773
5572,0.5593,8,4,8,602506,3104,103910,4046,0.0287524547037682,0.5658741258741259
5573,0.5594,5,5,5,602511,3099,103915,4041,0.02870613953833043,0.5659663865546218
5574,0.5595,2,4,2,602515,3095,103917,4039,0.028669087405980214,0.5661620409307542
5575,0.5596,8,4,8,602519,3091,103925,4031,0.028632035273629997,0.565992698680146
5576,0.5597,7,6,7,602525,3085,103932,4024,0.028576457075104672,0.566043044028696
5577,0.5598,6,8,6,602533,3077,103938,4018,0.02850235281040424,0.5663143058491896
5578,0.5599,8,1,8,602534,3076,103946,4010,0.028493089777316686,0.5659046006209427
5579,0.56,6,4,6,602538,3072,103952,4004,0.02845603764496647,0.565856416054268
5580,0.5601,3,1,3,602539,3071,103955,4001,0.028446774611878913,0.5657522624434389
5581,0.5602,7,4,7,602543,3067,103962,3994,0.028409722479528696,0.5656422603030732
5582,0.5603,2,8,2,602551,3059,103964,3992,0.028335618214828263,0.5661608282513119
5583,0.5604,3,2,3,602553,3057,103967,3989,0.028317092148653154,0.566136815214306
5584,0.5605,5,4,5,602557,3053,103972,3984,0.028280040016302938,0.5661503481597272
5585,0.5606,8,7,8,602564,3046,103980,3976,0.02821519878469006,0.5662204500142409
5586,0.5607,4,3,4,602567,3043,103984,3972,0.028187409685427395,0.566215253029223
5587,0.5608,2,2,2,602569,3041,103986,3970,0.028168883619252287,0.5662530309513621
5588,0.5609,2,6,2,602575,3035,103988,3968,0.028113305420726962,0.5666143081536484
5589,0.561,1,3,1,602578,3032,103989,3967,0.0280855163214643,0.5667952564652093
5590,0.5611,4,2,4,602580,3030,103993,3963,0.028066990255289193,0.5667095667095667
5591,0.5612,6,2,6,602582,3028,103999,3957,0.028048464189114084,0.5664996420901933
5592,0.5613,7,2,7,602584,3026,104006,3950,0.028029938122938976,0.5662270642201835
5593,0.5614,1,2,1,602586,3024,104007,3949,0.028011412056763867,0.5663272622974329
5594,0.5615,4,3,4,602589,3021,104011,3945,0.027983622957501203,0.5663221360895779
5595,0.5616,4,3,4,602592,3018,104015,3941,0.027955833858238542,0.5663169995689036
5596,0.5617,4,3,4,602595,3015,104019,3937,0.027928044758975878,0.5663118527042578
5597,0.5618,7,2,7,602597,3013,104026,3930,0.02790951869280077,0.5660377358490566
5598,0.5619,7,6,7,602603,3007,104033,3923,0.027853940494275444,0.5660894660894661
5599,0.562,3,8,3,602611,2999,104036,3920,0.02777983622957501,0.5665558606735077
5600,0.5621,3,4,3,602615,2995,104039,3917,0.027742784097224794,0.5666956018518519
5601,0.5622,8,3,8,602618,2992,104047,3909,0.027714994997962133,0.5664396464280539
5602,0.5623,2,4,2,602622,2988,104049,3907,0.027677942865611916,0.5666424945612762
5603,0.5624,6,6,6,602628,2982,104055,3901,0.02762236466708659,0.5667586808077874
5604,0.5625,8,4,8,602632,2978,104063,3893,0.027585312534736374,0.5665841944404016
5605,0.5626,2,3,2,602635,2975,104065,3891,0.027557523435473713,0.5667055053888727
5606,0.5627,3,3,3,602638,2972,104068,3888,0.02752973433621105,0.5667638483965015
5607,0.5628,6,4,6,602642,2968,104074,3882,0.027492682203860832,0.5667153284671533
5608,0.5629,2,3,2,602645,2965,104076,3880,0.02746489310459817,0.5668371073776479
5609,0.563,5,6,5,602651,2959,104081,3875,0.027409314906072846,0.5670178519168861
5610,0.5631,12,4,12,602655,2955,104093,3863,0.02737226277372263,0.5665884423584628
5611,0.5632,6,6,6,602661,2949,104099,3857,0.027316684575197304,0.5667058477813693
5612,0.5633,2,3,2,602664,2946,104101,3855,0.02728889547593464,0.5668284075871195
5613,0.5634,3,5,3,602669,2941,104104,3852,0.02724258031049687,0.5670543206241719
5614,0.5635,4,5,4,602674,2936,104108,3848,0.027196265145059097,0.5672169811320755
5615,0.5636,5,6,5,602680,2930,104113,3843,0.027140686946533772,0.5673999704709878
5616,0.5637,3,3,3,602683,2927,104116,3840,0.02711289784727111,0.5674597310477316
5617,0.5638,6,3,6,602686,2924,104122,3834,0.027085108748008447,0.5673276117194436
5618,0.5639,4,4,4,602690,2920,104126,3830,0.02704805661565823,0.5674074074074074
5619,0.564,7,4,7,602694,2916,104133,3823,0.027011004483308013,0.5672948508680813
5620,0.5641,2,5,2,602699,2911,104135,3821,0.026964689317870244,0.5675876411170528
5621,0.5642,4,4,4,602703,2907,104139,3817,0.026927637185520027,0.5676680547293278
5622,0.5643,5,1,5,602704,2906,104144,3812,0.02691837415243247,0.5674307829711224
5623,0.5644,2,1,2,602705,2905,104146,3810,0.02690911111934492,0.5673864482501861
5624,0.5645,5,6,5,602711,2899,104151,3805,0.026853532920819594,0.567571599045346
5625,0.5646,3,3,3,602714,2896,104154,3802,0.02682574382155693,0.5676321289937295
5626,0.5647,3,2,3,602716,2894,104157,3799,0.02680721775538182,0.5676079486030181
5627,0.5648,0,5,0,602721,2889,104157,3799,0.02676090258994405,0.5680322966507177
5628,0.5649,4,1,4,602722,2888,104161,3795,0.026751639556856496,0.5678587460721233
5629,0.565,5,4,5,602726,2884,104166,3790,0.02671458742450628,0.5678753371291579
5630,0.5651,4,2,4,602728,2882,104170,3786,0.02669606135833117,0.5677864427114577
5631,0.5652,5,6,5,602734,2876,104175,3781,0.026640483159805845,0.5679735616644134
5632,0.5653,3,7,3,602741,2869,104178,3778,0.026575641928192967,0.5683767112983301
5633,0.5654,6,1,6,602742,2868,104184,3772,0.026566378895105415,0.5680722891566266
5634,0.5655,2,5,2,602747,2863,104186,3770,0.026520063729667642,0.5683702698628071
5635,0.5656,5,4,5,602751,2859,104191,3765,0.026483011597317425,0.5683876811594203
5636,0.5657,1,4,1,602755,2855,104192,3764,0.02644595946496721,0.5686659616256232
5637,0.5658,3,3,3,602758,2852,104195,3761,0.026418170365704548,0.5687282625132315
5638,0.5659,9,4,9,602762,2848,104204,3752,0.02638111823335433,0.5684848484848485
5639,0.566,3,0,3,602762,2848,104207,3749,0.02638111823335433,0.5682886160375928
5640,0.5661,3,2,3,602764,2846,104210,3746,0.026362592167179223,0.5682645631067961
5641,0.5662,1,3,1,602767,2843,104211,3745,0.026334803067916558,0.5684578020643595
5642,0.5663,2,3,2,602770,2840,104213,3743,0.026307013968653897,0.5685857511772748
5643,0.5664,1,4,1,602774,2836,104214,3742,0.02626996183630368,0.5688659166920037
5644,0.5665,4,2,4,602776,2834,104218,3738,0.026251435770128572,0.568776628119294
5645,0.5666,4,5,4,602781,2829,104222,3734,0.0262051206046908,0.568947127837879
5646,0.5667,4,1,4,602782,2828,104226,3730,0.026195857571603247,0.568770966758158
5647,0.5668,3,7,3,602789,2821,104229,3727,0.026131016339990366,0.5691814294441051
5648,0.5669,2,9,2,602798,2812,104231,3725,0.02604764904220238,0.5698332568456479
5649,0.567,5,2,5,602800,2810,104236,3720,0.02602912297602727,0.5696784073506891
5650,0.5671,4,3,4,602803,2807,104240,3716,0.026001333876764607,0.5696765292043539
5651,0.5672,4,3,4,602806,2804,104244,3712,0.025973544777501946,0.5696746470227133
5652,0.5673,5,4,5,602810,2800,104249,3707,0.02593649264515173,0.5696941755033041
5653,0.5674,6,9,6,602819,2791,104255,3701,0.02585312534736374,0.5700862600123229
5654,0.5675,6,4,6,602823,2787,104261,3695,0.025816073215013523,0.5700401110768282
5655,0.5676,0,6,0,602829,2781,104261,3695,0.025760495016488198,0.570568252007412
5656,0.5677,1,2,1,602831,2779,104262,3694,0.02574196895031309,0.5706782017611618
5657,0.5678,3,1,3,602832,2778,104265,3691,0.025732705917225537,0.5705673210697171
5658,0.5679,3,3,3,602835,2775,104268,3688,0.025704916817962872,0.5706328330496674
5659,0.568,4,4,4,602839,2771,104272,3684,0.025667864685612655,0.5707203718048025
5660,0.5681,5,2,5,602841,2769,104277,3679,0.025649338619437547,0.5705645161290323
5661,0.5682,5,3,5,602844,2766,104282,3674,0.025621549520174886,0.5704968944099379
5662,0.5683,6,0,6,602844,2766,104288,3668,0.025621549520174886,0.5700963630711844
5663,0.5684,6,1,6,602845,2765,104294,3662,0.02561228648708733,0.5697837249105336
5664,0.5685,5,3,5,602848,2762,104299,3657,0.02558449738782467,0.5697149088643091
5665,0.5686,2,4,2,602852,2758,104301,3655,0.025547445255474453,0.5699360673631686
5666,0.5687,4,4,4,602856,2754,104305,3651,0.025510393123124236,0.5700234192037471
5667,0.5688,4,4,4,602860,2750,104309,3647,0.02547334099077402,0.5701109895263404
5668,0.5689,9,7,9,602867,2743,104318,3638,0.02540849975916114,0.5701300736561667
5669,0.569,6,3,6,602870,2740,104324,3632,0.025380710659898477,0.5699937225360954
5670,0.5691,2,3,2,602873,2737,104326,3630,0.025352921560635816,0.5701272184702372
5671,0.5692,4,4,4,602877,2733,104330,3626,0.0253158694282856,0.5702154426796666
5672,0.5693,4,5,4,602882,2728,104334,3622,0.025269554262847826,0.5703937007874016
5673,0.5694,5,5,5,602887,2723,104339,3617,0.025223239097410057,0.5705047318611988
5674,0.5695,5,5,5,602892,2718,104344,3612,0.025176923931972284,0.5706161137440758
5675,0.5696,3,4,3,602896,2714,104347,3609,0.025139871799622068,0.5707733670725921
5676,0.5697,3,3,3,602899,2711,104350,3606,0.025112082700359407,0.57084058888713
5677,0.5698,4,3,4,602902,2708,104354,3602,0.025084293601096742,0.5708399366085578
5678,0.5699,5,3,5,602905,2705,104359,3597,0.02505650450183408,0.5707711837511901
5679,0.57,3,3,3,602908,2702,104362,3594,0.025028715402571417,0.570838627700127
5680,0.5701,5,2,5,602910,2700,104367,3589,0.02501018933639631,0.5706789632692002
5681,0.5702,8,3,8,602913,2697,104375,3581,0.024982400237133648,0.570404587448232
5682,0.5703,2,5,2,602918,2692,104377,3579,0.024936085071695875,0.5707223728273003
5683,0.5704,10,8,10,602926,2684,104387,3569,0.02486198080699544,0.5707660323044939
5684,0.5705,8,4,8,602930,2680,104395,3561,0.024824928674645225,0.5705816375580837
5685,0.5706,3,4,3,602934,2676,104398,3558,0.024787876542295008,0.5707410972088547
5686,0.5707,6,6,6,602940,2670,104404,3552,0.024732298343769683,0.570877531340405
5687,0.5708,3,5,3,602945,2665,104407,3549,0.024685983178331913,0.5711297071129707
5688,0.5709,6,6,6,602951,2659,104413,3543,0.024630404979806588,0.5712673331183489
5689,0.571,6,2,6,602953,2657,104419,3537,0.02461187891363148,0.5710364869228285
5690,0.5711,2,5,2,602958,2652,104421,3535,0.024565563748193707,0.5713593017617585
5691,0.5712,8,4,8,602962,2648,104429,3527,0.02452851161584349,0.5711740890688259
5692,0.5713,3,6,3,602968,2642,104432,3524,0.024472933417318165,0.5715212455400583
5693,0.5714,4,5,4,602973,2637,104436,3520,0.024426618251880396,0.5717070001624167
5694,0.5715,5,5,5,602978,2632,104441,3515,0.024380303086442626,0.571823653814869
5695,0.5716,2,5,2,602983,2627,104443,3513,0.024333987921004854,0.5721498371335505
5696,0.5717,6,3,6,602986,2624,104449,3507,0.024306198821742193,0.5720110911759909
5697,0.5718,7,4,7,602990,2620,104456,3500,0.024269146689391976,0.5718954248366013
5698,0.5719,3,1,3,602991,2619,104459,3497,0.02425988365630442,0.5717789404839765
5699,0.572,3,4,3,602995,2615,104462,3494,0.024222831523954203,0.5719430348665903
5700,0.5721,4,3,4,602998,2612,104466,3490,0.024195042424691542,0.5719436250409702
5701,0.5722,4,3,4,603001,2609,104470,3486,0.024167253325428878,0.5719442165709598
5702,0.5723,2,4,2,603005,2605,104472,3484,0.02413020119307866,0.5721793397930695
5703,0.5724,6,2,6,603007,2603,104478,3478,0.024111675126903553,0.571945403716494
5704,0.5725,4,5,4,603012,2598,104482,3474,0.024065359961465783,0.5721343873517787
5705,0.5726,3,2,3,603014,2596,104485,3471,0.024046833895290675,0.572111422449316
5706,0.5727,4,3,4,603017,2593,104489,3467,0.02401904479602801,0.5721122112211221
5707,0.5728,5,3,5,603020,2590,104494,3462,0.02399125569676535,0.5720423000660938
5708,0.5729,2,5,2,603025,2585,104496,3460,0.023944940531327577,0.5723738626964433
5709,0.573,4,5,4,603030,2580,104500,3456,0.023898625365889808,0.5725646123260437
5710,0.5731,4,2,4,603032,2578,104504,3452,0.0238800992997147,0.5724709784411277
5711,0.5732,2,0,2,603032,2578,104506,3450,0.0238800992997147,0.5723291307232913
5712,0.5733,5,0,5,603032,2578,104511,3445,0.0238800992997147,0.57197409928607
5713,0.5734,5,0,5,603032,2578,104516,3440,0.0238800992997147,0.5716184778996344
5714,0.5735,5,6,5,603038,2572,104521,3435,0.023824521101189374,0.571832861661395
5715,0.5736,5,2,5,603040,2570,104526,3430,0.023805995035014266,0.5716666666666667
5716,0.5737,3,1,3,603041,2569,104529,3427,0.02379673200192671,0.5715476984656438
5717,0.5738,6,3,6,603044,2566,104535,3421,0.02376894290266405,0.5714047102054451
5718,0.5739,5,1,5,603045,2565,104540,3416,0.023759679869576493,0.5711419495067714
5719,0.574,2,3,2,603048,2562,104542,3414,0.023731890770313832,0.571285140562249
5720,0.5741,2,6,2,603054,2556,104544,3412,0.023676312571788507,0.57171581769437
5721,0.5742,3,4,3,603058,2552,104547,3409,0.02363926043943829,0.571883912095286
5722,0.5743,4,2,4,603060,2550,104551,3405,0.02362073437326318,0.5717884130982368
5723,0.5744,5,3,5,603063,2547,104556,3400,0.023592945274000517,0.5717168320161425
5724,0.5745,4,2,4,603065,2545,104560,3396,0.02357441920782541,0.5716209392358189
5725,0.5746,4,2,4,603067,2543,104564,3392,0.0235558931416503,0.5715248525695029
5726,0.5747,4,5,4,603072,2538,104568,3388,0.02350957797621253,0.5717178535268309
5727,0.5748,5,3,5,603075,2535,104573,3383,0.023481788876949867,0.5716458262926665
5728,0.5749,5,5,5,603080,2530,104578,3378,0.023435473711512098,0.5717670954637779
5729,0.575,3,6,3,603086,2524,104581,3375,0.023379895512986772,0.5721308696389219
5730,0.5751,8,0,8,603086,2524,104589,3367,0.023379895512986772,0.5715498217620099
5731,0.5752,4,2,4,603088,2522,104593,3363,0.023361369446811664,0.5714528462192013
5732,0.5753,2,10,2,603098,2512,104595,3361,0.023268739115936122,0.5722799250808785
5733,0.5754,6,6,6,603104,2506,104601,3355,0.023213160917410797,0.5724279133253711
5734,0.5755,4,4,4,603108,2502,104605,3351,0.02317610878506058,0.5725269092772937
5735,0.5756,4,2,4,603110,2500,104609,3347,0.02315758271888547,0.5724303061399008
5736,0.5757,3,2,3,603112,2498,104612,3344,0.023139056652710363,0.5724067100308113
5737,0.5758,2,1,2,603113,2497,104614,3342,0.02312979361962281,0.5723582805274876
5738,0.5759,5,2,5,603115,2495,104619,3337,0.023111267553447702,0.5721879286694102
5739,0.576,6,0,6,603115,2495,104625,3331,0.023111267553447702,0.57174733951253
5740,0.5761,2,3,2,603118,2492,104627,3329,0.023083478454185038,0.5718948634255283
5741,0.5762,0,1,0,603119,2491,104627,3329,0.023074215421097485,0.5719931271477663
5742,0.5763,4,3,4,603122,2488,104631,3325,0.02304642632183482,0.5719938069843454
5743,0.5764,3,4,3,603126,2484,104634,3322,0.023009374189484604,0.5721667240785394
5744,0.5765,4,3,4,603129,2481,104638,3318,0.022981585090221943,0.5721676151060527
5745,0.5766,5,0,5,603129,2481,104643,3313,0.022981585090221943,0.5717984121505005
5746,0.5767,4,3,4,603132,2478,104647,3309,0.02295379599095928,0.5717988595127009
5747,0.5768,4,2,4,603134,2476,104651,3305,0.02293526992478417,0.5717003978550423
5748,0.5769,5,3,5,603137,2473,104656,3300,0.02290748082552151,0.5716265373289451
5749,0.577,2,6,2,603143,2467,104658,3298,0.022851902626996184,0.5720728534258456
5750,0.5771,4,8,4,603151,2459,104662,3294,0.02277779836229575,0.5725708326090735
5751,0.5772,2,3,2,603154,2456,104664,3292,0.022750009263033086,0.5727209464161448
5752,0.5773,2,2,2,603156,2454,104666,3290,0.022731483196857978,0.5727715877437326
5753,0.5774,2,1,2,603157,2453,104668,3288,0.022722220163770426,0.5727225222086745
5754,0.5775,4,4,4,603161,2449,104672,3284,0.02268516803142021,0.57282400139543
5755,0.5776,2,4,2,603165,2445,104674,3282,0.022648115899069992,0.573074908328968
5756,0.5777,4,1,4,603166,2444,104678,3278,0.022638852865982436,0.5728766165676337
5757,0.5778,6,5,6,603171,2439,104684,3272,0.022592537700544667,0.5729294344247943
5758,0.5779,4,5,4,603176,2434,104688,3268,0.022546222535106894,0.573132234303753
5759,0.578,5,3,5,603179,2431,104693,3263,0.022518433435844233,0.5730593607305936
5760,0.5781,1,1,1,603180,2430,104694,3262,0.022509170402756677,0.573085031623331
5761,0.5782,2,3,2,603183,2427,104696,3260,0.022481381303494016,0.573237207666608
5762,0.5783,1,3,1,603186,2424,104697,3259,0.022453592204231352,0.5734647193383776
5763,0.5784,3,2,3,603188,2422,104700,3256,0.022435066138056244,0.5734413525889398
5764,0.5785,1,3,1,603191,2419,104701,3255,0.022407277038793583,0.5736693690518153
5765,0.5786,5,1,5,603192,2418,104706,3250,0.022398014005706027,0.573394495412844
5766,0.5787,5,2,5,603194,2416,104711,3245,0.02237948793953092,0.5732202791026321
5767,0.5788,4,3,4,603197,2413,104715,3241,0.022351698840268257,0.5732224973470109
5768,0.5789,5,3,5,603200,2410,104720,3236,0.022323909741005597,0.5731491321289408
5769,0.579,2,3,2,603203,2407,104722,3234,0.022296120641742932,0.573302605920936
5770,0.5791,6,5,6,603208,2402,104728,3228,0.022249805476305163,0.5733570159857904
5771,0.5792,2,2,2,603210,2400,104730,3226,0.022231279410130055,0.5734091717028084
5772,0.5793,6,5,6,603215,2395,104736,3220,0.022184964244692282,0.5734639358860196
5773,0.5794,2,1,2,603216,2394,104738,3218,0.02217570121160473,0.5734141126158232
5774,0.5795,3,7,3,603223,2387,104741,3215,0.022110859979991848,0.5739021777936452
5775,0.5796,2,3,2,603226,2384,104743,3213,0.022083070880729187,0.5740575308200822
5776,0.5797,5,4,5,603230,2380,104748,3208,0.02204601874837897,0.5740873299928418
5777,0.5798,4,5,4,603235,2375,104752,3204,0.021999703582941198,0.5742964689012368
5778,0.5799,4,2,4,603237,2373,104756,3200,0.02198117751676609,0.5741970213529517
5779,0.58,4,4,4,603241,2369,104760,3196,0.021944125384415872,0.574303683737646
5780,0.5801,4,2,4,603243,2367,104764,3192,0.021925599318240764,0.5742039935240151
5781,0.5802,4,1,4,603244,2366,104768,3188,0.02191633628515321,0.5740007202016565
5782,0.5803,3,3,3,603247,2363,104771,3185,0.021888547185890547,0.5740807498197549
5783,0.5804,4,3,4,603250,2360,104775,3181,0.021860758086627886,0.5740841003428984
5784,0.5805,6,7,6,603257,2353,104781,3175,0.021795916855015005,0.5743487698986975
5785,0.5806,3,4,3,603261,2349,104784,3172,0.02175886472266479,0.574533598985691
5786,0.5807,5,3,5,603264,2346,104789,3167,0.021731075623402128,0.5744603664066751
5787,0.5808,10,4,10,603268,2342,104799,3157,0.02169402349105191,0.574104382615021
5788,0.5809,3,0,3,603268,2342,104802,3154,0.02169402349105191,0.5738719068413392
5789,0.581,2,2,2,603270,2340,104804,3152,0.021675497424876802,0.5739257101238164
5790,0.5811,4,4,4,603274,2336,104808,3148,0.021638445292526585,0.574033552151714
5791,0.5812,1,5,1,603279,2331,104809,3147,0.021592130127088813,0.5744797371303395
5792,0.5813,3,6,3,603285,2325,104812,3144,0.021536551928563488,0.5748765770707625
5793,0.5814,3,3,3,603288,2322,104815,3141,0.021508762829300827,0.5749588138385503
5794,0.5815,5,1,5,603289,2321,104820,3136,0.02149949979621327,0.5746747297049661
5795,0.5816,3,4,3,603293,2317,104823,3133,0.021462447663863054,0.5748623853211009
5796,0.5817,3,1,3,603294,2316,104826,3130,0.0214531846307755,0.5747337495409475
5797,0.5818,4,2,4,603296,2314,104830,3126,0.021434658564600393,0.5746323529411764
5798,0.5819,2,1,2,603297,2313,104832,3124,0.021425395531512837,0.5745815707191466
5799,0.582,4,3,4,603300,2310,104836,3120,0.021397606432250176,0.574585635359116
5800,0.5821,5,3,5,603303,2307,104841,3115,0.021369817332987512,0.5745112504610844
5801,0.5822,5,5,5,603308,2302,104846,3110,0.021323502167549743,0.574648928307465
5802,0.5823,6,4,6,603312,2298,104852,3104,0.021286450035199526,0.5746019992595335
5803,0.5824,7,2,7,603314,2296,104859,3097,0.021267923969024417,0.574262933432227
5804,0.5825,3,3,3,603317,2293,104862,3094,0.021240134869761756,0.5743456469277891
5805,0.5826,4,3,4,603320,2290,104866,3090,0.021212345770499092,0.5743494423791822
5806,0.5827,1,4,1,603324,2286,104867,3089,0.021175293638148875,0.5746976744186046
5807,0.5828,9,2,9,603326,2284,104876,3080,0.021156767571973767,0.5741983594332588
5808,0.5829,3,6,3,603332,2278,104879,3077,0.02110118937344844,0.5746031746031746
5809,0.583,6,1,6,603333,2277,104885,3071,0.02109192634036089,0.5742333582647718
5810,0.5831,5,4,5,603337,2273,104890,3066,0.021054874208010672,0.5742648436036711
5811,0.5832,5,4,5,603341,2269,104895,3061,0.021017822075660456,0.574296435272045
5812,0.5833,1,3,1,603344,2266,104896,3060,0.02099003297639779,0.5745399924896732
5813,0.5834,2,1,2,603345,2265,104898,3058,0.02098076994331024,0.5744880706368589
5814,0.5835,4,9,4,603354,2256,104902,3054,0.02089740264552225,0.5751412429378531
5815,0.5836,6,3,6,603357,2253,104908,3048,0.02086961354625959,0.5749858517260894
5816,0.5837,8,3,8,603360,2250,104916,3040,0.020841824446996924,0.5746691871455577
5817,0.5838,0,3,0,603363,2247,104916,3040,0.020814035347734263,0.5749952714204652
5818,0.5839,1,3,1,603366,2244,104917,3039,0.0207862462484716,0.5752413401476434
5819,0.584,2,1,2,603367,2243,104919,3037,0.020776983215384046,0.575189393939394
5820,0.5841,3,3,3,603370,2240,104922,3034,0.020749194116121382,0.5752749336367083
5821,0.5842,3,6,3,603376,2234,104925,3031,0.020693615917596057,0.5756885090218423
5822,0.5843,2,3,2,603379,2231,104927,3029,0.020665826818333396,0.5758555133079848
5823,0.5844,5,5,5,603384,2226,104932,3024,0.020619511652895623,0.576
5824,0.5845,5,2,5,603386,2224,104937,3019,0.020600985586720515,0.5758153728781232
5825,0.5846,5,3,5,603389,2221,104942,3014,0.020573196487457854,0.5757402101241643
5826,0.5847,4,2,4,603391,2219,104946,3010,0.020554670421282745,0.5756358768406962
5827,0.5848,3,1,3,603392,2218,104949,3007,0.02054540738819519,0.5755023923444976
5828,0.5849,2,0,2,603392,2218,104951,3005,0.02054540738819519,0.575339843002106
5829,0.585,9,4,9,603396,2214,104960,2996,0.020508355255844973,0.5750479846449136
5830,0.5851,5,3,5,603399,2211,104965,2991,0.020480566156582312,0.5749711649365629
5831,0.5852,6,2,6,603401,2209,104971,2985,0.020462040090407203,0.5747015787447054
5832,0.5853,7,7,7,603408,2202,104978,2978,0.020397198858794322,0.5749034749034749
5833,0.5854,4,6,4,603414,2196,104982,2974,0.020341620660268997,0.5752417794970986
5834,0.5855,1,6,1,603420,2190,104983,2973,0.02028604246174367,0.5758280069726903
5835,0.5856,3,7,3,603427,2183,104986,2970,0.020221201230130794,0.5763632835241607
5836,0.5857,0,2,0,603429,2181,104986,2970,0.020202675163955686,0.5765870704717531
5837,0.5858,6,3,6,603432,2178,104992,2964,0.020174886064693025,0.5764294049008168
5838,0.5859,3,4,3,603436,2174,104995,2961,0.020137833932342808,0.5766309639727362
5839,0.586,2,4,2,603440,2170,104997,2959,0.02010078179999259,0.5769155780853967
5840,0.5861,5,0,5,603440,2170,105002,2954,0.02010078179999259,0.5765027322404371
5841,0.5862,4,2,4,603442,2168,105006,2950,0.020082255733817483,0.5763970300898789
5842,0.5863,6,7,6,603449,2161,105012,2944,0.0200174145022046,0.5766895200783545
5843,0.5864,7,1,7,603450,2160,105019,2937,0.02000815146911705,0.5762213066509712
5844,0.5865,9,5,9,603455,2155,105028,2928,0.019961836303679276,0.5760377729687193
5845,0.5866,5,1,5,603456,2154,105033,2923,0.019952573270591724,0.5757337010045303
5846,0.5867,2,2,2,603458,2152,105035,2921,0.019934047204416615,0.5757934161245811
5847,0.5868,3,2,3,603460,2150,105038,2918,0.019915521138241507,0.5757695343330702
5848,0.5869,4,1,4,603461,2149,105042,2914,0.01990625810515395,0.5755480940154059
5849,0.587,3,1,3,603462,2148,105045,2911,0.0198969950720664,0.5754101601106938
5850,0.5871,5,2,5,603464,2146,105050,2906,0.01987846900589129,0.5752177355502771
5851,0.5872,5,5,5,603469,2141,105055,2901,0.019832153840453517,0.5753669178897263
5852,0.5873,3,2,3,603471,2139,105058,2898,0.01981362777427841,0.5753424657534246
5853,0.5874,6,1,6,603472,2138,105064,2892,0.019804364741190857,0.5749502982107356
5854,0.5875,2,2,2,603474,2136,105066,2890,0.019785838675015748,0.5750099482690012
5855,0.5876,5,3,5,603477,2133,105071,2885,0.019758049575753084,0.5749302510960542
5856,0.5877,4,4,4,603481,2129,105075,2881,0.019720997443402867,0.5750499001996008
5857,0.5878,3,7,3,603488,2122,105078,2878,0.01965615621178999,0.5756
5858,0.5879,7,1,7,603489,2121,105085,2871,0.019646893178702433,0.5751201923076923
5859,0.588,1,4,1,603493,2117,105086,2870,0.019609841046352217,0.5754962903549228
5860,0.5881,2,5,2,603498,2112,105088,2868,0.019563525880914447,0.5759036144578313
5861,0.5882,7,4,7,603502,2108,105095,2861,0.01952647374856423,0.5757697725900583
5862,0.5883,5,4,5,603506,2104,105100,2856,0.019489421616214014,0.5758064516129032
5863,0.5884,2,2,2,603508,2102,105102,2854,0.019470895550038905,0.5758676351896691
5864,0.5885,4,1,4,603509,2101,105106,2850,0.01946163251695135,0.5756412845889719
5865,0.5886,0,8,0,603517,2093,105106,2850,0.019387528252250916,0.5765729314181671
5866,0.5887,3,3,3,603520,2090,105109,2847,0.019359739152988255,0.5766659914928094
5867,0.5888,1,1,1,603521,2089,105110,2846,0.0193504761199007,0.5766970618034448
5868,0.5889,3,2,3,603523,2087,105113,2843,0.01933195005372559,0.5766734279918864
5869,0.589,4,5,4,603528,2082,105117,2839,0.01928563488828782,0.5769152611257874
5870,0.5891,3,5,3,603533,2077,105120,2836,0.01923931972285005,0.5772440464074904
5871,0.5892,2,4,2,603537,2073,105122,2834,0.01920226759049983,0.5775422865294477
5872,0.5893,1,5,1,603542,2068,105123,2833,0.019155952425062062,0.5780452968781882
5873,0.5894,4,3,4,603545,2065,105127,2829,0.0191281633257994,0.5780547609317531
5874,0.5895,1,3,1,603548,2062,105128,2828,0.019100374226536737,0.5783231083844581
5875,0.5896,6,5,6,603553,2057,105134,2822,0.019054059061098968,0.578397212543554
5876,0.5897,1,2,1,603555,2055,105135,2821,0.01903553299492386,0.5785479901558654
5877,0.5898,6,3,6,603558,2052,105141,2815,0.019007743895661195,0.5783850421204028
5878,0.5899,6,2,6,603560,2050,105147,2809,0.018989217829486087,0.578102490224326
5879,0.59,1,0,1,603560,2050,105148,2808,0.018989217829486087,0.5780156442980651
5880,0.5901,6,4,6,603564,2046,105154,2802,0.01895216569713587,0.5779702970297029
5881,0.5902,5,3,5,603567,2043,105159,2797,0.01892437659787321,0.577892561983471
5882,0.5903,2,4,2,603571,2039,105161,2795,0.018887324465522992,0.5781961108812578
5883,0.5904,5,3,5,603574,2036,105166,2790,0.018859535366260328,0.578118524658102
5884,0.5905,5,3,5,603577,2033,105171,2785,0.018831746266997667,0.5780406807804068
5885,0.5906,3,4,3,603581,2029,105174,2782,0.01879469413464745,0.5782581583870298
5886,0.5907,4,2,4,603583,2027,105178,2778,0.01877616806847234,0.5781477627471384
5887,0.5908,6,3,6,603586,2024,105184,2772,0.018748378969209677,0.5779816513761468
5888,0.5909,2,1,2,603587,2023,105186,2770,0.018739115936122125,0.5779261422908408
5889,0.591,4,3,4,603590,2020,105190,2766,0.01871132683685946,0.5779356456330965
5890,0.5911,1,1,1,603591,2019,105191,2765,0.018702063803771908,0.5779682274247492
5891,0.5912,3,3,3,603594,2016,105194,2762,0.018674274704509244,0.5780661364587694
5892,0.5913,2,2,2,603596,2014,105196,2760,0.018655748638334135,0.5781315458734814
5893,0.5914,2,2,2,603598,2012,105198,2758,0.018637222572159027,0.5781970649895178
5894,0.5915,7,1,7,603599,2011,105205,2751,0.018627959539071474,0.5776984460310793
5895,0.5916,4,5,4,603604,2006,105209,2747,0.0185816443736337,0.5779507679360404
5896,0.5917,8,1,8,603605,2005,105217,2739,0.01857238134054615,0.5773608768971332
5897,0.5918,3,5,3,603610,2000,105220,2736,0.018526066175108376,0.5777027027027027
5898,0.5919,3,3,3,603613,1997,105223,2733,0.018498277075845716,0.5778012684989429
5899,0.592,4,1,4,603614,1996,105227,2729,0.01848901404275816,0.5775661375661376
5900,0.5921,4,5,4,603619,1991,105231,2725,0.01844269887732039,0.5778201865988125
5901,0.5922,6,5,6,603624,1986,105237,2719,0.018396383711882618,0.5778958554729011
5902,0.5923,4,6,4,603630,1980,105241,2715,0.018340805513357292,0.5782747603833865
5903,0.5924,4,4,4,603634,1976,105245,2711,0.018303753381007076,0.5784083635587796
5904,0.5925,3,5,3,603639,1971,105248,2708,0.018257438215569306,0.5787561444753152
5905,0.5926,3,1,3,603640,1970,105251,2705,0.01824817518248175,0.5786096256684492
5906,0.5927,3,3,3,603643,1967,105254,2702,0.01822038608321909,0.5787106446776612
5907,0.5928,2,4,2,603647,1963,105256,2700,0.018183333950868873,0.5790263778683251
5908,0.5929,2,3,2,603650,1960,105258,2698,0.01815554485160621,0.579218548733362
5909,0.593,3,0,3,603650,1960,105261,2695,0.01815554485160621,0.5789473684210527
5910,0.5931,2,5,2,603655,1955,105263,2693,0.01810922968616844,0.5793889845094664
5911,0.5932,0,2,0,603657,1953,105263,2693,0.01809070361999333,0.5796383986224709
5912,0.5933,1,4,1,603661,1949,105264,2692,0.018053651487643114,0.5800474035768154
5913,0.5934,4,3,4,603664,1946,105268,2688,0.018025862388380453,0.5800604229607251
5914,0.5935,2,0,2,603664,1946,105270,2686,0.018025862388380453,0.5798791018998273
5915,0.5936,2,2,2,603666,1944,105272,2684,0.018007336322205345,0.5799481417458946
5916,0.5937,5,4,5,603670,1940,105277,2679,0.017970284189855128,0.5799956700584542
5917,0.5938,1,8,1,603678,1932,105278,2678,0.017896179925154694,0.5809110629067246
5918,0.5939,0,2,0,603680,1930,105278,2678,0.017877653858979586,0.5811631944444444
5919,0.594,5,2,5,603682,1928,105283,2673,0.017859127792804477,0.5809606607259291
5920,0.5941,4,2,4,603684,1926,105287,2669,0.01784060172662937,0.5808487486398259
5921,0.5942,4,2,4,603686,1924,105291,2665,0.01782207566045426,0.5807365439093485
5922,0.5943,5,1,5,603687,1923,105296,2660,0.017812812627366705,0.5804058476980144
5923,0.5944,1,2,1,603689,1921,105297,2659,0.017794286561191596,0.5805676855895197
5924,0.5945,4,4,4,603693,1917,105301,2655,0.01775723442884138,0.5807086614173228
5925,0.5946,6,2,6,603695,1915,105307,2649,0.01773870836266627,0.5804119193689746
5926,0.5947,6,2,6,603697,1913,105313,2643,0.017720182296491162,0.5801141352063214
5927,0.5948,4,6,4,603703,1907,105317,2639,0.017664604097965837,0.5805103387593489
5928,0.5949,2,3,2,603706,1904,105319,2637,0.017636814998703176,0.5807090949130147
5929,0.595,2,2,2,603708,1902,105321,2635,0.017618288932528068,0.5807802512673573
5930,0.5951,4,2,4,603710,1900,105325,2631,0.01759976286635296,0.5806665195321121
5931,0.5952,2,2,2,603712,1898,105327,2629,0.01758123680017785,0.5807377954495251
5932,0.5953,4,3,4,603715,1895,105331,2625,0.017553447700915187,0.5807522123893806
5933,0.5954,2,1,2,603716,1894,105333,2623,0.017544184667827634,0.5806951516493247
5934,0.5955,5,3,5,603719,1891,105338,2618,0.01751639556856497,0.580616544688401
5935,0.5956,5,2,5,603721,1889,105343,2613,0.01749786950238986,0.5804087072412262
5936,0.5957,3,2,3,603723,1887,105346,2610,0.017479343436214753,0.580386924616411
5937,0.5958,4,4,4,603727,1883,105350,2606,0.017442291303864536,0.5805301848964135
5938,0.5959,4,2,4,603729,1881,105354,2602,0.017423765237689428,0.5804149007361142
5939,0.596,2,4,2,603733,1877,105356,2600,0.01738671310533921,0.5807460352914898
5940,0.5961,3,1,3,603734,1876,105359,2597,0.01737745007225166,0.5805946791862285
5941,0.5962,1,4,1,603738,1872,105360,2596,0.017340397939901442,0.5810205908683975
5942,0.5963,4,1,4,603739,1871,105364,2592,0.017331134906813886,0.5807752632758234
5943,0.5964,3,3,3,603742,1868,105367,2589,0.017303345807551225,0.580884002692394
5944,0.5965,0,3,0,603745,1865,105367,2589,0.01727555670828856,0.581275258194881
5945,0.5966,1,1,1,603746,1864,105368,2588,0.017266293675201008,0.5813117699910153
5946,0.5967,4,6,4,603752,1858,105372,2584,0.017210715476675683,0.5817199459702836
5947,0.5968,3,4,3,603756,1854,105375,2581,0.017173663344325466,0.5819616685456596
5948,0.5969,2,1,2,603757,1853,105377,2579,0.01716440031123791,0.581904332129964
5949,0.597,0,4,0,603761,1849,105377,2579,0.017127348178887693,0.5824299909665763
5950,0.5971,2,5,2,603766,1844,105379,2577,0.017081033013449924,0.582899796426148
5951,0.5972,2,3,2,603769,1841,105381,2575,0.01705324391418726,0.5831068840579711
5952,0.5973,4,1,4,603770,1840,105385,2571,0.017043980881099707,0.5828610292450691
5953,0.5974,2,1,2,603771,1839,105387,2569,0.01703471784801215,0.5828039927404719
5954,0.5975,6,3,6,603774,1836,105393,2563,0.01700692874874949,0.582632416458286
5955,0.5976,2,5,2,603779,1831,105395,2561,0.01696061358331172,0.5831056466302368
5956,0.5977,4,1,4,603780,1830,105399,2557,0.016951350550224165,0.582858445406884
5957,0.5978,3,1,3,603781,1829,105402,2554,0.016942087517136613,0.5827059091946155
5958,0.598,1,2,1,603783,1827,105403,2553,0.016923561450961504,0.5828767123287671
5959,0.5981,2,3,2,603786,1824,105405,2551,0.01689577235169884,0.5830857142857143
5960,0.5982,3,1,3,603787,1823,105408,2548,0.016886509318611288,0.5829329672843743
5961,0.5983,4,7,4,603794,1816,105412,2544,0.016821668086998406,0.5834862385321101
5962,0.5984,1,2,1,603796,1814,105413,2543,0.016803142020823298,0.5836584806059215
5963,0.5985,1,1,1,603797,1813,105414,2542,0.016793878987735746,0.5836969001148106
5964,0.5986,4,1,4,603798,1812,105418,2538,0.01678461595464819,0.5834482758620689
5965,0.5987,4,1,4,603799,1811,105422,2534,0.016775352921560637,0.5831990794016111
5966,0.5988,4,2,4,603801,1809,105426,2530,0.01675682685538553,0.5830836598294538
5967,0.5989,3,5,3,603806,1804,105429,2527,0.016710511689947756,0.5834680212422073
5968,0.599,2,2,2,603808,1802,105431,2525,0.016691985623772648,0.583545181418997
5969,0.5991,1,5,1,603813,1797,105432,2524,0.01664567045833488,0.5841240453598704
5970,0.5992,1,2,1,603815,1795,105433,2523,0.01662714439215977,0.5842982862436313
5971,0.5993,2,4,2,603819,1791,105435,2521,0.016590092259809553,0.5846474953617811
5972,0.5994,1,4,1,603823,1787,105436,2520,0.016553040127459336,0.5850940329695844
5973,0.5995,3,1,3,603824,1786,105439,2517,0.01654377709437178,0.5849407390192889
5974,0.5996,5,5,5,603829,1781,105444,2512,0.01649746192893401,0.5851385977172141
5975,0.5997,4,2,4,603831,1779,105448,2508,0.016478935862758903,0.5850244926522044
5976,0.5998,3,4,3,603835,1775,105451,2505,0.016441883730408686,0.5852803738317757
5977,0.5999,2,2,2,603837,1773,105453,2503,0.016423357664233577,0.5853601496725912
5978,0.6,4,2,4,603839,1771,105457,2499,0.01640483159805847,0.5852459016393443
5979,0.6001,2,1,2,603840,1770,105459,2497,0.016395568564970913,0.5851886571361612
5980,0.6002,3,2,3,603842,1768,105462,2494,0.016377042498795805,0.5851712810886908
5981,0.6003,5,1,5,603843,1767,105467,2489,0.016367779465708252,0.5848214285714286
5982,0.6004,5,3,5,603846,1764,105472,2484,0.016339990366445588,0.5847457627118644
5983,0.6005,3,6,3,603852,1758,105475,2481,0.016284412167920263,0.5852795470629866
5984,0.6006,5,2,5,603854,1756,105480,2476,0.016265886101745154,0.5850661625708885
5985,0.6007,3,4,3,603858,1752,105483,2473,0.016228833969394937,0.5853254437869823
5986,0.6008,2,7,2,603865,1745,105485,2471,0.01616399273778206,0.586100569259962
5987,0.6009,2,1,2,603866,1744,105487,2469,0.016154729704694504,0.5860431996202231
5988,0.601,7,1,7,603867,1743,105494,2462,0.01614546667160695,0.5854934601664685
5989,0.6011,3,1,3,603868,1742,105497,2459,0.016136203638519395,0.5853368245655797
5990,0.6012,6,3,6,603871,1739,105503,2453,0.016108414539256734,0.5851622137404581
5991,0.6013,4,3,4,603874,1736,105507,2449,0.01608062543999407,0.5851851851851851
5992,0.6014,4,0,4,603874,1736,105511,2445,0.01608062543999407,0.58478832815116
5993,0.6015,4,1,4,603875,1735,105515,2441,0.016071362406906518,0.5845306513409961
5994,0.6016,3,0,3,603875,1735,105518,2438,0.016071362406906518,0.5842319674095375
5995,0.6017,6,2,6,603877,1733,105524,2432,0.01605283634073141,0.5839135654261705
5996,0.6018,3,1,3,603878,1732,105527,2429,0.016043573307643853,0.5837539053112233
5997,0.6019,2,2,2,603880,1730,105529,2427,0.016025047241468745,0.5838344960307914
5998,0.602,1,2,1,603882,1728,105530,2426,0.016006521175293636,0.5840154068367838
5999,0.6021,1,5,1,603887,1723,105531,2425,0.015960206009855867,0.584619093539055
6000,0.6022,2,1,2,603888,1722,105533,2423,0.015950942976768315,0.5845597104945718
6001,0.6023,7,3,7,603891,1719,105540,2416,0.01592315387750565,0.5842805320435308
6002,0.6024,3,1,3,603892,1718,105543,2413,0.015913890844418098,0.5841200677801985
6003,0.6025,4,0,4,603892,1718,105547,2409,0.015913890844418098,0.5837169857039012
6004,0.6026,2,3,2,603895,1715,105549,2407,0.015886101745155434,0.5839398350315381
6005,0.6027,2,2,2,603897,1713,105551,2405,0.015867575678980325,0.5840213695968917
6006,0.6028,3,5,3,603902,1708,105554,2402,0.015821260513542556,0.5844282238442823
6007,0.6029,2,3,2,603905,1705,105556,2400,0.01579347141427989,0.584652862362972
6008,0.603,2,4,2,603909,1701,105558,2398,0.015756419281929675,0.5850207367650646
6009,0.6031,3,0,3,603909,1701,105561,2395,0.015756419281929675,0.584716796875
6010,0.6032,2,2,2,603911,1699,105563,2393,0.015737893215754566,0.5847996089931574
6011,0.6033,3,2,3,603913,1697,105566,2390,0.015719367149579458,0.5847810129679472
6012,0.6034,2,3,2,603916,1694,105568,2388,0.015691578050316797,0.5850073493385596
6013,0.6035,0,1,0,603917,1693,105568,2388,0.01568231501722924,0.5851506983582455
6014,0.6036,4,1,4,603918,1692,105572,2384,0.01567305198414169,0.5848871442590775
6015,0.6037,2,5,2,603923,1687,105574,2382,0.015626736818703916,0.5854018186286557
6016,0.6038,0,2,0,603925,1685,105574,2382,0.015608210752528807,0.5856896975657733
6017,0.6039,7,2,7,603927,1683,105581,2375,0.015589684686353699,0.5852636766880237
6018,0.604,6,1,6,603928,1682,105587,2369,0.015580421653266145,0.5847938780548013
6019,0.6041,4,2,4,603930,1680,105591,2365,0.015561895587091036,0.584672435105068
6020,0.6042,4,2,4,603932,1678,105595,2361,0.015543369520915928,0.5845506313443922
6021,0.6043,1,4,1,603936,1674,105596,2360,0.015506317388565711,0.585027268220129
6022,0.6044,1,4,1,603940,1670,105597,2359,0.015469265256215494,0.5855050881111938
6023,0.6045,4,2,4,603942,1668,105601,2355,0.015450739190040386,0.5853840417598807
6024,0.6046,4,1,4,603943,1667,105605,2351,0.015441476156952832,0.5851169736187157
6025,0.6047,2,1,2,603944,1666,105607,2349,0.015432213123865278,0.5850560398505604
6026,0.6048,7,3,7,603947,1663,105614,2342,0.015404424024602617,0.584769038701623
6027,0.6049,4,1,4,603948,1662,105618,2338,0.015395160991515063,0.5845
6028,0.605,1,0,1,603948,1662,105619,2337,0.015395160991515063,0.5843960990247562
6029,0.6051,6,3,6,603951,1659,105625,2331,0.0153673718922524,0.5842105263157895
6030,0.6052,1,9,1,603960,1650,105626,2330,0.015284004594464412,0.585427135678392
6031,0.6053,4,0,4,603960,1650,105630,2326,0.015284004594464412,0.5850100603621731
6032,0.6054,1,4,1,603964,1646,105631,2325,0.015246952462114195,0.5854948375724
6033,0.6055,5,4,5,603968,1642,105636,2320,0.015209900329763978,0.585562847046946
6034,0.6056,4,3,4,603971,1639,105640,2316,0.015182111230501316,0.5855878634639696
6035,0.6057,4,2,4,603973,1637,105644,2312,0.015163585164326207,0.5854646746011648
6036,0.6058,1,7,1,603980,1630,105645,2311,0.015098743932713328,0.5863993910175083
6037,0.6059,3,2,3,603982,1628,105648,2308,0.01508021786653822,0.5863821138211383
6038,0.606,5,3,5,603985,1625,105653,2303,0.015052428767275557,0.5863034623217923
6039,0.6061,6,0,6,603985,1625,105659,2297,0.015052428767275557,0.585670576236614
6040,0.6062,3,1,3,603986,1624,105662,2294,0.015043165734188003,0.5855028075548749
6041,0.6063,2,4,2,603990,1620,105664,2292,0.015006113601837786,0.5858895705521472
6042,0.6064,4,0,4,603990,1620,105668,2288,0.015006113601837786,0.5854657113613101
6043,0.6065,4,2,4,603992,1618,105672,2284,0.014987587535662678,0.5853408508457202
6044,0.6066,3,1,3,603993,1617,105675,2281,0.014978324502575123,0.5851718830169318
6045,0.6067,4,1,4,603994,1616,105679,2277,0.014969061469487569,0.5848959671204726
6046,0.6068,1,1,1,603995,1615,105680,2276,0.014959798436400015,0.5849396042148548
6047,0.6069,4,3,4,603998,1612,105684,2272,0.014932009337137352,0.5849639546858908
6048,0.607,5,1,5,603999,1611,105689,2267,0.014922746304049798,0.5845796802475502
6049,0.6071,5,4,5,604003,1607,105694,2262,0.014885694171699581,0.5846471956577927
6050,0.6072,2,3,2,604006,1604,105696,2260,0.014857905072436919,0.5848861283643892
6051,0.6073,3,4,3,604010,1600,105699,2257,0.014820852940086702,0.5851698211044853
6052,0.6074,3,3,3,604013,1597,105702,2254,0.01479306384082404,0.5853025188262789
6053,0.6075,4,3,4,604016,1594,105706,2250,0.014765274741561377,0.5853277835587929
6054,0.6076,2,1,2,604017,1593,105708,2248,0.014756011708473822,0.5852642541004947
6055,0.6077,3,5,3,604022,1588,105711,2245,0.014709696543036051,0.5857031046177928
6056,0.6078,4,3,4,604025,1585,105715,2241,0.014681907443773389,0.5857292211186618
6057,0.6079,1,4,1,604029,1581,105716,2240,0.014644855311423172,0.5862339701648783
6058,0.608,1,1,1,604030,1580,105717,2239,0.014635592278335618,0.586279130662477
6059,0.6081,6,0,6,604030,1580,105723,2233,0.014635592278335618,0.5856281143456595
6060,0.6082,4,5,4,604035,1575,105727,2229,0.014589277112897847,0.5859621451104101
6061,0.6083,3,5,3,604040,1570,105730,2226,0.014542961947460076,0.5864067439409906
6062,0.6084,4,1,4,604041,1569,105734,2222,0.014533698914372522,0.5861250329728304
6063,0.6085,2,3,2,604044,1566,105736,2220,0.014505909815109859,0.5863708399366085
6064,0.6086,1,4,1,604048,1562,105737,2219,0.014468857682759642,0.5868817773075906
6065,0.6087,5,2,5,604050,1560,105742,2214,0.014450331616584534,0.5866454689984102
6066,0.6088,4,5,4,604055,1555,105746,2210,0.014404016451146763,0.5869853917662683
6067,0.6089,1,2,1,604057,1553,105747,2209,0.014385490384971654,0.5871876661350346
6068,0.609,4,1,4,604058,1552,105751,2205,0.0143762273518841,0.586904445035933
6069,0.6091,2,2,2,604060,1550,105753,2203,0.014357701285708993,0.5869970690114575
6070,0.6092,3,4,3,604064,1546,105756,2200,0.014320649153358777,0.587293112653497
6071,0.6093,1,1,1,604065,1545,105757,2199,0.014311386120271222,0.5873397435897436
6072,0.6094,4,4,4,604069,1541,105761,2195,0.014274333987921006,0.5875267665952891
6073,0.6095,3,2,3,604071,1539,105764,2192,0.014255807921745897,0.5875100509246851
6074,0.6096,3,2,3,604073,1537,105767,2189,0.014237281855570789,0.5874932903918412
6075,0.6097,2,4,2,604077,1533,105769,2187,0.014200229723220572,0.5879032258064516
6076,0.6098,3,1,3,604078,1532,105772,2184,0.014190966690133018,0.5877287405812702
6077,0.6099,2,3,2,604081,1529,105774,2182,0.014163177590870355,0.5879816760980867
6078,0.61,2,1,2,604082,1528,105776,2180,0.014153914557782801,0.5879180151024811
6079,0.6101,3,1,3,604083,1527,105779,2177,0.014144651524695247,0.587742980561555
6080,0.6102,3,5,3,604088,1522,105782,2174,0.014098336359257476,0.5882034632034632
6081,0.6103,2,4,2,604092,1518,105784,2172,0.014061284226907259,0.5886178861788618
6082,0.6104,4,4,4,604096,1514,105788,2168,0.014024232094557042,0.5888104291146117
6083,0.6105,3,5,3,604101,1509,105791,2165,0.013977916929119271,0.5892759934676103
6084,0.6106,10,2,10,604103,1507,105801,2155,0.013959390862944163,0.5884762424904424
6085,0.6107,3,4,3,604107,1503,105804,2152,0.013922338730593946,0.5887824897400821
6086,0.6108,2,1,2,604108,1502,105806,2150,0.013913075697506392,0.5887185104052574
6087,0.6109,1,1,1,604109,1501,105807,2149,0.013903812664418837,0.5887671232876712
6088,0.611,3,3,3,604112,1498,105810,2146,0.013876023565156175,0.5889132821075741
6089,0.6111,4,3,4,604115,1495,105814,2142,0.013848234465893512,0.5889469342864999
6090,0.6112,7,1,7,604116,1494,105821,2135,0.013838971432805958,0.5883163405896942
6091,0.6113,4,2,4,604118,1492,105825,2131,0.01382044536663085,0.5881865857024565
6092,0.6114,2,2,2,604120,1490,105827,2129,0.013801919300455741,0.5882840563691627
6093,0.6115,0,2,0,604122,1488,105827,2129,0.013783393234280633,0.5886093447608516
6094,0.6116,4,3,4,604125,1485,105831,2125,0.01375560413501797,0.5886426592797784
6095,0.6117,9,1,9,604126,1484,105840,2116,0.013746341101930416,0.5877777777777777
6096,0.6118,1,2,1,604128,1482,105841,2115,0.013727815035755308,0.5879899916597164
6097,0.6119,1,2,1,604130,1480,105842,2114,0.0137092889695802,0.5882025598219255
6098,0.612,2,0,2,604130,1480,105844,2112,0.0137092889695802,0.5879732739420935
6099,0.6121,4,2,4,604132,1478,105848,2108,0.01369076290340509,0.5878416062465143
6100,0.6122,3,1,3,604133,1477,105851,2105,0.013681499870317537,0.5876605248464545
6101,0.6123,2,3,2,604136,1474,105853,2103,0.013653710771054874,0.5879228403690243
6102,0.6124,1,1,1,604137,1473,105854,2102,0.01364444773796732,0.587972027972028
6103,0.6125,1,5,1,604142,1468,105855,2101,0.013598132572529549,0.588680302605772
6104,0.6126,3,4,3,604146,1464,105858,2098,0.013561080440179332,0.5889949466591803
6105,0.6127,4,1,4,604147,1463,105862,2094,0.013551817407091778,0.5886983412988473
6106,0.6128,1,2,1,604149,1461,105863,2093,0.01353329134091667,0.5889138998311761
6107,0.6129,5,1,5,604150,1460,105868,2088,0.013524028307829115,0.588500563697858
6108,0.613,2,1,2,604151,1459,105870,2086,0.01351476527474156,0.5884344146685473
6109,0.6131,5,1,5,604152,1458,105875,2081,0.013505502241654007,0.5880192144673637
6110,0.6132,1,3,1,604155,1455,105876,2080,0.013477713142391344,0.5884016973125884
6111,0.6133,2,7,2,604162,1448,105878,2078,0.013412871910778465,0.5893363584798639
6112,0.6134,5,1,5,604163,1447,105883,2073,0.01340360887769091,0.5889204545454545
6113,0.6135,2,3,2,604166,1444,105885,2071,0.013375819778428248,0.5891891891891892
6114,0.6136,4,2,4,604168,1442,105889,2067,0.01335729371225314,0.5890567113137646
6115,0.6137,4,2,4,604170,1440,105893,2063,0.013338767646078031,0.5889237796174708
6116,0.6138,3,1,3,604171,1439,105896,2060,0.013329504612990477,0.5887396398971134
6117,0.6139,1,3,1,604174,1436,105897,2059,0.013301715513727814,0.5891273247496424
6118,0.614,0,3,0,604177,1433,105897,2059,0.013273926414465153,0.5896334478808706
6119,0.6141,2,4,2,604181,1429,105899,2057,0.013236874282114936,0.5900745840504876
6120,0.6142,2,0,2,604181,1429,105901,2055,0.013236874282114936,0.5898392652123995
6121,0.6143,2,4,2,604185,1425,105903,2053,0.01319982214976472,0.590281771132835
6122,0.6144,2,3,2,604188,1422,105905,2051,0.013172033050502057,0.5905557155197236
6123,0.6145,6,1,6,604189,1421,105911,2045,0.013162770017414503,0.5900173110213502
6124,0.6146,3,1,3,604190,1420,105914,2042,0.013153506984326949,0.5898324667822068
6125,0.6147,1,3,1,604193,1417,105915,2041,0.013125717885064286,0.5902255639097744
6126,0.6148,2,2,2,604195,1415,105917,2039,0.013107191818889178,0.5903300521134917
6127,0.6149,4,0,4,604195,1415,105921,2035,0.013107191818889178,0.5898550724637681
6128,0.615,3,0,3,604195,1415,105924,2032,0.013107191818889178,0.5894981143022918
6129,0.6151,0,3,0,604198,1412,105924,2032,0.013079402719626515,0.5900116144018583
6130,0.6152,1,0,1,604198,1412,105925,2031,0.013079402719626515,0.5898925355794365
6131,0.6153,3,2,3,604200,1410,105928,2028,0.013060876653451407,0.5898778359511344
6132,0.6154,3,4,3,604204,1406,105931,2025,0.01302382452110119,0.5902069367531332
6133,0.6155,3,1,3,604205,1405,105934,2022,0.013014561488013636,0.5900204260285964
6134,0.6156,0,2,0,604207,1403,105934,2022,0.012996035421838527,0.5903649635036496
6135,0.6157,2,3,2,604210,1400,105936,2020,0.012968246322575865,0.5906432748538012
6136,0.6158,5,2,5,604212,1398,105941,2015,0.012949720256400756,0.5903896864928215
6137,0.6159,1,4,1,604216,1394,105942,2014,0.01291266812405054,0.590962441314554
6138,0.616,6,0,6,604216,1394,105948,2008,0.01291266812405054,0.5902410346854792
6139,0.6161,4,2,4,604218,1392,105952,2004,0.012894142057875431,0.5901060070671378
6140,0.6162,1,2,1,604220,1390,105953,2003,0.012875615991700323,0.5903330386089006
6141,0.6163,2,6,2,604226,1384,105955,2001,0.012820037793174997,0.5911373707533235
6142,0.6164,6,6,6,604232,1378,105961,1995,0.012764459594649672,0.59146160687815
6143,0.6165,1,3,1,604235,1375,105962,1994,0.01273667049538701,0.5918670228554467
6144,0.6166,2,0,2,604235,1375,105964,1992,0.01273667049538701,0.5916245916245916
6145,0.6167,3,2,3,604237,1373,105967,1989,0.012718144429211901,0.5916121356335514
6146,0.6168,2,1,2,604238,1372,105969,1987,0.012708881396124347,0.5915451027091396
6147,0.6169,2,3,2,604241,1369,105971,1985,0.012681092296861684,0.5918306499701849
6148,0.617,2,6,2,604247,1363,105973,1983,0.012625514098336359,0.5926479378362224
6149,0.6171,1,3,1,604250,1360,105974,1982,0.012597724999073696,0.5930580490724118
6150,0.6172,2,1,2,604251,1359,105976,1980,0.012588461965986142,0.5929919137466307
6151,0.6173,5,2,5,604253,1357,105981,1975,0.012569935899811034,0.5927370948379351
6152,0.6174,3,2,3,604255,1355,105984,1972,0.012551409833635925,0.5927261797415089
6153,0.6175,2,3,2,604258,1352,105986,1970,0.012523620734373263,0.5930162552679109
6154,0.6176,2,2,2,604260,1350,105988,1968,0.012505094668198154,0.593128390596745
6155,0.6177,3,1,3,604261,1349,105991,1965,0.0124958316351106,0.5929390464695232
6156,0.6178,1,2,1,604263,1347,105992,1964,0.012477305568935492,0.5931742675928723
6157,0.6179,6,0,6,604263,1347,105998,1958,0.012477305568935492,0.5924357034795764
6158,0.618,4,2,4,604265,1345,106002,1954,0.012458779502760383,0.5923006971809639
6159,0.6181,5,3,5,604268,1342,106007,1949,0.01243099040349772,0.5922212093588575
6160,0.6182,2,2,2,604270,1340,106009,1947,0.012412464337322612,0.5923334347429267
6161,0.6183,2,2,2,604272,1338,106011,1945,0.012393938271147504,0.5924459335973196
6162,0.6184,2,1,2,604273,1337,106013,1943,0.01238467523805995,0.5923780487804878
6163,0.6185,2,1,2,604274,1336,106015,1941,0.012375412204972396,0.5923100396704303
6164,0.6186,1,2,1,604276,1334,106016,1940,0.012356886138797287,0.592547342700061
6165,0.6187,5,1,5,604277,1333,106021,1935,0.012347623105709733,0.5921052631578947
6166,0.6188,1,3,1,604280,1330,106022,1934,0.01231983400644707,0.5925245098039216
6167,0.6189,3,1,3,604281,1329,106025,1931,0.012310570973359516,0.5923312883435583
6168,0.619,3,0,3,604281,1329,106028,1928,0.012310570973359516,0.591955787534541
6169,0.6191,3,3,3,604284,1326,106031,1925,0.012282781874096853,0.5921254998462012
6170,0.6192,3,1,3,604285,1325,106034,1922,0.0122735188410093,0.5919310132429936
6171,0.6193,3,3,3,604288,1322,106037,1919,0.012245729741746637,0.5921012033323049
6172,0.6194,3,1,3,604289,1321,106040,1916,0.012236466708659082,0.5919060858819895
6173,0.6195,1,0,1,604289,1321,106041,1915,0.012236466708659082,0.5917799752781211
6174,0.6196,4,2,4,604291,1319,106045,1911,0.012217940642483976,0.591640866873065
6175,0.6197,1,6,1,604297,1313,106046,1910,0.01216236244395865,0.5926155755507291
6176,0.6198,3,2,3,604299,1311,106049,1907,0.012143836377783542,0.5926041019266626
6177,0.6199,6,4,6,604303,1307,106055,1901,0.012106784245433325,0.5925810473815462
6178,0.62,3,0,3,604303,1307,106058,1898,0.012106784245433325,0.5921996879875195
6179,0.6201,4,4,4,604307,1303,106062,1894,0.012069732113083109,0.5924304035032844
6180,0.6202,3,3,3,604310,1300,106065,1891,0.012041943013820446,0.592604199310561
6181,0.6203,1,1,1,604311,1299,106066,1890,0.012032679980732892,0.5926622765757291
6182,0.6204,0,1,0,604312,1298,106066,1890,0.012023416947645338,0.5928481806775407
6183,0.6205,4,0,4,604312,1298,106070,1886,0.012023416947645338,0.5923366834170855
6184,0.6206,2,1,2,604313,1297,106072,1884,0.012014153914557783,0.5922665828355863
6185,0.6207,2,3,2,604316,1294,106074,1882,0.01198636481529512,0.5925692695214105
6186,0.6208,2,3,2,604319,1291,106076,1880,0.011958575716032458,0.5928729107537054
6187,0.6209,6,2,6,604321,1289,106082,1874,0.01194004964985735,0.5924754979449889
6188,0.621,0,2,0,604323,1287,106082,1874,0.011921523583682241,0.5928503638089212
6189,0.6211,1,2,1,604325,1285,106083,1873,0.011902997517507133,0.5930968967701077
6190,0.6212,3,6,3,604331,1279,106086,1870,0.011847419318981808,0.5938393140679581
6191,0.6213,5,3,5,604334,1276,106091,1865,0.011819630219719145,0.5937599490608086
6192,0.6214,1,3,1,604337,1273,106092,1864,0.011791841120456482,0.5941982786101371
6193,0.6215,0,2,0,604339,1271,106092,1864,0.011773315054281374,0.5945773524720893
6194,0.6216,1,2,1,604341,1269,106093,1863,0.011754788988106266,0.5948275862068966
6195,0.6217,4,1,4,604342,1268,106097,1859,0.011745525955018711,0.5944995203070035
6196,0.6218,7,2,7,604344,1266,106104,1852,0.011726999888843603,0.5939704939063503
6197,0.6219,2,1,2,604345,1265,106106,1850,0.011717736855756049,0.593900481540931
6198,0.622,1,1,1,604346,1264,106107,1849,0.011708473822668495,0.5939608095085127
6199,0.6221,1,1,1,604347,1263,106108,1848,0.01169921078958094,0.5940212150433944
6200,0.6222,0,1,0,604348,1262,106108,1848,0.011689947756493386,0.5942122186495177
6201,0.6223,3,1,3,604349,1261,106111,1845,0.011680684723405832,0.5940115904700579
6202,0.6224,2,3,2,604352,1258,106113,1843,0.01165289562414317,0.5943244114801677
6203,0.6225,4,0,4,604352,1258,106117,1839,0.01165289562414317,0.5938004520503714
6204,0.6226,3,1,3,604353,1257,106120,1836,0.011643632591055615,0.5935984481086324
6205,0.6227,1,1,1,604354,1256,106121,1835,0.011634369557968061,0.5936590100291168
6206,0.6228,0,4,0,604358,1252,106121,1835,0.011597317425617844,0.594428247489472
6207,0.6229,1,0,1,604358,1252,106122,1834,0.011597317425617844,0.594296824368114
6208,0.623,3,2,3,604360,1250,106125,1831,0.011578791359442736,0.5942875689711132
6209,0.6231,3,0,3,604360,1250,106128,1828,0.011578791359442736,0.5938921377517868
6210,0.6232,2,2,2,604362,1248,106130,1826,0.011560265293267627,0.594014313597918
6211,0.6233,3,5,3,604367,1243,106133,1823,0.011513950127829856,0.5945857795172864
6212,0.6234,1,3,1,604370,1240,106134,1822,0.011486161028567194,0.5950359242325277
6213,0.6235,1,1,1,604371,1239,106135,1821,0.01147689799547964,0.5950980392156863
6214,0.6236,3,1,3,604372,1238,106138,1818,0.011467634962392085,0.5948952879581152
6215,0.6237,4,2,4,604374,1236,106142,1814,0.011449108896216977,0.5947540983606557
6216,0.6238,4,2,4,604376,1234,106146,1810,0.011430582830041868,0.5946123521681997
6217,0.6239,3,1,3,604377,1233,106149,1807,0.011421319796954314,0.5944078947368421
6218,0.624,4,1,4,604378,1232,106153,1803,0.01141205676386676,0.5940691927512356
6219,0.6241,3,1,3,604379,1231,106156,1800,0.011402793730779206,0.5938634114153745
6220,0.6242,2,1,2,604380,1230,106158,1798,0.011393530697691652,0.5937912813738441
6221,0.6243,2,2,2,604382,1228,106160,1796,0.011375004631516543,0.593915343915344
6222,0.6244,1,0,1,604382,1228,106161,1795,0.011375004631516543,0.5937810122394972
6223,0.6245,2,3,2,604385,1225,106163,1793,0.01134721553225388,0.5941020543406229
6224,0.6246,4,1,4,604386,1224,106167,1789,0.011337952499166326,0.5937603717225357
6225,0.6247,1,1,1,604387,1223,106168,1788,0.011328689466078772,0.5938226502822982
6226,0.6248,2,1,2,604388,1222,106170,1786,0.011319426432991218,0.59375
6227,0.6249,3,2,3,604390,1220,106173,1783,0.01130090036681611,0.5937395937395937
6228,0.625,2,0,2,604390,1220,106175,1781,0.01130090036681611,0.5934688437187604
6229,0.6251,3,2,3,604392,1218,106178,1778,0.011282374300641001,0.5934579439252337
6230,0.6252,1,1,1,604393,1217,106179,1777,0.011273111267553447,0.5935203740814963
6231,0.6253,3,5,3,604398,1212,106182,1774,0.011226796102115676,0.59410582719357
6232,0.6254,3,0,3,604398,1212,106185,1771,0.011226796102115676,0.5936976198457928
6233,0.6255,1,4,1,604402,1208,106186,1770,0.01118974396976546,0.5943586299529886
6234,0.6256,1,1,1,604403,1207,106187,1769,0.011180480936677905,0.5944220430107527
6235,0.6257,0,7,0,604410,1200,106187,1769,0.011115639705065027,0.5958235095991916
6236,0.6258,3,0,3,604410,1200,106190,1766,0.011115639705065027,0.5954146999325691
6237,0.6259,2,4,2,604414,1196,106192,1764,0.01107858757271481,0.595945945945946
6238,0.626,5,2,5,604416,1194,106197,1759,0.011060061506539702,0.5956654249915341
6239,0.6261,5,0,5,604416,1194,106202,1754,0.011060061506539702,0.5949796472184532
6240,0.6262,1,2,1,604418,1192,106203,1753,0.011041535440364594,0.5952461799660441
6241,0.6263,2,2,2,604420,1190,106205,1751,0.011023009374189485,0.5953757225433526
6242,0.6264,2,3,2,604423,1187,106207,1749,0.010995220274926823,0.595708446866485
6243,0.6265,2,2,2,604425,1185,106209,1747,0.010976694208751714,0.5958390177353342
6244,0.6266,2,1,2,604426,1184,106211,1745,0.01096743117566416,0.5957664731990441
6245,0.6267,4,1,4,604427,1183,106215,1741,0.010958168142576606,0.5954172366621067
6246,0.6268,2,3,2,604430,1180,106217,1739,0.010930379043313943,0.5957519698526893
6247,0.6269,3,3,3,604433,1177,106220,1736,0.01090258994405128,0.5959491932715414
6248,0.627,3,6,3,604439,1171,106223,1733,0.010847011745525955,0.596763085399449
6249,0.6271,2,1,2,604440,1170,106225,1731,0.010837748712438401,0.5966907962771458
6250,0.6272,2,0,2,604440,1170,106227,1729,0.010837748712438401,0.5964125560538116
6251,0.6273,5,1,5,604441,1169,106232,1724,0.010828485679350847,0.5959211890770826
6252,0.6274,0,2,0,604443,1167,106232,1724,0.010809959613175739,0.5963334486336908
6253,0.6275,4,4,4,604447,1163,106236,1720,0.010772907480825522,0.5966007630939993
6254,0.6276,4,1,4,604448,1162,106240,1716,0.010763644447737968,0.5962473940236275
6255,0.6277,3,2,3,604450,1160,106243,1713,0.010745118381562859,0.596240863209189
6256,0.6278,4,4,4,604454,1156,106247,1709,0.010708066249212642,0.5965095986038395
6257,0.6279,4,0,4,604454,1156,106251,1705,0.010708066249212642,0.5959454736106257
6258,0.628,4,0,4,604454,1156,106255,1701,0.010708066249212642,0.5953797689884495
6259,0.6281,1,1,1,604455,1155,106256,1700,0.010698803216125088,0.5954465849387041
6260,0.6282,6,1,6,604456,1154,106262,1694,0.010689540183037534,0.5948033707865169
6261,0.6283,3,2,3,604458,1152,106265,1691,0.010671014116862425,0.594794231445656
6262,0.6284,2,2,2,604460,1150,106267,1689,0.010652488050687317,0.5949277914758718
6263,0.6285,1,0,1,604460,1150,106268,1688,0.010652488050687317,0.594785059901339
6264,0.6286,3,1,3,604461,1149,106271,1685,0.010643225017599763,0.5945659844742414
6265,0.6287,7,5,7,604466,1144,106278,1678,0.010596909852161992,0.5946137491141035
6266,0.6288,1,0,1,604466,1144,106279,1677,0.010596909852161992,0.5944700460829493
6267,0.6289,2,3,2,604469,1141,106281,1675,0.01056912075289933,0.5948153409090909
6268,0.629,1,1,1,604470,1140,106282,1674,0.010559857719811775,0.5948827292110874
6269,0.6291,2,1,2,604471,1139,106284,1672,0.01055059468672422,0.5948061188189256
6270,0.6292,3,2,3,604473,1137,106287,1669,0.010532068620549112,0.5947968638631503
6271,0.6293,2,3,2,604476,1134,106289,1667,0.01050427952128645,0.5951445912174224
6272,0.6294,4,2,4,604478,1132,106293,1663,0.010485753455111341,0.5949910554561717
6273,0.6295,1,1,1,604479,1131,106294,1662,0.010476490422023787,0.5950590762620838
6274,0.6296,2,2,2,604481,1129,106296,1660,0.010457964355848679,0.5951954105414127
6275,0.6297,1,0,1,604481,1129,106297,1659,0.010457964355848679,0.5950502152080345
6276,0.6298,0,2,0,604483,1127,106297,1659,0.01043943828967357,0.5954773869346733
6277,0.6299,4,1,4,604484,1126,106301,1655,0.010430175256586016,0.5951096727795757
6278,0.63,8,0,8,604484,1126,106309,1647,0.010430175256586016,0.5939415795167688
6279,0.6301,4,2,4,604486,1124,106313,1643,0.010411649190410908,0.593783881460065
6280,0.6302,3,1,3,604487,1123,106316,1640,0.010402386157323354,0.5935577271082157
6281,0.6303,1,2,1,604489,1121,106317,1639,0.010383860091148245,0.5938405797101449
6282,0.6304,2,2,2,604491,1119,106319,1637,0.010365334024973137,0.5939767779390421
6283,0.6305,2,4,2,604495,1115,106321,1635,0.01032828189262292,0.5945454545454546
6284,0.6306,5,1,5,604496,1114,106326,1630,0.010319018859535366,0.5940233236151603
6285,0.6307,1,3,1,604499,1111,106327,1629,0.010291229760272703,0.5945255474452554
6286,0.6308,2,2,2,604501,1109,106329,1627,0.010272703694097595,0.5946637426900585
6287,0.6309,1,3,1,604504,1106,106330,1626,0.010244914594834932,0.5951683748169839
6288,0.631,2,2,2,604506,1104,106332,1624,0.010226388528659824,0.5953079178885631
6289,0.6311,4,3,4,604509,1101,106336,1620,0.010198599429397161,0.5953693495038589
6290,0.6312,4,4,4,604513,1097,106340,1616,0.010161547297046944,0.5956505713232584
6291,0.6313,4,2,4,604515,1095,106344,1612,0.010143021230871836,0.5954931658662727
6292,0.6314,2,0,2,604515,1095,106346,1610,0.010143021230871836,0.5951940850277264
6293,0.6315,2,0,2,604515,1095,106348,1608,0.010143021230871836,0.5948945615982242
6294,0.6316,1,3,1,604518,1092,106349,1607,0.010115232131609173,0.5954057058169693
6295,0.6317,5,1,5,604519,1091,106354,1602,0.01010596909852162,0.5948756034162644
6296,0.6318,3,2,3,604521,1089,106357,1599,0.010087443032346512,0.5948660714285714
6297,0.632,2,1,2,604522,1088,106359,1597,0.010078179999258958,0.5947858472998138
6298,0.6321,4,3,4,604525,1085,106363,1593,0.010050390899996296,0.5948469006721434
6299,0.6322,3,5,3,604530,1080,106366,1590,0.010004075734558525,0.5955056179775281
6300,0.6323,2,1,2,604531,1079,106368,1588,0.00999481270147097,0.5954255718035245
6301,0.6324,4,0,4,604531,1079,106372,1584,0.00999481270147097,0.5948178745775441
6302,0.6325,3,3,3,604534,1076,106375,1581,0.009967023602208308,0.5950319909672563
6303,0.6326,4,4,4,604538,1072,106379,1577,0.009929971469858091,0.5953189882974708
6304,0.6327,3,3,3,604541,1069,106382,1574,0.009902182370595428,0.595535376466137
6305,0.6328,3,1,3,604542,1068,106385,1571,0.009892919337507874,0.5953012504736642
6306,0.6329,3,5,3,604547,1063,106388,1568,0.009846604172070103,0.5959711136450019
6307,0.633,0,2,0,604549,1061,106388,1568,0.009828078105894995,0.5964244960060859
6308,0.6331,4,2,4,604551,1059,106392,1564,0.009809552039719886,0.596263820053374
6309,0.6332,1,2,1,604553,1057,106393,1563,0.009791025973544778,0.5965648854961833
6310,0.6333,1,3,1,604556,1054,106394,1562,0.009763236874282115,0.5970948012232415
6311,0.6334,2,2,2,604558,1052,106396,1560,0.009744710808107007,0.5972434915773354
6312,0.6335,6,1,6,604559,1051,106402,1554,0.009735447775019453,0.5965451055662188
6313,0.6336,2,2,2,604561,1049,106404,1552,0.009716921708844344,0.5966935793925413
6314,0.6337,1,2,1,604563,1047,106405,1551,0.009698395642669236,0.5969976905311778
6315,0.6338,0,2,0,604565,1045,106405,1551,0.009679869576494127,0.597457627118644
6316,0.6339,3,2,3,604567,1043,106408,1548,0.009661343510319019,0.5974527209571594
6317,0.634,1,1,1,604568,1042,106409,1547,0.009652080477231465,0.5975280030899961
6318,0.6341,2,0,2,604568,1042,106411,1545,0.009652080477231465,0.5972168534982605
6319,0.6342,3,0,3,604568,1042,106414,1542,0.009652080477231465,0.596749226006192
6320,0.6343,3,1,3,604569,1041,106417,1539,0.00964281744414391,0.5965116279069768
6321,0.6344,6,1,6,604570,1040,106423,1533,0.009633554411056356,0.5958025650991061
6322,0.6345,2,1,2,604571,1039,106425,1531,0.009624291377968802,0.5957198443579766
6323,0.6346,3,1,3,604572,1038,106428,1528,0.009615028344881248,0.5954793452844894
6324,0.6347,3,1,3,604573,1037,106431,1525,0.009605765311793694,0.5952380952380952
6325,0.6348,3,3,3,604576,1034,106434,1522,0.009577976212531031,0.5954616588419406
6326,0.6349,2,0,2,604576,1034,106436,1520,0.009577976212531031,0.5951448707909162
6327,0.635,2,0,2,604576,1034,106438,1518,0.009577976212531031,0.5948275862068966
6328,0.6351,2,4,2,604580,1030,106440,1516,0.009540924080180814,0.5954438334642577
6329,0.6352,1,0,1,604580,1030,106441,1515,0.009540924080180814,0.5952848722986247
6330,0.6353,2,1,2,604581,1029,106443,1513,0.00953166104709326,0.5952006294256491
6331,0.6354,1,2,1,604583,1027,106444,1512,0.009513134980918152,0.5955100433241434
6332,0.6355,5,2,5,604585,1025,106449,1507,0.009494608914743043,0.5951816745655608
6333,0.6356,2,3,2,604588,1022,106451,1505,0.00946681981548038,0.5955678670360111
6334,0.6357,0,3,0,604591,1019,106451,1505,0.009439030716217718,0.5962757527733756
6335,0.6358,2,3,2,604594,1016,106453,1503,0.009411241616955055,0.5966653433902342
6336,0.6359,1,1,1,604595,1015,106454,1502,0.009401978583867501,0.5967421533571713
6337,0.636,2,2,2,604597,1013,106456,1500,0.009383452517692393,0.5968961400716275
6338,0.6361,0,2,0,604599,1011,106456,1500,0.009364926451517284,0.5973715651135006
6339,0.6362,3,0,3,604599,1011,106459,1497,0.009364926451517284,0.59688995215311
6340,0.6363,2,1,2,604600,1010,106461,1495,0.00935566341842973,0.5968063872255489
6341,0.6364,5,0,5,604600,1010,106466,1490,0.00935566341842973,0.596
6342,0.6365,2,1,2,604601,1009,106468,1488,0.009346400385342176,0.5959150981177412
6343,0.6366,1,1,1,604602,1008,106469,1487,0.009337137352254622,0.5959919839679358
6344,0.6367,0,3,0,604605,1005,106469,1487,0.00930934825299196,0.5967094703049759
6345,0.6368,8,1,8,604606,1004,106477,1479,0.009300085219904405,0.5956504228755538
6346,0.6369,0,1,0,604607,1003,106477,1479,0.00929082218681685,0.5958904109589042
6347,0.637,0,2,0,604609,1001,106477,1479,0.009272296120641742,0.5963709677419354
6348,0.6371,3,2,3,604611,999,106480,1476,0.009253770054466634,0.5963636363636363
6349,0.6372,0,2,0,604613,997,106480,1476,0.009235243988291526,0.5968459361099878
6350,0.6373,1,3,1,604616,994,106481,1475,0.009207454889028863,0.5974078574321587
6351,0.6374,1,3,1,604619,991,106482,1474,0.0091796657897662,0.5979716024340771
6352,0.6375,2,5,2,604624,986,106484,1472,0.00913335062432843,0.5988608624898292
6353,0.6376,4,1,4,604625,985,106488,1468,0.009124087591240875,0.5984508764777823
6354,0.6377,5,1,5,604626,984,106493,1463,0.009114824558153321,0.5978749489170413
6355,0.6378,2,0,2,604626,984,106495,1461,0.009114824558153321,0.5975460122699386
6356,0.6379,2,1,2,604627,983,106497,1459,0.009105561525065767,0.5974610974610974
6357,0.638,6,3,6,604630,980,106503,1453,0.009077772425803104,0.5972050965885738
6358,0.6381,2,2,2,604632,978,106505,1451,0.009059246359627996,0.5973651708522025
6359,0.6382,5,2,5,604634,976,106510,1446,0.009040720293452889,0.597027250206441
6360,0.6383,3,2,3,604636,974,106513,1443,0.00902219422727778,0.5970211005378568
6361,0.6384,1,2,1,604638,972,106514,1442,0.009003668161102672,0.5973487986743994
6362,0.6385,1,0,1,604638,972,106515,1441,0.009003668161102672,0.5971819312059676
6363,0.6386,3,0,3,604638,972,106518,1438,0.009003668161102672,0.5966804979253112
6364,0.6387,1,2,1,604640,970,106519,1437,0.008985142094927564,0.5970087245533859
6365,0.6388,0,2,0,604642,968,106519,1437,0.008966616028752455,0.5975051975051975
6366,0.6389,3,2,3,604644,966,106522,1434,0.008948089962577347,0.5975
6367,0.639,4,2,4,604646,964,106526,1430,0.008929563896402239,0.5973266499582289
6368,0.6391,2,2,2,604648,962,106528,1428,0.00891103783022713,0.597489539748954
6369,0.6392,1,2,1,604650,960,106529,1427,0.008892511764052022,0.5978215333054042
6370,0.6393,2,2,2,604652,958,106531,1425,0.008873985697876913,0.5979857322702475
6371,0.6394,0,2,0,604654,956,106531,1425,0.008855459631701805,0.5984880302393952
6372,0.6395,2,1,2,604655,955,106533,1423,0.00884619659861425,0.5984020185029436
6373,0.6396,4,1,4,604656,954,106537,1419,0.008836933565526697,0.5979772439949431
6374,0.6397,2,0,2,604656,954,106539,1417,0.008836933565526697,0.5976381273724167
6375,0.6398,0,3,0,604659,951,106539,1417,0.008809144466264034,0.5983952702702703
6376,0.6399,2,3,2,604662,948,106541,1415,0.008781355367001371,0.5988150655945832
6377,0.64,1,1,1,604663,947,106542,1414,0.008772092333913817,0.5988987717069039
6378,0.6401,2,0,2,604663,947,106544,1412,0.008772092333913817,0.5985587113183553
6379,0.6402,1,1,1,604664,946,106545,1411,0.008762829300826263,0.5986423419601188
6380,0.6403,0,2,0,604666,944,106545,1411,0.008744303234651155,0.5991507430997877
6381,0.6404,3,2,3,604668,942,106548,1408,0.008725777168476046,0.5991489361702128
6382,0.6405,3,2,3,604670,940,106551,1405,0.008707251102300938,0.5991471215351812
6383,0.6406,2,0,2,604670,940,106553,1403,0.008707251102300938,0.598804950917627
6384,0.6407,5,1,5,604671,939,106558,1398,0.008697988069213384,0.5982028241335045
6385,0.6408,2,2,2,604673,937,106560,1396,0.008679462003038275,0.5983711958851264
6386,0.6409,1,1,1,604674,936,106561,1395,0.008670198969950721,0.5984555984555985
6387,0.641,4,2,4,604676,934,106565,1391,0.008651672903775613,0.5982795698924731
6388,0.6411,1,2,1,604678,932,106566,1390,0.008633146837600504,0.5986218776916451
6389,0.6412,4,2,4,604680,930,106570,1386,0.008614620771425396,0.5984455958549223
6390,0.6413,3,2,3,604682,928,106573,1383,0.008596094705250287,0.5984422327996538
6391,0.6414,4,1,4,604683,927,106577,1379,0.008586831672162733,0.5980052038161319
6392,0.6415,4,3,4,604686,924,106581,1375,0.00855904257290007,0.5980861244019139
6393,0.6416,3,1,3,604687,923,106584,1372,0.008549779539812516,0.5978213507625272
6394,0.6417,2,3,2,604690,920,106586,1370,0.008521990440549854,0.5982532751091703
6395,0.6418,4,4,4,604694,916,106590,1366,0.008484938308199637,0.5985977212971078
6396,0.6419,6,0,6,604694,916,106596,1360,0.008484938308199637,0.5975395430579965
6397,0.642,3,1,3,604695,915,106599,1357,0.008475675275112083,0.5972711267605634
6398,0.6421,3,3,3,604698,912,106602,1354,0.00844788617584942,0.5975286849073257
6399,0.6422,2,1,2,604699,911,106604,1352,0.008438623142761866,0.5974370304904993
6400,0.6423,4,2,4,604701,909,106608,1348,0.008420097076586757,0.5972529906956137
6401,0.6424,1,4,1,604705,905,106609,1347,0.00838304494423654,0.5981349911190054
6402,0.6425,1,1,1,604706,904,106610,1346,0.008373781911148986,0.5982222222222222
6403,0.6426,2,0,2,604706,904,106612,1344,0.008373781911148986,0.597864768683274
6404,0.6427,3,3,3,604709,901,106615,1341,0.008345992811886324,0.5981266726137378
6405,0.6428,5,1,5,604710,900,106620,1336,0.00833672977879877,0.5974955277280859
6406,0.6429,0,4,0,604714,896,106620,1336,0.008299677646448553,0.5985663082437276
6407,0.643,0,3,0,604717,893,106620,1336,0.00827188854718589,0.5993719156572453
6408,0.6431,3,1,3,604718,892,106623,1333,0.008262625514098336,0.5991011235955056
6409,0.6432,0,1,0,604719,891,106623,1333,0.008253362481010782,0.5993705035971223
6410,0.6433,1,2,1,604721,889,106624,1332,0.008234836414835673,0.5997298514182801
6411,0.6434,2,1,2,604722,888,106626,1330,0.00822557338174812,0.5996393146979261
6412,0.6435,3,1,3,604723,887,106629,1327,0.008216310348660565,0.59936766034327
6413,0.6436,2,3,2,604726,884,106631,1325,0.008188521249397902,0.5998189225894069
6414,0.6437,1,2,1,604728,882,106632,1324,0.008169995183222794,0.600181323662738
6415,0.6438,2,2,2,604730,880,106634,1322,0.008151469117047686,0.6003633060853769
6416,0.6439,1,0,1,604730,880,106635,1321,0.008151469117047686,0.6001817355747388
6417,0.644,2,2,2,604732,878,106637,1319,0.008132943050872577,0.6003641329085116
6418,0.6441,1,4,1,604736,874,106638,1318,0.00809589091852236,0.6012773722627737
6419,0.6442,1,1,1,604737,873,106639,1317,0.008086627885434806,0.6013698630136987
6420,0.6443,2,0,2,604737,873,106641,1315,0.008086627885434806,0.6010054844606947
6421,0.6444,1,0,1,604737,873,106642,1314,0.008086627885434806,0.6008230452674898
6422,0.6445,1,2,1,604739,871,106643,1313,0.008068101819259698,0.6011904761904762
6423,0.6446,2,1,2,604740,870,106645,1311,0.008058838786172143,0.6011004126547456
6424,0.6447,4,2,4,604742,868,106649,1307,0.008040312719997035,0.600919540229885
6425,0.6448,3,0,3,604742,868,106652,1304,0.008040312719997035,0.6003683241252302
6426,0.6449,0,2,0,604744,866,106652,1304,0.008021786653821927,0.6009216589861751
6427,0.645,3,2,3,604746,864,106655,1301,0.008003260587646818,0.6009237875288683
6428,0.6451,4,0,4,604746,864,106659,1297,0.008003260587646818,0.6001850994909764
6429,0.6452,0,3,0,604749,861,106659,1297,0.007975471488384157,0.6010194624652456
6430,0.6453,1,1,1,604750,860,106660,1296,0.007966208455296603,0.601113172541744
6431,0.6454,1,0,1,604750,860,106661,1295,0.007966208455296603,0.6009280742459396
6432,0.6455,2,1,2,604751,859,106663,1293,0.007956945422209049,0.6008364312267658
6433,0.6456,2,3,2,604754,856,106665,1291,0.007929156322946386,0.6013041453190499
6434,0.6457,4,1,4,604755,855,106669,1287,0.007919893289858832,0.6008403361344538
6435,0.6458,3,2,3,604757,853,106672,1284,0.007901367223683724,0.600842302292934
6436,0.6459,1,0,1,604757,853,106673,1283,0.007901367223683724,0.6006554307116105
6437,0.646,1,1,1,604758,852,106674,1282,0.00789210419059617,0.6007497656982193
6438,0.6461,4,0,4,604758,852,106678,1278,0.00789210419059617,0.6
6439,0.6462,2,1,2,604759,851,106680,1276,0.007882841157508615,0.5999059708509638
6440,0.6463,2,1,2,604760,850,106682,1274,0.007873578124421061,0.5998116760828626
6441,0.6464,4,5,4,604765,845,106686,1270,0.00782726295898329,0.6004728132387707
6442,0.6465,2,4,2,604769,841,106688,1268,0.007790210826633072,0.6012328117591276
6443,0.6466,3,4,3,604773,837,106691,1265,0.007753158694282856,0.6018078020932446
6444,0.6467,1,2,1,604775,835,106692,1264,0.007734632628107747,0.6021915197713197
6445,0.6468,2,2,2,604777,833,106694,1262,0.007716106561932639,0.6023866348448688
6446,0.6469,5,1,5,604778,832,106699,1257,0.0077068435288450855,0.6017233125897559
6447,0.647,2,0,2,604778,832,106701,1255,0.0077068435288450855,0.6013416387158601
6448,0.6471,0,3,0,604781,829,106701,1255,0.007679054429582423,0.6022072936660269
6449,0.6472,0,2,0,604783,827,106701,1255,0.0076605283634073144,0.6027857829010567
6450,0.6473,1,2,1,604785,825,106702,1254,0.007642002297232206,0.6031746031746031
6451,0.6474,2,2,2,604787,823,106704,1252,0.007623476231057098,0.6033734939759036
6452,0.6475,1,0,1,604787,823,106705,1251,0.007623476231057098,0.603182256509161
6453,0.6476,4,3,4,604790,820,106709,1247,0.007595687131794435,0.6032897919690372
6454,0.6477,1,4,1,604794,816,106710,1246,0.007558634999444218,0.6042677012609118
6455,0.6478,2,3,2,604797,813,106712,1244,0.007530845900181556,0.6047642197374817
6456,0.6479,1,3,1,604800,810,106713,1243,0.007503056800918893,0.6054554310764735
6457,0.648,1,2,1,604802,808,106714,1242,0.0074845307347437846,0.6058536585365853
6458,0.6481,1,3,1,604805,805,106715,1241,0.007456741635481122,0.6065493646138808
6459,0.6482,3,0,3,604805,805,106718,1238,0.007456741635481122,0.6059716103768967
6460,0.6483,1,1,1,604806,804,106719,1237,0.007447478602393568,0.6060754532092112
6461,0.6484,1,2,1,604808,802,106720,1236,0.007428952536218459,0.6064769381746811
6462,0.6485,1,2,1,604810,800,106721,1235,0.007410426470043351,0.6068796068796068
6463,0.6486,4,0,4,604810,800,106725,1231,0.007410426470043351,0.6061053668143771
6464,0.6487,1,1,1,604811,799,106726,1230,0.007401163436955797,0.6062099556431739
6465,0.6488,3,2,3,604813,797,106729,1227,0.007382637370780688,0.6062252964426877
6466,0.6489,2,2,2,604815,795,106731,1225,0.00736411130460558,0.6064356435643564
6467,0.649,2,3,2,604818,792,106733,1223,0.007336322205342917,0.6069478908188586
6468,0.6491,3,1,3,604819,791,106736,1220,0.007327059172255363,0.6066633515663848
6469,0.6492,2,3,2,604822,788,106738,1218,0.0072992700729927005,0.6071784646061814
6470,0.6493,0,1,0,604823,787,106738,1218,0.007290007039905146,0.6074812967581047
6471,0.6494,1,3,1,604826,784,106739,1217,0.007262217940642484,0.6081959020489756
6472,0.6495,3,2,3,604828,782,106742,1214,0.007243691874467375,0.6082164328657315
6473,0.6496,2,1,2,604829,781,106744,1212,0.007234428841379821,0.6081284495735073
6474,0.6497,1,0,1,604829,781,106745,1211,0.007234428841379821,0.6079317269076305
6475,0.6498,2,0,2,604829,781,106747,1209,0.007234428841379821,0.607537688442211
6476,0.6499,2,1,2,604830,780,106749,1207,0.007225165808292267,0.6074484146955209
6477,0.65,6,1,6,604831,779,106755,1201,0.007215902775204713,0.6065656565656565
6478,0.6501,1,1,1,604832,778,106756,1200,0.0072066397421171585,0.6066734074823054
6479,0.6502,1,0,1,604832,778,106757,1199,0.0072066397421171585,0.6064744562468386
6480,0.6503,3,3,3,604835,775,106760,1196,0.007178850642854497,0.6067985794013191
6481,0.6504,5,2,5,604837,773,106765,1191,0.007160324576679388,0.6064154786150713
6482,0.6505,2,0,2,604837,773,106767,1189,0.007160324576679388,0.6060142711518859
6483,0.6506,2,3,2,604840,770,106769,1187,0.007132535477416726,0.6065406234031682
6484,0.6507,4,2,4,604842,768,106773,1183,0.007114009411241617,0.6063557150179395
6485,0.6508,2,1,2,604843,767,106775,1181,0.007104746378154063,0.6062628336755647
6486,0.6509,2,0,2,604843,767,106777,1179,0.007104746378154063,0.605858170606372
6487,0.651,0,2,0,604845,765,106777,1179,0.007086220311978955,0.6064814814814815
6488,0.6511,1,1,1,604846,764,106778,1178,0.0070769572788914005,0.6065911431513903
6489,0.6512,1,2,1,604848,762,106779,1177,0.007058431212716292,0.6070139247034554
6490,0.6513,1,3,1,604851,759,106780,1176,0.0070306421134536294,0.6077519379844961
6491,0.6514,3,2,3,604853,757,106783,1173,0.007012116047278521,0.6077720207253886
6492,0.6515,3,2,3,604855,755,106786,1170,0.006993589981103413,0.6077922077922078
6493,0.6516,2,3,2,604858,752,106788,1168,0.00696580088184075,0.6083333333333333
6494,0.6517,4,2,4,604860,750,106792,1164,0.006947274815665642,0.6081504702194357
6495,0.6518,1,1,1,604861,749,106793,1163,0.006938011782578087,0.6082635983263598
6496,0.6519,2,1,2,604862,748,106795,1161,0.006928748749490533,0.608171817705605
6497,0.652,2,0,2,604862,748,106797,1159,0.006928748749490533,0.6077608809648662
6498,0.6521,1,1,1,604863,747,106798,1158,0.006919485716402979,0.6078740157480315
6499,0.6522,1,1,1,604864,746,106799,1157,0.006910222683315425,0.6079873883342092
6500,0.6523,5,0,5,604864,746,106804,1152,0.006910222683315425,0.60695468914647
6501,0.6524,2,0,2,604864,746,106806,1150,0.006910222683315425,0.6065400843881856
6502,0.6525,1,2,1,604866,744,106807,1149,0.006891696617140316,0.606973058637084
6503,0.6526,2,0,2,604866,744,106809,1147,0.006891696617140316,0.6065573770491803
6504,0.6527,0,1,0,604867,743,106809,1147,0.006882433584052762,0.6068783068783069
6505,0.6528,2,1,2,604868,742,106811,1145,0.006873170550965208,0.6067832538420773
6506,0.6529,4,1,4,604869,741,106815,1141,0.006863907517877654,0.6062699256110521
6507,0.653,1,1,1,604870,740,106816,1140,0.0068546444847901,0.6063829787234043
6508,0.6531,2,1,2,604871,739,106818,1138,0.006845381451702545,0.6062866275972296
6509,0.6532,3,0,3,604871,739,106821,1135,0.006845381451702545,0.6056563500533618
6510,0.6533,0,3,0,604874,736,106821,1135,0.006817592352439883,0.606627471940139
6511,0.6534,0,1,0,604875,735,106821,1135,0.0068083293193523286,0.606951871657754
6512,0.6535,2,0,2,604875,735,106823,1133,0.0068083293193523286,0.6065310492505354
6513,0.6536,1,3,1,604878,732,106824,1132,0.006780540220089666,0.6072961373390557
6514,0.6537,2,2,2,604880,730,106826,1130,0.0067620141539145575,0.6075268817204301
6515,0.6538,0,1,0,604881,729,106826,1130,0.006752751120827003,0.6078536847767617
6516,0.6539,0,3,0,604884,726,106826,1130,0.006724962021564341,0.6088362068965517
6517,0.654,0,2,0,604886,724,106826,1130,0.006706435955389232,0.6094929881337648
6518,0.6541,5,1,5,604887,723,106831,1125,0.006697172922301678,0.6087662337662337
6519,0.6542,0,2,0,604889,721,106831,1125,0.00667864685612657,0.6094257854821236
6520,0.6543,3,3,3,604892,718,106834,1122,0.006650857756863907,0.6097826086956522
6521,0.6544,1,0,1,604892,718,106835,1121,0.006650857756863907,0.6095704187058184
6522,0.6545,1,0,1,604892,718,106836,1120,0.006650857756863907,0.6093579978237215
6523,0.6546,5,1,5,604893,717,106841,1115,0.006641594723776354,0.6086244541484717
6524,0.6547,3,4,3,604897,713,106844,1112,0.006604542591426137,0.6093150684931506
6525,0.6548,1,1,1,604898,712,106845,1111,0.006595279558338583,0.6094349972572682
6526,0.6549,1,3,1,604901,709,106846,1110,0.00656749045907592,0.6102253985706432
6527,0.655,2,0,2,604901,709,106848,1108,0.00656749045907592,0.6097963676389653
6528,0.6551,2,3,2,604904,706,106850,1106,0.0065397013598132575,0.6103752759381899
6529,0.6552,2,2,2,604906,704,106852,1104,0.006521175293638149,0.6106194690265486
6530,0.6553,5,6,5,604912,698,106857,1099,0.006465597095112824,0.6115748469671675
6531,0.6554,2,1,2,604913,697,106859,1097,0.00645633406202527,0.6114827201783724
6532,0.6555,2,2,2,604915,695,106861,1095,0.006437807995850161,0.611731843575419
6533,0.6556,1,2,1,604917,693,106862,1094,0.006419281929675053,0.6121992165640738
6534,0.6557,3,0,3,604917,693,106865,1091,0.006419281929675053,0.6115470852017937
6535,0.6558,0,1,0,604918,692,106865,1091,0.006410018896587499,0.6118900729108244
6536,0.6559,2,0,2,604918,692,106867,1089,0.006410018896587499,0.6114542391914655
6537,0.656,4,1,4,604919,691,106871,1085,0.0064007558634999445,0.6109234234234234
6538,0.6561,2,2,2,604921,689,106873,1083,0.006382229797324836,0.6111738148984198
6539,0.6562,5,0,5,604921,689,106878,1078,0.006382229797324836,0.610073571024335
6540,0.6563,0,4,0,604925,685,106878,1078,0.006345177664974619,0.6114577424844015
6541,0.6565,0,2,0,604927,683,106878,1078,0.006326651598799511,0.6121521862578081
6542,0.6566,3,1,3,604928,682,106881,1075,0.006317388565711957,0.6118383608423449
6543,0.6567,6,2,6,604930,680,106887,1069,0.006298862499536848,0.6112064036592338
6544,0.6568,0,4,0,604934,676,106887,1069,0.006261810367186631,0.6126074498567335
6545,0.6569,1,4,1,604938,672,106888,1068,0.006224758234836415,0.6137931034482759
6546,0.657,1,1,1,604939,671,106889,1067,0.00621549520174886,0.6139240506329114
6547,0.6571,2,1,2,604940,670,106891,1065,0.006206232168661306,0.6138328530259366
6548,0.6572,1,2,1,604942,668,106892,1064,0.006187706102486198,0.6143187066974596
6549,0.6573,2,0,2,604942,668,106894,1062,0.006187706102486198,0.6138728323699422
6550,0.6576,1,1,1,604943,667,106895,1061,0.0061784430693986436,0.6140046296296297
6551,0.6577,2,2,2,604945,665,106897,1059,0.006159917003223535,0.6142691415313225
6552,0.6578,1,2,1,604947,663,106898,1058,0.006141390937048427,0.6147588611272516
6553,0.6579,4,0,4,604947,663,106902,1054,0.006141390937048427,0.6138613861386139
6554,0.658,5,2,5,604949,661,106907,1049,0.006122864870873318,0.6134502923976608
6555,0.6581,0,4,0,604953,657,106907,1049,0.006085812738523102,0.6148886283704572
6556,0.6582,1,3,1,604956,654,106908,1048,0.00605802363926044,0.6157461809635723
6557,0.6583,4,2,4,604958,652,106912,1044,0.006039497573085331,0.6155660377358491
6558,0.6584,0,1,0,604959,651,106912,1044,0.006030234539997777,0.6159292035398231
6559,0.6585,4,1,4,604960,650,106916,1040,0.006020971506910223,0.6153846153846154
6560,0.6586,2,1,2,604961,649,106918,1038,0.006011708473822669,0.6152934202726734
6561,0.6587,2,0,2,604961,649,106920,1036,0.006011708473822669,0.6148367952522256
6562,0.6589,2,1,2,604962,648,106922,1034,0.0060024454407351146,0.6147443519619501
6563,0.659,4,1,4,604963,647,106926,1030,0.00599318240764756,0.6141920095408467
6564,0.6591,2,2,2,604965,645,106928,1028,0.005974656341472452,0.6144650328750747
6565,0.6592,1,2,1,604967,643,106929,1027,0.0059561302752973435,0.6149700598802396
6566,0.6593,1,0,1,604967,643,106930,1026,0.0059561302752973435,0.6147393648891551
6567,0.6594,0,3,0,604970,640,106930,1026,0.005928341176034681,0.6158463385354142
6568,0.6595,3,0,3,604970,640,106933,1023,0.005928341176034681,0.6151533373421527
6569,0.6596,2,1,2,604971,639,106935,1021,0.005919078142947127,0.6150602409638555
6570,0.6597,3,2,3,604973,637,106938,1018,0.005900552076772018,0.6151057401812688
6571,0.6598,0,1,0,604974,636,106938,1018,0.005891289043684464,0.6154776299879081
6572,0.66,0,1,0,604975,635,106938,1018,0.00588202601059691,0.6158499697519662
6573,0.6601,1,4,1,604979,631,106939,1017,0.005844973878246693,0.6171116504854369
6574,0.6602,3,5,3,604984,626,106942,1014,0.005798658712808922,0.6182926829268293
6575,0.6605,1,0,1,604984,626,106943,1013,0.005798658712808922,0.6180597925564368
6576,0.6606,2,2,2,604986,624,106945,1011,0.005780132646633814,0.618348623853211
6577,0.6607,3,1,3,604987,623,106948,1008,0.0057708696135462595,0.6180257510729614
6578,0.6608,3,0,3,604987,623,106951,1005,0.0057708696135462595,0.6173218673218673
6579,0.6609,1,0,1,604987,623,106952,1004,0.0057708696135462595,0.6170866625691457
6580,0.661,2,2,2,604989,621,106954,1002,0.005752343547371151,0.6173752310536045
6581,0.6611,1,2,1,604991,619,106955,1001,0.005733817481196043,0.6179012345679012
6582,0.6612,1,1,1,604992,618,106956,1000,0.0057245544481084884,0.6180469715698393
6583,0.6613,0,1,0,604993,617,106956,1000,0.005715291415020934,0.6184291898577613
6584,0.6614,2,1,2,604994,616,106958,998,0.00570602838193338,0.6183395291201983
6585,0.6615,1,0,1,604994,616,106959,997,0.00570602838193338,0.6181029138251705
6586,0.6616,2,1,2,604995,615,106961,995,0.005696765348845826,0.6180124223602484
6587,0.6617,2,1,2,604996,614,106963,993,0.005687502315758272,0.6179215930304915
6588,0.6618,1,2,1,604998,612,106964,992,0.005668976249583163,0.6184538653366584
6589,0.6619,1,0,1,604998,612,106965,991,0.005668976249583163,0.6182158452900811
6590,0.662,0,1,0,604999,611,106965,991,0.005659713216495609,0.6186017478152309
6591,0.6621,5,3,5,605002,608,106970,986,0.005631924117232946,0.6185696361355082
6592,0.6622,0,2,0,605004,606,106970,986,0.005613398051057838,0.6193467336683417
6593,0.6623,1,1,1,605005,605,106971,985,0.005604135017970284,0.6194968553459119
6594,0.6624,1,2,1,605007,603,106972,984,0.005585608951795175,0.6200378071833649
6595,0.6625,1,1,1,605008,602,106973,983,0.005576345918707622,0.6201892744479496
6596,0.6626,1,2,1,605010,600,106974,982,0.005557819852532514,0.6207332490518331
6597,0.6627,1,0,1,605010,600,106975,981,0.005557819852532514,0.6204933586337761
6598,0.6628,2,0,2,605010,600,106977,979,0.005557819852532514,0.6200126662444585
6599,0.663,1,0,1,605010,600,106978,978,0.005557819852532514,0.6197718631178707
6600,0.6631,1,2,1,605012,598,106979,977,0.005539293786357405,0.6203174603174603
6601,0.6633,0,1,0,605013,597,106979,977,0.005530030753269851,0.6207115628970775
6602,0.6634,1,1,1,605014,596,106980,976,0.005520767720182297,0.6208651399491094
6603,0.6635,3,0,3,605014,596,106983,973,0.005520767720182297,0.6201402166985341
6604,0.6636,1,1,1,605015,595,106984,972,0.005511504687094743,0.620293554562859
6605,0.6637,2,1,2,605016,594,106986,970,0.005502241654007188,0.6202046035805626
6606,0.6638,1,0,1,605016,594,106987,969,0.005502241654007188,0.6199616122840691
6607,0.6639,1,6,1,605022,588,106988,968,0.005446663455481863,0.622107969151671
6608,0.664,7,0,7,605022,588,106995,961,0.005446663455481863,0.6204002582311169
6609,0.6641,1,2,1,605024,586,106996,960,0.005428137389306755,0.6209573091849935
6610,0.6642,1,1,1,605025,585,106997,959,0.005418874356219201,0.6211139896373057
6611,0.6643,4,2,4,605027,583,107001,955,0.005400348290044092,0.6209362808842653
6612,0.6644,2,2,2,605029,581,107003,953,0.005381822223868984,0.621251629726206
6613,0.6645,1,3,1,605032,578,107004,952,0.005354033124606321,0.6222222222222222
6614,0.6646,3,3,3,605035,575,107007,949,0.0053262440253436585,0.6227034120734908
6615,0.6647,3,3,3,605038,572,107010,946,0.005298454926080996,0.6231884057971014
6616,0.6648,2,0,2,605038,572,107012,944,0.005298454926080996,0.6226912928759895
6617,0.6649,1,1,1,605039,571,107013,943,0.005289191892993442,0.6228533685601056
6618,0.665,3,0,3,605039,571,107016,940,0.005289191892993442,0.6221045665122436
6619,0.6651,3,3,3,605042,568,107019,937,0.005261402793730779,0.6225913621262459
6620,0.6652,1,1,1,605043,567,107020,936,0.005252139760643225,0.6227544910179641
6621,0.6653,3,1,3,605044,566,107023,933,0.005242876727555671,0.6224149432955304
6622,0.6654,1,2,1,605046,564,107024,932,0.005224350661380562,0.6229946524064172
6623,0.6655,2,1,2,605047,563,107026,930,0.005215087628293008,0.622906898861353
6624,0.6656,3,1,3,605048,562,107029,927,0.005205824595205454,0.6225654801880457
6625,0.6658,1,0,1,605048,562,107030,926,0.005205824595205454,0.6223118279569892
6626,0.6659,2,0,2,605048,562,107032,924,0.005205824595205454,0.6218034993270525
6627,0.666,1,1,1,605049,561,107033,923,0.0051965615621179,0.621967654986523
6628,0.6661,1,2,1,605051,559,107034,922,0.005178035495942791,0.6225523295070898
6629,0.6662,3,1,3,605052,558,107037,919,0.005168772462855237,0.6222071767095464
6630,0.6664,3,2,3,605054,556,107040,916,0.005150246396680129,0.6222826086956522
6631,0.6665,4,1,4,605055,555,107044,912,0.0051409833635925745,0.621676891615542
6632,0.6666,2,2,2,605057,553,107046,910,0.005122457297417466,0.6220095693779905
6633,0.6667,3,1,3,605058,552,107049,907,0.005113194264329912,0.6216586703221384
6634,0.6668,1,1,1,605059,551,107050,906,0.005103931231242358,0.6218256691832532
6635,0.6669,3,1,3,605060,550,107053,903,0.0050946681981548034,0.6214728148657949
6636,0.667,2,0,2,605060,550,107055,901,0.0050946681981548034,0.6209510682288077
6637,0.6671,2,0,2,605060,550,107057,899,0.0050946681981548034,0.6204278812974465
6638,0.6672,0,3,0,605063,547,107057,899,0.005066879098892141,0.6217150760719226
6639,0.6673,1,0,1,605063,547,107058,898,0.005066879098892141,0.6214532871972318
6640,0.6674,0,2,0,605065,545,107058,898,0.005048353032717033,0.6223146223146223
6641,0.6675,2,0,2,605065,545,107060,896,0.005048353032717033,0.6217904233171409
6642,0.6676,2,3,2,605068,542,107062,894,0.005020563933454371,0.6225626740947076
6643,0.6677,4,1,4,605069,541,107066,890,0.0050113009003668165,0.6219426974143956
6644,0.6678,1,2,1,605071,539,107067,889,0.004992774834191708,0.6225490196078431
6645,0.6679,1,0,1,605071,539,107068,888,0.004992774834191708,0.6222845129642607
6646,0.668,1,1,1,605072,538,107069,887,0.004983511801104154,0.6224561403508772
6647,0.6681,1,0,1,605072,538,107070,886,0.004983511801104154,0.6221910112359551
6648,0.6682,1,0,1,605072,538,107071,885,0.004983511801104154,0.6219255094869993
6649,0.6683,0,4,0,605076,534,107071,885,0.004946459668753937,0.6236786469344608
6650,0.6684,1,2,1,605078,532,107072,884,0.004927933602578829,0.6242937853107344
6651,0.6685,1,0,1,605078,532,107073,883,0.004927933602578829,0.6240282685512367
6652,0.6687,2,1,2,605079,531,107075,881,0.0049186705694912744,0.6239376770538244
6653,0.6688,1,1,1,605080,530,107076,880,0.00490940753640372,0.624113475177305
6654,0.6689,1,0,1,605080,530,107077,879,0.00490940753640372,0.6238466997870831
6655,0.669,2,3,2,605083,527,107079,877,0.004881618437141058,0.6246438746438746
6656,0.6691,4,2,4,605085,525,107083,873,0.004863092370965949,0.6244635193133047
6657,0.6692,3,2,3,605087,523,107086,870,0.004844566304790841,0.624551328068916
6658,0.6693,5,1,5,605088,522,107091,865,0.004835303271703287,0.6236481614996395
6659,0.6694,5,1,5,605089,521,107096,860,0.004826040238615732,0.6227371469949312
6660,0.6695,1,1,1,605090,520,107097,859,0.004816777205528178,0.6229151559100797
6661,0.6696,0,3,0,605093,517,107097,859,0.004788988106265516,0.6242732558139535
6662,0.6697,2,2,2,605095,515,107099,857,0.004770462040090407,0.6246355685131195
6663,0.6698,3,2,3,605097,513,107102,854,0.004751935973915299,0.6247256766642283
6664,0.6699,1,0,1,605097,513,107103,853,0.004751935973915299,0.6244509516837482
6665,0.67,2,2,2,605099,511,107105,851,0.00473340990774019,0.6248164464023495
6666,0.6701,2,2,2,605101,509,107107,849,0.004714883841565082,0.6251840942562592
6667,0.6702,1,1,1,605102,508,107108,848,0.004705620808477528,0.6253687315634219
6668,0.6703,2,2,2,605104,506,107110,846,0.004687094742302419,0.6257396449704142
6669,0.6704,3,1,3,605105,505,107113,843,0.004677831709214865,0.6253709198813057
6670,0.6705,0,1,0,605106,504,107113,843,0.004668568676127311,0.6258351893095768
6671,0.6706,1,1,1,605107,503,107114,842,0.004659305643039757,0.6260223048327137
6672,0.6707,2,0,2,605107,503,107116,840,0.004659305643039757,0.6254653760238272
6673,0.6708,0,1,0,605108,502,107116,840,0.0046500426099522025,0.6259314456035767
6674,0.6709,2,1,2,605109,501,107118,838,0.004640779576864648,0.6258401792382375
6675,0.671,1,2,1,605111,499,107119,837,0.00462225351068954,0.6264970059880239
6676,0.6711,4,0,4,605111,499,107123,833,0.00462225351068954,0.6253753753753754
6677,0.6712,2,2,2,605113,497,107125,831,0.0046037274445144315,0.6257530120481928
6678,0.6713,0,2,0,605115,495,107125,831,0.004585201378339323,0.6266968325791855
6679,0.6714,3,3,3,605118,492,107128,828,0.0045574122790766605,0.6272727272727273
6680,0.6715,1,0,1,605118,492,107129,827,0.0045574122790766605,0.6269901440485216
6681,0.6716,3,0,3,605118,492,107132,824,0.0045574122790766605,0.6261398176291794
6682,0.6717,3,1,3,605119,491,107135,821,0.004548149245989106,0.6257621951219512
6683,0.6718,2,2,2,605121,489,107137,819,0.004529623179813998,0.6261467889908257
6684,0.6719,1,2,1,605123,487,107138,818,0.00451109711363889,0.6268199233716475
6685,0.672,2,0,2,605123,487,107140,816,0.00451109711363889,0.6262471220260937
6686,0.6721,1,2,1,605125,485,107141,815,0.004492571047463782,0.6269230769230769
6687,0.6722,1,0,1,605125,485,107142,814,0.004492571047463782,0.6266358737490377
6688,0.6723,1,0,1,605125,485,107143,813,0.004492571047463782,0.6263482280431433
6689,0.6724,1,2,1,605127,483,107144,812,0.0044740449812886735,0.6270270270270271
6690,0.6725,2,0,2,605127,483,107146,810,0.0044740449812886735,0.6264501160092807
6691,0.6726,0,1,0,605128,482,107146,810,0.004464781948201119,0.6269349845201239
6692,0.6727,1,1,1,605129,481,107147,809,0.004455518915113565,0.6271317829457365
6693,0.6728,4,0,4,605129,481,107151,805,0.004455518915113565,0.6259720062208398
6694,0.6729,1,0,1,605129,481,107152,804,0.004455518915113565,0.6256809338521401
6695,0.673,1,1,1,605130,480,107153,803,0.004446255882026011,0.6258768511301637
6696,0.6731,1,2,1,605132,478,107154,802,0.0044277298158509025,0.6265625
6697,0.6733,1,2,1,605134,476,107155,801,0.004409203749675794,0.6272513703993735
6698,0.6734,2,1,2,605135,475,107157,799,0.00439994071658824,0.6271585557299842
6699,0.6735,3,0,3,605135,475,107160,796,0.00439994071658824,0.6262785208497246
6700,0.6736,1,0,1,605135,475,107161,795,0.00439994071658824,0.6259842519685039
6701,0.6737,2,1,2,605136,474,107163,793,0.004390677683500686,0.6258879242304657
6702,0.6738,2,3,2,605139,471,107165,791,0.004362888584238023,0.626782884310618
6703,0.6739,2,1,2,605140,470,107167,789,0.004353625551150469,0.6266878474980143
6704,0.674,0,1,0,605141,469,107167,789,0.004344362518062915,0.6271860095389508
6705,0.6741,1,0,1,605141,469,107168,788,0.004344362518062915,0.6268894192521878
6706,0.6743,3,0,3,605141,469,107171,785,0.004344362518062915,0.6259968102073366
6707,0.6745,1,0,1,605141,469,107172,784,0.004344362518062915,0.6256983240223464
6708,0.6746,3,0,3,605141,469,107175,781,0.004344362518062915,0.6248
6709,0.6747,1,2,1,605143,467,107176,780,0.004325836451887806,0.6255012028869287
6710,0.6748,4,1,4,605144,466,107180,776,0.004316573418800252,0.6247987117552335
6711,0.675,3,0,3,605144,466,107183,773,0.004316573418800252,0.6238902340597255
6712,0.6751,1,2,1,605146,464,107184,772,0.004298047352625144,0.6245954692556634
6713,0.6752,1,0,1,605146,464,107185,771,0.004298047352625144,0.6242914979757085
6714,0.6753,1,0,1,605146,464,107186,770,0.004298047352625144,0.6239870340356564
6715,0.6754,0,1,0,605147,463,107186,770,0.0042887843195375894,0.624493106244931
6716,0.6756,0,1,0,605148,462,107186,770,0.004279521286450035,0.625
6717,0.6757,3,2,3,605150,460,107189,767,0.004260995220274927,0.6251018744906276
6718,0.6758,1,1,1,605151,459,107190,766,0.004251732187187373,0.6253061224489795
6719,0.676,1,0,1,605151,459,107191,765,0.004251732187187373,0.625
6720,0.6761,2,1,2,605152,458,107193,763,0.004242469154099818,0.6248976248976249
6721,0.6762,1,2,1,605154,456,107194,762,0.00422394308792471,0.625615763546798
6722,0.6763,1,0,1,605154,456,107195,761,0.00422394308792471,0.6253081347576006
6723,0.6764,1,0,1,605154,456,107196,760,0.00422394308792471,0.625
6724,0.6765,2,0,2,605154,456,107198,758,0.00422394308792471,0.6243822075782537
6725,0.6766,0,2,0,605156,454,107198,758,0.004205417021749602,0.6254125412541254
6726,0.6767,3,2,3,605158,452,107201,755,0.004186890955574493,0.6255178127589064
6727,0.6768,0,1,0,605159,451,107201,755,0.004177627922486939,0.6260364842454395
6728,0.677,2,3,2,605162,448,107203,753,0.004149838823224276,0.626977518734388
6729,0.6771,1,1,1,605163,447,107204,752,0.004140575790136722,0.6271893244370309
6730,0.6772,4,0,4,605163,447,107208,748,0.004140575790136722,0.6259414225941422
6731,0.6773,2,0,2,605163,447,107210,746,0.004140575790136722,0.625314333612741
6732,0.6774,0,3,0,605166,444,107210,746,0.00411278669087406,0.626890756302521
6733,0.6775,1,0,1,605166,444,107211,745,0.00411278669087406,0.6265769554247267
6734,0.6776,1,0,1,605166,444,107212,744,0.00411278669087406,0.6262626262626263
6735,0.6778,0,1,0,605167,443,107212,744,0.004103523657786505,0.6267902274641954
6736,0.6779,1,0,1,605167,443,107213,743,0.004103523657786505,0.6264755480607083
6737,0.678,2,0,2,605167,443,107215,741,0.004103523657786505,0.6258445945945946
6738,0.6781,1,0,1,605167,443,107216,740,0.004103523657786505,0.6255283178360102
6739,0.6782,3,1,3,605168,442,107219,737,0.004094260624698951,0.6251060220525869
6740,0.6783,0,2,0,605170,440,107219,737,0.004075734558523843,0.6261682242990654
6741,0.6785,1,0,1,605170,440,107220,736,0.004075734558523843,0.6258503401360545
6742,0.6786,0,1,0,605171,439,107220,736,0.0040664715254362886,0.6263829787234042
6743,0.6787,4,0,4,605171,439,107224,732,0.0040664715254362886,0.6251067463706234
6744,0.6788,2,0,2,605171,439,107226,730,0.0040664715254362886,0.6244653550042771
6745,0.6789,0,2,0,605173,437,107226,730,0.00404794545926118,0.6255355612682091
6746,0.6791,2,0,2,605173,437,107228,728,0.00404794545926118,0.6248927038626609
6747,0.6792,2,0,2,605173,437,107230,726,0.00404794545926118,0.6242476354256233
6748,0.6793,0,1,0,605174,436,107230,726,0.004038682426173626,0.6247848537005164
6749,0.6794,2,1,2,605175,435,107232,724,0.004029419393086072,0.6246764452113891
6750,0.6795,2,1,2,605176,434,107234,722,0.0040201563599985175,0.6245674740484429
6751,0.6796,1,0,1,605176,434,107235,721,0.0040201563599985175,0.6242424242424243
6752,0.6797,3,1,3,605177,433,107238,718,0.004010893326910963,0.6238053866203301
6753,0.6798,0,1,0,605178,432,107238,718,0.004001630293823409,0.6243478260869565
6754,0.6799,2,0,2,605178,432,107240,716,0.004001630293823409,0.6236933797909407
6755,0.68,2,2,2,605180,430,107242,714,0.003983104227648302,0.6241258741258742
6756,0.6803,2,0,2,605180,430,107244,712,0.003983104227648302,0.6234676007005254
6757,0.6804,6,2,6,605182,428,107250,706,0.003964578161473193,0.6225749559082893
6758,0.6805,2,3,2,605185,425,107252,704,0.0039367890622105306,0.6235606731620903
6759,0.6806,0,1,0,605186,424,107252,704,0.003927526029122976,0.624113475177305
6760,0.6807,3,0,3,605186,424,107255,701,0.003927526029122976,0.6231111111111111
6761,0.6808,2,0,2,605186,424,107257,699,0.003927526029122976,0.622439893143366
6762,0.6809,0,2,0,605188,422,107257,699,0.003908999962947868,0.623550401427297
6763,0.681,3,1,3,605189,421,107260,696,0.0038997369298603133,0.6230975828111012
6764,0.6811,1,1,1,605190,420,107261,695,0.003890473896772759,0.6233183856502242
6765,0.6812,1,1,1,605191,419,107262,694,0.003881210863685205,0.6235399820305481
6766,0.6813,2,0,2,605191,419,107264,692,0.003881210863685205,0.6228622862286228
6767,0.6814,2,0,2,605191,419,107266,690,0.003881210863685205,0.6221821460775473
6768,0.6815,1,2,1,605193,417,107267,689,0.0038626847975100965,0.6229656419529838
6769,0.6816,1,0,1,605193,417,107268,688,0.0038626847975100965,0.6226244343891403
6770,0.6817,2,0,2,605193,417,107270,686,0.0038626847975100965,0.6219401631912964
6771,0.6818,1,2,1,605195,415,107271,685,0.0038441587313349885,0.6227272727272727
6772,0.6819,0,3,0,605198,412,107271,685,0.003816369632072326,0.6244302643573382
6773,0.682,1,0,1,605198,412,107272,684,0.003816369632072326,0.6240875912408759
6774,0.6821,1,0,1,605198,412,107273,683,0.003816369632072326,0.6237442922374429
6775,0.6822,0,1,0,605199,411,107273,683,0.0038071065989847717,0.6243144424131627
6776,0.6823,2,0,2,605199,411,107275,681,0.0038071065989847717,0.6236263736263736
6777,0.6824,0,1,0,605200,410,107275,681,0.0037978435658972175,0.6241979835013749
6778,0.6826,0,2,0,605202,408,107275,681,0.003779317499722109,0.6253443526170799
6779,0.6827,1,1,1,605203,407,107276,680,0.003770054466634555,0.62557497700092
6780,0.6828,2,1,2,605204,406,107278,678,0.0037607914335470007,0.6254612546125461
6781,0.6829,2,0,2,605204,406,107280,676,0.0037607914335470007,0.6247689463955638
6782,0.683,4,1,4,605205,405,107284,672,0.0037515284004594465,0.6239554317548747
6783,0.6831,0,2,0,605207,403,107284,672,0.003733002334284338,0.6251162790697674
6784,0.6832,2,1,2,605208,402,107286,670,0.003723739301196784,0.625
6785,0.6833,2,1,2,605209,401,107288,668,0.0037144762681092297,0.6248830682881198
6786,0.6834,1,1,1,605210,400,107289,667,0.0037052132350216755,0.6251171508903468
6787,0.6835,1,0,1,605210,400,107290,666,0.0037052132350216755,0.624765478424015
6788,0.6836,1,1,1,605211,399,107291,665,0.0036959502019341213,0.625
6789,0.6837,0,2,0,605213,397,107291,665,0.003677424135759013,0.6261770244821092
6790,0.6838,3,1,3,605214,396,107294,662,0.0036681611026714587,0.6257088846880907
6791,0.6839,1,1,1,605215,395,107295,661,0.0036588980695839044,0.6259469696969697
6792,0.684,1,1,1,605216,394,107296,660,0.0036496350364963502,0.6261859582542695
6793,0.6841,2,0,2,605216,394,107298,658,0.0036496350364963502,0.6254752851711026
6794,0.6842,1,0,1,605216,394,107299,657,0.0036496350364963502,0.6251189343482397
6795,0.6843,2,1,2,605217,393,107301,655,0.003640372003408796,0.625
6796,0.6844,2,1,2,605218,392,107303,653,0.003631108970321242,0.6248803827751196
6797,0.6845,2,3,2,605221,389,107305,651,0.0036033198710585792,0.6259615384615385
6798,0.6846,1,0,1,605221,389,107306,650,0.0036033198710585792,0.6256015399422522
6799,0.6847,1,0,1,605221,389,107307,649,0.0036033198710585792,0.6252408477842004
6800,0.6848,1,1,1,605222,388,107308,648,0.003594056837971025,0.6254826254826255
6801,0.6849,0,1,0,605223,387,107308,648,0.0035847938048834713,0.6260869565217392
6802,0.685,0,1,0,605224,386,107308,648,0.003575530771795917,0.6266924564796905
6803,0.6851,2,2,2,605226,384,107310,646,0.0035570047056208086,0.6271844660194175
6804,0.6852,1,0,1,605226,384,107311,645,0.0035570047056208086,0.6268221574344023
6805,0.6853,3,0,3,605226,384,107314,642,0.0035570047056208086,0.6257309941520468
6806,0.6854,0,2,0,605228,382,107314,642,0.0035384786394457002,0.626953125
6807,0.6855,2,1,2,605229,381,107316,640,0.003529215606358146,0.6268364348677767
6808,0.6856,0,1,0,605230,380,107316,640,0.003519952573270592,0.6274509803921569
6809,0.6857,2,0,2,605230,380,107318,638,0.003519952573270592,0.6267190569744597
6810,0.6858,0,2,0,605232,378,107318,638,0.0035014265070954834,0.6279527559055118
6811,0.6859,0,1,0,605233,377,107318,638,0.003492163474007929,0.6285714285714286
6812,0.686,3,0,3,605233,377,107321,635,0.003492163474007929,0.6274703557312253
6813,0.6861,3,0,3,605233,377,107324,632,0.003492163474007929,0.626362735381566
6814,0.6863,2,2,2,605235,375,107326,630,0.003473637407832821,0.6268656716417911
6815,0.6864,1,1,1,605236,374,107327,629,0.0034643743747452666,0.6271186440677966
6816,0.6865,0,1,0,605237,373,107327,629,0.0034551113416577124,0.627744510978044
6817,0.6866,0,1,0,605238,372,107327,629,0.003445848308570158,0.6283716283716284
6818,0.6867,2,1,2,605239,371,107329,627,0.003436585275482604,0.6282565130260521
6819,0.6868,3,0,3,605239,371,107332,624,0.003436585275482604,0.6271356783919598
6820,0.6869,1,0,1,605239,371,107333,623,0.003436585275482604,0.6267605633802817
6821,0.687,1,2,1,605241,369,107334,622,0.0034180592093074956,0.627648839556004
6822,0.6871,2,0,2,605241,369,107336,620,0.0034180592093074956,0.6268958543983822
6823,0.6872,0,1,0,605242,368,107336,620,0.0034087961762199414,0.6275303643724697
6824,0.6873,1,0,1,605242,368,107337,619,0.0034087961762199414,0.6271529888551165
6825,0.6874,1,3,1,605245,365,107338,618,0.0033810070769572788,0.6286876907426246
6826,0.6875,1,1,1,605246,364,107339,617,0.0033717440438697246,0.6289500509683996
6827,0.6876,2,0,2,605246,364,107341,615,0.0033717440438697246,0.6281920326864147
6828,0.6877,0,1,0,605247,363,107341,615,0.0033624810107821704,0.6288343558282209
6829,0.6878,5,1,5,605248,362,107346,610,0.003353217977694616,0.6275720164609053
6830,0.6879,1,0,1,605248,362,107347,609,0.003353217977694616,0.627188465499485
6831,0.688,1,2,1,605250,360,107348,608,0.0033346919115195077,0.628099173553719
6832,0.6881,1,0,1,605250,360,107349,607,0.0033346919115195077,0.6277145811789038
6833,0.6882,0,2,0,605252,358,107349,607,0.0033161658453443998,0.6290155440414508
6834,0.6884,0,1,0,605253,357,107349,607,0.0033069028122568456,0.6296680497925311
6835,0.6887,1,2,1,605255,355,107350,606,0.003288376746081737,0.6305931321540063
6836,0.6888,1,0,1,605255,355,107351,605,0.003288376746081737,0.6302083333333334
6837,0.6889,0,1,0,605256,354,107351,605,0.003279113712994183,0.6308654848800834
6838,0.689,2,0,2,605256,354,107353,603,0.003279113712994183,0.6300940438871473
6839,0.6891,1,2,1,605258,352,107354,602,0.0032605876468190746,0.6310272536687631
6840,0.6892,4,0,4,605258,352,107358,598,0.0032605876468190746,0.6294736842105263
6841,0.6894,0,1,0,605259,351,107358,598,0.0032513246137315203,0.6301369863013698
6842,0.6895,1,1,1,605260,350,107359,597,0.003242061580643966,0.6304118268215417
6843,0.6896,0,1,0,605261,349,107359,597,0.003232798547556412,0.63107822410148
6844,0.6897,2,2,2,605263,347,107361,595,0.0032142724813813035,0.6316348195329087
6845,0.6899,1,1,1,605264,346,107362,594,0.0032050094482937493,0.6319148936170212
6846,0.69,1,0,1,605264,346,107363,593,0.0032050094482937493,0.6315228966986155
6847,0.6901,1,0,1,605264,346,107364,592,0.0032050094482937493,0.6311300639658849
6848,0.6902,3,0,3,605264,346,107367,589,0.0032050094482937493,0.6299465240641712
6849,0.6903,0,1,0,605265,345,107367,589,0.003195746415206195,0.6306209850107066
6850,0.6905,0,1,0,605266,344,107367,589,0.003186483382118641,0.6312968917470525
6851,0.6906,0,1,0,605267,343,107367,589,0.0031772203490310867,0.6319742489270386
6852,0.6907,0,1,0,605268,342,107367,589,0.0031679573159435325,0.6326530612244898
6853,0.6908,0,2,0,605270,340,107367,589,0.003149431249768424,0.6340150699677072
6854,0.6909,1,3,1,605273,337,107368,588,0.0031216421505057615,0.6356756756756756
6855,0.6912,1,1,1,605274,336,107369,587,0.0031123791174182073,0.6359696641386782
6856,0.6914,1,0,1,605274,336,107370,586,0.0031123791174182073,0.6355748373101953
6857,0.6915,1,1,1,605275,335,107371,585,0.003103116084330653,0.6358695652173914
6858,0.6917,5,1,5,605276,334,107376,580,0.003093853051243099,0.6345733041575492
6859,0.6918,2,1,2,605277,333,107378,578,0.0030845900181555447,0.6344676180021954
6860,0.6919,0,1,0,605278,332,107378,578,0.0030753269850679905,0.6351648351648351
6861,0.692,1,1,1,605279,331,107379,577,0.0030660639519804363,0.6354625550660793
6862,0.6921,0,1,0,605280,330,107379,577,0.0030568009188928825,0.6361631753031973
6863,0.6922,4,3,4,605283,327,107383,573,0.00302901181963022,0.6366666666666667
6864,0.6923,0,1,0,605284,326,107383,573,0.0030197487865426657,0.6373748609566184
6865,0.6924,1,1,1,605285,325,107384,572,0.0030104857534551115,0.6376811594202898
6866,0.6925,1,1,1,605286,324,107385,571,0.0030012227203675573,0.6379888268156425
6867,0.6926,2,0,2,605286,324,107387,569,0.0030012227203675573,0.6371780515117581
6868,0.6927,0,2,0,605288,322,107387,569,0.002982696654192449,0.6386083052749719
6869,0.6928,2,2,2,605290,320,107389,567,0.0029641705880173405,0.6392333709131905
6870,0.6929,3,0,3,605290,320,107392,564,0.0029641705880173405,0.6380090497737556
6871,0.693,1,0,1,605290,320,107393,563,0.0029641705880173405,0.637599093997735
6872,0.6931,1,1,1,605291,319,107394,562,0.0029549075549297863,0.637911464245176
6873,0.6932,0,2,0,605293,317,107394,562,0.002936381488754678,0.6393629124004551
6874,0.6933,2,1,2,605294,316,107396,560,0.0029271184556671236,0.639269406392694
6875,0.6934,2,2,2,605296,314,107398,558,0.0029085923894920152,0.6399082568807339
6876,0.6935,2,0,2,605296,314,107400,556,0.0029085923894920152,0.639080459770115
6877,0.6936,2,1,2,605297,313,107402,554,0.002899329356404461,0.6389850057670127
6878,0.6937,3,1,3,605298,312,107405,551,0.002890066323316907,0.6384704519119351
6879,0.6938,2,2,2,605300,310,107407,549,0.0028715402571417984,0.6391152502910361
6880,0.6939,1,2,1,605302,308,107408,548,0.00285301419096669,0.6401869158878505
6881,0.694,3,1,3,605303,307,107411,545,0.002843751157879136,0.6396713615023474
6882,0.6943,1,1,1,605304,306,107412,544,0.0028344881247915816,0.64
6883,0.6944,1,2,1,605306,304,107413,543,0.002815962058616473,0.641086186540732
6884,0.6945,1,1,1,605307,303,107414,542,0.002806699025528919,0.6414201183431952
6885,0.6946,0,2,0,605309,301,107414,542,0.002788172959353811,0.6429418742586003
6886,0.6947,0,3,0,605312,298,107414,542,0.0027603838600911484,0.6452380952380953
6887,0.6949,2,0,2,605312,298,107416,540,0.0027603838600911484,0.6443914081145584
6888,0.695,1,0,1,605312,298,107417,539,0.0027603838600911484,0.6439665471923537
6889,0.6951,1,1,1,605313,297,107418,538,0.002751120827003594,0.644311377245509
6890,0.6952,1,2,1,605315,295,107419,537,0.002732594760828486,0.6454326923076923
6891,0.6953,1,1,1,605316,294,107420,536,0.0027233317277409316,0.6457831325301204
6892,0.6954,1,0,1,605316,294,107421,535,0.0027233317277409316,0.6453558504221955
6893,0.6955,1,0,1,605316,294,107422,534,0.0027233317277409316,0.644927536231884
6894,0.6956,2,0,2,605316,294,107424,532,0.0027233317277409316,0.6440677966101694
6895,0.6957,1,2,1,605318,292,107425,531,0.002704805661565823,0.6452004860267315
6896,0.6959,0,3,0,605321,289,107425,531,0.0026770165623031606,0.6475609756097561
6897,0.696,0,1,0,605322,288,107425,531,0.0026677535292156064,0.6483516483516484
6898,0.6961,1,2,1,605324,286,107426,530,0.002649227463040498,0.6495098039215687
6899,0.6962,1,2,1,605326,284,107427,529,0.0026307013968653896,0.6506765067650676
6900,0.6963,1,0,1,605326,284,107428,528,0.0026307013968653896,0.6502463054187192
6901,0.6964,0,1,0,605327,283,107428,528,0.0026214383637778354,0.6510480887792849
6902,0.6965,2,1,2,605328,282,107430,526,0.002612175330690281,0.650990099009901
6903,0.6967,1,1,1,605329,281,107431,525,0.002602912297602727,0.6513647642679901
6904,0.6968,3,0,3,605329,281,107434,522,0.002602912297602727,0.6500622665006227
6905,0.6969,2,1,2,605330,280,107436,520,0.0025936492645151727,0.65
6906,0.6972,0,1,0,605331,279,107436,520,0.0025843862314276185,0.6508135168961201
6907,0.6973,1,0,1,605331,279,107437,519,0.0025843862314276185,0.650375939849624
6908,0.6974,0,1,0,605332,278,107437,519,0.0025751231983400643,0.6511919698870765
6909,0.6975,2,1,2,605333,277,107439,517,0.00256586016525251,0.6511335012594458
6910,0.6977,0,2,0,605335,275,107439,517,0.0025473340990774017,0.6527777777777778
6911,0.6978,0,2,0,605337,273,107439,517,0.0025288080329022933,0.6544303797468355
6912,0.6979,2,1,2,605338,272,107441,515,0.0025195449998147395,0.6543837357052097
6913,0.698,2,0,2,605338,272,107443,513,0.0025195449998147395,0.6535031847133758
6914,0.6981,0,1,0,605339,271,107443,513,0.0025102819667271853,0.6543367346938775
6915,0.6982,1,0,1,605339,271,107444,512,0.0025102819667271853,0.6538952745849298
6916,0.6983,0,2,0,605341,269,107444,512,0.002491755900552077,0.6555697823303457
6917,0.6984,1,1,1,605342,268,107445,511,0.0024824928674645227,0.6559691912708601
6918,0.6986,1,1,1,605343,267,107446,510,0.0024732298343769685,0.6563706563706564
6919,0.6987,1,0,1,605343,267,107447,509,0.0024732298343769685,0.6559278350515464
6920,0.6988,3,2,3,605345,265,107450,506,0.00245470376820186,0.6562905317769131
6921,0.6989,2,0,2,605345,265,107452,504,0.00245470376820186,0.6553966189856957
6922,0.699,1,0,1,605345,265,107453,503,0.00245470376820186,0.6549479166666666
6923,0.6991,1,1,1,605346,264,107454,502,0.002445440735114306,0.6553524804177546
6924,0.6992,2,0,2,605346,264,107456,500,0.002445440735114306,0.6544502617801047
6925,0.6993,2,1,2,605347,263,107458,498,0.0024361777020267517,0.6544021024967148
6926,0.6996,1,1,1,605348,262,107459,497,0.0024269146689391975,0.6548089591567853
6927,0.6997,3,1,3,605349,261,107462,494,0.0024176516358516433,0.6543046357615894
6928,0.6999,0,1,0,605350,260,107462,494,0.002408388602764089,0.6551724137931034
6929,0.7,1,1,1,605351,259,107463,493,0.002399125569676535,0.6555851063829787
6930,0.7001,1,1,1,605352,258,107464,492,0.0023898625365889807,0.656
6931,0.7002,1,0,1,605352,258,107465,491,0.0023898625365889807,0.6555407209612817
6932,0.7003,1,1,1,605353,257,107466,490,0.0023805995035014265,0.6559571619812584
6933,0.7006,2,0,2,605353,257,107468,488,0.0023805995035014265,0.6550335570469799
6934,0.7007,0,1,0,605354,256,107468,488,0.0023713364704138723,0.6559139784946236
6935,0.7008,1,0,1,605354,256,107469,487,0.0023713364704138723,0.6554508748317631
6936,0.701,2,0,2,605354,256,107471,485,0.0023713364704138723,0.6545209176788124
6937,0.7011,1,1,1,605355,255,107472,484,0.002362073437326318,0.6549391069012178
6938,0.7013,2,0,2,605355,255,107474,482,0.002362073437326318,0.6540027137042063
6939,0.7014,3,0,3,605355,255,107477,479,0.002362073437326318,0.6525885558583107
6940,0.7015,0,2,0,605357,253,107477,479,0.0023435473711512097,0.6543715846994536
6941,0.7016,1,0,1,605357,253,107478,478,0.0023435473711512097,0.6538987688098495
6942,0.7017,3,0,3,605357,253,107481,475,0.0023435473711512097,0.6524725274725275
6943,0.7019,2,0,2,605357,253,107483,473,0.0023435473711512097,0.6515151515151515
6944,0.7021,2,0,2,605357,253,107485,471,0.0023435473711512097,0.6505524861878453
6945,0.7022,1,0,1,605357,253,107486,470,0.0023435473711512097,0.6500691562932227
6946,0.7023,0,1,0,605358,252,107486,470,0.0023342843380636555,0.6509695290858726
6947,0.7025,3,0,3,605358,252,107489,467,0.0023342843380636555,0.6495132127955494
6948,0.7027,1,0,1,605358,252,107490,466,0.0023342843380636555,0.649025069637883
6949,0.7028,2,0,2,605358,252,107492,464,0.0023342843380636555,0.6480446927374302
6950,0.7029,1,0,1,605358,252,107493,463,0.0023342843380636555,0.6475524475524476
6951,0.703,0,1,0,605359,251,107493,463,0.0023250213049761013,0.6484593837535014
6952,0.7031,2,0,2,605359,251,107495,461,0.0023250213049761013,0.6474719101123596
6953,0.7032,1,0,1,605359,251,107496,460,0.0023250213049761013,0.6469760900140648
6954,0.7033,1,1,1,605360,250,107497,459,0.002315758271888547,0.6473906911142454
6955,0.7034,1,0,1,605360,250,107498,458,0.002315758271888547,0.6468926553672316
6956,0.7035,2,0,2,605360,250,107500,456,0.002315758271888547,0.6458923512747875
6957,0.7037,1,0,1,605360,250,107501,455,0.002315758271888547,0.6453900709219859
6958,0.7038,2,0,2,605360,250,107503,453,0.002315758271888547,0.6443812233285917
6959,0.7039,1,0,1,605360,250,107504,452,0.002315758271888547,0.6438746438746439
6960,0.7041,2,0,2,605360,250,107506,450,0.002315758271888547,0.6428571428571429
6961,0.7042,1,1,1,605361,249,107507,449,0.002306495238800993,0.6432664756446992
6962,0.7043,1,0,1,605361,249,107508,448,0.002306495238800993,0.642754662840746
6963,0.7044,0,2,0,605363,247,107508,448,0.0022879691726258844,0.6446043165467625
6964,0.7045,1,0,1,605363,247,107509,447,0.0022879691726258844,0.6440922190201729
6965,0.7046,2,0,2,605363,247,107511,445,0.0022879691726258844,0.6430635838150289
6966,0.7047,1,0,1,605363,247,107512,444,0.0022879691726258844,0.6425470332850941
6967,0.7048,3,0,3,605363,247,107515,441,0.0022879691726258844,0.6409883720930233
6968,0.7049,0,2,0,605365,245,107515,441,0.002269443106450776,0.6428571428571429
6969,0.705,2,0,2,605365,245,107517,439,0.002269443106450776,0.6418128654970761
6970,0.7051,2,0,2,605365,245,107519,437,0.002269443106450776,0.6407624633431085
6971,0.7052,2,1,2,605366,244,107521,435,0.0022601800733632223,0.6406480117820325
6972,0.7053,1,0,1,605366,244,107522,434,0.0022601800733632223,0.640117994100295
6973,0.7054,3,1,3,605367,243,107525,431,0.002250917040275668,0.6394658753709199
6974,0.7055,3,1,3,605368,242,107528,428,0.002241654007188114,0.6388059701492538
6975,0.7056,0,2,0,605370,240,107528,428,0.0022231279410130055,0.6407185628742516
6976,0.7058,0,1,0,605371,239,107528,428,0.0022138649079254513,0.6416791604197901
6977,0.7059,0,1,0,605372,238,107528,428,0.002204601874837897,0.6426426426426426
6978,0.7062,0,1,0,605373,237,107528,428,0.002195338841750343,0.643609022556391
6979,0.7063,1,0,1,605373,237,107529,427,0.002195338841750343,0.6430722891566265
6980,0.7064,2,0,2,605373,237,107531,425,0.002195338841750343,0.6419939577039275
6981,0.7066,0,1,0,605374,236,107531,425,0.0021860758086627886,0.642965204236006
6982,0.7068,0,1,0,605375,235,107531,425,0.0021768127755752344,0.6439393939393939
6983,0.707,4,1,4,605376,234,107535,421,0.0021675497424876802,0.6427480916030535
6984,0.7071,2,0,2,605376,234,107537,419,0.0021675497424876802,0.6416539050535988
6985,0.7073,1,0,1,605376,234,107538,418,0.0021675497424876802,0.6411042944785276
6986,0.7074,0,1,0,605377,233,107538,418,0.002158286709400126,0.642089093701997
6987,0.7076,0,1,0,605378,232,107538,418,0.002149023676312572,0.6430769230769231
6988,0.7077,1,0,1,605378,232,107539,417,0.002149023676312572,0.6425269645608629
6989,0.708,1,4,1,605382,228,107540,416,0.002111971543962355,0.6459627329192547
6990,0.7081,1,0,1,605382,228,107541,415,0.002111971543962355,0.645412130637636
6991,0.7082,1,0,1,605382,228,107542,414,0.002111971543962355,0.6448598130841121
6992,0.7083,1,0,1,605382,228,107543,413,0.002111971543962355,0.6443057722308893
6993,0.7084,0,1,0,605383,227,107543,413,0.002102708510874801,0.6453125
6994,0.7086,1,0,1,605383,227,107544,412,0.002102708510874801,0.6447574334898278
6995,0.7087,1,1,1,605384,226,107545,411,0.0020934454777872466,0.6452119309262166
6996,0.7089,2,0,2,605384,226,107547,409,0.0020934454777872466,0.6440944881889764
6997,0.7091,1,1,1,605385,225,107548,408,0.0020841824446996924,0.6445497630331753
6998,0.7093,1,0,1,605385,225,107549,407,0.0020841824446996924,0.6439873417721519
6999,0.7094,2,1,2,605386,224,107551,405,0.002074919411612138,0.643879173290938
7000,0.7095,1,0,1,605386,224,107552,404,0.002074919411612138,0.643312101910828
7001,0.7096,1,2,1,605388,222,107553,403,0.00205639334543703,0.6448
7002,0.7099,0,1,0,605389,221,107553,403,0.0020471303123494756,0.6458333333333334
7003,0.7101,2,0,2,605389,221,107555,401,0.0020471303123494756,0.6446945337620579
7004,0.7103,2,1,2,605390,220,107557,399,0.0020378672792619214,0.6445880452342488
7005,0.7104,1,1,1,605391,219,107558,398,0.002028604246174367,0.6450567260940032
7006,0.7105,2,0,2,605391,219,107560,396,0.002028604246174367,0.6439024390243903
7007,0.7106,1,0,1,605391,219,107561,395,0.002028604246174367,0.6433224755700325
7008,0.7107,0,1,0,605392,218,107561,395,0.002019341213086813,0.6443719412724307
7009,0.7109,0,1,0,605393,217,107561,395,0.0020100781799992588,0.6454248366013072
7010,0.711,0,1,0,605394,216,107561,395,0.0020008151469117046,0.646481178396072
7011,0.7112,1,1,1,605395,215,107562,394,0.001991552113824151,0.6469622331691297
7012,0.7113,0,1,0,605396,214,107562,394,0.0019822890807365966,0.6480263157894737
7013,0.7114,1,0,1,605396,214,107563,393,0.0019822890807365966,0.6474464579901154
7014,0.7115,1,0,1,605396,214,107564,392,0.0019822890807365966,0.6468646864686468
7015,0.7116,0,1,0,605397,213,107564,392,0.0019730260476490424,0.6479338842975206
7016,0.7118,2,2,2,605399,211,107566,390,0.001954499981473934,0.64891846921797
7017,0.7119,3,0,3,605399,211,107569,387,0.001954499981473934,0.6471571906354515
7018,0.7122,3,0,3,605399,211,107572,384,0.001954499981473934,0.6453781512605042
7019,0.7123,1,1,1,605400,210,107573,383,0.0019452369483863796,0.6458684654300169
7020,0.7126,1,0,1,605400,210,107574,382,0.0019452369483863796,0.6452702702702703
7021,0.7129,2,0,2,605400,210,107576,380,0.0019452369483863796,0.6440677966101694
7022,0.7134,1,0,1,605400,210,107577,379,0.0019452369483863796,0.6434634974533107
7023,0.7135,1,1,1,605401,209,107578,378,0.0019359739152988254,0.6439522998296422
7024,0.7136,2,1,2,605402,208,107580,376,0.0019267108822112714,0.6438356164383562
7025,0.7137,2,0,2,605402,208,107582,374,0.0019267108822112714,0.6426116838487973
7026,0.7138,1,0,1,605402,208,107583,373,0.0019267108822112714,0.6419965576592083
7027,0.7139,0,1,0,605403,207,107583,373,0.0019174478491237172,0.6431034482758621
7028,0.714,3,2,3,605405,205,107586,370,0.0018989217829486088,0.6434782608695652
7029,0.7141,1,2,1,605407,203,107587,369,0.0018803957167735003,0.6451048951048951
7030,0.7142,2,2,2,605409,201,107589,367,0.001861869650598392,0.6461267605633803
7031,0.7143,0,1,0,605410,200,107589,367,0.0018526066175108377,0.6472663139329806
7032,0.7144,1,0,1,605410,200,107590,366,0.0018526066175108377,0.6466431095406361
7033,0.7145,1,0,1,605410,200,107591,365,0.0018526066175108377,0.6460176991150443
7034,0.7146,1,2,1,605412,198,107592,364,0.0018340805513357293,0.6476868327402135
7035,0.7147,2,1,2,605413,197,107594,362,0.0018248175182481751,0.6475849731663685
7036,0.7149,1,0,1,605413,197,107595,361,0.0018248175182481751,0.6469534050179212
7037,0.715,1,0,1,605413,197,107596,360,0.0018248175182481751,0.6463195691202872
7038,0.7151,0,1,0,605414,196,107596,360,0.001815554485160621,0.6474820143884892
7039,0.7152,0,2,0,605416,194,107596,360,0.0017970284189855125,0.6498194945848376
7040,0.7153,2,3,2,605419,191,107598,358,0.0017692393197228501,0.6520947176684881
7041,0.7154,3,0,3,605419,191,107601,355,0.0017692393197228501,0.6501831501831502
7042,0.7157,2,0,2,605419,191,107603,353,0.0017692393197228501,0.6488970588235294
7043,0.7158,1,0,1,605419,191,107604,352,0.0017692393197228501,0.6482504604051565
7044,0.716,1,0,1,605419,191,107605,351,0.0017692393197228501,0.6476014760147601
7045,0.7165,0,1,0,605420,190,107605,351,0.001759976286635296,0.6487985212569316
7046,0.7168,1,0,1,605420,190,107606,350,0.001759976286635296,0.6481481481481481
7047,0.717,0,1,0,605421,189,107606,350,0.0017507132535477417,0.6493506493506493
7048,0.7171,2,0,2,605421,189,107608,348,0.0017507132535477417,0.6480446927374302
7049,0.7173,1,1,1,605422,188,107609,347,0.0017414502204601875,0.6485981308411215
7050,0.7175,0,1,0,605423,187,107609,347,0.0017321871873726333,0.649812734082397
7051,0.7176,1,0,1,605423,187,107610,346,0.0017321871873726333,0.649155722326454
7052,0.7177,2,1,2,605424,186,107612,344,0.001722924154285079,0.6490566037735849
7053,0.7178,2,0,2,605424,186,107614,342,0.001722924154285079,0.6477272727272727
7054,0.718,0,1,0,605425,185,107614,342,0.001713661121197525,0.6489563567362429
7055,0.7181,0,1,0,605426,184,107614,342,0.0017043980881099707,0.6501901140684411
7056,0.7183,1,0,1,605426,184,107615,341,0.0017043980881099707,0.6495238095238095
7057,0.7184,1,1,1,605427,183,107616,340,0.0016951350550224165,0.6500956022944551
7058,0.7185,2,0,2,605427,183,107618,338,0.0016951350550224165,0.6487523992322457
7059,0.7186,1,0,1,605427,183,107619,337,0.0016951350550224165,0.6480769230769231
7060,0.7187,1,1,1,605428,182,107620,336,0.0016858720219348623,0.6486486486486487
7061,0.7189,1,1,1,605429,181,107621,335,0.001676608988847308,0.6492248062015504
7062,0.719,1,1,1,605430,180,107622,334,0.0016673459557597539,0.6498054474708171
7063,0.7191,2,0,2,605430,180,107624,332,0.0016673459557597539,0.6484375
7064,0.7192,0,1,0,605431,179,107624,332,0.0016580829226721999,0.649706457925636
7065,0.7195,0,1,0,605432,178,107624,332,0.0016488198895846457,0.6509803921568628
7066,0.7196,2,0,2,605432,178,107626,330,0.0016488198895846457,0.6496062992125984
7067,0.7197,0,1,0,605433,177,107626,330,0.0016395568564970915,0.650887573964497
7068,0.7198,1,1,1,605434,176,107627,329,0.0016302938234095373,0.6514851485148515
7069,0.7199,1,1,1,605435,175,107628,328,0.001621030790321983,0.6520874751491054
7070,0.72,2,2,2,605437,173,107630,326,0.0016025047241468747,0.6533066132264529
7071,0.7202,3,0,3,605437,173,107633,323,0.0016025047241468747,0.6512096774193549
7072,0.7205,2,0,2,605437,173,107635,321,0.0016025047241468747,0.6497975708502024
7073,0.7207,2,0,2,605437,173,107637,319,0.0016025047241468747,0.6483739837398373
7074,0.7208,0,1,0,605438,172,107637,319,0.0015932416910593205,0.6496945010183299
7075,0.7209,1,0,1,605438,172,107638,318,0.0015932416910593205,0.6489795918367347
7076,0.721,0,1,0,605439,171,107638,318,0.0015839786579717663,0.6503067484662577
7077,0.7213,4,0,4,605439,171,107642,314,0.0015839786579717663,0.6474226804123712
7078,0.7215,1,0,1,605439,171,107643,313,0.0015839786579717663,0.6466942148760331
7079,0.7216,3,0,3,605439,171,107646,310,0.0015839786579717663,0.6444906444906445
7080,0.7217,0,1,0,605440,170,107646,310,0.001574715624884212,0.6458333333333334
7081,0.7218,3,1,3,605441,169,107649,307,0.0015654525917966578,0.6449579831932774
7082,0.7219,2,0,2,605441,169,107651,305,0.0015654525917966578,0.6434599156118144
7083,0.722,1,0,1,605441,169,107652,304,0.0015654525917966578,0.642706131078224
7084,0.7221,1,0,1,605441,169,107653,303,0.0015654525917966578,0.6419491525423728
7085,0.7222,0,1,0,605442,168,107653,303,0.0015561895587091036,0.643312101910828
7086,0.7223,1,0,1,605442,168,107654,302,0.0015561895587091036,0.6425531914893617
7087,0.7225,3,0,3,605442,168,107657,299,0.0015561895587091036,0.6402569593147751
7088,0.7226,2,0,2,605442,168,107659,297,0.0015561895587091036,0.6387096774193548
7089,0.7227,1,0,1,605442,168,107660,296,0.0015561895587091036,0.6379310344827587
7090,0.7229,2,0,2,605442,168,107662,294,0.0015561895587091036,0.6363636363636364
7091,0.723,0,1,0,605443,167,107662,294,0.0015469265256215494,0.6377440347071583
7092,0.7232,1,0,1,605443,167,107663,293,0.0015469265256215494,0.6369565217391304
7093,0.7234,0,1,0,605444,166,107663,293,0.0015376634925339952,0.6383442265795207
7094,0.7235,0,1,0,605445,165,107663,293,0.0015284004594464412,0.6397379912663755
7095,0.7236,2,0,2,605445,165,107665,291,0.0015284004594464412,0.6381578947368421
7096,0.7241,0,2,0,605447,163,107665,291,0.0015098743932713328,0.6409691629955947
7097,0.7242,2,1,2,605448,162,107667,289,0.0015006113601837786,0.6407982261640798
7098,0.7243,2,1,2,605449,161,107669,287,0.0014913483270962244,0.640625
7099,0.7244,0,1,0,605450,160,107669,287,0.0014820852940086702,0.6420581655480985
7100,0.7246,0,1,0,605451,159,107669,287,0.001472822260921116,0.6434977578475336
7101,0.7248,1,0,1,605451,159,107670,286,0.001472822260921116,0.6426966292134831
7102,0.725,1,1,1,605452,158,107671,285,0.0014635592278335618,0.6433408577878104
7103,0.7251,1,0,1,605452,158,107672,284,0.0014635592278335618,0.6425339366515838
7104,0.7252,1,2,1,605454,156,107673,283,0.0014450331616584534,0.6446469248291572
7105,0.7253,1,2,1,605456,154,107674,282,0.001426507095483345,0.6467889908256881
7106,0.7256,0,1,0,605457,153,107674,282,0.0014172440623957908,0.6482758620689655
7107,0.7257,1,0,1,605457,153,107675,281,0.0014172440623957908,0.6474654377880185
7108,0.7258,1,1,1,605458,152,107676,280,0.0014079810293082366,0.6481481481481481
7109,0.726,1,0,1,605458,152,107677,279,0.0014079810293082366,0.6473317865429234
7110,0.7262,1,0,1,605458,152,107678,278,0.0014079810293082366,0.6465116279069767
7111,0.7263,2,0,2,605458,152,107680,276,0.0014079810293082366,0.6448598130841121
7112,0.7264,0,1,0,605459,151,107680,276,0.0013987179962206824,0.6463700234192038
7113,0.7265,0,1,0,605460,150,107680,276,0.0013894549631331284,0.647887323943662
7114,0.7266,1,0,1,605460,150,107681,275,0.0013894549631331284,0.6470588235294118
7115,0.7267,0,1,0,605461,149,107681,275,0.0013801919300455742,0.6485849056603774
7116,0.7268,0,2,0,605463,147,107681,275,0.0013616658638704658,0.6516587677725119
7117,0.7269,2,2,2,605465,145,107683,273,0.0013431397976953574,0.65311004784689
7118,0.727,1,0,1,605465,145,107684,272,0.0013431397976953574,0.6522781774580336
7119,0.7271,0,1,0,605466,144,107684,272,0.0013338767646078032,0.6538461538461539
7120,0.7272,1,2,1,605468,142,107685,271,0.0013153506984326948,0.6561743341404358
7121,0.7277,2,0,2,605468,142,107687,269,0.0013153506984326948,0.6545012165450121
7122,0.7278,2,0,2,605468,142,107689,267,0.0013153506984326948,0.6528117359413202
7123,0.728,2,1,2,605469,141,107691,265,0.0013060876653451406,0.6527093596059114
7124,0.7283,2,1,2,605470,140,107693,263,0.0012968246322575864,0.652605459057072
7125,0.7285,2,0,2,605470,140,107695,261,0.0012968246322575864,0.6508728179551122
7126,0.7286,1,0,1,605470,140,107696,260,0.0012968246322575864,0.65
7127,0.7287,1,2,1,605472,138,107697,259,0.001278298566082478,0.6523929471032746
7128,0.7288,1,0,1,605472,138,107698,258,0.001278298566082478,0.6515151515151515
7129,0.7289,2,0,2,605472,138,107700,256,0.001278298566082478,0.649746192893401
7130,0.729,0,1,0,605473,137,107700,256,0.0012690355329949238,0.6513994910941476
7131,0.7291,0,1,0,605474,136,107700,256,0.0012597724999073698,0.6530612244897959
7132,0.7295,1,0,1,605474,136,107701,255,0.0012597724999073698,0.6521739130434783
7133,0.7296,4,0,4,605474,136,107705,251,0.0012597724999073698,0.648578811369509
7134,0.7298,0,1,0,605475,135,107705,251,0.0012505094668198156,0.6502590673575129
7135,0.7301,1,1,1,605476,134,107706,250,0.0012412464337322614,0.6510416666666666
7136,0.7302,1,1,1,605477,133,107707,249,0.0012319834006447072,0.6518324607329843
7137,0.7303,1,0,1,605477,133,107708,248,0.0012319834006447072,0.6509186351706037
7138,0.7305,0,1,0,605478,132,107708,248,0.001222720367557153,0.6526315789473685
7139,0.7308,0,1,0,605479,131,107708,248,0.0012134573344695988,0.6543535620052771
7140,0.731,2,0,2,605479,131,107710,246,0.0012134573344695988,0.6525198938992043
7141,0.7312,1,0,1,605479,131,107711,245,0.0012134573344695988,0.651595744680851
7142,0.7313,1,0,1,605479,131,107712,244,0.0012134573344695988,0.6506666666666666
7143,0.7315,1,0,1,605479,131,107713,243,0.0012134573344695988,0.6497326203208557
7144,0.7316,0,1,0,605480,130,107713,243,0.0012041943013820445,0.6514745308310992
7145,0.7317,1,0,1,605480,130,107714,242,0.0012041943013820445,0.6505376344086021
7146,0.7318,1,0,1,605480,130,107715,241,0.0012041943013820445,0.6495956873315364
7147,0.7319,1,0,1,605480,130,107716,240,0.0012041943013820445,0.6486486486486487
7148,0.7321,0,1,0,605481,129,107716,240,0.0011949312682944903,0.6504065040650406
7149,0.7324,3,2,3,605483,127,107719,237,0.001176405202119382,0.6510989010989011
7150,0.7325,1,0,1,605483,127,107720,236,0.001176405202119382,0.650137741046832
7151,0.7326,0,1,0,605484,126,107720,236,0.0011671421690318277,0.6519337016574586
7152,0.7331,0,1,0,605485,125,107720,236,0.0011578791359442735,0.6537396121883656
7153,0.7333,1,0,1,605485,125,107721,235,0.0011578791359442735,0.6527777777777778
7154,0.734,4,1,4,605486,124,107725,231,0.0011486161028567193,0.6507042253521127
7155,0.7341,1,0,1,605486,124,107726,230,0.0011486161028567193,0.6497175141242938
7156,0.7342,3,0,3,605486,124,107729,227,0.0011486161028567193,0.6467236467236467
7157,0.7345,1,0,1,605486,124,107730,226,0.0011486161028567193,0.6457142857142857
7158,0.7346,1,1,1,605487,123,107731,225,0.0011393530697691651,0.646551724137931
7159,0.7347,0,2,0,605489,121,107731,225,0.001120827003594057,0.6502890173410405
7160,0.7349,0,1,0,605490,120,107731,225,0.0011115639705065027,0.6521739130434783
7161,0.735,1,0,1,605490,120,107732,224,0.0011115639705065027,0.6511627906976745
7162,0.7351,1,0,1,605490,120,107733,223,0.0011115639705065027,0.6501457725947521
7163,0.7352,2,1,2,605491,119,107735,221,0.0011023009374189485,0.65
7164,0.7353,2,0,2,605491,119,107737,219,0.0011023009374189485,0.6479289940828402
7165,0.7357,1,0,1,605491,119,107738,218,0.0011023009374189485,0.6468842729970327
7166,0.7358,0,1,0,605492,118,107738,218,0.0010930379043313943,0.6488095238095238
7167,0.7359,1,1,1,605493,117,107739,217,0.0010837748712438401,0.6497005988023952
7168,0.736,2,0,2,605493,117,107741,215,0.0010837748712438401,0.6475903614457831
7169,0.7363,1,0,1,605493,117,107742,214,0.0010837748712438401,0.6465256797583081
7170,0.7364,1,1,1,605494,116,107743,213,0.001074511838156286,0.6474164133738601
7171,0.7365,1,0,1,605494,116,107744,212,0.001074511838156286,0.6463414634146342
7172,0.7367,0,1,0,605495,115,107744,212,0.0010652488050687317,0.6483180428134556
7173,0.7369,1,2,1,605497,113,107745,211,0.0010467227388936233,0.6512345679012346
7174,0.7373,1,0,1,605497,113,107746,210,0.0010467227388936233,0.6501547987616099
7175,0.7375,2,1,2,605498,112,107748,208,0.001037459705806069,0.65
7176,0.7377,0,2,0,605500,110,107748,208,0.0010189336396309607,0.6540880503144654
7177,0.7378,1,0,1,605500,110,107749,207,0.0010189336396309607,0.6529968454258676
7178,0.738,1,2,1,605502,108,107750,206,0.0010004075734558523,0.6560509554140127
7179,0.7381,0,1,0,605503,107,107750,206,0.0009911445403682983,0.65814696485623
7180,0.7382,0,1,0,605504,106,107750,206,0.000981881507280744,0.6602564102564102
7181,0.7383,2,0,2,605504,106,107752,204,0.000981881507280744,0.6580645161290323
7182,0.7384,1,0,1,605504,106,107753,203,0.000981881507280744,0.656957928802589
7183,0.7385,1,0,1,605504,106,107754,202,0.000981881507280744,0.6558441558441559
7184,0.7388,1,0,1,605504,106,107755,201,0.000981881507280744,0.6547231270358306
7185,0.7389,2,2,2,605506,104,107757,199,0.0009633554411056357,0.6567656765676567
7186,0.7392,1,0,1,605506,104,107758,198,0.0009633554411056357,0.6556291390728477
7187,0.7395,0,2,0,605508,102,107758,198,0.0009448293749305273,0.66
7188,0.7397,1,0,1,605508,102,107759,197,0.0009448293749305273,0.6588628762541806
7189,0.74,1,0,1,605508,102,107760,196,0.0009448293749305273,0.6577181208053692
7190,0.7401,2,0,2,605508,102,107762,194,0.0009448293749305273,0.6554054054054054
7191,0.7404,2,0,2,605508,102,107764,192,0.0009448293749305273,0.6530612244897959
7192,0.7405,1,0,1,605508,102,107765,191,0.0009448293749305273,0.6518771331058021
7193,0.7412,1,0,1,605508,102,107766,190,0.0009448293749305273,0.6506849315068494
7194,0.7421,1,1,1,605509,101,107767,189,0.0009355663418429731,0.6517241379310345
7195,0.7422,1,0,1,605509,101,107768,188,0.0009355663418429731,0.6505190311418685
7196,0.7426,0,1,0,605510,100,107768,188,0.0009263033087554189,0.6527777777777778
7197,0.7428,0,1,0,605511,99,107768,188,0.0009170402756678647,0.6550522648083623
7198,0.7431,1,0,1,605511,99,107769,187,0.0009170402756678647,0.6538461538461539
7199,0.7432,1,1,1,605512,98,107770,186,0.0009077772425803105,0.6549295774647887
7200,0.7433,0,1,0,605513,97,107770,186,0.0008985142094927563,0.657243816254417
7201,0.7434,1,0,1,605513,97,107771,185,0.0008985142094927563,0.6560283687943262
7202,0.7435,1,0,1,605513,97,107772,184,0.0008985142094927563,0.6548042704626335
7203,0.7436,1,0,1,605513,97,107773,183,0.0008985142094927563,0.6535714285714286
7204,0.7439,2,0,2,605513,97,107775,181,0.0008985142094927563,0.6510791366906474
7205,0.7442,1,1,1,605514,96,107776,180,0.0008892511764052022,0.6521739130434783
7206,0.7447,1,0,1,605514,96,107777,179,0.0008892511764052022,0.6509090909090909
7207,0.7448,1,2,1,605516,94,107778,178,0.0008707251102300938,0.6544117647058824
7208,0.7449,1,0,1,605516,94,107779,177,0.0008707251102300938,0.6531365313653137
7209,0.7451,0,1,0,605517,93,107779,177,0.0008614620771425395,0.6555555555555556
7210,0.7453,0,1,0,605518,92,107779,177,0.0008521990440549853,0.6579925650557621
7211,0.7462,1,0,1,605518,92,107780,176,0.0008521990440549853,0.6567164179104478
7212,0.7464,0,1,0,605519,91,107780,176,0.0008429360109674311,0.6591760299625468
7213,0.7466,1,1,1,605520,90,107781,175,0.0008336729778798769,0.660377358490566
7214,0.7467,0,1,0,605521,89,107781,175,0.0008244099447923228,0.6628787878787878
7215,0.7472,2,0,2,605521,89,107783,173,0.0008244099447923228,0.6603053435114504
7216,0.7473,0,1,0,605522,88,107783,173,0.0008151469117047686,0.6628352490421456
7217,0.7475,0,1,0,605523,87,107783,173,0.0008058838786172144,0.6653846153846154
7218,0.7476,2,0,2,605523,87,107785,171,0.0008058838786172144,0.6627906976744186
7219,0.7478,1,0,1,605523,87,107786,170,0.0008058838786172144,0.6614785992217899
7220,0.748,1,0,1,605523,87,107787,169,0.0008058838786172144,0.66015625
7221,0.7481,0,1,0,605524,86,107787,169,0.0007966208455296602,0.6627450980392157
7222,0.7482,2,0,2,605524,86,107789,167,0.0007966208455296602,0.6600790513833992
7223,0.7484,1,1,1,605525,85,107790,166,0.000787357812442106,0.6613545816733067
7224,0.7486,1,0,1,605525,85,107791,165,0.000787357812442106,0.66
7225,0.7489,2,0,2,605525,85,107793,163,0.000787357812442106,0.657258064516129
7226,0.7492,2,0,2,605525,85,107795,161,0.000787357812442106,0.6544715447154471
7227,0.7497,1,0,1,605525,85,107796,160,0.000787357812442106,0.6530612244897959
7228,0.7499,2,0,2,605525,85,107798,158,0.000787357812442106,0.6502057613168725
7229,0.75,2,0,2,605525,85,107800,156,0.000787357812442106,0.6473029045643154
7230,0.7502,1,0,1,605525,85,107801,155,0.000787357812442106,0.6458333333333334
7231,0.7504,1,0,1,605525,85,107802,154,0.000787357812442106,0.6443514644351465
7232,0.7506,0,1,0,605526,84,107802,154,0.0007780947793545518,0.6470588235294118
7233,0.7507,1,0,1,605526,84,107803,153,0.0007780947793545518,0.6455696202531646
7234,0.7508,1,0,1,605526,84,107804,152,0.0007780947793545518,0.6440677966101694
7235,0.7509,1,0,1,605526,84,107805,151,0.0007780947793545518,0.6425531914893617
7236,0.751,3,0,3,605526,84,107808,148,0.0007780947793545518,0.6379310344827587
7237,0.7512,1,0,1,605526,84,107809,147,0.0007780947793545518,0.6363636363636364
7238,0.7513,0,1,0,605527,83,107809,147,0.0007688317462669976,0.6391304347826087
7239,0.752,1,1,1,605528,82,107810,146,0.0007595687131794435,0.6403508771929824
7240,0.7521,2,0,2,605528,82,107812,144,0.0007595687131794435,0.6371681415929203
7241,0.7522,0,1,0,605529,81,107812,144,0.0007503056800918893,0.64
7242,0.7524,1,0,1,605529,81,107813,143,0.0007503056800918893,0.6383928571428571
7243,0.7525,1,0,1,605529,81,107814,142,0.0007503056800918893,0.6367713004484304
7244,0.7526,2,0,2,605529,81,107816,140,0.0007503056800918893,0.6334841628959276
7245,0.7527,0,1,0,605530,80,107816,140,0.0007410426470043351,0.6363636363636364
7246,0.7529,0,1,0,605531,79,107816,140,0.0007317796139167809,0.639269406392694
7247,0.7533,1,0,1,605531,79,107817,139,0.0007317796139167809,0.6376146788990825
7248,0.7537,1,0,1,605531,79,107818,138,0.0007317796139167809,0.6359447004608295
7249,0.754,1,1,1,605532,78,107819,137,0.0007225165808292267,0.6372093023255814
7250,0.7545,1,1,1,605533,77,107820,136,0.0007132535477416725,0.6384976525821596
7251,0.7548,0,1,0,605534,76,107820,136,0.0007039905146541183,0.6415094339622641
7252,0.7549,0,1,0,605535,75,107820,136,0.0006947274815665642,0.6445497630331753
7253,0.755,1,0,1,605535,75,107821,135,0.0006947274815665642,0.6428571428571429
7254,0.7552,0,1,0,605536,74,107821,135,0.00068546444847901,0.645933014354067
7255,0.7555,1,0,1,605536,74,107822,134,0.00068546444847901,0.6442307692307693
7256,0.756,2,0,2,605536,74,107824,132,0.00068546444847901,0.6407766990291263
7257,0.7561,0,2,0,605538,72,107824,132,0.0006669383823039016,0.6470588235294118
7258,0.7562,1,0,1,605538,72,107825,131,0.0006669383823039016,0.645320197044335
7259,0.7564,1,0,1,605538,72,107826,130,0.0006669383823039016,0.6435643564356436
7260,0.7565,4,0,4,605538,72,107830,126,0.0006669383823039016,0.6363636363636364
7261,0.7566,1,0,1,605538,72,107831,125,0.0006669383823039016,0.6345177664974619
7262,0.757,1,0,1,605538,72,107832,124,0.0006669383823039016,0.6326530612244898
7263,0.7573,0,1,0,605539,71,107832,124,0.0006576753492163474,0.6358974358974359
7264,0.7576,1,0,1,605539,71,107833,123,0.0006576753492163474,0.634020618556701
7265,0.7577,0,1,0,605540,70,107833,123,0.0006484123161287932,0.6373056994818653
7266,0.7578,1,1,1,605541,69,107834,122,0.000639149283041239,0.6387434554973822
7267,0.7582,2,1,2,605542,68,107836,120,0.0006298862499536849,0.6382978723404256
7268,0.7583,1,0,1,605542,68,107837,119,0.0006298862499536849,0.6363636363636364
7269,0.7584,1,0,1,605542,68,107838,118,0.0006298862499536849,0.6344086021505376
7270,0.7587,0,1,0,605543,67,107838,118,0.0006206232168661307,0.6378378378378379
7271,0.7589,1,0,1,605543,67,107839,117,0.0006206232168661307,0.6358695652173914
7272,0.759,2,0,2,605543,67,107841,115,0.0006206232168661307,0.6318681318681318
7273,0.7591,1,0,1,605543,67,107842,114,0.0006206232168661307,0.6298342541436464
7274,0.7597,1,1,1,605544,66,107843,113,0.0006113601837785765,0.6312849162011173
7275,0.7598,1,0,1,605544,66,107844,112,0.0006113601837785765,0.6292134831460674
7276,0.7599,0,1,0,605545,65,107844,112,0.0006020971506910223,0.632768361581921
7277,0.76,1,0,1,605545,65,107845,111,0.0006020971506910223,0.6306818181818182
7278,0.7604,1,0,1,605545,65,107846,110,0.0006020971506910223,0.6285714285714286
7279,0.7606,1,0,1,605545,65,107847,109,0.0006020971506910223,0.6264367816091954
7280,0.7607,0,1,0,605546,64,107847,109,0.0005928341176034681,0.630057803468208
7281,0.7609,3,1,3,605547,63,107850,106,0.0005835710845159139,0.6272189349112426
7282,0.761,1,0,1,605547,63,107851,105,0.0005835710845159139,0.625
7283,0.7611,1,0,1,605547,63,107852,104,0.0005835710845159139,0.6227544910179641
7284,0.7613,1,0,1,605547,63,107853,103,0.0005835710845159139,0.6204819277108434
7285,0.7614,2,0,2,605547,63,107855,101,0.0005835710845159139,0.6158536585365854
7286,0.7615,0,1,0,605548,62,107855,101,0.0005743080514283597,0.6196319018404908
7287,0.7617,0,1,0,605549,61,107855,101,0.0005650450183408056,0.6234567901234568
7288,0.7618,1,0,1,605549,61,107856,100,0.0005650450183408056,0.6211180124223602
7289,0.7619,1,0,1,605549,61,107857,99,0.0005650450183408056,0.61875
7290,0.7622,0,2,0,605551,59,107857,99,0.0005465189521656972,0.6265822784810127
7291,0.7625,1,0,1,605551,59,107858,98,0.0005465189521656972,0.6242038216560509
7292,0.7627,0,1,0,605552,58,107858,98,0.000537255919078143,0.6282051282051282
7293,0.7629,1,0,1,605552,58,107859,97,0.000537255919078143,0.6258064516129033
7294,0.7632,1,0,1,605552,58,107860,96,0.000537255919078143,0.6233766233766234
7295,0.7633,0,1,0,605553,57,107860,96,0.0005279928859905888,0.6274509803921569
7296,0.7639,1,0,1,605553,57,107861,95,0.0005279928859905888,0.625
7297,0.7645,1,1,1,605554,56,107862,94,0.0005187298529030345,0.6266666666666667
7298,0.7655,0,1,0,605555,55,107862,94,0.0005094668198154803,0.6308724832214765
7299,0.7657,1,0,1,605555,55,107863,93,0.0005094668198154803,0.6283783783783784
7300,0.7659,1,0,1,605555,55,107864,92,0.0005094668198154803,0.6258503401360545
7301,0.7668,1,0,1,605555,55,107865,91,0.0005094668198154803,0.6232876712328768
7302,0.7669,2,0,2,605555,55,107867,89,0.0005094668198154803,0.6180555555555556
7303,0.7671,1,0,1,605555,55,107868,88,0.0005094668198154803,0.6153846153846154
7304,0.7672,1,0,1,605555,55,107869,87,0.0005094668198154803,0.6126760563380281
7305,0.7673,1,0,1,605555,55,107870,86,0.0005094668198154803,0.6099290780141844
7306,0.7679,1,0,1,605555,55,107871,85,0.0005094668198154803,0.6071428571428571
7307,0.7685,1,0,1,605555,55,107872,84,0.0005094668198154803,0.60431654676259
7308,0.7688,1,0,1,605555,55,107873,83,0.0005094668198154803,0.6014492753623188
7309,0.7689,1,0,1,605555,55,107874,82,0.0005094668198154803,0.5985401459854015
7310,0.769,1,1,1,605556,54,107875,81,0.0005002037867279261,0.6
7311,0.7692,1,0,1,605556,54,107876,80,0.0005002037867279261,0.5970149253731343
7312,0.7694,1,0,1,605556,54,107877,79,0.0005002037867279261,0.5939849624060151
7313,0.7696,1,0,1,605556,54,107878,78,0.0005002037867279261,0.5909090909090909
7314,0.7701,1,0,1,605556,54,107879,77,0.0005002037867279261,0.5877862595419847
7315,0.7705,1,1,1,605557,53,107880,76,0.000490940753640372,0.5891472868217055
7316,0.7707,2,0,2,605557,53,107882,74,0.000490940753640372,0.5826771653543307
7317,0.7709,1,0,1,605557,53,107883,73,0.000490940753640372,0.5793650793650794
7318,0.7713,1,0,1,605557,53,107884,72,0.000490940753640372,0.576
7319,0.7719,1,0,1,605557,53,107885,71,0.000490940753640372,0.5725806451612904
7320,0.7721,1,0,1,605557,53,107886,70,0.000490940753640372,0.5691056910569106
7321,0.7722,0,1,0,605558,52,107886,70,0.00048167772055281784,0.5737704918032787
7322,0.7726,2,0,2,605558,52,107888,68,0.00048167772055281784,0.5666666666666667
7323,0.773,1,0,1,605558,52,107889,67,0.00048167772055281784,0.5630252100840336
7324,0.7731,1,1,1,605559,51,107890,66,0.00047241468746526364,0.5641025641025641
7325,0.7734,0,1,0,605560,50,107890,66,0.00046315165437770943,0.5689655172413793
7326,0.7738,0,1,0,605561,49,107890,66,0.00045388862129015523,0.5739130434782609
7327,0.7743,0,1,0,605562,48,107890,66,0.0004446255882026011,0.5789473684210527
7328,0.7746,1,0,1,605562,48,107891,65,0.0004446255882026011,0.5752212389380531
7329,0.775,0,1,0,605563,47,107891,65,0.0004353625551150469,0.5803571428571429
7330,0.7753,1,0,1,605563,47,107892,64,0.0004353625551150469,0.5765765765765766
7331,0.7754,1,2,1,605565,45,107893,63,0.00041683648893993847,0.5833333333333334
7332,0.7757,1,1,1,605566,44,107894,62,0.0004075734558523843,0.5849056603773585
7333,0.7759,1,0,1,605566,44,107895,61,0.0004075734558523843,0.580952380952381
7334,0.7762,1,0,1,605566,44,107896,60,0.0004075734558523843,0.5769230769230769
7335,0.7765,0,1,0,605567,43,107896,60,0.0003983104227648301,0.5825242718446602
7336,0.7785,0,1,0,605568,42,107896,60,0.0003890473896772759,0.5882352941176471
7337,0.7798,1,0,1,605568,42,107897,59,0.0003890473896772759,0.5841584158415841
7338,0.7803,1,0,1,605568,42,107898,58,0.0003890473896772759,0.58
7339,0.7804,0,1,0,605569,41,107898,58,0.00037978435658972176,0.5858585858585859
7340,0.7805,1,0,1,605569,41,107899,57,0.00037978435658972176,0.5816326530612245
7341,0.7807,1,1,1,605570,40,107900,56,0.00037052132350216756,0.5833333333333334
7342,0.781,1,0,1,605570,40,107901,55,0.00037052132350216756,0.5789473684210527
7343,0.7812,1,0,1,605570,40,107902,54,0.00037052132350216756,0.574468085106383
7344,0.7813,1,0,1,605570,40,107903,53,0.00037052132350216756,0.5698924731182796
7345,0.7818,0,1,0,605571,39,107903,53,0.00036125829041461335,0.5760869565217391
7346,0.7822,2,0,2,605571,39,107905,51,0.00036125829041461335,0.5666666666666667
7347,0.7825,0,1,0,605572,38,107905,51,0.00035199525732705915,0.5730337078651685
7348,0.7827,2,0,2,605572,38,107907,49,0.00035199525732705915,0.5632183908045977
7349,0.7829,1,0,1,605572,38,107908,48,0.00035199525732705915,0.5581395348837209
7350,0.7836,0,1,0,605573,37,107908,48,0.000342732224239505,0.5647058823529412
7351,0.7837,0,1,0,605574,36,107908,48,0.0003334691911519508,0.5714285714285714
7352,0.784,1,1,1,605575,35,107909,47,0.0003242061580643966,0.573170731707317
7353,0.7841,0,1,0,605576,34,107909,47,0.00031494312497684244,0.5802469135802469
7354,0.7842,1,0,1,605576,34,107910,46,0.00031494312497684244,0.575
7355,0.785,1,0,1,605576,34,107911,45,0.00031494312497684244,0.569620253164557
7356,0.7856,0,1,0,605577,33,107911,45,0.00030568009188928824,0.5769230769230769
7357,0.786,0,1,0,605578,32,107911,45,0.00029641705880173404,0.5844155844155844
7358,0.7863,1,0,1,605578,32,107912,44,0.00029641705880173404,0.5789473684210527
7359,0.7864,0,1,0,605579,31,107912,44,0.00028715402571417983,0.5866666666666667
7360,0.7868,1,0,1,605579,31,107913,43,0.00028715402571417983,0.581081081081081
7361,0.7871,0,1,0,605580,30,107913,43,0.0002778909926266257,0.589041095890411
7362,0.7881,1,0,1,605580,30,107914,42,0.0002778909926266257,0.5833333333333334
7363,0.7884,1,1,1,605581,29,107915,41,0.0002686279595390715,0.5857142857142857
7364,0.7885,1,0,1,605581,29,107916,40,0.0002686279595390715,0.5797101449275363
7365,0.7897,0,1,0,605582,28,107916,40,0.0002593649264515173,0.5882352941176471
7366,0.7901,0,1,0,605583,27,107916,40,0.00025010189336396307,0.5970149253731343
7367,0.7917,0,1,0,605584,26,107916,40,0.00024083886027640892,0.6060606060606061
7368,0.7924,0,1,0,605585,25,107916,40,0.00023157582718885472,0.6153846153846154
7369,0.7928,1,0,1,605585,25,107917,39,0.00023157582718885472,0.609375
7370,0.7936,0,1,0,605586,24,107917,39,0.00022231279410130054,0.6190476190476191
7371,0.7954,1,0,1,605586,24,107918,38,0.00022231279410130054,0.6129032258064516
7372,0.7955,1,0,1,605586,24,107919,37,0.00022231279410130054,0.6065573770491803
7373,0.796,0,1,0,605587,23,107919,37,0.00021304976101374634,0.6166666666666667
7374,0.7965,1,0,1,605587,23,107920,36,0.00021304976101374634,0.6101694915254238
7375,0.7968,1,0,1,605587,23,107921,35,0.00021304976101374634,0.603448275862069
7376,0.7969,1,0,1,605587,23,107922,34,0.00021304976101374634,0.5964912280701754
7377,0.7971,1,0,1,605587,23,107923,33,0.00021304976101374634,0.5892857142857143
7378,0.7975,1,0,1,605587,23,107924,32,0.00021304976101374634,0.5818181818181818
7379,0.7978,1,0,1,605587,23,107925,31,0.00021304976101374634,0.5740740740740741
7380,0.7981,1,0,1,605587,23,107926,30,0.00021304976101374634,0.5660377358490566
7381,0.8003,1,0,1,605587,23,107927,29,0.00021304976101374634,0.5576923076923077
7382,0.8009,1,0,1,605587,23,107928,28,0.00021304976101374634,0.5490196078431373
7383,0.8016,0,1,0,605588,22,107928,28,0.00020378672792619216,0.56
7384,0.8029,1,0,1,605588,22,107929,27,0.00020378672792619216,0.5510204081632653
7385,0.803,1,0,1,605588,22,107930,26,0.00020378672792619216,0.5416666666666666
7386,0.8046,0,1,0,605589,21,107930,26,0.00019452369483863796,0.5531914893617021
7387,0.8057,1,0,1,605589,21,107931,25,0.00019452369483863796,0.5434782608695652
7388,0.8063,0,1,0,605590,20,107931,25,0.00018526066175108378,0.5555555555555556
7389,0.8064,1,0,1,605590,20,107932,24,0.00018526066175108378,0.5454545454545454
7390,0.8076,0,2,0,605592,18,107932,24,0.0001667345955759754,0.5714285714285714
7391,0.8079,1,0,1,605592,18,107933,23,0.0001667345955759754,0.5609756097560976
7392,0.8083,0,1,0,605593,17,107933,23,0.00015747156248842122,0.575
7393,0.8087,1,0,1,605593,17,107934,22,0.00015747156248842122,0.5641025641025641
7394,0.8088,1,1,1,605594,16,107935,21,0.00014820852940086702,0.5675675675675675
7395,0.8096,1,0,1,605594,16,107936,20,0.00014820852940086702,0.5555555555555556
7396,0.8101,1,0,1,605594,16,107937,19,0.00014820852940086702,0.5428571428571428
7397,0.8104,0,1,0,605595,15,107937,19,0.00013894549631331284,0.5588235294117647
7398,0.811,0,1,0,605596,14,107937,19,0.00012968246322575864,0.5757575757575758
7399,0.8115,1,0,1,605596,14,107938,18,0.00012968246322575864,0.5625
7400,0.8124,1,0,1,605596,14,107939,17,0.00012968246322575864,0.5483870967741935
7401,0.8129,0,1,0,605597,13,107939,17,0.00012041943013820446,0.5666666666666667
7402,0.8149,0,1,0,605598,12,107939,17,0.00011115639705065027,0.5862068965517241
7403,0.816,1,0,1,605598,12,107940,16,0.00011115639705065027,0.5714285714285714
7404,0.8228,0,1,0,605599,11,107940,16,0.00010189336396309608,0.5925925925925926
7405,0.8237,1,0,1,605599,11,107941,15,0.00010189336396309608,0.5769230769230769
7406,0.8239,0,1,0,605600,10,107941,15,9.263033087554189e-05,0.6
7407,0.8247,0,1,0,605601,9,107941,15,8.33672977879877e-05,0.625
7408,0.8256,1,0,1,605601,9,107942,14,8.33672977879877e-05,0.6086956521739131
7409,0.826,1,0,1,605601,9,107943,13,8.33672977879877e-05,0.5909090909090909
7410,0.8281,1,0,1,605601,9,107944,12,8.33672977879877e-05,0.5714285714285714
7411,0.8299,1,0,1,605601,9,107945,11,8.33672977879877e-05,0.55
7412,0.8305,1,0,1,605601,9,107946,10,8.33672977879877e-05,0.5263157894736842
7413,0.8332,1,0,1,605601,9,107947,9,8.33672977879877e-05,0.5
7414,0.8338,1,0,1,605601,9,107948,8,8.33672977879877e-05,0.47058823529411764
7415,0.8358,0,1,0,605602,8,107948,8,7.410426470043351e-05,0.5
7416,0.8364,1,0,1,605602,8,107949,7,7.410426470043351e-05,0.4666666666666667
7417,0.8365,1,0,1,605602,8,107950,6,7.410426470043351e-05,0.42857142857142855
7418,0.8375,1,0,1,605602,8,107951,5,7.410426470043351e-05,0.38461538461538464
7419,0.8397,0,1,0,605603,7,107951,5,6.484123161287932e-05,0.4166666666666667
7420,0.8404,1,0,1,605603,7,107952,4,6.484123161287932e-05,0.36363636363636365
7421,0.8408,0,1,0,605604,6,107952,4,5.5578198525325135e-05,0.4
7422,0.842,0,1,0,605605,5,107952,4,4.6315165437770945e-05,0.4444444444444444
7423,0.8422,0,1,0,605606,4,107952,4,3.7052132350216754e-05,0.5
7424,0.8439,0,1,0,605607,3,107952,4,2.7789099262662567e-05,0.5714285714285714
7425,0.8511,0,1,0,605608,2,107952,4,1.8526066175108377e-05,0.6666666666666666
7426,0.8533,1,0,1,605608,2,107953,3,1.8526066175108377e-05,0.6
7427,0.8603,0,1,0,605609,1,107953,3,9.263033087554189e-06,0.75
7428,0.8937,1,0,1,605609,1,107954,2,9.263033087554189e-06,0.6666666666666666
7429,0.9178,1,0,1,605609,1,107955,1,9.263033087554189e-06,0.5
7430,0.9224,0,1,0,605610,0,107955,1,0.0,1.0
7431,0.9288,1,0,1,605610,0,107956,0,0.0,
