,y_proba,y_test,Neg,Pos,TN,FP,FN,TP,FP/P,Prec
0,0.0052,0,2,0,2,605608,0,107956,5.609766942087517,0.15129126469384666
1,0.0057,0,2,0,4,605606,0,107956,5.609748416021342,0.15129168873903037
2,0.0058,0,2,0,6,605604,0,107956,5.609729889955167,0.1512921127865912
3,0.007,0,2,0,8,605602,0,107956,5.609711363888992,0.15129253683652905
4,0.0074,0,2,0,10,605600,0,107956,5.609692837822816,0.15129296088884403
5,0.0077,0,1,0,11,605599,0,107956,5.609683574789729,0.15129317291589295
6,0.0078,0,2,0,13,605597,0,107956,5.609665048723554,0.15129359697177364
7,0.008,0,1,0,14,605596,0,107956,5.6096557856904665,0.15129380900060543
8,0.0085,0,5,0,19,605591,0,107956,5.609609470525029,0.15129486915367873
9,0.0088,0,1,0,20,605590,0,107956,5.609600207491941,0.1512950811860763
10,0.0092,0,2,0,22,605588,0,107956,5.609581681425766,0.15129550525265437
11,0.0098,0,4,0,26,605584,0,107956,5.609544629293416,0.15129635339294223
12,0.0101,0,2,0,28,605582,0,107956,5.609526103227241,0.1512967774666521
13,0.0102,0,2,0,30,605580,0,107956,5.609507577161065,0.15129720154273926
14,0.0104,1,43,1,73,605537,1,107955,5.609109266738301,0.15130513026074574
15,0.0105,0,5,0,78,605532,1,107955,5.609062951572863,0.15130619058230912
16,0.0106,0,3,0,81,605529,1,107955,5.6090351624736,0.15130682678238055
17,0.0108,0,1,0,82,605528,1,107955,5.609025899440513,0.15130703885025992
18,0.0109,1,5,1,87,605523,2,107954,5.608979584275075,0.15130690968314325
19,0.011,0,3,0,90,605520,2,107954,5.6089517951758125,0.15130754589515524
20,0.0111,0,3,0,93,605517,2,107954,5.60892400607655,0.15130818211251754
21,0.0113,0,29,0,122,605488,2,107954,5.60865537811701,0.15131433248953663
22,0.0114,0,1,0,123,605487,2,107954,5.608646115083923,0.15131454458042082
23,0.0115,0,3,0,126,605484,2,107954,5.6086183259846605,0.15131518085664067
24,0.0116,0,25,0,151,605459,2,107954,5.608386750157472,0.15132048336657727
25,0.0117,0,9,0,160,605450,2,107954,5.608303382859684,0.15132239236113057
26,0.0118,1,1,1,161,605449,3,107953,5.608294119826596,0.15132141485445794
27,0.0119,0,5,0,166,605444,3,107953,5.608247804661159,0.15132247542392244
28,0.012,0,3,0,169,605441,3,107953,5.608220015561896,0.15132311177273708
29,0.0122,0,8,0,177,605433,3,107953,5.608145911297195,0.15132480872907514
30,0.0123,0,3,0,180,605430,3,107953,5.608118122197933,0.15132544509751425
31,0.0124,0,6,0,186,605424,3,107953,5.608062543999407,0.15132671785044935
32,0.0125,0,1,0,187,605423,3,107953,5.6080532809663195,0.15132692997802
33,0.0126,0,4,0,191,605419,3,107953,5.60801622883397,0.15132777849424983
34,0.0127,0,27,0,218,605392,3,107953,5.607766126940605,0.1513335062277019
35,0.0128,1,29,1,247,605363,4,107952,5.607497498981067,0.15133846897934292
36,0.0129,0,17,0,264,605346,4,107952,5.607340027418578,0.15134207582244727
37,0.013,1,21,1,285,605325,5,107951,5.607145503723739,0.15134534177513334
38,0.0131,0,35,0,320,605290,5,107951,5.606821297565675,0.15135276855929483
39,0.0132,0,7,0,327,605283,5,107951,5.606756456334062,0.1513542540035949
40,0.0133,1,20,1,347,605263,6,107950,5.606571195672311,0.15135730840576378
41,0.0134,0,6,0,353,605257,6,107950,5.606515617473786,0.15135858173012884
42,0.0135,0,4,0,357,605253,6,107950,5.606478565341435,0.15135943062494128
43,0.0136,0,3,0,360,605250,6,107950,5.6064507762421725,0.1513600673022995
44,0.0137,0,7,0,367,605243,6,107950,5.60638593501056,0.15136155290363199
45,0.0138,1,26,1,393,605217,7,107949,5.606145096150284,0.15136588115529906
46,0.0139,0,53,0,446,605164,7,107949,5.6056541553966435,0.1513771309736325
47,0.014,0,4,0,450,605160,7,107949,5.605617103264293,0.15137798008439102
48,0.0141,0,3,0,453,605157,7,107949,5.60558931416503,0.1513786169237112
49,0.0142,0,2,0,455,605155,7,107949,5.605570788098855,0.15137904148623482
50,0.0143,1,69,1,524,605086,8,107948,5.604931638815814,0.15139250021738093
51,0.0144,1,26,1,550,605060,9,107947,5.604690799955537,0.15139683060615114
52,0.0145,1,63,1,613,604997,10,107946,5.604107228871022,0.1514090186733021
53,0.0146,0,3,0,616,604994,10,107946,5.604079439771759,0.1514096557915112
54,0.0147,0,1,0,617,604993,10,107946,5.604070176738671,0.1514098681654391
55,0.0148,0,56,0,673,604937,10,107946,5.603551446885768,0.1514217620563262
56,0.0149,0,26,0,699,604911,10,107946,5.603310608025492,0.1514272848551673
57,0.015,0,6,0,705,604905,10,107946,5.6032550298269665,0.1514285594044197
58,0.0151,0,6,0,711,604899,10,107946,5.603199451628441,0.15142983397512783
59,0.0152,0,14,0,725,604885,10,107946,5.603069769165216,0.15143280805688866
60,0.0153,0,51,0,776,604834,10,107946,5.6025973544777505,0.1514436431998653
61,0.0154,0,5,0,781,604829,10,107946,5.602551039312313,0.151444705552243
62,0.0155,0,3,0,784,604826,10,107946,5.60252325021305,0.15144534297082377
63,0.0156,0,87,0,871,604739,10,107946,5.601717366334433,0.15146383044402506
64,0.0157,0,38,0,909,604701,10,107946,5.601365371077105,0.15147190684869227
65,0.0158,0,68,0,977,604633,10,107946,5.600735484827152,0.15148636151219724
66,0.0159,0,24,0,1001,604609,10,107946,5.60051317203305,0.15149146381682818
67,0.016,1,56,1,1057,604553,11,107945,5.599994442180147,0.15150217965524113
68,0.0161,1,16,1,1073,604537,12,107944,5.599846233650746,0.15150439099428617
69,0.0162,2,43,2,1116,604494,14,107942,5.599447923227982,0.15151115328254047
70,0.0163,1,36,1,1152,604458,15,107941,5.59911445403683,0.15151761863787008
71,0.0164,0,17,0,1169,604441,15,107941,5.598956982474341,0.15152123439390663
72,0.0165,1,12,1,1181,604429,16,107940,5.598845826077291,0.15152259573339097
73,0.0166,0,9,0,1190,604420,16,107940,5.598762458779503,0.15152451007917345
74,0.0167,1,59,1,1249,604361,17,107939,5.5982159398273375,0.15153586971781552
75,0.0169,0,57,0,1306,604304,17,107939,5.597687946941346,0.1515479969617111
76,0.017,0,27,0,1333,604277,17,107939,5.597437845047983,0.15155374212317613
77,0.0171,4,18,4,1351,604259,21,107935,5.597271110452406,0.15155280724072373
78,0.0172,0,6,0,1357,604253,21,107935,5.597215532253881,0.15155408403399104
79,0.0173,1,17,1,1374,604236,22,107934,5.597058060691393,0.1515565103837567
80,0.0174,0,4,0,1378,604232,22,107934,5.597021008559042,0.15155736162636238
81,0.0175,0,13,0,1391,604219,22,107934,5.5969005891289045,0.15156012823087173
82,0.0176,0,31,0,1422,604188,22,107934,5.59661343510319,0.15156672592617557
83,0.0177,0,56,0,1478,604132,22,107934,5.596094705250287,0.1515786457996871
84,0.0178,0,25,0,1503,604107,22,107934,5.5958631294230985,0.15158396777713642
85,0.0179,2,35,2,1538,604072,24,107932,5.595538923265034,0.15158903601665158
86,0.018,0,10,0,1548,604062,24,107932,5.595446292934159,0.15159116509408788
87,0.0181,4,104,4,1652,603958,28,107928,5.594482937493053,0.15160854406463956
88,0.0182,0,10,0,1662,603948,28,107928,5.594390307162177,0.15161067376902718
89,0.0183,1,66,1,1728,603882,29,107927,5.593778946978398,0.15162353946072613
90,0.0184,0,10,0,1738,603872,29,107927,5.593686316647523,0.1516256696061669
91,0.0185,1,65,1,1803,603807,30,107926,5.593084219496832,0.15163832504604957
92,0.0186,0,12,0,1815,603795,30,107926,5.592973063099781,0.15164088175001159
93,0.0187,0,15,0,1830,603780,30,107926,5.592834117603468,0.15164407775120625
94,0.0188,2,25,2,1855,603755,32,107924,5.592602541776279,0.15164702063711308
95,0.0189,4,110,4,1965,603645,36,107920,5.591583608136649,0.1516656946308489
96,0.019,0,39,0,2004,603606,36,107920,5.591222349846234,0.1516740076961348
97,0.0191,0,59,0,2063,603547,36,107920,5.590675830894068,0.15168658560411094
98,0.0192,2,26,2,2089,603521,38,107918,5.590434992033791,0.15168974430696097
99,0.0193,0,16,0,2105,603505,38,107918,5.590286783504391,0.15169315582993523
100,0.0194,4,90,4,2195,603415,42,107914,5.58945311052651,0.15170757834982124
101,0.0195,0,34,0,2229,603381,42,107914,5.589138167401534,0.15171482999318145
102,0.0196,3,69,3,2298,603312,45,107911,5.588499018118493,0.15172597061681076
103,0.0197,4,75,4,2373,603237,49,107907,5.587804290636926,0.15173720090445816
104,0.0198,4,89,4,2462,603148,53,107903,5.586979880692134,0.1517514214873476
105,0.0199,0,12,0,2474,603136,53,107903,5.586868724295083,0.1517539825522932
106,0.02,2,66,2,2540,603070,55,107901,5.5862573641113045,0.1517656838323926
107,0.0201,0,27,0,2567,603043,55,107901,5.586007262217941,0.15177144754017194
108,0.0202,2,42,2,2609,603001,57,107899,5.585618214828263,0.15177802785201858
109,0.0204,0,16,0,2625,602985,57,107899,5.585470006298863,0.1517814439486611
110,0.0205,1,8,1,2633,602977,58,107898,5.585395902034162,0.15178195885352558
111,0.0206,0,46,0,2679,602931,58,107898,5.584969802512134,0.15179178114567637
112,0.0207,5,121,5,2800,602810,63,107893,5.58384897550854,0.15181165690872278
113,0.0208,0,29,0,2829,602781,63,107893,5.583580347549002,0.15181785178576956
114,0.0209,5,99,5,2928,602682,68,107888,5.582663307273333,0.15183303545041305
115,0.021,3,24,3,2952,602658,71,107885,5.582440994479232,0.15183458284720278
116,0.0211,1,19,1,2971,602639,72,107884,5.582264996850569,0.15183744931550422
117,0.0212,0,72,0,3043,602567,72,107884,5.5815980584682645,0.15185283714147774
118,0.0213,3,48,3,3091,602519,75,107881,5.581153432880062,0.15185951576576576
119,0.0214,3,30,3,3121,602489,78,107878,5.580875541887436,0.15186234720925945
120,0.0215,0,23,0,3144,602466,78,107878,5.580662492126422,0.1518672643113759
121,0.0216,6,143,6,3287,602323,84,107872,5.5793378783949015,0.15189067791240435
122,0.0217,6,139,6,3426,602184,90,107866,5.578050316795731,0.15191324554608832
123,0.0218,6,82,6,3508,602102,96,107860,5.577290748082552,0.15192362408128884
124,0.0219,0,34,0,3542,602068,96,107860,5.576975804957575,0.15193090003493312
125,0.022,0,20,0,3562,602048,96,107860,5.576790544295824,0.15193518033322628
126,0.0221,0,52,0,3614,601996,96,107860,5.576308866575271,0.1519463102375693
127,0.0222,8,193,8,3807,601803,104,107852,5.574521101189373,0.1519780738527876
128,0.0223,0,4,0,3811,601799,104,107852,5.574484049057023,0.1519789304883668
129,0.0224,0,38,0,3849,601761,104,107852,5.574132053799696,0.15198706900803677
130,0.0225,3,74,3,3923,601687,107,107849,5.573446589351217,0.15199933477653002
131,0.0226,0,64,0,3987,601623,107,107849,5.572853755233614,0.15201304632177168
132,0.0227,0,64,0,4051,601559,107,107849,5.57226092111601,0.15202676034101673
133,0.0228,0,97,0,4148,601462,107,107849,5.571362406906517,0.15204755036930204
134,0.0229,3,35,3,4183,601427,110,107846,5.571038200748453,0.1520514667835939
135,0.023,2,62,2,4245,601365,112,107844,5.570463892697025,0.15206236807485524
136,0.0231,0,65,0,4310,601300,112,107844,5.569861795546334,0.1520763060816985
137,0.0232,0,31,0,4341,601269,112,107844,5.569574641520619,0.1520829543387302
138,0.0233,3,29,3,4370,601240,115,107841,5.56930601356108,0.15208558683704682
139,0.0234,3,46,3,4416,601194,118,107838,5.568879914039053,0.15209186609349085
140,0.0235,2,18,2,4434,601176,120,107836,5.568713179443477,0.15209333551477267
141,0.0236,0,19,0,4453,601157,120,107836,5.568537181814813,0.1520974113989842
142,0.0237,2,56,2,4509,601101,122,107834,5.56801845196191,0.1521070337901218
143,0.0238,5,93,5,4602,601008,127,107829,5.567156989884768,0.15212100948455004
144,0.0239,2,34,2,4636,600974,129,107827,5.566842046759791,0.152125914043575
145,0.024,1,8,1,4644,600966,130,107826,5.56676794249509,0.15212643483560762
146,0.0241,2,45,2,4689,600921,132,107824,5.566351106006151,0.15213370111958463
147,0.0242,3,110,3,4799,600811,135,107821,5.56533217236652,0.15215372718138612
148,0.0243,3,63,3,4862,600748,138,107818,5.5647486012820035,0.15216366577002002
149,0.0244,2,81,2,4943,600667,140,107816,5.563998295601912,0.15217866907180552
150,0.0245,0,13,0,4956,600654,140,107816,5.563877876171774,0.1521814614592008
151,0.0246,2,69,2,5025,600585,142,107814,5.563238726888732,0.15219389073107104
152,0.0247,1,58,1,5083,600527,143,107813,5.562701470969654,0.15220515571618148
153,0.0248,0,11,0,5094,600516,143,107813,5.562599577605691,0.15220751938717741
154,0.0249,0,59,0,5153,600457,143,107813,5.562053058653525,0.15222019851186694
155,0.025,0,31,0,5184,600426,143,107813,5.561765904627811,0.15222686127140697
156,0.0251,5,147,5,5331,600279,148,107808,5.560404238763941,0.15225247744980488
157,0.0252,6,111,6,5442,600168,154,107802,5.559376042091222,0.1522691639476249
158,0.0253,1,23,1,5465,600145,155,107801,5.559162992330209,0.15227291347080144
159,0.0254,1,62,1,5527,600083,156,107800,5.558588684278781,0.15228505275589327
160,0.0255,1,28,1,5555,600055,157,107799,5.558329319352329,0.15228987898634463
161,0.0256,3,101,3,5656,599954,160,107796,5.557393753010485,0.15230801836806782
162,0.0257,2,78,2,5734,599876,162,107794,5.556671236429657,0.15232241016292905
163,0.0258,0,66,0,5800,599810,162,107794,5.556059876245878,0.15233661765620318
164,0.0259,3,46,3,5846,599764,165,107791,5.555633776723851,0.1523429274049367
165,0.026,7,147,7,5993,599617,172,107784,5.55427211085998,0.1523661968247147
166,0.0261,2,51,2,6044,599566,174,107782,5.553799696172515,0.15237478581970967
167,0.0262,1,88,1,6132,599478,175,107781,5.55298454926081,0.1523925464363126
168,0.0263,0,88,0,6220,599390,175,107781,5.552169402349105,0.15241151008737633
169,0.0264,0,7,0,6227,599383,175,107781,5.552104561117492,0.15241301876226732
170,0.0265,0,28,0,6255,599355,175,107781,5.55184519619104,0.1524190537605213
171,0.0266,0,20,0,6275,599335,175,107781,5.5516599355292895,0.152423364766177
172,0.0267,3,40,3,6315,599295,178,107778,5.551289414205788,0.15242839141078784
173,0.0268,2,55,2,6370,599240,180,107776,5.550779947385972,0.1524378514771943
174,0.0269,1,60,1,6430,599180,181,107775,5.550224165400719,0.15244959014364423
175,0.027,0,13,0,6443,599167,181,107775,5.55010374597058,0.15245239354855136
176,0.0271,5,89,5,6532,599078,186,107770,5.549279336025788,0.15246559373443797
177,0.0272,3,104,3,6636,598974,189,107767,5.5483159805846824,0.15248443206209913
178,0.0273,2,65,2,6701,598909,191,107765,5.547713883433992,0.1524960590031613
179,0.0274,2,109,2,6810,598800,193,107763,5.546704212827448,0.15251718530407055
180,0.0275,5,135,5,6945,598665,198,107758,5.545453703360629,0.1525403334829132
181,0.0276,2,83,2,7028,598582,200,107756,5.544684871614361,0.15255585852665438
182,0.0277,1,29,1,7057,598553,201,107755,5.5444162436548226,0.15256092243044111
183,0.0278,7,109,7,7166,598444,208,107748,5.543406573048279,0.1525760699639758
184,0.0279,4,110,4,7276,598334,212,107744,5.5423876394086475,0.15259503907500305
185,0.028,4,53,4,7329,598281,216,107740,5.541896698655008,0.1526016931507703
186,0.0281,0,33,0,7362,598248,216,107740,5.5415910185631185,0.15260882621234356
187,0.0282,1,35,1,7397,598213,217,107739,5.541266812405054,0.15261519196772586
188,0.0283,0,24,0,7421,598189,217,107739,5.541044499610953,0.1526203805487245
189,0.0284,0,95,0,7516,598094,217,107739,5.540164511467635,0.15264092214447328
190,0.0285,1,81,1,7597,598013,218,107738,5.539414205787543,0.1526572403014661
191,0.0286,2,113,2,7710,597900,220,107736,5.538367483048649,0.1526792850704896
192,0.0287,4,64,4,7774,597836,224,107732,5.5377746489310455,0.15268833053653227
193,0.0288,7,114,7,7888,597722,231,107725,5.536718663159065,0.1527045972270064
194,0.0289,11,194,11,8082,597528,242,107714,5.534921634740079,0.1527333879717884
195,0.029,3,90,3,8172,597438,245,107711,5.534087961762199,0.15274927710313707
196,0.0291,5,87,5,8259,597351,250,107706,5.533282077883582,0.15276211710542553
197,0.0292,3,92,3,8351,597259,253,107703,5.532429878839527,0.15277844763263834
198,0.0293,0,15,0,8366,597244,253,107703,5.532290933343214,0.15278169848229725
199,0.0294,1,13,1,8379,597231,254,107702,5.5321705139130755,0.15278331415893426
200,0.0295,3,53,3,8432,597178,257,107699,5.531679573159435,0.15279119619451337
201,0.0296,8,109,8,8541,597069,265,107691,5.530669902552892,0.15280521028435212
202,0.0297,3,77,3,8618,596992,268,107688,5.52995664900515,0.15281830050519385
203,0.0298,4,119,4,8737,596873,272,107684,5.528854348067731,0.15283930185918243
204,0.0299,0,51,0,8788,596822,272,107684,5.528381933380266,0.15285036607211294
205,0.03,2,64,2,8852,596758,274,107682,5.527789099262662,0.15286184770881836
206,0.0301,4,96,4,8948,596662,278,107678,5.5268998480862574,0.15287787148252263
207,0.0302,0,85,0,9033,596577,278,107678,5.526112490273816,0.15289632306479897
208,0.0303,3,58,3,9091,596519,281,107675,5.525575234354737,0.15290530734428298
209,0.0304,6,202,6,9293,596317,287,107669,5.5237041016710515,0.15294196191401532
210,0.0305,8,128,8,9421,596189,295,107661,5.522518433435844,0.1529601477587554
211,0.0306,5,144,5,9565,596045,300,107656,5.521184556671236,0.15298542989138852
212,0.0307,0,116,0,9681,595929,300,107656,5.52011004483308,0.15301065258639682
213,0.0308,1,95,1,9776,595834,301,107655,5.5192300566897625,0.1530301113450246
214,0.0309,2,46,2,9822,595788,303,107653,5.518803957167735,0.15303771034102362
215,0.031,3,25,3,9847,595763,306,107650,5.5185723813405465,0.15303953722777372
216,0.0311,7,194,7,10041,595569,313,107643,5.51677535292156,0.15307332639374754
217,0.0312,5,102,5,10143,595467,318,107638,5.51583052354663,0.15308951010162067
218,0.0313,4,100,4,10243,595367,322,107634,5.514904220237875,0.15310646784286225
219,0.0314,2,147,2,10390,595220,324,107632,5.513542554374005,0.1531360798574949
220,0.0315,6,143,6,10533,595077,330,107626,5.512217940642484,0.15316001212461025
221,0.0316,6,119,6,10652,594958,336,107620,5.511115639705065,0.15317872179316744
222,0.0317,1,17,1,10669,594941,337,107619,5.510958168142577,0.15318122295604647
223,0.0318,7,174,7,10843,594767,344,107612,5.5093464003853425,0.153210730958642
224,0.0319,4,59,4,10902,594708,348,107608,5.508799881433177,0.15321877901115738
225,0.032,3,81,3,10983,594627,351,107605,5.508049575753085,0.15323283473268093
226,0.0321,0,20,0,11003,594607,351,107605,5.507864315091333,0.15323719902251742
227,0.0322,5,159,5,11162,594448,356,107600,5.506391492830413,0.15326587355850313
228,0.0323,4,128,4,11290,594320,360,107596,5.505205824595206,0.15328899754386566
229,0.0324,1,72,1,11362,594248,361,107595,5.504538886212901,0.15330351659844152
230,0.0325,10,160,10,11522,594088,371,107585,5.503056800918893,0.15332640703005532
231,0.0326,9,99,9,11621,593989,380,107576,5.502139760643225,0.1533371818719577
232,0.0327,4,56,4,11677,593933,384,107572,5.501621030790322,0.15334459483538962
233,0.0328,8,194,8,11871,593739,392,107564,5.499824002371336,0.15337735614990952
234,0.0329,8,164,8,12035,593575,400,107556,5.498304864944978,0.1534035722282997
235,0.033,11,163,11,12198,593412,411,107545,5.496794990551706,0.15342595908165552
236,0.0331,7,85,7,12283,593327,418,107538,5.496007632739264,0.15343611109129432
237,0.0332,0,43,0,12326,593284,418,107538,5.4956093223165,0.15344552539731915
238,0.0333,7,261,7,12587,593023,425,107531,5.493191670680647,0.15349423456293163
239,0.0334,0,28,0,12615,592995,425,107531,5.492932305754196,0.1535003697221802
240,0.0335,1,142,1,12757,592853,426,107530,5.491616955055764,0.15353028271674213
241,0.0336,0,64,0,12821,592789,426,107530,5.49102412093816,0.15354431337718955
242,0.0337,2,47,2,12868,592742,428,107528,5.490588758383045,0.1535522012937867
243,0.0338,5,100,5,12968,592642,433,107523,5.489662455074289,0.1535680875222269
244,0.0339,8,140,8,13108,592502,441,107515,5.488365630442032,0.1535891271211985
245,0.034,7,93,7,13201,592409,448,107508,5.4875041683648895,0.1536010698411383
246,0.0341,1,61,1,13262,592348,449,107507,5.4869391233465485,0.1536132484586093
247,0.0342,8,84,8,13346,592264,457,107499,5.486161028567194,0.153622012024071
248,0.0343,7,134,7,13480,592130,464,107492,5.484919782133462,0.15364296720228923
249,0.0344,7,92,7,13572,592038,471,107485,5.484067583089407,0.15365470470592105
250,0.0345,1,75,1,13647,591963,472,107484,5.48337285560784,0.1536699707054287
251,0.0346,17,291,17,13938,591672,489,107467,5.480677312979362,0.15371335313864626
252,0.0347,2,52,2,13990,591620,491,107465,5.480195635258809,0.15372236566368896
253,0.0348,8,132,8,14122,591488,499,107457,5.478972914891252,0.1537417107211583
254,0.0349,10,132,10,14254,591356,509,107447,5.477750194523695,0.15375864156278665
255,0.035,1,46,1,14300,591310,510,107446,5.477324095001667,0.1537675526220884
256,0.0351,1,56,1,14356,591254,511,107445,5.476805365148764,0.15377866577739485
257,0.0352,1,119,1,14475,591135,512,107444,5.475703064211346,0.15380364998088977
258,0.0353,4,89,4,14564,591046,516,107440,5.474878654266553,0.15381840151413198
259,0.0354,4,102,4,14666,590944,520,107436,5.473933824891622,0.15383602050459635
260,0.0355,3,86,3,14752,590858,523,107433,5.473137204046093,0.15385133132175555
261,0.0356,17,339,17,15091,590519,540,107416,5.469997035829412,0.15390544964788985
262,0.0357,10,140,10,15231,590379,550,107406,5.468700211197154,0.1539242030138223
263,0.0358,4,97,4,15328,590282,554,107402,5.467801696987662,0.15394075254699835
264,0.0359,1,51,1,15379,590231,555,107401,5.467329282300196,0.15395079354158067
265,0.036,14,295,14,15674,589936,569,107387,5.464596687539368,0.15399893593069497
266,0.0361,8,146,8,15820,589790,577,107379,5.463244284708585,0.15402147829292467
267,0.0362,4,171,4,15991,589619,581,107375,5.4616603060506135,0.1540544107983713
268,0.0363,3,81,3,16072,589538,584,107372,5.4609100003705215,0.15406867457777906
269,0.0364,5,162,5,16234,589376,589,107367,5.459409389010338,0.15409842653603983
270,0.0365,3,113,3,16347,589263,592,107364,5.4583626662714435,0.15411978002575266
271,0.0366,11,188,11,16535,589075,603,107353,5.4566212160509835,0.15414802391632731
272,0.0367,8,189,8,16724,588886,611,107345,5.454870502797436,0.15418014997895813
273,0.0368,2,61,2,16785,588825,613,107343,5.454305457779095,0.1541912297031751
274,0.0369,3,58,3,16843,588767,616,107340,5.453768201860017,0.15420043183016405
275,0.037,4,143,4,16986,588624,620,107336,5.452443588128497,0.15422725443991034
276,0.0371,9,185,9,17171,588439,629,107327,5.450729927007299,0.15425732214566393
277,0.0372,5,93,5,17264,588346,634,107322,5.449868464930157,0.1542718653150641
278,0.0373,15,199,15,17463,588147,649,107307,5.448025121345734,0.15429776807668086
279,0.0374,4,79,4,17542,588068,653,107303,5.447293341731816,0.15431043284807677
280,0.0375,9,173,9,17715,587895,662,107294,5.44569083700767,0.15433788509311855
281,0.0376,11,118,11,17833,587777,673,107283,5.444597799103338,0.15435070353638536
282,0.0377,14,156,14,17989,587621,687,107269,5.44315276594168,0.15436831728762826
283,0.0378,8,214,8,18203,587407,695,107261,5.441170476860943,0.15440613357747873
284,0.0379,11,267,11,18470,587140,706,107250,5.438697247026567,0.15445210904534915
285,0.038,10,225,10,18695,586915,716,107240,5.436613064581866,0.15448999142842737
286,0.0381,10,140,10,18835,586775,726,107230,5.435316239949609,0.1545089732782905
287,0.0382,15,260,15,19095,586515,741,107215,5.432907851346845,0.15454859959926773
288,0.0383,11,259,11,19354,586256,752,107204,5.430508725777169,0.15459291091050673
289,0.0384,12,173,12,19527,586083,764,107192,5.428906221053022,0.15461685478345533
290,0.0385,10,157,10,19684,585926,774,107182,5.427451924858276,0.15463968097323938
291,0.0386,2,76,2,19760,585850,776,107180,5.426747934343622,0.1546541996738958
292,0.0387,7,209,7,19969,585641,783,107173,5.424811960428323,0.1546923127996836
293,0.0388,10,278,10,20247,585363,793,107163,5.422236837229983,0.1547422046248083
294,0.0389,4,76,4,20323,585287,797,107159,5.421532846715328,0.15475430575091775
295,0.039,11,144,11,20467,585143,808,107148,5.420198969950721,0.15477306508390257
296,0.0391,3,145,3,20612,584998,811,107145,5.418855830153025,0.15480182563429812
297,0.0392,2,69,2,20681,584929,813,107143,5.418216680869984,0.1548148169554613
298,0.0393,13,158,13,20839,584771,826,107130,5.4167531216421505,0.15483428987673092
299,0.0394,18,284,18,21123,584487,844,107112,5.414122420245285,0.15487587460363592
300,0.0395,7,130,7,21253,584357,851,107105,5.412918225943903,0.15489643682516177
301,0.0396,7,102,7,21355,584255,858,107098,5.411973396568973,0.15491073301193456
302,0.0397,10,199,10,21554,584056,868,107088,5.410130052984549,0.15494310881668655
303,0.0398,4,67,4,21621,583989,872,107084,5.409509429767684,0.15495323938281483
304,0.0399,2,103,2,21724,583886,874,107082,5.408555337359665,0.15497389169976034
305,0.04,8,160,8,21884,583726,882,107074,5.407073252065657,0.155
306,0.0401,6,169,6,22053,583557,888,107068,5.40550779947386,0.15503058823529411
307,0.0402,8,117,8,22170,583440,896,107060,5.404424024602616,0.15504706734250542
308,0.0403,13,143,13,22313,583297,909,107047,5.4030994108710955,0.15506327280312424
309,0.0404,8,95,8,22408,583202,917,107039,5.402219422727778,0.15507482169271314
310,0.0405,12,282,12,22690,582920,929,107027,5.399607247397087,0.1551235094869606
311,0.0406,9,227,9,22917,582693,938,107018,5.397504538886213,0.15516353951147654
312,0.0407,10,183,10,23100,582510,948,107008,5.395809403831191,0.15519246778184181
313,0.0408,11,284,11,23384,582226,959,106997,5.393178702434325,0.1552429329839544
314,0.0409,6,147,6,23531,582079,965,106991,5.391817036570455,0.15526869548812167
315,0.041,17,211,17,23742,581868,982,106974,5.38986253658898,0.15529540881653559
316,0.0411,11,205,11,23947,581663,993,106963,5.387963614806032,0.15532814619256316
317,0.0412,3,75,3,24022,581588,996,106960,5.387268887324465,0.15534138505957465
318,0.0413,15,337,15,24359,581251,1011,106945,5.38414724517396,0.15539904329580526
319,0.0414,6,131,6,24490,581120,1017,106939,5.38293378783949,0.15542126474619183
320,0.0415,15,153,15,24643,580967,1032,106924,5.381516543777094,0.15543741668374786
321,0.0416,5,140,5,24783,580827,1037,106919,5.380219719144836,0.15546291799588802
322,0.0417,6,101,6,24884,580726,1043,106913,5.3792841528029935,0.15547838327959873
323,0.0418,6,146,6,25030,580580,1049,106907,5.377931749972211,0.1555040313489564
324,0.0419,7,171,7,25201,580409,1056,106900,5.376347771314239,0.15553411929714292
325,0.042,2,141,2,25342,580268,1058,106898,5.375041683648894,0.15556357561346168
326,0.0421,18,238,18,25580,580030,1076,106880,5.3728370817740565,0.15559534727984745
327,0.0422,1,69,1,25649,579961,1077,106879,5.372197932491015,0.15560974899539923
328,0.0423,11,178,11,25827,579783,1088,106868,5.37054911260143,0.15563656063997577
329,0.0424,8,115,8,25942,579668,1096,106860,5.369483863796361,0.1556527920201361
330,0.0425,9,224,9,26166,579444,1105,106851,5.367408944384749,0.15569252289467359
331,0.0426,6,132,6,26298,579312,1111,106845,5.366186224017192,0.1557150914440864
332,0.0427,15,409,15,26707,578903,1126,106830,5.362397643484383,0.15578949824494373
333,0.0428,12,218,12,26925,578685,1138,106818,5.360378302271296,0.15582426335114508
334,0.0429,7,192,7,27117,578493,1145,106811,5.358599799918485,0.15585929747965865
335,0.043,13,247,13,27364,578246,1158,106798,5.3563118307458595,0.15589947507021445
336,0.0431,9,145,9,27509,578101,1167,106789,5.354968690948164,0.15592138883616347
337,0.0432,14,376,14,27885,577725,1181,106775,5.351485790507244,0.15598977355734112
338,0.0433,11,159,11,28044,577566,1192,106764,5.350012968246323,0.15601245013370743
339,0.0434,15,276,15,28320,577290,1207,106749,5.347456371114157,0.1560568914930289
340,0.0435,20,265,20,28585,577025,1227,106729,5.345001667345956,0.15609268830602818
341,0.0436,12,235,12,28820,576790,1239,106717,5.342824854570381,0.156131539252707
342,0.0437,11,122,11,28942,576668,1250,106706,5.341694764533699,0.15614582937015456
343,0.0438,19,346,19,29288,576322,1269,106687,5.338489755085405,0.15620145561771515
344,0.0439,14,326,14,29614,575996,1283,106673,5.335470006298863,0.15625874325624864
345,0.044,15,322,15,29936,575674,1298,106658,5.33248730964467,0.15631393515180295
346,0.0441,11,144,11,30080,575530,1309,106647,5.331153432880062,0.15633332698112073
347,0.0442,9,243,9,30323,575287,1318,106638,5.328902515839786,0.15637790079554204
348,0.0443,10,198,10,30521,575089,1328,106628,5.327068435288451,0.15641094471752942
349,0.0444,7,239,7,30760,574850,1335,106621,5.324854570380525,0.15645713463962516
350,0.0445,14,172,14,30932,574678,1349,106607,5.323261328689466,0.15647930014604755
351,0.0446,6,125,6,31057,574553,1355,106601,5.322103449553522,0.15650058577061868
352,0.0447,3,107,3,31164,574446,1358,106598,5.321112305013154,0.15652145823177357
353,0.0448,6,200,6,31364,574246,1364,106592,5.319259698395642,0.15656000399507666
354,0.0449,26,304,26,31668,573942,1390,106566,5.3164437363370265,0.15659771817524556
355,0.045,26,478,26,32146,573464,1416,106540,5.3120160065211754,0.15667554896735902
356,0.0451,2,80,2,32226,573384,1418,106538,5.311274963874171,0.1566915028488562
357,0.0452,8,188,8,32414,573196,1426,106530,5.309533513653711,0.15672491562776766
358,0.0453,5,171,5,32585,573025,1431,106525,5.307949534995739,0.15675814877492458
359,0.0454,14,170,14,32755,572855,1445,106511,5.306374819370855,0.1567799978214983
360,0.0455,11,267,11,33022,572588,1456,106500,5.303901589536478,0.15682798105694695
361,0.0456,22,374,22,33396,572214,1478,106478,5.3004372151617325,0.15688707101306631
362,0.0457,12,176,12,33572,572038,1490,106466,5.298806921338323,0.15691285534057278
363,0.0458,15,368,15,33940,571670,1505,106451,5.295398125162103,0.1569793591409203
364,0.0459,9,141,9,34081,571529,1514,106442,5.294092037496758,0.15700081566910679
365,0.046,9,124,9,34205,571405,1523,106433,5.292943421393901,0.15701834361602623
366,0.0461,16,222,16,34427,571183,1539,106417,5.290887028048465,0.15704988193624558
367,0.0462,20,261,20,34688,570922,1559,106397,5.288469376412612,0.15708550919138545
368,0.0463,1,84,1,34772,570838,1560,106396,5.287691281633258,0.15710374848279915
369,0.0464,16,241,16,35013,570597,1576,106380,5.285458890659157,0.1571397551172344
370,0.0465,20,218,20,35231,570379,1596,106360,5.28343954944607,0.15716546556353336
371,0.0466,17,256,17,35487,570123,1613,106343,5.281068212975657,0.15720376190377638
372,0.0467,1,103,1,35590,570020,1614,106342,5.280114120567639,0.15722645565540347
373,0.0468,8,115,8,35705,569905,1622,106334,5.27904887176257,0.1572432231799704
374,0.0469,10,312,10,36017,569593,1632,106324,5.276158805439253,0.15730333753996423
375,0.047,8,125,8,36142,569468,1640,106316,5.275000926303309,0.15732245806352327
376,0.0471,7,240,7,36382,569228,1647,106309,5.272777798362296,0.15736961854050927
377,0.0472,39,416,39,36798,568812,1686,106270,5.268924376597873,0.15741791367567198
378,0.0473,3,150,3,36948,568662,1689,106267,5.2675349216347405,0.15744915391100398
379,0.0474,31,430,31,37378,568232,1720,106236,5.263551817407092,0.15751080851871402
380,0.0475,8,151,8,37529,568081,1728,106228,5.262153099410871,0.157536085088587
381,0.0476,11,165,11,37694,567916,1739,106217,5.260624698951425,0.15756089673699403
382,0.0477,12,249,12,37943,567667,1751,106205,5.258318203712624,0.15760411472801955
383,0.0478,15,312,15,38255,567355,1766,106190,5.255428137389306,0.15765835987202043
384,0.0479,18,300,18,38555,567055,1784,106172,5.25264922746304,0.15770609318996415
385,0.048,8,151,8,38706,566904,1792,106164,5.25125050946682,0.15773146249710282
386,0.0481,26,373,26,39079,566531,1818,106138,5.247795398125162,0.15778637041397775
387,0.0482,5,250,5,39329,566281,1823,106133,5.245479639853274,0.15783877194704454
388,0.0483,22,472,22,39801,565809,1845,106111,5.241107488235948,0.1579220740564353
389,0.0484,11,163,11,39964,565646,1856,106100,5.239597613842677,0.15794660481789247
390,0.0485,22,254,22,40218,565392,1878,106078,5.237244803438438,0.15797876301249497
391,0.0486,14,181,14,40399,565211,1892,106064,5.23556819444959,0.15800379874120143
392,0.0487,11,223,11,40622,564988,1903,106053,5.233502538071066,0.1580425041092869
393,0.0488,15,198,15,40820,564790,1918,106038,5.2316684575197305,0.15807032503115553
394,0.0489,9,134,9,40954,564656,1927,106029,5.230427211085998,0.15809060885512574
395,0.049,12,321,12,41275,564335,1939,106017,5.227453777464893,0.15815123994558083
396,0.0491,13,298,13,41573,564037,1952,106004,5.224693393604802,0.15820524415670087
397,0.0492,14,160,14,41733,563877,1966,105990,5.223211308310793,0.15822543878113118
398,0.0493,12,198,12,41931,563679,1978,105978,5.221377227759458,0.1582571376092537
399,0.0494,18,282,18,42213,563397,1996,105960,5.218765052428767,0.15830117560584261
400,0.0495,17,206,17,42419,563191,2013,105943,5.216856867612731,0.15832852612481207
401,0.0496,29,311,29,42730,562880,2042,105914,5.213976064322502,0.15836565519427506
402,0.0497,14,368,14,43098,562512,2056,105900,5.210567268146282,0.15843521660293353
403,0.0498,4,72,4,43170,562440,2060,105896,5.209900329763978,0.15844724809078067
404,0.0499,9,227,9,43397,562213,2069,105887,5.207797621253103,0.1584897470438557
405,0.05,17,406,17,43803,561807,2086,105870,5.2040368298195565,0.1585646952044177
406,0.0501,14,244,14,44047,561563,2100,105856,5.201776649746193,0.15860501424142856
407,0.0502,9,110,9,44157,561453,2109,105847,5.200757716106562,0.1586198111793796
408,0.0503,12,224,12,44381,561229,2121,105835,5.19868279669495,0.15865793986783877
409,0.0504,9,137,9,44518,561092,2130,105826,5.197413761161955,0.15867917794991288
410,0.0505,15,172,15,44690,560920,2145,105811,5.195820519470896,0.1587011853356151
411,0.0506,22,448,22,45138,560472,2167,105789,5.191670680647671,0.15878011770162143
412,0.0507,21,241,21,45379,560231,2188,105768,5.1894382896735705,0.15881104926583975
413,0.0508,13,224,13,45603,560007,2201,105755,5.187363370261958,0.15884805681309538
414,0.0509,6,185,6,45788,559822,2207,105749,5.185649709140761,0.1588846268842843
415,0.051,7,91,7,45879,559731,2214,105742,5.184806773129794,0.1588975059844652
416,0.0511,24,430,24,46309,559301,2238,105718,5.180823668902145,0.15896989409325146
417,0.0512,13,227,13,46536,559074,2251,105705,5.178720960391271,0.1590077303885953
418,0.0513,17,244,17,46780,558830,2268,105688,5.176460780317908,0.15904460074821147
419,0.0514,35,564,35,47344,558266,2303,105653,5.171236429656527,0.1591353764540554
420,0.0515,11,234,11,47578,558032,2314,105642,5.169068879914039,0.1591775480130305
421,0.0516,13,303,13,47881,557729,2327,105629,5.16626218088851,0.15923377723642437
422,0.0517,10,257,10,48138,557472,2337,105619,5.1638815813850085,0.15928281336950736
423,0.0518,14,237,14,48375,557235,2351,105605,5.161686242543259,0.15932200832780158
424,0.0519,11,280,11,48655,556955,2362,105594,5.159092593278743,0.15937538204721463
425,0.052,18,310,18,48965,556645,2380,105576,5.156221053021602,0.15942713988230514
426,0.0521,10,181,10,49146,556464,2390,105566,5.154544444032754,0.15945803060284278
427,0.0522,16,216,16,49362,556248,2406,105550,5.152543628885843,0.15948975367105975
428,0.0523,16,233,16,49595,556015,2422,105534,5.150385342176442,0.15952559825500454
429,0.0524,9,178,9,49773,555837,2431,105525,5.148736522286858,0.1595570958113711
430,0.0525,10,244,10,50017,555593,2441,105515,5.146476342213495,0.15960327208262493
431,0.0526,15,457,15,50474,555136,2456,105500,5.142243136092482,0.1596945973274239
432,0.0527,12,303,12,50777,554833,2468,105488,5.139436437066953,0.15975260517233286
433,0.0528,17,369,17,51146,554464,2485,105471,5.136018377857646,0.1598202853311311
434,0.0529,6,151,6,51297,554313,2491,105465,5.134619659861425,0.15984922201104007
435,0.053,18,316,18,51613,553997,2509,105447,5.131692541405758,0.15990288788737178
436,0.0531,22,350,22,51963,553647,2531,105425,5.128450479825114,0.15995976160419498
437,0.0532,14,308,14,52271,553339,2545,105411,5.125597465634147,0.16001669829222012
438,0.0533,16,184,16,52455,553155,2561,105395,5.123893067546037,0.16004099916483183
439,0.0534,21,270,21,52725,552885,2582,105374,5.121392048612398,0.1600798469903184
440,0.0535,10,201,10,52926,552684,2592,105364,5.119530178961799,0.16011597938144329
441,0.0536,18,314,18,53240,552370,2610,105346,5.1166215865723075,0.16016943483205517
442,0.0537,11,195,11,53435,552175,2621,105335,5.114815295120234,0.1602028866481118
443,0.0538,16,333,16,53768,551842,2637,105319,5.111730705102079,0.16026361880878506
444,0.0539,25,242,25,54010,551600,2662,105294,5.109489051094891,0.16029070139170096
445,0.054,12,248,12,54258,551352,2674,105282,5.107191818889177,0.16033589488208042
446,0.0541,30,361,30,54619,550991,2704,105252,5.10384786394457,0.160385710780915
447,0.0542,7,155,7,54774,550836,2711,105245,5.102412093815999,0.16041464392353993
448,0.0543,16,309,16,55083,550527,2727,105229,5.099549816591945,0.16046974789403376
449,0.0544,33,332,33,55415,550195,2760,105196,5.0964744896068765,0.1605087649967729
450,0.0545,20,221,20,55636,549974,2780,105176,5.094427359294527,0.16053728153857896
451,0.0546,4,104,4,55740,549870,2784,105172,5.093464003853422,0.1605576436320114
452,0.0547,18,336,18,56076,549534,2802,105154,5.0903516247360034,0.16061696563859426
453,0.0548,16,324,16,56400,549210,2818,105138,5.087350402015636,0.16067597058445965
454,0.0549,1,79,1,56479,549131,2819,105137,5.086618622401719,0.16069408866091572
455,0.055,15,360,15,56839,548771,2834,105122,5.083283930490199,0.16076330531141944
456,0.0551,13,191,13,57030,548580,2847,105109,5.081514691170477,0.16079358838836205
457,0.0552,10,123,10,57153,548457,2857,105099,5.0803753381007075,0.16081100930907222
458,0.0553,24,359,24,57512,548098,2881,105075,5.077049909222276,0.160868560090512
459,0.0554,24,375,24,57887,547723,2905,105051,5.073576271814443,0.16093012282964703
460,0.0555,14,239,14,58126,547484,2919,105037,5.071362406906517,0.16097106453278898
461,0.0556,13,221,13,58347,547263,2932,105024,5.069315276594168,0.1610088810600242
462,0.0557,15,304,15,58651,546959,2947,105009,5.066499314535552,0.1610646534799254
463,0.0558,12,152,12,58803,546807,2959,104997,5.065091333506243,0.16108676841504502
464,0.0559,25,345,25,59148,546462,2984,104972,5.061895587091037,0.16113988523779846
465,0.056,25,290,25,59438,546172,3009,104947,5.059209307495647,0.16117944646063162
466,0.0561,16,265,16,59703,545907,3025,104931,5.056754603727445,0.16122445216782055
467,0.0562,10,209,10,59912,545698,3035,104921,5.054818629812146,0.1612633507475189
468,0.0563,6,150,6,60062,545548,3041,104915,5.053429174849013,0.16129280220396855
469,0.0564,17,197,17,60259,545351,3058,104898,5.051604357330764,0.16131974059168103
470,0.0565,13,332,13,60591,545019,3071,104885,5.048529030345696,0.16138537383982865
471,0.0566,26,381,26,60972,544638,3097,104859,5.044999814739338,0.16144647319387156
472,0.0567,25,345,25,61317,544293,3122,104834,5.041804068324132,0.16149998382442882
473,0.0568,20,339,20,61656,543954,3142,104814,5.038663900107451,0.16155852323172537
474,0.0569,22,336,22,61992,543618,3164,104792,5.035551520990033,0.1616137937416141
475,0.057,16,345,16,62337,543273,3180,104776,5.032355774574826,0.16167913228783626
476,0.0571,27,209,27,62546,543064,3207,104749,5.030419800659528,0.16169635373170962
477,0.0572,14,241,14,62787,542823,3221,104735,5.028187409685428,0.16173840798816477
478,0.0573,27,305,27,63092,542518,3248,104708,5.025362184593724,0.16177965656509471
479,0.0574,19,238,19,63330,542280,3267,104689,5.023157582718886,0.16181455371122883
480,0.0575,7,151,7,63481,542129,3274,104682,5.021758864722665,0.16184325869535304
481,0.0576,5,221,5,63702,541908,3279,104677,5.019711734410316,0.16189209462019688
482,0.0577,20,417,20,64119,541491,3299,104657,5.015849049612806,0.16197063211524296
483,0.0578,27,258,27,64377,541233,3326,104630,5.013459187076216,0.162000300373299
484,0.0579,8,175,8,64552,541058,3334,104622,5.0118381562858945,0.1620338248048569
485,0.058,18,209,18,64761,540849,3352,104604,5.009902182370595,0.16206292324925284
486,0.0581,18,266,18,65027,540583,3370,104586,5.007438215569306,0.1621063628289642
487,0.0582,6,141,6,65168,540442,3376,104580,5.006132127903961,0.16213400473162157
488,0.0583,13,269,13,65437,540173,3389,104567,5.003640372003408,0.1621847566460899
489,0.0584,21,311,21,65748,539862,3410,104546,5.000759568713179,0.16223572643418455
490,0.0585,22,457,22,66205,539405,3432,104524,4.996526362592167,0.16232224360139083
491,0.0586,16,261,16,66466,539144,3448,104508,4.994108710956316,0.16236724192576113
492,0.0587,20,400,20,66866,538744,3468,104488,4.990403497721294,0.16244216705636536
493,0.0588,14,187,14,67053,538557,3482,104474,4.988671310533921,0.16247117168534642
494,0.0589,12,135,12,67188,538422,3494,104462,4.987420801067102,0.1624896559877054
495,0.059,20,354,20,67542,538068,3514,104442,4.984141687354107,0.1625531120138208
496,0.0591,22,300,22,67842,537768,3536,104420,4.981362777427841,0.1626003600191844
497,0.0592,12,213,12,68055,537555,3548,104408,4.979389751380192,0.1626386567450149
498,0.0593,20,306,20,68361,537249,3568,104388,4.9765552632554,0.1626901191795361
499,0.0594,12,147,12,68508,537102,3580,104376,4.97519359739153,0.16271173758102384
500,0.0595,10,113,10,68621,536989,3590,104366,4.974146874652636,0.16272735068721692
501,0.0596,22,385,22,69006,536604,3612,104344,4.970580606913928,0.16279635789486824
502,0.0597,19,320,19,69326,536284,3631,104325,4.967616436325911,0.16285284783698012
503,0.0598,11,150,11,69476,536134,3642,104314,4.9662269813627775,0.16287661137203957
504,0.0599,17,308,17,69784,535826,3659,104297,4.963373967171811,0.16293274886232803
505,0.06,20,333,20,70117,535493,3679,104277,4.960289377153655,0.16299138752989356
506,0.0601,22,414,22,70531,535079,3701,104255,4.956454481455408,0.1630681302730654
507,0.0602,19,386,19,70917,534693,3720,104236,4.952878950683612,0.16314175753487475
508,0.0603,9,142,9,71059,534551,3729,104227,4.951563599985179,0.16316623302618438
509,0.0604,18,273,18,71332,534278,3747,104209,4.949034791952277,0.1632124068305228
510,0.0605,20,309,20,71641,533969,3767,104189,4.9461725147282225,0.16326521018305812
511,0.0606,37,366,37,72007,533603,3804,104152,4.9427822446181775,0.16331036212965794
512,0.0607,11,230,11,72237,533373,3815,104141,4.94065174700804,0.16335484397205394
513,0.0608,11,184,11,72421,533189,3826,104130,4.93894734891993,0.16338756572454297
514,0.0609,27,330,27,72751,532859,3853,104103,4.935890548001037,0.16343675132896468
515,0.061,26,508,26,73259,532351,3879,104077,4.93118492719256,0.16353303123055554
516,0.0611,15,233,15,73492,532118,3894,104062,4.92902664048316,0.16357320255273664
517,0.0612,17,219,17,73711,531899,3911,104045,4.926998036236985,0.16360717295862529
518,0.0613,11,181,11,73892,531718,3922,104034,4.9253214272481385,0.16363928072581763
519,0.0614,18,267,18,74159,531451,3940,104016,4.922848197413761,0.16368434552856403
520,0.0615,29,316,29,74475,531135,3969,103987,4.919921078958094,0.1637275987920431
521,0.0616,31,304,31,74779,530831,4000,103956,4.917105116899478,0.16376516847383454
522,0.0617,14,150,14,74929,530681,4014,103942,4.9157156619363445,0.16378542851425176
523,0.0618,26,324,26,75253,530357,4040,103916,4.912714439215977,0.16383481560779034
524,0.0619,14,267,14,75520,530090,4054,103902,4.9102412093816,0.16388534871102475
525,0.062,23,384,23,75904,529706,4077,103879,4.9066842046759795,0.16395432341359092
526,0.0621,19,288,19,76192,529418,4096,103860,4.904016451146764,0.16400380243747611
527,0.0622,17,246,17,76438,529172,4113,103843,4.9017377450072255,0.16404508581945135
528,0.0623,9,195,9,76633,528977,4122,103834,4.899931453555152,0.16408374696394343
529,0.0624,15,209,15,76842,528768,4137,103819,4.897995479639853,0.16411813710999434
530,0.0625,44,544,44,77386,528224,4181,103775,4.892956389640224,0.16420120917912845
531,0.0626,8,143,8,77529,528081,4189,103767,4.891631775908704,0.16422778896190224
532,0.0627,24,250,24,77779,527831,4213,103743,4.889316017636815,0.16426103671145423
533,0.0628,14,303,14,78082,527528,4227,103729,4.886509318611286,0.16432134613952795
534,0.0629,19,255,19,78337,527273,4246,103710,4.88414724517396,0.16436258980035912
535,0.063,9,202,9,78539,527071,4255,103701,4.882276112490274,0.16440330261964703
536,0.0631,10,136,10,78675,526935,4265,103691,4.881016339990366,0.16442550735301115
537,0.0632,17,271,17,78946,526664,4282,103674,4.878506058023639,0.16447366333617836
538,0.0633,7,186,7,79132,526478,4289,103667,4.876783133869354,0.16451292956383054
539,0.0634,6,213,6,79345,526265,4295,103661,4.874810107821705,0.16456059918149116
540,0.0635,12,135,12,79480,526130,4307,103649,4.873559598354885,0.1645799558257738
541,0.0636,17,223,17,79703,525907,4324,103632,4.871493941976361,0.16461569497680048
542,0.0637,18,247,18,79950,525660,4342,103614,4.8692059728037345,0.16465641358136518
543,0.0638,21,247,21,80197,525413,4363,103593,4.866918003631109,0.16469318257695476
544,0.0639,40,547,40,80744,524866,4403,103553,4.861851124532217,0.16478336905790564
545,0.064,16,195,16,80939,524671,4419,103537,4.860044833080144,0.1648132465680157
546,0.0641,24,372,24,81311,524299,4443,103513,4.856598984771574,0.1648789765088912
547,0.0642,29,304,29,81615,523995,4472,103484,4.853783022712957,0.1649202602796269
548,0.0643,21,254,21,81869,523741,4493,103463,4.851430212308719,0.1649590882711207
549,0.0644,17,215,17,82084,523526,4510,103446,4.8494386601948944,0.16499301404209438
550,0.0645,16,261,16,82345,523265,4526,103430,4.847021008559042,0.16504041040697628
551,0.0646,10,184,10,82529,523081,4536,103420,4.845316610470933,0.16507555454819706
552,0.0647,19,352,19,82881,522729,4555,103401,4.842056022824114,0.16514302141727757
553,0.0648,23,207,23,83088,522522,4578,103378,4.84013857497499,0.16516695957820737
554,0.0649,16,244,16,83332,522278,4594,103362,4.837878394901627,0.1652100249344671
555,0.065,18,222,18,83554,522056,4612,103344,4.835822001556189,0.16524464342820594
556,0.0651,23,281,23,83835,521775,4635,103321,4.833219089258587,0.16528821173067818
557,0.0652,13,302,13,84137,521473,4648,103308,4.8304216532661455,0.16535073889891017
558,0.0653,23,272,23,84409,521201,4671,103285,4.827902108266331,0.16539201839592882
559,0.0654,25,406,25,84815,520795,4696,103260,4.824141316832784,0.16546618487152576
560,0.0655,25,300,25,85115,520495,4721,103235,4.821362406906517,0.16551232103634586
561,0.0656,14,172,14,85287,520323,4735,103221,4.819769165215458,0.16553924021400254
562,0.0657,21,226,21,85513,520097,4756,103200,4.817675719737671,0.1655711482647919
563,0.0658,29,292,29,85805,519805,4785,103171,4.814970914076105,0.16560991113622356
564,0.0659,11,138,11,85943,519667,4796,103160,4.813692615510023,0.16563186888172798
565,0.066,27,438,27,86381,519229,4823,103133,4.809635407017674,0.16571223821505812
566,0.0661,28,240,28,86621,518989,4851,103105,4.807412279076661,0.1657386182795526
567,0.0662,18,327,18,86948,518662,4869,103087,4.80438326725703,0.16580163377826102
568,0.0663,20,199,20,87147,518463,4889,103067,4.802539923672607,0.16582787636960405
569,0.0664,15,254,15,87401,518209,4904,103052,4.800187113268368,0.16587553379336542
570,0.0665,14,212,14,87613,517997,4918,103038,4.798223350253807,0.16591335431980483
571,0.0666,18,313,18,87926,517684,4936,103020,4.795324020897403,0.16597283085013145
572,0.0667,18,349,18,88275,517335,4954,103002,4.792091222349846,0.16604200619985587
573,0.0668,18,251,18,88526,517084,4972,102984,4.78976620104487,0.16608501003115786
574,0.0669,24,316,24,88842,516768,4996,102960,4.786839082589203,0.16613740221516538
575,0.067,15,406,15,89248,516362,5011,102945,4.783078291155656,0.1662261204862855
576,0.0671,15,299,15,89547,516063,5026,102930,4.780308644262477,0.16628621002176114
577,0.0672,10,275,10,89822,515788,5036,102920,4.7777613101634,0.16634664494398005
578,0.0673,25,294,25,90116,515494,5061,102895,4.775037978435659,0.16639202831874436
579,0.0674,15,265,15,90381,515229,5076,102880,4.772583274667457,0.16644313543404157
580,0.0675,24,310,24,90691,514919,5100,102856,4.769711734410316,0.16649427380518797
581,0.0676,5,114,5,90805,514805,5105,102851,4.768655748638334,0.16651825611667337
582,0.0677,14,191,14,90996,514614,5119,102837,4.766886509318612,0.16655086800410074
583,0.0678,13,171,13,91167,514443,5132,102824,4.765302530660639,0.1665794542718143
584,0.0679,13,220,13,91387,514223,5145,102811,4.763264663381378,0.16662128829205522
585,0.068,13,189,13,91576,514034,5158,102798,4.76151395012783,0.16665477796223283
586,0.0681,26,314,26,91890,513720,5184,102772,4.758605357738338,0.16670451522485288
587,0.0682,10,139,10,92029,513581,5194,102762,4.7573177961391675,0.16672859106049714
588,0.0683,21,355,21,92384,513226,5215,102741,4.754029419393086,0.16679627317697215
589,0.0684,24,334,24,92718,512892,5239,102717,4.750935566341843,0.1668542857560562
590,0.0685,13,275,13,92993,512617,5252,102704,4.748388232242766,0.16691125445092886
591,0.0686,19,218,19,93211,512399,5271,102685,4.746368891029679,0.1669446774749465
592,0.0687,14,206,14,93417,512193,5285,102671,4.744460706213642,0.1669816414686825
593,0.0688,11,164,11,93581,512029,5296,102660,4.742941568787284,0.16701128538171336
594,0.0689,30,301,30,93882,511728,5326,102630,4.74015339582793,0.16705243522506422
595,0.069,31,280,31,94162,511448,5357,102599,4.737559746563415,0.1670865585207647
596,0.0691,9,133,9,94295,511315,5366,102590,4.73632776316277,0.16711054642004872
597,0.0692,24,278,24,94573,511037,5390,102566,4.73375263996443,0.16715368080012646
598,0.0693,12,163,12,94736,510874,5402,102554,4.732242765571159,0.16718180454755896
599,0.0694,19,285,19,95021,510589,5421,102535,4.729602801141206,0.1672337080264351
600,0.0695,30,300,30,95321,510289,5451,102505,4.72682389121494,0.167274810131953
601,0.0696,31,279,31,95600,510010,5482,102474,4.724239504983512,0.16730886031308573
602,0.0697,17,264,17,95864,509746,5499,102457,4.721794064248398,0.16735788619134503
603,0.0698,23,383,23,96247,509363,5522,102434,4.718246322575864,0.1674313538641085
604,0.0699,21,341,21,96588,509022,5543,102413,4.715087628293008,0.16749613613875555
605,0.07,30,327,30,96915,508695,5573,102383,4.712058616473378,0.1675448960689143
606,0.0701,17,233,17,97148,508462,5590,102366,4.709900329763978,0.16758563785550107
607,0.0702,32,326,32,97474,508136,5622,102334,4.706880580977435,0.16763149704326175
608,0.0703,13,185,13,97659,507951,5635,102321,4.705166919856238,0.16766458235016518
609,0.0704,26,312,26,97971,507639,5661,102295,4.702276853532921,0.16771486751025522
610,0.0705,32,388,32,98359,507251,5693,102263,4.69868279669495,0.16777793455113418
611,0.0706,22,262,22,98621,506989,5715,102241,4.69625588202601,0.16782003512630697
612,0.0707,13,130,13,98751,506859,5728,102228,4.695051687724629,0.1678380920952179
613,0.0708,24,255,24,99006,506604,5752,102204,4.6926896142873025,0.16787558639176883
614,0.0709,18,243,18,99249,506361,5770,102186,4.690438697247027,0.16791800797637652
615,0.071,29,355,29,99604,506006,5799,102157,4.687150320500945,0.16797634844605805
616,0.0711,24,304,24,99908,505702,5823,102133,4.684334358442328,0.1680275074650193
617,0.0712,26,352,26,100260,505350,5849,102107,4.68107377079551,0.16808926393143878
618,0.0713,18,210,18,100470,505140,5867,102089,4.6791285338471225,0.16812273458612814
619,0.0714,15,185,15,100655,504955,5882,102074,4.677414872725925,0.16815341606414191
620,0.0715,16,248,16,100903,504707,5898,102058,4.675117640520212,0.16820020930673324
621,0.0716,24,391,24,101294,504316,5922,102034,4.671495794582978,0.16827574833017234
622,0.0717,21,206,21,101500,504110,5943,102013,4.669587609766942,0.16830412309052784
623,0.0718,21,210,21,101710,503900,5964,101992,4.667642372818555,0.16833363041598173
624,0.0719,24,222,24,101932,503678,5988,101968,4.665585979473119,0.16836237670190177
625,0.072,18,222,18,102154,503456,6006,101950,4.663529586127682,0.16839938817917233
626,0.0721,15,214,15,102368,503242,6021,101935,4.661547297046945,0.16843832465543138
627,0.0722,21,284,21,102652,502958,6042,101914,4.65891659565008,0.1684885397241069
628,0.0723,24,244,24,102896,502714,6066,101890,4.656656415576716,0.16852352945068177
629,0.0724,15,238,15,103134,502476,6081,101875,4.654451813701878,0.16856925859310234
630,0.0725,25,269,25,103403,502207,6106,101850,4.651960057801326,0.16860991595164032
631,0.0726,21,247,21,103650,501960,6127,101829,4.649672088628701,0.16864997540531543
632,0.0727,22,304,22,103954,501656,6149,101807,4.646856126570084,0.16870462646425713
633,0.0728,23,211,23,104165,501445,6172,101784,4.64490162658861,0.1687319409378528
634,0.0729,18,288,18,104453,501157,6190,101766,4.642233873059395,0.16878772247865814
635,0.073,25,348,25,104801,500809,6215,101741,4.639010337544926,0.16885071778275662
636,0.0731,19,266,19,105067,500543,6234,101722,4.636546370743637,0.16889907266734744
637,0.0732,23,236,23,105303,500307,6257,101699,4.634360294934973,0.16893353222393132
638,0.0733,19,297,19,105600,500010,6276,101680,4.63160917410797,0.16899067626186243
639,0.0734,13,197,13,105797,499813,6289,101667,4.629784356589722,0.1690280641085323
640,0.0735,28,360,28,106157,499453,6317,101639,4.626449664678202,0.16909058846233188
641,0.0736,20,236,20,106393,499217,6337,101619,4.62426358886954,0.16912934644395475
642,0.0737,26,196,26,106589,499021,6363,101593,4.622448034384379,0.1691485712953744
643,0.0738,16,255,16,106844,498766,6379,101577,4.620085960947052,0.16919827498613293
644,0.0739,40,385,40,107229,498381,6419,101537,4.616519693208344,0.1692514643667968
645,0.074,16,308,16,107537,498073,6435,101521,4.613666679017378,0.16931623732058693
646,0.0741,28,259,28,107796,497814,6463,101493,4.611267553447701,0.16935059994293408
647,0.0742,28,375,28,108171,497439,6491,101465,4.607793916039868,0.1694178031871552
648,0.0743,15,261,15,108432,497178,6506,101450,4.605376264404017,0.16947085669230308
649,0.0744,25,337,25,108769,496841,6531,101425,4.60225462225351,0.1695316130283185
650,0.0745,28,310,28,109079,496531,6559,101397,4.599383081996369,0.16958061840221564
651,0.0746,24,265,24,109344,496266,6583,101373,4.596928378228167,0.16962246439740378
652,0.0747,19,366,19,109710,495900,6602,101354,4.593538108118122,0.16969999363754784
653,0.0748,21,289,21,109999,495611,6623,101333,4.590861091555819,0.16975294164946797
654,0.0749,16,171,16,110170,495440,6639,101317,4.589277112897848,0.16977932391241327
655,0.075,9,154,9,110324,495286,6648,101308,4.587850605802364,0.16981062498114297
656,0.0751,22,257,22,110581,495029,6670,101286,4.585470006298863,0.16985318162380622
657,0.0752,28,327,28,110908,494702,6698,101258,4.582440994479232,0.16990737633398215
658,0.0753,23,303,23,111211,494399,6721,101235,4.579634295453704,0.16996175503748948
659,0.0754,19,267,19,111478,494132,6740,101216,4.577161065619326,0.1700114890786565
660,0.0755,15,247,15,111725,493885,6755,101201,4.574873096446701,0.17006113402096504
661,0.0756,30,293,30,112018,493592,6785,101171,4.572159027752047,0.17010304944994897
662,0.0757,11,157,11,112175,493435,6796,101160,4.570704731557301,0.17013261127321957
663,0.0758,36,365,36,112540,493070,6832,101124,4.567323724480344,0.1701868413346483
664,0.0759,21,339,21,112879,492731,6853,101103,4.564183556263663,0.17025465028947484
665,0.076,20,253,20,113132,492478,6873,101083,4.561840008892512,0.17029926157547412
666,0.0761,18,201,18,113333,492277,6891,101065,4.559978139241913,0.1703317816706048
667,0.0762,19,263,19,113596,492014,6910,101046,4.557541961539886,0.1703807371935386
668,0.0763,19,220,19,113816,491794,6929,101027,4.555504094260625,0.17041737725215536
669,0.0764,8,175,8,113991,491619,6937,101019,4.553883063470303,0.17045650127059014
670,0.0765,30,200,30,114191,491419,6967,100989,4.552030456852792,0.1704720395403168
671,0.0766,30,243,30,114434,491176,6997,100959,4.5497795398125165,0.1704999704459287
672,0.0767,27,230,27,114664,490946,7024,100932,4.547649042202378,0.1705283859173681
673,0.0768,16,298,16,114962,490648,7040,100916,4.544888658342288,0.1705918548119899
674,0.0769,26,240,26,115202,490408,7066,100890,4.542665530401274,0.170624625823189
675,0.077,26,342,26,115544,490066,7092,100864,4.539497573085331,0.17068688338720323
676,0.0771,23,262,23,115806,489804,7115,100841,4.537070658416392,0.17073030331248043
677,0.0772,24,349,24,116155,489455,7139,100817,4.533837859868836,0.17079753062994688
678,0.0773,28,245,28,116400,489210,7167,100789,4.531568416762385,0.17082910310017474
679,0.0774,22,274,22,116674,488936,7189,100767,4.529030345696395,0.17087754344135947
680,0.0775,19,304,19,116978,488632,7208,100748,4.526214383637778,0.17093895279785537
681,0.0776,30,350,30,117328,488282,7238,100718,4.522972322057134,0.17099830220713072
682,0.0777,33,343,33,117671,487939,7271,100685,4.5197951017081035,0.1710514691891598
683,0.0778,28,256,28,117927,487683,7299,100657,4.517423765237689,0.17108644661250297
684,0.0779,20,359,20,118286,487324,7319,100637,4.5140983363592575,0.17116271317315265
685,0.078,21,295,21,118581,487029,7340,100616,4.511365741598429,0.17121901828484884
686,0.0781,22,212,22,118793,486817,7362,100594,4.509401978583868,0.1712497723059323
687,0.0782,21,343,21,119136,486474,7383,100573,4.506224758234836,0.17132018390350345
688,0.0783,28,278,28,119414,486196,7411,100545,4.5036496350364965,0.17136181040697684
689,0.0784,14,234,14,119648,485962,7425,100531,4.5014820852940085,0.1714104004651377
690,0.0785,26,332,26,119980,485630,7451,100505,4.498406758308941,0.17147073626383
691,0.0786,35,271,35,120251,485359,7486,100470,4.495896476342214,0.1715005573298693
692,0.0787,21,243,21,120494,485116,7507,100449,4.493645559301938,0.17154201497698804
693,0.0788,10,259,10,120753,484857,7517,100439,4.491246433732261,0.1716037697165195
694,0.0789,13,135,13,120888,484722,7530,100426,4.4899959242654415,0.17162495642128145
695,0.079,18,207,18,121095,484515,7548,100408,4.488078476416318,0.17166020142822216
696,0.0791,20,226,20,121321,484289,7568,100388,4.48598503093853,0.17169821970079205
697,0.0792,17,242,17,121563,484047,7585,100371,4.483743376931343,0.17174522345307638
698,0.0793,17,237,17,121800,483810,7602,100354,4.481548038089592,0.171790798474401
699,0.0794,25,228,25,122028,483582,7627,100329,4.47943606654563,0.17182241814249088
700,0.0795,24,235,24,122263,483347,7651,100305,4.477259253770055,0.17185754524956653
701,0.0796,45,347,45,122610,483000,7696,100260,4.474044981288674,0.1718958954840037
702,0.0797,27,236,27,122846,482764,7723,100233,4.47185890548001,0.1719271282699568
703,0.0798,44,346,44,123192,482418,7767,100189,4.468653896031717,0.17196669452993185
704,0.0799,18,231,18,123423,482187,7785,100171,4.466514135388492,0.17200931385848567
705,0.08,26,308,26,123731,481879,7811,100145,4.463661121197525,0.17206335133946365
706,0.0801,21,216,21,123947,481663,7832,100124,4.4616603060506135,0.17209734834226273
707,0.0802,23,193,23,124140,481470,7855,100101,4.4598725406647155,0.17212171858638067
708,0.0803,17,169,17,124309,481301,7872,100084,4.458307088072918,0.17214754422628722
709,0.0804,22,239,22,124548,481062,7894,100062,4.456093223164993,0.1721870031180953
710,0.0805,32,298,32,124846,480764,7926,100030,4.453332839304902,0.172229740665365
711,0.0806,37,331,37,125177,480433,7963,99993,4.4502667753529215,0.17227519098041782
712,0.0807,22,323,22,125500,480110,7985,99971,4.447274815665642,0.1723397249694439
713,0.0808,17,225,17,125725,479885,8002,99954,4.445190633220942,0.1723823337167731
714,0.0809,21,305,21,126030,479580,8023,99933,4.442365408129238,0.17244306857654618
715,0.081,28,337,28,126367,479243,8051,99905,4.439243765978732,0.17250340154848157
716,0.0811,18,207,18,126574,479036,8069,99887,4.4373263181296085,0.17253935324732306
717,0.0812,23,258,23,126832,478778,8092,99864,4.43493645559302,0.17258339353175192
718,0.0813,27,337,27,127169,478441,8119,99837,4.4318148134425135,0.1726453366719813
719,0.0814,28,274,28,127443,478167,8147,99809,4.429276742376524,0.17268710119451328
720,0.0815,38,337,38,127780,477830,8185,99771,4.426155100226018,0.17273342670805625
721,0.0816,27,271,27,128051,477559,8212,99744,4.423644818259291,0.1727758213624388
722,0.0817,33,215,33,128266,477344,8245,99711,4.421653266145467,0.17279288802627132
723,0.0818,20,246,20,128512,477098,8265,99691,4.419374560005928,0.17283790086149353
724,0.0819,29,293,29,128805,476805,8294,99662,4.416660491311275,0.17288413734003855
725,0.082,26,319,26,129124,476486,8320,99636,4.413705583756345,0.17294253647664903
726,0.0821,23,208,23,129332,476278,8343,99613,4.411778872874134,0.1729719686537904
727,0.0822,17,239,17,129571,476039,8360,99596,4.409565007966209,0.17301936122716652
728,0.0823,17,205,17,129776,475834,8377,99579,4.4076660861832595,0.1730565698029068
729,0.0824,12,209,12,129985,475625,8389,99567,4.405730112267961,0.17310219891792653
730,0.0825,27,308,27,130293,475317,8416,99540,4.402877098076995,0.17315610664913186
731,0.0826,13,217,13,130510,475100,8429,99527,4.400867019896995,0.1732027906798671
732,0.0827,38,366,38,130876,474734,8467,99489,4.39747674978695,0.17325847275361664
733,0.0828,20,255,20,131131,474479,8487,99469,4.395114676349624,0.17330664101974394
734,0.0829,20,266,20,131397,474213,8507,99449,4.3926507095483345,0.17335817955520846
735,0.083,23,240,23,131637,473973,8530,99426,4.390427581607321,0.17339758178859746
736,0.0831,32,350,32,131987,473623,8562,99394,4.387185520026677,0.17345733198142463
737,0.0832,25,252,25,132239,473371,8587,99369,4.384851235688614,0.1734975730698048
738,0.0833,25,285,25,132524,473086,8612,99344,4.382211271258661,0.17354785737994166
739,0.0834,33,329,33,132853,472757,8645,99311,4.379163733372856,0.1735999916093891
740,0.0835,20,256,20,133109,472501,8665,99291,4.376792396902442,0.1736488093572488
741,0.0836,21,297,21,133406,472204,8686,99270,4.374041276075438,0.17370869015913235
742,0.0837,22,322,22,133728,471882,8708,99248,4.371058579421246,0.17377479733160575
743,0.0838,22,230,22,133958,471652,8730,99226,4.3689280818111085,0.1738129687954344
744,0.0839,21,377,21,134335,471275,8751,99205,4.3654359183371,0.17389741971672978
745,0.084,23,282,23,134617,470993,8774,99182,4.36282374300641,0.1739501030385408
746,0.0841,30,254,30,134871,470739,8804,99152,4.360470932602171,0.17398414784581612
747,0.0842,24,184,24,135055,470555,8828,99128,4.358766534514062,0.17400554343380442
748,0.0843,27,186,27,135241,470369,8855,99101,4.357043610359776,0.17402321456793157
749,0.0844,33,301,33,135542,470068,8888,99068,4.354255437400423,0.17406735824126396
750,0.0845,29,212,29,135754,469856,8917,99039,4.352291674385861,0.17409012207876673
751,0.0846,33,315,33,136069,469541,8950,99006,4.349373818963281,0.1741386376148322
752,0.0847,23,273,23,136342,469268,8973,98983,4.346845010930379,0.1741888707630959
753,0.0848,52,367,52,136709,468901,9025,98931,4.343445477787247,0.1742258273573874
754,0.0849,29,236,29,136945,468665,9054,98902,4.341259401978584,0.1742560790179838
755,0.085,20,224,20,137169,468441,9074,98882,4.339184482566972,0.1742957715446051
756,0.0851,30,237,30,137406,468204,9104,98852,4.336989143725221,0.1743249343980136
757,0.0852,30,355,30,137761,467849,9134,98822,4.33370076697914,0.17439043113199723
758,0.0853,15,281,15,138042,467568,9149,98807,4.331097854681537,0.17445508717722358
759,0.0854,14,241,14,138283,467327,9163,98793,4.328865463707436,0.174508938034339
760,0.0855,24,345,24,138628,466982,9187,98769,4.3256697172922305,0.17458033657916644
761,0.0856,27,308,27,138936,466674,9214,98742,4.322816703101264,0.17463602020459273
762,0.0857,28,241,28,139177,466433,9242,98714,4.3205843121271625,0.17466959923701267
763,0.0858,25,236,25,139413,466197,9267,98689,4.3183982363185,0.174706046883796
764,0.0859,34,366,34,139779,465831,9301,98655,4.315007966208455,0.17476961341822472
765,0.086,21,252,21,140031,465579,9322,98634,4.3126736818703915,0.1748169574256531
766,0.0861,39,261,39,140292,465318,9361,98595,4.31025603023454,0.1748407999106245
767,0.0862,43,322,43,140614,464996,9404,98552,4.307273333580348,0.17487773889713032
768,0.0863,38,303,38,140917,464693,9442,98514,4.304466634554819,0.17491614983478543
769,0.0864,14,173,14,141090,464520,9456,98500,4.302864129830672,0.17494938012859224
770,0.0865,20,204,20,141294,464316,9476,98480,4.300974471080811,0.17498347536229825
771,0.0866,9,197,9,141491,464119,9485,98471,4.299149653562562,0.17503155050747435
772,0.0867,38,345,38,141836,463774,9523,98433,4.295953907147356,0.17508319889293444
773,0.0868,33,287,33,142123,463487,9556,98400,4.293295416651229,0.17512417977280129
774,0.0869,19,266,19,142389,463221,9575,98381,4.2908314498499385,0.1751792194472242
775,0.087,36,330,36,142719,462891,9611,98345,4.2877746489310455,0.17522931529695174
776,0.0871,22,227,22,142946,462664,9633,98323,4.285671940420171,0.17526787608268998
777,0.0872,33,358,33,143304,462306,9666,98290,4.282355774574826,0.17533125459332569
778,0.0873,34,329,34,143633,461977,9700,98256,4.279308236689022,0.17538417051476796
779,0.0874,21,204,21,143837,461773,9721,98235,4.2774185779391605,0.1754171368980443
780,0.0875,26,216,26,144053,461557,9747,98209,4.275417762792249,0.17544652586973844
781,0.0876,28,409,28,144462,461148,9775,98181,4.271629182259439,0.17553354108226107
782,0.0877,20,251,20,144713,460897,9795,98161,4.269304160954463,0.17558285544612545
783,0.0878,39,353,39,145066,460544,9834,98122,4.266034310274557,0.175636247775952
784,0.0879,29,202,29,145268,460342,9863,98093,4.26416317759087,0.17565696992487936
785,0.088,31,308,31,145576,460034,9894,98062,4.261310163399903,0.17570812190017487
786,0.0881,20,183,20,145759,459851,9914,98042,4.259615028344881,0.17573620748064592
787,0.0882,47,389,47,146148,459462,9961,97995,4.256011708473823,0.17578934339330207
788,0.0883,51,523,51,146671,458939,10012,97944,4.251167142169032,0.17587895482534033
789,0.0884,42,381,42,147052,458558,10054,97902,4.247637926562674,0.17593717428027172
790,0.0885,16,232,16,147284,458326,10070,97886,4.245488902886361,0.1759868539333923
791,0.0886,48,531,48,147815,457795,10118,97838,4.24057023231687,0.17608385391076484
792,0.0887,33,260,33,148075,457535,10151,97805,4.2381618437141055,0.17611733352540787
793,0.0888,41,393,41,148468,457142,10192,97764,4.234521471710697,0.176181191048574
794,0.0889,32,328,32,148796,456814,10224,97732,4.23148319685798,0.17623785943817105
795,0.089,28,343,28,149139,456471,10252,97704,4.228305976508948,0.17630531871701177
796,0.0891,26,252,26,149391,456219,10278,97678,4.2259716921708845,0.17634686593355806
797,0.0892,17,159,17,149550,456060,10295,97661,4.224498869909963,0.17637221633277408
798,0.0893,28,227,28,149777,455833,10323,97633,4.222396161399089,0.17640288653684238
799,0.0894,31,277,31,150054,455556,10354,97602,4.219830301233836,0.1764450663282462
800,0.0895,41,354,41,150408,455202,10395,97561,4.2165511875208415,0.17649697971825176
801,0.0896,35,251,35,150659,454951,10430,97526,4.214226166215866,0.176524995610677
802,0.0897,32,248,32,150907,454703,10462,97494,4.211928934010152,0.17655655499758238
803,0.0898,30,319,30,151226,454384,10492,97464,4.2089740264552225,0.1766138501906322
804,0.0899,39,331,39,151557,454053,10531,97425,4.205907962503242,0.17666162566775104
805,0.09,40,414,40,151971,453639,10571,97385,4.202073066804995,0.17673458869305148
806,0.0901,40,359,40,152330,453280,10611,97345,4.198747637926562,0.1767900113507378
807,0.0902,39,313,39,152643,452967,10650,97306,4.195848308570159,0.17683222691282327
808,0.0903,54,430,54,153073,452537,10704,97252,4.19186520434251,0.17688967949522452
809,0.0904,51,406,51,153479,452131,10755,97201,4.188104412908963,0.176943997436887
810,0.0905,32,245,32,153724,451886,10787,97169,4.185834969802512,0.17697498429119124
811,0.0906,32,247,32,153971,451639,10819,97137,4.183547000629886,0.17700664752102863
812,0.0907,44,445,44,154416,451194,10863,97093,4.179424950905925,0.17708426426305932
813,0.0908,28,272,28,154688,450922,10891,97065,4.17690540590611,0.1771301144005241
814,0.0909,25,254,25,154942,450668,10916,97040,4.174552595501871,0.17717469892716556
815,0.091,26,254,26,155196,450414,10942,97014,4.172199785097632,0.17721782590587257
816,0.0911,22,186,22,155382,450228,10964,96992,4.170476860943348,0.17724498373597455
817,0.0912,45,408,45,155790,449820,11009,96947,4.166697543443625,0.17730953038497202
818,0.0913,37,336,37,156126,449484,11046,96910,4.163585164326207,0.17736285537542507
819,0.0914,35,467,35,156593,449017,11081,96875,4.159259327874319,0.1774618422691668
820,0.0915,45,416,45,157009,448601,11126,96830,4.1554059061098965,0.17752933001607904
821,0.0916,40,231,40,157240,448370,11166,96790,4.153266145466672,0.17754420720522415
822,0.0917,22,228,22,157468,448142,11188,96768,4.151154173922709,0.17758528931383163
823,0.0918,36,281,36,157749,447861,11224,96732,4.148551261625107,0.17762255482534664
824,0.0919,43,336,43,158085,447525,11267,96689,4.145438882507689,0.1776672411955591
825,0.092,49,295,49,158380,447230,11316,96640,4.14270628774686,0.17768952139297994
826,0.0921,31,337,31,158717,446893,11347,96609,4.139584645596354,0.1777527957578813
827,0.0922,27,224,27,158941,446669,11374,96582,4.137509726184742,0.17778522266871113
828,0.0923,52,376,52,159317,446293,11426,96530,4.134026825743821,0.17782960559887845
829,0.0924,44,308,44,159625,445985,11470,96486,4.131173811552855,0.17786388581140744
830,0.0925,42,284,42,159909,445701,11512,96444,4.12854311015599,0.17789336801040312
831,0.0926,36,348,36,160257,445353,11548,96408,4.12531957464152,0.177953008799083
832,0.0927,29,258,29,160515,445095,11577,96379,4.1229297121049315,0.1779937725541762
833,0.0928,32,286,32,160801,444809,11609,96347,4.120280484641891,0.17803923452756693
834,0.0929,26,299,26,161100,444510,11635,96321,4.117510837748712,0.17809814895965653
835,0.093,29,260,29,161360,444250,11664,96292,4.115102449145948,0.17813971902275863
836,0.0931,35,356,35,161716,443894,11699,96257,4.111804809366779,0.17820387262080417
837,0.0932,25,231,25,161947,443663,11724,96232,4.109665048723554,0.17824206558682706
838,0.0933,19,205,19,162152,443458,11743,96213,4.107766126940605,0.1782808414756398
839,0.0934,66,459,66,162611,442999,11809,96147,4.103514394753418,0.17833202880110396
840,0.0935,23,215,23,162826,442784,11832,96124,4.101522842639594,0.17836810735784214
841,0.0936,37,338,37,163164,442446,11869,96087,4.098391937456,0.17842360635281404
842,0.0937,39,340,39,163504,442106,11908,96048,4.095242506206232,0.17847679288828106
843,0.0938,33,289,33,163793,441817,11941,96015,4.092565489643929,0.1785222894881673
844,0.0939,30,388,30,164181,441429,11971,95985,4.088971432805958,0.1786053210374125
845,0.094,27,294,27,164475,441135,11998,95958,4.086248101078217,0.17866179600180973
846,0.0941,49,432,49,164907,440703,12047,95909,4.082246470784393,0.17873062846153273
847,0.0942,24,245,24,165152,440458,12071,95885,4.079977027677943,0.17877552238026784
848,0.0943,29,261,29,165413,440197,12100,95856,4.077559376042092,0.17881813925115614
849,0.0944,37,397,37,165810,439800,12137,95819,4.0738819519063325,0.1788939526043699
850,0.0945,39,314,39,166124,439486,12176,95780,4.07097335951684,0.17893906954673003
851,0.0946,35,366,35,166490,439120,12211,95745,4.067583089406796,0.17900778701167586
852,0.0947,44,418,44,166908,438702,12255,95701,4.0637111415761975,0.17908020725931553
853,0.0948,43,328,43,167236,438374,12298,95658,4.06067286672348,0.1791240974323636
854,0.0949,37,344,37,167580,438030,12335,95621,4.057486383341361,0.17918264933449016
855,0.095,30,268,30,167848,437762,12365,95591,4.0550038904738965,0.17922651602222167
856,0.0951,23,253,23,168101,437509,12388,95568,4.052660343102746,0.17927616460661405
857,0.0952,29,238,29,168339,437271,12417,95539,4.050455741227908,0.1793115744824609
858,0.0953,40,307,40,168646,436964,12457,95499,4.0476119900700285,0.17935330717815134
859,0.0954,34,364,34,169010,436600,12491,95465,4.044240246026159,0.17942356666948586
860,0.0955,43,397,43,169407,436203,12534,95422,4.0405628218904,0.17949118269456854
861,0.0956,32,360,32,169767,435843,12566,95390,4.03722812997888,0.17956339308740232
862,0.0957,34,263,34,170030,435580,12600,95356,4.034791952276853,0.17959980110597135
863,0.0958,50,458,50,170488,435122,12650,95306,4.030549483122754,0.1796775434177683
864,0.0959,33,256,33,170744,434866,12683,95273,4.02817814665234,0.17971324501687294
865,0.096,38,338,38,171082,434528,12721,95235,4.025047241468746,0.1797690665448512
866,0.0961,21,283,21,171365,434245,12742,95214,4.0224258031049684,0.17983262160053942
867,0.0962,24,323,24,171688,433922,12766,95190,4.019433843417689,0.17990519965527146
868,0.0963,29,231,29,171919,433691,12795,95161,4.017294082774463,0.17993881085823632
869,0.0964,34,291,34,172210,433400,12829,95127,4.014598540145985,0.17998512847971815
870,0.0965,53,386,53,172596,433014,12882,95074,4.011023009374189,0.18003438820802595
871,0.0966,26,218,26,172814,432796,12908,95048,4.009003668161102,0.18006835352869408
872,0.0967,36,296,36,173110,432500,12944,95012,4.006261810367187,0.1801134381777097
873,0.0968,45,374,45,173484,432126,12989,94967,4.002797435992441,0.18017124112822594
874,0.0969,46,364,46,173848,431762,13035,94921,3.999425691948572,0.18022415760523883
875,0.097,20,264,20,174112,431498,13055,94901,3.9969802512134573,0.1802833971949035
876,0.0971,39,332,39,174444,431166,13094,94862,3.9939049242283895,0.1803364079478659
877,0.0972,20,200,20,174644,430966,13114,94842,3.9920523176108786,0.1803738246660378
878,0.0973,49,335,49,174979,430631,13163,94793,3.9889492015265477,0.1804123907548951
879,0.0974,42,337,42,175316,430294,13205,94751,3.985827559376042,0.1804626270129227
880,0.0975,61,569,61,175885,429725,13266,94690,3.980556893549224,0.18056310364882774
881,0.0976,32,274,32,176159,429451,13298,94658,3.978018822483234,0.18060746905700914
882,0.0977,38,368,38,176527,429083,13336,94620,3.974610026307014,0.1806749245278335
883,0.0978,20,241,20,176768,428842,13356,94600,3.972377635332913,0.18072680449791953
884,0.0979,34,328,34,177096,428514,13390,94566,3.9693393604801956,0.18078687772424867
885,0.098,36,350,36,177446,428164,13426,94530,3.9660972988995518,0.18085151159186827
886,0.0981,35,298,35,177744,427866,13461,94495,3.9633369150394606,0.18089979918102614
887,0.0982,34,360,34,178104,427506,13495,94461,3.960002223127941,0.18097121082367276
888,0.0983,44,306,44,178410,427200,13539,94417,3.9571677350031496,0.1810082876900101
889,0.0984,27,270,27,178680,426930,13566,94390,3.95466671606951,0.18105961789304073
890,0.0985,55,448,55,179128,426482,13621,94335,3.9505168772462853,0.18112888020168313
891,0.0986,57,398,57,179526,426084,13678,94278,3.946830190077439,0.18117771858821358
892,0.0987,45,398,45,179924,425686,13723,94233,3.943143502908592,0.18124554017068042
893,0.0988,41,353,41,180277,425333,13764,94192,3.9398736522286857,0.18130407583850633
894,0.0989,42,397,42,180674,424936,13806,94150,3.9361962280929266,0.18137649638017592
895,0.099,50,463,50,181137,424473,13856,94100,3.931907443773389,0.18145950521913018
896,0.0991,45,351,45,181488,424122,13901,94055,3.928656119159658,0.18151133685979887
897,0.0992,40,464,40,181952,423658,13941,94015,3.9243580718070326,0.1816107851867878
898,0.0993,32,306,32,182258,423352,13973,93983,3.921523583682241,0.18166758483381173
899,0.0994,29,211,29,182469,423141,14002,93954,3.919569083700767,0.1816958199170365
900,0.0995,35,331,35,182800,422810,14037,93919,3.9165030197487867,0.18175678160118747
901,0.0996,31,313,31,183113,422497,14068,93888,3.913603690392382,0.1818178297200732
902,0.0997,43,271,43,183384,422226,14111,93845,3.911093408425655,0.18184513371222177
903,0.0998,47,361,47,183745,421865,14158,93798,3.9077494534810477,0.1818978674056506
904,0.0999,29,339,29,184084,421526,14187,93769,3.904609285264367,0.18197149205794738
905,0.1,73,485,73,184569,421041,14260,93696,3.900116714216903,0.1820269380285466
906,0.1001,42,326,42,184895,420715,14302,93654,3.8970969654303604,0.18207551388205742
907,0.1002,48,466,48,185361,420249,14350,93606,3.8927803920115602,0.1821642292086289
908,0.1003,56,377,56,185738,419872,14406,93550,3.8892882285375525,0.18220878731336015
909,0.1004,20,243,20,185981,419629,14426,93530,3.8870373114972767,0.18226319717670353
910,0.1005,31,283,31,186264,419346,14457,93499,3.884415873133499,0.1823143444900506
911,0.1006,41,445,41,186709,418901,14498,93458,3.8802938234095374,0.1824072574113073
912,0.1007,27,334,27,187043,418567,14525,93431,3.8771999703582942,0.18248313469974492
913,0.1008,45,451,45,187494,418116,14570,93386,3.873022342435807,0.18257211115499059
914,0.1009,45,338,45,187832,417778,14615,93341,3.869891437252214,0.18262087693863854
915,0.101,32,326,32,188158,417452,14647,93309,3.8668716884656713,0.18268622702203183
916,0.1011,24,305,24,188463,417147,14671,93285,3.8640464633739673,0.18275695881135978
917,0.1012,31,273,31,188736,416874,14702,93254,3.861517655341065,0.18280509989649657
918,0.1013,60,554,60,189290,416320,14762,93194,3.85638593501056,0.1829076335488328
919,0.1014,41,382,41,189672,415938,14803,93153,3.8528474563711144,0.18297907446802242
920,0.1015,41,385,41,190057,415553,14844,93112,3.8492811886324056,0.18305171379984864
921,0.1016,26,297,26,190354,415256,14870,93086,3.846530067805402,0.1831168780073258
922,0.1017,45,400,45,190754,414856,14915,93041,3.8428248545703805,0.18318871739742507
923,0.1018,60,464,60,191218,414392,14975,92981,3.838526807217755,0.18325965315458254
924,0.1019,39,432,39,191650,413960,15014,92942,3.834525176923932,0.18335299525352042
925,0.102,47,473,47,192123,413487,15061,92895,3.830143762273519,0.18344846380795526
926,0.1021,47,337,47,192460,413150,15108,92848,3.8270221201230132,0.18349479642212024
927,0.1022,34,288,34,192748,412862,15142,92814,3.8243543665937976,0.18354440392662497
928,0.1023,41,284,41,193032,412578,15183,92773,3.821723665196932,0.1835813127905159
929,0.1024,35,295,35,193327,412283,15218,92738,3.8189910704361036,0.18363196777955768
930,0.1025,65,395,65,193722,411888,15283,92673,3.81533217236652,0.1836705571774275
931,0.1026,34,278,34,194000,411610,15317,92639,3.8127570491681797,0.18371677484734725
932,0.1027,32,262,32,194262,411348,15349,92607,3.8103301344992406,0.18376045480251213
933,0.1028,39,391,39,194653,410957,15388,92568,3.8067082885620067,0.18383992850404648
934,0.1029,28,277,28,194930,410680,15416,92540,3.804142428396754,0.18389571161718532
935,0.103,42,365,42,195295,410315,15458,92498,3.800761421319797,0.18396103521587548
936,0.1031,39,304,39,195599,410011,15497,92459,3.7979454592611805,0.1840089955619241
937,0.1032,33,290,33,195889,409721,15530,92426,3.79525917966579,0.18406163932075667
938,0.1033,60,418,60,196307,409303,15590,92366,3.791387231835192,0.18411741606517446
939,0.1034,42,256,42,196563,409047,15632,92324,3.7890158953647783,0.1841430796755297
940,0.1035,37,246,37,196809,408801,15669,92287,3.78673718922524,0.18417323903186666
941,0.1036,36,310,36,197119,408491,15705,92251,3.783865648968098,0.1842286047505502
942,0.1037,69,496,69,197615,407995,15774,92182,3.7792711845566713,0.1842987582395832
943,0.1038,31,311,31,197926,407684,15805,92151,3.7763903812664417,0.18436283973711326
944,0.1039,34,349,34,198275,407335,15839,92117,3.7731575827188855,0.18443614201164477
945,0.104,44,358,44,198633,406977,15883,92073,3.769841416873541,0.18449654343252178
946,0.1041,50,418,50,199051,406559,15933,92023,3.7659694690429433,0.1845694389288021
947,0.1042,42,405,42,199456,406154,15975,91981,3.762217940642484,0.18465074728738193
948,0.1043,64,431,64,199887,405723,16039,91917,3.7582255733817482,0.18470581142994935
949,0.1044,43,346,43,200233,405377,16082,91874,3.755020563933454,0.18476383154583903
950,0.1045,57,381,57,200614,404996,16139,91817,3.751491348327096,0.18481199163467946
951,0.1046,54,505,54,201119,404491,16193,91763,3.7468135166178813,0.18491135587823979
952,0.1047,30,297,30,201416,404194,16223,91733,3.744062395790878,0.18497278833376687
953,0.1048,59,446,59,201862,403748,16282,91674,3.7399310830338286,0.18504224681180892
954,0.1049,31,264,31,202126,403484,16313,91643,3.737485642298714,0.18508988602924098
955,0.105,33,399,33,202525,403085,16346,91610,3.73378969209678,0.1851848108430447
956,0.1051,42,346,42,202871,402739,16388,91568,3.7305846826484865,0.18524520186847446
957,0.1052,35,314,35,203185,402425,16423,91533,3.7276760902589943,0.18530522837974078
958,0.1053,59,494,59,203679,401931,16482,91474,3.7231001519137426,0.18539333812993383
959,0.1054,33,338,33,204017,401593,16515,91441,3.7199692467301495,0.18546591107307
960,0.1055,35,284,35,204301,401309,16550,91406,3.717338545333284,0.18551495286321706
961,0.1056,45,223,45,204524,401086,16595,91361,3.7152728889547593,0.18552453360463156
962,0.1057,60,438,60,204962,400648,16655,91301,3.7112156804624106,0.1855903762381873
963,0.1058,45,301,45,205263,400347,16700,91256,3.708427507503057,0.18562946117090418
964,0.1059,55,461,55,205724,399886,16755,91201,3.704157249249694,0.1857125112250986
965,0.106,33,332,33,206056,399554,16788,91168,3.7010819222646263,0.1857833967093385
966,0.1061,44,311,44,206367,399243,16832,91124,3.698201118974397,0.18582816543527603
967,0.1062,21,335,21,206702,398908,16853,91103,3.695098002890066,0.1859203160745371
968,0.1063,44,358,44,207060,398550,16897,91059,3.6917818370447217,0.18598310080084313
969,0.1064,49,377,49,207437,398173,16946,91010,3.688289673570714,0.1860448952641445
970,0.1065,27,228,27,207665,397945,16973,90983,3.6861777020267517,0.18608670397277308
971,0.1066,34,349,34,208014,397596,17007,90949,3.682944903479195,0.1861629941970545
972,0.1067,37,285,37,208299,397311,17044,90912,3.6803049390492424,0.1862099901069798
973,0.1068,50,422,50,208721,396889,17094,90862,3.6763959390862944,0.18628767547375608
974,0.1069,49,337,49,209058,396552,17143,90813,3.6732742969357886,0.186334677295251
975,0.107,35,267,35,209325,396285,17178,90778,3.6708010671014115,0.1863783535189493
976,0.1071,60,518,60,209843,395767,17238,90718,3.6660028159620586,0.1864764586780682
977,0.1072,35,334,35,210177,395433,17273,90683,3.6629089629108154,0.1865460095944178
978,0.1073,45,421,45,210598,395012,17318,90638,3.659009225980955,0.18663234839905282
979,0.1074,51,445,51,211043,394567,17369,90587,3.6548871762569934,0.1867180318002119
980,0.1075,42,306,42,211349,394261,17411,90545,3.652052688132202,0.18676542782061278
981,0.1076,48,443,48,211792,393818,17459,90497,3.6479491644744155,0.1868556621207272
982,0.1077,47,384,47,212176,393434,17506,90450,3.6443921597687945,0.1869249654875962
983,0.1078,24,290,24,212466,393144,17530,90426,3.641705880173404,0.18699671195483591
984,0.1079,44,338,44,212804,392806,17574,90382,3.638574974989811,0.18705348642764308
985,0.108,45,343,45,213147,392463,17619,90337,3.6353977546407794,0.1871106048053024
986,0.1081,63,410,63,213557,392053,17682,90274,3.6315999110748822,0.1871634803774203
987,0.1082,39,362,39,213919,391691,17721,90235,3.628246693097188,0.18723828969592843
988,0.1083,83,516,83,214435,391175,17804,90152,3.62346696802401,0.18729886335069507
989,0.1084,47,335,47,214770,390840,17851,90105,3.620363851939679,0.1873499048747778
990,0.1085,32,238,32,215008,390602,17883,90073,3.618159250064841,0.18738856815935923
991,0.1086,48,439,48,215447,390163,17931,90025,3.614092778539405,0.1874786541937741
992,0.1087,32,235,32,215682,389928,17963,89993,3.6119159657638296,0.18751627872087281
993,0.1088,40,363,40,216045,389565,18003,89953,3.6085534847530476,0.18759045541564653
994,0.1089,49,437,49,216482,389128,18052,89904,3.604505539293786,0.18767848494463835
995,0.109,39,344,39,216826,388784,18091,89865,3.601319055911668,0.18774718008394461
996,0.1091,23,279,23,217105,388505,18114,89842,3.59873466968024,0.18781763029767093
997,0.1092,51,427,51,217532,388078,18165,89791,3.5947793545518545,0.18789877560586687
998,0.1093,42,356,42,217888,387722,18207,89749,3.591481714772685,0.1879674367657931
999,0.1094,50,362,50,218250,387360,18257,89699,3.5881284967949907,0.18802496127313392
1000,0.1095,50,440,50,218690,386920,18307,89649,3.5840527622364666,0.1881133686832337
1001,0.1096,51,384,51,219074,386536,18358,89598,3.580495757530846,0.1881781179247859
1002,0.1097,41,346,41,219420,386190,18399,89557,3.577290748082552,0.18824501258021595
1003,0.1098,31,338,31,219758,385852,18430,89526,3.574159842898959,0.18832592168758336
1004,0.1099,36,326,36,220084,385526,18466,89490,3.5711400941124163,0.18839365410849318
1005,0.11,51,443,51,220527,385083,18517,89439,3.5670365704546296,0.18848230429779864
1006,0.1101,71,528,71,221055,384555,18588,89368,3.562145688984401,0.18857071718401514
1007,0.1102,29,199,29,221254,384356,18617,89339,3.5603023453999776,0.18860025966075217
1008,0.1103,46,406,46,221660,383950,18663,89293,3.5565415539664307,0.18868319235572423
1009,0.1104,36,315,36,221975,383635,18699,89257,3.553623698543851,0.1887471135058322
1010,0.1105,53,463,53,222438,383172,18752,89204,3.5493349142243136,0.18884109268887497
1011,0.1106,90,651,90,223089,382521,18842,89114,3.543304679684316,0.18894696110339562
1012,0.1107,52,360,52,223449,382161,18894,89062,3.539969987772796,0.18900181018328902
1013,0.1108,38,269,38,223718,381892,18932,89024,3.537478231872244,0.18904433062372059
1014,0.1109,47,335,47,224053,381557,18979,88977,3.5343751157879137,0.18909791853511118
1015,0.111,47,483,47,224536,381074,19026,88930,3.5299010708066247,0.18921115564973914
1016,0.1111,57,455,57,224991,380619,19083,88873,3.5256863907517877,0.18929609024221924
1017,0.1112,69,464,69,225455,380155,19152,88804,3.5213883433991624,0.1893641021923025
1018,0.1113,33,278,33,225733,379877,19185,88771,3.5188132202008227,0.18941935098410748
1019,0.1114,55,554,55,226287,379323,19240,88716,3.5136814998703176,0.18954830687186325
1020,0.1115,40,312,40,226599,379011,19280,88676,3.5107914335470007,0.18960544124596151
1021,0.1116,49,313,49,226912,378698,19329,88627,3.507892104190596,0.18964746161664794
1022,0.1117,34,267,34,227179,378431,19363,88593,3.505418874356219,0.18969688923909692
1023,0.1118,50,448,50,227627,377983,19413,88543,3.501269035532995,0.18979220879436515
1024,0.1119,50,308,50,227935,377675,19463,88493,3.4984160213420283,0.189830704810283
1025,0.112,34,291,34,228226,377384,19497,88459,3.49572047871355,0.18989015612556162
1026,0.1121,52,297,52,228523,377087,19549,88407,3.492969357886546,0.18992081530589008
1027,0.1122,56,367,56,228890,376720,19605,88351,3.489569824743414,0.18997314388555725
1028,0.1123,37,256,37,229146,376464,19642,88314,3.487198488273,0.19001329667066857
1029,0.1124,32,255,32,229401,376209,19674,88282,3.484836414835674,0.19006180959372732
1030,0.1125,53,391,53,229792,375818,19727,88229,3.48121456889844,0.1901294480946973
1031,0.1126,49,383,49,230175,375435,19776,88180,3.477666827225907,0.19020092102283145
1032,0.1127,36,303,36,230478,375132,19812,88144,3.474860128200378,0.19026239218090296
1033,0.1128,54,347,54,230825,374785,19866,88090,3.4716458557189966,0.1903105590062112
1034,0.1129,55,444,55,231269,374341,19921,88035,3.4675330690281227,0.19039699292350815
1035,0.113,41,315,41,231584,374026,19962,87994,3.464615213605543,0.19045495865979828
1036,0.1131,51,409,51,231993,373617,20013,87943,3.4608266330727333,0.19053427506716353
1037,0.1132,33,372,33,232365,373245,20046,87910,3.457380784764163,0.19063004846526657
1038,0.1133,66,419,66,232784,372826,20112,87844,3.453499573900478,0.19068747693576746
1039,0.1134,69,461,69,233245,372365,20181,87775,3.4492293156471154,0.19075716086408484
1040,0.1135,50,350,50,233595,372015,20231,87725,3.4459872540664716,0.19081437334145387
1041,0.1136,51,352,51,233947,371663,20282,87674,3.4427266664196523,0.19087075502300055
1042,0.1137,31,263,31,234210,371400,20313,87643,3.4402904887176255,0.19092546885585882
1043,0.1138,53,439,53,234649,370961,20366,87590,3.4362240171921896,0.19101473990897413
1044,0.1139,52,350,52,234999,370611,20418,87538,3.4329819556115453,0.19106884441524483
1045,0.114,52,355,52,235354,370256,20470,87486,3.429693578865464,0.1911251316243648
1046,0.1141,61,416,61,235770,369840,20531,87425,3.425840157101041,0.19119110362699965
1047,0.1142,36,328,36,236098,369512,20567,87389,3.4228018822483235,0.19126462844248535
1048,0.1143,48,443,48,236541,369069,20615,87341,3.418698358590537,0.19136521986810104
1049,0.1144,51,327,51,236868,368742,20666,87290,3.4156693467709065,0.19141200617500526
1050,0.1145,42,269,42,237137,368473,20708,87248,3.4131775908703545,0.1914504707924366
1051,0.1146,71,465,71,237602,368008,20779,87177,3.408870280484642,0.19151993145644078
1052,0.1147,52,294,52,237896,367714,20831,87125,3.406146948756901,0.1915512961729315
1053,0.1148,33,269,33,238165,367445,20864,87092,3.4036551928563488,0.191605963870928
1054,0.1149,44,425,44,238590,367020,20908,87048,3.399718403794138,0.19170696900023784
1055,0.115,36,374,36,238964,366646,20944,87012,3.396254029419393,0.1918008720225368
1056,0.1151,39,363,39,239327,366283,20983,86973,3.392891548408611,0.19188493919550983
1057,0.1152,44,343,44,239670,365940,21027,86929,3.3897143280595796,0.19195175646820603
1058,0.1153,46,330,46,240000,365610,21073,86883,3.386657527140687,0.1920096001485106
1059,0.1154,25,268,25,240268,365342,21098,86858,3.3841750342732224,0.19207872622733305
1060,0.1155,51,427,51,240695,364915,21149,86807,3.380219719144837,0.19216907744143522
1061,0.1156,46,443,46,241138,364472,21195,86761,3.37611619548705,0.19227538766003374
1062,0.1157,49,369,49,241507,364103,21244,86712,3.3726981362777426,0.19234497521156127
1063,0.1158,72,546,72,242053,363557,21316,86640,3.367640520211938,0.19244908340126657
1064,0.1159,64,489,64,242542,363068,21380,86576,3.3631108970321244,0.19254343436140592
1065,0.116,54,407,54,242949,362661,21434,86522,3.35934084256549,0.19262082491991014
1066,0.1161,49,312,49,243261,362349,21483,86473,3.356450776242173,0.19266658051521537
1067,0.1162,77,432,77,243693,361917,21560,86396,3.3524491459483494,0.19271357288323113
1068,0.1163,54,394,54,244087,361523,21614,86342,3.348799510911853,0.1927857724984091
1069,0.1164,58,413,58,244500,361110,21672,86284,3.344973878246693,0.1928590906449349
1070,0.1165,53,415,53,244915,360695,21725,86231,3.341129719515358,0.19294245579805158
1071,0.1166,47,326,47,245241,360369,21772,86184,3.3381099707288153,0.19299836749501179
1072,0.1167,53,386,53,245627,359983,21825,86131,3.3345344399570194,0.19306948448154507
1073,0.1168,58,502,58,246129,359481,21883,86073,3.3298843973470675,0.19318197120887703
1074,0.1169,68,435,68,246564,359046,21951,86005,3.3258549779539814,0.19324751545328514
1075,0.117,70,374,70,246938,358672,22021,85935,3.322390603579236,0.19328305672200394
1076,0.1171,45,329,45,247267,358343,22066,85890,3.3193430656934306,0.1933444836380908
1077,0.1172,55,365,55,247632,357978,22121,85835,3.3159620586164733,0.19340352806249478
1078,0.1173,45,289,45,247921,357689,22166,85790,3.3132850420541704,0.19344771680282494
1079,0.1174,26,259,26,248180,357430,22192,85764,3.3108859164844935,0.19351345009183338
1080,0.1175,64,428,64,248608,357002,22256,85700,3.3069213383230207,0.19358394585974312
1081,0.1176,93,571,93,249179,356431,22349,85607,3.301632146430027,0.1936643455992471
1082,0.1177,50,329,50,249508,356102,22399,85557,3.2985846085442216,0.19371732490450777
1083,0.1178,37,324,37,249832,355778,22436,85520,3.2955833858238543,0.19379195011080946
1084,0.1179,48,419,48,250251,355359,22484,85472,3.291702174960169,0.1938883608457663
1085,0.118,40,298,40,250549,355061,22524,85432,3.288941791100078,0.19394632831849767
1086,0.1181,56,468,56,251017,354593,22580,85376,3.2846066916151027,0.1940500353433992
1087,0.1182,72,424,72,251441,354169,22652,85304,3.2806791655859793,0.19410521237937256
1088,0.1183,61,336,61,251777,353833,22713,85243,3.277566786468561,0.194141788665288
1089,0.1184,44,352,44,252129,353481,22757,85199,3.2743061988217423,0.19421674113248838
1090,0.1185,75,472,75,252601,353009,22832,85124,3.2699340472044165,0.19428803582473814
1091,0.1186,67,468,67,253069,352541,22899,85057,3.2655989477194414,0.1943724605688326
1092,0.1187,32,310,32,253379,352231,22931,85025,3.2627274074622994,0.19445130541376218
1093,0.1188,60,390,60,253769,351841,22991,84965,3.259114824558153,0.19451426949263517
1094,0.1189,61,387,61,254156,351454,23052,84904,3.25553003075327,0.1945741799164906
1095,0.119,63,468,63,254624,350986,23115,84841,3.2511949312682944,0.1946666911412097
1096,0.1191,65,462,65,255086,350524,23180,84776,3.2469154099818445,0.19475304387778544
1097,0.1192,56,423,56,255509,350101,23236,84720,3.242997146985809,0.19483879573433666
1098,0.1193,82,579,82,256088,349522,23318,84638,3.2376338508281153,0.1949465634789018
1099,0.1194,61,409,61,256497,349113,23379,84577,3.2338452702953053,0.19501717816873804
1100,0.1195,61,439,61,256936,348674,23440,84516,3.2297787987698694,0.19510145663565642
1101,0.1196,55,423,55,257359,348251,23495,84461,3.2258605357738337,0.19518987224759193
1102,0.1197,40,242,40,257601,348009,23535,84421,3.2236188817666456,0.1952246606387161
1103,0.1198,67,355,67,257956,347654,23602,84354,3.2203305050205637,0.19526027295790818
1104,0.1199,49,382,49,258338,347272,23651,84305,3.216792026381118,0.19534173507856073
1105,0.12,53,263,53,258601,347009,23704,84252,3.2143558486790913,0.19536197337575156
1106,0.1201,75,423,75,259024,346586,23779,84177,3.210437585683056,0.1954137193770124
1107,0.1202,35,286,35,259310,346300,23814,84142,3.2077883582200157,0.19547813642720738
1108,0.1203,48,327,48,259637,345973,23862,84094,3.2047593464003854,0.19553697447141957
1109,0.1204,63,547,63,260184,345426,23925,84031,3.1996924673014933,0.19566801798550262
1110,0.1205,50,432,50,260616,344994,23975,83981,3.1956908370076698,0.19577131534471706
1111,0.1206,53,383,53,260999,344611,24028,83928,3.1921430953351364,0.19584681907597676
1112,0.1207,58,354,58,261353,344257,24086,83870,3.1888639816221422,0.19589981477458793
1113,0.1208,67,464,67,261817,343793,24153,83803,3.1845659342695174,0.1959863983760372
1114,0.1209,66,425,66,262242,343368,24219,83737,3.1806291452073068,0.19605717563596772
1115,0.121,31,283,31,262525,343085,24250,83706,3.1780077068435286,0.19612878434643655
1116,0.1211,52,402,52,262927,342683,24302,83654,3.174283967542332,0.19621566976359078
1117,0.1212,46,345,46,263272,342338,24348,83608,3.171088221127126,0.19628779234926494
1118,0.1213,65,340,65,263612,341998,24413,83543,3.1679387898773577,0.19632185852832043
1119,0.1214,35,259,35,263871,341739,24448,83508,3.1655396643076807,0.19637528307078003
1120,0.1215,55,322,55,264193,341417,24503,83453,3.1625569676534884,0.19642008143667475
1121,0.1216,42,393,42,264586,341024,24545,83411,3.1589165956500795,0.19652243570864797
1122,0.1217,52,283,52,264869,340741,24597,83359,3.156295157286302,0.196555057769394
1123,0.1218,95,583,95,265452,340158,24692,83264,3.1508948089962576,0.1966454270207972
1124,0.1219,40,389,40,265841,339769,24732,83224,3.147291489125199,0.19675030083240147
1125,0.122,42,374,42,266215,339395,24774,83182,3.143827114750454,0.1968445987358517
1126,0.1221,43,393,43,266608,339002,24817,83139,3.140186742747045,0.19694604409427183
1127,0.1222,44,326,44,266934,338676,24861,83095,3.1371669939605025,0.19701449364702647
1128,0.1223,44,377,44,267311,338299,24905,83051,3.1336748304864943,0.1971069182389937
1129,0.1224,36,324,36,267635,337975,24941,83015,3.130673607766127,0.19718995700610467
1130,0.1225,41,289,41,267924,337686,24982,82974,3.1279965912038237,0.19724718299814578
1131,0.1226,51,327,51,268251,337359,25033,82923,3.1249675793841933,0.19730323925364399
1132,0.1227,75,558,75,268809,336801,25108,82848,3.1197988069213385,0.19742213135263043
1133,0.1228,63,321,63,269130,336480,25171,82785,3.1168253733002333,0.19745268505599084
1134,0.1229,78,512,78,269642,335968,25249,82707,3.1120827003594056,0.19754463485997492
1135,0.123,47,319,47,269961,335649,25296,82660,3.109127792804476,0.19760511966034677
1136,0.1231,42,363,42,270324,335286,25338,82618,3.105765311793694,0.19769612159730465
1137,0.1232,55,417,55,270741,334869,25393,82563,3.101902626996184,0.19778790317944
1138,0.1233,78,516,78,271257,334353,25471,82485,3.0971229019230058,0.19788263066227169
1139,0.1234,54,331,54,271588,334022,25525,82431,3.094056837971025,0.19793590153030474
1140,0.1235,54,430,54,272018,333592,25579,82377,3.090073733743377,0.19803639213499083
1141,0.1236,30,224,30,272242,333368,25609,82347,3.087998814331765,0.19808522665768616
1142,0.1237,49,303,49,272545,333065,25658,82298,3.085192115306236,0.1981351251796621
1143,0.1238,45,240,45,272785,332825,25703,82253,3.082968987365223,0.1981627549520813
1144,0.1239,71,352,71,273137,332473,25774,82182,3.079708399718404,0.19819367908261085
1145,0.124,109,764,109,273901,331709,25883,82073,3.0726314424395125,0.19834840568221915
1146,0.1241,60,408,60,274309,331301,25943,82013,3.06885212493979,0.19842782968880804
1147,0.1242,75,444,75,274753,330857,26018,81938,3.0647393382489163,0.19849562131324264
1148,0.1243,54,381,54,275134,330476,26072,81884,3.061210122642558,0.1985740614996605
1149,0.1244,43,346,43,275480,330130,26115,81841,3.0580051131942643,0.19865718703500976
1150,0.1245,45,284,45,275764,329846,26160,81796,3.055374411797399,0.1987066431510876
1151,0.1246,71,360,71,276124,329486,26231,81725,3.0520397198858795,0.19874225154482736
1152,0.1247,49,330,49,276454,329156,26280,81676,3.0489829189669866,0.19880632472640886
1153,0.1248,75,443,75,276897,328713,26355,81601,3.0448793953092,0.19887452048918633
1154,0.1249,81,558,81,277455,328155,26436,81520,3.0397106228463446,0.19898700189174345
1155,0.125,55,355,55,277810,327800,26491,81465,3.0364222461002632,0.19905195899967015
1156,0.1251,85,520,85,278330,327280,26576,81380,3.031605468894735,0.19913864826506142
1157,0.1252,52,322,52,278652,326958,26628,81328,3.0286227722405425,0.19919370245367218
1158,0.1253,63,475,63,279127,326483,26691,81265,3.024222831523954,0.19930201987502086
1159,0.1254,55,332,55,279459,326151,26746,81210,3.0211475045388863,0.19935634486364673
1160,0.1255,38,294,38,279753,325857,26784,81172,3.0184241728111454,0.199425593753762
1161,0.1256,53,384,53,280137,325473,26837,81119,3.0148671681055244,0.1995095820872029
1162,0.1257,60,400,60,280537,325073,26897,81059,3.0111619548705026,0.19958781873873518
1163,0.1258,65,457,65,280994,324616,26962,80994,3.0069287487494907,0.1996844259263825
1164,0.1259,67,557,67,281551,324059,27029,80927,3.001769239319723,0.19982666067469
1165,0.126,62,464,62,282015,323595,27091,80865,2.9974711919670978,0.1999332443257677
1166,0.1261,53,398,53,282413,323197,27144,80812,2.993784504798251,0.20002524696232016
1167,0.1262,68,467,68,282880,322730,27212,80744,2.9894586683463635,0.20012194094291083
1168,0.1263,49,357,49,283237,322373,27261,80695,2.9861517655341063,0.20020195103555727
1169,0.1264,51,362,51,283599,322011,27312,80644,2.982798547556412,0.20028063727011958
1170,0.1265,50,366,50,283965,321645,27362,80594,2.979408277446367,0.20036346550185338
1171,0.1266,49,334,49,284299,321311,27411,80545,2.976314424395124,0.20043249323140627
1172,0.1267,40,266,40,284565,321045,27451,80505,2.9738504575938345,0.20048561822936123
1173,0.1268,42,288,42,284853,320757,27493,80463,2.971182704064619,0.20054583520263197
1174,0.1269,43,380,43,285233,320377,27536,80420,2.9676627514913485,0.20065020446759832
1175,0.127,66,430,66,285663,319947,27602,80354,2.9636796472637,0.20073394770435246
1176,0.1271,55,377,55,286040,319570,27657,80299,2.960187483789692,0.2008132663447279
1177,0.1272,47,403,47,286443,319167,27704,80252,2.956454481455408,0.20092183897110552
1178,0.1273,30,198,30,286641,318969,27734,80222,2.954620400904072,0.20096144452154482
1179,0.1274,26,235,26,286876,318734,27760,80196,2.9524435881284967,0.2010277492291881
1180,0.1275,56,342,56,287218,318392,27816,80140,2.9492756308125534,0.20108799293406804
1181,0.1276,55,321,55,287539,318071,27871,80085,2.9463021971914483,0.20113975426717165
1182,0.1277,54,312,54,287851,317759,27925,80031,2.9434121308681314,0.201189069609593
1183,0.1278,62,353,62,288204,317406,27987,79969,2.940142280188225,0.2012431582258572
1184,0.1279,45,362,45,288566,317044,28032,79924,2.93678906221053,0.20133612784909616
1185,0.128,64,358,64,288924,316686,28096,79860,2.9334728963651857,0.20138899396286938
1186,0.1281,29,262,29,289186,316424,28125,79831,2.9310459816962466,0.20146370392802615
1187,0.1282,32,304,32,289490,316120,28157,79799,2.9282300196376303,0.2015538531871418
1188,0.1283,48,290,48,289780,315830,28205,79751,2.9255437400422393,0.20160472823517814
1189,0.1284,42,264,42,290044,315566,28247,79709,2.9230982993071253,0.20165454430459806
1190,0.1285,57,420,57,290464,315146,28304,79652,2.919207825410352,0.20175380827663766
1191,0.1286,60,367,60,290831,314779,28364,79592,2.91580829226722,0.20182011354790286
1192,0.1287,72,518,72,291349,314261,28436,79520,2.911010041127867,0.20193965681432066
1193,0.1288,37,341,37,291690,313920,28473,79483,2.907851346845011,0.20203963874195163
1194,0.1289,73,376,73,292066,313544,28546,79410,2.9043684464040904,0.2020847223848084
1195,0.129,49,339,49,292405,313205,28595,79361,2.9012282781874097,0.2021596368508735
1196,0.1291,62,393,62,292798,312812,28657,79299,2.897587906184001,0.20223610151207183
1197,0.1292,78,449,78,293247,312363,28735,79221,2.893428804327689,0.20230908310860504
1198,0.1293,70,578,70,293825,311785,28805,79151,2.8880747712030828,0.20246536517486238
1199,0.1294,56,468,56,294293,311317,28861,79095,2.883739671718107,0.2025936702765284
1200,0.1295,63,359,63,294652,310958,28924,79032,2.8804142428396755,0.20265135003461626
1201,0.1296,37,321,37,294973,310637,28961,78995,2.8774408092185704,0.20274258787779237
1202,0.1297,59,397,59,295370,310240,29020,78936,2.8737633850828117,0.2028285403005324
1203,0.1298,42,313,42,295683,309927,29062,78894,2.870864055726407,0.20290570725346624
1204,0.1299,48,319,48,296002,309608,29110,78846,2.8679091481714774,0.20297383988837803
1205,0.13,79,439,79,296441,309169,29189,78767,2.863842676646041,0.20304122329456406
1206,0.1301,83,611,83,297052,308558,29272,78684,2.8581829634295453,0.20319076959627314
1207,0.1302,55,326,55,297378,308232,29327,78629,2.8551632146430026,0.2032487120697098
1208,0.1303,63,388,63,297766,307844,29390,78566,2.8515691578050317,0.20332289537020262
1209,0.1304,44,408,44,298174,307436,29434,78522,2.8477898403053095,0.20344700718731054
1210,0.1305,42,325,42,298499,307111,29476,78480,2.8447793545518545,0.20353172143540696
1211,0.1306,56,407,56,298906,306704,29532,78424,2.84100930008522,0.20363100060239714
1212,0.1307,44,369,44,299275,306335,29576,78380,2.8375912408759123,0.20373523257476314
1213,0.1308,70,395,70,299670,305940,29646,78310,2.8339323428063286,0.2037996096291477
1214,0.1309,51,321,51,299991,305619,29697,78259,2.8309589091852234,0.2038642485372957
1215,0.131,82,456,82,300447,305163,29779,78177,2.8267349660972987,0.20393645327907342
1216,0.1311,27,221,27,300668,304942,29806,78150,2.8246878357849496,0.2039979952596243
1217,0.1312,55,418,55,301086,304524,29861,78095,2.820815887954352,0.20410643486078842
1218,0.1313,26,213,26,301299,304311,29887,78069,2.8188428619067025,0.20416601286678174
1219,0.1314,33,233,33,301532,304078,29920,78036,2.8166845751973026,0.20422177674725345
1220,0.1315,56,371,56,301903,303707,29976,77980,2.81324798992182,0.20430352618768782
1221,0.1316,51,290,51,302193,303417,30027,77929,2.810561710326429,0.20435247780231075
1222,0.1317,68,415,68,302608,303002,30095,77861,2.8067175515950944,0.20443309011376795
1223,0.1318,57,380,57,302988,302622,30152,77804,2.8031975990218236,0.2045180928748298
1224,0.1319,38,254,38,303242,302368,30190,77766,2.800844788617585,0.20457522873513023
1225,0.132,66,403,66,303645,301965,30256,77700,2.797111786283301,0.2046541029591877
1226,0.1321,53,433,53,304078,301532,30309,77647,2.7931008929563896,0.20477663583690026
1227,0.1322,63,426,63,304504,301106,30372,77584,2.7891548408610918,0.20487469962238242
1228,0.1323,76,456,76,304960,300650,30448,77508,2.784930897773167,0.20496194712263127
1229,0.1324,66,373,66,305333,300277,30514,77442,2.781475786431509,0.20502542895644646
1230,0.1325,64,385,64,305718,299892,30578,77378,2.777909518692801,0.20509979590213906
1231,0.1326,59,339,59,306057,299553,30637,77319,2.7747693504761197,0.20515984206839458
1232,0.1327,47,331,47,306388,299222,30684,77272,2.7717032865241396,0.20524098657614728
1233,0.1328,83,520,83,306908,298702,30767,77189,2.7668865093186112,0.20534942310403814
1234,0.1329,38,240,38,307148,298462,30805,77151,2.7646633813775985,0.20540023907585733
1235,0.133,57,426,57,307574,298036,30862,77094,2.7607173292823,0.20551275557806628
1236,0.1331,60,323,60,307897,297713,30922,77034,2.75772536959502,0.20556268629235191
1237,0.1332,45,258,45,308155,297455,30967,76989,2.7553355070584313,0.20560884938735832
1238,0.1333,81,450,81,308605,297005,31048,76908,2.751167142169032,0.20568420996328024
1239,0.1334,67,333,67,308938,296672,31115,76841,2.7480825521508763,0.2057251019375497
1240,0.1335,58,413,58,309351,296259,31173,76783,2.7442569194857165,0.20582937041941657
1241,0.1336,72,461,72,309812,295798,31245,76711,2.739986661232354,0.20593059496549077
1242,0.1337,66,456,66,310268,295342,31311,76645,2.735762718144429,0.20604214663415657
1243,0.1338,50,386,50,310654,294956,31361,76595,2.732187187372633,0.20614935769248366
1244,0.1339,78,494,78,311148,294462,31439,76517,2.7276112490273814,0.20625695794101553
1245,0.134,45,364,45,311512,294098,31484,76472,2.7242395049835118,0.20636317025123457
1246,0.1341,81,490,81,312002,293608,31565,76391,2.7197006187706103,0.20646272016951397
1247,0.1342,62,341,62,312343,293267,31627,76329,2.7165419244877542,0.20652009220879014
1248,0.1343,45,338,45,312681,292929,31672,76284,2.713411019304161,0.20661244322383016
1249,0.1344,71,445,71,313126,292484,31743,76213,2.709288969580199,0.20670903207783084
1250,0.1345,88,390,88,313516,292094,31831,76125,2.7056763866760534,0.2067383812350802
1251,0.1346,67,491,67,314007,291603,31898,76058,2.7011282374300642,0.2068699154928045
1252,0.1347,67,395,67,314402,291208,31965,75991,2.69746933936048,0.20694773133913763
1253,0.1348,62,369,62,314771,290839,32027,75929,2.694051280151173,0.20702187759019325
1254,0.1349,50,303,50,315074,290536,32077,75879,2.691244581125644,0.20708486279218918
1255,0.135,76,439,76,315513,290097,32153,75803,2.6871781096002074,0.20716862530746105
1256,0.1351,46,279,46,315792,289818,32199,75757,2.68459372336878,0.20722697120973807
1257,0.1352,42,282,42,316074,289536,32241,75715,2.6819815480380895,0.2072958048027247
1258,0.1353,38,274,38,316348,289262,32279,75677,2.6794434769720996,0.2073689027481305
1259,0.1354,74,393,74,316741,288869,32353,75603,2.675803104968691,0.20743157224697645
1260,0.1355,60,403,60,317144,288466,32413,75543,2.6720701026344065,0.20753058303503485
1261,0.1356,50,249,50,317393,288217,32463,75493,2.6697636073956055,0.20756371834703471
1262,0.1357,51,304,51,317697,287913,32514,75442,2.666947645336989,0.20762615073413054
1263,0.1358,59,409,59,318106,287504,32573,75383,2.6631590648041796,0.2077313323431261
1264,0.1359,41,291,41,318397,287213,32614,75342,2.6604635221757014,0.20780847043896788
1265,0.136,49,368,49,318765,286845,32663,75293,2.6570547259994814,0.20791245326367297
1266,0.1361,42,384,42,319149,286461,32705,75251,2.6534977212938604,0.20804120405184234
1267,0.1362,46,378,46,319527,286083,32751,75205,2.649996294786765,0.2081580345873652
1268,0.1363,55,242,55,319769,285841,32806,75150,2.647754640779577,0.20817693515904828
1269,0.1364,53,385,53,320154,285456,32859,75097,2.6441883730408686,0.20828283220497404
1270,0.1365,51,345,51,320499,285111,32910,75046,2.6409926266256623,0.2083702385348612
1271,0.1366,43,285,43,320784,284826,32953,75003,2.638352662195709,0.20844067598776087
1272,0.1367,82,395,82,321179,284431,33035,74921,2.6346937641261254,0.20848916939379772
1273,0.1368,37,320,37,321499,284111,33072,74884,2.631729593538108,0.20859343444894776
1274,0.1369,55,353,55,321852,283758,33127,74829,2.6284597428582015,0.20867739209731528
1275,0.137,45,355,45,322207,283403,33172,74784,2.6251713661121197,0.20878479676816858
1276,0.1371,48,267,48,322474,283136,33220,74736,2.6226981362777426,0.20883444359994635
1277,0.1372,87,461,87,322935,282675,33307,74649,2.6184278780243804,0.20891124021896093
1278,0.1373,54,361,54,323296,282314,33361,74595,2.6150839230797733,0.2090028550694995
1279,0.1374,91,584,91,323880,281730,33452,74504,2.6096743117566414,0.20914342819607337
1280,0.1375,69,370,69,324250,281360,33521,74435,2.6062469895142466,0.20920754929102434
1281,0.1376,46,262,46,324512,281098,33567,74389,2.6038200748453075,0.20925941033005427
1282,0.1377,41,335,41,324847,280763,33608,74348,2.6007169587609766,0.2093655223296378
1283,0.1378,75,478,75,325325,280285,33683,74273,2.5962892289451256,0.20948053632974012
1284,0.1379,58,391,58,325716,279894,33741,74215,2.592667383007892,0.20958236023371335
1285,0.138,64,383,64,326099,279511,33805,74151,2.5891196413353588,0.2096662915439035
1286,0.1381,49,333,49,326432,279178,33854,74102,2.5860350513172032,0.2097543025362319
1287,0.1382,32,225,32,326657,278953,33886,74070,2.5839508688725035,0.20981635757443565
1288,0.1383,49,248,49,326905,278705,33935,74021,2.58165363666679,0.20985410772100724
1289,0.1384,47,356,47,327261,278349,33982,73974,2.578355996887621,0.20996074624705172
1290,0.1385,47,309,47,327570,278040,34029,73927,2.5754937196635668,0.21003957757403394
1291,0.1386,63,383,63,327953,277657,34092,73864,2.5719459779910334,0.21012684875156817
1292,0.1387,50,347,50,328300,277310,34142,73814,2.568731705509652,0.21022202982422164
1293,0.1388,54,296,54,328596,277014,34196,73760,2.565989847715736,0.21027784271354205
1294,0.1389,55,305,55,328901,276709,34251,73705,2.563164622624032,0.21033691576249808
1295,0.139,49,300,49,329201,276409,34300,73656,2.560385712697766,0.21040663876708612
1296,0.1391,41,250,41,329451,276159,34341,73615,2.558069954425877,0.21046447134435378
1297,0.1392,68,408,68,329859,275751,34409,73547,2.554290636926155,0.21055660209906726
1298,0.1393,54,360,54,330219,275391,34463,73493,2.5509559450146355,0.21065167792160144
1299,0.1394,50,285,50,330504,275106,34513,73443,2.5483159805846824,0.2107106891713934
1300,0.1395,48,269,48,330773,274837,34561,73395,2.5458242246841305,0.21076466263870064
1301,0.1396,53,293,53,331066,274544,34614,73342,2.5431101559894773,0.21082193592153753
1302,0.1397,57,318,57,331384,274226,34671,73285,2.540164511467635,0.21088541082152795
1303,0.1398,75,373,75,331757,273853,34746,73210,2.5367094001259773,0.2109415293476977
1304,0.1399,62,472,62,332229,273381,34808,73148,2.5323372485086515,0.2110876723160255
1305,0.14,68,376,68,332605,273005,34876,73080,2.5288543480677315,0.21116199777511305
1306,0.1401,45,238,45,332843,272767,34921,73035,2.5266497461928936,0.21120467782141225
1307,0.1402,40,288,40,333131,272479,34961,72995,2.523981992663678,0.21128941685915584
1308,0.1403,77,444,77,333575,272035,35038,72918,2.5198692059728036,0.21138531915942171
1309,0.1404,53,376,53,333951,271659,35091,72865,2.516386305531883,0.21149469993382175
1310,0.1405,53,327,53,334278,271332,35144,72812,2.5133572937122532,0.21157422474313078
1311,0.1406,44,298,44,334576,271034,35188,72768,2.510596909852162,0.21165670938505302
1312,0.1407,47,323,47,334899,270711,35235,72721,2.507604950164882,0.2117478860443989
1313,0.1408,59,348,59,335247,270363,35294,72662,2.504381414650413,0.2118271263027476
1314,0.1409,55,378,55,335625,269985,35349,72607,2.5008799881433177,0.2119343125350271
1315,0.141,65,377,65,336002,269608,35414,72542,2.4973878246693095,0.21201812070729212
1316,0.1411,56,315,56,336317,269293,35470,72486,2.49446996924673,0.21208441712334578
1317,0.1412,56,349,56,336666,268944,35526,72430,2.491237170699174,0.212171987321823
1318,0.1413,23,156,23,336822,268788,35549,72407,2.489792137537515,0.21221588827503335
1319,0.1414,53,356,53,337178,268432,35602,72354,2.486494497758346,0.21231505989095797
1320,0.1415,39,272,39,337450,268160,35641,72315,2.483974952758531,0.2123944489316396
1321,0.1416,48,318,48,337768,267842,35689,72267,2.481029308236689,0.21248188080879954
1322,0.1417,31,226,31,337994,267616,35720,72236,2.478935862758902,0.2125513458799713
1323,0.1418,73,393,73,338387,267223,35793,72163,2.475295490755493,0.21262809897874396
1324,0.1419,73,412,73,338799,266811,35866,72090,2.4714791211234206,0.21271698814698098
1325,0.142,39,285,39,339084,266526,35905,72051,2.4688391566934675,0.21280535889915736
1326,0.1421,44,281,44,339365,266245,35949,72007,2.466236244395865,0.21287974646121827
1327,0.1422,71,355,71,339720,265890,36020,71936,2.4629478676497834,0.21293802134826803
1328,0.1423,34,236,34,339956,265654,36054,71902,2.4607617918411204,0.21300761947647207
1329,0.1424,55,414,55,340370,265240,36109,71847,2.456926896142873,0.21314082121232797
1330,0.1425,77,532,77,340902,264708,36186,71770,2.4519989625402943,0.21329774903559817
1331,0.1426,67,405,67,341307,264303,36253,71703,2.4482474341398346,0.21339797503616006
1332,0.1427,38,278,38,341585,264025,36291,71665,2.445672310941495,0.21348565640918704
1333,0.1428,63,464,63,342049,263561,36354,71602,2.4413742635888696,0.21363336645154746
1334,0.1429,77,546,77,342595,263015,36431,71525,2.436316647523065,0.21380104023435165
1335,0.143,58,343,58,342938,262672,36489,71467,2.433139427174034,0.21388404226983382
1336,0.1431,73,339,73,343277,262333,36562,71394,2.429999258957353,0.21392934943831335
1337,0.1432,36,255,36,343532,262078,36598,71358,2.4276371855200267,0.21400808550966302
1338,0.1433,41,241,41,343773,261837,36639,71317,2.4254047945459263,0.21406616759816782
1339,0.1434,48,331,48,344104,261506,36687,71269,2.4223387305939457,0.2141657275937195
1340,0.1435,28,318,28,344422,261188,36715,71241,2.4193930860721036,0.21430440785852017
1341,0.1436,47,284,47,344706,260904,36762,71194,2.416762384675238,0.21437647923203393
1342,0.1437,70,369,70,345075,260535,36832,71124,2.4133443254659306,0.21444917822221016
1343,0.1438,52,284,52,345359,260251,36884,71072,2.410713624069065,0.214509708049245
1344,0.1439,59,344,59,345703,259907,36943,71013,2.4075271406869465,0.21459265079173215
1345,0.144,58,321,58,346024,259586,37001,70955,2.404553707065842,0.214663233910468
1346,0.1441,31,239,31,346263,259347,37032,70924,2.4023398421579163,0.2147448610383594
1347,0.1442,48,272,48,346535,259075,37080,70876,2.3998202971581013,0.21480765325760492
1348,0.1443,42,240,42,346775,258835,37122,70834,2.3975971692170885,0.21486399995146646
1349,0.1444,69,285,69,347060,258550,37191,70765,2.3949572047871355,0.21488544402775459
1350,0.1445,47,305,47,347365,258245,37238,70718,2.3921319796954315,0.21497250450658584
1351,0.1446,37,290,37,347655,257955,37275,70681,2.389445700100041,0.2150738202753198
1352,0.1447,43,297,43,347952,257658,37318,70638,2.386694579273037,0.21516558227940638
1353,0.1448,33,245,33,348197,257413,37351,70605,2.3844251361665862,0.21524733398776896
1354,0.1449,35,314,35,348511,257099,37386,70570,2.3815165437770944,0.21536977864857523
1355,0.145,43,269,43,348780,256830,37429,70527,2.3790247878765425,0.21544368991651316
1356,0.1451,87,539,87,349319,256291,37516,70440,2.3740320130423505,0.21559019499221072
1357,0.1452,50,344,50,349663,255947,37566,70390,2.3708455296602318,0.21569727000003064
1358,0.1453,54,244,54,349907,255703,37620,70336,2.3685853495868687,0.21572879318118385
1359,0.1454,66,396,66,350303,255307,37686,70270,2.3649171884841973,0.21583219944897827
1360,0.1455,51,281,51,350584,255026,37737,70219,2.3623142761865945,0.21589570938830727
1361,0.1456,54,282,54,350866,254744,37791,70165,2.359702100855904,0.21595277446915906
1362,0.1457,45,300,45,351166,254444,37836,70120,2.356923190929638,0.21604367705598895
1363,0.1458,52,299,52,351465,254145,37888,70068,2.354153544036459,0.21611718222279797
1364,0.1459,61,257,61,351722,253888,37949,70007,2.351772944532958,0.2161410333595764
1365,0.146,54,279,54,352001,253609,38003,69953,2.34918855830153,0.21619658674380798
1366,0.1461,49,296,49,352297,253313,38052,69904,2.3464467005076144,0.21627575282240724
1367,0.1462,49,245,49,352542,253068,38101,69855,2.3441772574011632,0.21632091860908018
1368,0.1463,46,273,46,352815,252795,38147,69809,2.341648449368261,0.21639223320231615
1369,0.1464,61,412,61,353227,252383,38208,69748,2.337832079736189,0.2165206080755966
1370,0.1465,78,478,78,353705,251905,38286,69670,2.333404349920338,0.2166524139003343
1371,0.1466,53,284,53,353989,251621,38339,69617,2.3307736485234725,0.21671470996581974
1372,0.1467,51,272,51,354261,251349,38390,69566,2.328254103523658,0.21677391209510308
1373,0.1468,57,284,57,354545,251065,38447,69509,2.3256234021267925,0.21682669212100794
1374,0.1469,45,299,45,354844,250766,38492,69464,2.3228537552336137,0.21691908940449053
1375,0.147,32,217,32,355061,250549,38524,69432,2.3208436770536145,0.21698788365559205
1376,0.1471,50,252,50,355313,250297,38574,69382,2.318509392715551,0.21703646470365587
1377,0.1472,40,178,40,355491,250119,38614,69342,2.316860572825966,0.21705935935841933
1378,0.1473,49,349,49,355840,249770,38663,69293,2.3136277742784097,0.21717654507103612
1379,0.1474,61,286,61,356126,249484,38724,69232,2.3109785468153694,0.21722160167672788
1380,0.1475,79,438,79,356564,249046,38803,69153,2.3069213383230207,0.2173262643817234
1381,0.1476,81,364,81,356928,248682,38884,69072,2.3035495942791506,0.2173757057346249
1382,0.1477,50,284,50,357212,248398,38934,69022,2.3009188928822852,0.2174469157583013
1383,0.1478,30,221,30,357433,248177,38964,68992,2.2988717625699358,0.21752441127600744
1384,0.1479,67,313,67,357746,247864,39031,68925,2.2959724332135316,0.21757384252609782
1385,0.148,69,366,69,358112,247498,39100,68856,2.2925821631034866,0.21765490558045733
1386,0.1481,65,310,65,358422,247188,39165,68791,2.2897106228463446,0.21770750587855522
1387,0.1482,71,295,71,358717,246893,39236,68720,2.2869780280855165,0.21773501091526648
1388,0.1483,32,172,32,358889,246721,39268,68688,2.285384786394457,0.2177743818343801
1389,0.1484,53,348,53,359237,246373,39321,68635,2.2821612508799882,0.21788335534335637
1390,0.1485,47,300,47,359537,246073,39368,68588,2.2793823409537217,0.21797426436704898
1391,0.1486,54,243,54,359780,245830,39422,68534,2.2771314239134464,0.21800842335636397
1392,0.1487,57,339,57,360119,245491,39479,68477,2.273991255696765,0.2181018447739897
1393,0.1488,50,333,50,360452,245158,39529,68427,2.2709066656786097,0.2182087791188992
1394,0.1489,31,207,31,360659,244951,39560,68396,2.268989217829486,0.21827558585210646
1395,0.149,69,415,69,361074,244536,39629,68327,2.2651450590981512,0.21839271502223018
1396,0.1491,30,209,30,361283,244327,39659,68297,2.263209085182852,0.21846371359844413
1397,0.1492,33,139,33,361422,244188,39692,68264,2.2619215235836823,0.21847835827583117
1398,0.1493,68,350,68,361772,243838,39760,68196,2.2586794620030384,0.21855310639225212
1399,0.1494,28,196,28,361968,243642,39788,68168,2.256863907517878,0.2186203136525448
1400,0.1495,94,421,94,362389,243221,39882,68074,2.2529641705880175,0.21868003019643747
1401,0.1496,53,307,53,362696,242914,39935,68021,2.250120419430138,0.21876276392171998
1402,0.1497,69,440,69,363136,242474,40004,67952,2.2460446848716145,0.21889919014515535
1403,0.1498,41,219,41,363355,242255,40045,67911,2.24401608062544,0.21895049747554535
1404,0.1499,55,388,55,363743,241867,40100,67856,2.240422023787469,0.2190860865999619
1405,0.15,60,301,60,364044,241566,40160,67796,2.2376338508281153,0.21914779449318275
1406,0.1501,45,254,45,364298,241312,40205,67751,2.2352810404238763,0.21921420551796883
1407,0.1502,61,327,61,364625,240985,40266,67690,2.232252028604246,0.21929213574147566
1408,0.1503,30,230,30,364855,240755,40296,67660,2.2301215309941087,0.21937973185480603
1409,0.1504,67,323,67,365178,240432,40363,67593,2.2271295713068286,0.2194399805210616
1410,0.1505,59,291,59,365469,240141,40422,67534,2.2244340286783504,0.2194978467538799
1411,0.1506,67,332,67,365801,239809,40489,67467,2.2213587016932825,0.2195648212030878
1412,0.1507,79,456,79,366257,239353,40568,67388,2.217134758605358,0.21969022726013152
1413,0.1508,43,199,43,366456,239154,40611,67345,2.2152914150209346,0.21972339224597798
1414,0.1509,88,399,88,366855,238755,40699,67257,2.211595464819,0.21978549860789773
1415,0.151,41,279,41,367134,238476,40740,67216,2.2090110785875727,0.21988144930191172
1416,0.1511,63,385,63,367519,238091,40803,67153,2.2054448108488645,0.2199977722739841
1417,0.1512,57,335,57,367854,237756,40860,67096,2.2023416947645336,0.2200936848044297
1418,0.1513,66,321,66,368175,237435,40926,67030,2.199368261143429,0.22015666825415073
1419,0.1514,45,290,45,368465,237145,40971,66985,2.1966819815480383,0.220251208364844
1420,0.1515,60,272,60,368737,236873,41031,66925,2.1941624365482233,0.2202944061514559
1421,0.1516,57,316,57,369053,236557,41088,66868,2.191235318092556,0.22037735849056603
1422,0.1517,57,340,57,369393,236217,41145,66811,2.1880858868427877,0.22047797563261481
1423,0.1518,59,404,59,369797,235813,41204,66752,2.1843436214754157,0.2206203625667212
1424,0.1519,27,184,27,369981,235629,41231,66725,2.182639223387306,0.2206850248384344
1425,0.152,72,352,72,370333,235277,41303,66653,2.1793786357404867,0.22075646673069918
1426,0.1521,61,346,61,370679,234931,41364,66592,2.176173626292193,0.2208521406327212
1427,0.1522,50,307,50,370986,234624,41414,66542,2.173329875134314,0.2209479157673841
1428,0.1523,44,259,44,371245,234365,41458,66498,2.1709307495646373,0.2210241870884755
1429,0.1524,37,216,37,371461,234149,41495,66461,2.1689299344177257,0.22108712285020457
1430,0.1525,40,203,40,371664,233946,41535,66421,2.1670495387009523,0.22113281419064013
1431,0.1526,54,269,54,371933,233677,41589,66367,2.1645577828004003,0.2211908920025063
1432,0.1527,51,344,51,372277,233333,41640,66316,2.1613712994182817,0.22131226868769793
1433,0.1528,40,256,40,372533,233077,41680,66276,2.158999962947868,0.22139748056642158
1434,0.1529,50,236,50,372769,232841,41730,66226,2.156813887139205,0.22144201800934238
1435,0.153,62,371,62,373140,232470,41792,66164,2.1533773018637223,0.22155548263091276
1436,0.1531,53,304,53,373444,232166,41845,66111,2.150561339805106,0.2216429694545674
1437,0.1532,34,262,34,373706,231904,41879,66077,2.1481344251361665,0.22174903769032253
1438,0.1533,49,224,49,373930,231680,41928,66028,2.1460595057245544,0.2217877920647077
1439,0.1534,47,285,47,374215,231395,41975,65981,2.1434195412946013,0.22187735392230712
1440,0.1535,81,448,81,374663,230947,42056,65900,2.139269702471377,0.22199988546288155
1441,0.1536,36,275,36,374938,230672,42092,65864,2.1367223683723,0.22211131194863357
1442,0.1537,41,239,41,375177,230433,42133,65823,2.1345085034643745,0.22218284186649384
1443,0.1538,22,189,22,375366,230244,42155,65801,2.132757790210827,0.22226688510192708
1444,0.1539,40,186,40,375552,230058,42195,65761,2.1310348660565417,0.2223014748883608
1445,0.154,73,285,73,375837,229773,42268,65688,2.1283949016265886,0.2223237584655843
1446,0.1541,64,303,64,376140,229470,42332,65624,2.1255882026010595,0.22238337614455056
1447,0.1542,63,327,63,376467,229143,42395,65561,2.1225591907814296,0.2224638959769803
1448,0.1543,62,285,62,376752,228858,42457,65499,2.1199192263514766,0.22251551687236926
1449,0.1544,67,357,67,377109,228501,42524,65432,2.11661232353922,0.22260855364998147
1450,0.1545,62,324,62,377433,228177,42586,65370,2.113611100818852,0.22269006326073848
1451,0.1546,50,220,50,377653,227957,42636,65320,2.1115732335395903,0.22272459142721726
1452,0.1547,57,281,57,377934,227676,42693,65263,2.1089703212419875,0.22278699661021578
1453,0.1548,45,271,45,378205,227405,42738,65218,2.10646003927526,0.22287380007723248
1454,0.1549,86,443,86,378648,226962,42824,65132,2.102356515617474,0.22298301231795245
1455,0.155,22,112,22,378760,226850,42846,65110,2.101319055911668,0.2230100013700507
1456,0.1551,41,297,41,379057,226553,42887,65069,2.098567935084664,0.2231278847274897
1457,0.1552,50,327,50,379384,226226,42937,65019,2.095538923265034,0.223245034249515
1458,0.1553,40,266,40,379650,225960,42977,64979,2.0930749564637443,0.22334235011462883
1459,0.1554,33,216,33,379866,225744,43010,64946,2.091074141316833,0.2234201382916509
1460,0.1555,52,268,52,380134,225476,43062,64894,2.088591648449368,0.22348727485621792
1461,0.1556,53,254,53,380388,225222,43115,64841,2.0862388380451296,0.223541092797082
1462,0.1557,67,295,67,380683,224927,43182,64774,2.083506243284301,0.22358914881205105
1463,0.1558,70,333,70,381016,224594,43252,64704,2.0804216532661455,0.22365864955858664
1464,0.1559,28,151,28,381167,224443,43280,64676,2.0790229352699248,0.22370027566503758
1465,0.156,26,162,26,381329,224281,43306,64650,2.077522323909741,0.22375584482108185
1466,0.1561,68,348,68,381677,223933,43374,64582,2.074298788395272,0.22384278113789577
1467,0.1562,60,344,60,382021,223589,43434,64522,2.0711123050131537,0.22394840877300762
1468,0.1563,41,289,41,382310,223300,43475,64481,2.0684352884508503,0.22406274215462452
1469,0.1564,77,355,77,382665,222945,43552,64404,2.0651469117047685,0.22413163087395466
1470,0.1565,54,272,54,382937,222673,43606,64350,2.062627366704954,0.22419806078258536
1471,0.1566,59,361,59,383298,222312,43665,64291,2.059283411760347,0.22432075030617266
1472,0.1567,33,257,33,383555,222055,43698,64258,2.0569028122568453,0.22443270127447934
1473,0.1568,42,235,42,383790,221820,43740,64216,2.05472599948127,0.2245032093862311
1474,0.1569,39,243,39,384033,221577,43779,64177,2.0524750824409943,0.2245882822287702
1475,0.157,59,326,59,384359,221251,43838,64118,2.0494553336544516,0.2246845312560229
1476,0.1571,53,242,53,384601,221009,43891,64065,2.0472136796472635,0.22473112244540014
1477,0.1572,55,308,55,384909,220701,43946,64010,2.044360665456297,0.22482447113037432
1478,0.1573,50,232,50,385141,220469,43996,63960,2.0422116417799843,0.22487158482433225
1479,0.1574,46,206,46,385347,220263,44042,63914,2.040303456963948,0.22490912353920267
1480,0.1575,35,239,35,385586,220024,44077,63879,2.0380895920560227,0.2250029059220931
1481,0.1576,55,388,55,385974,219636,44132,63824,2.034495535218052,0.22516051647498767
1482,0.1577,64,263,64,386237,219373,44196,63760,2.032059357516025,0.2251945198899457
1483,0.1578,51,269,51,386506,219104,44247,63709,2.029567601615473,0.22526899399956862
1484,0.1579,58,311,58,386817,218793,44305,63651,2.0266867983252435,0.2253579470620725
1485,0.158,51,309,51,387126,218484,44356,63600,2.023824521101189,0.22546475517930828
1486,0.1581,18,202,18,387328,218282,44374,63582,2.0219533884175034,0.22557687395339596
1487,0.1582,45,250,45,387578,218032,44419,63537,2.0196376301456147,0.22565339224133338
1488,0.1583,23,205,23,387783,217827,44442,63514,2.0177387083626663,0.22575451142919092
1489,0.1584,38,189,38,387972,217638,44480,63476,2.0159879951091186,0.22580163207808931
1490,0.1585,54,219,54,388191,217419,44534,63422,2.013959390862944,0.2258288497762079
1491,0.1586,38,230,38,388421,217189,44572,63384,2.011828893252807,0.2259091216902553
1492,0.1587,33,219,33,388640,216970,44605,63351,2.009800289006632,0.22599448489410354
1493,0.1588,63,337,63,388977,216633,44668,63288,2.0066786468561264,0.2260923617735004
1494,0.1589,33,190,33,389167,216443,44701,63255,2.0049186705694915,0.226154638216934
1495,0.159,47,261,47,389428,216182,44748,63208,2.0025010189336396,0.22623572783564194
1496,0.1591,58,294,58,389722,215888,44806,63150,1.9997776872058988,0.2263132619929902
1497,0.1592,38,196,38,389918,215692,44844,63112,1.997962132720738,0.2263669100873732
1498,0.1593,32,218,32,390136,215474,44876,63080,1.9959427915076513,0.22645519360698463
1499,0.1594,45,163,45,390299,215311,44921,63035,1.99443291711438,0.226462747803094
1500,0.1595,46,240,46,390539,215071,44967,62989,1.992209789173367,0.22653024527080487
1501,0.1596,48,232,48,390771,214839,45015,62941,1.9900607654970544,0.2265857873137015
1502,0.1597,65,291,65,391062,214548,45080,62876,1.987365222868576,0.2266422515716016
1503,0.1598,46,248,46,391310,214300,45126,62830,1.9850679906628625,0.22671670335221736
1504,0.1599,30,176,30,391486,214124,45156,62800,1.9834376968394531,0.2267770218543716
1505,0.16,43,220,43,391706,213904,45199,62757,1.9813998295601911,0.22683717618312665
1506,0.1601,45,203,45,391909,213701,45244,62712,1.9795194338434177,0.2268778964809904
1507,0.1602,71,324,71,392233,213377,45315,62641,1.9765182111230502,0.2269453441442225
1508,0.1603,69,410,69,392643,212967,45384,62572,1.972720367557153,0.22708945013228618
1509,0.1604,71,309,71,392952,212658,45455,62501,1.9698580903330987,0.22714503250847692
1510,0.1605,89,373,89,393325,212285,45544,62412,1.966402978991441,0.22720306373932006
1511,0.1606,44,267,44,393592,212018,45588,62368,1.963929749157064,0.22730022668795055
1512,0.1607,45,262,45,393854,211756,45633,62323,1.961502834488125,0.2273906428438516
1513,0.1608,66,301,66,394155,211455,45699,62257,1.958714661528771,0.22745440462968375
1514,0.1609,29,212,29,394367,211243,45728,62228,1.9567508985142095,0.22754880773464098
1515,0.161,40,205,40,394572,211038,45768,62188,1.9548519767312609,0.22760645033781557
1516,0.1611,45,195,45,394767,210843,45813,62143,1.9530456852791878,0.2276417105639117
1517,0.1612,55,317,55,395084,210526,45868,62088,1.9501093037904331,0.22775059241271542
1518,0.1613,58,232,58,395316,210294,45926,62030,1.9479602801141205,0.22778014423994947
1519,0.1614,43,222,43,395538,210072,45969,61987,1.9459038867686835,0.22784396031743115
1520,0.1615,79,424,79,395962,209648,46048,61908,1.9419763607395606,0.22797507696386748
1521,0.1616,63,368,63,396330,209280,46111,61845,1.9385675645633407,0.22810511756569848
1522,0.1617,53,351,53,396681,208929,46164,61792,1.935316239949609,0.22824974789543478
1523,0.1618,33,171,33,396852,208758,46197,61759,1.9337322612916374,0.2282998850349516
1524,0.1619,54,239,54,397091,208519,46251,61705,1.931518396383712,0.2283475931079401
1525,0.162,54,205,54,397296,208314,46305,61651,1.9296194746007633,0.22836664012001556
1526,0.1621,33,218,33,397514,208096,46338,61618,1.9276001333876764,0.2284568098059426
1527,0.1622,74,296,74,397810,207800,46412,61544,1.9248582755937604,0.2284959011524296
1528,0.1623,49,227,49,398037,207573,46461,61495,1.9227555670828855,0.2285481736958687
1529,0.1624,40,229,40,398266,207344,46501,61455,1.9206343325058357,0.22862808269376003
1530,0.1625,73,219,73,398485,207125,46574,61382,1.9186057282596614,0.2286048408421382
1531,0.1626,47,275,47,398760,206850,46621,61335,1.916058394160584,0.22870406622294312
1532,0.1627,49,196,49,398956,206654,46670,61286,1.9142428396754234,0.22873031275658728
1533,0.1628,74,399,74,399355,206255,46744,61212,1.9105468894734892,0.2288581395087992
1534,0.1629,57,287,57,399642,205968,46801,61155,1.9078883989773612,0.22893947731943712
1535,0.163,48,203,48,399845,205765,46849,61107,1.9060080032605877,0.2289749392967415
1536,0.1631,55,256,55,400101,205509,46904,61052,1.9036366667901738,0.2290357554180844
1537,0.1632,31,152,31,400253,205357,46935,61021,1.9022286857608655,0.22907672555541372
1538,0.1633,54,286,54,400539,205071,46989,60967,1.899579458297825,0.22916651004743682
1539,0.1634,45,225,45,400764,204846,47034,60922,1.8974952758531254,0.22923000511724512
1540,0.1635,41,228,41,400992,204618,47075,60881,1.895383304309163,0.22930783166791588
1541,0.1636,56,271,56,401263,204347,47131,60825,1.8928730223424357,0.2293794216583953
1542,0.1637,26,201,26,401464,204146,47157,60799,1.8910111526918374,0.22947781615052182
1543,0.1638,60,337,60,401801,203809,47217,60739,1.8878895105413316,0.22959538533649848
1544,0.1639,38,227,38,402028,203582,47255,60701,1.885786802030457,0.22968181835381013
1545,0.164,82,334,82,402362,203248,47337,60619,1.8826929489792137,0.2297331610243039
1546,0.1641,67,295,67,402657,202953,47404,60552,1.8799603542183854,0.22979450105311094
1547,0.1642,50,272,50,402929,202681,47454,60502,1.8774408092185706,0.22988566890718626
1548,0.1643,55,298,55,403227,202383,47509,60447,1.8746804253584795,0.229985161511243
1549,0.1644,36,184,36,403411,202199,47545,60411,1.8729760272703695,0.2300407448307376
1550,0.1645,62,303,62,403714,201896,47607,60349,1.8701693282448404,0.23012450189708097
1551,0.1646,39,246,39,403960,201650,47646,60310,1.8678906221053022,0.23022598870056496
1552,0.1647,71,391,71,404351,201259,47717,60239,1.8642687761680685,0.2303612264720954
1553,0.1648,33,163,33,404514,201096,47750,60206,1.8627589017747972,0.23040772745711857
1554,0.1649,59,382,59,404896,200714,47809,60147,1.8592204231353515,0.23057107041681202
1555,0.165,41,242,41,405138,200472,47850,60106,1.8569787691281634,0.23066413895263607
1556,0.1651,74,310,74,405448,200162,47924,60032,1.8541072288710214,0.2307201549612981
1557,0.1652,55,254,55,405702,199908,47979,59977,1.8517544184667827,0.2307828462589222
1558,0.1653,40,207,40,405909,199701,48019,59937,1.849836970617659,0.23084833498948537
1559,0.1654,36,142,36,406051,199559,48055,59901,1.8485216199192263,0.23086795652509057
1560,0.1655,50,235,50,406286,199324,48105,59851,1.846344807143651,0.23092890903829458
1561,0.1656,53,230,53,406516,199094,48158,59798,1.8442143095335137,0.2309766234568855
1562,0.1657,53,215,53,406731,198879,48211,59745,1.8422227574196894,0.23101104305864886
1563,0.1658,34,200,34,406931,198679,48245,59711,1.8403701508021786,0.23108866442199774
1564,0.1659,54,256,54,407187,198423,48299,59657,1.8379988143317647,0.23115700557966523
1565,0.166,47,307,47,407494,198116,48346,59610,1.8351550631738855,0.23129214747444962
1566,0.1661,65,314,65,407808,197802,48411,59545,1.8322464707843937,0.23138019872001617
1567,0.1662,42,258,42,408066,197544,48453,59503,1.8298566082478047,0.23148684870860192
1568,0.1663,58,242,58,408308,197302,48511,59445,1.8276149542406166,0.23153142977327876
1569,0.1664,59,319,59,408627,196983,48570,59386,1.8246600466856868,0.2316426713058131
1570,0.1665,33,188,33,408815,196795,48603,59353,1.8229185964652266,0.2317136967690554
1571,0.1666,67,253,67,409068,196542,48670,59286,1.8205750490940753,0.2317416389136451
1572,0.1667,41,318,41,409386,196224,48711,59245,1.8176294045722332,0.23190680669670294
1573,0.1668,53,269,53,409655,195955,48764,59192,1.815137648671681,0.231991753773315
1574,0.1669,45,243,45,409898,195712,48809,59147,1.8128867316314055,0.23207734472786914
1575,0.167,30,246,30,410144,195466,48839,59117,1.810608025491867,0.23221110600472145
1576,0.1671,52,275,52,410419,195191,48891,59065,1.8080606913927897,0.23230523566798816
1577,0.1672,57,291,57,410710,194900,48948,59008,1.8053651487643114,0.23239913669518092
1578,0.1673,55,291,55,411001,194609,49003,58953,1.8026696061358332,0.23249934927157856
1579,0.1674,39,181,39,411182,194428,49042,58914,1.8009929971469858,0.2325473075921087
1580,0.1675,34,194,34,411376,194234,49076,58880,1.7991959687280004,0.23262245470420442
1581,0.1676,52,272,52,411648,193962,49128,58828,1.7966764237281856,0.2327149016970608
1582,0.1677,62,277,62,411925,193685,49190,58766,1.794110563562933,0.2327818071625781
1583,0.1678,34,167,34,412092,193518,49224,58732,1.7925636370373115,0.23283250743310208
1584,0.1679,42,188,42,412280,193330,49266,58690,1.7908221868168512,0.2328783429886517
1585,0.168,70,276,70,412556,193054,49336,58620,1.7882655896846864,0.23292036523439053
1586,0.1681,45,244,45,412800,192810,49381,58575,1.7860054096113231,0.2330091294229966
1587,0.1682,57,275,57,413075,192535,49438,58518,1.7834580755122458,0.23309022397661053
1588,0.1683,67,327,67,413402,192208,49505,58451,1.7804290636926154,0.23318931297100842
1589,0.1684,28,143,28,413545,192065,49533,58423,1.7791044499610953,0.23323672191881448
1590,0.1685,51,263,51,413808,191802,49584,58372,1.7766682722590685,0.23332560537865646
1591,0.1686,50,262,50,414070,191540,49634,58322,1.7742413575901292,0.23341684609904667
1592,0.1687,62,346,62,414416,191194,49696,58260,1.7710363481418356,0.2335500733602187
1593,0.1688,50,274,50,414690,190920,49746,58210,1.7684982770758457,0.23365311283265766
1594,0.1689,45,210,45,414900,190710,49791,58165,1.7665530401274594,0.2337117026619789
1595,0.169,60,240,60,415140,190470,49851,58105,1.7643299121864464,0.2337523886151061
1596,0.1691,34,126,34,415266,190344,49885,58071,1.7631627700174144,0.23376607692772175
1597,0.1692,19,112,19,415378,190232,49904,58052,1.7621253103116084,0.2338128916885502
1598,0.1693,27,184,27,415562,190048,49931,58025,1.7604209122234984,0.2339029237361583
1599,0.1694,59,352,59,415914,189696,49990,57966,1.7571603245766794,0.2340528623688737
1600,0.1695,33,186,33,416100,189510,50023,57933,1.7554374004223943,0.23412664734908645
1601,0.1696,55,232,55,416332,189278,50078,57878,1.7532883767460818,0.23417598601692857
1602,0.1697,27,194,27,416526,189084,50105,57851,1.7514913483270962,0.2342762265373479
1603,0.1698,59,275,59,416801,188809,50164,57792,1.7489440142280188,0.234354280801781
1604,0.1699,26,124,26,416925,188685,50190,57766,1.7477953981251622,0.23439142060693607
1605,0.17,30,186,30,417111,188499,50220,57736,1.746072473970877,0.23447519645866755
1606,0.1701,53,238,53,417349,188261,50273,57683,1.7438678720960392,0.23453713040366914
1607,0.1702,57,243,57,417592,188018,50330,57626,1.7416169550557634,0.2345915226913745
1608,0.1703,41,218,41,417810,187800,50371,57585,1.7395976138426767,0.23467204596858
1609,0.1704,37,189,37,417999,187611,50408,57548,1.7378469005891288,0.23473745609991883
1610,0.1705,38,157,38,418156,187454,50446,57510,1.736392604394383,0.2347691905749416
1611,0.1706,29,228,29,418384,187226,50475,57481,1.7342806328504206,0.23489724445970078
1612,0.1707,43,287,43,418671,186939,50518,57438,1.7316221423542926,0.23503848561853202
1613,0.1708,44,257,44,418928,186682,50562,57394,1.729241542850791,0.2351480686343598
1614,0.1709,50,207,50,419135,186475,50612,57344,1.7273240950016673,0.23519085879279303
1615,0.171,59,293,59,419428,186182,50671,57285,1.7246100263070139,0.23528856066735943
1616,0.1711,62,263,62,419691,185919,50733,57223,1.7221738486049871,0.23534806820705595
1617,0.1712,38,163,38,419854,185756,50771,57185,1.7206639742117158,0.23538636953005052
1618,0.1713,42,218,42,420072,185538,50813,57143,1.7186446329986291,0.23546548761542932
1619,0.1714,51,295,51,420367,185243,50864,57092,1.7159120382378006,0.2355912270204469
1620,0.1715,40,167,40,420534,185076,50904,57052,1.714365111712179,0.23562743672768122
1621,0.1716,39,191,39,420725,184885,50943,57013,1.7125958723924561,0.23569024960933949
1622,0.1717,64,323,64,421048,184562,51007,56949,1.709603912705176,0.2358029240904141
1623,0.1718,46,268,46,421316,184294,51053,56903,1.7071214198377116,0.23591918639120718
1624,0.1719,69,333,69,421649,183961,51122,56834,1.704036829819556,0.2360264955667684
1625,0.172,29,164,29,421813,183797,51151,56805,1.7025176923931973,0.2360952943034555
1626,0.1721,44,224,44,422037,183573,51195,56761,1.7004427729815852,0.2361754891109872
1627,0.1722,36,138,36,422175,183435,51231,56725,1.6991644744155026,0.2361967021985343
1628,0.1723,61,236,61,422411,183199,51292,56664,1.6969783986068399,0.23623485072729017
1629,0.1724,55,206,55,422617,182993,51347,56609,1.6950702137908036,0.23626263553726595
1630,0.1725,36,116,36,422733,182877,51383,56573,1.6939957019526475,0.23626226769680517
1631,0.1726,70,287,70,423020,182590,51453,56503,1.6913372114565193,0.236322267904121
1632,0.1727,73,371,73,423391,182219,51526,56430,1.6879006261810368,0.2364560505177059
1633,0.1728,32,158,32,423549,182061,51558,56398,1.6864370669532032,0.2365102596253444
1634,0.1729,52,322,52,423871,181739,51610,56346,1.6834543702990108,0.2366633765251906
1635,0.173,68,254,68,424125,181485,51678,56278,1.6811015598947718,0.23669788823324067
1636,0.1731,57,265,57,424390,181220,51735,56221,1.6786468561265702,0.2367788208439149
1637,0.1732,26,146,26,424536,181074,51761,56195,1.6772944532957872,0.23684088523995972
1638,0.1733,54,220,54,424756,180854,51815,56141,1.6752565860165252,0.2368868541530412
1639,0.1734,67,303,67,425059,180551,51882,56074,1.6724498869909963,0.2369741151611199
1640,0.1735,45,282,45,425341,180269,51927,56029,1.669837711660306,0.23711161330184766
1641,0.1736,81,391,81,425732,179878,52008,55948,1.6662158657230723,0.23724271284760798
1642,0.1737,36,251,36,425983,179627,52044,55912,1.6638908444180962,0.23737894786001468
1643,0.1738,50,162,50,426145,179465,52094,55862,1.6623902330579126,0.2373803260994276
1644,0.1739,38,176,38,426321,179289,52132,55824,1.660759939234503,0.23743476541067488
1645,0.174,47,201,47,426522,179088,52179,55777,1.6588980695839046,0.23748536393247185
1646,0.1741,61,310,61,426832,178778,52240,55716,1.6560265293267629,0.23760096207152423
1647,0.1742,60,222,60,427054,178556,52300,55656,1.6539701359813257,0.23763086434512323
1648,0.1743,42,185,42,427239,178371,52342,55614,1.6522564748601283,0.23768190268606962
1649,0.1744,66,257,66,427496,178114,52408,55548,1.6498758753566267,0.2377280002738999
1650,0.1745,31,132,31,427628,177982,52439,55517,1.6486531549890697,0.23776118955541564
1651,0.1746,42,242,42,427870,177740,52481,55475,1.6464115009818816,0.23787063439315653
1652,0.1747,38,181,38,428051,177559,52519,55437,1.6447348919930342,0.23793112328108637
1653,0.1748,49,200,49,428251,177359,52568,55388,1.6428822853755234,0.23797514038849052
1654,0.1749,41,158,41,428409,177201,52609,55347,1.6414187261476898,0.2380024769079932
1655,0.175,44,240,44,428649,176961,52653,55303,1.6391955982066768,0.2381040540075087
1656,0.1751,49,236,49,428885,176725,52702,55254,1.6370095223980141,0.23818535298453739
1657,0.1752,40,193,40,429078,176532,52742,55214,1.6352217570121161,0.23825222441811295
1658,0.1753,54,183,54,429261,176349,52796,55160,1.6335266219570936,0.23826287530938323
1659,0.1754,73,243,73,429504,176106,52869,55087,1.631275704916818,0.2382727850756727
1660,0.1755,22,142,22,429646,175964,52891,55065,1.6299603542183854,0.23834670106350286
1661,0.1756,54,301,54,429947,175663,52945,55011,1.6271721812590314,0.23847941250422675
1662,0.1757,35,143,35,430090,175520,52980,54976,1.6258475675275113,0.2385117312231015
1663,0.1758,53,296,53,430386,175224,53033,54923,1.6231057097335952,0.23864312808770047
1664,0.1759,36,148,36,430534,175076,53069,54887,1.6217347808366371,0.23867752638467926
1665,0.176,34,209,34,430743,174867,53103,54853,1.6197988069213383,0.23878199547274945
1666,0.1761,42,238,42,430981,174629,53145,54811,1.6175942050465004,0.23889034170153417
1667,0.1762,68,343,68,431324,174286,53213,54743,1.6144169846974694,0.23902213256836471
1668,0.1763,43,175,43,431499,174111,53256,54700,1.6127959539071473,0.23906193321125296
1669,0.1764,46,244,46,431743,173867,53302,54654,1.6105357738337842,0.23916401556093314
1670,0.1765,59,317,59,432060,173550,53361,54595,1.6075993923450294,0.23929956825702953
1671,0.1766,78,338,78,432398,173212,53439,54517,1.604468487161436,0.23939419221969974
1672,0.1767,58,326,58,432724,172886,53497,54459,1.6014487383748934,0.23954342519078933
1673,0.1768,71,281,71,433005,172605,53568,54388,1.5988458260772906,0.2396021022674708
1674,0.1769,61,272,61,433277,172333,53629,54327,1.596326281077476,0.2396849907350216
1675,0.177,47,261,47,433538,172072,53676,54280,1.5939086294416243,0.23980349190641126
1676,0.1771,59,265,59,433803,171807,53735,54221,1.5914539256734226,0.23988620878829173
1677,0.1772,37,221,37,434024,171586,53772,54184,1.589406795361073,0.23999645657084645
1678,0.1773,34,180,34,434204,171406,53806,54150,1.5877394494053132,0.24007341857454467
1679,0.1774,46,262,46,434466,171144,53852,54104,1.5853125347363741,0.24019747123170904
1680,0.1775,33,159,33,434625,170985,53885,54071,1.5838397124754529,0.2402557585667567
1681,0.1776,32,247,32,434872,170738,53917,54039,1.581551743302827,0.24041160794921188
1682,0.1777,32,143,32,435015,170595,53949,54007,1.5802271295713068,0.24045645185706271
1683,0.1778,64,234,64,435249,170361,54013,53943,1.578059579828819,0.24049058420714745
1684,0.1779,22,150,22,435399,170211,54035,53921,1.576670124865686,0.24057698142166223
1685,0.178,36,219,36,435618,169992,54071,53885,1.5746415206195117,0.24069020042255346
1686,0.1781,58,199,58,435817,169793,54129,53827,1.5727981770350883,0.24070745013862804
1687,0.1782,59,292,59,436109,169501,54188,53768,1.5700933713735226,0.2408216098070041
1688,0.1783,34,234,34,436343,169267,54222,53734,1.5679258216310348,0.24095856072394295
1689,0.1784,41,188,41,436531,169079,54263,53693,1.5661843714105748,0.24102221104986263
1690,0.1785,52,244,52,436775,168835,54315,53641,1.5639241913372115,0.24110915334687785
1691,0.1786,39,188,39,436963,168647,54354,53602,1.5621827411167513,0.241179937817493
1692,0.1787,24,88,24,437051,168559,54378,53578,1.5613675942050464,0.24119349770637039
1693,0.1788,44,225,44,437276,168334,54422,53534,1.559283411760347,0.24128761245425207
1694,0.1789,38,183,38,437459,168151,54460,53496,1.5575882767053244,0.24135675195242887
1695,0.179,29,167,29,437626,167984,54489,53467,1.5560413501797028,0.2414394154914631
1696,0.1791,51,239,51,437865,167745,54540,53416,1.5538274852717775,0.24152540456952176
1697,0.1792,20,149,20,438014,167596,54560,53396,1.552447293341732,0.24161960613958877
1698,0.1793,50,204,50,438218,167392,54610,53346,1.5505576345918708,0.24167112141996394
1699,0.1794,48,175,48,438393,167217,54658,53298,1.5489366038015489,0.24169784368410313
1700,0.1795,33,186,33,438579,167031,54691,53265,1.5472136796472638,0.2417883211678832
1701,0.1796,61,218,61,438797,166813,54752,53204,1.5451943384341769,0.24181767772490306
1702,0.1797,50,206,50,439003,166607,54802,53154,1.5432861536181408,0.2418718516934306
1703,0.1798,42,244,42,439247,166363,54844,53112,1.5410259735447775,0.24199567148878004
1704,0.1799,45,253,45,439500,166110,54889,53067,1.5386824261736263,0.2421193829644534
1705,0.18,72,318,72,439818,165792,54961,52995,1.535736781651784,0.2422218870408205
1706,0.1801,45,178,45,439996,165614,55006,52950,1.5340879617621994,0.24226313574056113
1707,0.1802,42,210,42,440206,165404,55048,52908,1.532142724813813,0.242350397596101
1708,0.1803,38,177,38,440383,165227,55086,52870,1.530503167957316,0.2424150721926482
1709,0.1804,34,185,34,440568,165042,55120,52836,1.5287895068361184,0.24250268498884697
1710,0.1805,51,219,51,440787,164823,55171,52785,1.526760902589944,0.242569207014448
1711,0.1806,34,180,34,440967,164643,55205,52751,1.5250935566341843,0.2426515911202701
1712,0.1807,46,224,46,441191,164419,55251,52705,1.5230186372225722,0.24274147491755863
1713,0.1808,39,204,39,441395,164215,55290,52666,1.5211289784727111,0.24283362765756336
1714,0.1809,40,176,40,441571,164039,55330,52626,1.5194986846493015,0.24289109916230125
1715,0.181,53,237,53,441808,163802,55383,52573,1.5173033458075513,0.24297169266320046
1716,0.1811,54,199,54,442007,163603,55437,52519,1.515460002223128,0.24300626497996503
1717,0.1812,44,204,44,442211,163399,55481,52475,1.5135703434732668,0.24308161242206103
1718,0.1813,38,262,38,442473,163137,55519,52437,1.5111434288043277,0.24324361936040526
1719,0.1814,29,156,29,442629,162981,55548,52408,1.5096983956426693,0.24331790388552804
1720,0.1815,59,251,59,442880,162730,55607,52349,1.5073733743376931,0.24339428768034072
1721,0.1816,29,175,29,443055,162555,55636,52320,1.5057523435473712,0.24349040139616057
1722,0.1817,70,300,70,443355,162255,55706,52250,1.502973433621105,0.24358406563949558
1723,0.1818,40,157,40,443512,162098,55746,52210,1.5015191374263588,0.24362133004834163
1724,0.1819,54,153,54,443665,161945,55800,52156,1.5001018933639632,0.24360465387830976
1725,0.182,30,175,30,443840,161770,55830,52126,1.4984808625736412,0.24369787186296143
1726,0.1821,42,208,42,444048,161562,55872,52084,1.4965541516914298,0.2437864504835101
1727,0.1822,63,263,63,444311,161299,55935,52021,1.494117973989403,0.24386367897993624
1728,0.1823,36,159,36,444470,161140,55971,51985,1.492645151728482,0.24391788856304986
1729,0.1824,52,204,52,444674,160936,56023,51933,1.4907554929786209,0.24396694680766104
1730,0.1825,41,217,41,444891,160719,56064,51892,1.4887454147986217,0.24407015629482953
1731,0.1826,68,285,68,445176,160434,56132,51824,1.4861054503686688,0.2441556973117621
1732,0.1827,30,145,30,445321,160289,56162,51794,1.4847623105709733,0.24421570800111278
1733,0.1828,39,176,39,445497,160113,56201,51755,1.483132016747564,0.24427945702040893
1734,0.1829,37,175,37,445672,159938,56238,51718,1.4815109859572417,0.24434932154061306
1735,0.183,40,280,40,445952,159658,56278,51678,1.4789173366927266,0.24453003747586782
1736,0.1831,25,129,25,446081,159529,56303,51653,1.4777224054244322,0.24458997452434392
1737,0.1832,44,145,44,446226,159384,56347,51609,1.4763792656267367,0.2446005317711962
1738,0.1833,32,181,32,446407,159203,56379,51577,1.4747026566378896,0.24469589145080178
1739,0.1834,31,143,31,446550,159060,56410,51546,1.4733780429063692,0.24475086179880914
1740,0.1835,33,182,33,446732,158878,56443,51513,1.4716921708844344,0.24484412356041846
1741,0.1836,52,257,52,446989,158621,56495,51461,1.469311571380933,0.24495673118115782
1742,0.1837,50,202,50,447191,158419,56545,51411,1.467440438697247,0.24501262927131487
1743,0.1838,29,131,29,447322,158288,56574,51382,1.4662269813627775,0.2450612867839939
1744,0.1839,48,192,48,447514,158096,56622,51334,1.464448479009967,0.24511292555985292
1745,0.184,38,208,38,447722,157888,56660,51296,1.4625217681277558,0.24521951965733516
1746,0.1841,25,150,25,447872,157738,56685,51271,1.4611323131646226,0.2453052260907425
1747,0.1842,31,156,31,448028,157582,56716,51240,1.459687280002964,0.24537644501058317
1748,0.1843,33,136,33,448164,157446,56749,51207,1.4584275075030568,0.24541703210593666
1749,0.1844,36,196,36,448360,157250,56785,51171,1.4566119530178963,0.24551748624178946
1750,0.1845,27,108,27,448468,157142,56812,51144,1.4556115454444403,0.24554698827573626
1751,0.1846,64,252,64,448720,156890,56876,51080,1.4532772611063767,0.24561234793479828
1752,0.1847,45,258,45,448978,156632,56921,51035,1.4508873985697877,0.24575401965646926
1753,0.1848,47,194,47,449172,156438,56968,50988,1.4490903701508022,0.2458129646235284
1754,0.1849,30,151,30,449323,156287,56998,50958,1.4476916521545815,0.2458828922290043
1755,0.185,53,223,53,449546,156064,57051,50905,1.4456259957760569,0.2459547081930144
1756,0.1851,35,177,35,449723,155887,57086,50870,1.4439864389195598,0.24603761904070962
1757,0.1852,52,211,52,449934,155676,57138,50818,1.4420319389380858,0.24609916026615786
1758,0.1853,61,232,61,450166,155444,57199,50757,1.4398829152617734,0.24615302544604536
1759,0.1854,30,140,30,450306,155304,57229,50727,1.4385860906295158,0.2462105217176056
1760,0.1855,33,159,33,450465,155145,57262,50694,1.4371132683685945,0.24627985950184367
1761,0.1856,34,171,34,450636,154974,57296,50660,1.4355292897106229,0.24636003773695012
1762,0.1857,32,151,32,450787,154823,57328,50628,1.4341305717144022,0.24642372147129973
1763,0.1858,46,187,46,450974,154636,57374,50582,1.4323983845270296,0.24647935366293405
1764,0.1859,33,168,33,451142,154468,57407,50549,1.4308421949683203,0.2465600413624236
1765,0.186,40,188,40,451330,154280,57447,50509,1.4291007447478603,0.24663922378643385
1766,0.1861,34,150,34,451480,154130,57481,50475,1.427711289784727,0.2466948510544708
1767,0.1862,40,187,40,451667,153943,57521,50435,1.4259791025973545,0.24677313605182555
1768,0.1863,72,287,72,451954,153656,57593,50363,1.4233206121012265,0.24685445963366157
1769,0.1864,45,179,45,452133,153477,57638,50318,1.4216625291785543,0.2469049780416595
1770,0.1865,36,192,36,452325,153285,57674,50282,1.4198840268257438,0.2470046716805769
1771,0.1866,37,167,37,452492,153118,57711,50245,1.4183371003001222,0.24707050938469632
1772,0.1867,30,178,30,452670,152940,57741,50215,1.4166882804105376,0.24717580172774484
1773,0.1868,59,286,59,452956,152654,57800,50156,1.414039052947497,0.24730535969626743
1774,0.1869,20,161,20,453117,152493,57820,50136,1.412547704620401,0.24742756466251128
1775,0.187,48,266,48,453383,152227,57868,50088,1.4100837378191116,0.24757432716308728
1776,0.1871,31,140,31,453523,152087,57899,50057,1.408786913186854,0.2476304020895995
1777,0.1872,45,206,45,453729,151881,57944,50012,1.4068787283708177,0.2477153739852298
1778,0.1873,40,150,40,453879,151731,57984,49972,1.4054892734076847,0.24775040529888004
1779,0.1874,31,141,31,454020,151590,58015,49941,1.4041831857423395,0.24780802953391787
1780,0.1875,53,256,53,454276,151334,58068,49888,1.4018118492719256,0.24792517716750653
1781,0.1876,30,151,30,454427,151183,58098,49858,1.4004131312757049,0.24799916434956054
1782,0.1877,45,203,45,454630,150980,58143,49813,1.3985327355589314,0.24808135741783827
1783,0.1878,38,173,38,454803,150807,58181,49775,1.3969302308347846,0.24815287513336193
1784,0.1879,33,151,33,454954,150656,58214,49742,1.395531512838564,0.24821605006037983
1785,0.188,62,229,62,455183,150427,58276,49680,1.3934102782615139,0.24826717706027276
1786,0.1881,43,158,43,455341,150269,58319,49637,1.3919467190336803,0.24830170179984593
1787,0.1882,36,210,36,455551,150059,58355,49601,1.390001482085294,0.24842732645497345
1788,0.1883,47,231,47,455782,149828,58402,49554,1.387861721442069,0.24853798236550942
1789,0.1884,45,177,45,455959,149651,58447,49509,1.386222164585572,0.24858907411126732
1790,0.1885,51,215,51,456174,149436,58498,49458,1.3842306124717478,0.2486651181031102
1791,0.1886,48,179,48,456353,149257,58546,49410,1.3825725295490756,0.24870763639658322
1792,0.1887,32,162,32,456515,149095,58578,49378,1.3810719181888917,0.24878950789276122
1793,0.1888,43,218,43,456733,148877,58621,49335,1.3790525769758049,0.248900167497427
1794,0.1889,51,192,51,456925,148685,58672,49284,1.3772740746229946,0.24894806762674965
1795,0.189,42,173,42,457098,148512,58714,49242,1.3756715698988478,0.24900634121180862
1796,0.1891,45,188,45,457286,148324,58759,49197,1.3739301196783875,0.2490722505455116
1797,0.1892,39,172,39,457458,148152,58798,49158,1.3723368779873282,0.2491409457199331
1798,0.1893,44,213,44,457671,147939,58842,49114,1.370363851939679,0.24924258955712422
1799,0.1894,41,200,41,457871,147739,58883,49073,1.3685112453221684,0.24933947117045707
1800,0.1895,66,248,66,458119,147491,58949,49007,1.3662140131164549,0.2494020295371963
1801,0.1896,43,170,43,458289,147321,58992,48964,1.3646392974915706,0.24945360063173447
1802,0.1897,42,204,42,458493,147117,59034,48922,1.3627496387417095,0.2495523849846204
1803,0.1898,46,209,46,458702,146908,59080,48876,1.3608136648264109,0.24964246312262495
1804,0.1899,61,274,61,458976,146634,59141,48815,1.358275593760421,0.24975824895497034
1805,0.19,37,183,37,459159,146451,59178,48778,1.3565804587053985,0.24985017594722095
1806,0.1901,46,196,46,459355,146255,59224,48732,1.3547649042202379,0.24992435393128773
1807,0.1902,41,213,41,459568,146042,59265,48691,1.3527918781725887,0.2500397980825027
1808,0.1903,58,209,58,459777,145833,59323,48633,1.35085590425729,0.25008484773687945
1809,0.1904,51,249,51,460026,145584,59374,48582,1.348549409018489,0.25020858440715676
1810,0.1905,63,258,63,460284,145326,59437,48519,1.3461595464819,0.2502979184399907
1811,0.1906,54,182,54,460466,145144,59491,48465,1.3444736744599652,0.2503241068338765
1812,0.1907,49,194,49,460660,144950,59540,48416,1.3426766460409796,0.2503852797285976
1813,0.1908,38,189,38,460849,144761,59578,48378,1.3409259327874319,0.2504828128964114
1814,0.1909,62,178,62,461027,144583,59640,48316,1.3392771128978473,0.25047304547975885
1815,0.191,39,116,39,461143,144467,59679,48277,1.338202601059691,0.2504721288341012
1816,0.1911,33,186,33,461329,144281,59712,48244,1.336479676905406,0.2505856382288015
1817,0.1912,38,167,38,461496,144114,59750,48206,1.3349327503797843,0.25065515806988353
1818,0.1913,38,148,38,461644,143966,59788,48168,1.3335618214828264,0.2507000322691455
1819,0.1914,55,206,55,461850,143760,59843,48113,1.3316536366667902,0.25075440525764436
1820,0.1915,65,215,65,462065,143545,59908,48048,1.329662084552966,0.2507816047559149
1821,0.1916,55,175,55,462240,143370,59963,47993,1.3280410537626441,0.25079560834644105
1822,0.1917,45,188,45,462428,143182,60008,47948,1.326299603542184,0.2508659027886779
1823,0.1918,34,202,34,462630,142980,60042,47914,1.324428470858498,0.25099793602732406
1824,0.1919,22,115,22,462745,142865,60064,47892,1.3233632220534293,0.2510628705630724
1825,0.192,36,156,36,462901,142709,60100,47856,1.3219181888917708,0.25112691207724397
1826,0.1921,38,150,38,463051,142559,60138,47818,1.3205287339286376,0.251175299537234
1827,0.1922,56,250,56,463301,142309,60194,47762,1.318212975656749,0.25128504611434677
1828,0.1923,45,149,45,463450,142160,60239,47717,1.3168327837267035,0.25130479204959
1829,0.1924,43,171,43,463621,141989,60282,47674,1.3152488050687317,0.25136162562017894
1830,0.1925,48,233,48,463854,141756,60330,47626,1.3130905183593315,0.2514811333706477
1831,0.1926,55,206,55,464060,141550,60385,47571,1.3111823335432955,0.251537375542642
1832,0.1927,33,143,33,464203,141407,60418,47538,1.3098577198117751,0.25159702558945723
1833,0.1928,28,146,28,464349,141261,60446,47510,1.3085053169809922,0.2516806077204655
1834,0.1929,46,235,46,464584,141026,60492,47464,1.3063285042054171,0.2518117672025041
1835,0.193,40,184,40,464768,140842,60532,47424,1.304624106117307,0.2518989089904709
1836,0.1931,58,177,58,464945,140665,60590,47366,1.3029845492608099,0.2519052709393664
1837,0.1932,39,181,39,465126,140484,60629,47327,1.3013079402719627,0.2519926947835856
1838,0.1933,46,149,46,465275,140335,60675,47281,1.2999277483419172,0.25200942350332595
1839,0.1934,41,151,41,465426,140184,60716,47240,1.2985290303456964,0.2520488304592795
1840,0.1935,42,146,42,465572,140038,60758,47198,1.2971766275149135,0.25207759191608453
1841,0.1936,27,123,27,465695,139915,60785,47171,1.2960372744451443,0.25213538158921567
1842,0.1937,29,169,29,465864,139746,60814,47142,1.2944718218533477,0.2522473353024271
1843,0.1938,36,146,36,466010,139600,60850,47106,1.2931194190225648,0.25230040812828725
1844,0.1939,20,85,20,466095,139515,60870,47086,1.2923320612101226,0.2523351964887648
1845,0.194,50,138,50,466233,139377,60920,47036,1.2910537626440401,0.2523214582673955
1846,0.1941,51,161,51,466394,139216,60971,46985,1.289562414316944,0.2523348424551963
1847,0.1942,47,167,47,466561,139049,61018,46938,1.2880154877913224,0.2523724776462871
1848,0.1943,52,188,52,466749,138861,61070,46886,1.2862740375708621,0.2524186124136594
1849,0.1944,38,168,38,466917,138693,61108,46848,1.284717848012153,0.25249405791711804
1850,0.1945,43,170,43,467087,138523,61151,46805,1.2831431323872688,0.2525522317188984
1851,0.1946,62,253,62,467340,138270,61213,46743,1.2807995850161176,0.2526471112840719
1852,0.1947,24,117,24,467457,138153,61237,46719,1.2797158101448738,0.2527099831234584
1853,0.1948,38,147,38,467604,138006,61275,46681,1.2783541442810034,0.2527573678710467
1854,0.1949,27,115,27,467719,137891,61302,46654,1.2772888954759347,0.25280554878213984
1855,0.195,28,161,28,467880,137730,61330,46626,1.2757975471488383,0.252912842543774
1856,0.1951,39,183,39,468063,137547,61369,46587,1.274102412093816,0.25300596304864936
1857,0.1952,46,160,46,468223,137387,61415,46541,1.2726203267998073,0.25303923274324736
1858,0.1953,39,161,39,468384,137226,61454,46502,1.2711289784727111,0.2531024122616041
1859,0.1954,29,132,29,468516,137094,61483,46473,1.269906258105154,0.25316641880076485
1860,0.1955,23,143,23,468659,136951,61506,46450,1.2685816443736337,0.25327015665127234
1861,0.1956,32,122,32,468781,136829,61538,46418,1.267451554336952,0.25330837612621215
1862,0.1957,39,143,39,468924,136686,61577,46379,1.2661269406054318,0.25334717176959004
1863,0.1958,65,247,65,469171,136439,61642,46314,1.263838971432806,0.25342402039911793
1864,0.1959,45,174,45,469345,136265,61687,46269,1.2622272036755715,0.2534815431645611
1865,0.196,50,171,50,469516,136094,61737,46219,1.2606432250175998,0.25351456012462087
1866,0.1961,25,164,25,469680,135930,61762,46194,1.2591240875912408,0.2536403768860776
1867,0.1962,22,114,22,469794,135816,61784,46172,1.2580681018192597,0.2537090357605996
1868,0.1963,45,203,45,469997,135613,61829,46127,1.2561877061024862,0.25380763728403216
1869,0.1964,30,132,30,470129,135481,61859,46097,1.254964985734929,0.25386886076507065
1870,0.1965,48,236,48,470365,135245,61907,46049,1.2527789099262663,0.25400178715236027
1871,0.1966,62,241,62,470606,135004,61969,45987,1.2505465189521656,0.2540844572382052
1872,0.1967,34,143,34,470749,134861,62003,45953,1.2492219052206455,0.25414514362825885
1873,0.1968,48,172,48,470921,134689,62051,45905,1.2476286635295861,0.25418895422882265
1874,0.1969,31,132,31,471053,134557,62082,45874,1.246405943162029,0.2542467757757813
1875,0.197,35,122,35,471175,134435,62117,45839,1.2452758531253474,0.2542740495024241
1876,0.1971,19,101,19,471276,134334,62136,45820,1.2443402867835045,0.2543379553049058
1877,0.1972,51,163,51,471439,134171,62187,45769,1.242830412390233,0.2543570078915194
1878,0.1973,40,124,40,471563,134047,62227,45729,1.2416817962873763,0.2543665450338199
1879,0.1974,48,148,48,471711,133899,62275,45681,1.2403108673904184,0.25437687938523224
1880,0.1975,46,179,46,471890,133720,62321,45635,1.2386527844677462,0.2544395193889214
1881,0.1976,32,118,32,472008,133602,62353,45603,1.2375597465634147,0.25447392650874695
1882,0.1977,26,134,26,472142,133468,62379,45577,1.2363185001296824,0.25455611717724597
1883,0.1978,47,186,47,472328,133282,62426,45530,1.2345955759753975,0.25462496924143796
1884,0.1979,46,136,46,472464,133146,62472,45484,1.23333580347549,0.2546268823825785
1885,0.198,47,165,47,472629,132981,62519,45437,1.2318074030160435,0.25466600903496284
1886,0.1981,60,231,60,472860,132750,62579,45377,1.2296676423728186,0.2547452098783452
1887,0.1982,39,173,39,473033,132577,62618,45338,1.2280651376486718,0.2548295534384397
1888,0.1983,28,114,28,473147,132463,62646,45310,1.2270091518766906,0.2548755997817441
1889,0.1984,62,268,62,473415,132195,62708,45248,1.224526659009226,0.2550001972464397
1890,0.1985,19,107,19,473522,132088,62727,45229,1.2235355144688578,0.25507424556021135
1891,0.1986,23,85,23,473607,132003,62750,45206,1.2227481566564156,0.2550999102754375
1892,0.1987,54,255,54,473862,131748,62804,45152,1.2203860832190894,0.255240248728095
1893,0.1988,55,243,55,474105,131505,62859,45097,1.2181351661788136,0.2553595089523335
1894,0.1989,33,135,33,474240,131370,62892,45064,1.2168846567119938,0.2554156228391353
1895,0.199,28,116,28,474356,131254,62920,45036,1.2158101448738374,0.2554654262862329
1896,0.1991,38,221,38,474577,131033,62958,44998,1.213763014561488,0.2556254296118297
1897,0.1992,47,185,47,474762,130848,63005,44951,1.2120493534402905,0.25569542488865127
1898,0.1993,41,158,41,474920,130690,63046,44910,1.210585794212457,0.255751708428246
1899,0.1994,19,87,19,475007,130603,63065,44891,1.2097799103338398,0.25579791901717436
1900,0.1995,28,112,28,475119,130491,63093,44863,1.2087424506280335,0.25584246723770204
1901,0.1996,23,103,23,475222,130388,63116,44840,1.2077883582200155,0.2558951765699546
1902,0.1997,40,129,40,475351,130259,63156,44800,1.2065934269517211,0.25591372051708283
1903,0.1998,37,130,37,475481,130129,63193,44763,1.205389232650339,0.2559465269995197
1904,0.1999,31,139,31,475620,129990,63224,44732,1.204101671051169,0.2560181316605808
1905,0.2,47,203,47,475823,129787,63271,44685,1.2022212753343955,0.2561155944793434
1906,0.2001,53,219,53,476042,129568,63324,44632,1.2001926710882211,0.256211251435132
1907,0.2002,47,141,47,476183,129427,63371,44585,1.198886583422876,0.2562179619796336
1908,0.2003,52,174,52,476357,129253,63423,44533,1.1972748156656416,0.2562519420436629
1909,0.2004,47,167,47,476524,129086,63470,44486,1.19572788914002,0.2562970986103749
1910,0.2005,18,85,18,476609,129001,63488,44468,1.1949405313275778,0.2563455141840905
1911,0.2006,28,126,28,476735,128875,63516,44440,1.193773389158546,0.25641173585667715
1912,0.2007,43,161,43,476896,128714,63559,44397,1.1922820408314498,0.25646550479172325
1913,0.2008,35,166,35,477062,128548,63594,44362,1.190744377338916,0.2565612168179978
1914,0.2009,33,164,33,477226,128384,63627,44329,1.189225239912557,0.2566627873987482
1915,0.201,68,296,68,477522,128088,63695,44261,1.186483382118641,0.2568103093142403
1916,0.2011,57,198,57,477720,127890,63752,44204,1.1846493015673052,0.25685962322916545
1917,0.2012,28,84,28,477804,127806,63780,44176,1.1838712067879507,0.25686409042806807
1918,0.2013,56,220,56,478024,127586,63836,44120,1.1818333395086886,0.2569508345660606
1919,0.2014,49,176,49,478200,127410,63885,44071,1.1802030456852792,0.2570022334835929
1920,0.2015,37,187,37,478387,127223,63922,44034,1.1784708584979064,0.25712233660521905
1921,0.2016,40,148,40,478535,127075,63962,43994,1.1770999296009486,0.25717108301328706
1922,0.2017,26,104,26,478639,126971,63988,43968,1.1761365741598429,0.2572145619197492
1923,0.2018,62,209,62,478848,126762,64050,43906,1.174200600244544,0.2572597089085242
1924,0.2019,29,147,29,478995,126615,64079,43877,1.1728389343806735,0.25735518382094175
1925,0.202,34,104,34,479099,126511,64113,43843,1.171875578939568,0.257364077156979
1926,0.2021,37,174,37,479273,126337,64150,43806,1.1702638111823336,0.25746577878607996
1927,0.2022,45,136,45,479409,126201,64195,43761,1.169004038682426,0.25747520033889926
1928,0.2023,54,180,54,479589,126021,64249,43707,1.1673366927266664,0.2575120192307692
1929,0.2024,30,126,30,479715,125895,64279,43677,1.1661695505576346,0.25757200481211523
1930,0.2025,31,159,31,479874,125736,64310,43646,1.1646967282967136,0.2576779114663896
1931,0.2026,53,218,53,480092,125518,64363,43593,1.1626773870836267,0.2577774361218371
1932,0.2027,59,198,59,480290,125320,64422,43534,1.160843306532291,0.25782036552287774
1933,0.2028,46,172,46,480462,125148,64468,43488,1.1592500648412316,0.25788087952750305
1934,0.2029,23,92,23,480554,125056,64491,43465,1.1583978657971765,0.25792037787575434
1935,0.203,35,117,35,480671,124939,64526,43430,1.1573140909259327,0.2579453462335703
1936,0.2031,55,195,55,480866,124744,64581,43375,1.1555077994738596,0.2580017725539647
1937,0.2032,41,169,41,481035,124575,64622,43334,1.153942346882063,0.25808026966988074
1938,0.2033,39,187,39,481222,124388,64661,43295,1.1522101596946905,0.25819552369649873
1939,0.2034,58,188,58,481410,124200,64719,43237,1.1504687094742303,0.25822846802080784
1940,0.2035,37,191,37,481601,124009,64756,43200,1.1486994701545075,0.25835929884156955
1941,0.2036,33,198,33,481799,123811,64789,43167,1.1468653896031717,0.25851908634670434
1942,0.2037,45,193,45,481992,123618,64834,43122,1.1450776242172738,0.25861820798848506
1943,0.2038,51,152,51,482144,123466,64885,43071,1.1436696431879654,0.2586272119709134
1944,0.2039,40,142,40,482286,123324,64925,43031,1.1423542924895327,0.25866971236211717
1945,0.204,47,173,47,482459,123151,64972,42984,1.1407517877653859,0.25872934661570407
1946,0.2041,39,163,39,482622,122988,65011,42945,1.1392419133721146,0.2588092784437092
1947,0.2042,65,280,65,482902,122708,65076,42880,1.1366482641075994,0.25895596299248735
1948,0.2043,44,180,44,483082,122528,65120,42836,1.1349809181518395,0.2590406618127283
1949,0.2044,38,156,38,483238,122372,65158,42798,1.133535884990181,0.25911485136526
1950,0.2045,79,225,79,483463,122147,65237,42719,1.1314517025454816,0.2591134618417381
1951,0.2046,34,122,34,483585,122025,65271,42685,1.1303216125087998,0.2591524497601846
1952,0.2047,34,127,34,483712,121898,65305,42651,1.1291452073066806,0.2591993874165142
1953,0.2048,30,84,30,483796,121814,65335,42621,1.128367112527326,0.2591966430504455
1954,0.2049,52,182,52,483978,121632,65387,42569,1.126681240505391,0.2592493346569144
1955,0.205,31,151,31,484129,121481,65418,42538,1.1252825225091705,0.2593480023655796
1956,0.2051,29,107,29,484236,121374,65447,42509,1.1242913779688022,0.2593862694727336
1957,0.2052,27,137,27,484373,121237,65474,42482,1.1230223424358072,0.25948118422418903
1958,0.2053,36,115,36,484488,121122,65510,42446,1.1219570936307384,0.25950063582118754
1959,0.2054,56,218,56,484706,120904,65566,42390,1.1199377524176517,0.2595931265080162
1960,0.2055,35,142,35,484848,120762,65601,42355,1.118622401719219,0.2596602438740291
1961,0.2056,49,211,49,485059,120551,65650,42306,1.116667901737745,0.25977391208237904
1962,0.2057,26,135,26,485194,120416,65676,42280,1.1154173922709252,0.2598711707724837
1963,0.2058,32,140,32,485334,120276,65708,42248,1.1141205676386676,0.25994929979572245
1964,0.2059,42,172,42,485506,120104,65750,42206,1.1125273259476083,0.26003326966915163
1965,0.206,42,138,42,485644,119966,65792,42164,1.1112490273815259,0.2600629124776414
1966,0.2061,26,84,26,485728,119882,65818,42138,1.1104709326021713,0.26007900259227257
1967,0.2062,57,154,57,485882,119728,65875,42081,1.1090444255066878,0.2600658801426373
1968,0.2063,53,134,53,486016,119594,65928,42028,1.1078031790729557,0.26003885609632355
1969,0.2064,34,126,34,486142,119468,65962,41994,1.1066360369039239,0.26008596449938687
1970,0.2065,59,157,59,486299,119311,66021,41935,1.1051817407091777,0.26006846681468065
1971,0.2066,31,117,31,486416,119194,66052,41904,1.104097965837934,0.2601149610795913
1972,0.2067,50,166,50,486582,119028,66102,41854,1.1025603023454,0.2601534043584739
1973,0.2068,31,141,31,486723,118887,66133,41823,1.1012542146800548,0.2602389397050588
1974,0.2069,48,230,48,486953,118657,66181,41775,1.0991237170699173,0.2603906951231674
1975,0.207,44,158,44,487111,118499,66225,41731,1.0976601578420837,0.26044436123073084
1976,0.2071,13,81,13,487192,118418,66238,41718,1.096909852161992,0.2605160613478543
1977,0.2072,21,154,21,487346,118264,66259,41697,1.0954833450665087,0.2606697882608886
1978,0.2073,47,182,47,487528,118082,66306,41650,1.0937974730445736,0.2607492550021286
1979,0.2074,40,185,40,487713,117897,66346,41610,1.0920838119233762,0.26086629426921704
1980,0.2075,68,219,68,487932,117678,66414,41542,1.0900552076772019,0.26090943348825524
1981,0.2076,25,143,25,488075,117535,66439,41517,1.0887305939456815,0.2610278399517139
1982,0.2077,40,123,40,488198,117412,66479,41477,1.0875912408759123,0.26104387339589274
1983,0.2078,55,171,55,488369,117241,66534,41422,1.0860072622179406,0.2610690583185746
1984,0.2079,50,174,50,488543,117067,66584,41372,1.0843954944607062,0.2611225771432539
1985,0.208,43,128,43,488671,116939,66627,41329,1.0832098262254992,0.2611330148861425
1986,0.2081,48,186,48,488857,116753,66675,41281,1.0814869020712141,0.26121594087348293
1987,0.2082,25,113,25,488970,116640,66700,41256,1.0804401793323206,0.2612859097127223
1988,0.2083,56,253,56,489223,116387,66756,41200,1.0780966319611693,0.26144288551720635
1989,0.2084,45,168,45,489391,116219,66801,41155,1.0765404424024603,0.261510795938338
1990,0.2085,36,141,36,489532,116078,66837,41119,1.075234354737115,0.26157623873229136
1991,0.2086,39,158,39,489690,115920,66876,41080,1.0737707955092815,0.261656050955414
1992,0.2087,35,157,35,489847,115763,66911,41045,1.0723164993145355,0.2617532268761798
1993,0.2088,29,114,29,489961,115649,66940,41016,1.0712605135425544,0.26180704050043085
1994,0.2089,47,150,47,490111,115499,66987,40969,1.0698710585794213,0.26183628601375364
1995,0.209,47,194,47,490305,115305,67034,40922,1.0680740301604357,0.26193935747342006
1996,0.2091,22,118,22,490423,115187,67056,40900,1.0669809922561044,0.262033353194052
1997,0.2092,38,145,38,490568,115042,67094,40862,1.065637852458409,0.2620971880131363
1998,0.2093,33,120,33,490688,114922,67127,40829,1.0645262884879025,0.26214277917958795
1999,0.2094,29,151,29,490839,114771,67156,40800,1.0631275704916818,0.2622596756464894
2000,0.2095,28,108,28,490947,114663,67184,40772,1.0621271629182258,0.2623090037636311
2001,0.2096,46,151,46,491098,114512,67230,40726,1.0607284449220054,0.26234555972120227
2002,0.2097,49,164,49,491262,114348,67279,40677,1.0592093074956463,0.2623899371069182
2003,0.2098,30,122,30,491384,114226,67309,40647,1.0580792174589648,0.2624537524294099
2004,0.2099,25,128,25,491512,114098,67334,40622,1.0568935492237579,0.2625517063081696
2005,0.21,39,147,39,491659,113951,67373,40583,1.0555318833598875,0.26261534678452636
2006,0.2101,29,152,29,491811,113799,67402,40554,1.054123902330579,0.2627354181648559
2007,0.2102,43,168,43,491979,113631,67445,40511,1.05256771277187,0.26281610463079497
2008,0.2103,26,105,26,492084,113526,67471,40485,1.0515950942976768,0.2628708339014746
2009,0.2104,42,156,42,492240,113370,67513,40443,1.0501500611360184,0.26293616274307113
2010,0.2105,29,114,29,492354,113256,67542,40414,1.0490940753640372,0.262992125984252
2011,0.2106,39,169,39,492523,113087,67581,40375,1.0475286227722405,0.26309444683374383
2012,0.2107,25,184,25,492707,112903,67606,40350,1.0458242246841305,0.26329011503853106
2013,0.2108,48,241,48,492948,112662,67654,40302,1.04359183371003,0.26347375853141913
2014,0.2109,32,136,32,493084,112526,67686,40270,1.0423320612101226,0.2635540197387366
2015,0.211,59,204,59,493288,112322,67745,40211,1.0404424024602617,0.26362164252981324
2016,0.2111,58,158,58,493446,112164,67803,40153,1.038978843232428,0.2636146982936901
2017,0.2112,25,129,25,493575,112035,67828,40128,1.0377839119641334,0.2637171980047712
2018,0.2113,30,134,30,493709,111901,67858,40098,1.0365426655304013,0.2638043671339943
2019,0.2114,40,126,40,493835,111775,67898,40058,1.0353755233613695,0.263829338813038
2020,0.2115,38,157,38,493992,111618,67936,40020,1.0339212271666234,0.26391801527321646
2021,0.2116,55,186,55,494178,111432,67991,39965,1.0321983030123383,0.2639748475861477
2022,0.2117,41,153,41,494331,111279,68032,39924,1.0307810589499427,0.2640423801115057
2023,0.2118,40,160,40,494491,111119,68072,39884,1.029298973655934,0.26412720277080587
2024,0.2119,40,188,40,494679,110931,68112,39844,1.0275575234354737,0.2642613165312552
2025,0.212,28,131,28,494810,110800,68140,39816,1.0263440661010041,0.26435438466032823
2026,0.2121,36,153,36,494963,110647,68176,39780,1.0249268220386083,0.2644472069508798
2027,0.2122,64,199,64,495162,110448,68240,39716,1.0230834784541851,0.2644841639807144
2028,0.2123,38,164,38,495326,110284,68278,39678,1.0215643410278261,0.26458702871394085
2029,0.2124,44,135,44,495461,110149,68322,39634,1.0203138315610063,0.2646094683642336
2030,0.2125,41,163,41,495624,109986,68363,39593,1.018803957167735,0.2646962474678932
2031,0.2126,63,213,63,495837,109773,68426,39530,1.016830931120086,0.26476360153513323
2032,0.2127,35,127,35,495964,109646,68461,39495,1.0156545259179666,0.2648165159144702
2033,0.2128,41,154,41,496118,109492,68502,39454,1.0142280188224833,0.2648879459669948
2034,0.2129,28,147,28,496265,109345,68530,39426,1.0128663529586128,0.2650113261321091
2035,0.213,35,85,35,496350,109260,68565,39391,1.0120789951461706,0.26498980834303165
2036,0.2131,44,137,44,496487,109123,68609,39347,1.0108099596131757,0.265016501650165
2037,0.2132,27,104,27,496591,109019,68636,39320,1.0098466041720702,0.2650685254720606
2038,0.2133,37,116,37,496707,108903,68673,39283,1.0087720923339139,0.2650925188614309
2039,0.2134,22,116,22,496823,108787,68695,39261,1.0076975804957575,0.26519101912893117
2040,0.2135,27,150,27,496973,108637,68722,39234,1.0063081255326245,0.26532585834950734
2041,0.2136,44,126,44,497099,108511,68766,39190,1.0051409833635925,0.2653333423605798
2042,0.2137,39,114,39,497213,108397,68805,39151,1.0040849975916113,0.2653441591888741
2043,0.2138,37,174,37,497387,108223,68842,39114,1.002473229834377,0.26547303121415533
2044,0.2139,33,118,33,497505,108105,68875,39081,1.0013801919300456,0.26552117728588315
2045,0.214,39,185,39,497690,107920,68914,39042,0.999666530808848,0.26566051088036363
2046,0.2141,46,186,46,497876,107734,68960,38996,0.9979436066545629,0.2657670551352825
2047,0.2142,57,225,57,498101,107509,69017,38939,0.9958594242098633,0.26588959903856657
2048,0.2143,56,218,56,498319,107291,69073,38883,0.9938400829967765,0.26600489827192253
2049,0.2144,53,180,53,498499,107111,69126,38830,0.9921727370410167,0.2660664241028909
2050,0.2145,40,140,40,498639,106971,69166,38790,0.9908759124087592,0.26612056722991745
2051,0.2146,40,183,40,498822,106788,69206,38750,0.9891807773537367,0.2662534870617983
2052,0.2147,27,97,27,498919,106691,69233,38723,0.9882822631442439,0.26629485469074504
2053,0.2148,18,72,18,498991,106619,69251,38705,0.98761532476194,0.2663359114805538
2054,0.2149,15,44,15,499035,106575,69266,38690,0.9872077513060876,0.26634082538808385
2055,0.215,61,163,61,499198,106412,69327,38629,0.9856978769128163,0.2663315889989727
2056,0.2151,47,172,47,499370,106240,69374,38582,0.9841046352217571,0.2664097996160804
2057,0.2152,66,212,66,499582,106028,69440,38516,0.9821408722071955,0.2664655744963471
2058,0.2153,49,166,49,499748,105862,69489,38467,0.9806032087146616,0.2665230133930118
2059,0.2154,62,256,62,500004,105606,69551,38405,0.9782318722442477,0.26668101742228023
2060,0.2155,24,103,24,500107,105503,69575,38381,0.9772777798362295,0.26674960384754387
2061,0.2156,41,157,41,500264,105346,69616,38340,0.9758234836414835,0.2668318416547193
2062,0.2157,18,61,18,500325,105285,69634,38322,0.9752584386231428,0.2668532870960329
2063,0.2158,35,176,35,500501,105109,69669,38287,0.9736281447997333,0.2670018689503194
2064,0.2159,35,149,35,500650,104960,69704,38252,0.9722479528696877,0.26710052230260034
2065,0.216,42,164,42,500814,104796,69746,38210,0.9707288154433288,0.2671915863670056
2066,0.2161,24,136,24,500950,104660,69770,38186,0.9694690429434214,0.26732285118239224
2067,0.2162,81,243,81,501193,104417,69851,38105,0.9672181259031457,0.26736223179579294
2068,0.2163,30,85,30,501278,104332,69881,38075,0.9664307680907036,0.2673674749134523
2069,0.2164,18,67,18,501345,104265,69899,38057,0.9658101448738375,0.267400682958362
2070,0.2165,35,118,35,501463,104147,69934,38022,0.9647171069695061,0.2674422694117564
2071,0.2166,38,155,38,501618,103992,69972,37984,0.9632813368409352,0.267538175466276
2072,0.2167,51,152,51,501770,103840,70023,37933,0.9618733558116269,0.2675615244087379
2073,0.2168,59,189,59,501959,103651,70082,37874,0.9601226425580792,0.26761349584878996
2074,0.2169,34,118,34,502077,103533,70116,37840,0.9590296046537479,0.26766072729587687
2075,0.217,58,206,58,502283,103327,70174,37782,0.9571214198377117,0.2677504624084927
2076,0.2171,39,169,39,502452,103158,70213,37743,0.955555967245915,0.26786892924819555
2077,0.2172,46,111,46,502563,103047,70259,37697,0.9545277705731965,0.26784090263172855
2078,0.2173,35,140,35,502703,102907,70294,37662,0.9532309459409389,0.2679253604991143
2079,0.2174,29,141,29,502844,102766,70323,37633,0.9519248582755938,0.2680432196810519
2080,0.2175,45,154,45,502998,102612,70368,37588,0.9504983511801104,0.2681027104136947
2081,0.2176,49,174,49,503172,102438,70417,37539,0.948886583422876,0.2681797723911786
2082,0.2177,28,121,28,503293,102317,70445,37511,0.947765756419282,0.26826529736533455
2083,0.2178,26,123,26,503416,102194,70471,37485,0.9466264033495128,0.26836532334853486
2084,0.2179,42,114,42,503530,102080,70513,37443,0.9455704175775316,0.2683643556976269
2085,0.218,51,154,51,503684,101926,70564,37392,0.9441439104820483,0.26839317245438493
2086,0.2181,54,207,54,503891,101719,70618,37338,0.9422264626329245,0.2685085971939564
2087,0.2182,23,87,23,503978,101632,70641,37315,0.9414205787543073,0.268555636321763
2088,0.2183,44,135,44,504113,101497,70685,37271,0.9401700692874875,0.2685849763634267
2089,0.2184,33,108,33,504221,101389,70718,37238,0.9391696617140316,0.26862011007956604
2090,0.2185,57,234,57,504455,101155,70775,37181,0.9370021119715439,0.2687731320842008
2091,0.2186,25,129,25,504584,101026,70800,37156,0.9358071807032494,0.26889175145822175
2092,0.2187,25,104,25,504688,100922,70825,37131,0.9348438252621438,0.26896192042186695
2093,0.2188,38,152,38,504840,100770,70863,37093,0.9334358442328357,0.2690569623466775
2094,0.2189,24,116,24,504956,100654,70887,37069,0.9323613323946793,0.2691562048459589
2095,0.219,31,148,31,505104,100506,70918,37038,0.9309904034977213,0.26928110277438494
2096,0.2191,42,141,42,505245,100365,70960,36996,0.9296843158323762,0.2693340904623583
2097,0.2192,42,112,42,505357,100253,71002,36954,0.92864685612657,0.26933028198269765
2098,0.2193,39,143,39,505500,100110,71041,36915,0.9273222423950498,0.2694033935413246
2099,0.2194,16,86,16,505586,100024,71057,36899,0.9265256215495202,0.26948723004900565
2100,0.2195,84,299,84,505885,99725,71141,36815,0.9237559746563415,0.2696279478541087
2101,0.2196,38,104,38,505989,99621,71179,36777,0.9227926192152358,0.2696300532265869
2102,0.2197,31,77,31,506066,99544,71210,36746,0.9220793656674942,0.2696162594467679
2103,0.2198,19,92,19,506158,99452,71229,36727,0.9212271666234392,0.26969650239757964
2104,0.2199,44,160,44,506318,99292,71273,36683,0.9197450813294306,0.26977753263467547
2105,0.22,44,185,44,506503,99107,71317,36639,0.918031420208233,0.26990850559132495
2106,0.2201,29,117,29,506620,98990,71346,36610,0.9169476453369891,0.2699852507374631
2107,0.2202,28,113,28,506733,98877,71374,36582,0.9159009225980955,0.2700595752220229
2108,0.2203,43,137,43,506870,98740,71417,36539,0.9146318870651006,0.27010105042172106
2109,0.2204,34,113,34,506983,98627,71451,36505,0.913585164326207,0.2701432673238019
2110,0.2205,19,108,19,507091,98519,71470,36486,0.9125847567527511,0.2702566571608459
2111,0.2206,32,113,32,507204,98406,71502,36454,0.9115380340138575,0.2703099510603589
2112,0.2207,33,89,33,507293,98317,71535,36421,0.9107136240690652,0.27030978640027314
2113,0.2208,25,144,25,507437,98173,71560,36396,0.9093797473044574,0.27046347970186296
2114,0.2209,44,168,44,507605,98005,71604,36352,0.9078235577457483,0.27056275445268946
2115,0.221,41,100,41,507705,97905,71645,36311,0.9068972544369929,0.2705415151695774
2116,0.2211,42,121,42,507826,97784,71687,36269,0.9057764274333988,0.27055716768740723
2117,0.2212,38,138,38,507964,97646,71725,36231,0.9044981288673163,0.2706290102108652
2118,0.2213,25,107,25,508071,97539,71750,36206,0.903506984326948,0.270709185390108
2119,0.2214,24,72,24,508143,97467,71774,36182,0.9028400459446441,0.27072406078608896
2120,0.2215,37,211,37,508354,97256,71811,36145,0.9008855459631702,0.2709499928786141
2121,0.2216,36,141,36,508495,97115,71847,36109,0.899579458297825,0.27103975259712965
2122,0.2217,51,171,51,508666,96944,71898,36058,0.8979954796398533,0.27110870513225366
2123,0.2218,36,91,36,508757,96853,71934,36022,0.8971525436288859,0.27109689557855127
2124,0.2219,30,134,30,508891,96719,71964,35992,0.8959112971951536,0.27120585332037284
2125,0.222,27,97,27,508988,96622,71991,35965,0.8950127829856608,0.27125585464638313
2126,0.2221,38,145,38,509133,96477,72029,35927,0.8936696431879655,0.27134376604936405
2127,0.2222,50,198,50,509331,96279,72079,35877,0.8918355626366298,0.2714746209025697
2128,0.2223,46,156,46,509487,96123,72125,35831,0.8903905294749713,0.2715415978295467
2129,0.2224,40,147,40,509634,95976,72165,35791,0.8890288636111008,0.27162339584266165
2130,0.2225,42,146,42,509780,95830,72207,35749,0.8876764607803179,0.2716922913230835
2131,0.2226,18,87,18,509867,95743,72225,35731,0.8868705769017007,0.27177236563883356
2132,0.2227,29,133,29,510000,95610,72254,35702,0.885638593501056,0.2718868039478494
2133,0.2228,21,75,21,510075,95535,72275,35681,0.8849438660194894,0.2719256797951469
2134,0.2229,72,198,72,510273,95337,72347,35609,0.8831097854681537,0.2719365234524155
2135,0.223,48,134,48,510407,95203,72395,35561,0.8818685390344214,0.27194793674099904
2136,0.2231,54,177,54,510584,95026,72449,35507,0.8802289821779243,0.27201550565757315
2137,0.2232,39,145,39,510729,94881,72488,35468,0.8788858423802289,0.2721002846205188
2138,0.2233,33,129,33,510858,94752,72521,35435,0.8776909111119345,0.2721853948550931
2139,0.2234,40,133,40,510991,94619,72561,35395,0.8764589277112897,0.27223991262479424
2140,0.2235,47,162,47,511153,94457,72608,35348,0.874958316351106,0.2723161665575286
2141,0.2236,63,166,63,511319,94291,72671,35285,0.873420652858572,0.2723112304747793
2142,0.2237,57,204,57,511523,94087,72728,35228,0.8715309941087109,0.2724200595445231
2143,0.2238,21,89,21,511612,93998,72749,35207,0.8707065841639187,0.2724894547424635
2144,0.2239,41,107,41,511719,93891,72790,35166,0.8697154396235504,0.272484251144843
2145,0.224,42,119,42,511838,93772,72832,35124,0.8686131386861314,0.2724987586891758
2146,0.2241,47,158,47,511996,93614,72879,35077,0.8671495794582978,0.2725676232215151
2147,0.2242,34,129,34,512125,93485,72913,35043,0.8659546481900033,0.27264876135939253
2148,0.2243,52,164,52,512289,93321,72965,34991,0.8644355107636444,0.2727024752166594
2149,0.2244,41,140,41,512429,93181,73006,34950,0.8631386861313869,0.2727677142924039
2150,0.2245,9,38,9,512467,93143,73015,34941,0.8627866908740598,0.2727975391149558
2151,0.2246,41,175,41,512642,92968,73056,34900,0.8611656600837378,0.2729377170206776
2152,0.2247,22,88,22,512730,92880,73078,34878,0.860350513172033,0.2730005166017001
2153,0.2248,46,118,46,512848,92762,73124,34832,0.8592574752677017,0.27299089298869855
2154,0.2249,29,104,29,512952,92658,73153,34803,0.858294119826596,0.2730482265163462
2155,0.225,40,142,40,513094,92516,73193,34763,0.8569787691281633,0.27312439601191085
2156,0.2251,32,162,32,513256,92354,73225,34731,0.8554781577679795,0.2732895306291065
2157,0.2252,27,100,27,513356,92254,73252,34704,0.8545518544592241,0.27335024181225287
2158,0.2253,22,101,22,513457,92153,73274,34682,0.8536162881173811,0.2734418732999566
2159,0.2254,48,172,48,513629,91981,73322,34634,0.8520230464263219,0.2735378904553173
2160,0.2255,31,109,31,513738,91872,73353,34603,0.8510133758197784,0.2735955722474797
2161,0.2256,26,129,26,513867,91743,73379,34577,0.8498184445514839,0.2737254591513616
2162,0.2257,32,104,32,513971,91639,73411,34545,0.8488550891103783,0.27376688011158307
2163,0.2258,43,139,43,514110,91500,73454,34502,0.8475675275112082,0.2738210504595165
2164,0.2259,39,140,39,514250,91360,73493,34463,0.8462707028789507,0.2739006381981037
2165,0.226,53,184,53,514434,91176,73546,34410,0.8445663047908407,0.2739955090535569
2166,0.2261,36,135,36,514569,91041,73582,34374,0.8433157953240209,0.2740820476019615
2167,0.2262,29,74,29,514643,90967,73611,34345,0.8426303308755418,0.2740759065372829
2168,0.2263,55,194,55,514837,90773,73666,34290,0.8408333024565564,0.27418181236656725
2169,0.2264,34,151,34,514988,90622,73700,34256,0.8394345844603357,0.2743157321545829
2170,0.2265,35,127,35,515115,90495,73735,34221,0.8382581792582163,0.27439141730010586
2171,0.2266,32,102,32,515217,90393,73767,34189,0.8373133498832858,0.2744296928930343
2172,0.2267,38,153,38,515370,90240,73805,34151,0.83589610582089,0.27454558609545704
2173,0.2268,49,144,49,515514,90096,73854,34102,0.8345622290562822,0.2745776904620042
2174,0.2269,48,181,48,515695,89915,73902,34054,0.8328856200674348,0.2746977066847357
2175,0.227,31,120,31,515815,89795,73933,34023,0.8317740560969283,0.2747823418242905
2176,0.2271,29,110,29,515925,89685,73962,33994,0.8307551224572974,0.2748566854518552
2177,0.2272,59,215,59,516140,89470,74021,33935,0.8287635703434733,0.27498885782585797
2178,0.2273,32,119,32,516259,89351,74053,33903,0.8276612694060543,0.27506612361464944
2179,0.2274,32,120,32,516379,89231,74085,33871,0.8265497054355478,0.2751458140403893
2180,0.2275,50,170,50,516549,89061,74135,33821,0.8249749898106636,0.2752315229244316
2181,0.2276,34,104,34,516653,88957,74169,33787,0.8240116343695579,0.27526396402268133
2182,0.2277,25,101,25,516754,88856,74194,33762,0.823076068027715,0.2753429349687648
2183,0.2278,29,108,29,516862,88748,74223,33733,0.8220756604542592,0.27541414586752233
2184,0.2279,35,75,35,516937,88673,74258,33698,0.8213809329726925,0.2753757017594038
2185,0.228,40,124,40,517061,88549,74298,33658,0.8202323168698359,0.27541793841596635
2186,0.2281,45,173,45,517234,88376,74343,33613,0.818629812145689,0.27554123732467684
2187,0.2282,48,169,48,517403,88207,74391,33565,0.8170643595538923,0.2756380777190159
2188,0.2283,21,71,21,517474,88136,74412,33544,0.816406684204676,0.2756738987508218
2189,0.2284,35,101,35,517575,88035,74447,33509,0.815471117862833,0.2756943987362601
2190,0.2285,18,137,18,517712,87898,74465,33491,0.814202082329838,0.27589814563098797
2191,0.2286,38,95,38,517807,87803,74503,33453,0.8133220941865205,0.27588737876888564
2192,0.2287,27,131,27,517938,87672,74530,33426,0.8121086368520508,0.27602437695089926
2193,0.2288,29,137,29,518075,87535,74559,33397,0.8108396013190559,0.27616346376476036
2194,0.2289,38,101,38,518176,87434,74597,33359,0.809904034977213,0.27616666528689576
2195,0.229,63,177,63,518353,87257,74660,33296,0.8082644781207159,0.27619387323417915
2196,0.2291,31,99,31,518452,87158,74691,33265,0.807347437845048,0.2762346063459638
2197,0.2292,44,141,44,518593,87017,74735,33221,0.8060413501797028,0.2762936841930172
2198,0.2293,36,111,36,518704,86906,74771,33185,0.8050131535069843,0.2763321148129335
2199,0.2294,18,112,18,518816,86794,74789,33167,0.8039756938011783,0.2764815231616942
2200,0.2295,66,222,66,519038,86572,74855,33101,0.8019193004557412,0.2765953891019695
2201,0.2296,41,133,41,519171,86439,74896,33060,0.8006873170550965,0.27665503477016545
2202,0.2297,56,192,56,519363,86247,74952,33004,0.7989088147022861,0.2767607818802358
2203,0.2298,42,124,42,519487,86123,74994,32962,0.7977601985994294,0.27679388671957006
2204,0.2299,54,151,54,519638,85972,75048,32908,0.7963614806032087,0.2768169582772544
2205,0.23,34,141,34,519779,85831,75082,32874,0.7950553929378635,0.27693862937534225
2206,0.2301,9,47,9,519826,85784,75091,32865,0.7946200303827485,0.2769934849851242
2207,0.2302,29,104,29,519930,85680,75120,32836,0.7936566749416429,0.27705963751729723
2208,0.2303,56,167,56,520097,85513,75176,32780,0.7921097484160213,0.2771085355853685
2209,0.2304,27,91,27,520188,85422,75203,32753,0.7912668124050539,0.277156759043791
2210,0.2305,38,155,38,520343,85267,75241,32715,0.789831042276483,0.27728806089064434
2211,0.2306,34,143,34,520486,85124,75275,32681,0.7885064285449628,0.2774160689274649
2212,0.2307,52,168,52,520654,84956,75327,32629,0.7869502389862537,0.2774928774928775
2213,0.2308,45,166,45,520820,84790,75372,32584,0.7854125754937197,0.2776083289314499
2214,0.2309,34,156,34,520976,84634,75406,32550,0.7839675423320612,0.2777682960131076
2215,0.231,34,152,34,521128,84482,75440,32516,0.782559561302753,0.2779192806714645
2216,0.2311,33,134,33,521262,84348,75473,32483,0.7813183148690207,0.2780340834196403
2217,0.2312,42,136,42,521398,84212,75515,32441,0.7800585423691133,0.2780982915141488
2218,0.2313,29,104,29,521502,84108,75544,32412,0.7790951869280077,0.27816683831101957
2219,0.2314,40,141,40,521643,83967,75584,32372,0.7777890992626626,0.278255786967397
2220,0.2315,26,120,26,521763,83847,75610,32346,0.7766775352921561,0.2783816581033281
2221,0.2316,30,91,30,521854,83756,75640,32316,0.7758345992811886,0.2784133985801916
2222,0.2317,33,97,33,521951,83659,75673,32283,0.7749360850716959,0.27844094461023616
2223,0.2318,37,129,37,522080,83530,75710,32246,0.7737411538034014,0.2785205914870094
2224,0.2319,44,115,44,522195,83415,75754,32202,0.7726759049983326,0.27852305456809984
2225,0.232,20,72,20,522267,83343,75774,32182,0.7720089666160288,0.2785717377191084
2226,0.2321,43,134,43,522401,83209,75817,32139,0.7707677201822964,0.2786264174498041
2227,0.2322,38,109,38,522510,83100,75855,32101,0.7697580495757531,0.27865209503389726
2228,0.2323,32,104,32,522614,82996,75887,32069,0.7687946941346474,0.27870334158953636
2229,0.2324,30,85,30,522699,82911,75917,32039,0.7680073363222053,0.278721183123097
2230,0.2325,37,134,37,522833,82777,75954,32002,0.7667660898884731,0.27881406877564713
2231,0.2326,50,148,50,522981,82629,76004,31952,0.7653951609915151,0.27885949677520705
2232,0.2327,39,135,39,523116,82494,76043,31913,0.7641446515246952,0.27894272203623904
2233,0.2328,32,107,32,523223,82387,76075,31881,0.7631535069843269,0.27900199530927294
2234,0.2329,22,53,22,523276,82334,76097,31859,0.7626625662306866,0.2789925827327419
2235,0.233,47,159,47,523435,82175,76144,31812,0.7611897439697655,0.2790844569994824
2236,0.2331,20,90,20,523525,82085,76164,31792,0.7603560709918856,0.27917841179518255
2237,0.2332,22,94,22,523619,81991,76186,31770,0.7594853458816555,0.2792696969963344
2238,0.2333,29,131,29,523750,81860,76215,31741,0.7582718885471859,0.2794077516923267
2239,0.2334,32,85,32,523835,81775,76247,31709,0.7574845307347438,0.27941383807408976
2240,0.2335,38,125,38,523960,81650,76285,31671,0.7563266515987995,0.27948041404505786
2241,0.2336,39,133,39,524093,81517,76324,31632,0.7550946681981549,0.2795605794129864
2242,0.2337,45,131,45,524224,81386,76369,31587,0.7538812108636852,0.2795977800005311
2243,0.2338,44,144,44,524368,81242,76413,31543,0.7525473340990774,0.2796737154763488
2244,0.2339,35,74,35,524442,81168,76448,31508,0.7518618696505984,0.27963363981681993
2245,0.234,34,133,34,524575,81035,76482,31474,0.7506298862499536,0.2797465091681554
2246,0.2341,27,86,27,524661,80949,76509,31447,0.7498332654044241,0.27978753692302216
2247,0.2342,51,134,51,524795,80815,76560,31396,0.7485920189706917,0.2797943160652699
2248,0.2343,34,135,34,524930,80680,76594,31362,0.7473415095038719,0.2799128898091787
2249,0.2344,68,126,68,525056,80554,76662,31294,0.7461743673348401,0.27979042986910807
2250,0.2345,46,170,46,525226,80384,76708,31248,0.7445996517099559,0.27991973627633654
2251,0.2346,48,185,48,525411,80199,76756,31200,0.7428859905887584,0.28007432741766086
2252,0.2347,20,72,20,525483,80127,76776,31180,0.7422190522064545,0.28012613761937705
2253,0.2348,46,145,46,525628,79982,76822,31134,0.7408759124087592,0.280193671478455
2254,0.2349,30,96,30,525724,79886,76852,31104,0.7399866612323539,0.2802414631948824
2255,0.235,32,150,32,525874,79736,76884,31072,0.7385972062692208,0.2804129665728106
2256,0.2351,26,89,26,525963,79647,76910,31046,0.7377727963244285,0.2804694063761936
2257,0.2352,44,143,44,526106,79504,76954,31002,0.7364481825929082,0.2805458527138798
2258,0.2353,32,133,32,526239,79371,76986,30970,0.7352161991922636,0.28067536092658213
2259,0.2354,19,68,19,526307,79303,77005,30951,0.7345863129423098,0.2807245088613565
2260,0.2355,56,168,56,526475,79135,77061,30895,0.7330301233836007,0.28078705807507043
2261,0.2356,25,101,25,526576,79034,77086,30870,0.7320945570417577,0.28088149657883243
2262,0.2357,40,134,40,526710,78900,77126,30830,0.7308533106080255,0.28096236216166953
2263,0.2358,25,89,25,526799,78811,77151,30805,0.7300289006632331,0.2810264924828492
2264,0.2359,51,168,51,526967,78643,77202,30754,0.728472711104524,0.28112288271159175
2265,0.236,29,95,29,527062,78548,77231,30725,0.7275927229612065,0.28117650288726403
2266,0.2361,39,88,39,527150,78460,77270,30686,0.7267775760495017,0.28114635442434904
2267,0.2362,45,147,45,527297,78313,77315,30641,0.7254159101856312,0.2812287754465187
2268,0.2363,36,129,36,527426,78184,77351,30605,0.7242209789173367,0.28132439860647673
2269,0.2364,52,146,52,527572,78038,77403,30553,0.7228685760865537,0.2813584919560553
2270,0.2365,66,222,66,527794,77816,77469,30487,0.7208121827411168,0.28149728077707914
2271,0.2366,42,172,42,527966,77644,77511,30445,0.7192189410500575,0.28166603447159283
2272,0.2367,52,139,52,528105,77505,77563,30393,0.7179313794508874,0.2816827003280876
2273,0.2368,45,134,45,528239,77371,77608,30348,0.7166901330171551,0.2817330275995878
2274,0.2369,28,104,28,528343,77267,77636,30320,0.7157267775760495,0.2818184353128166
2275,0.237,16,81,16,528424,77186,77652,30304,0.7149764718959576,0.2819238998976649
2276,0.2371,33,122,33,528546,77064,77685,30271,0.713846381859276,0.28202357106256115
2277,0.2372,31,138,31,528684,76926,77716,30240,0.7125680832931935,0.2821790493253457
2278,0.2373,32,121,32,528805,76805,77748,30208,0.7114472562895995,0.2822834608879295
2279,0.2374,27,74,27,528879,76731,77775,30181,0.7107617918411204,0.28229759054175396
2280,0.2375,32,141,32,529020,76590,77807,30149,0.7094557041757753,0.2824553349759694
2281,0.2376,44,149,44,529169,76441,77851,30105,0.7080755122457297,0.2825540142285961
2282,0.2377,50,138,50,529307,76303,77901,30055,0.7067972136796473,0.282583350570714
2283,0.2378,35,107,35,529414,76196,77936,30020,0.705806069139279,0.2826316185885366
2284,0.2379,23,81,23,529495,76115,77959,29997,0.7050557634591871,0.28269187273823887
2285,0.238,37,129,37,529624,75986,77996,29960,0.7038608321908926,0.28278557000736226
2286,0.2381,48,176,48,529800,75810,78044,29912,0.7022305383674831,0.282930705056658
2287,0.2382,56,166,56,529966,75644,78100,29856,0.700692874874949,0.2829952606635071
2288,0.2383,33,129,33,530095,75515,78133,29823,0.6994979436066545,0.28311720366819193
2289,0.2384,38,117,38,530212,75398,78171,29785,0.6984141687354107,0.2831731363433254
2290,0.2385,42,187,42,530399,75211,78213,29743,0.6966819815480381,0.2833908188349182
2291,0.2386,26,99,26,530498,75112,78239,29717,0.6957649412723702,0.28348071621402476
2292,0.2387,27,117,27,530615,74995,78266,29690,0.6946811664011264,0.2836127429908774
2293,0.2388,26,111,26,530726,74884,78292,29664,0.6936529697284078,0.2837357003481654
2294,0.2389,38,143,38,530869,74741,78330,29626,0.6923283559968876,0.28386367338334917
2295,0.239,26,81,26,530950,74660,78356,29600,0.6915780503167958,0.28390562056397467
2296,0.2391,36,99,36,531049,74561,78392,29564,0.6906610100411279,0.2839279711884754
2297,0.2392,30,104,30,531153,74457,78422,29534,0.6896976546000222,0.28400534661653415
2298,0.2393,26,78,26,531231,74379,78448,29508,0.688975138019193,0.28403938895145686
2299,0.2394,18,54,18,531285,74325,78466,29490,0.6884749342324651,0.2840629966767808
2300,0.2395,77,251,77,531536,74074,78543,29413,0.686149912927489,0.2842192739184632
2301,0.2396,60,87,60,531623,73987,78603,29353,0.6853440290488718,0.2840429649700019
2302,0.2397,26,102,26,531725,73885,78629,29327,0.6843991996739412,0.28414331666860443
2303,0.2398,30,70,30,531795,73815,78659,29297,0.6837507873578125,0.2841279385522539
2304,0.2399,19,86,19,531881,73729,78678,29278,0.6829541665122828,0.28423311037113985
2305,0.24,25,106,25,531987,73623,78703,29253,0.6819722850050021,0.28435203546016563
2306,0.2401,40,121,40,532108,73502,78743,29213,0.680851458001408,0.28440831426763374
2307,0.2402,40,103,40,532211,73399,78783,29173,0.6798973655933899,0.28441485005654565
2308,0.2403,27,86,27,532297,73313,78810,29146,0.6791007447478602,0.2844650055144009
2309,0.2404,46,129,46,532426,73184,78856,29100,0.6779058134795658,0.284501974893434
2310,0.2405,36,133,36,532559,73051,78892,29064,0.676673830078921,0.28462028105567255
2311,0.2406,44,113,44,532672,72938,78936,29020,0.6756271073400274,0.2846270032758587
2312,0.2407,32,97,32,532769,72841,78968,28988,0.6747285931305347,0.2846733248878021
2313,0.2408,65,149,65,532918,72692,79033,28923,0.6733484012004891,0.2846331742360872
2314,0.2409,31,99,31,533017,72593,79064,28892,0.6724313609248213,0.2846923190619303
2315,0.241,59,192,59,533209,72401,79123,28833,0.6706528585720108,0.2848153782326096
2316,0.2411,21,91,21,533300,72310,79144,28812,0.6698099225610434,0.2849231621210023
2317,0.2412,46,139,46,533439,72171,79190,28766,0.6685223609618733,0.28498964700753937
2318,0.2413,29,59,29,533498,72112,79219,28737,0.6679758420097076,0.2849507679798511
2319,0.2414,39,117,39,533615,71995,79258,28698,0.6668920671384638,0.28500491593258714
2320,0.2415,33,122,33,533737,71873,79291,28665,0.6657619771017822,0.2851160755137361
2321,0.2416,52,167,52,533904,71706,79343,28613,0.6642150505761607,0.2852201477287453
2322,0.2417,27,102,27,534006,71604,79370,28586,0.6632702212012301,0.28531789599760454
2323,0.2418,14,35,14,534041,71569,79384,28572,0.6629460150431657,0.2853177020401234
2324,0.2419,30,135,30,534176,71434,79414,28542,0.6616955055763459,0.2854885172441386
2325,0.242,35,126,35,534302,71308,79449,28507,0.6605283634073141,0.2855983569603767
2326,0.2421,35,103,35,534405,71205,79484,28472,0.659574270999296,0.28564262568094945
2327,0.2422,40,172,40,534577,71033,79524,28432,0.6579810293082367,0.28584929372140955
2328,0.2423,16,77,16,534654,70956,79540,28416,0.657267775760495,0.2859558024393189
2329,0.2424,33,84,33,534738,70872,79573,28383,0.6564896809811405,0.28596040501737946
2330,0.2425,26,86,26,534824,70786,79599,28357,0.6556930601356108,0.2860212016985566
2331,0.2426,26,61,26,534885,70725,79625,28331,0.65512801511727,0.2860099337748344
2332,0.2427,39,149,39,535034,70576,79664,28292,0.6537478231872245,0.2861593235425011
2333,0.2428,30,85,30,535119,70491,79694,28262,0.6529604653747824,0.28618877401192877
2334,0.2429,36,115,36,535234,70376,79730,28226,0.6518952165697136,0.2862619419484392
2335,0.243,41,114,41,535348,70262,79771,28185,0.6508392307977324,0.2862961796702794
2336,0.2431,31,102,31,535450,70160,79802,28154,0.6498944014228019,0.28636816730068965
2337,0.2432,37,117,37,535567,70043,79839,28117,0.6488106265515581,0.2864405052974735
2338,0.2433,56,160,56,535727,69883,79895,28061,0.6473285412575494,0.2865004492362983
2339,0.2434,36,125,36,535852,69758,79931,28025,0.6461706621216051,0.28660401092214394
2340,0.2435,17,58,17,535910,69700,79948,28008,0.645633406202527,0.2866500184222377
2341,0.2436,17,133,17,536043,69567,79965,27991,0.6444014228018823,0.2869165009532791
2342,0.2437,32,105,32,536148,69462,79997,27959,0.643428804327689,0.2869915110705084
2343,0.2438,28,90,28,536238,69372,80025,27931,0.6425951313498092,0.287051786686947
2344,0.2439,32,99,32,536337,69273,80057,27899,0.6416780910741413,0.2871094553986745
2345,0.244,37,104,37,536441,69169,80094,27862,0.6407147356330357,0.2871453453020169
2346,0.2441,37,128,37,536569,69041,80131,27825,0.6395290673978288,0.2872524931348461
2347,0.2442,40,108,40,536677,68933,80171,27785,0.6385286598243729,0.2872784797038814
2348,0.2443,35,154,35,536831,68779,80206,27750,0.6371021527288896,0.28747837437454027
2349,0.2444,35,112,35,536943,68667,80241,27715,0.6360646930230834,0.28755369259820296
2350,0.2445,46,113,46,537056,68554,80287,27669,0.6350179702841898,0.2875507934693369
2351,0.2446,31,79,31,537135,68475,80318,27638,0.634286190670273,0.2875573543641339
2352,0.2447,41,118,41,537253,68357,80359,27597,0.6331931527659417,0.28760656147737457
2353,0.2448,16,67,16,537320,68290,80375,27581,0.6325725295490755,0.28768866497689605
2354,0.2449,23,97,23,537417,68193,80398,27558,0.6316740153395828,0.28780900460569603
2355,0.245,19,60,19,537477,68133,80417,27539,0.6311182333543296,0.28784806421941633
2356,0.2451,31,105,31,537582,68028,80448,27508,0.6301456148801363,0.28793334449840896
2357,0.2452,40,128,40,537710,67900,80488,27468,0.6289599466449294,0.28802113916617733
2358,0.2453,52,168,52,537878,67732,80540,27416,0.6274037570862203,0.2881405809896162
2359,0.2454,22,99,22,537977,67633,80562,27394,0.6264867168105525,0.2882759636734823
2360,0.2455,63,129,63,538106,67504,80625,27331,0.625291785542258,0.2881952865503242
2361,0.2456,40,129,40,538235,67375,80665,27291,0.6240968542739634,0.2882872414594469
2362,0.2457,41,104,41,538339,67271,80706,27250,0.6231334988328578,0.28829572264364534
2363,0.2458,22,66,22,538405,67205,80728,27228,0.6225221386490792,0.28833140957080683
2364,0.2459,34,140,34,538545,67065,80762,27194,0.6212253140168217,0.28850295462502257
2365,0.246,35,125,35,538670,66940,80797,27159,0.6200674348808773,0.2886215581462077
2366,0.2461,18,66,18,538736,66874,80815,27141,0.6194560746970988,0.28868797532308677
2367,0.2462,32,115,32,538851,66759,80847,27109,0.6183908258920301,0.2887991647845911
2368,0.2463,27,83,27,538934,66676,80874,27082,0.6176219941457631,0.28885001813178607
2369,0.2464,24,89,24,539023,66587,80898,27058,0.6167975842009707,0.2889422820225319
2370,0.2465,13,61,13,539084,66526,80911,27045,0.61623253918263,0.28903185816118243
2371,0.2466,32,89,32,539173,66437,80943,27013,0.6154081292378376,0.289063670411985
2372,0.2467,34,70,34,539243,66367,80977,26979,0.6147597169217088,0.2890214899406509
2373,0.2468,24,64,24,539307,66303,81001,26955,0.6141668828041054,0.28903686546998647
2374,0.2469,46,138,46,539445,66165,81047,26909,0.612888584238023,0.28911403829211163
2375,0.247,28,96,28,539541,66069,81075,26881,0.6119993330616177,0.2891984938138784
2376,0.2471,24,66,24,539607,66003,81099,26857,0.6113879728778391,0.2892203316821021
2377,0.2472,20,77,20,539684,65926,81119,26837,0.6106747193300974,0.2893071591043843
2378,0.2473,27,72,27,539756,65854,81146,26810,0.6100077809477935,0.289324872658206
2379,0.2474,24,95,24,539851,65759,81170,26786,0.6091277928044759,0.2894375709114485
2380,0.2475,44,142,44,539993,65617,81214,26742,0.6078124421060432,0.2895440617590056
2381,0.2476,33,114,33,540107,65503,81247,26709,0.606756456334062,0.2896477681863532
2382,0.2477,33,117,33,540224,65386,81280,26676,0.6056726814628182,0.28976124785470664
2383,0.2478,34,95,34,540319,65291,81314,26642,0.6047926933195006,0.2897980050689089
2384,0.2479,28,69,28,540388,65222,81342,26614,0.6041535440364593,0.28979920728254716
2385,0.248,58,144,58,540532,65078,81400,26556,0.6028196672718515,0.2898050941790165
2386,0.2481,54,161,54,540693,64917,81454,26502,0.6013283189447552,0.2898959734847242
2387,0.2482,21,45,21,540738,64872,81475,26481,0.6009114824558154,0.2898755377491708
2388,0.2483,48,110,48,540848,64762,81523,26433,0.5998925488161844,0.2898514172926147
2389,0.2484,34,112,34,540960,64650,81557,26399,0.5988550891103783,0.28994277806455865
2390,0.2485,27,91,27,541051,64559,81584,26372,0.5980121530994109,0.29002210467277384
2391,0.2486,18,63,18,541114,64496,81602,26354,0.5974285820148949,0.2900825536598789
2392,0.2487,34,147,34,541261,64349,81636,26320,0.5960669161510245,0.29028664703481893
2393,0.2488,27,120,27,541381,64229,81663,26293,0.594955352180518,0.2904597777335896
2394,0.2489,35,141,35,541522,64088,81698,26258,0.5936492645151729,0.2906382130918912
2395,0.249,40,116,40,541638,63972,81738,26218,0.5925747526770165,0.2906974165650294
2396,0.2491,23,72,23,541710,63900,81761,26195,0.5919078142947126,0.29074865419834617
2397,0.2492,28,88,28,541798,63812,81789,26167,0.5910926673830079,0.29081230064792896
2398,0.2493,24,77,24,541875,63735,81813,26143,0.5903794138352663,0.29087207102961793
2399,0.2494,21,67,21,541942,63668,81834,26122,0.5897587906184001,0.29092326539703756
2400,0.2495,22,96,22,542038,63572,81856,26100,0.5888695394419949,0.2910607547506468
2401,0.2496,25,48,25,542086,63524,81881,26075,0.5884249138537923,0.29101887297849305
2402,0.2497,55,155,55,542241,63369,81936,26020,0.5869891437252214,0.2910872702457797
2403,0.2498,37,85,37,542326,63284,81973,25983,0.5862017859127793,0.29107060839952054
2404,0.2499,52,180,52,542506,63104,82025,25931,0.5845344399570195,0.2912450160049419
2405,0.25,28,80,28,542586,63024,82053,25903,0.5837933973100152,0.2912838620441486
2406,0.2501,16,71,16,542657,62953,82069,25887,0.5831357219607989,0.29138901395767675
2407,0.2502,35,78,35,542735,62875,82104,25852,0.5824132053799697,0.291365649689497
2408,0.2503,25,97,25,542832,62778,82129,25827,0.5815146911704768,0.2914846791941764
2409,0.2504,52,124,52,542956,62654,82181,25775,0.5803660750676202,0.29147677798007443
2410,0.2505,34,116,34,543072,62538,82215,25741,0.5792915632294638,0.29158690062189196
2411,0.2506,42,125,42,543197,62413,82257,25699,0.5781336840935196,0.2916628836026875
2412,0.2507,49,137,49,543334,62276,82306,25650,0.5768646485605247,0.29172258490093944
2413,0.2508,12,46,12,543380,62230,82318,25638,0.5764385490384971,0.2917785769563436
2414,0.2509,18,64,18,543444,62166,82336,25620,0.5758457149208936,0.29184608024058506
2415,0.251,46,145,46,543589,62021,82382,25574,0.5745025751231984,0.2919573034990582
2416,0.2511,23,104,23,543693,61917,82405,25551,0.5735392196820926,0.29211826039237204
2417,0.2512,32,75,32,543768,61842,82437,25519,0.5728444922005261,0.2921097514909399
2418,0.2513,51,146,51,543914,61696,82488,25468,0.5714920893697433,0.292184846955165
2419,0.2514,24,92,24,544006,61604,82512,25444,0.5706398903256883,0.29229850197592133
2420,0.2515,42,130,42,544136,61474,82554,25402,0.5694356960243062,0.2923937566186289
2421,0.2516,24,90,24,544226,61384,82578,25378,0.5686020230464264,0.29250132546506535
2422,0.2517,33,57,33,544283,61327,82611,25345,0.5680740301604358,0.2924243123500092
2423,0.2518,39,74,39,544357,61253,82650,25306,0.5673885657119567,0.2923555031828002
2424,0.2519,23,89,23,544446,61164,82673,25283,0.5665641557671643,0.29246821752056174
2425,0.252,26,95,26,544541,61069,82699,25257,0.5656841676238468,0.29257697565044133
2426,0.2521,65,121,65,544662,60948,82764,25192,0.5645633406202527,0.2924541444160669
2427,0.2522,49,139,49,544801,60809,82813,25143,0.5632757790210826,0.29252373417721517
2428,0.2523,19,68,19,544869,60741,82832,25124,0.562645892771129,0.2925988470273103
2429,0.2524,22,95,22,544964,60646,82854,25102,0.5617659046278113,0.2927415216681439
2430,0.2525,31,110,31,545074,60536,82885,25071,0.5607469709881804,0.29286156505893207
2431,0.2526,52,128,52,545202,60408,82937,25019,0.5595613027529734,0.2928699357346038
2432,0.2527,38,124,38,545326,60284,82975,24981,0.5584126866501167,0.2929807072069431
2433,0.2528,37,157,37,545483,60127,83012,24944,0.5569583904553707,0.29321390368045513
2434,0.2529,27,72,27,545555,60055,83039,24917,0.5562914520730668,0.293237772442687
2435,0.253,19,106,19,545661,59949,83058,24898,0.5553095705657861,0.29344584958808206
2436,0.2531,20,79,20,545740,59870,83078,24878,0.5545777909518693,0.29355265021003446
2437,0.2532,33,124,33,545864,59746,83111,24845,0.5534291748490126,0.29370736839616507
2438,0.2533,34,100,34,545964,59646,83145,24811,0.5525028715402571,0.2937707946055389
2439,0.2534,33,74,33,546038,59572,83178,24778,0.5518174070917782,0.29375222288085356
2440,0.2535,20,86,20,546124,59486,83198,24758,0.5510207862462485,0.29388443093870187
2441,0.2536,41,88,41,546212,59398,83239,24717,0.5502056393345437,0.29384770849432323
2442,0.2537,41,129,41,546341,59269,83280,24676,0.5490107080662492,0.2939543748883197
2443,0.2538,47,121,47,546462,59148,83327,24629,0.5478898810626551,0.2939828353844134
2444,0.2539,23,56,23,546518,59092,83350,24606,0.5473711512097521,0.2939855193672489
2445,0.254,20,101,20,546619,58991,83370,24586,0.5464355848679091,0.29417184153535064
2446,0.2541,34,84,34,546703,58907,83404,24552,0.5456574900885546,0.29418037599300256
2447,0.2542,20,51,20,546754,58856,83424,24532,0.5451850754010893,0.2941910106969828
2448,0.2543,48,130,48,546884,58726,83472,24484,0.5439808810997073,0.29424348035091935
2449,0.2544,17,62,17,546946,58664,83489,24467,0.5434065730482789,0.2943186055743345
2450,0.2545,35,94,35,547040,58570,83524,24432,0.5425358479380489,0.2943543529071589
2451,0.2546,24,71,24,547111,58499,83548,24408,0.5418781725888325,0.29440216145801923
2452,0.2547,30,70,30,547181,58429,83578,24378,0.5412297602727036,0.2943954013549579
2453,0.2548,44,139,44,547320,58290,83622,24334,0.5399421986735337,0.29451491092176607
2454,0.2549,25,84,25,547404,58206,83647,24309,0.5391641038941791,0.2946009816397019
2455,0.255,24,79,24,547483,58127,83671,24285,0.5384323242802623,0.29467795952045817
2456,0.2551,27,98,27,547581,58029,83698,24258,0.537524547037682,0.2947974771227533
2457,0.2552,17,62,17,547643,57967,83715,24241,0.5369502389862537,0.29487397820163486
2458,0.2553,37,122,37,547765,57845,83752,24204,0.5358201489495721,0.2949944545332667
2459,0.2554,57,135,57,547900,57710,83809,24147,0.5345696394827523,0.2949900436126416
2460,0.2555,40,91,40,547991,57619,83849,24107,0.5337267034717847,0.2949734478623694
2461,0.2556,38,90,38,548081,57529,83887,24069,0.5328930304939049,0.29497046496237656
2462,0.2557,49,109,49,548190,57420,83936,24020,0.5318833598873616,0.2949410609037328
2463,0.2558,37,85,37,548275,57335,83973,23983,0.5310960020749194,0.2949285521040852
2464,0.2559,51,147,51,548422,57188,84024,23932,0.5297343362110489,0.2950197238658777
2465,0.256,50,90,50,548512,57098,84074,23882,0.5289006632331691,0.29491232403062484
2466,0.2561,27,80,27,548592,57018,84101,23855,0.5281596205861647,0.29496865455714516
2467,0.2562,32,118,32,548710,56900,84133,23823,0.5270665826818334,0.295120349838336
2468,0.2563,47,161,47,548871,56739,84180,23776,0.5255752343547371,0.29529901260634667
2469,0.2564,54,157,54,549028,56582,84234,23722,0.5241209381599911,0.2954024706116756
2470,0.2565,48,164,48,549192,56418,84282,23674,0.5226018007336323,0.29558507716126453
2471,0.2566,36,106,36,549298,56312,84318,23638,0.5216199192263514,0.29565978736710447
2472,0.2567,20,78,20,549376,56234,84338,23618,0.5208974026455222,0.29577217853028104
2473,0.2568,29,98,29,549474,56136,84367,23589,0.5199896254029419,0.29587958607714016
2474,0.2569,44,85,44,549559,56051,84411,23545,0.5192022675904998,0.2958063219257249
2475,0.257,35,108,35,549667,55943,84446,23510,0.5182018600170439,0.29589820396964245
2476,0.2571,26,77,26,549744,55866,84472,23484,0.5174886064693023,0.2959546313799622
2477,0.2572,28,87,28,549831,55779,84500,23456,0.516682722590685,0.2960307944721398
2478,0.2573,43,98,43,549929,55681,84543,23413,0.5157749453481048,0.29601486838445396
2479,0.2574,35,103,35,550032,55578,84578,23378,0.5148208529400867,0.29608896094027054
2480,0.2575,39,110,39,550142,55468,84617,23339,0.5138019193004557,0.2961538949585697
2481,0.2576,39,106,39,550248,55362,84656,23300,0.512820037793175,0.2962040121024129
2482,0.2577,22,100,22,550348,55262,84678,23278,0.5118937344844195,0.296384008148714
2483,0.2578,21,63,21,550411,55199,84699,23257,0.5113101633999036,0.2964336698276741
2484,0.2579,21,50,21,550461,55149,84720,23236,0.5108470117455259,0.296434266760222
2485,0.258,40,106,40,550567,55043,84760,23196,0.5098651302382452,0.29647618195529085
2486,0.2581,28,84,28,550651,54959,84788,23168,0.5090870354588907,0.2965428085041023
2487,0.2582,38,117,38,550768,54842,84826,23130,0.5080032605876468,0.2966449494690402
2488,0.2583,19,65,19,550833,54777,84845,23111,0.5074011634369558,0.2967209326211997
2489,0.2584,38,71,38,550904,54706,84883,23073,0.5067434880877395,0.296648195528356
2490,0.2585,25,64,25,550968,54642,84908,23048,0.506150653970136,0.2966662376110181
2491,0.2586,41,110,41,551078,54532,84949,23007,0.505131720330505,0.2967152013825301
2492,0.2587,18,70,18,551148,54462,84967,22989,0.5044833080143762,0.29681992485571523
2493,0.2588,29,97,29,551245,54365,84996,22960,0.5035847938048835,0.29692854833494986
2494,0.2589,38,131,38,551376,54234,85034,22922,0.5023713364704139,0.2970864223132355
2495,0.259,41,96,41,551472,54138,85075,22881,0.5014820852940086,0.29708253807502044
2496,0.2591,32,89,32,551561,54049,85107,22849,0.5006576753492163,0.2971338656401987
2497,0.2592,28,75,28,551636,53974,85135,22821,0.4999629478676498,0.297167784360961
2498,0.2593,31,80,31,551716,53894,85166,22790,0.49922190522064547,0.29719367795107193
2499,0.2594,37,101,37,551817,53793,85203,22753,0.49828633887880247,0.2972461003840828
2500,0.2595,27,121,27,551938,53672,85230,22726,0.4971655118752084,0.2974685201183277
2501,0.2596,41,122,41,552060,53550,85271,22685,0.4960354218385268,0.2975667344395619
2502,0.2597,14,36,14,552096,53514,85285,22671,0.4957019526473749,0.29757826343768456
2503,0.2598,29,74,29,552170,53440,85314,22642,0.4950164881988958,0.29759995794011723
2504,0.2599,37,127,37,552297,53313,85351,22605,0.49384008299677645,0.29775547301035327
2505,0.26,23,64,23,552361,53249,85374,22582,0.493247248879173,0.2977937782701006
2506,0.2601,35,84,35,552445,53165,85409,22547,0.49246915409981845,0.29779955621301774
2507,0.2602,16,65,16,552510,53100,85425,22531,0.4918670569491274,0.2979069429202311
2508,0.2603,14,55,14,552565,53045,85439,22517,0.49135759012931196,0.2979937005373071
2509,0.2604,35,70,35,552635,52975,85474,22482,0.49070917781318313,0.2979445246961846
2510,0.2605,36,107,36,552742,52868,85510,22446,0.4897180332728148,0.2980322383620575
2511,0.2606,40,102,40,552844,52766,85550,22406,0.4887732038978843,0.29806310860426755
2512,0.2607,15,50,15,552894,52716,85565,22391,0.4883100522435066,0.29812134687845343
2513,0.2608,8,54,8,552948,52662,85573,22383,0.48780984845677866,0.29826104337397563
2514,0.2609,58,106,58,553054,52556,85631,22325,0.4868279669494979,0.29813971501448966
2515,0.261,23,72,23,553126,52484,85654,22302,0.48616102856719406,0.2982108950873158
2516,0.2611,26,60,26,553186,52424,85680,22276,0.48560524658194076,0.2982061579651941
2517,0.2612,42,128,42,553314,52296,85722,22234,0.4844195783467339,0.29832282302428553
2518,0.2613,39,121,39,553435,52175,85761,22195,0.4832987513431398,0.2984402312760522
2519,0.2614,33,107,33,553542,52068,85794,22162,0.4823076068027715,0.29855853428532936
2520,0.2615,29,91,29,553633,51977,85823,22133,0.48146467079180405,0.2986506544326002
2521,0.2616,50,108,50,553741,51869,85873,22083,0.48046426321834823,0.2986126135871917
2522,0.2617,16,39,16,553780,51830,85889,22067,0.4801030049279336,0.2986183471588833
2523,0.2618,17,95,17,553875,51735,85906,22050,0.47922301678461593,0.2988412278918479
2524,0.2619,22,67,22,553942,51668,85928,22028,0.4786023935677498,0.2989036039947894
2525,0.262,26,95,26,554037,51573,85954,22002,0.4777224054244322,0.2990417940876656
2526,0.2621,30,82,30,554119,51491,85984,21972,0.4769628367112527,0.29908933748962063
2527,0.2622,42,120,42,554239,51371,86026,21930,0.47585127274074623,0.2991773645652856
2528,0.2623,44,140,44,554379,51231,86070,21886,0.4745544481084886,0.29932847354240466
2529,0.2624,36,85,36,554464,51146,86106,21850,0.4737670902960465,0.2993314702175462
2530,0.2625,28,66,28,554530,51080,86134,21822,0.47315573011226797,0.2993333516227264
2531,0.2626,42,134,42,554664,50946,86176,21780,0.4719144836785357,0.2994802409042158
2532,0.2627,14,61,14,554725,50885,86190,21766,0.4713494386601949,0.29959670204126576
2533,0.2628,35,93,35,554818,50792,86225,21731,0.47048797658305236,0.29964287191649547
2534,0.2629,34,110,34,554928,50682,86259,21697,0.4694690429434214,0.2997692700921538
2535,0.263,27,66,27,554994,50616,86286,21670,0.4688576827596428,0.29978142378883876
2536,0.2631,30,79,30,555073,50537,86316,21640,0.46812590314572605,0.29981850173878105
2537,0.2632,29,59,29,555132,50478,86345,21611,0.4675793841935603,0.29978221365256835
2538,0.2633,22,47,22,555179,50431,86367,21589,0.4671440216384453,0.29976395445709525
2539,0.2634,28,68,28,555247,50363,86395,21561,0.4665141353884916,0.29977476224904065
2540,0.2635,26,104,26,555351,50259,86421,21535,0.465550779947386,0.29995542803019754
2541,0.2636,26,87,26,555438,50172,86447,21509,0.46474489606876873,0.3000655682816925
2542,0.2637,16,34,16,555472,50138,86463,21493,0.4644299529437919,0.3000516536136589
2543,0.2638,23,69,23,555541,50069,86486,21470,0.46379080366075065,0.30011602063210274
2544,0.2639,22,63,22,555604,50006,86508,21448,0.46320723257623475,0.3001651412097293
2545,0.264,51,138,51,555742,49868,86559,21397,0.4619289340101523,0.30024556233775346
2546,0.2641,44,113,44,555855,49755,86603,21353,0.46088221127125867,0.3002897001743826
2547,0.2642,57,145,57,556000,49610,86660,21296,0.4595390714735633,0.3003412969283277
2548,0.2643,27,83,27,556083,49527,86687,21269,0.4587702397272963,0.3004265777727555
2549,0.2644,59,131,59,556214,49396,86746,21210,0.4575567823928267,0.3003993994844631
2550,0.2645,23,72,23,556286,49324,86769,21187,0.4568898440105228,0.3004779396122591
2551,0.2646,21,70,21,556356,49254,86790,21166,0.456241431694394,0.30056802044873615
2552,0.2647,19,87,19,556443,49167,86809,21147,0.4554355478157768,0.30075091731376397
2553,0.2648,34,89,34,556532,49078,86843,21113,0.45461113787098445,0.3007935490305025
2554,0.2649,36,94,36,556626,48984,86879,21077,0.4537404127607544,0.3008378413097158
2555,0.265,65,176,65,556802,48808,86944,21012,0.4521101189373448,0.300945287883128
2556,0.2651,27,82,27,556884,48726,86971,20985,0.4513505502241654,0.3010285320824547
2557,0.2652,14,43,14,556927,48683,86985,20971,0.4509522398014006,0.30107387946133746
2558,0.2653,24,62,24,556989,48621,87009,20947,0.4503779317499722,0.30110108095676175
2559,0.2654,31,70,31,557059,48551,87040,20916,0.4497295194338434,0.3010926051218564
2560,0.2655,18,60,18,557119,48491,87058,20898,0.4491737374485902,0.30117165544971103
2561,0.2656,28,107,28,557226,48384,87086,20870,0.4481825929082219,0.30135443440090104
2562,0.2657,38,90,38,557316,48294,87124,20832,0.447348919930342,0.3013627289297804
2563,0.2658,17,69,17,557385,48225,87141,20815,0.4467097706473008,0.30149188876013905
2564,0.2659,24,85,24,557470,48140,87165,20791,0.4459224128348587,0.3016204610407509
2565,0.266,17,39,17,557509,48101,87182,20774,0.44556115454444406,0.30161887477313976
2566,0.2661,22,53,22,557562,48048,87204,20752,0.44507021379080364,0.3016279069767442
2567,0.2662,24,80,24,557642,47968,87228,20728,0.44432917114379933,0.3017351810876907
2568,0.2663,52,141,52,557783,47827,87280,20676,0.4430230834784542,0.3018261973928149
2569,0.2664,30,127,30,557910,47700,87310,20646,0.4418466782763348,0.3020805899394259
2570,0.2665,43,112,43,558022,47588,87353,20603,0.44080921857052874,0.30213664559839276
2571,0.2666,23,93,23,558115,47495,87376,20580,0.4399477564933862,0.30231362467866324
2572,0.2667,29,95,29,558210,47400,87405,20551,0.43906776835006855,0.30243852187605774
2573,0.2668,34,84,34,558294,47316,87439,20517,0.438289673570714,0.302463402768564
2574,0.2669,9,33,9,558327,47283,87448,20508,0.4379839934788247,0.30251803336726113
2575,0.267,21,73,21,558400,47210,87469,20487,0.43730779206343323,0.3026278860215371
2576,0.2671,45,127,45,558527,47083,87514,20442,0.43613138686131386,0.30273232136245837
2577,0.2672,18,69,18,558596,47014,87532,20424,0.43549223757827266,0.3028559565823423
2578,0.2673,24,63,24,558659,46951,87556,20400,0.4349086664937567,0.30289082567445175
2579,0.2674,30,109,30,558768,46842,87586,20370,0.4338989958872133,0.3030708801999643
2580,0.2675,36,119,36,558887,46723,87622,20334,0.43279669494979434,0.3032345616415885
2581,0.2676,33,90,33,558977,46633,87655,20301,0.4319630219719145,0.30329877192458243
2582,0.2677,34,77,34,559054,46556,87689,20267,0.4312497684241728,0.3032937760950571
2583,0.2678,55,102,55,559156,46454,87744,20212,0.4303049390492423,0.3031830318303183
2584,0.2679,28,86,28,559242,46368,87772,20184,0.4295083182037126,0.3032816444284169
2585,0.268,25,101,25,559343,46267,87797,20159,0.42857275186186966,0.30348056483906904
2586,0.2681,20,62,20,559405,46205,87817,20139,0.4279984438104413,0.30355420233932234
2587,0.2682,25,70,25,559475,46135,87842,20114,0.4273500314943125,0.303612129994415
2588,0.2683,27,100,27,559575,46035,87869,20087,0.42642372818555707,0.3037869392940322
2589,0.2684,26,84,26,559659,45951,87895,20061,0.42564563340620254,0.30389929103799307
2590,0.2685,33,66,33,559725,45885,87928,20028,0.42503427322242393,0.3038550816986027
2591,0.2686,51,116,51,559841,45769,87979,19977,0.42395976138426766,0.3038511848629574
2592,0.2687,43,112,43,559953,45657,88022,19934,0.4229223016784616,0.30391364668933235
2593,0.2688,24,104,24,560057,45553,88046,19910,0.42195894623735597,0.30414127064143104
2594,0.2689,11,29,11,560086,45524,88057,19899,0.4216903182778169,0.3041590877825841
2595,0.269,35,99,35,560185,45425,88092,19864,0.42077327800214903,0.3042472698310588
2596,0.2691,34,75,34,560260,45350,88126,19830,0.42007855052058246,0.3042344277385701
2597,0.2692,43,161,43,560421,45189,88169,19787,0.4185872021934862,0.30452782565870473
2598,0.2693,29,75,29,560496,45114,88198,19758,0.41789247471191965,0.30456899741028487
2599,0.2694,37,96,37,560592,45018,88235,19721,0.41700322353551444,0.3046231792273591
2600,0.2695,45,120,45,560712,44898,88280,19676,0.41589165956500795,0.3047046799021278
2601,0.2696,21,77,21,560789,44821,88301,19655,0.4151784060172663,0.3048421117935356
2602,0.2697,44,148,44,560937,44673,88345,19611,0.4138074771203083,0.30506813515027065
2603,0.2698,29,114,29,561051,44559,88374,19582,0.4127514913483271,0.3052961444317987
2604,0.2699,14,54,14,561105,44505,88388,19568,0.4122512875615992,0.3054016512415526
2605,0.27,49,154,49,561259,44351,88437,19519,0.4108247804661158,0.30560513543134493
2606,0.2701,45,132,45,561391,44219,88482,19474,0.40960206009855865,0.30574788438289924
2607,0.2702,27,97,27,561488,44122,88509,19447,0.40870354588906593,0.30591955198288473
2608,0.2703,7,50,7,561538,44072,88516,19440,0.4082403942346882,0.3060838896586472
2609,0.2704,30,75,30,561613,43997,88546,19410,0.40754566675312165,0.30611762108284574
2610,0.2705,13,51,13,561664,43946,88559,19397,0.40707325206565637,0.30622168195380706
2611,0.2706,26,86,26,561750,43860,88585,19371,0.4062766312201267,0.3063528965222755
2612,0.2707,35,89,35,561839,43771,88620,19336,0.40545222127533437,0.3064002408607603
2613,0.2708,18,83,18,561922,43688,88638,19318,0.4046833895290674,0.30660572009015014
2614,0.2709,17,60,17,561982,43628,88655,19301,0.40412760754381416,0.306710737497815
2615,0.271,19,51,19,562033,43577,88674,19282,0.4036551928563489,0.30675002784008654
2616,0.2711,45,111,45,562144,43466,88719,19237,0.40262699618363035,0.3067955281246511
2617,0.2712,34,89,34,562233,43377,88753,19203,0.401802586238838,0.30685522531160114
2618,0.2713,26,76,26,562309,43301,88779,19177,0.40109859572418394,0.3069400428950991
2619,0.2714,35,79,35,562388,43222,88814,19142,0.40036681611026714,0.30693990122506576
2620,0.2715,15,46,15,562434,43176,88829,19127,0.39994071658823965,0.30699966293757924
2621,0.2716,36,52,36,562486,43124,88865,19091,0.39945903886768686,0.30685525998553403
2622,0.2717,37,124,37,562610,43000,88902,19054,0.39831042276483014,0.30705514551841945
2623,0.2718,30,51,30,562661,42949,88932,19024,0.39783800807736486,0.3069723912026205
2624,0.2719,32,89,32,562750,42860,88964,18992,0.39701359813257253,0.3070555519627498
2625,0.272,34,66,34,562816,42794,88998,18958,0.396402237948794,0.3070022023578184
2626,0.2721,21,82,21,562898,42712,89019,18937,0.39564266923561453,0.3071744878262421
2627,0.2722,36,61,36,562959,42651,89055,18901,0.3950776242172737,0.30707369378736676
2628,0.2723,21,70,21,563029,42581,89076,18880,0.39442921190114494,0.3071866712224012
2629,0.2724,13,42,13,563071,42539,89089,18867,0.3940401645114676,0.30725010585284823
2630,0.2725,50,104,50,563175,42435,89139,18817,0.393076809070362,0.3072062953046431
2631,0.2726,22,91,22,563266,42344,89161,18795,0.39223387305939456,0.3074142527682821
2632,0.2727,35,66,35,563332,42278,89196,18760,0.391622512875616,0.3073495199711655
2633,0.2728,32,103,32,563435,42175,89228,18728,0.3906684204675979,0.307505377403412
2634,0.2729,21,72,21,563507,42103,89249,18707,0.390001482085294,0.307630323959875
2635,0.273,18,51,18,563558,42052,89267,18689,0.3895290673978287,0.3076834428145733
2636,0.2731,26,67,26,563625,41985,89293,18663,0.3889084441809626,0.3077265532251682
2637,0.2732,30,79,30,563704,41906,89323,18633,0.38817666456704586,0.307785064173508
2638,0.2733,27,51,27,563755,41855,89350,18606,0.3877042498795806,0.30773556507500704
2639,0.2734,37,76,37,563831,41779,89387,18569,0.38700025936492644,0.3076986809836283
2640,0.2735,24,58,24,563889,41721,89411,18545,0.38646300344584833,0.30771911193707896
2641,0.2736,31,72,31,563961,41649,89442,18514,0.3857960650635444,0.3077306650266775
2642,0.2737,27,89,27,564050,41560,89469,18487,0.3849716551187521,0.3078754975269372
2643,0.2738,34,89,34,564139,41471,89503,18453,0.38414724517395976,0.3079400574060477
2644,0.2739,23,63,23,564202,41408,89526,18430,0.38356367408944386,0.30799826197399643
2645,0.274,32,82,32,564284,41326,89558,18398,0.3828041053762644,0.3080503650123903
2646,0.2741,25,63,25,564347,41263,89583,18373,0.3822205342917485,0.3080857200348783
2647,0.2742,31,65,31,564412,41198,89614,18342,0.3816184371410575,0.3080618071884447
2648,0.2743,32,83,32,564495,41115,89646,18310,0.38084960539479046,0.3081194783340345
2649,0.2744,26,58,26,564553,41057,89672,18284,0.38031234947571235,0.30811749043662895
2650,0.2745,49,101,49,564654,40956,89721,18235,0.37937678313386936,0.30807048368839857
2651,0.2746,33,75,33,564729,40881,89754,18202,0.3786820556523028,0.30807508081850954
2652,0.2747,37,93,37,564822,40788,89791,18165,0.37782059357516024,0.30812681288484045
2653,0.2748,43,110,43,564932,40678,89834,18122,0.3768016599355293,0.3081972789115646
2654,0.2749,31,86,31,565018,40592,89865,18091,0.3760050390899996,0.3082834892558322
2655,0.275,28,110,28,565128,40482,89893,18063,0.37498610545036865,0.30853189853958496
2656,0.2751,13,53,13,565181,40429,89906,18050,0.3744951646967283,0.30865780878606
2657,0.2752,41,103,41,565284,40326,89947,18009,0.3735410722887102,0.3087168938030342
2658,0.2753,43,91,43,565375,40235,89990,17966,0.3726981362777428,0.3086888541433996
2659,0.2754,17,62,17,565437,40173,90007,17949,0.3721238282263144,0.30881593888716835
2660,0.2755,14,32,14,565469,40141,90021,17935,0.37182741116751267,0.308819477925477
2661,0.2756,22,72,22,565541,40069,90043,17913,0.3711604727852088,0.308940705736263
2662,0.2757,21,68,21,565609,40001,90064,17892,0.3705305865352551,0.30905290795087487
2663,0.2758,31,66,31,565675,39935,90095,17861,0.3699192263514765,0.3090352273513738
2664,0.2759,20,53,20,565728,39882,90115,17841,0.36942828559783614,0.3090795696689361
2665,0.276,22,80,22,565808,39802,90137,17819,0.36868724295083183,0.3092448933548533
2666,0.2761,39,70,39,565878,39732,90176,17780,0.36803883063470305,0.3091528724440117
2667,0.2762,59,146,59,566024,39586,90235,17721,0.36668642780392013,0.30922923901094107
2668,0.2763,61,72,61,566096,39514,90296,17660,0.3660194894216162,0.3088816594955749
2669,0.2764,37,79,37,566175,39435,90333,17623,0.3652877098076994,0.30886115882084897
2670,0.2765,24,59,24,566234,39376,90357,17599,0.36474119085553375,0.30888986397542784
2671,0.2766,31,87,31,566321,39289,90388,17568,0.3639353069769165,0.3089857009690979
2672,0.2767,32,68,32,566389,39221,90420,17536,0.3633054207269628,0.3089662949063552
2673,0.2768,23,43,23,566432,39178,90443,17513,0.36290711030419803,0.3089202871708031
2674,0.2769,32,85,32,566517,39093,90475,17481,0.3621197524917559,0.30899353059709406
2675,0.277,48,112,48,566629,38981,90523,17433,0.36108229278594983,0.30901903782748963
2676,0.2771,24,55,24,566684,38926,90547,17409,0.3605728259661343,0.30902636016685897
2677,0.2772,31,68,31,566752,38858,90578,17378,0.3599429397161807,0.30901913365104205
2678,0.2773,20,65,20,566817,38793,90598,17358,0.35934084256548965,0.3091307367633702
2679,0.2774,24,97,24,566914,38696,90622,17334,0.3584423283559969,0.30936998036766017
2680,0.2775,23,52,23,566966,38644,90645,17311,0.3579606506354441,0.30937360378875883
2681,0.2776,28,86,28,567052,38558,90673,17283,0.3571640297899144,0.3095037696316327
2682,0.2777,46,121,46,567173,38437,90719,17237,0.35604320278632035,0.3096059201781801
2683,0.2778,14,46,14,567219,38391,90733,17223,0.35561710326429286,0.30968820800517854
2684,0.2779,22,73,22,567292,38318,90755,17201,0.3549409018489014,0.309821862785713
2685,0.278,33,68,33,567360,38250,90788,17168,0.35431101559894773,0.3097910426215309
2686,0.2781,24,99,24,567459,38151,90812,17144,0.3533939753232799,0.3100461162853784
2687,0.2782,24,66,24,567525,38085,90836,17120,0.35278261513950127,0.3101168372430034
2688,0.2783,38,82,38,567607,38003,90874,17082,0.3520230464263218,0.31010256875737496
2689,0.2784,28,64,28,567671,37939,90902,17054,0.35143021230871835,0.31011219609768514
2690,0.2785,14,45,14,567716,37894,90916,17040,0.35101337581977843,0.3101904103105545
2691,0.2786,23,50,23,567766,37844,90939,17017,0.3505502241654007,0.3101839193598367
2692,0.2787,17,59,17,567825,37785,90956,17000,0.35000370521323504,0.3103039153052843
2693,0.2788,24,82,24,567907,37703,90980,16976,0.3492441365000556,0.31046654108524296
2694,0.2789,30,88,30,567995,37615,91010,16946,0.34842898958835083,0.3105881490441891
2695,0.279,21,46,21,568041,37569,91031,16925,0.3480028900663233,0.3105846515212684
2696,0.2791,39,94,39,568135,37475,91070,16886,0.3471321649560932,0.3106271039899928
2697,0.2792,34,81,34,568216,37394,91104,16852,0.34638185927600135,0.31065885042215097
2698,0.2793,21,59,21,568275,37335,91125,16831,0.3458353403238356,0.3107299782151165
2699,0.2794,35,82,35,568357,37253,91160,16796,0.34507577161065617,0.3107550555976984
2700,0.2795,23,70,23,568427,37183,91183,16773,0.3444273592945274,0.31086440803617765
2701,0.2796,10,59,10,568486,37124,91193,16763,0.3438808403423617,0.3110768831072429
2702,0.2797,21,54,21,568540,37070,91214,16742,0.3433806365556338,0.31112019623875714
2703,0.2798,19,62,19,568602,37008,91233,16723,0.3428063285042054,0.31123559956077496
2704,0.2799,28,69,28,568671,36939,91261,16695,0.3421671792211642,0.31127642913077525
2705,0.28,37,72,37,568743,36867,91298,16658,0.34150024083886027,0.3112190565156469
2706,0.2801,34,91,34,568834,36776,91332,16624,0.34065730482789286,0.31131086142322095
2707,0.2802,23,65,23,568899,36711,91355,16601,0.3400552076772018,0.3113933073229292
2708,0.2803,26,79,26,568978,36632,91381,16575,0.339323428063285,0.3115191610126487
2709,0.2804,16,56,16,569034,36576,91397,16559,0.338804698210382,0.3116401618518867
2710,0.2805,44,116,44,569150,36460,91441,16515,0.33773018637222574,0.3117508258612553
2711,0.2806,29,102,29,569252,36358,91470,16486,0.33678535699729517,0.31197486942699265
2712,0.2807,30,70,30,569322,36288,91500,16456,0.3361369446811664,0.31199757318367966
2713,0.2808,34,80,34,569402,36208,91534,16422,0.3353959020341621,0.3120273608208246
2714,0.2809,55,111,55,569513,36097,91589,16367,0.33436770536144356,0.3119663007014334
2715,0.281,29,61,29,569574,36036,91618,16338,0.33380266034310274,0.3119486768243785
2716,0.2811,27,56,27,569630,35980,91645,16311,0.3332839304901997,0.31192748274081583
2717,0.2812,19,46,19,569676,35934,91664,16292,0.33285783096817223,0.3119519013518171
2718,0.2813,22,63,22,569739,35871,91686,16270,0.33227425988365633,0.3120385109606644
2719,0.2814,48,149,48,569888,35722,91734,16222,0.3308940679536107,0.31229785923302017
2720,0.2815,33,70,33,569958,35652,91767,16189,0.3302456556374819,0.3122817846877954
2721,0.2816,9,28,9,569986,35624,91776,16180,0.3299862907110304,0.3123310941240059
2722,0.2817,36,75,36,570061,35549,91812,16144,0.32929156322946385,0.31230534114870484
2723,0.2818,29,56,29,570117,35493,91841,16115,0.3287728333765608,0.31225778949000155
2724,0.2819,10,42,10,570159,35451,91851,16105,0.32838378598688356,0.312378772596788
2725,0.282,10,49,10,570208,35402,91861,16095,0.3279298973655934,0.31254247820261377
2726,0.2821,24,76,24,570284,35326,91885,16071,0.3272259068509393,0.3126836196665175
2727,0.2822,11,54,11,570338,35272,91896,16060,0.32672570306421134,0.31286526922777214
2728,0.2823,31,92,31,570430,35180,91927,16029,0.32587350402015636,0.3130113847175301
2729,0.2824,14,45,14,570475,35135,91941,16015,0.32545666753121644,0.3130987292277615
2730,0.2825,21,57,21,570532,35078,91962,15994,0.32492867464522585,0.31316572681704263
2731,0.2826,29,66,29,570598,35012,91991,15965,0.32431731446144724,0.31318045393020383
2732,0.2827,20,88,20,570686,34924,92011,15945,0.3235021675497425,0.31345220075094854
2733,0.2828,32,104,32,570790,34820,92043,15913,0.32253881210863683,0.31366171919657815
2734,0.2829,15,45,15,570835,34775,92058,15898,0.3221219756196969,0.31373709865214217
2735,0.283,23,53,23,570888,34722,92081,15875,0.32163103486605654,0.31375377986837166
2736,0.2831,25,75,25,570963,34647,92106,15850,0.32093630738448997,0.3138800324771769
2737,0.2832,36,100,36,571063,34547,92142,15814,0.32001000407573454,0.3140128273862711
2738,0.2833,42,99,42,571162,34448,92184,15772,0.3190929638000667,0.31405814416567107
2739,0.2834,27,60,27,571222,34388,92211,15745,0.31853718181481344,0.31406458819540023
2740,0.2835,11,36,11,571258,34352,92222,15734,0.3182037126236615,0.31413967975082857
2741,0.2836,22,75,22,571333,34277,92244,15712,0.3175089851420949,0.31430914801256277
2742,0.2837,17,58,17,571391,34219,92261,15695,0.3169717292230168,0.3144408382417759
2743,0.2838,24,96,24,571487,34123,92285,15671,0.3160824780466116,0.3147166325260071
2744,0.2839,41,77,41,571564,34046,92326,15630,0.3153692244988699,0.314638859811579
2745,0.284,12,58,12,571622,33988,92338,15618,0.3148319685797918,0.31484094665967827
2746,0.2841,21,70,21,571692,33918,92359,15597,0.31418355626366296,0.31499545592244776
2747,0.2842,29,79,29,571771,33839,92388,15568,0.3134517766497462,0.3150970510251584
2748,0.2843,24,78,24,571849,33761,92412,15544,0.312729260068917,0.31526214379880335
2749,0.2844,32,97,32,571946,33664,92444,15512,0.3118307458594242,0.3154384252480885
2750,0.2845,48,121,48,572067,33543,92492,15464,0.31070991885583016,0.3155467586263187
2751,0.2846,10,24,10,572091,33519,92502,15454,0.31048760606172887,0.3155616360035121
2752,0.2847,32,84,32,572175,33435,92534,15422,0.3097095112823743,0.3156558937306834
2753,0.2848,16,32,16,572207,33403,92550,15406,0.30941309422357255,0.3156385092913192
2754,0.2849,18,62,18,572269,33341,92568,15388,0.3088387861721442,0.3157873135094092
2755,0.285,22,60,22,572329,33281,92590,15366,0.308283004186891,0.3158673710609082
2756,0.2851,20,53,20,572382,33228,92610,15346,0.3077920634332506,0.31593033310001234
2757,0.2852,38,122,38,572504,33106,92648,15308,0.306661973396569,0.31618953195356714
2758,0.2853,36,94,36,572598,33012,92684,15272,0.30579124828633886,0.3162952530859084
2759,0.2854,25,67,25,572665,32945,92709,15247,0.30517062506947273,0.31638031208499334
2760,0.2855,24,75,24,572740,32870,92733,15223,0.30447589758790616,0.31653255151477344
2761,0.2856,19,78,19,572818,32792,92752,15204,0.30375338100707694,0.3167763980331694
2762,0.2857,8,27,8,572845,32765,92760,15196,0.303503279113713,0.3168407664560789
2763,0.2858,27,80,27,572925,32685,92787,15169,0.30276223646670863,0.31698499602959
2764,0.2859,21,64,21,572989,32621,92808,15148,0.30216940234910517,0.31710942242877177
2765,0.286,25,82,25,573071,32539,92833,15123,0.3014098336359258,0.31729679828794427
2766,0.2861,19,65,19,573136,32474,92852,15104,0.30080773648523473,0.31745764849300095
2767,0.2862,13,56,13,573192,32418,92865,15091,0.3002890066323317,0.31764507777473744
2768,0.2863,20,41,20,573233,32377,92885,15071,0.29990922227574196,0.3176319339065925
2769,0.2864,20,69,20,573302,32308,92905,15051,0.29927007299270075,0.3178065415232585
2770,0.2865,16,62,16,573364,32246,92921,15035,0.29869576494127237,0.3179924282481335
2771,0.2866,57,112,57,573476,32134,92978,14978,0.2976583052354663,0.31792324673119376
2772,0.2867,12,35,12,573511,32099,92990,14966,0.2973340990774019,0.3179857643684266
2773,0.2868,33,74,33,573585,32025,93023,14933,0.2966486346289229,0.31800758124281275
2774,0.2869,24,67,24,573652,31958,93047,14909,0.29602801141205676,0.3181129579448226
2775,0.287,32,86,32,573738,31872,93079,14877,0.2952313905665271,0.3182314060193801
2776,0.2871,22,64,22,573802,31808,93101,14855,0.2946385564489236,0.31834644150611835
2777,0.2872,30,62,30,573864,31746,93131,14825,0.2940642483974953,0.3183311502866591
2778,0.2873,15,50,15,573914,31696,93146,14810,0.2936010967431176,0.3184535328774782
2779,0.2874,25,91,25,574005,31605,93171,14785,0.2927581607321501,0.318710929079543
2780,0.2875,20,42,20,574047,31563,93191,14765,0.29236911334247284,0.31870575030219306
2781,0.2876,32,61,32,574108,31502,93223,14733,0.291804068324132,0.3186546988212393
2782,0.2877,33,96,33,574204,31406,93256,14700,0.2909148171477269,0.3188305209734091
2783,0.2878,43,73,43,574277,31333,93299,14657,0.2902386157323354,0.3186997173298543
2784,0.2879,17,57,17,574334,31276,93316,14640,0.2897106228463448,0.31884310480006967
2785,0.288,31,100,31,574434,31176,93347,14609,0.2887843195375894,0.3190783007535219
2786,0.2881,27,62,27,574496,31114,93374,14582,0.28821001148616104,0.31910889355742295
2787,0.2882,14,43,14,574539,31071,93388,14568,0.2878117010633962,0.3192006836258463
2788,0.2883,26,59,26,574598,31012,93414,14542,0.2872651821112305,0.3192255345304474
2789,0.2884,21,43,21,574641,30969,93435,14521,0.2868668716884657,0.31921301384919765
2790,0.2885,44,82,44,574723,30887,93479,14477,0.28610730297528625,0.3191297063750992
2791,0.2886,15,38,15,574761,30849,93494,14462,0.28575530771795915,0.3191719450023173
2792,0.2887,40,116,40,574877,30733,93534,14422,0.2846807958798029,0.31938877200752963
2793,0.2888,25,59,25,574936,30674,93559,14397,0.2841342769276372,0.3194293448115196
2794,0.2889,25,51,25,574987,30623,93584,14372,0.2836618622401719,0.31941326814090454
2795,0.289,29,73,29,575060,30550,93613,14343,0.28298566082478044,0.3194930167286659
2796,0.2891,23,42,23,575102,30508,93636,14320,0.28259661343510317,0.31944320513964486
2797,0.2892,13,50,13,575152,30458,93649,14307,0.28213346178072546,0.31960236792136715
2798,0.2893,14,21,14,575173,30437,93663,14293,0.2819389380858868,0.3195394589760787
2799,0.2894,40,48,40,575221,30389,93703,14253,0.28149431249768425,0.3192733300479369
2800,0.2895,32,78,32,575299,30311,93735,14221,0.280771795916855,0.31934339351477586
2801,0.2896,20,52,20,575351,30259,93755,14201,0.2802901181963022,0.31941070625281154
2802,0.2897,8,20,8,575371,30239,93763,14193,0.2801048575345511,0.31943194094346417
2803,0.2898,10,37,10,575408,30202,93773,14183,0.2797621253103116,0.3195448912921032
2804,0.2899,15,69,15,575477,30133,93788,14168,0.2791229760272704,0.31981219385566917
2805,0.29,25,30,25,575507,30103,93813,14143,0.2788450850346437,0.3196447136464313
2806,0.2901,14,63,14,575570,30040,93827,14129,0.2782615139501278,0.31988498720822295
2807,0.2902,13,45,13,575615,29995,93840,14116,0.2778446774611879,0.32001088163950037
2808,0.2903,27,78,27,575693,29917,93867,14089,0.2771221608803587,0.32016088715175206
2809,0.2904,26,75,26,575768,29842,93893,14063,0.2764274333987921,0.32030520441863114
2810,0.2905,13,25,13,575793,29817,93906,14050,0.27619585757160325,0.32028632001276586
2811,0.2906,22,61,22,575854,29756,93928,14028,0.27563081255326244,0.32039101041476337
2812,0.2907,24,59,24,575913,29697,93952,14004,0.27508429360109676,0.32045033294432623
2813,0.2908,47,122,47,576035,29575,93999,13957,0.27395420356441513,0.3206147202058256
2814,0.2909,14,51,14,576086,29524,94013,13943,0.27348178887694985,0.3207720799687119
2815,0.291,20,76,20,576162,29448,94033,13923,0.27277779836229576,0.32102095870512554
2816,0.2911,31,56,31,576218,29392,94064,13892,0.27225906850939274,0.32095000462064505
2817,0.2912,39,82,39,576300,29310,94103,13853,0.2714994997962133,0.3209461807566666
2818,0.2913,30,79,30,576379,29231,94133,13823,0.2707677201822965,0.3210619222371905
2819,0.2914,43,117,43,576496,29114,94176,13780,0.26968394531105266,0.3212570522683825
2820,0.2915,38,75,38,576571,29039,94214,13742,0.2689892178294861,0.3212173628479933
2821,0.2916,47,107,47,576678,28932,94261,13695,0.2679980732891178,0.3212752480822014
2822,0.2917,22,63,22,576741,28869,94283,13673,0.2674145022046019,0.32140002820741853
2823,0.2918,28,87,28,576828,28782,94311,13645,0.26660861832598465,0.32161123812666464
2824,0.2919,14,57,14,576885,28725,94325,13631,0.26608062543999406,0.3218198130135046
2825,0.292,13,41,13,576926,28684,94338,13618,0.26570084108340436,0.3219233133185192
2826,0.2921,13,50,13,576976,28634,94351,13605,0.26523768942902665,0.32209569355335116
2827,0.2922,27,74,27,577050,28560,94378,13578,0.26455222498054765,0.3222269685319664
2828,0.2923,15,54,15,577104,28506,94393,13563,0.2640520211938197,0.32239891606646226
2829,0.2924,20,56,20,577160,28450,94413,13543,0.2635332913409167,0.32250613197437666
2830,0.2925,11,36,11,577196,28414,94424,13532,0.26319982214976473,0.3226052543746722
2831,0.2926,28,68,28,577264,28346,94452,13504,0.26256993589981104,0.3226762246117085
2832,0.2927,26,66,26,577330,28280,94478,13478,0.2619585757160325,0.32276450021552755
2833,0.2928,12,50,12,577380,28230,94490,13466,0.26149542406165477,0.3229566385264774
2834,0.2929,36,64,36,577444,28166,94526,13430,0.2609025899440513,0.32286758342148286
2835,0.293,24,50,24,577494,28116,94550,13406,0.2604394382896736,0.3228649872356823
2836,0.2931,20,63,20,577557,28053,94570,13386,0.25985586720515763,0.32302903062332583
2837,0.2932,13,48,13,577605,28005,94583,13373,0.25941124161695506,0.3231910677171444
2838,0.2933,24,102,24,577707,27903,94607,13349,0.25846641224202455,0.3235964316881606
2839,0.2934,26,76,26,577783,27827,94633,13323,0.2577624217273704,0.3237667071688943
2840,0.2935,12,53,12,577836,27774,94645,13311,0.25727148097373004,0.323986856516977
2841,0.2936,56,101,56,577937,27673,94701,13255,0.25633591463188704,0.3238614151681001
2842,0.2937,13,30,13,577967,27643,94714,13242,0.25605802363926045,0.32388406506053563
2843,0.2938,26,97,26,578064,27546,94740,13216,0.2551595094297677,0.32422354153378147
2844,0.2939,19,56,19,578120,27490,94759,13197,0.25464077957686465,0.3243542163344557
2845,0.294,22,40,22,578160,27450,94781,13175,0.25427025825336247,0.3243076923076923
2846,0.2941,19,46,19,578206,27404,94800,13156,0.253844158731335,0.3243589743589744
2847,0.2942,23,52,23,578258,27352,94823,13133,0.2533624810107822,0.3243917500308756
2848,0.2943,33,65,33,578323,27287,94856,13100,0.25276038386009114,0.32436179958897665
2849,0.2944,29,47,29,578370,27240,94885,13071,0.2523250213049761,0.3242539257274689
2850,0.2945,26,50,26,578420,27190,94911,13045,0.25186186965059837,0.32422020628805764
2851,0.2946,29,77,29,578497,27113,94940,13016,0.2511486161028567,0.3243539584838895
2852,0.2947,40,75,40,578572,27038,94980,12976,0.25045388862129014,0.3242864997250962
2853,0.2948,13,42,13,578614,26996,94993,12963,0.2500648412316129,0.3244075177056483
2854,0.2949,25,58,25,578672,26938,95018,12938,0.24952758531253474,0.32445581302036314
2855,0.295,36,101,36,578773,26837,95054,12902,0.24859201897069177,0.3246684617126752
2856,0.2951,12,43,12,578816,26794,95066,12890,0.24819370854792694,0.3248160467694789
2857,0.2952,24,48,24,578864,26746,95090,12866,0.24774908295972434,0.3248005654852065
2858,0.2953,27,84,27,578948,26662,95117,12839,0.24697098818036978,0.32502974608237767
2859,0.2954,29,56,29,579004,26606,95146,12810,0.24645225832746676,0.3249949259184088
2860,0.2955,23,47,23,579051,26559,95169,12787,0.2460168957723517,0.32498856300513396
2861,0.2956,14,64,14,579115,26495,95183,12773,0.24542406165474823,0.32527757970866866
2862,0.2957,30,104,30,579219,26391,95213,12743,0.2444607062136426,0.32562477640926046
2863,0.2958,18,35,18,579254,26356,95231,12725,0.2441365000555782,0.32560579309638954
2864,0.2959,28,81,28,579335,26275,95259,12697,0.2433861943754863,0.32579800882685006
2865,0.296,19,62,19,579397,26213,95278,12678,0.24281188632405795,0.3259880177933198
2866,0.2961,43,59,43,579456,26154,95321,12635,0.24226536737189225,0.32573667792415373
2867,0.2962,11,30,11,579486,26124,95332,12624,0.24198747637926563,0.32579746051409103
2868,0.2963,25,106,25,579592,26018,95357,12599,0.2410055948719849,0.32625527617370587
2869,0.2964,28,58,28,579650,25960,95385,12571,0.24046833895290673,0.3262567802548597
2870,0.2965,39,55,39,579705,25905,95424,12532,0.23995887213309125,0.32604001352863127
2871,0.2966,17,35,17,579740,25870,95441,12515,0.23963466597502686,0.32603881724632017
2872,0.2967,29,61,29,579801,25809,95470,12486,0.23906962095668605,0.32604778691735214
2873,0.2968,35,68,35,579869,25741,95505,12451,0.23843973470673238,0.3260106828655216
2874,0.2969,30,37,30,579906,25704,95535,12421,0.23809700248249288,0.3257967213114754
2875,0.297,25,31,25,579937,25673,95560,12396,0.2378098484567787,0.3256192702724001
2876,0.2971,10,27,10,579964,25646,95570,12386,0.23755974656341472,0.3256731173748422
2877,0.2972,27,64,27,580028,25582,95597,12359,0.23696691244581125,0.3257426003531799
2878,0.2973,24,41,24,580069,25541,95621,12335,0.23658712808922153,0.3256679691625304
2879,0.2974,28,52,28,580121,25489,95649,12307,0.23610545036866873,0.32561646735104244
2880,0.2975,15,60,15,580181,25429,95664,12292,0.23554966838341546,0.32586622836086
2881,0.2976,28,106,28,580287,25323,95692,12264,0.23456778687613472,0.32628302338574505
2882,0.2977,20,35,20,580322,25288,95712,12244,0.23424358071807033,0.3262282851966322
2883,0.2978,17,41,17,580363,25247,95729,12227,0.2338637963614806,0.3262795538239846
2884,0.2979,30,53,30,580416,25194,95759,12197,0.23337285560784024,0.3262014923377283
2885,0.298,13,23,13,580439,25171,95772,12184,0.2331598058468265,0.32616784901619594
2886,0.2981,40,73,40,580512,25098,95812,12144,0.23248360443143504,0.3260834541646528
2887,0.2982,17,39,17,580551,25059,95829,12127,0.23212234614102042,0.32611735599419134
2888,0.2983,27,67,27,580618,24992,95856,12100,0.23150172292415427,0.3262158956109134
2889,0.2984,8,18,8,580636,24974,95864,12092,0.23133498832857832,0.3262288890087951
2890,0.2985,33,78,33,580714,24896,95897,12059,0.23061247174774907,0.3263157894736842
2891,0.2986,17,20,17,580734,24876,95914,12042,0.230427211085998,0.32618235007313506
2892,0.2987,13,31,13,580765,24845,95927,12029,0.23014005706028381,0.3262190161089114
2893,0.2988,22,38,22,580803,24807,95949,12007,0.22978806180295677,0.3261530939316564
2894,0.2989,14,33,14,580836,24774,95963,11993,0.22948238171106747,0.3261892457910626
2895,0.299,19,45,19,580881,24729,95982,11974,0.22906554522212752,0.3262403618232842
2896,0.2991,21,42,21,580923,24687,96003,11953,0.22867649783245025,0.3262281659388646
2897,0.2992,26,59,26,580982,24628,96029,11927,0.22812997888028455,0.32627547531117496
2898,0.2993,33,89,33,581071,24539,96062,11894,0.22730556893549222,0.3264622732138446
2899,0.2994,30,64,30,581135,24475,96092,11864,0.22671273481788876,0.3264811910069072
2900,0.2995,14,42,14,581177,24433,96106,11850,0.2263236874282115,0.3265992338009536
2901,0.2996,16,33,16,581210,24400,96122,11834,0.2260180073363222,0.3265993265993266
2902,0.2997,15,34,15,581244,24366,96137,11819,0.22570306421134537,0.32662705540970016
2903,0.2998,14,33,14,581277,24333,96151,11805,0.22539738411945606,0.32666445293043334
2904,0.2999,15,32,15,581309,24301,96166,11790,0.22510096706065433,0.3266742401152642
2905,0.3,23,32,23,581341,24269,96189,11767,0.2248045500018526,0.3265345765345765
2906,0.3001,33,80,33,581421,24189,96222,11734,0.22406350735484828,0.326643097736826
2907,0.3002,11,17,11,581438,24172,96233,11723,0.22390603579235985,0.3265914472767795
2908,0.3003,38,99,38,581537,24073,96271,11685,0.222988995516692,0.32678002125398514
2909,0.3004,30,91,30,581628,23982,96301,11655,0.22214605950572455,0.3270477312905127
2910,0.3005,32,66,32,581694,23916,96333,11623,0.22153469932194597,0.327049157263851
2911,0.3006,27,51,27,581745,23865,96360,11596,0.22106228463448072,0.32700713459857306
2912,0.3007,44,100,44,581845,23765,96404,11552,0.2201359813257253,0.3270946003341167
2913,0.3008,31,84,31,581929,23681,96435,11521,0.21935788654637076,0.3272825407647293
2914,0.3009,24,50,24,581979,23631,96459,11497,0.21889473489199304,0.3272887724891824
2915,0.301,10,37,10,582016,23594,96469,11487,0.21855200266775354,0.3274422051822924
2916,0.3011,26,56,26,582072,23538,96495,11461,0.2180332728148505,0.3274664990428298
2917,0.3012,21,69,21,582141,23469,96516,11440,0.21739412353180926,0.3277091867426738
2918,0.3013,24,36,24,582177,23433,96540,11416,0.2170606543406573,0.32758472266062155
2919,0.3014,8,37,8,582214,23396,96548,11408,0.2167179221164178,0.3277784162739915
2920,0.3015,6,28,6,582242,23368,96554,11402,0.2164585571899663,0.327926373310325
2921,0.3016,16,29,16,582271,23339,96570,11386,0.2161899292304272,0.3278905687544996
2922,0.3017,13,30,13,582301,23309,96583,11373,0.21591203823780059,0.327922265151952
2923,0.3018,22,47,22,582348,23262,96605,11351,0.21547667568268553,0.3279403692254355
2924,0.3019,14,40,14,582388,23222,96619,11337,0.21510615435918337,0.32804768656500477
2925,0.302,14,40,14,582428,23182,96633,11323,0.21473563303568122,0.32815533980582523
2926,0.3021,35,73,35,582501,23109,96668,11288,0.21405943162028976,0.32816815419949413
2927,0.3022,14,32,14,582533,23077,96682,11274,0.21376301456148802,0.32820005240022126
2928,0.3023,11,31,11,582564,23046,96693,11263,0.21347586053577383,0.3282812090122125
2929,0.3024,31,52,31,582616,22994,96724,11232,0.212994182815221,0.3281715654765383
2930,0.3025,32,79,32,582695,22915,96756,11200,0.21226240320130424,0.32830133372416825
2931,0.3026,30,62,30,582757,22853,96786,11170,0.21168809514987588,0.3283073215177968
2932,0.3027,12,19,12,582776,22834,96798,11158,0.21151209752121233,0.32825370675453047
2933,0.3028,16,47,16,582823,22787,96814,11142,0.2110767349660973,0.3283916413687406
2934,0.3029,19,66,19,582889,22721,96833,11123,0.21046537478231872,0.32865500531852027
2935,0.303,23,93,23,582982,22628,96856,11100,0.20960391270517617,0.3291034155597723
2936,0.3031,22,47,22,583029,22581,96878,11078,0.20916855015006114,0.3291244540836032
2937,0.3032,17,60,17,583089,22521,96895,11061,0.2086127681648079,0.32937287832767553
2938,0.3033,40,65,40,583154,22456,96935,11021,0.20801067101411685,0.32921110015831767
2939,0.3034,12,35,12,583189,22421,96947,11009,0.20768646485605247,0.3293149865390368
2940,0.3035,20,51,20,583240,22370,96967,10989,0.2072140501685872,0.32941634941095355
2941,0.3036,40,85,40,583325,22285,97007,10949,0.2064266923561451,0.3294517662634651
2942,0.3037,29,45,29,583370,22240,97036,10920,0.20600985586720516,0.3293124246079614
2943,0.3038,12,21,12,583391,22219,97048,10908,0.20581533217236653,0.329278232257675
2944,0.3039,13,22,13,583413,22197,97061,10895,0.20561154544444032,0.3292336516378581
2945,0.304,26,43,26,583456,22154,97087,10869,0.2052132350216755,0.3291342397722799
2946,0.3041,20,31,20,583487,22123,97107,10849,0.20492608099596132,0.3290367584617251
2947,0.3042,19,43,19,583530,22080,97126,10830,0.2045277705731965,0.3290793072014585
2948,0.3043,15,43,15,583573,22037,97141,10815,0.20412946015043165,0.3292037014489224
2949,0.3044,18,36,18,583609,22001,97159,10797,0.2037959909592797,0.3291969022501372
2950,0.3045,18,50,18,583659,21951,97177,10779,0.203332839304902,0.32933088909257563
2951,0.3046,22,32,22,583691,21919,97199,10757,0.20303642224610027,0.3292018606928633
2952,0.3047,23,32,23,583723,21887,97222,10734,0.20274000518729854,0.32905183777321356
2953,0.3048,10,66,10,583789,21821,97232,10724,0.20212864500351996,0.3295129820248886
2954,0.3049,35,57,35,583846,21764,97267,10689,0.20160065211752937,0.32936862539672757
2955,0.305,19,31,19,583877,21733,97286,10670,0.20131349809181517,0.3292904977934142
2956,0.3051,35,65,35,583942,21668,97321,10635,0.20071140094112416,0.3292263876420147
2957,0.3052,8,37,8,583979,21631,97329,10627,0.20036866871688466,0.32943765887531773
2958,0.3053,7,29,7,584008,21602,97336,10620,0.20010004075734558,0.3295884799205512
2959,0.3054,21,49,21,584057,21553,97357,10599,0.19964615213605544,0.3296528987310276
2960,0.3055,21,25,21,584082,21528,97378,10578,0.19941457630886658,0.3294711268921697
2961,0.3056,26,58,26,584140,21470,97404,10552,0.19887732038978842,0.3295234526263194
2962,0.3057,25,52,25,584192,21418,97429,10527,0.19839564266923562,0.3295351385193301
2963,0.3058,22,54,22,584246,21364,97451,10505,0.19789543888250768,0.32963067557814807
2964,0.3059,8,21,8,584267,21343,97459,10497,0.19770091518766905,0.32967964824120605
2965,0.306,17,34,17,584301,21309,97476,10480,0.1973859720626922,0.32967378652993173
2966,0.3061,28,63,28,584364,21246,97504,10452,0.1968024009781763,0.32973689191747113
2967,0.3062,27,65,27,584429,21181,97531,10425,0.19620030382748527,0.3298424349806999
2968,0.3063,13,38,13,584467,21143,97544,10412,0.19584830857015822,0.3299635556964031
2969,0.3064,10,26,10,584493,21117,97554,10402,0.1956074697098818,0.3300231606332688
2970,0.3065,4,29,4,584522,21088,97558,10398,0.19533884175034275,0.33024201232293715
2971,0.3066,34,49,34,584571,21039,97592,10364,0.19488495312905257,0.33003216253224216
2972,0.3067,11,36,11,584607,21003,97603,10353,0.19455148393790062,0.33017604286261004
2973,0.3068,12,26,12,584633,20977,97615,10341,0.19431064507762422,0.33019349894629285
2974,0.3069,33,53,33,584686,20924,97648,10308,0.19381970432398385,0.33004610655737704
2975,0.307,14,37,14,584723,20887,97662,10294,0.19347697209974435,0.3301369423687502
2976,0.3071,21,38,21,584761,20849,97683,10273,0.19312497684241728,0.3300880406143564
2977,0.3072,10,47,10,584808,20802,97693,10263,0.19268961428730225,0.33037180106228875
2978,0.3073,15,40,15,584848,20762,97708,10248,0.19231909296380006,0.33047404063205416
2979,0.3074,4,15,4,584863,20747,97712,10244,0.19218014746748677,0.33054757832919235
2980,0.3075,41,110,41,584973,20637,97753,10203,0.19116121382785578,0.33083657587548637
2981,0.3076,21,66,21,585039,20571,97774,10182,0.19054985364407723,0.33108964979026434
2982,0.3077,15,29,15,585068,20542,97789,10167,0.19028122568453815,0.33107558044872837
2983,0.3078,30,54,30,585122,20488,97819,10137,0.1897810218978102,0.33100408163265305
2984,0.3079,27,51,27,585173,20437,97846,10110,0.18930860721034495,0.3309653975840508
2985,0.308,22,44,22,585217,20393,97868,10088,0.18890103375449258,0.33096027033233816
2986,0.3081,29,96,29,585313,20297,97897,10059,0.18801178257808737,0.3313677691395441
2987,0.3082,5,34,5,585347,20263,97902,10054,0.18769683945311053,0.331629118976152
2988,0.3083,16,38,16,585385,20225,97918,10038,0.18734484419578346,0.3316921653504279
2989,0.3084,29,69,29,585454,20156,97947,10009,0.18670569491274222,0.3318083872037129
2990,0.3085,21,59,21,585513,20097,97968,9988,0.18615917596057655,0.3319926873857404
2991,0.3086,13,33,13,585546,20064,97981,9975,0.18585349586868724,0.33206831119544594
2992,0.3087,34,75,34,585621,19989,98015,9941,0.18515876838712067,0.33214166388239225
2993,0.3088,21,65,21,585686,19924,98036,9920,0.18455667123642966,0.3323951212974132
2994,0.3089,5,28,5,585714,19896,98041,9915,0.18429730630997815,0.33259535070946966
2995,0.309,25,56,25,585770,19840,98066,9890,0.1837785764570751,0.3326606121762529
2996,0.3091,11,37,11,585807,19803,98077,9879,0.1834358442328356,0.3328279765514453
2997,0.3092,19,52,19,585859,19751,98096,9860,0.18295416651228277,0.332984363918814
2998,0.3093,18,42,18,585901,19709,98114,9842,0.1825651191226055,0.33305133498020373
2999,0.3094,16,30,16,585931,19679,98130,9826,0.18228722812997888,0.3330283002880868
3000,0.3095,14,35,14,585966,19644,98144,9812,0.1819630219719145,0.3331070070613797
3001,0.3096,29,65,29,586031,19579,98173,9783,0.18136092482122346,0.3331857502894898
3002,0.3097,14,44,14,586075,19535,98187,9769,0.18095335136537108,0.33336745836745835
3003,0.3098,25,45,25,586120,19490,98212,9744,0.18053651487643113,0.33331052883628653
3004,0.3099,24,39,24,586159,19451,98236,9720,0.18017525658601652,0.33320763772239553
3005,0.31,22,77,22,586236,19374,98258,9698,0.17946200303827486,0.33358558062740784
3006,0.3101,14,33,14,586269,19341,98272,9684,0.17915632294638556,0.33364341085271315
3007,0.3102,8,19,8,586288,19322,98280,9676,0.17898032531772204,0.33367818470239324
3008,0.3103,26,56,26,586344,19266,98306,9650,0.178461595464819,0.33372527320514594
3009,0.3104,5,10,5,586354,19256,98311,9645,0.17836896513394346,0.33372547662710633
3010,0.3105,19,53,19,586407,19203,98330,9626,0.1778780243803031,0.33389989246938845
3011,0.3106,11,36,11,586443,19167,98341,9615,0.17754455518915113,0.3340629560141755
3012,0.3107,15,41,15,586484,19126,98356,9600,0.1771647708325614,0.3341920211654947
3013,0.3108,31,60,31,586544,19066,98387,9569,0.17660898884730816,0.33417146848262613
3014,0.3109,19,38,19,586582,19028,98406,9550,0.1762569935899811,0.3341731401777591
3015,0.311,55,108,55,586690,18920,98461,9495,0.17525658601652525,0.3341544958648601
3016,0.3111,12,27,12,586717,18893,98473,9483,0.17500648412316128,0.33419086552015786
3017,0.3112,15,51,15,586768,18842,98488,9468,0.17453406943569602,0.33444012716354643
3018,0.3113,10,19,10,586787,18823,98498,9458,0.1743580718070325,0.334429475619674
3019,0.3114,7,21,7,586808,18802,98505,9451,0.17416354811219387,0.334513149046119
3020,0.3115,5,20,5,586828,18782,98510,9446,0.17397828745044278,0.33463228000566814
3021,0.3116,16,45,16,586873,18737,98526,9430,0.17356145096150283,0.33478893740902477
3022,0.3117,17,39,17,586912,18698,98543,9413,0.17320019267108822,0.33485112589377825
3023,0.3118,15,40,15,586952,18658,98558,9398,0.17282967134758606,0.3349729113202167
3024,0.3119,14,21,14,586973,18637,98572,9384,0.17263514765274743,0.33489168837657474
3025,0.312,12,38,12,587011,18599,98584,9372,0.17228315239542036,0.33506131350327123
3026,0.3121,6,31,6,587042,18568,98590,9366,0.17199599836970617,0.33529032719982815
3027,0.3122,12,43,12,587085,18525,98602,9354,0.17159768794694136,0.335521360163564
3028,0.3123,26,47,26,587132,18478,98628,9328,0.1711623253918263,0.33546716535999427
3029,0.3124,19,50,19,587182,18428,98647,9309,0.17069917373744858,0.3356166852940116
3030,0.3125,18,30,18,587212,18398,98665,9291,0.17042128274482196,0.33554841272707575
3031,0.3126,12,25,12,587237,18373,98677,9279,0.1701897069176331,0.3355634312165485
3032,0.3127,11,41,11,587278,18332,98688,9268,0.16980992256104338,0.3357971014492754
3033,0.3128,9,16,9,587294,18316,98697,9259,0.1696617140316425,0.3357751586582049
3034,0.3129,21,49,21,587343,18267,98718,9238,0.16920782541035237,0.3358662061443374
3035,0.313,24,31,24,587374,18236,98742,9214,0.16892067138463818,0.3356648451730419
3036,0.3131,25,53,25,587427,18183,98767,9189,0.1684297306309978,0.33570802279701883
3037,0.3132,17,34,17,587461,18149,98784,9172,0.16811478750602096,0.3357124556202189
3038,0.3133,12,31,12,587492,18118,98796,9160,0.1678276334803068,0.33580174499596743
3039,0.3134,16,43,16,587535,18075,98812,9144,0.16742932305754196,0.3359418053565524
3040,0.3135,15,13,15,587548,18062,98827,9129,0.16730890362740375,0.33573608914714426
3041,0.3136,25,15,25,587563,18047,98852,9104,0.16716995813109045,0.33530993333578873
3042,0.3137,14,49,14,587612,17998,98866,9090,0.16671606950980028,0.33557294743059657
3043,0.3138,12,26,12,587638,17972,98878,9078,0.16647523064952388,0.3356007393715342
3044,0.3139,12,23,12,587661,17949,98890,9066,0.16626218088851014,0.33559133814547476
3045,0.314,24,53,24,587714,17896,98914,9042,0.16577124013486977,0.3356596629296904
3046,0.3141,11,43,11,587757,17853,98925,9031,0.16537292971210493,0.33592471358428805
3047,0.3142,15,35,15,587792,17818,98940,9016,0.16504872355404054,0.3359916523813073
3048,0.3143,25,54,25,587846,17764,98965,8991,0.1645485197673126,0.3360493365726033
3049,0.3144,37,82,37,587928,17682,99002,8954,0.16378895105413316,0.33616158582369726
3050,0.3145,11,39,11,587967,17643,99013,8943,0.16342769276371855,0.3363800496501918
3051,0.3146,13,24,13,587991,17619,99026,8930,0.16320537996961726,0.3363591849033862
3052,0.3147,21,39,21,588030,17580,99047,8909,0.16284412167920265,0.33632828721356034
3053,0.3148,7,24,7,588054,17556,99054,8902,0.16262180888510133,0.3364577821452869
3054,0.3149,26,44,26,588098,17512,99080,8876,0.16221423542924895,0.33636501440048505
3055,0.315,24,41,24,588139,17471,99104,8852,0.16183445107265923,0.33628385822284695
3056,0.3151,19,30,19,588169,17441,99123,8833,0.1615565600800326,0.3361878663317348
3057,0.3152,16,69,16,588238,17372,99139,8817,0.16091741079699137,0.3366680667455802
3058,0.3153,10,37,10,588275,17335,99149,8807,0.16057467857275187,0.33689082702165096
3059,0.3154,33,83,33,588358,17252,99182,8774,0.15980584682648485,0.337124414047491
3060,0.3155,16,56,16,588414,17196,99198,8758,0.15928711697358183,0.33744316868305463
3061,0.3156,20,45,20,588459,17151,99218,8738,0.15887028048464188,0.3375178647301943
3062,0.3157,18,45,18,588504,17106,99236,8720,0.15845344399570196,0.337644234492372
3063,0.3158,29,80,29,588584,17026,99265,8691,0.15771240134869763,0.3379476610802193
3064,0.3159,8,22,8,588606,17004,99273,8683,0.15750861462077143,0.33803091057733486
3065,0.316,21,63,21,588669,16941,99294,8662,0.1569250435362555,0.3383197281568566
3066,0.3161,22,50,22,588719,16891,99316,8640,0.1564618918818778,0.33841212643453056
3067,0.3162,25,54,25,588773,16837,99341,8615,0.15596168809514988,0.33848027659908847
3068,0.3163,15,29,15,588802,16808,99356,8600,0.1556930601356108,0.3384760705289673
3069,0.3164,27,57,27,588859,16751,99383,8573,0.1551650672496202,0.3385326172800505
3070,0.3165,16,34,16,588893,16717,99399,8557,0.15485012412464338,0.33856928068370656
3071,0.3166,5,29,5,588922,16688,99404,8552,0.1545814961651043,0.3388272583201268
3072,0.3167,24,32,24,588954,16656,99428,8528,0.15428507910630257,0.3386277001270648
3073,0.3168,12,35,12,588989,16621,99440,8516,0.15396087294823818,0.33878346660301545
3074,0.3169,8,25,8,589014,16596,99448,8508,0.15372929712104932,0.3389101338432122
3075,0.317,14,41,14,589055,16555,99462,8494,0.1533495127644596,0.3390953730687852
3076,0.3171,9,39,9,589094,16516,99471,8485,0.152988254474045,0.33938642454301826
3077,0.3172,4,18,4,589112,16498,99475,8481,0.152821519878469,0.33952520116898194
3078,0.3173,21,47,21,589159,16451,99496,8460,0.15238615732335395,0.3396090080687247
3079,0.3174,31,72,31,589231,16379,99527,8429,0.15171921894105006,0.3397694292163818
3080,0.3175,10,20,10,589251,16359,99537,8419,0.15153395827929897,0.3397772217289531
3081,0.3176,23,35,23,589286,16324,99560,8396,0.15120975212123458,0.3396440129449838
3082,0.3177,19,45,19,589331,16279,99579,8377,0.15079291563229463,0.339755029201817
3083,0.3178,9,29,9,589360,16250,99588,8368,0.15052428767275558,0.3399138841498091
3084,0.3179,13,33,13,589393,16217,99601,8355,0.15021860758086628,0.34002116229855117
3085,0.318,6,17,6,589410,16200,99607,8349,0.15006113601837787,0.3400953195649517
3086,0.3181,20,26,20,589436,16174,99627,8329,0.14982029715810144,0.3399175611149655
3087,0.3182,20,30,20,589466,16144,99647,8309,0.14954240616547482,0.33979470821576085
3088,0.3183,16,29,16,589495,16115,99663,8293,0.14927377820593576,0.33976565060635855
3089,0.3184,18,34,18,589529,16081,99681,8275,0.14895883508095892,0.33975201182460174
3090,0.3185,25,60,25,589589,16021,99706,8250,0.14840305309570564,0.33991182893164684
3091,0.3186,12,27,12,589616,15994,99718,8238,0.1481529512023417,0.33996368438428526
3092,0.3187,3,15,3,589631,15979,99721,8235,0.14801400570602838,0.3400925084661766
3093,0.3188,5,11,5,589642,15968,99726,8230,0.14791211234206528,0.34011075295478965
3094,0.3189,15,27,15,589669,15941,99741,8215,0.14766201044870134,0.34008113926146716
3095,0.319,22,49,22,589718,15892,99763,8193,0.14720812182741116,0.34017023043388
3096,0.3191,10,20,10,589738,15872,99773,8183,0.14702286116566007,0.3401787570151736
3097,0.3192,39,72,39,589810,15800,99812,8144,0.14635592278335618,0.3401269629134647
3098,0.3193,14,23,14,589833,15777,99826,8130,0.14614287302234244,0.3400677625799975
3099,0.3194,18,33,18,589866,15744,99844,8112,0.14583719293045314,0.34004024144869216
3100,0.3195,4,15,4,589881,15729,99848,8108,0.14569824743413984,0.3401434744305072
3101,0.3196,17,45,17,589926,15684,99865,8091,0.1452814109451999,0.3403154574132492
3102,0.3197,33,74,33,590000,15610,99898,8058,0.1445959464967209,0.3404596924116951
3103,0.3198,3,17,3,590017,15593,99901,8055,0.14443847493423245,0.34062077131258456
3104,0.3199,28,42,28,590059,15551,99929,8027,0.1440494275445552,0.3404444821443719
3105,0.32,14,19,14,590078,15532,99943,8013,0.14387342991589167,0.340327033340412
3106,0.3201,11,37,11,590115,15495,99954,8002,0.14353069769165216,0.34055411329105845
3107,0.3202,22,50,22,590165,15445,99976,7980,0.14306754603727445,0.3406616862326574
3108,0.3203,11,17,11,590182,15428,99987,7969,0.14291007447478601,0.3405992221224943
3109,0.3204,24,59,24,590241,15369,100011,7945,0.14236355552262034,0.34078236252895255
3110,0.3205,22,61,22,590302,15308,100033,7923,0.14179851050427952,0.341052903447979
3111,0.3206,21,55,21,590357,15253,100054,7902,0.14128904368446404,0.341265385445908
3112,0.3207,8,18,8,590375,15235,100062,7894,0.14112230908888806,0.3413031259457823
3113,0.3208,9,29,9,590404,15206,100071,7885,0.14085368112934898,0.34147503356285996
3114,0.3209,17,33,17,590437,15173,100088,7868,0.1405480010374597,0.3414782344516297
3115,0.321,28,49,28,590486,15124,100116,7840,0.14009411241616956,0.3414039365964118
3116,0.3211,4,17,4,590503,15107,100120,7836,0.13993664085368113,0.3415420825524125
3117,0.3212,11,33,11,590536,15074,100131,7825,0.13963096076179185,0.3417179789510459
3118,0.3213,16,37,16,590573,15037,100147,7809,0.13928822853755235,0.3418103825614987
3119,0.3214,20,22,20,590595,15015,100167,7789,0.13908444180962615,0.34156288370461324
3120,0.3215,8,15,8,590610,15000,100175,7781,0.13894549631331282,0.34155656029147097
3121,0.3216,10,26,10,590636,14974,100185,7771,0.13870465745303642,0.34165750714442733
3122,0.3217,17,43,17,590679,14931,100202,7754,0.1383063470302716,0.34181176989199913
3123,0.3218,10,37,10,590716,14894,100212,7744,0.1379636148060321,0.34207968901846453
3124,0.3219,15,39,15,590755,14855,100227,7729,0.13760235651561747,0.34223343960325897
3125,0.322,13,23,13,590778,14832,100240,7716,0.13738930675460373,0.34220329962746143
3126,0.3221,9,41,9,590819,14791,100249,7707,0.137009522398014,0.34256378344741756
3127,0.3222,8,28,8,590847,14763,100257,7699,0.1367501574715625,0.3427566556851572
3128,0.3223,23,54,23,590901,14709,100280,7676,0.13624995368483456,0.342908197453652
3129,0.3224,22,45,22,590946,14664,100302,7654,0.13583311719589464,0.3429518774083699
3130,0.3225,5,20,5,590966,14644,100307,7649,0.13564785653414355,0.3431121876822321
3131,0.3226,10,19,10,590985,14625,100317,7639,0.13547185890548,0.3431099532878189
3132,0.3227,19,29,19,591014,14596,100336,7620,0.13520323094594094,0.3429960388908895
3133,0.3228,7,21,7,591035,14575,100343,7613,0.1350087072511023,0.3431133946277267
3134,0.3229,5,24,5,591059,14551,100348,7608,0.134786394457001,0.3433367931765874
3135,0.323,11,13,11,591072,14538,100359,7597,0.13466597502686278,0.34321210752202397
3136,0.3231,18,57,18,591129,14481,100377,7579,0.13413798214087222,0.3435630099728014
3137,0.3232,12,29,12,591158,14452,100389,7567,0.13386935418133314,0.34365775012489214
3138,0.3233,14,31,14,591189,14421,100403,7553,0.13358220015561895,0.3437244015654865
3139,0.3234,20,36,20,591225,14385,100423,7533,0.13324873096446702,0.34369011771147
3140,0.3235,14,44,14,591269,14341,100437,7519,0.1328411575086146,0.3439615736505032
3141,0.3236,7,28,7,591297,14313,100444,7512,0.1325817925821631,0.34419243986254294
3142,0.3237,8,29,8,591326,14284,100452,7504,0.13231316462262402,0.3444097668441344
3143,0.3238,13,16,13,591342,14268,100465,7491,0.13216495609322315,0.34427133599889703
3144,0.3239,9,30,9,591372,14238,100474,7482,0.13188706510059653,0.34447513812154695
3145,0.324,19,45,19,591417,14193,100493,7463,0.1314702286116566,0.34461581086073145
3146,0.3241,17,52,17,591469,14141,100510,7446,0.13098855089110378,0.34492981887246954
3147,0.3242,9,21,9,591490,14120,100519,7437,0.13079402719626515,0.3449923458737301
3148,0.3243,20,23,20,591513,14097,100539,7417,0.1305809774352514,0.34475225434600726
3149,0.3244,13,31,13,591544,14066,100552,7404,0.1302938234095372,0.3448532836516069
3150,0.3245,5,27,5,591571,14039,100557,7399,0.13004372151617324,0.34513480735143204
3151,0.3246,31,58,31,591629,13981,100588,7368,0.1295064655970951,0.3451215513607195
3152,0.3247,12,27,12,591656,13954,100600,7356,0.12925636370373114,0.3451900516189582
3153,0.3248,23,47,23,591703,13907,100623,7333,0.1288210011486161,0.3452448210922787
3154,0.3249,13,29,13,591732,13878,100636,7320,0.12855237318907703,0.3453155958109256
3155,0.325,23,51,23,591783,13827,100659,7297,0.12807995850161177,0.3454364703654611
3156,0.3251,9,30,9,591813,13797,100668,7288,0.12780206750898515,0.3456485653308039
3157,0.3252,12,21,12,591834,13776,100680,7276,0.12760754381414652,0.3456203686110583
3158,0.3253,10,29,10,591863,13747,100690,7266,0.12733891585460744,0.34578594203588253
3159,0.3254,14,30,14,591893,13717,100704,7252,0.12706102486198081,0.3458438647527302
3160,0.3255,9,21,9,591914,13696,100713,7243,0.12686650116714218,0.34590954677873825
3161,0.3256,10,13,10,591927,13683,100723,7233,0.12674608173700397,0.34581181870338495
3162,0.3257,20,46,20,591973,13637,100743,7213,0.12631998221497648,0.345947242206235
3163,0.3258,23,29,23,592002,13608,100766,7190,0.1260513542554374,0.34570631791518414
3164,0.3259,18,43,18,592045,13565,100784,7172,0.12565304383267256,0.34585523460481266
3165,0.326,22,60,22,592105,13505,100806,7150,0.12509726184741932,0.346163156620673
3166,0.3261,2,4,2,592109,13501,100808,7148,0.1250602097150691,0.34616688459489564
3167,0.3262,24,53,24,592162,13448,100832,7124,0.12456926896142873,0.3462959362239938
3168,0.3263,19,46,19,592208,13402,100851,7105,0.12414316943940124,0.34646706002828304
3169,0.3264,5,8,5,592216,13394,100856,7100,0.1240690651747008,0.3464428613252659
3170,0.3265,9,18,9,592234,13376,100865,7091,0.12390233057912482,0.3464601553720623
3171,0.3266,5,10,5,592244,13366,100870,7086,0.12380970024824929,0.34646978290631725
3172,0.3267,7,30,7,592274,13336,100877,7079,0.12353180925562265,0.3467548371295616
3173,0.3268,14,52,14,592326,13284,100891,7065,0.12305013153506984,0.3471915081822203
3174,0.3269,12,28,12,592354,13256,100903,7053,0.12279076660861833,0.34728445516765966
3175,0.327,8,30,8,592384,13226,100911,7045,0.1225128756159917,0.34754082186374624
3176,0.3271,17,19,17,592403,13207,100928,7028,0.12233687798732817,0.3473190017296763
3177,0.3272,20,24,20,592427,13183,100948,7008,0.12211456519322687,0.34708533505026995
3178,0.3273,20,30,20,592457,13153,100968,6988,0.12183667420060025,0.3469539744799166
3179,0.3274,12,17,12,592474,13136,100980,6976,0.12167920263811183,0.34685759745425615
3180,0.3275,15,31,15,592505,13105,100995,6961,0.12139204861239765,0.34690521279776737
3181,0.3276,19,54,19,592559,13051,101014,6942,0.12089184482566971,0.34722152753463714
3182,0.3277,12,24,12,592583,13027,101026,6930,0.12066953203156841,0.34724658014731674
3183,0.3278,12,32,12,592615,12995,101038,6918,0.12037311497276668,0.34741123888916786
3184,0.3279,13,26,13,592641,12969,101051,6905,0.12013227611249028,0.34743886484854586
3185,0.328,3,18,3,592659,12951,101054,6902,0.1199655415169143,0.34765526620661863
3186,0.3281,4,12,4,592671,12939,101058,6898,0.11985438511986365,0.34773403236376466
3187,0.3282,23,31,23,592702,12908,101081,6875,0.11956723109414946,0.3475205984936562
3188,0.3283,3,15,3,592717,12893,101084,6872,0.11942828559783615,0.3476853023020491
3189,0.3284,10,23,10,592740,12870,101094,6862,0.1192152358368224,0.347759983782688
3190,0.3285,26,59,26,592799,12811,101120,6836,0.11866871688465672,0.34794116150048354
3191,0.3286,18,33,18,592832,12778,101138,6818,0.11836303679276743,0.34792814860175547
3192,0.3287,9,26,9,592858,12752,101147,6809,0.11812219793249101,0.34809058841572516
3193,0.3288,10,29,10,592887,12723,101157,6799,0.11785356997295195,0.34827374244442166
3194,0.3289,16,32,16,592919,12691,101173,6783,0.11755715291415021,0.34831056793673615
3195,0.329,9,21,9,592940,12670,101182,6774,0.11736262921931156,0.3483851059452788
3196,0.3291,7,20,7,592960,12650,101189,6767,0.11717736855756049,0.34850903847144254
3197,0.3292,30,66,30,593026,12584,101219,6737,0.1165660083737819,0.3486879561099322
3198,0.3293,15,45,15,593071,12539,101234,6722,0.11614917188484197,0.3489953792637973
3199,0.3294,5,13,5,593084,12526,101239,6717,0.11602875245470377,0.3490619965701814
3200,0.3295,14,20,14,593104,12506,101253,6703,0.11584349179295268,0.3489510125462023
3201,0.3296,5,23,5,593127,12483,101258,6698,0.11563044203193894,0.349199728898389
3202,0.3297,18,29,18,593156,12454,101276,6680,0.11536181407239987,0.34911675551374516
3203,0.3298,6,16,6,593172,12438,101282,6674,0.115213605542999,0.3492046881540393
3204,0.3299,26,63,26,593235,12375,101308,6648,0.11463003445848309,0.34947169216211954
3205,0.33,14,39,14,593274,12336,101322,6634,0.11426877616806848,0.34971006852925673
3206,0.3301,22,24,22,593298,12312,101344,6612,0.11404646337396718,0.3493975903614458
3207,0.3302,11,27,11,593325,12285,101355,6601,0.11379636148060321,0.34951816160118604
3208,0.3303,10,20,10,593345,12265,101365,6591,0.11361110081885213,0.34954391175222743
3209,0.3304,10,24,10,593369,12241,101375,6581,0.11338878802475083,0.34964403357772816
3210,0.3305,30,57,30,593426,12184,101405,6551,0.11286079513876024,0.3496663997864959
3211,0.3306,8,13,8,593439,12171,101413,6543,0.11274037570862203,0.34963129208079513
3212,0.3307,9,48,9,593487,12123,101422,6534,0.11229575012041942,0.35021707670043417
3213,0.3308,20,38,20,593525,12085,101442,6514,0.11194375486309237,0.3502338835421259
3214,0.3309,19,26,19,593551,12059,101461,6495,0.11170291600281596,0.3500592864072437
3215,0.331,13,27,13,593578,12032,101474,6482,0.111452814109452,0.350113427676353
3216,0.3311,10,13,10,593591,12019,101484,6472,0.1113323946793138,0.350008112054513
3217,0.3312,3,23,3,593614,11996,101487,6469,0.11111934491830004,0.3503384782020038
3218,0.3313,16,26,16,593640,11970,101503,6453,0.11087850605802364,0.35026868588177823
3219,0.3314,5,11,5,593651,11959,101508,6448,0.11077661269406054,0.3503015157277123
3220,0.3315,9,33,9,593684,11926,101517,6439,0.11047093260217125,0.35061257827389053
3221,0.3316,11,31,11,593715,11895,101528,6428,0.11018377857645707,0.3508159144244938
3222,0.3317,23,29,23,593744,11866,101551,6405,0.109915150616918,0.35055552514914345
3223,0.3318,3,14,3,593758,11852,101554,6402,0.10978546815369225,0.35071765092582446
3224,0.3319,6,20,6,593778,11832,101560,6396,0.10960020749194116,0.3508887425938117
3225,0.332,14,40,14,593818,11792,101574,6382,0.10922968616843899,0.35116099922966876
3226,0.3321,8,6,8,593824,11786,101582,6374,0.10917410796991367,0.3509911894273128
3227,0.3322,16,32,16,593856,11754,101598,6358,0.10887769091111194,0.3510379858657244
3228,0.3323,19,26,19,593882,11728,101617,6339,0.10863685205083552,0.3508606852272098
3229,0.3324,12,25,12,593907,11703,101629,6327,0.10840527622364667,0.35091514143094843
3230,0.3325,9,27,9,593934,11676,101638,6318,0.10815517433028271,0.35111703901300434
3231,0.3326,16,45,16,593979,11631,101654,6302,0.10773833784134276,0.35141917136006245
3232,0.3327,29,37,29,594016,11594,101683,6273,0.10739560561710326,0.3510941960038059
3233,0.3328,9,13,9,594029,11581,101692,6264,0.10727518618696506,0.3510226954328944
3234,0.3329,8,10,8,594039,11571,101700,6256,0.10718255585608952,0.35092836708363717
3235,0.333,18,34,18,594073,11537,101718,6238,0.10686761273111267,0.3509423347398031
3236,0.3331,7,28,7,594101,11509,101725,6231,0.10660824780466116,0.35124013528748593
3237,0.3332,18,33,18,594134,11476,101743,6213,0.10630256771277187,0.35123523093447906
3238,0.3333,6,23,6,594157,11453,101749,6207,0.10608951795175812,0.35147225368063423
3239,0.3334,7,27,7,594184,11426,101756,6200,0.10583941605839416,0.35175309202314764
3240,0.3335,16,30,16,594214,11396,101772,6184,0.10556152506576753,0.35176336746302617
3241,0.3336,15,25,15,594239,11371,101787,6169,0.10532994923857868,0.35171037628278223
3242,0.3337,9,20,9,594259,11351,101796,6160,0.1051446885768276,0.351778881845697
3243,0.3338,20,49,20,594308,11302,101816,6140,0.10469079995553744,0.3520238504758629
3244,0.3339,4,25,4,594333,11277,101820,6136,0.10445922412834859,0.35238040544420834
3245,0.334,4,12,4,594345,11265,101824,6132,0.10434806773129794,0.3524745645801
3246,0.3341,9,21,9,594366,11244,101833,6123,0.1041535440364593,0.3525652098808084
3247,0.3342,16,30,16,594396,11214,101849,6107,0.10387565304383267,0.352577795739276
3248,0.3343,20,31,20,594427,11183,101869,6087,0.1035884990181185,0.35246091488129705
3249,0.3344,28,28,28,594455,11155,101897,6059,0.10332913409166697,0.351980945741838
3250,0.3345,20,21,20,594476,11134,101917,6039,0.10313461039682834,0.35165667035462644
3251,0.3346,9,20,9,594496,11114,101926,6030,0.10294934973507726,0.35172655156322913
3252,0.3347,17,39,17,594535,11075,101943,6013,0.10258809144466265,0.35188436329588013
3253,0.3348,15,15,15,594550,11060,101958,5998,0.10244914594834932,0.3516238714972447
3254,0.3349,8,33,8,594583,11027,101966,5990,0.10214346585646004,0.35200094023623435
3255,0.335,12,13,12,594596,11014,101978,5978,0.10202304642632183,0.3518126177024482
3256,0.3351,3,18,3,594614,10996,101981,5975,0.10185631183074587,0.35207118024865947
3257,0.3352,12,34,12,594648,10962,101993,5963,0.10154136870576902,0.3523190546528804
3258,0.3353,2,12,2,594660,10950,101995,5961,0.10143021230871836,0.35249246052864996
3259,0.3354,4,24,4,594684,10926,101999,5957,0.10120789951461706,0.3528401350470888
3260,0.3355,5,14,5,594698,10912,102004,5952,0.1010782170513913,0.35294117647058826
3261,0.3356,5,12,5,594710,10900,102009,5947,0.10096706065434066,0.35300053421974237
3262,0.3357,19,31,19,594741,10869,102028,5928,0.10067990662862648,0.35292016431505624
3263,0.3358,23,30,23,594771,10839,102051,5905,0.10040201563599985,0.352663640707119
3264,0.3359,3,17,3,594788,10822,102054,5902,0.10024454407351142,0.3529060033484812
3265,0.336,2,11,2,594799,10811,102056,5900,0.10014265070954834,0.35306085811740767
3266,0.3361,9,26,9,594825,10785,102065,5891,0.09990181184927192,0.3532621731830175
3267,0.3362,23,28,23,594853,10757,102088,5868,0.09964244692282041,0.3529624060150376
3268,0.3363,9,11,9,594864,10746,102097,5859,0.09954055355885731,0.35284552845528455
3269,0.3364,15,24,15,594888,10722,102112,5844,0.09931824076475601,0.3527707352408548
3270,0.3365,12,41,12,594929,10681,102124,5832,0.09893845640816629,0.35317628535093565
3271,0.3366,1,16,1,594945,10665,102125,5831,0.09879024787876542,0.3534796314258002
3272,0.3367,21,33,21,594978,10632,102146,5810,0.09848456778687613,0.3533633377934558
3273,0.3368,5,5,5,594983,10627,102151,5805,0.09843825262143836,0.3532740993184031
3274,0.3369,15,26,15,595009,10601,102166,5790,0.09819741376116195,0.3532426331523397
3275,0.337,25,33,25,595042,10568,102191,5765,0.09789173366927266,0.35296638706912387
3276,0.3371,7,20,7,595062,10548,102198,5758,0.09770647300752158,0.35312155034956455
3277,0.3372,19,32,19,595094,10516,102217,5739,0.09741005594871985,0.35306059673946477
3278,0.3373,17,17,17,595111,10499,102234,5722,0.09725258438623142,0.35275260464829544
3279,0.3374,17,34,17,595145,10465,102251,5705,0.09693764126125458,0.3528138528138528
3280,0.3375,9,20,9,595165,10445,102260,5696,0.0967523805995035,0.35289015550461555
3281,0.3376,11,32,11,595197,10413,102271,5685,0.09645596354070177,0.35314945956019383
3282,0.3377,19,40,19,595237,10373,102290,5666,0.0960854422171996,0.35326391919695743
3283,0.3378,20,23,20,595260,10350,102310,5646,0.09587239245618585,0.3529632408102025
3284,0.3379,5,11,5,595271,10339,102315,5641,0.09577049909222275,0.3530037546933667
3285,0.338,12,26,12,595297,10313,102327,5629,0.09552966023194635,0.3530924601681094
3286,0.3381,14,26,14,595323,10287,102341,5615,0.09528882137166994,0.3531002389636524
3287,0.3382,7,19,7,595342,10268,102348,5608,0.0951128237430064,0.35323759133282945
3288,0.3383,11,30,11,595372,10238,102359,5597,0.09483493275037978,0.35345753078623304
3289,0.3384,17,24,17,595396,10214,102376,5580,0.09461261995627848,0.3532987210333038
3290,0.3385,6,13,6,595409,10201,102382,5574,0.09449220052614028,0.3533438985736925
3291,0.3386,14,23,14,595432,10178,102396,5560,0.09427915076512654,0.35328504257211846
3292,0.3387,12,14,12,595446,10164,102408,5548,0.09414946830190077,0.35310590631364563
3293,0.3388,24,60,24,595506,10104,102432,5524,0.09359368631664752,0.3534681341182493
3294,0.3389,19,26,19,595532,10078,102451,5505,0.09335284745637111,0.35326958865430275
3295,0.339,11,26,11,595558,10052,102462,5494,0.09311200859609471,0.35340280457995626
3296,0.3391,4,6,4,595564,10046,102466,5490,0.09305643039756938,0.3533728115345005
3297,0.3392,29,32,29,595596,10014,102495,5461,0.09276001333876764,0.352891760904685
3298,0.3393,6,29,6,595625,9985,102501,5455,0.09249138537922857,0.35330310880829013
3299,0.3394,17,15,17,595640,9970,102518,5438,0.09235243988291526,0.3529335410176532
3300,0.3395,14,36,14,595676,9934,102532,5424,0.0920189706917633,0.3531709858054434
3301,0.3396,9,14,9,595690,9920,102541,5415,0.09188928822853755,0.35311379197913273
3302,0.3397,11,12,11,595702,9908,102552,5404,0.0917781318314869,0.35292580982236155
3303,0.3398,18,29,18,595731,9879,102570,5386,0.09150950387194783,0.35283327874222076
3304,0.3399,16,19,16,595750,9860,102586,5370,0.0913335062432843,0.3525935653315824
3305,0.34,3,16,3,595766,9844,102589,5367,0.09118529771388344,0.3528367628689764
3306,0.3401,13,16,13,595782,9828,102602,5354,0.09103708918448257,0.3526544592280332
3307,0.3402,28,38,28,595820,9790,102630,5326,0.09068509392715551,0.3523418893887272
3308,0.3403,7,15,7,595835,9775,102637,5319,0.09054614843084219,0.3523916788127733
3309,0.3404,8,11,8,595846,9764,102645,5311,0.0904442550668791,0.3523051409618574
3310,0.3405,2,28,2,595874,9736,102647,5309,0.09018489014042758,0.3528747092057162
3311,0.3406,13,25,13,595899,9711,102660,5296,0.08995331431323873,0.352901979076431
3312,0.3407,19,47,19,595946,9664,102679,5277,0.08951795175812367,0.3531892108961917
3313,0.3408,20,49,20,595995,9615,102699,5257,0.08906406313683353,0.35348305540613234
3314,0.3409,21,33,21,596028,9582,102720,5236,0.08875838304494424,0.35335402888379
3315,0.341,4,12,4,596040,9570,102724,5232,0.08864722664789358,0.3534657478719092
3316,0.3411,12,25,12,596065,9545,102736,5220,0.08841565082070472,0.35353877412800544
3317,0.3412,6,19,6,596084,9526,102742,5214,0.0882396531920412,0.3537313432835821
3318,0.3413,8,30,8,596114,9496,102750,5206,0.08796176219941458,0.3541014827914569
3319,0.3414,11,17,11,596131,9479,102761,5195,0.08780429063692616,0.3540275316887011
3320,0.3415,12,19,12,596150,9460,102773,5183,0.08762829300826262,0.35395752236563544
3321,0.3416,12,15,12,596165,9445,102785,5171,0.08748934751194931,0.3537903667214012
3322,0.3417,14,33,14,596198,9412,102799,5157,0.08718366742006002,0.35397075983252113
3323,0.3418,12,24,12,596222,9388,102811,5145,0.08696135462595872,0.35402188123580813
3324,0.3419,6,13,6,596235,9375,102817,5139,0.08684093519582052,0.35407193054981395
3325,0.342,12,11,12,596246,9364,102829,5127,0.08673904183185742,0.35380581050307086
3326,0.3421,4,8,4,596254,9356,102833,5123,0.08666493756715699,0.3538227778161475
3327,0.3422,12,24,12,596278,9332,102845,5111,0.08644262477305568,0.3538738489233539
3328,0.3423,7,17,7,596295,9315,102852,5104,0.08628515321056726,0.3539773909425064
3329,0.3424,11,23,11,596318,9292,102863,5093,0.08607210344955352,0.354049356969065
3330,0.3425,3,9,3,596327,9283,102866,5090,0.08598873615176554,0.3541362276490642
3331,0.3426,9,17,9,596344,9266,102875,5081,0.08583126458927712,0.3541506935247787
3332,0.3427,8,17,8,596361,9249,102883,5073,0.0856737930267887,0.35421030582320906
3333,0.3428,11,36,11,596397,9213,102894,5062,0.08534032383563674,0.35460595446584936
3334,0.3429,9,18,9,596415,9195,102903,5053,0.08517358924006077,0.3546462661426165
3335,0.343,7,13,7,596428,9182,102910,5046,0.08505316980992256,0.35465279730109645
3336,0.3431,16,13,16,596441,9169,102926,5030,0.08493275037978436,0.3542502993168533
3337,0.3432,14,26,14,596467,9143,102940,5016,0.08469191151950795,0.35426230666007485
3338,0.3433,17,30,17,596497,9113,102957,4999,0.08441402052688132,0.3542375283446712
3339,0.3434,5,10,5,596507,9103,102962,4994,0.08432139019600578,0.35425977158260624
3340,0.3435,5,11,5,596518,9092,102967,4989,0.08421949683204269,0.3543072224984021
3341,0.3436,4,12,4,596530,9080,102971,4985,0.08410834043499203,0.35442587984358337
3342,0.3437,18,31,18,596561,9049,102989,4967,0.08382118640927785,0.3543807077625571
3343,0.3438,20,51,20,596612,8998,103009,4947,0.08334877172181258,0.3547508067407673
3344,0.3439,8,13,8,596625,8985,103017,4939,0.08322835229167438,0.35471128985923583
3345,0.344,5,10,5,596635,8975,103022,4934,0.08313572196079884,0.3547343446689194
3346,0.3441,13,22,13,596657,8953,103035,4921,0.08293193523287265,0.3546922300706357
3347,0.3442,11,27,11,596684,8926,103046,4910,0.0826818333395087,0.3548713501011853
3348,0.3443,7,24,7,596708,8902,103053,4903,0.0824595205454074,0.3551611734878667
3349,0.3444,4,32,4,596740,8870,103057,4899,0.08216310348660566,0.35579925920546157
3350,0.3445,4,5,4,596745,8865,103061,4895,0.08211678832116788,0.35574127906976744
3351,0.3446,13,25,13,596770,8840,103074,4882,0.08188521249397902,0.35577904095612883
3352,0.3447,5,18,5,596788,8822,103079,4877,0.08171847789840306,0.3560113876925323
3353,0.3448,6,14,6,596802,8808,103085,4871,0.08158879543517729,0.3560932816726369
3354,0.3449,3,4,3,596806,8804,103088,4868,0.08155174330282708,0.35605617320070215
3355,0.345,4,11,4,596817,8793,103092,4864,0.08144984993886398,0.3561543530790071
3356,0.3451,14,30,14,596847,8763,103106,4850,0.08117195894623735,0.3562770880775729
3357,0.3452,6,19,6,596866,8744,103112,4844,0.08099596131757382,0.3564910214895496
3358,0.3453,6,11,6,596877,8733,103118,4838,0.08089406795361073,0.3564954682779456
3359,0.3454,9,14,9,596891,8719,103127,4829,0.08076438549038498,0.3564363743726011
3360,0.3455,5,7,5,596898,8712,103132,4824,0.0806995442587721,0.35638297872340424
3361,0.3456,18,24,18,596922,8688,103150,4806,0.0804772314646708,0.35615829257447756
3362,0.3457,11,14,11,596936,8674,103161,4795,0.08034754900144503,0.3560026728042171
3363,0.3458,6,12,6,596948,8662,103167,4789,0.08023639260439439,0.35603300869823806
3364,0.3459,4,9,4,596957,8653,103171,4785,0.0801530253066064,0.3560797737758595
3365,0.346,5,23,5,596980,8630,103176,4780,0.07993997554559265,0.3564504101416853
3366,0.3461,14,20,14,597000,8610,103190,4766,0.07975471488384156,0.3563098086124402
3367,0.3462,25,53,25,597053,8557,103215,4741,0.07926377413020119,0.35651977741013685
3368,0.3463,9,18,9,597071,8539,103224,4732,0.07909703953462521,0.35656695049355736
3369,0.3464,14,22,14,597093,8517,103238,4718,0.07889325280669902,0.35647903286739707
3370,0.3465,13,31,13,597124,8486,103251,4705,0.07860609878098485,0.356682586612084
3371,0.3466,11,30,11,597154,8456,103262,4694,0.07832820778835822,0.35695817490494297
3372,0.3467,25,31,25,597185,8425,103287,4669,0.07804105376264404,0.3565755307774553
3373,0.3468,14,35,14,597220,8390,103301,4655,0.07771684760457964,0.3568417018014565
3374,0.3469,13,21,13,597241,8369,103314,4642,0.07752232390974101,0.35677503650757053
3375,0.347,5,17,5,597258,8352,103319,4637,0.07736485234725259,0.3569943798598814
3376,0.3471,2,7,2,597265,8345,103321,4635,0.07730001111563971,0.3570878274268105
3377,0.3472,12,19,12,597284,8326,103333,4623,0.07712401348697617,0.35701598579040855
3378,0.3473,6,25,6,597309,8301,103339,4617,0.07689243765978732,0.35740826753367394
3379,0.3474,11,24,11,597333,8277,103350,4606,0.07667012486568602,0.35752542109757046
3380,0.3475,13,24,13,597357,8253,103363,4593,0.07644781207158471,0.3575432041102289
3381,0.3476,4,19,4,597376,8234,103367,4589,0.07627181444292119,0.3578725727208921
3382,0.3477,5,19,5,597395,8215,103372,4584,0.07609581681425766,0.35815298070161733
3383,0.3478,10,24,10,597419,8191,103382,4574,0.07587350402015636,0.35832354093223656
3384,0.3479,15,30,15,597449,8161,103397,4559,0.07559561302752973,0.3584119496855346
3385,0.348,11,29,11,597478,8132,103408,4548,0.07532698506799067,0.3586750788643533
3386,0.3481,5,11,5,597489,8121,103413,4543,0.07522509170402757,0.35873341756159194
3387,0.3482,12,19,12,597508,8102,103425,4531,0.07504909407536403,0.3586638169872556
3388,0.3483,10,10,10,597518,8092,103435,4521,0.0749564637444885,0.35843970506620154
3389,0.3484,15,22,15,597540,8070,103450,4506,0.0747526770165623,0.3583015267175573
3390,0.3485,5,15,5,597555,8055,103455,4501,0.07461373152024899,0.3584740363172985
3391,0.3486,2,7,2,597562,8048,103457,4499,0.07454889028863611,0.3585717701442576
3392,0.3487,7,17,7,597579,8031,103464,4492,0.07439141872614768,0.358699992014693
3393,0.3488,11,26,11,597605,8005,103475,4481,0.07415057986587129,0.3588819477815153
3394,0.3489,3,18,3,597623,7987,103478,4478,0.0739838452702953,0.35924588848776573
3395,0.349,11,6,11,597629,7981,103489,4467,0.07392826707176998,0.35885282776349614
3396,0.3491,12,16,12,597645,7965,103501,4455,0.07378005854236912,0.358695652173913
3397,0.3492,21,26,21,597671,7939,103522,4434,0.0735392196820927,0.35836094722379375
3398,0.3493,15,22,15,597693,7917,103537,4419,0.07333543295416652,0.35821984435797666
3399,0.3494,11,34,11,597727,7883,103548,4408,0.07302048982918967,0.3586364006183386
3400,0.3495,11,16,11,597743,7867,103559,4397,0.0728722812997888,0.358529028049576
3401,0.3496,3,6,3,597749,7861,103562,4394,0.07281670310126348,0.35854753161974706
3402,0.3497,6,7,6,597756,7854,103568,4388,0.0727518618696506,0.35843816369874204
3403,0.3498,17,22,17,597778,7832,103585,4371,0.0725480751417244,0.35819060886667214
3404,0.3499,6,8,6,597786,7824,103591,4365,0.07247397087702397,0.35810977110509473
3405,0.35,11,23,11,597809,7801,103602,4354,0.07226092111601022,0.35820649938296995
3406,0.3501,9,20,9,597829,7781,103611,4345,0.07207566045425914,0.3583209632195283
3407,0.3502,16,29,16,597858,7752,103627,4329,0.07180703249472008,0.3583312639682146
3408,0.3503,5,11,5,597869,7741,103632,4324,0.07170513913075698,0.35839204309987566
3409,0.3504,16,37,16,597906,7704,103648,4308,0.07136240690651748,0.35864135864135865
3410,0.3505,10,17,10,597923,7687,103658,4298,0.07120493534402905,0.35861493533583644
3411,0.3506,3,13,3,597936,7674,103661,4295,0.07108451591389084,0.3588436795053889
3412,0.3507,5,20,5,597956,7654,103666,4290,0.07089925525213976,0.3591761553918285
3413,0.3508,18,12,18,597968,7642,103684,4272,0.0707880988550891,0.3585697498740977
3414,0.3509,4,11,4,597979,7631,103688,4268,0.07068620549112602,0.3586856038322548
3415,0.351,13,39,13,598018,7592,103701,4255,0.0703249472007114,0.3591626572127965
3416,0.3511,13,19,13,598037,7573,103714,4242,0.07014894957204787,0.35903512484130345
3417,0.3512,7,30,7,598067,7543,103721,4235,0.06987105857942125,0.3595686873832569
3418,0.3513,5,21,5,598088,7522,103726,4230,0.06967653488458261,0.35993873383253916
3419,0.3514,3,11,3,598099,7511,103729,4227,0.06957464152061951,0.3601124552734708
3420,0.3515,9,23,9,598122,7488,103738,4218,0.06936159175960577,0.3603280369041517
3421,0.3516,12,20,12,598142,7468,103750,4206,0.06917633109785468,0.36028781908514645
3422,0.3517,1,12,1,598154,7456,103751,4205,0.06906517470080403,0.3606037218077352
3423,0.3518,22,48,22,598202,7408,103773,4183,0.06862054911260143,0.3608834440514192
3424,0.3519,7,6,7,598208,7402,103780,4176,0.06856497091407611,0.36068405596821557
3425,0.352,2,15,2,598223,7387,103782,4174,0.0684260254177628,0.36104143240204134
3426,0.3521,11,18,11,598241,7369,103793,4163,0.06825929082218682,0.36099549080818594
3427,0.3522,5,14,5,598255,7355,103798,4158,0.06812960835896106,0.3611569530096413
3428,0.3523,11,14,11,598269,7341,103809,4147,0.0679999258957353,0.36098537604456826
3429,0.3524,4,10,4,598279,7331,103813,4143,0.06790729556485976,0.3610772180582186
3430,0.3525,15,24,15,598303,7307,103828,4128,0.06768498277075846,0.3609969392216878
3431,0.3526,4,7,4,598310,7300,103832,4124,0.06762014153914558,0.36099439775910364
3432,0.3527,15,37,15,598347,7263,103847,4109,0.06727740931490607,0.36132606401688355
3433,0.3528,11,15,11,598362,7248,103858,4098,0.06713846381859276,0.36118455843469066
3434,0.3529,9,21,9,598383,7227,103867,4089,0.06694394012375413,0.3613467656415695
3435,0.353,14,27,14,598410,7200,103881,4075,0.06669383823039016,0.3614190687361419
3436,0.3531,13,27,13,598437,7173,103894,4062,0.0664437363370262,0.3615487316421896
3437,0.3532,1,10,1,598447,7163,103895,4061,0.06635110600615066,0.3618139700641482
3438,0.3533,20,29,20,598476,7134,103915,4041,0.06608247804661158,0.36161073825503354
3439,0.3534,3,2,3,598478,7132,103918,4038,0.06606395198043648,0.3615040286481647
3440,0.3535,10,28,10,598506,7104,103928,4028,0.06580458705398495,0.3618397412863816
3441,0.3536,16,27,16,598533,7077,103944,4012,0.065554485160621,0.36179998196410856
3442,0.3537,10,21,10,598554,7056,103954,4002,0.06535996146578235,0.36190992946283235
3443,0.3538,11,14,11,598568,7042,103965,3991,0.0652302790025566,0.3617329828695731
3444,0.3539,14,7,14,598575,7035,103979,3977,0.06516543777094372,0.3611514711224119
3445,0.354,16,14,16,598589,7021,103995,3961,0.06503575530771796,0.3606811145510836
3446,0.3541,1,0,1,598589,7021,103996,3960,0.06503575530771796,0.3606228940897915
3447,0.3542,5,14,5,598603,7007,104001,3955,0.0649060728444922,0.3607918263090677
3448,0.3543,13,17,13,598620,6990,104014,3942,0.06474860128200378,0.3605927552140505
3449,0.3544,11,17,11,598637,6973,104025,3931,0.06459112971951536,0.360509904622157
3450,0.3545,4,17,4,598654,6956,104029,3927,0.06443365815702694,0.3608380042267757
3451,0.3546,4,8,4,598662,6948,104033,3923,0.0643595538923265,0.3608683653757704
3452,0.3547,5,15,5,598677,6933,104038,3918,0.06422060839601319,0.36107271219242465
3453,0.3548,4,6,4,598683,6927,104042,3914,0.06416503019748787,0.3610368047228115
3454,0.3549,1,5,1,598688,6922,104043,3913,0.06411871503205009,0.36114443931702817
3455,0.355,1,5,1,598693,6917,104044,3912,0.06407239986661233,0.3612521931849663
3456,0.3551,8,19,8,598712,6898,104052,3904,0.06389640223794879,0.3614145528605814
3457,0.3552,1,8,1,598720,6890,104053,3903,0.06382229797324836,0.36162327434448255
3458,0.3553,2,5,2,598725,6885,104055,3901,0.06377598280781059,0.36167253847580194
3459,0.3554,6,18,6,598743,6867,104061,3895,0.06360924821223461,0.36192157591525737
3460,0.3555,5,11,5,598754,6856,104066,3890,0.06350735484827152,0.36199516099013584
3461,0.3556,16,14,16,598768,6842,104082,3874,0.06337767238504576,0.36151549085479656
3462,0.3557,8,17,8,598785,6825,104090,3866,0.06322020082255733,0.36161257132167246
3463,0.3558,3,7,3,598792,6818,104093,3863,0.06315535959094445,0.3616702555940455
3464,0.3559,8,8,8,598800,6810,104101,3855,0.06308125532624402,0.36146272855133615
3465,0.356,9,21,9,598821,6789,104110,3846,0.06288673163140539,0.3616361071932299
3466,0.3561,19,21,19,598842,6768,104129,3827,0.06269220793656675,0.3612081170363379
3467,0.3562,17,23,17,598865,6745,104146,3810,0.062479158175553,0.36096636665087634
3468,0.3563,6,11,6,598876,6734,104152,3804,0.06237726481158991,0.3609793129626115
3469,0.3564,16,12,16,598888,6722,104168,3788,0.06226610841453926,0.360418648905804
3470,0.3565,14,18,14,598906,6704,104182,3774,0.06209937381896328,0.3601832410765413
3471,0.3566,13,17,13,598923,6687,104195,3761,0.06194190225647486,0.35997320061255744
3472,0.3567,14,21,14,598944,6666,104209,3747,0.06174737856163622,0.35983866320944974
3473,0.3568,8,24,8,598968,6642,104217,3739,0.06152506576753492,0.3601772468933629
3474,0.3569,7,16,7,598984,6626,104224,3732,0.061376857238134054,0.36030121645105234
3475,0.357,3,11,3,598995,6615,104227,3729,0.06127496387417096,0.36049883990719256
3476,0.3571,6,11,6,599006,6604,104233,3723,0.061173070510207865,0.36051128110777575
3477,0.3572,7,10,7,599016,6594,104240,3716,0.06108044017933232,0.3604267701260912
3478,0.3573,12,19,12,599035,6575,104252,3704,0.06090444255066879,0.3603463371923339
3479,0.3574,6,12,6,599047,6563,104258,3698,0.06079328615361814,0.36039372380859563
3480,0.3575,8,7,8,599054,6556,104266,3690,0.06072844492200526,0.36014054265079054
3481,0.3576,9,14,9,599068,6542,104275,3681,0.0605987624587795,0.3600704294238482
3482,0.3577,21,24,21,599092,6518,104296,3660,0.0603764496646782,0.359599135390057
3483,0.3578,11,23,11,599115,6495,104307,3649,0.060163399903664455,0.35972003154574134
3484,0.3579,8,28,8,599143,6467,104315,3641,0.05990403497721294,0.36020973486347446
3485,0.358,7,12,7,599155,6455,104322,3634,0.05979287858016229,0.360194270988205
3486,0.3581,6,12,6,599167,6443,104328,3628,0.059681722183111637,0.3602422798133254
3487,0.3582,2,3,2,599170,6440,104330,3626,0.059653933083848976,0.36022253129346316
3488,0.3583,4,16,4,599186,6424,104334,3622,0.05950572455444811,0.36054150905833166
3489,0.3584,10,12,10,599198,6412,104344,3612,0.05939456815739746,0.36033519553072624
3490,0.3585,14,26,14,599224,6386,104358,3598,0.05915372929712105,0.3603766025641026
3491,0.3586,4,2,4,599226,6384,104362,3594,0.05913520323094594,0.36019242333132895
3492,0.3587,3,10,3,599236,6374,104365,3591,0.0590425729000704,0.3603612644254892
3493,0.3588,14,9,14,599245,6365,104379,3577,0.05895920560228241,0.35978676322671493
3494,0.3589,4,5,4,599250,6360,104383,3573,0.05891289043684464,0.359710057384476
3495,0.359,3,4,3,599254,6356,104386,3570,0.05887583830449442,0.35966149506346967
3496,0.3591,6,8,6,599262,6348,104392,3564,0.05880173403979399,0.3595641646489104
3497,0.3592,10,16,10,599278,6332,104402,3554,0.05865352551039312,0.3594982803965203
3498,0.3593,8,11,8,599289,6321,104410,3546,0.05855163214643003,0.3593797506840985
3499,0.3594,10,17,10,599306,6304,104420,3536,0.058394160583941604,0.359349593495935
3500,0.3595,20,26,20,599332,6278,104440,3516,0.0581533217236652,0.35899530324688583
3501,0.3596,9,18,9,599350,6260,104449,3507,0.05798658712808922,0.359066243472919
3502,0.3597,5,12,5,599362,6248,104454,3502,0.05787543073103857,0.35917948717948717
3503,0.3598,8,21,8,599383,6227,104462,3494,0.057680907036199935,0.35942804238247095
3504,0.3599,17,14,17,599397,6213,104479,3477,0.05755122457297417,0.3588235294117647
3505,0.36,4,12,4,599409,6201,104483,3473,0.05744006817592352,0.3590035145751499
3506,0.3601,4,10,4,599419,6191,104487,3469,0.057347437845047984,0.3591097308488613
3507,0.3602,1,3,1,599422,6188,104488,3468,0.05731964874578532,0.3591549295774648
3508,0.3603,0,2,0,599424,6186,104488,3468,0.05730112267961021,0.35922933499067744
3509,0.3604,1,8,1,599432,6178,104489,3467,0.05722701841490978,0.35946086054950754
3510,0.3605,5,4,5,599436,6174,104494,3462,0.05718996628255956,0.3592777085927771
3511,0.3606,10,18,10,599454,6156,104504,3452,0.05702323168698359,0.35928393005828474
3512,0.3607,14,30,14,599484,6126,104518,3438,0.05674534069435696,0.3594730238393977
3513,0.3608,11,17,11,599501,6109,104529,3427,0.056587869131868536,0.359375
3514,0.3609,15,21,15,599522,6088,104544,3412,0.0563933454370299,0.3591578947368421
3515,0.361,1,3,1,599525,6085,104545,3411,0.05636555633776724,0.3592038753159225
3516,0.3611,4,8,4,599533,6077,104549,3407,0.05629145207306681,0.3592366090257275
3517,0.3612,6,13,6,599546,6064,104555,3401,0.0561710326429286,0.35932382461701
3518,0.3613,13,26,13,599572,6038,104568,3388,0.05593019378265219,0.35943136006789733
3519,0.3614,12,27,12,599599,6011,104580,3376,0.05568009188928823,0.359646319377863
3520,0.3615,2,1,2,599600,6010,104582,3374,0.05567082885620067,0.35954816709292414
3521,0.3616,7,10,7,599610,6000,104589,3367,0.05557819852532513,0.3594534002348671
3522,0.3617,11,23,11,599633,5977,104600,3356,0.05536514876431139,0.35958427086681666
3523,0.3618,2,1,2,599634,5976,104602,3354,0.05535588573122383,0.3594855305466238
3524,0.3619,1,21,1,599655,5955,104603,3353,0.05516136203638519,0.3602277610657499
3525,0.362,10,20,10,599675,5935,104613,3343,0.05497610137463411,0.3603147230006467
3526,0.3621,8,8,8,599683,5927,104621,3335,0.054901997109933674,0.3600734182681926
3527,0.3622,9,16,9,599699,5911,104630,3326,0.05475378858053281,0.3600736169752084
3528,0.3623,9,17,9,599716,5894,104639,3317,0.05459631701804439,0.3601129084789925
3529,0.3624,18,16,18,599732,5878,104657,3299,0.054448108488643523,0.35948567069848536
3530,0.3625,4,4,4,599736,5874,104661,3295,0.05441105635629331,0.35936307121823535
3531,0.3626,4,11,4,599747,5863,104665,3291,0.054309162992330205,0.35951496613502293
3532,0.3627,4,9,4,599756,5854,104669,3287,0.05422579569454222,0.35958866644787224
3533,0.3628,3,9,3,599765,5845,104672,3284,0.05414242839675423,0.3597327199036039
3534,0.3629,14,11,14,599776,5834,104686,3270,0.05404053503279114,0.359182776801406
3535,0.363,4,19,4,599795,5815,104690,3266,0.05386453740412761,0.3596520207025658
3536,0.3631,17,22,17,599817,5793,104707,3249,0.053660750676201414,0.3593231585932316
3537,0.3632,4,11,4,599828,5782,104711,3245,0.05355885731223832,0.35947712418300654
3538,0.3633,9,6,9,599834,5776,104720,3236,0.05350327911371299,0.35907678650687974
3539,0.3634,4,6,4,599840,5770,104724,3232,0.05344770091518767,0.35903132637191737
3540,0.3635,18,32,18,599872,5738,104742,3214,0.053151283856385935,0.35902591599642536
3541,0.3636,2,6,2,599878,5732,104744,3212,0.05309570565786061,0.35912343470483005
3542,0.3637,4,11,4,599889,5721,104748,3208,0.05299381229389751,0.35927875461977826
3543,0.3638,2,16,2,599905,5705,104750,3206,0.052845603764496644,0.35978004713275724
3544,0.3639,12,17,12,599922,5688,104762,3194,0.05268813220200823,0.359603692861968
3545,0.364,10,20,10,599942,5668,104772,3184,0.052502871540257144,0.359692724807953
3546,0.3641,4,6,4,599948,5662,104776,3180,0.052447293341731815,0.35964713865641257
3547,0.3642,11,15,11,599963,5647,104787,3169,0.052308347845418504,0.3594600725952813
3548,0.3643,3,12,3,599975,5635,104790,3166,0.052197191448367854,0.3597318486535621
3549,0.3644,7,18,7,599993,5617,104797,3159,0.05203045685279188,0.35995897903372837
3550,0.3645,3,5,3,599998,5612,104800,3156,0.05198414168735411,0.35994525547445255
3551,0.3646,10,19,10,600017,5593,104810,3146,0.05180814405869058,0.359995422817256
3552,0.3647,5,4,5,600021,5589,104815,3141,0.051771091926340364,0.3597938144329897
3553,0.3648,10,19,10,600040,5570,104825,3131,0.05159509429767683,0.35984369612688194
3554,0.3649,3,8,3,600048,5562,104828,3128,0.051520990032976395,0.35995397008055235
3555,0.365,12,9,12,600057,5553,104840,3116,0.05143762273518841,0.3594416887760987
3556,0.3651,11,24,11,600081,5529,104851,3105,0.05121530994108711,0.3596247394023627
3557,0.3652,8,11,8,600092,5518,104859,3097,0.05111341657712401,0.3594892629135229
3558,0.3653,1,8,1,600100,5510,104860,3096,0.05103931231242358,0.35974901231698814
3559,0.3654,5,10,5,600110,5500,104865,3091,0.05094668198154804,0.35979513444302175
3560,0.3655,3,14,3,600124,5486,104868,3088,0.05081699951832228,0.3601586190809424
3561,0.3656,6,7,6,600131,5479,104874,3082,0.0507521582867094,0.3600046723513608
3562,0.3657,6,11,6,600142,5468,104880,3076,0.0506502649227463,0.3600187265917603
3563,0.3658,4,7,4,600149,5461,104884,3072,0.050585423691133426,0.36001406304933786
3564,0.3659,4,6,4,600155,5455,104888,3068,0.0505298454926081,0.3599671477179397
3565,0.366,3,6,3,600161,5449,104891,3065,0.050474267294082775,0.35999530185576695
3566,0.3661,8,12,8,600173,5437,104899,3057,0.050363110897032125,0.3599011066635272
3567,0.3662,12,20,12,600193,5417,104911,3045,0.05017785023528104,0.3598440085086268
3568,0.3663,6,2,6,600195,5415,104917,3039,0.05015932416910593,0.3594748048261178
3569,0.3664,7,6,7,600201,5409,104924,3032,0.05010374597058061,0.3591991470204952
3570,0.3665,8,18,8,600219,5391,104932,3024,0.049937011375004635,0.3593582887700535
3571,0.3666,15,31,15,600250,5360,104947,3009,0.04964985734929045,0.3595411638188553
3572,0.3667,12,17,12,600267,5343,104959,2997,0.04949238578680203,0.3593525179856115
3573,0.3668,3,8,3,600275,5335,104962,2994,0.0494182815221016,0.3594669227998559
3574,0.3669,7,17,7,600292,5318,104969,2987,0.049260809959613176,0.3596628537025888
3575,0.367,9,28,9,600320,5290,104978,2978,0.04900144503316166,0.3601838413159168
3576,0.3671,6,18,6,600338,5272,104984,2972,0.048834710437585686,0.36050460941290635
3577,0.3672,7,10,7,600348,5262,104991,2965,0.04874208010671014,0.3603986872493011
3578,0.3673,0,1,0,600349,5261,104991,2965,0.048732817073622585,0.36044249939217116
3579,0.3674,0,2,0,600351,5259,104991,2965,0.04871429100744748,0.36053015564202334
3580,0.3675,1,7,1,600358,5252,104992,2964,0.0486494497758346,0.36075949367088606
3581,0.3676,15,20,15,600378,5232,105007,2949,0.04846418911408352,0.3604693802713605
3582,0.3677,3,13,3,600391,5219,105010,2946,0.04834376968394531,0.36080832823025105
3583,0.3678,4,5,4,600396,5214,105014,2942,0.04829745451850754,0.36071603727317314
3584,0.368,3,7,3,600403,5207,105017,2939,0.04823261328689466,0.3607905720599067
3585,0.3681,7,8,7,600411,5199,105024,2932,0.04815850902219423,0.3605952527364408
3586,0.3682,6,19,6,600430,5180,105030,2926,0.0479825113935307,0.3609671848013817
3587,0.3683,6,15,6,600445,5165,105036,2920,0.04784356589721739,0.3611626468769326
3588,0.3684,12,19,12,600464,5146,105048,2908,0.04766756826855385,0.3610628259250062
3589,0.3685,7,9,7,600473,5137,105055,2901,0.04758420097076587,0.36091067429708884
3590,0.3686,5,5,5,600478,5132,105060,2896,0.0475378858053281,0.36073741903338313
3591,0.3687,6,10,6,600488,5122,105066,2890,0.04744525547445255,0.36070893659510733
3592,0.3688,17,19,17,600507,5103,105083,2873,0.047269257845789024,0.36020561685055164
3593,0.3689,4,3,4,600510,5100,105087,2869,0.04724146874652636,0.36002007780148076
3594,0.369,7,32,7,600542,5068,105094,2862,0.04694505168772463,0.36090794451450187
3595,0.3691,6,5,6,600547,5063,105100,2856,0.046898736522286856,0.36065159742391717
3596,0.3692,2,2,2,600549,5061,105102,2854,0.04688021045611175,0.3605811749842072
3597,0.3693,5,14,5,600563,5047,105107,2849,0.04675052799288599,0.3608156028368794
3598,0.3694,9,20,9,600583,5027,105116,2840,0.046565267331134905,0.3610016524723529
3599,0.3695,6,7,6,600590,5020,105122,2834,0.04650042609952203,0.3608352431881844
3600,0.3696,5,15,5,600605,5005,105127,2829,0.046361480603208716,0.3611182027061527
3601,0.3697,3,8,3,600613,4997,105130,2826,0.04628737633850828,0.3612424900933146
3602,0.3698,13,17,13,600630,4980,105143,2813,0.04612990477601986,0.3609649685615296
3603,0.3699,12,19,12,600649,4961,105155,2801,0.04595390714735633,0.36086060293738725
3604,0.37,6,8,6,600657,4953,105161,2795,0.0458798028826559,0.36073825503355705
3605,0.3701,10,22,10,600679,4931,105171,2785,0.04567601615472971,0.36093831000518406
3606,0.3702,8,14,8,600693,4917,105179,2777,0.045546333691503946,0.3609305952690408
3607,0.3703,10,15,10,600708,4902,105189,2767,0.045407388195190634,0.3608032337984092
3608,0.3704,7,20,7,600728,4882,105196,2760,0.04522212753343955,0.3611619994765768
3609,0.3705,2,9,2,600737,4873,105198,2758,0.04513876023565156,0.36142052155680776
3610,0.3706,4,5,4,600742,4868,105202,2754,0.04509244507021379,0.36132248753607976
3611,0.3707,9,13,9,600755,4855,105211,2745,0.04497202564007559,0.3611842105263158
3612,0.3708,4,14,4,600769,4841,105215,2741,0.044842343176849826,0.36151411237140596
3613,0.3709,15,27,15,600796,4814,105230,2726,0.044592241283485864,0.36153846153846153
3614,0.371,5,7,5,600803,4807,105235,2721,0.04452740005187299,0.3614505844845909
3615,0.3711,13,29,13,600832,4778,105248,2708,0.04425877209233391,0.36174191824739516
3616,0.3712,7,12,7,600844,4766,105255,2701,0.04414761569528326,0.36172492299450915
3617,0.3713,4,3,4,600847,4763,105259,2697,0.0441198265960206,0.36152815013404827
3618,0.3714,3,12,3,600859,4751,105262,2694,0.04400867019896995,0.3618535930154466
3619,0.3715,6,9,6,600868,4742,105268,2688,0.04392530290118196,0.3617765814266487
3620,0.3716,6,10,6,600878,4732,105274,2682,0.04383267257030642,0.36174804424062584
3621,0.3717,4,10,4,600888,4722,105278,2678,0.04374004223943088,0.3618918918918919
3622,0.3718,7,11,7,600899,4711,105285,2671,0.04363814887546778,0.36182606339745327
3623,0.3719,2,6,2,600905,4705,105287,2669,0.04358257067694246,0.3619473826959588
3624,0.372,10,15,10,600920,4690,105297,2659,0.04344362518062914,0.36181793441284527
3625,0.3721,8,12,8,600932,4678,105305,2651,0.04333246878357849,0.36171373993723566
3626,0.3722,4,15,4,600947,4663,105309,2647,0.04319352328726518,0.36210670314637483
3627,0.3723,2,18,2,600965,4645,105311,2645,0.04302678869168921,0.3628257887517147
3628,0.3724,6,20,6,600985,4625,105317,2639,0.042841528029938125,0.36329845814977973
3629,0.3725,3,6,3,600991,4619,105320,2636,0.042785949831412796,0.3633356305995865
3630,0.3726,13,41,13,601032,4578,105333,2623,0.04240616547482308,0.36425496458825163
3631,0.3727,11,10,11,601042,4568,105344,2612,0.042313535143947534,0.3637883008356546
3632,0.3728,4,3,4,601045,4565,105348,2608,0.04228574604468487,0.3635856684790185
3633,0.3729,4,9,4,601054,4556,105352,2604,0.04220237874689688,0.3636871508379888
3634,0.373,5,6,5,601060,4550,105357,2599,0.04214680054837156,0.3635473492796195
3635,0.3731,10,15,10,601075,4535,105367,2589,0.04200785505205824,0.36341942728804044
3636,0.3732,4,7,4,601082,4528,105371,2585,0.041943013820445366,0.36341909180373966
3637,0.3733,1,9,1,601091,4519,105372,2584,0.041859646522657376,0.3637899479093341
3638,0.3734,6,12,6,601103,4507,105378,2578,0.041748490125606726,0.36386732533521526
3639,0.3735,8,23,8,601126,4484,105386,2570,0.04153544036459298,0.3643322937340516
3640,0.3736,2,9,2,601135,4475,105388,2568,0.041452073066805,0.36461735056084055
3641,0.3737,7,9,7,601144,4466,105395,2561,0.04136870576901701,0.36445140173616053
3642,0.3738,1,7,1,601151,4459,105396,2560,0.04130386453740413,0.3647243197036615
3643,0.3739,1,5,1,601156,4454,105397,2559,0.04125754937196636,0.3648937687152431
3644,0.374,4,6,4,601162,4448,105401,2555,0.04120197117344103,0.3648436384406683
3645,0.3741,0,7,0,601169,4441,105401,2555,0.04113712994182815,0.3652086906803888
3646,0.3742,7,10,7,601179,4431,105408,2548,0.04104449961095261,0.3650952858575727
3647,0.3743,4,5,4,601184,4426,105412,2544,0.04099818444551484,0.3649928263988522
3648,0.3744,9,9,9,601193,4417,105421,2535,0.04091481714772685,0.3646432681242808
3649,0.3745,2,8,2,601201,4409,105423,2533,0.04084071288302642,0.36488043791414576
3650,0.3746,3,6,3,601207,4403,105426,2530,0.040785134684501095,0.364921390451464
3651,0.3747,3,12,3,601219,4391,105429,2527,0.040673978287450445,0.36527898236484535
3652,0.3748,6,7,6,601226,4384,105435,2521,0.04060913705583756,0.36509775524981897
3653,0.3749,6,11,6,601237,4373,105441,2515,0.040507243691874466,0.3651277584204414
3654,0.375,3,9,3,601246,4364,105444,2512,0.04042387639408648,0.36532867946480513
3655,0.3751,14,19,14,601265,4345,105458,2498,0.04024787876542295,0.3650445710945492
3656,0.3752,6,13,6,601278,4332,105464,2492,0.04012745933528475,0.36518171160609614
3657,0.3753,10,20,10,601298,4312,105474,2482,0.039942198673533665,0.36532234324403884
3658,0.3754,0,3,0,601301,4309,105474,2482,0.039914409574271,0.36548372846414373
3659,0.3755,2,22,2,601323,4287,105476,2480,0.03971062284634481,0.36648440963499335
3660,0.3756,0,6,0,601329,4281,105476,2480,0.03965504464781948,0.3668096435438545
3661,0.3757,1,6,1,601335,4275,105477,2479,0.03959946644929416,0.3670417530352384
3662,0.3758,0,3,0,601338,4272,105477,2479,0.039571677350031496,0.36720485853947565
3663,0.3759,4,3,4,601341,4269,105481,2475,0.03954388825076883,0.3669928825622776
3664,0.376,4,6,4,601347,4263,105485,2471,0.03948831005224351,0.36694386694386694
3665,0.3761,7,6,7,601353,4257,105492,2464,0.03943273185371818,0.36661211129296234
3666,0.3762,3,12,3,601365,4245,105495,2461,0.039321575456667535,0.3669847897405309
3667,0.3763,4,12,4,601377,4233,105499,2457,0.039210419059616884,0.3672645739910314
3668,0.3764,7,25,7,601402,4208,105506,2450,0.03897884323242803,0.3679783718834485
3669,0.3765,5,12,5,601414,4196,105511,2445,0.03886768683537738,0.3681674446619485
3670,0.3766,2,8,2,601422,4188,105513,2443,0.03879358257067694,0.3684210526315789
3671,0.3767,6,6,6,601428,4182,105519,2437,0.038738004372151615,0.3681825049101073
3672,0.3768,6,10,6,601438,4172,105525,2431,0.038645374041276076,0.3681659851582614
3673,0.3769,4,5,4,601443,4167,105529,2427,0.0385990588758383,0.3680618744313012
3674,0.377,2,6,2,601449,4161,105531,2425,0.03854348067731298,0.368205283935621
3675,0.3771,12,15,12,601464,4146,105543,2413,0.03840453518099966,0.36789144686690045
3676,0.3772,1,1,1,601465,4145,105544,2412,0.038395272147912114,0.3678511514412079
3677,0.3773,4,4,4,601469,4141,105548,2408,0.0383582200155619,0.36768972362192703
3678,0.3774,0,2,0,601471,4139,105548,2408,0.038339693949386786,0.36780204673896444
3679,0.3775,3,2,3,601473,4137,105551,2405,0.03832116788321168,0.36762457963925405
3680,0.3776,0,5,0,601478,4132,105551,2405,0.03827485271777391,0.3679057671714854
3681,0.3777,6,14,6,601492,4118,105557,2399,0.03814517025454815,0.3681141629584164
3682,0.3778,10,22,10,601514,4096,105567,2389,0.037941383526621957,0.36838858905165767
3683,0.3779,6,8,6,601522,4088,105573,2383,0.03786727926192152,0.36825838355741
3684,0.378,3,7,3,601529,4081,105576,2380,0.037802438030308645,0.36836403033586135
3685,0.3781,9,8,9,601537,4073,105585,2371,0.03772833376560821,0.3679391682184978
3686,0.3782,9,9,9,601546,4064,105594,2362,0.03764496646782022,0.3675692499221911
3687,0.3783,5,10,5,601556,4054,105599,2357,0.03755233613694468,0.3676493526750897
3688,0.3784,6,8,6,601564,4046,105605,2351,0.03747823187224425,0.3675160231358449
3689,0.3785,10,17,10,601581,4029,105615,2341,0.03732076030975583,0.3675039246467818
3690,0.3786,2,5,2,601586,4024,105617,2339,0.037274445144318054,0.3675939022473676
3691,0.3787,8,9,8,601595,4015,105625,2331,0.03719107784653007,0.36731799558777184
3692,0.3788,10,17,10,601612,3998,105635,2321,0.03703360628404165,0.36730495331539803
3693,0.3789,0,4,0,601616,3994,105635,2321,0.03699655415169143,0.36753760886777515
3694,0.379,3,9,3,601625,3985,105638,2318,0.03691318685390344,0.36776138346818976
3695,0.3791,1,3,1,601628,3982,105639,2317,0.03688539775464078,0.3678361644705509
3696,0.3792,6,16,6,601644,3966,105645,2311,0.036737189225239913,0.368169507726621
3697,0.3793,6,8,6,601652,3958,105651,2305,0.03666308496053948,0.36803448826441004
3698,0.3794,8,16,8,601668,3942,105659,2297,0.03651487643113861,0.36816797563712134
3699,0.3795,13,36,13,601704,3906,105672,2284,0.03618140723998666,0.3689822294022617
3700,0.3796,2,17,2,601721,3889,105674,2282,0.03602393567749824,0.369794198671204
3701,0.3797,2,2,2,601723,3887,105676,2280,0.03600540961132313,0.3697097454191665
3702,0.3798,5,5,5,601728,3882,105681,2275,0.03595909444588536,0.3694981322072438
3703,0.3799,5,3,5,601731,3879,105686,2270,0.0359313053466227,0.3691657180029273
3704,0.38,8,11,8,601742,3868,105694,2262,0.035829411982659605,0.3690048939641109
3705,0.3801,2,12,2,601754,3856,105696,2260,0.035718255585608955,0.3695225637671681
3706,0.3802,8,12,8,601766,3844,105704,2252,0.035607099188558304,0.3694225721784777
3707,0.3803,5,3,5,601769,3841,105709,2247,0.035579310089295636,0.3690867279894875
3708,0.3804,1,6,1,601775,3835,105710,2246,0.035523731890770315,0.3693471468508469
3709,0.3805,6,17,6,601792,3818,105716,2240,0.03536626032828189,0.36975899636843845
3710,0.3806,4,3,4,601795,3815,105720,2236,0.03533847122901923,0.36952569823169723
3711,0.3807,5,8,5,601803,3807,105725,2231,0.0352643669643188,0.3694932096720768
3712,0.3808,3,8,3,601811,3799,105728,2228,0.03519026269961836,0.36966981914717106
3713,0.3809,4,3,4,601814,3796,105732,2224,0.0351624736003557,0.36943521594684386
3714,0.381,6,6,6,601820,3790,105738,2218,0.035106895401830374,0.3691744340878828
3715,0.3811,5,6,5,601826,3784,105743,2213,0.03505131720330505,0.36901784225446055
3716,0.3812,11,18,11,601844,3766,105754,2202,0.03488458260772907,0.36896782841823056
3717,0.3813,4,5,4,601849,3761,105758,2198,0.03483826744229131,0.36885383453599596
3718,0.3814,5,10,5,601859,3751,105763,2193,0.03474563711141576,0.3689434724091521
3719,0.3815,8,21,8,601880,3730,105771,2185,0.03455111341657712,0.3693998309382925
3720,0.3816,0,5,0,601885,3725,105771,2185,0.034504798251139356,0.3697123519458545
3721,0.3817,2,1,2,601886,3724,105773,2183,0.0344955352180518,0.3695615371593025
3722,0.3818,3,4,3,601890,3720,105776,2180,0.03445848308570158,0.3694915254237288
3723,0.3819,1,5,1,601895,3715,105777,2179,0.03441216792026381,0.36969799796403124
3724,0.382,3,16,3,601911,3699,105780,2176,0.03426395939086294,0.37038297872340425
3725,0.3821,5,16,5,601927,3683,105785,2171,0.034115750861462076,0.3708575333105569
3726,0.3822,3,6,3,601933,3677,105788,2168,0.034060172662936754,0.3709153122326775
3727,0.3823,4,12,4,601945,3665,105792,2164,0.0339490162658861,0.3712472122147881
3728,0.3824,4,8,4,601953,3657,105796,2160,0.03387491200118567,0.37132542547705005
3729,0.3825,1,5,1,601958,3652,105797,2159,0.0338285968357479,0.37153674066425746
3730,0.3826,2,3,2,601961,3649,105799,2157,0.033800807736485236,0.37151222872890116
3731,0.3827,4,15,4,601976,3634,105803,2153,0.033661862240171925,0.3720407810609988
3732,0.3828,3,3,3,601979,3631,105806,2150,0.03363407314090926,0.37190797439889295
3733,0.3829,3,12,3,601991,3619,105809,2147,0.033522916743858606,0.3723551855705862
3734,0.383,5,10,5,602001,3609,105814,2142,0.03343028641298307,0.37245696400625977
3735,0.3831,0,5,0,602006,3604,105814,2142,0.033383971247545295,0.3727810650887574
3736,0.3832,7,10,7,602016,3594,105821,2135,0.03329134091666976,0.3726653866294292
3737,0.3833,20,19,20,602035,3575,105841,2115,0.03311534328800622,0.37170474516695956
3738,0.3834,5,3,5,602038,3572,105846,2110,0.03308755418874356,0.3713481168602605
3739,0.3835,4,4,4,602042,3568,105850,2106,0.033050502056393344,0.3711667254141699
3740,0.3836,2,16,2,602058,3552,105852,2104,0.03290229352699248,0.371994342291372
3741,0.3837,2,0,2,602058,3552,105854,2102,0.03290229352699248,0.3717721966749204
3742,0.3838,2,5,2,602063,3547,105856,2100,0.03285597836155471,0.3718788737382681
3743,0.3839,2,8,2,602071,3539,105858,2098,0.03278187409685428,0.3721837857016143
3744,0.384,1,2,1,602073,3537,105859,2097,0.032763348030679165,0.3722044728434505
3745,0.3841,12,12,12,602085,3525,105871,2085,0.032652191633628515,0.3716577540106952
3746,0.3842,4,7,4,602092,3518,105875,2081,0.03258735040201564,0.37167351312734415
3747,0.3843,8,15,8,602107,3503,105883,2073,0.032448404905702326,0.3717718794835007
3748,0.3844,3,5,3,602112,3498,105886,2070,0.03240208974026455,0.37176724137931033
3749,0.3845,11,20,11,602132,3478,105897,2059,0.03221682907851347,0.37186201914394074
3750,0.3846,5,5,5,602137,3473,105902,2054,0.032170513913075696,0.3716301791206803
3751,0.3847,2,3,2,602140,3470,105904,2052,0.032142724813813035,0.3716044911264035
3752,0.3848,0,3,0,602143,3467,105904,2052,0.032114935714550374,0.37180648668237
3753,0.3849,3,12,3,602155,3455,105907,2049,0.032003779317499724,0.3722747093023256
3754,0.385,1,6,1,602161,3449,105908,2048,0.031948201118974395,0.37256685464798983
3755,0.3852,1,2,1,602163,3447,105909,2047,0.03192967505279929,0.3725882781215872
3756,0.3853,4,2,4,602165,3445,105913,2043,0.03191114898662418,0.3722667638483965
3757,0.3854,1,9,1,602174,3436,105914,2042,0.031827781688836196,0.3727637824023366
3758,0.3855,3,4,3,602178,3432,105917,2039,0.03179072955648598,0.37269237799305427
3759,0.3856,0,7,0,602185,3425,105917,2039,0.031725888324873094,0.3731698389458272
3760,0.3857,20,31,20,602216,3394,105937,2019,0.031438734299158916,0.3729909477184556
3761,0.3858,0,7,0,602223,3387,105937,2019,0.03137389306754604,0.3734739178690344
3762,0.3859,10,13,10,602236,3374,105947,2009,0.03125347363740783,0.3732119635890767
3763,0.386,7,8,7,602244,3366,105954,2002,0.031179369372707398,0.3729508196721312
3764,0.3861,1,2,1,602246,3364,105955,2001,0.03116084330653229,0.372972972972973
3765,0.3862,2,12,2,602258,3352,105957,1999,0.03104968690948164,0.3735750327041674
3766,0.3863,0,3,0,602261,3349,105957,1999,0.03102189781021898,0.37378459237097983
3767,0.3864,6,11,6,602272,3338,105963,1993,0.03092000444625588,0.37385105983867944
3768,0.3865,0,1,0,602273,3337,105963,1993,0.030910741413168328,0.37392120075046903
3769,0.3866,1,1,1,602274,3336,105964,1992,0.030901478380080772,0.3738738738738739
3770,0.3867,9,15,9,602289,3321,105973,1983,0.03076253288376746,0.373868778280543
3771,0.3868,3,2,3,602291,3319,105976,1980,0.030744006817592352,0.37365540668050573
3772,0.3869,4,8,4,602299,3311,105980,1976,0.03066990255289192,0.37374692642330243
3773,0.387,9,12,9,602311,3299,105989,1967,0.030558746155841268,0.37352829472085075
3774,0.3871,6,25,6,602336,3274,105995,1961,0.030327170328652415,0.3745940783190067
3775,0.3872,7,10,7,602346,3264,106002,1954,0.030234539997776873,0.3744729781525489
3776,0.3873,2,4,2,602350,3260,106004,1952,0.030197487865426656,0.37452033768227166
3777,0.3874,1,5,1,602355,3255,106005,1951,0.030151172699988883,0.37475989243180946
3778,0.3875,10,9,10,602364,3246,106015,1941,0.030067805402200897,0.3742047426257953
3779,0.3876,3,5,3,602369,3241,106018,1938,0.030021490236763124,0.37420351419192893
3780,0.3877,9,22,9,602391,3219,106027,1929,0.029817703508836932,0.3747086247086247
3781,0.3878,4,4,4,602395,3215,106031,1925,0.02978065137648672,0.3745136186770428
3782,0.3879,5,13,5,602408,3202,106036,1920,0.029660231946348512,0.374853572823116
3783,0.388,15,22,15,602430,3180,106051,1905,0.02945644521842232,0.3746312684365782
3784,0.3881,1,6,1,602436,3174,106052,1904,0.029400867019896994,0.3749507680189051
3785,0.3882,4,13,4,602449,3161,106056,1900,0.02928044758975879,0.3754198774945663
3786,0.3883,3,2,3,602451,3159,106059,1897,0.029261921523583683,0.37519778481012656
3787,0.3884,4,7,4,602458,3152,106063,1893,0.029197080291970802,0.37522299306243806
3788,0.3885,6,6,6,602464,3146,106069,1887,0.029141502093445477,0.3749254917544208
3789,0.3886,4,7,4,602471,3139,106073,1883,0.0290766608618326,0.37495021903624054
3790,0.3887,7,11,7,602482,3128,106080,1876,0.0289747674978695,0.3749000799360512
3791,0.3888,1,1,1,602483,3127,106081,1875,0.02896550446478195,0.3748500599760096
3792,0.3889,4,2,4,602485,3125,106085,1871,0.02894697839860684,0.3744995996797438
3793,0.389,5,10,5,602495,3115,106090,1866,0.028854348067731298,0.3746235695643445
3794,0.3891,1,4,1,602499,3111,106091,1865,0.02881729593538108,0.37479903536977494
3795,0.3892,7,7,7,602506,3104,106098,1858,0.0287524547037682,0.37444578798871425
3796,0.3893,1,5,1,602511,3099,106099,1857,0.02870613953833043,0.37469733656174337
3797,0.3894,6,20,6,602531,3079,106105,1851,0.028520878876579347,0.3754563894523327
3798,0.3895,10,1,10,602532,3078,106115,1841,0.028511615843491794,0.37426306159788575
3799,0.3896,4,7,4,602539,3071,106119,1837,0.028446774611878913,0.37428687856560716
3800,0.3897,7,17,7,602556,3054,106126,1830,0.028289303049390493,0.3746928746928747
3801,0.3898,5,8,5,602564,3046,106131,1825,0.02821519878469006,0.37466639293779513
3802,0.3899,6,6,6,602570,3040,106137,1819,0.028159620586164735,0.37435686355217124
3803,0.39,3,5,3,602575,3035,106140,1816,0.028113305420726962,0.3743558029272315
3804,0.3901,1,3,1,602578,3032,106141,1815,0.0280855163214643,0.3744584278935424
3805,0.3902,2,1,2,602579,3031,106143,1813,0.028076253288376745,0.37427745664739887
3806,0.3903,1,12,1,602591,3019,106144,1812,0.027965096891326095,0.37507762368039743
3807,0.3904,3,15,3,602606,3004,106147,1809,0.027826151395012783,0.3758570538125909
3808,0.3905,2,3,2,602609,3001,106149,1807,0.02779836229575012,0.37583194675540765
3809,0.3906,0,2,0,602611,2999,106149,1807,0.02777983622957501,0.37598834789846025
3810,0.3907,4,6,4,602617,2993,106153,1803,0.027724258031049685,0.3759382819015847
3811,0.3908,9,13,9,602630,2980,106162,1794,0.027603838600911482,0.3757855048177629
3812,0.3909,3,5,3,602635,2975,106165,1791,0.027557523435473713,0.3757868233319345
3813,0.391,0,4,0,602639,2971,106165,1791,0.027520471303123496,0.376102477950441
3814,0.3911,5,3,5,602642,2968,106170,1786,0.027492682203860832,0.37568363483382416
3815,0.3912,2,4,2,602646,2964,106172,1784,0.027455630071510615,0.37573715248525696
3816,0.3913,8,6,8,602652,2958,106180,1776,0.02740005187298529,0.37515842839036756
3817,0.3914,4,10,4,602662,2948,106184,1772,0.027307421542109748,0.37542372881355934
3818,0.3915,8,27,8,602689,2921,106192,1764,0.027057319648745786,0.37652081109925295
3819,0.3916,3,8,3,602697,2913,106195,1761,0.026983215384045352,0.37676508344030807
3820,0.3917,3,2,3,602699,2911,106198,1758,0.026964689317870244,0.3765260227029342
3821,0.3918,2,1,2,602700,2910,106200,1756,0.026955426284782688,0.3763394770681526
3822,0.3919,12,18,12,602718,2892,106212,1744,0.026788691689206712,0.37618636755823986
3823,0.392,6,9,6,602727,2883,106218,1738,0.026705324391418726,0.3761090673014499
3824,0.3921,1,3,1,602730,2880,106219,1737,0.026677535292156062,0.3762183235867446
3825,0.3922,0,7,0,602737,2873,106219,1737,0.026612694060543184,0.37678958785249456
3826,0.3923,10,12,10,602749,2861,106229,1727,0.026501537663492534,0.3764167393199651
3827,0.3924,1,5,1,602754,2856,106230,1726,0.026455222498054765,0.3766914011348756
3828,0.3925,0,4,0,602758,2852,106230,1726,0.026418170365704548,0.37702053298383575
3829,0.3926,6,13,6,602771,2839,106236,1720,0.02629775093556634,0.3772757183592893
3830,0.3927,2,2,2,602773,2837,106238,1718,0.026279224869391233,0.3771679473106476
3831,0.3928,4,1,4,602774,2836,106242,1714,0.02626996183630368,0.3767032967032967
3832,0.3929,1,3,1,602777,2833,106243,1713,0.026242172737041016,0.37681478222613285
3833,0.393,2,9,2,602786,2824,106245,1711,0.02615880543925303,0.3772877618522602
3834,0.3931,1,5,1,602791,2819,106246,1710,0.026112490273815257,0.3775667917862663
3835,0.3932,1,2,1,602793,2817,106247,1709,0.02609396420764015,0.37759611135660626
3836,0.3933,10,10,10,602803,2807,106257,1699,0.026001333876764607,0.37705281846426986
3837,0.3934,12,11,12,602814,2796,106269,1687,0.025899440512801512,0.37631050635734997
3838,0.3935,4,1,4,602815,2795,106273,1683,0.025890177479713956,0.37583742742295667
3839,0.3936,1,6,1,602821,2789,106274,1682,0.02583459928118863,0.37620219190337734
3840,0.3937,7,33,7,602854,2756,106281,1675,0.025528919189299344,0.3780185059805913
3841,0.3938,4,2,4,602856,2754,106285,1671,0.025510393123124236,0.3776271186440678
3842,0.3939,4,14,4,602870,2740,106289,1667,0.025380710659898477,0.3782618561379623
3843,0.394,5,8,5,602878,2732,106294,1662,0.025306606395198043,0.3782430587164315
3844,0.3941,5,12,5,602890,2720,106299,1657,0.025195449998147393,0.378569796664382
3845,0.3942,12,14,12,602904,2706,106311,1645,0.025065767534921634,0.3780740059756378
3846,0.3943,6,6,6,602910,2700,106317,1639,0.02501018933639631,0.3777368057156027
3847,0.3944,12,18,12,602928,2682,106329,1627,0.024843454740820333,0.37758180552332327
3848,0.3945,1,3,1,602931,2679,106330,1626,0.024815665641557672,0.37770034843205574
3849,0.3946,6,5,6,602936,2674,106336,1620,0.0247693504761199,0.37727061015370283
3850,0.3947,0,3,0,602939,2671,106336,1620,0.02474156137685724,0.37753437427173153
3851,0.3948,3,6,3,602945,2665,106339,1617,0.024685983178331913,0.37762727697337695
3852,0.3949,2,2,2,602947,2663,106341,1615,0.024667457112156805,0.37751285647498833
3853,0.395,4,8,4,602955,2655,106345,1611,0.02459335284745637,0.37763713080168776
3854,0.3951,3,3,3,602958,2652,106348,1608,0.024565563748193707,0.37746478873239436
3855,0.3952,0,6,0,602964,2646,106348,1608,0.024509985549668382,0.37799717912552894
3856,0.3953,3,13,3,602977,2633,106351,1605,0.02438956611953018,0.378716375648891
3857,0.3954,8,17,8,602994,2616,106359,1597,0.02423209455704176,0.37906479943033466
3858,0.3955,0,7,0,603001,2609,106359,1597,0.024167253325428878,0.37969567284831196
3859,0.3956,6,10,6,603011,2599,106365,1591,0.024074622994553336,0.37971360381861574
3860,0.3957,5,10,5,603021,2589,106370,1586,0.023981992663677794,0.37988023952095806
3861,0.3958,8,11,8,603032,2578,106378,1578,0.0238800992997147,0.3796920115495669
3862,0.3959,0,1,0,603033,2577,106378,1578,0.023870836266627143,0.37978339350180507
3863,0.396,1,12,1,603045,2565,106379,1577,0.023759679869576493,0.38073394495412843
3864,0.3961,11,9,11,603054,2556,106390,1566,0.023676312571788507,0.3799126637554585
3865,0.3962,1,0,1,603054,2556,106391,1565,0.023676312571788507,0.37976219364231983
3866,0.3963,5,16,5,603070,2540,106396,1560,0.02352810404238764,0.3804878048780488
3867,0.3964,0,1,0,603071,2539,106396,1560,0.023518841009300084,0.3805806294218102
3868,0.3965,11,12,11,603083,2527,106407,1549,0.023407684612249433,0.3800294406280667
3869,0.3966,1,1,1,603084,2526,106408,1548,0.02339842157916188,0.3799705449189985
3870,0.3967,3,4,3,603088,2522,106411,1545,0.023361369446811664,0.3798868945168429
3871,0.3968,9,24,9,603112,2498,106420,1536,0.023139056652710363,0.3807635101636093
3872,0.3969,4,4,4,603116,2494,106424,1532,0.023102004520360146,0.38052657724788874
3873,0.397,5,13,5,603129,2481,106429,1527,0.022981585090221943,0.3809880239520958
3874,0.3971,2,8,2,603137,2473,106431,1525,0.02290748082552151,0.38144072036018006
3875,0.3972,2,8,2,603145,2465,106433,1523,0.022833376560821076,0.38189568706118354
3876,0.3973,1,1,1,603146,2464,106434,1522,0.02282411352773352,0.3818364274962368
3877,0.3974,1,0,1,603146,2464,106435,1521,0.02282411352773352,0.38168130489335006
3878,0.3975,3,3,3,603149,2461,106438,1518,0.02279632442847086,0.3815028901734104
3879,0.3976,1,8,1,603157,2453,106439,1517,0.022722220163770426,0.3821158690176322
3880,0.3977,2,5,2,603162,2448,106441,1515,0.022675904998332653,0.3822861468584406
3881,0.3978,5,6,5,603168,2442,106446,1510,0.022620326799807328,0.38208502024291496
3882,0.3979,6,3,6,603171,2439,106452,1504,0.022592537700544667,0.3814354552371291
3883,0.398,11,14,11,603185,2425,106463,1493,0.022462855237318908,0.3810617662072486
3884,0.3981,0,1,0,603186,2424,106463,1493,0.022453592204231352,0.38115905029359204
3885,0.3982,9,19,9,603205,2405,106472,1484,0.022277594575567824,0.38158909745435843
3886,0.3983,2,7,2,603212,2398,106474,1482,0.022212753343954946,0.3819587628865979
3887,0.3984,1,0,1,603212,2398,106475,1481,0.022212753343954946,0.38179943284351636
3888,0.3985,7,6,7,603218,2392,106482,1474,0.02215717514542962,0.3812726332126229
3889,0.3986,5,9,5,603227,2383,106487,1469,0.02207380784764163,0.38136033229491173
3890,0.3987,1,5,1,603232,2378,106488,1468,0.022027492682203862,0.38169526781071245
3891,0.3988,3,3,3,603235,2375,106491,1465,0.021999703582941198,0.3815104166666667
3892,0.3989,1,4,1,603239,2371,106492,1464,0.02196265145059098,0.3817470664928292
3893,0.399,1,2,1,603241,2369,106493,1463,0.021944125384415872,0.3817849686847599
3894,0.3991,1,2,1,603243,2367,106494,1462,0.021925599318240764,0.3818229302689997
3895,0.3992,2,5,2,603248,2362,106496,1460,0.021879284152802995,0.3819989534275249
3896,0.3993,1,1,1,603249,2361,106497,1459,0.02187002111971544,0.3819371727748691
3897,0.3994,7,9,7,603258,2352,106504,1452,0.021786653821927453,0.38170347003154576
3898,0.3996,1,2,1,603260,2350,106505,1451,0.021768127755752344,0.3817416469350171
3899,0.3997,1,3,1,603263,2347,106506,1450,0.02174033865648968,0.3818804319199368
3900,0.3998,1,3,1,603266,2344,106507,1449,0.02171254955722702,0.3820195096229897
3901,0.3999,2,4,2,603270,2340,106509,1447,0.021675497424876802,0.3820966464219699
3902,0.4,4,3,4,603273,2337,106513,1443,0.021647708325614138,0.3817460317460317
3903,0.4001,4,3,4,603276,2334,106517,1439,0.021619919226351477,0.3813941160879936
3904,0.4002,8,8,8,603284,2326,106525,1431,0.021545814961651043,0.380889007186585
3905,0.4003,1,0,1,603284,2326,106526,1430,0.021545814961651043,0.38072417465388714
3906,0.4004,0,7,0,603291,2319,106526,1430,0.021480973730038162,0.3814350493464924
3907,0.4005,1,6,1,603297,2313,106527,1429,0.021425395531512837,0.38188134687332975
3908,0.4006,3,6,3,603303,2307,106530,1426,0.021369817332987512,0.38199839271363517
3909,0.4007,2,5,2,603308,2302,106532,1424,0.021323502167549743,0.38217928073000534
3910,0.4008,4,5,4,603313,2297,106536,1420,0.02127718700211197,0.38202851762173795
3911,0.4009,1,3,1,603316,2294,106537,1419,0.02124939790284931,0.38217075141395096
3912,0.401,0,7,0,603323,2287,106537,1419,0.02118455667123643,0.382892606583918
3913,0.4011,6,7,6,603330,2280,106543,1413,0.02111971543962355,0.3826157595450853
3914,0.4012,1,3,1,603333,2277,106544,1412,0.02109192634036089,0.3827595554350773
3915,0.4013,3,11,3,603344,2266,106547,1409,0.02099003297639779,0.3834013605442177
3916,0.4014,3,2,3,603346,2264,106550,1406,0.020971506910222683,0.38310626702997275
3917,0.4015,2,7,2,603353,2257,106552,1404,0.020906665678609805,0.38350177547118275
3918,0.4016,0,3,0,603356,2254,106552,1404,0.02087887657934714,0.38381629305631493
3919,0.4017,2,2,2,603358,2252,106554,1402,0.020860350513172032,0.38368910782703886
3920,0.4018,2,10,2,603368,2242,106556,1400,0.02076772018229649,0.3844041735310269
3921,0.4019,7,11,7,603379,2231,106563,1393,0.020665826818333396,0.38438189845474613
3922,0.402,5,8,5,603387,2223,106568,1388,0.020591722553632962,0.38438105787870397
3923,0.4021,7,7,7,603394,2216,106575,1381,0.02052688132202008,0.3839310536558243
3924,0.4023,5,9,5,603403,2207,106580,1376,0.020443514024232095,0.3840357242534189
3925,0.4024,5,3,5,603406,2204,106585,1371,0.02041572492496943,0.3834965034965035
3926,0.4025,3,4,3,603410,2200,106588,1368,0.020378672792619214,0.3834080717488789
3927,0.4026,2,8,2,603418,2192,106590,1366,0.02030456852791878,0.3839235525576166
3928,0.4027,0,2,0,603420,2190,106590,1366,0.02028604246174367,0.3841394825646794
3929,0.4028,5,7,5,603427,2183,106595,1361,0.020221201230130794,0.3840293453724605
3930,0.4029,2,2,2,603429,2181,106597,1359,0.020202675163955686,0.38389830508474576
3931,0.403,6,11,6,603440,2170,106603,1353,0.02010078179999259,0.3840476866307125
3932,0.4031,5,16,5,603456,2154,106608,1348,0.019952573270591724,0.38492290119931466
3933,0.4032,8,8,8,603464,2146,106616,1340,0.01987846900589129,0.3843947217441193
3934,0.4033,10,8,10,603472,2138,106626,1330,0.019804364741190857,0.38350634371395614
3935,0.4034,0,5,0,603477,2133,106626,1330,0.019758049575753084,0.3840600635287323
3936,0.4035,2,1,2,603478,2132,106628,1328,0.01974878654266553,0.3838150289017341
3937,0.4036,3,6,3,603484,2126,106631,1325,0.019693208344140206,0.3839466821211243
3938,0.4037,1,4,1,603488,2122,106632,1324,0.01965615621178999,0.3842135809634359
3939,0.4039,7,7,7,603495,2115,106639,1317,0.019591314980177108,0.38374125874125875
3940,0.404,2,5,2,603500,2110,106641,1315,0.01954499981473934,0.38394160583941606
3941,0.4041,3,5,3,603505,2105,106644,1312,0.019498684649301566,0.3839625402399766
3942,0.4042,2,5,2,603510,2100,106646,1310,0.019452369483863797,0.3841642228739003
3943,0.4043,8,12,8,603522,2088,106654,1302,0.019341213086813146,0.384070796460177
3944,0.4044,8,10,8,603532,2078,106662,1294,0.019248582755937604,0.3837485172004745
3945,0.4045,4,6,4,603538,2072,106666,1290,0.01919300455741228,0.38370017846519927
3946,0.4046,2,3,2,603541,2069,106668,1288,0.019165215458149615,0.3836759011021746
3947,0.4047,4,5,4,603546,2064,106672,1284,0.019118900292711846,0.3835125448028674
3948,0.4048,6,2,6,603548,2062,106678,1278,0.019100374226536737,0.38263473053892216
3949,0.4049,1,3,1,603551,2059,106679,1277,0.019072585127274076,0.3827937649880096
3950,0.405,0,3,0,603554,2056,106679,1277,0.019044796028011412,0.38313831383138314
3951,0.4051,1,9,1,603563,2047,106680,1276,0.018961428730223426,0.3839903701474571
3952,0.4052,2,0,2,603563,2047,106682,1274,0.018961428730223426,0.38361939174947307
3953,0.4053,3,5,3,603568,2042,106685,1271,0.018915113564785653,0.3836402052520374
3954,0.4055,2,6,2,603574,2036,106687,1269,0.018859535366260328,0.38396369137670194
3955,0.4056,10,8,10,603582,2028,106697,1259,0.018785431101559894,0.38302403407362334
3956,0.4057,0,3,0,603585,2025,106697,1259,0.018757642002297233,0.38337393422655297
3957,0.4058,3,0,3,603585,2025,106700,1256,0.018757642002297233,0.3828101188661993
3958,0.4059,2,1,2,603586,2024,106702,1254,0.018748378969209677,0.3825503355704698
3959,0.406,3,2,3,603588,2022,106705,1251,0.01872985290303457,0.38221814848762603
3960,0.4061,5,6,5,603594,2016,106710,1246,0.018674274704509244,0.38197424892703863
3961,0.4062,1,2,1,603596,2014,106711,1245,0.018655748638334135,0.3820190242405646
3962,0.4063,9,8,9,603604,2006,106720,1236,0.0185816443736337,0.3812461443553362
3963,0.4064,3,0,3,603604,2006,106723,1233,0.0185816443736337,0.3806730472368015
3964,0.4065,1,2,1,603606,2004,106724,1232,0.018563118307458593,0.380716934487021
3965,0.4066,9,9,9,603615,1995,106733,1223,0.018479751009670607,0.3800497203231821
3966,0.4067,0,2,0,603617,1993,106733,1223,0.0184612249434955,0.3802860696517413
3967,0.4068,2,2,2,603619,1991,106735,1221,0.01844269887732039,0.3801369863013699
3968,0.407,7,8,7,603627,1983,106742,1214,0.018368594612619957,0.3797309978104473
3969,0.4071,3,5,3,603632,1978,106745,1211,0.018322279447182184,0.3797428661022264
3970,0.4072,1,3,1,603635,1975,106746,1210,0.018294490347919523,0.37990580847723704
3971,0.4073,0,2,0,603637,1973,106746,1210,0.018275964281744415,0.3801445177505498
3972,0.4074,2,1,2,603638,1972,106748,1208,0.01826670124865686,0.379874213836478
3973,0.4075,11,16,11,603654,1956,106759,1197,0.01811849271925599,0.3796384395813511
3974,0.4076,6,2,6,603656,1954,106765,1191,0.018099966653080883,0.37869634340222574
3975,0.4077,9,12,9,603668,1942,106774,1182,0.017988810256030236,0.37836107554417414
3976,0.4078,1,4,1,603672,1938,106775,1181,0.01795175812368002,0.3786470022443091
3977,0.4079,0,2,0,603674,1936,106775,1181,0.01793323205750491,0.3788899582932307
3978,0.408,2,3,2,603677,1933,106777,1179,0.017905442958242247,0.3788560411311054
3979,0.4081,5,10,5,603687,1923,106782,1174,0.017812812627366705,0.3790765256700032
3980,0.4082,1,4,1,603691,1919,106783,1173,0.017775760495016488,0.379366106080207
3981,0.4083,3,3,3,603694,1916,106786,1170,0.017747971395753827,0.37913156189241737
3982,0.4084,3,1,3,603695,1915,106789,1167,0.01773870836266627,0.3786502271252433
3983,0.4085,4,5,4,603700,1910,106793,1163,0.0176923931972285,0.3784575333550277
3984,0.4086,2,4,2,603704,1906,106795,1161,0.017655341064878285,0.3785458102380176
3985,0.4087,0,7,0,603711,1899,106795,1161,0.017590499833265404,0.37941176470588234
3986,0.4088,2,1,2,603712,1898,106797,1159,0.01758123680017785,0.37912986588158326
3987,0.4089,4,6,4,603718,1892,106801,1155,0.017525658601652526,0.37906137184115524
3988,0.409,0,2,0,603720,1890,106801,1155,0.017507132535477418,0.3793103448275862
3989,0.4091,19,18,19,603738,1872,106820,1136,0.017340397939901442,0.3776595744680851
3990,0.4092,2,4,2,603742,1868,106822,1134,0.017303345807551225,0.37774816788807464
3991,0.4093,2,4,2,603746,1864,106824,1132,0.017266293675201008,0.37783711615487314
3992,0.4094,4,3,4,603749,1861,106828,1128,0.017238504575938344,0.37738374038139844
3993,0.4095,8,6,8,603755,1855,106836,1120,0.01718292637741302,0.3764705882352941
3994,0.4096,0,3,0,603758,1852,106836,1120,0.017155137278150358,0.3768506056527591
3995,0.4097,0,8,0,603766,1844,106836,1120,0.017081033013449924,0.37786774628879893
3996,0.4098,7,3,7,603769,1841,106843,1113,0.01705324391418726,0.3767772511848341
3997,0.4099,1,3,1,603772,1838,106844,1112,0.0170254548149246,0.3769491525423729
3998,0.41,2,9,2,603781,1829,106846,1110,0.016942087517136613,0.3776794828172848
3999,0.4101,5,5,5,603786,1824,106851,1105,0.01689577235169884,0.3772618641174462
4000,0.4102,2,8,2,603794,1816,106853,1103,0.016821668086998406,0.3778691332648167
4001,0.4103,0,3,0,603797,1813,106853,1103,0.016793878987735746,0.3782578875171468
4002,0.4104,1,2,1,603799,1811,106854,1102,0.016775352921560637,0.3783041537933402
4003,0.4105,2,9,2,603808,1802,106856,1100,0.016691985623772648,0.37904893177119225
4004,0.4106,0,3,0,603811,1799,106856,1100,0.016664196524509987,0.3794411866160745
4005,0.4107,2,5,2,603816,1794,106858,1098,0.016617881359072214,0.3796680497925311
4006,0.4108,4,5,4,603821,1789,106862,1094,0.016571566193634445,0.37946583420048563
4007,0.4109,4,4,4,603825,1785,106866,1090,0.016534514061284228,0.3791304347826087
4008,0.411,5,3,5,603828,1782,106871,1085,0.016506724962021564,0.37844436693407746
4009,0.4111,1,4,1,603832,1778,106872,1084,0.016469672829671347,0.3787561146051712
4010,0.4112,0,4,0,603836,1774,106872,1084,0.01643262069732113,0.37928621413575925
4011,0.4113,4,2,4,603838,1772,106876,1080,0.01641409463114602,0.37868162692847124
4012,0.4114,1,5,1,603843,1767,106877,1079,0.016367779465708252,0.3791286015460295
4013,0.4115,5,9,5,603852,1758,106882,1074,0.016284412167920263,0.3792372881355932
4014,0.4116,8,10,8,603862,1748,106890,1066,0.01619178183704472,0.378820184790334
4015,0.4117,1,0,1,603862,1748,106891,1065,0.01619178183704472,0.37859936011375755
4016,0.4118,1,4,1,603866,1744,106892,1064,0.016154729704694504,0.3789173789173789
4017,0.4119,0,1,0,603867,1743,106892,1064,0.01614546667160695,0.3790523690773067
4018,0.412,1,1,1,603868,1742,106893,1063,0.016136203638519395,0.3789661319073084
4019,0.4122,0,1,0,603869,1741,106893,1063,0.016126940605431843,0.37910128388017117
4020,0.4123,0,1,0,603870,1740,106893,1063,0.016117677572344287,0.3792365322868355
4021,0.4124,2,8,2,603878,1732,106895,1061,0.016043573307643853,0.3798782670963122
4022,0.4125,3,2,3,603880,1730,106898,1058,0.016025047241468745,0.3794835007173601
4023,0.4127,1,9,1,603889,1721,106899,1057,0.01594167994368076,0.3804895608351332
4024,0.4128,3,3,3,603892,1718,106902,1054,0.015913890844418098,0.38023088023088025
4025,0.4129,5,2,5,603894,1716,106907,1049,0.01589536477824299,0.37938517179023507
4026,0.413,2,1,2,603895,1715,106909,1047,0.015886101745155434,0.3790731354091238
4027,0.4131,2,6,2,603901,1709,106911,1045,0.01583052354663011,0.3794480755265069
4028,0.4132,1,2,1,603903,1707,106912,1044,0.015811997480455,0.37949836423118866
4029,0.4133,0,1,0,603904,1706,106912,1044,0.015802734447367447,0.37963636363636366
4030,0.4134,7,7,7,603911,1699,106919,1037,0.015737893215754566,0.3790204678362573
4031,0.4135,0,1,0,603912,1698,106919,1037,0.015728630182667014,0.37915904936014627
4032,0.4137,1,8,1,603920,1690,106920,1036,0.01565452591796658,0.38004402054292
4033,0.4138,6,8,6,603928,1682,106926,1030,0.015580421653266145,0.3797935103244838
4034,0.4139,4,8,4,603936,1674,106930,1026,0.015506317388565711,0.38
4035,0.414,2,9,2,603945,1665,106932,1024,0.015422950090777725,0.3808107103012272
4036,0.4141,2,9,2,603954,1656,106934,1022,0.015339582792989737,0.3816280806572069
4037,0.4142,6,7,6,603961,1649,106940,1016,0.015274741561376858,0.38123827392120074
4038,0.4143,4,9,4,603970,1640,106944,1012,0.01519137426358887,0.3815987933634992
4039,0.4144,2,6,2,603976,1634,106946,1010,0.015135796065063545,0.38199697428139184
4040,0.4145,2,3,2,603979,1631,106948,1008,0.015108006965800882,0.3819628647214854
4041,0.4146,2,3,2,603982,1628,106950,1006,0.01508021786653822,0.3819286256643888
4042,0.4147,4,4,4,603986,1624,106954,1002,0.015043165734188003,0.38156892612338156
4043,0.4148,1,0,1,603986,1624,106955,1001,0.015043165734188003,0.38133333333333336
4044,0.4149,2,4,2,603990,1620,106957,999,0.015006113601837786,0.38144329896907214
4045,0.415,2,4,2,603994,1616,106959,997,0.014969061469487569,0.3815537696134711
4046,0.4151,1,5,1,603999,1611,106960,996,0.014922746304049798,0.38204833141542005
4047,0.4152,5,7,5,604006,1604,106965,991,0.014857905072436919,0.38188824662813103
4048,0.4153,5,8,5,604014,1596,106970,986,0.014783800807736485,0.38187451587916343
4049,0.4154,4,3,4,604017,1593,106974,982,0.014756011708473822,0.3813592233009709
4050,0.4155,3,2,3,604019,1591,106977,979,0.014737485642298714,0.3809338521400778
4051,0.4156,5,6,5,604025,1585,106982,974,0.014681907443773389,0.38061742868307935
4052,0.4157,1,5,1,604030,1580,106983,973,0.014635592278335618,0.38112025068546806
4053,0.4158,5,0,5,604030,1580,106988,968,0.014635592278335618,0.37990580847723704
4054,0.4159,4,11,4,604041,1569,106992,964,0.014533698914372522,0.3805763916304777
4055,0.416,4,3,4,604044,1566,106996,960,0.014505909815109859,0.38004750593824227
4056,0.4161,0,2,0,604046,1564,106996,960,0.01448738374893475,0.3803486529318542
4057,0.4162,2,2,2,604048,1562,106998,958,0.014468857682759642,0.38015873015873014
4058,0.4163,2,4,2,604052,1558,107000,956,0.014431805550409425,0.38027048528241847
4059,0.4164,1,0,1,604052,1558,107001,955,0.014431805550409425,0.3800238758456029
4060,0.4165,1,0,1,604052,1558,107002,954,0.014431805550409425,0.37977707006369427
4061,0.4166,6,5,6,604057,1553,107008,948,0.014385490384971654,0.3790483806477409
4062,0.4167,3,1,3,604058,1552,107011,945,0.0143762273518841,0.3784541449739688
4063,0.4168,1,4,1,604062,1548,107012,944,0.014339175219533885,0.37881219903691815
4064,0.4169,2,3,2,604065,1545,107014,942,0.014311386120271222,0.37876960193003617
4065,0.417,3,2,3,604067,1543,107017,939,0.014292860054096114,0.3783239323126511
4066,0.4171,3,2,3,604069,1541,107020,936,0.014274333987921006,0.3778764634638676
4067,0.4172,3,2,3,604071,1539,107023,933,0.014255807921745897,0.3774271844660194
4068,0.4173,4,12,4,604083,1527,107027,929,0.014144651524695247,0.378257328990228
4069,0.4174,2,9,2,604092,1518,107029,927,0.014061284226907259,0.3791411042944785
4070,0.4175,1,1,1,604093,1517,107030,926,0.014052021193819705,0.3790421612771183
4071,0.4177,6,1,6,604094,1516,107036,920,0.01404275816073215,0.37766830870279144
4072,0.4178,2,1,2,604095,1515,107038,918,0.014033495127644596,0.37731196054254007
4073,0.4179,2,7,2,604102,1508,107040,916,0.013968653896031717,0.3778877887788779
4074,0.418,1,3,1,604105,1505,107041,915,0.013940864796769054,0.378099173553719
4075,0.4181,2,8,2,604113,1497,107043,913,0.01386676053206862,0.3788381742738589
4076,0.4183,2,4,2,604117,1493,107045,911,0.013829708399718404,0.37895174708818635
4077,0.4184,1,1,1,604118,1492,107046,910,0.01382044536663085,0.37885095753538717
4078,0.4185,5,9,5,604127,1483,107051,905,0.013737078068842862,0.3789782244556114
4079,0.4186,1,2,1,604129,1481,107052,904,0.013718552002667753,0.3790356394129979
4080,0.4187,2,5,2,604134,1476,107054,902,0.013672236837229982,0.3793103448275862
4081,0.4188,1,4,1,604138,1472,107055,901,0.013635184704879766,0.3796881584492204
4082,0.4189,1,3,1,604141,1469,107056,900,0.013607395605617103,0.3799071338117349
4083,0.419,2,7,2,604148,1462,107058,898,0.013542554374004223,0.3805084745762712
4084,0.4191,8,12,8,604160,1450,107066,890,0.013431397976953573,0.3803418803418803
4085,0.4194,4,2,4,604162,1448,107070,886,0.013412871910778465,0.3796058269065981
4086,0.4195,3,6,3,604168,1442,107073,883,0.01335729371225314,0.3797849462365591
4087,0.4196,7,4,7,604172,1438,107080,876,0.013320241579902923,0.37856525496974935
4088,0.4197,1,3,1,604175,1435,107081,875,0.013292452480640262,0.3787878787878788
4089,0.4198,3,4,3,604179,1431,107084,872,0.013255400348290045,0.3786365610073817
4090,0.4199,1,1,1,604180,1430,107085,871,0.01324613731520249,0.3785310734463277
4091,0.42,7,12,7,604192,1418,107092,864,0.01313498091815184,0.37861524978089395
4092,0.4201,4,6,4,604198,1412,107096,860,0.013079402719626515,0.3785211267605634
4093,0.4202,2,4,2,604202,1408,107098,858,0.013042350587276298,0.3786407766990291
4094,0.4204,2,3,2,604205,1405,107100,856,0.013014561488013636,0.37859354268023
4095,0.4206,0,2,0,604207,1403,107100,856,0.012996035421838527,0.3789287295263391
4096,0.4207,4,1,4,604208,1402,107104,852,0.012986772388750973,0.3779946761313221
4097,0.4208,3,1,3,604209,1401,107107,849,0.012977509355663419,0.37733333333333335
4098,0.4209,1,1,1,604210,1400,107108,848,0.012968246322575865,0.37722419928825623
4099,0.421,1,3,1,604213,1397,107109,847,0.012940457223313202,0.37745098039215685
4100,0.4211,1,3,1,604216,1394,107110,846,0.01291266812405054,0.3776785714285714
4101,0.4212,2,1,2,604217,1393,107112,844,0.012903405090962985,0.37729101475189986
4102,0.4213,1,0,1,604217,1393,107113,843,0.012903405090962985,0.37701252236135957
4103,0.4214,0,1,0,604218,1392,107113,843,0.012894142057875431,0.37718120805369126
4104,0.4215,0,1,0,604219,1391,107113,843,0.012884879024787877,0.3773500447627574
4105,0.4216,4,5,4,604224,1386,107117,839,0.012838563859350106,0.3770786516853933
4106,0.4217,1,2,1,604226,1384,107118,838,0.012820037793174997,0.3771377137713771
4107,0.4218,3,2,3,604228,1382,107121,835,0.012801511726999889,0.37663509246729815
4108,0.4219,1,1,1,604229,1381,107122,834,0.012792248693912335,0.37652370203160274
4109,0.4223,1,2,1,604231,1379,107123,833,0.012773722627737226,0.37658227848101267
4110,0.4224,0,1,0,604232,1378,107123,833,0.012764459594649672,0.37675260063319765
4111,0.4225,8,3,8,604235,1375,107131,825,0.01273667049538701,0.375
4112,0.4226,2,4,2,604239,1371,107133,823,0.012699618363036793,0.37511394712853235
4113,0.4227,1,6,1,604245,1365,107134,822,0.012644040164511467,0.37585733882030176
4114,0.4228,0,2,0,604247,1363,107134,822,0.012625514098336359,0.37620137299771167
4115,0.4229,2,6,2,604253,1357,107136,820,0.012569935899811034,0.37666513550757924
4116,0.4231,3,4,3,604257,1353,107139,817,0.012532883767460817,0.37649769585253456
4117,0.4232,4,9,4,604266,1344,107143,813,0.01244951646967283,0.3769123783031989
4118,0.4233,2,14,2,604280,1330,107145,811,0.01231983400644707,0.37879495562821114
4119,0.4234,2,9,2,604289,1321,107147,809,0.012236466708659082,0.37981220657276993
4120,0.4235,3,5,3,604294,1316,107150,806,0.012190151543221313,0.37983034872761545
4121,0.4236,1,3,1,604297,1313,107151,805,0.01216236244395865,0.38007554296506135
4122,0.4237,0,1,0,604298,1312,107151,805,0.012153099410871096,0.3802550779404818
4123,0.4238,3,3,3,604301,1309,107154,802,0.012125310311608434,0.37991473235433443
4124,0.4239,4,7,4,604308,1302,107158,798,0.012060469079995554,0.38
4125,0.424,5,3,5,604311,1299,107163,793,0.012032679980732892,0.37906309751434036
4126,0.4241,3,4,3,604315,1295,107166,790,0.011995627848382675,0.37889688249400477
4127,0.4242,0,1,0,604316,1294,107166,790,0.01198636481529512,0.3790786948176583
4128,0.4243,0,4,0,604320,1290,107166,790,0.011949312682944904,0.3798076923076923
4129,0.4244,1,2,1,604322,1288,107167,789,0.011930786616769795,0.37987481945113144
4130,0.4245,6,7,6,604329,1281,107173,783,0.011865945385156916,0.3793604651162791
4131,0.4246,5,3,5,604332,1278,107178,778,0.011838156285894253,0.3784046692607004
4132,0.4247,3,1,3,604333,1277,107181,775,0.0118288932528067,0.3776803118908382
4133,0.4248,1,0,1,604333,1277,107182,774,0.0118288932528067,0.3773768893222818
4134,0.4249,3,9,3,604342,1268,107185,771,0.011745525955018711,0.37812653261402646
4135,0.425,1,3,1,604345,1265,107186,770,0.011717736855756049,0.3783783783783784
4136,0.4251,1,2,1,604347,1263,107187,769,0.01169921078958094,0.3784448818897638
4137,0.4253,2,3,2,604350,1260,107189,767,0.011671421690318278,0.37839171188949183
4138,0.4254,3,5,3,604355,1255,107192,764,0.011625106524880507,0.3784051510648836
4139,0.4255,2,4,2,604359,1251,107194,762,0.01158805439253029,0.37853949329359166
4140,0.4256,1,0,1,604359,1251,107195,761,0.01158805439253029,0.3782306163021869
4141,0.4257,0,7,0,604366,1244,107195,761,0.01152321316091741,0.3795511221945137
4142,0.4258,2,6,2,604372,1238,107197,759,0.011467634962392085,0.3800701051577366
4143,0.4259,2,8,2,604380,1230,107199,757,0.011393530697691652,0.3809763462506291
4144,0.426,5,6,5,604386,1224,107204,752,0.011337952499166326,0.3805668016194332
4145,0.4262,1,5,1,604391,1219,107205,751,0.011291637333728555,0.38121827411167514
4146,0.4263,0,4,0,604395,1215,107205,751,0.011254585201378339,0.3819938962360122
4147,0.4264,4,1,4,604396,1214,107209,747,0.011245322168290784,0.38092809790923
4148,0.4265,0,2,0,604398,1212,107209,747,0.011226796102115676,0.38131699846860645
4149,0.4266,0,3,0,604401,1209,107209,747,0.011199007002853013,0.38190184049079756
4150,0.4267,4,4,4,604405,1205,107213,743,0.011161954870502798,0.38141683778234087
4151,0.4268,4,7,4,604412,1198,107217,739,0.011097113638889919,0.3815178110480124
4152,0.427,5,5,5,604417,1193,107222,734,0.011050798473452148,0.38090295796574986
4153,0.4271,1,0,1,604417,1193,107223,733,0.011050798473452148,0.3805815160955348
4154,0.4272,2,1,2,604418,1192,107225,731,0.011041535440364594,0.3801352054082163
4155,0.4273,1,5,1,604423,1187,107226,730,0.010995220274926823,0.3808033385498174
4156,0.4274,3,5,3,604428,1182,107229,727,0.010948905109489052,0.38082765845992667
4157,0.4275,0,4,0,604432,1178,107229,727,0.010911852977138835,0.3816272965879265
4158,0.4277,0,3,0,604435,1175,107229,727,0.010884063877876172,0.3822292323869611
4159,0.4278,3,2,3,604437,1173,107232,724,0.010865537811701064,0.3816552451238798
4160,0.4279,1,1,1,604438,1172,107233,723,0.01085627477861351,0.38153034300791555
4161,0.428,2,3,2,604441,1169,107235,721,0.010828485679350847,0.3814814814814815
4162,0.4281,5,8,5,604449,1161,107240,716,0.010754381414650413,0.3814597762386787
4163,0.4283,3,8,3,604457,1153,107243,713,0.01068027714994998,0.3821007502679528
4164,0.4284,0,1,0,604458,1152,107243,713,0.010671014116862425,0.3823056300268097
4165,0.4285,4,6,4,604464,1146,107247,709,0.0106154359183371,0.38221024258760106
4166,0.4287,1,1,1,604465,1145,107248,708,0.010606172885249546,0.3820831084727469
4167,0.4288,1,3,1,604468,1142,107249,707,0.010578383785986883,0.38236884802596
4168,0.4289,0,1,0,604469,1141,107249,707,0.01056912075289933,0.38257575757575757
4169,0.429,4,1,4,604470,1140,107253,703,0.010559857719811775,0.38144329896907214
4170,0.4291,0,4,0,604474,1136,107253,703,0.010522805587461558,0.38227297444263186
4171,0.4292,6,6,6,604480,1130,107259,697,0.010467227388936233,0.38149972632731255
4172,0.4293,1,1,1,604481,1129,107260,696,0.010457964355848679,0.38136986301369863
4173,0.4294,3,1,3,604482,1128,107263,693,0.010448701322761125,0.3805601317957166
4174,0.4295,3,4,3,604486,1124,107266,690,0.010411649190410908,0.38037486218302097
4175,0.4297,5,3,5,604489,1121,107271,685,0.010383860091148245,0.37929125138427466
4176,0.4298,2,0,2,604489,1121,107273,683,0.010383860091148245,0.3786031042128603
4177,0.4299,3,0,3,604489,1121,107276,680,0.010383860091148245,0.3775680177679067
4178,0.43,2,5,2,604494,1116,107278,678,0.010337544925710474,0.3779264214046823
4179,0.4301,0,2,0,604496,1114,107278,678,0.010319018859535366,0.3783482142857143
4180,0.4302,5,1,5,604497,1113,107283,673,0.010309755826447812,0.37681970884658456
4181,0.4303,0,4,0,604501,1109,107283,673,0.010272703694097595,0.377665544332211
4182,0.4304,4,8,4,604509,1101,107287,669,0.010198599429397161,0.37796610169491524
4183,0.4305,3,6,3,604515,1095,107290,666,0.010143021230871836,0.3781942078364566
4184,0.4306,2,3,2,604518,1092,107292,664,0.010115232131609173,0.37813211845102507
4185,0.4307,1,3,1,604521,1089,107293,663,0.010087443032346512,0.3784246575342466
4186,0.4308,3,6,3,604527,1083,107296,660,0.010031864833821187,0.37865748709122204
4187,0.4309,3,1,3,604528,1082,107299,657,0.010022601800733633,0.37780333525014376
4188,0.431,6,5,6,604533,1077,107305,651,0.009976286635295862,0.3767361111111111
4189,0.4312,2,6,2,604539,1071,107307,649,0.009920708436770537,0.37732558139534883
4190,0.4313,0,4,0,604543,1067,107307,649,0.00988365630442032,0.3782051282051282
4191,0.4314,0,3,0,604546,1064,107307,649,0.009855867205157657,0.37886748394629305
4192,0.4315,6,12,6,604558,1052,107313,643,0.009744710808107007,0.3793510324483776
4193,0.4316,1,1,1,604559,1051,107314,642,0.009735447775019453,0.37920850561134084
4194,0.4317,1,2,1,604561,1049,107315,641,0.009716921708844344,0.3792899408284024
4195,0.4318,2,1,2,604562,1048,107317,639,0.00970765867575679,0.3787788974510966
4196,0.4319,2,7,2,604569,1041,107319,637,0.00964281744414391,0.37961859356376637
4197,0.432,3,10,3,604579,1031,107322,634,0.009550187113268369,0.38078078078078076
4198,0.4322,2,2,2,604581,1029,107324,632,0.00953166104709326,0.38049367850692356
4199,0.4325,4,13,4,604594,1016,107328,628,0.009411241616955055,0.3819951338199513
4200,0.4326,1,2,1,604596,1014,107329,627,0.009392715550779947,0.3820840950639854
4201,0.4327,1,2,1,604598,1012,107330,626,0.009374189484604839,0.38217338217338215
4202,0.4329,2,2,2,604600,1010,107332,624,0.00935566341842973,0.3818849449204406
4203,0.433,2,1,2,604601,1009,107334,622,0.009346400385342176,0.38136112814224404
4204,0.4332,1,0,1,604601,1009,107335,621,0.009346400385342176,0.38098159509202456
4205,0.4333,3,3,3,604604,1006,107338,618,0.009318611286079513,0.3805418719211823
4206,0.4334,6,8,6,604612,998,107344,612,0.00924450702137908,0.3801242236024845
4207,0.4335,1,2,1,604614,996,107345,611,0.009225980955203971,0.3802115743621655
4208,0.4336,3,6,3,604620,990,107348,608,0.009170402756678646,0.3804755944931164
4209,0.4337,3,5,3,604625,985,107351,605,0.009124087591240875,0.3805031446540881
4210,0.4338,1,2,1,604627,983,107352,604,0.009105561525065767,0.38059231253938247
4211,0.4339,1,1,1,604628,982,107353,603,0.009096298491978213,0.3804416403785489
4212,0.434,3,2,3,604630,980,107356,600,0.009077772425803104,0.379746835443038
4213,0.4342,0,2,0,604632,978,107356,600,0.009059246359627996,0.38022813688212925
4214,0.4343,6,6,6,604638,972,107362,594,0.009003668161102672,0.3793103448275862
4215,0.4344,1,8,1,604646,964,107363,593,0.008929563896402239,0.3808606294155427
4216,0.4345,1,0,1,604646,964,107364,592,0.008929563896402239,0.38046272493573263
4217,0.4346,3,3,3,604649,961,107367,589,0.008901774797139576,0.38
4218,0.4348,0,1,0,604650,960,107367,589,0.008892511764052022,0.3802453195610071
4219,0.435,1,0,1,604650,960,107368,588,0.008892511764052022,0.3798449612403101
4220,0.4351,0,1,0,604651,959,107368,588,0.008883248730964468,0.38009049773755654
4221,0.4352,1,2,1,604653,957,107369,587,0.00886472266478936,0.3801813471502591
4222,0.4353,0,1,0,604654,956,107369,587,0.008855459631701805,0.38042773817239145
4223,0.4354,4,6,4,604660,950,107373,583,0.00879988143317648,0.38030006523157206
4224,0.4355,0,2,0,604662,948,107373,583,0.008781355367001371,0.3807968647942521
4225,0.4356,1,6,1,604668,942,107374,582,0.008725777168476046,0.38188976377952755
4226,0.4357,10,17,10,604685,925,107384,572,0.008568305605987625,0.38209752839011357
4227,0.4358,1,3,1,604688,922,107385,571,0.008540516506724962,0.3824514400535834
4228,0.436,6,0,6,604688,922,107391,565,0.008540516506724962,0.37995965030262274
4229,0.4361,3,4,3,604692,918,107394,562,0.008503464374374745,0.37972972972972974
4230,0.4362,12,13,12,604705,905,107406,550,0.00838304494423654,0.37800687285223367
4231,0.4365,3,1,3,604706,904,107409,547,0.008373781911148986,0.3769813921433494
4232,0.4367,0,1,0,604707,903,107409,547,0.008364518878061432,0.37724137931034485
4233,0.4368,2,0,2,604707,903,107411,545,0.008364518878061432,0.3763812154696133
4234,0.4371,0,2,0,604709,901,107411,545,0.008345992811886324,0.3769017980636238
4235,0.4372,2,1,2,604710,900,107413,543,0.00833672977879877,0.3762993762993763
4236,0.4373,1,5,1,604715,895,107414,542,0.008290414613360999,0.3771746694502436
4237,0.4374,2,5,2,604720,890,107416,540,0.008244099447923228,0.3776223776223776
4238,0.4375,2,2,2,604722,888,107418,538,0.00822557338174812,0.37727910238429174
4239,0.4376,1,0,1,604722,888,107419,537,0.00822557338174812,0.37684210526315787
4240,0.4377,1,1,1,604723,887,107420,536,0.008216310348660565,0.37666900913562895
4241,0.4378,1,3,1,604726,884,107421,535,0.008188521249397902,0.3770260747004933
4242,0.4379,3,5,3,604731,879,107424,532,0.008142206083960131,0.3770375620127569
4243,0.438,2,9,2,604740,870,107426,530,0.008058838786172143,0.37857142857142856
4244,0.4381,2,1,2,604741,869,107428,528,0.00804957575308459,0.3779527559055118
4245,0.4382,0,1,0,604742,868,107428,528,0.008040312719997035,0.37822349570200575
4246,0.4384,0,1,0,604743,867,107428,528,0.00803104968690948,0.37849462365591396
4247,0.4385,0,4,0,604747,863,107428,528,0.007993997554559264,0.3795830337886413
4248,0.4386,0,2,0,604749,861,107428,528,0.007975471488384157,0.3801295896328294
4249,0.4387,1,5,1,604754,856,107429,527,0.007929156322946386,0.3810556760665221
4250,0.4388,1,2,1,604756,854,107430,526,0.007910630256771278,0.38115942028985506
4251,0.4389,3,1,3,604757,853,107433,523,0.007901367223683724,0.3800872093023256
4252,0.439,1,0,1,604757,853,107434,522,0.007901367223683724,0.37963636363636366
4253,0.4391,5,3,5,604760,850,107439,517,0.007873578124421061,0.37820043891733723
4254,0.4393,0,1,0,604761,849,107439,517,0.007864315091333507,0.3784773060029283
4255,0.4394,1,1,1,604762,848,107440,516,0.007855052058245953,0.3782991202346041
4256,0.4396,1,0,1,604762,848,107441,515,0.007855052058245953,0.37784299339691857
4257,0.4397,1,0,1,604762,848,107442,514,0.007855052058245953,0.37738619676945667
4258,0.4398,2,1,2,604763,847,107444,512,0.007845789025158399,0.376747608535688
4259,0.4399,0,1,0,604764,846,107444,512,0.007836525992070844,0.37702503681885124
4260,0.4401,0,3,0,604767,843,107444,512,0.007808736892808181,0.37785977859778597
4261,0.4402,4,2,4,604769,841,107448,508,0.007790210826633072,0.3765752409191994
4262,0.4403,3,6,3,604775,835,107451,505,0.007734632628107747,0.376865671641791
4263,0.4405,0,4,0,604779,831,107451,505,0.007697580495757531,0.37799401197604793
4264,0.4406,1,2,1,604781,829,107452,504,0.007679054429582423,0.37809452363090773
4265,0.4407,1,0,1,604781,829,107453,503,0.007679054429582423,0.37762762762762764
4266,0.4408,1,0,1,604781,829,107454,502,0.007679054429582423,0.377160030052592
4267,0.4409,1,1,1,604782,828,107455,501,0.007669791396494869,0.37697516930022573
4268,0.441,3,2,3,604784,826,107458,498,0.00765126533031976,0.37613293051359514
4269,0.4411,8,3,8,604787,823,107466,490,0.007623476231057098,0.3731911652703732
4270,0.4412,1,6,1,604793,817,107467,489,0.007567898032531772,0.37442572741194485
4271,0.4413,0,1,0,604794,816,107467,489,0.007558634999444218,0.37471264367816093
4272,0.4414,2,9,2,604803,807,107469,487,0.00747526770165623,0.37635239567233386
4273,0.4417,1,4,1,604807,803,107470,486,0.0074382155693060135,0.3770364623739333
4274,0.4418,2,3,2,604810,800,107472,484,0.007410426470043351,0.37694704049844235
4275,0.4419,3,2,3,604812,798,107475,481,0.0073919004038682425,0.37607505863956214
4276,0.442,7,6,7,604818,792,107482,474,0.007336322205342917,0.3744075829383886
4277,0.4421,2,2,2,604820,790,107484,472,0.007317796139167809,0.37400950871632327
4278,0.4422,2,5,2,604825,785,107486,470,0.007271480973730038,0.3745019920318725
4279,0.4424,1,2,1,604827,783,107487,469,0.0072529549075549295,0.3746006389776358
4280,0.4425,5,13,5,604840,770,107492,464,0.007132535477416726,0.3760129659643436
4281,0.4426,1,3,1,604843,767,107493,463,0.007104746378154063,0.37642276422764226
4282,0.4427,0,2,0,604845,765,107493,463,0.007086220311978955,0.3770358306188925
4283,0.4428,0,3,0,604848,762,107493,463,0.007058431212716292,0.37795918367346937
4284,0.4429,1,4,1,604852,758,107494,462,0.007021379080366075,0.37868852459016394
4285,0.443,1,3,1,604855,755,107495,461,0.006993589981103413,0.37911184210526316
4286,0.4431,1,4,1,604859,751,107496,460,0.006956537848753196,0.37985136251032203
4287,0.4432,0,6,0,604865,745,107496,460,0.006900959650227871,0.3817427385892116
4288,0.4433,1,6,1,604871,739,107497,459,0.006845381451702545,0.3831385642737897
4289,0.4435,1,1,1,604872,738,107498,458,0.006836118418614991,0.38294314381270905
4290,0.4436,0,1,0,604873,737,107498,458,0.006826855385527437,0.3832635983263598
4291,0.4437,0,1,0,604874,736,107498,458,0.006817592352439883,0.38358458961474035
4292,0.4439,1,1,1,604875,735,107499,457,0.0068083293193523286,0.38338926174496646
4293,0.444,4,0,4,604875,735,107503,453,0.0068083293193523286,0.3813131313131313
4294,0.4441,1,3,1,604878,732,107504,452,0.006780540220089666,0.38175675675675674
4295,0.4443,1,2,1,604880,730,107505,451,0.0067620141539145575,0.38187976291278575
4296,0.4444,1,1,1,604881,729,107506,450,0.006752751120827003,0.3816793893129771
4297,0.4446,0,1,0,604882,728,107506,450,0.006743488087739449,0.38200339558573854
4298,0.4447,0,1,0,604883,727,107506,450,0.006734225054651895,0.3823279524214104
4299,0.4448,2,6,2,604889,721,107508,448,0.00667864685612657,0.38323353293413176
4300,0.4449,4,2,4,604891,719,107512,444,0.006660120789951461,0.3817712811693895
4301,0.4452,3,1,3,604892,718,107515,441,0.006650857756863907,0.3805004314063848
4302,0.4454,1,1,1,604893,717,107516,440,0.006641594723776354,0.3802938634399309
4303,0.4455,0,1,0,604894,716,107516,440,0.0066323316906887995,0.3806228373702422
4304,0.4456,1,3,1,604897,713,107517,439,0.006604542591426137,0.3810763888888889
4305,0.4457,0,1,0,604898,712,107517,439,0.006595279558338583,0.3814074717636838
4306,0.4461,2,3,2,604901,709,107519,437,0.00656749045907592,0.38132635253054104
4307,0.4462,0,2,0,604903,707,107519,437,0.006548964392900812,0.381993006993007
4308,0.4463,1,3,1,604906,704,107520,436,0.006521175293638149,0.3824561403508772
4309,0.4464,2,0,2,604906,704,107522,434,0.006521175293638149,0.38137082601054484
4310,0.4465,6,4,6,604910,700,107528,428,0.006484123161287932,0.37943262411347517
4311,0.4466,3,1,3,604911,699,107531,425,0.006474860128200378,0.3781138790035587
4312,0.4468,1,1,1,604912,698,107532,424,0.006465597095112824,0.3778966131907308
4313,0.447,0,3,0,604915,695,107532,424,0.006437807995850161,0.37890974084003576
4314,0.4471,0,2,0,604917,693,107532,424,0.006419281929675053,0.37958818263205013
4315,0.4472,0,1,0,604918,692,107532,424,0.006410018896587499,0.37992831541218636
4316,0.4473,1,1,1,604919,691,107533,423,0.0064007558634999445,0.37971274685816875
4317,0.4474,0,1,0,604920,690,107533,423,0.00639149283041239,0.38005390835579517
4318,0.4475,3,9,3,604929,681,107536,420,0.006308125532624402,0.3814713896457766
4319,0.4476,2,0,2,604929,681,107538,418,0.006308125532624402,0.38034576888080074
4320,0.4477,2,1,2,604930,680,107540,416,0.006298862499536848,0.3795620437956204
4321,0.4478,2,1,2,604931,679,107542,414,0.006289599466449294,0.3787740164684355
4322,0.4479,0,2,0,604933,677,107542,414,0.006271073400274186,0.3794683776351971
4323,0.4481,1,1,1,604934,676,107543,413,0.006261810367186631,0.379247015610652
4324,0.4482,2,1,2,604935,675,107545,411,0.006252547334099077,0.3784530386740331
4325,0.4483,1,4,1,604939,671,107546,410,0.00621549520174886,0.3792784458834413
4326,0.4484,2,1,2,604940,670,107548,408,0.006206232168661306,0.3784786641929499
4327,0.4485,4,3,4,604943,667,107552,404,0.0061784430693986436,0.3772175536881419
4328,0.4486,3,4,3,604947,663,107555,401,0.006141390937048427,0.3768796992481203
4329,0.4487,1,4,1,604951,659,107556,400,0.006104338804698211,0.3777148253068933
4330,0.4488,0,1,0,604952,658,107556,400,0.006095075771610657,0.3780718336483932
4331,0.4489,0,2,0,604954,656,107556,400,0.006076549705435548,0.3787878787878788
4332,0.449,5,10,5,604964,646,107561,395,0.005983919374560006,0.3794428434197887
4333,0.4491,0,2,0,604966,644,107561,395,0.005965393308384898,0.3801732435033686
4334,0.4492,1,2,1,604968,642,107562,394,0.005946867242209789,0.3803088803088803
4335,0.4493,3,10,3,604978,632,107565,391,0.005854236911334247,0.38220918866080156
4336,0.4494,7,5,7,604983,627,107572,384,0.005807921745896476,0.3798219584569733
4337,0.4496,2,4,2,604987,623,107574,382,0.0057708696135462595,0.3800995024875622
4338,0.4497,1,0,1,604987,623,107575,381,0.0057708696135462595,0.3794820717131474
4339,0.4498,3,6,3,604993,617,107578,378,0.005715291415020934,0.3798994974874372
4340,0.4499,2,3,2,604996,614,107580,376,0.005687502315758272,0.3797979797979798
4341,0.4501,1,4,1,605000,610,107581,375,0.005650450183408055,0.38071065989847713
4342,0.4502,2,0,2,605000,610,107583,373,0.005650450183408055,0.37945066124109866
4343,0.4503,0,2,0,605002,608,107583,373,0.005631924117232946,0.38022426095820594
4344,0.4504,0,1,0,605003,607,107583,373,0.005622661084145392,0.3806122448979592
4345,0.4505,3,0,3,605003,607,107586,370,0.005622661084145392,0.37871033776867963
4346,0.4507,0,2,0,605005,605,107586,370,0.005604135017970284,0.37948717948717947
4347,0.4508,0,2,0,605007,603,107586,370,0.005585608951795175,0.3802672147995889
4348,0.4511,2,1,2,605008,602,107588,368,0.005576345918707622,0.37938144329896906
4349,0.4512,10,5,10,605013,597,107598,358,0.005530030753269851,0.374869109947644
4350,0.4513,2,2,2,605015,595,107600,356,0.005511504687094743,0.3743427970557308
4351,0.4516,1,1,1,605016,594,107601,355,0.005502241654007188,0.37407797681770283
4352,0.4517,1,4,1,605020,590,107602,354,0.005465189521656972,0.375
4353,0.452,1,9,1,605029,581,107603,353,0.005381822223868984,0.37794432548179874
4354,0.4521,0,1,0,605030,580,107603,353,0.0053725591907814296,0.3783494105037513
4355,0.4522,2,3,2,605033,577,107605,351,0.005344770091518767,0.37823275862068967
4356,0.4524,2,2,2,605035,575,107607,349,0.0053262440253436585,0.3777056277056277
4357,0.4525,2,3,2,605038,572,107609,347,0.005298454926080996,0.37758433079434167
4358,0.4526,0,2,0,605040,570,107609,347,0.0052799288599058875,0.37840785169029445
4359,0.4528,0,5,0,605045,565,107609,347,0.0052336136944681165,0.38048245614035087
4360,0.453,1,2,1,605047,563,107610,346,0.005215087628293008,0.38063806380638066
4361,0.4531,1,0,1,605047,563,107611,345,0.005215087628293008,0.3799559471365639
4362,0.4532,0,1,0,605048,562,107611,345,0.005205824595205454,0.38037486218302097
4363,0.4534,0,1,0,605049,561,107611,345,0.0051965615621179,0.38079470198675497
4364,0.4535,0,1,0,605050,560,107611,345,0.0051872985290303455,0.3812154696132597
4365,0.4536,7,11,7,605061,549,107618,338,0.005085405165067249,0.3810597519729425
4366,0.4537,3,1,3,605062,548,107621,335,0.005076142131979695,0.3793884484711212
4367,0.4538,0,1,0,605063,547,107621,335,0.005066879098892141,0.3798185941043084
4368,0.454,2,7,2,605070,540,107623,333,0.005002037867279262,0.38144329896907214
4369,0.4541,1,3,1,605073,537,107624,332,0.0049742487680166,0.38204833141542005
4370,0.4542,0,2,0,605075,535,107624,332,0.004955722701841491,0.3829296424452134
4371,0.4545,3,3,3,605078,532,107627,329,0.004927933602578829,0.3821138211382114
4372,0.4546,3,3,3,605081,529,107630,326,0.004900144503316166,0.38128654970760234
4373,0.4547,1,2,1,605083,527,107631,325,0.004881618437141058,0.3814553990610329
4374,0.4548,5,7,5,605090,520,107636,320,0.004816777205528178,0.38095238095238093
4375,0.455,4,5,4,605095,515,107640,316,0.004770462040090407,0.3802647412755716
4376,0.4551,1,2,1,605097,513,107641,315,0.004751935973915299,0.3804347826086957
4377,0.4552,0,1,0,605098,512,107641,315,0.0047426729408277446,0.3808948004836759
4378,0.4553,2,1,2,605099,511,107643,313,0.00473340990774019,0.37985436893203883
4379,0.4554,0,2,0,605101,509,107643,313,0.004714883841565082,0.38077858880778587
4380,0.4556,1,1,1,605102,508,107644,312,0.004705620808477528,0.3804878048780488
4381,0.4557,0,1,0,605103,507,107644,312,0.0046963577753899735,0.38095238095238093
4382,0.4558,3,4,3,605107,503,107647,309,0.004659305643039757,0.3805418719211823
4383,0.456,1,1,1,605108,502,107648,308,0.0046500426099522025,0.3802469135802469
4384,0.4561,0,7,0,605115,495,107648,308,0.004585201378339323,0.3835616438356164
4385,0.4562,3,2,3,605117,493,107651,305,0.004566675312164215,0.38220551378446116
4386,0.4563,3,6,3,605123,487,107654,302,0.00451109711363889,0.38276299112801015
4387,0.4564,3,2,3,605125,485,107657,299,0.004492571047463782,0.38137755102040816
4388,0.4565,0,1,0,605126,484,107657,299,0.004483308014376228,0.3818646232439336
4389,0.4568,3,2,3,605128,482,107660,296,0.004464781948201119,0.38046272493573263
4390,0.457,2,0,2,605128,482,107662,294,0.004464781948201119,0.3788659793814433
4391,0.4572,1,0,1,605128,482,107663,293,0.004464781948201119,0.37806451612903225
4392,0.4573,0,1,0,605129,481,107663,293,0.004455518915113565,0.3785529715762274
4393,0.4575,3,5,3,605134,476,107666,290,0.004409203749675794,0.3785900783289817
4394,0.4578,0,1,0,605135,475,107666,290,0.00439994071658824,0.3790849673202614
4395,0.4579,0,6,0,605141,469,107666,290,0.004344362518062915,0.3820816864295125
4396,0.458,0,2,0,605143,467,107666,290,0.004325836451887806,0.38309114927344784
4397,0.4581,0,1,0,605144,466,107666,290,0.004316573418800252,0.3835978835978836
4398,0.4582,0,3,0,605147,463,107666,290,0.0042887843195375894,0.3851261620185923
4399,0.4584,1,2,1,605149,461,107667,289,0.004270258253362481,0.38533333333333336
4400,0.4585,0,1,0,605150,460,107667,289,0.004260995220274927,0.38584779706275035
4401,0.4586,0,1,0,605151,459,107667,289,0.004251732187187373,0.38636363636363635
4402,0.4587,1,0,1,605151,459,107668,288,0.004251732187187373,0.3855421686746988
4403,0.4588,0,1,0,605152,458,107668,288,0.004242469154099818,0.38605898123324395
4404,0.459,0,3,0,605155,455,107668,288,0.004214680054837156,0.3876177658142665
4405,0.4591,1,1,1,605156,454,107669,287,0.004205417021749602,0.3873144399460189
4406,0.4592,3,9,3,605165,445,107672,284,0.004122049723961614,0.3895747599451303
4407,0.4593,0,2,0,605167,443,107672,284,0.004103523657786505,0.390646492434663
4408,0.4595,7,6,7,605173,437,107679,277,0.00404794545926118,0.38795518207282914
4409,0.4596,2,0,2,605173,437,107681,275,0.00404794545926118,0.3862359550561798
4410,0.4597,1,0,1,605173,437,107682,274,0.00404794545926118,0.3853727144866385
4411,0.4598,0,4,0,605177,433,107682,274,0.004010893326910963,0.38755304101838756
4412,0.4599,1,1,1,605178,432,107683,273,0.004001630293823409,0.3872340425531915
4413,0.46,0,1,0,605179,431,107683,273,0.003992367260735855,0.3877840909090909
4414,0.4604,1,1,1,605180,430,107684,272,0.003983104227648302,0.38746438746438744
4415,0.4605,1,0,1,605180,430,107685,271,0.003983104227648302,0.38659058487874465
4416,0.4606,6,8,6,605188,422,107691,265,0.003908999962947868,0.38573508005822416
4417,0.4607,1,2,1,605190,420,107692,264,0.003890473896772759,0.38596491228070173
4418,0.4608,2,1,2,605191,419,107694,262,0.003881210863685205,0.38472834067547723
4419,0.461,1,7,1,605198,412,107695,261,0.003816369632072326,0.38781575037147104
4420,0.4612,1,0,1,605198,412,107696,260,0.003816369632072326,0.3869047619047619
4421,0.4614,3,1,3,605199,411,107699,257,0.0038071065989847717,0.3847305389221557
4422,0.4615,1,0,1,605199,411,107700,256,0.0038071065989847717,0.383808095952024
4423,0.4616,2,0,2,605199,411,107702,254,0.0038071065989847717,0.3819548872180451
4424,0.4617,0,3,0,605202,408,107702,254,0.003779317499722109,0.38368580060422963
4425,0.4618,0,2,0,605204,406,107702,254,0.0037607914335470007,0.38484848484848483
4426,0.4625,0,2,0,605206,404,107702,254,0.0037422653673718923,0.3860182370820669
4427,0.4628,0,2,0,605208,402,107702,254,0.003723739301196784,0.3871951219512195
4428,0.463,0,2,0,605210,400,107702,254,0.0037052132350216755,0.38837920489296635
4429,0.4631,0,1,0,605211,399,107702,254,0.0036959502019341213,0.3889739663093415
4430,0.4633,1,0,1,605211,399,107703,253,0.0036959502019341213,0.3880368098159509
4431,0.4637,1,1,1,605212,398,107704,252,0.003686687168846567,0.38769230769230767
4432,0.4638,1,1,1,605213,397,107705,251,0.003677424135759013,0.3873456790123457
4433,0.4639,2,6,2,605219,391,107707,249,0.0036218459372336876,0.3890625
4434,0.464,0,1,0,605220,390,107707,249,0.0036125829041461334,0.38967136150234744
4435,0.4642,2,1,2,605221,389,107709,247,0.0036033198710585792,0.38836477987421386
4436,0.4643,0,1,0,605222,388,107709,247,0.003594056837971025,0.3889763779527559
4437,0.4646,2,2,2,605224,386,107711,245,0.003575530771795917,0.38827258320126784
4438,0.4647,1,1,1,605225,385,107712,244,0.003566267738708363,0.38791732909379967
4439,0.4649,0,1,0,605226,384,107712,244,0.0035570047056208086,0.3885350318471338
4440,0.4651,0,1,0,605227,383,107712,244,0.0035477416725332544,0.38915470494417864
4441,0.4653,0,1,0,605228,382,107712,244,0.0035384786394457002,0.38977635782747605
4442,0.4654,0,3,0,605231,379,107712,244,0.0035106895401830376,0.391653290529695
4443,0.4655,2,1,2,605232,378,107714,242,0.0035014265070954834,0.3903225806451613
4444,0.4657,1,0,1,605232,378,107715,241,0.0035014265070954834,0.3893376413570275
4445,0.4658,0,1,0,605233,377,107715,241,0.003492163474007929,0.38996763754045305
4446,0.4659,1,1,1,605234,376,107716,240,0.003482900440920375,0.38961038961038963
4447,0.466,2,1,2,605235,375,107718,238,0.003473637407832821,0.38825448613376834
4448,0.4661,0,1,0,605236,374,107718,238,0.0034643743747452666,0.3888888888888889
4449,0.4662,1,0,1,605236,374,107719,237,0.0034643743747452666,0.3878887070376432
4450,0.4664,1,2,1,605238,372,107720,236,0.003445848308570158,0.3881578947368421
4451,0.4666,1,0,1,605238,372,107721,235,0.003445848308570158,0.3871499176276771
4452,0.4671,0,1,0,605239,371,107721,235,0.003436585275482604,0.38778877887788776
4453,0.4672,1,11,1,605250,360,107722,234,0.0033346919115195077,0.3939393939393939
4454,0.4673,0,1,0,605251,359,107722,234,0.0033254288784319535,0.3946037099494098
4455,0.4674,5,6,5,605257,353,107727,229,0.0032698506799066288,0.39347079037800686
4456,0.4675,0,1,0,605258,352,107727,229,0.0032605876468190746,0.39414802065404475
4457,0.4677,1,2,1,605260,350,107728,228,0.003242061580643966,0.3944636678200692
4458,0.4678,0,1,0,605261,349,107728,228,0.003232798547556412,0.3951473136915078
4459,0.468,3,3,3,605264,346,107731,225,0.0032050094482937493,0.39404553415061294
4460,0.4681,2,0,2,605264,346,107733,223,0.0032050094482937493,0.39191564147627417
4461,0.4685,0,2,0,605266,344,107733,223,0.003186483382118641,0.3932980599647266
4462,0.4687,3,6,3,605272,338,107736,220,0.0031309051835933157,0.3942652329749104
4463,0.4692,2,3,2,605275,335,107738,218,0.003103116084330653,0.39421338155515373
4464,0.4693,3,10,3,605285,325,107741,215,0.0030104857534551115,0.39814814814814814
4465,0.4694,4,3,4,605288,322,107745,211,0.002982696654192449,0.39587242026266417
4466,0.4696,0,3,0,605291,319,107745,211,0.0029549075549297863,0.39811320754716983
4467,0.4699,0,1,0,605292,318,107745,211,0.002945644521842232,0.3988657844990548
4468,0.4704,1,1,1,605293,317,107746,210,0.002936381488754678,0.3984819734345351
4469,0.4705,9,3,9,605296,314,107755,201,0.0029085923894920152,0.39029126213592236
4470,0.4706,0,1,0,605297,313,107755,201,0.002899329356404461,0.39105058365758755
4471,0.4707,3,4,3,605301,309,107758,198,0.0028622772240542442,0.3905325443786982
4472,0.4709,0,1,0,605302,308,107758,198,0.00285301419096669,0.391304347826087
4473,0.471,4,3,4,605305,305,107762,194,0.0028252250917040274,0.38877755511022044
4474,0.4711,3,0,3,605305,305,107765,191,0.0028252250917040274,0.3850806451612903
4475,0.4714,3,4,3,605309,301,107768,188,0.002788172959353811,0.38445807770961143
4476,0.4717,1,2,1,605311,299,107769,187,0.0027696468931787026,0.38477366255144035
4477,0.472,1,0,1,605311,299,107770,186,0.0027696468931787026,0.3835051546391753
4478,0.4721,0,2,0,605313,297,107770,186,0.002751120827003594,0.38509316770186336
4479,0.4724,1,2,1,605315,295,107771,185,0.002732594760828486,0.3854166666666667
4480,0.4725,6,6,6,605321,289,107777,179,0.0026770165623031606,0.38247863247863245
4481,0.4727,1,1,1,605322,288,107778,178,0.0026677535292156064,0.38197424892703863
4482,0.4733,1,0,1,605322,288,107779,177,0.0026677535292156064,0.38064516129032255
4483,0.4736,2,0,2,605322,288,107781,175,0.0026677535292156064,0.3779697624190065
4484,0.4738,1,2,1,605324,286,107782,174,0.002649227463040498,0.3782608695652174
4485,0.4739,1,2,1,605326,284,107783,173,0.0026307013968653896,0.3785557986870897
4486,0.474,0,1,0,605327,283,107783,173,0.0026214383637778354,0.3793859649122807
4487,0.4742,3,2,3,605329,281,107786,170,0.002602912297602727,0.376940133037694
4488,0.4745,1,2,1,605331,279,107787,169,0.0025843862314276185,0.37723214285714285
4489,0.4749,1,0,1,605331,279,107788,168,0.0025843862314276185,0.37583892617449666
4490,0.475,0,1,0,605332,278,107788,168,0.0025751231983400643,0.37668161434977576
4491,0.4754,0,1,0,605333,277,107788,168,0.00256586016525251,0.3775280898876405
4492,0.4756,1,4,1,605337,273,107789,167,0.0025288080329022933,0.3795454545454545
4493,0.4757,0,1,0,605338,272,107789,167,0.0025195449998147395,0.3804100227790433
4494,0.4761,1,0,1,605338,272,107790,166,0.0025195449998147395,0.3789954337899543
4495,0.4762,0,2,0,605340,270,107790,166,0.002501018933639631,0.38073394495412843
4496,0.4763,4,3,4,605343,267,107794,162,0.0024732298343769685,0.3776223776223776
4497,0.4766,1,5,1,605348,262,107795,161,0.0024269146689391975,0.3806146572104019
4498,0.4767,2,0,2,605348,262,107797,159,0.0024269146689391975,0.37767220902612825
4499,0.4769,1,2,1,605350,260,107798,158,0.002408388602764089,0.37799043062200954
4500,0.4774,0,1,0,605351,259,107798,158,0.002399125569676535,0.37889688249400477
4501,0.4779,1,2,1,605353,257,107799,157,0.0023805995035014265,0.37922705314009664
4502,0.4782,2,1,2,605354,256,107801,155,0.0023713364704138723,0.3771289537712895
4503,0.4783,6,3,6,605357,253,107807,149,0.0023435473711512097,0.3706467661691542
4504,0.4784,1,0,1,605357,253,107808,148,0.0023435473711512097,0.3690773067331671
4505,0.4785,1,0,1,605357,253,107809,147,0.0023435473711512097,0.3675
4506,0.4786,0,3,0,605360,250,107809,147,0.002315758271888547,0.3702770780856423
4507,0.4787,0,1,0,605361,249,107809,147,0.002306495238800993,0.3712121212121212
4508,0.4791,2,1,2,605362,248,107811,145,0.0022972322057134387,0.36895674300254455
4509,0.4793,0,1,0,605363,247,107811,145,0.0022879691726258844,0.36989795918367346
4510,0.4794,1,0,1,605363,247,107812,144,0.0022879691726258844,0.36828644501278773
4511,0.4799,1,2,1,605365,245,107813,143,0.002269443106450776,0.36855670103092786
4512,0.48,0,2,0,605367,243,107813,143,0.002250917040275668,0.3704663212435233
4513,0.4802,1,7,1,605374,236,107814,142,0.0021860758086627886,0.37566137566137564
4514,0.4803,1,4,1,605378,232,107815,141,0.002149023676312572,0.3780160857908847
4515,0.4804,0,2,0,605380,230,107815,141,0.0021304976101374634,0.38005390835579517
4516,0.4806,0,1,0,605381,229,107815,141,0.002121234577049909,0.3810810810810811
4517,0.4807,0,1,0,605382,228,107815,141,0.002111971543962355,0.3821138211382114
4518,0.4809,1,1,1,605383,227,107816,140,0.002102708510874801,0.3814713896457766
4519,0.481,2,0,2,605383,227,107818,138,0.002102708510874801,0.3780821917808219
4520,0.4811,4,2,4,605385,225,107822,134,0.0020841824446996924,0.3732590529247911
4521,0.4813,5,0,5,605385,225,107827,129,0.0020841824446996924,0.3644067796610169
4522,0.4814,2,2,2,605387,223,107829,127,0.002065656378524584,0.3628571428571429
4523,0.4815,0,1,0,605388,222,107829,127,0.00205639334543703,0.3638968481375358
4524,0.4816,0,1,0,605389,221,107829,127,0.0020471303123494756,0.3649425287356322
4525,0.4817,0,1,0,605390,220,107829,127,0.0020378672792619214,0.3659942363112392
4526,0.4822,0,1,0,605391,219,107829,127,0.002028604246174367,0.3670520231213873
4527,0.4826,0,1,0,605392,218,107829,127,0.002019341213086813,0.3681159420289855
4528,0.4827,1,1,1,605393,217,107830,126,0.0020100781799992588,0.3673469387755102
4529,0.4829,3,2,3,605395,215,107833,123,0.001991552113824151,0.363905325443787
4530,0.483,1,1,1,605396,214,107834,122,0.0019822890807365966,0.3630952380952381
4531,0.4836,0,1,0,605397,213,107834,122,0.0019730260476490424,0.3641791044776119
4532,0.4838,0,2,0,605399,211,107834,122,0.001954499981473934,0.3663663663663664
4533,0.484,0,1,0,605400,210,107834,122,0.0019452369483863796,0.3674698795180723
4534,0.4841,1,0,1,605400,210,107835,121,0.0019452369483863796,0.36555891238670696
4535,0.4847,0,2,0,605402,208,107835,121,0.0019267108822112714,0.3677811550151976
4536,0.4848,3,5,3,605407,203,107838,118,0.0018803957167735003,0.367601246105919
4537,0.4849,1,0,1,605407,203,107839,117,0.0018803957167735003,0.365625
4538,0.4854,2,0,2,605407,203,107841,115,0.0018803957167735003,0.36163522012578614
4539,0.4857,0,1,0,605408,202,107841,115,0.0018711326836859461,0.3627760252365931
4540,0.486,0,1,0,605409,201,107841,115,0.001861869650598392,0.3639240506329114
4541,0.4862,0,1,0,605410,200,107841,115,0.0018526066175108377,0.36507936507936506
4542,0.4863,2,3,2,605413,197,107843,113,0.0018248175182481751,0.36451612903225805
4543,0.4866,1,0,1,605413,197,107844,112,0.0018248175182481751,0.36245954692556637
4544,0.4867,1,2,1,605415,195,107845,111,0.0018062914520730667,0.3627450980392157
4545,0.4868,2,2,2,605417,193,107847,109,0.0017877653858979585,0.3609271523178808
4546,0.487,1,1,1,605418,192,107848,108,0.0017785023528104043,0.36
4547,0.4873,2,1,2,605419,191,107850,106,0.0017692393197228501,0.3569023569023569
4548,0.4874,0,2,0,605421,189,107850,106,0.0017507132535477417,0.3593220338983051
4549,0.4879,1,1,1,605422,188,107851,105,0.0017414502204601875,0.3583617747440273
4550,0.4881,1,2,1,605424,186,107852,104,0.001722924154285079,0.3586206896551724
4551,0.4885,0,1,0,605425,185,107852,104,0.001713661121197525,0.35986159169550175
4552,0.4886,1,4,1,605429,181,107853,103,0.001676608988847308,0.3626760563380282
4553,0.489,1,0,1,605429,181,107854,102,0.001676608988847308,0.36042402826855124
4554,0.4891,0,1,0,605430,180,107854,102,0.0016673459557597539,0.3617021276595745
4555,0.4892,1,1,1,605431,179,107855,101,0.0016580829226721999,0.3607142857142857
4556,0.4895,1,3,1,605434,176,107856,100,0.0016302938234095373,0.36231884057971014
4557,0.4896,1,1,1,605435,175,107857,99,0.001621030790321983,0.3613138686131387
4558,0.49,2,1,2,605436,174,107859,97,0.0016117677572344289,0.35793357933579334
4559,0.4902,0,1,0,605437,173,107859,97,0.0016025047241468747,0.3592592592592593
4560,0.4905,1,0,1,605437,173,107860,96,0.0016025047241468747,0.35687732342007433
4561,0.4907,0,1,0,605438,172,107860,96,0.0015932416910593205,0.3582089552238806
4562,0.4908,0,1,0,605439,171,107860,96,0.0015839786579717663,0.3595505617977528
4563,0.4909,1,0,1,605439,171,107861,95,0.0015839786579717663,0.35714285714285715
4564,0.4912,1,0,1,605439,171,107862,94,0.0015839786579717663,0.35471698113207545
4565,0.4917,0,1,0,605440,170,107862,94,0.001574715624884212,0.3560606060606061
4566,0.4918,0,1,0,605441,169,107862,94,0.0015654525917966578,0.3574144486692015
4567,0.4925,2,6,2,605447,163,107864,92,0.0015098743932713328,0.3607843137254902
4568,0.4926,0,1,0,605448,162,107864,92,0.0015006113601837786,0.36220472440944884
4569,0.4927,1,0,1,605448,162,107865,91,0.0015006113601837786,0.35968379446640314
4570,0.4928,2,1,2,605449,161,107867,89,0.0014913483270962244,0.356
4571,0.493,2,3,2,605452,158,107869,87,0.0014635592278335618,0.3551020408163265
4572,0.4931,0,1,0,605453,157,107869,87,0.0014542961947460076,0.35655737704918034
4573,0.4936,0,1,0,605454,156,107869,87,0.0014450331616584534,0.35802469135802467
4574,0.4938,0,2,0,605456,154,107869,87,0.001426507095483345,0.36099585062240663
4575,0.494,1,0,1,605456,154,107870,86,0.001426507095483345,0.35833333333333334
4576,0.4941,0,1,0,605457,153,107870,86,0.0014172440623957908,0.3598326359832636
4577,0.4942,3,7,3,605464,146,107873,83,0.0013524028307829116,0.3624454148471616
4578,0.4944,0,3,0,605467,143,107873,83,0.001324613731520249,0.3672566371681416
4579,0.4955,3,4,3,605471,139,107876,80,0.0012875615991700322,0.365296803652968
4580,0.4956,0,1,0,605472,138,107876,80,0.001278298566082478,0.3669724770642202
4581,0.4958,1,1,1,605473,137,107877,79,0.0012690355329949238,0.36574074074074076
4582,0.4962,0,1,0,605474,136,107877,79,0.0012597724999073698,0.3674418604651163
4583,0.4967,0,1,0,605475,135,107877,79,0.0012505094668198156,0.3691588785046729
4584,0.4969,0,1,0,605476,134,107877,79,0.0012412464337322614,0.37089201877934275
4585,0.4974,0,1,0,605477,133,107877,79,0.0012319834006447072,0.37264150943396224
4586,0.4975,2,1,2,605478,132,107879,77,0.001222720367557153,0.3684210526315789
4587,0.4976,2,1,2,605479,131,107881,75,0.0012134573344695988,0.3640776699029126
4588,0.4981,0,1,0,605480,130,107881,75,0.0012041943013820445,0.36585365853658536
4589,0.4982,1,0,1,605480,130,107882,74,0.0012041943013820445,0.3627450980392157
4590,0.4984,1,1,1,605481,129,107883,73,0.0011949312682944903,0.3613861386138614
4591,0.4987,1,1,1,605482,128,107884,72,0.0011856682352069361,0.36
4592,0.4991,3,0,3,605482,128,107887,69,0.0011856682352069361,0.350253807106599
4593,0.4995,1,1,1,605483,127,107888,68,0.001176405202119382,0.3487179487179487
4594,0.5005,0,1,0,605484,126,107888,68,0.0011671421690318277,0.35051546391752575
4595,0.5008,2,4,2,605488,122,107890,66,0.0011300900366816111,0.35106382978723405
4596,0.5009,1,4,1,605492,118,107891,65,0.0010930379043313943,0.3551912568306011
4597,0.5012,0,1,0,605493,117,107891,65,0.0010837748712438401,0.35714285714285715
4598,0.5014,1,0,1,605493,117,107892,64,0.0010837748712438401,0.35359116022099446
4599,0.5018,1,0,1,605493,117,107893,63,0.0010837748712438401,0.35
4600,0.5019,1,0,1,605493,117,107894,62,0.0010837748712438401,0.3463687150837989
4601,0.5021,0,2,0,605495,115,107894,62,0.0010652488050687317,0.3502824858757062
4602,0.5024,3,1,3,605496,114,107897,59,0.0010559857719811775,0.34104046242774566
4603,0.5028,1,3,1,605499,111,107898,58,0.001028196672718515,0.3431952662721893
4604,0.5033,1,1,1,605500,110,107899,57,0.0010189336396309607,0.3413173652694611
4605,0.5034,1,0,1,605500,110,107900,56,0.0010189336396309607,0.3373493975903614
4606,0.5043,1,0,1,605500,110,107901,55,0.0010189336396309607,0.3333333333333333
4607,0.5046,0,3,0,605503,107,107901,55,0.0009911445403682983,0.3395061728395062
4608,0.5049,1,0,1,605503,107,107902,54,0.0009911445403682983,0.33540372670807456
4609,0.505,4,0,4,605503,107,107906,50,0.0009911445403682983,0.3184713375796178
4610,0.5051,1,1,1,605504,106,107907,49,0.000981881507280744,0.3161290322580645
4611,0.5052,0,1,0,605505,105,107907,49,0.0009726184741931898,0.3181818181818182
4612,0.5058,1,1,1,605506,104,107908,48,0.0009633554411056357,0.3157894736842105
4613,0.5062,0,1,0,605507,103,107908,48,0.0009540924080180815,0.31788079470198677
4614,0.5063,1,0,1,605507,103,107909,47,0.0009540924080180815,0.31333333333333335
4615,0.5065,0,3,0,605510,100,107909,47,0.0009263033087554189,0.3197278911564626
4616,0.5066,1,9,1,605519,91,107910,46,0.0008429360109674311,0.3357664233576642
4617,0.5067,1,0,1,605519,91,107911,45,0.0008429360109674311,0.33088235294117646
4618,0.5075,1,2,1,605521,89,107912,44,0.0008244099447923228,0.3308270676691729
4619,0.5078,0,1,0,605522,88,107912,44,0.0008151469117047686,0.3333333333333333
4620,0.5079,1,0,1,605522,88,107913,43,0.0008151469117047686,0.3282442748091603
4621,0.5082,0,1,0,605523,87,107913,43,0.0008058838786172144,0.33076923076923076
4622,0.509,0,1,0,605524,86,107913,43,0.0007966208455296602,0.3333333333333333
4623,0.5091,0,1,0,605525,85,107913,43,0.000787357812442106,0.3359375
4624,0.5096,0,1,0,605526,84,107913,43,0.0007780947793545518,0.33858267716535434
4625,0.5098,2,0,2,605526,84,107915,41,0.0007780947793545518,0.328
4626,0.5102,0,1,0,605527,83,107915,41,0.0007688317462669976,0.33064516129032256
4627,0.5104,1,0,1,605527,83,107916,40,0.0007688317462669976,0.3252032520325203
4628,0.5106,0,1,0,605528,82,107916,40,0.0007595687131794435,0.32786885245901637
4629,0.5108,1,1,1,605529,81,107917,39,0.0007503056800918893,0.325
4630,0.5116,0,4,0,605533,77,107917,39,0.0007132535477416725,0.33620689655172414
4631,0.5117,1,0,1,605533,77,107918,38,0.0007132535477416725,0.33043478260869563
4632,0.5125,1,1,1,605534,76,107919,37,0.0007039905146541183,0.3274336283185841
4633,0.5127,0,4,0,605538,72,107919,37,0.0006669383823039016,0.3394495412844037
4634,0.5141,0,1,0,605539,71,107919,37,0.0006576753492163474,0.3425925925925926
4635,0.5142,1,1,1,605540,70,107920,36,0.0006484123161287932,0.33962264150943394
4636,0.5163,1,0,1,605540,70,107921,35,0.0006484123161287932,0.3333333333333333
4637,0.5172,0,1,0,605541,69,107921,35,0.000639149283041239,0.33653846153846156
4638,0.5181,1,1,1,605542,68,107922,34,0.0006298862499536849,0.3333333333333333
4639,0.5187,0,1,0,605543,67,107922,34,0.0006206232168661307,0.33663366336633666
4640,0.5191,0,2,0,605545,65,107922,34,0.0006020971506910223,0.3434343434343434
4641,0.5195,0,1,0,605546,64,107922,34,0.0005928341176034681,0.3469387755102041
4642,0.5202,0,2,0,605548,62,107922,34,0.0005743080514283597,0.3541666666666667
4643,0.5205,1,1,1,605549,61,107923,33,0.0005650450183408056,0.35106382978723405
4644,0.5208,1,0,1,605549,61,107924,32,0.0005650450183408056,0.34408602150537637
4645,0.5211,2,0,2,605549,61,107926,30,0.0005650450183408056,0.32967032967032966
4646,0.5218,1,0,1,605549,61,107927,29,0.0005650450183408056,0.32222222222222224
4647,0.522,1,0,1,605549,61,107928,28,0.0005650450183408056,0.3146067415730337
4648,0.5232,1,1,1,605550,60,107929,27,0.0005557819852532514,0.3103448275862069
4649,0.5234,0,1,0,605551,59,107929,27,0.0005465189521656972,0.313953488372093
4650,0.5241,1,0,1,605551,59,107930,26,0.0005465189521656972,0.3058823529411765
4651,0.525,0,1,0,605552,58,107930,26,0.000537255919078143,0.30952380952380953
4652,0.5254,0,1,0,605553,57,107930,26,0.0005279928859905888,0.3132530120481928
4653,0.5258,1,0,1,605553,57,107931,25,0.0005279928859905888,0.3048780487804878
4654,0.5263,0,1,0,605554,56,107931,25,0.0005187298529030345,0.30864197530864196
4655,0.5269,1,3,1,605557,53,107932,24,0.000490940753640372,0.3116883116883117
4656,0.5298,2,2,2,605559,51,107934,22,0.00047241468746526364,0.3013698630136986
4657,0.5315,0,1,0,605560,50,107934,22,0.00046315165437770943,0.3055555555555556
4658,0.5324,0,1,0,605561,49,107934,22,0.00045388862129015523,0.30985915492957744
4659,0.5325,0,1,0,605562,48,107934,22,0.0004446255882026011,0.3142857142857143
4660,0.5334,1,1,1,605563,47,107935,21,0.0004353625551150469,0.3088235294117647
4661,0.5356,1,0,1,605563,47,107936,20,0.0004353625551150469,0.29850746268656714
4662,0.5357,2,2,2,605565,45,107938,18,0.00041683648893993847,0.2857142857142857
4663,0.5358,0,1,0,605566,44,107938,18,0.0004075734558523843,0.2903225806451613
4664,0.5362,1,0,1,605566,44,107939,17,0.0004075734558523843,0.2786885245901639
4665,0.5371,0,1,0,605567,43,107939,17,0.0003983104227648301,0.2833333333333333
4666,0.5379,1,0,1,605567,43,107940,16,0.0003983104227648301,0.2711864406779661
4667,0.5388,0,1,0,605568,42,107940,16,0.0003890473896772759,0.27586206896551724
4668,0.5392,0,1,0,605569,41,107940,16,0.00037978435658972176,0.2807017543859649
4669,0.5398,0,5,0,605574,36,107940,16,0.0003334691911519508,0.3076923076923077
4670,0.5409,1,0,1,605574,36,107941,15,0.0003334691911519508,0.29411764705882354
4671,0.543,0,2,0,605576,34,107941,15,0.00031494312497684244,0.30612244897959184
4672,0.5439,0,1,0,605577,33,107941,15,0.00030568009188928824,0.3125
4673,0.5448,0,1,0,605578,32,107941,15,0.00029641705880173404,0.3191489361702128
4674,0.5453,0,1,0,605579,31,107941,15,0.00028715402571417983,0.32608695652173914
4675,0.5457,1,0,1,605579,31,107942,14,0.00028715402571417983,0.3111111111111111
4676,0.5464,0,1,0,605580,30,107942,14,0.0002778909926266257,0.3181818181818182
4677,0.5468,1,2,1,605582,28,107943,13,0.0002593649264515173,0.3170731707317073
4678,0.5471,0,1,0,605583,27,107943,13,0.00025010189336396307,0.325
4679,0.5496,0,3,0,605586,24,107943,13,0.00022231279410130054,0.35135135135135137
4680,0.5516,1,0,1,605586,24,107944,12,0.00022231279410130054,0.3333333333333333
4681,0.5529,0,1,0,605587,23,107944,12,0.00021304976101374634,0.34285714285714286
4682,0.5536,1,0,1,605587,23,107945,11,0.00021304976101374634,0.3235294117647059
4683,0.5543,2,2,2,605589,21,107947,9,0.00019452369483863796,0.3
4684,0.5555,0,1,0,605590,20,107947,9,0.00018526066175108378,0.3103448275862069
4685,0.5563,3,0,3,605590,20,107950,6,0.00018526066175108378,0.23076923076923078
4686,0.5587,0,2,0,605592,18,107950,6,0.0001667345955759754,0.25
4687,0.5606,1,2,1,605594,16,107951,5,0.00014820852940086702,0.23809523809523808
4688,0.5619,0,1,0,605595,15,107951,5,0.00013894549631331284,0.25
4689,0.5637,0,2,0,605597,13,107951,5,0.00012041943013820446,0.2777777777777778
4690,0.5656,0,2,0,605599,11,107951,5,0.00010189336396309608,0.3125
4691,0.5691,0,5,0,605604,6,107951,5,5.5578198525325135e-05,0.45454545454545453
4692,0.5717,0,1,0,605605,5,107951,5,4.6315165437770945e-05,0.5
4693,0.5735,1,0,1,605605,5,107952,4,4.6315165437770945e-05,0.4444444444444444
4694,0.5772,1,0,1,605605,5,107953,3,4.6315165437770945e-05,0.375
4695,0.59,0,1,0,605606,4,107953,3,3.7052132350216754e-05,0.42857142857142855
4696,0.6161,1,0,1,605606,4,107954,2,3.7052132350216754e-05,0.3333333333333333
4697,0.6295,1,1,1,605607,3,107955,1,2.7789099262662567e-05,0.25
4698,0.6436,1,0,1,605607,3,107956,0,2.7789099262662567e-05,0.0
4699,0.6672,0,1,0,605608,2,107956,0,1.8526066175108377e-05,0.0
4700,0.6716,0,1,0,605609,1,107956,0,9.263033087554189e-06,0.0
4701,0.6807,0,1,0,605610,0,107956,0,0.0,
