,y_proba,y_test,Neg,Pos,TN,FP,FN,TP,FP/P,Prec
0,0.0104,0,1,0,1,605609,0,107956,5.609776205120605,0.1512910526721462
1,0.0118,0,1,0,2,605608,0,107956,5.609766942087517,0.15129126469384666
2,0.0121,0,1,0,3,605607,0,107956,5.60975767905443,0.1512914767161414
3,0.0122,0,1,0,4,605606,0,107956,5.609748416021342,0.15129168873903037
4,0.0125,0,2,0,6,605604,0,107956,5.609729889955167,0.1512921127865912
5,0.0126,1,0,1,6,605604,1,107955,5.609729889955167,0.15129092338545236
6,0.0128,0,1,0,7,605603,1,107955,5.609720626922079,0.15129113540875444
7,0.0129,0,2,0,9,605601,1,107955,5.6097021008559045,0.15129155945714143
8,0.0134,0,1,0,10,605600,1,107955,5.609692837822816,0.1512917714822263
9,0.0137,0,2,0,12,605598,1,107955,5.609674311756642,0.15129219553417897
10,0.0141,0,1,0,13,605597,1,107955,5.609665048723554,0.1512924075610467
11,0.0143,0,2,0,15,605595,1,107955,5.609646522657379,0.15129283161656507
12,0.0145,0,1,0,16,605594,1,107955,5.609637259624291,0.15129304364521567
13,0.0147,0,3,0,19,605591,1,107955,5.609609470525029,0.1512936797347333
14,0.0149,0,1,0,20,605590,1,107955,5.609600207491941,0.1512938917657611
15,0.015,0,1,0,21,605589,1,107955,5.609590944458853,0.1512941037973832
16,0.0152,0,1,0,22,605588,1,107955,5.609581681425766,0.15129431582959962
17,0.0153,0,2,0,24,605586,1,107955,5.609563155359591,0.15129473989581538
18,0.0154,0,6,0,30,605580,1,107955,5.609507577161065,0.15129601210872626
19,0.0155,0,2,0,32,605578,1,107955,5.609489051094891,0.15129643618445118
20,0.0156,0,5,0,37,605573,1,107955,5.609442735929453,0.15129749638416432
21,0.0157,0,3,0,40,605570,1,107955,5.60941494683019,0.15129813251112434
22,0.0158,0,3,0,43,605567,1,107955,5.609387157730928,0.15129876864343356
23,0.0159,0,3,0,46,605564,1,107955,5.609359368631665,0.15129940478109202
24,0.016,0,5,0,51,605559,1,107955,5.609313053466227,0.1513004650224102
25,0.0161,0,5,0,56,605554,1,107955,5.609266738300789,0.15130152527858792
26,0.0162,0,2,0,58,605552,1,107955,5.609248212234614,0.15130194938521976
27,0.0163,0,2,0,60,605550,1,107955,5.609229686168439,0.1513023734942292
28,0.0165,0,2,0,62,605548,1,107955,5.609211160102264,0.15130279760561624
29,0.0166,0,2,0,64,605546,1,107955,5.609192634036089,0.1513032217193809
30,0.0167,0,5,0,69,605541,1,107955,5.609146318870651,0.1513042820141949
31,0.0168,0,4,0,73,605537,1,107955,5.609109266738301,0.15130513026074574
32,0.0169,0,3,0,76,605534,1,107955,5.609081477639038,0.15130576645190044
33,0.017,0,8,0,84,605526,1,107955,5.609007373374338,0.15130746298780207
34,0.0171,1,6,1,90,605520,2,107954,5.6089517951758125,0.15130754589515524
35,0.0172,0,5,0,95,605515,2,107954,5.608905480010375,0.15130860626039813
36,0.0173,0,9,0,104,605506,2,107954,5.608822112712587,0.1513105149552883
37,0.0174,0,4,0,108,605502,2,107954,5.608785060580236,0.15131136327958555
38,0.0175,0,8,0,116,605494,2,107954,5.608710956315536,0.15131305995671723
39,0.0176,0,7,0,123,605487,2,107954,5.608646115083923,0.15131454458042082
40,0.0177,0,1,0,124,605486,2,107954,5.608636852050836,0.15131475667189953
41,0.0179,0,18,0,142,605468,2,107954,5.608470117455259,0.1513185744201889
42,0.018,1,5,1,147,605463,3,107953,5.608423802289821,0.15131844533904482
43,0.0181,0,4,0,151,605459,3,107953,5.608386750157472,0.1513192937601274
44,0.0182,1,8,1,159,605451,4,107952,5.608312645892771,0.15131980101008827
45,0.0183,0,3,0,162,605448,4,107952,5.608284856793508,0.15132043734230446
46,0.0184,0,10,0,172,605438,4,107952,5.6081922264626325,0.1513225584883444
47,0.0185,0,9,0,181,605429,4,107952,5.608108859164845,0.15132446757062495
48,0.0186,0,15,0,196,605414,4,107952,5.607969913668532,0.15132764948147234
49,0.0187,0,4,0,200,605410,4,107952,5.607932861536181,0.15132849801363124
50,0.0188,0,3,0,203,605407,4,107952,5.607905072436918,0.1513291344189952
51,0.0189,1,9,1,212,605398,5,107951,5.607821705139131,0.15132985397049692
52,0.019,2,8,2,220,605390,7,107949,5.60774760087443,0.15132917168415017
53,0.0191,0,12,0,232,605378,7,107949,5.60763644447738,0.15133171743113608
54,0.0192,0,13,0,245,605365,7,107949,5.607516025047241,0.15133447542036185
55,0.0193,0,8,0,253,605357,7,107949,5.6074419207825414,0.15133617269446772
56,0.0194,0,17,0,270,605340,7,107949,5.607284449220052,0.15133977952835387
57,0.0195,1,14,1,284,605326,8,107948,5.6071547667568264,0.15134156018584724
58,0.0196,0,10,0,294,605316,8,107948,5.607062136425951,0.1513436820027367
59,0.0197,0,15,0,309,605301,8,107948,5.606923190929638,0.15134686483962823
60,0.0198,0,19,0,328,605282,8,107948,5.606747193300975,0.15135089662521206
61,0.0199,0,11,0,339,605271,8,107948,5.6066452999370116,0.15135323091504854
62,0.02,0,9,0,348,605262,8,107948,5.606561932639224,0.15135514084210822
63,0.0201,0,14,0,362,605248,8,107948,5.606432250175998,0.15135811193556892
64,0.0202,0,14,0,376,605234,8,107948,5.606302567712772,0.1513610831456767
65,0.0203,0,12,0,388,605222,8,107948,5.606191411315721,0.15136362999004446
66,0.0204,0,15,0,403,605207,8,107948,5.606052465819408,0.15136681366603333
67,0.0205,0,20,0,423,605187,8,107948,5.605867205157657,0.15137105877568763
68,0.0206,1,14,1,437,605173,9,107947,5.605737522694431,0.15137284047565627
69,0.0207,0,19,0,456,605154,9,107947,5.6055615250657675,0.15137687368269012
70,0.0208,1,18,1,474,605136,10,107946,5.605394790470192,0.1513795047413902
71,0.0209,0,15,0,489,605121,10,107946,5.605255844973878,0.15138268914421787
72,0.021,1,18,1,507,605103,11,107945,5.6050891103783025,0.15138532048333353
73,0.0211,0,16,0,523,605087,11,107945,5.604940901848901,0.15138871747691549
74,0.0212,0,14,0,537,605073,11,107945,5.604811219385676,0.15139168997136118
75,0.0213,1,18,1,555,605055,12,107944,5.6046444847901,0.15139432173116651
76,0.0214,0,21,0,576,605034,12,107944,5.604449961095261,0.15139878088804984
77,0.0215,1,12,1,588,605022,13,107943,5.6043388046982106,0.15140013885674614
78,0.0216,0,15,0,603,605007,13,107943,5.604199859201897,0.15140332421628444
79,0.0217,0,21,0,624,604986,13,107943,5.6040053355070585,0.1514077839448248
80,0.0218,0,24,0,648,604962,13,107943,5.603783022712957,0.15141288109916468
81,0.0219,1,19,1,667,604943,14,107942,5.603607025084294,0.15141572623915497
82,0.022,0,27,0,694,604916,14,107942,5.60335692319093,0.1514214612166799
83,0.0221,0,13,0,707,604903,14,107942,5.603236503760791,0.15142422265709937
84,0.0222,2,23,2,730,604880,16,107940,5.603023453999778,0.1514267276451278
85,0.0223,0,14,0,744,604866,16,107940,5.602893771536552,0.1514297017701871
86,0.0224,1,22,1,766,604844,17,107939,5.602689984808626,0.15143318513488677
87,0.0225,0,24,0,790,604820,17,107939,5.602467672014525,0.15143828418862476
88,0.0226,0,25,0,815,604795,17,107939,5.602236096187336,0.15144359606809835
89,0.0227,1,23,1,838,604772,18,107938,5.602023046426321,0.15144729272775742
90,0.0228,0,26,0,864,604746,18,107938,5.601782207566045,0.15145281779863165
91,0.0229,0,29,0,893,604717,18,107938,5.6015135796065065,0.15145898085328804
92,0.023,0,18,0,911,604699,18,107938,5.60134684501093,0.15146280644984753
93,0.0231,0,26,0,937,604673,18,107938,5.601106006150654,0.1514683326527376
94,0.0232,0,31,0,968,604642,18,107938,5.60081885212494,0.15147492211400826
95,0.0233,0,28,0,996,604614,18,107938,5.600559487198488,0.151480874378291
96,0.0234,0,20,0,1016,604594,18,107938,5.600374226536737,0.1514851262820477
97,0.0235,2,16,2,1032,604578,20,107936,5.600226018007336,0.15148614623712656
98,0.0236,2,33,2,1065,604545,22,107934,5.599920337915447,0.15149078078090722
99,0.0237,0,32,0,1097,604513,22,107934,5.599623920856645,0.151497585083522
100,0.0238,1,30,1,1127,604483,23,107933,5.5993460298640185,0.1515027736603333
101,0.0239,0,31,0,1158,604452,23,107933,5.599058875838304,0.1515093664240544
102,0.024,0,34,0,1192,604418,23,107933,5.598743932713328,0.15151659785695534
103,0.0241,0,25,0,1217,604393,23,107933,5.598512356886139,0.1515219155274411
104,0.0242,1,37,1,1254,604356,24,107932,5.5981696246618995,0.1515285951749854
105,0.0243,2,19,2,1273,604337,26,107930,5.597993627033236,0.15153025480613308
106,0.0244,1,34,1,1307,604303,27,107929,5.597678683908259,0.15153629716159903
107,0.0245,2,43,2,1350,604260,29,107927,5.597280373485494,0.15154306383014574
108,0.0246,0,27,0,1377,604233,29,107927,5.59703027159213,0.1515488092563469
109,0.0247,0,37,0,1414,604196,29,107927,5.596687539367891,0.15155668332577377
110,0.0248,2,46,2,1460,604150,31,107925,5.596261439845863,0.15156409086121547
111,0.0249,0,31,0,1491,604119,31,107925,5.595974285820149,0.15157068945177546
112,0.025,1,38,1,1529,604081,32,107924,5.5956222905628215,0.1515775872360447
113,0.0251,2,26,2,1555,604055,34,107922,5.595381451702545,0.1515807392654538
114,0.0252,2,31,2,1586,604024,36,107920,5.595094297676831,0.15158495612014428
115,0.0253,1,39,1,1625,603985,37,107919,5.5947330393864165,0.15159206859351823
116,0.0254,1,51,1,1676,603934,38,107918,5.5942606246989515,0.1516017374398049
117,0.0255,2,43,2,1719,603891,40,107916,5.593862314276187,0.1516085118578491
118,0.0256,1,42,1,1761,603849,41,107915,5.59347326688651,0.1516162660657184
119,0.0257,1,38,1,1799,603811,42,107914,5.593121271629182,0.15162316906108397
120,0.0258,1,51,1,1850,603760,43,107913,5.592648856941717,0.1516328426117051
121,0.0259,3,48,3,1898,603712,46,107910,5.592204231353515,0.15163949400102864
122,0.026,3,50,3,1948,603662,49,107907,5.591741079699137,0.15164657257412845
123,0.0261,0,51,0,1999,603611,49,107907,5.591268665011672,0.1516574422572584
124,0.0262,1,46,1,2045,603565,50,107906,5.590842565489644,0.1516660552573471
125,0.0263,0,48,0,2093,603517,50,107906,5.590397939901441,0.15167628822796
126,0.0264,0,57,0,2150,603460,50,107906,5.589869947015451,0.1516884416741874
127,0.0265,2,41,2,2191,603419,52,107904,5.589490162658861,0.1516947996901548
128,0.0266,0,68,0,2259,603351,52,107904,5.588860276408908,0.15170930257080795
129,0.0267,1,51,1,2310,603300,53,107903,5.588387861721442,0.15171898881191445
130,0.0268,0,57,0,2367,603243,53,107903,5.5878598688354515,0.15173114944048058
131,0.0269,2,56,2,2423,603187,55,107901,5.5873411389825485,0.15174071282316676
132,0.027,5,58,5,2481,603129,60,107896,5.58680388306347,0.15174712562849407
133,0.0271,1,54,1,2535,603075,61,107895,5.586303679276742,0.1517574581205958
134,0.0272,1,44,1,2579,603031,62,107894,5.58589610582089,0.1517656574181524
135,0.0273,2,67,2,2646,602964,64,107892,5.585275482604024,0.15177757520510482
136,0.0274,1,54,1,2700,602910,65,107891,5.584775278817296,0.15178791250997115
137,0.0275,3,55,3,2755,602855,68,107888,5.58426581199748,0.15179607818859983
138,0.0276,0,65,0,2820,602790,68,107888,5.583663714846789,0.1518099617548313
139,0.0277,3,70,3,2890,602720,71,107885,5.583015302530661,0.15182133534101225
140,0.0278,0,66,0,2956,602654,71,107885,5.582403942346882,0.15183543760441018
141,0.0279,1,78,1,3034,602576,72,107884,5.581681425766053,0.15185091349266672
142,0.028,2,67,2,3101,602509,74,107882,5.581060802549187,0.15186284736152345
143,0.0281,3,60,3,3161,602449,77,107879,5.580505020563933,0.15187209289229764
144,0.0282,5,70,5,3231,602379,82,107874,5.5798566082478045,0.15188109025938645
145,0.0283,1,65,1,3296,602314,83,107873,5.579254511097114,0.15189379698586428
146,0.0284,0,65,0,3361,602249,83,107873,5.578652413946423,0.1519077003669792
147,0.0285,1,73,1,3434,602176,84,107872,5.5779762125310315,0.15192212357474424
148,0.0286,0,79,0,3513,602097,84,107872,5.577244432917114,0.15193902832377187
149,0.0287,2,81,2,3594,602016,86,107870,5.576494127237022,0.15195397570877578
150,0.0288,6,84,6,3678,601932,92,107864,5.575716032457668,0.1519647898832904
151,0.0289,3,70,3,3748,601862,95,107861,5.575067620141539,0.1519761935290247
152,0.029,4,85,4,3833,601777,99,107857,5.574280262329097,0.15198961718294218
153,0.0291,1,89,1,3922,601688,100,107856,5.5734558523843045,0.1520074864983708
154,0.0292,3,94,3,4016,601594,103,107853,5.572585127274075,0.15202404126030555
155,0.0293,0,88,0,4104,601506,103,107853,5.57176998036237,0.15204290070331103
156,0.0294,3,92,3,4196,601414,106,107850,5.570917781318315,0.15205903584560898
157,0.0295,1,99,1,4295,601315,107,107849,5.570000741042647,0.15207906774737578
158,0.0296,4,96,4,4391,601219,111,107845,5.569111489866242,0.15209487436959146
159,0.0297,3,91,3,4482,601128,114,107842,5.568268553855274,0.15211080863788312
160,0.0298,5,106,5,4588,601022,119,107837,5.5672866723479935,0.15212757403094268
161,0.0299,3,94,3,4682,600928,122,107834,5.566415947237764,0.15214416122760532
162,0.03,2,93,2,4775,600835,124,107832,5.565554485160621,0.15216173463700158
163,0.0301,3,98,3,4873,600737,127,107829,5.56464670791804,0.15217919008250466
164,0.0302,2,83,2,4956,600654,129,107827,5.563877876171774,0.1521946248382102
165,0.0303,2,103,2,5059,600551,131,107825,5.562923783763756,0.1522143607349769
166,0.0304,2,114,2,5173,600437,133,107823,5.561867797991774,0.15223646683421344
167,0.0305,3,116,3,5289,600321,136,107820,5.5607932861536185,0.15225781306265276
168,0.0306,2,119,2,5408,600202,138,107818,5.559690985216199,0.15228100901104488
169,0.0307,3,117,3,5525,600085,141,107815,5.558607210344955,0.15230258511089137
170,0.0308,1,103,1,5628,599982,142,107814,5.557653117936937,0.1523235508536358
171,0.0309,2,113,2,5741,599869,144,107812,5.556606395198044,0.15234547769404577
172,0.031,5,126,5,5867,599743,149,107807,5.555439253029012,0.15236661720019787
173,0.0311,3,132,3,5999,599611,152,107804,5.554216532661455,0.15239145339015994
174,0.0312,3,122,3,6121,599489,155,107801,5.553086442624773,0.15241414412758558
175,0.0313,3,115,3,6236,599374,158,107798,5.552021193819704,0.15243533397815526
176,0.0314,7,111,7,6347,599263,165,107791,5.550992997146986,0.15245087362492823
177,0.0315,6,112,6,6459,599151,171,107785,5.549955537441179,0.15246783301458688
178,0.0316,2,119,2,6578,599032,173,107783,5.548853236503761,0.1524911044615635
179,0.0317,2,106,2,6684,598926,175,107781,5.54787135499648,0.15251157834859425
180,0.0318,4,130,4,6814,598796,179,107777,5.546667160695098,0.15253484070294224
181,0.0319,9,111,9,6925,598685,188,107768,5.5456389640223795,0.15254801097879123
182,0.032,7,142,7,7067,598543,195,107761,5.544323613323947,0.15257028135193912
183,0.0321,3,132,3,7199,598411,198,107758,5.54310089295639,0.15259520029907855
184,0.0322,5,121,5,7320,598290,203,107753,5.541980065952796,0.15261535062312068
185,0.0323,4,129,4,7449,598161,207,107749,5.540785134684501,0.15263843832783217
186,0.0324,4,114,4,7563,598047,211,107745,5.53972914891252,0.15265829026115343
187,0.0325,3,156,3,7719,597891,214,107742,5.538284115750861,0.1526884371904375
188,0.0326,4,139,4,7858,597752,218,107738,5.536996554151691,0.1527137167075366
189,0.0327,2,134,2,7992,597618,220,107736,5.5357553077179595,0.15274032613411137
190,0.0328,7,145,7,8137,597473,227,107729,5.534412167920264,0.1527633217149129
191,0.0329,8,180,8,8317,597293,235,107721,5.532744821964504,0.15279271049936596
192,0.033,7,140,7,8457,597153,242,107714,5.531447997332246,0.1528146444648423
193,0.0331,3,136,3,8593,597017,245,107711,5.530188224832339,0.15284052854434618
194,0.0332,6,181,6,8774,596836,251,107705,5.528511615843492,0.15287257945243782
195,0.0333,5,182,5,8956,596654,256,107700,5.526825743821557,0.15290606711965857
196,0.0334,5,155,5,9111,596499,261,107695,5.525389973692986,0.15293370860870725
197,0.0335,5,159,5,9270,596340,266,107690,5.523917151432065,0.15296223172308
198,0.0336,4,160,4,9430,596180,270,107686,5.522435066138057,0.1529921888541285
199,0.0337,7,158,7,9588,596022,277,107679,5.5209715069102225,0.1530181142274915
200,0.0338,7,180,7,9768,595842,284,107672,5.519304160954463,0.15304883769192937
201,0.0339,6,143,6,9911,595699,290,107666,5.517979547222943,0.15307272895296184
202,0.034,2,170,2,10081,595529,292,107664,5.5164048315980585,0.15310732615370176
203,0.0341,6,155,6,10236,595374,298,107658,5.514969061469488,0.15313385450448913
204,0.0342,3,169,3,10405,595205,301,107655,5.513403608877691,0.15316706029650287
205,0.0343,2,176,2,10581,595029,303,107653,5.511773315054281,0.1532030135964775
206,0.0344,4,176,4,10757,594853,307,107649,5.5101430212308715,0.1532365744154465
207,0.0345,0,161,0,10918,594692,307,107649,5.508651672903776,0.15327170135304646
208,0.0346,5,169,5,11087,594523,312,107644,5.507086220311979,0.15330256192615146
209,0.0347,3,180,3,11267,594343,315,107641,5.505418874356219,0.1533382527237088
210,0.0348,7,204,7,11471,594139,322,107634,5.503529215606358,0.15337438174452422
211,0.0349,6,176,6,11647,593963,328,107628,5.501898921782948,0.1534056166626995
212,0.035,5,222,5,11869,593741,333,107623,5.499842528437512,0.15344813819928027
213,0.0351,1,193,1,12062,593548,334,107622,5.498054763051614,0.15348916810473923
214,0.0352,6,214,6,12276,593334,340,107616,5.496072473970877,0.15352878236678794
215,0.0353,7,202,7,12478,593132,347,107609,5.494201341287191,0.1535645837763168
216,0.0354,7,179,7,12657,592953,354,107602,5.492543258364519,0.15359536367594265
217,0.0355,2,183,2,12840,592770,356,107600,5.490848123309497,0.1536330796578951
218,0.0356,2,186,2,13026,592584,358,107598,5.489125199155211,0.15367147398819164
219,0.0357,7,210,7,13236,592374,365,107591,5.487179962206825,0.15370911402712992
220,0.0358,6,191,6,13427,592183,371,107585,5.485410722887102,0.15374381223491215
221,0.0359,7,214,7,13641,591969,378,107578,5.483428433806366,0.15378237630924013
222,0.036,3,206,3,13847,591763,381,107575,5.481520248990329,0.15382404502543834
223,0.0361,4,220,4,14067,591543,385,107571,5.479482381711067,0.15386760957440418
224,0.0362,8,185,8,14252,591358,393,107563,5.47776872058987,0.15389865235126718
225,0.0363,3,206,3,14458,591152,396,107560,5.475860535773834,0.15394039318059516
226,0.0364,4,222,4,14680,590930,400,107556,5.4738041424283965,0.1539844749930564
227,0.0365,4,192,4,14872,590738,404,107552,5.472025640075587,0.15402196795027853
228,0.0366,8,220,8,15092,590518,412,107544,5.469987772796324,0.15406081408241676
229,0.0367,4,196,4,15288,590322,416,107540,5.468172218311164,0.15409923451914562
230,0.0368,4,206,4,15494,590116,420,107536,5.466264033495127,0.15413988636168174
231,0.0369,6,226,6,15720,589890,426,107530,5.464170588017341,0.1541825585730263
232,0.037,5,206,5,15926,589684,431,107525,5.462262403201304,0.15422204819501756
233,0.0371,11,192,11,16118,589492,442,107514,5.4604839008484936,0.15425118291664633
234,0.0372,5,203,5,16321,589289,447,107509,5.4586035051317205,0.15429005249728042
235,0.0373,7,227,7,16548,589062,454,107502,5.456500796620846,0.1543318345478664
236,0.0374,7,244,7,16792,588818,461,107495,5.454240616547482,0.15437741360566298
237,0.0375,5,231,5,17023,588587,466,107490,5.452100855904257,0.15442257106613205
238,0.0376,11,220,11,17243,588367,477,107479,5.450062988624995,0.15445802663232958
239,0.0377,14,238,14,17481,588129,491,107465,5.447858386750157,0.1544938570487957
240,0.0378,17,252,17,17733,587877,508,107448,5.445524102412094,0.15452917700355948
241,0.0379,14,250,14,17983,587627,522,107434,5.4432083441402055,0.15456772858785056
242,0.038,8,248,8,18231,587379,530,107426,5.440911111934492,0.15461316484481258
243,0.0381,8,227,8,18458,587152,538,107418,5.438808403423617,0.15465395856429157
244,0.0382,7,200,7,18658,586952,545,107411,5.436955796806107,0.15468998204109377
245,0.0383,8,259,8,18917,586693,553,107403,5.43455667123643,0.15473796131947165
246,0.0384,16,233,16,19150,586460,569,107387,5.43239838452703,0.15477043209814267
247,0.0385,5,237,5,19387,586223,574,107382,5.430203045685279,0.154817223059234
248,0.0386,7,253,7,19640,585970,581,107375,5.427859498314128,0.15486518255702428
249,0.0387,11,254,11,19894,585716,592,107364,5.425506687909889,0.15490852426848273
250,0.0388,15,247,15,20141,585469,607,107349,5.423218718737263,0.15494545465042767
251,0.0389,7,264,7,20405,585205,614,107342,5.420773278002149,0.1549959786122819
252,0.039,7,254,7,20659,584951,621,107335,5.41842046759791,0.15504430249925608
253,0.0391,7,265,7,20924,584686,628,107328,5.415965763829709,0.15509512813324586
254,0.0392,11,280,11,21204,584406,639,107317,5.413372114565194,0.15514447257066774
255,0.0393,4,265,4,21469,584141,643,107313,5.4109174107969915,0.1551990443326671
256,0.0394,7,246,7,21715,583895,650,107306,5.408638704657453,0.15524572447088472
257,0.0395,9,263,9,21978,583632,659,107297,5.406202526955426,0.15529381455981728
258,0.0396,17,275,17,22253,583357,676,107280,5.403655192856349,0.1553348575300773
259,0.0397,16,255,16,22508,583102,692,107264,5.401293119419022,0.15537265740201575
260,0.0398,12,222,12,22730,582880,704,107252,5.399236726073585,0.1554079509427182
261,0.0399,9,261,9,22991,582619,713,107243,5.396819074437734,0.1554557288269248
262,0.04,10,237,10,23228,582382,723,107233,5.394623735595983,0.15549690769487323
263,0.0401,11,273,11,23501,582109,734,107222,5.392094927563082,0.15554501393379958
264,0.0402,10,264,10,23765,581845,744,107212,5.389649486827967,0.15559235302739832
265,0.0403,5,243,5,24008,581602,749,107207,5.387398569787691,0.15564111386465623
266,0.0404,15,271,15,24279,581331,764,107192,5.3848882878209645,0.15568397860347438
267,0.0405,6,277,6,24556,581054,770,107186,5.382322427655712,0.15573927699639661
268,0.0406,5,265,5,24821,580789,775,107181,5.37986772388751,0.15579313051441196
269,0.0407,8,265,8,25086,580524,783,107173,5.377413020119308,0.15584334379821346
270,0.0408,9,283,9,25369,580241,792,107164,5.37479158175553,0.15589645114597653
271,0.0409,10,268,10,25637,579973,802,107154,5.372309088888065,0.15594497087146916
272,0.041,17,263,17,25900,579710,819,107137,5.369872911186039,0.15598379260592243
273,0.0411,14,257,14,26157,579453,833,107123,5.367492311682537,0.15602497028733892
274,0.0412,12,282,12,26439,579171,845,107111,5.3648801363518475,0.15607432513165143
275,0.0413,11,287,11,26726,578884,856,107100,5.362221645855719,0.15612609040444092
276,0.0414,8,295,8,27021,578589,864,107092,5.359489051094891,0.15618341473659034
277,0.0415,10,256,10,27277,578333,874,107082,5.357117714624477,0.15622943763996994
278,0.0416,6,294,6,27571,578039,880,107076,5.354394382896736,0.15628909015274808
279,0.0417,14,285,14,27856,577754,894,107062,5.351754418466783,0.15633688465222775
280,0.0418,13,301,13,28157,577453,907,107049,5.348966245507429,0.15638960879588373
281,0.0419,6,241,6,28398,577212,913,107043,5.346733854533328,0.1564372931144091
282,0.042,9,306,9,28704,576906,922,107034,5.343899366408537,0.15649618387577857
283,0.0421,9,303,9,29007,576603,931,107025,5.341092667383008,0.15655444188944864
284,0.0422,12,291,12,29298,576312,943,107013,5.33839712475453,0.1566063000768302
285,0.0423,12,275,12,29573,576037,955,107001,5.335849790655452,0.15665453459397574
286,0.0424,11,264,11,29837,575773,966,106990,5.333404349920338,0.1567015201468152
287,0.0425,15,261,15,30098,575512,981,106975,5.3309866982844865,0.156742912319209
288,0.0426,12,258,12,30356,575254,993,106963,5.328596835747898,0.15678735651559547
289,0.0427,11,306,11,30662,574948,1004,106952,5.3257623476231055,0.15684411203988854
290,0.0428,14,301,14,30963,574647,1018,106938,5.322974174663752,0.1568960584519906
291,0.0429,16,311,16,31274,574336,1034,106922,5.320093371373522,0.15694788171294868
292,0.043,15,289,15,31563,574047,1049,106907,5.317416354811219,0.1569959204292801
293,0.0431,10,280,10,31843,573767,1059,106897,5.314822705546704,0.15704811772034366
294,0.0432,9,305,9,32148,573462,1068,106888,5.311997480455,0.1571073712059969
295,0.0433,15,303,15,32451,573159,1083,106873,5.309190781429471,0.1571587807632582
296,0.0434,16,295,16,32746,572864,1099,106857,5.306458186668642,0.15720714822699314
297,0.0435,14,270,14,33016,572594,1113,106843,5.303957167735003,0.15725225444007318
298,0.0436,7,306,7,33322,572288,1120,106836,5.301122679610212,0.15731442269747498
299,0.0437,14,302,14,33624,571986,1134,106822,5.298325243617771,0.15736703162013413
300,0.0438,16,330,16,33954,571656,1150,106806,5.295268442698878,0.1574237024328555
301,0.0439,11,283,11,34237,571373,1161,106795,5.292647004335099,0.1574757287279848
302,0.044,11,290,11,34527,571083,1172,106784,5.289960724739709,0.15752942686397184
303,0.0441,10,276,10,34803,570807,1182,106774,5.287404127607544,0.15758116003843084
304,0.0442,15,311,15,35114,570496,1197,106759,5.284523324317314,0.15763486426825937
305,0.0443,14,339,14,35453,570157,1211,106745,5.281383156100634,0.15769638736478842
306,0.0444,8,293,8,35746,569864,1219,106737,5.27866908740598,0.15775471806869928
307,0.0445,11,317,11,36063,569547,1230,106726,5.275732705917226,0.15781496525811323
308,0.0446,18,278,18,36341,569269,1248,106708,5.273157582718886,0.15785744189521242
309,0.0447,7,273,7,36614,568996,1255,106701,5.270628774685983,0.15791249628161735
310,0.0448,9,319,9,36933,568677,1264,106692,5.2676738671310535,0.15797586208428283
311,0.0449,10,283,10,37216,568394,1274,106682,5.265052428767276,0.15802961444341082
312,0.045,12,315,12,37531,568079,1286,106670,5.262134573344696,0.15808841509954072
313,0.0451,9,326,9,37857,567753,1295,106661,5.259114824558154,0.15815359704869708
314,0.0452,11,285,11,38142,567468,1306,106650,5.2564748601282005,0.15820672345197725
315,0.0453,9,363,9,38505,567105,1315,106641,5.253112379117418,0.15828071706548166
316,0.0454,17,290,17,38795,566815,1332,106624,5.250426099522027,0.15832762878300782
317,0.0455,10,302,10,39097,566513,1342,106614,5.247628663529587,0.1583861589269187
318,0.0456,13,294,13,39391,566219,1355,106601,5.244905331801845,0.15843910704200231
319,0.0457,8,295,8,39686,565924,1363,106593,5.242172737041017,0.15849859557453566
320,0.0458,20,285,20,39971,565639,1383,106573,5.239532772611064,0.1585407579751626
321,0.0459,15,306,15,40277,565333,1398,106558,5.236698284486272,0.15859417673402382
322,0.046,16,282,16,40559,565051,1414,106542,5.234086109155582,0.15864072436728793
323,0.0461,21,290,21,40849,564761,1435,106521,5.231399829560191,0.15868293802008693
324,0.0462,16,314,16,41163,564447,1451,106505,5.228491237170699,0.15873713767899938
325,0.0463,20,285,20,41448,564162,1471,106485,5.225851272740746,0.15877950695373275
326,0.0464,8,268,8,41716,563894,1479,106477,5.223368779873281,0.1588329447425381
327,0.0465,13,287,13,42003,563607,1492,106464,5.220710289377154,0.15888465550665526
328,0.0466,15,337,15,42340,563270,1507,106449,5.2175886472266475,0.15894576680667563
329,0.0467,11,294,11,42634,562976,1518,106438,5.214865315498907,0.1590017537727027
330,0.0468,17,318,17,42952,562658,1535,106421,5.211919670977065,0.1590559560231303
331,0.0469,15,302,15,43254,562356,1550,106406,5.209122234984624,0.1591089206623582
332,0.047,6,304,6,43558,562052,1556,106400,5.206306272926007,0.15917373274371233
333,0.0471,14,308,14,43866,561744,1570,106386,5.20345325873504,0.15922949126666966
334,0.0472,14,302,14,44168,561442,1584,106372,5.200655822742599,0.15928387245550407
335,0.0473,18,324,18,44492,561118,1602,106354,5.197654600022231,0.15933851906896468
336,0.0474,19,289,19,44781,560829,1621,106335,5.194977583459928,0.15938359983452344
337,0.0475,19,326,19,45107,560503,1640,106316,5.191957834673386,0.15943756851559418
338,0.0476,5,273,5,45380,560230,1645,106311,5.189429026640483,0.15949656510252183
339,0.0477,24,318,24,45698,559912,1669,106287,5.186483382118641,0.15954241900693336
340,0.0478,15,289,15,45987,559623,1684,106272,5.183806365556338,0.1595927285833352
341,0.0479,21,306,21,46293,559317,1705,106251,5.1809718774315465,0.15963958603779027
342,0.048,18,324,18,46617,558993,1723,106233,5.177970654711179,0.15969460003066627
343,0.0481,20,306,20,46923,558687,1743,106213,5.175136166586387,0.1597428184689427
344,0.0482,16,346,16,47269,558341,1759,106197,5.1719311571380935,0.1598057597910127
345,0.0483,13,340,13,47609,558001,1772,106184,5.168781725888325,0.15987112024511244
346,0.0484,18,273,18,47882,557728,1790,106166,5.166252917855423,0.1599140826698238
347,0.0485,23,336,23,48218,557392,1813,106143,5.163140538738005,0.15996594000316486
348,0.0486,14,323,14,48541,557069,1827,106129,5.160148579050724,0.16002611588092847
349,0.0487,19,359,19,48900,556710,1846,106110,5.1568231501722925,0.16008871186747534
350,0.0488,18,280,18,49180,556430,1864,106092,5.154229500907777,0.16013355028210383
351,0.0489,14,348,14,49528,556082,1878,106078,5.151005965393308,0.16019995167331158
352,0.049,17,343,17,49871,555739,1895,106061,5.1478287450442775,0.16026140828044727
353,0.0491,20,333,20,50204,555406,1915,106041,5.144744155026122,0.1603166995995144
354,0.0492,21,293,21,50497,555113,1936,106020,5.142030086331468,0.16036107712063988
355,0.0493,9,321,9,50818,554792,1945,106011,5.139056652710363,0.1604275404318685
356,0.0494,16,289,16,51107,554503,1961,105995,5.13637963614806,0.16047739735775127
357,0.0495,11,305,11,51412,554198,1972,105984,5.133554411056356,0.16053754873656054
358,0.0496,19,298,19,51710,553900,1991,105965,5.1307940271962655,0.1605858774143196
359,0.0497,19,315,19,52025,553585,2010,105946,5.127876171773686,0.1606383930399026
360,0.0498,9,315,9,52340,553270,2019,105937,5.124958316351106,0.16070369398383208
361,0.0499,19,344,19,52684,552926,2038,105918,5.121771832968987,0.16076339770871406
362,0.05,21,297,21,52981,552629,2059,105897,5.1190207121419835,0.16080914041359035
363,0.0501,16,345,16,53326,552284,2075,105881,5.115824965726778,0.16087303335789657
364,0.0502,11,320,11,53646,551964,2086,105870,5.112860795138761,0.16093725772763343
365,0.0503,17,360,17,54006,551604,2103,105853,5.109526103227241,0.1610036854121258
366,0.0504,19,324,19,54330,551280,2122,105834,5.106524880506873,0.1610588117130361
367,0.0505,20,338,20,54668,550942,2142,105814,5.1033939753232795,0.16111615272643112
368,0.0506,18,292,18,54960,550650,2160,105796,5.100689169661714,0.16116481782202954
369,0.0507,20,342,20,55302,550308,2180,105776,5.097521212345771,0.16122325799745155
370,0.0508,14,317,14,55619,549991,2194,105762,5.094584830857015,0.16128328806730582
371,0.0509,13,341,13,55960,549650,2207,105749,5.09142613657416,0.1613505666014138
372,0.051,24,329,24,56289,549321,2231,105725,5.0883785986883545,0.16140087871691453
373,0.0511,16,324,16,56613,548997,2247,105709,5.085377375967987,0.16146025849770737
374,0.0512,15,312,15,56925,548685,2262,105694,5.08248730964467,0.1615180193740936
375,0.0513,14,306,14,57231,548379,2276,105680,5.079652821519878,0.16157563767183084
376,0.0514,21,350,21,57581,548029,2297,105659,5.076410759939234,0.1616352143530247
377,0.0515,16,346,16,57927,547683,2313,105643,5.073205750490941,0.16170028439094725
378,0.0516,10,312,10,58239,547371,2323,105633,5.070315684167624,0.16176470588235295
379,0.0517,18,346,18,58585,547025,2341,105615,5.06711067471933,0.16182734738906596
380,0.0518,4,335,4,58920,546690,2345,105611,5.064007558635,0.16190531671728237
381,0.0519,23,332,23,59252,546358,2368,105588,5.0609322316499314,0.16195819899194105
382,0.052,15,335,15,59587,546023,2383,105573,5.0578291155656006,0.16202217324845455
383,0.0521,21,306,21,59893,545717,2404,105552,5.054994627440809,0.16207127930240806
384,0.0522,24,293,24,60186,545424,2428,105528,5.052280558746156,0.16211333554547802
385,0.0523,19,317,19,60503,545107,2447,105509,5.049344177257401,0.16216785323447316
386,0.0524,10,326,10,60829,544781,2457,105499,5.046324428470858,0.1622362674540198
387,0.0525,14,374,14,61203,544407,2471,105485,5.0428600540961135,0.16231158407858537
388,0.0526,18,343,18,61546,544064,2489,105467,5.039682833747082,0.16237408222240354
389,0.0527,15,329,15,61875,543735,2504,105452,5.036635295861277,0.16243701737711938
390,0.0528,16,322,16,62197,543413,2520,105436,5.033652599207084,0.16249697541338587
391,0.0529,14,357,14,62554,543056,2534,105422,5.030345696394828,0.16256835235736602
392,0.053,17,327,17,62881,542729,2551,105405,5.027316684575197,0.16262840708865758
393,0.0531,22,334,22,63215,542395,2573,105383,5.0242228315239545,0.1626838206916567
394,0.0532,17,311,17,63526,542084,2590,105366,5.021342028233724,0.16273997992122943
395,0.0533,18,328,18,63854,541756,2608,105348,5.018303753381007,0.16279917911185837
396,0.0534,26,297,26,64151,541459,2634,105322,5.015552632554003,0.1628402813317027
397,0.0535,18,299,18,64450,541160,2652,105304,5.012782985660825,0.16289228789228788
398,0.0536,21,343,21,64793,540817,2673,105283,5.009605765311794,0.16295155548676676
399,0.0537,16,341,16,65134,540476,2689,105267,5.006447071028938,0.16301686584291275
400,0.0538,19,313,19,65447,540163,2708,105248,5.003547741672533,0.1630712832598143
401,0.0539,20,335,20,65782,539828,2728,105228,5.0004446255882025,0.1631300228197242
402,0.054,20,283,20,66065,539545,2748,105208,4.997823187224425,0.16317566572005093
403,0.0541,17,318,17,66383,539227,2765,105191,4.994877542702582,0.16323411202045876
404,0.0542,25,315,25,66698,538912,2790,105166,4.991959687280003,0.16328146590940848
405,0.0543,27,340,27,67038,538572,2817,105139,4.988810256030234,0.16333261354862663
406,0.0544,29,317,29,67355,538255,2846,105110,4.98587387454148,0.16337537789590667
407,0.0545,18,325,18,67680,537930,2864,105092,4.982863388788025,0.1634345325665374
408,0.0546,20,331,20,68011,537599,2884,105072,4.979797324836044,0.163492673545251
409,0.0547,13,341,13,68352,537258,2897,105059,4.976638630553189,0.16356253999193546
410,0.0548,16,337,16,68689,536921,2913,105043,4.973516988402682,0.16362755543924581
411,0.0549,22,330,22,69019,536591,2935,105021,4.9704601874837895,0.16368303585344413
412,0.055,18,355,18,69374,536236,2953,105003,4.967171810737708,0.16375017739095718
413,0.0551,20,308,20,69682,535928,2973,104983,4.964318796546741,0.16380277448818947
414,0.0552,18,312,18,69994,535616,2991,104965,4.961428730223425,0.16385905919782198
415,0.0553,28,330,28,70324,535286,3019,104937,4.958371929304532,0.16390695117170112
416,0.0554,23,315,23,70639,534971,3042,104914,4.955454073881952,0.16395758612875752
417,0.0555,16,333,16,70972,534638,3058,104898,4.952369483863796,0.1640220409797103
418,0.0556,16,291,16,71263,534347,3074,104882,4.949673941235318,0.16407578504729917
419,0.0557,23,343,23,71606,534004,3097,104859,4.946496720886287,0.16413378142105584
420,0.0558,27,352,27,71958,533652,3124,104832,4.943236133239468,0.16418892251019604
421,0.0559,12,327,12,72285,533325,3136,104820,4.940207121419838,0.16425733963284206
422,0.056,20,331,20,72616,532994,3156,104800,4.937141057467858,0.16431637801547208
423,0.0561,22,362,22,72978,532632,3178,104778,4.933787839490162,0.1643808537675907
424,0.0562,26,331,26,73309,532301,3204,104752,4.930721775538182,0.16443215870579056
425,0.0563,16,344,16,73653,531957,3220,104736,4.927535292156064,0.1645000023559235
426,0.0564,20,338,20,73991,531619,3240,104716,4.92440438697247,0.1645611195360934
427,0.0565,28,374,28,74365,531245,3268,104688,4.920940012597725,0.16462111574647015
428,0.0566,20,346,20,74711,530899,3288,104668,4.917735003149431,0.16468444711572502
429,0.0567,18,318,18,75029,530581,3306,104650,4.914789358627589,0.16474321939577885
430,0.0568,25,363,25,75392,530218,3331,104625,4.911426877616806,0.16480452647347454
431,0.0569,16,328,16,75720,529890,3347,104609,4.908388602764089,0.16486866015549276
432,0.057,13,370,13,76090,529520,3360,104596,4.904961280521694,0.16494773826870793
433,0.0571,17,346,17,76436,529174,3377,104579,4.9017562710734,0.1650153924320674
434,0.0572,20,351,20,76787,528823,3397,104559,4.898504946459669,0.16508047276367185
435,0.0573,18,319,18,77106,528504,3415,104541,4.895550038904739,0.1651399189631069
436,0.0574,16,363,16,77469,528141,3431,104525,4.892187557893957,0.165213556600165
437,0.0575,20,305,20,77774,527836,3451,104505,4.889362332802253,0.16526684178315182
438,0.0576,18,350,18,78124,527486,3469,104487,4.886120271221609,0.16533459499060876
439,0.0577,16,345,16,78469,527141,3485,104471,4.882924524806403,0.1654037605365319
440,0.0578,15,342,15,78811,526799,3500,104456,4.8797565674904595,0.1654735408036372
441,0.0579,21,312,21,79123,526487,3521,104435,4.876866501167142,0.16552759295126815
442,0.058,15,361,15,79484,526126,3536,104420,4.873522546222535,0.16560250957107014
443,0.0581,17,354,17,79838,525772,3553,104403,4.8702434325095405,0.16567302733367714
444,0.0582,12,352,12,80190,525420,3565,104391,4.866982844862722,0.16574972491747525
445,0.0583,23,360,23,80550,525060,3588,104368,4.863648152951202,0.16581404068455805
446,0.0584,12,314,12,80864,524746,3600,104356,4.8607395605617105,0.16588089053921304
447,0.0585,16,346,16,81210,524400,3616,104340,4.8575345511134165,0.16595094951808378
448,0.0586,16,341,16,81551,524059,3632,104324,4.85437585683056,0.1660197681986941
449,0.0587,13,388,13,81939,523671,3645,104311,4.85078179999259,0.16610507944495223
450,0.0588,16,341,16,82280,523330,3661,104295,4.847623105709734,0.1661740689105756
451,0.0589,16,341,16,82621,522989,3677,104279,4.844464411426878,0.16624313690479986
452,0.059,17,349,17,82970,522640,3694,104262,4.841231612879321,0.16631307604697385
453,0.0591,17,318,17,83288,522322,3711,104245,4.838285968357479,0.16637486493862588
454,0.0592,24,341,24,83629,521981,3735,104221,4.835127274074623,0.16643351506382925
455,0.0593,21,369,21,83998,521612,3756,104200,4.831709214865316,0.16650367842099545
456,0.0594,16,327,16,84325,521285,3772,104184,4.8286802030456855,0.16656940631749934
457,0.0595,23,349,23,84674,520936,3795,104161,4.825447404498129,0.16663173875414536
458,0.0596,19,341,19,85015,520595,3814,104142,4.822288710215273,0.16669734624329918
459,0.0597,29,340,29,85355,520255,3843,104113,4.819139278965505,0.166749417010481
460,0.0598,23,374,23,85729,519881,3866,104090,4.815674904590759,0.16681865022573164
461,0.0599,14,343,14,86072,519538,3880,104076,4.812497684241728,0.16689169903177287
462,0.06,17,336,17,86408,519202,3897,104059,4.80938530512431,0.16695894657294455
463,0.0601,19,357,19,86765,518845,3916,104040,4.806078402312053,0.16702922690384261
464,0.0602,20,349,20,87114,518496,3936,104020,4.802845603764497,0.1670961067667337
465,0.0603,26,346,26,87460,518150,3962,103994,4.799640594316203,0.16715422796008642
466,0.0604,25,315,25,87775,517835,3987,103969,4.7967227388936235,0.16720542164411936
467,0.0605,23,345,23,88120,517490,4010,103946,4.793526992478417,0.16726742576870346
468,0.0606,24,344,24,88464,517146,4034,103922,4.790340509096298,0.16732789324196384
469,0.0607,25,386,25,88850,516760,4059,103897,4.786764978324503,0.16739841812788706
470,0.0608,23,364,23,89214,516396,4082,103874,4.7833932342806325,0.16746578103084142
471,0.0609,25,374,25,89588,516022,4107,103849,4.779928859905888,0.16753324482029325
472,0.061,16,372,16,89960,515650,4123,103833,4.776483011597318,0.16761234771575653
473,0.0611,20,326,20,90286,515324,4143,103813,4.7734632628107745,0.16767371357227884
474,0.0612,22,323,22,90609,515001,4165,103791,4.770471303123495,0.16773164488228678
475,0.0613,27,365,27,90974,514636,4192,103764,4.767090296046537,0.16779430789133248
476,0.0614,16,384,16,91358,514252,4208,103748,4.7635332913409165,0.16787702265372167
477,0.0615,16,304,16,91662,513948,4224,103732,4.760717329282301,0.16793809092086517
478,0.0616,24,360,24,92022,513588,4248,103708,4.757382637370781,0.16800368056815532
479,0.0617,13,341,13,92363,513247,4261,103695,4.754223943087925,0.16807900904785214
480,0.0618,22,342,22,92705,512905,4283,103673,4.751055985771981,0.16814255455108681
481,0.0619,21,366,21,93071,512539,4304,103652,4.747665715661936,0.16821407647953313
482,0.062,19,349,19,93420,512190,4323,103633,4.74443291711438,0.16828374386796205
483,0.0621,28,366,28,93786,511824,4351,103605,4.741042647004335,0.1683459830459728
484,0.0622,16,377,16,94163,511447,4367,103589,4.7375504835303275,0.16842753920095735
485,0.0623,25,367,25,94530,511080,4392,103564,4.734150950387194,0.16849428286943335
486,0.0624,22,307,22,94837,510773,4414,103542,4.731307199229316,0.16854870872435151
487,0.0625,35,375,35,95212,510398,4449,103507,4.727833561821483,0.168604262874549
488,0.0626,25,369,25,95581,510029,4474,103482,4.7244155026121755,0.1686717923558013
489,0.0627,28,366,28,95947,509663,4502,103454,4.7210252325021305,0.1687345155981648
490,0.0628,24,320,24,96267,509343,4526,103430,4.7180610619141135,0.16879007397519147
491,0.0629,23,371,23,96638,508972,4549,103407,4.7146244766386305,0.16886111378737678
492,0.063,27,395,27,97033,508577,4576,103380,4.710965578569047,0.16893343813372508
493,0.0631,28,376,28,97409,508201,4604,103352,4.707482678128127,0.16899925272216798
494,0.0632,31,367,31,97776,507834,4635,103321,4.704083144984994,0.1690585857924749
495,0.0633,19,352,19,98128,507482,4654,103302,4.700822557338175,0.16913016712945983
496,0.0634,21,372,21,98500,507110,4675,103281,4.697376709029605,0.1692046573425886
497,0.0635,37,379,37,98879,506731,4712,103244,4.6938660194894215,0.1692593958768802
498,0.0636,26,331,26,99210,506400,4738,103218,4.690799955537441,0.16931586665748058
499,0.0637,30,398,30,99608,506002,4768,103188,4.687113268368595,0.1693855775702162
500,0.0638,28,377,28,99985,505625,4796,103160,4.683621104894587,0.16945226968469984
501,0.0639,14,386,14,100371,505239,4810,103146,4.680045574122791,0.16954066914864765
502,0.064,26,384,26,100755,504855,4836,103120,4.67648856941717,0.16961223734528558
503,0.0641,26,340,26,101095,504515,4862,103094,4.673339138167401,0.16967161447575663
504,0.0642,21,358,21,101453,504157,4883,103073,4.670022972322057,0.16974293101460733
505,0.0643,21,369,21,101822,503788,4904,103052,4.666604913112749,0.16981741480456133
506,0.0644,20,338,20,102160,503450,4924,103032,4.663474007929156,0.16988467918256436
507,0.0645,29,367,29,102527,503083,4953,103003,4.660074474786024,0.1699478291859571
508,0.0646,34,352,34,102879,502731,4987,102969,4.656813887139205,0.17
509,0.0647,22,345,22,103224,502386,5009,102947,4.6536181407239985,0.170066723605024
510,0.0648,21,377,21,103601,502009,5030,102926,4.65012597724999,0.17014389975782523
511,0.0649,30,370,30,103971,501639,5060,102896,4.6466986550075955,0.17020685320122078
512,0.065,25,383,25,104354,501256,5085,102871,4.643150913335062,0.17028042116972095
513,0.0651,20,378,20,104732,500878,5105,102851,4.639649486827967,0.1703595487379271
514,0.0652,27,349,27,105081,500529,5132,102824,4.636416688280411,0.17042096417851574
515,0.0653,20,364,20,105445,500165,5152,102804,4.6330449442365405,0.17049632734021153
516,0.0654,24,318,24,105763,499847,5176,102780,4.630099299714699,0.17055326097237594
517,0.0655,27,341,27,106104,499506,5203,102753,4.626940605431843,0.170612643397608
518,0.0656,22,424,22,106528,499082,5225,102731,4.623013079402719,0.17070252719698645
519,0.0657,31,380,31,106908,498702,5256,102700,4.6194931268294495,0.17076763961543195
520,0.0658,23,375,23,107283,498327,5279,102677,4.616019489421616,0.17084245695536135
521,0.0659,12,348,12,107631,497979,5291,102665,4.612795953907147,0.17092487396860703
522,0.066,19,348,19,107979,497631,5310,102646,4.609572418392679,0.17099772271801186
523,0.0661,15,363,15,108342,497268,5325,102631,4.606209937381896,0.17108046521164397
524,0.0662,24,370,24,108712,496898,5349,102607,4.6027826151395015,0.17115286778258731
525,0.0663,27,352,27,109064,496546,5376,102580,4.599522027492682,0.17121607141068823
526,0.0664,23,375,23,109439,496171,5399,102557,4.5960483900848494,0.1712914712523884
527,0.0665,33,342,33,109781,495829,5432,102524,4.592880432768906,0.1713436717121833
528,0.0666,22,375,22,110156,495454,5454,102502,4.589406795361073,0.17142063964572643
529,0.0667,30,350,30,110506,495104,5484,102472,4.586164733780429,0.17147944361888698
530,0.0668,25,370,25,110876,494734,5509,102447,4.582737411538034,0.17155100379951807
531,0.0669,23,334,23,111210,494400,5532,102424,4.579643558486791,0.1716150825033846
532,0.067,31,389,31,111599,494011,5563,102393,4.576040238615732,0.17168395919544469
533,0.0671,27,364,27,111963,493647,5590,102366,4.572668494571863,0.171751287304136
534,0.0672,18,351,18,112314,493296,5608,102348,4.569417169958131,0.17182746741342145
535,0.0673,28,342,28,112656,492954,5636,102320,4.566249212642187,0.1718872317621801
536,0.0674,29,369,29,113025,492585,5665,102291,4.56283115343288,0.17195348274262198
537,0.0675,28,361,28,113386,492224,5693,102263,4.559487198488273,0.1720189003291914
538,0.0676,21,337,21,113723,491887,5714,102242,4.556365556337767,0.17208720665040758
539,0.0677,31,431,31,114154,491456,5745,102211,4.552373189077032,0.17216890950650784
540,0.0678,29,364,29,114518,491092,5774,102182,4.549001445033162,0.17223407734031831
541,0.0679,25,338,25,114856,490754,5799,102157,4.5458705398495685,0.17229735997476855
542,0.068,22,379,22,115235,490375,5821,102135,4.542359850309385,0.17237683752172958
543,0.0681,28,338,28,115573,490037,5849,102107,4.539228945125792,0.17243609662514522
544,0.0682,23,338,23,115911,489699,5872,102084,4.536098039942199,0.1725024206508129
545,0.0683,30,368,30,116279,489331,5902,102054,4.5326892437659785,0.1725677857909822
546,0.0684,29,368,29,116647,488963,5931,102025,4.529280447589759,0.17263463894359954
547,0.0685,30,384,30,117031,488579,5961,101995,4.525723442884138,0.17270486001754226
548,0.0686,26,351,26,117382,488228,5987,101969,4.522472118270406,0.17277112557332552
549,0.0687,27,346,27,117728,487882,6014,101942,4.519267108822112,0.17283460828993055
550,0.0688,23,335,23,118063,487547,6037,101919,4.516163992737782,0.17290055745369537
551,0.0689,25,354,25,118417,487193,6062,101894,4.512884879024788,0.1729693576670339
552,0.069,17,360,17,118777,486833,6079,101877,4.509550187113268,0.17305124764315197
553,0.0691,32,328,32,119105,486505,6111,101845,4.50651191226055,0.17310274496473188
554,0.0692,30,383,30,119488,486122,6141,101815,4.502964170588017,0.17317331618863926
555,0.0693,24,350,24,119838,485772,6165,101791,4.499722109007373,0.1732426990807794
556,0.0694,18,344,18,120182,485428,6183,101773,4.496535625625254,0.17331884652784993
557,0.0695,29,357,29,120539,485071,6212,101744,4.493228722812998,0.17338343430212247
558,0.0696,30,398,30,120937,484673,6242,101714,4.489542035644151,0.17345882497395065
559,0.0697,31,385,31,121322,484288,6273,101683,4.485975767905443,0.17352906543156574
560,0.0698,24,384,24,121706,483904,6297,101659,4.4824187631998225,0.17360898827282462
561,0.0699,18,332,18,122038,483572,6315,101641,4.479343436214754,0.17368206106152803
562,0.07,19,350,19,122388,483222,6334,101622,4.47610137463411,0.1737591562878306
563,0.0701,20,339,20,122727,482883,6354,101602,4.47296120641743,0.17383166377238082
564,0.0702,29,387,29,123114,482496,6383,101573,4.4693764126125455,0.17390582277093974
565,0.0703,33,351,33,123465,482145,6416,101540,4.466125087998814,0.17396369617173646
566,0.0704,36,362,36,123827,481783,6452,101504,4.46277187002112,0.17402067935681748
567,0.0705,34,352,34,124179,481431,6486,101470,4.459511282374301,0.17407758778935017
568,0.0706,26,345,26,124524,481086,6512,101444,4.456315535959094,0.1741438209190943
569,0.0707,29,339,29,124863,480747,6541,101415,4.453175367742413,0.17420408752202995
570,0.0708,24,364,24,125227,480383,6565,101391,4.449803623698544,0.1742790155627443
571,0.0709,25,408,25,125635,479975,6590,101366,4.446024306198821,0.17436581971682713
572,0.071,25,373,25,126008,479602,6615,101341,4.442569194857164,0.174442243042777
573,0.0711,18,353,18,126361,479249,6633,101323,4.4392993441772575,0.1745227120839448
574,0.0712,28,376,28,126737,478873,6661,101295,4.435816443736337,0.1745959790957102
575,0.0713,31,363,31,127100,478510,6692,101264,4.432453962725555,0.1746611610731078
576,0.0714,21,390,21,127490,478120,6713,101243,4.428841379821408,0.17474881896151462
577,0.0715,29,368,29,127858,477752,6742,101214,4.425432583645189,0.174818555839203
578,0.0716,33,354,33,128212,477398,6775,101181,4.422153469932194,0.17487845220790937
579,0.0717,30,379,30,128591,477019,6805,101151,4.418642780392012,0.17495027414082362
580,0.0718,29,351,29,128942,476668,6834,101122,4.41539145577828,0.17501514391041728
581,0.0719,30,353,30,129295,476315,6864,101092,4.412121605098373,0.17507927683592336
582,0.072,29,366,29,129661,475949,6893,101063,4.408731334988328,0.17514887038744428
583,0.0721,35,392,35,130053,475557,6928,101028,4.405100226018007,0.17521787767631833
584,0.0722,27,379,27,130432,475178,6955,101001,4.401589536477824,0.1752944831380526
585,0.0723,25,345,25,130777,474833,6980,100976,4.398393790062618,0.1753637056732354
586,0.0724,29,371,29,131148,474462,7009,100947,4.3949572047871355,0.17543521217082111
587,0.0725,33,356,33,131504,474106,7042,100914,4.391659565007966,0.17549650446940976
588,0.0726,23,406,23,131910,473700,7065,100891,4.3878987735744195,0.17558750485127683
589,0.0727,30,385,30,132295,473315,7095,100861,4.384332505835711,0.1756621663044084
590,0.0728,30,345,30,132640,472970,7125,100831,4.381136759420505,0.1757246850388898
591,0.0729,28,407,28,133047,472563,7153,100803,4.37736670495387,0.17580916901246324
592,0.073,35,354,35,133401,472209,7188,100768,4.374087591240876,0.1758674431958002
593,0.0731,29,366,29,133767,471843,7217,100739,4.370697321130831,0.17593811890698624
594,0.0732,32,339,32,134106,471504,7249,100707,4.36755715291415,0.1759962671112579
595,0.0733,22,387,22,134493,471117,7271,100685,4.363972359109267,0.1760836793155673
596,0.0734,39,397,39,134890,470720,7310,100646,4.360294934973508,0.17614978840183
597,0.0735,32,353,32,135243,470367,7342,100614,4.357025084293601,0.17621251845507993
598,0.0736,37,333,37,135576,470034,7379,100577,4.353940494275445,0.176261936766028
599,0.0737,24,376,24,135952,469658,7403,100553,4.350457593834525,0.17634349389962664
600,0.0738,29,376,29,136328,469282,7432,100524,4.346974693393605,0.17641793873704384
601,0.0739,32,383,32,136711,468899,7464,100492,4.343426951721072,0.17649032035982304
602,0.074,26,331,26,137042,468568,7490,100466,4.340360887769091,0.17655535521603277
603,0.0741,31,379,31,137421,468189,7521,100435,4.336850198228908,0.17662814091561382
604,0.0742,16,386,16,137807,467803,7537,100419,4.333274667457112,0.1767249420121009
605,0.0743,34,356,34,138163,467447,7571,100385,4.329977027677943,0.17678644387776665
606,0.0744,24,353,24,138516,467094,7595,100361,4.3267071769980365,0.1768616013604603
607,0.0745,31,337,31,138853,466757,7626,100330,4.32358553484753,0.17692170689858874
608,0.0746,34,391,34,139244,466366,7660,100296,4.319963688910296,0.1769943987774017
609,0.0747,30,378,30,139622,465988,7690,100266,4.316462262403201,0.17706894785732197
610,0.0748,34,349,34,139971,465639,7724,100232,4.313229463855645,0.1771287095468755
611,0.0749,25,330,25,140301,465309,7749,100207,4.310172662936752,0.177195693844206
612,0.075,35,334,35,140635,464975,7784,100172,4.307078809885509,0.1772494589903158
613,0.0751,29,379,29,141014,464596,7813,100143,4.303568120345326,0.17732616305939558
614,0.0752,26,348,26,141362,464248,7839,100117,4.300344584830857,0.1773976061591346
615,0.0753,31,347,31,141709,463901,7870,100086,4.297130312349475,0.17746153723401425
616,0.0754,28,396,28,142105,463505,7898,100058,4.293462151246804,0.17754536759865355
617,0.0755,28,340,28,142445,463165,7926,100030,4.2903127199970355,0.17761166203535186
618,0.0756,27,360,27,142805,462805,7953,100003,4.2869780280855165,0.1776858182541826
619,0.0757,24,376,24,143181,462429,7977,99979,4.283495127644596,0.1777695196369895
620,0.0758,23,357,23,143538,462072,8000,99956,4.280188224832339,0.17784879045172128
621,0.0759,26,381,26,143919,461691,8026,99930,4.276659009225981,0.17793138077101817
622,0.076,25,373,25,144292,461318,8051,99905,4.273203897884323,0.17801301799819322
623,0.0761,43,358,43,144650,460960,8094,99862,4.2698877320389785,0.1780636280317106
624,0.0762,36,398,36,145048,460562,8130,99826,4.266201044870132,0.17813729059151873
625,0.0763,22,356,22,145404,460206,8152,99804,4.262903405090963,0.17821824610274817
626,0.0764,28,401,28,145805,459805,8180,99776,4.259188928822854,0.17830483879903
627,0.0765,33,387,33,146192,459418,8213,99743,4.25560413501797,0.17837975109136725
628,0.0766,30,423,30,146615,458995,8243,99713,4.251685872021935,0.17847068593970375
629,0.0767,41,358,41,146973,458637,8284,99672,4.24836970617659,0.17852479540899394
630,0.0768,29,360,29,147333,458277,8313,99643,4.245035014265071,0.17859728993404073
631,0.0769,29,366,29,147699,457911,8342,99614,4.2416447441550265,0.17867180843908345
632,0.077,27,367,27,148066,457544,8369,99587,4.238245211011893,0.17874970159621345
633,0.0771,39,366,39,148432,457178,8408,99548,4.234854940901849,0.1788096837582581
634,0.0772,33,312,33,148744,456866,8441,99515,4.231964874578532,0.17886124795778433
635,0.0773,24,344,24,149088,456522,8465,99491,4.228778391196413,0.17893646371577643
636,0.0774,23,335,23,149423,456187,8488,99468,4.225675275112082,0.17901035714607086
637,0.0775,38,375,38,149798,455812,8526,99430,4.2222016377042495,0.17907506996949077
638,0.0776,32,341,32,150139,455471,8558,99398,4.219042943421394,0.17913777846662907
639,0.0777,26,363,26,150502,455108,8584,99372,4.215680462410612,0.1792165632664839
640,0.0778,29,367,29,150869,454741,8613,99343,4.21228092926748,0.17929230946932234
641,0.0779,24,394,24,151263,454347,8637,99319,4.208631294230983,0.1793843219558362
642,0.078,30,356,30,151619,453991,8667,99289,4.205333654451814,0.17945524869866974
643,0.0781,29,389,29,152008,453602,8696,99260,4.2017303345807555,0.17953847433898515
644,0.0782,29,407,29,152415,453195,8725,99231,4.1979602801141205,0.17962767863931098
645,0.0783,32,416,32,152831,452779,8757,99199,4.194106858349698,0.1797154959074456
646,0.0784,40,384,40,153215,452395,8797,99159,4.190549853644077,0.17978112750519443
647,0.0785,25,355,25,153570,452040,8822,99134,4.187261476897995,0.17985971762093278
648,0.0786,32,380,32,153950,451660,8854,99102,4.1837415243247245,0.17993616117306568
649,0.0787,27,343,27,154293,451317,8881,99075,4.180564303975694,0.1800080669777177
650,0.0788,24,348,24,154641,450969,8905,99051,4.177340768461225,0.18008617868441149
651,0.0789,41,425,41,155066,450544,8946,99010,4.173403979399015,0.1801642786696121
652,0.079,30,376,30,155442,450168,8976,98980,4.169921078958094,0.18024284892233058
653,0.0791,24,356,24,155798,449812,9000,98956,4.166623439178925,0.18032392559332905
654,0.0792,32,383,32,156181,449429,9032,98924,4.163075697506391,0.180402040291564
655,0.0793,31,375,31,156556,449054,9063,98893,4.159602060098559,0.18047913393083637
656,0.0794,27,370,27,156926,448684,9090,98866,4.156174737856164,0.18056067939001005
657,0.0795,29,353,29,157279,448331,9119,98837,4.152904887176257,0.18063373589098777
658,0.0796,35,374,35,157653,447957,9154,98802,4.149440512801512,0.18070484436470183
659,0.0797,26,352,26,158005,447605,9180,98776,4.1461799251546925,0.18078227463985755
660,0.0798,36,374,36,158379,447231,9216,98740,4.142715550779948,0.18085209653992612
661,0.0799,26,369,26,158748,446862,9242,98714,4.13929749157064,0.1809353783890787
662,0.08,25,342,25,159090,446520,9267,98689,4.136129534254696,0.1810113185952543
663,0.0801,31,389,31,159479,446131,9298,98658,4.132526214383637,0.18109396481940715
664,0.0802,28,392,28,159871,445739,9326,98630,4.128895105413316,0.18118224954029344
665,0.0803,27,392,27,160263,445347,9353,98603,4.125263996442995,0.18127217575144774
666,0.0804,27,402,27,160665,444945,9380,98576,4.121540257141799,0.1813655774109924
667,0.0805,32,381,32,161046,444564,9412,98544,4.11801104153544,0.18144457455975607
668,0.0806,24,377,24,161423,444187,9436,98520,4.114518878061433,0.18153441912486848
669,0.0807,28,387,28,161810,443800,9464,98492,4.110934084256549,0.18162170933740493
670,0.0808,29,349,29,162159,443451,9493,98463,4.107701285708993,0.1816948814756585
671,0.0809,36,404,36,162563,443047,9529,98427,4.1039590203416205,0.18177604095487504
672,0.081,28,357,28,162920,442690,9557,98399,4.100652117529364,0.181853632212076
673,0.0811,44,323,44,163243,442367,9601,98355,4.097660157842084,0.18189568761766675
674,0.0812,27,389,27,163632,441978,9628,98328,4.094056837971025,0.18198576362283594
675,0.0813,28,387,28,164019,441591,9656,98300,4.090472044166142,0.182073788968514
676,0.0814,29,407,29,164426,441184,9685,98271,4.086701989699507,0.18216718725380246
677,0.0815,30,407,30,164833,440777,9715,98241,4.082931935232873,0.1822592195436887
678,0.0816,28,363,28,165196,440414,9743,98213,4.07956945422209,0.1823395410924443
679,0.0817,26,371,26,165567,440043,9769,98187,4.076132868946608,0.1824257287776601
680,0.0818,24,399,24,165966,439644,9793,98163,4.072436918744674,0.18252458595741594
681,0.0819,32,386,32,166352,439258,9825,98131,4.068861387972878,0.18260701279706135
682,0.082,45,420,45,166772,438838,9870,98086,4.064970914076105,0.18268134782576306
683,0.0821,43,379,43,167151,438459,9913,98043,4.061460224535922,0.18274489191093415
684,0.0822,48,314,48,167465,438145,9961,97995,4.05855163214643,0.18277875181855485
685,0.0823,33,352,33,167817,437793,9994,97962,4.055291044499611,0.18284850351373297
686,0.0824,20,352,20,168169,437441,10014,97942,4.052030456852792,0.18293819564685468
687,0.0825,33,374,33,168543,437067,10047,97909,4.048566082478047,0.18301568668501017
688,0.0826,24,354,24,168897,436713,10071,97885,4.045286968765052,0.18310019865394184
689,0.0827,29,373,29,169270,436340,10100,97856,4.041831857423395,0.18318370036466017
690,0.0828,25,361,25,169631,435979,10125,97831,4.038487902478788,0.18326932803806598
691,0.0829,28,392,28,170023,435587,10153,97803,4.0348567935084665,0.18336114287856914
692,0.083,29,332,29,170355,435255,10182,97774,4.031781466523398,0.18343092026887842
693,0.0831,30,349,30,170704,434906,10212,97744,4.028548667975842,0.18350511592978505
694,0.0832,32,324,32,171028,434582,10244,97712,4.025547445255475,0.1835677276091784
695,0.0833,43,377,43,171405,434205,10287,97669,4.0220552817814665,0.1836318376156759
696,0.0834,30,364,30,171769,433841,10317,97639,4.018683537737597,0.18371152254082937
697,0.0835,35,378,35,172147,433463,10352,97604,4.0151821112305015,0.1837884861985399
698,0.0836,37,377,37,172524,433086,10389,97567,4.011689947756493,0.1838621472035398
699,0.0837,28,369,28,172893,432717,10417,97539,4.008271888547186,0.18394699918529916
700,0.0838,42,381,42,173274,432336,10459,97497,4.004742672940828,0.1840145857279558
701,0.0839,36,368,36,173642,431968,10495,97461,4.001333876764607,0.18408700694521835
702,0.084,33,433,33,174075,431535,10528,97428,3.9973229834376967,0.1841867956737995
703,0.0841,41,364,41,174439,431171,10569,97387,3.993951239393827,0.18425035663068196
704,0.0842,47,382,47,174821,430789,10616,97340,3.9904127607543813,0.1843110300703048
705,0.0843,25,357,25,175178,430432,10641,97315,3.9871058579421246,0.18439706905013198
706,0.0844,35,359,35,175537,430073,10676,97280,3.9837804290636925,0.18446846799013183
707,0.0845,38,435,38,175972,429638,10714,97242,3.9797510096706064,0.18456194959003946
708,0.0846,33,396,33,176368,429242,10747,97209,3.976082848567935,0.1846496635014465
709,0.0847,29,366,29,176734,428876,10776,97180,3.9726925784578904,0.18473318429977037
710,0.0848,22,399,22,177133,428477,10798,97158,3.9689966282559563,0.18483928962112492
711,0.0849,44,397,44,177530,428080,10842,97114,3.9653192041201972,0.18491071870584966
712,0.085,34,348,34,177878,427732,10876,97080,3.9620956686057283,0.18498052635991555
713,0.0851,22,340,22,178218,427392,10898,97058,3.95894623735596,0.1850662598913147
714,0.0852,36,365,36,178583,427027,10934,97022,3.9555652302790025,0.18513917591675588
715,0.0853,36,364,36,178947,426663,10970,96986,3.952193486235133,0.18521184992237166
716,0.0854,34,353,34,179300,426310,11004,96952,3.9489236355552264,0.18528385397754854
717,0.0855,30,383,30,179683,425927,11034,96922,3.945375893882693,0.18537283230913706
718,0.0856,34,356,34,180039,425571,11068,96888,3.9420782541035235,0.18544613070116506
719,0.0857,39,405,39,180444,425166,11107,96849,3.9383267257030643,0.18552915146116492
720,0.0858,42,382,42,180826,424784,11149,96807,3.9347882470636186,0.1855994447756959
721,0.0859,36,346,36,181172,424438,11185,96771,3.9315832376153246,0.18566640253717798
722,0.086,30,339,30,181511,424099,11215,96741,3.928443069398644,0.1857403425236157
723,0.0861,31,352,31,181863,423747,11246,96710,3.9251824817518246,0.18581746426698076
724,0.0862,29,365,29,182228,423382,11275,96681,3.9218014746748677,0.1859024771998777
725,0.0863,34,355,34,182583,423027,11309,96647,3.918513097928786,0.18597620816127033
726,0.0864,34,382,34,182965,422645,11343,96613,3.91497461928934,0.18605972368263946
727,0.0865,32,322,32,183287,422323,11375,96581,3.911991922635148,0.18612498651002882
728,0.0866,41,386,41,183673,421937,11416,96540,3.908416391863352,0.1861991949498242
729,0.0867,54,383,54,184056,421554,11470,96486,3.9048686501908185,0.18625202687051193
730,0.0868,31,402,31,184458,421152,11501,96455,3.901144910889622,0.18634794351699263
731,0.0869,43,413,43,184871,420739,11544,96412,3.8973192782244617,0.18642910871292911
732,0.087,37,396,37,185267,420343,11581,96375,3.8936511171217902,0.1865137270232506
733,0.0871,34,355,34,185622,419988,11615,96341,3.890362740375709,0.18658839615826342
734,0.0872,37,344,37,185966,419644,11652,96304,3.88717625699359,0.18665446905502106
735,0.0873,37,373,37,186339,419271,11689,96267,3.8837211456519323,0.18673114300012802
736,0.0874,39,410,39,186749,418861,11728,96228,3.879923302086035,0.18681820034984245
737,0.0875,37,337,37,187086,418524,11765,96191,3.8768016599355293,0.18688206094634896
738,0.0876,46,373,46,187459,418151,11811,96145,3.8733465485938714,0.18694487221366685
739,0.0877,38,381,38,187840,417770,11849,96107,3.8698173329875134,0.1870233538375915
740,0.0878,30,366,30,188206,417404,11879,96077,3.8664270628774684,0.18710916275383122
741,0.0879,41,403,41,188609,417001,11920,96036,3.862694060543184,0.18719117724452622
742,0.088,27,363,27,188972,416638,11947,96009,3.859331579532402,0.18728091649809714
743,0.0881,34,357,34,189329,416281,11981,95975,3.8560246767201454,0.18735749312843578
744,0.0882,37,352,37,189681,415929,12018,95938,3.852764089073326,0.18742759349596672
745,0.0883,28,349,28,190030,415580,12046,95910,3.84953129052577,0.18751099728244933
746,0.0884,22,392,22,190422,415188,12068,95888,3.8459001815554483,0.18761984518936517
747,0.0885,31,393,31,190815,414795,12099,95857,3.84225980955204,0.187714921316278
748,0.0886,29,397,29,191212,414398,12128,95828,3.838582385416281,0.187814811475699
749,0.0887,33,387,33,191599,414011,12161,95795,3.834997591611397,0.1879048108496173
750,0.0888,31,370,31,191969,413641,12192,95764,3.8315702693690024,0.18799187287129102
751,0.0889,32,364,32,192333,413277,12224,95732,3.8281985253251323,0.1880752599659338
752,0.089,32,394,32,192727,412883,12256,95700,3.824548890288636,0.18816987591012677
753,0.0891,39,405,39,193132,412478,12295,95661,3.8207973618881765,0.1882575437035929
754,0.0892,31,377,31,193509,412101,12326,95630,3.817305198414169,0.18834776682928558
755,0.0893,29,376,29,193885,411725,12355,95601,3.8138222979732483,0.1884409630099778
756,0.0894,30,332,30,194217,411393,12385,95571,3.8107469709881805,0.18851634435581224
757,0.0895,43,397,43,194614,410996,12428,95528,3.8070695468524214,0.18859520970378502
758,0.0896,34,370,34,194984,410626,12462,95494,3.803642224610026,0.18867857425116574
759,0.0897,40,412,40,195396,410214,12502,95454,3.799825854977954,0.18876812454021216
760,0.0898,31,346,31,195742,409868,12533,95423,3.7966208455296604,0.18884761454290697
761,0.0899,34,366,34,196108,409502,12567,95389,3.7932305754196154,0.18892988783717674
762,0.09,35,406,35,196514,409096,12602,95354,3.7894697839860685,0.18902567152344138
763,0.0901,23,357,23,196871,408739,12625,95331,3.7861628811738117,0.1891225425040173
764,0.0902,43,388,43,197259,408351,12668,95288,3.7825688243358404,0.18919900960807245
765,0.0903,43,369,43,197628,407982,12711,95245,3.7791507651265333,0.18926846135044423
766,0.0904,37,389,37,198017,407593,12748,95208,3.7755474452554743,0.18935523199038984
767,0.0905,35,360,35,198377,407233,12783,95173,3.772212753343955,0.18943444146765764
768,0.0906,32,377,32,198754,406856,12815,95141,3.768720589869947,0.18952503700221315
769,0.0907,31,398,31,199152,406458,12846,95110,3.7650339027011004,0.18962533494959807
770,0.0908,38,362,38,199514,406096,12884,95072,3.7616806847234057,0.18970085879385754
771,0.0909,39,376,39,199890,405720,12923,95033,3.7581977842824856,0.18978019103230534
772,0.091,39,413,39,200303,405307,12962,94994,3.7543721516173254,0.18987369603498694
773,0.0911,40,388,40,200691,404919,13002,94954,3.7507780947793545,0.18995624888721735
774,0.0912,36,363,36,201054,404556,13038,94918,3.7474156137685726,0.19003591778551035
775,0.0913,35,363,35,201417,404193,13073,94883,3.74405313275779,0.1901173368384775
776,0.0914,37,380,37,201797,403813,13110,94846,3.7405331801845194,0.19020212209144927
777,0.0915,39,366,39,202163,403447,13149,94807,3.737142910074475,0.19027845235562585
778,0.0916,34,354,34,202517,403093,13183,94773,3.7338637963614807,0.19035844986401965
779,0.0917,28,346,28,202863,402747,13211,94745,3.7306587869131866,0.19044527349183504
780,0.0918,33,367,33,203230,402380,13244,94712,3.7272592537700544,0.19053213489655837
781,0.0919,45,353,45,203583,402027,13289,94667,3.723989403090148,0.19059420890930834
782,0.092,27,377,27,203960,401650,13316,94640,3.7204972396161398,0.19069495657780733
783,0.0921,41,390,41,204350,401260,13357,94599,3.716884656711994,0.19077802359138385
784,0.0922,37,398,37,204748,400862,13394,94562,3.713197969543147,0.19087085001937734
785,0.0923,29,371,29,205119,400491,13423,94533,3.7097613842676647,0.19096649859400755
786,0.0924,31,364,31,205483,400127,13454,94502,3.706389640223795,0.19105632706533585
787,0.0925,45,387,45,205870,399740,13499,94457,3.7028048464189114,0.19113228125626017
788,0.0926,40,342,40,206212,399398,13539,94417,3.699636889102968,0.19119913327865698
789,0.0927,35,381,35,206593,399017,13574,94382,3.6961076734966096,0.19128940269437109
790,0.0928,33,400,33,206993,398617,13607,94349,3.692402460261588,0.19139048129079897
791,0.0929,37,385,37,207378,398232,13644,94312,3.6888361925228796,0.1914793399168399
792,0.093,33,374,33,207752,397858,13677,94279,3.6853718181481345,0.19157063988279685
793,0.0931,39,384,39,208136,397474,13716,94240,3.6818148134425135,0.19165612530861437
794,0.0932,26,390,26,208526,397084,13742,94214,3.6782022305383677,0.19176548652752504
795,0.0933,32,313,32,208839,396771,13774,94182,3.675302901181963,0.19183506364152983
796,0.0934,43,394,43,209233,396377,13817,94139,3.6716532661454666,0.1919183064364873
797,0.0935,33,356,33,209589,396021,13850,94106,3.6683556263662975,0.192003297104628
798,0.0936,45,340,45,209929,395681,13895,94061,3.665206195116529,0.19206235119716095
799,0.0937,31,394,31,210323,395287,13926,94030,3.6615565600800326,0.19216581479899533
800,0.0938,41,363,41,210686,394924,13967,93989,3.6581940790692506,0.19224074630864796
801,0.0939,37,375,37,211061,394549,14004,93952,3.6547204416614174,0.19232713955549732
802,0.094,55,366,55,211427,394183,14059,93897,3.651330171551373,0.19238034748401903
803,0.0941,44,367,44,211794,393816,14103,93853,3.6479306384082406,0.1924522575763479
804,0.0942,34,348,34,212142,393468,14137,93819,3.6447071028937716,0.19253335303424882
805,0.0943,36,393,36,212535,393075,14173,93783,3.641066730890363,0.19262906227277768
806,0.0944,30,361,30,212896,392714,14203,93753,3.6377227759457558,0.1927222195955738
807,0.0945,40,349,40,213245,392365,14243,93713,3.634489977398199,0.19279416060796828
808,0.0946,35,375,35,213620,391990,14278,93678,3.6310163399903663,0.19288485137995504
809,0.0947,29,417,29,214037,391573,14307,93649,3.6271536551928563,0.19300237829282266
810,0.0948,37,389,37,214426,391184,14344,93612,3.6235503353217977,0.19309565260439443
811,0.0949,48,360,48,214786,390824,14392,93564,3.6202156434102783,0.19315920295300462
812,0.095,37,406,37,215192,390418,14429,93527,3.6164548519767314,0.19325956461994648
813,0.0951,35,384,35,215576,390034,14464,93492,3.6128978472711104,0.19335464897440882
814,0.0952,51,370,51,215946,389664,14515,93441,3.6094705250287156,0.19341758002918621
815,0.0953,41,378,41,216324,389286,14556,93400,3.6059690985216197,0.19350053658071706
816,0.0954,39,379,39,216703,388907,14595,93361,3.602458408981437,0.1935873829488998
817,0.0955,42,399,42,217102,388508,14637,93319,3.5987624587795026,0.1936773987344005
818,0.0956,41,367,41,217469,388141,14678,93278,3.5953629256363704,0.19375637438489132
819,0.0957,42,391,42,217860,387750,14720,93236,3.5917410796991365,0.19384347985180442
820,0.0958,51,381,51,218241,387369,14771,93185,3.5882118640927785,0.19391161034972138
821,0.0959,40,379,40,218620,386990,14811,93145,3.5847011745525954,0.1939975215304029
822,0.096,45,338,45,218958,386652,14856,93100,3.5815702693690024,0.19405859694175323
823,0.0961,43,353,43,219311,386299,14899,93057,3.5783004186890954,0.19412920668563657
824,0.0962,31,366,31,219677,385933,14930,93026,3.574910148579051,0.19422539298770877
825,0.0963,38,390,38,220067,385543,14968,92988,3.5712975656749046,0.19431969924623482
826,0.0964,54,346,54,220413,385197,15022,92934,3.568092556226611,0.1943693255614047
827,0.0965,45,387,45,220800,384810,15067,92889,3.5645077624217274,0.1944508989970672
828,0.0966,39,398,39,221198,384412,15106,92850,3.5608210752528806,0.19454722982345127
829,0.0967,27,385,27,221583,384027,15133,92823,3.5572548075141723,0.1946586977036804
830,0.0968,40,378,40,221961,383649,15173,92783,3.553753381007077,0.19474552506968465
831,0.0969,41,377,41,222338,383272,15214,92742,3.5502612175330692,0.19483040414777716
832,0.097,41,429,41,222767,382843,15255,92701,3.5462873763385083,0.19493674612654138
833,0.0971,42,350,42,223117,382493,15297,92659,3.5430453147578644,0.1950091760110449
834,0.0972,28,396,28,223513,382097,15325,92631,3.539377153655193,0.19512436595271399
835,0.0973,41,409,41,223922,381688,15366,92590,3.535588573122383,0.19522305483281957
836,0.0974,47,427,47,224349,381261,15413,92543,3.5316332579939975,0.19531916150982262
837,0.0975,44,363,44,224712,380898,15457,92499,3.5282707769832156,0.19539414064727914
838,0.0976,47,403,47,225115,380495,15504,92452,3.5245377746489313,0.19548067753892084
839,0.0977,36,358,36,225473,380137,15540,92416,3.521221608803587,0.1955674813195557
840,0.0978,36,325,36,225798,379812,15576,92380,3.5182111230501314,0.195640756302521
841,0.0979,36,378,36,226176,379434,15612,92344,3.514709696543036,0.19573613012900135
842,0.098,34,376,34,226552,379058,15646,92310,3.5112267961021155,0.19583425264336993
843,0.0981,38,340,38,226892,378718,15684,92272,3.508077364852347,0.19591074120469648
844,0.0982,37,368,37,227260,378350,15721,92235,3.504668568676127,0.19600072250496722
845,0.0983,39,372,39,227632,377978,15760,92196,3.501222720367557,0.19608910743682126
846,0.0984,34,344,34,227976,377634,15794,92162,3.4980362369854383,0.1961745097872268
847,0.0985,36,387,36,228363,377247,15830,92126,3.494451443180555,0.19627460463213692
848,0.0986,34,370,34,228733,376877,15864,92092,3.49102412093816,0.19637118871396617
849,0.0987,48,364,48,229097,376513,15912,92044,3.48765237689429,0.19644141481185853
850,0.0988,45,385,45,229482,376128,15957,91999,3.484086109155582,0.19652572912906113
851,0.0989,37,329,37,229811,375799,15994,91962,3.4810385712697767,0.19660040063194667
852,0.099,43,373,43,230184,375426,16037,91919,3.477583459928119,0.19668339235468443
853,0.0991,44,374,44,230558,375052,16081,91875,3.4741190855533737,0.19676523310924407
854,0.0992,43,378,43,230936,374674,16124,91832,3.4706176590462783,0.19685063000261518
855,0.0993,48,376,48,231312,374298,16172,91784,3.467134758605358,0.1969267210490858
856,0.0994,41,340,41,231652,373958,16213,91743,3.4639853273555894,0.19699979171184945
857,0.0995,42,329,42,231981,373629,16255,91701,3.460937789469784,0.19706659789826575
858,0.0996,45,392,45,232373,373237,16300,91656,3.4573066804994625,0.19715504427900613
859,0.0997,42,384,42,232757,372853,16342,91614,3.453749675793842,0.19724544477863873
860,0.0998,41,365,41,233122,372488,16383,91573,3.4503686687168846,0.19732966140227254
861,0.0999,50,375,50,233497,372113,16433,91523,3.446895031309052,0.1974027038452579
862,0.1,34,359,34,233856,371754,16467,91489,3.4435696024306197,0.19749677814883335
863,0.1001,37,374,37,234230,371380,16504,91452,3.4401052280558746,0.19759221488574688
864,0.1002,43,384,43,234614,370996,16547,91409,3.436548223350254,0.19768168596792854
865,0.1003,42,350,42,234964,370646,16589,91367,3.4333061617696097,0.19775850463082206
866,0.1004,31,424,31,235388,370222,16620,91336,3.4293786357404867,0.197886289480412
867,0.1005,43,370,43,235758,369852,16663,91293,3.425951313498092,0.1979702696548808
868,0.1006,36,355,36,236113,369497,16699,91257,3.42266293675201,0.19806013621151417
869,0.1007,40,357,40,236470,369140,16739,91217,3.4193560339397533,0.19814404907495706
870,0.1008,39,388,39,236858,368752,16778,91178,3.4157619771017824,0.1982432109234014
871,0.1009,44,373,44,237231,368379,16822,91134,3.4123068657601245,0.1983273596176822
872,0.101,49,365,49,237596,368014,16871,91085,3.408925858683167,0.19839947375184874
873,0.1011,42,343,42,237939,367671,16913,91043,3.405748638334136,0.1984744306910188
874,0.1012,42,378,42,238317,367293,16955,91001,3.402247211827041,0.19856467682317464
875,0.1013,34,385,34,238702,366908,16989,90967,3.398680944088332,0.19867212667212666
876,0.1014,36,311,36,239013,366597,17025,90931,3.395800140798103,0.19874412057841268
877,0.1015,49,375,49,239388,366222,17074,90882,3.39232650339027,0.1988212748083587
878,0.1016,45,393,45,239781,365829,17119,90837,3.3886861313868613,0.19891342907069937
879,0.1017,41,372,41,240153,365457,17160,90796,3.385240283078291,0.19900362298987623
880,0.1018,40,338,40,240491,365119,17200,90756,3.382109377894698,0.19908088840142582
881,0.1019,30,412,30,240903,364707,17230,90726,3.3782930082626255,0.1992082260178775
882,0.102,39,368,39,241271,364339,17269,90687,3.3748842120864055,0.1993006993006993
883,0.1021,45,364,45,241635,363975,17314,90642,3.371512468042536,0.19938101742785685
884,0.1022,40,393,40,242028,363582,17354,90602,3.367872096039127,0.1994830289045849
885,0.1023,39,371,39,242399,363211,17393,90563,3.3644355107636446,0.19957732263197098
886,0.1024,42,362,42,242761,362849,17435,90521,3.36108229278595,0.1996625272955864
887,0.1025,42,357,42,243118,362492,17477,90479,3.357775389973693,0.19974567908320842
888,0.1026,43,363,43,243481,362129,17520,90436,3.3544129089629107,0.1998298586943312
889,0.1027,46,376,46,243857,361753,17566,90390,3.3509300085219906,0.19991462877894825
890,0.1028,44,365,44,244222,361388,17610,90346,3.3475490014450333,0.19999822904629716
891,0.1029,51,377,51,244599,361011,17661,90295,3.344056837971025,0.20007489375279744
892,0.103,43,351,43,244950,360660,17704,90252,3.3408055133572936,0.20015435384287844
893,0.1031,43,323,43,245273,360337,17747,90209,3.3378135536700135,0.20022150901350805
894,0.1032,34,362,34,245635,359975,17781,90175,3.3344603356923193,0.20032211485060536
895,0.1033,47,332,47,245967,359643,17828,90128,3.331385008707251,0.20038641886648983
896,0.1034,40,367,40,246334,359276,17868,90088,3.3279854755641187,0.20047889906623584
897,0.1035,36,383,36,246717,358893,17904,90052,3.3244377338915854,0.20058581786187618
898,0.1036,43,403,43,247120,358490,17947,90009,3.320704731557301,0.2006894106787306
899,0.1037,45,355,45,247475,358135,17992,89964,3.317416354811219,0.20076813382756936
900,0.1038,33,367,33,247842,357768,18025,89931,3.314016821668087,0.20087380137101044
901,0.1039,29,364,29,248206,357404,18054,89902,3.3106450776242173,0.2009854551470358
902,0.104,34,364,34,248570,357040,18088,89868,3.3072733335803477,0.2010883671807173
903,0.1041,34,363,34,248933,356677,18122,89834,3.3039108525695653,0.20119101209152743
904,0.1042,49,351,49,249284,356326,18171,89785,3.3006595279558337,0.20126156943002974
905,0.1043,53,361,53,249645,355965,18224,89732,3.2973155730112267,0.20132960284677706
906,0.1044,32,370,32,250015,355595,18256,89700,3.293888250768832,0.20143949516612583
907,0.1045,53,368,53,250383,355227,18309,89647,3.290479454592612,0.20151098962852404
908,0.1046,44,392,44,250775,354835,18353,89603,3.286848345622291,0.20160967334026345
909,0.1047,53,373,53,251148,354462,18406,89550,3.283393234280633,0.20168373827734384
910,0.1048,49,386,49,251534,354076,18455,89501,3.279817703508837,0.20177105665983583
911,0.1049,45,364,45,251898,353712,18500,89456,3.2764459594649673,0.2018557296555708
912,0.105,35,363,35,252261,353349,18535,89421,3.273083478454185,0.20195812724439324
913,0.1051,42,380,42,252641,352969,18577,89379,3.2695635258809146,0.20205584743233834
914,0.1052,31,359,31,253000,352610,18608,89348,3.2662380970024825,0.20216400653455757
915,0.1053,29,392,29,253392,352218,18637,89319,3.2626069880321613,0.20229108772311266
916,0.1054,45,405,45,253797,351813,18682,89274,3.2588554596317016,0.2023954457964075
917,0.1055,52,362,52,254159,351451,18734,89222,3.2555022416540074,0.20246758934629533
918,0.1056,40,387,40,254546,351064,18774,89182,3.2519174478491237,0.20257310685389532
919,0.1057,46,371,46,254917,350693,18820,89136,3.248480862573641,0.20266057945246901
920,0.1058,45,393,45,255310,350300,18865,89091,3.2448404905702324,0.20276018398192044
921,0.1059,35,378,35,255688,349922,18900,89056,3.241339064063137,0.2028712145027769
922,0.106,37,336,37,256024,349586,18937,89019,3.2382266849457184,0.2029593825879778
923,0.1061,56,352,56,256376,349234,18993,88963,3.2349660972988996,0.20302055924618378
924,0.1062,35,353,35,256729,348881,19028,88928,3.231696246618993,0.20312053886512155
925,0.1063,40,391,40,257120,348490,19068,88888,3.228074400681759,0.20322924335471834
926,0.1064,34,346,34,257466,348144,19102,88854,3.2248693912334656,0.2033281616849505
927,0.1065,35,393,35,257859,347751,19137,88819,3.221229019230057,0.20344732803445037
928,0.1066,40,356,40,258215,347395,19177,88779,3.2179313794508873,0.20354033023518137
929,0.1067,42,332,42,258547,347063,19219,88737,3.2148560524658194,0.20361863240018357
930,0.1068,53,375,53,258922,346688,19272,88684,3.2113824150579866,0.2036970682542745
931,0.1069,39,393,39,259315,346295,19311,88645,3.2077420430545778,0.20380972088104107
932,0.107,43,388,43,259703,345907,19354,88602,3.204147986216607,0.20391292240206763
933,0.1071,35,351,35,260054,345556,19389,88567,3.2008966616028753,0.20401360904628413
934,0.1072,49,378,49,260432,345178,19438,88518,3.19739523509578,0.20410149044491993
935,0.1073,53,382,53,260814,344796,19491,88465,3.1938567564563343,0.20418408303539898
936,0.1074,56,402,56,261216,344394,19547,88409,3.190133017155137,0.20427076522112833
937,0.1075,51,373,51,261589,344021,19598,88358,3.1866779058134798,0.20435312538305514
938,0.1076,46,388,46,261977,343633,19644,88312,3.1830838489755084,0.20445195568880298
939,0.1077,49,340,49,262317,343293,19693,88263,3.17993441772574,0.2045227038901093
940,0.1078,57,384,57,262701,342909,19750,88206,3.1763774130201194,0.20459970077589507
941,0.1079,44,391,44,263092,342518,19794,88162,3.1727555670828855,0.20470418872480728
942,0.108,48,369,48,263461,342149,19842,88114,3.169337507873578,0.20479102316490147
943,0.1081,32,364,32,263825,341785,19874,88082,3.1659657638297083,0.20490523813179426
944,0.1082,47,362,47,264187,341423,19921,88035,3.1626125458520136,0.20499094207116877
945,0.1083,39,382,39,264569,341041,19960,87996,3.159074067212568,0.20510119173870786
946,0.1084,47,368,47,264937,340673,20007,87949,3.155665271036348,0.20519012089906724
947,0.1085,38,349,38,265286,340324,20045,87911,3.1524324724887918,0.2052868168178687
948,0.1086,45,343,45,265629,339981,20090,87866,3.1492552521397608,0.2053678067159522
949,0.1087,41,337,41,265966,339644,20131,87825,3.146133609989255,0.20545349487331246
950,0.1088,48,368,48,266334,339276,20179,87777,3.142724813813035,0.20554123258705595
951,0.1089,50,358,50,266692,338918,20229,87727,3.1394086479676906,0.20562059792098816
952,0.109,35,402,35,267094,338516,20264,87692,3.135684908666494,0.20574930550341616
953,0.1091,36,364,36,267458,338152,20300,87656,3.132313164622624,0.2058580393040995
954,0.1092,39,348,39,267806,337804,20339,87617,3.1290896291081554,0.20595363181413234
955,0.1093,29,307,29,268113,337497,20368,87588,3.126245877950276,0.20604820212428102
956,0.1094,45,351,45,268464,337146,20413,87543,3.1229945533365444,0.20613437126932885
957,0.1095,42,376,42,268840,336770,20455,87501,3.119511652895624,0.2062384655090732
958,0.1096,37,376,37,269216,336394,20492,87464,3.116028752454704,0.20635212736340944
959,0.1097,43,390,43,269606,336004,20535,87421,3.1124161695505577,0.20646159296215386
960,0.1098,45,348,45,269954,335656,20580,87376,3.1091926340360887,0.20654702244747442
961,0.1099,53,374,53,270328,335282,20633,87323,3.1057282596613436,0.20663030489464157
962,0.11,55,382,55,270710,334900,20688,87268,3.102189781021898,0.20671391483958992
963,0.1101,45,375,45,271085,334525,20733,87223,3.098716143614065,0.20681307320959436
964,0.1102,42,352,42,271437,334173,20775,87181,3.095455555967246,0.206906781471162
965,0.1103,47,364,47,271801,333809,20822,87134,3.0920838119233762,0.20699714688211943
966,0.1104,39,378,39,272179,333431,20861,87095,3.088582385416281,0.2071096674165212
967,0.1105,46,351,46,272530,333080,20907,87049,3.0853310608025493,0.20719588507339412
968,0.1106,43,367,43,272897,332713,20950,87006,3.0819315276594166,0.20729583364107892
969,0.1107,48,347,48,273244,332366,20998,86958,3.0787172551780353,0.20737663477406493
970,0.1108,37,327,37,273571,332039,21035,86921,3.0756882433584054,0.20746849341225893
971,0.1109,43,331,43,273902,331708,21078,86878,3.072622179406425,0.2075511364450794
972,0.111,50,337,50,274239,331371,21128,86828,3.069500537255919,0.20762364328943875
973,0.1111,48,416,48,274655,330955,21176,86780,3.0656471154914966,0.20773935629047124
974,0.1112,47,368,47,275023,330587,21223,86733,3.0622383193152767,0.20783331735838206
975,0.1113,53,356,53,275379,330231,21276,86680,3.058940679536107,0.20791008152819188
976,0.1114,46,386,46,275765,329845,21322,86634,3.055365148764311,0.20801529008665504
977,0.1115,37,365,37,276130,329480,21359,86597,3.0519841416873543,0.20812734181413536
978,0.1116,49,346,49,276476,329134,21408,86548,3.0487791322390603,0.20820723533855207
979,0.1117,44,391,44,276867,328743,21452,86504,3.045157286301827,0.20831938581133638
980,0.1118,44,385,44,277252,328358,21496,86460,3.041591018563118,0.20842875670776098
981,0.1119,45,330,45,277582,328028,21541,86415,3.0385342176442256,0.20850876960160988
982,0.112,44,328,44,277910,327700,21585,86371,3.0354959427915076,0.20858983121252153
983,0.1121,54,377,54,278287,327323,21639,86317,3.0320037793175,0.20867662701866357
984,0.1122,47,365,47,278652,326958,21686,86270,3.0286227722405425,0.20877094485368852
985,0.1123,50,377,50,279029,326581,21736,86220,3.0251306087665344,0.2088657730964799
986,0.1124,38,347,38,279376,326234,21774,86182,3.021916336285153,0.20896861421477345
987,0.1125,41,343,41,279719,325891,21815,86141,3.018739115936122,0.20906385911773842
988,0.1126,40,367,40,280086,325524,21855,86101,3.01533958279299,0.20917339811721833
989,0.1127,49,336,49,280422,325188,21904,86052,3.0122272036755717,0.20925007295010212
990,0.1128,50,356,50,280778,324832,21954,86002,3.008929563896402,0.2093351572654649
991,0.1129,46,357,46,281135,324475,22000,85956,3.0056226610841454,0.20942862503076035
992,0.113,53,366,53,281501,324109,22053,85903,3.0022323909741004,0.2095133800961923
993,0.1131,32,354,32,281855,323755,22085,85871,2.9989532772611063,0.20963268933124363
994,0.1132,41,398,41,282253,323357,22126,85830,2.99526659009226,0.20975739698475268
995,0.1133,46,345,46,282598,323012,22172,85784,2.9920708436770536,0.20984549750976036
996,0.1134,34,320,34,282918,322692,22206,85750,2.989106673089036,0.2099441291542006
997,0.1135,38,369,38,283287,322323,22244,85712,2.985688613879729,0.21006041148430896
998,0.1136,49,347,49,283634,321976,22293,85663,2.9824743413983477,0.21014426980735407
999,0.1137,61,350,61,283984,321626,22354,85602,2.9792322798177033,0.21020656732837625
1000,0.1138,47,385,47,284369,321241,22401,85555,2.975666012078995,0.21031426071052814
1001,0.1139,51,336,51,284705,320905,22452,85504,2.972553632961577,0.2103890415812642
1002,0.114,48,373,48,285078,320532,22500,85456,2.969098521619919,0.21048897996985133
1003,0.1141,51,340,51,285418,320192,22551,85405,2.9659490903701506,0.21056615310271032
1004,0.1142,46,326,46,285744,319866,22597,85359,2.962929341583608,0.21064593744216176
1005,0.1143,55,384,55,286128,319482,22652,85304,2.9593723368779874,0.21073851368377364
1006,0.1144,33,378,33,286506,319104,22685,85271,2.955870910370892,0.2108710973724884
1007,0.1145,49,346,49,286852,318758,22734,85222,2.952665900922598,0.21095598792019407
1008,0.1146,36,346,36,287198,318412,22770,85186,2.9494608914743043,0.2110664572173301
1009,0.1147,63,357,63,287555,318055,22833,85123,2.9461539886620476,0.2111300715812867
1010,0.1148,57,383,57,287938,317672,22890,85066,2.9426062469895142,0.21121920454489024
1011,0.1149,39,341,39,288279,317331,22929,85027,2.939447552706658,0.21132175823520347
1012,0.115,48,319,48,288598,317012,22977,84979,2.9364926451517284,0.2113952799938307
1013,0.1151,49,361,49,288959,316651,23026,84930,2.9331486902071213,0.2114890893742483
1014,0.1152,56,349,56,289308,316302,23082,84874,2.929915891659565,0.211563004765988
1015,0.1153,52,379,52,289687,315923,23134,84822,2.926405202119382,0.21166078179390885
1016,0.1154,57,314,57,290001,315609,23191,84765,2.92349660972989,0.21171454689864977
1017,0.1155,49,354,49,290355,315255,23240,84716,2.9202174960168956,0.2118053558883019
1018,0.1156,47,345,47,290700,314910,23287,84669,2.9170217496016897,0.21189552003483667
1019,0.1157,35,349,35,291049,314561,23322,84634,2.913788951054133,0.21201167349290448
1020,0.1158,51,341,51,291390,314220,23373,84583,2.9106302567712774,0.21209218586620462
1021,0.1159,38,342,38,291732,313878,23411,84545,2.9074622994553336,0.2121990949317685
1022,0.116,46,356,46,292088,313522,23457,84499,2.9041646596761646,0.21229784358111758
1023,0.1161,45,374,45,292462,313148,23502,84454,2.900700285301419,0.21240838828778527
1024,0.1162,44,324,44,292786,312824,23546,84410,2.8976990625810517,0.2124943987674771
1025,0.1163,63,334,63,293120,312490,23609,84347,2.8946052095298085,0.21254822508989837
1026,0.1164,47,328,47,293448,312162,23656,84300,2.8915669346770905,0.2126307187069631
1027,0.1165,47,336,47,293784,311826,23703,84253,2.8884545555596723,0.21271766491028304
1028,0.1166,36,331,36,294115,311495,23739,84217,2.885388491607692,0.21282397299045772
1029,0.1167,44,365,44,294480,311130,23783,84173,2.882007484530735,0.2129328641573679
1030,0.1168,46,354,46,294834,310776,23829,84127,2.8787283708177407,0.21303206103777383
1031,0.1169,50,348,50,295182,310428,23879,84077,2.8755048353032717,0.21312023928720802
1032,0.117,41,320,41,295502,310108,23920,84036,2.8725406647152543,0.21321141511731753
1033,0.1171,51,345,51,295847,309763,23971,83985,2.8693449183000483,0.2132963215051251
1034,0.1172,42,313,42,296160,309450,24013,83943,2.8664455889436438,0.21338203780951873
1035,0.1173,47,384,47,296544,309066,24060,83896,2.8628885842380227,0.21349647039662867
1036,0.1174,40,367,40,296911,308699,24100,83856,2.8594890510948905,0.21361592643069124
1037,0.1175,44,342,44,297253,308357,24144,83812,2.856321093778947,0.21371398555214716
1038,0.1176,35,336,35,297589,308021,24179,83777,2.8532087146615286,0.2138270231088469
1039,0.1177,55,343,55,297932,307678,24234,83722,2.8500314943124976,0.21390393459376597
1040,0.1178,35,311,35,298243,307367,24269,83687,2.8471506910222684,0.21400369258465582
1041,0.1179,35,359,35,298602,307008,24304,83652,2.8438252621438362,0.21412993395791738
1042,0.118,49,357,49,298959,306651,24353,83603,2.8405183593315795,0.21422714437263934
1043,0.1181,40,369,40,299328,306282,24393,83563,2.837100300122272,0.21434929266759867
1044,0.1182,36,329,36,299657,305953,24429,83527,2.8340527622364666,0.21445773852315908
1045,0.1183,45,346,45,300003,305607,24474,83482,2.830847752788173,0.21455759479193706
1046,0.1184,45,356,45,300359,305251,24519,83437,2.8275501130090035,0.21466317457703865
1047,0.1185,41,363,41,300722,304888,24560,83396,2.8241876319982215,0.2147809335434888
1048,0.1186,50,336,50,301058,304552,24610,83346,2.8210752528808034,0.2148657636801427
1049,0.1187,44,345,44,301403,304207,24654,83302,2.817879506465597,0.21496791042272567
1050,0.1188,55,358,55,301761,303849,24709,83247,2.8145633406202526,0.21505518011036023
1051,0.1189,54,375,54,302136,303474,24763,83193,2.81108970321242,0.21515412486713373
1052,0.119,30,361,30,302497,303113,24793,83163,2.8077457482678128,0.21529424556534707
1053,0.1191,60,317,60,302814,302796,24853,83103,2.8048093667790583,0.21534909393390497
1054,0.1192,55,381,55,303195,302415,24908,83048,2.8012801511727,0.21544999130915288
1055,0.1193,46,318,46,303513,302097,24954,83002,2.798334506650858,0.2155341873128728
1056,0.1194,38,330,38,303843,301767,24992,82964,2.795277705731965,0.21564157814161064
1057,0.1195,43,338,43,304181,301429,25035,82921,2.7921468005483714,0.21574346298946273
1058,0.1196,55,368,55,304549,301061,25090,82866,2.7887380043721515,0.2158379066853855
1059,0.1197,44,365,44,304914,300696,25134,82822,2.785356997295194,0.21595335812139196
1060,0.1198,42,362,42,305276,300334,25176,82780,2.7820037793175,0.21607145653774074
1061,0.1199,55,370,55,305646,299964,25231,82725,2.7785764570751046,0.216167697529848
1062,0.12,51,387,51,306033,299577,25282,82674,2.7749916632702214,0.21628197179340278
1063,0.1201,55,352,55,306385,299225,25337,82619,2.771731075623402,0.2163684646085836
1064,0.1202,37,346,37,306731,298879,25374,82582,2.7685260661751085,0.21648871051037982
1065,0.1203,53,339,53,307070,298540,25427,82529,2.7653858979584274,0.21657232679645944
1066,0.1204,58,341,58,307411,298199,25485,82471,2.7622272036755717,0.21664696456248195
1067,0.1205,49,327,49,307738,297872,25534,82422,2.7591981918559414,0.21673231762794049
1068,0.1206,44,341,44,308079,297531,25578,82378,2.7560394975730853,0.2168361370749311
1069,0.1207,53,339,53,308418,297192,25631,82325,2.7528993293564046,0.2169204541562038
1070,0.1208,55,343,55,308761,296849,25686,82270,2.7497221090073736,0.2170031045661125
1071,0.1209,50,362,50,309123,296487,25736,82220,2.746368891029679,0.2171071567201029
1072,0.121,48,333,48,309456,296154,25784,82172,2.7432843010115233,0.21719892367957794
1073,0.1211,42,320,42,309776,295834,25826,82130,2.740320130423506,0.21729582711580997
1074,0.1212,38,307,38,310083,295527,25864,82092,2.737476379265627,0.21739372224384895
1075,0.1213,35,356,35,310439,295171,25899,82057,2.7341787394864574,0.21752627058436808
1076,0.1214,39,336,39,310775,294835,25938,82018,2.7310663603690393,0.21763923864212306
1077,0.1215,45,321,45,311096,294514,25983,81973,2.728092926747934,0.2177312895265972
1078,0.1216,59,352,59,311448,294162,26042,81914,2.7248323391011153,0.21781235707676108
1079,0.1217,39,342,39,311790,293820,26081,81875,2.7216643817851716,0.21792943744260637
1080,0.1218,50,363,50,312153,293457,26131,81825,2.7183019007743896,0.218036036900251
1081,0.1219,36,314,36,312467,293143,26167,81789,2.7153933083848973,0.21814355669828128
1082,0.122,60,323,60,312790,292820,26227,81729,2.7124013486976177,0.21820642959933145
1083,0.1221,43,323,43,313113,292497,26270,81686,2.7094093890103377,0.21830494704462788
1084,0.1222,50,313,50,313426,292184,26320,81636,2.706510059653933,0.2183831790701407
1085,0.1223,45,319,45,313745,291865,26365,81591,2.7035551520990033,0.21847553660939978
1086,0.1224,46,349,46,314094,291516,26411,81545,2.7003223535514467,0.21858355604043306
1087,0.1225,48,312,48,314406,291204,26459,81497,2.6974322872281298,0.21866590108424716
1088,0.1226,55,326,55,314732,290878,26514,81442,2.694412538441587,0.21874194241512676
1089,0.1227,37,299,37,315031,290579,26551,81405,2.6916428915484087,0.2188400576368876
1090,0.1228,46,361,46,315392,290218,26597,81359,2.6882989366038017,0.21895596336694684
1091,0.1229,34,331,34,315723,289887,26631,81325,2.685232872651821,0.21907966337295132
1092,0.123,37,345,37,316068,289542,26668,81288,2.6820371262366147,0.21920556589272713
1093,0.1231,39,358,39,316426,289184,26707,81249,2.6787209603912707,0.21933521041591866
1094,0.1232,52,354,52,316780,288830,26759,81197,2.675441846678276,0.2194353385023255
1095,0.1233,46,328,46,317108,288502,26805,81151,2.6724035718255585,0.21953291329977032
1096,0.1234,49,369,49,317477,288133,26854,81102,2.668985512616251,0.21964873319159883
1097,0.1235,42,338,42,317815,287795,26896,81060,2.665854607432658,0.21976115275650324
1098,0.1236,48,389,48,318204,287406,26944,81012,2.6622512875615993,0.21989153624415744
1099,0.1237,61,315,61,318519,287091,27005,80951,2.6593334321390194,0.21995044043886294
1100,0.1238,54,326,54,318845,286765,27059,80897,2.6563136833524768,0.22003089794430755
1101,0.1239,45,325,45,319170,286440,27104,80852,2.653303197599022,0.22013003278045806
1102,0.124,64,338,64,319508,286102,27168,80788,2.6501722924154283,0.22019678922837907
1103,0.1241,42,348,42,319856,285754,27210,80746,2.6469487569009598,0.22031650750341064
1104,0.1242,62,326,62,320182,285428,27272,80684,2.643929008114417,0.22038064854470762
1105,0.1243,40,353,40,320535,285075,27312,80644,2.64065915743451,0.22050809501283772
1106,0.1244,42,337,42,320872,284738,27354,80602,2.6375375152840044,0.22062188646192588
1107,0.1245,62,321,62,321193,284417,27416,80540,2.6345640816628997,0.2206835325805506
1108,0.1246,51,321,51,321514,284096,27467,80489,2.631590648041795,0.22076881934254014
1109,0.1247,43,316,43,321830,283780,27510,80446,2.628663529586128,0.2208683619510963
1110,0.1248,45,320,45,322150,283460,27555,80401,2.6256993589981104,0.22096624810023607
1111,0.1249,42,362,42,322512,283098,27597,80359,2.6223461410204156,0.22109630575281258
1112,0.125,48,318,48,322830,282780,27645,80311,2.6194004964985735,0.22118697516600522
1113,0.1251,43,332,43,323162,282448,27688,80268,2.6163251695135057,0.22129710296761101
1114,0.1252,39,340,39,323502,282108,27727,80229,2.6131757382637373,0.22142094238236779
1115,0.1253,47,301,47,323803,281807,27774,80182,2.610387565304383,0.2215039683526295
1116,0.1254,62,316,62,324119,281491,27836,80120,2.6074604468487164,0.22156405640315147
1117,0.1255,43,326,43,324445,281165,27879,80077,2.6044406980621733,0.2216713449709613
1118,0.1256,34,328,34,324773,280837,27913,80043,2.6014024232094557,0.221799490135225
1119,0.1257,44,343,44,325116,280494,27957,79999,2.5982252028604247,0.22191554343634967
1120,0.1258,43,348,43,325464,280146,28000,79956,2.5950016673459557,0.2220370894913108
1121,0.1259,44,355,44,325819,279791,28044,79912,2.591713290599874,0.22216106065281635
1122,0.126,53,312,53,326131,279479,28097,79859,2.588823224276557,0.22223922880407862
1123,0.1261,49,326,49,326457,279153,28146,79810,2.5858034754900143,0.22233489245409693
1124,0.1262,37,350,37,326807,278803,28183,79773,2.5825614139093704,0.22247166569987953
1125,0.1263,36,301,36,327108,278502,28219,79737,2.5797732409500167,0.22258045606424762
1126,0.1264,52,301,52,327409,278201,28271,79685,2.576985067990663,0.22265470010003185
1127,0.1265,51,331,51,327740,277870,28322,79634,2.5739190040386823,0.222749955245256
1128,0.1266,57,323,57,328063,277547,28379,79577,2.5709270443514023,0.22282736528488703
1129,0.1267,42,319,42,328382,277228,28421,79535,2.5679721367964725,0.22293511378702388
1130,0.1268,58,375,58,328757,276853,28479,79477,2.5644984993886397,0.2230432464288721
1131,0.1269,40,320,40,329077,276533,28519,79437,2.5615343288006223,0.22315644576790178
1132,0.127,56,331,56,329408,276202,28575,79381,2.558468264848642,0.22324183102116804
1133,0.1271,45,338,45,329746,275864,28620,79336,2.5553373596650486,0.22335585585585585
1134,0.1272,50,311,50,330057,275553,28670,79286,2.5524565563748194,0.22344218082003386
1135,0.1273,64,321,64,330378,275232,28734,79222,2.5494831227537147,0.22350431931929107
1136,0.1274,48,339,48,330717,274893,28782,79174,2.5463429545370335,0.22361304498866033
1137,0.1275,41,325,41,331042,274568,28823,79133,2.5433324687835785,0.22372851645881692
1138,0.1276,52,315,52,331357,274253,28875,79081,2.540414613360999,0.22381372865334218
1139,0.1277,46,337,46,331694,273916,28921,79035,2.5372929712104932,0.22392626738555776
1140,0.1278,44,314,44,332008,273602,28965,78991,2.534384378821001,0.22402883778180507
1141,0.1279,33,325,33,332333,273277,28998,78958,2.531373893067546,0.22416284582735957
1142,0.128,45,330,45,332663,272947,29043,78913,2.528317092148653,0.22427385892116183
1143,0.1281,36,329,36,332992,272618,29079,78877,2.525269554262848,0.224404330075819
1144,0.1282,56,353,56,333345,272265,29135,78821,2.5219997035829413,0.22450624633280736
1145,0.1283,68,322,68,333667,271943,29203,78753,2.519017006928749,0.22456201382393867
1146,0.1284,47,309,47,333976,271634,29250,78706,2.5161547297046947,0.22465604841011588
1147,0.1285,46,282,46,334258,271352,29296,78660,2.513542554374004,0.22473515193764784
1148,0.1286,46,320,46,334578,271032,29342,78614,2.5105783837859867,0.2248388369951322
1149,0.1287,55,326,55,334904,270706,29397,78559,2.507558634999444,0.22492663164073126
1150,0.1288,47,294,47,335198,270412,29444,78512,2.5048353032717032,0.22501175040983137
1151,0.1289,40,330,40,335528,270082,29484,78472,2.5017785023528103,0.22513584695628225
1152,0.129,40,321,40,335849,269761,29524,78432,2.4988050687317056,0.2252543847808543
1153,0.1291,44,330,44,336179,269431,29568,78388,2.4957482678128127,0.2253700919156228
1154,0.1292,48,294,48,336473,269137,29616,78340,2.493024936085072,0.22545377104096098
1155,0.1293,57,342,57,336815,268795,29673,78283,2.489856978769128,0.22554872391796657
1156,0.1294,39,293,39,337108,268502,29712,78244,2.487142910074475,0.22565220651427847
1157,0.1295,51,326,51,337434,268176,29763,78193,2.484123161287932,0.22575057236646467
1158,0.1296,48,332,48,337766,267844,29811,78145,2.481047834302864,0.22585978166935944
1159,0.1297,32,325,32,338091,267519,29843,78113,2.478037348549409,0.22600048606610498
1160,0.1298,41,264,41,338355,267255,29884,78072,2.4755919078142945,0.22608136635710502
1161,0.1299,42,296,42,338651,266959,29926,78030,2.4728500500203787,0.22618112461556744
1162,0.13,43,324,43,338975,266635,29969,77987,2.469848827300011,0.22629721840161104
1163,0.1301,47,300,47,339275,266335,30016,77940,2.467069917373745,0.22638878803282259
1164,0.1302,65,282,65,339557,266053,30081,77875,2.4644577420430545,0.22642820590356122
1165,0.1303,41,337,41,339894,265716,30122,77834,2.4613360998925486,0.226557997380294
1166,0.1304,49,346,49,340240,265370,30171,77785,2.458131090444255,0.22667599189870466
1167,0.1305,58,348,58,340588,265022,30229,77727,2.454907554929786,0.22677527870249076
1168,0.1306,50,348,50,340936,264674,30279,77677,2.4516840194153176,0.22689286726196214
1169,0.1307,35,331,35,341267,264343,30314,77642,2.448617955463337,0.22703334941591005
1170,0.1308,49,295,49,341562,264048,30363,77593,2.4458853607025084,0.22711852500139035
1171,0.1309,53,294,53,341856,263754,30416,77540,2.4431620289747675,0.2271941493258012
1172,0.131,44,269,44,342125,263485,30460,77496,2.4406702730742156,0.22727366040923103
1173,0.1311,46,305,46,342430,263180,30506,77450,2.4378450479825116,0.22737280920647035
1174,0.1312,47,291,47,342721,262889,30553,77403,2.4351495053540333,0.22746053389442009
1175,0.1313,53,343,53,343064,262546,30606,77350,2.431972285005002,0.2275696095276202
1176,0.1314,52,335,52,343399,262211,30658,77298,2.4288691689206714,0.22767584953565295
1177,0.1315,48,294,48,343693,261917,30706,77250,2.4261458371929305,0.22776390391753915
1178,0.1316,41,324,41,344017,261593,30747,77209,2.423144614472563,0.22788826512240187
1179,0.1317,51,314,51,344331,261279,30798,77158,2.420236022083071,0.22798334697447384
1180,0.1318,37,340,37,344671,260939,30835,77121,2.4170865908333026,0.22812814293320713
1181,0.1319,58,296,58,344967,260643,30893,77063,2.4143447330393863,0.22819553102402682
1182,0.132,56,299,56,345266,260344,30949,77007,2.4115750861462075,0.22826966571908783
1183,0.1321,66,315,66,345581,260029,31015,76941,2.408657230723628,0.22833189898210524
1184,0.1322,43,296,43,345877,259733,31058,76898,2.4059153729297122,0.2284341014345084
1185,0.1323,51,303,51,346180,259430,31109,76847,2.403108673904183,0.2285229141451839
1186,0.1324,56,332,56,346512,259098,31165,76791,2.4000333469191153,0.22862016916302708
1187,0.1325,53,283,53,346795,258815,31218,76738,2.397411908555337,0.22869114566104312
1188,0.1326,50,301,50,347096,258514,31268,76688,2.3946237355959834,0.2287814511846588
1189,0.1327,36,279,36,347375,258235,31304,76652,2.392039349364556,0.22888914768265117
1190,0.1328,56,288,56,347663,257947,31360,76596,2.3893715958353403,0.2289571146310041
1191,0.1329,49,319,49,347982,257628,31409,76547,2.3864166882804105,0.22906261689234683
1192,0.133,46,294,46,348276,257334,31455,76501,2.3836933565526697,0.22915811703386404
1193,0.1331,41,325,41,348601,257009,31496,76460,2.3806828707992147,0.2292866803211093
1194,0.1332,41,301,41,348902,256708,31537,76419,2.3778946978398605,0.22939899797974947
1195,0.1333,41,289,41,349191,256419,31578,76378,2.3752176812775576,0.2295032707626571
1196,0.1334,47,298,47,349489,256121,31625,76331,2.3724572974174665,0.22960006256542298
1197,0.1335,39,320,39,349809,255801,31664,76292,2.369493126829449,0.22973082841252299
1198,0.1336,50,286,50,350095,255515,31714,76242,2.3668438993664087,0.22981278465865076
1199,0.1337,45,290,45,350385,255225,31759,76197,2.3641576197710177,0.22990929992577439
1200,0.1338,50,324,50,350709,254901,31809,76147,2.3611563970506504,0.23001800343152654
1201,0.1339,37,316,37,351025,254585,31846,76110,2.358229278594983,0.23015165031222123
1202,0.134,33,313,33,351338,254272,31879,76077,2.3553299492385786,0.23029281154173314
1203,0.1341,66,292,66,351630,253980,31945,76011,2.3526251435770127,0.2303426457085193
1204,0.1342,57,348,57,351978,253632,32002,75954,2.349401608062544,0.23045274981340227
1205,0.1343,48,309,48,352287,253323,32050,75906,2.34653933083849,0.23055684645034308
1206,0.1344,45,313,45,352600,253010,32095,75861,2.3436400014820853,0.23067099257763682
1207,0.1345,40,292,40,352892,252718,32135,75821,2.3409351958205193,0.23078234243118778
1208,0.1346,49,296,49,353188,252422,32184,75772,2.3381933380266036,0.23087564062719002
1209,0.1347,63,269,63,353457,252153,32247,75709,2.335701582126051,0.23091727617107197
1210,0.1348,47,283,47,353740,251870,32294,75662,2.3330801437622735,0.2310064360123591
1211,0.1349,64,299,64,354039,251571,32358,75598,2.3303104968690946,0.2310671243302391
1212,0.135,48,297,48,354336,251274,32406,75550,2.327559376042091,0.2311641739896703
1213,0.1351,56,303,56,354639,250971,32462,75494,2.3247526770165625,0.23124684116214603
1214,0.1352,43,272,43,354911,250699,32505,75451,2.3222331320167475,0.23133834125402422
1215,0.1353,46,261,46,355172,250438,32551,75405,2.319815480380896,0.23141512937212094
1216,0.1354,47,308,47,355480,250130,32598,75358,2.316962466189929,0.23152312834881777
1217,0.1355,44,279,44,355759,249851,32642,75314,2.3143780799585016,0.23161779404302432
1218,0.1356,48,321,48,356080,249530,32690,75266,2.3114046463373965,0.23173314942302245
1219,0.1357,52,296,52,356376,249234,32742,75214,2.3086627885434807,0.23182143209389486
1220,0.1358,51,325,51,356701,248909,32793,75163,2.3056523027900258,0.2319330272285171
1221,0.1359,55,278,55,356979,248631,32848,75108,2.3030771795916856,0.23200170507723814
1222,0.136,49,313,49,357292,248318,32897,75059,2.300177850235281,0.23210989031378237
1223,0.1361,43,305,43,357597,248013,32940,75016,2.297352625143577,0.2322268279318575
1224,0.1362,36,271,36,357868,247742,32976,74980,2.2948423431768497,0.2323361902814187
1225,0.1363,52,259,52,358127,247483,33028,74928,2.292443217607173,0.23239901864390483
1226,0.1364,53,298,53,358425,247185,33081,74875,2.289682833747082,0.23248773520462027
1227,0.1365,37,281,37,358706,246904,33118,74838,2.2870799214494792,0.2326025200315781
1228,0.1366,43,324,43,359030,246580,33161,74795,2.284078698729112,0.23273434461299106
1229,0.1367,46,319,46,359349,246261,33207,74749,2.281123791174182,0.23285567427805987
1230,0.1368,41,289,41,359638,245972,33248,74708,2.278446774611879,0.23296744418111512
1231,0.1369,42,317,42,359955,245655,33290,74666,2.2755103931231244,0.23309742414640314
1232,0.137,51,327,51,360282,245328,33341,74615,2.272481381303494,0.23321341613974989
1233,0.1371,45,292,45,360574,245036,33386,74570,2.269776575641928,0.23331852343197562
1234,0.1372,49,280,49,360854,244756,33435,74521,2.267182926377413,0.23340547549619922
1235,0.1373,51,316,51,361170,244440,33486,74470,2.264255807921746,0.2335141575993227
1236,0.1374,60,310,60,361480,244130,33546,74410,2.2613842676646043,0.23359703647893515
1237,0.1375,59,305,59,361785,243825,33605,74351,2.2585590425729,0.23367884441315498
1238,0.1376,38,307,38,362092,243518,33643,74313,2.255715291415021,0.23381293832256766
1239,0.1377,49,293,49,362385,243225,33692,74264,2.2530012227203677,0.2339104661893798
1240,0.1378,53,324,53,362709,242901,33745,74211,2.25,0.23402141830015893
1241,0.1379,52,328,52,363037,242573,33797,74159,2.2469617251472824,0.23413800942121415
1242,0.138,41,278,41,363315,242295,33838,74118,2.2443866019489422,0.23424448426581715
1243,0.1381,53,299,53,363614,241996,33891,74065,2.2416169550557634,0.23433767532216881
1244,0.1382,54,303,54,363917,241693,33945,74011,2.2388102560302348,0.23443161949167574
1245,0.1383,50,337,50,364254,241356,33995,73961,2.235688613879729,0.23456077534671457
1246,0.1384,44,302,44,364556,241054,34039,73917,2.2328911778872875,0.23467874820221543
1247,0.1385,45,307,45,364863,240747,34084,73872,2.230047426729408,0.2347982798241683
1248,0.1386,49,313,49,365176,240434,34133,73823,2.227148097373004,0.234912826126387
1249,0.1387,38,266,38,365442,240168,34171,73785,2.224684130571714,0.23501925447439584
1250,0.1388,47,299,47,365741,239869,34218,73738,2.221914483678536,0.2351286801633892
1251,0.1389,58,304,58,366045,239565,34276,73680,2.219098521619919,0.23521524685150602
1252,0.139,44,287,44,366332,239278,34320,73636,2.216440031123791,0.23532344350204848
1253,0.1391,49,292,49,366624,238986,34369,73587,2.2137352254622256,0.23542340509257037
1254,0.1392,44,280,44,366904,238706,34413,73543,2.21114157619771,0.23552677510576495
1255,0.1393,46,286,46,367190,238420,34459,73497,2.2084923487346697,0.23562999131179127
1256,0.1394,41,285,41,367475,238135,34500,73456,2.2058523843047166,0.2357449348665398
1257,0.1395,40,296,40,367771,237839,34540,73416,2.203110526510801,0.23587090970426178
1258,0.1396,34,291,34,368062,237548,34574,73382,2.2004149838823226,0.23600810471810374
1259,0.1397,49,284,49,368346,237264,34623,73333,2.197784282485457,0.23610337511308865
1260,0.1398,47,325,47,368671,236939,34670,73286,2.194773796732002,0.23623499073253285
1261,0.1399,42,301,42,368972,236638,34712,73244,2.191985623772648,0.23636093738907069
1262,0.14,56,291,56,369263,236347,34768,73188,2.18929008114417,0.23644499006574377
1263,0.1401,59,309,59,369572,236038,34827,73129,2.1864278039201155,0.23653559403170454
1264,0.1402,59,262,59,369834,235776,34886,73070,2.1840008892511764,0.23659040427915531
1265,0.1403,55,292,55,370126,235484,34941,73015,2.1812960835896105,0.2366782388273544
1266,0.1404,43,292,43,370418,235192,34984,72972,2.178591277928045,0.23679599174465543
1267,0.1405,47,283,47,370701,234909,35031,72925,2.175969839564267,0.23689715885834572
1268,0.1406,50,312,50,371013,234597,35081,72875,2.17307977324095,0.23701345163136806
1269,0.1407,35,300,35,371313,234297,35116,72840,2.170300863314684,0.23715801092020825
1270,0.1408,55,244,55,371557,234053,35171,72785,2.1680406832413204,0.2372098631851335
1271,0.1409,44,283,44,371840,233770,35215,72741,2.1654192448775427,0.23731937842361286
1272,0.141,35,309,35,372149,233461,35250,72706,2.1625569676534884,0.23747170661763026
1273,0.1411,48,281,48,372430,233180,35298,72658,2.1599540553558856,0.2375702169122215
1274,0.1412,45,292,45,372722,232888,35343,72613,2.15724924969432,0.2376849830278788
1275,0.1413,44,276,44,372998,232612,35387,72569,2.154692652562155,0.23779003280020708
1276,0.1414,44,303,44,373301,232309,35431,72525,2.151885953536626,0.2379163741577383
1277,0.1415,37,273,37,373574,232036,35468,72488,2.149357145503724,0.23803706768596236
1278,0.1416,47,290,47,373864,231746,35515,72441,2.146670865908333,0.2381462718656616
1279,0.1417,47,300,47,374164,231446,35562,72394,2.143891955982067,0.2382635597682991
1280,0.1418,52,305,52,374469,231141,35614,72342,2.141066730890363,0.23837249532922766
1281,0.1419,42,269,42,374738,230872,35656,72300,2.138574974989811,0.23847848745926406
1282,0.142,56,275,56,375013,230597,35712,72244,2.1360276408907333,0.2385542248242477
1283,0.1421,42,269,42,375282,230328,35754,72202,2.1335358849901813,0.23866062869798035
1284,0.1422,46,274,46,375556,230054,35800,72156,2.1309978139241914,0.2387611263690811
1285,0.1423,55,279,55,375835,229775,35855,72101,2.1284134276927635,0.2388431011408658
1286,0.1424,44,291,44,376126,229484,35899,72057,2.1257178850642853,0.23896252914197405
1287,0.1425,47,312,47,376438,229172,35946,72010,2.1228278187409684,0.23909131355791516
1288,0.1426,45,294,45,376732,228878,35991,71965,2.1201044870132275,0.2392111500018282
1289,0.1427,52,315,52,377047,228563,36043,71913,2.117186631590648,0.2393302626499288
1290,0.1428,60,316,60,377363,228247,36103,71853,2.114259513134981,0.23943018993668777
1291,0.1429,43,265,43,377628,227982,36146,71810,2.111804809366779,0.23953274270160646
1292,0.143,59,289,59,377917,227693,36205,71751,2.109127792804476,0.23961408477044122
1293,0.1431,46,305,46,378222,227388,36251,71705,2.106302567712772,0.23974148508992185
1294,0.1432,45,251,45,378473,227137,36296,71660,2.103977546407796,0.23982837846430854
1295,0.1433,55,302,55,378775,226835,36351,71605,2.1011801104153545,0.23993097440021444
1296,0.1434,48,282,48,379057,226553,36399,71557,2.098567935084664,0.24003555734460433
1297,0.1435,51,257,51,379314,226296,36450,71506,2.096187335581163,0.2401125580083411
1298,0.1436,49,312,49,379626,225984,36499,71457,2.093297269257846,0.24023924072337036
1299,0.1437,53,269,53,379895,225715,36552,71404,2.0908055133572936,0.2403212180977992
1300,0.1438,45,239,45,380134,225476,36597,71359,2.088591648449368,0.2403995485707548
1301,0.1439,39,298,39,380432,225178,36636,71320,2.085831264589277,0.2405412515430121
1302,0.144,54,286,54,380718,224892,36690,71266,2.0831820371262366,0.24063506641725024
1303,0.1441,36,265,36,380983,224627,36726,71230,2.080727333358035,0.24075820413240182
1304,0.1442,63,291,63,381274,224336,36789,71167,2.0780317907295567,0.2408334263949943
1305,0.1443,39,286,39,381560,224050,36828,71128,2.075382563266516,0.24096646769068156
1306,0.1444,50,284,50,381844,223766,36878,71078,2.0727518618696505,0.24106985388883612
1307,0.1445,46,241,46,382085,223525,36924,71032,2.07051947089555,0.2411485722627539
1308,0.1446,53,282,53,382367,223243,36977,70979,2.0679072955648596,0.2412430069811231
1309,0.1447,47,266,47,382633,222977,37024,70932,2.0654433287635703,0.24134000660068253
1310,0.1448,45,256,45,382889,222721,37069,70887,2.0630719922931564,0.24143415710743577
1311,0.1449,41,265,41,383154,222456,37110,70846,2.0606172885249547,0.24154625607735372
1312,0.145,43,302,43,383456,222154,37153,70803,2.0578198525325133,0.241683933136945
1313,0.1451,44,281,44,383737,221873,37197,70759,2.0552169402349105,0.24180199021296372
1314,0.1452,63,319,63,384056,221554,37260,70696,2.0522620326799808,0.24190248075278015
1315,0.1453,58,259,58,384315,221295,37318,70638,2.0498629071103043,0.24196647860981801
1316,0.1454,41,324,41,384639,220971,37359,70597,2.0468616843899365,0.24212876584536025
1317,0.1455,36,267,36,384906,220704,37395,70561,2.0443884545555595,0.24225705113899712
1318,0.1456,55,264,55,385170,220440,37450,70506,2.0419430138204455,0.24233362892083066
1319,0.1457,43,253,43,385423,220187,37493,70463,2.0395994664492942,0.24243247892654396
1320,0.1458,36,236,36,385659,219951,37529,70427,2.0374133906406313,0.24253559153930393
1321,0.1459,55,256,55,385915,219695,37584,70372,2.0350420541702174,0.24260601860949366
1322,0.146,41,258,41,386173,219437,37625,70331,2.0326521916336286,0.24271486154440794
1323,0.1461,46,247,46,386420,219190,37671,70285,2.0303642224610026,0.2428016236289835
1324,0.1462,40,307,40,386727,218883,37711,70245,2.0275204713031236,0.24295467751307379
1325,0.1463,53,259,53,386986,218624,37764,70192,2.025121345733447,0.24303362694587557
1326,0.1464,44,272,44,387258,218352,37808,70148,2.022601800733632,0.2431473136915078
1327,0.1465,40,280,40,387538,218072,37848,70108,2.020008151469117,0.24327850648899993
1328,0.1466,46,277,46,387815,217795,37894,70062,2.0174422913038645,0.2433916840653519
1329,0.1467,59,258,59,388073,217537,37953,70003,2.0150524287672757,0.24345482367670584
1330,0.1468,45,277,45,388350,217260,37998,69958,2.0124865686020232,0.2435710853776574
1331,0.1469,46,264,46,388614,216996,38044,69912,2.010041127866909,0.24367393031912668
1332,0.147,53,274,53,388888,216722,38097,69859,2.007503056800919,0.24376703270628547
1333,0.1471,52,233,52,389121,216489,38149,69807,2.0053447700915186,0.24382806605750693
1334,0.1472,58,283,58,389404,216206,38207,69749,2.002723331727741,0.24391600076935183
1335,0.1473,41,270,41,389674,215936,38248,69708,2.0002223127941012,0.24403803335620564
1336,0.1474,47,257,47,389931,215679,38295,69661,1.9978417132906,0.24413331464218127
1337,0.1475,58,282,58,390213,215397,38353,69603,1.9952295379599096,0.24422105263157895
1338,0.1476,51,265,51,390478,215132,38404,69552,1.9927748341917078,0.2443129926515013
1339,0.1477,46,256,46,390734,214876,38450,69506,1.9904034977212939,0.24441068703363786
1340,0.1478,48,251,48,390985,214625,38498,69458,1.9880784764163177,0.24449896685123715
1341,0.1479,48,289,48,391274,214336,38546,69410,1.9854014598540146,0.2446201884784279
1342,0.148,41,264,41,391538,214072,38587,69369,1.9829560191189004,0.24473876397557165
1343,0.1481,43,255,43,391793,213817,38630,69326,1.980593945681574,0.2448444778786691
1344,0.1482,35,257,35,392050,213560,38665,69291,1.9782133461780727,0.2449735019497898
1345,0.1483,56,268,56,392318,213292,38721,69235,1.975730853310608,0.245056224714806
1346,0.1484,45,286,45,392604,213006,38766,69190,1.9730816258475676,0.2451841982168422
1347,0.1485,52,261,52,392865,212745,38818,69138,1.9706639742117158,0.2452719745426294
1348,0.1486,53,262,53,393127,212483,38871,69085,1.9682370595427767,0.24535813728832823
1349,0.1487,57,275,57,393402,212208,38928,69028,1.9656897254436994,0.2454451066008619
1350,0.1488,38,269,38,393671,211939,38966,68990,1.9631979695431472,0.2455780642083943
1351,0.1489,50,269,50,393940,211670,39016,68940,1.9607062136425952,0.24567905634154164
1352,0.149,64,306,64,394246,211364,39080,68876,1.9578717255178035,0.24577504995717955
1353,0.1491,38,265,38,394511,211099,39118,68838,1.9554170217496016,0.24590532869895726
1354,0.1492,54,277,54,394788,210822,39172,68784,1.9528511615843491,0.2460033046501148
1355,0.1493,50,259,50,395047,210563,39222,68734,1.9504520360146727,0.24609644929949123
1356,0.1494,39,267,39,395314,210296,39261,68695,1.9479788061802956,0.24622658078576012
1357,0.1495,40,267,40,395581,210029,39301,68655,1.9455055763459188,0.24635429375206327
1358,0.1496,58,257,58,395838,209772,39359,68597,1.9431249768424173,0.24642470964798524
1359,0.1497,38,277,38,396115,209495,39397,68559,1.9405591166771647,0.24656721356283312
1360,0.1498,57,269,57,396384,209226,39454,68502,1.9380673607766128,0.2466513999308676
1361,0.1499,47,277,47,396661,208949,39501,68455,1.9355015006113603,0.24677005378437225
1362,0.15,40,250,40,396911,208699,39541,68415,1.9331857423394716,0.24688395389623044
1363,0.1501,46,238,46,397149,208461,39587,68369,1.9309811404646338,0.24697106527471732
1364,0.1502,45,253,45,397402,208208,39632,68324,1.9286375930934825,0.2470744796262277
1365,0.1503,55,288,55,397690,207920,39687,68269,1.9259698395642668,0.24718218321511717
1366,0.1504,45,279,45,397969,207641,39732,68224,1.9233854533328394,0.24730937233791891
1367,0.1505,49,257,49,398226,207384,39781,68175,1.9210048538293378,0.24740618161627817
1368,0.1506,46,236,46,398462,207148,39827,68129,1.9188187780206751,0.24749252571046618
1369,0.1507,40,280,40,398742,206868,39867,68089,1.91622512875616,0.2476350847587077
1370,0.1508,57,278,57,399020,206590,39924,68032,1.9136500055578198,0.24772960651368062
1371,0.1509,42,264,42,399284,206326,39966,67990,1.9112045648227056,0.2478528412487788
1372,0.151,50,275,50,399559,206051,40016,67940,1.9086572307236283,0.24796434919395163
1373,0.1511,49,279,49,399838,205772,40065,67891,1.9060728444922006,0.2480824956241801
1374,0.1512,48,239,48,400077,205533,40113,67843,1.903858979584275,0.24816735924148425
1375,0.1513,44,269,44,400346,205264,40157,67799,1.901367223683723,0.2482906874970245
1376,0.1514,56,237,56,400583,205027,40213,67743,1.8991718848419727,0.24835209150566412
1377,0.1515,43,263,43,400846,204764,40256,67700,1.896735707139946,0.24847319278877208
1378,0.1516,45,255,45,401101,204509,40301,67655,1.8943736337026196,0.24858173748181245
1379,0.1517,46,259,46,401360,204250,40347,67609,1.891974508132943,0.2486914172420262
1380,0.1518,54,316,54,401676,203934,40401,67555,1.889047389677276,0.24883144436791177
1381,0.1519,42,282,42,401958,203652,40443,67513,1.8864352143465857,0.24897387199675475
1382,0.152,63,278,63,402236,203374,40506,67450,1.8838600911482455,0.24905473665554012
1383,0.1521,34,263,34,402499,203111,40540,67416,1.8814239134462187,0.24920248256181454
1384,0.1522,50,236,50,402735,202875,40590,67366,1.879237837637556,0.24928119715365174
1385,0.1523,52,256,52,402991,202619,40642,67314,1.8768665011671422,0.24937299255741238
1386,0.1524,59,269,59,403260,202350,40701,67255,1.8743747452665902,0.24945753973405538
1387,0.1525,49,266,49,403526,202084,40750,67206,1.8719107784653006,0.2495673808904898
1388,0.1526,38,240,38,403766,201844,40788,67168,1.8696876505242876,0.24968402896525063
1389,0.1527,48,258,48,404024,201586,40836,67120,1.8672977879876986,0.24978973301675436
1390,0.1528,50,249,50,404273,201337,40886,67070,1.8649912927488976,0.24988170949341856
1391,0.1529,46,271,46,404544,201066,40932,67024,1.8624810107821705,0.2500055951359618
1392,0.153,55,264,55,404808,200802,40987,66969,1.860035570047056,0.25009803152693905
1393,0.1531,40,241,40,405049,200561,41027,66929,1.8578031790729557,0.2502112228494523
1394,0.1532,45,264,45,405313,200297,41072,66884,1.8553577383378412,0.25033217182359524
1395,0.1533,41,251,41,405564,200046,41113,66843,1.8530327170328653,0.25045243528208355
1396,0.1534,42,251,42,405815,199795,41155,66801,1.8507076957278892,0.2505701510900389
1397,0.1535,47,266,47,406081,199529,41202,66754,1.8482437289265998,0.25068817761554435
1398,0.1536,54,258,54,406339,199271,41256,66700,1.8458538663900108,0.25077922029093397
1399,0.1537,45,253,45,406592,199018,41301,66655,1.8435103190188595,0.2508911330846567
1400,0.1538,52,264,52,406856,198754,41353,66603,1.8410648782837453,0.25099394400750685
1401,0.1539,47,281,47,407137,198473,41400,66556,1.8384619659861425,0.25112723513275903
1402,0.154,55,273,55,407410,198200,41455,66501,1.8359331579532403,0.25123063380946803
1403,0.1541,41,227,41,407637,197973,41496,66460,1.8338304494423654,0.25133020462650274
1404,0.1542,43,242,43,407879,197731,41539,66417,1.8315887954351773,0.25143858745854597
1405,0.1543,53,254,53,408133,197477,41592,66364,1.8292359850309385,0.25153027770513303
1406,0.1544,44,233,44,408366,197244,41636,66320,1.8270776983215384,0.2516276881516444
1407,0.1545,50,262,50,408628,196982,41686,66270,1.8246507836525991,0.2517359792138331
1408,0.1546,41,240,41,408868,196742,41727,66229,1.8224276557115862,0.251849063204688
1409,0.1547,42,251,42,409119,196491,41769,66187,1.82010263440661,0.25197009266097653
1410,0.1548,52,277,52,409396,196214,41821,66135,1.8175367742413575,0.2520878676876985
1411,0.1549,43,232,43,409628,195982,41864,66092,1.815387750565045,0.25218831322450913
1412,0.155,47,274,47,409902,195708,41911,66045,1.8128496794990552,0.25231802500830935
1413,0.1551,49,220,49,410122,195488,41960,65996,1.8108118122197931,0.25239020360710407
1414,0.1552,55,244,55,410366,195244,42015,65941,1.80855163214643,0.2524685567701055
1415,0.1553,51,228,51,410594,195016,42066,65890,1.8064396606024677,0.25254306148574585
1416,0.1554,47,277,47,410871,194739,42113,65843,1.8038738004372152,0.2526767006163127
1417,0.1555,49,253,49,411124,194486,42162,65794,1.801530253066064,0.25278161979406794
1418,0.1556,42,239,42,411363,194247,42204,65752,1.7993163881581384,0.2528932803587706
1419,0.1557,39,270,39,411633,193977,42243,65713,1.7968153692244988,0.2530440140167122
1420,0.1558,52,231,52,411864,193746,42295,65661,1.7946756085812738,0.2531196151221825
1421,0.1559,36,259,36,412123,193487,42331,65625,1.7922764830115974,0.2532688567106116
1422,0.156,43,226,43,412349,193261,42374,65582,1.7901830375338101,0.253365939971334
1423,0.1561,40,249,40,412598,193012,42414,65542,1.7878765422950091,0.25349443443149206
1424,0.1562,56,255,56,412853,192757,42470,65486,1.7855144688576827,0.25358286575047534
1425,0.1563,54,254,54,413107,192503,42524,65432,1.783161658453444,0.2536763137999884
1426,0.1564,48,246,48,413353,192257,42572,65384,1.7808829523139056,0.25377948385544224
1427,0.1565,62,242,62,413595,192015,42634,65322,1.7786412983067175,0.2538383520442066
1428,0.1566,46,243,46,413838,191772,42680,65276,1.7763903812664419,0.2539447885219881
1429,0.1567,47,211,47,414049,191561,42727,65229,1.7744358812849679,0.25401690096966395
1430,0.1568,46,219,46,414268,191342,42773,65183,1.7724072770387935,0.2540999902543612
1431,0.1569,45,269,45,414537,191073,42818,65138,1.7699155211382416,0.2542357666142359
1432,0.157,51,218,51,414755,190855,42869,65087,1.7678961799251547,0.2543037094341687
1433,0.1571,52,267,52,415022,190588,42921,65035,1.7654229500907777,0.25441763847541105
1434,0.1572,43,255,43,415277,190333,42964,64992,1.7630608766534515,0.25454616665034757
1435,0.1573,52,239,52,415516,190094,43016,64940,1.760847011745526,0.25463271563791495
1436,0.1574,37,249,37,415765,189845,43053,64903,1.758540516506725,0.2547733446386233
1437,0.1575,42,278,42,416043,189567,43095,64861,1.755965393308385,0.2549287028157278
1438,0.1576,59,235,59,416278,189332,43154,64802,1.7537885805328097,0.2549914611976359
1439,0.1577,35,220,35,416498,189112,43189,64767,1.7517507132535477,0.25510971762138657
1440,0.1578,43,253,43,416751,188859,43232,64724,1.7494071658823966,0.2552379299874203
1441,0.1579,46,260,46,417011,188599,43278,64678,1.7469987772796325,0.25536467977747684
1442,0.158,41,215,41,417226,188384,43319,64637,1.7450072251658082,0.25546100916524717
1443,0.1581,37,249,37,417475,188135,43356,64600,1.7427007299270072,0.2556036955704592
1444,0.1582,43,277,43,417752,187858,43399,64557,1.7401348697617547,0.2557573836737119
1445,0.1583,49,257,49,418009,187601,43448,64508,1.7377542702582534,0.25587345156261776
1446,0.1584,47,262,47,418271,187339,43495,64461,1.735327355589314,0.25600079428117556
1447,0.1585,39,253,39,418524,187086,43534,64422,1.732983808218163,0.2561429457512286
1448,0.1586,55,217,55,418741,186869,43589,64367,1.7309737300381638,0.256201340572211
1449,0.1587,41,231,41,418972,186638,43630,64326,1.7288339693949386,0.2563156468656859
1450,0.1588,48,217,48,419189,186421,43678,64278,1.7268238912149394,0.25639511924658653
1451,0.1589,60,245,60,419434,186176,43738,64218,1.7245544481084887,0.25646780673658315
1452,0.159,50,247,50,419681,185929,43788,64168,1.7222664789358628,0.2565724498894429
1453,0.1591,47,234,47,419915,185695,43835,64121,1.720098929193375,0.2566729112626893
1454,0.1592,54,221,54,420136,185474,43889,64067,1.7180517988810255,0.25673937348972714
1455,0.1593,49,239,49,420375,185235,43938,64018,1.7158379339731002,0.25683943623547156
1456,0.1594,47,246,47,420621,184989,43985,63971,1.7135592278335618,0.2569529241645244
1457,0.1595,41,231,41,420852,184758,44026,63930,1.7114194671903369,0.2570690986296082
1458,0.1596,57,242,57,421094,184516,44083,63873,1.7091778131831488,0.2571490685980458
1459,0.1597,43,232,43,421326,184284,44126,63830,1.7070287895068361,0.25726077528877855
1460,0.1598,51,250,51,421576,184034,44177,63779,1.7047130312349477,0.25736745045659426
1461,0.1599,48,231,48,421807,183803,44225,63731,1.7025732705917225,0.2574636211591135
1462,0.16,35,266,35,422073,183537,44260,63696,1.7001093037904331,0.2576355098227178
1463,0.1601,47,221,47,422294,183316,44307,63649,1.6980621734780836,0.2577247788148118
1464,0.1602,52,227,52,422521,183089,44359,63597,1.695959464967209,0.2578054693010548
1465,0.1603,54,236,54,422757,182853,44413,63543,1.693773389158546,0.25788973846978036
1466,0.1604,56,282,56,423039,182571,44469,63487,1.6911612138278558,0.2580164026367767
1467,0.1605,36,205,36,423244,182366,44505,63451,1.6892622920449072,0.2581229125731744
1468,0.1606,49,248,49,423492,182118,44554,63402,1.6869650598391936,0.2582355816226784
1469,0.1607,48,243,48,423735,181875,44602,63354,1.684714142798918,0.25834628041544844
1470,0.1608,35,241,35,423976,181634,44637,63319,1.6824817518248176,0.25849448669744807
1471,0.1609,37,214,37,424190,181420,44674,63282,1.680499462744081,0.2586084298452812
1472,0.161,44,209,44,424399,181211,44718,63238,1.6785634888287821,0.258696087936543
1473,0.1611,51,225,51,424624,180986,44769,63187,1.6764793063840824,0.25877963575006246
1474,0.1612,44,244,44,424868,180742,44813,63143,1.6742191263107191,0.2589048116940361
1475,0.1613,48,238,48,425106,180504,44861,63095,1.6720145244358813,0.2590117365013814
1476,0.1614,35,256,35,425362,180248,44896,63060,1.6696431879654674,0.25917766781199136
1477,0.1615,54,235,54,425597,180013,44950,63006,1.6674663751898922,0.259263678971603
1478,0.1616,48,233,48,425830,179780,44998,62958,1.665308088480492,0.25936606546976576
1479,0.1617,44,225,44,426055,179555,45042,62914,1.6632239060357923,0.25947234491831944
1480,0.1618,40,210,40,426265,179345,45082,62874,1.661278669087406,0.259575012695123
1481,0.1619,56,233,56,426498,179112,45138,62818,1.6591203823780059,0.2596536188153598
1482,0.162,59,231,59,426729,178881,45197,62759,1.656980621734781,0.25972107267008776
1483,0.1621,47,212,47,426941,178669,45244,62712,1.6550168587202194,0.25980503850758757
1484,0.1622,51,229,51,427170,178440,45295,62661,1.6528956241431694,0.2598952306294872
1485,0.1623,34,211,34,427381,178229,45329,62627,1.6509411241616956,0.2600184342511708
1486,0.1624,41,223,41,427604,178006,45370,62586,1.648875467783171,0.2601333377668418
1487,0.1625,40,237,40,427841,177769,45410,62546,1.6466801289414206,0.260266733245948
1488,0.1626,35,190,35,428031,177579,45445,62511,1.6449201526547852,0.26036486317630886
1489,0.1627,48,226,48,428257,177353,45493,62463,1.642826707176998,0.2604621876772192
1490,0.1628,46,229,46,428486,177124,45539,62417,1.6407054725999481,0.26056917187454337
1491,0.1629,46,224,46,428710,176900,45585,62371,1.638630553188336,0.2606709546915422
1492,0.163,52,231,52,428941,176669,45637,62319,1.6364907925451109,0.26076204662995633
1493,0.1631,43,221,43,429162,176448,45680,62276,1.6344436622327614,0.26087029372832227
1494,0.1632,41,245,41,429407,176203,45721,62235,1.6321742191263107,0.2610112482070811
1495,0.1633,56,241,56,429648,175962,45777,62179,1.6299418281522102,0.261101616269353
1496,0.1634,26,236,26,429884,175726,45803,62153,1.6277557523435473,0.2612798944000942
1497,0.1635,39,241,39,430125,175485,45842,62114,1.6255233613694469,0.2614236591904848
1498,0.1636,42,241,42,430366,175244,45884,62072,1.6232909703953462,0.26155842842454785
1499,0.1637,37,224,37,430590,175020,45921,62035,1.6212160509837341,0.2616903250300563
1500,0.1638,30,229,30,430819,174791,45951,62005,1.6190948164066843,0.26184986232875557
1501,0.1639,47,243,47,431062,174548,45998,61958,1.6168438993664085,0.2619722121214684
1502,0.164,44,228,44,431290,174320,46042,61914,1.6147319278224461,0.262087591117282
1503,0.1641,38,200,38,431490,174120,46080,61876,1.6128793212049353,0.2621908845912643
1504,0.1642,39,222,39,431712,173898,46119,61837,1.6108229278594983,0.26231573588987633
1505,0.1643,45,215,45,431927,173683,46164,61792,1.6088313757456743,0.26241426903068266
1506,0.1644,40,230,40,432157,173453,46204,61752,1.6067008781355367,0.26254543908505346
1507,0.1645,44,215,44,432372,173238,46248,61708,1.6047093260217125,0.26264758710512204
1508,0.1646,54,221,54,432593,173017,46302,61654,1.602662195709363,0.2627252621755564
1509,0.1647,49,233,49,432826,172784,46351,61605,1.6005039089999629,0.2628323001506043
1510,0.1648,53,216,53,433042,172568,46404,61552,1.5985030938530513,0.26290791047326156
1511,0.1649,46,246,46,433288,172322,46450,61506,1.596224387713513,0.26303949911901053
1512,0.165,48,198,48,433486,172124,46498,61458,1.5943903071621772,0.2631110273908092
1513,0.1651,54,238,54,433724,171886,46552,61404,1.5921857052873394,0.26320888164944917
1514,0.1652,60,239,60,433963,171647,46612,61344,1.5899718403794139,0.2632891399238597
1515,0.1653,38,206,38,434169,171441,46650,61306,1.5880636555633776,0.2634018913240557
1516,0.1654,48,215,48,434384,171226,46698,61258,1.5860721034495535,0.26349340169646085
1517,0.1655,40,224,40,434608,171002,46738,61218,1.5839971840379414,0.2636207045043493
1518,0.1656,43,207,43,434815,170795,46781,61175,1.5820797361888177,0.2637194464801483
1519,0.1657,44,202,44,435017,170593,46825,61131,1.5802086035051317,0.2638095320294834
1520,0.1658,47,241,47,435258,170352,46872,61084,1.5779762125310313,0.26393473789730204
1521,0.1659,46,218,46,435476,170134,46918,61038,1.5759568713179444,0.2640371671309674
1522,0.166,41,212,41,435688,169922,46959,60997,1.573993108303383,0.2641489006967811
1523,0.1661,39,214,39,435902,169708,46998,60958,1.5720108192226463,0.264269549911994
1524,0.1662,48,227,48,436129,169481,47046,60910,1.5699081107117714,0.2643766466572045
1525,0.1663,51,219,51,436348,169262,47097,60859,1.567879506465597,0.26446521612542967
1526,0.1664,36,191,36,436539,169071,47133,60823,1.5661102671458742,0.2645697582364046
1527,0.1665,33,222,33,436761,168849,47166,60790,1.5640538738004373,0.2647198428838307
1528,0.1666,35,212,35,436973,168637,47201,60755,1.5620901107858758,0.26485230522424497
1529,0.1667,34,204,34,437177,168433,47235,60721,1.5602004520360147,0.2649790097489025
1530,0.1668,41,202,41,437379,168231,47276,60680,1.5583293193523287,0.26508118875895
1531,0.1669,35,194,35,437573,168037,47311,60645,1.5565322909333432,0.2651935876019975
1532,0.167,42,215,42,437788,167822,47353,60603,1.5545407388195192,0.26530808799387107
1533,0.1671,42,236,42,438024,167586,47395,60561,1.5523546630108562,0.2654472774132467
1534,0.1672,33,212,33,438236,167374,47428,60528,1.5503908999962948,0.26558784038753497
1535,0.1673,46,220,46,438456,167154,47474,60482,1.548353032717033,0.26569611133564114
1536,0.1674,42,217,42,438673,166937,47516,60440,1.5463429545370335,0.2658140445163759
1537,0.1675,37,207,37,438880,166730,47553,60403,1.5444255066879098,0.26593669788185775
1538,0.1676,45,215,45,439095,166515,47598,60358,1.5424339545740857,0.2660431166335351
1539,0.1677,53,225,53,439320,166290,47651,60305,1.540349772129386,0.26613561640812905
1540,0.1678,63,211,63,439531,166079,47714,60242,1.5383952721479122,0.2661794530777082
1541,0.1679,41,232,41,439763,165847,47755,60201,1.5362462484715995,0.2663195427519819
1542,0.168,50,200,50,439963,165647,47805,60151,1.5343936418540887,0.26639297070833223
1543,0.1681,45,205,45,440168,165442,47850,60106,1.53249472007114,0.26648872967173287
1544,0.1682,38,212,38,440380,165230,47888,60068,1.5305309570565786,0.26661577111203827
1545,0.1683,34,209,34,440589,165021,47922,60034,1.5285949831412797,0.26675257159361043
1546,0.1684,61,213,61,440802,164808,47983,59973,1.5266219570936308,0.26680635818863696
1547,0.1685,39,202,39,441004,164606,48022,59934,1.5247508244099448,0.266919034470473
1548,0.1686,31,224,31,441228,164382,48053,59903,1.5226759049983327,0.26708429007735696
1549,0.1687,48,208,48,441436,164174,48101,59855,1.5207491941161213,0.2671752317780287
1550,0.1688,45,209,45,441645,163965,48146,59810,1.5188132202008227,0.26727739917327675
1551,0.1689,42,221,42,441866,163744,48188,59768,1.5167660898884732,0.26740398725795483
1552,0.169,56,230,56,442096,163514,48244,59712,1.5146355922783357,0.26749572182451864
1553,0.1691,43,224,43,442320,163290,48287,59669,1.5125606728667236,0.26762319529599615
1554,0.1692,58,183,58,442503,163107,48345,59611,1.510865537811701,0.2676523675679559
1555,0.1693,62,203,62,442706,162904,48407,59549,1.5089851420949276,0.26769250133736117
1556,0.1694,41,211,41,442917,162693,48448,59508,1.5070306421134536,0.26781157600550853
1557,0.1695,43,222,43,443139,162471,48491,59465,1.5049742487680167,0.2679376036334799
1558,0.1696,42,230,42,443369,162241,48533,59423,1.5028437511578792,0.2680769091959001
1559,0.1697,48,184,48,443553,162057,48581,59375,1.5011393530697692,0.2681410094295314
1560,0.1698,44,221,44,443774,161836,48625,59331,1.4990922227574197,0.2682633485104016
1561,0.1699,47,226,47,444000,161610,48672,59284,1.4969987772796325,0.26838211993082656
1562,0.17,38,220,38,444220,161390,48710,59246,1.4949609100003705,0.2685237223299915
1563,0.1701,56,189,56,444409,161201,48766,59190,1.4932101967468228,0.2685681357224206
1564,0.1702,35,234,35,444643,160967,48801,59155,1.4910426470043352,0.2687373365679033
1565,0.1703,56,215,56,444858,160752,48857,59099,1.489051094890511,0.26881387849043215
1566,0.1704,41,223,41,445081,160529,48898,59058,1.4869854385119863,0.2689503476981788
1567,0.1705,35,194,35,445275,160335,48933,59023,1.4851884100930008,0.2690715633804101
1568,0.1706,40,211,40,445486,160124,48973,58983,1.4832339101115268,0.2691972415303938
1569,0.1707,49,244,49,445730,159880,49022,58934,1.4809737300381638,0.26933377206211667
1570,0.1708,36,209,36,445939,159671,49058,58898,1.479037756122865,0.26947096797807557
1571,0.1709,44,226,44,446165,159445,49102,58854,1.4769443106450777,0.26960270088273425
1572,0.171,41,196,41,446361,159249,49143,58813,1.475128756159917,0.2697076978107144
1573,0.1711,38,185,38,446546,159064,49181,58775,1.4734150950387195,0.26980935461510563
1574,0.1712,52,212,52,446758,158852,49233,58723,1.471451332024158,0.26989773641273124
1575,0.1713,40,207,40,446965,158645,49273,58683,1.4695338841750343,0.2700204299492012
1576,0.1714,40,230,40,447195,158415,49313,58643,1.4674033865648968,0.27017202775295085
1577,0.1715,46,217,46,447412,158198,49359,58597,1.4653933083848976,0.2702875988837381
1578,0.1716,32,231,32,447643,157967,49391,58565,1.4632535477416726,0.270468106330704
1579,0.1717,48,225,48,447868,157742,49439,58517,1.4611693652969728,0.27058758248211634
1580,0.1718,37,225,37,448093,157517,49476,58480,1.459085182852273,0.27074450108103354
1581,0.1719,43,204,43,448297,157313,49519,58437,1.4571955241024122,0.27085515643105446
1582,0.172,52,240,52,448537,157073,49571,58385,1.4549723961613992,0.2709808872262808
1583,0.1721,43,226,43,448763,156847,49614,58342,1.452878950683612,0.2711198063098021
1584,0.1722,50,190,50,448953,156657,49664,58292,1.4511189743969766,0.27118991016473676
1585,0.1723,59,174,59,449127,156483,49723,58233,1.449507206639742,0.2712094115017046
1586,0.1724,53,209,53,449336,156274,49776,58180,1.4475712327244432,0.27129361075102354
1587,0.1725,45,193,45,449529,156081,49821,58135,1.4457834673385452,0.2713849572394219
1588,0.1726,22,210,22,449739,155871,49843,58113,1.443838230390159,0.2715763795423957
1589,0.1727,36,211,36,449950,155660,49879,58077,1.4418837304086851,0.2717217889275137
1590,0.1728,50,192,50,450142,155468,49929,58027,1.4401052280558746,0.2717955924026324
1591,0.1729,47,199,47,450341,155269,49976,57980,1.4382618844714514,0.271888731013979
1592,0.173,47,195,47,450536,155074,50023,57933,1.4364555930193783,0.27197697728243675
1593,0.1731,41,219,41,450755,154855,50064,57892,1.434426988773204,0.2721166455931224
1594,0.1732,38,204,38,450959,154651,50102,57854,1.4325373300233428,0.27224771181854546
1595,0.1733,38,211,38,451170,154440,50140,57816,1.4305828300418688,0.27238805970149255
1596,0.1734,37,198,37,451368,154242,50177,57779,1.428748749490533,0.2725154583744063
1597,0.1735,48,183,48,451551,154059,50225,57731,1.4270536144355108,0.2725860522215402
1598,0.1736,37,217,37,451768,153842,50262,57694,1.4250435362555116,0.2727384464110128
1599,0.1737,46,227,46,451995,153615,50308,57648,1.4229408277446367,0.27287314863464024
1600,0.1738,41,228,41,452223,153387,50349,57607,1.4208288562006743,0.27302672113898974
1601,0.1739,51,205,51,452428,153182,50400,57556,1.4189299344177257,0.27311638147842343
1602,0.174,37,188,37,452616,152994,50437,57519,1.4171884841972655,0.2732325319576463
1603,0.1741,42,228,42,452844,152766,50479,57477,1.4150765126533031,0.2733836560551362
1604,0.1742,52,205,52,453049,152561,50531,57425,1.4131775908703545,0.2734706123265361
1605,0.1743,29,223,29,453272,152338,50560,57396,1.41111193449183,0.2736609228832712
1606,0.1744,53,224,53,453496,152114,50613,57343,1.4090370150802178,0.27376979523243433
1607,0.1745,31,222,31,453718,151892,50644,57312,1.406980621734781,0.2739526968891608
1608,0.1746,57,191,57,453909,151701,50701,57255,1.405211382415058,0.27400505369551487
1609,0.1747,50,167,50,454076,151534,50751,57205,1.4036644558894364,0.2740503691212471
1610,0.1748,35,237,35,454313,151297,50786,57170,1.401469117047686,0.27424004758546916
1611,0.1749,46,199,46,454512,151098,50832,57124,1.399625773463263,0.2743418082623354
1612,0.175,47,211,47,454723,150887,50879,57077,1.3976712734817889,0.2744561558731319
1613,0.1751,39,174,39,454897,150713,50918,57038,1.3960595057245544,0.27454982166150826
1614,0.1752,37,197,37,455094,150516,50955,57001,1.3942346882063064,0.2746811104632392
1615,0.1753,44,190,44,455284,150326,50999,56957,1.392474711919671,0.2747789254304502
1616,0.1754,36,169,36,455453,150157,51035,56921,1.3909092593278742,0.27487709945044864
1617,0.1755,45,203,45,455656,149954,51080,56876,1.3890288636111008,0.2749891215007494
1618,0.1756,42,187,42,455843,149767,51122,56834,1.3872966764237282,0.27509063363681685
1619,0.1757,45,218,45,456061,149549,51167,56789,1.3852773352106413,0.27522317750487063
1620,0.1758,40,196,40,456257,149353,51207,56749,1.3834617807254808,0.27534424702331856
1621,0.1759,51,216,51,456473,149137,51258,56698,1.381460965578569,0.2754536400514976
1622,0.176,37,179,37,456652,148958,51295,56661,1.3798028826558968,0.27556305594327374
1623,0.1761,48,216,48,456868,148742,51343,56613,1.377802067508985,0.27568357235032015
1624,0.1762,45,211,45,457079,148531,51388,56568,1.3758475675275113,0.2758082682021853
1625,0.1763,37,168,37,457247,148363,51425,56531,1.3742913779688022,0.27590363797866213
1626,0.1764,53,194,53,457441,148169,51478,56478,1.3724943495498165,0.2759776590910201
1627,0.1765,31,196,31,457637,147973,51509,56447,1.370678795064656,0.2761324723608258
1628,0.1766,52,211,52,457848,147762,51561,56395,1.368724295083182,0.2762334869732608
1629,0.1767,49,199,49,458047,147563,51610,56346,1.3668809514987588,0.2763291468252995
1630,0.1768,40,215,40,458262,147348,51650,56306,1.3648893993849347,0.2764787335382561
1631,0.1769,34,198,34,458460,147150,51684,56272,1.363055318833599,0.27662691350984653
1632,0.177,32,207,32,458667,146943,51716,56240,1.3611378709844753,0.2767948105894686
1633,0.1771,51,175,51,458842,146768,51767,56189,1.359516840194153,0.27685174692176173
1634,0.1772,49,209,49,459051,146559,51816,56140,1.3575808662788544,0.27696239251303656
1635,0.1773,40,200,40,459251,146359,51856,56100,1.3557282596613436,0.27709313984559836
1636,0.1774,52,181,52,459432,146178,51908,56048,1.3540516506724962,0.27715526193466716
1637,0.1775,48,181,48,459613,145997,51956,56000,1.3523750416836489,0.2772318400768328
1638,0.1776,35,190,35,459803,145807,51991,55965,1.3506150653970137,0.27736752373966655
1639,0.1777,33,178,33,459981,145629,52024,55932,1.348966245507429,0.27749415809606026
1640,0.1778,47,185,47,460166,145444,52071,55885,1.3472525843862315,0.277580477725514
1641,0.1779,35,208,35,460374,145236,52106,55850,1.34532587350402,0.2777418616910178
1642,0.178,50,228,50,460602,145008,52156,55800,1.3432139019600577,0.2778773754033704
1643,0.1781,40,195,40,460797,144813,52196,55760,1.3414076105079846,0.27800351991544225
1644,0.1782,39,175,39,460972,144638,52235,55721,1.3397865797176627,0.2781058000888405
1645,0.1783,43,187,43,461159,144451,52278,55678,1.3380543925302901,0.2782105541925458
1646,0.1784,56,185,56,461344,144266,52334,55622,1.3363407314090925,0.27826582886416396
1647,0.1785,43,183,43,461527,144083,52377,55579,1.3346455963540702,0.2783654375895263
1648,0.1786,41,196,41,461723,143887,52418,55538,1.3328300418689096,0.27849066064936695
1649,0.1787,33,180,33,461903,143707,52451,55505,1.3311626959131497,0.27862277372849026
1650,0.1788,40,179,40,462082,143528,52491,55465,1.3295046129904775,0.27872839748131845
1651,0.1789,53,178,53,462260,143350,52544,55412,1.327855793100893,0.27878568338012294
1652,0.179,38,183,38,462443,143167,52582,55374,1.3261606580458705,0.27890460912355636
1653,0.1791,39,186,39,462629,142981,52621,55335,1.3244377338915854,0.2790243853244317
1654,0.1792,41,174,41,462803,142807,52662,55294,1.322825966134351,0.2791202467428231
1655,0.1793,42,194,42,462997,142613,52704,55252,1.3210289377153654,0.2792408965708943
1656,0.1794,34,182,34,463179,142431,52738,55218,1.3193430656934306,0.27937404186208886
1657,0.1795,51,163,51,463342,142268,52789,55167,1.3178331913001593,0.27941854281155826
1658,0.1796,37,165,37,463507,142103,52826,55130,1.3163047908407128,0.27951711934615403
1659,0.1797,39,191,39,463698,141912,52865,55091,1.31453555152099,0.279645487632168
1660,0.1798,40,164,40,463862,141748,52905,55051,1.3130164140946312,0.279732112459921
1661,0.1799,37,173,37,464035,141575,52942,55014,1.3114139093704842,0.27984271754777734
1662,0.18,44,178,44,464213,141397,52986,54970,1.3097650894808996,0.27993501963160816
1663,0.1801,47,178,47,464391,141219,53033,54923,1.3081162695913149,0.2800165186446554
1664,0.1802,43,202,43,464593,141017,53076,54880,1.3062451369076291,0.28014722022287225
1665,0.1803,39,174,39,464767,140843,53115,54841,1.3046333691503946,0.28025285664642996
1666,0.1804,49,196,49,464963,140647,53164,54792,1.302817814665234,0.28035346067059286
1667,0.1805,40,178,40,465141,140469,53204,54752,1.3011689947756493,0.28046163066473384
1668,0.1806,39,158,39,465299,140311,53243,54713,1.2997054355478157,0.28054495856920175
1669,0.1807,51,182,51,465481,140129,53294,54662,1.2980195635258809,0.28061871441699054
1670,0.1808,51,194,51,465675,139935,53345,54611,1.2962225351068954,0.2807099606262786
1671,0.1809,44,169,44,465844,139766,53389,54567,1.2946570825150987,0.28079121919591626
1672,0.181,49,200,49,466044,139566,53438,54518,1.2928044758975878,0.2808989921889491
1673,0.1811,39,202,39,466246,139364,53477,54479,1.2909333432139019,0.2810470329080751
1674,0.1812,42,174,42,466420,139190,53519,54437,1.2893215754566676,0.2811436421573438
1675,0.1813,30,163,30,466583,139027,53549,54407,1.2878117010633963,0.28126906334977303
1676,0.1814,51,152,51,466735,138875,53600,54356,1.2864037200340879,0.2813006194658207
1677,0.1815,47,177,47,466912,138698,53647,54309,1.2847641631775908,0.28138357676146464
1678,0.1816,34,172,34,467084,138526,53681,54275,1.2831709214865314,0.2815078759964938
1679,0.1817,50,173,50,467257,138353,53731,54225,1.2815684167623846,0.2815742192773837
1680,0.1818,44,205,44,467462,138148,53775,54181,1.279669494979436,0.2817099865334921
1681,0.1819,48,182,48,467644,137966,53823,54133,1.2779836229575012,0.2817974065455833
1682,0.182,41,167,41,467811,137799,53864,54092,1.2764366964318796,0.28188919751317154
1683,0.1821,46,186,46,467997,137613,53910,54046,1.2747137722775945,0.28199041005118464
1684,0.1822,48,162,48,468159,137451,53958,53998,1.2732131609174109,0.28204900521809984
1685,0.1823,37,179,37,468338,137272,53995,53961,1.2715550779947387,0.28217410175022095
1686,0.1824,41,187,41,468525,137085,54036,53920,1.2698228908073659,0.2822962749666239
1687,0.1825,30,185,30,468710,136900,54066,53890,1.2681092296861685,0.28245715184233977
1688,0.1826,45,180,45,468890,136720,54111,53845,1.2664418837304088,0.2825545089601973
1689,0.1827,37,166,37,469056,136554,54148,53808,1.2649042202378746,0.2826614555425978
1690,0.1828,42,197,42,469253,136357,54190,53766,1.2630794027196266,0.2827958742498277
1691,0.1829,34,169,34,469422,136188,54224,53732,1.2615139501278299,0.28291912384161755
1692,0.183,43,182,43,469604,136006,54267,53689,1.259828078105895,0.2830280186615356
1693,0.1831,43,165,43,469769,135841,54310,53646,1.2582996776464486,0.28311177020059425
1694,0.1832,37,176,37,469945,135665,54347,53609,1.256669383823039,0.28323488698923255
1695,0.1833,32,163,32,470108,135502,54379,53577,1.2551595094297676,0.2833577499352123
1696,0.1834,41,181,41,470289,135321,54420,53536,1.2534829004409205,0.28347373939012055
1697,0.1835,38,166,38,470455,135155,54458,53498,1.2519452369483863,0.2835788458174532
1698,0.1836,48,220,48,470675,134935,54506,53450,1.2499073696691245,0.28372747299413437
1699,0.1837,43,170,43,470845,134765,54549,53407,1.2483326540442403,0.2838201220160279
1700,0.1838,42,169,42,471014,134596,54591,53365,1.2467672014524436,0.2839152802975085
1701,0.1839,41,208,41,471222,134388,54632,53324,1.2448404905702324,0.2840734742584385
1702,0.184,35,166,35,471388,134222,54667,53289,1.2433028270776982,0.2841913274421234
1703,0.1841,32,151,32,471539,134071,54699,53257,1.2419041090814777,0.2842981294841134
1704,0.1842,33,172,33,471711,133899,54732,53224,1.2403108673904184,0.2844332337553374
1705,0.1843,45,164,45,471875,133735,54777,53179,1.2387917299640594,0.2845105235562879
1706,0.1844,42,173,42,472048,133562,54819,53137,1.2371892252399126,0.28461320092769643
1707,0.1845,47,176,47,472224,133386,54866,53090,1.235558931416503,0.2847015165490465
1708,0.1846,42,140,42,472364,133246,54908,53048,1.2342621067842454,0.2847542057178438
1709,0.1847,50,188,50,472552,133058,54958,52998,1.2325206565637852,0.28484972266414416
1710,0.1848,33,154,33,472706,132904,54991,52965,1.2310941494683019,0.2849587612781045
1711,0.1849,46,162,46,472868,132742,55037,52919,1.2295935381081182,0.2850302432928833
1712,0.185,47,178,47,473046,132564,55084,52872,1.2279447182185335,0.28512262991004983
1713,0.1851,32,140,32,473186,132424,55116,52840,1.226647893586276,0.2852146126608515
1714,0.1852,44,188,44,473374,132236,55160,52796,1.2249064433658157,0.2853344286393705
1715,0.1853,31,190,31,473564,132046,55191,52765,1.2231464670791805,0.2855078972571979
1716,0.1854,48,173,48,473737,131873,55239,52717,1.2215439623550335,0.28558968524838835
1717,0.1855,39,174,39,473911,131699,55278,52678,1.219932194597799,0.28570808723430796
1718,0.1856,28,170,28,474081,131529,55306,52650,1.2183574789729148,0.2858632091606535
1719,0.1857,41,157,41,474238,131372,55347,52609,1.216903182778169,0.285948005500568
1720,0.1858,44,160,44,474398,131212,55391,52565,1.2154210974841602,0.2860259989008418
1721,0.1859,43,165,43,474563,131047,55434,52522,1.2138926970247137,0.286115847447009
1722,0.186,35,183,35,474746,130864,55469,52487,1.2121975619696914,0.28626514172270673
1723,0.1861,53,155,53,474901,130709,55522,52434,1.2107617918411204,0.2863008687200712
1724,0.1862,37,161,37,475062,130548,55559,52397,1.2092704435140242,0.2864084834239799
1725,0.1863,40,182,40,475244,130366,55599,52357,1.2075845714920894,0.28653754590281466
1726,0.1864,53,186,53,475430,130180,55652,52304,1.2058616473378043,0.28662238881216984
1727,0.1865,38,186,38,475616,129994,55690,52266,1.2041387231835192,0.2867661582354878
1728,0.1866,48,159,48,475775,129835,55738,52218,1.2026659009225982,0.2868285609135801
1729,0.1867,37,168,37,475943,129667,55775,52181,1.2011097113638889,0.28694844045576523
1730,0.1868,48,167,48,476110,129500,55823,52133,1.1995627848382675,0.28702383377469953
1731,0.1869,37,174,37,476284,129326,55860,52096,1.197951017081033,0.28715370792957856
1732,0.187,33,158,33,476442,129168,55893,52063,1.1964874578531994,0.2872742521974717
1733,0.1871,52,170,52,476612,128998,55945,52011,1.1949127422283152,0.2873393035705407
1734,0.1872,31,150,31,476762,128848,55976,51980,1.1935232872651822,0.28745548255801096
1735,0.1873,43,162,43,476924,128686,56019,51937,1.1920226759049983,0.2875436683035937
1736,0.1874,49,139,49,477063,128547,56068,51888,1.1907351143058282,0.2875717017208413
1737,0.1875,35,153,35,477216,128394,56103,51853,1.1893178702434326,0.28767746481217443
1738,0.1876,41,190,41,477406,128204,56144,51812,1.1875578939567972,0.28781886054572925
1739,0.1877,36,167,36,477573,128037,56180,51776,1.1860109674311756,0.2879435858363967
1740,0.1878,43,190,43,477763,127847,56223,51733,1.1842509911445405,0.288077736941753
1741,0.1879,43,164,43,477927,127683,56266,51690,1.1827318537181815,0.2881704604371895
1742,0.188,41,162,41,478089,127521,56307,51649,1.1812312423579978,0.2882681252441815
1743,0.1881,33,169,33,478258,127352,56340,51616,1.179665789766201,0.28840910106834744
1744,0.1882,47,175,47,478433,127177,56387,51569,1.1780447589758791,0.28850435813948283
1745,0.1883,29,143,29,478576,127034,56416,51540,1.1767201452443588,0.2886198438742482
1746,0.1884,38,165,38,478741,126869,56454,51502,1.1751917447849123,0.2887352764743148
1747,0.1885,31,159,31,478900,126710,56485,51471,1.1737189225239912,0.28886918358298586
1748,0.1886,30,186,30,479086,126524,56515,51441,1.1719959983697061,0.28905121793611105
1749,0.1887,46,166,46,479252,126358,56561,51395,1.1704583348771722,0.28913717349355567
1750,0.1888,31,163,31,479415,126195,56592,51364,1.1689484604839009,0.28927849334587374
1751,0.1889,44,159,44,479574,126036,56636,51320,1.1674756382229798,0.28936151018290895
1752,0.189,39,155,39,479729,125881,56675,51281,1.1660398680944088,0.2894582359648232
1753,0.1891,35,135,35,479864,125746,56710,51246,1.164789358627589,0.289538510215151
1754,0.1892,38,157,38,480021,125589,56748,51208,1.163335062432843,0.2896429238052682
1755,0.1893,43,178,43,480199,125411,56791,51165,1.1616862425432584,0.289761915549112
1756,0.1894,44,155,44,480354,125256,56835,51121,1.1602504724146874,0.2898393781502123
1757,0.1895,35,175,35,480529,125081,56870,51086,1.1586294416243654,0.2899862062701868
1758,0.1896,35,157,35,480686,124924,56905,51051,1.1571751454296195,0.29010370791305584
1759,0.1897,29,158,29,480844,124766,56934,51022,1.155711586201786,0.2902473433909027
1760,0.1898,39,139,39,480983,124627,56973,50983,1.1544240246026158,0.2903194578896418
1761,0.1899,53,206,53,481189,124421,57026,50930,1.1525158397865798,0.290446019697635
1762,0.19,36,170,36,481359,124251,57062,50894,1.1509411241616956,0.29058208912615263
1763,0.1901,37,165,37,481524,124086,57099,50857,1.1494127237022491,0.2907061157062586
1764,0.1902,34,178,34,481702,123908,57133,50823,1.1477639038126644,0.2908642427502847
1765,0.1903,29,162,29,481864,123746,57162,50794,1.1462632924524807,0.2910163859287269
1766,0.1904,33,141,33,482005,123605,57195,50761,1.1449572047871355,0.29111753438170285
1767,0.1905,52,167,52,482172,123438,57247,50709,1.1434102782615139,0.29118503333390755
1768,0.1906,33,181,33,482353,123257,57280,50676,1.1417336692726667,0.2913535671781663
1769,0.1907,35,152,35,482505,123105,57315,50641,1.1403256882433583,0.29146570280754663
1770,0.1908,38,151,38,482656,122954,57353,50603,1.1389269702471376,0.2915641547157418
1771,0.1909,52,163,52,482819,122791,57405,50551,1.1374170958538663,0.29162580332521837
1772,0.191,31,160,31,482979,122631,57436,50520,1.1359350105598578,0.2917684564339796
1773,0.1911,36,151,36,483130,122480,57472,50484,1.134536292563637,0.29187576605536414
1774,0.1912,31,134,31,483264,122346,57503,50453,1.1332950461299047,0.2919750693001696
1775,0.1913,32,138,32,483402,122208,57535,50421,1.1320167475638223,0.29207722920250945
1776,0.1914,38,165,38,483567,122043,57573,50383,1.1304883471043758,0.292200712189577
1777,0.1915,34,158,34,483725,121885,57607,50349,1.1290247878765423,0.29232904072366667
1778,0.1916,51,176,51,483901,121709,57658,50298,1.1273944940531329,0.29241833181207744
1779,0.1917,33,143,33,484044,121566,57691,50265,1.1260698803216125,0.2925257956946069
1780,0.1918,42,167,42,484211,121399,57733,50223,1.1245229537959909,0.2926373075712904
1781,0.1919,49,162,49,484373,121237,57782,50174,1.1230223424358072,0.292711669612802
1782,0.192,34,148,34,484521,121089,57816,50140,1.1216514135388491,0.2928242295405568
1783,0.1921,45,167,45,484688,120922,57861,50095,1.1201044870132275,0.292924095265383
1784,0.1922,28,174,28,484862,120748,57889,50067,1.1184927192559933,0.29310657729122147
1785,0.1923,32,116,32,484978,120632,57921,50035,1.117418207417837,0.29317325552098533
1786,0.1924,50,160,50,485138,120472,57971,49985,1.1159361221238282,0.2932411106613398
1787,0.1925,35,150,35,485288,120322,58006,49950,1.1145466671606952,0.2933541627513625
1788,0.1926,37,145,37,485433,120177,58043,49913,1.1132035273629997,0.293450526192016
1789,0.1927,31,181,31,485614,119996,58074,49882,1.1115269183741525,0.29363425517135827
1790,0.1928,45,171,45,485785,119825,58119,49837,1.1099429397161806,0.29374285343801204
1791,0.1929,48,146,48,485931,119679,58167,49789,1.1085905368853977,0.29379587886798686
1792,0.193,46,171,46,486102,119508,58213,49743,1.107006558227426,0.29390077458921954
1793,0.1931,39,151,39,486253,119357,58252,49704,1.1056078402312053,0.2940003903916338
1794,0.1932,35,141,35,486394,119216,58287,49669,1.1043017525658603,0.2940995351866655
1795,0.1933,30,170,30,486564,119046,58317,49639,1.1027270369409758,0.29427038563002045
1796,0.1934,41,159,41,486723,118887,58358,49598,1.1012542146800548,0.2943763539780989
1797,0.1935,38,127,38,486850,118760,58396,49560,1.1000778094779355,0.29443916349809884
1798,0.1936,41,152,41,487002,118608,58437,49519,1.0986698284486272,0.2945332992321281
1799,0.1937,40,157,40,487159,118451,58477,49479,1.0972155322538812,0.29464062406955277
1800,0.1938,36,146,36,487305,118305,58513,49443,1.0958631294230983,0.2947456899635167
1801,0.1939,33,141,33,487446,118164,58546,49410,1.0945570417577533,0.2948548104121164
1802,0.194,41,184,41,487630,117980,58587,49369,1.0928526436696433,0.29500624443528195
1803,0.1941,38,138,38,487768,117842,58625,49331,1.0915743451035607,0.29508951804418176
1804,0.1942,35,125,35,487893,117717,58660,49296,1.0904164659676165,0.29516265200912506
1805,0.1943,30,147,30,488040,117570,58690,49266,1.089054800103746,0.2952959792850464
1806,0.1944,33,136,33,488176,117434,58723,49233,1.0877950276038386,0.2953974092051816
1807,0.1945,38,125,38,488301,117309,58761,49195,1.0866371484678943,0.29545836736654973
1808,0.1946,39,150,39,488451,117159,58800,49156,1.0852476935047612,0.29555963082103237
1809,0.1947,33,160,33,488611,116999,58833,49123,1.0837656082107525,0.29570436185454063
1810,0.1948,36,158,36,488769,116841,58869,49087,1.082302048982919,0.2958331324429873
1811,0.1949,33,147,33,488916,116694,58902,49054,1.0809403831190485,0.2959553056447137
1812,0.195,47,151,47,489067,116543,58949,49007,1.0795416651228278,0.29602536997885837
1813,0.1951,37,146,37,489213,116397,58986,48970,1.0781892622920448,0.29612921562343153
1814,0.1952,36,130,36,489343,116267,59022,48934,1.076985067990663,0.2962088607211821
1815,0.1953,40,115,40,489458,116152,59062,48894,1.075919819185594,0.2962446833004132
1816,0.1954,46,131,46,489589,116021,59108,48848,1.0747063618511246,0.296283716162529
1817,0.1955,40,153,40,489742,115868,59148,48808,1.0732891177887287,0.2963880589764143
1818,0.1956,40,140,40,489882,115728,59188,48768,1.0719922931564712,0.2964692150569011
1819,0.1957,34,136,34,490018,115592,59222,48734,1.0707325206565639,0.29656901525017343
1820,0.1958,32,151,32,490169,115441,59254,48702,1.0693338026603432,0.29670470260687326
1821,0.1959,39,150,39,490319,115291,59293,48663,1.06794434769721,0.296808861021994
1822,0.196,32,155,32,490474,115136,59325,48631,1.0665085775686391,0.29695237746310305
1823,0.1961,36,157,36,490631,114979,59361,48595,1.065054281373893,0.29708266594935623
1824,0.1962,31,140,31,490771,114839,59392,48564,1.0637574567416355,0.29720384570662717
1825,0.1963,44,140,44,490911,114699,59436,48520,1.062460632109378,0.29726931300890214
1826,0.1964,31,161,31,491072,114538,59467,48489,1.0609692837822817,0.2974292601838959
1827,0.1965,34,138,34,491210,114400,59501,48455,1.059690985216199,0.29753461668355285
1828,0.1966,39,138,39,491348,114262,59540,48416,1.0584126866501167,0.29761860853956895
1829,0.1967,39,139,39,491487,114123,59579,48377,1.0571251250509466,0.2977046153846154
1830,0.1968,41,147,41,491634,113976,59620,48336,1.0557634591870761,0.29779683572379123
1831,0.1969,31,141,31,491775,113835,59651,48305,1.0544573715217311,0.29792154927840137
1832,0.197,47,172,47,491947,113663,59698,48258,1.0528641298306718,0.29803422656727663
1833,0.1971,38,160,38,492107,113503,59736,48220,1.051382044536663,0.2981641448649852
1834,0.1972,46,120,46,492227,113383,59782,48174,1.0502704805661567,0.2981857796319565
1835,0.1973,38,127,38,492354,113256,59820,48136,1.0490940753640372,0.29825517993456924
1836,0.1974,31,158,31,492512,113098,59851,48105,1.0476305161362036,0.29841256056028737
1837,0.1975,31,142,31,492654,112956,59882,48074,1.046315165437771,0.29854064460038504
1838,0.1976,28,135,28,492789,112821,59910,48046,1.045064655970951,0.2986690868854395
1839,0.1977,34,133,34,492922,112688,59944,48012,1.0438326725703064,0.2987678904791537
1840,0.1978,47,147,47,493069,112541,59991,47965,1.042471006706436,0.29883618057891914
1841,0.1979,34,150,34,493219,112391,60025,47931,1.0410815517433027,0.2989670787540076
1842,0.198,45,153,45,493372,112238,60070,47886,1.0396643076809071,0.2990557318078489
1843,0.1981,28,135,28,493507,112103,60098,47858,1.0384137982140873,0.29918542644769663
1844,0.1982,33,125,33,493632,111978,60131,47825,1.037255919078143,0.29927473201379196
1845,0.1983,42,145,42,493777,111833,60173,47783,1.0359127792804477,0.2993622193263833
1846,0.1984,33,137,33,493914,111696,60206,47750,1.0346437437474527,0.2994744302146181
1847,0.1985,32,149,32,494063,111547,60238,47718,1.0332635518174071,0.2996138511286221
1848,0.1986,35,152,35,494215,111395,60273,47683,1.0318555707880988,0.29974603653553605
1849,0.1987,20,140,20,494355,111255,60293,47663,1.0305587461558412,0.29992197233793527
1850,0.1988,45,148,45,494503,111107,60338,47618,1.0291878172588833,0.3000031501023783
1851,0.1989,36,141,36,494644,110966,60374,47582,1.027881729593538,0.30011100739208313
1852,0.199,43,132,43,494776,110834,60417,47539,1.0266590092259809,0.3001711150259198
1853,0.1991,30,143,30,494919,110691,60447,47509,1.0253343954944607,0.30030973451327436
1854,0.1992,35,128,35,495047,110563,60482,47474,1.0241487272592538,0.3003980080614033
1855,0.1993,34,135,34,495182,110428,60516,47440,1.022898217792434,0.30050421871436894
1856,0.1994,36,137,36,495319,110291,60552,47404,1.021629182259439,0.3006055994165953
1857,0.1995,37,136,37,495455,110155,60589,47367,1.0203694097595317,0.3007008544838181
1858,0.1996,39,138,39,495593,110017,60628,47328,1.019091111193449,0.3007912548857606
1859,0.1997,35,136,35,495729,109881,60663,47293,1.0178313386935418,0.30089582246427526
1860,0.1998,42,142,42,495871,109739,60705,47251,1.0165159879951091,0.30098095420090454
1861,0.1999,47,148,47,496019,109591,60752,47204,1.015145059098151,0.30105551835198824
1862,0.2,35,137,35,496156,109454,60787,47169,1.0138760235651563,0.3011626644873358
1863,0.2001,37,132,37,496288,109322,60824,47132,1.012653303197599,0.30125148605980034
1864,0.2002,37,151,37,496439,109171,60861,47095,1.0112545852013783,0.30137713898096835
1865,0.2003,31,143,31,496582,109028,60892,47064,1.0099299714698582,0.301514491453758
1866,0.2004,31,154,31,496736,108874,60923,47033,1.0085034643743747,0.3016734335212659
1867,0.2005,28,152,28,496888,108722,60951,47005,1.0070954833450665,0.3018423266357151
1868,0.2006,30,141,30,497029,108581,60981,46975,1.0057893956797215,0.30198128005348557
1869,0.2007,28,141,28,497170,108440,61009,46947,1.0044833080143762,0.30212952177466584
1870,0.2008,55,132,55,497302,108308,61064,46892,1.003260587646819,0.302139175257732
1871,0.2009,29,129,29,497431,108179,61093,46863,1.0020656563785246,0.3022600327653152
1872,0.201,29,155,29,497586,108024,61122,46834,1.0006298862499536,0.30243190535845743
1873,0.2011,32,137,32,497723,107887,61154,46802,0.9993608507169588,0.30255544996735384
1874,0.2012,36,138,36,497861,107749,61190,46766,0.9980825521508763,0.3026631718603372
1875,0.2013,38,142,38,498003,107607,61228,46728,0.9967672014524436,0.3027699484886772
1876,0.2014,36,130,36,498133,107477,61264,46692,0.9955630071510615,0.3028624431630224
1877,0.2015,31,133,31,498266,107344,61295,46661,0.9943310237504168,0.3029836693613844
1878,0.2016,38,139,38,498405,107205,61333,46623,0.9930434621512468,0.3030852640611592
1879,0.2017,37,154,37,498559,107051,61370,46586,0.9916169550557634,0.30322122926118056
1880,0.2018,36,138,36,498697,106913,61406,46550,0.990338656489681,0.3033304444719574
1881,0.2019,34,134,34,498831,106779,61440,46516,0.9890974100559488,0.30344107766071954
1882,0.202,28,138,28,498969,106641,61468,46488,0.9878191114898662,0.3035871716004153
1883,0.2021,32,142,32,499111,106499,61500,46456,0.9865037607914335,0.3037233173155503
1884,0.2022,40,130,40,499241,106369,61540,46416,0.9852995664900515,0.3037994567529535
1885,0.2023,25,145,25,499386,106224,61565,46391,0.9839564266923562,0.3039740523539626
1886,0.2024,47,135,47,499521,106089,61612,46344,0.9827059172255364,0.304028655212454
1887,0.2025,42,138,42,499659,105951,61654,46302,0.9814276186594538,0.3041122342416898
1888,0.2026,32,112,32,499771,105839,61686,46270,0.9803901589536478,0.3041897586599084
1889,0.2027,43,114,43,499885,105725,61729,46227,0.9793341731816666,0.3042210698115194
1890,0.2028,31,131,31,500016,105594,61760,46196,0.978120715847197,0.30434152447460305
1891,0.2029,29,158,29,500174,105436,61789,46167,0.9766571566193635,0.3045256360362262
1892,0.203,39,115,39,500289,105321,61828,46128,0.9755919078142947,0.30457777865816216
1893,0.2031,39,147,39,500436,105174,61867,46089,0.9742302419504243,0.3046944725412031
1894,0.2032,34,132,34,500568,105042,61901,46055,0.9730075215828671,0.30480419862737185
1895,0.2033,42,113,42,500681,104929,61943,46013,0.9719607988439735,0.30483894476023904
1896,0.2034,39,128,39,500809,104801,61982,45974,0.9707751306087665,0.30491792405902834
1897,0.2035,34,117,34,500926,104684,62016,45940,0.9696913557375227,0.30499787550456764
1898,0.2036,34,128,34,501054,104556,62050,45906,0.9685056875023158,0.30510029110340153
1899,0.2037,30,140,30,501194,104416,62080,45876,0.9672088628700581,0.3052457881989727
1900,0.2038,32,133,32,501327,104283,62112,45844,0.9659768794694135,0.30536812165699706
1901,0.2039,29,121,29,501448,104162,62141,45815,0.9648560524658194,0.3054801736266228
1902,0.204,30,120,30,501568,104042,62171,45785,0.9637444884953129,0.305585775594519
1903,0.2041,38,132,38,501700,103910,62209,45747,0.9625217681277558,0.30567898594786747
1904,0.2042,29,114,29,501814,103796,62238,45718,0.9614657823557746,0.3057773853953476
1905,0.2043,33,115,33,501929,103681,62271,45685,0.9604005335507059,0.30585943253484726
1906,0.2044,51,118,51,502047,103563,62322,45634,0.9593074956463744,0.3058640589287988
1907,0.2045,37,104,37,502151,103459,62359,45597,0.9583441402052688,0.3059051631601546
1908,0.2046,33,146,33,502297,103313,62392,45564,0.956991737374486,0.3060513040966704
1909,0.2047,31,116,31,502413,103197,62423,45533,0.9559172255363296,0.3061453640825657
1910,0.2048,34,121,34,502534,103076,62457,45499,0.9547963985327356,0.3062359077906781
1911,0.2049,30,158,30,502692,102918,62487,45469,0.953332839304902,0.30642172157938363
1912,0.205,36,127,36,502819,102791,62523,45433,0.9521564341027826,0.30651581390328153
1913,0.2051,41,117,41,502936,102674,62564,45392,0.9510726592315387,0.3065659908419218
1914,0.2052,32,124,32,503060,102550,62596,45360,0.9499240431286821,0.30667297681022243
1915,0.2053,30,127,30,503187,102423,62626,45330,0.9487476379265627,0.30679580110048527
1916,0.2054,28,127,28,503314,102296,62654,45302,0.9475712327244433,0.3069282781609507
1917,0.2055,28,123,28,503437,102173,62682,45274,0.9464318796546741,0.3070527036833574
1918,0.2056,32,119,32,503556,102054,62714,45242,0.9453295787172552,0.3071502281121008
1919,0.2057,26,153,26,503709,101901,62740,45216,0.9439123346548594,0.3073472134423622
1920,0.2058,44,132,44,503841,101769,62784,45172,0.9426896142873022,0.30741590162037824
1921,0.2059,43,143,43,503984,101626,62827,45129,0.941365000555782,0.30751252086811354
1922,0.206,37,129,37,504113,101497,62864,45092,0.9401700692874875,0.3076083471474667
1923,0.2061,33,136,33,504249,101361,62897,45059,0.9389102967875801,0.30773801393252287
1924,0.2062,34,144,34,504393,101217,62931,45025,0.9375764200229724,0.30788008916727067
1925,0.2063,37,146,37,504539,101071,62968,44988,0.9362240171921894,0.30801251549031555
1926,0.2064,29,124,29,504663,100947,62997,44959,0.9350754010893327,0.30813674557591875
1927,0.2065,37,116,37,504779,100831,63034,44922,0.9340008892511764,0.30820634909744565
1928,0.2066,38,116,38,504895,100715,63072,44884,0.9329263774130201,0.3082713480175001
1929,0.2067,42,129,42,505024,100586,63114,44842,0.9317314461447256,0.3083450229666914
1930,0.2068,32,131,32,505155,100455,63146,44810,0.930517988810256,0.3084707259147076
1931,0.2069,36,137,36,505292,100318,63182,44774,0.9292489532772611,0.30859041160091527
1932,0.207,36,110,36,505402,100208,63218,44738,0.9282300196376302,0.3086528776233908
1933,0.2071,38,118,38,505520,100090,63256,44700,0.9271369817332987,0.3087229781062228
1934,0.2072,42,124,42,505644,99966,63298,44658,0.9259883656304421,0.308786923332227
1935,0.2073,29,137,29,505781,99829,63327,44629,0.9247193300974471,0.30894100707472066
1936,0.2074,35,119,35,505900,99710,63362,44594,0.9236170291600282,0.30902816276749084
1937,0.2075,27,93,27,505993,99617,63389,44567,0.9227555670828856,0.3090980968762137
1938,0.2076,30,131,30,506124,99486,63419,44537,0.921542109748416,0.30923533046805024
1939,0.2077,37,122,37,506246,99364,63456,44500,0.9204120197117344,0.3093199132514041
1940,0.2078,40,117,40,506363,99247,63496,44460,0.9193282448404906,0.3093795013464897
1941,0.2079,31,130,31,506493,99117,63527,44429,0.9181240505391085,0.30951054017527485
1942,0.208,23,119,23,506612,98998,63550,44406,0.9170217496016896,0.3096566344035034
1943,0.2081,35,143,35,506755,98855,63585,44371,0.9156971358701693,0.3097971038777875
1944,0.2082,46,113,46,506868,98742,63631,44325,0.9146504131312757,0.3098198746042064
1945,0.2083,33,129,33,506997,98613,63664,44292,0.9134554818629812,0.3099401700430356
1946,0.2084,39,123,39,507120,98490,63703,44253,0.912316128793212,0.31001870494525124
1947,0.2085,30,152,30,507272,98338,63733,44223,0.9109081477639038,0.31020405300187287
1948,0.2086,29,117,29,507389,98221,63762,44194,0.9098243728926599,0.31031843555805216
1949,0.2087,37,135,37,507524,98086,63799,44157,0.9085738634258401,0.31043355384799254
1950,0.2088,40,121,40,507645,97965,63839,44117,0.9074530364222461,0.3105037935839867
1951,0.2089,28,126,28,507771,97839,63867,44089,0.9062858942532143,0.3106434248351277
1952,0.209,37,145,37,507916,97694,63904,44052,0.9049427544555189,0.31078125661394324
1953,0.2091,35,117,35,508033,97577,63939,44017,0.9038589795842751,0.31086769213384746
1954,0.2092,35,133,35,508166,97444,63974,43982,0.9026269961836304,0.3109894927382518
1955,0.2093,37,120,37,508286,97324,64011,43945,0.9015154322131239,0.3110732007729934
1956,0.2094,34,131,34,508417,97193,64045,43911,0.9003019748786543,0.31119599727860303
1957,0.2095,33,140,33,508557,97053,64078,43878,0.8990051502463967,0.31134384911765334
1958,0.2096,27,122,27,508679,96931,64105,43851,0.8978750602097151,0.3114815814521743
1959,0.2097,39,111,39,508790,96820,64144,43812,0.8968468635369966,0.31153649240571135
1960,0.2098,45,134,45,508924,96686,64189,43767,0.8956056171032643,0.31161313749083325
1961,0.2099,23,120,23,509044,96566,64212,43744,0.8944940531327578,0.31176680208110613
1962,0.21,26,108,26,509152,96458,64238,43718,0.8934936455593019,0.31187935167218356
1963,0.2101,36,134,36,509286,96324,64274,43682,0.8922523991255696,0.3120009142465323
1964,0.2102,39,133,39,509419,96191,64313,43643,0.891020415724925,0.3121057825707625
1965,0.2103,34,121,34,509540,96070,64347,43609,0.8898995887213309,0.31220870710700965
1966,0.2104,33,121,33,509661,95949,64380,43576,0.8887787617177368,0.312316789105895
1967,0.2105,34,103,34,509764,95846,64414,43542,0.8878246693097188,0.312379831836313
1968,0.2106,33,140,33,509904,95706,64447,43509,0.8865278446774612,0.31253097726538087
1969,0.2107,36,114,36,510018,95592,64483,43473,0.88547185890548,0.31260921151979293
1970,0.2108,37,131,37,510149,95461,64520,43436,0.8842584015710104,0.3127209370972735
1971,0.2109,28,115,28,510264,95346,64548,43408,0.8831931527659417,0.31284143159836836
1972,0.211,31,146,31,510410,95200,64579,43377,0.8818407499351588,0.3130173116750976
1973,0.2111,36,135,36,510545,95065,64615,43341,0.880590240468339,0.3131439388465818
1974,0.2112,32,120,32,510665,94945,64647,43309,0.8794786764978324,0.3132567592981035
1975,0.2113,27,113,27,510778,94832,64674,43282,0.8784319537589388,0.3133788030177969
1976,0.2114,40,148,40,510926,94684,64714,43242,0.8770610248619808,0.3135159433319316
1977,0.2115,36,127,36,511053,94557,64750,43206,0.8758846196598614,0.31362557435595917
1978,0.2116,40,119,40,511172,94438,64790,43166,0.8747823187224425,0.3136972762419697
1979,0.2117,30,119,30,511291,94319,64820,43136,0.8736800177850236,0.31381906805863735
1980,0.2118,37,133,37,511424,94186,64857,43099,0.8724480343843788,0.313938157846815
1981,0.2119,32,133,32,511557,94053,64889,43067,0.8712160509837341,0.3140825554259043
1982,0.212,36,119,36,511676,93934,64925,43031,0.8701137500463152,0.3141751542364838
1983,0.2121,30,92,30,511768,93842,64955,43001,0.8692615510022602,0.3142360223029311
1984,0.2122,26,112,26,511880,93730,64981,42975,0.8682240912964541,0.3143630445119052
1985,0.2123,43,103,43,511983,93627,65024,42932,0.867269998888436,0.31438425881853266
1986,0.2124,27,120,27,512103,93507,65051,42905,0.8661584349179295,0.31452511509251385
1987,0.2125,36,124,36,512227,93383,65087,42869,0.8650098188150728,0.31463024395972167
1988,0.2126,32,138,32,512365,93245,65119,42837,0.8637315202489904,0.3147881424435267
1989,0.2127,26,109,26,512474,93136,65145,42811,0.8627218496424469,0.31490948678529135
1990,0.2128,44,130,44,512604,93006,65189,42767,0.8615176553410648,0.31498898897424377
1991,0.2129,24,123,24,512727,92883,65213,42743,0.8603783022712957,0.31515343665668827
1992,0.213,31,124,31,512851,92759,65244,42712,0.859229686168439,0.315285190188306
1993,0.2131,28,116,28,512967,92643,65272,42684,0.8581551743302827,0.31541377552151456
1994,0.2132,30,117,30,513084,92526,65302,42654,0.8570713994590389,0.31553484243231245
1995,0.2133,24,126,24,513210,92400,65326,42630,0.8559042572900071,0.3157076205287714
1996,0.2134,38,135,38,513345,92265,65364,42592,0.8546537478231873,0.3158308430411473
1997,0.2135,28,102,28,513447,92163,65392,42564,0.8537089184482567,0.3159277650359616
1998,0.2136,25,113,25,513560,92050,65417,42539,0.8526621957093631,0.3160659489259895
1999,0.2137,23,109,23,513669,91941,65440,42516,0.8516525251028196,0.3162051808384837
2000,0.2138,44,116,44,513785,91825,65484,42472,0.8505780132646634,0.3162542722473324
2001,0.2139,31,90,31,513875,91735,65515,42441,0.8497443402867835,0.31630843071786313
2002,0.214,31,110,31,513985,91625,65546,42410,0.8487254066471526,0.3164098929384116
2003,0.2141,25,96,25,514081,91529,65571,42385,0.8478361554707473,0.3165091028570575
2004,0.2142,39,117,39,514198,91412,65610,42346,0.8467523805995035,0.3165866714514272
2005,0.2143,42,115,42,514313,91297,65652,42304,0.8456871317944348,0.3166443364944873
2006,0.2144,30,101,30,514414,91196,65682,42274,0.8447515654525918,0.3167303513898254
2007,0.2145,34,117,34,514531,91079,65716,42240,0.843667790581348,0.3168340596614136
2008,0.2146,24,132,24,514663,90947,65740,42216,0.8424450702137908,0.3170249994367805
2009,0.2147,33,106,33,514769,90841,65773,42183,0.84146318870651,0.31710819100312726
2010,0.2148,32,105,32,514874,90736,65805,42151,0.8404905702323169,0.31719430794584874
2011,0.2149,33,113,33,514987,90623,65838,42118,0.8394438474934233,0.31729458117687825
2012,0.215,32,114,32,515101,90509,65870,42086,0.8383878617214421,0.31740261699159095
2013,0.2151,31,110,31,515211,90399,65901,42055,0.8373689280818111,0.3175064550711945
2014,0.2152,33,96,33,515307,90303,65934,42022,0.8364796769054059,0.3175665973927829
2015,0.2153,32,98,32,515405,90205,65966,41990,0.8355718996628256,0.3176368243882144
2016,0.2154,32,105,32,515510,90100,65998,41958,0.8345992811886324,0.3177240303503006
2017,0.2155,33,134,33,515644,89966,66031,41925,0.8333580347549001,0.3178761249819927
2018,0.2156,38,82,38,515726,89884,66069,41887,0.8325984660417207,0.31787722640034605
2019,0.2157,39,119,39,515845,89765,66108,41848,0.8314961651043018,0.31796251130207503
2020,0.2158,26,97,26,515942,89668,66134,41822,0.830597650894809,0.3180622100539965
2021,0.2159,25,132,25,516074,89536,66159,41797,0.8293749305272519,0.31825207678192075
2022,0.216,35,104,35,516178,89432,66194,41762,0.8284115750861462,0.3183224842599509
2023,0.2161,27,109,27,516287,89323,66221,41735,0.8274019044796028,0.31844679454897834
2024,0.2162,39,109,39,516396,89214,66260,41696,0.8263922338730594,0.31850889924375525
2025,0.2163,35,111,35,516507,89103,66295,41661,0.8253640372003409,0.31859686152151967
2026,0.2164,30,115,30,516622,88988,66325,41631,0.8242987883952722,0.3187208599055268
2027,0.2165,31,102,31,516724,88886,66356,41600,0.8233539590203416,0.3188081480005518
2028,0.2166,35,80,35,516804,88806,66391,41565,0.8226129163733373,0.31882090342177327
2029,0.2167,29,129,29,516933,88677,66420,41536,0.8214179851050428,0.31898504757589485
2030,0.2168,36,99,36,517032,88578,66456,41500,0.820500944829375,0.3190393456233952
2031,0.2169,30,125,30,517157,88453,66486,41470,0.8193430656934306,0.3191890581344335
2032,0.217,22,128,22,517285,88325,66508,41448,0.8181573974582237,0.31938847063718956
2033,0.2171,33,114,33,517399,88211,66541,41415,0.8171014116862425,0.3194960887476278
2034,0.2172,30,121,30,517520,88090,66571,41385,0.8159805846826484,0.3196369955589882
2035,0.2173,39,117,39,517637,87973,66610,41346,0.8148968098114047,0.3197210000077328
2036,0.2174,28,116,28,517753,87857,66638,41318,0.8138222979732483,0.31986065415134507
2037,0.2175,28,125,28,517878,87732,66666,41290,0.8126644188373041,0.320022941823875
2038,0.2176,32,97,32,517975,87635,66698,41258,0.8117659046278113,0.32009496248826547
2039,0.2177,27,116,27,518091,87519,66725,41231,0.8106913927896551,0.3202407766990291
2040,0.2178,29,118,29,518209,87401,66754,41202,0.8095983548853236,0.32038132858486973
2041,0.2179,25,112,25,518321,87289,66779,41177,0.8085608951795176,0.32052838883439977
2042,0.218,26,87,26,518408,87202,66805,41151,0.8077550113009003,0.32060801072043504
2043,0.2181,29,124,29,518532,87078,66834,41122,0.8066063951980437,0.3207644305772231
2044,0.2182,31,106,31,518638,86972,66865,41091,0.8056245136907629,0.32086551150605563
2045,0.2183,29,109,29,518747,86863,66894,41062,0.8046148430842195,0.320984952120383
2046,0.2184,43,106,43,518853,86757,66937,41019,0.8036329615769388,0.3210227272727273
2047,0.2185,34,84,34,518937,86673,66971,40985,0.8028548667975842,0.3210531263218913
2048,0.2186,26,106,26,519043,86567,66997,40959,0.8018729852903035,0.32118156297539324
2049,0.2187,46,120,46,519163,86447,67043,40913,0.800761421319797,0.3212390075376884
2050,0.2188,31,108,31,519271,86339,67074,40882,0.7997610137463411,0.32134631861092117
2051,0.2189,35,98,35,519369,86241,67109,40847,0.7988532365037608,0.3214072138990306
2052,0.219,26,126,26,519495,86115,67135,40821,0.7976860943347289,0.3215872565702401
2053,0.2191,26,101,26,519596,86014,67161,40795,0.796750527992886,0.3217042954364438
2054,0.2192,26,101,26,519697,85913,67187,40769,0.795814961651043,0.32182156896796704
2055,0.2193,27,122,27,519819,85791,67214,40742,0.7946848716143614,0.32198714959733826
2056,0.2194,32,108,32,519927,85683,67246,40710,0.7936844640409055,0.32209062210723693
2057,0.2195,40,103,40,520030,85580,67286,40670,0.7927303716328875,0.32213861386138615
2058,0.2196,40,91,40,520121,85489,67326,40630,0.79188743562192,0.3221560589601884
2059,0.2197,29,88,29,520209,85401,67355,40601,0.7910722887102153,0.3222250440469199
2060,0.2198,36,98,36,520307,85303,67391,40565,0.790164511467635,0.32228207328312203
2061,0.2199,27,116,27,520423,85187,67418,40538,0.7890899996294787,0.3224338834758401
2062,0.22,29,102,29,520525,85085,67447,40509,0.7881451702545481,0.3225392932783413
2063,0.2201,38,121,38,520646,84964,67485,40471,0.787024343250954,0.3226451947223662
2064,0.2202,33,102,33,520748,84862,67518,40438,0.7860795138760236,0.3227294493216281
2065,0.2203,38,94,38,520842,84768,67556,40400,0.7852087887657935,0.32276620222421065
2066,0.2204,27,106,27,520948,84662,67583,40373,0.7842269072585127,0.32289358979485744
2067,0.2205,38,123,38,521071,84539,67621,40335,0.7830875541887435,0.32300558963435144
2068,0.2206,27,105,27,521176,84434,67648,40308,0.7821149357145504,0.32313094226483463
2069,0.2207,37,106,37,521282,84328,67685,40271,0.7811330542072696,0.32320484113034614
2070,0.2208,35,81,35,521363,84247,67720,40236,0.7803827485271777,0.3232248580127407
2071,0.2209,24,91,24,521454,84156,67744,40212,0.7795398125162103,0.32333076032419916
2072,0.221,26,118,26,521572,84038,67770,40186,0.7784467746118789,0.3234962648119526
2073,0.2211,35,95,35,521667,83943,67805,40151,0.7775667864685613,0.323553112962754
2074,0.2212,24,88,24,521755,83855,67829,40127,0.7767516395568564,0.32365182042554563
2075,0.2213,29,115,29,521870,83740,67858,40098,0.7756863907517878,0.3237939889210097
2076,0.2214,40,101,40,521971,83639,67898,40058,0.7747508244099448,0.32383970508581456
2077,0.2215,26,109,26,522080,83530,67924,40032,0.7737411538034014,0.3239831016008158
2078,0.2216,40,127,40,522207,83403,67964,39992,0.772564748601282,0.32409741075408244
2079,0.2217,19,91,19,522298,83312,67983,39973,0.7717218125903146,0.3242324694812832
2080,0.2218,43,118,43,522416,83194,68026,39930,0.7706287746859832,0.32430720249504563
2081,0.2219,36,99,36,522515,83095,68062,39894,0.7697117344103153,0.3243704721560465
2082,0.222,24,91,24,522606,83004,68086,39870,0.7688687983993479,0.3244787343131989
2083,0.2221,22,114,22,522720,82890,68108,39848,0.7678128126273667,0.3246590298033209
2084,0.2222,34,90,34,522810,82800,68142,39814,0.7669791396494868,0.3247100657347448
2085,0.2223,31,90,31,522900,82710,68173,39783,0.766145466671607,0.3247777424016066
2086,0.2224,33,105,33,523005,82605,68206,39750,0.7651728481974137,0.32487434105676105
2087,0.2225,28,112,28,523117,82493,68234,39722,0.7641353884916077,0.3250173873910731
2088,0.2226,31,98,31,523215,82395,68265,39691,0.7632276112490274,0.32510689186311287
2089,0.2227,26,112,26,523327,82283,68291,39665,0.7621901515432213,0.3252615869058943
2090,0.2228,35,116,35,523443,82167,68326,39630,0.761115639705065,0.32537747235153575
2091,0.2229,27,106,27,523549,82061,68353,39603,0.7601337581977843,0.32551124408206206
2092,0.223,26,84,26,523633,81977,68379,39577,0.7593556634184297,0.3255919179952943
2093,0.2231,32,94,32,523727,81883,68411,39545,0.7584849383081996,0.3256662384293573
2094,0.2232,31,94,31,523821,81789,68442,39514,0.7576142131979695,0.3257462717327684
2095,0.2233,42,105,42,523926,81684,68484,39472,0.7566415947237763,0.3257948430123147
2096,0.2234,26,116,26,524042,81568,68510,39446,0.75556708288562,0.32596228535541344
2097,0.2235,34,125,34,524167,81443,68544,39412,0.7544092037496758,0.3261098010011998
2098,0.2236,31,96,31,524263,81347,68575,39381,0.7535199525732706,0.32619607713206544
2099,0.2237,28,112,28,524375,81235,68603,39353,0.7524824928674645,0.32634258798553756
2100,0.2238,38,106,38,524481,81129,68641,39315,0.7515006113601838,0.3264172561522367
2101,0.2239,34,98,34,524579,81031,68675,39281,0.7505928341176035,0.3264927854245628
2102,0.224,36,96,36,524675,80935,68711,39245,0.7497035829411983,0.3265518389083042
2103,0.2241,41,95,41,524770,80840,68752,39204,0.7488235947978806,0.3265802539069008
2104,0.2242,32,87,32,524857,80753,68784,39172,0.7480177109192634,0.32663748175943297
2105,0.2243,31,107,31,524964,80646,68815,39141,0.7470265663788951,0.3267549901074407
2106,0.2244,20,120,20,525084,80526,68835,39121,0.7459150024083886,0.32697017058513794
2107,0.2245,34,95,34,525179,80431,68869,39087,0.7450350142650709,0.32703860506367244
2108,0.2246,34,105,34,525284,80326,68903,39053,0.7440623957908777,0.3271345881603967
2109,0.2247,21,95,21,525379,80231,68924,39032,0.7431824076475602,0.32727669101062357
2110,0.2248,38,88,38,525467,80143,68962,38994,0.7423672607358553,0.3273038602617155
2111,0.2249,28,90,28,525557,80053,68990,38966,0.7415335877579755,0.3273931053025147
2112,0.225,27,85,27,525642,79968,69017,38939,0.7407462299455334,0.32747441277637146
2113,0.2251,42,104,42,525746,79864,69059,38897,0.7397828745044277,0.32752334520591775
2114,0.2252,36,125,36,525871,79739,69095,38861,0.7386249953684835,0.32766441821247894
2115,0.2253,26,123,26,525994,79616,69121,38835,0.7374856422987143,0.32785708858515333
2116,0.2254,32,96,32,526090,79520,69153,38803,0.7365963911223091,0.32794131318509506
2117,0.2255,34,109,34,526199,79411,69187,38769,0.7355867205157657,0.3280504315451007
2118,0.2256,34,92,34,526291,79319,69221,38735,0.7347345214717107,0.32811255865959643
2119,0.2257,28,90,28,526381,79229,69249,38707,0.7339008484938309,0.328203432370099
2120,0.2258,26,111,26,526492,79118,69275,38681,0.7328726518211123,0.32836441735498606
2121,0.2259,18,100,18,526592,79018,69293,38663,0.7319463485123568,0.328540716003433
2122,0.226,41,69,41,526661,78949,69334,38622,0.7313071992293156,0.32849937484583785
2123,0.2261,33,93,33,526754,78856,69367,38589,0.7304457371521731,0.32857082038400953
2124,0.2262,26,103,26,526857,78753,69393,38563,0.7294916447441551,0.32871049132258173
2125,0.2263,24,93,24,526950,78660,69417,38539,0.7286301826670125,0.3288338637701687
2126,0.2264,29,96,29,527046,78564,69446,38510,0.7277409314906073,0.328937253361122
2127,0.2265,31,99,31,527145,78465,69477,38479,0.7268238912149394,0.32903783007251336
2128,0.2266,29,112,29,527257,78353,69506,38450,0.7257864315091334,0.3291867503403166
2129,0.2267,22,95,22,527352,78258,69528,38428,0.7249064433658157,0.3293282827417171
2130,0.2268,19,80,19,527432,78178,69547,38409,0.7241654007188114,0.32944496384674105
2131,0.2269,21,96,21,527528,78082,69568,38388,0.7232761495424062,0.3295956040182021
2132,0.227,25,97,25,527625,77985,69593,38363,0.7223776353329134,0.3297263382266992
2133,0.2271,39,86,39,527711,77899,69632,38324,0.7215810144873838,0.32974540323343915
2134,0.2272,17,94,17,527805,77805,69649,38307,0.7207102893771536,0.32991422075237703
2135,0.2273,19,103,19,527908,77702,69668,38288,0.7197561969691356,0.33009742219156823
2136,0.2274,21,93,21,528001,77609,69689,38267,0.7188947348919931,0.33024094721944147
2137,0.2275,27,102,27,528103,77507,69716,38240,0.7179499055170625,0.3303757332803442
2138,0.2276,34,91,34,528194,77416,69750,38206,0.7171069695060951,0.3304388438186504
2139,0.2277,24,97,24,528291,77319,69774,38182,0.7162084552966023,0.33057722443961524
2140,0.2278,30,92,30,528383,77227,69804,38152,0.7153562562525473,0.3306667591156103
2141,0.2279,21,120,21,528503,77107,69825,38131,0.7142446922820408,0.3308891164372863
2142,0.228,35,79,35,528582,77028,69860,38096,0.713512912668124,0.3309127549424968
2143,0.2281,27,86,27,528668,76942,69887,38069,0.7127162918225944,0.3310031214405579
2144,0.2282,25,100,25,528768,76842,69912,38044,0.711789988513839,0.3311456574343262
2145,0.2283,20,106,20,528874,76736,69932,38024,0.7108081070065583,0.33133495991634715
2146,0.2284,34,96,34,528970,76640,69966,37990,0.709918855830153,0.3314141149786269
2147,0.2285,25,87,25,529057,76553,69991,37965,0.7091129719515358,0.3315199357306275
2148,0.2286,29,81,29,529138,76472,70020,37936,0.708362666271444,0.3315852038318999
2149,0.2287,28,94,28,529232,76378,70048,37908,0.7074919411612138,0.3316941707645731
2150,0.2288,21,96,21,529328,76282,70069,37887,0.7066026899848086,0.331850151967697
2151,0.2289,32,92,32,529420,76190,70101,37855,0.7057504909407536,0.3319303783594195
2152,0.229,24,98,24,529518,76092,70125,37831,0.7048427136981733,0.3320751735821564
2153,0.2291,21,98,21,529616,75994,70146,37810,0.703934936455593,0.33223788267547716
2154,0.2292,28,91,28,529707,75903,70174,37782,0.7030920004446256,0.3323393587544531
2155,0.2293,31,86,31,529793,75817,70205,37751,0.7022953795990959,0.3324087771203156
2156,0.2294,35,92,35,529885,75725,70240,37716,0.701443180555041,0.3324723865269171
2157,0.2295,31,80,31,529965,75645,70271,37685,0.7007021379080366,0.3325244860142945
2158,0.2296,29,95,29,530060,75550,70300,37656,0.699822149764719,0.33263254597812836
2159,0.2297,19,95,19,530155,75455,70319,37637,0.6989421616214013,0.33279984437449156
2160,0.2298,16,87,16,530242,75368,70335,37621,0.6981362777427841,0.33296161573250493
2161,0.2299,25,98,25,530340,75270,70360,37596,0.6972285005002038,0.33310297166551484
2162,0.23,33,105,33,530445,75165,70393,37563,0.6962558820260106,0.3332180114967
2163,0.2301,17,93,17,530538,75072,70410,37546,0.6953944199488681,0.3333925305013408
2164,0.2302,20,100,20,530638,74972,70430,37526,0.6944681166401127,0.33357037458443706
2165,0.2303,37,93,37,530731,74879,70467,37489,0.6936066545629701,0.3336270112487541
2166,0.2304,24,93,24,530824,74786,70491,37465,0.6927451924858276,0.3337609464503657
2167,0.2305,21,111,21,530935,74675,70512,37444,0.6917169958131091,0.3339665890705411
2168,0.2306,35,111,35,531046,74564,70547,37409,0.6906887991403905,0.3340894679967492
2169,0.2307,21,74,21,531120,74490,70568,37388,0.6900033346919116,0.3341854520102254
2170,0.2308,26,114,26,531234,74376,70594,37362,0.6889473489199304,0.3343714761316651
2171,0.2309,37,88,37,531322,74288,70631,37325,0.6881322020082256,0.3344144499296677
2172,0.231,29,97,29,531419,74191,70660,37296,0.6872336877987328,0.3345322773058742
2173,0.2311,31,99,31,531518,74092,70691,37265,0.686316647523065,0.33464443187226667
2174,0.2312,29,91,29,531609,74001,70720,37236,0.6854737115120976,0.3347447342161331
2175,0.2313,18,83,18,531692,73918,70738,37218,0.6847048797658305,0.3348869853152894
2176,0.2314,20,89,20,531781,73829,70758,37198,0.6838804698210382,0.33503562196582815
2177,0.2315,36,89,36,531870,73740,70794,37162,0.6830560598762458,0.33508863681448486
2178,0.2316,34,83,34,531953,73657,70828,37128,0.6822872281299789,0.3351356230536625
2179,0.2317,35,91,35,532044,73566,70863,37093,0.6814442921190115,0.33520093259472794
2180,0.2318,37,100,37,532144,73466,70900,37056,0.680517988810256,0.3352816633792367
2181,0.2319,26,94,26,532238,73372,70926,37030,0.6796472637000259,0.3354105903878553
2182,0.232,32,100,32,532338,73272,70958,36998,0.6787209603912705,0.33552190078897254
2183,0.2321,29,99,29,532437,73173,70987,36969,0.6778039201156026,0.3356485264476766
2184,0.2322,29,96,29,532533,73077,71016,36940,0.6769146689391975,0.3357662906641701
2185,0.2323,32,96,32,532629,72981,71048,36908,0.6760254177627922,0.3358661922485417
2186,0.2324,35,76,35,532705,72905,71083,36873,0.6753214272481382,0.33588697188872085
2187,0.2325,22,93,22,532798,72812,71105,36851,0.6744599651709956,0.33603859095592864
2188,0.2326,36,95,36,532893,72717,71141,36815,0.6735799770276779,0.33611182120293615
2189,0.2327,21,96,21,532989,72621,71162,36794,0.6726907258512728,0.3362793035689805
2190,0.2328,25,79,25,533068,72542,71187,36769,0.671958946237356,0.3363705391040243
2191,0.2329,37,82,37,533150,72460,71224,36732,0.6711993775241765,0.33639827093559965
2192,0.233,26,84,26,533234,72376,71250,36706,0.6704212827448219,0.33649914743037346
2193,0.2331,37,90,37,533324,72286,71287,36669,0.6695876097669421,0.33655178743517966
2194,0.2332,32,77,32,533401,72209,71319,36637,0.6688743562192004,0.3365948220421513
2195,0.2333,21,78,21,533479,72131,71340,36616,0.6681518396383712,0.33670813907510094
2196,0.2334,25,94,25,533573,72037,71365,36591,0.6672811145281411,0.336846853481607
2197,0.2335,28,81,28,533654,71956,71393,36563,0.6665308088480492,0.3369271740432551
2198,0.2336,16,73,16,533727,71883,71409,36547,0.6658546074326578,0.33705616526791476
2199,0.2337,24,90,24,533817,71793,71433,36523,0.6650209344547778,0.3371893349089701
2200,0.2338,25,87,25,533904,71706,71458,36498,0.6642150505761607,0.3373073084174337
2201,0.2339,21,94,21,533998,71612,71479,36477,0.6633443254659306,0.33747189815799944
2202,0.234,20,64,20,534062,71548,71499,36457,0.6627514913483271,0.337549187537614
2203,0.2341,36,84,36,534146,71464,71535,36421,0.6619733965689726,0.33759095332993466
2204,0.2342,35,61,35,534207,71403,71570,36386,0.6614083515506317,0.33756691313584875
2205,0.2343,20,89,20,534296,71314,71590,36366,0.6605839416058394,0.33772288261515604
2206,0.2344,29,88,29,534384,71226,71619,36337,0.6597687946941346,0.3378206260517092
2207,0.2345,20,109,20,534493,71117,71639,36317,0.6587591240875912,0.3380400990375486
2208,0.2346,28,73,28,534566,71044,71667,36289,0.6580829226721998,0.3380973232836127
2209,0.2347,22,71,22,534637,70973,71689,36267,0.6574252473229835,0.33818537859007836
2210,0.2348,26,69,26,534706,70904,71715,36241,0.6567860980399421,0.3382425684819637
2211,0.2349,31,78,31,534784,70826,71746,36210,0.6560635814591129,0.3382973952688815
2212,0.235,25,87,25,534871,70739,71771,36185,0.6552576975804958,0.33841794171561107
2213,0.2351,29,86,29,534957,70653,71800,36156,0.6544610767349661,0.33851079965171477
2214,0.2352,26,79,26,535036,70574,71826,36130,0.6537292971210493,0.3386002399160294
2215,0.2353,29,66,29,535102,70508,71855,36101,0.6531179369372707,0.33862994681499686
2216,0.2354,44,72,44,535174,70436,71899,36057,0.6524509985549668,0.33858563473655545
2217,0.2355,28,80,28,535254,70356,71927,36029,0.6517099559079625,0.3386661653428585
2218,0.2356,23,90,23,535344,70266,71950,36006,0.6508762829300826,0.3388098464317977
2219,0.2357,25,96,25,535440,70170,71975,35981,0.6499870317536774,0.3389605373477405
2220,0.2358,19,81,19,535521,70089,71994,35962,0.6492367260735855,0.3391009985761568
2221,0.2359,25,76,25,535597,70013,72019,35937,0.6485327355589314,0.33918829636621045
2222,0.236,25,93,25,535690,69920,72044,35912,0.6476712734817889,0.33933025927885707
2223,0.2361,32,105,32,535795,69815,72076,35880,0.6466986550075957,0.3394673352571077
2224,0.2362,30,82,30,535877,69733,72106,35850,0.6459390862944162,0.33954329768996905
2225,0.2363,27,91,27,535968,69642,72133,35823,0.6450961502834488,0.3396671881666904
2226,0.2364,19,76,19,536044,69566,72152,35804,0.6443921597687947,0.33979310999335677
2227,0.2365,25,89,25,536133,69477,72177,35779,0.6435677498240023,0.3399236148058068
2228,0.2366,33,78,33,536211,69399,72210,35746,0.6428452332431731,0.3399686147700794
2229,0.2367,30,97,30,536308,69302,72240,35716,0.6419467190336804,0.34009407911024775
2230,0.2368,17,74,17,536382,69228,72257,35699,0.6412612545852013,0.3402270149723141
2231,0.2369,22,76,22,536458,69152,72279,35677,0.6405572640705472,0.34033521258430394
2232,0.237,26,90,26,536548,69062,72305,35651,0.6397235910926674,0.340463934754997
2233,0.2371,23,86,23,536634,68976,72328,35628,0.6389269702471377,0.3405988298726626
2234,0.2372,27,89,27,536723,68887,72355,35601,0.6381025603023454,0.3407185514126024
2235,0.2373,15,81,15,536804,68806,72370,35586,0.6373522546222535,0.34088819066595144
2236,0.2374,29,70,29,536874,68736,72399,35557,0.6367038423061248,0.3409337155897328
2237,0.2375,30,96,30,536970,68640,72429,35527,0.6358145911297195,0.34105810861405245
2238,0.2376,24,112,24,537082,68528,72453,35503,0.6347771314239135,0.34127327431246457
2239,0.2377,31,96,31,537178,68432,72484,35472,0.6338878802475082,0.3413920542038805
2240,0.2378,24,94,24,537272,68338,72508,35448,0.6330171551372782,0.34154895650665795
2241,0.2379,22,94,22,537366,68244,72530,35426,0.6321464300270481,0.3417189157904891
2242,0.238,38,91,38,537457,68153,72568,35388,0.6313034940160807,0.3417776532967617
2243,0.2381,17,66,17,537523,68087,72585,35371,0.630692133832302,0.3418875292389182
2244,0.2382,29,107,29,537630,67980,72614,35342,0.6297009892919337,0.3420568707535665
2245,0.2383,30,77,30,537707,67903,72644,35312,0.6289877357441921,0.3421208157729012
2246,0.2384,35,79,35,537786,67824,72679,35277,0.6282559561302753,0.34215962987749876
2247,0.2385,30,85,30,537871,67739,72709,35247,0.6274685983178332,0.3422504029673936
2248,0.2386,27,71,27,537942,67668,72736,35220,0.6268109229686168,0.3423139724749242
2249,0.2387,34,82,34,538024,67586,72770,35186,0.6260513542554375,0.34236951698906315
2250,0.2388,22,75,22,538099,67511,72792,35164,0.6253566267738708,0.34247869491112737
2251,0.2389,29,94,29,538193,67417,72821,35135,0.6244859016636407,0.3426066775879554
2252,0.239,35,93,35,538286,67324,72856,35100,0.6236244395864982,0.3426931188002812
2253,0.2391,27,94,27,538380,67230,72883,35073,0.6227537144762681,0.3428345209817894
2254,0.2392,32,87,32,538467,67143,72915,35041,0.6219478305976509,0.3429206137947232
2255,0.2393,32,80,32,538547,67063,72947,35009,0.6212067879506465,0.3429833842777647
2256,0.2394,22,79,22,538626,66984,72969,34987,0.6204750083367297,0.3431073540516421
2257,0.2395,21,83,21,538709,66901,72990,34966,0.6197061765904628,0.34325149459589466
2258,0.2396,26,84,26,538793,66817,73016,34940,0.6189280818111083,0.3433670410880824
2259,0.2397,26,94,26,538887,66723,73042,34914,0.6180573567008781,0.34351663272233535
2260,0.2398,24,71,24,538958,66652,73066,34890,0.6173996813516618,0.34360166236631146
2261,0.2399,22,49,22,539007,66603,73088,34868,0.6169457927303716,0.34362527224527206
2262,0.24,28,90,28,539097,66513,73116,34840,0.6161121197524918,0.3437490750150464
2263,0.2401,29,76,29,539173,66437,73145,34811,0.6154081292378376,0.3438191371681416
2264,0.2402,24,70,24,539243,66367,73169,34787,0.6147597169217088,0.34390137809676335
2265,0.2403,28,80,28,539323,66287,73197,34759,0.6140186742747045,0.34399184529818105
2266,0.2404,28,79,28,539402,66208,73225,34731,0.6132868946607877,0.344079097276573
2267,0.2405,28,90,28,539492,66118,73253,34703,0.6124532216829078,0.3442040844665298
2268,0.2406,35,66,35,539558,66052,73288,34668,0.6118418614991292,0.34420174741858617
2269,0.2407,31,99,31,539657,65953,73319,34637,0.6109248212234614,0.344338403419823
2270,0.2408,22,85,22,539742,65868,73341,34615,0.6101374634110193,0.3444861319825244
2271,0.2409,29,82,29,539824,65786,73370,34586,0.6093778946978399,0.3445781692105368
2272,0.241,18,81,18,539905,65705,73388,34568,0.6086275890177479,0.34473886290427136
2273,0.2411,23,65,23,539970,65640,73411,34545,0.6080254918670569,0.3448120976194041
2274,0.2412,23,82,23,540052,65558,73434,34522,0.6072659231538775,0.34494404476418866
2275,0.2413,16,80,16,540132,65478,73450,34506,0.6065248805068731,0.3451152184349496
2276,0.2414,25,90,25,540222,65388,73475,34481,0.6056912075289933,0.3452622936046221
2277,0.2415,25,84,25,540306,65304,73500,34456,0.6049131127496388,0.3453889334402566
2278,0.2416,27,82,27,540388,65222,73527,34429,0.6041535440364593,0.3454957802731533
2279,0.2417,24,74,24,540462,65148,73551,34405,0.6034680795879803,0.34559480879531507
2280,0.2418,26,106,26,540568,65042,73577,34379,0.6024861980806996,0.3457921364701622
2281,0.2419,24,91,24,540659,64951,73601,34355,0.6016432620697321,0.3459508992407307
2282,0.242,31,75,31,540734,64876,73632,34324,0.6009485345881656,0.34600806451612903
2283,0.2421,29,76,29,540810,64800,73661,34295,0.6002445440735115,0.3460820424844846
2284,0.2422,28,82,28,540892,64718,73689,34267,0.599484975360332,0.34618376521695204
2285,0.2423,28,84,28,540976,64634,73717,34239,0.5987068805809774,0.34629271894248176
2286,0.2424,25,86,25,541062,64548,73742,34214,0.5979102597354478,0.3464287884003969
2287,0.2425,29,65,29,541127,64483,73771,34185,0.5973081625847567,0.34646491263631574
2288,0.2426,19,76,19,541203,64407,73790,34166,0.5966041720701026,0.3466060685989064
2289,0.2427,30,62,30,541265,64345,73820,34136,0.5960298640186743,0.34662523735542894
2290,0.2428,20,64,20,541329,64281,73840,34116,0.5954370299010708,0.3467178877404799
2291,0.2429,29,65,29,541394,64216,73869,34087,0.5948349327503798,0.3467544225506851
2292,0.243,21,62,21,541456,64154,73890,34066,0.5942606246989515,0.3468336387701079
2293,0.2431,24,77,24,541533,64077,73914,34042,0.5935473711512097,0.3469460553001967
2294,0.2432,24,78,24,541611,63999,73938,34018,0.5928248545703805,0.3470622443045594
2295,0.2433,30,88,30,541699,63911,73968,33988,0.5920097076586758,0.3471741284384927
2296,0.2434,20,67,20,541766,63844,73988,33968,0.5913890844418096,0.34727845254161044
2297,0.2435,21,69,21,541835,63775,74009,33947,0.5907499351587684,0.3473833937086838
2298,0.2436,21,69,21,541904,63706,74030,33926,0.5901107858757272,0.34748852835136024
2299,0.2437,29,65,29,541969,63641,74059,33897,0.5895086887250361,0.34752609239475896
2300,0.2438,25,62,25,542031,63579,74084,33872,0.5889343806736078,0.3475798093400786
2301,0.2439,34,70,34,542101,63509,74118,33838,0.5882859683574789,0.3476018778185255
2302,0.244,27,76,27,542177,63433,74145,33811,0.5875819778428248,0.3476924026160997
2303,0.2441,34,80,34,542257,63353,74179,33777,0.5868409351958205,0.3477504375579121
2304,0.2442,26,80,26,542337,63273,74205,33751,0.5860998925488162,0.3478623845646438
2305,0.2443,23,72,23,542409,63201,74228,33728,0.5854329541665123,0.3479660369961518
2306,0.2444,20,95,20,542504,63106,74248,33708,0.5845529660231946,0.3481727849277997
2307,0.2445,25,74,25,542578,63032,74273,33683,0.5838675015747157,0.34827069224008683
2308,0.2446,29,88,29,542666,62944,74302,33654,0.5830523546630109,0.34839230625892875
2309,0.2447,22,72,22,542738,62872,74324,33632,0.582385416280707,0.34850368896626044
2310,0.2448,26,80,26,542818,62792,74350,33606,0.5816443736337026,0.34861719122803375
2311,0.2449,17,77,17,542895,62715,74367,33589,0.5809311200859609,0.3487809436783519
2312,0.245,36,103,36,542998,62612,74403,33553,0.5799770276779429,0.3489107263557427
2313,0.2451,26,87,26,543085,62525,74429,33527,0.5791711437993257,0.3490505143047516
2314,0.2452,25,67,25,543152,62458,74454,33502,0.5785505205824595,0.3491246352646936
2315,0.2453,36,77,36,543229,62381,74490,33466,0.5778372670347178,0.34916064143896003
2316,0.2454,22,67,22,543296,62314,74512,33444,0.5772166438178518,0.34925541469120075
2317,0.2455,32,68,32,543364,62246,74544,33412,0.576586757567898,0.34928599803466515
2318,0.2456,22,71,22,543435,62175,74566,33390,0.5759290822186817,0.3493956992622822
2319,0.2457,30,67,30,543502,62108,74596,33360,0.5753084590018156,0.3494364603846315
2320,0.2458,32,83,32,543585,62025,74628,33328,0.5745396272555485,0.34952230134342915
2321,0.2459,28,81,28,543666,61944,74656,33300,0.5737893215754567,0.3496283230439713
2322,0.246,22,67,22,543733,61877,74678,33278,0.5731686983585905,0.349724134307183
2323,0.2461,21,66,21,543799,61811,74699,33257,0.5725573381748119,0.34982328438591326
2324,0.2462,29,52,29,543851,61759,74728,33228,0.5720756604542592,0.3498162906502995
2325,0.2463,20,65,20,543916,61694,74748,33208,0.5714735633035681,0.34991886366989106
2326,0.2464,23,72,23,543988,61622,74771,33185,0.5708066249212642,0.3500268967481304
2327,0.2465,23,65,23,544053,61557,74794,33162,0.5702045277705732,0.3501092705792924
2328,0.2466,17,64,17,544117,61493,74811,33145,0.5696116936529697,0.35022929478644943
2329,0.2467,24,82,24,544199,61411,74835,33121,0.5688521249397903,0.3503681293107096
2330,0.2468,21,86,21,544285,61325,74856,33100,0.5680555040942606,0.350542758803283
2331,0.2469,23,56,23,544341,61269,74879,33077,0.5675367742413576,0.3505924999470036
2332,0.247,27,76,27,544417,61193,74906,33050,0.5668327837267034,0.3506891758539096
2333,0.2471,26,70,26,544487,61123,74932,33024,0.5661843714105746,0.350770603418059
2334,0.2472,19,63,19,544550,61060,74951,33005,0.5656008003260588,0.3508743953649072
2335,0.2473,15,83,15,544633,60977,74966,32990,0.5648319685797918,0.3510806985431056
2336,0.2474,24,79,24,544712,60898,74990,32966,0.564100188965875,0.35121026165516067
2337,0.2475,26,63,26,544775,60835,75016,32940,0.5635166178813591,0.35126632897893895
2338,0.2476,25,71,25,544846,60764,75041,32915,0.5628589425321427,0.35135942954130595
2339,0.2477,31,79,31,544925,60685,75072,32884,0.562127162918226,0.3514411824429031
2340,0.2478,18,67,18,544992,60618,75090,32866,0.5615065397013598,0.35156818279063795
2341,0.2479,28,65,28,545057,60553,75118,32838,0.5609044425506687,0.35161846430598237
2342,0.248,26,68,26,545125,60485,75144,32812,0.5602745563007151,0.3516940523275132
2343,0.2481,28,56,28,545181,60429,75172,32784,0.5597558264478121,0.3517105983071031
2344,0.2482,19,62,19,545243,60367,75191,32765,0.5591815183963837,0.3518124812094661
2345,0.2483,29,62,29,545305,60305,75220,32736,0.5586072103449553,0.3518448855880741
2346,0.2484,26,70,26,545375,60235,75246,32710,0.5579587980288265,0.35192855990101674
2347,0.2485,36,77,36,545452,60158,75282,32674,0.5572455444810849,0.3519691485694588
2348,0.2486,18,68,18,545520,60090,75300,32656,0.5566156582311312,0.35210143833696333
2349,0.2487,24,50,24,545570,60040,75324,32632,0.5561525065767535,0.3521236187845304
2350,0.2488,38,63,38,545633,59977,75362,32594,0.5555689354922376,0.3520973090924804
2351,0.2489,22,60,22,545693,59917,75384,32572,0.5550131535069843,0.3521716095968169
2352,0.249,26,71,26,545764,59846,75410,32546,0.554355478157768,0.35225993592518834
2353,0.2491,28,80,28,545844,59766,75438,32518,0.5536144355107636,0.3523687746521607
2354,0.2492,23,72,23,545916,59694,75461,32495,0.5529474971284597,0.35248240028636824
2355,0.2493,35,73,35,545989,59621,75496,32460,0.5522712957130683,0.35251571985534474
2356,0.2494,29,85,29,546074,59536,75525,32431,0.5514839379006262,0.3526373590527037
2357,0.2495,27,72,27,546146,59464,75552,32404,0.5508169995183223,0.35272347280881267
2358,0.2496,25,52,25,546198,59412,75577,32379,0.5503353217977695,0.35274700134000064
2359,0.2497,18,69,18,546267,59343,75595,32361,0.5496961725147282,0.35288537032190526
2360,0.2498,30,67,30,546334,59276,75625,32331,0.5490755492978621,0.35293154453262304
2361,0.2499,29,62,29,546396,59214,75654,32302,0.5485012412464337,0.3529656016434285
2362,0.25,16,75,16,546471,59139,75670,32286,0.5478065137648672,0.35314191960623464
2363,0.2501,20,77,20,546548,59062,75690,32266,0.5470932602171255,0.3532980028030834
2364,0.2502,21,56,21,546604,59006,75711,32245,0.5465745303642224,0.35336599050969303
2365,0.2503,23,72,23,546676,58934,75734,32222,0.5459075919819185,0.35348194304269603
2366,0.2504,22,76,22,546752,58858,75756,32200,0.5452036014672644,0.353620769180083
2367,0.2505,22,55,22,546807,58803,75778,32178,0.544694134647449,0.3536782405117552
2368,0.2506,25,84,25,546891,58719,75803,32153,0.5439160398680944,0.3538273615635179
2369,0.2507,26,59,26,546950,58660,75829,32127,0.5433695209159287,0.3538722504323306
2370,0.2508,22,64,22,547014,58596,75851,32105,0.5427766867983252,0.353965226403237
2371,0.2509,22,51,22,547065,58545,75873,32083,0.54230427211086,0.354007591472834
2372,0.251,19,80,19,547145,58465,75892,32064,0.5415632294638556,0.3541848468446575
2373,0.2511,17,72,17,547217,58393,75909,32047,0.5408962910815518,0.3543454223794781
2374,0.2512,23,83,23,547300,58310,75932,32024,0.5401274593352847,0.35450660880731505
2375,0.2513,22,61,22,547361,58249,75954,32002,0.539562414316944,0.3545888688213981
2376,0.2514,18,60,18,547421,58189,75972,31984,0.5390066323316907,0.3546959732957759
2377,0.2515,19,51,19,547472,58138,75991,31965,0.5385342176442254,0.3547606627970212
2378,0.2516,23,56,23,547528,58082,76014,31942,0.5380154877913224,0.35481649337954324
2379,0.2517,18,80,18,547608,58002,76032,31924,0.5372744451443181,0.3550030024686965
2380,0.2518,26,72,26,547680,57930,76058,31898,0.5366075067620142,0.35510085942022535
2381,0.2519,24,85,24,547765,57845,76082,31874,0.5358201489495721,0.3552647711187151
2382,0.252,24,77,24,547842,57768,76106,31850,0.5351068954018304,0.3553973532102926
2383,0.2521,24,66,24,547908,57702,76130,31826,0.5344955352180518,0.355486551693325
2384,0.2522,26,63,26,547971,57639,76156,31800,0.5339119641335359,0.3555495924596652
2385,0.2523,29,57,29,548028,57582,76185,31771,0.5333839712475453,0.3555672445245263
2386,0.2524,17,71,17,548099,57511,76202,31754,0.532726295898329,0.35572732874026775
2387,0.2525,21,58,21,548157,57453,76223,31733,0.5321890399792508,0.3558069652187563
2388,0.2526,23,71,23,548228,57382,76246,31710,0.5315313646300345,0.3559242131728999
2389,0.2527,32,80,32,548308,57302,76278,31678,0.5307903219830301,0.3560125870982243
2390,0.2528,27,66,27,548374,57236,76305,31651,0.5301789617992515,0.3560813167279805
2391,0.2529,15,73,15,548447,57163,76320,31636,0.5295027603838601,0.3562652732575817
2392,0.253,24,72,24,548519,57091,76344,31612,0.5288358220015562,0.356380280261096
2393,0.2531,17,57,17,548576,57034,76361,31595,0.5283078291155656,0.3564860260185718
2394,0.2532,13,76,13,548652,56958,76374,31582,0.5276038386009115,0.35669753783600633
2395,0.2533,29,68,29,548720,56890,76403,31553,0.5269739523509578,0.3567608516219486
2396,0.2534,26,81,26,548801,56809,76429,31527,0.526223646670866,0.3568986596631045
2397,0.2535,25,62,25,548863,56747,76454,31502,0.5256493386194375,0.35696721775884144
2398,0.2536,27,58,27,548921,56689,76481,31475,0.5251120827003594,0.35700512680912844
2399,0.2537,27,68,27,548989,56621,76508,31448,0.5244821964504057,0.35708365031963574
2400,0.2538,25,67,25,549056,56554,76533,31423,0.5238615732335395,0.3571728974618366
2401,0.2539,21,46,21,549102,56508,76554,31402,0.5234354737115121,0.35720623364804915
2402,0.254,23,73,23,549175,56435,76577,31379,0.5227592722961206,0.3573348213268955
2403,0.2541,25,64,25,549239,56371,76602,31354,0.5221664381785172,0.35741236819606725
2404,0.2542,28,81,28,549320,56290,76630,31326,0.5214161324984253,0.3575374360847334
2405,0.2543,24,73,24,549393,56217,76654,31302,0.5207399310830338,0.35765947965584616
2406,0.2544,17,62,17,549455,56155,76671,31285,0.5201656230316055,0.357788197621226
2407,0.2545,26,53,26,549508,56102,76697,31259,0.5196746822779651,0.3578141275855359
2408,0.2546,20,55,20,549563,56047,76717,31239,0.5191652154581496,0.3578924455239099
2409,0.2547,25,63,25,549626,55984,76742,31214,0.5185816443736337,0.3579669258469231
2410,0.2548,23,66,23,549692,55918,76765,31191,0.5179702841898551,0.35806862666314615
2411,0.2549,28,61,28,549753,55857,76793,31163,0.5174052391715144,0.358113077453459
2412,0.255,19,66,19,549819,55791,76812,31144,0.5167938789877358,0.3582446655547248
2413,0.2551,16,72,16,549891,55719,76828,31128,0.5161269406054318,0.3584234343155204
2414,0.2552,16,59,16,549950,55660,76844,31112,0.5155804216532661,0.3585488406398377
2415,0.2553,17,46,17,549996,55614,76861,31095,0.5151543221312387,0.3586132927377781
2416,0.2554,19,69,19,550065,55545,76880,31076,0.5145151728481974,0.358758268780088
2417,0.2555,25,65,25,550130,55480,76905,31051,0.5139130756975064,0.35884249575296717
2418,0.2556,24,65,24,550195,55415,76929,31027,0.5133109785468154,0.3589343143379376
2419,0.2557,27,76,27,550271,55339,76956,31000,0.5126069880321612,0.3590497920985881
2420,0.2558,28,70,28,550341,55269,76984,30972,0.5119585757160324,0.3591331269349845
2421,0.2559,21,73,21,550414,55196,77005,30951,0.511282374300641,0.3592812285976296
2422,0.256,19,55,19,550469,55141,77024,30932,0.5107729074808255,0.35936937250938156
2423,0.2561,12,51,12,550520,55090,77036,30920,0.5103004927933602,0.35949308219974424
2424,0.2562,18,71,18,550591,55019,77054,30902,0.5096428174441439,0.359655963035812
2425,0.2563,14,66,14,550657,54953,77068,30888,0.5090314572603654,0.3598280541932177
2426,0.2564,19,62,19,550719,54891,77087,30869,0.5084571492089369,0.3599463619402985
2427,0.2565,30,60,30,550779,54831,77117,30839,0.5079013672236837,0.3599743200653671
2428,0.2566,20,59,20,550838,54772,77137,30819,0.507354848271518,0.36007290486149246
2429,0.2567,24,67,24,550905,54705,77161,30795,0.5067342250546519,0.3601754385964912
2430,0.2568,24,49,24,550954,54656,77185,30771,0.5062803364333618,0.3602022779683238
2431,0.2569,20,58,20,551012,54598,77205,30751,0.5057430805142836,0.3602971329482478
2432,0.257,15,57,15,551069,54541,77220,30736,0.505215087628293,0.36042543710496383
2433,0.2571,24,70,24,551139,54471,77244,30712,0.5045666753121643,0.3605414225843185
2434,0.2572,18,67,18,551206,54404,77262,30694,0.5039460520952981,0.36069002796775484
2435,0.2573,23,59,23,551265,54345,77285,30671,0.5033995331431323,0.3607673849628305
2436,0.2574,21,74,21,551339,54271,77306,30650,0.5027140686946534,0.36092368201033903
2437,0.2575,15,54,15,551393,54217,77321,30635,0.5022138649079254,0.3610403997548673
2438,0.2576,18,64,18,551457,54153,77339,30617,0.5016210307903219,0.3611773032912587
2439,0.2577,20,51,20,551508,54102,77359,30597,0.5011486161028568,0.36124393440300356
2440,0.2578,28,53,28,551561,54049,77387,30569,0.5006576753492163,0.36125883381786383
2441,0.2579,29,57,29,551618,53992,77416,30540,0.5001296824632258,0.3612833009984385
2442,0.258,22,56,22,551674,53936,77438,30518,0.49961095261032273,0.3613564780827433
2443,0.2581,21,58,21,551732,53878,77459,30497,0.4990736966912446,0.36144592592592595
2444,0.2582,24,47,24,551779,53831,77483,30473,0.4986383341361295,0.3614656481305751
2445,0.2583,16,57,16,551836,53774,77499,30457,0.4981103412501389,0.36158896368320453
2446,0.2584,22,61,22,551897,53713,77521,30435,0.49754529623179816,0.36168417550030896
2447,0.2585,16,41,16,551938,53672,77537,30419,0.4971655118752084,0.3617390683901963
2448,0.2586,13,48,13,551986,53624,77550,30406,0.49672088628700584,0.36184695941925504
2449,0.2587,15,47,15,552033,53577,77565,30391,0.4962855237318908,0.3619354992378049
2450,0.2588,21,67,21,552100,53510,77586,30370,0.49566490051502465,0.36206485455412496
2451,0.2589,37,62,37,552162,53448,77623,30333,0.49509059246359627,0.36205106169656603
2452,0.259,22,65,22,552227,53383,77645,30311,0.4944884953129053,0.36216455181972423
2453,0.2591,29,64,29,552291,53319,77674,30282,0.4938956611953018,0.3622205476011052
2454,0.2592,33,71,33,552362,53248,77707,30249,0.49323798584608547,0.36227648897565184
2455,0.2593,18,65,18,552427,53183,77725,30231,0.49263588869539443,0.3624211763013403
2456,0.2594,18,58,18,552485,53125,77743,30213,0.49209863277631627,0.36253569800091195
2457,0.2595,26,61,26,552546,53064,77769,30187,0.49153358775797545,0.3626022510240117
2458,0.2596,21,57,21,552603,53007,77790,30166,0.49100559487198486,0.36268981520445337
2459,0.2597,27,63,27,552666,52944,77817,30139,0.49042202378746896,0.3627577242035073
2460,0.2598,20,52,20,552718,52892,77837,30119,0.48994034606691617,0.36283143197889434
2461,0.2599,20,63,20,552781,52829,77857,30099,0.4893567749824002,0.362953405363689
2462,0.26,19,55,19,552836,52774,77876,30080,0.48884730816258476,0.36304825355444514
2463,0.2601,21,50,21,552886,52724,77897,30059,0.48838415650820705,0.3631059517050602
2464,0.2602,16,59,16,552945,52665,77913,30043,0.48783763755604137,0.3632417662136674
2465,0.2603,19,60,19,553005,52605,77932,30024,0.4872818555707881,0.3633591112079294
2466,0.2604,21,65,21,553070,52540,77953,30003,0.4866797584200971,0.36348327538373937
2467,0.2605,20,58,20,553128,52482,77973,29983,0.4861425025010189,0.36358455102164555
2468,0.2606,18,53,18,553181,52429,77991,29965,0.48565156174737856,0.3636793941306406
2469,0.2607,24,61,24,553242,52368,78015,29941,0.48508651672903774,0.36376337946032633
2470,0.2608,18,58,18,553300,52310,78033,29923,0.48454926080995964,0.36388068050539324
2471,0.2609,17,72,17,553372,52238,78050,29906,0.4838823224276557,0.36406797818465136
2472,0.261,19,53,19,553425,52185,78069,29887,0.48339138167401535,0.364155863144556
2473,0.2611,17,49,17,553474,52136,78086,29870,0.4829374930527252,0.36424164085554717
2474,0.2612,17,50,17,553524,52086,78103,29853,0.4824743413983475,0.3643320030754586
2475,0.2613,18,58,18,553582,52028,78121,29835,0.48193708547926933,0.364450362190489
2476,0.2614,27,82,27,553664,51946,78148,29808,0.4811775167660899,0.36460601316143554
2477,0.2615,17,61,17,553725,51885,78165,29791,0.48061247174774907,0.3647460698369166
2478,0.2616,22,59,22,553784,51826,78187,29769,0.4800659527955834,0.3648385317727802
2479,0.2617,14,64,14,553848,51762,78201,29755,0.4794731186779799,0.3650158862568544
2480,0.2618,27,59,27,553907,51703,78228,29728,0.4789265997258142,0.3650698137073105
2481,0.2619,21,60,21,553967,51643,78249,29707,0.47837081774056095,0.3651751690227412
2482,0.262,23,69,23,554036,51574,78272,29684,0.47773166845751974,0.36530556991311625
2483,0.2621,18,60,18,554096,51514,78290,29666,0.4771758864722665,0.3654348361665435
2484,0.2622,17,76,17,554172,51438,78307,29649,0.47647189595761236,0.3656443079655185
2485,0.2623,23,54,23,554226,51384,78330,29626,0.4759716921708844,0.3657079372916924
2486,0.2624,15,79,15,554305,51305,78345,29611,0.4752399125569677,0.3659474022443027
2487,0.2625,21,55,21,554360,51250,78366,29590,0.4747304457371522,0.3660316674913409
2488,0.2626,16,64,16,554424,51186,78382,29574,0.4741376116195487,0.36619613670133727
2489,0.2627,18,51,18,554475,51135,78400,29556,0.4736651969320834,0.366286202922259
2490,0.2628,17,41,17,554516,51094,78417,29539,0.4732854125754937,0.36633884389765975
2491,0.2629,17,64,17,554580,51030,78434,29522,0.47269257845789026,0.3664961763829576
2492,0.263,17,55,17,554635,50975,78451,29505,0.47218311163807475,0.36661282306163023
2493,0.2631,18,71,18,554706,50904,78469,29487,0.4715254362888584,0.36679479046161884
2494,0.2632,21,44,21,554750,50860,78490,29466,0.47111786283300605,0.366830167069193
2495,0.2633,23,43,23,554793,50817,78513,29443,0.4707195524102412,0.36684525292798403
2496,0.2634,17,54,17,554847,50763,78530,29426,0.4702193486235133,0.3669580615795184
2497,0.2635,23,58,23,554905,50705,78553,29403,0.4696820927044351,0.3670419933090328
2498,0.2636,23,40,23,554945,50665,78576,29380,0.469311571380933,0.36704353800986944
2499,0.2637,16,43,16,554988,50622,78592,29364,0.46891326095816815,0.36711424499287376
2500,0.2638,30,66,30,555054,50556,78622,29334,0.46830190077438955,0.3671798723244461
2501,0.2639,21,62,21,555116,50494,78643,29313,0.4677275927229612,0.36729860789153834
2502,0.264,14,45,14,555161,50449,78657,29299,0.46731075623402124,0.3673947935998395
2503,0.2641,14,41,14,555202,50408,78671,29285,0.46693097187743154,0.3674726763956684
2504,0.2642,20,57,20,555259,50351,78691,29265,0.46640297899144095,0.36757686897106107
2505,0.2643,19,48,19,555307,50303,78710,29246,0.4659583534032384,0.367647613420659
2506,0.2644,16,61,16,555368,50242,78726,29230,0.46539330838489756,0.3678024964767465
2507,0.2645,17,51,17,555419,50191,78743,29213,0.4649208936974323,0.3679033801823586
2508,0.2646,25,55,25,555474,50136,78768,29188,0.46441142687761683,0.3679592557107559
2509,0.2647,19,63,19,555537,50073,78787,29169,0.4638278557931009,0.3681002498674945
2510,0.2648,18,46,18,555583,50027,78805,29151,0.4634017562710734,0.3681704513880118
2511,0.2649,21,58,21,555641,49969,78826,29130,0.4628645003519953,0.3682726709566493
2512,0.265,17,54,17,555695,49915,78843,29113,0.46236429656526734,0.3683884192944273
2513,0.2651,20,62,20,555757,49853,78863,29093,0.46178998851383896,0.36851772097383023
2514,0.2652,13,66,13,555823,49787,78876,29080,0.4611786283300604,0.3687220256888179
2515,0.2653,20,53,20,555876,49734,78896,29060,0.46068768757642004,0.36880980785338985
2516,0.2654,20,56,20,555932,49678,78916,29040,0.460168957723517,0.368911811783836
2517,0.2655,23,57,23,555989,49621,78939,29017,0.4596409648375264,0.36899463363768154
2518,0.2656,16,55,16,556044,49566,78955,29001,0.4591314980177109,0.36912444155943336
2519,0.2657,19,58,19,556102,49508,78974,28982,0.45859424209863275,0.36924448974391644
2520,0.2658,23,49,23,556151,49459,78997,28959,0.4581403534773426,0.3692902139814838
2521,0.2659,27,56,27,556207,49403,79024,28932,0.4576216236244396,0.3693368226207953
2522,0.266,18,53,18,556260,49350,79042,28914,0.4571306828707992,0.369441888991107
2523,0.2661,22,53,22,556313,49297,79064,28892,0.45663974211715885,0.36951489339932725
2524,0.2662,22,58,22,556371,49239,79086,28870,0.4561024861980807,0.3696116964754382
2525,0.2663,15,52,15,556423,49187,79101,28855,0.4556208084775279,0.3697368083852285
2526,0.2664,12,64,12,556487,49123,79113,28843,0.4550279743599244,0.3699433086217069
2527,0.2665,20,53,20,556540,49070,79133,28823,0.45453703360628406,0.37003325074140164
2528,0.2666,20,58,20,556598,49012,79153,28803,0.4539997776872059,0.3701471438668637
2529,0.2667,20,49,20,556647,48963,79173,28783,0.45354588906591575,0.3702184035191521
2530,0.2668,30,45,30,556692,48918,79203,28753,0.45312905257697583,0.37018964607124927
2531,0.2669,25,51,25,556743,48867,79228,28728,0.45265663788951055,0.3702300405953992
2532,0.267,19,56,19,556799,48811,79247,28709,0.4521379080366075,0.370343137254902
2533,0.2671,19,48,19,556847,48763,79266,28690,0.4516932824484049,0.3704181890953223
2534,0.2672,20,56,20,556903,48707,79286,28670,0.4511745525955019,0.37052354058699616
2535,0.2673,21,47,21,556950,48660,79307,28649,0.4507391900403868,0.37057781112160293
2536,0.2674,11,66,11,557016,48594,79318,28638,0.45012782985660826,0.37080484773151023
2537,0.2675,22,68,22,557084,48526,79340,28616,0.44949794360665457,0.37095226984003526
2538,0.2676,20,55,20,557139,48471,79360,28596,0.44898847678683906,0.3710537584179999
2539,0.2677,15,51,15,557190,48420,79375,28581,0.44851606209937384,0.37117699770132856
2540,0.2678,15,52,15,557242,48368,79390,28566,0.448034384378821,0.37130527465099955
2541,0.2679,14,55,14,557297,48313,79404,28552,0.44752491755900553,0.37145644961946267
2542,0.268,19,42,19,557339,48271,79423,28533,0.44713587016932826,0.3715040883287329
2543,0.2681,19,63,19,557402,48208,79442,28514,0.4465522990848123,0.3716535022548943
2544,0.2682,27,44,27,557446,48164,79469,28487,0.44614472562895996,0.3716455101694694
2545,0.2683,22,46,22,557492,48118,79491,28465,0.44571862610693247,0.37168823368110415
2546,0.2684,15,42,15,557534,48076,79506,28450,0.4453295787172552,0.37176907194940284
2547,0.2685,19,42,19,557576,48034,79525,28431,0.4449405313275779,0.37181717125482244
2548,0.2686,22,46,22,557622,47988,79547,28409,0.4445144318055504,0.3718601515766326
2549,0.2687,29,57,29,557679,47931,79576,28380,0.4439864389195598,0.3718992019499155
2550,0.2688,17,52,17,557731,47879,79593,28363,0.443504761199007,0.3720128013430917
2551,0.2689,28,62,28,557793,47817,79621,28335,0.4429304531475786,0.3720847778127955
2552,0.269,12,47,12,557840,47770,79633,28323,0.4424950905924636,0.37221557830549457
2553,0.2691,26,41,26,557881,47729,79659,28297,0.44211530623587386,0.37220161523689266
2554,0.2692,28,63,28,557944,47666,79687,28269,0.44153173515135796,0.3722789227628893
2555,0.2693,29,41,29,557985,47625,79716,28240,0.44115195079476827,0.3722401634482304
2556,0.2694,16,41,16,558026,47584,79732,28224,0.4407721664381785,0.3723089911355002
2557,0.2695,17,62,17,558088,47522,79749,28207,0.4401978583867502,0.3724728967766642
2558,0.2696,17,46,17,558134,47476,79766,28190,0.43977175886472264,0.3725583485317051
2559,0.2697,18,41,18,558175,47435,79784,28172,0.43939197450813294,0.37261100162683347
2560,0.2698,21,56,21,558231,47379,79805,28151,0.4388732446552299,0.37271282933933536
2561,0.2699,12,40,12,558271,47339,79817,28139,0.43850272333172774,0.37281062031320383
2562,0.27,30,58,30,558329,47281,79847,28109,0.4379654674126496,0.3728478578060751
2563,0.2701,22,43,22,558372,47238,79869,28087,0.43756715698988474,0.3728775307002987
2564,0.2702,35,54,35,558426,47184,79904,28052,0.43706695320315686,0.37285342123451537
2565,0.2703,20,54,20,558480,47130,79924,28032,0.4365667494164289,0.37295441845613475
2566,0.2704,14,58,14,558538,47072,79938,28018,0.43602949349735076,0.37312558263417234
2567,0.2705,16,58,16,558596,47014,79954,28002,0.43549223757827266,0.37328036685507093
2568,0.2706,25,45,25,558641,46969,79979,27977,0.4350754010893327,0.37329543938302245
2569,0.2707,19,59,19,558700,46910,79998,27958,0.434528882137167,0.37343057113853717
2570,0.2708,19,45,19,558745,46865,80017,27939,0.43411204564822703,0.3734960697288915
2571,0.2709,23,47,23,558792,46818,80040,27916,0.433676683093112,0.3735381486338213
2572,0.271,20,70,20,558862,46748,80060,27896,0.4330282707769832,0.3737205937516746
2573,0.2711,15,43,15,558905,46705,80075,27881,0.4326299603542184,0.37381009840988927
2574,0.2712,26,59,26,558964,46646,80101,27855,0.4320834414020527,0.3738875988241769
2575,0.2713,19,59,19,559023,46587,80120,27836,0.431536922449887,0.37402415919809734
2576,0.2714,20,51,20,559074,46536,80140,27816,0.4310645077624217,0.37411233053582954
2577,0.2715,20,62,20,559136,46474,80160,27796,0.4304901997109934,0.3742560926349805
2578,0.2716,17,56,17,559192,46418,80177,27779,0.4299714698580903,0.3743951911802364
2579,0.2717,20,54,20,559246,46364,80197,27759,0.42947126607136243,0.3744991433158399
2580,0.2718,22,34,22,559280,46330,80219,27737,0.42915632294638556,0.3744852633426492
2581,0.2719,13,45,13,559325,46285,80232,27724,0.42873948645744564,0.37460308881352267
2582,0.272,17,44,17,559369,46241,80249,27707,0.42833191300159323,0.3746822091199221
2583,0.2721,15,54,15,559423,46187,80264,27692,0.4278317092148653,0.37482911246768363
2584,0.2722,15,56,15,559479,46131,80279,27677,0.4273129793619623,0.3749864513331888
2585,0.2723,17,49,17,559528,46082,80296,27660,0.42685909074067213,0.37509153535298745
2586,0.2724,18,60,18,559588,46022,80314,27642,0.4263033087554189,0.37524435273675066
2587,0.2725,16,45,16,559633,45977,80330,27626,0.4258864722664789,0.3753379617678627
2588,0.2726,16,57,16,559690,45920,80346,27610,0.4253584793804884,0.37549299605603154
2589,0.2727,13,51,13,559741,45869,80359,27597,0.4248860646930231,0.37564315465657583
2590,0.2728,19,47,19,559788,45822,80378,27578,0.42445070213790803,0.3757220708446867
2591,0.2729,14,48,14,559836,45774,80392,27564,0.42400607654970546,0.3758488096212059
2592,0.273,20,51,20,559887,45723,80412,27544,0.4235336618622402,0.37594005486781223
2593,0.2731,11,69,11,559956,45654,80423,27533,0.4228945125791989,0.3762006913796166
2594,0.2732,17,52,17,560008,45602,80440,27516,0.4224128348586461,0.3763232035887196
2595,0.2733,16,52,16,560060,45550,80456,27500,0.4219311571380933,0.37645448323066394
2596,0.2734,20,62,20,560122,45488,80476,27480,0.42135684908666493,0.3766034426049775
2597,0.2735,19,44,19,560166,45444,80495,27461,0.4209492756308126,0.3766682669227076
2598,0.2736,16,52,16,560218,45392,80511,27445,0.4204675979102597,0.3768002526188613
2599,0.2737,23,52,23,560270,45340,80534,27422,0.41998592018970693,0.3768725433605453
2600,0.2738,14,45,14,560315,45295,80548,27408,0.41956908370076695,0.37698581901709693
2601,0.2739,13,51,13,560366,45244,80561,27395,0.4190966690133017,0.377139002464241
2602,0.274,25,45,25,560411,45199,80586,27370,0.41867983252436175,0.37715829073020163
2603,0.2741,18,44,18,560455,45155,80604,27352,0.4182722590685094,0.3772325430648075
2604,0.2742,16,52,16,560507,45103,80620,27336,0.4177905813479566,0.37736578362484297
2605,0.2743,20,51,20,560558,45052,80640,27316,0.4173181666604913,0.3774596506743312
2606,0.2744,23,57,23,560615,44995,80663,27293,0.4167901737745007,0.3775592076139885
2607,0.2745,17,42,17,560657,44953,80680,27276,0.41640112638482346,0.37763225297318254
2608,0.2746,19,43,19,560700,44910,80699,27257,0.4160028159620586,0.3776934055731844
2609,0.2747,15,57,15,560757,44853,80714,27242,0.41547482307606803,0.37786254247867396
2610,0.2748,19,48,19,560805,44805,80733,27223,0.4150301974878654,0.3779502415727217
2611,0.2749,23,45,23,560850,44760,80756,27200,0.4146133609989255,0.3779877709838799
2612,0.275,21,39,21,560889,44721,80777,27179,0.41425210270851087,0.37801112656467317
2613,0.2751,25,49,25,560938,44672,80802,27154,0.41379821408722073,0.3780525158020772
2614,0.2752,20,46,20,560984,44626,80822,27134,0.41337211456519324,0.37812151616499445
2615,0.2753,21,53,21,561037,44573,80843,27113,0.41288117381155287,0.37821889908768797
2616,0.2754,25,41,25,561078,44532,80868,27088,0.4125013894549631,0.37821837475565484
2617,0.2755,14,49,14,561127,44483,80882,27074,0.412047500833673,0.3783557164218735
2618,0.2756,19,50,19,561177,44433,80901,27055,0.41158434917929526,0.3784551253357207
2619,0.2757,23,68,23,561245,44365,80924,27032,0.41095446292934157,0.37861534798380886
2620,0.2758,15,44,15,561289,44321,80939,27017,0.4105468894734892,0.37871821469623485
2621,0.2759,16,69,16,561358,44252,80955,27001,0.40990774019044796,0.3789454479109651
2622,0.276,27,51,27,561409,44201,80982,26974,0.40943532550298267,0.37898138391289077
2623,0.2761,24,44,24,561453,44157,81006,26950,0.4090277520471303,0.37900628630092675
2624,0.2762,24,40,24,561493,44117,81030,26926,0.40865723072362814,0.3790098954154526
2625,0.2763,14,66,14,561559,44051,81044,26912,0.4080458705398496,0.37923988557417243
2626,0.2764,19,36,19,561595,44015,81063,26893,0.40771240134869763,0.3792660912731991
2627,0.2765,22,52,22,561647,43963,81085,26871,0.4072307236281448,0.37935172374848236
2628,0.2766,22,42,22,561689,43921,81107,26849,0.4068416762384675,0.37938391974000285
2629,0.2767,19,39,19,561728,43882,81126,26830,0.4064804179480529,0.3794264057020025
2630,0.2768,19,58,19,561786,43824,81145,26811,0.4059431620289748,0.3795710341898492
2631,0.2769,18,51,18,561837,43773,81163,26793,0.4054707473415095,0.37968710143695267
2632,0.277,25,48,25,561885,43725,81188,26768,0.4050261217533069,0.379725646518094
2633,0.2771,22,52,22,561937,43673,81210,26746,0.4045444440327541,0.3798122665757821
2634,0.2772,27,46,27,561983,43627,81237,26719,0.4041183445107266,0.3798225911921076
2635,0.2773,15,49,15,562032,43578,81252,26704,0.40366445588943645,0.3799550382743804
2636,0.2774,19,40,19,562072,43538,81271,26685,0.40329393456593426,0.380003702490637
2637,0.2775,24,50,24,562122,43488,81295,26661,0.40283078291155655,0.3800624385237138
2638,0.2776,24,38,24,562160,43450,81319,26637,0.4024787876542295,0.38005621584601995
2639,0.2777,11,58,11,562218,43392,81330,26626,0.40194153173515135,0.3802736439201348
2640,0.2778,24,43,24,562261,43349,81354,26602,0.4015432213123865,0.3802947777730125
2641,0.2779,17,41,17,562302,43308,81371,26585,0.4011634369557968,0.3803671326170003
2642,0.278,19,28,19,562330,43280,81390,26566,0.4009040720293453,0.38035105804197805
2643,0.2781,18,38,18,562368,43242,81408,26548,0.4005520767720182,0.3803983378707551
2644,0.2782,30,51,30,562419,43191,81438,26518,0.400079662084553,0.3804099901017085
2645,0.2783,17,45,17,562464,43146,81455,26501,0.399662825595613,0.3805045443450543
2646,0.2784,15,48,15,562512,43098,81470,26486,0.39921820000741043,0.3806334789606806
2647,0.2785,14,61,14,562573,43037,81484,26472,0.3986531549890696,0.38084276856234445
2648,0.2786,19,45,19,562618,42992,81503,26453,0.3982363185001297,0.3809201526387789
2649,0.2787,10,49,10,562667,42943,81513,26443,0.39778242987883955,0.3810999337042055
2650,0.2788,14,49,14,562716,42894,81527,26429,0.39732854125754935,0.38124432006693304
2651,0.2789,16,45,16,562761,42849,81543,26413,0.39691170476860943,0.38134908030377407
2652,0.279,22,45,22,562806,42804,81565,26391,0.3964948682796695,0.38140039020160416
2653,0.2791,21,48,21,562854,42756,81586,26370,0.3960502426914669,0.38147730231750715
2654,0.2792,16,44,16,562898,42712,81602,26354,0.39564266923561453,0.38157704224944256
2655,0.2793,20,29,20,562927,42683,81622,26334,0.39537404127607545,0.38155816682846255
2656,0.2794,19,44,19,562971,42639,81641,26315,0.39496646782022304,0.3816312324158134
2657,0.2795,21,48,21,563019,42591,81662,26294,0.39452184223202047,0.38170864484285405
2658,0.2796,21,56,21,563075,42535,81683,26273,0.3940031123791174,0.3818306010928962
2659,0.2797,23,53,23,563128,42482,81706,26250,0.393512171625477,0.381918174940348
2660,0.2798,13,33,13,563161,42449,81719,26237,0.3932064915335878,0.38198468392394375
2661,0.2799,16,44,16,563205,42405,81735,26221,0.39279891807773537,0.3820855069507184
2662,0.28,29,45,29,563250,42360,81764,26192,0.39238208158879545,0.38207492122768116
2663,0.2801,12,50,12,563300,42310,81776,26180,0.39191892993441774,0.38224558329683167
2664,0.2802,22,45,22,563345,42265,81798,26158,0.39150209344547776,0.3822983499700393
2665,0.2803,19,40,19,563385,42225,81817,26139,0.39113157212197563,0.3823503598385115
2666,0.2804,21,47,21,563432,42178,81838,26118,0.3906962095668606,0.3824235679981258
2667,0.2805,17,48,17,563480,42130,81855,26101,0.39025158397865795,0.3825387287303425
2668,0.2806,15,44,15,563524,42086,81870,26086,0.3898440105228056,0.3826497682332923
2669,0.2807,15,40,15,563564,42046,81885,26071,0.3894734891993034,0.3827385234229341
2670,0.2808,19,41,19,563605,42005,81904,26052,0.3890937048427137,0.382796773292975
2671,0.2809,15,41,15,563646,41964,81919,26037,0.38871392048612396,0.3828914280672343
2672,0.281,13,45,13,563691,41919,81932,26024,0.38829708399718404,0.38302694906024165
2673,0.2811,17,52,17,563743,41867,81949,26007,0.38781540627663125,0.38316586616377407
2674,0.2812,23,59,23,563802,41808,81972,25984,0.3872688873244655,0.3832900637243333
2675,0.2813,19,47,19,563849,41761,81991,25965,0.38683352476935046,0.3833830434397425
2676,0.2814,16,49,16,563898,41712,82007,25949,0.3863796361480603,0.3835148756299789
2677,0.2815,23,46,23,563944,41666,82030,25926,0.3859535366260328,0.38356610249733697
2678,0.2816,21,31,21,563975,41635,82051,25905,0.38566638260031866,0.38355048859934854
2679,0.2817,21,47,21,564022,41588,82072,25884,0.3852310200452036,0.38362580033198956
2680,0.2818,21,32,21,564054,41556,82093,25863,0.38493460298640186,0.3836158946291105
2681,0.2819,19,57,19,564111,41499,82112,25844,0.3844066101004113,0.38376668696078287
2682,0.282,19,41,19,564152,41458,82131,25825,0.3840268257438216,0.3838265237875838
2683,0.2821,11,29,11,564181,41429,82142,25814,0.3837581977842825,0.3838912600568089
2684,0.2822,13,36,13,564217,41393,82155,25801,0.38342472859313054,0.38397773610739055
2685,0.2823,18,36,18,564253,41357,82173,25783,0.3830912594019786,0.38401846887101576
2686,0.2824,23,40,23,564293,41317,82196,25760,0.3827207380784764,0.384036256839155
2687,0.2825,17,51,17,564344,41266,82213,25743,0.38224832339101117,0.38417227536599563
2688,0.2826,19,45,19,564389,41221,82232,25724,0.3818314869020712,0.38425573231757415
2689,0.2827,19,35,19,564424,41186,82251,25705,0.3815072807440068,0.38428189143532016
2690,0.2828,20,44,20,564468,41142,82271,25685,0.38109970728815445,0.3843506367186916
2691,0.2829,24,37,24,564505,41105,82295,25661,0.3807569750639149,0.38434232992840667
2692,0.283,19,43,19,564548,41062,82314,25642,0.3803586646411501,0.3844147277524586
2693,0.2831,18,40,18,564588,41022,82332,25624,0.3799881433176479,0.38447918854845003
2694,0.2832,16,27,16,564615,40995,82348,25608,0.37973804142428397,0.38448718526192516
2695,0.2833,15,39,15,564654,40956,82363,25593,0.37937678313386936,0.3845737727088311
2696,0.2834,17,40,17,564694,40916,82380,25576,0.3790062618103672,0.38464777717620163
2697,0.2835,13,45,13,564739,40871,82393,25563,0.37858942532142725,0.3847879098052202
2698,0.2836,22,41,22,564780,40830,82415,25541,0.3782096409648375,0.3848216841692908
2699,0.2837,17,48,17,564828,40782,82432,25524,0.3777650153766349,0.3849425391367297
2700,0.2838,19,41,19,564869,40741,82451,25505,0.37738523102004523,0.3850043776227999
2701,0.2839,22,44,22,564913,40697,82473,25483,0.3769776575641928,0.3850559081293442
2702,0.284,22,33,22,564946,40664,82495,25461,0.3766719774723035,0.38504347826086954
2703,0.2841,13,41,13,564987,40623,82508,25448,0.3762921931157138,0.3851614172632471
2704,0.2842,17,38,17,565025,40585,82525,25431,0.3759401978583867,0.3852247939893359
2705,0.2843,18,41,18,565066,40544,82543,25413,0.37556041350179703,0.38529648104067804
2706,0.2844,11,53,11,565119,40491,82554,25402,0.37506947274815666,0.38550377126553653
2707,0.2845,21,34,21,565153,40457,82575,25381,0.3747545296231798,0.3855068501473313
2708,0.2846,15,56,15,565209,40401,82590,25366,0.37423579977027677,0.3856949533960801
2709,0.2847,20,52,20,565261,40349,82610,25346,0.37375412204972397,0.3858132277951138
2710,0.2848,18,41,18,565302,40308,82628,25328,0.3733743376931342,0.3858857943811323
2711,0.2849,16,46,16,565348,40262,82644,25312,0.3729482381711067,0.3860066489767286
2712,0.285,24,45,24,565393,40217,82668,25288,0.3725314016821668,0.38604686665140064
2713,0.2851,20,40,20,565433,40177,82688,25268,0.3721608803586646,0.38609519443807777
2714,0.2852,13,30,13,565463,40147,82701,25255,0.37188298936603803,0.38615027063392554
2715,0.2853,14,41,14,565504,40106,82715,25241,0.3715032050094483,0.3862610372320076
2716,0.2854,15,51,15,565555,40055,82730,25226,0.37103079032198305,0.3864217766271963
2717,0.2855,16,38,16,565593,40017,82746,25210,0.37067879506465595,0.3864963895319423
2718,0.2856,18,36,18,565629,39981,82764,25192,0.370345325873504,0.3865404385251561
2719,0.2857,17,47,17,565676,39934,82781,25175,0.369909963318389,0.3866592944139827
2720,0.2858,15,37,15,565713,39897,82796,25160,0.36956723109414946,0.3867377837895999
2721,0.2859,18,50,18,565763,39847,82814,25142,0.36910407943977175,0.38686546954099926
2722,0.286,20,44,20,565807,39803,82834,25122,0.3686965059839194,0.38693877551020406
2723,0.2861,16,42,16,565849,39761,82850,25106,0.3683074585942421,0.3870380933294279
2724,0.2862,21,39,21,565888,39722,82871,25085,0.36794620030382746,0.3870723841560325
2725,0.2863,12,41,12,565929,39681,82883,25073,0.36756641594723777,0.3872038792970318
2726,0.2864,11,36,11,565965,39645,82894,25062,0.3672329467560858,0.3873151281932403
2727,0.2865,18,41,18,566006,39604,82912,25044,0.3668531623994961,0.387390174483356
2728,0.2866,23,43,23,566049,39561,82935,25021,0.3664548519767313,0.3874299340373479
2729,0.2867,14,39,14,566088,39522,82949,25007,0.36609359368631667,0.38753118752808813
2730,0.2868,22,42,22,566130,39480,82971,24985,0.3657045462966394,0.3875746529124331
2731,0.2869,11,43,11,566173,39437,82982,24974,0.36530623587387456,0.38772880408625854
2732,0.287,18,41,18,566214,39396,83000,24956,0.3649264515172848,0.38780457483838887
2733,0.2871,22,30,22,566244,39366,83022,24934,0.3646485605246582,0.38777604976671853
2734,0.2872,17,35,17,566279,39331,83039,24917,0.3643243543665938,0.38782530195492465
2735,0.2873,16,49,16,566328,39282,83055,24901,0.36387046574530363,0.38796877677889785
2736,0.2874,14,44,14,566372,39238,83069,24887,0.3634628922894513,0.38810136452241717
2737,0.2875,23,54,23,566426,39184,83092,24864,0.36296268850272334,0.3882088433674744
2738,0.2876,16,44,16,566470,39140,83108,24848,0.36255511504687093,0.3883228105269738
2739,0.2877,17,33,17,566503,39107,83125,24831,0.3622494349549817,0.3883605993306015
2740,0.2878,15,43,15,566546,39064,83140,24816,0.36185112453221685,0.3884783969943644
2741,0.2879,17,38,17,566584,39026,83157,24799,0.36149912927488975,0.3885468076772425
2742,0.288,18,45,18,566629,38981,83175,24781,0.36108229278594983,0.38864841127944544
2743,0.2881,22,57,22,566686,38924,83197,24759,0.36055429989995924,0.38878507607995855
2744,0.2882,18,36,18,566722,38888,83215,24741,0.3602208307088073,0.3888321362900564
2745,0.2883,11,44,11,566766,38844,83226,24730,0.35981325725295493,0.38899550130556515
2746,0.2884,16,42,16,566808,38802,83242,24714,0.3594242098632776,0.38909880974872474
2747,0.2885,20,39,20,566847,38763,83262,24694,0.359062951572863,0.3891454055502151
2748,0.2886,15,40,15,566887,38723,83277,24679,0.35869243024936087,0.3892463960127441
2749,0.2887,12,37,12,566924,38686,83289,24667,0.35834969802512134,0.38935804145028646
2750,0.2888,14,29,14,566953,38657,83303,24653,0.35808107006558226,0.38940135839519824
2751,0.2889,17,45,17,566998,38612,83320,24636,0.35766423357664234,0.3895142929420693
2752,0.289,12,32,12,567030,38580,83332,24624,0.3573678165178406,0.3895955952154927
2753,0.2891,17,51,17,567081,38529,83349,24607,0.3568954018303753,0.3897459452610238
2754,0.2892,28,29,28,567110,38500,83377,24579,0.35662677387083624,0.38965424309199576
2755,0.2893,25,50,25,567160,38450,83402,24554,0.35616362221645853,0.38972128753729923
2756,0.2894,18,32,18,567192,38418,83420,24536,0.3558672051576568,0.3897448930965467
2757,0.2895,18,33,18,567225,38385,83438,24518,0.35556152506576755,0.38977473252468087
2758,0.2896,20,39,20,567264,38346,83458,24498,0.35520026677535294,0.3898224174145503
2759,0.2897,22,44,22,567308,38302,83480,24476,0.35479269331950053,0.3898818057281213
2760,0.2898,13,43,13,567351,38259,83493,24463,0.3543943828967357,0.3900226395841969
2761,0.2899,17,43,17,567394,38216,83510,24446,0.35399607247397086,0.39012479652740095
2762,0.29,21,39,21,567433,38177,83531,24425,0.35363481418355625,0.39016325357017345
2763,0.2901,16,38,16,567471,38139,83547,24409,0.3532828189262292,0.3902442923834495
2764,0.2902,15,42,15,567513,38097,83562,24394,0.35289377153655194,0.39036021187050934
2765,0.2903,16,47,16,567560,38050,83578,24378,0.3524584089814369,0.3904978535272634
2766,0.2904,13,31,13,567591,38019,83591,24365,0.3521712549557227,0.3905648884329315
2767,0.2905,14,29,14,567620,37990,83605,24351,0.35190262699618363,0.39060971110505127
2768,0.2906,16,36,16,567656,37954,83621,24335,0.3515691578050317,0.3906789320746841
2769,0.2907,23,45,23,567701,37909,83644,24312,0.35115232131609175,0.390736246604844
2770,0.2908,21,43,21,567744,37866,83665,24291,0.3507540108933269,0.3908007143201892
2771,0.2909,16,38,16,567782,37828,83681,24275,0.3504020156359999,0.3908828881052445
2772,0.291,18,32,18,567814,37796,83699,24257,0.35010559857719814,0.39090777238811986
2773,0.2911,16,39,16,567853,37757,83715,24241,0.34974434028678353,0.3909964837575406
2774,0.2912,15,39,15,567892,37718,83730,24226,0.3493830819963689,0.3910951827457058
2775,0.2913,15,28,15,567920,37690,83745,24211,0.34912371706991735,0.3911245375680522
2776,0.2914,17,40,17,567960,37650,83762,24194,0.3487531957464152,0.391210141646724
2777,0.2915,12,37,12,567997,37613,83774,24182,0.3484104635221757,0.39132615907435875
2778,0.2916,17,35,17,568032,37578,83791,24165,0.3480862573641113,0.3913803993975026
2779,0.2917,10,40,10,568072,37538,83801,24155,0.3477157360406091,0.3915355064594038
2780,0.2918,18,47,18,568119,37491,83819,24137,0.34728037348549406,0.3916563899526189
2781,0.2919,10,35,10,568154,37456,83829,24127,0.3469561673274297,0.3917801990809152
2782,0.292,11,30,11,568184,37426,83840,24116,0.3466782763348031,0.39186246790809526
2783,0.2921,15,38,15,568222,37388,83855,24101,0.346326281077476,0.3919562848639594
2784,0.2922,19,41,19,568263,37347,83874,24082,0.3459464967208863,0.3920298230477462
2785,0.2923,17,34,17,568297,37313,83891,24065,0.34563155359590947,0.3920785949362964
2786,0.2924,9,29,9,568326,37284,83900,24056,0.3453629256363704,0.3921747636126508
2787,0.2925,15,37,15,568363,37247,83915,24041,0.34502019341213086,0.3922627594308837
2788,0.2926,11,39,11,568402,37208,83926,24030,0.34465893512171625,0.39240340964760445
2789,0.2927,19,32,19,568434,37176,83945,24011,0.3443625180629145,0.3924199584879141
2790,0.2928,14,31,14,568465,37145,83959,23997,0.34407536403720035,0.3924798011187073
2791,0.2929,14,38,14,568503,37107,83973,23983,0.3437233687798733,0.39258471108201015
2792,0.293,15,39,15,568542,37068,83988,23968,0.3433621104894587,0.3926862835048168
2793,0.2931,19,36,19,568578,37032,84007,23949,0.34302864129830674,0.39272888276676343
2794,0.2932,11,37,11,568615,36995,84018,23938,0.3426859090740672,0.39285772898101196
2795,0.2933,23,28,23,568643,36967,84041,23915,0.3424265441476157,0.39280904043888176
2796,0.2934,21,44,21,568687,36923,84062,23894,0.3420189706917633,0.3928835687390039
2797,0.2935,16,28,16,568715,36895,84078,23878,0.3417596057653118,0.39290474388297436
2798,0.2936,10,38,10,568753,36857,84088,23868,0.34140761050798474,0.39305063812268426
2799,0.2937,14,33,14,568786,36824,84102,23854,0.34110193041609543,0.39312436138303836
2800,0.2938,19,35,19,568821,36789,84121,23835,0.34077772425803105,0.39316112430720507
2801,0.2939,12,36,12,568857,36753,84133,23823,0.3404442550668791,0.39327456418383516
2802,0.294,13,30,13,568887,36723,84146,23810,0.3401663640742525,0.39333917036988086
2803,0.2941,15,34,15,568921,36689,84161,23795,0.3398514209492756,0.39340982739236824
2804,0.2942,15,38,15,568959,36651,84176,23780,0.3394994256919486,0.39350664394102364
2805,0.2943,13,43,13,569002,36608,84189,23767,0.33910111526918374,0.39365631469979295
2806,0.2944,16,44,16,569046,36564,84205,23751,0.33869354181333133,0.39378264113404626
2807,0.2945,17,35,17,569081,36529,84222,23734,0.33836933565526695,0.3938403332061132
2808,0.2946,23,38,23,569119,36491,84245,23711,0.3380173403979399,0.3938573469319956
2809,0.2947,14,29,14,569148,36462,84259,23697,0.3377487124384008,0.39390614870592927
2810,0.2948,15,43,15,569191,36419,84274,23682,0.337350402015636,0.3940367048801185
2811,0.2949,17,38,17,569229,36381,84291,23665,0.33699840675830894,0.39411451220730775
2812,0.295,22,29,22,569258,36352,84313,23643,0.33672977879876986,0.3940828402366864
2813,0.2951,15,26,15,569284,36326,84328,23628,0.33648893993849344,0.3941021449778163
2814,0.2952,19,37,19,569321,36289,84347,23609,0.33614620771425396,0.39415339410330896
2815,0.2953,12,34,12,569355,36255,84359,23597,0.3358312645892771,0.3942558310499231
2816,0.2954,8,36,8,569391,36219,84367,23589,0.3354977953981252,0.3944121187800963
2817,0.2955,14,38,14,569429,36181,84381,23575,0.3351458001407981,0.39452105227926904
2818,0.2956,11,33,11,569462,36148,84392,23564,0.33484012004890884,0.3946275455519829
2819,0.2957,14,35,14,569497,36113,84406,23550,0.3345159138908444,0.3947169937817408
2820,0.2958,20,28,20,569525,36085,84426,23530,0.3342565489643929,0.39469932064077834
2821,0.2959,12,30,12,569555,36055,84438,23518,0.3339786579717663,0.39477615698386853
2822,0.296,25,28,25,569583,36027,84463,23493,0.3337192930453148,0.3947076612903226
2823,0.2961,14,43,14,569626,35984,84477,23479,0.33332098262254994,0.39485057935186585
2824,0.2962,23,50,23,569676,35934,84500,23456,0.33285783096817223,0.39494864455295503
2825,0.2963,17,35,17,569711,35899,84517,23439,0.33253362481010784,0.39500825777747817
2826,0.2964,18,33,18,569744,35866,84535,23421,0.33222794471821854,0.395044444819269
2827,0.2965,15,40,15,569784,35826,84550,23406,0.33185742339471636,0.3951580226904376
2828,0.2966,8,29,8,569813,35797,84558,23398,0.3315887954351773,0.39526987076611203
2829,0.2967,21,34,21,569847,35763,84579,23377,0.33127385231020046,0.3952823807913426
2830,0.2968,17,40,17,569887,35723,84596,23360,0.3309033309866983,0.3953759964795288
2831,0.2969,13,39,13,569926,35684,84609,23347,0.33054207269628366,0.39550405719028986
2832,0.297,20,35,20,569961,35649,84629,23327,0.3302178665382193,0.3955337764514379
2833,0.2971,14,36,14,569997,35613,84643,23313,0.3298843973470673,0.39563180938804604
2834,0.2972,18,32,18,570029,35581,84661,23295,0.3295879802882656,0.3956620694340648
2835,0.2973,8,38,8,570067,35543,84669,23287,0.32923598503093854,0.395835458099609
2836,0.2974,19,39,19,570106,35504,84688,23268,0.3288747267405239,0.3959028108623154
2837,0.2975,11,41,11,570147,35463,84699,23257,0.3284949423839342,0.3960660762942779
2838,0.2976,18,42,18,570189,35421,84717,23239,0.3281058949942569,0.39616433685646096
2839,0.2977,16,29,16,570218,35392,84733,23223,0.3278372670347178,0.39619551309391793
2840,0.2978,23,44,23,570262,35348,84756,23200,0.3274296935788655,0.39625606340097014
2841,0.2979,14,34,14,570296,35314,84770,23186,0.3271147504538886,0.39634188034188034
2842,0.298,19,31,19,570327,35283,84789,23167,0.32682759642817444,0.3963558597091531
2843,0.2981,20,28,20,570355,35255,84809,23147,0.3265682315017229,0.3963391664669018
2844,0.2982,18,29,18,570384,35226,84827,23129,0.32629960354218385,0.3963499271699083
2845,0.2983,22,32,22,570416,35194,84849,23107,0.3260031864833821,0.3963396854256359
2846,0.2984,7,41,7,570457,35153,84856,23100,0.3256234021267924,0.39654610063001045
2847,0.2985,13,41,13,570498,35112,84869,23087,0.32524361777020266,0.39669066478805476
2848,0.2986,20,49,20,570547,35063,84889,23067,0.3247897291489125,0.3968174780664029
2849,0.2987,17,27,17,570574,35036,84906,23050,0.3245396272555486,0.3968253968253968
2850,0.2988,20,41,20,570615,34995,84926,23030,0.3241598428989588,0.3968978888410168
2851,0.2989,10,34,10,570649,34961,84936,23020,0.323844899773982,0.3970266121660544
2852,0.299,19,32,19,570681,34929,84955,23001,0.3235484827151803,0.39704816157431383
2853,0.2991,15,38,15,570719,34891,84970,22986,0.3231964874578532,0.3971525822001831
2854,0.2992,10,26,10,570745,34865,84980,22976,0.3229556485975768,0.39722688058643524
2855,0.2993,9,34,9,570779,34831,84989,22967,0.32264070547259993,0.3973666908889581
2856,0.2994,18,45,18,570824,34786,85007,22949,0.32222386898366,0.3974885251580497
2857,0.2995,12,29,12,570853,34757,85019,22937,0.32195524102412093,0.3975630048185253
2858,0.2996,23,37,23,570890,34720,85042,22914,0.32161250879988146,0.3975778186487143
2859,0.2997,17,36,17,570926,34684,85059,22897,0.3212790396087295,0.39764852989701466
2860,0.2998,19,34,19,570960,34650,85078,22878,0.3209640964837526,0.3976846057571965
2861,0.2999,11,46,11,571006,34604,85089,22867,0.32053799696172514,0.3978876302830993
2862,0.3,10,34,10,571040,34570,85099,22857,0.3202230538367483,0.3980183537360475
2863,0.3001,15,37,15,571077,34533,85114,22842,0.3198803216125088,0.3981176470588235
2864,0.3002,13,27,13,571104,34506,85127,22829,0.31963021971914485,0.3981686578878521
2865,0.3003,8,33,8,571137,34473,85135,22821,0.31932453962725554,0.39831395957691906
2866,0.3004,18,31,18,571168,34442,85153,22803,0.3190373856015414,0.3983404664162809
2867,0.3005,16,42,16,571210,34400,85169,22787,0.3186483382118641,0.3984646860300418
2868,0.3006,15,32,15,571242,34368,85184,22772,0.3183519211530624,0.3985299264963248
2869,0.3007,11,34,11,571276,34334,85195,22761,0.3180369780280855,0.39865137052281285
2870,0.3008,22,24,22,571300,34310,85217,22739,0.3178146652339842,0.3985871794422339
2871,0.3009,16,41,16,571341,34269,85233,22723,0.3174348808773945,0.39870508141493544
2872,0.301,22,32,22,571373,34237,85255,22701,0.3171384638185928,0.3986968281288419
2873,0.3011,12,36,12,571409,34201,85267,22689,0.31680499462744083,0.3988222886271752
2874,0.3012,13,41,13,571450,34160,85280,22676,0.3164252102708511,0.3989724822295728
2875,0.3013,19,37,19,571487,34123,85299,22657,0.3160824780466116,0.3990313490665727
2876,0.3014,11,34,11,571521,34089,85310,22646,0.31576753492163473,0.39915396139948883
2877,0.3015,10,29,10,571550,34060,85320,22636,0.31549890696209565,0.3992521518272894
2878,0.3016,19,25,19,571575,34035,85339,22617,0.3152673311349068,0.39922685871637364
2879,0.3017,17,40,17,571615,33995,85356,22600,0.31489680981140467,0.39932856259386873
2880,0.3018,11,41,11,571656,33954,85367,22589,0.3145170254548149,0.3995012645243443
2881,0.3019,16,28,16,571684,33926,85383,22573,0.3142576605283634,0.3995291952069948
2882,0.302,13,31,13,571715,33895,85396,22560,0.31397050650264924,0.39961030909573997
2883,0.3021,18,30,18,571745,33865,85414,22542,0.3136926155100226,0.39963125144042405
2884,0.3022,14,42,14,571787,33823,85428,22528,0.3133035681203453,0.3997799506663591
2885,0.3023,19,32,19,571819,33791,85447,22509,0.3130071510615436,0.3998046181172291
2886,0.3024,13,48,13,571867,33743,85460,22496,0.312562525473341,0.4000071125020004
2887,0.3025,10,33,10,571900,33710,85470,22486,0.3122568453814517,0.4001352409424158
2888,0.3026,14,53,14,571953,33657,85484,22472,0.31176590462781134,0.40036344848474054
2889,0.3027,19,43,19,571996,33614,85503,22453,0.3113675942050465,0.40046729805411385
2890,0.3028,17,31,17,572027,33583,85520,22436,0.31108044017933234,0.4005069708491762
2891,0.3029,14,29,14,572056,33554,85534,22422,0.31081181221979326,0.4005645276547092
2892,0.303,20,38,20,572094,33516,85554,22402,0.3104598169624662,0.40062233985478735
2893,0.3031,9,32,9,572126,33484,85563,22393,0.3101633999036645,0.4007552302378438
2894,0.3032,11,36,11,572162,33448,85574,22382,0.3098299307125125,0.40089557585527497
2895,0.3033,15,24,15,572186,33424,85589,22367,0.3096076179184112,0.40090695631911955
2896,0.3034,17,30,17,572216,33394,85606,22350,0.3093297269257846,0.40094001148105624
2897,0.3035,8,35,8,572251,33359,85614,22342,0.3090055207677202,0.4011059047413871
2898,0.3036,15,30,15,572281,33329,85629,22327,0.30872762977509355,0.4011607014517752
2899,0.3037,15,48,15,572329,33281,85644,22312,0.308283004186891,0.40134549313762524
2900,0.3038,14,39,14,572368,33242,85658,22298,0.30792174589647636,0.4014764133957508
2901,0.3039,20,34,20,572402,33208,85678,22278,0.3076068027714995,0.4015066863713369
2902,0.304,20,45,20,572447,33163,85698,22258,0.30718996628255957,0.40161671568539004
2903,0.3041,17,33,17,572480,33130,85715,22241,0.30688428619067026,0.40167235556518754
2904,0.3042,13,33,13,572513,33097,85728,22228,0.30657860609878096,0.40177135110709444
2905,0.3043,15,35,15,572548,33062,85743,22213,0.30625439994071657,0.4018634102216192
2906,0.3044,22,33,22,572581,33029,85765,22191,0.3059487198488273,0.4018652662078957
2907,0.3045,21,39,21,572620,32990,85786,22170,0.3055874615584127,0.40192168237853515
2908,0.3046,12,44,12,572664,32946,85798,22158,0.3051798881025603,0.4021123693379791
2909,0.3047,18,25,18,572689,32921,85816,22140,0.30494831227537145,0.40209948965692593
2910,0.3048,12,33,12,572722,32888,85828,22128,0.30464263218348214,0.40221026610440597
2911,0.3049,13,35,13,572757,32853,85841,22115,0.30431842602541775,0.40232498908455827
2912,0.305,16,34,16,572791,32819,85857,22099,0.30400348290044094,0.4023999417313085
2913,0.3051,18,31,18,572822,32788,85875,22081,0.3037163288747267,0.40243124532978547
2914,0.3052,10,27,10,572849,32761,85885,22071,0.3034662269813628,0.40252042602859645
2915,0.3053,12,31,12,572880,32730,85897,22059,0.3031790729556486,0.4026173136943547
2916,0.3054,16,23,16,572903,32707,85913,22043,0.30296602319463484,0.4026118721461187
2917,0.3055,21,35,21,572938,32672,85934,22022,0.30264181703657045,0.40264014334296266
2918,0.3056,9,28,9,572966,32644,85943,22013,0.30238245211011894,0.40274804691073424
2919,0.3057,9,28,9,572994,32616,85952,22004,0.3021230871836674,0.40285609666788724
2920,0.3058,12,28,12,573022,32588,85964,21992,0.3018637222572159,0.40293147673140345
2921,0.3059,19,48,19,573070,32540,85983,21973,0.3014190966690133,0.40307816484141396
2922,0.306,13,39,13,573109,32501,85996,21960,0.3010578383785987,0.40322432566423677
2923,0.3061,12,36,12,573145,32465,86008,21948,0.3007243691874467,0.4033594912980354
2924,0.3062,12,34,12,573179,32431,86020,21936,0.3004094260624699,0.4034800522375706
2925,0.3063,14,27,14,573206,32404,86034,21922,0.30015932416910596,0.40352685638552444
2926,0.3064,21,34,21,573240,32370,86055,21901,0.2998443810441291,0.40354885666377993
2927,0.3065,11,34,11,573274,32336,86066,21890,0.29952943791915226,0.4036808910854572
2928,0.3066,18,33,18,573307,32303,86084,21872,0.29922375782726296,0.4037286571296724
2929,0.3067,10,20,10,573327,32283,86094,21862,0.2990384971655119,0.4037676609105181
2930,0.3068,17,31,17,573358,32252,86111,21845,0.2987513431397977,0.4038116716268924
2931,0.3069,13,27,13,573385,32225,86124,21832,0.29850124124643374,0.40386998908559485
2932,0.307,13,35,13,573420,32190,86137,21819,0.29817703508836935,0.4039882241848581
2933,0.3071,18,36,18,573456,32154,86155,21801,0.2978435658972174,0.40405893800389214
2934,0.3072,27,32,27,573488,32122,86182,21774,0.29754714883841565,0.4040002968680422
2935,0.3073,19,24,19,573512,32098,86201,21755,0.29732483604431437,0.4039700666629529
2936,0.3074,12,23,12,573535,32075,86213,21743,0.2971117862833006,0.40400981084395554
2937,0.3075,14,39,14,573574,32036,86227,21729,0.296750527992886,0.4041476797172882
2938,0.3076,14,31,14,573605,32005,86241,21715,0.2964633739671718,0.40422561429635145
2939,0.3077,13,19,13,573624,31986,86254,21702,0.29628737633850827,0.404224407688869
2940,0.3078,17,30,17,573654,31956,86271,21685,0.2960094853458817,0.4042616655170485
2941,0.3079,10,25,10,573679,31931,86281,21675,0.2957779095186928,0.4043390665224042
2942,0.308,18,33,18,573712,31898,86299,21657,0.2954722294268035,0.4043880123237793
2943,0.3081,12,23,12,573735,31875,86311,21645,0.29525917966578974,0.4044282511210762
2944,0.3082,12,29,12,573764,31846,86323,21633,0.2949905517062507,0.4045139213523065
2945,0.3083,10,34,10,573798,31812,86333,21623,0.29467560858127384,0.4046598671282867
2946,0.3084,14,27,14,573825,31785,86347,21609,0.2944255066879099,0.4047083942015957
2947,0.3085,9,34,9,573859,31751,86356,21600,0.294110563562933,0.40486588817454217
2948,0.3086,9,37,9,573896,31714,86365,21591,0.29376783133869355,0.40504643091642434
2949,0.3087,12,35,12,573931,31679,86377,21579,0.29344362518062916,0.4051785647226708
2950,0.3088,14,26,14,573957,31653,86391,21565,0.29320278632035274,0.4052200383328949
2951,0.3089,19,22,19,573979,31631,86410,21546,0.29299899959242653,0.4051751697162307
2952,0.309,10,30,10,574009,31601,86420,21536,0.29272110859979994,0.4052919811054444
2953,0.3091,11,23,11,574032,31578,86431,21525,0.29250805883878617,0.40534433082876675
2954,0.3092,18,36,18,574068,31542,86449,21507,0.2921745896476342,0.40541763275462306
2955,0.3093,13,28,13,574096,31514,86462,21494,0.2919152247211827,0.40548596438273465
2956,0.3094,13,33,13,574129,31481,86475,21481,0.2916095446292934,0.40559268909784374
2957,0.3095,15,31,15,574160,31450,86490,21466,0.29132239060357923,0.40566180361327386
2958,0.3096,16,18,16,574178,31432,86506,21450,0.29115565600800325,0.40562005975568244
2959,0.3097,12,27,12,574205,31405,86518,21438,0.2909055541146393,0.4056923338947448
2960,0.3098,13,27,13,574232,31378,86531,21425,0.2906554522212753,0.40575346097759596
2961,0.3099,21,34,21,574266,31344,86552,21404,0.2903405090962985,0.40577841813907634
2962,0.31,12,25,12,574291,31319,86564,21392,0.29010893326910964,0.40583559408852043
2963,0.3101,12,43,12,574334,31276,86576,21380,0.2897106228463448,0.40603160133697963
2964,0.3102,17,29,17,574363,31247,86593,21363,0.2894419948868057,0.406063486029272
2965,0.3103,15,26,15,574389,31221,86608,21348,0.28920115602652935,0.4060948467728129
2966,0.3104,12,30,12,574419,31191,86620,21336,0.2889232650339027,0.4061911017191159
2967,0.3105,13,37,13,574456,31154,86633,21323,0.28858053280966317,0.4063303923623683
2968,0.3106,18,31,18,574487,31123,86651,21305,0.288293378783949,0.4063668268863966
2969,0.3107,10,35,10,574522,31088,86661,21295,0.2879691726258846,0.4065250176584006
2970,0.3108,16,15,16,574537,31073,86677,21279,0.2878302271295713,0.4064601161369193
2971,0.3109,15,30,15,574567,31043,86692,21264,0.2875523361369447,0.4065230275106582
2972,0.311,14,26,14,574593,31017,86706,21250,0.28731149727666827,0.40656628465379685
2973,0.3111,14,33,14,574626,30984,86720,21236,0.28700581718477897,0.40666411336652625
2974,0.3112,12,28,12,574654,30956,86732,21224,0.28674645225832746,0.40674587964737446
2975,0.3113,10,27,10,574681,30929,86742,21214,0.2864963503649635,0.4068427209788466
2976,0.3114,16,41,16,574722,30888,86758,21198,0.28611656600837376,0.40698076258495564
2977,0.3115,15,21,15,574743,30867,86773,21183,0.28592204231353513,0.40697406340057635
2978,0.3116,16,26,16,574769,30841,86789,21167,0.28568120345325876,0.40699507768035686
2979,0.3117,14,22,14,574791,30819,86803,21153,0.28547741672533256,0.4070076194874163
2980,0.3118,13,27,13,574818,30792,86816,21140,0.28522731483196856,0.4070707848725256
2981,0.3119,7,31,7,574849,30761,86823,21133,0.2849401608062544,0.4072339769530196
2982,0.312,13,37,13,574886,30724,86836,21120,0.2845974285820149,0.4073759740760744
2983,0.3121,14,36,14,574922,30688,86850,21106,0.28426395939086296,0.40749893810093835
2984,0.3122,13,29,13,574951,30659,86863,21093,0.2839953314313239,0.40757845107435464
2985,0.3123,7,31,7,574982,30628,86870,21086,0.2837081774056097,0.40774258421317244
2986,0.3124,13,24,13,575006,30604,86883,21073,0.2834858646115084,0.40778295953712485
2987,0.3125,11,42,11,575048,30562,86894,21062,0.2830968172218311,0.4079885324655199
2988,0.3126,16,35,16,575083,30527,86910,21046,0.2827726110637667,0.40808174820157833
2989,0.3127,15,20,15,575103,30507,86925,21031,0.28258735040201566,0.40806783344328457
2990,0.3128,15,30,15,575133,30477,86940,21016,0.282309459409389,0.4081331443108772
2991,0.3129,20,31,20,575164,30446,86960,20996,0.28202230538367484,0.40814898332102173
2992,0.313,10,30,10,575194,30416,86970,20986,0.2817444143910482,0.4082720516711412
2993,0.3131,16,30,16,575224,30386,86986,20970,0.2814665233984216,0.4083261936287873
2994,0.3132,13,29,13,575253,30357,86999,20957,0.2811978954388825,0.4084070624001247
2995,0.3133,17,25,17,575278,30332,87016,20940,0.28096631961169366,0.4084100483694804
2996,0.3134,17,23,17,575301,30309,87033,20923,0.2807532698506799,0.4083970955652717
2997,0.3135,10,24,10,575325,30285,87043,20913,0.2805309570565786,0.4084729872260635
2998,0.3136,12,38,12,575363,30247,87055,20901,0.28017896179925156,0.4086376788926253
2999,0.3137,17,27,17,575390,30220,87072,20884,0.27992885990588756,0.4086568566061365
3000,0.3138,12,21,12,575411,30199,87084,20872,0.27973433621104893,0.40868594701494
3001,0.3139,13,27,13,575438,30172,87097,20859,0.279484234317685,0.4087515431796359
3002,0.314,8,34,8,575472,30138,87105,20851,0.2791692911927081,0.4089313381317539
3003,0.3141,17,29,17,575501,30109,87122,20834,0.2789006632331691,0.4089668845572503
3004,0.3142,14,21,14,575522,30088,87136,20820,0.27870613953833046,0.40897304942248763
3005,0.3143,20,21,20,575543,30067,87156,20800,0.27851161584349177,0.40890950911199797
3006,0.3144,11,25,11,575568,30042,87167,20789,0.27828004001630297,0.4089827074029628
3007,0.3145,17,25,17,575593,30017,87184,20772,0.2780484641891141,0.40898619779873596
3008,0.3146,16,21,16,575614,29996,87200,20756,0.2778539404942754,0.408969104665826
3009,0.3147,16,19,16,575633,29977,87216,20740,0.2776779428656119,0.4089358597708855
3010,0.3148,7,25,7,575658,29952,87223,20733,0.27744636703842307,0.4090559337081977
3011,0.3149,12,39,12,575697,29913,87235,20721,0.27708510874800846,0.40923095153454203
3012,0.315,13,35,13,575732,29878,87248,20708,0.27676090258994407,0.4093622741469972
3013,0.3151,13,29,13,575761,29849,87261,20695,0.276492274630405,0.40944523583412473
3014,0.3152,19,23,19,575784,29826,87280,20676,0.2762792248693912,0.4094095283355115
3015,0.3153,20,30,20,575814,29796,87300,20656,0.2760013338767646,0.4094188535637834
3016,0.3154,12,33,12,575847,29763,87312,20644,0.2756956537848753,0.40954629317356717
3017,0.3155,14,26,14,575873,29737,87326,20630,0.2754548149245989,0.4095935831000457
3018,0.3156,19,30,19,575903,29707,87345,20611,0.2751769239319723,0.40961484955681865
3019,0.3157,11,28,11,575931,29679,87356,20600,0.2749175590055208,0.4097137970126693
3020,0.3158,8,37,8,575968,29642,87364,20592,0.27457482678128126,0.40992156706613053
3021,0.3159,19,30,19,575998,29612,87383,20573,0.27429693578865466,0.4099432101225466
3022,0.316,13,40,13,576038,29572,87396,20560,0.2739264144651525,0.41011729035346683
3023,0.3161,8,30,8,576068,29542,87404,20552,0.27364852347252583,0.41026869485367506
3024,0.3162,16,27,16,576095,29515,87420,20536,0.2733984215791619,0.4103014924776728
3025,0.3163,13,28,13,576123,29487,87433,20523,0.2731390566527104,0.410377924415117
3026,0.3164,12,28,12,576151,29459,87445,20511,0.27287969172625887,0.4104662797678607
3027,0.3165,15,29,15,576180,29430,87460,20496,0.2726110637667198,0.41052758081961305
3028,0.3166,15,23,15,576203,29407,87475,20481,0.272398014005706,0.4105396087235407
3029,0.3167,12,27,12,576230,29380,87487,20469,0.27214791211234207,0.41062007261931033
3030,0.3168,9,34,9,576264,29346,87496,20460,0.2718329689873652,0.41079388025539093
3031,0.3169,17,31,17,576295,29315,87513,20443,0.27154581496165103,0.41084850677278023
3032,0.317,9,22,9,576317,29293,87522,20434,0.27134202823372483,0.4109236430912784
3033,0.3171,12,28,12,576345,29265,87534,20422,0.2710826633072733,0.41101294101072716
3034,0.3172,23,22,23,576367,29243,87557,20399,0.2708788765793471,0.41092220297328874
3035,0.3173,19,24,19,576391,29219,87576,20380,0.27065656378524583,0.4108953809552612
3036,0.3174,15,29,15,576420,29190,87591,20365,0.27038793582570675,0.41095752194531326
3037,0.3175,11,27,11,576447,29163,87602,20354,0.2701378339323428,0.4110507502473898
3038,0.3176,8,29,8,576476,29134,87610,20346,0.2698692059728037,0.41119644300727565
3039,0.3177,15,34,15,576510,29100,87625,20331,0.2695542628478269,0.4113006008375311
3040,0.3178,13,22,13,576532,29078,87638,20318,0.2693504761199007,0.4113288525386671
3041,0.3179,19,30,19,576562,29048,87657,20299,0.26907258512727406,0.41135226052242285
3042,0.318,9,20,9,576582,29028,87666,20290,0.268887324465523,0.41141165497384324
3043,0.3181,16,33,16,576615,28995,87682,20274,0.2685816443736337,0.4114960725811362
3044,0.3182,19,34,19,576649,28961,87701,20255,0.26826670124865687,0.4115531534460338
3045,0.3183,20,27,20,576676,28934,87721,20235,0.2680165993552929,0.4115397913319368
3046,0.3184,11,25,11,576701,28909,87732,20224,0.267785023528104,0.41161744652270366
3047,0.3185,20,21,20,576722,28888,87752,20204,0.2675904998332654,0.411553817322578
3048,0.3186,13,24,13,576746,28864,87765,20191,0.2673681870391641,0.4115992253592906
3049,0.3187,14,29,14,576775,28835,87779,20177,0.267099559079625,0.41167469191218475
3050,0.3188,15,23,15,576798,28812,87794,20162,0.2668865093186113,0.4116878343610896
3051,0.3189,11,24,11,576822,28788,87805,20151,0.26666419652451,0.4117574940231717
3052,0.319,17,28,17,576850,28760,87822,20134,0.26640483159805844,0.4117887675379392
3053,0.3191,15,38,15,576888,28722,87837,20119,0.2660528363407314,0.41192850269241005
3054,0.3192,12,18,12,576906,28704,87849,20107,0.2658861017451554,0.4119358341357481
3055,0.3193,19,30,19,576936,28674,87868,20088,0.26560821075252883,0.4119601328903654
3056,0.3194,10,34,10,576970,28640,87878,20078,0.26529326762755195,0.41212693460322675
3057,0.3195,14,19,14,576989,28621,87892,20064,0.26511726999888846,0.41211872239909625
3058,0.3196,11,25,11,577014,28596,87903,20053,0.2648856941716996,0.4121975785730436
3059,0.3197,10,18,10,577032,28578,87913,20043,0.2647189595761236,0.41222928364287037
3060,0.3198,11,34,11,577066,28544,87924,20032,0.26440401645114675,0.41238471673254284
3061,0.3199,12,22,12,577088,28522,87936,20020,0.26420022972322055,0.4124263524370648
3062,0.32,8,23,8,577111,28499,87944,20012,0.26398717996220683,0.4125249943311826
3063,0.3201,12,25,12,577136,28474,87956,20000,0.263755604135018,0.4125923175310476
3064,0.3202,13,27,13,577163,28447,87969,19987,0.26350550224165403,0.4126646570590907
3065,0.3203,16,40,16,577203,28407,87985,19971,0.26313498091815185,0.4128116085824135
3066,0.3204,14,23,14,577226,28384,87999,19957,0.2629219311571381,0.41283796363335473
3067,0.3205,14,25,14,577251,28359,88013,19943,0.2626903553299492,0.4128814541840918
3068,0.3206,11,29,11,577280,28330,88024,19932,0.26242172737041014,0.4129957316315113
3069,0.3207,11,22,11,577302,28308,88035,19921,0.262217940642484,0.41305023948246905
3070,0.3208,13,23,13,577325,28285,88048,19908,0.2620048908814702,0.41308903782707035
3071,0.3209,12,28,12,577353,28257,88060,19896,0.2617455259550187,0.41318297925362907
3072,0.321,9,27,9,577380,28230,88069,19887,0.26149542406165477,0.41330506889456947
3073,0.3211,10,31,10,577411,28199,88079,19877,0.26120827003594055,0.41344953823113406
3074,0.3212,15,33,15,577444,28166,88094,19862,0.2609025899440513,0.4135504289164654
3075,0.3213,15,30,15,577474,28136,88109,19847,0.26062469895142465,0.4136256590875935
3076,0.3214,12,19,12,577493,28117,88121,19835,0.2604487013227611,0.4136428094761428
3077,0.3215,9,18,9,577511,28099,88130,19826,0.2602819667271852,0.4136880542514345
3078,0.3216,10,32,10,577543,28067,88140,19816,0.25998554966838344,0.4138420733872147
3079,0.3217,11,25,11,577568,28042,88151,19805,0.2597539738411946,0.41392354797583963
3080,0.3218,11,31,11,577599,28011,88162,19794,0.25946681981548037,0.414057106997176
3081,0.3219,17,35,17,577634,27976,88179,19777,0.259142613657416,0.4141519904508617
3082,0.322,15,27,15,577661,27949,88194,19762,0.25889251176405204,0.4142021755989185
3083,0.3221,13,29,13,577690,27920,88207,19749,0.25862388380451296,0.41429440516897775
3084,0.3222,10,36,10,577726,27884,88217,19739,0.258290414613361,0.41448459777838437
3085,0.3223,16,27,16,577753,27857,88233,19723,0.25804031271999706,0.41452290878520387
3086,0.3224,14,19,14,577772,27838,88247,19709,0.2578643150913335,0.41451616295455024
3087,0.3225,20,19,20,577791,27819,88267,19689,0.25768831746266996,0.41443546350088406
3088,0.3226,17,32,17,577823,27787,88284,19672,0.2573919004038682,0.41450515181525105
3089,0.3227,15,24,15,577847,27763,88299,19657,0.25716958760976694,0.4145297342893294
3090,0.3228,12,31,12,577878,27732,88311,19645,0.25688243358405277,0.4146526795702556
3091,0.3229,12,19,12,577897,27713,88323,19633,0.2567064359553892,0.41467072191948634
3092,0.323,14,27,14,577924,27686,88337,19619,0.2564563340620253,0.41473417186343936
3093,0.3231,11,20,11,577944,27666,88348,19608,0.25627107340027416,0.4147734484071583
3094,0.3232,17,28,17,577972,27638,88365,19591,0.25601170847382265,0.41480869804569226
3095,0.3233,10,35,10,578007,27603,88375,19581,0.25568750231575826,0.41499237029501523
3096,0.3234,15,26,15,578033,27577,88390,19566,0.25544666345548184,0.4150351059542244
3097,0.3235,9,28,9,578061,27549,88399,19557,0.2551872985290303,0.41517004203286206
3098,0.3236,4,20,4,578081,27529,88403,19553,0.25500203786727926,0.4152967163671892
3099,0.3237,13,24,13,578105,27505,88416,19540,0.254779725073178,0.41534700818365394
3100,0.3238,10,28,10,578133,27477,88426,19530,0.25452036014672647,0.4154700363775608
3101,0.3239,14,25,14,578158,27452,88440,19516,0.2542887843195376,0.41551694770907854
3102,0.324,12,30,12,578188,27422,88452,19504,0.25401089332691096,0.415633124493884
3103,0.3241,16,18,16,578206,27404,88468,19488,0.253844158731335,0.41559327817111663
3104,0.3242,7,12,7,578218,27392,88475,19481,0.25373300233428436,0.41561239946237705
3105,0.3243,19,21,19,578239,27371,88494,19462,0.2535384786394457,0.415561676595563
3106,0.3244,11,33,11,578272,27338,88505,19451,0.2532327985475564,0.41571736946718246
3107,0.3245,12,23,12,578295,27315,88517,19439,0.25301974878654265,0.41577191256363094
3108,0.3246,12,29,12,578324,27286,88529,19427,0.2527511208270036,0.41587994776614645
3109,0.3247,16,20,16,578344,27266,88545,19411,0.2525658601652525,0.4158579171754826
3110,0.3248,9,20,9,578364,27246,88554,19402,0.25238059950350145,0.41592351226204766
3111,0.3249,17,25,17,578389,27221,88571,19385,0.2521490236763126,0.41593357078487747
3112,0.325,6,20,6,578409,27201,88577,19379,0.25196376301456147,0.41603692571919276
3113,0.3251,17,13,17,578422,27188,88594,19362,0.2518433435844233,0.41593984962406017
3114,0.3252,8,26,8,578448,27162,88602,19354,0.25160250472414686,0.41607188924241123
3115,0.3253,10,24,10,578472,27138,88612,19344,0.25138019193004557,0.4161610946172712
3116,0.3254,10,20,10,578492,27118,88622,19334,0.2511949312682945,0.41621458710066306
3117,0.3255,10,23,10,578515,27095,88632,19324,0.25098188150728074,0.41629505159525193
3118,0.3256,10,19,10,578534,27076,88642,19314,0.25080588387861724,0.41633972838973915
3119,0.3257,13,25,13,578559,27051,88655,19301,0.2505743080514284,0.4164005868139455
3120,0.3258,15,24,15,578583,27027,88670,19286,0.25035199525732704,0.4164273530110336
3121,0.3259,12,19,12,578602,27008,88682,19274,0.25017599762866355,0.4164469988332397
3122,0.326,8,25,8,578627,26983,88690,19266,0.24994442180147466,0.41657116910635905
3123,0.3261,10,21,10,578648,26962,88700,19256,0.24974989810663603,0.4166342117789606
3124,0.3262,18,33,18,578681,26929,88718,19238,0.24944421801474675,0.41670457253016224
3125,0.3263,18,18,18,578699,26911,88736,19220,0.24927748341917078,0.41663956992044393
3126,0.3264,12,26,12,578725,26885,88748,19208,0.24903664455889438,0.4167227127763435
3127,0.3265,12,17,12,578742,26868,88760,19196,0.24887917299640594,0.4167245571378951
3128,0.3266,9,25,9,578767,26843,88769,19187,0.24864759716921708,0.4168368455355203
3129,0.3267,10,29,10,578796,26814,88779,19177,0.24837896920967803,0.41697288599943466
3130,0.3268,11,24,11,578820,26790,88790,19166,0.24815665641557672,0.41705109234920357
3131,0.3269,15,21,15,578841,26769,88805,19151,0.24796213272073808,0.417051393728223
3132,0.327,11,26,11,578867,26743,88816,19140,0.24772129386046168,0.4171479632979535
3133,0.3271,15,27,15,578894,26716,88831,19125,0.24747119196709771,0.4172029405990271
3134,0.3272,13,29,13,578923,26687,88844,19112,0.24720256400755863,0.4173016878097775
3135,0.3273,21,33,21,578956,26654,88865,19091,0.24689688391566936,0.4173352278937589
3136,0.3274,12,30,12,578986,26624,88877,19079,0.24661899292304273,0.41745618449554733
3137,0.3275,20,19,20,579005,26605,88897,19059,0.24644299529437919,0.41737473721093205
3138,0.3276,13,29,13,579034,26576,88910,19046,0.24617436733484013,0.4174740256893604
3139,0.3277,11,21,11,579055,26555,88921,19035,0.24597984364000147,0.4175257731958763
3140,0.3278,10,22,10,579077,26533,88931,19025,0.2457760569120753,0.4175995434391325
3141,0.3279,23,17,23,579094,26516,88954,19002,0.24561858534958686,0.417461224131113
3142,0.328,11,30,11,579124,26486,88965,18991,0.24534069435696024,0.4175957077203861
3143,0.3281,9,22,9,579146,26464,88974,18982,0.24513690762903406,0.41768252431457115
3144,0.3282,12,17,12,579163,26447,88986,18970,0.24497943606654562,0.4176850078164564
3145,0.3283,19,29,19,579192,26418,89005,18951,0.24471080810700654,0.4177081266944389
3146,0.3284,10,25,10,579217,26393,89015,18941,0.24447923227981772,0.41781003220540874
3147,0.3285,15,20,15,579237,26373,89030,18926,0.24429397161806662,0.417801717477207
3148,0.3286,16,28,16,579265,26345,89046,18910,0.2440346066916151,0.4178543807314109
3149,0.3287,10,19,10,579284,26326,89056,18900,0.24385860906295156,0.41790120727015434
3150,0.3288,13,36,13,579320,26290,89069,18887,0.24352513987179963,0.4180667153640127
3151,0.3289,19,26,19,579346,26264,89088,18868,0.2432843010115232,0.41806257201099
3152,0.329,11,30,11,579376,26234,89099,18857,0.24300641001889658,0.4181987536315451
3153,0.3291,15,19,15,579395,26215,89114,18842,0.24283041239023306,0.4181814146525512
3154,0.3292,7,26,7,579421,26189,89121,18835,0.24258957352995664,0.4183324449182658
3155,0.3293,17,21,17,579442,26168,89138,18818,0.242395049835118,0.41830791801893924
3156,0.3294,17,24,17,579466,26144,89155,18801,0.24217273704101672,0.4183112693291801
3157,0.3295,17,24,17,579490,26120,89172,18784,0.2419504242469154,0.41831462675930875
3158,0.3296,15,32,15,579522,26088,89187,18769,0.24165400718811367,0.4184185299953185
3159,0.3297,14,15,14,579537,26073,89201,18755,0.24151506169180037,0.41837690729008653
3160,0.3298,21,24,21,579561,26049,89222,18734,0.24129274889769906,0.41832838353839624
3161,0.3299,13,21,13,579582,26028,89235,18721,0.24109822520286042,0.4183557174461999
3162,0.33,12,21,12,579603,26007,89247,18709,0.2409037015080218,0.41839609983003845
3163,0.3301,16,34,16,579637,25973,89263,18693,0.24058875838304494,0.418506246361886
3164,0.3302,7,28,7,579665,25945,89270,18686,0.24032939345659343,0.4186776007707647
3165,0.3303,10,23,10,579688,25922,89280,18676,0.2401163436955797,0.418763173236468
3166,0.3304,19,28,19,579716,25894,89299,18657,0.23985697876912818,0.41877847859756234
3167,0.3305,13,17,13,579733,25877,89312,18644,0.23969950720663974,0.41876867096426407
3168,0.3306,9,25,9,579758,25852,89321,18635,0.23946793137945088,0.41888641625643447
3169,0.3307,7,31,7,579789,25821,89328,18628,0.23918077735373672,0.4190870435780332
3170,0.3308,8,24,8,579813,25797,89336,18620,0.2389584645596354,0.41920886147195896
3171,0.3309,12,17,12,579830,25780,89348,18608,0.238800992997147,0.41921239974767954
3172,0.331,7,25,7,579855,25755,89355,18601,0.23856941716995814,0.41935702047073675
3173,0.3311,16,41,16,579896,25714,89371,18585,0.2381896328133684,0.4195354296936725
3174,0.3312,11,21,11,579917,25693,89382,18574,0.23799510911852978,0.419590213929112
3175,0.3313,13,30,13,579947,25663,89395,18561,0.23771721812590316,0.41970423299565845
3176,0.3314,11,31,11,579978,25632,89406,18550,0.23743006410018896,0.4198542392829659
3177,0.3315,14,21,14,579999,25611,89420,18536,0.23723554040535033,0.41986997984007973
3178,0.3316,11,33,11,580032,25578,89431,18525,0.23692986031346103,0.42003945309842866
3179,0.3317,9,21,9,580053,25557,89440,18516,0.2367353366186224,0.42012116261656796
3180,0.3318,9,26,9,580079,25531,89449,18507,0.236494497758346,0.42025069258367775
3181,0.3319,12,21,12,580100,25510,89461,18495,0.23629997406350736,0.4202931485058516
3182,0.332,3,22,3,580122,25488,89464,18492,0.23609618733558116,0.42046384720327423
3183,0.3321,12,34,12,580156,25454,89476,18480,0.2357812442106043,0.42063094641962945
3184,0.3322,15,20,15,580176,25434,89491,18465,0.23559598354885325,0.4206246155948883
3185,0.3323,11,24,11,580200,25410,89502,18454,0.23537367075475193,0.4207094656210104
3186,0.3324,14,19,14,580219,25391,89516,18440,0.2351976731260884,0.42070680568547375
3187,0.3325,11,16,11,580235,25375,89527,18429,0.23504946459668755,0.42071500319605515
3188,0.3326,13,34,13,580269,25341,89540,18416,0.2347345214717107,0.4208698036885527
3189,0.3327,16,24,16,580293,25317,89556,18400,0.23451220867760939,0.4208888990552874
3190,0.3328,10,22,10,580315,25295,89566,18390,0.2343084219496832,0.4209682957536912
3191,0.3329,11,30,11,580345,25265,89577,18379,0.2340305309570566,0.4211117221152965
3192,0.333,11,25,11,580370,25240,89588,18368,0.23379895512986773,0.4212071179600073
3193,0.3331,17,18,17,580388,25222,89605,18351,0.23363222053429175,0.4211553025956441
3194,0.3332,3,24,3,580412,25198,89608,18348,0.23340990774019044,0.42134754053185136
3195,0.3333,7,23,7,580435,25175,89615,18341,0.2331968579791767,0.4214771578270062
3196,0.3334,9,21,9,580456,25154,89624,18332,0.23300233428433806,0.4215609621487375
3197,0.3335,15,23,15,580479,25131,89639,18317,0.2327892845233243,0.4215844227582397
3198,0.3336,11,26,11,580505,25105,89650,18306,0.23254844566304791,0.42169035497915275
3199,0.3337,9,18,9,580523,25087,89659,18297,0.23238171106747194,0.4217453439055873
3200,0.3338,9,16,9,580539,25071,89668,18288,0.23223350253807107,0.4217809451324984
3201,0.3339,11,21,11,580560,25050,89679,18277,0.23203897884323244,0.4218385764073211
3202,0.334,14,21,14,580581,25029,89693,18263,0.2318444551483938,0.42185623209830914
3203,0.3341,10,22,10,580603,25007,89703,18253,0.2316406684204676,0.42193712436430886
3204,0.3342,13,22,13,580625,24985,89716,18240,0.2314368816925414,0.421978021978022
3205,0.3343,13,25,13,580650,24960,89729,18227,0.23120530586535254,0.4220483015722324
3206,0.3344,15,32,15,580682,24928,89744,18212,0.2309088888065508,0.42216040797403803
3207,0.3345,10,26,10,580708,24902,89754,18202,0.2306680499462744,0.42228099480326653
3208,0.3346,11,19,11,580727,24883,89765,18191,0.23049205231761088,0.42231972883874264
3209,0.3347,14,27,14,580754,24856,89779,18177,0.23024195042424692,0.42239676527316244
3210,0.3348,12,24,12,580778,24832,89791,18165,0.2300196376301456,0.4224713352094332
3211,0.3349,12,19,12,580797,24813,89803,18153,0.22984364000148208,0.42249685798072895
3212,0.335,8,16,8,580813,24797,89811,18145,0.2296954314720812,0.42254669088538027
3213,0.3351,11,21,11,580834,24776,89822,18134,0.22950090777724258,0.42260545327429505
3214,0.3352,17,15,17,580849,24761,89839,18117,0.22936196228092925,0.42252437147255
3215,0.3353,5,20,5,580869,24741,89844,18112,0.2291767016191782,0.4226541899050241
3216,0.3354,9,27,9,580896,24714,89853,18103,0.22892659972581422,0.42279935539622115
3217,0.3355,9,27,9,580923,24687,89862,18094,0.22867649783245025,0.42294476519950447
3218,0.3356,7,19,7,580942,24668,89869,18087,0.22850050020378673,0.423038241141387
3219,0.3357,13,17,13,580959,24651,89882,18074,0.2283430286412983,0.42303101228788764
3220,0.3358,9,24,9,580983,24627,89891,18065,0.228120715847197,0.4231471938536494
3221,0.3359,15,26,15,581009,24601,89906,18050,0.2278798769869206,0.42320226958336266
3222,0.336,10,19,10,581028,24582,89916,18040,0.22770387935825706,0.42325559570175025
3223,0.3361,9,26,9,581054,24556,89925,18031,0.22746304049798066,0.42339211496466056
3224,0.3362,13,21,13,581075,24535,89938,18018,0.22726851680314203,0.42342490541207434
3225,0.3363,11,16,11,581091,24519,89949,18007,0.22712030827374116,0.42343507501293326
3226,0.3364,11,14,11,581105,24505,89960,17996,0.2269906258105154,0.42342533116867836
3227,0.3365,13,28,13,581133,24477,89973,17983,0.22673126088406387,0.4235280263777673
3228,0.3366,9,26,9,581159,24451,89982,17974,0.22649042202378747,0.4236652916912198
3229,0.3367,17,26,17,581185,24425,89999,17957,0.22624958316351107,0.42369402104667075
3230,0.3368,13,22,13,581207,24403,90012,17944,0.22604579643558487,0.4237372186931778
3231,0.3369,13,18,13,581225,24385,90025,17931,0.2258790618400089,0.42374042915209376
3232,0.337,10,25,10,581250,24360,90035,17921,0.22564748601282003,0.4238546865022114
3233,0.3371,12,21,12,581271,24339,90047,17909,0.2254529623179814,0.4239017231584927
3234,0.3372,14,17,14,581288,24322,90061,17895,0.225295490755493,0.4238813748016202
3235,0.3373,9,20,9,581308,24302,90070,17886,0.2251102300937419,0.4239594197402105
3236,0.3374,17,23,17,581331,24279,90087,17869,0.22489718033272815,0.4239584321913258
3237,0.3375,13,23,13,581354,24256,90100,17856,0.2246841305717144,0.42401215805471126
3238,0.3376,6,24,6,581378,24232,90106,17850,0.2244618177776131,0.4241718549498598
3239,0.3377,15,25,15,581403,24207,90121,17835,0.22423024195042424,0.42421863850435276
3240,0.3378,14,29,14,581432,24178,90135,17821,0.22396161399088518,0.42431962665777756
3241,0.3379,12,10,12,581442,24168,90147,17809,0.22386898366000962,0.42425614026728925
3242,0.338,12,22,12,581464,24146,90159,17797,0.22366519693208345,0.4243139498843669
3243,0.3381,5,25,5,581489,24121,90164,17792,0.2234336211048946,0.42449836566220506
3244,0.3382,11,11,11,581500,24110,90175,17781,0.2233317277409315,0.4244587142823041
3245,0.3383,17,18,17,581518,24092,90192,17764,0.2231649931453555,0.42440749235474007
3246,0.3384,11,22,11,581540,24070,90203,17753,0.22296120641742934,0.42447935346579635
3247,0.3385,12,19,12,581559,24051,90215,17741,0.2227852087887658,0.42450708269525267
3248,0.3386,10,23,10,581582,24028,90225,17731,0.22257215902775204,0.42460307957566035
3249,0.3387,15,31,15,581613,23997,90240,17716,0.22228500500203788,0.4247117205667298
3250,0.3388,6,24,6,581637,23973,90246,17710,0.22206269220793656,0.42487344960775375
3251,0.3389,12,22,12,581659,23951,90258,17698,0.2218589054800104,0.424932171240606
3252,0.339,11,17,11,581676,23934,90269,17687,0.22170143391752195,0.42495374930924296
3253,0.3391,18,21,18,581697,23913,90287,17669,0.22150691022268332,0.42491943629455053
3254,0.3392,14,22,14,581719,23891,90301,17655,0.22130312349475711,0.4249506571029702
3255,0.3393,19,46,19,581765,23845,90320,17636,0.22087702397272962,0.425158506304091
3256,0.3394,5,24,5,581789,23821,90325,17631,0.22065471117862834,0.42533532760783554
3257,0.3395,12,17,12,581806,23804,90337,17619,0.2204972396161399,0.4253434082514545
3258,0.3396,16,26,16,581832,23778,90353,17603,0.2202564007558635,0.42538846330441504
3259,0.3397,12,18,12,581850,23760,90365,17591,0.22008966616028752,0.42540688254213926
3260,0.3398,7,20,7,581870,23740,90372,17584,0.21990440549853643,0.42551543897009003
3261,0.3399,6,16,6,581886,23724,90378,17578,0.21975619696913556,0.4255968233983826
3262,0.34,13,25,13,581911,23699,90391,17565,0.2195246211419467,0.4256737107405971
3263,0.3401,10,17,10,581928,23682,90401,17555,0.2193671495794583,0.4257099207022819
3264,0.3402,12,30,12,581958,23652,90413,17543,0.21908925858683168,0.4258526520208763
3265,0.3403,12,19,12,581977,23633,90425,17531,0.21891326095816815,0.4258818384996599
3266,0.3404,10,26,10,582003,23607,90435,17521,0.21867242209789173,0.4260114763664657
3267,0.3405,16,18,16,582021,23589,90451,17505,0.21850568750231575,0.42597459483136224
3268,0.3406,13,16,13,582037,23573,90464,17492,0.21835747897291488,0.4259588457323755
3269,0.3407,7,30,7,582067,23543,90471,17485,0.21807958798028826,0.4261723700887199
3270,0.3408,5,19,5,582086,23524,90476,17480,0.21790359035162474,0.4262998731831041
3271,0.3409,21,30,21,582116,23494,90497,17459,0.21762569935899811,0.42631797426317974
3272,0.341,12,14,12,582130,23480,90509,17447,0.21749601689577236,0.4262955994820046
3273,0.3411,8,18,8,582148,23462,90517,17439,0.21732928230019638,0.4263709933742451
3274,0.3412,14,21,14,582169,23441,90531,17425,0.21713475860535775,0.42639357901433955
3275,0.3413,8,24,8,582193,23417,90539,17417,0.21691244581125643,0.42653181172552285
3276,0.3414,18,20,18,582213,23397,90557,17399,0.21672718514950534,0.4264878909697029
3277,0.3415,12,12,12,582225,23385,90569,17387,0.2166160287524547,0.4264446188560777
3278,0.3416,10,29,10,582254,23356,90579,17377,0.21634740079291565,0.4266074190459824
3279,0.3417,11,19,11,582273,23337,90590,17366,0.2161714031642521,0.42665159816229764
3280,0.3418,14,23,14,582296,23314,90604,17352,0.21595835340323835,0.42669551959868196
3281,0.3419,8,21,8,582317,23293,90612,17344,0.21576382970839972,0.42680315968206317
3282,0.342,12,25,12,582342,23268,90624,17332,0.21553225388121086,0.42689655172413793
3283,0.3421,10,31,10,582373,23237,90634,17322,0.2152450998554967,0.42708153554081707
3284,0.3422,12,26,12,582399,23211,90646,17310,0.21500426099522027,0.4271859036055379
3285,0.3423,11,21,11,582420,23190,90657,17299,0.21480973730038164,0.4272518461804441
3286,0.3424,16,23,16,582443,23167,90673,17283,0.2145966875393679,0.4272682323856613
3287,0.3425,12,23,12,582466,23144,90685,17271,0.21438363777835415,0.42734133366324384
3288,0.3426,12,24,12,582490,23120,90697,17259,0.21416132498425283,0.42742514673468884
3289,0.3427,6,23,6,582513,23097,90703,17253,0.2139482752232391,0.4275836431226766
3290,0.3428,8,11,8,582524,23086,90711,17245,0.213846381859276,0.4275867198928864
3291,0.3429,9,25,9,582549,23061,90720,17236,0.21361480603208716,0.42772414819961785
3292,0.343,11,16,11,582565,23045,90731,17225,0.2134665975026863,0.427737770052148
3293,0.3431,7,27,7,582592,23018,90738,17218,0.21321649560932232,0.4279252410776419
3294,0.3432,7,28,7,582620,22990,90745,17211,0.2129571306828708,0.4281236785154598
3295,0.3433,11,17,11,582637,22973,90756,17200,0.21279965912038237,0.42814825878077317
3296,0.3434,15,22,15,582659,22951,90771,17185,0.2125958723924562,0.4281692246362368
3297,0.3435,17,15,17,582674,22936,90788,17168,0.21245692689614287,0.42808697386794337
3298,0.3436,11,18,11,582692,22918,90799,17157,0.2122901923005669,0.4281222707423581
3299,0.3437,5,20,5,582712,22898,90804,17152,0.2121049316388158,0.42826466916354555
3300,0.3438,13,21,13,582733,22877,90817,17139,0.21191040794397717,0.4283036785285886
3301,0.3439,7,19,7,582752,22858,90824,17132,0.21173441031531365,0.4284071017754439
3302,0.344,13,8,13,582760,22850,90837,17119,0.2116603060506132,0.4283069378768546
3303,0.3441,8,32,8,582792,22818,90845,17111,0.21136388899181147,0.4285356507801347
3304,0.3442,9,26,9,582818,22792,90854,17102,0.21112305013153507,0.42868601794756106
3305,0.3443,14,33,14,582851,22759,90868,17088,0.2108173700396458,0.42884031420182195
3306,0.3444,9,21,9,582872,22738,90877,17079,0.21062284634480716,0.42893738855262825
3307,0.3445,10,17,10,582889,22721,90887,17069,0.21046537478231872,0.42897712993214376
3308,0.3446,6,27,6,582916,22694,90893,17063,0.21021527288895475,0.4291822823653696
3309,0.3447,9,14,9,582930,22680,90902,17054,0.210085590425729,0.4292042079830875
3310,0.3448,12,23,12,582953,22657,90914,17042,0.20987254066471525,0.42928033451724223
3311,0.3449,16,26,16,582979,22631,90930,17026,0.20963170180443885,0.42933151776483347
3312,0.345,8,21,8,583000,22610,90938,17018,0.20943717810960022,0.42944382759664884
3313,0.3451,15,23,15,583023,22587,90953,17003,0.20922412834858647,0.429477140692094
3314,0.3452,9,18,9,583041,22569,90962,16994,0.2090573937530105,0.42954275459393876
3315,0.3453,9,13,9,583054,22556,90971,16985,0.20893697432287228,0.4295541336840242
3316,0.3454,11,26,11,583080,22530,90982,16974,0.20869613546259588,0.42967800729040095
3317,0.3455,11,15,11,583095,22515,90993,16963,0.20855718996628256,0.4296823547292163
3318,0.3456,8,26,8,583121,22489,91001,16955,0.20831635110600616,0.4298499138018457
3319,0.3457,7,19,7,583140,22470,91008,16948,0.2081403534773426,0.4299558577299711
3320,0.3458,11,16,11,583156,22454,91019,16937,0.20799214494794174,0.42997131324414206
3321,0.3459,14,23,14,583179,22431,91033,16923,0.207779095186928,0.4300198200945266
3322,0.346,6,26,6,583205,22405,91039,16917,0.2075382563266516,0.43021718122170793
3323,0.3461,11,15,11,583220,22390,91050,16906,0.20739931083033827,0.43022190553745926
3324,0.3462,10,18,10,583238,22372,91060,16896,0.20723257623476232,0.4302740144647041
3325,0.3463,14,14,14,583252,22358,91074,16882,0.20710289377153654,0.43022426095820593
3326,0.3464,12,19,12,583271,22339,91086,16870,0.20692689614287302,0.4302583590502181
3327,0.3465,6,20,6,583291,22319,91092,16864,0.20674163548112193,0.4303907306740168
3328,0.3466,20,29,20,583320,22290,91112,16844,0.20647300752158287,0.43041856186436345
3329,0.3467,13,17,13,583337,22273,91125,16831,0.20631553595909444,0.430416325695581
3330,0.3468,15,16,15,583353,22257,91140,16816,0.20616732742969357,0.4303739154915159
3331,0.3469,12,33,12,583386,22224,91152,16804,0.2058616473378043,0.43056267295275186
3332,0.347,6,16,6,583402,22208,91158,16798,0.20571343880840343,0.4306516946110855
3333,0.3471,12,12,12,583414,22196,91170,16786,0.20560228241135278,0.4306089990251911
3334,0.3472,9,22,9,583436,22174,91179,16777,0.20539849568342658,0.4307206490205643
3335,0.3473,11,15,11,583451,22159,91190,16766,0.20525955018711328,0.4307257546563905
3336,0.3474,8,21,8,583472,22138,91198,16758,0.20506502649227462,0.4308412176059235
3337,0.3475,9,17,9,583489,22121,91207,16749,0.2049075549297862,0.4308978646771289
3338,0.3476,7,24,7,583513,22097,91214,16742,0.2046852421356849,0.431061561832179
3339,0.3477,11,26,11,583539,22071,91225,16731,0.2044444032754085,0.43118911396319776
3340,0.3478,5,18,5,583557,22053,91230,16726,0.20427766867983252,0.43131591840944844
3341,0.3479,8,13,8,583570,22040,91238,16718,0.20415724924969433,0.4313432065638062
3342,0.348,13,14,13,583584,22026,91251,16705,0.20402756678646855,0.43130825436988457
3343,0.3481,8,16,8,583600,22010,91259,16697,0.20387935825706768,0.4313690030227091
3344,0.3482,14,21,14,583621,21989,91273,16683,0.20368483456222905,0.4313973934629706
3345,0.3483,13,23,13,583644,21966,91286,16670,0.2034717848012153,0.43146288435655866
3346,0.3484,10,16,10,583660,21950,91296,16660,0.20332357627181444,0.4314944314944315
3347,0.3485,7,22,7,583682,21928,91303,16653,0.20311978954388826,0.43163733443923175
3348,0.3486,9,16,9,583698,21912,91312,16644,0.2029715810144874,0.4316837846249611
3349,0.3487,8,23,8,583721,21889,91320,16636,0.20275853125347365,0.4318234912394549
3350,0.3488,9,15,9,583736,21874,91329,16627,0.20261958575716033,0.43185891275551286
3351,0.3489,8,23,8,583759,21851,91337,16619,0.20240653599614658,0.4319989602287497
3352,0.349,11,14,11,583773,21837,91348,16608,0.20227685353292083,0.4319937573156457
3353,0.3491,15,17,15,583790,21820,91363,16593,0.2021193819704324,0.4319631374794991
3354,0.3492,6,21,6,583811,21799,91369,16587,0.20192485827559375,0.432110665346741
3355,0.3493,7,12,7,583823,21787,91376,16580,0.2018137018785431,0.4321422055412203
3356,0.3494,9,13,9,583836,21774,91385,16571,0.2016932824484049,0.43215543095579606
3357,0.3495,10,26,10,583862,21748,91395,16561,0.2014524435881285,0.4323005037980631
3358,0.3496,12,22,12,583884,21726,91407,16549,0.2012486568602023,0.43237099934683215
3359,0.3497,12,22,12,583906,21704,91419,16537,0.20104487013227612,0.43244162025051647
3360,0.3498,7,16,7,583922,21688,91426,16530,0.20089666160287525,0.43251870846198126
3361,0.3499,11,46,11,583968,21642,91437,16519,0.20047056208084776,0.432876496947145
3362,0.35,12,21,12,583989,21621,91449,16507,0.2002760383860091,0.43293642467477966
3363,0.3501,6,25,6,584014,21596,91455,16501,0.20004446255882025,0.43313121768118223
3364,0.3502,7,16,7,584030,21580,91462,16494,0.1998962540294194,0.43320901402531914
3365,0.3503,9,21,9,584051,21559,91471,16485,0.19970173033458075,0.4333140574072127
3366,0.3504,12,20,12,584071,21539,91483,16473,0.19951646967282968,0.43336314847942753
3367,0.3505,19,25,19,584096,21514,91502,16454,0.19928489384564083,0.4333649388959123
3368,0.3506,9,16,9,584112,21498,91511,16445,0.19913668531623996,0.433413277811454
3369,0.3507,3,19,3,584131,21479,91514,16442,0.1989606876875764,0.4335856121937713
3370,0.3508,14,24,14,584155,21455,91528,16428,0.19873837489347512,0.43365097801124514
3371,0.3509,20,30,20,584185,21425,91548,16408,0.1984604839008485,0.43369545106124285
3372,0.351,7,9,7,584194,21416,91555,16401,0.1983771166030605,0.433693841394082
3373,0.3511,7,17,7,584211,21399,91562,16394,0.19821964504057207,0.43378403408038524
3374,0.3512,10,30,10,584241,21369,91572,16384,0.19794175404794545,0.4339787566551003
3375,0.3513,19,19,19,584260,21350,91591,16365,0.19776575641928193,0.4339122365106721
3376,0.3514,14,28,14,584288,21322,91605,16351,0.19750639149283042,0.4340243675842115
3377,0.3515,7,20,7,584308,21302,91612,16344,0.19732113083107933,0.4341497104606067
3378,0.3516,11,24,11,584332,21278,91623,16333,0.19709881803697804,0.43426125335673077
3379,0.3517,12,19,12,584351,21259,91635,16321,0.1969228204083145,0.4343001596593933
3380,0.3518,7,19,7,584370,21240,91642,16314,0.19674682277965097,0.4344144432017894
3381,0.3519,8,25,8,584395,21215,91650,16306,0.1965152469524621,0.4345833000186562
3382,0.352,10,13,10,584408,21202,91660,16296,0.1963948275223239,0.434583177769481
3383,0.3521,17,16,17,584424,21186,91677,16279,0.19624661899292303,0.43451221139730417
3384,0.3522,16,25,16,584449,21161,91693,16263,0.19601504316573418,0.43456070970500216
3385,0.3523,7,18,7,584467,21143,91700,16256,0.19584830857015822,0.43466402844995855
3386,0.3524,10,14,10,584481,21129,91710,16246,0.19571862610693244,0.43467558528428096
3387,0.3525,8,19,8,584500,21110,91718,16238,0.19554262847826892,0.4347756238620542
3388,0.3526,7,16,7,584516,21094,91725,16231,0.19539441994886805,0.4348559946416611
3389,0.3527,16,24,16,584540,21070,91741,16215,0.19517210715476677,0.4348933887622368
3390,0.3528,9,20,9,584560,21050,91750,16206,0.19498684649301568,0.4349903371269057
3391,0.3529,10,18,10,584578,21032,91760,16196,0.1948201118974397,0.43504888793381324
3392,0.353,11,20,11,584598,21012,91771,16185,0.1946348512356886,0.4351157351399306
3393,0.3531,12,21,12,584619,20991,91783,16173,0.19444032754084997,0.43517920568291896
3394,0.3532,14,20,14,584639,20971,91797,16159,0.19425506687909888,0.43520064637759226
3395,0.3533,12,11,12,584650,20960,91809,16147,0.1941531735151358,0.43514700730320427
3396,0.3534,9,11,9,584661,20949,91818,16138,0.1940512801511727,0.4351389974923828
3397,0.3535,9,21,9,584682,20928,91827,16129,0.19385675645633407,0.43524840111180074
3398,0.3536,9,25,9,584707,20903,91836,16120,0.19362518062914522,0.43540501850201224
3399,0.3537,10,24,10,584731,20879,91846,16110,0.1934028678350439,0.43553488875070967
3400,0.3538,12,20,12,584751,20859,91858,16098,0.1932176071732928,0.435587304164299
3401,0.3539,14,32,14,584783,20827,91872,16084,0.19292119011449108,0.43575086017718295
3402,0.354,11,31,11,584814,20796,91883,16073,0.1926340360887769,0.435948900160026
3403,0.3541,12,17,12,584831,20779,91895,16061,0.1924765645262885,0.4359663409337676
3404,0.3542,9,22,9,584853,20757,91904,16052,0.1922727777983623,0.43608899997283274
3405,0.3543,8,21,8,584874,20736,91912,16044,0.19207825410352367,0.4362153344208809
3406,0.3544,9,16,9,584890,20720,91921,16035,0.1919300455741228,0.436267174534077
3407,0.3545,8,26,8,584916,20694,91929,16027,0.19168920671384637,0.4364532556302933
3408,0.3546,12,15,12,584931,20679,91941,16015,0.19155026121753307,0.43644737559273994
3409,0.3547,16,15,16,584946,20664,91957,15999,0.19141131572121975,0.4363800016365273
3410,0.3548,11,14,11,584960,20650,91968,15988,0.191281633257994,0.43637753152464653
3411,0.3549,9,17,9,584977,20633,91977,15979,0.19112416169550558,0.43644160384573366
3412,0.355,16,21,16,584998,20612,91993,15963,0.19092963800066695,0.43644565960355436
3413,0.3551,9,23,9,585021,20589,92002,15954,0.19071658823965318,0.43658156144815696
3414,0.3552,9,16,9,585037,20573,92011,15945,0.1905683797102523,0.43663398871789255
3415,0.3553,14,25,14,585062,20548,92025,15931,0.19033680388306348,0.43671701526905893
3416,0.3554,9,16,9,585078,20532,92034,15922,0.19018859535366262,0.43676962747572284
3417,0.3555,13,16,13,585094,20516,92047,15909,0.19004038682426175,0.4367604667124228
3418,0.3556,10,25,10,585119,20491,92057,15899,0.1898088109970729,0.43690574333608134
3419,0.3557,10,20,10,585139,20471,92067,15889,0.1896235503353218,0.43699119911991197
3420,0.3558,8,21,8,585160,20450,92075,15881,0.18942902664048317,0.437119815033993
3421,0.3559,10,17,10,585177,20433,92085,15871,0.18927155507799473,0.437169457910974
3422,0.356,10,20,10,585197,20413,92095,15861,0.18908629441624367,0.43725533439929426
3423,0.3561,6,11,6,585208,20402,92101,15855,0.18898440105228057,0.4372948671980583
3424,0.3562,9,21,9,585229,20381,92110,15846,0.18878987735744193,0.4374085626742485
3425,0.3563,9,16,9,585245,20365,92119,15837,0.18864166882804106,0.4374620186730015
3426,0.3564,11,11,11,585256,20354,92130,15826,0.18853977546407796,0.4374239911553344
3427,0.3565,13,23,13,585279,20331,92143,15813,0.18832672570306422,0.4375
3428,0.3566,10,18,10,585297,20313,92153,15803,0.18815999110748824,0.4375622992579466
3429,0.3567,11,23,11,585320,20290,92164,15792,0.1879469413464745,0.43766975223102933
3430,0.3568,9,23,9,585343,20267,92173,15783,0.18773389158546075,0.43780859916782244
3431,0.3569,5,17,5,585360,20250,92178,15778,0.1875764200229723,0.43793715998667704
3432,0.357,10,23,10,585383,20227,92188,15768,0.18736337026195857,0.43806084178358107
3433,0.3571,13,15,13,585398,20212,92201,15755,0.18722442476564527,0.43804042594600606
3434,0.3572,8,10,8,585408,20202,92209,15747,0.1871317944347697,0.4380372193941417
3435,0.3573,7,21,7,585429,20181,92216,15740,0.18693727073993108,0.43818379221068454
3436,0.3574,12,16,12,585445,20165,92228,15728,0.1867890622105302,0.4381912907809322
3437,0.3575,7,16,7,585461,20149,92235,15721,0.18664085368112934,0.43827711179258433
3438,0.3576,14,17,14,585478,20132,92249,15707,0.18648338211864093,0.4382655766064901
3439,0.3577,12,21,12,585499,20111,92261,15695,0.1862888584238023,0.43833435737027315
3440,0.3578,13,13,13,585512,20098,92274,15682,0.1861684389936641,0.4382895472330911
3441,0.3579,17,20,17,585532,20078,92291,15665,0.185983178331913,0.43826763282321013
3442,0.358,10,11,10,585543,20067,92301,15655,0.1858812849679499,0.43824533900677454
3443,0.3581,13,13,13,585556,20054,92314,15642,0.1857608655378117,0.4382003585835948
3444,0.3582,17,18,17,585574,20036,92331,15625,0.18559413094223573,0.4381537253582345
3445,0.3583,15,20,15,585594,20016,92346,15610,0.18540887028048464,0.43816313928030093
3446,0.3584,14,32,14,585626,19984,92360,15596,0.1851124532216829,0.438336143901068
3447,0.3585,3,19,3,585645,19965,92363,15593,0.18493645559301938,0.4385229765453625
3448,0.3586,7,9,7,585654,19956,92370,15586,0.1848530882952314,0.4385234370603793
3449,0.3587,8,18,8,585672,19938,92378,15578,0.18468635369965541,0.4386192138754364
3450,0.3588,11,11,11,585683,19927,92389,15567,0.1845844603356923,0.4385811686482222
3451,0.3589,8,17,8,585700,19910,92397,15559,0.1844269887732039,0.438664749499563
3452,0.359,12,14,12,585714,19896,92409,15547,0.18429730630997815,0.43864796997996786
3453,0.3591,11,28,11,585742,19868,92420,15536,0.1840379413835266,0.4388204722630211
3454,0.3592,7,18,7,585760,19850,92427,15529,0.18387120678795066,0.43893270018937786
3455,0.3593,8,22,8,585782,19828,92435,15521,0.18366742006002446,0.4390788989787547
3456,0.3594,15,15,15,585797,19813,92450,15506,0.18352847456371113,0.43902715252413715
3457,0.3595,8,16,8,585813,19797,92458,15498,0.18338026603431026,0.4390990225244369
3458,0.3596,10,19,10,585832,19778,92468,15488,0.18320426840564674,0.4391765439800374
3459,0.3597,11,16,11,585848,19762,92479,15477,0.18305605987624587,0.4392008853826726
3460,0.3598,9,13,9,585861,19749,92488,15468,0.18293564044610766,0.43921969503364855
3461,0.3599,7,12,7,585873,19737,92495,15461,0.18282448404905702,0.4392579123813853
3462,0.36,16,21,16,585894,19716,92511,15445,0.18262996035421838,0.439265094849407
3463,0.3601,12,16,12,585910,19700,92523,15433,0.18248175182481752,0.43927361739674947
3464,0.3602,7,19,7,585929,19681,92530,15426,0.182305754196154,0.43939954994730396
3465,0.3603,11,19,11,585948,19662,92541,15415,0.18212975656749045,0.4394617555663255
3466,0.3604,7,16,7,585964,19646,92548,15408,0.18198154803808958,0.4395504079420323
3467,0.3605,10,22,10,585986,19624,92558,15398,0.1817777613101634,0.43966649534578267
3468,0.3606,11,22,11,586008,19602,92569,15387,0.1815739745822372,0.4397667838463517
3469,0.3607,15,15,15,586023,19587,92584,15372,0.1814350290859239,0.43971509482536686
3470,0.3608,10,9,10,586032,19578,92594,15362,0.18135166178813591,0.43966800228963937
3471,0.3609,7,18,7,586050,19560,92601,15355,0.18118492719255994,0.4397823285121008
3472,0.361,10,20,10,586070,19540,92611,15345,0.18099966653080884,0.439873871291386
3473,0.3611,12,20,12,586090,19520,92623,15333,0.18081440586905775,0.4399334347115026
3474,0.3612,11,28,11,586118,19492,92634,15322,0.18055504094260624,0.4401103004538404
3475,0.3613,14,19,14,586137,19473,92648,15308,0.18037904331394272,0.4401253557977056
3476,0.3614,10,24,10,586161,19449,92658,15298,0.1801567305198414,0.44026822459492904
3477,0.3615,13,22,13,586183,19427,92671,15285,0.17995294379191523,0.4403376353998617
3478,0.3616,13,24,13,586207,19403,92684,15272,0.17973063099781392,0.44043258832011534
3479,0.3617,8,23,8,586230,19380,92692,15264,0.17951758123680017,0.4405957741600277
3480,0.3618,8,15,8,586245,19365,92700,15256,0.17937863574048687,0.44065740446549784
3481,0.3619,17,13,17,586258,19352,92717,15239,0.17925821631034866,0.4405481194530369
3482,0.362,17,8,17,586266,19344,92734,15222,0.17918411204564821,0.4403749349071342
3483,0.3621,14,21,14,586287,19323,92748,15208,0.17898958835080958,0.44041585821435814
3484,0.3622,10,23,10,586310,19300,92758,15198,0.17877653858979584,0.4405472781030784
3485,0.3623,11,20,11,586330,19280,92769,15187,0.17859127792804477,0.4406243653349581
3486,0.3624,11,18,11,586348,19262,92780,15176,0.1784245433324688,0.4406759974446832
3487,0.3625,11,13,11,586361,19249,92791,15165,0.17830412390233058,0.44066368338466905
3488,0.3626,8,17,8,586378,19232,92799,15157,0.17814665233984217,0.44075140306493354
3489,0.3627,6,23,6,586401,19209,92805,15151,0.1779336025788284,0.4409487776484284
3490,0.3628,10,10,10,586411,19199,92815,15141,0.17784097224795287,0.44091438555620266
3491,0.3629,10,13,10,586424,19186,92825,15131,0.17772055281781465,0.44091849520645743
3492,0.363,5,20,5,586444,19166,92830,15126,0.1775352921560636,0.44109413274233056
3493,0.3631,12,12,12,586456,19154,92842,15114,0.17742413575901292,0.44105287731994863
3494,0.3632,8,23,8,586479,19131,92850,15106,0.17721108599799917,0.4412185647106931
3495,0.3633,9,19,9,586498,19112,92859,15097,0.17703508836933565,0.4413166125873308
3496,0.3634,10,10,10,586508,19102,92869,15087,0.17694245803846012,0.44128228377548334
3497,0.3635,8,15,8,586523,19087,92877,15079,0.1768035125421468,0.44134519697945324
3498,0.3636,10,19,10,586542,19068,92887,15069,0.17662751491348327,0.44142719043852713
3499,0.3637,11,14,11,586556,19054,92898,15058,0.17649783245025752,0.4414282363977486
3500,0.3638,5,14,5,586570,19040,92903,15053,0.17636814998703176,0.4415275863080398
3501,0.3639,5,16,5,586586,19024,92908,15048,0.1762199414576309,0.44165297018079364
3502,0.364,13,22,13,586608,19002,92921,15035,0.1760161547297047,0.44172518142021916
3503,0.3641,10,18,10,586626,18984,92931,15025,0.17584942013412871,0.4417948190184951
3504,0.3642,13,22,13,586648,18962,92944,15012,0.17564563340620254,0.44186731029610876
3505,0.3643,13,20,13,586668,18942,92957,14999,0.17546037274445145,0.44191390943107156
3506,0.3644,10,19,10,586687,18923,92967,14989,0.17528437511578793,0.44199693323897143
3507,0.3645,13,13,13,586700,18910,92980,14976,0.1751639556856497,0.4419524287316296
3508,0.3646,15,18,15,586718,18892,92995,14961,0.17499722109007373,0.4419401530145039
3509,0.3647,12,18,12,586736,18874,93007,14949,0.17483048649449776,0.4419773526889986
3510,0.3648,6,10,6,586746,18864,93013,14943,0.17473785616362222,0.4420090513798917
3511,0.3649,16,16,16,586762,18848,93029,14927,0.17458964763422136,0.4419541080680977
3512,0.365,6,16,6,586778,18832,93035,14921,0.1744414391048205,0.4420644090895624
3513,0.3651,11,17,11,586795,18815,93046,14910,0.17428396754233205,0.4421052631578947
3514,0.3652,7,15,7,586810,18800,93053,14903,0.17414502204601875,0.4421861555351156
3515,0.3653,13,17,13,586827,18783,93066,14890,0.17398755048353032,0.4421940427048377
3516,0.3654,6,10,6,586837,18773,93072,14884,0.17389492015265479,0.44222598567905635
3517,0.3655,10,16,10,586853,18757,93082,14874,0.17374671162325392,0.44227052421872676
3518,0.3656,9,13,9,586866,18744,93091,14865,0.1736262921931157,0.4422922431491565
3519,0.3657,7,11,7,586877,18733,93098,14858,0.1735243988291526,0.4423208597541008
3520,0.3658,13,11,13,586888,18722,93111,14845,0.17342250546518953,0.44224982870080737
3521,0.3659,5,13,5,586901,18709,93116,14840,0.17330208603505132,0.4423380726698262
3522,0.366,15,25,15,586926,18684,93131,14825,0.17307051020786246,0.4424184547435017
3523,0.3661,11,17,11,586943,18667,93142,14814,0.17291303864537405,0.44245990263134316
3524,0.3662,11,13,11,586956,18654,93153,14803,0.17279261921523584,0.44244851600561913
3525,0.3663,13,12,13,586968,18642,93166,14790,0.1726814628181852,0.4423905240488155
3526,0.3664,11,13,11,586981,18629,93177,14779,0.17256104338804698,0.4423790708812261
3527,0.3665,7,17,7,586998,18612,93184,14772,0.17240357182555857,0.44248741912293316
3528,0.3666,9,19,9,587017,18593,93193,14763,0.17222757419689502,0.44258903945317185
3529,0.3667,8,23,8,587040,18570,93201,14755,0.17201452443588128,0.44276069017254316
3530,0.3668,11,19,11,587059,18551,93212,14744,0.17183852680721776,0.44282925364168796
3531,0.3669,14,17,14,587076,18534,93226,14730,0.17168105524472935,0.44282106782106784
3532,0.367,9,11,9,587087,18523,93235,14721,0.17157916188076625,0.4428167488870172
3533,0.3671,17,11,17,587098,18512,93252,14704,0.17147726851680314,0.44267822736030826
3534,0.3672,10,19,10,587117,18493,93262,14694,0.17130127088813962,0.44276373278693465
3535,0.3673,7,16,7,587133,18477,93269,14687,0.17115306235873876,0.4428597274152696
3536,0.3674,14,18,14,587151,18459,93283,14673,0.17098632776316278,0.4428649040202825
3537,0.3675,11,21,11,587172,18438,93294,14662,0.17079180406832414,0.4429607250755287
3538,0.3676,10,9,10,587181,18429,93304,14652,0.17070843677053615,0.44291285027659383
3539,0.3677,13,12,13,587193,18417,93317,14639,0.17059728037348548,0.4428545498547919
3540,0.3678,9,15,9,587208,18402,93326,14630,0.17045833487717219,0.4429038508113345
3541,0.3679,13,19,13,587227,18383,93339,14617,0.17028233724850866,0.44293939393939397
3542,0.368,13,21,13,587248,18362,93352,14604,0.17008781355367,0.44300188072559604
3543,0.3681,10,17,10,587265,18345,93362,14594,0.1699303419911816,0.44306141655787973
3544,0.3682,10,14,10,587279,18331,93372,14584,0.16980065952795584,0.4430806623120158
3545,0.3683,9,21,9,587300,18310,93381,14575,0.1696061358331172,0.44321119051239166
3546,0.3684,13,19,13,587319,18291,93394,14562,0.16943013820445366,0.4432471920372569
3547,0.3685,15,17,15,587336,18274,93409,14547,0.16927266664196525,0.44322232716858107
3548,0.3686,10,12,10,587348,18262,93419,14537,0.1691615102449146,0.44321473215646817
3549,0.3687,7,10,7,587358,18252,93426,14530,0.16906887991403904,0.44323104142517233
3550,0.3688,10,20,10,587378,18232,93436,14520,0.16888361925228798,0.44333170493404983
3551,0.3689,20,9,20,587387,18223,93456,14500,0.1688002519545,0.4431134064725117
3552,0.369,13,11,13,587398,18212,93469,14487,0.1686983585905369,0.4430410715924034
3553,0.3691,8,19,8,587417,18193,93477,14479,0.16852236096187337,0.4431623408423115
3554,0.3692,10,16,10,587433,18177,93487,14469,0.1683741524324725,0.44320896893953315
3555,0.3693,6,19,6,587452,18158,93493,14463,0.16819815480380895,0.4433647037184636
3556,0.3694,10,17,10,587469,18141,93503,14453,0.16804068324132054,0.44342517027673806
3557,0.3695,10,14,10,587483,18127,93513,14443,0.1679110007780948,0.4434448879336813
3558,0.3696,7,12,7,587495,18115,93520,14436,0.16779984438104412,0.4434886793032472
3559,0.3697,3,12,3,587507,18103,93523,14433,0.16768868798399347,0.4436009343496435
3560,0.3698,10,16,10,587523,18087,93533,14423,0.1675404794545926,0.4436481082743771
3561,0.3699,12,15,12,587538,18072,93545,14411,0.1674015339582793,0.44364744635655573
3562,0.37,8,17,8,587555,18055,93553,14403,0.16724406239579087,0.4437426828516853
3563,0.3701,8,13,8,587568,18042,93561,14395,0.16712364296565269,0.44378333384714985
3564,0.3702,13,10,13,587578,18032,93574,14382,0.16703101263477713,0.44369716789041774
3565,0.3703,6,24,6,587602,18008,93580,14376,0.16680869984067584,0.4439229249011858
3566,0.3704,7,16,7,587618,17992,93587,14369,0.16666049131127497,0.44402212539785546
3567,0.3705,8,18,8,587636,17974,93595,14361,0.166493756715699,0.44413174578629966
3568,0.3706,8,13,8,587649,17961,93603,14353,0.16637333728556078,0.44417280435724454
3569,0.3707,10,18,10,587667,17943,93613,14343,0.1662066026899848,0.4442482809886638
3570,0.3708,11,17,11,587684,17926,93624,14332,0.1660491311274964,0.44429288858577715
3571,0.3709,18,26,18,587710,17900,93642,14314,0.16580829226722,0.44434096976469856
3572,0.371,9,14,9,587724,17886,93651,14305,0.1656786098039942,0.44437886365754403
3573,0.3711,16,16,16,587740,17870,93667,14289,0.16553040127459334,0.44432351752231103
3574,0.3712,11,25,11,587765,17845,93678,14278,0.16529882544740448,0.4444790337141612
3575,0.3713,4,13,4,587778,17832,93682,14274,0.1651784060172663,0.44458979629975703
3576,0.3714,20,19,20,587797,17813,93702,14254,0.16500240838860275,0.4445068138584838
3577,0.3715,9,23,9,587820,17790,93711,14245,0.164789358627589,0.4446698923052911
3578,0.3716,10,16,10,587836,17774,93721,14235,0.16464115009818814,0.4447186728732544
3579,0.3717,7,11,7,587847,17763,93728,14228,0.16453925673422506,0.4447500859616767
3580,0.3718,15,13,15,587860,17750,93743,14213,0.16441883730408685,0.4446704001501736
3581,0.3719,13,17,13,587877,17733,93756,14200,0.16426136574159844,0.4446810509504275
3582,0.372,9,17,9,587894,17716,93765,14191,0.16410389417911,0.444761337637509
3583,0.3721,6,12,6,587906,17704,93771,14185,0.16399273778205936,0.44482423406190225
3584,0.3722,10,15,10,587921,17689,93781,14175,0.16385379228574604,0.44485940246045697
3585,0.3723,5,20,5,587941,17669,93786,14170,0.16366853162399497,0.44505166619554637
3586,0.3724,4,21,4,587962,17648,93790,14166,0.1634740079291563,0.44527566480165964
3587,0.3725,6,19,6,587981,17629,93796,14160,0.1632980103004928,0.44543710088395355
3588,0.3726,10,13,10,587994,17616,93806,14150,0.16317759087035458,0.44544481521123214
3589,0.3727,8,17,8,588011,17599,93814,14142,0.16302011930786617,0.4455436186635582
3590,0.3728,13,10,13,588021,17589,93827,14129,0.16292748897699064,0.44545683838829686
3591,0.3729,11,18,11,588039,17571,93838,14118,0.16276075438141466,0.4455173719587239
3592,0.373,9,17,9,588056,17554,93847,14109,0.16260328281892622,0.4455989640905789
3593,0.3731,12,15,12,588071,17539,93859,14097,0.16246433732261292,0.44559994942470604
3594,0.3732,10,17,10,588088,17522,93869,14087,0.16230686576012449,0.4456642095605682
3595,0.3733,6,22,6,588110,17500,93875,14081,0.1621030790321983,0.44586935182546467
3596,0.3734,10,17,10,588127,17483,93885,14071,0.16194560746970987,0.4459339544907143
3597,0.3735,6,22,6,588149,17461,93891,14065,0.1617418207417837,0.44613969422064326
3598,0.3736,12,20,12,588169,17441,93903,14053,0.1615565600800326,0.44621197688448594
3599,0.3737,6,18,6,588187,17423,93909,14047,0.16138982548445663,0.44636161423578014
3600,0.3738,8,19,8,588206,17404,93917,14039,0.1612138278557931,0.44649047482746557
3601,0.3739,4,11,4,588217,17393,93921,14035,0.16111193449183,0.4465763013872979
3602,0.374,11,19,11,588236,17374,93932,14024,0.16093593686316648,0.44665265303522517
3603,0.3741,12,11,12,588247,17363,93944,14012,0.16083404349920338,0.446597609561753
3604,0.3742,6,14,6,588261,17349,93950,14006,0.16070436103597763,0.44669111784404403
3605,0.3743,13,17,13,588278,17332,93963,13993,0.1605468894734892,0.44670391061452513
3606,0.3744,6,20,6,588298,17312,93969,13987,0.16036162881173813,0.4468832870059746
3607,0.3745,6,20,6,588318,17292,93975,13981,0.16017636814998704,0.4470629616602181
3608,0.3746,5,14,5,588332,17278,93980,13976,0.16004668568676128,0.4471747616305113
3609,0.3747,10,20,10,588352,17258,93990,13966,0.1598614250250102,0.4472841404048168
3610,0.3748,8,14,8,588366,17244,93998,13958,0.15973174256178443,0.44734311903083135
3611,0.3749,6,23,6,588389,17221,94004,13952,0.1595186928007707,0.4475668046065505
3612,0.375,9,14,9,588403,17207,94013,13943,0.15938901033754493,0.4476083467094703
3613,0.3751,7,10,7,588413,17197,94020,13936,0.15929638000666937,0.4476279189284682
3614,0.3752,11,15,11,588428,17182,94031,13925,0.15915743451035608,0.4476484392580448
3615,0.3753,13,9,13,588437,17173,94044,13912,0.1590740672125681,0.44754704841563453
3616,0.3754,8,16,8,588453,17157,94052,13904,0.15892585868316722,0.44763529828402177
3617,0.3755,12,18,12,588471,17139,94064,13892,0.15875912408759124,0.4476813509071574
3618,0.3756,6,13,6,588484,17126,94070,13886,0.15863870465745303,0.44776215658454793
3619,0.3757,13,16,13,588500,17110,94083,13873,0.15849049612805216,0.44776167575767356
3620,0.3758,13,20,13,588520,17090,94096,13860,0.1583052354663011,0.44781906300484653
3621,0.3759,8,11,8,588531,17079,94104,13852,0.158203342102338,0.4478355048333387
3622,0.376,9,26,9,588557,17053,94113,13843,0.15796250324206157,0.4480515277058519
3623,0.3761,15,15,15,588572,17038,94128,13828,0.15782355774574827,0.4480010367394544
3624,0.3762,14,16,14,588588,17022,94142,13814,0.1576753492163474,0.44798287715657026
3625,0.3763,3,12,3,588600,17010,94145,13811,0.15756419281929676,0.4481035657506246
3626,0.3764,7,13,7,588613,16997,94152,13804,0.15744377338915855,0.44816726729651635
3627,0.3765,10,15,10,588628,16982,94162,13794,0.15730482789284522,0.4482063945931895
3628,0.3766,9,7,9,588635,16975,94171,13785,0.15723998666123234,0.448146944083225
3629,0.3767,8,13,8,588648,16962,94179,13777,0.15711956723109416,0.4481928494746088
3630,0.3768,8,17,8,588665,16945,94187,13769,0.15696209566860572,0.44829719346226476
3631,0.3769,7,13,7,588678,16932,94194,13762,0.15684167623846754,0.4483612432397211
3632,0.377,10,16,10,588694,16916,94204,13752,0.15669346770906667,0.44841528629190036
3633,0.3771,10,17,10,588711,16899,94214,13742,0.15653599614657823,0.44848405730883456
3634,0.3772,7,9,7,588720,16890,94221,13735,0.15645262884879024,0.44848979591836735
3635,0.3773,9,16,9,588736,16874,94230,13726,0.15630442031938938,0.448562091503268
3636,0.3774,7,18,7,588754,16856,94237,13719,0.1561376857238134,0.4486999182338512
3637,0.3775,13,17,13,588771,16839,94250,13706,0.155980214161325,0.44871501064003927
3638,0.3776,7,12,7,588783,16827,94257,13699,0.15586905776427434,0.44876498722400576
3639,0.3777,10,17,10,588800,16810,94267,13689,0.1557115862017859,0.44883438801272174
3640,0.3778,9,18,9,588818,16792,94276,13680,0.15554485160620993,0.44893672880021
3641,0.3779,10,18,10,588836,16774,94286,13670,0.15537811701063395,0.4490211535934831
3642,0.378,5,14,5,588850,16760,94291,13665,0.1552484345474082,0.44913722267871814
3643,0.3781,7,10,7,588860,16750,94298,13658,0.15515580421653266,0.4491581162851881
3644,0.3782,9,19,9,588879,16731,94307,13649,0.15497980658786914,0.44927583936800525
3645,0.3783,9,13,9,588892,16718,94316,13640,0.15485938715773093,0.44930496080110677
3646,0.3784,12,14,12,588906,16704,94328,13628,0.15472970469450517,0.44929447448239485
3647,0.3785,10,19,10,588925,16685,94338,13618,0.15455370706584165,0.4493944493944494
3648,0.3786,12,9,12,588934,16676,94350,13606,0.15447033976805366,0.4493098210157849
3649,0.3787,16,12,16,588946,16664,94366,13590,0.154359183371003,0.4491968004230846
3650,0.3788,16,9,16,588955,16655,94382,13574,0.154275816073215,0.4490390022825763
3651,0.3789,6,16,6,588971,16639,94388,13568,0.15412760754381416,0.44916741152712947
3652,0.379,14,9,14,588980,16630,94402,13554,0.15404424024602617,0.4490458521070766
3653,0.3791,8,14,8,588994,16616,94410,13546,0.1539145577828004,0.4491081493269677
3654,0.3792,9,16,9,589010,16600,94419,13537,0.15376634925339952,0.4491820685536052
3655,0.3793,6,13,6,589023,16587,94425,13531,0.15364592982326133,0.4492662195364898
3656,0.3794,4,15,4,589038,16572,94429,13527,0.153506984326948,0.449416924150304
3657,0.3795,15,17,15,589055,16555,94444,13512,0.1533495127644596,0.4493963481557854
3658,0.3796,7,22,7,589077,16533,94451,13505,0.1531457260365334,0.4495971769092483
3659,0.3797,13,11,13,589088,16522,94464,13492,0.1530438326725703,0.4495235556740188
3660,0.3798,13,18,13,589106,16504,94477,13479,0.15287709807699434,0.44955474769035786
3661,0.3799,13,10,13,589116,16494,94490,13466,0.15278446774611879,0.4494659546061415
3662,0.38,12,13,12,589129,16481,94502,13454,0.15266404831598057,0.4494404543176883
3663,0.3801,10,10,10,589139,16471,94512,13444,0.15257141798510504,0.44940665218118003
3664,0.3802,3,19,3,589158,16452,94515,13441,0.15239542035644152,0.44963703877161876
3665,0.3803,10,10,10,589168,16442,94525,13431,0.15230279002556596,0.44960332072439996
3666,0.3804,7,12,7,589180,16430,94532,13424,0.15219163362851532,0.4496549876063509
3667,0.3805,7,11,7,589191,16419,94539,13417,0.15208974026455221,0.4496916476739509
3668,0.3806,6,13,6,589204,16406,94545,13411,0.15196932083441403,0.4497769728678271
3669,0.3807,9,15,9,589219,16391,94554,13402,0.1518303753381007,0.4498372100829054
3670,0.3808,6,13,6,589232,16378,94560,13396,0.1517099559079625,0.44992275139383353
3671,0.3809,6,18,6,589250,16360,94566,13390,0.15154322131238654,0.4500840336134454
3672,0.381,5,16,5,589266,16344,94571,13385,0.15139501278298567,0.4502337784654714
3673,0.3811,9,15,9,589281,16329,94580,13376,0.15125606728667235,0.4502945632048477
3674,0.3812,12,16,12,589297,16313,94592,13364,0.15110785875727148,0.45031505879974393
3675,0.3813,11,9,11,589306,16304,94603,13353,0.1510244914594835,0.4502478335637455
3676,0.3814,9,16,9,589322,16288,94612,13344,0.15087628293008262,0.4503239740820734
3677,0.3815,11,20,11,589342,16268,94623,13333,0.15069102226833153,0.4504239721631026
3678,0.3816,6,11,6,589353,16257,94629,13327,0.15058912890436846,0.45047998918334237
3679,0.3817,5,14,5,589367,16243,94634,13322,0.15045944644114267,0.4506003720615593
3680,0.3818,12,16,12,589383,16227,94646,13310,0.1503112379117418,0.45062125469749803
3681,0.3819,11,18,11,589401,16209,94657,13299,0.15014450331616586,0.45069133794225297
3682,0.382,8,17,8,589418,16192,94665,13291,0.14998703175367742,0.45080215717532135
3683,0.3821,13,13,13,589431,16179,94678,13278,0.14986661232353923,0.4507587330685406
3684,0.3822,9,11,9,589442,16168,94687,13269,0.14976471895957613,0.4507592485647315
3685,0.3823,13,22,13,589464,16146,94700,13256,0.14956093223164993,0.4508536834228964
3686,0.3824,7,13,7,589477,16133,94707,13249,0.14944051280151172,0.4509223334014022
3687,0.3825,4,10,4,589487,16123,94711,13245,0.14934788247063618,0.4510010896213566
3688,0.3826,6,19,6,589506,16104,94717,13239,0.14917188484197266,0.45118086085267356
3689,0.3827,14,16,14,589522,16088,94731,13225,0.1490236763125718,0.4511650121106676
3690,0.3828,12,14,12,589536,16074,94743,13213,0.14889399384934604,0.4511558029159695
3691,0.3829,5,17,5,589553,16057,94748,13208,0.1487365222868576,0.45132410729540406
3692,0.383,9,11,9,589564,16046,94757,13199,0.1486346289228945,0.45132501282270476
3693,0.3831,11,13,11,589577,16033,94768,13188,0.14851420949275632,0.4513192566989494
3694,0.3832,12,6,12,589583,16027,94780,13176,0.14845863129423098,0.45118652193267816
3695,0.3833,15,15,15,589598,16012,94795,13161,0.14831968579791768,0.45113632468378295
3696,0.3834,17,14,17,589612,15998,94812,13144,0.1481900033346919,0.4510328735158877
3697,0.3835,10,11,10,589623,15987,94822,13134,0.14808810997072883,0.45101473163696304
3698,0.3836,10,12,10,589635,15975,94832,13124,0.14797695357367815,0.4510120622701811
3699,0.3837,4,15,4,589650,15960,94836,13120,0.14783800807736486,0.4511691884456671
3700,0.3838,6,14,6,589664,15946,94842,13114,0.1477083256141391,0.4512732278045423
3701,0.3839,10,11,10,589675,15935,94852,13104,0.147606432250176,0.45125520851268985
3702,0.384,15,15,15,589690,15920,94867,13089,0.14746748675386268,0.45120479851080697
3703,0.3841,13,10,13,589700,15910,94880,13076,0.14737485642298714,0.45111433105637205
3704,0.3842,16,12,16,589712,15898,94896,13060,0.1472637000259365,0.4509979970992472
3705,0.3843,4,20,4,589732,15878,94900,13056,0.1470784393641854,0.4512338425381904
3706,0.3844,10,16,10,589748,15862,94910,13046,0.14693023083478454,0.4512937595129376
3707,0.3845,1,8,1,589756,15854,94911,13045,0.1468561265700841,0.4513997024118482
3708,0.3846,11,12,11,589768,15842,94922,13034,0.14674497017303345,0.45137830724477074
3709,0.3847,7,14,7,589782,15828,94929,13027,0.1466152877098077,0.4514642176399238
3710,0.3848,13,13,13,589795,15815,94942,13014,0.14649486827966948,0.45142044469110965
3711,0.3849,8,20,8,589815,15795,94950,13006,0.14630960761791842,0.45158154230755876
3712,0.385,3,20,3,589835,15775,94953,13003,0.14612434695616733,0.4518382097435541
3713,0.3851,10,18,10,589853,15757,94963,12993,0.14595761236059135,0.4519304347826087
3714,0.3852,16,20,16,589873,15737,94979,12977,0.14577235169884026,0.45193982029671936
3715,0.3853,10,7,10,589880,15730,94989,12967,0.14570751046722738,0.4518590793462731
3716,0.3854,7,19,7,589899,15711,94996,12960,0.14553151283856386,0.4520246939416135
3717,0.3855,4,15,4,589914,15696,95000,12956,0.14539256734225053,0.4521848387547117
3718,0.3856,9,19,9,589933,15677,95009,12947,0.145216569713587,0.45231274455002796
3719,0.3857,16,14,16,589947,15663,95025,12931,0.14508688725036126,0.45222774008533256
3720,0.3858,10,13,10,589960,15650,95035,12921,0.14496646782022304,0.4522417836267544
3721,0.3859,11,19,11,589979,15631,95046,12910,0.14479047019155952,0.4523317332959602
3722,0.386,15,17,15,589996,15614,95061,12895,0.1446329986290711,0.4523133045704865
3723,0.3861,9,9,9,590005,15605,95070,12886,0.14454963133128312,0.4522831771436594
3724,0.3862,8,18,8,590023,15587,95078,12878,0.14438289673570714,0.4524152467943088
3725,0.3863,9,9,9,590032,15578,95087,12869,0.14429952943791916,0.45238513727282315
3726,0.3864,10,8,10,590040,15570,95097,12859,0.1442254251732187,0.4523198142741567
3727,0.3865,11,16,11,590056,15554,95108,12848,0.14407721664381784,0.45236250968241676
3728,0.3866,10,14,10,590070,15540,95118,12838,0.14394753418059208,0.45239269856931424
3729,0.3867,9,13,9,590083,15527,95127,12829,0.1438271147504539,0.45242629425871067
3730,0.3868,7,17,7,590100,15510,95134,12822,0.14366964318796546,0.45256247352816603
3731,0.3869,14,15,14,590115,15495,95148,12808,0.14353069769165216,0.45253153375967214
3732,0.387,11,14,11,590129,15481,95159,12797,0.1434010152284264,0.45254261263172785
3733,0.3871,8,13,8,590142,15468,95167,12789,0.1432805957982882,0.4525958169657076
3734,0.3872,13,16,13,590158,15452,95180,12776,0.14313238726888733,0.452600255065892
3735,0.3873,6,16,6,590174,15436,95186,12770,0.14298417873948646,0.4527405516556761
3736,0.3874,13,12,13,590186,15424,95199,12757,0.14287302234243582,0.45268088428373726
3737,0.3875,7,11,7,590197,15413,95206,12750,0.14277112897847272,0.45272165607357173
3738,0.3876,10,12,10,590209,15401,95216,12740,0.14265997258142207,0.45272023026900254
3739,0.3877,10,17,10,590226,15384,95226,12730,0.14250250101893364,0.45279931706623033
3740,0.3878,13,14,13,590240,15370,95239,12717,0.14237281855570788,0.45277174493537936
3741,0.3879,7,14,7,590254,15356,95246,12710,0.14224313609248213,0.4528611130905722
3742,0.388,8,13,8,590267,15343,95254,12702,0.1421227166623439,0.45291495810304866
3743,0.3881,12,17,12,590284,15326,95266,12690,0.1419652450998555,0.4529554540262707
3744,0.3882,6,15,6,590299,15311,95272,12684,0.14182629960354218,0.4530809073048759
3745,0.3883,10,12,10,590311,15299,95282,12674,0.14171514320649153,0.4530797554784971
3746,0.3884,7,9,7,590320,15290,95289,12667,0.14163177590870354,0.45308867188897234
3747,0.3885,8,16,8,590336,15274,95297,12659,0.14148356737930268,0.4531915655318083
3748,0.3886,11,7,11,590343,15267,95308,12648,0.1414187261476898,0.4530897367006986
3749,0.3887,10,16,10,590359,15251,95318,12638,0.14127051761828893,0.4531535730933343
3750,0.3888,10,11,10,590370,15240,95328,12628,0.14116862425432583,0.4531362135782977
3751,0.3889,9,15,9,590385,15225,95337,12619,0.14102967875801253,0.4532035627065077
3752,0.389,11,17,11,590402,15208,95348,12608,0.1408722071955241,0.453264308311763
3753,0.3891,10,9,10,590411,15199,95358,12598,0.1407888398977361,0.4532143756520488
3754,0.3892,12,14,12,590425,15185,95370,12586,0.14065915743451035,0.4532065824061071
3755,0.3893,16,12,16,590437,15173,95386,12570,0.1405480010374597,0.45308726525610066
3756,0.3894,14,16,14,590453,15157,95400,12556,0.14039979250805884,0.45307256522209793
3757,0.3895,14,16,14,590469,15141,95414,12542,0.14025158397865797,0.4530578333273128
3758,0.3896,14,17,14,590486,15124,95428,12528,0.14009411241616956,0.4530594532041082
3759,0.3897,9,16,9,590502,15108,95437,12519,0.1399459038867687,0.45314366380714516
3760,0.3898,6,13,6,590515,15095,95443,12513,0.13982548445663048,0.45323819182845554
3761,0.3899,4,15,4,590530,15080,95447,12509,0.13968653896031716,0.4534053427090507
3762,0.39,7,5,7,590535,15075,95454,12502,0.1396402237948794,0.4533488051637234
3763,0.3901,8,9,8,590544,15066,95462,12494,0.1395568564970914,0.45333817126269954
3764,0.3902,5,12,5,590556,15054,95467,12489,0.13944570010004076,0.4534364448317177
3765,0.3903,11,22,11,590578,15032,95478,12478,0.13924191337211456,0.45358051617593603
3766,0.3904,7,10,7,590588,15022,95485,12471,0.13914928304123902,0.45360637253118974
3767,0.3905,8,11,8,590599,15011,95493,12463,0.13904738967727592,0.45362888549173763
3768,0.3906,10,10,10,590609,15001,95503,12453,0.1389547593464004,0.45359510453850077
3769,0.3907,5,12,5,590621,14989,95508,12448,0.13884360294934975,0.45369391697343003
3770,0.3908,8,10,8,590631,14979,95516,12440,0.1387509726184742,0.4536999890586819
3771,0.3909,13,8,13,590639,14971,95529,12427,0.13867686835377377,0.4535732535221549
3772,0.391,10,16,10,590655,14955,95539,12417,0.1385286598243729,0.45363875493204736
3773,0.3911,10,11,10,590666,14944,95549,12407,0.1384267664604098,0.45362143980110414
3774,0.3912,7,15,7,590681,14929,95556,12400,0.13828782096409648,0.4537304694646712
3775,0.3913,5,15,5,590696,14914,95561,12395,0.13814887546778318,0.4538796733677542
3776,0.3914,9,16,9,590712,14898,95570,12386,0.1380006669383823,0.45396569417973903
3777,0.3915,7,10,7,590722,14888,95577,12379,0.13790803660750675,0.4539920049877141
3778,0.3916,12,12,12,590734,14876,95589,12367,0.1377968802104561,0.4539514737730793
3779,0.3917,5,17,5,590751,14859,95594,12362,0.1376394086479677,0.4541346754344073
3780,0.3918,5,11,5,590762,14848,95599,12357,0.1375375152840046,0.45421797463701524
3781,0.3919,6,14,6,590776,14834,95605,12351,0.13740783282077884,0.45433143277542765
3782,0.392,9,11,9,590787,14823,95614,12342,0.13730593945681574,0.454334621755936
3783,0.3921,10,11,10,590798,14812,95624,12332,0.13720404609285264,0.4543177129384026
3784,0.3922,10,12,10,590810,14800,95634,12322,0.137092889695802,0.4543175282058845
3785,0.3923,10,14,10,590824,14786,95644,12312,0.13696320723257624,0.45435087460329177
3786,0.3924,7,13,7,590837,14773,95651,12305,0.13684278780243803,0.4544279488883965
3787,0.3925,6,14,6,590851,14759,95657,12299,0.13671310533921227,0.4545420947594057
3788,0.3926,10,17,10,590868,14742,95667,12289,0.13655563377672386,0.4546261699530169
3789,0.3927,12,14,12,590882,14728,95679,12277,0.13642595131349808,0.4546195149046473
3790,0.3928,10,15,10,590897,14713,95689,12267,0.13628700581718478,0.45467012601927353
3791,0.3929,7,22,7,590919,14691,95696,12260,0.13608321908925858,0.4548996326666914
3792,0.393,7,5,7,590924,14686,95703,12253,0.1360369039238208,0.4548424217676974
3793,0.3931,6,14,6,590938,14672,95709,12247,0.13590722146059506,0.45495746498755524
3794,0.3932,8,15,8,590953,14657,95717,12239,0.13576827596428173,0.4550490779298037
3795,0.3933,10,6,10,590959,14651,95727,12229,0.13571269776575642,0.4549479166666667
3796,0.3934,4,19,4,590978,14632,95731,12225,0.1355367001370929,0.4551885914286778
3797,0.3935,6,20,6,590998,14612,95737,12219,0.1353514394753418,0.45540606015429913
3798,0.3936,9,17,9,591015,14595,95746,12210,0.13519396791285337,0.45551203133743706
3799,0.3937,5,13,5,591028,14582,95751,12205,0.1350735484827152,0.45563146302310825
3800,0.3938,7,21,7,591049,14561,95758,12198,0.13487902478787656,0.45584663104002393
3801,0.3939,6,12,6,591061,14549,95764,12192,0.13476786839082588,0.4559290976403276
3802,0.394,10,13,10,591074,14536,95774,12182,0.1346474489606877,0.4559473014447189
3803,0.3941,7,14,7,591088,14522,95781,12175,0.13451776649746192,0.4560437502341087
3804,0.3942,5,16,5,591104,14506,95786,12170,0.13436955796806105,0.45621532463637726
3805,0.3943,11,11,11,591115,14495,95797,12159,0.13426766460409797,0.45617918511292865
3806,0.3944,8,8,8,591123,14487,95805,12151,0.13419356033939753,0.45615286432915386
3807,0.3945,9,19,9,591142,14468,95814,12142,0.134017562710734,0.4562946260804209
3808,0.3946,7,15,7,591157,14453,95821,12135,0.13387861721442068,0.45640890627350683
3809,0.3947,3,16,3,591173,14437,95824,12132,0.1337304086850198,0.4566223794647898
3810,0.3948,8,14,8,591187,14423,95832,12124,0.13360072622179406,0.45669943873130675
3811,0.3949,11,5,11,591192,14418,95843,12113,0.1335544110563563,0.45656025027326524
3812,0.395,13,12,13,591204,14406,95856,12100,0.13344325465930565,0.45650041500037725
3813,0.3951,11,14,11,591218,14392,95867,12089,0.1333135721960799,0.4565159925984668
3814,0.3952,8,17,8,591235,14375,95875,12081,0.13315610063359146,0.4566449954641669
3815,0.3953,12,7,12,591242,14368,95887,12069,0.13309125940197858,0.4565192722320989
3816,0.3954,13,16,13,591258,14352,95900,12056,0.1329430508725777,0.4565283247500757
3817,0.3955,10,10,10,591268,14342,95910,12046,0.13285042054170218,0.4564953766863726
3818,0.3956,7,20,7,591288,14322,95917,12039,0.1326651598799511,0.4566973938773188
3819,0.3957,6,11,6,591299,14311,95923,12033,0.132563266515988,0.4567643486182812
3820,0.3958,4,20,4,591319,14291,95927,12029,0.13237800585423692,0.4570288753799392
3821,0.3959,7,17,7,591336,14274,95934,12022,0.1322205342917485,0.45717979920900514
3822,0.396,13,12,13,591348,14262,95947,12009,0.13210937789469784,0.4571200182710974
3823,0.3961,6,12,6,591360,14250,95953,12003,0.1319982214976472,0.4572048908696149
3824,0.3962,9,9,9,591369,14241,95962,11994,0.1319148541998592,0.4571755288736421
3825,0.3963,5,13,5,591382,14228,95967,11989,0.131794434769721,0.45729869931723693
3826,0.3964,8,15,8,591397,14213,95975,11981,0.13165548927340767,0.4573948232419638
3827,0.3965,11,18,11,591415,14195,95986,11970,0.13148875467783172,0.4574813682400153
3828,0.3966,7,14,7,591429,14181,95993,11963,0.13135907221460594,0.45758108935128516
3829,0.3967,8,7,8,591436,14174,96001,11955,0.13129423098299306,0.45753760189827397
3830,0.3968,9,11,9,591447,14163,96010,11946,0.13119233761903,0.45754337584740895
3831,0.3969,13,18,13,591465,14145,96023,11933,0.131025603023454,0.45758877214510313
3832,0.397,9,15,9,591480,14130,96032,11924,0.13088665752714068,0.4576648499270745
3833,0.3971,7,11,7,591491,14119,96039,11917,0.13078476416317758,0.4577123982178522
3834,0.3972,10,7,10,591498,14112,96049,11907,0.1307199229315647,0.4576271186440678
3835,0.3973,13,12,13,591510,14100,96062,11894,0.13060876653451406,0.4575671308763561
3836,0.3974,3,18,3,591528,14082,96065,11891,0.13044203193893808,0.4578215839525661
3837,0.3975,9,7,9,591535,14075,96074,11882,0.1303771907073252,0.4577570597526679
3838,0.3976,8,9,8,591544,14066,96082,11874,0.1302938234095372,0.4577486507324595
3839,0.3977,10,14,10,591558,14052,96092,11864,0.13016414094631146,0.4577866954776972
3840,0.3978,11,13,11,591571,14039,96103,11853,0.13004372151617324,0.4577861887841804
3841,0.3979,14,17,14,591588,14022,96117,11839,0.12988624995368483,0.4577935888016705
3842,0.398,6,15,6,591603,14007,96123,11833,0.1297473044573715,0.45793343653250773
3843,0.3981,10,14,10,591617,13993,96133,11823,0.12961762199414575,0.4579718004338395
3844,0.3982,10,19,10,591636,13974,96143,11813,0.12944162436548223,0.45809904215302283
3845,0.3983,6,8,6,591644,13966,96149,11807,0.1293675201007818,0.4581150816746207
3846,0.3984,9,10,9,591654,13956,96158,11798,0.12927488976990625,0.4581035955579716
3847,0.3985,11,15,11,591669,13941,96169,11787,0.12913594427359296,0.45813899253731344
3848,0.3986,7,13,7,591682,13928,96176,11780,0.12901552484345474,0.45822312120740627
3849,0.3987,7,14,7,591696,13914,96183,11773,0.128885842380229,0.4583252228753844
3850,0.3988,11,17,11,591713,13897,96194,11762,0.12872837081774055,0.45839666393857903
3851,0.3989,5,12,5,591725,13885,96199,11757,0.1286172144206899,0.45850557678808207
3852,0.399,4,10,4,591735,13875,96203,11753,0.12852458408981438,0.45859996878414233
3853,0.3991,8,10,8,591745,13865,96211,11745,0.12843195375893882,0.45860991800078094
3854,0.3992,7,14,7,591759,13851,96218,11738,0.12830227129571306,0.45871272812536634
3855,0.3993,7,14,7,591773,13837,96225,11731,0.1281725888324873,0.4588157071339174
3856,0.3994,6,8,6,591781,13829,96231,11725,0.12809848456778689,0.4588322767472803
3857,0.3995,14,15,14,591796,13814,96245,11711,0.12795953907147356,0.4588050930460333
3858,0.3996,11,6,11,591802,13808,96256,11700,0.12790396087294822,0.4586796299200251
3859,0.3997,7,13,7,591815,13795,96263,11693,0.12778354144281004,0.4587649089767734
3860,0.3998,9,18,9,591833,13777,96272,11684,0.12761680684723406,0.45889792231255644
3861,0.3999,14,14,14,591847,13763,96286,11670,0.1274871243840083,0.4588526717257107
3862,0.4,4,14,4,591861,13749,96290,11666,0.12735744192078255,0.4590202636238442
3863,0.4001,7,10,7,591871,13739,96297,11659,0.127264811589907,0.45905189384990946
3864,0.4002,10,26,10,591897,13713,96307,11649,0.1270239727296306,0.45930920274426307
3865,0.4003,11,9,11,591906,13704,96318,11638,0.1269406054318426,0.4592376292321048
3866,0.4004,7,18,7,591924,13686,96325,11631,0.12677387083626662,0.4594146225856144
3867,0.4005,8,8,8,591932,13678,96333,11623,0.1266997665715662,0.459388956958223
3868,0.4006,4,17,4,591949,13661,96337,11619,0.12654229500907777,0.4596123417721519
3869,0.4007,3,7,3,591956,13654,96340,11616,0.1264774537774649,0.4596755045508508
3870,0.4008,5,15,5,591971,13639,96345,11611,0.1263385082811516,0.45984158415841586
3871,0.4009,11,10,11,591981,13629,96356,11600,0.12624587795027603,0.4597883388164414
3872,0.401,9,22,9,592003,13607,96365,11591,0.12604209122234986,0.45999682514485274
3873,0.4011,4,11,4,592014,13596,96369,11587,0.12594019785838675,0.46011198030417344
3874,0.4012,12,13,12,592027,13583,96381,11575,0.12581977842824854,0.4600922171873758
3875,0.4013,6,14,6,592041,13569,96387,11569,0.12569009596502279,0.4602195878749304
3876,0.4014,9,12,9,592053,13557,96396,11560,0.12557893956797214,0.4602460484930525
3877,0.4015,10,9,10,592062,13548,96406,11550,0.12549557227018415,0.4601960315562993
3878,0.4016,6,12,6,592074,13536,96412,11544,0.1253844158731335,0.4602870813397129
3879,0.4017,7,19,7,592093,13517,96419,11537,0.12520841824446996,0.4604853516404566
3880,0.4018,9,14,9,592107,13503,96428,11528,0.1250787357812442,0.4605489193400184
3881,0.4019,8,18,8,592125,13485,96436,11520,0.12491200118566824,0.46070785842831435
3882,0.402,9,12,9,592137,13473,96445,11511,0.12480084478861758,0.4607348703170029
3883,0.4021,8,18,8,592155,13455,96453,11503,0.1246341101930416,0.46089430242807916
3884,0.4022,7,16,7,592171,13439,96460,11496,0.12448590166364074,0.4610387006216162
3885,0.4023,9,13,9,592184,13426,96469,11487,0.12436548223350254,0.4610845743186288
3886,0.4024,8,6,8,592190,13420,96477,11479,0.12430990403497721,0.4610225310253424
3887,0.4025,10,13,10,592203,13407,96487,11469,0.12418948460483901,0.46104679208876026
3888,0.4026,5,10,5,592213,13397,96492,11464,0.12409685427396347,0.46112384859820604
3889,0.4027,7,10,7,592223,13387,96499,11457,0.12400422394308792,0.4611576235710836
3890,0.4028,4,7,4,592230,13380,96503,11453,0.12393938271147505,0.46120082148753677
3891,0.4029,8,16,8,592246,13364,96511,11445,0.12379117418207418,0.46132451932766333
3892,0.403,15,7,15,592253,13357,96526,11430,0.1237263329504613,0.4611288175253157
3893,0.4031,11,14,11,592267,13343,96537,11419,0.12359665048723555,0.4611501494225022
3894,0.4032,7,22,7,592289,13321,96544,11412,0.12339286375930934,0.46140783568511706
3895,0.4033,10,14,10,592303,13307,96554,11402,0.12326318129608359,0.461451293051115
3896,0.4034,8,15,8,592318,13292,96562,11394,0.12312423579977028,0.461557157903265
3897,0.4035,6,13,6,592331,13279,96568,11388,0.12300381636963208,0.46166943689950135
3898,0.4036,7,5,7,592336,13274,96575,11381,0.1229575012041943,0.46161022105049687
3899,0.4037,12,7,12,592343,13267,96587,11369,0.12289265997258142,0.4614791362234129
3900,0.4038,8,10,8,592353,13257,96595,11361,0.12280002964170587,0.4614915915184012
3901,0.4039,10,7,10,592360,13250,96605,11351,0.122735188410093,0.4614040079671558
3902,0.404,5,16,5,592376,13234,96610,11346,0.12258697988069213,0.46159479251423924
3903,0.4041,6,17,6,592393,13217,96616,11340,0.1224295083182037,0.4617827910575396
3904,0.4042,14,13,14,592406,13204,96630,11326,0.1223090888880655,0.4617203424378312
3905,0.4043,13,13,13,592419,13191,96643,11313,0.1221886694579273,0.46167972575905974
3906,0.4044,8,13,8,592432,13178,96651,11305,0.1220682500277891,0.4617489686721398
3907,0.4045,13,12,13,592444,13166,96664,11292,0.12195709363073845,0.4616894267724262
3908,0.4046,5,13,5,592457,13153,96669,11287,0.12183667420060025,0.46182487725040916
3909,0.4047,11,11,11,592468,13142,96680,11276,0.12173478083663715,0.4617904824309935
3910,0.4048,11,10,11,592478,13132,96691,11265,0.1216421505057616,0.46173709882362585
3911,0.4049,9,16,9,592494,13116,96700,11256,0.12149394197636074,0.46184145741014276
3912,0.405,5,9,5,592503,13107,96705,11251,0.12141057467857275,0.46190163396009526
3913,0.4051,9,9,9,592512,13098,96714,11242,0.12132720738078476,0.461873459326212
3914,0.4052,1,9,1,592521,13089,96715,11241,0.12124384008299678,0.4620221948212084
3915,0.4053,6,14,6,592535,13075,96721,11235,0.12111415761977101,0.46215549156725627
3916,0.4054,10,23,10,592558,13052,96731,11225,0.12090110785875727,0.46237179223133007
3917,0.4055,7,11,7,592569,13041,96738,11218,0.12079921449479418,0.4624263160064306
3918,0.4056,14,8,14,592577,13033,96752,11204,0.12072511023009375,0.4622684325617857
3919,0.4057,11,17,11,592594,13016,96763,11193,0.12056763866760532,0.46234871328844646
3920,0.4058,13,8,13,592602,13008,96776,11180,0.12049353440290489,0.4622126674383992
3921,0.4059,6,13,6,592615,12995,96782,11174,0.12037311497276668,0.46232777524928625
3922,0.406,12,11,12,592626,12984,96794,11162,0.12027122160880359,0.4622711836328999
3923,0.4061,4,9,4,592635,12975,96798,11158,0.1201878543110156,0.4623544524095637
3924,0.4062,11,9,11,592644,12966,96809,11147,0.12010448701322761,0.46228175672873556
3925,0.4063,7,15,7,592659,12951,96816,11140,0.1199655415169143,0.46241334938358725
3926,0.4064,10,12,10,592671,12939,96826,11130,0.11985438511986365,0.46242054094478374
3927,0.4065,12,12,12,592683,12927,96838,11118,0.119743228722813,0.46238303181534623
3928,0.4066,7,19,7,592702,12908,96845,11111,0.11956723109414946,0.4625921145759607
3929,0.4067,16,8,16,592710,12900,96861,11095,0.11949312682944903,0.46238799749947906
3930,0.4068,5,15,5,592725,12885,96866,11090,0.11935418133313572,0.46256517205422315
3931,0.4069,12,17,12,592742,12868,96878,11078,0.1191967097706473,0.46262423786853757
3932,0.407,11,15,11,592757,12853,96889,11067,0.11905776427433398,0.46266722408026756
3933,0.4071,9,13,9,592770,12840,96898,11058,0.11893734484419578,0.4627165453175998
3934,0.4072,8,10,8,592780,12830,96906,11050,0.11884471451332024,0.46273031825795646
3935,0.4073,10,18,10,592798,12812,96916,11040,0.11867797991774427,0.4628542679859131
3936,0.4074,10,17,10,592815,12795,96926,11030,0.11852050835525585,0.46295907660020985
3937,0.4075,12,13,12,592828,12782,96938,11018,0.11840008892511764,0.46294117647058824
3938,0.4076,3,7,3,592835,12775,96941,11015,0.11833524769350476,0.4630096679277007
3939,0.4077,17,10,17,592845,12765,96958,10998,0.11824261736262921,0.46282035096578716
3940,0.4078,8,21,8,592866,12744,96966,10990,0.11804809366779058,0.4630487907643044
3941,0.4079,6,13,6,592879,12731,96972,10984,0.11792767423765238,0.46316677208517815
3942,0.408,9,11,9,592890,12720,96981,10975,0.11782578087368928,0.4631778856298797
3943,0.4081,7,10,7,592900,12710,96988,10968,0.11773315054281373,0.46321479854717457
3944,0.4082,9,13,9,592913,12697,96997,10959,0.11761273111267553,0.4632651335813324
3945,0.4083,9,7,9,592920,12690,97006,10950,0.11754788988106266,0.4631979695431472
3946,0.4084,9,12,9,592932,12678,97015,10941,0.117436733484012,0.4632287565095897
3947,0.4085,8,17,8,592949,12661,97023,10933,0.11727926192152359,0.4633805204713063
3948,0.4086,10,8,10,592957,12653,97033,10923,0.11720515765682316,0.46331014591109604
3949,0.4087,14,7,14,592964,12646,97047,10909,0.11714031642521026,0.4631288473784759
3950,0.4088,4,13,4,592977,12633,97051,10905,0.11701989699507206,0.4632933979097629
3951,0.4089,6,15,6,592992,12618,97057,10899,0.11688095149875875,0.4634519709146575
3952,0.409,10,23,10,593015,12595,97067,10889,0.11666790173774501,0.4636773973769375
3953,0.4091,6,10,6,593025,12585,97073,10883,0.11657527140686946,0.4637378558036475
3954,0.4092,12,9,12,593034,12576,97085,10871,0.11649190410908147,0.46364140401757153
3955,0.4093,6,9,6,593043,12567,97091,10865,0.11640853681129348,0.4636821440764766
3956,0.4094,7,11,7,593054,12556,97098,10858,0.1163066434473304,0.4637396429486632
3957,0.4095,8,15,8,593069,12541,97106,10850,0.11616769795101708,0.4638536189132572
3958,0.4096,5,17,5,593086,12524,97111,10845,0.11601022638852866,0.46407634045102486
3959,0.4097,9,16,9,593102,12508,97120,10836,0.1158620178591278,0.4641877998629198
3960,0.4098,8,9,8,593111,12499,97128,10828,0.1157786505613398,0.4641831354224718
3961,0.4099,9,15,9,593126,12484,97137,10819,0.1156397050650265,0.46427498605329787
3962,0.41,6,7,6,593133,12477,97143,10813,0.11557486383341362,0.46427651352511806
3963,0.4101,8,8,8,593141,12469,97151,10805,0.11550075956871318,0.4642519549712125
3964,0.4102,12,14,12,593155,12455,97163,10793,0.11537107710548743,0.46425498967653134
3965,0.4103,12,14,12,593169,12441,97175,10781,0.11524139464226166,0.46425803117733183
3966,0.4104,8,9,8,593178,12432,97183,10773,0.11515802734447367,0.4642533936651584
3967,0.4105,9,10,9,593188,12422,97192,10764,0.11506539701359814,0.46424566548779433
3968,0.4106,4,5,4,593193,12417,97196,10760,0.11501908184816036,0.4642533546188031
3969,0.4107,2,12,2,593205,12405,97198,10758,0.11490792545110971,0.4644476104131589
3970,0.4108,10,17,10,593222,12388,97208,10748,0.11475045388862129,0.46455739972337484
3971,0.4109,2,17,2,593239,12371,97210,10746,0.11459298232613287,0.46485270580092575
3972,0.411,5,16,5,593255,12355,97215,10741,0.114444773796732,0.46505888465535156
3973,0.4111,9,16,9,593271,12339,97224,10732,0.11429656526733113,0.4651727276667678
3974,0.4112,9,16,9,593287,12323,97233,10723,0.11414835673793026,0.4652868176690098
3975,0.4113,10,15,10,593302,12308,97243,10713,0.11400941124161695,0.4653577168672082
3976,0.4114,5,13,5,593315,12295,97248,10708,0.11388899181147875,0.46550449941312005
3977,0.4115,9,13,9,593328,12282,97257,10699,0.11376857238134054,0.46555850485183414
3978,0.4116,6,10,6,593338,12272,97263,10693,0.11367594205046501,0.4656215980840409
3979,0.4117,9,12,9,593350,12260,97272,10684,0.11356478565341435,0.4656555090655509
3980,0.4118,11,12,11,593362,12248,97283,10673,0.11345362925636371,0.46564286025915097
3981,0.4119,2,16,2,593378,12232,97285,10671,0.11330542072696284,0.46592149500065494
3982,0.412,10,13,10,593391,12219,97295,10661,0.11318500129682463,0.4659527972027972
3983,0.4121,8,10,8,593401,12209,97303,10653,0.1130923709659491,0.4659697314320707
3984,0.4122,9,10,9,593411,12199,97312,10644,0.11299974063507355,0.46596331480103315
3985,0.4123,6,9,6,593420,12190,97318,10638,0.11291637333728556,0.46600665848957423
3986,0.4124,8,14,8,593434,12176,97326,10630,0.1127866908740598,0.4661054108567921
3987,0.4125,5,8,5,593442,12168,97331,10625,0.11271258660935937,0.46615188873777036
3988,0.4126,10,8,10,593450,12160,97341,10615,0.11263848234465894,0.4660812294182217
3989,0.4127,7,11,7,593461,12149,97348,10608,0.11253658898069584,0.4661422858900558
3990,0.4128,12,12,12,593473,12137,97360,10596,0.1124254325836452,0.4661065411516298
3991,0.4129,13,17,13,593490,12120,97373,10583,0.11226796102115677,0.46614984803770426
3992,0.413,3,12,3,593502,12108,97376,10580,0.11215680462410611,0.46632581100141046
3993,0.4131,5,13,5,593515,12095,97381,10575,0.11203638519396791,0.46647551830613143
3994,0.4132,7,7,7,593522,12088,97388,10568,0.11197154396235504,0.466454802259887
3995,0.4133,11,14,11,593536,12074,97399,10557,0.11184186149912928,0.4664840263355574
3996,0.4134,11,11,11,593547,12063,97410,10546,0.11173996813516618,0.4664514131540537
3997,0.4135,5,11,5,593558,12052,97415,10541,0.11163807477120308,0.4665604390740495
3998,0.4136,3,16,3,593574,12036,97418,10538,0.11148986624180221,0.4668202356693541
3999,0.4137,7,12,7,593586,12024,97425,10531,0.11137870984475157,0.46690312569275105
4000,0.4138,6,7,6,593593,12017,97431,10525,0.11131386861313869,0.46690621950137523
4001,0.4139,7,17,7,593610,12000,97438,10518,0.11115639705065027,0.4670929922728484
4002,0.414,1,7,1,593617,11993,97439,10517,0.11109155581903739,0.46721457130164373
4003,0.4141,7,8,7,593625,11985,97446,10510,0.11101745155433695,0.46721493665258945
4004,0.4142,10,8,10,593633,11977,97456,10500,0.11094334728963652,0.4671441918405481
4005,0.4143,9,7,9,593640,11970,97465,10491,0.11087850605802364,0.46707626552691334
4006,0.4144,13,18,13,593658,11952,97478,10478,0.11071177146244766,0.467142220240749
4007,0.4145,5,13,5,593671,11939,97483,10473,0.11059135203230946,0.46729430662145277
4008,0.4146,6,14,6,593685,11925,97489,10467,0.1104616695690837,0.467443729903537
4009,0.4147,7,7,7,593692,11918,97496,10460,0.11039682833747082,0.46742336223076236
4010,0.4148,9,7,9,593699,11911,97505,10451,0.11033198710585794,0.46735533494320725
4011,0.4149,8,21,8,593720,11890,97513,10443,0.1101374634110193,0.467603994089464
4012,0.415,3,7,3,593727,11883,97516,10440,0.11007262217940643,0.46767907539309234
4013,0.4151,10,16,10,593743,11867,97526,10430,0.10992441365000556,0.46777593398215006
4014,0.4152,6,11,6,593754,11856,97532,10424,0.10982252028604246,0.46786355475763014
4015,0.4153,9,13,9,593767,11843,97541,10415,0.10970210085590426,0.467921646149699
4016,0.4154,15,14,15,593781,11829,97556,10400,0.1095724183926785,0.46785730352242566
4017,0.4155,9,15,9,593796,11814,97565,10391,0.10943347289636518,0.4679576671920739
4018,0.4156,10,16,10,593812,11798,97575,10381,0.10928526436696431,0.4680553676901574
4019,0.4157,5,14,5,593826,11784,97580,10376,0.10915558190373856,0.46823104693140793
4020,0.4158,5,12,5,593838,11772,97585,10371,0.10904442550668791,0.46836472022761144
4021,0.4159,13,9,13,593847,11763,97598,10358,0.10896105820889992,0.4682428461642783
4022,0.416,5,12,5,593859,11751,97603,10353,0.10884990181184927,0.46837676438653636
4023,0.4161,7,14,7,593873,11737,97610,10346,0.10872021934862351,0.4685051849839243
4024,0.4162,7,12,7,593885,11725,97617,10339,0.10860906295157287,0.46859137055837563
4025,0.4163,9,19,9,593904,11706,97626,10330,0.10843306532290933,0.46877836267925216
4026,0.4164,12,11,12,593915,11695,97638,10318,0.10833117195894623,0.4687230273020488
4027,0.4165,9,11,9,593926,11684,97647,10309,0.10822927859498314,0.4687400536534352
4028,0.4166,10,10,10,593936,11674,97657,10299,0.1081366482641076,0.46871160060073724
4029,0.4167,5,9,5,593945,11665,97662,10294,0.10805328096631961,0.4687827314540735
4030,0.4168,11,6,11,593951,11659,97673,10283,0.10799770276779429,0.4686446085133534
4031,0.4169,8,15,8,593966,11644,97681,10275,0.10785875727148098,0.4687713855559104
4032,0.417,10,10,10,593976,11634,97691,10265,0.10776612694060543,0.46874286497100326
4033,0.4171,9,13,9,593989,11621,97700,10256,0.10764570751046723,0.4688028523106459
4034,0.4172,8,10,8,593999,11611,97708,10248,0.10755307717959169,0.46882291047165925
4035,0.4173,9,7,9,594006,11604,97717,10239,0.10748823594797881,0.4687542919928581
4036,0.4174,5,9,5,594015,11595,97722,10234,0.10740486865019082,0.46882587383755553
4037,0.4175,9,10,9,594025,11585,97731,10225,0.10731223831931527,0.46882164144887667
4038,0.4176,12,12,12,594037,11573,97743,10213,0.10720108192226463,0.4687872945928578
4039,0.4177,7,12,7,594049,11561,97750,10206,0.10708992552521397,0.46887490237515506
4040,0.4178,9,10,9,594059,11551,97759,10197,0.10699729519433844,0.4688707007540923
4041,0.4179,11,11,11,594070,11540,97770,10186,0.10689540183037534,0.46883917886403387
4042,0.418,9,5,9,594075,11535,97779,10177,0.10684908666493757,0.46872697126013263
4043,0.4181,5,15,5,594090,11520,97784,10172,0.10671014116862425,0.4689286372856353
4044,0.4182,11,9,11,594099,11511,97795,10161,0.10662677387083627,0.4688538205980066
4045,0.4183,9,8,9,594107,11503,97804,10152,0.10655266960613584,0.4688062803047795
4046,0.4184,7,16,7,594123,11487,97811,10145,0.10640446107673497,0.46898113905325445
4047,0.4185,6,9,6,594132,11478,97817,10139,0.10632109377894698,0.46902900494980804
4048,0.4186,8,6,8,594138,11472,97825,10131,0.10626551558042166,0.4689626440772115
4049,0.4187,11,15,11,594153,11457,97836,10120,0.10612657008410833,0.4690179357649349
4050,0.4188,4,13,4,594166,11444,97840,10116,0.10600615065397014,0.46920222634508346
4051,0.4189,7,14,7,594180,11430,97847,10109,0.10587646819074438,0.46933469520404847
4052,0.419,6,12,6,594192,11418,97853,10103,0.10576531179369372,0.4694484457041959
4053,0.4191,9,12,9,594204,11406,97862,10094,0.10565415539664308,0.46948837209302324
4054,0.4192,7,12,7,594216,11394,97869,10087,0.10554299899959242,0.46957776639821236
4055,0.4193,9,13,9,594229,11381,97878,10078,0.10542257956945422,0.4696397781816487
4056,0.4194,6,14,6,594243,11367,97884,10072,0.10529289710622847,0.46979803162460937
4057,0.4195,10,8,10,594251,11359,97894,10062,0.10521879284152803,0.4697259698426777
4058,0.4196,4,13,4,594264,11346,97898,10058,0.10509837341138982,0.4699121659502897
4059,0.4197,4,10,4,594274,11336,97902,10054,0.10500574308051429,0.47003272557269754
4060,0.4198,10,10,10,594284,11326,97912,10044,0.10491311274963874,0.470004679457183
4061,0.4199,6,14,6,594298,11312,97918,10038,0.10478343028641299,0.4701639344262295
4062,0.42,3,13,3,594311,11299,97921,10035,0.10466301085627477,0.47037592575232023
4063,0.4201,11,13,11,594324,11286,97932,10024,0.10454259142613657,0.47038948850305023
4064,0.4202,13,12,13,594336,11274,97945,10011,0.10443143502908592,0.47033121916842846
4065,0.4203,7,15,7,594351,11259,97952,10004,0.1042924895327726,0.4704886422423929
4066,0.4204,5,9,5,594360,11250,97957,9999,0.10420912223498463,0.470563320626853
4067,0.4205,9,10,9,594370,11240,97966,9990,0.10411649190410908,0.4705605275553462
4068,0.4206,5,9,5,594379,11231,97971,9985,0.1040331246063211,0.47063536953242835
4069,0.4207,4,15,4,594394,11216,97975,9981,0.10389417911000778,0.47086851913006555
4070,0.4208,9,13,9,594407,11203,97984,9972,0.10377375967986957,0.4709327036599764
4071,0.4209,5,15,5,594422,11188,97989,9967,0.10363481418355626,0.4711415740959584
4072,0.421,7,7,7,594429,11181,97996,9960,0.10356997295194338,0.4711224634596282
4073,0.4211,9,10,9,594439,11171,98005,9951,0.10347734262106784,0.4711201590758451
4074,0.4212,10,9,10,594448,11162,98015,9941,0.10339397532327986,0.47107046391508317
4075,0.4213,12,18,12,594466,11144,98027,9929,0.10322724072770388,0.4711716414369098
4076,0.4214,3,9,3,594475,11135,98030,9926,0.10314387342991589,0.4712976591804758
4077,0.4215,5,15,5,594490,11120,98035,9921,0.10300492793360258,0.47150800817451644
4078,0.4216,5,4,5,594494,11116,98040,9916,0.10296787580125236,0.47147204260174974
4079,0.4217,10,14,10,594508,11102,98050,9906,0.1028381933380266,0.4715346534653465
4080,0.4218,8,7,8,594515,11095,98058,9898,0.10277335210641372,0.47149049683227745
4081,0.4219,7,15,7,594530,11080,98065,9891,0.10263440661010041,0.4716513280244147
4082,0.422,4,11,4,594541,11069,98069,9887,0.10253251324613731,0.47179805306356176
4083,0.4221,7,11,7,594552,11058,98076,9880,0.10243061988217422,0.47186932849364793
4084,0.4222,9,8,9,594560,11050,98085,9871,0.10235651561747379,0.4718225706228192
4085,0.4223,10,10,10,594570,11040,98095,9861,0.10226388528659824,0.4717956078656524
4086,0.4224,7,15,7,594585,11025,98102,9854,0.10212493979028493,0.4719574692274534
4087,0.4225,1,12,1,594597,11013,98103,9853,0.10201378339323428,0.47220358477906643
4088,0.4226,12,9,12,594606,11004,98115,9841,0.1019304160954463,0.47210362197169586
4089,0.4227,9,6,9,594612,10998,98124,9832,0.10187483789692096,0.472011521843495
4090,0.4228,10,10,10,594622,10988,98134,9822,0.10178220756604543,0.4719846227775108
4091,0.4229,10,15,10,594637,10973,98144,9812,0.10164326206973211,0.47207120519605483
4092,0.423,11,16,11,594653,10957,98155,9801,0.10149505354033124,0.47215531361402835
4093,0.4231,11,6,11,594659,10951,98166,9790,0.10143947534180592,0.4720119569933947
4094,0.4232,7,5,7,594664,10946,98173,9783,0.10139316017636815,0.47194751314583433
4095,0.4233,9,12,9,594676,10934,98182,9774,0.1012820037793175,0.4719915008692293
4096,0.4234,6,15,6,594691,10919,98188,9768,0.10114305828300418,0.4721805965098854
4097,0.4235,10,15,10,594706,10904,98198,9758,0.10100411278669087,0.4722679314683961
4098,0.4236,11,7,11,594713,10897,98209,9747,0.100939271555078,0.4721468707614803
4099,0.4237,7,13,7,594726,10884,98216,9740,0.1008188521249398,0.47226532195500387
4100,0.4238,10,10,10,594736,10874,98226,9730,0.10072622179406425,0.4722384003106193
4101,0.4239,6,12,6,594748,10862,98232,9724,0.10061506539701359,0.4723598562129603
4102,0.424,6,13,6,594761,10849,98238,9718,0.10049464596687539,0.4725044974959887
4103,0.4241,4,13,4,594774,10836,98242,9714,0.1003742265367372,0.4727007299270073
4104,0.4242,9,5,9,594779,10831,98251,9705,0.10032791137129941,0.4725847292559408
4105,0.4243,10,8,10,594787,10823,98261,9695,0.10025380710659898,0.47251194073496444
4106,0.4244,18,11,18,594798,10812,98279,9677,0.10015191374263589,0.47230221094245695
4107,0.4245,13,17,13,594815,10795,98292,9664,0.09999444218014747,0.47235935285204556
4108,0.4246,2,6,2,594821,10789,98294,9662,0.09993886398162215,0.4724463351425358
4109,0.4247,10,12,10,594833,10777,98304,9652,0.09982770758457149,0.4724656126095257
4110,0.4248,8,11,8,594844,10766,98312,9644,0.0997258142206084,0.47251347378735914
4111,0.4249,6,11,6,594855,10755,98318,9638,0.0996239208566453,0.4726131515716177
4112,0.425,6,22,6,594877,10733,98324,9632,0.09942013412871911,0.4729683280137491
4113,0.4251,8,9,8,594886,10724,98332,9624,0.09933676683093112,0.4729703164930214
4114,0.4252,4,11,4,594897,10713,98336,9620,0.09923487346696802,0.47312251020508533
4115,0.4253,6,10,6,594907,10703,98342,9614,0.09914224313609248,0.4731997834325934
4116,0.4254,7,10,7,594917,10693,98349,9607,0.09904961280521694,0.4732512315270936
4117,0.4255,11,7,11,594924,10686,98360,9596,0.09898477157360407,0.47312888275318016
4118,0.4256,10,16,10,594940,10670,98370,9586,0.0988365630442032,0.4732424960505529
4119,0.4257,9,15,9,594955,10655,98379,9577,0.09869761754788989,0.4733590351917754
4120,0.4258,14,11,14,594966,10644,98393,9563,0.09859572418392679,0.47325184342059684
4121,0.4259,6,10,6,594976,10634,98399,9557,0.09850309385305124,0.4733297013520876
4122,0.426,11,12,11,594988,10622,98410,9546,0.0983919374560006,0.4733240777469258
4123,0.4261,7,13,7,595001,10609,98417,9539,0.09827151802586238,0.4734464959301171
4124,0.4262,11,14,11,595015,10595,98428,9528,0.09814183556263663,0.47348804850171444
4125,0.4263,9,12,9,595027,10583,98437,9519,0.09803067916558598,0.4735349716446125
4126,0.4264,7,12,7,595039,10571,98444,9512,0.09791952276853533,0.4736344171687497
4127,0.4265,7,10,7,595049,10561,98451,9505,0.09782689243765978,0.47368683344961626
4128,0.4266,6,13,6,595062,10548,98457,9499,0.09770647300752158,0.4738364842619843
4129,0.4267,7,18,7,595080,10530,98464,9492,0.0975397384119456,0.4740785136350015
4130,0.4268,7,11,7,595091,10519,98471,9485,0.09743784504798252,0.47415516896620674
4131,0.4269,7,9,7,595100,10510,98478,9478,0.09735447775019453,0.47418451070642387
4132,0.427,9,12,9,595112,10498,98487,9469,0.09724332135314387,0.47423248359793657
4133,0.4271,6,6,6,595118,10492,98493,9463,0.09718774315461855,0.4742169882235029
4134,0.4272,6,13,6,595131,10479,98499,9457,0.09706732372448035,0.4743679775280899
4135,0.4273,3,14,3,595145,10465,98502,9454,0.09693764126125458,0.4746222199909634
4136,0.4274,6,13,6,595158,10452,98508,9448,0.09681722183111638,0.47477386934673366
4137,0.4275,6,10,6,595168,10442,98514,9442,0.09672459150024083,0.4748541540937437
4138,0.4276,7,10,7,595178,10432,98521,9435,0.0966319611693653,0.4749081391251825
4139,0.4277,7,12,7,595190,10420,98528,9428,0.09652080477231464,0.4750100765820234
4140,0.4278,9,9,9,595199,10411,98537,9419,0.09643743747452665,0.4749873928391326
4141,0.4279,11,9,11,595208,10402,98548,9408,0.09635407017673867,0.47491166077738517
4142,0.428,4,12,4,595220,10390,98552,9404,0.09624291377968802,0.47509346266545416
4143,0.4281,7,12,7,595232,10378,98559,9397,0.09613175738263736,0.4751959544879899
4144,0.4282,5,7,5,595239,10371,98564,9392,0.09606691615102449,0.4752314931943531
4145,0.4283,4,7,4,595246,10364,98568,9388,0.09600207491941161,0.4752936411502633
4146,0.4284,14,9,14,595255,10355,98582,9374,0.09591870762162362,0.47513812154696133
4147,0.4285,8,7,8,595262,10348,98590,9366,0.09585386639001074,0.47509384193973825
4148,0.4286,2,6,2,595268,10342,98592,9364,0.09579828819148542,0.4751852227747894
4149,0.4287,3,10,3,595278,10332,98595,9361,0.09570565786060987,0.4753465698471538
4150,0.4288,8,10,8,595288,10322,98603,9353,0.09561302752973434,0.4753748411689962
4151,0.4289,6,8,6,595296,10314,98609,9347,0.09553892326503391,0.47540816845531764
4152,0.429,7,12,7,595308,10302,98616,9340,0.09542776686798325,0.47551165869056106
4153,0.4291,3,11,3,595319,10291,98619,9337,0.09532587350402015,0.47569798247401673
4154,0.4292,9,12,9,595331,10279,98628,9328,0.09521471710696951,0.4757484571836589
4155,0.4293,9,10,9,595341,10269,98637,9319,0.09512208677609396,0.47575045946497857
4156,0.4294,11,13,11,595354,10256,98648,9308,0.09500166734595576,0.4757718258024944
4157,0.4295,6,14,6,595368,10242,98654,9302,0.09487198488273,0.47595169873106835
4158,0.4296,6,12,6,595380,10230,98660,9296,0.09476082848567935,0.47608317115640686
4159,0.4297,11,13,11,595393,10217,98671,9285,0.09464040905554115,0.47610501487026974
4160,0.4298,4,6,4,595399,10211,98675,9281,0.09458483085701583,0.4761440591011697
4161,0.4299,8,14,8,595413,10197,98683,9273,0.09445514839379006,0.47627118644067795
4162,0.43,11,5,11,595418,10192,98694,9262,0.09440883322835229,0.4760974606764676
4163,0.4301,8,13,8,595431,10179,98702,9254,0.0942884137982141,0.47620027787783664
4164,0.4302,1,10,1,595441,10169,98703,9253,0.09419578346733855,0.47641849449078366
4165,0.4303,8,9,8,595450,10160,98711,9245,0.09411241616955056,0.4764236021643906
4166,0.4304,5,9,5,595459,10151,98716,9240,0.09402904887176257,0.47650972100458977
4167,0.4305,9,9,9,595468,10142,98725,9231,0.09394568157397458,0.47648789552469933
4168,0.4306,15,12,15,595480,10130,98740,9216,0.09383452517692394,0.47637754574589064
4169,0.4307,8,12,8,595492,10118,98748,9208,0.09372336877987328,0.47645658698126875
4170,0.4308,8,10,8,595502,10108,98756,9200,0.09363073844899773,0.47648643049513156
4171,0.4309,6,10,6,595512,10098,98762,9194,0.0935381081181222,0.47657059921210865
4172,0.431,14,16,14,595528,10082,98776,9180,0.09338989958872133,0.4765860242965424
4173,0.4311,12,8,12,595536,10074,98788,9168,0.0933157953240209,0.4764577486747739
4174,0.4312,9,12,9,595548,10062,98797,9159,0.09320463892697024,0.47651006711409394
4175,0.4313,9,9,9,595557,10053,98806,9150,0.09312127162918225,0.476488048742384
4176,0.4314,6,10,6,595567,10043,98812,9144,0.09302864129830672,0.4765726794183562
4177,0.4315,7,11,7,595578,10032,98819,9137,0.09292674793434362,0.4766550159111065
4178,0.4316,4,12,4,595590,10020,98823,9133,0.09281559153729298,0.4768443585861223
4179,0.4317,10,8,10,595598,10012,98833,9123,0.09274148727259254,0.47677031617454924
4180,0.4318,12,8,12,595606,10004,98845,9111,0.09266738300789211,0.47664138111430815
4181,0.4319,5,13,5,595619,9991,98850,9106,0.0925469635777539,0.47682882128082943
4182,0.432,8,5,8,595624,9986,98858,9098,0.09250064841231613,0.47673443722490044
4183,0.4321,11,7,11,595631,9979,98869,9087,0.09243580718070325,0.4766075736913878
4184,0.4322,12,10,12,595641,9969,98881,9075,0.09234317684982771,0.4765280403276623
4185,0.4323,8,7,8,595648,9962,98889,9067,0.09227833561821483,0.47648326238898525
4186,0.4324,10,14,10,595662,9948,98899,9057,0.09214865315498907,0.4765588003157064
4187,0.4325,11,11,11,595673,9937,98910,9046,0.09204675979102597,0.4765316335668756
4188,0.4326,7,6,7,595679,9931,98917,9039,0.09199118159250065,0.4764891934633632
4189,0.4327,5,10,5,595689,9921,98922,9034,0.0918985512616251,0.47660247955684515
4190,0.4328,5,13,5,595702,9908,98927,9029,0.0917781318314869,0.47679146644135817
4191,0.4329,6,10,6,595712,9898,98933,9023,0.09168550150061136,0.47687754347021827
4192,0.433,6,11,6,595723,9887,98939,9017,0.09158360813664826,0.476988997037664
4193,0.4331,10,8,10,595731,9879,98949,9007,0.09150950387194783,0.476914116276607
4194,0.4332,9,15,9,595746,9864,98958,8998,0.09137055837563451,0.4770437917506097
4195,0.4333,7,8,7,595754,9856,98965,8991,0.09129645411093408,0.4770520507242532
4196,0.4334,5,9,5,595763,9847,98970,8986,0.09121308681314609,0.4771411883396166
4197,0.4335,11,12,11,595775,9835,98981,8975,0.09110193041609545,0.4771398192450824
4198,0.4336,11,9,11,595784,9826,98992,8964,0.09101856311830746,0.4770622671633848
4199,0.4337,7,8,7,595792,9818,98999,8957,0.09094445885360702,0.4770705725699068
4200,0.4338,11,13,11,595805,9805,99010,8946,0.09082403942346882,0.477094554957069
4201,0.4339,4,13,4,595818,9792,99014,8942,0.09070361999333061,0.47731397459165154
4202,0.434,11,10,11,595828,9782,99025,8931,0.09061098966245508,0.477261796611981
4203,0.4341,5,12,5,595840,9770,99030,8926,0.09049983326540442,0.4774283269148481
4204,0.4342,7,8,7,595848,9762,99037,8919,0.09042572900070399,0.477436968042396
4205,0.4343,5,12,5,595860,9750,99042,8914,0.09031457260365335,0.4776039434204886
4206,0.4344,6,11,6,595871,9739,99048,8908,0.09021267923969024,0.47771759532364455
4207,0.4345,4,10,4,595881,9729,99052,8904,0.0901200489088147,0.4778618579938818
4208,0.4346,7,8,7,595889,9721,99059,8897,0.09004594464411426,0.4778708776452895
4209,0.4347,9,9,9,595898,9712,99068,8888,0.08996257734632628,0.4778494623655914
4210,0.4348,12,5,12,595903,9707,99080,8876,0.08991626218088851,0.47764085454447613
4211,0.4349,3,13,3,595916,9694,99083,8873,0.08979584275075031,0.4778908816717833
4212,0.435,12,9,12,595925,9685,99095,8861,0.08971247545296232,0.4777849671088105
4213,0.4351,13,6,13,595931,9679,99108,8848,0.089656897254437,0.4775732714416797
4214,0.4352,6,12,6,595943,9667,99114,8842,0.08954574085738634,0.47771354476200767
4215,0.4353,10,8,10,595951,9659,99124,8832,0.08947163659268591,0.47763776972581257
4216,0.4354,8,9,8,595960,9650,99132,8824,0.08938826929489792,0.47764425679333117
4217,0.4355,8,11,8,595971,9639,99140,8816,0.08928637593093483,0.4777025196423733
4218,0.4356,7,7,7,595978,9632,99147,8809,0.08922153469932195,0.47768559188764165
4219,0.4357,11,12,11,595990,9620,99158,8798,0.0891103783022713,0.4776848734933217
4220,0.4358,6,12,6,596002,9608,99164,8792,0.08899922190522065,0.47782608695652173
4221,0.4359,5,14,5,596016,9594,99169,8787,0.08886953944199488,0.4780479843316468
4222,0.436,4,10,4,596026,9584,99173,8783,0.08877690911111935,0.4781945881199978
4223,0.4361,11,8,11,596034,9576,99184,8772,0.08870280484641892,0.4780902550686723
4224,0.4362,7,10,7,596044,9566,99191,8765,0.08861017451554337,0.47815176477006166
4225,0.4363,2,5,2,596049,9561,99193,8763,0.08856385935010559,0.47822527832351014
4226,0.4364,10,6,10,596055,9555,99203,8753,0.08850828115158027,0.47809700677299544
4227,0.4365,4,9,4,596064,9546,99207,8749,0.08842491385379228,0.4782180923749658
4228,0.4366,4,8,4,596072,9538,99211,8745,0.08835080958909185,0.4783131871137122
4229,0.4367,4,8,4,596080,9530,99215,8741,0.08827670532439141,0.47840840676481855
4230,0.4368,10,13,10,596093,9517,99225,8731,0.08815628589425321,0.4784633932485752
4231,0.4369,4,10,4,596103,9507,99229,8727,0.08806365556337767,0.4786113853241198
4232,0.437,8,8,8,596111,9499,99237,8719,0.08798955129867723,0.4785926007245581
4233,0.4371,5,10,5,596121,9489,99242,8714,0.0878969209678017,0.4787123001703016
4234,0.4372,7,8,7,596129,9481,99249,8707,0.08782281670310127,0.47872223444029033
4235,0.4373,7,12,7,596141,9469,99256,8700,0.08771166030605061,0.47883758049424846
4236,0.4374,8,15,8,596156,9454,99264,8692,0.0875727148097373,0.4790036371652155
4237,0.4375,3,6,3,596162,9448,99267,8689,0.08751713661121198,0.4790759221480951
4238,0.4376,7,11,7,596173,9437,99274,8682,0.08741524324724888,0.4791655168607539
4239,0.4377,10,8,10,596181,9429,99284,8672,0.08734113898254844,0.47908955306336665
4240,0.4378,7,5,7,596186,9424,99291,8665,0.08729482381711068,0.4790203991375974
4241,0.4379,7,18,7,596204,9406,99298,8658,0.0871280892215347,0.479295837023915
4242,0.438,5,14,5,596218,9392,99303,8653,0.08699840675830894,0.4795234136880022
4243,0.4381,5,5,5,596223,9387,99308,8648,0.08695209159287116,0.47951205988355977
4244,0.4382,12,9,12,596232,9378,99320,8636,0.08686872429508319,0.4794049072943266
4245,0.4383,7,12,7,596244,9366,99327,8629,0.08675756789803253,0.47952208946929703
4246,0.4384,7,12,7,596256,9354,99334,8622,0.08664641150098189,0.4796395193591455
4247,0.4385,7,11,7,596267,9343,99341,8615,0.08654451813701879,0.4797304822363292
4248,0.4386,5,11,5,596278,9332,99346,8610,0.08644262477305568,0.47987961208337976
4249,0.4387,12,12,12,596290,9320,99358,8598,0.08633146837600504,0.4798526621274696
4250,0.4388,7,15,7,596305,9305,99365,8591,0.08619252287969173,0.4800514081358963
4251,0.4389,10,15,10,596320,9290,99375,8581,0.08605357738337842,0.48016339320687146
4252,0.439,13,6,13,596326,9284,99388,8568,0.08599799918485308,0.47994622451265967
4253,0.4391,10,9,10,596335,9275,99398,8558,0.08591463188706511,0.47989682050131777
4254,0.4392,13,5,13,596340,9270,99411,8545,0.08586831672162733,0.4796519786696604
4255,0.4393,7,7,7,596347,9263,99418,8538,0.08580347549001445,0.479635975506994
4256,0.4394,8,7,8,596354,9256,99426,8530,0.08573863425840157,0.47959068930619586
4257,0.4395,10,11,10,596365,9245,99436,8520,0.08563674089443847,0.47959470869687587
4258,0.4396,7,11,7,596376,9234,99443,8513,0.08553484753047538,0.4796867076125542
4259,0.4397,9,9,9,596385,9225,99452,8504,0.0854514802326874,0.4796660838174742
4260,0.4398,7,11,7,596396,9214,99459,8497,0.08534958686872429,0.47975834227316355
4261,0.4399,7,9,7,596405,9205,99466,8490,0.0852662195709363,0.4797965526985024
4262,0.44,6,10,6,596415,9195,99472,8484,0.08517358924006077,0.4798913965722043
4263,0.4401,9,9,9,596424,9186,99481,8475,0.08509022194227278,0.47987090198742993
4264,0.4402,4,5,4,596429,9181,99485,8471,0.085043906776835,0.4798889644232948
4265,0.4403,3,9,3,596438,9172,99488,8468,0.08496053947904703,0.4800453514739229
4266,0.4404,10,7,10,596445,9165,99498,8458,0.08489569824743413,0.4799409862112013
4267,0.4405,6,12,6,596457,9153,99504,8452,0.08478454185038349,0.4800908832717978
4268,0.4406,10,9,10,596466,9144,99514,8442,0.0847011745525955,0.48004094165813715
4269,0.4407,5,11,5,596477,9133,99519,8437,0.0845992811886324,0.48019351166761526
4270,0.4408,5,7,5,596484,9126,99524,8432,0.08453443995701952,0.48023692903519766
4271,0.4409,11,8,11,596492,9118,99535,8421,0.08446033569231909,0.48012999600889444
4272,0.441,7,15,7,596507,9103,99542,8414,0.08432139019600578,0.48033339042073414
4273,0.4411,4,6,4,596513,9097,99546,8410,0.08426581199748046,0.4803792768606843
4274,0.4412,5,14,5,596527,9083,99551,8405,0.0841361295342547,0.4806152790484904
4275,0.4413,7,20,7,596547,9063,99558,8398,0.08395086887250361,0.4809575625680087
4276,0.4414,11,9,11,596556,9054,99569,8387,0.08386750157471562,0.48087839000057336
4277,0.4415,5,9,5,596565,9045,99574,8382,0.08378413427692764,0.4809777930797039
4278,0.4416,8,8,8,596573,9037,99582,8374,0.08371003001222721,0.4809603124461547
4279,0.4417,5,12,5,596585,9025,99587,8369,0.08359887361517655,0.4811429228469587
4280,0.4418,8,14,8,596599,9011,99595,8361,0.0834691911519508,0.48129173382454526
4281,0.4419,10,9,10,596608,9002,99605,8351,0.08338582385416281,0.48124243646631704
4282,0.442,9,12,9,596620,8990,99614,8342,0.08327466745711215,0.48130625432725593
4283,0.4421,5,6,5,596626,8984,99619,8337,0.08321908925858683,0.4813232492350326
4284,0.4422,4,5,4,596631,8979,99623,8333,0.08317277409314906,0.48134242144177447
4285,0.4423,7,5,7,596636,8974,99630,8326,0.08312645892771128,0.48127167630057804
4286,0.4424,7,10,7,596646,8964,99637,8319,0.08303382859683575,0.48134004513105366
4287,0.4425,3,9,3,596655,8955,99640,8316,0.08295046129904776,0.4815007816571131
4288,0.4426,5,7,5,596662,8948,99645,8311,0.08288562006743488,0.4815458601309462
4289,0.4427,4,6,4,596668,8942,99649,8307,0.08283004186890956,0.4815931358339614
4290,0.4428,5,8,5,596676,8934,99654,8302,0.08275593760420913,0.48166627987932237
4291,0.4429,11,5,11,596681,8929,99665,8291,0.08270962243877135,0.48147502903600464
4292,0.443,6,9,6,596690,8920,99671,8285,0.08262625514098336,0.4815460621912235
4293,0.4431,5,11,5,596701,8909,99676,8280,0.08252436177702027,0.4817034149746931
4294,0.4432,6,9,6,596710,8900,99682,8274,0.08244099447923228,0.48177477582391987
4295,0.4433,7,7,7,596717,8893,99689,8267,0.0823761532476194,0.48175990675990676
4296,0.4434,7,17,7,596734,8876,99696,8260,0.08221868168513098,0.4820261437908497
4297,0.4435,6,4,6,596738,8872,99702,8254,0.08218162955278076,0.4819572579703375
4298,0.4436,7,5,7,596743,8867,99709,8247,0.08213531438734299,0.4818861750613533
4299,0.4437,14,13,14,596756,8854,99723,8233,0.08201489495720479,0.4818282905132557
4300,0.4438,9,8,9,596764,8846,99732,8224,0.08194079069250436,0.4817809021675454
4301,0.4439,6,10,6,596774,8836,99738,8218,0.08184816036162881,0.4818810836167468
4302,0.444,4,8,4,596782,8828,99742,8214,0.08177405609692838,0.4819856824316395
4303,0.4441,5,14,5,596796,8814,99747,8209,0.08164437363370262,0.4822299242201727
4304,0.4442,4,14,4,596810,8800,99751,8205,0.08151469117047686,0.48250514554542784
4305,0.4443,6,8,6,596818,8792,99757,8199,0.08144058690577642,0.48254958507445117
4306,0.4444,10,9,10,596827,8783,99767,8189,0.08135721960798845,0.4825005892057507
4307,0.4445,5,9,5,596836,8774,99772,8184,0.08127385231020046,0.4826040806698903
4308,0.4446,7,17,7,596853,8757,99779,8177,0.08111638074771203,0.4828746899728357
4309,0.4447,7,12,7,596865,8745,99786,8170,0.08100522435066138,0.483003251551877
4310,0.4448,8,12,8,596877,8733,99794,8162,0.08089406795361073,0.4831015093222847
4311,0.4449,7,10,7,596887,8723,99801,8155,0.08080143762273519,0.4831733617727219
4312,0.445,6,14,6,596901,8709,99807,8149,0.08067175515950943,0.48339067505042116
4313,0.4451,9,11,9,596912,8698,99816,8140,0.08056986179554633,0.4834303361444352
4314,0.4452,5,13,5,596925,8685,99821,8135,0.08044944236540813,0.48365041617122473
4315,0.4453,12,6,12,596931,8679,99833,8123,0.08039386416688281,0.483454350672539
4316,0.4454,8,4,8,596935,8675,99841,8115,0.08035681203453258,0.4833234067897558
4317,0.4455,12,9,12,596944,8666,99853,8103,0.0802734447367446,0.48321307173951933
4318,0.4456,6,6,6,596950,8660,99859,8097,0.08021786653821927,0.48320105030733423
4319,0.4457,6,9,6,596959,8651,99865,8091,0.08013449924043128,0.48327559431370204
4320,0.4458,8,11,8,596970,8640,99873,8083,0.0800326058764682,0.4833462895413502
4321,0.4459,3,3,3,596973,8637,99876,8080,0.08000481677720553,0.48334031225698393
4322,0.446,9,9,9,596982,8628,99885,8071,0.07992144947941754,0.4833223546320139
4323,0.4461,5,11,5,596993,8617,99890,8066,0.07981955611545444,0.4834861835401307
4324,0.4462,4,19,4,597012,8598,99894,8062,0.07964355848679092,0.4839135654261705
4325,0.4463,5,11,5,597023,8587,99899,8057,0.07954166512282781,0.48407834655130977
4326,0.4464,7,9,7,597032,8578,99906,8050,0.07945829782503983,0.4841231657445273
4327,0.4465,4,6,4,597038,8572,99910,8046,0.0794027196265145,0.4841737874593814
4328,0.4466,9,10,9,597048,8562,99919,8037,0.07931008929563896,0.48418579432495934
4329,0.4467,5,10,5,597058,8552,99924,8032,0.07921745896476343,0.4843222383019778
4330,0.4468,9,11,9,597069,8541,99933,8023,0.07911556560080032,0.48436368027046606
4331,0.4469,4,13,4,597082,8528,99937,8019,0.07899514617066213,0.48461956850184323
4332,0.447,6,9,6,597091,8519,99943,8013,0.07891177887287414,0.4846963464795548
4333,0.4471,6,6,6,597097,8513,99949,8007,0.07885620067434881,0.4846852300242131
4334,0.4472,6,9,6,597106,8504,99955,8001,0.07877283337656082,0.4847621932747652
4335,0.4473,5,10,5,597116,8494,99960,7996,0.07868020304568528,0.48489993935718617
4336,0.4474,7,12,7,597128,8482,99967,7989,0.07856904664863464,0.4850343027138607
4337,0.4475,8,7,8,597135,8475,99975,7981,0.07850420541702174,0.4849902771025766
4338,0.4476,3,15,3,597150,8460,99978,7978,0.07836525992070843,0.4853388490083952
4339,0.4477,4,11,4,597161,8449,99982,7974,0.07826336655674535,0.48553857395116606
4340,0.4478,10,7,10,597168,8442,99992,7964,0.07819852532513247,0.4854321589662319
4341,0.4479,6,6,6,597174,8436,99998,7958,0.07814294712660713,0.4854214956691473
4342,0.448,6,5,6,597179,8431,100004,7952,0.07809663196116937,0.4853811878166392
4343,0.4481,5,12,5,597191,8419,100009,7947,0.07798547556411871,0.4855798606867897
4344,0.4482,4,15,4,597206,8404,100013,7943,0.0778465300678054,0.485899553434881
4345,0.4483,6,9,6,597215,8395,100019,7937,0.07776316277001741,0.48597844722018124
4346,0.4484,8,11,8,597226,8384,100027,7929,0.07766126940605432,0.4860540673082817
4347,0.4485,5,9,5,597235,8375,100032,7924,0.07757790210826633,0.48616479538622004
4348,0.4486,9,7,9,597242,8368,100041,7915,0.07751306087665345,0.48608978689430693
4349,0.4487,7,9,7,597251,8359,100048,7908,0.07742969357886546,0.4861375791479683
4350,0.4488,10,7,10,597258,8352,100058,7898,0.07736485234725259,0.4860307692307692
4351,0.4489,9,6,9,597264,8346,100067,7889,0.07730927414872726,0.4859254696643055
4352,0.449,5,10,5,597274,8336,100072,7884,0.07721664381785172,0.48606658446362516
4353,0.4491,8,11,8,597285,8325,100080,7876,0.07711475045388862,0.4861428306894636
4354,0.4492,6,10,6,597295,8315,100086,7870,0.07702212012301309,0.486252703120173
4355,0.4493,5,10,5,597305,8305,100091,7865,0.07692948979213754,0.48639455782312924
4356,0.4494,9,9,9,597314,8296,100100,7856,0.07684612249434955,0.48637939574046557
4357,0.4495,8,9,8,597323,8287,100108,7848,0.07676275519656156,0.486396033467617
4358,0.4496,4,8,4,597331,8279,100112,7844,0.07668865093186113,0.4865099547230664
4359,0.4497,8,6,8,597337,8273,100120,7836,0.0766330727333358,0.486436153702899
4360,0.4498,9,7,9,597344,8266,100129,7827,0.07656823150172293,0.4863605294227304
4361,0.4499,6,8,6,597352,8258,100135,7821,0.0764941272370225,0.4864108464456745
4362,0.45,2,11,2,597363,8247,100137,7819,0.07639223387305939,0.486679945225943
4363,0.4501,5,9,5,597372,8238,100142,7814,0.0763088665752714,0.4867929230002492
4364,0.4502,9,13,9,597385,8225,100151,7805,0.0761884471451332,0.4868995633187773
4365,0.4503,3,9,3,597394,8216,100154,7802,0.07610507984734521,0.48707703833187665
4366,0.4504,6,8,6,597402,8208,100160,7796,0.07603097558264478,0.48712821794551364
4367,0.4505,5,6,5,597408,8202,100165,7791,0.07597539738411946,0.48715062839992496
4368,0.4506,12,4,12,597412,8198,100177,7779,0.07593834525176923,0.48688740063841773
4369,0.4507,5,12,5,597424,8186,100182,7774,0.07582718885471859,0.4870927318295739
4370,0.4508,7,9,7,597433,8177,100189,7767,0.0757438215569306,0.4871424987456096
4371,0.4509,10,13,10,597446,8164,100199,7757,0.0756234021267924,0.4872181395640977
4372,0.451,7,7,7,597453,8157,100206,7750,0.07555856089517951,0.48720689004840634
4373,0.4511,10,10,10,597463,8147,100216,7740,0.07546593056430398,0.48719078491848683
4374,0.4512,9,12,9,597475,8135,100225,7731,0.07535477416725332,0.48726837262069833
4375,0.4513,8,7,8,597482,8128,100233,7723,0.07528993293564044,0.4872247807709293
4376,0.4514,8,14,8,597496,8114,100241,7715,0.07516025047241469,0.4873965506349106
4377,0.4515,5,14,5,597510,8100,100246,7710,0.07503056800918893,0.4876660341555977
4378,0.4516,8,10,8,597520,8090,100254,7702,0.07493793767831339,0.48771529888551163
4379,0.4517,11,12,11,597532,8078,100265,7691,0.07482678128126273,0.4877290887183715
4380,0.4518,8,4,8,597536,8074,100273,7683,0.07478972914891252,0.4875928158913499
4381,0.4519,7,12,7,597548,8062,100280,7676,0.07467857275186186,0.48773668827042826
4382,0.452,6,7,6,597555,8055,100286,7670,0.07461373152024899,0.487758346581876
4383,0.4521,3,2,3,597557,8053,100289,7667,0.07459520545407389,0.48772264631043255
4384,0.4522,4,11,4,597568,8042,100293,7663,0.07449331209011079,0.48793377905125757
4385,0.4523,7,11,7,597579,8031,100300,7656,0.07439141872614768,0.48804742780646393
4386,0.4524,12,12,12,597591,8019,100312,7644,0.07428026232909704,0.4880291131967056
4387,0.4525,7,8,7,597599,8011,100319,7637,0.07420615806439661,0.488049591002045
4388,0.4526,9,12,9,597611,7999,100328,7628,0.07409500166734595,0.48812951942151406
4389,0.4527,6,7,6,597618,7992,100334,7622,0.07403016043573307,0.4881516587677725
4390,0.4528,4,6,4,597624,7986,100338,7618,0.07397458223720775,0.48820815175596
4391,0.4529,7,6,7,597630,7980,100345,7611,0.07391900403868243,0.48816624975947664
4392,0.453,4,9,4,597639,7971,100349,7607,0.07383563674089444,0.4883168571061754
4393,0.4531,8,13,8,597652,7958,100357,7599,0.07371521731075624,0.48846178569132864
4394,0.4532,6,8,6,597660,7950,100363,7593,0.0736411130460558,0.4885157305539471
4395,0.4533,8,4,8,597664,7946,100371,7585,0.07360406091370558,0.48837808254458825
4396,0.4534,12,15,12,597679,7931,100383,7573,0.07346511541739227,0.4884545923632611
4397,0.4535,4,8,4,597687,7923,100387,7569,0.07339101115269184,0.488574748257165
4398,0.4536,7,6,7,597693,7917,100394,7562,0.07333543295416652,0.4885328509593643
4399,0.4537,6,8,6,597701,7909,100400,7556,0.07326132868946608,0.48858713223407696
4400,0.4538,8,10,8,597711,7899,100408,7548,0.07316869835859054,0.4886385705962323
4401,0.4539,10,6,10,597717,7893,100418,7538,0.07311312016006521,0.48849718099928713
4402,0.454,4,8,4,597725,7885,100422,7534,0.07303901589536478,0.48861793890654387
4403,0.4541,15,4,15,597729,7881,100437,7519,0.07300196376301456,0.48824675324675326
4404,0.4542,8,5,8,597734,7876,100445,7511,0.07295564859757679,0.4881393384025476
4405,0.4543,4,7,4,597741,7869,100449,7507,0.07289080736596391,0.4882284079084287
4406,0.4544,6,6,6,597747,7863,100455,7501,0.07283522916743859,0.4882192137464202
4407,0.4545,7,10,7,597757,7853,100462,7494,0.07274259883656305,0.48830390304293997
4408,0.4546,7,5,7,597762,7848,100469,7487,0.07269628367112527,0.48822954026736226
4409,0.4547,8,8,8,597770,7840,100477,7479,0.07262217940642483,0.48821724655656373
4410,0.4548,10,8,10,597778,7832,100487,7469,0.0725480751417244,0.48813803019410495
4411,0.4549,9,6,9,597784,7826,100496,7460,0.07249249694319908,0.4880282611539971
4412,0.455,8,17,8,597801,7809,100504,7452,0.07233502538071065,0.4883035187733438
4413,0.4551,5,18,5,597819,7791,100509,7447,0.07216829078513469,0.48871242945268406
4414,0.4552,8,14,8,597833,7777,100517,7439,0.07203860832190892,0.4888932702418507
4415,0.4553,8,8,8,597841,7769,100525,7431,0.07196450405720849,0.48888157894736844
4416,0.4554,9,11,9,597852,7758,100534,7422,0.0718626106932454,0.4889328063241107
4417,0.4555,4,12,4,597864,7746,100538,7418,0.07175145429619474,0.4891849116328146
4418,0.4556,8,6,8,597870,7740,100546,7410,0.07169587609766942,0.4891089108910891
4419,0.4557,5,12,5,597882,7728,100551,7405,0.07158471970061878,0.4893279587656116
4420,0.4558,13,7,13,597889,7721,100564,7392,0.07151987846900588,0.4891153311718388
4421,0.4559,14,7,14,597896,7714,100578,7378,0.07145503723739301,0.48886827458256027
4422,0.456,1,6,1,597902,7708,100579,7377,0.07139945903886769,0.4890288365926417
4423,0.4561,9,12,9,597914,7696,100588,7368,0.07128830264181704,0.48911311736590546
4424,0.4562,10,8,10,597922,7688,100598,7358,0.07121419837711661,0.4890336302007178
4425,0.4563,8,5,8,597927,7683,100606,7350,0.07116788321167883,0.48892436639393333
4426,0.4564,3,10,3,597937,7673,100609,7347,0.0710752528808033,0.48914780292942744
4427,0.4565,7,6,7,597943,7667,100616,7340,0.07101967468227796,0.48910508429399613
4428,0.4566,9,8,9,597951,7659,100625,7331,0.07094557041757753,0.48905937291527685
4429,0.4567,10,3,10,597954,7656,100635,7321,0.07091778131831487,0.48881618481671896
4430,0.4568,10,9,10,597963,7647,100645,7311,0.07083441402052688,0.48876855194544727
4431,0.4569,3,9,3,597972,7638,100648,7308,0.0707510467227389,0.4889602569249297
4432,0.457,6,6,6,597978,7632,100654,7302,0.07069546852421357,0.4889513860988349
4433,0.4571,7,12,7,597990,7620,100661,7295,0.07058431212716292,0.4891049279249078
4434,0.4572,3,6,3,597996,7614,100664,7292,0.0705287339286376,0.48919898027639874
4435,0.4573,9,11,9,598007,7603,100673,7283,0.07042684056467449,0.4892516458417305
4436,0.4574,8,17,8,598024,7586,100681,7275,0.07026936900218607,0.4895363703653859
4437,0.4575,6,10,6,598034,7576,100687,7269,0.07017673867131054,0.4896598181205793
4438,0.4576,8,5,8,598039,7571,100695,7261,0.07013042350587276,0.48954962243797195
4439,0.4577,11,8,11,598047,7563,100706,7250,0.07005631924117232,0.4894349557820833
4440,0.4578,6,10,6,598057,7553,100712,7244,0.06996368891029679,0.48955869432993177
4441,0.4579,11,12,11,598069,7541,100723,7233,0.06985253251324613,0.48957628265872477
4442,0.458,3,13,3,598082,7528,100726,7230,0.06973211308310794,0.48990378100013554
4443,0.4581,7,4,7,598086,7524,100733,7223,0.06969506095075771,0.4897945344815895
4444,0.4582,9,5,9,598091,7519,100742,7214,0.06964874578531995,0.4896490870834182
4445,0.4583,9,7,9,598098,7512,100751,7205,0.06958390455370707,0.4895698851668139
4446,0.4584,9,17,9,598115,7495,100760,7196,0.06942643299121865,0.489823701586005
4447,0.4585,7,4,7,598119,7491,100767,7189,0.06938938085886842,0.48971389645776564
4448,0.4586,8,8,8,598127,7483,100775,7181,0.06931527659416799,0.4897026732133115
4449,0.4587,9,9,9,598136,7474,100784,7172,0.06923190929638001,0.4896900177522873
4450,0.4588,7,3,7,598139,7471,100791,7165,0.06920412019711734,0.48954632413227656
4451,0.4589,3,6,3,598145,7465,100794,7162,0.06914854199859202,0.4896424420592056
4452,0.459,10,12,10,598157,7453,100804,7152,0.06903738560154137,0.48969530982540227
4453,0.4591,5,5,5,598162,7448,100809,7147,0.0689910704361036,0.4896882494004796
4454,0.4592,9,8,9,598170,7440,100818,7138,0.06891696617140317,0.48964192619014957
4455,0.4593,7,7,7,598177,7433,100825,7131,0.06885212493979029,0.48963196923922
4456,0.4594,7,11,7,598188,7422,100832,7124,0.06875023157582719,0.4897566341262203
4457,0.4595,4,9,4,598197,7413,100836,7120,0.0686668642780392,0.4899194935663662
4458,0.4596,8,11,8,598208,7402,100844,7112,0.06856497091407611,0.49000964585917045
4459,0.4597,6,4,6,598212,7398,100850,7106,0.06852791878172589,0.4899338113623828
4460,0.4598,8,9,8,598221,7389,100858,7098,0.0684445514839379,0.489956512735556
4461,0.4599,9,12,9,598233,7377,100867,7089,0.06833339508688725,0.4900456242223144
4462,0.46,10,12,10,598245,7365,100877,7079,0.0682222386898366,0.49009969537524234
4463,0.4601,5,5,5,598250,7360,100882,7074,0.06817592352439883,0.49009283635859774
4464,0.4602,9,10,9,598260,7350,100891,7065,0.06808329319352328,0.49011446409989595
4465,0.4603,3,4,3,598264,7346,100894,7062,0.06804624106117307,0.49014436424208774
4466,0.4604,5,10,5,598274,7336,100899,7057,0.06795361073029753,0.49030778850830264
4467,0.4605,10,13,10,598287,7323,100909,7047,0.06783319130015933,0.49039665970772445
4468,0.4606,9,10,9,598297,7313,100918,7038,0.06774056096928378,0.49041878614730683
4469,0.4607,7,10,7,598307,7303,100925,7031,0.06764793063840824,0.4905120692060834
4470,0.4608,5,14,5,598321,7289,100930,7026,0.06751824817518248,0.4908138316451275
4471,0.4609,5,12,5,598333,7277,100935,7021,0.06740709177813183,0.4910476989788782
4472,0.461,6,4,6,598337,7273,100941,7015,0.06737003964578162,0.490971444568869
4473,0.4611,7,13,7,598350,7260,100948,7008,0.06724962021564342,0.4911690496215307
4474,0.4612,8,15,8,598365,7245,100956,7000,0.06711067471933009,0.4914004914004914
4475,0.4613,8,11,8,598376,7234,100964,6992,0.067008781355367,0.49149444678757204
4476,0.4614,7,8,7,598384,7226,100971,6985,0.06693467709066657,0.49152065301526987
4477,0.4615,14,9,14,598393,7217,100985,6971,0.06685130979287858,0.49133070200169154
4478,0.4616,8,6,8,598399,7211,100993,6963,0.06679573159435326,0.49125158741357416
4479,0.4617,8,9,8,598408,7202,101001,6955,0.06671236429656527,0.49127640036730946
4480,0.4618,4,8,4,598416,7194,101005,6951,0.06663826003186483,0.4914103923647932
4481,0.4619,7,4,7,598420,7190,101012,6944,0.06660120789951461,0.4912975803028159
4482,0.462,3,12,3,598432,7178,101015,6941,0.06649005150246397,0.4916070543239606
4483,0.4621,7,8,7,598440,7170,101022,6934,0.06641594723776353,0.4916335791264889
4484,0.4622,7,11,7,598451,7159,101029,6927,0.06631405387380043,0.4917648729234701
4485,0.4623,7,6,7,598457,7153,101036,6920,0.06625847567527511,0.4917217366588503
4486,0.4624,4,6,4,598463,7147,101040,6916,0.06620289747674979,0.4917869586859134
4487,0.4625,7,12,7,598475,7135,101047,6909,0.06609174107969913,0.49195385929934493
4488,0.4626,6,8,6,598483,7127,101053,6903,0.0660176368149987,0.49201710620099787
4489,0.4627,8,9,8,598492,7118,101061,6895,0.06593426951721072,0.49204310283308356
4490,0.4628,7,9,7,598501,7109,101068,6888,0.06585090221942273,0.49210545116810744
4491,0.4629,8,5,8,598506,7104,101076,6880,0.06580458705398495,0.4919908466819222
4492,0.463,6,7,6,598513,7097,101082,6874,0.06573974582237208,0.49201918259251304
4493,0.4631,9,6,9,598519,7091,101091,6865,0.06568416762384675,0.4919031241043279
4494,0.4632,3,12,3,598531,7079,101094,6862,0.0655730112267961,0.4922172010616168
4495,0.4633,7,6,7,598537,7073,101101,6855,0.06551743302827077,0.4921740379092476
4496,0.4634,5,11,5,598548,7062,101106,6850,0.06541553966430769,0.4923806785508913
4497,0.4635,6,5,6,598553,7057,101112,6844,0.06536922449886991,0.4923386806704554
4498,0.4636,10,11,10,598564,7046,101122,6834,0.06526733113490682,0.4923631123919308
4499,0.4637,11,6,11,598570,7040,101133,6823,0.06521175293638148,0.49217341123854863
4500,0.4638,3,3,3,598573,7037,101136,6820,0.06518396383711883,0.49217002237136465
4501,0.4639,3,11,3,598584,7026,101139,6817,0.06508207047315573,0.492451058296612
4502,0.464,5,9,5,598593,7017,101144,6812,0.06499870317536774,0.4925880396268711
4503,0.4641,7,7,7,598600,7010,101151,6805,0.06493386194375486,0.4925805284111473
4504,0.4642,7,9,7,598609,7001,101158,6798,0.06485049464596687,0.4926443945213421
4505,0.4643,10,11,10,598620,6990,101168,6788,0.06474860128200378,0.49266947307301495
4506,0.4644,4,5,4,598625,6985,101172,6784,0.064702286116566,0.4927009949887428
4507,0.4645,5,7,5,598632,6978,101177,6779,0.06463744488495313,0.49276731845605876
4508,0.4646,4,11,4,598643,6967,101181,6775,0.06453555152099004,0.4930141173046136
4509,0.4647,7,11,7,598654,6956,101188,6768,0.06443365815702694,0.4931506849315068
4510,0.4648,4,9,4,598663,6947,101192,6764,0.06435029085923895,0.4933265261468894
4511,0.4649,9,12,9,598675,6935,101201,6755,0.0642391344621883,0.49342585829072316
4512,0.465,3,7,3,598682,6928,101204,6752,0.06417429323057541,0.4935672514619883
4513,0.4651,5,10,5,598692,6918,101209,6747,0.06408166289969988,0.4937431394072448
4514,0.4652,10,5,10,598697,6913,101219,6737,0.0640353477342621,0.49355311355311354
4515,0.4653,11,5,11,598702,6908,101230,6726,0.06398903256882434,0.4933255097550242
4516,0.4654,3,5,3,598707,6903,101233,6723,0.06394271740338657,0.49339498018494055
4517,0.4655,6,15,6,598722,6888,101239,6717,0.06380377190707326,0.493715545755237
4518,0.4656,7,11,7,598733,6877,101246,6710,0.06370187854311016,0.4938544196658571
4519,0.4657,3,9,3,598742,6868,101249,6707,0.06361851124532217,0.4940699815837937
4520,0.4658,5,9,5,598751,6859,101254,6702,0.06353514394753418,0.49421134134650835
4521,0.4659,4,3,4,598754,6856,101258,6698,0.06350735484827152,0.4941714622989523
4522,0.466,5,12,5,598766,6844,101263,6693,0.06339619845122087,0.4944226933589422
4523,0.4661,5,9,5,598775,6835,101268,6688,0.06331283115343288,0.49456481549951936
4524,0.4662,12,2,12,598777,6833,101280,6676,0.06329430508725777,0.49418905914575467
4525,0.4663,10,11,10,598788,6822,101290,6666,0.06319241172329468,0.4942170818505338
4526,0.4664,12,11,12,598799,6811,101302,6654,0.06309051835933158,0.4941700705532863
4527,0.4665,7,5,7,598804,6806,101309,6647,0.06304420319389381,0.4940905374265963
4528,0.4666,6,10,6,598814,6796,101315,6641,0.06295157286301827,0.49423234352906154
4529,0.4667,4,6,4,598820,6790,101319,6637,0.06289599466449294,0.49430252476353614
4530,0.4668,5,6,5,598826,6784,101324,6632,0.06284041646596762,0.49433512224209897
4531,0.4669,6,14,6,598840,6770,101330,6626,0.06271073400274185,0.4946252612720215
4532,0.467,6,13,6,598853,6757,101336,6620,0.06259031457260365,0.4948792703894745
4533,0.4671,7,7,7,598860,6750,101343,6613,0.06252547334099078,0.4948739055601287
4534,0.4672,2,6,2,598866,6744,101345,6611,0.06246989514246545,0.49502059153874955
4535,0.4673,11,1,11,598867,6743,101356,6600,0.0624606321093779,0.494641384995878
4536,0.4674,7,3,7,598870,6740,101363,6593,0.06243284301011523,0.4944873621840546
4537,0.4675,4,9,4,598879,6731,101367,6589,0.06234947571232725,0.4946696696696697
4538,0.4676,7,6,7,598885,6725,101374,6582,0.06229389751380192,0.4946268881040054
4539,0.4677,5,5,5,598890,6720,101379,6577,0.062247582348364146,0.4946228472587802
4540,0.4678,11,4,11,598894,6716,101390,6566,0.06221053021601393,0.4943532600511971
4541,0.4679,0,9,0,598903,6707,101390,6566,0.062127162918225946,0.4946884653055074
4542,0.468,6,13,6,598916,6694,101396,6560,0.06200674348808774,0.4949449222876113
4543,0.4681,9,11,9,598927,6683,101405,6551,0.061904850124124645,0.4950128457004685
4544,0.4682,7,7,7,598934,6676,101412,6544,0.06184000889251176,0.49500756429652043
4545,0.4683,4,11,4,598945,6665,101416,6540,0.061738115528548666,0.49526694433926544
4546,0.4684,5,10,5,598955,6655,101421,6535,0.06164548519767313,0.4954510993176649
4547,0.4685,5,5,5,598960,6650,101426,6530,0.061599170032235355,0.4954476479514416
4548,0.4686,11,11,11,598971,6639,101437,6519,0.06149727666827226,0.49544003647970813
4549,0.4687,4,8,4,598979,6631,101441,6515,0.06142317240357183,0.49558801156245247
4550,0.4688,7,5,7,598984,6626,101448,6508,0.061376857238134054,0.49550784224151057
4551,0.4689,4,11,4,598995,6615,101452,6504,0.06127496387417096,0.4957694946261148
4552,0.469,4,5,4,599000,6610,101456,6500,0.06122864870873319,0.4958047292143402
4553,0.4691,5,9,5,599009,6601,101461,6495,0.0611452814109452,0.4959529627367135
4554,0.4692,5,4,5,599013,6597,101466,6490,0.06110822927859498,0.49591197371437307
4555,0.4693,4,9,4,599022,6588,101470,6486,0.061024861980807,0.4960991280403855
4556,0.4694,11,13,11,599035,6575,101481,6475,0.06090444255066879,0.49616858237547895
4557,0.4695,4,11,4,599046,6564,101485,6471,0.0608025491867057,0.4964326812428078
4558,0.4696,7,6,7,599052,6558,101492,6464,0.06074697098818037,0.4963907233911842
4559,0.4697,7,6,7,599058,6552,101499,6457,0.060691392789655046,0.49634868168191254
4560,0.4698,13,11,13,599069,6541,101512,6444,0.06058949942569195,0.4962649210627647
4561,0.4699,4,14,4,599083,6527,101516,6440,0.06045981696246619,0.49664533045423
4562,0.47,5,2,5,599085,6525,101521,6435,0.060441290896291085,0.4965277777777778
4563,0.4701,6,8,6,599093,6517,101527,6429,0.06036718663159065,0.49660126680055616
4564,0.4702,7,5,7,599098,6512,101534,6422,0.06032087146615288,0.49652079789701564
4565,0.4703,8,9,8,599107,6503,101542,6414,0.06023750416836489,0.4965549276147712
4566,0.4704,6,3,6,599110,6500,101548,6408,0.06020971506910223,0.496436318562132
4567,0.4705,6,5,6,599115,6495,101554,6402,0.060163399903664455,0.4963945103512445
4568,0.4706,8,10,8,599125,6485,101562,6394,0.06007076957278892,0.4964671170121904
4569,0.4707,8,11,8,599136,6474,101570,6386,0.059968876208825815,0.49657853810264385
4570,0.4708,4,10,4,599146,6464,101574,6382,0.059876245877950277,0.4968083450101199
4571,0.4709,4,6,4,599152,6458,101578,6378,0.05982066767942495,0.4968837644125896
4572,0.471,9,9,9,599161,6449,101587,6369,0.059737300381636965,0.4968793883601186
4573,0.4711,4,10,4,599171,6439,101591,6365,0.05964467005076142,0.4971102780381131
4574,0.4712,6,10,6,599181,6429,101597,6359,0.05955203971988588,0.49726305911792307
4575,0.4713,5,6,5,599187,6423,101602,6354,0.05949646152136055,0.4972998356421695
4576,0.4714,6,5,6,599192,6418,101608,6348,0.05945014635592279,0.49725834247219175
4577,0.4715,8,7,8,599199,6411,101616,6340,0.0593853051243099,0.4972159046349306
4578,0.4716,3,10,3,599209,6401,101619,6337,0.05929267479343436,0.4974878316847229
4579,0.4717,5,8,5,599217,6393,101624,6332,0.05921857052873393,0.49760314341846756
4580,0.4718,5,8,5,599225,6385,101629,6327,0.059144466264033496,0.4977186910006293
4581,0.4719,7,12,7,599237,6373,101636,6320,0.059033309866982846,0.4979122350902072
4582,0.472,8,4,8,599241,6369,101644,6312,0.05899625773463263,0.4977525431748285
4583,0.4721,8,10,8,599251,6359,101652,6304,0.05890362740375708,0.4978283187238411
4584,0.4722,5,6,5,599257,6353,101657,6299,0.05884804920523176,0.49786595004742334
4585,0.4723,7,10,7,599267,6343,101664,6292,0.058755418874356216,0.49798179659675507
4586,0.4724,8,10,8,599277,6333,101672,6284,0.05866278854348068,0.49805817547753034
4587,0.4725,10,15,10,599292,6318,101682,6274,0.058523843047167366,0.4982528589580686
4588,0.4726,7,6,7,599298,6312,101689,6267,0.05846826484864204,0.49821130455521107
4589,0.4727,5,5,5,599303,6307,101694,6262,0.05842194968320427,0.4982098814543719
4590,0.4728,8,9,8,599312,6298,101702,6254,0.05833858238541628,0.4982472912683238
4591,0.4729,6,9,6,599321,6289,101708,6248,0.05825521508762829,0.4983648400733828
4592,0.473,6,11,6,599332,6278,101714,6242,0.0581533217236652,0.49856230031948884
4593,0.4731,4,4,4,599336,6274,101718,6238,0.05811626959131498,0.4985613810741688
4594,0.4732,5,7,5,599343,6267,101723,6233,0.058051428359702104,0.49864
4595,0.4733,4,10,4,599353,6257,101727,6229,0.05795879802882656,0.4988787441934967
4596,0.4734,9,7,9,599360,6250,101736,6220,0.05789395679721368,0.4987971130713713
4597,0.4735,10,11,10,599371,6239,101746,6210,0.057792063433250586,0.49883524781106914
4598,0.4736,4,6,4,599377,6233,101750,6206,0.05773648523472526,0.49891470375432106
4599,0.4737,9,13,9,599390,6220,101759,6197,0.05761606580458705,0.4990738503664331
4600,0.4738,7,9,7,599399,6211,101766,6190,0.05753269850679907,0.49915329408918635
4601,0.4739,11,6,11,599405,6205,101777,6179,0.05747712030827374,0.49895025839793283
4602,0.474,8,6,8,599411,6199,101785,6171,0.05742154210974842,0.4988682295877122
4603,0.4741,5,7,5,599418,6192,101790,6166,0.05735670087813554,0.49894804984625346
4604,0.4742,8,6,8,599424,6186,101798,6158,0.05730112267961021,0.4988658457550227
4605,0.4743,6,10,6,599434,6176,101804,6152,0.05720849234873467,0.4990266060999351
4606,0.4744,7,3,7,599437,6173,101811,6145,0.057180703249472005,0.49886345185906805
4607,0.4745,5,5,5,599442,6168,101816,6140,0.05713438808403424,0.4988625284367891
4608,0.4746,5,7,5,599449,6161,101821,6135,0.057069546852421354,0.4989427456083279
4609,0.4747,6,7,6,599456,6154,101827,6129,0.05700470562080848,0.49898233330619557
4610,0.4748,8,11,8,599467,6143,101835,6121,0.05690281225684538,0.4991030658838878
4611,0.4749,5,9,5,599476,6134,101840,6116,0.05681944495905739,0.49926530612244896
4612,0.475,7,9,7,599485,6125,101847,6109,0.0567360776612694,0.4993460846820337
4613,0.4751,8,11,8,599496,6114,101855,6101,0.05663418429730631,0.4994678673761768
4614,0.4752,6,12,6,599508,6102,101861,6095,0.05652302790025566,0.49971304419119456
4615,0.4753,8,7,8,599515,6095,101869,6087,0.05645818666864278,0.49967164669184044
4616,0.4754,4,10,4,599525,6085,101873,6083,0.05636555633776724,0.49991781722550954
4617,0.4755,6,7,6,599532,6078,101879,6077,0.05630071510615436,0.49995886466474704
4618,0.4756,6,11,6,599543,6067,101885,6071,0.05619882174219126,0.5001647717910693
4619,0.4757,4,7,4,599550,6060,101889,6067,0.056133980510578385,0.5002886121876804
4620,0.4758,8,10,8,599560,6050,101897,6059,0.05604135017970284,0.5003716244115947
4621,0.4759,10,7,10,599567,6043,101907,6049,0.05597650894808996,0.5002480979159775
4622,0.476,8,8,8,599575,6035,101915,6041,0.05590240468338953,0.5002484266313348
4623,0.4761,8,7,8,599582,6028,101923,6033,0.05583756345177665,0.5002072796617196
4624,0.4762,6,10,6,599592,6018,101929,6027,0.055744933120901105,0.500373599003736
4625,0.4763,9,8,9,599600,6010,101938,6018,0.05567082885620067,0.5003325573661457
4626,0.4764,6,10,6,599610,6000,101944,6012,0.05557819852532513,0.5004995004995005
4627,0.4765,9,8,9,599618,5992,101953,6003,0.0555040942606247,0.5004585243851605
4628,0.4766,6,5,6,599623,5987,101959,5997,0.055457779095186926,0.500417222963952
4629,0.4767,7,8,7,599631,5979,101966,5990,0.05538367483048649,0.5004595204277718
4630,0.4768,4,5,4,599636,5974,101970,5986,0.05533735966504872,0.5005016722408027
4631,0.4769,8,7,8,599643,5967,101978,5978,0.05527251843343584,0.500460443700293
4632,0.477,2,7,2,599650,5960,101980,5976,0.055207677201822965,0.5006702412868632
4633,0.4771,6,7,6,599657,5953,101986,5970,0.05514283597021009,0.5007129078252118
4634,0.4772,5,5,5,599662,5948,101991,5965,0.055096520804772314,0.5007135062536725
4635,0.4773,6,13,6,599675,5935,101997,5959,0.05497610137463411,0.5010089120564991
4636,0.4774,9,12,9,599687,5923,102006,5950,0.05486494497758346,0.5011370336056599
4637,0.4775,6,11,6,599698,5912,102012,5944,0.05476305161362036,0.5013495276653172
4638,0.4776,8,8,8,599706,5904,102020,5936,0.05468894734891993,0.5013513513513513
4639,0.4777,7,5,7,599711,5899,102027,5929,0.05464263218348216,0.5012681772066283
4640,0.4778,8,7,8,599718,5892,102035,5921,0.05457779095186928,0.5012274612714805
4641,0.4779,4,9,4,599727,5883,102039,5917,0.05449442365408129,0.5014406779661017
4642,0.478,10,4,10,599731,5879,102049,5907,0.05445737152173107,0.5011878499915153
4643,0.4781,2,12,2,599743,5867,102051,5905,0.05434621512468042,0.5016139993204214
4644,0.4782,8,4,8,599747,5863,102059,5897,0.054309162992330205,0.5014455782312925
4645,0.4783,5,2,5,599749,5861,102064,5892,0.0542906369261551,0.5013188122181571
4646,0.4784,11,7,11,599756,5854,102075,5881,0.05422579569454222,0.5011504047720494
4647,0.4785,9,3,9,599759,5851,102084,5872,0.05419800659527956,0.5008956751684722
4648,0.4786,7,6,7,599765,5845,102091,5865,0.05414242839675423,0.5008539709649872
4649,0.4787,8,8,8,599773,5837,102099,5857,0.0540683241320538,0.5008551393877202
4650,0.4788,11,8,11,599781,5829,102110,5846,0.053994219867353366,0.5007280513918629
4651,0.4789,8,2,8,599783,5827,102118,5838,0.05397569380117826,0.5004714959279897
4652,0.479,10,6,10,599789,5821,102128,5828,0.05392011560265293,0.5003004549746759
4653,0.4791,7,6,7,599795,5815,102135,5821,0.05386453740412761,0.5002578205568924
4654,0.4792,3,4,3,599799,5811,102138,5818,0.053827485271777394,0.5003009717086594
4655,0.4793,6,9,6,599808,5802,102144,5812,0.053744117973989404,0.5004305148958154
4656,0.4794,6,12,6,599820,5790,102150,5806,0.053632961576938754,0.5006898930665746
4657,0.4795,10,5,10,599825,5785,102160,5796,0.05358664641150098,0.5004749158103791
4658,0.4796,5,6,5,599831,5779,102165,5791,0.05353106821297566,0.5005185825410544
4659,0.4797,7,5,7,599836,5774,102172,5784,0.053484753047537886,0.5004326007959855
4660,0.4798,4,3,4,599839,5771,102176,5780,0.053456963948275225,0.5003895766600295
4661,0.4799,2,13,2,599852,5758,102178,5778,0.05333654451813702,0.500866851595007
4662,0.48,9,13,9,599865,5745,102187,5769,0.05321612508799881,0.5010422094841063
4663,0.4801,6,7,6,599872,5738,102193,5763,0.053151283856385935,0.5010868620119989
4664,0.4802,5,5,5,599877,5733,102198,5758,0.05310496869094816,0.5010878078496215
4665,0.4803,6,5,6,599882,5728,102204,5752,0.053058653525510396,0.5010452961672474
4666,0.4804,7,10,7,599892,5718,102211,5745,0.05296602319463485,0.5011777021722063
4667,0.4805,10,7,10,599899,5711,102221,5735,0.05290118196302197,0.501048401188188
4668,0.4806,5,6,5,599905,5705,102226,5730,0.052845603764496644,0.5010931351114998
4669,0.4807,11,9,11,599914,5696,102237,5719,0.05276223646670866,0.5010074463425318
4670,0.4808,3,7,3,599921,5689,102240,5716,0.05269739523509578,0.5011836913634371
4671,0.4809,6,7,6,599928,5682,102246,5710,0.0526325540034829,0.5012289325842697
4672,0.481,3,10,3,599938,5672,102249,5707,0.05253992367260736,0.5015379207311714
4673,0.4811,4,7,4,599945,5665,102253,5703,0.052475082440994476,0.5016713581984518
4674,0.4812,7,13,7,599958,5652,102260,5696,0.05235466301085628,0.5019386676066268
4675,0.4813,7,9,7,599967,5643,102267,5689,0.05227129571306829,0.5020296505471232
4676,0.4814,5,7,5,599974,5636,102272,5684,0.05220645448145541,0.5021201413427562
4677,0.4815,6,6,6,599980,5630,102278,5678,0.05215087628293008,0.5021223912274496
4678,0.4816,7,11,7,599991,5619,102285,5671,0.052048982918966986,0.5023029229406555
4679,0.4817,6,7,6,599998,5612,102291,5665,0.05198414168735411,0.502349915757737
4680,0.4818,8,4,8,600002,5608,102299,5657,0.05194708955500389,0.5021748779405237
4681,0.4819,9,8,9,600010,5600,102308,5648,0.05187298529030346,0.5021337126600285
4682,0.482,6,4,6,600014,5596,102314,5642,0.05183593315795324,0.5020466275137925
4683,0.4821,4,4,4,600018,5592,102318,5638,0.051798881025603025,0.5020480854853072
4684,0.4822,5,7,5,600025,5585,102323,5633,0.05173403979399015,0.5021394187912284
4685,0.4823,6,4,6,600029,5581,102329,5627,0.05169698766163993,0.5020521056388294
4686,0.4824,4,6,4,600035,5575,102333,5623,0.0516414094631146,0.5021432398642615
4687,0.4825,8,4,8,600039,5571,102341,5615,0.051604357330764385,0.5019667441444663
4688,0.4826,7,11,7,600050,5560,102348,5608,0.05150246396680129,0.5021489971346705
4689,0.4827,5,12,5,600062,5548,102353,5603,0.05139130756975064,0.5024661465339432
4690,0.4828,9,6,9,600068,5542,102362,5594,0.05133572937122531,0.5023347701149425
4691,0.4829,2,9,2,600077,5533,102364,5592,0.05125236207343733,0.5026516853932584
4692,0.483,9,9,9,600086,5524,102373,5583,0.05116899477564934,0.502655982713604
4693,0.4831,4,6,4,600092,5518,102377,5579,0.05111341657712401,0.5027484905830405
4694,0.4832,5,8,5,600100,5510,102382,5574,0.05103931231242358,0.5028870443883074
4695,0.4833,4,7,4,600107,5503,102386,5570,0.0509744710808107,0.5030253770432583
4696,0.4834,11,6,11,600113,5497,102397,5559,0.05091889288228538,0.5028039073806078
4697,0.4835,8,4,8,600117,5493,102405,5551,0.05088184074993516,0.5026258601955813
4698,0.4836,5,7,5,600124,5486,102410,5546,0.05081699951832228,0.5027193618564177
4699,0.4837,11,9,11,600133,5477,102421,5535,0.05073363222053429,0.5026334907373774
4700,0.4838,8,5,8,600138,5472,102429,5527,0.05068731705509652,0.5025002272933903
4701,0.4839,7,8,7,600146,5464,102436,5520,0.05061321279039609,0.5025491624180627
4702,0.484,10,4,10,600150,5460,102446,5510,0.05057616065804587,0.5022789425706472
4703,0.4841,4,6,4,600156,5454,102450,5506,0.05052058245952055,0.5023722627737226
4704,0.4842,5,8,5,600164,5446,102455,5501,0.050446478194820114,0.5025121037727232
4705,0.4843,4,6,4,600170,5440,102459,5497,0.050390899996294786,0.5026058334095272
4706,0.4844,4,13,4,600183,5427,102463,5493,0.05027048056615658,0.503021978021978
4707,0.4845,7,6,7,600189,5421,102470,5486,0.05021490236763126,0.5029797377830751
4708,0.4846,8,9,8,600198,5412,102478,5478,0.05013153506984327,0.503030303030303
4709,0.4847,5,4,5,600202,5408,102483,5473,0.05009448293749305,0.5029868578255675
4710,0.4848,8,5,8,600207,5403,102491,5465,0.05004816777205528,0.5028524107471476
4711,0.4849,11,6,11,600213,5397,102502,5454,0.04999258957352996,0.5026264860381532
4712,0.485,3,9,3,600222,5388,102505,5451,0.04990922227574197,0.502906172156103
4713,0.4851,4,4,4,600226,5384,102509,5447,0.04987217014339175,0.5029083187148001
4714,0.4852,6,7,6,600233,5377,102515,5441,0.04980732891177887,0.5029580329081161
4715,0.4853,7,5,7,600238,5372,102522,5434,0.0497610137463411,0.5028687766055895
4716,0.4854,4,9,4,600247,5363,102526,5430,0.04967764644855312,0.5031038636153062
4717,0.4855,6,7,6,600254,5356,102532,5424,0.04961280521694023,0.5031539888682746
4718,0.4856,3,4,3,600258,5352,102535,5421,0.049575753084590016,0.5032024505708717
4719,0.4857,12,3,12,600261,5349,102547,5409,0.049547963985327355,0.5027886224205242
4720,0.4858,5,5,5,600266,5344,102552,5404,0.04950164881988958,0.5027912169705991
4721,0.4859,6,8,6,600274,5336,102558,5398,0.04942754455518915,0.5028880193776784
4722,0.486,4,3,4,600277,5333,102562,5394,0.04939975545592649,0.5028432926260837
4723,0.4861,5,4,5,600281,5329,102567,5389,0.04936270332357627,0.5027990296697145
4724,0.4862,6,12,6,600293,5317,102573,5383,0.04925154692652562,0.5030841121495327
4725,0.4863,3,6,3,600299,5311,102576,5380,0.0491959687280003,0.5032270133757366
4726,0.4864,5,6,5,600305,5305,102581,5375,0.04914039052947497,0.5032771535580525
4727,0.4865,8,7,8,600312,5298,102589,5367,0.04907554929786209,0.5032348804500704
4728,0.4866,2,2,2,600314,5296,102591,5365,0.04905702323168698,0.5032360941750305
4729,0.4867,4,5,4,600319,5291,102595,5361,0.049010708066249214,0.503285767930905
4730,0.4868,8,4,8,600323,5287,102603,5353,0.048973655933899,0.5031015037593985
4731,0.4869,8,7,8,600330,5280,102611,5345,0.04890881470228612,0.5030588235294118
4732,0.487,4,1,4,600331,5279,102615,5341,0.048899551669198564,0.5029190207156309
4733,0.4871,3,5,3,600336,5274,102618,5338,0.04885323650376079,0.5030154542027893
4734,0.4872,8,8,8,600344,5266,102626,5330,0.04877913223906036,0.5030200075500189
4735,0.4873,7,10,7,600354,5256,102633,5323,0.04868650190818482,0.5031666509121845
4736,0.4874,7,6,7,600360,5250,102640,5316,0.04863092370965949,0.5031232254400908
4737,0.4875,2,6,2,600366,5244,102642,5314,0.04857534551113417,0.5033150217844289
4738,0.4876,5,9,5,600375,5235,102647,5309,0.04849197821334618,0.5035091047040972
4739,0.4877,3,11,3,600386,5224,102650,5306,0.048390084849383085,0.5038936372269706
4740,0.4878,5,5,5,600391,5219,102655,5301,0.04834376968394531,0.5038973384030419
4741,0.4879,5,9,5,600400,5210,102660,5296,0.04826040238615732,0.5040928992956406
4742,0.488,2,4,2,600404,5206,102662,5294,0.048223350253807105,0.5041904761904762
4743,0.4881,9,5,9,600409,5201,102671,5285,0.04817703508836933,0.5040053404539386
4744,0.4882,5,6,5,600415,5195,102676,5280,0.04812145688984401,0.5040572792362769
4745,0.4883,6,7,6,600422,5188,102682,5274,0.04805661565823113,0.5041101127891416
4746,0.4884,1,3,1,600425,5185,102683,5273,0.048028826558968465,0.5042073054121247
4747,0.4885,7,8,7,600433,5177,102690,5266,0.04795472229426803,0.5042612276165853
4748,0.4886,6,6,6,600439,5171,102696,5260,0.04789914409574271,0.5042661298053878
4749,0.4887,6,8,6,600447,5163,102702,5254,0.047825039831042276,0.5043678602284727
4750,0.4888,4,8,4,600455,5155,102706,5250,0.04775093556634184,0.5045651129264777
4751,0.4889,4,3,4,600458,5152,102710,5246,0.04772314646707918,0.5045201000192344
4752,0.489,4,4,4,600462,5148,102714,5242,0.047686094334728965,0.5045235803657363
4753,0.4891,6,5,6,600467,5143,102720,5236,0.04763977916929119,0.5044802004046632
4754,0.4892,8,8,8,600475,5135,102728,5228,0.04756567490459076,0.50448711763003
4755,0.4893,4,9,4,600484,5126,102732,5224,0.04748230760680277,0.5047342995169082
4756,0.4894,10,4,10,600488,5122,102742,5214,0.04744525547445255,0.5044504643962848
4757,0.4895,6,9,6,600497,5113,102748,5208,0.04736188817666457,0.5046022672221684
4758,0.4896,7,4,7,600501,5109,102755,5201,0.04732483604431435,0.5044616876818623
4759,0.4897,7,7,7,600508,5102,102762,5194,0.04725999481270147,0.5044677544677545
4760,0.4898,2,6,2,600514,5096,102764,5192,0.047204416614176146,0.504665629860031
4761,0.4899,6,5,6,600519,5091,102770,5186,0.047158101448738374,0.5046219713924297
4762,0.49,7,5,7,600524,5086,102777,5179,0.0471117862833006,0.5045299561617146
4763,0.4901,6,8,6,600532,5078,102783,5173,0.04703768201860017,0.5046336942737294
4764,0.4902,4,6,4,600538,5072,102787,5169,0.046982103820074846,0.5047358656381212
4765,0.4903,8,11,8,600549,5061,102795,5161,0.04688021045611175,0.5048914106828409
4766,0.4904,9,4,9,600553,5057,102804,5152,0.046843158323761534,0.5046527573709472
4767,0.4905,2,11,2,600564,5046,102806,5150,0.04674126495979844,0.505100039231071
4768,0.4906,9,7,9,600571,5039,102815,5141,0.046676423728185555,0.5050098231827111
4769,0.4907,3,6,3,600577,5033,102818,5138,0.04662084552966023,0.5051617343427391
4770,0.4908,6,8,6,600585,5025,102824,5132,0.0465467412649598,0.5052673033375997
4771,0.4909,7,6,7,600591,5019,102831,5125,0.04649116306643447,0.5052247634069401
4772,0.491,2,10,2,600601,5009,102833,5123,0.04639853273555893,0.5056257402289775
4773,0.4911,9,13,9,600614,4996,102842,5114,0.046278113305420726,0.5058358061325421
4774,0.4912,4,7,4,600621,4989,102846,5110,0.04621327207380785,0.5059906921477374
4775,0.4913,11,5,11,600626,4984,102857,5099,0.046166956908370076,0.5057026678567886
4776,0.4914,6,5,6,600631,4979,102863,5093,0.0461206417429323,0.505659253375695
4777,0.4915,2,7,2,600638,4972,102865,5091,0.046055800511319425,0.5059127496770347
4778,0.4916,8,7,8,600645,4965,102873,5083,0.04599095927970655,0.5058718152866242
4779,0.4917,12,3,12,600648,4962,102885,5071,0.04596317018044389,0.5054320741552876
4780,0.4918,7,9,7,600657,4953,102892,5064,0.0458798028826559,0.5055405810122792
4781,0.4919,4,8,4,600665,4945,102896,5060,0.04580569861795546,0.5057471264367817
4782,0.492,11,7,11,600672,4938,102907,5049,0.045740857386342586,0.5055572243917092
4783,0.4921,6,11,6,600683,4927,102913,5043,0.04563896402237949,0.5058174523570712
4784,0.4922,6,5,6,600688,4922,102919,5037,0.04559264885694172,0.5057736720554272
4785,0.4923,8,6,8,600694,4916,102927,5029,0.04553707065841639,0.5056812468577174
4786,0.4924,7,11,7,600705,4905,102934,5022,0.045435177294453295,0.5058930190389845
4787,0.4925,5,4,5,600709,4901,102939,5017,0.04539812516210308,0.5058479532163743
4788,0.4926,15,7,15,600716,4894,102954,5002,0.0453332839304902,0.5054567502021019
4789,0.4927,1,7,1,600723,4887,102955,5001,0.04526844269887732,0.5057645631067961
4790,0.4928,8,13,8,600736,4874,102963,4993,0.04514802326873912,0.5060302016823756
4791,0.4929,3,8,3,600744,4866,102966,4990,0.04507391900403868,0.5062905844155844
4792,0.493,6,5,6,600749,4861,102972,4984,0.04502760383860091,0.5062468257998984
4793,0.4931,3,5,3,600754,4856,102975,4981,0.04498128867316314,0.5063535630781743
4794,0.4932,4,6,4,600760,4850,102979,4977,0.044925710474637816,0.5064617889488144
4795,0.4933,6,10,6,600770,4840,102985,4971,0.04483308014376227,0.5066761797981857
4796,0.4934,12,6,12,600776,4834,102997,4959,0.04477750194523695,0.5063821096701726
4797,0.4935,7,7,7,600783,4827,103004,4952,0.04471266071362407,0.5063912465487269
4798,0.4936,9,9,9,600792,4818,103013,4943,0.04462929341583608,0.5064030324761807
4799,0.4937,8,8,8,600800,4810,103021,4935,0.04455518915113565,0.5064135454079015
4800,0.4938,7,9,7,600809,4801,103028,4928,0.04447182185334766,0.5065268784047693
4801,0.4939,4,5,4,600814,4796,103032,4924,0.04442550668790989,0.5065843621399176
4802,0.494,5,5,5,600819,4791,103037,4919,0.04437919152247212,0.5065911431513903
4803,0.4941,1,10,1,600829,4781,103038,4918,0.044286561191596574,0.5070625837715228
4804,0.4942,14,5,14,600834,4776,103052,4904,0.04424024602615881,0.5066115702479339
4805,0.4943,7,5,7,600839,4771,103059,4897,0.044193930860721035,0.5065163425734381
4806,0.4944,7,3,7,600842,4768,103066,4890,0.044166141761458375,0.5063160074549596
4807,0.4945,3,2,3,600844,4766,103069,4887,0.04414761569528326,0.5062674816119341
4808,0.4946,7,6,7,600850,4760,103076,4880,0.04409203749675794,0.5062240663900415
4809,0.4947,6,6,6,600856,4754,103082,4874,0.04403645929823261,0.5062318238471126
4810,0.4948,7,10,7,600866,4744,103089,4867,0.043943828967357074,0.5063989179065654
4811,0.4949,8,3,8,600869,4741,103097,4859,0.043916039868094406,0.5061458333333333
4812,0.495,2,13,2,600882,4728,103099,4857,0.043795620437956206,0.5067292644757434
4813,0.4951,6,6,6,600888,4722,103105,4851,0.04374004223943088,0.506737699780633
4814,0.4952,5,4,5,600892,4718,103110,4846,0.04370299010708066,0.5066917607695525
4815,0.4953,7,4,7,600896,4714,103117,4839,0.043665937974730444,0.5065424473987229
4816,0.4954,5,7,5,600903,4707,103122,4834,0.043601096743117566,0.5066554868462425
4817,0.4955,6,12,6,600915,4695,103128,4828,0.043489940346066916,0.5069830935629529
4818,0.4956,6,11,6,600926,4684,103134,4822,0.04338804698210382,0.5072585735325058
4819,0.4957,4,6,4,600932,4678,103138,4818,0.04333246878357849,0.5073715248525695
4820,0.4958,5,5,5,600937,4673,103143,4813,0.04328615361814073,0.5073792958043433
4821,0.4959,4,5,4,600942,4668,103147,4809,0.043239838452702954,0.5074390629946185
4822,0.496,6,4,6,600946,4664,103153,4803,0.04320278632035274,0.5073412907996198
4823,0.4961,4,10,4,600956,4654,103157,4799,0.04311015598947719,0.5076695229027822
4824,0.4962,0,8,0,600964,4646,103157,4799,0.04303605172477676,0.5080995235574378
4825,0.4963,9,3,9,600967,4643,103166,4790,0.0430082626255141,0.5077917947630658
4826,0.4964,5,3,5,600970,4640,103171,4785,0.042980473526251436,0.5076923076923077
4827,0.4965,2,8,2,600978,4632,103173,4783,0.042906369261551,0.5080191184280404
4828,0.4966,8,10,8,600988,4622,103181,4775,0.04281373893067546,0.508140896030648
4829,0.4967,6,5,6,600993,4617,103187,4769,0.04276742376523769,0.5080971659919028
4830,0.4968,5,9,5,601002,4608,103192,4764,0.0426840564674497,0.5083226632522407
4831,0.4969,3,6,3,601008,4602,103195,4761,0.04262847826892437,0.5084908683114386
4832,0.497,3,10,3,601018,4592,103198,4758,0.042535847938048835,0.5088770053475936
4833,0.4971,2,5,2,601023,4587,103200,4756,0.04248953277261106,0.5090442042170609
4834,0.4972,5,4,5,601027,4583,103205,4751,0.042452480640260845,0.5089993571887722
4835,0.4973,6,5,6,601032,4578,103211,4745,0.04240616547482308,0.5089563445242947
4836,0.4974,6,10,6,601042,4568,103217,4739,0.042313535143947534,0.5091866337165575
4837,0.4975,4,7,4,601049,4561,103221,4735,0.042248693912334656,0.5093588640275387
4838,0.4976,3,4,3,601053,4557,103224,4732,0.04221164177998444,0.5094197437829691
4839,0.4977,4,4,4,601057,4553,103228,4728,0.04217458964763422,0.5094278633767912
4840,0.4978,4,5,4,601062,4548,103232,4724,0.04212827448219645,0.5094909404659189
4841,0.4979,3,8,3,601070,4540,103235,4721,0.042054170217496016,0.5097721628333873
4842,0.498,6,11,6,601081,4529,103241,4715,0.04195227685353292,0.5100605798355691
4843,0.4981,6,6,6,601087,4523,103247,4709,0.04189669865500759,0.5100736568457539
4844,0.4982,8,5,8,601092,4518,103255,4701,0.04185038348956983,0.5099251545720794
4845,0.4983,9,3,9,601095,4515,103264,4692,0.04182259439030716,0.5096122515477354
4846,0.4984,4,3,4,601098,4512,103268,4688,0.0417948052910445,0.5095652173913043
4847,0.4985,7,5,7,601103,4507,103275,4681,0.041748490125606726,0.5094688724423161
4848,0.4986,11,8,11,601111,4499,103286,4670,0.04167438586090629,0.5093248991165885
4849,0.4987,6,5,6,601116,4494,103292,4664,0.041628070695468526,0.5092815025114654
4850,0.4988,6,3,6,601119,4491,103298,4658,0.04160028159620586,0.5091266805115313
4851,0.4989,3,4,3,601123,4487,103301,4655,0.04156322946385564,0.5091883614088821
4852,0.499,8,10,8,601133,4477,103309,4647,0.0414705991329801,0.5093160894344586
4853,0.4991,4,9,4,601142,4468,103313,4643,0.04138723183519211,0.5096037756558007
4854,0.4992,7,9,7,601151,4459,103320,4636,0.04130386453740413,0.5097306212204508
4855,0.4993,9,6,9,601157,4453,103329,4627,0.0412482863388788,0.5095814977973568
4856,0.4994,7,10,7,601167,4443,103336,4620,0.041155656008003264,0.5097649784839458
4857,0.4995,4,4,4,601171,4439,103340,4616,0.04111860387565305,0.5097736057426836
4858,0.4996,3,11,3,601182,4428,103343,4613,0.041016710511689945,0.5102311691184603
4859,0.4997,8,5,8,601187,4423,103351,4605,0.04097039534625218,0.5100797518830306
4860,0.4998,9,4,9,601191,4419,103360,4596,0.04093334321390196,0.5098169717138104
4861,0.4999,3,6,3,601197,4413,103363,4593,0.040877765015376634,0.5099933377748168
4862,0.5,9,3,9,601200,4410,103372,4584,0.04084997591611397,0.5096731154102735
4863,0.5001,3,5,3,601205,4405,103375,4581,0.0408036607506762,0.5097930113509904
4864,0.5002,6,7,6,601212,4398,103381,4575,0.04073881951906332,0.5098629220996322
4865,0.5003,4,8,4,601220,4390,103385,4571,0.04066471525436289,0.5100993192724026
4866,0.5004,6,4,6,601224,4386,103391,4565,0.04062766312201267,0.5099988828063904
4867,0.5005,7,4,7,601228,4382,103398,4558,0.040590610989662455,0.5098434004474273
4868,0.5006,6,4,6,601232,4378,103404,4552,0.04055355885731224,0.5097424412094065
4869,0.5007,7,8,7,601240,4370,103411,4545,0.040479454592611805,0.5098149186763881
4870,0.5008,11,10,11,601250,4360,103422,4534,0.040386824261736266,0.5097818754216326
4871,0.5009,2,7,2,601257,4353,103424,4532,0.04032198303012338,0.5100731570061902
4872,0.501,7,7,7,601264,4346,103431,4525,0.040257141798510504,0.510089054221621
4873,0.5011,7,4,7,601268,4342,103438,4518,0.04022008966616029,0.5099322799097066
4874,0.5012,3,2,3,601270,4340,103441,4515,0.04020156359998518,0.5098814229249012
4875,0.5013,4,6,4,601276,4334,103445,4511,0.040145985401459854,0.5100056529112493
4876,0.5014,11,4,11,601280,4330,103456,4500,0.04010893326910964,0.5096262740656852
4877,0.5015,3,7,3,601287,4323,103459,4497,0.04004409203749676,0.5098639455782313
4878,0.5016,5,6,5,601293,4317,103464,4492,0.03998851383897143,0.5099330230446134
4879,0.5017,8,2,8,601295,4315,103472,4484,0.039969987772796325,0.5096033640186385
4880,0.5018,6,9,6,601304,4306,103478,4478,0.039886620475008336,0.5097905282331512
4881,0.5019,1,9,1,601313,4297,103479,4477,0.039803253177220346,0.5102575792113061
4882,0.502,6,4,6,601317,4293,103485,4471,0.03976620104487013,0.5101551802829758
4883,0.5021,6,5,6,601322,4288,103491,4465,0.039719885879432364,0.5101108191477208
4884,0.5022,4,4,4,601326,4284,103495,4461,0.03968283374708215,0.5101200686106346
4885,0.5023,4,6,4,601332,4278,103499,4457,0.03962725554855682,0.5102461362335432
4886,0.5024,5,9,5,601341,4269,103504,4452,0.03954388825076883,0.5104919160646715
4887,0.5025,7,10,7,601351,4259,103511,4445,0.03945125791989329,0.5106847426470589
4888,0.5026,4,3,4,601354,4256,103515,4441,0.03942346882063063,0.5106358514430264
4889,0.5027,6,4,6,601358,4252,103521,4435,0.03938641668828041,0.5105329803154138
4890,0.5028,8,4,8,601362,4248,103529,4427,0.039349364555930195,0.5103170028818443
4891,0.5029,3,11,3,601373,4237,103532,4424,0.0392474711919671,0.510795520147789
4892,0.503,6,8,6,601381,4229,103538,4418,0.03917336692726667,0.5109286457731005
4893,0.5031,4,10,4,601391,4219,103542,4414,0.03908073659639112,0.5112938723502838
4894,0.5032,9,3,9,601394,4216,103551,4405,0.03905294749712846,0.5109616053822063
4895,0.5033,5,3,5,601397,4213,103556,4400,0.0390251583978658,0.5108556832694764
4896,0.5034,4,8,4,601405,4205,103560,4396,0.038951054133165366,0.5111033600744099
4897,0.5035,3,6,3,601411,4199,103563,4393,0.03889547593464004,0.5112895716945997
4898,0.5036,6,7,6,601418,4192,103569,4387,0.03883063470302716,0.5113649609511598
4899,0.5037,5,8,5,601426,4184,103574,4382,0.038756530438326726,0.5115573196357693
4900,0.5038,7,5,7,601431,4179,103581,4375,0.038710215272888954,0.5114566284779051
4901,0.5039,3,6,3,601437,4173,103584,4372,0.03865463707436363,0.511644236395553
4902,0.504,2,6,2,601443,4167,103586,4370,0.0385990588758383,0.5118894225137636
4903,0.5041,6,6,6,601449,4161,103592,4364,0.03854348067731298,0.5119061583577713
4904,0.5042,4,3,4,601452,4158,103596,4360,0.038515691578050314,0.511857243484386
4905,0.5043,5,3,5,601455,4155,103601,4355,0.03848790247878765,0.5117508813160987
4906,0.5044,6,3,6,601458,4152,103607,4349,0.03846011337952499,0.5115868721326903
4907,0.5045,5,4,5,601462,4148,103612,4344,0.038423061247174775,0.5115402731983043
4908,0.5046,4,7,4,601469,4141,103616,4340,0.0383582200155619,0.5117321070628463
4909,0.5047,1,7,1,601476,4134,103617,4339,0.03829337878394902,0.5120972500885165
4910,0.5048,6,8,6,601484,4126,103623,4333,0.038219274519248586,0.5122354888284667
4911,0.5049,7,8,7,601492,4118,103630,4326,0.03814517025454815,0.5123164377072478
4912,0.505,5,5,5,601497,4113,103635,4321,0.03809885508911038,0.512331041024425
4913,0.5051,7,7,7,601504,4106,103642,4314,0.0380340138574975,0.5123515439429929
4914,0.5052,4,8,4,601512,4098,103646,4310,0.03795990959279707,0.5126070409134158
4915,0.5053,7,6,7,601518,4092,103653,4303,0.03790433139427174,0.5125670041691484
4916,0.5054,9,11,9,601529,4081,103662,4294,0.037802438030308645,0.5127164179104478
4917,0.5055,6,8,6,601537,4073,103668,4288,0.03772833376560821,0.5128573137184548
4918,0.5056,2,8,2,601545,4065,103670,4286,0.03765422950090778,0.5132319482696683
4919,0.5057,13,4,13,601549,4061,103683,4273,0.03761717736855756,0.5127189824814015
4920,0.5058,8,5,8,601554,4056,103691,4265,0.03757086220311979,0.5125585867083283
4921,0.5059,5,4,5,601558,4052,103696,4260,0.03753381007076957,0.512512030798845
4922,0.506,6,7,6,601565,4045,103702,4254,0.037468968839156694,0.5125918785395831
4923,0.5061,6,5,6,601570,4040,103708,4248,0.03742265367371892,0.5125482625482626
4924,0.5062,5,9,5,601579,4031,103713,4243,0.03733928637593093,0.5128112158569011
4925,0.5063,3,6,3,601585,4025,103716,4240,0.03728370817740561,0.5130066545674531
4926,0.5064,8,6,8,601591,4019,103724,4232,0.03722812997888029,0.5129075263604411
4927,0.5065,4,6,4,601597,4013,103728,4228,0.03717255178035496,0.5130445334304089
4928,0.5066,6,4,6,601601,4009,103734,4222,0.03713549964800474,0.512938889563844
4929,0.5067,4,5,4,601606,4004,103738,4218,0.03708918448256697,0.513013865239601
4930,0.5068,6,10,6,601616,3994,103744,4212,0.03699655415169143,0.5132829636851085
4931,0.5069,5,5,5,601621,3989,103749,4207,0.03695023898625366,0.5132991703269888
4932,0.507,10,5,10,601626,3984,103759,4197,0.036903923820815886,0.513017968463513
4933,0.5071,8,9,8,601635,3975,103767,4189,0.0368205565230279,0.5131063204311612
4934,0.5072,7,2,7,601637,3973,103774,4182,0.03680203045685279,0.5128142244022073
4935,0.5073,7,4,7,601641,3969,103781,4175,0.036764978324502574,0.512647347740668
4936,0.5074,5,2,5,601643,3967,103786,4170,0.03674645225832747,0.5124738847240998
4937,0.5075,6,9,6,601652,3958,103792,4164,0.03666308496053948,0.5126816055158828
4938,0.5076,10,5,10,601657,3953,103802,4154,0.03661676979510171,0.512396694214876
4939,0.5077,5,9,5,601666,3944,103807,4149,0.03653340249731372,0.5126652662795008
4940,0.5078,6,9,6,601675,3935,103813,4143,0.036450035199525735,0.5128744738796732
4941,0.5079,7,6,7,601681,3929,103820,4136,0.036394457001000406,0.5128332300061996
4942,0.508,9,5,9,601686,3924,103829,4127,0.03634814183556263,0.5126071295491244
4943,0.5081,4,6,4,601692,3918,103833,4123,0.03629256363703731,0.5127471707499067
4944,0.5082,5,5,5,601697,3913,103838,4118,0.03624624847159954,0.5127630432075707
4945,0.5083,6,5,6,601702,3908,103844,4112,0.036199933306161766,0.512718204488778
4946,0.5084,4,7,4,601709,3901,103848,4108,0.03613509207454889,0.5129229616681233
4947,0.5085,3,5,3,601714,3896,103851,4105,0.03608877690911112,0.5130608673915761
4948,0.5086,3,7,3,601721,3889,103854,4102,0.03602393567749824,0.5133274934301089
4949,0.5087,8,9,8,601730,3880,103862,4094,0.035940568379710255,0.5134186104840732
4950,0.5088,3,8,3,601738,3872,103865,4091,0.03586646411500982,0.5137510988320985
4951,0.5089,6,6,6,601744,3866,103871,4085,0.03581088591648449,0.5137718525971576
4952,0.509,7,5,7,601749,3861,103878,4078,0.03576457075104672,0.5136667086534829
4953,0.5091,4,2,4,601751,3859,103882,4074,0.035746044684871615,0.5135509895373755
4954,0.5092,5,10,5,601761,3849,103887,4069,0.03565341435399607,0.5138923970699671
4955,0.5093,3,6,3,601767,3843,103890,4066,0.03559783615547075,0.5140978631938298
4956,0.5094,7,7,7,601774,3836,103897,4059,0.03553299492385787,0.5141228625712476
4957,0.5095,4,5,4,601779,3831,103901,4055,0.0354866797584201,0.5142023839715952
4958,0.5096,2,4,2,601783,3827,103903,4053,0.03544962762606988,0.5143401015228426
4959,0.5097,5,2,5,601785,3825,103908,4048,0.03543110155989477,0.5141623269401753
4960,0.5098,3,9,3,601794,3816,103911,4045,0.035347734262106786,0.5145655768986134
4961,0.5099,1,3,1,601797,3813,103912,4044,0.03531994516284412,0.5147002672775869
4962,0.51,5,7,5,601804,3806,103917,4039,0.03525510393123124,0.5148502230720204
4963,0.5101,3,10,3,601814,3796,103920,4036,0.0351624736003557,0.5153217568947907
4964,0.5102,6,6,6,601820,3790,103926,4030,0.035106895401830374,0.5153452685421995
4965,0.5103,3,4,3,601824,3786,103929,4027,0.03506984326948016,0.5154230129271726
4966,0.5104,7,5,7,601829,3781,103936,4020,0.03502352810404239,0.5153185489039867
4967,0.5105,8,2,8,601831,3779,103944,4012,0.03500500203786728,0.5149531510717494
4968,0.5106,4,4,4,601835,3775,103948,4008,0.03496794990551706,0.5149685211358088
4969,0.5107,7,3,7,601838,3772,103955,4001,0.0349401608062544,0.5147304772931944
4970,0.5108,8,6,8,601844,3766,103963,3993,0.03488458260772907,0.5146281737337286
4971,0.5109,7,1,7,601845,3765,103970,3986,0.034875319574641524,0.5142562250032254
4972,0.511,2,2,2,601847,3763,103972,3984,0.03485679350846641,0.5142635859042209
4973,0.5111,7,5,7,601852,3758,103979,3977,0.03481047834302864,0.5141564318034906
4974,0.5112,3,2,3,601854,3756,103982,3974,0.034791952276853534,0.5141009055627426
4975,0.5113,4,1,4,601855,3755,103986,3970,0.03478268924376598,0.513915857605178
4976,0.5114,2,4,2,601859,3751,103988,3968,0.03474563711141576,0.5140562248995983
4977,0.5115,7,5,7,601864,3746,103995,3961,0.03469932194597799,0.5139483586350071
4978,0.5116,5,4,5,601868,3742,104000,3956,0.03466226981362777,0.5138997142114835
4979,0.5117,8,4,8,601872,3738,104008,3948,0.034625217681277555,0.5136612021857924
4980,0.5118,7,5,7,601877,3733,104015,3941,0.03457890251583979,0.5135522543653896
4981,0.5119,4,6,4,601883,3727,104019,3937,0.03452332431731446,0.5137004175365344
4982,0.512,4,6,4,601889,3721,104023,3933,0.03446774611878914,0.5138489678599425
4983,0.5121,0,10,0,601899,3711,104023,3933,0.03437511578791359,0.5145211930926217
4984,0.5122,6,4,6,601903,3707,104029,3927,0.034338063655563376,0.5144092219020173
4985,0.5123,4,1,4,601904,3706,104033,3923,0.03432880062247582,0.5142220474505178
4986,0.5124,1,4,1,601908,3702,104034,3922,0.034291748490125604,0.5144281217208815
4987,0.5125,8,3,8,601911,3699,104042,3914,0.03426395939086294,0.5141205832129253
4988,0.5126,9,5,9,601916,3694,104051,3905,0.03421764422542517,0.5138834057112778
4989,0.5127,4,6,4,601922,3688,104055,3901,0.03416206602689985,0.5140334694953221
4990,0.5128,4,4,4,601926,3684,104059,3897,0.03412501389454963,0.5140482785912148
4991,0.5129,10,4,10,601930,3680,104069,3887,0.034087961762199415,0.513677811550152
4992,0.513,5,0,5,601930,3680,104074,3882,0.034087961762199415,0.5133562549590056
4993,0.5131,6,4,6,601934,3676,104080,3876,0.0340509096298492,0.5132415254237288
4994,0.5132,7,8,7,601942,3668,104087,3869,0.033976805365148764,0.5133342178585644
4995,0.5133,5,7,5,601949,3661,104092,3864,0.033911964133535887,0.5134883720930232
4996,0.5134,8,4,8,601953,3657,104100,3856,0.03387491200118567,0.5132437109011048
4997,0.5135,3,4,3,601957,3653,104103,3853,0.03383785986883545,0.5133226751931788
4998,0.5136,3,6,3,601963,3647,104106,3850,0.033782281670310124,0.5135387488328664
4999,0.5137,9,4,9,601967,3643,104115,3841,0.03374522953795991,0.5132282202031
5000,0.5138,5,8,5,601975,3635,104120,3836,0.033671125273259474,0.5134520144558962
5001,0.5139,4,6,4,601981,3629,104124,3832,0.03361554707473415,0.5136040745208417
5002,0.514,5,5,5,601986,3624,104129,3827,0.03356923190929638,0.513622332572809
5003,0.5141,7,4,7,601990,3620,104136,3820,0.03353217977694616,0.5134408602150538
5004,0.5142,5,7,5,601997,3613,104141,3815,0.033467338545333285,0.5135971997845988
5005,0.5143,11,7,11,602004,3606,104152,3804,0.03340249731372041,0.5133603238866397
5006,0.5144,8,4,8,602008,3602,104160,3796,0.03336544518137019,0.5131116517977832
5007,0.5145,7,5,7,602013,3597,104167,3789,0.03331913001593242,0.5129975629569455
5008,0.5146,3,4,3,602017,3593,104170,3786,0.0332820778835822,0.5130776527984822
5009,0.5147,4,10,4,602027,3583,104174,3782,0.033189447552706655,0.513509843856076
5010,0.5148,3,3,3,602030,3580,104177,3779,0.033161658453443994,0.5135208588123387
5011,0.5149,5,3,5,602033,3577,104182,3774,0.03313386935418133,0.5133995374778941
5012,0.515,2,8,2,602041,3569,104184,3772,0.0330597650894809,0.5138264541615584
5013,0.5151,4,6,4,602047,3563,104188,3768,0.03300418689095557,0.5139817214568272
5014,0.5152,6,5,6,602052,3558,104194,3762,0.032957871725517805,0.5139344262295082
5015,0.5153,5,7,5,602059,3551,104199,3757,0.03289303049390493,0.5140941434044882
5016,0.5154,2,3,2,602062,3548,104201,3755,0.03286524139464226,0.5141722579761742
5017,0.5155,7,4,7,602066,3544,104208,3748,0.03282818926229204,0.5139879319802523
5018,0.5156,1,5,1,602071,3539,104209,3747,0.03278187409685428,0.5142739500411748
5019,0.5157,5,6,5,602077,3533,104214,3742,0.03272629589832895,0.5143642611683849
5020,0.5158,4,3,4,602080,3530,104218,3738,0.03269850679906629,0.5143093010456797
5021,0.5159,5,2,5,602082,3528,104223,3733,0.032679980732891176,0.5141165128770142
5022,0.516,5,3,5,602085,3525,104228,3728,0.032652191633628515,0.5139942092927064
5023,0.5161,2,9,2,602094,3516,104230,3726,0.032568824335840525,0.5144987572493787
5024,0.5162,8,8,8,602102,3508,104238,3718,0.03249472007114009,0.5145308607805148
5025,0.5163,7,5,7,602107,3503,104245,3711,0.032448404905702326,0.5144164125311893
5026,0.5164,3,5,3,602112,3498,104248,3708,0.03240208974026455,0.514571190674438
5027,0.5165,2,6,2,602118,3492,104250,3706,0.032346511541739224,0.5148652403445402
5028,0.5166,4,4,4,602122,3488,104254,3702,0.03230945940938901,0.5148817802503477
5029,0.5167,10,5,10,602127,3483,104264,3692,0.03226314424395124,0.5145644599303136
5030,0.5168,4,7,4,602134,3476,104268,3688,0.03219830301233836,0.5147962032384142
5031,0.5169,10,5,10,602139,3471,104278,3678,0.03215198784690059,0.5144775493075955
5032,0.517,6,4,6,602143,3467,104284,3672,0.032114935714550374,0.5143577531867208
5033,0.5171,8,5,8,602148,3462,104292,3664,0.0320686205491126,0.5141734493404434
5034,0.5172,1,1,1,602149,3461,104293,3663,0.032059357516025046,0.514177428411005
5035,0.5173,6,2,6,602151,3459,104299,3657,0.03204083144984994,0.5139123102866779
5036,0.5174,4,10,4,602161,3449,104303,3653,0.031948201118974395,0.5143621515066179
5037,0.5175,4,6,4,602167,3443,104307,3649,0.031892622920449074,0.5145234066553863
5038,0.5176,2,4,2,602171,3439,104309,3647,0.03185557078809886,0.5146768275472763
5039,0.5177,5,2,5,602173,3437,104314,3642,0.031837044721923745,0.5144794462494703
5040,0.5178,3,3,3,602176,3434,104317,3639,0.031809255622661084,0.5144917291107026
5041,0.5179,1,5,1,602181,3429,104318,3638,0.03176294045722331,0.5147870383472478
5042,0.518,9,10,9,602191,3419,104327,3629,0.03167031012634777,0.5148978433598184
5043,0.5181,4,2,4,602193,3417,104331,3625,0.03165178406017266,0.51476853166714
5044,0.5182,6,2,6,602195,3415,104337,3619,0.031633257993997556,0.514500995166335
5045,0.5183,5,3,5,602198,3412,104342,3614,0.031605468894734895,0.5143751779106177
5046,0.5184,5,6,5,602204,3406,104347,3609,0.031549890696209566,0.5144689950106913
5047,0.5185,8,4,8,602208,3402,104355,3601,0.03151283856385935,0.5142081964872197
5048,0.5186,7,3,7,602211,3399,104362,3594,0.03148504946459669,0.5139425139425139
5049,0.5187,5,7,5,602218,3392,104367,3589,0.03142020823298381,0.5141097264002292
5050,0.5188,2,5,2,602223,3387,104369,3587,0.03137389306754604,0.5143389733295096
5051,0.5189,5,3,5,602226,3384,104374,3582,0.03134610396828338,0.5142118863049095
5052,0.519,8,7,8,602233,3377,104382,3574,0.03128126273667049,0.5141706229319523
5053,0.5191,3,8,3,602241,3369,104385,3571,0.031207158471970062,0.5145533141210374
5054,0.5192,4,6,4,602247,3363,104389,3567,0.031151580273444737,0.5147186147186147
5055,0.5193,3,4,3,602251,3359,104392,3564,0.03111452814109452,0.5148057200635563
5056,0.5194,3,8,3,602259,3351,104395,3561,0.031040423876394087,0.5151909722222222
5057,0.5195,3,5,3,602264,3346,104398,3558,0.030994108710956314,0.5153534183082271
5058,0.5196,5,5,5,602269,3341,104403,3553,0.030947793545518545,0.5153756890049318
5059,0.5197,3,8,3,602277,3333,104406,3550,0.03087368928081811,0.5157634752288246
5060,0.5198,5,5,5,602282,3328,104411,3545,0.030827374115380342,0.5157864105921722
5061,0.5199,4,3,4,602285,3325,104415,3541,0.030799585016117677,0.515729682493446
5062,0.52,4,5,4,602290,3320,104419,3537,0.030753269850679908,0.5158232463176317
5063,0.5201,10,6,10,602296,3314,104429,3527,0.030697691652154583,0.5155678994299079
5064,0.5202,10,3,10,602299,3311,104439,3517,0.03066990255289192,0.5150849443468073
5065,0.5203,4,7,4,602306,3304,104443,3513,0.03060506132127904,0.51532932374945
5066,0.5204,5,3,5,602309,3301,104448,3508,0.030577272222016377,0.5152004699662212
5067,0.5205,5,9,5,602318,3292,104453,3503,0.03049390492422839,0.5155261221486387
5068,0.5206,3,4,3,602322,3288,104456,3500,0.030456852791878174,0.5156157925751326
5069,0.5207,2,5,2,602327,3283,104458,3498,0.0304105376264404,0.5158531190089958
5070,0.5208,2,2,2,602329,3281,104460,3496,0.030392011560265293,0.5158624760218385
5071,0.5209,10,5,10,602334,3276,104470,3486,0.030345696394827523,0.515527950310559
5072,0.521,9,6,9,602340,3270,104479,3477,0.030290118196302198,0.5153401511783015
5073,0.5211,4,5,4,602345,3265,104483,3473,0.030243803030864425,0.5154348471356486
5074,0.5212,4,5,4,602350,3260,104487,3469,0.030197487865426656,0.5155297964036261
5075,0.5213,8,4,8,602354,3256,104495,3461,0.03016043573307644,0.5152597885960994
5076,0.5214,8,4,8,602358,3252,104503,3453,0.030123383600726222,0.5149888143176734
5077,0.5215,5,2,5,602360,3250,104508,3448,0.030104857534551114,0.5147805315019409
5078,0.5216,5,6,5,602366,3244,104513,3443,0.03004927933602579,0.5148796171676387
5079,0.5217,2,5,2,602371,3239,104515,3441,0.030002964170588016,0.515119760479042
5080,0.5218,8,3,8,602374,3236,104523,3433,0.029975175071325355,0.5147698305593043
5081,0.5219,5,3,5,602377,3233,104528,3428,0.02994738597206269,0.5146374418255517
5082,0.522,5,8,5,602385,3225,104533,3423,0.029873281707362257,0.5148916967509025
5083,0.5221,4,5,4,602390,3220,104537,3419,0.029826966541924488,0.514987196866998
5084,0.5222,5,8,5,602398,3212,104542,3414,0.029752862277224054,0.5152429821913673
5085,0.5223,0,8,0,602406,3204,104542,3414,0.02967875801252362,0.5158658204895739
5086,0.5224,6,5,6,602411,3199,104548,3408,0.02963244284708585,0.5158165581958529
5087,0.5225,6,8,6,602419,3191,104554,3402,0.029558338582385418,0.5160018201122403
5088,0.5226,2,8,2,602427,3183,104556,3400,0.029484234317684984,0.5164818471821359
5089,0.5227,2,7,2,602434,3176,104558,3398,0.029419393086072103,0.5168846972923639
5090,0.5228,6,6,6,602440,3170,104564,3392,0.029363814887546778,0.5169155745199634
5091,0.5229,6,6,6,602446,3164,104570,3386,0.029308236689021452,0.5169465648854962
5092,0.523,6,5,6,602451,3159,104576,3380,0.029261921523583683,0.5168986083499006
5093,0.5231,3,9,3,602460,3150,104579,3377,0.029178554225795694,0.517389305959859
5094,0.5232,3,5,3,602465,3145,104582,3374,0.029132239060357924,0.517564043564964
5095,0.5233,1,5,1,602470,3140,104583,3373,0.02908592389492015,0.51788730231844
5096,0.5234,6,4,6,602474,3136,104589,3367,0.029048871762569935,0.5177610333692142
5097,0.5235,5,4,5,602478,3132,104594,3362,0.029011819630219718,0.5177086541422852
5098,0.5236,5,6,5,602484,3126,104599,3357,0.028956241431694393,0.5178158260064785
5099,0.5237,1,3,1,602487,3123,104600,3356,0.028928452332431732,0.5179811699336317
5100,0.5238,1,5,1,602492,3118,104601,3355,0.02888213716699396,0.5183068129151862
5101,0.5239,4,3,4,602495,3115,104605,3351,0.028854348067731298,0.5182493040519641
5102,0.524,8,3,8,602498,3112,104613,3343,0.028826558968468634,0.5178931061192874
5103,0.5241,5,6,5,602504,3106,104618,3338,0.02877098076994331,0.5180012414649287
5104,0.5242,2,5,2,602509,3101,104620,3336,0.02872466560450554,0.5182538449588318
5105,0.5243,11,1,11,602510,3100,104631,3325,0.028715402571417987,0.5175097276264592
5106,0.5244,7,4,7,602514,3096,104638,3318,0.02867835043906777,0.5173058933582788
5107,0.5245,7,3,7,602517,3093,104645,3311,0.028650561339805106,0.5170206121174266
5108,0.5246,7,3,7,602520,3090,104652,3304,0.028622772240542445,0.5167344385361277
5109,0.5247,3,6,3,602526,3084,104655,3301,0.02856719404201712,0.5169929522317933
5110,0.5248,6,0,6,602526,3084,104661,3295,0.02856719404201712,0.5165386424204421
5111,0.5249,3,6,3,602532,3078,104664,3292,0.028511615843491794,0.5167974882260596
5112,0.525,4,3,4,602535,3075,104668,3288,0.02848382674422913,0.5167373880245167
5113,0.5251,6,6,6,602541,3069,104674,3282,0.028428248545703805,0.516769012753897
5114,0.5252,7,7,7,602548,3062,104681,3275,0.028363407314090927,0.5168060596496765
5115,0.5253,2,5,2,602553,3057,104683,3273,0.028317092148653154,0.5170616113744075
5116,0.5254,6,5,6,602558,3052,104689,3267,0.028270776983215385,0.5170121854723849
5117,0.5255,2,4,2,602562,3048,104691,3265,0.028233724850865168,0.5171867574845557
5118,0.5256,5,5,5,602567,3043,104696,3260,0.028187409685427395,0.5172140250674282
5119,0.5257,5,6,5,602573,3037,104701,3255,0.02813183148690207,0.5173235855054037
5120,0.5258,9,7,9,602580,3030,104710,3246,0.028066990255289193,0.517208413001912
5121,0.5259,7,6,7,602586,3024,104717,3239,0.028011412056763867,0.51716429825962
5122,0.526,2,6,2,602592,3018,104719,3237,0.027955833858238542,0.5175059952038369
5123,0.5261,7,4,7,602596,3014,104726,3230,0.027918781725888325,0.517296604740551
5124,0.5262,5,5,5,602601,3009,104731,3225,0.027872466560450553,0.5173243503368624
5125,0.5263,2,2,2,602603,3007,104733,3223,0.027853940494275444,0.5173354735152488
5126,0.5264,4,6,4,602609,3001,104737,3219,0.02779836229575012,0.517524115755627
5127,0.5265,7,2,7,602611,2999,104744,3212,0.02777983622957501,0.5171469972629206
5128,0.5266,2,1,2,602612,2998,104746,3210,0.027770573196487458,0.5170747422680413
5129,0.5267,1,4,1,602616,2994,104747,3209,0.02773352106413724,0.5173303240367564
5130,0.5268,4,6,4,602622,2988,104751,3205,0.027677942865611916,0.5175197803972227
5131,0.5269,4,4,4,602626,2984,104755,3201,0.0276408907332617,0.5175424413904608
5132,0.527,2,6,2,602632,2978,104757,3199,0.027585312534736374,0.5178889428525174
5133,0.5271,3,6,3,602638,2972,104760,3196,0.02752973433621105,0.5181582360570688
5134,0.5272,5,4,5,602642,2968,104765,3191,0.027492682203860832,0.5181035882448449
5135,0.5273,5,2,5,602644,2966,104770,3186,0.027474156137685724,0.5178803641092328
5136,0.5274,2,4,2,602648,2962,104772,3184,0.027437104005335507,0.5180605271721445
5137,0.5275,1,1,1,602649,2961,104773,3183,0.027427840972247954,0.51806640625
5138,0.5276,5,2,5,602651,2959,104778,3178,0.027409314906072846,0.5178425941013525
5139,0.5277,9,7,9,602658,2952,104787,3169,0.027344473674459965,0.5177258617872896
5140,0.5278,7,10,7,602668,2942,104794,3162,0.027251843343584423,0.5180209698558322
5141,0.5279,4,10,4,602678,2932,104798,3158,0.02715921301270888,0.5185550082101806
5142,0.528,7,7,7,602685,2925,104805,3151,0.027094371781096003,0.5185977616853192
5143,0.5281,5,5,5,602690,2920,104810,3146,0.02704805661565823,0.518628420705572
5144,0.5282,5,6,5,602696,2914,104815,3141,0.026992478417132905,0.5187448389760528
5145,0.5283,4,3,4,602699,2911,104819,3137,0.026964689317870244,0.5186838624338624
5146,0.5284,6,2,6,602701,2909,104825,3131,0.026946163251695136,0.5183774834437086
5147,0.5285,2,4,2,602705,2905,104827,3129,0.02690911111934492,0.5185614849187935
5148,0.5286,8,0,8,602705,2905,104835,3121,0.02690911111934492,0.5179223365416529
5149,0.5287,5,0,5,602705,2905,104840,3116,0.02690911111934492,0.517522006311244
5150,0.5288,3,5,3,602710,2900,104843,3113,0.026862795953907146,0.5177116248129053
5151,0.5289,3,10,3,602720,2890,104846,3110,0.026770165623031604,0.5183333333333333
5152,0.529,10,4,10,602724,2886,104856,3100,0.026733113490681387,0.5178750417641163
5153,0.5291,4,5,4,602729,2881,104860,3096,0.026686798325243618,0.5179856115107914
5154,0.5292,4,7,4,602736,2874,104864,3092,0.026621957093630737,0.5182701977874623
5155,0.5293,2,3,2,602739,2871,104866,3090,0.026594167994368076,0.5183694011071968
5156,0.5294,4,5,4,602744,2866,104870,3086,0.026547852828930307,0.5184811827956989
5157,0.5295,4,2,4,602746,2864,104874,3082,0.026529326762755198,0.5183316515304406
5158,0.5296,2,2,2,602748,2862,104876,3080,0.02651080069658009,0.5183439919219118
5159,0.5297,6,3,6,602751,2859,104882,3074,0.026483011597317425,0.5181189954491825
5160,0.5298,6,6,6,602757,2853,104888,3068,0.0264274333987921,0.5181557169397061
5161,0.5299,4,2,4,602759,2851,104892,3064,0.026408907332616992,0.5180050718512257
5162,0.53,6,4,6,602763,2847,104898,3058,0.026371855200266775,0.517866215071973
5163,0.5301,3,4,3,602767,2843,104901,3055,0.026334803067916558,0.5179721939640556
5164,0.5302,7,3,7,602770,2840,104908,3048,0.026307013968653897,0.5176630434782609
5165,0.5303,7,4,7,602774,2836,104915,3041,0.02626996183630368,0.5174408711927855
5166,0.5304,1,7,1,602781,2829,104916,3040,0.0262051206046908,0.5179758050775259
5167,0.5305,7,4,7,602785,2825,104923,3033,0.026168068472340583,0.5177534994878799
5168,0.5306,3,4,3,602789,2821,104926,3030,0.026131016339990366,0.5178601948384891
5169,0.5307,7,3,7,602792,2818,104933,3023,0.026103227240727705,0.5175483650059921
5170,0.5308,6,8,6,602800,2810,104939,3017,0.02602912297602727,0.5177621417539042
5171,0.5309,5,4,5,602804,2806,104944,3012,0.025992070843677054,0.517703678239945
5172,0.531,4,2,4,602806,2804,104948,3008,0.025973544777501946,0.5175498967653132
5173,0.5311,5,5,5,602811,2799,104953,3003,0.025927229612064173,0.5175801447776629
5174,0.5312,4,7,4,602818,2792,104957,2999,0.025862388380451296,0.517872560870316
5175,0.5313,4,3,4,602821,2789,104961,2995,0.02583459928118863,0.517807745504841
5176,0.5314,3,0,3,602821,2789,104964,2992,0.02583459928118863,0.5175575160006919
5177,0.5315,4,2,4,602823,2787,104968,2988,0.025816073215013523,0.5174025974025974
5178,0.5316,4,2,4,602825,2785,104972,2984,0.025797547148838414,0.5172473565609291
5179,0.5317,6,6,6,602831,2779,104978,2978,0.02574196895031309,0.5172833072780962
5180,0.5318,8,2,8,602833,2777,104986,2970,0.02572344288413798,0.516791369410127
5181,0.5319,8,6,8,602839,2771,104994,2962,0.025667864685612655,0.5166579452293738
5182,0.532,2,3,2,602842,2768,104996,2960,0.025640075586349995,0.5167597765363129
5183,0.5321,1,6,1,602848,2762,104997,2959,0.02558449738782467,0.517217269708093
5184,0.5322,4,4,4,602852,2758,105001,2955,0.025547445255474453,0.5172413793103449
5185,0.5323,4,2,4,602854,2756,105005,2951,0.025528919189299344,0.5170842824601367
5186,0.5324,2,3,2,602857,2753,105007,2949,0.025501130090036683,0.5171869519466854
5187,0.5325,7,2,7,602859,2751,105014,2942,0.025482604023861575,0.5167749868259266
5188,0.5326,3,4,3,602863,2747,105017,2939,0.025445551891511358,0.5168835736897643
5189,0.5327,8,4,8,602867,2743,105025,2931,0.02540849975916114,0.5165667959111738
5190,0.5328,2,5,2,602872,2738,105027,2929,0.02536218459372337,0.5168519498853008
5191,0.5329,4,8,4,602880,2730,105031,2925,0.025288080329022935,0.5172413793103449
5192,0.533,6,3,6,602883,2727,105037,2919,0.025260291229760274,0.5170031880977684
5193,0.5331,8,2,8,602885,2725,105045,2911,0.025241765163585166,0.5165010645848119
5194,0.5332,2,3,2,602888,2722,105047,2909,0.0252139760643225,0.5166045107440952
5195,0.5333,5,6,5,602894,2716,105052,2904,0.025158397865797176,0.5167259786476869
5196,0.5334,0,5,0,602899,2711,105052,2904,0.025112082700359407,0.517186108637578
5197,0.5335,3,8,3,602907,2703,105055,2901,0.025037978435658973,0.5176659528907923
5198,0.5336,9,3,9,602910,2700,105064,2892,0.02501018933639631,0.5171673819742489
5199,0.5337,7,6,7,602916,2694,105071,2885,0.024954611137870984,0.5171177630399714
5200,0.5338,2,2,2,602918,2692,105073,2883,0.024936085071695875,0.5171300448430494
5201,0.5339,3,6,3,602924,2686,105076,2880,0.02488050687317055,0.5174272367948257
5202,0.534,6,4,6,602928,2682,105082,2874,0.024843454740820333,0.5172786177105831
5203,0.5341,2,2,2,602930,2680,105084,2872,0.024824928674645225,0.5172910662824207
5204,0.5342,3,2,3,602932,2678,105087,2869,0.024806402608470116,0.5172165134306832
5205,0.5343,7,4,7,602936,2674,105094,2862,0.0247693504761199,0.5169797687861272
5206,0.5344,3,5,3,602941,2669,105097,2859,0.02472303531068213,0.5171852387843705
5207,0.5345,5,0,5,602941,2669,105102,2854,0.02472303531068213,0.5167481441245699
5208,0.5346,5,6,5,602947,2663,105107,2849,0.024667457112156805,0.5168722786647315
5209,0.5347,5,2,5,602949,2661,105112,2844,0.024648931045981697,0.5166212534059945
5210,0.5348,3,6,3,602955,2655,105115,2841,0.02459335284745637,0.5169213973799127
5211,0.5349,3,7,3,602962,2648,105118,2838,0.02452851161584349,0.5173168064163325
5212,0.535,4,6,4,602968,2642,105122,2834,0.024472933417318165,0.5175310445580716
5213,0.5351,4,3,4,602971,2639,105126,2830,0.024445144318055504,0.5174620588773085
5214,0.5352,7,1,7,602972,2638,105133,2823,0.02443588128496795,0.5169382896905329
5215,0.5353,3,3,3,602975,2635,105136,2820,0.024408092185705287,0.5169569202566453
5216,0.5354,4,6,4,602981,2629,105140,2816,0.024352513987179962,0.5171717171717172
5217,0.5355,2,3,2,602984,2626,105142,2814,0.0243247248879173,0.5172794117647059
5218,0.5356,4,9,4,602993,2617,105146,2810,0.02424135759012931,0.5177814630550949
5219,0.5357,4,4,4,602997,2613,105150,2806,0.024204305457779095,0.5178077136002952
5220,0.5358,2,4,2,603001,2609,105152,2804,0.024167253325428878,0.518012192869019
5221,0.5359,5,7,5,603008,2602,105157,2799,0.024102412093816,0.5182373634512127
5222,0.536,2,3,2,603011,2599,105159,2797,0.024074622994553336,0.5183469236471461
5223,0.5361,1,6,1,603017,2593,105160,2796,0.02401904479602801,0.5188346632028206
5224,0.5362,5,4,5,603021,2589,105165,2791,0.023981992663677794,0.5187732342007435
5225,0.5363,4,3,4,603024,2586,105169,2787,0.023954203564415133,0.5187046342825238
5226,0.5364,4,3,4,603027,2583,105173,2783,0.02392641446515247,0.5186358553857622
5227,0.5365,3,3,3,603030,2580,105176,2780,0.023898625365889808,0.5186567164179104
5228,0.5366,3,9,3,603039,2571,105179,2777,0.023815258068101818,0.5192595362752431
5229,0.5367,2,7,2,603046,2564,105181,2775,0.02375041683648894,0.5197602547293501
5230,0.5368,3,5,3,603051,2559,105184,2772,0.023704101671051168,0.5199774901519415
5231,0.5369,4,3,4,603054,2556,105188,2768,0.023676312571788507,0.5199098422238918
5232,0.537,7,2,7,603056,2554,105195,2761,0.0236577865056134,0.5194731890874883
5233,0.5371,4,10,4,603066,2544,105199,2757,0.023565156174737856,0.5200905489530278
5234,0.5372,2,1,2,603067,2543,105201,2755,0.0235558931416503,0.520007550018875
5235,0.5373,4,5,4,603072,2538,105205,2751,0.02350957797621253,0.5201361315938741
5236,0.5374,2,4,2,603076,2534,105207,2749,0.023472525843862314,0.5203482869581677
5237,0.5375,6,5,6,603081,2529,105213,2743,0.02342621067842454,0.5202959028831563
5238,0.5376,5,5,5,603086,2524,105218,2738,0.023379895512986772,0.5203344735841885
5239,0.5377,5,0,5,603086,2524,105223,2733,0.023379895512986772,0.5198782575613468
5240,0.5378,4,1,4,603087,2523,105227,2729,0.02337063247989922,0.5196115765422696
5241,0.5379,5,3,5,603090,2520,105232,2724,0.023342843380636556,0.5194508009153318
5242,0.538,3,4,3,603094,2516,105235,2721,0.02330579124828634,0.5195722742027878
5243,0.5381,7,3,7,603097,2513,105242,2714,0.023278002149023678,0.5192270901090492
5244,0.5382,3,6,3,603103,2507,105245,2711,0.023222423950498353,0.5195477194327328
5245,0.5383,2,1,2,603104,2506,105247,2709,0.023213160917410797,0.5194630872483221
5246,0.5384,1,2,1,603106,2504,105248,2708,0.02319463485123569,0.5195702225633154
5247,0.5385,7,3,7,603109,2501,105255,2701,0.023166845751973027,0.5192233756247597
5248,0.5386,3,2,3,603111,2499,105258,2698,0.02314831968579792,0.5191456609582451
5249,0.5387,4,2,4,603113,2497,105262,2694,0.02312979361962281,0.51897514929686
5250,0.5388,3,2,3,603115,2495,105265,2691,0.023111267553447702,0.5188970304666409
5251,0.5389,4,4,4,603119,2491,105269,2687,0.023074215421097485,0.5189262263422171
5252,0.539,4,3,4,603122,2488,105273,2683,0.02304642632183482,0.5188551537420228
5253,0.5391,1,5,1,603127,2483,105274,2682,0.02300011115639705,0.5192642787996128
5254,0.5392,2,3,2,603130,2480,105276,2680,0.022972322057134387,0.5193798449612403
5255,0.5393,0,6,0,603136,2474,105276,2680,0.022916743858609062,0.5199844780752814
5256,0.5394,1,2,1,603138,2472,105277,2679,0.022898217792433954,0.5200931857891672
5257,0.5395,3,1,3,603139,2471,105280,2676,0.0228889547593464,0.5199145133087235
5258,0.5396,4,6,4,603145,2465,105284,2672,0.022833376560821076,0.5201479462721432
5259,0.5397,2,8,2,603153,2457,105286,2670,0.022759272296120642,0.5207723815096548
5260,0.5398,4,3,4,603156,2454,105290,2666,0.022731483196857978,0.520703125
5261,0.5399,4,5,4,603161,2449,105294,2662,0.02268516803142021,0.5208374095089023
5262,0.54,8,4,8,603165,2445,105302,2654,0.022648115899069992,0.520494214551873
5263,0.5401,4,3,4,603168,2442,105306,2650,0.022620326799807328,0.5204241948153967
5264,0.5402,2,6,2,603174,2436,105308,2648,0.022564748601282002,0.5208497246262785
5265,0.5403,4,7,4,603181,2429,105312,2644,0.022499907369669125,0.521190616991918
5266,0.5404,0,1,0,603182,2428,105312,2644,0.02249064433658157,0.5212933753943217
5267,0.5405,3,5,3,603187,2423,105315,2641,0.0224443291711438,0.5215244865718799
5268,0.5406,2,3,2,603190,2420,105317,2639,0.022416540071881135,0.5216445937932398
5269,0.5407,6,3,6,603193,2417,105323,2633,0.022388750972618474,0.5213861386138614
5270,0.5408,3,7,3,603200,2410,105326,2630,0.022323909741005597,0.5218253968253969
5271,0.5409,3,4,3,603204,2406,105329,2627,0.02228685760865538,0.5219550963639976
5272,0.541,3,7,3,603211,2399,105332,2624,0.0222220163770425,0.5223969739199682
5273,0.5411,4,1,4,603212,2398,105336,2620,0.022212753343954946,0.5221203666799522
5274,0.5412,2,6,2,603218,2392,105338,2618,0.02215717514542962,0.5225548902195609
5275,0.5413,4,3,4,603221,2389,105342,2614,0.022129386046166957,0.522486508095143
5276,0.5414,2,4,2,603225,2385,105344,2612,0.02209233391381674,0.5227136281769061
5277,0.5415,5,3,5,603228,2382,105349,2607,0.02206454481455408,0.5225496091401083
5278,0.5416,4,3,4,603231,2379,105353,2603,0.022036755715291415,0.5224809313528703
5279,0.5417,4,3,4,603234,2376,105357,2599,0.022008966616028754,0.5224120603015076
5280,0.5418,3,2,3,603236,2374,105360,2596,0.021990440549853645,0.5223340040241449
5281,0.5419,5,3,5,603239,2371,105365,2591,0.02196265145059098,0.5221684804514308
5282,0.542,5,3,5,603242,2368,105370,2586,0.02193486235132832,0.5220024222850222
5283,0.5421,7,0,7,603242,2368,105377,2579,0.02193486235132832,0.5213260561956742
5284,0.5422,8,2,8,603244,2366,105385,2571,0.02191633628515321,0.5207615961109986
5285,0.5423,2,2,2,603246,2364,105387,2569,0.021897810218978103,0.5207784309750659
5286,0.5424,5,0,5,603246,2364,105392,2564,0.021897810218978103,0.5202922077922078
5287,0.5425,5,3,5,603249,2361,105397,2559,0.02187002111971544,0.5201219512195122
5288,0.5426,0,3,0,603252,2358,105397,2559,0.021842232020452778,0.5204392922513728
5289,0.5427,4,0,4,603252,2358,105401,2555,0.021842232020452778,0.5200488499898229
5290,0.5428,4,2,4,603254,2356,105405,2551,0.02182370595427767,0.519869574077848
5291,0.5429,1,2,1,603256,2354,105406,2550,0.02180517988810256,0.5199836867862969
5292,0.543,3,7,3,603263,2347,105409,2547,0.02174033865648968,0.5204331834899878
5293,0.5431,8,4,8,603267,2343,105417,2539,0.021703286524139463,0.520073740270381
5294,0.5432,2,4,2,603271,2339,105419,2537,0.021666234391789246,0.5203035274815423
5295,0.5433,5,1,5,603272,2338,105424,2532,0.021656971358701694,0.519917864476386
5296,0.5434,3,5,3,603277,2333,105427,2529,0.02161065619326392,0.5201563142739614
5297,0.5435,4,4,4,603281,2329,105431,2525,0.021573604060913704,0.5201895344046148
5298,0.5436,1,6,1,603287,2323,105432,2524,0.02151802586238838,0.5207344749329482
5299,0.5437,5,3,5,603290,2320,105437,2519,0.021490236763125718,0.5205620996073569
5300,0.5438,3,2,3,603292,2318,105440,2516,0.02147171069695061,0.5204799338022342
5301,0.5439,1,3,1,603295,2315,105441,2515,0.021443921597687945,0.520703933747412
5302,0.544,4,3,4,603298,2312,105445,2511,0.021416132498425285,0.5206303130831432
5303,0.5441,2,4,2,603302,2308,105447,2509,0.021379080366075068,0.5208636080548059
5304,0.5442,2,2,2,603304,2306,105449,2507,0.02136055429989996,0.5208809474340328
5305,0.5443,1,6,1,603310,2300,105450,2506,0.021304976101374634,0.521431543903454
5306,0.5444,5,4,5,603314,2296,105455,2501,0.021267923969024417,0.5213675213675214
5307,0.5445,1,1,1,603315,2295,105456,2500,0.021258660935936865,0.5213764337851929
5308,0.5446,0,1,0,603316,2294,105456,2500,0.02124939790284931,0.5214851898206091
5309,0.5447,6,3,6,603319,2291,105462,2494,0.021221608803586648,0.5212121212121212
5310,0.5448,2,2,2,603321,2289,105464,2492,0.02120308273741154,0.5212298682284041
5311,0.5449,5,5,5,603326,2284,105469,2487,0.021156767571973767,0.5212743659610145
5312,0.545,5,3,5,603329,2281,105474,2482,0.021128978472711106,0.5211001469661978
5313,0.5451,1,3,1,603332,2278,105475,2481,0.02110118937344844,0.5213280100861526
5314,0.5452,3,5,3,603337,2273,105478,2478,0.021054874208010672,0.5215744053883393
5315,0.5453,3,4,3,603341,2269,105481,2475,0.021017822075660456,0.5217116357504216
5316,0.5454,2,5,2,603346,2264,105483,2473,0.020971506910222683,0.5220603757652522
5317,0.5455,4,6,4,603352,2258,105487,2469,0.020915928711697358,0.5223185953035752
5318,0.5456,7,6,7,603358,2252,105494,2462,0.020860350513172032,0.522274077216801
5319,0.5457,2,4,2,603362,2248,105496,2460,0.020823298380821816,0.5225148683092609
5320,0.5458,1,2,1,603364,2246,105497,2459,0.020804772314646707,0.5226354941551541
5321,0.5459,5,4,5,603368,2242,105502,2454,0.02076772018229649,0.522572402044293
5322,0.546,4,1,4,603369,2241,105506,2450,0.020758457149208938,0.5222767000639522
5323,0.5461,4,2,4,603371,2239,105510,2446,0.02073993108303383,0.5220917822838848
5324,0.5462,4,1,4,603372,2238,105514,2442,0.020730668049946274,0.5217948717948718
5325,0.5463,2,6,2,603378,2232,105516,2440,0.02067508985142095,0.5222602739726028
5326,0.5464,3,2,3,603380,2230,105519,2437,0.02065656378524584,0.5221769873580459
5327,0.5465,0,2,0,603382,2228,105519,2437,0.02063803771907073,0.5224008574490889
5328,0.5466,1,4,1,603386,2224,105520,2436,0.020600985586720515,0.5227467811158798
5329,0.5467,0,4,0,603390,2220,105520,2436,0.020563933454370298,0.5231958762886598
5330,0.5468,2,2,2,603392,2218,105522,2434,0.02054540738819519,0.5232158211521926
5331,0.5469,3,3,3,603395,2215,105525,2431,0.02051761828893253,0.5232458028411536
5332,0.547,1,1,1,603396,2214,105526,2430,0.020508355255844973,0.5232558139534884
5333,0.5471,2,1,2,603397,2213,105528,2428,0.02049909222275742,0.5231631113984055
5334,0.5472,3,3,3,603400,2210,105531,2425,0.020471303123494756,0.52319309600863
5335,0.5473,4,1,4,603401,2209,105535,2421,0.020462040090407203,0.5228941684665227
5336,0.5474,2,7,2,603408,2202,105537,2419,0.020397198858794322,0.523479766284354
5337,0.5475,4,1,4,603409,2201,105541,2415,0.02038793582570677,0.5231802426343154
5338,0.5476,6,2,6,603411,2199,105547,2409,0.02036940975953166,0.5227864583333334
5339,0.5477,6,4,6,603415,2195,105553,2403,0.020332357627181444,0.5226185297955633
5340,0.5478,2,3,2,603418,2192,105555,2401,0.02030456852791878,0.5227520139342478
5341,0.5479,5,7,5,603425,2185,105560,2396,0.020239727296305902,0.5230299061340319
5342,0.548,4,4,4,603429,2181,105564,2392,0.020202675163955686,0.5230701946205991
5343,0.5481,3,3,3,603432,2178,105567,2389,0.020174886064693025,0.523100503612875
5344,0.5482,1,6,1,603438,2172,105568,2388,0.0201193078661677,0.5236842105263158
5345,0.5483,4,6,4,603444,2166,105572,2384,0.020063729667642374,0.523956043956044
5346,0.5484,2,7,2,603451,2159,105574,2382,0.019998888436029493,0.5245540629817221
5347,0.5485,4,6,4,603457,2153,105578,2378,0.019943310237504168,0.5248289560803354
5348,0.5486,3,2,3,603459,2151,105581,2375,0.01992478417132906,0.5247459125055236
5349,0.5487,5,4,5,603463,2147,105586,2370,0.019887732038978843,0.5246845251272969
5350,0.5488,4,5,4,603468,2142,105590,2366,0.019841416873541073,0.5248447204968945
5351,0.5489,3,3,3,603471,2139,105593,2363,0.01981362777427841,0.5248778320746335
5352,0.549,4,3,4,603474,2136,105597,2359,0.019785838675015748,0.5248053392658509
5353,0.5491,2,3,2,603477,2133,105599,2357,0.019758049575753084,0.5249443207126949
5354,0.5492,3,6,3,603483,2127,105602,2354,0.01970247137722776,0.5253291675965186
5355,0.5493,1,6,1,603489,2121,105603,2353,0.019646893178702433,0.5259275815824765
5356,0.5494,5,3,5,603492,2118,105608,2348,0.019619104079439773,0.5257501119570085
5357,0.5495,3,3,3,603495,2115,105611,2345,0.019591314980177108,0.5257847533632287
5358,0.5496,3,1,3,603496,2114,105614,2342,0.019582051947089556,0.5255834829443446
5359,0.5497,6,4,6,603500,2110,105620,2336,0.01954499981473934,0.5254161043634727
5360,0.5498,4,4,4,603504,2106,105624,2332,0.019507947682389122,0.5254619197836864
5361,0.5499,4,3,4,603507,2103,105628,2328,0.019480158583126458,0.5253893026404874
5362,0.55,3,6,3,603513,2097,105631,2325,0.019424580384601133,0.5257801899592944
5363,0.5501,3,4,3,603517,2093,105634,2322,0.019387528252250916,0.5259343148357871
5364,0.5502,6,3,6,603520,2090,105640,2316,0.019359739152988255,0.5256468452110759
5365,0.5503,1,2,1,603522,2088,105641,2315,0.019341213086813146,0.5257778787190552
5366,0.5504,1,1,1,603523,2087,105642,2314,0.01933195005372559,0.5257895932742559
5367,0.5505,3,6,3,603529,2081,105645,2311,0.019276371855200265,0.526183970856102
5368,0.5506,1,4,1,603533,2077,105646,2310,0.01923931972285005,0.526555732847048
5369,0.5507,5,6,5,603539,2071,105651,2305,0.019183741524324723,0.5267367458866545
5370,0.5508,4,2,4,603541,2069,105655,2301,0.019165215458149615,0.5265446224256293
5371,0.5509,3,2,3,603543,2067,105658,2298,0.01914668939197451,0.5264604810996564
5372,0.551,1,5,1,603548,2062,105659,2297,0.019100374226536737,0.5269557237898601
5373,0.5511,2,4,2,603552,2058,105661,2295,0.01906332209418652,0.5272226050999311
5374,0.5512,6,4,6,603556,2054,105667,2289,0.019026269961836303,0.5270550310845038
5375,0.5513,3,2,3,603558,2052,105670,2286,0.019007743895661195,0.5269709543568465
5376,0.5514,3,3,3,603561,2049,105673,2283,0.018979954796398534,0.5270083102493075
5377,0.5515,7,2,7,603563,2047,105680,2276,0.018961428730223426,0.5264862364099006
5378,0.5516,2,4,2,603567,2043,105682,2274,0.01892437659787321,0.5267546907574705
5379,0.5517,2,5,2,603572,2038,105684,2272,0.018878061432435436,0.5271461716937355
5380,0.5518,0,2,0,603574,2036,105684,2272,0.018859535366260328,0.5273909006499535
5381,0.5519,5,6,5,603580,2030,105689,2267,0.018803957167735003,0.5275773795671399
5382,0.552,1,4,1,603584,2026,105690,2266,0.018766905035384786,0.5279589934762349
5383,0.5521,3,5,3,603589,2021,105693,2263,0.018720589869947016,0.5282446311858077
5384,0.5522,1,1,1,603590,2020,105694,2262,0.01871132683685946,0.5282578234469874
5385,0.5523,6,1,6,603591,2019,105700,2256,0.018702063803771908,0.527719298245614
5386,0.5524,4,1,4,603592,2018,105704,2252,0.018692800770684352,0.527400468384075
5387,0.5525,6,1,6,603593,2017,105710,2246,0.0186835377375968,0.5268590194698569
5388,0.5526,4,6,4,603599,2011,105714,2242,0.018627959539071474,0.5271573007288972
5389,0.5527,3,2,3,603601,2009,105717,2239,0.018609433472896366,0.5270715630885122
5390,0.5528,4,7,4,603608,2002,105721,2235,0.018544592241283485,0.5274958697191409
5391,0.5529,7,2,7,603610,2000,105728,2228,0.018526066175108376,0.5269631031220435
5392,0.553,6,8,6,603618,1992,105734,2222,0.018451961910407943,0.5272899857617466
5393,0.5531,2,2,2,603620,1990,105736,2220,0.018433435844232834,0.5273159144893111
5394,0.5532,2,3,2,603623,1987,105738,2218,0.018405646744970174,0.5274673008323425
5395,0.5533,4,5,4,603628,1982,105742,2214,0.0183593315795324,0.5276453765490944
5396,0.5534,3,3,3,603631,1979,105745,2211,0.01833154248026974,0.5276849642004773
5397,0.5535,5,1,5,603632,1978,105750,2206,0.018322279447182184,0.527246653919694
5398,0.5536,8,2,8,603634,1976,105758,2198,0.018303753381007076,0.5265931959750838
5399,0.5537,5,2,5,603636,1974,105763,2193,0.018285227314831967,0.5262778977681786
5400,0.5538,4,4,4,603640,1970,105767,2189,0.01824817518248175,0.5263284443375812
5401,0.5539,3,2,3,603642,1968,105770,2186,0.018229649116306642,0.5262397688974483
5402,0.554,3,3,3,603645,1965,105773,2183,0.01820186001704398,0.5262777242044359
5403,0.5541,5,1,5,603646,1964,105778,2178,0.018192596983956425,0.5258329309512313
5404,0.5542,2,5,2,603651,1959,105780,2176,0.018146281818518656,0.5262394195888754
5405,0.5543,4,3,4,603654,1956,105784,2172,0.01811849271925599,0.5261627906976745
5406,0.5544,4,4,4,603658,1952,105788,2168,0.018081440586905778,0.5262135922330097
5407,0.5545,2,5,2,603663,1947,105790,2166,0.018035125421468005,0.5266229029905178
5408,0.5546,6,4,6,603667,1943,105796,2160,0.01799807328911779,0.52644406531806
5409,0.5547,2,1,2,603668,1942,105798,2158,0.017988810256030236,0.5263414634146342
5410,0.5548,4,2,4,603670,1940,105802,2154,0.017970284189855128,0.5261358085002442
5411,0.5549,3,0,3,603670,1940,105805,2151,0.017970284189855128,0.5257883158152041
5412,0.555,2,4,2,603674,1936,105807,2149,0.01793323205750491,0.5260709914320686
5413,0.5551,4,4,4,603678,1932,105811,2145,0.017896179925154694,0.5261221486387049
5414,0.5552,3,3,3,603681,1929,105814,2142,0.01786839082589203,0.5261606484893147
5415,0.5553,3,2,3,603683,1927,105817,2139,0.01784986475971692,0.5260698475159862
5416,0.5554,1,5,1,603688,1922,105818,2138,0.017803549594279152,0.5266009852216749
5417,0.5555,2,2,2,603690,1920,105820,2136,0.017785023528104044,0.5266272189349113
5418,0.5556,5,2,5,603692,1918,105825,2131,0.017766497461928935,0.5263027908125463
5419,0.5557,3,5,3,603697,1913,105828,2128,0.017720182296491162,0.5266023261568918
5420,0.5558,1,3,1,603700,1910,105829,2127,0.0176923931972285,0.526876393361407
5421,0.5559,3,5,3,603705,1905,105832,2124,0.01764607803179073,0.5271779597915115
5422,0.556,4,3,4,603708,1902,105836,2120,0.017618288932528068,0.5271009448035803
5423,0.5561,5,3,5,603711,1899,105841,2115,0.017590499833265404,0.5269058295964125
5424,0.5562,6,4,6,603715,1895,105847,2109,0.017553447700915187,0.5267232767232767
5425,0.5563,2,3,2,603718,1892,105849,2107,0.017525658601652526,0.5268817204301075
5426,0.5564,4,5,4,603723,1887,105853,2103,0.017479343436214753,0.5270676691729324
5427,0.5565,1,2,1,603725,1885,105854,2102,0.017460817370039645,0.527213443691999
5428,0.5566,1,9,1,603734,1876,105855,2101,0.01737745007225166,0.5282876540105608
5429,0.5567,4,2,4,603736,1874,105859,2097,0.01735892400607655,0.5280785696298161
5430,0.5568,2,4,2,603740,1870,105861,2095,0.017321871873726333,0.5283732660781841
5431,0.5569,2,3,2,603743,1867,105863,2093,0.01729408277446367,0.5285353535353535
5432,0.557,2,4,2,603747,1863,105865,2091,0.017257030642113452,0.5288315629742033
5433,0.5571,0,2,0,603749,1861,105865,2091,0.017238504575938344,0.5290991902834008
5434,0.5572,3,3,3,603752,1858,105868,2088,0.017210715476675683,0.5291434363912824
5435,0.5573,3,5,3,603757,1853,105871,2085,0.01716440031123791,0.5294565769426105
5436,0.5574,4,4,4,603761,1849,105875,2081,0.017127348178887693,0.5295165394402036
5437,0.5575,1,4,1,603765,1845,105876,2080,0.017090296046537477,0.5299363057324841
5438,0.5576,1,0,1,603765,1845,105877,2079,0.017090296046537477,0.5298165137614679
5439,0.5577,2,4,2,603769,1841,105879,2077,0.01705324391418726,0.5301174068402246
5440,0.5578,2,7,2,603776,1834,105881,2075,0.016988402682574382,0.5308262982860067
5441,0.5579,4,7,4,603783,1827,105885,2071,0.016923561450961504,0.5312981015905592
5442,0.558,2,3,2,603786,1824,105887,2069,0.01689577235169884,0.531466735165682
5443,0.5581,7,2,7,603788,1822,105894,2062,0.01687724628552373,0.5308959835221421
5444,0.5582,4,1,4,603789,1821,105898,2058,0.01686798325243618,0.5305491105955144
5445,0.5583,4,3,4,603792,1818,105902,2054,0.016840194153173515,0.5304752066115702
5446,0.5584,4,4,4,603796,1814,105906,2050,0.016803142020823298,0.5305383022774327
5447,0.5585,1,4,1,603800,1810,105907,2049,0.01676608988847308,0.5309665716506867
5448,0.5586,5,0,5,603800,1810,105912,2044,0.01676608988847308,0.5303580695381422
5449,0.5587,6,1,6,603801,1809,105918,2038,0.01675682685538553,0.5297634520405511
5450,0.5588,3,3,3,603804,1806,105921,2035,0.016729037756122864,0.5298099453267379
5451,0.5589,1,4,1,603808,1802,105922,2034,0.016691985623772648,0.5302398331595412
5452,0.559,4,4,4,603812,1798,105926,2030,0.01665493349142243,0.5303030303030303
5453,0.5591,5,6,5,603818,1792,105931,2025,0.016599355292897106,0.5305213518470002
5454,0.5592,6,2,6,603820,1790,105937,2019,0.016580829226721997,0.5300603833027041
5455,0.5593,1,5,1,603825,1785,105938,2018,0.016534514061284228,0.5306337102287667
5456,0.5594,5,1,5,603826,1784,105943,2013,0.016525251028196672,0.5301553858309191
5457,0.5595,3,2,3,603828,1782,105946,2010,0.016506724962021564,0.5300632911392406
5458,0.5596,4,3,4,603831,1779,105950,2006,0.016478935862758903,0.5299867899603699
5459,0.5597,1,3,1,603834,1776,105951,2005,0.01645114676349624,0.5302829939169532
5460,0.5598,4,4,4,603838,1772,105955,2001,0.01641409463114602,0.5303472038165916
5461,0.5599,1,4,1,603842,1768,105956,2000,0.016377042498795805,0.5307855626326964
5462,0.56,2,3,2,603845,1765,105958,1998,0.016349253399533144,0.5309593409513685
5463,0.5601,1,1,1,603846,1764,105959,1997,0.016339990366445588,0.530975804307365
5464,0.5602,3,3,3,603849,1761,105962,1994,0.016312201267182927,0.5310252996005326
5465,0.5603,2,3,2,603852,1758,105964,1992,0.016284412167920263,0.5312
5466,0.5604,4,2,4,603854,1756,105968,1988,0.016265886101745154,0.530982905982906
5467,0.5605,1,2,1,603856,1754,105969,1987,0.016247360035570046,0.5311414060411654
5468,0.5606,3,1,3,603857,1753,105972,1984,0.016238097002482493,0.530907144768531
5469,0.5607,4,4,4,603861,1749,105976,1980,0.016201044870132277,0.5309734513274337
5470,0.5608,1,5,1,603866,1744,105977,1979,0.016154729704694504,0.5315605694332528
5471,0.5609,1,2,1,603868,1742,105978,1978,0.016136203638519395,0.5317204301075269
5472,0.561,1,3,1,603871,1739,105979,1977,0.016108414539256734,0.5320236813778256
5473,0.5611,6,2,6,603873,1737,105985,1971,0.016089888473081626,0.5315533980582524
5474,0.5612,5,3,5,603876,1734,105990,1966,0.01606209937381896,0.5313513513513514
5475,0.5613,1,5,1,603881,1729,105991,1965,0.016015784208381192,0.5319436924742826
5476,0.5614,4,2,4,603883,1727,105995,1961,0.015997258142206084,0.5317245119305857
5477,0.5615,2,1,2,603884,1726,105997,1959,0.015987995109118528,0.5316146540027137
5478,0.5616,1,6,1,603890,1720,105998,1958,0.015932416910593206,0.5323545405111474
5479,0.5617,5,2,5,603892,1718,106003,1953,0.015913890844418098,0.532007627349496
5480,0.5618,6,3,6,603895,1715,106009,1947,0.015886101745155434,0.5316766794101584
5481,0.5619,3,2,3,603897,1713,106012,1944,0.015867575678980325,0.5315832649712879
5482,0.562,2,7,2,603904,1706,106014,1942,0.015802734447367447,0.5323464912280702
5483,0.5621,3,2,3,603906,1704,106017,1939,0.01578420838119234,0.5322536371122701
5484,0.5622,4,3,4,603909,1701,106021,1935,0.015756419281929675,0.5321782178217822
5485,0.5623,2,6,2,603915,1695,106023,1933,0.01570084108340435,0.532800441014333
5486,0.5624,1,3,1,603918,1692,106024,1932,0.01567305198414169,0.5331125827814569
5487,0.5625,1,1,1,603919,1691,106025,1931,0.015663788951054133,0.5331308669243512
5488,0.5626,1,1,1,603920,1690,106026,1930,0.01565452591796658,0.5331491712707183
5489,0.5627,2,3,2,603923,1687,106028,1928,0.015626736818703916,0.5333333333333333
5490,0.5628,2,6,2,603929,1681,106030,1926,0.01557115862017859,0.5339617410590518
5491,0.5629,2,1,2,603930,1680,106032,1924,0.015561895587091036,0.5338512763596004
5492,0.563,4,2,4,603932,1678,106036,1920,0.015543369520915928,0.5336297943301834
5493,0.5631,2,5,2,603937,1673,106038,1918,0.015497054355478157,0.5341130604288499
5494,0.5632,1,3,1,603940,1670,106039,1917,0.015469265256215494,0.5344298856983551
5495,0.5633,1,4,1,603944,1666,106040,1916,0.015432213123865278,0.5348967057509771
5496,0.5634,4,2,4,603946,1664,106044,1912,0.015413687057690171,0.5346756152125279
5497,0.5635,1,2,1,603948,1662,106045,1911,0.015395160991515063,0.5348446683459278
5498,0.5636,6,4,6,603952,1658,106051,1905,0.015358108859164846,0.5346618018523716
5499,0.5637,1,2,1,603954,1656,106052,1904,0.015339582792989737,0.5348314606741573
5500,0.5638,1,2,1,603956,1654,106053,1903,0.015321056726814629,0.5350014056789429
5501,0.5639,2,0,2,603956,1654,106055,1901,0.015321056726814629,0.5347398030942335
5502,0.564,2,1,2,603957,1653,106057,1899,0.015311793693727075,0.5346283783783784
5503,0.5641,3,3,3,603960,1650,106060,1896,0.015284004594464412,0.5346869712351946
5504,0.5642,1,3,1,603963,1647,106061,1895,0.01525621549520175,0.5350084697910785
5505,0.5643,2,2,2,603965,1645,106063,1893,0.015237689429026641,0.535048049745619
5506,0.5644,4,3,4,603968,1642,106067,1889,0.015209900329763978,0.534975927499292
5507,0.5645,5,3,5,603971,1639,106072,1884,0.015182111230501316,0.5347715015611695
5508,0.5646,3,3,3,603974,1636,106075,1881,0.015154322131238653,0.5348308217230594
5509,0.5647,4,1,4,603975,1635,106079,1877,0.015145059098151099,0.5344533029612756
5510,0.5648,4,1,4,603976,1634,106083,1873,0.015135796065063545,0.5340747077274023
5511,0.5649,7,1,7,603977,1633,106090,1866,0.01512653303197599,0.5332952272077737
5512,0.565,4,3,4,603980,1630,106094,1862,0.015098743932713328,0.5332187857961054
5513,0.5651,3,1,3,603981,1629,106097,1859,0.015089480899625774,0.5329701834862385
5514,0.5652,4,3,4,603984,1626,106101,1855,0.015061691800363111,0.5328928468830796
5515,0.5653,3,2,3,603986,1624,106104,1852,0.015043165734188003,0.5327963176064442
5516,0.5654,3,1,3,603987,1623,106107,1849,0.015033902701100449,0.5325460829493087
5517,0.5655,1,1,1,603988,1622,106108,1848,0.015024639668012894,0.5325648414985591
5518,0.5656,3,3,3,603991,1619,106111,1845,0.014996850568750232,0.5326212471131639
5519,0.5657,1,3,1,603994,1616,106112,1844,0.014969061469487569,0.5329479768786127
5520,0.5658,1,5,1,603999,1611,106113,1843,0.014922746304049798,0.5335842501447597
5521,0.5659,2,3,2,604002,1608,106115,1841,0.014894957204787136,0.5337779066396057
5522,0.566,2,6,2,604008,1602,106117,1839,0.01483937900626181,0.5344376634699215
5523,0.5661,3,0,3,604008,1602,106120,1836,0.01483937900626181,0.5340314136125655
5524,0.5662,6,2,6,604010,1600,106126,1830,0.014820852940086702,0.5335276967930029
5525,0.5663,4,0,4,604010,1600,106130,1826,0.014820852940086702,0.5329830706363106
5526,0.5664,2,2,2,604012,1598,106132,1824,0.014802326873911593,0.5330216247808299
5527,0.5665,4,3,4,604015,1595,106136,1820,0.01477453777464893,0.5329428989751098
5528,0.5666,6,2,6,604017,1593,106142,1814,0.014756011708473822,0.5324332257117699
5529,0.5667,2,3,2,604020,1590,106144,1812,0.01472822260921116,0.5326278659611993
5530,0.5668,3,4,3,604024,1586,106147,1809,0.014691170476860943,0.5328424153166421
5531,0.5669,3,4,3,604028,1582,106150,1806,0.014654118344510726,0.5330578512396694
5532,0.567,4,7,4,604035,1575,106154,1802,0.014589277112897847,0.5336097127628072
5533,0.5671,5,1,5,604036,1574,106159,1797,0.014580014079810293,0.5330762385048947
5534,0.5672,1,3,1,604039,1571,106160,1796,0.01455222498054763,0.5334125334125334
5535,0.5673,0,5,0,604044,1566,106160,1796,0.014505909815109859,0.5342058298631767
5536,0.5674,5,6,5,604050,1560,106165,1791,0.014450331616584534,0.5344673231871083
5537,0.5675,3,5,3,604055,1555,106168,1788,0.014404016451146763,0.5348489380795692
5538,0.5676,4,1,4,604056,1554,106172,1784,0.014394753418059208,0.5344517675254643
5539,0.5677,2,5,2,604061,1549,106174,1782,0.01434843825262144,0.5349744821374962
5540,0.5678,6,2,6,604063,1547,106180,1776,0.01432991218644633,0.534456816130003
5541,0.5679,1,2,1,604065,1545,106181,1775,0.014311386120271222,0.5346385542168675
5542,0.568,2,2,2,604067,1543,106183,1773,0.014292860054096114,0.534680337756333
5543,0.5681,1,2,1,604069,1541,106184,1772,0.014274333987921006,0.534862662239662
5544,0.5682,3,2,3,604071,1539,106187,1769,0.014255807921745897,0.5347642079806529
5545,0.5683,1,1,1,604072,1538,106188,1768,0.014246544888658343,0.5347852389594676
5546,0.5684,1,4,1,604076,1534,106189,1767,0.014209492756308126,0.5352923356558619
5547,0.5685,5,4,5,604080,1530,106194,1762,0.01417244062395791,0.5352369380315918
5548,0.5686,5,4,5,604084,1526,106199,1757,0.014135388491607693,0.535181236673774
5549,0.5687,3,2,3,604086,1524,106202,1754,0.014116862425432584,0.5350823672971324
5550,0.5688,3,4,3,604090,1520,106205,1751,0.014079810293082367,0.5353103026597371
5551,0.5689,2,3,2,604093,1517,106207,1749,0.014052021193819705,0.535517452541335
5552,0.569,5,2,5,604095,1515,106212,1744,0.014033495127644596,0.5351334765265419
5553,0.5691,0,1,0,604096,1514,106212,1744,0.014024232094557042,0.5352977286678944
5554,0.5692,5,2,5,604098,1512,106217,1739,0.014005706028381934,0.5349123346662565
5555,0.5693,1,2,1,604100,1510,106218,1738,0.013987179962206825,0.5350985221674877
5556,0.5694,6,3,6,604103,1507,106224,1732,0.013959390862944163,0.5347329422661316
5557,0.5695,2,2,2,604105,1505,106226,1730,0.013940864796769054,0.5347758887171561
5558,0.5696,1,3,1,604108,1502,106227,1729,0.013913075697506392,0.5351284432064376
5559,0.5697,4,2,4,604110,1500,106231,1725,0.013894549631331283,0.5348837209302325
5560,0.5698,5,1,5,604111,1499,106236,1720,0.013885286598243729,0.534327430879155
5561,0.5699,3,2,3,604113,1497,106239,1717,0.01386676053206862,0.5342252644679527
5562,0.57,2,1,2,604114,1496,106241,1715,0.013857497498981066,0.53410152600436
5563,0.5701,2,3,2,604117,1493,106243,1713,0.013829708399718404,0.5343106674984405
5564,0.5702,5,4,5,604121,1489,106248,1708,0.013792656267368187,0.5342508601814201
5565,0.5703,2,0,2,604121,1489,106250,1706,0.013792656267368187,0.5339593114241001
5566,0.5704,3,1,3,604122,1488,106253,1703,0.013783393234280633,0.5336884989031652
5567,0.5705,4,2,4,604124,1486,106257,1699,0.013764867168105524,0.5334379905808477
5568,0.5706,0,2,0,604126,1484,106257,1699,0.013746341101930416,0.5337731699654414
5569,0.5707,1,4,1,604130,1480,106258,1698,0.0137092889695802,0.5342983008181246
5570,0.5708,2,1,2,604131,1479,106260,1696,0.013700025936492645,0.5341732283464566
5571,0.5709,2,3,2,604134,1476,106262,1694,0.013672236837229982,0.534384858044164
5572,0.571,4,4,4,604138,1472,106266,1690,0.013635184704879766,0.534471853257432
5573,0.5711,3,2,3,604140,1470,106269,1687,0.013616658638704657,0.5343680709534369
5574,0.5712,2,7,2,604147,1463,106271,1685,0.013551817407091778,0.5352604828462516
5575,0.5713,3,4,3,604151,1459,106274,1682,0.01351476527474156,0.5354982489652976
5576,0.5714,5,1,5,604152,1458,106279,1677,0.013505502241654007,0.5349282296650718
5577,0.5715,2,4,2,604156,1454,106281,1675,0.01346845010930379,0.5353147970597635
5578,0.5716,5,1,5,604157,1453,106286,1670,0.013459187076216236,0.5347422350304195
5579,0.5717,0,3,0,604160,1450,106286,1670,0.013431397976953573,0.5352564102564102
5580,0.5718,3,1,3,604161,1449,106289,1667,0.013422134943866019,0.5349807445442876
5581,0.5719,2,3,2,604164,1446,106291,1665,0.013394345844603356,0.5351976856316297
5582,0.572,5,2,5,604166,1444,106296,1660,0.013375819778428248,0.5347938144329897
5583,0.5721,2,3,2,604169,1441,106298,1658,0.013348030679165585,0.5350112939657954
5584,0.5722,6,4,6,604173,1437,106304,1652,0.013310978546815368,0.5348009064422143
5585,0.5723,5,1,5,604174,1436,106309,1647,0.013301715513727814,0.5342199156665586
5586,0.5724,2,2,2,604176,1434,106311,1645,0.013283189447552708,0.5342643715492043
5587,0.5725,1,1,1,604177,1433,106312,1644,0.013273926414465153,0.5342866428339291
5588,0.5726,1,1,1,604178,1432,106313,1643,0.013264663381377599,0.5343089430894309
5589,0.5727,4,0,4,604178,1432,106317,1639,0.013264663381377599,0.5337023770758711
5590,0.5728,4,4,4,604182,1428,106321,1635,0.013227611249027382,0.5337904015670911
5591,0.5729,4,3,4,604185,1425,106325,1631,0.01319982214976472,0.5337041884816754
5592,0.573,3,5,3,604190,1420,106328,1628,0.013153506984326949,0.5341207349081365
5593,0.5731,0,1,0,604191,1419,106328,1628,0.013144243951239394,0.5342960288808665
5594,0.5732,2,4,2,604195,1415,106330,1626,0.013107191818889178,0.5346925353502138
5595,0.5733,0,5,0,604200,1410,106330,1626,0.013060876653451407,0.5355731225296443
5596,0.5734,5,3,5,604203,1407,106335,1621,0.013033087554188744,0.535336856010568
5597,0.5735,3,3,3,604206,1404,106338,1618,0.013005298454926081,0.5354070152217075
5598,0.5736,1,3,1,604209,1401,106339,1617,0.012977509355663419,0.5357852882703777
5599,0.5737,0,1,0,604210,1400,106339,1617,0.012968246322575865,0.5359628770301624
5600,0.5738,1,3,1,604213,1397,106340,1616,0.012940457223313202,0.5363425157650182
5601,0.5739,2,3,2,604216,1394,106342,1614,0.01291266812405054,0.5365691489361702
5602,0.574,3,0,3,604216,1394,106345,1611,0.01291266812405054,0.5361064891846922
5603,0.5741,5,4,5,604220,1390,106350,1606,0.012875615991700323,0.5360480640854473
5604,0.5742,4,5,4,604225,1385,106354,1602,0.012829300826262552,0.5363240709742216
5605,0.5743,4,5,4,604230,1380,106358,1598,0.01278298566082478,0.5366017461383479
5606,0.5744,0,2,0,604232,1378,106358,1598,0.012764459594649672,0.5369623655913979
5607,0.5745,4,4,4,604236,1374,106362,1594,0.012727407462299455,0.5370619946091644
5608,0.5746,4,2,4,604238,1372,106366,1590,0.012708881396124347,0.536799459824443
5609,0.5747,5,5,5,604243,1367,106371,1585,0.012662566230686576,0.5369241192411924
5610,0.5748,4,6,4,604249,1361,106375,1581,0.01260698803216125,0.5373895309313392
5611,0.5749,1,3,1,604252,1358,106376,1580,0.012579198932898588,0.537780803267529
5612,0.575,1,6,1,604258,1352,106377,1579,0.012523620734373263,0.5387239849880587
5613,0.5751,0,3,0,604261,1349,106377,1579,0.0124958316351106,0.539275956284153
5614,0.5752,3,2,3,604263,1347,106380,1576,0.012477305568935492,0.539172083475881
5615,0.5753,6,1,6,604264,1346,106386,1570,0.012468042535847938,0.5384087791495199
5616,0.5754,3,3,3,604267,1343,106389,1567,0.012440253436585275,0.538487972508591
5617,0.5755,7,3,7,604270,1340,106396,1560,0.012412464337322612,0.5379310344827586
5618,0.5756,5,6,5,604276,1334,106401,1555,0.012356886138797287,0.5382485289027346
5619,0.5757,2,2,2,604278,1332,106403,1553,0.012338360072622179,0.5383015597920278
5620,0.5758,5,1,5,604279,1331,106408,1548,0.012329097039534625,0.5376866967697117
5621,0.5759,0,5,0,604284,1326,106408,1548,0.012282781874096853,0.5386221294363257
5622,0.576,2,2,2,604286,1324,106410,1546,0.012264255807921745,0.5386759581881533
5623,0.5761,2,3,2,604289,1321,106412,1544,0.012236466708659082,0.5389179755671902
5624,0.5762,6,3,6,604292,1318,106418,1538,0.012208677609396422,0.538515406162465
5625,0.5763,5,6,5,604298,1312,106423,1533,0.012153099410871096,0.5388400702987698
5626,0.5764,1,4,1,604302,1308,106424,1532,0.01211604727852088,0.5394366197183098
5627,0.5765,3,3,3,604305,1305,106427,1529,0.012088258179258217,0.5395201129146083
5628,0.5766,6,4,6,604309,1301,106433,1523,0.012051206046908,0.5393059490084986
5629,0.5767,2,1,2,604310,1300,106435,1521,0.012041943013820446,0.5391705069124424
5630,0.5768,3,2,3,604312,1298,106438,1518,0.012023416947645338,0.5390625
5631,0.5769,2,0,2,604312,1298,106440,1516,0.012023416947645338,0.5387348969438521
5632,0.577,1,1,1,604313,1297,106441,1515,0.012014153914557783,0.5387624466571835
5633,0.5771,3,4,3,604317,1293,106444,1512,0.011977101782207566,0.5390374331550802
5634,0.5772,7,5,7,604322,1288,106451,1505,0.011930786616769795,0.5388471177944862
5635,0.5773,1,2,1,604324,1286,106452,1504,0.011912260550594687,0.5390681003584229
5636,0.5774,3,4,3,604328,1282,106455,1501,0.01187520841824447,0.5393460294646065
5637,0.5775,0,2,0,604330,1280,106455,1501,0.011856682352069362,0.5397339086659475
5638,0.5776,1,0,1,604330,1280,106456,1500,0.011856682352069362,0.539568345323741
5639,0.5777,0,1,0,604331,1279,106456,1500,0.011847419318981808,0.5397625044980209
5640,0.5778,4,1,4,604332,1278,106460,1496,0.011838156285894253,0.5392934390771449
5641,0.5779,2,4,2,604336,1274,106462,1494,0.011801104153544037,0.5397398843930635
5642,0.578,5,2,5,604338,1272,106467,1489,0.011782578087368928,0.5392973560304237
5643,0.5781,3,3,3,604341,1269,106470,1486,0.011754788988106266,0.5393829401088929
5644,0.5782,2,4,2,604345,1265,106472,1484,0.011717736855756049,0.5398326664241543
5645,0.5783,4,2,4,604347,1263,106476,1480,0.01169921078958094,0.5395552314983595
5646,0.5784,6,3,6,604350,1260,106482,1474,0.011671421690318278,0.5391367959034382
5647,0.5785,5,1,5,604351,1259,106487,1469,0.011662158657230724,0.5384897360703812
5648,0.5786,3,4,3,604355,1255,106490,1466,0.011625106524880507,0.5387725101065785
5649,0.5787,2,2,2,604357,1253,106492,1464,0.011606580458705398,0.5388295914611704
5650,0.5788,2,1,2,604358,1252,106494,1462,0.011597317425617844,0.5386882829771555
5651,0.5789,1,1,1,604359,1251,106495,1461,0.01158805439253029,0.5387168141592921
5652,0.579,0,3,0,604362,1248,106495,1461,0.011560265293267627,0.5393133997785161
5653,0.5791,1,2,1,604364,1246,106496,1460,0.011541739227092519,0.5395417590539542
5654,0.5792,1,2,1,604366,1244,106497,1459,0.01152321316091741,0.5397706252312245
5655,0.5793,2,3,2,604369,1241,106499,1457,0.011495424061654748,0.5400296515937731
5656,0.5794,3,2,3,604371,1239,106502,1454,0.01147689799547964,0.5399183067211288
5657,0.5795,0,4,0,604375,1235,106502,1454,0.011439845863129423,0.5407214577910003
5658,0.5796,0,2,0,604377,1233,106502,1454,0.011421319796954314,0.5411239300334946
5659,0.5797,5,0,5,604377,1233,106507,1449,0.011421319796954314,0.540268456375839
5660,0.5798,2,1,2,604378,1232,106509,1447,0.01141205676386676,0.540126913027249
5661,0.5799,1,3,1,604381,1229,106510,1446,0.011384267664604097,0.5405607476635514
5662,0.58,3,6,3,604387,1223,106513,1443,0.011328689466078772,0.5412603150787697
5663,0.5801,2,5,2,604392,1218,106515,1441,0.011282374300641001,0.5419330575404288
5664,0.5802,4,2,4,604394,1216,106519,1437,0.011263848234465893,0.5416509611760272
5665,0.5803,0,3,0,604397,1213,106519,1437,0.01123605913520323,0.5422641509433962
5666,0.5804,3,2,3,604399,1211,106522,1434,0.011217533069028122,0.5421550094517958
5667,0.5805,1,2,1,604401,1209,106523,1433,0.011199007002853013,0.5423921271763815
5668,0.5806,4,2,4,604403,1207,106527,1429,0.011180480936677905,0.5421092564491654
5669,0.5807,6,1,6,604404,1206,106533,1423,0.01117121790359035,0.5412704450361354
5670,0.5808,5,3,5,604407,1203,106538,1418,0.01114342880432769,0.5410148798168638
5671,0.5809,1,3,1,604410,1200,106539,1417,0.011115639705065027,0.5414596866641193
5672,0.581,3,2,3,604412,1198,106542,1414,0.011097113638889919,0.5413476263399694
5673,0.5811,3,1,3,604413,1197,106545,1411,0.011087850605802365,0.5410276073619632
5674,0.5812,2,0,2,604413,1197,106547,1409,0.011087850605802365,0.5406753645433615
5675,0.5813,0,1,0,604414,1196,106547,1409,0.01107858757271481,0.5408829174664107
5676,0.5814,1,7,1,604421,1189,106548,1408,0.011013746341101931,0.542164035425491
5677,0.5815,4,6,4,604427,1183,106552,1404,0.010958168142576606,0.542713567839196
5678,0.5816,2,0,2,604427,1183,106554,1402,0.010958168142576606,0.5423597678916828
5679,0.5817,2,1,2,604428,1182,106556,1400,0.010948905109489052,0.5422153369481022
5680,0.5818,3,2,3,604430,1180,106559,1397,0.010930379043313943,0.5421032207993791
5681,0.5819,2,2,2,604432,1178,106561,1395,0.010911852977138835,0.5421686746987951
5682,0.582,0,3,0,604435,1175,106561,1395,0.010884063877876172,0.5428015564202334
5683,0.5821,4,4,4,604439,1171,106565,1391,0.010847011745525955,0.5429352068696331
5684,0.5822,1,4,1,604443,1167,106566,1390,0.010809959613175739,0.543605788032851
5685,0.5823,4,3,4,604446,1164,106570,1386,0.010782170513913076,0.5435294117647059
5686,0.5824,2,1,2,604447,1163,106572,1384,0.010772907480825522,0.5433843737730664
5687,0.5825,1,3,1,604450,1160,106573,1383,0.010745118381562859,0.5438458513566654
5688,0.5826,3,3,3,604453,1157,106576,1380,0.010717329282300197,0.5439495467087111
5689,0.5827,3,3,3,604456,1154,106579,1377,0.010689540183037534,0.5440537337020941
5690,0.5828,3,0,3,604456,1154,106582,1374,0.010689540183037534,0.5435126582278481
5691,0.5829,4,2,4,604458,1152,106586,1370,0.010671014116862425,0.5432196669310071
5692,0.583,0,3,0,604461,1149,106586,1370,0.010643225017599763,0.5438666137356094
5693,0.5831,5,3,5,604464,1146,106591,1365,0.0106154359183371,0.5436081242532855
5694,0.5832,2,2,2,604466,1144,106593,1363,0.010596909852161992,0.543677702433187
5695,0.5833,1,1,1,604467,1143,106594,1362,0.010587646819074438,0.5437125748502994
5696,0.5834,7,1,7,604468,1142,106601,1355,0.010578383785986883,0.5426511814177012
5697,0.5835,3,1,3,604469,1141,106604,1352,0.01056912075289933,0.5423184917769756
5698,0.5836,3,3,3,604472,1138,106607,1349,0.010541331653636667,0.5424205870526739
5699,0.5837,0,1,0,604473,1137,106607,1349,0.010532068620549112,0.5426387771520514
5700,0.5838,4,7,4,604480,1130,106611,1345,0.010467227388936233,0.5434343434343434
5701,0.5839,3,0,3,604480,1130,106614,1342,0.010467227388936233,0.5428802588996764
5702,0.5841,3,3,3,604483,1127,106617,1339,0.01043943828967357,0.5429845904298459
5703,0.5842,3,4,3,604487,1123,106620,1336,0.010402386157323354,0.5433102887352582
5704,0.5843,1,3,1,604490,1120,106621,1335,0.010374597058060691,0.5437881873727087
5705,0.5844,2,2,2,604492,1118,106623,1333,0.010356070991885583,0.543859649122807
5706,0.5845,3,3,3,604495,1115,106626,1330,0.01032828189262292,0.5439672801635992
5707,0.5846,7,2,7,604497,1113,106633,1323,0.010309755826447812,0.5431034482758621
5708,0.5847,0,1,0,604498,1112,106633,1323,0.010300492793360257,0.5433264887063655
5709,0.5848,2,3,2,604501,1109,106635,1321,0.010272703694097595,0.5436213991769547
5710,0.5849,1,1,1,604502,1108,106636,1320,0.01026344066101004,0.5436573311367381
5711,0.585,1,4,1,604506,1104,106637,1319,0.010226388528659824,0.5443664878250103
5712,0.5851,4,0,4,604506,1104,106641,1315,0.010226388528659824,0.5436130632492766
5713,0.5852,3,1,3,604507,1103,106644,1312,0.01021712549557227,0.5432712215320911
5714,0.5853,3,4,3,604511,1099,106647,1309,0.010180073363222053,0.5436046511627907
5715,0.5854,5,4,5,604515,1095,106652,1304,0.010143021230871836,0.5435598165902459
5716,0.5855,4,2,4,604517,1093,106656,1300,0.010124495164696727,0.5432511491851233
5717,0.5856,5,2,5,604519,1091,106661,1295,0.01010596909852162,0.5427493713327746
5718,0.5857,3,2,3,604521,1089,106664,1292,0.010087443032346512,0.5426291474170517
5719,0.5858,3,1,3,604522,1088,106667,1289,0.010078179999258958,0.542280185107278
5720,0.5859,0,3,0,604525,1085,106667,1289,0.010050390899996296,0.5429654591406908
5721,0.586,3,2,3,604527,1083,106670,1286,0.010031864833821187,0.5428450823132124
5722,0.5861,2,1,2,604528,1082,106672,1284,0.010022601800733633,0.5426880811496196
5723,0.5862,5,2,5,604530,1080,106677,1279,0.010004075734558525,0.5421788893598982
5724,0.5863,1,1,1,604531,1079,106678,1278,0.00999481270147097,0.5422146796775562
5725,0.5864,2,4,2,604535,1075,106680,1276,0.009957760569120754,0.5427477669076989
5726,0.5865,2,3,2,604538,1072,106682,1274,0.009929971469858091,0.5430520034100597
5727,0.5866,0,1,0,604539,1071,106682,1274,0.009920708436770537,0.5432835820895522
5728,0.5867,1,2,1,604541,1069,106683,1273,0.009902182370595428,0.5435525192143467
5729,0.5868,4,4,4,604545,1065,106687,1269,0.009865130238245211,0.5437017994858612
5730,0.5869,4,1,4,604546,1064,106691,1265,0.009855867205157657,0.5431515671962216
5731,0.587,2,5,2,604551,1059,106693,1263,0.009809552039719886,0.5439276485788114
5732,0.5871,5,2,5,604553,1057,106698,1258,0.009791025973544778,0.5434125269978402
5733,0.5872,2,2,2,604555,1055,106700,1256,0.00977249990736967,0.5434876676763306
5734,0.5873,1,5,1,604560,1050,106701,1255,0.009726184741931898,0.544468546637744
5735,0.5874,4,3,4,604563,1047,106705,1251,0.009698395642669236,0.5443864229765013
5736,0.5875,1,3,1,604566,1044,106706,1250,0.009670606543406573,0.5448997384481256
5737,0.5876,1,5,1,604571,1039,106707,1249,0.009624291377968802,0.5458916083916084
5738,0.5877,3,3,3,604574,1036,106710,1246,0.00959650227870614,0.5460122699386503
5739,0.5878,2,4,2,604578,1032,106712,1244,0.009559450146355923,0.546572934973638
5740,0.5879,1,6,1,604584,1026,106713,1243,0.009503871947830598,0.5478184222124284
5741,0.588,7,2,7,604586,1024,106720,1236,0.009485345881655489,0.5469026548672566
5742,0.5881,2,1,2,604587,1023,106722,1234,0.009476082848567935,0.5467434647762517
5743,0.5882,3,3,3,604590,1020,106725,1231,0.009448293749305272,0.5468680586406042
5744,0.5883,3,3,3,604593,1017,106728,1228,0.00942050465004261,0.5469933184855233
5745,0.5884,3,1,3,604594,1016,106731,1225,0.009411241616955055,0.5466309683177153
5746,0.5885,3,2,3,604596,1014,106734,1222,0.009392715550779947,0.5465116279069767
5747,0.5886,3,0,3,604596,1014,106737,1219,0.009392715550779947,0.5459023734885804
5748,0.5887,4,1,4,604597,1013,106741,1215,0.009383452517692393,0.5453321364452424
5749,0.5888,2,2,2,604599,1011,106743,1213,0.009364926451517284,0.5454136690647482
5750,0.589,1,1,1,604600,1010,106744,1212,0.00935566341842973,0.5454545454545454
5751,0.5891,3,2,3,604602,1008,106747,1209,0.009337137352254622,0.5453315290933695
5752,0.5892,2,1,2,604603,1007,106749,1207,0.009327874319167068,0.54516711833785
5753,0.5893,3,3,3,604606,1004,106752,1204,0.009300085219904405,0.5452898550724637
5754,0.5894,1,2,1,604608,1002,106753,1203,0.009281559153729297,0.545578231292517
5755,0.5895,3,1,3,604609,1001,106756,1200,0.009272296120641742,0.5452067242162654
5756,0.5896,0,2,0,604611,999,106756,1200,0.009253770054466634,0.5457025920873124
5757,0.5897,3,4,3,604615,995,106759,1197,0.009216717922116417,0.5460766423357665
5758,0.5898,3,4,3,604619,991,106762,1194,0.0091796657897662,0.5464530892448513
5759,0.5899,0,3,0,604622,988,106762,1194,0.009151876690503538,0.5472043996333639
5760,0.59,4,1,4,604623,987,106766,1190,0.009142613657415984,0.5466237942122186
5761,0.5901,4,3,4,604626,984,106770,1186,0.009114824558153321,0.5465437788018433
5762,0.5902,2,1,2,604627,983,106772,1184,0.009105561525065767,0.5463774803876327
5763,0.5903,4,4,4,604631,979,106776,1180,0.00906850939271555,0.5465493283927745
5764,0.5904,3,0,3,604631,979,106779,1177,0.00906850939271555,0.5459183673469388
5765,0.5905,4,1,4,604632,978,106783,1173,0.009059246359627996,0.5453277545327755
5766,0.5906,1,2,1,604634,976,106784,1172,0.009040720293452889,0.5456238361266295
5767,0.5907,4,2,4,604636,974,106788,1168,0.00902219422727778,0.5452847805788982
5768,0.5908,1,4,1,604640,970,106789,1167,0.008985142094927564,0.5460926532522228
5769,0.5909,1,3,1,604643,967,106790,1166,0.008957352995664901,0.5466479137365213
5770,0.591,5,5,5,604648,962,106795,1161,0.00891103783022713,0.5468676401318888
5771,0.5911,3,3,3,604651,959,106798,1158,0.008883248730964468,0.5470004723665565
5772,0.5912,3,2,3,604653,957,106801,1155,0.00886472266478936,0.546875
5773,0.5913,2,2,2,604655,955,106803,1153,0.00884619659861425,0.5469639468690702
5774,0.5914,0,4,0,604659,951,106803,1153,0.008809144466264034,0.5480038022813688
5775,0.5915,4,4,4,604663,947,106807,1149,0.008772092333913817,0.5481870229007634
5776,0.5916,0,3,0,604666,944,106807,1149,0.008744303234651155,0.5489727663640707
5777,0.5917,1,0,1,604666,944,106808,1148,0.008744303234651155,0.5487571701720841
5778,0.5918,1,1,1,604667,943,106809,1147,0.0087350402015636,0.5488038277511962
5779,0.5919,1,1,1,604668,942,106810,1146,0.008725777168476046,0.5488505747126436
5780,0.592,3,0,3,604668,942,106813,1143,0.008725777168476046,0.5482014388489208
5781,0.5921,1,2,1,604670,940,106814,1142,0.008707251102300938,0.5485110470701249
5782,0.5922,2,1,2,604671,939,106816,1140,0.008697988069213384,0.5483405483405484
5783,0.5923,5,2,5,604673,937,106821,1135,0.008679462003038275,0.5477799227799228
5784,0.5924,5,1,5,604674,936,106826,1130,0.008670198969950721,0.5469506292352372
5785,0.5926,0,6,0,604680,930,106826,1130,0.008614620771425396,0.5485436893203883
5786,0.5927,5,0,5,604680,930,106831,1125,0.008614620771425396,0.5474452554744526
5787,0.5928,2,4,2,604684,926,106833,1123,0.008577568639075179,0.5480722303562714
5788,0.5929,3,7,3,604691,919,106836,1120,0.0085127274074623,0.5492888670917117
5789,0.593,4,1,4,604692,918,106840,1116,0.008503464374374745,0.5486725663716814
5790,0.5931,2,0,2,604692,918,106842,1114,0.008503464374374745,0.5482283464566929
5791,0.5932,3,0,3,604692,918,106845,1111,0.008503464374374745,0.5475603745687531
5792,0.5933,2,1,2,604693,917,106847,1109,0.008494201341287191,0.5473840078973347
5793,0.5934,3,2,3,604695,915,106850,1106,0.008475675275112083,0.5472538347352796
5794,0.5935,0,5,0,604700,910,106850,1106,0.008429360109674312,0.5486111111111112
5795,0.5936,6,0,6,604700,910,106856,1100,0.008429360109674312,0.5472636815920398
5796,0.5937,0,1,0,604701,909,106856,1100,0.008420097076586757,0.547536087605774
5797,0.5938,0,2,0,604703,907,106856,1100,0.008401571010411649,0.5480817140009965
5798,0.5939,2,2,2,604705,905,106858,1098,0.00838304494423654,0.5481777333999002
5799,0.594,2,2,2,604707,903,106860,1096,0.008364518878061432,0.5482741370685342
5800,0.5941,4,2,4,604709,901,106864,1092,0.008345992811886324,0.5479177119919719
5801,0.5942,1,3,1,604712,898,106865,1091,0.008318203712623661,0.5485168426344897
5802,0.5943,2,1,2,604713,897,106867,1089,0.008308940679536107,0.5483383685800605
5803,0.5944,1,6,1,604719,891,106868,1088,0.008253362481010782,0.5497726124305204
5804,0.5945,4,3,4,604722,888,106872,1084,0.00822557338174812,0.5496957403651116
5805,0.5946,2,1,2,604723,887,106874,1082,0.008216310348660565,0.5495175215845607
5806,0.5947,1,4,1,604727,883,106875,1081,0.008179258216310348,0.5504073319755601
5807,0.5948,1,4,1,604731,879,106876,1080,0.008142206083960131,0.5513016845329249
5808,0.5949,2,3,2,604734,876,106878,1078,0.008114416984697469,0.5516888433981576
5809,0.595,0,2,0,604736,874,106878,1078,0.00809589091852236,0.5522540983606558
5810,0.5951,3,2,3,604738,872,106881,1075,0.008077364852347252,0.5521314843348741
5811,0.5952,2,4,2,604742,868,106883,1073,0.008040312719997035,0.5528078310149408
5812,0.5953,3,2,3,604744,866,106886,1070,0.008021786653821927,0.5526859504132231
5813,0.5954,3,2,3,604746,864,106889,1067,0.008003260587646818,0.5525634386328327
5814,0.5955,1,1,1,604747,863,106890,1066,0.007993997554559264,0.5526179367547952
5815,0.5956,2,2,2,604749,861,106892,1064,0.007975471488384157,0.5527272727272727
5816,0.5957,7,3,7,604752,858,106899,1057,0.007947682389121495,0.551958224543081
5817,0.5958,0,3,0,604755,855,106899,1057,0.007919893289858832,0.5528242677824268
5818,0.5959,2,2,2,604757,853,106901,1055,0.007901367223683724,0.5529350104821803
5819,0.596,3,1,3,604758,852,106904,1052,0.00789210419059617,0.5525210084033614
5820,0.5961,2,2,2,604760,850,106906,1050,0.007873578124421061,0.5526315789473685
5821,0.5962,0,1,0,604761,849,106906,1050,0.007864315091333507,0.5529225908372828
5822,0.5963,3,0,3,604761,849,106909,1047,0.007864315091333507,0.5522151898734177
5823,0.5964,2,1,2,604762,848,106911,1045,0.007855052058245953,0.5520338087691495
5824,0.5965,3,1,3,604763,847,106914,1042,0.007845789025158399,0.5516146109052409
5825,0.5966,2,5,2,604768,842,106916,1040,0.007799473859720627,0.5526036131774708
5826,0.5967,2,0,2,604768,842,106918,1038,0.007799473859720627,0.5521276595744681
5827,0.5968,1,2,1,604770,840,106919,1037,0.007780947793545518,0.552477357485349
5828,0.5969,4,3,4,604773,837,106923,1033,0.007753158694282856,0.5524064171122994
5829,0.597,4,1,4,604774,836,106927,1029,0.007743895661195301,0.5517426273458444
5830,0.5971,1,3,1,604777,833,106928,1028,0.007716106561932639,0.5523911875335841
5831,0.5972,2,2,2,604779,831,106930,1026,0.007697580495757531,0.5525040387722132
5832,0.5973,3,1,3,604780,830,106933,1023,0.007688317462669977,0.5520777118186724
5833,0.5974,1,3,1,604783,827,106934,1022,0.0076605283634073144,0.5527312060573283
5834,0.5975,3,2,3,604785,825,106937,1019,0.007642002297232206,0.5526030368763557
5835,0.5976,4,0,4,604785,825,106941,1015,0.007642002297232206,0.5516304347826086
5836,0.5977,2,3,2,604788,822,106943,1013,0.007614213197969543,0.5520435967302453
5837,0.5978,2,1,2,604789,821,106945,1011,0.007604950164881989,0.5518558951965066
5838,0.5979,1,2,1,604791,819,106946,1010,0.007586424098706881,0.5522143247676325
5839,0.598,1,1,1,604792,818,106947,1009,0.007577161065619327,0.5522714833059661
5840,0.5981,3,1,3,604793,817,106950,1006,0.007567898032531772,0.5518376302797586
5841,0.5982,1,1,1,604794,816,106951,1005,0.007558634999444218,0.5518945634266886
5842,0.5983,2,1,2,604795,815,106953,1003,0.007549371966356664,0.5517051705170517
5843,0.5984,2,2,2,604797,813,106955,1001,0.007530845900181556,0.551819184123484
5844,0.5985,1,0,1,604797,813,106956,1000,0.007530845900181556,0.5515719801434087
5845,0.5986,0,3,0,604800,810,106956,1000,0.007503056800918893,0.5524861878453039
5846,0.5987,3,1,3,604801,809,106959,997,0.007493793767831339,0.5520487264673312
5847,0.5988,4,0,4,604801,809,106963,993,0.007493793767831339,0.5510543840177581
5848,0.5989,6,2,6,604803,807,106969,987,0.00747526770165623,0.5501672240802675
5849,0.599,1,2,1,604805,805,106970,986,0.007456741635481122,0.5505304299274149
5850,0.5991,5,3,5,604808,802,106975,981,0.007428952536218459,0.5501962983735278
5851,0.5992,1,2,1,604810,800,106976,980,0.007410426470043351,0.550561797752809
5852,0.5993,2,2,2,604812,798,106978,978,0.0073919004038682425,0.5506756756756757
5853,0.5994,1,2,1,604814,796,106979,977,0.007373374337693134,0.551043429216018
5854,0.5995,4,1,4,604815,795,106983,973,0.00736411130460558,0.5503393665158371
5855,0.5996,5,0,5,604815,795,106988,968,0.00736411130460558,0.5490640952921158
5856,0.5997,1,0,1,604815,795,106989,967,0.00736411130460558,0.5488081725312145
5857,0.5998,3,0,3,604815,795,106992,964,0.00736411130460558,0.5480386583285958
5858,0.5999,0,1,0,604816,794,106992,964,0.007354848271518026,0.5483503981797497
5859,0.6,2,3,2,604819,791,106994,962,0.007327059172255363,0.5487735310895607
5860,0.6001,1,0,1,604819,791,106995,961,0.007327059172255363,0.5485159817351598
5861,0.6002,1,2,1,604821,789,106996,960,0.007308533106080255,0.548885077186964
5862,0.6003,3,1,3,604822,788,106999,957,0.0072992700729927005,0.5484240687679083
5863,0.6004,3,3,3,604825,785,107002,954,0.007271480973730038,0.5485911443358252
5864,0.6005,1,5,1,604830,780,107003,953,0.007225165808292267,0.5499134448932487
5865,0.6006,1,3,1,604833,777,107004,952,0.007197376709029604,0.5506072874493927
5866,0.6007,1,0,1,604833,777,107005,951,0.007197376709029604,0.5503472222222222
5867,0.6008,2,2,2,604835,775,107007,949,0.007178850642854497,0.5504640371229699
5868,0.6009,5,1,5,604836,774,107012,944,0.0071695876097669425,0.5494761350407451
5869,0.601,0,1,0,604837,773,107012,944,0.007160324576679388,0.5497961560861968
5870,0.6011,5,0,5,604837,773,107017,939,0.007160324576679388,0.548481308411215
5871,0.6012,3,3,3,604840,770,107020,936,0.007132535477416726,0.5486518171160609
5872,0.6013,3,0,3,604840,770,107023,933,0.007132535477416726,0.5478567234292425
5873,0.6014,3,2,3,604842,768,107026,930,0.007114009411241617,0.5477031802120141
5874,0.6015,1,2,1,604844,766,107027,929,0.007095483345066509,0.5480825958702065
5875,0.6016,4,1,4,604845,765,107031,925,0.007086220311978955,0.5473372781065089
5876,0.6017,3,1,3,604846,764,107034,922,0.0070769572788914005,0.5468564650059312
5877,0.6018,2,1,2,604847,763,107036,920,0.007067694245803846,0.5466428995840761
5878,0.6019,1,3,1,604850,760,107037,919,0.007039905146541184,0.5473496128648004
5879,0.602,4,0,4,604850,760,107041,915,0.007039905146541184,0.5462686567164179
5880,0.6021,2,1,2,604851,759,107043,913,0.0070306421134536294,0.5460526315789473
5881,0.6022,1,1,1,604852,758,107044,912,0.007021379080366075,0.5461077844311377
5882,0.6023,2,2,2,604854,756,107046,910,0.007002853014190967,0.5462184873949579
5883,0.6024,2,2,2,604856,754,107048,908,0.006984326948015858,0.54632972322503
5884,0.6025,1,0,1,604856,754,107049,907,0.006984326948015858,0.5460565924142083
5885,0.6026,1,1,1,604857,753,107050,906,0.006975063914928304,0.546112115732369
5886,0.6027,1,4,1,604861,749,107051,905,0.006938011782578087,0.5471584038694075
5887,0.6029,1,2,1,604863,747,107052,904,0.006919485716402979,0.5475469412477286
5888,0.603,1,1,1,604864,746,107053,903,0.006910222683315425,0.5476046088538509
5889,0.6031,1,4,1,604868,742,107054,902,0.006873170550965208,0.5486618004866181
5890,0.6032,0,3,0,604871,739,107054,902,0.006845381451702545,0.5496648385131018
5891,0.6033,2,4,2,604875,735,107056,900,0.0068083293193523286,0.5504587155963303
5892,0.6034,2,4,2,604879,731,107058,898,0.006771277187002112,0.5512584407612032
5893,0.6035,1,1,1,604880,730,107059,897,0.0067620141539145575,0.551321450522434
5894,0.6036,1,0,1,604880,730,107060,896,0.0067620141539145575,0.5510455104551045
5895,0.6037,4,1,4,604881,729,107064,892,0.006752751120827003,0.5502776064157927
5896,0.6038,3,2,3,604883,727,107067,889,0.006734225054651895,0.5501237623762376
5897,0.6039,0,3,0,604886,724,107067,889,0.006706435955389232,0.5511469311841289
5898,0.604,3,1,3,604887,723,107070,886,0.006697172922301678,0.550652579241765
5899,0.6041,0,1,0,604888,722,107070,886,0.006687909889214124,0.5509950248756219
5900,0.6042,2,3,2,604891,719,107072,884,0.006660120789951461,0.5514660012476607
5901,0.6043,4,2,4,604893,717,107076,880,0.006641594723776354,0.5510331872260489
5902,0.6044,2,1,2,604894,716,107078,878,0.0066323316906887995,0.5508155583437893
5903,0.6045,1,1,1,604895,715,107079,877,0.006623068657601245,0.5508793969849246
5904,0.6046,1,0,1,604895,715,107080,876,0.006623068657601245,0.5505971087366436
5905,0.6047,1,4,1,604899,711,107081,875,0.0065860165252510285,0.5517023959646911
5906,0.6048,3,3,3,604902,708,107084,872,0.006558227425988366,0.5518987341772152
5907,0.6049,2,1,2,604903,707,107086,870,0.006548964392900812,0.5516804058338618
5908,0.605,1,0,1,604903,707,107087,869,0.006548964392900812,0.5513959390862944
5909,0.6051,3,2,3,604905,705,107090,866,0.006530438326725703,0.5512412476129853
5910,0.6052,2,0,2,604905,705,107092,864,0.006530438326725703,0.5506692160611855
5911,0.6053,2,2,2,604907,703,107094,862,0.006511912260550595,0.5507987220447285
5912,0.6054,3,0,3,604907,703,107097,859,0.006511912260550595,0.5499359795134443
5913,0.6055,1,0,1,604907,703,107098,858,0.006511912260550595,0.5496476617552851
5914,0.6056,3,2,3,604909,701,107101,855,0.0064933861943754865,0.5494858611825193
5915,0.6057,1,0,1,604909,701,107102,854,0.0064933861943754865,0.5491961414790997
5916,0.6058,1,1,1,604910,700,107103,853,0.006484123161287932,0.5492594977462975
5917,0.6059,2,1,2,604911,699,107105,851,0.006474860128200378,0.5490322580645162
5918,0.606,2,0,2,604911,699,107107,849,0.006474860128200378,0.5484496124031008
5919,0.6061,4,0,4,604911,699,107111,845,0.006474860128200378,0.5472797927461139
5920,0.6062,0,1,0,604912,698,107111,845,0.006465597095112824,0.5476344782890473
5921,0.6063,2,3,2,604915,695,107113,843,0.006437807995850161,0.548114434330299
5922,0.6064,2,0,2,604915,695,107115,841,0.006437807995850161,0.5475260416666666
5923,0.6065,0,2,0,604917,693,107115,841,0.006419281929675053,0.5482398956975228
5924,0.6066,1,1,1,604918,692,107116,840,0.006410018896587499,0.5483028720626631
5925,0.6067,3,4,3,604922,688,107119,837,0.006372966764237282,0.5488524590163935
5926,0.6068,3,2,3,604924,686,107122,834,0.006354440698062173,0.5486842105263158
5927,0.6069,1,0,1,604924,686,107123,833,0.006354440698062173,0.5483870967741935
5928,0.607,4,0,4,604924,686,107127,829,0.006354440698062173,0.5471947194719472
5929,0.6071,3,3,3,604927,683,107130,826,0.006326651598799511,0.5473823724320742
5930,0.6072,2,1,2,604928,682,107132,824,0.006317388565711957,0.547144754316069
5931,0.6073,1,2,1,604930,680,107133,823,0.006298862499536848,0.5475715236194278
5932,0.6074,3,1,3,604931,679,107136,820,0.006289599466449294,0.5470313542361575
5933,0.6075,3,1,3,604932,678,107139,817,0.00628033643336174,0.5464882943143813
5934,0.6076,5,0,5,604932,678,107144,812,0.00628033643336174,0.5449664429530201
5935,0.6077,3,0,3,604932,678,107147,809,0.00628033643336174,0.5440484196368527
5936,0.6078,5,1,5,604933,677,107152,804,0.006271073400274186,0.5428764348413234
5937,0.6079,2,0,2,604933,677,107154,802,0.006271073400274186,0.5422582826233941
5938,0.608,3,1,3,604934,676,107157,799,0.006261810367186631,0.5416949152542373
5939,0.6081,2,1,2,604935,675,107159,797,0.006252547334099077,0.5414402173913043
5940,0.6082,1,2,1,604937,673,107160,796,0.006234021267923969,0.5418652144315861
5941,0.6083,0,2,0,604939,671,107160,796,0.00621549520174886,0.5426039536468984
5942,0.6084,1,3,1,604942,668,107161,795,0.006187706102486198,0.543403964456596
5943,0.6085,0,3,0,604945,665,107161,795,0.006159917003223535,0.5445205479452054
5944,0.6086,0,1,0,604946,664,107161,795,0.006150653970135981,0.544893762851268
5945,0.6088,1,1,1,604947,663,107162,794,0.006141390937048427,0.544955387783116
5946,0.6089,0,1,0,604948,662,107162,794,0.0061321279039608725,0.5453296703296703
5947,0.609,3,2,3,604950,660,107165,791,0.006113601837785765,0.5451412818745692
5948,0.6091,4,1,4,604951,659,107169,787,0.006104338804698211,0.5442600276625172
5949,0.6092,3,4,3,604955,655,107172,784,0.006067286672347994,0.5448227936066713
5950,0.6093,2,0,2,604955,655,107174,782,0.006067286672347994,0.5441892832289492
5951,0.6094,1,1,1,604956,654,107175,781,0.00605802363926044,0.5442508710801394
5952,0.6095,1,3,1,604959,651,107176,780,0.006030234539997777,0.5450733752620545
5953,0.6096,1,2,1,604961,649,107177,779,0.006011708473822669,0.5455182072829131
5954,0.6097,2,1,2,604962,648,107179,777,0.0060024454407351146,0.5452631578947369
5955,0.6098,0,3,0,604965,645,107179,777,0.005974656341472452,0.5464135021097046
5956,0.6099,2,0,2,604965,645,107181,775,0.005974656341472452,0.545774647887324
5957,0.61,1,2,1,604967,643,107182,774,0.0059561302752973435,0.5462244177840508
5958,0.6101,3,3,3,604970,640,107185,771,0.005928341176034681,0.5464209780297661
5959,0.6102,3,1,3,604971,639,107188,768,0.005919078142947127,0.5458422174840085
5960,0.6103,3,2,3,604973,637,107191,765,0.005900552076772018,0.5456490727532097
5961,0.6104,3,1,3,604974,636,107194,762,0.005891289043684464,0.5450643776824035
5962,0.6105,0,1,0,604975,635,107194,762,0.00588202601059691,0.5454545454545454
5963,0.6106,2,1,2,604976,634,107196,760,0.005872762977509356,0.5451936872309899
5964,0.6107,0,4,0,604980,630,107196,760,0.005835710845159139,0.5467625899280576
5965,0.6108,3,2,3,604982,628,107199,757,0.0058171847789840305,0.5465703971119134
5966,0.6109,4,1,4,604983,627,107203,753,0.005807921745896476,0.5456521739130434
5967,0.611,5,2,5,604985,625,107208,748,0.005789395679721368,0.5447924253459577
5968,0.6111,1,1,1,604986,624,107209,747,0.005780132646633814,0.5448577680525164
5969,0.6112,0,4,0,604990,620,107209,747,0.005743080514283597,0.5464520848573519
5970,0.6113,2,2,2,604992,618,107211,745,0.0057245544481084884,0.5465884079236977
5971,0.6114,2,4,2,604996,614,107213,743,0.005687502315758272,0.5475313190862195
5972,0.6115,2,1,2,604997,613,107215,741,0.005678239282670717,0.5472673559822747
5973,0.6116,2,1,2,604998,612,107217,739,0.005668976249583163,0.5470022205773502
5974,0.6117,2,3,2,605001,609,107219,737,0.005641187150320501,0.5475482912332839
5975,0.6118,1,0,1,605001,609,107220,736,0.005641187150320501,0.5472118959107807
5976,0.6119,4,2,4,605003,607,107224,732,0.005622661084145392,0.5466766243465273
5977,0.612,1,3,1,605006,604,107225,731,0.00559487198488273,0.547565543071161
5978,0.6121,0,1,0,605007,603,107225,731,0.005585608951795175,0.547976011994003
5979,0.6122,1,2,1,605009,601,107226,730,0.005567082885620068,0.5484598046581518
5980,0.6123,0,1,0,605010,600,107226,730,0.005557819852532514,0.5488721804511278
5981,0.6124,0,2,0,605012,598,107226,730,0.005539293786357405,0.5496987951807228
5982,0.6125,0,2,0,605014,596,107226,730,0.005520767720182297,0.55052790346908
5983,0.6126,2,3,2,605017,593,107228,728,0.005492978620919634,0.5510976532929599
5984,0.6127,0,1,0,605018,592,107228,728,0.00548371558783208,0.5515151515151515
5985,0.6128,0,1,0,605019,591,107228,728,0.005474452554744526,0.5519332827899924
5986,0.6129,1,2,1,605021,589,107229,727,0.005455926488569417,0.5524316109422492
5987,0.613,3,1,3,605022,588,107232,724,0.005446663455481863,0.551829268292683
5988,0.6131,2,4,2,605026,584,107234,722,0.005409611323131646,0.552833078101072
5989,0.6132,2,2,2,605028,582,107236,720,0.005391085256956538,0.5529953917050692
5990,0.6133,1,3,1,605031,579,107237,719,0.005363296157693875,0.5539291217257319
5991,0.6134,1,3,1,605034,576,107238,718,0.005335507058431213,0.5548686244204019
5992,0.6135,4,2,4,605036,574,107242,714,0.005316980992256104,0.5543478260869565
5993,0.6136,1,3,1,605039,571,107243,713,0.005289191892993442,0.5552959501557633
5994,0.6137,1,5,1,605044,566,107244,712,0.005242876727555671,0.5571205007824727
5995,0.6138,3,0,3,605044,566,107247,709,0.005242876727555671,0.556078431372549
5996,0.6139,5,4,5,605048,562,107252,704,0.005205824595205454,0.5560821484992101
5997,0.614,2,2,2,605050,560,107254,702,0.0051872985290303455,0.5562599049128367
5998,0.6143,3,2,3,605052,558,107257,699,0.005168772462855237,0.5560859188544153
5999,0.6144,0,2,0,605054,556,107257,699,0.005150246396680129,0.5569721115537849
6000,0.6145,1,0,1,605054,556,107258,698,0.005150246396680129,0.5566188197767146
6001,0.6146,3,3,3,605057,553,107261,695,0.005122457297417466,0.5568910256410257
6002,0.6147,1,2,1,605059,551,107262,694,0.005103931231242358,0.557429718875502
6003,0.6148,2,2,2,605061,549,107264,692,0.005085405165067249,0.5576148267526189
6004,0.6149,0,2,0,605063,547,107264,692,0.005066879098892141,0.5585149313962873
6005,0.615,0,1,0,605064,546,107264,692,0.005057616065804587,0.5589660743134087
6006,0.6151,1,2,1,605066,544,107265,691,0.005039089999629479,0.5595141700404859
6007,0.6152,3,2,3,605068,542,107268,688,0.005020563933454371,0.5593495934959349
6008,0.6153,1,3,1,605071,539,107269,687,0.004992774834191708,0.5603588907014682
6009,0.6154,1,0,1,605071,539,107270,686,0.004992774834191708,0.56
6010,0.6155,2,1,2,605072,538,107272,684,0.004983511801104154,0.5597381342062193
6011,0.6156,0,3,0,605075,535,107272,684,0.004955722701841491,0.561115668580804
6012,0.6157,2,0,2,605075,535,107274,682,0.004955722701841491,0.5603944124897289
6013,0.6159,2,0,2,605075,535,107276,680,0.004955722701841491,0.5596707818930041
6014,0.616,3,1,3,605076,534,107279,677,0.004946459668753937,0.5590421139554087
6015,0.6161,0,1,0,605077,533,107279,677,0.004937196635666383,0.5595041322314049
6016,0.6162,2,2,2,605079,531,107281,675,0.0049186705694912744,0.5597014925373134
6017,0.6163,1,1,1,605080,530,107282,674,0.00490940753640372,0.5598006644518272
6018,0.6164,1,2,1,605082,528,107283,673,0.004890881470228612,0.5603663613655288
6019,0.6165,2,1,2,605083,527,107285,671,0.004881618437141058,0.5601001669449082
6020,0.6166,0,2,0,605085,525,107285,671,0.004863092370965949,0.5610367892976589
6021,0.6167,0,2,0,605087,523,107285,671,0.004844566304790841,0.5619765494137353
6022,0.6168,1,1,1,605088,522,107286,670,0.004835303271703287,0.5620805369127517
6023,0.6169,1,1,1,605089,521,107287,669,0.004826040238615732,0.5621848739495798
6024,0.617,4,1,4,605090,520,107291,665,0.004816777205528178,0.5611814345991561
6025,0.6171,1,1,1,605091,519,107292,664,0.004807514172440624,0.5612848689771767
6026,0.6172,1,0,1,605091,519,107293,663,0.004807514172440624,0.5609137055837563
6027,0.6173,1,1,1,605092,518,107294,662,0.00479825113935307,0.5610169491525424
6028,0.6175,2,1,2,605093,517,107296,660,0.004788988106265516,0.5607476635514018
6029,0.6176,2,0,2,605093,517,107298,658,0.004788988106265516,0.56
6030,0.6177,2,3,2,605096,514,107300,656,0.004761199007002853,0.5606837606837607
6031,0.6178,2,0,2,605096,514,107302,654,0.004761199007002853,0.559931506849315
6032,0.6179,2,1,2,605097,513,107304,652,0.004751935973915299,0.559656652360515
6033,0.618,1,3,1,605100,510,107305,651,0.004724146874652636,0.5607235142118863
6034,0.6181,1,1,1,605101,509,107306,650,0.004714883841565082,0.5608283002588438
6035,0.6182,3,5,3,605106,504,107309,647,0.004668568676127311,0.5621198957428323
6036,0.6183,3,3,3,605109,501,107312,644,0.004640779576864648,0.5624454148471616
6037,0.6184,3,3,3,605112,498,107315,641,0.004612990477601986,0.5627743634767339
6038,0.6186,2,1,2,605113,497,107317,639,0.0046037274445144315,0.5625
6039,0.6187,1,1,1,605114,496,107318,638,0.004594464411426877,0.562610229276896
6040,0.6188,2,0,2,605114,496,107320,636,0.004594464411426877,0.5618374558303887
6041,0.6189,3,4,3,605118,492,107323,633,0.0045574122790766605,0.5626666666666666
6042,0.619,0,1,0,605119,491,107323,633,0.004548149245989106,0.5631672597864769
6043,0.6191,0,1,0,605120,490,107323,633,0.004538886212901552,0.5636687444345503
6044,0.6192,2,1,2,605121,489,107325,631,0.004529623179813998,0.5633928571428571
6045,0.6194,1,1,1,605122,488,107326,630,0.0045203601467264445,0.5635062611806798
6046,0.6195,4,1,4,605123,487,107330,626,0.00451109711363889,0.5624438454627134
6047,0.6196,0,3,0,605126,484,107330,626,0.004483308014376228,0.563963963963964
6048,0.6197,5,1,5,605127,483,107335,621,0.0044740449812886735,0.5625
6049,0.6198,2,1,2,605128,482,107337,619,0.004464781948201119,0.5622161671207992
6050,0.6199,1,1,1,605129,481,107338,618,0.004455518915113565,0.5623293903548681
6051,0.62,2,0,2,605129,481,107340,616,0.004455518915113565,0.5615314494074749
6052,0.6201,2,2,2,605131,479,107342,614,0.004436992848938457,0.5617566331198536
6053,0.6202,0,1,0,605132,478,107342,614,0.0044277298158509025,0.5622710622710623
6054,0.6203,1,0,1,605132,478,107343,613,0.0044277298158509025,0.5618698441796517
6055,0.6204,1,2,1,605134,476,107344,612,0.004409203749675794,0.5625
6056,0.6205,4,1,4,605135,475,107348,608,0.00439994071658824,0.5614035087719298
6057,0.6206,2,3,2,605138,472,107350,606,0.004372151617325577,0.562152133580705
6058,0.6207,1,1,1,605139,471,107351,605,0.004362888584238023,0.5622676579925651
6059,0.6208,0,5,0,605144,466,107351,605,0.004316573418800252,0.5648926237161531
6060,0.6209,2,2,2,605146,464,107353,603,0.004298047352625144,0.5651358950328023
6061,0.621,0,1,0,605147,463,107353,603,0.0042887843195375894,0.5656660412757973
6062,0.6211,0,2,0,605149,461,107353,603,0.004270258253362481,0.5667293233082706
6063,0.6212,1,1,1,605150,460,107354,602,0.004260995220274927,0.5668549905838042
6064,0.6213,0,1,0,605151,459,107354,602,0.004251732187187373,0.5673892554194157
6065,0.6214,4,2,4,605153,457,107358,598,0.004233206121012264,0.566824644549763
6066,0.6215,3,0,3,605153,457,107361,595,0.004233206121012264,0.5655893536121673
6067,0.6217,1,3,1,605156,454,107362,594,0.004205417021749602,0.566793893129771
6068,0.6218,1,0,1,605156,454,107363,593,0.004205417021749602,0.5663801337153773
6069,0.6219,3,3,3,605159,451,107366,590,0.004177627922486939,0.5667627281460135
6070,0.622,1,1,1,605160,450,107367,589,0.004168364889399385,0.5668912415784408
6071,0.6221,1,0,1,605160,450,107368,588,0.004168364889399385,0.5664739884393064
6072,0.6222,2,4,2,605164,446,107370,586,0.004131312757049168,0.5678294573643411
6073,0.6223,0,1,0,605165,445,107370,586,0.004122049723961614,0.5683802133850631
6074,0.6224,1,0,1,605165,445,107371,585,0.004122049723961614,0.5679611650485437
6075,0.6225,0,3,0,605168,442,107371,585,0.004094260624698951,0.569620253164557
6076,0.6226,1,0,1,605168,442,107372,584,0.004094260624698951,0.5692007797270955
6077,0.6227,1,1,1,605169,441,107373,583,0.004084997591611397,0.5693359375
6078,0.6228,3,2,3,605171,439,107376,580,0.0040664715254362886,0.5691854759568205
6079,0.623,1,1,1,605172,438,107377,579,0.004057208492348734,0.5693215339233039
6080,0.6231,1,0,1,605172,438,107378,578,0.004057208492348734,0.5688976377952756
6081,0.6232,1,1,1,605173,437,107379,577,0.00404794545926118,0.5690335305719921
6082,0.6233,1,1,1,605174,436,107380,576,0.004038682426173626,0.5691699604743083
6083,0.6234,1,0,1,605174,436,107381,575,0.004038682426173626,0.5687438180019783
6084,0.6236,0,2,0,605176,434,107381,575,0.0040201563599985175,0.5698711595639246
6085,0.6237,0,1,0,605177,433,107381,575,0.004010893326910963,0.5704365079365079
6086,0.6238,3,0,3,605177,433,107384,572,0.004010893326910963,0.5691542288557214
6087,0.6239,1,2,1,605179,431,107385,571,0.003992367260735855,0.5698602794411177
6088,0.624,2,1,2,605180,430,107387,569,0.003983104227648302,0.5695695695695696
6089,0.6241,1,0,1,605180,430,107388,568,0.003983104227648302,0.5691382765531062
6090,0.6242,0,1,0,605181,429,107388,568,0.003973841194560747,0.5697091273821464
6091,0.6243,1,0,1,605181,429,107389,567,0.003973841194560747,0.5692771084337349
6092,0.6244,1,0,1,605181,429,107390,566,0.003973841194560747,0.5688442211055277
6093,0.6245,1,2,1,605183,427,107391,565,0.003955315128385639,0.5695564516129032
6094,0.6246,3,0,3,605183,427,107394,562,0.003955315128385639,0.5682507583417593
6095,0.6247,0,1,0,605184,426,107394,562,0.003946052095298085,0.5688259109311741
6096,0.6248,1,0,1,605184,426,107395,561,0.003946052095298085,0.5683890577507599
6097,0.6249,1,2,1,605186,424,107396,560,0.003927526029122976,0.5691056910569106
6098,0.625,2,3,2,605189,421,107398,558,0.0038997369298603133,0.5699693564862104
6099,0.6251,0,1,0,605190,420,107398,558,0.003890473896772759,0.5705521472392638
6100,0.6253,2,4,2,605194,416,107400,556,0.0038534217644225427,0.5720164609053497
6101,0.6254,3,1,3,605195,415,107403,553,0.0038441587313349885,0.5712809917355371
6102,0.6255,1,3,1,605198,412,107404,552,0.003816369632072326,0.5726141078838174
6103,0.6256,3,0,3,605198,412,107407,549,0.003816369632072326,0.5712799167533819
6104,0.6257,2,1,2,605199,411,107409,547,0.0038071065989847717,0.5709812108559499
6105,0.6258,0,2,0,605201,409,107409,547,0.0037885805328096633,0.5721757322175732
6106,0.6259,0,1,0,605202,408,107409,547,0.003779317499722109,0.5727748691099477
6107,0.626,1,2,1,605204,406,107410,546,0.0037607914335470007,0.5735294117647058
6108,0.6261,1,2,1,605206,404,107411,545,0.0037422653673718923,0.5742887249736565
6109,0.6262,1,2,1,605208,402,107412,544,0.003723739301196784,0.5750528541226215
6110,0.6263,0,1,0,605209,401,107412,544,0.0037144762681092297,0.5756613756613757
6111,0.6265,1,1,1,605210,400,107413,543,0.0037052132350216755,0.5758218451749735
6112,0.6266,1,0,1,605210,400,107414,542,0.0037052132350216755,0.5753715498938429
6113,0.6267,3,4,3,605214,396,107417,539,0.0036681611026714587,0.5764705882352941
6114,0.6268,1,0,1,605214,396,107418,538,0.0036681611026714587,0.576017130620985
6115,0.6269,1,0,1,605214,396,107419,537,0.0036681611026714587,0.5755627009646302
6116,0.627,2,2,2,605216,394,107421,535,0.0036496350364963502,0.5758880516684607
6117,0.6271,0,2,0,605218,392,107421,535,0.003631108970321242,0.5771305285868392
6118,0.6272,1,2,1,605220,390,107422,534,0.0036125829041461334,0.577922077922078
6119,0.6273,3,2,3,605222,388,107425,531,0.003594056837971025,0.5778019586507073
6120,0.6274,1,0,1,605222,388,107426,530,0.003594056837971025,0.5773420479302832
6121,0.6275,0,1,0,605223,387,107426,530,0.0035847938048834713,0.5779716466739367
6122,0.6276,2,1,2,605224,386,107428,528,0.003575530771795917,0.5776805251641138
6123,0.6277,2,1,2,605225,385,107430,526,0.003566267738708363,0.5773874862788145
6124,0.6278,0,2,0,605227,383,107430,526,0.0035477416725332544,0.5786578657865786
6125,0.6279,2,0,2,605227,383,107432,524,0.0035477416725332544,0.577728776185226
6126,0.628,2,0,2,605227,383,107434,522,0.0035477416725332544,0.5767955801104973
6127,0.6281,2,1,2,605228,382,107436,520,0.0035384786394457002,0.5764966740576497
6128,0.6283,2,3,2,605231,379,107438,518,0.0035106895401830376,0.5774804905239688
6129,0.6285,1,0,1,605231,379,107439,517,0.0035106895401830376,0.5770089285714286
6130,0.6286,2,3,2,605234,376,107441,515,0.003482900440920375,0.5780022446689114
6131,0.6287,0,2,0,605236,374,107441,515,0.0034643743747452666,0.5793025871766029
6132,0.6288,2,0,2,605236,374,107443,513,0.0034643743747452666,0.5783540022547914
6133,0.6289,0,3,0,605239,371,107443,513,0.003436585275482604,0.580316742081448
6134,0.629,2,1,2,605240,370,107445,511,0.00342732224239505,0.5800227014755959
6135,0.6291,2,2,2,605242,368,107447,509,0.0034087961762199414,0.580387685290764
6136,0.6292,0,2,0,605244,366,107447,509,0.003390270110044833,0.5817142857142857
6137,0.6293,2,0,2,605244,366,107449,507,0.003390270110044833,0.5807560137457045
6138,0.6294,1,2,1,605246,364,107450,506,0.0033717440438697246,0.5816091954022988
6139,0.6295,1,1,1,605247,363,107451,505,0.0033624810107821704,0.5817972350230415
6140,0.6296,1,1,1,605248,362,107452,504,0.003353217977694616,0.581986143187067
6141,0.6297,2,0,2,605248,362,107454,502,0.003353217977694616,0.5810185185185185
6142,0.6298,0,1,0,605249,361,107454,502,0.003343954944607062,0.5816917728852838
6143,0.6299,2,2,2,605251,359,107456,500,0.0033254288784319535,0.5820721769499418
6144,0.63,1,1,1,605252,358,107457,499,0.0033161658453443998,0.5822637106184364
6145,0.6301,2,1,2,605253,357,107459,497,0.0033069028122568456,0.5819672131147541
6146,0.6303,2,3,2,605256,354,107461,495,0.003279113712994183,0.5830388692579506
6147,0.6304,4,0,4,605256,354,107465,491,0.003279113712994183,0.5810650887573965
6148,0.6305,2,3,2,605259,351,107467,489,0.0032513246137315203,0.5821428571428572
6149,0.6306,1,0,1,605259,351,107468,488,0.0032513246137315203,0.5816448152562574
6150,0.6307,0,3,0,605262,348,107468,488,0.0032235355144688577,0.583732057416268
6151,0.6308,2,1,2,605263,347,107470,486,0.0032142724813813035,0.5834333733493398
6152,0.6309,1,1,1,605264,346,107471,485,0.0032050094482937493,0.5836341756919374
6153,0.6311,3,3,3,605267,343,107474,482,0.0031772203490310867,0.5842424242424242
6154,0.6312,1,0,1,605267,343,107475,481,0.0031772203490310867,0.5837378640776699
6155,0.6315,1,1,1,605268,342,107476,480,0.0031679573159435325,0.583941605839416
6156,0.6316,1,0,1,605268,342,107477,479,0.0031679573159435325,0.5834348355663824
6157,0.6317,3,3,3,605271,339,107480,476,0.00314016821668087,0.5840490797546012
6158,0.6319,1,1,1,605272,338,107481,475,0.0031309051835933157,0.5842558425584256
6159,0.632,0,1,0,605273,337,107481,475,0.0031216421505057615,0.5849753694581281
6160,0.6322,1,1,1,605274,336,107482,474,0.0031123791174182073,0.5851851851851851
6161,0.6323,0,1,0,605275,335,107482,474,0.003103116084330653,0.5859085290482077
6162,0.6325,0,2,0,605277,333,107482,474,0.0030845900181555447,0.587360594795539
6163,0.6326,3,1,3,605278,332,107485,471,0.0030753269850679905,0.5865504358655044
6164,0.6327,1,1,1,605279,331,107486,470,0.0030660639519804363,0.5867665418227216
6165,0.6328,2,1,2,605280,330,107488,468,0.0030568009188928825,0.5864661654135338
6166,0.6329,2,0,2,605280,330,107490,466,0.0030568009188928825,0.585427135678392
6167,0.6331,3,0,3,605280,330,107493,463,0.0030568009188928825,0.5838587641866331
6168,0.6333,1,2,1,605282,328,107494,462,0.003038274852717774,0.5848101265822785
6169,0.6334,0,1,0,605283,327,107494,462,0.00302901181963022,0.5855513307984791
6170,0.6335,1,1,1,605284,326,107495,461,0.0030197487865426657,0.5857687420584498
6171,0.6336,1,2,1,605286,324,107496,460,0.0030012227203675573,0.5867346938775511
6172,0.6339,1,1,1,605287,323,107497,459,0.002991959687280003,0.5869565217391305
6173,0.634,2,2,2,605289,321,107499,457,0.0029734336211048947,0.5874035989717223
6174,0.6342,1,1,1,605290,320,107500,456,0.0029641705880173405,0.5876288659793815
6175,0.6344,3,1,3,605291,319,107503,453,0.0029549075549297863,0.5867875647668394
6176,0.6345,1,1,1,605292,318,107504,452,0.002945644521842232,0.587012987012987
6177,0.6347,4,1,4,605293,317,107508,448,0.002936381488754678,0.5856209150326798
6178,0.6348,2,0,2,605293,317,107510,446,0.002936381488754678,0.5845347313237221
6179,0.6349,3,1,3,605294,316,107513,443,0.0029271184556671236,0.5836627140974967
6180,0.635,0,1,0,605295,315,107513,443,0.0029178554225795694,0.5844327176781002
6181,0.6353,1,2,1,605297,313,107514,442,0.002899329356404461,0.5854304635761589
6182,0.6354,2,4,2,605301,309,107516,440,0.0028622772240542442,0.5874499332443258
6183,0.6356,3,0,3,605301,309,107519,437,0.0028622772240542442,0.5857908847184986
6184,0.6359,0,1,0,605302,308,107519,437,0.00285301419096669,0.5865771812080537
6185,0.636,1,3,1,605305,305,107520,436,0.0028252250917040274,0.5883940620782726
6186,0.6361,0,1,0,605306,304,107520,436,0.002815962058616473,0.5891891891891892
6187,0.6362,1,0,1,605306,304,107521,435,0.002815962058616473,0.5886332882273342
6188,0.6364,3,1,3,605307,303,107524,432,0.002806699025528919,0.5877551020408164
6189,0.6365,0,1,0,605308,302,107524,432,0.002797435992441365,0.5885558583106267
6190,0.6366,0,1,0,605309,301,107524,432,0.002788172959353811,0.5893587994542974
6191,0.6367,2,0,2,605309,301,107526,430,0.002788172959353811,0.5882352941176471
6192,0.6368,1,0,1,605309,301,107527,429,0.002788172959353811,0.5876712328767123
6193,0.6369,1,2,1,605311,299,107528,428,0.0027696468931787026,0.5887207702888583
6194,0.637,0,1,0,605312,298,107528,428,0.0027603838600911484,0.5895316804407713
6195,0.6371,1,2,1,605314,296,107529,427,0.00274185779391604,0.5905947441217151
6196,0.6372,0,1,0,605315,295,107529,427,0.002732594760828486,0.5914127423822715
6197,0.6373,0,1,0,605316,294,107529,427,0.0027233317277409316,0.5922330097087378
6198,0.6374,1,0,1,605316,294,107530,426,0.0027233317277409316,0.5916666666666667
6199,0.6375,2,2,2,605318,292,107532,424,0.002704805661565823,0.5921787709497207
6200,0.6376,2,1,2,605319,291,107534,422,0.002695542628478269,0.5918653576437588
6201,0.6377,3,1,3,605320,290,107537,419,0.0026862795953907148,0.5909732016925247
6202,0.6378,0,1,0,605321,289,107537,419,0.0026770165623031606,0.5918079096045198
6203,0.6379,0,1,0,605322,288,107537,419,0.0026677535292156064,0.5926449787835927
6204,0.638,1,1,1,605323,287,107538,418,0.002658490496128052,0.5929078014184397
6205,0.6381,2,0,2,605323,287,107540,416,0.002658490496128052,0.5917496443812233
6206,0.6382,3,0,3,605323,287,107543,413,0.002658490496128052,0.59
6207,0.6383,1,1,1,605324,286,107544,412,0.002649227463040498,0.5902578796561605
6208,0.6384,2,1,2,605325,285,107546,410,0.0026399644299529438,0.5899280575539568
6209,0.6385,1,0,1,605325,285,107547,409,0.0026399644299529438,0.5893371757925072
6210,0.6386,2,1,2,605326,284,107549,407,0.0026307013968653896,0.5890014471780028
6211,0.6387,2,0,2,605326,284,107551,405,0.0026307013968653896,0.5878084179970973
6212,0.6388,2,1,2,605327,283,107553,403,0.0026214383637778354,0.5874635568513119
6213,0.6389,1,1,1,605328,282,107554,402,0.002612175330690281,0.5877192982456141
6214,0.639,3,0,3,605328,282,107557,399,0.002612175330690281,0.5859030837004405
6215,0.6391,0,2,0,605330,280,107557,399,0.0025936492645151727,0.5876288659793815
6216,0.6392,1,1,1,605331,279,107558,398,0.0025843862314276185,0.5878877400295421
6217,0.6393,0,1,0,605332,278,107558,398,0.0025751231983400643,0.5887573964497042
6218,0.6394,0,1,0,605333,277,107558,398,0.00256586016525251,0.5896296296296296
6219,0.6395,3,1,3,605334,276,107561,395,0.002556597132164956,0.5886736214605067
6220,0.6396,0,3,0,605337,273,107561,395,0.0025288080329022933,0.5913173652694611
6221,0.6397,1,1,1,605338,272,107562,394,0.0025195449998147395,0.5915915915915916
6222,0.6399,3,0,3,605338,272,107565,391,0.0025195449998147395,0.5897435897435898
6223,0.6402,2,2,2,605340,270,107567,389,0.002501018933639631,0.590288315629742
6224,0.6403,1,1,1,605341,269,107568,388,0.002491755900552077,0.5905631659056316
6225,0.6404,2,0,2,605341,269,107570,386,0.002491755900552077,0.5893129770992367
6226,0.6405,0,1,0,605342,268,107570,386,0.0024824928674645227,0.5902140672782875
6227,0.6406,1,0,1,605342,268,107571,385,0.0024824928674645227,0.5895865237366003
6228,0.6407,2,1,2,605343,267,107573,383,0.0024732298343769685,0.5892307692307692
6229,0.6408,1,0,1,605343,267,107574,382,0.0024732298343769685,0.588597842835131
6230,0.6409,2,0,2,605343,267,107576,380,0.0024732298343769685,0.5873261205564142
6231,0.641,0,1,0,605344,266,107576,380,0.0024639668012894143,0.5882352941176471
6232,0.6411,1,0,1,605344,266,107577,379,0.0024639668012894143,0.5875968992248062
6233,0.6413,2,1,2,605345,265,107579,377,0.00245470376820186,0.5872274143302181
6234,0.6414,0,1,0,605346,264,107579,377,0.002445440735114306,0.5881435257410297
6235,0.6415,0,1,0,605347,263,107579,377,0.0024361777020267517,0.5890625
6236,0.6417,3,2,3,605349,261,107582,374,0.0024176516358516433,0.5889763779527559
6237,0.6418,0,2,0,605351,259,107582,374,0.002399125569676535,0.5908372827804107
6238,0.642,0,1,0,605352,258,107582,374,0.0023898625365889807,0.5917721518987342
6239,0.6421,1,0,1,605352,258,107583,373,0.0023898625365889807,0.5911251980982567
6240,0.6422,3,0,3,605352,258,107586,370,0.0023898625365889807,0.589171974522293
6241,0.6423,1,1,1,605353,257,107587,369,0.0023805995035014265,0.5894568690095847
6242,0.6424,2,2,2,605355,255,107589,367,0.002362073437326318,0.590032154340836
6243,0.6426,1,0,1,605355,255,107590,366,0.002362073437326318,0.5893719806763285
6244,0.6427,2,0,2,605355,255,107592,364,0.002362073437326318,0.5880452342487884
6245,0.6428,0,2,0,605357,253,107592,364,0.0023435473711512097,0.5899513776337115
6246,0.6429,2,0,2,605357,253,107594,362,0.0023435473711512097,0.5886178861788618
6247,0.643,1,0,1,605357,253,107595,361,0.0023435473711512097,0.5879478827361564
6248,0.6433,1,0,1,605357,253,107596,360,0.0023435473711512097,0.5872756933115824
6249,0.6434,0,1,0,605358,252,107596,360,0.0023342843380636555,0.5882352941176471
6250,0.6435,1,0,1,605358,252,107597,359,0.0023342843380636555,0.5875613747954174
6251,0.6436,1,1,1,605359,251,107598,358,0.0023250213049761013,0.5878489326765188
6252,0.6437,0,1,0,605360,250,107598,358,0.002315758271888547,0.5888157894736842
6253,0.6439,2,0,2,605360,250,107600,356,0.002315758271888547,0.5874587458745875
6254,0.644,1,1,1,605361,249,107601,355,0.002306495238800993,0.5877483443708609
6255,0.6441,3,1,3,605362,248,107604,352,0.0022972322057134387,0.5866666666666667
6256,0.6442,1,0,1,605362,248,107605,351,0.0022972322057134387,0.5859766277128547
6257,0.6443,1,1,1,605363,247,107606,350,0.0022879691726258844,0.5862646566164154
6258,0.6445,4,0,4,605363,247,107610,346,0.0022879691726258844,0.5834738617200674
6259,0.6446,1,0,1,605363,247,107611,345,0.0022879691726258844,0.5827702702702703
6260,0.6447,0,1,0,605364,246,107611,345,0.0022787061395383302,0.583756345177665
6261,0.6448,3,0,3,605364,246,107614,342,0.0022787061395383302,0.5816326530612245
6262,0.6449,1,1,1,605365,245,107615,341,0.002269443106450776,0.5819112627986348
6263,0.645,0,1,0,605366,244,107615,341,0.0022601800733632223,0.582905982905983
6264,0.6451,0,1,0,605367,243,107615,341,0.002250917040275668,0.583904109589041
6265,0.6452,0,1,0,605368,242,107615,341,0.002241654007188114,0.5849056603773585
6266,0.6453,1,0,1,605368,242,107616,340,0.002241654007188114,0.584192439862543
6267,0.6454,2,0,2,605368,242,107618,338,0.002241654007188114,0.5827586206896552
6268,0.6456,2,1,2,605369,241,107620,336,0.0022323909741005597,0.5823223570190641
6269,0.6457,1,0,1,605369,241,107621,335,0.0022323909741005597,0.5815972222222222
6270,0.6458,1,1,1,605370,240,107622,334,0.0022231279410130055,0.5818815331010453
6271,0.6459,2,0,2,605370,240,107624,332,0.0022231279410130055,0.5804195804195804
6272,0.646,2,0,2,605370,240,107626,330,0.0022231279410130055,0.5789473684210527
6273,0.6461,0,1,0,605371,239,107626,330,0.0022138649079254513,0.5799648506151143
6274,0.6462,1,0,1,605371,239,107627,329,0.0022138649079254513,0.579225352112676
6275,0.6463,1,2,1,605373,237,107628,328,0.002195338841750343,0.5805309734513274
6276,0.6464,1,3,1,605376,234,107629,327,0.0021675497424876802,0.5828877005347594
6277,0.6465,1,0,1,605376,234,107630,326,0.0021675497424876802,0.5821428571428572
6278,0.6466,1,0,1,605376,234,107631,325,0.0021675497424876802,0.5813953488372093
6279,0.6467,2,1,2,605377,233,107633,323,0.002158286709400126,0.5809352517985612
6280,0.6468,1,1,1,605378,232,107634,322,0.002149023676312572,0.5812274368231047
6281,0.6469,2,1,2,605379,231,107636,320,0.0021397606432250176,0.5807622504537205
6282,0.6471,2,1,2,605380,230,107638,318,0.0021304976101374634,0.5802919708029197
6283,0.6472,1,1,1,605381,229,107639,317,0.002121234577049909,0.5805860805860806
6284,0.6473,5,1,5,605382,228,107644,312,0.002111971543962355,0.5777777777777777
6285,0.6474,1,2,1,605384,226,107645,311,0.0020934454777872466,0.5791433891992551
6286,0.6475,1,2,1,605386,224,107646,310,0.002074919411612138,0.5805243445692884
6287,0.6476,0,2,0,605388,222,107646,310,0.00205639334543703,0.5827067669172933
6288,0.6477,2,1,2,605389,221,107648,308,0.0020471303123494756,0.5822306238185255
6289,0.648,1,0,1,605389,221,107649,307,0.0020471303123494756,0.5814393939393939
6290,0.6482,1,1,1,605390,220,107650,306,0.0020378672792619214,0.5817490494296578
6291,0.6483,1,0,1,605390,220,107651,305,0.0020378672792619214,0.580952380952381
6292,0.6485,2,0,2,605390,220,107653,303,0.0020378672792619214,0.5793499043977055
6293,0.6486,1,0,1,605390,220,107654,302,0.0020378672792619214,0.578544061302682
6294,0.6487,1,1,1,605391,219,107655,301,0.002028604246174367,0.5788461538461539
6295,0.649,0,2,0,605393,217,107655,301,0.0020100781799992588,0.581081081081081
6296,0.6491,0,1,0,605394,216,107655,301,0.0020008151469117046,0.5822050290135397
6297,0.6492,0,2,0,605396,214,107655,301,0.0019822890807365966,0.5844660194174758
6298,0.6494,2,1,2,605397,213,107657,299,0.0019730260476490424,0.583984375
6299,0.6495,1,0,1,605397,213,107658,298,0.0019730260476490424,0.5831702544031311
6300,0.6496,0,1,0,605398,212,107658,298,0.001963763014561488,0.5843137254901961
6301,0.6497,2,0,2,605398,212,107660,296,0.001963763014561488,0.5826771653543307
6302,0.6498,2,1,2,605399,211,107662,294,0.001954499981473934,0.5821782178217821
6303,0.6501,3,0,3,605399,211,107665,291,0.001954499981473934,0.5796812749003984
6304,0.6503,1,0,1,605399,211,107666,290,0.001954499981473934,0.5788423153692615
6305,0.6504,0,1,0,605400,210,107666,290,0.0019452369483863796,0.58
6306,0.6505,2,1,2,605401,209,107668,288,0.0019359739152988254,0.579476861167002
6307,0.6506,1,1,1,605402,208,107669,287,0.0019267108822112714,0.5797979797979798
6308,0.6507,1,1,1,605403,207,107670,286,0.0019174478491237172,0.5801217038539553
6309,0.6508,0,1,0,605404,206,107670,286,0.001908184816036163,0.5813008130081301
6310,0.6509,3,1,3,605405,205,107673,283,0.0018989217829486088,0.5799180327868853
6311,0.651,2,0,2,605405,205,107675,281,0.0018989217829486088,0.5781893004115226
6312,0.6511,1,1,1,605406,204,107676,280,0.0018896587498610545,0.5785123966942148
6313,0.6512,1,0,1,605406,204,107677,279,0.0018896587498610545,0.577639751552795
6314,0.6513,3,0,3,605406,204,107680,276,0.0018896587498610545,0.575
6315,0.6514,1,0,1,605406,204,107681,275,0.0018896587498610545,0.5741127348643006
6316,0.6515,1,0,1,605406,204,107682,274,0.0018896587498610545,0.5732217573221757
6317,0.6517,0,1,0,605407,203,107682,274,0.0018803957167735003,0.5744234800838575
6318,0.6518,0,1,0,605408,202,107682,274,0.0018711326836859461,0.5756302521008403
6319,0.6519,0,2,0,605410,200,107682,274,0.0018526066175108377,0.5780590717299579
6320,0.652,2,1,2,605411,199,107684,272,0.0018433435844232835,0.5774946921443737
6321,0.6521,0,1,0,605412,198,107684,272,0.0018340805513357293,0.5787234042553191
6322,0.6522,1,1,1,605413,197,107685,271,0.0018248175182481751,0.5790598290598291
6323,0.6525,0,1,0,605414,196,107685,271,0.001815554485160621,0.5802997858672377
6324,0.6527,1,1,1,605415,195,107686,270,0.0018062914520730667,0.5806451612903226
6325,0.6528,1,0,1,605415,195,107687,269,0.0018062914520730667,0.5797413793103449
6326,0.6529,2,1,2,605416,194,107689,267,0.0017970284189855125,0.579175704989154
6327,0.6531,1,1,1,605417,193,107690,266,0.0017877653858979585,0.579520697167756
6328,0.6533,2,0,2,605417,193,107692,264,0.0017877653858979585,0.5776805251641138
6329,0.6534,0,2,0,605419,191,107692,264,0.0017692393197228501,0.5802197802197803
6330,0.6537,1,0,1,605419,191,107693,263,0.0017692393197228501,0.579295154185022
6331,0.6538,1,0,1,605419,191,107694,262,0.0017692393197228501,0.5783664459161147
6332,0.6539,0,1,0,605420,190,107694,262,0.001759976286635296,0.5796460176991151
6333,0.654,1,0,1,605420,190,107695,261,0.001759976286635296,0.5787139689578714
6334,0.6541,1,0,1,605420,190,107696,260,0.001759976286635296,0.5777777777777777
6335,0.6543,1,1,1,605421,189,107697,259,0.0017507132535477417,0.578125
6336,0.6544,1,0,1,605421,189,107698,258,0.0017507132535477417,0.5771812080536913
6337,0.6546,1,2,1,605423,187,107699,257,0.0017321871873726333,0.5788288288288288
6338,0.6548,0,1,0,605424,186,107699,257,0.001722924154285079,0.5801354401805869
6339,0.6549,3,1,3,605425,185,107702,254,0.001713661121197525,0.5785876993166287
6340,0.6551,2,0,2,605425,185,107704,252,0.001713661121197525,0.5766590389016019
6341,0.6552,1,0,1,605425,185,107705,251,0.001713661121197525,0.5756880733944955
6342,0.6553,0,1,0,605426,184,107705,251,0.0017043980881099707,0.5770114942528736
6343,0.6554,0,1,0,605427,183,107705,251,0.0016951350550224165,0.5783410138248848
6344,0.6555,1,1,1,605428,182,107706,250,0.0016858720219348623,0.5787037037037037
6345,0.6556,2,1,2,605429,181,107708,248,0.001676608988847308,0.578088578088578
6346,0.6559,1,1,1,605430,180,107709,247,0.0016673459557597539,0.5784543325526932
6347,0.6561,2,0,2,605430,180,107711,245,0.0016673459557597539,0.5764705882352941
6348,0.6562,1,2,1,605432,178,107712,244,0.0016488198895846457,0.5781990521327014
6349,0.6564,1,0,1,605432,178,107713,243,0.0016488198895846457,0.5771971496437055
6350,0.6567,1,2,1,605434,176,107714,242,0.0016302938234095373,0.5789473684210527
6351,0.6569,2,0,2,605434,176,107716,240,0.0016302938234095373,0.5769230769230769
6352,0.6571,0,1,0,605435,175,107716,240,0.001621030790321983,0.5783132530120482
6353,0.6572,1,1,1,605436,174,107717,239,0.0016117677572344289,0.5786924939467313
6354,0.6573,1,1,1,605437,173,107718,238,0.0016025047241468747,0.5790754257907542
6355,0.6575,1,0,1,605437,173,107719,237,0.0016025047241468747,0.5780487804878048
6356,0.6576,0,1,0,605438,172,107719,237,0.0015932416910593205,0.5794621026894865
6357,0.6577,1,0,1,605438,172,107720,236,0.0015932416910593205,0.5784313725490197
6358,0.6579,0,1,0,605439,171,107720,236,0.0015839786579717663,0.5798525798525799
6359,0.6581,1,1,1,605440,170,107721,235,0.001574715624884212,0.5802469135802469
6360,0.6583,1,1,1,605441,169,107722,234,0.0015654525917966578,0.5806451612903226
6361,0.6585,1,1,1,605442,168,107723,233,0.0015561895587091036,0.5810473815461347
6362,0.6586,1,0,1,605442,168,107724,232,0.0015561895587091036,0.58
6363,0.6587,1,0,1,605442,168,107725,231,0.0015561895587091036,0.5789473684210527
6364,0.6588,1,0,1,605442,168,107726,230,0.0015561895587091036,0.5778894472361809
6365,0.659,1,1,1,605443,167,107727,229,0.0015469265256215494,0.5782828282828283
6366,0.6592,0,1,0,605444,166,107727,229,0.0015376634925339952,0.579746835443038
6367,0.6594,0,1,0,605445,165,107727,229,0.0015284004594464412,0.5812182741116751
6368,0.6596,0,3,0,605448,162,107727,229,0.0015006113601837786,0.5856777493606138
6369,0.6597,0,1,0,605449,161,107727,229,0.0014913483270962244,0.5871794871794872
6370,0.66,0,2,0,605451,159,107727,229,0.001472822260921116,0.5902061855670103
6371,0.6601,1,1,1,605452,158,107728,228,0.0014635592278335618,0.5906735751295337
6372,0.6602,2,1,2,605453,157,107730,226,0.0014542961947460076,0.5900783289817232
6373,0.6606,1,0,1,605453,157,107731,225,0.0014542961947460076,0.5890052356020943
6374,0.6607,0,1,0,605454,156,107731,225,0.0014450331616584534,0.5905511811023622
6375,0.6611,1,0,1,605454,156,107732,224,0.0014450331616584534,0.5894736842105263
6376,0.6612,1,0,1,605454,156,107733,223,0.0014450331616584534,0.5883905013192612
6377,0.6613,1,0,1,605454,156,107734,222,0.0014450331616584534,0.5873015873015873
6378,0.6614,1,0,1,605454,156,107735,221,0.0014450331616584534,0.5862068965517241
6379,0.6615,3,0,3,605454,156,107738,218,0.0014450331616584534,0.5828877005347594
6380,0.6616,1,1,1,605455,155,107739,217,0.0014357701285708992,0.5833333333333334
6381,0.6617,1,0,1,605455,155,107740,216,0.0014357701285708992,0.5822102425876011
6382,0.6622,0,1,0,605456,154,107740,216,0.001426507095483345,0.5837837837837838
6383,0.6624,1,0,1,605456,154,107741,215,0.001426507095483345,0.5826558265582655
6384,0.6626,0,1,0,605457,153,107741,215,0.0014172440623957908,0.5842391304347826
6385,0.6628,1,0,1,605457,153,107742,214,0.0014172440623957908,0.5831062670299727
6386,0.6629,0,1,0,605458,152,107742,214,0.0014079810293082366,0.5846994535519126
6387,0.6631,1,0,1,605458,152,107743,213,0.0014079810293082366,0.5835616438356165
6388,0.6632,1,1,1,605459,151,107744,212,0.0013987179962206824,0.5840220385674931
6389,0.6633,1,0,1,605459,151,107745,211,0.0013987179962206824,0.5828729281767956
6390,0.6635,1,0,1,605459,151,107746,210,0.0013987179962206824,0.5817174515235457
6391,0.6636,1,0,1,605459,151,107747,209,0.0013987179962206824,0.5805555555555556
6392,0.6637,1,0,1,605459,151,107748,208,0.0013987179962206824,0.5793871866295265
6393,0.6638,0,1,0,605460,150,107748,208,0.0013894549631331284,0.5810055865921788
6394,0.664,1,0,1,605460,150,107749,207,0.0013894549631331284,0.5798319327731093
6395,0.6641,1,0,1,605460,150,107750,206,0.0013894549631331284,0.5786516853932584
6396,0.6643,1,1,1,605461,149,107751,205,0.0013801919300455742,0.5790960451977402
6397,0.6645,0,1,0,605462,148,107751,205,0.00137092889695802,0.5807365439093485
6398,0.6646,0,1,0,605463,147,107751,205,0.0013616658638704658,0.5823863636363636
6399,0.6647,0,1,0,605464,146,107751,205,0.0013524028307829116,0.584045584045584
6400,0.6648,0,1,0,605465,145,107751,205,0.0013431397976953574,0.5857142857142857
6401,0.6649,2,0,2,605465,145,107753,203,0.0013431397976953574,0.5833333333333334
6402,0.665,1,3,1,605468,142,107754,202,0.0013153506984326948,0.5872093023255814
6403,0.6651,1,0,1,605468,142,107755,201,0.0013153506984326948,0.5860058309037901
6404,0.6652,1,0,1,605468,142,107756,200,0.0013153506984326948,0.5847953216374269
6405,0.6653,2,0,2,605468,142,107758,198,0.0013153506984326948,0.5823529411764706
6406,0.6656,0,1,0,605469,141,107758,198,0.0013060876653451406,0.584070796460177
6407,0.6657,1,0,1,605469,141,107759,197,0.0013060876653451406,0.5828402366863905
6408,0.666,0,1,0,605470,140,107759,197,0.0012968246322575864,0.5845697329376854
6409,0.6661,1,0,1,605470,140,107760,196,0.0012968246322575864,0.5833333333333334
6410,0.6662,0,1,0,605471,139,107760,196,0.0012875615991700322,0.5850746268656717
6411,0.6663,0,1,0,605472,138,107760,196,0.001278298566082478,0.5868263473053892
6412,0.6665,0,1,0,605473,137,107760,196,0.0012690355329949238,0.5885885885885885
6413,0.6666,1,0,1,605473,137,107761,195,0.0012690355329949238,0.5873493975903614
6414,0.6667,2,0,2,605473,137,107763,193,0.0012690355329949238,0.5848484848484848
6415,0.6668,0,1,0,605474,136,107763,193,0.0012597724999073698,0.5866261398176292
6416,0.6669,1,1,1,605475,135,107764,192,0.0012505094668198156,0.5871559633027523
6417,0.6671,0,1,0,605476,134,107764,192,0.0012412464337322614,0.588957055214724
6418,0.6672,2,0,2,605476,134,107766,190,0.0012412464337322614,0.5864197530864198
6419,0.6673,2,0,2,605476,134,107768,188,0.0012412464337322614,0.5838509316770186
6420,0.6675,0,1,0,605477,133,107768,188,0.0012319834006447072,0.5856697819314641
6421,0.6676,1,0,1,605477,133,107769,187,0.0012319834006447072,0.584375
6422,0.6678,0,2,0,605479,131,107769,187,0.0012134573344695988,0.5880503144654088
6423,0.668,0,1,0,605480,130,107769,187,0.0012041943013820445,0.5899053627760252
6424,0.6682,2,0,2,605480,130,107771,185,0.0012041943013820445,0.5873015873015873
6425,0.6684,0,1,0,605481,129,107771,185,0.0011949312682944903,0.589171974522293
6426,0.6685,2,0,2,605481,129,107773,183,0.0011949312682944903,0.5865384615384616
6427,0.6687,2,1,2,605482,128,107775,181,0.0011856682352069361,0.5857605177993528
6428,0.6689,2,1,2,605483,127,107777,179,0.001176405202119382,0.5849673202614379
6429,0.669,1,1,1,605484,126,107778,178,0.0011671421690318277,0.5855263157894737
6430,0.6693,1,0,1,605484,126,107779,177,0.0011671421690318277,0.5841584158415841
6431,0.6695,1,0,1,605484,126,107780,176,0.0011671421690318277,0.5827814569536424
6432,0.6699,1,0,1,605484,126,107781,175,0.0011671421690318277,0.5813953488372093
6433,0.6705,0,1,0,605485,125,107781,175,0.0011578791359442735,0.5833333333333334
6434,0.6708,1,0,1,605485,125,107782,174,0.0011578791359442735,0.5819397993311036
6435,0.6709,0,1,0,605486,124,107782,174,0.0011486161028567193,0.5838926174496645
6436,0.671,0,1,0,605487,123,107782,174,0.0011393530697691651,0.5858585858585859
6437,0.6711,1,0,1,605487,123,107783,173,0.0011393530697691651,0.5844594594594594
6438,0.6712,0,1,0,605488,122,107783,173,0.0011300900366816111,0.5864406779661017
6439,0.6713,0,1,0,605489,121,107783,173,0.001120827003594057,0.5884353741496599
6440,0.6714,0,2,0,605491,119,107783,173,0.0011023009374189485,0.5924657534246576
6441,0.6715,1,1,1,605492,118,107784,172,0.0010930379043313943,0.593103448275862
6442,0.6717,2,0,2,605492,118,107786,170,0.0010930379043313943,0.5902777777777778
6443,0.6718,1,0,1,605492,118,107787,169,0.0010930379043313943,0.5888501742160279
6444,0.672,1,1,1,605493,117,107788,168,0.0010837748712438401,0.5894736842105263
6445,0.6721,0,1,0,605494,116,107788,168,0.001074511838156286,0.5915492957746479
6446,0.6722,0,1,0,605495,115,107788,168,0.0010652488050687317,0.5936395759717314
6447,0.6723,0,1,0,605496,114,107788,168,0.0010559857719811775,0.5957446808510638
6448,0.6724,0,1,0,605497,113,107788,168,0.0010467227388936233,0.597864768683274
6449,0.6725,1,0,1,605497,113,107789,167,0.0010467227388936233,0.5964285714285714
6450,0.6726,2,0,2,605497,113,107791,165,0.0010467227388936233,0.5935251798561151
6451,0.6727,1,0,1,605497,113,107792,164,0.0010467227388936233,0.592057761732852
6452,0.6728,0,1,0,605498,112,107792,164,0.001037459705806069,0.5942028985507246
6453,0.6729,2,0,2,605498,112,107794,162,0.001037459705806069,0.5912408759124088
6454,0.673,1,1,1,605499,111,107795,161,0.001028196672718515,0.5919117647058824
6455,0.6731,0,2,0,605501,109,107795,161,0.0010096706065434065,0.5962962962962963
6456,0.6732,1,0,1,605501,109,107796,160,0.0010096706065434065,0.5947955390334573
6457,0.6734,1,0,1,605501,109,107797,159,0.0010096706065434065,0.5932835820895522
6458,0.6735,1,0,1,605501,109,107798,158,0.0010096706065434065,0.5917602996254682
6459,0.6737,0,1,0,605502,108,107798,158,0.0010004075734558523,0.5939849624060151
6460,0.6744,0,2,0,605504,106,107798,158,0.000981881507280744,0.5984848484848485
6461,0.6746,1,1,1,605505,105,107799,157,0.0009726184741931898,0.5992366412213741
6462,0.6748,1,1,1,605506,104,107800,156,0.0009633554411056357,0.6
6463,0.675,1,0,1,605506,104,107801,155,0.0009633554411056357,0.5984555984555985
6464,0.6752,1,0,1,605506,104,107802,154,0.0009633554411056357,0.5968992248062015
6465,0.6753,1,0,1,605506,104,107803,153,0.0009633554411056357,0.5953307392996109
6466,0.6754,0,1,0,605507,103,107803,153,0.0009540924080180815,0.59765625
6467,0.6755,2,0,2,605507,103,107805,151,0.0009540924080180815,0.594488188976378
6468,0.6756,2,1,2,605508,102,107807,149,0.0009448293749305273,0.5936254980079682
6469,0.6762,1,1,1,605509,101,107808,148,0.0009355663418429731,0.5943775100401606
6470,0.6766,1,0,1,605509,101,107809,147,0.0009355663418429731,0.592741935483871
6471,0.6767,2,0,2,605509,101,107811,145,0.0009355663418429731,0.5894308943089431
6472,0.6768,0,2,0,605511,99,107811,145,0.0009170402756678647,0.5942622950819673
6473,0.6769,1,1,1,605512,98,107812,144,0.0009077772425803105,0.5950413223140496
6474,0.6771,2,0,2,605512,98,107814,142,0.0009077772425803105,0.5916666666666667
6475,0.6772,0,1,0,605513,97,107814,142,0.0008985142094927563,0.5941422594142259
6476,0.6773,0,2,0,605515,95,107814,142,0.000879988143317648,0.5991561181434599
6477,0.6776,1,1,1,605516,94,107815,141,0.0008707251102300938,0.6
6478,0.6777,0,1,0,605517,93,107815,141,0.0008614620771425395,0.6025641025641025
6479,0.6779,1,0,1,605517,93,107816,140,0.0008614620771425395,0.6008583690987125
6480,0.678,0,1,0,605518,92,107816,140,0.0008521990440549853,0.603448275862069
6481,0.6784,1,0,1,605518,92,107817,139,0.0008521990440549853,0.6017316017316018
6482,0.6785,0,1,0,605519,91,107817,139,0.0008429360109674311,0.6043478260869565
6483,0.6786,1,0,1,605519,91,107818,138,0.0008429360109674311,0.6026200873362445
6484,0.6787,0,1,0,605520,90,107818,138,0.0008336729778798769,0.6052631578947368
6485,0.6788,1,0,1,605520,90,107819,137,0.0008336729778798769,0.6035242290748899
6486,0.6789,0,1,0,605521,89,107819,137,0.0008244099447923228,0.6061946902654868
6487,0.679,1,0,1,605521,89,107820,136,0.0008244099447923228,0.6044444444444445
6488,0.6791,2,0,2,605521,89,107822,134,0.0008244099447923228,0.600896860986547
6489,0.6792,1,0,1,605521,89,107823,133,0.0008244099447923228,0.5990990990990991
6490,0.6795,1,0,1,605521,89,107824,132,0.0008244099447923228,0.5972850678733032
6491,0.6798,0,2,0,605523,87,107824,132,0.0008058838786172144,0.6027397260273972
6492,0.6802,1,0,1,605523,87,107825,131,0.0008058838786172144,0.6009174311926605
6493,0.6803,2,0,2,605523,87,107827,129,0.0008058838786172144,0.5972222222222222
6494,0.6804,1,0,1,605523,87,107828,128,0.0008058838786172144,0.5953488372093023
6495,0.6806,1,0,1,605523,87,107829,127,0.0008058838786172144,0.5934579439252337
6496,0.6808,1,1,1,605524,86,107830,126,0.0007966208455296602,0.5943396226415094
6497,0.681,1,0,1,605524,86,107831,125,0.0007966208455296602,0.5924170616113744
6498,0.6814,0,2,0,605526,84,107831,125,0.0007780947793545518,0.5980861244019139
6499,0.6815,2,0,2,605526,84,107833,123,0.0007780947793545518,0.5942028985507246
6500,0.6818,0,3,0,605529,81,107833,123,0.0007503056800918893,0.6029411764705882
6501,0.6821,1,0,1,605529,81,107834,122,0.0007503056800918893,0.6009852216748769
6502,0.6823,2,1,2,605530,80,107836,120,0.0007410426470043351,0.6
6503,0.6827,1,1,1,605531,79,107837,119,0.0007317796139167809,0.601010101010101
6504,0.6828,0,1,0,605532,78,107837,119,0.0007225165808292267,0.6040609137055838
6505,0.6829,1,0,1,605532,78,107838,118,0.0007225165808292267,0.6020408163265306
6506,0.6832,1,0,1,605532,78,107839,117,0.0007225165808292267,0.6
6507,0.6833,0,1,0,605533,77,107839,117,0.0007132535477416725,0.6030927835051546
6508,0.6837,1,1,1,605534,76,107840,116,0.0007039905146541183,0.6041666666666666
6509,0.6838,1,1,1,605535,75,107841,115,0.0006947274815665642,0.6052631578947368
6510,0.6841,1,0,1,605535,75,107842,114,0.0006947274815665642,0.6031746031746031
6511,0.6843,1,0,1,605535,75,107843,113,0.0006947274815665642,0.601063829787234
6512,0.6846,1,0,1,605535,75,107844,112,0.0006947274815665642,0.5989304812834224
6513,0.685,1,0,1,605535,75,107845,111,0.0006947274815665642,0.5967741935483871
6514,0.6851,0,1,0,605536,74,107845,111,0.00068546444847901,0.6
6515,0.6852,1,0,1,605536,74,107846,110,0.00068546444847901,0.5978260869565217
6516,0.6855,1,0,1,605536,74,107847,109,0.00068546444847901,0.5956284153005464
6517,0.686,1,0,1,605536,74,107848,108,0.00068546444847901,0.5934065934065934
6518,0.6862,0,1,0,605537,73,107848,108,0.0006762014153914558,0.5966850828729282
6519,0.6863,0,2,0,605539,71,107848,108,0.0006576753492163474,0.6033519553072626
6520,0.6867,2,0,2,605539,71,107850,106,0.0006576753492163474,0.5988700564971752
6521,0.6878,2,0,2,605539,71,107852,104,0.0006576753492163474,0.5942857142857143
6522,0.6883,0,1,0,605540,70,107852,104,0.0006484123161287932,0.5977011494252874
6523,0.6885,0,1,0,605541,69,107852,104,0.000639149283041239,0.6011560693641619
6524,0.6888,1,0,1,605541,69,107853,103,0.000639149283041239,0.5988372093023255
6525,0.6894,1,0,1,605541,69,107854,102,0.000639149283041239,0.5964912280701754
6526,0.6896,0,1,0,605542,68,107854,102,0.0006298862499536849,0.6
6527,0.69,1,0,1,605542,68,107855,101,0.0006298862499536849,0.5976331360946746
6528,0.6901,1,0,1,605542,68,107856,100,0.0006298862499536849,0.5952380952380952
6529,0.6903,1,0,1,605542,68,107857,99,0.0006298862499536849,0.592814371257485
6530,0.6906,2,0,2,605542,68,107859,97,0.0006298862499536849,0.5878787878787879
6531,0.6907,1,1,1,605543,67,107860,96,0.0006206232168661307,0.588957055214724
6532,0.6909,2,0,2,605543,67,107862,94,0.0006206232168661307,0.5838509316770186
6533,0.6911,0,1,0,605544,66,107862,94,0.0006113601837785765,0.5875
6534,0.6912,1,1,1,605545,65,107863,93,0.0006020971506910223,0.5886075949367089
6535,0.6915,2,1,2,605546,64,107865,91,0.0005928341176034681,0.5870967741935483
6536,0.6916,0,1,0,605547,63,107865,91,0.0005835710845159139,0.5909090909090909
6537,0.6918,1,0,1,605547,63,107866,90,0.0005835710845159139,0.5882352941176471
6538,0.6921,1,1,1,605548,62,107867,89,0.0005743080514283597,0.5894039735099338
6539,0.693,1,0,1,605548,62,107868,88,0.0005743080514283597,0.5866666666666667
6540,0.6933,1,0,1,605548,62,107869,87,0.0005743080514283597,0.5838926174496645
6541,0.6937,1,0,1,605548,62,107870,86,0.0005743080514283597,0.581081081081081
6542,0.6938,1,0,1,605548,62,107871,85,0.0005743080514283597,0.5782312925170068
6543,0.6939,3,1,3,605549,61,107874,82,0.0005650450183408056,0.5734265734265734
6544,0.694,0,1,0,605550,60,107874,82,0.0005557819852532514,0.5774647887323944
6545,0.6941,1,0,1,605550,60,107875,81,0.0005557819852532514,0.574468085106383
6546,0.6946,0,1,0,605551,59,107875,81,0.0005465189521656972,0.5785714285714286
6547,0.6948,2,0,2,605551,59,107877,79,0.0005465189521656972,0.572463768115942
6548,0.695,1,0,1,605551,59,107878,78,0.0005465189521656972,0.5693430656934306
6549,0.6952,2,0,2,605551,59,107880,76,0.0005465189521656972,0.562962962962963
6550,0.6958,0,1,0,605552,58,107880,76,0.000537255919078143,0.5671641791044776
6551,0.6959,0,1,0,605553,57,107880,76,0.0005279928859905888,0.5714285714285714
6552,0.696,1,0,1,605553,57,107881,75,0.0005279928859905888,0.5681818181818182
6553,0.6965,1,1,1,605554,56,107882,74,0.0005187298529030345,0.5692307692307692
6554,0.6971,1,0,1,605554,56,107883,73,0.0005187298529030345,0.5658914728682171
6555,0.6972,1,0,1,605554,56,107884,72,0.0005187298529030345,0.5625
6556,0.6973,1,2,1,605556,54,107885,71,0.0005002037867279261,0.568
6557,0.6975,1,0,1,605556,54,107886,70,0.0005002037867279261,0.5645161290322581
6558,0.6976,1,0,1,605556,54,107887,69,0.0005002037867279261,0.5609756097560976
6559,0.6978,1,0,1,605556,54,107888,68,0.0005002037867279261,0.5573770491803278
6560,0.6979,0,1,0,605557,53,107888,68,0.000490940753640372,0.5619834710743802
6561,0.698,1,0,1,605557,53,107889,67,0.000490940753640372,0.5583333333333333
6562,0.6981,1,0,1,605557,53,107890,66,0.000490940753640372,0.5546218487394958
6563,0.6982,1,0,1,605557,53,107891,65,0.000490940753640372,0.5508474576271186
6564,0.6984,0,1,0,605558,52,107891,65,0.00048167772055281784,0.5555555555555556
6565,0.6989,0,1,0,605559,51,107891,65,0.00047241468746526364,0.5603448275862069
6566,0.6994,0,2,0,605561,49,107891,65,0.00045388862129015523,0.5701754385964912
6567,0.6996,0,1,0,605562,48,107891,65,0.0004446255882026011,0.5752212389380531
6568,0.6999,1,0,1,605562,48,107892,64,0.0004446255882026011,0.5714285714285714
6569,0.7002,1,0,1,605562,48,107893,63,0.0004446255882026011,0.5675675675675675
6570,0.7005,0,1,0,605563,47,107893,63,0.0004353625551150469,0.5727272727272728
6571,0.7006,1,1,1,605564,46,107894,62,0.00042609952202749267,0.5740740740740741
6572,0.7007,2,0,2,605564,46,107896,60,0.00042609952202749267,0.5660377358490566
6573,0.7016,0,1,0,605565,45,107896,60,0.00041683648893993847,0.5714285714285714
6574,0.7018,1,2,1,605567,43,107897,59,0.0003983104227648301,0.5784313725490197
6575,0.7022,1,0,1,605567,43,107898,58,0.0003983104227648301,0.5742574257425742
6576,0.7031,0,1,0,605568,42,107898,58,0.0003890473896772759,0.58
6577,0.7033,1,0,1,605568,42,107899,57,0.0003890473896772759,0.5757575757575758
6578,0.7034,1,0,1,605568,42,107900,56,0.0003890473896772759,0.5714285714285714
6579,0.7037,1,1,1,605569,41,107901,55,0.00037978435658972176,0.5729166666666666
6580,0.7039,0,1,0,605570,40,107901,55,0.00037052132350216756,0.5789473684210527
6581,0.7041,3,0,3,605570,40,107904,52,0.00037052132350216756,0.5652173913043478
6582,0.7046,0,1,0,605571,39,107904,52,0.00036125829041461335,0.5714285714285714
6583,0.7048,0,1,0,605572,38,107904,52,0.00035199525732705915,0.5777777777777777
6584,0.7051,0,1,0,605573,37,107904,52,0.000342732224239505,0.5842696629213483
6585,0.7054,1,0,1,605573,37,107905,51,0.000342732224239505,0.5795454545454546
6586,0.7057,0,1,0,605574,36,107905,51,0.0003334691911519508,0.5862068965517241
6587,0.7058,0,1,0,605575,35,107905,51,0.0003242061580643966,0.5930232558139535
6588,0.7059,1,1,1,605576,34,107906,50,0.00031494312497684244,0.5952380952380952
6589,0.7062,0,1,0,605577,33,107906,50,0.00030568009188928824,0.6024096385542169
6590,0.7064,1,0,1,605577,33,107907,49,0.00030568009188928824,0.5975609756097561
6591,0.7065,0,1,0,605578,32,107907,49,0.00029641705880173404,0.6049382716049383
6592,0.7069,1,0,1,605578,32,107908,48,0.00029641705880173404,0.6
6593,0.7074,1,1,1,605579,31,107909,47,0.00028715402571417983,0.6025641025641025
6594,0.7076,0,1,0,605580,30,107909,47,0.0002778909926266257,0.6103896103896104
6595,0.7077,1,0,1,605580,30,107910,46,0.0002778909926266257,0.6052631578947368
6596,0.7084,1,0,1,605580,30,107911,45,0.0002778909926266257,0.6
6597,0.7086,1,0,1,605580,30,107912,44,0.0002778909926266257,0.5945945945945946
6598,0.7088,1,1,1,605581,29,107913,43,0.0002686279595390715,0.5972222222222222
6599,0.7093,1,0,1,605581,29,107914,42,0.0002686279595390715,0.5915492957746479
6600,0.7094,1,1,1,605582,28,107915,41,0.0002593649264515173,0.5942028985507246
6601,0.7102,1,0,1,605582,28,107916,40,0.0002593649264515173,0.5882352941176471
6602,0.7107,0,1,0,605583,27,107916,40,0.00025010189336396307,0.5970149253731343
6603,0.7148,0,1,0,605584,26,107916,40,0.00024083886027640892,0.6060606060606061
6604,0.716,0,1,0,605585,25,107916,40,0.00023157582718885472,0.6153846153846154
6605,0.7161,1,0,1,605585,25,107917,39,0.00023157582718885472,0.609375
6606,0.7162,1,0,1,605585,25,107918,38,0.00023157582718885472,0.6031746031746031
6607,0.7163,1,0,1,605585,25,107919,37,0.00023157582718885472,0.5967741935483871
6608,0.7166,0,1,0,605586,24,107919,37,0.00022231279410130054,0.6065573770491803
6609,0.7168,0,1,0,605587,23,107919,37,0.00021304976101374634,0.6166666666666667
6610,0.7173,0,1,0,605588,22,107919,37,0.00020378672792619216,0.6271186440677966
6611,0.7175,1,0,1,605588,22,107920,36,0.00020378672792619216,0.6206896551724138
6612,0.7181,0,1,0,605589,21,107920,36,0.00019452369483863796,0.631578947368421
6613,0.7182,0,1,0,605590,20,107920,36,0.00018526066175108378,0.6428571428571429
6614,0.7188,1,0,1,605590,20,107921,35,0.00018526066175108378,0.6363636363636364
6615,0.7194,1,1,1,605591,19,107922,34,0.00017599762866352957,0.6415094339622641
6616,0.7202,2,0,2,605591,19,107924,32,0.00017599762866352957,0.6274509803921569
6617,0.7205,1,0,1,605591,19,107925,31,0.00017599762866352957,0.62
6618,0.7207,1,0,1,605591,19,107926,30,0.00017599762866352957,0.6122448979591837
6619,0.7217,1,0,1,605591,19,107927,29,0.00017599762866352957,0.6041666666666666
6620,0.7221,1,0,1,605591,19,107928,28,0.00017599762866352957,0.5957446808510638
6621,0.7228,0,1,0,605592,18,107928,28,0.0001667345955759754,0.6086956521739131
6622,0.7231,0,1,0,605593,17,107928,28,0.00015747156248842122,0.6222222222222222
6623,0.7233,1,0,1,605593,17,107929,27,0.00015747156248842122,0.6136363636363636
6624,0.7235,0,1,0,605594,16,107929,27,0.00014820852940086702,0.627906976744186
6625,0.7237,1,0,1,605594,16,107930,26,0.00014820852940086702,0.6190476190476191
6626,0.7238,1,0,1,605594,16,107931,25,0.00014820852940086702,0.6097560975609756
6627,0.7241,0,2,0,605596,14,107931,25,0.00012968246322575864,0.6410256410256411
6628,0.7261,0,1,0,605597,13,107931,25,0.00012041943013820446,0.6578947368421053
6629,0.7263,1,0,1,605597,13,107932,24,0.00012041943013820446,0.6486486486486487
6630,0.7268,2,0,2,605597,13,107934,22,0.00012041943013820446,0.6285714285714286
6631,0.7277,0,1,0,605598,12,107934,22,0.00011115639705065027,0.6470588235294118
6632,0.7282,1,0,1,605598,12,107935,21,0.00011115639705065027,0.6363636363636364
6633,0.7287,2,0,2,605598,12,107937,19,0.00011115639705065027,0.6129032258064516
6634,0.729,1,0,1,605598,12,107938,18,0.00011115639705065027,0.6
6635,0.7293,1,1,1,605599,11,107939,17,0.00010189336396309608,0.6071428571428571
6636,0.7295,0,1,0,605600,10,107939,17,9.263033087554189e-05,0.6296296296296297
6637,0.7318,0,1,0,605601,9,107939,17,8.33672977879877e-05,0.6538461538461539
6638,0.7335,0,1,0,605602,8,107939,17,7.410426470043351e-05,0.68
6639,0.7349,1,1,1,605603,7,107940,16,6.484123161287932e-05,0.6956521739130435
6640,0.7352,0,1,0,605604,6,107940,16,5.5578198525325135e-05,0.7272727272727273
6641,0.7355,1,0,1,605604,6,107941,15,5.5578198525325135e-05,0.7142857142857143
6642,0.7359,0,1,0,605605,5,107941,15,4.6315165437770945e-05,0.75
6643,0.7386,0,1,0,605606,4,107941,15,3.7052132350216754e-05,0.7894736842105263
6644,0.7387,1,0,1,605606,4,107942,14,3.7052132350216754e-05,0.7777777777777778
6645,0.7393,0,1,0,605607,3,107942,14,2.7789099262662567e-05,0.8235294117647058
6646,0.7395,1,0,1,605607,3,107943,13,2.7789099262662567e-05,0.8125
6647,0.7396,1,0,1,605607,3,107944,12,2.7789099262662567e-05,0.8
6648,0.7398,1,0,1,605607,3,107945,11,2.7789099262662567e-05,0.7857142857142857
6649,0.7411,1,0,1,605607,3,107946,10,2.7789099262662567e-05,0.7692307692307693
6650,0.7432,1,0,1,605607,3,107947,9,2.7789099262662567e-05,0.75
6651,0.7459,1,0,1,605607,3,107948,8,2.7789099262662567e-05,0.7272727272727273
6652,0.747,0,1,0,605608,2,107948,8,1.8526066175108377e-05,0.8
6653,0.7471,2,0,2,605608,2,107950,6,1.8526066175108377e-05,0.75
6654,0.749,1,0,1,605608,2,107951,5,1.8526066175108377e-05,0.7142857142857143
6655,0.7496,0,1,0,605609,1,107951,5,9.263033087554189e-06,0.8333333333333334
6656,0.75,1,0,1,605609,1,107952,4,9.263033087554189e-06,0.8
6657,0.7628,1,0,1,605609,1,107953,3,9.263033087554189e-06,0.75
6658,0.7674,1,1,1,605610,0,107954,2,0.0,1.0
6659,0.7686,1,0,1,605610,0,107955,1,0.0,1.0
6660,0.8135,1,0,1,605610,0,107956,0,0.0,
