,y_proba,y_test,Neg,Pos,TN,FP,FN,TP,FP/P,Prec
0,0.0365,0,2,0,2,605608,0,107956,5.609766942087517,0.15129126469384666
1,0.037,0,1,0,3,605607,0,107956,5.60975767905443,0.1512914767161414
2,0.0372,0,1,0,4,605606,0,107956,5.609748416021342,0.15129168873903037
3,0.0374,0,4,0,8,605602,0,107956,5.609711363888992,0.15129253683652905
4,0.0378,0,1,0,9,605601,0,107956,5.6097021008559045,0.15129274886238941
5,0.038,0,1,0,10,605600,0,107956,5.609692837822816,0.15129296088884403
6,0.0381,0,1,0,11,605599,0,107956,5.609683574789729,0.15129317291589295
7,0.0382,0,1,0,12,605598,0,107956,5.609674311756642,0.15129338494353617
8,0.0384,0,1,0,13,605597,0,107956,5.609665048723554,0.15129359697177364
9,0.0385,0,4,0,17,605593,0,107956,5.609627996591204,0.1512944450906665
10,0.0386,0,3,0,20,605590,0,107956,5.609600207491941,0.1512950811860763
11,0.0387,0,2,0,22,605588,0,107956,5.609581681425766,0.15129550525265437
12,0.0388,0,4,0,26,605584,0,107956,5.609544629293416,0.15129635339294223
13,0.0389,0,3,0,29,605581,0,107956,5.6095168401941535,0.15129698950439852
14,0.039,0,4,0,33,605577,0,107956,5.609479788061803,0.1512978376613275
15,0.0391,0,3,0,36,605574,0,107956,5.60945199896254,0.15129847378526481
16,0.0392,0,1,0,37,605573,0,107956,5.609442735929453,0.15129868582776593
17,0.0393,0,5,0,42,605568,0,107956,5.609396420764015,0.15129974604918686
18,0.0395,0,5,0,47,605563,0,107956,5.609350105598577,0.15130080628546683
19,0.0396,0,1,0,48,605562,0,107956,5.60934084256549,0.15130101833450593
20,0.0398,0,3,0,51,605559,0,107956,5.609313053466227,0.1513016544851895
21,0.0399,0,6,0,57,605553,0,107956,5.609257475267702,0.15130292680260515
22,0.04,0,4,0,61,605549,0,107956,5.609220423135351,0.15130377502610354
23,0.0401,0,8,0,69,605541,0,107956,5.609146318870651,0.1513054715016321
24,0.0403,0,5,0,74,605536,0,107956,5.609100003705214,0.15130653181815634
25,0.0404,0,2,0,76,605534,0,107956,5.609081477639038,0.1513069559489271
26,0.0405,0,10,0,86,605524,0,107956,5.608988847308162,0.15130907663844817
27,0.0406,0,11,0,97,605513,0,107956,5.608886953944199,0.15131140946558294
28,0.0407,0,14,0,111,605499,0,107956,5.6087572714809735,0.1513143786223378
29,0.0408,0,3,0,114,605496,0,107956,5.608729482381711,0.15131501488537422
30,0.0409,0,7,0,121,605489,0,107956,5.608664641150098,0.15131649951993498
31,0.041,1,13,1,134,605476,1,107955,5.60854422171996,0.15131806719921057
32,0.0411,0,5,0,139,605471,1,107955,5.608497906554522,0.15131912770210226
33,0.0412,0,4,0,143,605467,1,107955,5.608460854422172,0.1513199761151184
34,0.0413,0,6,0,149,605461,1,107955,5.608405276223647,0.151321248752481
35,0.0414,0,4,0,153,605457,1,107955,5.608368224091296,0.15132209718928194
36,0.0415,0,15,0,168,605442,1,107955,5.608229278594983,0.15132527891202233
37,0.0416,0,4,0,172,605438,1,107955,5.6081922264626325,0.15132612739401705
38,0.0417,0,11,0,183,605427,1,107955,5.60809033309867,0.15132846076856438
39,0.0418,3,11,3,194,605416,4,107952,5.607988439734707,0.15132722521896133
40,0.0419,0,9,0,203,605407,4,107952,5.607905072436918,0.1513291344189952
41,0.042,0,28,0,231,605379,4,107952,5.607645707510467,0.15133507446052394
42,0.0421,1,22,1,253,605357,5,107951,5.6074419207825414,0.1513385522102654
43,0.0422,0,10,0,263,605347,5,107951,5.6073492904516655,0.1513406738838466
44,0.0423,0,15,0,278,605332,5,107951,5.6072103449553525,0.1513438565057628
45,0.0424,0,9,0,287,605323,5,107951,5.607126977657564,0.15134576614316517
46,0.0425,0,2,0,289,605321,5,107951,5.607108451591389,0.15134619051357687
47,0.0426,1,8,1,297,605313,6,107950,5.607034347326689,0.1513466982024863
48,0.0427,0,7,0,304,605306,6,107950,5.6069695060950755,0.15134818354139326
49,0.0428,0,7,0,311,605299,6,107950,5.606904664863463,0.15134966890945517
50,0.0429,1,24,1,335,605275,7,107949,5.606682352069361,0.1513535719493455
51,0.043,3,20,3,355,605255,10,107946,5.60649709140761,0.15135424655882423
52,0.0431,0,8,0,363,605247,10,107946,5.60642298714291,0.15135594432362628
53,0.0432,2,12,2,375,605235,12,107944,5.6063118307458595,0.15135611115862918
54,0.0433,0,13,0,388,605222,12,107944,5.606191411315721,0.15135887016487046
55,0.0434,1,19,1,407,605203,13,107943,5.606015413687057,0.1513617127488621
56,0.0435,0,14,0,421,605189,13,107943,5.6058857312238315,0.1513646842379812
57,0.0436,2,13,2,434,605176,15,107941,5.605765311793694,0.15136506351692638
58,0.0437,0,8,0,442,605168,15,107941,5.605691207528993,0.1513667616030649
59,0.0438,2,35,2,477,605133,17,107939,5.6053670013709285,0.1513718109812193
60,0.0439,1,24,1,501,605109,18,107938,5.605144688576828,0.1513757157662819
61,0.044,0,15,0,516,605094,18,107938,5.605005743080515,0.15137890024571127
62,0.0441,0,26,0,542,605068,18,107938,5.604764904220238,0.15138442032745866
63,0.0442,2,26,2,568,605042,20,107936,5.6045240653599615,0.1513875603454805
64,0.0443,1,9,1,577,605033,21,107935,5.604440698062174,0.15138828110097508
65,0.0444,3,18,3,595,605015,24,107932,5.604273963466597,0.15138853238740047
66,0.0445,0,12,0,607,605003,24,107932,5.604162807069547,0.15139108053328845
67,0.0446,4,87,4,694,604916,28,107928,5.60335692319093,0.1514047954391143
68,0.0447,1,79,1,773,604837,29,107927,5.602625143577013,0.15142038599031377
69,0.0448,0,12,0,785,604825,29,107927,5.602513987179962,0.15142293532673357
70,0.0449,3,19,3,804,604806,32,107924,5.602337989551299,0.15142340016556058
71,0.045,3,20,3,824,604786,35,107921,5.602152728889547,0.15142407749608183
72,0.0451,10,145,10,969,604641,45,107911,5.600809589091853,0.15144298240689802
73,0.0452,3,76,3,1045,604565,48,107908,5.600105598577198,0.15145556393014192
74,0.0453,3,131,3,1176,604434,51,107905,5.598892141242729,0.1514798431645607
75,0.0454,2,19,2,1195,604415,53,107903,5.598716143614065,0.1514815012396149
76,0.0455,3,92,3,1287,604323,56,107900,5.59786394457001,0.15149749446451463
77,0.0456,0,26,0,1313,604297,56,107900,5.597623105709734,0.15150302514613231
78,0.0457,0,16,0,1329,604281,56,107900,5.597474897180333,0.15150642884322946
79,0.0458,4,106,4,1435,604175,60,107896,5.596493015673052,0.15152421598408025
80,0.0459,1,32,1,1467,604143,61,107895,5.596196598614251,0.1515298340818889
81,0.046,3,81,3,1548,604062,64,107892,5.595446292934159,0.15154349859681945
82,0.0461,2,27,2,1575,604035,66,107890,5.595196191040794,0.15154686238016646
83,0.0462,4,37,4,1612,603998,70,107886,5.594853458816555,0.15154997162459052
84,0.0463,1,23,1,1635,603975,71,107885,5.5946404090555415,0.1515536762846627
85,0.0464,4,38,4,1673,603937,75,107881,5.594288413798214,0.15155699912056173
86,0.0465,1,83,1,1756,603854,76,107880,5.593519582051947,0.15157348110389557
87,0.0466,8,174,8,1930,603680,84,107872,5.5919078142947125,0.15160100737542723
88,0.0467,14,117,14,2047,603563,98,107858,5.5908240394234685,0.15160924403412326
89,0.0468,2,30,2,2077,603533,100,107856,5.5905461484308425,0.15161325238371692
90,0.0469,3,81,3,2158,603452,103,107853,5.589795842750751,0.151626939217354
91,0.047,2,57,2,2215,603395,105,107851,5.589267849864759,0.15163670516248948
92,0.0471,4,150,4,2365,603245,109,107847,5.587878394901627,0.1516639197178424
93,0.0472,7,174,7,2539,603071,116,107840,5.586266627144393,0.15169268727027715
94,0.0473,9,185,9,2724,602886,125,107831,5.584552966023194,0.15172143061162177
95,0.0474,4,109,4,2833,602777,129,107827,5.583543295416651,0.1517399282863592
96,0.0475,1,40,1,2873,602737,130,107826,5.583172774093149,0.1517472764554304
97,0.0476,2,88,2,2961,602649,132,107824,5.582357627181445,0.151763684193488
98,0.0477,4,114,4,3075,602535,136,107820,5.581301641409463,0.1517832632979285
99,0.0478,1,90,1,3165,602445,137,107819,5.580467968431583,0.15180130205106834
100,0.0479,0,41,0,3206,602404,137,107819,5.580088184074993,0.15181006528935279
101,0.048,4,159,4,3365,602245,141,107815,5.578615361814072,0.15183928118750528
102,0.0481,6,85,6,3450,602160,147,107809,5.57782800400163,0.15185029205500522
103,0.0482,0,46,0,3496,602114,147,107809,5.577401904479602,0.1518601313100153
104,0.0483,3,52,3,3548,602062,150,107806,5.57692022675905,0.15186767117266872
105,0.0484,2,73,2,3621,601989,152,107804,5.576244025343659,0.15188090048788871
106,0.0485,2,67,2,3688,601922,154,107802,5.5756234021267925,0.15189284848758108
107,0.0486,6,97,6,3785,601825,160,107796,5.5747248879172995,0.15190644019835942
108,0.0487,7,138,7,3923,601687,167,107789,5.573446589351217,0.1519276198208255
109,0.0488,9,116,9,4039,601571,176,107780,5.5723720775130605,0.1519417044594284
110,0.0489,1,123,1,4162,601448,177,107779,5.571232724443291,0.1519668596937229
111,0.049,8,112,8,4274,601336,185,107771,5.570195264737485,0.15198129478343889
112,0.0491,9,121,9,4395,601215,194,107762,5.569074437733891,0.15199646815058881
113,0.0492,9,275,9,4670,600940,203,107753,5.566527103634814,0.1520446794310089
114,0.0493,9,125,9,4795,600815,212,107744,5.56536922449887,0.1520607317104151
115,0.0494,18,274,18,5069,600541,230,107726,5.56283115343288,0.15209800823700667
116,0.0495,4,187,4,5256,600354,234,107722,5.561098966245507,0.1521333868115852
117,0.0496,15,321,15,5577,600033,249,107707,5.558125532624403,0.1521844180066126
118,0.0497,16,253,16,5830,599780,265,107691,5.555781985253251,0.15221966695454656
119,0.0498,2,229,2,6059,599551,267,107689,5.553660750676201,0.15226655732141847
120,0.0499,4,125,4,6184,599426,271,107685,5.552502871540257,0.15228867886371447
121,0.05,8,333,8,6517,599093,279,107677,5.549418281522102,0.1523508354910367
122,0.0501,17,266,17,6783,598827,296,107660,5.5469543147208125,0.15238780048323608
123,0.0502,10,215,10,6998,598612,306,107650,5.544962762606988,0.15242218893271903
124,0.0503,15,252,15,7250,598360,321,107635,5.542628478268925,0.1524585868171871
125,0.0504,14,302,14,7552,598058,335,107621,5.539831042276483,0.1525070180634538
126,0.0505,6,160,6,7712,597898,341,107615,5.538348956982475,0.15253439695654084
127,0.0506,8,181,8,7893,597717,349,107607,5.536672347993627,0.1525639280671011
128,0.0507,17,509,17,8402,597208,366,107590,5.531957464152062,0.15265366814321266
129,0.0508,20,501,20,8903,596707,386,107570,5.527316684575197,0.15273819818054543
130,0.0509,17,370,17,9273,596337,403,107553,5.5238893623328025,0.1527980224182756
131,0.051,10,310,10,9583,596027,413,107543,5.5210178220756605,0.15285330528589905
132,0.0511,7,181,7,9764,595846,420,107536,5.519341213086813,0.15288420801214703
133,0.0512,6,244,6,10008,595602,426,107530,5.51708103301345,0.1529300330521154
134,0.0513,15,363,15,10371,595239,441,107515,5.5137185520026675,0.15299094704548105
135,0.0514,16,334,16,10705,594905,457,107499,5.510624698951425,0.15304440179725629
136,0.0515,28,403,28,11108,594502,485,107471,5.50689169661714,0.1530984809957078
137,0.0516,14,270,14,11378,594232,499,107457,5.5043906776835,0.15314049386551593
138,0.0517,24,395,24,11773,593837,523,107433,5.500731779613917,0.15319776976057725
139,0.0518,13,237,13,12010,593600,536,107420,5.498536440772167,0.15323385923368804
140,0.0519,13,246,13,12256,593354,549,107407,5.4962577346326285,0.153271942930614
141,0.052,5,135,5,12391,593219,554,107402,5.495007225165808,0.1532954336224578
142,0.0521,16,227,16,12618,592992,570,107386,5.492904516654933,0.15332577550979615
143,0.0522,9,236,9,12854,592756,579,107377,5.490718440846271,0.15336657463653333
144,0.0523,18,314,18,13168,592442,597,107359,5.487809848456779,0.15341361329863776
145,0.0524,28,332,28,13500,592110,625,107331,5.484734521471711,0.15345254281633475
146,0.0525,43,498,43,13998,591612,668,107288,5.480121530994109,0.15350980111603948
147,0.0526,27,392,27,14390,591220,695,107261,5.4764904220237876,0.15356323221390417
148,0.0527,14,267,14,14657,590953,709,107247,5.47401719218941,0.15360498424520194
149,0.0528,21,309,21,14966,590644,730,107226,5.471154914965356,0.1536475274764641
150,0.0529,19,401,19,15367,590243,749,107207,5.467440438697247,0.15371281095419026
151,0.053,15,400,15,15767,589843,764,107192,5.463735225462226,0.15378280861075844
152,0.0531,29,399,29,16166,589444,793,107163,5.460039275260291,0.15383566343720348
153,0.0532,18,259,18,16425,589185,811,107145,5.457640149690615,0.1538710094351816
154,0.0533,21,386,21,16811,588799,832,107124,5.454064618918819,0.15393082280654613
155,0.0534,24,728,24,17539,588071,856,107100,5.447321130831079,0.1540628133221898
156,0.0535,13,291,13,17830,587780,869,107087,5.444625588202601,0.15411150623068876
157,0.0536,10,250,10,18080,587530,879,107077,5.442309829930712,0.15415479544548213
158,0.0537,29,706,29,18786,586824,908,107048,5.4357701285708995,0.1542762930338737
159,0.0538,16,310,16,19096,586514,924,107032,5.4328985883137575,0.15432574046999045
160,0.0539,14,231,14,19327,586283,938,107018,5.430758827670532,0.1543600831384925
161,0.054,22,341,22,19668,585942,960,106996,5.427600133387677,0.15440919678239612
162,0.0541,19,448,19,20116,585494,979,106977,5.423450294564452,0.15448589182796102
163,0.0542,26,486,26,20602,585008,1005,106951,5.418948460483901,0.15456262582031594
164,0.0543,35,352,35,20954,584656,1040,106916,5.415687872837082,0.15459850890435126
165,0.0544,30,465,30,21419,584191,1070,106886,5.411380562451369,0.15466583318501412
166,0.0545,20,337,20,21756,583854,1090,106866,5.408258920300863,0.15471681723419042
167,0.0546,28,510,28,22266,583344,1118,106838,5.403534773426211,0.15479685068576116
168,0.0547,24,450,24,22716,582894,1142,106814,5.399366408536811,0.15486843707771986
169,0.0548,14,336,14,23052,582558,1156,106800,5.396254029419393,0.15492675793999636
170,0.0549,17,404,17,23456,582154,1173,106783,5.3925117640520215,0.154996755871727
171,0.055,18,474,18,23930,581680,1191,106765,5.38812108636852,0.15508137904988778
172,0.0551,27,444,27,24374,581236,1218,106738,5.384008299677647,0.15514830502315494
173,0.0552,34,612,34,24986,580624,1252,106704,5.378339323428063,0.15524465757251268
174,0.0553,38,537,38,25523,580087,1290,106666,5.373365074660047,0.1553193069415059
175,0.0554,38,495,38,26018,579592,1328,106628,5.368779873281707,0.15538457054588908
176,0.0555,37,717,37,26735,578875,1365,106591,5.362138278557931,0.1555015128394406
177,0.0556,31,503,31,27238,578372,1396,106560,5.357478972914891,0.15557748798420865
178,0.0557,19,433,19,27671,577939,1415,106541,5.35346807958798,0.15565246610565686
179,0.0558,40,594,40,28265,577345,1455,106501,5.347965837933973,0.15573828025608105
180,0.0559,17,393,17,28658,576952,1472,106484,5.344325465930564,0.15580683487554065
181,0.056,20,458,20,29116,576494,1492,106464,5.340082996776465,0.1558865991759376
182,0.0561,25,422,25,29538,576072,1517,106439,5.336173996813517,0.15595206524143934
183,0.0562,30,706,30,30244,575366,1547,106409,5.329634295453704,0.15607641817315096
184,0.0563,24,663,24,30907,574703,1571,106385,5.323492904516655,0.15619861163315166
185,0.0564,58,932,58,31839,573771,1629,106327,5.314859757679055,0.15634070383974075
186,0.0565,35,569,35,32408,573202,1664,106292,5.309589091852236,0.1564281656644503
187,0.0566,15,276,15,32684,572926,1679,106277,5.3070324947200715,0.15647310156168331
188,0.0567,14,421,14,33105,572505,1693,106263,5.303132757790211,0.1565527544020932
189,0.0568,42,458,42,33563,572047,1735,106221,5.298890288636111,0.15660623824211078
190,0.0569,37,665,37,34228,571382,1772,106184,5.292730371632888,0.15671388469905514
191,0.057,30,721,30,34949,570661,1802,106154,5.286051724776761,0.1568434505736427
192,0.0571,55,869,55,35818,569792,1857,106099,5.278002149023676,0.15697649473065922
193,0.0572,30,529,30,36347,569263,1887,106069,5.27310200452036,0.15706200801975917
194,0.0573,58,1139,58,37486,568124,1945,106011,5.262551409833636,0.15725485251470403
195,0.0574,42,759,42,38245,567365,1987,105969,5.255520767720182,0.1573795471489632
196,0.0575,23,513,23,38758,566852,2010,105946,5.250768831746267,0.15747074158960045
197,0.0576,35,531,35,39289,566321,2045,105911,5.245850161176776,0.15755126206428732
198,0.0577,35,701,35,39990,565620,2080,105876,5.2393567749824,0.1576718252975446
199,0.0578,35,433,35,40423,565187,2115,105841,5.23534588165549,0.15772963274259794
200,0.0579,19,572,19,40995,564615,2134,105822,5.230047426729408,0.15784033399111325
201,0.058,24,435,24,41430,564180,2158,105798,5.2260180073363225,0.15791264787799003
202,0.0581,22,501,22,41931,563679,2180,105776,5.221377227759458,0.1580031518175232
203,0.0582,34,612,34,42543,563067,2214,105742,5.2157082515098745,0.1581049298080618
204,0.0583,42,535,42,43078,562532,2256,105700,5.210752528808033,0.15817859665505393
205,0.0584,40,505,40,43583,562027,2296,105660,5.206074697098818,0.15824780173943778
206,0.0585,26,397,26,43980,561630,2322,105634,5.202397272963059,0.1583091549971226
207,0.0586,25,397,25,44377,561233,2347,105609,5.1987198488273,0.15837184820392236
208,0.0587,28,539,28,44916,560694,2375,105581,5.1937270739931085,0.1584645979512964
209,0.0588,35,460,35,45376,560234,2410,105546,5.189466078772833,0.15852984469344228
210,0.0589,47,703,47,46079,559531,2457,105499,5.182954166512283,0.15863795618242785
211,0.059,27,470,27,46549,559061,2484,105472,5.178600540961132,0.15871597046346833
212,0.0591,32,606,32,47155,558455,2516,105440,5.172987142910075,0.1588202953780342
213,0.0592,31,581,31,47736,557874,2547,105409,5.167605320686206,0.15892009896228307
214,0.0593,22,565,22,48301,557309,2569,105387,5.162371706991737,0.15902766879534508
215,0.0594,31,403,31,48704,556906,2600,105356,5.158638704657453,0.15908507509112707
216,0.0595,21,539,21,49243,556367,2621,105335,5.153645929823261,0.15918797283369251
217,0.0596,46,723,46,49966,555644,2667,105289,5.14694875690096,0.15930359053035634
218,0.0597,46,926,46,50892,554718,2713,105243,5.1383711882618845,0.1594685140485574
219,0.0598,27,572,27,51464,554146,2740,105216,5.133072733335803,0.1595724351721816
220,0.0599,38,759,38,52223,553387,2778,105178,5.12604209122235,0.15970784964278392
221,0.06,30,402,30,52625,552985,2808,105148,5.1223183519211535,0.1597670987475176
222,0.0601,58,715,58,53340,552270,2866,105090,5.115695283263552,0.1598667396860168
223,0.0602,19,392,19,53732,551878,2885,105071,5.112064174293231,0.15993783383489435
224,0.0603,31,682,31,54414,551196,2916,105040,5.1057467857275185,0.16006436708745025
225,0.0604,38,645,38,55059,550551,2954,105002,5.0997721293860465,0.16017316677675184
226,0.0605,32,522,32,55581,550029,2986,104970,5.094936826114343,0.16025978665616283
227,0.0606,44,747,44,56328,549282,3030,104926,5.08801734039794,0.16038629915867736
228,0.0607,26,437,26,56765,548845,3056,104900,5.083969394938679,0.16046011824182213
229,0.0608,21,412,21,57177,548433,3077,104879,5.080153025306607,0.16053432356974923
230,0.0609,27,537,27,57714,547896,3104,104852,5.07517877653859,0.16063166796374712
231,0.061,37,557,37,58271,547339,3141,104815,5.0700192671088224,0.160721240688549
232,0.0611,86,1070,86,59341,546269,3227,104729,5.060107821705139,0.1608745341767563
233,0.0612,47,688,47,60029,545581,3274,104682,5.053734854940902,0.1609840941280682
234,0.0613,44,741,44,60770,544840,3318,104638,5.046870947423024,0.1611109229257958
235,0.0614,38,562,38,61332,544278,3356,104600,5.041665122827819,0.16120133522788568
236,0.0615,56,792,56,62124,543486,3412,104544,5.034328800622476,0.1613258645433082
237,0.0616,34,546,34,62670,542940,3446,104510,5.029271184556671,0.16141787010579967
238,0.0617,44,680,44,63350,542260,3490,104466,5.022972322057134,0.16153053998138314
239,0.0618,47,632,47,63982,541628,3537,104419,5.0171180851458,0.16162755960479655
240,0.0619,45,739,45,64721,540889,3582,104374,5.010272703694097,0.16175419945045663
241,0.062,45,780,45,65501,540109,3627,104329,5.003047537885806,0.16189144650067191
242,0.0621,42,530,42,66031,539579,3669,104287,4.9981381303494015,0.16197003724377432
243,0.0622,29,502,29,66533,539077,3698,104258,4.99348808773945,0.1620586475164572
244,0.0623,21,516,21,67049,538561,3719,104237,4.988708362666271,0.1621613632898671
245,0.0624,28,466,28,67515,538095,3747,104209,4.984391789247471,0.1622424895376644
246,0.0625,36,654,36,68169,537441,3783,104173,4.978333765608211,0.1623608587094421
247,0.0626,36,464,36,68633,536977,3819,104137,4.974035718255585,0.16243133046540864
248,0.0627,48,485,48,69118,536492,3867,104089,4.969543147208122,0.16249155063918536
249,0.0628,37,454,37,69572,536038,3904,104052,4.965337730186373,0.16255839022637442
250,0.0629,26,453,26,70025,535585,3930,104026,4.9611415761977105,0.16263947930851722
251,0.063,41,518,41,70543,535067,3971,103985,4.9563433250583575,0.16271758792711705
252,0.0631,23,405,23,70948,534662,3994,103962,4.952591796657898,0.16279062484341333
253,0.0632,29,492,29,71440,534170,4023,103933,4.948034384378821,0.16287809334856598
254,0.0633,34,522,34,71962,533648,4057,103899,4.943199081107117,0.16296680872155309
255,0.0634,61,749,61,72711,532899,4118,103838,4.93626106932454,0.16307831962018857
256,0.0635,39,501,39,73212,532398,4157,103799,4.931620289747675,0.16315543770247265
257,0.0636,37,699,37,73911,531699,4194,103762,4.925145429619475,0.16328618121332386
258,0.0637,33,516,33,74427,531183,4227,103729,4.920365704546296,0.1633753969053979
259,0.0638,51,706,51,75133,530477,4278,103678,4.913826003186483,0.16348999850194354
260,0.0639,28,400,28,75533,530077,4306,103650,4.910120789951462,0.16355623162655214
261,0.064,41,588,41,76121,529489,4347,103609,4.90467412649598,0.16365396826399703
262,0.0641,42,825,42,76946,528664,4389,103567,4.897032124198748,0.16381196113445876
263,0.0642,44,778,44,77724,527886,4433,103523,4.8898254844566305,0.16395553436837296
264,0.0643,36,600,36,78324,527286,4469,103487,4.884267664604098,0.1640637757164622
265,0.0644,41,637,41,78961,526649,4510,103446,4.878367112527326,0.1641752434156754
266,0.0645,42,618,42,79579,526031,4552,103404,4.872642558079217,0.16428066440537942
267,0.0646,30,476,30,80055,525555,4582,103374,4.868233354329542,0.1643651350152402
268,0.0647,24,347,24,80402,525208,4606,103350,4.8650190818481605,0.1644239672393001
269,0.0648,27,401,27,80803,524807,4633,103323,4.8613046055800515,0.1644930189610431
270,0.0649,33,441,33,81244,524366,4666,103290,4.85721960798844,0.164564665995386
271,0.065,23,372,23,81616,523994,4689,103267,4.85377375967987,0.1646316286203032
272,0.0651,26,472,26,82088,523522,4715,103241,4.849401608062544,0.16472095512976995
273,0.0652,46,581,46,82669,522941,4761,103195,4.844019785838675,0.1648124369146639
274,0.0653,29,480,29,83149,522461,4790,103166,4.839573529956649,0.16490017214730182
275,0.0654,37,597,37,83746,521864,4827,103129,4.834043499203379,0.16500824809237863
276,0.0655,37,506,37,84252,521358,4864,103092,4.829356404461077,0.1650924813836176
277,0.0656,24,365,24,84617,520993,4888,103068,4.825975397384119,0.16515693177429772
278,0.0657,35,441,35,85058,520552,4923,103033,4.821890399792508,0.16522687364192531
279,0.0658,31,497,31,85555,520055,4954,103002,4.8172866723479935,0.1653171379183606
280,0.0659,16,278,16,85833,519777,4970,102986,4.814711549149654,0.16536949048032717
281,0.066,19,290,19,86123,519487,4989,102967,4.812025269554263,0.16542105922686656
282,0.0661,45,645,45,86768,518842,5034,102922,4.806050613212791,0.165532259828488
283,0.0662,38,463,38,87231,518379,5072,102884,4.801761828893253,0.16560458292220848
284,0.0663,20,366,20,87597,518013,5092,102864,4.798371558783208,0.1656753269971347
285,0.0664,42,356,42,87953,517657,5134,102822,4.795073919004039,0.16571390812581893
286,0.0665,17,399,17,88352,517258,5151,102805,4.791377968802105,0.16579766894654252
287,0.0666,18,326,18,88678,516932,5169,102787,4.788358220015562,0.16586065620063287
288,0.0667,22,340,22,89018,516592,5191,102765,4.785208788765793,0.1659220772510846
289,0.0668,30,343,30,89361,516249,5221,102735,4.7820315684167625,0.16597359544026985
290,0.0669,35,517,35,89878,515732,5256,102700,4.777242580310497,0.1660651453999793
291,0.067,15,183,15,90061,515549,5271,102685,4.775547445255475,0.16609406794191195
292,0.0671,14,391,14,90452,515158,5285,102671,4.771925599318241,0.1661802861309521
293,0.0672,15,294,15,90746,514864,5300,102656,4.7692022675905,0.16623915014898302
294,0.0673,30,327,30,91073,514537,5330,102626,4.76617325577087,0.1662867022164323
295,0.0674,14,293,14,91366,514244,5344,102612,4.763459187076216,0.1663467648851596
296,0.0675,18,243,18,91609,514001,5362,102594,4.76120827003594,0.16638798563076249
297,0.0676,17,201,17,91810,513800,5379,102577,4.7593464003853425,0.16641925315188594
298,0.0677,30,380,30,92190,513420,5409,102547,4.755826447812072,0.16648132123961187
299,0.0678,30,371,30,92561,513049,5439,102517,4.752389862536589,0.1665410370293356
300,0.0679,21,413,21,92974,512636,5460,102496,4.7485642298714295,0.16662439931591919
301,0.068,21,286,21,93260,512350,5481,102475,4.745915002408388,0.16667344366283088
302,0.0681,31,503,31,93763,511847,5512,102444,4.741255696765349,0.16676786734625773
303,0.0682,38,327,38,94090,511520,5550,102406,4.738226684945719,0.1668051198352896
304,0.0683,41,384,41,94474,511136,5591,102365,4.734669680240097,0.16685384375901588
305,0.0684,16,241,16,94715,510895,5607,102349,4.732437289265997,0.16689767857492288
306,0.0685,26,575,26,95290,510320,5633,102323,4.727111045240654,0.1670189653680855
307,0.0686,16,361,16,95651,509959,5649,102307,4.723767090296047,0.1670956741024326
308,0.0687,50,655,50,96306,509304,5699,102257,4.717699803623699,0.1672065419475735
309,0.0688,23,229,23,96535,509075,5722,102234,4.715578569046649,0.1672378453449892
310,0.0689,44,548,44,97083,508527,5766,102190,4.710502426914669,0.16732791129115449
311,0.069,15,290,15,97373,508237,5781,102175,4.707816147319278,0.16738694521077568
312,0.0691,28,394,28,97767,507843,5809,102147,4.704166512282782,0.16745684355481238
313,0.0692,25,271,25,98038,507572,5834,102122,4.701656230316055,0.1674971379085246
314,0.0693,17,230,17,98268,507342,5851,102105,4.699525732705918,0.16753712792088565
315,0.0694,23,349,23,98617,506993,5874,102082,4.696292934158361,0.16760169108894635
316,0.0695,25,288,25,98905,506705,5899,102057,4.693625180629145,0.16764679792759732
317,0.0696,20,318,20,99223,506387,5919,102037,4.690679536107303,0.16770705955057658
318,0.0697,17,248,17,99471,506139,5936,102020,4.68838230390159,0.16775218322839916
319,0.0698,30,361,30,99832,505778,5966,101990,4.685038348956983,0.16781074357320558
320,0.0699,14,253,14,100085,505525,5980,101976,4.682694801585831,0.16786145207991426
321,0.07,20,267,20,100352,505258,6000,101956,4.680221571751455,0.1679078545619831
322,0.0701,12,230,12,100582,505028,6012,101944,4.678091074141316,0.16795502922704836
323,0.0702,20,200,20,100782,504828,6032,101924,4.676238467523806,0.1679829650334898
324,0.0703,32,321,32,101103,504507,6064,101892,4.673265033902701,0.16802798157648677
325,0.0704,24,272,24,101375,504235,6088,101868,4.670745488902886,0.1680704434724791
326,0.0705,21,243,21,101618,503992,6109,101847,4.6684945718626105,0.16810901906282033
327,0.0706,24,237,24,101855,503755,6133,101823,4.66629923302086,0.16814184134826562
328,0.0707,20,310,20,102165,503445,6153,101803,4.663427692763719,0.16820047319445913
329,0.0708,15,239,15,102404,503206,6168,101788,4.661213827855793,0.1682462966574875
330,0.0709,23,298,23,102702,502908,6191,101765,4.658453443995702,0.1682975757144771
331,0.071,40,425,40,103127,502483,6231,101725,4.6545166549334915,0.16836089558562614
332,0.0711,23,203,23,103330,502280,6254,101702,4.652636259216718,0.1683858128222364
333,0.0712,12,226,12,103556,502054,6266,101690,4.650542813738931,0.1684323156834685
334,0.0713,12,139,12,103695,501915,6278,101678,4.649255252139761,0.16845457120940766
335,0.0714,22,333,22,104028,501582,6300,101656,4.646170662121605,0.1685172353200561
336,0.0715,25,323,25,104351,501259,6325,101631,4.643178702434325,0.16857303985801722
337,0.0716,21,248,21,104599,501011,6346,101610,4.640881470228612,0.16861344028834044
338,0.0717,11,226,11,104825,500785,6357,101599,4.638788024750824,0.16866151823421605
339,0.0718,25,203,25,105028,500582,6382,101574,4.6369076290340505,0.16868386265353164
340,0.0719,23,213,23,105241,500369,6405,101551,4.634934602986402,0.1687117889420521
341,0.072,18,223,18,105464,500146,6423,101533,4.632868946607878,0.16874944945726875
342,0.0721,15,181,15,105645,499965,6438,101518,4.63119233761903,0.16877950000249384
343,0.0722,14,218,14,105863,499747,6452,101504,4.629172996405943,0.16882134083768677
344,0.0723,22,286,22,106149,499461,6474,101482,4.626523768942903,0.16887125734054645
345,0.0724,14,164,14,106313,499297,6488,101468,4.625004631516544,0.16889798839812573
346,0.0725,7,161,7,106474,499136,6495,101461,4.623513283189448,0.16893357775679865
347,0.0726,11,161,11,106635,498975,6506,101450,4.622021934862351,0.16896365074738726
348,0.0727,15,241,15,106876,498734,6521,101435,4.619789543888251,0.16901072864476505
349,0.0728,14,192,14,107068,498542,6535,101421,4.61801104153544,0.16904542446784218
350,0.0729,17,279,17,107347,498263,6552,101404,4.615426655304013,0.16910051745385354
351,0.073,12,242,12,107589,498021,6564,101392,4.6131850012968245,0.1691521538571903
352,0.0731,21,232,21,107821,497789,6585,101371,4.611035977620512,0.16918853060952
353,0.0732,12,254,12,108075,497535,6597,101359,4.608683167216273,0.16924363910808923
354,0.0733,15,242,15,108317,497293,6612,101344,4.606441513209085,0.169291239933382
355,0.0734,26,405,26,108722,496888,6638,101318,4.602689984808626,0.16936974888249198
356,0.0735,27,288,27,109010,496600,6665,101291,4.60002223127941,0.1694138229209003
357,0.0736,13,154,13,109164,496446,6678,101278,4.598595724183927,0.169439406816524
358,0.0737,14,207,14,109371,496239,6692,101264,4.596678276334803,0.16947864696913656
359,0.0738,18,270,18,109641,495969,6710,101246,4.594177257401164,0.1695302361796003
360,0.0739,18,221,18,109862,495748,6728,101228,4.592130127088814,0.16956795583072015
361,0.074,28,300,28,110162,495448,6756,101200,4.589351217162548,0.16961424491492472
362,0.0741,7,202,7,110364,495246,6763,101193,4.5874800844788615,0.16966194363547654
363,0.0742,15,262,15,110626,494984,6778,101178,4.585053169809923,0.16971561421224432
364,0.0743,11,100,11,110726,494884,6789,101167,4.584126866501167,0.16972876482045998
365,0.0744,10,227,10,110953,494657,6799,101157,4.5820241579902925,0.1697794949430527
366,0.0745,14,110,14,111063,494547,6813,101143,4.581005224350662,0.16979133441890917
367,0.0746,15,164,15,111227,494383,6828,101128,4.579486086924303,0.16981718221829656
368,0.0747,14,143,14,111370,494240,6842,101114,4.578161473192782,0.16983844905719958
369,0.0748,11,137,11,111507,494103,6853,101103,4.5768924376597875,0.16986219896976845
370,0.0749,12,153,12,111660,493950,6865,101091,4.575475193597391,0.1698891336899474
371,0.075,11,214,11,111874,493736,6876,101080,4.573492904516655,0.16993490423929417
372,0.0751,13,160,13,112034,493576,6889,101067,4.572010819222646,0.16996248169069508
373,0.0752,8,166,8,112200,493410,6897,101059,4.570473155730112,0.169998772013343
374,0.0753,24,180,24,112380,493230,6921,101035,4.568805809774353,0.17001674337206465
375,0.0754,15,195,15,112575,493035,6936,101020,4.566999518322279,0.17005159454932625
376,0.0755,18,216,18,112791,492819,6954,101002,4.564998703175368,0.17008829259995858
377,0.0756,17,201,17,112992,492618,6971,100985,4.563136833524769,0.17012211865506072
378,0.0757,8,133,8,113125,492485,6979,100977,4.561904850124125,0.17014905756392154
379,0.0758,18,128,18,113253,492357,6997,100959,4.560719181888918,0.17016058896102582
380,0.0759,17,272,17,113525,492085,7014,100942,4.558199636889103,0.1702148468788099
381,0.076,11,127,11,113652,491958,7025,100931,4.557023231686983,0.17023591262445414
382,0.0761,12,155,12,113807,491803,7037,100919,4.555587461558413,0.17026363117954116
383,0.0762,13,192,13,113999,491611,7050,100906,4.553808959205602,0.17030059897015612
384,0.0763,11,159,11,114158,491452,7061,100895,4.552336136944681,0.1703309040140323
385,0.0764,13,233,13,114391,491219,7074,100882,4.550177850235281,0.17037971562284138
386,0.0765,17,183,17,114574,491036,7091,100865,4.548482715180259,0.1704085649458271
387,0.0766,18,185,18,114759,490851,7109,100847,4.5467690540590615,0.1704366078641469
388,0.0767,10,147,10,114906,490704,7119,100837,4.545407388195191,0.17046493818687125
389,0.0768,14,135,14,115041,490569,7133,100823,4.544156878728371,0.1704842135165846
390,0.0769,14,154,14,115195,490415,7147,100809,4.542730371632888,0.17050897798465556
391,0.077,9,129,9,115324,490286,7156,100800,4.541535440364593,0.1705335602602667
392,0.0771,13,131,13,115455,490155,7169,100787,4.540321983030124,0.17055311688795177
393,0.0772,3,98,3,115553,490057,7172,100784,4.539414205787543,0.17057719420283968
394,0.0773,16,191,16,115744,489866,7188,100768,4.53764496646782,0.17060988700278007
395,0.0774,11,117,11,115861,489749,7199,100757,4.536561191596577,0.17062824086461442
396,0.0775,14,157,14,116018,489592,7213,100743,4.535106895401831,0.17065395072289463
397,0.0776,11,116,11,116134,489476,7224,100732,4.534032383563674,0.17067203426588592
398,0.0777,10,124,10,116258,489352,7234,100722,4.532883767460818,0.17069384517874028
399,0.0778,9,112,9,116370,489240,7243,100713,4.5318463077550115,0.17071359921892082
400,0.0779,8,142,8,116512,489098,7251,100705,4.530530957056579,0.1707434516270687
401,0.078,13,108,13,116620,488990,7264,100692,4.529530549483122,0.1707564416075105
402,0.0781,10,128,10,116748,488862,7274,100682,4.528344881247916,0.17077944987990717
403,0.0782,10,105,10,116853,488757,7284,100672,4.5273722627737225,0.17079580407479103
404,0.0783,7,156,7,117009,488601,7291,100665,4.525927229612064,0.1708311696245838
405,0.0784,13,162,13,117171,488439,7304,100652,4.52442661825188,0.17085985017594904
406,0.0785,17,175,17,117346,488264,7321,100635,4.5228055874615585,0.1708866885493098
407,0.0786,18,128,18,117474,488136,7339,100617,4.521619919226351,0.17089849223698222
408,0.0787,14,123,14,117597,488013,7353,100603,4.520480566156582,0.1709144841458608
409,0.0788,9,175,9,117772,487838,7362,100594,4.518859535366261,0.17095263343937786
410,0.0789,19,287,19,118059,487551,7381,100575,4.516201044870132,0.1710092735230206
411,0.079,17,149,17,118208,487402,7398,100558,4.514820852940087,0.17102864140417715
412,0.0791,26,229,26,118437,487173,7424,100532,4.512699618363037,0.1710586093363167
413,0.0792,23,216,23,118653,486957,7447,100509,4.510698803216125,0.17108905025992993
414,0.0793,19,160,19,118813,486797,7466,100490,4.509216717922117,0.17110884456832862
415,0.0794,16,187,16,119000,486610,7482,100474,4.507484530734744,0.1711407566889917
416,0.0795,13,128,13,119128,486482,7495,100461,4.506298862499537,0.17115972079060487
417,0.0796,18,179,18,119307,486303,7513,100443,4.504640779576865,0.17118651000603327
418,0.0797,14,157,14,119464,486146,7527,100429,4.503186483382119,0.17121254741507905
419,0.0798,27,259,27,119723,485887,7554,100402,4.500787357812442,0.1712500149243803
420,0.0799,15,184,15,119907,485703,7569,100387,4.4990829597243325,0.17128256752375914
421,0.08,20,119,20,120026,485584,7589,100367,4.497980658786913,0.1712890668332335
422,0.0801,19,176,19,120202,485408,7608,100348,4.4963503649635035,0.17131365278375296
423,0.0802,12,150,12,120352,485258,7620,100336,4.494960910000371,0.17134055335266413
424,0.0803,20,201,20,120553,485057,7640,100316,4.493099040349772,0.17137107451146533
425,0.0804,7,123,7,120676,484934,7647,100309,4.491959687280003,0.17139718031655227
426,0.0805,14,164,14,120840,484770,7661,100295,4.490440549853644,0.17142539717809133
427,0.0806,23,174,23,121014,484596,7684,100272,4.48882878209641,0.17144381296292496
428,0.0807,11,119,11,121133,484477,7695,100261,4.48772648115899,0.1714631168147102
429,0.0808,24,246,24,121379,484231,7719,100237,4.485447775019453,0.17150126268675103
430,0.0809,11,135,11,121514,484096,7730,100226,4.484197265552632,0.17152528913852294
431,0.081,23,264,23,121778,483832,7753,100203,4.481751824817518,0.17157019699161866
432,0.0811,11,193,11,121971,483639,7764,100192,4.47996405943162,0.17161130532637014
433,0.0812,22,173,22,122144,483466,7786,100170,4.478361554707473,0.17163094805666546
434,0.0813,11,115,11,122259,483351,7797,100159,4.477296305902405,0.17164915768367295
435,0.0814,10,184,10,122443,483167,7807,100149,4.4755919078142945,0.17168910161901954
436,0.0815,12,148,12,122591,483019,7819,100137,4.474220978917336,0.17171563012298596
437,0.0816,22,219,22,122810,482800,7841,100115,4.472192374671162,0.17174888277021522
438,0.0817,28,230,28,123040,482570,7869,100087,4.470061877061025,0.1717768773051727
439,0.0818,23,237,23,123277,482333,7892,100064,4.467866538219274,0.17181407184446348
440,0.0819,10,120,10,123397,482213,7902,100054,4.466754974248768,0.17183525770823352
441,0.082,17,175,17,123572,482038,7919,100037,4.465133943458446,0.17186273246574754
442,0.0821,10,163,10,123735,481875,7929,100027,4.463624069065174,0.1718966423899557
443,0.0822,18,166,18,123901,481709,7947,100009,4.462086405572641,0.17192007123726616
444,0.0823,14,125,14,124026,481584,7961,99995,4.460928526436696,0.17193708851248068
445,0.0824,24,197,24,124223,481387,7985,99971,4.459103708918448,0.17196116678535428
446,0.0825,17,202,17,124425,481185,8002,99954,4.457232576234762,0.17199671679236808
447,0.0826,24,234,24,124659,480951,8026,99930,4.455065026492274,0.17203179308670796
448,0.0827,8,160,8,124819,480791,8034,99922,4.453582941198266,0.17206778563593375
449,0.0828,7,102,7,124921,480689,8041,99915,4.452638111823336,0.1720880324627457
450,0.0829,15,175,15,125096,480514,8056,99900,4.451017081033013,0.17211852229615413
451,0.083,20,133,20,125229,480381,8076,99880,4.449785097632369,0.17212943830448713
452,0.0831,7,138,7,125367,480243,8083,99873,4.448506799066286,0.17216039550710546
453,0.0832,25,214,25,125581,480029,8108,99848,4.44652450998555,0.17218823991984508
454,0.0833,15,120,15,125701,479909,8123,99833,4.445412946015043,0.172202462474687
455,0.0834,14,90,14,125791,479819,8137,99819,4.444579273037164,0.17220920643574092
456,0.0835,15,156,15,125947,479663,8152,99804,4.443134239875505,0.17223413930387754
457,0.0836,17,137,17,126084,479526,8169,99787,4.44186520434251,0.17225057956579604
458,0.0837,21,140,21,126224,479386,8190,99766,4.440568379710252,0.1722622040500594
459,0.0838,23,206,23,126430,479180,8213,99743,4.438660194894216,0.17229061550499808
460,0.0839,19,194,19,126624,478986,8232,99724,4.436863166475231,0.17232119714537505
461,0.084,14,106,14,126730,478880,8246,99710,4.43588128496795,0.17233273993674278
462,0.0841,12,178,12,126908,478702,8258,99698,4.434232465078365,0.1723686030428769
463,0.0842,9,147,9,127055,478555,8267,99689,4.432870799214495,0.17239954067832958
464,0.0843,19,219,19,127274,478336,8286,99670,4.430842194968321,0.1724376563565084
465,0.0844,14,226,14,127500,478110,8300,99656,4.428748749490533,0.1724850545030341
466,0.0845,25,267,25,127767,477843,8325,99631,4.426275519656156,0.1725289796596903
467,0.0846,11,174,11,127941,477669,8336,99620,4.424663751898922,0.17256521430340782
468,0.0847,16,190,16,128131,477479,8352,99604,4.422903775612286,0.1725990888658997
469,0.0848,21,255,21,128386,477224,8373,99583,4.42054170217496,0.17264526956156911
470,0.0849,23,270,23,128656,476954,8396,99560,4.418040683241321,0.1726931175999195
471,0.085,20,185,20,128841,476769,8416,99540,4.416327022120123,0.17271984300089016
472,0.0851,18,208,18,129049,476561,8434,99522,4.4144003112379115,0.17275635628893754
473,0.0852,13,212,13,129261,476349,8447,99509,4.41243654822335,0.17280128087132593
474,0.0853,14,156,14,129417,476193,8461,99495,4.410991515061692,0.1728279901613374
475,0.0854,13,130,13,129547,476063,8474,99482,4.4097873207603095,0.1728483437437559
476,0.0855,18,238,18,129785,475825,8492,99464,4.407582718885472,0.17289397155168967
477,0.0856,26,254,26,130039,475571,8518,99438,4.405229908481233,0.1729329453973764
478,0.0857,16,162,16,130201,475409,8534,99422,4.403729297121049,0.1729586608933756
479,0.0858,20,183,20,130384,475226,8554,99402,4.402034162066027,0.17298495722450002
480,0.0859,19,194,19,130578,475032,8573,99383,4.400237133647042,0.17301602499934715
481,0.086,14,171,14,130749,474861,8587,99369,4.39865315498907,0.173047385194086
482,0.0861,16,222,16,130971,474639,8603,99353,4.396596761643632,0.17309126259599436
483,0.0862,21,191,21,131162,474448,8624,99332,4.39482752232391,0.17311861689149152
484,0.0863,20,127,20,131289,474321,8644,99312,4.393651117121791,0.17312811501430356
485,0.0864,22,108,22,131397,474213,8666,99290,4.3926507095483345,0.17312899845336469
486,0.0865,13,174,13,131571,474039,8679,99277,4.3910389417911,0.17316279329375073
487,0.0866,27,193,27,131764,473846,8706,99250,4.389251176405202,0.17318215447324706
488,0.0867,20,216,20,131980,473630,8726,99230,4.387250361258291,0.17321858743846663
489,0.0868,29,244,29,132224,473386,8755,99201,4.384990181184927,0.17325052786738085
490,0.0869,28,219,28,132443,473167,8783,99173,4.382961576938753,0.17327637418317784
491,0.087,21,142,21,132585,473025,8804,99152,4.38164622624032,0.17328903468681894
492,0.0871,29,225,29,132810,472800,8833,99123,4.37956204379562,0.17331528894623927
493,0.0872,26,227,26,133037,472573,8859,99097,4.377459335284746,0.17334651109906066
494,0.0873,11,179,11,133216,472394,8870,99086,4.3758012523620735,0.17338489535941765
495,0.0874,24,154,24,133370,472240,8894,99062,4.37437474526659,0.17339690741499242
496,0.0875,23,246,23,133616,471994,8917,99039,4.372096039127052,0.17343831267194715
497,0.0876,21,251,21,133867,471743,8938,99018,4.369771017822075,0.17348417288497286
498,0.0877,16,196,16,134063,471547,8954,99002,4.367955463336915,0.173520591570575
499,0.0878,13,197,13,134260,471350,8967,98989,4.366130645818667,0.17356168875002412
500,0.0879,27,259,27,134519,471091,8994,98962,4.36373152024899,0.1736014019749041
501,0.088,20,217,20,134736,470874,9014,98942,4.361721442068991,0.1736385078692069
502,0.0881,25,175,25,134911,470699,9039,98917,4.360100411278669,0.17365558551726076
503,0.0882,38,254,38,135165,470445,9077,98879,4.35774760087443,0.1736779057267918
504,0.0883,16,237,16,135402,470208,9093,98863,4.35555226203268,0.17372700418752668
505,0.0884,22,198,22,135600,470010,9115,98841,4.353718181481344,0.1737555177014719
506,0.0885,29,226,29,135826,469784,9144,98812,4.351624736003557,0.17378243955286354
507,0.0886,31,273,31,136099,469511,9175,98781,4.349095927970655,0.17382085266025213
508,0.0887,28,223,28,136322,469288,9203,98753,4.34703027159213,0.173848366579173
509,0.0888,16,221,16,136543,469067,9219,98737,4.344983141279781,0.17389275172418653
510,0.0889,22,261,22,136804,468806,9241,98715,4.342565489643929,0.17394069999171838
511,0.089,24,201,24,137005,468605,9265,98691,4.340703619993331,0.17396738210740073
512,0.0891,29,186,29,137191,468419,9294,98662,4.338980695839045,0.17398220007371082
513,0.0892,27,306,27,137497,468113,9321,98635,4.336146207714254,0.17403678530846162
514,0.0893,27,264,27,137761,467849,9348,98608,4.33370076697914,0.17407852670193855
515,0.0894,22,209,22,137970,467640,9370,98586,4.331764793063841,0.17411069078424515
516,0.0895,25,292,25,138262,467348,9395,98561,4.329059987402275,0.17416404404241673
517,0.0896,17,200,17,138462,467148,9412,98544,4.327207380784764,0.17420080184976983
518,0.0897,16,136,16,138598,467012,9428,98528,4.3259476082848565,0.17421933019768718
519,0.0898,18,179,18,138777,466833,9446,98510,4.324289525362184,0.1742481997654521
520,0.0899,22,258,22,139035,466575,9468,98488,4.3218996628255955,0.17429560951610706
521,0.09,28,224,28,139259,466351,9496,98460,4.319824743413983,0.17432380035091385
522,0.0901,12,161,12,139420,466190,9508,98448,4.318333395086888,0.17435595903924284
523,0.0902,20,215,20,139635,465975,9528,98428,4.316341842973063,0.1743931198097813
524,0.0903,44,430,44,140065,465545,9572,98384,4.312358738745415,0.1744616786865013
525,0.0904,31,255,31,140320,465290,9603,98353,4.309996665308089,0.17449520352421657
526,0.0905,21,252,21,140572,465038,9624,98332,4.307662380970025,0.17454248540035855
527,0.0906,37,238,37,140810,464800,9661,98295,4.305457779095187,0.17456201884229128
528,0.0907,24,236,24,141046,464564,9685,98271,4.303271703286524,0.17460001599047678
529,0.0908,19,146,19,141192,464418,9704,98252,4.301919300455741,0.17461744894876216
530,0.0909,29,242,29,141434,464176,9733,98223,4.299677646448553,0.17465002604912172
531,0.091,33,298,33,141732,463878,9766,98190,4.296917262588462,0.17469416511881125
532,0.0911,16,186,16,141918,463692,9782,98174,4.295194338434177,0.174728493982551
533,0.0912,24,278,24,142196,463414,9806,98150,4.2926192152358364,0.17477972234687408
534,0.0913,23,262,23,142458,463152,9829,98127,4.290192300566898,0.17482749220975666
535,0.0914,32,301,32,142759,462851,9861,98095,4.287404127607544,0.17487423031806984
536,0.0915,40,324,40,143083,462527,9901,98055,4.284402904887176,0.17491642614283012
537,0.0916,42,329,42,143412,462198,9943,98013,4.281355367001371,0.17495729287714806
538,0.0917,31,347,31,143759,461851,9974,97982,4.27814109451999,0.17502005062223913
539,0.0918,31,219,31,143978,461632,10005,97951,4.276112490273816,0.17504284440377924
540,0.0919,23,320,23,144298,461312,10028,97928,4.273148319685798,0.17510907660396252
541,0.092,43,369,43,144667,460943,10071,97885,4.26973026047649,0.17516123028910505
542,0.0921,37,289,37,144956,460654,10108,97848,4.267053243914187,0.17519722400277887
543,0.0922,26,316,26,145272,460338,10134,97822,4.26412612545852,0.17525799054034685
544,0.0923,34,239,34,145511,460099,10168,97788,4.261912260550595,0.17528280816724534
545,0.0924,34,333,34,145844,459766,10202,97754,4.2588276705324395,0.17533720763380686
546,0.0925,29,249,29,146093,459517,10231,97725,4.2565211752936385,0.1753726388176053
547,0.0926,35,290,35,146383,459227,10266,97690,4.2538348956982475,0.1754121350219153
548,0.0927,19,232,19,146615,458995,10285,97671,4.251685872021935,0.17545709635580403
549,0.0928,46,264,46,146879,458731,10331,97625,4.249240431286821,0.175472179683512
550,0.0929,27,287,27,147166,458444,10358,97598,4.246581940790692,0.17552271231309866
551,0.093,34,336,34,147502,458108,10392,97564,4.243469561673274,0.1755783987676183
552,0.0931,26,310,26,147812,457798,10418,97538,4.240598021416132,0.17563781206332743
553,0.0932,29,298,29,148110,457500,10447,97509,4.237837637556042,0.17568904288038573
554,0.0933,19,295,19,148405,457205,10466,97490,4.235105042795213,0.17575424332290718
555,0.0934,34,369,34,148774,456836,10500,97456,4.231686983585905,0.17582068656953376
556,0.0935,39,278,39,149052,456558,10539,97417,4.229111860387565,0.17585089579854687
557,0.0936,33,241,33,149293,456317,10572,97384,4.226879469413465,0.17587831699780207
558,0.0937,33,312,33,149605,456005,10605,97351,4.2239894030901475,0.1759283354657761
559,0.0938,15,287,15,149892,455718,10620,97336,4.22133091259402,0.17599728055488253
560,0.0939,33,337,33,150229,455381,10653,97303,4.218209270443514,0.17605539512632898
561,0.094,28,277,28,150506,455104,10681,97275,4.215643410278261,0.1761019155326325
562,0.0941,40,345,40,150851,454759,10721,97235,4.212447663863055,0.1761522770175038
563,0.0942,24,288,24,151139,454471,10745,97211,4.20977991033384,0.17620839541619993
564,0.0943,33,307,33,151446,454164,10778,97178,4.20693615917596,0.17625720514671475
565,0.0944,33,281,33,151727,453883,10811,97145,4.204333246878358,0.17629775619387764
566,0.0945,36,356,36,152083,453527,10847,97109,4.201035607099189,0.17635788433738442
567,0.0946,20,318,20,152401,453209,10867,97089,4.198089962577346,0.17642986163860308
568,0.0947,27,249,27,152650,452960,10894,97062,4.195783467338545,0.17646930486416906
569,0.0948,32,349,32,152999,452611,10926,97030,4.192550668790989,0.17653340998942946
570,0.0949,23,260,23,153259,452351,10949,97007,4.190142280188224,0.17658248355352976
571,0.095,29,238,29,153497,452113,10978,96978,4.187937678313387,0.1766155336729249
572,0.0951,33,263,33,153760,451850,11011,96945,4.18550150061136,0.1766506619047185
573,0.0952,29,349,29,154109,451501,11040,96916,4.182268702063804,0.17671954005802154
574,0.0953,36,299,36,154408,451202,11076,96880,4.179499055170625,0.17676187139880528
575,0.0954,24,204,24,154612,450998,11100,96856,4.177609396420764,0.17679162696630854
576,0.0955,50,354,50,154966,450644,11150,96806,4.1743302827077695,0.17683076080007307
577,0.0956,48,340,48,155306,450304,11198,96758,4.1711808514580015,0.17686843538757946
578,0.0957,31,400,31,155706,449904,11229,96727,4.16747563822298,0.17695117913180922
579,0.0958,38,380,38,156086,449524,11267,96689,4.163955685649709,0.1770170244941076
580,0.0959,39,293,39,156379,449231,11306,96650,4.1612416169550555,0.17705324054143667
581,0.096,45,411,45,156790,448820,11351,96605,4.157434510356071,0.17711876059953247
582,0.0961,22,146,22,156936,448674,11373,96583,4.156082107525288,0.17713298499606608
583,0.0962,23,256,23,157192,448418,11396,96560,4.153710771054874,0.17718146420589456
584,0.0963,44,279,44,157471,448139,11440,96516,4.1511263848234465,0.17720575410122003
585,0.0964,38,295,38,157766,447844,11478,96478,4.148393790062618,0.17724435168889002
586,0.0965,40,408,40,158174,447436,11518,96438,4.144614472562896,0.17731680499527464
587,0.0966,35,348,35,158522,447088,11553,96403,4.141390937048427,0.17737736227462828
588,0.0967,41,378,41,158900,446710,11594,96362,4.137889510541331,0.17743871899122032
589,0.0968,25,252,25,159152,446458,11619,96337,4.135555226203268,0.17748321189399313
590,0.0969,48,356,48,159508,446102,11667,96289,4.132257586424099,0.17752691324155453
591,0.097,28,317,28,159825,445785,11695,96261,4.129321204935344,0.1775882489677998
592,0.0971,43,314,43,160139,445471,11738,96218,4.1264126125458525,0.17762590711644505
593,0.0972,24,224,24,160363,445247,11762,96194,4.1243376931342395,0.1776629401910827
594,0.0973,46,388,46,160751,444859,11808,96148,4.120743636296269,0.17772043614962468
595,0.0974,25,322,25,161073,444537,11833,96123,4.117760939642077,0.17778825879480634
596,0.0975,51,425,51,161498,444112,11884,96072,4.113824150579866,0.17785051019652562
597,0.0976,37,353,37,161851,443759,11921,96035,4.11055429989996,0.17791046213926054
598,0.0977,42,401,42,162252,443358,11963,95993,4.10683982363185,0.17797871886767616
599,0.0978,30,338,30,162590,443020,11993,95963,4.103708918448257,0.17804457654508585
600,0.0979,37,367,37,162957,442653,12030,95926,4.100309385305124,0.17810943241381488
601,0.098,44,356,44,163313,442297,12074,95882,4.097011745525955,0.17816005455433973
602,0.0981,34,402,34,163715,441895,12108,95848,4.093288006224758,0.17824127882650262
603,0.0982,59,392,59,164107,441503,12167,95789,4.089656897254437,0.1782810836565592
604,0.0983,39,304,39,164411,441199,12206,95750,4.086840935195821,0.1783223360132899
605,0.0984,34,374,34,164785,440825,12240,95716,4.083376560821075,0.17839456816906815
606,0.0985,23,307,23,165092,440518,12263,95693,4.080532809663196,0.1784614638640386
607,0.0986,42,342,42,165434,440176,12305,95651,4.0773648523472525,0.17851097462427237
608,0.0987,40,310,40,165744,439866,12345,95611,4.074493312090111,0.1785529537216351
609,0.0988,30,241,30,165985,439625,12375,95581,4.07226092111601,0.17858731030668565
610,0.0989,32,369,32,166354,439256,12407,95549,4.0688428619067025,0.17866138125111022
611,0.099,26,340,26,166694,438916,12433,95523,4.065693430656935,0.17873508482726747
612,0.0991,22,257,22,166951,438659,12455,95501,4.063312831153433,0.17878725475512955
613,0.0992,40,404,40,167355,438255,12495,95461,4.059570565786061,0.1788610422022199
614,0.0993,26,289,26,167644,437966,12521,95435,4.056893549223758,0.1789179247882925
615,0.0994,46,394,46,168038,437572,12567,95389,4.053243914187261,0.1789793249412246
616,0.0995,27,261,27,168299,437311,12594,95362,4.05082626255141,0.179025405830594
617,0.0996,32,381,32,168680,436930,12626,95330,4.047297046945052,0.1791041971968587
618,0.0997,31,416,31,169096,436514,12657,95299,4.043443625180629,0.17919644687136269
619,0.0998,53,357,53,169453,436157,12710,95246,4.040136722368373,0.1792349685643476
620,0.0999,18,351,18,169804,435806,12728,95228,4.036885397754641,0.17932561756874324
621,0.1,53,397,53,170201,435409,12781,95175,4.0332079736188815,0.17937781764998567
622,0.1001,41,362,41,170563,435047,12822,95134,4.029854755641187,0.17943683383599185
623,0.1002,33,321,33,170884,434726,12855,95101,4.026881322020082,0.17949443875076204
624,0.1003,36,346,36,171230,434380,12891,95065,4.023676312571789,0.17955595009868824
625,0.1004,38,398,38,171628,433982,12929,95027,4.019989625402942,0.17963210455776746
626,0.1005,28,306,28,171934,433676,12957,94999,4.01715513727815,0.17969262779590486
627,0.1006,36,300,36,172234,433376,12993,94963,4.014376227351884,0.17973876620881668
628,0.1007,38,338,38,172572,433038,13031,94925,4.011245322168291,0.1797947962262507
629,0.1008,33,321,33,172893,432717,13064,94892,4.008271888547186,0.17985288348000128
630,0.1009,30,307,30,173200,432410,13094,94862,4.005428137389306,0.1799109378081901
631,0.101,41,308,41,173508,432102,13135,94821,4.00257512319834,0.1799522890441298
632,0.1011,33,316,33,173824,431786,13168,94788,3.999648004742673,0.18000888763972395
633,0.1012,42,424,42,174248,431362,13210,94746,3.99572047871355,0.18008849893938128
634,0.1013,38,380,38,174628,430982,13248,94708,3.9922005261402793,0.1801594095379406
635,0.1014,37,337,37,174965,430645,13285,94671,3.9890788839897735,0.18021724067037745
636,0.1015,44,367,44,175332,430278,13329,94627,3.9856793508466413,0.18027452586658538
637,0.1016,40,406,40,175738,429872,13369,94587,3.9819185594130944,0.18035156227655547
638,0.1017,48,470,48,176208,429402,13417,94539,3.977564933861944,0.1804382554524269
639,0.1018,40,280,40,176488,429122,13457,94499,3.9749712845974288,0.180472135380361
640,0.1019,34,297,34,176785,428825,13491,94465,3.972220163770425,0.18052131705173038
641,0.102,41,334,41,177119,428491,13532,94424,3.969126310719182,0.18057236835814616
642,0.1021,33,307,33,177426,428184,13565,94391,3.9662825595613027,0.18062670430081806
643,0.1022,47,371,47,177797,427813,13612,94344,3.96284597428582,0.18068128934400957
644,0.1023,48,345,48,178142,427468,13660,94296,3.959650227870614,0.18072538542329483
645,0.1024,48,469,48,178611,426999,13708,94248,3.955305865352551,0.180812551439145
646,0.1025,38,415,38,179026,426584,13746,94210,3.951461706621216,0.18089686133096772
647,0.1026,41,350,41,179376,426234,13787,94169,3.948219645040572,0.1809539914258757
648,0.1027,56,458,56,179834,425776,13843,94113,3.9439771758864723,0.1810251803750416
649,0.1028,55,454,55,180288,425322,13898,94058,3.9397717588647225,0.18109669220994262
650,0.1029,34,254,34,180542,425068,13932,94024,3.937418948460484,0.18113166837477748
651,0.103,32,415,32,180957,424653,13964,93992,3.933574789729149,0.18122607949560876
652,0.1031,27,294,27,181251,424359,13991,93965,3.930851458001408,0.18128622251719
653,0.1032,27,305,27,181556,424054,14018,93938,3.928026232909704,0.18135029112418724
654,0.1033,54,359,54,181915,423695,14072,93884,3.924700804031272,0.1813906669320046
655,0.1034,48,416,48,182331,423279,14120,93836,3.9208473822668495,0.18146060354079846
656,0.1035,50,413,50,182744,422866,14170,93786,3.9170217496016897,0.18152644333129456
657,0.1036,36,313,36,183057,422553,14206,93750,3.914122420245285,0.181579421386279
658,0.1037,42,307,42,183364,422246,14248,93708,3.911278669087406,0.18162084216810026
659,0.1038,45,471,45,183835,421775,14293,93663,3.906915780503168,0.18171535664813226
660,0.1039,61,469,61,184304,421306,14354,93602,3.902571417985105,0.18178393033318574
661,0.104,31,342,31,184646,420964,14385,93571,3.8994034606691614,0.18185546172757927
662,0.1041,35,362,35,185008,420602,14420,93536,3.8960502426914667,0.18192780926521673
663,0.1042,44,462,44,185470,420140,14464,93492,3.891770721405017,0.18202136938508504
664,0.1043,60,428,60,185898,419712,14524,93432,3.8878061432435436,0.1820775454843085
665,0.1044,41,379,41,186277,419333,14565,93391,3.8842954537033605,0.18214673001458875
666,0.1045,45,277,45,186554,419056,14610,93346,3.881729593538108,0.1821733716886351
667,0.1046,47,372,47,186926,418684,14657,93299,3.878283745229538,0.1822306600023829
668,0.1047,32,327,32,187253,418357,14689,93267,3.875254733409908,0.18229598298750646
669,0.1048,30,333,30,187586,418024,14719,93237,3.8721701433917524,0.18236673636361858
670,0.1049,41,242,41,187828,417782,14760,93196,3.8699284893845642,0.1823875000489258
671,0.105,48,329,48,188157,417453,14808,93148,3.8668809514987585,0.18242815819005448
672,0.1051,51,426,51,188583,417027,14859,93097,3.8629348994034607,0.18249876500615536
673,0.1052,53,261,53,188844,416766,14912,93044,3.860517247767609,0.18250720856789784
674,0.1053,41,319,41,189163,416447,14953,93003,3.857562340212679,0.1825556973206399
675,0.1054,43,413,43,189576,416034,14996,92960,3.8537367075475193,0.1826347658322102
676,0.1055,55,386,55,189962,415648,15051,92905,3.8501611767757233,0.18268499055162393
677,0.1056,55,426,55,190388,415222,15106,92850,3.8462151246804255,0.1827496890204538
678,0.1057,51,376,51,190764,414846,15157,92799,3.842732224239505,0.18280294300150696
679,0.1058,47,492,47,191256,414354,15204,92752,3.838174811960428,0.18290456038776903
680,0.1059,51,387,51,191643,413967,15255,92701,3.834590018155545,0.18296201852100388
681,0.106,40,333,40,191976,413634,15295,92661,3.8315054281373895,0.18301780582466742
682,0.1061,29,268,29,192244,413366,15324,92632,3.8290229352699248,0.18306791726449512
683,0.1062,33,267,33,192511,413099,15357,92599,3.8265497054355477,0.1831112640350565
684,0.1063,56,417,56,192928,412682,15413,92543,3.8226870206380377,0.1831718541244
685,0.1064,39,262,39,193190,412420,15452,92504,3.8202601059690986,0.18320380889005078
686,0.1065,33,307,33,193497,412113,15485,92471,3.817416354811219,0.18326185531051323
687,0.1066,54,426,54,193923,411687,15539,92417,3.8134703027159214,0.18332923365019915
688,0.1067,54,344,54,194267,411343,15593,92363,3.8102838193338027,0.18336688465096704
689,0.1068,30,303,30,194570,411040,15623,92333,3.8074771203082736,0.18342859072695594
690,0.1069,35,332,35,194902,410708,15658,92298,3.8044017933232057,0.1834928410396695
691,0.107,29,322,29,195224,410386,15687,92269,3.8014190966690133,0.1835632789885707
692,0.1071,45,411,45,195635,409975,15732,92224,3.7976119900700285,0.1836403497418354
693,0.1072,33,399,33,196034,409576,15765,92191,3.7939160398680944,0.18373268867821121
694,0.1073,45,411,45,196445,409165,15810,92146,3.7901089332691096,0.18381005004877213
695,0.1074,52,351,52,196796,408814,15862,92094,3.786857608655378,0.1838541209164158
696,0.1075,37,476,37,197272,408338,15899,92057,3.7824484049057023,0.18396866475484366
697,0.1076,29,301,29,197573,408037,15928,92028,3.7796602319463486,0.18403207583014208
698,0.1077,34,318,34,197891,407719,15962,91994,3.7767145874245065,0.18409366976644595
699,0.1078,46,451,46,198342,407268,16008,91948,3.7725369595020193,0.18418480176917407
700,0.1079,60,421,60,198763,406847,16068,91888,3.768637222572159,0.18424213259546654
701,0.108,29,234,29,198997,406613,16097,91859,3.7664696728296714,0.1842811632348457
702,0.1081,49,347,49,199344,406266,16146,91810,3.76325540034829,0.18432929914310267
703,0.1082,46,355,46,199699,405911,16192,91764,3.7599670236022082,0.18438539207314011
704,0.1083,45,394,45,200093,405517,16237,91719,3.756317388565712,0.1844576820664634
705,0.1084,41,430,41,200523,405087,16278,91678,3.7523342843380636,0.18455003875071713
706,0.1085,36,275,36,200798,404812,16314,91642,3.7497869502389864,0.18459313450994452
707,0.1086,53,435,53,201233,404377,16367,91589,3.7457575308459004,0.18466790062222008
708,0.1087,42,465,42,201698,403912,16409,91547,3.7414502204601874,0.18477210021414486
709,0.1088,40,265,40,201963,403647,16449,91507,3.7389955166919857,0.18480513133287826
710,0.1089,51,369,51,202332,403278,16500,91456,3.735577457482678,0.18485893429600553
711,0.109,35,299,35,202631,402979,16535,91421,3.7328078105894993,0.18491302588996764
712,0.1091,40,348,40,202979,402631,16575,91381,3.7295842750750308,0.1849772880011012
713,0.1092,32,275,32,203254,402356,16607,91349,3.727036940975953,0.18502749617686676
714,0.1093,34,330,34,203584,402026,16641,91315,3.7239801400570602,0.18509509649512204
715,0.1094,43,300,43,203884,401726,16684,91272,3.721201230130794,0.18513665369839227
716,0.1095,57,462,57,204346,401264,16741,91215,3.716921708844344,0.18521601936326218
717,0.1096,49,329,49,204675,400935,16790,91166,3.7138741709585386,0.18525871721455556
718,0.1097,59,377,59,205052,400558,16849,91107,3.710382007484531,0.18530300102712213
719,0.1098,44,377,44,205429,400181,16893,91063,3.7068898440105227,0.18537223864311828
720,0.1099,49,386,49,205815,399795,16942,91014,3.7033143132387267,0.1854366973710751
721,0.11,56,402,56,206217,399393,16998,90958,3.69959057393753,0.18549569594025503
722,0.1101,59,314,59,206531,399079,17057,90899,3.6966819815480383,0.18551649257721775
723,0.1102,31,345,31,206876,398734,17088,90868,3.693486235132832,0.18559564707660509
724,0.1103,51,392,51,207268,398342,17139,90817,3.6898551261625108,0.18565946859814497
725,0.1104,34,223,34,207491,398119,17173,90783,3.687789469783986,0.18568752019832196
726,0.1105,41,320,41,207811,397799,17214,90742,3.684825299195969,0.1857408078339382
727,0.1106,44,395,44,208206,397404,17258,90698,3.6811664011263847,0.1858177184277057
728,0.1107,43,406,43,208612,396998,17301,90655,3.677405609692838,0.1859006301612007
729,0.1108,39,389,39,209001,396609,17340,90616,3.6738022898217793,0.1859838883472728
730,0.1109,48,381,48,209382,396228,17388,90568,3.6702730742154213,0.18604918692840533
731,0.111,43,273,43,209655,395955,17431,90525,3.6677442661825186,0.1860816477553034
732,0.1111,48,368,48,210023,395587,17479,90477,3.6643354700062987,0.1861421541196221
733,0.1112,38,418,38,210441,395169,17517,90439,3.6604635221757014,0.1862386945849327
734,0.1113,48,387,48,210828,394782,17565,90391,3.6568787283708177,0.18630674007003686
735,0.1114,48,419,48,211247,394363,17613,90343,3.6529975175071328,0.18638721204193884
736,0.1115,28,272,28,211519,394091,17641,90315,3.6504779725073178,0.18644484172367806
737,0.1116,59,457,59,211976,393634,17700,90256,3.6462447663863053,0.18652173014528095
738,0.1117,43,325,43,212301,393309,17743,90213,3.6432342806328504,0.18657475771526424
739,0.1118,42,295,42,212596,393014,17785,90171,3.640501685872022,0.1866179620642197
740,0.1119,28,260,28,212856,392754,17813,90143,3.6380932972692577,0.18667127772589184
741,0.112,55,539,55,213395,392215,17868,90088,3.633100522435066,0.18678714418114753
742,0.1121,52,459,52,213854,391756,17920,90036,3.6288487902478788,0.18687732465462273
743,0.1122,62,475,62,214329,391281,17982,89974,3.6244488495312903,0.18695701862837788
744,0.1123,57,416,57,214745,390865,18039,89917,3.620595427766868,0.18702239268525028
745,0.1124,49,376,49,215121,390489,18088,89868,3.6171125273259475,0.18708585489542154
746,0.1125,34,290,34,215411,390199,18122,89834,3.614426247730557,0.18714130070224338
747,0.1126,51,381,51,215792,389818,18173,89783,3.610897032124199,0.1872035296006472
748,0.1127,37,311,37,216103,389507,18210,89746,3.608016228833969,0.18726226022580975
749,0.1128,68,419,68,216522,389088,18278,89678,3.6041350179702842,0.1873107112869335
750,0.1129,55,439,55,216961,388649,18333,89623,3.600068546444848,0.18738918439716312
751,0.113,54,429,54,217390,388220,18387,89569,3.596094705250287,0.18746559673830918
752,0.1131,45,337,45,217727,387883,18432,89524,3.5929730630997816,0.18752133923465722
753,0.1132,42,342,42,218069,387541,18474,89482,3.589805105783838,0.18758424646191063
754,0.1133,67,417,67,218486,387124,18541,89415,3.5859424209863278,0.18763417055057405
755,0.1134,73,525,73,219011,386599,18614,89342,3.581079328615362,0.18771654469776716
756,0.1135,34,312,34,219323,386287,18648,89308,3.578189262292045,0.18778162091695666
757,0.1136,71,438,71,219761,385849,18719,89237,3.5741320537996963,0.18783336069680015
758,0.1137,44,421,44,220182,385428,18763,89193,3.570232316869836,0.18792468095596276
759,0.1138,38,322,38,220504,385106,18801,89155,3.5672496202156436,0.1879872053573876
760,0.1139,46,382,46,220886,384724,18847,89109,3.5637111415761975,0.1880599282869703
761,0.114,67,353,67,221239,384371,18914,89042,3.560441290896291,0.18808524480738806
762,0.1141,41,288,41,221527,384083,18955,89001,3.5577735373670754,0.1881293808287746
763,0.1142,32,279,32,221806,383804,18987,88969,3.555189151135648,0.18818545052276675
764,0.1143,65,423,65,222229,383381,19052,88904,3.5512708881396122,0.18824226896894883
765,0.1144,55,317,55,222546,383064,19107,88849,3.548334506650858,0.18827410984651832
766,0.1145,29,285,29,222831,382779,19136,88820,3.5456945422209047,0.1883379735750076
767,0.1146,50,376,50,223207,382403,19186,88770,3.5422116417799843,0.18840213679476542
768,0.1147,59,393,59,223600,382010,19245,88711,3.5385712697765754,0.18845770636959047
769,0.1148,47,376,47,223976,381634,19292,88664,3.5350883693356554,0.18852727419636062
770,0.1149,65,532,65,224508,381102,19357,88599,3.5301604357330763,0.18862851047794235
771,0.115,59,385,59,224893,380717,19416,88540,3.526594167994368,0.18868125568718208
772,0.1151,45,424,45,225317,380293,19461,88495,3.522666641965245,0.18877403005196378
773,0.1152,42,336,42,225653,379957,19503,88453,3.519554262847827,0.18883670288849513
774,0.1153,40,319,40,225972,379638,19543,88413,3.516599355292897,0.1888960818372357
775,0.1154,36,299,36,226271,379339,19579,88377,3.5138297083997183,0.1889544082306357
776,0.1155,25,295,25,226566,379044,19604,88352,3.5110971136388898,0.18903028695153573
777,0.1156,26,257,26,226823,378787,19630,88326,3.5087165141353887,0.18908914973464666
778,0.1157,47,386,47,227209,378401,19677,88279,3.5051409833635927,0.18916388103197052
779,0.1158,54,415,54,227624,377986,19731,88225,3.5012968246322576,0.18923834915950075
780,0.1159,28,262,28,227886,377724,19759,88197,3.4988699099633185,0.1892960394573329
781,0.116,44,274,44,228160,377450,19803,88153,3.4963318388973286,0.18933082475843155
782,0.1161,39,328,39,228488,377122,19842,88114,3.4932935640446106,0.18939634937966968
783,0.1162,51,408,51,228896,376714,19893,88063,3.4895142465448887,0.1894736615624267
784,0.1163,64,543,64,229439,376171,19957,87999,3.484484419578347,0.1895835577482388
785,0.1164,77,518,77,229957,375653,20034,87922,3.4796861684389935,0.18966078843768538
786,0.1165,39,317,39,230274,375336,20073,87883,3.476749786950239,0.18972235594826636
787,0.1166,65,468,65,230742,374868,20138,87818,3.4724146874652635,0.18980042620697407
788,0.1167,54,375,54,231117,374493,20192,87764,3.4689410500574307,0.18985975334067412
789,0.1168,54,377,54,231494,374116,20246,87710,3.465448886583423,0.18992001316513146
790,0.1169,40,384,40,231878,373732,20286,87670,3.461891881877802,0.19000784565303142
791,0.117,47,340,47,232218,373392,20333,87623,3.4587424506280335,0.1900653991735627
792,0.1171,42,344,42,232562,373048,20375,87581,3.455555967245915,0.19013349137809388
793,0.1172,71,386,71,232948,372662,20446,87510,3.451980436474119,0.19016802413010786
794,0.1173,85,534,85,233482,372128,20531,87425,3.4470339768053653,0.19023921071127814
795,0.1174,52,291,52,233773,371837,20583,87373,3.444338434176887,0.19026806907515081
796,0.1175,50,377,50,234150,371460,20633,87323,3.440846270702879,0.19033617200288588
797,0.1176,57,435,57,234585,371025,20690,87266,3.4368168513097928,0.19041613298100987
798,0.1177,45,413,45,234998,370612,20735,87221,3.432991218644633,0.19050832945637383
799,0.1178,44,413,44,235411,370199,20779,87177,3.429165585979473,0.1906024802350801
800,0.1179,72,485,72,235896,369714,20851,87105,3.4246730149320093,0.1906772704287694
801,0.118,36,337,36,236233,369377,20887,87069,3.4215513727815035,0.19075421846176766
802,0.1181,42,342,42,236575,369035,20929,87027,3.41838341546556,0.19082273901355518
803,0.1182,45,408,45,236983,368627,20974,86982,3.414604097965838,0.1909137001244488
804,0.1183,46,358,46,237341,368269,21020,86936,3.4112879321204934,0.19098208499467273
805,0.1184,53,411,53,237752,367858,21073,86883,3.4074808255215085,0.19106040581341907
806,0.1185,55,448,55,238200,367410,21128,86828,3.4033309866982844,0.19115089446501612
807,0.1186,48,431,48,238631,366979,21176,86780,3.3993386194375486,0.19124689537838369
808,0.1187,83,617,83,239248,366362,21259,86697,3.3936233280225276,0.19135918279959122
809,0.1188,50,408,50,239656,365954,21309,86647,3.3898440105228054,0.1914423520937868
810,0.1189,46,416,46,240072,365538,21355,86601,3.385990588758383,0.1915362311147678
811,0.119,50,385,50,240457,365153,21405,86551,3.3824243210196747,0.19160999238439333
812,0.1191,52,322,52,240779,364831,21457,86499,3.3794416243654823,0.19165355726408614
813,0.1192,56,315,56,241094,364516,21513,86443,3.376523768942903,0.1916870491552447
814,0.1193,64,427,64,241521,364089,21577,86379,3.372568453814517,0.19175390926769492
815,0.1194,43,350,43,241871,363739,21620,86336,3.369326392233873,0.1918258068099761
816,0.1195,62,505,62,242376,363234,21682,86274,3.364648560524658,0.19192984329533624
817,0.1196,69,460,69,242836,362774,21751,86205,3.360387565304383,0.19200229854848444
818,0.1197,53,434,53,243270,362340,21804,86152,3.3563674089443847,0.1920926125772589
819,0.1198,47,328,47,243598,362012,21851,86105,3.353329134091667,0.19214847908024021
820,0.1199,51,409,51,244007,361603,21902,86054,3.349540553558857,0.19223199905284627
821,0.12,33,245,33,244252,361358,21935,86021,3.3472711104524064,0.19227768849230742
822,0.1201,56,361,56,244613,360997,21991,85965,3.3439271555077994,0.19233178659483358
823,0.1202,58,372,58,244985,360625,22049,85907,3.340481307199229,0.19238710775487536
824,0.1203,44,353,44,245338,360272,22093,85863,3.3372114565193227,0.19245968148654555
825,0.1204,60,376,60,245714,359896,22153,85803,3.3337285560784022,0.19251333298930445
826,0.1205,39,344,39,246058,359552,22192,85764,3.3305420726962836,0.1925913284049978
827,0.1206,60,358,60,246416,359194,22252,85704,3.327225906850939,0.19263741351950334
828,0.1207,67,473,67,246889,358721,22319,85637,3.322844492200526,0.19272073418279856
829,0.1208,46,304,46,247193,358417,22365,85591,3.3200285301419097,0.1927690492063206
830,0.1209,58,357,58,247550,358060,22423,85533,3.316721627329653,0.19281864231401308
831,0.121,67,374,67,247924,357686,22490,85466,3.3132572529549074,0.19285933494602303
832,0.1211,79,464,79,248388,357222,22569,85387,3.3089592056022825,0.1929174508426173
833,0.1212,43,318,43,248706,356904,22612,85344,3.30601356108044,0.19297769577250773
834,0.1213,69,462,69,249168,356442,22681,85275,3.30173403979399,0.1930534708874687
835,0.1214,63,434,63,249602,356008,22744,85212,3.2977138834339916,0.19312814468972395
836,0.1215,51,409,51,250011,355599,22795,85161,3.293925302901182,0.19321399401034578
837,0.1216,72,515,72,250526,355084,22867,85089,3.2891548408610918,0.19330808568449223
838,0.1217,38,311,38,250837,354773,22905,85051,3.286274037570862,0.19337507730364872
839,0.1218,72,385,72,251222,354388,22977,84979,3.282707769832154,0.19341234093593737
840,0.1219,68,349,68,251571,354039,23045,84911,3.2794749712845976,0.19344116641986558
841,0.122,34,226,34,251797,353813,23079,84877,3.27738152580681,0.19347831042421756
842,0.1221,42,258,42,252055,353555,23121,84835,3.2749916632702214,0.19351490681812997
843,0.1222,58,350,58,252405,353205,23179,84777,3.271749601689577,0.19356274915407481
844,0.1223,45,370,45,252775,352835,23224,84732,3.2683222794471822,0.1936434877401632
845,0.1224,42,354,42,253129,352481,23266,84690,3.265043165734188,0.1937228224196024
846,0.1225,71,441,71,253570,352040,23337,84619,3.2609581681425768,0.1937873718393529
847,0.1226,74,496,74,254066,351544,23411,84545,3.2563637037311497,0.19387097587877705
848,0.1227,41,297,41,254363,351247,23452,84504,3.2536125829041462,0.1939272658008817
849,0.1228,79,507,79,254870,350740,23531,84425,3.248916225128756,0.19400687095699332
850,0.1229,48,424,48,255294,350316,23579,84377,3.244988699099633,0.19410710547443827
851,0.123,44,361,44,255655,349955,23623,84333,3.241644744155026,0.19418680691154258
852,0.1231,40,327,40,255982,349628,23663,84293,3.2386157323353957,0.19425886278838775
853,0.1232,87,526,87,256508,349102,23750,84206,3.2337433769313426,0.1943328994618147
854,0.1233,28,295,28,256803,348807,23778,84178,3.231010782170514,0.1944132013811102
855,0.1234,62,392,62,257195,348415,23840,84116,3.2273796732001925,0.19447392210038125
856,0.1235,39,272,39,257467,348143,23879,84077,3.224860128200378,0.1945236222294202
857,0.1236,36,321,36,257788,347822,23915,84041,3.2218866945792732,0.1946010656157161
858,0.1237,49,380,49,258168,347442,23964,83992,3.2183667420060025,0.19468099408020695
859,0.1238,78,458,78,258626,346984,24042,83914,3.214124272851903,0.19474214315220773
860,0.1239,55,349,55,258975,346635,24097,83859,3.210891474304346,0.1947971400298262
861,0.124,78,345,78,259320,346290,24175,83781,3.20769572788914,0.19480736901581366
862,0.1241,53,414,53,259734,345876,24228,83728,3.203860832190893,0.19489576447146675
863,0.1242,74,470,74,260204,345406,24302,83654,3.1995072066397423,0.19497040041019903
864,0.1243,67,581,67,260785,344825,24369,83587,3.194125384415873,0.19510891384928528
865,0.1244,63,428,63,261213,344397,24432,83524,3.1901608062544,0.19518555995148637
866,0.1245,41,329,41,261542,344068,24473,83483,3.1871132683685945,0.19525857733931157
867,0.1246,73,471,73,262013,343597,24546,83410,3.1827503797843564,0.19533637621865685
868,0.1247,81,396,81,262409,343201,24627,83329,3.179082218681685,0.19536492157644245
869,0.1248,67,378,67,262787,342823,24694,83262,3.1755807921745896,0.19541171362521562
870,0.1249,52,426,52,263213,342397,24746,83210,3.1716347400792917,0.19550900243652009
871,0.125,74,541,74,263754,341856,24820,83136,3.1666234391789247,0.19561779986446803
872,0.1251,59,361,59,264115,341495,24879,83077,3.1632794842343177,0.19567234768190084
873,0.1252,61,395,61,264510,341100,24940,83016,3.159620586164734,0.19573890162125457
874,0.1253,55,435,55,264945,340665,24995,82961,3.155591166771648,0.1958354775202655
875,0.1254,62,426,62,265371,340239,25057,82899,3.1516451146763496,0.19591480793499993
876,0.1255,69,371,69,265742,339868,25126,82830,3.148208529400867,0.1959555048758215
877,0.1256,69,376,69,266118,339492,25195,82761,3.1447256289599466,0.19599860746992917
878,0.1257,71,517,71,266635,338975,25266,82690,3.1399366408536813,0.19610354191123286
879,0.1258,50,382,50,267017,338593,25316,82640,3.1363981622142356,0.19618595883988196
880,0.1259,62,381,62,267398,338212,25378,82578,3.132868946607877,0.1962451579172509
881,0.126,62,412,62,267810,337800,25440,82516,3.129052576975805,0.19631896002055596
882,0.1261,49,298,49,268108,337502,25489,82467,3.126292193115714,0.1963644935697635
883,0.1262,81,520,81,268628,336982,25570,82386,3.1214754159101856,0.19645275748268823
884,0.1263,46,349,46,268977,336633,25616,82340,3.1182426173626294,0.19652817723337782
885,0.1264,71,433,71,269410,336200,25687,82269,3.1142317240357182,0.19659520776927322
886,0.1265,118,784,118,270194,335416,25805,82151,3.106969506095076,0.1967372900636305
887,0.1266,85,550,85,270744,334866,25890,82066,3.1018748378969208,0.1968330567094874
888,0.1267,58,494,58,271238,334372,25948,82008,3.097298899551669,0.1969547048369278
889,0.1268,66,649,66,271887,333723,26014,81942,3.0912871910778463,0.19713471184728087
890,0.1269,40,232,40,272119,333491,26054,81902,3.089138167401534,0.1971675016189488
891,0.127,60,439,60,272558,333052,26114,81842,3.0850716958760978,0.19726002304203002
892,0.1271,46,393,46,272951,332659,26160,81796,3.081431323872689,0.197357976137337
893,0.1272,52,378,52,273329,332281,26212,81744,3.0779298973655935,0.1974373528168589
894,0.1273,56,275,56,273604,332006,26268,81688,3.075382563266516,0.19745995832668592
895,0.1274,51,335,51,273939,331671,26319,81637,3.0722794471821855,0.19752097709214436
896,0.1275,52,390,52,274329,331281,26371,81585,3.0686668642780393,0.1976064873348738
897,0.1276,40,263,40,274592,331018,26411,81545,3.0662306865760125,0.19765466122749736
898,0.1277,59,481,59,275073,330537,26470,81486,3.061775167660899,0.19777051281117802
899,0.1278,60,343,60,275416,330194,26530,81426,3.058597947311868,0.19781837617219766
900,0.1279,60,425,60,275841,329769,26590,81366,3.0546611582496572,0.19790579736582875
901,0.128,85,592,85,276433,329177,26675,81281,3.049177442661825,0.19802513290032112
902,0.1281,58,435,58,276868,328742,26733,81223,3.045148023268739,0.1981217908845877
903,0.1282,46,413,46,277281,328329,26779,81177,3.0413223906035793,0.19823152774318326
904,0.1283,75,566,75,277847,327763,26854,81102,3.0360795138760235,0.19835887151015616
905,0.1284,55,419,55,278266,327344,26909,81047,3.0321983030123385,0.198454422355047
906,0.1285,53,400,53,278666,326944,26962,80994,3.028493089777317,0.1985448769175708
907,0.1286,41,220,41,278886,326724,27003,80953,3.0264552224980545,0.19857141805890446
908,0.1287,50,334,50,279220,326390,27053,80903,3.0233613694468118,0.19863587147336192
909,0.1288,44,305,44,279525,326085,27097,80859,3.0205361443551078,0.19869810096720925
910,0.1289,76,356,76,279881,325729,27173,80783,3.0172385045759382,0.19872230094068563
911,0.129,40,246,40,280127,325483,27213,80743,3.0149597984364,0.19876374235031732
912,0.1291,62,322,62,280449,325161,27275,80681,3.0119771017822075,0.19879904002050058
913,0.1292,59,340,59,280789,324821,27334,80622,3.008827670532439,0.1988491600545576
914,0.1293,68,387,68,281176,324434,27402,80554,3.005242876727556,0.1989046589034737
915,0.1294,40,335,40,281511,324099,27442,80514,3.002139760643225,0.19899014613964455
916,0.1295,46,308,46,281819,323791,27488,80468,2.9992867464522583,0.19905060864445814
917,0.1296,65,514,65,282333,323277,27553,80403,2.9945255474452557,0.19917508917954815
918,0.1297,44,275,44,282608,323002,27597,80359,2.991978213346178,0.19922352433676038
919,0.1298,68,438,68,283046,322564,27665,80291,2.9879210048538294,0.1993049608419903
920,0.1299,63,483,63,283529,322081,27728,80228,2.983446959872541,0.1994188546614667
921,0.13,66,589,66,284118,321492,27794,80162,2.9779910333839714,0.19957973778426208
922,0.1301,52,312,52,284430,321180,27846,80110,2.9751009670606545,0.1996311894141394
923,0.1302,70,471,70,284901,320709,27916,80040,2.9707380784764164,0.19972601304058152
924,0.1303,77,487,77,285388,320222,27993,79963,2.9662269813627775,0.19981508552294563
925,0.1304,44,349,44,285737,319873,28037,79919,2.962994182815221,0.19990144875335175
926,0.1305,40,365,40,286102,319508,28077,79879,2.9596131757382635,0.20000400613940864
927,0.1306,70,396,70,286498,319112,28147,79809,2.955945014635592,0.20006216769736365
928,0.1307,63,429,63,286927,318683,28210,79746,2.9519711734410317,0.2001510934194047
929,0.1308,53,339,53,287266,318344,28263,79693,2.9488310052243505,0.20021505538429846
930,0.1309,91,526,91,287792,317818,28354,79602,2.943958649820297,0.20029691510241054
931,0.131,34,272,34,288064,317546,28388,79568,2.9414391048204824,0.20036563807873808
932,0.1311,49,312,49,288376,317234,28437,79519,2.9385490384971655,0.2004244454358253
933,0.1312,56,372,56,288748,316862,28493,79463,2.9351031901885953,0.20049958998296852
934,0.1313,64,395,64,289143,316467,28557,79399,2.9314442921190116,0.20057039503266258
935,0.1314,58,345,58,289488,316122,28615,79341,2.928248545703805,0.20062812450216583
936,0.1315,67,361,67,289849,315761,28682,79274,2.924904590759198,0.20067588947814752
937,0.1316,84,573,84,290422,315188,28766,79190,2.9195968728000294,0.2007972047122304
938,0.1317,67,523,67,290945,314665,28833,79123,2.914752306495239,0.20092791044927727
939,0.1318,72,537,72,291482,314128,28905,79051,2.9097780577272223,0.2010560075690716
940,0.1319,69,363,69,291845,313765,28974,78982,2.90641557671644,0.20110147244918483
941,0.132,34,257,34,292102,313508,29008,78948,2.904034977212939,0.20116395213730967
942,0.1321,58,300,58,292402,313208,29066,78890,2.9012560672866723,0.20119970007498125
943,0.1322,52,286,52,292688,312922,29118,78838,2.898606839823632,0.20124055544210742
944,0.1323,60,442,60,293130,312480,29178,78778,2.894512579198933,0.2013454038000501
945,0.1324,58,416,58,293546,312064,29236,78720,2.89065915743451,0.20144120537176546
946,0.1325,72,458,72,294004,311606,29308,78648,2.8864166882804105,0.20153028540386517
947,0.1326,59,374,59,294378,311232,29367,78589,2.8829523139056654,0.20160278692015052
948,0.1327,83,439,83,294817,310793,29450,78506,2.878885842380229,0.2016599066527271
949,0.1328,49,278,49,295095,310515,29499,78457,2.876310719181889,0.20170346451672613
950,0.1329,68,470,68,295565,310045,29567,78389,2.8719570936307384,0.20180777171926248
951,0.133,46,302,46,295867,309743,29613,78343,2.869159657638297,0.20187020402694247
952,0.1331,67,470,67,296337,309273,29680,78276,2.8648060320871465,0.20197704032264308
953,0.1332,54,475,54,296812,308798,29734,78222,2.8604060913705585,0.2021135858611958
954,0.1333,44,375,44,297187,308423,29778,78178,2.8569324539627257,0.20221882509357192
955,0.1334,49,292,49,297479,308131,29827,78129,2.8542276483011597,0.20227049137886396
956,0.1335,47,314,47,297793,307817,29874,78082,2.851319055911668,0.20233791743435459
957,0.1336,65,350,65,298143,307467,29939,78017,2.8480769943310236,0.202387128908074
958,0.1337,69,496,69,298639,306971,30008,77948,2.843482529919597,0.2025049425983129
959,0.1338,68,390,68,299029,306581,30076,77880,2.8398699470154507,0.20256931132156447
960,0.1339,48,401,48,299430,306180,30124,77832,2.8361554707473413,0.20268116621355584
961,0.134,40,264,40,299694,305916,30164,77792,2.8337100300122273,0.20273749830600352
962,0.1341,61,403,61,300097,305513,30225,77731,2.829977027677943,0.20282378850027658
963,0.1342,58,418,58,300515,305095,30283,77673,2.8261050798473453,0.20292448689545625
964,0.1343,57,318,57,300833,304777,30340,77616,2.823159435325503,0.20297442683312716
965,0.1344,70,349,70,301182,304428,30410,77546,2.8199266367779465,0.20301381769439805
966,0.1345,62,400,62,301582,304028,30472,77484,2.816221423542925,0.20309715028622952
967,0.1346,67,442,67,302024,303586,30539,77417,2.812127162918226,0.2031926257798495
968,0.1347,91,461,91,302485,303125,30630,77326,2.8078569046648636,0.20324825010316702
969,0.1348,57,311,57,302796,302814,30687,77269,2.804976101374634,0.2032950697610785
970,0.1349,55,468,55,303264,302346,30742,77214,2.800641001889659,0.20343028770154917
971,0.135,49,333,49,303597,302013,30791,77165,2.7975564118715033,0.2035060050952323
972,0.1351,57,390,57,303987,301623,30848,77108,2.793943828967357,0.20359569192910007
973,0.1352,61,421,61,304408,301202,30909,77047,2.7900440920374967,0.2036938630373114
974,0.1353,89,481,89,304889,300721,30998,76958,2.785588573122383,0.20376563166074893
975,0.1354,56,425,56,305314,300296,31054,76902,2.781651784060173,0.2038770088918817
976,0.1355,44,306,44,305620,299990,31098,76858,2.778817295935381,0.20394960302296947
977,0.1356,69,446,69,306066,299544,31167,76789,2.774685983178332,0.20404535345026878
978,0.1357,60,336,60,306402,299208,31227,76729,2.771573604060914,0.20410068708320808
979,0.1358,53,333,53,306735,298875,31280,76676,2.7684890140427583,0.20416934051566898
980,0.1359,58,382,58,307117,298493,31338,76618,2.7649505354033126,0.20425420742126998
981,0.136,101,544,101,307661,297949,31439,76517,2.759911445403683,0.20433630823626178
982,0.1361,54,332,54,307993,297617,31493,76463,2.756836118418615,0.20440280153977758
983,0.1362,81,483,81,308476,297134,31574,76382,2.752362073437326,0.20449458657728184
984,0.1363,86,490,86,308966,296644,31660,76296,2.7478231872244248,0.20457982517295006
985,0.1364,65,338,65,309304,296306,31725,76231,2.7446922820408313,0.20462665453364365
986,0.1365,57,381,57,309685,295925,31782,76174,2.7411630664344733,0.20471433677596554
987,0.1366,87,576,87,310261,295349,31869,76087,2.735827559376042,0.2048455184742459
988,0.1367,67,412,67,310673,294937,31936,76020,2.73201118974397,0.20492941230385192
989,0.1368,34,313,34,310986,294624,31970,75986,2.7291118603875653,0.20502954588381317
990,0.1369,59,282,59,311268,294342,32029,75927,2.7264996850568752,0.20505902465504808
991,0.137,49,256,49,311524,294086,32078,75878,2.7241283485864614,0.20509563092625227
992,0.1371,60,401,60,311925,293685,32138,75818,2.720413872318352,0.20518913242923603
993,0.1372,74,371,74,312296,293314,32212,75744,2.7169772870428694,0.20523603336061
994,0.1373,43,242,43,312538,293072,32255,75701,2.7147356330356813,0.20527804367456404
995,0.1374,60,375,60,312913,292697,32315,75641,2.7112619956278485,0.20535757917999228
996,0.1375,72,414,72,313327,292283,32387,75569,2.707427099929601,0.20543316333742917
997,0.1376,36,229,36,313556,292054,32423,75533,2.705305865352551,0.20548332775642228
998,0.1377,65,438,65,313994,291616,32488,75468,2.7012486568602023,0.20558782186093646
999,0.1378,69,356,69,314350,291260,32557,75399,2.697951017081033,0.20563793606593592
1000,0.1379,53,302,53,314652,290958,32610,75346,2.695153581088592,0.20569253953000785
1001,0.138,35,319,35,314971,290639,32645,75311,2.692198673533662,0.20579587375324498
1002,0.1381,52,301,52,315272,290338,32697,75259,2.689410500574308,0.20585234561552748
1003,0.1382,53,398,53,315670,289940,32750,75206,2.6857238134054615,0.20596145103602395
1004,0.1383,62,356,62,316026,289584,32812,75144,2.682426173626292,0.20602750542870304
1005,0.1384,55,350,55,316376,289234,32867,75089,2.679184112045648,0.20610557115526607
1006,0.1385,62,367,62,316743,288867,32929,75027,2.675784578902516,0.2061781727645963
1007,0.1386,59,387,59,317130,288480,32988,74968,2.6721997850976322,0.20626884726288217
1008,0.1387,63,360,63,317490,288120,33051,74905,2.668865093186113,0.20633565181461333
1009,0.1388,60,409,60,317899,287711,33111,74845,2.6650765126533034,0.20643707454848353
1010,0.1389,59,356,59,318255,287355,33170,74786,2.661778872874134,0.2065107237236325
1011,0.139,52,357,52,318612,286998,33222,74734,2.658471970061877,0.20660046664381365
1012,0.1391,69,441,69,319053,286557,33291,74665,2.654386972470266,0.2067011422338617
1013,0.1392,65,364,65,319417,286193,33356,74600,2.651015228426396,0.20676676099591731
1014,0.1393,56,350,56,319767,285843,33412,74544,2.647773166845752,0.20684430903445464
1015,0.1394,69,427,69,320194,285416,33481,74475,2.6438178517173663,0.20693765612365966
1016,0.1395,48,343,48,320537,285073,33529,74427,2.6406406313683353,0.20702920723226703
1017,0.1396,55,333,55,320870,284740,33584,74372,2.6375560413501797,0.2070997349016463
1018,0.1397,49,256,49,321126,284484,33633,74323,2.635184704879766,0.20713921411789626
1019,0.1398,46,197,46,321323,284287,33679,74277,2.6333598873615176,0.20715130353298156
1020,0.1399,44,297,44,321620,283990,33723,74233,2.630608766534514,0.20722566669365172
1021,0.14,46,285,46,321905,283705,33769,74187,2.627968802104561,0.20728879103193143
1022,0.1401,50,390,50,322295,283315,33819,74137,2.624356219200415,0.20740407103611114
1023,0.1402,66,398,66,322693,282917,33885,74071,2.6206695320315685,0.20748876712942732
1024,0.1403,63,505,63,323198,282412,33948,74008,2.6159917003223536,0.20764266876157342
1025,0.1404,47,348,47,323546,282064,33995,73961,2.6127681648078847,0.20774102942209113
1026,0.1405,53,378,53,323924,281686,34048,73908,2.6092667383007893,0.2078437768916236
1027,0.1406,70,389,70,324313,281297,34118,73838,2.6056634184297307,0.2079152998155631
1028,0.1407,99,523,99,324836,280774,34217,73739,2.60081885212494,0.20800083494822474
1029,0.1408,57,320,57,325156,280454,34274,73682,2.5978546815369223,0.20806130977929382
1030,0.1409,65,424,65,325580,280030,34339,73617,2.5939271555077994,0.20816520428562946
1031,0.141,63,312,63,325892,279718,34402,73554,2.5910370891844825,0.20820783985144592
1032,0.1411,42,305,42,326197,279413,34444,73512,2.5882118640927785,0.2082935467875611
1033,0.1412,59,396,59,326593,279017,34503,73453,2.584543702990107,0.20839504071268478
1034,0.1413,54,354,54,326947,278663,34557,73399,2.581264589277113,0.20848316489709198
1035,0.1414,55,332,55,327279,278331,34612,73344,2.578189262292045,0.20855619535082107
1036,0.1415,79,345,79,327624,277986,34691,73265,2.5749935158768387,0.20858303606253079
1037,0.1416,56,348,56,327972,277638,34747,73209,2.5717699803623697,0.20866360550325355
1038,0.1417,56,442,56,328414,277196,34803,73153,2.5676757197376707,0.20880036763341697
1039,0.1418,41,285,41,328699,276911,34844,73112,2.565035755307718,0.2088777023224188
1040,0.1419,45,289,45,328988,276622,34889,73067,2.5623587387454148,0.20894852283028634
1041,0.142,48,357,48,329345,276265,34937,73019,2.559051835933158,0.20905337776708924
1042,0.1421,37,280,37,329625,275985,34974,72982,2.556458186668643,0.2091372536658194
1043,0.1422,68,446,68,330071,275539,35042,72914,2.5523268739115936,0.209250601946317
1044,0.1423,77,436,77,330507,275103,35119,72837,2.54828819148542,0.2093378168649767
1045,0.1424,59,399,59,330906,274704,35178,72778,2.544592241283486,0.20944394242003903
1046,0.1425,55,321,55,331227,274383,35233,72723,2.541618807662381,0.2095123679798102
1047,0.1426,52,371,52,331598,274012,35285,72671,2.538182222386898,0.20961800838229738
1048,0.1427,45,394,45,331992,273618,35330,72626,2.534532587350402,0.20975381522856715
1049,0.1428,60,344,60,332336,273274,35390,72566,2.5313461039682834,0.20982535276428407
1050,0.1429,54,327,54,332663,272947,35444,72512,2.528317092148653,0.2099004512836545
1051,0.143,36,223,36,332886,272724,35480,72476,2.5262514357701287,0.20995365005793742
1052,0.1431,49,272,49,333158,272452,35529,72427,2.5237318907703137,0.21000698795809544
1053,0.1432,37,250,37,333408,272202,35566,72390,2.5214161324984254,0.21007452291405487
1054,0.1433,88,430,88,333838,271772,35654,72302,2.517433028270777,0.21013502909257892
1055,0.1434,45,254,45,334092,271518,35699,72257,2.5150802178665383,0.2101868954985092
1056,0.1435,68,383,68,334475,271135,35767,72189,2.511532476194005,0.21026493924106673
1057,0.1436,65,404,65,334879,270731,35832,72124,2.507790210826633,0.21036298143530063
1058,0.1437,43,324,43,335203,270407,35875,72081,2.5047889881062657,0.21046284833337225
1059,0.1438,65,452,65,335655,269955,35940,72016,2.500602097150691,0.21059095654309867
1060,0.1439,48,277,48,335932,269678,35988,71968,2.4980362369854383,0.21065079058440608
1061,0.144,87,417,87,336349,269261,36075,71881,2.4941735521879282,0.21070697832574117
1062,0.1441,68,381,68,336730,268880,36143,71813,2.4906443365815703,0.21078507630036425
1063,0.1442,55,317,55,337047,268563,36198,71758,2.4877079550928154,0.2108538703165541
1064,0.1443,72,337,72,337384,268226,36270,71686,2.48458631294231,0.21089576125585446
1065,0.1444,52,401,52,337785,267825,36322,71634,2.4808718366742006,0.21102401173632163
1066,0.1445,73,322,73,338107,267503,36395,71561,2.4778891400200083,0.2110545501734186
1067,0.1446,60,405,60,338512,267098,36455,71501,2.4741376116195486,0.21116719187002914
1068,0.1447,47,333,47,338845,266765,36502,71454,2.471053021601393,0.211265481832777
1069,0.1448,52,289,52,339134,266476,36554,71402,2.46837600503909,0.21132479770804846
1070,0.1449,52,281,52,339415,266195,36606,71350,2.4657730927414874,0.2113792235109393
1071,0.145,78,466,78,339881,265729,36684,71272,2.461456519322687,0.21148898667956476
1072,0.1451,50,302,50,340183,265427,36734,71222,2.4586590833302457,0.2115615967966636
1073,0.1452,46,318,46,340501,265109,36780,71176,2.455713438808403,0.21165380555183846
1074,0.1453,78,338,78,340839,264771,36858,71098,2.45258253362481,0.21168372192729903
1075,0.1454,71,343,71,341182,264428,36929,71027,2.449405313275779,0.21173331743452922
1076,0.1455,53,306,53,341488,264122,36982,70974,2.4465708251509874,0.21180199107121542
1077,0.1456,66,381,66,341869,263741,37048,70908,2.4430416095446295,0.21188767932968572
1078,0.1457,85,423,85,342292,263318,37133,70823,2.4391233465485938,0.21195543198829236
1079,0.1458,62,423,62,342715,262895,37195,70761,2.4352050835525585,0.212077708777903
1080,0.1459,59,300,59,343015,262595,37254,70702,2.432426173626292,0.2121291220743061
1081,0.146,75,458,75,343473,262137,37329,70627,2.4281837044721923,0.21224351191835655
1082,0.1461,45,197,45,343670,261940,37374,70582,2.426358886953944,0.212262647283488
1083,0.1462,64,365,64,344035,261575,37438,70518,2.4229778798769868,0.2123441325170961
1084,0.1463,52,324,52,344359,261251,37490,70466,2.4199766571566195,0.21242806368078815
1085,0.1464,47,376,47,344735,260875,37537,70419,2.416493756715699,0.21255742633431332
1086,0.1465,40,310,40,345045,260565,37577,70379,2.413622216458557,0.21266135660413846
1087,0.1466,55,377,55,345422,260188,37632,70324,2.4101300529845493,0.21277290990947378
1088,0.1467,63,344,63,345766,259844,37695,70261,2.4069435696024306,0.2128443979945775
1089,0.1468,54,279,54,346045,259565,37749,70207,2.404359183371003,0.21289557633759082
1090,0.1469,65,313,65,346358,259252,37814,70142,2.4014598540145986,0.2129425551163652
1091,0.147,56,277,56,346635,258975,37870,70086,2.398893993849346,0.21298786547175144
1092,0.1471,63,324,63,346959,258651,37933,70023,2.3958927711289784,0.21304697055440955
1093,0.1472,64,384,64,347343,258267,37997,69959,2.3923357664233578,0.21314277357674286
1094,0.1473,38,223,38,347566,258044,38035,69921,2.390270110044833,0.21319653011754303
1095,0.1474,59,352,59,347918,257692,38094,69862,2.387009522398014,0.2132839165450582
1096,0.1475,62,369,62,348287,257323,38156,69800,2.3835914631887065,0.2133753970219153
1097,0.1476,76,362,76,348649,256961,38232,69724,2.380238245211012,0.21342883817744923
1098,0.1477,68,411,68,349060,256550,38300,69656,2.376431138612027,0.21353377926831513
1099,0.1478,53,301,53,349361,256249,38353,69603,2.373642965652673,0.21360310815953254
1100,0.1479,47,292,47,349653,255957,38400,69556,2.3709381599911077,0.2136811740237717
1101,0.148,70,413,70,350066,255544,38470,69486,2.3671125273259475,0.21378334307602376
1102,0.1481,56,289,56,350355,255255,38526,69430,2.3644355107636446,0.21383802762677673
1103,0.1482,62,310,62,350665,254945,38588,69368,2.3615639705065026,0.21389213506704943
1104,0.1483,76,437,76,351102,254508,38664,69292,2.3575160250472416,0.2139962940086473
1105,0.1484,39,309,39,351411,254199,38703,69253,2.3546537478231873,0.21410595698898136
1106,0.1485,74,424,74,351835,253775,38777,69179,2.3507262217940643,0.2142069768449996
1107,0.1486,55,344,55,352179,253431,38832,69124,2.3475397384119456,0.21430143696423865
1108,0.1487,43,322,43,352501,253109,38875,69081,2.3445570417577533,0.21441075141996957
1109,0.1488,76,445,76,352946,252664,38951,69005,2.3404349920337917,0.21452175994578276
1110,0.1489,83,464,83,353410,252200,39034,68922,2.3361369446811664,0.21462870809225154
1111,0.149,55,378,55,353788,251822,39089,68867,2.332635518174071,0.2147469978702107
1112,0.1491,68,357,68,354145,251465,39157,68799,2.3293286153618142,0.21481964878974846
1113,0.1492,74,411,74,354556,251054,39231,68725,2.3255215087628294,0.21491405001579217
1114,0.1493,49,261,49,354817,250793,39280,68676,2.3231038571269775,0.21496921454037793
1115,0.1494,48,284,48,355101,250509,39328,68628,2.320473155730112,0.21504244258735278
1116,0.1495,62,358,62,355459,250151,39390,68566,2.3171569898847677,0.21513129202395856
1117,0.1496,49,204,49,355663,249947,39439,68517,2.315267331134907,0.21514833701768488
1118,0.1497,97,497,97,356160,249450,39536,68420,2.3106636036903923,0.2152452260358008
1119,0.1498,71,442,71,356602,249008,39607,68349,2.3065693430656933,0.215369441984894
1120,0.1499,54,426,54,357028,248582,39661,68295,2.3026232909703954,0.21552526690166848
1121,0.15,67,364,67,357392,248218,39728,68228,2.299251546926526,0.2156070862011212
1122,0.1501,66,396,66,357788,247822,39794,68162,2.2955833858238543,0.21571345384576435
1123,0.1502,63,407,63,358195,247415,39857,68099,2.2918133313572198,0.21583511349734086
1124,0.1503,36,251,36,358446,247164,39893,68063,2.2894883100522434,0.21591741824145774
1125,0.1504,43,238,43,358684,246926,39936,68020,2.2872837081774056,0.21597353197056005
1126,0.1505,59,367,59,359051,246559,39995,67961,2.2838841750342733,0.21607846877782017
1127,0.1506,86,409,86,359460,246150,40081,67875,2.2800955945014634,0.2161452113685216
1128,0.1507,69,385,69,359845,245765,40150,67806,2.276529326762755,0.21623810875367938
1129,0.1508,86,411,86,360256,245354,40236,67720,2.2727222201637702,0.2163066878757099
1130,0.1509,64,404,64,360660,244950,40300,67656,2.2689799547963987,0.21642578837258403
1131,0.151,75,462,75,361122,244488,40375,67581,2.2647004335099483,0.21655787662343906
1132,0.1511,70,398,70,361520,244090,40445,67511,2.261013746341102,0.21665848312425184
1133,0.1512,64,427,64,361947,243663,40509,67447,2.2570584312127164,0.2167947028382244
1134,0.1513,54,325,54,362272,243338,40563,67393,2.254047945459261,0.21688534455847663
1135,0.1514,61,349,61,362621,242989,40624,67332,2.250815146911705,0.21697532554999502
1136,0.1515,63,297,63,362918,242692,40687,67269,2.2480640260847014,0.21702407722261832
1137,0.1516,52,317,52,363235,242375,40739,67217,2.2451276445959465,0.21711478332773457
1138,0.1517,41,274,41,363509,242101,40780,67176,2.2425895735299566,0.21720334845462158
1139,0.1518,65,399,65,363908,241702,40845,67111,2.2388936233280226,0.21731921907432653
1140,0.1519,70,437,70,364345,241265,40915,67041,2.2348456778687615,0.21744954687875034
1141,0.152,62,358,62,364703,240907,40977,66979,2.231529512023417,0.2175448055449095
1142,0.1521,42,349,42,365052,240558,41019,66937,2.2282967134758604,0.217684840403909
1143,0.1522,67,417,67,365469,240141,41086,66870,2.2244340286783504,0.21780978531713846
1144,0.1523,59,328,59,365797,239813,41145,66811,2.221395753825633,0.21789227196827385
1145,0.1524,62,364,62,366161,239449,41207,66749,2.2180240097817627,0.21799293267754852
1146,0.1525,47,252,47,366413,239197,41254,66702,2.215689725443699,0.21805236368866848
1147,0.1526,49,284,49,366697,238913,41303,66653,2.2130590240468337,0.2181296348415727
1148,0.1527,35,215,35,366912,238698,41338,66618,2.21106747193301,0.2181936092441929
1149,0.1528,87,390,87,367302,238308,41425,66531,2.2074548890288637,0.21824963341304754
1150,0.1529,70,424,70,367726,237884,41495,66461,2.2035273629997407,0.21837388490035978
1151,0.153,51,300,51,368026,237584,41546,66410,2.200748453073474,0.2184582590445864
1152,0.1531,77,377,77,368403,237207,41623,66333,2.1972562895994665,0.2185313303024313
1153,0.1532,68,378,68,368781,236829,41691,66265,2.193754863092371,0.21862854427999234
1154,0.1533,68,388,68,369169,236441,41759,66197,2.1901608062544,0.21873327209405297
1155,0.1534,40,311,40,369480,236130,41799,66157,2.1872800029641706,0.21885492925597197
1156,0.1535,51,269,51,369749,235861,41850,66106,2.1847882470636186,0.2189179612341746
1157,0.1536,46,278,46,370027,235583,41896,66060,2.1822131238652784,0.21900060667742993
1158,0.1537,60,275,60,370302,235308,41956,66000,2.179665789766201,0.21904496395714684
1159,0.1538,66,255,66,370557,235053,42022,65934,2.1773037163288746,0.21905929491971415
1160,0.1539,75,353,75,370910,234700,42097,65859,2.174033865648968,0.21912170322632163
1161,0.154,77,404,77,371314,234296,42174,65782,2.170291600281596,0.21921633708569105
1162,0.1541,40,215,40,371529,234081,42214,65742,2.168300048167772,0.21926936892766732
1163,0.1542,58,379,58,371908,233702,42272,65684,2.164789358627589,0.21939569652555563
1164,0.1543,57,394,57,372302,233308,42329,65627,2.1611397235910927,0.21953601953601953
1165,0.1544,47,288,47,372590,233020,42376,65580,2.158471970061877,0.21962491627595446
1166,0.1545,50,303,50,372893,232717,42426,65530,2.155665271036348,0.21971721425529847
1167,0.1546,51,254,51,373147,232463,42477,65479,2.1533124606321095,0.21977096213356961
1168,0.1547,78,324,78,373471,232139,42555,65401,2.1503112379117417,0.21980574040465148
1169,0.1548,67,350,67,373821,231789,42622,65334,2.147069176331098,0.21988873294898073
1170,0.1549,44,333,44,374154,231456,42666,65290,2.1439845863129423,0.22001981492589623
1171,0.155,58,282,58,374436,231174,42724,65232,2.141372410982252,0.22007651666970304
1172,0.1551,39,264,39,374700,230910,42763,65193,2.138926970247138,0.22017000840923598
1173,0.1552,78,348,78,375048,230562,42841,65115,2.135703434732669,0.22022341947462942
1174,0.1553,50,244,50,375292,230318,42891,65065,2.133443254659306,0.22027334003649499
1175,0.1554,42,222,42,375514,230096,42933,65023,2.1313868613138687,0.22032807104930555
1176,0.1555,67,368,67,375882,229728,43000,64956,2.1279780651376488,0.22042594779492608
1177,0.1556,49,380,49,376262,229348,43049,64907,2.124458112564378,0.22058078877164364
1178,0.1557,81,417,81,376679,228931,43130,64826,2.120595427766868,0.22067899658561327
1179,0.1558,44,284,44,376963,228647,43174,64782,2.1179647263700025,0.22077572428083114
1180,0.1559,60,358,60,377321,228289,43234,64722,2.114648560524658,0.22088590530730928
1181,0.156,30,236,30,377557,228053,43264,64692,2.1124624847159956,0.22098413294847052
1182,0.1561,68,316,68,377873,227737,43332,64624,2.1095353662603284,0.22104179422015932
1183,0.1562,74,404,74,378277,227333,43406,64550,2.1057931008929565,0.22115025541055833
1184,0.1563,60,285,60,378562,227048,43466,64490,2.1031531364630034,0.2212061549437809
1185,0.1564,68,333,68,378895,226715,43534,64422,2.100068546444848,0.22127726809028053
1186,0.1565,81,473,81,379368,226242,43615,64341,2.0956871317944348,0.22142038591383528
1187,0.1566,59,309,59,379677,225933,43674,64282,2.0928248545703805,0.22149785503850594
1188,0.1567,81,458,81,380135,225475,43755,64201,2.088582385416281,0.2216303732445905
1189,0.1568,85,439,85,380574,225036,43840,64116,2.0845159138908445,0.22173804780876494
1190,0.1569,41,267,41,380841,224769,43881,64075,2.0820426840564674,0.22183254628796167
1191,0.157,57,381,57,381222,224388,43938,64018,2.0785134684501094,0.2219718036379271
1192,0.1571,52,329,52,381551,224059,43990,63966,2.075465930564304,0.222084888464543
1193,0.1572,59,367,59,381918,223692,44049,63907,2.0720663974211715,0.22220870030841552
1194,0.1573,64,269,64,382187,223423,44113,63843,2.0695746415206195,0.2222434955755293
1195,0.1574,54,272,54,382459,223151,44167,63789,2.067055096520805,0.2223077995399735
1196,0.1575,47,336,47,382795,222815,44214,63742,2.0639427174033864,0.22244091053437884
1197,0.1576,52,265,52,383060,222550,44266,63690,2.0614880136351847,0.22250558971492454
1198,0.1577,55,303,55,383363,222247,44321,63635,2.0586813146096556,0.22259183859074724
1199,0.1578,47,250,47,383613,221997,44368,63588,2.0563655563377674,0.22265875308577132
1200,0.1579,46,290,46,383903,221707,44414,63542,2.0536792767423764,0.22275976427612368
1201,0.158,64,404,64,384307,221303,44478,63478,2.049937011375005,0.22290110646426553
1202,0.1581,38,283,38,384590,221020,44516,63440,2.0473155730112267,0.22301905364550376
1203,0.1582,54,240,54,384830,220780,44570,63386,2.045092445070214,0.22305976084401372
1204,0.1583,75,411,75,385241,220369,44645,63311,2.041285338471229,0.22317752397067117
1205,0.1584,66,426,66,385667,219943,44711,63245,2.0373392863759308,0.22333220334194953
1206,0.1585,83,383,83,386050,219560,44794,63162,2.033791544703398,0.2234067387751926
1207,0.1586,79,507,79,386557,219053,44873,63083,2.0290951869280076,0.22359075056001362
1208,0.1587,62,422,62,386979,218631,44935,63021,2.02518618696506,0.2237548464062034
1209,0.1588,84,516,84,387495,218115,45019,62937,2.020406461891882,0.22393364928909953
1210,0.1589,94,376,94,387871,217739,45113,62843,2.0169235614509615,0.2239737402969542
1211,0.159,44,308,44,388179,217431,45157,62799,2.014070547259995,0.22409806230596296
1212,0.1591,59,345,59,388524,217086,45216,62740,2.0108748008447885,0.22421075954343056
1213,0.1592,46,256,46,388780,216830,45262,62694,2.0085034643743747,0.22428843319357192
1214,0.1593,58,352,58,389132,216478,45320,62636,2.005242876727556,0.22441009766618658
1215,0.1594,98,368,98,389500,216110,45418,62538,2.001834080551336,0.2244336941230513
1216,0.1595,44,269,44,389769,215841,45462,62494,1.9993423246507835,0.2245279968383423
1217,0.1596,41,243,41,390012,215598,45503,62453,1.997091407610508,0.22460987372820093
1218,0.1597,53,350,53,390362,215248,45556,62400,1.993849346029864,0.22474500086440385
1219,0.1598,92,448,92,390810,214800,45648,62308,1.9896995072066397,0.2248509606362862
1220,0.1599,55,203,55,391013,214597,45703,62253,1.9878191114898662,0.22486183854072603
1221,0.16,91,485,91,391498,214112,45794,62162,1.9833265404424025,0.2250012668582639
1222,0.1601,102,580,102,392078,213532,45896,62060,1.9779539812516211,0.22518795901187263
1223,0.1602,55,319,55,392397,213213,45951,62005,1.9749990736966911,0.22529413047111743
1224,0.1603,67,372,67,392769,212841,46018,61938,1.9715532253881212,0.22541023877370542
1225,0.1604,92,403,92,393172,212438,46110,61846,1.9678202230538369,0.2254816175934433
1226,0.1605,55,300,55,393472,212138,46165,61791,1.9650413131275706,0.2255730499508997
1227,0.1606,62,307,62,393779,211831,46227,61729,1.9621975619696914,0.22565067992396548
1228,0.1607,64,376,64,394155,211455,46291,61665,1.958714661528771,0.2257798769771529
1229,0.1608,70,468,70,394623,210987,46361,61595,1.9543795620437956,0.22596869932717495
1230,0.1609,72,337,72,394960,210650,46433,61523,1.9512579198932898,0.22604372953966778
1231,0.161,68,410,68,395370,210240,46501,61455,1.9474600763273926,0.22619113344007066
1232,0.1611,84,425,84,395795,209815,46585,61371,1.9435232872651822,0.22630593024713666
1233,0.1612,66,349,66,396144,209466,46651,61305,1.9402904887176258,0.22640903198643872
1234,0.1613,55,224,55,396368,209242,46706,61250,1.9382155693060135,0.22643922925631813
1235,0.1614,58,240,58,396608,209002,46764,61192,1.9359924413650005,0.22647431105057847
1236,0.1615,48,287,48,396895,208715,46812,61144,1.9333339508688725,0.22657758310821577
1237,0.1616,55,283,55,397178,208432,46867,61089,1.9307125125050946,0.2266576630392437
1238,0.1617,49,318,49,397496,208114,46916,61040,1.9277668679832525,0.2267846660276273
1239,0.1618,52,305,52,397801,207809,46968,60988,1.9249416428915485,0.22689241323377865
1240,0.1619,90,454,90,398255,207355,47058,60898,1.9207362258697989,0.2270170324283419
1241,0.162,89,428,89,398683,206927,47147,60809,1.9167716477083256,0.2271229868228404
1242,0.1621,56,278,56,398961,206649,47203,60753,1.9141965245099855,0.2271972535732717
1243,0.1622,54,298,54,399259,206351,47257,60699,1.9114361406498943,0.2272945141359296
1244,0.1623,60,318,60,399577,206033,47317,60639,1.9084904961280522,0.2273917021659567
1245,0.1624,88,401,88,399978,205632,47405,60551,1.904776019859943,0.22747883974558855
1246,0.1625,59,354,59,400332,205278,47464,60492,1.9014969061469487,0.2276103397674681
1247,0.1626,57,278,57,400610,205000,47521,60435,1.8989217829486087,0.2276828602105977
1248,0.1627,58,350,58,400960,204650,47579,60377,1.8956797213679648,0.22781452455787524
1249,0.1628,63,226,63,401186,204424,47642,60314,1.8935862758901776,0.22782524609236302
1250,0.1629,75,347,75,401533,204077,47717,60239,1.890372003408796,0.22790523464338142
1251,0.163,51,275,51,401808,203802,47768,60188,1.8878246693097187,0.22799348460168944
1252,0.1631,88,491,88,402299,203311,47856,60100,1.8832765200637296,0.22816055517802977
1253,0.1632,67,308,67,402607,203003,47923,60033,1.880423505872763,0.22823111665323378
1254,0.1633,52,281,52,402888,202722,47975,59981,1.8778205935751602,0.22832247823587853
1255,0.1634,52,244,52,403132,202478,48027,59929,1.875560413501797,0.22838186481305758
1256,0.1635,66,347,66,403479,202131,48093,59863,1.8723461410204156,0.2284899654190554
1257,0.1636,63,311,63,403790,201820,48156,59800,1.8694653377301864,0.22857579695741917
1258,0.1637,62,281,62,404071,201539,48218,59738,1.8668624254325836,0.22863857132468607
1259,0.1638,54,231,54,404302,201308,48272,59684,1.8647226647893587,0.22868133889161354
1260,0.1639,66,294,66,404596,201014,48338,59618,1.8619993330616178,0.22874397618097547
1261,0.164,51,220,51,404816,200794,48389,59567,1.8599614657823558,0.22878618533497722
1262,0.1641,38,263,38,405079,200531,48427,59529,1.857525288080329,0.22890486810735983
1263,0.1642,63,248,63,405327,200283,48490,59466,1.8552280558746155,0.22893639629026483
1264,0.1643,51,257,51,405584,200026,48541,59415,1.8528474563711141,0.22901160572153206
1265,0.1644,52,319,52,405903,199707,48593,59363,1.8498925488161844,0.22913884278380361
1266,0.1645,48,287,48,406190,199420,48641,59315,1.8472340583200564,0.22925000483119795
1267,0.1646,71,345,71,406535,199075,48712,59244,1.84403831190485,0.22934433781487232
1268,0.1647,54,212,54,406747,198863,48766,59190,1.8420745488902885,0.22937148570254948
1269,0.1648,52,281,52,407028,198582,48818,59138,1.839471636592686,0.22946608722644732
1270,0.1649,50,247,50,407275,198335,48868,59088,1.8371836674200601,0.2295365992937694
1271,0.165,59,332,59,407607,198003,48927,59029,1.834108340434992,0.2296562295745277
1272,0.1651,48,244,48,407851,197759,48975,58981,1.8318481603616288,0.22973046661992677
1273,0.1652,61,221,61,408072,197538,49036,58920,1.8298010300492793,0.22974522143976792
1274,0.1653,71,378,71,408450,197160,49107,58849,1.826299603542184,0.22987082485381374
1275,0.1654,73,421,73,408871,196739,49180,58776,1.8223998666123236,0.23002954816742657
1276,0.1655,40,203,40,409074,196536,49220,58736,1.82051947089555,0.23009182362342911
1277,0.1656,67,301,67,409375,196235,49287,58669,1.8177312979361961,0.2301611587107303
1278,0.1657,52,305,52,409680,195930,49339,58617,1.8149060728444921,0.2302796733019835
1279,0.1658,68,340,68,410020,195590,49407,58549,1.8117566415947237,0.2303817989368023
1280,0.1659,59,271,59,410291,195319,49466,58490,1.8092463596279966,0.23044888085134885
1281,0.166,47,310,47,410601,195009,49513,58443,1.8063748193708549,0.2305880403389991
1282,0.1661,73,289,73,410890,194720,49586,58370,1.8036978028085517,0.2306294203642973
1283,0.1662,46,224,46,411114,194496,49632,58324,1.8016228833969394,0.23069377422672258
1284,0.1663,68,319,68,411433,194177,49700,58256,1.7986679758420097,0.2307780678437447
1285,0.1664,46,206,46,411639,193971,49746,58210,1.7967597910259736,0.23082627160650485
1286,0.1665,69,278,69,411917,193693,49815,58141,1.7941846678276334,0.23087033522082007
1287,0.1666,72,341,72,412258,193352,49887,58069,1.7910259735447775,0.23096320514197302
1288,0.1667,59,232,59,412490,193120,49946,58010,1.788876949868465,0.2309958985386055
1289,0.1668,80,333,80,412823,192787,50026,57930,1.7857923598503094,0.2310573275844877
1290,0.1669,65,300,65,413123,192487,50091,57865,1.783013449924043,0.23113456253594938
1291,0.167,82,447,82,413570,192040,50173,57783,1.7788728741339064,0.23129575739623653
1292,0.1671,50,192,50,413762,191848,50223,57733,1.777094371781096,0.2313196918034626
1293,0.1672,43,234,43,413996,191614,50266,57690,1.7749268220386083,0.23140422937457883
1294,0.1673,72,334,72,414330,191280,50338,57618,1.7718329689873653,0.2314924185811055
1295,0.1674,43,203,43,414533,191077,50381,57575,1.7699525732705916,0.23154850956356676
1296,0.1675,59,256,59,414789,190821,50440,57516,1.7675812368001778,0.23160463402553788
1297,0.1676,61,271,61,415060,190550,50501,57455,1.7650709548334507,0.23166871635652506
1298,0.1677,45,201,45,415261,190349,50546,57410,1.7632090851828524,0.23171711219370436
1299,0.1678,38,190,38,415451,190159,50584,57372,1.761449108896217,0.2317770299477641
1300,0.1679,58,259,58,415710,189900,50642,57314,1.7590499833265405,0.2318396207334536
1301,0.168,68,244,68,415954,189656,50710,57246,1.7567898032531772,0.23185717410146536
1302,0.1681,73,325,73,416279,189331,50783,57173,1.753779317499722,0.23193538441566872
1303,0.1682,70,361,70,416640,188970,50853,57103,1.750435362555115,0.23205715377144182
1304,0.1683,46,208,46,416848,188762,50899,57057,1.7485086516729038,0.23210980436825468
1305,0.1684,83,346,83,417194,188416,50982,56974,1.74530364222461,0.23217735034027467
1306,0.1685,45,209,45,417403,188207,51027,56929,1.7433676683093111,0.23223435154363292
1307,0.1686,50,237,50,417640,187970,51077,56879,1.741172329467561,0.2323023577796928
1308,0.1687,70,314,70,417954,187656,51147,56809,1.738263737078069,0.23238091342318942
1309,0.1688,51,240,51,418194,187416,51198,56758,1.736040609137056,0.23244899129309426
1310,0.1689,74,344,74,418538,187072,51272,56684,1.7328541257549372,0.23254401942926534
1311,0.169,69,300,69,418838,186772,51341,56615,1.730075215828671,0.23261308122455185
1312,0.1691,57,262,57,419100,186510,51398,56558,1.7276483011597317,0.23268385801504105
1313,0.1692,87,411,87,419511,186099,51485,56471,1.723841194560747,0.23280290225501918
1314,0.1693,47,254,47,419765,185845,51532,56424,1.7214883841565083,0.23289814214777788
1315,0.1694,62,296,62,420061,185549,51594,56362,1.718746526362592,0.23298651156830405
1316,0.1695,43,200,43,420261,185349,51637,56319,1.7168939197450814,0.2330428521773673
1317,0.1696,34,219,34,420480,185130,51671,56285,1.7148653154989069,0.2331462419485119
1318,0.1697,70,280,70,420760,184850,51741,56215,1.7122716662343918,0.23319436666459253
1319,0.1698,54,231,54,420991,184619,51795,56161,1.7101319055911668,0.23324611678710858
1320,0.1699,70,291,70,421282,184328,51865,56091,1.7074363629626885,0.23330518802590478
1321,0.17,46,231,46,421513,184097,51911,56045,1.7052966023194636,0.2333827485404469
1322,0.1701,61,306,61,421819,183791,51972,55984,1.7024621141946719,0.2334855593785841
1323,0.1702,41,268,41,422087,183523,52013,55943,1.6999796213272074,0.2336156281058689
1324,0.1703,62,316,62,422403,183207,52075,55881,1.6970525028715402,0.23372565749849428
1325,0.1704,62,385,62,422788,182822,52137,55819,1.693486235132832,0.23390364606249556
1326,0.1705,57,274,57,423062,182548,52194,55762,1.690948164066842,0.23398934161386428
1327,0.1706,70,326,70,423388,182222,52264,55692,1.6879284152802994,0.23408458518624378
1328,0.1707,63,319,63,423707,181903,52327,55629,1.6849735077253696,0.23419581361669164
1329,0.1708,45,192,45,423899,181711,52372,55584,1.6831950053725593,0.23424008091194504
1330,0.1709,52,266,52,424165,181445,52424,55532,1.6807310385712697,0.23433497765605946
1331,0.171,56,238,56,424403,181207,52480,55476,1.6785264366964319,0.23438945762898053
1332,0.1711,46,202,46,424605,181005,52526,55430,1.6766553040127459,0.23444075538731576
1333,0.1712,52,342,52,424947,180663,52578,55378,1.6734873466968023,0.23461178354607887
1334,0.1713,80,275,80,425222,180388,52658,55298,1.670940012597725,0.2346257308452772
1335,0.1714,38,222,38,425444,180166,52696,55260,1.668883619252288,0.23472343751327382
1336,0.1715,60,277,60,425721,179889,52756,55200,1.6663177590870355,0.23480469098936999
1337,0.1716,67,356,67,426077,179533,52823,55133,1.6630201193078662,0.2349424288137182
1338,0.1717,67,323,67,426400,179210,52890,55066,1.6600281596205861,0.23504755075210435
1339,0.1718,52,280,52,426680,178930,52942,55014,1.657434510356071,0.2351588414321376
1340,0.1719,43,215,43,426895,178715,52985,54971,1.6554429582422467,0.23523445991629793
1341,0.172,74,375,74,427270,178340,53059,54897,1.651969320834414,0.235370031341511
1342,0.1721,32,163,32,427433,178177,53091,54865,1.6504594464411426,0.23542966503892002
1343,0.1722,29,171,29,427604,178006,53120,54836,1.648875467783171,0.235507339741112
1344,0.1723,51,202,51,427806,177804,53171,54785,1.647004335099485,0.23554424327891688
1345,0.1724,71,358,71,428164,177446,53242,54714,1.6436881692541405,0.23567367332873881
1346,0.1725,63,414,63,428578,177032,53305,54651,1.639853273555893,0.23588696624266778
1347,0.1726,79,326,79,428904,176706,53384,54572,1.6368335247693504,0.2359584569219727
1348,0.1727,52,210,52,429114,176496,53436,54520,1.634888287820964,0.23600096962980918
1349,0.1728,49,260,49,429374,176236,53485,54471,1.6324798992182,0.23610466955922446
1350,0.1729,60,285,60,429659,175951,53545,54411,1.629839934788247,0.2361978104027574
1351,0.173,61,294,61,429953,175657,53606,54350,1.6271166030605062,0.23629715617350777
1352,0.1731,62,225,62,430178,175432,53668,54288,1.6250324206158064,0.23632247954030994
1353,0.1732,73,244,73,430422,175188,53741,54215,1.6227722405424432,0.2363308239212216
1354,0.1733,51,272,51,430694,174916,53792,54164,1.6202526955426284,0.2364414178452942
1355,0.1734,35,184,35,430878,174732,53827,54129,1.6185482974545184,0.2365147403882706
1356,0.1735,59,275,59,431153,174457,53886,54070,1.616000963355441,0.23660223956031454
1357,0.1736,46,320,46,431473,174137,53932,54024,1.6130367927674238,0.23678016838986504
1358,0.1737,64,318,64,431791,173819,53996,53960,1.6100911482455815,0.2368962898247863
1359,0.1738,35,159,35,431950,173660,54031,53925,1.6086183259846605,0.23694443834171847
1360,0.1739,76,365,76,432315,173295,54107,53849,1.6052373189077032,0.2370698763779805
1361,0.174,38,192,38,432507,173103,54145,53811,1.6034588165548926,0.23714270604722493
1362,0.1741,41,223,41,432730,172880,54186,53770,1.6013931601763682,0.2372380322082506
1363,0.1742,51,208,51,432938,172672,54237,53719,1.5994664492941568,0.2372841676568415
1364,0.1743,56,244,56,433182,172428,54293,53663,1.5972062692207936,0.23735133198579333
1365,0.1744,49,253,49,433435,172175,54342,53614,1.5948627218496425,0.23745178020186988
1366,0.1745,45,254,45,433689,171921,54387,53569,1.5925099114454038,0.2375670761452836
1367,0.1746,33,158,33,433847,171763,54420,53536,1.5910463522175702,0.23762200453619411
1368,0.1747,37,197,37,434044,171566,54457,53499,1.589221534699322,0.23770466309732743
1369,0.1748,73,238,73,434282,171328,54530,53426,1.587016932824484,0.23770878382587185
1370,0.1749,62,263,62,434545,171065,54592,53364,1.5845807551224573,0.23777675790561825
1371,0.175,37,165,37,434710,170900,54629,53327,1.5830523546630109,0.23782595316353516
1372,0.1751,39,158,39,434868,170742,54668,53288,1.5815887954351773,0.23786100075882693
1373,0.1752,45,287,45,435155,170455,54713,53243,1.5789303049390493,0.23801285661919194
1374,0.1753,50,258,50,435413,170197,54763,53193,1.5765404424024603,0.23811719414476923
1375,0.1754,72,304,72,435717,169893,54835,53121,1.5737244803438437,0.23819580833490275
1376,0.1755,45,253,45,435970,169640,54880,53076,1.5713809329726927,0.23831246969234363
1377,0.1756,39,239,39,436209,169401,54919,53037,1.5691670680647671,0.23843497963477464
1378,0.1757,29,137,29,436346,169264,54948,53008,1.5678980325317722,0.23848257990210192
1379,0.1758,48,245,48,436591,169019,54996,52960,1.5656285894253215,0.23858112704354917
1380,0.1759,40,240,40,436831,168779,55036,52920,1.5634054614843085,0.2387020239153086
1381,0.176,88,364,88,437195,168415,55124,52832,1.5600337174404386,0.2387919384217639
1382,0.1761,53,241,53,437436,168174,55177,52779,1.5578013264663382,0.23886980489063284
1383,0.1762,50,260,50,437696,167914,55227,52729,1.555392937863574,0.23897880286254267
1384,0.1763,53,241,53,437937,167673,55280,52676,1.5531605468894736,0.23905713209499477
1385,0.1764,73,258,73,438195,167415,55353,52603,1.5507706843528846,0.23908498395585814
1386,0.1765,49,273,49,438468,167142,55402,52554,1.5482418763199821,0.2392123661787197
1387,0.1766,48,283,48,438751,166859,55450,52506,1.5456204379562044,0.23935450049005083
1388,0.1767,35,153,35,438904,166706,55485,52471,1.5442031938938086,0.2394001195380902
1389,0.1768,51,290,51,439194,166416,55536,52420,1.541516914298418,0.23954011223016322
1390,0.1769,26,166,26,439360,166250,55562,52394,1.5399792508058838,0.23963154717257276
1391,0.177,20,161,20,439521,166089,55582,52374,1.5384879024787876,0.23973853696049216
1392,0.1771,39,186,39,439707,165903,55621,52335,1.5367649783245025,0.23980699969757788
1393,0.1772,53,269,53,439976,165634,55674,52282,1.5342732224239506,0.2399181335927605
1394,0.1773,44,247,44,440223,165387,55718,52238,1.5319852532513245,0.24003676048248132
1395,0.1774,30,147,30,440370,165240,55748,52208,1.530623587387454,0.24009418343695965
1396,0.1775,51,267,51,440637,164973,55799,52157,1.5281503575530773,0.24021093354211762
1397,0.1776,57,302,57,440939,164671,55856,52100,1.5253529215606358,0.2403458027134626
1398,0.1777,26,132,26,441071,164539,55882,52074,1.5241302011930786,0.24040108396079643
1399,0.1778,60,186,60,441257,164353,55942,52014,1.5224072770387935,0.2403971030702464
1400,0.1779,63,266,63,441523,164087,56005,51951,1.5199433102375042,0.2404715837028671
1401,0.178,66,262,66,441785,163825,56071,51885,1.5175163955685649,0.24053126883315562
1402,0.1781,61,269,61,442054,163556,56132,51824,1.515024639668013,0.24061658464109945
1403,0.1782,34,190,34,442244,163366,56166,51790,1.5132646633813776,0.24070906690959118
1404,0.1783,48,225,48,442469,163141,56214,51742,1.511180480936678,0.24079150049096484
1405,0.1784,51,239,51,442708,162902,56265,51691,1.5089666160287525,0.2408792458281491
1406,0.1785,56,304,56,443012,162598,56321,51635,1.506150653970136,0.2410226248990585
1407,0.1786,26,157,26,443169,162441,56347,51609,1.50469635777539,0.24110721793973372
1408,0.1787,47,200,47,443369,162241,56394,51562,1.5028437511578792,0.24116593312535373
1409,0.1788,39,144,39,443513,162097,56433,51523,1.5015098743932713,0.24118996348656493
1410,0.1789,27,114,27,443627,161983,56460,51496,1.5004538886212901,0.24122279006365965
1411,0.179,54,311,54,443938,161672,56514,51442,1.4975730853310607,0.2413825464305489
1412,0.1791,42,220,42,444158,161452,56556,51400,1.495535218051799,0.24148234453986808
1413,0.1792,37,217,37,444375,161235,56593,51363,1.4935251398717997,0.24159681652696638
1414,0.1793,39,195,39,444570,161040,56632,51324,1.4917188484197266,0.24167938068599198
1415,0.1794,31,130,31,444700,160910,56663,51293,1.4905146541183445,0.24171665810568183
1416,0.1795,63,268,63,444968,160642,56726,51230,1.48803216125088,0.24179693399788552
1417,0.1796,51,201,51,445169,160441,56777,51179,1.4861702916002817,0.24184387108968908
1418,0.1797,42,172,42,445341,160269,56819,51137,1.4845770499092223,0.24189001258242435
1419,0.1798,74,242,74,445583,160027,56893,51063,1.4823353959020342,0.2419015585769103
1420,0.1799,32,166,32,445749,159861,56925,51031,1.4807977324095,0.2419769360620602
1421,0.18,43,230,43,445979,159631,56968,50988,1.4786672347993628,0.24208642145295534
1422,0.1801,57,249,57,446228,159382,57025,50931,1.4763607395605618,0.2421676263473965
1423,0.1802,54,236,54,446464,159146,57079,50877,1.4741746637518989,0.2422448969874728
1424,0.1803,50,231,50,446695,158915,57129,50827,1.472034903108674,0.24233105434295468
1425,0.1804,65,335,65,447030,158580,57194,50762,1.4689317870243432,0.24248359144366635
1426,0.1805,45,250,45,447280,158330,57239,50717,1.4666160287524548,0.2426105134252106
1427,0.1806,27,128,27,447408,158202,57266,50690,1.4654303605172478,0.24266127951285832
1428,0.1807,45,212,45,447620,157990,57311,50645,1.4634665975026864,0.2427445059553766
1429,0.1808,37,194,37,447814,157796,57348,50608,1.4616695690837007,0.24283603001861767
1430,0.1809,53,192,53,448006,157604,57401,50555,1.4598910667308904,0.24286723129915114
1431,0.181,42,158,42,448164,157446,57443,50513,1.4584275075030568,0.2428988406368563
1432,0.1811,74,279,74,448443,157167,57517,50439,1.4558431212716292,0.2429554059131239
1433,0.1812,25,130,25,448573,157037,57542,50414,1.454638926970247,0.24301642315534752
1434,0.1813,38,195,38,448768,156842,57580,50376,1.452832635518174,0.24310629385478094
1435,0.1814,50,298,50,449066,156544,57630,50326,1.4500722516580828,0.24327355343935805
1436,0.1815,34,195,34,449261,156349,57664,50292,1.44826596020601,0.24337861315034287
1437,0.1816,27,183,27,449444,156166,57691,50265,1.4465708251509874,0.24349540524436736
1438,0.1817,31,160,31,449604,156006,57722,50234,1.4450887398569787,0.24357059736229636
1439,0.1818,53,264,53,449868,155742,57775,50181,1.4426432991218645,0.24368817470607945
1440,0.1819,61,252,61,450120,155490,57836,50120,1.440309014783801,0.24376246291522785
1441,0.182,30,179,30,450299,155311,57866,50090,1.4386509318611287,0.24386444077682193
1442,0.1821,46,181,46,450480,155130,57912,50044,1.4369743228722813,0.24391004708198893
1443,0.1822,42,187,42,450667,154943,57954,50002,1.4352421356849088,0.24397765254092563
1444,0.1823,17,169,17,450836,154774,57971,49985,1.433676683093112,0.24411625374220425
1445,0.1824,59,279,59,451115,154495,58030,49926,1.4310922968616844,0.24423126782473426
1446,0.1825,36,114,36,451229,154381,58066,49890,1.4300363110897032,0.24423437492350847
1447,0.1826,35,227,35,451456,154154,58101,49855,1.4279336025788285,0.24437647358694958
1448,0.1827,48,260,48,451716,153894,58149,49807,1.4255252139760644,0.24451033622809903
1449,0.1828,38,217,38,451933,153677,58187,49769,1.4235151357960651,0.2446300246748523
1450,0.1829,49,201,49,452134,153476,58236,49720,1.4216532661454666,0.2446898560995295
1451,0.183,51,202,51,452336,153274,58287,49669,1.4197821334617806,0.24474359795607634
1452,0.1831,43,111,43,452447,153163,58330,49626,1.4187539367890623,0.24471741563891533
1453,0.1832,39,133,39,452580,153030,58369,49587,1.4175219533884176,0.24473267297413345
1454,0.1833,48,180,48,452760,152850,58417,49539,1.4158546074326577,0.24477120792137913
1455,0.1834,32,148,32,452908,152702,58449,49507,1.4144836785356998,0.24483084333536093
1456,0.1835,42,178,42,453086,152524,58491,49465,1.412834858646115,0.2448895731945799
1457,0.1836,57,180,57,453266,152344,58548,49408,1.4111675126903553,0.24489472223323686
1458,0.1837,45,182,45,453448,152162,58593,49363,1.4094816406684205,0.24494727701277758
1459,0.1838,45,174,45,453622,151988,58638,49318,1.407869872911186,0.24499021390321202
1460,0.1839,35,181,35,453803,151807,58673,49283,1.4061932639223387,0.24507931771843453
1461,0.184,34,139,34,453942,151668,58707,49249,1.4049057023231688,0.24512111966632988
1462,0.1841,52,206,52,454148,151462,58759,49197,1.4029975175071325,0.24517714131935273
1463,0.1842,52,202,52,454350,151260,58811,49145,1.4011263848234465,0.24522841246475888
1464,0.1843,34,160,34,454510,151100,58845,49111,1.399644299529438,0.2452962124958169
1465,0.1844,41,157,41,454667,150943,58886,49070,1.398190003334692,0.24533405328653637
1466,0.1845,27,143,27,454810,150800,58913,49043,1.3968653896031717,0.24540764500132603
1467,0.1846,24,136,24,454946,150664,58937,49019,1.3956056171032643,0.24548409228627374
1468,0.1847,23,92,23,455038,150572,58960,48996,1.3947534180592094,0.24551030225286619
1469,0.1848,35,150,35,455188,150422,58995,48961,1.3933639630960761,0.24556256049913985
1470,0.1849,44,211,44,455399,150211,59039,48917,1.3914094631146023,0.24565606042344623
1471,0.185,31,134,31,455533,150077,59070,48886,1.39016821668087,0.24570397511095027
1472,0.1851,27,88,27,455621,149989,59097,48859,1.3893530697691652,0.2457102912777599
1473,0.1852,41,191,41,455812,149798,59138,48818,1.3875838304494423,0.24579087284005316
1474,0.1853,26,175,26,455987,149623,59164,48792,1.3859627996591204,0.24590882745760148
1475,0.1854,26,160,26,456147,149463,59190,48766,1.3844807143651117,0.24600840442114927
1476,0.1855,41,143,41,456290,149320,59231,48725,1.3831561006335915,0.24602994268979272
1477,0.1856,18,77,18,456367,149243,59249,48707,1.3824428470858499,0.24605708512250568
1478,0.1857,27,149,27,456516,149094,59276,48680,1.3810626551558043,0.24613953300231578
1479,0.1858,18,96,18,456612,148998,59294,48662,1.380173403979399,0.24619042800768998
1480,0.1859,33,163,33,456775,148835,59327,48629,1.3786635295861276,0.24626767410768546
1481,0.186,45,149,45,456924,148686,59372,48584,1.377283337656082,0.2462817458305875
1482,0.1861,35,174,35,457098,148512,59407,48549,1.3756715698988478,0.24636533865148355
1483,0.1862,35,121,35,457219,148391,59442,48514,1.3745507428952537,0.24638277341865367
1484,0.1863,40,129,40,457348,148262,59482,48474,1.373355811626959,0.24639110279765777
1485,0.1864,36,153,36,457501,148109,59518,48438,1.3719385675645634,0.24644487069250612
1486,0.1865,32,184,32,457685,147925,59550,48406,1.3702341694764533,0.24655301506129954
1487,0.1866,23,140,23,457825,147785,59573,48383,1.3689373448441957,0.24664063455813384
1488,0.1867,47,155,47,457980,147630,59620,48336,1.367501574715625,0.24665503199534614
1489,0.1868,16,91,16,458071,147539,59636,48320,1.3666586387046575,0.2467080910246657
1490,0.1869,40,195,40,458266,147344,59676,48280,1.3648523472525844,0.2467999836420889
1491,0.187,37,144,37,458410,147200,59713,48243,1.3635184704879766,0.2468392318988145
1492,0.1871,38,162,38,458572,147038,59751,48205,1.3620178591277927,0.24689745599073976
1493,0.1872,26,86,26,458658,146952,59777,48179,1.361221238282263,0.24690592473774028
1494,0.1873,29,139,29,458797,146813,59806,48150,1.3599336766830932,0.2469699378856501
1495,0.1874,22,121,22,458918,146692,59828,48128,1.3588128496794991,0.24703829175649317
1496,0.1875,53,177,53,459095,146515,59881,48075,1.357173292823002,0.24705791664525412
1497,0.1876,23,115,23,459210,146400,59904,48052,1.3561080440179332,0.24711496924690926
1498,0.1877,45,141,45,459351,146259,59949,48007,1.3548019563525882,0.24711992834567037
1499,0.1878,32,136,32,459487,146123,59981,47975,1.3535421838526807,0.24716895588826263
1500,0.1879,24,147,24,459634,145976,60005,47951,1.3521805179888102,0.24726314541038638
1501,0.188,37,150,37,459784,145826,60042,47914,1.3507910630256772,0.24731082894601011
1502,0.1881,29,155,29,459939,145671,60071,47885,1.3493552928971062,0.24739610241997148
1503,0.1882,36,174,36,460113,145497,60107,47849,1.3477435251398717,0.24747861347015196
1504,0.1883,47,132,47,460245,145365,60154,47802,1.3465208047723147,0.24746462905154606
1505,0.1884,37,207,37,460452,145158,60191,47765,1.344603356923191,0.24758582439626173
1506,0.1885,50,172,50,460624,144986,60241,47715,1.3430101152321317,0.24761158478679404
1507,0.1886,44,234,44,460858,144752,60285,47671,1.3408425654896439,0.2477406547034398
1508,0.1887,46,181,46,461039,144571,60331,47625,1.3391659565007967,0.2477939187079856
1509,0.1888,47,220,47,461259,144351,60378,47578,1.3371280892215347,0.24789375237718114
1510,0.1889,48,193,48,461452,144158,60426,47530,1.3353403238356367,0.24795501022494887
1511,0.189,50,182,50,461634,143976,60476,47480,1.333654451813702,0.24799431723215778
1512,0.1891,39,146,39,461780,143830,60515,47441,1.332302048982919,0.2480302816422772
1513,0.1892,63,286,63,462066,143544,60578,47378,1.3296528215198784,0.24815369627387102
1514,0.1893,55,242,55,462308,143302,60633,47323,1.3274111675126903,0.24825180327868854
1515,0.1894,46,171,46,462479,143131,60679,47277,1.3258271888547186,0.24829313894374186
1516,0.1895,21,146,21,462625,142985,60700,47256,1.3244747860239356,0.24840071278010523
1517,0.1896,34,182,34,462807,142803,60734,47222,1.3227889140020008,0.24850414419155376
1518,0.1897,26,129,26,462936,142674,60760,47196,1.3215939827337064,0.2485700742613367
1519,0.1898,23,118,23,463054,142556,60783,47173,1.320500944829375,0.24863357736561095
1520,0.1899,26,97,26,463151,142459,60809,47147,1.3196024306198821,0.24865774289843148
1521,0.19,23,133,23,463284,142326,60832,47124,1.3183704472192375,0.24874109263657956
1522,0.1901,53,175,53,463459,142151,60885,47071,1.3167494164289155,0.24876071492743973
1523,0.1902,25,126,25,463585,142025,60910,47046,1.3155822742598837,0.24882716016734455
1524,0.1903,34,174,34,463759,141851,60944,47012,1.3139705065026492,0.24892117566701788
1525,0.1904,51,160,51,463919,141691,60995,46961,1.3124884212086405,0.24892924538303332
1526,0.1905,60,233,60,464152,141458,61055,46901,1.3103301344992404,0.24899792417670513
1527,0.1906,60,228,60,464380,141230,61115,46841,1.308218162955278,0.24906019535175544
1528,0.1907,59,207,59,464587,141023,61174,46782,1.3063007151061543,0.24909879928649398
1529,0.1908,56,163,56,464750,140860,61230,46726,1.304790840712883,0.24909108355634216
1530,0.1909,27,147,27,464897,140713,61257,46699,1.3034291748490126,0.2491782810065524
1531,0.191,21,129,21,465026,140584,61278,46678,1.3022342435807182,0.24926573463916865
1532,0.1911,60,299,60,465325,140285,61338,46618,1.2994645966875393,0.24942349775016986
1533,0.1912,34,138,34,465463,140147,61372,46584,1.298186298121457,0.2494711644022685
1534,0.1913,51,195,51,465658,139952,61423,46533,1.2963800066693838,0.24952677159020833
1535,0.1914,64,262,64,465920,139690,61487,46469,1.2939530920004447,0.24961994853861483
1536,0.1915,35,146,35,466066,139544,61522,46434,1.2926006891696618,0.24967469270558884
1537,0.1916,42,167,42,466233,139377,61564,46392,1.2910537626440401,0.24972950276956865
1538,0.1917,35,132,35,466365,139245,61599,46357,1.289831042276483,0.24976562752556547
1539,0.1918,36,154,36,466519,139091,61635,46321,1.2884045351809996,0.24982741138653378
1540,0.1919,48,181,48,466700,138910,61683,46273,1.2867279261921523,0.2498771485503529
1541,0.192,27,152,27,466852,138758,61710,46246,1.285319945162844,0.2499729735573285
1542,0.1921,28,139,28,466991,138619,61738,46218,1.284032383563674,0.2500473390068006
1543,0.1922,52,197,52,467188,138422,61790,46166,1.282207566045426,0.2501029319349037
1544,0.1923,24,105,24,467293,138317,61814,46142,1.2812349475712328,0.2501477293056994
1545,0.1924,51,153,51,467446,138164,61865,46091,1.279817703508837,0.25014789286586525
1546,0.1925,28,180,28,467626,137984,61893,46063,1.2781503575530773,0.25027846147994803
1547,0.1926,53,198,53,467824,137786,61946,46010,1.2763162770017416,0.25033188970380205
1548,0.1927,38,150,38,467974,137636,61984,45972,1.2749268220386083,0.25038124700448783
1549,0.1928,19,112,19,468086,137524,62003,45953,1.2738893623328023,0.2504564604827853
1550,0.1929,37,159,37,468245,137365,62040,45916,1.2724165400718812,0.25052242185496587
1551,0.193,43,240,43,468485,137125,62083,45873,1.2701934121308682,0.2506748707636149
1552,0.1931,20,128,20,468613,136997,62103,45853,1.2690077438956613,0.25076838939021057
1553,0.1932,45,153,45,468766,136844,62148,45808,1.2675904998332654,0.2507938593609706
1554,0.1933,54,228,54,468994,136616,62202,45754,1.265478528289303,0.2508855623183638
1555,0.1934,19,91,19,469085,136525,62221,45735,1.2646355922783357,0.2509327334576978
1556,0.1935,36,129,36,469214,136396,62257,45699,1.263440661010041,0.2509624097311843
1557,0.1936,28,110,28,469324,136286,62285,45671,1.2624217273704101,0.2509988623685816
1558,0.1937,36,162,36,469486,136124,62321,45635,1.2609211160102265,0.25107422466012685
1559,0.1938,31,57,31,469543,136067,62352,45604,1.2603931231242358,0.25102520490336927
1560,0.1939,41,160,41,469703,135907,62393,45563,1.258911037830227,0.2510773130544994
1561,0.194,36,165,36,469868,135742,62429,45527,1.2573826373707806,0.2511571200812053
1562,0.1941,25,126,25,469994,135616,62454,45502,1.2562154952017488,0.2512284808798684
1563,0.1942,27,108,27,470102,135508,62481,45475,1.255215087628293,0.2512666935568534
1564,0.1943,41,143,41,470245,135365,62522,45434,1.2538904738967727,0.25129563769711116
1565,0.1944,33,133,33,470378,135232,62555,45401,1.252658490496128,0.25134388511512296
1566,0.1945,30,149,30,470527,135083,62585,45371,1.2512782985660824,0.25142695645427643
1567,0.1946,33,146,33,470673,134937,62618,45338,1.2499258957352997,0.2514935515185134
1568,0.1947,31,121,31,470794,134816,62649,45307,1.2488050687317056,0.251533674211511
1569,0.1948,25,124,25,470918,134692,62674,45282,1.2476564526288487,0.25160300932356894
1570,0.1949,29,135,29,471053,134557,62703,45253,1.246405943162029,0.25167120849785884
1571,0.195,28,160,28,471213,134397,62731,45225,1.2449238578680204,0.25177873534422285
1572,0.1951,29,140,29,471353,134257,62760,45196,1.2436270332357626,0.2518542459585518
1573,0.1952,29,149,29,471502,134108,62789,45167,1.242246841305717,0.2519425463673128
1574,0.1953,34,118,34,471620,133990,62823,45133,1.2411538034013858,0.251966525795124
1575,0.1954,40,142,40,471762,133848,62863,45093,1.2398384527029531,0.2519992623266887
1576,0.1955,53,158,53,471920,133690,62916,45040,1.2383748934751195,0.25200022380126447
1577,0.1956,41,151,41,472071,133539,62957,44999,1.2369761754788988,0.2520415821841849
1578,0.1957,15,102,15,472173,133437,62972,44984,1.2360313461039683,0.25212278823681067
1579,0.1958,28,162,28,472335,133275,63000,44956,1.2345307347437846,0.25223445977411335
1580,0.1959,26,81,26,472416,133194,63026,44930,1.2337804290636927,0.2522400125755092
1581,0.196,30,188,30,472604,133006,63056,44900,1.2320389788432324,0.25238047058559016
1582,0.1961,44,151,44,472755,132855,63100,44856,1.2306402608470117,0.2524098114354204
1583,0.1962,26,84,26,472839,132771,63126,44830,1.2298621660676572,0.2524197498887957
1584,0.1963,23,111,23,472950,132660,63149,44807,1.2288339693949386,0.2524807428986798
1585,0.1964,29,146,29,473096,132514,63178,44778,1.2274815665641559,0.25256638765426526
1586,0.1965,42,129,42,473225,132385,63220,44736,1.2262866352958612,0.2525730997453718
1587,0.1966,28,152,28,473377,132233,63248,44708,1.224878654266553,0.2526717945529866
1588,0.1967,25,149,25,473526,132084,63273,44683,1.2234984623365075,0.25277908206848565
1589,0.1968,31,119,31,473645,131965,63304,44652,1.2223961613990886,0.2528182451292911
1590,0.1969,20,97,20,473742,131868,63324,44632,1.2214976471895957,0.2528725212464589
1591,0.197,45,209,45,473951,131659,63369,44587,1.2195616732742969,0.25298162795184004
1592,0.1971,36,121,36,474072,131538,63405,44551,1.2184408462707028,0.2530027429311314
1593,0.1972,26,108,26,474180,131430,63431,44525,1.217440438697247,0.25304765422977465
1594,0.1973,41,182,41,474362,131248,63472,44484,1.2157545666753122,0.25313545626294587
1595,0.1974,37,142,37,474504,131106,63509,44447,1.2144392159768795,0.25318279949644834
1596,0.1975,20,115,20,474619,130991,63529,44427,1.2133739671718107,0.25326363315053185
1597,0.1976,40,177,40,474796,130814,63569,44387,1.2117344103153136,0.2533490105650082
1598,0.1977,17,98,17,474894,130716,63586,44370,1.2108266330727333,0.253418320139817
1599,0.1978,46,242,46,475136,130474,63632,44324,1.2085849790655452,0.2535726953397636
1600,0.1979,28,147,28,475283,130327,63660,44296,1.2072233132016748,0.25366647005262766
1601,0.198,33,109,33,475392,130218,63693,44263,1.2062136425951313,0.2536837821883185
1602,0.1981,21,108,21,475500,130110,63714,44242,1.2052132350216755,0.25375103239423696
1603,0.1982,23,139,23,475639,129971,63737,44219,1.2039256734225054,0.2538549859348987
1604,0.1983,38,192,38,475831,129779,63775,44181,1.2021471710696952,0.25397217751207174
1605,0.1984,13,94,13,475925,129685,63788,44168,1.201276445959465,0.2540537120440832
1606,0.1985,27,154,27,476079,129531,63815,44141,1.1998499388639816,0.25416301994564466
1607,0.1986,31,141,31,476220,129390,63846,44110,1.1985438511986364,0.2542363112391931
1608,0.1987,32,147,32,476367,129243,63878,44078,1.197182185334766,0.2543142492831221
1609,0.1988,34,129,34,476496,129114,63912,44044,1.1959872540664716,0.2543572921840169
1610,0.1989,22,75,22,476571,129039,63934,44022,1.195292526584905,0.25437273562501084
1611,0.199,30,147,30,476718,128892,63964,43992,1.1939308607210346,0.25445963767612967
1612,0.1991,49,245,49,476963,128647,64013,43943,1.1916614176145837,0.2546091894084246
1613,0.1992,37,174,37,477137,128473,64050,43906,1.1900496498573494,0.2547061997111017
1614,0.1993,46,185,46,477322,128288,64096,43860,1.1883359887361518,0.2547807700350861
1615,0.1994,28,109,28,477431,128179,64124,43832,1.1873263181296083,0.2548209126160536
1616,0.1995,58,202,58,477633,127977,64182,43774,1.1854551854459223,0.2548689672840333
1617,0.1996,27,144,27,477777,127833,64209,43747,1.1841213086813147,0.25496561370789134
1618,0.1997,24,121,24,477898,127712,64233,43723,1.1830004816777206,0.2550412692857351
1619,0.1998,39,167,39,478065,127545,64272,43684,1.181453555152099,0.2551203359244053
1620,0.1999,36,149,36,478214,127396,64308,43648,1.1800733632220535,0.2551858001449919
1621,0.2,29,103,29,478317,127293,64337,43619,1.1791192708140354,0.25521320913686574
1622,0.2001,42,154,42,478471,127139,64379,43577,1.177692763718552,0.2552601982239509
1623,0.2002,43,156,43,478627,126983,64422,43534,1.1762477305568935,0.2553059225766346
1624,0.2003,36,145,36,478772,126838,64458,43498,1.1749045907591982,0.2553658651136577
1625,0.2004,33,133,33,478905,126705,64491,43465,1.1736726073585535,0.2554210495386966
1626,0.2005,70,282,70,479187,126423,64561,43395,1.1710604320278633,0.2555382821609017
1627,0.2006,19,81,19,479268,126342,64580,43376,1.1703101263477713,0.2555768981486937
1628,0.2007,40,156,40,479424,126186,64620,43336,1.1688650931861129,0.25563643656870494
1629,0.2008,27,120,27,479544,126066,64647,43309,1.1677535292156063,0.2556988929889299
1630,0.2009,21,99,21,479643,125967,64668,43288,1.1668364889399385,0.2557561076482231
1631,0.201,24,114,24,479757,125853,64692,43264,1.1657805031679573,0.25582289184410795
1632,0.2011,34,171,34,479928,125682,64726,43230,1.1641965245099855,0.25593208297811876
1633,0.2012,39,124,39,480052,125558,64765,43191,1.1630479084071288,0.2559481833966423
1634,0.2013,23,100,23,480152,125458,64788,43168,1.1621216050983734,0.2559984818474019
1635,0.2014,57,203,57,480355,125255,64845,43111,1.1602412093816,0.25605526056329664
1636,0.2015,41,148,41,480503,125107,64886,43070,1.1588702804846418,0.25609922878871666
1637,0.2016,38,154,38,480657,124953,64924,43032,1.1574437733891585,0.2561657290829538
1638,0.2017,36,130,36,480787,124823,64960,42996,1.1562395790877764,0.2562046013860171
1639,0.2018,51,181,51,480968,124642,65011,42945,1.1545629700989293,0.2562549601102711
1640,0.2019,21,105,21,481073,124537,65032,42924,1.153590351624736,0.25632236759603727
1641,0.202,30,95,30,481168,124442,65062,42894,1.1527103634814184,0.25633456040541186
1642,0.2021,30,127,30,481295,124315,65092,42864,1.151533958279299,0.25639583919032893
1643,0.2022,22,110,22,481405,124205,65114,42842,1.150515024639668,0.2564667428927188
1644,0.2023,30,88,30,481493,124117,65144,42812,1.1496998777279632,0.25646831886610477
1645,0.2024,37,93,37,481586,124024,65181,42775,1.1488384156508207,0.256446381573031
1646,0.2025,32,104,32,481690,123920,65213,42743,1.147875060209715,0.2564636422001284
1647,0.2026,41,152,41,481842,123768,65254,42702,1.1464670791804068,0.25651468733105065
1648,0.2027,49,208,49,482050,123560,65303,42653,1.1445403682981956,0.2566165101406027
1649,0.2028,29,146,29,482196,123414,65332,42624,1.1431879654674126,0.25671231886676543
1650,0.2029,31,126,31,482322,123288,65363,42593,1.1420208232983808,0.2567684062671433
1651,0.203,47,177,47,482499,123111,65410,42546,1.1403812664418838,0.2568318875749289
1652,0.2031,34,85,34,482584,123026,65444,42512,1.1395939086294415,0.25681112493808067
1653,0.2032,41,132,41,482716,122894,65485,42471,1.1383711882618845,0.2568318568016207
1654,0.2033,42,179,42,482895,122715,65527,42429,1.1367131053392123,0.25692123237901465
1655,0.2034,50,223,50,483118,122492,65577,42379,1.1346474489606877,0.25704338543467314
1656,0.2035,22,113,22,483231,122379,65599,42357,1.133600726221794,0.2571204836829837
1657,0.2036,55,135,55,483366,122244,65654,42302,1.1323502167549742,0.25708312569129604
1658,0.2037,55,156,55,483522,122088,65709,42247,1.1309051835933157,0.2570785286153284
1659,0.2038,35,137,35,483659,121951,65744,42212,1.129636148060321,0.257134677119692
1660,0.2039,34,141,34,483800,121810,65778,42178,1.1283300603949757,0.25720174646925387
1661,0.204,36,177,36,483977,121633,65814,42142,1.1266905035384787,0.2573164402381316
1662,0.2041,39,172,39,484149,121461,65853,42103,1.1250972618474193,0.25740994350835145
1663,0.2042,24,84,24,484233,121377,65877,42079,1.1243191670680648,0.25743319303054035
1664,0.2043,25,145,25,484378,121232,65902,42054,1.1229760272703695,0.2575481057775927
1665,0.2044,34,138,34,484516,121094,65936,42020,1.1216977287042869,0.2576112412177986
1666,0.2045,41,169,41,484685,120925,65977,41979,1.1201322761124903,0.25769164661395666
1667,0.2046,19,83,19,484768,120842,65996,41960,1.1193634443662233,0.2577363914448225
1668,0.2047,41,156,41,484924,120686,66037,41919,1.1179184112045648,0.25779650072261
1669,0.2048,15,77,15,485001,120609,66052,41904,1.1172051576568232,0.2578501412194717
1670,0.2049,45,208,45,485209,120401,66097,41859,1.115278446774612,0.25797485517071367
1671,0.205,28,109,28,485318,120292,66125,41831,1.1142687761680685,0.2580201451983987
1672,0.2051,40,152,40,485470,120140,66165,41791,1.1128607951387601,0.25807905836436507
1673,0.2052,43,197,43,485667,119943,66208,41748,1.111035977620512,0.2581961890272186
1674,0.2053,24,119,24,485786,119824,66232,41724,1.1099336766830932,0.25827617797806224
1675,0.2054,41,133,41,485919,119691,66273,41683,1.1087016932824485,0.25830059365201335
1676,0.2055,42,161,42,486080,119530,66315,41641,1.107210344955352,0.2583653386775537
1677,0.2056,43,144,43,486224,119386,66358,41598,1.1058764681907445,0.2583983501465984
1678,0.2057,49,150,49,486374,119236,66407,41549,1.1044870132276112,0.25841340921105826
1679,0.2058,29,148,29,486522,119088,66436,41520,1.1031160843306533,0.25851763299462044
1680,0.2059,36,125,36,486647,118963,66472,41484,1.101958205194709,0.2585526684824272
1681,0.206,30,104,30,486751,118859,66502,41454,1.1009948497536033,0.25858164964787633
1682,0.2061,59,176,59,486927,118683,66561,41395,1.0993645559301939,0.25859268606554303
1683,0.2062,46,177,46,487104,118506,66607,41349,1.0977249990736966,0.25866566575959465
1684,0.2063,48,220,48,487324,118286,66655,41301,1.0956871317944348,0.2587992756302205
1685,0.2064,44,178,44,487502,118108,66699,41257,1.09403831190485,0.25888369466319455
1686,0.2065,64,296,64,487798,117812,66763,41193,1.091296454110934,0.2590673249268891
1687,0.2066,39,142,39,487940,117670,66802,41154,1.0899811034125013,0.259117010023674
1688,0.2067,64,172,64,488112,117498,66866,41090,1.088387861721442,0.25909904910838144
1689,0.2068,32,126,32,488238,117372,66898,41058,1.0872207195524102,0.25915546298049613
1690,0.2069,43,140,43,488378,117232,66941,41015,1.0859238949201526,0.2591834284378219
1691,0.207,46,201,46,488579,117031,66987,40969,1.0840620252695543,0.2592974683544304
1692,0.2071,24,72,24,488651,116959,67011,40945,1.0833950868872504,0.2593031208835748
1693,0.2072,42,152,42,488803,116807,67053,40903,1.0819871058579422,0.25935577959546
1694,0.2073,46,154,46,488957,116653,67099,40857,1.0805605987624587,0.2593930544092439
1695,0.2074,55,204,55,489161,116449,67154,40802,1.0786709400125978,0.2594705280093608
1696,0.2075,38,148,38,489309,116301,67192,40764,1.0773000111156397,0.2595358609492885
1697,0.2076,37,162,37,489471,116139,67229,40727,1.075799399755456,0.25962923769331786
1698,0.2077,27,108,27,489579,116031,67256,40700,1.074798992182,0.25968059924328946
1699,0.2078,57,141,57,489720,115890,67313,40643,1.073492904516655,0.25964493110079023
1700,0.2079,53,174,53,489894,115716,67366,40590,1.0718811367594205,0.25968292963801776
1701,0.208,54,195,54,490089,115521,67420,40536,1.0700748453073474,0.2597512447374998
1702,0.2081,42,136,42,490225,115385,67462,40494,1.0688150728074401,0.25977841787540334
1703,0.2082,26,78,26,490303,115307,67488,40468,1.0680925562266108,0.2597849462365591
1704,0.2083,47,166,47,490469,115141,67535,40421,1.0665548927340769,0.2598385209755596
1705,0.2084,60,147,60,490616,114994,67595,40361,1.0651932268702065,0.25979852595667985
1706,0.2085,43,151,43,490767,114843,67638,40318,1.0637945088739857,0.25984622424449444
1707,0.2086,33,140,33,490907,114703,67671,40285,1.0624976842417282,0.2599233489044313
1708,0.2087,56,225,56,491132,114478,67727,40229,1.0604135017970284,0.260033482647844
1709,0.2088,69,223,69,491355,114255,67796,40160,1.0583478454185038,0.2600783602629278
1710,0.2089,46,210,46,491565,114045,67842,40114,1.0564026084701175,0.26021185918434864
1711,0.209,45,203,45,491768,113842,67887,40069,1.054522212753344,0.2603387672096211
1712,0.2091,45,161,45,491929,113681,67932,40024,1.0530308644262478,0.2603949123320647
1713,0.2092,44,119,44,492048,113562,67976,39980,1.0519285634888287,0.2603847807114666
1714,0.2093,40,141,40,492189,113421,68016,39940,1.0506224758234837,0.26043127000997646
1715,0.2094,35,101,35,492290,113320,68051,39905,1.0496869094816406,0.26043400228422253
1716,0.2095,27,148,27,492438,113172,68078,39878,1.0483159805846827,0.26055537406076446
1717,0.2096,48,147,48,492585,113025,68126,39830,1.0469543147208122,0.2605737463609303
1718,0.2097,50,156,50,492741,112869,68176,39780,1.0455092815591538,0.26059784210836623
1719,0.2098,35,156,35,492897,112713,68211,39745,1.0440642483974953,0.2606947487176796
1720,0.2099,38,147,38,493044,112566,68249,39707,1.042702582533625,0.26076192102342505
1721,0.21,45,202,45,493246,112364,68294,39662,1.040831449849939,0.26088958467630535
1722,0.2101,74,210,74,493456,112154,68368,39588,1.0388862129015526,0.26089019519974693
1723,0.2102,56,165,56,493621,111989,68424,39532,1.0373578124421061,0.26090112921641223
1724,0.2103,57,229,57,493850,111760,68481,39475,1.035236577865056,0.2610176215823057
1725,0.2104,53,170,53,494020,111590,68534,39422,1.0336618622401719,0.26105210181972294
1726,0.2105,31,79,31,494099,111511,68565,39391,1.032930082626255,0.26103696438748325
1727,0.2106,44,165,44,494264,111346,68609,39347,1.0314016821668086,0.2611070189059877
1728,0.2107,33,144,33,494408,111202,68642,39314,1.030067805402201,0.2611948231417258
1729,0.2108,31,122,31,494530,111080,68673,39283,1.0289377153655193,0.2612544309437827
1730,0.2109,54,200,54,494730,110880,68727,39229,1.0270851087480084,0.26133676195298083
1731,0.211,42,137,42,494867,110743,68769,39187,1.0258160732150134,0.2613686386980591
1732,0.2111,72,217,72,495084,110526,68841,39115,1.0238059950350142,0.2613922654887364
1733,0.2112,36,119,36,495203,110407,68877,39079,1.0227036940975953,0.26142247434542365
1734,0.2113,31,105,31,495308,110302,68908,39048,1.0217310756234022,0.26145296283896885
1735,0.2114,51,156,51,495464,110146,68959,38997,1.0202860424617437,0.26147388747711925
1736,0.2115,28,107,28,495571,110039,68987,38969,1.0192948979213754,0.2615228712552346
1737,0.2116,48,180,48,495751,109859,69035,38921,1.0176275519656157,0.2616010216426939
1738,0.2117,27,113,27,495864,109746,69062,38894,1.016580829226722,0.26166576964477933
1739,0.2118,35,168,35,496032,109578,69097,38859,1.015024639668013,0.26178782918005616
1740,0.2119,34,108,34,496140,109470,69131,38825,1.014024232094557,0.2618092315991773
1741,0.212,42,198,42,496338,109272,69173,38783,1.0121901515432212,0.2619499510317112
1742,0.2121,52,190,52,496528,109082,69225,38731,1.010430175256586,0.26202702062741434
1743,0.2122,34,117,34,496645,108965,69259,38697,1.009346400385342,0.2620647153634652
1744,0.2123,58,192,58,496837,108773,69317,38639,1.0075678980325318,0.26211570292784847
1745,0.2124,25,113,25,496950,108660,69342,38614,1.006521175293638,0.2621915613074949
1746,0.2125,49,203,49,497153,108457,69391,38565,1.0046407795768646,0.26230768184353365
1747,0.2126,45,100,45,497253,108357,69436,38520,1.0037144762681092,0.2622602585837129
1748,0.2127,76,243,76,497496,108114,69512,38444,1.0014635592278336,0.26231253155747214
1749,0.2128,70,221,70,497717,107893,69582,38374,0.9994164289154841,0.2623558287241825
1750,0.2129,62,179,62,497896,107714,69644,38312,0.9977583459928119,0.26236423650582774
1751,0.213,37,163,37,498059,107551,69681,38275,0.9962484715995406,0.26247034136573727
1752,0.2131,51,173,51,498232,107378,69732,38224,0.9946459668753936,0.26252386643040615
1753,0.2132,45,127,45,498359,107251,69777,38179,0.9934695616732743,0.2625249260812762
1754,0.2133,45,147,45,498506,107104,69822,38134,0.9921078958094038,0.26256213938500944
1755,0.2134,61,206,61,498712,106898,69883,38073,0.9901997109933677,0.26262493878085963
1756,0.2135,38,103,38,498815,106795,69921,38035,0.9892456185853495,0.26261824207691775
1757,0.2136,47,138,47,498953,106657,69968,37988,0.9879673200192671,0.26262919561685505
1758,0.2137,55,171,55,499124,106486,70023,37933,0.9863833413612954,0.2626593453769933
1759,0.2138,29,162,29,499286,106324,70052,37904,0.9848827300011116,0.2628061125440275
1760,0.2139,74,284,74,499570,106040,70126,37830,0.9822520286042462,0.2629457148814902
1761,0.214,29,155,29,499725,105885,70155,37801,0.9808162584756753,0.26308060632211905
1762,0.2141,41,169,41,499894,105716,70196,37760,0.9792508058838786,0.26317990465304303
1763,0.2142,36,144,36,500038,105572,70232,37724,0.9779169291192709,0.2632592675301474
1764,0.2143,44,133,44,500171,105439,70276,37680,0.9766849457186261,0.2632774125028822
1765,0.2144,21,74,21,500245,105365,70297,37659,0.9759994812701471,0.2633054592236268
1766,0.2145,56,163,56,500408,105202,70353,37603,0.9744896068768758,0.2633171107454221
1767,0.2146,64,225,64,500633,104977,70417,37539,0.972405424432176,0.26340200398551744
1768,0.2147,29,136,29,500769,104841,70446,37510,0.9711456519322686,0.2635035932308168
1769,0.2148,44,125,44,500894,104716,70490,37466,0.9699877727963244,0.2635073356683687
1770,0.2149,40,166,40,501060,104550,70530,37426,0.9684501093037904,0.2636079337352792
1771,0.215,28,182,28,501242,104368,70558,37398,0.9667642372818556,0.2638009113609751
1772,0.2151,60,165,60,501407,104203,70618,37338,0.9652358368224091,0.263796355826227
1773,0.2152,23,105,23,501512,104098,70641,37315,0.9642632183482159,0.2638724869707877
1774,0.2153,47,157,47,501669,103941,70688,37268,0.9628089221534699,0.2639208549030161
1775,0.2154,46,169,46,501838,103772,70734,37222,0.9612434695616733,0.2639970495198377
1776,0.2155,59,226,59,502064,103546,70793,37163,0.959150024083886,0.264112459046685
1777,0.2156,58,193,58,502257,103353,70851,37105,0.9573622586979881,0.2641714961055974
1778,0.2157,36,134,36,502391,103219,70887,37069,0.9561210122642558,0.2642350022810219
1779,0.2158,29,117,29,502508,103102,70916,37040,0.9550372373930119,0.2643033494598336
1780,0.2159,35,154,35,502662,102948,70951,37005,0.9536107302975286,0.2644101948511286
1781,0.216,50,174,50,502836,102774,71001,36955,0.9519989625402941,0.2644762361428193
1782,0.2161,42,132,42,502968,102642,71043,36913,0.950776242172737,0.26450503385761887
1783,0.2162,70,188,70,503156,102454,71113,36843,0.9490347919522768,0.26449241548633495
1784,0.2163,21,123,21,503279,102331,71134,36822,0.9478954388825077,0.2646152077209977
1785,0.2164,55,194,55,503473,102137,71189,36767,0.9460984104635222,0.26469360133617464
1786,0.2165,34,128,34,503601,102009,71223,36733,0.9449127422283152,0.26475760764584627
1787,0.2166,40,240,40,503841,101769,71263,36693,0.9426896142873022,0.2650041166529445
1788,0.2167,52,132,52,503973,101637,71315,36641,0.941466893919745,0.2649806910716094
1789,0.2168,26,101,26,504074,101536,71341,36615,0.9405313275779021,0.26503608370551063
1790,0.2169,47,140,47,504214,101396,71388,36568,0.9392345029456445,0.2650546519381868
1791,0.217,65,229,65,504443,101167,71453,36503,0.9371132683685947,0.2651485436187986
1792,0.2171,45,99,45,504542,101068,71498,36458,0.9361962280929268,0.2650989631051583
1793,0.2172,40,178,40,504720,100890,71538,36418,0.9345474082033421,0.2652285373029976
1794,0.2173,46,117,46,504837,100773,71584,36372,0.9334636333320983,0.2652083561194356
1795,0.2174,48,143,48,504980,100630,71632,36324,0.932139019600578,0.2652277407012574
1796,0.2175,44,166,44,505146,100464,71676,36280,0.9306013561080441,0.26531328614052535
1797,0.2176,36,115,36,505261,100349,71712,36244,0.9295361073029753,0.2653430263629908
1798,0.2177,54,207,54,505468,100142,71766,36190,0.9276186594538516,0.2654549188745122
1799,0.2178,48,160,48,505628,99982,71814,36142,0.9261365741598429,0.2655079192500955
1800,0.2179,69,204,69,505832,99778,71883,36073,0.9242469154099818,0.2655335625059808
1801,0.218,65,255,65,506087,99523,71948,36008,0.9218848419726555,0.265680914329563
1802,0.2181,54,169,54,506256,99354,72002,35954,0.9203193893808589,0.2657196913707985
1803,0.2182,35,172,35,506428,99182,72037,35919,0.9187261476897995,0.2658677581957202
1804,0.2183,63,229,63,506657,98953,72100,35856,0.9166049131127496,0.2659763072198444
1805,0.2184,37,140,37,506797,98813,72137,35819,0.915308088480492,0.2660511616851863
1806,0.2185,43,158,43,506955,98655,72180,35776,0.9138445292526585,0.2661290922480678
1807,0.2186,50,140,50,507095,98515,72230,35726,0.9125477046204009,0.2661332975767463
1808,0.2187,46,190,46,507285,98325,72276,35680,0.9107877283337656,0.2662587216894892
1809,0.2188,56,186,56,507471,98139,72332,35624,0.9090648041794805,0.2663217780701689
1810,0.2189,56,212,56,507683,97927,72388,35568,0.9071010411649191,0.26643694520394023
1811,0.219,38,137,38,507820,97790,72426,35530,0.9058320056319241,0.2665016501650165
1812,0.2191,63,240,63,508060,97550,72489,35467,0.9036088776909111,0.2666350917551892
1813,0.2192,53,172,53,508232,97378,72542,35414,0.9020156359998518,0.2666877522742334
1814,0.2193,60,232,60,508464,97146,72602,35354,0.8998666123235393,0.26682264150943397
1815,0.2194,58,207,58,508671,96939,72660,35296,0.8979491644744155,0.2669187431466707
1816,0.2195,48,155,48,508826,96784,72708,35248,0.8965133943458446,0.26696558410082405
1817,0.2196,34,163,34,508989,96621,72742,35214,0.8950035199525733,0.2671066105358971
1818,0.2197,66,199,66,509188,96422,72808,35148,0.89316017636815,0.26714296572166907
1819,0.2198,43,113,43,509301,96309,72851,35105,0.8921134536292563,0.2671328777755795
1820,0.2199,64,228,64,509529,96081,72915,35041,0.8900014820852941,0.267239669925718
1821,0.22,36,154,36,509683,95927,72951,35005,0.8885749749898106,0.2673525188647542
1822,0.2201,50,128,50,509811,95799,73001,34955,0.8873893067546037,0.26733407773375956
1823,0.2202,57,189,57,510000,95610,73058,34898,0.885638593501056,0.2674012321083765
1824,0.2203,44,156,44,510156,95454,73102,34854,0.8841935603393976,0.26747398471314116
1825,0.2204,57,174,57,510330,95280,73159,34797,0.8825817925821631,0.2675107820752324
1826,0.2205,39,121,39,510451,95159,73198,34758,0.881460965578569,0.26754004479783244
1827,0.2206,44,118,44,510569,95041,73242,34714,0.8803679276742377,0.26753496975068397
1828,0.2207,68,208,68,510777,94833,73310,34646,0.8784412167920264,0.2675800708995281
1829,0.2208,51,150,51,510927,94683,73361,34595,0.8770517618288932,0.2676016027475673
1830,0.2209,48,164,48,511091,94519,73409,34547,0.8755326244025343,0.2676692544899509
1831,0.221,46,169,46,511260,94350,73455,34501,0.8739671718107377,0.26775888429271016
1832,0.2211,48,158,48,511418,94192,73503,34453,0.8725036125829041,0.2678145283532201
1833,0.2212,53,171,53,511589,94021,73556,34400,0.8709196339249324,0.26786896224137796
1834,0.2213,55,213,55,511802,93808,73611,34345,0.8689466078772833,0.2679999687873089
1835,0.2214,41,111,41,511913,93697,73652,34304,0.8679184112045648,0.2679979062663573
1836,0.2215,76,284,76,512197,93413,73728,34228,0.8652877098076994,0.26815835037331265
1837,0.2216,64,240,64,512437,93173,73792,34164,0.8630645818666864,0.26829593912217187
1838,0.2217,42,130,42,512567,93043,73834,34122,0.8618603875653044,0.2683285495222742
1839,0.2218,35,120,35,512687,92923,73869,34087,0.8607488235947979,0.2683804424848437
1840,0.2219,59,213,59,512900,92710,73928,34028,0.8587757975471488,0.26849090249175467
1841,0.222,52,181,52,513081,92529,73980,33976,0.8570991885583016,0.2685743646496186
1842,0.2221,44,175,44,513256,92354,74024,33932,0.8554781577679795,0.26869169979253443
1843,0.2222,42,128,42,513384,92226,74066,33890,0.8542924895327726,0.2687208601604872
1844,0.2223,45,174,45,513558,92052,74111,33845,0.8526807217755382,0.2688308696791822
1845,0.2224,25,122,25,513680,91930,74136,33820,0.8515506317388566,0.26894632206759445
1846,0.2225,57,212,57,513892,91718,74193,33763,0.8495868687242951,0.26906862393509773
1847,0.2226,46,191,46,514083,91527,74239,33717,0.8478176294045723,0.2692105011018492
1848,0.2227,40,160,40,514243,91367,74279,33677,0.8463355441105636,0.26932119893797385
1849,0.2228,44,184,44,514427,91183,74323,33633,0.8446311460224536,0.26946064607101655
1850,0.2229,46,152,46,514579,91031,74369,33587,0.8432231649931453,0.2695196520566852
1851,0.223,65,214,65,514793,90817,74434,33522,0.8412408759124088,0.26960165354394033
1852,0.2231,52,209,52,515002,90608,74486,33470,0.8393049019971099,0.2697496735924177
1853,0.2232,62,204,62,515206,90404,74548,33408,0.8374152432472489,0.26982844958485447
1854,0.2233,49,165,49,515371,90239,74597,33359,0.8358868427878025,0.26989918930727036
1855,0.2234,47,119,47,515490,90120,74644,33312,0.8347845418503835,0.26988139218355045
1856,0.2235,29,114,29,515604,90006,74673,33283,0.8337285560784023,0.26995920155082775
1857,0.2236,51,183,51,515787,89823,74724,33232,0.8320334210233798,0.27005810409979275
1858,0.2237,31,133,31,515920,89690,74755,33201,0.8308014376227352,0.2701662448836774
1859,0.2238,49,219,49,516139,89471,74804,33152,0.8287728333765608,0.2703571108193406
1860,0.2239,42,122,42,516261,89349,74846,33110,0.8276427433398792,0.27037620754701575
1861,0.224,45,175,45,516436,89174,74891,33065,0.8260217125495573,0.27049468663847054
1862,0.2241,32,116,32,516552,89058,74923,33033,0.8249472007114009,0.2705604835737278
1863,0.2242,40,123,40,516675,88935,74963,32993,0.8238078476416317,0.2705941211206614
1864,0.2243,67,207,67,516882,88728,75030,32926,0.8218903997925081,0.2706528350896806
1865,0.2244,50,159,50,517041,88569,75080,32876,0.820417577531587,0.27070690435999833
1866,0.2245,54,154,54,517195,88415,75134,32822,0.8189910704361036,0.2707259335021487
1867,0.2246,48,171,48,517366,88244,75182,32774,0.8174070917781319,0.27081921697598704
1868,0.2247,38,130,38,517496,88114,75220,32736,0.8162028974767498,0.2708812577575507
1869,0.2248,61,191,61,517687,87923,75281,32675,0.814433658157027,0.27094147498300136
1870,0.2249,45,190,45,517877,87733,75326,32630,0.8126736818703917,0.2710965994533204
1871,0.225,44,160,44,518037,87573,75370,32586,0.811191596576383,0.27119067235912414
1872,0.2251,36,126,36,518163,87447,75406,32550,0.8100244544073512,0.27125678141953546
1873,0.2252,63,194,63,518357,87253,75469,32487,0.8082274259883656,0.2713128444964089
1874,0.2253,89,266,89,518623,86987,75558,32398,0.8057634591870763,0.2713741257276877
1875,0.2254,56,205,56,518828,86782,75614,32342,0.8038645374041276,0.2714986064940734
1876,0.2255,58,279,58,519107,86503,75672,32284,0.8012801511727,0.2717805820502244
1877,0.2256,72,206,72,519313,86297,75744,32212,0.7993719663566639,0.27181057978718914
1878,0.2257,66,246,66,519559,86051,75810,32146,0.7970932602171255,0.27196967774139785
1879,0.2258,62,257,62,519816,85794,75872,32084,0.7947126607136241,0.2721797112268617
1880,0.2259,66,165,66,519981,85629,75938,32018,0.7931842602541777,0.27215313607656805
1881,0.226,52,146,52,520127,85483,75990,31966,0.7918318574233947,0.272169196842885
1882,0.2261,43,195,43,520322,85288,76033,31923,0.7900255659713217,0.2723549837472592
1883,0.2262,53,126,53,520448,85162,76086,31870,0.7888584238022899,0.27231868206986126
1884,0.2263,41,148,41,520596,85014,76127,31829,0.7874874949053318,0.27240827435105225
1885,0.2264,51,143,51,520739,84871,76178,31778,0.7861628811738115,0.27242410993664756
1886,0.2265,55,158,55,520897,84713,76233,31723,0.784699321945978,0.27245010134322717
1887,0.2266,45,139,45,521036,84574,76278,31678,0.7834117603468079,0.27249423665829403
1888,0.2267,90,279,90,521315,84295,76368,31588,0.7808273741153804,0.27258527998067017
1889,0.2268,54,144,54,521459,84151,76422,31534,0.7794934973507726,0.27258503695379693
1890,0.2269,59,219,59,521678,83932,76481,31475,0.7774648931045982,0.2727304236311489
1891,0.227,76,211,76,521889,83721,76557,31399,0.7755103931231242,0.27275017373175814
1892,0.2271,59,188,59,522077,83533,76616,31340,0.7737689429026641,0.2728230306512409
1893,0.2272,44,141,44,522218,83392,76660,31296,0.772462855237319,0.2728794642857143
1894,0.2273,69,222,69,522440,83170,76729,31227,0.7704064618918819,0.27297044502915285
1895,0.2274,36,109,36,522549,83061,76765,31191,0.7693967912853384,0.2730017855267304
1896,0.2275,74,204,74,522753,82857,76839,31117,0.7675071325354774,0.2730184077070209
1897,0.2276,40,131,40,522884,82726,76879,31077,0.7662936752010078,0.2730771596530847
1898,0.2277,72,168,72,523052,82558,76951,31005,0.7647374856422987,0.2730202618810704
1899,0.2278,48,133,48,523185,82425,76999,30957,0.763505502241654,0.27303275652219927
1900,0.2279,73,177,73,523362,82248,77072,30884,0.761865945385157,0.27299084255559875
1901,0.228,64,213,64,523575,82035,77136,30820,0.7598929193375079,0.27309379292011876
1902,0.2281,48,159,48,523734,81876,77184,30772,0.7584200970765868,0.2731695192102834
1903,0.2282,35,111,35,523845,81765,77219,30737,0.7573919004038683,0.2732129206591883
1904,0.2283,34,123,34,523968,81642,77253,30703,0.7562525473340991,0.2732920913258267
1905,0.2284,64,259,64,524227,81383,77317,30639,0.7538534217644225,0.2735087750620414
1906,0.2285,32,136,32,524363,81247,77349,30607,0.7525936492645152,0.2736334865091995
1907,0.2286,56,218,56,524581,81029,77405,30551,0.7505743080514283,0.27380354902312243
1908,0.2287,35,132,35,524713,80897,77440,30516,0.7493515876838712,0.2738998142048055
1909,0.2288,53,145,53,524858,80752,77493,30463,0.7480084478861758,0.2739108933147507
1910,0.2289,42,145,42,525003,80607,77535,30421,0.7466653080884805,0.2739939474727096
1911,0.229,41,157,41,525160,80450,77576,30380,0.7452110118937345,0.2741135071731481
1912,0.2291,22,78,22,525238,80372,77598,30358,0.7444884953129053,0.2741623769529486
1913,0.2292,58,202,58,525440,80170,77656,30300,0.7426173626292193,0.27428261066352855
1914,0.2293,35,121,35,525561,80049,77691,30265,0.7414965356256252,0.27435320992802364
1915,0.2294,46,166,46,525727,79883,77737,30219,0.7399588721330913,0.274463679133894
1916,0.2295,51,191,51,525918,79692,77788,30168,0.7381896328133684,0.274604041507373
1917,0.2296,60,185,60,526103,79507,77848,30108,0.7364759716921709,0.27467043744013137
1918,0.2297,67,193,67,526296,79314,77915,30041,0.734688206306273,0.27471080426135064
1919,0.2298,39,142,39,526438,79172,77954,30002,0.7333728556078403,0.2748090204627475
1920,0.2299,44,102,44,526540,79070,77998,29958,0.7324280262329097,0.27477345269105186
1921,0.23,51,128,51,526668,78942,78049,29907,0.7312423579977028,0.2747567731444478
1922,0.2301,69,249,69,526917,78693,78118,29838,0.7289358627589018,0.27492605799264724
1923,0.2302,48,112,48,527029,78581,78166,29790,0.7278984030530957,0.274889038580432
1924,0.2303,56,164,56,527193,78417,78222,29734,0.7263792656267368,0.27493042135532725
1925,0.2304,89,194,89,527387,78223,78311,29645,0.7245822372077513,0.2748266399673675
1926,0.2305,63,182,63,527569,78041,78374,29582,0.7228963651858165,0.2748668964812354
1927,0.2306,43,155,43,527724,77886,78417,29539,0.7214605950572456,0.27497323714219224
1928,0.2307,39,126,39,527850,77760,78456,29500,0.7202934528882137,0.2750326309901175
1929,0.2308,27,104,27,527954,77656,78483,29473,0.7193300974471081,0.2751169151210223
1930,0.2309,42,185,42,528139,77471,78525,29431,0.7176164363259105,0.27530822622588913
1931,0.231,73,195,73,528334,77276,78598,29358,0.7158101448738375,0.2753155653919013
1932,0.2311,60,172,60,528506,77104,78658,29298,0.7142169031827782,0.2753519670682882
1933,0.2312,47,169,47,528675,76935,78705,29251,0.7126514505909816,0.27546945925074867
1934,0.2313,46,158,46,528833,76777,78751,29205,0.711187891363148,0.27556566209356304
1935,0.2314,55,116,55,528949,76661,78806,29150,0.7101133795249917,0.27549120601827787
1936,0.2315,78,253,78,529202,76408,78884,29072,0.7077698321538405,0.27561623056503604
1937,0.2316,39,106,39,529308,76302,78923,29033,0.7067879506465597,0.2756253856742773
1938,0.2317,41,126,41,529434,76176,78964,28992,0.7056208084775278,0.2756732085805568
1939,0.2318,44,130,44,529564,76046,79008,28948,0.7044166141761459,0.2757109930091243
1940,0.2319,41,132,41,529696,75914,79049,28907,0.7031938938085887,0.27577489243567604
1941,0.232,72,228,72,529924,75686,79121,28835,0.7010819222646263,0.27587757484141945
1942,0.2321,66,197,66,530121,75489,79187,28769,0.6992571047463781,0.27594045540869766
1943,0.2322,59,193,59,530314,75296,79246,28710,0.6974693393604802,0.27604176682114495
1944,0.2323,33,110,33,530424,75186,79279,28677,0.6964504057208493,0.2761040986684382
1945,0.2324,69,151,69,530575,75035,79348,28608,0.6950516877246286,0.2760244300145692
1946,0.2325,68,225,68,530800,74810,79416,28540,0.6929675052799289,0.2761490082244799
1947,0.2326,60,178,60,530978,74632,79476,28480,0.6913186853903442,0.2762045154783148
1948,0.2327,34,147,34,531125,74485,79510,28446,0.6899570195264737,0.2763598915778531
1949,0.2328,57,146,57,531271,74339,79567,28389,0.6886046166956908,0.27635114087687873
1950,0.2329,57,169,57,531440,74170,79624,28332,0.6870391641038942,0.27640436284170067
1951,0.233,78,221,78,531661,73949,79702,28254,0.6849920337915447,0.2764498106709196
1952,0.2331,64,150,64,531811,73799,79766,28190,0.6836025788284116,0.276402357116944
1953,0.2332,38,149,38,531960,73650,79804,28152,0.682222386898366,0.27653680674250014
1954,0.2333,77,186,77,532146,73464,79881,28075,0.6804994627440809,0.2764947458611962
1955,0.2334,65,198,65,532344,73266,79946,28010,0.6786653821927452,0.2765709546190608
1956,0.2335,69,270,69,532614,72996,80015,27941,0.6761643632591056,0.27681623190703114
1957,0.2336,71,155,71,532769,72841,80086,27870,0.6747285931305347,0.2767324324055962
1958,0.2337,38,117,38,532886,72724,80124,27832,0.6736448182592908,0.27678109710012333
1959,0.2338,59,175,59,533061,72549,80183,27773,0.6720237874689688,0.27683857977313053
1960,0.2339,46,150,46,533211,72399,80229,27727,0.6706343325058357,0.27692107943990574
1961,0.234,49,128,49,533339,72271,80278,27678,0.6694486642706288,0.2769212298272119
1962,0.2341,59,194,59,533533,72077,80337,27619,0.6676516358516432,0.27703217782057454
1963,0.2342,39,136,39,533669,71941,80376,27580,0.666391863351736,0.2771274404397062
1964,0.2343,53,144,53,533813,71797,80429,27527,0.6650579865871281,0.2771434899923483
1965,0.2344,56,197,56,534010,71600,80485,27471,0.66323316906888,0.2772859868175349
1966,0.2345,45,180,45,534190,71420,80530,27426,0.6615658231131202,0.2774619104465532
1967,0.2346,49,141,49,534331,71279,80579,27377,0.660259735447775,0.27749959455076223
1968,0.2347,42,173,42,534504,71106,80621,27335,0.6586572307236281,0.27767901585721394
1969,0.2348,40,158,40,534662,70948,80661,27295,0.6571936714957946,0.2778314994452531
1970,0.2349,41,112,41,534774,70836,80702,27254,0.6561562117899885,0.277846875318585
1971,0.235,53,201,53,534975,70635,80755,27201,0.6542943421393901,0.27802649331534407
1972,0.2351,60,172,60,535147,70463,80815,27141,0.6527011004483309,0.2780726199745912
1973,0.2352,48,163,48,535310,70300,80863,27093,0.6511912260550594,0.27818221022044703
1974,0.2353,36,157,36,535467,70143,80899,27057,0.6497369298603135,0.2783641975308642
1975,0.2354,29,110,29,535577,70033,80928,27028,0.6487179962206825,0.27846405868474466
1976,0.2355,44,116,44,535693,69917,80972,26984,0.6476434843825262,0.2784697784336591
1977,0.2356,32,149,32,535842,69768,81004,26952,0.6462632924524806,0.27866004962779156
1978,0.2357,35,112,35,535954,69656,81039,26917,0.6452258327466746,0.2787217959471074
1979,0.2358,65,151,65,536105,69505,81104,26852,0.6438271147504538,0.27867202175244143
1980,0.2359,60,220,60,536325,69285,81164,26792,0.6417892474711919,0.2788596646439835
1981,0.236,55,196,55,536521,69089,81219,26737,0.6399736929860314,0.27901613340846954
1982,0.2361,54,156,54,536677,68933,81273,26683,0.6385286598243729,0.2790641733601071
1983,0.2362,61,175,61,536852,68758,81334,26622,0.636907629034051,0.27911511847347453
1984,0.2363,60,174,60,537026,68584,81394,26562,0.6352958612768165,0.27917095831669225
1985,0.2364,45,152,45,537178,68432,81439,26517,0.6338878802475082,0.27927624303573495
1986,0.2365,42,79,42,537257,68353,81481,26475,0.6331561006335915,0.27918969080862194
1987,0.2366,59,180,59,537437,68173,81540,26416,0.6314887546778317,0.27927137404983665
1988,0.2367,58,165,58,537602,68008,81598,26358,0.6299603542183853,0.27931670304982725
1989,0.2368,53,131,53,537733,67877,81651,26305,0.6287468968839157,0.2792996538616721
1990,0.2369,63,150,63,537883,67727,81714,26242,0.6273574419207826,0.2792623099107152
1991,0.237,43,118,43,538001,67609,81757,26199,0.6262644040164511,0.27928321678321677
1992,0.2371,48,133,48,538134,67476,81805,26151,0.6250324206158064,0.2793104553173764
1993,0.2372,36,100,36,538234,67376,81841,26115,0.624106117307051,0.27933170037757643
1994,0.2373,50,140,50,538374,67236,81891,26065,0.6228092926747935,0.27936463703497283
1995,0.2374,61,136,61,538510,67100,81952,26004,0.6215495201748861,0.2793005671077505
1996,0.2375,50,134,50,538644,66966,82002,25954,0.6203082737411538,0.27931554024967714
1997,0.2376,22,83,22,538727,66883,82024,25932,0.6195394419948868,0.2793944944243926
1998,0.2377,64,201,64,538928,66682,82088,25868,0.6176775723442884,0.2795029713668287
1999,0.2378,72,196,72,539124,66486,82160,25796,0.6158620178591278,0.2795344704276023
2000,0.2379,59,140,59,539264,66346,82219,25737,0.6145651932268702,0.2794978443360881
2001,0.238,17,63,17,539327,66283,82236,25720,0.6139816221423543,0.2795561014314751
2002,0.2381,40,162,40,539489,66121,82276,25680,0.6124810107821705,0.2797355148636725
2003,0.2382,41,194,41,539683,65927,82317,25639,0.610683982363185,0.2800056789638075
2004,0.2383,42,144,42,539827,65783,82359,25597,0.6093501055985772,0.2801159991245349
2005,0.2384,39,126,39,539953,65657,82398,25558,0.6081829634295454,0.280195143342652
2006,0.2385,43,164,43,540117,65493,82441,25515,0.6066638260031865,0.2803599683544304
2007,0.2386,54,166,54,540283,65327,82495,25461,0.6051261625106525,0.2804445521434551
2008,0.2387,60,199,60,540482,65128,82555,25401,0.6032828189262293,0.28058412221498086
2009,0.2388,54,116,54,540598,65012,82609,25347,0.6022083070880729,0.2805143925895594
2010,0.2389,51,145,51,540743,64867,82660,25296,0.6008651672903775,0.2805585439703648
2011,0.239,61,161,61,540904,64706,82721,25235,0.5993738189632813,0.2805728199597514
2012,0.2391,54,141,54,541045,64565,82775,25181,0.5980677312979362,0.28058075011699685
2013,0.2392,51,127,51,541172,64438,82826,25130,0.5968913260958169,0.2805689531975706
2014,0.2393,59,165,59,541337,64273,82885,25071,0.5953629256363704,0.2806120164756447
2015,0.2394,43,112,43,541449,64161,82928,25028,0.5943254659305643,0.2806175649463499
2016,0.2395,40,107,40,541556,64054,82968,24988,0.593334321390196,0.2806316120482469
2017,0.2396,59,135,59,541691,63919,83027,24929,0.5920838119233762,0.28058031694579505
2018,0.2397,49,210,49,541901,63709,83076,24880,0.5901385749749898,0.2808475092844484
2019,0.2398,42,89,42,541990,63620,83118,24838,0.5893141650301975,0.2807886228492618
2020,0.2399,30,120,30,542110,63500,83148,24808,0.588202601059691,0.2809258504325769
2021,0.24,30,104,30,542214,63396,83178,24778,0.5872392456185853,0.28101254338013476
2022,0.2401,50,175,50,542389,63221,83228,24728,0.5856182148282634,0.2811629467077511
2023,0.2402,42,168,42,542557,63053,83270,24686,0.5840620252695543,0.28135720717126933
2024,0.2403,94,185,94,542742,62868,83364,24592,0.5823483641483568,0.28117996798536476
2025,0.2404,59,176,59,542918,62692,83423,24533,0.5807180703249472,0.28126110633419316
2026,0.2405,64,179,64,543097,62513,83487,24469,0.579059987402275,0.28131107585477455
2027,0.2406,33,104,33,543201,62409,83520,24436,0.5780966319611693,0.2813748632621337
2028,0.2407,87,179,87,543380,62230,83607,24349,0.5764385490384971,0.2812344794927176
2029,0.2408,57,163,57,543543,62067,83664,24292,0.5749286746452258,0.28129089035306104
2030,0.2409,26,106,26,543649,61961,83690,24266,0.573946793137945,0.2814199728623285
2031,0.241,56,216,56,543865,61745,83746,24210,0.5719459779910334,0.2816590076202664
2032,0.2411,44,160,44,544025,61585,83790,24166,0.5704638926970247,0.28181595549906124
2033,0.2412,52,133,52,544158,61452,83842,24114,0.56923190929638,0.2818175443517285
2034,0.2413,45,149,45,544307,61303,83887,24069,0.5678517173663344,0.2819308438363866
2035,0.2414,63,178,63,544485,61125,83950,24006,0.5662028974767498,0.28198893470063785
2036,0.2415,42,135,42,544620,60990,83992,23964,0.56495238800993,0.28208206794265134
2037,0.2416,29,97,29,544717,60893,84021,23935,0.5640538738004373,0.2821591927193851
2038,0.2417,40,88,40,544805,60805,84061,23895,0.5632387268887324,0.2821133412042503
2039,0.2418,54,190,54,544995,60615,84115,23841,0.5614787506020972,0.28228900255754474
2040,0.2419,50,111,50,545106,60504,84165,23791,0.5604505539293786,0.2822350080075924
2041,0.242,38,144,38,545250,60360,84203,23753,0.5591166771647709,0.2823939224614507
2042,0.2421,23,74,23,545324,60286,84226,23730,0.5584312127162918,0.28244620072367166
2043,0.2422,51,150,51,545474,60136,84277,23679,0.5570417577531587,0.2825150629362286
2044,0.2423,74,224,74,545698,59912,84351,23605,0.5549668383415466,0.2826370679023432
2045,0.2424,36,145,36,545843,59767,84387,23569,0.5536236985438512,0.2828189497936066
2046,0.2425,51,101,51,545944,59666,84438,23518,0.5526881322020082,0.2827226389690325
2047,0.2426,32,92,32,546036,59574,84470,23486,0.5518359331579532,0.28275945099927763
2048,0.2427,37,97,37,546133,59477,84507,23449,0.5509374189484605,0.2827701806429829
2049,0.2428,37,112,37,546245,59365,84544,23412,0.5498999592426544,0.28283218768498497
2050,0.2429,55,141,55,546386,59224,84599,23357,0.5485938715773093,0.28283745655780385
2051,0.243,24,133,24,546519,59091,84623,23333,0.5473618881766645,0.2830850237794817
2052,0.2431,43,134,43,546653,58957,84666,23290,0.5461206417429323,0.2831714226658723
2053,0.2432,64,171,64,546824,58786,84730,23226,0.5445366630849605,0.2832024581768522
2054,0.2433,38,74,38,546898,58712,84768,23188,0.5438511986364816,0.28312576312576315
2055,0.2434,74,212,74,547110,58500,84842,23114,0.54188743562192,0.2832112137623447
2056,0.2435,26,77,26,547187,58423,84868,23088,0.5411741820741783,0.283250113481616
2057,0.2436,28,129,28,547316,58294,84896,23060,0.5399792508058838,0.28345256533175994
2058,0.2437,36,126,36,547442,58168,84932,23024,0.538812108636852,0.2835747364272342
2059,0.2438,56,167,56,547609,58001,84988,22968,0.5372651821112305,0.28366411836628835
2060,0.2439,36,108,36,547717,57893,85024,22932,0.5362647745377747,0.2837240952675534
2061,0.244,34,134,34,547851,57759,85058,22898,0.5350235281040424,0.2838935244306136
2062,0.2441,50,171,50,548022,57588,85108,22848,0.5334395494460706,0.2840519170520662
2063,0.2442,48,181,48,548203,57407,85156,22800,0.5317629404572233,0.2842644656950141
2064,0.2443,11,86,11,548289,57321,85167,22789,0.5309663196116936,0.2844713518911497
2065,0.2444,36,113,36,548402,57208,85203,22753,0.5299195968728,0.2845512187191256
2066,0.2445,51,115,51,548517,57093,85254,22702,0.5288543480677314,0.28450404160661696
2067,0.2446,40,140,40,548657,56953,85294,22662,0.5275575234354737,0.2846448533567795
2068,0.2447,27,91,27,548748,56862,85321,22635,0.5267145874245063,0.28472772557455
2069,0.2448,61,129,61,548877,56733,85382,22574,0.5255196561562118,0.2846407000643071
2070,0.2449,56,178,56,549055,56555,85438,22518,0.5238708362666271,0.284774828323195
2071,0.245,80,196,80,549251,56359,85518,22438,0.5220552817814665,0.2847570338972296
2072,0.2451,79,227,79,549478,56132,85597,22359,0.5199525732705917,0.28486068466448383
2073,0.2452,64,163,64,549641,55969,85661,22295,0.5184426988773204,0.284869160789124
2074,0.2453,53,152,53,549793,55817,85714,22242,0.5170347178480121,0.28493831588926327
2075,0.2454,31,115,31,549908,55702,85745,22211,0.5159694690429434,0.28507437783168404
2076,0.2455,34,109,34,550017,55593,85779,22177,0.5149597984364,0.28516137328018515
2077,0.2456,52,141,52,550158,55452,85831,22125,0.5136537107710549,0.28520051046057465
2078,0.2457,67,218,67,550376,55234,85898,22058,0.511634369557968,0.28538529213890185
2079,0.2458,34,89,34,550465,55145,85932,22024,0.5108099596131758,0.2853995775505708
2080,0.2459,46,160,46,550625,54985,85978,21978,0.509327874319167,0.2855657913542871
2081,0.246,78,202,78,550827,54783,86056,21900,0.5074567416354812,0.28559133054262353
2082,0.2461,58,206,58,551033,54577,86114,21842,0.505548556819445,0.28581897172169224
2083,0.2462,32,97,32,551130,54480,86146,21810,0.5046500426099522,0.2858828155721589
2084,0.2463,40,108,40,551238,54372,86186,21770,0.5036496350364964,0.2859131622494812
2085,0.2464,35,87,35,551325,54285,86221,21735,0.5028437511578792,0.28591160220994477
2086,0.2465,37,112,37,551437,54173,86258,21698,0.5018062914520731,0.28598542262524546
2087,0.2466,38,105,38,551542,54068,86296,21660,0.5008336729778798,0.2860236636382844
2088,0.2467,85,201,85,551743,53867,86381,21575,0.49897180332728147,0.28598128363511044
2089,0.2468,40,129,40,551872,53738,86421,21535,0.497776872058987,0.2860919586040147
2090,0.2469,45,128,45,552000,53610,86466,21490,0.4965912038237801,0.28615179760319576
2091,0.247,54,184,54,552184,53426,86520,21436,0.49488680573567007,0.2863401993000454
2092,0.2471,56,193,56,552377,53233,86576,21380,0.49309904034977214,0.2865452401056116
2093,0.2472,34,150,34,552527,53083,86610,21346,0.491709585386639,0.28679681307017424
2094,0.2473,51,117,51,552644,52966,86661,21295,0.49062581051539517,0.28675886400667916
2095,0.2474,30,80,30,552724,52886,86691,21265,0.4898847678683908,0.28677967930304377
2096,0.2475,67,164,67,552888,52722,86758,21198,0.48836563044203196,0.28676948051948054
2097,0.2476,20,68,20,552956,52654,86778,21178,0.48773574419207827,0.2868403944089284
2098,0.2477,56,149,56,553105,52505,86834,21122,0.4863555522620327,0.2868784549146373
2099,0.2478,42,99,42,553204,52406,86876,21080,0.48543851198636484,0.2868573605856898
2100,0.2479,44,127,44,553331,52279,86920,21036,0.4842621067842454,0.2869262770238014
2101,0.248,42,161,42,553492,52118,86962,20994,0.48277075845714923,0.28714848451690556
2102,0.2481,41,157,41,553649,51961,87003,20953,0.4813164622624032,0.2873659379543023
2103,0.2482,62,141,62,553790,51820,87065,20891,0.4800103745970581,0.2873155368513705
2104,0.2483,65,176,65,553966,51644,87130,20826,0.4783800807736485,0.28737408582861873
2105,0.2484,45,119,45,554085,51525,87175,20781,0.4772777798362296,0.2874035349763505
2106,0.2485,44,129,44,554214,51396,87219,20737,0.4760828485679351,0.2874828441905924
2107,0.2486,58,143,58,554357,51253,87277,20679,0.4747582348364148,0.28747984207306904
2108,0.2487,44,80,44,554437,51173,87321,20635,0.4740171921894105,0.2873635249554367
2109,0.2488,33,83,33,554520,51090,87354,20602,0.4732483604431435,0.2873681861295542
2110,0.2489,32,99,32,554619,50991,87386,20570,0.47233132016747564,0.2874470731264236
2111,0.249,53,154,53,554773,50837,87439,20517,0.4709048130719923,0.2875381898702245
2112,0.2491,50,110,50,554883,50727,87489,20467,0.4698858794323613,0.2874820911874596
2113,0.2492,39,110,39,554993,50617,87528,20428,0.46886694579273036,0.28753606868885917
2114,0.2493,23,78,23,555071,50539,87551,20405,0.46814442921190114,0.28762122237257554
2115,0.2494,53,140,53,555211,50399,87604,20352,0.4668476045796436,0.28765671156591427
2116,0.2495,25,91,25,555302,50308,87629,20327,0.4660046685686761,0.2877751822750761
2117,0.2496,45,116,45,555418,50192,87674,20282,0.46493015673051985,0.28779408008627294
2118,0.2497,29,86,29,555504,50106,87703,20253,0.4641335358849902,0.28785230034537157
2119,0.2498,39,171,39,555675,49935,87742,20214,0.4625495572270184,0.28815806355044266
2120,0.2499,33,97,33,555772,49838,87775,20181,0.4616510430175257,0.2882217683771548
2121,0.25,26,115,26,555887,49723,87801,20155,0.46058579421245693,0.2884312659206045
2122,0.2501,38,161,38,556048,49562,87839,20117,0.4590944458853607,0.2887096542717318
2123,0.2502,57,189,57,556237,49373,87896,20060,0.45734373263181294,0.288911612633762
2124,0.2503,38,132,38,556369,49241,87934,20022,0.45612101226425583,0.2890720875503516
2125,0.2504,44,160,44,556529,49081,87978,19978,0.45463892697024716,0.2892888689381543
2126,0.2505,34,122,34,556651,48959,88012,19944,0.45350883693356553,0.2894503867756121
2127,0.2506,37,94,37,556745,48865,88049,19907,0.4526381118233354,0.2894637352410865
2128,0.2507,31,104,31,556849,48761,88080,19876,0.4516747563822298,0.28958142109940704
2129,0.2508,46,127,46,556976,48634,88126,19830,0.4504983511801104,0.28964127132507594
2130,0.2509,33,105,33,557081,48529,88159,19797,0.4495257327059172,0.2897432895237538
2131,0.251,28,101,28,557182,48428,88187,19769,0.4485901663640742,0.28988078654486266
2132,0.2511,29,73,29,557255,48355,88216,19740,0.4479139649486828,0.28988912548645274
2133,0.2512,29,93,29,557348,48262,88245,19711,0.44705250287154025,0.289982787283186
2134,0.2513,36,114,36,557462,48148,88281,19675,0.44599651709955906,0.29009333117084174
2135,0.2514,31,94,31,557556,48054,88312,19644,0.445125791989329,0.2901710537977488
2136,0.2515,30,89,30,557645,47965,88342,19614,0.4443013820445367,0.29023809171488185
2137,0.2516,24,90,24,557735,47875,88366,19590,0.4434677090666568,0.29037278588897947
2138,0.2517,29,85,29,557820,47790,88395,19561,0.4426803512542147,0.29043369808911523
2139,0.2518,29,45,29,557865,47745,88424,19532,0.44226351476527476,0.290322101163845
2140,0.2519,34,76,34,557941,47669,88458,19498,0.4415595242506206,0.2902913633182962
2141,0.252,30,64,30,558005,47605,88488,19468,0.44096669013301715,0.29025092063870706
2142,0.2521,58,143,58,558148,47462,88546,19410,0.4396420764014969,0.2902560114846274
2143,0.2522,37,93,37,558241,47369,88583,19373,0.4387806143243544,0.29026699829193015
2144,0.2523,38,79,38,558320,47290,88621,19335,0.4380488347104376,0.2902063789868668
2145,0.2524,64,140,64,558460,47150,88685,19271,0.43675201007818,0.29013414432182594
2146,0.2525,49,112,49,558572,47038,88734,19222,0.43571455037237394,0.290099607606399
2147,0.2526,19,79,19,558651,46959,88753,19203,0.43498277075845715,0.2902421329464043
2148,0.2527,55,127,55,558778,46832,88808,19148,0.4338063655563378,0.29020915428917854
2149,0.2528,44,130,44,558908,46702,88852,19104,0.4326021712549557,0.29030787466188496
2150,0.2529,35,120,35,559028,46582,88887,19069,0.4314906072844492,0.29046016054591706
2151,0.253,29,112,29,559140,46470,88916,19040,0.43045314757864317,0.2906426499771027
2152,0.2531,51,133,51,559273,46337,88967,18989,0.42922116417799844,0.2906805865964547
2153,0.2532,23,92,23,559365,46245,88990,18966,0.42836896513394346,0.2908405023692322
2154,0.2533,45,122,45,559487,46123,89035,18921,0.4272388750972618,0.2908953938872148
2155,0.2534,21,89,21,559576,46034,89056,18900,0.4264144651524695,0.29106477346228476
2156,0.2535,50,132,50,559708,45902,89106,18850,0.4251917447849124,0.2911106992834198
2157,0.2536,52,138,52,559846,45764,89158,18798,0.42391344621882987,0.2911619838294972
2158,0.2537,41,148,41,559994,45616,89199,18757,0.42254251732187187,0.2913799263666444
2159,0.2538,33,92,33,560086,45524,89232,18724,0.4216903182778169,0.29143319636408915
2160,0.2539,18,57,18,560143,45467,89250,18706,0.4211623253918263,0.2914933071540991
2161,0.254,41,102,41,560245,45365,89291,18665,0.4202174960168958,0.29150398250819926
2162,0.2541,31,118,31,560363,45247,89322,18634,0.4191244581125644,0.2916986271348288
2163,0.2542,27,59,27,560422,45188,89349,18607,0.4185779391603987,0.29166862606787364
2164,0.2543,38,100,38,560522,45088,89387,18569,0.4176516358516433,0.29170397599635545
2165,0.2544,38,111,38,560633,44977,89425,18531,0.41662343917892475,0.2917900107073125
2166,0.2545,31,74,31,560707,44903,89456,18500,0.41593797473044575,0.2917843004274246
2167,0.2546,50,139,50,560846,44764,89506,18450,0.4146504131312757,0.29186572594678395
2168,0.2547,25,87,25,560933,44677,89531,18425,0.41384452925265847,0.29198757567113565
2169,0.2548,59,113,59,561046,44564,89590,18366,0.41279780651376485,0.29184808517400285
2170,0.2549,46,149,46,561195,44415,89636,18320,0.4114176145837193,0.2920219972901889
2171,0.255,56,117,56,561312,44298,89692,18264,0.41033383971247545,0.2919344010741345
2172,0.2551,27,80,27,561392,44218,89719,18237,0.40959279706547114,0.29200224161396204
2173,0.2552,50,112,50,561504,44106,89769,18187,0.40855533735966504,0.291958968102355
2174,0.2553,58,199,58,561703,43907,89827,18129,0.40671199377524175,0.29223354181443034
2175,0.2554,40,111,40,561814,43796,89867,18089,0.4056837971025232,0.2923002343055668
2176,0.2555,57,109,57,561923,43687,89924,18032,0.40467412649597984,0.2921628671883861
2177,0.2556,23,55,23,561978,43632,89947,18009,0.4041646596761644,0.29215943933420935
2178,0.2557,39,123,39,562101,43509,89986,17970,0.4030253066063952,0.2922949299760894
2179,0.2558,48,148,48,562249,43361,90034,17922,0.4016543777094372,0.29244651861038135
2180,0.2559,51,112,51,562361,43249,90085,17871,0.4006169180036311,0.2923920157068063
2181,0.256,24,74,24,562435,43175,90109,17847,0.3999314535551521,0.292468290124873
2182,0.2561,16,64,16,562499,43111,90125,17831,0.3993386194375486,0.29258967542909653
2183,0.2562,40,115,40,562614,42996,90165,17791,0.3982733706324799,0.2926777106947209
2184,0.2563,36,89,36,562703,42907,90201,17755,0.3974489606876876,0.292687349576341
2185,0.2564,29,71,29,562774,42836,90230,17726,0.39679128533847124,0.2926917869290975
2186,0.2565,36,79,36,562853,42757,90266,17690,0.39605950572455445,0.2926530679769054
2187,0.2566,28,79,28,562932,42678,90294,17662,0.39532772611063766,0.29270798806761683
2188,0.2567,29,69,29,563001,42609,90323,17633,0.39468857682759645,0.2927027655124332
2189,0.2568,39,106,39,563107,42503,90362,17594,0.39370669532031566,0.29276003793866584
2190,0.2569,42,112,42,563219,42391,90404,17552,0.3926692356145096,0.2928115042623826
2191,0.257,37,72,37,563291,42319,90441,17515,0.3920022972322057,0.2927265434368419
2192,0.2571,23,45,23,563336,42274,90464,17492,0.3915854607432658,0.29267476491650773
2193,0.2572,24,70,24,563406,42204,90488,17468,0.390937048427137,0.29273361040353935
2194,0.2573,51,139,51,563545,42065,90539,17417,0.38964948682796696,0.2928112706364951
2195,0.2574,25,62,25,563607,42003,90564,17392,0.3890751787765386,0.2928192608805455
2196,0.2575,58,140,58,563747,41863,90622,17334,0.387778354144281,0.2928188928492998
2197,0.2576,44,100,44,563847,41763,90666,17290,0.3868520508355256,0.29278783465700303
2198,0.2577,48,140,48,563987,41623,90714,17242,0.385555226203268,0.2929075002123503
2199,0.2578,48,138,48,564125,41485,90762,17194,0.3842769276371855,0.2930179450910888
2200,0.2579,61,149,61,564274,41336,90823,17133,0.38289673570713995,0.2930270741760591
2201,0.258,49,111,49,564385,41225,90872,17084,0.3818685390344214,0.29299079044401377
2202,0.2581,55,161,55,564546,41064,90927,17029,0.38037719070732523,0.29313342399256365
2203,0.2582,20,75,20,564621,40989,90947,17009,0.37968246322575866,0.29326873340460013
2204,0.2583,21,84,21,564705,40905,90968,16988,0.37890436844640407,0.2934378940459123
2205,0.2584,35,130,35,564835,40775,91003,16953,0.37770017414502205,0.29367031596452325
2206,0.2585,30,96,30,564931,40679,91033,16923,0.37681092296861685,0.2937918822263116
2207,0.2586,39,111,39,565042,40568,91072,16884,0.3757827262958983,0.2938801086124069
2208,0.2587,34,57,34,565099,40511,91106,16850,0.3752547334099077,0.2937535956486114
2209,0.2588,24,62,24,565161,40449,91130,16826,0.3746804253584794,0.2937756438236578
2210,0.2589,30,89,30,565250,40360,91160,16796,0.37385601541368707,0.29386241164532156
2211,0.259,32,109,32,565359,40251,91192,16764,0.3728463448071436,0.29402788739805313
2212,0.2591,23,74,23,565433,40177,91215,16741,0.3721608803586646,0.2941248814083418
2213,0.2592,24,88,24,565521,40089,91239,16717,0.37134573344695987,0.29428229412386014
2214,0.2593,40,129,40,565650,39960,91279,16677,0.37015080217866536,0.29445415541077385
2215,0.2594,35,123,35,565773,39837,91314,16642,0.3690114491088962,0.2946581915402185
2216,0.2595,30,78,30,565851,39759,91344,16612,0.368288932528067,0.29469053236593284
2217,0.2596,22,92,22,565943,39667,91366,16590,0.367436733484012,0.2948966350854116
2218,0.2597,32,81,32,566024,39586,91398,16558,0.36668642780392013,0.29492020518666284
2219,0.2598,37,114,37,566138,39472,91435,16521,0.36563044203193895,0.29505473898523027
2220,0.2599,17,59,17,566197,39413,91452,16504,0.3650839230797732,0.29515174276159306
2221,0.26,38,80,38,566277,39333,91490,16466,0.3643428804327689,0.2950948941737307
2222,0.2601,33,100,33,566377,39233,91523,16433,0.3634165771240135,0.2952071282290806
2223,0.2602,35,80,35,566457,39153,91558,16398,0.3626755344770092,0.2951882054328455
2224,0.2603,42,98,42,566555,39055,91600,16356,0.36176775723442883,0.29517604807709663
2225,0.2604,31,65,31,566620,38990,91631,16325,0.3611656600837378,0.29512790382355597
2226,0.2605,36,96,36,566716,38894,91667,16289,0.3602764089073326,0.29518148705217184
2227,0.2606,25,67,25,566783,38827,91692,16264,0.35965578569046647,0.2952206349494473
2228,0.2607,63,143,63,566926,38684,91755,16201,0.35833117195894626,0.29518083265008654
2229,0.2608,29,88,29,567014,38596,91784,16172,0.35751602504724145,0.29528191644756063
2230,0.2609,17,63,17,567077,38533,91801,16155,0.35693245396272555,0.29540301345816267
2231,0.261,23,65,23,567142,38468,91824,16132,0.3563303568120345,0.29545787545787544
2232,0.2611,43,120,43,567262,38348,91867,16089,0.355218792841528,0.2955526572000661
2233,0.2612,47,135,47,567397,38213,91914,16042,0.3539682833747082,0.2956778177126532
2234,0.2613,21,77,21,567474,38136,91935,16021,0.35325502982696655,0.2958251010949646
2235,0.2614,65,154,65,567628,37982,92000,15956,0.3518285227314832,0.2958211279617338
2236,0.2615,21,49,21,567677,37933,92021,15935,0.35137463411019304,0.29581569763124677
2237,0.2616,20,53,20,567730,37880,92041,15915,0.3508836933565527,0.29584533878613256
2238,0.2617,32,96,32,567826,37784,92073,15883,0.34999444218014747,0.2959546835112825
2239,0.2618,29,81,29,567907,37703,92102,15854,0.3492441365000556,0.2960210616726105
2240,0.2619,46,119,46,568026,37584,92148,15808,0.3481418355626366,0.2960743182499251
2241,0.262,31,48,31,568074,37536,92179,15777,0.34769720997443404,0.29593157391255415
2242,0.2621,34,77,34,568151,37459,92213,15743,0.34698395642669233,0.295909928198188
2243,0.2622,23,52,23,568203,37407,92236,15720,0.34650227870613953,0.2958947427861539
2244,0.2623,36,101,36,568304,37306,92272,15684,0.3455667123642966,0.2959803736554067
2245,0.2624,32,78,32,568382,37228,92304,15652,0.3448441957834673,0.2959909228441755
2246,0.2625,32,87,32,568469,37141,92336,15620,0.3440383119048501,0.29605200811205246
2247,0.2626,41,79,41,568548,37062,92377,15579,0.34330653229093333,0.2959480253034707
2248,0.2627,31,80,31,568628,36982,92408,15548,0.342565489643929,0.2959832476679992
2249,0.2628,50,119,50,568747,36863,92458,15498,0.34146318870651005,0.2959836519546991
2250,0.2629,17,76,17,568823,36787,92475,15481,0.34075919819185596,0.29618504629983927
2251,0.263,24,49,24,568872,36738,92499,15457,0.34030530957056576,0.29613947696139475
2252,0.2631,30,86,30,568958,36652,92529,15427,0.33950868872503615,0.296223045757407
2253,0.2632,33,112,33,569070,36540,92562,15394,0.33847122901923005,0.29641468017098627
2254,0.2633,26,80,26,569150,36460,92588,15368,0.33773018637222574,0.2965192560006174
2255,0.2634,37,95,37,569245,36365,92625,15331,0.33685019822890805,0.2965606623336428
2256,0.2635,30,75,30,569320,36290,92655,15301,0.33615547074734153,0.2965827372991413
2257,0.2636,34,88,34,569408,36202,92689,15267,0.3353403238356367,0.2966251530047213
2258,0.2637,24,75,24,569483,36127,92713,15243,0.33464559635407015,0.2967296087210434
2259,0.2638,28,68,28,569551,36059,92741,15215,0.3340157101041165,0.2967390880368218
2260,0.2639,11,41,11,569592,36018,92752,15204,0.33363592574752676,0.29682558275740895
2261,0.264,37,81,37,569673,35937,92789,15167,0.3328856200674349,0.2967869442705072
2262,0.2641,54,109,54,569782,35828,92843,15113,0.3318759494608915,0.29667654737833965
2263,0.2642,33,77,33,569859,35751,92876,15080,0.3311626959131498,0.2966693553146702
2264,0.2643,26,56,26,569915,35695,92902,15054,0.33064396606024676,0.2966363869238803
2265,0.2644,29,93,29,570008,35602,92931,15025,0.3297825039831042,0.296778398878069
2266,0.2645,24,65,24,570073,35537,92955,15001,0.32918040683241323,0.2968261506193359
2267,0.2646,33,91,33,570164,35446,92988,14968,0.32833747082144576,0.2969016543023763
2268,0.2647,16,55,16,570219,35391,93004,14952,0.3278280040016303,0.2970025624217865
2269,0.2648,24,56,24,570275,35335,93028,14928,0.32730927414872724,0.2969977916160993
2270,0.2649,24,57,24,570332,35278,93052,14904,0.32678128126273664,0.2969989239169423
2271,0.265,21,43,21,570375,35235,93073,14883,0.32638297083997186,0.29695917634382857
2272,0.2651,27,57,27,570432,35178,93100,14856,0.3258549779539813,0.29691809569492744
2273,0.2652,30,95,30,570527,35083,93130,14826,0.3249749898106636,0.29706065038369833
2274,0.2653,34,71,34,570598,35012,93164,14792,0.32431731446144724,0.29700425668620994
2275,0.2654,36,96,36,570694,34916,93200,14756,0.32342806328504203,0.2970687711386697
2276,0.2655,23,65,23,570759,34851,93223,14733,0.32282596613435105,0.29713213939980637
2277,0.2656,18,47,18,570806,34804,93241,14715,0.322390603579236,0.29715866637048405
2278,0.2657,31,71,31,570877,34733,93272,14684,0.32173292823001964,0.297144707286966
2279,0.2658,22,75,22,570952,34658,93294,14662,0.3210382007484531,0.2972830494728305
2280,0.2659,35,90,35,571042,34568,93329,14627,0.3202045277705732,0.29732696412237014
2281,0.266,46,104,46,571146,34464,93375,14581,0.3192411723294676,0.29729839942909575
2282,0.2661,39,93,39,571239,34371,93414,14542,0.31837971025232503,0.2973033753807781
2283,0.2662,25,71,25,571310,34300,93439,14517,0.3177220349031087,0.29737591412827497
2284,0.2663,25,88,25,571398,34212,93464,14492,0.31690688799140393,0.2975525624178712
2285,0.2664,32,87,32,571485,34125,93496,14460,0.3161010041127867,0.2976227230626737
2286,0.2665,26,74,26,571559,34051,93522,14434,0.3154155396643077,0.29770031968650096
2287,0.2666,34,68,34,571627,33983,93556,14400,0.314785653414354,0.2976251989335097
2288,0.2667,22,90,22,571717,33893,93578,14378,0.3139519804364741,0.2978599987570177
2289,0.2668,31,113,31,571830,33780,93609,14347,0.3129052576975805,0.2981070916533339
2290,0.2669,41,85,41,571915,33695,93650,14306,0.3121178998851384,0.29803545759463346
2291,0.267,27,68,27,571983,33627,93677,14279,0.3114880136351847,0.29806287312653945
2292,0.2671,22,66,22,572049,33561,93699,14257,0.31087665345140614,0.2981513237692919
2293,0.2672,20,41,20,572090,33520,93719,14237,0.3104968690948164,0.29811336557991497
2294,0.2673,24,79,24,572169,33441,93743,14213,0.30976508948089965,0.2982540815041759
2295,0.2674,26,56,26,572225,33385,93769,14187,0.30924635962799657,0.2982216429832675
2296,0.2675,19,110,19,572335,33275,93788,14168,0.3082274259883656,0.2986320426617204
2297,0.2676,25,67,25,572402,33208,93813,14143,0.3076068027714995,0.29868429389030854
2298,0.2677,27,87,27,572489,33121,93840,14116,0.3068009188928823,0.29883354150348246
2299,0.2678,39,93,39,572582,33028,93879,14077,0.30593945681573975,0.2988430102961469
2300,0.2679,14,55,14,572637,32973,93893,14063,0.30542998999592424,0.29898375712220426
2301,0.268,21,76,21,572713,32897,93914,14042,0.30472599948127016,0.29915422143633225
2302,0.2681,19,66,19,572779,32831,93933,14023,0.30411463929749155,0.299291415887651
2303,0.2682,23,71,23,572850,32760,93956,14000,0.3034569639482752,0.2994011976047904
2304,0.2683,14,57,14,572907,32703,93970,13986,0.3029289710622846,0.299556640750498
2305,0.2684,50,167,50,573074,32536,94020,13936,0.30138204453666306,0.29987949733172664
2306,0.2685,28,71,28,573145,32465,94048,13908,0.3007243691874467,0.29991589933797685
2307,0.2686,25,72,25,573217,32393,94073,13883,0.30005743080514286,0.30000432189471865
2308,0.2687,15,39,15,573256,32354,94088,13868,0.29969617251472824,0.30003028860715675
2309,0.2688,32,93,32,573349,32261,94120,13836,0.2988347104375857,0.30014968436123823
2310,0.2689,40,91,40,573440,32170,94160,13796,0.29799177442661823,0.3001348823043119
2311,0.269,32,78,32,573518,32092,94192,13764,0.297269257845789,0.30015701325889743
2312,0.2691,39,99,39,573617,31993,94231,13725,0.29635221757012115,0.30020998293888623
2313,0.2692,21,91,21,573708,31902,94252,13704,0.29550928155915374,0.300486778055519
2314,0.2693,41,90,41,573798,31812,94293,13663,0.29467560858127384,0.3004507971412864
2315,0.2694,27,48,27,573846,31764,94320,13636,0.29423098299307127,0.300352422907489
2316,0.2695,47,89,47,573935,31675,94367,13589,0.29340657304827894,0.30021650759985863
2317,0.2696,44,123,44,574058,31552,94411,13545,0.29226721997850974,0.30035257334190746
2318,0.2697,24,86,24,574144,31466,94435,13521,0.2914705991329801,0.300553493231378
2319,0.2698,29,83,29,574227,31383,94464,13492,0.2907017673867131,0.3006573816155989
2320,0.2699,28,57,28,574284,31326,94492,13464,0.2901737745007225,0.30060281312793036
2321,0.27,22,84,22,574368,31242,94514,13442,0.289395679721368,0.3008235610061767
2322,0.2701,46,101,46,574469,31141,94560,13396,0.288460113379525,0.30078361811527493
2323,0.2702,28,68,28,574537,31073,94588,13368,0.2878302271295713,0.3008033122566999
2324,0.2703,17,50,17,574587,31023,94605,13351,0.2873670754751936,0.3008743859016541
2325,0.2704,30,126,30,574713,30897,94635,13321,0.2861999333061618,0.30125740648604643
2326,0.2705,24,46,24,574759,30851,94659,13297,0.2857738337841343,0.3011914469511643
2327,0.2706,17,55,17,574814,30796,94676,13280,0.2852643669643188,0.30129775841727924
2328,0.2707,39,93,39,574907,30703,94715,13241,0.28440290488717623,0.3013153103950482
2329,0.2708,19,59,19,574966,30644,94734,13222,0.28385638593501056,0.3014179546801623
2330,0.2709,37,69,37,575035,30575,94771,13185,0.2832172366519693,0.30130255941499084
2331,0.271,20,51,20,575086,30524,94791,13165,0.28274482196450407,0.30133443200805693
2332,0.2711,24,47,24,575133,30477,94815,13141,0.282309459409389,0.30127470310422305
2333,0.2712,40,93,40,575226,30384,94855,13101,0.28144799733224646,0.30127630217316315
2334,0.2713,21,65,21,575291,30319,94876,13080,0.2808459001815555,0.30138943293624276
2335,0.2714,30,74,30,575365,30245,94906,13050,0.2801604357330764,0.30142048735419796
2336,0.2715,27,72,27,575437,30173,94933,13023,0.27949349735077256,0.30148624872673396
2337,0.2716,31,68,31,575505,30105,94964,12992,0.27886361110081886,0.3014594983409518
2338,0.2717,17,50,17,575555,30055,94981,12975,0.27840045944644115,0.30153381361840575
2339,0.2718,27,55,27,575610,30000,95008,12948,0.27789099262662564,0.30148086057557977
2340,0.2719,16,61,16,575671,29939,95024,12932,0.2773259476082849,0.3016491334468522
2341,0.272,17,61,17,575732,29878,95041,12915,0.27676090258994407,0.3018016965391536
2342,0.2721,20,57,20,575789,29821,95061,12895,0.2762329097039535,0.3018775166214065
2343,0.2722,15,43,15,575832,29778,95076,12880,0.27583459928118864,0.30193633081719723
2344,0.2723,22,53,22,575885,29725,95098,12858,0.2753436585275483,0.3019514829861682
2345,0.2724,32,67,32,575952,29658,95130,12826,0.27472303531068215,0.30190189247716787
2346,0.2725,27,64,27,576016,29594,95157,12799,0.2741302011930787,0.3019130516830609
2347,0.2726,27,54,27,576070,29540,95184,12772,0.27362999740635074,0.30185290224995276
2348,0.2727,24,74,24,576144,29466,95208,12748,0.27294453295787174,0.30198512341877104
2349,0.2728,10,45,10,576189,29421,95218,12738,0.27252769646893177,0.3021418914110866
2350,0.2729,22,47,22,576236,29374,95240,12716,0.27209233391381676,0.3021145165122357
2351,0.273,10,30,10,576266,29344,95250,12706,0.2718144429211901,0.3021640903686088
2352,0.2731,33,69,33,576335,29275,95283,12673,0.27117529363814885,0.302112138838562
2353,0.2732,15,40,15,576375,29235,95298,12658,0.2708047723146467,0.3021507173036068
2354,0.2733,19,58,19,576433,29177,95317,12639,0.27026751639556856,0.3022527262291946
2355,0.2734,22,52,22,576485,29125,95339,12617,0.26978583867501577,0.3022615111877725
2356,0.2735,57,78,57,576563,29047,95396,12560,0.26906332209418654,0.30187228110654457
2357,0.2736,22,61,22,576624,28986,95418,12538,0.2684982770758457,0.30194586263365764
2358,0.2737,12,27,12,576651,28959,95430,12526,0.26824817518248173,0.30194046040737615
2359,0.2738,26,84,26,576735,28875,95456,12500,0.2674700804031272,0.3021148036253776
2360,0.2739,21,71,21,576806,28804,95477,12479,0.26681240505391085,0.3022793886103239
2361,0.274,19,68,19,576874,28736,95496,12460,0.26618251880395716,0.302456549179532
2362,0.2741,15,51,15,576925,28685,95511,12445,0.26571010411649193,0.3025771942620958
2363,0.2742,22,52,22,576977,28633,95533,12423,0.2652284263959391,0.30258671083398286
2364,0.2743,25,70,25,577047,28563,95558,12398,0.2645800140798103,0.302678157271551
2365,0.2744,38,92,38,577139,28471,95596,12360,0.2637278150357553,0.302711175332468
2366,0.2745,28,64,28,577203,28407,95624,12332,0.26313498091815185,0.3027074793195709
2367,0.2746,26,81,26,577284,28326,95650,12306,0.26238467523806,0.30286473715298284
2368,0.2747,30,89,30,577373,28237,95680,12276,0.26156026529326765,0.30301384740700515
2369,0.2748,44,91,44,577464,28146,95724,12232,0.2607173292823002,0.30293724305314773
2370,0.2749,12,36,12,577500,28110,95736,12220,0.2603838600911482,0.3030002479543764
2371,0.275,33,59,33,577559,28051,95769,12187,0.25983734113898255,0.302872906208062
2372,0.2751,36,71,36,577630,27980,95805,12151,0.2591796657897662,0.30278338441603747
2373,0.2752,43,121,43,577751,27859,95848,12108,0.25805883878617214,0.3029499336952986
2374,0.2753,26,64,26,577815,27795,95874,12082,0.25746600466856867,0.3029816686310404
2375,0.2754,24,75,24,577890,27720,95898,12058,0.2567712771870021,0.3031323847352808
2376,0.2755,27,66,27,577956,27654,95925,12031,0.25615991700322355,0.3031624039309563
2377,0.2756,29,81,29,578037,27573,95954,12002,0.25540961132313167,0.3032722678458623
2378,0.2757,18,57,18,578094,27516,95972,11984,0.2548816184371411,0.3033924050632911
2379,0.2758,30,70,30,578164,27446,96002,11954,0.25423320612101225,0.3034010152284264
2380,0.2759,9,22,9,578186,27424,96011,11945,0.2540294193930861,0.30341131346998906
2381,0.276,27,65,27,578251,27359,96038,11918,0.25342732224239506,0.30343458003411666
2382,0.2761,7,44,7,578295,27315,96045,11911,0.25301974878654265,0.3036506398817111
2383,0.2762,15,44,15,578339,27271,96060,11896,0.2526121753306903,0.3037250746802155
2384,0.2763,19,34,19,578373,27237,96079,11877,0.25229723220571343,0.3036508666973462
2385,0.2764,32,46,32,578419,27191,96111,11845,0.25187113268368594,0.3034378522389589
2386,0.2765,24,67,24,578486,27124,96135,11821,0.2512505094668198,0.30353062010527665
2387,0.2766,23,85,23,578571,27039,96158,11798,0.2504631516543777,0.3037824754744187
2388,0.2767,33,50,33,578621,26989,96191,11765,0.25,0.3035815657738556
2389,0.2768,21,37,21,578658,26952,96212,11744,0.2496572677757605,0.30349390117841635
2390,0.2769,21,67,21,578725,26885,96233,11723,0.24903664455889438,0.3036417322834646
2391,0.277,24,63,24,578788,26822,96257,11699,0.24845307347437845,0.3037044728849199
2392,0.2771,19,47,19,578835,26775,96276,11680,0.2480177109192634,0.30373163437784423
2393,0.2772,30,70,30,578905,26705,96306,11650,0.2473692986031346,0.30374136357710857
2394,0.2773,23,66,23,578971,26639,96329,11627,0.24675793841935603,0.3038467569121413
2395,0.2774,33,76,33,579047,26563,96362,11594,0.24605394790470192,0.3038498833765757
2396,0.2775,21,97,21,579144,26466,96383,11573,0.24515543369520915,0.30424038486816163
2397,0.2776,34,109,34,579253,26357,96417,11539,0.24414576308866576,0.3044912391809162
2398,0.2777,24,39,24,579292,26318,96441,11515,0.24378450479825114,0.3043639151005736
2399,0.2778,33,49,33,579341,26269,96474,11482,0.24333061617696097,0.3041508834203068
2400,0.2779,15,69,15,579410,26200,96489,11467,0.24269146689391974,0.30443093423952
2401,0.278,29,85,29,579495,26115,96518,11438,0.24190410908147764,0.3045828562298618
2402,0.2781,21,45,21,579540,26070,96539,11417,0.2414872725925377,0.304558913756769
2403,0.2782,32,112,32,579652,25958,96571,11385,0.24044981288673162,0.3048764159280186
2404,0.2783,22,47,22,579699,25911,96593,11363,0.24001445033161659,0.30485056607823147
2405,0.2784,24,50,24,579749,25861,96617,11339,0.23955129867723887,0.30481182795698925
2406,0.2785,18,53,18,579802,25808,96635,11321,0.2390603579235985,0.3049099086967061
2407,0.2786,29,69,29,579871,25739,96664,11292,0.23842120864055727,0.3049337041937836
2408,0.2787,23,42,23,579913,25697,96687,11269,0.23803216125087998,0.3048476978845426
2409,0.2788,25,47,25,579960,25650,96712,11244,0.23759679869576494,0.30476500243942106
2410,0.2789,17,39,17,579999,25611,96729,11227,0.23723554040535033,0.30476681687388024
2411,0.279,9,33,9,580032,25578,96738,11218,0.23692986031346103,0.30487009457549735
2412,0.2791,17,30,17,580062,25548,96755,11201,0.2366519693208344,0.30479740945331846
2413,0.2792,20,59,20,580121,25489,96775,11181,0.23610545036866873,0.30490864466866646
2414,0.2793,27,54,27,580175,25435,96802,11154,0.2356052465819408,0.30484571865861326
2415,0.2794,28,66,28,580241,25369,96830,11126,0.2349938863981622,0.3048636799561584
2416,0.2795,21,54,21,580295,25315,96851,11105,0.2344936826114343,0.30491488193300387
2417,0.2796,22,41,22,580336,25274,96873,11083,0.23411389825484458,0.30483813295926504
2418,0.2797,20,51,20,580387,25223,96893,11063,0.2336414835673793,0.304883426114755
2419,0.2798,22,63,22,580450,25160,96915,11041,0.2330579124828634,0.3049915748183752
2420,0.2799,22,52,22,580502,25108,96937,11019,0.23257623476231057,0.3050073352340355
2421,0.28,27,71,27,580573,25037,96964,10992,0.23191855941309422,0.3050875683477199
2422,0.2801,20,53,20,580626,24984,96984,10972,0.23142761865945385,0.30515073979308044
2423,0.2802,24,55,24,580681,24929,97008,10948,0.23091815183963837,0.30515371965325977
2424,0.2803,34,83,34,580764,24846,97042,10914,0.23014932009337138,0.3052013422818792
2425,0.2804,22,61,22,580825,24785,97064,10892,0.22958427507503057,0.3052947276957143
2426,0.2805,24,59,24,580884,24726,97088,10868,0.22903775612286487,0.30533235938641345
2427,0.2806,23,67,23,580951,24659,97111,10845,0.22841713290599874,0.3054585398828301
2428,0.2807,21,69,21,581020,24590,97132,10824,0.2277779836229575,0.3056418365618117
2429,0.2808,17,47,17,581067,24543,97149,10807,0.22734262106784245,0.3057142857142857
2430,0.2809,20,63,20,581130,24480,97169,10787,0.22675904998332655,0.3058666742280319
2431,0.281,12,21,12,581151,24459,97181,10775,0.22656452628848792,0.3058125674064824
2432,0.2811,25,69,25,581220,24390,97206,10750,0.22592537700544665,0.30591918042117244
2433,0.2812,42,90,42,581310,24300,97248,10708,0.22509170402756679,0.30587294332723947
2434,0.2813,20,51,20,581361,24249,97268,10688,0.22461928934010153,0.30592208833042334
2435,0.2814,19,46,19,581407,24203,97287,10669,0.22419318981807404,0.30594746501491166
2436,0.2815,12,22,12,581429,24181,97299,10657,0.22398940309014784,0.30590160169929387
2437,0.2816,39,65,39,581494,24116,97338,10618,0.22338730593945683,0.305694708354926
2438,0.2817,9,27,9,581521,24089,97347,10609,0.22313720404609286,0.3057524929390743
2439,0.2818,41,104,41,581625,23985,97388,10568,0.2221738486049872,0.3058489856162996
2440,0.2819,16,41,16,581666,23944,97404,10552,0.22179406424839748,0.30589053803339517
2441,0.282,28,82,28,581748,23862,97432,10524,0.22103449553521806,0.3060547897400105
2442,0.2821,21,43,21,581791,23819,97453,10503,0.22063618511245323,0.3060136355690228
2443,0.2822,48,85,48,581876,23734,97501,10455,0.21984882730001112,0.3058001111468601
2444,0.2823,16,36,16,581912,23698,97517,10439,0.21951535810885917,0.30579722881331106
2445,0.2824,13,40,13,581952,23658,97530,10426,0.219144836785357,0.3058913273090013
2446,0.2825,29,68,29,582020,23590,97559,10397,0.21851495053540332,0.30591108364963077
2447,0.2826,20,55,20,582075,23535,97579,10377,0.21800548371558784,0.3059978768577495
2448,0.2827,33,90,33,582165,23445,97612,10344,0.21717181073770794,0.30613513273550563
2449,0.2828,22,58,22,582223,23387,97634,10322,0.2166345548186298,0.306209024296182
2450,0.2829,14,39,14,582262,23348,97648,10308,0.2162732965282152,0.3062752555265034
2451,0.283,33,52,33,582314,23296,97681,10275,0.21579161880766237,0.3060677370349409
2452,0.2831,6,28,6,582342,23268,97687,10269,0.21553225388121086,0.30619912335629307
2453,0.2832,28,73,28,582415,23195,97715,10241,0.2148560524658194,0.3062866371575547
2454,0.2833,18,50,18,582465,23145,97733,10223,0.2143929008114417,0.3063713737712779
2455,0.2834,33,47,33,582512,23098,97766,10190,0.21395753825632666,0.30611631819274215
2456,0.2835,21,41,21,582553,23057,97787,10169,0.21357775389973693,0.30605549870583276
2457,0.2836,44,91,44,582644,22966,97831,10125,0.2127348178887695,0.30597443413617
2458,0.2837,4,24,4,582668,22942,97835,10121,0.2125125050946682,0.3061125729667604
2459,0.2838,15,38,15,582706,22904,97850,10106,0.21216050983734114,0.306149651620721
2460,0.2839,23,64,23,582770,22840,97873,10083,0.21156767571973767,0.30626006135528355
2461,0.284,19,53,19,582823,22787,97892,10064,0.2110767349660973,0.3063529268515418
2462,0.2841,19,43,19,582866,22744,97911,10045,0.21067842454333247,0.306352740248254
2463,0.2842,13,48,13,582914,22696,97924,10032,0.21023379895512986,0.3065265216328526
2464,0.2843,27,57,27,582971,22639,97951,10005,0.20970580606913927,0.30648817546869256
2465,0.2844,28,82,28,583053,22557,97979,9977,0.20894623735595982,0.3066637978729944
2466,0.2845,6,22,6,583075,22535,97985,9971,0.20874245062803365,0.3067433704546853
2467,0.2846,26,83,26,583158,22452,98011,9945,0.20797361888176666,0.306972867858135
2468,0.2847,24,77,24,583235,22375,98035,9921,0.20726036533402498,0.3071897448600446
2469,0.2848,20,59,20,583294,22316,98055,9901,0.20671384638185927,0.3073222211875718
2470,0.2849,28,88,28,583382,22228,98083,9873,0.20589869947015452,0.3075605121335784
2471,0.285,14,24,14,583406,22204,98097,9859,0.2056763866760532,0.30748838224745034
2472,0.2851,7,30,7,583436,22174,98104,9852,0.20539849568342658,0.30762505464310247
2473,0.2852,11,48,11,583484,22126,98115,9841,0.20495387009522398,0.30784871899145994
2474,0.2853,21,64,21,583548,22062,98136,9820,0.2043610359776205,0.3080107897873408
2475,0.2854,32,89,32,583637,21973,98168,9788,0.20353662603282818,0.3081766946884544
2476,0.2855,12,32,12,583669,21941,98180,9776,0.20324020897402645,0.3082258725604565
2477,0.2856,20,53,20,583722,21888,98200,9756,0.20274926822038608,0.3083048919226394
2478,0.2857,13,56,13,583778,21832,98213,9743,0.20223053836748306,0.3085669041963579
2479,0.2858,17,42,17,583820,21790,98230,9726,0.20184149097780577,0.30860515293819013
2480,0.2859,21,53,21,583873,21737,98251,9705,0.2013505502241654,0.30866357101965525
2481,0.286,11,53,11,583926,21684,98262,9694,0.20085960947052503,0.3089425712282491
2482,0.2861,12,43,12,583969,21641,98274,9682,0.2004612990477602,0.3091019378731284
2483,0.2862,10,49,10,584018,21592,98284,9672,0.20000741042647005,0.3093654042988741
2484,0.2863,14,39,14,584057,21553,98298,9658,0.19964615213605544,0.3094421838454391
2485,0.2864,6,15,6,584072,21538,98304,9652,0.1995072066397421,0.3094581596665598
2486,0.2865,19,40,19,584112,21498,98323,9633,0.19913668531623996,0.309434325913077
2487,0.2866,19,30,19,584142,21468,98342,9614,0.19885879432361334,0.30931085515732576
2488,0.2867,17,41,17,584183,21427,98359,9597,0.1984790099670236,0.30934115523465705
2489,0.2868,16,73,16,584256,21354,98375,9581,0.19780280855163215,0.3097139162760627
2490,0.2869,11,23,11,584279,21331,98386,9570,0.1975897587906184,0.3096987152519336
2491,0.287,19,69,19,584348,21262,98405,9551,0.19695060950757717,0.3099665725505468
2492,0.2871,22,36,22,584384,21226,98427,9529,0.19661714031642522,0.3098357990570639
2493,0.2872,7,24,7,584408,21202,98434,9522,0.1963948275223239,0.30992058325738836
2494,0.2873,12,36,12,584444,21166,98446,9510,0.19606135833117197,0.3100143434606859
2495,0.2874,30,45,30,584489,21121,98476,9480,0.19564452184223202,0.3097937975883141
2496,0.2875,15,63,15,584552,21058,98491,9465,0.1950609507577161,0.31009402745470627
2497,0.2876,12,35,12,584587,21023,98503,9453,0.1947367445996517,0.310178501115632
2498,0.2877,21,49,21,584636,20974,98524,9432,0.19428285597836156,0.3102019338288496
2499,0.2878,15,65,15,584701,20909,98539,9417,0.19368075882767052,0.3105256215788432
2500,0.2879,17,50,17,584751,20859,98556,9400,0.1932176071732928,0.3106513764499818
2501,0.288,14,36,14,584787,20823,98570,9386,0.19288413798214088,0.3107021086431196
2502,0.2881,23,47,23,584834,20776,98593,9363,0.19244877542702582,0.31066060585951755
2503,0.2882,12,22,12,584856,20754,98605,9351,0.19224498869909964,0.3106128550074738
2504,0.2883,17,42,17,584898,20712,98622,9334,0.19185594130942235,0.3106569926113293
2505,0.2884,10,36,10,584934,20676,98632,9324,0.1915224721182704,0.3108
2506,0.2885,23,53,23,584987,20623,98655,9301,0.19103153136463003,0.31082074588958697
2507,0.2886,13,33,13,585020,20590,98668,9288,0.19072585127274075,0.3108641810027445
2508,0.2887,17,40,17,585060,20550,98685,9271,0.19035532994923857,0.3108883001911405
2509,0.2888,15,29,15,585089,20521,98700,9256,0.1900867019896995,0.3108439399536555
2510,0.2889,19,67,19,585156,20454,98719,9237,0.18946607877283336,0.3111043750631505
2511,0.289,10,29,10,585185,20425,98729,9227,0.1891974508132943,0.31117631188452716
2512,0.2891,20,83,20,585268,20342,98749,9207,0.18842861906702732,0.3115841483637348
2513,0.2892,21,52,21,585320,20290,98770,9186,0.1879469413464745,0.3116433708780024
2514,0.2893,6,19,6,585339,20271,98776,9180,0.18777094371781097,0.3117041866150555
2515,0.2894,21,43,21,585382,20228,98797,9159,0.18737263329504614,0.3116684248136931
2516,0.2895,16,40,16,585422,20188,98813,9143,0.18700211197154396,0.31171797756639735
2517,0.2896,18,44,18,585466,20144,98831,9125,0.18659453851569158,0.3117632990536062
2518,0.2897,6,17,6,585483,20127,98837,9119,0.18643706695320317,0.3118033235314231
2519,0.2898,15,48,15,585531,20079,98852,9104,0.18599244136500057,0.31196244388856526
2520,0.2899,17,54,17,585585,20025,98869,9087,0.18549223757827263,0.3121393239901072
2521,0.29,20,28,20,585613,19997,98889,9067,0.18523287265182112,0.3119666941921277
2522,0.2901,14,36,14,585649,19961,98903,9053,0.18489940346066916,0.3120217825877163
2523,0.2902,20,49,20,585698,19912,98923,9033,0.18444551483937902,0.3120746242874417
2524,0.2903,22,50,22,585748,19862,98945,9011,0.1839823631850013,0.3120908807536453
2525,0.2904,13,39,13,585787,19823,98958,8998,0.1836211048945867,0.3122029076020957
2526,0.2905,17,46,17,585833,19777,98975,8981,0.1831950053725592,0.31229570902009873
2527,0.2906,7,28,7,585861,19749,98982,8974,0.18293564044610766,0.3124325453469345
2528,0.2907,13,42,13,585903,19707,98995,8961,0.1825465930564304,0.31257848472164085
2529,0.2908,8,37,8,585940,19670,99003,8953,0.1822038608321909,0.3127904133039863
2530,0.2909,13,31,13,585971,19639,99016,8940,0.1819167068064767,0.31281710346758107
2531,0.291,27,58,27,586029,19581,99043,8913,0.18137945088739857,0.31280269530427457
2532,0.2911,9,27,9,586056,19554,99052,8904,0.1811293489940346,0.3128821421041535
2533,0.2912,14,40,14,586096,19514,99066,8890,0.18075882767053245,0.3129840867483453
2534,0.2913,21,51,21,586147,19463,99087,8869,0.18028641298306716,0.31303826062402934
2535,0.2914,10,15,10,586162,19448,99097,8859,0.18014746748675387,0.31296145829653443
2536,0.2915,19,45,19,586207,19403,99116,8840,0.17973063099781392,0.3129979109867932
2537,0.2916,17,44,17,586251,19359,99133,8823,0.17932305754196154,0.3130721737279114
2538,0.2917,13,56,13,586307,19303,99146,8810,0.17880432768905852,0.3133781524561591
2539,0.2918,17,61,17,586368,19242,99163,8793,0.1782392826707177,0.31364365971107544
2540,0.2919,31,58,31,586426,19184,99194,8762,0.17770202675163957,0.3135332426823159
2541,0.292,17,43,17,586469,19141,99211,8745,0.17730371632887473,0.3135982213296995
2542,0.2921,19,36,19,586505,19105,99230,8726,0.17697024713772277,0.31353526642952106
2543,0.2922,8,14,8,586519,19091,99238,8718,0.17684056467449702,0.3134956309108562
2544,0.2923,18,32,18,586551,19059,99256,8700,0.17654414761569528,0.31341186642170105
2545,0.2924,33,98,33,586649,18961,99289,8667,0.17563637037311497,0.31370348921384106
2546,0.2925,8,33,8,586682,18928,99297,8659,0.1753306902812257,0.3138797259578787
2547,0.2926,11,37,11,586719,18891,99308,8648,0.1749879580569862,0.3140273793529177
2548,0.2927,6,25,6,586744,18866,99314,8642,0.17475638222979734,0.31416315253744365
2549,0.2928,5,22,5,586766,18844,99319,8637,0.17455259550187113,0.3142898730031658
2550,0.2929,21,26,21,586792,18818,99340,8616,0.17431175664159473,0.3140628417292411
2551,0.293,6,19,6,586811,18799,99346,8610,0.17413575901293118,0.31413039512568863
2552,0.2931,19,42,19,586853,18757,99365,8591,0.17374671162325392,0.31413631709814244
2553,0.2932,20,44,20,586897,18713,99385,8571,0.17333913816740154,0.3141401554024337
2554,0.2933,28,46,28,586943,18667,99413,8543,0.17291303864537405,0.313965453877251
2555,0.2934,14,41,14,586984,18626,99427,8529,0.17253325428878433,0.3140858037193887
2556,0.2935,36,68,36,587052,18558,99463,8493,0.17190336803883063,0.31396251524897417
2557,0.2936,15,27,15,587079,18531,99478,8478,0.17165326614546667,0.3138953682105965
2558,0.2937,6,22,6,587101,18509,99484,8472,0.1714494794175405,0.3139987398539713
2559,0.2938,14,38,14,587139,18471,99498,8458,0.17109748416021342,0.31408518697315163
2560,0.2939,19,47,19,587186,18424,99517,8439,0.17066212160509836,0.31414957376316865
2561,0.294,6,23,6,587209,18401,99523,8433,0.17044907184408462,0.3142654840873519
2562,0.2941,14,23,14,587232,18378,99537,8419,0.17023602208307087,0.3141769601074747
2563,0.2942,9,35,9,587267,18343,99546,8410,0.16991181592500648,0.3143572683437372
2564,0.2943,30,58,30,587325,18285,99576,8380,0.16937456000592835,0.3142696418526158
2565,0.2944,12,28,12,587353,18257,99588,8368,0.16911519507947684,0.31429107981220655
2566,0.2945,4,14,4,587367,18243,99592,8364,0.16898551261625105,0.3143533656556545
2567,0.2946,10,18,10,587385,18225,99602,8354,0.1688187780206751,0.3143082884984386
2568,0.2947,15,47,15,587432,18178,99617,8339,0.16838341546556004,0.3144775049967945
2569,0.2948,19,48,19,587480,18130,99636,8320,0.16793878987735744,0.3145557655954631
2570,0.2949,12,45,12,587525,18085,99648,8308,0.1675219533884175,0.31478043420603946
2571,0.295,10,16,10,587541,18069,99658,8298,0.16737374485901663,0.31471157128228466
2572,0.2951,25,69,25,587610,18000,99683,8273,0.1667345955759754,0.31488600464355043
2573,0.2952,12,15,12,587625,17985,99695,8261,0.1665956500796621,0.31475272422464373
2574,0.2953,4,16,4,587641,17969,99699,8257,0.16644744155026123,0.3148402348814154
2575,0.2954,9,31,9,587672,17938,99708,8248,0.16616028752454703,0.3149774688764989
2576,0.2955,30,77,30,587749,17861,99738,8218,0.16544703397680535,0.31511944476398634
2577,0.2956,12,29,12,587778,17832,99750,8206,0.1651784060172663,0.31515477379214996
2578,0.2957,13,32,13,587810,17800,99763,8193,0.16488198895846456,0.3152002462201362
2579,0.2958,12,39,12,587849,17761,99775,8181,0.16452073066804995,0.3153573355947884
2580,0.2959,23,38,23,587887,17723,99798,8158,0.16416873541072288,0.31521193153278465
2581,0.296,9,32,9,587919,17691,99807,8149,0.16387231835192115,0.3153637770897833
2582,0.2961,10,29,10,587948,17662,99817,8139,0.1636036903923821,0.31545288942289057
2583,0.2962,17,45,17,587993,17617,99834,8122,0.16318685390344215,0.3155522747581491
2584,0.2963,11,31,11,588024,17586,99845,8111,0.16289969987772795,0.31563995797174765
2585,0.2964,20,41,20,588065,17545,99865,8091,0.16251991552113823,0.3156108597285068
2586,0.2965,10,24,10,588089,17521,99875,8081,0.16229760272703694,0.3156394031716272
2587,0.2966,9,32,9,588121,17489,99884,8072,0.1620011856682352,0.3157935918000078
2588,0.2967,25,68,25,588189,17421,99909,8047,0.16137129941828152,0.31596513271556464
2589,0.2968,2,13,2,588202,17408,99911,8045,0.16125087998814333,0.31607276156052333
2590,0.2969,16,46,16,588248,17362,99927,8029,0.1608247804661158,0.3162144066795321
2591,0.297,6,28,6,588276,17334,99933,8023,0.1605654155396643,0.31640178254525375
2592,0.2971,28,72,28,588348,17262,99961,7995,0.1598984771573604,0.31654590806509086
2593,0.2972,25,25,25,588373,17237,99986,7970,0.15966690133017156,0.3161820129329155
2594,0.2973,5,33,5,588406,17204,99991,7965,0.15936122123828225,0.3164607254956494
2595,0.2974,12,37,12,588443,17167,100003,7953,0.15901848901404275,0.31660031847133757
2596,0.2975,11,44,11,588487,17123,100014,7942,0.15861091555819037,0.3168561739477359
2597,0.2976,17,42,17,588529,17081,100031,7925,0.1582218681685131,0.31692393825481885
2598,0.2977,18,56,18,588585,17025,100049,7907,0.15770313831561006,0.3171426279480186
2599,0.2978,11,32,11,588617,16993,100060,7896,0.15740672125680832,0.31724858371167985
2600,0.2979,17,41,17,588658,16952,100077,7879,0.1570269369002186,0.31730498167613064
2601,0.298,18,30,18,588688,16922,100095,7861,0.15674904590759198,0.31719323729976195
2602,0.2981,18,51,18,588739,16871,100113,7843,0.15627663122012672,0.31735048960103585
2603,0.2982,6,36,6,588775,16835,100119,7837,0.15594316202897476,0.31764753566796367
2604,0.2983,9,45,9,588820,16790,100128,7828,0.15552632554003482,0.3179787147615566
2605,0.2984,17,51,17,588871,16739,100145,7811,0.15505391085256956,0.3181670061099796
2606,0.2985,18,43,18,588914,16696,100163,7793,0.15465560042980472,0.318224508963208
2607,0.2986,7,25,7,588939,16671,100170,7786,0.15442402460261587,0.3183546632865846
2608,0.2987,16,26,16,588965,16645,100186,7770,0.15418318574233947,0.31824697931599427
2609,0.2988,11,29,11,588994,16616,100197,7759,0.1539145577828004,0.3183179487179487
2610,0.2989,7,28,7,589022,16588,100204,7752,0.15365519285634888,0.31848808545603946
2611,0.299,8,22,8,589044,16566,100212,7744,0.1534514061284227,0.318552036199095
2612,0.2991,16,25,16,589069,16541,100228,7728,0.15321983030123384,0.31843092010383617
2613,0.2992,17,32,17,589101,16509,100245,7711,0.1529234132424321,0.31837324525185795
2614,0.2993,26,46,26,589147,16463,100271,7685,0.15249731372040462,0.3182458174590028
2615,0.2994,11,41,11,589188,16422,100282,7674,0.1521175293638149,0.3184760956175299
2616,0.2995,22,45,22,589233,16377,100304,7652,0.15170069287487495,0.31844854134587375
2617,0.2996,21,54,21,589287,16323,100325,7631,0.151200489088147,0.31856892377056023
2618,0.2997,27,30,27,589317,16293,100352,7604,0.1509225980955204,0.31819893710507596
2619,0.2998,12,26,12,589343,16267,100364,7592,0.150681759235244,0.3182027746343099
2620,0.2999,20,74,20,589417,16193,100384,7572,0.149996294786765,0.31861981906164527
2621,0.3,10,44,10,589461,16149,100394,7562,0.14958872133091258,0.31892370629665556
2622,0.3001,35,48,35,589509,16101,100429,7527,0.14914409574270998,0.3185627221940071
2623,0.3002,15,48,15,589557,16053,100444,7512,0.14869947015450738,0.3187778485041375
2624,0.3003,3,19,3,589576,16034,100447,7509,0.14852347252584386,0.3189483073525039
2625,0.3004,14,63,14,589639,15971,100461,7495,0.14793990144132796,0.3193982783601807
2626,0.3005,22,53,22,589692,15918,100483,7473,0.14744896068768756,0.3194818519943568
2627,0.3006,18,36,18,589728,15882,100501,7455,0.14711549149653563,0.31944980074559715
2628,0.3007,16,41,16,589769,15841,100517,7439,0.1467357071399459,0.3195446735395189
2629,0.3008,5,20,5,589789,15821,100522,7434,0.14655044647819482,0.31967318856159965
2630,0.3009,12,18,12,589807,15803,100534,7422,0.14638371188261884,0.3195694294940797
2631,0.301,7,50,7,589857,15753,100541,7415,0.14592056022824113,0.32005352209944754
2632,0.3011,14,52,14,589909,15701,100555,7401,0.14543888250768833,0.3203618734308718
2633,0.3012,12,46,12,589955,15655,100567,7389,0.14501278298566084,0.32064745703870856
2634,0.3013,7,29,7,589984,15626,100574,7382,0.14474415502612176,0.3208449235048679
2635,0.3014,8,11,8,589995,15615,100582,7374,0.14464226166215866,0.3207621036147723
2636,0.3015,18,22,18,590017,15593,100600,7356,0.14443847493423245,0.32053684256394616
2637,0.3016,15,44,15,590061,15549,100615,7341,0.14403090147838007,0.32070773263433816
2638,0.3017,18,37,18,590098,15512,100633,7323,0.14368816925414057,0.3206919202977885
2639,0.3018,11,27,11,590125,15485,100644,7312,0.1434380673607766,0.32074395753827256
2640,0.3019,31,61,31,590186,15424,100675,7281,0.14287302234243582,0.3206782646994054
2641,0.302,7,26,7,590212,15398,100682,7274,0.1426321834821594,0.3208362738179252
2642,0.3021,11,27,11,590239,15371,100693,7263,0.14238208158879542,0.3208889281611735
2643,0.3022,17,18,17,590257,15353,100710,7246,0.14221534699321947,0.32063365635647595
2644,0.3023,3,9,3,590266,15344,100713,7243,0.14213197969543148,0.3206711825386284
2645,0.3024,13,30,13,590296,15314,100726,7230,0.14185408870280486,0.32070617459190914
2646,0.3025,16,34,16,590330,15280,100742,7214,0.141539145577828,0.32070774428736554
2647,0.3026,10,35,10,590365,15245,100752,7204,0.1412149394197636,0.32090516281348835
2648,0.3027,23,36,23,590401,15209,100775,7181,0.14088147022861167,0.32072353729343456
2649,0.3028,11,22,11,590423,15187,100786,7170,0.14067768350068546,0.32070492463210626
2650,0.3029,7,37,7,590460,15150,100793,7163,0.14033495127644596,0.32102361851835254
2651,0.303,11,44,11,590504,15106,100804,7152,0.13992737782059358,0.3213226705004942
2652,0.3031,8,15,8,590519,15091,100812,7144,0.13978843232428026,0.32129525522824376
2653,0.3032,4,7,4,590526,15084,100816,7140,0.13972359109266738,0.3212742980561555
2654,0.3033,11,36,11,590562,15048,100827,7129,0.13939012190151542,0.32145916940974884
2655,0.3034,8,28,8,590590,15020,100835,7121,0.1391307569750639,0.32162052301160743
2656,0.3035,14,30,14,590620,14990,100849,7107,0.1388528659824373,0.3216273702312531
2657,0.3036,21,42,21,590662,14948,100870,7086,0.13846381859276002,0.3215939003358446
2658,0.3037,7,14,7,590676,14934,100877,7079,0.13833413612953424,0.3215827011311498
2659,0.3038,15,29,15,590705,14905,100892,7064,0.1380655081699952,0.3215439938094588
2660,0.3039,4,22,4,590727,14883,100896,7060,0.13786172144206899,0.32174269698764985
2661,0.304,12,31,12,590758,14852,100908,7048,0.13757456741635482,0.32182648401826486
2662,0.3041,44,89,44,590847,14763,100952,7004,0.1367501574715625,0.3217714889511646
2663,0.3042,9,11,9,590858,14752,100961,6995,0.1366482641075994,0.3216535614107693
2664,0.3043,12,25,12,590883,14727,100973,6983,0.13641668828041054,0.3216490096729618
2665,0.3044,11,25,11,590908,14702,100984,6972,0.13618511245322168,0.3216757405185937
2666,0.3045,14,32,14,590940,14670,100998,6958,0.13588869539441994,0.32171259478453856
2667,0.3046,20,26,20,590966,14644,101018,6938,0.13564785653414355,0.3214715967009545
2668,0.3047,6,20,6,590986,14624,101024,6932,0.13546259587239246,0.32158099832993137
2669,0.3048,4,11,4,590997,14613,101028,6928,0.13536070250842935,0.3216192377326958
2670,0.3049,11,17,11,591014,14596,101039,6917,0.13520323094594094,0.321526518849068
2671,0.305,8,21,8,591035,14575,101047,6909,0.1350087072511023,0.3215881586296779
2672,0.3051,17,49,17,591084,14526,101064,6892,0.13455481862981214,0.3217854141376412
2673,0.3052,18,31,18,591115,14495,101082,6874,0.13426766460409797,0.3216809396789742
2674,0.3053,15,39,15,591154,14456,101097,6859,0.13390640631368336,0.32179216514191883
2675,0.3054,9,17,9,591171,14439,101106,6850,0.13374893475119493,0.3217624125135046
2676,0.3055,7,24,7,591195,14415,101113,6843,0.13352662195709364,0.3219023426474739
2677,0.3056,9,25,9,591220,14390,101122,6834,0.13329504612990478,0.32199396909159445
2678,0.3057,17,29,17,591249,14361,101139,6817,0.1330264181703657,0.3218906412314666
2679,0.3058,5,18,5,591267,14343,101144,6812,0.13285968357478972,0.3220042543134011
2680,0.3059,14,37,14,591304,14306,101158,6798,0.13251695135055022,0.32211902956785443
2681,0.306,22,54,22,591358,14252,101180,6776,0.13201674756382228,0.322237017310253
2682,0.3061,7,26,7,591384,14226,101187,6769,0.13177590870354589,0.3224100976422958
2683,0.3062,18,35,18,591419,14191,101205,6751,0.1314517025454815,0.32236653614745486
2684,0.3063,12,32,12,591451,14159,101217,6739,0.13115528548667976,0.32247104986123076
2685,0.3064,21,60,21,591511,14099,101238,6718,0.13059950350142652,0.32271701013594656
2686,0.3065,9,16,9,591527,14083,101247,6709,0.13045129497202565,0.3226721816083109
2687,0.3066,10,15,10,591542,14068,101257,6699,0.13031234947571232,0.32257909182838157
2688,0.3067,14,32,14,591574,14036,101271,6685,0.1300159324169106,0.3226195646928237
2689,0.3068,15,18,15,591592,14018,101286,6670,0.1298491978213346,0.3224091260634184
2690,0.3069,24,36,24,591628,13982,101310,6646,0.12951572863018268,0.3221834399844871
2691,0.307,16,31,16,591659,13951,101326,6630,0.1292285746044685,0.32214178125455517
2692,0.3071,10,43,10,591702,13908,101336,6620,0.12883026418170365,0.32248636009353077
2693,0.3072,21,59,21,591761,13849,101357,6599,0.12828374522953795,0.322721048513302
2694,0.3073,9,33,9,591794,13816,101366,6590,0.12797806513764867,0.3229442320886014
2695,0.3074,9,41,9,591835,13775,101375,6581,0.12759828078105895,0.3232953428964433
2696,0.3075,10,18,10,591853,13757,101385,6571,0.12743154618548297,0.3232487209759937
2697,0.3076,4,16,4,591869,13741,101389,6567,0.1272833376560821,0.32337010045302345
2698,0.3077,6,23,6,591892,13718,101395,6561,0.12707028789506836,0.32353666354356725
2699,0.3078,14,29,14,591921,13689,101409,6547,0.12680165993552928,0.32353231864004744
2700,0.3079,13,24,13,591945,13665,101422,6534,0.126579347141428,0.32348136046338927
2701,0.308,15,28,15,591973,13637,101437,6519,0.12631998221497648,0.3234272673149434
2702,0.3081,10,25,10,591998,13612,101447,6509,0.12608840638778762,0.3234928681477064
2703,0.3082,12,61,12,592059,13551,101459,6497,0.1255233613694468,0.32407222665602553
2704,0.3083,6,14,6,592073,13537,101465,6491,0.12539367890622105,0.32409626522867985
2705,0.3084,11,26,11,592099,13511,101476,6480,0.12515284004594465,0.3241458656395378
2706,0.3085,18,47,18,592146,13464,101494,6462,0.12471747749082959,0.32429990966576333
2707,0.3086,13,35,13,592181,13429,101507,6449,0.1243932713327652,0.32442901700372273
2708,0.3087,17,29,17,592210,13400,101524,6432,0.12412464337322612,0.32432432432432434
2709,0.3088,17,25,17,592235,13375,101541,6415,0.12389306754603728,0.3241536129358262
2710,0.3089,7,23,7,592258,13352,101548,6408,0.12368001778502352,0.3242914979757085
2711,0.309,21,33,21,592291,13319,101569,6387,0.12337433769313425,0.32411448289860956
2712,0.3091,33,71,33,592362,13248,101602,6354,0.1227166623439179,0.3241505968778696
2713,0.3092,14,38,14,592400,13210,101616,6340,0.12236466708659083,0.3242966751918159
2714,0.3093,13,29,13,592429,13181,101629,6327,0.12209603912705176,0.324328480623334
2715,0.3094,10,13,10,592442,13168,101639,6317,0.12197561969691356,0.3241981011034129
2716,0.3095,11,29,11,592471,13139,101650,6306,0.12170699173737448,0.32429930573412186
2717,0.3096,3,9,3,592480,13130,101653,6303,0.12162362443958649,0.324345186023774
2718,0.3097,17,39,17,592519,13091,101670,6286,0.12126236614917188,0.3244052226866904
2719,0.3098,26,30,26,592549,13061,101696,6260,0.12098447515654526,0.3239997929713783
2720,0.3099,9,11,9,592560,13050,101705,6251,0.12088258179258217,0.3238692295735972
2721,0.31,11,25,11,592585,13025,101716,6240,0.12065100596539331,0.32390345185569686
2722,0.3101,10,20,10,592605,13005,101726,6230,0.12046574530364222,0.32388874447621524
2723,0.3102,22,23,22,592628,12982,101748,6208,0.12025269554262848,0.3235018238665972
2724,0.3103,14,28,14,592656,12954,101762,6194,0.11999333061617697,0.32348025903488614
2725,0.3104,8,11,8,592667,12943,101770,6186,0.11989143725221386,0.3233833446599404
2726,0.3105,6,11,6,592678,12932,101776,6180,0.11978954388825076,0.3233570531603181
2727,0.3106,5,8,5,592686,12924,101781,6175,0.11971543962355033,0.32331535682496465
2728,0.3107,11,33,11,592719,12891,101792,6164,0.11940975953166105,0.3234846496982419
2729,0.3108,6,22,6,592741,12869,101798,6158,0.11920597280373485,0.32364534608713935
2730,0.3109,7,34,7,592775,12835,101805,6151,0.11889102967875802,0.32397556093963975
2731,0.311,20,33,20,592808,12802,101825,6131,0.11858534958686873,0.3238261236993609
2732,0.3111,12,14,12,592822,12788,101837,6119,0.11845566712364297,0.3236367482942825
2733,0.3112,4,13,4,592835,12775,101841,6115,0.11833524769350476,0.32371625198517734
2734,0.3113,12,29,12,592864,12746,101853,6103,0.11806661973396569,0.3237837551063717
2735,0.3114,14,37,14,592901,12709,101867,6089,0.11772388750972619,0.32391743802532186
2736,0.3115,3,10,3,592911,12699,101870,6086,0.11763125717885065,0.3239819004524887
2737,0.3116,23,51,23,592962,12648,101893,6063,0.11715884249138538,0.32403399070065736
2738,0.3117,7,8,7,592970,12640,101900,6056,0.11708473822668494,0.32391955498502356
2739,0.3118,13,34,13,593004,12606,101913,6043,0.11676979510170811,0.3240388224569682
2740,0.3119,14,26,14,593030,12580,101927,6029,0.1165289562414317,0.3239830189693159
2741,0.312,16,25,16,593055,12555,101943,6013,0.11629738041424284,0.3238367083153813
2742,0.3121,12,13,12,593068,12542,101955,6001,0.11617696098410464,0.32362616620827267
2743,0.3122,14,34,14,593102,12508,101969,5987,0.1158620178591278,0.32370911057042445
2744,0.3123,8,16,8,593118,12492,101977,5979,0.11571380932972693,0.32369660548968654
2745,0.3124,14,40,14,593158,12452,101991,5965,0.11534328800622476,0.323885540533203
2746,0.3125,17,19,17,593177,12433,102008,5948,0.11516729037756122,0.32359501659322126
2747,0.3126,19,35,19,593212,12398,102027,5929,0.11484308421949684,0.32351175860751896
2748,0.3127,12,29,12,593241,12369,102039,5917,0.11457445625995775,0.3235808815487258
2749,0.3128,13,40,13,593281,12329,102052,5904,0.11420393493645559,0.32380847913124555
2750,0.3129,7,15,7,593296,12314,102059,5897,0.11406498944014228,0.3238152764812476
2751,0.313,8,14,8,593310,12300,102067,5889,0.11393530697691652,0.32376711199076363
2752,0.3131,14,28,14,593338,12272,102081,5875,0.11367594205046501,0.3237449716206536
2753,0.3132,17,36,17,593374,12236,102098,5858,0.11334247285931305,0.3237537305184039
2754,0.3133,10,22,10,593396,12214,102108,5848,0.11313868613138686,0.3237736684752519
2755,0.3134,6,12,6,593408,12202,102114,5842,0.1130275297343362,0.3237641321214808
2756,0.3135,13,35,13,593443,12167,102127,5829,0.11270332357627182,0.32390531229162034
2757,0.3136,10,21,10,593464,12146,102137,5819,0.11250879988143318,0.32390759810743114
2758,0.3137,18,27,18,593491,12119,102155,5801,0.11225869798806921,0.32371651785714284
2759,0.3138,7,21,7,593512,12098,102162,5794,0.11206417429323058,0.3238318801699083
2760,0.3139,18,19,18,593531,12079,102180,5776,0.11188817666456705,0.3234948193783254
2761,0.314,15,40,15,593571,12039,102195,5761,0.11151765534106488,0.32365168539325845
2762,0.3141,10,20,10,593591,12019,102205,5751,0.1113323946793138,0.32363534046145187
2763,0.3142,3,15,3,593606,12004,102208,5748,0.11119344918300048,0.3237945020279405
2764,0.3143,2,21,2,593627,11983,102210,5746,0.11099892548816184,0.3241017541880535
2765,0.3144,7,11,7,593638,11972,102217,5739,0.11089703212419874,0.3240359098865112
2766,0.3145,9,14,9,593652,11958,102226,5730,0.11076734966097299,0.3239484396200814
2767,0.3146,10,27,10,593679,11931,102236,5720,0.11051724776760903,0.32406095971899607
2768,0.3147,12,20,12,593699,11911,102248,5708,0.11033198710585794,0.3239684431579545
2769,0.3148,17,19,17,593718,11892,102265,5691,0.11015598947719442,0.3236649036000682
2770,0.3149,13,24,13,593742,11868,102278,5678,0.10993367668309312,0.3236065200045594
2771,0.315,13,20,13,593762,11848,102291,5665,0.10974841602134203,0.32347399074972877
2772,0.3151,2,7,2,593769,11841,102293,5663,0.10968357478972915,0.3235260511882998
2773,0.3152,14,38,14,593807,11803,102307,5649,0.10933157953240209,0.3236878294751318
2774,0.3153,11,23,11,593830,11780,102318,5638,0.10911852977138835,0.3236881387070846
2775,0.3154,7,10,7,593840,11770,102325,5631,0.1090258994405128,0.3236020918338027
2776,0.3155,7,35,7,593875,11735,102332,5624,0.1087016932824484,0.32398179618641626
2777,0.3156,7,21,7,593896,11714,102339,5617,0.10850716958760977,0.3241013213317177
2778,0.3157,25,37,25,593933,11677,102364,5592,0.10816443736337027,0.32381724477387225
2779,0.3158,10,26,10,593959,11651,102374,5582,0.10792359850309385,0.3239134219230546
2780,0.3159,14,24,14,593983,11627,102388,5568,0.10770128570899255,0.3238150625181739
2781,0.316,5,19,5,594002,11608,102393,5563,0.10752528808032902,0.32397647195853474
2782,0.3161,11,32,11,594034,11576,102404,5552,0.10722887102152728,0.32414759458197107
2783,0.3162,15,30,15,594064,11546,102419,5537,0.10695098002890066,0.3241233975297079
2784,0.3163,10,8,10,594072,11538,102429,5527,0.10687687576420023,0.3238792850864342
2785,0.3164,3,6,3,594078,11532,102432,5524,0.1068212975656749,0.32387429643527205
2786,0.3165,2,21,2,594099,11511,102434,5522,0.10662677387083627,0.32419421123701053
2787,0.3166,10,35,10,594134,11476,102444,5512,0.10630256771277187,0.32446432776077233
2788,0.3167,5,12,5,594146,11464,102449,5507,0.10619141131572123,0.3244947262978021
2789,0.3168,3,6,3,594152,11458,102452,5504,0.10613583311719589,0.32449003655229336
2790,0.3169,11,16,11,594168,11442,102463,5493,0.10598762458779502,0.32435783879539415
2791,0.317,11,24,11,594192,11418,102474,5482,0.10576531179369372,0.32437869822485205
2792,0.3171,2,14,2,594206,11404,102476,5480,0.10563562933046797,0.32456763800047383
2793,0.3172,10,16,10,594222,11388,102486,5470,0.1054874208010671,0.32447502669355793
2794,0.3173,3,8,3,594230,11380,102489,5467,0.10541331653636667,0.3245088146257494
2795,0.3174,7,27,7,594257,11353,102496,5460,0.10516321464300271,0.3247487063581752
2796,0.3175,6,4,6,594261,11349,102502,5454,0.10512616251065249,0.3245848955543653
2797,0.3176,11,25,11,594286,11324,102513,5443,0.10489458668346363,0.3246257529671378
2798,0.3177,3,12,3,594298,11312,102516,5440,0.10478343028641299,0.3247373447946514
2799,0.3178,4,14,4,594312,11298,102520,5436,0.10465374782318722,0.3248476156328433
2800,0.3179,3,18,3,594330,11280,102523,5433,0.10448701322761125,0.32507628791958354
2801,0.318,12,17,12,594347,11263,102535,5421,0.10432954166512283,0.32492208103572284
2802,0.3181,10,36,10,594383,11227,102545,5411,0.10399607247397087,0.3252193773290059
2803,0.3182,14,29,14,594412,11198,102559,5397,0.1037274445144318,0.32521843928894245
2804,0.3183,4,16,4,594428,11182,102563,5393,0.10357923598503094,0.325369532428356
2805,0.3184,13,19,13,594447,11163,102576,5380,0.1034032383563674,0.3252130810614762
2806,0.3185,13,24,13,594471,11139,102589,5367,0.10318092556226612,0.32515448927662666
2807,0.3186,1,10,1,594481,11129,102590,5366,0.10308829523139057,0.3253107002121855
2808,0.3187,8,21,8,594502,11108,102598,5358,0.10289377153655192,0.3253977893841856
2809,0.3188,5,7,5,594509,11101,102603,5353,0.10282893030493905,0.3253312264494956
2810,0.3189,13,10,13,594519,11091,102616,5340,0.10273629997406351,0.3249954354573672
2811,0.319,10,20,10,594539,11071,102626,5330,0.10255103931231242,0.3249801841351137
2812,0.3191,12,14,12,594553,11057,102638,5318,0.10242135684908667,0.32476335877862594
2813,0.3192,10,22,10,594575,11035,102648,5308,0.10221757012116048,0.32478737073976627
2814,0.3193,4,9,4,594584,11026,102652,5304,0.10213420282337249,0.32480097979179423
2815,0.3194,3,14,3,594598,11012,102655,5301,0.10200452036014673,0.3249555569177956
2816,0.3195,2,11,2,594609,11001,102657,5299,0.10190262699618363,0.3250920245398773
2817,0.3196,3,12,3,594621,10989,102660,5296,0.10179147059913297,0.32520724593183914
2818,0.3197,7,15,7,594636,10974,102667,5289,0.10165252510281966,0.32521674967718134
2819,0.3198,3,15,3,594651,10959,102670,5286,0.10151357960650635,0.3253924284395199
2820,0.3199,5,9,5,594660,10950,102675,5281,0.10143021230871836,0.3253650422031914
2821,0.32,9,24,9,594684,10926,102684,5272,0.10120789951461706,0.3254722805284603
2822,0.3201,13,34,13,594718,10892,102697,5259,0.10089295638964023,0.32561451303324873
2823,0.3202,5,6,5,594724,10886,102702,5254,0.1008373781911149,0.3255266418835192
2824,0.3203,10,8,10,594732,10878,102712,5244,0.10076327392641446,0.32526981764049123
2825,0.3204,9,14,9,594746,10864,102721,5235,0.1006335914631887,0.3251754767376856
2826,0.3205,7,21,7,594767,10843,102728,5228,0.10043906776835007,0.3253064526165142
2827,0.3206,2,5,2,594772,10838,102730,5226,0.10039275260291229,0.3253237051792829
2828,0.3207,24,29,24,594801,10809,102754,5202,0.10012412464337322,0.32490163012928613
2829,0.3208,5,9,5,594810,10800,102759,5197,0.10004075734558524,0.32487341376508094
2830,0.3209,12,48,12,594858,10752,102771,5185,0.09959613175738263,0.3253435401894961
2831,0.321,9,23,9,594881,10729,102780,5176,0.09938308199636889,0.32543225400817355
2832,0.3211,8,21,8,594902,10708,102788,5168,0.09918855830153026,0.3255228017132779
2833,0.3212,8,21,8,594923,10687,102796,5160,0.09899403460669161,0.3256136808228687
2834,0.3213,12,36,12,594959,10651,102808,5148,0.09866056541553966,0.32584340781062093
2835,0.3214,6,13,6,594972,10638,102814,5142,0.09854014598540146,0.3258555133079848
2836,0.3215,4,11,4,594983,10627,102818,5138,0.09843825262143836,0.3259118300031716
2837,0.3216,12,31,12,595014,10596,102830,5126,0.09815109859572418,0.32603994402747744
2838,0.3217,13,17,13,595031,10579,102843,5113,0.09799362703323576,0.3258348202905939
2839,0.3218,8,11,8,595042,10568,102851,5105,0.09789173366927266,0.3257193900338161
2840,0.3219,15,25,15,595067,10543,102866,5090,0.09766015784208382,0.325593296232329
2841,0.322,9,24,9,595091,10519,102875,5081,0.09743784504798252,0.3257051282051282
2842,0.3221,7,20,7,595111,10499,102882,5074,0.09725258438623142,0.32582033005843447
2843,0.3222,9,11,9,595122,10488,102891,5065,0.09715069102226834,0.325660644248698
2844,0.3223,1,3,1,595125,10485,102892,5064,0.09712290192300567,0.3256801080455335
2845,0.3224,21,52,21,595177,10433,102913,5043,0.09664122420245286,0.3258593951925562
2846,0.3225,12,6,12,595183,10427,102925,5031,0.09658564600392752,0.3254625436667098
2847,0.3226,13,42,13,595225,10385,102938,5018,0.09619659861425026,0.3257806920729728
2848,0.3227,2,12,2,595237,10373,102940,5016,0.0960854422171996,0.3259471050750536
2849,0.3228,1,6,1,595243,10367,102941,5015,0.09602986401867428,0.3260304251722793
2850,0.3229,7,17,7,595260,10350,102948,5008,0.09587239245618585,0.3260841255371793
2851,0.323,3,15,3,595275,10335,102951,5005,0.09573344695987254,0.326271186440678
2852,0.3231,9,28,9,595303,10307,102960,4996,0.09547408203342102,0.3264719336077893
2853,0.3232,6,11,6,595314,10296,102966,4990,0.09537218866945793,0.3264424964019364
2854,0.3233,6,19,6,595333,10277,102972,4984,0.0951961910407944,0.3265841032697726
2855,0.3234,7,10,7,595343,10267,102979,4977,0.09510356070991885,0.326489110469693
2856,0.3235,9,15,9,595358,10252,102988,4968,0.09496461521360554,0.3264126149802891
2857,0.3236,18,38,18,595396,10214,103006,4950,0.09461261995627848,0.3264310208388288
2858,0.3237,7,21,7,595417,10193,103013,4943,0.09441809626143985,0.32657241014799154
2859,0.3238,18,42,18,595459,10151,103031,4925,0.09402904887176257,0.3266781639692226
2860,0.3239,7,5,7,595464,10146,103038,4918,0.0939827337063248,0.3264737121614445
2861,0.324,16,46,16,595510,10100,103054,4902,0.09355663418429731,0.32675643247566993
2862,0.3241,5,9,5,595519,10091,103059,4897,0.09347326688650932,0.32672804910595143
2863,0.3242,14,32,14,595551,10059,103073,4883,0.09317684982770759,0.3267969481997055
2864,0.3243,7,21,7,595572,10038,103080,4876,0.09298232613286894,0.32694112914040496
2865,0.3244,3,13,3,595585,10025,103083,4873,0.09286190670273074,0.32709088468250774
2866,0.3245,29,41,29,595626,9984,103112,4844,0.09248212234614102,0.32667925546263826
2867,0.3246,7,4,7,595630,9980,103119,4837,0.09244507021379081,0.3264493487210636
2868,0.3247,13,20,13,595650,9960,103132,4824,0.09225980955203972,0.3262987012987013
2869,0.3248,6,19,6,595669,9941,103138,4818,0.0920838119233762,0.3264448810895047
2870,0.3249,1,12,1,595681,9929,103139,4817,0.09197265552632554,0.3266648582666486
2871,0.325,6,18,6,595699,9911,103145,4811,0.09180592093074956,0.32678983833718245
2872,0.3251,4,20,4,595719,9891,103149,4807,0.09162066026899848,0.32705129949653017
2873,0.3252,14,43,14,595762,9848,103163,4793,0.09122234984623365,0.3273683491564784
2874,0.3253,14,9,14,595771,9839,103177,4779,0.09113898254844566,0.3269257080311944
2875,0.3254,5,9,5,595780,9830,103182,4774,0.09105561525065768,0.3268967406190085
2876,0.3255,17,21,17,595801,9809,103199,4757,0.09086109155581903,0.3265824522861458
2877,0.3256,10,15,10,595816,9794,103209,4747,0.09072214605950572,0.326456227219586
2878,0.3257,13,39,13,595855,9755,103222,4734,0.09036088776909111,0.32673062323141694
2879,0.3258,5,22,5,595877,9733,103227,4729,0.09015710104116492,0.3269948831420274
2880,0.3259,5,16,5,595893,9717,103232,4724,0.09000889251176405,0.3271241603767052
2881,0.326,11,38,11,595931,9679,103243,4713,0.089656897254437,0.32747359644246804
2882,0.3261,2,4,2,595935,9675,103245,4711,0.08961984512208677,0.32747115250938413
2883,0.3262,9,15,9,595950,9660,103254,4702,0.08948089962577346,0.32739172817156387
2884,0.3263,23,37,23,595987,9623,103277,4679,0.08913816740153396,0.32715704097329046
2885,0.3264,3,2,3,595989,9621,103280,4676,0.08911964133535885,0.3270616213191579
2886,0.3265,5,20,5,596009,9601,103285,4671,0.08893438067360776,0.3272841928251121
2887,0.3266,11,33,11,596042,9568,103296,4660,0.08862870058171848,0.32752319370255834
2888,0.3267,3,11,3,596053,9557,103299,4657,0.08852680721775538,0.3276347263261573
2889,0.3268,11,12,11,596065,9545,103310,4646,0.08841565082070472,0.3273905996758509
2890,0.3269,9,23,9,596088,9522,103319,4637,0.08820260105969098,0.3274948795818914
2891,0.327,6,14,6,596102,9508,103325,4631,0.08807291859646522,0.3275337718367636
2892,0.3271,8,10,8,596112,9498,103333,4623,0.08798028826558968,0.32738474612279583
2893,0.3272,9,26,9,596138,9472,103342,4614,0.08773944940531328,0.32755927871645607
2894,0.3273,12,28,12,596166,9444,103354,4602,0.08748008447886176,0.32763776164032465
2895,0.3274,3,6,3,596172,9438,103357,4599,0.08742450628033643,0.3276341098525326
2896,0.3275,16,44,16,596216,9394,103373,4583,0.08701693282448406,0.3278958288617014
2897,0.3276,14,34,14,596250,9360,103387,4569,0.08670198969950721,0.3280206762868835
2898,0.3277,20,40,20,596290,9320,103407,4549,0.08633146837600504,0.3279976926959406
2899,0.3278,4,12,4,596302,9308,103411,4545,0.08622031197895438,0.3280877788204721
2900,0.3279,4,18,4,596320,9290,103415,4541,0.08605357738337842,0.32832043959222035
2901,0.328,16,17,16,596337,9273,103431,4525,0.08589610582089,0.3279460791419046
2902,0.3281,2,6,2,596343,9267,103433,4523,0.08584052762236467,0.32799129804205945
2903,0.3282,4,6,4,596349,9261,103437,4519,0.08578494942383934,0.3279390420899855
2904,0.3283,4,13,4,596362,9248,103441,4515,0.08566452999370114,0.32805347671292595
2905,0.3284,11,26,11,596388,9222,103452,4504,0.08542369113342473,0.3281363835057555
2906,0.3285,3,4,3,596392,9218,103455,4501,0.08538663900107452,0.3280851374006852
2907,0.3286,7,31,7,596423,9187,103462,4494,0.08509948497536034,0.32848475988597325
2908,0.3287,3,10,3,596433,9177,103465,4491,0.08500685464448479,0.32857769973661105
2909,0.3288,13,10,13,596443,9167,103478,4478,0.08491422431360925,0.3281788200806156
2910,0.3289,4,9,4,596452,9158,103482,4474,0.08483085701582126,0.32819835680751175
2911,0.329,3,17,3,596469,9141,103485,4471,0.08467338545333283,0.32846018219218337
2912,0.3291,3,5,3,596474,9136,103488,4468,0.08462707028789507,0.3284328138782711
2913,0.3292,10,27,10,596501,9109,103498,4458,0.0843769683945311,0.3285914350998747
2914,0.3293,13,18,13,596519,9091,103511,4445,0.08421023379895513,0.3283835697399527
2915,0.3294,5,11,5,596530,9080,103516,4440,0.08410834043499203,0.32840236686390534
2916,0.3295,18,21,18,596551,9059,103534,4422,0.0839138167401534,0.3280172094058304
2917,0.3296,5,20,5,596571,9039,103539,4417,0.08372855607840231,0.3282550535077289
2918,0.3297,11,24,11,596595,9015,103550,4406,0.08350624328430101,0.3282914834960137
2919,0.3298,4,18,4,596613,8997,103554,4402,0.08333950868872504,0.32853197999850736
2920,0.3299,15,19,15,596632,8978,103569,4387,0.0831635110600615,0.32824541713430605
2921,0.33,4,9,4,596641,8969,103573,4383,0.08308014376227352,0.32826542840023964
2922,0.3301,22,46,22,596687,8923,103595,4361,0.08265404424024603,0.32828967178560675
2923,0.3302,6,10,6,596697,8913,103601,4355,0.08256141390937048,0.3282333433825746
2924,0.3303,2,10,2,596707,8903,103603,4353,0.08246878357849494,0.32837960168980085
2925,0.3304,4,14,4,596721,8889,103607,4349,0.08233910111526918,0.3285239462154404
2926,0.3305,5,6,5,596727,8883,103612,4344,0.08228352291674386,0.3284191426627353
2927,0.3306,5,11,5,596738,8872,103617,4339,0.08218162955278076,0.3284384225266823
2928,0.3307,13,15,13,596753,8857,103630,4326,0.08204268405646745,0.32814989000986117
2929,0.3308,9,10,9,596763,8847,103639,4317,0.0819500537255919,0.3279398359161349
2930,0.3309,3,5,3,596768,8842,103642,4314,0.08190373856015414,0.32791121921556704
2931,0.331,12,29,12,596797,8813,103654,4302,0.08163511060061507,0.32802134959969503
2932,0.3311,2,7,2,596804,8806,103656,4300,0.08157026936900219,0.32809400274683354
2933,0.3312,8,5,8,596809,8801,103664,4292,0.08152395420356441,0.327808752768655
2934,0.3313,5,12,5,596821,8789,103669,4287,0.08141279780651377,0.32785255429795046
2935,0.3314,5,26,5,596847,8763,103674,4282,0.08117195894623735,0.3282483710233806
2936,0.3315,6,15,6,596862,8748,103680,4276,0.08103301344992404,0.3283169533169533
2937,0.3316,10,24,10,596886,8724,103690,4266,0.08081070065582274,0.32840646651270206
2938,0.3317,5,13,5,596899,8711,103695,4261,0.08069028122568454,0.3284767190872649
2939,0.3318,2,8,2,596907,8703,103697,4259,0.08061617696098411,0.32857583706218174
2940,0.3319,3,12,3,596919,8691,103700,4256,0.08050502056393345,0.3287248011122268
2941,0.332,2,3,2,596922,8688,103702,4254,0.0804772314646708,0.3286972647195178
2942,0.3321,13,17,13,596939,8671,103715,4241,0.08031975990218237,0.3284541511771995
2943,0.3322,6,20,6,596959,8651,103721,4235,0.08013449924043128,0.32865124941797297
2944,0.3323,5,20,5,596979,8631,103726,4230,0.0799492385786802,0.3289013296011197
2945,0.3324,2,6,2,596985,8625,103728,4228,0.07989366038015487,0.3289504395860888
2946,0.3325,5,7,5,596992,8618,103733,4223,0.079828819148542,0.3288684681878358
2947,0.3326,17,23,17,597015,8595,103750,4206,0.07961576938752825,0.3285680806187017
2948,0.3327,5,10,5,597025,8585,103755,4201,0.07952313905665272,0.32856249022368217
2949,0.3328,11,17,11,597042,8568,103766,4190,0.0793656674941643,0.3284213826618592
2950,0.3329,15,36,15,597078,8532,103781,4175,0.07903219830301234,0.3285590619343669
2951,0.333,16,26,16,597104,8506,103797,4159,0.07879135944273592,0.32838531385708647
2952,0.3331,4,14,4,597118,8492,103801,4155,0.07866167697951017,0.32853641179726417
2953,0.3332,4,13,4,597131,8479,103805,4151,0.07854125754937197,0.32866191607284245
2954,0.3333,3,4,3,597135,8475,103808,4148,0.07850420541702174,0.3286065119226808
2955,0.3334,7,22,7,597157,8453,103815,4141,0.07830041868909556,0.32880736858821663
2956,0.3335,7,10,7,597167,8443,103822,4134,0.07820778835822001,0.32869523733799794
2957,0.3336,3,8,3,597175,8435,103825,4131,0.07813368409351958,0.32874423046315454
2958,0.3337,2,12,2,597187,8423,103827,4129,0.07802252769646893,0.3289515615041428
2959,0.3338,8,9,8,597196,8414,103835,4121,0.07793916039868094,0.32875947347427203
2960,0.3339,11,17,11,597213,8397,103846,4110,0.07778168883619252,0.3286159750539698
2961,0.334,9,34,9,597247,8363,103855,4101,0.07746674571121569,0.32902759948652116
2962,0.3341,9,15,9,597262,8348,103864,4092,0.07732780021490236,0.32893890675241155
2963,0.3342,3,5,3,597267,8343,103867,4089,0.0772814850494646,0.32890926640926643
2964,0.3343,6,15,6,597282,8328,103873,4083,0.07714253955315128,0.328982354363065
2965,0.3344,4,19,4,597301,8309,103877,4079,0.07696654192448775,0.32927026154342914
2966,0.3345,12,15,12,597316,8294,103889,4067,0.07682759642817444,0.32901868780842974
2967,0.3346,3,12,3,597328,8282,103892,4064,0.0767164400311238,0.3291754414385226
2968,0.3347,18,27,18,597355,8255,103910,4046,0.07646633813775983,0.3289163482643688
2969,0.3348,8,9,8,597364,8246,103918,4038,0.07638297083997184,0.32872028655161184
2970,0.3349,15,22,15,597386,8224,103933,4023,0.07617918411204565,0.32848860945537683
2971,0.335,5,11,5,597397,8213,103938,4018,0.07607729074808255,0.3285095249775161
2972,0.3351,15,31,15,597428,8182,103953,4003,0.07579013672236837,0.3285186704965121
2973,0.3352,22,43,22,597471,8139,103975,3981,0.07539182629960355,0.3284653465346535
2974,0.3353,4,12,4,597483,8127,103979,3977,0.07528066990255289,0.32856906807666886
2975,0.3354,2,9,2,597492,8118,103981,3975,0.0751973026047649,0.3287025551972215
2976,0.3355,4,16,4,597508,8102,103985,3971,0.07504909407536403,0.3289157624451255
2977,0.3356,3,10,3,597518,8092,103988,3968,0.0749564637444885,0.32902155887230516
2978,0.3357,5,10,5,597528,8082,103993,3963,0.07486383341361295,0.3290161892901619
2979,0.3358,8,16,8,597544,8066,104001,3955,0.07471562488421209,0.3290075700856834
2980,0.3359,5,22,5,597566,8044,104006,3950,0.0745118381562859,0.32933133233283307
2981,0.336,7,23,7,597589,8021,104013,3943,0.07429878839527215,0.32957204948177865
2982,0.3361,3,6,3,597595,8015,104016,3940,0.07424321019674682,0.32956921790046007
2983,0.3362,7,17,7,597612,7998,104023,3933,0.07408573863425841,0.32964546140306766
2984,0.3363,3,10,3,597622,7988,104026,3930,0.07399310830338286,0.3297533143144823
2985,0.3364,11,29,11,597651,7959,104037,3919,0.07372448034384378,0.32993769994948646
2986,0.3365,9,11,9,597662,7948,104046,3910,0.0736225869798807,0.32973519986507
2987,0.3366,14,24,14,597686,7924,104060,3896,0.0734002741857794,0.3296108291032149
2988,0.3367,3,8,3,597694,7916,104063,3893,0.07332616992107896,0.3296638157337624
2989,0.3368,5,12,5,597706,7904,104068,3888,0.0732150135240283,0.32971506105834464
2990,0.3369,5,17,5,597723,7887,104073,3883,0.07305754196153989,0.3299065420560748
2991,0.337,6,21,6,597744,7866,104079,3877,0.07286301826670125,0.3301541343779273
2992,0.3371,6,13,6,597757,7853,104085,3871,0.07274259883656305,0.33017741385192767
2993,0.3372,10,35,10,597792,7818,104095,3861,0.07241839267849864,0.3305933727202671
2994,0.3373,0,6,0,597798,7812,104095,3861,0.07236281447997332,0.330763299922899
2995,0.3374,21,30,21,597828,7782,104116,3840,0.0720849234873467,0.3304078471863707
2996,0.3375,11,23,11,597851,7759,104127,3829,0.07187187372633295,0.3304280289955126
2997,0.3376,2,13,2,597864,7746,104129,3827,0.07175145429619474,0.33068348742763326
2998,0.3377,4,14,4,597878,7732,104133,3823,0.07162177183296899,0.33085244482907833
2999,0.3378,12,23,12,597901,7709,104145,3811,0.07140872207195524,0.3308159722222222
3000,0.3379,12,28,12,597929,7681,104157,3799,0.07114935714550373,0.3309233449477352
3001,0.338,5,3,5,597932,7678,104162,3794,0.07112156804624106,0.33071827057182707
3002,0.3381,9,18,9,597950,7660,104171,3785,0.07095483345066508,0.3307121013543032
3003,0.3382,9,18,9,597968,7642,104180,3776,0.0707880988550891,0.3307059029602382
3004,0.3383,14,35,14,598003,7607,104194,3762,0.07046389269702472,0.33089981528718443
3005,0.3384,1,5,1,598008,7602,104195,3761,0.07041757753158694,0.33098653524597377
3006,0.3385,4,22,4,598030,7580,104199,3757,0.07021379080366075,0.33139278468730704
3007,0.3386,5,12,5,598042,7568,104204,3752,0.0701026344066101,0.3314487632508834
3008,0.3387,7,18,7,598060,7550,104211,3745,0.06993589981103412,0.3315626383355467
3009,0.3388,10,18,10,598078,7532,104221,3735,0.06976916521545815,0.33149906807490903
3010,0.3389,0,1,0,598079,7531,104221,3735,0.06975990218237059,0.33152849281022545
3011,0.339,3,6,3,598085,7525,104224,3732,0.06970432398384527,0.33152704983565784
3012,0.3391,17,30,17,598115,7495,104241,3715,0.06942643299121865,0.33140053523639607
3013,0.3392,12,40,12,598155,7455,104253,3703,0.06905591166771648,0.3318695106649937
3014,0.3393,8,8,8,598163,7447,104261,3695,0.06898180740301604,0.33162807395440674
3015,0.3394,13,29,13,598192,7418,104274,3682,0.06871317944347698,0.3317117117117117
3016,0.3395,7,21,7,598213,7397,104281,3675,0.06851865574863833,0.3319183526011561
3017,0.3396,12,17,12,598230,7380,104293,3663,0.0683611841861499,0.33170334148329256
3018,0.3397,3,3,3,598233,7377,104296,3660,0.06833339508688725,0.33161185104648
3019,0.3398,7,10,7,598243,7367,104303,3653,0.06824076475601171,0.3314882032667877
3020,0.3399,1,7,1,598250,7360,104304,3652,0.06817592352439883,0.3316382128586996
3021,0.34,8,19,8,598269,7341,104312,3644,0.0679999258957353,0.3317250796540737
3022,0.3401,14,28,14,598297,7313,104326,3630,0.06774056096928378,0.33171890706387647
3023,0.3402,23,39,23,598336,7274,104349,3607,0.06737930267886917,0.33149526697913795
3024,0.3403,1,4,1,598340,7270,104350,3606,0.06734225054651895,0.3315557190143435
3025,0.3404,6,5,6,598345,7265,104356,3600,0.06729593538108118,0.33133916244822825
3026,0.3405,16,48,16,598393,7217,104372,3584,0.06685130979287858,0.3318211276733636
3027,0.3406,5,28,5,598421,7189,104377,3579,0.06659194486642707,0.3323736998514116
3028,0.3407,6,16,6,598437,7173,104383,3573,0.0664437363370262,0.3324958123953099
3029,0.3408,2,9,2,598446,7164,104385,3571,0.06636036903923821,0.3326502095947834
3030,0.3409,8,18,8,598464,7146,104393,3563,0.06619363444366223,0.3327108039966383
3031,0.341,4,15,4,598479,7131,104397,3559,0.06605468894734892,0.33292797006548175
3032,0.3411,3,7,3,598486,7124,104400,3556,0.06598984771573604,0.33295880149812734
3033,0.3412,7,9,7,598495,7115,104407,3549,0.06590648041794805,0.3328019504876219
3034,0.3413,1,19,1,598514,7096,104408,3548,0.06573048278928452,0.3333333333333333
3035,0.3414,15,39,15,598553,7057,104423,3533,0.06536922449886991,0.3336166194523135
3036,0.3415,2,10,2,598563,7047,104425,3531,0.06527659416799436,0.33380601247872943
3037,0.3416,4,16,4,598579,7031,104429,3527,0.0651283856385935,0.3340594809623035
3038,0.3417,15,23,15,598602,7008,104444,3512,0.06491533587757975,0.3338403041825095
3039,0.3418,3,12,3,598614,6996,104447,3509,0.0648041794805291,0.33403141361256544
3040,0.3419,4,13,4,598627,6983,104451,3505,0.0646837600503909,0.3341914569031274
3041,0.342,9,11,9,598638,6972,104460,3496,0.0645818666864278,0.33397019487963314
3042,0.3421,1,4,1,598642,6968,104461,3495,0.06454481455407758,0.3340342158080856
3043,0.3422,4,12,4,598654,6956,104465,3491,0.06443365815702694,0.3341629175839954
3044,0.3423,9,29,9,598683,6927,104474,3482,0.06416503019748787,0.3345182053991738
3045,0.3424,12,45,12,598728,6882,104486,3470,0.06374819370854792,0.33520092735703244
3046,0.3425,0,1,0,598729,6881,104486,3470,0.06373893067546037,0.3352333107912279
3047,0.3426,16,30,16,598759,6851,104502,3454,0.06346103968283374,0.3351770984958758
3048,0.3427,13,24,13,598783,6827,104515,3441,0.06323872688873244,0.33511881573821584
3049,0.3428,13,19,13,598802,6808,104528,3428,0.06306272926006892,0.33489644392340756
3050,0.3429,25,50,25,598852,6758,104553,3403,0.06259957760569121,0.3349079814978841
3051,0.343,11,22,11,598874,6736,104564,3392,0.06239579087776501,0.334913112164297
3052,0.3431,5,12,5,598886,6724,104569,3387,0.06228463448071436,0.3349817030956384
3053,0.3432,4,10,4,598896,6714,104573,3383,0.062192004149838824,0.3350500148558978
3054,0.3433,2,16,2,598912,6698,104575,3381,0.06204379562043796,0.33544994543109435
3055,0.3434,9,14,9,598926,6684,104584,3372,0.061914113157212194,0.3353221957040573
3056,0.3435,3,13,3,598939,6671,104587,3369,0.061793693727073995,0.3355577689243028
3057,0.3436,2,6,2,598945,6665,104589,3367,0.061738115528548666,0.3356259968102073
3058,0.3437,3,14,3,598959,6651,104592,3364,0.06160843306532291,0.33589615576635046
3059,0.3438,6,14,6,598973,6637,104598,3358,0.06147875060209715,0.335967983991996
3060,0.3439,4,12,4,598985,6625,104602,3354,0.0613675942050465,0.336105822226676
3061,0.344,12,26,12,599011,6599,104614,3342,0.06112675534477009,0.33618348254702746
3062,0.3441,5,9,5,599020,6590,104619,3337,0.0610433880469821,0.3361539236425909
3063,0.3442,15,34,15,599054,6556,104634,3322,0.06072844492200526,0.3363028953229399
3064,0.3443,11,19,11,599073,6537,104645,3311,0.060552447293341735,0.33621039805036557
3065,0.3444,9,10,9,599083,6527,104654,3302,0.06045981696246619,0.3359446535761522
3066,0.3445,2,8,2,599091,6519,104656,3300,0.060385712697765756,0.3360831041857623
3067,0.3446,4,5,4,599096,6514,104660,3296,0.06033939753232798,0.3359836901121305
3068,0.3447,2,9,2,599105,6505,104662,3294,0.06025603023454,0.3361567506888458
3069,0.3448,19,30,19,599135,6475,104681,3275,0.05997813924191337,0.33589743589743587
3070,0.3449,6,4,6,599139,6471,104687,3269,0.059941087109563154,0.33562628336755645
3071,0.345,1,2,1,599141,6469,104688,3268,0.05992256104338805,0.3356269898325973
3072,0.3451,3,4,3,599145,6465,104691,3265,0.05988550891103783,0.3355601233299075
3073,0.3452,4,7,4,599152,6458,104695,3261,0.05982066767942495,0.33552834653770963
3074,0.3453,5,12,5,599164,6446,104700,3256,0.0597095112823743,0.3356009070294785
3075,0.3454,3,13,3,599177,6433,104703,3253,0.0595890918522361,0.33584555027875285
3076,0.3455,4,4,4,599181,6429,104707,3249,0.05955203971988588,0.33570985740855547
3077,0.3456,0,3,0,599184,6426,104707,3249,0.05952425062062322,0.3358139534883721
3078,0.3457,2,11,2,599195,6415,104709,3247,0.05942235725666012,0.336058787000621
3079,0.3458,3,8,3,599203,6407,104712,3244,0.059348252991959685,0.33613097088384625
3080,0.3459,4,6,4,599209,6401,104716,3240,0.05929267479343436,0.3360647235763925
3081,0.346,11,17,11,599226,6384,104727,3229,0.05913520323094594,0.3358993030271507
3082,0.3461,7,15,7,599241,6369,104734,3222,0.05899625773463263,0.33593994369721614
3083,0.3462,6,13,6,599254,6356,104740,3216,0.05887583830449442,0.3359799414960301
3084,0.3463,9,15,9,599269,6341,104749,3207,0.05873689280818111,0.3358818600754085
3085,0.3464,2,10,2,599279,6331,104751,3205,0.058644262477305566,0.33609479865771813
3086,0.3465,9,25,9,599304,6306,104760,3196,0.058412686650116716,0.33635024205430436
3087,0.3466,6,13,6,599317,6293,104766,3190,0.05829226721997851,0.3363914373088685
3088,0.3467,1,9,1,599326,6284,104767,3189,0.05820889992219052,0.33664097962630635
3089,0.3468,5,11,5,599337,6273,104772,3184,0.058107006558227425,0.33668182298826266
3090,0.3469,4,4,4,599341,6269,104776,3180,0.05806995442587721,0.33654354958196636
3091,0.347,6,16,6,599357,6253,104782,3174,0.05792174589647634,0.3366924790495386
3092,0.3471,3,3,3,599360,6250,104785,3171,0.05789395679721368,0.3365884725612992
3093,0.3472,4,9,4,599369,6241,104789,3167,0.05781058949942569,0.3366284013605442
3094,0.3473,6,15,6,599384,6226,104795,3161,0.05767164400311238,0.3367423031852562
3095,0.3474,7,7,7,599391,6219,104802,3154,0.0576068027714995,0.3364984530033074
3096,0.3475,3,7,3,599398,6212,104805,3151,0.05754196153988662,0.33653743458293284
3097,0.3476,9,13,9,599411,6199,104814,3142,0.05742154210974842,0.33636655604325016
3098,0.3477,4,9,4,599420,6190,104818,3138,0.05733817481196043,0.3364065180102916
3099,0.3478,3,6,3,599426,6184,104821,3135,0.057282596613435106,0.33640948599635156
3100,0.3479,9,14,9,599440,6170,104830,3126,0.057152914150209344,0.3362736660929432
3101,0.348,15,24,15,599464,6146,104845,3111,0.05693060135610804,0.3360700010802636
3102,0.3481,3,8,3,599472,6138,104848,3108,0.05685649709140761,0.33614536015574303
3103,0.3482,4,9,4,599481,6129,104852,3104,0.05677312979361962,0.3361854218563847
3104,0.3483,3,9,3,599490,6120,104855,3101,0.05668976249583164,0.33629758160720097
3105,0.3484,5,11,5,599501,6109,104860,3096,0.056587869131868536,0.3363389462248778
3106,0.3485,13,24,13,599525,6085,104873,3083,0.05636555633776724,0.3362783595113438
3107,0.3486,7,14,7,599539,6071,104880,3076,0.05623587387454148,0.3362851208046354
3108,0.3487,3,9,3,599548,6062,104883,3073,0.05615250657675349,0.3363984674329502
3109,0.3488,16,27,16,599575,6035,104899,3057,0.05590240468338953,0.336229652441707
3110,0.3489,10,14,10,599589,6021,104909,3047,0.05577272222016377,0.3360167622408469
3111,0.349,3,7,3,599596,6014,104912,3044,0.05570788098855089,0.3360565246191212
3112,0.3491,4,8,4,599604,6006,104916,3040,0.055633776723850455,0.3360601370771612
3113,0.3492,1,1,1,599605,6005,104917,3039,0.055624513690762906,0.33602388323750554
3114,0.3493,1,8,1,599613,5997,104918,3038,0.05555040942606247,0.3362479247371334
3115,0.3494,5,11,5,599624,5986,104923,3033,0.05544851606209937,0.3362900543297483
3116,0.3495,16,44,16,599668,5942,104939,3017,0.05504094260624699,0.3367563344123228
3117,0.3496,3,12,3,599680,5930,104942,3014,0.05492978620919634,0.3369856887298748
3118,0.3497,10,4,10,599684,5926,104952,3004,0.054892734076846125,0.33639417693169094
3119,0.3498,7,12,7,599696,5914,104959,2997,0.054781577679795475,0.33632588935024127
3120,0.3499,8,19,8,599715,5895,104967,2989,0.05460558005113194,0.3364475461503827
3121,0.35,3,7,3,599722,5888,104970,2986,0.05454073881951906,0.3364886184358801
3122,0.3501,5,9,5,599731,5879,104975,2981,0.05445737152173107,0.33645598194130927
3123,0.3502,4,9,4,599740,5870,104979,2977,0.05437400422394309,0.3364982479936702
3124,0.3503,12,19,12,599759,5851,104991,2965,0.05419800659527956,0.3363203266787659
3125,0.3504,2,12,2,599771,5839,104993,2963,0.05408685019822891,0.3366280390820268
3126,0.3505,7,15,7,599786,5824,105000,2956,0.05394790470191559,0.3366742596810934
3127,0.3506,4,15,4,599801,5809,105004,2952,0.05380895920560228,0.3369478370049081
3128,0.3507,4,4,4,599805,5805,105008,2948,0.053771907073252065,0.33679881183594196
3129,0.3508,3,7,3,599812,5798,105011,2945,0.05370706584163919,0.3368409012924625
3130,0.3509,4,24,4,599836,5774,105015,2941,0.053484753047537886,0.33746414228341937
3131,0.351,3,7,3,599843,5767,105018,2938,0.05341991181592501,0.3375071797817346
3132,0.3511,5,12,5,599855,5755,105023,2933,0.05330875541887436,0.33759208103130756
3133,0.3512,4,10,4,599865,5745,105027,2929,0.05321612508799881,0.33767581277380676
3134,0.3513,3,11,3,599876,5734,105030,2926,0.05311423172403572,0.3378752886836028
3135,0.3514,9,33,9,599909,5701,105039,2917,0.05280855163214643,0.33847760501276397
3136,0.3515,8,13,8,599922,5688,105047,2909,0.05268813220200823,0.3383738513434919
3137,0.3516,10,7,10,599929,5681,105057,2899,0.052623290970395344,0.3378787878787879
3138,0.3517,9,13,9,599942,5668,105066,2890,0.052502871540257144,0.33769572329983644
3139,0.3518,1,7,1,599949,5661,105067,2889,0.05243803030864426,0.33789473684210525
3140,0.3519,2,11,2,599960,5650,105069,2887,0.052336136944681165,0.33817500292842917
3141,0.352,11,15,11,599975,5635,105080,2876,0.052197191448367854,0.3379156385853601
3142,0.3521,6,15,6,599990,5620,105086,2870,0.05205824595205454,0.3380447585394582
3143,0.3522,0,4,0,599994,5616,105086,2870,0.052021193819704326,0.3382041008720245
3144,0.3523,4,11,4,600005,5605,105090,2866,0.05191930045574123,0.33833077558729785
3145,0.3524,6,17,6,600022,5588,105096,2860,0.05176182889325281,0.3385416666666667
3146,0.3525,7,16,7,600038,5572,105103,2853,0.05161362036385194,0.33863501483679526
3147,0.3526,9,15,9,600053,5557,105112,2844,0.05147467486753863,0.3385311272467563
3148,0.3527,4,4,4,600057,5553,105116,2840,0.05143762273518841,0.3383772191111641
3149,0.3528,9,13,9,600070,5540,105125,2831,0.051317203305050206,0.3381913749850675
3150,0.3529,2,5,2,600075,5535,105127,2829,0.05127088813961243,0.3382352941176471
3151,0.353,16,28,16,600103,5507,105143,2813,0.051011523213160916,0.33810096153846153
3152,0.3531,6,16,6,600119,5491,105149,2807,0.05086331468376005,0.3382742829597493
3153,0.3532,7,22,7,600141,5469,105156,2800,0.05065952795583386,0.3386141008586286
3154,0.3533,5,8,5,600149,5461,105161,2795,0.050585423691133426,0.3385416666666667
3155,0.3534,2,12,2,600161,5449,105163,2793,0.050474267294082775,0.33887405969424894
3156,0.3535,7,6,7,600167,5443,105170,2786,0.05041868909555745,0.33855875562036697
3157,0.3536,4,5,4,600172,5438,105174,2782,0.05037237393011968,0.33844282238442824
3158,0.3537,18,44,18,600216,5394,105192,2764,0.049964800474267296,0.3388085315028193
3159,0.3538,6,6,6,600222,5388,105198,2758,0.04990922227574197,0.3385710778296096
3160,0.3539,7,11,7,600233,5377,105205,2751,0.04980732891177887,0.3384596456692913
3161,0.354,7,19,7,600252,5358,105212,2744,0.049631331283115344,0.3386818069612441
3162,0.3541,3,8,3,600260,5350,105215,2741,0.04955722701841491,0.33877147447781486
3163,0.3542,3,4,3,600264,5346,105218,2738,0.049520174886064694,0.33869371598218706
3164,0.3543,3,12,3,600276,5334,105221,2735,0.049409018489014044,0.3389515429421242
3165,0.3544,19,19,19,600295,5315,105240,2716,0.049233020860350515,0.3381895156269456
3166,0.3545,11,11,11,600306,5304,105251,2705,0.049131127496387414,0.3377450368335622
3167,0.3546,8,10,8,600316,5294,105259,2697,0.049038497165511875,0.3375046927793768
3168,0.3547,1,8,1,600324,5286,105260,2696,0.04896439290081144,0.33775995990979707
3169,0.3548,13,13,13,600337,5273,105273,2683,0.048843973470673235,0.33722976370035196
3170,0.3549,1,8,1,600345,5265,105274,2682,0.0487698692059728,0.33748584371460927
3171,0.355,5,5,5,600350,5260,105279,2677,0.048723554040535036,0.3372810885725085
3172,0.3551,10,32,10,600382,5228,105289,2667,0.0484271369817333,0.33780873970867636
3173,0.3552,2,11,2,600393,5217,105291,2665,0.0483252436177702,0.33811215427556457
3174,0.3553,3,8,3,600401,5209,105294,2662,0.048251139353069766,0.3382035319527379
3175,0.3554,3,4,3,600405,5205,105297,2659,0.04821408722071955,0.33812309257375384
3176,0.3555,3,2,3,600407,5203,105300,2656,0.048195561154544445,0.337956483013106
3177,0.3556,7,3,7,600410,5200,105307,2649,0.048167772055281784,0.3374952223213148
3178,0.3557,4,8,4,600418,5192,105311,2645,0.04809366779058135,0.337501594998086
3179,0.3558,5,7,5,600425,5185,105316,2640,0.048028826558968465,0.33738019169329075
3180,0.3559,15,32,15,600457,5153,105331,2625,0.04773240950016674,0.3374903574183595
3181,0.356,10,15,10,600472,5138,105341,2615,0.04759346400385342,0.33728879143557333
3182,0.3561,5,6,5,600478,5132,105346,2610,0.0475378858053281,0.33712219064841126
3183,0.3562,6,9,6,600487,5123,105352,2604,0.04745451850754011,0.33700012941633234
3184,0.3563,2,8,2,600495,5115,105354,2602,0.047380414242839675,0.33717765971232344
3185,0.3564,3,6,3,600501,5109,105357,2599,0.04732483604431435,0.3371821484172289
3186,0.3565,4,6,4,600507,5103,105361,2595,0.047269257845789024,0.3371005455962588
3187,0.3566,5,10,5,600517,5093,105366,2590,0.047176627514913486,0.3371079005596772
3188,0.3567,3,14,3,600531,5079,105369,2587,0.04704694505168772,0.33746412731541875
3189,0.3568,3,4,3,600535,5075,105372,2584,0.047009892919337506,0.33738085911998955
3190,0.3569,6,18,6,600553,5057,105378,2578,0.046843158323761534,0.3376555337262606
3191,0.357,1,6,1,600559,5051,105379,2577,0.046787580125236206,0.3378342947037231
3192,0.3571,10,22,10,600581,5029,105389,2567,0.04658379339731002,0.3379410215903107
3193,0.3572,3,7,3,600588,5022,105392,2564,0.04651895216569714,0.33799103611916687
3194,0.3573,7,20,7,600608,5002,105399,2557,0.046333691503946055,0.3382722582352163
3195,0.3574,3,5,3,600613,4997,105402,2554,0.04628737633850828,0.33823334657661236
3196,0.3575,7,19,7,600632,4978,105409,2547,0.046111378709844754,0.3384717607973422
3197,0.3576,9,24,9,600656,4954,105418,2538,0.04588906591574345,0.3387613454351308
3198,0.3577,2,8,2,600664,4946,105420,2536,0.04581496165104302,0.33894680566693397
3199,0.3578,4,20,4,600684,4926,105424,2532,0.045629700989291935,0.3395012067578439
3200,0.3579,11,19,11,600703,4907,105435,2521,0.04545370336062841,0.3393914916532041
3201,0.358,7,17,7,600720,4890,105442,2514,0.045296231798139984,0.3395461912479741
3202,0.3581,6,28,6,600748,4862,105448,2508,0.045036866871688466,0.3402985074626866
3203,0.3582,4,6,4,600754,4856,105452,2504,0.04498128867316314,0.3402173913043478
3204,0.3583,9,11,9,600765,4845,105461,2495,0.04487939530920004,0.3399182561307902
3205,0.3584,9,25,9,600790,4820,105470,2486,0.04464781948201119,0.3402682726526143
3206,0.3585,1,7,1,600797,4813,105471,2485,0.04458297825039831,0.3405042477391066
3207,0.3586,7,12,7,600809,4801,105478,2478,0.04447182185334766,0.3404313779365297
3208,0.3587,2,6,2,600815,4795,105480,2476,0.044416243654822336,0.34053087608306976
3209,0.3588,3,13,3,600828,4782,105483,2473,0.04429582422468413,0.340868366643694
3210,0.3589,6,12,6,600840,4770,105489,2467,0.04418466782763348,0.3408871079176454
3211,0.359,4,14,4,600854,4756,105493,2463,0.044054985364407724,0.3411829893337027
3212,0.3591,9,18,9,600872,4738,105502,2454,0.043888250768831745,0.34121245828698554
3213,0.3592,5,9,5,600881,4729,105507,2449,0.043804883471043755,0.34118138757314015
3214,0.3593,13,22,13,600903,4707,105520,2436,0.043601096743117566,0.34103317933641325
3215,0.3594,4,14,4,600917,4693,105524,2432,0.04347141427989181,0.3413333333333333
3216,0.3595,6,16,6,600933,4677,105530,2426,0.043323205750490944,0.34154582570744757
3217,0.3596,6,9,6,600942,4668,105536,2420,0.043239838452702954,0.34142212189616256
3218,0.3597,13,34,13,600976,4634,105549,2407,0.04292489532772611,0.34185485016332906
3219,0.3598,14,39,14,601015,4595,105563,2393,0.042563637037311496,0.3424441900400687
3220,0.3599,11,30,11,601045,4565,105574,2382,0.04228574604468487,0.3428818194904275
3221,0.36,9,19,9,601064,4546,105583,2373,0.042109748416021345,0.34296863708628417
3222,0.3601,2,6,2,601070,4540,105585,2371,0.042054170217496016,0.3430762552452612
3223,0.3602,14,22,14,601092,4518,105599,2357,0.04185038348956983,0.34283636363636366
3224,0.3603,7,20,7,601112,4498,105606,2350,0.04166512282781874,0.3431658878504673
3225,0.3604,4,7,4,601119,4491,105610,2346,0.04160028159620586,0.34313295304958313
3226,0.3605,4,13,4,601132,4478,105614,2342,0.04147986216606766,0.3434017595307918
3227,0.3606,3,7,3,601139,4471,105617,2339,0.04141502093445478,0.34346549192364173
3228,0.3607,5,10,5,601149,4461,105622,2334,0.041322390603579236,0.3434878587196468
3229,0.3608,1,1,1,601150,4460,105623,2333,0.04131312757049168,0.3434417783011924
3230,0.3609,6,15,6,601165,4445,105629,2327,0.04117418207417837,0.3436207914943887
3231,0.361,10,9,10,601174,4436,105639,2317,0.04109081477639038,0.3431067673626536
3232,0.3611,3,8,3,601182,4428,105642,2314,0.041016710511689945,0.3432215959655888
3233,0.3613,4,16,4,601198,4412,105646,2310,0.04086850198228908,0.3436477238916989
3234,0.3614,5,11,5,601209,4401,105651,2305,0.040766608618325983,0.34372203996421113
3235,0.3615,12,28,12,601237,4373,105663,2293,0.040507243691874466,0.34398439843984396
3236,0.3616,5,34,5,601271,4339,105668,2288,0.040192300566897626,0.34525426286404104
3237,0.3617,8,18,8,601289,4321,105676,2280,0.04002556597132165,0.34540221178609304
3238,0.3618,3,4,3,601293,4317,105679,2277,0.03998851383897143,0.3453139217470428
3239,0.3619,9,13,9,601306,4304,105688,2268,0.03986809440883323,0.3451004260499087
3240,0.362,4,15,4,601321,4289,105692,2264,0.03972914891251991,0.3454906149855028
3241,0.3621,2,5,2,601326,4284,105694,2262,0.03968283374708215,0.34555453712190654
3242,0.3622,3,13,3,601339,4271,105697,2259,0.03956241431694394,0.3459418070444104
3243,0.3623,10,10,10,601349,4261,105707,2249,0.039469783986068395,0.345468509984639
3244,0.3624,2,9,2,601358,4252,105709,2247,0.03938641668828041,0.3457454993075858
3245,0.3625,3,8,3,601366,4244,105712,2244,0.03931231242357998,0.34586929716399506
3246,0.3626,14,20,14,601386,4224,105726,2230,0.039127051761828895,0.3455221568019833
3247,0.3627,2,3,2,601389,4221,105728,2228,0.039099262662566234,0.3454799193673438
3248,0.3628,6,11,6,601400,4210,105734,2222,0.03899736929860313,0.3454601990049751
3249,0.3629,8,15,8,601415,4195,105742,2214,0.03885842380228982,0.34545170853487284
3250,0.363,7,8,7,601423,4187,105749,2207,0.03878431953758939,0.3451673443853613
3251,0.3631,15,28,15,601451,4159,105764,2192,0.03852495461113787,0.34514249724452845
3252,0.3632,8,2,8,601453,4157,105772,2184,0.038506428544962765,0.3444251695316196
3253,0.3633,3,5,3,601458,4152,105775,2181,0.03846011337952499,0.34438654666035057
3254,0.3634,7,15,7,601473,4137,105782,2174,0.03832116788321168,0.344477895737601
3255,0.3635,6,19,6,601492,4118,105788,2168,0.03814517025454815,0.3448934139357302
3256,0.3636,10,13,10,601505,4105,105798,2158,0.038024750824409946,0.34456330831869714
3257,0.3637,3,9,3,601514,4096,105801,2155,0.037941383526621957,0.3447448408254679
3258,0.3638,3,8,3,601522,4088,105804,2152,0.03786727926192152,0.34487179487179487
3259,0.364,7,15,7,601537,4073,105811,2145,0.03772833376560821,0.3449662270826632
3260,0.3641,1,9,1,601546,4064,105812,2144,0.03764496646782022,0.34536082474226804
3261,0.3642,0,3,0,601549,4061,105812,2144,0.03761717736855756,0.34552780016116036
3262,0.3643,2,19,2,601568,4042,105814,2142,0.03744117973989403,0.3463777490297542
3263,0.3644,1,5,1,601573,4037,105815,2141,0.03739486457445626,0.3465522822920039
3264,0.3645,12,10,12,601583,4027,105827,2129,0.037302234243580715,0.3458414554905783
3265,0.3646,2,8,2,601591,4019,105829,2127,0.03722812997888029,0.3460787504067686
3266,0.3647,3,5,3,601596,4014,105832,2124,0.037181814813442515,0.3460410557184751
3267,0.3648,3,9,3,601605,4005,105835,2121,0.037098447515654526,0.3462291870714985
3268,0.3649,12,12,12,601617,3993,105847,2109,0.036987291118603875,0.3456243854473943
3269,0.365,16,22,16,601639,3971,105863,2093,0.036783504390677686,0.3451517150395778
3270,0.3651,6,14,6,601653,3957,105869,2087,0.036653821927451924,0.34530112508272665
3271,0.3652,6,13,6,601666,3944,105875,2081,0.03653340249731372,0.3453941908713693
3272,0.3653,1,8,1,601674,3936,105876,2080,0.036459298232613284,0.34574468085106386
3273,0.3654,11,23,11,601697,3913,105887,2069,0.03624624847159954,0.3458709461718489
3274,0.3655,4,7,4,601704,3906,105891,2065,0.03618140723998666,0.34583821805392734
3275,0.3656,1,8,1,601712,3898,105892,2064,0.03610730297528623,0.34619255283461925
3276,0.3657,5,11,5,601723,3887,105897,2059,0.03600540961132313,0.3462832156071308
3277,0.3658,3,4,3,601727,3883,105900,2056,0.035968357478972916,0.34618622663748105
3278,0.3659,3,9,3,601736,3874,105903,2053,0.03588499018118493,0.34638096844946853
3279,0.366,2,10,2,601746,3864,105905,2051,0.03579235985030939,0.3467455621301775
3280,0.3661,10,13,10,601759,3851,105915,2041,0.03567194042017118,0.3464019008825526
3281,0.3662,4,9,4,601768,3842,105919,2037,0.03558857312238319,0.3464874978737881
3282,0.3663,11,19,11,601787,3823,105930,2026,0.035412575493719664,0.34638399726448965
3283,0.3664,1,9,1,601796,3814,105931,2025,0.035329208195931674,0.34680595992464464
3284,0.3665,13,15,13,601811,3799,105944,2012,0.03519026269961836,0.34623988986405096
3285,0.3666,10,16,10,601827,3783,105954,2002,0.035042054170217496,0.34606741573033706
3286,0.3667,1,2,1,601829,3781,105955,2001,0.03502352810404239,0.34607402282947075
3287,0.3668,6,18,6,601847,3763,105961,1995,0.03485679350846641,0.34647447030218825
3288,0.3669,6,9,6,601856,3754,105967,1989,0.03477342621067842,0.3463346682918335
3289,0.367,8,20,8,601876,3734,105975,1981,0.03458816554892734,0.34663167104111986
3290,0.3671,6,7,6,601883,3727,105981,1975,0.03452332431731446,0.3463696948439144
3291,0.3672,1,6,1,601889,3721,105982,1974,0.03446774611878914,0.3466198419666374
3292,0.3673,1,5,1,601894,3716,105983,1973,0.034421430953351366,0.3468096326243628
3293,0.3674,4,5,4,601899,3711,105987,1969,0.03437511578791359,0.3466549295774648
3294,0.3675,10,22,10,601921,3689,105997,1959,0.034171329059987404,0.3468484419263456
3295,0.3676,2,10,2,601931,3679,105999,1957,0.03407869872911186,0.3472320794889993
3296,0.3677,2,3,2,601934,3676,106001,1955,0.0340509096298492,0.347185224649263
3297,0.3678,11,17,11,601951,3659,106012,1944,0.033893438067360775,0.346956987328217
3298,0.3679,10,35,10,601986,3624,106022,1934,0.03356923190929638,0.3479668945663908
3299,0.368,4,8,4,601994,3616,106026,1930,0.033495127644595946,0.34799855751893255
3300,0.3681,0,2,0,601996,3614,106026,1930,0.03347660157842084,0.3481240981240981
3301,0.3682,5,19,5,602015,3595,106031,1925,0.033300603949757306,0.348731884057971
3302,0.3683,4,10,4,602025,3585,106035,1921,0.03320797361888177,0.34889211768979295
3303,0.3684,2,14,2,602039,3571,106037,1919,0.033078291155656005,0.3495446265938069
3304,0.3685,3,9,3,602048,3562,106040,1916,0.03299492385786802,0.3497626871120847
3305,0.3686,6,8,6,602056,3554,106046,1910,0.03292081959316759,0.34956076134699854
3306,0.3687,12,34,12,602090,3520,106058,1898,0.03260587646819074,0.3503137689184201
3307,0.3688,7,11,7,602101,3509,106065,1891,0.03250398310422765,0.3501851851851852
3308,0.3689,4,13,4,602114,3496,106069,1887,0.03238356367408944,0.35054802154932196
3309,0.369,7,6,7,602120,3490,106076,1880,0.03232798547556412,0.3500931098696462
3310,0.3691,7,3,7,602123,3487,106083,1873,0.03230019637630146,0.34944029850746267
3311,0.3692,8,11,8,602134,3476,106091,1865,0.03219830301233836,0.3491855457779442
3312,0.3693,2,10,2,602144,3466,106093,1863,0.03210567268146282,0.3495965471945956
3313,0.3694,4,11,4,602155,3455,106097,1859,0.032003779317499724,0.3498306360557019
3314,0.3695,2,3,2,602158,3452,106099,1857,0.031975990218237056,0.34978338670182707
3315,0.3696,7,9,7,602167,3443,106106,1850,0.031892622920449074,0.3495182316266767
3316,0.3697,11,29,11,602196,3414,106117,1839,0.03162399496091,0.3500856653340948
3317,0.3698,6,32,6,602228,3382,106123,1833,0.031327577902108265,0.35148609779482265
3318,0.3699,16,50,16,602278,3332,106139,1817,0.030864426247730555,0.352884055156341
3319,0.37,5,12,5,602290,3320,106144,1812,0.030753269850679908,0.35307872174590804
3320,0.3701,9,21,9,602311,3299,106153,1803,0.030558746155841268,0.353390827126617
3321,0.3702,3,2,3,602313,3297,106156,1800,0.03054022008966616,0.3531489111241907
3322,0.3703,5,5,5,602318,3292,106161,1795,0.03049390492422839,0.3528602319638294
3323,0.3704,5,6,5,602324,3286,106166,1790,0.030438326725703065,0.35263987391646967
3324,0.3705,3,16,3,602340,3270,106169,1787,0.030290118196302198,0.3533715641684793
3325,0.3706,6,9,6,602349,3261,106175,1781,0.03020675089851421,0.35323284410948036
3326,0.3707,3,7,3,602356,3254,106178,1778,0.03014190966690133,0.35333863275039745
3327,0.3708,5,3,5,602359,3251,106183,1773,0.030114120567638666,0.352906050955414
3328,0.3709,4,9,4,602368,3242,106187,1769,0.03003075326985068,0.3530233486330074
3329,0.371,2,6,2,602374,3236,106189,1767,0.029975175071325355,0.3531880871477114
3330,0.3711,6,18,6,602392,3218,106195,1761,0.02980844047574938,0.35368547901184977
3331,0.3712,1,6,1,602398,3212,106196,1760,0.029752862277224054,0.35398230088495575
3332,0.3713,4,9,4,602407,3203,106200,1756,0.029669494979436068,0.3541036499294212
3333,0.3714,5,14,5,602421,3189,106205,1751,0.02953981251621031,0.35445344129554657
3334,0.3715,13,14,13,602435,3175,106218,1738,0.02941013005298455,0.3537553429676369
3335,0.3716,2,21,2,602456,3154,106220,1736,0.02921560635814591,0.35501022494887524
3336,0.3717,4,11,4,602467,3143,106224,1732,0.029113712994182816,0.35528205128205126
3337,0.3718,10,28,10,602495,3115,106234,1722,0.028854348067731298,0.35600578871201155
3338,0.3719,2,5,2,602500,3110,106236,1720,0.028808032902293525,0.35610766045548653
3339,0.372,11,23,11,602523,3087,106247,1709,0.02859498314127978,0.35633861551292745
3340,0.3721,4,7,4,602530,3080,106251,1705,0.028530141909666903,0.3563218390804598
3341,0.3722,12,32,12,602562,3048,106263,1693,0.028233724850865168,0.35709765872178867
3342,0.3723,3,5,3,602567,3043,106266,1690,0.028187409685427395,0.35706739911261354
3343,0.3724,12,12,12,602579,3031,106278,1678,0.028076253288376745,0.3563389254618815
3344,0.3725,9,19,9,602598,3012,106287,1669,0.027900255659713217,0.3565477462080752
3345,0.3726,4,19,4,602617,2993,106291,1665,0.027724258031049685,0.3574495491627308
3346,0.3727,3,3,3,602620,2990,106294,1662,0.027696468931787024,0.35726569217540843
3347,0.3728,6,17,6,602637,2973,106300,1656,0.027538997369298605,0.3577446532728451
3348,0.3729,2,3,2,602640,2970,106302,1654,0.02751120827003594,0.3576989619377163
3349,0.373,6,12,6,602652,2958,106308,1648,0.02740005187298529,0.3577941815023882
3350,0.3731,9,16,9,602668,2942,106317,1639,0.027251843343584423,0.35778214363676053
3351,0.3732,9,15,9,602683,2927,106326,1630,0.02711289784727111,0.3576914636822471
3352,0.3733,5,25,5,602708,2902,106331,1625,0.026881322020082254,0.3589573669096532
3353,0.3734,4,4,4,602712,2898,106335,1621,0.026844269887732038,0.35870767868997566
3354,0.3735,10,13,10,602725,2885,106345,1611,0.026723850457593835,0.3583185053380783
3355,0.3736,4,16,4,602741,2869,106349,1607,0.026575641928192967,0.35902591599642536
3356,0.3737,0,2,0,602743,2867,106349,1607,0.02655711586201786,0.35918641037103266
3357,0.3738,4,8,4,602751,2859,106353,1603,0.026483011597317425,0.3592559390407889
3358,0.3739,8,12,8,602763,2847,106361,1595,0.026371855200266775,0.3590724898694282
3359,0.374,5,7,5,602770,2840,106366,1590,0.026307013968653897,0.35891647855530473
3360,0.3741,10,13,10,602783,2827,106376,1580,0.02618659453851569,0.35852053551168594
3361,0.3743,9,10,9,602793,2817,106385,1571,0.02609396420764015,0.3580218778486782
3362,0.3744,2,4,2,602797,2813,106387,1569,0.026056912075289932,0.3580556823368325
3363,0.3745,3,1,3,602798,2812,106390,1566,0.02604764904220238,0.35769757880310643
3364,0.3746,4,15,4,602813,2797,106394,1562,0.025908703545889065,0.35833906859371417
3365,0.3747,6,22,6,602835,2775,106400,1556,0.025704916817962872,0.35927037635649967
3366,0.3748,3,1,3,602836,2774,106403,1553,0.02569565378487532,0.3589091749480009
3367,0.3749,7,24,7,602860,2750,106410,1546,0.02547334099077402,0.35986964618249534
3368,0.375,8,14,8,602874,2736,106418,1538,0.02534365852754826,0.3598502573701451
3369,0.3751,5,5,5,602879,2731,106423,1533,0.02529734336211049,0.3595215759849906
3370,0.3752,4,8,4,602887,2723,106427,1529,0.025223239097410057,0.35959548447789275
3371,0.3753,2,7,2,602894,2716,106429,1527,0.025158397865797176,0.3598868724958756
3372,0.3754,13,28,13,602922,2688,106442,1514,0.02489903293934566,0.36030461684911946
3373,0.3755,2,4,2,602926,2684,106444,1512,0.02486198080699544,0.3603431839847474
3374,0.3756,3,3,3,602929,2681,106447,1509,0.02483419170773278,0.3601431980906921
3375,0.3757,17,25,17,602954,2656,106464,1492,0.024602615880543924,0.35969141755062684
3376,0.3758,4,5,4,602959,2651,106468,1488,0.024556300715106155,0.35950712732544093
3377,0.3759,13,26,13,602985,2625,106481,1475,0.024315461854829745,0.3597560975609756
3378,0.376,4,11,4,602996,2614,106485,1471,0.02421356849086665,0.36009791921664625
3379,0.3761,4,7,4,603003,2607,106489,1467,0.02414872725925377,0.3600883652430044
3380,0.3762,5,6,5,603009,2601,106494,1462,0.024093149060728444,0.3598326359832636
3381,0.3763,2,10,2,603019,2591,106496,1460,0.024000518729852902,0.36040483831152803
3382,0.3764,4,7,4,603026,2584,106500,1456,0.023935677498240025,0.3603960396039604
3383,0.3765,8,5,8,603031,2579,106508,1448,0.023889362332802252,0.3595728830394835
3384,0.3766,0,2,0,603033,2577,106508,1448,0.023870836266627143,0.35975155279503107
3385,0.3767,1,1,1,603034,2576,106509,1447,0.02386157323353959,0.3596818294804872
3386,0.3768,24,35,24,603069,2541,106533,1423,0.023537367075475192,0.3589808274470232
3387,0.3769,5,7,5,603076,2534,106538,1418,0.023472525843862314,0.35880566801619435
3388,0.377,9,11,9,603087,2523,106547,1409,0.02337063247989922,0.3583418107833164
3389,0.3771,2,9,2,603096,2514,106549,1407,0.02328726518211123,0.3588370313695486
3390,0.3772,5,20,5,603116,2494,106554,1402,0.023102004520360146,0.35985626283367556
3391,0.3773,4,22,4,603138,2472,106558,1398,0.022898217792433954,0.3612403100775194
3392,0.3774,2,3,2,603141,2469,106560,1396,0.022870428693171293,0.3611901681759379
3393,0.3775,8,8,8,603149,2461,106568,1388,0.02279632442847086,0.3606131462717589
3394,0.3776,7,8,7,603157,2453,106575,1381,0.022722220163770426,0.3601982263954095
3395,0.3777,0,1,0,603158,2452,106575,1381,0.02271295713068287,0.36029219932168016
3396,0.3778,11,21,11,603179,2431,106586,1370,0.022518433435844233,0.3604314654038411
3397,0.3779,4,8,4,603187,2423,106590,1366,0.0224443291711438,0.3605172868830826
3398,0.378,2,5,2,603192,2418,106592,1364,0.022398014005706027,0.36065573770491804
3399,0.3781,7,5,7,603197,2413,106599,1357,0.022351698840268257,0.35994694960212203
3400,0.3782,7,20,7,603217,2393,106606,1350,0.022166438178517173,0.3606732567459257
3401,0.3783,2,9,2,603226,2384,106608,1348,0.022083070880729187,0.3612004287245445
3402,0.3784,7,12,7,603238,2372,106615,1341,0.021971914483678537,0.36116347966603823
3403,0.3785,7,15,7,603253,2357,106622,1334,0.021832968987365222,0.3614196694662693
3404,0.3786,2,6,2,603259,2351,106624,1332,0.021777390788839897,0.36166168884061906
3405,0.3787,3,3,3,603262,2348,106627,1329,0.021749601689577236,0.3614359532227359
3406,0.3788,4,16,4,603278,2332,106631,1325,0.02160139316017637,0.36231884057971014
3407,0.3789,2,4,2,603282,2328,106633,1323,0.021564341027826152,0.36236647493837304
3408,0.379,17,12,17,603294,2316,106650,1306,0.0214531846307755,0.3605742683600221
3409,0.3791,2,2,2,603296,2314,106652,1304,0.021434658564600393,0.3604201216141515
3410,0.3792,2,8,2,603304,2306,106654,1302,0.02136055429989996,0.36086474501108645
3411,0.3793,6,19,6,603323,2287,106660,1296,0.02118455667123643,0.36170806586659227
3412,0.3794,5,9,5,603332,2278,106665,1291,0.02110118937344844,0.3617259736620902
3413,0.3795,3,7,3,603339,2271,106668,1288,0.021036348141835564,0.36189940994661424
3414,0.3796,4,8,4,603347,2263,106672,1284,0.02096224387713513,0.36199605300253734
3415,0.3797,10,18,10,603365,2245,106682,1274,0.020795509281559155,0.36203466894003977
3416,0.3798,1,4,1,603369,2241,106683,1273,0.020758457149208938,0.3622652248150256
3417,0.3799,3,3,3,603372,2238,106686,1270,0.020730668049946274,0.3620296465222349
3418,0.38,1,3,1,603375,2235,106687,1269,0.020702878950683613,0.3621575342465753
3419,0.3801,2,6,2,603381,2229,106689,1267,0.020647300752158287,0.3624141876430206
3420,0.3802,6,3,6,603384,2226,106695,1261,0.020619511652895623,0.3616289073702323
3421,0.3803,5,8,5,603392,2218,106700,1256,0.02054540738819519,0.3615428900402994
3422,0.3804,8,7,8,603399,2211,106708,1248,0.020480566156582312,0.36079791847354725
3423,0.3805,0,3,0,603402,2208,106708,1248,0.020452777057319647,0.3611111111111111
3424,0.3806,3,7,3,603409,2201,106711,1245,0.02038793582570677,0.361288450377249
3425,0.3807,7,20,7,603429,2181,106718,1238,0.020202675163955686,0.3620941795846739
3426,0.3808,0,3,0,603432,2178,106718,1238,0.020174886064693025,0.3624121779859485
3427,0.3809,1,4,1,603436,2174,106719,1237,0.020137833932342808,0.3626502491937848
3428,0.381,2,4,2,603440,2170,106721,1235,0.02010078179999259,0.36270190895741555
3429,0.3811,3,4,3,603444,2166,106724,1232,0.020063729667642374,0.3625662154208358
3430,0.3812,5,9,5,603453,2157,106729,1227,0.019980362369854385,0.3625886524822695
3431,0.3813,2,1,2,603454,2156,106731,1225,0.019971099336766832,0.36231884057971014
3432,0.3814,4,4,4,603458,2152,106735,1221,0.019934047204416615,0.36199229172843167
3433,0.3815,2,1,2,603459,2151,106737,1219,0.01992478417132906,0.36172106824925815
3434,0.3816,4,13,4,603472,2138,106741,1215,0.019804364741190857,0.3623620638234417
3435,0.3817,0,3,0,603475,2135,106741,1215,0.019776575641928192,0.36268656716417913
3436,0.3818,12,12,12,603487,2123,106753,1203,0.019665419244877542,0.3616957306073361
3437,0.3819,0,2,0,603489,2121,106753,1203,0.019646893178702433,0.361913357400722
3438,0.382,7,14,7,603503,2107,106760,1196,0.019517210715476675,0.3620950650923403
3439,0.3821,1,1,1,603504,2106,106761,1195,0.019507947682389122,0.3620115116631324
3440,0.3822,4,4,4,603508,2102,106765,1191,0.019470895550038905,0.36167628302459764
3441,0.3823,3,14,3,603522,2088,106768,1188,0.019341213086813146,0.3626373626373626
3442,0.3825,1,1,1,603523,2087,106769,1187,0.01933195005372559,0.36255345143555284
3443,0.3826,2,2,2,603525,2085,106771,1185,0.019313423987550482,0.3623853211009174
3444,0.3827,6,16,6,603541,2069,106777,1179,0.019165215458149615,0.36299261083743845
3445,0.3828,8,20,8,603561,2049,106785,1171,0.018979954796398534,0.36366459627329195
3446,0.3829,6,8,6,603569,2041,106791,1165,0.0189058505316981,0.36338116032439177
3447,0.383,6,9,6,603578,2032,106797,1159,0.01882248323391011,0.3632090253838922
3448,0.3831,5,5,5,603583,2027,106802,1154,0.01877616806847234,0.36277900031436655
3449,0.3832,1,2,1,603585,2025,106803,1153,0.018757642002297233,0.36280679672750155
3450,0.3833,8,13,8,603598,2012,106811,1145,0.018637222572159027,0.3626860943934115
3451,0.3834,1,1,1,603599,2011,106812,1144,0.018627959539071474,0.36259904912836766
3452,0.3835,4,7,4,603606,2004,106816,1140,0.018563118307458593,0.36259541984732824
3453,0.3836,1,2,1,603608,2002,106817,1139,0.018544592241283485,0.36262336835402736
3454,0.3837,2,10,2,603618,1992,106819,1137,0.018451961910407943,0.36337488015340363
3455,0.3838,2,1,2,603619,1991,106821,1135,0.01844269887732039,0.36308381317978244
3456,0.3839,4,4,4,603623,1987,106825,1131,0.018405646744970174,0.3627325208466966
3457,0.384,11,13,11,603636,1974,106836,1120,0.018285227314831967,0.36199095022624433
3458,0.3841,3,4,3,603640,1970,106839,1117,0.01824817518248175,0.36183997408487206
3459,0.3842,1,9,1,603649,1961,106840,1116,0.018164807884693764,0.36269093272668185
3460,0.3843,1,6,1,603655,1955,106841,1115,0.01810922968616844,0.36319218241042345
3461,0.3844,3,8,3,603663,1947,106844,1112,0.018035125421468005,0.36351748937561296
3462,0.3845,4,9,4,603672,1938,106848,1108,0.01795175812368002,0.3637557452396586
3463,0.3846,2,6,2,603678,1932,106850,1106,0.017896179925154694,0.3640552995391705
3464,0.3847,5,9,5,603687,1923,106855,1101,0.017812812627366705,0.36408730158730157
3465,0.3848,1,4,1,603691,1919,106856,1100,0.017775760495016488,0.36435905929115603
3466,0.3849,3,6,3,603697,1913,106859,1097,0.017720182296491162,0.3644518272425249
3467,0.385,2,3,2,603700,1910,106861,1095,0.0176923931972285,0.3643926788685524
3468,0.3851,12,8,12,603708,1902,106873,1083,0.017618288932528068,0.3628140703517588
3469,0.3852,6,14,6,603722,1888,106879,1077,0.01748860646930231,0.3632377740303541
3470,0.3853,2,14,2,603736,1874,106881,1075,0.01735892400607655,0.3645303492709393
3471,0.3854,5,14,5,603750,1860,106886,1070,0.01722924154285079,0.3651877133105802
3472,0.3855,1,1,1,603751,1859,106887,1069,0.017219978509763235,0.3650956284153005
3473,0.3856,2,2,2,603753,1857,106889,1067,0.017201452443588127,0.3649110807113543
3474,0.3857,6,8,6,603761,1849,106895,1061,0.017127348178887693,0.36460481099656356
3475,0.3858,2,8,2,603769,1841,106897,1059,0.01705324391418726,0.36517241379310345
3476,0.3859,7,12,7,603781,1829,106904,1052,0.016942087517136613,0.3651509892398473
3477,0.386,5,14,5,603795,1815,106909,1047,0.016812405053910854,0.3658280922431866
3478,0.3861,1,8,1,603803,1807,106910,1046,0.01673830078921042,0.3666316158429723
3479,0.3862,3,8,3,603811,1799,106913,1043,0.016664196524509987,0.3669950738916256
3480,0.3863,10,6,10,603817,1793,106923,1033,0.01660861832598466,0.36553432413305026
3481,0.3864,7,12,7,603829,1781,106930,1026,0.01649746192893401,0.36551478446740293
3482,0.3865,13,26,13,603855,1755,106943,1013,0.0162566230686576,0.36596820809248554
3483,0.3866,3,12,3,603867,1743,106946,1010,0.01614546667160695,0.3668725027243008
3484,0.3867,0,2,0,603869,1741,106946,1010,0.016126940605431843,0.36713922210105415
3485,0.3868,4,5,4,603874,1736,106950,1006,0.01608062543999407,0.36688548504741064
3486,0.3869,0,1,0,603875,1735,106950,1006,0.016071362406906518,0.3670193360087559
3487,0.387,1,4,1,603879,1731,106951,1005,0.0160343102745563,0.3673245614035088
3488,0.3871,2,4,2,603883,1727,106953,1003,0.015997258142206084,0.3673992673992674
3489,0.3872,0,5,0,603888,1722,106953,1003,0.015950942976768315,0.3680733944954128
3490,0.3873,4,3,4,603891,1719,106957,999,0.01592315387750565,0.3675496688741722
3491,0.3874,6,15,6,603906,1704,106963,993,0.01578420838119234,0.3681868743047831
3492,0.3875,5,9,5,603915,1695,106968,988,0.01570084108340435,0.3682445024226612
3493,0.3876,3,0,3,603915,1695,106971,985,0.01570084108340435,0.3675373134328358
3494,0.3877,17,11,17,603926,1684,106988,968,0.015598947719441253,0.3650075414781297
3495,0.3878,13,19,13,603945,1665,107001,955,0.015422950090777725,0.36450381679389315
3496,0.3879,12,17,12,603962,1648,107013,943,0.015265478528289304,0.36395214203010423
3497,0.388,6,1,6,603963,1647,107019,937,0.01525621549520175,0.36261609907120745
3498,0.3881,3,13,3,603976,1634,107022,934,0.015135796065063545,0.3637071651090343
3499,0.3882,0,3,0,603979,1631,107022,934,0.015108006965800882,0.3641325536062378
3500,0.3883,1,3,1,603982,1628,107023,933,0.01508021786653822,0.36431081608746585
3501,0.3885,2,1,2,603983,1627,107025,931,0.015070954833450665,0.3639562157935887
3502,0.3886,4,20,4,604003,1607,107029,927,0.014885694171699581,0.3658247829518548
3503,0.3887,4,2,4,604005,1605,107033,923,0.014867168105524473,0.3651107594936709
3504,0.3888,2,0,2,604005,1605,107035,921,0.014867168105524473,0.3646080760095012
3505,0.3889,9,11,9,604016,1594,107044,912,0.014765274741561377,0.363926576217079
3506,0.3891,7,20,7,604036,1574,107051,905,0.014580014079810293,0.36506655909640984
3507,0.3892,2,14,2,604050,1560,107053,903,0.014450331616584534,0.36662606577344703
3508,0.3893,5,11,5,604061,1549,107058,898,0.01434843825262144,0.3669799754801798
3509,0.3894,5,18,5,604079,1531,107063,893,0.014181703657045464,0.3683993399339934
3510,0.3895,1,0,1,604079,1531,107064,892,0.014181703657045464,0.36813867106892284
3511,0.3896,1,3,1,604082,1528,107065,891,0.014153914557782801,0.36833402232327406
3512,0.3897,7,7,7,604089,1521,107072,884,0.014089073326169922,0.3675675675675676
3513,0.3898,4,8,4,604097,1513,107076,880,0.014014969061469488,0.36773923944839115
3514,0.3899,2,12,2,604109,1501,107078,878,0.013903812664418837,0.36906263135771333
3515,0.39,3,1,3,604110,1500,107081,875,0.013894549631331283,0.3684210526315789
3516,0.3901,2,11,2,604121,1489,107083,873,0.013792656267368187,0.3696020321761219
3517,0.3902,5,8,5,604129,1481,107088,868,0.013718552002667753,0.36951894423158793
3518,0.3903,1,3,1,604132,1478,107089,867,0.01369076290340509,0.3697228144989339
3519,0.3904,1,0,1,604132,1478,107090,866,0.01369076290340509,0.36945392491467577
3520,0.3905,3,5,3,604137,1473,107093,863,0.01364444773796732,0.3694349315068493
3521,0.3906,11,21,11,604158,1452,107104,852,0.013449924043128681,0.3697916666666667
3522,0.3907,4,2,4,604160,1450,107108,848,0.013431397976953573,0.36901653611836377
3523,0.3908,0,2,0,604162,1448,107108,848,0.013412871910778465,0.3693379790940767
3524,0.391,4,9,4,604171,1439,107112,844,0.013329504612990477,0.36968900569426194
3525,0.3911,0,6,0,604177,1433,107112,844,0.013273926414465153,0.3706631532718489
3526,0.3912,0,6,0,604183,1427,107112,844,0.013218348215939828,0.3716424482606781
3527,0.3913,6,16,6,604199,1411,107118,838,0.01307013968653896,0.37261004891062693
3528,0.3914,3,10,3,604209,1401,107121,835,0.012977509355663419,0.37343470483005364
3529,0.3915,2,8,2,604217,1393,107123,833,0.012903405090962985,0.3742138364779874
3530,0.3916,0,3,0,604220,1390,107123,833,0.012875615991700323,0.3747188484030589
3531,0.3917,2,9,2,604229,1381,107125,831,0.012792248693912335,0.3756781193490054
3532,0.3918,3,5,3,604234,1376,107128,828,0.012745933528474564,0.37568058076225047
3533,0.3919,2,1,2,604235,1375,107130,826,0.01273667049538701,0.3752839618355293
3534,0.392,4,6,4,604241,1369,107134,822,0.012681092296861684,0.37517115472387036
3535,0.3921,3,15,3,604256,1354,107137,819,0.012542146800548371,0.37689829728485963
3536,0.3922,9,11,9,604267,1343,107146,810,0.012440253436585275,0.3762192289828147
3537,0.3923,7,8,7,604275,1335,107153,803,0.012366149171884841,0.3755846585594013
3538,0.3924,2,3,2,604278,1332,107155,801,0.012338360072622179,0.3755274261603376
3539,0.3925,1,1,1,604279,1331,107156,800,0.012329097039534625,0.37541060534960113
3540,0.3926,3,3,3,604282,1328,107159,797,0.012301307940271962,0.3750588235294118
3541,0.3927,0,5,0,604287,1323,107159,797,0.012254992774834191,0.3759433962264151
3542,0.3928,0,10,0,604297,1313,107159,797,0.01216236244395865,0.37772511848341234
3543,0.3929,1,2,1,604299,1311,107160,796,0.012143836377783542,0.37778832463217843
3544,0.3931,2,12,2,604311,1299,107162,794,0.012032679980732892,0.37935977066411847
3545,0.3932,8,4,8,604315,1295,107170,786,0.011995627848382675,0.37770302739067757
3546,0.3933,8,19,8,604334,1276,107178,778,0.011819630219719145,0.37877312560856863
3547,0.3934,1,4,1,604338,1272,107179,777,0.011782578087368928,0.37920937042459735
3548,0.3935,1,4,1,604342,1268,107180,776,0.011745525955018711,0.3796477495107632
3549,0.3936,0,1,0,604343,1267,107180,776,0.011736262921931157,0.3798335780714635
3550,0.3937,1,6,1,604349,1261,107181,775,0.011680684723405832,0.3806483300589391
3551,0.3938,13,25,13,604374,1236,107194,762,0.011449108896216977,0.3813813813813814
3552,0.3939,2,1,2,604375,1235,107196,760,0.011439845863129423,0.38095238095238093
3553,0.394,3,3,3,604378,1232,107199,757,0.01141205676386676,0.3805932629462041
3554,0.3941,1,3,1,604381,1229,107200,756,0.011384267664604097,0.3808564231738035
3555,0.3942,0,4,0,604385,1225,107200,756,0.01134721553225388,0.38162544169611307
3556,0.3943,4,2,4,604387,1223,107204,752,0.011328689466078772,0.3807594936708861
3557,0.3944,6,12,6,604399,1211,107210,746,0.011217533069028122,0.3811957077158917
3558,0.3945,3,5,3,604404,1206,107213,743,0.01117121790359035,0.38122113904566446
3559,0.3946,3,8,3,604412,1198,107216,740,0.011097113638889919,0.38183694530443757
3560,0.3947,5,6,5,604418,1192,107221,735,0.011041535440364594,0.38142189932537623
3561,0.3948,6,14,6,604432,1178,107227,729,0.010911852977138835,0.38227582590456216
3562,0.3949,1,1,1,604433,1177,107228,728,0.01090258994405128,0.3821522309711286
3563,0.395,3,13,3,604446,1164,107231,725,0.010782170513913076,0.3838009528851244
3564,0.3951,3,10,3,604456,1154,107234,722,0.010689540183037534,0.38486140724946694
3565,0.3952,6,5,6,604461,1149,107240,716,0.010643225017599763,0.3839142091152815
3566,0.3953,4,5,4,604466,1144,107244,712,0.010596909852161992,0.38362068965517243
3567,0.3954,3,8,3,604474,1136,107247,709,0.010522805587461558,0.3842818428184282
3568,0.3955,15,20,15,604494,1116,107262,694,0.010337544925710474,0.3834254143646409
3569,0.3956,1,4,1,604498,1112,107263,693,0.010300492793360257,0.38393351800554015
3570,0.3957,3,0,3,604498,1112,107266,690,0.010300492793360257,0.38290788013318533
3571,0.3958,4,9,4,604507,1103,107270,686,0.01021712549557227,0.383454443823365
3572,0.3959,3,1,3,604508,1102,107273,683,0.010207862462484715,0.3826330532212885
3573,0.396,2,3,2,604511,1099,107275,681,0.010180073363222053,0.38258426966292136
3574,0.3961,6,10,6,604521,1089,107281,675,0.010087443032346512,0.3826530612244898
3575,0.3962,2,2,2,604523,1087,107283,673,0.010068916966171404,0.38238636363636364
3576,0.3963,3,5,3,604528,1082,107286,670,0.010022601800733633,0.3824200913242009
3577,0.3964,3,7,3,604535,1075,107289,667,0.009957760569120754,0.38289322617680827
3578,0.3965,5,1,5,604536,1074,107294,662,0.0099484975360332,0.3813364055299539
3579,0.3966,8,4,8,604540,1070,107302,654,0.009911445403682983,0.37935034802784223
3580,0.3967,4,3,4,604543,1067,107306,650,0.00988365630442032,0.37856726849155503
3581,0.3968,0,2,0,604545,1065,107306,650,0.009865130238245211,0.37900874635568516
3582,0.3969,1,3,1,604548,1062,107307,649,0.009837341138982549,0.3793103448275862
3583,0.397,3,6,3,604554,1056,107310,646,0.009781762940457224,0.3795534665099882
3584,0.3972,2,8,2,604562,1048,107312,644,0.00970765867575679,0.3806146572104019
3585,0.3973,7,5,7,604567,1043,107319,637,0.009661343510319019,0.37916666666666665
3586,0.3974,2,4,2,604571,1039,107321,635,0.009624291377968802,0.3793309438470729
3587,0.3975,7,9,7,604580,1030,107328,628,0.009540924080180814,0.37876960193003617
3588,0.3976,1,0,1,604580,1030,107329,627,0.009540924080180814,0.3783946891973446
3589,0.3977,0,1,0,604581,1029,107329,627,0.00953166104709326,0.3786231884057971
3590,0.3978,3,2,3,604583,1027,107332,624,0.009513134980918152,0.3779527559055118
3591,0.3979,7,13,7,604596,1014,107339,617,0.009392715550779947,0.378295524218271
3592,0.398,1,2,1,604598,1012,107340,616,0.009374189484604839,0.3783783783783784
3593,0.3981,1,1,1,604599,1011,107341,615,0.009364926451517284,0.37822878228782286
3594,0.3982,2,3,2,604602,1008,107343,613,0.009337137352254622,0.37816162862430597
3595,0.3983,0,2,0,604604,1006,107343,613,0.009318611286079513,0.3786287831995059
3596,0.3984,6,10,6,604614,996,107349,607,0.009225980955203971,0.3786650031191516
3597,0.3985,12,4,12,604618,992,107361,595,0.009188928822853755,0.3749212350346566
3598,0.3986,3,8,3,604626,984,107364,592,0.009114824558153321,0.3756345177664975
3599,0.3987,5,9,5,604635,975,107369,587,0.009031457260365335,0.3758002560819462
3600,0.3988,0,7,0,604642,968,107369,587,0.008966616028752455,0.377491961414791
3601,0.3989,5,4,5,604646,964,107374,582,0.008929563896402239,0.37645536869340235
3602,0.399,0,1,0,604647,963,107374,582,0.008920300863314684,0.3766990291262136
3603,0.3991,1,5,1,604652,958,107375,581,0.008873985697876913,0.3775178687459389
3604,0.3992,0,8,0,604660,950,107375,581,0.00879988143317648,0.37949052906597
3605,0.3993,2,1,2,604661,949,107377,579,0.008790618400088926,0.37892670157068065
3606,0.3994,6,10,6,604671,939,107383,573,0.008697988069213384,0.37896825396825395
3607,0.3995,2,10,2,604681,929,107385,571,0.008605357738337841,0.38066666666666665
3608,0.3996,0,8,0,604689,921,107385,571,0.008531253473637408,0.3827077747989276
3609,0.3997,3,5,3,604694,916,107388,568,0.008484938308199637,0.38274932614555257
3610,0.3998,1,2,1,604696,914,107389,567,0.008466412242024528,0.3828494260634706
3611,0.3999,2,5,2,604701,909,107391,565,0.008420097076586757,0.38331071913161463
3612,0.4,3,1,3,604702,908,107394,562,0.008410834043499203,0.38231292517006804
3613,0.4001,3,8,3,604710,900,107397,559,0.00833672977879877,0.38313913639479097
3614,0.4002,4,2,4,604712,898,107401,555,0.008318203712623661,0.38196834136269786
3615,0.4003,4,0,4,604712,898,107405,551,0.008318203712623661,0.3802622498274672
3616,0.4004,2,3,2,604715,895,107407,549,0.008290414613360999,0.3801939058171745
3617,0.4005,8,15,8,604730,880,107415,541,0.008151469117047686,0.3807178043631246
3618,0.4006,0,4,0,604734,876,107415,541,0.008114416984697469,0.3817925194071983
3619,0.4007,3,1,3,604735,875,107418,538,0.008105153951609914,0.38075017692852087
3620,0.4008,12,17,12,604752,858,107430,526,0.007947682389121495,0.3800578034682081
3621,0.4009,3,5,3,604757,853,107433,523,0.007901367223683724,0.3800872093023256
3622,0.401,1,6,1,604763,847,107434,522,0.007845789025158399,0.38130021913805695
3623,0.4011,5,7,5,604770,840,107439,517,0.007780947793545518,0.38098747236551217
3624,0.4012,6,7,6,604777,833,107445,511,0.007716106561932639,0.3802083333333333
3625,0.4013,8,18,8,604795,815,107453,503,0.007549371966356664,0.38163884673748105
3626,0.4014,12,19,12,604814,796,107465,491,0.007373374337693134,0.3815073815073815
3627,0.4015,0,2,0,604816,794,107465,491,0.007354848271518026,0.38210116731517507
3628,0.4016,4,9,4,604825,785,107469,487,0.007271480973730038,0.3828616352201258
3629,0.4017,0,1,0,604826,784,107469,487,0.007262217940642484,0.3831628638867034
3630,0.4018,8,12,8,604838,772,107477,479,0.007151061543591834,0.3828936850519584
3631,0.4019,7,21,7,604859,751,107484,472,0.006956537848753196,0.3859362224039248
3632,0.402,0,1,0,604860,750,107484,472,0.006947274815665642,0.3862520458265139
3633,0.4021,0,2,0,604862,748,107484,472,0.006928748749490533,0.38688524590163936
3634,0.4022,1,6,1,604868,742,107485,471,0.006873170550965208,0.3882934872217642
3635,0.4023,0,4,0,604872,738,107485,471,0.006836118418614991,0.38957816377171217
3636,0.4024,1,0,1,604872,738,107486,470,0.006836118418614991,0.3890728476821192
3637,0.4026,2,4,2,604876,734,107488,468,0.006799066286264774,0.389351081530782
3638,0.4027,2,6,2,604882,728,107490,466,0.006743488087739449,0.39028475711892796
3639,0.4028,3,4,3,604886,724,107493,463,0.006706435955389232,0.3900589721988206
3640,0.4029,2,4,2,604890,720,107495,461,0.0066693838230390155,0.3903471634208298
3641,0.403,0,2,0,604892,718,107495,461,0.006650857756863907,0.39100932994062765
3642,0.4031,0,5,0,604897,713,107495,461,0.006604542591426137,0.39267461669505965
3643,0.4032,2,1,2,604898,712,107497,459,0.006595279558338583,0.3919726729291204
3644,0.4033,4,2,4,604900,710,107501,455,0.006576753492163474,0.3905579399141631
3645,0.4034,3,4,3,604904,706,107504,452,0.0065397013598132575,0.3903281519861831
3646,0.4035,2,7,2,604911,699,107506,450,0.006474860128200378,0.391644908616188
3647,0.4036,0,2,0,604913,697,107506,450,0.00645633406202527,0.3923278116826504
3648,0.4037,5,4,5,604917,693,107511,445,0.006419281929675053,0.39103690685413006
3649,0.4038,9,9,9,604926,684,107520,436,0.006335914631887065,0.3892857142857143
3650,0.4039,1,6,1,604932,678,107521,435,0.00628033643336174,0.3908355795148248
3651,0.404,1,2,1,604934,676,107522,434,0.006261810367186631,0.390990990990991
3652,0.4041,7,13,7,604947,663,107529,427,0.006141390937048427,0.39174311926605504
3653,0.4042,3,5,3,604952,658,107532,424,0.006095075771610657,0.39186691312384475
3654,0.4043,0,8,0,604960,650,107532,424,0.006020971506910223,0.3947858472998138
3655,0.4044,2,1,2,604961,649,107534,422,0.006011708473822669,0.39402427637721754
3656,0.4045,3,3,3,604964,646,107537,419,0.005983919374560006,0.39342723004694835
3657,0.4046,2,4,2,604968,642,107539,417,0.005946867242209789,0.3937677053824363
3658,0.4047,5,11,5,604979,631,107544,412,0.005844973878246693,0.3950143815915628
3659,0.4048,7,7,7,604986,624,107551,405,0.005780132646633814,0.3935860058309038
3660,0.4049,2,5,2,604991,619,107553,403,0.005733817481196043,0.3943248532289628
3661,0.4051,4,10,4,605001,609,107557,399,0.005641187150320501,0.3958333333333333
3662,0.4052,10,13,10,605014,596,107567,389,0.005520767720182297,0.3949238578680203
3663,0.4054,5,0,5,605014,596,107572,384,0.005520767720182297,0.39183673469387753
3664,0.4055,4,6,4,605020,590,107576,380,0.005465189521656972,0.3917525773195876
3665,0.4056,3,4,3,605024,586,107579,377,0.005428137389306755,0.39148494288681207
3666,0.4057,3,5,3,605029,581,107582,374,0.005381822223868984,0.39162303664921466
3667,0.4058,1,5,1,605034,576,107583,373,0.005335507058431213,0.39304531085353
3668,0.406,6,3,6,605037,573,107589,367,0.00530771795916855,0.3904255319148936
3669,0.4061,6,9,6,605046,564,107595,361,0.005224350661380562,0.3902702702702703
3670,0.4062,2,4,2,605050,560,107597,359,0.0051872985290303455,0.3906420021762786
3671,0.4063,3,11,3,605061,549,107600,356,0.005085405165067249,0.39337016574585637
3672,0.4064,1,6,1,605067,543,107601,355,0.005029826966541925,0.39532293986636974
3673,0.4066,2,4,2,605071,539,107603,353,0.004992774834191708,0.3957399103139013
3674,0.4067,1,0,1,605071,539,107604,352,0.004992774834191708,0.3950617283950617
3675,0.4068,2,4,2,605075,535,107606,350,0.004955722701841491,0.3954802259887006
3676,0.4069,5,2,5,605077,533,107611,345,0.004937196635666383,0.3929384965831435
3677,0.407,2,0,2,605077,533,107613,343,0.004937196635666383,0.3915525114155251
3678,0.4071,3,13,3,605090,520,107616,340,0.004816777205528178,0.3953488372093023
3679,0.4073,1,1,1,605091,519,107617,339,0.004807514172440624,0.3951048951048951
3680,0.4074,7,22,7,605113,497,107624,332,0.0046037274445144315,0.40048250904704463
3681,0.4075,3,4,3,605117,493,107627,329,0.004566675312164215,0.4002433090024331
3682,0.4076,4,8,4,605125,485,107631,325,0.004492571047463782,0.4012345679012346
3683,0.4077,2,1,2,605126,484,107633,323,0.004483308014376228,0.40024783147459725
3684,0.4078,5,12,5,605138,472,107638,318,0.004372151617325577,0.40253164556962023
3685,0.4079,2,1,2,605139,471,107640,316,0.004362888584238023,0.40152477763659467
3686,0.408,2,0,2,605139,471,107642,314,0.004362888584238023,0.4
3687,0.4081,2,2,2,605141,469,107644,312,0.004344362518062915,0.3994878361075544
3688,0.4083,1,4,1,605145,465,107645,311,0.004307310385712698,0.4007731958762887
3689,0.4084,3,1,3,605146,464,107648,308,0.004298047352625144,0.39896373056994816
3690,0.4085,10,12,10,605158,452,107658,298,0.004186890955574493,0.3973333333333333
3691,0.4086,3,1,3,605159,451,107661,295,0.004177627922486939,0.39544235924932974
3692,0.4087,3,0,3,605159,451,107664,292,0.004177627922486939,0.39300134589502017
3693,0.4088,1,5,1,605164,446,107665,291,0.004131312757049168,0.3948439620081411
3694,0.4089,0,1,0,605165,445,107665,291,0.004122049723961614,0.3953804347826087
3695,0.409,1,1,1,605166,444,107666,290,0.00411278669087406,0.39509536784741145
3696,0.4091,4,2,4,605168,442,107670,286,0.004094260624698951,0.39285714285714285
3697,0.4092,1,1,1,605169,441,107671,285,0.004084997591611397,0.3925619834710744
3698,0.4094,0,2,0,605171,439,107671,285,0.0040664715254362886,0.393646408839779
3699,0.4095,4,0,4,605171,439,107675,281,0.0040664715254362886,0.3902777777777778
3700,0.4096,1,4,1,605175,435,107676,280,0.004029419393086072,0.3916083916083916
3701,0.4097,1,0,1,605175,435,107677,279,0.004029419393086072,0.3907563025210084
3702,0.4098,2,1,2,605176,434,107679,277,0.0040201563599985175,0.38959212376933894
3703,0.41,1,0,1,605176,434,107680,276,0.0040201563599985175,0.38873239436619716
3704,0.4101,2,0,2,605176,434,107682,274,0.0040201563599985175,0.3870056497175141
3705,0.4102,1,1,1,605177,433,107683,273,0.004010893326910963,0.386685552407932
3706,0.4103,2,6,2,605183,427,107685,271,0.003955315128385639,0.38825214899713467
3707,0.4104,0,2,0,605185,425,107685,271,0.0039367890622105306,0.38936781609195403
3708,0.4105,3,1,3,605186,424,107688,268,0.003927526029122976,0.3872832369942196
3709,0.4106,5,5,5,605191,419,107693,263,0.003881210863685205,0.38563049853372433
3710,0.4108,1,1,1,605192,418,107694,262,0.0038719478305976507,0.38529411764705884
3711,0.411,0,1,0,605193,417,107694,262,0.0038626847975100965,0.3858615611192931
3712,0.4111,5,12,5,605205,405,107699,257,0.0037515284004594465,0.38821752265861026
3713,0.4113,0,3,0,605208,402,107699,257,0.003723739301196784,0.3899848254931715
3714,0.4115,2,1,2,605209,401,107701,255,0.0037144762681092297,0.38871951219512196
3715,0.4116,1,0,1,605209,401,107702,254,0.0037144762681092297,0.38778625954198476
3716,0.4117,6,8,6,605217,393,107708,248,0.003640372003408796,0.3868954758190328
3717,0.4118,1,2,1,605219,391,107709,247,0.0036218459372336876,0.3871473354231975
3718,0.4119,0,1,0,605220,390,107709,247,0.0036125829041461334,0.3877551020408163
3719,0.412,1,2,1,605222,388,107710,246,0.003594056837971025,0.38801261829652994
3720,0.4122,1,1,1,605223,387,107711,245,0.0035847938048834713,0.3876582278481013
3721,0.4124,0,2,0,605225,385,107711,245,0.003566267738708363,0.3888888888888889
3722,0.4125,1,1,1,605226,384,107712,244,0.0035570047056208086,0.3885350318471338
3723,0.4126,2,5,2,605231,379,107714,242,0.0035106895401830376,0.3896940418679549
3724,0.4127,1,2,1,605233,377,107715,241,0.003492163474007929,0.38996763754045305
3725,0.4131,3,6,3,605239,371,107718,238,0.003436585275482604,0.39080459770114945
3726,0.4132,2,1,2,605240,370,107720,236,0.00342732224239505,0.38943894389438943
3727,0.4134,1,9,1,605249,361,107721,235,0.003343954944607062,0.39429530201342283
3728,0.4135,4,8,4,605257,353,107725,231,0.0032698506799066288,0.3955479452054795
3729,0.4136,3,1,3,605258,352,107728,228,0.0032605876468190746,0.3931034482758621
3730,0.4137,0,1,0,605259,351,107728,228,0.0032513246137315203,0.39378238341968913
3731,0.4138,3,4,3,605263,347,107731,225,0.0032142724813813035,0.39335664335664333
3732,0.4139,7,4,7,605267,343,107738,218,0.0031772203490310867,0.38859180035650626
3733,0.414,1,4,1,605271,339,107739,217,0.00314016821668087,0.3902877697841727
3734,0.4141,4,10,4,605281,329,107743,213,0.0030475378858053283,0.3929889298892989
3735,0.4142,2,1,2,605282,328,107745,211,0.003038274852717774,0.3914656771799629
3736,0.4143,1,5,1,605287,323,107746,210,0.002991959687280003,0.39399624765478425
3737,0.4144,3,5,3,605292,318,107749,207,0.002945644521842232,0.3942857142857143
3738,0.4146,4,2,4,605294,316,107753,203,0.0029271184556671236,0.3911368015414258
3739,0.4148,2,0,2,605294,316,107755,201,0.0029271184556671236,0.38878143133462284
3740,0.4149,2,1,2,605295,315,107757,199,0.0029178554225795694,0.38715953307393
3741,0.415,5,3,5,605298,312,107762,194,0.002890066323316907,0.383399209486166
3742,0.4151,2,4,2,605302,308,107764,192,0.00285301419096669,0.384
3743,0.4153,1,1,1,605303,307,107765,191,0.002843751157879136,0.38353413654618473
3744,0.4154,1,2,1,605305,305,107766,190,0.0028252250917040274,0.3838383838383838
3745,0.4155,1,3,1,605308,302,107767,189,0.002797435992441365,0.384928716904277
3746,0.4156,7,6,7,605314,296,107774,182,0.00274185779391604,0.3807531380753138
3747,0.4157,1,1,1,605315,295,107775,181,0.002732594760828486,0.3802521008403361
3748,0.4158,0,1,0,605316,294,107775,181,0.0027233317277409316,0.38105263157894737
3749,0.416,3,2,3,605318,292,107778,178,0.002704805661565823,0.37872340425531914
3750,0.4161,2,1,2,605319,291,107780,176,0.002695542628478269,0.37687366167023556
3751,0.4163,0,3,0,605322,288,107780,176,0.0026677535292156064,0.3793103448275862
3752,0.4164,1,0,1,605322,288,107781,175,0.0026677535292156064,0.3779697624190065
3753,0.4165,0,1,0,605323,287,107781,175,0.002658490496128052,0.3787878787878788
3754,0.4166,0,3,0,605326,284,107781,175,0.0026307013968653896,0.3812636165577342
3755,0.4167,1,5,1,605331,279,107782,174,0.0025843862314276185,0.3841059602649007
3756,0.4168,1,3,1,605334,276,107783,173,0.002556597132164956,0.38530066815144765
3757,0.417,1,0,1,605334,276,107784,172,0.002556597132164956,0.38392857142857145
3758,0.4173,1,3,1,605337,273,107785,171,0.0025288080329022933,0.38513513513513514
3759,0.4174,1,1,1,605338,272,107786,170,0.0025195449998147395,0.38461538461538464
3760,0.4175,7,5,7,605343,267,107793,163,0.0024732298343769685,0.37906976744186044
3761,0.4177,0,1,0,605344,266,107793,163,0.0024639668012894143,0.37995337995337997
3762,0.4178,0,2,0,605346,264,107793,163,0.002445440735114306,0.38173302107728335
3763,0.4179,5,9,5,605355,255,107798,158,0.002362073437326318,0.38256658595641646
3764,0.418,0,1,0,605356,254,107798,158,0.002352810404238764,0.38349514563106796
3765,0.4181,1,3,1,605359,251,107799,157,0.0023250213049761013,0.38480392156862747
3766,0.4185,1,3,1,605362,248,107800,156,0.0022972322057134387,0.38613861386138615
3767,0.4192,0,1,0,605363,247,107800,156,0.0022879691726258844,0.3870967741935484
3768,0.4193,2,2,2,605365,245,107802,154,0.002269443106450776,0.38596491228070173
3769,0.4195,4,4,4,605369,241,107806,150,0.0022323909741005597,0.3836317135549872
3770,0.4196,2,0,2,605369,241,107808,148,0.0022323909741005597,0.38046272493573263
3771,0.4197,0,3,0,605372,238,107808,148,0.002204601874837897,0.38341968911917096
3772,0.4198,7,10,7,605382,228,107815,141,0.002111971543962355,0.3821138211382114
3773,0.4199,7,6,7,605388,222,107822,134,0.00205639334543703,0.37640449438202245
3774,0.42,0,1,0,605389,221,107822,134,0.0020471303123494756,0.37746478873239436
3775,0.4202,0,1,0,605390,220,107822,134,0.0020378672792619214,0.3785310734463277
3776,0.4203,0,1,0,605391,219,107822,134,0.002028604246174367,0.37960339943342775
3777,0.4205,3,1,3,605392,218,107825,131,0.002019341213086813,0.3753581661891118
3778,0.4206,2,3,2,605395,215,107827,129,0.001991552113824151,0.375
3779,0.4207,1,2,1,605397,213,107828,128,0.0019730260476490424,0.375366568914956
3780,0.4208,3,5,3,605402,208,107831,125,0.0019267108822112714,0.37537537537537535
3781,0.4209,0,2,0,605404,206,107831,125,0.001908184816036163,0.3776435045317221
3782,0.421,3,4,3,605408,202,107834,122,0.0018711326836859461,0.3765432098765432
3783,0.4211,3,0,3,605408,202,107837,119,0.0018711326836859461,0.3707165109034268
3784,0.4212,1,3,1,605411,199,107838,118,0.0018433435844232835,0.3722397476340694
3785,0.4213,0,1,0,605412,198,107838,118,0.0018340805513357293,0.37341772151898733
3786,0.4216,2,2,2,605414,196,107840,116,0.001815554485160621,0.3717948717948718
3787,0.4217,1,2,1,605416,194,107841,115,0.0017970284189855125,0.37216828478964403
3788,0.4223,4,2,4,605418,192,107845,111,0.0017785023528104043,0.36633663366336633
3789,0.4224,1,0,1,605418,192,107846,110,0.0017785023528104043,0.36423841059602646
3790,0.4225,3,6,3,605424,186,107849,107,0.001722924154285079,0.3651877133105802
3791,0.4226,0,1,0,605425,185,107849,107,0.001713661121197525,0.3664383561643836
3792,0.4228,1,0,1,605425,185,107850,106,0.001713661121197525,0.3642611683848797
3793,0.4231,1,4,1,605429,181,107851,105,0.001676608988847308,0.36713286713286714
3794,0.4232,2,2,2,605431,179,107853,103,0.0016580829226721999,0.36524822695035464
3795,0.4233,1,0,1,605431,179,107854,102,0.0016580829226721999,0.36298932384341637
3796,0.4235,3,6,3,605437,173,107857,99,0.0016025047241468747,0.3639705882352941
3797,0.4237,1,0,1,605437,173,107858,98,0.0016025047241468747,0.36162361623616235
3798,0.4238,3,5,3,605442,168,107861,95,0.0015561895587091036,0.3612167300380228
3799,0.4239,2,7,2,605449,161,107863,93,0.0014913483270962244,0.3661417322834646
3800,0.424,0,1,0,605450,160,107863,93,0.0014820852940086702,0.3675889328063241
3801,0.4241,0,2,0,605452,158,107863,93,0.0014635592278335618,0.3705179282868526
3802,0.4242,1,0,1,605452,158,107864,92,0.0014635592278335618,0.368
3803,0.4244,1,0,1,605452,158,107865,91,0.0014635592278335618,0.3654618473895582
3804,0.4245,4,11,4,605463,147,107869,87,0.0013616658638704658,0.3717948717948718
3805,0.4247,0,1,0,605464,146,107869,87,0.0013524028307829116,0.37339055793991416
3806,0.4248,2,2,2,605466,144,107871,85,0.0013338767646078032,0.37117903930131
3807,0.4249,4,8,4,605474,136,107875,81,0.0012597724999073698,0.37327188940092165
3808,0.425,2,4,2,605478,132,107877,79,0.001222720367557153,0.3744075829383886
3809,0.4254,3,3,3,605481,129,107880,76,0.0011949312682944903,0.37073170731707317
3810,0.4257,0,1,0,605482,128,107880,76,0.0011856682352069361,0.37254901960784315
3811,0.4259,1,1,1,605483,127,107881,75,0.001176405202119382,0.3712871287128713
3812,0.426,3,5,3,605488,122,107884,72,0.0011300900366816111,0.3711340206185567
3813,0.4262,0,1,0,605489,121,107884,72,0.001120827003594057,0.37305699481865284
3814,0.4263,0,1,0,605490,120,107884,72,0.0011115639705065027,0.375
3815,0.4264,0,2,0,605492,118,107884,72,0.0010930379043313943,0.37894736842105264
3816,0.4266,2,5,2,605497,113,107886,70,0.0010467227388936233,0.3825136612021858
3817,0.4269,1,7,1,605504,106,107887,69,0.000981881507280744,0.3942857142857143
3818,0.427,4,4,4,605508,102,107891,65,0.0009448293749305273,0.38922155688622756
3819,0.4271,0,4,0,605512,98,107891,65,0.0009077772425803105,0.3987730061349693
3820,0.4272,3,3,3,605515,95,107894,62,0.000879988143317648,0.39490445859872614
3821,0.4274,0,1,0,605516,94,107894,62,0.0008707251102300938,0.3974358974358974
3822,0.4278,0,1,0,605517,93,107894,62,0.0008614620771425395,0.4
3823,0.4281,1,2,1,605519,91,107895,61,0.0008429360109674311,0.40131578947368424
3824,0.4282,1,1,1,605520,90,107896,60,0.0008336729778798769,0.4
3825,0.4283,0,1,0,605521,89,107896,60,0.0008244099447923228,0.40268456375838924
3826,0.4284,1,0,1,605521,89,107897,59,0.0008244099447923228,0.39864864864864863
3827,0.4291,0,1,0,605522,88,107897,59,0.0008151469117047686,0.4013605442176871
3828,0.4292,2,0,2,605522,88,107899,57,0.0008151469117047686,0.3931034482758621
3829,0.4294,1,1,1,605523,87,107900,56,0.0008058838786172144,0.3916083916083916
3830,0.4297,0,1,0,605524,86,107900,56,0.0007966208455296602,0.39436619718309857
3831,0.4299,1,4,1,605528,82,107901,55,0.0007595687131794435,0.40145985401459855
3832,0.43,1,1,1,605529,81,107902,54,0.0007503056800918893,0.4
3833,0.4301,2,1,2,605530,80,107904,52,0.0007410426470043351,0.3939393939393939
3834,0.4302,4,5,4,605535,75,107908,48,0.0006947274815665642,0.3902439024390244
3835,0.4303,0,1,0,605536,74,107908,48,0.00068546444847901,0.39344262295081966
3836,0.4307,1,2,1,605538,72,107909,47,0.0006669383823039016,0.3949579831932773
3837,0.4312,1,1,1,605539,71,107910,46,0.0006576753492163474,0.39316239316239315
3838,0.4313,0,1,0,605540,70,107910,46,0.0006484123161287932,0.39655172413793105
3839,0.4314,1,1,1,605541,69,107911,45,0.000639149283041239,0.39473684210526316
3840,0.4315,1,0,1,605541,69,107912,44,0.000639149283041239,0.3893805309734513
3841,0.4316,2,1,2,605542,68,107914,42,0.0006298862499536849,0.38181818181818183
3842,0.4318,1,0,1,605542,68,107915,41,0.0006298862499536849,0.3761467889908257
3843,0.4322,0,1,0,605543,67,107915,41,0.0006206232168661307,0.37962962962962965
3844,0.4323,2,5,2,605548,62,107917,39,0.0005743080514283597,0.38613861386138615
3845,0.4324,1,1,1,605549,61,107918,38,0.0005650450183408056,0.3838383838383838
3846,0.4327,1,1,1,605550,60,107919,37,0.0005557819852532514,0.38144329896907214
3847,0.4331,3,4,3,605554,56,107922,34,0.0005187298529030345,0.37777777777777777
3848,0.4333,2,2,2,605556,54,107924,32,0.0005002037867279261,0.37209302325581395
3849,0.4336,2,5,2,605561,49,107926,30,0.00045388862129015523,0.379746835443038
3850,0.4337,0,1,0,605562,48,107926,30,0.0004446255882026011,0.38461538461538464
3851,0.4339,2,4,2,605566,44,107928,28,0.0004075734558523843,0.3888888888888889
3852,0.4341,0,2,0,605568,42,107928,28,0.0003890473896772759,0.4
3853,0.4342,0,1,0,605569,41,107928,28,0.00037978435658972176,0.4057971014492754
3854,0.4343,0,1,0,605570,40,107928,28,0.00037052132350216756,0.4117647058823529
3855,0.4344,0,1,0,605571,39,107928,28,0.00036125829041461335,0.417910447761194
3856,0.4346,1,3,1,605574,36,107929,27,0.0003334691911519508,0.42857142857142855
3857,0.4356,2,6,2,605580,30,107931,25,0.0002778909926266257,0.45454545454545453
3858,0.4361,0,1,0,605581,29,107931,25,0.0002686279595390715,0.46296296296296297
3859,0.4365,1,5,1,605586,24,107932,24,0.00022231279410130054,0.5
3860,0.4369,0,2,0,605588,22,107932,24,0.00020378672792619216,0.5217391304347826
3861,0.4371,5,1,5,605589,21,107937,19,0.00019452369483863796,0.475
3862,0.4375,0,1,0,605590,20,107937,19,0.00018526066175108378,0.48717948717948717
3863,0.4376,0,1,0,605591,19,107937,19,0.00017599762866352957,0.5
3864,0.4382,3,2,3,605593,17,107940,16,0.00015747156248842122,0.48484848484848486
3865,0.4385,0,3,0,605596,14,107940,16,0.00012968246322575864,0.5333333333333333
3866,0.4386,1,0,1,605596,14,107941,15,0.00012968246322575864,0.5172413793103449
3867,0.4394,0,1,0,605597,13,107941,15,0.00012041943013820446,0.5357142857142857
3868,0.4395,0,1,0,605598,12,107941,15,0.00011115639705065027,0.5555555555555556
3869,0.4419,1,0,1,605598,12,107942,14,0.00011115639705065027,0.5384615384615384
3870,0.4432,0,2,0,605600,10,107942,14,9.263033087554189e-05,0.5833333333333334
3871,0.4441,1,0,1,605600,10,107943,13,9.263033087554189e-05,0.5652173913043478
3872,0.4443,0,1,0,605601,9,107943,13,8.33672977879877e-05,0.5909090909090909
3873,0.4447,1,0,1,605601,9,107944,12,8.33672977879877e-05,0.5714285714285714
3874,0.4456,0,2,0,605603,7,107944,12,6.484123161287932e-05,0.631578947368421
3875,0.4468,1,0,1,605603,7,107945,11,6.484123161287932e-05,0.6111111111111112
3876,0.4491,0,1,0,605604,6,107945,11,5.5578198525325135e-05,0.6470588235294118
3877,0.4498,1,0,1,605604,6,107946,10,5.5578198525325135e-05,0.625
3878,0.4519,2,0,2,605604,6,107948,8,5.5578198525325135e-05,0.5714285714285714
3879,0.455,1,2,1,605606,4,107949,7,3.7052132350216754e-05,0.6363636363636364
3880,0.4583,1,0,1,605606,4,107950,6,3.7052132350216754e-05,0.6
3881,0.4586,0,1,0,605607,3,107950,6,2.7789099262662567e-05,0.6666666666666666
3882,0.4594,0,1,0,605608,2,107950,6,1.8526066175108377e-05,0.75
3883,0.4603,1,0,1,605608,2,107951,5,1.8526066175108377e-05,0.7142857142857143
3884,0.4636,1,0,1,605608,2,107952,4,1.8526066175108377e-05,0.6666666666666666
3885,0.4664,1,0,1,605608,2,107953,3,1.8526066175108377e-05,0.6
3886,0.4696,1,0,1,605608,2,107954,2,1.8526066175108377e-05,0.5
3887,0.4698,0,1,0,605609,1,107954,2,9.263033087554189e-06,0.6666666666666666
3888,0.4708,1,0,1,605609,1,107955,1,9.263033087554189e-06,0.5
3889,0.4728,0,1,0,605610,0,107955,1,0.0,1.0
3890,0.4735,1,0,1,605610,0,107956,0,0.0,
