,y_proba,y_test,Neg,Pos,TN,FP,FN,TP,FP/P,Prec
0,0.0,3,237,3,237,676207,3,126253,5.355840514510201,0.15733245270792315
1,0.0017,0,5,0,242,676202,3,126253,5.355800912431884,0.15733343302739716
2,0.002,0,1,0,243,676201,3,126253,5.355792992016221,0.15733362909275797
3,0.0025,0,2,0,245,676199,3,126253,5.355777151184895,0.15733402122494555
4,0.0029,0,1,0,246,676198,3,126253,5.355769230769231,0.15733421729177233
5,0.0033,0,8,0,254,676190,3,126253,5.355705867443923,0.15733578584397895
6,0.004,1,3,1,257,676187,4,126252,5.355682106196933,0.15733532393116487
7,0.005,0,19,0,276,676168,4,126252,5.355531618299328,0.1573390493756387
8,0.0053,0,1,0,277,676167,4,126252,5.355523697883665,0.15733924545655076
9,0.0054,0,1,0,278,676166,4,126252,5.355515777468002,0.15733944153795154
10,0.006,0,3,0,281,676163,4,126252,5.355492016221011,0.15734002978508627
11,0.0067,0,12,0,293,676151,4,126252,5.35539697123305,0.1573423828176116
12,0.0075,0,4,0,297,676147,4,126252,5.355365289570397,0.1573431671774267
13,0.008,0,5,0,302,676142,4,126252,5.35532568749208,0.1573441476381927
14,0.0083,0,5,0,307,676137,4,126252,5.355286085413763,0.15734512811117798
15,0.0087,0,2,0,309,676135,4,126252,5.355270244582436,0.15734552030379356
16,0.009,0,1,0,310,676134,4,126252,5.355262324166772,0.1573457164008345
17,0.0093,0,2,0,312,676132,4,126252,5.355246483335446,0.1573461085963828
18,0.01,8,359,8,671,675773,12,126244,5.35240305411228,0.15740813474028606
19,0.0109,0,4,0,675,675769,12,126244,5.3523713724496265,0.1574089198055393
20,0.0117,0,6,0,681,675763,12,126244,5.352323849955646,0.15741009741810233
21,0.012,0,4,0,685,675759,12,126244,5.352292168292992,0.15741088250293328
22,0.0125,0,6,0,691,675753,12,126244,5.352244645799011,0.1574120601448634
23,0.0129,0,2,0,693,675751,12,126244,5.352228804967685,0.15741245269608914
24,0.0133,2,15,2,708,675736,14,126242,5.352109998732733,0.1574132956265633
25,0.0136,0,1,0,709,675735,14,126242,5.3521020783170705,0.15741349190812207
26,0.0138,0,1,0,710,675734,14,126242,5.352094157901407,0.1574136881901703
27,0.014,0,3,0,713,675731,14,126242,5.352070396654416,0.15741427703925195
28,0.0142,0,9,0,722,675722,14,126242,5.351999112913446,0.15741604361293027
29,0.0145,0,2,0,724,675720,14,126242,5.351983272082119,0.15741643619024343
30,0.015,2,41,2,765,675679,16,126240,5.351658535039919,0.1574223830586381
31,0.0157,0,3,0,768,675676,16,126240,5.351634773792929,0.15742297198210287
32,0.0158,0,4,0,772,675672,16,126240,5.351603092130275,0.15742375722024363
33,0.016,0,1,0,773,675671,16,126240,5.351595171714612,0.15742395353100283
34,0.0163,0,1,0,774,675670,16,126240,5.351587251298948,0.15742414984225162
35,0.0165,0,5,0,779,675665,16,126240,5.351547649220631,0.15742513140583986
36,0.0167,0,23,0,802,675642,16,126240,5.351365479660372,0.15742964675600649
37,0.0169,0,2,0,804,675640,16,126240,5.351349638829046,0.1574300394073926
38,0.017,0,4,0,808,675636,16,126240,5.351317957166392,0.1574308247160409
39,0.0171,0,5,0,813,675631,16,126240,5.351278355088075,0.15743180636286885
40,0.0175,0,4,0,817,675627,16,126240,5.351246673425421,0.15743259168914545
41,0.018,0,3,0,820,675624,16,126240,5.351222912178431,0.15743318068899465
42,0.0183,0,5,0,825,675619,16,126240,5.351183310100114,0.15743416236520386
43,0.0189,0,1,0,826,675618,16,126240,5.3511753896844505,0.1574343587019148
44,0.019,0,6,0,832,675612,16,126240,5.3511278671904705,0.15743553673246435
45,0.0192,1,2,1,834,675610,17,126239,5.351112026359143,0.15743487863675082
46,0.02,11,500,11,1334,675110,28,126228,5.347151818527436,0.15752154521562686
47,0.0207,0,1,0,1335,675109,28,126228,5.3471438981117725,0.15752174178903508
48,0.0208,0,1,0,1336,675108,28,126228,5.34713597769611,0.1575219383629339
49,0.0213,1,1,1,1337,675107,29,126227,5.347128057280446,0.15752108359310849
50,0.0214,0,2,0,1339,675105,29,126227,5.347112216449119,0.15752147674122585
51,0.0215,0,2,0,1341,675103,29,126227,5.3470963756177925,0.1575218698913057
52,0.0217,0,7,0,1348,675096,29,126227,5.347040932708149,0.1575232459320399
53,0.022,0,4,0,1352,675092,29,126227,5.3470092510454945,0.1575240322518248
54,0.0221,0,2,0,1354,675090,29,126227,5.346993410214168,0.1575244254146611
55,0.0224,0,3,0,1357,675087,29,126227,5.346969648967177,0.15752501516259543
56,0.0225,1,19,1,1376,675068,30,126226,5.346819161069573,0.15752769894695332
57,0.0227,1,1,1,1377,675067,31,126225,5.34681124065391,0.15752684414670307
58,0.0229,0,2,0,1379,675065,31,126225,5.346795399822582,0.1575272373298057
59,0.023,0,3,0,1382,675062,31,126225,5.346771638575593,0.15752782710813978
60,0.0233,0,37,0,1419,675025,31,126225,5.346478583196046,0.15753510140405616
61,0.0235,0,1,0,1420,675024,31,126225,5.346470662780383,0.15753529801597257
62,0.024,1,15,1,1435,675009,32,126224,5.346351856545431,0.15753719579697792
63,0.0242,0,1,0,1436,675008,32,126224,5.346343936129768,0.15753739241567985
64,0.0243,0,2,0,1438,675006,32,126224,5.346328095298441,0.15753778565455612
65,0.0245,0,1,0,1439,675005,32,126224,5.346320174882778,0.15753798227473045
66,0.025,2,86,2,1525,674919,34,126222,5.345639019135724,0.15755279033278785
67,0.0257,0,1,0,1526,674918,34,126222,5.345631098720061,0.1575529869935342
68,0.0258,0,4,0,1530,674914,34,126222,5.345599417057407,0.15755377364142917
69,0.026,1,9,1,1539,674905,35,126221,5.345528133316437,0.15755449205243618
70,0.0264,0,2,0,1541,674903,35,126221,5.345512292485109,0.15755488538603263
71,0.0267,0,42,0,1583,674861,35,126221,5.345179635027246,0.1575631458452443
72,0.0269,0,1,0,1584,674860,35,126221,5.345171714611583,0.15756334253340173
73,0.027,0,1,0,1585,674859,35,126221,5.345163794195919,0.15756353922205024
74,0.0271,0,1,0,1586,674858,35,126221,5.345155873780256,0.15756373591118977
75,0.0273,0,1,0,1587,674857,35,126221,5.3451479533645925,0.15756393260082038
76,0.0275,2,21,2,1608,674836,37,126219,5.344981624635661,0.15756595989039454
77,0.0276,0,1,0,1609,674835,37,126219,5.344973704219997,0.15756615658869438
78,0.0278,0,1,0,1610,674834,37,126219,5.344965783804334,0.15756635328748536
79,0.028,0,4,0,1614,674830,37,126219,5.34493410214168,0.15756714008756018
80,0.0283,2,13,2,1627,674817,39,126217,5.344831136738056,0.15756759388490377
81,0.029,0,2,0,1629,674815,39,126217,5.344815295906729,0.15756798729638766
82,0.0291,0,4,0,1633,674811,39,126217,5.344783614244076,0.15756877412524906
83,0.0292,0,3,0,1636,674808,39,126217,5.344759852997085,0.15756936425205206
84,0.0293,1,6,1,1642,674802,40,126216,5.344712330503105,0.15756949282038607
85,0.0296,0,2,0,1644,674800,40,126216,5.344696489671778,0.15756988624446952
86,0.03,17,619,17,2263,674181,57,126199,5.339793752376124,0.1576738549189135
87,0.0302,0,1,0,2264,674180,57,126199,5.339785831960461,0.1576740519179039
88,0.0303,0,1,0,2265,674179,57,126199,5.339777911544798,0.15767424891738654
89,0.0308,0,4,0,2269,674175,57,126199,5.339746229882144,0.1576750369202398
90,0.031,0,9,0,2278,674166,57,126199,5.339674946141174,0.15767680995545783
91,0.0315,0,3,0,2281,674163,57,126199,5.3396511848941834,0.15767740097605834
92,0.0317,1,14,1,2295,674149,58,126198,5.339540299074895,0.1576791066874743
93,0.032,0,10,0,2305,674139,58,126198,5.339461094918262,0.15768107684637847
94,0.0323,0,1,0,2306,674138,58,126198,5.339453174502598,0.1576812738649767
95,0.0325,1,23,1,2329,674115,59,126197,5.339271004942339,0.15768475294635093
96,0.0327,0,2,0,2331,674113,59,126197,5.339255164111012,0.15768514700553535
97,0.0328,1,2,1,2333,674111,60,126196,5.339239323279686,0.15768448857750839
98,0.0329,3,2,3,2335,674109,63,126193,5.339223482448359,0.15768172514875634
99,0.033,0,1,0,2336,674108,63,126193,5.339215562032695,0.15768192217678098
100,0.0332,0,5,0,2341,674103,63,126193,5.339175959954378,0.15768290732429002
101,0.0333,2,72,2,2413,674031,65,126191,5.338605690026613,0.1576949896403748
102,0.0337,0,1,0,2414,674030,65,126191,5.338597769610949,0.15769518670467284
103,0.034,3,19,3,2433,674011,68,126188,5.338447281713345,0.15769577317642236
104,0.0342,0,2,0,2435,674009,68,126188,5.338431440882018,0.15769616731879774
105,0.0343,0,6,0,2441,674003,68,126188,5.338383918388037,0.15769734975774533
106,0.0345,0,2,0,2443,674001,68,126188,5.33836807755671,0.15769774390800173
107,0.0346,0,2,0,2445,673999,68,126188,5.338352236725384,0.15769813806022842
108,0.0347,0,2,0,2447,673997,68,126188,5.338336395894056,0.15769853221442542
109,0.035,3,134,3,2581,673863,71,126185,5.337275060195159,0.15772178669279843
110,0.0352,0,1,0,2582,673862,71,126185,5.337267139779495,0.1577219838334498
111,0.0353,1,6,1,2588,673856,72,126184,5.337219617285515,0.1577221138943053
112,0.0354,0,4,0,2592,673852,72,126184,5.337187935622861,0.1577229024693889
113,0.0355,0,2,0,2594,673850,72,126184,5.337172094791534,0.1577232967598877
114,0.0356,0,6,0,2600,673844,72,126184,5.337124572297554,0.15772447964321248
115,0.0357,0,3,0,2603,673841,72,126184,5.337100811050564,0.1577250710915284
116,0.0358,0,4,0,2607,673837,72,126184,5.337069129387911,0.15772585969618297
117,0.036,1,11,1,2618,673826,73,126183,5.336982004815613,0.15772697557152482
118,0.0365,0,1,0,2619,673825,73,126183,5.336974084399949,0.15772717272827272
119,0.0366,0,3,0,2622,673822,73,126183,5.336950323152959,0.15772776420147375
120,0.0367,2,40,2,2662,673782,75,126181,5.3366335065264225,0.1577335451764644
121,0.0372,0,1,0,2663,673781,75,126181,5.336625586110759,0.15773374235276175
122,0.0375,1,15,1,2678,673766,76,126180,5.3365067798758075,0.15773564715618305
123,0.0378,0,1,0,2679,673765,76,126180,5.336498859460145,0.15773584433929833
124,0.0379,0,1,0,2680,673764,76,126180,5.336490939044481,0.1577360415229066
125,0.038,0,2,0,2682,673762,76,126180,5.336475098213154,0.15773643589160213
126,0.0383,1,15,1,2697,673747,77,126179,5.336356291978203,0.15773834079652369
127,0.0387,0,1,0,2698,673746,77,126179,5.33634837156254,0.15773853798793636
128,0.0388,0,2,0,2700,673744,77,126179,5.336332530731212,0.15773893237224082
129,0.039,0,7,0,2707,673737,77,126179,5.336277087821569,0.15774031273283695
130,0.0392,0,5,0,2712,673732,77,126179,5.3362374857432515,0.15774129871948253
131,0.0393,0,5,0,2717,673727,77,126179,5.336197883664934,0.15774228471845442
132,0.0394,0,2,0,2719,673725,77,126179,5.336182042833608,0.1577426791214946
133,0.0395,0,5,0,2724,673720,77,126179,5.336142440755291,0.15774366513772364
134,0.04,22,953,22,3677,672767,99,126157,5.328594284628057,0.15790863711692227
135,0.0404,0,1,0,3678,672766,99,126157,5.328586364212394,0.15790883476880752
136,0.0405,0,1,0,3679,672765,99,126157,5.32857844379673,0.15790903242118756
137,0.0407,0,1,0,3680,672764,99,126157,5.328570523381067,0.15790923007406238
138,0.0408,0,4,0,3684,672760,99,126157,5.328538841718413,0.15791002069050977
139,0.041,0,2,0,3686,672758,99,126157,5.3285230008870865,0.1579104160017023
140,0.0411,0,1,0,3687,672757,99,126157,5.328515080471423,0.1579106136580408
141,0.0412,0,1,0,3688,672756,99,126157,5.32850716005576,0.15791081131487408
142,0.0414,0,1,0,3689,672755,99,126157,5.328499239640096,0.1579110089722022
143,0.0415,0,4,0,3693,672751,99,126157,5.328467557977443,0.15791179960646282
144,0.0417,1,29,1,3722,672722,100,126156,5.328237865923204,0.15791647786019894
145,0.0418,0,2,0,3724,672720,100,126156,5.328222025091877,0.15791687320685563
146,0.0419,0,1,0,3725,672719,100,126156,5.3282141046762135,0.1579170708809263
147,0.042,1,9,1,3734,672710,101,126155,5.328142820935243,0.15791779587289467
148,0.0425,2,55,2,3789,672655,103,126153,5.327707198073755,0.15792656057525714
149,0.0427,0,3,0,3792,672652,103,126153,5.3276834368267645,0.1579271536858182
150,0.0429,0,2,0,3794,672650,103,126153,5.327667595995438,0.15792754909533388
151,0.0432,0,2,0,3796,672648,103,126153,5.327651755164111,0.15792794450682962
152,0.0433,0,72,0,3868,672576,103,126153,5.327081485236345,0.157942180639491
153,0.0437,0,1,0,3869,672575,103,126153,5.327073564820682,0.15794237838162678
154,0.0438,0,5,0,3874,672570,103,126153,5.327033962742365,0.15794336709973295
155,0.0439,0,7,0,3881,672563,103,126153,5.32697851983272,0.15794475132587804
156,0.044,0,17,0,3898,672546,103,126153,5.3268438727664424,0.1579481131189597
157,0.0442,0,9,0,3907,672537,103,126153,5.326772589025472,0.15794989294970513
158,0.0443,0,1,0,3908,672536,103,126153,5.326764668609808,0.1579500907111529
159,0.0447,0,1,0,3909,672535,103,126153,5.326756748194145,0.1579502884730959
160,0.045,3,153,3,4062,672382,106,126150,5.325544924597643,0.15797738850791201
161,0.0451,0,3,0,4065,672379,106,126150,5.325521163350652,0.15797798201442903
162,0.0452,0,1,0,4066,672378,106,126150,5.325513242934989,0.15797817985092572
163,0.0453,0,1,0,4067,672377,106,126150,5.325505322519326,0.1579783776879179
164,0.0455,0,2,0,4069,672375,106,126150,5.325489481687999,0.15797877336338875
165,0.0457,0,6,0,4075,672369,106,126150,5.325441959194018,0.15797996040169363
166,0.0458,0,8,0,4083,672361,106,126150,5.325378595868711,0.15798154314718268
167,0.046,1,14,1,4097,672347,107,126149,5.325267710049423,0.15798325852602893
168,0.0462,0,1,0,4098,672346,107,126149,5.32525978963376,0.15798345637730982
169,0.0464,0,2,0,4100,672344,107,126149,5.3252439488024335,0.15798385208135826
170,0.0465,0,2,0,4102,672342,107,126149,5.325228107971106,0.15798424778738895
171,0.0467,0,79,0,4181,672263,107,126149,5.324602395133697,0.15799987976132623
172,0.047,0,11,0,4192,672252,107,126149,5.324515270561399,0.15800205661065053
173,0.0471,0,1,0,4193,672251,107,126149,5.324507350145736,0.15800225450901803
174,0.0473,0,5,0,4198,672246,107,126149,5.324467748067419,0.15800324400829163
175,0.0475,0,44,0,4242,672202,107,126149,5.324119249778228,0.15801195213634103
176,0.0476,0,1,0,4243,672201,107,126149,5.324111329362565,0.1580121500594977
177,0.0477,0,1,0,4244,672200,107,126149,5.324103408946901,0.15801234798315023
178,0.0478,0,4,0,4248,672196,107,126149,5.324071727284248,0.15801313968271863
179,0.0479,0,1,0,4249,672195,107,126149,5.324063806868584,0.1580133376088503
180,0.048,0,4,0,4253,672191,107,126149,5.324032125205931,0.15801412931833556
181,0.0481,0,5,0,4258,672186,107,126149,5.323992523127614,0.1580151189663487
182,0.0482,0,3,0,4261,672183,107,126149,5.323968761880623,0.1580157127611069
183,0.0483,1,18,1,4279,672165,108,126148,5.323826194398682,0.15801822092337217
184,0.0487,0,6,0,4285,672159,108,126148,5.3237786719047016,0.15801940857339344
185,0.0488,0,1,0,4286,672158,108,126148,5.323770751489038,0.15801960651679933
186,0.0489,0,1,0,4287,672157,108,126148,5.323762831073375,0.1580198044607011
187,0.049,0,5,0,4292,672152,108,126148,5.323723228995058,0.15802079418764875
188,0.0492,3,22,3,4314,672130,111,126145,5.323548979850463,0.1580219849049513
189,0.0493,0,4,0,4318,672126,111,126145,5.3235172981878085,0.1580227767261995
190,0.0494,0,1,0,4319,672125,111,126145,5.323509377772146,0.15802297468275145
191,0.0495,0,2,0,4321,672123,111,126145,5.323493536940819,0.15802337059734325
192,0.0496,0,1,0,4322,672122,111,126145,5.323485616525155,0.1580235685553831
193,0.0497,0,1,0,4323,672121,111,126145,5.323477696109491,0.15802376651391892
194,0.05,30,1062,30,5385,671059,141,126115,5.315066214674946,0.15820260068692657
195,0.0501,0,3,0,5388,671056,141,126115,5.315042453427956,0.15820319605203903
196,0.0502,0,2,0,5390,671054,141,126115,5.315026612596629,0.15820359296460348
197,0.0503,0,2,0,5392,671052,141,126115,5.315010771765302,0.15820398987915957
198,0.0505,0,2,0,5394,671050,141,126115,5.314994930933976,0.15820438679570728
199,0.0507,0,6,0,5400,671044,141,126115,5.314947408439995,0.15820557755730036
200,0.0508,0,15,0,5415,671029,141,126115,5.3148286022050435,0.15820855453970675
201,0.0509,0,1,0,5416,671028,141,126115,5.314820681789381,0.15820875300918405
202,0.051,0,8,0,5424,671020,141,126115,5.314757318464073,0.15821034078292887
203,0.0512,2,5,2,5429,671015,143,126113,5.314717716385756,0.1582092211037625
204,0.0513,0,4,0,5433,671011,143,126113,5.314686034723103,0.15821001500393916
205,0.0514,0,6,0,5439,671005,143,126113,5.314638512229122,0.15821120586914358
206,0.0515,0,2,0,5441,671003,143,126113,5.314622671397795,0.15821160282819566
207,0.0517,2,31,2,5472,670972,145,126111,5.314377138512229,0.15821564379117356
208,0.0519,1,8,1,5480,670964,146,126110,5.314313775186922,0.15821617566248555
209,0.052,0,18,0,5498,670946,146,126110,5.31417120770498,0.15821974867512445
210,0.0523,0,2,0,5500,670944,146,126110,5.314155366873654,0.1582201456864905
211,0.0525,1,42,1,5542,670902,147,126109,5.31382270941579,0.1582274272249693
212,0.0527,0,2,0,5544,670900,147,126109,5.3138068685844635,0.15822782427801946
213,0.0528,0,1,0,5545,670899,147,126109,5.3137989481688,0.1582280228052918
214,0.0529,0,6,0,5551,670893,147,126109,5.31375142567482,0.15822921397938775
215,0.053,0,5,0,5556,670888,147,126109,5.313711823596503,0.15823020663816803
216,0.0531,0,1,0,5557,670887,147,126109,5.313703903180839,0.15823040517141868
217,0.0532,0,1,0,5558,670886,147,126109,5.313695982765175,0.15823060370516753
218,0.0533,3,108,3,5666,670778,150,126106,5.312840577873526,0.15824887938520538
219,0.0535,0,2,0,5668,670776,150,126106,5.3128247370422,0.15824927655537457
220,0.0537,1,4,1,5672,670772,151,126105,5.312793055379546,0.15824901459070848
221,0.0538,0,2,0,5674,670770,151,126105,5.31277721454822,0.1582494117647059
222,0.054,0,28,0,5702,670742,151,126105,5.312555442909644,0.15825497241001096
223,0.0542,0,12,0,5714,670730,151,126105,5.312460397921683,0.1582573556633431
224,0.0543,0,6,0,5720,670724,151,126105,5.312412875427702,0.15825854731692748
225,0.0545,0,4,0,5724,670720,151,126105,5.312381193765049,0.1582593417626204
226,0.0547,0,4,0,5728,670716,151,126105,5.312349512102395,0.15826013621628948
227,0.0548,1,6,1,5734,670710,152,126104,5.3123019896084145,0.1582602715313737
228,0.0549,0,1,0,5735,670709,152,126104,5.312294069192752,0.15826047014795191
229,0.055,11,214,11,5949,670495,163,126093,5.310599100240781,0.15829136266175237
230,0.0551,0,1,0,5950,670494,163,126093,5.310591179825117,0.1582915613737106
231,0.0552,0,1,0,5951,670493,163,126093,5.310583259409454,0.15829176008616772
232,0.0553,0,3,0,5954,670490,163,126093,5.310559498162464,0.15829235622653257
233,0.0554,0,2,0,5956,670488,163,126093,5.310543657331137,0.15829275365593706
234,0.0558,0,11,0,5967,670477,163,126093,5.310456532758839,0.15829493955333493
235,0.056,0,20,0,5987,670457,163,126093,5.310298124445571,0.15829891406691357
236,0.0561,0,1,0,5988,670456,163,126093,5.310290204029908,0.15829911279783165
237,0.0562,0,10,0,5998,670446,163,126093,5.310210999873274,0.1583011001344567
238,0.0563,0,3,0,6001,670443,163,126093,5.310187238626283,0.1583016963451746
239,0.0564,0,3,0,6004,670440,163,126093,5.310163477379293,0.15830229256038356
240,0.0565,0,6,0,6010,670434,163,126093,5.310115954885313,0.1583034850042748
241,0.0567,1,95,1,6105,670339,164,126092,5.309363515397288,0.15832131094846885
242,0.0569,0,1,0,6106,670338,164,126092,5.309355594981625,0.15832150973720227
243,0.057,0,4,0,6110,670334,164,126092,5.309323913318971,0.15832230489712792
244,0.0571,0,3,0,6113,670331,164,126092,5.309300152071981,0.15832290127231383
245,0.0574,0,4,0,6117,670327,164,126092,5.309268470409327,0.15832369644621738
246,0.0575,2,45,2,6162,670282,166,126090,5.308912051704474,0.15833052894878272
247,0.0577,1,6,1,6168,670276,167,126089,5.308864529210493,0.15833066495890705
248,0.0578,0,3,0,6171,670273,167,126089,5.308840767963503,0.15833126141126774
249,0.0579,0,3,0,6174,670270,167,126089,5.308817006716512,0.1583318578681223
250,0.058,0,11,0,6185,670259,167,126089,5.308729882144215,0.15833404491503714
251,0.0582,0,4,0,6189,670255,167,126089,5.308698200481562,0.1583348402198045
252,0.0583,1,46,1,6235,670209,168,126088,5.308333861361044,0.1583429298364806
253,0.0584,0,2,0,6237,670207,168,126088,5.308318020529717,0.15834332753564948
254,0.0585,0,10,0,6247,670197,168,126088,5.308238816373083,0.1583453160614604
255,0.0587,0,10,0,6257,670187,168,126088,5.308159612216449,0.15834730463721705
256,0.0588,0,2,0,6259,670185,168,126088,5.308143771385122,0.158347702358362
257,0.0589,0,1,0,6260,670184,168,126088,5.3081358509694585,0.15834790121968373
258,0.059,1,16,1,6276,670168,169,126087,5.308009124318844,0.158350026059491
259,0.0592,2,16,2,6292,670152,171,126085,5.307882397668229,0.1583510939582059
260,0.0593,1,9,1,6301,670143,172,126084,5.307811113927259,0.1583518268031604
261,0.0595,1,4,1,6305,670139,173,126083,5.3077794322646055,0.15835156526697328
262,0.0597,0,2,0,6307,670137,173,126083,5.307763591433279,0.15835196302529453
263,0.0598,0,2,0,6309,670135,173,126083,5.307747750601951,0.158352360785614
264,0.06,34,1254,34,7563,668881,207,126049,5.29781554936003,0.1585661630583825
265,0.0602,0,2,0,7565,668879,207,126049,5.297799708528704,0.15856656200309965
266,0.0603,0,6,0,7571,668873,207,126049,5.297752186034723,0.15856775884929591
267,0.0605,0,1,0,7572,668872,207,126049,5.29774426561906,0.1585679583254185
268,0.0607,0,4,0,7576,668868,207,126049,5.297712583956406,0.15856875623492767
269,0.0608,1,13,1,7589,668855,208,126048,5.297609618552782,0.15857029096631917
270,0.061,0,9,0,7598,668846,208,126048,5.297538334811811,0.1585720863410719
271,0.0611,0,1,0,7599,668845,208,126048,5.297530414396148,0.15857228582966512
272,0.0612,0,2,0,7601,668843,208,126048,5.297514573564821,0.15857268480835737
273,0.0613,1,10,1,7611,668833,209,126047,5.297435369408187,0.15857362117552334
274,0.0615,0,1,0,7612,668832,209,126047,5.297427448992523,0.15857382066956102
275,0.0617,0,49,0,7661,668783,209,126047,5.297039348625016,0.1585835964923317
276,0.0618,0,5,0,7666,668778,209,126047,5.296999746546699,0.15858459409303935
277,0.0619,0,2,0,7668,668776,209,126047,5.296983905715372,0.15858499313683674
278,0.062,0,15,0,7683,668761,209,126047,5.296865099480421,0.15858798602933036
279,0.0621,0,2,0,7685,668759,209,126047,5.296849258649094,0.1585883850901981
280,0.0622,0,4,0,7689,668755,209,126047,5.29681757698644,0.15858918321795867
281,0.0623,0,3,0,7692,668752,209,126047,5.29679381573945,0.15858978181905112
282,0.0624,0,5,0,7697,668747,209,126047,5.296754213661133,0.1585907794975805
283,0.0625,3,80,3,7777,668667,212,126044,5.2961205804080596,0.1586035678378681
284,0.0627,0,3,0,7780,668664,212,126044,5.29609681916107,0.15860416656180634
285,0.0628,1,3,1,7783,668661,213,126043,5.29607305791408,0.15860370653727676
286,0.0629,0,4,0,7787,668657,213,126043,5.296041376251425,0.15860450484459546
287,0.063,0,3,0,7790,668654,213,126043,5.296017615004436,0.1586051035803583
288,0.0631,0,1,0,7791,668653,213,126043,5.296009694588772,0.15860530315995047
289,0.0633,8,108,8,7899,668545,221,126035,5.295154289697123,0.15861838958946864
290,0.0636,0,1,0,7900,668544,221,126035,5.2951463692814595,0.1586185892151693
291,0.0637,0,7,0,7907,668537,221,126035,5.295090926371816,0.15861998660914303
292,0.0638,0,1,0,7908,668536,221,126035,5.295083005956153,0.15862018623886348
293,0.064,1,33,1,7941,668503,222,126034,5.29482163223926,0.15862571535372172
294,0.0642,0,8,0,7949,668495,222,126034,5.294758268913952,0.15862731253358908
295,0.0643,0,5,0,7954,668490,222,126034,5.294718666835635,0.15862831078733933
296,0.0644,0,1,0,7955,668489,222,126034,5.294710746419972,0.15862851043959708
297,0.0645,0,1,0,7956,668488,222,126034,5.2947028260043085,0.1586287100923574
298,0.0646,1,1,1,7957,668487,223,126033,5.294694905588646,0.15862785077782812
299,0.0647,0,3,0,7960,668484,223,126033,5.294671144341655,0.15862844973738763
300,0.0648,0,8,0,7968,668476,223,126033,5.294607781016348,0.15863004698499325
301,0.0649,1,1,1,7969,668475,224,126032,5.294599860600684,0.15862918765976888
302,0.065,6,265,6,8234,668210,230,126026,5.292500950449879,0.15867575884245994
303,0.0653,0,3,0,8237,668207,230,126026,5.29247718920289,0.15867635819715373
304,0.0654,0,1,0,8238,668206,230,126026,5.292469268787226,0.15867655798305785
305,0.0655,0,5,0,8243,668201,230,126026,5.292429666708909,0.15867755692012486
306,0.0656,0,4,0,8247,668197,230,126026,5.2923979850462555,0.1586783560788343
307,0.0657,0,9,0,8256,668188,230,126026,5.292326701305284,0.1586801542153626
308,0.0658,0,18,0,8274,668170,230,126026,5.292184133823343,0.1586837506106805
309,0.066,2,37,2,8311,668133,232,126024,5.291891078443797,0.15868902496609613
310,0.0661,0,1,0,8312,668132,232,126024,5.291883158028133,0.15868922478706954
311,0.0662,1,10,1,8322,668122,233,126023,5.291803953871499,0.1586901636351044
312,0.0663,0,1,0,8323,668121,233,126023,5.291796033455836,0.1586903634605311
313,0.0664,0,2,0,8325,668119,233,126023,5.2917801926245085,0.15869076311289418
314,0.0665,0,2,0,8327,668117,233,126023,5.291764351793182,0.15869116276727024
315,0.0667,3,108,3,8435,668009,236,126020,5.290908946901533,0.15870956854220689
316,0.0668,0,1,0,8436,668008,236,126020,5.29090102648587,0.15870976842126475
317,0.067,0,10,0,8446,667998,236,126020,5.290821822329236,0.15871176723953362
318,0.0671,0,3,0,8449,667995,236,126020,5.290798061082246,0.15871236689483195
319,0.0672,0,1,0,8450,667994,236,126020,5.290790140666582,0.15871256678093837
320,0.0673,0,5,0,8455,667989,236,126020,5.290750538588265,0.15871356621902272
321,0.0674,0,2,0,8457,667987,236,126020,5.290734697756938,0.15871396599778087
322,0.0675,2,65,2,8522,667922,238,126018,5.290219870738817,0.15872484066806056
323,0.0676,0,3,0,8525,667919,238,126018,5.290196109491826,0.15872544043167153
324,0.0677,0,4,0,8529,667915,238,126018,5.290164427829173,0.15872624012353687
325,0.0678,0,1,0,8530,667914,238,126018,5.290156507413509,0.1587264400477623
326,0.0679,0,1,0,8531,667913,238,126018,5.290148586997845,0.1587266399724913
327,0.068,1,12,1,8543,667901,239,126017,5.290053542009884,0.1587279794638741
328,0.0681,0,1,0,8544,667900,239,126017,5.2900456215942215,0.15872817939406764
329,0.0682,1,4,1,8548,667896,240,126016,5.290013939931567,0.15872791946714498
330,0.0683,4,41,4,8589,667855,244,126012,5.289689202889368,0.15873187826172394
331,0.0685,0,3,0,8592,667852,244,126012,5.289665441642377,0.15873247810708133
332,0.0687,1,15,1,8607,667837,245,126011,5.289546635407426,0.1587344176718969
333,0.0688,0,2,0,8609,667835,245,126011,5.289530794576099,0.15873481758426697
334,0.0689,0,3,0,8612,667832,245,126011,5.289507033329109,0.15873541745660036
335,0.069,0,9,0,8621,667823,245,126011,5.289435749588138,0.15873721710080446
336,0.0692,2,12,2,8633,667811,247,126009,5.2893407046001775,0.15873749716560429
337,0.0693,0,7,0,8640,667804,247,126009,5.289285261690534,0.15873889694424254
338,0.0695,0,7,0,8647,667797,247,126009,5.28922981878089,0.15874029674756804
339,0.0697,0,1,0,8648,667796,247,126009,5.289221898365226,0.15874049672148702
340,0.0698,0,1,0,8649,667795,247,126009,5.289213977949562,0.15874069669590982
341,0.0699,0,4,0,8653,667791,247,126009,5.289182296286909,0.15874149659863945
342,0.07,40,1491,40,10144,666300,287,125969,5.2773729565327585,0.15899776464811824
343,0.0703,0,6,0,10150,666294,287,125969,5.2773254340387785,0.15899896877678246
344,0.0704,1,2,1,10152,666292,288,125968,5.277309593207452,0.15899830863605383
345,0.0705,0,1,0,10153,666291,288,125968,5.277301672791788,0.1589985093258644
346,0.0707,0,8,0,10161,666283,288,125968,5.2772383094664805,0.15900011486258775
347,0.0708,0,18,0,10179,666265,288,125968,5.27709574198454,0.15900372743877117
348,0.0709,0,1,0,10180,666264,288,125968,5.277087821568876,0.15900392814226136
349,0.071,2,18,2,10198,666246,290,125966,5.276945254086934,0.1590054177417156
350,0.0711,0,1,0,10199,666245,290,125966,5.276937333671271,0.1590056184526597
351,0.0712,0,3,0,10202,666242,290,125966,5.276913572424281,0.1590062205885323
352,0.0713,0,2,0,10204,666240,290,125966,5.276897731592954,0.15900662201498095
353,0.0714,0,3,0,10207,666237,290,125966,5.276873970345964,0.15900722415845434
354,0.0715,0,2,0,10209,666235,290,125966,5.276858129514637,0.15900762558997023
355,0.0717,1,53,1,10262,666182,291,125965,5.276438347484476,0.15901720261517116
356,0.0718,0,2,0,10264,666180,291,125965,5.276422506653149,0.15901760410025942
357,0.072,0,23,0,10287,666157,291,125965,5.276240337092891,0.15902222132449295
358,0.0721,0,2,0,10289,666155,291,125965,5.276224496261563,0.159022622834924
359,0.0722,0,4,0,10293,666151,291,125965,5.27619281459891,0.1590234258618687
360,0.0723,0,5,0,10298,666146,291,125965,5.276153212520593,0.15902442965695465
361,0.0725,2,69,2,10367,666077,293,125963,5.275606703839817,0.1590361597899096
362,0.0726,0,1,0,10368,666076,293,125963,5.2755987834241544,0.1590363605832541
363,0.0727,0,4,0,10372,666072,293,125963,5.2755671017615,0.15903716376170246
364,0.0728,0,2,0,10374,666070,293,125963,5.275551260930174,0.15903756535396885
365,0.0729,0,7,0,10381,666063,293,125963,5.27549581802053,0.1590389709428731
366,0.073,0,9,0,10390,666054,293,125963,5.275424534279559,0.15904077816511514
367,0.0731,0,1,0,10391,666053,293,125963,5.275416613863896,0.15904097897012182
368,0.0732,0,3,0,10394,666050,293,125963,5.275392852616905,0.15904158138818428
369,0.0733,2,144,2,10538,665906,295,125961,5.274252312761374,0.15906837890706393
370,0.0734,0,1,0,10539,665905,295,125961,5.27424439234571,0.1590685797849636
371,0.0735,0,1,0,10540,665904,295,125961,5.274236471930047,0.15906878066337066
372,0.0737,0,1,0,10541,665903,295,125961,5.274228551514383,0.15906898154228505
373,0.0738,0,8,0,10549,665895,295,125961,5.274165188189076,0.15907058859186518
374,0.0739,0,2,0,10551,665893,295,125961,5.274149347357749,0.15907099035933392
375,0.074,3,29,3,10580,665864,298,125958,5.27391965530351,0.1590736301845617
376,0.0742,1,8,1,10588,665856,299,125957,5.273856291978203,0.1590741753419052
377,0.0743,0,4,0,10592,665852,299,125957,5.2738246103155495,0.15907497894062836
378,0.0745,0,1,0,10593,665851,299,125957,5.273816689899886,0.15907517984157776
379,0.0746,0,4,0,10597,665847,299,125957,5.273785008237232,0.15907598345044985
380,0.0747,0,1,0,10598,665846,299,125957,5.273777087821569,0.15907618435393653
381,0.0748,0,10,0,10608,665836,299,125957,5.273697883664934,0.1590781934167137
382,0.075,11,305,11,10913,665531,310,125946,5.271282156887594,0.15912780788323602
383,0.0751,0,1,0,10914,665530,310,125946,5.27127423647193,0.1591280089352046
384,0.0753,0,8,0,10922,665522,310,125946,5.2712108731466225,0.15912961736924297
385,0.0754,0,1,0,10923,665521,310,125946,5.27120295273096,0.15912981842578403
386,0.0755,0,1,0,10924,665520,310,125946,5.271195032315296,0.15913001948283312
387,0.0757,0,6,0,10930,665514,310,125946,5.271147509821316,0.15913122583579714
388,0.0758,0,30,0,10960,665484,310,125946,5.270909897351413,0.15913725787498578
389,0.0759,0,4,0,10964,665480,310,125946,5.270878215688759,0.15913806218142948
390,0.076,1,22,1,10986,665458,311,125945,5.270703966544164,0.15914142352252897
391,0.0762,0,8,0,10994,665450,311,125945,5.270640603218857,0.15914303224053727
392,0.0763,0,1,0,10995,665449,311,125945,5.2706326828031935,0.15914323333257518
393,0.0764,0,4,0,10999,665445,311,125945,5.27060100114054,0.15914403770580876
394,0.0765,1,7,1,11006,665438,312,125944,5.2705455582308955,0.15914438286440682
395,0.0767,3,145,3,11151,665293,315,125941,5.269397097959701,0.15917035921105513
396,0.0768,0,4,0,11155,665289,315,125941,5.269365416297047,0.15917116388407923
397,0.0769,0,3,0,11158,665286,315,125941,5.269341655050057,0.1591717673941865
398,0.077,1,14,1,11172,665272,316,125940,5.269230769230769,0.15917352112960875
399,0.0771,0,5,0,11177,665267,316,125940,5.269191167152452,0.15917452702010979
400,0.0772,0,2,0,11179,665265,316,125940,5.269175326321125,0.15917492937986993
401,0.0773,0,8,0,11187,665257,316,125940,5.269111962995818,0.15917653883925242
402,0.0774,0,1,0,11188,665256,316,125940,5.269104042580155,0.15917674002396373
403,0.0775,5,89,5,11277,665167,321,125935,5.268399125586111,0.15918933336029994
404,0.0776,0,2,0,11279,665165,321,125935,5.268383284754784,0.1591897358108962
405,0.0777,0,1,0,11280,665164,321,125935,5.2683753643391205,0.15918993703695744
406,0.0778,0,6,0,11286,665158,321,125935,5.2683278418451405,0.15919114440400814
407,0.0779,0,1,0,11287,665157,321,125935,5.268319921429477,0.15919134563363047
408,0.078,0,17,0,11304,665140,321,125935,5.268185274363199,0.15919476661504914
409,0.0781,0,2,0,11306,665138,321,125935,5.268169433531872,0.15919516909311782
410,0.0782,1,1,1,11307,665137,322,125934,5.268161513116208,0.15919430746418464
411,0.0783,3,79,3,11386,665058,325,125931,5.267535800278798,0.15920701804955567
412,0.0785,1,12,1,11398,665046,326,125930,5.2674407552908376,0.15920837041831865
413,0.0786,0,2,0,11400,665044,326,125930,5.267424914459511,0.15920877298115993
414,0.0787,0,6,0,11406,665038,326,125930,5.26737739196553,0.15920998068189862
415,0.0788,0,4,0,11410,665034,326,125930,5.267345710302877,0.1592107858259036
416,0.079,2,27,2,11437,665007,328,125928,5.2671318590799645,0.1592140947106905
417,0.0792,1,15,1,11452,664992,329,125927,5.267013052845013,0.15921605120119758
418,0.0793,0,5,0,11457,664987,329,125927,5.266973450766696,0.15921705773320488
419,0.0795,0,8,0,11465,664979,329,125927,5.2669100874413886,0.15921866821088726
420,0.0796,0,6,0,11471,664973,329,125927,5.266862564947409,0.1592198760905298
421,0.0797,0,1,0,11472,664972,329,125927,5.266854644531745,0.1592200774055853
422,0.0798,0,1,0,11473,664971,329,125927,5.266846724116082,0.15922027872114988
423,0.0799,0,2,0,11475,664969,329,125927,5.266830883284754,0.15922068135380632
424,0.08,44,1706,44,13181,663263,373,125883,5.25331865416297,0.15951801060893675
425,0.0802,1,5,1,13186,663258,374,125882,5.253279052084653,0.15951795625617762
426,0.0803,1,5,1,13191,663253,375,125881,5.253239450006336,0.15951790190259196
427,0.0804,0,2,0,13193,663251,375,125881,5.253223609175009,0.1595183061895855
428,0.0805,0,1,0,13194,663250,375,125881,5.253215688759346,0.15951850833385078
429,0.0807,0,6,0,13200,663244,375,125881,5.2531681662653655,0.15951972121020117
430,0.0808,0,28,0,13228,663216,375,125881,5.25294639462679,0.1595253815437139
431,0.081,0,10,0,13238,663206,375,125881,5.252867190470156,0.15952740318874853
432,0.0811,0,4,0,13242,663202,375,125881,5.252835508807502,0.15952821186110966
433,0.0812,0,6,0,13248,663196,375,125881,5.252787986313522,0.1595294248850239
434,0.0813,0,10,0,13258,663186,375,125881,5.252708782156888,0.15953144663254198
435,0.0814,0,3,0,13261,663183,375,125881,5.252685020909897,0.15953205316679003
436,0.0815,1,4,1,13265,663179,376,125880,5.252653339247244,0.1595317967350984
437,0.0817,2,69,2,13334,663110,378,125878,5.252106830566468,0.159543617900399
438,0.0818,1,2,1,13336,663108,379,125877,5.252090989735141,0.15954295709043897
439,0.0819,0,4,0,13340,663104,379,125877,5.2520593080724876,0.15954376594620148
440,0.082,0,20,0,13360,663084,379,125877,5.251900899759219,0.15954781034804003
441,0.0821,0,4,0,13364,663080,379,125877,5.251869218096566,0.15954861925301378
442,0.0822,0,1,0,13365,663079,379,125877,5.251861297680902,0.15954882148053884
443,0.0823,1,7,1,13372,663072,380,125876,5.251805854771258,0.15954917180853492
444,0.0824,0,2,0,13374,663070,380,125876,5.251790013939932,0.15954957627011226
445,0.0825,1,85,1,13459,662985,381,125875,5.251116778608542,0.1595657024060036
446,0.0826,1,6,1,13465,662979,382,125874,5.251069256114561,0.15956585067179815
447,0.0827,1,4,1,13469,662975,383,125873,5.2510375744519076,0.15956559438573717
448,0.0828,0,2,0,13471,662973,383,125873,5.25102173362058,0.15956599894022408
449,0.0829,0,9,0,13480,662964,383,125873,5.25095044987961,0.15956781946080115
450,0.083,0,7,0,13487,662957,383,125873,5.250895006969966,0.1595692354499702
451,0.0831,1,4,1,13491,662953,384,125872,5.2508633253073125,0.15956897917789117
452,0.0832,0,2,0,13493,662951,384,125872,5.250847484475985,0.1595693837527557
453,0.0833,7,166,7,13659,662785,391,125865,5.2495326954758585,0.15959551131680721
454,0.0835,0,6,0,13665,662779,391,125865,5.249485172981878,0.1595967255187385
455,0.0836,0,3,0,13668,662776,391,125865,5.249461411734888,0.1595973326266324
456,0.0837,0,5,0,13673,662771,391,125865,5.249421809656571,0.1595983444833865
457,0.0838,0,1,0,13674,662770,391,125865,5.249413889240907,0.15959854685627697
458,0.0839,0,1,0,13675,662769,391,125865,5.249405968825244,0.15959874922968068
459,0.084,0,45,0,13720,662724,391,125865,5.24904955012039,0.1596078565640657
460,0.0841,0,3,0,13723,662721,391,125865,5.2490257888734,0.15960846375664797
461,0.0842,0,21,0,13744,662700,391,125865,5.248859460144469,0.15961271423408344
462,0.0843,0,8,0,13752,662692,391,125865,5.248796096819161,0.15961433352313148
463,0.0844,0,3,0,13755,662689,391,125865,5.248772335572171,0.15961494076499516
464,0.0845,1,5,1,13760,662684,392,125864,5.248732733493854,0.15961488710896482
465,0.0847,1,3,1,13763,662681,393,125863,5.248708972246863,0.159614428617807
466,0.0848,0,2,0,13765,662679,393,125863,5.2486931314155365,0.15961483345211797
467,0.0849,0,2,0,13767,662677,393,125863,5.24867729058421,0.1596152382884825
468,0.085,14,357,14,14124,662320,407,125849,5.245849702192371,0.15967260828578642
469,0.0851,0,5,0,14129,662315,407,125849,5.245810100114054,0.15967362122603926
470,0.0852,0,8,0,14137,662307,407,125849,5.245746736788747,0.159675241957176
471,0.0853,2,8,2,14145,662299,409,125847,5.245683373463439,0.1596747303164642
472,0.0854,1,3,1,14148,662296,410,125846,5.245659612216449,0.1596742718951661
473,0.0855,1,6,1,14154,662290,411,125845,5.245612089722469,0.15967442126031708
474,0.0856,0,1,0,14155,662289,411,125845,5.245604169306805,0.1596746238583794
475,0.0857,0,6,0,14161,662283,411,125845,5.245556646812824,0.15967583945755004
476,0.0858,1,19,1,14180,662264,412,125844,5.24540615891522,0.1596786227268344
477,0.086,1,54,1,14234,662210,413,125843,5.244978456469395,0.15968849810862976
478,0.0861,0,1,0,14235,662209,413,125843,5.244970536053732,0.15968870074563607
479,0.0862,0,3,0,14238,662206,413,125843,5.244946774806742,0.1596893086597407
480,0.0863,0,6,0,14244,662200,413,125843,5.244899252312761,0.15969052450183557
481,0.0864,1,1,1,14245,662199,414,125842,5.244891331897098,0.15968966081714023
482,0.0865,0,5,0,14250,662194,414,125842,5.244851729818781,0.15969067403012044
483,0.0866,0,1,0,14251,662193,414,125842,5.244843809403117,0.15969087667425938
484,0.0867,6,199,6,14450,661994,420,125836,5.243267646686098,0.15972481372885014
485,0.0868,0,4,0,14454,661990,420,125836,5.243235965023445,0.15972562469377757
486,0.0869,0,1,0,14455,661989,420,125836,5.243228044607781,0.15972582743629613
487,0.087,0,14,0,14469,661975,420,125836,5.243117158788493,0.15972866588559947
488,0.0871,0,6,0,14475,661969,420,125836,5.243069636294512,0.15972988239475505
489,0.0872,0,4,0,14479,661965,420,125836,5.243037954631859,0.1597306934111533
490,0.0873,1,8,1,14487,661957,421,125835,5.2429745913065515,0.15973124885756645
491,0.0874,0,1,0,14488,661956,421,125835,5.242966670890889,0.1597314516159743
492,0.0875,2,98,2,14586,661858,423,125833,5.242190470155874,0.15974919098986787
493,0.0876,0,2,0,14588,661856,423,125833,5.242174629324547,0.15974959660475135
494,0.0877,0,1,0,14589,661855,423,125833,5.242166708908884,0.15974979941296555
495,0.0878,0,2,0,14591,661853,423,125833,5.242150868077557,0.15975020503093873
496,0.0879,0,1,0,14592,661852,423,125833,5.242142947661893,0.15975040784069774
497,0.088,1,27,1,14619,661825,424,125832,5.241929096438981,0.1597548171348696
498,0.0881,0,2,0,14621,661823,424,125832,5.241913255607654,0.15975522278154775
499,0.0882,0,4,0,14625,661819,424,125832,5.241881573945,0.15975603408108413
500,0.0883,7,85,7,14710,661734,431,125825,5.24120833861361,0.15976580802200216
501,0.0884,0,1,0,14711,661733,431,125825,5.2412004181979475,0.15976601088427772
502,0.0885,1,5,1,14716,661728,432,125824,5.24116081611963,0.1597659583113242
503,0.0887,0,10,0,14726,661718,432,125824,5.241081611962996,0.1597679869772025
504,0.0888,0,2,0,14728,661716,432,125824,5.241065771131669,0.15976839271656043
505,0.0889,0,2,0,14730,661714,432,125824,5.241049930300342,0.15976879845797917
506,0.089,1,16,1,14746,661698,433,125823,5.240923203649728,0.15977097753583713
507,0.0891,0,2,0,14748,661696,433,125823,5.240907362818401,0.15977138329360943
508,0.0892,2,29,2,14777,661667,435,125821,5.240677670764161,0.159775133081393
509,0.0893,1,6,1,14783,661661,436,125820,5.240630148270181,0.15977528346715666
510,0.0894,0,1,0,14784,661660,436,125820,5.240622227854518,0.1597754863615584
511,0.0895,1,6,1,14790,661654,437,125819,5.240574705360538,0.15977563675199022
512,0.0897,1,3,1,14793,661651,438,125818,5.240550944113547,0.1597751784514692
513,0.0898,0,1,0,14794,661650,438,125818,5.240543023697883,0.1597753813488294
514,0.09,46,1996,46,16790,659654,484,125772,5.224733874033709,0.16013220850850365
515,0.0902,1,4,1,16794,659650,485,125771,5.224702192371056,0.1601319547096398
516,0.0903,0,9,0,16803,659641,485,125771,5.224630908630085,0.16013378965434702
517,0.0905,0,6,0,16809,659635,485,125771,5.224583386136104,0.1601350129741815
518,0.0906,0,1,0,16810,659634,485,125771,5.224575465720441,0.16013521686263774
519,0.0907,0,13,0,16823,659621,485,125771,5.224472500316817,0.16013786745981626
520,0.0908,0,25,0,16848,659596,485,125771,5.224274489925231,0.16014296500871567
521,0.091,0,10,0,16858,659586,485,125771,5.224195285768597,0.1601450041191458
522,0.0911,0,3,0,16861,659583,485,125771,5.224171524521607,0.1601456158624009
523,0.0912,2,9,2,16870,659574,487,125769,5.224100240780636,0.16014531230303192
524,0.0913,0,5,0,16875,659569,487,125769,5.224060638702319,0.16014633189785799
525,0.0914,1,6,1,16881,659563,488,125768,5.224013116208338,0.16014648600399067
526,0.0915,1,15,1,16896,659548,489,125767,5.223894309973387,0.16014847545252542
527,0.0917,2,88,2,16984,659460,491,125765,5.223197313395007,0.16016428412238531
528,0.0918,0,3,0,16987,659457,491,125765,5.223173552148017,0.1601648960421384
529,0.0919,0,1,0,16988,659456,491,125765,5.223165631732353,0.1601651000164285
530,0.092,1,17,1,17005,659439,492,125764,5.223030984666075,0.1601674980864821
531,0.0921,1,1,1,17006,659438,493,125763,5.223023064250412,0.16016663249282667
532,0.0922,1,3,1,17009,659435,494,125762,5.222999303003421,0.16016617485802925
533,0.0923,0,11,0,17020,659424,494,125762,5.222912178431124,0.1601684186931504
534,0.0924,0,2,0,17022,659422,494,125762,5.222896337599797,0.16016882666992704
535,0.0925,2,83,2,17105,659339,496,125760,5.222238943099734,0.1601836201549104
536,0.0927,0,9,0,17114,659330,496,125760,5.222167659358763,0.16018545644448406
537,0.0928,1,3,1,17117,659327,497,125759,5.2221438981117725,0.16018499884089132
538,0.0929,0,5,0,17122,659322,497,125759,5.222104296033456,0.16018601902224103
539,0.093,0,10,0,17132,659312,497,125759,5.222025091876822,0.16018805942392472
540,0.0931,1,7,1,17139,659305,498,125758,5.221969648967177,0.16018841799957456
541,0.0932,0,2,0,17141,659303,498,125758,5.221953808135851,0.16018882609122093
542,0.0933,7,211,7,17352,659092,505,125751,5.2202826004308704,0.16022440156821174
543,0.0934,0,1,0,17353,659091,505,125751,5.220274680015208,0.16022460571681943
544,0.0935,0,5,0,17358,659086,505,125751,5.2202350779368905,0.16022562646766145
545,0.0937,0,5,0,17363,659081,505,125751,5.220195475858573,0.16022664723150942
546,0.0938,1,2,1,17365,659079,506,125750,5.220179635027246,0.16022598553315437
547,0.0939,0,5,0,17370,659074,506,125750,5.22014003294893,0.1602270063096949
548,0.094,4,49,4,17419,659025,510,125746,5.2197519325814214,0.16023273031240962
549,0.0941,0,1,0,17420,659024,510,125746,5.219744012165759,0.16023293449036025
550,0.0942,0,21,0,17441,659003,510,125746,5.219577683436826,0.16023722234752769
551,0.0943,1,9,1,17450,658994,511,125745,5.219506399695856,0.16023798995589617
552,0.0945,0,10,0,17460,658984,511,125745,5.219427195539222,0.16024003190910494
553,0.0947,0,3,0,17463,658981,511,125745,5.219403434292231,0.16024064450521583
554,0.0948,0,8,0,17471,658973,511,125745,5.219340070966925,0.16024227811774422
555,0.0949,0,2,0,17473,658971,511,125745,5.219324230135597,0.16024268652608079
556,0.095,14,411,14,17884,658560,525,125731,5.2160689392979345,0.16031167003063915
557,0.0952,0,4,0,17888,658556,525,125731,5.216037257635281,0.16031248764801662
558,0.0953,0,8,0,17896,658548,525,125731,5.215973894309974,0.16031412290779173
559,0.0954,0,7,0,17903,658541,525,125731,5.21591845140033,0.16031555378746148
560,0.0955,0,3,0,17906,658538,525,125731,5.215894690153339,0.16031616702942486
561,0.0956,0,3,0,17909,658535,525,125731,5.215870928906349,0.1603167802760798
562,0.0957,2,13,2,17922,658522,527,125729,5.215767963502724,0.16031729637577766
563,0.0958,0,21,0,17943,658501,527,125729,5.215601634773793,0.16032158932966095
564,0.0959,0,6,0,17949,658495,527,125729,5.215554112279812,0.16032281593014241
565,0.096,0,40,0,17989,658455,527,125729,5.215237295653276,0.16033099374636564
566,0.0961,0,1,0,17990,658454,527,125729,5.215229375237612,0.1603311982024604
567,0.0962,1,9,1,17999,658445,528,125728,5.215158091496642,0.16033196756328005
568,0.0964,0,1,0,18000,658444,528,125728,5.215150171080978,0.16033217202348465
569,0.0965,0,4,0,18004,658440,528,125728,5.215118489418325,0.16033298986951774
570,0.0967,5,197,5,18201,658243,533,125723,5.213558167532632,0.16036792411915823
571,0.0968,0,1,0,18202,658242,533,125723,5.213550247116968,0.160368128679214
572,0.097,0,8,0,18210,658234,533,125723,5.213486883791662,0.16036976517844728
573,0.0971,0,4,0,18214,658230,533,125723,5.2134552021290075,0.1603705834405889
574,0.0972,1,4,1,18218,658226,534,125722,5.213423520466354,0.16037033068519851
575,0.0973,1,12,1,18230,658214,535,125721,5.213328475478393,0.16037171449163515
576,0.0974,0,1,0,18231,658213,535,125721,5.2133205550627295,0.16037191906461512
577,0.0975,3,99,3,18330,658114,538,125718,5.212536433912052,0.16038896089978466
578,0.0976,0,1,0,18331,658113,538,125718,5.212528513496388,0.16038916552164945
579,0.0977,0,5,0,18336,658108,538,125718,5.212488911418071,0.16039018863880505
580,0.0978,0,5,0,18341,658103,538,125718,5.212449309339754,0.16039121176901358
581,0.0979,1,3,1,18344,658100,539,125717,5.212425548092764,0.16039075447457762
582,0.098,0,26,0,18370,658074,539,125717,5.212219617285515,0.16039607497406835
583,0.0981,1,5,1,18375,658069,540,125716,5.212180015207198,0.1603960269716823
584,0.0982,0,4,0,18379,658065,540,125716,5.212148333544544,0.16039684554741696
585,0.0983,5,94,5,18473,657971,545,125711,5.211403814472184,0.16041072782072321
586,0.0984,0,2,0,18475,657969,545,125711,5.211387973640857,0.16041113719885666
587,0.0985,0,6,0,18481,657963,545,125711,5.211340451146876,0.16041236534579428
588,0.0986,0,1,0,18482,657962,545,125711,5.211332530731212,0.16041257003877893
589,0.0987,1,6,1,18488,657956,546,125710,5.211285008237232,0.16041272685046945
590,0.0988,0,13,0,18501,657943,546,125710,5.211182042833608,0.1604153879331796
591,0.0989,0,6,0,18507,657937,546,125710,5.211134520339628,0.16041661615497793
592,0.099,2,14,2,18521,657923,548,125708,5.211023634520339,0.16041733928341273
593,0.0992,4,30,4,18551,657893,552,125704,5.210786022050438,0.1604191950709357
594,0.0993,0,27,0,18578,657866,552,125704,5.210572170827525,0.16042472274334138
595,0.0995,1,10,1,18588,657856,553,125703,5.210492966670891,0.16042569863915798
596,0.0996,0,4,0,18592,657852,553,125703,5.210461285008237,0.16042651760246568
597,0.0997,0,2,0,18594,657850,553,125703,5.21044544417691,0.16042692708725512
598,0.0998,0,7,0,18601,657843,553,125703,5.210390001267267,0.16042836030048013
599,0.1,66,2050,66,20651,655793,619,125637,5.194153149157268,0.1607783166758379
600,0.1002,0,2,0,20653,655791,619,125637,5.194137308325941,0.1607787281745727
601,0.1003,0,4,0,20657,655787,619,125637,5.194105626663287,0.16077955117836157
602,0.1004,1,4,1,20661,655783,620,125636,5.194073945000634,0.16077930022177603
603,0.1005,1,5,1,20666,655778,621,125635,5.194034342922317,0.1607792550162334
604,0.1007,0,17,0,20683,655761,621,125635,5.193899695856039,0.16078275291913446
605,0.1008,1,24,1,20707,655737,622,125634,5.193709605880117,0.16078661736870192
606,0.101,1,24,1,20731,655713,623,125633,5.193519515904194,0.1607904820655638
607,0.1011,0,1,0,20732,655712,623,125633,5.193511595488531,0.16079068785235714
608,0.1012,0,1,0,20733,655711,623,125633,5.193503675072868,0.16079089363967727
609,0.1013,0,17,0,20750,655694,623,125633,5.19336902800659,0.16079439210471416
610,0.1014,0,5,0,20755,655689,623,125633,5.1933294259282725,0.16079542109399197
611,0.1015,0,10,0,20765,655679,623,125633,5.193250221771638,0.16079747911205766
612,0.1017,4,102,4,20867,655577,627,125629,5.1924423393739705,0.1608141770544517
613,0.1018,0,7,0,20874,655570,627,125629,5.192386896464327,0.16081561804354588
614,0.1019,0,3,0,20877,655567,627,125629,5.192363135217336,0.16081623561820593
615,0.102,2,27,2,20904,655540,629,125627,5.192149283994424,0.16081964547913571
616,0.1021,0,1,0,20905,655539,629,125627,5.19214136357876,0.1608198513504172
617,0.1022,0,5,0,20910,655534,629,125627,5.192101761500443,0.16082088071473102
618,0.1023,0,6,0,20916,655528,629,125627,5.192054239006463,0.16082211596930188
619,0.1024,0,2,0,20918,655526,629,125627,5.192038398175137,0.16082252772504235
620,0.1025,2,105,2,21023,655421,631,125625,5.191206754530477,0.16084199906279528
621,0.1026,0,2,0,21025,655419,631,125625,5.191190913699151,0.1608424109269132
622,0.1027,1,12,1,21037,655407,632,125624,5.19109586871119,0.16084380773618462
623,0.1028,0,1,0,21038,655406,632,125624,5.191087948295526,0.16084401367425066
624,0.1029,0,6,0,21044,655400,632,125624,5.191040425801546,0.16084524931372146
625,0.103,1,10,1,21054,655390,633,125623,5.190961221644912,0.1608462343136414
626,0.1031,3,5,3,21059,655385,636,125620,5.190921619566595,0.16084404069116076
627,0.1032,0,1,0,21060,655384,636,125620,5.190913699150931,0.16084424663638086
628,0.1033,9,230,9,21290,655154,645,125611,5.189092003548346,0.16088195551798556
629,0.1034,0,2,0,21292,655152,645,125611,5.189076162717019,0.1608823676326875
630,0.1035,0,8,0,21300,655144,645,125611,5.189012799391712,0.16088401611260894
631,0.1036,0,1,0,21301,655143,645,125611,5.189004878976049,0.16088422217497444
632,0.1037,0,2,0,21303,655141,645,125611,5.1889890381447215,0.16088463430128902
633,0.1038,1,11,1,21314,655130,646,125610,5.188901913572424,0.16088582626738734
634,0.104,6,50,6,21364,655080,652,125604,5.188505892789253,0.16088968135634904
635,0.1041,0,1,0,21365,655079,652,125604,5.1884979723735904,0.1608898874447119
636,0.1042,3,22,3,21387,655057,655,125601,5.188323723228995,0.16089119691337309
637,0.1043,0,15,0,21402,655042,655,125601,5.188204916994044,0.1608942884263357
638,0.1045,0,1,0,21403,655041,655,125601,5.18819699657838,0.16089449453142413
639,0.1046,0,3,0,21406,655038,655,125601,5.18817323533139,0.1608951128498576
640,0.1047,0,7,0,21413,655031,655,125601,5.188117792421746,0.1608965556113508
641,0.1048,0,6,0,21419,655025,655,125601,5.188070269927766,0.1608977922846536
642,0.1049,0,3,0,21422,655022,655,125601,5.188046508680776,0.16089841062843396
643,0.105,14,438,14,21860,654584,669,125587,5.1845773666202,0.16097368397441073
644,0.1051,0,1,0,21861,654583,669,125587,5.184569446204537,0.16097389030595896
645,0.1052,0,1,0,21862,654582,669,125587,5.184561525788873,0.1609740966380361
646,0.1053,0,7,0,21869,654575,669,125587,5.1845060828792295,0.16097554097738676
647,0.1054,0,2,0,21871,654573,669,125587,5.184490242047903,0.16097595365053322
648,0.1055,0,5,0,21876,654568,669,125587,5.184450639969586,0.16097698534265625
649,0.1057,0,17,0,21893,654551,669,125587,5.184315992903308,0.16098049319479374
650,0.1058,1,21,1,21914,654530,670,125586,5.184149664174376,0.16098375113444668
651,0.1059,0,3,0,21917,654527,670,125586,5.184125902927386,0.16098437021303325
652,0.106,1,48,1,21965,654479,671,125585,5.183745722975542,0.16099320055790295
653,0.1061,0,3,0,21968,654476,671,125585,5.183721961728551,0.1609938197140993
654,0.1062,0,13,0,21981,654463,671,125585,5.1836189963249275,0.16099650277931615
655,0.1063,0,1,0,21982,654462,671,125585,5.183611075909264,0.1609967091726524
656,0.1064,1,3,1,21985,654459,672,125584,5.183587314662273,0.16099625277068058
657,0.1065,0,7,0,21992,654452,672,125584,5.1835318717526295,0.16099769754216472
658,0.1066,0,3,0,21995,654449,672,125584,5.183508110505639,0.1609983167378816
659,0.1067,6,229,6,22224,654220,678,125578,5.181694335318718,0.16103914090572174
660,0.1068,1,5,1,22229,654215,679,125577,5.181654733240401,0.16103909760551532
661,0.1069,0,3,0,22232,654212,679,125577,5.18163097199341,0.16103971715425583
662,0.107,1,15,1,22247,654197,680,125576,5.181512165758459,0.1610417390702166
663,0.1071,0,4,0,22251,654193,680,125576,5.181480484095806,0.16104256516994137
664,0.1072,2,7,2,22258,654186,682,125574,5.181425041186161,0.16104185903354878
665,0.1073,2,12,2,22270,654174,684,125572,5.1813299961982,0.16104218553221178
666,0.1074,1,4,1,22274,654170,685,125571,5.181298314535547,0.16104193571968128
667,0.1075,2,105,2,22379,654065,687,125569,5.180466670890889,0.1610614724345013
668,0.1076,0,2,0,22381,654063,687,125569,5.180450830059561,0.1610618856075687
669,0.1077,0,4,0,22385,654059,687,125569,5.180419148396908,0.161062711960063
670,0.1078,0,4,0,22389,654055,687,125569,5.180387466734254,0.16106353832103681
671,0.1079,0,4,0,22393,654051,687,125569,5.1803557850716,0.16106436469049024
672,0.108,2,25,2,22418,654026,689,125567,5.180157774680016,0.16106737746490798
673,0.1081,0,3,0,22421,654023,689,125567,5.180134013433025,0.16106799728062188
674,0.1082,0,1,0,22422,654022,689,125567,5.180126093017361,0.1610682038869199
675,0.1083,7,95,7,22517,653927,696,125560,5.179373653529337,0.16108030024875333
676,0.1084,0,1,0,22518,653926,696,125560,5.1793657331136735,0.16108050689813544
677,0.1085,0,7,0,22525,653919,696,125560,5.17931029020403,0.16108195345865636
678,0.1086,1,8,1,22533,653911,697,125559,5.179246926878722,0.16108253043734846
679,0.1087,1,14,1,22547,653897,698,125558,5.179136041059435,0.16108434739657837
680,0.1088,2,6,2,22553,653891,700,125556,5.179088518565455,0.16108343479415535
681,0.1089,0,1,0,22554,653890,700,125556,5.179080598149791,0.16108364145816387
682,0.109,2,37,2,22591,653853,702,125554,5.178787542770245,0.16108913571471645
683,0.1092,1,30,1,22621,653823,703,125553,5.178549930300342,0.16109426002340335
684,0.1093,0,17,0,22638,653806,703,125553,5.178415283234064,0.16109777393986596
685,0.1094,0,4,0,22642,653802,703,125553,5.178383601571411,0.16109860076601806
686,0.1095,1,5,1,22647,653797,704,125552,5.1783439994930935,0.16109855789896438
687,0.1096,1,1,1,22648,653796,705,125551,5.17833607907743,0.16109768819280756
688,0.1097,0,4,0,22652,653792,705,125551,5.178304397414776,0.1610985150312507
689,0.1098,0,3,0,22655,653789,705,125551,5.178280636167786,0.161099135165653
690,0.1099,0,3,0,22658,653786,705,125551,5.178256874920796,0.16109975530482962
691,0.11,71,2289,71,24947,651497,776,125480,5.1601270434672415,0.16149770199117863
692,0.1101,0,1,0,24948,651496,776,125480,5.160119123051578,0.16149790984534915
693,0.1102,0,10,0,24958,651486,776,125480,5.1600399188949435,0.16149998841648155
694,0.1103,1,12,1,24970,651474,777,125479,5.159944873906983,0.1615014035598035
695,0.1104,2,6,2,24976,651468,779,125477,5.159897351413002,0.16150049231284067
696,0.1105,0,11,0,24987,651457,779,125477,5.159810226840705,0.1615027788718218
697,0.1106,0,1,0,24988,651456,779,125477,5.159802306425041,0.16150298674403069
698,0.1107,1,18,1,25006,651438,780,125476,5.1596597389431,0.16150564927392222
699,0.1108,3,18,3,25024,651420,783,125473,5.159517171461158,0.161506153357026
700,0.111,2,21,2,25045,651399,785,125471,5.159350842732227,0.16150836047215106
701,0.1111,2,1,2,25046,651398,787,125469,5.159342922316563,0.1615064097200679
702,0.1112,0,5,0,25051,651393,787,125469,5.159303320238246,0.16150744919947171
703,0.1113,0,15,0,25066,651378,787,125469,5.159184514003295,0.16151056771796762
704,0.1114,0,10,0,25076,651368,787,125469,5.159105309846661,0.16151264679720456
705,0.1115,0,11,0,25087,651357,787,125469,5.1590181852743635,0.1615149338461895
706,0.1116,0,3,0,25090,651354,787,125469,5.158994424027373,0.16151555759806288
707,0.1117,2,110,2,25200,651244,789,125467,5.158123178304398,0.16153627282219513
708,0.1118,0,2,0,25202,651242,789,125467,5.15810733747307,0.16153668877275787
709,0.1119,0,1,0,25203,651241,789,125467,5.158099417057407,0.16153689674884256
710,0.112,2,35,2,25238,651206,791,125465,5.1578222025091875,0.16154201714754382
711,0.1121,0,5,0,25243,651201,791,125465,5.1577826004308704,0.16154305711850397
712,0.1122,0,1,0,25244,651200,791,125465,5.157774680015208,0.1615432651143028
713,0.1123,0,7,0,25251,651193,791,125465,5.157719237105563,0.1615447210998921
714,0.1125,10,109,10,25360,651084,801,125455,5.156855911798251,0.16155659921781135
715,0.1126,0,1,0,25361,651083,801,125455,5.1568479913825875,0.16155680726506624
716,0.1127,0,20,0,25381,651063,801,125455,5.156689583069319,0.16156096832269182
717,0.1128,0,3,0,25384,651060,801,125455,5.15666582182233,0.16156159249982294
718,0.1129,0,13,0,25397,651047,801,125455,5.156562856418705,0.16156429732312344
719,0.113,0,25,0,25422,651022,801,125455,5.156364846027119,0.1615694991609539
720,0.1131,0,4,0,25426,651018,801,125455,5.156333164364466,0.1615703314860916
721,0.1132,0,4,0,25430,651014,801,125455,5.156301482701812,0.16157116381980477
722,0.1133,8,285,8,25715,650729,809,125447,5.154044164237739,0.16162184865288284
723,0.1134,0,2,0,25717,650727,809,125447,5.154028323406412,0.16162226511065816
724,0.1135,0,9,0,25726,650718,809,125447,5.153957039665442,0.16162413919720678
725,0.1136,1,5,1,25731,650713,810,125446,5.153917437587125,0.16162410021657933
726,0.1137,0,4,0,25735,650709,810,125446,5.153885755924471,0.16162493316412316
727,0.1138,0,4,0,25739,650705,810,125446,5.153854074261817,0.16162576612025237
728,0.1139,0,4,0,25743,650701,810,125446,5.153822392599164,0.16162659908496715
729,0.114,3,60,3,25803,650641,813,125443,5.1533471676593585,0.1616358538508718
730,0.1141,0,2,0,25805,650639,813,125443,5.153331326828032,0.16163627039410783
731,0.1142,2,40,2,25845,650599,815,125441,5.153014510201495,0.16164244111128293
732,0.1143,1,11,1,25856,650588,816,125440,5.152927385629198,0.16164365203317407
733,0.1144,0,1,0,25857,650587,816,125440,5.152919465213534,0.16164386032960193
734,0.1145,0,17,0,25874,650570,816,125440,5.152784818147256,0.16164740145101222
735,0.1146,0,13,0,25887,650557,816,125440,5.1526818527436316,0.1616501094720727
736,0.1147,0,4,0,25891,650553,816,125440,5.152650171080978,0.16165094272757616
737,0.1148,0,5,0,25896,650548,816,125440,5.152610569002661,0.1616519843090357
738,0.115,11,544,11,26440,650004,827,125429,5.148301862881764,0.16175349772320755
739,0.1151,0,1,0,26441,650003,827,125429,5.1482939424661005,0.16175370632112165
740,0.1152,1,6,1,26447,649997,828,125428,5.1482464199721205,0.16175387690621273
741,0.1153,1,14,1,26461,649983,829,125427,5.148135534152832,0.16175571633071537
742,0.1154,0,1,0,26462,649982,829,125427,5.148127613737169,0.16175592493767804
743,0.1155,0,4,0,26466,649978,829,125427,5.148095932074515,0.1617567593709094
744,0.1156,0,2,0,26468,649976,829,125427,5.148080091243188,0.16175717659075345
745,0.1157,0,18,0,26486,649958,829,125427,5.147937523761247,0.16176093166620453
746,0.1158,3,43,3,26529,649915,832,125424,5.14759694588772,0.1617666594870115
747,0.116,2,43,2,26572,649872,834,125422,5.147256368014193,0.1617734691613762
748,0.1161,0,2,0,26574,649870,834,125422,5.147240527182866,0.1617738864840602
749,0.1162,1,14,1,26588,649856,835,125421,5.147129641363579,0.16177572661126283
750,0.1163,0,3,0,26591,649853,835,125421,5.147105880116588,0.16177635261855808
751,0.1164,0,5,0,26596,649848,835,125421,5.147066278038271,0.1617773959748165
752,0.1165,1,13,1,26609,649835,836,125420,5.1469633126346475,0.16177902754577525
753,0.1167,9,263,9,26872,649572,845,125411,5.1448802433151695,0.16182419485330646
754,0.1168,0,8,0,26880,649564,845,125411,5.144816879989862,0.16182586535049517
755,0.1169,0,6,0,26886,649558,845,125411,5.144769357495881,0.16182711824602017
756,0.117,2,25,2,26911,649533,847,125409,5.144571347104296,0.1618301756776636
757,0.1171,0,4,0,26915,649529,847,125409,5.144539665441642,0.1618310109970088
758,0.1172,0,3,0,26918,649526,847,125409,5.144515904194652,0.16183163749217677
759,0.1173,2,19,2,26937,649507,849,125407,5.144365416297047,0.16183344216261417
760,0.1174,0,1,0,26938,649506,849,125407,5.144357495881384,0.16183365100340297
761,0.1175,8,122,8,27060,649384,857,125399,5.143391205170447,0.16185047942456146
762,0.1176,2,1,2,27061,649383,859,125397,5.143383284754784,0.16184852474250755
763,0.1177,1,10,1,27071,649373,860,125396,5.14330408059815,0.16184953192499957
764,0.1178,0,3,0,27074,649370,860,125396,5.14328031935116,0.16185015862854074
765,0.1179,0,6,0,27080,649364,860,125396,5.143232796857179,0.16185141205018327
766,0.118,2,31,2,27111,649333,862,125394,5.142987263971613,0.16185572466171955
767,0.1181,0,3,0,27114,649330,862,125394,5.142963502724623,0.16185635142321653
768,0.1182,0,4,0,27118,649326,862,125394,5.142931821061969,0.1618571871127633
769,0.1183,6,117,6,27235,649209,868,125388,5.14200513242935,0.1618751428161999
770,0.1185,1,6,1,27241,649203,869,125387,5.141957609935369,0.16187531468260627
771,0.1186,0,2,0,27243,649201,869,125387,5.141941769104043,0.1618757326475494
772,0.1187,1,13,1,27256,649188,870,125386,5.141838803700418,0.16187736743035527
773,0.1188,1,6,1,27262,649182,871,125385,5.141791281206438,0.16187753932196958
774,0.1189,0,3,0,27265,649179,871,125385,5.141767519959448,0.16187816629742668
775,0.119,1,30,1,27295,649149,872,125384,5.141529907489545,0.16188335422764427
776,0.1191,0,1,0,27296,649148,872,125384,5.141521987073881,0.1618835632356055
777,0.1192,0,32,0,27328,649116,872,125384,5.141268533772652,0.16189025177533892
778,0.1193,0,6,0,27334,649110,872,125384,5.141221011278672,0.16189150593807053
779,0.1194,0,3,0,27337,649107,872,125384,5.141197250031682,0.16189213302672337
780,0.1195,0,14,0,27351,649093,872,125384,5.141086364212394,0.16189505950467217
781,0.1196,0,3,0,27354,649090,872,125384,5.141062602965404,0.16189568662085493
782,0.1197,0,5,0,27359,649085,872,125384,5.1410230008870865,0.16189673182528933
783,0.1198,1,11,1,27370,649074,873,125383,5.140935876314789,0.16189794914372263
784,0.1199,1,2,1,27372,649072,874,125382,5.140920035483462,0.1618972850550194
785,0.12,66,2619,66,29991,646453,940,125316,5.120176466860981,0.1623750111756238
786,0.1201,1,1,1,29992,646452,941,125315,5.120168546445317,0.16237413623541821
787,0.1202,0,4,0,29996,646448,941,125315,5.120136864782664,0.16237497781054547
788,0.1203,1,9,1,30005,646439,942,125314,5.120065581041693,0.16237578603516928
789,0.1204,0,3,0,30008,646436,942,125314,5.120041819794703,0.16237641723356008
790,0.1205,0,5,0,30013,646431,942,125314,5.120002217716386,0.16237746924178323
791,0.1207,1,19,1,30032,646412,943,125313,5.119851729818781,0.16238038161262108
792,0.1208,4,32,4,30064,646380,947,125309,5.119598276517552,0.16238277337113785
793,0.121,3,25,3,30089,646355,950,125306,5.119400266125966,0.16238477777158622
794,0.1211,1,0,1,30089,646355,951,125305,5.119400266125966,0.1623836922997175
795,0.1212,0,8,0,30097,646347,951,125305,5.119336902800659,0.16238537579115975
796,0.1213,0,8,0,30105,646339,951,125305,5.119273539475351,0.1623870593175091
797,0.1214,0,5,0,30110,646334,951,125305,5.119233937397035,0.1623881115392042
798,0.1215,0,9,0,30119,646325,951,125305,5.119162653656064,0.162390005572619
799,0.1217,5,118,5,30237,646207,956,125300,5.118228044607781,0.16240941430213854
800,0.1218,0,7,0,30244,646200,956,125300,5.118172601698137,0.16241088788075178
801,0.1219,0,1,0,30245,646199,956,125300,5.118164681282473,0.16241109839416512
802,0.122,2,39,2,30284,646160,958,125298,5.1178557850716,0.16241713742031322
803,0.1221,1,3,1,30287,646157,959,125297,5.117832023824611,0.1624166833019208
804,0.1222,0,5,0,30292,646152,959,125297,5.117792421746294,0.16241773597476955
805,0.1223,0,11,0,30303,646141,959,125297,5.117705297173996,0.16242005190306932
806,0.1224,0,4,0,30307,646137,959,125297,5.117673615511342,0.16242089407518984
807,0.1225,3,127,3,30434,646010,962,125294,5.116667722722088,0.16244437990727392
808,0.1226,0,1,0,30435,646009,962,125294,5.116659802306425,0.16244459051760463
809,0.1227,0,15,0,30450,645994,962,125294,5.116540996071474,0.16244774973810042
810,0.1228,1,5,1,30455,645989,963,125293,5.116501393993157,0.16244771691806628
811,0.1229,2,6,2,30461,645983,965,125291,5.116453871499176,0.1624468087865013
812,0.123,2,22,2,30483,645961,967,125289,5.116279622354581,0.16244927066450568
813,0.1231,1,2,1,30485,645959,968,125288,5.116263781523254,0.16244860595892108
814,0.1232,0,12,0,30497,645947,968,125288,5.116168736535293,0.1624511335714795
815,0.1233,22,309,22,30806,645638,990,125266,5.1137213280952984,0.1624923466475722
816,0.1235,1,3,1,30809,645635,991,125265,5.113697566848308,0.16249189259307303
817,0.1236,0,1,0,30810,645634,991,125265,5.113689646432645,0.16249210337540976
818,0.1237,1,21,1,30831,645613,992,125264,5.113523317703713,0.16249544350136275
819,0.1238,0,6,0,30837,645607,992,125264,5.113475795209733,0.1624967082689581
820,0.1239,1,2,1,30839,645605,993,125263,5.113459954378405,0.16249604342118235
821,0.124,1,63,1,30902,645542,994,125262,5.112960968191611,0.1625082381513329
822,0.1242,1,19,1,30921,645523,995,125261,5.112810480294006,0.1625111574708349
823,0.1243,0,18,0,30939,645505,995,125261,5.112667912812064,0.1625149526574862
824,0.1244,0,5,0,30944,645500,995,125261,5.112628310733747,0.162516006907459
825,0.1245,1,15,1,30959,645485,996,125260,5.112509504498796,0.1625180831533127
826,0.1246,0,2,0,30961,645483,996,125260,5.112493663667469,0.16251850487127356
827,0.1247,2,11,2,30972,645472,998,125258,5.112406539095172,0.1625186511489108
828,0.1248,0,1,0,30973,645471,998,125258,5.112398618679508,0.16251886201245833
829,0.1249,0,1,0,30974,645470,998,125258,5.1123906982638445,0.16251907287655307
830,0.125,24,619,24,31593,644851,1022,125234,5.107487960968192,0.1626236064849984
831,0.1251,0,1,0,31594,644850,1022,125234,5.107480040552528,0.16262381766144993
832,0.1252,0,6,0,31600,644844,1022,125234,5.107432518058547,0.16262508473167653
833,0.1253,2,15,2,31615,644829,1024,125232,5.107313711823596,0.16262607767436604
834,0.1254,0,5,0,31620,644824,1024,125232,5.10727410974528,0.16262713361106204
835,0.1255,0,8,0,31628,644816,1024,125232,5.107210746419972,0.16262882313829788
836,0.1256,0,2,0,31630,644814,1024,125232,5.107194905588646,0.16262924552559196
837,0.1257,3,16,3,31646,644798,1027,125229,5.107068178938031,0.1626293623470346
838,0.1258,3,40,3,31686,644758,1030,125226,5.106751362311494,0.16263454825035326
839,0.1259,0,4,0,31690,644754,1030,125226,5.10671968064884,0.1626353931270942
840,0.126,3,68,3,31758,644686,1033,125223,5.1061810923837285,0.16264649458572378
841,0.1261,0,3,0,31761,644683,1033,125223,5.106157331136738,0.16264712835073372
842,0.1262,1,14,1,31775,644669,1034,125222,5.1060464453174506,0.16264899836470356
843,0.1263,0,11,0,31786,644658,1034,125222,5.105959320745153,0.16265132228399232
844,0.1264,0,2,0,31788,644656,1034,125222,5.105943479913826,0.16265174482190684
845,0.1265,1,15,1,31803,644641,1035,125221,5.105824673678875,0.1626538262701627
846,0.1267,8,290,8,32093,644351,1043,125213,5.103527753136484,0.1627064155807704
847,0.1268,0,4,0,32097,644347,1043,125213,5.103496071473831,0.16270726129216695
848,0.1269,0,4,0,32101,644343,1043,125213,5.103464389811177,0.16270810701235516
849,0.127,1,25,1,32126,644318,1044,125212,5.103266379419592,0.1627123049133887
850,0.1271,2,10,2,32136,644308,1046,125210,5.103187175262958,0.16271224324837105
851,0.1272,0,3,0,32139,644305,1046,125210,5.103163414015968,0.16271287759172987
852,0.1273,0,9,0,32148,644296,1046,125210,5.103092130274997,0.1627147806514829
853,0.1274,0,5,0,32153,644291,1046,125210,5.10305252819668,0.16271583792613656
854,0.1275,8,124,8,32277,644167,1054,125202,5.102070396654416,0.16273335681578022
855,0.1276,0,4,0,32281,644163,1054,125202,5.102038714991763,0.16273420288159715
856,0.1277,0,12,0,32293,644151,1054,125202,5.101943670003802,0.16273674113183415
857,0.1278,0,2,0,32295,644149,1054,125202,5.101927829172475,0.1627371641812385
858,0.128,0,40,0,32335,644109,1054,125202,5.101611012545939,0.16274562563124667
859,0.1281,0,3,0,32338,644106,1054,125202,5.101587251298948,0.16274626027546835
860,0.1282,0,4,0,32342,644102,1054,125202,5.101555569636295,0.16274710647546353
861,0.1283,7,126,7,32468,643976,1061,125195,5.100557597262704,0.16276614692961644
862,0.1284,0,1,0,32469,643975,1061,125195,5.100549676847041,0.16276635854232485
863,0.1285,2,15,2,32484,643960,1063,125193,5.100430870612089,0.16276735577966933
864,0.1286,0,6,0,32490,643954,1063,125193,5.100383348118109,0.1627686255033173
865,0.1287,1,23,1,32513,643931,1064,125192,5.1002011785578505,0.16277240441385837
866,0.1288,0,8,0,32521,643923,1064,125192,5.100137815232544,0.16277409750167401
867,0.1289,0,5,0,32526,643918,1064,125192,5.100098213154227,0.1627751556994448
868,0.129,2,42,2,32568,643876,1066,125190,5.099765555696363,0.16278186787609905
869,0.1292,2,39,2,32607,643837,1068,125188,5.09945665948549,0.16278794577549494
870,0.1293,4,19,4,32626,643818,1072,125184,5.099306171587885,0.16278761303611694
871,0.1294,0,2,0,32628,643816,1072,125184,5.099290330756558,0.16278803641092326
872,0.1295,0,10,0,32638,643806,1072,125184,5.099211126599924,0.16279015331798852
873,0.1296,0,4,0,32642,643802,1072,125184,5.0991794449372705,0.16279100009623063
874,0.1297,1,6,1,32648,643796,1073,125183,5.09913192244329,0.16279118155372255
875,0.1298,0,7,0,32655,643789,1073,125183,5.099076479533646,0.16279266345198526
876,0.1299,0,2,0,32657,643787,1073,125183,5.099060638702319,0.16279308685644434
877,0.13,77,2694,77,35351,641093,1150,125106,5.077723038905082,0.16328134074829123
878,0.1301,0,1,0,35352,641092,1150,125106,5.077715118489419,0.16328155385422566
879,0.1302,0,3,0,35355,641089,1150,125106,5.077691357242428,0.16328219317536657
880,0.1303,0,8,0,35363,641081,1150,125106,5.077627993917121,0.16328389805621865
881,0.1304,1,6,1,35369,641075,1151,125105,5.077580471423141,0.16328408467984024
882,0.1305,1,9,1,35378,641066,1152,125104,5.077509187682169,0.1632849106595142
883,0.1306,0,1,0,35379,641065,1152,125104,5.0775012672665065,0.16328512377817428
884,0.1307,0,21,0,35400,641044,1152,125104,5.077334938537574,0.16328959939854962
885,0.1308,6,42,6,35442,641002,1158,125098,5.077002281079711,0.16329199843362485
886,0.131,2,39,2,35481,640963,1160,125096,5.076693384868838,0.1632981271677508
887,0.1311,0,4,0,35485,640959,1160,125096,5.0766617032061845,0.16329897983826228
888,0.1312,1,9,1,35494,640950,1161,125095,5.076590419465213,0.16329980614715844
889,0.1313,0,12,0,35506,640938,1161,125095,5.076495374477252,0.16330236425845884
890,0.1314,1,4,1,35510,640934,1162,125094,5.076463692814599,0.16330212472651132
891,0.1315,0,7,0,35517,640927,1162,125094,5.076408249904955,0.16330361700266702
892,0.1316,0,1,0,35518,640926,1162,125094,5.076400329489291,0.16330383018720138
893,0.1317,6,134,6,35652,640792,1168,125088,5.075338993790394,0.16332584739123623
894,0.1318,0,6,0,35658,640786,1168,125088,5.0752914712964134,0.16332712691643794
895,0.132,4,45,4,35703,640741,1172,125084,5.07493505259156,0.16333235399732315
896,0.1321,1,5,1,35708,640736,1173,125083,5.074895450513243,0.16333232787381874
897,0.1322,0,3,0,35711,640733,1173,125083,5.074871689266253,0.16333296771025937
898,0.1323,0,18,0,35729,640715,1173,125083,5.074729121784311,0.1633368068341782
899,0.1325,4,157,4,35886,640558,1177,125079,5.073485616525155,0.16336592928502672
900,0.1326,0,3,0,35889,640555,1177,125079,5.073461855278165,0.16336656940522495
901,0.1327,1,19,1,35908,640536,1178,125078,5.07331136738056,0.16336953086019848
902,0.1328,0,5,0,35913,640531,1178,125078,5.073271765302243,0.1633705977855537
903,0.1329,0,11,0,35924,640520,1178,125078,5.073184640729946,0.1633729450703894
904,0.133,1,28,1,35952,640492,1179,125077,5.07296286909137,0.16337782747211552
905,0.1331,0,2,0,35954,640490,1179,125077,5.072947028260043,0.1633782542873452
906,0.1332,5,12,5,35966,640478,1184,125072,5.072851983272082,0.1633753510547972
907,0.1333,14,334,14,36300,640144,1198,125058,5.070206564440502,0.16343135538067072
908,0.1334,0,1,0,36301,640143,1198,125058,5.070198644024838,0.16343156896031238
909,0.1335,0,8,0,36309,640135,1198,125058,5.070135280699531,0.16343327761754223
910,0.1336,1,2,1,36311,640133,1199,125057,5.070119439868204,0.16343261150825286
911,0.1337,0,12,0,36323,640121,1199,125057,5.070024394880243,0.16343517456069045
912,0.1338,0,11,0,36334,640110,1199,125057,5.069937270307946,0.163437524096047
913,0.1339,0,2,0,36336,640108,1199,125057,5.069921429476619,0.1634379512915515
914,0.134,6,71,6,36407,640037,1205,125051,5.069359079964516,0.16344655778158854
915,0.1342,1,34,1,36441,640003,1206,125050,5.06908978583196,0.16345272811164716
916,0.1343,1,19,1,36460,639984,1207,125049,5.068939297934356,0.163455694068099
917,0.1344,0,1,0,36461,639983,1207,125049,5.068931377518692,0.16345590772673563
918,0.1345,0,6,0,36467,639977,1207,125049,5.068883855024712,0.16345718969028503
919,0.1346,0,3,0,36470,639974,1207,125049,5.0688600937777215,0.16345783067960049
920,0.1347,0,11,0,36481,639963,1207,125049,5.0687729692054235,0.16346018101676837
921,0.1348,0,1,0,36482,639962,1207,125049,5.068765048789761,0.16346039468713522
922,0.1349,0,1,0,36483,639961,1207,125049,5.068757128374097,0.16346060835806067
923,0.135,19,625,19,37108,639336,1226,125030,5.0638068685844635,0.16357347134749584
924,0.1351,0,1,0,37109,639335,1226,125030,5.0637989481688,0.1635736853466603
925,0.1352,0,7,0,37116,639328,1226,125030,5.063743505259156,0.16357518335649002
926,0.1353,1,23,1,37139,639305,1227,125029,5.063561335698897,0.1635790112699422
927,0.1354,0,4,0,37143,639301,1227,125029,5.063529654036244,0.16357986733478994
928,0.1355,0,7,0,37150,639294,1227,125029,5.0634742111266,0.1635813654698341
929,0.1356,0,3,0,37153,639291,1227,125029,5.06345044987961,0.16358200753611052
930,0.1357,2,15,2,37168,639276,1229,125027,5.063331643644658,0.16358302924363766
931,0.1358,0,38,0,37206,639238,1229,125027,5.063030667849449,0.16359116275114
932,0.1359,0,2,0,37208,639236,1229,125027,5.063014827018122,0.16359159085288702
933,0.136,5,66,5,37274,639170,1234,125022,5.062492079584336,0.1636002470583309
934,0.1361,1,2,1,37276,639168,1235,125021,5.06247623875301,0.16359958073199168
935,0.1362,1,17,1,37293,639151,1236,125020,5.062341591686732,0.16360212570223157
936,0.1363,0,8,0,37301,639143,1236,125020,5.062278228361424,0.1636038384480798
937,0.1364,0,1,0,37302,639142,1236,125020,5.062270307945761,0.16360405254383234
938,0.1365,1,11,1,37313,639131,1237,125019,5.062183183373463,0.16360531309297913
939,0.1366,0,2,0,37315,639129,1237,125019,5.0621673425421365,0.16360574129618868
940,0.1367,15,337,15,37652,638792,1252,125004,5.059498162463566,0.1636615012385506
941,0.1368,1,8,1,37660,638784,1253,125003,5.059434799138259,0.1636621204602854
942,0.1369,0,4,0,37664,638780,1253,125003,5.059403117475605,0.1636629775734731
943,0.137,2,23,2,37687,638757,1255,125001,5.059220947915347,0.16366571610379205
944,0.1371,0,7,0,37694,638750,1255,125001,5.059165505005702,0.16366721614767116
945,0.1372,0,3,0,37697,638747,1255,125001,5.059141743758713,0.16366785903203673
946,0.1373,2,17,2,37714,638730,1257,124999,5.059007096692435,0.16366931202036325
947,0.1374,0,2,0,37716,638728,1257,124999,5.058991255861107,0.16366974062721365
948,0.1375,8,157,8,37873,638571,1265,124991,5.057747750601951,0.16369463121527786
949,0.1376,0,5,0,37878,638566,1265,124991,5.057708148523634,0.16369570313676648
950,0.1377,1,13,1,37891,638553,1266,124990,5.05760518312001,0.16369739490768692
951,0.1378,0,9,0,37900,638544,1266,124990,5.057533899379039,0.16369932445706412
952,0.1379,0,9,0,37909,638535,1266,124990,5.057462615638069,0.1637012540519302
953,0.138,1,17,1,37926,638518,1267,124989,5.057327968571791,0.16370380363244869
954,0.1381,1,4,1,37930,638514,1268,124988,5.057296286909137,0.1637035659369589
955,0.1382,0,3,0,37933,638511,1268,124988,5.057272525662147,0.16370420917381687
956,0.1383,7,173,7,38106,638338,1275,124981,5.055902293752376,0.16373364216009295
957,0.1385,2,11,2,38117,638327,1277,124979,5.055815169180079,0.16373381055566183
958,0.1386,0,8,0,38125,638319,1277,124979,5.055751805854771,0.1637355266226297
959,0.1387,0,21,0,38146,638298,1277,124979,5.05558547712584,0.16374003146957133
960,0.1388,0,5,0,38151,638293,1277,124979,5.055545875047523,0.1637411040887128
961,0.1389,0,1,0,38152,638292,1277,124979,5.055537954631859,0.16374131861422744
962,0.139,1,33,1,38185,638259,1278,124978,5.055276580914966,0.16374730260718492
963,0.1391,0,1,0,38186,638258,1278,124978,5.055268660499303,0.16374751715065852
964,0.1392,5,46,5,38232,638212,1283,124973,5.054904321378786,0.16375190812188395
965,0.1393,1,26,1,38258,638186,1284,124972,5.054698390571537,0.163756391206015
966,0.1394,0,2,0,38260,638184,1284,124972,5.05468254974021,0.1637568203617609
967,0.1395,1,20,1,38280,638164,1285,124971,5.054524141426942,0.16376001624876332
968,0.1396,1,9,1,38289,638155,1286,124970,5.0544528576859715,0.16376085176085176
969,0.1397,0,5,0,38294,638150,1286,124970,5.054413255607654,0.16376192473005557
970,0.1398,0,10,0,38304,638140,1286,124970,5.05433405145102,0.1637640707106446
971,0.1399,0,1,0,38305,638139,1286,124970,5.054326131035356,0.16376428531179688
972,0.14,99,2905,99,41210,635234,1385,124871,5.031317323533139,0.1642812506166911
973,0.1401,0,1,0,41211,635233,1385,124871,5.031309403117476,0.16428146674665572
974,0.1402,0,3,0,41214,635230,1385,124871,5.031285641870485,0.16428211513996166
975,0.1403,0,16,0,41230,635214,1385,124871,5.031158915219871,0.16428557332403612
976,0.1404,0,4,0,41234,635210,1385,124871,5.031127233557217,0.16428643789280353
977,0.1405,0,18,0,41252,635192,1385,124871,5.030984666075276,0.16429032856486897
978,0.1406,1,12,1,41264,635180,1386,124870,5.030889621087315,0.16429182290638775
979,0.1407,2,19,2,41283,635161,1388,124868,5.0307391331897096,0.1642937308971105
980,0.1408,2,46,2,41329,635115,1390,124866,5.030374794069193,0.16430147595795158
981,0.1409,0,1,0,41330,635114,1390,124866,5.030366873653529,0.16430169214979343
982,0.141,2,22,2,41352,635092,1392,124864,5.030192624508934,0.16430424919337436
983,0.1411,0,3,0,41355,635089,1392,124864,5.030168863261944,0.16430489780289045
984,0.1412,3,14,3,41369,635075,1395,124861,5.030057977442656,0.16430462565268655
985,0.1413,1,6,1,41375,635069,1396,124860,5.030010454948676,0.1643048232137476
986,0.1414,0,7,0,41382,635062,1396,124860,5.029955012039032,0.16430633670297742
987,0.1415,2,6,2,41388,635056,1398,124858,5.029907489545051,0.16430543456233204
988,0.1416,0,5,0,41393,635051,1398,124858,5.029867887466734,0.16430651564858423
989,0.1417,11,153,11,41546,634898,1409,124847,5.028656063870232,0.16432750462326176
990,0.1418,1,6,1,41552,634892,1410,124846,5.028608541376252,0.16432770244479017
991,0.1419,1,4,1,41556,634888,1411,124845,5.028576859713597,0.16432746767614412
992,0.142,3,45,3,41601,634843,1414,124842,5.028220441008744,0.16433390155130087
993,0.1421,0,4,0,41605,634839,1414,124842,5.02818875934609,0.16433476682976145
994,0.1422,1,8,1,41613,634831,1415,124841,5.0281253960207835,0.16433539738202804
995,0.1423,1,12,1,41625,634819,1416,124840,5.028030351032823,0.16433689326395132
996,0.1424,0,4,0,41629,634815,1416,124840,5.027998669370168,0.16433775858778
997,0.1425,6,172,6,41801,634643,1422,124834,5.026636357876061,0.1643683745524881
998,0.1426,0,2,0,41803,634641,1422,124834,5.0266205170447344,0.16436880739984858
999,0.1427,1,23,1,41826,634618,1423,124833,5.026438347484476,0.16437268500535254
1000,0.1428,0,9,0,41835,634609,1423,124833,5.026367063743505,0.16437463295419533
1001,0.1429,1,11,1,41846,634598,1424,124832,5.026279939171208,0.16437591351408293
1002,0.143,3,11,3,41857,634587,1427,124829,5.02619281459891,0.16437499341599335
1003,0.1431,0,2,0,41859,634585,1427,124829,5.026176973767583,0.16437542631555382
1004,0.1432,1,10,1,41869,634575,1428,124828,5.026097769610949,0.16437649048002181
1005,0.1433,17,386,17,42255,634189,1445,124811,5.023040489164871,0.16444137022397892
1006,0.1434,0,1,0,42256,634188,1445,124811,5.023032568749208,0.16444158687956112
1007,0.1435,0,7,0,42263,634181,1445,124811,5.022977125839564,0.1644431034846217
1008,0.1436,0,3,0,42266,634178,1445,124811,5.022953364592574,0.16444375346678278
1009,0.1437,1,14,1,42280,634164,1446,124810,5.022842478773286,0.16444568588647304
1010,0.1438,1,8,1,42288,634156,1447,124809,5.022779115447979,0.1644463183414255
1011,0.1439,1,2,1,42290,634154,1448,124808,5.0227632746166515,0.1644456507703943
1012,0.144,2,93,2,42383,634061,1450,124806,5.022026675959954,0.1644636016587887
1013,0.1442,2,45,2,42428,634016,1452,124804,5.021670257255101,0.16447115257900424
1014,0.1443,0,26,0,42454,633990,1452,124804,5.021464326447852,0.16447678816648523
1015,0.1445,1,17,1,42471,633973,1453,124803,5.021329679381574,0.16447937204128754
1016,0.1446,0,3,0,42474,633970,1453,124803,5.021305918134583,0.16448002235187598
1017,0.1447,2,12,2,42486,633958,1455,124801,5.0212108731466225,0.16448042131954943
1018,0.1448,1,9,1,42495,633949,1456,124800,5.021139589405652,0.16448127114500316
1019,0.1449,1,6,1,42501,633943,1457,124799,5.021092066911671,0.1644814706448305
1020,0.145,29,682,29,43183,633261,1486,124770,5.015690343429223,0.16459749007626337
1021,0.1451,0,4,0,43187,633257,1486,124770,5.01565866176657,0.16459835863366346
1022,0.1452,0,10,0,43197,633247,1486,124770,5.0155794576099355,0.16460053006726763
1023,0.1453,1,21,1,43218,633226,1487,124769,5.015413128881003,0.16460398815295615
1024,0.1454,1,10,1,43228,633216,1488,124768,5.015333924724369,0.1646050576265462
1025,0.1455,1,7,1,43235,633209,1489,124767,5.015278481814725,0.16460547563511246
1026,0.1456,0,2,0,43237,633207,1489,124767,5.015262640983399,0.16460590996524946
1027,0.1457,3,21,3,43258,633186,1492,124764,5.015096312254467,0.16460716406095388
1028,0.1458,3,45,3,43303,633141,1495,124761,5.0147398935496135,0.1646136307860383
1029,0.1459,0,3,0,43306,633138,1495,124761,5.014716132302623,0.16461428237799497
1030,0.146,2,89,2,43395,633049,1497,124759,5.014011215308579,0.16463141059476807
1031,0.1461,0,4,0,43399,633045,1497,124759,5.013979533645926,0.1646322795868061
1032,0.1462,0,11,0,43410,633034,1497,124759,5.0138924090736285,0.1646346693622137
1033,0.1463,0,13,0,43423,633021,1497,124759,5.013789443670004,0.16463749373168993
1034,0.1464,0,3,0,43426,633018,1497,124759,5.0137656824230135,0.16463814552302328
1035,0.1465,0,12,0,43438,633006,1497,124759,5.013670637435053,0.16464075273996556
1036,0.1467,15,343,15,43781,632663,1512,124744,5.010953934862502,0.16469876829762597
1037,0.1468,0,9,0,43790,632654,1512,124744,5.0108826511215305,0.16470072537820274
1038,0.1469,0,3,0,43793,632651,1512,124744,5.010858889874541,0.16470137774873084
1039,0.147,1,22,1,43815,632629,1513,124743,5.010684640729946,0.1647050590726882
1040,0.1471,0,13,0,43828,632616,1513,124743,5.010581675326321,0.1647078862204054
1041,0.1472,0,5,0,43833,632611,1513,124743,5.010542073248004,0.16470897361075534
1042,0.1473,0,15,0,43848,632596,1513,124743,5.010423267013053,0.16471223586795344
1043,0.1474,0,3,0,43851,632593,1513,124743,5.010399505766062,0.16471288833490022
1044,0.1475,4,167,4,44018,632426,1517,124739,5.009076796350272,0.16474480463307206
1045,0.1476,0,7,0,44025,632419,1517,124739,5.0090213534406285,0.16474632771495515
1046,0.1477,0,13,0,44038,632406,1517,124739,5.008918388037004,0.16474915637031215
1047,0.1478,0,15,0,44053,632391,1517,124739,5.0087995818020525,0.16475242032411871
1048,0.1479,0,4,0,44057,632387,1517,124739,5.008767900139399,0.16475329073364275
1049,0.148,1,48,1,44105,632339,1518,124738,5.008387720187556,0.1647626331271456
1050,0.1482,1,14,1,44119,632325,1519,124737,5.008276834368267,0.16476457674536563
1051,0.1483,7,189,7,44308,632136,1526,124730,5.006779875807882,0.16479799594644232
1052,0.1484,1,2,1,44310,632134,1527,124729,5.006764034976555,0.16479732791799837
1053,0.1485,1,12,1,44322,632122,1528,124728,5.0066689899885946,0.1647988372861201
1054,0.1486,0,7,0,44329,632115,1528,124728,5.006613547078951,0.16480036150165886
1055,0.1487,2,25,2,44354,632090,1530,124726,5.006415536687365,0.1648035982325955
1056,0.1488,2,10,2,44364,632080,1532,124724,5.006336332530731,0.1648035686914974
1057,0.1489,0,2,0,44366,632078,1532,124724,5.006320491699404,0.16480400421774785
1058,0.149,3,58,3,44424,632020,1535,124721,5.005861107590927,0.1648133245060067
1059,0.1491,0,3,0,44427,632017,1535,124721,5.005837346343936,0.16481397788930913
1060,0.1492,2,54,2,44481,631963,1537,124719,5.005409643898112,0.1648235322103605
1061,0.1493,1,21,1,44502,631942,1538,124718,5.00524331516918,0.16482700288108265
1062,0.1494,0,2,0,44504,631940,1538,124718,5.005227474337853,0.16482743855215962
1063,0.1495,3,19,3,44523,631921,1541,124715,5.0050769864402485,0.16482826616761562
1064,0.1496,0,9,0,44532,631912,1541,124715,5.005005702699278,0.16483022678281373
1065,0.1497,1,8,1,44540,631904,1542,124714,5.0049423393739705,0.1648308657737458
1066,0.1498,1,16,1,44556,631888,1543,124713,5.004815612723355,0.16483324764307739
1067,0.15,110,3122,110,47678,628766,1653,124603,4.980088075022177,0.1653943817704206
1068,0.1501,0,2,0,47680,628764,1653,124603,4.9800722341908505,0.16539482085092658
1069,0.1502,0,6,0,47686,628758,1653,124603,4.98002471169687,0.16539613810643236
1070,0.1503,2,9,2,47695,628749,1655,124601,4.979953427955899,0.16539589832083362
1071,0.1504,0,6,0,47701,628743,1655,124601,4.979905905461918,0.16539721561464615
1072,0.1505,0,5,0,47706,628738,1655,124601,4.979866303383601,0.16539831337551886
1073,0.1506,0,1,0,47707,628737,1655,124601,4.979858382967938,0.16539853292944204
1074,0.1507,1,21,1,47728,628716,1656,124600,4.979692054239006,0.16540203579905377
1075,0.1508,2,47,2,47775,628669,1658,124598,4.979319794702826,0.16541014009640673
1076,0.1509,1,1,1,47776,628668,1659,124597,4.979311874287163,0.16540925172416082
1077,0.151,1,37,1,47813,628631,1660,124596,4.979018818907616,0.1654162689335353
1078,0.1511,0,3,0,47816,628628,1660,124596,4.978995057660626,0.1654169277665077
1079,0.1512,0,8,0,47824,628620,1660,124596,4.978931694335318,0.16541868468009177
1080,0.1513,0,8,0,47832,628612,1660,124596,4.978868331010012,0.165420441630997
1081,0.1514,0,3,0,47835,628609,1660,124596,4.978844569763021,0.1654211004972086
1082,0.1515,1,13,1,47848,628596,1661,124595,4.978741604359397,0.16542284759111567
1083,0.1516,1,2,1,47850,628594,1662,124594,4.97872576352807,0.16542217879201473
1084,0.1517,12,176,12,48026,628418,1674,124582,4.977331770371309,0.16544754316069057
1085,0.1518,0,5,0,48031,628413,1674,124582,4.977292168292992,0.16544864175724938
1086,0.1519,1,2,1,48033,628411,1675,124581,4.977276327461666,0.16544797288683014
1087,0.152,2,68,2,48101,628343,1677,124579,4.976737739196553,0.1654606984521637
1088,0.1521,0,6,0,48107,628337,1677,124579,4.976690216702573,0.1654620170111938
1089,0.1522,0,3,0,48110,628334,1677,124579,4.976666455455582,0.1654626762985896
1090,0.1523,2,10,2,48120,628324,1679,124577,4.976587251298948,0.16546265710896918
1091,0.1524,0,4,0,48124,628320,1679,124577,4.976555569636295,0.16546353618091186
1092,0.1525,3,188,3,48312,628132,1682,124574,4.9750665314915725,0.16550153712073506
1093,0.1526,1,1,1,48313,628131,1683,124573,4.97505861107591,0.1655006483292237
1094,0.1527,0,17,0,48330,628114,1683,124573,4.974923964009632,0.1655043862854015
1095,0.1528,0,6,0,48336,628108,1683,124573,4.974876441515651,0.16550570560436625
1096,0.1529,0,17,0,48353,628091,1683,124573,4.974741794449373,0.16550944378899482
1097,0.153,2,30,2,48383,628061,1685,124571,4.97450418197947,0.16551382348877008
1098,0.1531,0,10,0,48393,628051,1685,124571,4.974424977822836,0.1655160226514771
1099,0.1532,0,4,0,48397,628047,1685,124571,4.974393296160183,0.1655169023329232
1100,0.1533,14,374,14,48771,627673,1699,124557,4.9714310607020655,0.16558366457067653
1101,0.1535,1,3,1,48774,627670,1700,124556,4.971407299455075,0.16558321568252093
1102,0.1536,0,4,0,48778,627666,1700,124556,4.971375617792422,0.16558409618437112
1103,0.1537,1,18,1,48796,627648,1701,124555,4.97123305031048,0.16558694926768439
1104,0.1538,0,10,0,48806,627638,1701,124555,4.971153846153846,0.16558915065681282
1105,0.1539,1,3,1,48809,627635,1702,124554,4.971130084906856,0.1655887017757505
1106,0.154,1,70,1,48879,627565,1703,124553,4.970575655810417,0.1656030037839807
1107,0.1541,1,2,1,48881,627563,1704,124552,4.97055981497909,0.1656023347493402
1108,0.1542,6,64,6,48945,627499,1710,124546,4.970052908376632,0.16560977069191338
1109,0.1543,0,24,0,48969,627475,1710,124546,4.96986281840071,0.16561505596253295
1110,0.1544,0,3,0,48972,627472,1710,124546,4.969839057153719,0.1656157166450803
1111,0.1545,1,3,1,48975,627469,1711,124545,4.969815295906729,0.1656152678008654
1112,0.1546,0,2,0,48977,627467,1711,124545,4.969799455075402,0.16561570825997457
1113,0.1547,1,8,1,48985,627459,1712,124544,4.969736091750095,0.16561636057302964
1114,0.1548,1,8,1,48993,627451,1713,124543,4.969672728424788,0.1656170129016987
1115,0.1549,0,1,0,48994,627450,1713,124543,4.969664808009124,0.16561723313913826
1116,0.155,36,759,36,49753,626691,1749,124507,4.963653212520593,0.16574458398451541
1117,0.1551,0,4,0,49757,626687,1749,124507,4.96362153085794,0.1657454665505848
1118,0.1552,1,2,1,49759,626685,1750,124506,4.963605690026613,0.16574479726194802
1119,0.1553,1,27,1,49786,626658,1751,124505,4.963391838803701,0.16574964421836538
1120,0.1554,0,3,0,49789,626655,1751,124505,4.96336807755671,0.16575030619308803
1121,0.1555,0,4,0,49793,626651,1751,124505,4.963336395894056,0.16575118883427678
1122,0.1556,0,3,0,49796,626648,1751,124505,4.963312634647067,0.16575185082133734
1123,0.1557,0,41,0,49837,626607,1751,124505,4.962987897604866,0.16576089850781242
1124,0.1558,5,64,5,49901,626543,1756,124500,4.9624809910024075,0.16576946992382594
1125,0.1559,0,2,0,49903,626541,1756,124500,4.962465150171081,0.16576991136302813
1126,0.156,3,90,3,49993,626451,1759,124497,4.961752312761374,0.16578644593234151
1127,0.1561,0,2,0,49995,626449,1759,124497,4.961736471930047,0.16578688747260123
1128,0.1562,1,11,1,50006,626438,1760,124496,4.961649347357749,0.16578820508859635
1129,0.1563,3,10,3,50016,626428,1763,124493,4.961570143201115,0.16578708013226426
1130,0.1564,0,6,0,50022,626422,1763,124493,4.961522620707135,0.16578840481279505
1131,0.1565,0,17,0,50039,626405,1763,124493,4.961387973640857,0.16579215818926138
1132,0.1566,1,1,1,50040,626404,1764,124492,4.961380053225193,0.16579126803179137
1133,0.1567,21,371,21,50411,626033,1785,124471,4.958441579014067,0.16584988221248653
1134,0.1568,0,7,0,50418,626026,1785,124471,4.958386136104423,0.1658514291196367
1135,0.1569,1,5,1,50423,626021,1786,124470,4.958346534026106,0.16585142260200322
1136,0.157,4,31,4,50454,625990,1790,124466,4.95810100114054,0.16585382753952263
1137,0.1571,0,8,0,50462,625982,1790,124466,4.958037637815233,0.16585559559090038
1138,0.1572,1,7,1,50469,625975,1791,124465,4.957982194905589,0.16585603112840466
1139,0.1573,1,32,1,50501,625943,1792,124464,4.95772874160436,0.16586199222555226
1140,0.1574,1,4,1,50505,625939,1793,124463,4.957697059941705,0.1658617647607549
1141,0.1575,9,192,9,50697,625747,1802,124454,4.956176340134331,0.16589420701918553
1142,0.1576,0,7,0,50704,625740,1802,124454,4.956120897224686,0.16589575496471579
1143,0.1577,0,11,0,50715,625729,1802,124454,4.956033772652389,0.1658981875089145
1144,0.1578,0,12,0,50727,625717,1802,124454,4.955938727664428,0.165900841274856
1145,0.1579,1,10,1,50737,625707,1803,124453,4.955859523507794,0.16590194091927055
1146,0.158,1,46,1,50783,625661,1804,124452,4.955495184387277,0.1659110027422535
1147,0.1581,0,2,0,50785,625659,1804,124452,4.955479343555949,0.1659114451061243
1148,0.1582,1,7,1,50792,625652,1805,124451,4.955423900646306,0.1659118814349496
1149,0.1583,11,202,11,50994,625450,1816,124440,4.953823976682297,0.16594433850298043
1150,0.1584,0,2,0,50996,625448,1816,124440,4.953808135850969,0.16594478108730903
1151,0.1585,0,19,0,51015,625429,1816,124440,4.9536576479533645,0.16594898575617875
1152,0.1586,0,4,0,51019,625425,1816,124440,4.953625966290711,0.16594987097677583
1153,0.1587,3,29,3,51048,625396,1819,124437,4.953396274236472,0.16595295219068779
1154,0.1588,1,8,1,51056,625388,1820,124436,4.953332910911165,0.16595361044725163
1155,0.1589,0,1,0,51057,625387,1820,124436,4.953324990495501,0.16595383177096462
1156,0.159,1,34,1,51091,625353,1821,124435,4.953055696362945,0.16596024476251953
1157,0.1591,0,1,0,51092,625352,1821,124435,4.953047775947281,0.16596046610570736
1158,0.1592,4,56,4,51148,625296,1825,124431,4.95260423267013,0.16596841250215078
1159,0.1593,2,26,2,51174,625270,1827,124429,4.952398301862882,0.16597194340662053
1160,0.1594,0,2,0,51176,625268,1827,124429,4.952382461031555,0.165972386177349
1161,0.1595,1,12,1,51188,625256,1828,124428,4.952287416043594,0.1659739303493205
1162,0.1596,0,1,0,51189,625255,1828,124428,4.952279495627931,0.1659741517414694
1163,0.1597,1,7,1,51196,625248,1829,124427,4.952224052718287,0.1659745889885617
1164,0.1598,0,5,0,51201,625243,1829,124427,4.95218445063997,0.16597569597289474
1165,0.1599,0,1,0,51202,625242,1829,124427,4.952176530224306,0.1659759173715333
1166,0.16,159,3261,159,54463,621981,1988,124268,4.926348054745913,0.16652350622915407
1167,0.1601,0,1,0,54464,621980,1988,124268,4.92634013433025,0.16652372937682916
1168,0.1602,0,11,0,54475,621969,1988,124268,4.926253009757952,0.166526184040727
1169,0.1603,2,18,2,54493,621951,1990,124266,4.926110442276011,0.1665279670658803
1170,0.1604,0,1,0,54494,621950,1990,124266,4.926102521860347,0.16652819022910256
1171,0.1605,1,11,1,54505,621939,1991,124265,4.92601539728805,0.16652952811831617
1172,0.1606,0,3,0,54508,621936,1991,124265,4.92599163604106,0.16653019762771692
1173,0.1607,1,30,1,54538,621906,1992,124264,4.925754023571157,0.1665357760295911
1174,0.1608,3,72,3,54610,621834,1995,124261,4.925183753643391,0.1665484958349808
1175,0.161,2,40,2,54650,621794,1997,124259,4.924866937016855,0.16655519111912961
1176,0.1612,2,26,2,54676,621768,1999,124257,4.924661006209606,0.16655876143560872
1177,0.1613,1,13,1,54689,621755,2000,124256,4.924558040805982,0.1665605466943517
1178,0.1614,0,8,0,54697,621747,2000,124256,4.924494677480674,0.16656233285925123
1179,0.1615,1,13,1,54710,621734,2001,124255,4.92439171207705,0.1665641182376684
1180,0.1616,0,2,0,54712,621732,2001,124255,4.924375871245723,0.16656456479804607
1181,0.1617,9,213,9,54925,621519,2010,124246,4.922688822709416,0.16660207974361896
1182,0.1618,0,8,0,54933,621511,2010,124246,4.922625459384109,0.16660386694325363
1183,0.1619,0,2,0,54935,621509,2010,124246,4.922609618552782,0.16660431374915355
1184,0.162,2,50,2,54985,621459,2012,124244,4.922213597769611,0.16661324951086426
1185,0.1621,0,8,0,54993,621451,2012,124244,4.922150234444303,0.1666150369789257
1186,0.1622,1,5,1,54998,621446,2013,124243,4.922110632365986,0.16661503656350032
1187,0.1623,1,26,1,55024,621420,2014,124242,4.921904701558738,0.1666197285097001
1188,0.1624,0,2,0,55026,621418,2014,124242,4.921888860727411,0.16662017541506852
1189,0.1625,10,223,10,55249,621195,2024,124232,4.92012260803447,0.16665884117425314
1190,0.1626,0,4,0,55253,621191,2024,124232,4.920090926371816,0.16665973547905014
1191,0.1627,0,22,0,55275,621169,2024,124232,4.919916677227221,0.16666465432699984
1192,0.1628,0,7,0,55282,621162,2024,124232,4.919861234317577,0.1666662194758745
1193,0.1629,4,6,4,55288,621156,2028,124228,4.919813711823596,0.16666308909233363
1194,0.163,1,32,1,55320,621124,2029,124227,4.919560258522368,0.16666912635791728
1195,0.1631,0,5,0,55325,621119,2029,124227,4.919520656444051,0.16667024442339531
1196,0.1632,0,7,0,55332,621112,2029,124227,4.919465213534406,0.16667180974026582
1197,0.1633,20,443,20,55775,620669,2049,124207,4.915956469395514,0.1667485594917812
1198,0.1634,0,5,0,55780,620664,2049,124207,4.915916867317197,0.16674967880344382
1199,0.1635,0,8,0,55788,620656,2049,124207,4.915853503991889,0.16675146973336036
1200,0.1636,0,2,0,55790,620654,2049,124207,4.915837663160563,0.16675191747185045
1201,0.1637,0,10,0,55800,620644,2049,124207,4.9157584590039285,0.1667541562003676
1202,0.1638,0,15,0,55815,620629,2049,124207,4.915639652768977,0.1667575144058558
1203,0.1639,0,3,0,55818,620626,2049,124207,4.915615891521987,0.16675818606318463
1204,0.164,6,55,6,55873,620571,2055,124201,4.9151802686604995,0.16676378811233505
1205,0.1642,5,49,5,55922,620522,2060,124196,4.914792168292992,0.16676916631530325
1206,0.1643,1,29,1,55951,620493,2061,124195,4.914562476238753,0.16677454182154136
1207,0.1644,1,3,1,55954,620490,2062,124194,4.914538714991763,0.16677409478382776
1208,0.1645,2,17,2,55971,620473,2064,124192,4.914404067925485,0.1667756642248528
1209,0.1646,0,4,0,55975,620469,2064,124192,4.914372386262831,0.16677656007230135
1210,0.1647,1,12,1,55987,620457,2065,124191,4.91427734127487,0.16677812872659298
1211,0.1648,1,8,1,55995,620449,2066,124190,4.914213977949562,0.16677880154007513
1212,0.1649,1,0,1,55995,620449,2067,124189,4.914213977949562,0.16677768257864894
1213,0.165,51,893,51,56888,619556,2118,124138,4.907141046762134,0.16692080344873025
1214,0.1651,1,1,1,56889,619555,2119,124137,4.907133126346471,0.1669199077037268
1215,0.1652,0,3,0,56892,619552,2119,124137,4.907109365099481,0.1669205810493365
1216,0.1653,1,30,1,56922,619522,2120,124136,4.906871752629578,0.16692619456793312
1217,0.1654,0,2,0,56924,619520,2120,124136,4.906855911798251,0.16692664350183417
1218,0.1655,3,12,3,56936,619508,2123,124133,4.9067608668102904,0.16692597637838688
1219,0.1656,0,3,0,56939,619505,2123,124133,4.9067371055633,0.16692664979465816
1220,0.1657,2,27,2,56966,619478,2125,124131,4.906523254340388,0.16693047017989293
1221,0.1658,4,43,4,57009,619435,2129,124127,4.906182676466861,0.16693564221947868
1222,0.1659,0,1,0,57010,619434,2129,124127,4.906174756051198,0.16693586672781385
1223,0.166,2,84,2,57094,619350,2131,124125,4.905509441135471,0.16695248663371332
1224,0.1661,1,7,1,57101,619343,2132,124124,4.905453998225827,0.16695293805912031
1225,0.1662,1,15,1,57116,619328,2133,124123,4.905335191990876,0.16695518601763937
1226,0.1663,1,17,1,57133,619311,2134,124122,4.905200544924598,0.16695788322552269
1227,0.1664,0,3,0,57136,619308,2134,124122,4.905176783677607,0.1669585569589605
1228,0.1665,1,17,1,57153,619291,2135,124121,4.905042136611329,0.16696125432465442
1229,0.1666,0,2,0,57155,619289,2135,124121,4.905026295780003,0.16696170350143258
1230,0.1667,19,429,19,57584,618860,2154,124102,4.901628437460398,0.16703680672766574
1231,0.1668,1,7,1,57591,618853,2155,124101,4.9015729945507545,0.16703725937272024
1232,0.167,0,23,0,57614,618830,2155,124101,4.901390824990496,0.16704243058911258
1233,0.1671,0,16,0,57630,618814,2155,124101,4.9012640983398805,0.1670460281458848
1234,0.1672,0,7,0,57637,618807,2155,124101,4.901208655430237,0.16704760212570063
1235,0.1673,1,30,1,57667,618777,2156,124100,4.900971042960334,0.16705322684643623
1236,0.1674,0,3,0,57670,618774,2156,124100,4.900947281713345,0.16705390146915897
1237,0.1675,12,211,12,57881,618563,2168,124088,4.899276074008364,0.16708790535527454
1238,0.1676,0,3,0,57884,618560,2168,124088,4.899252312761374,0.16708858032338336
1239,0.1677,2,23,2,57907,618537,2170,124086,4.899070143201115,0.16709151211314488
1240,0.1678,2,22,2,57929,618515,2172,124084,4.89889589405652,0.16709421908728667
1241,0.1679,1,5,1,57934,618510,2173,124083,4.898856291978203,0.16709422254182305
1242,0.168,2,36,2,57970,618474,2175,124081,4.89857115701432,0.16710008012874467
1243,0.1681,0,6,0,57976,618468,2175,124081,4.898523634520339,0.1671014303433174
1244,0.1682,0,14,0,57990,618454,2175,124081,4.898412748701052,0.16710458092884511
1245,0.1683,12,194,12,58184,618260,2187,124069,4.8968761880623495,0.16713478794442896
1246,0.1684,0,4,0,58188,618256,2187,124069,4.896844506399696,0.16713568854612199
1247,0.1685,5,14,5,58202,618242,2192,124064,4.896733620580408,0.1671332307700598
1248,0.1686,0,4,0,58206,618238,2192,124064,4.896701938917754,0.16713413139126662
1249,0.1687,3,30,3,58236,618208,2195,124061,4.896464326447852,0.1671375202251475
1250,0.1688,0,22,0,58258,618186,2195,124061,4.896290077303257,0.16714247413596822
1251,0.1689,1,3,1,58261,618183,2196,124060,4.896266316056266,0.16714202761090372
1252,0.169,0,36,0,58297,618147,2196,124060,4.895981181092384,0.1671501346659355
1253,0.1691,0,1,0,58298,618146,2196,124060,4.89597326067672,0.16715035987313495
1254,0.1692,6,58,6,58356,618088,2202,124054,4.895513876568242,0.1671566896901132
1255,0.1693,3,36,3,58392,618052,2205,124051,4.89522874160436,0.16716143176890538
1256,0.1694,0,4,0,58396,618048,2205,124051,4.895197059941705,0.1671623327884824
1257,0.1695,1,8,1,58404,618040,2206,124050,4.895133696616399,0.16716301257259902
1258,0.1696,1,2,1,58406,618038,2207,124049,4.895117855785071,0.16716234080370632
1259,0.1697,0,10,0,58416,618028,2207,124049,4.895038651628438,0.16716459343167892
1260,0.1698,2,15,2,58431,618013,2209,124047,4.894919845393487,0.16716572783871925
1261,0.1699,0,2,0,58433,618011,2209,124047,4.894904004562159,0.167166178384978
1262,0.17,134,3474,134,61907,614537,2343,123913,4.867388480547459,0.16780147606473017
1263,0.1701,0,1,0,61908,614536,2343,123913,4.867380560131796,0.16780170329975394
1264,0.1702,0,11,0,61919,614525,2343,123913,4.867293435559498,0.16780420292563492
1265,0.1703,0,24,0,61943,614501,2343,123913,4.867103345583576,0.16780965691333047
1266,0.1704,0,10,0,61953,614491,2343,123913,4.867024141426942,0.1678119295128412
1267,0.1705,0,14,0,61967,614477,2343,123913,4.866913255607654,0.16781511125556955
1268,0.1706,3,5,3,61972,614472,2346,123910,4.866873653529337,0.16781286651083044
1269,0.1707,3,40,3,62012,614432,2349,123907,4.8665568369028005,0.16781857656171487
1270,0.1708,3,87,3,62099,614345,2352,123904,4.865867760740084,0.16783497166945027
1271,0.1709,0,1,0,62100,614344,2352,123904,4.86585984032442,0.16783519901171423
1272,0.171,4,43,4,62143,614301,2356,123900,4.865519262450894,0.1678404662144863
1273,0.1711,0,3,0,62146,614298,2356,123900,4.865495501203903,0.16784114830980307
1274,0.1712,0,13,0,62159,614285,2356,123900,4.865392535800279,0.16784410412024087
1275,0.1713,2,15,2,62174,614270,2358,123898,4.865273729565327,0.1678452601575793
1276,0.1714,0,8,0,62182,614262,2358,123898,4.86521036624002,0.16784707922401648
1277,0.1715,1,11,1,62193,614251,2359,123897,4.865123241667723,0.1678484531557357
1278,0.1716,0,3,0,62196,614248,2359,123897,4.865099480420732,0.16784913533248888
1279,0.1717,11,175,11,62371,614073,2370,123886,4.863713407679635,0.16787653514626152
1280,0.1718,0,5,0,62376,614068,2370,123886,4.863673805601318,0.16787767259205857
1281,0.1719,0,2,0,62378,614066,2370,123886,4.863657964769991,0.1678781275746932
1282,0.172,4,75,4,62453,613991,2374,123882,4.863063933595235,0.167890680374536
1283,0.1721,0,4,0,62457,613987,2374,123882,4.863032251932581,0.16789159051267907
1284,0.1722,0,12,0,62469,613975,2374,123882,4.86293720694462,0.16789432098631576
1285,0.1723,1,9,1,62478,613966,2375,123881,4.86286592320365,0.16789524115433146
1286,0.1724,0,4,0,62482,613962,2375,123881,4.862834241540996,0.16789615134927077
1287,0.1725,10,219,10,62701,613743,2385,123871,4.861099670510709,0.1679347192433983
1288,0.1726,0,2,0,62703,613741,2385,123871,4.861083829679382,0.16793517459043508
1289,0.1727,0,14,0,62717,613727,2385,123871,4.8609729438600935,0.1679383620888343
1290,0.1728,0,9,0,62726,613718,2385,123871,4.860901660119123,0.1679404112588447
1291,0.1729,2,23,2,62749,613695,2387,123869,4.860719490558864,0.16794339203106443
1292,0.173,0,26,0,62775,613669,2387,123869,4.860513559751616,0.16794931244220637
1293,0.1731,2,4,2,62779,613665,2389,123867,4.8604818780889625,0.16794796700346562
1294,0.1732,0,6,0,62785,613659,2389,123867,4.860434355594982,0.1679493333116392
1295,0.1733,19,483,19,63268,613176,2408,123848,4.856608794829553,0.16803794720389023
1296,0.1735,1,13,1,63281,613163,2409,123847,4.856505829425928,0.16803978236387565
1297,0.1736,1,4,1,63285,613159,2410,123846,4.856474147763275,0.1680395655389041
1298,0.1737,3,18,3,63303,613141,2413,123843,4.856331580281333,0.1680402830997688
1299,0.1738,0,7,0,63310,613134,2413,123843,4.856276137371689,0.16804187919025967
1300,0.1739,1,5,1,63315,613129,2414,123842,4.856236535293372,0.16804189038646025
1301,0.174,5,93,5,63408,613036,2419,123837,4.855499936636675,0.168057453591053
1302,0.1741,0,3,0,63411,613033,2419,123837,4.8554761753896845,0.16805813779906903
1303,0.1742,5,88,5,63499,612945,2424,123832,4.854779178811304,0.16807256469732362
1304,0.1743,0,21,0,63520,612924,2424,123832,4.854612850082372,0.16807735532523657
1305,0.1744,0,2,0,63522,612922,2424,123832,4.854597009251045,0.16807781158975724
1306,0.1745,1,14,1,63536,612908,2425,123831,4.854486123431758,0.16807987631983648
1307,0.1746,0,4,0,63540,612904,2425,123831,4.8544544417691045,0.16808078888609881
1308,0.1747,0,17,0,63557,612887,2425,123831,4.854319794702826,0.1680846674032669
1309,0.1748,0,4,0,63561,612883,2425,123831,4.854288113040172,0.1680855800215552
1310,0.1749,0,2,0,63563,612881,2425,123831,4.854272272208846,0.16808603633441563
1311,0.175,39,949,39,64512,611932,2464,123792,4.846755797744265,0.16825874920486486
1312,0.1751,1,4,1,64516,611928,2465,123791,4.846724116081612,0.1682585334890087
1313,0.1752,1,6,1,64522,611922,2466,123790,4.846676593587632,0.16825877517289375
1314,0.1753,1,28,1,64550,611894,2467,123789,4.846454821949056,0.16826404851002402
1315,0.1754,0,8,0,64558,611886,2467,123789,4.846391458623748,0.16826587827505352
1316,0.1755,0,16,0,64574,611870,2467,123789,4.846264731973134,0.16826953792450033
1317,0.1756,0,4,0,64578,611866,2467,123789,4.84623305031048,0.16827045286173545
1318,0.1757,2,33,2,64611,611833,2469,123787,4.845971676593588,0.16827574019194694
1319,0.1758,7,93,7,64704,611740,2476,123780,4.8452350779368905,0.16828910158799218
1320,0.1759,0,3,0,64707,611737,2476,123780,4.8452113166899,0.1682897879994616
1321,0.176,6,81,6,64788,611656,2482,123774,4.8445697630211635,0.16830153787580054
1322,0.1761,0,5,0,64793,611651,2482,123774,4.844530160942846,0.16830268212258218
1323,0.1762,0,23,0,64816,611628,2482,123774,4.8443479913825875,0.16830794585818368
1324,0.1763,1,15,1,64831,611613,2483,123773,4.844229185147636,0.168310247951416
1325,0.1764,0,11,0,64842,611602,2483,123773,4.844142060575339,0.16831276559578445
1326,0.1765,1,17,1,64859,611585,2484,123772,4.844007413509061,0.16831552565624588
1327,0.1766,0,2,0,64861,611583,2484,123772,4.8439915726777345,0.16831598343657145
1328,0.1767,19,485,19,65346,611098,2503,123753,4.840150171080978,0.16840556793145822
1329,0.1768,0,8,0,65354,611090,2503,123753,4.840086807755671,0.168407401308851
1330,0.1769,0,6,0,65360,611084,2503,123753,4.840039285261691,0.1684087763680925
1331,0.177,1,32,1,65392,611052,2504,123752,4.839785831960461,0.1684149786881944
1332,0.1771,0,9,0,65401,611043,2504,123752,4.839714548219491,0.1684170414877619
1333,0.1772,0,8,0,65409,611035,2504,123752,4.8396511848941834,0.16841887512979953
1334,0.1773,0,32,0,65441,611003,2504,123752,4.839397731592954,0.1684262100972433
1335,0.1774,0,4,0,65445,610999,2504,123752,4.8393660499303,0.16842712701309695
1336,0.1775,12,212,12,65657,610787,2516,123740,4.837686921809657,0.16846215319518548
1337,0.1776,0,7,0,65664,610780,2516,123740,4.837631478900013,0.16846375864510157
1338,0.1777,0,16,0,65680,610764,2516,123740,4.837504752249398,0.16846742835981832
1339,0.1778,0,7,0,65687,610757,2516,123740,4.837449309339754,0.16846903391028145
1340,0.1779,4,13,4,65700,610744,2520,123736,4.8373463439361295,0.16846748720182986
1341,0.178,4,69,4,65769,610675,2524,123732,4.836799835255354,0.16847878628607843
1342,0.1781,0,2,0,65771,610673,2524,123732,4.836783994424027,0.16847924510317877
1343,0.1782,0,11,0,65782,610662,2524,123732,4.83669686985173,0.16848176864190068
1344,0.1783,11,265,11,66047,610397,2535,123721,4.834597959700925,0.16853012730923367
1345,0.1784,1,2,1,66049,610395,2536,123720,4.834582118869598,0.16852945383216525
1346,0.1785,2,18,2,66067,610377,2538,123718,4.834439551387657,0.16853132087808798
1347,0.1786,0,8,0,66075,610369,2538,123718,4.8343761880623495,0.16853315751402762
1348,0.1787,1,25,1,66100,610344,2539,123717,4.834178177670764,0.168537764572699
1349,0.1788,0,14,0,66114,610330,2539,123717,4.834067291851476,0.16854097898363457
1350,0.1789,0,4,0,66118,610326,2539,123717,4.834035610188823,0.16854189740927983
1351,0.179,6,50,6,66168,610276,2545,123711,4.833639589405652,0.16854658188769012
1352,0.1791,0,1,0,66169,610275,2545,123711,4.833631668989988,0.16854681151956577
1353,0.1792,4,78,4,66247,610197,2549,123707,4.833013876568242,0.16856019315877827
1354,0.1793,2,32,2,66279,610165,2551,123705,4.832760423267013,0.168565277228937
1355,0.1794,0,2,0,66281,610163,2551,123705,4.832744582435686,0.16856573661748434
1356,0.1795,0,13,0,66294,610150,2551,123705,4.832641617032062,0.1685687227040764
1357,0.1796,0,1,0,66295,610149,2551,123705,4.832633696616399,0.1685689524074271
1358,0.1797,1,11,1,66306,610138,2552,123704,4.832546572044101,0.16857034620531394
1359,0.1798,0,15,0,66321,610123,2552,123704,4.8324277658091495,0.16857379191553323
1360,0.1799,0,4,0,66325,610119,2552,123704,4.832396084146496,0.16857471079538253
1361,0.18,124,3582,124,69907,606537,2676,123580,4.804025155240147,0.16926054317321745
1362,0.1801,0,6,0,69913,606531,2676,123580,4.803977632746166,0.16926193414426025
1363,0.1802,1,15,1,69928,606516,2677,123579,4.803858826511215,0.16926427382737863
1364,0.1803,0,7,0,69935,606509,2677,123579,4.803803383601571,0.1692658967138208
1365,0.1804,1,4,1,69939,606505,2678,123578,4.803771701938918,0.16926568623019575
1366,0.1805,1,11,1,69950,606494,2679,123577,4.80368457736662,0.1692670986794435
1367,0.1806,1,6,1,69956,606488,2680,123576,4.80363705487264,0.16926735190339476
1368,0.1807,0,41,0,69997,606447,2680,123576,4.803312317830439,0.16927685840035178
1369,0.1808,3,83,3,70080,606364,2683,123573,4.802654923330376,0.1692926923830413
1370,0.1809,0,3,0,70083,606361,2683,123573,4.802631162083386,0.16929338816934134
1371,0.181,4,44,4,70127,606317,2687,123569,4.8022826637941955,0.16929904122013575
1372,0.1811,1,4,1,70131,606313,2688,123568,4.802250982131542,0.16929883090531198
1373,0.1812,1,16,1,70147,606297,2689,123567,4.802124255480928,0.16930140409720168
1374,0.1813,1,17,1,70164,606280,2690,123566,4.801989608414649,0.16930420938115712
1375,0.1814,0,10,0,70174,606270,2690,123566,4.801910404258016,0.16930652913805294
1376,0.1815,0,23,0,70197,606247,2690,123566,4.801728234697757,0.16931186482016627
1377,0.1816,0,3,0,70200,606244,2690,123566,4.801704473450767,0.1693125608034968
1378,0.1817,9,234,9,70434,606010,2699,123557,4.799851096185527,0.1693566183777501
1379,0.1818,0,4,0,70438,606006,2699,123557,4.799819414522874,0.16935754691507107
1380,0.1819,0,8,0,70446,605998,2699,123557,4.7997560511975665,0.16935940402025892
1381,0.182,1,73,1,70519,605925,2700,123556,4.799177860854138,0.16937521333660507
1382,0.1821,1,5,1,70524,605920,2701,123555,4.7991382587758205,0.16937523561465437
1383,0.1822,1,7,1,70531,605913,2702,123554,4.799082815866177,0.16937572227393424
1384,0.1823,1,25,1,70556,605888,2703,123553,4.798884805474591,0.1693803885441043
1385,0.1824,0,6,0,70562,605882,2703,123553,4.798837282980611,0.16938178179001556
1386,0.1825,17,215,17,70777,605667,2720,123536,4.797134393612977,0.16941235842419738
1387,0.1826,0,8,0,70785,605659,2720,123536,4.797071030287669,0.16941421704756615
1388,0.1827,3,39,3,70824,605620,2723,123533,4.796762134076796,0.16941986112653998
1389,0.1828,1,9,1,70833,605611,2724,123532,4.796690850335826,0.16942081320125132
1390,0.1829,0,20,0,70853,605591,2724,123532,4.796532442022557,0.16942546045043155
1391,0.183,0,47,0,70900,605544,2724,123532,4.796160182486377,0.16943638248961698
1392,0.1831,0,2,0,70902,605542,2724,123532,4.79614434165505,0.16943684728847827
1393,0.1832,3,11,3,70913,605531,2727,123529,4.796057217082753,0.16943598606424712
1394,0.1833,30,468,30,71381,605063,2757,123499,4.792350462552275,0.1695106250394613
1395,0.1834,0,6,0,71387,605057,2757,123499,4.792302940058295,0.16951202103887691
1396,0.1835,1,18,1,71405,605039,2758,123498,4.792160372576353,0.1695150692415073
1397,0.1836,0,8,0,71413,605031,2758,123498,4.792097009251045,0.16951693069184617
1398,0.1837,1,20,1,71433,605011,2759,123497,4.791938600937777,0.16952044452497433
1399,0.1838,0,16,0,71449,604995,2759,123497,4.791811874287163,0.16952416773279597
1400,0.1839,0,2,0,71451,604993,2759,123497,4.791796033455836,0.1695246331452731
1401,0.184,4,101,4,71552,604892,2763,123493,4.790996071473831,0.16954357928842576
1402,0.1842,5,67,5,71619,604825,2768,123488,4.790465403624382,0.16955347494827086
1403,0.1843,2,37,2,71656,604788,2770,123486,4.790172348244836,0.16955980853360136
1404,0.1844,1,6,1,71662,604782,2771,123485,4.790124825750856,0.1695600651958691
1405,0.1845,4,11,4,71673,604771,2775,123481,4.790037701178558,0.16955806506538945
1406,0.1846,1,9,1,71682,604762,2776,123480,4.789966417437587,0.16955902021580738
1407,0.1847,3,17,3,71699,604745,2779,123477,4.789831770371309,0.1695595573877197
1408,0.1848,1,11,1,71710,604734,2780,123476,4.789744645799011,0.16956097828922975
1409,0.1849,0,5,0,71715,604729,2780,123476,4.789705043720694,0.16956214252854623
1410,0.185,53,988,53,72703,603741,2833,123423,4.781879673045242,0.16973199993399013
1411,0.1851,1,4,1,72707,603737,2834,123422,4.7818479913825875,0.16973179180894413
1412,0.1852,0,11,0,72718,603726,2834,123422,4.7817608668102904,0.16973435944264442
1413,0.1853,1,20,1,72738,603706,2835,123421,4.781602458497022,0.16973788622895314
1414,0.1854,1,10,1,72748,603696,2836,123420,4.781523254340388,0.16973907877147526
1415,0.1855,1,14,1,72762,603682,2837,123419,4.7814123685211,0.16974120514206417
1416,0.1856,0,3,0,72765,603679,2837,123419,4.78138860727411,0.16974190549279464
1417,0.1857,4,45,4,72810,603634,2841,123415,4.781032188569256,0.16974784368041218
1418,0.1858,9,67,9,72877,603567,2850,123406,4.780501520719807,0.1697532095414823
1419,0.186,2,102,2,72979,603465,2852,123404,4.779693638322139,0.1697747462059876
1420,0.1861,0,3,0,72982,603462,2852,123404,4.779669877075149,0.1697754469186893
1421,0.1862,0,10,0,72992,603452,2852,123404,4.7795906729185145,0.1697777826694696
1422,0.1863,2,20,2,73012,603432,2854,123402,4.779432264605246,0.16978016988748462
1423,0.1864,0,7,0,73019,603425,2854,123402,4.779376821695602,0.16978180502375392
1424,0.1865,1,21,1,73040,603404,2855,123401,4.779210492966671,0.169785568343641
1425,0.1866,0,1,0,73041,603403,2855,123401,4.779202572551007,0.16978580194935636
1426,0.1867,21,518,21,73559,602885,2876,123380,4.775099797237359,0.16988289398497794
1427,0.1868,3,15,3,73574,602870,2879,123377,4.7749809910024075,0.16988297369903077
1428,0.1869,0,4,0,73578,602866,2879,123377,4.774949309339754,0.16988390938019368
1429,0.187,3,40,3,73618,602826,2882,123374,4.774632492713217,0.16988983751032774
1430,0.1871,0,10,0,73628,602816,2882,123374,4.774553288556583,0.1698921769784767
1431,0.1872,0,4,0,73632,602812,2882,123374,4.77452160689393,0.16989311278377717
1432,0.1873,2,30,2,73662,602782,2884,123372,4.774283994424027,0.169897845360626
1433,0.1874,0,5,0,73667,602777,2884,123372,4.77424439234571,0.16989901521588543
1434,0.1875,22,259,22,73926,602518,2906,123350,4.772193004688886,0.16993447844511675
1435,0.1876,0,2,0,73928,602516,2906,123350,4.77217716385756,0.1699349466705976
1436,0.1877,0,21,0,73949,602495,2906,123350,4.7720108351286274,0.1699398631939326
1437,0.1878,0,10,0,73959,602485,2906,123350,4.771931630971993,0.16994220449551206
1438,0.1879,0,5,0,73964,602480,2906,123350,4.771892028893676,0.16994337517049446
1439,0.188,3,50,3,74014,602430,2909,123347,4.771496008110506,0.1699516518159159
1440,0.1881,0,1,0,74015,602429,2909,123347,4.771488087694842,0.1699518859813496
1441,0.1882,1,11,1,74026,602418,2910,123346,4.771400963122544,0.16995331815851986
1442,0.1883,14,241,14,74267,602177,2924,123332,4.769492142947662,0.1699937561077809
1443,0.1884,0,2,0,74269,602175,2924,123332,4.769476302116335,0.16999422472836237
1444,0.1885,0,20,0,74289,602155,2924,123332,4.769317893803067,0.16999891107628393
1445,0.1886,0,5,0,74294,602150,2924,123332,4.76927829172475,0.17000008270363703
1446,0.1887,1,26,1,74320,602124,2925,123331,4.769072360917501,0.17000503132516834
1447,0.1888,0,9,0,74329,602115,2925,123331,4.76900107717653,0.17000714043498757
1448,0.1889,0,3,0,74332,602112,2925,123331,4.76897731592954,0.17000784348322334
1449,0.189,3,40,3,74372,602072,2928,123328,4.768660499303003,0.17001378549765647
1450,0.1891,0,3,0,74375,602069,2928,123328,4.7686367380560135,0.1700144886179568
1451,0.1892,5,68,5,74443,602001,2933,123323,4.768098149790901,0.1700247062002636
1452,0.1893,4,30,4,74473,601971,2937,123319,4.767860537320999,0.17002716154917344
1453,0.1894,0,5,0,74478,601966,2937,123319,4.767820935242682,0.17002833368951514
1454,0.1895,1,27,1,74505,601939,2938,123318,4.76760708401977,0.1700335191525211
1455,0.1896,0,5,0,74510,601934,2938,123318,4.767567481941453,0.1700346913900272
1456,0.1897,0,12,0,74522,601922,2938,123318,4.767472436953491,0.17003750482598864
1457,0.1898,1,13,1,74535,601909,2939,123317,4.767369471549867,0.17003940840510406
1458,0.1899,0,2,0,74537,601907,2939,123317,4.7673536307185405,0.17003987733445114
1459,0.19,178,3731,178,78268,598176,3117,123139,4.737802559878342,0.1707145976445797
1460,0.1901,0,3,0,78271,598173,3117,123139,4.737778798631352,0.17071530766159443
1461,0.1902,0,7,0,78278,598166,3117,123139,4.737723355721708,0.17071696439093031
1462,0.1903,1,15,1,78293,598151,3118,123138,4.737604549486757,0.17071936491475678
1463,0.1904,1,4,1,78297,598147,3119,123137,4.737572867824103,0.1707191619389866
1464,0.1905,1,13,1,78310,598134,3120,123136,4.737469902420479,0.17072108918990114
1465,0.1906,0,1,0,78311,598133,3120,123136,4.737461982004816,0.1707213258853493
1466,0.1907,1,38,1,78349,598095,3121,123135,4.737161006209606,0.17072917099954243
1467,0.1908,3,66,3,78415,598029,3124,123132,4.7366382587758205,0.17074134624584525
1468,0.1909,2,7,2,78422,598022,3126,123130,4.736582815866177,0.1707407037628683
1469,0.191,4,51,4,78473,597971,3130,123126,4.736178874667343,0.17074817950983015
1470,0.1911,0,7,0,78480,597964,3130,123126,4.736123431757699,0.17074983705224037
1471,0.1912,1,20,1,78500,597944,3131,123125,4.735965023444431,0.1707534230427324
1472,0.1913,0,13,0,78513,597931,3131,123125,4.735862058040806,0.1707565015754671
1473,0.1914,0,11,0,78524,597920,3131,123125,4.735774933468509,0.17075910657448565
1474,0.1915,0,12,0,78536,597908,3131,123125,4.735679888480547,0.170761948482247
1475,0.1916,0,2,0,78538,597906,3131,123125,4.73566404764922,0.17076242214273726
1476,0.1917,16,263,16,78801,597643,3147,123109,4.7335809783297425,0.17080632450551647
1477,0.1918,2,24,2,78825,597619,3149,123107,4.733390888353821,0.17080971131886458
1478,0.1919,0,4,0,78829,597615,3149,123107,4.733359206691167,0.17081065931107972
1479,0.192,4,78,4,78907,597537,3153,123103,4.732741414269421,0.1708245448490231
1480,0.1921,0,12,0,78919,597525,3153,123103,4.7326463692814595,0.17082738944365192
1481,0.1922,3,7,3,78926,597518,3156,123100,4.732590926371816,0.17082559691820076
1482,0.1923,0,17,0,78943,597501,3156,123100,4.732456279305538,0.17082962693640447
1483,0.1924,1,2,1,78945,597499,3157,123099,4.732440438474211,0.17082895039952928
1484,0.1925,12,261,12,79206,597238,3169,123087,4.73037320998606,0.1708770346718495
1485,0.1926,0,10,0,79216,597228,3169,123087,4.730294005829426,0.17087940692613648
1486,0.1927,1,23,1,79239,597205,3170,123086,4.730111836269168,0.17088371227739899
1487,0.1928,1,7,1,79246,597198,3171,123085,4.730056393359524,0.17088422189611582
1488,0.1929,1,13,1,79259,597185,3172,123084,4.729953427955899,0.17088615503374432
1489,0.193,2,37,2,79296,597148,3174,123082,4.729660372576353,0.1708926315204865
1490,0.1931,0,3,0,79299,597145,3174,123082,4.729636611329362,0.17089334334869424
1491,0.1932,1,9,1,79308,597136,3175,123081,4.729565327588392,0.1708943276817959
1492,0.1933,37,529,37,79837,596607,3212,123044,4.725375427702446,0.1709773209514056
1493,0.1934,0,1,0,79838,596606,3212,123044,4.725367507286783,0.17097755853539914
1494,0.1935,1,27,1,79865,596579,3213,123043,4.7251536560638705,0.1709828215368624
1495,0.1936,0,3,0,79868,596576,3213,123043,4.72512989481688,0.17098353434247845
1496,0.1937,1,12,1,79880,596564,3214,123042,4.725034849828919,0.17098523358615686
1497,0.1938,0,14,0,79894,596550,3214,123042,4.724923964009632,0.17098856018410433
1498,0.1939,2,6,2,79900,596544,3216,123040,4.724876441515651,0.1709876817716903
1499,0.194,7,117,7,80017,596427,3223,123033,4.723949752883032,0.17100742223334167
1500,0.1941,0,1,0,80018,596426,3223,123033,4.723941832467368,0.17100765992224715
1501,0.1942,3,69,3,80087,596357,3226,123030,4.723395323786592,0.1710206050429046
1502,0.1943,0,29,0,80116,596328,3226,123030,4.723165631732353,0.1710274995204057
1503,0.1944,0,2,0,80118,596326,3226,123030,4.723149790901027,0.1710279750221031
1504,0.1945,3,15,3,80133,596311,3229,123027,4.723030984666075,0.17102808415515378
1505,0.1946,0,9,0,80142,596302,3229,123027,4.722959700925105,0.17103022400042261
1506,0.1947,1,28,1,80170,596274,3230,123026,4.722737929286529,0.17103572918114834
1507,0.1948,5,10,5,80180,596264,3235,123021,4.722658725129895,0.17103234462000458
1508,0.195,58,1133,58,81313,595131,3293,122963,4.713684894183246,0.1712352421827783
1509,0.1952,1,11,1,81324,595120,3294,122962,4.713597769610949,0.1712367111276985
1510,0.1953,1,30,1,81354,595090,3295,122961,4.713360157141047,0.1712427111723262
1511,0.1954,0,5,0,81359,595085,3295,122961,4.7133205550627295,0.17124390359392017
1512,0.1955,1,14,1,81373,595071,3296,122960,4.713209669243442,0.17124608826081325
1513,0.1956,1,8,1,81381,595063,3297,122959,4.713146305918134,0.17124684201876822
1514,0.1957,3,20,3,81401,595043,3300,122956,4.712987897604866,0.17124814937068158
1515,0.1958,3,74,3,81475,594969,3303,122953,4.712401786845773,0.1712623376912812
1516,0.1959,0,1,0,81476,594968,3303,122953,4.71239386643011,0.17126257624446145
1517,0.196,6,88,6,81564,594880,3309,122947,4.71169686985173,0.17127664465114853
1518,0.1961,0,6,0,81570,594874,3309,122947,4.711649347357749,0.17127807628921415
1519,0.1962,0,24,0,81594,594850,3309,122947,4.7114592573818275,0.17128380308081534
1520,0.1963,2,23,2,81617,594827,3311,122945,4.711277087821569,0.17128698249583432
1521,0.1964,2,10,2,81627,594817,3313,122943,4.711197883664934,0.17128705974141775
1522,0.1965,3,27,3,81654,594790,3316,122940,4.710984032442022,0.17129003942986917
1523,0.1966,2,5,2,81659,594785,3318,122938,4.710944430363705,0.1712889234426095
1524,0.1967,34,550,34,82209,594235,3352,122904,4.706588201748827,0.17138100145160143
1525,0.1968,0,7,0,82216,594228,3352,122904,4.706532758839184,0.17138267431937215
1526,0.1969,2,2,2,82218,594226,3354,122902,4.706516918007857,0.1713808413560759
1527,0.197,3,41,3,82259,594185,3357,122899,4.706192180965657,0.17138717360867067
1528,0.1971,3,14,3,82273,594171,3360,122896,4.706081295146369,0.17138705309266777
1529,0.1972,3,10,3,82283,594161,3363,122893,4.7060020909897355,0.17138597650944
1530,0.1973,1,30,1,82313,594131,3364,122892,4.705764478519833,0.1713919916097531
1531,0.1974,0,6,0,82319,594125,3364,122892,4.705716956025852,0.17139342581835576
1532,0.1975,19,263,19,82582,593862,3383,122873,4.703633886706374,0.171434351608335
1533,0.1976,0,6,0,82588,593856,3383,122873,4.703586364212394,0.17143578674785032
1534,0.1977,1,23,1,82611,593833,3384,122872,4.703404194652135,0.17144013227199476
1535,0.1978,1,23,1,82634,593810,3385,122871,4.703222025091877,0.17144447808718244
1536,0.1979,0,2,0,82636,593808,3385,122871,4.70320618426055,0.1714449565286551
1537,0.198,5,77,5,82713,593731,3390,122866,4.702596312254467,0.17145759750599013
1538,0.1981,2,3,2,82716,593728,3392,122864,4.702572551007477,0.1714560028579722
1539,0.1982,2,17,2,82733,593711,3394,122862,4.702437903941199,0.17145775796743667
1540,0.1983,14,271,14,83004,593440,3408,122848,4.7002914712964134,0.17150643316654754
1541,0.1985,1,19,1,83023,593421,3409,122847,4.700140983398809,0.17150982593107608
1542,0.1986,3,9,3,83032,593412,3412,122844,4.700069699657838,0.1715085109234687
1543,0.1987,3,33,3,83065,593379,3415,122841,4.699808325940945,0.17151294295049008
1544,0.1988,0,12,0,83077,593367,3415,122841,4.6997132809529845,0.17151581663427384
1545,0.1989,2,11,2,83088,593356,3417,122839,4.6996261563806865,0.17151613736482382
1546,0.199,1,57,1,83145,593299,3418,122838,4.699174692687873,0.17152863209134564
1547,0.1992,3,73,3,83218,593226,3421,122835,4.698596502344443,0.17154264790290213
1548,0.1993,3,41,3,83259,593185,3424,122832,4.698271765302243,0.17154899953492725
1549,0.1994,0,1,0,83260,593184,3424,122832,4.698263844886579,0.1715492391231481
1550,0.1995,0,24,0,83284,593160,3424,122832,4.6980737549106575,0.1715549894412228
1551,0.1996,0,2,0,83286,593158,3424,122832,4.698057914079331,0.1715554686517968
1552,0.1997,2,21,2,83307,593137,3426,122830,4.6978915853503995,0.17155818634099057
1553,0.1998,2,8,2,83315,593129,3428,122828,4.697828222025092,0.1715577890850987
1554,0.1999,0,8,0,83323,593121,3428,122828,4.697764858699784,0.171559706068449
1555,0.2,172,3919,172,87242,589202,3600,122656,4.666724749714865,0.17230402692671853
1556,0.2001,1,1,1,87243,589201,3601,122655,4.666716829299202,0.1723031062462071
1557,0.2002,1,8,1,87251,589193,3602,122654,4.666653465973894,0.17230387990677773
1558,0.2003,3,22,3,87273,589171,3605,122651,4.666479216829299,0.17230571687865787
1559,0.2004,0,6,0,87279,589165,3605,122651,4.666431694335318,0.17230716926846262
1560,0.2005,1,14,1,87293,589151,3606,122650,4.666320808516031,0.1723093954630578
1561,0.2006,1,4,1,87297,589147,3607,122649,4.6662891268533775,0.17230920095083424
1562,0.2007,0,34,0,87331,589113,3607,122649,4.6660198327208215,0.17231743195056776
1563,0.2008,7,88,7,87419,589025,3614,122642,4.66532283614244,0.17233059844000073
1564,0.2009,0,2,0,87421,589023,3614,122642,4.665306995311114,0.17233108274258255
1565,0.201,1,56,1,87477,588967,3615,122641,4.664863452033963,0.1723434812424818
1566,0.2011,0,12,0,87489,588955,3615,122641,4.664768407046002,0.1723463875569846
1567,0.2012,1,8,1,87497,588947,3616,122640,4.664705043720694,0.17234716204764844
1568,0.2013,2,38,2,87535,588909,3618,122638,4.664404067925485,0.1723540398596298
1569,0.2014,1,5,1,87540,588904,3619,122637,4.664364465847168,0.17235408781784886
1570,0.2015,1,20,1,87560,588884,3620,122636,4.6642060575338995,0.17235776928266247
1571,0.2016,0,1,0,87561,588883,3620,122636,4.664198137118236,0.17235801152182864
1572,0.2017,19,265,19,87826,588618,3639,122617,4.662099226967431,0.17240012091643409
1573,0.2018,0,15,0,87841,588603,3639,122617,4.66198042073248,0.1724037569247209
1574,0.2019,0,5,0,87846,588598,3639,122617,4.661940818654163,0.17240496896156576
1575,0.202,2,79,2,87925,588519,3641,122615,4.661315105816754,0.1724217939235081
1576,0.2021,0,11,0,87936,588508,3641,122615,4.661227981244456,0.17242446102854217
1577,0.2022,0,11,0,87947,588497,3641,122615,4.661140856672158,0.17242712821608974
1578,0.2023,0,29,0,87976,588468,3641,122615,4.660911164617919,0.17243416028789887
1579,0.2024,1,4,1,87980,588464,3642,122614,4.6608794829552656,0.17243396645656314
1580,0.2025,15,285,15,88265,588179,3657,122599,4.6586221644911925,0.1724856424931554
1581,0.2026,0,5,0,88270,588174,3657,122599,4.658582562412875,0.17248685585974707
1582,0.2027,3,35,3,88305,588139,3660,122596,4.658305347864656,0.17249185702125264
1583,0.2028,0,4,0,88309,588135,3660,122596,4.658273666202002,0.17249282780686365
1584,0.2029,2,11,2,88320,588124,3662,122594,4.658186541629704,0.17249316887992144
1585,0.203,4,33,4,88353,588091,3666,122590,4.657925167912812,0.17249652094258888
1586,0.2031,0,1,0,88354,588090,3666,122590,4.657917247497148,0.17249676366297068
1587,0.2032,0,11,0,88365,588079,3666,122590,4.657830122924851,0.17249943363225356
1588,0.2033,36,540,36,88905,587539,3702,122554,4.653553098466608,0.17258866092187924
1589,0.2034,0,2,0,88907,587537,3702,122554,4.653537257635281,0.17258914702481795
1590,0.2035,0,18,0,88925,587519,3702,122554,4.653394690153339,0.17259352207449094
1591,0.2036,0,2,0,88927,587517,3702,122554,4.653378849322013,0.17259400820481333
1592,0.2037,3,16,3,88943,587501,3705,122551,4.653252122671398,0.17259440153678884
1593,0.2038,1,12,1,88955,587489,3706,122550,4.653157077683437,0.17259615316905128
1594,0.2039,0,4,0,88959,587485,3706,122550,4.6531253960207835,0.17259712549381367
1595,0.204,7,97,7,89056,587388,3713,122543,4.652357115701432,0.17261254967032008
1596,0.2041,0,7,0,89063,587381,3713,122543,4.652301672791788,0.17261425166637556
1597,0.2042,5,88,5,89151,587293,3718,122538,4.651604676213408,0.17262982315508904
1598,0.2043,3,32,3,89183,587261,3721,122535,4.6513512229121785,0.1726341089552491
1599,0.2044,0,4,0,89187,587257,3721,122535,4.651319541249525,0.1726350818267887
1600,0.2045,4,17,4,89204,587240,3725,122531,4.651184894183246,0.17263455396177077
1601,0.2046,0,3,0,89207,587237,3725,122531,4.651161132936257,0.17263528364197878
1602,0.2047,0,26,0,89233,587211,3725,122531,4.6509552021290075,0.1726416077955088
1603,0.2048,0,17,0,89250,587194,3725,122531,4.6508205550627295,0.17264574306949876
1604,0.2049,1,1,1,89251,587193,3726,122530,4.650812634647067,0.17264482058493244
1605,0.205,54,1169,54,90420,586024,3780,122476,4.6415536687365355,0.1728666196189132
1606,0.2051,0,5,0,90425,586019,3780,122476,4.641514066658218,0.17286783957543808
1607,0.2052,2,10,2,90435,586009,3782,122474,4.641434862501584,0.1728679446084098
1608,0.2053,1,38,1,90473,585971,3783,122473,4.641133886706374,0.17287604948309251
1609,0.2054,0,3,0,90476,585968,3783,122473,4.6411101254593845,0.1728767815527334
1610,0.2055,2,16,2,90492,585952,3785,122471,4.640983398808769,0.17287835092875303
1611,0.2056,0,3,0,90495,585949,3785,122471,4.640959637561779,0.17287908302984106
1612,0.2057,0,40,0,90535,585909,3785,122471,4.640642820935243,0.17288884497021373
1613,0.2058,6,85,6,90620,585824,3791,122465,4.639969585603852,0.17290258637364128
1614,0.206,3,118,3,90738,585706,3794,122462,4.639034976555569,0.17292789281639384
1615,0.2061,0,2,0,90740,585704,3794,122462,4.639019135724243,0.17292838119875847
1616,0.2062,1,31,1,90771,585673,3795,122461,4.638773602838677,0.17293478352967093
1617,0.2063,2,10,2,90781,585663,3797,122459,4.638694398682043,0.1729348897506362
1618,0.2064,0,12,0,90793,585651,3797,122459,4.638599353694082,0.17293782039513636
1619,0.2065,1,16,1,90809,585635,3798,122458,4.638472627043467,0.17294056006767472
1620,0.2066,1,9,1,90818,585626,3799,122457,4.638401343302497,0.17294159018081215
1621,0.2067,29,574,29,91392,585052,3828,122428,4.633855024711697,0.17304800135692883
1622,0.2068,0,11,0,91403,585041,3828,122428,4.633767900139399,0.1730506919737826
1623,0.2069,2,7,2,91410,585034,3830,122426,4.633712457229755,0.17305006643485144
1624,0.207,3,39,3,91449,584995,3833,122423,4.633403561018882,0.17305609978824402
1625,0.2071,4,16,4,91465,584979,3837,122419,4.633276834368267,0.17305533801339557
1626,0.2072,1,15,1,91480,584964,3838,122418,4.633158028133316,0.17305783862184787
1627,0.2073,4,28,4,91508,584936,3842,122414,4.632936256494741,0.17306001272354563
1628,0.2074,0,6,0,91514,584930,3842,122414,4.63288873400076,0.17306148069397634
1629,0.2075,15,266,15,91780,584664,3857,122399,4.6307819034342925,0.1731090440314371
1630,0.2076,0,4,0,91784,584660,3857,122399,4.630750221771638,0.17311002335024375
1631,0.2077,1,27,1,91811,584633,3858,122398,4.630536370548726,0.1731154645270151
1632,0.2078,0,8,0,91819,584625,3858,122398,4.6304730072234195,0.173117423337006
1633,0.2079,1,13,1,91832,584612,3859,122397,4.630370041819795,0.17311943695200485
1634,0.208,4,62,4,91894,584550,3863,122393,4.629878976048663,0.17312994116923147
1635,0.2081,0,4,0,91898,584546,3863,122393,4.62984729438601,0.1731309207725136
1636,0.2082,1,26,1,91924,584520,3864,122392,4.62964136357876,0.1731361187814042
1637,0.2083,25,266,25,92190,584254,3889,122367,4.627534533012293,0.17317203989125712
1638,0.2084,0,5,0,92195,584249,3889,122367,4.627494930933976,0.1731732652529804
1639,0.2085,1,20,1,92215,584229,3890,122366,4.627336522620707,0.17317699672372433
1640,0.2086,0,9,0,92224,584220,3890,122366,4.627265238879737,0.17317920253160973
1641,0.2087,3,33,3,92257,584187,3893,122363,4.627003865162844,0.17318378034109405
1642,0.2088,3,13,3,92270,584174,3896,122360,4.626900899759219,0.1731834561394073
1643,0.2089,2,4,2,92274,584170,3898,122358,4.626869218096566,0.17318209610942525
1644,0.209,5,50,5,92324,584120,3903,122353,4.626473197313395,0.17318850118829737
1645,0.2091,0,2,0,92326,584118,3903,122353,4.626457356482068,0.17318899148018815
1646,0.2092,11,93,11,92419,584025,3914,122342,4.625720757825371,0.17319891784299096
1647,0.2093,0,47,0,92466,583978,3914,122342,4.62534849828919,0.1732104428587609
1648,0.2094,1,3,1,92469,583975,3915,122341,4.6253247370422,0.17321000798509448
1649,0.2095,2,19,2,92488,583956,3917,122339,4.625174249144595,0.17321232629425382
1650,0.2096,1,3,1,92491,583953,3918,122338,4.625150487897605,0.17321189141586116
1651,0.2097,2,13,2,92504,583940,3920,122336,4.625047522493981,0.1732127383629063
1652,0.2098,1,15,1,92519,583925,3921,122335,4.62492871625903,0.17321524650978393
1653,0.2099,0,4,0,92523,583921,3921,122335,4.624897034596375,0.17321622754355362
1654,0.21,199,4040,199,96563,579881,4120,122136,4.592898555316183,0.17397869282367806
1655,0.2101,0,6,0,96569,579875,4120,122136,4.592851032822202,0.17398017979775246
1656,0.2102,0,14,0,96583,579861,4120,122136,4.592740147002915,0.17398364950277564
1657,0.2103,3,26,3,96609,579835,4123,122133,4.592534216195666,0.17398656349007363
1658,0.2104,1,7,1,96616,579828,4124,122132,4.592478773286022,0.17398712177332043
1659,0.2105,0,16,0,96632,579812,4124,122132,4.5923520466354075,0.1739910876081283
1660,0.2106,0,5,0,96637,579807,4124,122132,4.59231244455709,0.17399232696858274
1661,0.2107,2,34,2,96671,579773,4126,122130,4.5920431504245345,0.17399840148852477
1662,0.2108,6,90,6,96761,579683,4132,122124,4.591330313014827,0.17401365332634186
1663,0.2109,0,4,0,96765,579679,4132,122124,4.591298631352173,0.17401464513545825
1664,0.211,7,61,7,96826,579618,4139,122117,4.590815485996705,0.17402153234483103
1665,0.2111,0,3,0,96829,579615,4139,122117,4.590791724749715,0.17402227631061432
1666,0.2112,1,22,1,96851,579593,4140,122116,4.59061747560512,0.17402655516745547
1667,0.2113,0,23,0,96874,579570,4140,122116,4.590435306044861,0.17403225944368278
1668,0.2114,1,12,1,96886,579558,4141,122115,4.5903402610569,0.17403405859994614
1669,0.2115,1,27,1,96913,579531,4142,122114,4.590126409833988,0.1740395784192861
1670,0.2116,0,4,0,96917,579527,4142,122114,4.5900947281713345,0.17404057060519554
1671,0.2117,16,258,16,97175,579269,4158,122098,4.588051260930174,0.1740857496859704
1672,0.2118,1,12,1,97187,579257,4159,122097,4.587956215942213,0.17408755065202453
1673,0.2119,2,5,2,97192,579252,4161,122095,4.587916613863896,0.17408643652856576
1674,0.212,2,65,2,97257,579187,4163,122093,4.587401786845773,0.17410021674652065
1675,0.2121,1,13,1,97270,579174,4164,122092,4.5872988214421495,0.17410226647235144
1676,0.2122,2,12,2,97282,579162,4166,122090,4.587203776454189,0.17410289025913653
1677,0.2123,0,29,0,97311,579133,4166,122090,4.586974084399949,0.17411009051328893
1678,0.2124,0,3,0,97314,579130,4166,122090,4.586950323152959,0.174110835401158
1679,0.2125,13,319,13,97633,578811,4179,122077,4.58442371055633,0.17417476116012828
1680,0.2126,0,5,0,97638,578806,4179,122077,4.584384108478013,0.17417600369819214
1681,0.2127,4,33,4,97671,578773,4183,122073,4.58412273476112,0.17417949164295723
1682,0.2128,2,3,2,97674,578770,4185,122071,4.58409897351413,0.1741778805749093
1683,0.2129,0,16,0,97690,578754,4185,122071,4.583972246863516,0.17418185709699283
1684,0.213,4,32,4,97722,578722,4189,122067,4.583718793562286,0.17418509708343025
1685,0.2131,0,3,0,97725,578719,4189,122067,4.583695032315296,0.174185842753708
1686,0.2132,1,14,1,97739,578705,4190,122066,4.583584146496008,0.1741881442011727
1687,0.2133,44,603,44,98342,578102,4234,122022,4.578808135850969,0.17428626928944016
1688,0.2134,0,1,0,98343,578101,4234,122022,4.578800215435306,0.17428651822608313
1689,0.2135,0,17,0,98360,578084,4234,122022,4.578665568369028,0.1742907502578181
1690,0.2136,0,6,0,98366,578078,4234,122022,4.578618045875047,0.17429224396514784
1691,0.2137,0,18,0,98384,578060,4234,122022,4.578475478393106,0.1742967252407575
1692,0.2138,2,20,2,98404,578040,4236,122020,4.578317070079838,0.17429934577036255
1693,0.2139,0,7,0,98411,578033,4236,122020,4.5782616271701935,0.17430108863186072
1694,0.214,7,105,7,98516,577928,4243,122013,4.577429983525535,0.17431897831388646
1695,0.2141,0,1,0,98517,577927,4243,122013,4.577422063109872,0.17431922736234534
1696,0.2142,2,111,2,98628,577816,4245,122011,4.576542896971233,0.1743445165733817
1697,0.2143,3,43,3,98671,577773,4248,122008,4.576202319097706,0.17435169002873757
1698,0.2144,0,4,0,98675,577769,4248,122008,4.576170637435053,0.17435268664160153
1699,0.2145,0,22,0,98697,577747,4248,122008,4.5759963882904575,0.17435816821601846
1700,0.2146,0,5,0,98702,577742,4248,122008,4.57595678621214,0.1743594140764559
1701,0.2147,1,21,1,98723,577721,4249,122007,4.575790457483209,0.1743634669471566
1702,0.2148,0,10,0,98733,577711,4249,122007,4.575711253326575,0.17436595885771125
1703,0.2149,0,6,0,98739,577705,4249,122007,4.575663730832594,0.17436745403823287
1704,0.215,74,1187,74,99926,576518,4323,121933,4.566262197440122,0.17457631243995642
1705,0.2151,0,7,0,99933,576511,4323,121933,4.566206754530477,0.17457806209230806
1706,0.2152,1,14,1,99947,576497,4324,121932,4.56609586871119,0.17458037968068335
1707,0.2153,0,23,0,99970,576474,4324,121932,4.565913699150931,0.17458612898514617
1708,0.2154,1,4,1,99974,576470,4325,121931,4.565882017488278,0.17458594704188568
1709,0.2155,2,12,2,99986,576458,4327,121929,4.565786972500317,0.17458658308359118
1710,0.2156,0,6,0,99992,576452,4327,121929,4.565739450006336,0.17458808300913112
1711,0.2157,0,36,0,100028,576416,4327,121929,4.565454315042453,0.17459708310362357
1712,0.2158,5,91,5,100119,576325,4332,121924,4.564733557217083,0.17461392712341872
1713,0.2159,0,3,0,100122,576322,4332,121924,4.564709795970092,0.1746146773486708
1714,0.216,5,116,5,100238,576206,4337,121919,4.563791027753137,0.17463777976723366
1715,0.2161,2,4,2,100242,576202,4339,121917,4.563759346090483,0.17463641585460357
1716,0.2162,1,20,1,100262,576182,4340,121916,4.563600937777214,0.1746402367575899
1717,0.2163,2,14,2,100276,576168,4342,121914,4.563490051957927,0.17464137450901185
1718,0.2164,1,7,1,100283,576161,4343,121913,4.563434609048283,0.1746419434042809
1719,0.2165,2,21,2,100304,576140,4345,121911,4.563268280319351,0.17464483254088883
1720,0.2166,0,4,0,100308,576136,4345,121911,4.563236598656697,0.17464583330348815
1721,0.2167,26,569,26,100877,575567,4371,121885,4.558729882144215,0.17475754603901056
1722,0.2168,0,22,0,100899,575545,4371,121885,4.55855563299962,0.1747630586582166
1723,0.2169,1,4,1,100903,575541,4372,121884,4.558523951336966,0.17476287772878804
1724,0.217,3,44,3,100947,575497,4375,121881,4.558175453047776,0.17477035409777766
1725,0.2171,1,14,1,100961,575483,4376,121880,4.558064567228488,0.17477267936497923
1726,0.2172,2,3,2,100964,575480,4378,121878,4.558040805981498,0.17477106450345448
1727,0.2173,3,29,3,100993,575451,4381,121875,4.557811113927259,0.17477478252639367
1728,0.2174,1,9,1,101002,575442,4382,121874,4.557739830186288,0.1747758548491645
1729,0.2175,21,313,21,101315,575129,4403,121853,4.555260740083639,0.17482947909702115
1730,0.2176,0,9,0,101324,575120,4403,121853,4.555189456342669,0.1748317366669871
1731,0.2177,0,28,0,101352,575092,4403,121853,4.554967684704093,0.17483876059086442
1732,0.2178,0,17,0,101369,575075,4403,121853,4.554833037637815,0.17484302539143212
1733,0.2179,0,17,0,101386,575058,4403,121853,4.554698390571537,0.17484729040006544
1734,0.218,3,63,3,101449,574995,4406,121850,4.554199404384742,0.17485954552303598
1735,0.2181,1,8,1,101457,574987,4407,121849,4.554136041059435,0.1748603688672801
1736,0.2182,1,14,1,101471,574973,4408,121848,4.554025155240147,0.17486269788080439
1737,0.2183,22,310,22,101781,574663,4430,121826,4.551569826384489,0.17491446383216389
1738,0.2184,0,3,0,101784,574660,4430,121826,4.551546065137498,0.17491521724772643
1739,0.2185,0,28,0,101812,574632,4430,121826,4.551324293498923,0.17492224943930573
1740,0.2186,1,5,1,101817,574627,4431,121825,4.551284691420606,0.1749223205619339
1741,0.2187,0,22,0,101839,574605,4431,121825,4.551110442276011,0.17492784630185373
1742,0.2188,2,23,2,101862,574582,4433,121823,4.550928272715752,0.17493125408347154
1743,0.2189,0,8,0,101870,574574,4433,121823,4.5508649093904445,0.17493326364128506
1744,0.219,7,76,7,101946,574498,4440,121816,4.550262957800025,0.1749440625924511
1745,0.2191,0,6,0,101952,574492,4440,121816,4.550215435306045,0.17494557006382233
1746,0.2192,11,103,11,102055,574389,4451,121805,4.5493996324927135,0.1749584167631436
1747,0.2193,3,38,3,102093,574351,4454,121802,4.549098656697503,0.1749644115589533
1748,0.2194,0,5,0,102098,574346,4454,121802,4.549059054619186,0.17496566821997622
1749,0.2195,1,23,1,102121,574323,4455,121801,4.548876885058928,0.1749702639184973
1750,0.2196,0,12,0,102133,574311,4455,121801,4.5487818400709665,0.17497328016181304
1751,0.2197,1,20,1,102153,574291,4456,121800,4.548623431757699,0.1749771222440744
1752,0.2198,4,15,4,102168,574276,4460,121796,4.548504625522748,0.17497615189233298
1753,0.2199,1,2,1,102170,574274,4461,121795,4.548488784691421,0.1749754693859373
1754,0.22,202,4224,202,106394,570050,4663,121593,4.51503294892916,0.17580312386592506
1755,0.2201,0,5,0,106399,570045,4663,121593,4.514993346850843,0.17580439478455492
1756,0.2202,3,16,3,106415,570029,4666,121590,4.514866620200228,0.175804886794608
1757,0.2203,2,20,2,106435,570009,4668,121588,4.51470821188696,0.17580758736663116
1758,0.2204,0,9,0,106444,570000,4668,121588,4.514636928145989,0.17580987524364217
1759,0.2205,0,23,0,106467,569977,4668,121588,4.514454758585731,0.1758157223109903
1760,0.2206,0,4,0,106471,569973,4668,121588,4.514423076923077,0.17581673923196942
1761,0.2207,3,41,3,106512,569932,4671,121585,4.514098339880877,0.1758235878510579
1762,0.2208,10,99,10,106611,569833,4681,121575,4.513314218730199,0.17583684307962882
1763,0.2209,0,2,0,106613,569831,4681,121575,4.513298377898872,0.17583735171520062
1764,0.221,8,45,8,106658,569786,4689,121567,4.512941959194018,0.17583926011747977
1765,0.2211,1,11,1,106669,569775,4690,121566,4.512854834621721,0.17584086579560593
1766,0.2212,3,26,3,106695,569749,4693,121563,4.512648903814473,0.17584390260837365
1767,0.2213,3,28,3,106723,569721,4696,121560,4.512427132175897,0.17584744843269234
1768,0.2214,1,12,1,106735,569709,4697,121559,4.512332087187936,0.1758493088064253
1769,0.2215,2,31,2,106766,569678,4699,121557,4.512086554302369,0.1758548105926349
1770,0.2216,0,1,0,106767,569677,4699,121557,4.5120786338867065,0.1758550649996962
1771,0.2217,21,308,21,107075,569369,4720,121536,4.509639145862375,0.17590840998400648
1772,0.2218,1,16,1,107091,569353,4721,121535,4.50951241921176,0.17591129097625086
1773,0.2219,0,2,0,107093,569351,4721,121535,4.509496578380434,0.17591180021016492
1774,0.222,3,96,3,107189,569255,4724,121532,4.508736218476746,0.17593266810174482
1775,0.2221,2,9,2,107198,569246,4726,121530,4.508664934735775,0.17593257438011745
1776,0.2222,0,9,0,107207,569237,4726,121530,4.508593650994804,0.17593486660480306
1777,0.2223,0,11,0,107218,569226,4726,121530,4.508506526422507,0.17593766829386934
1778,0.2224,1,5,1,107223,569221,4727,121529,4.50846692434419,0.1759377488237423
1779,0.2225,27,319,27,107542,568902,4754,121502,4.505940311747561,0.17598681351788228
1780,0.2226,1,6,1,107548,568896,4755,121501,4.50589278925358,0.17598714942272345
1781,0.2227,4,30,4,107578,568866,4759,121497,4.505655176783677,0.17599002264026317
1782,0.2228,0,8,0,107586,568858,4759,121497,4.50559181345837,0.17599206205502965
1783,0.2229,0,35,0,107621,568823,4759,121497,4.505314598910151,0.1760009850504114
1784,0.223,3,40,3,107661,568783,4762,121494,4.504997782283614,0.17600760274498498
1785,0.2231,0,4,0,107665,568779,4762,121494,4.504966100620961,0.17600862267537626
1786,0.2232,0,24,0,107689,568755,4762,121494,4.504776010645038,0.17601474250596524
1787,0.2233,39,624,39,108313,568131,4801,121455,4.499833671271069,0.17612741557978265
1788,0.2234,0,1,0,108314,568130,4801,121455,4.499825750855405,0.1761276709905233
1789,0.2235,1,9,1,108323,568121,4802,121454,4.4997544671144345,0.17612877497009027
1790,0.2236,0,1,0,108324,568120,4802,121454,4.499746546698771,0.17612903038687652
1791,0.2237,5,22,5,108346,568098,4807,121449,4.499572297554176,0.17612867578279653
1792,0.2238,3,21,3,108367,568077,4810,121446,4.499405968825244,0.17613045540177774
1793,0.2239,1,6,1,108373,568071,4811,121445,4.4993584463312635,0.17613079319406658
1794,0.224,7,116,7,108489,567955,4818,121438,4.498439678114307,0.17615206420720836
1795,0.2241,0,2,0,108491,567953,4818,121438,4.498423837282981,0.1761525752439472
1796,0.2242,7,92,7,108583,567861,4825,121431,4.497695159041947,0.17616771992131056
1797,0.2243,4,43,4,108626,567818,4829,121427,4.49735458116842,0.17617392944453714
1798,0.2244,0,7,0,108633,567811,4829,121427,4.497299138258776,0.17617571869223694
1799,0.2245,1,22,1,108655,567789,4830,121426,4.497124889114181,0.17618014697880924
1800,0.2246,0,12,0,108667,567777,4830,121426,4.49702984412622,0.17618321452460306
1801,0.2247,3,24,3,108691,567753,4833,121423,4.496839754150298,0.176185763868736
1802,0.2248,2,13,2,108704,567740,4835,121421,4.496736788746674,0.17618669657743255
1803,0.2249,0,7,0,108711,567733,4835,121421,4.49668134583703,0.17618848617290184
1804,0.225,65,1254,65,109965,566479,4900,121356,4.486749144595108,0.17643184775418524
1805,0.2251,0,4,0,109969,566475,4900,121356,4.486717462932455,0.17643287377277267
1806,0.2252,0,7,0,109976,566468,4900,121356,4.486662020022811,0.17643466933401566
1807,0.2253,2,35,2,110011,566433,4902,121354,4.486384805474591,0.17644125288788534
1808,0.2254,1,6,1,110017,566427,4903,121353,4.486337282980611,0.17644159469597837
1809,0.2255,3,21,3,110038,566406,4906,121350,4.486170954251679,0.1764433898068501
1810,0.2256,1,6,1,110044,566400,4907,121349,4.486123431757699,0.1764437316520998
1811,0.2257,1,31,1,110075,566369,4908,121348,4.485877898872133,0.17645048762790508
1812,0.2258,6,94,6,110169,566275,4914,121342,4.485133379799772,0.1764674229985588
1813,0.2259,0,3,0,110172,566272,4914,121342,4.485109618552782,0.17646819291055738
1814,0.226,4,130,4,110302,566142,4918,121338,4.484079964516538,0.176496770815151
1815,0.2261,2,3,2,110305,566139,4920,121336,4.484056203269548,0.1764951452780101
1816,0.2262,1,28,1,110333,566111,4921,121335,4.483834431630972,0.17650113608923465
1817,0.2263,1,19,1,110352,566092,4922,121334,4.483683943733367,0.17650481651843253
1818,0.2264,0,4,0,110356,566088,4922,121334,4.483652262070714,0.17650584357207072
1819,0.2265,1,30,1,110386,566058,4923,121333,4.483414649600811,0.17651234886694764
1820,0.2266,0,3,0,110389,566055,4923,121333,4.483390888353821,0.17651311922815063
1821,0.2267,33,668,33,111057,565387,4956,121300,4.47810005069066,0.17664525467935172
1822,0.2268,0,12,0,111069,565375,4956,121300,4.478005005702699,0.17664834164633925
1823,0.2269,0,3,0,111072,565372,4956,121300,4.477981244455709,0.17664911340494444
1824,0.227,7,39,7,111111,565333,4963,121293,4.477672348244836,0.17665075310285366
1825,0.2271,1,12,1,111123,565321,4964,121292,4.477577303256875,0.1766526412986646
1826,0.2272,0,18,0,111141,565303,4964,121292,4.477434735774933,0.1766572724823222
1827,0.2273,6,54,6,111195,565249,4970,121286,4.477007033329109,0.17666397197520883
1828,0.2274,0,4,0,111199,565245,4970,121286,4.476975351666455,0.17666500128908963
1829,0.2275,17,300,17,111499,564945,4987,121269,4.474599226967431,0.176721838959858
1830,0.2276,1,2,1,111501,564943,4988,121268,4.474583386136104,0.1767211542805347
1831,0.2277,2,27,2,111528,564916,4990,121266,4.474369534913192,0.17672570833976992
1832,0.2278,4,17,4,111545,564899,4994,121262,4.474234887846914,0.17672528750541053
1833,0.2279,0,16,0,111561,564883,4994,121262,4.474108161196299,0.17672940850694824
1834,0.228,6,82,6,111643,564801,5000,121256,4.4734586871119,0.176743331822283
1835,0.2281,1,9,1,111652,564792,5001,121255,4.473387403370929,0.17674445045310308
1836,0.2282,0,14,0,111666,564778,5001,121255,4.473276517551641,0.1767480573091965
1837,0.2283,18,343,18,112009,564435,5019,121237,4.47055981497909,0.17681486191648485
1838,0.2284,1,4,1,112013,564431,5020,121236,4.470528133316437,0.17681469284652754
1839,0.2285,3,20,3,112033,564411,5023,121233,4.470369725003168,0.1768162486654882
1840,0.2286,2,8,2,112041,564403,5025,121231,4.470306361677861,0.1768159105295245
1841,0.2287,2,21,2,112062,564382,5027,121229,4.47014003294893,0.17681892501724739
1842,0.2288,2,15,2,112077,564367,5029,121227,4.470021226713978,0.1768203922438061
1843,0.2289,2,18,2,112095,564349,5031,121225,4.4698786592320365,0.17682263329706202
1844,0.229,6,80,6,112175,564269,5037,121219,4.469245025978964,0.17683606423453072
1845,0.2291,1,1,1,112176,564268,5038,121218,4.4692371055633,0.1768351213591525
1846,0.2292,7,92,7,112268,564176,5045,121211,4.4685084273222655,0.17685045091313376
1847,0.2293,3,46,3,112314,564130,5048,121208,4.468144088201749,0.17685871788810775
1848,0.2294,0,10,0,112324,564120,5048,121208,4.4680648840451145,0.1768612985315061
1849,0.2295,3,24,3,112348,564096,5051,121205,4.467874794069193,0.1768638890064366
1850,0.2296,0,8,0,112356,564088,5051,121205,4.467811430743885,0.1768659536869631
1851,0.2297,0,17,0,112373,564071,5051,121205,4.467676783677607,0.1768703412931432
1852,0.2298,4,20,4,112393,564051,5055,121201,4.467518375364339,0.17687069866268176
1853,0.2299,0,3,0,112396,564048,5055,121201,4.467494614117349,0.17687147299740677
1854,0.23,226,4166,226,116562,559882,5281,120975,4.434498162463566,0.1776804820982967
1855,0.2301,1,5,1,116567,559877,5282,120974,4.434458560385249,0.1776805791575543
1856,0.2302,5,17,5,116584,559860,5287,120969,4.434323913318971,0.17767897665933738
1857,0.2303,0,23,0,116607,559837,5287,120969,4.434141743758713,0.17768497927456572
1858,0.2304,1,11,1,116618,559826,5288,120968,4.434054619186415,0.17768664236171294
1859,0.2305,0,24,0,116642,559802,5288,120968,4.433864529210493,0.1776929065616875
1860,0.2306,1,7,1,116649,559795,5289,120967,4.433809086300849,0.17769352578434167
1861,0.2307,0,38,0,116687,559757,5289,120967,4.433508110505639,0.17770344515545214
1862,0.2308,8,102,8,116789,559655,5297,120959,4.432700228107971,0.17772041127570107
1863,0.2309,0,5,0,116794,559650,5297,120959,4.432660626029654,0.17772171687415242
1864,0.231,5,58,5,116852,559592,5302,120954,4.432201241921176,0.17773082201643975
1865,0.2311,1,3,1,116855,559589,5303,120953,4.432177480674186,0.17773039724219813
1866,0.2312,1,21,1,116876,559568,5304,120952,4.432011151945254,0.17773467348498206
1867,0.2313,1,37,1,116913,559531,5305,120951,4.4317180965657075,0.1777431291349367
1868,0.2314,0,9,0,116922,559522,5305,120951,4.431646812824737,0.17774547998230641
1869,0.2315,0,12,0,116934,559510,5305,120951,4.431551767836776,0.17774861454220006
1870,0.2316,0,5,0,116939,559505,5305,120951,4.431512165758459,0.1777499206414522
1871,0.2317,26,327,26,117266,559178,5331,120925,4.4289221898365225,0.1778039502840011
1872,0.2318,2,22,2,117288,559156,5333,120923,4.4287479406919275,0.17780728415375271
1873,0.2319,1,8,1,117296,559148,5334,120922,4.42868457736662,0.17780816680635816
1874,0.232,7,76,7,117372,559072,5341,120915,4.4280826257762005,0.17781957596248163
1875,0.2321,2,14,2,117386,559058,5343,120913,4.427971739956913,0.1778208188290383
1876,0.2322,2,16,2,117402,559042,5345,120911,4.427845013306298,0.17782258479630209
1877,0.2323,4,32,4,117434,559010,5349,120907,4.4275915600050695,0.1778261170113411
1878,0.2324,0,6,0,117440,559004,5349,120907,4.427544037511089,0.17782768627070308
1879,0.2325,24,327,24,117767,558677,5373,120883,4.424954061589152,0.17788421920065925
1880,0.2326,1,7,1,117774,558670,5374,120882,4.424898618679508,0.17788484177811265
1881,0.2327,3,36,3,117810,558634,5377,120879,4.424613483715626,0.17789063638223257
1882,0.2328,0,12,0,117822,558622,5377,120879,4.424518438727665,0.17789377793410163
1883,0.2329,3,22,3,117844,558600,5380,120876,4.42434418958307,0.17789590802324143
1884,0.233,6,44,6,117888,558556,5386,120870,4.423995691293879,0.1779001686717906
1885,0.2331,0,7,0,117895,558549,5386,120870,4.423940248384235,0.17790200156310024
1886,0.2332,4,13,4,117908,558536,5390,120866,4.423837282980611,0.17790056549730499
1887,0.2333,52,680,52,118588,557856,5442,120814,4.41845140032949,0.17801582506962146
1888,0.2334,1,5,1,118593,557851,5443,120813,4.418411798251173,0.17801592540638667
1889,0.2335,1,30,1,118623,557821,5444,120812,4.41817418578127,0.1780225836350428
1890,0.2336,3,5,3,118628,557816,5447,120809,4.418134583702953,0.17802026155829803
1891,0.2337,4,32,4,118660,557784,5451,120805,4.417881130401724,0.17802381117288962
1892,0.2338,2,25,2,118685,557759,5453,120803,4.417683120010138,0.1780279473356893
1893,0.2339,0,8,0,118693,557751,5453,120803,4.4176197566848305,0.1780300462453983
1894,0.234,6,112,6,118805,557639,5459,120797,4.4167326701305285,0.17805216704302249
1895,0.2341,1,4,1,118809,557635,5460,120796,4.416700988467875,0.17805200528867343
1896,0.2342,11,99,11,118908,557536,5471,120785,4.415916867317197,0.17806466260074508
1897,0.2343,3,41,3,118949,557495,5474,120782,4.415592130274997,0.17807179072856666
1898,0.2344,1,3,1,118952,557492,5475,120781,4.415568369028007,0.17807136654414962
1899,0.2345,0,36,0,118988,557456,5475,120781,4.415283234064123,0.178080818357005
1900,0.2346,0,4,0,118992,557452,5475,120781,4.41525155240147,0.17808186862037087
1901,0.2347,2,22,2,119014,557430,5477,120779,4.415077303256875,0.17808522151726092
1902,0.2348,0,5,0,119019,557425,5477,120779,4.415037701178558,0.17808653443506672
1903,0.2349,0,7,0,119026,557418,5477,120779,4.414982258268914,0.17808837255251792
1904,0.235,72,1244,72,120270,556174,5549,120707,4.405129261183627,0.17832824381242787
1905,0.2351,0,4,0,120274,556170,5549,120707,4.405097579520973,0.17832929764196448
1906,0.2352,1,14,1,120288,556156,5550,120706,4.4049866937016855,0.17833177220762875
1907,0.2353,4,27,4,120315,556129,5554,120702,4.404772842478773,0.17833403020842722
1908,0.2354,0,6,0,120321,556123,5554,120702,4.404725319984792,0.17833561112547558
1909,0.2355,1,28,1,120349,556095,5555,120701,4.404503548346217,0.17834177506959262
1910,0.2356,1,10,1,120359,556085,5556,120700,4.404424344189583,0.1783431961405764
1911,0.2357,2,50,2,120409,556035,5558,120698,4.404028323406412,0.1783539446133113
1912,0.2358,3,124,3,120533,555911,5561,120695,4.403046191864149,0.17838298803143926
1913,0.2359,0,2,0,120535,555909,5561,120695,4.403030351032823,0.17838351532063068
1914,0.236,7,126,7,120661,555783,5568,120688,4.402032378659232,0.17840823922976742
1915,0.2361,0,5,0,120666,555778,5568,120688,4.401992776580915,0.17840955790830582
1916,0.2362,2,22,2,120688,555756,5570,120686,4.40181852743632,0.1784129311899616
1917,0.2363,0,23,0,120711,555733,5570,120686,4.401636357876061,0.1784189976922588
1918,0.2364,0,8,0,120719,555725,5570,120686,4.4015729945507545,0.17842110787671991
1919,0.2365,3,23,3,120742,555702,5573,120683,4.401390824990496,0.17842353097718017
1920,0.2366,0,2,0,120744,555700,5573,120683,4.401374984159169,0.17842405855853857
1921,0.2367,41,640,41,121384,555060,5614,120642,4.396305918134583,0.17854320395677384
1922,0.2368,0,18,0,121402,555042,5614,120642,4.3961633506526425,0.17854796028912923
1923,0.2369,1,8,1,121410,555034,5615,120641,4.396099987327335,0.17854885854885855
1924,0.237,4,46,4,121456,554988,5619,120637,4.395735648206818,0.17855615171137834
1925,0.2371,3,12,3,121468,554976,5622,120634,4.395640603218857,0.17855567561166946
1926,0.2372,2,9,2,121477,554967,5624,120632,4.395569319477886,0.1785556224920404
1927,0.2373,2,47,2,121524,554920,5626,120630,4.395197059941705,0.17856561320405595
1928,0.2374,2,11,2,121535,554909,5628,120628,4.395109935369408,0.17856608890408668
1929,0.2375,21,327,21,121862,554582,5649,120607,4.392519959447472,0.17862702147102516
1930,0.2376,0,8,0,121870,554574,5649,120607,4.392456596122164,0.17862913796448657
1931,0.2377,1,28,1,121898,554546,5650,120606,4.392234824483589,0.17863532952579567
1932,0.2378,0,10,0,121908,554536,5650,120606,4.392155620326955,0.17863797541850454
1933,0.2379,0,10,0,121918,554526,5650,120606,4.392076416170321,0.1786406213895949
1934,0.238,5,71,5,121989,554455,5655,120601,4.391514066658218,0.17865332653883528
1935,0.2381,0,11,0,122000,554444,5655,120601,4.39142694208592,0.17865623773229933
1936,0.2382,0,21,0,122021,554423,5655,120601,4.391260613356989,0.17866179572874447
1937,0.2383,23,307,23,122328,554116,5678,120578,4.388829045748321,0.17871509158225804
1938,0.2384,0,2,0,122330,554114,5678,120578,4.388813204916994,0.17871562135018645
1939,0.2385,3,36,3,122366,554078,5681,120575,4.388528069953111,0.17872150572220089
1940,0.2386,1,14,1,122380,554064,5682,120574,4.388417184133823,0.1787239971658875
1941,0.2387,1,37,1,122417,554027,5683,120573,4.388124128754277,0.17873258227097538
1942,0.2388,2,14,2,122431,554013,5685,120571,4.388013242934989,0.17873385671762151
1943,0.2389,1,3,1,122434,554010,5686,120570,4.387989481687999,0.17873343413679624
1944,0.239,4,76,4,122510,553934,5690,120566,4.3873875300975795,0.17874870274277244
1945,0.2391,1,5,1,122515,553929,5691,120565,4.387347928019262,0.17874881021921618
1946,0.2392,5,94,5,122609,553835,5696,120560,4.386603408946901,0.17876763617761104
1947,0.2393,7,38,7,122647,553797,5703,120553,4.386302433151692,0.17876918514124712
1948,0.2394,0,4,0,122651,553793,5703,120553,4.386270751489038,0.17877024554160623
1949,0.2395,2,33,2,122684,553760,5705,120551,4.386009377772146,0.17877655859091723
1950,0.2396,0,7,0,122691,553753,5705,120551,4.385953934862502,0.178778414483675
1951,0.2397,3,14,3,122705,553739,5708,120548,4.385843049043213,0.17877847266816652
1952,0.2398,3,21,3,122726,553718,5711,120545,4.385676720314282,0.17878038688167674
1953,0.2399,1,10,1,122736,553708,5712,120544,4.385597516157648,0.17878182044695456
1954,0.24,219,4601,219,127337,549107,5931,120325,4.34915568369028,0.17974193047240047
1955,0.2401,0,2,0,127339,549105,5931,120325,4.349139842858953,0.1797424674723272
1956,0.2402,0,9,0,127348,549096,5931,120325,4.349068559117982,0.17974488401170563
1957,0.2403,3,20,3,127368,549076,5934,120322,4.3489101508047145,0.17974657826883259
1958,0.2404,0,12,0,127380,549064,5934,120322,4.348815105816754,0.17974980056350148
1959,0.2405,1,20,1,127400,549044,5935,120321,4.348656697503485,0.17975394590395374
1960,0.2406,1,9,1,127409,549035,5936,120320,4.348585413762514,0.17975513740840063
1961,0.2407,9,36,9,127445,548999,5945,120311,4.348300278798631,0.17975377627706146
1962,0.2408,8,108,8,127553,548891,5953,120303,4.347444873906983,0.17977298063043004
1963,0.2409,0,1,0,127554,548890,5953,120303,4.347436953491319,0.1797732492718842
1964,0.241,7,63,7,127617,548827,5960,120296,4.346937967304524,0.17978159471427524
1965,0.2411,1,12,1,127629,548815,5961,120295,4.346842922316563,0.17978359313117426
1966,0.2412,1,27,1,127656,548788,5962,120294,4.346629071093651,0.17978962219877384
1967,0.2413,1,26,1,127682,548762,5963,120293,4.346423140286403,0.17979538304025827
1968,0.2414,2,9,2,127691,548753,5965,120291,4.346351856545431,0.17979534978267497
1969,0.2415,3,30,3,127721,548723,5968,120288,4.346114244075529,0.17979973423456416
1970,0.2416,0,1,0,127722,548722,5968,120288,4.346106323659866,0.17980000298949195
1971,0.2417,16,366,16,128088,548356,5984,120272,4.343207451527056,0.1798787965804603
1972,0.2418,3,24,3,128112,548332,5987,120269,4.3430173615511345,0.17988157361415852
1973,0.2419,0,7,0,128119,548325,5987,120269,4.342961918641491,0.17988345692602686
1974,0.242,5,113,5,128232,548212,5992,120264,4.342066911671525,0.1799077304196411
1975,0.2421,0,16,0,128248,548196,5992,120264,4.34194018502091,0.1799120366214882
1976,0.2422,1,5,1,128253,548191,5993,120263,4.341900582942593,0.1799121555110748
1977,0.2423,0,21,0,128274,548170,5993,120263,4.341734254213661,0.17991780776831784
1978,0.2424,0,10,0,128284,548160,5993,120263,4.341655050057027,0.1799204994442142
1979,0.2425,24,369,24,128653,547791,6017,120239,4.338732416677227,0.1799904195919345
1980,0.2426,0,13,0,128666,547778,6017,120239,4.3386294512736026,0.17999392231036038
1981,0.2427,3,35,3,128701,547743,6020,120236,4.338352236725384,0.17999967064832875
1982,0.2428,0,3,0,128704,547740,6020,120236,4.338328475478393,0.18000047905912786
1983,0.2429,4,20,4,128724,547720,6024,120232,4.338170067165125,0.18000095815268163
1984,0.243,0,48,0,128772,547672,6024,120232,4.3377898872132805,0.1800138942123419
1985,0.2431,0,6,0,128778,547666,6024,120232,4.3377423647193005,0.18001551135053556
1986,0.2432,1,17,1,128795,547649,6025,120231,4.3376077176530226,0.18001886566449063
1987,0.2433,47,717,47,129512,546932,6072,120184,4.331928779622355,0.18015457581590008
1988,0.2434,0,4,0,129516,546928,6072,120184,4.331897097959701,0.18015565602177747
1989,0.2435,0,17,0,129533,546911,6072,120184,4.3317624508934225,0.18016024704127598
1990,0.2436,0,9,0,129542,546902,6072,120184,4.331691167152452,0.18016267767574196
1991,0.2437,1,40,1,129582,546862,6073,120183,4.331374350525915,0.1801722522468499
1992,0.2438,2,26,2,129608,546836,6075,120181,4.331168419718667,0.1801768170826231
1993,0.2439,0,5,0,129613,546831,6075,120181,4.33112881764035,0.18017816770912667
1994,0.244,8,122,8,129735,546709,6083,120173,4.3301625269294135,0.1802012949817209
1995,0.2441,1,1,1,129736,546708,6084,120172,4.33015460651375,0.18020033589251438
1996,0.2442,8,115,8,129851,546593,6092,120164,4.329243758712457,0.18022157997591326
1997,0.2443,4,42,4,129893,546551,6096,120160,4.328911101254594,0.18022801483701334
1998,0.2444,0,6,0,129899,546545,6096,120160,4.328863578760614,0.18022963679588425
1999,0.2445,3,23,3,129922,546522,6099,120157,4.328681409200355,0.18023216570493447
2000,0.2446,1,8,1,129930,546514,6100,120156,4.328618045875047,0.18023309883450583
2001,0.2447,2,38,2,129968,546476,6102,120154,4.328317070079838,0.18024091325022876
2002,0.2448,2,14,2,129982,546462,6104,120152,4.32820618426055,0.1802422391368918
2003,0.2449,1,6,1,129988,546456,6105,120151,4.32815866176657,0.18024263171553853
2004,0.245,77,1355,77,131343,545101,6182,120074,4.317426498542644,0.18051490209343407
2005,0.2451,1,3,1,131346,545098,6183,120073,4.317402737295653,0.18051448424540456
2006,0.2452,2,8,2,131354,545090,6185,120071,4.317339373970346,0.18051419130105342
2007,0.2453,1,35,1,131389,545055,6186,120070,4.317062159422126,0.1805224581845518
2008,0.2454,2,4,2,131393,545051,6188,120068,4.317030477759473,0.1805210796864922
2009,0.2455,1,25,1,131418,545026,6189,120067,4.316832467367887,0.1805266331174738
2010,0.2456,0,2,0,131420,545024,6189,120067,4.316816626536561,0.18052717598042975
2011,0.2457,3,48,3,131468,544976,6192,120064,4.316436446584717,0.18053650908216048
2012,0.2458,9,123,9,131591,544853,6201,120055,4.315462235458117,0.18055881415173228
2013,0.2459,0,4,0,131595,544849,6201,120055,4.315430553795463,0.18055990037659572
2014,0.246,12,154,12,131749,544695,6213,120043,4.314210809783297,0.18058693801166775
2015,0.2461,0,2,0,131751,544693,6213,120043,4.314194968951971,0.18058748134597796
2016,0.2462,2,33,2,131784,544660,6215,120041,4.313933595235078,0.18059398135402233
2017,0.2463,3,20,3,131804,544640,6218,120038,4.313775186921809,0.18059571702388225
2018,0.2464,0,7,0,131811,544633,6218,120038,4.3137197440121655,0.18059761897239385
2019,0.2465,4,25,4,131836,544608,6222,120034,4.31352173362058,0.180599480622651
2020,0.2466,1,8,1,131844,544600,6223,120033,4.313458370295273,0.18060042158604825
2021,0.2467,47,647,47,132491,543953,6270,119986,4.308333861361044,0.1807184093719453
2022,0.2468,1,16,1,132507,543937,6271,119985,4.30820713471043,0.18072153054123827
2023,0.2469,0,8,0,132515,543929,6271,119985,4.308143771385122,0.18072370819112113
2024,0.247,6,68,6,132583,543861,6277,119979,4.30760518312001,0.18073481561822125
2025,0.2471,1,11,1,132594,543850,6278,119978,4.307518058547712,0.1807365763420645
2026,0.2472,1,19,1,132613,543831,6279,119977,4.307367570650108,0.1807405153297339
2027,0.2473,5,55,5,132668,543776,6284,119972,4.30693194778862,0.18074932052525958
2028,0.2474,0,5,0,132673,543771,6284,119972,4.3068923457103025,0.18075068211642156
2029,0.2475,23,316,23,132989,543455,6307,119949,4.304389494360664,0.18080837619308898
2030,0.2476,0,13,0,133002,543442,6307,119949,4.304286528957039,0.18081191936580387
2031,0.2477,5,26,5,133028,543416,6312,119944,4.304080598149791,0.180812831644959
2032,0.2478,1,26,1,133054,543390,6313,119943,4.3038746673425425,0.18081868382848434
2033,0.2479,2,13,2,133067,543377,6315,119941,4.303771701938918,0.18081975764263897
2034,0.248,1,71,1,133138,543306,6316,119940,4.303209352426816,0.18083787915795949
2035,0.2481,0,4,0,133142,543302,6316,119940,4.303177670764161,0.18083896978779992
2036,0.2482,3,26,3,133168,543276,6319,119937,4.302971739956913,0.18084235381393307
2037,0.2483,26,363,26,133531,542913,6345,119911,4.300096629071094,0.1809092609802904
2038,0.2484,0,2,0,133533,542911,6345,119911,4.300080788239767,0.18090980685613936
2039,0.2485,4,29,4,133562,542882,6349,119907,4.299851096185527,0.18091277918010107
2040,0.2486,0,4,0,133566,542878,6349,119907,4.299819414522874,0.1809138710139789
2041,0.2487,4,44,4,133610,542834,6353,119903,4.299470916233684,0.18092093847182217
2042,0.2488,2,18,2,133628,542816,6355,119901,4.299328348751742,0.18092338056817617
2043,0.2489,0,8,0,133636,542808,6355,119901,4.2992649854264355,0.18092556461433298
2044,0.249,5,80,5,133716,542728,6360,119896,4.298631352173362,0.18094122760419182
2045,0.2491,0,2,0,133718,542726,6360,119896,4.298615511342035,0.1809417737412884
2046,0.2492,7,116,7,133834,542610,6367,119889,4.297696743125079,0.1809648014563041
2047,0.2493,3,53,3,133887,542557,6370,119886,4.297276961094918,0.18097557072834947
2048,0.2494,0,5,0,133892,542552,6370,119886,4.297237359016601,0.18097693670954867
2049,0.2495,0,27,0,133919,542525,6370,119886,4.297023507793689,0.1809843133643614
2050,0.2496,0,6,0,133925,542519,6370,119886,4.296975985299708,0.1809859527026517
2051,0.2497,4,27,4,133952,542492,6374,119882,4.296762134076796,0.1809883842059018
2052,0.2498,4,21,4,133973,542471,6378,119878,4.296595805347865,0.18098917640096082
2053,0.2499,1,5,1,133978,542466,6379,119877,4.296556203269548,0.18098930614500341
2054,0.25,278,4458,278,138436,538008,6657,119599,4.261246990242048,0.1818700226731163
2055,0.2501,0,6,0,138442,538002,6657,119599,4.261199467748067,0.18187168206860999
2056,0.2502,2,15,2,138457,537987,6659,119597,4.261080661513116,0.18187334241709044
2057,0.2503,2,26,2,138483,537961,6661,119595,4.260874730705868,0.18187804536799906
2058,0.2504,2,8,2,138491,537953,6663,119593,4.26081136738056,0.18187776976819872
2059,0.2505,5,14,5,138505,537939,6668,119588,4.260700481561273,0.1818754210853699
2060,0.2506,0,1,0,138506,537938,6668,119588,4.260692561145609,0.18187569769104187
2061,0.2507,6,56,6,138562,537882,6674,119582,4.260249017868458,0.18188372291106433
2062,0.2508,11,123,11,138685,537759,6685,119571,4.259274806741858,0.18190406645064122
2063,0.2509,0,3,0,138688,537756,6685,119571,4.259251045494867,0.18190489664961276
2064,0.251,2,74,2,138762,537682,6687,119569,4.258664934735775,0.18192288790735958
2065,0.2511,0,6,0,138768,537676,6687,119569,4.258617412241795,0.1819245486842806
2066,0.2512,1,21,1,138789,537655,6688,119568,4.258451083512862,0.1819291169055252
2067,0.2513,4,25,4,138814,537630,6692,119564,4.258253073121278,0.18193105840893253
2068,0.2514,1,15,1,138829,537615,6693,119563,4.2581342668863265,0.18193396614007165
2069,0.2515,4,36,4,138865,537579,6697,119559,4.257849131922443,0.18193895346182992
2070,0.2516,0,5,0,138870,537574,6697,119559,4.257809529844126,0.1819403378007192
2071,0.2517,27,375,27,139245,537199,6724,119532,4.254839373970346,0.18201059490110869
2072,0.2518,1,17,1,139262,537182,6725,119531,4.254704726904068,0.18201406093681716
2073,0.2519,0,8,0,139270,537174,6725,119531,4.25464136357876,0.1820162782375648
2074,0.252,4,96,4,139366,537078,6729,119527,4.2538810036750725,0.18203790711310452
2075,0.2521,1,12,1,139378,537066,6730,119526,4.253785958687112,0.18203998830323853
2076,0.2522,1,14,1,139392,537052,6731,119525,4.253675072867824,0.18204262409435604
2077,0.2523,1,32,1,139424,537020,6732,119524,4.253421619566595,0.18205025101135644
2078,0.2524,0,2,0,139426,537018,6732,119524,4.253405778735268,0.18205080558441045
2079,0.2525,21,343,21,139769,536675,6753,119503,4.250689076162717,0.18211979066655695
2080,0.2526,1,3,1,139772,536672,6754,119502,4.250665314915727,0.18211937687259783
2081,0.2527,5,49,5,139821,536623,6759,119497,4.25027721454822,0.18212674510760227
2082,0.2528,3,12,3,139833,536611,6762,119494,4.250182169560259,0.1821263364857759
2083,0.2529,1,23,1,139856,536588,6763,119493,4.25,0.18213147461974968
2084,0.253,3,37,3,139893,536551,6766,119490,4.249706944620454,0.18213800661848878
2085,0.2531,0,5,0,139898,536546,6766,119490,4.2496673425421365,0.18213939478931035
2086,0.2532,2,20,2,139918,536526,6768,119488,4.249508934228868,0.18214245427689044
2087,0.2533,53,660,53,140578,535866,6821,119435,4.244281459891015,0.18225975544062958
2088,0.2534,1,2,1,140580,535864,6822,119434,4.244265619059688,0.18225906381524132
2089,0.2535,2,30,2,140610,535834,6824,119432,4.244028006589786,0.18226491226463756
2090,0.2536,1,6,1,140616,535828,6825,119431,4.243980484095806,0.18226533324990576
2091,0.2537,4,30,4,140646,535798,6829,119427,4.243742871625903,0.18226868632912357
2092,0.2538,2,12,2,140658,535786,6831,119425,4.243647826637942,0.18226952844198283
2093,0.2539,0,5,0,140663,535781,6831,119425,4.243608224559625,0.1822709193749752
2094,0.254,8,126,8,140789,535655,6839,119417,4.242610252186035,0.1822959918909677
2095,0.2541,0,7,0,140796,535648,6839,119417,4.242554809276391,0.18229793989909399
2096,0.2542,13,116,13,140912,535532,6852,119404,4.241636041059435,0.1823139970928457
2097,0.2543,3,42,3,140954,535490,6855,119401,4.241303383601571,0.18232194365169166
2098,0.2544,3,13,3,140967,535477,6858,119398,4.2412004181979475,0.1823218171406757
2099,0.2545,2,32,2,140999,535445,6860,119396,4.240946964896718,0.18232822929535566
2100,0.2546,2,10,2,141009,535435,6862,119394,4.240867760740084,0.18232851629967517
2101,0.2547,2,30,2,141039,535405,6864,119392,4.240630148270181,0.18233437233218844
2102,0.2548,2,17,2,141056,535388,6866,119390,4.240495501203903,0.18233660874372687
2103,0.2549,1,6,1,141062,535382,6867,119389,4.2404479787099225,0.18233703080924477
2104,0.255,83,1404,83,142466,533978,6950,119306,4.229327715118489,0.18262501454191438
2105,0.2551,1,6,1,142472,533972,6951,119305,4.2292801926245085,0.18262544066299594
2106,0.2552,2,14,2,142486,533958,6953,119303,4.229169306805221,0.18262685205453869
2107,0.2553,4,38,4,142524,533920,6957,119299,4.228868331010012,0.18263247088648676
2108,0.2554,2,8,2,142532,533912,6959,119297,4.228804967684704,0.1826322050063609
2109,0.2555,3,15,3,142547,533897,6962,119294,4.228686161449753,0.18263264496908255
2110,0.2556,1,2,1,142549,533895,6963,119293,4.228670320618426,0.1826319528221584
2111,0.2557,1,58,1,142607,533837,6964,119292,4.228210936509948,0.18264691967436755
2112,0.2558,9,126,9,142733,533711,6973,119283,4.227212964136358,0.18267089743550477
2113,0.2559,0,5,0,142738,533706,6973,119283,4.227173362058041,0.18267229616425393
2114,0.256,7,131,7,142869,533575,6980,119276,4.226135787606133,0.1827001873321784
2115,0.2561,1,1,1,142870,533574,6981,119275,4.2261278671904705,0.18269921528561736
2116,0.2562,2,30,2,142900,533544,6983,119273,4.225890254720568,0.18270510725057712
2117,0.2563,1,21,1,142921,533523,6984,119272,4.225723925991636,0.18270973276449728
2118,0.2564,0,11,0,142932,533512,6984,119272,4.225636801419339,0.18271281158851932
2119,0.2565,0,30,0,142962,533482,6984,119272,4.225399188949436,0.182721208908716
2120,0.2566,1,2,1,142964,533480,6985,119271,4.225383348118109,0.18272051670545122
2121,0.2567,51,684,51,143648,532796,7036,119220,4.219965783804334,0.18284827366199602
2122,0.2568,2,24,2,143672,532772,7038,119218,4.219775693828412,0.18285249773769535
2123,0.2569,0,8,0,143680,532764,7038,119218,4.219712330503105,0.18285474138856594
2124,0.257,2,46,2,143726,532718,7040,119216,4.2193479913825875,0.18286513665493748
2125,0.2571,1,15,1,143741,532703,7041,119215,4.219229185147636,0.18286809077215233
2126,0.2572,0,21,0,143762,532682,7041,119215,4.219062856418705,0.18287398162593171
2127,0.2573,4,50,4,143812,532632,7045,119211,4.218666835635534,0.18288299483157755
2128,0.2574,0,8,0,143820,532624,7045,119211,4.218603472310227,0.18288523936272216
2129,0.2575,25,353,25,144173,532271,7070,119186,4.215807565581041,0.18295298078000544
2130,0.2576,0,14,0,144187,532257,7070,119186,4.215696679761754,0.18295691257715563
2131,0.2577,1,42,1,144229,532215,7071,119185,4.21536402230389,0.182967454712926
2132,0.2578,1,14,1,144243,532201,7072,119184,4.215253136484603,0.1829701328707293
2133,0.2579,3,13,3,144256,532188,7075,119181,4.215150171080978,0.18297002160065953
2134,0.258,5,82,5,144338,532106,7080,119176,4.214500696996579,0.18298678606195165
2135,0.2581,0,3,0,144341,532103,7080,119176,4.214476935749588,0.18298762895778922
2136,0.2582,0,20,0,144361,532083,7080,119176,4.21431852743632,0.1829932484618255
2137,0.2583,22,362,22,144723,531721,7102,119154,4.211451336966164,0.18306740925676973
2138,0.2584,0,2,0,144725,531719,7102,119154,4.211435496134837,0.18306797178558643
2139,0.2585,6,24,6,144749,531695,7108,119148,4.211245406158915,0.18306719131956556
2140,0.2586,0,7,0,144756,531688,7108,119148,4.2111899632492715,0.1830691602800091
2141,0.2587,0,23,0,144779,531665,7108,119148,4.211007793689013,0.18307563001968308
2142,0.2588,2,17,2,144796,531648,7110,119146,4.210873146622735,0.18307790176307712
2143,0.2589,0,4,0,144800,531644,7110,119146,4.210841464960081,0.1830790270286882
2144,0.259,5,82,5,144882,531562,7115,119141,4.210191990875681,0.18309582098130792
2145,0.2591,0,4,0,144886,531558,7115,119141,4.210160309213028,0.1830969465144406
2146,0.2592,11,101,11,144987,531457,7126,119130,4.209360347231023,0.1831115592534127
2147,0.2593,4,51,4,145038,531406,7130,119126,4.208956406032189,0.18312089182392258
2148,0.2594,1,9,1,145047,531397,7131,119125,4.208885122291218,0.1831221695807367
2149,0.2595,1,20,1,145067,531377,7132,119124,4.208726713977949,0.18312654400223827
2150,0.2596,2,6,2,145073,531371,7134,119122,4.208679191483969,0.18312572156810297
2151,0.2597,0,14,0,145087,531357,7134,119122,4.208568305664682,0.1831296629099479
2152,0.2598,2,23,2,145110,531334,7136,119120,4.208386136104423,0.18313362666691266
2153,0.2599,1,1,1,145111,531333,7137,119119,4.208378215688759,0.18313265237096665
2154,0.26,274,4732,274,149843,526601,7411,118845,4.1708988087694845,0.18412849409555562
2155,0.2601,0,4,0,149847,526597,7411,118845,4.17086712710683,0.18412963519572634
2156,0.2602,2,16,2,149863,526581,7413,118843,4.170740400456216,0.18413167158333127
2157,0.2603,2,29,2,149892,526552,7415,118841,4.170510708401977,0.1841374170466677
2158,0.2604,1,15,1,149907,526537,7416,118840,4.170391902167026,0.1841404326463447
2159,0.2605,1,15,1,149922,526522,7417,118839,4.170273095932075,0.18414344839554916
2160,0.2606,2,6,2,149928,526516,7419,118837,4.170225573438094,0.18414263201689618
2161,0.2607,3,56,3,149984,526460,7422,118834,4.169782030160943,0.18415481935365896
2162,0.2608,8,99,8,150083,526361,7430,118826,4.1689979090102645,0.1841729607075158
2163,0.2609,0,4,0,150087,526357,7430,118826,4.168966227347611,0.18417410254144947
2164,0.261,4,68,4,150155,526289,7434,118822,4.168427639082499,0.18418845749026136
2165,0.2611,0,3,0,150158,526286,7434,118822,4.168403877835509,0.18418931403733949
2166,0.2612,1,26,1,150184,526260,7435,118821,4.16819794702826,0.18419547312663062
2167,0.2613,3,31,3,150215,526229,7438,118818,4.167952414142694,0.18420053112408863
2168,0.2614,2,13,2,150228,526216,7440,118816,4.16784944873907,0.1842017140234903
2169,0.2615,4,25,4,150253,526191,7444,118812,4.167651438347485,0.18420379440095627
2170,0.2617,36,381,36,150634,525810,7480,118776,4.164633759979724,0.1842671109828634
2171,0.2618,2,15,2,150649,525795,7482,118774,4.1645149537447725,0.1842688680342989
2172,0.2619,0,7,0,150656,525788,7482,118774,4.164459510835129,0.18427086921040955
2173,0.262,5,87,5,150743,525701,7487,118769,4.163770434672411,0.18428941610936117
2174,0.2621,3,14,3,150757,525687,7490,118766,4.163659548853124,0.18428962236191002
2175,0.2622,2,13,2,150770,525674,7492,118764,4.163556583449499,0.18429080842532564
2176,0.2623,0,21,0,150791,525653,7492,118764,4.163390254720568,0.18429681401949358
2177,0.2624,2,9,2,150800,525644,7494,118762,4.163318970979597,0.1842968563297052
2178,0.2625,24,412,24,151212,525232,7518,118738,4.16005575972627,0.18438436573132289
2179,0.2626,0,4,0,151216,525228,7518,118738,4.160024078063617,0.18438551103629694
2180,0.2627,5,45,5,151261,525183,7523,118733,4.159667659358763,0.18439206356108562
2181,0.2628,3,24,3,151285,525159,7526,118730,4.159477569382841,0.1843951364287944
2182,0.2629,2,20,2,151305,525139,7528,118728,4.159319161069573,0.1843983307111562
2183,0.263,2,54,2,151359,525085,7530,118726,4.158891458623748,0.18441126355405546
2184,0.2631,0,10,0,151369,525075,7530,118726,4.158812254467114,0.18441412796811438
2185,0.2632,0,25,0,151394,525050,7530,118726,4.158614244075529,0.18442128939258376
2186,0.2633,57,730,57,152124,524320,7587,118669,4.152832340641237,0.18455836725045063
2187,0.2634,0,4,0,152128,524316,7587,118669,4.152800658978583,0.18455951538527338
2188,0.2635,1,24,1,152152,524292,7588,118668,4.152610569002661,0.18456513624486748
2189,0.2636,0,4,0,152156,524288,7588,118668,4.152578887340008,0.1845662844735876
2190,0.2637,0,38,0,152194,524250,7588,118668,4.152277911544798,0.18457719335902867
2191,0.2638,5,31,5,152225,524219,7593,118663,4.152032378659232,0.18457975180515243
2192,0.2639,0,3,0,152228,524216,7593,118663,4.152008617412242,0.18458061314804186
2193,0.264,12,151,12,152379,524065,7605,118651,4.150812634647067,0.18460875409978902
2194,0.2641,1,5,1,152384,524060,7606,118650,4.1507730325687495,0.1846089215976101
2195,0.2642,8,115,8,152499,523945,7614,118642,4.149862184767456,0.1846318086111297
2196,0.2643,4,51,4,152550,523894,7618,118638,4.149458243568622,0.18464138751066095
2197,0.2644,1,4,1,152554,523890,7619,118637,4.149426561905969,0.18464126799340727
2198,0.2645,0,25,0,152579,523865,7619,118637,4.149228551514383,0.1846484524561791
2199,0.2646,0,6,0,152585,523859,7619,118637,4.149181029020403,0.1846501768104393
2200,0.2647,2,27,2,152612,523832,7621,118635,4.148967177797491,0.18465539864304314
2201,0.2648,4,12,4,152624,523820,7625,118631,4.1488721328095295,0.18465377126037627
2202,0.2649,0,7,0,152631,523813,7625,118631,4.148816689899886,0.18465578322779885
2203,0.265,95,1457,95,154088,522356,7720,118536,4.137276644278292,0.18495471935989216
2204,0.2651,0,10,0,154098,522346,7720,118536,4.137197440121658,0.18495760530019567
2205,0.2652,2,30,2,154128,522316,7722,118534,4.136959827651755,0.18496372005929626
2206,0.2653,6,36,6,154164,522280,7728,118528,4.136674692687873,0.18496647981922823
2207,0.2654,1,11,1,154175,522269,7729,118527,4.136587568115575,0.18496838307355226
2208,0.2655,5,24,5,154199,522245,7734,118522,4.136397478139653,0.1849689512724594
2209,0.2656,0,5,0,154204,522240,7734,118522,4.136357876061336,0.1849703946239009
2210,0.2657,3,43,3,154247,522197,7737,118519,4.1360172981878085,0.1849789922524176
2211,0.2658,7,113,7,154360,522084,7744,118512,4.135122291217843,0.18500271622051964
2212,0.2659,0,5,0,154365,522079,7744,118512,4.1350826891395265,0.1850041602207961
2213,0.266,5,165,5,154530,521914,7749,118507,4.133775820555063,0.18504546228184274
2214,0.2661,1,3,1,154533,521911,7750,118506,4.1337520593080725,0.1850450565803219
2215,0.2662,2,23,2,154556,521888,7752,118504,4.133569889747814,0.18504915739109795
2216,0.2663,3,28,3,154584,521860,7755,118501,4.133348118109239,0.18505343079918984
2217,0.2664,0,5,0,154589,521855,7755,118501,4.1333085160309215,0.18505487572537777
2218,0.2665,1,28,1,154617,521827,7756,118500,4.133086744392346,0.1850616950401904
2219,0.2666,1,8,1,154625,521819,7757,118499,4.133023381067038,0.18506273445381827
2220,0.2667,53,724,53,155349,521095,7810,118446,4.127289000126726,0.18520470149685478
2221,0.2668,1,12,1,155361,521083,7811,118445,4.1271939551387655,0.1852069025906606
2222,0.2669,1,7,1,155368,521076,7812,118444,4.127138512229122,0.18520765574180637
2223,0.267,3,63,3,155431,521013,7815,118441,4.126639526042327,0.18522208008707428
2224,0.2671,3,17,3,155448,520996,7818,118438,4.126504878976049,0.18522318175136135
2225,0.2672,0,14,0,155462,520982,7818,118438,4.126393993156761,0.1852272371836977
2226,0.2673,5,46,5,155508,520936,7823,118433,4.126029654036244,0.1852341918360133
2227,0.2674,0,6,0,155514,520930,7823,118433,4.125982131542263,0.1852359301367142
2228,0.2675,21,382,21,155896,520548,7844,118412,4.122956532758839,0.18531989482909728
2229,0.2676,3,14,3,155910,520534,7847,118409,4.122845646939552,0.1853201302776617
2230,0.2677,4,20,4,155930,520514,7851,118405,4.122687238626283,0.1853208309660536
2231,0.2678,4,13,4,155943,520501,7855,118401,4.1225842732226585,0.18531950126936525
2232,0.2679,0,19,0,155962,520482,7855,118401,4.122433785325054,0.18532501256098535
2233,0.268,5,112,5,156074,520370,7860,118396,4.121546698770752,0.18535113014781626
2234,0.2681,2,7,2,156081,520363,7862,118394,4.121491255861107,0.18535061063910063
2235,0.2682,1,17,1,156098,520346,7863,118393,4.121356608794829,0.18535426833182253
2236,0.2683,27,403,27,156501,519943,7890,118366,4.118164681282473,0.18543683388452928
2237,0.2684,0,8,0,156509,519935,7890,118366,4.118101317957167,0.18543915801479238
2238,0.2685,3,31,3,156540,519904,7893,118363,4.1178557850716,0.18544433599105076
2239,0.2686,1,11,1,156551,519893,7894,118362,4.117768660499303,0.18544625580684837
2240,0.2687,5,23,5,156574,519870,7899,118357,4.117586490939044,0.18544655741609176
2241,0.2688,1,10,1,156584,519860,7900,118356,4.11750728678241,0.1854481868207629
2242,0.2689,0,8,0,156592,519852,7900,118356,4.117443923457103,0.18545051143200963
2243,0.269,6,80,6,156672,519772,7906,118350,4.11681029020403,0.18546610209333012
2244,0.2691,0,4,0,156676,519768,7906,118350,4.1167786085413764,0.18546726467518546
2245,0.2692,7,113,7,156789,519655,7913,118343,4.115883601571411,0.18549117708832943
2246,0.2693,3,51,3,156840,519604,7916,118340,4.115479660372577,0.18550217573956335
2247,0.2694,2,7,2,156847,519597,7918,118338,4.115424217462932,0.18550165769239813
2248,0.2695,2,32,2,156879,519565,7920,118336,4.115170764161703,0.18550840961214984
2249,0.2696,1,3,1,156882,519562,7921,118335,4.115147002914713,0.1855080052108726
2250,0.2697,3,12,3,156894,519550,7924,118332,4.115051957926752,0.18550766442696298
2251,0.2698,1,11,1,156905,519539,7925,118331,4.114964833354454,0.18550958659287942
2252,0.2699,0,9,0,156914,519530,7925,118331,4.114893549613484,0.18551220406953867
2253,0.27,273,4645,273,161559,514885,8198,118058,4.078103218856926,0.18652232507508576
2254,0.2701,0,5,0,161564,514880,8198,118058,4.078063616778609,0.1865237985395094
2255,0.2702,2,13,2,161577,514867,8200,118056,4.077960651374984,0.18652505913041556
2256,0.2703,2,36,2,161613,514831,8202,118054,4.077675516411102,0.18653309843020455
2257,0.2704,0,11,0,161624,514820,8202,118054,4.077588391838804,0.1865363405670007
2258,0.2705,2,24,2,161648,514796,8204,118052,4.077398301862882,0.18654084393092812
2259,0.2706,1,11,1,161659,514785,8205,118051,4.077311177290584,0.18654280097845255
2260,0.2707,5,50,5,161709,514735,8210,118046,4.076915156507414,0.1865511132603539
2261,0.2708,9,115,9,161824,514620,8219,118037,4.076004308706121,0.1865734513330288
2262,0.2709,0,6,0,161830,514614,8219,118037,4.07595678621214,0.1865752207773322
2263,0.271,2,100,2,161930,514514,8221,118035,4.075164744645799,0.18660214465598712
2264,0.2711,1,11,1,161941,514503,8222,118034,4.075077620073501,0.18660410379155687
2265,0.2712,0,16,0,161957,514487,8222,118034,4.074950893422887,0.18660882405485352
2266,0.2713,3,28,3,161985,514459,8225,118031,4.074729121784311,0.18661322708659425
2267,0.2714,4,11,4,161996,514448,8229,118027,4.074641997212014,0.18661132851100834
2268,0.2715,2,14,2,162010,514434,8231,118025,4.074531111392726,0.18661288715948385
2269,0.2716,0,4,0,162014,514430,8231,118025,4.074499429730072,0.18661406740400502
2270,0.2717,40,402,40,162416,514028,8271,117985,4.07131542263338,0.18668128661910435
2271,0.2718,0,17,0,162433,514011,8271,117985,4.071180775567102,0.18668630814119078
2272,0.2719,0,3,0,162436,514008,8271,117985,4.071157014320112,0.18668719432019026
2273,0.272,9,124,9,162560,513884,8280,117976,4.070174882777848,0.1867122463836926
2274,0.2721,2,17,2,162577,513867,8282,117974,4.07004023571157,0.1867146956275392
2275,0.2722,0,18,0,162595,513849,8282,117974,4.069897668229629,0.18672001494089327
2276,0.2723,3,32,3,162627,513817,8285,117971,4.0696442149284,0.1867256104895946
2277,0.2724,0,15,0,162642,513802,8285,117971,4.0695254086934485,0.18673004386069048
2278,0.2725,31,369,31,163011,513433,8316,117940,4.066602775313648,0.1867992454539551
2279,0.2726,1,10,1,163021,513423,8317,117939,4.066523571157014,0.18680091611468538
2280,0.2727,2,48,2,163069,513375,8319,117937,4.066143391205171,0.18681254276807663
2281,0.2728,1,15,1,163084,513360,8320,117936,4.0660245849702195,0.18681569343065693
2282,0.2729,2,18,2,163102,513342,8322,117934,4.065882017488278,0.18681844391359723
2283,0.273,3,57,3,163159,513285,8325,117931,4.065430553795463,0.1868314491394388
2284,0.2731,0,7,0,163166,513278,8325,117931,4.065375110885819,0.1868335210682991
2285,0.2732,1,21,1,163187,513257,8326,117930,4.065208782156888,0.1868384488273681
2286,0.2733,53,799,53,163986,512458,8379,117877,4.05888037004182,0.1870069090245663
2287,0.2734,0,4,0,163990,512454,8379,117877,4.058848688379166,0.18700809574652047
2288,0.2735,1,39,1,164029,512415,8380,117876,4.058539792168293,0.18701837722575762
2289,0.2736,0,2,0,164031,512413,8380,117876,4.058523951336966,0.18701897066266426
2290,0.2737,3,21,3,164052,512392,8383,117873,4.0583576226080345,0.18702133229673232
2291,0.2738,3,30,3,164082,512362,8386,117870,4.058120010138132,0.1870263648941977
2292,0.2739,2,5,2,164087,512357,8388,117868,4.058080408059815,0.18702526875322306
2293,0.274,7,142,7,164229,512215,8395,117861,4.05695570903561,0.1870583866073299
2294,0.2742,11,155,11,164384,512060,8406,117850,4.055728044607781,0.1870902192376689
2295,0.2743,6,57,6,164441,512003,8412,117844,4.055276580914966,0.18709940668130515
2296,0.2744,0,6,0,164447,511997,8412,117844,4.055229058420986,0.1871011890302473
2297,0.2745,3,29,3,164476,511968,8415,117841,4.054999366366747,0.18710593211592721
2298,0.2746,1,7,1,164483,511961,8416,117840,4.054943923457103,0.18710672101187517
2299,0.2747,3,25,3,164508,511936,8419,117837,4.054745913065518,0.1871102762423921
2300,0.2748,1,30,1,164538,511906,8420,117836,4.054508300595615,0.18711789907612958
2301,0.2749,0,3,0,164541,511903,8420,117836,4.054484539348625,0.1871187904830414
2302,0.275,119,1506,119,166047,510397,8539,117717,4.042556393359524,0.18741343131979227
2303,0.2751,0,1,0,166048,510396,8539,117717,4.04254847294386,0.18741372969513448
2304,0.2752,0,17,0,166065,510379,8539,117717,4.042413825877582,0.1874188022213165
2305,0.2753,3,37,3,166102,510342,8542,117714,4.042120770498036,0.18742596201612596
2306,0.2754,0,16,0,166118,510326,8542,117714,4.041994043847421,0.18743073689573914
2307,0.2755,1,23,1,166141,510303,8543,117713,4.041811874287163,0.18743630735522662
2308,0.2756,1,11,1,166152,510292,8544,117712,4.041724749714865,0.1874382965713594
2309,0.2757,6,61,6,166213,510231,8550,117706,4.041241604359397,0.1874487408768714
2310,0.2758,9,127,9,166340,510104,8559,117697,4.040235711570143,0.18747501198628228
2311,0.2759,0,5,0,166345,510099,8559,117697,4.040196109491826,0.18747650510675443
2312,0.276,11,148,11,166493,509951,8570,117686,4.039023887973641,0.18750647269042456
2313,0.2761,0,1,0,166494,509950,8570,117686,4.039015967557978,0.1875067714407714
2314,0.2762,2,30,2,166524,509920,8572,117684,4.038778355088075,0.18751314523170662
2315,0.2763,2,21,2,166545,509899,8574,117682,4.038612026359143,0.1875168304967805
2316,0.2764,1,14,1,166559,509885,8575,117681,4.038501140539855,0.1875197190415032
2317,0.2765,5,32,5,166591,509853,8580,117676,4.038247687238626,0.1875228077108787
2318,0.2766,0,2,0,166593,509851,8580,117676,4.0382318464072995,0.18752340536741846
2319,0.2767,51,782,51,167375,509069,8631,117625,4.032038081358509,0.18769128155048556
2320,0.2768,0,16,0,167391,509053,8631,117625,4.031911354707895,0.187696073581648
2321,0.2769,1,9,1,167400,509044,8632,117624,4.031840070966925,0.18769747298410003
2322,0.277,3,46,3,167446,508998,8635,117621,4.031475731846407,0.1877073628472804
2323,0.2771,3,28,3,167474,508970,8638,117618,4.031253960207832,0.1877118617017881
2324,0.2772,2,20,2,167494,508950,8640,117616,4.0310955518945635,0.18771526064293306
2325,0.2773,5,54,5,167548,508896,8645,117611,4.030667849448739,0.1877249575822776
2326,0.2774,0,4,0,167552,508892,8645,117611,4.030636167786086,0.18772615613971522
2327,0.2775,25,348,25,167900,508544,8670,117586,4.027879863135217,0.18779806110552122
2328,0.2776,2,9,2,167909,508535,8672,117584,4.027808579394247,0.18779816616330122
2329,0.2777,3,34,3,167943,508501,8675,117581,4.027539285261691,0.18780447289652155
2330,0.2778,2,16,2,167959,508485,8677,117579,4.027412558611076,0.18780667791152342
2331,0.2779,0,16,0,167975,508469,8677,117579,4.027285831960461,0.1878114777141689
2332,0.278,3,100,3,168075,508369,8680,117576,4.02649379039412,0.18783758956457836
2333,0.2781,0,7,0,168082,508362,8680,117576,4.026438347484476,0.1878396901929584
2334,0.2782,3,20,3,168102,508342,8683,117573,4.026279939171208,0.18784179960537772
2335,0.2783,34,373,34,168475,507969,8717,117539,4.023325624128755,0.187909667022644
2336,0.2784,1,2,1,168477,507967,8718,117538,4.023309783297427,0.1879089695526015
2337,0.2785,4,31,4,168508,507936,8722,117534,4.023064250411862,0.18791308935680368
2338,0.2786,1,9,1,168517,507927,8723,117533,4.022992966670891,0.18791449493173024
2339,0.2787,5,46,5,168563,507881,8728,117528,4.0226286275503735,0.18792182395840162
2340,0.2788,2,15,2,168578,507866,8730,117526,4.022509821315422,0.1879237342338885
2341,0.2789,0,13,0,168591,507853,8730,117526,4.0224068559117985,0.18792764067869244
2342,0.279,17,86,17,168677,507767,8747,117509,4.021725700164745,0.1879314094895694
2343,0.2791,0,5,0,168682,507762,8747,117509,4.021686098086428,0.1879329122892314
2344,0.2792,13,138,13,168820,507624,8760,117496,4.020593080724876,0.18795751215766573
2345,0.2793,5,42,5,168862,507582,8765,117491,4.020260423267013,0.18796364584616518
2346,0.2795,4,35,4,168897,507547,8769,117487,4.019983208718793,0.18796897448778788
2347,0.2796,0,6,0,168903,507541,8769,117487,4.019935686224813,0.18797077890910488
2348,0.2797,2,30,2,168933,507511,8771,117485,4.019698073754911,0.18797720305409954
2349,0.2798,1,16,1,168949,507495,8772,117484,4.019571347104296,0.18798071615206272
2350,0.2799,1,4,1,168953,507491,8773,117483,4.019539665441642,0.18798061999379173
2351,0.28,318,4871,318,173824,502620,9091,117165,3.9809593207451526,0.1890413611171616
2352,0.2801,1,4,1,173828,502616,9092,117164,3.9809276390824992,0.18904127270967117
2353,0.2802,4,34,4,173862,502582,9096,117160,3.980658344949943,0.18904640963497713
2354,0.2803,2,28,2,173890,502554,9098,117158,3.9804365733113674,0.1890523339874006
2355,0.2804,0,8,0,173898,502546,9098,117158,3.9803732099860603,0.18905477453752115
2356,0.2805,2,19,2,173917,502527,9100,117156,3.980222722088455,0.18905795382477816
2357,0.2806,0,7,0,173924,502520,9100,117156,3.9801672791788114,0.18906008946610808
2358,0.2807,2,71,2,173995,502449,9102,117154,3.979604929666709,0.18907913615653896
2359,0.2808,18,146,18,174141,502303,9120,117136,3.9784485489798507,0.1891001373823734
2360,0.2809,1,4,1,174145,502299,9121,117135,3.978416867317197,0.18910004939993608
2361,0.281,5,73,5,174218,502226,9126,117130,3.9778386769737675,0.18911579124122477
2362,0.2811,0,2,0,174220,502224,9126,117130,3.977822836142441,0.18911640192846094
2363,0.2812,4,21,4,174241,502203,9130,117126,3.977656507413509,0.18911757724892586
2364,0.2813,1,23,1,174264,502180,9131,117125,3.9774743378532507,0.18912329143152404
2365,0.2814,4,5,4,174269,502175,9135,117121,3.9774347357749336,0.18911958094352296
2366,0.2815,2,43,2,174312,502132,9137,117119,3.9770941579014067,0.1891300942590323
2367,0.2816,0,6,0,174318,502126,9137,117119,3.9770466354074263,0.18913192678180688
2368,0.2817,37,408,37,174726,501718,9174,117082,3.9738151058167532,0.1892081447963801
2369,0.2818,4,28,4,174754,501690,9178,117078,3.9735933341781777,0.18921146536343186
2370,0.2819,0,8,0,174762,501682,9178,117078,3.97352997085287,0.18921391169435645
2371,0.282,9,109,9,174871,501573,9187,117069,3.972666645545558,0.18923545443083398
2372,0.2821,1,23,1,174894,501550,9188,117068,3.9724844759852997,0.18924117953244166
2373,0.2822,1,18,1,174912,501532,9189,117067,3.9723419085033584,0.18924537543707637
2374,0.2823,5,37,5,174949,501495,9194,117062,3.972048853123812,0.18925014186243144
2375,0.2824,0,5,0,174954,501490,9194,117062,3.972009251045495,0.18925167164603784
2376,0.2825,31,393,31,175347,501097,9225,117031,3.968896527689773,0.18933133590453757
2377,0.2826,0,6,0,175353,501091,9225,117031,3.9688490051957928,0.1893331737100443
2378,0.2827,6,49,6,175402,501042,9231,117025,3.9684609048282855,0.1893403142377768
2379,0.2828,4,23,4,175425,501019,9235,117021,3.9682787352680267,0.18934211377904342
2380,0.2829,4,15,4,175440,501004,9239,117017,3.968159929033076,0.18934146250693748
2381,0.283,6,36,6,175476,500968,9245,117011,3.9678747940691927,0.18934462174281003
2382,0.2831,0,6,0,175482,500962,9245,117011,3.9678272715752123,0.18934646012042597
2383,0.2832,1,14,1,175496,500948,9246,117010,3.9677163857559243,0.18934943798769496
2384,0.2833,52,816,52,176312,500132,9298,116958,3.9612533265745786,0.18953151080069358
2385,0.2834,0,4,0,176316,500128,9298,116958,3.961221644911925,0.1895327393588576
2386,0.2835,4,36,4,176352,500092,9302,116954,3.9609365099480423,0.1895385433176781
2387,0.2836,0,18,0,176370,500074,9302,116954,3.9607939424661005,0.18954407255424388
2388,0.2837,3,39,3,176409,500035,9305,116951,3.9604850462552275,0.18955211301390956
2389,0.2838,1,24,1,176433,500011,9306,116950,3.9602949562793057,0.18955817304497366
2390,0.2839,2,8,2,176441,500003,9308,116948,3.960231592953998,0.18955800379608753
2391,0.284,16,153,16,176594,499850,9324,116932,3.959019769357496,0.18958400212716972
2392,0.2841,1,5,1,176599,499845,9325,116931,3.958980167279179,0.18958422506712325
2393,0.2842,16,128,16,176727,499717,9341,116915,3.957966354074262,0.18960255062987325
2394,0.2843,4,47,4,176774,499670,9345,116911,3.957594094538081,0.18961174606418296
2395,0.2844,0,10,0,176784,499660,9345,116911,3.9575148903814474,0.1896148213263355
2396,0.2845,1,40,1,176824,499620,9346,116910,3.9571980737549106,0.1896258089630675
2397,0.2846,0,8,0,176832,499612,9346,116910,3.9571347104296035,0.18962826955080272
2398,0.2847,3,32,3,176864,499580,9349,116907,3.9568812571283742,0.18963416909034578
2399,0.2848,1,28,1,176892,499552,9350,116906,3.9566594854897983,0.18964146786966832
2400,0.2849,1,4,1,176896,499548,9351,116905,3.956627803827145,0.18964138385245916
2401,0.285,100,1528,100,178424,498020,9451,116805,3.944525408693448,0.1899808888708169
2402,0.2851,0,4,0,178428,498016,9451,116805,3.9444937270307947,0.1899821248786232
2403,0.2852,2,11,2,178439,498005,9453,116803,3.944406602458497,0.18998288896696205
2404,0.2853,2,34,2,178473,497971,9455,116801,3.944137308325941,0.18999076080237876
2405,0.2854,4,11,4,178484,497960,9459,116797,3.9440501837536432,0.18998888991910626
2406,0.2855,3,23,3,178507,497937,9462,116794,3.943868014193385,0.18999204530111544
2407,0.2856,1,8,1,178515,497929,9463,116793,3.9438046508680777,0.18999320017829197
2408,0.2857,4,43,4,178558,497886,9467,116789,3.943464072994551,0.19000122015699353
2409,0.2858,9,112,9,178670,497774,9476,116780,3.9425769864402485,0.19002398487358313
2410,0.2859,1,7,1,178677,497767,9477,116779,3.9425215435306047,0.1900248313389071
2411,0.286,10,174,10,178851,497593,9487,116769,3.9411433912051703,0.1900654662886051
2412,0.2861,1,8,1,178859,497585,9488,116768,3.9410800278798632,0.1900666229350227
2413,0.2862,0,29,0,178888,497556,9488,116768,3.940850335825624,0.1900755952884797
2414,0.2863,2,22,2,178910,497534,9490,116766,3.940676086681029,0.1900797655868468
2415,0.2864,0,7,0,178917,497527,9490,116766,3.940620643771385,0.1900819315863928
2416,0.2865,3,37,3,178954,497490,9493,116763,3.9403275883918387,0.19008942569267062
2417,0.2866,0,8,0,178962,497482,9493,116763,3.9402642250665316,0.19009190143997917
2418,0.2867,53,795,53,179757,496687,9546,116710,3.933967494614117,0.19026829280221455
2419,0.2868,3,22,3,179779,496665,9549,116707,3.933793245469522,0.1902711568183745
2420,0.2869,0,3,0,179782,496662,9549,116707,3.933769484222532,0.19027208743839352
2421,0.287,3,76,3,179858,496586,9552,116704,3.9331675326321127,0.1902917053922288
2422,0.2871,1,11,1,179869,496575,9553,116703,3.933080408059815,0.19029379824484166
2423,0.2872,3,18,3,179887,496557,9556,116700,3.9329378405778734,0.19029542263683905
2424,0.2873,8,47,8,179934,496510,9564,116692,3.932565581041693,0.19029944455497536
2425,0.2874,1,8,1,179942,496502,9565,116691,3.9325022177163858,0.19030060682362648
2426,0.2875,30,406,30,180348,496096,9595,116661,3.92928652895704,0.1903870539218646
2427,0.2876,3,8,3,180356,496088,9598,116658,3.9292231656317322,0.19038557575243248
2428,0.2877,3,40,3,180396,496048,9601,116655,3.928906349005196,0.19039404083218134
2429,0.2878,2,16,2,180412,496032,9603,116653,3.9287796223545812,0.19039637007597704
2430,0.2879,0,5,0,180417,496027,9603,116653,3.928740020276264,0.19039792387543253
2431,0.288,8,95,8,180512,495932,9611,116645,3.9279875807882396,0.19041687820469916
2432,0.2881,1,10,1,180522,495922,9612,116644,3.9279083766316054,0.19041866509078206
2433,0.2882,1,23,1,180545,495899,9613,116643,3.927726207071347,0.19042449334086478
2434,0.2883,45,450,45,180995,495449,9658,116598,3.924162020022811,0.19050497755891296
2435,0.2884,2,7,2,181002,495442,9660,116596,3.9241065771131667,0.19050451115780392
2436,0.2885,3,32,3,181034,495410,9663,116593,3.923853123811938,0.19051050403347697
2437,0.2886,1,14,1,181048,495396,9664,116592,3.92374223799265,0.1905135394811663
2438,0.2887,3,43,3,181091,495353,9667,116589,3.923401660119123,0.19052295805811661
2439,0.2888,1,27,1,181118,495326,9668,116588,3.923187808896211,0.19053004180325994
2440,0.2889,1,2,1,181120,495324,9669,116587,3.923171968064884,0.19052934168531044
2441,0.289,9,89,9,181209,495235,9678,116578,3.92246705107084,0.19054515023381327
2442,0.2891,1,9,1,181218,495226,9679,116577,3.9223957673298693,0.19054663020612844
2443,0.2892,12,124,12,181342,495102,9691,116565,3.921413635787606,0.19056937843630603
2444,0.2893,5,61,5,181403,495041,9696,116560,3.920930490432138,0.1905817681789271
2445,0.2894,1,7,1,181410,495034,9697,116559,3.920875047522494,0.1905826260274398
2446,0.2895,11,29,11,181439,495005,9708,116548,3.9206453554682548,0.19057710451915041
2447,0.2896,2,8,2,181447,494997,9710,116546,3.9205819921429477,0.1905769504352106
2448,0.2897,3,25,3,181472,494972,9713,116543,3.920383981751362,0.19058077070881335
2449,0.2898,1,18,1,181490,494954,9714,116542,3.920241414269421,0.19058505697502517
2450,0.2899,3,3,3,181493,494951,9717,116539,3.9202176530224304,0.1905820209651834
2451,0.29,318,4748,318,186241,490203,10035,116221,3.882611519452541,0.19164973681780403
2452,0.2901,0,4,0,186245,490199,10035,116221,3.882579837789887,0.19165100095643284
2453,0.2902,3,19,3,186264,490180,10038,116218,3.8824293498922824,0.1916530067711305
2454,0.2903,4,33,4,186297,490147,10042,116214,3.88216797617539,0.19165810466042507
2455,0.2904,0,6,0,186303,490141,10042,116214,3.8821204536814093,0.19166000115443924
2456,0.2905,1,27,1,186330,490114,10043,116213,3.881906602458497,0.19166720268106155
2457,0.2906,0,2,0,186332,490112,10043,116213,3.88189076162717,0.1916678349070218
2458,0.2907,7,63,7,186395,490049,10050,116206,3.8813917754403753,0.19167841914705858
2459,0.2908,7,147,7,186542,489902,10057,116199,3.880227474337853,0.19171557215711574
2460,0.2909,0,3,0,186545,489899,10057,116199,3.880203713090863,0.1917165210906487
2461,0.291,2,75,2,186620,489824,10059,116197,3.879609681916107,0.1917375800508563
2462,0.2911,0,12,0,186632,489812,10059,116197,3.879514636928146,0.19174137677823266
2463,0.2912,1,19,1,186651,489793,10060,116196,3.879364149030541,0.1917460547963742
2464,0.2913,3,32,3,186683,489761,10063,116193,3.8791106957293118,0.19175217920832274
2465,0.2914,3,17,3,186700,489744,10066,116190,3.878976048663034,0.19175355731812377
2466,0.2915,1,23,1,186723,489721,10067,116189,3.8787938791027754,0.19175950223630572
2467,0.2916,0,10,0,186733,489711,10067,116189,3.878714674946141,0.1917626671067833
2468,0.2917,35,444,35,187177,489267,10102,116154,3.8751980103915855,0.19185657583730992
2469,0.2918,3,23,3,187200,489244,10105,116151,3.8750158408313267,0.1918598600913453
2470,0.2919,0,9,0,187209,489235,10105,116151,3.8749445570903562,0.19186271238515593
2471,0.292,10,116,10,187325,489119,10115,116141,3.8740257888734,0.19188613157981693
2472,0.2921,3,14,3,187339,489105,10118,116138,3.8739149030541125,0.19188656456993305
2473,0.2922,2,14,2,187353,489091,10120,116136,3.8738040172348245,0.1918883328073599
2474,0.2923,2,34,2,187387,489057,10122,116134,3.8735347231022685,0.19189644261067992
2475,0.2924,1,10,1,187397,489047,10123,116133,3.8734555189456343,0.19189827819822203
2476,0.2925,36,410,36,187807,488637,10159,116097,3.8702081485236346,0.19198027562531625
2477,0.2926,1,8,1,187815,488629,10160,116096,3.870144785198327,0.1919814791847534
2478,0.2927,3,46,3,187861,488583,10163,116093,3.8697804460778102,0.1919920750947615
2479,0.2928,2,32,2,187893,488551,10165,116091,3.869526992776581,0.1919995633779989
2480,0.2929,2,21,2,187914,488530,10167,116089,3.8693606640476492,0.19200355926624865
2481,0.293,1,46,1,187960,488484,10168,116088,3.868996324927132,0.192016831742125
2482,0.2931,0,8,0,187968,488476,10168,116088,3.868932961601825,0.19201937263879423
2483,0.2932,3,17,3,187985,488459,10171,116085,3.868798314535547,0.19202076275672242
2484,0.2933,71,821,71,188806,487638,10242,116014,3.862295653275884,0.19218688913479953
2485,0.2934,0,4,0,188810,487634,10242,116014,3.8622639716132303,0.19218816263782867
2486,0.2935,6,44,6,188854,487590,10248,116008,3.86191547332404,0.19219414245905386
2487,0.2936,0,10,0,188864,487580,10248,116008,3.861836269167406,0.19219732665328004
2488,0.2937,1,35,1,188899,487545,10249,116007,3.8615590546191862,0.1922071337680929
2489,0.2938,2,25,2,188924,487520,10251,116005,3.861361044227601,0.19221241870676442
2490,0.2939,0,9,0,188933,487511,10251,116005,3.8612897604866303,0.19221528509600408
2491,0.294,8,167,8,189100,487344,10259,115997,3.85996705107084,0.19225777793983834
2492,0.2941,0,4,0,189104,487340,10259,115997,3.8599353694081864,0.19225905256929376
2493,0.2942,8,150,8,189254,487190,10267,115989,3.8587473070586746,0.19229615089384744
2494,0.2943,3,58,3,189312,487132,10270,115986,3.8582879229501965,0.19231062578135621
2495,0.2944,0,10,0,189322,487122,10270,115986,3.8582087187935623,0.1923138144411946
2496,0.2945,1,27,1,189349,487095,10271,115985,3.85799486757065,0.1923210850965046
2497,0.2946,0,10,0,189359,487085,10271,115985,3.857915663414016,0.19232427413069794
2498,0.2947,3,29,3,189388,487056,10274,115982,3.857685971359777,0.1923295049399872
2499,0.2948,2,25,2,189413,487031,10276,115980,3.8574879609681916,0.19233479986268906
2500,0.2949,0,13,0,189426,487018,10276,115980,3.8573849955645674,0.19233894639783217
2501,0.295,127,1587,127,191013,485431,10403,115853,3.844815295906729,0.1926760066790402
2502,0.2951,0,2,0,191015,485429,10403,115853,3.8447994550754023,0.19267664756304032
2503,0.2952,2,21,2,191036,485408,10405,115851,3.8446331263464706,0.19268069168195404
2504,0.2953,2,37,2,191073,485371,10407,115849,3.844340070966924,0.19268986394331525
2505,0.2954,0,10,0,191083,485361,10407,115849,3.84426086681029,0.19269306897756192
2506,0.2955,4,21,4,191104,485340,10411,115845,3.8440945380813587,0.1926944285037052
2507,0.2956,1,12,1,191116,485328,10412,115844,3.8439994930933974,0.19269693199284066
2508,0.2957,6,53,6,191169,485275,10418,115838,3.843579711063237,0.19270586395569553
2509,0.2958,17,137,17,191306,485138,10435,115821,3.842494614117349,0.19272695807867093
2510,0.2959,0,6,0,191312,485132,10435,115821,3.8424470916233684,0.1927288822919596
2511,0.296,14,156,14,191468,484976,10449,115807,3.8412115067798758,0.19276011471696103
2512,0.2961,0,10,0,191478,484966,10449,115807,3.8411323026232416,0.19276332325187717
2513,0.2962,3,39,3,191517,484927,10452,115804,3.8408234064123685,0.19277180634926447
2514,0.2963,0,21,0,191538,484906,10452,115804,3.840657077683437,0.19277854538795758
2515,0.2964,1,15,1,191553,484891,10453,115803,3.8405382714484855,0.19278201546877446
2516,0.2965,5,38,5,191591,484853,10458,115798,3.8402372956532758,0.19278749223758887
2517,0.2966,3,8,3,191599,484845,10461,115795,3.8401739323279687,0.1927860282365477
2518,0.2967,65,795,65,192394,484050,10526,115730,3.8338772018755543,0.19295408316382673
2519,0.2968,3,24,3,192418,484026,10529,115727,3.8336871118996325,0.19295776761433456
2520,0.2969,0,11,0,192429,484015,10529,115727,3.833599987327335,0.19296130669521228
2521,0.297,5,55,5,192484,483960,10534,115722,3.8331643644658473,0.19297227530591213
2522,0.2971,1,19,1,192503,483941,10535,115721,3.833013876568242,0.19297704373463717
2523,0.2972,1,20,1,192523,483921,10536,115720,3.832855468254974,0.19298213431036237
2524,0.2973,2,51,2,192574,483870,10538,115718,3.83245152705614,0.19299585715524661
2525,0.2974,1,10,1,192584,483860,10539,115717,3.8323723228995057,0.19299773006636345
2526,0.2975,28,377,28,192961,483483,10567,115689,3.8293863261943986,0.19308145240431795
2527,0.2976,2,13,2,192974,483470,10569,115687,3.8292833607907744,0.19308294820890018
2528,0.2977,2,28,2,193002,483442,10571,115685,3.829061589152199,0.19308927823316258
2529,0.2978,1,28,1,193030,483414,10572,115684,3.828839817513623,0.1930969557568211
2530,0.2979,0,17,0,193047,483397,10572,115684,3.828705170447345,0.19310243522996057
2531,0.298,5,100,5,193147,483297,10577,115679,3.8279131288810038,0.19312793834811412
2532,0.2981,0,6,0,193153,483291,10577,115679,3.8278656063870233,0.1931298729485617
2533,0.2982,3,31,3,193184,483260,10580,115676,3.8276200735014574,0.1931358275341606
2534,0.2983,43,448,43,193632,482812,10623,115633,3.824071727284248,0.19322243481021648
2535,0.2984,0,4,0,193636,482808,10623,115633,3.824040045621594,0.19322372631554321
2536,0.2985,2,33,2,193669,482775,10625,115631,3.8237786719047016,0.1932316855111747
2537,0.2986,2,15,2,193684,482760,10627,115629,3.8236598656697502,0.19323383284117857
2538,0.2987,5,36,5,193720,482724,10632,115624,3.8233747307058676,0.19323871726821182
2539,0.2988,1,27,1,193747,482697,10633,115623,3.8231608794829555,0.19324608904933815
2540,0.2989,0,9,0,193756,482688,10633,115623,3.8230895957419846,0.19324899592352474
2541,0.299,6,95,6,193851,482593,10639,115617,3.82233715625396,0.19327159358753615
2542,0.2991,0,3,0,193854,482590,10639,115617,3.82231339500697,0.1932725628419594
2543,0.2992,8,148,8,194002,482442,10647,115609,3.8211411734887846,0.1933096006862291
2544,0.2993,5,44,5,194046,482398,10652,115604,3.8207926751995944,0.19331707920709296
2545,0.2994,0,9,0,194055,482389,10652,115604,3.8207213914586236,0.19331998869551983
2546,0.2995,0,20,0,194075,482369,10652,115604,3.8205629831453556,0.1933264545389173
2547,0.2996,1,4,1,194079,482365,10653,115603,3.820531301482702,0.19332639873705618
2548,0.2997,4,34,4,194113,482331,10657,115599,3.820262007350146,0.19333199538407506
2549,0.2998,3,23,3,194136,482308,10660,115596,3.820079837789887,0.19333538494474029
2550,0.2999,0,4,0,194140,482304,10660,115596,3.8200481561272337,0.1933366783743101
2551,0.3,318,4935,318,199075,477369,10978,115278,3.7809609048282855,0.19451376620484032
2552,0.3001,0,6,0,199081,477363,10978,115278,3.780913382334305,0.19451573549585668
2553,0.3002,5,33,5,199114,477330,10983,115273,3.7806520086174125,0.19451977124651748
2554,0.3003,4,31,4,199145,477299,10987,115269,3.7804064757318465,0.1945245102671761
2555,0.3004,1,13,1,199158,477286,10988,115268,3.780303510328222,0.19452741859813621
2556,0.3005,3,38,3,199196,477248,10991,115265,3.780002534533012,0.19453581609179882
2557,0.3006,0,3,0,199199,477245,10991,115265,3.779978773286022,0.19453680106664867
2558,0.3007,1,51,1,199250,477194,10992,115264,3.779574832087188,0.19455218766562354
2559,0.3008,4,142,4,199392,477052,10996,115260,3.778450133062983,0.19459338997015085
2560,0.3009,0,4,0,199396,477048,10996,115260,3.7784184514003294,0.19459470410664723
2561,0.301,13,77,13,199473,476971,11009,115247,3.7778085793942466,0.19460232549500353
2562,0.3011,1,7,1,199480,476964,11010,115246,3.777753136484603,0.19460326573343914
2563,0.3012,2,35,2,199515,476929,11012,115244,3.777475921936383,0.19461204749287792
2564,0.3013,4,37,4,199552,476892,11016,115240,3.7771828665568368,0.19461876743699041
2565,0.3014,1,13,1,199565,476879,11017,115239,3.7770799011532126,0.1946216801380806
2566,0.3015,3,34,3,199599,476845,11020,115236,3.7768106070206566,0.19462877545470975
2567,0.3016,0,4,0,199603,476841,11020,115236,3.776778925358003,0.19463009034297904
2568,0.3017,30,385,30,199988,476456,11050,115206,3.773729565327588,0.19471590198457903
2569,0.3018,1,21,1,200009,476435,11051,115205,3.773563236598657,0.1947214522344669
2570,0.3019,0,10,0,200019,476425,11051,115205,3.7734840324420227,0.1947247435052313
2571,0.302,14,127,14,200146,476298,11065,115191,3.772478139652769,0.1947474931909131
2572,0.3021,0,14,0,200160,476284,11065,115191,3.7723672538334814,0.1947521027938628
2573,0.3022,0,20,0,200180,476264,11065,115191,3.772208845520213,0.19475868831948331
2574,0.3023,2,40,2,200220,476224,11067,115189,3.771892028893676,0.1947691376415466
2575,0.3024,3,12,3,200232,476212,11070,115186,3.7717969839057153,0.19476900496788965
2576,0.3025,33,429,33,200661,475783,11103,115153,3.768399125586111,0.1948654338202445
2577,0.3026,0,8,0,200669,475775,11103,115153,3.7683357622608034,0.19486807191400646
2578,0.3027,5,47,5,200716,475728,11108,115148,3.7679635027246228,0.19487675925236428
2579,0.3028,1,17,1,200733,475711,11109,115147,3.767828855658345,0.19488100355753835
2580,0.3029,1,19,1,200752,475692,11110,115146,3.76767836776074,0.19488590781229373
2581,0.303,3,59,3,200811,475633,11113,115143,3.7672110632365987,0.19490128238113938
2582,0.3031,1,13,1,200824,475620,11114,115142,3.767108097832974,0.19490420846296816
2583,0.3032,2,27,2,200851,475593,11116,115140,3.766894246610062,0.19491039098882237
2584,0.3033,65,804,65,201655,474789,11181,115075,3.760526232416677,0.195087342167008
2585,0.3034,1,6,1,201661,474783,11182,115074,3.7604787099226966,0.1950879619975689
2586,0.3035,1,32,1,201693,474751,11183,115073,3.7602252566214673,0.19509718153211805
2587,0.3036,1,4,1,201697,474747,11184,115072,3.760193574958814,0.19509713997005862
2588,0.3037,4,30,4,201727,474717,11188,115068,3.7599559624889114,0.19510160482209618
2589,0.3038,2,21,2,201748,474696,11190,115066,3.7597896337599797,0.19510582234867624
2590,0.3039,1,4,1,201752,474692,11191,115065,3.759757952097326,0.1951057808555049
2591,0.304,14,146,14,201898,474546,11205,115051,3.7586015714104675,0.19513498203009852
2592,0.3041,0,2,0,201900,474544,11205,115051,3.758585730579141,0.1951356439589888
2593,0.3042,17,153,17,202053,474391,11222,115034,3.7573739069826386,0.1951630826653094
2594,0.3043,6,66,6,202119,474325,11228,115028,3.756851159548853,0.19517674466745735
2595,0.3044,1,5,1,202124,474320,11229,115027,3.756811557470536,0.19517703492170146
2596,0.3045,2,21,2,202145,474299,11231,115025,3.7566452287416046,0.19518125852671875
2597,0.3046,1,3,1,202148,474296,11232,115024,3.756621467494614,0.1951808864453947
2598,0.3047,3,40,3,202188,474256,11235,115021,3.7563046508680777,0.1951900379617735
2599,0.3048,3,24,3,202212,474232,11238,115018,3.7561145608921556,0.19519389053882052
2600,0.3049,1,4,1,202216,474228,11239,115017,3.756082879229502,0.1951938497568923
2601,0.305,115,1618,115,203834,472610,11354,114902,3.743267646686098,0.19557387763994608
2602,0.3051,3,4,3,203838,472606,11357,114899,3.7432359650234446,0.19557110152254023
2603,0.3052,6,23,6,203861,472583,11363,114893,3.7430537954631857,0.19557054245620248
2604,0.3053,2,44,2,203905,472539,11365,114891,3.7427052971739956,0.19558245237730454
2605,0.3054,1,14,1,203919,472525,11366,114890,3.742594411354708,0.19558574432045486
2606,0.3055,1,26,1,203945,472499,11367,114889,3.742388480547459,0.19559303220358604
2607,0.3056,0,9,0,203954,472490,11367,114889,3.7423171968064883,0.19559602913961854
2608,0.3057,5,55,5,204009,472435,11372,114884,3.7418815739450006,0.19560749779932202
2609,0.3058,6,124,6,204133,472311,11378,114878,3.7408994424027373,0.1956405859101584
2610,0.3059,1,3,1,204136,472308,11379,114877,3.740875681155747,0.19564021560496267
2611,0.306,19,171,19,204307,472137,11398,114858,3.7395212900773034,0.19567117266756956
2612,0.3061,1,10,1,204317,472127,11399,114857,3.739442085920669,0.19567313589467517
2613,0.3062,3,27,3,204344,472100,11402,114854,3.739228234697757,0.19567802587596303
2614,0.3063,5,35,5,204379,472065,11407,114849,3.7389510201495373,0.19568284280150072
2615,0.3064,0,5,0,204384,472060,11407,114849,3.73891141807122,0.19568450986439123
2616,0.3065,3,28,3,204412,472032,11410,114846,3.7386896464326447,0.19568973449337002
2617,0.3066,0,7,0,204419,472025,11410,114846,3.738634203523001,0.19569206861473817
2618,0.3067,71,842,71,205261,471183,11481,114775,3.7319652135344064,0.1958758136248673
2619,0.3068,2,29,2,205290,471154,11483,114773,3.731735521480167,0.1958827635524562
2620,0.3069,1,6,1,205296,471148,11484,114772,3.7316879989861866,0.1958833970507919
2621,0.307,6,66,6,205362,471082,11490,114766,3.7311652515524014,0.19589722931545384
2622,0.3071,1,26,1,205388,471056,11491,114765,3.7309593207451526,0.1959045510488699
2623,0.3072,1,18,1,205406,471038,11492,114764,3.7308167532632113,0.19590919798839881
2624,0.3073,3,69,3,205475,470969,11495,114761,3.7302702445824356,0.1959281580250286
2625,0.3074,1,6,1,205481,470963,11496,114760,3.730222722088455,0.19592879227894414
2626,0.3075,33,360,33,205841,470603,11529,114727,3.727371372449626,0.19600396357610236
2627,0.3076,3,8,3,205849,470595,11532,114724,3.727308009124319,0.1960025217018412
2628,0.3077,3,40,3,205889,470555,11535,114721,3.726991192497782,0.19601179614404143
2629,0.3078,2,17,2,205906,470538,11537,114719,3.726856545431504,0.19601474224144264
2630,0.3079,1,13,1,205919,470525,11538,114718,3.72675358002788,0.1960177225528541
2631,0.308,14,109,14,206028,470416,11552,114704,3.725890254720568,0.19603500136724092
2632,0.3081,2,7,2,206035,470409,11554,114702,3.7258348118109237,0.1960345985633495
2633,0.3082,1,22,1,206057,470387,11555,114701,3.7256605626663286,0.19604059560271275
2634,0.3083,36,429,36,206486,469958,11591,114665,3.7222627043467242,0.196134945084268
2635,0.3084,1,4,1,206490,469954,11592,114664,3.7222310226840705,0.19613491202802513
2636,0.3085,6,44,6,206534,469910,11598,114658,3.7218825243948803,0.19614142409437396
2637,0.3086,1,18,1,206552,469892,11599,114657,3.7217399569129386,0.1961460886940188
2638,0.3087,5,56,5,206608,469836,11604,114652,3.7212964136357876,0.19615800495476382
2639,0.3088,1,19,1,206627,469817,11605,114651,3.721145925738183,0.19616300635791867
2640,0.3089,0,9,0,206636,469808,11605,114651,3.721074641997212,0.19616602704381317
2641,0.309,4,88,4,206724,469720,11609,114647,3.7203776454188318,0.1961900654896666
2642,0.3091,0,2,0,206726,469718,11609,114647,3.7203618045875047,0.19619073695378744
2643,0.3092,9,151,9,206877,469567,11618,114638,3.719165821822329,0.19622906342807747
2644,0.3093,7,67,7,206944,469500,11625,114631,3.7186351539728806,0.19624193888014846
2645,0.3094,0,3,0,206947,469497,11625,114631,3.71861139272589,0.19624294675139695
2646,0.3095,4,41,4,206988,469456,11629,114627,3.7182866556836904,0.19625121772076914
2647,0.3096,1,8,1,206996,469448,11630,114626,3.718223292358383,0.1962525296452162
2648,0.3097,2,37,2,207033,469411,11632,114624,3.7179302369788365,0.1962622103127381
2649,0.3098,1,31,1,207064,469380,11633,114623,3.717684704093271,0.19627125203123957
2650,0.3099,2,11,2,207075,469369,11635,114621,3.7175975795209735,0.1962721964417199
2651,0.31,374,4784,374,211859,464585,12009,114247,3.679706310987201,0.19737505873897782
2652,0.3101,0,7,0,211866,464578,12009,114247,3.6796508680775566,0.1973774456873839
2653,0.3102,4,18,4,211884,464560,12013,114243,3.6795083005956153,0.19737803708688448
2654,0.3103,2,38,2,211922,464522,12015,114241,3.6792073248004056,0.19738822281313767
2655,0.3104,1,11,1,211933,464511,12016,114240,3.679120200228108,0.19739058766205156
2656,0.3105,3,23,3,211956,464488,12019,114237,3.6789380306678496,0.19739427189079442
2657,0.3106,0,4,0,211960,464484,12019,114237,3.678906349005196,0.19739563623922407
2658,0.3107,6,52,6,212012,464432,12025,114231,3.678494487390698,0.19740505268178543
2659,0.3108,14,151,14,212163,464281,12039,114217,3.6772985046255227,0.19743715622180197
2660,0.3109,2,4,2,212167,464277,12041,114215,3.677266822962869,0.19743574673461345
2661,0.311,5,97,5,212264,464180,12046,114210,3.6764985426435177,0.19746192015767908
2662,0.3111,2,7,2,212271,464173,12048,114208,3.676443099733874,0.19746153487061296
2663,0.3112,1,29,1,212300,464144,12049,114207,3.676213407679635,0.1974700484653783
2664,0.3113,6,52,6,212352,464092,12055,114201,3.6758015460651374,0.19747947839589966
2665,0.3114,2,20,2,212372,464072,12057,114199,3.675643137751869,0.1974835328072824
2666,0.3115,1,30,1,212402,464042,12058,114198,3.675405525281967,0.19749239070282235
2667,0.3116,1,7,1,212409,464035,12059,114197,3.675350082372323,0.19749339365514187
2668,0.3117,36,481,36,212890,463554,12095,114161,3.6715403624382206,0.1976078170031936
2669,0.3118,0,15,0,212905,463539,12095,114161,3.6714215562032697,0.19761294789683226
2670,0.3119,1,7,1,212912,463532,12096,114160,3.6713661132936255,0.19761395345616695
2671,0.312,8,93,8,213005,463439,12104,114152,3.670629514636928,0.1976346584347748
2672,0.3121,2,9,2,213014,463430,12106,114150,3.6705582308959572,0.19763495965926797
2673,0.3122,3,13,3,213027,463417,12109,114147,3.670455265492333,0.1976352404235721
2674,0.3123,2,47,2,213074,463370,12111,114145,3.6700830059561524,0.19764854592521405
2675,0.3124,1,7,1,213081,463363,12112,114144,3.6700275630465087,0.19764955229979897
2676,0.3125,48,390,48,213471,462973,12160,114096,3.6669386009377773,0.1977163909341864
2677,0.3126,1,8,1,213479,462965,12161,114095,3.66687523761247,0.1977177416559803
2678,0.3127,2,52,2,213531,462913,12163,114093,3.6664633759979726,0.1977327792085351
2679,0.3128,1,14,1,213545,462899,12164,114092,3.6663524901786846,0.1977361865263063
2680,0.3129,0,19,0,213564,462880,12164,114092,3.6662020022810795,0.19774269808586897
2681,0.313,5,63,5,213627,462817,12169,114087,3.6657030160942847,0.19775733917601543
2682,0.3131,4,11,4,213638,462806,12173,114083,3.665615891521987,0.19775554742766807
2683,0.3132,2,20,2,213658,462786,12175,114081,3.665457483208719,0.19775962223528126
2684,0.3133,71,862,71,214520,461924,12246,114010,3.658630084906856,0.19795671031750167
2685,0.3134,5,8,5,214528,461916,12251,114005,3.6585667215815487,0.19795249695704792
2686,0.3135,5,35,5,214563,461881,12256,114000,3.658289507033329,0.19795756414953783
2687,0.3136,0,4,0,214567,461877,12256,114000,3.6582578253706752,0.197958939148464
2688,0.3137,4,27,4,214594,461850,12260,113996,3.658043974147763,0.1979626497362142
2689,0.3138,2,24,2,214618,461826,12262,113994,3.6578538841718413,0.19796811503594874
2690,0.3139,1,11,1,214629,461815,12263,113993,3.657766759599544,0.19797050405690786
2691,0.314,12,168,12,214797,461647,12275,113981,3.6564361297680903,0.19801156302334147
2692,0.3141,0,2,0,214799,461645,12275,113981,3.656420288936763,0.19801225101020453
2693,0.3142,14,130,14,214929,461515,12289,113967,3.6553906349005194,0.1980374711980566
2694,0.3143,4,72,4,215001,461443,12293,113963,3.6548203649727538,0.19805667650319947
2695,0.3144,0,8,0,215009,461435,12293,113963,3.6547570016474467,0.19805943016833566
2696,0.3145,0,29,0,215038,461406,12293,113963,3.6545273095932074,0.19806941284636467
2697,0.3146,0,9,0,215047,461397,12293,113963,3.654456025852237,0.19807251112347052
2698,0.3147,4,36,4,215083,461361,12297,113959,3.654170890888354,0.1980793297643051
2699,0.3148,2,31,2,215114,461330,12299,113957,3.653925358002788,0.1980872155984752
2700,0.3149,0,10,0,215124,461320,12299,113957,3.6538461538461537,0.19809065893473926
2701,0.315,113,1726,113,216850,459594,12412,113844,3.640175516411101,0.19852887321733126
2702,0.3151,0,2,0,216852,459592,12412,113844,3.6401596755797745,0.198529565635921
2703,0.3152,3,24,3,216876,459568,12415,113841,3.6399695856038523,0.19853368189198287
2704,0.3153,4,51,4,216927,459517,12419,113837,3.6395656444050184,0.1985457500950547
2705,0.3154,1,12,1,216939,459505,12420,113836,3.6394705994170575,0.19854850778158198
2706,0.3155,2,25,2,216964,459480,12422,113834,3.639272589025472,0.19855436985665795
2707,0.3156,2,7,2,216971,459473,12424,113832,3.6392171461158282,0.19855399830805592
2708,0.3157,8,54,8,217025,459419,12432,113824,3.638789443670004,0.1985615175414266
2709,0.3158,15,157,15,217182,459262,12447,113809,3.637545938410848,0.19859493849802207
2710,0.3159,0,4,0,217186,459258,12447,113809,3.637514256748194,0.19859632468803823
2711,0.316,16,157,16,217343,459101,12463,113793,3.6362707514890382,0.1986283675514144
2712,0.3161,3,9,3,217352,459092,12466,113790,3.6361994677480673,0.19862729148411015
2713,0.3162,0,30,0,217382,459062,12466,113790,3.635961855278165,0.19863769350547786
2714,0.3163,6,34,6,217416,459028,12472,113784,3.635692561145609,0.19864108992130053
2715,0.3164,3,17,3,217433,459011,12475,113781,3.635557914079331,0.19864278830709925
2716,0.3165,1,29,1,217462,458982,12476,113780,3.635328222025092,0.19865144684877836
2717,0.3166,0,2,0,217464,458980,12476,113780,3.635312381193765,0.19865214051260563
2718,0.3167,87,883,87,218347,458097,12563,113693,3.6283186541629706,0.19883698560660382
2719,0.3168,4,23,4,218370,458074,12567,113689,3.6281364846027118,0.198839379253292
2720,0.3169,1,3,1,218373,458071,12568,113688,3.6281127233557218,0.1988390213359125
2721,0.317,9,50,9,218423,458021,12577,113679,3.627716702572551,0.1988437991953822
2722,0.3171,4,23,4,218446,457998,12581,113675,3.6275345330122923,0.19884619354071295
2723,0.3172,1,20,1,218466,457978,12582,113674,3.6273761246990244,0.19885174896615423
2724,0.3173,8,52,8,218518,457926,12590,113666,3.6269642630845267,0.19885862643284022
2725,0.3174,0,9,0,218527,457917,12590,113666,3.626892979343556,0.1988617576100059
2726,0.3175,49,378,49,218905,457539,12639,113617,3.6238990622227853,0.19892463705187374
2727,0.3176,0,14,0,218919,457525,12639,113617,3.623788176403498,0.19892951315084514
2728,0.3177,9,48,9,218967,457477,12648,113608,3.623407996451654,0.19893360883231043
2729,0.3178,4,27,4,218994,457450,12652,113604,3.6231941452287417,0.19893740346797326
2730,0.3179,1,31,1,219025,457419,12653,113603,3.622948612343176,0.19894680064866152
2731,0.318,9,101,9,219126,457318,12662,113594,3.622148650361171,0.1989693683089513
2732,0.3181,0,5,0,219131,457313,12662,113594,3.6221090482828537,0.19897111088145705
2733,0.3182,1,29,1,219160,457284,12663,113593,3.621879356228615,0.19897981526668618
2734,0.3183,41,464,41,219624,456820,12704,113552,3.618204283360791,0.19908410651294242
2735,0.3184,0,5,0,219629,456815,12704,113552,3.6181646812824737,0.199085851741072
2736,0.3185,3,39,3,219668,456776,12707,113549,3.6178557850716007,0.19909525270679
2737,0.3186,3,14,3,219682,456762,12710,113546,3.6177448992523127,0.19909592711306873
2738,0.3187,6,34,6,219716,456728,12716,113540,3.6174756051197567,0.19909937082213977
2739,0.3188,3,29,3,219745,456699,12719,113537,3.6172459130655175,0.19910528272504718
2740,0.3189,3,22,3,219767,456677,12722,113534,3.6170716639209224,0.19910875097113173
2741,0.319,7,98,7,219865,456579,12729,113527,3.616295463185908,0.1991331436610034
2742,0.3191,1,6,1,219871,456573,12730,113526,3.6162479406919275,0.19913383464977136
2743,0.3192,14,139,14,220010,456434,12744,113512,3.615147002914713,0.1991627276970099
2744,0.3193,5,61,5,220071,456373,12749,113507,3.6146638575592447,0.19917701972345056
2745,0.3194,1,0,1,220071,456373,12750,113506,3.6146638575592447,0.19917561447254592
2746,0.3195,7,44,7,220115,456329,12757,113499,3.6143153592700545,0.19918115641912998
2747,0.3196,1,8,1,220123,456321,12758,113498,3.614251995944747,0.19918254744050304
2748,0.3197,3,29,3,220152,456292,12761,113495,3.614022303890508,0.19918846867338147
2749,0.3198,4,39,4,220191,456253,12765,113491,3.613713407679635,0.19919648122665617
2750,0.3199,0,4,0,220195,456249,12765,113491,3.6136817260169813,0.19919787973461578
2751,0.32,381,5116,381,225311,451133,13146,113110,3.5731608794829555,0.20046327557453084
2752,0.3201,0,2,0,225313,451131,13146,113110,3.5731450386516284,0.20046398613358477
2753,0.3202,3,14,3,225327,451117,13149,113107,3.573034152832341,0.20046470905172414
2754,0.3203,3,31,3,225358,451086,13152,113104,3.572788619946775,0.20047147237632712
2755,0.3204,0,8,0,225366,451078,13152,113104,3.5727252566214673,0.20047431502600224
2756,0.3205,0,26,0,225392,451052,13152,113104,3.572519325814219,0.20048355419422997
2757,0.3206,0,7,0,225399,451045,13152,113104,3.5724638829045747,0.2004860418081039
2758,0.3207,3,65,3,225464,450980,13155,113101,3.571949055886453,0.20050489202791796
2759,0.3208,17,169,17,225633,450811,13172,113084,3.570610505639336,0.20054088083774463
2760,0.3209,0,6,0,225639,450805,13172,113084,3.5705629831453556,0.20054301467132715
2761,0.321,7,88,7,225727,450717,13179,113077,3.569865986566975,0.2005643905398071
2762,0.3211,0,15,0,225742,450702,13179,113077,3.569747180332024,0.20056972679010748
2763,0.3212,4,32,4,225774,450670,13183,113073,3.5694937270307947,0.20057543951765255
2764,0.3213,5,41,5,225815,450629,13188,113068,3.5691689899885946,0.20058293728723056
2765,0.3214,1,18,1,225833,450611,13189,113067,3.5690264225066533,0.20058792431139763
2766,0.3215,3,53,3,225886,450558,13192,113064,3.5686066404764922,0.20060253148386684
2767,0.3216,1,1,1,225887,450557,13193,113063,3.568598720060829,0.20060146907490864
2768,0.3217,43,458,43,226345,450099,13236,113020,3.5649711696869852,0.200703581303419
2769,0.3218,1,24,1,226369,450075,13237,113019,3.564781079711063,0.20071071615041183
2770,0.3219,2,6,2,226375,450069,13239,113017,3.5647335572170826,0.20071001587679324
2771,0.322,7,99,7,226474,449970,13246,113010,3.563949436066405,0.20073537248214857
2772,0.3221,2,10,2,226484,449960,13248,113008,3.5638702319097706,0.20073609867701184
2773,0.3222,1,24,1,226508,449936,13249,113007,3.563680141933849,0.2007432368818868
2774,0.3223,3,47,3,226555,449889,13252,113004,3.5633078823976683,0.20075573865725813
2775,0.3224,1,10,1,226565,449879,13253,113003,3.563228678241034,0.20075788531166391
2776,0.3225,33,452,33,227017,449427,13286,112970,3.559648650361171,0.20087233751246894
2777,0.3226,2,12,2,227029,449415,13288,112968,3.55955360537321,0.20087378174660328
2778,0.3227,13,56,13,227085,449359,13301,112955,3.559110062096059,0.20087531165861067
2779,0.3228,1,18,1,227103,449341,13302,112954,3.558967494614117,0.2008803208280351
2780,0.3229,4,22,4,227125,449319,13306,112950,3.558793245469522,0.20088249574491926
2781,0.323,8,63,8,227188,449256,13314,112942,3.5582942592827274,0.20089363533843949
2782,0.3231,0,8,0,227196,449248,13314,112942,3.55823089595742,0.20089649406784182
2783,0.3232,3,19,3,227215,449229,13317,112939,3.558080408059815,0.20089901951018202
2784,0.3233,71,853,71,228068,448376,13388,112868,3.5513242934989226,0.20110326346473192
2785,0.3234,0,2,0,228070,448374,13388,112868,3.551308452667596,0.2011039801012754
2786,0.3235,3,26,3,228096,448348,13391,112865,3.551102521860347,0.20110902634115746
2787,0.3236,0,8,0,228104,448340,13391,112865,3.55103915853504,0.2011118931584715
2788,0.3237,4,40,4,228144,448300,13395,112861,3.550722341908503,0.20112053403568672
2789,0.3238,3,26,3,228170,448274,13398,112858,3.5505164111012544,0.2011255818595268
2790,0.3239,1,11,1,228181,448263,13399,112857,3.550429286528957,0.2011281009409752
2791,0.324,12,156,12,228337,448107,13411,112845,3.5491937016854647,0.2011669447653275
2792,0.3241,0,4,0,228341,448103,13411,112845,3.549162020022811,0.20116837924370887
2793,0.3242,12,136,12,228477,447967,13423,112833,3.5480848434925867,0.20120007132667617
2794,0.3243,6,65,6,228542,447902,13429,112827,3.547570016474465,0.20121484710082768
2795,0.3244,0,2,0,228544,447900,13429,112827,3.5475541756431377,0.20121556479356265
2796,0.3245,3,30,3,228574,447870,13432,112824,3.5473165631732355,0.2012220569508502
2797,0.3246,3,14,3,228588,447856,13435,112821,3.5472056773539475,0.20122280742744933
2798,0.3247,5,37,5,228625,447819,13440,112816,3.546912621974401,0.2012289635859338
2799,0.3248,5,24,5,228649,447795,13445,112811,3.5467225319984794,0.20123045418707614
2800,0.3249,3,10,3,228659,447785,13448,112808,3.546643327841845,0.201229769190839
2801,0.325,152,1630,152,230289,446155,13600,112656,3.5337330503104805,0.20159946744069104
2802,0.3251,1,5,1,230294,446150,13601,112655,3.5336934482321634,0.2015998425210941
2803,0.3252,2,16,2,230310,446134,13603,112653,3.5335667215815487,0.2016027574012996
2804,0.3253,6,48,6,230358,446086,13609,112647,3.533186541629705,0.2016115031687765
2805,0.3254,0,6,0,230364,446080,13609,112647,3.5331390191357244,0.20161366821363563
2806,0.3255,1,28,1,230392,446052,13610,112646,3.532917247497149,0.20162234337692278
2807,0.3256,0,11,0,230403,446041,13610,112646,3.532830122924851,0.20162631312344836
2808,0.3257,11,50,11,230453,445991,13621,112635,3.5324341021416803,0.20162863883886536
2809,0.3258,8,147,8,230600,445844,13629,112627,3.5312698010391586,0.20167027473226004
2810,0.3259,0,5,0,230605,445839,13629,112627,3.5312301989608414,0.20167208030569453
2811,0.326,8,163,8,230768,445676,13637,112619,3.529939171207705,0.20171952104174318
2812,0.3261,0,5,0,230773,445671,13637,112619,3.529899569129388,0.20172132762542763
2813,0.3262,5,39,5,230812,445632,13642,112614,3.529590672918515,0.2017282703324341
2814,0.3263,2,33,2,230845,445599,13644,112612,3.5293292992016223,0.20173733588195145
2815,0.3264,0,13,0,230858,445586,13644,112612,3.5292263337979977,0.2017420341885854
2816,0.3265,5,29,5,230887,445557,13649,112607,3.528996641743759,0.20174536516149374
2817,0.3266,0,2,0,230889,445555,13649,112607,3.5289808009124317,0.2017460880532892
2818,0.3267,74,837,74,231726,444718,13723,112533,3.5223514130021543,0.20194311001685059
2819,0.3268,3,33,3,231759,444685,13726,112530,3.5220900392852617,0.20195077304092676
2820,0.3269,0,6,0,231765,444679,13726,112530,3.522042516791281,0.20195294763724203
2821,0.327,8,72,8,231837,444607,13734,112522,3.5214722468635156,0.20196758739896864
2822,0.3271,2,19,2,231856,444588,13736,112520,3.5213217589659105,0.2019716105315307
2823,0.3272,0,22,0,231878,444566,13736,112520,3.5211475098213154,0.2019795866347386
2824,0.3273,6,64,6,231942,444502,13742,112514,3.520640603218857,0.20199419765320925
2825,0.3274,0,9,0,231951,444493,13742,112514,3.520569319477886,0.20199746143226208
2826,0.3275,46,439,46,232390,444054,13788,112468,3.5170922570016474,0.20209084276991746
2827,0.3276,2,6,2,232396,444048,13790,112466,3.517044734507667,0.20209015406620498
2828,0.3277,2,40,2,232436,444008,13792,112464,3.5167279178811306,0.20210181284952342
2829,0.3278,1,13,1,232449,443995,13793,112463,3.516624952477506,0.20210510047478875
2830,0.3279,3,13,3,232462,443982,13796,112460,3.5165219870738817,0.20210552043159935
2831,0.328,17,111,17,232573,443871,13813,112443,3.5156428209352426,0.20212146377765075
2832,0.3281,1,9,1,232582,443862,13814,112442,3.5155715371942717,0.20212329949092583
2833,0.3282,0,22,0,232604,443840,13814,112442,3.5153972880496767,0.20213129312111483
2834,0.3283,34,440,34,233044,443400,13848,112408,3.5119123051577747,0.20224250100754218
2835,0.3284,0,3,0,233047,443397,13848,112408,3.5118885439107843,0.20224359262691052
2836,0.3285,8,33,8,233080,443364,13856,112400,3.5116271701938917,0.2022441180069238
2837,0.3286,3,10,3,233090,443354,13859,112397,3.5115479660372575,0.20224345075402472
2838,0.3287,6,37,6,233127,443317,13865,112391,3.511254910657711,0.2022483030656388
2839,0.3288,1,28,1,233155,443289,13866,112390,3.5110331390191356,0.20225705848160538
2840,0.3289,2,6,2,233161,443283,13868,112388,3.510985616525155,0.20225637112608
2841,0.329,9,105,9,233266,443178,13877,112379,3.510153972880497,0.20228167406764744
2842,0.3291,0,6,0,233272,443172,13877,112379,3.5101064503865165,0.20228385872764157
2843,0.3292,7,141,7,233413,443031,13884,112372,3.5089896717779747,0.20232515848852095
2844,0.3293,5,71,5,233484,442960,13889,112367,3.5084273222658724,0.20234384425752755
2845,0.3294,2,10,2,233494,442950,13891,112365,3.508348118109238,0.20234461521838956
2846,0.3295,2,34,2,233528,442916,13893,112363,3.5080788239766822,0.20235413188685328
2847,0.3296,0,10,0,233538,442906,13893,112363,3.507999619820048,0.2023577761409335
2848,0.3297,3,23,3,233561,442883,13896,112360,3.5078174502597896,0.20236184877612146
2849,0.3298,3,36,3,233597,442847,13899,112357,3.5075323152959066,0.2023706601537453
2850,0.3299,0,10,0,233607,442837,13899,112357,3.5074531111392724,0.20237430519782273
2851,0.33,408,4953,408,238560,437884,14307,111949,3.468223292358383,0.20360545838463678
2852,0.3301,1,11,1,238571,437873,14308,111948,3.4681361677860854,0.20360808335803834
2853,0.3302,2,28,2,238599,437845,14310,111946,3.46791439614751,0.20361555572935897
2854,0.3303,3,32,3,238631,437813,14313,111943,3.4676609428462806,0.20362306186744664
2855,0.3304,2,9,2,238640,437804,14315,111941,3.4675896591053097,0.20362349816733213
2856,0.3305,4,24,4,238664,437780,14319,111937,3.467399569129388,0.20362659331983549
2857,0.3306,0,5,0,238669,437775,14319,111937,3.467359967051071,0.20362844544052158
2858,0.3307,5,64,5,238733,437711,14324,111932,3.4668530604486123,0.20364491133335638
2859,0.3308,10,152,10,238885,437559,14334,111922,3.4656491572677735,0.20368675168022188
2860,0.3309,0,5,0,238890,437554,14334,111922,3.4656095551894563,0.20368860514380974
2861,0.331,8,102,8,238992,437452,14342,111914,3.464801672791788,0.2037148276376769
2862,0.3311,2,6,2,238998,437446,14344,111912,3.4647541502978076,0.2037141536120344
2863,0.3312,4,29,4,239027,437417,14348,111908,3.464524458243569,0.20371910981659308
2864,0.3313,3,41,3,239068,437376,14351,111905,3.4641997212013687,0.20372996699321477
2865,0.3314,2,10,2,239078,437366,14353,111903,3.4641205170447344,0.20373077672324488
2866,0.3315,4,39,4,239117,437327,14357,111899,3.4638116208338614,0.2037394442360704
2867,0.3316,1,8,1,239125,437319,14358,111898,3.463748257508554,0.2037409621333644
2868,0.3317,50,471,50,239596,436848,14408,111848,3.460017741731086,0.20384329391867265
2869,0.3318,1,25,1,239621,436823,14409,111847,3.4598197313395005,0.20385113091658008
2870,0.3319,1,7,1,239628,436816,14410,111846,3.4597642884298567,0.20385228063908198
2871,0.332,9,127,9,239755,436689,14419,111837,3.4587583956406034,0.20388641559379136
2872,0.3321,3,12,3,239767,436677,14422,111834,3.458663350652642,0.20388652187467526
2873,0.3322,1,20,1,239787,436657,14423,111833,3.458504942339374,0.203892504877026
2874,0.3323,4,62,4,239849,436595,14427,111829,3.458013876568242,0.20390974866161948
2875,0.3324,2,10,2,239859,436585,14429,111827,3.457934672411608,0.20391056359087692
2876,0.3325,50,445,50,240304,436140,14479,111777,3.454410087441389,0.20400352608150504
2877,0.3326,3,10,3,240314,436130,14482,111774,3.454330883284755,0.20400289101740451
2878,0.3327,11,53,11,240367,436077,14493,111763,3.4539111012545938,0.20400664427570092
2879,0.3328,3,22,3,240389,436055,14496,111760,3.4537368521099987,0.20401047798983232
2880,0.3329,5,25,5,240414,436030,14501,111755,3.453538841718413,0.20401252316145932
2881,0.333,8,58,8,240472,435972,14509,111747,3.4530794576099355,0.20402250058880558
2882,0.3331,0,12,0,240484,435960,14509,111747,3.452984412621974,0.20402697062480488
2883,0.3332,2,24,2,240508,435936,14511,111745,3.4527943226460525,0.20403300461399976
2884,0.3333,82,884,82,241392,435052,14593,111663,3.4457926751995944,0.20424352724911518
2885,0.3334,2,4,2,241396,435048,14595,111661,3.4457609935369407,0.20424211051949026
2886,0.3335,3,26,3,241422,435022,14598,111658,3.4455550627296923,0.2042474573790883
2887,0.3336,1,12,1,241434,435010,14599,111657,3.445460017741731,0.20425048521311878
2888,0.3337,7,36,7,241470,434974,14606,111650,3.4451748827778483,0.20425374663388363
2889,0.3338,3,34,3,241504,434940,14609,111647,3.444905588645292,0.20426208453549025
2890,0.3339,0,7,0,241511,434933,14609,111647,3.444850145735648,0.204264700501299
2891,0.334,13,165,13,241676,434768,14622,111634,3.4435432771511847,0.20430745129044184
2892,0.3341,0,6,0,241682,434762,14622,111634,3.4434957546572043,0.20430969480010835
2893,0.3342,13,146,13,241828,434616,14635,111621,3.442339373970346,0.20434536657165298
2894,0.3343,5,47,5,241875,434569,14640,111616,3.4419671144341657,0.20435566703589444
2895,0.3344,0,8,0,241883,434561,14640,111616,3.441903751108858,0.20435866028778216
2896,0.3345,2,38,2,241921,434523,14642,111614,3.4416027753136484,0.20436996577781766
2897,0.3346,3,7,3,241928,434516,14645,111611,3.4415473324040047,0.2043682147192869
2898,0.3347,8,26,8,241954,434490,14653,111603,3.441341401596756,0.204366289258423
2899,0.3348,6,23,6,241977,434467,14659,111597,3.4411592320364974,0.20436615488294413
2900,0.3349,1,7,1,241984,434460,14660,111596,3.441103789126853,0.20436731763775143
2901,0.335,142,1608,142,243592,432852,14802,111454,3.4283677607400835,0.20476349700352375
2902,0.3351,0,4,0,243596,432848,14802,111454,3.4283360790774298,0.20476500178209892
2903,0.3352,3,28,3,243624,432820,14805,111451,3.4281143074388543,0.20477115260596285
2904,0.3353,4,37,4,243661,432783,14809,111447,3.427821252059308,0.2047792293699355
2905,0.3354,1,8,1,243669,432775,14810,111446,3.427757888734001,0.2047807783970115
2906,0.3355,0,23,0,243692,432752,14810,111446,3.4275757191737424,0.2047894332577481
2907,0.3356,1,9,1,243701,432743,14811,111445,3.4275044354327715,0.2047913588686263
2908,0.3357,7,50,7,243751,432693,14818,111438,3.427108414649601,0.20479994707156915
2909,0.3358,21,168,21,243919,432525,14839,111417,3.4257777848181474,0.2048325005239529
2910,0.3359,2,4,2,243923,432521,14841,111415,3.4257461031554937,0.2048310830685963
2911,0.336,11,172,11,244095,432349,14852,111404,3.4243837916613864,0.2048797891689793
2912,0.3361,0,12,0,244107,432337,14852,111404,3.4242887466734255,0.20488431072882127
2913,0.3362,1,36,1,244143,432301,14853,111403,3.4240036117095425,0.20489641422538735
2914,0.3363,3,35,3,244178,432266,14856,111400,3.423726397161323,0.20490521754165242
2915,0.3364,3,6,3,244184,432260,14859,111397,3.4236788746673423,0.20490309147127692
2916,0.3365,2,44,2,244228,432216,14861,111395,3.423330376378152,0.20491675113270336
2917,0.3366,0,3,0,244231,432213,14861,111395,3.423306615131162,0.2049178820032082
2918,0.3367,71,923,71,245154,431290,14932,111324,3.415996071473831,0.2051624174827778
2919,0.3368,2,27,2,245181,431263,14934,111322,3.415782220250919,0.2051696969138476
2920,0.3369,2,8,2,245189,431255,14936,111320,3.4157188569256114,0.20516979219462747
2921,0.337,7,76,7,245265,431179,14943,111313,3.415116905335192,0.20518827927416441
2922,0.3371,4,15,4,245280,431164,14947,111309,3.4149980991002407,0.20518809231058505
2923,0.3372,3,17,3,245297,431147,14950,111306,3.4148634520339627,0.20519012707091674
2924,0.3373,2,68,2,245365,431079,14952,111304,3.414324863768851,0.20521292149643333
2925,0.3374,2,3,2,245368,431076,14954,111302,3.4143011025218604,0.20521112582000006
2926,0.3375,42,457,42,245825,430619,14996,111260,3.41068147256368,0.2053225904676136
2927,0.3376,1,18,1,245843,430601,14997,111259,3.4105389050817387,0.205327944487506
2928,0.3377,3,48,3,245891,430553,15000,111256,3.410158725129895,0.20534173481798937
2929,0.3378,1,14,1,245905,430539,15001,111255,3.410047839310607,0.20534557414810795
2930,0.3379,3,21,3,245926,430518,15004,111252,3.4098815105816755,0.2053491333960906
2931,0.338,12,115,12,246041,430403,15016,111240,3.4089706627803826,0.20537512715940204
2932,0.3381,0,13,0,246054,430390,15016,111240,3.4088676973767584,0.20538005649613206
2933,0.3382,4,34,4,246088,430356,15020,111236,3.408598403244202,0.20538708104994166
2934,0.3383,51,469,51,246557,429887,15071,111185,3.4048837282980613,0.20549021202353845
2935,0.3384,0,5,0,246562,429882,15071,111185,3.404844126219744,0.20549211095853193
2936,0.3385,3,30,3,246592,429852,15074,111182,3.4046065137498416,0.2054990998717271
2937,0.3386,0,8,0,246600,429844,15074,111182,3.4045431504245345,0.20550213852938676
2938,0.3387,3,62,3,246662,429782,15077,111179,3.4040520846534026,0.20552128526825408
2939,0.3388,5,22,5,246684,429760,15082,111174,3.4038778355088075,0.20552230031759883
2940,0.3389,1,7,1,246691,429753,15083,111173,3.4038223925991637,0.2055234911984264
2941,0.339,10,92,10,246783,429661,15093,111163,3.4030937143581297,0.20554376285076106
2942,0.3391,0,3,0,246786,429658,15093,111163,3.4030699531111392,0.2055449030270644
2943,0.3392,14,184,14,246970,429474,15107,111149,3.401612596629071,0.20559428659158047
2944,0.3393,13,66,13,247036,429408,15120,111136,3.401089849195286,0.20560028415818138
2945,0.3394,0,2,0,247038,429406,15120,111136,3.401074008363959,0.20560104487717884
2946,0.3395,3,27,3,247065,429379,15123,111133,3.4008601571410466,0.20560690604463916
2947,0.3396,0,16,0,247081,429363,15123,111133,3.400733430490432,0.20561299251058288
2948,0.3397,3,34,3,247115,429329,15126,111130,3.400464136357876,0.2056215180059912
2949,0.3398,5,39,5,247154,429290,15131,111125,3.400155240147003,0.205629007336954
2950,0.3399,0,4,0,247158,429286,15131,111125,3.400123558484349,0.20563052935636025
2951,0.34,434,4941,434,252099,424345,15565,110691,3.3609887846914206,0.20688514417721424
2952,0.3401,0,9,0,252108,424336,15565,110691,3.3609175009504497,0.2068886243124179
2953,0.3402,1,26,1,252134,424310,15566,110690,3.3607115701432013,0.20689719626168224
2954,0.3403,4,37,4,252171,424273,15570,110686,3.360418514763655,0.20690557594133382
2955,0.3404,0,4,0,252175,424269,15570,110686,3.360386833101001,0.20690712302903982
2956,0.3405,3,26,3,252201,424243,15573,110683,3.3601809022937523,0.2069127318544995
2957,0.3406,2,9,2,252210,424234,15575,110681,3.3601096185527815,0.20691324789919893
2958,0.3407,14,57,14,252267,424177,15589,110667,3.359658154859967,0.20691453956667738
2959,0.3408,13,147,13,252414,424030,15602,110654,3.3584938537574454,0.20695214369608966
2960,0.3409,1,5,1,252419,424025,15603,110653,3.3584542516791283,0.20695259576792013
2961,0.341,6,108,6,252527,423917,15609,110647,3.3575988467874796,0.20698550594503184
2962,0.3411,1,12,1,252539,423905,15610,110646,3.3575038017995182,0.20698866899510057
2963,0.3412,4,25,4,252564,423880,15614,110642,3.357305791407933,0.206992415653612
2964,0.3413,0,44,0,252608,423836,15614,110642,3.356957293118743,0.20700945595515624
2965,0.3414,2,13,2,252621,423823,15616,110640,3.3568543277151184,0.20701152371632836
2966,0.3415,4,35,4,252656,423788,15620,110636,3.356577113166899,0.2070191458467434
2967,0.3416,1,3,1,252659,423785,15621,110635,3.3565533519199087,0.20701882414580292
2968,0.3417,44,456,44,253115,423329,15665,110591,3.352941642377392,0.20713028169014083
2969,0.3418,3,31,3,253146,423298,15668,110588,3.352696109491826,0.20713785339941485
2970,0.3419,0,7,0,253153,423291,15668,110588,3.3526406665821824,0.2071405693050298
2971,0.342,8,110,8,253263,423181,15676,110580,3.3517694208592066,0.2071713744541096
2972,0.3421,3,27,3,253290,423154,15679,110577,3.3515555696362944,0.20717739835235352
2973,0.3422,3,19,3,253309,423135,15682,110574,3.35140508173869,0.20718031736395676
2974,0.3423,1,43,1,253352,423092,15683,110573,3.351064503865163,0.20719552528271482
2975,0.3424,0,14,0,253366,423078,15683,110573,3.350953618045875,0.20720096092764748
2976,0.3425,45,435,45,253801,422643,15728,110528,3.3475082372322897,0.20730309788041734
2977,0.3426,2,6,2,253807,422637,15730,110526,3.3474607147383093,0.20730245722227536
2978,0.3427,8,68,8,253875,422569,15738,110518,3.3469221264731974,0.2073170045414726
2979,0.3428,5,16,5,253891,422553,15743,110513,3.346795399822583,0.20731579204076042
2980,0.3429,3,18,3,253909,422535,15746,110510,3.346652832340641,0.20731833147295256
2981,0.343,7,57,7,253966,422478,15753,110503,3.3462013686478267,0.2073300924423197
2982,0.3431,1,6,1,253972,422472,15754,110502,3.3461538461538463,0.2073309392202997
2983,0.3432,2,24,2,253996,422448,15756,110500,3.345963756177924,0.2073373012001171
2984,0.3433,95,893,95,254889,421555,15851,110405,3.3388908249904956,0.20754380028573577
2985,0.3434,1,6,1,254895,421549,15852,110404,3.338843302496515,0.20754465150116647
2986,0.3435,3,23,3,254918,421526,15855,110401,3.3386611329362563,0.2075491561812053
2987,0.3436,2,6,2,254924,421520,15857,110399,3.338613610442276,0.20754851772544317
2988,0.3437,3,47,3,254971,421473,15860,110396,3.3382413509060958,0.2075623884828783
2989,0.3438,8,31,8,255002,421442,15868,110388,3.33799581802053,0.20756256698569092
2990,0.3439,2,6,2,255008,421436,15870,110386,3.3379482955265494,0.20756192861521336
2991,0.344,20,158,20,255166,421278,15890,110366,3.3366968698517296,0.2075938033721814
2992,0.3441,1,4,1,255170,421274,15891,110365,3.3366651881890763,0.20759387479097657
2993,0.3442,14,131,14,255301,421143,15905,110351,3.3356276137371688,0.20762416885232948
2994,0.3443,9,69,9,255370,421074,15914,110342,3.3350811050563935,0.20763770755867342
2995,0.3444,0,5,0,255375,421069,15914,110342,3.3350415029780764,0.20763966120385163
2996,0.3445,5,25,5,255400,421044,15919,110337,3.334843492586491,0.20764197440254734
2997,0.3446,2,13,2,255413,421031,15921,110335,3.3347405271828667,0.20764407207085137
2998,0.3447,3,40,3,255453,420991,15924,110332,3.33442371055633,0.207655230434218
2999,0.3448,1,18,1,255471,420973,15925,110331,3.3342811430743886,0.20766077424600604
3000,0.3449,1,8,1,255479,420965,15926,110330,3.334217779749081,0.2076624097723487
3001,0.345,168,1713,168,257192,419252,16094,110162,3.320650107717653,0.2080828992055367
3002,0.3451,0,4,0,257196,419248,16094,110162,3.3206184260549994,0.2080844713926824
3003,0.3452,8,20,8,257216,419228,16102,110154,3.320460017741731,0.20808036540721067
3004,0.3453,4,39,4,257255,419189,16106,110150,3.320151121530858,0.20808971188595587
3005,0.3454,1,5,1,257260,419184,16107,110149,3.320111519452541,0.20809018141699082
3006,0.3455,5,22,5,257282,419162,16112,110144,3.3199372703079457,0.20809134980521665
3007,0.3456,0,4,0,257286,419158,16112,110144,3.319905588645292,0.2080929223770173
3008,0.3457,7,55,7,257341,419103,16119,110137,3.3194699657838043,0.20810407376615525
3009,0.3458,14,166,14,257507,418937,16133,110123,3.3181551767836774,0.2081484141685253
3010,0.3459,0,7,0,257514,418930,16133,110123,3.3180997338740337,0.20815116821944116
3011,0.346,23,144,23,257658,418786,16156,110100,3.316959194018502,0.20817340598919237
3012,0.3461,2,5,2,257663,418781,16158,110098,3.316919591940185,0.20817237969365393
3013,0.3462,5,20,5,257683,418761,16163,110093,3.316761183626917,0.20817276601859871
3014,0.3463,2,28,2,257711,418733,16165,110091,3.3165394119883413,0.20818079360997233
3015,0.3464,1,10,1,257721,418723,16166,110090,3.316460207831707,0.20818323301431696
3016,0.3465,2,29,2,257750,418694,16168,110088,3.316230515777468,0.20819165554046848
3017,0.3466,0,8,0,257758,418686,16168,110088,3.3161671524521608,0.20819480534216886
3018,0.3467,84,862,84,258620,417824,16252,110004,3.309339754150298,0.2084087998363103
3019,0.3468,5,32,5,258652,417792,16257,109999,3.3090863008490685,0.20841393657716786
3020,0.3469,0,5,0,258657,417787,16257,109999,3.3090466987707514,0.2084159109942287
3021,0.347,3,49,3,258706,417738,16260,109996,3.308658598403244,0.2084307624674552
3022,0.3471,1,12,1,258718,417726,16261,109995,3.3085635534152833,0.2084340020579056
3023,0.3472,3,26,3,258744,417700,16264,109992,3.3083576226080345,0.20843977168499805
3024,0.3473,4,68,4,258812,417632,16268,109988,3.307819034342922,0.20846063454759106
3025,0.3474,3,10,3,258822,417622,16271,109985,3.3077398301862884,0.20846008487377915
3026,0.3475,46,377,46,259199,417245,16317,109939,3.3047538334811812,0.20854009226380163
3027,0.3476,2,12,2,259211,417233,16319,109937,3.30465878849322,0.2085418365991995
3028,0.3477,4,47,4,259258,417186,16323,109933,3.30428652895704,0.2085544250918673
3029,0.3478,2,20,2,259278,417166,16325,109931,3.3041281206437714,0.2085593353784977
3030,0.3479,6,21,6,259299,417145,16331,109925,3.3039617919148396,0.2085586354753638
3031,0.348,11,121,11,259420,417024,16342,109914,3.3030034216195667,0.2085900048962117
3032,0.3481,0,4,0,259424,417020,16342,109914,3.302971739956913,0.2085915883203589
3033,0.3482,2,20,2,259444,417000,16344,109912,3.3028133316436445,0.20859650188266732
3034,0.3483,59,457,59,259901,416543,16403,109853,3.2991937016854647,0.2086888958122782
3035,0.3484,0,4,0,259905,416539,16403,109853,3.299162020022811,0.20869048161826168
3036,0.3485,5,44,5,259949,416495,16408,109848,3.2988135217336207,0.20870041018879323
3037,0.3486,1,11,1,259960,416484,16409,109847,3.298726397161323,0.20870326847554105
3038,0.3487,2,47,2,260007,416437,16411,109845,3.2983541376251426,0.20871889975336416
3039,0.3488,1,30,1,260037,416407,16412,109844,3.29811652515524,0.20872929457616232
3040,0.3489,1,3,1,260040,416404,16413,109843,3.29809276390825,0.20872898087780073
3041,0.349,8,92,8,260132,416312,16421,109835,3.297364085667216,0.20875344723052683
3042,0.3491,0,4,0,260136,416308,16421,109835,3.297332404004562,0.20875503427775338
3043,0.3492,17,161,17,260297,416147,16438,109818,3.2960572170827525,0.2087933607749565
3044,0.3493,5,68,5,260365,416079,16443,109813,3.2955186288176406,0.2088128360956242
3045,0.3494,2,9,2,260374,416070,16445,109811,3.2954473450766697,0.20881340075035987
3046,0.3495,3,27,3,260401,416043,16448,109808,3.2952334938537575,0.20881960859635143
3047,0.3496,2,13,2,260414,416030,16450,109806,3.295130528450133,0.2088217619181646
3048,0.3497,5,25,5,260439,416005,16455,109801,3.294932518058548,0.20882416708824167
3049,0.3498,5,20,5,260459,415985,16460,109796,3.2947741097452794,0.20882458666250778
3050,0.3499,2,5,2,260464,415980,16462,109794,3.2947345076669623,0.2088235629757272
3051,0.35,429,4893,429,265357,411087,16891,109365,3.2559799138258776,0.2101346521869452
3052,0.3501,2,4,2,265361,411083,16893,109363,3.255948232163224,0.21013323188188593
3053,0.3502,8,28,8,265389,411055,16901,109355,3.2557264605246483,0.21013239561115274
3054,0.3503,3,32,3,265421,411023,16904,109352,3.255473007223419,0.21014076387220754
3055,0.3504,0,13,0,265434,411010,16904,109352,3.255370041819795,0.21014601373659106
3056,0.3505,4,29,4,265463,410981,16908,109348,3.2551403497655556,0.21015165404964936
3057,0.3506,0,12,0,265475,410969,16908,109348,3.2550453047775947,0.2101565007485821
3058,0.3507,9,71,9,265546,410898,16917,109339,3.2544829552654924,0.2101715179812278
3059,0.3508,13,150,13,265696,410748,16930,109326,3.25329489291598,0.21021239285178647
3060,0.3509,0,4,0,265700,410744,16930,109326,3.2532632112533264,0.21021400965254677
3061,0.351,6,91,6,265791,410653,16936,109320,3.252542453427956,0.21024168562598441
3062,0.3511,1,7,1,265798,410646,16937,109319,3.252487010518312,0.21024299712480649
3063,0.3512,1,36,1,265834,410610,16938,109318,3.2522018755544293,0.21025603545106245
3064,0.3513,3,41,3,265875,410569,16941,109315,3.251877138512229,0.21026805979795493
3065,0.3514,0,14,0,265889,410555,16941,109315,3.251766252692941,0.21027372227672303
3066,0.3515,5,49,5,265938,410506,16946,109310,3.251378152325434,0.21028594733521092
3067,0.3516,0,8,0,265946,410498,16946,109310,3.251314789000127,0.2102891836985964
3068,0.3517,39,449,39,266395,410049,16985,109271,3.247758522367254,0.2104116922128938
3069,0.3518,3,22,3,266417,410027,16988,109268,3.2475842732226585,0.21041604483000992
3070,0.3519,0,12,0,266429,410015,16988,109268,3.2474892282346977,0.21042090728947413
3071,0.352,12,118,12,266547,409897,17000,109256,3.2465546191864147,0.2104504837687541
3072,0.3521,1,19,1,266566,409878,17001,109255,3.24640413128881,0.21045666524763404
3073,0.3522,3,14,3,266580,409864,17004,109252,3.246293245469522,0.21045777822297906
3074,0.3523,6,57,6,266637,409807,17010,109246,3.245841781776708,0.21047176299915424
3075,0.3524,2,6,2,266643,409801,17012,109244,3.2457942592827274,0.21047115375352812
3076,0.3525,53,440,53,267083,409361,17065,109191,3.242309276390825,0.2105690461130224
3077,0.3526,0,10,0,267093,409351,17065,109191,3.242230072234191,0.21057310690358735
3078,0.3527,10,57,10,267150,409294,17075,109181,3.2417786085413764,0.21058103090795122
3079,0.3528,2,24,2,267174,409270,17077,109179,3.2415885185654543,0.21058773379830997
3080,0.3529,2,21,2,267195,409249,17079,109177,3.2414221898365225,0.2105932187043088
3081,0.353,6,61,6,267256,409188,17085,109171,3.2409390444810544,0.21060886374115237
3082,0.3531,0,10,0,267266,409178,17085,109171,3.24085984032442,0.21061292681185842
3083,0.3532,1,17,1,267283,409161,17086,109170,3.2407251932581422,0.21061831146506768
3084,0.3533,81,898,81,268181,408263,17167,109089,3.233612659992396,0.21086030400964914
3085,0.3534,1,9,1,268190,408254,17168,109088,3.233541376251426,0.21086244689199796
3086,0.3535,3,37,3,268227,408217,17171,109085,3.2332483208718794,0.21087295235665046
3087,0.3536,2,15,2,268242,408202,17173,109083,3.233129514636928,0.21087601612264031
3088,0.3537,1,49,1,268291,408153,17174,109082,3.232741414269421,0.21089446769843495
3089,0.3538,3,29,3,268320,408124,17177,109079,3.232511722215182,0.21090171557396226
3090,0.3539,2,6,2,268326,408118,17179,109077,3.2324641997212016,0.2109011107996017
3091,0.354,20,163,20,268489,407955,17199,109057,3.2311731719680648,0.21093707689570068
3092,0.3541,1,6,1,268495,407949,17200,109056,3.2311256494740843,0.2109379986653901
3093,0.3542,21,150,21,268645,407799,17221,109035,3.229937587124572,0.21096715773343086
3094,0.3543,3,76,3,268721,407723,17224,109032,3.2293356355341527,0.21099360431926154
3095,0.3544,3,6,3,268727,407717,17227,109029,3.2292881130401723,0.2109914735672845
3096,0.3545,2,33,2,268760,407684,17229,109027,3.2290267393232797,0.21100189467613426
3097,0.3546,0,9,0,268769,407675,17229,109027,3.228955455582309,0.2110055699416685
3098,0.3547,5,39,5,268808,407636,17234,109022,3.2286465593714357,0.21101386216801055
3099,0.3548,2,29,2,268837,407607,17236,109020,3.228416867317197,0.21102265270688525
3100,0.3549,0,8,0,268845,407599,17236,109020,3.2283535039918894,0.21102592045588722
3101,0.355,185,1712,185,270557,405887,17421,108835,3.2147937523761247,0.21144423591764097
3102,0.3551,1,8,1,270565,405879,17422,108834,3.214730389050817,0.2114459902897343
3103,0.3552,4,20,4,270585,405859,17426,108830,3.2145719807375492,0.21144807835411286
3104,0.3553,5,39,5,270624,405820,17431,108825,3.2142630845266758,0.21145644084757453
3105,0.3554,0,14,0,270638,405806,17431,108825,3.214152198707388,0.2114621932996652
3106,0.3555,3,21,3,270659,405785,17434,108822,3.2139858699784565,0.21146622568289977
3107,0.3556,0,8,0,270667,405777,17434,108822,3.213922506653149,0.21146951315490314
3108,0.3557,7,44,7,270711,405733,17441,108815,3.213574008363959,0.21147686901902252
3109,0.3558,14,153,14,270864,405580,17455,108801,3.2123621847674566,0.21151831035749766
3110,0.3559,0,6,0,270870,405574,17455,108801,3.212314662273476,0.21152077764277036
3111,0.356,19,176,19,271046,405398,17474,108782,3.210920669116715,0.21156404372009802
3112,0.3561,1,3,1,271049,405395,17475,108781,3.210896907869725,0.21156374470998257
3113,0.3562,3,34,3,271083,405361,17478,108778,3.2106276137371688,0.21157313489153712
3114,0.3563,1,38,1,271121,405323,17479,108777,3.210326637941959,0.21158723983660765
3115,0.3564,1,7,1,271128,405316,17480,108776,3.2102711950323153,0.2115885872567556
3116,0.3565,4,42,4,271170,405274,17484,108772,3.209938537574452,0.21159974010108046
3117,0.3566,1,4,1,271174,405270,17485,108771,3.209906855911798,0.2115998529300192
3118,0.3567,81,838,81,272012,404432,17566,108690,3.2032695475858572,0.21182097045147158
3119,0.3568,0,20,0,272032,404412,17566,108690,3.203111139272589,0.2118292269373341
3120,0.3569,0,7,0,272039,404405,17566,108690,3.203055696362945,0.21183211685945097
3121,0.357,6,58,6,272097,404347,17572,108684,3.202596312254467,0.21184684746145943
3122,0.3571,3,19,3,272116,404328,17575,108681,3.2024458243568623,0.2118500845014415
3123,0.3572,2,25,2,272141,404303,17577,108679,3.202247813965277,0.21185733612485427
3124,0.3573,7,47,7,272188,404256,17584,108672,3.2018755544290967,0.2118659928878907
3125,0.3574,3,9,3,272197,404247,17587,108669,3.201804270688126,0.21186510071824627
3126,0.3575,40,418,40,272615,403829,17627,108629,3.1984935369408185,0.21197639611441327
3127,0.3576,0,8,0,272623,403821,17627,108629,3.1984301736155114,0.21197970533710606
3128,0.3577,5,59,5,272682,403762,17632,108624,3.19796286909137,0.2119964245705386
3129,0.3578,3,16,3,272698,403746,17635,108621,3.1978361424407553,0.21199843081228884
3130,0.3579,6,6,6,272704,403740,17641,108615,3.197788619946775,0.2119916854524695
3131,0.358,15,94,15,272798,403646,17656,108600,3.1970441008744137,0.2120075120157112
3132,0.3581,1,5,1,272803,403641,17657,108599,3.1970044987960966,0.21200804310479462
3133,0.3582,4,26,4,272829,403615,17661,108595,3.196798567988848,0.21201265106108821
3134,0.3583,51,457,51,273286,403158,17712,108544,3.193178938030668,0.21212346248402392
3135,0.3584,1,6,1,273292,403152,17713,108543,3.1931314155366874,0.21212441004895494
3136,0.3585,2,32,2,273324,403120,17715,108541,3.192877962235458,0.21213459693038947
3137,0.3586,0,15,0,273339,403105,17715,108541,3.192759156000507,0.21214081611113933
3138,0.3587,3,33,3,273372,403072,17718,108538,3.1924977822836142,0.21214987979124725
3139,0.3588,3,26,3,273398,403046,17721,108535,3.1922918514763654,0.2121560417607378
3140,0.3589,1,12,1,273410,403034,17722,108534,3.1921968064884045,0.2121594783098239
3141,0.359,12,111,12,273521,402923,17734,108522,3.1913176403497654,0.21218703868451153
3142,0.3591,0,3,0,273524,402920,17734,108522,3.1912938791027754,0.21218828332440434
3143,0.3592,11,152,11,273676,402768,17745,108511,3.1900899759219365,0.21223441604290416
3144,0.3593,5,77,5,273753,402691,17750,108506,3.1894801039158533,0.2122586791393533
3145,0.3594,0,12,0,273765,402679,17750,108506,3.1893850589278925,0.21226366188366247
3146,0.3595,1,30,1,273795,402649,17751,108505,3.1891474464579903,0.21227457869839617
3147,0.3596,2,14,2,273809,402635,17753,108503,3.1890365606387023,0.21227731062844085
3148,0.3597,2,41,2,273850,402594,17755,108501,3.188711823596502,0.21229125700701434
3149,0.3598,2,15,2,273865,402579,17757,108499,3.1885930173615513,0.21229440515929077
3150,0.3599,0,8,0,273873,402571,17757,108499,3.1885296540362438,0.2122977282955368
3151,0.36,440,4866,440,278739,397705,18197,108059,3.1499889114180712,0.21365498532912583
3152,0.3601,1,8,1,278747,397697,18198,108058,3.1499255480927637,0.21365681011556978
3153,0.3602,2,26,2,278773,397671,18200,108056,3.1497196172855153,0.21366468470142982
3154,0.3603,2,30,2,278803,397641,18202,108054,3.1494820048156127,0.21367425028920595
3155,0.3604,0,9,0,278812,397632,18202,108054,3.149410721074642,0.21367805317924563
3156,0.3605,3,28,3,278840,397604,18205,108051,3.1491889494360663,0.2136852201599905
3157,0.3606,0,8,0,278848,397596,18205,108051,3.149125586110759,0.21368860094097267
3158,0.3607,10,68,10,278916,397528,18215,108041,3.148586997845647,0.21370178946889545
3159,0.3608,22,172,22,279088,397356,18237,108019,3.1472246863515396,0.21374029186247837
3160,0.3609,1,4,1,279092,397352,18238,108018,3.147193004688886,0.21374042780537034
3161,0.361,13,120,13,279212,397232,18251,108005,3.1462425548092763,0.2137709629342269
3162,0.3611,0,12,0,279224,397220,18251,108005,3.1461475098213154,0.21377604037804937
3163,0.3612,4,35,4,279259,397185,18255,108001,3.145870295273096,0.21378462586057412
3164,0.3613,4,50,4,279309,397135,18259,107997,3.145474274489925,0.21379956130278818
3165,0.3614,3,23,3,279332,397112,18262,107994,3.1452921049296667,0.21380462714756904
3166,0.3615,7,63,7,279395,397049,18269,107987,3.1447931187428715,0.21382040092191448
3167,0.3616,1,7,1,279402,397042,18270,107986,3.1447376758332277,0.21382180789976002
3168,0.3617,49,460,49,279862,396582,18319,107937,3.1410942846280574,0.21394040660510308
3169,0.3618,6,29,6,279891,396553,18325,107931,3.140864592573818,0.2139433559835396
3170,0.3619,5,9,5,279900,396544,18330,107926,3.1407933088328477,0.21393938192558526
3171,0.362,15,106,15,280006,396438,18345,107911,3.1399537447725256,0.2139609675046446
3172,0.3621,5,24,5,280030,396414,18350,107906,3.139763654796604,0.21396335659898477
3173,0.3622,4,19,4,280049,396395,18354,107902,3.139613166898999,0.21396518321544644
3174,0.3623,6,41,6,280090,396354,18360,107896,3.1392884298567987,0.21397322756569162
3175,0.3624,1,3,1,280093,396351,18361,107895,3.1392646686098087,0.21397294177841766
3176,0.3625,46,431,46,280524,395920,18407,107849,3.135850969458877,0.2140842330512596
3177,0.3626,0,4,0,280528,395916,18407,107849,3.1358192877962234,0.2140859329250742
3178,0.3627,7,54,7,280582,395862,18414,107842,3.135391585350399,0.2140979622953163
3179,0.3628,1,21,1,280603,395841,18415,107841,3.1352252566214673,0.21410532836194265
3180,0.3629,2,18,2,280621,395823,18417,107839,3.135082689139526,0.2141098593898289
3181,0.363,4,54,4,280675,395769,18421,107835,3.1346549866937017,0.21412657564276694
3182,0.3631,1,9,1,280684,395760,18422,107834,3.134583702952731,0.21412884188453396
3183,0.3632,4,44,4,280728,395716,18426,107830,3.1342352046635407,0.2141413098306808
3184,0.3633,98,858,98,281586,394858,18524,107732,3.1274394880243315,0.21435364810282737
3185,0.3634,1,3,1,281589,394855,18525,107731,3.1274157267773415,0.21435336439932667
3186,0.3635,5,38,5,281627,394817,18530,107726,3.1271147509821318,0.2143617561084325
3187,0.3636,1,12,1,281639,394805,18531,107725,3.1270197059941705,0.21436531152369012
3188,0.3637,6,39,6,281678,394766,18537,107719,3.1267108097832974,0.2143725683353732
3189,0.3638,3,29,3,281707,394737,18540,107716,3.1264811177290586,0.21438025049109072
3190,0.3639,2,3,2,281710,394734,18542,107714,3.126457356482068,0.21437840333726077
3191,0.364,20,186,20,281896,394548,18562,107694,3.1249841591686733,0.21442651152233386
3192,0.3641,0,4,0,281900,394544,18562,107694,3.1249524775060196,0.2144282192904559
3193,0.3642,20,174,20,282074,394370,18582,107674,3.1235743251805856,0.21447124156448438
3194,0.3643,5,69,5,282143,394301,18587,107669,3.12302781649981,0.21449289798195112
3195,0.3644,0,7,0,282150,394294,18587,107669,3.122972373590166,0.21449588913923934
3196,0.3645,5,28,5,282178,394266,18592,107664,3.1227506019515903,0.21450002988464528
3197,0.3646,0,5,0,282183,394261,18592,107664,3.122710999873273,0.2145021666583653
3198,0.3647,3,45,3,282228,394216,18595,107661,3.1223545811684197,0.2145167042920875
3199,0.3648,3,27,3,282255,394189,18598,107658,3.1221407299455075,0.21452355000627682
3200,0.3649,0,4,0,282259,394185,18598,107658,3.1221090482828537,0.21452525989203794
3201,0.365,160,1721,160,283980,392464,18758,107498,3.1084780129261183,0.21501234093791127
3202,0.3651,3,8,3,283988,392456,18761,107495,3.108414649600811,0.21501107108496634
3203,0.3652,2,35,2,284023,392421,18763,107493,3.1081374350525914,0.21502298395323996
3204,0.3653,5,51,5,284074,392370,18768,107488,3.1077334938537575,0.21503707052802995
3205,0.3654,1,5,1,284079,392365,18769,107487,3.1076938917754404,0.21503765114473886
3206,0.3655,8,21,8,284100,392344,18777,107479,3.1075275630465087,0.21503412207921604
3207,0.3656,1,8,1,284108,392336,18778,107478,3.1074641997212016,0.2150359933895409
3208,0.3657,14,58,14,284166,392278,18792,107464,3.1070048156127235,0.21503896010341336
3209,0.3658,9,157,9,284323,392121,18801,107455,3.1057613103535675,0.21509239835380403
3210,0.3659,0,9,0,284332,392112,18801,107455,3.1056900266125966,0.2150962733727408
3211,0.366,18,183,18,284515,391929,18819,107437,3.104240590546192,0.21514680615019846
3212,0.3661,0,11,0,284526,391918,18819,107437,3.1041534659738943,0.21515154549368687
3213,0.3662,4,46,4,284572,391872,18823,107433,3.103789126853377,0.21516507946045002
3214,0.3663,11,33,11,284605,391839,18834,107422,3.1035277531364844,0.21516200944996705
3215,0.3664,4,19,4,284624,391820,18838,107418,3.10337726523888,0.21516390979853298
3216,0.3665,9,35,9,284659,391785,18847,107409,3.10310005069066,0.2151648457313189
3217,0.3666,1,4,1,284663,391781,18848,107408,3.1030683690280068,0.2151649976261496
3218,0.3667,95,901,95,285564,390880,18943,107313,3.0959320745152707,0.21540447176094404
3219,0.3668,4,23,4,285587,390857,18947,107309,3.095749904955012,0.21540811697305717
3220,0.3669,0,8,0,285595,390849,18947,107309,3.095686541629705,0.21541157624689355
3221,0.367,7,56,7,285651,390793,18954,107302,3.0952429983525533,0.2154247683674801
3222,0.3671,2,15,2,285666,390778,18956,107300,3.0951241921176025,0.21542810563807274
3223,0.3672,6,20,6,285686,390758,18962,107294,3.094965783804334,0.21542730477942063
3224,0.3673,6,50,6,285736,390708,18968,107288,3.0945697630211635,0.215439481441618
3225,0.3674,0,15,0,285751,390693,18968,107288,3.094450956786212,0.21544597083021239
3226,0.3675,38,440,38,286191,390253,19006,107250,3.09096597389431,0.2155765894879026
3227,0.3676,1,14,1,286205,390239,19007,107249,3.0908550880750223,0.2155810793426173
3228,0.3677,6,51,6,286256,390188,19013,107243,3.090451146876188,0.21559372053611456
3229,0.3678,3,30,3,286286,390158,19016,107240,3.0902135344062858,0.21560199277037703
3230,0.3679,0,14,0,286300,390144,19016,107240,3.090102648586998,0.21560806137712513
3231,0.368,9,115,9,286415,390029,19025,107231,3.0891918007857053,0.21564372762739814
3232,0.3681,0,9,0,286424,390020,19025,107231,3.0891205170447344,0.2156476306734426
3233,0.3682,2,32,2,286456,389988,19027,107229,3.088867063743505,0.2156583544005937
3234,0.3683,60,507,60,286963,389481,19087,107169,3.0848514130021543,0.21578375113258835
3235,0.3684,1,5,1,286968,389476,19088,107168,3.084811810923837,0.21578434452042106
3236,0.3685,5,40,5,287008,389436,19093,107163,3.084494994297301,0.2157938296291374
3237,0.3686,1,19,1,287027,389417,19094,107162,3.0843445063996957,0.21580050706936862
3238,0.3687,2,40,2,287067,389377,19096,107160,3.0840276897731593,0.2158147328396474
3239,0.3688,2,30,2,287097,389347,19098,107158,3.0837900773032567,0.21582461405222506
3240,0.3689,1,10,1,287107,389337,19099,107157,3.083710873146623,0.21582738159977763
3241,0.369,9,85,9,287192,389252,19108,107148,3.0830376378152327,0.21585012087026592
3242,0.3691,1,7,1,287199,389245,19109,107147,3.0829821949055884,0.21585158503763155
3243,0.3692,22,153,22,287352,389092,19131,107125,3.0817703713090863,0.21588337360469312
3244,0.3693,11,66,11,287418,389026,19142,107114,3.081247623875301,0.21589470713911396
3245,0.3694,0,12,0,287430,389014,19142,107114,3.08115257888734,0.2158999290505676
3246,0.3695,7,22,7,287452,388992,19149,107107,3.080978329742745,0.21589843962596175
3247,0.3696,1,19,1,287471,388973,19150,107106,3.08082784184514,0.2159051280138849
3248,0.3697,2,30,2,287501,388943,19152,107104,3.0805902293752374,0.2159150241811764
3249,0.3698,5,25,5,287526,388918,19157,107099,3.0803922189836523,0.21591800281038756
3250,0.3699,0,10,0,287536,388908,19157,107099,3.080313014827018,0.21592235593449285
3251,0.37,498,4872,498,292408,384036,19655,106601,3.041724749714865,0.2172706094322279
3252,0.3701,1,4,1,292412,384032,19656,106600,3.0416930680522114,0.21727078543592754
3253,0.3702,5,14,5,292426,384018,19661,106595,3.0415821822329234,0.21726900836300708
3254,0.3703,6,36,6,292462,383982,19667,106589,3.041297047269041,0.21727537909904987
3255,0.3704,3,12,3,292474,383970,19670,106586,3.0412020022810795,0.2172759073377963
3256,0.3705,1,36,1,292510,383934,19671,106585,3.040916867317197,0.21729025786972575
3257,0.3706,1,5,1,292515,383929,19672,106584,3.04087726523888,0.21729087710213593
3258,0.3707,1,63,1,292578,383866,19673,106583,3.0403782790520846,0.21731719302108884
3259,0.3708,22,141,22,292719,383725,19695,106561,3.0392615004435433,0.21734457031202195
3260,0.3709,2,11,2,292730,383714,19697,106559,3.0391743758712457,0.21734625402581828
3261,0.371,8,106,8,292836,383608,19705,106551,3.0383348118109237,0.21738048265970839
3262,0.3711,0,3,0,292839,383605,19705,106551,3.0383110505639337,0.21738181313704208
3263,0.3712,4,23,4,292862,383582,19709,106547,3.0381288810036753,0.21738562704920542
3264,0.3713,11,48,11,292910,383534,19720,106536,3.0377487010518314,0.21738935254147368
3265,0.3714,0,22,0,292932,383512,19720,106536,3.0375744519072363,0.21739911192372993
3266,0.3715,5,38,5,292970,383474,19725,106531,3.037273476112026,0.21740798563279967
3267,0.3716,1,5,1,292975,383469,19726,106530,3.0372338740337095,0.21740860695634073
3268,0.3717,44,466,44,293441,383003,19770,106486,3.0335429603345583,0.21754523595014394
3269,0.3718,2,29,2,293470,382974,19772,106484,3.0333132682803194,0.21755492810414787
3270,0.3719,1,2,1,293472,382972,19773,106483,3.0332974274489923,0.21755421846747913
3271,0.372,19,118,19,293590,382854,19792,106464,3.03236281840071,0.21757630007479797
3272,0.3721,1,14,1,293604,382840,19793,106463,3.032251932581422,0.21758092633807682
3273,0.3722,2,19,2,293623,382821,19795,106461,3.032101444683817,0.21758617729652838
3274,0.3723,9,51,9,293674,382770,19804,106452,3.031697503484983,0.21759446631590565
3275,0.3724,3,14,3,293688,382756,19807,106449,3.031586617665695,0.21759589538128188
3276,0.3725,42,475,42,294163,382281,19849,106407,3.0278244202255733,0.21774015322659857
3277,0.3726,1,8,1,294171,382273,19850,106406,3.027761056900266,0.2177421170134178
3278,0.3727,10,68,10,294239,382205,19860,106396,3.027222468635154,0.21775641064999868
3279,0.3728,2,21,2,294260,382184,19862,106394,3.027056139906222,0.2177625681058091
3280,0.3729,2,19,2,294279,382165,19864,106392,3.0269056520086175,0.2177678346641231
3281,0.373,7,59,7,294338,382106,19871,106385,3.026438347484476,0.21778292742343258
3282,0.3731,0,5,0,294343,382101,19871,106385,3.026398745406159,0.21778515658585917
3283,0.3732,1,29,1,294372,382072,19872,106384,3.02616905335192,0.21779648525148632
3284,0.3733,95,875,95,295247,381197,19967,106289,3.0192386896464325,0.21803497946607697
3285,0.3734,0,7,0,295254,381190,19967,106289,3.0191832467367887,0.21803811035962575
3286,0.3735,8,54,8,295308,381136,19975,106281,3.0187555442909644,0.21804943200585947
3287,0.3736,1,9,1,295317,381127,19976,106280,3.0186842605499935,0.21805185399471078
3288,0.3737,6,32,6,295349,381095,19982,106274,3.0184308072487642,0.2180565444252712
3289,0.3738,2,44,2,295393,381051,19984,106272,3.018082308959574,0.21807302343620144
3290,0.3739,0,7,0,295400,381044,19984,106272,3.0180268660499303,0.2180761559234665
3291,0.374,30,154,30,295554,380890,20014,106242,3.0168071220377644,0.21809694292306808
3292,0.3741,1,4,1,295558,380886,20015,106241,3.016775440375111,0.21809712867486303
3293,0.3742,20,146,20,295704,380740,20035,106221,3.0156190596882526,0.2181304046935997
3294,0.3743,12,58,12,295762,380682,20047,106209,3.0151596755797745,0.2181371189855635
3295,0.3744,0,5,0,295767,380677,20047,106209,3.0151200735014574,0.21813935911075694
3296,0.3745,7,29,7,295796,380648,20054,106202,3.0148903814472185,0.21814111122522337
3297,0.3746,4,10,4,295806,380638,20058,106198,3.0148111772905843,0.21813916801551242
3298,0.3747,5,42,5,295848,380596,20063,106193,3.014478519832721,0.21814995819543992
3299,0.3748,1,22,1,295870,380574,20064,106192,3.014304270688126,0.2181582115431234
3300,0.3749,0,6,0,295876,380568,20064,106192,3.0142567481941454,0.21816090064919055
3301,0.375,171,1723,171,297599,378845,20235,106021,3.0006098720060828,0.2186604133925662
3302,0.3751,0,11,0,297610,378834,20235,106021,3.000522747433785,0.2186653741840344
3303,0.3752,2,23,2,297633,378811,20237,106019,3.000340577873527,0.21867252438999238
3304,0.3753,6,53,6,297686,378758,20243,106013,2.999920795843366,0.21868676137805274
3305,0.3754,1,20,1,297706,378738,20244,106012,2.9997623875300974,0.21869417225373905
3306,0.3755,3,33,3,297739,378705,20247,106009,2.9995010138132048,0.21870422558457153
3307,0.3756,0,11,0,297750,378694,20247,106009,2.9994138892409072,0.2187091889260021
3308,0.3757,4,59,4,297809,378635,20251,106005,2.998946584716766,0.2187293661274348
3309,0.3758,21,143,21,297952,378492,20272,105984,2.997813965276898,0.2187600624179526
3310,0.3759,1,5,1,297957,378487,20273,105983,2.9977743631985807,0.21876070757735258
3311,0.376,16,170,16,298127,378317,20289,105967,2.9964278925358,0.21881168900892864
3312,0.3761,0,7,0,298134,378310,20289,105967,2.9963724496261563,0.21881485183066715
3313,0.3762,5,37,5,298171,378273,20294,105962,2.99607939424661,0.21882350511631748
3314,0.3763,6,37,6,298208,378236,20300,105956,2.9957863388670636,0.2188305465600423
3315,0.3764,1,8,1,298216,378228,20301,105955,2.9957229755417565,0.21883254885033138
3316,0.3765,5,46,5,298262,378182,20306,105950,2.9953586364212392,0.21884527360306694
3317,0.3766,2,12,2,298274,378170,20308,105948,2.9952635914332784,0.2188474710711025
3318,0.3767,121,886,121,299160,377284,20429,105827,2.9882461031554937,0.2190531782551008
3319,0.3768,3,28,3,299188,377256,20432,105824,2.988024331516918,0.21906102508901218
3320,0.3769,2,5,2,299193,377251,20434,105822,2.987984729438601,0.21906005924570407
3321,0.377,5,56,5,299249,377195,20439,105817,2.9875411861614496,0.21907737281889478
3322,0.3771,1,22,1,299271,377173,20440,105816,2.9873669370168545,0.21908573487180868
3323,0.3772,2,22,2,299293,377151,20442,105814,2.9871926878722594,0.21909248082159163
3324,0.3773,3,64,3,299357,377087,20445,105811,2.986685781269801,0.2191166664595836
3325,0.3774,1,7,1,299364,377080,20446,105810,2.986630338360157,0.21911822568286773
3326,0.3775,47,436,47,299800,376644,20493,105763,2.9831770371309085,0.21924018515485885
3327,0.3776,2,12,2,299812,376632,20495,105761,2.9830819921429477,0.21924240194198505
3328,0.3777,4,36,4,299848,376596,20499,105757,2.9827968571790646,0.21925229033508656
3329,0.3778,4,22,4,299870,376574,20503,105753,2.9826226080344695,0.21925581607498648
3330,0.3779,5,14,5,299884,376560,20508,105748,2.982511722215182,0.21925408660026374
3331,0.378,11,120,11,300004,376440,20519,105737,2.981561272335572,0.219290841330051
3332,0.3781,2,7,2,300011,376433,20521,105735,2.9815058294259282,0.21929078661379436
3333,0.3782,1,30,1,300041,376403,20522,105734,2.981268216956026,0.21930281227120094
3334,0.3783,43,445,43,300486,375958,20565,105691,2.9777436319858066,0.21943573016864978
3335,0.3784,2,5,2,300491,375953,20567,105689,2.9777040299074895,0.21943476690155758
3336,0.3785,6,40,6,300531,375913,20573,105683,2.977387213280953,0.21944326780122758
3337,0.3786,1,10,1,300541,375903,20574,105682,2.977308009124319,0.21944620368159307
3338,0.3787,9,53,9,300594,375850,20583,105673,2.976888227094158,0.2194557684679652
3339,0.3788,5,31,5,300625,375819,20588,105668,2.976642694208592,0.21946179232253415
3340,0.3789,0,5,0,300630,375814,20588,105668,2.976603092130275,0.2194640713463847
3341,0.379,15,84,15,300714,375730,20603,105653,2.9759377772145483,0.21947804554793168
3342,0.3791,1,10,1,300724,375720,20604,105652,2.975858573057914,0.21948098352209933
3343,0.3792,19,195,19,300919,375525,20623,105633,2.9743140920035485,0.2195391118925592
3344,0.3793,4,61,4,300980,375464,20627,105629,2.97383094664808,0.2195604592043534
3345,0.3794,1,14,1,300994,375450,20628,105628,2.9737200608287924,0.21956522642897824
3346,0.3795,6,27,6,301021,375423,20634,105622,2.97350620960588,0.2195678159007993
3347,0.3796,0,11,0,301032,375412,20634,105622,2.9734190850335827,0.21957283684729145
3348,0.3797,2,34,2,301066,375378,20636,105620,2.9731497909010263,0.2195851126200109
3349,0.3798,3,22,3,301088,375356,20639,105617,2.972975541756431,0.219590288851973
3350,0.3799,1,7,1,301095,375349,20640,105616,2.9729200988467874,0.2195918621937147
3351,0.38,480,4945,480,306040,370404,21120,105136,2.933753643391205,0.22108760566934432
3352,0.3801,0,8,0,306048,370396,21120,105136,2.933690280065898,0.2210913250843266
3353,0.3802,6,21,6,306069,370375,21126,105130,2.933523951336966,0.2210912608700224
3354,0.3803,6,51,6,306120,370324,21132,105124,2.933120010138132,0.22110514714542914
3355,0.3804,3,12,3,306132,370312,21135,105121,2.933024965150171,0.22110581301676577
3356,0.3805,4,20,4,306152,370292,21139,105117,2.932866556836903,0.2211085612598836
3357,0.3806,6,11,6,306163,370281,21145,105111,2.9327794322646055,0.22110384693053312
3358,0.3807,11,61,11,306224,370220,21156,105100,2.932296286909137,0.22111419675166205
3359,0.3808,14,177,14,306401,370043,21170,105086,2.9308943733367125,0.22117361811213376
3360,0.3809,0,3,0,306404,370040,21170,105086,2.9308706120897225,0.22117501462769876
3361,0.381,10,112,10,306516,369928,21180,105076,2.92998352553542,0.22121076875142104
3362,0.3811,0,2,0,306518,369926,21180,105076,2.9299676847040934,0.2212117001612625
3363,0.3812,5,36,5,306554,369890,21185,105071,2.9296825497402104,0.2212202686115281
3364,0.3813,5,36,5,306590,369854,21190,105066,2.9293974147763273,0.221228838541228
3365,0.3814,3,11,3,306601,369843,21193,105063,2.9293102902040298,0.22122904322118483
3366,0.3815,4,42,4,306643,369801,21197,105059,2.9289776327461667,0.22124205028850608
3367,0.3816,1,8,1,306651,369793,21198,105058,2.928914269420859,0.22124413763475279
3368,0.3817,64,480,64,307131,369313,21262,104994,2.9251124699024205,0.22136295690344018
3369,0.3818,2,35,2,307166,369278,21264,104992,2.924835255354201,0.22137600944609612
3370,0.3819,0,19,0,307185,369259,21264,104992,2.924684767456596,0.22138487847152669
3371,0.382,17,117,17,307302,369142,21281,104975,2.9237580788239765,0.2214115924972106
3372,0.3821,3,16,3,307318,369126,21284,104972,2.923631352173362,0.22141413800522255
3373,0.3822,2,20,2,307338,369106,21286,104970,2.923472943860094,0.22142019423046094
3374,0.3823,3,61,3,307399,369045,21289,104967,2.9229897985046254,0.22144376091744514
3375,0.3824,3,8,3,307407,369037,21292,104964,2.9229264351793183,0.22144257079626414
3376,0.3825,59,466,59,307873,368571,21351,104905,2.919235521480167,0.2215635005786988
3377,0.3826,3,12,3,307885,368559,21354,104902,2.919140476492206,0.22156418374480685
3378,0.3827,10,65,10,307950,368494,21364,104892,2.9186256494740843,0.22157816242981415
3379,0.3828,1,17,1,307967,368477,21365,104891,2.9184910024078063,0.2215844755032026
3380,0.3829,4,22,4,307989,368455,21369,104887,2.9183167532632113,0.22158819627246262
3381,0.383,8,67,8,308056,368388,21377,104879,2.9177860854137627,0.22160640822199731
3382,0.3831,0,5,0,308061,368383,21377,104879,2.9177464833354456,0.22160874948759884
3383,0.3832,3,30,3,308091,368353,21380,104876,2.917508870865543,0.22161786365586217
3384,0.3833,112,926,112,309017,367427,21492,104764,2.9101745659612215,0.2218678458505139
3385,0.3834,1,9,1,309026,367418,21493,104763,2.910103282220251,0.22187042680666946
3386,0.3835,5,35,5,309061,367383,21498,104758,2.9098260676720313,0.22187863371323396
3387,0.3836,2,5,2,309066,367378,21500,104756,2.9097864655937142,0.22187768726675053
3388,0.3837,1,39,1,309105,367339,21501,104755,2.909477569382841,0.22189436849441002
3389,0.3838,6,43,6,309148,367296,21507,104749,2.9091369915093144,0.22190469129002532
3390,0.3839,1,12,1,309160,367284,21508,104748,2.9090419465213535,0.2219086841570063
3391,0.384,17,181,17,309341,367103,21525,104731,2.9076083512862754,0.22196577609922133
3392,0.3841,1,6,1,309347,367097,21526,104730,2.907560828792295,0.22196694975065012
3393,0.3842,19,154,19,309501,366943,21545,104711,2.9063410847801294,0.22200808219584695
3394,0.3843,3,64,3,309565,366879,21548,104708,2.905834178177671,0.22203326215523328
3395,0.3844,2,7,2,309572,366872,21550,104706,2.9057787352680267,0.22203325854895692
3396,0.3845,1,25,1,309597,366847,21551,104705,2.9055807248764416,0.22204338015743758
3397,0.3846,1,14,1,309611,366833,21552,104704,2.9054698390571536,0.22204832282514417
3398,0.3847,7,35,7,309646,366798,21559,104697,2.9051926245089343,0.22205325613209048
3399,0.3848,0,29,0,309675,366769,21559,104697,2.904962932454695,0.22206691468737935
3400,0.3849,2,8,2,309683,366761,21561,104695,2.904899569129388,0.22206738274621599
3401,0.385,179,1701,179,311384,365060,21740,104516,2.891426942085921,0.22257525938293268
3402,0.3851,2,3,2,311387,365057,21742,104514,2.8914031808389304,0.22257337016127487
3403,0.3852,0,18,0,311405,365039,21742,104514,2.891260613356989,0.22258190236245962
3404,0.3853,2,37,2,311442,365002,21744,104512,2.8909675579774428,0.2225961313187679
3405,0.3854,1,6,1,311448,364996,21745,104511,2.8909200354834623,0.22259732016775044
3406,0.3855,1,30,1,311478,364966,21746,104510,2.8906824230135597,0.22260988847140215
3407,0.3856,3,7,3,311485,364959,21749,104507,2.890626980103916,0.22260824000034082
3408,0.3857,9,63,9,311548,364896,21758,104498,2.8901279939171207,0.22262321205639612
3409,0.3858,14,157,14,311705,364739,21772,104484,2.8888844886579648,0.2226745065778958
3410,0.3859,1,3,1,311708,364736,21773,104483,2.8888607274109743,0.22267427363342066
3411,0.386,25,152,25,311860,364584,21798,104458,2.8876568242301355,0.22270500296348728
3412,0.3861,1,6,1,311866,364578,21799,104457,2.887609301736155,0.22270619463366273
3413,0.3862,5,29,5,311895,364549,21804,104452,2.887379609681916,0.2227116786531372
3414,0.3863,3,33,3,311928,364516,21807,104449,2.8871182359650236,0.2227223780026228
3415,0.3864,1,9,1,311937,364507,21808,104448,2.8870469522240527,0.22272499493554818
3416,0.3865,4,29,4,311966,364478,21812,104444,2.886817260169814,0.22273213882052878
3417,0.3866,1,5,1,311971,364473,21813,104443,2.886777658091497,0.22273285620452277
3418,0.3867,104,845,104,312816,363628,21917,104339,2.880084906855912,0.22296230289742652
3419,0.3868,6,30,6,312846,363598,21923,104333,2.879847294386009,0.22296663396953825
3420,0.3869,0,4,0,312850,363594,21923,104333,2.879815612723356,0.22296853996456711
3421,0.387,9,91,9,312941,363503,21932,104324,2.879094854897985,0.2229969625523965
3422,0.3871,1,21,1,312962,363482,21933,104323,2.8789285261690534,0.22300531204241084
3423,0.3872,2,26,2,312988,363456,21935,104321,2.8787225953618045,0.2230143850595476
3424,0.3873,12,54,12,313042,363402,21947,104309,2.87829489291598,0.2230201983703612
3425,0.3874,1,14,1,313056,363388,21948,104308,2.8781840070966926,0.22302521295884506
3426,0.3875,51,421,51,313477,362967,21999,104257,2.874849512102395,0.22314136260123624
3427,0.3876,3,17,3,313494,362950,22002,104254,2.874714865036117,0.22314449362591074
3428,0.3877,5,45,5,313539,362905,22007,104249,2.8743584463312635,0.2231576739148118
3429,0.3878,4,17,4,313556,362888,22011,104245,2.8742237992649855,0.2231591431134174
3430,0.3879,2,22,2,313578,362866,22013,104243,2.8740495501203904,0.22316632734543757
3431,0.388,13,105,13,313683,362761,22026,104230,2.8732179064757317,0.2231948795587067
3432,0.3881,2,6,2,313689,362755,22028,104228,2.8731703839817513,0.2231944203536317
3433,0.3882,5,21,5,313710,362734,22033,104223,2.8730040552528195,0.22319614011568517
3434,0.3883,45,481,45,314191,362253,22078,104178,2.8691943353187175,0.22335136386732443
3435,0.3884,1,4,1,314195,362249,22079,104177,2.8691626536560637,0.2233516141896035
3436,0.3885,5,33,5,314228,362216,22084,104172,2.868901279939171,0.22335909157182432
3437,0.3886,2,9,2,314237,362207,22086,104170,2.8688299961982007,0.223360071358579
3438,0.3887,3,46,3,314283,362161,22089,104167,2.8684656570776834,0.22337710795834692
3439,0.3888,6,27,6,314310,362134,22095,104161,2.8682518058547712,0.2233800491105416
3440,0.3889,0,12,0,314322,362122,22095,104161,2.8681567608668104,0.2233857978952696
3441,0.389,11,90,11,314412,362032,22106,104150,2.867443923457103,0.22341059929383802
3442,0.3891,2,7,2,314419,362025,22108,104148,2.867388480547459,0.22341062223680908
3443,0.3892,14,147,14,314566,361878,22122,104134,2.8662241794449375,0.2234577650360935
3444,0.3893,11,60,11,314626,361818,22133,104123,2.8657489545051322,0.22346820734814066
3445,0.3894,1,8,1,314634,361810,22134,104122,2.865685591179825,0.2234703776516745
3446,0.3895,6,36,6,314670,361774,22140,104116,2.865400456215942,0.2234776449376462
3447,0.3896,0,13,0,314683,361761,22140,104116,2.865297490812318,0.223483880938531
3448,0.3897,6,33,6,314716,361728,22146,104110,2.8650361170954253,0.22348971101541737
3449,0.3898,5,16,5,314732,361712,22151,104105,2.8649093904448106,0.2234890525678539
3450,0.3899,1,7,1,314739,361705,22152,104104,2.864853947535167,0.22349074406033373
3451,0.39,520,4829,520,319568,356876,22672,103584,2.8266062602965403,0.22495765104460758
3452,0.3901,2,9,2,319577,356867,22674,103582,2.82653497655557,0.2249586816346653
3453,0.3902,2,30,2,319607,356837,22676,103580,2.8262973640856672,0.22496997287241782
3454,0.3903,2,33,2,319640,356804,22678,103578,2.8260359903687746,0.22498273173147518
3455,0.3904,4,12,4,319652,356792,22682,103574,2.8259409453808138,0.22498186225742126
3456,0.3905,10,41,10,319693,356751,22692,103564,2.8256162083386136,0.22498506457534515
3457,0.3906,0,11,0,319704,356740,22692,103564,2.825529083766316,0.2249904410997949
3458,0.3907,10,63,10,319767,356677,22702,103554,2.825030097579521,0.22500439996436572
3459,0.3908,19,146,19,319913,356531,22721,103535,2.8238737168926624,0.22504379806375607
3460,0.3909,0,2,0,319915,356529,22721,103535,2.8238578760613358,0.22504477637893858
3461,0.391,17,91,17,320006,356438,22738,103518,2.823137118235965,0.22506065797598032
3462,0.3911,2,6,2,320012,356432,22740,103516,2.8230895957419846,0.2250602241992573
3463,0.3912,3,33,3,320045,356399,22743,103513,2.822828222025092,0.2250713179912679
3464,0.3913,3,27,3,320072,356372,22746,103510,2.82261437080218,0.2250794769092941
3465,0.3914,1,15,1,320087,356357,22747,103509,2.8224955645672285,0.22508513349540954
3466,0.3915,6,35,6,320122,356322,22753,103503,2.822218350019009,0.22509215462404175
3467,0.3916,0,5,0,320127,356317,22753,103503,2.822178747940692,0.22509460223565744
3468,0.3917,50,452,50,320579,355865,22803,103453,2.818598720060829,0.2252317566478997
3469,0.3918,2,24,2,320603,355841,22805,103451,2.8184086300849067,0.22524015223430846
3470,0.3919,0,5,0,320608,355836,22805,103451,2.8183690280065896,0.22524260429753074
3471,0.392,5,124,5,320732,355712,22810,103446,2.8173868964643263,0.22529499649358173
3472,0.3921,2,12,2,320744,355700,22812,103444,2.8172918514763654,0.22529751014932134
3473,0.3922,1,18,1,320762,355682,22813,103443,2.817149283994424,0.22530465559488158
3474,0.3923,5,39,5,320801,355643,22818,103438,2.816840387783551,0.22531535829189184
3475,0.3924,0,14,0,320815,355629,22818,103438,2.816729501964263,0.22532222965275223
3476,0.3925,47,403,47,321218,355226,22865,103391,2.813537574451907,0.2254408362533443
3477,0.3926,0,6,0,321224,355220,22865,103391,2.8134900519579267,0.22544378569201348
3478,0.3927,6,56,6,321280,355164,22871,103385,2.8130465086807757,0.2254611829924392
3479,0.3928,3,18,3,321298,355146,22874,103382,2.812903941198834,0.22546496615255776
3480,0.3929,2,23,2,321321,355123,22876,103380,2.8127217716385755,0.22547289766915374
3481,0.393,8,78,8,321399,355045,22884,103372,2.8121039792168294,0.22549774550245738
3482,0.3931,1,11,1,321410,355034,22885,103371,2.812016854644532,0.22550146704333504
3483,0.3932,6,41,6,321451,354993,22891,103365,2.8116921176023317,0.22551149974474102
3484,0.3933,104,914,104,322365,354079,22995,103261,2.8044528576859715,0.22578606725849476
3485,0.3934,2,4,2,322369,354075,22997,103259,2.8044211760233178,0.2257846562905885
3486,0.3935,9,41,9,322410,354034,23006,103250,2.8040964389811176,0.2257896624417211
3487,0.3936,1,11,1,322421,354023,23007,103249,2.80400931440882,0.22579340086425584
3488,0.3937,7,34,7,322455,353989,23014,103242,2.803740020276264,0.22579833825790466
3489,0.3938,4,38,4,322493,353951,23018,103238,2.8034390444810544,0.22581033226958655
3490,0.3939,3,13,3,322506,353938,23021,103235,2.8033360790774298,0.22581167304280875
3491,0.394,19,170,19,322676,353768,23040,103216,2.8019896084146496,0.22586348756192778
3492,0.3941,1,11,1,322687,353757,23041,103215,2.801902483842352,0.22586723037735354
3493,0.3942,31,165,31,322852,353592,23072,103184,2.8005956152578886,0.2258962817661173
3494,0.3943,4,63,4,322915,353529,23076,103180,2.800096629071094,0.2259206628290662
3495,0.3944,0,4,0,322919,353525,23076,103180,2.80006494740844,0.22592264153009053
3496,0.3945,5,24,5,322943,353501,23081,103175,2.799874857432518,0.2259260394678065
3497,0.3946,0,6,0,322949,353495,23081,103175,2.7998273349385374,0.2259290078174612
3498,0.3947,4,49,4,322998,353446,23085,103171,2.79943923457103,0.2259464715505555
3499,0.3948,3,28,3,323026,353418,23088,103168,2.7992174629324547,0.22595524172883094
3500,0.3949,2,7,2,323033,353411,23090,103166,2.799162020022811,0.22595531531373678
3501,0.395,195,1582,195,324615,351829,23285,102971,2.7866319224432896,0.2264094107299912
3502,0.3951,1,4,1,324619,351825,23286,102970,2.7866002407806363,0.22640970107411032
3503,0.3952,1,22,1,324641,351803,23287,102969,2.786425991636041,0.2264189527939275
3504,0.3953,7,41,7,324682,351762,23294,102962,2.786101254593841,0.22642745929398933
3505,0.3954,3,12,3,324694,351750,23297,102959,2.78600620960588,0.2264283310864751
3506,0.3955,2,34,2,324728,351716,23299,102957,2.7857369154733242,0.22644186041396783
3507,0.3956,1,9,1,324737,351707,23300,102956,2.7856656317323534,0.2264446414157299
3508,0.3957,6,50,6,324787,351657,23306,102950,2.785269610949183,0.22645933740571528
3509,0.3958,18,153,18,324940,351504,23324,102932,2.78405778735268,0.22650494239012756
3510,0.3959,1,5,1,324945,351499,23325,102931,2.784018185274363,0.22650573245604383
3511,0.396,22,177,22,325122,351322,23347,102909,2.7826162717019387,0.22655653180870527
3512,0.3961,0,5,0,325127,351317,23347,102909,2.782576669623622,0.22655902568325018
3513,0.3962,2,27,2,325154,351290,23349,102907,2.78236281840071,0.2265690878627556
3514,0.3963,7,31,7,325185,351259,23356,102900,2.782117285515144,0.22657263205177042
3515,0.3964,0,14,0,325199,351245,23356,102900,2.782006399695856,0.22657961664226184
3516,0.3965,13,23,13,325222,351222,23369,102887,2.7818242301355975,0.22656895150723724
3517,0.3966,3,8,3,325230,351214,23372,102884,2.78176086681029,0.22656783337517453
3518,0.3967,105,880,105,326110,350334,23477,102779,2.7747909010264857,0.2268286277374518
3519,0.3968,4,23,4,326133,350311,23481,102775,2.7746087314662273,0.22683331641233673
3520,0.3969,0,12,0,326145,350299,23481,102775,2.7745136864782665,0.22683932426049608
3521,0.397,6,73,6,326218,350226,23487,102769,2.773935496134837,0.2268656386935838
3522,0.3971,4,16,4,326234,350210,23491,102765,2.7738087694842224,0.22686682487996027
3523,0.3972,4,21,4,326255,350189,23495,102761,2.7736424407552907,0.22687051550943813
3524,0.3973,5,56,5,326311,350133,23500,102756,2.7731988974781396,0.22689003265700866
3525,0.3974,2,7,2,326318,350126,23502,102754,2.773143454568496,0.22689012541953718
3526,0.3975,49,419,49,326737,349707,23551,102705,2.7698248004055253,0.22701652476061643
3527,0.3976,3,8,3,326745,349699,23554,102702,2.769761437080218,0.2270154133169467
3528,0.3977,3,34,3,326779,349665,23557,102699,2.7694921429476618,0.22702734965647134
3529,0.3978,3,29,3,326808,349636,23560,102696,2.769262450893423,0.2270367782955882
3530,0.3979,1,12,1,326820,349624,23561,102695,2.769167405905462,0.22704109268016598
3531,0.398,7,108,7,326928,349516,23568,102688,2.7683120010138134,0.22708335176159433
3532,0.3981,1,4,1,326932,349512,23569,102687,2.7682803193511596,0.22708365122435034
3533,0.3982,8,21,8,326953,349491,23577,102679,2.768113990622228,0.22708052281221663
3534,0.3983,56,501,56,327454,348990,23633,102623,2.7641458623748574,0.22723659416358696
3535,0.3984,1,7,1,327461,348983,23634,102622,2.7640904194652136,0.22723840524352032
3536,0.3985,7,40,7,327501,348943,23641,102615,2.763773602838677,0.22724655525978943
3537,0.3986,0,16,0,327517,348927,23641,102615,2.763646876188062,0.2272546075448131
3538,0.3987,5,41,5,327558,348886,23646,102610,2.7633221391458624,0.22726668674805536
3539,0.3988,2,35,2,327593,348851,23648,102608,2.7630449245976427,0.22728088264936572
3540,0.3989,1,14,1,327607,348837,23649,102607,2.762934038778355,0.22728621933174437
3541,0.399,13,96,13,327703,348741,23662,102594,2.7621736788746674,0.2273123068230915
3542,0.3991,1,3,1,327706,348738,23663,102593,2.762149917627677,0.2273121057494389
3543,0.3992,25,135,25,327841,348603,23688,102568,2.761080661513116,0.2273373066974606
3544,0.3993,6,61,6,327902,348542,23694,102562,2.760597516157648,0.22735777115698375
3545,0.3994,1,9,1,327911,348533,23695,102561,2.760526232416677,0.22736059446589846
3546,0.3995,4,40,4,327951,348493,23699,102557,2.7602094157901407,0.2273739053320031
3547,0.3996,1,18,1,327969,348475,23700,102556,2.7600668483081994,0.2273812664761402
3548,0.3997,3,50,3,328019,348425,23703,102553,2.7596708275250283,0.22740133665056833
3549,0.3998,4,31,4,328050,348394,23707,102549,2.759425294639463,0.22741011613441167
3550,0.3999,1,11,1,328061,348383,23708,102548,2.7593381700671653,0.22741395024959474
3551,0.4,531,4852,531,332913,343531,24239,102017,2.7209083132682803,0.22896971818973488
3552,0.4001,0,6,0,332919,343525,24239,102017,2.7208607907743,0.22897280166628511
3553,0.4002,2,35,2,332954,343490,24241,102015,2.72058357622608,0.22898732898620666
3554,0.4003,4,44,4,332998,343446,24245,102011,2.72023507793689,0.22900302386088894
3555,0.4004,2,8,2,333006,343438,24247,102009,2.720171714611583,0.22900367496020851
3556,0.4005,2,26,2,333032,343412,24249,102007,2.719965783804334,0.22901358047142129
3557,0.4006,0,8,0,333040,343404,24249,102007,2.7199024204790265,0.22901769377047265
3558,0.4007,10,79,10,333119,343325,24259,101997,2.719276707641617,0.22904100852866016
3559,0.4008,18,174,18,333293,343151,24277,101979,2.717898555316183,0.22909936423067417
3560,0.4009,1,3,1,333296,343148,24278,101978,2.7178747940691927,0.2290991764129707
3561,0.401,11,91,11,333387,343057,24289,101967,2.717154036243822,0.22912696843316316
3562,0.4011,0,7,0,333394,343050,24289,101967,2.7170985933341782,0.22913057253992544
3563,0.4012,2,22,2,333416,343028,24291,101965,2.716924344189583,0.2291384358855083
3564,0.4013,4,31,4,333447,342997,24295,101961,2.7166788113040172,0.22914747009830141
3565,0.4014,1,14,1,333461,342983,24296,101960,2.7165679254847293,0.2291529476809389
3566,0.4015,7,36,7,333497,342947,24303,101953,2.7162827905208466,0.22915936165430434
3567,0.4016,2,6,2,333503,342941,24305,101951,2.716235268026866,0.2291589869001915
3568,0.4017,58,453,58,333956,342488,24363,101893,2.7126473197313397,0.22929198143034918
3569,0.4018,1,28,1,333984,342460,24364,101892,2.7124255480927637,0.22930469537663833
3570,0.4019,0,5,0,333989,342455,24364,101892,2.712385946014447,0.22930727562017972
3571,0.402,20,102,20,334091,342353,24384,101872,2.7115780636167788,0.22932522933198266
3572,0.4021,2,13,2,334104,342340,24386,101870,2.711475098213154,0.2293284707683303
3573,0.4022,4,28,4,334132,342312,24390,101866,2.7112533265745786,0.22933598692416104
3574,0.4023,7,32,7,334164,342280,24397,101859,2.7109998732733493,0.2293403641652726
3575,0.4024,0,12,0,334176,342268,24397,101859,2.7109048282853885,0.22934656078103785
3576,0.4025,51,440,51,334616,341828,24448,101808,2.707419845393486,0.2294854340044541
3577,0.4026,2,4,2,334620,341824,24450,101806,2.707388163730833,0.2294840294840295
3578,0.4027,4,57,4,334677,341767,24454,101802,2.706936700038018,0.22950657056737508
3579,0.4028,2,14,2,334691,341753,24456,101800,2.70682581421873,0.22951034036518747
3580,0.4029,0,25,0,334716,341728,24456,101800,2.706627803827145,0.22952327699716815
3581,0.403,2,47,2,334763,341681,24458,101798,2.7062555442909644,0.22954412723037618
3582,0.4031,3,10,3,334773,341671,24461,101795,2.70617634013433,0.22954409131703446
3583,0.4032,6,25,6,334798,341646,24467,101789,2.705978329742745,0.22954660773281316
3584,0.4033,123,830,123,335628,340816,24590,101666,2.6994043847421114,0.22976301860866657
3585,0.4035,1,24,1,335652,340792,24591,101665,2.6992142947661892,0.2297737407250874
3586,0.4036,2,8,2,335660,340784,24593,101663,2.699150931440882,0.22977441365858509
3587,0.4037,2,47,2,335707,340737,24595,101661,2.6987786719047016,0.22979534265525614
3588,0.4038,5,47,5,335754,340690,24600,101656,2.698406412368521,0.2298110528862022
3589,0.4039,1,4,1,335758,340686,24601,101655,2.6983747307058676,0.22981138985533786
3590,0.404,17,147,17,335905,340539,24618,101638,2.6972104296033454,0.2298581789645323
3591,0.4041,1,12,1,335917,340527,24619,101637,2.6971153846153846,0.2298626753874128
3592,0.4042,17,163,17,336080,340364,24636,101620,2.695824356862248,0.2299178250796409
3593,0.4043,11,62,11,336142,340302,24647,101609,2.6953332910911163,0.2299309136907658
3594,0.4044,3,7,3,336149,340295,24650,101606,2.6952778481814725,0.22992932806216776
3595,0.4045,4,38,4,336187,340257,24654,101602,2.694976872386263,0.2299421308607497
3596,0.4046,3,11,3,336198,340246,24657,101599,2.6948897478139653,0.2299426269393113
3597,0.4047,3,35,3,336233,340211,24660,101596,2.6946125332657456,0.22995561410299067
3598,0.4048,2,27,2,336260,340184,24662,101594,2.6943986820428334,0.22996618210956635
3599,0.4049,4,3,4,336263,340181,24666,101590,2.6943749207958434,0.22996077153095157
3600,0.405,179,1667,179,337930,338514,24845,101411,2.6811715878849323,0.23051883843837018
3601,0.4051,1,4,1,337934,338510,24846,101410,2.6811399062222785,0.23051918530641935
3602,0.4052,5,18,5,337952,338492,24851,101405,2.680997338740337,0.23051987169723823
3603,0.4053,4,43,4,337995,338449,24855,101401,2.6806567608668104,0.23053540979879505
3604,0.4054,0,14,0,338009,338435,24855,101401,2.6805458750475224,0.23054274775143463
3605,0.4055,7,37,7,338046,338398,24862,101394,2.680252819667976,0.23054989631462144
3606,0.4056,2,11,2,338057,338387,24864,101392,2.6801656950956785,0.23055216370040407
3607,0.4057,2,61,2,338118,338326,24866,101390,2.6796825497402104,0.23058064750884663
3608,0.4058,27,153,27,338271,338173,24893,101363,2.678470726143708,0.2306136471187798
3609,0.4059,1,2,1,338273,338171,24894,101362,2.678454885312381,0.23061294601315488
3610,0.406,20,168,20,338441,338003,24914,101342,2.6771242554809276,0.2306661052248233
3611,0.4061,0,10,0,338451,337993,24914,101342,2.6770450513242934,0.23067135557148874
3612,0.4062,9,33,9,338484,337960,24923,101333,2.6767836776074008,0.2306729221726729
3613,0.4063,4,31,4,338515,337929,24927,101329,2.676538144721835,0.2306821958848786
3614,0.4064,0,15,0,338530,337914,24927,101329,2.676419338486884,0.2306900736039049
3615,0.4065,6,33,6,338563,337881,24933,101323,2.6761579647699913,0.23069689711386965
3616,0.4066,1,6,1,338569,337875,24934,101322,2.6761104422760105,0.23069829711951584
3617,0.4067,106,917,106,339486,336958,25040,101216,2.66884742111266,0.230994992856719
3618,0.4068,4,31,4,339517,336927,25044,101212,2.6686018882270943,0.23100431598191443
3619,0.4069,0,5,0,339522,336922,25044,101212,2.668562286148777,0.23100695221096743
3620,0.407,4,66,4,339588,336856,25048,101208,2.6680395387149916,0.23103473465064464
3621,0.4071,0,32,0,339620,336824,25048,101208,2.6677860854137627,0.23105161266756766
3622,0.4072,7,15,7,339635,336809,25055,101201,2.6676672791788114,0.23104723636446656
3623,0.4073,8,63,8,339698,336746,25063,101193,2.667168292992016,0.23106642705947633
3624,0.4074,3,11,3,339709,336735,25066,101190,2.6670811684197187,0.2310669635211509
3625,0.4075,71,459,71,340168,336276,25137,101119,2.6634456976302117,0.2311846271676631
3626,0.4076,2,11,2,340179,336265,25139,101117,2.663358573057914,0.23118692584514222
3627,0.4077,8,52,8,340231,336213,25147,101109,2.6629467114434164,0.23120035122861415
3628,0.4078,6,15,6,340246,336198,25153,101103,2.662827905208465,0.2311977333690067
3629,0.4079,2,21,2,340267,336177,25155,101101,2.662661576479534,0.23120532018532833
3630,0.408,17,132,17,340399,336045,25172,101084,2.661616081611963,0.23124523881966194
3631,0.4081,1,8,1,340407,336037,25173,101083,2.661552718286656,0.2312477122986823
3632,0.4082,6,30,6,340437,336007,25179,101077,2.6613151058167532,0.2312530314539082
3633,0.4083,77,482,77,340919,335525,25256,101000,2.657497465466988,0.23137277360975889
3634,0.4084,1,6,1,340925,335519,25257,100999,2.6574499429730074,0.2313741930458767
3635,0.4085,5,34,5,340959,335485,25262,100994,2.657180648840451,0.23138341134395926
3636,0.4086,1,11,1,340970,335474,25263,100993,2.6570935242681535,0.2313874817569255
3637,0.4087,5,36,5,341006,335438,25268,100988,2.656808389304271,0.2313977627364089
3638,0.4088,6,27,6,341033,335411,25274,100982,2.6565945380813587,0.2314015119399257
3639,0.4089,1,14,1,341047,335397,25275,100981,2.6564836522620707,0.2314071745138389
3640,0.409,15,97,15,341144,335300,25290,100966,2.6557153719427196,0.23143219962133194
3641,0.4091,1,7,1,341151,335293,25291,100965,2.655659929033076,0.23143415135080617
3642,0.4092,23,181,23,341332,335112,25314,100942,2.6542263337979977,0.2314896778839318
3643,0.4093,7,84,7,341416,335028,25321,100935,2.653561018882271,0.23152194108215604
3644,0.4094,2,9,2,341425,335019,25323,100933,2.6534897351413003,0.23152319521415202
3645,0.4095,3,31,3,341456,334988,25326,100930,2.6532442022557343,0.23153437114319667
3646,0.4096,4,11,4,341467,334977,25330,100926,2.653157077683437,0.2315331621943414
3647,0.4097,4,37,4,341504,334940,25334,100922,2.6528640223038904,0.23154576448508932
3648,0.4098,4,29,4,341533,334911,25338,100918,2.6526343302496516,0.23155411870251866
3649,0.4099,2,5,2,341538,334906,25340,100916,2.6525947281713345,0.23155324880341058
3650,0.41,573,4817,573,346355,330089,25913,100343,2.614442085920669,0.23312160805888038
3651,0.4101,1,6,1,346361,330083,25914,100342,2.6143945634266887,0.23312307602950572
3652,0.4102,1,27,1,346388,330056,25915,100341,2.6141807122037766,0.23313591869831807
3653,0.4103,8,26,8,346414,330030,25923,100333,2.6139747813965277,0.23313574819396649
3654,0.4104,0,12,0,346426,330018,25923,100333,2.613879736408567,0.23314224900139655
3655,0.4105,2,25,2,346451,329993,25925,100331,2.6136817260169813,0.23315222948290126
3656,0.4106,0,8,0,346459,329985,25925,100331,2.6136183626916742,0.2331565640134227
3657,0.4107,7,66,7,346525,329919,25932,100324,2.6130956152578886,0.2331798541754311
3658,0.4108,22,165,22,346690,329754,25954,100302,2.6117887466734255,0.2332300909648976
3659,0.4109,0,4,0,346694,329750,25954,100302,2.6117570650107718,0.23323226028480276
3660,0.411,13,94,13,346788,329656,25967,100289,2.611012545938411,0.2332600681482515
3661,0.4111,1,12,1,346800,329644,25968,100288,2.6109175009504497,0.23326479536298764
3662,0.4112,1,36,1,346836,329608,25969,100287,2.610632365986567,0.23328254573791274
3663,0.4113,3,41,3,346877,329567,25972,100284,2.610307628944367,0.233299445621855
3664,0.4114,1,10,1,346887,329557,25973,100283,2.6102284247877328,0.2333030895216825
3665,0.4115,13,44,13,346931,329513,25986,100270,2.6098799264985426,0.23330378353727346
3666,0.4116,0,6,0,346937,329507,25986,100270,2.609832404004562,0.23330704062804664
3667,0.4117,58,514,58,347451,328993,26044,100212,2.6057613103535675,0.23348283454293403
3668,0.4118,5,28,5,347479,328965,26049,100207,2.6055395387149916,0.23348913722237238
3669,0.4119,0,11,0,347490,328954,26049,100207,2.605452414142694,0.2334951218773374
3670,0.412,9,107,9,347597,328847,26058,100198,2.604604929666709,0.23353727464485077
3671,0.4121,3,12,3,347609,328835,26061,100195,2.6045098846787478,0.23353844719483485
3672,0.4122,1,26,1,347635,328809,26062,100194,2.6043039538714994,0.2335508143299697
3673,0.4123,3,40,3,347675,328769,26065,100191,2.6039871372449626,0.23356723237597912
3674,0.4124,1,14,1,347689,328755,26066,100190,2.603876251425675,0.23357306880835538
3675,0.4125,47,440,47,348129,328315,26113,100143,2.6003912685337727,0.23372886023834308
3676,0.4126,1,8,1,348137,328307,26114,100142,2.600327905208465,0.23373143594686882
3677,0.4127,10,61,10,348198,328246,26124,100132,2.599844759852997,0.23374683106975616
3678,0.4128,3,18,3,348216,328228,26127,100129,2.5997021923710557,0.2337512868938759
3679,0.4129,1,25,1,348241,328203,26128,100128,2.59950418197947,0.23376314112216953
3680,0.413,9,65,9,348306,328138,26137,100119,2.5989893549613483,0.23378251844102957
3681,0.4131,1,6,1,348312,328132,26138,100118,2.598941832467368,0.2337840046701693
3682,0.4132,3,21,3,348333,328111,26141,100115,2.598775503738436,0.23379010148846638
3683,0.4133,107,802,107,349135,327309,26248,100008,2.592423330376378,0.23403702637620313
3684,0.4134,0,3,0,349138,327306,26248,100008,2.592399569129388,0.23403866945618446
3685,0.4135,2,44,2,349182,327262,26250,100006,2.592051070840198,0.23405918533566755
3686,0.4136,2,16,2,349198,327246,26252,100004,2.591924344189583,0.23406436512580456
3687,0.4137,4,32,4,349230,327214,26256,100000,2.591670890888354,0.2340747260155332
3688,0.4138,6,28,6,349258,327186,26262,99994,2.5914491192497784,0.23407931082915867
3689,0.4139,1,12,1,349270,327174,26263,99993,2.591354074261817,0.2340840935746441
3690,0.414,21,167,21,349437,327007,26284,99972,2.590031364846027,0.23413797868279237
3691,0.4141,0,2,0,349439,327005,26284,99972,2.5900155240147003,0.23413907540687204
3692,0.4142,17,155,17,349594,326850,26301,99955,2.588787859586871,0.23419360129333067
3693,0.4143,8,59,8,349653,326791,26309,99947,2.5883205550627295,0.2342116239941135
3694,0.4144,3,14,3,349667,326777,26312,99944,2.588209669243442,0.2342139243205748
3695,0.4145,2,45,2,349712,326732,26314,99942,2.587853250538588,0.2342350365853087
3696,0.4146,2,19,2,349731,326713,26316,99940,2.5877027626409834,0.23424187806015662
3697,0.4147,9,59,9,349790,326654,26325,99931,2.587235458116842,0.23425811971822733
3698,0.4148,5,24,5,349814,326630,26330,99926,2.5870453681409202,0.2342623242903628
3699,0.4149,0,6,0,349820,326624,26330,99926,2.5869978456469394,0.23426561950533348
3700,0.415,215,1632,215,351452,324992,26545,99711,2.574071727284248,0.23477818616774546
3701,0.4151,0,9,0,351461,324983,26545,99711,2.574000443543277,0.23478316152335563
3702,0.4152,1,33,1,351494,324950,26546,99710,2.5737390698263845,0.23479960438939387
3703,0.4153,8,49,8,351543,324901,26554,99702,2.573350969458877,0.23481228347421002
3704,0.4154,1,12,1,351555,324889,26555,99701,2.5732559244709163,0.23481711769000682
3705,0.4155,4,24,4,351579,324865,26559,99697,2.573065834494994,0.23482318247982628
3706,0.4156,0,11,0,351590,324854,26559,99697,2.5729787099226966,0.23482926668409684
3707,0.4157,6,72,6,351662,324782,26565,99691,2.572408439994931,0.23485828309456666
3708,0.4158,23,149,23,351811,324633,26588,99668,2.571228298061082,0.2348992814063601
3709,0.4159,1,9,1,351820,324624,26589,99667,2.5711570143201117,0.23490246081109428
3710,0.416,18,180,18,352000,324444,26607,99649,2.569731339500697,0.23496968825234088
3711,0.4161,1,12,1,352012,324432,26608,99648,2.569636294512736,0.23497453310696095
3712,0.4162,4,41,4,352053,324391,26612,99644,2.569311557470536,0.234990036199842
3713,0.4163,3,34,3,352087,324357,26615,99641,2.56904226333798,0.23500346699748584
3714,0.4164,4,16,4,352103,324341,26619,99637,2.5689155366873653,0.23500511819009476
3715,0.4165,4,51,4,352154,324290,26623,99633,2.5685115954885314,0.23502617220580152
3716,0.4166,0,8,0,352162,324282,26623,99633,2.568448232163224,0.23503060755104208
3717,0.4167,121,845,121,353007,323437,26744,99512,2.5617554809276393,0.2352813223343713
3718,0.4168,2,28,2,353035,323409,26746,99510,2.5615337092890633,0.23529328311095032
3719,0.4169,0,10,0,353045,323399,26746,99510,2.5614545051324296,0.23529884679682864
3720,0.417,11,63,11,353108,323336,26757,99499,2.5609555189456343,0.23531401137559568
3721,0.4171,3,25,3,353133,323311,26760,99496,2.560757508554049,0.23532249939097508
3722,0.4172,3,24,3,353157,323287,26763,99493,2.560567418578127,0.23533043190311745
3723,0.4173,7,64,7,353221,323223,26770,99486,2.5600605119756685,0.23535339914693088
3724,0.4174,1,9,1,353230,323214,26771,99485,2.5599892282346977,0.23535660126946126
3725,0.4175,64,419,64,353649,322795,26835,99421,2.5566705740717275,0.2354742596206681
3726,0.4176,3,10,3,353659,322785,26838,99418,2.5565913699150933,0.23547440449262558
3727,0.4177,2,35,2,353694,322750,26840,99416,2.5563141553668736,0.23549030476163405
3728,0.4178,3,37,3,353731,322713,26843,99413,2.556021099987327,0.23550551257207564
3729,0.4179,4,18,4,353749,322695,26847,99409,2.555878532505386,0.23550831074806208
3730,0.418,22,117,22,353866,322578,26869,99387,2.5549518438727663,0.2355337527994028
3731,0.4181,2,9,2,353875,322569,26871,99385,2.554880560131796,0.23553515312095633
3732,0.4182,5,29,5,353904,322540,26876,99380,2.5546508680775566,0.2355422828972317
3733,0.4183,55,473,55,354377,322067,26931,99325,2.550904511468762,0.2357068952424346
3734,0.4184,5,9,5,354386,322058,26936,99320,2.550833227727791,0.23570286061446016
3735,0.4185,6,21,6,354407,322037,26942,99314,2.5506668989988595,0.23570372444826285
3736,0.4186,5,23,5,354430,322014,26947,99309,2.550484729438601,0.23570752130788017
3737,0.4187,5,49,5,354479,321965,26952,99304,2.550096629071094,0.2357258663704189
3738,0.4188,6,29,6,354508,321936,26958,99298,2.5498669370168545,0.23573120878181722
3739,0.4189,1,7,1,354515,321929,26959,99297,2.5498114941072108,0.2357333118088627
3740,0.419,24,112,24,354627,321817,26983,99273,2.5489244075529083,0.23575245196988767
3741,0.4191,0,7,0,354634,321810,26983,99273,2.5488689646432645,0.23575637107173644
3742,0.4192,28,161,28,354795,321649,27011,99245,2.547593777721455,0.2357957110341321
3743,0.4193,7,78,7,354873,321571,27018,99238,2.5469759852997087,0.23582670522731217
3744,0.4194,1,5,1,354878,321566,27019,99237,2.5469363832213916,0.2358276913425047
3745,0.4195,1,37,1,354915,321529,27020,99236,2.546643327841845,0.23584661271731253
3746,0.4196,1,11,1,354926,321518,27021,99235,2.5465562032695477,0.23585096244114717
3747,0.4197,5,24,5,354950,321494,27026,99230,2.5463661132936255,0.235855335089037
3748,0.4198,4,31,4,354981,321463,27030,99226,2.54612058040806,0.23586544929865055
3749,0.4199,0,9,0,354990,321454,27030,99226,2.546049296667089,0.23587049538841875
3750,0.42,600,4647,600,359637,316807,27630,98626,2.509243125079204,0.23740530964078443
3751,0.4201,4,11,4,359648,316796,27634,98622,2.5091560005069065,0.23740425306558696
3752,0.4202,0,28,0,359676,316768,27634,98622,2.508934228868331,0.2374202556633525
3753,0.4203,6,38,6,359714,316730,27640,98616,2.5086332530731212,0.23743096117453882
3754,0.4204,3,14,3,359728,316716,27643,98613,2.5085223672538333,0.23743345636832486
3755,0.4205,5,33,5,359761,316683,27648,98608,2.5082609935369407,0.23744314227854685
3756,0.4206,1,16,1,359777,316667,27649,98607,2.508134266886326,0.23745045439878248
3757,0.4207,8,56,8,359833,316611,27657,98599,2.507690723609175,0.2374677873846969
3758,0.4208,21,152,21,359985,316459,27678,98578,2.506486820428336,0.23751617325684216
3759,0.4209,0,6,0,359991,316453,27678,98578,2.5064392979343557,0.23751960696911797
3760,0.421,12,92,12,360083,316361,27690,98566,2.5057106196933217,0.23755021967719622
3761,0.4211,1,9,1,360092,316352,27691,98565,2.5056393359523508,0.2375535348033462
3762,0.4212,2,38,2,360130,316314,27693,98563,2.505338360157141,0.2375716176119669
3763,0.4213,5,38,5,360168,316276,27698,98558,2.5050373843619314,0.23758419030262706
3764,0.4214,0,17,0,360185,316259,27698,98558,2.5049027372956534,0.23759392696056333
3765,0.4215,12,43,12,360228,316216,27710,98546,2.5045621594221266,0.23759650112594694
3766,0.4216,1,4,1,360232,316212,27711,98545,2.504530477759473,0.23759695436122838
3767,0.4217,65,474,65,360706,315738,27776,98480,2.5007762007350145,0.2377492045251534
3768,0.4218,4,18,4,360724,315720,27780,98476,2.500633633253073,0.2377521752986509
3769,0.4219,1,1,1,360725,315719,27781,98475,2.50062571283741,0.23775090899433599
3770,0.422,17,111,17,360836,315608,27798,98458,2.4997465466987707,0.23778334854829905
3771,0.4221,2,15,2,360851,315593,27800,98456,2.4996277404638194,0.23778828109716482
3772,0.4222,3,26,3,360877,315567,27803,98453,2.4994218096565706,0.23779769093280517
3773,0.4223,4,42,4,360919,315525,27807,98449,2.4990891521987075,0.23781445211535024
3774,0.4224,4,9,4,360928,315516,27811,98445,2.4990178684577367,0.23781225767644779
3775,0.4225,59,420,59,361348,315096,27870,98386,2.4956912938791027,0.23794506169555144
3776,0.4226,2,7,2,361355,315089,27872,98384,2.495635850969459,0.23794540393205843
3777,0.4227,11,72,11,361427,315017,27883,98373,2.495065581041693,0.23796656909939767
3778,0.4228,4,25,4,361452,314992,27887,98369,2.494867570650108,0.23797358725182105
3779,0.4229,4,21,4,361473,314971,27891,98365,2.494701241921176,0.23797830336578474
3780,0.423,7,60,7,361533,314911,27898,98358,2.4942260169813713,0.2379999467659079
3781,0.4231,1,9,1,361542,314902,27899,98357,2.4941547332404004,0.23800328607483442
3782,0.4232,5,35,5,361577,314867,27904,98352,2.493877518692181,0.23801422490253352
3783,0.4233,108,864,108,362441,314003,28012,98244,2.487034279558991,0.23831343830276508
3784,0.4234,0,9,0,362450,313994,28012,98244,2.4869629958180206,0.23831864117330281
3785,0.4235,6,42,6,362492,313952,28018,98238,2.486630338360157,0.23833183725951623
3786,0.4236,0,10,0,362502,313942,28018,98238,2.486551134203523,0.23833761948663204
3787,0.4237,7,29,7,362531,313913,28025,98231,2.486321442149284,0.23834145347257268
3788,0.4238,3,28,3,362559,313885,28028,98228,2.4860996705107086,0.23835210245733573
3789,0.4239,0,14,0,362573,313871,28028,98228,2.4859887846914206,0.23836019985488924
3790,0.424,22,154,22,362727,313717,28050,98206,2.4847690406792546,0.23840863462346118
3791,0.4241,1,9,1,362736,313708,28051,98205,2.484697756938284,0.23841199476588504
3792,0.4242,26,167,26,362903,313541,28077,98179,2.483375047522494,0.2384606042941805
3793,0.4243,14,70,14,362973,313471,28091,98165,2.482820618426055,0.23847525483679755
3794,0.4244,2,8,2,362981,313463,28093,98163,2.4827572551007475,0.23847618955070865
3795,0.4245,5,38,5,363019,313425,28098,98158,2.482456279305538,0.23848895605503628
3796,0.4246,0,8,0,363027,313417,28098,98158,2.4823929159802307,0.2384935916904574
3797,0.4247,5,46,5,363073,313371,28103,98153,2.4820285768597135,0.23851099814348617
3798,0.4248,4,29,4,363102,313342,28107,98149,2.4817988848054746,0.23852040506353722
3799,0.4249,1,3,1,363105,313339,28108,98148,2.481775123558484,0.23852029347221176
3800,0.425,207,1525,207,364630,311814,28315,97941,2.469696489671778,0.2390233188124611
3801,0.4251,2,12,2,364642,311802,28317,97939,2.469601444683817,0.23902660461120562
3802,0.4252,5,26,5,364668,311776,28322,97934,2.4693955138765684,0.23903248639281444
3803,0.4253,6,39,6,364707,311737,28328,97928,2.469086617665695,0.23904409700609033
3804,0.4254,0,11,0,364718,311726,28328,97928,2.4689994930933974,0.2390505158011395
3805,0.4255,4,22,4,364740,311704,28332,97924,2.4688252439488023,0.23905592391145136
3806,0.4256,2,13,2,364753,311691,28334,97922,2.468722278545178,0.23905979546547595
3807,0.4257,11,53,11,364806,311638,28345,97911,2.468302496515017,0.23907029439700744
3808,0.4258,9,148,9,364954,311490,28354,97902,2.467130274996832,0.23913999296517763
3809,0.4259,1,6,1,364960,311484,28355,97901,2.467082752502851,0.2391416392882006
3810,0.426,21,179,21,365139,311305,28376,97880,2.4656649980991,0.23920720456517222
3811,0.4261,2,7,2,365146,311298,28378,97878,2.4656095551894563,0.23920757815707666
3812,0.4262,5,35,5,365181,311263,28383,97873,2.4653323406412366,0.2392187438895624
3813,0.4263,3,38,3,365219,311225,28386,97870,2.465031364846027,0.23923538542392353
3814,0.4264,2,11,2,365230,311214,28388,97868,2.4649442402737294,0.23923809896304407
3815,0.4265,5,27,5,365257,311187,28393,97863,2.464730389050817,0.23924459112577925
3816,0.4266,0,4,0,365261,311183,28393,97863,2.464698707388164,0.23924693066305502
3817,0.4267,107,871,107,366132,310312,28500,97756,2.45780002534533,0.23955811286354234
3818,0.4268,7,27,7,366159,310285,28507,97749,2.457586174122418,0.23956091894302925
3819,0.4269,3,4,3,366163,310281,28510,97746,2.457554492459764,0.23955767633024286
3820,0.427,11,67,11,366230,310214,28521,97735,2.4570238246103155,0.23957651569191246
3821,0.4271,5,22,5,366252,310192,28526,97730,2.4568495754657205,0.2395801158064532
3822,0.4272,3,18,3,366270,310174,28529,97727,2.456707007983779,0.23958509540305123
3823,0.4273,5,59,5,366329,310115,28534,97722,2.4562397034596377,0.23961043259929826
3824,0.4274,3,9,3,366338,310106,28537,97719,2.456168419718667,0.23961012689266228
3825,0.4275,77,433,77,366771,309673,28614,97642,2.4527388797364087,0.2397211003768582
3826,0.4276,2,16,2,366787,309657,28616,97640,2.452612153085794,0.2397267841403202
3827,0.4277,6,41,6,366828,309616,28622,97634,2.452287416043594,0.23973971761817064
3828,0.4278,5,23,5,366851,309593,28627,97629,2.4521052464833355,0.23974392346189546
3829,0.4279,2,14,2,366865,309579,28629,97627,2.4519943606640475,0.23974843199756388
3830,0.428,21,113,21,366978,309466,28650,97606,2.4510993536940817,0.2397757644839242
3831,0.4281,0,7,0,366985,309459,28650,97606,2.451043910784438,0.23977988773291734
3832,0.4282,6,22,6,367007,309437,28656,97600,2.450869661639843,0.23978164147239686
3833,0.4283,60,455,60,367462,308982,28716,97540,2.4472658725129897,0.2399378139436488
3834,0.4284,0,7,0,367469,308975,28716,97540,2.4472104296033454,0.2399419455616644
3835,0.4285,12,29,12,367498,308946,28728,97528,2.4469807375491066,0.23993662571283772
3836,0.4286,3,15,3,367513,308931,28731,97525,2.4468619313141553,0.23993987049028678
3837,0.4287,7,40,7,367553,308891,28738,97518,2.446545114687619,0.23995039479932778
3838,0.4288,7,31,7,367584,308860,28745,97511,2.446299581802053,0.2399556070684178
3839,0.4289,1,11,1,367595,308849,28746,97510,2.4462124572297554,0.2399602322084659
3840,0.429,17,85,17,367680,308764,28763,97493,2.445539221898365,0.23997863421430277
3841,0.4291,2,6,2,367686,308758,28765,97491,2.4454916994043847,0.23997843686999845
3842,0.4292,18,159,18,367845,308599,28783,97473,2.444232353313902,0.24003871234657892
3843,0.4293,12,60,12,367905,308539,28795,97461,2.443757128374097,0.24005172413793102
3844,0.4294,0,5,0,367910,308534,28795,97461,2.44371752629578,0.24005468047636055
3845,0.4295,5,41,5,367951,308493,28800,97456,2.44339278925358,0.24006956538875573
3846,0.4296,2,8,2,367959,308485,28802,97454,2.4433294259282725,0.24007055247216946
3847,0.4297,4,34,4,367993,308451,28806,97450,2.4430601317957166,0.24008317299045825
3848,0.4298,4,34,4,368027,308417,28810,97446,2.4427908376631606,0.24009579587200608
3849,0.4299,0,11,0,368038,308406,28810,97446,2.442703713090863,0.24010230330268176
3850,0.43,587,4618,587,372656,303788,29397,96859,2.4061272335572172,0.24175645892768446
3851,0.4301,1,4,1,372660,303784,29398,96858,2.4060955518945635,0.24175698004702453
3852,0.4302,4,30,4,372690,303754,29402,96854,2.405857939424661,0.2417675133796629
3853,0.4303,6,21,6,372711,303733,29408,96848,2.405691610695729,0.24176883077330177
3854,0.4304,1,22,1,372733,303711,29409,96847,2.405517361551134,0.24178021659784601
3855,0.4305,8,26,8,372759,303685,29417,96839,2.4053114307438856,0.24178076719497457
3856,0.4306,1,6,1,372765,303679,29418,96838,2.4052639082499048,0.24178249612376004
3857,0.4307,9,70,9,372835,303609,29427,96829,2.404709479153466,0.24180772054600214
3858,0.4308,28,144,28,372979,303465,29455,96801,2.4035689392979345,0.24184167528593487
3859,0.4309,0,5,0,372984,303460,29455,96801,2.4035293372196174,0.24184469633564099
3860,0.431,12,101,12,373085,303359,29467,96789,2.4027293752376124,0.24188300328878315
3861,0.4311,1,11,1,373096,303348,29468,96788,2.402642250665315,0.24188775816222485
3862,0.4312,1,25,1,373121,303323,29469,96787,2.4024442402737294,0.24190097723126142
3863,0.4313,9,42,9,373163,303281,29478,96778,2.4021115828158663,0.2419093183755396
3864,0.4314,0,8,0,373171,303273,29478,96778,2.402048219490559,0.241914155945117
3865,0.4315,7,38,7,373209,303235,29485,96771,2.401747243695349,0.24192387114193287
3866,0.4316,0,2,0,373211,303233,29485,96771,2.4017314028640224,0.2419250807491925
3867,0.4317,56,430,56,373641,302803,29541,96715,2.3983256241287543,0.2420792054425583
3868,0.4318,3,24,3,373665,302779,29544,96712,2.3981355341528325,0.24208805705259942
3869,0.4319,1,12,1,373677,302767,29545,96711,2.3980404891648712,0.24209343192866692
3870,0.432,22,107,22,373784,302660,29567,96689,2.397193004688886,0.24211654467646093
3871,0.4321,3,17,3,373801,302643,29570,96686,2.397058357622608,0.24212115824295255
3872,0.4322,6,23,6,373824,302620,29576,96680,2.3968761880623495,0.2421237165038818
3873,0.4323,12,64,12,373888,302556,29588,96668,2.396369281459891,0.24213975111716732
3874,0.4324,3,15,3,373903,302541,29591,96665,2.3962504752249396,0.2421431541610096
3875,0.4325,68,428,68,374331,302113,29659,96597,2.3928605373209986,0.24227383311178552
3876,0.4326,1,10,1,374341,302103,29660,96596,2.3927813331643644,0.24227800922500434
3877,0.4327,9,66,9,374407,302037,29669,96587,2.392258585730579,0.24230101549329694
3878,0.4328,2,17,2,374424,302020,29671,96585,2.392123938664301,0.2423075475721579
3879,0.4329,8,25,8,374449,301995,29679,96577,2.3919259282727157,0.2423075379103399
3880,0.433,8,61,8,374510,301934,29687,96569,2.3914427829172475,0.24232941784628975
3881,0.4331,0,15,0,374525,301919,29687,96569,2.3913239766822962,0.24233853967999036
3882,0.4332,3,38,3,374563,301881,29690,96566,2.3910230008870865,0.24235594696408808
3883,0.4333,102,805,102,375368,301076,29792,96464,2.3846470662780384,0.24265231171705992
3884,0.4334,1,4,1,375372,301072,29793,96463,2.3846153846153846,0.2426528481768901
3885,0.4335,2,39,2,375411,301033,29795,96461,2.3843064884045115,0.24267284537628242
3886,0.4336,1,9,1,375420,301024,29796,96460,2.3842352046635407,0.24267643477473308
3887,0.4337,5,29,5,375449,300995,29801,96455,2.384005512609302,0.24268461441690778
3888,0.4338,4,24,4,375473,300971,29805,96451,2.3838154226333796,0.24269164766922818
3889,0.4339,2,5,2,375478,300966,29807,96449,2.3837758205550625,0.2426908898758225
3890,0.434,24,178,24,375656,300788,29831,96425,2.382365986566975,0.2427538877126378
3891,0.4341,1,10,1,375666,300778,29832,96424,2.382286782410341,0.24275809285955258
3892,0.4342,32,135,32,375801,300643,29864,96392,2.38121752629578,0.24277960381326583
3893,0.4343,8,52,8,375853,300591,29872,96384,2.3808056646812825,0.2427961458530134
3894,0.4344,1,13,1,375866,300578,29873,96383,2.380702699277658,0.24280218963575767
3895,0.4345,3,33,3,375899,300545,29876,96380,2.3804413255607653,0.24281665302009195
3896,0.4346,3,8,3,375907,300537,29879,96377,2.380377962235458,0.24281582408279878
3897,0.4347,6,41,6,375948,300496,29885,96371,2.380053225193258,0.24282946175922918
3898,0.4348,2,27,2,375975,300469,29887,96369,2.379839373970346,0.2428421673327655
3899,0.4349,0,6,0,375981,300463,29887,96369,2.3797918514763654,0.2428458390452383
3900,0.435,216,1566,216,377547,298897,30103,96153,2.367388480547459,0.24339450702442728
3901,0.4351,1,13,1,377560,298884,30104,96152,2.3672855151438346,0.24340060146417036
3902,0.4352,3,27,3,377587,298857,30107,96149,2.3670716639209224,0.24341149248365848
3903,0.4353,7,54,7,377641,298803,30114,96142,2.366643961475098,0.24343136386079076
3904,0.4354,0,13,0,377654,298790,30114,96142,2.366540996071474,0.2434393769053913
3905,0.4355,2,19,2,377673,298771,30116,96140,2.3663905081738688,0.2434472577365533
3906,0.4356,0,16,0,377689,298755,30116,96140,2.3662637815232546,0.24345712151331367
3907,0.4357,6,85,6,377774,298670,30122,96134,2.3655905461918643,0.24349803953354068
3908,0.4358,22,179,22,377953,298491,30144,96112,2.3641727917881132,0.2435663185530774
3909,0.4359,0,5,0,377958,298486,30144,96112,2.364133189709796,0.24356940481198586
3910,0.436,17,175,17,378133,298311,30161,96095,2.3627471169686984,0.24364487355669032
3911,0.4361,2,5,2,378138,298306,30163,96093,2.3627075148903813,0.24364412688673145
3912,0.4362,4,32,4,378170,298274,30167,96089,2.362454061589152,0.24365622535582698
3913,0.4363,4,30,4,378200,298244,30171,96085,2.36221644911925,0.2436670901708979
3914,0.4364,0,11,0,378211,298233,30171,96085,2.3621293245469523,0.2436738875729741
3915,0.4365,2,29,2,378240,298204,30173,96083,2.361899632492713,0.2436879734812459
3916,0.4366,0,12,0,378252,298192,30173,96083,2.361804587504752,0.2436953902732864
3917,0.4367,107,803,107,379055,297389,30280,95976,2.3554444937270307,0.24398713662883073
3918,0.4368,4,27,4,379082,297362,30284,95972,2.3552306425041185,0.2439961966166159
3919,0.4369,0,6,0,379088,297356,30284,95972,2.355183120010138,0.24399991864296466
3920,0.437,14,55,14,379143,297301,30298,95958,2.3547474971486504,0.24400713016103892
3921,0.4371,0,18,0,379161,297283,30298,95958,2.354604929666709,0.24401829921091647
3922,0.4372,4,18,4,379179,297265,30302,95954,2.3544623621847673,0.244021779212093
3923,0.4373,13,57,13,379236,297208,30315,95941,2.354010898491953,0.24403216083469625
3924,0.4374,2,10,2,379246,297198,30317,95939,2.353931694335319,0.24403452231664788
3925,0.4375,64,403,64,379649,296795,30381,95875,2.350739766822963,0.2441617643313724
3926,0.4376,1,13,1,379662,296782,30382,95874,2.3506368014193386,0.24416792306751967
3927,0.4377,12,54,12,379716,296728,30394,95862,2.3502090989735143,0.24417840495173082
3928,0.4378,3,19,3,379735,296709,30397,95859,2.350058611075909,0.24418444702573822
3929,0.4379,1,13,1,379748,296696,30398,95858,2.349955645672285,0.24419060817110513
3930,0.438,15,117,15,379865,296579,30413,95843,2.3490289570396654,0.24423452303897336
3931,0.4381,3,9,3,379874,296570,30416,95840,2.3489576732986945,0.2442343467291863
3932,0.4382,2,27,2,379901,296543,30418,95838,2.3487438220757824,0.2442473004554247
3933,0.4383,71,431,71,380332,296112,30489,95767,2.345330122924851,0.24437900474381122
3934,0.4384,2,10,2,380342,296102,30491,95765,2.345250918768217,0.24438138450035343
3935,0.4385,3,24,3,380366,296078,30494,95762,2.345060828792295,0.2443905675786035
3936,0.4386,1,15,1,380381,296063,30495,95761,2.3449420225573436,0.24439799501817142
3937,0.4387,6,45,6,380426,296018,30501,95755,2.34458560385249,0.2444144951285566
3938,0.4388,2,20,2,380446,295998,30503,95753,2.3444271955392217,0.24442311570359743
3939,0.4389,2,14,2,380460,295984,30505,95751,2.344316309719934,0.24442799341391502
3940,0.439,18,96,18,380556,295888,30523,95733,2.3435559498162464,0.24445318305198138
3941,0.4391,0,4,0,380560,295884,30523,95733,2.3435242681535926,0.24445567991175052
3942,0.4392,21,160,21,380720,295724,30544,95712,2.3422570016474467,0.24451506759725727
3943,0.4393,15,69,15,380789,295655,30559,95697,2.341710492966671,0.24452922177477054
3944,0.4394,1,19,1,380808,295636,30560,95696,2.341560005069066,0.24453916367687795
3945,0.4395,2,32,2,380840,295604,30562,95694,2.3413065517678366,0.2445553005637647
3946,0.4396,0,17,0,380857,295587,30562,95694,2.3411719047015587,0.24456592576690409
3947,0.4397,4,38,4,380895,295549,30566,95690,2.340870928906349,0.24458195629781285
3948,0.4398,0,21,0,380916,295528,30566,95690,2.340704600177417,0.24459508509322167
3949,0.4399,1,7,1,380923,295521,30567,95689,2.3406491572677735,0.24459753073796683
3950,0.44,634,4622,634,385545,290899,31201,95055,2.304040996071474,0.24628582680837613
3951,0.4401,2,13,2,385558,290886,31203,95053,2.3039380306678496,0.2462902168477402
3952,0.4402,5,16,5,385574,290870,31208,95048,2.303811304017235,0.24629066278328557
3953,0.4403,8,37,8,385611,290833,31216,95040,2.3035182486376886,0.2462986526655143
3954,0.4404,3,14,3,385625,290819,31219,95037,2.3034073628184006,0.24630172914247803
3955,0.4405,6,29,6,385654,290790,31225,95031,2.303177670764162,0.2463085213091045
3956,0.4406,4,14,4,385668,290776,31229,95027,2.303066784944874,0.24630964507792838
3957,0.4407,5,66,5,385734,290710,31234,95022,2.3025440375110886,0.24634201984797735
3958,0.4408,13,153,13,385887,290557,31247,95009,2.3013322139145864,0.24641436226223268
3959,0.4409,0,10,0,385897,290547,31247,95009,2.301253009757952,0.24642075340547157
3960,0.441,17,89,17,385986,290458,31264,94992,2.300548092763908,0.2464444156181087
3961,0.4411,0,5,0,385991,290453,31264,94992,2.300508490685591,0.24644761249983785
3962,0.4412,2,24,2,386015,290429,31266,94990,2.3003184007096693,0.24645904846413902
3963,0.4413,6,46,6,386061,290383,31272,94984,2.299954061589152,0.24647673516414223
3964,0.4414,3,10,3,386071,290373,31275,94981,2.299874857432518,0.24647726506017845
3965,0.4415,3,43,3,386114,290330,31278,94978,2.299534279558991,0.24649890477228606
3966,0.4416,1,4,1,386118,290326,31279,94977,2.2995025978963377,0.2464995081792771
3967,0.4417,74,487,74,386605,289839,31353,94903,2.2956453554682548,0.24666659735615035
3968,0.4418,6,26,6,386631,289813,31359,94897,2.2954394246610064,0.24667151880637364
3969,0.4419,1,10,1,386641,289803,31360,94896,2.295360220504372,0.2466759726435473
3970,0.442,18,101,18,386742,289702,31378,94878,2.2945602585223672,0.24670549690571533
3971,0.4421,4,23,4,386765,289679,31382,94874,2.294378088962109,0.2467124167539975
3972,0.4422,2,27,2,386792,289652,31384,94872,2.2941642377391966,0.24672582205532034
3973,0.4423,8,41,8,386833,289611,31392,94864,2.2938395006969965,0.24673645880746473
3974,0.4424,0,19,0,386852,289592,31392,94864,2.293689012799392,0.24674865264165471
3975,0.4425,50,380,50,387232,289212,31442,94814,2.2906792548472943,0.24689474150187748
3976,0.4426,2,6,2,387238,289206,31444,94812,2.290631732353314,0.24689467681202443
3977,0.4427,14,50,14,387288,289156,31458,94798,2.2902357115701433,0.2468993681534767
3978,0.4428,1,18,1,387306,289138,31459,94797,2.290093144088202,0.2469089819891388
3979,0.4429,2,19,2,387325,289119,31461,94795,2.289942656190597,0.24691727834879687
3980,0.443,7,71,7,387396,289048,31468,94788,2.2893803066784946,0.2469492178951427
3981,0.4431,1,13,1,387409,289035,31469,94787,2.28927734127487,0.24695562005304542
3982,0.4432,4,30,4,387439,289005,31473,94783,2.2890397288049678,0.24696707557297257
3983,0.4433,109,829,109,388268,288176,31582,94674,2.2824737042199974,0.24728744939271255
3984,0.4434,0,6,0,388274,288170,31582,94674,2.282426181726017,0.24729132492607955
3985,0.4435,7,51,7,388325,288119,31589,94667,2.282022240527183,0.24731050769881865
3986,0.4436,1,9,1,388334,288110,31590,94666,2.281950956786212,0.2473143561769808
3987,0.4437,2,35,2,388369,288075,31592,94664,2.2816737422379925,0.24733303896388922
3988,0.4438,7,36,7,388405,288039,31599,94657,2.28138860727411,0.24734253820264648
3989,0.4439,2,8,2,388413,288031,31601,94655,2.2813252439488023,0.2473437753144876
3990,0.444,28,156,28,388569,287875,31629,94627,2.2800896591053097,0.24738955613303984
3991,0.4441,1,5,1,388574,287870,31630,94626,2.2800500570269926,0.2473908223876851
3992,0.4442,22,139,22,388713,287731,31652,94604,2.2789491192497784,0.24743745668065964
3993,0.4443,14,62,14,388775,287669,31666,94590,2.2784580534786465,0.24745002733748583
3994,0.4444,2,3,2,388778,287666,31668,94588,2.2784342922316565,0.24744803193687967
3995,0.4445,5,41,5,388819,287625,31673,94583,2.2781095551894563,0.2474647312458138
3996,0.4446,1,10,1,388829,287615,31674,94582,2.278030351032822,0.24746923706884147
3997,0.4447,3,36,3,388865,287579,31677,94579,2.277745216068939,0.24748664165083553
3998,0.4448,5,35,5,388900,287544,31682,94574,2.27746800152072,0.24749946351650537
3999,0.4449,0,11,0,388911,287533,31682,94574,2.2773808769484223,0.24750658846867502
4000,0.445,220,1545,220,390456,285988,31902,94354,2.2651438347484474,0.24807673094215207
4001,0.4451,2,5,2,390461,285983,31904,94352,2.2651042326701307,0.24807603822945562
4002,0.4452,5,24,5,390485,285959,31909,94347,2.2649141426942085,0.2480818078073972
4003,0.4453,3,47,3,390532,285912,31912,94344,2.264541883158028,0.2481065387528402
4004,0.4454,0,17,0,390549,285895,31912,94344,2.26440723609175,0.24811763127927436
4005,0.4455,3,35,3,390584,285860,31915,94341,2.2641300215435307,0.24813453936207427
4006,0.4456,0,5,0,390589,285855,31915,94341,2.2640904194652136,0.24813780260707635
4007,0.4457,3,47,3,390636,285808,31918,94338,2.263718159929033,0.24816254807363486
4008,0.4458,31,145,31,390781,285663,31949,94307,2.262569699657838,0.24819591020343712
4009,0.4459,1,9,1,390790,285654,31950,94306,2.2624984159168675,0.24819981050636908
4010,0.446,23,164,23,390954,285490,31973,94283,2.2611994677480673,0.24826146145197261
4011,0.4461,1,9,1,390963,285481,31974,94282,2.2611281840070965,0.24826536550427503
4012,0.4462,1,20,1,390983,285461,31975,94281,2.2609697756938285,0.24827646138694165
4013,0.4463,3,38,3,391021,285423,31978,94278,2.260668799898619,0.2482953692510686
4014,0.4464,1,13,1,391034,285410,31979,94277,2.260565834494994,0.248301890767922
4015,0.4465,10,50,10,391084,285360,31989,94267,2.2601698137118236,0.24831479320490904
4016,0.4466,1,4,1,391088,285356,31990,94266,2.26013813204917,0.24831542955887698
4017,0.4467,113,783,113,391871,284573,32103,94153,2.2539364465847167,0.24860453203635346
4018,0.4468,3,27,3,391898,284546,32106,94150,2.2537225953618045,0.2486163043707882
4019,0.4469,0,9,0,391907,284537,32106,94150,2.2536513116208337,0.2486222130677842
4020,0.447,11,71,11,391978,284466,32117,94139,2.2530889621087313,0.24864700677487092
4021,0.4471,5,21,5,391999,284445,32122,94134,2.2529226333797996,0.24865087603908298
4022,0.4472,2,25,2,392024,284420,32124,94132,2.2527246229882145,0.2486633276273801
4023,0.4473,12,60,12,392084,284360,32136,94120,2.2522493980484097,0.24867892623124074
4024,0.4474,1,5,1,392089,284355,32137,94119,2.2522097959700926,0.24868022638278983
4025,0.4475,72,396,72,392485,283959,32209,94047,2.2490733113673804,0.24879763813272804
4026,0.4476,3,7,3,392492,283952,32212,94044,2.2490178684577367,0.24879628355855618
4027,0.4477,6,51,6,392543,283901,32218,94038,2.2486139272589027,0.2488179309359447
4028,0.4478,5,25,5,392568,283876,32223,94033,2.2484159168673172,0.2488244524475469
4029,0.4479,3,10,3,392578,283866,32226,94030,2.248336712710683,0.24882507356521372
4030,0.448,17,108,17,392686,283758,32243,94013,2.2474813078190343,0.2488624060608146
4031,0.4481,0,8,0,392694,283750,32243,94013,2.2474179444937272,0.2488676762943962
4032,0.4482,2,35,2,392729,283715,32245,94011,2.2471407299455075,0.2488867591852295
4033,0.4483,51,417,51,393146,283298,32296,93960,2.243837916613864,0.24906032476448478
4034,0.4484,2,6,2,393152,283292,32298,93958,2.2437903941198836,0.24906030483764083
4035,0.4485,10,47,10,393199,283245,32308,93948,2.243418134583703,0.24907143027574744
4036,0.4486,0,15,0,393214,283230,32308,93948,2.2432993283487517,0.24908133560281884
4037,0.4487,6,56,6,393270,283174,32314,93942,2.2428557850716007,0.2491063757570615
4038,0.4488,3,28,3,393298,283146,32317,93939,2.242634013433025,0.2491188989219937
4039,0.4489,2,16,2,393314,283130,32319,93937,2.2425072867824105,0.24912548698241957
4040,0.449,13,94,13,393408,283036,32332,93924,2.2417627677100493,0.24916171477079796
4041,0.4491,5,7,5,393415,283029,32337,93919,2.2417073248004056,0.24915638231267973
4042,0.4492,38,156,38,393571,282873,32375,93881,2.240471739956913,0.24918381755734512
4043,0.4493,5,75,5,393646,282798,32380,93876,2.239877708782157,0.24922346644578602
4044,0.4494,1,6,1,393652,282792,32381,93875,2.2398301862881764,0.24922544316332462
4045,0.4495,4,32,4,393684,282760,32385,93871,2.239576732986947,0.2492386447212258
4046,0.4496,3,12,3,393696,282748,32388,93868,2.2394816879989863,0.24924060581600357
4047,0.4497,4,37,4,393733,282711,32392,93864,2.23918863261944,0.2492571200955985
4048,0.4498,3,25,3,393758,282686,32395,93861,2.2389906222278544,0.24926768769901234
4049,0.4499,3,6,3,393764,282680,32398,93858,2.238943099733874,0.24926567836446786
4050,0.45,588,4379,588,398143,278301,32986,93270,2.204259599543784,0.25101528375465254
4051,0.4501,1,4,1,398147,278297,32987,93269,2.2042279178811306,0.25101597024485556
4052,0.4502,4,21,4,398168,278276,32991,93265,2.204061589152199,0.25102209446602125
4053,0.4503,7,36,7,398204,278240,32998,93258,2.203776454188316,0.2510323070379921
4054,0.4504,1,6,1,398210,278234,32999,93257,2.2037289316943354,0.2510343453811802
4055,0.4505,6,36,6,398246,278198,33005,93251,2.2034437967304523,0.2510465770536467
4056,0.4506,2,6,2,398252,278192,33007,93249,2.203396274236472,0.25104659959455206
4057,0.4507,11,70,11,398322,278122,33018,93238,2.202841845140033,0.25107173632055146
4058,0.4508,26,131,26,398453,277991,33044,93212,2.201804270688126,0.2511078843651587
4059,0.4509,0,8,0,398461,277983,33044,93212,2.2017409073628182,0.2511132962459085
4060,0.451,18,108,18,398569,277875,33062,93194,2.2008855024711695,0.25115005565002735
4061,0.4511,0,5,0,398574,277870,33062,93194,2.2008459003928524,0.25115343983787164
4062,0.4512,5,29,5,398603,277841,33067,93189,2.2006162083386136,0.2511629787348732
4063,0.4513,6,38,6,398641,277803,33073,93183,2.200315232543404,0.2511765942650127
4064,0.4514,3,13,3,398654,277790,33076,93180,2.2002122671397797,0.2511793406474917
4065,0.4515,13,46,13,398700,277744,33089,93167,2.1998479280192624,0.2511842463555947
4066,0.4516,2,9,2,398709,277735,33091,93165,2.1997766442782916,0.2511863035858722
4067,0.4517,65,479,65,399188,277256,33156,93100,2.1959827651755166,0.25137975353443714
4068,0.4518,2,32,2,399220,277224,33158,93098,2.1957293118742873,0.2513974325046851
4069,0.4519,1,7,1,399227,277217,33159,93097,2.195673868964643,0.25140016310482455
4070,0.452,17,104,17,399331,277113,33176,93080,2.194850145735648,0.2514364128981369
4071,0.4521,3,15,3,399346,277098,33179,93077,2.194731339500697,0.25144053488215035
4072,0.4522,3,13,3,399359,277085,33182,93074,2.1946283740970727,0.2514432986905627
4073,0.4523,5,47,5,399406,277038,33187,93069,2.194256114560892,0.25146511684458817
4074,0.4524,2,11,2,399417,277027,33189,93067,2.1941689899885946,0.25146854582889755
4075,0.4525,63,390,63,399807,276637,33252,93004,2.1910800278798632,0.25160628826347725
4076,0.4526,3,5,3,399812,276632,33255,93001,2.191040425801546,0.25160361764236416
4077,0.4527,10,51,10,399863,276581,33265,92991,2.1906364846027118,0.25161808795038587
4078,0.4528,3,20,3,399883,276561,33268,92988,2.190478076289444,0.25162563016000583
4079,0.4529,1,24,1,399907,276537,33269,92987,2.1902879863135216,0.2516399476082744
4080,0.453,6,80,6,399987,276457,33275,92981,2.1896543530604484,0.2516822849842193
4081,0.4531,3,9,3,399996,276448,33278,92978,2.189583069319478,0.2516823396295875
4082,0.4532,6,36,6,400032,276412,33284,92972,2.189297934355595,0.251694713360622
4083,0.4533,118,868,118,400900,275544,33402,92854,2.1824230135597515,0.2520480567212634
4084,0.4534,2,10,2,400910,275534,33404,92852,2.1823438094031173,0.25205083797972777
4085,0.4535,4,37,4,400947,275497,33408,92848,2.182050754023571,0.25206803404417055
4086,0.4536,2,10,2,400957,275487,33410,92846,2.181971549866937,0.25207081635367995
4087,0.4537,4,32,4,400989,275455,33414,92842,2.181718096565708,0.25208459476998185
4088,0.4538,4,30,4,401019,275425,33418,92838,2.1814804840958053,0.2520970067587566
4089,0.4539,0,9,0,401028,275416,33418,92838,2.1814092003548344,0.2521031679221407
4090,0.454,23,180,23,401208,275236,33441,92815,2.17998352553542,0.2521797250924464
4091,0.4541,0,4,0,401212,275232,33441,92815,2.1799518438727663,0.25218246582637543
4092,0.4542,24,141,24,401353,275091,33465,92791,2.178835065264225,0.2522303347268961
4093,0.4543,4,49,4,401402,275042,33469,92787,2.1784469648967177,0.25225580364789074
4094,0.4544,1,9,1,401411,275033,33470,92786,2.178375681155747,0.2522599430698251
4095,0.4545,5,31,5,401442,275002,33475,92781,2.1781301482701814,0.2522710402601534
4096,0.4546,0,14,0,401456,274988,33475,92781,2.1780192624508934,0.2522806435561453
4097,0.4547,6,40,6,401496,274948,33481,92775,2.177702445824357,0.25229588576183704
4098,0.4548,8,28,8,401524,274920,33489,92767,2.177480674185781,0.2522988302550811
4099,0.4549,1,12,1,401536,274908,33490,92766,2.17738562919782,0.25230503108732194
4100,0.455,200,1572,200,403108,273336,33690,92566,2.1649347357749336,0.25298030620220713
4101,0.4551,0,10,0,403118,273326,33690,92566,2.1648555316182994,0.25298722027264875
4102,0.4552,2,24,2,403142,273302,33692,92564,2.164665441642377,0.25299973214236904
4103,0.4553,6,53,6,403195,273249,33698,92558,2.1642456596122166,0.2530241356781035
4104,0.4554,4,12,4,403207,273237,33702,92554,2.1641506146242553,0.25302426795629196
4105,0.4555,0,34,0,403241,273203,33702,92554,2.1638813204916993,0.2530477885590706
4106,0.4556,5,5,5,403246,273198,33707,92549,2.1638417184133822,0.25304103656352617
4107,0.4557,8,57,8,403303,273141,33715,92541,2.163390254720568,0.25306413769340574
4108,0.4558,20,145,20,403448,272996,33735,92521,2.162241794449373,0.2531236577231702
4109,0.4559,1,3,1,403451,272993,33736,92520,2.1622180332023824,0.253123691906991
4110,0.456,23,167,23,403618,272826,33759,92497,2.160895323786592,0.2531923804414176
4111,0.4561,2,13,2,403631,272813,33761,92495,2.160792358382968,0.25319730200269364
4112,0.4562,2,42,2,403673,272771,33763,92493,2.1604597009251045,0.2532223268649525
4113,0.4563,1,23,1,403696,272748,33764,92492,2.160277531364846,0.2532362282334903
4114,0.4564,0,12,0,403708,272736,33764,92492,2.1601824863768853,0.2532445486107308
4115,0.4565,5,42,5,403750,272694,33769,92487,2.1598498289190218,0.2532634501795
4116,0.4566,1,0,1,403750,272694,33770,92486,2.1598498289190218,0.25326140533435565
4117,0.4567,97,766,97,404516,271928,33867,92389,2.1537827905208466,0.2535950834026411
4118,0.4568,4,31,4,404547,271897,33871,92385,2.1535372576352807,0.25360846816477345
4119,0.4569,1,6,1,404553,271891,33872,92384,2.1534897351413003,0.2536105963900899
4120,0.457,4,57,4,404610,271834,33876,92380,2.1530382714484855,0.2536420895407645
4121,0.4571,6,29,6,404639,271805,33882,92374,2.1528085793942466,0.25364999080122685
4122,0.4572,6,25,6,404664,271780,33888,92368,2.152610569002661,0.2536551072640794
4123,0.4573,8,72,8,404736,271708,33896,92360,2.1520402990748955,0.2536888713097553
4124,0.4574,0,8,0,404744,271700,33896,92360,2.151976935749588,0.25369444597044444
4125,0.4575,52,393,52,405137,271307,33948,92308,2.1488642123938666,0.25386191438747024
4126,0.4576,1,11,1,405148,271296,33949,92307,2.148777087821569,0.2538675423470103
4127,0.4577,4,35,4,405183,271261,33953,92303,2.1484998732733493,0.25388377287080127
4128,0.4578,1,26,1,405209,271235,33954,92302,2.1482939424661005,0.25389987814170223
4129,0.4579,0,13,0,405222,271222,33954,92302,2.1481909770624763,0.25390895786798123
4130,0.458,17,121,17,405343,271101,33971,92285,2.147232606767203,0.2539586004964418
4131,0.4581,3,8,3,405351,271093,33974,92282,2.147169243441896,0.2539580323357413
4132,0.4582,5,25,5,405376,271068,33979,92277,2.1469712330503103,0.25396523964826817
4133,0.4583,63,486,63,405862,270582,34042,92214,2.143121911037891,0.25417590050606953
4134,0.4584,2,5,2,405867,270577,34044,92212,2.143082308959574,0.2541752919741227
4135,0.4585,6,32,6,405899,270545,34050,92206,2.142828855658345,0.25418537784871714
4136,0.4586,3,11,3,405910,270534,34053,92203,2.1427417310860473,0.2541869177944351
4137,0.4587,6,40,6,405950,270494,34059,92197,2.142424914459511,0.2542026132437805
4138,0.4588,6,21,6,405971,270473,34065,92191,2.142258585730579,0.25420499415436876
4139,0.4589,2,7,2,405978,270466,34067,92189,2.1422031428209354,0.2542057878700142
4140,0.459,20,97,20,406075,270369,34087,92169,2.141434862501584,0.2542326597487712
4141,0.4591,0,1,0,406076,270368,34087,92169,2.141426942085921,0.25423336100866945
4142,0.4592,26,137,26,406213,270231,34113,92143,2.140341845140033,0.2542759690264754
4143,0.4593,12,59,12,406272,270172,34125,92131,2.1398745406158914,0.254292677675868
4144,0.4594,1,7,1,406279,270165,34126,92130,2.1398190977062477,0.2542955326460481
4145,0.4595,4,30,4,406309,270135,34130,92126,2.139581485236345,0.254308357786237
4146,0.4596,7,13,7,406322,270122,34137,92119,2.139478519832721,0.25430307447251965
4147,0.4597,8,33,8,406355,270089,34145,92111,2.1392171461158282,0.2543097736057427
4148,0.4598,5,22,5,406377,270067,34150,92106,2.139042896971233,0.25431492684435336
4149,0.4599,1,12,1,406389,270055,34151,92105,2.138947851983272,0.2543212944554893
4150,0.46,652,4378,652,410767,265677,34803,91453,2.1042722722088456,0.2560776187942766
4151,0.4601,1,10,1,410777,265667,34804,91452,2.1041930680522114,0.25608270632478247
4152,0.4602,5,31,5,410808,265636,34809,91447,2.1039475351666455,0.2560945214417936
4153,0.4603,8,31,8,410839,265605,34817,91439,2.1037020022810795,0.25610008850449806
4154,0.4604,0,11,0,410850,265594,34817,91439,2.103614877708782,0.25610797881428327
4155,0.4605,8,32,8,410882,265562,34825,91431,2.1033614244075527,0.256114265545823
4156,0.4606,1,11,1,410893,265551,34826,91430,2.103274299835255,0.2561200736173634
4157,0.4607,10,51,10,410944,265500,34836,91420,2.1028703586364212,0.25613582875714447
4158,0.4608,28,166,28,411110,265334,34864,91392,2.1015555696362944,0.2561966327096988
4159,0.4609,0,1,0,411111,265333,34864,91392,2.101547649220631,0.2561973509005536
4160,0.461,19,85,19,411196,265248,34883,91373,2.100874413889241,0.2562187868914057
4161,0.4611,2,3,2,411199,265245,34885,91371,2.100850652642251,0.2562167709805505
4162,0.4612,2,42,2,411241,265203,34887,91369,2.1005179951843873,0.2562427784570858
4163,0.4613,3,37,3,411278,265166,34890,91366,2.100224939804841,0.256263112427496
4164,0.4614,3,15,3,411293,265151,34893,91363,2.1001061335698896,0.2562676360535631
4165,0.4615,2,42,2,411335,265109,34895,91361,2.099773476112026,0.2562936572502595
4166,0.4616,0,4,0,411339,265105,34895,91361,2.099741794449373,0.25629653318970114
4167,0.4617,51,414,51,411753,264691,34946,91310,2.0964627423647193,0.25648804357291133
4168,0.4618,4,25,4,411778,264666,34950,91306,2.096264731973134,0.25649770206645467
4169,0.4619,1,3,1,411781,264663,34951,91305,2.096240970726144,0.25649777508090615
4170,0.462,11,137,11,411918,264526,34962,91294,2.095155873780256,0.2565735484233601
4171,0.4621,4,14,4,411932,264512,34966,91290,2.0950449879609683,0.2565752862547147
4172,0.4622,3,22,3,411954,264490,34969,91287,2.094870738816373,0.2565848832274149
4173,0.4623,5,40,5,411994,264450,34974,91282,2.0945539221898364,0.2566032856195113
4174,0.4624,2,13,2,412007,264437,34976,91280,2.094450956786212,0.25660848371036526
4175,0.4625,54,352,54,412359,264085,35030,91226,2.0916629704726906,0.25674972066724644
4176,0.4626,1,10,1,412369,264075,35031,91225,2.0915837663160564,0.2567548550520687
4177,0.4627,12,54,12,412423,264021,35043,91213,2.091156063870232,0.25676877776338974
4178,0.4628,2,25,2,412448,263996,35045,91211,2.0909580534786465,0.25678266475604367
4179,0.4629,1,19,1,412467,263977,35046,91210,2.090807565581042,0.2567943083502493
4180,0.463,10,75,10,412542,263902,35056,91200,2.0902135344062858,0.25682761572731216
4181,0.4631,2,9,2,412551,263893,35058,91198,2.090142250665315,0.256829939367655
4182,0.4632,4,24,4,412575,263869,35062,91194,2.089952160689393,0.2568389271763039
4183,0.4633,128,814,128,413389,263055,35190,91066,2.083504942339374,0.2571606880134191
4184,0.4634,0,9,0,413398,263046,35190,91066,2.0834336585984032,0.25716722392915237
4185,0.4635,5,32,5,413430,263014,35195,91061,2.083180205297174,0.2571799759937866
4186,0.4636,0,6,0,413436,263008,35195,91061,2.0831326828031935,0.25718433412696395
4187,0.4637,5,44,5,413480,262964,35200,91056,2.0827841845140034,0.2572058075814926
4188,0.4638,4,25,4,413505,262939,35204,91052,2.082586174122418,0.25721557892714786
4189,0.4639,1,11,1,413516,262928,35205,91051,2.0824990495501203,0.2572214735902412
4190,0.464,28,134,28,413650,262794,35233,91023,2.081437713851223,0.2572601090394187
4191,0.4641,3,8,3,413658,262786,35236,91020,2.0813743505259157,0.257259628157804
4192,0.4642,32,148,32,413806,262638,35268,90988,2.08020212900773,0.25730008540096033
4193,0.4643,1,59,1,413865,262579,35269,90987,2.0797348244835887,0.25734092078989496
4194,0.4644,1,6,1,413871,262573,35270,90986,2.0796873019896083,0.25734318741709306
4195,0.4645,3,37,3,413908,262536,35273,90983,2.079394246610062,0.2573638192006653
4196,0.4646,1,11,1,413919,262525,35274,90982,2.0793071220377644,0.2573697267663724
4197,0.4647,9,41,9,413960,262484,35283,90973,2.0789823849955646,0.2573806714819624
4198,0.4648,3,27,3,413987,262457,35286,90970,2.0787685337726525,0.2573940304504183
4199,0.4649,1,8,1,413995,262449,35287,90969,2.078705170447345,0.25739775563214096
4200,0.465,201,1457,201,415452,260992,35488,90768,2.0671651248257508,0.25803957243575165
4201,0.4651,2,4,2,415456,260988,35490,90766,2.067133443163097,0.2580382881218124
4202,0.4652,0,23,0,415479,260965,35490,90766,2.0669512736028386,0.2580551614728301
4203,0.4653,2,44,2,415523,260921,35492,90764,2.0666027753136484,0.2580832278885935
4204,0.4654,1,8,1,415531,260913,35493,90763,2.0665394119883413,0.25808698916047723
4205,0.4655,4,19,4,415550,260894,35497,90759,2.0663889240907363,0.25809249458983713
4206,0.4656,1,12,1,415562,260882,35498,90758,2.0662938791027754,0.25809919235581846
4207,0.4657,14,49,14,415611,260833,35512,90744,2.065905778735268,0.2581056212437105
4208,0.4658,30,156,30,415767,260677,35542,90714,2.0646701938917755,0.2581568679903583
4209,0.4659,2,8,2,415775,260669,35544,90712,2.064606830566468,0.25815852308462894
4210,0.466,20,168,20,415943,260501,35564,90692,2.0632762007350145,0.25823977129384695
4211,0.4661,3,10,3,415953,260491,35567,90689,2.0631969965783803,0.2582407881997836
4212,0.4662,3,20,3,415973,260471,35570,90686,2.0630385882651123,0.2582491592079896
4213,0.4663,6,30,6,416003,260441,35576,90680,2.0628009757952097,0.25825854904719453
4214,0.4664,6,15,6,416018,260426,35582,90674,2.0626821695602584,0.25825690686414127
4215,0.4665,5,27,5,416045,260399,35587,90669,2.0624683183373462,0.2582662048378092
4216,0.4666,0,5,0,416050,260394,35587,90669,2.062428716259029,0.25826988318336025
4217,0.4667,137,795,137,416845,259599,35724,90532,2.056131985806615,0.2585660795530816
4218,0.4668,2,32,2,416877,259567,35726,90530,2.055878532505386,0.2585854777390266
4219,0.4669,2,12,2,416889,259555,35728,90528,2.055783487517425,0.25859010577491626
4220,0.467,4,58,4,416947,259497,35732,90524,2.055324103408947,0.25862448253104814
4221,0.4671,3,17,3,416964,259480,35735,90521,2.055189456342669,0.2586306896266011
4222,0.4672,1,25,1,416989,259455,35736,90520,2.0549914459510834,0.258647046217587
4223,0.4673,5,59,5,417048,259396,35741,90515,2.054524141426942,0.25868006435922275
4224,0.4674,1,12,1,417060,259384,35742,90514,2.054429096438981,0.25868681730104204
4225,0.4675,62,395,62,417455,258989,35804,90452,2.0513005322519327,0.2588477024733789
4226,0.4676,2,10,2,417465,258979,35806,90450,2.0512213280952984,0.2588508681305787
4227,0.4677,2,39,2,417504,258940,35808,90448,2.0509124318844254,0.25887551947977605
4228,0.4678,5,23,5,417527,258917,35813,90443,2.0507302623241666,0.25888195557591026
4229,0.4679,1,17,1,417544,258900,35814,90442,2.0505956152578886,0.2588924320579833
4230,0.468,18,111,18,417655,258789,35832,90424,2.04971644911925,0.25893652298167597
4231,0.4681,2,10,2,417665,258779,35834,90422,2.0496372449626157,0.2589396937580362
4232,0.4682,4,36,4,417701,258743,35838,90418,2.0493521099987326,0.258957901942084
4233,0.4683,59,425,59,418126,258318,35897,90359,2.0459859333417816,0.2591481514410185
4234,0.4684,0,6,0,418132,258312,35897,90359,2.045938410847801,0.2591526109140135
4235,0.4685,7,42,7,418174,258270,35904,90352,2.045605753389938,0.25916895663498
4236,0.4686,1,26,1,418200,258244,35905,90351,2.0453998225826893,0.25918616159153174
4237,0.4687,8,34,8,418234,258210,35913,90343,2.045130528450133,0.2591944410175784
4238,0.4688,1,33,1,418267,258177,35914,90342,2.0448691547332403,0.2592168576175187
4239,0.4689,2,18,2,418285,258159,35916,90340,2.044726587251299,0.259225994909598
4240,0.469,11,100,11,418385,258059,35927,90329,2.0439345456849574,0.2592770129855219
4241,0.4691,2,7,2,418392,258052,35929,90327,2.0438791027753136,0.259277970256531
4242,0.4692,22,150,22,418542,257902,35951,90305,2.0426910404258014,0.25934286214809005
4243,0.4693,14,60,14,418602,257842,35965,90291,2.0422158154859966,0.2593577741840044
4244,0.4694,3,18,3,418620,257824,35968,90288,2.0420732480040553,0.25936480213264695
4245,0.4695,5,25,5,418645,257799,35973,90283,2.04187523761247,0.2593727914686769
4246,0.4696,1,6,1,418651,257793,35974,90282,2.0418277151184894,0.2593751346692523
4247,0.4697,5,35,5,418686,257758,35979,90277,2.04155050057027,0.2593905785337682
4248,0.4698,9,19,9,418705,257739,35988,90268,2.041400012672665,0.2593855870715244
4249,0.4699,2,8,2,418713,257731,35990,90266,2.041336649347358,0.2593872935686227
4250,0.47,662,4310,662,423023,253421,36652,89604,2.0071996578380435,0.2612171124553604
4251,0.4701,3,7,3,423030,253414,36655,89601,2.0071442149283993,0.26121598180837574
4252,0.4702,1,25,1,423055,253389,36656,89600,2.0069462045368143,0.2612328675263638
4253,0.4703,10,25,10,423080,253364,36666,89590,2.0067481941452288,0.2612303690873995
4254,0.4704,3,7,3,423087,253357,36669,89587,2.006692751235585,0.2612292385928898
4255,0.4705,5,25,5,423112,253332,36674,89582,2.0064947408439995,0.26123751144601853
4256,0.4706,2,10,2,423122,253322,36676,89580,2.0064155366873653,0.26124082099258683
4257,0.4707,14,67,14,423189,253255,36690,89566,2.0058848688379167,0.2612617080050522
4258,0.4708,27,127,27,423316,253128,36717,89539,2.004878976048663,0.2613003294743877
4259,0.4709,0,10,0,423326,253118,36717,89539,2.0047997718920287,0.2613079551855062
4260,0.471,14,107,14,423433,253011,36731,89525,2.003952287416044,0.26135938996193103
4261,0.4711,2,9,2,423442,253002,36733,89523,2.003881003675073,0.26136194438362165
4262,0.4712,1,30,1,423472,252972,36734,89522,2.0036433912051703,0.26138268115645824
4263,0.4713,9,57,9,423529,252915,36743,89513,2.003191927512356,0.2614067774831497
4264,0.4714,4,15,4,423544,252900,36747,89509,2.0030731212774047,0.2614096007990444
4265,0.4715,3,31,3,423575,252869,36750,89506,2.0028275883918387,0.2614267981014969
4266,0.4716,0,4,0,423579,252865,36750,89506,2.002795906729185,0.26142985241156524
4267,0.4717,73,426,73,424005,252439,36823,89433,1.9994218096565708,0.26159790798895494
4268,0.4718,5,38,5,424043,252401,36828,89428,1.999120833861361,0.2616161882110646
4269,0.4719,0,13,0,424056,252388,36828,89428,1.9990178684577367,0.26162613803917895
4270,0.472,5,99,5,424155,252289,36833,89423,1.9982337473070586,0.2616911317132556
4271,0.4721,7,10,7,424165,252279,36840,89416,1.9981545431504246,0.26168366525702746
4272,0.4722,1,40,1,424205,252239,36841,89415,1.997837726523888,0.26171214152329547
4273,0.4723,6,32,6,424237,252207,36847,89409,1.9975842732226587,0.26172368975692006
4274,0.4724,3,8,3,424245,252199,36850,89406,1.9975209098973514,0.26172333543127296
4275,0.4725,57,409,57,424654,251790,36907,89349,1.994281459891015,0.26191376535664346
4276,0.4726,3,8,3,424662,251782,36910,89346,1.9942180965657077,0.26191341666471235
4277,0.4727,14,73,14,424735,251709,36924,89332,1.9936399062222785,0.26193918033315644
4278,0.4728,3,27,3,424762,251682,36927,89329,1.9934260549993663,0.26195342672230515
4279,0.4729,7,20,7,424782,251662,36934,89322,1.9932676466860981,0.26195364005349225
4280,0.473,16,80,16,424862,251582,36950,89306,1.992634013433025,0.2619804745253573
4281,0.4731,2,10,2,424872,251572,36952,89304,1.9925548092763907,0.2619838298970887
4282,0.4732,6,31,6,424903,251541,36958,89298,1.992309276390825,0.26199466610335087
4283,0.4733,126,748,126,425651,250793,37084,89172,1.9863848054745914,0.2622975894577383
4284,0.4734,3,9,3,425660,250784,37087,89169,1.9863135217336205,0.2622980235503143
4285,0.4735,7,31,7,425691,250753,37094,89162,1.9860679888480548,0.26230675315887797
4286,0.4736,1,10,1,425701,250743,37095,89161,1.9859887846914206,0.26231229994351346
4287,0.4737,8,43,8,425744,250700,37103,89153,1.9856482068178938,0.26232812421841206
4288,0.4738,7,35,7,425779,250665,37110,89146,1.9853709922696743,0.2623399477945093
4289,0.4739,1,7,1,425786,250658,37111,89145,1.9853155493600305,0.2623431811961637
4290,0.474,14,143,14,425929,250515,37125,89131,1.9841829299201623,0.26242322889125735
4291,0.4741,1,2,1,425931,250513,37126,89130,1.9841670890888354,0.2624226025562134
4292,0.4742,16,170,16,426101,250343,37142,89114,1.982820618426055,0.2625192586984508
4293,0.4743,10,41,10,426142,250302,37152,89104,1.9824958813838551,0.2625292422644267
4294,0.4744,3,7,3,426149,250295,37155,89101,1.9824404384742111,0.2625281382220179
4295,0.4745,6,23,6,426172,250272,37161,89095,1.9822582689139525,0.26253289211974057
4296,0.4746,3,12,3,426184,250260,37164,89092,1.9821632239259916,0.26253565619180086
4297,0.4747,7,45,7,426229,250215,37171,89085,1.981806805221138,0.2625552608311229
4298,0.4748,8,26,8,426255,250189,37179,89077,1.9816008744138893,0.2625579928433736
4299,0.4749,1,4,1,426259,250185,37180,89076,1.9815691927512356,0.26255891481779514
4300,0.475,234,1430,234,427689,248755,37414,88842,1.9702429983525536,0.26315992144479955
4301,0.4751,0,13,0,427702,248742,37414,88842,1.9701400329489291,0.26317005545286504
4302,0.4752,6,27,6,427729,248715,37420,88836,1.969926181726017,0.2631780086564697
4303,0.4753,9,44,9,427773,248671,37429,88827,1.9695776834368268,0.26319267077138236
4304,0.4754,4,9,4,427782,248662,37433,88823,1.969506399695856,0.2631909566351097
4305,0.4755,6,28,6,427810,248634,37439,88817,1.9692846280572804,0.26319969417782135
4306,0.4756,2,7,2,427817,248627,37441,88815,1.9692291851476365,0.26320078709822725
4307,0.4757,9,64,9,427881,248563,37450,88806,1.9687222785451781,0.26323106153795994
4308,0.4758,26,139,26,428020,248424,37476,88780,1.9676213407679635,0.26328276058409744
4309,0.4759,1,8,1,428028,248416,37477,88779,1.9675579774426561,0.263286822165216
4310,0.476,17,133,17,428161,248283,37494,88762,1.9665045621594222,0.26335355813022
4311,0.4761,0,12,0,428173,248271,37494,88762,1.966409517171461,0.2633629347868013
4312,0.4762,11,24,11,428197,248247,37505,88751,1.9662194271955393,0.2633576460394424
4313,0.4763,10,27,10,428224,248220,37515,88741,1.9660055759726272,0.2633568869987922
4314,0.4764,2,16,2,428240,248204,37517,88739,1.9658788493220125,0.2633650201962943
4315,0.4765,3,36,3,428276,248168,37520,88736,1.9655937143581295,0.26338660271175174
4316,0.4766,1,5,1,428281,248163,37521,88735,1.9655541122798124,0.26338832524977884
4317,0.4767,108,776,108,429057,247387,37629,88627,1.9594078697250032,0.26375984333986086
4318,0.4768,4,23,4,429080,247364,37633,88623,1.9592257001647446,0.2637691339248245
4319,0.4769,1,8,1,429088,247356,37634,88622,1.9591623368394373,0.2637732232467602
4320,0.477,6,57,6,429145,247299,37640,88616,1.9587108731466227,0.2638048315794174
4321,0.4771,1,13,1,429158,247286,37641,88615,1.9586079077429983,0.2638128496193819
4322,0.4772,4,23,4,429181,247263,37645,88611,1.95842573818274,0.26382214759106093
4323,0.4773,9,44,9,429225,247219,37654,88602,1.9580772398935495,0.26383698458404925
4324,0.4774,1,7,1,429232,247212,37655,88601,1.9580217969839058,0.26384029206731124
4325,0.4775,45,391,45,429623,246821,37700,88556,1.9549249144595109,0.264049114876691
4326,0.4776,1,9,1,429632,246812,37701,88555,1.95485363071854,0.264054006506305
4327,0.4777,12,55,12,429687,246757,37713,88543,1.9544180078570523,0.2640709812108559
4328,0.4778,4,22,4,429709,246735,37717,88539,1.9542437587124573,0.2640795289822653
4329,0.4779,5,9,5,429718,246726,37722,88534,1.9541724749714866,0.2640756427847044
4330,0.478,16,102,16,429820,246624,37738,88518,1.9533645925738183,0.2641208801045527
4331,0.4781,0,14,0,429834,246610,37738,88518,1.9532537067545306,0.2641319137762288
4332,0.4782,3,25,3,429859,246585,37741,88515,1.953055696362945,0.2641450313339302
4333,0.4783,61,437,61,430296,246148,37802,88454,1.9495944747180332,0.26435586159078545
4334,0.4784,2,4,2,430300,246144,37804,88452,1.9495627930553796,0.2643546246817057
4335,0.4785,3,47,3,430347,246097,37807,88449,1.949190533519199,0.2643851667633151
4336,0.4786,2,15,2,430362,246082,37809,88447,1.949071727284248,0.2643926236589354
4337,0.4787,11,37,11,430399,246045,37820,88436,1.9487786719047016,0.26439767879191944
4338,0.4788,9,33,9,430432,246012,37829,88427,1.948517298187809,0.26440397202479377
4339,0.4789,0,5,0,430437,246007,37829,88427,1.9484776961094918,0.2644079250315458
4340,0.479,8,85,8,430522,245922,37837,88419,1.9478044607781015,0.2644575448419428
4341,0.4791,0,12,0,430534,245910,37837,88419,1.9477094157901407,0.2644670369605987
4342,0.4792,32,179,32,430713,245731,37869,88387,1.9462916613863896,0.26453827689618636
4343,0.4793,9,67,9,430780,245664,37878,88378,1.9457609935369409,0.2645715209464678
4344,0.4794,0,5,0,430785,245659,37878,88378,1.9457213914586238,0.26457548115927276
4345,0.4795,3,30,3,430815,245629,37881,88375,1.9454837789887214,0.26459263960910645
4346,0.4796,0,7,0,430822,245622,37881,88375,1.9454283360790774,0.26459818501363785
4347,0.4797,7,35,7,430857,245587,37888,88368,1.945151121530858,0.2646105014148613
4348,0.4798,1,17,1,430874,245570,37889,88367,1.94501647446458,0.26462176997457604
4349,0.4799,0,12,0,430886,245558,37889,88367,1.9449214294766188,0.2646312794789249
4350,0.48,675,4087,675,434973,241471,38564,87692,1.9125506906602459,0.2664090435437762
4351,0.4801,3,6,3,434979,241465,38567,87689,1.9125031681662654,0.26640721364467695
4352,0.4802,1,32,1,435011,241433,38568,87688,1.9122497148650361,0.2664308871205423
4353,0.4803,5,37,5,435048,241396,38573,87683,1.9119566594854898,0.2664496974890528
4354,0.4804,3,15,3,435063,241381,38576,87680,1.9118378532505387,0.26645515573100426
4355,0.4805,6,35,6,435098,241346,38582,87674,1.9115606387023192,0.266470123396754
4356,0.4806,1,12,1,435110,241334,38583,87673,1.911465593714358,0.26647761293832656
4357,0.4807,12,46,12,435156,241288,38595,87661,1.911101254593841,0.26648811821893365
4358,0.4808,29,141,29,435297,241147,38624,87632,1.9099844759852997,0.26653770465875254
4359,0.4809,1,4,1,435301,241143,38625,87631,1.909952794322646,0.2665387165651785
4360,0.481,12,82,12,435383,241061,38637,87619,1.9093033202382461,0.26657843495192896
4361,0.4811,0,10,0,435393,241051,38637,87619,1.909224116081612,0.2665865457753978
4362,0.4812,2,28,2,435421,241023,38639,87617,1.9090023444430364,0.26660479552093475
4363,0.4813,8,39,8,435460,240984,38647,87609,1.9086934482321631,0.2666185828669509
4364,0.4814,1,19,1,435479,240965,38648,87608,1.9085429603345583,0.26663176828284735
4365,0.4815,7,30,7,435509,240935,38655,87601,1.9083053478646559,0.26664048993108824
4366,0.4816,1,6,1,435515,240929,38656,87600,1.9082578253706755,0.26664312739514623
4367,0.4817,79,401,79,435916,240528,38735,87521,1.9050817386896464,0.2667924608823682
4368,0.4818,6,28,6,435944,240500,38741,87515,1.9048599670510709,0.26680182308735884
4369,0.4819,3,17,3,435961,240483,38744,87512,1.9047253199847929,0.2668089452583119
4370,0.482,14,95,14,436056,240388,38758,87498,1.9039728804967684,0.26685494348645566
4371,0.4821,0,16,0,436072,240372,38758,87498,1.9038461538461537,0.26686796596211915
4372,0.4822,3,20,3,436092,240352,38761,87495,1.9036877455328856,0.2668775373878669
4373,0.4823,3,48,3,436140,240304,38764,87492,1.9033075655810416,0.2669099073814202
4374,0.4824,2,2,2,436142,240302,38766,87490,1.903291724749715,0.2669070630155708
4375,0.4825,73,382,73,436524,239920,38839,87417,1.9002661259662907,0.2670550533547995
4376,0.4826,2,10,2,436534,239910,38841,87415,1.9001869218096565,0.2670587336744826
4377,0.4827,5,55,5,436589,239855,38846,87410,1.8997512989481689,0.2670924174598567
4378,0.4828,2,23,2,436612,239832,38848,87408,1.8995691293879102,0.2671067106710671
4379,0.4829,2,14,2,436626,239818,38850,87406,1.8994582435686225,0.267113659144806
4380,0.483,18,59,18,436685,239759,38868,87388,1.898990939044481,0.2671215080682384
4381,0.4831,0,8,0,436693,239751,38868,87388,1.8989275757191737,0.2671280403742752
4382,0.4832,4,32,4,436725,239719,38872,87384,1.8986741224179444,0.26714521114144474
4383,0.4833,127,756,127,437481,238963,38999,87257,1.8926862881764035,0.2674790019005579
4384,0.4834,0,5,0,437486,238958,38999,87257,1.8926466860980864,0.2674831016354245
4385,0.4835,8,37,8,437523,238921,39007,87249,1.89235363071854,0.2674954778183156
4386,0.4836,1,10,1,437533,238911,39008,87248,1.892274426561906,0.2675014333499919
4387,0.4837,6,32,6,437565,238879,39014,87242,1.8920209732606768,0.26751420485034694
4388,0.4838,5,29,5,437594,238850,39019,87237,1.8917912812064377,0.26752676432976474
4389,0.4839,3,13,3,437607,238837,39022,87234,1.8916883158028133,0.2675306911684878
4390,0.484,24,126,24,437733,238711,39046,87210,1.8906903434292233,0.26758018047318216
4391,0.4841,0,8,0,437741,238703,39046,87210,1.890626980103916,0.2675867486108256
4392,0.4842,21,155,21,437896,238548,39067,87189,1.8893993156760867,0.2676668600742317
4393,0.4843,11,55,11,437951,238493,39078,87178,1.888963692814599,0.2676873286230582
4394,0.4844,0,8,0,437959,238485,39078,87178,1.8889003294892917,0.2676939044349527
4395,0.4845,9,37,9,437996,238448,39087,87169,1.8886072741097453,0.26770408178934146
4396,0.4846,2,5,2,438001,238443,39089,87167,1.8885676720314282,0.2677036946039741
4397,0.4847,10,37,10,438038,238406,39099,87157,1.8882746166518818,0.2677116257068524
4398,0.4848,5,27,5,438065,238379,39104,87152,1.8880607654289696,0.2677225824883037
4399,0.4849,1,6,1,438071,238373,39105,87151,1.8880132429349892,0.2677252675685971
4400,0.485,201,1379,201,439450,236994,39306,86950,1.8770909897351413,0.2684105894846023
4401,0.4851,0,6,0,439456,236988,39306,86950,1.877043467241161,0.26841556100241404
4402,0.4852,3,22,3,439478,236966,39309,86947,1.8768692180965658,0.26842701589624374
4403,0.4853,7,29,7,439507,236937,39316,86940,1.8766395260423268,0.2684352393038098
4404,0.4854,5,10,5,439517,236927,39321,86935,1.8765603218856926,0.26843223348216216
4405,0.4855,3,25,3,439542,236902,39324,86932,1.8763623114941073,0.26844617921527697
4406,0.4856,1,8,1,439550,236894,39325,86931,1.8762989481688,0.2684505519956767
4407,0.4857,8,50,8,439600,236844,39333,86923,1.8759029273856291,0.26847393341507936
4408,0.4858,25,157,25,439757,236687,39358,86898,1.8746594221264732,0.2685476768082575
4409,0.4859,2,13,2,439770,236674,39360,86896,1.8745564567228488,0.26855394505053004
4410,0.486,34,171,34,439941,236503,39394,86862,1.873202065644405,0.268619052773182
4411,0.4861,2,3,2,439944,236500,39396,86860,1.8731783043974148,0.26861702127659576
4412,0.4862,5,32,5,439976,236468,39401,86855,1.8729248510961856,0.26863229649607356
4413,0.4863,7,40,7,440016,236428,39408,86848,1.872608034469649,0.26864969870946187
4414,0.4864,3,16,3,440032,236412,39411,86845,1.8724813078190343,0.2686562085275802
4415,0.4865,4,36,4,440068,236376,39415,86841,1.8721961728551515,0.268677080722858
4416,0.4866,1,9,1,440077,236367,39416,86840,1.8721248891141806,0.26868229957890766
4417,0.4867,127,813,127,440890,235554,39543,86713,1.8656855911798251,0.2690719186264805
4418,0.4868,1,26,1,440916,235528,39544,86712,1.8654796603725763,0.2690913604766634
4419,0.4869,2,6,2,440922,235522,39546,86710,1.8654321378785959,0.2690918344546786
4420,0.487,12,55,12,440977,235467,39558,86698,1.8649965150171082,0.2691105489423122
4421,0.4871,3,21,3,440998,235446,39561,86695,1.8648301862881764,0.26912128539987146
4422,0.4872,6,30,6,441028,235416,39567,86689,1.864592573818274,0.26913273621955575
4423,0.4873,16,51,16,441079,235365,39583,86673,1.86418863261944,0.26913904570268105
4424,0.4874,3,12,3,441091,235353,39586,86670,1.8640935876314788,0.2691422662356416
4425,0.4875,64,348,64,441439,235005,39650,86606,1.8613372829806107,0.2692880529583876
4426,0.4876,0,11,0,441450,234994,39650,86606,1.8612501584083132,0.269297263681592
4427,0.4877,7,37,7,441487,234957,39657,86599,1.860957103028767,0.26931234372861956
4428,0.4878,3,16,3,441503,234941,39660,86596,1.8608303763781524,0.2693189275262256
4429,0.4879,4,22,4,441525,234919,39664,86592,1.8606561272335571,0.2693282655958894
4430,0.488,26,96,26,441621,234823,39690,86566,1.8598957673298695,0.2693496043735162
4431,0.4881,0,3,0,441624,234820,39690,86566,1.8598720060828793,0.26935211863615716
4432,0.4882,2,31,2,441655,234789,39692,86564,1.8596264731973133,0.26937355493802767
4433,0.4883,60,414,60,442069,234375,39752,86504,1.85634742111266,0.26958448511744304
4434,0.4884,1,8,1,442077,234367,39753,86503,1.8562840577873527,0.2695889300963007
4435,0.4885,10,29,10,442106,234338,39763,86493,1.8560543657331137,0.26959053208698663
4436,0.4886,2,12,2,442118,234326,39765,86491,1.8559593207451528,0.2695960625527949
4437,0.4887,4,52,4,442170,234274,39769,86487,1.855547459130655,0.2696306595876681
4438,0.4888,2,28,2,442198,234246,39771,86485,1.8553256874920796,0.26964964409427217
4439,0.4889,1,8,1,442206,234238,39772,86484,1.8552623241667723,0.2696540929527753
4440,0.489,21,98,21,442304,234140,39793,86463,1.8544861234317578,0.2696886803928847
4441,0.4891,0,7,0,442311,234133,39793,86463,1.8544306805221138,0.26969456886548804
4442,0.4892,21,135,21,442446,233998,39814,86442,1.853361424407553,0.26976032954687307
4443,0.4893,12,46,12,442492,233952,39826,86430,1.8529970852870359,0.26977171002116224
4444,0.4894,0,4,0,442496,233948,39826,86430,1.8529654036243821,0.26977507818888935
4445,0.4895,3,30,3,442526,233918,39829,86427,1.8527277911544797,0.2697935038786308
4446,0.4896,3,24,3,442550,233894,39832,86424,1.8525377011785578,0.2698068794135828
4447,0.4897,8,30,8,442580,233864,39840,86416,1.8523000887086554,0.269813912826277
4448,0.4898,6,23,6,442603,233841,39846,86410,1.852117919148397,0.2698196102432155
4449,0.4899,2,6,2,442609,233835,39848,86408,1.8520703966544165,0.2698201053574942
4450,0.49,665,3919,665,446528,229916,40513,85743,1.8210302876694968,0.2716317291761046
4451,0.4901,1,12,1,446540,229904,40514,85742,1.820935242681536,0.27163974832565596
4452,0.4902,5,24,5,446564,229880,40519,85737,1.820745152705614,0.2716488655554042
4453,0.4903,5,40,5,446604,229840,40524,85732,1.8204283360790774,0.271671757950642
4454,0.4904,1,11,1,446615,229829,40525,85731,1.8203412115067799,0.27167892001521105
4455,0.4905,5,47,5,446662,229782,40530,85726,1.8199689519705995,0.2717078489293457
4456,0.4906,0,11,0,446673,229771,40530,85726,1.819881827398302,0.27171732219323796
4457,0.4907,4,69,4,446742,229702,40534,85722,1.8193353187175263,0.2717675256163133
4458,0.4908,25,184,25,446926,229518,40559,85697,1.8178779622354582,0.27186840727757244
4459,0.4909,2,6,2,446932,229512,40561,85695,1.8178304397414777,0.27186896230096413
4460,0.491,18,95,18,447027,229417,40579,85677,1.8170780002534532,0.2719093349920976
4461,0.4911,2,6,2,447033,229411,40581,85675,1.8170304777594728,0.27190989126778087
4462,0.4912,2,27,2,447060,229384,40583,85673,1.8168166265365606,0.2719285716552878
4463,0.4913,7,46,7,447106,229338,40590,85666,1.8164522874160436,0.2719521021955277
4464,0.4914,2,10,2,447116,229328,40592,85664,1.8163730832594094,0.27195611317112817
4465,0.4915,2,29,2,447145,229299,40594,85662,1.8161433912051705,0.27197653042757675
4466,0.4916,0,10,0,447155,229289,40594,85662,1.8160641870485363,0.27198516594644884
4467,0.4917,64,421,64,447576,228868,40658,85598,1.812729692054239,0.27220112826187887
4468,0.4918,7,18,7,447594,228850,40665,85591,1.8125871245722975,0.27220050820344677
4469,0.4919,1,9,1,447603,228841,40666,85590,1.8125158408313269,0.2722059847788545
4470,0.492,17,101,17,447704,228740,40683,85573,1.811715878849322,0.27225409066758294
4471,0.4921,4,20,4,447724,228720,40687,85569,1.8115574705360538,0.2722621536229394
4472,0.4922,4,23,4,447747,228697,40691,85565,1.8113753009757951,0.27227281694891525
4473,0.4923,8,52,8,447799,228645,40699,85557,1.8109634393612977,0.27229934882655105
4474,0.4924,1,8,1,447807,228637,40700,85556,1.8109000760359903,0.2723039660336163
4475,0.4925,58,365,58,448172,228272,40758,85498,1.8080091243188443,0.2724862160181024
4476,0.4926,4,15,4,448187,228257,40762,85494,1.807890318083893,0.272489968159464
4477,0.4927,10,56,10,448243,228201,40772,85484,1.8074467748067418,0.27251542152159014
4478,0.4928,1,18,1,448261,228183,40773,85483,1.8073042073248005,0.2725287407624671
4479,0.4929,2,18,2,448279,228165,40775,85481,1.807161639842859,0.2725397422571944
4480,0.493,14,67,14,448346,228098,40789,85467,1.8066309719934102,0.2725654967869501
4481,0.4931,3,3,3,448349,228095,40792,85464,1.80660721074642,0.2725611447925271
4482,0.4932,0,17,0,448366,228078,40792,85464,1.806472563680142,0.27257592284287274
4483,0.4933,106,721,106,449087,227357,40898,85358,1.8007619439868203,0.2729578050301393
4484,0.4934,2,5,2,449092,227352,40900,85356,1.8007223419085034,0.27295751947503744
4485,0.4935,8,41,8,449133,227311,40908,85348,1.8003976048663033,0.27297471046731425
4486,0.4936,0,12,0,449145,227299,40908,85348,1.8003025598783424,0.2729851877676741
4487,0.4937,6,34,6,449179,227265,40914,85342,1.8000332657457863,0.27300092448345686
4488,0.4938,2,36,2,449215,227229,40916,85340,1.7997481307819034,0.27302771548042193
4489,0.4939,3,12,3,449227,227217,40919,85337,1.7996530857939426,0.27303122020514853
4490,0.494,16,145,16,449372,227072,40935,85321,1.7985046255227475,0.273120716533341
4491,0.4941,3,9,3,449381,227063,40938,85318,1.7984333417817766,0.2731216047070725
4492,0.4942,23,160,23,449541,226903,40961,85295,1.7971660752756304,0.27320802823848966
4493,0.4943,12,42,12,449583,226861,40973,85283,1.7968334178177672,0.27321684863396384
4494,0.4944,2,12,2,449595,226849,40975,85281,1.796738372829806,0.2732226956716753
4495,0.4945,2,32,2,449627,226817,40977,85279,1.7964849195285768,0.27324605249666767
4496,0.4946,4,21,4,449648,226796,40981,85275,1.796318590799645,0.27325512463509904
4497,0.4947,5,35,5,449683,226761,40986,85270,1.7960413762514256,0.2732741298140249
4498,0.4948,6,32,6,449715,226729,40992,85264,1.7957879229501965,0.27328818274768985
4499,0.4949,1,17,1,449732,226712,40993,85263,1.7956532758839183,0.2733007452520234
4500,0.495,252,1377,252,451109,225335,41245,85011,1.7847468635153974,0.2739232985119834
4501,0.4951,1,4,1,451113,225331,41246,85010,1.7847151818527436,0.27392448951314846
4502,0.4952,3,16,3,451129,225315,41249,85007,1.784588455202129,0.27393159363499847
4503,0.4953,6,33,6,451162,225282,41255,85001,1.7843270814852363,0.2739466873789412
4504,0.4954,1,11,1,451173,225271,41256,85000,1.7842399569129388,0.27395405951571367
4505,0.4955,5,31,5,451204,225240,41261,84995,1.7839944240273728,0.2739697326220446
4506,0.4956,0,11,0,451215,225229,41261,84995,1.7839072994550753,0.27397944710918565
4507,0.4957,10,45,10,451260,225184,41271,84985,1.7835508807502218,0.27399578939223457
4508,0.4958,21,140,21,451400,225044,41292,84964,1.7824420225573439,0.2740703465717014
4509,0.4959,2,6,2,451406,225038,41294,84962,1.7823945000633634,0.27407096774193546
4510,0.496,28,140,28,451546,224898,41322,84934,1.7812856418704854,0.2741292055049188
4511,0.4961,1,9,1,451555,224889,41323,84933,1.7812143581295146,0.27413482580320314
4512,0.4962,8,24,8,451579,224865,41331,84925,1.7810242681535926,0.2741373188288841
4513,0.4963,6,32,6,451611,224833,41337,84919,1.7807708148523635,0.2741515793279785
4514,0.4964,1,10,1,451621,224823,41338,84918,1.7806916106957293,0.2741580869177797
4515,0.4965,4,38,4,451659,224785,41342,84914,1.7803906349005196,0.27418235125073054
4516,0.4966,4,10,4,451669,224775,41346,84910,1.7803114307438854,0.274181829923955
4517,0.4967,120,676,120,452345,224099,41466,84790,1.7749572297554175,0.27449990125902834
4518,0.4968,4,34,4,452379,224065,41470,84786,1.7746879356228615,0.27452072358515917
4519,0.4969,3,13,3,452392,224052,41473,84783,1.7745849702192371,0.27452523191995726
4520,0.497,11,60,11,452452,223992,41484,84772,1.7741097452794323,0.27455273283154774
4521,0.4971,3,24,3,452476,223968,41487,84769,1.7739196553035104,0.27456702630394153
4522,0.4972,7,27,7,452503,223941,41494,84762,1.7737058040805982,0.27457459111184535
4523,0.4973,8,48,8,452551,223893,41502,84754,1.7733256241287543,0.27459848953659033
4524,0.4974,5,11,5,452562,223882,41507,84749,1.7732384995564567,0.27459652465241663
4525,0.4975,66,372,66,452934,223510,41573,84683,1.7702921049296667,0.27477262624394455
4526,0.4976,1,13,1,452947,223497,41574,84682,1.7701891395260423,0.27478186378695496
4527,0.4977,5,54,5,453001,223443,41579,84677,1.769761437080218,0.2748182526288459
4528,0.4978,3,20,3,453021,223423,41582,84674,1.7696030287669497,0.2748290311168236
4529,0.4979,3,17,3,453038,223406,41585,84671,1.7694683817006716,0.27483713487212613
4530,0.498,14,99,14,453137,223307,41599,84657,1.7686842605499937,0.27489251990492397
4531,0.4981,3,7,3,453144,223300,41602,84654,1.7686288176403497,0.27489170460523327
4532,0.4982,4,24,4,453168,223276,41606,84650,1.7684387276644278,0.27490371063177516
4533,0.4983,76,427,76,453595,222849,41682,84574,1.76505671017615,0.275106286777502
4534,0.4984,3,2,3,453597,222847,41685,84571,1.7650408693448232,0.2751010025437678
4535,0.4985,4,38,4,453635,222809,41689,84567,1.7647398935496135,0.27512557909531
4536,0.4986,6,20,6,453655,222789,41695,84561,1.7645814852363453,0.2751293313811615
4537,0.4987,8,38,8,453693,222751,41703,84553,1.7642805094411356,0.2751444823367089
4538,0.4988,3,29,3,453722,222722,41706,84550,1.7640508173868965,0.27516337316774714
4539,0.4989,0,17,0,453739,222705,41706,84550,1.7639161703206183,0.2751785975818132
4540,0.499,15,82,15,453821,222623,41721,84535,1.7632666962362185,0.27521666373657855
4541,0.4991,2,3,2,453824,222620,41723,84533,1.7632429349892282,0.2752146324470215
4542,0.4992,23,142,23,453966,222478,41746,84510,1.7621182359650234,0.2752876333928362
4543,0.4993,13,61,13,454027,222417,41759,84497,1.7616350906095553,0.2753116508207511
4544,0.4994,0,9,0,454036,222408,41759,84497,1.7615638068685844,0.2753197243446669
4545,0.4995,2,28,2,454064,222380,41761,84495,1.7613420352300089,0.27534012219959264
4546,0.4996,5,12,5,454076,222368,41766,84490,1.761246990242048,0.2753390819206278
4547,0.4997,7,32,7,454108,222336,41773,84483,1.7609935369408187,0.27535126572995805
4548,0.4998,7,20,7,454128,222316,41780,84476,1.7608351286275503,0.27535268194737805
4549,0.4999,0,5,0,454133,222311,41780,84476,1.7607955265492332,0.2753571696323508
4550,0.5,701,3941,701,458074,218370,42481,83775,1.7295811684197187,0.2772675371096659
4551,0.5001,1,8,1,458082,218362,42482,83774,1.7295178050944113,0.27727248656234277
4552,0.5002,4,29,4,458111,218333,42486,83770,1.7292881130401723,0.27728953370208176
4553,0.5003,8,28,8,458139,218305,42494,83762,1.7290663414015968,0.2772960965613589
4554,0.5004,3,15,3,458154,218290,42497,83759,1.7289475351666455,0.2773026892987562
4555,0.5005,4,30,4,458184,218260,42501,83755,1.728709922696743,0.2773206628809827
4556,0.5006,0,6,0,458190,218254,42501,83755,1.7286624002027626,0.2773261723988358
4557,0.5007,14,64,14,458254,218190,42515,83741,1.728155493600304,0.2773514478473558
4558,0.5008,20,141,20,458395,218049,42535,83721,1.7270387149917628,0.27743314444775824
4559,0.5009,3,5,3,458400,218044,42538,83718,1.7269991129134457,0.27743055785685405
4560,0.501,20,86,20,458486,217958,42558,83698,1.726317957166392,0.27746174450367306
4561,0.5011,3,11,3,458497,217947,42561,83695,1.7262308325940945,0.27746467666969454
4562,0.5012,5,16,5,458513,217931,42566,83690,1.7261041059434798,0.2774674177195885
4563,0.5013,8,44,8,458557,217887,42574,83682,1.7257556076542897,0.27748873392159007
4564,0.5014,8,11,8,458568,217876,42582,83674,1.7256684830819922,0.2774796882772343
4565,0.5015,8,36,8,458604,217840,42590,83666,1.7253833481181093,0.27749364855094094
4566,0.5016,0,9,0,458613,217831,42590,83666,1.7253120643771385,0.27750193202585766
4567,0.5017,72,413,72,459026,217418,42662,83594,1.7220409327081485,0.27770985874317305
4568,0.5018,6,18,6,459044,217400,42668,83588,1.721898365226207,0.27771206825521283
4569,0.5019,2,4,2,459048,217396,42670,83586,1.7218666835635534,0.2777109594593697
4570,0.502,16,82,16,459130,217314,42686,83570,1.7212172094791536,0.2777482352002765
4571,0.5021,4,12,4,459142,217302,42690,83566,1.7211221644911925,0.27774971083664596
4572,0.5022,4,28,4,459170,217274,42694,83562,1.720900392852617,0.2777659588613065
4573,0.5023,5,44,5,459214,217230,42699,83557,1.7205518945634266,0.2777945855372739
4574,0.5024,0,17,0,459231,217213,42699,83557,1.7204172474971486,0.2778102869302125
4575,0.5025,85,363,85,459594,216850,42784,83472,1.7175421366113293,0.277941675934497
4576,0.5026,3,7,3,459601,216843,42787,83469,1.7174866937016855,0.27794094142092224
4577,0.5027,4,55,4,459656,216788,42791,83465,1.7170510708401976,0.277982234981832
4578,0.5028,4,16,4,459672,216772,42795,83461,1.7169243441895832,0.27798742976288415
4579,0.5029,4,15,4,459687,216757,42799,83457,1.7168055379546319,0.27799169925453177
4580,0.503,11,64,11,459751,216693,42810,83446,1.7162986313521733,0.27802451530790734
4581,0.5031,2,8,2,459759,216685,42812,83444,1.716235268026866,0.27802711500721355
4582,0.5032,1,28,1,459787,216657,42813,83443,1.7160134963882905,0.27805064978340555
4583,0.5033,139,708,139,460495,215949,42952,83304,1.7104058420985933,0.27837314914136196
4584,0.5034,2,4,2,460499,215945,42954,83302,1.7103741604359397,0.27837204717173436
4585,0.5035,6,33,6,460532,215912,42960,83296,1.710112786719047,0.2783882783882784
4586,0.5036,2,6,2,460538,215906,42962,83294,1.7100652642250664,0.2783890374331551
4587,0.5037,3,22,3,460560,215884,42965,83291,1.7098910150804714,0.27840227291718894
4588,0.5038,6,28,6,460588,215856,42971,83285,1.7096692434418959,0.2784138583477357
4589,0.5039,1,22,1,460610,215834,42972,83284,1.7094949942973008,0.2784319231875046
4590,0.504,21,141,21,460751,215693,42993,83263,1.7083782156887592,0.278512557031804
4591,0.5041,0,11,0,460762,215682,42993,83263,1.7082910911164617,0.2785228051982806
4592,0.5042,25,127,25,460889,215555,43018,83238,1.7072851983272082,0.2785808235132684
4593,0.5043,15,53,15,460942,215502,43033,83223,1.7068654162970474,0.27859402460456945
4594,0.5044,1,10,1,460952,215492,43034,83222,1.7067862121404132,0.278600936012373
4595,0.5045,6,29,6,460981,215463,43040,83216,1.706556520086174,0.2786134947552389
4596,0.5046,5,10,5,460991,215453,43045,83211,1.7064773159295399,0.27861074652452256
4597,0.5047,2,38,2,461029,215415,43047,83209,1.7061763401343302,0.2786413684097728
4598,0.5048,4,30,4,461059,215385,43051,83205,1.7059387276644278,0.2786597005927861
4599,0.5049,1,5,1,461064,215380,43052,83204,1.7058991255861107,0.27866195107574415
4600,0.505,236,1252,236,462316,214128,43288,82968,1.6959827651755164,0.27926326843848454
4601,0.5051,0,5,0,462321,214123,43288,82968,1.6959431630971993,0.2792679684002545
4602,0.5052,3,19,3,462340,214104,43291,82965,1.6957926751995944,0.27927855144764346
4603,0.5053,6,32,6,462372,214072,43297,82959,1.6955392218983651,0.27929408041584886
4604,0.5054,0,8,0,462380,214064,43297,82959,1.6954758585730578,0.27930160290617223
4605,0.5055,1,27,1,462407,214037,43298,82958,1.6952620073501456,0.2793245677536659
4606,0.5056,0,12,0,462419,214025,43298,82958,1.6951669623621848,0.27933585424081514
4607,0.5057,7,43,7,462462,213982,43305,82951,1.694826384488658,0.2793593167482227
4608,0.5058,26,131,26,462593,213851,43331,82925,1.6937888100367506,0.2794194948378575
4609,0.5059,1,5,1,462598,213846,43332,82924,1.6937492079584338,0.27942177443811705
4610,0.506,18,133,18,462731,213713,43350,82906,1.6926957926751995,0.279503335929256
4611,0.5061,2,4,2,462735,213709,43352,82904,1.692664111012546,0.2795022470356997
4612,0.5062,4,32,4,462767,213677,43356,82900,1.6924106577113167,0.27952268719421935
4613,0.5063,6,37,6,462804,213640,43362,82894,1.6921176023317703,0.27954298663896887
4614,0.5064,1,12,1,462816,213628,43363,82893,1.6920225573438095,0.27955186985070196
4615,0.5065,7,37,7,462853,213591,43370,82886,1.691729501964263,0.2795697474003042
4616,0.5066,1,10,1,462863,213581,43371,82885,1.6916502978076289,0.2795767474179164
4617,0.5067,131,705,131,463568,212876,43502,82754,1.686066404764922,0.2799242296113385
4618,0.5068,6,31,6,463599,212845,43508,82748,1.6858208718793561,0.2799389701379938
4619,0.5069,3,14,3,463613,212831,43511,82745,1.6857099860600684,0.2799449211032019
4620,0.507,8,53,8,463666,212778,43519,82737,1.6852902040299076,0.2799756357545302
4621,0.5071,4,15,4,463681,212763,43523,82733,1.6851713977949563,0.27998010125348566
4622,0.5072,1,26,1,463707,212737,43524,82732,1.6849654669877074,0.2800023014258687
4623,0.5073,12,49,12,463756,212688,43536,82720,1.6845773666202002,0.2800194984563722
4624,0.5074,4,10,4,463766,212678,43540,82716,1.684498162463566,0.28001922855575945
4625,0.5075,46,341,46,464107,212337,43586,82670,1.681797300722342,0.2802306385950164
4626,0.5076,1,6,1,464113,212331,43587,82669,1.6817497782283615,0.28023389830508477
4627,0.5077,3,38,3,464151,212293,43590,82666,1.6814488024331518,0.28026268057594445
4628,0.5078,2,13,2,464164,212280,43592,82664,1.6813458370295273,0.28027015297819247
4629,0.5079,5,8,5,464172,212272,43597,82659,1.68128247370422,0.28026555363796957
4630,0.508,17,98,17,464270,212174,43614,82642,1.6805062729692055,0.28031721480516664
4631,0.5081,1,12,1,464282,212162,43615,82641,1.6804112279812444,0.2803261839262151
4632,0.5082,2,28,2,464310,212134,43617,82639,1.680189456342669,0.28034792874517
4633,0.5083,65,379,65,464689,211755,43682,82574,1.677187618806235,0.2805499967723194
4634,0.5084,1,9,1,464698,211746,43683,82573,1.6771163350652643,0.2805561312725308
4635,0.5085,10,37,10,464735,211709,43693,82563,1.6768232796857179,0.2805669584602001
4636,0.5086,0,17,0,464752,211692,43693,82563,1.67668863261944,0.28058316766070246
4637,0.5087,9,22,9,464774,211670,43702,82554,1.6765143834748448,0.28058214149763444
4638,0.5088,3,27,3,464801,211643,43705,82551,1.6763005322519327,0.28060055609563755
4639,0.5089,1,6,1,464807,211637,43706,82550,1.676253009757952,0.28060383361603336
4640,0.509,18,87,18,464894,211550,43724,82532,1.675563933595235,0.2806428139090458
4641,0.5091,2,5,2,464899,211545,43726,82530,1.675524331516918,0.2806426931905126
4642,0.5092,30,144,30,465043,211401,43756,82500,1.6743837916613864,0.280706768605755
4643,0.5093,11,47,11,465090,211354,43767,82489,1.674011532125206,0.2807247407629244
4644,0.5094,1,7,1,465097,211347,43768,82488,1.673956089215562,0.28072898055030887
4645,0.5095,5,35,5,465132,211312,43773,82483,1.6736788746673426,0.2807501829506969
4646,0.5096,2,3,2,465135,211309,43775,82481,1.6736551134203523,0.2807481534429354
4647,0.5097,5,19,5,465154,211290,43780,82476,1.6735046255227475,0.2807540695655726
4648,0.5098,6,23,6,465177,211267,43786,82470,1.6733224559624889,0.28076136135386415
4649,0.5099,0,4,0,465181,211263,43786,82470,1.6732907742998353,0.2807651847085619
4650,0.51,743,3716,743,468897,207547,44529,81727,1.6438585096945888,0.2825245269191147
4651,0.5101,1,2,1,468899,207545,44530,81726,1.643842668863262,0.2825239999861721
4652,0.5102,5,16,5,468915,207529,44535,81721,1.6437159422126473,0.2825272255834054
4653,0.5103,4,24,4,468939,207505,44539,81717,1.6435258522367253,0.2825407472460601
4654,0.5104,3,10,3,468949,207495,44542,81714,1.6434466480800913,0.2825430743856519
4655,0.5105,4,36,4,468985,207459,44546,81710,1.6431615131162083,0.28256832509708857
4656,0.5106,1,6,1,468991,207453,44547,81709,1.6431139906222278,0.2825717072091077
4657,0.5107,9,46,9,469037,207407,44556,81700,1.6427496515017108,0.282594333585835
4658,0.5108,28,144,28,469181,207263,44584,81672,1.6416091116461793,0.28266565144409644
4659,0.5109,3,6,3,469187,207257,44587,81669,1.6415615891521986,0.2826640731536795
4660,0.511,10,65,10,469252,207192,44597,81659,1.6410467621340767,0.28270284679644525
4661,0.5111,1,12,1,469264,207180,44598,81658,1.6409517171461159,0.28271210851757733
4662,0.5112,5,17,5,469281,207163,44603,81653,1.6408170700798377,0.2827163315051798
4663,0.5113,4,46,4,469327,207117,44607,81649,1.6404527309593206,0.28275143195528557
4664,0.5114,1,14,1,469341,207103,44608,81648,1.640341845140033,0.28276265709902304
4665,0.5115,12,41,12,469382,207062,44620,81636,1.640017108097833,0.28277300154486695
4666,0.5116,0,4,0,469386,207058,44620,81636,1.6399854264351794,0.28277691950646705
4667,0.5117,71,348,71,469734,206710,44691,81565,1.6372291217843113,0.28294163559101554
4668,0.5118,4,30,4,469764,206680,44695,81561,1.6369915093144087,0.28296113321838323
4669,0.5119,0,10,0,469774,206670,44695,81561,1.6369123051577747,0.2829709503835465
4670,0.512,11,81,11,469855,206589,44706,81550,1.6362707514890382,0.28302312425600146
4671,0.5121,3,16,3,469871,206573,44709,81547,1.6361440248384236,0.28303137581563237
4672,0.5122,1,26,1,469897,206547,44710,81546,1.6359380940311747,0.28305443034020267
4673,0.5123,13,43,13,469940,206504,44723,81533,1.635597516157648,0.2830643285411249
4674,0.5124,2,11,2,469951,206493,44725,81531,1.6355103915853504,0.2830701608199317
4675,0.5125,76,313,76,470264,206180,44801,81455,1.6330313014827018,0.2831887635371217
4676,0.5126,5,8,5,470272,206172,44806,81450,1.6329679381573945,0.28318417923524625
4677,0.5127,6,53,6,470325,206119,44812,81444,1.6325481561272335,0.2832214158288792
4678,0.5128,4,12,4,470337,206107,44816,81440,1.6324531111392726,0.28322326437069417
4679,0.5129,2,12,2,470349,206095,44818,81438,1.6323580661513115,0.2832300988060501
4680,0.513,14,49,14,470398,206046,44832,81424,1.6319699657838043,0.2832434688837096
4681,0.5131,1,7,1,470405,206039,44833,81423,1.6319145228741605,0.28324787276231295
4682,0.5132,4,17,4,470422,206022,44837,81419,1.6317798758078823,0.28325465051958487
4683,0.5133,141,626,141,471048,205396,44978,81278,1.6268216956025852,0.28352065412280153
4684,0.5134,2,10,2,471058,205386,44980,81276,1.6267424914459512,0.2835255457646985
4685,0.5135,9,40,9,471098,205346,44989,81267,1.6264256748194146,0.28354261669917274
4686,0.5136,5,13,5,471111,205333,44994,81262,1.6263227094157902,0.2835429787679478
4687,0.5137,3,31,3,471142,205302,44997,81259,1.6260771765302242,0.2835661517094092
4688,0.5138,3,34,3,471176,205268,45000,81256,1.6258078823976683,0.283592299423434
4689,0.5139,1,6,1,471182,205262,45001,81255,1.6257603599036878,0.2835957377747219
4690,0.514,29,124,29,471306,205138,45030,81226,1.6247782283614245,0.2836459890209663
4691,0.5141,0,7,0,471313,205131,45030,81226,1.6247227854517805,0.28365292275027326
4692,0.5142,18,117,18,471430,205014,45048,81208,1.6237960968191611,0.28372382276694313
4693,0.5143,11,60,11,471490,204954,45059,81197,1.6233208718793561,0.28375577929135315
4694,0.5144,2,3,2,471493,204951,45061,81195,1.623297110632366,0.2837537480866411
4695,0.5145,6,34,6,471527,204917,45067,81189,1.62302781649981,0.2837724479738279
4696,0.5146,0,6,0,471533,204911,45067,81189,1.6229802940058293,0.28377839916113246
4697,0.5147,5,32,5,471565,204879,45072,81184,1.6227268407046003,0.2837976249986891
4698,0.5148,4,28,4,471593,204851,45076,81180,1.6225050690660245,0.28381539063947614
4699,0.5149,1,3,1,471596,204848,45077,81179,1.6224813078190343,0.2838158635373584
4700,0.515,231,1220,231,472816,203628,45308,80948,1.6128184007096693,0.28445125379511976
4701,0.5151,1,8,1,472824,203620,45309,80947,1.612755037384362,0.28445673602350235
4702,0.5152,3,20,3,472844,203600,45312,80944,1.6125966290710936,0.28446918578497526
4703,0.5153,5,41,5,472885,203559,45317,80939,1.6122718920288936,0.28449760631006193
4704,0.5154,3,10,3,472895,203549,45320,80936,1.6121926878722594,0.28450006151466684
4705,0.5155,3,34,3,472929,203515,45323,80933,1.6119233937397035,0.2845265215434807
4706,0.5156,3,6,3,472935,203509,45326,80930,1.611875871245723,0.28452497723589243
4707,0.5157,16,42,16,472977,203467,45342,80914,1.6115432137878596,0.2845267440511145
4708,0.5158,19,133,19,473110,203334,45361,80895,1.6104897985046256,0.2846120557719304
4709,0.5159,1,4,1,473114,203330,45362,80894,1.6104581168419718,0.28461354424679125
4710,0.516,28,144,28,473258,203186,45390,80866,1.6093175769864403,0.2846873107740836
4711,0.5161,4,13,4,473271,203173,45394,80862,1.6092146115828159,0.28469026704455436
4712,0.5162,6,39,6,473310,203134,45400,80856,1.6089057153719428,0.28471425050177823
4713,0.5163,7,30,7,473340,203104,45407,80849,1.6086681029020402,0.28472669772814513
4714,0.5164,3,1,3,473341,203103,45410,80846,1.6086601824863769,0.2847201434060342
4715,0.5165,8,46,8,473387,203057,45418,80838,1.6082958433658598,0.28474612092498985
4716,0.5166,2,4,2,473391,203053,45420,80836,1.608264161703206,0.2847450940332313
4717,0.5167,141,639,141,474030,202414,45561,80695,1.6032030160942847,0.28503156028243537
4718,0.5168,3,23,3,474053,202391,45564,80692,1.603020846534026,0.28504714165103523
4719,0.5169,2,11,2,474064,202380,45566,80690,1.6029337219617286,0.28505316706115097
4720,0.517,8,52,8,474116,202328,45574,80682,1.602521860347231,0.28508533267375713
4721,0.5171,2,24,2,474140,202304,45576,80680,1.6023317703713091,0.2851044582025839
4722,0.5172,4,25,4,474165,202279,45580,80676,1.6021337599797236,0.2851195419766394
4723,0.5173,12,52,12,474217,202227,45592,80664,1.6017218983652262,0.28514162698707274
4724,0.5174,2,20,2,474237,202207,45594,80662,1.601563490051958,0.2851567333288554
4725,0.5175,75,334,75,474571,201873,45669,80587,1.5989180712203777,0.2853041138568293
4726,0.5176,3,13,3,474584,201860,45672,80584,1.5988151058167532,0.2853096543031539
4727,0.5177,12,40,12,474624,201820,45684,80572,1.5984982891902166,0.28531969744185387
4728,0.5178,4,21,4,474645,201799,45688,80568,1.5983319604612851,0.28533079290427
4729,0.5179,5,11,5,474656,201788,45693,80563,1.5982448358889874,0.28532925330528314
4730,0.518,20,93,20,474749,201695,45713,80543,1.59750823723229,0.28537262877429687
4731,0.5181,0,8,0,474757,201687,45713,80543,1.5974448739069826,0.28538071785423236
4732,0.5182,4,23,4,474780,201664,45717,80539,1.597262704346724,0.285393847691201
4733,0.5183,79,386,79,475166,201278,45796,80460,1.5942054239006462,0.28558447919698443
4734,0.5184,1,5,1,475171,201273,45797,80459,1.5941658218223291,0.28558701177005097
4735,0.5185,10,31,10,475202,201242,45807,80449,1.5939202889367634,0.28559307894110925
4736,0.5186,0,20,0,475222,201222,45807,80449,1.5937618806234952,0.2856133574276372
4737,0.5187,8,31,8,475253,201191,45815,80441,1.5935163477379293,0.28562450289739805
4738,0.5188,5,27,5,475280,201164,45820,80436,1.593302496515017,0.28563920454545455
4739,0.5189,2,12,2,475292,201152,45822,80434,1.5932074515270562,0.28564630343838116
4740,0.519,22,73,22,475365,201079,45844,80412,1.592629261183627,0.2856645505540142
4741,0.5191,0,6,0,475371,201073,45844,80412,1.5925817386896464,0.28567063964332023
4742,0.5192,20,140,20,475511,200933,45864,80392,1.5914728804967684,0.285762019017151
4743,0.5193,13,61,13,475572,200872,45877,80379,1.5909897351413003,0.28579098385427965
4744,0.5194,2,5,2,475577,200867,45879,80377,1.5909501330629832,0.28579098576325185
4745,0.5195,10,25,10,475602,200842,45889,80367,1.5907521226713979,0.28579099530953844
4746,0.5196,2,11,2,475613,200831,45891,80365,1.5906649980991003,0.285797095264513
4747,0.5197,6,40,6,475653,200791,45897,80359,1.5903481814725637,0.28582251467188335
4748,0.5198,5,16,5,475669,200775,45902,80354,1.590221454821949,0.28582607984235
4749,0.5199,2,14,2,475683,200761,45904,80352,1.5901105690026613,0.28583523351819373
4750,0.52,693,3727,693,479410,197034,46597,79659,1.5605911798251173,0.28789669417007296
4751,0.5201,1,10,1,479420,197024,46598,79658,1.560511975668483,0.2879045257732704
4752,0.5202,5,23,5,479443,197001,46603,79653,1.5603298061082245,0.28791559131622896
4753,0.5203,6,32,6,479475,196969,46609,79647,1.5600763528069954,0.2879334528732973
4754,0.5204,1,12,1,479487,196957,46610,79646,1.5599813078190343,0.28794337010083043
4755,0.5205,3,25,3,479512,196932,46613,79643,1.559783297427449,0.28796167404863054
4756,0.5206,1,9,1,479521,196923,46614,79642,1.5597120136864782,0.287968470341511
4757,0.5207,11,48,11,479569,196875,46625,79631,1.5593318337346345,0.2879901340296413
4758,0.5208,20,134,20,479703,196741,46645,79611,1.558270498035737,0.28807824803149606
4759,0.5209,0,4,0,479707,196737,46645,79611,1.5582388163730834,0.2880824178210083
4760,0.521,11,86,11,479793,196651,46656,79600,1.5575576606260297,0.2881437533257798
4761,0.5211,1,6,1,479799,196645,46657,79599,1.557510138132049,0.2881474348764136
4762,0.5212,7,42,7,479841,196603,46664,79592,1.5571774806741858,0.28817321095602744
4763,0.5213,9,32,9,479873,196571,46673,79583,1.5569240273729565,0.28818340491175215
4764,0.5214,3,9,3,479882,196562,46676,79580,1.556852743631986,0.28818506420609685
4765,0.5215,2,31,2,479913,196531,46678,79578,1.55660721074642,0.2882122639971895
4766,0.5216,3,10,3,479923,196521,46681,79575,1.5565280065897857,0.28821496870653684
4767,0.5217,71,329,71,480252,196192,46752,79504,1.5539221898365225,0.2883756021124717
4768,0.5218,4,14,4,480266,196178,46756,79500,1.5538113040172348,0.28837992150262265
4769,0.5219,2,11,2,480277,196167,46758,79498,1.5537241794449372,0.28838626593872996
4770,0.522,16,85,16,480362,196082,46774,79482,1.5530509441135472,0.28843390283201
4771,0.5221,4,19,4,480381,196063,46778,79478,1.5529004562159423,0.2884434621344918
4772,0.5222,4,15,4,480396,196048,46782,79474,1.552781649980991,0.2884488353017182
4773,0.5223,4,32,4,480428,196016,46786,79470,1.5525281966797617,0.28847200946690577
4774,0.5224,0,9,0,480437,196007,46786,79470,1.552456912938791,0.28848143402171506
4775,0.5225,67,373,67,480810,195634,46853,79403,1.5495025978963377,0.28869933863443825
4776,0.5226,1,4,1,480814,195630,46854,79402,1.549470916233684,0.2887009511620466
4777,0.5227,12,54,12,480868,195576,46866,79390,1.5490432137878596,0.28872660619858453
4778,0.5228,3,28,3,480896,195548,46869,79387,1.548821442149284,0.2887482495862658
4779,0.5229,2,17,2,480913,195531,46871,79385,1.5486867950830059,0.28876093061153224
4780,0.523,8,57,8,480970,195474,46879,79377,1.5482353313901913,0.2888001135160505
4781,0.5231,3,10,3,480980,195464,46882,79374,1.5481561272335571,0.28880285841113673
4782,0.5232,7,14,7,480994,195450,46889,79367,1.5480452414142694,0.28879945563775167
4783,0.5233,126,670,126,481664,194780,47015,79241,1.542738562919782,0.289178566606209
4784,0.5234,0,2,0,481666,194778,47015,79241,1.5427227220884552,0.28918067725230734
4785,0.5235,5,48,5,481714,194730,47020,79236,1.5423425421366113,0.2892183701627209
4786,0.5236,2,12,2,481726,194718,47022,79234,1.5422474971486504,0.28922584978390375
4787,0.5237,1,22,1,481748,194696,47023,79233,1.5420732480040553,0.2892464835778614
4788,0.5238,7,33,7,481781,194663,47030,79226,1.5418118742871625,0.28926316865591534
4789,0.5239,0,6,0,481787,194657,47030,79226,1.541764351793182,0.2892695055918038
4790,0.524,24,103,24,481890,194554,47054,79202,1.5409485489798505,0.2893160332558921
4791,0.5241,1,10,1,481900,194544,47055,79201,1.5408693448232162,0.2893240059179163
4792,0.5242,21,115,21,482015,194429,47076,79180,1.5399584970219238,0.2893910653523824
4793,0.5243,12,58,12,482073,194371,47088,79168,1.5394991129134457,0.2894212525453409
4794,0.5244,0,7,0,482080,194364,47088,79168,1.539443670003802,0.2894286591696767
4795,0.5245,3,32,3,482112,194332,47091,79165,1.5391902167025726,0.28945472893669766
4796,0.5246,1,17,1,482129,194315,47092,79164,1.5390555696362944,0.2894701238486319
4797,0.5247,8,26,8,482155,194289,47100,79156,1.5388496388290458,0.28947686006326684
4798,0.5248,1,26,1,482181,194263,47101,79155,1.538643708021797,0.28950178847040065
4799,0.5249,3,9,3,482190,194254,47104,79152,1.5385724242808263,0.28950352223433284
4800,0.525,239,1208,239,483398,193046,47343,78913,1.5290045621594222,0.2901650616453215
4801,0.5251,1,7,1,483405,193039,47344,78912,1.5289491192497782,0.2901699203165276
4802,0.5252,9,18,9,483423,193021,47353,78903,1.5288065517678369,0.2901656345155264
4803,0.5253,5,28,5,483451,192993,47358,78898,1.5285847801292611,0.2901824628251763
4804,0.5254,1,10,1,483461,192983,47359,78897,1.5285055759726272,0.2901905252317199
4805,0.5255,8,37,8,483498,192946,47367,78889,1.5282125205930808,0.2902091342174481
4806,0.5256,2,10,2,483508,192936,47369,78887,1.5281333164364466,0.29021458816950735
4807,0.5257,9,51,9,483559,192885,47378,78878,1.5277293752376124,0.290245544831342
4808,0.5258,27,122,27,483681,192763,47405,78851,1.526763084526676,0.29030535981208627
4809,0.5259,1,3,1,483684,192760,47406,78850,1.5267393232796858,0.29030595338905046
4810,0.526,20,145,20,483829,192615,47426,78830,1.5255908630084907,0.29040873841846415
4811,0.5261,0,9,0,483838,192606,47426,78830,1.52551957926752,0.2904183674973106
4812,0.5262,3,29,3,483867,192577,47429,78827,1.525289887213281,0.29044155576189
4813,0.5263,5,22,5,483889,192555,47434,78822,1.5251156380686859,0.29045202799058134
4814,0.5264,0,10,0,483899,192545,47434,78822,1.5250364339120517,0.2904627312827278
4815,0.5265,6,26,6,483925,192519,47440,78816,1.5248305031048028,0.29047487423295926
4816,0.5266,2,9,2,483934,192510,47442,78814,1.5247592193638322,0.2904792793855317
4817,0.5267,140,668,140,484602,191842,47582,78674,1.5194683817006716,0.2908293779295864
4818,0.5268,5,31,5,484633,191811,47587,78669,1.5192228488151058,0.29084960070984917
4819,0.5269,0,2,0,484635,191809,47587,78669,1.519207007983779,0.29085175134391705
4820,0.527,4,55,4,484690,191754,47591,78665,1.5187713851222913,0.2909004175002496
4821,0.5271,1,16,1,484706,191738,47592,78664,1.5186446584716766,0.2909150080250886
4822,0.5272,5,16,5,484722,191722,47597,78659,1.518517931821062,0.29091911044045254
4823,0.5273,8,43,8,484765,191679,47605,78651,1.5181773539475352,0.2909444012873155
4824,0.5274,3,17,3,484782,191662,47608,78648,1.5180427068812572,0.29095482964004293
4825,0.5275,65,317,65,485099,191345,47673,78583,1.5155319351159549,0.29112578168993214
4826,0.5276,3,10,3,485109,191335,47676,78580,1.5154527309593206,0.2911286886612452
4827,0.5277,9,42,9,485151,191293,47685,78571,1.5151200735014574,0.2911503572169685
4828,0.5278,4,24,4,485175,191269,47689,78567,1.5149299835255354,0.29116574511925764
4829,0.5279,3,14,3,485189,191255,47692,78564,1.5148190977062477,0.2911729715105311
4830,0.528,18,86,18,485275,191169,47710,78546,1.514137941959194,0.2912185084255603
4831,0.5281,1,9,1,485284,191160,47711,78545,1.5140666582182234,0.29122559833892586
4832,0.5282,5,32,5,485316,191128,47716,78540,1.5138132049169941,0.291247014847887
4833,0.5283,48,345,48,485661,190783,47764,78492,1.5110806615131163,0.29149382601429763
4834,0.5284,0,5,0,485666,190778,47764,78492,1.5110410594347992,0.29149923868236344
4835,0.5285,6,38,6,485704,190740,47770,78486,1.5107400836395894,0.2915245927213568
4836,0.5286,5,14,5,485718,190726,47775,78481,1.5106291978203017,0.2915265947765103
4837,0.5287,6,33,6,485751,190693,47781,78475,1.5103678241034089,0.2915465434226951
4838,0.5288,4,19,4,485770,190674,47785,78471,1.510217336205804,0.2915565958869754
4839,0.5289,0,11,0,485781,190663,47785,78471,1.5101302116335065,0.29156851233957803
4840,0.529,16,74,16,485855,190589,47801,78455,1.509544100874414,0.29160657736281054
4841,0.5291,3,8,3,485863,190581,47804,78452,1.5094807375491066,0.29160734928428855
4842,0.5292,31,114,31,485977,190467,47835,78421,1.5085778101634775,0.2916493112373925
4843,0.5293,11,55,11,486032,190412,47846,78410,1.5081421873019896,0.2916799964288637
4844,0.5294,0,6,0,486038,190406,47846,78410,1.5080946648080091,0.29168650675555025
4845,0.5295,8,36,8,486074,190370,47854,78402,1.5078095298441263,0.29170449302754753
4846,0.5296,1,4,1,486078,190366,47855,78401,1.5077778481814725,0.29170619904973455
4847,0.5297,6,28,6,486106,190338,47861,78395,1.507556076542897,0.2917207786166939
4848,0.5298,1,22,1,486128,190316,47862,78394,1.507381827398302,0.29174202672025606
4849,0.5299,1,7,1,486135,190309,47863,78393,1.507326384488658,0.29174699109050173
4850,0.53,739,3617,739,489752,186692,48602,77654,1.4786782410340895,0.2937589371505527
4851,0.5301,0,10,0,489762,186682,48602,77654,1.4785990368774553,0.29377005023908964
4852,0.5302,5,15,5,489777,186667,48607,77649,1.4784802306425042,0.29377336218768446
4853,0.5303,3,24,3,489801,186643,48610,77646,1.4782901406665823,0.29379202312619895
4854,0.5304,1,4,1,489805,186639,48611,77645,1.4782584590039285,0.29379379758138974
4855,0.5305,3,31,3,489836,186608,48614,77642,1.4780129261183628,0.2938202459791864
4856,0.5306,2,11,2,489847,186597,48616,77640,1.4779258015460652,0.2938271324606319
4857,0.5307,11,50,11,489897,186547,48627,77629,1.4775297807628944,0.29385334019744414
4858,0.5308,22,114,22,490011,186433,48649,77607,1.4766268533772653,0.2939213755491592
4859,0.5309,1,6,1,490017,186427,48650,77606,1.4765793308832849,0.29392538053955375
4860,0.531,14,75,14,490092,186352,48664,77592,1.4759852997085288,0.2939714484890734
4861,0.5311,4,10,4,490102,186342,48668,77588,1.4759060955518946,0.29397188648505285
4862,0.5312,8,27,8,490129,186315,48676,77580,1.4756922443289824,0.29398056045017906
4863,0.5313,5,31,5,490160,186284,48681,77575,1.4754467114434167,0.29400172061593505
4864,0.5314,6,16,6,490176,186268,48687,77569,1.475319984792802,0.294003494581882
4865,0.5315,8,45,8,490221,186223,48695,77561,1.4749635660879483,0.2940322384981652
4866,0.5316,0,9,0,490230,186214,48695,77561,1.4748922823469777,0.2940422708747986
4867,0.5317,76,340,76,490570,185874,48771,77485,1.4721993410214167,0.2942181584832871
4868,0.5318,4,19,4,490589,185855,48775,77481,1.4720488531238118,0.2942286660388249
4869,0.5319,1,7,1,490596,185848,48776,77480,1.471993410214168,0.2942338072669826
4870,0.532,19,72,19,490668,185776,48795,77461,1.4714231402864022,0.29426334443866176
4871,0.5321,2,10,2,490678,185766,48797,77459,1.471343936129768,0.2942691613638522
4872,0.5322,2,26,2,490704,185740,48799,77457,1.4711380053225194,0.2942928680798033
4873,0.5323,3,32,3,490736,185708,48802,77454,1.47088455202129,0.29432060859850584
4874,0.5324,1,17,1,490753,185691,48803,77453,1.4707499049550121,0.2943369409904843
4875,0.5325,72,332,72,491085,185359,48875,77381,1.4681203269547587,0.29451549059907134
4876,0.5326,4,17,4,491102,185342,48879,77377,1.4679856798884805,0.29452380680498935
4877,0.5327,8,52,8,491154,185290,48887,77369,1.467573818273983,0.29456062803863564
4878,0.5328,3,15,3,491169,185275,48890,77366,1.4674550120390317,0.2945693932021276
4879,0.5329,3,17,3,491186,185258,48893,77363,1.4673203649727538,0.29458040293807425
4880,0.533,8,48,8,491234,185210,48901,77355,1.4669401850209098,0.29461276255403424
4881,0.5331,0,4,0,491238,185206,48901,77355,1.4669085033582563,0.29461725084837426
4882,0.5332,3,19,3,491257,185187,48904,77352,1.4667580154606514,0.29463051203821145
4883,0.5333,133,559,133,491816,184628,49037,77219,1.4623305031048028,0.2949012209420005
4884,0.5334,0,2,0,491818,184626,49037,77219,1.4623146622734762,0.29490347342893697
4885,0.5335,6,37,6,491855,184589,49043,77213,1.4620216068939298,0.2949289921390975
4886,0.5336,1,11,1,491866,184578,49044,77212,1.4619344823216323,0.2949386913174682
4887,0.5337,6,48,6,491914,184530,49050,77206,1.4615543023697883,0.29497661766054345
4888,0.5338,3,27,3,491941,184503,49053,77203,1.4613404511468762,0.29499896830794864
4889,0.5339,3,5,3,491946,184498,49056,77200,1.461300849068559,0.2949965227093826
4890,0.534,26,121,26,492067,184377,49082,77174,1.460342478773286,0.29506291316033967
4891,0.5341,0,5,0,492072,184372,49082,77174,1.460302876694969,0.2950685539063874
4892,0.5342,19,119,19,492191,184253,49101,77155,1.4593603472310226,0.2951516403476558
4893,0.5343,5,66,5,492257,184187,49106,77150,1.4588375997972374,0.2952126947198445
4894,0.5344,0,6,0,492263,184181,49106,77150,1.458790077303257,0.2952194726228423
4895,0.5345,7,23,7,492286,184158,49113,77143,1.4586079077429983,0.29522657777811795
4896,0.5346,0,7,0,492293,184151,49113,77143,1.4585524648333545,0.29523448682327186
4897,0.5347,14,18,14,492311,184133,49127,77129,1.458409897351413,0.29521706180003215
4898,0.5348,5,19,5,492330,184114,49132,77124,1.4582594094538082,0.29522504382976444
4899,0.5349,3,14,3,492344,184100,49135,77121,1.4581485236345204,0.2952327722503168
4900,0.535,239,1194,239,493538,182906,49374,76882,1.448691547332404,0.2959413059879594
4901,0.5351,3,7,3,493545,182899,49377,76879,1.44863610442276,0.2959411497509412
4902,0.5352,6,23,6,493568,182876,49383,76873,1.4484539348625016,0.29595109124577956
4903,0.5353,8,27,8,493595,182849,49391,76865,1.4482400836395894,0.2959601715733461
4904,0.5354,1,14,1,493609,182835,49392,76864,1.4481291978203017,0.29597341537703264
4905,0.5355,3,39,3,493648,182796,49395,76861,1.4478203016094284,0.29600973592084945
4906,0.5356,1,16,1,493664,182780,49396,76860,1.4476935749588138,0.2960252657525805
4907,0.5357,8,43,8,493707,182737,49404,76852,1.447352997085287,0.2960526062352411
4908,0.5358,30,109,30,493816,182628,49434,76822,1.446489671777975,0.2960955868182694
4909,0.5359,0,4,0,493820,182624,49434,76822,1.4464579901153212,0.2961001518620445
4910,0.536,20,123,20,493943,182501,49454,76802,1.4454837789887214,0.29618631485173713
4911,0.5361,0,8,0,493951,182493,49454,76802,1.445420415663414,0.29619545305540024
4912,0.5362,5,21,5,493972,182472,49459,76797,1.4452540869344823,0.2962058711222707
4913,0.5363,9,38,9,494010,182434,49468,76788,1.4449531111392726,0.29622485745808613
4914,0.5364,4,13,4,494023,182421,49472,76784,1.4448501457356482,0.29622885361007695
4915,0.5365,3,38,3,494061,182383,49475,76781,1.4445491699404385,0.29626414162460835
4916,0.5366,0,6,0,494067,182377,49475,76781,1.444501647446458,0.2962710007022743
4917,0.5367,136,632,136,494699,181745,49611,76645,1.4394959447471802,0.29662525639537135
4918,0.5368,1,36,1,494735,181709,49612,76644,1.4392108097832974,0.2966638668798117
4919,0.5369,4,9,4,494744,181700,49616,76640,1.4391395260423268,0.2966633119145312
4920,0.537,9,52,9,494796,181648,49625,76631,1.438727664427829,0.2966985314330627
4921,0.5371,6,19,6,494815,181629,49631,76625,1.4385771765302242,0.2967040200732612
4922,0.5372,5,31,5,494846,181598,49636,76620,1.4383316436446585,0.2967260221982976
4923,0.5373,14,56,14,494902,181542,49650,76606,1.4378881003675072,0.29675225064691574
4924,0.5374,1,14,1,494916,181528,49651,76605,1.4377772145482195,0.296765620823374
4925,0.5375,62,331,62,495247,181197,49713,76543,1.4351555569636294,0.29697757429968186
4926,0.5376,3,10,3,495257,181187,49716,76540,1.4350763528069954,0.2969809139127837
4927,0.5377,9,37,9,495294,181150,49725,76531,1.434783297427449,0.29699900264280255
4928,0.5378,2,17,2,495311,181133,49727,76529,1.434648650361171,0.2970131412470601
4929,0.5379,4,14,4,495325,181119,49731,76525,1.434537764541883,0.2970183664280946
4930,0.538,18,83,18,495408,181036,49749,76507,1.43388037004182,0.29706495614324596
4931,0.5381,2,8,2,495416,181028,49751,76505,1.4338170067165126,0.29706872517308464
4932,0.5382,2,17,2,495433,181011,49753,76503,1.4336823596502344,0.2970828770474615
4933,0.5383,71,331,71,495764,180680,49824,76432,1.4310607020656445,0.2972712281029279
4934,0.5384,0,5,0,495769,180675,49824,76432,1.4310210999873274,0.2972770091829472
4935,0.5385,7,27,7,495796,180648,49831,76425,1.4308072487644152,0.2972890968713167
4936,0.5386,0,11,0,495807,180637,49831,76425,1.4307201241921177,0.2973018182384016
4937,0.5387,9,39,9,495846,180598,49840,76416,1.4304112279812444,0.29732232485389903
4938,0.5388,6,18,6,495864,180580,49846,76410,1.430268660499303,0.29732674423129307
4939,0.5389,3,2,3,495866,180578,49849,76407,1.4302528196679762,0.2973208553028387
4940,0.539,17,55,17,495921,180523,49866,76390,1.4298171968064883,0.29733800936503796
4941,0.5391,1,7,1,495928,180516,49867,76389,1.4297617538968446,0.2973433759560927
4942,0.5392,19,118,19,496046,180398,49886,76370,1.4288271448485617,0.29742802841475574
4943,0.5393,12,52,12,496098,180346,49898,76358,1.4284152832340642,0.2974554350536026
4944,0.5394,2,10,2,496108,180336,49900,76356,1.42833607907743,0.29746154924968443
4945,0.5395,12,36,12,496144,180300,49912,76344,1.4280509441135472,0.29747042595969514
4946,0.5396,0,12,0,496156,180288,49912,76344,1.427955899125586,0.2974843355466193
4947,0.5397,5,29,5,496185,180259,49917,76339,1.427726207071347,0.29750426737542773
4948,0.5398,11,26,11,496211,180233,49928,76328,1.4275202762640984,0.29750429722366223
4949,0.5399,1,8,1,496219,180225,49929,76327,1.427456912938791,0.29751083600985373
4950,0.54,778,3518,778,499737,176707,50707,75549,1.3995928906349004,0.29949337181276164
4951,0.5401,0,14,0,499751,176693,50707,75549,1.3994820048156127,0.2995099943704855
4952,0.5402,6,21,6,499772,176672,50713,75543,1.399315676086681,0.29951826814424204
4953,0.5403,1,28,1,499800,176644,50714,75542,1.3990939044481054,0.29954874576701324
4954,0.5404,0,5,0,499805,176639,50714,75542,1.3990543023697883,0.2995546849286822
4955,0.5405,8,40,8,499845,176599,50722,75534,1.3987374857432517,0.29957998358009463
4956,0.5406,1,12,1,499857,176587,50723,75533,1.3986424407552909,0.2995914643820403
4957,0.5407,13,59,13,499916,176528,50736,75520,1.3981751362311494,0.299625468164794
4958,0.5408,26,114,26,500030,176414,50762,75494,1.3972722088455203,0.29968877526716103
4959,0.5409,2,3,2,500033,176411,50764,75492,1.39724844759853,0.29968678419867967
4960,0.541,14,63,14,500096,176348,50778,75478,1.3967494614117348,0.2997228244899256
4961,0.5411,1,5,1,500101,176343,50779,75477,1.3967098593334177,0.2997259947581606
4962,0.5412,9,15,9,500116,176328,50788,75468,1.3965910530984667,0.29971881999714056
4963,0.5413,3,29,3,500145,176299,50791,75465,1.3963613610442276,0.2997449992850447
4964,0.5414,4,10,4,500155,176289,50795,75461,1.3962821568875934,0.29974577954319764
4965,0.5415,5,20,5,500175,176269,50800,75456,1.3961237485743252,0.29975568576819944
4966,0.5416,2,9,2,500184,176260,50802,75454,1.3960524648333545,0.29976083968313244
4967,0.5417,69,360,69,500544,175900,50871,75385,1.3932011151945254,0.299998010227431
4968,0.5418,2,19,2,500563,175881,50873,75383,1.3930506272969205,0.300015123535405
4969,0.5419,0,4,0,500567,175877,50873,75383,1.393018945634267,0.30001989970548437
4970,0.542,25,67,25,500634,175810,50898,75358,1.3924882777848182,0.3000302586316728
4971,0.5421,4,10,4,500644,175800,50902,75354,1.392409073628184,0.30003105664253804
4972,0.5422,4,14,4,500658,175786,50906,75350,1.3922981878088962,0.30003663353720694
4973,0.5423,8,31,8,500689,175755,50914,75342,1.3920526549233303,0.30005137456839387
4974,0.5424,2,16,2,500705,175739,50916,75340,1.3919259282727157,0.3000649198061168
4975,0.5425,68,305,68,501010,175434,50984,75272,1.3895102014953744,0.3002401218957664
4976,0.5426,3,10,3,501020,175424,50987,75269,1.3894309973387404,0.30024372439597435
4977,0.5427,5,43,5,501063,175381,50992,75264,1.3890904194652136,0.30028127431227436
4978,0.5428,3,17,3,501080,175364,50995,75261,1.3889557723989354,0.3002932668329177
4979,0.5429,4,19,4,501099,175345,50999,75257,1.3888052845013306,0.30030486588295385
4980,0.543,13,57,13,501156,175288,51012,75244,1.388353820808516,0.3003368831127361
4981,0.5431,1,6,1,501162,175282,51013,75243,1.3883062983145356,0.3003412833050594
4982,0.5432,5,14,5,501176,175268,51018,75238,1.3881954124952478,0.3003441035344463
4983,0.5433,126,590,126,501766,174678,51144,75112,1.3835223672538335,0.30070058849433523
4984,0.5434,1,3,1,501769,174675,51145,75111,1.3834986060068433,0.3007014003987413
4985,0.5435,7,38,7,501807,174637,51152,75104,1.3831976302116336,0.3007275537456805
4986,0.5436,1,13,1,501820,174624,51153,75103,1.3830946648080091,0.3007404085261105
4987,0.5437,6,33,6,501853,174591,51159,75097,1.3828332910911165,0.30076335266412485
4988,0.5438,5,24,5,501877,174567,51164,75092,1.3826432011151946,0.3007782615487525
4989,0.5439,0,3,0,501880,174564,51164,75092,1.3826194398682043,0.300781875861185
4990,0.544,28,108,28,501988,174456,51192,75064,1.3817640349765556,0.3008336005129849
4991,0.5441,0,5,0,501993,174451,51192,75064,1.3817244328982385,0.30083962888002724
4992,0.5442,30,136,30,502129,174315,51222,75034,1.380647256368014,0.30091959462440193
4993,0.5443,13,46,13,502175,174269,51235,75021,1.380282917247497,0.30093866581090295
4994,0.5444,0,10,0,502185,174259,51235,75021,1.380203713090863,0.3009507381258023
4995,0.5445,6,36,6,502221,174223,51241,75015,1.37991857812698,0.3009773790513485
4996,0.5446,0,13,0,502234,174210,51241,75015,1.3798156127233556,0.3009930785434848
4997,0.5447,13,31,13,502265,174179,51254,75002,1.37957007983779,0.30099405652918965
4998,0.5448,4,25,4,502290,174154,51258,74998,1.3793720694462046,0.30101303621885434
4999,0.5449,1,4,1,502294,174150,51259,74997,1.3793403877835508,0.3010150633963082
5000,0.545,245,1061,245,503355,173089,51504,74752,1.3709368267646687,0.301612727514818
5001,0.5451,1,18,1,503373,173071,51505,74751,1.3707942592827271,0.3016318163843404
5002,0.5452,6,21,6,503394,173050,51511,74745,1.3706279305537954,0.30164046893601565
5003,0.5453,8,18,8,503412,173032,51519,74737,1.370485363071854,0.301639833877523
5004,0.5454,2,6,2,503418,173026,51521,74735,1.3704378405778734,0.30164150128551304
5005,0.5455,2,30,2,503448,172996,51523,74733,1.370200228107971,0.30167239200900986
5006,0.5456,0,8,0,503456,172988,51523,74733,1.3701368647826637,0.30168213433661256
5007,0.5457,9,44,9,503500,172944,51532,74724,1.3697883664934736,0.30171035418382675
5008,0.5458,28,101,28,503601,172843,51560,74696,1.3689884045114689,0.3017544710126485
5009,0.5459,0,4,0,503605,172839,51560,74696,1.368956722848815,0.30175934716302744
5010,0.546,29,145,29,503750,172694,51589,74667,1.36780826257762,0.30185437478017957
5011,0.5461,0,10,0,503760,172684,51589,74667,1.367729058420986,0.3018665782632777
5012,0.5462,4,24,4,503784,172660,51593,74663,1.367538968445064,0.30188458008353447
5013,0.5463,2,15,2,503799,172645,51595,74661,1.3674201622101128,0.301897244708984
5014,0.5464,5,14,5,503813,172631,51600,74656,1.367309276390825,0.3019002212004675
5015,0.5465,8,37,8,503850,172594,51608,74648,1.3670162210112786,0.3019228124671375
5016,0.5466,3,4,3,503854,172590,51611,74645,1.366984539348625,0.30191922664671267
5017,0.5467,167,568,167,504422,172022,51778,74478,1.3624857432518058,0.3021419878296146
5018,0.5468,4,21,4,504443,172001,51782,74474,1.362319414522874,0.30215640531494065
5019,0.5469,0,6,0,504449,171995,51782,74474,1.3622718920288936,0.30216376095979613
5020,0.547,16,50,16,504499,171945,51798,74458,1.361875871245723,0.3021797624217238
5021,0.5471,2,13,2,504512,171932,51800,74456,1.3617729058420986,0.30219004172281116
5022,0.5472,1,11,1,504523,171921,51801,74455,1.361685781269801,0.30220070136701627
5023,0.5473,15,53,15,504576,171868,51816,74440,1.36126599923964,0.3022232327005213
5024,0.5474,1,3,1,504579,171865,51817,74439,1.3612422379926499,0.30222408081070545
5025,0.5475,75,300,75,504879,171565,51892,74364,1.3588661132936257,0.3023799551903192
5026,0.5476,0,11,0,504890,171554,51892,74364,1.3587789887213282,0.30239348075374717
5027,0.5477,6,31,6,504921,171523,51898,74358,1.3585334558357622,0.3024145826639716
5028,0.5478,8,27,8,504948,171496,51906,74350,1.35831960461285,0.30242509538491574
5029,0.5479,4,12,4,504960,171484,51910,74346,1.3582245596248892,0.3024285075051865
5030,0.548,13,75,13,505035,171409,51923,74333,1.357630528450133,0.3024839058850339
5031,0.5481,2,6,2,505041,171403,51925,74331,1.3575830059561527,0.30248561452627637
5032,0.5482,4,22,4,505063,171381,51929,74327,1.3574087568115574,0.3025013430576131
5033,0.5483,62,305,62,505368,171076,51991,74265,1.3549930300342161,0.3027011384155115
5034,0.5484,0,4,0,505372,171072,51991,74265,1.3549613483715626,0.30270607368639874
5035,0.5485,7,35,7,505407,171037,51998,74258,1.354684133823343,0.3027293666809352
5036,0.5486,1,16,1,505423,171021,51999,74257,1.3545574071727284,0.3027462715775569
5037,0.5487,8,32,8,505455,170989,52007,74249,1.3543039538714992,0.302763030199235
5038,0.5488,6,28,6,505483,170961,52013,74243,1.3540821822329236,0.3027805419161188
5039,0.5489,3,10,3,505493,170951,52016,74240,1.3540029780762894,0.30278435994795894
5040,0.549,17,80,17,505573,170871,52033,74223,1.3533693448232162,0.3028348307180102
5041,0.5491,3,6,3,505579,170865,52036,74220,1.3533218223292358,0.3028337107534121
5042,0.5492,29,116,29,505695,170749,52065,74191,1.3524030541122798,0.30289458642932965
5043,0.5493,10,39,10,505734,170710,52075,74181,1.3520941579014067,0.30291435781633463
5044,0.5494,1,3,1,505737,170707,52076,74180,1.3520703966544165,0.30291522212285665
5045,0.5495,5,25,5,505762,170682,52081,74175,1.351872386262831,0.3029319153628444
5046,0.5496,4,9,4,505771,170673,52085,74171,1.3518011025218604,0.30293166260966164
5047,0.5497,7,31,7,505802,170642,52092,74164,1.3515555696362944,0.30295009109253856
5048,0.5498,0,24,0,505826,170618,52092,74164,1.3513654796603727,0.30297979426591826
5049,0.5499,2,16,2,505842,170602,52094,74162,1.351238753009758,0.30299390433233647
5050,0.55,727,3213,727,509055,167389,52821,73435,1.3257904574832087,0.3049322326678404
5051,0.5501,1,7,1,509062,167382,52822,73434,1.325735014573565,0.3049382100857086
5052,0.5502,4,28,4,509090,167354,52826,73430,1.3255132429349892,0.30496212372915144
5053,0.5503,6,19,6,509109,167335,52832,73424,1.3253627550373843,0.30496886928422196
5054,0.5504,3,12,3,509121,167323,52835,73421,1.3252677100494235,0.3049754095636859
5055,0.5505,10,26,10,509147,167297,52845,73411,1.3250617792421746,0.3049794772089004
5056,0.5506,5,10,5,509157,167287,52850,73406,1.3249825750855404,0.30497771019514486
5057,0.5507,10,52,10,509209,167235,52860,73396,1.324570713471043,0.3050147321001866
5058,0.5508,18,116,18,509325,167119,52878,73378,1.323651945254087,0.30510983504991745
5059,0.5509,0,5,0,509330,167114,52878,73378,1.3236123431757698,0.30511617850074013
5060,0.551,16,61,16,509391,167053,52894,73362,1.3231291978203017,0.305147349375039
5061,0.5511,4,11,4,509402,167042,52898,73358,1.3230420732480042,0.30514975041597336
5062,0.5512,4,23,4,509425,167019,52902,73354,1.3228599036877455,0.30516738568807644
5063,0.5513,9,37,9,509462,166982,52911,73345,1.3225668483081991,0.3051883475431391
5064,0.5514,1,15,1,509477,166967,52912,73344,1.322448042073248,0.30520450582786474
5065,0.5515,8,28,8,509505,166939,52920,73336,1.3222262704346723,0.3052169389241494
5066,0.5516,2,2,2,509507,166937,52922,73334,1.3222104296033457,0.3052136962013726
5067,0.5517,69,321,69,509828,166616,52991,73265,1.3196679761753898,0.3054222718764721
5068,0.5518,5,30,5,509858,166586,52996,73260,1.3194303637054872,0.3054459945131459
5069,0.5519,2,18,2,509876,166568,52998,73258,1.3192877962235459,0.30546312743405635
5070,0.552,17,85,17,509961,166483,53015,73241,1.3186145608921556,0.3055221838447548
5071,0.5521,3,9,3,509970,166474,53018,73238,1.318543277151185,0.30552496328928047
5072,0.5522,7,20,7,509990,166454,53025,73231,1.3183848688379167,0.30553017502138224
5073,0.5523,5,34,5,510024,166420,53030,73226,1.3181155747053606,0.305559032906871
5074,0.5524,1,7,1,510031,166413,53031,73225,1.3180601317957166,0.3055650606331216
5075,0.5525,72,285,72,510316,166128,53103,73153,1.3158028133316437,0.3057200529920888
5076,0.5526,3,3,3,510319,166125,53106,73150,1.3157790520846535,0.3057151812767736
5077,0.5527,10,51,10,510370,166074,53116,73140,1.3153751108858194,0.3057513356241692
5078,0.5528,5,10,5,510380,166064,53121,73135,1.3152959067291852,0.3057496059766136
5079,0.5529,2,19,2,510399,166045,53123,73133,1.3151454188315803,0.30576808903828945
5080,0.553,9,39,9,510438,166006,53132,73124,1.314836522620707,0.30579182871241584
5081,0.5531,1,8,1,510446,165998,53133,73123,1.3147731592953997,0.3057991560757943
5082,0.5532,5,26,5,510472,165972,53138,73118,1.314567228488151,0.30581789284369904
5083,0.5533,127,584,127,511056,165388,53265,72991,1.3099417057407172,0.30619727408874103
5084,0.5534,1,6,1,511062,165382,53266,72990,1.3098941832467368,0.3062020707130032
5085,0.5535,12,34,12,511096,165348,53278,72978,1.3096248891141806,0.30621082047279774
5086,0.5536,0,10,0,511106,165338,53278,72978,1.3095456849575466,0.3062236694137196
5087,0.5537,6,32,6,511138,165306,53284,72972,1.3092922316563174,0.3062473245536726
5088,0.5538,5,25,5,511163,165281,53289,72967,1.309094221264732,0.30626490043987775
5089,0.5539,0,5,0,511168,165276,53289,72967,1.309054619186415,0.3062713280138346
5090,0.554,28,117,28,511285,165159,53317,72939,1.3081279305537954,0.3063402464531411
5091,0.5541,2,4,2,511289,165155,53319,72937,1.3080962488911418,0.30633956621810055
5092,0.5542,16,126,16,511415,165029,53335,72921,1.3070982765175516,0.3064551376339567
5093,0.5543,3,39,3,511454,164990,53338,72918,1.3067893803066786,0.3064966289490055
5094,0.5544,2,17,2,511471,164973,53340,72916,1.3066547332404004,0.3065127013018677
5095,0.5545,3,20,3,511491,164953,53343,72913,1.3064963249271322,0.30652972682098323
5096,0.5546,2,9,2,511500,164944,53345,72911,1.3064250411861615,0.3065354943137626
5097,0.5547,10,32,10,511532,164912,53355,72901,1.3061715878849323,0.3065475815031138
5098,0.5548,5,16,5,511548,164896,53360,72896,1.3060448612343176,0.3065536266989638
5099,0.5549,1,2,1,511550,164894,53361,72895,1.3060290204029907,0.30655328884010613
5100,0.555,226,1043,226,512593,163851,53587,72669,1.2977680268660499,0.30724251648909184
5101,0.5551,1,4,1,512597,163847,53588,72668,1.2977363452033963,0.3072447836289453
5102,0.5552,1,15,1,512612,163832,53589,72667,1.297617538968445,0.3072613414855877
5103,0.5553,8,34,8,512646,163798,53597,72659,1.297348244835889,0.3072820851148412
5104,0.5554,4,11,4,512657,163787,53601,72655,1.2972611202635915,0.3072846617775184
5105,0.5555,2,22,2,512679,163765,53603,72653,1.2970868711189962,0.30730739622194586
5106,0.5556,5,5,5,512684,163760,53608,72648,1.2970472690406794,0.30729924537240705
5107,0.5557,13,50,13,512734,163710,53621,72635,1.2966512482575085,0.30732615456218665
5108,0.5558,20,107,20,512841,163603,53641,72615,1.2958037637815232,0.3074067175236434
5109,0.5559,0,9,0,512850,163594,53641,72615,1.2957324800405525,0.307418430288431
5110,0.556,34,101,34,512951,163493,53675,72581,1.2949325180585478,0.30745020629124764
5111,0.5561,0,4,0,512955,163489,53675,72581,1.294900836395894,0.3074554157665099
5112,0.5562,13,21,13,512976,163468,53688,72568,1.2947345076669623,0.30744462709078274
5113,0.5563,5,29,5,513005,163439,53693,72563,1.2945048156127235,0.30746773332429383
5114,0.5564,6,11,6,513016,163428,53699,72557,1.2944176910404257,0.30746445748670465
5115,0.5565,6,33,6,513049,163395,53705,72551,1.294156317323533,0.307489849372314
5116,0.5566,1,9,1,513058,163386,53706,72550,1.2940850335825624,0.3074986436999864
5117,0.5567,115,576,115,513634,162810,53821,72435,1.2895228741604359,0.30791302684435373
5118,0.5568,7,21,7,513655,162789,53828,72428,1.2893565454315044,0.30791992075402713
5119,0.5569,2,6,2,513661,162783,53830,72426,1.2893090229375237,0.30792189074397663
5120,0.557,7,41,7,513702,162742,53837,72419,1.2889842858953238,0.30795497552740464
5121,0.5571,3,12,3,513714,162730,53840,72416,1.288889240907363,0.30796186199212405
5122,0.5572,5,16,5,513730,162714,53845,72411,1.2887625142567483,0.3079681020733652
5123,0.5573,5,49,5,513779,162665,53850,72406,1.288374413889241,0.3080175776680237
5124,0.5574,2,6,2,513785,162659,53852,72404,1.2883268913952604,0.30801955220515354
5125,0.5575,71,279,71,514064,162380,53923,72333,1.286117095425168,0.30817636858631603
5126,0.5576,0,10,0,514074,162370,53923,72333,1.2860378912685337,0.3081894990690362
5127,0.5577,7,42,7,514116,162328,53930,72326,1.2857052338106705,0.3082240234558115
5128,0.5578,4,14,4,514130,162314,53934,72322,1.2855943479913825,0.30823062104706866
5129,0.5579,0,14,0,514144,162300,53934,72322,1.2854834621720947,0.30824901330651006
5130,0.558,18,94,18,514238,162206,53952,72304,1.2847389430997338,0.3083194746492687
5131,0.5581,1,5,1,514243,162201,53953,72303,1.2846993410214167,0.3083230989663289
5132,0.5582,2,24,2,514267,162177,53955,72301,1.284509251045495,0.3083487576659644
5133,0.5583,52,312,52,514579,161865,54007,72249,1.2820380813585097,0.3086060637125503
5134,0.5584,1,4,1,514583,161861,54008,72248,1.282006399695856,0.3086083832744576
5135,0.5585,6,24,6,514607,161837,54014,72242,1.2818163097199342,0.30862230272685715
5136,0.5586,0,19,0,514626,161818,54014,72242,1.2816658218223291,0.30864735537896265
5137,0.5587,14,29,14,514655,161789,54028,72228,1.2814361297680903,0.30864424379425426
5138,0.5588,4,28,4,514683,161761,54032,72224,1.2812143581295146,0.30866935914695387
5139,0.5589,5,16,5,514699,161745,54037,72219,1.2810876314789,0.30867569369646614
5140,0.559,13,76,13,514775,161669,54050,72206,1.2804856798884805,0.3087375734901122
5141,0.5591,2,11,2,514786,161658,54052,72204,1.280398555316183,0.30874618364676604
5142,0.5592,26,116,26,514902,161542,54078,72178,1.279479787099227,0.3088225226767072
5143,0.5593,11,44,11,514946,161498,54089,72167,1.2791312888100368,0.30884813729056554
5144,0.5594,1,5,1,514951,161493,54090,72166,1.2790916867317197,0.3088517882897727
5145,0.5595,2,17,2,514968,161476,54092,72164,1.2789570396654417,0.3088683444615648
5146,0.5596,1,10,1,514978,161466,54093,72163,1.2788778355088075,0.3088786066798214
5147,0.5597,2,24,2,515002,161442,54095,72161,1.2786877455328856,0.3089044233164814
5148,0.5598,5,26,5,515028,161416,54100,72156,1.2784818147256367,0.3089240148647954
5149,0.5599,2,6,2,515034,161410,54102,72154,1.2784342922316563,0.3089260331215427
5150,0.56,769,3263,769,518297,158147,54871,71385,1.2525899759219363,0.3110023874666713
5151,0.5601,1,1,1,518298,158146,54872,71384,1.252582055506273,0.3110007406439245
5152,0.5602,4,20,4,518318,158126,54876,71380,1.2524236471930046,0.3110158340086969
5153,0.5603,6,17,6,518335,158109,54882,71374,1.2522890001267266,0.3110208599329798
5154,0.5604,2,11,2,518346,158098,54884,71372,1.252201875554429,0.3110297642393341
5155,0.5605,4,21,4,518367,158077,54888,71368,1.2520355468254973,0.3110462202270697
5156,0.5606,2,12,2,518379,158065,54890,71366,1.2519405018375365,0.3110564832128178
5157,0.5607,3,57,3,518436,158008,54893,71363,1.251489038144722,0.31112477165814334
5158,0.5608,18,104,18,518540,157904,54911,71345,1.2506653149157267,0.311211826441991
5159,0.5609,0,4,0,518544,157900,54911,71345,1.2506336332530732,0.31121725664681893
5160,0.561,12,67,12,518611,157833,54923,71333,1.2501029654036244,0.31127217824633674
5161,0.5611,1,5,1,518616,157828,54924,71332,1.2500633633253073,0.3112759643916914
5162,0.5612,3,30,3,518646,157798,54927,71329,1.249825750855405,0.3113077027150881
5163,0.5613,8,36,8,518682,157762,54935,71321,1.2495406158915219,0.31133257378330126
5164,0.5614,0,10,0,518692,157752,54935,71321,1.249461411734888,0.31134616475970545
5165,0.5615,2,22,2,518714,157730,54937,71319,1.2492871625902928,0.31137005618885044
5166,0.5616,3,8,3,518722,157722,54940,71316,1.2492237992649855,0.3113719120844576
5167,0.5617,88,303,88,519025,157419,55028,71228,1.246823913318971,0.31151950386403493
5168,0.5618,7,35,7,519060,157384,55035,71221,1.2465466987707514,0.31154611666411497
5169,0.5619,1,5,1,519065,157379,55036,71220,1.2465070966924343,0.3115499192909855
5170,0.562,16,72,16,519137,157307,55052,71204,1.2459368267646687,0.31159987921806825
5171,0.5621,3,23,3,519160,157284,55055,71201,1.24575465720441,0.3116222071470775
5172,0.5622,7,12,7,519172,157272,55062,71194,1.2456596122164492,0.31161748356429403
5173,0.5623,3,34,3,519206,157238,55065,71191,1.245390318083893,0.3116548249127738
5174,0.5624,0,4,0,519210,157234,55065,71191,1.2453586364212395,0.31166028236839227
5175,0.5625,66,278,66,519488,156956,55131,71125,1.2431567608668104,0.31184096877863565
5176,0.5626,2,3,2,519491,156953,55133,71123,1.2431329996198202,0.3118390361107701
5177,0.5627,5,50,5,519541,156903,55138,71118,1.2427369788366494,0.3118923257068428
5178,0.5628,2,16,2,519557,156887,55140,71116,1.2426102521860347,0.3119081766467985
5179,0.5629,2,14,2,519571,156873,55142,71114,1.242499366366747,0.31192129375797745
5180,0.563,7,39,7,519610,156834,55149,71107,1.2421904701558737,0.3119535318349924
5181,0.5631,1,10,1,519620,156824,55150,71106,1.2421112659992397,0.3119641995349449
5182,0.5632,5,30,5,519650,156794,55155,71101,1.2418736535293373,0.31199017091204284
5183,0.5633,126,548,126,520198,156246,55281,70975,1.2375332657457863,0.3123610933848544
5184,0.5634,0,6,0,520204,156240,55281,70975,1.2374857432518058,0.31236934181282044
5185,0.5635,13,33,13,520237,156207,55294,70962,1.2372243695349132,0.31237536811800903
5186,0.5636,3,8,3,520245,156199,55297,70959,1.237161006209606,0.3123772880550102
5187,0.5637,6,23,6,520268,156176,55303,70953,1.2369788366493473,0.31239075591404003
5188,0.5638,4,25,4,520293,156151,55307,70949,1.236780826257762,0.3124130339057684
5189,0.5639,1,7,1,520300,156144,55308,70948,1.2367253833481182,0.3124196360946224
5190,0.564,25,124,25,520424,156020,55333,70923,1.2357432518058549,0.3125145961761323
5191,0.5641,2,21,2,520445,155999,55335,70921,1.2355769230769231,0.31253745813502554
5192,0.5642,23,118,23,520563,155881,55358,70898,1.2346423140286402,0.31263035819013224
5193,0.5643,10,46,10,520609,155835,55368,70888,1.2342779749081232,0.3126634704022089
5194,0.5644,0,2,0,520611,155833,55368,70888,1.2342621340767963,0.312666228536395
5195,0.5645,6,22,6,520633,155811,55374,70882,1.2340878849322012,0.3126783800117339
5196,0.5646,4,8,4,520641,155803,55378,70878,1.234024521606894,0.3126772865833484
5197,0.5647,5,22,5,520663,155781,55383,70873,1.2338502724622988,0.3126924739911936
5198,0.5648,4,19,4,520682,155762,55387,70869,1.233699784564694,0.3127065582378404
5199,0.5649,1,7,1,520689,155755,55388,70868,1.23364434165505,0.31271318445171054
5200,0.565,278,1010,278,521699,154745,55666,70590,1.225644721835002,0.3132669137062596
5201,0.5651,1,7,1,521706,154738,55667,70589,1.225589278925358,0.31327359792656895
5202,0.5652,2,30,2,521736,154708,55669,70587,1.2253516664554556,0.3133092168046339
5203,0.5653,4,26,4,521762,154682,55673,70583,1.2251457356482067,0.3133331853594655
5204,0.5654,3,4,3,521766,154678,55676,70580,1.2251140539855532,0.3133296042759858
5205,0.5655,4,22,4,521788,154656,55680,70576,1.224939804840958,0.3133480144917241
5206,0.5656,2,2,2,521790,154654,55682,70574,1.2249239640096312,0.313344699593301
5207,0.5657,11,33,11,521823,154621,55693,70563,1.2246625902927386,0.313357076879352
5208,0.5658,21,115,21,521938,154506,55714,70542,1.223751742491446,0.31345312999893354
5209,0.5659,1,6,1,521944,154500,55715,70541,1.2237042199974655,0.313458436462689
5210,0.566,34,122,34,522066,154378,55749,70507,1.222737929286529,0.3135246903973142
5211,0.5661,0,13,0,522079,154365,55749,70507,1.2226349638829046,0.31354281546835533
5212,0.5662,4,21,4,522100,154344,55753,70503,1.2224686351539729,0.31355988739009194
5213,0.5663,6,25,6,522125,154319,55759,70497,1.2222706247623876,0.3135764358408654
5214,0.5664,0,14,0,522139,154305,55759,70497,1.2221597389430998,0.31359596444871485
5215,0.5665,3,26,3,522165,154279,55762,70494,1.221953808135851,0.31362307750486046
5216,0.5666,0,4,0,522169,154275,55762,70494,1.2219221264731974,0.3136286587563232
5217,0.5667,134,555,134,522724,153720,55896,70360,1.2175262957800026,0.3139950017850768
5218,0.5668,2,21,2,522745,153699,55898,70358,1.2173599670510709,0.31401830784130824
5219,0.5669,1,12,1,522757,153687,55899,70357,1.2172649220631098,0.31403206513006376
5220,0.567,14,44,14,522801,153643,55913,70343,1.2169164237739196,0.31405087817988625
5221,0.5671,5,20,5,522821,153623,55918,70338,1.2167580154606514,0.3140636092891173
5222,0.5672,7,23,7,522844,153600,55925,70331,1.2165758459003928,0.31407442471118335
5223,0.5673,7,41,7,522885,153559,55932,70324,1.2162511088581929,0.314110495214018
5224,0.5674,1,4,1,522889,153555,55933,70323,1.2162194271955393,0.31411304371130705
5225,0.5675,58,238,58,523127,153317,55991,70265,1.2143343682676466,0.31426948502115554
5226,0.5676,3,9,3,523136,153308,55994,70262,1.214263084526676,0.31427293465133965
5227,0.5677,9,51,9,523187,153257,56003,70253,1.2138591433278418,0.31431703279495327
5228,0.5678,3,16,3,523203,153241,56006,70250,1.2137324166772272,0.31433033097529656
5229,0.5679,4,15,4,523218,153226,56010,70246,1.2136136104422761,0.3143391565833751
5230,0.568,15,74,15,523292,153152,56025,70231,1.2130274996831834,0.31439724598559426
5231,0.5681,5,3,5,523295,153149,56030,70226,1.2130037384361931,0.31438612199216565
5232,0.5682,6,20,6,523315,153129,56036,70220,1.212845330122925,0.3143958558130997
5233,0.5683,62,288,62,523603,152841,56098,70158,1.2105642504118617,0.31461127628375013
5234,0.5684,1,3,1,523606,152838,56099,70157,1.2105404891648714,0.3146124352563959
5235,0.5685,6,35,6,523641,152803,56105,70151,1.210263274616652,0.31464337935179454
5236,0.5686,1,6,1,523647,152797,56106,70150,1.2102157521226713,0.3146487730267732
5237,0.5687,6,26,6,523673,152771,56112,70144,1.2100098213154227,0.3146670255478546
5238,0.5688,3,18,3,523691,152753,56115,70141,1.2098672538334811,0.3146832126481646
5239,0.5689,1,14,1,523705,152739,56116,70140,1.2097563680141934,0.3146999044324499
5240,0.569,20,75,20,523780,152664,56136,70120,1.2091623368394373,0.31474432634300487
5241,0.5691,0,5,0,523785,152659,56136,70120,1.2091227347611202,0.3147513903913744
5242,0.5692,25,97,25,523882,152562,56161,70095,1.208354454441769,0.3148115711610235
5243,0.5693,9,40,9,523922,152522,56170,70086,1.2080376378152324,0.3148404370013656
5244,0.5694,1,7,1,523929,152515,56171,70085,1.2079821949055887,0.3148472596585804
5245,0.5695,2,23,2,523952,152492,56173,70083,1.20780002534533,0.314873638099517
5246,0.5696,0,10,0,523962,152482,56173,70083,1.207720821188696,0.31488778559072633
5247,0.5697,5,29,5,523991,152453,56178,70078,1.207491129134457,0.3149134277920829
5248,0.5698,4,25,4,524016,152428,56182,70074,1.2072931187428717,0.31493649495285436
5249,0.5699,0,3,0,524019,152425,56182,70074,1.2072693574958815,0.3149407413067025
5250,0.57,835,3099,835,527118,149326,57017,69239,1.1827239893549613,0.31678905588726464
5251,0.5701,0,5,0,527123,149321,57017,69239,1.1826843872766444,0.31679630307467055
5252,0.5702,8,31,8,527154,149290,57025,69231,1.1824388543910784,0.31681623276481435
5253,0.5703,3,29,3,527183,149261,57028,69228,1.1822091623368394,0.3168489031484423
5254,0.5704,1,4,1,527187,149257,57029,69227,1.1821774806741858,0.3168515772322001
5255,0.5705,5,25,5,527212,149232,57034,69222,1.1819794702826005,0.3168722019280947
5256,0.5706,0,4,0,527216,149228,57034,69222,1.1819477886199468,0.3168780041199359
5257,0.5707,9,54,9,527270,149174,57043,69213,1.1815200861741224,0.3169282054334736
5258,0.5708,25,113,25,527383,149061,57068,69188,1.1806250792041566,0.3170140527562555
5259,0.5709,0,9,0,527392,149052,57068,69188,1.180553795463186,0.31702712609970674
5260,0.571,15,78,15,527470,148974,57083,69173,1.1799360030414396,0.3170935195074881
5261,0.5711,1,8,1,527478,148966,57084,69172,1.1798726397161323,0.3171020179886127
5262,0.5712,5,33,5,527511,148933,57089,69167,1.1796112659992397,0.3171343420449335
5263,0.5713,7,33,7,527544,148900,57096,69160,1.1793498922823469,0.31716041456479865
5264,0.5714,3,13,3,527557,148887,57099,69157,1.1792469268787227,0.31716992900515495
5265,0.5715,4,25,4,527582,148862,57103,69153,1.1790489164871372,0.3171937710707979
5266,0.5716,1,10,1,527592,148852,57104,69152,1.1789697123305032,0.3172051888956166
5267,0.5717,70,303,70,527895,148549,57174,69082,1.1765698263844886,0.3174272047640272
5268,0.5718,2,15,2,527910,148534,57176,69080,1.1764510201495375,0.31744281158381354
5269,0.5719,2,5,2,527915,148529,57178,69078,1.1764114180712204,0.3174438322296617
5270,0.572,10,67,10,527982,148462,57188,69068,1.1758807502217716,0.31751022847423344
5271,0.5721,3,10,3,527992,148452,57191,69065,1.1758015460651374,0.31751541258844135
5272,0.5722,8,13,8,528005,148439,57199,69057,1.1756985806615132,0.3175092875271269
5273,0.5723,7,39,7,528044,148400,57206,69050,1.17538968445064,0.31754426304897676
5274,0.5724,2,6,2,528050,148394,57208,69048,1.1753421619566595,0.3175467480983435
5275,0.5725,65,272,65,528322,148122,57273,68983,1.1731878088962109,0.31774026392759264
5276,0.5726,2,10,2,528332,148112,57275,68981,1.1731086047395767,0.3177486146490214
5277,0.5727,8,45,8,528377,148067,57283,68973,1.1727521860347232,0.3177893475856985
5278,0.5728,5,12,5,528389,148055,57288,68968,1.172657141046762,0.31779120185418136
5279,0.5729,2,12,2,528401,148043,57290,68966,1.1725620960588012,0.3178024874544374
5280,0.573,9,44,9,528445,147999,57299,68957,1.1722135977696109,0.31783864009292206
5281,0.5731,3,7,3,528452,147992,57302,68954,1.172158154859967,0.31783946235468735
5282,0.5732,5,23,5,528475,147969,57307,68949,1.1719759852997085,0.31785743921666254
5283,0.5733,138,501,138,528976,147468,57445,68811,1.168007857052338,0.31815848972854505
5284,0.5734,1,2,1,528978,147466,57446,68810,1.1679920162210113,0.3181582792357913
5285,0.5735,4,35,4,529013,147431,57450,68806,1.1677148016727918,0.318197163297678
5286,0.5736,1,9,1,529022,147422,57451,68805,1.167643517931821,0.31820725441318615
5287,0.5737,7,25,7,529047,147397,57458,68798,1.1674455075402357,0.318221975531349
5288,0.5738,6,30,6,529077,147367,57464,68792,1.1672078950703333,0.31824721616957885
5289,0.5739,0,4,0,529081,147363,57464,68792,1.1671762134076797,0.31825310541046936
5290,0.574,30,106,30,529187,147257,57494,68762,1.1663366493473577,0.31831459269786455
5291,0.5741,2,2,2,529189,147255,57496,68760,1.1663208085160308,0.31831122838691756
5292,0.5742,25,112,25,529301,147143,57521,68735,1.1654337219617286,0.31839742817702593
5293,0.5743,10,37,10,529338,147106,57531,68725,1.1651406665821822,0.3184204308000241
5294,0.5744,3,6,3,529344,147100,57534,68722,1.1650931440882017,0.3184198089166072
5295,0.5745,2,30,2,529374,147070,57536,68720,1.1648555316182994,0.3184577598591223
5296,0.5746,1,12,1,529386,147058,57537,68719,1.1647604866303383,0.31847231169216367
5297,0.5747,10,27,10,529413,147031,57547,68709,1.164546635407426,0.31848057847408917
5298,0.5748,3,14,3,529427,147017,57550,68706,1.1644357495881383,0.3184917695377869
5299,0.5749,1,11,1,529438,147006,57551,68705,1.1643486250158408,0.3185048513983988
5300,0.575,257,998,257,530436,146008,57808,68448,1.1564440501837536,0.3191703659491924
5301,0.5751,0,9,0,530445,145999,57808,68448,1.156372766442783,0.31918376102253704
5302,0.5752,8,31,8,530476,145968,57816,68440,1.156127233557217,0.31920450729450395
5303,0.5753,4,31,4,530507,145937,57820,68436,1.1558817006716513,0.3192379637361048
5304,0.5754,2,13,2,530520,145924,57822,68434,1.1557787352680269,0.31925097267188535
5305,0.5755,5,30,5,530550,145894,57827,68429,1.1555411227981245,0.3192797786518479
5306,0.5756,0,7,0,530557,145887,57827,68429,1.1554856798884805,0.31929020698407956
5307,0.5757,9,54,9,530611,145833,57836,68420,1.1550579774426561,0.3193420862251637
5308,0.5758,20,97,20,530708,145736,57856,68400,1.154289697123305,0.31942317032166473
5309,0.5759,1,6,1,530714,145730,57857,68399,1.1542421746293245,0.31942894236651737
5310,0.576,23,100,23,530814,145630,57880,68376,1.1534501330629832,0.31950506060577744
5311,0.5761,2,2,2,530816,145628,57882,68374,1.1534342922316563,0.31950168690012243
5312,0.5762,5,18,5,530834,145610,57887,68369,1.153291724749715,0.3195126624575309
5313,0.5763,11,31,11,530865,145579,57898,68358,1.153046191864149,0.3195239720104517
5314,0.5764,4,11,4,530876,145568,57902,68354,1.1529590672918515,0.319527678312656
5315,0.5765,6,22,6,530898,145546,57908,68348,1.1527848181472564,0.3195414551132804
5316,0.5766,0,3,0,530901,145543,57908,68348,1.1527610569002662,0.31954593694919375
5317,0.5767,123,556,123,531457,144987,58031,68225,1.1483573057914078,0.3199866799242069
5318,0.5768,5,17,5,531474,144970,58036,68220,1.1482226587251299,0.3199962474787748
5319,0.5769,2,8,2,531482,144962,58038,68218,1.1481592953998225,0.3200018763486256
5320,0.577,5,44,5,531526,144918,58043,68213,1.1478107971106324,0.32005198680623653
5321,0.5771,8,32,8,531558,144886,58051,68205,1.147557343809403,0.3200745221525076
5322,0.5772,2,15,2,531573,144871,58053,68203,1.1474385375744518,0.32009067272403013
5323,0.5773,11,34,11,531607,144837,58064,68192,1.1471692434418959,0.32010665214595196
5324,0.5774,1,6,1,531613,144831,58065,68191,1.1471217209479154,0.32011247664560466
5325,0.5775,83,251,83,531864,144580,58148,68108,1.1451336966163985,0.3202249304145039
5326,0.5776,3,6,3,531870,144574,58151,68105,1.1450861741224179,0.3202243757023496
5327,0.5777,7,34,7,531904,144540,58158,68098,1.144816879989862,0.32025320027464516
5328,0.5778,2,19,2,531923,144521,58160,68096,1.144666392092257,0.32027542482491994
5329,0.5779,3,6,3,531929,144515,58163,68093,1.1446188695982764,0.3202748720650211
5330,0.578,16,81,16,532010,144434,58179,68077,1.1439773159295399,0.32034577033659434
5331,0.5781,2,3,2,532013,144431,58181,68075,1.1439535546825497,0.3203438961723434
5332,0.5782,3,21,3,532034,144410,58184,68072,1.1437872259536181,0.3203659604107642
5333,0.5783,71,265,71,532299,144145,58255,68001,1.1416883158028133,0.32053868562216586
5334,0.5784,1,8,1,532307,144137,58256,68000,1.141624952477506,0.32054757067366846
5335,0.5785,9,36,9,532343,144101,58265,67991,1.1413398175136231,0.3205731475020274
5336,0.5786,6,7,6,532350,144094,58271,67985,1.1412843746039791,0.32056450662253216
5337,0.5787,6,31,6,532381,144063,58277,67979,1.1410388417184134,0.3205921468388338
5338,0.5788,3,21,3,532402,144042,58280,67976,1.1408725129894817,0.32061428746615855
5339,0.5789,0,2,0,532404,144040,58280,67976,1.1408566721581548,0.3206173119009886
5340,0.579,18,59,18,532463,143981,58298,67958,1.1403893676340133,0.32064886594727726
5341,0.5791,0,7,0,532470,143974,58298,67958,1.1403339247243696,0.32065945680690033
5342,0.5792,23,107,23,532577,143867,58321,67935,1.1394864402483842,0.3207476794364548
5343,0.5793,9,43,9,532620,143824,58330,67926,1.1391458623748574,0.32078394332939786
5344,0.5794,1,6,1,532626,143818,58331,67925,1.139098339880877,0.3207898254015481
5345,0.5795,3,25,3,532651,143793,58334,67922,1.1389003294892917,0.3208180809106582
5346,0.5796,4,7,4,532658,143786,58338,67918,1.1388448865796477,0.3208158561009712
5347,0.5797,7,28,7,532686,143758,58345,67911,1.1386231149410722,0.3208358333057746
5348,0.5798,7,18,7,532704,143740,58352,67904,1.1384805474591306,0.32084065695224057
5349,0.5799,3,8,3,532712,143732,58355,67901,1.1384171841338233,0.3208431577305997
5350,0.58,839,3073,839,535785,140659,59194,67062,1.1140777468001521,0.3228465104635545
5351,0.5801,3,7,3,535792,140652,59197,67059,1.1140223038905082,0.3228476103817323
5352,0.5802,1,24,1,535816,140628,59198,67058,1.1138322139145862,0.3228816578873877
5353,0.5803,4,24,4,535840,140604,59202,67054,1.1136421239386642,0.3229059318687457
5354,0.5804,0,6,0,535846,140598,59202,67054,1.1135946014446838,0.3229152620730838
5355,0.5805,4,21,4,535867,140577,59206,67050,1.113428272715752,0.32293487841176727
5356,0.5806,2,7,2,535874,140570,59208,67048,1.1133728298061083,0.32293924418884684
5357,0.5807,14,43,14,535917,140527,59222,67034,1.1130322519325815,0.3229604790880753
5358,0.5808,30,100,30,536017,140427,59252,67004,1.11224021036624,0.3230182566733034
5359,0.5809,0,1,0,536018,140426,59252,67004,1.1122322899505765,0.32301981391312734
5360,0.581,14,50,14,536068,140376,59266,66990,1.111836269167406,0.3230519950232921
5361,0.5811,6,12,6,536080,140364,59272,66984,1.1117412241794449,0.3230511024943573
5362,0.5812,1,21,1,536101,140343,59273,66983,1.1115748954505131,0.3230805591194544
5363,0.5813,10,40,10,536141,140303,59283,66973,1.1112580788239768,0.32311024913641717
5364,0.5814,0,5,0,536146,140298,59283,66973,1.1112184767456597,0.3231180435275557
5365,0.5815,7,38,7,536184,140260,59290,66966,1.11091750095045,0.3231544304286142
5366,0.5816,1,8,1,536192,140252,59291,66965,1.1108541376251426,0.3231636400488377
5367,0.5817,71,276,71,536468,139976,59362,66894,1.1086681029020402,0.32336249818726737
5368,0.5818,3,24,3,536492,139952,59365,66891,1.1084780129261185,0.32339020416451125
5369,0.5819,0,8,0,536500,139944,59365,66891,1.1084146496008112,0.3234027123069113
5370,0.582,19,68,19,536568,139876,59384,66872,1.1078760613356988,0.3234469015419738
5371,0.5821,2,11,2,536579,139865,59386,66870,1.1077889367634013,0.3234575664498029
5372,0.5822,7,20,7,536599,139845,59393,66863,1.107630528450133,0.32346595197089617
5373,0.5823,2,38,2,536637,139807,59395,66861,1.1073295526549234,0.3235188805233515
5374,0.5824,2,10,2,536647,139797,59397,66859,1.1072503484982892,0.32352798854134407
5375,0.5825,67,282,67,536929,139515,59464,66792,1.1050167912812063,0.32375052712704855
5376,0.5826,0,9,0,536938,139506,59464,66792,1.1049455075402357,0.32376465113573566
5377,0.5827,9,43,9,536981,139463,59473,66783,1.1046049296667089,0.3238026434452062
5378,0.5828,3,9,3,536990,139454,59476,66780,1.1045336459257382,0.32380693775032243
5379,0.5829,2,24,2,537014,139430,59478,66778,1.1043435559498163,0.3238380664183737
5380,0.583,13,44,13,537058,139386,59491,66765,1.1039950576606261,0.3238645458911186
5381,0.5831,1,8,1,537066,139378,59492,66764,1.1039316943353188,0.3238738345412386
5382,0.5832,4,21,4,537087,139357,59496,66760,1.103765365606387,0.32389371085354435
5383,0.5833,125,517,125,537604,138840,59621,66635,1.099670510708402,0.3242973597761285
5384,0.5834,1,4,1,537608,138836,59622,66634,1.0996388290457484,0.32430038448435294
5385,0.5835,4,33,4,537641,138803,59626,66630,1.0993774553288556,0.32433932230946344
5386,0.5836,0,5,0,537646,138798,59626,66630,1.0993378532505387,0.3243472165430224
5387,0.5837,7,22,7,537668,138776,59633,66623,1.0991636041059434,0.32435893066665367
5388,0.5838,7,26,7,537694,138750,59640,66616,1.0989576732986948,0.324376966002162
5389,0.5839,3,7,3,537701,138743,59643,66613,1.0989022303890508,0.32437815306102574
5390,0.584,29,117,29,537818,138626,59672,66584,1.0979755417564314,0.3244676185371083
5391,0.5841,1,5,1,537823,138621,59673,66583,1.0979359396781143,0.3244722325100875
5392,0.5842,30,101,30,537924,138520,59703,66553,1.0971359776961096,0.3245332150014873
5393,0.5843,10,39,10,537963,138481,59713,66543,1.0968270814852363,0.32456200249726863
5394,0.5844,2,8,2,537971,138473,59715,66541,1.096763718159929,0.32456807827758105
5395,0.5845,8,24,8,537995,138449,59723,66533,1.096573628184007,0.3245797191948561
5396,0.5846,4,15,4,538010,138434,59727,66529,1.096454821949056,0.3245902919063441
5397,0.5847,15,30,15,538040,138404,59742,66514,1.0962172094791536,0.32458837193413953
5398,0.5848,8,19,8,538059,138385,59750,66506,1.0960667215815485,0.32459210018985707
5399,0.5849,1,6,1,538065,138379,59751,66505,1.096019199087568,0.3245983092872064
5400,0.585,262,922,262,538987,137457,60013,66243,1.0887165758459003,0.32519882179675996
5401,0.5851,0,7,0,538994,137450,60013,66243,1.0886611329362565,0.32520999739804507
5402,0.5852,6,26,6,539020,137424,60019,66237,1.0884552021290077,0.32523163492273927
5403,0.5853,5,33,5,539053,137391,60024,66232,1.088193828412115,0.32526777426911496
5404,0.5854,2,2,2,539055,137389,60026,66230,1.0881779875807882,0.325264341736282
5405,0.5855,1,27,1,539082,137362,60027,66229,1.087964136357876,0.32530416374004745
5406,0.5856,2,8,2,539090,137354,60029,66227,1.0879007730325687,0.3253103187429082
5407,0.5857,8,52,8,539142,137302,60037,66219,1.0874889114180712,0.32536691545344215
5408,0.5858,24,77,24,539219,137225,60061,66195,1.0868790394119883,0.3254104807786845
5409,0.5859,5,4,5,539223,137221,60066,66190,1.0868473577493347,0.3254002979189916
5410,0.586,29,114,29,539337,137107,60095,66161,1.0859444303637056,0.32548654977664954
5411,0.5861,4,9,4,539346,137098,60099,66157,1.0858731466227347,0.32548768787975696
5412,0.5862,3,27,3,539373,137071,60102,66154,1.0856592953998225,0.3255209742895805
5413,0.5863,9,39,9,539412,137032,60111,66145,1.0853503991889495,0.3255535813600949
5414,0.5864,0,8,0,539420,137024,60111,66145,1.0852870358636422,0.32556640038588563
5415,0.5865,5,21,5,539441,137003,60116,66140,1.0851207071347104,0.3255834559891308
5416,0.5866,1,9,1,539450,136994,60117,66139,1.0850494233937398,0.32559456119882046
5417,0.5867,141,543,141,539993,136451,60258,65998,1.0807486376885058,0.32599815262115395
5418,0.5868,5,20,5,540013,136431,60263,65993,1.0805902293752376,0.3260137137888788
5419,0.5869,1,6,1,540019,136425,60264,65992,1.0805427068812572,0.3260200477232644
5420,0.587,12,38,12,540057,136387,60276,65980,1.0802417310860475,0.3260413012002945
5421,0.5871,3,11,3,540068,136376,60279,65977,1.08015460651375,0.32604903312528105
5422,0.5872,3,16,3,540084,136360,60282,65974,1.0800278798631353,0.3260648235096425
5423,0.5873,10,44,10,540128,136316,60292,65964,1.079679381573945,0.32610243227209806
5424,0.5874,2,9,2,540137,136307,60294,65962,1.0796080978329743,0.3261102788860379
5425,0.5875,72,256,72,540393,136051,60366,65890,1.0775804714231403,0.3262834194145815
5426,0.5876,1,5,1,540398,136046,60367,65889,1.0775408693448232,0.3262881620323371
5427,0.5877,7,29,7,540427,136017,60374,65882,1.0773111772905841,0.32631167068682854
5428,0.5878,4,21,4,540448,135996,60378,65878,1.0771448485616526,0.3263322666613828
5429,0.5879,3,7,3,540455,135989,60381,65875,1.0770894056520086,0.3263335711171878
5430,0.588,19,79,19,540534,135910,60400,65856,1.076463692814599,0.32639790648573097
5431,0.5881,1,11,1,540545,135899,60401,65855,1.0763765682423014,0.3264123635714781
5432,0.5882,4,24,4,540569,135875,60405,65851,1.0761864782663795,0.32643784142847226
5433,0.5883,57,247,57,540816,135628,60462,65794,1.0742301355975161,0.32664753601890556
5434,0.5884,0,10,0,540826,135618,60462,65794,1.074150931440882,0.32666375389748376
5435,0.5885,4,33,4,540859,135585,60466,65790,1.0738895577239893,0.32670391061452514
5436,0.5886,2,10,2,540869,135575,60468,65788,1.0738103535673553,0.3267134478528826
5437,0.5887,8,21,8,540890,135554,60476,65780,1.0736440248384236,0.32672077244777337
5438,0.5888,1,11,1,540901,135543,60477,65779,1.073556900266126,0.3267352798005186
5439,0.5889,2,10,2,540911,135533,60479,65777,1.0734776961094918,0.32674482141970096
5440,0.589,19,53,19,540964,135480,60498,65758,1.0730579140793308,0.3267673103489401
5441,0.5891,0,7,0,540971,135473,60498,65758,1.073002471169687,0.3267786772415781
5442,0.5892,16,82,16,541053,135391,60514,65742,1.072352997085287,0.3268583474616299
5443,0.5893,6,44,6,541097,135347,60520,65736,1.0720044987960968,0.32690978352222716
5444,0.5894,3,11,3,541108,135336,60523,65733,1.0719173742237993,0.32691762529280993
5445,0.5895,7,13,7,541121,135323,60530,65726,1.0718144088201749,0.3269153290988764
5446,0.5896,5,11,5,541132,135312,60535,65721,1.0717272842478773,0.32691647639939714
5447,0.5897,7,25,7,541157,135287,60542,65714,1.071529273856292,0.32693369684727935
5448,0.5898,4,16,4,541173,135271,60546,65710,1.0714025472056774,0.3269463282598853
5449,0.5899,1,10,1,541183,135261,60547,65709,1.0713233430490432,0.32695924764890283
5450,0.59,816,2992,816,544175,132269,61363,64893,1.0476254593841086,0.3291354317769144
5451,0.5901,2,6,2,544181,132263,61365,64891,1.047577936890128,0.3291386428883005
5452,0.5902,1,23,1,544204,132240,61366,64890,1.0473957673298695,0.3291736417592452
5453,0.5903,6,16,6,544220,132224,61372,64884,1.0472690406792549,0.32917994196075245
5454,0.5904,2,8,2,544228,132216,61374,64882,1.0472056773539475,0.32918649605779865
5455,0.5905,2,20,2,544248,132196,61376,64880,1.0470472690406794,0.32921309545556027
5456,0.5906,2,10,2,544258,132186,61378,64878,1.0469680648840451,0.3292229935452442
5457,0.5907,9,49,9,544307,132137,61387,64869,1.046579964516538,0.3292742353024781
5458,0.5908,26,104,26,544411,132033,61413,64843,1.0457562412875427,0.32935959690363475
5459,0.5909,1,2,1,544413,132031,61414,64842,1.0457404004562159,0.32935953635084547
5460,0.591,12,59,12,544472,131972,61426,64830,1.0452730959320746,0.3294173839696751
5461,0.5911,1,7,1,544479,131965,61427,64829,1.0452176530224306,0.3294256938727807
5462,0.5912,2,18,2,544497,131947,61429,64827,1.0450750855404891,0.32944901257279924
5463,0.5913,6,44,6,544541,131903,61435,64821,1.044726587251299,0.329502246802627
5464,0.5914,3,13,3,544554,131890,61438,64818,1.0446236218476745,0.32951379710027046
5465,0.5915,13,19,13,544573,131871,61451,64805,1.0444731339500697,0.32950131180215175
5466,0.5916,1,10,1,544583,131861,61452,64804,1.0443939297934355,0.32951465690387205
5467,0.5917,54,247,54,544830,131614,61506,64750,1.0424375871245724,0.3297447597319264
5468,0.5918,4,22,4,544852,131592,61510,64746,1.0422633379799773,0.3297680530513706
5469,0.5919,2,7,2,544859,131585,61512,64744,1.0422078950703333,0.3297729831048903
5470,0.592,10,67,10,544926,131518,61522,64734,1.0416772272208845,0.3298514155269755
5471,0.5921,2,8,2,544934,131510,61524,64732,1.0416138638955772,0.3298580324293474
5472,0.5922,3,14,3,544948,131496,61527,64729,1.0415029780762894,0.3298713211874124
5473,0.5923,9,36,9,544984,131460,61536,64720,1.0412178431124066,0.32990111122438576
5474,0.5924,3,12,3,544996,131448,61539,64717,1.0411227981244455,0.32991104427395307
5475,0.5925,58,277,58,545273,131171,61597,64659,1.0389288429856798,0.33017923709339736
5476,0.5926,4,12,4,545285,131159,61601,64655,1.038833797997719,0.3301857885544445
5477,0.5927,7,44,7,545329,131115,61608,64648,1.0384852997085288,0.3302360507348171
5478,0.5928,3,14,3,545343,131101,61611,64645,1.038374413889241,0.3302494048409674
5479,0.5929,2,28,2,545371,131073,61613,64643,1.0381526422506653,0.3302898076805167
5480,0.593,9,38,9,545409,131035,61622,64634,1.0378516664554556,0.3303231477648478
5481,0.5931,0,5,0,545414,131030,61622,64634,1.0378120643771385,0.3303315888461853
5482,0.5932,5,23,5,545437,131007,61627,64629,1.03762989481688,0.33035330920689443
5483,0.5933,119,491,119,545928,130516,61746,64510,1.0337409707261438,0.33077640929927293
5484,0.5934,0,5,0,545933,130511,61746,64510,1.0337013686478267,0.330784889832377
5485,0.5935,5,22,5,545955,130489,61751,64505,1.0335271195032316,0.3308050504118075
5486,0.5936,2,7,2,545962,130482,61753,64503,1.0334716765935876,0.33081006231248555
5487,0.5937,1,22,1,545984,130460,61754,64502,1.0332974274489926,0.3308439593356654
5488,0.5938,9,28,9,546012,130432,61763,64493,1.0330756558104168,0.33086058740541235
5489,0.5939,5,13,5,546025,130419,61768,64488,1.0329726904067926,0.33086548969508534
5490,0.594,18,109,18,546134,130310,61786,64470,1.0321093650994804,0.3309888078858199
5491,0.5941,2,7,2,546141,130303,61788,64468,1.0320539221898366,0.33099383378429026
5492,0.5942,27,83,27,546224,130220,61815,64441,1.0313965276897732,0.3310421707481211
5493,0.5943,9,41,9,546265,130179,61824,64432,1.0310717906475733,0.3310809769231955
5494,0.5944,3,5,3,546270,130174,61827,64429,1.0310321885692562,0.3310791714413447
5495,0.5945,5,23,5,546293,130151,61832,64424,1.0308500190089975,0.3311011178208917
5496,0.5946,0,9,0,546302,130142,61832,64424,1.0307787352680269,0.33111643349814457
5497,0.5947,10,38,10,546340,130104,61842,64414,1.0304777594728172,0.3311467319219815
5498,0.5948,3,14,3,546354,130090,61845,64411,1.0303668736535294,0.33116025110410746
5499,0.5949,3,14,3,546368,130076,61848,64408,1.0302559878342414,0.3311737726496781
5500,0.595,235,888,235,547256,129188,62083,64173,1.0232226587251299,0.33188181691240737
5501,0.5951,1,11,1,547267,129177,62084,64172,1.0231355341528323,0.3318972428096344
5502,0.5952,7,26,7,547293,129151,62091,64165,1.0229296033455835,0.33191768917213266
5503,0.5953,7,30,7,547323,129121,62098,64158,1.022691990875681,0.33194501213272004
5504,0.5954,1,7,1,547330,129114,62099,64157,1.0226365479660373,0.33195357813639914
5505,0.5955,6,26,6,547356,129088,62105,64151,1.0224306171587885,0.33197749936607
5506,0.5956,1,5,1,547361,129083,62106,64150,1.0223910150804714,0.33198263236610726
5507,0.5957,10,37,10,547398,129046,62116,64140,1.0220979597009252,0.33201163645398735
5508,0.5958,21,87,21,547485,128959,62137,64119,1.021408883538208,0.3320885859600783
5509,0.5959,2,2,2,547487,128957,62139,64117,1.0213930427068814,0.33208510726457213
5510,0.596,28,98,28,547585,128859,62167,64089,1.0206168419718666,0.3321568505504074
5511,0.5961,0,5,0,547590,128854,62167,64089,1.0205772398935495,0.33216545819231585
5512,0.5962,5,26,5,547616,128828,62172,64084,1.020371309086301,0.3321929169776893
5513,0.5963,9,18,9,547634,128810,62181,64075,1.0202287416043594,0.33219275734245796
5514,0.5964,1,8,1,547642,128802,62182,64074,1.020165378279052,0.33220307347726
5515,0.5965,6,27,6,547669,128775,62188,64068,1.01995152705614,0.3322288078903564
5516,0.5966,4,0,4,547669,128775,62192,64064,1.01995152705614,0.3322149565181317
5517,0.5967,131,453,131,548122,128322,62323,63933,1.0163635787606133,0.332542716704377
5518,0.5968,4,27,4,548149,128295,62327,63929,1.0161497275377012,0.33257553687364744
5519,0.5969,2,3,2,548152,128292,62329,63927,1.016125966290711,0.33257378302873286
5520,0.597,3,27,3,548179,128265,62332,63924,1.0159121150677988,0.33261008694566285
5521,0.5971,5,13,5,548192,128252,62337,63919,1.0158091496641743,0.33261522290043766
5522,0.5972,5,26,5,548218,128226,62342,63914,1.0156032188569255,0.3326428645779119
5523,0.5973,13,36,13,548254,128190,62355,63901,1.0153180838930427,0.3326600413345758
5524,0.5974,5,11,5,548265,128179,62360,63896,1.0152309593207451,0.33266172068202526
5525,0.5975,62,225,62,548490,127954,62422,63834,1.013448865796477,0.33283625670010636
5526,0.5976,2,10,2,548500,127944,62424,63832,1.0133696616398429,0.33284665443016853
5527,0.5977,9,34,9,548534,127910,62433,63823,1.0131003675072867,0.3328743617426317
5528,0.5978,10,16,10,548550,127894,62443,63813,1.012973640856672,0.33286734443708366
5529,0.5979,1,8,1,548558,127886,62444,63812,1.0129102775313648,0.3328777556364699
5530,0.598,12,85,12,548643,127801,62456,63800,1.0122370421999747,0.33298364831081256
5531,0.5981,1,5,1,548648,127796,62457,63799,1.0121974401216576,0.3329888567029411
5532,0.5982,3,20,3,548668,127776,62460,63796,1.0120390318083894,0.3330131752030568
5533,0.5983,64,235,64,548903,127541,62524,63732,1.010177734127487,0.33319914467802564
5534,0.5984,1,6,1,548909,127535,62525,63731,1.0101302116335065,0.3332061108613136
5535,0.5985,10,21,10,548930,127514,62535,63721,1.0099638829045747,0.3332078332941146
5536,0.5986,6,17,6,548947,127497,62541,63715,1.0098292358382968,0.33321653452712174
5537,0.5987,8,30,8,548977,127467,62549,63707,1.0095916233683944,0.3332409218826828
5538,0.5988,1,20,1,548997,127447,62550,63706,1.0094332150551262,0.33327230019931675
5539,0.5989,4,10,4,549007,127437,62554,63702,1.009354010898492,0.33327578359204557
5540,0.599,18,61,18,549068,127376,62572,63684,1.0088708655430236,0.33331937611221607
5541,0.5991,0,3,0,549071,127373,62572,63684,1.0088471042960334,0.3333246099331613
5542,0.5992,21,96,21,549167,127277,62593,63663,1.0080867443923458,0.33341887503927936
5543,0.5993,11,42,11,549209,127235,62604,63652,1.0077540869344823,0.3334538234662392
5544,0.5994,0,5,0,549214,127230,62604,63652,1.0077144848561652,0.3334625580201381
5545,0.5995,3,34,3,549248,127196,62607,63649,1.0074451907236093,0.333511488380623
5546,0.5996,3,9,3,549257,127187,62610,63646,1.0073739069826384,0.333516739767231
5547,0.5997,8,24,8,549281,127163,62618,63638,1.0071838170067164,0.33353074669419974
5548,0.5998,6,27,6,549308,127136,62624,63632,1.0069699657838043,0.3335569906902625
5549,0.5999,3,11,3,549319,127125,62627,63629,1.0068828412115067,0.33356574436184827
5550,0.6,811,2753,811,552072,124372,63438,62818,0.985077936890128,0.3355841658208238
5551,0.6001,1,12,1,552084,124360,63439,62817,0.984982891902167,0.33560213060365324
5552,0.6002,6,22,6,552106,124338,63445,62811,0.984808642757572,0.3356202811663434
5553,0.6003,5,22,5,552128,124316,63450,62806,0.9846343936129768,0.33564198758029523
5554,0.6004,3,10,3,552138,124306,63453,62803,0.9845551894563427,0.33564927395261585
5555,0.6005,7,18,7,552156,124288,63460,62796,0.9844126219744013,0.33565671035470696
5556,0.6006,1,3,1,552159,124285,63461,62795,0.9843888607274109,0.33565854180029936
5557,0.6007,10,36,10,552195,124249,63471,62785,0.9841037257635281,0.33568762898724297
5558,0.6008,31,84,31,552279,124165,63502,62754,0.9834384108478013,0.33572831012363646
5559,0.6009,0,2,0,552281,124163,63502,62754,0.9834225700164745,0.33573190239518075
5560,0.601,12,68,12,552349,124095,63514,62742,0.9828839817513623,0.33581142921369966
5561,0.6011,3,7,3,552356,124088,63517,62739,0.9828285388417184,0.33581334603670776
5562,0.6012,6,16,6,552372,124072,63523,62733,0.9827018121911038,0.33582077567516927
5563,0.6013,12,32,12,552404,124040,63535,62721,0.9824483588898746,0.3358356402032544
5564,0.6014,3,8,3,552412,124032,63538,62718,0.9823849955645673,0.3358393574297189
5565,0.6015,5,21,5,552433,124011,63543,62713,0.9822186668356355,0.3358593432017309
5566,0.6016,1,3,1,552436,124008,63544,62712,0.9821949055886453,0.3358611825192802
5567,0.6017,66,261,66,552697,123747,63610,62646,0.9801276771004942,0.33609631262976614
5568,0.6018,5,23,5,552720,123724,63615,62641,0.9799455075402357,0.3361199796099053
5569,0.6019,1,2,1,552722,123722,63616,62640,0.9799296667089089,0.33612002446850753
5570,0.602,23,62,23,552784,123660,63639,62617,0.9794386009377772,0.33614992725886716
5571,0.6021,4,10,4,552794,123650,63643,62613,0.979359396781143,0.33615371812974126
5572,0.6022,2,19,2,552813,123631,63645,62611,0.9792089088835382,0.3361808829372537
5573,0.6023,2,35,2,552848,123596,63647,62609,0.9789316943353187,0.3362369431540506
5574,0.6024,1,12,1,552860,123584,63648,62608,0.9788366493473577,0.3362550485520323
5575,0.6025,61,222,61,553082,123362,63709,62547,0.9770783170700799,0.3364387953245943
5576,0.6026,3,4,3,553086,123358,63712,62544,0.9770466354074262,0.33643532613957894
5577,0.6027,5,26,5,553112,123332,63717,62539,0.9768407046001775,0.336464537232812
5578,0.6028,5,14,5,553126,123318,63722,62534,0.9767298187808896,0.3364720315089426
5579,0.6029,4,7,4,553133,123311,63726,62530,0.9766743758712457,0.33647042364171525
5580,0.603,8,46,8,553179,123265,63734,62522,0.9763100367507287,0.3365251605332989
5581,0.6031,3,9,3,553188,123256,63737,62519,0.9762387530097579,0.336530749562643
5582,0.6032,4,28,4,553216,123228,63741,62515,0.9760169813711823,0.33656719230334387
5583,0.6033,139,467,139,553683,122761,63880,62376,0.972318147256368,0.3369180660807942
5584,0.6034,0,7,0,553690,122754,63880,62376,0.9722627043467241,0.33693080538000325
5585,0.6035,4,25,4,553715,122729,63884,62372,0.9720646939551387,0.3369619829174343
5586,0.6036,2,9,2,553724,122720,63886,62370,0.9719934102141681,0.336971203198444
5587,0.6037,10,30,10,553754,122690,63896,62360,0.9717557977442656,0.33699000270197244
5588,0.6038,1,20,1,553774,122670,63897,62359,0.9715973894309974,0.33702284506752994
5589,0.6039,1,10,1,553784,122660,63898,62358,0.9715181852743632,0.337037477434628
5590,0.604,22,85,22,553869,122575,63920,62336,0.970844949942973,0.33711353029295177
5591,0.6041,0,3,0,553872,122572,63920,62336,0.9708211886959828,0.33711899971877907
5592,0.6042,21,87,21,553959,122485,63941,62315,0.9701321125332657,0.337202380952381
5593,0.6043,7,45,7,554004,122440,63948,62308,0.9697756938284121,0.3372594019962327
5594,0.6044,0,7,0,554011,122433,63948,62308,0.9697202509187682,0.33727218105347484
5595,0.6045,2,14,2,554025,122419,63950,62306,0.9696093650994804,0.33729056705914195
5596,0.6046,1,4,1,554029,122415,63951,62305,0.9695776834368267,0.3372942832394976
5597,0.6047,7,27,7,554056,122388,63958,62298,0.9693638322139145,0.33731847568305123
5598,0.6048,6,22,6,554078,122366,63964,62292,0.9691895830693195,0.3373371313455144
5599,0.6049,1,8,1,554086,122358,63965,62291,0.9691262197440121,0.337348157856257
5600,0.605,255,865,255,554951,121493,64220,62036,0.9622750601951591,0.33801742503909465
5601,0.6051,3,10,3,554961,121483,64223,62033,0.9621958560385249,0.3380250223413762
5602,0.6052,9,20,9,554981,121463,64232,62024,0.9620374477252566,0.33802939717800173
5603,0.6053,9,19,9,555000,121444,64241,62015,0.9618869598276517,0.3380319308401332
5604,0.6054,0,6,0,555006,121438,64241,62015,0.9618394373336713,0.3380429864870021
5605,0.6055,4,29,4,555035,121409,64245,62011,0.9616097452794322,0.338081997601134
5606,0.6056,2,6,2,555041,121403,64247,62009,0.9615622227854518,0.3380858395306741
5607,0.6057,5,33,5,555074,121370,64252,62004,0.9613008490685592,0.33812863328498044
5608,0.6058,23,75,23,555149,121295,64275,61981,0.9607068178938031,0.3381839411597809
5609,0.6059,3,8,3,555157,121287,64278,61978,0.9606434545684958,0.3381878700242818
5610,0.606,21,83,21,555240,121204,64299,61957,0.9599860600684323,0.33826524205480424
5611,0.6061,1,13,1,555253,121191,64300,61956,0.959883094664808,0.33828563940441286
5612,0.6062,3,18,3,555271,121173,64303,61953,0.9597405271828665,0.33830805019494775
5613,0.6063,4,14,4,555285,121159,64307,61949,0.9596296413635788,0.3383194617384276
5614,0.6064,2,9,2,555294,121150,64309,61947,0.959558357622608,0.3383288639355096
5615,0.6065,3,21,3,555315,121129,64312,61944,0.9593920288936764,0.33835683033543995
5616,0.6066,2,8,2,555323,121121,64314,61942,0.959328665568369,0.3383643882160786
5617,0.6067,141,484,141,555807,120637,64455,61801,0.9554951843872767,0.3387506988675605
5618,0.6068,5,27,5,555834,120610,64460,61796,0.9552813331643645,0.3387827154808504
5619,0.6069,6,12,6,555846,120598,64466,61790,0.9551862881764035,0.3387832532842073
5620,0.607,8,29,8,555875,120569,64474,61782,0.9549565961221644,0.3388081227961459
5621,0.6071,3,7,3,555882,120562,64477,61779,0.9549011532125206,0.3388102511228961
5622,0.6072,4,24,4,555906,120538,64481,61775,0.9547110632365987,0.33884034599836543
5623,0.6073,9,47,9,555953,120491,64490,61766,0.9543388037004182,0.33889507673230657
5624,0.6074,3,7,3,555960,120484,64493,61763,0.9542833607907742,0.33889721092802627
5625,0.6075,71,257,71,556217,120227,64564,61692,0.9522478139652769,0.3391179590916837
5626,0.6076,2,10,2,556227,120217,64566,61690,0.9521686098086427,0.3391293353196963
5627,0.6077,9,22,9,556249,120195,64575,61681,0.9519943606640476,0.33913765422595615
5628,0.6078,4,10,4,556259,120185,64579,61677,0.9519151565074135,0.33914176683419295
5629,0.6079,1,3,1,556262,120182,64580,61676,0.9518913952604232,0.33914372752367233
5630,0.608,17,48,17,556310,120134,64597,61659,0.9515112153085794,0.339171475249322
5631,0.6081,4,6,4,556316,120128,64601,61655,0.9514636928145989,0.3391681290329679
5632,0.6082,6,22,6,556338,120106,64607,61649,0.9512894436700038,0.33918736761024454
5633,0.6083,65,241,65,556579,119865,64672,61584,0.949380623495121,0.3394011540432849
5634,0.6084,1,5,1,556584,119860,64673,61583,0.949341021416804,0.3394068660681316
5635,0.6085,11,29,11,556613,119831,64684,61572,0.9491113293625649,0.33942106800879807
5636,0.6086,2,7,2,556620,119824,64686,61570,0.949055886452921,0.33942688291784734
5637,0.6087,6,19,6,556639,119805,64692,61564,0.9489053985553162,0.33944058797258625
5638,0.6088,4,17,4,556656,119788,64696,61560,0.9487707514890381,0.3394578379689878
5639,0.6089,1,9,1,556665,119779,64697,61559,0.9486994677480675,0.33947104302462805
5640,0.609,15,49,15,556714,119730,64712,61544,0.9483113673805601,0.33950814788662464
5641,0.6091,0,3,0,556717,119727,64712,61544,0.9482876061335699,0.33951376668082595
5642,0.6092,22,75,22,556792,119652,64734,61522,0.9476935749588138,0.33957411107554064
5643,0.6093,7,28,7,556820,119624,64741,61515,0.9474718033202383,0.33960107983371884
5644,0.6094,2,8,2,556828,119616,64743,61513,0.947408439994931,0.3396087871075311
5645,0.6095,4,20,4,556848,119596,64747,61509,0.9472500316816627,0.33963170536429144
5646,0.6096,0,4,0,556852,119592,64747,61509,0.947218350019009,0.33963920685142546
5647,0.6097,6,28,6,556880,119564,64753,61503,0.9469965783804334,0.3396698459686194
5648,0.6098,3,19,3,556899,119545,64756,61500,0.9468460904828285,0.33969455107846114
5649,0.6099,1,7,1,556906,119538,64757,61499,0.9467906475731847,0.33970403840098984
5650,0.61,844,2803,844,559709,116735,65601,60655,0.9245897224686351,0.34193021027115394
5651,0.6101,0,4,0,559713,116731,65601,60655,0.9245580408059815,0.3419379206927266
5652,0.6102,8,23,8,559736,116708,65609,60647,0.924375871245723,0.341952580981647
5653,0.6103,8,20,8,559756,116688,65617,60639,0.9242174629324547,0.3419614610296232
5654,0.6104,3,9,3,559765,116679,65620,60636,0.924146179191484,0.34196768462905
5655,0.6105,7,26,7,559791,116653,65627,60629,0.9239402483842352,0.34199185478503175
5656,0.6106,1,4,1,559795,116649,65628,60628,0.9239085667215815,0.34199585958697404
5657,0.6107,8,43,8,559838,116606,65636,60620,0.9235679888480548,0.34204913500276485
5658,0.6108,24,82,24,559920,116524,65660,60596,0.9229185147636548,0.34211833785004514
5659,0.6109,2,6,2,559926,116518,65662,60594,0.9228709922696743,0.3421224987578481
5660,0.611,11,41,11,559967,116477,65673,60583,0.9225462552274744,0.3421608494295719
5661,0.6111,0,10,0,559977,116467,65673,60583,0.9224670510708401,0.342180175091782
5662,0.6112,5,23,5,560000,116444,65678,60578,0.9222848815105816,0.3422060534848776
5663,0.6113,7,44,7,560044,116400,65685,60571,0.9219363832213915,0.3422651168835572
5664,0.6114,1,11,1,560055,116389,65686,60570,0.921849258649094,0.34228267564803144
5665,0.6115,6,31,6,560086,116358,65692,60564,0.9216037257635281,0.34232034455861904
5666,0.6116,0,4,0,560090,116354,65692,60564,0.9215720441008745,0.3423280841971987
5667,0.6117,56,267,56,560357,116087,65748,60508,0.9194572931187429,0.342637107505875
5668,0.6118,4,15,4,560372,116072,65752,60504,0.9193384868837917,0.3426513229430953
5669,0.6119,2,13,2,560385,116059,65754,60502,0.9192355214801673,0.34266910586143035
5670,0.612,11,65,11,560450,115994,65765,60491,0.9187206944620454,0.3427543417287588
5671,0.6121,1,16,1,560466,115978,65766,60490,0.9185939678114308,0.34278169413151394
5672,0.6122,3,13,3,560479,115965,65769,60487,0.9184910024078063,0.3427957744882461
5673,0.6123,7,24,7,560503,115941,65776,60480,0.9183009124318844,0.3428163313891203
5674,0.6124,6,13,6,560516,115928,65782,60474,0.9181979470282601,0.34281924241221756
5675,0.6125,61,208,61,560724,115720,65843,60413,0.9165505005702699,0.3429964856103058
5676,0.6126,1,11,1,560735,115709,65844,60412,0.9164633759979723,0.34301417775279497
5677,0.6127,11,34,11,560769,115675,65855,60401,0.9161940818654163,0.34303936936322954
5678,0.6128,2,26,2,560795,115649,65857,60399,0.9159881510581676,0.343082568390439
5679,0.6129,2,19,2,560814,115630,65859,60397,0.9158376631605627,0.3431121362063774
5680,0.613,8,32,8,560846,115598,65867,60389,0.9155842098593334,0.343144664094507
5681,0.6131,1,4,1,560850,115594,65868,60388,0.9155525281966798,0.3431487311202282
5682,0.6132,2,17,2,560867,115577,65870,60386,0.9154178811304017,0.3431744173491018
5683,0.6133,125,399,125,561266,115178,65995,60261,0.9122576352806996,0.34348690998010706
5684,0.6134,0,10,0,561276,115168,65995,60261,0.9121784311240654,0.3435064898049923
5685,0.6135,10,22,10,561298,115146,66005,60251,0.9120041819794703,0.3435121467299897
5686,0.6136,0,15,0,561313,115131,66005,60251,0.9118853757445191,0.34354152649644776
5687,0.6137,3,28,3,561341,115103,66008,60248,0.9116636041059435,0.34358515206642676
5688,0.6138,1,28,1,561369,115075,66009,60247,0.9114418324673679,0.3436362806721347
5689,0.6139,1,5,1,561374,115070,66010,60246,0.9114022303890508,0.343642337265281
5690,0.614,24,100,24,561474,114970,66034,60222,0.9106101888227094,0.34374857299420064
5691,0.6141,0,5,0,561479,114965,66034,60222,0.9105705867443924,0.3437583838983486
5692,0.6142,19,84,19,561563,114881,66053,60203,0.9099052718286655,0.34385209385209387
5693,0.6143,11,47,11,561610,114834,66064,60192,0.9095330122924851,0.34390319152583043
5694,0.6144,1,10,1,561620,114824,66065,60191,0.909453808135851,0.3439190926492015
5695,0.6145,6,19,6,561639,114805,66071,60185,0.9093033202382461,0.3439339390822333
5696,0.6146,1,10,1,561649,114795,66072,60184,0.9092241160816119,0.3439498454100206
5697,0.6147,10,24,10,561673,114771,66082,60174,0.9090340261056901,0.34395953013804337
5698,0.6148,4,29,4,561702,114742,66086,60170,0.908804334051451,0.3440015550676912
5699,0.6149,1,5,1,561707,114737,66087,60169,0.9087647319731339,0.3440076383886202
5700,0.615,230,803,230,562510,113934,66317,59939,0.9024046381954125,0.344728623765622
5701,0.6151,2,6,2,562516,113928,66319,59937,0.9023571157014321,0.3447329824864119
5702,0.6152,0,24,0,562540,113904,66319,59937,0.9021670257255101,0.3447805753533401
5703,0.6153,6,17,6,562557,113887,66325,59931,0.902032378659232,0.3447916786523835
5704,0.6154,1,7,1,562564,113880,66326,59930,0.9019769357495881,0.34480179506357517
5705,0.6155,5,20,5,562584,113860,66331,59925,0.9018185274363199,0.3448226256581408
5706,0.6157,5,40,5,562624,113820,66336,59920,0.9015017108097833,0.3448831587429492
5707,0.6158,17,77,17,562701,113743,66353,59903,0.9008918388037004,0.3449719544360365
5708,0.6159,1,10,1,562711,113733,66354,59902,0.9008126346470663,0.3449880496443689
5709,0.616,23,71,23,562782,113662,66377,59879,0.9002502851349639,0.3450423819155128
5710,0.6161,1,7,1,562789,113655,66378,59878,0.90019484222532,0.3450525260325126
5711,0.6162,2,17,2,562806,113638,66380,59876,0.9000601951590419,0.3450787832682089
5712,0.6163,8,28,8,562834,113610,66388,59868,0.8998384235204664,0.3451042783522983
5713,0.6164,2,6,2,562840,113604,66390,59866,0.8997909010264858,0.3451086643223612
5714,0.6165,2,32,2,562872,113572,66392,59864,0.8995374477252566,0.3451647870107705
5715,0.6166,0,5,0,562877,113567,66392,59864,0.8994978456469396,0.345174738080274
5716,0.6167,135,427,135,563304,113140,66527,59729,0.8961158281586618,0.34551596873933443
5717,0.6168,8,26,8,563330,113114,66535,59721,0.895909897351413,0.3455376515173431
5718,0.6169,2,3,2,563333,113111,66537,59719,0.8958861361044228,0.34553607591274665
5719,0.617,9,46,9,563379,113065,66546,59710,0.8955217969839057,0.34559398061062074
5720,0.6171,5,24,5,563403,113041,66551,59705,0.8953317070079838,0.3456230535005152
5721,0.6172,3,10,3,563413,113031,66554,59702,0.8952525028513496,0.34563169747529426
5722,0.6173,8,32,8,563445,112999,66562,59694,0.8949990495501204,0.34566542940362377
5723,0.6174,0,2,0,563447,112997,66562,59694,0.8949832087187936,0.34566943268612726
5724,0.6175,54,213,54,563660,112784,66616,59640,0.8932961601824864,0.34589152322182526
5725,0.6176,0,6,0,563666,112778,66616,59640,0.8932486376885059,0.34590355995313715
5726,0.6177,6,27,6,563693,112751,66622,59634,0.8930347864655938,0.3459349711401804
5727,0.6178,5,18,5,563711,112733,66627,59629,0.8928922189836522,0.34595212401805503
5728,0.6179,3,9,3,563720,112724,66630,59626,0.8928209352426816,0.34595880475776036
5729,0.618,20,57,20,563777,112667,66650,59606,0.8923694715498669,0.34599734142901095
5730,0.6181,0,4,0,563781,112663,66650,59606,0.8923377898872132,0.34600537531418885
5731,0.6182,4,15,4,563796,112648,66654,59602,0.892218983652262,0.34602031930333815
5732,0.6183,52,214,52,564010,112434,66706,59550,0.8905240147002915,0.34625313982696065
5733,0.6184,0,1,0,564011,112433,66706,59550,0.8905160942846281,0.3462551531255996
5734,0.6185,9,20,9,564031,112413,66715,59541,0.8903576859713598,0.3462612093932098
5735,0.6186,1,7,1,564038,112406,66716,59540,0.8903022430617159,0.34627150384423017
5736,0.6187,5,25,5,564063,112381,66721,59535,0.8901042326701305,0.3463028455757463
5737,0.6188,6,19,6,564082,112362,66727,59529,0.8899537447725256,0.3463183063685708
5738,0.6189,2,3,2,564085,112359,66729,59527,0.8899299835255354,0.3463167448192407
5739,0.619,11,47,11,564132,112312,66740,59516,0.889557723989355,0.34636962543939287
5740,0.6191,0,9,0,564141,112303,66740,59516,0.8894864402483842,0.3463877685238536
5741,0.6192,15,92,15,564233,112211,66755,59501,0.8887577620073501,0.34651625978382405
5742,0.6193,10,33,10,564266,112178,66765,59491,0.8884963882904575,0.3465448042453792
5743,0.6194,1,9,1,564275,112169,66766,59490,0.8884251045494868,0.3465591667200671
5744,0.6195,9,21,9,564296,112148,66775,59481,0.888258775820555,0.34656730505916833
5745,0.6196,2,5,2,564301,112143,66777,59479,0.888219173742238,0.3465697870902332
5746,0.6197,7,22,7,564323,112121,66784,59472,0.8880449245976428,0.34658756476080027
5747,0.6198,2,16,2,564339,112105,66786,59470,0.8879181979470283,0.34661226868716305
5748,0.6199,1,3,1,564342,112102,66787,59469,0.887894436700038,0.34661452110205104
5749,0.62,844,2615,844,566957,109487,67631,58625,0.8671825497402104,0.3487258494337109
5750,0.6201,4,8,4,566965,109479,67635,58621,0.867119186414903,0.3487269482450922
5751,0.6202,7,15,7,566980,109464,67642,58614,0.8670003801799518,0.3487309463463392
5752,0.6203,3,35,3,567015,109429,67645,58611,0.8667231656317324,0.34879195429659604
5753,0.6204,4,10,4,567025,109419,67649,58607,0.8666439614750983,0.3487972099556021
5754,0.6205,2,21,2,567046,109398,67651,58605,0.8664776327461665,0.3488330565525616
5755,0.6206,4,4,4,567050,109394,67655,58601,0.8664459510835129,0.34882585791243786
5756,0.6207,11,49,11,567099,109345,67666,58590,0.8660578507160056,0.348884985262155
5757,0.6208,24,95,24,567194,109250,67690,58566,0.8653054112279812,0.34898936930924346
5758,0.6209,1,9,1,567203,109241,67691,58565,0.8652341274870106,0.3490042072393121
5759,0.621,10,48,10,567251,109193,67701,58555,0.8648539475351666,0.34906526456351195
5760,0.6211,2,4,2,567255,109189,67703,58553,0.864822265872513,0.3490658272823741
5761,0.6212,8,15,8,567270,109174,67711,58545,0.8647034596375618,0.3490659972930914
5762,0.6213,6,24,6,567294,109150,67717,58539,0.8645133696616398,0.3490926655892754
5763,0.6214,1,6,1,567300,109144,67718,58538,0.8644658471676594,0.349101275032502
5764,0.6215,5,17,5,567317,109127,67723,58533,0.8643312001013813,0.3491172611237027
5765,0.6216,1,2,1,567319,109125,67724,58532,0.8643153592700545,0.3491175435561891
5766,0.6217,63,237,63,567556,108888,67787,58469,0.8624382207578254,0.3493669222082136
5767,0.6218,5,18,5,567574,108870,67792,58464,0.8622956532758839,0.34938506221090754
5768,0.6219,1,9,1,567583,108861,67793,58463,0.8622243695349132,0.3493999665319978
5769,0.622,20,37,20,567620,108824,67813,58443,0.8619313141553668,0.34939946313379205
5770,0.6221,3,11,3,567631,108813,67816,58440,0.8618441895830693,0.34941077290093453
5771,0.6222,5,24,5,567655,108789,67821,58435,0.8616540996071473,0.3494414677319045
5772,0.6223,7,27,7,567682,108762,67828,58428,0.8614402483842352,0.34947066212094025
5773,0.6224,1,4,1,567686,108758,67829,58427,0.8614085667215815,0.3494751323384275
5774,0.6225,70,190,70,567876,108568,67899,58357,0.8599036877455329,0.34960011981428785
5775,0.6226,1,7,1,567883,108561,67900,58356,0.859848244835889,0.34961088445155375
5776,0.6227,10,34,10,567917,108527,67910,58346,0.8595789507033329,0.3496431417904634
5777,0.6228,6,12,6,567929,108515,67916,58340,0.8594839057153719,0.34964490126157444
5778,0.6229,6,14,6,567943,108501,67922,58334,0.8593730198960842,0.3496508526388348
5779,0.623,8,30,8,567973,108471,67930,58326,0.8591354074261818,0.34968254824727063
5780,0.6231,1,8,1,567981,108463,67931,58325,0.8590720441008745,0.3496954217329784
5781,0.6232,3,20,3,568001,108443,67934,58322,0.8589136357876062,0.3497256618595029
5782,0.6233,126,397,126,568398,108046,68060,58196,0.8557692307692307,0.35006797319570265
5783,0.6234,0,1,0,568399,108045,68060,58196,0.8557613103535674,0.3500700789817193
5784,0.6235,12,34,12,568433,108011,68072,58184,0.8554920162210112,0.350094768193989
5785,0.6236,3,7,3,568440,108004,68075,58181,0.8554365733113674,0.35009778259169
5786,0.6237,6,31,6,568471,107973,68081,58175,0.8551910404258015,0.35013963454269686
5787,0.6238,3,30,3,568501,107943,68084,58172,0.8549534279558991,0.3501911326490684
5788,0.6239,3,13,3,568514,107930,68087,58169,0.8548504625522747,0.3502068043757037
5789,0.624,19,83,19,568597,107847,68106,58150,0.8541930680522114,0.35030753567835565
5790,0.6241,1,5,1,568602,107842,68107,58149,0.8541534659738943,0.3503141736600177
5791,0.6242,18,84,18,568686,107758,68125,58131,0.8534881510581676,0.3504210646878334
5792,0.6243,8,29,8,568715,107729,68133,58123,0.8532584590039285,0.3504510045100451
5793,0.6244,2,4,2,568719,107725,68135,58121,0.8532267773412748,0.3504516237955694
5794,0.6245,7,17,7,568736,107708,68142,58114,0.8530921302749969,0.3504601319487161
5795,0.6246,2,13,2,568749,107695,68144,58112,0.8529891648713724,0.350479774677788
5796,0.6247,13,27,13,568776,107668,68157,58099,0.8527753136484603,0.35048592301242104
5797,0.6248,6,13,6,568789,107655,68163,58093,0.8526723482448358,0.3504899003306224
5798,0.6249,1,2,1,568791,107653,68164,58092,0.8526565074135091,0.3504902108660895
5799,0.625,242,753,242,569544,106900,68406,57850,0.8466924344189584,0.3511380880121396
5800,0.6251,0,4,0,569548,106896,68406,57850,0.8466607527563047,0.3511466135748364
5801,0.6252,3,20,3,569568,106876,68409,57847,0.8465023444430364,0.35117743120268574
5802,0.6253,6,29,6,569597,106847,68415,57841,0.8462726523887973,0.351215631982901
5803,0.6254,1,1,1,569598,106846,68416,57840,0.8462647319731339,0.3512138250974582
5804,0.6255,8,25,8,569623,106821,68424,57832,0.8460667215815486,0.351235628867983
5805,0.6256,4,13,4,569636,106808,68428,57828,0.8459637561779242,0.3512476007677543
5806,0.6257,7,26,7,569662,106782,68435,57821,0.8457578253706755,0.35127549315626083
5807,0.6258,14,70,14,569732,106712,68449,57807,0.8452033962742365,0.3513697506063129
5808,0.6259,1,4,1,569736,106708,68450,57806,0.8451717146115828,0.3513743511190537
5809,0.626,19,90,19,569826,106618,68469,57787,0.8444588772018755,0.3514917429518567
5810,0.6261,2,11,2,569837,106607,68471,57785,0.844371752629578,0.35150737262153875
5811,0.6262,7,24,7,569861,106583,68478,57778,0.844181662653656,0.35153108097419705
5812,0.6263,4,14,4,569875,106569,68482,57774,0.8440707768343683,0.3515452437889049
5813,0.6264,2,6,2,569881,106563,68484,57772,0.8440232543403878,0.3515501871177777
5814,0.6265,6,35,6,569916,106528,68490,57766,0.8437460397921683,0.35160139749473507
5815,0.6266,3,3,3,569919,106525,68493,57763,0.843722278545178,0.35159597779509155
5816,0.6267,129,410,129,570329,106115,68622,57634,0.8404749081231783,0.35196550818630956
5817,0.6268,6,24,6,570353,106091,68628,57628,0.8402848181472564,0.3519933544671052
5818,0.6269,0,6,0,570359,106085,68628,57628,0.8402372956532759,0.35200625484842374
5819,0.627,16,40,16,570399,106045,68644,57612,0.8399204790267393,0.35202893857274664
5820,0.6271,3,21,3,570420,106024,68647,57609,0.8397541502978076,0.35206223683486826
5821,0.6272,1,24,1,570444,106000,68648,57608,0.8395640603218857,0.35210992127524327
5822,0.6273,6,30,6,570474,105970,68654,57602,0.8393264478519833,0.3521507348445944
5823,0.6274,4,3,4,570477,105967,68658,57598,0.8393026866049931,0.3521413505334271
5824,0.6275,62,218,62,570695,105749,68720,57536,0.8375760359903688,0.3523654959120556
5825,0.6276,5,6,5,570701,105743,68725,57531,0.8375285134963882,0.3523586119039161
5826,0.6277,4,25,4,570726,105718,68729,57527,0.837330503104803,0.3523967043401023
5827,0.6278,5,12,5,570738,105706,68734,57522,0.837235458116842,0.3524027740338667
5828,0.6279,1,5,1,570743,105701,68735,57521,0.8371958560385249,0.3524096016468368
5829,0.628,25,60,25,570803,105641,68760,57496,0.8367206310987201,0.3524399737643821
5830,0.6281,2,8,2,570811,105633,68762,57494,0.8366572677734128,0.3524493186290436
5831,0.6282,3,16,3,570827,105617,68765,57491,0.8365305411227981,0.3524719817544204
5832,0.6283,53,200,53,571027,105417,68818,57438,0.8349464579901154,0.35269411439624204
5833,0.6284,0,5,0,571032,105412,68818,57438,0.8349068559117983,0.3527049431992631
5834,0.6285,3,35,3,571067,105377,68821,57435,0.8346296413635788,0.3527688376778124
5835,0.6286,0,10,0,571077,105367,68821,57435,0.8345504372069447,0.3527905062591369
5836,0.6287,5,22,5,571099,105345,68826,57430,0.8343761880623495,0.3528183074796498
5837,0.6288,7,15,7,571114,105330,68833,57423,0.8342573818273983,0.35282298943798274
5838,0.6289,3,17,3,571131,105313,68836,57420,0.8341227347611203,0.35284791652584296
5839,0.629,10,51,10,571182,105262,68846,57410,0.8337187935622862,0.35291875676207335
5840,0.6291,0,8,0,571190,105254,68846,57410,0.8336554302369789,0.3529361137067821
5841,0.6292,25,68,25,571258,105186,68871,57385,0.8331168419718666,0.35298423458058326
5842,0.6293,15,45,15,571303,105141,68886,57370,0.832760423267013,0.35302225695491385
5843,0.6294,1,7,1,571310,105134,68887,57369,0.8327049803573692,0.35303348245878535
5844,0.6295,5,31,5,571341,105103,68892,57364,0.8324594474718033,0.3530809333587744
5845,0.6296,0,10,0,571351,105093,68892,57364,0.8323802433151691,0.353102667167312
5846,0.6297,5,22,5,571373,105071,68897,57359,0.8322059941705741,0.3531305793264791
5847,0.6298,2,16,2,571389,105055,68899,57357,0.8320792675199594,0.35315740216240177
5848,0.6299,1,3,1,571392,105052,68900,57356,0.8320555062729692,0.35315994285995767
5849,0.63,889,2543,889,573935,102509,69789,56467,0.8119138892409073,0.35519197866344604
5850,0.6301,0,3,0,573938,102506,69789,56467,0.8118901279939171,0.35519868153711637
5851,0.6302,7,24,7,573962,102482,69796,56460,0.8117000380179952,0.35522391815882526
5852,0.6303,1,27,1,573989,102455,69797,56459,0.811486186795083,0.3552802144556175
5853,0.6304,0,6,0,573995,102449,69797,56459,0.8114386643011026,0.3552936290180482
5854,0.6305,6,20,6,574015,102429,69803,56453,0.8112802559878343,0.3553140066212661
5855,0.6306,0,2,0,574017,102427,69803,56453,0.8112644151565074,0.35531847935548844
5856,0.6307,13,50,13,574067,102377,69816,56440,0.8108683943733367,0.35537757292985006
5857,0.6308,16,68,16,574135,102309,69832,56424,0.8103298061082246,0.35546483717941446
5858,0.6309,0,9,0,574144,102300,69832,56424,0.8102585223672538,0.35548499281772133
5859,0.631,8,52,8,574196,102248,69840,56416,0.8098466607527564,0.3555690011596834
5860,0.6311,1,9,1,574205,102239,69841,56415,0.8097753770117856,0.35558510973565116
5861,0.6312,9,23,9,574228,102216,69850,56406,0.8095932074515271,0.35560010591216856
5862,0.6313,7,30,7,574258,102186,69857,56399,0.8093555949816247,0.35563893180313394
5863,0.6314,5,7,5,574265,102179,69862,56394,0.8093001520719807,0.35563431353382985
5864,0.6315,3,24,3,574289,102155,69865,56391,0.8091100620960588,0.3556759552432732
5865,0.6316,0,8,0,574297,102147,69865,56391,0.8090466987707515,0.35569390303901904
5866,0.6317,63,194,63,574491,101953,69928,56328,0.8075101381320492,0.35587341500243236
5867,0.6318,3,24,3,574515,101929,69931,56325,0.8073200481561272,0.3559151743399851
5868,0.6319,1,9,1,574524,101920,69932,56324,0.8072487644151565,0.3559313465281464
5869,0.632,17,58,17,574582,101862,69949,56307,0.8067893803066785,0.35599264078296
5870,0.6321,4,5,4,574587,101857,69953,56303,0.8067497782283615,0.35598760748609004
5871,0.6322,3,15,3,574602,101842,69956,56300,0.8066309719934102,0.35600915632785723
5872,0.6323,10,33,10,574635,101809,69966,56290,0.8063695982765176,0.356042732718107
5873,0.6324,2,9,2,574644,101800,69968,56288,0.8062983145355468,0.3560548555235059
5874,0.6325,58,207,58,574851,101593,70026,56230,0.8046587884932201,0.3562852055784011
5875,0.6326,1,9,1,574860,101584,70027,56229,0.8045875047522494,0.35630144538155917
5876,0.6327,7,40,7,574900,101544,70034,56222,0.8042706881257128,0.3563632214799133
5877,0.6328,4,12,4,574912,101532,70038,56218,0.8041756431377519,0.35637400950871634
5878,0.6329,3,14,3,574926,101518,70041,56215,0.804064757318464,0.35639339897168
5879,0.633,10,31,10,574957,101487,70051,56205,0.8038192244328982,0.356422646678335
5880,0.6331,2,5,2,574962,101482,70053,56203,0.8037796223545811,0.3564257855851857
5881,0.6332,4,13,4,574975,101469,70057,56199,0.8036766569509568,0.35643884618311894
5882,0.6333,117,386,117,575361,101083,70174,56082,0.800619376504879,0.35683517322559094
5883,0.6334,1,6,1,575367,101077,70175,56081,0.8005718540108985,0.356844704055791
5884,0.6335,8,28,8,575395,101049,70183,56073,0.8003500823723229,0.3568755489364952
5885,0.6336,4,5,4,575400,101044,70187,56069,0.8003104802940059,0.3568705326739353
5886,0.6337,5,24,5,575424,101020,70192,56064,0.8001203903180839,0.3569045860813323
5887,0.6338,9,13,9,575437,101007,70201,56055,0.8000174249144595,0.35689727623486267
5888,0.6339,1,8,1,575445,100999,70202,56054,0.7999540615891522,0.356911361132866
5889,0.634,25,81,25,575526,100918,70227,56029,0.7993125079204156,0.35699312506769804
5890,0.6341,1,6,1,575532,100912,70228,56028,0.7992649854264352,0.3570026761819804
5891,0.6342,23,80,23,575612,100832,70251,56005,0.798631352173362,0.3570904824754363
5892,0.6343,10,29,10,575641,100803,70261,55995,0.7984016601191231,0.3571155244327096
5893,0.6344,0,8,0,575649,100795,70261,55995,0.7983382967938157,0.357133745774603
5894,0.6345,3,20,3,575669,100775,70264,55992,0.7981798884805474,0.357167005811172
5895,0.6346,3,9,3,575678,100766,70267,55989,0.7981086047395768,0.3571752097221779
5896,0.6347,3,18,3,575696,100748,70270,55986,0.7979660372576353,0.35720392512154353
5897,0.6348,0,14,0,575710,100734,70270,55986,0.7978551514383475,0.35723583460949465
5898,0.6349,1,6,1,575716,100728,70271,55985,0.797807628944367,0.357245410399903
5899,0.635,237,688,237,576404,100040,70508,55748,0.7923583829679381,0.35784527691478163
5900,0.6351,0,3,0,576407,100037,70508,55748,0.7923346217209479,0.3578521680521231
5901,0.6352,6,26,6,576433,100011,70514,55742,0.7921286909136992,0.35788716750239163
5902,0.6353,13,34,13,576467,99977,70527,55729,0.791859396781143,0.357911705393498
5903,0.6354,0,5,0,576472,99972,70527,55729,0.791819794702826,0.35792319895183716
5904,0.6355,9,26,9,576498,99946,70536,55720,0.7916138638955772,0.35794585844050725
5905,0.6356,2,1,2,576499,99945,70538,55718,0.7916059434799139,0.35793990864881187
5906,0.6357,9,31,9,576530,99914,70547,55709,0.791360410594348,0.35797407838173023
5907,0.6358,14,63,14,576593,99851,70561,55695,0.7908614244075529,0.35806128090725575
5908,0.6359,1,5,1,576598,99846,70562,55694,0.7908218223292358,0.3580686640092581
5909,0.636,30,72,30,576670,99774,70592,55664,0.79025155240147,0.35811062931844206
5910,0.6361,0,4,0,576674,99770,70592,55664,0.7902198707388164,0.35811984507894024
5911,0.6362,5,16,5,576690,99754,70597,55659,0.7900931440882017,0.35813606326369096
5912,0.6363,4,21,4,576711,99733,70601,55655,0.78992681535927,0.3581679408963369
5913,0.6364,0,5,0,576716,99728,70601,55655,0.789887213280953,0.3581794662221736
5914,0.6365,8,17,8,576733,99711,70609,55647,0.7897525662146749,0.35818561001042754
5915,0.6366,0,3,0,576736,99708,70609,55647,0.7897288049676847,0.358192526793473
5916,0.6367,127,414,127,577150,99294,70736,55520,0.7864497528830313,0.35862389706357306
5917,0.6368,7,13,7,577163,99281,70743,55513,0.7863467874794069,0.35862501130534774
5918,0.6369,2,2,2,577165,99279,70745,55511,0.7863309466480801,0.358621357968861
5919,0.637,8,31,8,577196,99248,70753,55503,0.7860854137625143,0.3586600409690406
5920,0.6371,4,9,4,577205,99239,70757,55499,0.7860141300215435,0.3586643229200326
5921,0.6372,3,13,3,577218,99226,70760,55496,0.7859111646179191,0.3586820232416851
5922,0.6373,15,31,15,577249,99195,70775,55481,0.7856656317323533,0.35869171687915385
5923,0.6374,1,6,1,577255,99189,70776,55480,0.7856181092383728,0.3587014851069057
5924,0.6375,63,206,63,577461,98983,70839,55417,0.7839865036117095,0.35891839378238344
5925,0.6376,2,9,2,577470,98974,70841,55415,0.7839152198707389,0.35893101192442467
5926,0.6377,5,25,5,577495,98949,70846,55410,0.7837172094791535,0.35896837890890715
5927,0.6378,3,16,3,577511,98933,70849,55407,0.7835904828285388,0.3589931320461319
5928,0.6379,2,9,2,577520,98924,70851,55405,0.7835191990875681,0.359005760420919
5929,0.638,24,65,24,577585,98859,70875,55381,0.7830043720694462,0.35905731327800827
5930,0.6381,1,6,1,577591,98853,70876,55380,0.7829568495754657,0.3590671257123962
5931,0.6382,1,22,1,577613,98831,70877,55379,0.7827826004308707,0.35911419492899294
5932,0.6383,59,188,59,577801,98643,70936,55320,0.7812935622861488,0.359307106252801
5933,0.6384,1,4,1,577805,98639,70937,55319,0.7812618806234951,0.35931227997246
5934,0.6385,9,43,9,577848,98596,70946,55310,0.7809213027499683,0.3593752030460151
5935,0.6386,2,11,2,577859,98585,70948,55308,0.7808341781776708,0.3593925649639685
5936,0.6387,4,32,4,577891,98553,70952,55304,0.7805807248764415,0.35945065872855964
5937,0.6388,3,11,3,577902,98542,70955,55301,0.7804936003041439,0.3594638690093147
5938,0.6389,1,6,1,577908,98536,70956,55300,0.7804460778101635,0.35947372526586757
5939,0.639,12,46,12,577954,98490,70968,55288,0.7800817386896465,0.3595312723536527
5940,0.6391,0,6,0,577960,98484,70968,55288,0.7800342161956659,0.35954530083500247
5941,0.6392,23,84,23,578044,98400,70991,55265,0.7793689012799392,0.3596459831451534
5942,0.6393,13,42,13,578086,98358,71004,55252,0.7790362438220758,0.3596901243408632
5943,0.6394,1,6,1,578092,98352,71005,55251,0.7789887213280953,0.35970000585926054
5944,0.6395,6,17,6,578109,98335,71011,55245,0.7788540742618173,0.3597148066154447
5945,0.6396,3,12,3,578121,98323,71014,55242,0.7787590292738563,0.35973040731937617
5946,0.6397,9,23,9,578144,98300,71023,55233,0.7785768597135978,0.35974676453921955
5947,0.6398,3,16,3,578160,98284,71026,55230,0.7784501330629832,0.35977174720220956
5948,0.6399,1,6,1,578166,98278,71027,55229,0.7784026105690026,0.35978163862234297
5949,0.64,865,2474,865,580640,95804,71892,54364,0.7588075022177164,0.36202120291939693
5950,0.6401,1,3,1,580643,95801,71893,54363,0.7587837409707261,0.36202418688900134
5951,0.6402,2,19,2,580662,95782,71895,54361,0.7586332530731212,0.3620615013686952
5952,0.6403,7,20,7,580682,95762,71902,54354,0.758474844759853,0.3620799914732607
5953,0.6404,1,10,1,580692,95752,71903,54353,0.7583956406032188,0.3620998634289331
5954,0.6405,10,20,10,580712,95732,71913,54343,0.7582372322899505,0.3621056138597368
5955,0.6406,2,6,2,580718,95726,71915,54341,0.7581897097959701,0.3621115901563968
5956,0.6407,13,49,13,580767,95677,71928,54328,0.7578016094284628,0.362174594180194
5957,0.6408,18,87,18,580854,95590,71946,54310,0.7571125332657458,0.36230820547031356
5958,0.6409,0,2,0,580856,95588,71946,54310,0.7570966924344189,0.3623130395335495
5959,0.641,19,61,19,580917,95527,71965,54291,0.7566135470789507,0.3623796873539895
5960,0.6411,3,6,3,580923,95521,71968,54288,0.7565660245849702,0.3623814323572015
5961,0.6412,3,15,3,580938,95506,71971,54285,0.756447218350019,0.3624049508982516
5962,0.6413,12,17,12,580955,95489,71983,54273,0.756312571283741,0.3623950000667726
5963,0.6414,0,5,0,580960,95484,71983,54273,0.7562729692054239,0.36240709950119193
5964,0.6415,6,30,6,580990,95454,71989,54267,0.7560353567355215,0.36245416474642833
5965,0.6416,0,2,0,580992,95452,71989,54267,0.7560195159041947,0.3624590065389162
5966,0.6417,64,203,64,581195,95249,72053,54203,0.7544116715245216,0.36267831812220647
5967,0.6418,7,22,7,581217,95227,72060,54196,0.7542374223799265,0.36270185982077724
5968,0.6419,2,9,2,581226,95218,72062,54194,0.7541661386389558,0.3627151768264932
5969,0.642,17,55,17,581281,95163,72079,54177,0.753730515777468,0.36277621534752913
5970,0.6421,0,5,0,581286,95158,72079,54177,0.753690913699151,0.36278836173703416
5971,0.6422,6,14,6,581300,95144,72085,54171,0.7535800278798631,0.3627967719251247
5972,0.6423,12,33,12,581333,95111,72097,54159,0.7533186541629705,0.36282575199303274
5973,0.6424,0,4,0,581337,95107,72097,54159,0.7532869725003168,0.36283547492396123
5974,0.6425,64,193,64,581530,94914,72161,54095,0.751758332277278,0.3630317631820897
5975,0.6426,2,6,2,581536,94908,72163,54093,0.7517108097832974,0.3630378319608593
5976,0.6427,7,22,7,581558,94886,72170,54086,0.7515365606387023,0.3630615149155546
5977,0.6428,4,20,4,581578,94866,72174,54082,0.751378152325434,0.36309316002900344
5978,0.6429,3,6,3,581584,94860,72177,54079,0.7513306298314536,0.3630949583386487
5979,0.643,7,33,7,581617,94827,72184,54072,0.7510692561145609,0.3631454878810469
5980,0.6431,0,8,0,581625,94819,72184,54072,0.7510058927892536,0.36316499989925516
5981,0.6432,4,19,4,581644,94800,72188,54068,0.7508554048916487,0.3631942391917672
5982,0.6433,131,385,131,582029,94415,72319,53937,0.7478060448612344,0.3635744715271786
5983,0.6434,0,9,0,582038,94406,72319,53937,0.7477347611202636,0.36359652966435896
5984,0.6435,7,21,7,582059,94385,72326,53930,0.7475684323913319,0.36361797525536865
5985,0.6436,3,6,3,582065,94379,72329,53927,0.7475209098973514,0.36361981308915353
5986,0.6437,4,31,4,582096,94348,72333,53923,0.7472753770117856,0.36367866946334754
5987,0.6438,3,26,3,582122,94322,72336,53920,0.7470694462045369,0.36372957731277233
5988,0.6439,0,9,0,582131,94313,72336,53920,0.7469981624635661,0.3637516612360271
5989,0.644,20,83,20,582214,94230,72356,53900,0.7463407679635027,0.3638695740228178
5990,0.6441,2,6,2,582220,94224,72358,53898,0.7462932454695222,0.3638757240652975
5991,0.6442,19,68,19,582288,94156,72377,53879,0.7457546572044101,0.3639612253858885
5992,0.6443,13,42,13,582330,94114,72390,53866,0.7454219997465467,0.3640086498175429
5993,0.6444,2,8,2,582338,94106,72392,53864,0.7453586364212393,0.3640197337298101
5994,0.6445,5,18,5,582356,94088,72397,53859,0.7452160689392979,0.3640425287434014
5995,0.6446,0,8,0,582364,94080,72397,53859,0.7451527056139906,0.3640622148317888
5996,0.6447,4,10,4,582374,94070,72401,53855,0.7450735014573565,0.36406962988000674
5997,0.6448,4,12,4,582386,94058,72405,53851,0.7449784564693955,0.36408196931897313
5998,0.6449,0,5,0,582391,94053,72405,53851,0.7449388543910784,0.36409427736910427
5999,0.645,224,676,224,583067,93377,72629,53627,0.7395846534026106,0.36479959728986966
6000,0.6451,0,2,0,583069,93375,72629,53627,0.7395688125712837,0.3648045604821703
6001,0.6452,6,17,6,583086,93358,72635,53621,0.7394341655050057,0.3648208247436709
6002,0.6453,9,25,9,583111,93333,72644,53612,0.7392361551134203,0.3648439892476777
6003,0.6454,1,4,1,583115,93329,72645,53611,0.7392044734507667,0.36484959847556825
6004,0.6455,9,27,9,583142,93302,72654,53602,0.7389906222278545,0.36487774328813377
6005,0.6456,2,4,2,583146,93298,72656,53600,0.7389589405652008,0.36487903170907704
6006,0.6457,7,45,7,583191,93253,72663,53593,0.7386025218603472,0.36496057093826184
6007,0.6458,25,66,25,583257,93187,72688,53568,0.7380797744265619,0.3650165241388709
6008,0.6459,2,5,2,583262,93182,72690,53566,0.7380401723482448,0.3650203069207076
6009,0.646,20,83,20,583345,93099,72710,53546,0.7373827778481815,0.36514030481775717
6010,0.6461,4,5,4,583350,93094,72714,53542,0.7373431757698644,0.3651354374096402
6011,0.6462,6,13,6,583363,93081,72720,53536,0.73724021036624,0.3651418321204226
6012,0.6463,2,20,2,583383,93061,72722,53534,0.7370818020529717,0.3651829871414441
6013,0.6464,0,6,0,583389,93055,72722,53534,0.7370342795589913,0.36519793436069553
6014,0.6465,7,23,7,583412,93032,72729,53527,0.7368521099987327,0.3652249264801206
6015,0.6466,0,5,0,583417,93027,72729,53527,0.7368125079204156,0.36523738690175633
6016,0.6467,118,380,118,583797,92647,72847,53409,0.7338027499683183,0.3656748096620474
6017,0.6468,2,16,2,583813,92631,72849,53407,0.7336760233177038,0.3657061860611622
6018,0.6469,1,7,1,583820,92624,72850,53406,0.7336205804080598,0.36571937273163047
6019,0.647,4,35,4,583855,92589,72854,53402,0.7333433658598403,0.3657896719660801
6020,0.6471,2,21,2,583876,92568,72856,53400,0.7331770371309086,0.365833607365998
6021,0.6472,4,22,4,583898,92546,72860,53396,0.7330027879863136,0.36587137355935917
6022,0.6473,9,40,9,583938,92506,72869,53387,0.732685971359777,0.36593256701829424
6023,0.6474,1,3,1,583941,92503,72870,53386,0.7326622101127868,0.365935745669653
6024,0.6475,77,184,77,584125,92319,72947,53309,0.7312048536307185,0.3660628450572692
6025,0.6476,3,7,3,584132,92312,72950,53306,0.7311494107210746,0.36606738177972503
6026,0.6477,6,29,6,584161,92283,72956,53300,0.7309197186668356,0.36611417541883323
6027,0.6478,3,20,3,584181,92263,72959,53297,0.7307613103535674,0.3661514152239626
6028,0.6479,4,5,4,584186,92258,72963,53293,0.7307217082752503,0.36614657405308104
6029,0.648,20,49,20,584235,92209,72983,53273,0.730333607907743,0.3661827580044267
6030,0.6482,2,20,2,584255,92189,72985,53271,0.7301751995944747,0.36622439158531556
6031,0.6483,68,210,68,584465,91979,73053,53203,0.7285119123051578,0.3664572743177529
6032,0.6484,2,4,2,584469,91975,73055,53201,0.7284802306425041,0.3664586433019232
6033,0.6485,7,14,7,584483,91961,73062,53194,0.7283693448232164,0.3664634356377665
6034,0.6486,3,13,3,584496,91948,73065,53191,0.7282663794195919,0.3664831644148024
6035,0.6487,7,28,7,584524,91920,73072,53184,0.7280446077810163,0.36652332120410186
6036,0.6488,3,24,3,584548,91896,73075,53181,0.7278545178050944,0.36657085547674684
6037,0.6489,2,5,2,584553,91891,73077,53179,0.7278149157267774,0.3665747570138554
6038,0.649,13,56,13,584609,91835,73090,53166,0.7273713724496261,0.3666595402790326
6039,0.6491,1,5,1,584614,91830,73091,53165,0.7273317703713091,0.3666678161315907
6040,0.6492,22,74,22,584688,91756,73113,53143,0.7267456596122165,0.3667589148303301
6041,0.6493,9,43,9,584731,91713,73122,53134,0.7264050817386897,0.3668284465677577
6042,0.6494,0,4,0,584735,91709,73122,53134,0.726373400076036,0.36683857694193023
6043,0.6495,6,16,6,584751,91693,73128,53128,0.7262466734254214,0.36685287354734464
6044,0.6496,2,7,2,584758,91686,73130,53126,0.7261912305157775,0.3668618622766069
6045,0.6497,3,29,3,584787,91657,73133,53123,0.7259615384615384,0.3669222268269098
6046,0.6498,6,11,6,584798,91646,73139,53117,0.7258744138892409,0.3669238686680989
6047,0.6499,2,7,2,584805,91639,73141,53115,0.725818970979597,0.3669328654130456
6048,0.65,834,2354,834,587159,89285,73975,52281,0.7071743125079204,0.3693047765706455
6049,0.6501,0,4,0,587163,89281,73975,52281,0.7071426308452667,0.36931521170935705
6050,0.6502,5,12,5,587175,89269,73980,52276,0.7070475858573058,0.36932424317354906
6051,0.6503,4,18,4,587193,89251,73984,52272,0.7069050183753643,0.369353391321552
6052,0.6504,0,5,0,587198,89246,73984,52272,0.7068654162970472,0.36936644101810373
6053,0.6505,6,20,6,587218,89226,73990,52266,0.706707007983779,0.3693919090831991
6054,0.6506,0,8,0,587226,89218,73990,52266,0.7066436446584716,0.3694127957931639
6055,0.6507,7,36,7,587262,89182,73997,52259,0.7063585096945888,0.3694756117391704
6056,0.6508,20,65,20,587327,89117,74017,52239,0.7058436826764669,0.3695562975749172
6057,0.6509,1,8,1,587335,89109,74018,52238,0.7057803193511596,0.36957275357807384
6058,0.651,15,28,15,587363,89081,74033,52223,0.705558547712584,0.3695790635792334
6059,0.6511,3,8,3,587371,89073,74036,52220,0.7054951843872767,0.369586603724176
6060,0.6512,4,22,4,587393,89051,74040,52216,0.7053209352426816,0.36962631046174976
6061,0.6513,2,23,2,587416,89028,74042,52214,0.7051387656824231,0.36967757465909573
6062,0.6514,2,11,2,587427,89017,74044,52212,0.7050516411101254,0.36969744174355124
6063,0.6515,4,17,4,587444,89000,74048,52208,0.7049169940438474,0.3697240949521274
6064,0.6516,1,4,1,587448,88996,74049,52207,0.7048853123811938,0.3697301048844571
6065,0.6517,64,197,64,587645,88799,74113,52143,0.7033249904955012,0.3699606930510423
6066,0.6518,2,16,2,587661,88783,74115,52141,0.7031982638448866,0.36999375549941815
6067,0.6519,2,5,2,587666,88778,74117,52139,0.7031586617665695,0.36999794205099457
6068,0.652,17,52,17,587718,88726,74134,52122,0.702746800152072,0.3700585027831421
6069,0.6521,1,12,1,587730,88714,74135,52121,0.702651755164111,0.3700855611176199
6070,0.6522,5,12,5,587742,88702,74140,52116,0.7025567101761501,0.3700947322075303
6071,0.6523,9,27,9,587769,88675,74149,52107,0.7023428589532379,0.3701254421730051
6072,0.6524,4,6,4,587775,88669,74153,52103,0.7022953364592573,0.3701233199784048
6073,0.6525,45,163,45,587938,88506,74198,52058,0.7010043087061208,0.37035087220056345
6074,0.6526,2,7,2,587945,88499,74200,52056,0.700948865796477,0.37036035715556187
6075,0.6527,8,33,8,587978,88466,74208,52048,0.7006874920795844,0.3704114892466231
6076,0.6528,5,14,5,587992,88452,74213,52043,0.7005766062602965,0.3704259938076088
6077,0.6529,4,9,4,588001,88443,74217,52039,0.7005053225193258,0.3704317990916986
6078,0.653,6,31,6,588032,88412,74223,52033,0.70025978963376,0.3704866673786892
6079,0.6531,1,2,1,588034,88410,74224,52032,0.7002439488024331,0.3704874610159354
6080,0.6532,1,21,1,588055,88389,74225,52031,0.7000776200735015,0.3705383848454636
6081,0.6533,117,364,117,588419,88025,74342,51914,0.6971945887720188,0.37097592522456213
6082,0.6534,2,4,2,588423,88021,74344,51912,0.6971629071093651,0.37097753925092725
6083,0.6535,9,27,9,588450,87994,74353,51903,0.696949055886453,0.3710086706648463
6084,0.6536,2,3,2,588453,87991,74355,51901,0.6969252946394627,0.3710076344608698
6085,0.6537,11,23,11,588476,87968,74366,51890,0.6967431250792041,0.3710191765934019
6086,0.6538,2,19,2,588495,87949,74368,51888,0.6965926371815993,0.37106059197494223
6087,0.6539,1,2,1,588497,87947,74369,51887,0.6965767963502725,0.37106140137591714
6088,0.654,26,87,26,588584,87860,74395,51861,0.6958877201875554,0.3711754138604791
6089,0.6541,1,9,1,588593,87851,74396,51860,0.6958164364465848,0.371194823600146
6090,0.6542,29,68,29,588661,87783,74425,51831,0.6952778481814725,0.3712450040826851
6091,0.6543,15,35,15,588696,87748,74440,51816,0.695000633633253,0.3712705282164455
6092,0.6544,5,2,5,588698,87746,74445,51811,0.6949847928019263,0.3712533230149688
6093,0.6545,6,24,6,588722,87722,74451,51805,0.6947947028260043,0.3712901445598343
6094,0.6546,2,4,2,588726,87718,74453,51803,0.6947630211633506,0.37129177686513143
6095,0.6547,0,18,0,588744,87700,74453,51803,0.6946204536814092,0.37133968445123045
6096,0.6548,2,18,2,588762,87682,74455,51801,0.6944778861994677,0.3713785909393976
6097,0.6549,2,4,2,588766,87678,74457,51799,0.694446204536814,0.3713802275644013
6098,0.655,247,604,247,589370,87074,74704,51552,0.689662273476112,0.37187829122963945
6099,0.6551,1,6,1,589376,87068,74705,51551,0.6896147509821315,0.37188985636889604
6100,0.6552,3,14,3,589390,87054,74708,51548,0.6895038651628438,0.3719138251973276
6101,0.6553,4,23,4,589413,87031,74712,51544,0.6893216956025853,0.37195742377773766
6102,0.6554,1,4,1,589417,87027,74713,51543,0.6892900139399316,0.3719636284910154
6103,0.6555,7,18,7,589435,87009,74720,51536,0.6891474464579901,0.3719802230322278
6104,0.6556,5,11,5,589446,86998,74725,51531,0.6890603218856926,0.37198709295526566
6105,0.6557,14,34,14,589480,86964,74739,51517,0.6887910277531365,0.37201493345657527
6106,0.6558,23,64,23,589544,86900,74762,51494,0.6882841211506779,0.37208260473719956
6107,0.6559,2,4,2,589548,86896,74764,51492,0.6882524394880243,0.37208428476457495
6108,0.656,24,65,24,589613,86831,74788,51468,0.6877376124699024,0.3721501963137839
6109,0.6561,2,4,2,589617,86827,74790,51466,0.6877059308072487,0.37215188042778735
6110,0.6562,10,19,10,589636,86808,74800,51456,0.6875554429096439,0.37215761152577675
6111,0.6563,7,16,7,589652,86792,74807,51449,0.6874287162590292,0.3721688934541851
6112,0.6564,2,7,2,589659,86785,74809,51447,0.6873732733493854,0.37217865617223217
6113,0.6565,4,28,4,589687,86757,74813,51443,0.6871515017108097,0.37223589001447177
6114,0.6566,0,3,0,589690,86754,74813,51443,0.6871277404638195,0.3722439705637604
6115,0.6567,108,312,108,590002,86442,74921,51335,0.6846565707768344,0.37259484529348147
6116,0.6568,7,21,7,590023,86421,74928,51328,0.6844902420479027,0.37261976493477267
6117,0.6569,2,3,2,590026,86418,74930,51326,0.6844664808009124,0.3726187710535486
6118,0.657,6,32,6,590058,86386,74936,51320,0.6842130274996832,0.37267802419647655
6119,0.6571,0,8,0,590066,86378,74936,51320,0.6841496641743758,0.37269967610277566
6120,0.6572,2,19,2,590085,86359,74938,51318,0.683999176276771,0.372741997574032
6121,0.6573,13,35,13,590120,86324,74951,51305,0.6837219617285515,0.37277753961737714
6122,0.6574,2,7,2,590127,86317,74953,51303,0.6836665188189076,0.37278738555442525
6123,0.6575,49,150,49,590277,86167,75002,51254,0.6824784564693955,0.37297065222928083
6124,0.6576,4,6,4,590283,86161,75006,51250,0.682430933975415,0.37296868518531995
6125,0.6577,9,21,9,590304,86140,75015,51241,0.6822646052464834,0.37298461941607647
6126,0.6578,4,12,4,590316,86128,75019,51237,0.6821695602585224,0.372998944418156
6127,0.6579,3,2,3,590318,86126,75022,51234,0.6821537194271955,0.37299068142108327
6128,0.658,21,57,21,590375,86069,75043,51213,0.6817022557343809,0.3730496350577643
6129,0.6581,1,6,1,590381,86063,75044,51212,0.6816547332404005,0.3730613731560736
6130,0.6582,4,17,4,590398,86046,75048,51208,0.6815200861741224,0.37308930887260117
6131,0.6583,50,179,50,590577,85867,75098,51158,0.6801023317703713,0.37334792920999815
6132,0.6584,1,5,1,590582,85862,75099,51157,0.6800627296920543,0.37335697968894827
6133,0.6585,5,20,5,590602,85842,75104,51152,0.679904321378786,0.3733886155598055
6134,0.6586,2,7,2,590609,85835,75106,51150,0.6798488784691421,0.3733985472861992
6135,0.6587,6,29,6,590638,85806,75112,51144,0.679619186414903,0.3734501642935378
6136,0.6588,5,21,5,590659,85785,75117,51139,0.6794528576859714,0.37348456077824194
6137,0.6589,0,6,0,590665,85779,75117,51139,0.6794053351919909,0.37350092756248265
6138,0.659,6,40,6,590705,85739,75123,51133,0.6790885185654543,0.3735826173359051
6139,0.6591,2,4,2,590709,85735,75125,51131,0.6790568369028006,0.37358438180410036
6140,0.6592,28,66,28,590775,85669,75153,51103,0.6785340894690154,0.3736364168104583
6141,0.6593,8,27,8,590802,85642,75161,51095,0.6783202382461031,0.37367354849089857
6142,0.6594,0,7,0,590809,85635,75161,51095,0.6782647953364592,0.37369267900241354
6143,0.6595,3,15,3,590824,85620,75164,51092,0.678145989101508,0.3737199368014512
6144,0.6596,0,8,0,590832,85612,75164,51092,0.6780826257762007,0.3737418071161049
6145,0.6597,6,18,6,590850,85594,75170,51086,0.6779400582942593,0.37376353526485223
6146,0.6598,4,9,4,590859,85585,75174,51082,0.6778687745532885,0.3737698200736096
6147,0.6599,1,7,1,590866,85578,75175,51081,0.6778133316436447,0.3737843830263649
6148,0.66,893,2218,893,593084,83360,76068,50188,0.6602458497021924,0.3758049540240213
6149,0.6601,1,7,1,593091,83353,76069,50187,0.6601904067925485,0.37581997903249964
6150,0.6602,6,24,6,593115,83329,76075,50181,0.6600003168166265,0.37585948618081044
6151,0.6603,8,13,8,593128,83316,76083,50173,0.6598973514130022,0.3758586849852797
6152,0.6604,3,5,3,593133,83311,76086,50170,0.6598577493346851,0.37585873644938234
6153,0.6605,5,14,5,593147,83297,76091,50165,0.6597468635153972,0.3758747808364928
6154,0.6606,1,6,1,593153,83291,76092,50164,0.6596993410214168,0.37588700310966244
6155,0.6607,6,35,6,593188,83256,76098,50158,0.6594221264731973,0.3759575456848607
6156,0.6608,17,62,17,593250,83194,76115,50141,0.6589310607020656,0.37605279934000824
6157,0.6609,0,3,0,593253,83191,76115,50141,0.6589072994550754,0.37606126061260614
6158,0.661,15,61,15,593314,83130,76130,50126,0.6584241540996072,0.37616317464129195
6159,0.6611,2,7,2,593321,83123,76132,50124,0.6583687111899632,0.3761735723881213
6160,0.6612,3,19,3,593340,83104,76135,50121,0.6582182232923584,0.3762131732032276
6161,0.6613,3,12,3,593352,83092,76138,50118,0.6581231783043974,0.37623301553937394
6162,0.6614,3,3,3,593355,83089,76141,50115,0.6580994170574072,0.3762274406173989
6163,0.6615,4,22,4,593377,83067,76145,50111,0.6579251679128121,0.3762708555467119
6164,0.6616,3,3,3,593380,83064,76148,50108,0.6579014066658219,0.3762652809899979
6165,0.6617,52,186,52,593566,82878,76200,50056,0.6564282093524269,0.37654776054282574
6166,0.6618,5,20,5,593586,82858,76205,50051,0.6562698010391586,0.3765809689336313
6167,0.6619,2,4,2,593590,82854,76207,50049,0.6562381193765049,0.37658292137874994
6168,0.662,19,46,19,593636,82808,76226,50030,0.6558737802559879,0.37662415874975536
6169,0.6621,4,9,4,593645,82799,76230,50026,0.6558024965150171,0.3766309053265575
6170,0.6622,5,19,5,593664,82780,76235,50021,0.6556520086174122,0.3766613203213831
6171,0.6623,13,29,13,593693,82751,76248,50008,0.6554223165631733,0.3766825601277503
6172,0.6624,1,9,1,593702,82742,76249,50007,0.6553510328222025,0.37670340266216695
6173,0.6625,63,164,63,593866,82578,76312,49944,0.6540520846534026,0.37687327387150815
6174,0.6626,2,6,2,593872,82572,76314,49942,0.6540045621594222,0.3768809333353457
6175,0.6627,8,27,8,593899,82545,76322,49934,0.65379071093651,0.3769201156409695
6176,0.6628,8,14,8,593913,82531,76330,49926,0.6536798251172221,0.37692232196108927
6177,0.6629,9,12,9,593925,82519,76339,49917,0.6535847801292611,0.3769141321090942
6178,0.663,8,20,8,593945,82499,76347,49909,0.653426371815993,0.37693341792036733
6179,0.6631,1,9,1,593954,82490,76348,49908,0.6533550880750222,0.37695433465762324
6180,0.6632,4,21,4,593975,82469,76352,49904,0.6531887593460904,0.3769953087109909
6181,0.6633,124,342,124,594317,82127,76476,49780,0.6504799771892029,0.37738709848605456
6182,0.6634,2,11,2,594328,82116,76478,49778,0.6503928526169054,0.377409131575356
6183,0.6635,7,22,7,594350,82094,76485,49771,0.6502186034723102,0.3774390475107117
6184,0.6636,0,6,0,594356,82088,76485,49771,0.6501710809783298,0.3774562221767191
6185,0.6637,2,29,2,594385,82059,76487,49769,0.6499413889240907,0.3775298115726553
6186,0.6638,6,12,6,594397,82047,76493,49763,0.6498463439361297,0.3775358470525757
6187,0.6639,3,4,3,594401,82043,76496,49760,0.6498146622734761,0.37753313657504
6188,0.664,20,69,20,594470,81974,76516,49740,0.6492681535927005,0.37763639400519305
6189,0.6641,0,7,0,594477,81967,76516,49740,0.6492127106830566,0.3776564647285262
6190,0.6642,15,61,15,594538,81906,76531,49725,0.6487295653275884,0.37776055792328556
6191,0.6643,10,23,10,594561,81883,76541,49715,0.6485473957673299,0.37777929755771367
6192,0.6644,1,2,1,594563,81881,76542,49714,0.648531554936003,0.37778031080208213
6193,0.6645,6,15,6,594578,81866,76548,49708,0.6484127487010518,0.3777950050921915
6194,0.6646,1,9,1,594587,81857,76549,49707,0.6483414649600812,0.37781611991122194
6195,0.6647,11,42,11,594629,81815,76560,49696,0.6480088075022177,0.37788473967957054
6196,0.6648,4,16,4,594645,81799,76564,49692,0.647882080851603,0.3779117962446099
6197,0.6649,3,4,3,594649,81795,76567,49689,0.6478503991889495,0.37790909920598703
6198,0.665,224,648,224,595297,81147,76791,49465,0.6427179698390572,0.37871711634459315
6199,0.6651,0,3,0,595300,81144,76791,49465,0.6426942085920669,0.37872581521947185
6200,0.6652,6,21,6,595321,81123,76797,49459,0.6425278798631352,0.3787581749398845
6201,0.6653,2,28,2,595349,81095,76799,49457,0.6423061082245596,0.37882989153747165
6202,0.6654,1,13,1,595362,81082,76800,49456,0.6422031428209353,0.3788628598568999
6203,0.6655,3,14,3,595376,81068,76803,49453,0.6420922570016474,0.3788892208916573
6204,0.6656,4,11,4,595387,81057,76807,49449,0.6420051324293499,0.37890211944278424
6205,0.6657,14,31,14,595418,81026,76821,49435,0.641759599543784,0.3789255026406359
6206,0.6658,19,62,19,595480,80964,76840,49416,0.6412685337726524,0.37901518637827886
6207,0.6659,0,5,0,595485,80959,76840,49416,0.6412289316943354,0.37902972195589646
6208,0.666,37,84,37,595569,80875,76877,49379,0.6405636167786085,0.37909776283261937
6209,0.6661,1,4,1,595573,80871,76878,49378,0.6405319351159549,0.3791046380394475
6210,0.6662,3,25,3,595598,80846,76881,49375,0.6403339247243696,0.3791631150121716
6211,0.6663,4,24,4,595622,80822,76885,49371,0.6401438347484476,0.3792139362331308
6212,0.6664,2,1,2,595623,80821,76887,49369,0.6401359143327842,0.37920731238958444
6213,0.6665,6,22,6,595645,80799,76893,49363,0.6399616651881891,0.3792427897543062
6214,0.6666,0,1,0,595646,80798,76893,49363,0.6399537447725256,0.37924570339809927
6215,0.6667,154,366,154,596012,80432,77047,49209,0.6370548726397162,0.3795789912141992
6216,0.6668,1,15,1,596027,80417,77048,49208,0.636936066404765,0.3796181292189007
6217,0.6669,1,3,1,596030,80414,77049,49207,0.6369123051577746,0.3796221291303107
6218,0.667,11,31,11,596061,80383,77060,49196,0.6366667722722088,0.37966028445967326
6219,0.6671,2,11,2,596072,80372,77062,49194,0.6365796476999113,0.3796829415124338
6220,0.6672,3,14,3,596086,80358,77065,49191,0.6364687618806235,0.37970960794757197
6221,0.6673,10,42,10,596128,80316,77075,49181,0.6361361044227601,0.37978485988092386
6222,0.6674,3,5,3,596133,80311,77078,49178,0.636096502344443,0.37978515549583364
6223,0.6675,51,160,51,596293,80151,77129,49127,0.6348292358382968,0.3800105199647272
6224,0.6676,4,3,4,596296,80148,77133,49123,0.6348054745913065,0.3800001547137409
6225,0.6677,9,24,9,596320,80124,77142,49114,0.6346153846153846,0.380027546077779
6226,0.6678,6,14,6,596334,80110,77148,49108,0.6345044987960968,0.3800399325171416
6227,0.6679,4,6,4,596340,80104,77152,49104,0.6344569763021163,0.3800383877159309
6228,0.668,15,49,15,596389,80055,77167,49089,0.634068875934609,0.38011057424270583
6229,0.6681,2,5,2,596394,80050,77169,49087,0.6340292738562919,0.3801156910877595
6230,0.6682,5,13,5,596407,80037,77174,49082,0.6339263084526676,0.38012995763597923
6231,0.6683,61,169,61,596576,79868,77235,49021,0.6325877582055506,0.3803350169525716
6232,0.6684,1,7,1,596583,79861,77236,49020,0.6325323152959067,0.3803508663030237
6233,0.6685,3,22,3,596605,79839,77239,49017,0.6323580661513116,0.38040137828273424
6234,0.6686,2,6,2,596611,79833,77241,49015,0.6323105436573312,0.3804094747299143
6235,0.6687,5,26,5,596637,79807,77246,49010,0.6321046128500823,0.3804622060752851
6236,0.6688,4,18,4,596655,79789,77250,49006,0.6319620453681409,0.38049613727240966
6237,0.6689,2,4,2,596659,79785,77252,49004,0.6319303637054873,0.380498334485088
6238,0.669,12,43,12,596702,79742,77264,48992,0.6315897858319605,0.3805676821973993
6239,0.6691,1,1,1,596703,79741,77265,48991,0.631581865416297,0.3805658266786813
6240,0.6692,23,76,23,596779,79665,77288,48968,0.6309799138258776,0.38067991883886715
6241,0.6693,10,31,10,596810,79634,77298,48958,0.6307343809403118,0.38072352867985565
6242,0.6694,1,5,1,596815,79629,77299,48957,0.6306947788619947,0.38073351686808826
6243,0.6695,5,30,5,596845,79599,77304,48952,0.6304571663920923,0.3807982823937581
6244,0.6696,1,1,1,596846,79598,77305,48951,0.6304492459764288,0.3807964278212977
6245,0.6697,4,25,4,596871,79573,77309,48947,0.6302512355848435,0.38085122938064114
6246,0.6698,6,15,6,596886,79558,77315,48941,0.6301324293498923,0.3808667771733632
6247,0.6699,1,6,1,596892,79552,77316,48940,0.6300849068559118,0.3808797434859758
6248,0.67,938,2115,938,599007,77437,78254,48002,0.6133332277277912,0.38267205574024027
6249,0.6701,2,3,2,599010,77434,78256,48000,0.6133094664808009,0.3826713650206483
6250,0.6702,1,11,1,599021,77423,78257,47999,0.6132223419085033,0.38270000478384975
6251,0.6703,4,24,4,599045,77399,78261,47995,0.6130322519325814,0.3827535607764327
6252,0.6704,4,7,4,599052,77392,78265,47991,0.6129768090229375,0.38275523795091837
6253,0.6705,9,22,9,599074,77370,78274,47982,0.6128025598783424,0.3827780968791882
6254,0.6706,3,4,3,599078,77366,78277,47979,0.6127708782156888,0.3827755395109498
6255,0.6707,11,27,11,599105,77339,78288,47968,0.6125570269927766,0.38280383378422594
6256,0.6708,17,59,17,599164,77280,78305,47951,0.6120897224686351,0.3829004000606879
6257,0.6709,1,4,1,599168,77276,78306,47950,0.6120580408059815,0.38290770287320525
6258,0.671,17,38,17,599206,77238,78323,47933,0.6117570650107718,0.3829401378913646
6259,0.6711,2,4,2,599210,77234,78325,47931,0.6117253833481181,0.38294251587903966
6260,0.6712,8,12,8,599222,77222,78333,47923,0.6116303383601571,0.3829397898437812
6261,0.6713,9,14,9,599236,77208,78342,47914,0.6115194525408694,0.3829382522657886
6262,0.6714,0,11,0,599247,77197,78342,47914,0.6114323279685718,0.3829719209342104
6263,0.6715,4,19,4,599266,77178,78346,47910,0.611281840070967,0.3830103607060629
6264,0.6716,1,3,1,599269,77175,78347,47909,0.6112580788239766,0.3830146141792715
6265,0.6717,57,151,57,599420,77024,78404,47852,0.6100620960588011,0.383196130561517
6266,0.6718,5,19,5,599439,77005,78409,47847,0.6099116081611963,0.383229744016916
6267,0.6719,0,6,0,599445,76999,78409,47847,0.6098640856672158,0.38324816173525783
6268,0.672,9,32,9,599477,76967,78418,47838,0.6096106323659866,0.3833019510436281
6269,0.6721,0,12,0,599489,76955,78418,47838,0.6095155873780256,0.3833388090678163
6270,0.6722,4,10,4,599499,76945,78422,47834,0.6094363832213915,0.38334976237988766
6271,0.6723,2,33,2,599532,76912,78424,47832,0.6091750095044988,0.383441287757327
6272,0.6724,3,10,3,599542,76902,78427,47829,0.6090958053478647,0.38345719989417226
6273,0.6725,68,139,68,599681,76763,78495,47761,0.6079948675706501,0.38354855288940287
6274,0.6726,3,11,3,599692,76752,78498,47758,0.6079077429983526,0.38356758493293713
6275,0.6727,4,26,4,599718,76726,78502,47754,0.6077018121911038,0.38362789203084835
6276,0.6728,5,12,5,599730,76714,78507,47749,0.6076067672031428,0.383640117946699
6277,0.6729,3,11,3,599741,76703,78510,47746,0.6075196426308452,0.38365916961968355
6278,0.673,4,32,4,599773,76671,78514,47742,0.6072661893296161,0.38373803380675653
6279,0.6731,1,14,1,599787,76657,78515,47741,0.6071553035103282,0.3837762664994614
6280,0.6732,3,12,3,599799,76645,78518,47738,0.6070602585223672,0.38379842904576994
6281,0.6733,108,324,108,600123,76321,78626,47630,0.6044940438474211,0.38426474978015507
6282,0.6734,0,4,0,600127,76317,78626,47630,0.6044623621847675,0.38427715071764545
6283,0.6735,4,16,4,600143,76301,78630,47626,0.6043356355341528,0.3843068903467364
6284,0.6736,0,6,0,600149,76295,78630,47626,0.6042881130401724,0.38432549769611285
6285,0.6737,6,14,6,600163,76281,78636,47620,0.6041772272208845,0.38433910945028693
6286,0.6738,3,21,3,600184,76260,78639,47617,0.6040108984919529,0.38438935395594015
6287,0.6739,2,2,2,600186,76258,78641,47615,0.603995057660626,0.3843856207567428
6288,0.674,24,75,24,600261,76183,78665,47591,0.60340102648587,0.38449916783815663
6289,0.6741,2,2,2,600263,76181,78667,47589,0.6033851856545431,0.384495435081199
6290,0.6742,24,72,24,600335,76109,78691,47565,0.6028149157267774,0.38459983505021267
6291,0.6743,7,31,7,600366,76078,78698,47558,0.6025693828412115,0.3846614254747808
6292,0.6744,0,5,0,600371,76073,78698,47558,0.6025297807628944,0.384676982310262
6293,0.6745,5,12,5,600383,76061,78703,47553,0.6024347357749334,0.3846894364715971
6294,0.6746,1,5,1,600388,76056,78704,47552,0.6023951336966163,0.384700019416219
6295,0.6747,8,14,8,600402,76042,78712,47544,0.6022842478773286,0.3847037690353276
6296,0.6748,5,14,5,600416,76028,78717,47539,0.6021733620580408,0.38472245826150997
6297,0.6749,1,8,1,600424,76020,78718,47538,0.6021099987327335,0.3847423881901617
6298,0.675,245,567,245,600991,75453,78963,47293,0.5976191230515777,0.3852915777296205
6299,0.6751,0,7,0,600998,75446,78963,47293,0.5975636801419338,0.38531355151989183
6300,0.6752,6,11,6,601009,75435,78969,47287,0.5974765555696363,0.38531803588598623
6301,0.6753,7,19,7,601028,75416,78976,47280,0.5973260676720314,0.3853426354567386
6302,0.6754,0,7,0,601035,75409,78976,47280,0.5972706247623876,0.3853646211151774
6303,0.6755,8,21,8,601056,75388,78984,47272,0.5971042960334558,0.3853905103538236
6304,0.6756,0,1,0,601057,75387,78984,47272,0.5970963756177924,0.38539365232066136
6305,0.6757,12,29,12,601086,75358,78996,47260,0.5968666835635534,0.38542465217178556
6306,0.6758,18,46,18,601132,75312,79014,47242,0.5965023444430364,0.3854790541312401
6307,0.6759,2,4,2,601136,75308,79016,47240,0.5964706627803827,0.38548160720697194
6308,0.676,19,80,19,601216,75228,79035,47221,0.5958370295273095,0.3856381023936496
6309,0.6761,4,2,4,601218,75226,79039,47217,0.5958211886959828,0.38562433132151286
6310,0.6762,6,21,6,601239,75205,79045,47211,0.595654859967051,0.38566037119330804
6311,0.6763,5,15,5,601254,75190,79050,47206,0.5955360537320998,0.38568253864505375
6312,0.6764,0,8,0,601262,75182,79050,47206,0.5954726904067925,0.3857077491257313
6313,0.6765,13,30,13,601292,75152,79063,47193,0.5952350779368901,0.385737055049246
6314,0.6766,1,1,1,601293,75151,79064,47192,0.5952271575212267,0.3857351871378011
6315,0.6767,124,301,124,601594,74850,79188,47068,0.5928431124065391,0.38606276349677654
6316,0.6768,7,29,7,601623,74821,79195,47061,0.5926134203523001,0.386119361349502
6317,0.6769,2,8,2,601631,74813,79197,47059,0.5925500570269928,0.38613463305763424
6318,0.677,6,29,6,601660,74784,79203,47053,0.5923203649727538,0.3861963114653184
6319,0.6771,5,11,5,601671,74773,79208,47048,0.5922332404004562,0.38620599075693024
6320,0.6772,4,9,4,601680,74764,79212,47044,0.5921619566594855,0.38621437015631155
6321,0.6773,6,22,6,601702,74742,79218,47038,0.5919877075148904,0.3862539004762687
6322,0.6774,0,4,0,601706,74738,79218,47038,0.5919560258522367,0.386266587833399
6323,0.6775,45,168,45,601874,74570,79263,46993,0.5906253960207831,0.38657321717956944
6324,0.6776,3,1,3,601875,74569,79266,46990,0.5906174756051198,0.38656125831900556
6325,0.6777,5,17,5,601892,74552,79271,46985,0.5904828285388417,0.3865900919061685
6326,0.6778,4,21,4,601913,74531,79275,46981,0.5903164998099101,0.38663671077753636
6327,0.6779,3,7,3,601920,74524,79278,46978,0.5902610569002661,0.38664384125364193
6328,0.678,16,51,16,601971,74473,79294,46962,0.5898571157014321,0.3867254086548359
6329,0.6781,3,4,3,601975,74469,79297,46959,0.5898254340387784,0.3867229963435122
6330,0.6782,3,16,3,601991,74453,79300,46956,0.5896987073881638,0.3867588070077177
6331,0.6783,65,174,65,602165,74279,79365,46891,0.5883205550627297,0.38698522736650987
6332,0.6784,0,4,0,602169,74275,79365,46891,0.5882888734000761,0.3869980027400426
6333,0.6785,6,28,6,602197,74247,79371,46885,0.5880671017615005,0.3870570947396229
6334,0.6786,0,10,0,602207,74237,79371,46885,0.5879878976048662,0.3870890507092023
6335,0.6787,7,30,7,602237,74207,79378,46878,0.5877502851349639,0.3871495230623116
6336,0.6788,1,16,1,602253,74191,79379,46877,0.5876235584843492,0.387195625598837
6337,0.6789,2,7,2,602260,74184,79381,46875,0.5875681155747053,0.38720789036750675
6338,0.679,18,48,18,602308,74136,79399,46857,0.5871879356228615,0.3872703379534353
6339,0.6791,1,0,1,602308,74136,79400,46856,0.5871879356228615,0.38726527373710656
6340,0.6792,27,62,27,602370,74074,79427,46829,0.5866968698517299,0.3873270307601962
6341,0.6793,4,23,4,602393,74051,79431,46825,0.5865147002914713,0.3873804560045005
6342,0.6794,3,3,3,602396,74048,79434,46822,0.586490939044481,0.3873748655580376
6343,0.6795,6,9,6,602405,74039,79440,46816,0.5864196553035104,0.3873732985809441
6344,0.6796,4,4,4,602409,74035,79444,46812,0.5863879736408567,0.38736584275985336
6345,0.6797,5,13,5,602422,74022,79449,46807,0.5862850082372323,0.38738216818810056
6346,0.6798,8,17,8,602439,74005,79457,46799,0.5861503611709542,0.3873961127114996
6347,0.6799,0,8,0,602447,73997,79457,46799,0.5860869978456469,0.3874217689327461
6348,0.68,957,2150,957,604597,71847,80414,45842,0.5690581041693068,0.3895181367842364
6349,0.6801,0,5,0,604602,71842,80414,45842,0.5690185020909897,0.3895346861085619
6350,0.6802,4,16,4,604618,71826,80418,45838,0.5688917754403751,0.3895669023660593
6351,0.6803,4,23,4,604641,71803,80422,45834,0.5687096058801165,0.3896223127077365
6352,0.6804,3,11,3,604652,71792,80425,45831,0.568622481307819,0.3896431820307253
6353,0.6805,6,16,6,604668,71776,80431,45825,0.5684957546572044,0.3896650538685896
6354,0.6806,3,5,3,604673,71771,80434,45822,0.5684561525788874,0.38966605155068756
6355,0.6807,11,21,11,604694,71750,80445,45811,0.5682898238499556,0.389678549859222
6356,0.6808,18,72,18,604766,71678,80463,45793,0.5677195539221899,0.3898238714235854
6357,0.6809,3,4,3,604770,71674,80466,45790,0.5676878722595362,0.38982156235101817
6358,0.681,12,36,12,604806,71638,80478,45778,0.5674027372956533,0.3898787218096341
6359,0.6811,0,13,0,604819,71625,80478,45778,0.5672997718920288,0.38992189296695995
6360,0.6812,3,19,3,604838,71606,80481,45775,0.567149283994424,0.3899694158339084
6361,0.6813,4,15,4,604853,71591,80485,45771,0.5670304777594728,0.38999846628380563
6362,0.6814,2,7,2,604860,71584,80487,45769,0.5669750348498289,0.3900113333276525
6363,0.6815,3,24,3,604884,71560,80490,45766,0.566784944873907,0.3900755160833916
6364,0.6816,2,17,2,604901,71543,80492,45764,0.566650297807629,0.39012164661955384
6365,0.6817,44,154,44,605055,71389,80536,45720,0.5654305537954631,0.39040551964409226
6366,0.6818,2,14,2,605069,71375,80538,45718,0.5653196679761754,0.3904417855892325
6367,0.6819,2,5,2,605074,71370,80540,45716,0.5652800658978583,0.39044804673487865
6368,0.682,11,46,11,605120,71324,80551,45705,0.5649157267773413,0.39054422408121064
6369,0.6821,2,6,2,605126,71318,80553,45703,0.5648682042833608,0.3905538322181489
6370,0.6822,1,13,1,605139,71305,80554,45702,0.5647652388797364,0.39059201586229886
6371,0.6823,7,29,7,605168,71276,80561,45695,0.5645355468254974,0.3906523839242205
6372,0.6824,1,3,1,605171,71273,80562,45694,0.5645117855785071,0.39065719390939324
6373,0.6825,52,145,52,605316,71128,80614,45642,0.5633633253073121,0.3908709428791642
6374,0.6826,3,7,3,605323,71121,80617,45639,0.5633078823976683,0.3908787255909558
6375,0.6827,6,27,6,605350,71094,80623,45633,0.5630940311747561,0.3909378292939937
6376,0.6828,3,14,3,605364,71080,80626,45630,0.5629831453554682,0.3909690686316511
6377,0.6829,3,4,3,605368,71076,80629,45627,0.5629514636928146,0.3909668131924629
6378,0.683,7,31,7,605399,71045,80636,45620,0.5627059308072487,0.3910341576308233
6379,0.6831,2,7,2,605406,71038,80638,45618,0.5626504878976049,0.39104718145659034
6380,0.6832,10,20,10,605426,71018,80648,45608,0.5624920795843366,0.3910620273352426
6381,0.6833,125,275,125,605701,70743,80773,45483,0.5603139652768977,0.3913324041092355
6382,0.6834,0,11,0,605712,70732,80773,45483,0.5602268407046002,0.3913694445639547
6383,0.6835,4,17,4,605729,70715,80777,45479,0.5600921936383222,0.3914057524484913
6384,0.6836,1,6,1,605735,70709,80778,45478,0.5600446711443416,0.3914207269315844
6385,0.6837,3,21,3,605756,70688,80781,45475,0.55987834241541,0.3914757711147267
6386,0.6838,9,17,9,605773,70671,80790,45466,0.5597436953491319,0.39148591749399414
6387,0.6839,1,1,1,605774,70670,80791,45465,0.5597357749334685,0.39148404873638437
6388,0.684,27,51,27,605825,70619,80818,45438,0.5593318337346344,0.39151451441963864
6389,0.6841,1,8,1,605833,70611,80819,45437,0.559268470409327,0.3915362608575762
6390,0.6842,12,63,12,605896,70548,80831,45425,0.558769484222532,0.391685995878351
6391,0.6843,8,22,8,605918,70526,80839,45417,0.5585952350779368,0.391718344358866
6392,0.6844,1,3,1,605921,70523,80840,45416,0.5585714738309466,0.3917232337694822
6393,0.6845,6,12,6,605933,70511,80846,45410,0.5584764288429857,0.3917323004459934
6394,0.6846,3,6,3,605939,70505,80849,45407,0.5584289063490052,0.3917368348402236
6395,0.6847,3,17,3,605956,70488,80852,45404,0.5582942592827271,0.3917785524453802
6396,0.6848,6,10,6,605966,70478,80858,45398,0.558215055126093,0.39178086920501226
6397,0.6849,0,3,0,605969,70475,80858,45398,0.5581912938791028,0.3917910125741113
6398,0.685,240,570,240,606539,69905,81098,45158,0.5536766569509568,0.3924632592579717
6399,0.6851,3,2,3,606541,69903,81101,45155,0.5536608161196299,0.3924542404700238
6400,0.6852,6,26,6,606567,69877,81107,45149,0.5534548853123812,0.39251125832420497
6401,0.6853,12,27,12,606594,69850,81119,45137,0.553241034089469,0.39254002626383855
6402,0.6854,1,10,1,606604,69840,81120,45136,0.5531618299328349,0.39256888394099637
6403,0.6855,6,11,6,606615,69829,81126,45130,0.5530747053605373,0.3925747440391792
6404,0.6856,0,1,0,606616,69828,81126,45130,0.5530667849448739,0.3925781589798013
6405,0.6857,8,28,8,606644,69800,81134,45122,0.5528450133062983,0.39263152399018464
6406,0.6858,25,59,25,606703,69741,81159,45097,0.5523777087821569,0.39270102230968845
6407,0.6859,0,1,0,606704,69740,81159,45097,0.5523697883664934,0.39270444194815257
6408,0.686,22,56,22,606760,69684,81181,45075,0.5519262450893423,0.3927796512691815
6409,0.6861,1,3,1,606763,69681,81182,45074,0.5519024838423521,0.3927846281207791
6410,0.6862,3,21,3,606784,69660,81185,45071,0.5517361551134203,0.3928406446383279
6411,0.6863,5,18,5,606802,69642,81190,45066,0.5515935876314789,0.39287582383094466
6412,0.6864,2,8,2,606810,69634,81192,45064,0.5515302243061716,0.3928926398019146
6413,0.6865,7,12,7,606822,69622,81199,45057,0.5514351793182106,0.39289669425090906
6414,0.6866,1,9,1,606831,69613,81200,45056,0.5513638955772399,0.39292223704750195
6415,0.6867,113,276,113,607107,69337,81313,44943,0.5491778608541377,0.3932709135456773
6416,0.6868,5,14,5,607121,69323,81318,44938,0.5490669750348498,0.39329254951383236
6417,0.6869,2,2,2,607123,69321,81320,44936,0.549051134203523,0.3932888138144709
6418,0.687,10,24,10,607147,69297,81330,44926,0.5488610442276011,0.39331833343547273
6419,0.6871,4,15,4,607162,69282,81334,44922,0.5487422379926499,0.39334874435221184
6420,0.6872,2,11,2,607173,69271,81336,44920,0.5486551134203523,0.393376010368593
6421,0.6873,11,31,11,607204,69240,81347,44909,0.5484095805347865,0.39342438391926343
6422,0.6874,2,6,2,607210,69234,81349,44907,0.548362058040806,0.39343443635503456
6423,0.6875,58,160,58,607370,69074,81407,44849,0.5470947915346598,0.3936781861432722
6424,0.6876,0,3,0,607373,69071,81407,44849,0.5470710302876695,0.3936885533707865
6425,0.6877,11,21,11,607394,69050,81418,44838,0.5469047015587378,0.3937025849957853
6426,0.6878,4,13,4,607407,69037,81422,44834,0.5468017361551134,0.3937262340718884
6427,0.6879,0,3,0,607410,69034,81422,44834,0.5467779749081232,0.39373660729968035
6428,0.688,20,54,20,607464,68980,81442,44814,0.5463502724622988,0.39381689720020385
6429,0.6881,1,7,1,607471,68973,81443,44813,0.546294829552655,0.3938357970224808
6430,0.6882,6,17,6,607488,68956,81449,44807,0.5461601824863769,0.39386267943004316
6431,0.6883,59,148,59,607636,68808,81508,44748,0.5449879609681916,0.394061079995773
6432,0.6884,0,1,0,607637,68807,81508,44748,0.5449800405525282,0.39406455021795606
6433,0.6885,6,17,6,607654,68790,81514,44742,0.5448453934862502,0.3940915336645175
6434,0.6886,2,3,2,607657,68787,81516,44740,0.54482163223926,0.39409127344156014
6435,0.6887,11,21,11,607678,68766,81527,44729,0.5446553035103282,0.39410546720119827
6436,0.6888,4,9,4,607687,68757,81531,44725,0.5445840197693574,0.3941153663136004
6437,0.6889,1,6,1,607693,68751,81532,44724,0.544536497275377,0.39413086582947787
6438,0.689,17,35,17,607728,68716,81549,44707,0.5442592827271575,0.39416167796655
6439,0.6891,3,12,3,607740,68704,81552,44704,0.5441642377391965,0.39418735891647855
6440,0.6892,23,52,23,607792,68652,81575,44681,0.5437523761246991,0.39424527719199176
6441,0.6893,8,30,8,607822,68622,81583,44673,0.5435147636547966,0.39430689792135576
6442,0.6894,1,3,1,607825,68619,81584,44672,0.5434910024078063,0.3943119930091534
6443,0.6895,4,22,4,607847,68597,81588,44668,0.5433167532632113,0.39436719198340175
6444,0.6896,2,6,2,607853,68591,81590,44666,0.5432692307692307,0.3943773894770301
6445,0.6897,6,19,6,607872,68572,81596,44660,0.5431187428716259,0.3944114737883284
6446,0.6898,7,14,7,607886,68558,81603,44653,0.5430078570523381,0.3944228034378285
6447,0.6899,1,2,1,607888,68556,81604,44652,0.5429920162210112,0.3944244223023108
6448,0.69,870,2043,870,609931,66513,82474,43782,0.5268106070206564,0.396953624371005
6449,0.6901,0,1,0,609932,66512,82474,43782,0.5268026866049931,0.39695722342103834
6450,0.6902,1,13,1,609945,66499,82475,43781,0.5266997212013687,0.3969985491476242
6451,0.6903,6,18,6,609963,66481,82481,43775,0.5265571537194272,0.3970305470904078
6452,0.6904,0,5,0,609968,66476,82481,43775,0.5265175516411101,0.3970485528475932
6453,0.6905,3,19,3,609987,66457,82484,43772,0.5263670637435053,0.3971005815166608
6454,0.6906,2,5,2,609992,66452,82486,43770,0.5263274616651882,0.3971076554589828
6455,0.6907,8,31,8,610023,66421,82494,43762,0.5260819287796223,0.39717560785239103
6456,0.6908,15,66,15,610089,66355,82509,43747,0.525559181345837,0.39733156527583513
6457,0.6909,0,2,0,610091,66353,82509,43747,0.5255433405145102,0.397338782924614
6458,0.691,16,46,16,610137,66307,82525,43731,0.5251790013939932,0.39741725585706755
6459,0.6911,1,4,1,610141,66303,82526,43730,0.5251473197313395,0.3974262266774513
6460,0.6912,0,19,0,610160,66284,82526,43730,0.5249968318337347,0.39749486428999947
6461,0.6913,5,16,5,610176,66268,82531,43725,0.52487010518312,0.39752529706435863
6462,0.6914,2,7,2,610183,66261,82533,43723,0.5248146622734761,0.39753964212976434
6463,0.6915,3,23,3,610206,66238,82536,43720,0.5246324927132175,0.3976063587915386
6464,0.6916,4,4,4,610210,66234,82540,43716,0.5246008110505639,0.39759890859481584
6465,0.6917,64,115,64,610325,66119,82604,43652,0.5236899632492713,0.39766422825700776
6466,0.6918,6,11,6,610336,66108,82610,43646,0.5236028386769738,0.3976711554931939
6467,0.6919,1,4,1,610340,66104,82611,43645,0.5235711570143201,0.39768016109486193
6468,0.692,11,46,11,610386,66058,82622,43634,0.5232068178938031,0.3977865295554826
6469,0.6921,0,10,0,610396,66048,82622,43634,0.5231276137371689,0.3978227968126037
6470,0.6922,1,12,1,610408,66036,82623,43633,0.523032568749208,0.3978608357876884
6471,0.6923,6,17,6,610425,66019,82629,43627,0.5228979216829299,0.39788957189500757
6472,0.6924,1,5,1,610430,66014,82630,43626,0.5228583196046128,0.3979022254651587
6473,0.6925,53,142,53,610572,65872,82683,43573,0.5217336205804081,0.398126913061355
6474,0.6926,1,5,1,610577,65867,82684,43572,0.521694018502091,0.3981396028837983
6475,0.6927,9,35,9,610612,65832,82693,43563,0.5214168039538715,0.3982174688057041
6476,0.6928,1,7,1,610619,65825,82694,43562,0.5213613610442276,0.39823745051971443
6477,0.6929,3,12,3,610631,65813,82697,43559,0.5212663160562666,0.3982646381157883
6478,0.693,9,33,9,610664,65780,82706,43550,0.521004942339374,0.3983353151010702
6479,0.6931,2,5,2,610669,65775,82708,43548,0.5209653402610569,0.3983425262753492
6480,0.6932,5,20,5,610689,65755,82713,43543,0.5208069319477886,0.39838789364855715
6481,0.6933,125,263,125,610952,65492,82838,43418,0.5187238626283107,0.3986594435772656
6482,0.6934,3,4,3,610956,65488,82841,43415,0.5186921809656571,0.39865752091310613
6483,0.6935,5,15,5,610971,65473,82846,43410,0.5185733747307059,0.39868482683247153
6484,0.6936,5,1,5,610972,65472,82851,43405,0.5185654543150424,0.3986608741974889
6485,0.6937,2,14,2,610986,65458,82853,43403,0.5184545684957547,0.3987010958929277
6486,0.6938,3,15,3,611001,65443,82856,43400,0.5183357622608035,0.3987394687761271
6487,0.6939,0,3,0,611004,65440,82856,43400,0.5183120010138133,0.39875045938993015
6488,0.694,17,57,17,611061,65383,82873,43383,0.5178605373209986,0.3988654542779913
6489,0.6941,4,4,4,611065,65379,82877,43379,0.5178288556583449,0.39885801504257157
6490,0.6942,19,58,19,611123,65321,82896,43360,0.5173694715498669,0.39896578058722315
6491,0.6943,10,24,10,611147,65297,82906,43350,0.517179381573945,0.3989985917696761
6492,0.6944,1,3,1,611150,65294,82907,43349,0.5171556203269547,0.3990040775751774
6493,0.6945,6,10,6,611160,65284,82913,43343,0.5170764161703206,0.3990076132085025
6494,0.6946,1,4,1,611164,65280,82914,43342,0.517044734507667,0.3990167737659038
6495,0.6947,4,16,4,611180,65264,82918,43338,0.5169180078570523,0.3990534244304893
6496,0.6948,5,14,5,611194,65250,82923,43333,0.5168071220377646,0.39907720361382537
6497,0.6949,0,4,0,611198,65246,82923,43333,0.5167754403751109,0.3990919054329106
6498,0.695,239,503,239,611701,64743,83162,43094,0.5127914712964137,0.39962165119578624
6499,0.6951,1,5,1,611706,64738,83163,43093,0.5127518692180966,0.3996346134228561
6500,0.6952,2,15,2,611721,64723,83165,43091,0.5126330629831454,0.39967907692878474
6501,0.6953,4,5,4,611726,64718,83169,43087,0.5125934609048283,0.39967533973377856
6502,0.6954,3,13,3,611739,64705,83172,43084,0.512490495501204,0.3997068346491757
6503,0.6955,14,25,14,611764,64680,83186,43070,0.5122924851096186,0.3997215777262181
6504,0.6956,2,3,2,611767,64677,83188,43068,0.5122687238626283,0.39972156480579146
6505,0.6957,9,26,9,611793,64651,83197,43059,0.5120627930553795,0.3997678952743478
6506,0.6958,22,66,22,611859,64585,83219,43037,0.5115400456215943,0.3998903569902065
6507,0.6959,2,3,2,611862,64582,83221,43035,0.511516284374604,0.3998903518960759
6508,0.696,19,71,19,611933,64511,83240,43016,0.5109539348625016,0.40004835994680404
6509,0.6961,0,6,0,611939,64505,83240,43016,0.5109064123685211,0.4000706838664075
6510,0.6962,5,13,5,611952,64492,83245,43011,0.5108034469648968,0.4000911602466908
6511,0.6963,2,17,2,611969,64475,83247,43009,0.5106687998986187,0.400143277138923
6512,0.6964,0,10,0,611979,64465,83247,43009,0.5105895957419846,0.4001805087742152
6513,0.6965,5,16,5,611995,64449,83252,43004,0.51046286909137,0.4002121857928583
6514,0.6966,0,2,0,611997,64447,83252,43004,0.5104470282600431,0.400219634996417
6515,0.6967,118,253,118,612250,64194,83370,42886,0.5084431630971994,0.40050429585356745
6516,0.6968,4,8,4,612258,64186,83374,42882,0.5083797997718921,0.4005118242612172
6517,0.6969,0,6,0,612264,64180,83374,42882,0.5083322772779115,0.40053426986232277
6518,0.697,7,25,7,612289,64155,83381,42875,0.5081342668863262,0.40058862001308043
6519,0.6971,2,13,2,612302,64142,83383,42873,0.5080313014827018,0.40062608045601084
6520,0.6972,5,19,5,612321,64123,83388,42868,0.507880813585097,0.40066921516763093
6521,0.6973,7,18,7,612339,64105,83395,42861,0.5077382461031555,0.40069741787109925
6522,0.6974,4,6,4,612345,64099,83399,42857,0.507690723609175,0.40069748307715325
6523,0.6975,57,144,57,612489,63955,83456,42800,0.5065501837536434,0.4009179897897054
6524,0.6976,1,1,1,612490,63954,83457,42799,0.50654226333798,0.4009161335044448
6525,0.6977,8,23,8,612513,63931,83465,42791,0.5063600937777215,0.4009576282303555
6526,0.6978,2,15,2,612528,63916,83467,42789,0.5062412875427702,0.40100276463146056
6527,0.6979,0,6,0,612534,63910,83467,42789,0.5061937650487898,0.4010253142016326
6528,0.698,17,38,17,612572,63872,83484,42772,0.50589278925358,0.40107272795469034
6529,0.6981,2,1,2,612573,63871,83486,42770,0.5058848688379166,0.4010652563273038
6530,0.6982,7,14,7,612587,63857,83493,42763,0.5057739830186289,0.4010785968861377
6531,0.6983,69,119,69,612706,63738,83562,42694,0.5048314535546825,0.40113875526157544
6532,0.6984,1,8,1,612714,63730,83563,42693,0.5047680902293752,0.4011632823731712
6533,0.6985,5,32,5,612746,63698,83568,42688,0.504514636928146,0.4012558043351569
6534,0.6986,1,11,1,612757,63687,83569,42687,0.5044275123558485,0.401291669016865
6535,0.6987,7,11,7,612768,63676,83576,42680,0.5043403877835508,0.40129376809959005
6536,0.6988,5,15,5,612783,63661,83581,42675,0.5042215815485996,0.40132222389407163
6537,0.6989,3,10,3,612793,63651,83584,42672,0.5041423773919655,0.40134307722694057
6538,0.699,10,17,10,612810,63634,83594,42662,0.5040077303256875,0.40135094453224957
6539,0.6991,1,1,1,612811,63633,83595,42661,0.5039998099100241,0.401349088377519
6540,0.6992,11,37,11,612848,63596,83606,42650,0.5037067545304778,0.40142687724714343
6541,0.6993,13,30,13,612878,63566,83619,42637,0.5034691420605754,0.40146700187377005
6542,0.6994,2,7,2,612885,63559,83621,42635,0.5034136991509315,0.40148219296758764
6543,0.6995,2,14,2,612899,63545,83623,42633,0.5033028133316436,0.4015238561660608
6544,0.6996,1,5,1,612904,63540,83624,42632,0.5032632112533266,0.4015371284331085
6545,0.6997,10,12,10,612916,63528,83634,42622,0.5031681662653656,0.4015261422515308
6546,0.6998,5,17,5,612933,63511,83639,42617,0.5030335191990876,0.4015622644353988
6547,0.7,929,1929,929,614862,61582,84568,41688,0.48775503738436193,0.40367967463929505
6548,0.7001,0,7,0,614869,61575,84568,41688,0.48769959447471806,0.40370703930739954
6549,0.7002,3,26,3,614895,61549,84571,41685,0.48749366366746927,0.4037913865586919
6550,0.7003,5,19,5,614914,61530,84576,41680,0.4873431757698644,0.4038368375157446
6551,0.7004,1,7,1,614921,61523,84577,41679,0.4872877328602205,0.4038584523555745
6552,0.7005,2,8,2,614929,61515,84579,41677,0.4872243695349132,0.40387820761299326
6553,0.7006,3,7,3,614936,61508,84582,41674,0.4871689266252693,0.4038882750867399
6554,0.7007,8,32,8,614968,61476,84590,41666,0.48691547332404006,0.40396734598902484
6555,0.7008,10,45,10,615013,61431,84600,41656,0.4865590546191864,0.4040858692172631
6556,0.7009,3,11,3,615024,61420,84603,41653,0.4864719300468889,0.404111649025448
6557,0.701,13,37,13,615061,61383,84616,41640,0.48617887466734255,0.40418159051862207
6558,0.7011,0,5,0,615066,61378,84616,41640,0.48613927258902545,0.4042012075559611
6559,0.7012,5,14,5,615080,61364,84621,41635,0.4860283867697377,0.40422722550704376
6560,0.7013,4,17,4,615097,61347,84625,41631,0.4858937397034596,0.4042708151255608
6561,0.7014,1,5,1,615102,61342,84626,41630,0.48585413762514257,0.4042846599075477
6562,0.7015,0,19,0,615121,61323,84626,41630,0.4857036497275377,0.40435927073518985
6563,0.7016,1,6,1,615127,61317,84627,41629,0.4856561272335572,0.4043770520467041
6564,0.7017,60,138,60,615265,61179,84687,41569,0.48456310987200607,0.4045723517732705
6565,0.7018,3,15,3,615280,61164,84690,41566,0.4844443036370549,0.4046140367954833
6566,0.7019,2,11,2,615291,61153,84692,41564,0.48435717906475734,0.4046457743119445
6567,0.702,14,43,14,615334,61110,84706,41550,0.4840166011912305,0.40473407364114555
6568,0.7021,2,5,2,615339,61105,84708,41548,0.4839769991129134,0.4047421897070714
6569,0.7022,3,11,3,615350,61094,84711,41545,0.4838898745406159,0.4047681680452849
6570,0.7023,4,20,4,615370,61074,84715,41541,0.4837314662273476,0.4048238561613799
6571,0.7024,5,6,5,615376,61068,84720,41536,0.48368394373336715,0.4048185255935441
6572,0.7025,42,116,42,615492,60952,84762,41494,0.4827651755164111,0.405032895379029
6573,0.7026,2,11,2,615503,60941,84764,41492,0.48267805094411353,0.40506477404742613
6574,0.7027,4,24,4,615527,60917,84768,41488,0.48248796096819163,0.4051364679459011
6575,0.7028,2,8,2,615535,60909,84770,41486,0.4824245976428843,0.4051565017823136
6576,0.7029,4,14,4,615549,60895,84774,41482,0.4823137118235965,0.4051886654228977
6577,0.703,10,26,10,615575,60869,84784,41472,0.4821077810163477,0.4052334841363676
6578,0.7031,0,2,0,615577,60867,84784,41472,0.4820919401850209,0.4052414035704863
6579,0.7032,5,26,5,615603,60841,84789,41467,0.48188600937777215,0.40531532235993273
6580,0.7033,129,247,129,615850,60594,84918,41338,0.4799296667089089,0.4055448730526233
6581,0.7034,3,12,3,615862,60582,84921,41335,0.47983462172094793,0.4055751248565009
6582,0.7035,3,15,3,615877,60567,84924,41332,0.47971581548599673,0.40561732696101044
6583,0.7036,0,9,0,615886,60558,84924,41332,0.47964453174502597,0.40565315536362745
6584,0.7037,5,17,5,615903,60541,84929,41327,0.47950988467874794,0.4056916794282797
6585,0.7038,2,18,2,615921,60523,84931,41325,0.4793673171968065,0.40575170842824604
6586,0.7039,0,3,0,615924,60520,84931,41325,0.47934355594981626,0.40576366046443124
6587,0.704,23,55,23,615979,60465,84954,41302,0.47890793308832846,0.405848654278892
6588,0.7041,1,3,1,615982,60462,84955,41301,0.47888417184133825,0.4058547802246396
6589,0.7042,24,59,24,616041,60403,84979,41277,0.4784168673171968,0.40595003933910306
6590,0.7043,5,24,5,616065,60379,84984,41272,0.4782267773412749,0.40601666486311005
6591,0.7044,2,9,2,616074,60370,84986,41270,0.4781554936003041,0.40604092876820147
6592,0.7045,4,14,4,616088,60356,84990,41266,0.4780446077810164,0.4060734880242467
6593,0.7046,1,7,1,616095,60349,84991,41265,0.47798916487137244,0.40609561674572403
6594,0.7047,8,24,8,616119,60325,84999,41257,0.47779907489545054,0.4061447894311984
6595,0.7048,5,14,5,616133,60311,85004,41252,0.47768818907616273,0.40617153884780877
6596,0.7049,1,4,1,616137,60307,85005,41251,0.47765650741350907,0.406181689281002
6597,0.705,238,468,238,616605,59839,85243,41013,0.4739497528830313,0.4066652123904335
6598,0.7051,0,3,0,616608,59836,85243,41013,0.47392599163604104,0.4066773096411467
6599,0.7052,6,20,6,616628,59816,85249,41007,0.4737675833227728,0.40672267240609783
6600,0.7053,7,21,7,616649,59795,85256,41000,0.47360125459384106,0.40676620864130164
6601,0.7054,0,3,0,616652,59792,85256,41000,0.47357749334685084,0.40677831573934436
6602,0.7055,2,18,2,616670,59774,85258,40998,0.4734349258649094,0.40683920136545865
6603,0.7056,0,6,0,616676,59768,85258,40998,0.4733874033709289,0.40686342615564774
6604,0.7057,5,31,5,616707,59737,85263,40993,0.47314187048536305,0.4069591978556537
6605,0.7058,20,52,20,616759,59685,85283,40973,0.4727300088708655,0.40705160046891453
6606,0.7059,1,3,1,616762,59682,85284,40972,0.4727062476238753,0.4070578417151827
6607,0.706,28,57,28,616819,59625,85312,40944,0.4722547839310607,0.40712346747009515
6608,0.7061,2,5,2,616824,59620,85314,40942,0.47221518185274364,0.40713191861737036
6609,0.7062,6,18,6,616842,59602,85320,40936,0.47207261437080217,0.40716942847480553
6610,0.7063,8,13,8,616855,59589,85328,40928,0.4719696489671778,0.40717490573733794
6611,0.7064,1,5,1,616860,59584,85329,40927,0.47193004688886075,0.4071892628667509
6612,0.7065,6,16,6,616876,59568,85335,40921,0.4718033202382461,0.40721870055428955
6613,0.7066,3,5,3,616881,59563,85338,40918,0.471763718159929,0.40722126571192563
6614,0.7067,135,279,135,617160,59284,85473,40783,0.46955392218983655,0.4075569368523089
6615,0.7068,7,12,7,617172,59272,85480,40776,0.46945887720187557,0.4075643691028306
6616,0.7069,1,3,1,617175,59269,85481,40775,0.4694351159548853,0.4075706689056815
6617,0.707,11,11,11,617186,59258,85492,40764,0.46934799138258776,0.4075503389254364
6618,0.7071,5,8,5,617194,59250,85497,40759,0.46928462805728044,0.4075533202011819
6619,0.7072,0,14,0,617208,59236,85497,40759,0.46917374223799263,0.4076103805190259
6620,0.7073,12,26,12,617234,59210,85509,40747,0.4689678114307439,0.40764528747361367
6621,0.7074,0,6,0,617240,59204,85509,40747,0.4689202889367634,0.4076697581815089
6622,0.7075,62,137,62,617377,59067,85571,40685,0.4678351919908757,0.4078614965113481
6623,0.7076,0,6,0,617383,59061,85571,40685,0.4677876694968952,0.4078860305175145
6624,0.7077,6,18,6,617401,59043,85577,40679,0.46764510201495374,0.4079240288000642
6625,0.7078,2,15,2,617416,59028,85579,40677,0.46752629578000254,0.40797352188957425
6626,0.7079,0,7,0,617423,59021,85579,40677,0.4674708528703586,0.40800216654295973
6627,0.708,21,44,21,617467,58977,85600,40656,0.4671223545811684,0.4080575712866219
6628,0.7081,1,0,1,617467,58977,85601,40655,0.4671223545811684,0.4080516299983941
6629,0.7082,2,13,2,617480,58964,85603,40653,0.46701938917754404,0.4080929961753516
6630,0.7083,39,128,39,617608,58836,85642,40614,0.46600557597262704,0.40838612368024135
6631,0.7084,3,1,3,617609,58835,85645,40611,0.46599765555696365,0.40837238300183015
6632,0.7085,4,21,4,617630,58814,85649,40607,0.4658313268280319,0.4084348377103429
6633,0.7086,2,4,2,617634,58810,85651,40605,0.4657996451653783,0.40843937031635064
6634,0.7087,9,13,9,617647,58797,85660,40596,0.4656966797617539,0.4084392261024418
6635,0.7088,5,16,5,617663,58781,85665,40591,0.46556995311113925,0.40847522440929035
6636,0.7089,3,2,3,617665,58779,85668,40588,0.46555411227981247,0.4084655871667656
6637,0.709,8,31,8,617696,58748,85676,40580,0.46530857939424664,0.40854542525773196
6638,0.7091,1,6,1,617702,58742,85677,40579,0.46526105690026615,0.4085641505824549
6639,0.7092,22,58,22,617760,58684,85699,40557,0.46480167279178813,0.40867181910702227
6640,0.7093,13,33,13,617793,58651,85712,40544,0.46454029907489547,0.4087302787438883
6641,0.7094,1,1,1,617794,58650,85713,40543,0.464532378659232,0.4087284384986844
6642,0.7095,12,14,12,617808,58636,85725,40531,0.4644214928399442,0.4087145925559914
6643,0.7096,0,5,0,617813,58631,85725,40531,0.46438189076162717,0.408735200984248
6644,0.7097,6,20,6,617833,58611,85731,40525,0.46422348244835887,0.4087818754034861
6645,0.7098,7,18,7,617851,58593,85738,40518,0.46408091496641746,0.40881435965735385
6646,0.7099,2,10,2,617861,58583,85740,40516,0.4640017108097833,0.4088436815709543
6647,0.71,1018,1887,1018,619748,56696,86758,39498,0.44905588645292105,0.41060773021186353
6648,0.7101,2,4,2,619752,56692,86760,39496,0.4490242047902674,0.41061255042209005
6649,0.7102,5,17,5,619769,56675,86765,39491,0.44888955772398936,0.4106544932720504
6650,0.7103,7,29,7,619798,56646,86772,39484,0.44865986566975036,0.4107354623946739
6651,0.7104,1,10,1,619808,56636,86773,39483,0.4485806615131162,0.41077206379591963
6652,0.7105,6,8,6,619816,56628,86779,39477,0.4485172981878089,0.41076947089121274
6653,0.7106,1,3,1,619819,56625,86780,39476,0.44849353694081867,0.4107761625789534
6654,0.7107,5,25,5,619844,56600,86785,39471,0.4482955265492333,0.4108523904195855
6655,0.7108,25,57,25,619901,56543,86810,39446,0.4478440628564187,0.4109429205429789
6656,0.7109,2,5,2,619906,56538,86812,39444,0.44780446077810165,0.4109520535100331
6657,0.711,11,28,11,619934,56510,86823,39433,0.44758268913952604,0.41100445055918616
6658,0.7111,1,8,1,619942,56502,86824,39432,0.4475193258142187,0.4110325849021202
6659,0.7112,2,12,2,619954,56490,86826,39430,0.44742428082625774,0.41107172643869894
6660,0.7113,6,24,6,619978,56466,86832,39424,0.44723419085033583,0.41113776201898006
6661,0.7114,1,4,1,619982,56462,86833,39423,0.4472025091876822,0.4111487719664181
6662,0.7115,3,23,3,620005,56439,86836,39420,0.44702033962742366,0.41122899258285606
6663,0.7116,0,1,0,620006,56438,86836,39420,0.4470124192117602,0.41123328256379227
6664,0.7117,54,132,54,620138,56306,86890,39366,0.4459669243441896,0.41146835019650474
6665,0.7118,2,6,2,620144,56300,86892,39364,0.4459194018502091,0.41148185315270114
6666,0.7119,0,3,0,620147,56297,86892,39364,0.44589564060321885,0.4114947575291916
6667,0.712,12,34,12,620181,56263,86904,39352,0.4456263464706628,0.411567222716101
6668,0.7121,1,4,1,620185,56259,86905,39351,0.44559466480800913,0.41157828679008474
6669,0.7122,2,12,2,620197,56247,86907,39349,0.44549961982004815,0.4116176409054772
6670,0.7123,6,12,6,620209,56235,86913,39343,0.4454045748320872,0.41163238402142754
6671,0.7124,0,5,0,620214,56230,86913,39343,0.4453649727537701,0.4116539189938581
6672,0.7125,63,128,63,620342,56102,86976,39280,0.4443511595488531,0.4118177433897381
6673,0.7126,0,3,0,620345,56099,86976,39280,0.4443273983018629,0.4118306964845511
6674,0.7127,5,30,5,620375,56069,86981,39275,0.44408978583196046,0.4119294344688706
6675,0.7128,2,7,2,620382,56062,86983,39273,0.4440343429223166,0.41194734357790946
6676,0.7129,1,3,1,620385,56059,86984,39272,0.4440105816753263,0.4119541387376614
6677,0.713,6,22,6,620407,56037,86990,39266,0.44383633253073124,0.4120122136763795
6678,0.7131,1,9,1,620416,56028,86991,39265,0.4437650487897605,0.41204495608281827
6679,0.7132,3,6,3,620422,56022,86994,39262,0.44371752629578,0.41205239074765965
6680,0.7133,105,231,105,620653,55791,87099,39157,0.4418879102775314,0.4124046846695033
6681,0.7135,4,9,4,620662,55782,87103,39153,0.4418166265365606,0.41241902354242377
6682,0.7136,2,4,2,620666,55778,87105,39151,0.44178494487390696,0.41242402216393304
6683,0.7137,5,12,5,620678,55766,87110,39146,0.44168989988594604,0.41244521240728255
6684,0.7138,1,12,1,620690,55754,87111,39145,0.44159485489798506,0.412491174827975
6685,0.7139,1,3,1,620693,55751,87112,39144,0.4415710936509948,0.4124980241319353
6686,0.714,22,42,22,620735,55709,87134,39122,0.4412384361931314,0.4125444211281121
6687,0.7141,2,4,2,620739,55705,87136,39120,0.44120675453047775,0.41254943316635906
6688,0.7142,21,42,21,620781,55663,87157,39099,0.4408740970726144,0.4126020978873388
6689,0.7143,6,34,6,620815,55629,87163,39093,0.44060480294005827,0.4127129917020333
6690,0.7144,7,8,7,620823,55621,87170,39086,0.440541439614751,0.4127044463450431
6691,0.7145,8,17,8,620840,55604,87178,39078,0.4404067925484729,0.4127289241883357
6692,0.7146,0,3,0,620843,55601,87178,39078,0.4403830313014827,0.4127420019222848
6693,0.7147,2,14,2,620857,55587,87180,39076,0.4402721454821949,0.4127906362570381
6694,0.7148,2,12,2,620869,55575,87182,39074,0.4401771004942339,0.41283056345022134
6695,0.7149,0,9,0,620878,55566,87182,39074,0.4401058167532632,0.4128698224852071
6696,0.715,230,511,230,621389,55055,87412,38844,0.43605848434925865,0.41367852692786933
6697,0.7151,1,5,1,621394,55050,87413,38843,0.4360188822709416,0.4136943116100242
6698,0.7152,4,10,4,621404,55040,87417,38839,0.43593967811430745,0.41371339703235016
6699,0.7153,4,20,4,621424,55020,87421,38835,0.43578126980103915,0.4137765702413297
6700,0.7154,2,8,2,621432,55012,87423,38833,0.43571790647573183,0.4137993499920081
6701,0.7155,10,8,10,621440,55004,87433,38823,0.4356545431504245,0.41377215513658117
6702,0.7156,2,6,2,621446,54998,87435,38821,0.4356070206564441,0.4137861200822861
6703,0.7157,7,17,7,621463,54981,87442,38814,0.435472373590166,0.4138173676635215
6704,0.7158,13,48,13,621511,54933,87455,38801,0.43509219363832213,0.41394798045533104
6705,0.7159,2,0,2,621511,54933,87457,38799,0.43509219363832213,0.4139354756113174
6706,0.716,20,44,20,621555,54889,87477,38779,0.43474369534913193,0.4140047828500662
6707,0.7161,0,4,0,621559,54885,87477,38779,0.43471201368647827,0.41402246327297576
6708,0.7162,4,17,4,621576,54868,87481,38775,0.43457736662020024,0.41407259485492776
6709,0.7163,6,23,6,621599,54845,87487,38769,0.43439519705994173,0.41413677441408336
6710,0.7164,1,9,1,621608,54836,87488,38768,0.43432391331897097,0.41417033460108543
6711,0.7165,7,16,7,621624,54820,87495,38761,0.4341971866683564,0.414197326380355
6712,0.7166,2,6,2,621630,54814,87497,38759,0.4341496641743759,0.41421136438930034
6713,0.7167,111,253,111,621883,54561,87608,38648,0.4321457990115321,0.4146380714308704
6714,0.7168,7,15,7,621898,54546,87615,38641,0.4320269927765809,0.414660843250668
6715,0.7169,0,7,0,621905,54539,87615,38641,0.43197154986693703,0.41469199399012663
6716,0.717,8,17,8,621922,54522,87623,38633,0.431836902800659,0.4147174064730825
6717,0.7171,7,16,7,621938,54506,87630,38626,0.43171017615004437,0.41474466348838207
6718,0.7172,2,8,2,621946,54498,87632,38624,0.43164681282473705,0.41476772406090934
6719,0.7173,8,31,8,621977,54467,87640,38616,0.4314012799391712,0.4148555590172212
6720,0.7174,0,1,0,621978,54466,87640,38616,0.43139335952350777,0.4148600158999592
6721,0.7175,58,126,58,622104,54340,87698,38558,0.43039538714991765,0.41505737475510773
6722,0.7176,3,5,3,622109,54335,87701,38555,0.43035578507160055,0.4150608246312843
6723,0.7177,8,17,8,622126,54318,87709,38547,0.4302211380053225,0.4150864157648199
6724,0.7178,3,8,3,622134,54310,87712,38544,0.4301577746800152,0.41510328041872185
6725,0.7179,0,1,0,622135,54309,87712,38544,0.4301498542643518,0.41510775096119673
6726,0.718,21,30,21,622165,54279,87733,38523,0.42991224179444937,0.4151095881554277
6727,0.7181,0,4,0,622169,54275,87733,38523,0.4298805601317957,0.4151274811957154
6728,0.7182,8,18,8,622187,54257,87741,38515,0.42973799264985424,0.415157590652352
6729,0.7183,47,110,47,622297,54147,87788,38468,0.4288667469268787,0.4153538843599849
6730,0.7184,2,6,2,622303,54141,87790,38466,0.4288192244328982,0.41536816871294824
6731,0.7185,4,15,4,622318,54126,87794,38462,0.428700418197947,0.41541020434613557
6732,0.7186,4,3,4,622321,54123,87798,38458,0.4286766569509568,0.4153984078806667
6733,0.7187,9,20,9,622341,54103,87807,38449,0.4285182486376885,0.41543132509292074
6734,0.7188,4,12,4,622353,54091,87811,38445,0.4284232036497275,0.41545992910867124
6735,0.7189,0,5,0,622358,54086,87811,38445,0.4283836015714105,0.4154823788784299
6736,0.719,10,23,10,622381,54063,87821,38435,0.42820143201115196,0.41552249778373584
6737,0.7191,0,4,0,622385,54059,87821,38435,0.4281697503484983,0.4155404674897831
6738,0.7192,15,42,15,622427,54017,87836,38420,0.4278370928906349,0.41563443209970036
6739,0.7193,6,22,6,622449,53995,87842,38414,0.4276628437460398,0.4156954409202567
6740,0.7194,0,5,0,622454,53990,87842,38414,0.4276232416677227,0.4157179342885589
6741,0.7195,1,13,1,622467,53977,87843,38413,0.42752027626409833,0.4157701049897175
6742,0.7196,1,7,1,622474,53970,87844,38412,0.42746483335445445,0.4157952847957394
6743,0.7197,4,19,4,622493,53951,87848,38408,0.4273143454568496,0.4158555203066296
6744,0.7198,4,18,4,622511,53933,87852,38404,0.42717177797490813,0.4159112815014566
6745,0.7199,3,3,3,622514,53930,87855,38401,0.42714801672791786,0.4159058171145119
6746,0.72,980,1815,980,624329,52115,88835,37421,0.4127724622988214,0.4179436204431737
6747,0.7201,4,5,4,624334,52110,88839,37417,0.41273286022050437,0.417940956359534
6748,0.7202,2,11,2,624345,52099,88841,37415,0.41264573564820684,0.41797931049891635
6749,0.7203,3,6,3,624351,52093,88844,37412,0.41259821315422635,0.41798782190939054
6750,0.7204,2,9,2,624360,52084,88846,37410,0.4125269294132556,0.41801685029163965
6751,0.7205,2,6,2,624366,52078,88848,37408,0.41247940691927515,0.418031870907181
6752,0.7206,0,6,0,624372,52072,88848,37408,0.41243188442529466,0.4180599016540009
6753,0.7207,11,22,11,624394,52050,88859,37397,0.41225763528069953,0.4180911601283442
6754,0.7208,15,42,15,624436,52008,88874,37382,0.41192497782283616,0.41818995413357196
6755,0.7209,0,10,0,624446,51998,88874,37382,0.411845773666202,0.4182367420004475
6756,0.721,11,20,11,624466,51978,88885,37371,0.4116873653529337,0.41825873820635934
6757,0.7211,3,3,3,624469,51975,88888,37368,0.4116636041059435,0.4182532487156241
6758,0.7212,5,17,5,624486,51958,88893,37363,0.41152895703966547,0.4183002877262906
6759,0.7213,6,27,6,624513,51931,88899,37357,0.4113151058167533,0.4183876892751546
6760,0.7214,1,2,1,624515,51929,88900,37356,0.41129926498542646,0.418390547124377
6761,0.7215,4,18,4,624533,51911,88904,37352,0.411156697503485,0.418448853388302
6762,0.7216,1,5,1,624538,51906,88905,37351,0.4111170954251679,0.41846577859439593
6763,0.7217,50,106,50,624644,51800,88955,37301,0.410277531364846,0.4186372767982402
6764,0.7218,8,18,8,624662,51782,88963,37293,0.4101349638829046,0.41866966039854053
6765,0.7219,3,7,3,624669,51775,88966,37290,0.41007952097326067,0.41868298433728174
6766,0.722,13,29,13,624698,51746,88979,37277,0.40984982891902166,0.4187344843467419
6767,0.7221,0,4,0,624702,51742,88979,37277,0.409818147256368,0.41875329985733384
6768,0.7222,4,7,4,624709,51735,88983,37273,0.4097627043467241,0.4187601114506561
6769,0.7223,5,17,5,624726,51718,88988,37268,0.4096280572804461,0.4188074528577529
6770,0.7224,2,6,2,624732,51712,88990,37266,0.4095805347864656,0.4188226303131111
6771,0.7225,64,121,64,624853,51591,89054,37202,0.4086221644911925,0.4189744687081189
6772,0.7226,2,7,2,624860,51584,89056,37200,0.4085667215815486,0.41899441340782123
6773,0.7227,8,11,8,624871,51573,89064,37192,0.40847959700925107,0.4189939728496592
6774,0.7228,1,18,1,624889,51555,89065,37191,0.4083370295273096,0.4190724088973024
6775,0.7229,5,7,5,624896,51548,89070,37186,0.40828158661766567,0.41907273423941216
6776,0.723,4,25,4,624921,51523,89074,37182,0.4080835762260803,0.41916464686319826
6777,0.7231,4,4,4,624925,51519,89078,37178,0.40805189456342666,0.4191573559421401
6778,0.7232,4,17,4,624942,51502,89082,37174,0.40791724749714864,0.41921151157021064
6779,0.7233,114,239,114,625181,51263,89196,37060,0.4060242681535927,0.4195962546562051
6780,0.7234,1,5,1,625186,51258,89197,37059,0.4059846660752756,0.41961343795645234
6781,0.7235,1,10,1,625196,51248,89198,37058,0.40590546191864146,0.41965438362059204
6782,0.7236,0,15,0,625211,51233,89198,37058,0.40578665568369027,0.4197256798541188
6783,0.7237,7,15,7,625226,51218,89205,37051,0.40566784944873907,0.4197509884557432
6784,0.7238,5,12,5,625238,51206,89210,37046,0.4055728044607781,0.41977518923083895
6785,0.7239,0,4,0,625242,51202,89210,37046,0.40554112279812443,0.4197942162995195
6786,0.724,26,49,26,625291,51153,89236,37020,0.4051530224306172,0.4198564186315539
6787,0.7241,0,3,0,625294,51150,89236,37020,0.4051292611836269,0.41987070432119766
6788,0.7242,16,48,16,625342,51102,89252,37004,0.40474908123178305,0.4199940980182961
6789,0.7243,13,23,13,625365,51079,89265,36991,0.40456691167152453,0.42001816736686726
6790,0.7244,1,3,1,625368,51076,89266,36990,0.40454315042453426,0.42002588967365384
6791,0.7245,4,13,4,625381,51063,89270,36986,0.4044401850209099,0.4200615566332383
6792,0.7246,0,1,0,625382,51062,89270,36986,0.4044322646052465,0.4200663274577503
6793,0.7247,7,9,7,625391,51053,89277,36979,0.40436098086427574,0.4200631588513268
6794,0.7248,1,10,1,625401,51043,89278,36978,0.4042817767076416,0.42010429329364585
6795,0.7249,1,4,1,625405,51039,89279,36977,0.40425009504498793,0.42011679694600984
6796,0.725,218,457,218,625862,50582,89497,36759,0.4006304650868078,0.42086763375734193
6797,0.7251,3,1,3,625863,50581,89500,36756,0.40062254467114433,0.4208525596253592
6798,0.7252,8,11,8,625874,50570,89508,36748,0.4005354200988468,0.4208525160906113
6799,0.7253,5,10,5,625884,50560,89513,36743,0.40045621594221265,0.42086755323413855
6800,0.7254,1,1,1,625885,50559,89514,36742,0.40044829552654926,0.4208657403695261
6801,0.7255,6,14,6,625899,50545,89520,36736,0.40033740970726145,0.42089343614303226
6802,0.7256,3,2,3,625901,50543,89523,36733,0.4003215688759346,0.4208831752142628
6803,0.7257,14,21,14,625922,50522,89537,36719,0.40015524014700293,0.42089155328343325
6804,0.7258,15,67,15,625989,50455,89552,36704,0.39962457229755416,0.4211154327149233
6805,0.7259,1,7,1,625996,50448,89553,36703,0.3995691293879103,0.4211426145425755
6806,0.726,29,46,29,626042,50402,89582,36674,0.39920479026739325,0.4211723092470945
6807,0.7261,4,4,4,626046,50398,89586,36670,0.3991731086047396,0.42116506638489454
6808,0.7262,4,16,4,626062,50382,89590,36666,0.39904638195412495,0.42121588089330025
6809,0.7263,6,11,6,626073,50371,89596,36660,0.3989592573818274,0.42122921717548917
6810,0.7264,3,3,3,626076,50368,89599,36657,0.39893549613483714,0.4212237862683137
6811,0.7265,4,19,4,626095,50349,89603,36653,0.3987850082372323,0.4212891657663042
6812,0.7266,1,1,1,626096,50348,89604,36652,0.3987770878215689,0.42128735632183906
6813,0.7267,125,249,125,626345,50099,89729,36527,0.39680490432137877,0.42166324198277655
6814,0.7268,8,14,8,626359,50085,89737,36519,0.396694018502091,0.42167798254122213
6815,0.7269,0,5,0,626364,50080,89737,36519,0.3966544164237739,0.42170232912620237
6816,0.727,8,7,8,626371,50073,89745,36511,0.39659897351413004,0.4216829899288552
6817,0.7271,4,2,4,626373,50071,89749,36507,0.3965831326828032,0.42166601215089283
6818,0.7272,3,12,3,626385,50059,89752,36504,0.39648808769484223,0.42170442336795166
6819,0.7273,13,26,13,626411,50033,89765,36491,0.39628215688759344,0.4217442559289908
6820,0.7274,2,5,2,626416,50028,89767,36489,0.3962425548092764,0.42175526197163565
6821,0.7275,61,120,61,626536,49908,89828,36428,0.3952921049296667,0.4219329132690882
6822,0.7276,0,4,0,626540,49904,89828,36428,0.39526042326701305,0.42195246258629476
6823,0.7277,7,24,7,626564,49880,89835,36421,0.3950703332910911,0.42202291978076734
6824,0.7278,2,9,2,626573,49871,89837,36419,0.3949990495501204,0.4220535403870669
6825,0.7279,2,4,2,626577,49867,89839,36417,0.3949673678874667,0.42205970979555885
6826,0.728,14,41,14,626618,49826,89853,36403,0.39464263084526674,0.4221665564949147
6827,0.7281,1,5,1,626623,49821,89854,36402,0.3946030287669497,0.42218433596604155
6828,0.7282,4,16,4,626639,49805,89858,36398,0.39447630211633505,0.4222358850620048
6829,0.7283,42,97,42,626736,49708,89900,36356,0.3937080217969839,0.4224298196690835
6830,0.7284,1,4,1,626740,49704,89901,36355,0.3936763401343302,0.42244274276949534
6831,0.7285,6,17,6,626757,49687,89907,36349,0.3935416930680522,0.4224859361197638
6832,0.7286,2,8,2,626765,49679,89909,36347,0.3934783297427449,0.42251179875851486
6833,0.7287,6,14,6,626779,49665,89915,36341,0.3933674439234571,0.42254028788689163
6834,0.7288,8,14,8,626793,49651,89923,36333,0.3932565581041693,0.42255535913658354
6835,0.7289,2,1,2,626794,49650,89925,36331,0.3932486376885059,0.4225468417441063
6836,0.729,6,28,6,626822,49622,89931,36325,0.3930268660499303,0.42264418769706913
6837,0.7291,1,3,1,626825,49619,89932,36324,0.39300310480294004,0.4226522229850017
6838,0.7292,12,64,12,626889,49555,89944,36312,0.39249619820048154,0.4228865571174025
6839,0.7293,5,11,5,626900,49544,89949,36307,0.392409073628184,0.42290712979464423
6840,0.7294,1,10,1,626910,49534,89950,36306,0.39232986947154985,0.42294967381174275
6841,0.7295,6,14,6,626924,49520,89956,36300,0.39221898365226204,0.4229783267303659
6842,0.7296,2,10,2,626934,49510,89958,36298,0.39213977949562795,0.423014171172851
6843,0.7297,4,10,4,626944,49500,89962,36294,0.3920605753389938,0.4230365759843346
6844,0.7298,5,5,5,626949,49495,89967,36289,0.3920209732606767,0.4230276042152383
6845,0.7299,0,4,0,626953,49491,89967,36289,0.39198929159802304,0.42304733038004194
6846,0.73,973,1817,973,628770,47674,90940,35316,0.37759789633759977,0.4255452464152307
6847,0.7301,0,2,0,628772,47672,90940,35316,0.377582055506273,0.4255555020002892
6848,0.7302,5,15,5,628787,47657,90945,35311,0.37746324927132174,0.4255978208465915
6849,0.7303,3,23,3,628810,47634,90948,35308,0.3772810797110632,0.42569506402064095
6850,0.7304,2,10,2,628820,47624,90950,35306,0.3772018755544291,0.42573254552031836
6851,0.7305,5,13,5,628833,47611,90955,35301,0.3770989101508047,0.4257646661520648
6852,0.7306,0,3,0,628836,47608,90955,35301,0.3770751489038145,0.4257800721272721
6853,0.7307,4,20,4,628856,47588,90959,35297,0.3769167405905462,0.42585510044036917
6854,0.7308,10,49,10,628905,47539,90969,35287,0.3765286402230389,0.4260377176249004
6855,0.7309,0,3,0,628908,47536,90969,35287,0.3765048789760487,0.4260531494874612
6856,0.731,10,25,10,628933,47511,90979,35277,0.3763068685844633,0.4261124800695753
6857,0.7311,1,5,1,628938,47506,90980,35276,0.3762672665061462,0.42613128457877314
6858,0.7312,1,20,1,628958,47486,90981,35275,0.376108858192878,0.42622732929761603
6859,0.7313,3,21,3,628979,47465,90984,35272,0.3759425294639463,0.4263147080508116
6860,0.7314,1,7,1,628986,47458,90985,35271,0.37588708655430236,0.42634384556805954
6861,0.7315,6,26,6,629012,47432,90991,35265,0.37568115574705363,0.4264362673373883
6862,0.7316,1,5,1,629017,47427,90992,35264,0.3756415536687365,0.4264551160343931
6863,0.7317,59,121,59,629138,47306,91051,35205,0.37468318337346346,0.42667038334282703
6864,0.7318,3,16,3,629154,47290,91054,35202,0.3745564567228488,0.4267322891916792
6865,0.7319,2,7,2,629161,47283,91056,35200,0.37450101381320494,0.4267546039790017
6866,0.732,24,23,24,629184,47260,91080,35176,0.37431884425294637,0.42670677859187733
6867,0.7321,5,11,5,629195,47249,91085,35171,0.37423171968064883,0.42672894928415434
6868,0.7322,2,14,2,629209,47235,91087,35169,0.374120833861361,0.42678753458569973
6869,0.7323,6,16,6,629225,47219,91093,35163,0.37399410721074644,0.4268286761671239
6870,0.7324,2,2,2,629227,47217,91095,35161,0.3739782663794196,0.4268251232125082
6871,0.7325,48,106,48,629333,47111,91143,35113,0.3731387023190977,0.42704076668612573
6872,0.7326,2,4,2,629337,47107,91145,35111,0.3731070206564441,0.42704760514729134
6873,0.7327,9,16,9,629353,47091,91154,35102,0.37298029400582944,0.42706799849135574
6874,0.7328,4,12,4,629365,47079,91158,35098,0.37288524901786846,0.4271024739282281
6875,0.7329,2,6,2,629371,47073,91160,35096,0.37283772652388797,0.4271197166814735
6876,0.733,6,19,6,629390,47054,91166,35090,0.3726872386262831,0.42717666536813403
6877,0.7331,2,5,2,629395,47049,91168,35088,0.372647636547966,0.42718872128273494
6878,0.7332,4,11,4,629406,47038,91172,35084,0.3725605119756685,0.42721804145052483
6879,0.7333,107,223,107,629629,46815,91279,34977,0.37079425928272713,0.4276335093896714
6880,0.7334,2,3,2,629632,46812,91281,34975,0.3707704980357369,0.4276351987479673
6881,0.7335,5,20,5,629652,46792,91286,34970,0.3706120897224686,0.4277048017416404
6882,0.7336,0,3,0,629655,46789,91286,34970,0.3705883284754784,0.4277204956029306
6883,0.7337,1,12,1,629667,46777,91287,34969,0.3704932834875174,0.4277762826315661
6884,0.7338,4,22,4,629689,46755,91291,34965,0.3703190343429223,0.42786343612334804
6885,0.7339,2,10,2,629699,46745,91293,34963,0.3702398301862882,0.4279017966416997
6886,0.734,16,45,16,629744,46700,91309,34947,0.36988341148143455,0.42802552451406667
6887,0.7341,1,1,1,629745,46699,91310,34946,0.3698754910657711,0.42802376140608733
6888,0.7342,17,51,17,629796,46648,91327,34929,0.36947154986693703,0.42817215636760364
6889,0.7343,8,13,8,629809,46635,91335,34921,0.3693685844633126,0.42818431507185245
6890,0.7344,0,5,0,629814,46630,91335,34921,0.36932898238499556,0.42821056762026216
6891,0.7345,5,10,5,629824,46620,91340,34916,0.3692497782283614,0.42822802197802196
6892,0.7346,1,6,1,629830,46614,91341,34915,0.3692022557343809,0.4282525236418943
6893,0.7347,9,16,9,629846,46598,91350,34906,0.36907552908376634,0.42827345897133884
6894,0.7348,2,13,2,629859,46585,91352,34904,0.3689725636801419,0.428327749757636
6895,0.7349,1,1,1,629860,46584,91353,34903,0.36896464326447853,0.42832599064881516
6896,0.735,230,428,230,630288,46156,91583,34673,0.3655747053605373,0.42896732608346017
6897,0.7351,1,8,1,630296,46148,91584,34672,0.36551134203523,0.4290027220984905
6898,0.7352,9,17,9,630313,46131,91593,34663,0.365376694968952,0.42902938337005225
6899,0.7353,11,21,11,630334,46110,91604,34652,0.3652103662400203,0.42906317327455984
6900,0.7354,1,1,1,630335,46109,91605,34651,0.36520244582435685,0.42906141654284297
6901,0.7355,7,16,7,630351,46093,91612,34644,0.36507571917374226,0.42909694439971763
6902,0.7356,0,4,0,630355,46089,91612,34644,0.3650440375110886,0.42911820445171117
6903,0.7357,9,28,9,630383,46061,91621,34635,0.364822265872513,0.42920343015762863
6904,0.7358,18,42,18,630425,46019,91639,34617,0.3644896084146496,0.4292995684309738
6905,0.7359,0,2,0,630427,46017,91639,34617,0.3644737675833228,0.4293102165339683
6906,0.736,13,59,13,630486,45958,91652,34604,0.36400646305918133,0.4295325339490082
6907,0.7361,2,2,2,630488,45956,91654,34602,0.3639906222278545,0.4295290349810075
6908,0.7362,8,12,8,630500,45944,91662,34594,0.3638955772398936,0.42953636792569966
6909,0.7363,1,13,1,630513,45931,91663,34593,0.36379261183626915,0.4295986289801798
6910,0.7364,0,2,0,630515,45929,91663,34593,0.3637767710049423,0.42960929932192443
6911,0.7365,5,20,5,630535,45909,91668,34588,0.3636183626916741,0.42968060921525025
6912,0.7366,0,5,0,630540,45904,91668,34588,0.363578760613357,0.4297073001043582
6913,0.7367,112,201,112,630741,45703,91780,34476,0.36198675706501077,0.42998790206912035
6914,0.7368,3,10,3,630751,45693,91783,34473,0.3619075529083766,0.43002020806825836
6915,0.7369,3,1,3,630752,45692,91786,34470,0.36189963249271323,0.43000424141114246
6916,0.737,8,16,8,630768,45676,91794,34462,0.3617729058420986,0.43003319274251917
6917,0.7371,4,9,4,630777,45667,91798,34458,0.3617016221011279,0.4300530421216849
6918,0.7372,1,9,1,630786,45658,91799,34457,0.3616303383601571,0.43009423953067466
6919,0.7373,10,21,10,630807,45637,91809,34447,0.36146400963122544,0.4301358573497827
6920,0.7374,0,1,0,630808,45636,91809,34447,0.36145608921556205,0.4301412284754567
6921,0.7375,55,120,55,630928,45516,91864,34392,0.36050563933595237,0.43039495419732693
6922,0.7376,2,8,2,630936,45508,91866,34390,0.36044227601064505,0.43042379033267414
6923,0.7377,5,23,5,630959,45485,91871,34385,0.36026010645038653,0.43051208213346687
6924,0.7378,4,17,4,630976,45468,91875,34381,0.3601254593841085,0.43057521071021554
6925,0.7379,1,2,1,630978,45466,91876,34380,0.3601096185527817,0.4305788643138041
6926,0.738,14,39,14,631017,45427,91890,34366,0.3598007223419085,0.4306894088453874
6927,0.7381,1,4,1,631021,45423,91891,34365,0.35976904067925486,0.43070386524289367
6928,0.7382,4,15,4,631036,45408,91895,34361,0.35965023444430366,0.4307563088417806
6929,0.7383,41,90,41,631126,45318,91936,34320,0.3589373970345964,0.4309500489715965
6930,0.7384,1,9,1,631135,45309,91937,34319,0.35886611329362567,0.43099161099110866
6931,0.7385,3,14,3,631149,45295,91940,34316,0.35875522747433786,0.43104596098529097
6932,0.7386,3,5,3,631154,45290,91943,34313,0.3587156253960208,0.43105159353290706
6933,0.7387,8,15,8,631169,45275,91951,34305,0.35859681916106956,0.4310756471475245
6934,0.7388,4,11,4,631180,45264,91955,34301,0.358509694588772,0.4311066423678753
6935,0.7389,0,5,0,631185,45259,91955,34301,0.358470092510455,0.4311337355455003
6936,0.739,11,24,11,631209,45235,91966,34290,0.358280002534533,0.431185161898774
6937,0.7391,1,2,1,631211,45233,91967,34289,0.3582641617032062,0.4311888533990594
6938,0.7392,9,40,9,631251,45193,91976,34280,0.35794734507666964,0.4313414618801354
6939,0.7393,13,28,13,631279,45165,91989,34267,0.357725573438094,0.431400443146339
6940,0.7394,0,1,0,631280,45164,91989,34267,0.35771765302243064,0.43140587428082233
6941,0.7395,2,11,2,631291,45153,91991,34265,0.35763052845013305,0.43145130826764716
6942,0.7396,4,3,4,631294,45150,91995,34261,0.35760676720314283,0.43143896941229803
6943,0.7397,5,9,5,631303,45141,92000,34256,0.3575354834621721,0.43145206997745505
6944,0.7398,3,14,3,631317,45127,92003,34253,0.3574245976428843,0.431506676744772
6945,0.7399,1,3,1,631320,45124,92004,34252,0.35740083639589404,0.43151582342269706
6946,0.74,968,1727,968,633047,43397,92972,33284,0.34372227854517806,0.4340579804645219
6947,0.7401,2,11,2,633058,43386,92974,33282,0.34363515397288047,0.4341054938174988
6948,0.7402,4,11,4,633069,43375,92978,33278,0.34354802940058293,0.4341382594288547
6949,0.7403,6,11,6,633080,43364,92984,33272,0.3434609048282854,0.4341562712041338
6950,0.7404,0,4,0,633084,43360,92984,33272,0.34342922316563174,0.43417893308278527
6951,0.7405,7,17,7,633101,43343,92991,33265,0.3432945760993537,0.4342235797827903
6952,0.7406,1,5,1,633106,43338,92992,33264,0.3432549740210366,0.4342445366961698
6953,0.7407,6,27,6,633133,43311,92998,33258,0.34304112279812443,0.43435332837048934
6954,0.7408,23,46,23,633179,43265,93021,33235,0.3426767836776074,0.43444444444444447
6955,0.7409,1,4,1,633183,43261,93022,33234,0.34264510201495374,0.4344597686123276
6956,0.741,11,28,11,633211,43233,93033,33223,0.3424233303763782,0.4345375117714764
6957,0.7411,1,5,1,633216,43228,93034,33222,0.3423837282980611,0.43455853499018965
6958,0.7412,5,18,5,633234,43210,93039,33217,0.3422411608161196,0.43462388946314784
6959,0.7413,4,12,4,633246,43198,93043,33213,0.3421461158281587,0.43466254858593656
6960,0.7414,1,6,1,633252,43192,93044,33212,0.3420985933341782,0.43468928328359774
6961,0.7415,3,12,3,633264,43180,93047,33209,0.3420035483462172,0.43473536765764703
6962,0.7416,0,5,0,633269,43175,93047,33209,0.34196394626790017,0.43476382488479265
6963,0.7417,49,98,49,633367,43077,93096,33160,0.34118774553288556,0.4349594029145953
6964,0.7418,1,5,1,633372,43072,93097,33159,0.3411481434545685,0.4349805197360654
6965,0.7419,1,4,1,633376,43068,93098,33158,0.34111646179191485,0.4349959331461706
6966,0.742,16,28,16,633404,43040,93114,33142,0.34089469015333923,0.4350371478827019
6967,0.7421,2,9,2,633413,43031,93116,33140,0.3408234064123685,0.43507371571858056
6968,0.7422,2,9,2,633422,43022,93118,33138,0.3407521226713978,0.43511029411764707
6969,0.7423,6,22,6,633444,43000,93124,33132,0.3405778735268027,0.4351915094835286
6970,0.7424,0,1,0,633445,42999,93124,33132,0.34056995311113925,0.435197225834417
6971,0.7425,51,117,51,633562,42882,93175,33081,0.33964326447851984,0.43548832984479285
6972,0.7426,0,3,0,633565,42879,93175,33081,0.3396195032315296,0.43550552922590835
6973,0.7427,8,10,8,633575,42869,93183,33073,0.33954029907489547,0.4355034104974849
6974,0.7428,3,10,3,633585,42859,93186,33070,0.3394610949182613,0.43553846356464593
6975,0.7429,3,9,3,633594,42850,93189,33067,0.33938981117729056,0.4355677911403243
6976,0.743,8,23,8,633617,42827,93197,33059,0.33920764161703204,0.4356403025591018
6977,0.7431,3,5,3,633622,42822,93200,33056,0.339168039538715,0.4356466960120193
6978,0.7432,4,18,4,633640,42804,93204,33052,0.3390254720567735,0.43572031217042817
6979,0.7433,122,190,122,633830,42614,93326,32930,0.33752059308072485,0.4359049031028275
6980,0.7434,1,5,1,633835,42609,93327,32929,0.3374809910024078,0.43592628875532846
6981,0.7435,7,11,7,633846,42598,93334,32922,0.33739386643011027,0.4359375
6982,0.7436,2,7,2,633853,42591,93336,32920,0.33733842352046634,0.43596297228218406
6983,0.7437,7,8,7,633861,42583,93343,32913,0.337275060195159,0.4359568718872523
6984,0.7438,5,12,5,633873,42571,93348,32908,0.3371800152071981,0.4359888180818506
6985,0.7439,0,7,0,633880,42564,93348,32908,0.33712457229755416,0.4360292558829765
6986,0.744,23,43,23,633923,42521,93371,32885,0.3367839944240274,0.43610588016868684
6987,0.7441,1,4,1,633927,42517,93372,32884,0.33675231276137374,0.4361215368496439
6988,0.7442,15,40,15,633967,42477,93387,32869,0.33643549613483714,0.4362408090675019
6989,0.7443,5,30,5,633997,42447,93392,32864,0.33619788366493475,0.43637715605953975
6990,0.7444,1,1,1,633998,42446,93393,32863,0.3361899632492713,0.43637546641171704
6991,0.7445,4,6,4,634004,42440,93397,32859,0.3361424407552908,0.43638029721510246
6992,0.7446,3,6,3,634010,42434,93400,32856,0.3360949182613103,0.4363926152211449
6993,0.7447,3,11,3,634021,42423,93403,32853,0.3360077936890128,0.43643392316276103
6994,0.7448,4,7,4,634028,42416,93407,32849,0.3359523507793689,0.43644456254567193
6995,0.7449,1,5,1,634033,42411,93408,32848,0.3359127487010518,0.43646607050319564
6996,0.745,204,405,204,634438,42006,93612,32644,0.3327049803573692,0.43729403884795714
6997,0.7451,0,9,0,634447,41997,93612,32644,0.3326336966163984,0.43734676652242066
6998,0.7452,4,18,4,634465,41979,93616,32640,0.332491129134457,0.43742210428979217
6999,0.7453,5,18,5,634483,41961,93621,32635,0.33234856165251553,0.43748994584160006
7000,0.7454,3,5,3,634488,41956,93624,32632,0.3323089595741985,0.4374966482544109
7001,0.7455,5,28,5,634516,41928,93629,32627,0.33208718793562286,0.4376232311716183
7002,0.7456,0,2,0,634518,41926,93629,32627,0.33207134710429603,0.4376349710943892
7003,0.7457,5,15,5,634533,41911,93634,32622,0.33195254086934484,0.437685320596246
7004,0.7458,16,32,16,634565,41879,93650,32606,0.33169908756811556,0.4377525676310667
7005,0.7459,2,5,2,634570,41874,93652,32604,0.3316594854897985,0.4377668573269959
7006,0.746,27,48,27,634618,41826,93679,32577,0.33127930553795465,0.4378452481754768
7007,0.7461,1,6,1,634624,41820,93680,32576,0.33123178304397416,0.4378730039249422
7008,0.7462,4,7,4,634631,41813,93684,32572,0.3311763401343302,0.4378839819856154
7009,0.7463,8,10,8,634641,41803,93692,32564,0.33109713597769613,0.43788239407263974
7010,0.7464,1,6,1,634647,41797,93693,32563,0.33104961348371564,0.4379101667563206
7011,0.7465,6,8,6,634655,41789,93699,32557,0.3309862501584083,0.4379119253221424
7012,0.7467,115,216,115,634871,41573,93814,32442,0.32927544037511086,0.43831655745457004
7013,0.7468,13,13,13,634884,41560,93827,32429,0.3291724749714865,0.43829488167159986
7014,0.7469,0,3,0,634887,41557,93827,32429,0.3291487137244963,0.43831265374530315
7015,0.747,5,17,5,634904,41540,93832,32424,0.3290140666582182,0.43837542588286194
7016,0.7471,3,3,3,634907,41537,93835,32421,0.328990305411228,0.4383704264582601
7017,0.7472,2,3,2,634910,41534,93837,32419,0.32896654416423776,0.43837302070233797
7018,0.7473,8,13,8,634923,41521,93845,32411,0.32886357876061334,0.43838933073635233
7019,0.7474,3,8,3,634931,41513,93848,32408,0.328800215435306,0.43841398249482555
7020,0.7475,42,104,42,635035,41409,93890,32366,0.327976492206311,0.43871230091494406
7021,0.7476,1,4,1,635039,41405,93891,32365,0.3279448105436573,0.4387284804120916
7022,0.7477,11,20,11,635059,41385,93902,32354,0.3277864022303891,0.4387637478132332
7023,0.7478,11,22,11,635081,41363,93913,32343,0.32761215308579394,0.4388109516185928
7024,0.7479,3,4,3,635085,41359,93916,32340,0.3275804714231403,0.4388119241780757
7025,0.748,8,35,8,635120,41324,93924,32332,0.3273032568749208,0.43895948734658413
7026,0.7481,3,4,3,635124,41320,93927,32329,0.32727157521226713,0.438960474683974
7027,0.7482,6,21,6,635145,41299,93933,32323,0.32710524648333544,0.4390399608812583
7028,0.7483,42,102,42,635247,41197,93975,32281,0.32629736408566723,0.4393287786820545
7029,0.7484,0,11,0,635258,41186,93975,32281,0.32621023951336964,0.43939455810091604
7030,0.7485,3,18,3,635276,41168,93978,32278,0.3260676720314282,0.43947934536938704
7031,0.7486,3,2,3,635278,41166,93981,32275,0.3260518312001014,0.43946841682438964
7032,0.7487,3,12,3,635290,41154,93984,32272,0.3259567862121404,0.43951733718301417
7033,0.7488,8,12,8,635302,41142,93992,32264,0.32586174122417944,0.43952810396970277
7034,0.7489,0,10,0,635312,41132,93992,32264,0.3257825370675453,0.43958798844623687
7035,0.749,11,31,11,635343,41101,94003,32253,0.32553700418197945,0.43968972380510946
7036,0.7491,0,2,0,635345,41099,94003,32253,0.3255211633506526,0.43970171229141675
7037,0.7492,18,45,18,635390,41054,94021,32235,0.32516474464579903,0.43983408151291464
7038,0.7493,10,18,10,635408,41036,94031,32225,0.32502217716385756,0.4398656856990759
7039,0.7494,0,1,0,635409,41035,94031,32225,0.3250142567481941,0.4398716898716899
7040,0.7495,5,19,5,635428,41016,94036,32220,0.32486376885058926,0.4399475667704408
7041,0.7496,1,4,1,635432,41012,94037,32219,0.3248320871879356,0.43996394969343583
7042,0.7497,7,14,7,635446,40998,94044,32212,0.32472120136864785,0.4399945362655375
7043,0.7498,2,10,2,635456,40988,94046,32210,0.3246419972120137,0.4400393453373043
7044,0.7499,0,2,0,635458,40986,94046,32210,0.32462615638068687,0.44005136892726376
7045,0.75,1027,1581,1027,637039,39405,95073,31183,0.3121039792168293,0.44176063920213066
7046,0.7501,0,5,0,637044,39400,95073,31183,0.3120643771385122,0.4417919329016902
7047,0.7502,3,17,3,637061,39383,95076,31180,0.3119297300722342,0.4418746368493403
7048,0.7503,2,13,2,637074,39370,95078,31178,0.3118267646686098,0.4419402392697171
7049,0.7504,0,1,0,637075,39369,95078,31178,0.31181884425294637,0.4419465037492735
7050,0.7505,5,14,5,637089,39355,95083,31173,0.3117079584336586,0.44199466878402904
7051,0.7506,2,5,2,637094,39350,95085,31171,0.3116683563553415,0.4420101813644163
7052,0.7507,6,29,6,637123,39321,95091,31165,0.3114386643011025,0.4421445393411458
7053,0.7508,17,41,17,637164,39280,95108,31148,0.3111139272589025,0.4422672800590674
7054,0.7509,2,4,2,637168,39276,95110,31146,0.3110822455962489,0.4422765613018659
7055,0.751,13,24,13,637192,39252,95123,31133,0.31089215562032696,0.4423243588832848
7056,0.7511,3,3,3,637195,39249,95126,31130,0.3108683943733367,0.4423194418789696
7057,0.7512,0,3,0,637198,39246,95126,31130,0.31084463312634647,0.4423382971467546
7058,0.7513,4,13,4,637211,39233,95130,31126,0.3107416677227221,0.44238832274478035
7059,0.7514,0,5,0,637216,39228,95130,31126,0.310702065644405,0.4424197629132672
7060,0.7515,6,11,6,637227,39217,95136,31120,0.31061494107210746,0.4424413893114577
7061,0.7516,0,10,0,637237,39207,95136,31120,0.3105357369154733,0.4425043013351913
7062,0.7517,43,113,43,637350,39094,95179,31077,0.30964072994550756,0.4428752618603127
7063,0.7518,4,18,4,637368,39076,95183,31073,0.3094981624635661,0.44295713410027227
7064,0.7519,0,6,0,637374,39070,95183,31073,0.3094506399695856,0.442995024450052
7065,0.752,17,22,17,637396,39048,95200,31056,0.3092763908249905,0.44299897295446766
7066,0.7521,2,5,2,637401,39043,95202,31054,0.30923678874667343,0.4430146796581879
7067,0.7522,0,9,0,637410,39034,95202,31054,0.3091655050057027,0.4430715671726972
7068,0.7523,8,12,8,637422,39022,95210,31046,0.30907046001774174,0.44308386139179085
7069,0.7524,2,6,2,637428,39016,95212,31044,0.30902293752376125,0.443105909220668
7070,0.7525,58,106,58,637534,38910,95270,30986,0.3081833734634394,0.4433157834496967
7071,0.7526,4,8,4,637542,38902,95274,30982,0.30812001013813206,0.44333466887985806
7072,0.7527,4,13,4,637555,38889,95278,30978,0.3080170447345077,0.44338528919232256
7073,0.7528,1,12,1,637567,38877,95279,30977,0.3079219997465467,0.44345348870501333
7074,0.7529,4,3,4,637570,38874,95283,30973,0.30789823849955644,0.44344066316377223
7075,0.753,5,20,5,637590,38854,95288,30968,0.3077398301862882,0.44352782790524475
7076,0.7531,1,1,1,637591,38853,95289,30967,0.30773190977062476,0.44352621025494127
7077,0.7532,4,11,4,637602,38842,95293,30963,0.3076447851983272,0.4435642145978082
7078,0.7533,97,185,97,637787,38657,95390,30866,0.3061795083005956,0.44396818319117415
7079,0.7534,0,2,0,637789,38655,95390,30866,0.30616366746926876,0.4439809553947728
7080,0.7535,8,18,8,637807,38637,95398,30858,0.30602109998732735,0.4440319447442262
7081,0.7536,0,5,0,637812,38632,95398,30858,0.30598149790901025,0.4440638940854799
7082,0.7537,7,12,7,637824,38620,95405,30851,0.3058864529210493,0.44408458205582185
7083,0.7538,0,9,0,637833,38611,95405,30851,0.30581516918007856,0.44414212087184357
7084,0.7539,0,3,0,637836,38608,95405,30851,0.30579140793308834,0.44416130379072544
7085,0.754,25,41,25,637877,38567,95430,30826,0.30546667089088836,0.444223480754543
7086,0.7542,16,52,16,637929,38515,95446,30810,0.30505480927639084,0.4444284168770285
7087,0.7543,9,26,9,637955,38489,95455,30801,0.30484887846914205,0.444523019194689
7088,0.7544,0,2,0,637957,38487,95455,30801,0.3048330376378152,0.44453585036369936
7089,0.7545,3,8,3,637965,38479,95458,30798,0.3047696743125079,0.44456313062055225
7090,0.7546,2,9,2,637974,38470,95460,30796,0.3046983905715372,0.4446048566396212
7091,0.7547,8,17,8,637991,38453,95468,30788,0.30456374350525917,0.44464984618939646
7092,0.7548,4,6,4,637997,38447,95472,30784,0.3045162210112787,0.4446562955901258
7093,0.7549,2,2,2,637999,38445,95474,30782,0.30450038017995185,0.444653097779768
7094,0.755,225,426,225,638425,38019,95699,30557,0.30112628310733747,0.4455932104526365
7095,0.7551,1,1,1,638426,38018,95700,30556,0.3011183626916741,0.44559162364744653
7096,0.7552,3,17,3,638443,38001,95703,30553,0.300983715625396,0.44567785978936314
7097,0.7553,5,12,5,638455,37989,95708,30548,0.3008886706374351,0.44571545296701054
7098,0.7554,2,2,2,638457,37987,95710,30546,0.30087282980610824,0.4457122845928239
7099,0.7555,8,19,8,638476,37968,95718,30538,0.30072234190850333,0.4457711733278837
7100,0.7556,0,5,0,638481,37963,95718,30538,0.3006827398301863,0.4458037108947315
7101,0.7557,5,19,5,638500,37944,95723,30533,0.30053225193258143,0.44588694014048513
7102,0.7558,18,32,18,638532,37912,95741,30515,0.30027879863135215,0.44594969821853947
7103,0.7559,0,1,0,638533,37911,95741,30515,0.30027087821568876,0.4459562154736504
7104,0.756,30,44,30,638577,37867,95771,30485,0.29992237992649856,0.4460001170411985
7105,0.7561,0,4,0,638581,37863,95771,30485,0.2998906982638449,0.44602621876280213
7106,0.7562,4,10,4,638591,37853,95775,30481,0.29981149410721075,0.44605906283841135
7107,0.7563,2,12,2,638603,37841,95777,30479,0.2997164491192498,0.44612119437939113
7108,0.7564,2,8,2,638611,37833,95779,30477,0.29965308579394245,0.44615722441809397
7109,0.7565,2,11,2,638622,37822,95781,30475,0.2995659612216449,0.4462128644010718
7110,0.7566,0,2,0,638624,37820,95781,30475,0.2995501203903181,0.44622593162017715
7111,0.7567,119,226,119,638850,37594,95900,30356,0.29776010645038653,0.4467402501839588
7112,0.7568,5,9,5,638859,37585,95905,30351,0.29768882270941577,0.4467587140838436
7113,0.7569,1,4,1,638863,37581,95906,30350,0.2976571410467621,0.44677687653648557
7114,0.757,6,19,6,638882,37562,95912,30344,0.29750665314915725,0.4468530026801755
7115,0.7571,0,8,0,638890,37554,95912,30344,0.29744328982384993,0.44690565259654186
7116,0.7572,3,14,3,638904,37540,95915,30341,0.2973324040045622,0.44697337988538766
7117,0.7573,8,19,8,638923,37521,95923,30333,0.29718191610695727,0.44703333628083824
7118,0.7574,1,3,1,638926,37518,95924,30332,0.29715815485996705,0.44704495210022105
7119,0.7575,51,104,51,639030,37414,95975,30281,0.296334431630972,0.4473151636014477
7120,0.7576,0,5,0,639035,37409,95975,30281,0.2962948295526549,0.447348205052445
7121,0.7577,4,14,4,639049,37395,95979,30277,0.29618394373336715,0.4474080860621823
7122,0.7578,2,9,2,639058,37386,95981,30275,0.2961126599923964,0.4474512643915993
7123,0.7579,3,2,3,639060,37384,95984,30272,0.29609681916106956,0.44743999054038075
7124,0.758,18,35,18,639095,37349,96002,30254,0.29581960461285006,0.44752451814268596
7125,0.7581,2,7,2,639102,37342,96004,30252,0.2957641617032062,0.4475545166730775
7126,0.7582,7,10,7,639112,37332,96011,30245,0.29568495754657204,0.4475635201325895
7127,0.7583,48,68,48,639180,37264,96059,30197,0.2951463692814599,0.44762158876980773
7128,0.7584,1,0,1,639180,37264,96060,30196,0.2951463692814599,0.44761340053364956
7129,0.7585,6,16,6,639196,37248,96066,30190,0.2950196426308453,0.44767045286040513
7130,0.7587,3,10,3,639206,37238,96069,30187,0.29494043847421114,0.44771227289581017
7131,0.7588,4,10,4,639216,37228,96073,30183,0.294861234317577,0.4477459168384982
7132,0.7589,2,9,2,639225,37219,96075,30181,0.2947899505766063,0.4477893175074184
7133,0.759,7,23,7,639248,37196,96082,30174,0.2946077810163477,0.44788481519964374
7134,0.7591,0,4,0,639252,37192,96082,30174,0.29457609935369405,0.4479114093162723
7135,0.7592,13,34,13,639286,37158,96095,30161,0.294306805221138,0.4480310165035131
7136,0.7593,6,10,6,639296,37148,96101,30155,0.29422760106450385,0.4480483782297966
7137,0.7594,1,4,1,639300,37144,96102,30154,0.2941959194018502,0.4480668073345419
7138,0.7595,3,14,3,639314,37130,96105,30151,0.29408503358256244,0.4481354319941737
7139,0.7596,1,9,1,639323,37121,96106,30150,0.2940137498415917,0.4481871831844331
7140,0.7597,7,11,7,639334,37110,96113,30143,0.29392662526929414,0.4482030541388488
7141,0.7598,3,15,3,639349,37095,96116,30140,0.29380781903434294,0.4482784264148137
7142,0.7599,1,6,1,639355,37089,96117,30139,0.29376029654036245,0.44831022788124
7143,0.76,1036,1572,1036,640927,35517,97153,29103,0.2813094031174756,0.45037140204271126
7144,0.7601,0,4,0,640931,35513,97153,29103,0.28127772145482194,0.45039928191160084
7145,0.7602,0,15,0,640946,35498,97153,29103,0.28115891521987074,0.45050386216931626
7146,0.7603,3,12,3,640958,35486,97156,29100,0.28106387023190976,0.4505620413092621
7147,0.7604,1,1,1,640959,35485,97157,29099,0.2810559498162464,0.45056051034311906
7148,0.7605,4,10,4,640969,35475,97161,29095,0.2809767456596122,0.4505962521294719
7149,0.7606,3,1,3,640970,35474,97164,29092,0.2809688252439488,0.45057770343524456
7150,0.7607,7,18,7,640988,35456,97171,29085,0.28082625776200737,0.45064377682403434
7151,0.7608,23,45,23,641033,35411,97194,29062,0.2804698390571537,0.4507623346206939
7152,0.7609,0,2,0,641035,35409,97194,29062,0.2804539982258269,0.4507763180344651
7153,0.761,5,20,5,641055,35389,97199,29057,0.2802955899125586,0.4508735996027682
7154,0.7611,1,7,1,641062,35382,97200,29056,0.2802401470029147,0.4509140569229337
7155,0.7612,2,9,2,641071,35373,97202,29054,0.280168863261944,0.4509600012417154
7156,0.7613,3,21,3,641092,35352,97205,29051,0.28000253453301227,0.4510814713600298
7157,0.7614,2,8,2,641100,35344,97207,29049,0.279939171207705,0.4511204634044073
7158,0.7615,7,17,7,641117,35327,97214,29042,0.2798045241414269,0.4511799157979773
7159,0.7616,0,5,0,641122,35322,97214,29042,0.2797649220631099,0.45121496488720403
7160,0.7617,49,75,49,641197,35247,97263,28993,0.27917089088835384,0.4513231631382316
7161,0.7618,2,10,2,641207,35237,97265,28991,0.2790916867317197,0.45137634676465094
7162,0.7619,0,4,0,641211,35233,97265,28991,0.27906000506906603,0.45140445939212753
7163,0.762,13,31,13,641242,35202,97278,28978,0.2788144721835002,0.45151137425989407
7164,0.7621,4,6,4,641248,35196,97282,28974,0.2787669496895197,0.4515194015895278
7165,0.7622,2,10,2,641258,35186,97284,28972,0.27868774553288556,0.4515726799463824
7166,0.7623,5,11,5,641269,35175,97289,28967,0.278600620960588,0.45160737114527144
7167,0.7624,0,3,0,641272,35172,97289,28967,0.27857685971359775,0.4516284943638036
7168,0.7625,47,106,47,641378,35066,97336,28920,0.2777372956532759,0.45197386928390587
7169,0.7626,1,7,1,641385,35059,97337,28919,0.277681852743632,0.452014755072056
7170,0.7627,10,20,10,641405,35039,97347,28909,0.2775234444303637,0.45207043222618376
7171,0.7628,2,6,2,641411,35033,97349,28907,0.2774759219363832,0.45209571473256177
7172,0.7629,7,8,7,641419,35025,97356,28900,0.2774125586110759,0.45209229565897535
7173,0.763,4,5,4,641424,35020,97360,28896,0.27737295653275884,0.4520933725514738
7174,0.7631,0,4,0,641428,35016,97360,28896,0.2773412748701052,0.45212166729252723
7175,0.7632,5,21,5,641449,34995,97365,28891,0.2771749461411735,0.45222740506527254
7176,0.7633,92,146,92,641595,34849,97457,28799,0.276018565454315,0.4524729763700352
7177,0.7634,0,5,0,641600,34844,97457,28799,0.275978963375998,0.45250852411105696
7178,0.7635,3,12,3,641612,34832,97460,28796,0.275883918388037,0.4525680518010939
7179,0.7636,1,1,1,641613,34831,97461,28795,0.2758759979723736,0.4525665608399082
7180,0.7637,7,10,7,641623,34821,97468,28788,0.27579679381573946,0.4525774654530019
7181,0.7638,0,9,0,641632,34812,97468,28788,0.2757255100747687,0.45264150943396225
7182,0.7639,1,8,1,641640,34804,97469,28787,0.27566214674946143,0.45268984604739665
7183,0.764,16,41,16,641681,34763,97485,28771,0.27533740970726145,0.4528441464412755
7184,0.7641,3,1,3,641682,34762,97488,28768,0.275329489291598,0.4528254368015111
7185,0.7642,18,43,18,641725,34719,97506,28750,0.27498891141807125,0.45297704391120075
7186,0.7643,9,18,9,641743,34701,97515,28741,0.2748463439361298,0.45302796254846944
7187,0.7644,3,7,3,641750,34694,97518,28738,0.27479090102648585,0.45305208727456175
7188,0.7645,4,11,4,641761,34683,97522,28734,0.2747037764541883,0.4530961729504707
7189,0.7646,0,3,0,641764,34680,97522,28734,0.2746800152071981,0.4531176080991579
7190,0.7647,3,14,3,641778,34666,97525,28731,0.2745691293879103,0.4531917914096882
7191,0.7648,1,11,1,641789,34655,97526,28730,0.27448200481561275,0.45326181273171884
7192,0.7649,2,4,2,641793,34651,97528,28728,0.2744503231529591,0.4532731661906941
7193,0.765,220,343,220,642136,34308,97748,28508,0.27173362058040806,0.45383341823739176
7194,0.7651,0,3,0,642139,34305,97748,28508,0.2717098593334178,0.4538550936907965
7195,0.7652,5,6,5,642145,34299,97753,28503,0.27166233683943736,0.4538549727715678
7196,0.7653,7,15,7,642160,34284,97760,28496,0.2715435306044861,0.4539025167250717
7197,0.7654,4,3,4,642163,34281,97764,28492,0.2715197693574959,0.45388941105252256
7198,0.7655,4,9,4,642172,34272,97768,28488,0.2714484856165252,0.45391969407265775
7199,0.7656,3,5,3,642177,34267,97771,28485,0.2714088835382081,0.453929755226925
7200,0.7657,11,14,11,642191,34253,97782,28474,0.27129799771892027,0.45393530696510276
7201,0.7658,13,39,13,642230,34214,97795,28461,0.27098910150804717,0.45410450737933783
7202,0.7659,2,3,2,642233,34211,97797,28459,0.2709653402610569,0.4541088239987235
7203,0.766,18,38,18,642271,34173,97815,28441,0.2706643644658472,0.45422748905995464
7204,0.7661,2,5,2,642276,34168,97817,28439,0.2706247623875301,0.4542463302825563
7205,0.7662,1,7,1,642283,34161,97818,28438,0.2705693194778862,0.45428840716305374
7206,0.7663,3,8,3,642291,34153,97821,28435,0.2705059561525789,0.4543203169936729
7207,0.7664,0,12,0,642303,34141,97821,28435,0.2704109111646179,0.45440744055228843
7208,0.7665,7,8,7,642311,34133,97828,28428,0.2703475478393106,0.45440450120682213
7209,0.7666,0,1,0,642312,34132,97828,28428,0.2703396274236472,0.45441176470588235
7210,0.7667,105,185,105,642497,33947,97933,28323,0.2688743505259156,0.4548418178898346
7211,0.7668,5,15,5,642512,33932,97938,28318,0.2687555442909644,0.4549076305220884
7212,0.7669,0,7,0,642519,33925,97938,28318,0.2687001013813205,0.45495879054672816
7213,0.767,6,16,6,642535,33909,97944,28312,0.26857337473070586,0.45502322367046494
7214,0.7671,4,10,4,642545,33899,97948,28308,0.2684941705740717,0.4550613275033356
7215,0.7672,9,10,9,642555,33889,97957,28299,0.26841496641743756,0.4550556377436161
7216,0.7673,5,19,5,642574,33870,97962,28294,0.2682644785198327,0.45515089119104307
7217,0.7674,1,3,1,642577,33867,97963,28293,0.2682407172728425,0.4551640926640927
7218,0.7675,50,87,50,642664,33780,98013,28243,0.26755164111012547,0.45536333295712883
7219,0.7676,3,6,3,642670,33774,98016,28240,0.267504118616145,0.45538104299029253
7220,0.7677,3,19,3,642689,33755,98019,28237,0.2673536307185401,0.4554942573235256
7221,0.7678,4,6,4,642695,33749,98023,28233,0.26730610822455964,0.4555032106095318
7222,0.7679,2,4,2,642699,33745,98025,28231,0.267274426561906,0.4555150380792565
7223,0.768,12,30,12,642729,33715,98037,28219,0.2670368140920035,0.45563018697322955
7224,0.7681,0,7,0,642736,33708,98037,28219,0.26698137118235965,0.455681689731458
7225,0.7682,4,16,4,642752,33692,98041,28215,0.266854644531745,0.45576429159868836
7226,0.7683,40,89,40,642841,33603,98081,28175,0.26614972753770116,0.45606850335070737
7227,0.7684,0,1,0,642842,33602,98081,28175,0.2661418071220378,0.4560758858474837
7228,0.7685,2,10,2,642852,33592,98083,28173,0.2660626029654036,0.4561321136566016
7229,0.7686,2,7,2,642859,33585,98085,28171,0.26600716005575975,0.4561662024742535
7230,0.7687,2,15,2,642874,33570,98087,28169,0.2658883538208085,0.45625941463256614
7231,0.7688,5,9,5,642883,33561,98092,28164,0.2658170700798378,0.45628189550425274
7232,0.7689,1,2,1,642885,33559,98093,28163,0.26580122924851096,0.4562878714234795
7233,0.769,9,20,9,642905,33539,98102,28154,0.26564282093524266,0.45635647480265185
7234,0.7691,0,1,0,642906,33538,98102,28154,0.2656349005195793,0.45636387213901314
7235,0.7692,22,44,22,642950,33494,98124,28132,0.2652864022303891,0.4564956349592704
7236,0.7693,5,19,5,642969,33475,98129,28127,0.26513591433278416,0.4565923184312198
7237,0.7694,0,1,0,642970,33474,98129,28127,0.2651279939171208,0.4565997305238551
7238,0.7695,3,9,3,642979,33465,98132,28124,0.26505671017615007,0.456639984412801
7239,0.7696,1,3,1,642982,33462,98133,28123,0.2650329489291598,0.456653405861817
7240,0.7697,7,11,7,642993,33451,98140,28116,0.26494582435686226,0.45667321779524744
7241,0.7698,4,3,4,642996,33448,98144,28112,0.264922063109872,0.4566601689408707
7242,0.7699,2,3,2,642999,33445,98146,28110,0.26489830186288177,0.45666477134270167
7243,0.77,1043,1520,1043,644519,31925,99189,27067,0.25285927005449244,0.4588249254136154
7244,0.7701,2,3,2,644522,31922,99191,27065,0.2528355088075022,0.4588299116754539
7245,0.7702,3,10,3,644532,31912,99194,27062,0.25275630465086807,0.4588801844880795
7246,0.7703,3,8,3,644540,31904,99197,27059,0.25269294132556075,0.458914912741889
7247,0.7704,1,2,1,644542,31902,99198,27058,0.2526771004942339,0.458921302578019
7248,0.7705,4,10,4,644552,31892,99202,27054,0.25259789633759977,0.4589624401995046
7249,0.7706,2,6,2,644558,31886,99204,27052,0.25255037384361934,0.45899080389561914
7250,0.7707,7,21,7,644579,31865,99211,27045,0.2523840451146876,0.45909013749787814
7251,0.7708,9,31,9,644610,31834,99220,27036,0.25213851222912176,0.45924919313742146
7252,0.7709,1,1,1,644611,31833,99221,27035,0.25213059181345837,0.45924780865665554
7253,0.771,9,24,9,644635,31809,99230,27026,0.2519405018375364,0.459352426276876
7254,0.7711,3,4,3,644639,31805,99233,27023,0.25190882017488275,0.4593560889372408
7255,0.7712,2,6,2,644645,31799,99235,27021,0.2518612976809023,0.45938456307378445
7256,0.7713,6,9,6,644654,31790,99241,27015,0.25179001393993156,0.45939971090893633
7257,0.7714,3,5,3,644659,31785,99244,27012,0.2517504118616145,0.4594111944486964
7258,0.7715,4,10,4,644669,31775,99248,27008,0.25167120770498036,0.45945256281578006
7259,0.7716,1,7,1,644676,31768,99249,27007,0.2516157647953365,0.4594980859208847
7260,0.7717,43,97,43,644773,31671,99292,26964,0.2508474844759853,0.45986185725249423
7261,0.7718,1,11,1,644784,31660,99293,26963,0.2507603599036877,0.4599389318185695
7262,0.7719,2,3,2,644787,31657,99295,26961,0.2507365986566975,0.45994404449145315
7263,0.772,16,23,16,644810,31634,99311,26945,0.250554429096439,0.45997712490824355
7264,0.7721,1,3,1,644813,31631,99312,26944,0.2505306678494487,0.4599914639351259
7265,0.7722,4,4,4,644817,31627,99316,26940,0.25049898618679506,0.45998599894138337
7266,0.7723,5,6,5,644823,31621,99321,26935,0.2504514636928146,0.45998702097137784
7267,0.7724,1,2,1,644825,31619,99322,26934,0.2504356228614878,0.45999351015319456
7268,0.7725,45,84,45,644909,31535,99367,26889,0.249770307945761,0.460238942900178
7269,0.7726,0,4,0,644913,31531,99367,26889,0.24973862628310733,0.46027045532351935
7270,0.7727,13,17,13,644930,31514,99380,26876,0.2496039792168293,0.460284295256037
7271,0.7728,5,13,5,644943,31501,99385,26871,0.2495010138132049,0.46034057424792707
7272,0.7729,0,8,0,644951,31493,99385,26871,0.2494376504878976,0.4604036734973614
7273,0.773,7,13,7,644964,31480,99392,26864,0.24933468508427323,0.46044151926504867
7274,0.7731,1,2,1,644966,31478,99393,26863,0.2493188442529464,0.46044805539843336
7275,0.7732,2,13,2,644979,31465,99395,26861,0.249215878849322,0.46053218118849226
7276,0.7733,98,173,98,645152,31292,99493,26763,0.24784564693955138,0.4609938851089484
7277,0.7734,0,2,0,645154,31290,99493,26763,0.24782980610822455,0.4610097669371092
7278,0.7735,2,15,2,645169,31275,99495,26761,0.24771099987327336,0.46111034530291545
7279,0.7736,1,2,1,645171,31273,99496,26760,0.24769515904194653,0.46111695070046355
7280,0.7737,4,12,4,645183,31261,99500,26756,0.24760011405398555,0.461175172794181
7281,0.7738,4,12,4,645195,31249,99504,26752,0.2475050690660246,0.4612334270098791
7282,0.7739,0,6,0,645201,31243,99504,26752,0.2474575465720441,0.46128114492628675
7283,0.774,28,34,28,645235,31209,99532,26724,0.24718825243948803,0.4612914918958107
7284,0.7741,0,1,0,645236,31208,99532,26724,0.2471803320238246,0.46129945453290067
7285,0.7742,9,32,9,645268,31176,99541,26715,0.24692687872259536,0.46147069492667253
7286,0.7743,6,16,6,645284,31160,99547,26709,0.24680015207198075,0.4615424493252
7287,0.7744,0,3,0,645287,31157,99547,26709,0.2467763908249905,0.46156637749282825
7288,0.7745,4,8,4,645295,31149,99551,26705,0.24671302749968319,0.46159297542088706
7289,0.7746,4,3,4,645298,31146,99555,26701,0.24668926625269294,0.46157968433972374
7290,0.7747,5,13,5,645311,31133,99560,26696,0.24658630084906855,0.4616368949834858
7291,0.7748,2,9,2,645320,31124,99562,26694,0.24651501710809784,0.4616901311010412
7292,0.7749,2,1,2,645321,31123,99564,26692,0.24650709669243442,0.4616794949407593
7293,0.775,207,342,207,645663,30781,99771,26485,0.24379831453554682,0.4624908322564873
7294,0.7751,0,1,0,645664,30780,99771,26485,0.2437903941198834,0.46249890858290404
7295,0.7752,5,7,5,645671,30773,99776,26480,0.24373495121023953,0.46250851483765043
7296,0.7753,2,8,2,645679,30765,99778,26478,0.2436715878849322,0.4625543734605105
7297,0.7754,0,3,0,645682,30762,99778,26478,0.24364782663794196,0.46257861635220127
7298,0.7755,3,13,3,645695,30749,99781,26475,0.24354486123431757,0.46265552914860897
7299,0.7756,0,3,0,645698,30746,99781,26475,0.24352109998732732,0.46267978539347443
7300,0.7757,1,13,1,645711,30733,99782,26474,0.24341813458370296,0.46277553446256575
7301,0.7758,10,39,10,645750,30694,99792,26464,0.2431092383728298,0.4629973057139858
7302,0.7759,0,2,0,645752,30692,99792,26464,0.24309339754150297,0.46301350689341453
7303,0.776,22,36,22,645788,30656,99814,26442,0.24280826257762006,0.4630985323478931
7304,0.7761,2,3,2,645791,30653,99816,26440,0.24278450133062984,0.46310405829085877
7305,0.7762,1,11,1,645802,30642,99817,26439,0.24269737675833228,0.4631838965680349
7306,0.7763,3,15,3,645817,30627,99820,26436,0.24257857052338105,0.4632774302087167
7307,0.7764,1,2,1,645819,30625,99821,26435,0.24256272969205425,0.4632842621801612
7308,0.7765,2,14,2,645833,30611,99823,26433,0.24245184387276644,0.46337914592244583
7309,0.7766,0,5,0,645838,30606,99823,26433,0.24241224179444937,0.4634197654236575
7310,0.7767,103,170,103,646008,30436,99926,26330,0.241065771131669,0.4638339851319452
7311,0.7768,6,19,6,646027,30417,99932,26324,0.24091528323406414,0.4639326060520611
7312,0.7769,3,1,3,646028,30416,99935,26321,0.24090736281840072,0.4639124380915452
7313,0.777,3,19,3,646047,30397,99938,26318,0.24075687492079584,0.4640394957242352
7314,0.7771,0,10,0,646057,30387,99938,26318,0.24067767076416172,0.46412132968874
7315,0.7772,1,9,1,646066,30378,99939,26317,0.24060638702319098,0.4641855542816827
7316,0.7773,5,17,5,646083,30361,99944,26312,0.24047173995691293,0.4642775219240203
7317,0.7774,1,1,1,646084,30360,99945,26311,0.2404638195412495,0.46427626122708265
7318,0.7775,57,91,57,646175,30269,100002,26254,0.23974306171587884,0.4644834845991897
7319,0.7776,2,5,2,646180,30264,100004,26252,0.2397034596375618,0.46450562672517515
7320,0.7777,7,11,7,646191,30253,100011,26245,0.23961633506526422,0.46452971786611913
7321,0.7778,6,8,6,646199,30245,100017,26239,0.2395529717399569,0.46453863040861126
7322,0.7779,2,3,2,646202,30242,100019,26237,0.23952921049296666,0.4645443439154376
7323,0.778,11,23,11,646225,30219,100030,26226,0.23934704093270814,0.46462928514483126
7324,0.7781,2,3,2,646228,30216,100032,26224,0.2393232796857179,0.46463501063075835
7325,0.7782,4,13,4,646241,30203,100036,26220,0.23922031428209353,0.4647041100260532
7326,0.7783,53,67,53,646308,30136,100089,26167,0.2386896464326448,0.4647532103085093
7327,0.7784,1,1,1,646309,30135,100090,26166,0.23868172601698137,0.46475195822454307
7328,0.7785,7,15,7,646324,30120,100097,26159,0.23856291978203015,0.46480925389576927
7329,0.7786,1,3,1,646327,30117,100098,26158,0.23853915853503993,0.4648245224344736
7330,0.7787,5,17,5,646344,30100,100103,26153,0.23840451146876188,0.4649174266261355
7331,0.7788,2,12,2,646356,30088,100105,26151,0.23830946648080092,0.46499759953057485
7332,0.7789,2,9,2,646365,30079,100107,26149,0.2382381827398302,0.4650529985060824
7333,0.779,7,22,7,646387,30057,100114,26142,0.2380639335952351,0.4651684193668926
7334,0.7791,2,4,2,646391,30053,100116,26140,0.23803225193258143,0.4651824960404321
7335,0.7792,11,34,11,646425,30019,100127,26129,0.23776295780002535,0.465359407280758
7336,0.7793,5,12,5,646437,30007,100132,26124,0.23766791281206437,0.46541127006467015
7337,0.7794,1,1,1,646438,30006,100133,26123,0.23765999239640095,0.46541003759197563
7338,0.7795,2,5,2,646443,30001,100135,26121,0.23762039031808388,0.46543245073233314
7339,0.7796,4,5,4,646448,29996,100139,26117,0.23758078823976683,0.46543581701210057
7340,0.7797,5,18,5,646466,29978,100144,26112,0.23743822075782536,0.46553752897129613
7341,0.7798,4,6,4,646472,29972,100148,26108,0.23739069826384487,0.4655492154065621
7342,0.7799,1,3,1,646475,29969,100149,26107,0.23736693701685466,0.46556459091233326
7343,0.78,989,1393,989,647868,28576,101138,25118,0.2263337979977189,0.4677990092002831
7344,0.7801,0,4,0,647872,28572,101138,25118,0.22630211633506525,0.46783386105420005
7345,0.7802,4,7,4,647879,28565,101142,25114,0.22624667342542137,0.46785521339816316
7346,0.7803,5,10,5,647889,28555,101147,25109,0.22616746926878722,0.4678928145497913
7347,0.7804,1,4,1,647893,28551,101148,25108,0.22613578760613356,0.46791777707374343
7348,0.7805,1,13,1,647906,28538,101149,25107,0.2260328222025092,0.46802125081554663
7349,0.7806,1,1,1,647907,28537,101150,25106,0.22602490178684578,0.4680200585351304
7350,0.7807,8,22,8,647929,28515,101158,25098,0.22585065264225065,0.46813272900229425
7351,0.7808,16,31,16,647960,28484,101174,25082,0.22560511975668482,0.4682447821379233
7352,0.7809,0,2,0,647962,28482,101174,25082,0.22558927892535802,0.46826226570084384
7353,0.781,13,19,13,647981,28463,101187,25069,0.22543879102775313,0.4682993349772099
7354,0.7811,2,2,2,647983,28461,101189,25067,0.2254229501964263,0.46829696607383053
7355,0.7812,5,12,5,647995,28449,101194,25062,0.22532790520846535,0.46835230139597467
7356,0.7813,5,17,5,648012,28432,101199,25057,0.2251932581421873,0.4684514573089794
7357,0.7814,1,2,1,648014,28430,101200,25056,0.22517741731086047,0.468459036009423
7358,0.7815,3,28,3,648042,28402,101203,25053,0.22495564567228488,0.4686745861004583
7359,0.7816,0,6,0,648048,28396,101203,25053,0.2249081231783044,0.468727197889577
7360,0.7817,30,83,30,648131,28313,101233,25023,0.22425072867824103,0.4691577921103945
7361,0.7818,3,12,3,648143,28301,101236,25020,0.22415568369028008,0.46923351024924514
7362,0.7819,0,2,0,648145,28299,101236,25020,0.22413984285895325,0.4692511112361447
7363,0.782,16,23,16,648168,28276,101252,25004,0.2239576732986947,0.4692942942942943
7364,0.7821,4,3,4,648171,28273,101256,25000,0.2239339120517045,0.4692808739886997
7365,0.7822,2,10,2,648181,28263,101258,24998,0.22385470789507034,0.46934905465537635
7366,0.7823,7,9,7,648190,28254,101265,24991,0.2237834241540996,0.4693586252230256
7367,0.7824,0,2,0,648192,28252,101265,24991,0.22376758332277277,0.469376256033657
7368,0.7825,36,89,36,648281,28163,101301,24955,0.22306266632872893,0.4698030799352385
7369,0.7826,2,0,2,648281,28163,101303,24953,0.22306266632872893,0.46978311619850893
7370,0.7827,3,12,3,648293,28151,101306,24950,0.22296762134076797,0.469859324683151
7371,0.7828,3,6,3,648299,28145,101309,24947,0.22292009884678748,0.4698824681684623
7372,0.7829,3,5,3,648304,28140,101312,24944,0.2228804967684704,0.4698967673875367
7373,0.783,8,14,8,648318,28126,101320,24936,0.2227696109491826,0.4699408239418039
7374,0.7831,0,4,0,648322,28122,101320,24936,0.22273792928652897,0.46997625240303065
7375,0.7832,3,14,3,648336,28108,101323,24933,0.22262704346724116,0.47007032295771195
7376,0.7833,89,169,89,648505,27939,101412,24844,0.2212884932201242,0.47068184832237653
7377,0.7834,1,2,1,648507,27937,101413,24843,0.22127265238879737,0.4706896551724138
7378,0.7835,0,10,0,648517,27927,101413,24843,0.22119344823216322,0.47077885162023875
7379,0.7836,1,1,1,648518,27926,101414,24842,0.2211855278164998,0.47077774408732564
7380,0.7837,4,15,4,648533,27911,101418,24838,0.2210667215815486,0.470871485715369
7381,0.7838,1,5,1,648538,27906,101419,24837,0.22102711950323153,0.47090609180365167
7382,0.7839,0,10,0,648548,27896,101419,24837,0.22094791534659738,0.4709953918798475
7383,0.784,30,30,30,648578,27866,101449,24807,0.22071030287669496,0.4709623526284814
7384,0.7841,1,1,1,648579,27865,101450,24806,0.22070238246103155,0.47096125002373224
7385,0.7842,14,35,14,648614,27830,101464,24792,0.22042516791281205,0.4711337463418342
7386,0.7843,9,18,9,648632,27812,101473,24783,0.2202826004308706,0.4712044871185474
7387,0.7844,0,2,0,648634,27810,101473,24783,0.22026675959954378,0.4712224060236153
7388,0.7845,5,12,5,648646,27798,101478,24778,0.2201717146115828,0.4712796713329276
7389,0.7846,0,1,0,648647,27797,101478,24778,0.22016379419591942,0.47128863528292914
7390,0.7847,1,9,1,648656,27788,101479,24777,0.22009251045494868,0.471359269475887
7391,0.7848,2,6,2,648662,27782,101481,24775,0.2200449879609682,0.47139296382974677
7392,0.7849,2,1,2,648663,27781,101483,24773,0.22003706754530478,0.4713818167979602
7393,0.785,194,293,194,648956,27488,101677,24579,0.21771638575592447,0.4720648395336778
7394,0.7851,0,2,0,648958,27486,101677,24579,0.21770054492459764,0.4720829732065687
7395,0.7852,3,9,3,648967,27477,101680,24576,0.2176292611836269,0.4721341709411561
7396,0.7853,4,8,4,648975,27469,101684,24572,0.21756589785831962,0.47216617666839605
7397,0.7854,0,2,0,648977,27467,101684,24572,0.2175500570269928,0.4721843232959895
7398,0.7855,3,9,3,648986,27458,101687,24569,0.21747877328602205,0.4722355699925039
7399,0.7856,0,3,0,648989,27455,101687,24569,0.2174550120390318,0.4722628017837921
7400,0.7857,8,19,8,649008,27436,101695,24561,0.21730452414142695,0.47235417427928533
7401,0.7858,11,35,11,649043,27401,101706,24550,0.21702730959320746,0.4725606821812862
7402,0.7859,1,2,1,649045,27399,101707,24549,0.21701146876188063,0.47256872256872257
7403,0.786,21,42,21,649087,27357,101728,24528,0.21667881130401723,0.472737785487135
7404,0.7861,0,2,0,649089,27355,101728,24528,0.2166629704726904,0.4727560087119095
7405,0.7862,6,9,6,649098,27346,101734,24522,0.2165916867317197,0.4727770494331765
7406,0.7863,5,16,5,649114,27330,101739,24517,0.21646496008110505,0.47287210446120315
7407,0.7864,0,1,0,649115,27329,101739,24517,0.21645703966544164,0.4728812251668403
7408,0.7865,2,7,2,649122,27322,101741,24515,0.21640159675579773,0.472924744873353
7409,0.7866,2,1,2,649123,27321,101743,24513,0.21639367634013432,0.4729135316587568
7410,0.7867,108,146,108,649269,27175,101851,24405,0.21523729565327587,0.473148507173323
7411,0.7868,3,17,3,649286,27158,101854,24402,0.21510264858699785,0.4732738557020946
7412,0.7869,1,1,1,649287,27157,101855,24401,0.21509472817133443,0.47327281896116996
7413,0.787,5,9,5,649296,27148,101860,24396,0.2150234444303637,0.47330436132236536
7414,0.7871,3,2,3,649298,27146,101863,24393,0.21500760359903687,0.4732920700828499
7415,0.7872,2,7,2,649305,27139,101865,24391,0.214952160689393,0.47333592082282167
7416,0.7873,8,13,8,649318,27126,101873,24383,0.2148491952857686,0.47337358519870315
7417,0.7874,1,3,1,649321,27123,101874,24382,0.21482543403877835,0.4733909329191341
7418,0.7875,43,88,43,649409,27035,101917,24339,0.21412843746039792,0.4737610464437264
7419,0.7876,3,2,3,649411,27033,101920,24336,0.2141125966290711,0.47374875897915086
7420,0.7877,1,10,1,649421,27023,101921,24335,0.21403339247243694,0.4738307566494022
7421,0.7878,0,4,0,649425,27019,101921,24335,0.2140017108097833,0.473867663667874
7422,0.7879,0,2,0,649427,27017,101921,24335,0.21398586997845648,0.4738861193332295
7423,0.788,11,19,11,649446,26998,101932,24324,0.2138353820808516,0.47394879388956
7424,0.7882,4,11,4,649457,26987,101936,24320,0.21374825750855406,0.47400939442961
7425,0.7883,41,66,41,649523,26921,101977,24279,0.21322551007476873,0.47419921875
7426,0.7884,0,5,0,649528,26916,101977,24279,0.21318590799645165,0.4742455317902139
7427,0.7885,6,12,6,649540,26904,101983,24273,0.21309086300849067,0.47429509349903276
7428,0.7886,0,4,0,649544,26900,101983,24273,0.21305918134583704,0.474332167353878
7429,0.7887,3,8,3,649552,26892,101986,24270,0.21299581802052972,0.4743755130761112
7430,0.7888,1,11,1,649563,26881,101987,24269,0.21290869344823216,0.4744672531769306
7431,0.7889,0,1,0,649564,26880,101987,24269,0.21290077303256874,0.4744765293554126
7432,0.789,15,17,15,649581,26863,102002,24254,0.21276612596629071,0.47448011424770625
7433,0.7891,1,13,1,649594,26850,102003,24253,0.21266316056266632,0.4745905328454298
7434,0.7892,14,40,14,649634,26810,102017,24239,0.21234634393612978,0.47481831181805717
7435,0.7893,8,18,8,649652,26792,102025,24231,0.2122037764541883,0.4749034749034749
7436,0.7894,0,2,0,649654,26790,102025,24231,0.21218793562286148,0.47492209090374554
7437,0.7895,4,6,4,649660,26784,102029,24227,0.21214041312888102,0.47493677834192627
7438,0.7896,1,0,1,649660,26784,102030,24226,0.21214041312888102,0.4749264850029406
7439,0.7897,4,12,4,649672,26772,102034,24222,0.21204536814092004,0.4749970584774679
7440,0.7898,2,7,2,649679,26765,102036,24220,0.21198992523127613,0.47504167892517407
7441,0.7899,2,4,2,649683,26761,102038,24218,0.21195824356862247,0.4750583573628357
7442,0.79,1083,1394,1083,651077,25367,103121,23135,0.20091718413382334,0.4769906395612552
7443,0.7901,2,4,2,651081,25363,103123,23133,0.20088550247116968,0.47700841306499503
7444,0.7902,4,2,4,651083,25361,103127,23129,0.20086966163984285,0.4769849453495566
7445,0.7903,0,8,0,651091,25353,103127,23129,0.20080629831453556,0.47706365248958377
7446,0.7904,1,3,1,651094,25350,103128,23128,0.2007825370675453,0.47708238788728907
7447,0.7905,3,6,3,651100,25344,103131,23125,0.20073501457356482,0.477109080030535
7448,0.7906,2,2,2,651102,25342,103133,23123,0.200719173742238,0.4771071907562158
7449,0.7907,13,13,13,651115,25329,103146,23110,0.2006162083386136,0.4770949028675241
7450,0.7908,8,27,8,651142,25302,103154,23102,0.20040235711570142,0.477274605404512
7451,0.7909,0,1,0,651143,25301,103154,23102,0.200394436700038,0.4772844658388943
7452,0.791,12,23,12,651166,25278,103166,23090,0.2002122671397795,0.47738173999338407
7453,0.7911,1,6,1,651172,25272,103167,23089,0.200164744645799,0.4774301606666529
7454,0.7912,3,11,3,651183,25261,103170,23086,0.20007762007350147,0.4775063602705442
7455,0.7913,8,15,8,651198,25246,103178,23078,0.19995881383855024,0.4775680821124079
7456,0.7914,0,4,0,651202,25242,103178,23078,0.19992713217589658,0.4776076158940397
7457,0.7915,5,7,5,651209,25235,103183,23073,0.1998716892662527,0.4776227539951975
7458,0.7916,3,6,3,651215,25229,103186,23070,0.19982416677227222,0.4776496407793122
7459,0.7917,41,74,41,651289,25155,103227,23029,0.19923805601317957,0.47793873484974264
7460,0.7918,2,9,2,651298,25146,103229,23027,0.19916677227220886,0.4780063521059515
7461,0.7919,0,5,0,651303,25141,103229,23027,0.19912717019389178,0.47805597076897527
7462,0.792,11,20,11,651323,25121,103240,23016,0.19896876188062348,0.47813532210150195
7463,0.7921,4,7,4,651330,25114,103244,23012,0.1989133189709796,0.47816149274820263
7464,0.7922,4,4,4,651334,25110,103248,23008,0.19888163730832595,0.4781578619227732
7465,0.7923,6,11,6,651345,25099,103254,23002,0.19879451273602838,0.47820211638011684
7466,0.7924,5,7,5,651352,25092,103259,22997,0.19873906982638448,0.4782174717710911
7467,0.7925,59,74,59,651426,25018,103318,22938,0.19815295906729186,0.47831345399949954
7468,0.7926,1,2,1,651428,25016,103319,22937,0.19813711823596503,0.4783225241382187
7469,0.7927,6,13,6,651441,25003,103325,22931,0.19803415283234063,0.4783869487211583
7470,0.7928,4,12,4,651453,24991,103329,22927,0.19793910784437968,0.4784632079802997
7471,0.7929,0,2,0,651455,24989,103329,22927,0.19792326701305285,0.478483178896402
7472,0.793,8,9,8,651464,24980,103337,22919,0.19785198327208212,0.478485980918182
7473,0.7931,0,3,0,651467,24977,103337,22919,0.19782822202509187,0.47851595122765994
7474,0.7932,2,8,2,651475,24969,103339,22917,0.19776485869978455,0.47857411351960905
7475,0.7933,90,170,90,651645,24799,103429,22827,0.19641838803700418,0.4792970226346953
7476,0.7934,1,2,1,651647,24797,103430,22826,0.19640254720567735,0.47930621758394054
7477,0.7935,8,15,8,651662,24782,103438,22818,0.19628374097072615,0.47936974789915965
7478,0.7936,3,2,3,651664,24780,103441,22815,0.19626790013939932,0.4793570753230381
7479,0.7937,7,9,7,651673,24771,103448,22808,0.19619661639842859,0.47937115113810713
7480,0.7938,6,8,6,651681,24763,103454,22802,0.19613325307312127,0.47938610322716285
7481,0.7939,1,1,1,651682,24762,103455,22801,0.19612533265745785,0.4793852364232702
7482,0.794,21,22,21,651704,24740,103476,22780,0.19595108351286275,0.4793771043771044
7483,0.7941,1,2,1,651706,24738,103477,22779,0.19593524268153592,0.4793863248942484
7484,0.7942,11,33,11,651739,24705,103488,22768,0.19567386896464325,0.4795989299180587
7485,0.7943,4,20,4,651759,24685,103492,22764,0.19551546065137498,0.47975721300765034
7486,0.7944,0,1,0,651760,24684,103492,22764,0.19550754023571157,0.4797673242286292
7487,0.7945,1,10,1,651770,24674,103493,22763,0.19542833607907742,0.47985749520416554
7488,0.7946,1,4,1,651774,24670,103494,22762,0.1953966544164238,0.47988699612076235
7489,0.7947,1,7,1,651781,24663,103495,22761,0.19534121150677988,0.4799468623481781
7490,0.7948,1,4,1,651785,24659,103496,22760,0.19530952984412622,0.4799763807756385
7491,0.7949,2,3,2,651788,24656,103498,22758,0.19528576859713598,0.47998481461171805
7492,0.795,177,298,177,652086,24358,103675,22581,0.1929254847294386,0.4810711774856729
7493,0.7951,0,5,0,652091,24353,103675,22581,0.19288588265112153,0.48112242723824944
7494,0.7952,2,8,2,652099,24345,103677,22579,0.1928225193258142,0.4811823373966414
7495,0.7953,3,7,3,652106,24338,103680,22576,0.19276707641617033,0.4812209574966961
7496,0.7954,0,1,0,652107,24337,103680,22576,0.19275915600050691,0.48123121522818835
7497,0.7955,1,8,1,652115,24329,103681,22575,0.1926957926751996,0.4813022343510148
7498,0.7956,1,1,1,652116,24328,103682,22574,0.19268787225953618,0.48130143703893224
7499,0.7957,4,9,4,652125,24319,103686,22570,0.19261658851856545,0.48134957026168185
7500,0.7958,21,29,21,652154,24290,103707,22549,0.19238689646432644,0.48141506009948976
7501,0.7959,0,1,0,652155,24289,103707,22549,0.19237897604866303,0.4814253384004441
7502,0.796,16,35,16,652190,24254,103723,22533,0.19210176150044353,0.48160813901297367
7503,0.7961,0,2,0,652192,24252,103723,22533,0.19208592066911673,0.4816287271561398
7504,0.7962,2,5,2,652197,24247,103725,22531,0.19204631859079965,0.48165804437983667
7505,0.7963,6,4,6,652201,24243,103731,22525,0.192014636928146,0.481632740335272
7506,0.7964,1,1,1,652202,24242,103732,22524,0.19200671651248258,0.4816319548389856
7507,0.7965,5,10,5,652212,24232,103737,22519,0.19192751235584843,0.4816795362666039
7508,0.7966,1,1,1,652213,24231,103738,22518,0.191919591940185,0.4816787524866842
7509,0.7967,105,158,105,652371,24073,103843,22413,0.19066816626536562,0.48214516198425333
7510,0.7968,0,6,0,652377,24067,103843,22413,0.19062064377138513,0.4822074010327022
7511,0.7969,1,3,1,652380,24064,103844,22412,0.19059688252439488,0.4822273861778122
7512,0.797,2,9,2,652389,24055,103846,22410,0.19052559878342415,0.48229850425051113
7513,0.7971,4,4,4,652393,24051,103850,22406,0.1904939171207705,0.4822954560130874
7514,0.7972,3,8,3,652401,24043,103853,22403,0.1904305537954632,0.4823450889204668
7515,0.7973,6,19,6,652420,24024,103859,22397,0.1902800658978583,0.4824756037138364
7516,0.7974,0,1,0,652421,24023,103859,22397,0.1902721454821949,0.4824859974149074
7517,0.7975,49,63,49,652484,23960,103908,22348,0.1897731592953998,0.48259480003455124
7518,0.7976,2,3,2,652487,23957,103910,22346,0.18974939804840957,0.48260371898149146
7519,0.7977,4,14,4,652501,23943,103914,22342,0.1896385122291218,0.4827049800151237
7520,0.7978,3,7,3,652508,23936,103917,22339,0.18958306931947788,0.48274446245272823
7521,0.7979,0,9,0,652517,23927,103917,22339,0.18951178557850715,0.4828383694289543
7522,0.798,13,24,13,652541,23903,103930,22326,0.18932169560258522,0.48294360682688353
7523,0.7981,1,6,1,652547,23897,103931,22325,0.18927417310860473,0.4829951105534161
7524,0.7982,2,4,2,652551,23893,103933,22323,0.1892424914459511,0.48301454041890257
7525,0.7983,37,65,37,652616,23828,103970,22286,0.18872766442782918,0.4832805655549291
7526,0.7984,1,3,1,652619,23825,103971,22285,0.18870390318083893,0.4833008024289742
7527,0.7985,8,11,8,652630,23814,103979,22277,0.18861677860854137,0.48332646286693715
7528,0.7986,2,2,2,652632,23812,103981,22275,0.18860093777721454,0.48332501573111725
7529,0.7987,8,13,8,652645,23799,103989,22267,0.18849797237359017,0.483371684105414
7530,0.7988,3,7,3,652652,23792,103992,22264,0.18844252946394627,0.4834114990446413
7531,0.799,6,6,6,652658,23786,103998,22258,0.18839500696996578,0.48340717574493963
7532,0.7991,1,1,1,652659,23785,103999,22257,0.18838708655430236,0.4834064549758916
7533,0.7992,8,22,8,652681,23763,104007,22249,0.18821283740970726,0.4835477701469182
7534,0.7993,5,14,5,652695,23749,104012,22244,0.18810195159041945,0.4836388146022221
7535,0.7994,2,1,2,652696,23748,104014,22242,0.18809403117475604,0.48362687540769733
7536,0.7995,2,8,2,652704,23740,104016,22240,0.18803066784944875,0.48368856024358414
7537,0.7997,1,4,1,652708,23736,104017,22239,0.1879989861867951,0.4837194127243067
7538,0.7998,4,4,4,652712,23732,104021,22235,0.18796730452414143,0.48371657928513934
7539,0.7999,5,7,5,652719,23725,104026,22230,0.18791186161449752,0.4837340876944837
7540,0.8,1079,1230,1079,653949,22495,105105,21151,0.1781697503484983,0.48460340008248176
7541,0.8001,2,6,2,653955,22489,105107,21149,0.1781222278545178,0.48464640909299234
7542,0.8002,0,6,0,653961,22483,105107,21149,0.17807470536053732,0.4847130546387972
7543,0.8003,2,9,2,653970,22474,105109,21147,0.1780034216195666,0.4847894362806905
7544,0.8004,2,4,2,653974,22470,105111,21145,0.17797173995691293,0.4848102716955176
7545,0.8005,5,11,5,653985,22459,105116,21140,0.1778846153846154,0.4848735062730797
7546,0.8006,0,2,0,653987,22457,105116,21140,0.17786877455328856,0.4848957497075487
7547,0.8007,7,12,7,653999,22445,105123,21133,0.17777372956532758,0.4849465326540915
7548,0.8008,18,24,18,654023,22421,105141,21115,0.17758363958940565,0.48500091877986035
7549,0.801,8,21,8,654044,22400,105149,21107,0.17741731086047396,0.4851403222469947
7550,0.8011,2,9,2,654053,22391,105151,21105,0.17734602711950323,0.4852170314511679
7551,0.8012,2,6,2,654059,22385,105153,21103,0.17729850462552274,0.4852603016924209
7552,0.8013,3,11,3,654070,22374,105156,21100,0.1772113800532252,0.485347564061278
7553,0.8014,1,1,1,654071,22373,105157,21099,0.1772034596375618,0.48534688995215314
7554,0.8015,1,9,1,654080,22364,105158,21098,0.17713217589659105,0.4854355528967834
7555,0.8016,4,4,4,654084,22360,105162,21094,0.1771004942339374,0.4854328715423206
7556,0.8017,37,79,37,654163,22281,105199,21057,0.1764747813965277,0.485878443859892
7557,0.8018,4,10,4,654173,22271,105203,21053,0.17639557723989355,0.48594312621179947
7558,0.8019,2,0,2,654173,22271,105205,21051,0.17639557723989355,0.4859193943031254
7559,0.802,15,15,15,654188,22256,105220,21036,0.17627677100494235,0.4859096368844128
7560,0.8021,0,2,0,654190,22254,105220,21036,0.17626093017361552,0.4859320859320859
7561,0.8022,7,7,7,654197,22247,105227,21029,0.17620548726397162,0.48592753489231905
7562,0.8023,1,9,1,654206,22238,105228,21028,0.17613420352300088,0.4860167336938936
7563,0.8024,0,1,0,654207,22237,105228,21028,0.17612628310733747,0.48602796717901303
7564,0.8025,49,68,49,654275,22169,105277,20979,0.17558769484222533,0.486210253082414
7565,0.8026,0,3,0,654278,22166,105277,20979,0.1755639335952351,0.48624406072546067
7566,0.8027,3,14,3,654292,22152,105280,20976,0.17545304777594728,0.48636616583194214
7567,0.8028,1,4,1,654296,22148,105281,20975,0.17542136611329362,0.48639936924611
7568,0.8029,3,9,3,654305,22139,105284,20972,0.1753500823723229,0.4864651713019879
7569,0.803,4,10,4,654315,22129,105288,20968,0.17527087821568876,0.48653038494558787
7570,0.8031,3,1,3,654316,22128,105291,20965,0.17526295780002535,0.48650592903719864
7571,0.8032,5,11,5,654327,22117,105296,20960,0.17517583322772778,0.4865705596954291
7572,0.8033,99,127,99,654454,21990,105395,20861,0.17416994043847422,0.4868264451238011
7573,0.8034,0,1,0,654455,21989,105395,20861,0.1741620200228108,0.48683780630105017
7574,0.8035,6,7,6,654462,21982,105401,20855,0.1741065771131669,0.48684548404416744
7575,0.8036,0,4,0,654466,21978,105401,20855,0.17407489545051325,0.48689094856769316
7576,0.8037,4,11,4,654477,21967,105405,20851,0.17398777087821568,0.48696809752907655
7577,0.8038,2,3,2,654480,21964,105407,20849,0.17396400963122544,0.4869782542685633
7578,0.8039,1,4,1,654484,21960,105408,20848,0.1739323279685718,0.4870117735002803
7579,0.804,14,28,14,654512,21932,105422,20834,0.17371055632999619,0.4871626993405977
7580,0.8041,1,4,1,654516,21928,105423,20833,0.17367887466734255,0.48719627698136153
7581,0.8042,7,35,7,654551,21893,105430,20826,0.17340166011912306,0.4875114117839837
7582,0.8043,11,14,11,654565,21879,105441,20815,0.17329077429983525,0.48753923267906496
7583,0.8044,0,3,0,654568,21876,105441,20815,0.173267013052845,0.48757349324213534
7584,0.8045,1,4,1,654572,21872,105442,20814,0.17323533139019134,0.4876071779974699
7585,0.8046,2,1,2,654573,21871,105444,20812,0.17322741097452796,0.48759459269498395
7586,0.8047,6,17,6,654590,21854,105450,20806,0.1730927639082499,0.48771683075480543
7587,0.8048,6,10,6,654600,21844,105456,20800,0.17301355975161575,0.48775912203358035
7588,0.8049,0,1,0,654601,21843,105456,20800,0.17300563933595234,0.48777056023262905
7589,0.805,198,255,198,654856,21588,105654,20602,0.17098593334178178,0.4883147665323536
7590,0.8051,2,4,2,654860,21584,105656,20600,0.17095425167912812,0.4883368101649915
7591,0.8052,5,7,5,654867,21577,105661,20595,0.1708988087694842,0.4883572038319264
7592,0.8053,2,4,2,654871,21573,105663,20593,0.17086712710683058,0.4883792629132476
7593,0.8054,0,3,0,654874,21570,105663,20593,0.17084336585984033,0.4884140122856533
7594,0.8055,8,12,8,654886,21558,105671,20585,0.17074832087187936,0.4884559713356904
7595,0.8056,1,0,1,654886,21558,105672,20584,0.17074832087187936,0.48844383275592046
7596,0.8057,3,10,3,654896,21548,105675,20581,0.1706691167152452,0.4885233449642764
7597,0.8058,14,27,14,654923,21521,105689,20567,0.17045526549233303,0.488666603307356
7598,0.8059,2,1,2,654924,21520,105691,20565,0.17044734507666962,0.48865391469644764
7599,0.806,13,31,13,654955,21489,105704,20552,0.17020181219110378,0.4888561166480341
7600,0.8061,2,1,2,654956,21488,105706,20550,0.17019389177544036,0.48884342737523195
7601,0.8062,1,9,1,654965,21479,105707,20549,0.17012260803446966,0.4889359474635957
7602,0.8063,2,6,2,654971,21473,105709,20547,0.17007508554048917,0.4889814374107568
7603,0.8064,0,5,0,654976,21468,105709,20547,0.1700354834621721,0.4890396287040343
7604,0.8065,3,12,3,654988,21456,105712,20544,0.16994043847421111,0.48914285714285716
7605,0.8066,1,0,1,654988,21456,105713,20543,0.16994043847421111,0.4891306935879426
7606,0.8067,92,141,92,655129,21315,105805,20451,0.16882365986566975,0.4896566585260738
7607,0.8068,2,3,2,655132,21312,105807,20449,0.1687998986186795,0.48966739302219775
7608,0.807,3,20,3,655152,21292,105810,20446,0.16864149030541123,0.4898653505199099
7609,0.8071,2,4,2,655156,21288,105812,20444,0.16860980864275757,0.4898878558420397
7610,0.8072,1,7,1,655163,21281,105813,20443,0.16855436573311366,0.4899578180423737
7611,0.8073,5,7,5,655170,21274,105818,20438,0.1684989228234698,0.4899789029535865
7612,0.8074,2,4,2,655174,21270,105820,20436,0.16846724116081613,0.490001438641922
7613,0.8075,37,56,37,655230,21214,105857,20399,0.16802369788366495,0.4902073871146036
7614,0.8076,0,4,0,655234,21210,105857,20399,0.1679920162210113,0.490254512244947
7615,0.8077,3,14,3,655248,21196,105860,20396,0.16788113040172348,0.4903827659165224
7616,0.8078,2,8,2,655256,21188,105862,20394,0.16781776707641616,0.49045259968255495
7617,0.8079,3,6,3,655262,21182,105865,20391,0.1677702445824357,0.4904866139080653
7618,0.808,14,22,14,655284,21160,105879,20377,0.16759599543784057,0.4905746683679611
7619,0.8081,0,1,0,655285,21159,105879,20377,0.16758807502217715,0.49058647919876736
7620,0.8082,5,6,5,655291,21153,105884,20372,0.1675405525281967,0.49059602649006623
7621,0.8083,40,56,40,655347,21097,105924,20332,0.1670970092510455,0.4907673368896184
7622,0.8085,4,19,4,655366,21078,105928,20328,0.16694652135344062,0.49094334154470365
7623,0.8086,2,4,2,655370,21074,105930,20326,0.16691483969078696,0.4909661835748792
7624,0.8087,2,13,2,655383,21061,105932,20324,0.1668118742871626,0.4910958076597801
7625,0.8088,5,6,5,655389,21055,105937,20319,0.1667643517931821,0.49110552520906847
7626,0.8089,0,5,0,655394,21050,105937,20319,0.16672474971486503,0.49116488191641083
7627,0.809,17,10,17,655404,21040,105954,20302,0.16664554555823088,0.4910744521310048
7628,0.8091,0,1,0,655405,21039,105954,20302,0.16663762514256747,0.49108633076122976
7629,0.8092,12,26,12,655431,21013,105966,20290,0.1664316943353187,0.49124760913250853
7630,0.8093,11,15,11,655446,20998,105977,20279,0.1663128881003675,0.4912905492162706
7631,0.8094,1,4,1,655450,20994,105978,20278,0.16628120643771385,0.4913258383407637
7632,0.8095,2,7,2,655457,20987,105980,20276,0.16622576352806995,0.49138453335918375
7633,0.8096,0,1,0,655458,20986,105980,20276,0.16621784311240653,0.4913964422471039
7634,0.8097,3,10,3,655468,20976,105983,20273,0.1661386389557724,0.49147858129894056
7635,0.8098,2,7,2,655475,20969,105985,20271,0.1660831960461285,0.49153734238603297
7636,0.8099,2,3,2,655478,20966,105987,20269,0.16605943479913826,0.4915484418576452
7637,0.81,992,1088,992,656566,19878,106979,19277,0.1574420225573438,0.49232537351551525
7638,0.8101,0,1,0,656567,19877,106979,19277,0.15743410214168038,0.4923379475915615
7639,0.8102,5,8,5,656575,19869,106984,19272,0.1573707388163731,0.49237372576071126
7640,0.8103,2,10,2,656585,19859,106986,19270,0.15729153465973894,0.49247361292136266
7641,0.8104,0,2,0,656587,19857,106986,19270,0.1572756938284121,0.49249878600454927
7642,0.8105,4,6,4,656593,19851,106990,19266,0.15722817133443162,0.49252243270189433
7643,0.8106,3,3,3,656596,19848,106993,19263,0.15720441008744138,0.492521285571834
7644,0.8107,4,13,4,656609,19835,106997,19259,0.157101444683817,0.4926331406353916
7645,0.8108,9,29,9,656638,19806,107006,19250,0.156871752629578,0.4928820155673904
7646,0.8109,1,1,1,656639,19805,107007,19249,0.1568638322139146,0.4928816510472679
7647,0.811,7,21,7,656660,19784,107014,19242,0.1566975034849829,0.49305591144365296
7648,0.8111,0,4,0,656664,19780,107014,19242,0.15666582182232924,0.4931064527702322
7649,0.8112,3,8,3,656672,19772,107017,19239,0.15660245849702192,0.4931685934736356
7650,0.8113,5,7,5,656679,19765,107022,19234,0.15654701558737802,0.49319213313161875
7651,0.8114,1,3,1,656682,19762,107023,19233,0.15652325434038777,0.49321707911270674
7652,0.8115,3,12,3,656694,19750,107026,19230,0.15642820935242682,0.4933299127757825
7653,0.8116,2,5,2,656699,19745,107028,19228,0.15638860727410975,0.4933672029353655
7654,0.8117,31,66,31,656765,19679,107059,19197,0.15586585984032442,0.49380080255170283
7655,0.8118,5,5,5,656770,19674,107064,19192,0.15582625776200734,0.4937992075335769
7656,0.8119,0,4,0,656774,19670,107064,19192,0.15579457609935368,0.49385003345170086
7657,0.812,9,16,9,656790,19654,107073,19183,0.15566784944873907,0.4939361948657208
7658,0.8121,1,5,1,656795,19649,107074,19182,0.155628247370422,0.4939867631531508
7659,0.8122,1,7,1,656802,19642,107075,19181,0.1555728044607781,0.49406279782603096
7660,0.8123,3,8,3,656810,19634,107078,19178,0.1555094411354708,0.4941255281871586
7661,0.8124,1,7,1,656817,19627,107079,19177,0.1554539982258269,0.4942016286980724
7662,0.8125,34,54,34,656871,19573,107113,19143,0.15502629578000254,0.49444674036574027
7663,0.8126,2,4,2,656875,19569,107115,19141,0.15499461411734888,0.4944717127357272
7664,0.8127,6,13,6,656888,19556,107121,19135,0.1548916487137245,0.4945594582719495
7665,0.8128,3,3,3,656891,19553,107124,19132,0.15486788746673424,0.49455861445004523
7666,0.8129,0,6,0,656897,19547,107124,19132,0.15482036497275378,0.49463533183381164
7667,0.813,3,11,3,656908,19536,107127,19129,0.15473324040045622,0.49473684210526314
7668,0.8131,0,2,0,656910,19534,107127,19129,0.1547173995691294,0.49476243436877637
7669,0.8132,5,5,5,656915,19529,107132,19124,0.1546777974908123,0.4947610793470106
7670,0.8133,98,148,98,657063,19381,107230,19026,0.15350557597262704,0.4953784466373317
7671,0.8134,1,0,1,657063,19381,107231,19025,0.15350557597262704,0.49536530750403585
7672,0.8135,4,9,4,657072,19372,107235,19021,0.1534342922316563,0.49542885421821686
7673,0.8136,1,1,1,657073,19371,107236,19020,0.1534263718159929,0.4954286160818942
7674,0.8137,1,7,1,657080,19364,107237,19019,0.153370928906349,0.49550582289034206
7675,0.8138,4,11,4,657091,19353,107241,19015,0.15328380433405145,0.4955952877397832
7676,0.8139,0,7,0,657098,19346,107241,19015,0.15322836142440754,0.49568572247855897
7677,0.814,9,33,9,657131,19313,107250,19006,0.15296698770751488,0.4959941543359691
7678,0.8141,0,1,0,657132,19312,107250,19006,0.15295906729185146,0.49600709849157054
7679,0.8142,13,31,13,657163,19281,107263,18993,0.15271353440628563,0.49623765480482834
7680,0.8143,7,9,7,657172,19272,107270,18986,0.15264225066531492,0.496262219666475
7681,0.8144,0,4,0,657176,19268,107270,18986,0.15261056900266126,0.49631411094264655
7682,0.8145,2,3,2,657179,19265,107272,18984,0.15258680775567102,0.49632670135166934
7683,0.8146,0,2,0,657181,19263,107272,18984,0.1525709669243442,0.4963526551102047
7684,0.8147,2,9,2,657190,19254,107274,18982,0.15249968318337345,0.4964431425881368
7685,0.8148,0,9,0,657199,19245,107274,18982,0.15242839944240275,0.49656002302037827
7686,0.8149,0,3,0,657202,19242,107274,18982,0.1524046381954125,0.496598995395563
7687,0.815,157,258,157,657460,18984,107431,18825,0.15036117095425167,0.4978973260334841
7688,0.8151,1,0,1,657460,18984,107432,18824,0.15036117095425167,0.49788404570461275
7689,0.8152,0,11,0,657471,18973,107432,18824,0.15027404638195413,0.4980289440960923
7690,0.8153,4,4,4,657475,18969,107436,18820,0.15024236471930047,0.49802852681997406
7691,0.8154,2,8,2,657483,18961,107438,18818,0.15017900139399315,0.4981074141718944
7692,0.8155,4,6,4,657489,18955,107442,18814,0.15013147890001266,0.49813338981704575
7693,0.8156,2,2,2,657491,18953,107444,18812,0.15011563806868586,0.49813319210909573
7694,0.8157,9,21,9,657512,18932,107453,18803,0.14994930933975414,0.4982907115410097
7695,0.8158,18,26,18,657538,18906,107471,18785,0.14974337853250538,0.49839484227003794
7696,0.8159,3,0,3,657538,18906,107474,18782,0.14974337853250538,0.4983549140309913
7697,0.816,19,22,19,657560,18884,107493,18763,0.14956912938791028,0.49839296623900975
7698,0.8161,2,7,2,657567,18877,107495,18761,0.14951368647826638,0.49845900419788514
7699,0.8162,2,3,2,657570,18874,107497,18759,0.14948992523127613,0.4984720856694922
7700,0.8163,6,15,6,657585,18859,107503,18753,0.14937111899632494,0.49859087525257895
7701,0.8164,0,1,0,657586,18858,107503,18753,0.14936319858066152,0.49860413176996093
7702,0.8165,4,13,4,657599,18845,107507,18749,0.14926023317703713,0.4987232005107198
7703,0.8166,2,2,2,657601,18843,107509,18747,0.1492443923457103,0.49872306464485233
7704,0.8167,102,126,102,657727,18717,107611,18645,0.14824641997212012,0.4990364541512767
7705,0.8168,2,6,2,657733,18711,107613,18643,0.14819889747813966,0.4990897895807678
7706,0.8169,1,3,1,657736,18708,107614,18642,0.14817513623114942,0.4991164658634538
7707,0.817,4,12,4,657748,18696,107618,18638,0.14808009124318844,0.49922322815664005
7708,0.8171,3,4,3,657752,18692,107621,18635,0.14804840958053478,0.49923647761673856
7709,0.8172,0,4,0,657756,18688,107621,18635,0.14801672791788112,0.49928998204860275
7710,0.8173,4,14,4,657770,18674,107625,18631,0.14790584209859334,0.49942366974936336
7711,0.8174,1,0,1,657770,18674,107626,18630,0.14790584209859334,0.49941025091143043
7712,0.8175,46,87,46,657857,18587,107672,18584,0.14721676593587632,0.49995964596056064
7713,0.8176,0,2,0,657859,18585,107672,18584,0.1472009251045495,0.4999865479297264
7714,0.8177,3,10,3,657869,18575,107675,18581,0.14712172094791534,0.5000807406609968
7715,0.8178,2,4,2,657873,18571,107677,18579,0.14709003928526168,0.5001076716016151
7716,0.8179,1,3,1,657876,18568,107678,18578,0.14706627803827144,0.5001346039950466
7717,0.818,8,12,8,657888,18556,107686,18570,0.14697123305031048,0.5001885471098422
7718,0.8181,2,4,2,657892,18552,107688,18568,0.14693955138765682,0.5002155172413794
7719,0.8182,2,6,2,657898,18546,107690,18566,0.14689202889367634,0.5002694546238413
7720,0.8183,37,50,37,657948,18496,107727,18529,0.14649600811050564,0.5004456448345712
7721,0.8184,0,1,0,657949,18495,107727,18529,0.14648808769484223,0.500459161624892
7722,0.8185,1,6,1,657955,18489,107728,18528,0.14644056520086174,0.5005267849906799
7723,0.8186,3,3,3,657958,18486,107731,18525,0.1464168039538715,0.5005268703898841
7724,0.8187,6,6,6,657964,18480,107737,18519,0.146369281459891,0.5005270412713857
7725,0.8188,1,8,1,657972,18472,107738,18518,0.1463059181345837,0.5006217896728845
7726,0.8189,2,2,2,657974,18470,107740,18516,0.14629007730325688,0.5006218569188342
7727,0.819,9,12,9,657986,18458,107749,18507,0.1461950323152959,0.5006627891248479
7728,0.8191,0,2,0,657988,18456,107749,18507,0.14617919148396907,0.5006898790682575
7729,0.8192,17,21,17,658009,18435,107766,18490,0.1460128627550374,0.5007447528774543
7730,0.8193,10,19,10,658028,18416,107776,18480,0.14586237485743253,0.5008673026886383
7731,0.8194,1,4,1,658032,18412,107777,18479,0.14583069319477887,0.5009080805616546
7732,0.8195,2,8,2,658040,18404,107779,18477,0.14576732986947155,0.5009896694775088
7733,0.8196,3,2,3,658042,18402,107782,18474,0.14575148903814472,0.5009762447120079
7734,0.8197,3,5,3,658047,18397,107785,18471,0.14571188695982765,0.5010035803406748
7735,0.8198,4,10,4,658057,18387,107789,18467,0.14563268280319352,0.5010853638682369
7736,0.8199,0,3,0,658060,18384,107789,18467,0.14560892155620328,0.5011261566850289
7737,0.82,1007,1072,1007,659132,17312,108796,17460,0.13711823596502346,0.5021281490854711
7738,0.8201,0,3,0,659135,17309,108796,17460,0.1370944747180332,0.5021714745894331
7739,0.8202,4,4,4,659139,17305,108800,17456,0.13706279305537955,0.5021719743390581
7740,0.8203,5,6,5,659145,17299,108805,17451,0.13701527056139906,0.5021870503597122
7741,0.8204,2,1,2,659146,17298,108807,17449,0.13700735014573565,0.5021728494546291
7742,0.8205,6,5,6,659151,17293,108813,17443,0.13696774806741857,0.5021591432519577
7743,0.8206,2,3,2,659154,17290,108815,17441,0.13694398682042833,0.5021738504506061
7744,0.8207,10,17,10,659171,17273,108825,17431,0.1368093397541503,0.5022763946519133
7745,0.8208,8,15,8,659186,17258,108833,17423,0.13669053351919908,0.502378824140019
7746,0.8209,2,1,2,659187,17257,108835,17421,0.13668261310353566,0.5023646115692947
7747,0.821,9,15,9,659202,17242,108844,17412,0.13656380686858446,0.5024528192993594
7748,0.8211,3,4,3,659206,17238,108847,17409,0.1365321252059308,0.5024677461252056
7749,0.8212,0,4,0,659210,17234,108847,17409,0.13650044354327714,0.5025257627803597
7750,0.8213,3,7,3,659217,17227,108850,17406,0.13644500063363324,0.5025842404642971
7751,0.8214,0,2,0,659219,17225,108850,17406,0.13642915980230644,0.5026132655713089
7752,0.8215,2,8,2,659227,17217,108852,17404,0.13636579647699912,0.5027006730019352
7753,0.8216,1,1,1,659228,17216,108853,17403,0.1363578760613357,0.5027008290245241
7754,0.8217,37,65,37,659293,17151,108890,17366,0.1358430490432138,0.5031144073934583
7755,0.8218,2,6,2,659299,17145,108892,17364,0.1357955265492333,0.5031730852821004
7756,0.8219,0,1,0,659300,17144,108892,17364,0.13578760613356988,0.5031876666280283
7757,0.822,6,23,6,659323,17121,108898,17358,0.13560543657331137,0.5034368746193335
7758,0.8221,1,5,1,659328,17116,108899,17357,0.1355658344949943,0.5034954892234502
7759,0.8222,3,7,3,659335,17109,108902,17354,0.1355103915853504,0.5035545367495575
7760,0.8223,1,6,1,659341,17103,108903,17353,0.13546286909136993,0.5036278151845832
7761,0.8224,0,4,0,659345,17099,108903,17353,0.13543118742871627,0.5036862881690468
7762,0.8225,40,67,40,659412,17032,108943,17313,0.13490051957926752,0.5040908429174552
7763,0.8226,0,7,0,659419,17025,108943,17313,0.13484507666962361,0.5041936047527521
7764,0.8227,4,11,4,659430,17014,108947,17309,0.13475795209732608,0.504297409900067
7765,0.8228,0,2,0,659432,17012,108947,17309,0.13474211126599925,0.5043267970047492
7766,0.8229,2,6,2,659438,17006,108949,17307,0.13469458877201876,0.504386092734532
7767,0.823,5,11,5,659449,16995,108954,17302,0.1346074641997212,0.5044756101116715
7768,0.8231,0,3,0,659452,16992,108954,17302,0.13458370295273095,0.5045197410625766
7769,0.8232,5,8,5,659460,16984,108959,17297,0.13452033962742366,0.5045652110498526
7770,0.8233,84,136,84,659596,16848,109043,17213,0.13344316309719934,0.5053580341152638
7771,0.8234,2,1,2,659597,16847,109045,17211,0.13343524268153592,0.5053438252392977
7772,0.8235,4,12,4,659609,16835,109049,17207,0.13334019769357497,0.5054638387873803
7773,0.8236,0,2,0,659611,16833,109049,17207,0.13332435686224814,0.5054935370152761
7774,0.8237,6,15,6,659626,16818,109055,17201,0.13320555062729691,0.5056292072077369
7775,0.8238,6,7,6,659633,16811,109061,17195,0.133150107717653,0.505646062459566
7776,0.8239,1,1,1,659634,16810,109062,17194,0.1331421873019896,0.5056463945418186
7777,0.824,17,35,17,659669,16775,109079,17177,0.13286497275377013,0.5059201225259189
7778,0.8241,1,3,1,659672,16772,109080,17176,0.13284121150677988,0.5059502768940732
7779,0.8242,10,30,10,659702,16742,109090,17166,0.13260359903687746,0.5062522118674059
7780,0.8243,6,12,6,659714,16730,109096,17160,0.13250855404891648,0.5063440542933019
7781,0.8244,0,2,0,659716,16728,109096,17160,0.13249271321758965,0.5063739376770539
7782,0.8245,1,5,1,659721,16723,109097,17159,0.13245311113927258,0.5064340947995986
7783,0.8246,2,2,2,659723,16721,109099,17157,0.13243727030794575,0.5064348544778322
7784,0.8247,1,7,1,659730,16714,109100,17156,0.13238182739830187,0.5065249483318571
7785,0.8248,2,6,2,659736,16708,109102,17154,0.13233430490432138,0.5065855531273994
7786,0.8249,0,2,0,659738,16706,109102,17154,0.13231846407299455,0.5066154754873007
7787,0.825,169,217,169,659955,16489,109271,16985,0.1305997338740337,0.5074087351377188
7788,0.8251,0,7,0,659962,16482,109271,16985,0.1305442909643898,0.507514865389787
7789,0.8252,4,10,4,659972,16472,109275,16981,0.13046508680775568,0.5076076883986489
7790,0.8253,7,7,7,659979,16465,109282,16974,0.13040964389811177,0.5076108735309071
7791,0.8254,2,7,2,659986,16458,109284,16972,0.13035420098846787,0.5076877056536045
7792,0.8255,5,15,5,660001,16443,109289,16967,0.13023539475351667,0.5078419634839868
7793,0.8256,4,2,4,660003,16441,109293,16963,0.13021955392218984,0.5078134355167045
7794,0.8257,5,20,5,660023,16421,109298,16958,0.13006114560892157,0.5080439797477456
7795,0.8258,2,11,2,660034,16410,109300,16956,0.129974021036624,0.5081819816579752
7796,0.8259,0,4,0,660038,16406,109300,16956,0.12994233937397034,0.508242911096457
7797,0.826,15,24,15,660062,16382,109315,16941,0.1297522493980484,0.5083876001560483
7798,0.8261,0,2,0,660064,16380,109315,16941,0.12973640856672158,0.5084181147024399
7799,0.8262,6,7,6,660071,16373,109321,16935,0.12968096565707768,0.5084364116728713
7800,0.8263,4,5,4,660076,16368,109325,16931,0.1296413635787606,0.5084537073185381
7801,0.8264,1,1,1,660077,16367,109326,16930,0.1296334431630972,0.508454215094453
7802,0.8265,2,9,2,660086,16358,109328,16928,0.12956215942212648,0.5085621582647359
7803,0.8266,0,3,0,660089,16355,109328,16928,0.12953839817513624,0.5086079980770964
7804,0.8267,101,118,101,660207,16237,109429,16827,0.12860378912685339,0.5089220904911687
7805,0.8268,1,6,1,660213,16231,109430,16826,0.1285562666328729,0.5089996067398735
7806,0.8269,1,1,1,660214,16230,109431,16825,0.12854834621720948,0.5090001512630464
7807,0.827,2,10,2,660224,16220,109433,16823,0.12846914206057533,0.5091244741700209
7808,0.8271,1,5,1,660229,16215,109434,16822,0.12842953998225826,0.5091866694917819
7809,0.8272,5,6,5,660235,16209,109439,16817,0.1283820174882778,0.5092048688911767
7810,0.8273,8,12,8,660247,16197,109447,16809,0.12828697250031681,0.5092710416287948
7811,0.8274,1,3,1,660250,16194,109448,16808,0.12826321125332657,0.5093024665171808
7812,0.8275,42,54,42,660304,16140,109490,16766,0.12783550880750222,0.5095119431106789
7813,0.8276,1,1,1,660305,16139,109491,16765,0.1278275883918388,0.5095125212740093
7814,0.8277,6,8,6,660313,16131,109497,16759,0.12776422506653148,0.5095469747643661
7815,0.8278,2,1,2,660314,16130,109499,16757,0.12775630465086807,0.5095326420774166
7816,0.8279,2,6,2,660320,16124,109501,16755,0.1277087821568876,0.5095957906262356
7817,0.828,12,24,12,660344,16100,109513,16743,0.12751869218096565,0.5097889961331181
7818,0.8281,0,1,0,660345,16099,109513,16743,0.12751077176530223,0.5098045186042263
7819,0.8282,3,6,3,660351,16093,109516,16740,0.12746324927132177,0.509852891907532
7820,0.8283,35,57,35,660408,16036,109551,16705,0.12701178557850715,0.5102165480590086
7821,0.8284,0,2,0,660410,16034,109551,16705,0.12699594474718034,0.5102477167903723
7822,0.8285,1,5,1,660415,16029,109552,16704,0.12695634266886327,0.510310695628265
7823,0.8286,6,3,6,660418,16026,109558,16698,0.12693258142187303,0.5102676934360103
7824,0.8287,2,4,2,660422,16022,109560,16696,0.12690089975921937,0.5103001405953909
7825,0.8288,3,6,3,660428,16016,109563,16693,0.12685337726523888,0.5103488336543459
7826,0.8289,0,5,0,660433,16011,109563,16693,0.1268137751869218,0.5104268590998043
7827,0.829,9,21,9,660454,15990,109572,16684,0.12664744645799011,0.5106200648833935
7828,0.8291,0,3,0,660457,15987,109572,16684,0.12662368521099987,0.5106669523430565
7829,0.8292,10,27,10,660484,15960,109582,16674,0.1264098339880877,0.510939510939511
7830,0.8293,12,15,12,660499,15945,109594,16662,0.1262910277531365,0.5109945717177293
7831,0.8294,0,1,0,660500,15944,109594,16662,0.12628310733747308,0.5110102435134638
7832,0.8295,2,4,2,660504,15940,109596,16660,0.12625142567481942,0.5110429447852761
7833,0.8296,0,1,0,660505,15939,109596,16660,0.126243505259156,0.5110586214301052
7834,0.8297,0,4,0,660509,15935,109596,16660,0.12621182359650235,0.5111213376284707
7835,0.8298,2,9,2,660518,15926,109598,16658,0.1261405398555316,0.51123250675178
7836,0.8299,2,7,2,660525,15919,109600,16656,0.1260850969458877,0.5113123561013047
7837,0.83,957,990,957,661515,14929,110557,15699,0.11824388543910784,0.5125701972051717
7838,0.8301,3,2,3,661517,14927,110560,15696,0.11822804460778101,0.5125559220193971
7839,0.8302,4,7,4,661524,14920,110564,15692,0.11817260169813712,0.512609434208807
7840,0.8303,1,6,1,661530,14914,110565,15691,0.11812507920415663,0.512694004247672
7841,0.8304,0,3,0,661533,14911,110565,15691,0.1181013179571664,0.5127442650807137
7842,0.8305,2,10,2,661543,14901,110567,15689,0.11802211380053225,0.5128800261523374
7843,0.8306,0,2,0,661545,14899,110567,15689,0.11800627296920542,0.5129135608735452
7844,0.8307,6,14,6,661559,14885,110573,15683,0.11789538714991762,0.5130528657419524
7845,0.8308,14,21,14,661580,14864,110587,15669,0.11772905842098594,0.5131824583237808
7846,0.8309,3,1,3,661581,14863,110590,15666,0.11772113800532252,0.5131514297880704
7847,0.831,2,16,2,661597,14847,110592,15664,0.1175944113547079,0.5133886139425126
7848,0.8311,1,1,1,661598,14846,110593,15663,0.11758649093904448,0.513389491625422
7849,0.8312,3,5,3,661603,14841,110596,15660,0.11754688886072741,0.513425789318383
7850,0.8313,3,5,3,661608,14836,110599,15657,0.11750728678241035,0.5134621060571278
7851,0.8314,1,6,1,661614,14830,110600,15656,0.11745976428842986,0.5135472019943581
7852,0.8315,4,7,4,661621,14823,110604,15652,0.11740432137878595,0.5136013125512715
7853,0.8316,2,2,2,661623,14821,110606,15650,0.11738848054745914,0.5136030980276328
7854,0.8317,45,55,45,661678,14766,110651,15605,0.11695285768597136,0.5138125185209574
7855,0.8318,3,6,3,661684,14760,110654,15602,0.11690533519199088,0.5138660167314406
7856,0.8319,1,5,1,661689,14755,110655,15601,0.1168657331136738,0.5139346422453551
7857,0.832,14,12,14,661701,14743,110669,15587,0.11677068812571284,0.5139136168809759
7858,0.8321,2,3,2,661704,14740,110671,15585,0.1167469268787226,0.5139323990107172
7859,0.8322,1,9,1,661713,14731,110672,15584,0.11667564313775187,0.5140689427676068
7860,0.8323,2,4,2,661717,14727,110674,15582,0.11664396147509822,0.5141047213698902
7861,0.8324,0,1,0,661718,14726,110674,15582,0.1166360410594348,0.5141216840438169
7862,0.8325,40,48,40,661766,14678,110714,15542,0.11625586110759092,0.514295168762409
7863,0.8326,1,3,1,661769,14675,110715,15541,0.11623209986060068,0.5143301562086312
7864,0.8327,1,7,1,661776,14668,110716,15540,0.11617665695095679,0.5144332627118644
7865,0.8328,4,4,4,661780,14664,110720,15536,0.11614497528830313,0.5144370860927152
7866,0.8329,3,3,3,661783,14661,110723,15533,0.11612121404131288,0.5144399549579387
7867,0.833,7,7,7,661790,14654,110730,15526,0.116065771131669,0.5144466534128562
7868,0.8331,0,1,0,661791,14653,110730,15526,0.11605785071600558,0.514463699923788
7869,0.8332,1,1,1,661792,14652,110731,15525,0.11604993030034216,0.5144646585147629
7870,0.8333,91,102,91,661894,14550,110822,15434,0.11524204790267394,0.5147411953041622
7871,0.8334,2,2,2,661896,14548,110824,15432,0.1152262070713471,0.514743162108072
7872,0.8335,2,6,2,661902,14542,110826,15430,0.11517868457736662,0.514813826237822
7873,0.8336,2,2,2,661904,14540,110828,15428,0.11516284374603979,0.5148158035237587
7874,0.8337,5,8,5,661912,14532,110833,15423,0.11509948042073248,0.514872308462694
7875,0.8338,3,3,3,661915,14529,110836,15420,0.11507571917374224,0.5148752879895823
7876,0.8339,0,1,0,661916,14528,110836,15420,0.11506779875807882,0.5148924802991852
7877,0.834,14,22,14,661938,14506,110850,15406,0.11489354961348372,0.515044129446376
7878,0.8342,5,24,5,661962,14482,110855,15401,0.11470345963756177,0.5153766355452933
7879,0.8343,3,13,3,661975,14469,110858,15398,0.1146004942339374,0.5155522817825694
7880,0.8344,0,2,0,661977,14467,110858,15398,0.11458465340261056,0.5155868072995144
7881,0.8345,1,4,1,661981,14463,110859,15397,0.11455297173995692,0.5156396517079705
7882,0.8346,1,2,1,661983,14461,110860,15396,0.11453713090863009,0.5156579696553572
7883,0.8347,1,11,1,661994,14450,110861,15395,0.11445000633633252,0.515831797621042
7884,0.8348,1,7,1,662001,14443,110862,15394,0.11439456342668863,0.5159365887991421
7885,0.8349,0,1,0,662002,14442,110862,15394,0.11438664301102522,0.5159538812173213
7886,0.835,171,200,171,662202,14242,111033,15223,0.11280255987834241,0.5166468691668081
7887,0.8352,1,6,1,662208,14236,111034,15222,0.11275503738436193,0.516735691492973
7888,0.8353,2,5,2,662213,14231,111036,15220,0.11271543530604486,0.5167906013378154
7889,0.8354,2,0,2,662213,14231,111038,15218,0.11271543530604486,0.5167577846446398
7890,0.8355,3,4,3,662217,14227,111041,15215,0.1126837536433912,0.516778751443516
7891,0.8356,0,2,0,662219,14225,111041,15215,0.11266791281206438,0.5168138586956522
7892,0.8357,5,4,5,662223,14221,111046,15210,0.11263623114941072,0.5168020114844891
7893,0.8358,7,25,7,662248,14196,111053,15203,0.11243822075782538,0.5171264328718664
7894,0.8359,0,3,0,662251,14193,111053,15203,0.11241445951083513,0.5171792080555178
7895,0.836,23,16,23,662267,14177,111076,15180,0.11228773286022051,0.5170828081888477
7896,0.8361,1,3,1,662270,14174,111077,15179,0.11226397161323026,0.5171192041699315
7897,0.8362,2,6,2,662276,14168,111079,15177,0.11221644911924977,0.5171920258987902
7898,0.8363,4,11,4,662287,14157,111083,15173,0.11212932454695222,0.5173201500170473
7899,0.8364,1,3,1,662290,14154,111084,15172,0.11210556329996198,0.5173566118802427
7900,0.8365,2,6,2,662296,14148,111086,15170,0.1120580408059815,0.5174295654546694
7901,0.8366,0,1,0,662297,14147,111086,15170,0.11205012039031809,0.5174472149264931
7902,0.8367,86,106,86,662403,14041,111172,15084,0.1112105563299962,0.5179055793991416
7903,0.8368,3,4,3,662407,14037,111175,15081,0.11117887466734254,0.5179270554296311
7904,0.8369,2,1,2,662408,14036,111177,15079,0.11117095425167912,0.5179117293491328
7905,0.837,4,11,4,662419,14025,111181,15075,0.11108382967938157,0.5180412371134021
7906,0.8371,5,4,5,662423,14021,111186,15070,0.11105214801672791,0.5180296311574026
7907,0.8372,1,9,1,662432,14012,111187,15069,0.1109808642757572,0.5181733778068155
7908,0.8373,4,5,4,662437,14007,111191,15065,0.11094126219744012,0.5181962025316456
7909,0.8374,0,3,0,662440,14004,111191,15065,0.11091750095044987,0.5182496817915992
7910,0.8375,45,41,45,662481,13963,111236,15020,0.1105927639082499,0.5182348273125625
7911,0.8376,2,2,2,662483,13961,111238,15018,0.11057692307692307,0.5182373442837918
7912,0.8377,6,4,6,662487,13957,111244,15012,0.11054524141426943,0.5182091200938935
7913,0.8378,1,1,1,662488,13956,111245,15011,0.11053732099860601,0.5182103773259226
7914,0.8379,3,2,3,662490,13954,111248,15008,0.11052148016727918,0.5181962571645604
7915,0.838,15,13,15,662503,13941,111263,14993,0.1104185147636548,0.5181793046243174
7916,0.8381,0,1,0,662504,13940,111263,14993,0.11041059434799139,0.5181972142536204
7917,0.8382,0,10,0,662514,13930,111263,14993,0.11033139019135724,0.5183763786605815
7918,0.8383,31,55,31,662569,13875,111294,14962,0.10989576732986947,0.5188473142143774
7919,0.8384,1,0,1,662569,13875,111295,14961,0.10989576732986947,0.5188306283811902
7920,0.8385,1,5,1,662574,13870,111296,14960,0.1098561652515524,0.5189039195282692
7921,0.8386,1,3,1,662577,13867,111297,14959,0.10983240400456216,0.5189412336085478
7922,0.8387,2,5,2,662582,13862,111299,14957,0.10979280192624509,0.5189978833408515
7923,0.8388,3,8,3,662590,13854,111302,14954,0.10972943860093777,0.5190919189114135
7924,0.8389,2,1,2,662591,13853,111304,14952,0.10972151818527437,0.5190765492102065
7925,0.839,7,15,7,662606,13838,111311,14945,0.10960271195032316,0.5192301011013446
7926,0.8391,0,1,0,662607,13837,111311,14945,0.10959479153465974,0.5192481411993607
7927,0.8392,5,24,5,662631,13813,111316,14940,0.1094047015587378,0.5195979549960004
7928,0.8393,1,12,1,662643,13801,111317,14939,0.10930965657077683,0.5197981906750174
7929,0.8394,0,2,0,662645,13799,111317,14939,0.10929381573945,0.5198343656482706
7930,0.8395,3,3,3,662648,13796,111320,14936,0.10927005449245976,0.519838507587359
7931,0.8396,1,3,1,662651,13793,111321,14935,0.10924629324546953,0.5198760790866054
7932,0.8397,3,9,3,662660,13784,111324,14932,0.1091750095044988,0.5199888563866834
7933,0.8398,2,9,2,662669,13775,111326,14930,0.10910372576352807,0.5201184462637172
7934,0.84,940,912,940,663581,12863,112266,13990,0.10188030667849449,0.5209846199679737
7935,0.8402,5,6,5,663587,12857,112271,13985,0.101832784184514,0.5210118471052828
7936,0.8403,4,6,4,663593,12851,112275,13981,0.10178526169053352,0.5210569469290399
7937,0.8404,0,3,0,663596,12848,112275,13981,0.10176150044354328,0.5211152111521116
7938,0.8405,2,4,2,663600,12844,112277,13979,0.10172981878088962,0.5211572158222421
7939,0.8406,0,2,0,663602,12842,112277,13979,0.10171397794956279,0.5211960777003095
7940,0.8407,6,10,6,663612,12832,112283,13973,0.10163477379292865,0.5212833426599515
7941,0.8408,5,14,5,663626,12818,112288,13968,0.10152388797364086,0.5214664376913313
7942,0.8409,0,4,0,663630,12814,112288,13968,0.1014922063109872,0.521544320812486
7943,0.841,7,18,7,663648,12796,112295,13961,0.10134963882904575,0.5217700041110738
7944,0.8411,0,2,0,663650,12794,112295,13961,0.10133379799771892,0.5218090076621192
7945,0.8412,1,7,1,663657,12787,112296,13960,0.10127835508807502,0.5219276928253636
7946,0.8413,3,9,3,663666,12778,112299,13957,0.1012070713471043,0.522049747521975
7947,0.8414,1,4,1,663670,12774,112300,13956,0.10117538968445064,0.5221099887766555
7948,0.8415,5,7,5,663677,12767,112305,13951,0.10111994677480675,0.5221573471068194
7949,0.8416,0,2,0,663679,12765,112305,13951,0.10110410594347992,0.5221964365923042
7950,0.8417,24,47,24,663726,12718,112329,13927,0.10073184640729946,0.5226871833364609
7951,0.8418,2,11,2,663737,12707,112331,13925,0.10064472183500191,0.5228672273956143
7952,0.8419,1,5,1,663742,12702,112332,13924,0.10060511975668483,0.5229474949297679
7953,0.842,5,13,5,663755,12689,112337,13919,0.10050215435306045,0.523113349368611
7954,0.8421,1,4,1,663759,12685,112338,13918,0.10047047269040679,0.5231740781114912
7955,0.8422,4,6,4,663765,12679,112342,13914,0.1004229501964263,0.5232203963449028
7956,0.8423,2,5,2,663770,12674,112344,13912,0.10038334811810924,0.5232829308658693
7957,0.8424,0,5,0,663775,12669,112344,13912,0.10034374603979217,0.5233813626274406
7958,0.8425,35,47,35,663822,12622,112379,13877,0.0999714865036117,0.523680138873165
7959,0.8426,0,2,0,663824,12620,112379,13877,0.09995564567228488,0.5237196663773257
7960,0.8427,6,4,6,663828,12616,112385,13871,0.09992396400963123,0.5236908672178805
7961,0.8428,0,4,0,663832,12612,112385,13871,0.09989228234697757,0.523769965638334
7962,0.8429,2,5,2,663837,12607,112387,13869,0.0998526802686605,0.5238329052726998
7963,0.843,4,6,4,663843,12601,112391,13865,0.09980515777468002,0.5238796947026374
7964,0.8431,0,4,0,663847,12597,112391,13865,0.09977347611202636,0.5239588844380622
7965,0.8432,2,7,2,663854,12590,112393,13863,0.09971803320238246,0.5240615431142025
7966,0.8433,86,97,86,663951,12493,112479,13777,0.0989497528830313,0.5244385230300723
7967,0.8434,0,2,0,663953,12491,112479,13777,0.09893391205170447,0.5244784528704126
7968,0.8435,2,4,2,663957,12487,112481,13775,0.09890223038905081,0.5245221232198614
7969,0.8436,2,0,2,663957,12487,112483,13773,0.09890223038905081,0.5244859101294744
7970,0.8437,2,3,2,663960,12484,112485,13771,0.09887846914206058,0.5245096172157684
7971,0.8438,0,6,0,663966,12478,112485,13771,0.09883094664808009,0.5246295096956074
7972,0.8439,2,3,2,663969,12475,112487,13769,0.09880718540108985,0.5246532540771224
7973,0.844,16,22,16,663991,12453,112503,13753,0.09863293625649475,0.5248034801190568
7974,0.8441,2,5,2,663996,12448,112505,13751,0.09859333417817767,0.5248673613496698
7975,0.8442,9,17,9,664013,12431,112514,13742,0.09845868711189963,0.5250448935926336
7976,0.8443,3,4,3,664017,12427,112517,13739,0.09842700544924597,0.5250707024382787
7977,0.8444,1,3,1,664020,12424,112518,13738,0.09840324420225574,0.525112758963382
7978,0.8445,1,0,1,664020,12424,112519,13737,0.09840324420225574,0.5250946064752876
7979,0.8446,1,0,1,664020,12424,112520,13736,0.09840324420225574,0.5250764525993884
7980,0.8447,2,5,2,664025,12419,112522,13734,0.09836364212393867,0.5251405192520935
7981,0.8448,2,9,2,664034,12410,112524,13732,0.09829235838296793,0.5252849820212685
7982,0.845,149,184,149,664218,12226,112673,13583,0.09683500190089976,0.5262892789337053
7983,0.8451,2,5,2,664223,12221,112675,13581,0.09679539982258269,0.5263545461592125
7984,0.8452,4,4,4,664227,12217,112679,13577,0.09676371815992903,0.526362720012406
7985,0.8453,3,5,3,664232,12212,112682,13574,0.09672411608161197,0.5264096796711394
7986,0.8454,0,1,0,664233,12211,112682,13574,0.09671619566594855,0.5264300950164824
7987,0.8455,4,4,4,664237,12207,112686,13570,0.09668451400329489,0.5264382977072584
7988,0.8456,3,3,3,664240,12204,112689,13567,0.09666075275630465,0.5264444530674014
7989,0.8457,6,11,6,664251,12193,112695,13561,0.0965736281840071,0.526558981129145
7990,0.8458,6,15,6,664266,12178,112701,13555,0.09645482194905589,0.5267555279213462
7991,0.8459,2,8,2,664274,12170,112703,13553,0.09639145862374858,0.5268825564669751
7992,0.846,16,19,16,664293,12151,112719,13537,0.09624097072614371,0.5269775770787917
7993,0.8461,0,1,0,664294,12150,112719,13537,0.0962330503104803,0.5269980924202904
7994,0.8462,8,8,8,664302,12142,112727,13529,0.09616968698517298,0.5270149195590355
7995,0.8463,2,3,2,664305,12139,112729,13527,0.09614592573818274,0.5270396633678797
7996,0.8465,5,7,5,664312,12132,112734,13522,0.09609048282853884,0.527091291806346
7997,0.8466,0,4,0,664316,12128,112734,13522,0.09605880116588518,0.5271734892787524
7998,0.8467,78,99,78,664415,12029,112812,13444,0.0952746800152072,0.5277745063400463
7999,0.8468,1,7,1,664422,12022,112813,13443,0.0952192371055633,0.5279010406440212
8000,0.8469,0,1,0,664423,12021,112813,13443,0.09521131668989989,0.5279217719132894
8001,0.847,3,12,3,664435,12009,112816,13440,0.09511627170193891,0.5281150536366851
8002,0.8471,5,2,5,664437,12007,112821,13435,0.0951004308706121,0.5280638314597909
8003,0.8472,2,5,2,664442,12002,112823,13433,0.09506082879229502,0.5281305287988991
8004,0.8473,3,6,3,664448,11996,112826,13430,0.09501330629831453,0.5281994808463777
8005,0.8474,1,0,1,664448,11996,112827,13429,0.09501330629831453,0.5281809242871189
8006,0.8475,44,53,44,664501,11943,112871,13385,0.0945935242681536,0.5284665192672141
8007,0.8476,1,2,1,664503,11941,112872,13384,0.09457768343682676,0.5284896347482725
8008,0.8477,2,2,2,664505,11939,112874,13382,0.09456184260549994,0.5284941353027132
8009,0.8478,2,3,2,664508,11936,112876,13380,0.09453808135850969,0.5285195133512404
8010,0.8479,2,0,2,664508,11936,112878,13378,0.09453808135850969,0.5284822627794896
8011,0.848,13,12,13,664520,11924,112891,13365,0.09444303637054872,0.5284906481078729
8012,0.8481,2,1,2,664521,11923,112893,13363,0.09443511595488531,0.5284742545281974
8013,0.8482,1,4,1,664525,11919,112894,13362,0.09440343429223165,0.5285392191764566
8014,0.8483,17,45,17,664570,11874,112911,13345,0.09404701558737802,0.529164518815179
8015,0.8484,0,5,0,664575,11869,112911,13345,0.09400741350906096,0.5292694534782264
8016,0.8485,3,6,3,664581,11863,112914,13342,0.09395989101508047,0.5293394167823845
8017,0.8486,5,3,5,664584,11860,112919,13337,0.09393612976809022,0.5293090447275469
8018,0.8487,3,4,3,664588,11856,112922,13334,0.09390444810543658,0.5293370385073441
8019,0.8488,4,8,4,664596,11848,112926,13330,0.09384108478012926,0.529430455159266
8020,0.8489,1,3,1,664599,11845,112927,13329,0.09381732353313901,0.5294748550091364
8021,0.849,9,7,9,664606,11838,112936,13320,0.09376188062349512,0.5294538516575245
8022,0.8492,15,11,15,664617,11827,112951,13305,0.09367475605119757,0.5294047429571861
8023,0.8493,6,3,6,664620,11824,112957,13299,0.09365099480420733,0.529355570592684
8024,0.8494,1,5,1,664625,11819,112958,13298,0.09361139272589025,0.5294422104550702
8025,0.8495,1,9,1,664634,11810,112959,13297,0.09354010898491953,0.5296132552674553
8026,0.8496,2,1,2,664635,11809,112961,13295,0.09353218856925612,0.5295968769917144
8027,0.8497,6,7,6,664642,11802,112967,13289,0.09347674565961221,0.5296321390139891
8028,0.8498,3,4,3,664646,11798,112970,13286,0.09344506399695857,0.5296603412533886
8029,0.85,885,852,885,665498,10946,113855,12401,0.08669686985172982,0.5311603203837753
8030,0.8501,3,1,3,665499,10945,113858,12398,0.0866889494360664,0.5311228205457739
8031,0.8502,1,3,1,665502,10942,113859,12397,0.08666518818907616,0.5311710013282489
8032,0.8503,1,9,1,665511,10933,113860,12396,0.08659390444810544,0.5313558232243131
8033,0.8505,2,2,2,665513,10931,113862,12394,0.08657806361677861,0.5313612004287246
8034,0.8506,0,6,0,665519,10925,113862,12394,0.08653054112279812,0.5314979201509499
8035,0.8507,2,9,2,665528,10916,113864,12392,0.0864592573818274,0.5316629483439163
8036,0.8508,10,11,10,665539,10905,113874,12382,0.08637213280952985,0.5317129729033366
8037,0.8509,0,1,0,665540,10904,113874,12382,0.08636421239386644,0.5317358069226145
8038,0.851,4,15,4,665555,10889,113878,12378,0.08624540615891522,0.5319981089096145
8039,0.8511,1,2,1,665557,10887,113879,12377,0.0862295653275884,0.532023727647868
8040,0.8512,1,10,1,665567,10877,113880,12376,0.08615036117095425,0.5322324001204146
8041,0.8513,0,4,0,665571,10873,113880,12376,0.0861186795083006,0.5323239709234806
8042,0.8514,1,4,1,665575,10869,113881,12375,0.08608699784564694,0.5323954568921012
8043,0.8515,0,6,0,665581,10863,113881,12375,0.08603947535166645,0.5325329202168861
8044,0.8516,2,4,2,665585,10859,113883,12373,0.0860077936890128,0.5325843663911846
8045,0.8517,23,34,23,665619,10825,113906,12350,0.08573849955645672,0.5329018338727076
8046,0.8518,3,5,3,665624,10820,113909,12347,0.08569889747813965,0.532956360340139
8047,0.8519,0,1,0,665625,10819,113909,12347,0.08569097706247623,0.5329793663126996
8048,0.852,7,13,7,665638,10806,113916,12340,0.08558801165885185,0.5331374751576946
8049,0.8521,1,0,1,665638,10806,113917,12339,0.08558801165885185,0.5331173039533377
8050,0.8522,3,7,3,665645,10799,113920,12336,0.08553256874920796,0.5332180678625459
8051,0.8523,2,7,2,665652,10792,113922,12334,0.08547712583956406,0.5333390988497795
8052,0.8524,0,3,0,665655,10789,113922,12334,0.08545336459257381,0.5334082947714397
8053,0.8525,46,37,46,665692,10752,113968,12288,0.0851603092130275,0.5333333333333333
8054,0.8527,4,12,4,665704,10740,113972,12284,0.08506526422506654,0.5335302293259208
8055,0.8528,2,1,2,665705,10739,113974,12282,0.08505734380940312,0.5335128795447635
8056,0.8529,5,1,5,665706,10738,113979,12277,0.0850494233937397,0.5334347164892461
8057,0.853,1,6,1,665712,10732,113980,12276,0.08500190089975922,0.5335535465924895
8058,0.8531,2,3,2,665715,10729,113982,12274,0.08497813965276897,0.5335825761857149
8059,0.8532,3,6,3,665721,10723,113985,12271,0.0849306171587885,0.5336609550317474
8060,0.8533,78,85,78,665806,10638,114063,12193,0.0842573818273983,0.5340545749200648
8061,0.8534,0,1,0,665807,10637,114063,12193,0.0842494614117349,0.5340779675865089
8062,0.8535,4,4,4,665811,10633,114067,12189,0.08421777974908123,0.5340899132416089
8063,0.8536,0,4,0,665815,10629,114067,12189,0.08418609808642757,0.5341835393110702
8064,0.8537,3,3,3,665818,10626,114070,12186,0.08416233683943733,0.5341925302472383
8065,0.8538,0,4,0,665822,10622,114070,12186,0.08413065517678368,0.5342862153630306
8066,0.8539,1,0,1,665822,10622,114071,12185,0.08413065517678368,0.5342657955890735
8067,0.854,18,16,18,665838,10606,114089,12167,0.08400392852616906,0.534273042638212
8068,0.8542,9,10,9,665848,10596,114098,12158,0.08392472436953491,0.534323635404764
8069,0.8543,2,7,2,665855,10589,114100,12156,0.08386928145989102,0.5344471312376347
8070,0.8545,3,3,3,665858,10586,114103,12153,0.08384552021290077,0.5344562205901755
8071,0.8546,1,2,1,665860,10584,114104,12152,0.08382967938157394,0.5344827586206896
8072,0.8547,6,6,6,665866,10578,114110,12146,0.08378215688759347,0.5345009681394121
8073,0.8548,1,6,1,665872,10572,114111,12145,0.08373463439361298,0.5346216489853414
8074,0.8549,0,1,0,665873,10571,114111,12145,0.08372671397794956,0.5346451840112696
8075,0.855,135,181,135,666054,10390,114246,12010,0.08229311874287162,0.5361607142857143
8076,0.8551,1,7,1,666061,10383,114247,12009,0.08223767583322773,0.5363076098606645
8077,0.8552,1,2,1,666063,10381,114248,12008,0.0822218350019009,0.5363348072714279
8078,0.8553,4,0,4,666063,10381,114252,12004,0.0822218350019009,0.5362519544337726
8079,0.8554,1,0,1,666063,10381,114253,12003,0.0822218350019009,0.5362312365975697
8080,0.8555,1,6,1,666069,10375,114254,12002,0.08217431250792041,0.5363542923537561
8081,0.8556,0,2,0,666071,10373,114254,12002,0.08215847167659358,0.5364022346368715
8082,0.8557,2,11,2,666082,10362,114256,12000,0.08207134710429603,0.5366246310705661
8083,0.8558,12,18,12,666100,10344,114268,11988,0.08192877962235458,0.5368081676518001
8084,0.8559,1,3,1,666103,10341,114269,11987,0.08190501837536433,0.5368595485489072
8085,0.856,16,22,16,666125,10319,114285,11971,0.08173076923076923,0.5370569762225214
8086,0.8561,0,2,0,666127,10317,114285,11971,0.0817149283994424,0.5371051687006461
8087,0.8562,1,10,1,666137,10307,114286,11970,0.08163572424280827,0.5373254926605916
8088,0.8563,1,5,1,666142,10302,114287,11969,0.08159612216449119,0.5374253513537784
8089,0.8564,0,1,0,666143,10301,114287,11969,0.08158820174882778,0.537449483610238
8090,0.8565,1,2,1,666145,10299,114288,11968,0.08157236091750095,0.5374769838774869
8091,0.8566,0,2,0,666147,10297,114288,11968,0.08155652008617412,0.5375252638670559
8092,0.8567,77,72,77,666219,10225,114365,11891,0.08098625015840831,0.5376650388858745
8093,0.8568,3,3,3,666222,10222,114368,11888,0.08096248891141807,0.5376752600633198
8094,0.8569,3,0,3,666222,10222,114371,11885,0.08096248891141807,0.5376125209209752
8095,0.857,4,8,4,666230,10214,114375,11881,0.08089912558611076,0.5377234668477031
8096,0.8571,0,5,0,666235,10209,114375,11881,0.08085952350779368,0.537845178813943
8097,0.8572,3,6,3,666241,10203,114378,11878,0.08081200101381321,0.5379285358452969
8098,0.8573,2,7,2,666248,10196,114380,11876,0.0807565581041693,0.5380572671257702
8099,0.8574,1,0,1,666248,10196,114381,11875,0.0807565581041693,0.5380363372751574
8100,0.8575,36,46,36,666294,10150,114417,11839,0.08039221898365226,0.5384055664195734
8101,0.8576,1,1,1,666295,10149,114418,11838,0.08038429856798884,0.5384090598990312
8102,0.8577,7,5,7,666300,10144,114425,11831,0.08034469648967178,0.5383845278725825
8103,0.8578,3,4,3,666304,10140,114428,11828,0.08031301482701812,0.5384195193008011
8104,0.8579,0,3,0,666307,10137,114428,11828,0.08028925358002788,0.5384930571363533
8105,0.858,8,11,8,666318,10126,114436,11820,0.08020212900773033,0.5385947325252893
8106,0.8581,0,2,0,666320,10124,114436,11820,0.0801862881764035,0.5386438206343419
8107,0.8582,1,3,1,666323,10121,114437,11819,0.08016252692941325,0.5386964448495898
8108,0.8583,27,35,27,666358,10086,114464,11792,0.07988531238119377,0.538988938659841
8109,0.8584,0,2,0,666360,10084,114464,11792,0.07986947154986694,0.5390382153958676
8110,0.8585,3,10,3,666370,10074,114467,11789,0.07979026739323279,0.5392215158029547
8111,0.8586,2,6,2,666376,10068,114469,11787,0.07974274489925232,0.5393273850377488
8112,0.8587,6,6,6,666382,10062,114475,11781,0.07969522240527183,0.5393489905232798
8113,0.8588,4,3,4,666385,10059,114479,11777,0.07967146115828158,0.539338706722843
8114,0.8589,2,2,2,666387,10057,114481,11775,0.07965562032695477,0.5393459142543056
8115,0.859,6,2,6,666389,10055,114487,11769,0.07963977949562794,0.5392686950146628
8116,0.8591,1,2,1,666391,10053,114488,11768,0.0796239386643011,0.5392970074698685
8117,0.8592,9,19,9,666410,10034,114497,11759,0.07947345076669624,0.5395769283714954
8118,0.8593,1,6,1,666416,10028,114498,11758,0.07942592827271575,0.5397043973193795
8119,0.8594,0,2,0,666418,10026,114498,11758,0.07941008744138893,0.5397539478516342
8120,0.8595,1,5,1,666423,10021,114499,11757,0.07937048536307185,0.5398567361557535
8121,0.8596,7,3,7,666426,10018,114506,11750,0.07934672411608161,0.5397831679529584
8122,0.8597,4,5,4,666431,10013,114510,11746,0.07930712203776454,0.5398226021416426
8123,0.8598,0,3,0,666434,10010,114510,11746,0.0792833607907743,0.5398970398970399
8124,0.8599,0,4,0,666438,10006,114510,11746,0.07925167912812064,0.539996322177271
8125,0.86,886,750,886,667188,9256,115396,10860,0.07331136738056013,0.5398687611851263
8126,0.8601,0,2,0,667190,9254,115396,10860,0.0732955265492333,0.5399224420801432
8127,0.8602,5,10,5,667200,9244,115401,10855,0.07321632239259916,0.5400766207273994
8128,0.8603,1,7,1,667207,9237,115402,10854,0.07316087948295527,0.5402418993579214
8129,0.8604,0,1,0,667208,9236,115402,10854,0.07315295906729186,0.5402687904430065
8130,0.8605,1,8,1,667216,9228,115403,10853,0.07308959574198454,0.5404611324137244
8131,0.8606,0,2,0,667218,9226,115403,10853,0.0730737549106577,0.5405149658847552
8132,0.8607,1,3,1,667221,9223,115404,10852,0.07304999366366748,0.5405728518057286
8133,0.8608,4,17,4,667238,9206,115408,10848,0.07291534659738944,0.5409394634486886
8134,0.8609,0,2,0,667240,9204,115408,10848,0.0728995057660626,0.5409934171154998
8135,0.861,6,13,6,667253,9191,115414,10842,0.07279654036243823,0.5412070084360805
8136,0.8611,1,4,1,667257,9187,115415,10841,0.07276485869978457,0.5412921909326942
8137,0.8612,4,7,4,667264,9180,115419,10837,0.07270941579014066,0.5413898186541439
8138,0.8613,3,7,3,667271,9173,115422,10834,0.07265397288049677,0.5415104713350327
8139,0.8614,1,1,1,667272,9172,115423,10833,0.07264605246483335,0.5415146213446639
8140,0.8615,5,2,5,667274,9170,115428,10828,0.07263021163350653,0.5414541454145414
8141,0.8617,25,37,25,667311,9133,115453,10803,0.07233715625396021,0.5418840288924559
8142,0.8618,0,4,0,667315,9129,115453,10803,0.07230547459130655,0.541992775436484
8143,0.862,9,14,9,667329,9115,115462,10794,0.07219458877201876,0.5421668592094028
8144,0.8621,4,1,4,667330,9114,115466,10790,0.07218666835635534,0.5421020900321544
8145,0.8622,0,3,0,667333,9111,115466,10790,0.0721629071093651,0.5421838098588011
8146,0.8623,5,9,5,667342,9102,115471,10785,0.07209162336839438,0.5423140745210439
8147,0.8624,0,2,0,667344,9100,115471,10785,0.07207578253706755,0.5423686195624843
8148,0.8625,31,43,31,667387,9057,115502,10754,0.07173520466354075,0.5428297410529503
8149,0.8626,0,2,0,667389,9055,115502,10754,0.07171936383221392,0.5428845474279368
8150,0.8627,5,6,5,667395,9049,115507,10749,0.07167184133823343,0.5429336296595616
8151,0.8628,5,5,5,667400,9044,115512,10744,0.07163223925991637,0.5429553264604811
8152,0.8629,4,2,4,667402,9042,115516,10740,0.07161639842858954,0.5429178040643009
8153,0.863,4,12,4,667414,9030,115520,10736,0.07152135344062856,0.5431549124759688
8154,0.8631,1,3,1,667417,9027,115521,10735,0.07149759219363833,0.5432142495698816
8155,0.8632,1,5,1,667422,9022,115522,10734,0.07145799011532125,0.543328609030168
8156,0.8633,77,63,77,667485,8959,115599,10657,0.07095900392852617,0.5432809951060359
8157,0.8634,3,4,3,667489,8955,115602,10654,0.07092732226587252,0.5433219440053036
8158,0.8635,1,3,1,667492,8952,115603,10653,0.07090356101888227,0.5433817903596021
8159,0.8636,2,4,2,667496,8948,115605,10651,0.07087187935622861,0.543446094188479
8160,0.8637,3,4,3,667500,8944,115608,10648,0.07084019769357495,0.5434871376071866
8161,0.8638,4,4,4,667504,8940,115612,10644,0.07080851603092131,0.5435049019607843
8162,0.864,14,6,14,667510,8934,115626,10630,0.07076099353694082,0.5433449192394193
8163,0.8642,9,13,9,667523,8921,115635,10621,0.07065802813331644,0.5434960597687033
8164,0.8643,8,12,8,667535,8909,115643,10613,0.07056298314535547,0.5436430693576478
8165,0.8644,1,3,1,667538,8906,115644,10612,0.07053922189836523,0.5437032482836356
8166,0.8645,1,5,1,667543,8901,115645,10611,0.07049961982004815,0.5438191881918819
8167,0.8646,1,1,1,667544,8900,115646,10610,0.07049169940438474,0.5438236801640185
8168,0.8647,4,12,4,667556,8888,115650,10606,0.07039665441642377,0.5440648404637324
8169,0.8648,1,2,1,667558,8886,115651,10605,0.07038081358509694,0.5440972756656919
8170,0.865,133,139,133,667697,8747,115784,10472,0.0692798758078824,0.5448774650085852
8171,0.8651,0,2,0,667699,8745,115784,10472,0.06926403497655557,0.5449341728677733
8172,0.8652,5,11,5,667710,8734,115789,10467,0.06917691040425801,0.5451278579240665
8173,0.8653,0,7,0,667717,8727,115789,10467,0.06912146749461412,0.5453266645826821
8174,0.8654,4,1,4,667718,8726,115793,10463,0.0691135470789507,0.5452603053832925
8175,0.8655,3,2,3,667720,8724,115796,10460,0.06909770624762387,0.5452460383653044
8176,0.8657,8,5,8,667725,8719,115804,10452,0.0690581041693068,0.5451984768660998
8177,0.8658,7,17,7,667742,8702,115811,10445,0.06892345710302877,0.5455162688671854
8178,0.8659,0,2,0,667744,8700,115811,10445,0.06890761627170194,0.5455732567249935
8179,0.866,7,11,7,667755,8689,115818,10438,0.06882049169940438,0.5457207089454698
8180,0.8661,0,2,0,667757,8687,115818,10438,0.06880465086807756,0.5457777777777778
8181,0.8662,2,6,2,667763,8681,115820,10436,0.06875712837409707,0.5459015535910446
8182,0.8663,2,8,2,667771,8673,115822,10434,0.06869376504878975,0.5460825875333647
8183,0.8664,1,2,1,667773,8671,115823,10433,0.06867792421746294,0.5461159966499163
8184,0.8665,4,3,4,667776,8668,115827,10429,0.06865416297047269,0.5461067183327224
8185,0.8666,1,2,1,667778,8666,115828,10428,0.06863832213914586,0.5461401487378233
8186,0.8667,77,71,77,667849,8595,115905,10351,0.06807597262704347,0.5463422358281431
8187,0.8668,0,3,0,667852,8592,115905,10351,0.06805221138005323,0.5464287599641028
8188,0.8669,0,2,0,667854,8590,115905,10351,0.0680363705487264,0.546486457948366
8189,0.867,4,5,4,667859,8585,115909,10347,0.06799676847040932,0.5465349672512149
8190,0.8671,1,1,1,667860,8584,115910,10346,0.0679888480547459,0.5465398837823561
8191,0.8672,2,4,2,667864,8580,115912,10344,0.06795716639209226,0.5466074825618262
8192,0.8673,4,2,4,667866,8578,115916,10340,0.06794132556076543,0.5465694047996617
8193,0.8675,22,43,22,667909,8535,115938,10318,0.06760074768723863,0.5472869039410173
8194,0.8676,0,5,0,667914,8530,115938,10318,0.06756114560892156,0.5474320882852292
8195,0.8677,2,5,2,667919,8525,115940,10316,0.06752154353060448,0.5475293243458416
8196,0.8678,2,6,2,667925,8519,115942,10314,0.067474021036624,0.5476557107205438
8197,0.8679,0,1,0,667926,8518,115942,10314,0.06746610062096059,0.5476847918436704
8198,0.868,6,13,6,667939,8505,115948,10308,0.06736313521733621,0.5479189921862542
8199,0.8681,0,3,0,667942,8502,115948,10308,0.06733937397034596,0.5480063795853269
8200,0.8682,2,4,2,667946,8498,115950,10306,0.0673076923076923,0.5480748776855988
8201,0.8683,21,30,21,667976,8468,115971,10285,0.06707007983778988,0.5484455820402069
8202,0.8684,2,5,2,667981,8463,115973,10283,0.06703047775947282,0.5485436893203883
8203,0.8685,5,2,5,667983,8461,115978,10278,0.06701463692814599,0.5484817759752388
8204,0.8686,0,4,0,667987,8457,115978,10278,0.06698295526549233,0.5485988791032826
8205,0.8687,4,3,4,667990,8454,115982,10274,0.06695919401850209,0.5485903460059803
8206,0.8688,2,4,2,667994,8450,115984,10272,0.06692751235584843,0.5486593312680269
8207,0.8689,3,2,3,667996,8448,115987,10269,0.06691167152452161,0.548645616284661
8208,0.869,2,9,2,668005,8439,115989,10267,0.06684038778355088,0.5488613279161766
8209,0.8691,1,3,1,668008,8436,115990,10266,0.06681662653656063,0.5489252486365095
8210,0.8692,10,9,10,668017,8427,116000,10256,0.06674534279558991,0.548948241717069
8211,0.8693,5,9,5,668026,8418,116005,10251,0.06667405905461919,0.5490920777759923
8212,0.8695,2,1,2,668027,8417,116007,10249,0.06666613863895578,0.5490731811850423
8213,0.8696,0,1,0,668028,8416,116007,10249,0.06665821822329236,0.5491025984462898
8214,0.8697,4,7,4,668035,8409,116011,10245,0.06660277531364846,0.5492119652621422
8215,0.8698,3,4,3,668039,8405,116014,10242,0.0665710936509948,0.5492572531774548
8216,0.8699,1,5,1,668044,8400,116015,10241,0.06653149157267774,0.5493803980473151
8217,0.87,833,688,833,668732,7712,116848,9408,0.06108224559624889,0.5495327102803739
8218,0.8701,0,3,0,668735,7709,116848,9408,0.061058484349258646,0.5496290237775311
8219,0.8702,0,5,0,668740,7704,116848,9408,0.06101888227094158,0.5497896213183731
8220,0.8703,2,3,2,668743,7701,116850,9406,0.06099512102395134,0.5498334015315368
8221,0.8704,1,3,1,668746,7698,116851,9405,0.060971359776961095,0.5499035256972461
8222,0.8705,5,1,5,668747,7697,116856,9400,0.06096343936129768,0.5498040591916711
8223,0.8707,0,6,0,668753,7691,116856,9400,0.0609159168673172,0.5499970744836463
8224,0.8708,9,11,9,668764,7680,116865,9391,0.06082879229501964,0.5501142288090914
8225,0.871,8,11,8,668775,7669,116873,9383,0.06074166772272209,0.550258034248182
8226,0.8711,0,4,0,668779,7665,116873,9383,0.06070998606006843,0.5503871421867668
8227,0.8712,1,2,1,668781,7663,116874,9382,0.06069414522874161,0.550425344675858
8228,0.8713,9,7,9,668788,7656,116883,9373,0.06063870231909771,0.5504139996476599
8229,0.8714,0,1,0,668789,7655,116883,9373,0.060630781903434294,0.5504463237021376
8230,0.8715,3,12,3,668801,7643,116886,9370,0.06053573691547332,0.5507553047669429
8231,0.8717,15,32,15,668833,7611,116901,9355,0.06028228361424408,0.5513969114699988
8232,0.8718,4,4,4,668837,7607,116905,9351,0.06025060195159042,0.5514211581554429
8233,0.8719,1,3,1,668840,7604,116906,9350,0.06022684070460018,0.5514922732098619
8234,0.872,4,6,4,668846,7598,116910,9346,0.06017931821061969,0.5515816808309726
8235,0.8721,1,4,1,668850,7594,116911,9345,0.06014763654796604,0.5516854595902946
8236,0.8722,1,3,1,668853,7591,116912,9344,0.06012387530097579,0.5517567168585769
8237,0.8723,0,11,0,668864,7580,116912,9344,0.06003675072867824,0.5521153391633183
8238,0.8724,0,5,0,668869,7575,116912,9344,0.05999714865036117,0.5522785034576512
8239,0.8725,22,31,22,668900,7544,116934,9322,0.05975161576479534,0.5527095932645559
8240,0.8726,1,0,1,668900,7544,116935,9321,0.05975161576479534,0.552683071449748
8241,0.8727,4,6,4,668906,7538,116939,9317,0.05970409327081485,0.5527736576683476
8242,0.8728,5,6,5,668912,7532,116944,9312,0.05965657077683437,0.5528378057468535
8243,0.8729,2,7,2,668919,7525,116946,9310,0.05960112786719047,0.553014553014553
8244,0.873,5,5,5,668924,7520,116951,9305,0.0595615257888734,0.5530460624071323
8245,0.8731,1,2,1,668926,7518,116952,9304,0.05954568495754657,0.5530852455118297
8246,0.8732,4,2,4,668928,7516,116956,9300,0.05952984412621974,0.5530447193149381
8247,0.8733,65,75,65,669003,7441,117021,9235,0.05893581295146369,0.5537898776685056
8248,0.8735,3,7,3,669010,7434,117024,9232,0.05888037004181979,0.5539421576863075
8249,0.8736,0,3,0,669013,7431,117024,9232,0.058856608794829554,0.5540418892156275
8250,0.8738,3,3,3,669016,7428,117027,9229,0.05883284754783931,0.55406135558624
8251,0.8739,0,3,0,669019,7425,117027,9229,0.05880908630084907,0.5541611624834875
8252,0.874,7,15,7,669034,7410,117034,9222,0.05869028006589786,0.5544733044733045
8253,0.8741,0,3,0,669037,7407,117034,9222,0.058666518818907616,0.5545733357387697
8254,0.8742,3,22,3,669059,7385,117037,9219,0.05849226967431251,0.5552276559865092
8255,0.8743,4,3,4,669062,7382,117041,9215,0.05846850842732226,0.5552208230403085
8256,0.8744,0,2,0,669064,7380,117041,9215,0.05845266759599544,0.5552877372702621
8257,0.8745,0,1,0,669065,7379,117041,9215,0.058444747180332025,0.5553212004338918
8258,0.8746,0,1,0,669066,7378,117041,9215,0.05843682676466861,0.5553546676309287
8259,0.8747,5,5,5,669071,7373,117046,9210,0.05839722468635154,0.5553880480009649
8260,0.8748,1,2,1,669073,7371,117047,9209,0.05838138385502471,0.5554282267792521
8261,0.8749,1,0,1,669073,7371,117048,9208,0.05838138385502471,0.5554014114240907
8262,0.875,135,135,135,669208,7236,117183,9073,0.05731212774046382,0.5563185970936293
8263,0.8751,0,4,0,669212,7232,117183,9073,0.05728044607781017,0.5564550751303281
8264,0.8752,1,5,1,669217,7227,117184,9072,0.05724084399949309,0.5565985643290999
8265,0.8753,2,7,2,669224,7220,117186,9070,0.057185401089849194,0.5567833026396563
8266,0.8754,0,3,0,669227,7217,117186,9070,0.057161639842858956,0.5568858598882545
8267,0.8755,2,3,2,669230,7214,117188,9068,0.05713787859586871,0.5569340375875199
8268,0.8756,1,2,1,669232,7212,117189,9067,0.05712203776454188,0.556975244179618
8269,0.8757,3,6,3,669238,7206,117192,9064,0.0570745152705614,0.557098955132145
8270,0.8758,7,13,7,669251,7193,117199,9057,0.05697154986693702,0.5573538461538462
8271,0.8759,0,1,0,669252,7192,117199,9057,0.056963629451273604,0.5573881469628901
8272,0.876,8,18,8,669270,7174,117207,9049,0.05682106196933215,0.557788325217284
8273,0.8761,1,3,1,669273,7171,117208,9048,0.05679730072234191,0.5578642333066157
8274,0.8762,1,2,1,669275,7169,117209,9047,0.05678145989101508,0.557905772076961
8275,0.8763,1,3,1,669278,7166,117210,9046,0.056757698644024836,0.5579817419195657
8276,0.8765,1,6,1,669284,7160,117211,9045,0.05671017615004435,0.5581610614008022
8277,0.8766,0,3,0,669287,7157,117211,9045,0.056686414903054115,0.5582644118010123
8278,0.8767,60,67,60,669354,7090,117271,8985,0.056155747053605376,0.5589424572317263
8279,0.8768,1,0,1,669354,7090,117272,8984,0.056155747053605376,0.5589150180415577
8280,0.8769,1,2,1,669356,7088,117273,8983,0.056139906222278546,0.5589571277456288
8281,0.877,3,4,3,669360,7084,117276,8980,0.056108224559624886,0.5590139442231076
8282,0.8771,3,4,3,669364,7080,117279,8977,0.05607654289697123,0.5590708102385252
8283,0.8772,3,1,3,669365,7079,117282,8974,0.05606862248130782,0.5590232355322993
8284,0.8773,4,8,4,669373,7071,117286,8970,0.056005259156000506,0.5591920703198054
8285,0.8774,1,4,1,669377,7067,117287,8969,0.05597357749334685,0.5593040658518333
8286,0.8775,22,29,22,669406,7038,117309,8947,0.05574388543910785,0.5597122302158274
8287,0.8776,1,3,1,669409,7035,117310,8946,0.0557201241921176,0.5597897503285151
8288,0.8777,1,0,1,669409,7035,117311,8945,0.0557201241921176,0.5597622027534418
8289,0.8778,3,2,3,669411,7033,117314,8942,0.05570428336079077,0.5597496087636933
8290,0.8779,1,3,1,669414,7030,117315,8941,0.055680522113800535,0.5598271867760316
8291,0.878,9,14,9,669428,7016,117324,8932,0.05556963629451274,0.5600702282417858
8292,0.8782,3,5,3,669433,7011,117327,8929,0.055530034216195664,0.5601631116687579
8293,0.8783,16,27,16,669460,6984,117343,8913,0.05531618299328349,0.5606718248726175
8294,0.8784,1,2,1,669462,6982,117344,8912,0.05530034216195666,0.5607147351201711
8295,0.8785,4,5,4,669467,6977,117348,8908,0.05526074008363959,0.5607806106389676
8296,0.8786,1,1,1,669468,6976,117349,8907,0.055252819667976176,0.5607882641818296
8297,0.8787,5,5,5,669473,6971,117354,8902,0.05521321758965911,0.5608265608265608
8298,0.8788,2,7,2,669480,6964,117356,8900,0.05515777468001521,0.5610186585980838
8299,0.8789,2,1,2,669481,6963,117358,8898,0.055149854264351796,0.5609986759977302
8300,0.879,3,8,3,669489,6955,117361,8895,0.05508649093904448,0.561198738170347
8301,0.8792,11,15,11,669504,6940,117372,8884,0.05496768470409327,0.5614256825075834
8302,0.8793,1,4,1,669508,6936,117373,8883,0.05493600304143961,0.5615399203489475
8303,0.8794,0,1,0,669509,6935,117373,8883,0.0549280826257762,0.5615754204071312
8304,0.8795,8,11,8,669520,6924,117381,8875,0.05484095805347865,0.5617444142034306
8305,0.8797,2,2,2,669522,6922,117383,8873,0.05482511722215182,0.5617600506489395
8306,0.8798,3,3,3,669525,6919,117386,8870,0.05480135597516158,0.5617835201722718
8307,0.88,799,573,799,670098,6346,118185,8071,0.05026295780002535,0.5598252063536103
8308,0.8801,0,2,0,670100,6344,118185,8071,0.05024711696869852,0.5599028789455428
8309,0.8802,0,2,0,670102,6342,118185,8071,0.05023127613737169,0.5599805730937348
8310,0.8803,1,0,1,670102,6342,118186,8070,0.05023127613737169,0.5599500416319734
8311,0.8804,1,1,1,670103,6341,118187,8069,0.050223355721708274,0.5599583622484385
8312,0.8805,2,2,2,670105,6339,118189,8067,0.050207514890381444,0.5599750104123282
8313,0.8806,3,1,3,670106,6338,118192,8064,0.050199594474718036,0.5599222330231912
8314,0.8807,5,7,5,670113,6331,118197,8059,0.05014415156507414,0.5600416956219597
8315,0.8808,8,12,8,670125,6319,118205,8051,0.050049106577113166,0.5602644398051496
8316,0.8809,0,1,0,670126,6318,118205,8051,0.05004118616144975,0.5603034309972859
8317,0.881,4,9,4,670135,6309,118209,8047,0.04996990242047903,0.5605321816662023
8318,0.8811,1,5,1,670140,6304,118210,8046,0.049930300342161955,0.5606968641114982
8319,0.8812,3,4,3,670144,6300,118213,8043,0.0498986186795083,0.5607613469985359
8320,0.8813,6,4,6,670148,6296,118219,8037,0.04986693701685464,0.5607339705574548
8321,0.8814,3,5,3,670153,6291,118222,8034,0.049827334938537575,0.5608376963350785
8322,0.8815,6,5,6,670158,6286,118228,8028,0.04978773286022051,0.5608495179544501
8323,0.8816,1,0,1,670158,6286,118229,8027,0.04978773286022051,0.5608188360231957
8324,0.8817,18,34,18,670192,6252,118247,8009,0.04951843872766443,0.561601570717341
8325,0.8818,1,3,1,670195,6249,118248,8008,0.04949467748067419,0.5616889948797082
8326,0.8819,0,2,0,670197,6247,118248,8008,0.04947883664934736,0.5617678007716591
8327,0.882,6,7,6,670204,6240,118254,8002,0.04942339373970346,0.5618592894256424
8328,0.8821,0,2,0,670206,6238,118254,8002,0.04940755290837663,0.561938202247191
8329,0.8822,2,2,2,670208,6236,118256,8000,0.0493917120770498,0.561955605507165
8330,0.8824,0,1,0,670209,6235,118256,8000,0.049383791661386386,0.5619950825430278
8331,0.8825,27,24,27,670233,6211,118283,7973,0.049193701685464455,0.562112239142696
8332,0.8826,1,5,1,670238,6206,118284,7972,0.04915409960714738,0.5622795880942305
8333,0.8827,2,6,2,670244,6200,118286,7970,0.0491065771131669,0.5624558927311221
8334,0.8828,3,3,3,670247,6197,118289,7967,0.04908281586617666,0.5624823496187518
8335,0.8829,0,3,0,670250,6194,118289,7967,0.049059054619186415,0.5626015111927124
8336,0.883,5,10,5,670260,6184,118294,7962,0.04897985046255227,0.5628446203873887
8337,0.8831,3,0,3,670260,6184,118297,7959,0.04897985046255227,0.5627518913950365
8338,0.8832,0,3,0,670263,6181,118297,7959,0.048956089215562035,0.5628712871287128
8339,0.8833,61,66,61,670329,6115,118358,7898,0.04843334178177671,0.5636194961821166
8340,0.8834,2,5,2,670334,6110,118360,7896,0.048393739703459636,0.5637583892617449
8341,0.8835,3,3,3,670337,6107,118363,7893,0.0483699784564694,0.5637857142857143
8342,0.8836,0,1,0,670338,6106,118363,7893,0.04836205804080598,0.5638259875705407
8343,0.8837,1,6,1,670344,6100,118364,7892,0.0483145355468255,0.5640365923384791
8344,0.8838,3,5,3,670349,6095,118367,7889,0.048274933468508426,0.5641447368421053
8345,0.8839,1,1,1,670350,6094,118368,7888,0.04826701305284501,0.5641539121727935
8346,0.884,11,10,11,670360,6084,118379,7877,0.048187808896210875,0.56421459780818
8347,0.8841,1,4,1,670364,6080,118380,7876,0.048156127233557215,0.5643450845514474
8348,0.8842,7,16,7,670380,6064,118387,7869,0.04802940058294259,0.5647742768965764
8349,0.8843,2,5,2,670385,6059,118389,7867,0.04798979850462552,0.5649145483268706
8350,0.8845,2,3,2,670388,6056,118391,7865,0.04796603725763528,0.5649737806192084
8351,0.8846,0,3,0,670391,6053,118391,7865,0.04794227601064504,0.5650955597068544
8352,0.8847,3,1,3,670392,6052,118394,7862,0.047934355594981624,0.5650424033347707
8353,0.8848,1,2,1,670394,6050,118395,7861,0.047918514763654795,0.5650923729422759
8354,0.8849,1,0,1,670394,6050,118396,7860,0.047918514763654795,0.5650611071171819
8355,0.885,101,105,101,670499,5945,118497,7759,0.04708687111899632,0.5661850554582604
8356,0.8852,0,4,0,670503,5941,118497,7759,0.04705518945634267,0.5663503649635037
8357,0.8853,2,4,2,670507,5937,118499,7757,0.04702350779368901,0.5664524609317949
8358,0.8854,3,2,3,670509,5935,118502,7754,0.047007666962362187,0.5664402074658484
8359,0.8855,2,4,2,670513,5931,118504,7752,0.04697598529970853,0.5665424249068187
8360,0.8856,0,1,0,670514,5930,118504,7752,0.04696806488404511,0.5665838327729864
8361,0.8857,2,5,2,670519,5925,118506,7750,0.046928462805728044,0.56672760511883
8362,0.8858,7,7,7,670526,5918,118513,7743,0.046873019896084146,0.566795988580631
8363,0.8859,1,1,1,670527,5917,118514,7742,0.04686509948042073,0.5668057690899773
8364,0.886,10,5,10,670532,5912,118524,7732,0.046825497402103664,0.5666959835825272
8365,0.8862,3,2,3,670534,5910,118527,7729,0.046809656570776834,0.5666837744702691
8366,0.8863,1,4,1,670538,5906,118528,7728,0.04677797490812318,0.566818248496406
8367,0.8864,0,2,0,670540,5904,118528,7728,0.04676213407679635,0.5669014084507042
8368,0.8865,4,2,4,670542,5902,118532,7724,0.04674629324546952,0.5668574783502128
8369,0.8867,63,68,63,670610,5834,118595,7661,0.04620770498035737,0.5676917376806224
8370,0.8868,0,8,0,670618,5826,118595,7661,0.046144341655050054,0.5680284718617928
8371,0.8869,2,2,2,670620,5824,118597,7659,0.04612850082372323,0.5680486538604168
8372,0.887,2,2,2,670622,5822,118599,7657,0.0461126599923964,0.5680688478373767
8373,0.8871,3,1,3,670623,5821,118602,7654,0.046104739576732987,0.5680148423005565
8374,0.8872,0,4,0,670627,5817,118602,7654,0.046073057914079334,0.568183505307698
8375,0.8873,1,5,1,670632,5812,118603,7653,0.04603345583576226,0.5683624210917193
8376,0.8875,26,22,26,670654,5790,118629,7627,0.04585920669116715,0.5684579265111426
8377,0.8876,1,2,1,670656,5788,118630,7626,0.04584336585984032,0.5685105114059937
8378,0.8877,2,5,2,670661,5783,118632,7624,0.04580376378152325,0.5686581636458566
8379,0.8878,2,1,2,670662,5782,118634,7622,0.04579584336585984,0.5686362279916443
8380,0.888,13,11,13,670673,5771,118647,7609,0.04570871879356229,0.5686846038863976
8381,0.8881,0,2,0,670675,5769,118647,7609,0.04569287796223546,0.5687696217670802
8382,0.8882,3,4,3,670679,5765,118650,7606,0.045661196299581805,0.5688430184728143
8383,0.8883,16,22,16,670701,5743,118666,7590,0.0454869471549867,0.5692642316057901
8384,0.8884,0,1,0,670702,5742,118666,7590,0.04547902673932328,0.5693069306930693
8385,0.8885,1,4,1,670706,5738,118667,7589,0.04544734507666962,0.5694454866061379
8386,0.8886,2,3,2,670709,5735,118669,7587,0.045423583829679384,0.5695090827203123
8387,0.8887,0,3,0,670712,5732,118669,7587,0.04539982258268914,0.5696373601621744
8388,0.8888,3,3,3,670715,5729,118672,7584,0.045376061335698895,0.5696687448358747
8389,0.8889,1,1,1,670716,5728,118673,7583,0.04536814092003549,0.5696792126812411
8390,0.889,1,11,1,670727,5717,118674,7582,0.04528101634773793,0.5701180539890217
8391,0.8891,2,1,2,670728,5716,118676,7580,0.045273095932074514,0.5700962695547533
8392,0.8892,6,6,6,670734,5710,118682,7574,0.04522557343809403,0.5701595904847937
8393,0.8893,4,8,4,670742,5702,118686,7570,0.04516221011278672,0.5703737191078964
8394,0.8894,1,3,1,670745,5699,118687,7569,0.045138448865796474,0.5704703044920109
8395,0.8895,3,0,3,670745,5699,118690,7566,0.045138448865796474,0.5703731624575952
8396,0.8896,0,2,0,670747,5697,118690,7566,0.04512260803446965,0.5704591721330016
8397,0.8897,5,4,5,670751,5693,118695,7561,0.04509092637181599,0.5704692922891202
8398,0.8898,3,4,3,670755,5689,118698,7558,0.04505924470916234,0.570544274175285
8399,0.89,731,550,731,671305,5139,119429,6827,0.04070301609428463,0.5705331773357847
8400,0.8901,0,2,0,671307,5137,119429,6827,0.0406871752629578,0.5706285523236376
8401,0.8902,3,10,3,671317,5127,119432,6824,0.04060797110632366,0.5709982428248682
8402,0.8903,3,3,3,671320,5124,119435,6821,0.04058420985933342,0.5710339053997489
8403,0.8904,2,1,2,671321,5123,119437,6819,0.040576289443670005,0.5710098810919444
8404,0.8905,2,2,2,671323,5121,119439,6817,0.040560448612343175,0.5710336739822416
8405,0.8907,3,8,3,671331,5113,119442,6814,0.04049708528703586,0.5713087951706213
8406,0.8908,8,7,8,671338,5106,119450,6806,0.040441642377391965,0.5713566151779718
8407,0.8909,0,3,0,671341,5103,119450,6806,0.04041788113040173,0.5715005458056932
8408,0.891,4,7,4,671348,5096,119454,6802,0.04036243822075782,0.5716927214657925
8409,0.8911,1,3,1,671351,5093,119455,6801,0.040338676973767584,0.5718009080208508
8410,0.8912,5,4,5,671355,5089,119460,6796,0.040306995311113925,0.5718132099284813
8411,0.8913,1,3,1,671358,5086,119461,6795,0.04028323406412369,0.5719215554246275
8412,0.8914,4,4,4,671362,5082,119465,6791,0.04025155240147003,0.5719700160026951
8413,0.8915,2,2,2,671364,5080,119467,6789,0.040235711570143204,0.5719942707894515
8414,0.8917,20,30,20,671394,5050,119487,6769,0.03999809910024078,0.5727218884846433
8415,0.8918,2,0,2,671394,5050,119489,6767,0.03999809910024078,0.5726495726495726
8416,0.8919,0,1,0,671395,5049,119489,6767,0.03999017868457737,0.5726980365605958
8417,0.892,1,5,1,671400,5044,119490,6766,0.039950576606260293,0.5729043183742591
8418,0.8921,1,1,1,671401,5043,119491,6765,0.039942656190596885,0.5729166666666666
8419,0.8922,2,5,2,671406,5038,119493,6763,0.03990305411227981,0.573087026523176
8420,0.8923,6,3,6,671409,5035,119499,6757,0.03987929286528957,0.5730156037991859
8421,0.8924,2,2,2,671411,5033,119501,6755,0.03986345203396274,0.5730403800475059
8422,0.8925,26,27,26,671438,5006,119527,6729,0.03964960081105057,0.5734128674904133
8423,0.8926,2,0,2,671438,5006,119529,6727,0.03964960081105057,0.5733401517088553
8424,0.8927,2,4,2,671442,5002,119531,6725,0.03961791914839691,0.5734629487507461
8425,0.8928,1,0,1,671442,5002,119532,6724,0.03961791914839691,0.5734265734265734
8426,0.8929,1,3,1,671445,4999,119533,6723,0.03959415790140666,0.5735369390888927
8427,0.893,3,3,3,671448,4996,119536,6720,0.039570396654416425,0.5735745988391943
8428,0.8932,2,8,2,671456,4988,119538,6718,0.03950703332910911,0.5738937297112592
8429,0.8933,43,40,43,671496,4948,119581,6675,0.03919021670257255,0.5742923513722791
8430,0.8934,1,3,1,671499,4945,119582,6674,0.03916645545558231,0.5744039934589896
8431,0.8935,2,1,2,671500,4944,119584,6672,0.039158535039918896,0.5743801652892562
8432,0.8936,1,1,1,671501,4943,119585,6671,0.03915061462425548,0.5743929739969003
8433,0.8937,2,3,2,671504,4940,119587,6669,0.039126853377265236,0.574468085106383
8434,0.8938,5,2,5,671506,4938,119592,6664,0.03911101254593841,0.5743837269436304
8435,0.8939,1,2,1,671508,4936,119593,6663,0.03909517171461158,0.5744460729373222
8436,0.894,9,18,9,671526,4918,119602,6654,0.03895260423267013,0.5750086415485655
8437,0.8942,7,12,7,671538,4906,119609,6647,0.03885755924470916,0.5753483943564442
8438,0.8943,3,2,3,671540,4904,119612,6644,0.03884171841338233,0.5753377208174576
8439,0.8944,2,1,2,671541,4903,119614,6642,0.03883379799771892,0.5753139887397142
8440,0.8945,2,4,2,671545,4899,119616,6640,0.038802116335065265,0.5754398128087356
8441,0.8946,2,1,2,671546,4898,119618,6638,0.03879419591940185,0.5754160887656034
8442,0.8947,1,4,1,671550,4894,119619,6637,0.0387625142567482,0.575578874338739
8443,0.8948,4,8,4,671558,4886,119623,6633,0.038699150931440884,0.5758312353502908
8444,0.895,104,97,104,671655,4789,119727,6529,0.037930870612089725,0.5768687047181481
8445,0.8951,2,2,2,671657,4787,119729,6527,0.037915029780762895,0.5768958812091215
8446,0.8952,2,3,2,671660,4784,119731,6525,0.03789126853377265,0.5769740914316032
8447,0.8953,0,1,0,671661,4783,119731,6525,0.037883348118109235,0.5770251149628581
8448,0.8954,1,0,1,671661,4783,119732,6524,0.037883348118109235,0.576987706730344
8449,0.8955,3,4,3,671665,4779,119735,6521,0.03785166645545558,0.5770796460176991
8450,0.8956,1,1,1,671666,4778,119736,6520,0.03784374603979217,0.5770932908479377
8451,0.8957,1,5,1,671671,4773,119737,6519,0.0378041439614751,0.5773113708820404
8452,0.8958,5,9,5,671680,4764,119742,6514,0.03773286022050437,0.577584678134421
8453,0.8959,0,1,0,671681,4763,119742,6514,0.03772493980484096,0.5776358960716502
8454,0.896,7,13,7,671694,4750,119749,6507,0.037621974401216576,0.5780403304610464
8455,0.8961,1,1,1,671695,4749,119750,6506,0.03761405398555316,0.5780541981341626
8456,0.8962,4,8,4,671703,4741,119754,6502,0.03755069066024585,0.5783153962465534
8457,0.8963,1,1,1,671704,4740,119755,6501,0.037542770244582434,0.5783293301307713
8458,0.8964,0,2,0,671706,4738,119755,6501,0.03752692941325561,0.5784322448616425
8459,0.8965,2,1,2,671707,4737,119757,6499,0.037519008997592196,0.5784086863652546
8460,0.8966,0,4,0,671711,4733,119757,6499,0.037487327334938536,0.5786146723646723
8461,0.8967,46,39,46,671750,4694,119803,6453,0.03717843112406539,0.5789001525074011
8462,0.8968,0,2,0,671752,4692,119803,6453,0.037162590292738565,0.5790040376850606
8463,0.8969,1,1,1,671753,4691,119804,6452,0.03715466987707515,0.5790182177151575
8464,0.897,2,3,2,671756,4688,119806,6450,0.037130908630084905,0.5790985814329324
8465,0.8971,0,5,0,671761,4683,119806,6450,0.03709130655176784,0.5793586634330369
8466,0.8972,1,7,1,671768,4676,119807,6449,0.03703586364212394,0.5796853932584269
8467,0.8973,3,6,3,671774,4670,119810,6446,0.03698834114814346,0.579884850665707
8468,0.8974,0,5,0,671779,4665,119810,6446,0.03694873906982638,0.5801458014580145
8469,0.8975,21,18,21,671797,4647,119831,6425,0.036806171587884934,0.5802926300578035
8470,0.8977,0,2,0,671799,4645,119831,6425,0.036790330756558104,0.580397470641373
8471,0.8978,1,1,1,671800,4644,119832,6424,0.03678241034089469,0.5804119985543911
8472,0.8979,4,0,4,671800,4644,119836,6420,0.03678241034089469,0.5802603036876356
8473,0.898,3,9,3,671809,4635,119839,6417,0.03671112659992396,0.5806188925081434
8474,0.8982,2,2,2,671811,4633,119841,6415,0.03669528576859714,0.5806480811006517
8475,0.8983,16,16,16,671827,4617,119857,6399,0.03656855911798251,0.5808823529411765
8476,0.8984,1,1,1,671828,4616,119858,6398,0.0365606387023191,0.5808970401307427
8477,0.8985,1,5,1,671833,4611,119859,6397,0.03652103662400203,0.5811228197674418
8478,0.8986,0,1,0,671834,4610,119859,6397,0.036513116208338615,0.581175615517398
8479,0.8987,4,4,4,671838,4606,119863,6393,0.036481434545684956,0.5812346576961542
8480,0.8988,0,4,0,671842,4602,119863,6393,0.0364497528830313,0.5814461118690314
8481,0.8989,1,1,1,671843,4601,119864,6392,0.03644183246736789,0.5814609296825253
8482,0.899,2,7,2,671850,4594,119866,6390,0.03638638955772399,0.581755280407866
8483,0.8992,6,6,6,671856,4588,119872,6384,0.03633886706374351,0.5818446955887714
8484,0.8993,3,2,3,671858,4586,119875,6381,0.03632302623241668,0.5818364183459469
8485,0.8994,2,1,2,671859,4585,119877,6379,0.03631510581675326,0.5818132068588107
8486,0.8995,2,1,2,671860,4584,119879,6377,0.03630718540108985,0.5817899826658152
8487,0.8996,1,2,1,671862,4582,119880,6376,0.03629134456976302,0.581858003285271
8488,0.8997,3,4,3,671866,4578,119883,6373,0.036259662907109365,0.5819559857547256
8489,0.9,669,485,669,672351,4093,120552,5704,0.032418261310353566,0.5822190466469327
8490,0.9001,1,0,1,672351,4093,120553,5703,0.032418261310353566,0.5821763985300122
8491,0.9002,6,1,6,672352,4092,120559,5697,0.03241034089469015,0.581979773214833
8492,0.9003,1,4,1,672356,4088,120560,5696,0.0323786592320365,0.5821749795584628
8493,0.9004,2,0,2,672356,4088,120562,5694,0.0323786592320365,0.582089552238806
8494,0.9005,2,3,2,672359,4085,120564,5692,0.03235489798504625,0.5821826736217653
8495,0.9006,1,2,1,672361,4083,120565,5691,0.03233905715371943,0.5822590546347453
8496,0.9007,3,3,3,672364,4080,120568,5688,0.032315295906729186,0.5823095823095823
8497,0.9008,3,7,3,672371,4073,120571,5685,0.03225985299708529,0.5825988932158229
8498,0.9009,0,1,0,672372,4072,120571,5685,0.03225193258142187,0.5826586040791227
8499,0.901,1,5,1,672377,4067,120572,5684,0.032212330503104805,0.5829145728643216
8500,0.9011,0,2,0,672379,4065,120572,5684,0.032196489671777975,0.5830341573494717
8501,0.9012,0,3,0,672382,4062,120572,5684,0.03217272842478773,0.5832136261030166
8502,0.9013,2,3,2,672385,4059,120574,5682,0.03214896717779749,0.5833076686171851
8503,0.9014,0,3,0,672388,4056,120574,5682,0.03212520593080725,0.5834873690696242
8504,0.9015,3,0,3,672388,4056,120577,5679,0.03212520593080725,0.5833590138674885
8505,0.9017,13,16,13,672404,4040,120590,5666,0.03199847928019262,0.5837626210591387
8506,0.9018,2,1,2,672405,4039,120592,5664,0.03199055886452921,0.5837369885602391
8507,0.9019,1,0,1,672405,4039,120593,5663,0.03199055886452921,0.5836940836940837
8508,0.902,7,4,7,672409,4035,120600,5656,0.031958877201875555,0.5836342998658549
8509,0.9021,0,1,0,672410,4034,120600,5656,0.03195095678621214,0.5836945304437564
8510,0.9022,2,0,2,672410,4034,120602,5654,0.03195095678621214,0.5836085879438481
8511,0.9023,1,0,1,672410,4034,120603,5653,0.03195095678621214,0.5835656033859812
8512,0.9024,0,2,0,672412,4032,120603,5653,0.03193511595488531,0.583686112545173
8513,0.9025,24,22,24,672434,4010,120627,5629,0.0317608668102902,0.583981740844486
8514,0.9026,3,0,3,672434,4010,120630,5626,0.0317608668102902,0.5838522208385222
8515,0.9027,3,8,3,672442,4002,120633,5623,0.03169750348498289,0.5842077922077922
8516,0.9028,0,1,0,672443,4001,120633,5623,0.03168958306931948,0.5842684954280964
8517,0.9029,3,7,3,672450,3994,120636,5620,0.031634140159675576,0.5845641772415228
8518,0.903,2,5,2,672455,3989,120638,5618,0.03159453808135851,0.584781929842823
8519,0.9031,1,2,1,672457,3987,120639,5617,0.03157869725003168,0.5848604748021657
8520,0.9033,46,48,46,672505,3939,120685,5571,0.03119851729818781,0.5858044164037854
8521,0.9034,0,1,0,672506,3938,120685,5571,0.031190596882524395,0.5858660216636871
8522,0.9035,0,4,0,672510,3934,120685,5571,0.03115891521987074,0.5861125723303524
8523,0.9036,2,0,2,672510,3934,120687,5569,0.03115891521987074,0.5860254656424287
8524,0.9037,1,0,1,672510,3934,120688,5568,0.03115891521987074,0.5859818985476741
8525,0.9038,1,2,1,672512,3932,120689,5567,0.031143074388543912,0.5860616907042847
8526,0.9039,0,2,0,672514,3930,120689,5567,0.031127233557217082,0.5861851110877119
8527,0.904,10,13,10,672527,3917,120699,5557,0.031024268153592702,0.58655267046654
8528,0.9041,1,1,1,672528,3916,120700,5556,0.031016347737929287,0.5865709459459459
8529,0.9042,4,10,4,672538,3906,120704,5552,0.030937143581295148,0.587016282512159
8530,0.9043,1,4,1,672542,3902,120705,5551,0.03090546191864149,0.5872209880461229
8531,0.9045,1,1,1,672543,3901,120706,5550,0.030897541502978076,0.5872394455613162
8532,0.9047,2,4,2,672547,3897,120708,5548,0.03086585984032442,0.5874007411328745
8533,0.9048,3,10,3,672557,3887,120711,5545,0.03078665568369028,0.5878922815945716
8534,0.905,93,66,93,672623,3821,120804,5452,0.030263908249904953,0.5879434918580826
8535,0.9051,0,2,0,672625,3819,120804,5452,0.030248067418578127,0.5880703268255851
8536,0.9052,2,3,2,672628,3816,120806,5450,0.030224306171587886,0.588171810921649
8537,0.9053,2,2,2,672630,3814,120808,5448,0.030208465340261056,0.5882098898725977
8538,0.9056,0,3,0,672633,3811,120808,5448,0.030184704093270814,0.588400475213306
8539,0.9057,2,4,2,672637,3807,120810,5446,0.030153022430617158,0.5885658705284772
8540,0.9058,2,15,2,672652,3792,120812,5444,0.030034216195665948,0.5894326548289303
8541,0.9059,1,0,1,672652,3792,120813,5443,0.030034216195665948,0.58938819707634
8542,0.906,7,8,7,672660,3784,120820,5436,0.029970852870358635,0.589587852494577
8543,0.9061,1,2,1,672662,3782,120821,5435,0.02995501203903181,0.5896712596289465
8544,0.9062,3,3,3,672665,3779,120824,5432,0.029931250792041567,0.5897296710454891
8545,0.9063,2,0,2,672665,3779,120826,5430,0.029931250792041567,0.5896405690085785
8546,0.9064,2,0,2,672665,3779,120828,5428,0.029931250792041567,0.5895514282611056
8547,0.9065,3,1,3,672666,3778,120831,5425,0.029923330376378152,0.5894816907530154
8548,0.9067,49,43,49,672709,3735,120880,5376,0.02958275250285135,0.5900559762923938
8549,0.9068,2,2,2,672711,3733,120882,5374,0.02956691167152452,0.5900955309102888
8550,0.9069,1,0,1,672711,3733,120883,5373,0.02956691167152452,0.5900505161432023
8551,0.907,2,3,2,672714,3730,120885,5371,0.02954315042453428,0.5901549280298868
8552,0.9071,2,0,2,672714,3730,120887,5369,0.02954315042453428,0.5900648422903616
8553,0.9072,1,6,1,672720,3724,120888,5368,0.029495627930553797,0.5904091509018917
8554,0.9073,0,6,0,672726,3718,120888,5368,0.02944810543657331,0.5907990314769975
8555,0.9074,0,4,0,672730,3714,120888,5368,0.029416423773919655,0.5910592380532922
8556,0.9075,23,20,23,672750,3694,120911,5345,0.029258015460651376,0.5913264741674964
8557,0.9076,1,2,1,672752,3692,120912,5344,0.029242174629324547,0.5914121292607348
8558,0.9077,2,5,2,672757,3687,120914,5342,0.029202572551007475,0.5916491305792446
8559,0.9078,0,1,0,672758,3686,120914,5342,0.029194652135344064,0.5917146654851573
8560,0.9079,0,2,0,672760,3684,120914,5342,0.029178811304017234,0.591845778861068
8561,0.908,2,9,2,672769,3675,120916,5340,0.02910752756304651,0.5923460898502496
8562,0.9081,0,3,0,672772,3672,120916,5340,0.029083766316056265,0.59254327563249
8563,0.9082,2,1,2,672773,3671,120918,5338,0.029075845900392853,0.5925185925185925
8564,0.9083,14,15,14,672788,3656,120932,5324,0.028957039665441643,0.5928730512249443
8565,0.9085,7,7,7,672795,3649,120939,5317,0.028901596755797745,0.5930180682578631
8566,0.9086,3,4,3,672799,3645,120942,5314,0.02886991509314409,0.5931465565353276
8567,0.9087,3,3,3,672802,3642,120945,5311,0.028846153846153848,0.5932089802300905
8568,0.9088,2,3,2,672805,3639,120947,5309,0.028822392599163603,0.5933169423334823
8569,0.9089,0,1,0,672806,3638,120947,5309,0.02881447218350019,0.5933832569576394
8570,0.909,1,6,1,672812,3632,120948,5308,0.028766949689519705,0.5937360178970917
8571,0.9091,1,1,1,672813,3631,120949,5307,0.02875902927385629,0.5937569926157977
8572,0.9092,4,3,4,672816,3628,120953,5303,0.02873526802686605,0.5937744933378121
8573,0.9093,2,8,2,672824,3620,120955,5301,0.028671904701558736,0.5942158950790271
8574,0.9094,0,1,0,672825,3619,120955,5301,0.028663984285895325,0.5942825112107624
8575,0.9095,5,4,5,672829,3615,120960,5296,0.02863230262324167,0.5943216249579172
8576,0.9096,0,1,0,672830,3614,120960,5296,0.028624382207578253,0.5943883277216611
8577,0.9097,3,3,3,672833,3611,120963,5293,0.028600620960588012,0.5944519317160827
8578,0.9098,2,4,2,672837,3607,120965,5291,0.028568939297934356,0.5946280062935491
8579,0.91,600,424,600,673261,3183,121565,4691,0.025210683056646813,0.595758191516383
8580,0.9101,0,1,0,673262,3182,121565,4691,0.0252027626409834,0.5958338625682713
8581,0.9102,1,0,1,673262,3182,121566,4690,0.0252027626409834,0.5957825203252033
8582,0.9104,2,2,2,673264,3180,121568,4688,0.025186921809656572,0.595831215048297
8583,0.9105,3,2,3,673266,3178,121571,4685,0.025171080978329742,0.5958285641612616
8584,0.9106,1,1,1,673267,3177,121572,4684,0.025163160562666327,0.5958529449179494
8585,0.9107,6,2,6,673269,3175,121578,4678,0.0251473197313395,0.5956959123901694
8586,0.9108,6,4,6,673273,3171,121584,4672,0.025115638068685844,0.5956904245824302
8587,0.9109,2,0,2,673273,3171,121586,4670,0.025115638068685844,0.5955872975385793
8588,0.911,1,1,1,673274,3170,121587,4669,0.02510771765302243,0.5956116851639239
8589,0.9111,0,1,0,673275,3169,121587,4669,0.025099797237359018,0.595687675427405
8590,0.9112,0,4,0,673279,3165,121587,4669,0.02506811557470536,0.5959918304825121
8591,0.9113,4,5,4,673284,3160,121591,4665,0.02502851349638829,0.5961661341853035
8592,0.9115,1,4,1,673288,3156,121592,4664,0.024996831833734634,0.5964194373401535
8593,0.9117,11,10,11,673298,3146,121603,4653,0.024917627677100495,0.5966149506346967
8594,0.9118,1,0,1,673298,3146,121604,4652,0.024917627677100495,0.5965632213388048
8595,0.912,5,7,5,673305,3139,121609,4647,0.024862184767456597,0.596840482918058
8596,0.9121,0,4,0,673309,3135,121609,4647,0.02483050310480294,0.5971472629144179
8597,0.9122,2,2,2,673311,3133,121611,4645,0.02481466227347611,0.5971972229364876
8598,0.9123,0,2,0,673313,3131,121611,4645,0.024798821442149285,0.5973508230452675
8599,0.9125,15,12,15,673325,3119,121626,4630,0.024703776454188316,0.5974964511549877
8600,0.9127,3,1,3,673326,3118,121629,4627,0.0246958560385249,0.5974176888315041
8601,0.9128,0,2,0,673328,3116,121629,4627,0.024680015207198074,0.5975720005165956
8602,0.9129,2,1,2,673329,3115,121631,4625,0.02467209479153466,0.5975452196382429
8603,0.913,4,3,4,673332,3112,121635,4621,0.024648333544544418,0.5975688607267554
8604,0.9133,39,39,39,673371,3073,121674,4582,0.02433943733367127,0.5985630306988896
8605,0.9136,0,1,0,673372,3072,121674,4582,0.024331516918007858,0.5986412333420433
8606,0.9137,0,2,0,673374,3070,121674,4582,0.02431567608668103,0.5987976999477261
8607,0.9139,1,1,1,673375,3069,121675,4581,0.024307755671017613,0.5988235294117648
8608,0.914,5,4,5,673379,3065,121680,4576,0.02427607400836396,0.5988744928674258
8609,0.9142,1,5,1,673384,3060,121681,4575,0.02423647193004689,0.5992141453831041
8610,0.9143,1,6,1,673390,3054,121682,4574,0.024188949436066406,0.5996329313057158
8611,0.9144,1,1,1,673391,3053,121683,4573,0.02418102902040299,0.59965906110674
8612,0.9145,4,2,4,673393,3051,121687,4569,0.02416518818907616,0.5996062992125984
8613,0.9147,0,1,0,673394,3050,121687,4569,0.02415726777341275,0.5996849980312376
8614,0.9148,0,2,0,673396,3048,121687,4569,0.02414142694208592,0.5998424576604963
8615,0.9149,1,0,1,673396,3048,121688,4568,0.02414142694208592,0.5997899159663865
8616,0.915,52,70,52,673466,2978,121740,4516,0.02358699784564694,0.6026154256738724
8617,0.9151,1,3,1,673469,2975,121741,4515,0.0235632365986567,0.602803738317757
8618,0.9152,0,4,0,673473,2971,121741,4515,0.023531554936003042,0.603125834891798
8619,0.9153,2,5,2,673478,2966,121743,4513,0.02349195285768597,0.6034229175023399
8620,0.9154,1,2,1,673480,2964,121744,4512,0.023476112026359144,0.6035313001605136
8621,0.9155,1,1,1,673481,2963,121745,4511,0.02346819161069573,0.6035590045491036
8622,0.9156,0,1,0,673482,2962,121745,4511,0.023460271195032315,0.6036397698380838
8623,0.9157,2,3,2,673485,2959,121747,4509,0.023436509948042073,0.603776111408677
8624,0.9158,6,3,6,673488,2956,121753,4503,0.023412748701051832,0.6037002279125888
8625,0.916,12,6,12,673494,2950,121765,4491,0.023365226207071346,0.6035479102271201
8626,0.9161,0,2,0,673496,2948,121765,4491,0.02334938537574452,0.6037101760989381
8627,0.9162,0,1,0,673497,2947,121765,4491,0.023341464960081104,0.6037913417585372
8628,0.9163,3,3,3,673500,2944,121768,4488,0.023317703713090863,0.6038751345532831
8629,0.9164,0,1,0,673501,2943,121768,4488,0.023309783297427448,0.6039563988696003
8630,0.9165,2,2,2,673503,2941,121770,4486,0.02329394246610062,0.6040123872357614
8631,0.9167,44,37,44,673540,2904,121814,4442,0.023000887086554303,0.60468282058263
8632,0.9168,3,3,3,673543,2901,121817,4439,0.02297712583956406,0.6047683923705722
8633,0.9169,1,0,1,673543,2901,121818,4438,0.02297712583956406,0.6047145387654994
8634,0.917,2,1,2,673544,2900,121820,4436,0.022969205423900647,0.6046892039258451
8635,0.9171,3,2,3,673546,2898,121823,4433,0.022953364592573817,0.6046924021279498
8636,0.9172,0,4,0,673550,2894,121823,4433,0.02292168292992016,0.6050225194486147
8637,0.9173,0,2,0,673552,2892,121823,4433,0.022905842098593334,0.6051877133105802
8638,0.9174,0,1,0,673553,2891,121823,4433,0.02289792168292992,0.6052703440742764
8639,0.9175,20,14,20,673567,2877,121843,4413,0.022787035863642124,0.6053497942386832
8640,0.9176,0,1,0,673568,2876,121843,4413,0.02277911544797871,0.6054328440115242
8641,0.9177,4,4,4,673572,2872,121847,4409,0.022747433785325052,0.6055486883669826
8642,0.9178,1,3,1,673575,2869,121848,4408,0.02272367253833481,0.6057441253263708
8643,0.918,7,8,7,673583,2861,121855,4401,0.0226603092130275,0.6060313963095566
8644,0.9181,0,1,0,673584,2860,121855,4401,0.022652388797364087,0.606114860212092
8645,0.9182,0,1,0,673585,2859,121855,4401,0.022644468381700672,0.606198347107438
8646,0.9183,7,14,7,673599,2845,121862,4394,0.022533582562412877,0.6069899157342175
8647,0.9184,1,3,1,673602,2842,121863,4393,0.022509821315422632,0.6071872840359365
8648,0.9185,1,2,1,673604,2840,121864,4392,0.022493980484095805,0.6073008849557522
8649,0.9186,0,1,0,673605,2839,121864,4392,0.02248606006843239,0.6073848706956161
8650,0.9187,0,6,0,673611,2833,121864,4392,0.022438537574451908,0.6078892733564014
8651,0.9188,1,1,1,673612,2832,121865,4391,0.022430617158788493,0.6079191471687665
8652,0.9189,1,2,1,673614,2830,121866,4390,0.022414776327461666,0.6080332409972299
8653,0.919,4,4,4,673618,2826,121870,4386,0.02238309466480801,0.608153078202995
8654,0.9191,1,0,1,673618,2826,121871,4385,0.02238309466480801,0.608098738039107
8655,0.9192,3,6,3,673624,2820,121874,4382,0.022335572170827524,0.6084420994168287
8656,0.9193,2,4,2,673628,2816,121876,4380,0.022303890508173867,0.6086714841578654
8657,0.9195,1,0,1,673628,2816,121877,4379,0.022303890508173867,0.6086170952050035
8658,0.9196,1,1,1,673629,2815,121878,4378,0.022295970092510456,0.6086472959822049
8659,0.9197,0,1,0,673630,2814,121878,4378,0.02228804967684704,0.6087319243604005
8660,0.9199,1,3,1,673633,2811,121879,4377,0.0222642884298568,0.6089315525876461
8661,0.92,570,338,570,673971,2473,122449,3807,0.019587187935622863,0.6062101910828025
8662,0.9201,1,3,1,673974,2470,122450,3806,0.019563426688632618,0.6064372211599746
8663,0.9202,3,4,3,673978,2466,122453,3803,0.01953174502597896,0.6066358270856596
8664,0.9203,1,1,1,673979,2465,122454,3802,0.01952382461031555,0.6066698579862774
8665,0.9204,0,1,0,673980,2464,122454,3802,0.019515904194652135,0.6067666773060963
8666,0.9205,1,4,1,673984,2460,122455,3801,0.01948422253199848,0.607091518926689
8667,0.9206,0,4,0,673988,2456,122455,3801,0.019452540869344823,0.6074796228224388
8668,0.9207,2,3,2,673991,2453,122457,3799,0.01942877962235458,0.6076455534229047
8669,0.9208,4,2,4,673993,2451,122461,3795,0.019412938791027755,0.6075888568683958
8670,0.921,4,2,4,673995,2449,122465,3791,0.019397097959700925,0.6075320512820512
8671,0.9211,0,1,0,673996,2448,122465,3791,0.01938917754403751,0.6076294277929155
8672,0.9213,3,2,3,673998,2446,122468,3788,0.019373336712710684,0.6076355470003209
8673,0.9214,0,1,0,673999,2445,122468,3788,0.01936541629704727,0.6077330338520777
8674,0.9215,0,5,0,674004,2440,122468,3788,0.019325814218730197,0.6082209377007065
8675,0.9216,0,1,0,674005,2439,122468,3788,0.019317893803066786,0.6083186124939778
8676,0.9217,9,4,9,674009,2435,122477,3779,0.01928621214041313,0.6081429031219826
8677,0.9218,0,4,0,674013,2431,122477,3779,0.019254530477759473,0.6085346215780998
8678,0.922,4,5,4,674018,2426,122481,3775,0.019214928399442402,0.6087727785840993
8679,0.9221,2,3,2,674021,2423,122483,3773,0.01919116715245216,0.6089412524209167
8680,0.9222,3,0,3,674021,2423,122486,3770,0.01919116715245216,0.6087518165670919
8681,0.9223,2,5,2,674026,2418,122488,3768,0.01915156507413509,0.6091173617846751
8682,0.9225,11,18,11,674044,2400,122499,3757,0.019008997592193638,0.610199772616534
8683,0.9226,0,1,0,674045,2399,122499,3757,0.019001077176530223,0.6102988953866146
8684,0.9227,2,3,2,674048,2396,122501,3755,0.01897731592953998,0.6104698423020647
8685,0.9228,2,2,2,674050,2394,122503,3753,0.018961475098213155,0.6105417276720352
8686,0.9229,1,1,1,674051,2393,122504,3752,0.01895355468254974,0.6105777054515866
8687,0.923,0,1,0,674052,2392,122504,3752,0.018945634266886325,0.6106770833333334
8688,0.9231,0,1,0,674053,2391,122504,3752,0.018937713851222913,0.610776493569917
8689,0.9232,1,1,1,674054,2390,122505,3751,0.0189297934355595,0.6108125712424687
8690,0.9233,20,21,20,674075,2369,122525,3731,0.018763464706627805,0.611639344262295
8691,0.9234,0,1,0,674076,2368,122525,3731,0.01875554429096439,0.6117396294474504
8692,0.9235,2,1,2,674077,2367,122527,3729,0.018747623875300976,0.6117125984251969
8693,0.9236,0,1,0,674078,2366,122527,3729,0.01873970345963756,0.6118129614438064
8694,0.9237,0,2,0,674080,2364,122527,3729,0.018723862628310734,0.6120137863121615
8695,0.9238,3,0,3,674080,2364,122530,3726,0.018723862628310734,0.6118226600985222
8696,0.9239,0,1,0,674081,2363,122530,3726,0.01871594221264732,0.6119231400886845
8697,0.924,3,7,3,674088,2356,122533,3723,0.01866049930300342,0.6124362559631519
8698,0.9241,1,0,1,674088,2356,122534,3722,0.01866049930300342,0.6123724909509707
8699,0.9242,4,3,4,674091,2353,122538,3718,0.01863673805601318,0.6124197002141327
8700,0.9243,3,4,3,674095,2349,122541,3715,0.018605056393359524,0.6126319261213721
8701,0.9245,0,1,0,674096,2348,122541,3715,0.01859713597769611,0.6127329704766618
8702,0.9246,0,1,0,674097,2347,122541,3715,0.018589215562032694,0.6128340481689212
8703,0.9247,1,3,1,674100,2344,122542,3714,0.018565454315042453,0.6130736216573126
8704,0.9248,0,1,0,674101,2343,122542,3714,0.01855753389937904,0.6131748390292224
8705,0.925,70,51,70,674152,2292,122612,3644,0.018153592700544924,0.6138814016172507
8706,0.9251,1,0,1,674152,2292,122613,3643,0.018153592700544924,0.6138163437236731
8707,0.9253,1,2,1,674154,2290,122614,3642,0.018137751869218097,0.6139581928523263
8708,0.9254,1,0,1,674154,2290,122615,3641,0.018137751869218097,0.6138931040296746
8709,0.9255,0,2,0,674156,2288,122615,3641,0.018121911037891267,0.614100185528757
8710,0.9256,2,0,2,674156,2288,122617,3639,0.018121911037891267,0.6139699679433103
8711,0.9257,1,0,1,674156,2288,122618,3638,0.018121911037891267,0.6139048261896727
8712,0.9258,2,3,2,674159,2285,122620,3636,0.018098149790901026,0.6140854585374093
8713,0.926,5,5,5,674164,2280,122625,3631,0.018058547712583955,0.6142784638809
8714,0.9261,0,1,0,674165,2279,122625,3631,0.018050627296920543,0.6143824027072758
8715,0.9262,0,1,0,674166,2278,122625,3631,0.01804270688125713,0.6144863767134879
8716,0.9263,2,1,2,674167,2277,122627,3629,0.018034786465593713,0.6144598713173044
8717,0.9265,1,0,1,674167,2277,122628,3628,0.018034786465593713,0.6143945808636748
8718,0.9266,1,0,1,674167,2277,122629,3627,0.018034786465593713,0.614329268292683
8719,0.9267,25,25,25,674192,2252,122654,3602,0.017836776074008364,0.61530577382986
8720,0.9268,0,1,0,674193,2251,122654,3602,0.01782885565834495,0.6154109003929609
8721,0.927,1,0,1,674193,2251,122655,3601,0.01782885565834495,0.6153451811346549
8722,0.9271,1,1,1,674194,2250,122656,3600,0.017820935242681538,0.6153846153846154
8723,0.9272,5,1,5,674195,2249,122661,3595,0.017813014827018123,0.615160848733744
8724,0.9273,3,2,3,674197,2247,122664,3592,0.017797173995691293,0.6151738311354684
8725,0.9275,11,16,11,674213,2231,122675,3581,0.01767044734507667,0.6161390227116311
8726,0.9276,1,0,1,674213,2231,122676,3580,0.01767044734507667,0.6160729650662536
8727,0.9277,0,1,0,674214,2230,122676,3580,0.017662526929413256,0.6161790017211703
8728,0.9279,0,1,0,674215,2229,122676,3580,0.01765460651374984,0.616285074883801
8729,0.928,10,11,10,674226,2218,122686,3570,0.017567481941452287,0.6167933655839668
8730,0.9281,1,1,1,674227,2217,122687,3569,0.017559561525788872,0.6168337366055997
8731,0.9282,2,4,2,674231,2213,122689,3567,0.017527879863135216,0.6171280276816609
8732,0.9283,8,10,8,674241,2203,122697,3559,0.017448675706501077,0.6176674765706351
8733,0.9284,0,3,0,674244,2200,122697,3559,0.017424914459510835,0.6179892342420559
8734,0.9285,0,1,0,674245,2199,122697,3559,0.01741699404384742,0.618096561306009
8735,0.9286,1,0,1,674245,2199,122698,3558,0.01741699404384742,0.618030224075039
8736,0.9287,0,1,0,674246,2198,122698,3558,0.017409073628184005,0.618137595552467
8737,0.9288,1,1,1,674247,2197,122699,3557,0.017401153212520594,0.6181786583246437
8738,0.929,0,1,0,674248,2196,122699,3557,0.01739323279685718,0.618286111593951
8739,0.9292,2,6,2,674254,2190,122701,3555,0.017345710302876696,0.618798955613577
8740,0.9293,3,2,3,674256,2188,122704,3552,0.017329869471549866,0.6188153310104529
8741,0.9295,1,1,1,674257,2187,122705,3551,0.01732194905588645,0.6188567445102823
8742,0.9296,1,3,1,674260,2184,122706,3550,0.01729818780889621,0.6191140565050576
8743,0.9297,3,2,3,674262,2182,122709,3547,0.017282346977569384,0.619130738348752
8744,0.9298,4,2,4,674264,2180,122713,3543,0.017266506146242554,0.6190809016250218
8745,0.9299,0,3,0,674267,2177,122713,3543,0.017242744899252312,0.6194055944055944
8746,0.93,519,301,519,674568,1876,123232,3024,0.014858699784564694,0.6171428571428571
8747,0.9301,0,1,0,674569,1875,123232,3024,0.01485077936890128,0.6172688303735456
8748,0.9302,0,1,0,674570,1874,123232,3024,0.014842858953237866,0.6173948550428746
8749,0.9303,2,3,2,674573,1871,123234,3022,0.014819097706247624,0.6176170038830983
8750,0.9305,2,1,2,674574,1870,123236,3020,0.01481117729058421,0.6175869120654397
8751,0.9306,2,0,2,674574,1870,123238,3018,0.01481117729058421,0.617430441898527
8752,0.9307,1,7,1,674581,1863,123239,3017,0.014755734380940312,0.6182377049180328
8753,0.9308,2,4,2,674585,1859,123241,3015,0.014724052718286655,0.6185884283955683
8754,0.931,4,2,4,674587,1857,123245,3011,0.014708211886959827,0.6185291700903862
8755,0.9311,1,0,1,674587,1857,123246,3010,0.014708211886959827,0.6184507910417095
8756,0.9312,2,0,2,674587,1857,123248,3008,0.014708211886959827,0.6182939362795478
8757,0.9313,2,3,2,674590,1854,123250,3006,0.014684450639969586,0.6185185185185185
8758,0.9314,1,0,1,674590,1854,123251,3005,0.014684450639969586,0.6184400082321465
8759,0.9315,1,3,1,674593,1851,123252,3004,0.014660689392979343,0.6187435633367662
8760,0.9316,2,2,2,674595,1849,123254,3002,0.014644848561652515,0.6188414759843331
8761,0.9317,11,8,11,674603,1841,123265,2991,0.014581485236345204,0.6189983443708609
8762,0.9318,1,2,1,674605,1839,123266,2990,0.014565644405018376,0.6191758127976806
8763,0.9319,2,1,2,674606,1838,123268,2988,0.01455772398935496,0.6191462909241608
8764,0.932,2,1,2,674607,1837,123270,2986,0.014549803573691547,0.6191167323242794
8765,0.9324,2,3,2,674610,1834,123272,2984,0.014526042326701306,0.6193441261934413
8766,0.9325,19,5,19,674615,1829,123291,2965,0.014486440248384235,0.6184814351272424
8767,0.9327,3,0,3,674615,1829,123294,2962,0.014486440248384235,0.6182425380922563
8768,0.9328,0,2,0,674617,1827,123294,2962,0.014470599417057407,0.6185007308415118
8769,0.9329,1,1,1,674618,1826,123295,2961,0.014462679001393993,0.618550240233967
8770,0.933,2,2,2,674620,1824,123297,2959,0.014446838170067165,0.618649383232281
8771,0.9331,2,3,2,674623,1821,123299,2957,0.014423076923076924,0.6188781917120134
8772,0.9332,0,4,0,674627,1817,123299,2957,0.014391395260423268,0.6193967322999581
8773,0.9333,27,30,27,674657,1787,123326,2930,0.014153782790520847,0.6211575153699386
8774,0.9334,1,1,1,674658,1786,123327,2929,0.014145862374857432,0.6212089077412514
8775,0.9335,0,2,0,674660,1784,123327,2929,0.014130021543530604,0.621472522809251
8776,0.9338,3,2,3,674662,1782,123330,2926,0.014114180712203776,0.6214953271028038
8777,0.934,3,1,3,674663,1781,123333,2923,0.014106260296540362,0.6213860544217688
8778,0.9342,2,7,2,674670,1774,123335,2921,0.014050817386896465,0.6221512247071352
8779,0.9343,0,1,0,674671,1773,123335,2921,0.01404289697123305,0.6222837665104388
8780,0.9345,0,1,0,674672,1772,123335,2921,0.014034976555569637,0.6224163647986363
8781,0.9346,0,1,0,674673,1771,123335,2921,0.014027056139906222,0.6225490196078431
8782,0.9347,2,2,2,674675,1769,123337,2919,0.014011215308579393,0.6226535836177475
8783,0.9348,3,0,3,674675,1769,123340,2916,0.014011215308579393,0.6224119530416222
8784,0.9349,1,2,1,674677,1767,123341,2915,0.013995374477252567,0.622597180692012
8785,0.935,51,36,51,674713,1731,123392,2864,0.013710239513369662,0.6232861806311207
8786,0.9353,1,1,1,674714,1730,123393,2863,0.013702319097706247,0.6233398650119747
8787,0.9355,3,0,3,674714,1730,123396,2860,0.013702319097706247,0.6230936819172114
8788,0.9357,2,0,2,674714,1730,123398,2858,0.013702319097706247,0.6229293809938972
8789,0.9358,1,1,1,674715,1729,123399,2857,0.013694398682042834,0.6229829917139119
8790,0.936,5,2,5,674717,1727,123404,2852,0.013678557850716005,0.6228434155929242
8791,0.9362,1,0,1,674717,1727,123405,2851,0.013678557850716005,0.6227610310179118
8792,0.9363,2,0,2,674717,1727,123407,2849,0.013678557850716005,0.6225961538461539
8793,0.9364,1,1,1,674718,1726,123408,2848,0.013670637435052592,0.6226497595102755
8794,0.9365,0,1,0,674719,1725,123408,2848,0.013662717019389177,0.622785917340914
8795,0.9366,0,2,0,674721,1723,123408,2848,0.01364687618806235,0.6230584117260993
8796,0.9367,25,22,25,674743,1701,123433,2823,0.013472627043467241,0.6240053050397878
8797,0.9368,1,0,1,674743,1701,123434,2822,0.013472627043467241,0.6239221755472032
8798,0.937,2,4,2,674747,1697,123436,2820,0.013440945380813585,0.6243081691388089
8799,0.9373,1,0,1,674747,1697,123437,2819,0.013440945380813585,0.6242249778565102
8800,0.9375,15,11,15,674758,1686,123452,2804,0.01335382080851603,0.6244988864142539
8801,0.9376,1,0,1,674758,1686,123453,2803,0.01335382080851603,0.6244152372466029
8802,0.9377,1,2,1,674760,1684,123454,2802,0.013337979977189203,0.6246098974587606
8803,0.938,0,8,0,674768,1676,123454,2802,0.01327461665188189,0.6257257704332291
8804,0.9382,1,1,1,674769,1675,123455,2801,0.013266696236218477,0.6257819481680071
8805,0.9383,6,8,6,674777,1667,123461,2795,0.013203332910911164,0.6264007171671896
8806,0.9384,0,1,0,674778,1666,123461,2795,0.013195412495247751,0.6265411342748263
8807,0.9385,0,1,0,674779,1665,123461,2795,0.013187492079584336,0.6266816143497758
8808,0.9386,1,0,1,674779,1665,123462,2794,0.013187492079584336,0.6265978919040144
8809,0.9387,1,1,1,674780,1664,123463,2793,0.013179571663920923,0.626654700471169
8810,0.9388,2,2,2,674782,1662,123465,2791,0.013163730832594095,0.6267684706939142
8811,0.9389,0,1,0,674783,1661,123465,2791,0.013155810416930681,0.6269092542677448
8812,0.939,1,2,1,674785,1659,123466,2790,0.013139969585603853,0.6271072151045178
8813,0.9392,3,2,3,674787,1657,123469,2787,0.013124128754277025,0.6271377137713772
8814,0.9393,0,3,0,674790,1654,123469,2787,0.013100367507286782,0.6275613600540418
8815,0.9394,2,3,2,674793,1651,123471,2785,0.01307660626029654,0.6278178539224527
8816,0.9396,1,1,1,674794,1650,123472,2784,0.013068685844633126,0.6278755074424899
8817,0.9397,2,4,2,674798,1646,123474,2782,0.013037004181979471,0.6282746160794941
8818,0.9398,1,0,1,674798,1646,123475,2781,0.013037004181979471,0.6281906482945562
8819,0.9399,1,1,1,674799,1645,123476,2780,0.013029083766316056,0.6282485875706215
8820,0.94,469,278,469,675077,1367,123945,2311,0.010827208211886959,0.6283306144643828
8821,0.9401,0,1,0,675078,1366,123945,2311,0.010819287796223546,0.628501495784607
8822,0.9403,1,1,1,675079,1365,123946,2310,0.010811367380560133,0.6285714285714286
8823,0.9405,1,1,1,675080,1364,123947,2309,0.010803446964896718,0.6286414375170161
8824,0.9406,0,1,0,675081,1363,123947,2309,0.010795526549233304,0.6288126361655774
8825,0.9407,1,4,1,675085,1359,123948,2308,0.010763844886579648,0.6293973275156803
8826,0.9408,2,1,2,675086,1358,123950,2306,0.010755924470916233,0.6293668122270742
8827,0.9409,1,4,1,675090,1354,123951,2305,0.010724242808262577,0.6299535392183657
8828,0.941,0,2,0,675092,1352,123951,2305,0.01070840197693575,0.6302980585179109
8829,0.9411,0,1,0,675093,1351,123951,2305,0.010700481561272335,0.6304704595185996
8830,0.9413,0,1,0,675094,1350,123951,2305,0.010692561145608922,0.6306429548563611
8831,0.9414,2,0,2,675094,1350,123953,2303,0.010692561145608922,0.6304407336435807
8832,0.9416,0,1,0,675095,1349,123953,2303,0.010684640729945507,0.6306133625410734
8833,0.9417,5,9,5,675104,1340,123958,2298,0.010613356988974781,0.6316657504123144
8834,0.9418,1,1,1,675105,1339,123959,2297,0.010605436573311368,0.6317381738173817
8835,0.9419,2,0,2,675105,1339,123961,2295,0.010605436573311368,0.631535498073748
8836,0.942,4,2,4,675107,1337,123965,2291,0.01058959574198454,0.6314773980154355
8837,0.9421,0,3,0,675110,1334,123965,2291,0.010565834494994297,0.632
8838,0.9422,0,4,0,675114,1330,123965,2291,0.01053415283234064,0.6326981496824082
8839,0.9425,9,5,9,675119,1325,123974,2282,0.010494550754023571,0.6326587191571943
8840,0.9427,1,2,1,675121,1323,123975,2281,0.010478709922696743,0.6329078801331853
8841,0.9428,0,1,0,675122,1322,123975,2281,0.01047078950703333,0.6330835414932001
8842,0.943,1,0,1,675122,1322,123976,2280,0.01047078950703333,0.6329816768461966
8843,0.9431,0,1,0,675123,1321,123976,2280,0.010462869091369915,0.6331574562621494
8844,0.9432,1,2,1,675125,1319,123977,2279,0.010447028260043087,0.6334074485825458
8845,0.9433,21,10,21,675135,1309,123998,2258,0.010367824103408948,0.6330249509391646
8846,0.9435,1,1,1,675136,1308,123999,2257,0.010359903687745533,0.6330995792426367
8847,0.9438,1,4,1,675140,1304,124000,2256,0.010328222025091876,0.6337078651685393
8848,0.9439,0,1,0,675141,1303,124000,2256,0.010320301609428463,0.633885923012082
8849,0.944,3,3,3,675144,1300,124003,2253,0.01029654036243822,0.6341120180129468
8850,0.9442,1,1,1,675145,1299,124004,2252,0.010288619946774807,0.6341875528020275
8851,0.9443,0,1,0,675146,1298,124004,2252,0.010280699531111393,0.6343661971830986
8852,0.9444,1,0,1,675146,1298,124005,2251,0.010280699531111393,0.6342631727247112
8853,0.9446,0,1,0,675147,1297,124005,2251,0.010272779115447979,0.6344419391206313
8854,0.9447,0,3,0,675150,1294,124005,2251,0.010249017868457737,0.6349788434414668
8855,0.9448,1,2,1,675152,1292,124006,2250,0.010233177037130909,0.6352343308865048
8856,0.9449,1,0,1,675152,1292,124007,2249,0.010233177037130909,0.6351313188364869
8857,0.945,49,42,49,675194,1250,124056,2200,0.00990051957926752,0.6376811594202898
8858,0.9451,1,0,1,675194,1250,124057,2199,0.00990051957926752,0.6375761090171064
8859,0.9452,1,1,1,675195,1249,124058,2198,0.009892599163604106,0.6376559326950972
8860,0.9453,0,2,0,675197,1247,124058,2198,0.009876758332277278,0.6380261248185777
8861,0.9456,3,2,3,675199,1245,124061,2195,0.00986091750095045,0.6380813953488372
8862,0.9457,1,1,1,675200,1244,124062,2194,0.009852997085287037,0.6381617219313555
8863,0.9458,2,0,2,675200,1244,124064,2192,0.009852997085287037,0.6379511059371362
8864,0.946,7,2,7,675202,1242,124071,2185,0.009837156253960208,0.6375838926174496
8865,0.9461,0,3,0,675205,1239,124071,2185,0.009813395006969965,0.638142523364486
8866,0.9463,0,1,0,675206,1238,124071,2185,0.009805474591306552,0.6383289512123868
8867,0.9464,0,2,0,675208,1236,124071,2185,0.009789633759979724,0.6387021338789828
8868,0.9465,0,1,0,675209,1235,124071,2185,0.009781713344316309,0.6388888888888888
8869,0.9466,0,1,0,675210,1234,124071,2185,0.009773792928652896,0.6390757531441942
8870,0.9467,27,18,27,675228,1216,124098,2158,0.009631225446711444,0.6395969176052163
8871,0.9469,2,1,2,675229,1215,124100,2156,0.009623305031048029,0.6395728270542865
8872,0.9471,0,2,0,675231,1213,124100,2156,0.009607464199721201,0.6399525081626596
8873,0.9472,1,1,1,675232,1212,124101,2155,0.009599543784057788,0.6400356400356401
8874,0.9473,1,0,1,675232,1212,124102,2154,0.009599543784057788,0.6399286987522281
8875,0.9475,8,7,8,675239,1205,124110,2146,0.00954410087441389,0.6404058490002984
8876,0.9476,0,1,0,675240,1204,124110,2146,0.009536180458750475,0.6405970149253731
8877,0.9477,1,0,1,675240,1204,124111,2145,0.009536180458750475,0.6404896984174381
8878,0.9478,1,0,1,675240,1204,124112,2144,0.009536180458750475,0.6403823178016727
8879,0.948,6,2,6,675242,1202,124118,2138,0.009520339627423647,0.640119760479042
8880,0.9482,1,0,1,675242,1202,124119,2137,0.009520339627423647,0.6400119796346212
8881,0.9483,1,4,1,675246,1198,124120,2136,0.00948865796476999,0.6406718656268746
8882,0.9485,0,3,0,675249,1195,124120,2136,0.00946489671777975,0.6412488742119483
8883,0.9486,1,0,1,675249,1195,124121,2135,0.00946489671777975,0.6411411411411412
8884,0.9488,1,2,1,675251,1193,124122,2134,0.009449055886452921,0.6414186955214908
8885,0.9489,1,0,1,675251,1193,124123,2133,0.009449055886452921,0.6413108839446783
8886,0.949,0,1,0,675252,1192,124123,2133,0.009441135470789508,0.6415037593984962
8887,0.9491,1,0,1,675252,1192,124124,2132,0.009441135470789508,0.641395908543923
8888,0.9492,1,0,1,675252,1192,124125,2131,0.009441135470789508,0.6412879927776106
8889,0.9495,2,0,2,675252,1192,124127,2129,0.009441135470789508,0.6410719662752183
8890,0.9497,0,2,0,675254,1190,124127,2129,0.00942529463946268,0.6414582705634227
8891,0.9498,0,1,0,675255,1189,124127,2129,0.009417374223799265,0.6416515973477999
8892,0.95,463,224,463,675479,965,124590,1666,0.0076432011151945254,0.6332193082478145
8893,0.9502,1,0,1,675479,965,124591,1665,0.0076432011151945254,0.6330798479087453
8894,0.9503,1,1,1,675480,964,124592,1664,0.007635280699531111,0.6331811263318112
8895,0.9504,1,1,1,675481,963,124593,1663,0.007627360283867697,0.6332825590251333
8896,0.9505,0,2,0,675483,961,124593,1663,0.007611519452540869,0.633765243902439
8897,0.9506,1,2,1,675485,959,124594,1662,0.007595678621214041,0.6341091186570011
8898,0.9507,2,1,2,675486,958,124596,1660,0.007587758205550627,0.6340718105423988
8899,0.9509,0,1,0,675487,957,124596,1660,0.007579837789887214,0.6343141001146351
8900,0.951,2,2,2,675489,955,124598,1658,0.0075639969585603855,0.6345197091465749
8901,0.9513,1,1,1,675490,954,124599,1657,0.007556076542896971,0.6346227499042513
8902,0.9515,2,5,2,675495,949,124601,1655,0.007516474464579901,0.6355606758832565
8903,0.9517,9,6,9,675501,943,124610,1646,0.007468951970599417,0.6357667052916184
8904,0.9518,2,1,2,675502,942,124612,1644,0.007461031554936003,0.6357308584686775
8905,0.952,4,0,4,675502,942,124616,1640,0.007461031554936003,0.635166537567777
8906,0.9522,2,1,2,675503,941,124618,1638,0.007453111139272589,0.635129895308259
8907,0.9524,0,1,0,675504,940,124618,1638,0.007445190723609175,0.6353762606671839
8908,0.9525,9,7,9,675511,933,124627,1629,0.007389747813965277,0.6358313817330211
8909,0.953,0,1,0,675512,932,124627,1629,0.0073818273983018625,0.6360796563842249
8910,0.9532,1,0,1,675512,932,124628,1628,0.0073818273983018625,0.6359375
8911,0.9533,14,16,14,675528,916,124642,1614,0.007255100747687239,0.6379446640316205
8912,0.9534,1,0,1,675528,916,124643,1613,0.007255100747687239,0.6378015025701859
8913,0.9535,0,1,0,675529,915,124643,1613,0.007247180332023825,0.6380537974683544
8914,0.9537,0,1,0,675530,914,124643,1613,0.007239259916360411,0.6383062920459043
8915,0.9538,2,1,2,675531,913,124645,1611,0.007231339500696997,0.6382725832012678
8916,0.9539,1,0,1,675531,913,124646,1610,0.007231339500696997,0.6381292112564407
8917,0.954,3,2,3,675533,911,124649,1607,0.0072154986693701685,0.6382049245432884
8918,0.9541,3,0,3,675533,911,124652,1604,0.0072154986693701685,0.6377733598409543
8919,0.9542,2,5,2,675538,906,124654,1602,0.007175896591053098,0.638755980861244
8920,0.9543,2,0,2,675538,906,124656,1600,0.007175896591053098,0.6384676775738228
8921,0.9545,0,1,0,675539,905,124656,1600,0.007167976175389684,0.6387225548902196
8922,0.9547,0,3,0,675542,902,124656,1600,0.007144214928399443,0.6394884092725819
8923,0.9548,1,0,1,675542,902,124657,1599,0.007144214928399443,0.639344262295082
8924,0.955,42,31,42,675573,871,124699,1557,0.006898682042833608,0.6412685337726524
8925,0.9553,1,2,1,675575,869,124700,1556,0.00688284121150678,0.6416494845360825
8926,0.9554,0,1,0,675576,868,124700,1556,0.006874920795843366,0.641914191419142
8927,0.9557,1,1,1,675577,867,124701,1555,0.006867000380179952,0.6420313790255987
8928,0.9558,1,1,1,675578,866,124702,1554,0.0068590799645165375,0.6421487603305785
8929,0.956,2,1,2,675579,865,124704,1552,0.0068511595488531234,0.6421183285064129
8930,0.9562,0,2,0,675581,863,124704,1552,0.006835318717526296,0.6426501035196688
8931,0.9566,1,0,1,675581,863,124705,1551,0.006835318717526296,0.6425020712510356
8932,0.9567,16,17,16,675598,846,124721,1535,0.006700671651248258,0.6446871062578748
8933,0.9572,2,0,2,675598,846,124723,1533,0.006700671651248258,0.6443883984867591
8934,0.9575,9,10,9,675608,836,124732,1524,0.006621467494614118,0.6457627118644068
8935,0.9577,0,1,0,675609,835,124732,1524,0.006613547078950704,0.6460364561254769
8936,0.9578,0,1,0,675610,834,124732,1524,0.0066056266632872895,0.6463104325699746
8937,0.958,1,5,1,675615,829,124733,1523,0.006566024584970219,0.6475340136054422
8938,0.9582,0,1,0,675616,828,124733,1523,0.006558104169306805,0.647809442790302
8939,0.9583,5,4,5,675620,824,124738,1518,0.006526422506653149,0.6481639624252775
8940,0.9586,2,0,2,675620,824,124740,1516,0.006526422506653149,0.6478632478632479
8941,0.9587,0,2,0,675622,822,124740,1516,0.0065105816753263214,0.6484174508126604
8942,0.959,2,1,2,675623,821,124742,1514,0.006502661259662907,0.6483940042826553
8943,0.9593,0,3,0,675626,818,124742,1514,0.006478900012672665,0.6492281303602059
8944,0.9595,0,1,0,675627,817,124742,1514,0.006470979597009251,0.6495066495066495
8945,0.9597,1,0,1,675627,817,124743,1513,0.006470979597009251,0.6493562231759656
8946,0.9599,2,1,2,675628,816,124745,1511,0.006463059181345837,0.6493339063171465
8947,0.96,353,172,353,675800,644,125098,1158,0.005100747687238626,0.6426193118756937
8948,0.9605,1,1,1,675801,643,125099,1157,0.005092827271575212,0.6427777777777778
8949,0.9607,1,0,1,675801,643,125100,1156,0.005092827271575212,0.6425792106725959
8950,0.9608,2,1,2,675802,642,125102,1154,0.005084906855911798,0.6425389755011136
8951,0.961,1,0,1,675802,642,125103,1153,0.005084906855911798,0.6423398328690808
8952,0.9612,0,1,0,675803,641,125103,1153,0.005076986440248384,0.6426978818283167
8953,0.9613,2,1,2,675804,640,125105,1151,0.00506906602458497,0.6426577331099944
8954,0.9617,5,3,5,675807,637,125110,1146,0.005045304777594728,0.6427369601794728
8955,0.962,3,0,3,675807,637,125113,1143,0.005045304777594728,0.6421348314606742
8956,0.9621,1,0,1,675807,637,125114,1142,0.005045304777594728,0.6419336706014614
8957,0.9625,6,7,6,675814,630,125120,1136,0.00498986186795083,0.6432616081540203
8958,0.9627,0,1,0,675815,629,125120,1136,0.004981941452287416,0.6436260623229462
8959,0.9629,1,0,1,675815,629,125121,1135,0.004981941452287416,0.6434240362811792
8960,0.963,0,2,0,675817,627,125121,1135,0.004966100620960588,0.6441543700340522
8961,0.9632,0,2,0,675819,625,125121,1135,0.00495025978963376,0.6448863636363636
8962,0.9633,12,12,12,675831,613,125133,1123,0.004855214801672792,0.646889400921659
8963,0.9634,0,1,0,675832,612,125133,1123,0.0048472943860093775,0.6472622478386167
8964,0.9635,0,3,0,675835,609,125133,1123,0.004823533139019136,0.6483833718244804
8965,0.964,1,0,1,675835,609,125134,1122,0.004823533139019136,0.6481802426343154
8966,0.9641,1,2,1,675837,607,125135,1121,0.004807692307692308,0.6487268518518519
8967,0.9642,2,2,2,675839,605,125137,1119,0.00479185147636548,0.6490719257540604
8968,0.9645,0,2,0,675841,603,125137,1119,0.004776010645038652,0.6498257839721254
8969,0.9647,2,0,2,675841,603,125139,1117,0.004776010645038652,0.6494186046511627
8970,0.9648,0,1,0,675842,602,125139,1117,0.0047680902293752376,0.6497963932518906
8971,0.965,26,19,26,675861,583,125165,1091,0.004617602331770371,0.6517323775388292
8972,0.9653,0,1,0,675862,582,125165,1091,0.004609681916106958,0.6521219366407651
8973,0.9658,0,1,0,675863,581,125165,1091,0.004601761500443544,0.652511961722488
8974,0.966,4,3,4,675866,578,125169,1087,0.004578000253453301,0.6528528528528529
8975,0.9661,1,0,1,675866,578,125170,1086,0.004578000253453301,0.6526442307692307
8976,0.9663,0,1,0,675867,577,125170,1086,0.004570079837789887,0.6530366806975346
8977,0.9667,12,12,12,675879,565,125182,1074,0.004475034849828919,0.6552776082977425
8978,0.9669,1,0,1,675879,565,125183,1073,0.004475034849828919,0.6550671550671551
8979,0.9672,1,0,1,675879,565,125184,1072,0.004475034849828919,0.6548564447159438
8980,0.9674,0,2,0,675881,563,125184,1072,0.004459194018502091,0.65565749235474
8981,0.9675,7,6,7,675887,557,125191,1065,0.0044116715245216065,0.656596794081381
8982,0.9679,0,1,0,675888,556,125191,1065,0.0044037511088581924,0.6570018507094386
8983,0.968,4,1,4,675889,555,125195,1061,0.004395830693194779,0.656559405940594
8984,0.9683,3,2,3,675891,553,125198,1058,0.004379989861867951,0.6567349472377405
8985,0.9686,0,1,0,675892,552,125198,1058,0.004372069446204537,0.6571428571428571
8986,0.9688,1,0,1,675892,552,125199,1057,0.004372069446204537,0.6569297700435053
8987,0.9689,1,1,1,675893,551,125200,1056,0.004364149030541123,0.657125077784692
8988,0.969,0,3,0,675896,548,125200,1056,0.004340387783550881,0.6583541147132169
8989,0.9692,4,3,4,675899,545,125204,1052,0.004316626536560638,0.6587351283656857
8990,0.9693,1,0,1,675899,545,125205,1051,0.004316626536560638,0.6585213032581454
8991,0.9694,0,1,0,675900,544,125205,1051,0.004308706120897224,0.6589341692789968
8992,0.97,332,145,332,676045,399,125537,719,0.003160245849702192,0.6431127012522362
8993,0.9706,1,1,1,676046,398,125538,718,0.0031523254340387785,0.6433691756272402
8994,0.9712,1,0,1,676046,398,125539,717,0.0031523254340387785,0.6430493273542601
8995,0.9713,0,1,0,676047,397,125539,717,0.0031444050183753645,0.6436265709156194
8996,0.9715,0,1,0,676048,396,125539,717,0.0031364846027119504,0.6442048517520216
8997,0.9716,1,3,1,676051,393,125540,716,0.003112723355721708,0.6456266907123535
8998,0.9717,2,2,2,676053,391,125542,714,0.0030968825243948804,0.6461538461538462
8999,0.972,0,1,0,676054,390,125542,714,0.0030889621087314663,0.6467391304347826
9000,0.9722,0,3,0,676057,387,125542,714,0.003065200861741224,0.6485013623978202
9001,0.9723,1,2,1,676059,385,125543,713,0.0030493600304143964,0.6493624772313297
9002,0.9725,3,2,3,676061,383,125546,710,0.003033519199087568,0.6495882891125343
9003,0.9733,4,12,4,676073,371,125550,706,0.0029384742111266,0.6555246053853296
9004,0.9734,1,0,1,676073,371,125551,705,0.0029384742111266,0.6552044609665427
9005,0.974,3,2,3,676075,369,125554,702,0.002922633379799772,0.6554621848739496
9006,0.9742,1,1,1,676076,368,125555,701,0.002914712964136358,0.6557530402245089
9007,0.9747,1,1,1,676077,367,125556,700,0.0029067925484729438,0.6560449859418932
9008,0.9749,1,0,1,676077,367,125557,699,0.0029067925484729438,0.6557223264540337
9009,0.975,16,23,16,676100,344,125573,683,0.0027246229882144216,0.6650438169425511
9010,0.9752,1,1,1,676101,343,125574,682,0.0027167025725510076,0.6653658536585366
9011,0.9756,2,0,2,676101,343,125576,680,0.0027167025725510076,0.6647116324535679
9012,0.976,3,1,3,676102,342,125579,677,0.0027087821568875935,0.6643768400392541
9013,0.9762,1,0,1,676102,342,125580,676,0.0027087821568875935,0.6640471512770137
9014,0.9767,7,7,7,676109,335,125587,669,0.0026533392472436954,0.6663346613545816
9015,0.9775,3,1,3,676110,334,125590,666,0.0026454188315802813,0.666
9016,0.9783,1,2,1,676112,332,125591,665,0.002629578000253453,0.6670010030090271
9017,0.9786,2,0,2,676112,332,125593,663,0.002629578000253453,0.6663316582914572
9018,0.9792,1,3,1,676115,329,125594,662,0.0026058167532632113,0.6680121089808274
9019,0.98,280,135,280,676250,194,125874,382,0.001536560638702319,0.6631944444444444
9020,0.9804,0,4,0,676254,190,125874,382,0.001504878976048663,0.6678321678321678
9021,0.9807,0,2,0,676256,188,125874,382,0.001489038144721835,0.6701754385964912
9022,0.9808,1,1,1,676257,187,125875,381,0.001481117729058421,0.670774647887324
9023,0.9812,1,0,1,676257,187,125876,380,0.001481117729058421,0.6701940035273368
9024,0.9823,0,1,0,676258,186,125876,380,0.0014731973133950069,0.6713780918727915
9025,0.9825,1,1,1,676259,185,125877,379,0.001465276897731593,0.6719858156028369
9026,0.9832,1,0,1,676259,185,125878,378,0.001465276897731593,0.6714031971580817
9027,0.9833,5,8,5,676267,177,125883,373,0.0014019135724242808,0.6781818181818182
9028,0.9839,0,1,0,676268,176,125883,373,0.0013939931567608667,0.6794171220400729
9029,0.984,0,1,0,676269,175,125883,373,0.0013860727410974528,0.6806569343065694
9030,0.9842,0,2,0,676271,173,125883,373,0.0013702319097706247,0.6831501831501832
9031,0.985,8,3,8,676274,170,125891,365,0.0013464706627803827,0.6822429906542056
9032,0.9852,2,1,2,676275,169,125893,363,0.0013385502471169688,0.6823308270676691
9033,0.9855,1,0,1,676275,169,125894,362,0.0013385502471169688,0.6817325800376648
9034,0.9857,0,3,0,676278,166,125894,362,0.0013147890001267266,0.6856060606060606
9035,0.986,1,0,1,676278,166,125895,361,0.0013147890001267266,0.6850094876660342
9036,0.9867,0,5,0,676283,161,125895,361,0.0012751869218096566,0.6915708812260536
9037,0.9871,1,1,1,676284,160,125896,360,0.0012672665061462425,0.6923076923076923
9038,0.9875,4,6,4,676290,154,125900,356,0.0012197440121657585,0.6980392156862745
9039,0.988,1,1,1,676291,153,125901,355,0.0012118235965023444,0.6988188976377953
9040,0.9883,1,1,1,676292,152,125902,354,0.0012039031808389305,0.6996047430830039
9041,0.9886,0,1,0,676293,151,125902,354,0.0011959827651755164,0.700990099009901
9042,0.9892,0,3,0,676296,148,125902,354,0.0011722215181852744,0.7051792828685259
9043,0.99,216,91,216,676387,57,126118,138,0.0004514636928145989,0.7076923076923077
9044,0.9901,2,0,2,676387,57,126120,136,0.0004514636928145989,0.7046632124352331
9045,0.9908,3,0,3,676387,57,126123,133,0.0004514636928145989,0.7
9046,0.992,1,0,1,676387,57,126124,132,0.0004514636928145989,0.6984126984126984
9047,0.9925,1,1,1,676388,56,126125,131,0.0004435432771511849,0.7005347593582888
9048,0.9926,1,0,1,676388,56,126126,130,0.0004435432771511849,0.6989247311827957
9049,0.994,1,0,1,676388,56,126127,129,0.0004435432771511849,0.6972972972972973
9050,0.995,2,3,2,676391,53,126129,127,0.00041978203016094286,0.7055555555555556
9051,0.9957,1,0,1,676391,53,126130,126,0.00041978203016094286,0.7039106145251397
9052,0.9967,1,0,1,676391,53,126131,125,0.00041978203016094286,0.702247191011236
9053,1.0,125,53,125,676444,0,126256,0,0.0,
