,y_proba,y_test,Neg,Pos,TN,FP,FN,TP,FP/P,Prec
0,0.0,1,120,1,120,676324,1,126255,5.356767203142821,0.1573116166757416
1,0.01,2,198,2,318,676126,3,126253,5.355198960841465,0.157348335387641
2,0.02,6,474,6,792,675652,9,126247,5.351444683817006,0.15743503857717742
3,0.022,0,1,0,793,675651,9,126247,5.3514367634013436,0.15743523490518743
4,0.025,0,3,0,796,675648,9,126247,5.351413002154353,0.15743582389215546
5,0.0267,0,2,0,798,675646,9,126247,5.3513971613230265,0.15743621655258244
6,0.03,5,855,5,1653,674791,14,126242,5.344625205930807,0.1575990002908744
7,0.0333,0,2,0,1655,674789,14,126242,5.344609365099481,0.1575993937812644
8,0.035,0,3,0,1658,674786,14,126242,5.34458560385249,0.1575999840205336
9,0.0375,0,5,0,1663,674781,14,126242,5.344546001774173,0.15760096776247373
10,0.04,7,1279,7,2942,673502,21,126235,5.334415790140667,0.15784564175472687
11,0.0429,0,1,0,2943,673501,21,126235,5.334407869725003,0.15784583912691189
12,0.0433,0,4,0,2947,673497,21,126235,5.3343761880623495,0.1578466286205879
13,0.045,0,7,0,2954,673490,21,126235,5.334320745152706,0.15784801025352466
14,0.0467,0,2,0,2956,673488,21,126235,5.334304904321379,0.15784840501023478
15,0.05,12,1818,12,4774,671670,33,126223,5.319905588645292,0.15819539712718372
16,0.052,0,1,0,4775,671669,33,126223,5.319897668229629,0.15819559539386283
17,0.0525,0,3,0,4778,671666,33,126223,5.319873906982639,0.15819619019688202
18,0.0533,0,2,0,4780,671664,33,126223,5.319858066151312,0.15819658673471307
19,0.055,0,10,0,4790,671654,33,126223,5.319778861994678,0.15819856945368774
20,0.0557,0,3,0,4793,671651,33,126223,5.319755100747687,0.15819916427907163
21,0.0567,1,11,1,4804,671640,34,126222,5.319667976175389,0.15820029027576196
22,0.0575,0,2,0,4806,671638,34,126222,5.319652135344063,0.15820068683728974
23,0.06,23,2485,23,7291,669153,57,126199,5.299969902420479,0.15867062633902976
24,0.062,0,1,0,7292,669152,57,126199,5.299961982004816,0.1586708258366432
25,0.0625,0,1,0,7293,669151,57,126199,5.299954061589152,0.15867102533475827
26,0.0629,0,1,0,7294,669150,57,126199,5.299946141173489,0.15867122483337504
27,0.0633,0,6,0,7300,669144,57,126199,5.299898618679508,0.15867242183561056
28,0.064,0,1,0,7301,669143,57,126199,5.2998906982638445,0.158672621337739
29,0.065,0,23,0,7324,669120,57,126199,5.2997085287035866,0.15867721002515972
30,0.0657,0,1,0,7325,669119,57,126199,5.299700608287923,0.15867740953932893
31,0.066,0,1,0,7326,669118,57,126199,5.29969268787226,0.15867760905399986
32,0.0667,0,7,0,7333,669111,57,126199,5.299637244962615,0.15867900567074475
33,0.0675,0,3,0,7336,669108,57,126199,5.299613483715626,0.1586796042283043
34,0.07,36,2906,36,10242,666202,93,126163,5.276596755797744,0.1592233377294555
35,0.0717,0,1,0,10243,666201,93,126163,5.276588835382081,0.1592235386766688
36,0.072,0,1,0,10244,666200,93,126163,5.276580914966417,0.15922373962438932
37,0.0725,0,4,0,10248,666196,93,126163,5.276549233303764,0.15922454342034356
38,0.0733,0,8,0,10256,666188,93,126163,5.2764858699784565,0.15922615103659868
39,0.074,0,1,0,10257,666187,93,126163,5.276477949562793,0.15922635199091312
40,0.075,0,33,0,10290,666154,93,126163,5.2762165758459005,0.1592329837678606
41,0.076,0,2,0,10292,666152,93,126163,5.276200735014574,0.159233385711491
42,0.0767,0,14,0,10306,666138,93,126163,5.2760898491952855,0.15923619937372285
43,0.0775,0,8,0,10314,666130,93,126163,5.276026485869979,0.1592378072253573
44,0.078,0,1,0,10315,666129,93,126163,5.276018565454315,0.15923800820909462
45,0.0792,0,1,0,10316,666128,93,126163,5.276010645038651,0.1592382091933393
46,0.08,41,3501,41,13817,662627,134,126122,5.248281269801039,0.15990131207773323
47,0.0817,0,1,0,13818,662626,134,126122,5.248273349385376,0.15990151480574277
48,0.082,0,2,0,13820,662624,134,126122,5.248257508554049,0.15990192026330402
49,0.0825,0,4,0,13824,662620,134,126122,5.248225826891395,0.15990273118459522
50,0.0833,0,12,0,13836,662608,134,126122,5.248130781903434,0.1599051639978193
51,0.084,0,1,0,13837,662607,134,126122,5.248122861487771,0.15990536673559613
52,0.085,0,32,0,13869,662575,134,126122,5.247869408186542,0.15991185461590446
53,0.0858,0,1,0,13870,662574,134,126122,5.247861487770878,0.15991205737064726
54,0.086,0,1,0,13871,662573,134,126122,5.2478535673552145,0.15991226012590418
55,0.0867,0,15,0,13886,662558,134,126122,5.247734761120263,0.1599153015164579
56,0.0875,0,7,0,13893,662551,134,126122,5.247679318210619,0.15991672087164135
57,0.09,50,4065,50,17958,658486,184,126072,5.215482828538842,0.16069175255366716
58,0.091,0,1,0,17959,658485,184,126072,5.215474908123178,0.1606919573721221
59,0.0917,0,2,0,17961,658483,184,126072,5.215459067291851,0.16069236701059836
60,0.092,0,2,0,17963,658481,184,126072,5.215443226460525,0.16069277665116313
61,0.0925,1,4,1,17967,658477,185,126071,5.215411544797871,0.16069252614244126
62,0.0929,0,1,0,17968,658476,185,126071,5.2154036243822075,0.16069273096449288
63,0.0933,0,19,0,17987,658457,185,126071,5.215253136484603,0.1606966226826831
64,0.094,0,1,0,17988,658456,185,126071,5.215245216068939,0.16069682751517794
65,0.0942,0,1,0,17989,658455,185,126071,5.215237295653276,0.16069703234819496
66,0.0945,0,1,0,17990,658454,185,126071,5.215229375237612,0.16069723718173418
67,0.095,0,43,0,18033,658411,185,126071,5.214888797364086,0.16070604551793413
68,0.096,0,1,0,18034,658410,185,126071,5.214880876948422,0.16070625037445138
69,0.0967,0,19,0,18053,658391,185,126071,5.214730389050818,0.16071014274751358
70,0.0975,0,2,0,18055,658389,185,126071,5.214714548219491,0.16071055248196212
71,0.098,0,1,0,18056,658388,185,126071,5.214706627803827,0.16071075734996984
72,0.0986,0,1,0,18057,658387,185,126071,5.214698707388163,0.1607109622184999
73,0.1,69,4740,69,22797,653647,254,126002,5.177155937143581,0.16161375182934884
74,0.102,0,3,0,22800,653644,254,126002,5.177132175896591,0.16161437370293696
75,0.1025,0,2,0,22802,653642,254,126002,5.177116335065264,0.16161478828798784
76,0.1033,0,17,0,22819,653625,254,126002,5.176981687998986,0.16161831234680174
77,0.104,0,1,0,22820,653624,254,126002,5.1769737675833225,0.1616185196491651
78,0.105,1,54,1,22874,653570,255,126001,5.176546065137498,0.16162863934138136
79,0.106,0,2,0,22876,653568,255,126001,5.1765302243061715,0.161629054002917
80,0.1067,0,20,0,22896,653548,255,126001,5.176371815992903,0.16163320073529694
81,0.1071,0,1,0,22897,653547,255,126001,5.17636389557724,0.16163340807750132
82,0.1075,0,4,0,22901,653543,255,126001,5.176332213914586,0.1616342374516384
83,0.1083,0,2,0,22903,653541,255,126001,5.176316373083259,0.1616346521418987
84,0.1086,0,1,0,22904,653540,255,126001,5.176308452667596,0.1616348594878268
85,0.11,75,5040,75,27944,648500,330,125926,5.136389557723989,0.162605594336967
86,0.111,0,3,0,27947,648497,330,125926,5.1363657964769995,0.16260622424695548
87,0.1117,0,1,0,27948,648496,330,125926,5.136357876061336,0.16260643421803617
88,0.112,0,2,0,27950,648494,330,125926,5.136342035230009,0.16260685416182433
89,0.1125,0,13,0,27963,648481,330,125926,5.1362390698263845,0.16260958384931953
90,0.1129,0,1,0,27964,648480,330,125926,5.136231149410721,0.16260979382907673
91,0.113,0,1,0,27965,648479,330,125926,5.136223228995058,0.16261000380937624
92,0.1133,0,26,0,27991,648453,330,125926,5.1360172981878085,0.1626154634875171
93,0.1135,0,1,0,27992,648452,330,125926,5.136009377772146,0.16261567348245948
94,0.114,0,3,0,27995,648449,330,125926,5.135985616525155,0.16261630347054076
95,0.115,1,69,1,28064,648380,331,125925,5.1354391078443795,0.162629713097552
96,0.1158,0,1,0,28065,648379,331,125925,5.135431187428717,0.16262992313096664
97,0.1167,0,30,0,28095,648349,331,125925,5.135193574958814,0.1626362243856826
98,0.1175,0,9,0,28104,648340,331,125925,5.135122291217843,0.1626381148573163
99,0.118,0,2,0,28106,648338,331,125925,5.135106450386516,0.16263853496809225
100,0.1183,0,1,0,28107,648337,331,125925,5.135098529970853,0.1626387450242941
101,0.119,0,1,0,28108,648336,331,125925,5.135090609555189,0.16263895508103857
102,0.12,94,5705,94,33813,642631,425,125831,5.089904638195413,0.1637439456993319
103,0.1217,0,2,0,33815,642629,425,125831,5.089888797364086,0.16374437186060434
104,0.122,0,2,0,33817,642627,425,125831,5.0898729565327585,0.163744798024095
105,0.1225,0,10,0,33827,642617,425,125831,5.089793752376124,0.16374692887482303
106,0.1227,0,1,0,33828,642616,425,125831,5.089785831960461,0.16374714196294604
107,0.1229,0,1,0,33829,642615,425,125831,5.089777911544798,0.16374735505162366
108,0.1233,0,29,0,33858,642586,425,125831,5.089548219490559,0.1637535348645332
109,0.124,0,7,0,33865,642579,425,125831,5.089492776580915,0.1637550266133965
110,0.1242,0,1,0,33866,642578,425,125831,5.089484856165251,0.16375523972259565
111,0.125,0,79,0,33945,642499,425,125831,5.088859143327842,0.16377207710228678
112,0.126,1,5,1,33950,642494,426,125830,5.088819541249525,0.16377205449784205
113,0.1267,1,25,1,33975,642469,427,125829,5.08862153085794,0.16377629513548128
114,0.1273,0,1,0,33976,642468,427,125829,5.088613610442276,0.16377650830342955
115,0.1275,0,8,0,33984,642460,427,125829,5.088550247116968,0.1637782136669925
116,0.128,0,3,0,33987,642457,427,125829,5.088526485869979,0.16377885318748486
117,0.1283,0,4,0,33991,642453,427,125829,5.088494804207325,0.1637797058892438
118,0.13,116,6318,116,40309,636135,543,125713,5.038453618045875,0.16501060579013135
119,0.1317,0,2,0,40311,636133,543,125713,5.038437777214548,0.16501103897638106
120,0.132,0,2,0,40313,636131,543,125713,5.038421936383221,0.16501147216490514
121,0.1325,0,12,0,40325,636119,543,125713,5.03832689139526,0.16501407134381332
122,0.133,0,1,0,40326,636118,543,125713,5.038318970979597,0.16501428794575174
123,0.1333,0,37,0,40363,636081,543,125713,5.038025915600051,0.165022302617243
124,0.1337,0,1,0,40364,636080,543,125713,5.038017995184387,0.16502251924079114
125,0.134,0,7,0,40371,636073,543,125713,5.0379625522747435,0.16502403562155252
126,0.1343,0,1,0,40372,636072,543,125713,5.03795463185908,0.1650242522496505
127,0.135,1,87,1,40459,635985,544,125712,5.037265555696363,0.16504200489170892
128,0.1352,0,1,0,40460,635984,544,125712,5.0372576352806995,0.16504222156870982
129,0.1357,0,1,0,40461,635983,544,125712,5.037249714865036,0.16504243824627968
130,0.1358,0,1,0,40462,635982,544,125712,5.037241794449373,0.16504265492441847
131,0.136,0,4,0,40466,635978,544,125712,5.0372101127867195,0.16504352164266303
132,0.1367,1,43,1,40509,635935,545,125711,5.036869534913192,0.16505174319828372
133,0.1371,0,1,0,40510,635934,545,125711,5.0368616144975284,0.1650519599025793
134,0.1373,0,1,0,40511,635933,545,125711,5.036853694081866,0.1650521766074439
135,0.1375,0,15,0,40526,635918,545,125711,5.036734887846914,0.16505542724869982
136,0.1378,0,1,0,40527,635917,545,125711,5.0367269674312505,0.16505564396266945
137,0.138,0,2,0,40529,635915,545,125711,5.036711126599924,0.16505607739231593
138,0.1383,0,3,0,40532,635912,545,125711,5.036687365352933,0.16505672754105377
139,0.14,135,6732,135,47264,629180,680,125576,4.98336712710683,0.16637959817477435
140,0.1417,0,1,0,47265,629179,680,125576,4.983359206691167,0.1663798186166372
141,0.142,0,5,0,47270,629174,680,125576,4.98331960461285,0.16638092083471348
142,0.1425,0,14,0,47284,629160,680,125576,4.983208718793562,0.1663840071230205
143,0.1429,0,5,0,47289,629155,680,125576,4.983169116715246,0.16638510939659296
144,0.1433,0,35,0,47324,629120,680,125576,4.982891902167026,0.16639282572055503
145,0.144,0,7,0,47331,629113,680,125576,4.982836459257382,0.1663943690712333
146,0.1447,0,1,0,47332,629112,680,125576,4.982828538841718,0.16639458955223882
147,0.145,2,84,2,47416,629028,682,125574,4.982163223925991,0.16641090270102651
148,0.1457,0,1,0,47417,629027,682,125574,4.9821553035103285,0.16641112322936227
149,0.146,0,4,0,47421,629023,682,125574,4.982123621847674,0.16641200534855027
150,0.1465,0,1,0,47422,629022,682,125574,4.982115701432011,0.16641222587980853
151,0.1467,2,37,2,47459,628985,684,125572,4.981822646052465,0.1664181764929621
152,0.147,0,1,0,47460,628984,684,125572,4.981814725636801,0.1664183970440895
153,0.1471,0,1,0,47461,628983,684,125572,4.981806805221138,0.1664186175958015
154,0.1475,0,10,0,47471,628973,684,125572,4.981727601064504,0.16642082314507417
155,0.148,0,5,0,47476,628968,684,125572,4.981687998986187,0.16642192594163333
156,0.1483,0,7,0,47483,628961,684,125572,4.981632556076543,0.16642346988137033
157,0.15,157,7552,157,55035,621409,841,125415,4.92181757698644,0.16793113236853663
158,0.151,0,1,0,55036,621408,841,125415,4.921809656570777,0.16793135722922298
159,0.1517,0,3,0,55039,621405,841,125415,4.9217858953237865,0.16793203181489516
160,0.152,0,3,0,55042,621402,841,125415,4.921762134076796,0.167932706405987
161,0.1521,0,1,0,55043,621401,841,125415,4.921754213661133,0.16793293127088868
162,0.1525,0,12,0,55055,621389,841,125415,4.921659168673172,0.1679356296966808
163,0.1527,0,1,0,55056,621388,841,125415,4.9216512482575085,0.1679358545694112
164,0.1533,0,47,0,55103,621341,841,125415,4.921278988721328,0.1679464242670966
165,0.1538,0,1,0,55104,621340,841,125415,4.921271068305665,0.16794664916873672
166,0.154,0,6,0,55110,621334,841,125415,4.921223545811684,0.16794799859122678
167,0.155,3,110,3,55220,621224,844,125412,4.920352300088709,0.16796939874316266
168,0.1557,0,1,0,55221,621223,844,125412,4.920344379673045,0.16796962371171992
169,0.1558,0,1,0,55222,621222,844,125412,4.920336459257382,0.1679698486808798
170,0.156,1,9,1,55231,621213,845,125411,4.920265175516411,0.1679707590433739
171,0.1567,0,45,0,55276,621168,845,125411,4.919908756811558,0.16798088346980025
172,0.1575,0,14,0,55290,621154,845,125411,4.919797870992269,0.16798403354028116
173,0.158,1,3,1,55293,621151,846,125410,4.91977410974528,0.16798359410684457
174,0.1583,0,1,0,55294,621150,846,125410,4.919766189329616,0.1679838191170167
175,0.1586,0,1,0,55295,621149,846,125410,4.919758268913952,0.16798404412779164
176,0.159,0,2,0,55297,621147,846,125410,4.919742428082626,0.16798449415114988
177,0.16,174,7784,174,63081,613363,1020,125236,4.8580899125586114,0.16955885399249118
178,0.1608,0,1,0,63082,613362,1020,125236,4.858081992142948,0.16955908356101695
179,0.161,0,1,0,63083,613361,1020,125236,4.858074071727284,0.16955931313016434
180,0.1614,0,2,0,63085,613359,1020,125236,4.858058230895957,0.16955977227032407
181,0.1617,0,3,0,63088,613356,1020,125236,4.858034469648967,0.16956046098522595
182,0.162,0,4,0,63092,613352,1020,125236,4.8580027879863135,0.16956137928046489
183,0.1625,2,15,2,63107,613337,1022,125234,4.857883981751362,0.1695625742142597
184,0.1629,0,1,0,63108,613336,1022,125234,4.857876061335699,0.16956280379652572
185,0.1633,0,63,0,63171,613273,1022,125234,4.857377075148904,0.16957726873272697
186,0.1636,0,1,0,63172,613272,1022,125234,4.857369154733241,0.16957749835478655
187,0.164,0,9,0,63181,613263,1022,125234,4.857297870992269,0.16957956498130664
188,0.165,3,129,3,63310,613134,1025,125231,4.856276137371689,0.16960581826061635
189,0.1657,0,2,0,63312,613132,1025,125231,4.856260296540363,0.16960627767101005
190,0.166,0,5,0,63317,613127,1025,125231,4.856220694462046,0.16960742620788288
191,0.1667,1,38,1,63355,613089,1026,125230,4.8559197186668355,0.16961503090127708
192,0.1671,0,3,0,63358,613086,1026,125230,4.855895957419845,0.16961572009816936
193,0.1675,0,15,0,63373,613071,1026,125230,4.855777151184895,0.16961916616664477
194,0.168,0,3,0,63376,613068,1026,125230,4.855753389937904,0.16961985539714317
195,0.1683,0,3,0,63379,613065,1026,125230,4.855729628690914,0.1696205446332428
196,0.1686,0,1,0,63380,613064,1026,125230,4.85572170827525,0.1696207743798541
197,0.169,0,1,0,63381,613063,1026,125230,4.855713787859587,0.16962100412708775
198,0.1693,0,1,0,63382,613062,1026,125230,4.855705867443923,0.1696212338749438
199,0.1695,0,1,0,63383,613061,1026,125230,4.85569794702826,0.1696214636234222
200,0.17,202,8225,202,71608,604836,1228,125028,4.79055252819668,0.17130314688763934
201,0.1714,0,1,0,71609,604835,1228,125028,4.790544607781016,0.17130338159353195
202,0.1717,0,5,0,71614,604830,1228,125028,4.790505005702699,0.17130455513264223
203,0.172,1,6,1,71620,604824,1229,125027,4.790457483208719,0.17130482797173668
204,0.1725,2,13,2,71633,604811,1231,125025,4.790354517805095,0.17130560838325323
205,0.1733,1,58,1,71691,604753,1232,125024,4.789895133696616,0.1713180875801786
206,0.174,1,8,1,71699,604745,1233,125023,4.789831770371309,0.17131883009394766
207,0.1742,0,1,0,71700,604744,1233,125023,4.789823849955646,0.17131906485220624
208,0.1743,0,2,0,71702,604742,1233,125023,4.789808009124319,0.17131953437065356
209,0.175,1,131,1,71833,604611,1234,125022,4.788770434672411,0.17134915772724096
210,0.1755,0,1,0,71834,604610,1234,125022,4.7887625142567485,0.1713493925705013
211,0.1758,0,2,0,71836,604608,1234,125022,4.788746673425421,0.17134986225895316
212,0.176,0,6,0,71842,604602,1234,125022,4.788699150931441,0.17135127133975855
213,0.1762,0,1,0,71843,604601,1234,125022,4.788691230515777,0.1713515061888126
214,0.1767,0,69,0,71912,604532,1234,125022,4.7881447218350015,0.17136771232835404
215,0.177,0,1,0,71913,604531,1234,125022,4.788136801419339,0.17136794722247733
216,0.1773,0,3,0,71916,604528,1234,125022,4.788113040172348,0.17136865190871084
217,0.1775,1,19,1,71935,604509,1235,125021,4.7879625522747435,0.17137197921949748
218,0.178,0,4,0,71939,604505,1235,125021,4.787930870612089,0.1713729188541601
219,0.1783,0,4,0,71943,604501,1235,125021,4.787899188949436,0.1713738584991268
220,0.179,0,1,0,71944,604500,1235,125021,4.787891268533772,0.17137409341197854
221,0.18,203,8776,203,80720,595724,1438,124818,4.718381700671651,0.1732279311962384
222,0.181,0,1,0,80721,595723,1438,124818,4.7183737802559875,0.17322817160994308
223,0.1817,0,3,0,80724,595720,1438,124818,4.718350019008998,0.17322889285506107
224,0.182,0,4,0,80728,595716,1438,124818,4.718318337346344,0.17322985452456094
225,0.1825,0,20,0,80748,595696,1438,124818,4.718159929033075,0.1732346630322242
226,0.1827,0,2,0,80750,595694,1438,124818,4.718144088201749,0.17323514389767278
227,0.1833,2,66,2,80816,595628,1440,124816,4.7176213407679635,0.17324871884560078
228,0.184,0,9,0,80825,595619,1440,124816,4.717550057026993,0.17325088314698758
229,0.1847,0,1,0,80826,595618,1440,124816,4.717542136611329,0.17325112362825743
230,0.185,5,162,5,80988,595456,1445,124811,4.716259029273856,0.17328435149743082
231,0.1853,0,1,0,80989,595455,1445,124811,4.716251108858193,0.17328459208125888
232,0.1857,0,1,0,80990,595454,1445,124811,4.7162431884425295,0.17328483266575498
233,0.1858,0,1,0,80991,595453,1445,124811,4.716235268026866,0.1732850732509191
234,0.186,0,7,0,80998,595446,1445,124811,4.716179825117222,0.17328675736577362
235,0.1864,0,1,0,80999,595445,1445,124811,4.716171904701559,0.17328699795628222
236,0.1867,2,62,2,81061,595383,1447,124809,4.715680838930427,0.1732996201013063
237,0.1873,0,1,0,81062,595382,1447,124809,4.7156729185147634,0.1732998607313893
238,0.1875,0,21,0,81083,595361,1447,124809,4.715506589785832,0.17330491411750004
239,0.188,0,5,0,81088,595356,1447,124809,4.715466987707515,0.17330611734810772
240,0.1883,0,8,0,81096,595348,1447,124809,4.7154036243822075,0.17330804255183244
241,0.1886,0,2,0,81098,595346,1447,124809,4.715387783550881,0.17330852385944692
242,0.1892,0,1,0,81099,595345,1447,124809,4.715379863135217,0.17330876451425667
243,0.1893,0,1,0,81100,595344,1447,124809,4.715371942719554,0.17330900516973477
244,0.1896,0,1,0,81101,595343,1447,124809,4.71536402230389,0.1733092458258812
245,0.19,237,9584,237,90685,585759,1684,124572,4.639454758585731,0.17537176330471288
246,0.1917,0,6,0,90691,585753,1684,124572,4.63940723609175,0.17537324464153733
247,0.192,0,5,0,90696,585748,1684,124572,4.639367634013433,0.17537447910800766
248,0.1925,1,17,1,90713,585731,1685,124571,4.639232986947155,0.17537751547933134
249,0.1929,0,2,0,90715,585729,1685,124571,4.639217146115828,0.17537800929184852
250,0.1933,0,78,0,90793,585651,1685,124571,4.638599353694082,0.1753972701493336
251,0.1935,0,2,0,90795,585649,1685,124571,4.638583512862755,0.17539776407310412
252,0.194,1,16,1,90811,585633,1686,124570,4.63845678621214,0.17540055448935024
253,0.1942,0,1,0,90812,585632,1686,124570,4.638448865796477,0.17540080146211923
254,0.1943,0,3,0,90815,585629,1686,124570,4.638425104549487,0.17540154238459923
255,0.1947,0,2,0,90817,585627,1686,124570,4.6384092637181595,0.1754020363363968
256,0.195,6,155,6,90972,585472,1692,124564,4.637181599290331,0.1754333583085928
257,0.1957,0,3,0,90975,585469,1692,124564,4.637157838043341,0.17543409954185227
258,0.196,0,12,0,90987,585457,1692,124564,4.63706279305538,0.17543706453752778
259,0.1967,0,62,0,91049,585395,1692,124564,4.636571727284248,0.1754523852785865
260,0.1971,0,2,0,91051,585393,1692,124564,4.636555886452921,0.17545287954059188
261,0.1975,0,26,0,91077,585367,1692,124564,4.636349955645672,0.17545930520008282
262,0.1977,0,1,0,91078,585366,1692,124564,4.636342035230009,0.17545955235023172
263,0.198,0,5,0,91083,585361,1692,124564,4.636302433151692,0.1754607881114202
264,0.1983,0,7,0,91090,585354,1692,124564,4.636246990242048,0.17546251820632805
265,0.1988,0,3,0,91093,585351,1692,124564,4.636223228995058,0.17546325968601875
266,0.199,0,1,0,91094,585350,1692,124564,4.636215308579394,0.17546350684730827
267,0.2,277,9824,277,100918,575526,1969,124287,4.558405145102015,0.17760030179490807
268,0.2007,0,2,0,100920,575524,1969,124287,4.558389304270688,0.17760080936138473
269,0.2008,0,1,0,100921,575523,1969,124287,4.558381383855025,0.17760106314571097
270,0.201,0,2,0,100923,575521,1969,124287,4.558365543023698,0.1776015707165394
271,0.2014,0,3,0,100926,575518,1969,124287,4.558341781776708,0.1776023320782218
272,0.2017,0,5,0,100931,575513,1969,124287,4.558302179698391,0.17760360102886538
273,0.202,0,8,0,100939,575505,1969,124287,4.558238816373083,0.17760563138761232
274,0.2025,1,32,1,100971,575473,1970,124286,4.557985363071854,0.17761257804472683
275,0.2029,0,2,0,100973,575471,1970,124286,4.557969522240527,0.1776130856854594
276,0.2033,1,78,1,101051,575393,1971,124285,4.557351729818781,0.17763171058686997
277,0.204,0,14,0,101065,575379,1971,124285,4.557240843999493,0.17763526492716503
278,0.2042,0,1,0,101066,575378,1971,124285,4.55723292358383,0.17763551881405762
279,0.205,5,162,5,101228,575216,1976,124280,4.555949816246357,0.1776707801045324
280,0.2057,0,1,0,101229,575215,1976,124280,4.555941895830693,0.17767103410317445
281,0.206,0,12,0,101241,575203,1976,124280,4.555846850842732,0.177674082143526
282,0.2067,4,71,4,101312,575132,1980,124276,4.55528450133063,0.17768741564294374
283,0.207,0,2,0,101314,575130,1980,124276,4.555268660499303,0.17768792375244136
284,0.2071,0,2,0,101316,575128,1980,124276,4.5552528196679765,0.17768843186484493
285,0.2075,0,28,0,101344,575100,1980,124276,4.5550310480294005,0.17769554574363433
286,0.208,0,5,0,101349,575095,1980,124276,4.554991445951083,0.17769681613907354
287,0.2083,0,10,0,101359,575085,1980,124276,4.554912241794449,0.17769935698444722
288,0.2085,0,2,0,101361,575083,1980,124276,4.5548964009631225,0.17769986516224143
289,0.2087,0,1,0,101362,575082,1980,124276,4.554888480547459,0.17770011925222848
290,0.209,0,1,0,101363,575081,1980,124276,4.554880560131796,0.17770037334294217
291,0.21,294,10157,294,111520,564924,2274,123982,4.4744328982385,0.17996940076004564
292,0.2108,0,3,0,111523,564921,2274,123982,4.474409136991509,0.17997018448170496
293,0.2117,0,7,0,111530,564914,2274,123982,4.474353694081866,0.1799720131921219
294,0.212,0,9,0,111539,564905,2274,123982,4.474282410340895,0.179974364445838
295,0.2123,1,0,1,111539,564905,2275,123981,4.474282410340895,0.1799731740810526
296,0.2125,2,26,2,111565,564879,2277,123979,4.474076479533646,0.17997758609176348
297,0.2129,0,1,0,111566,564878,2277,123979,4.474068559117982,0.179977847361644
298,0.213,0,2,0,111568,564876,2277,123979,4.474052718286655,0.17997836990368074
299,0.2133,3,84,3,111652,564792,2280,123976,4.473387403370929,0.179996747816391
300,0.214,0,14,0,111666,564778,2280,123976,4.473276517551641,0.18000040653121432
301,0.215,1,196,1,111862,564582,2281,123975,4.471724116081612,0.18005045333937494
302,0.2158,0,1,0,111863,564581,2281,123975,4.471716195665948,0.18005071482929494
303,0.216,1,14,1,111877,564567,2282,123974,4.471605309846661,0.1800531849229022
304,0.2167,3,77,3,111954,564490,2285,123971,4.470995437840578,0.18006974977522328
305,0.217,0,1,0,111955,564489,2285,123971,4.4709875174249145,0.18007001132963427
306,0.2175,1,20,1,111975,564469,2286,123970,4.470829109111646,0.1800740515862698
307,0.218,1,4,1,111979,564465,2287,123969,4.470797427448993,0.1800739068668892
308,0.2183,0,8,0,111987,564457,2287,123969,4.470734064123685,0.18007599945382655
309,0.2186,0,2,0,111989,564455,2287,123969,4.470718223292359,0.1800765226081601
310,0.2192,0,1,0,111990,564454,2287,123969,4.470710302876695,0.18007678418646675
311,0.2195,0,1,0,111991,564453,2287,123969,4.470702382461032,0.18007704576553335
312,0.22,349,10593,349,122584,553860,2636,123620,4.386801419338487,0.18247033122749012
313,0.2208,0,2,0,122586,553858,2636,123620,4.38678557850716,0.18247086990278652
314,0.221,0,1,0,122587,553857,2636,123620,4.386777658091496,0.1824711392416274
315,0.2214,0,2,0,122589,553855,2636,123620,4.38676181726017,0.18247167792169453
316,0.2217,0,12,0,122601,553843,2636,123620,4.386666772272209,0.18247491006888938
317,0.222,0,6,0,122607,553837,2636,123620,4.386619249778228,0.18247652618542579
318,0.2225,1,25,1,122632,553812,2637,123619,4.386421239386643,0.1824820535227942
319,0.2229,0,2,0,122634,553810,2637,123619,4.386405398555316,0.1824825922716624
320,0.223,0,1,0,122635,553809,2637,123619,4.386397478139653,0.18248286164728944
321,0.2233,3,92,3,122727,553717,2640,123616,4.385668799898618,0.18250402682284786
322,0.2238,0,2,0,122729,553715,2640,123616,4.385652959067292,0.18250456571454723
323,0.224,0,14,0,122743,553701,2640,123616,4.385542073248004,0.18250833804555328
324,0.2242,0,2,0,122745,553699,2640,123616,4.3855262324166775,0.18250887696271306
325,0.2243,0,2,0,122747,553697,2640,123616,4.385510391585351,0.18250941588305555
326,0.2244,0,3,0,122750,553694,2640,123616,4.38548663033836,0.18251022426953684
327,0.225,5,215,5,122965,553479,2645,123611,4.383783740970726,0.1825621409266124
328,0.2253,1,0,1,122965,553479,2646,123610,4.383783740970726,0.18256093364387843
329,0.2257,0,1,0,122966,553478,2646,123610,4.383775820555063,0.18256120327047592
330,0.226,0,15,0,122981,553463,2646,123610,4.383657014320112,0.18256524776501204
331,0.2267,3,86,3,123067,553377,2649,123607,4.382975858573058,0.18258481736643703
332,0.227,0,1,0,123068,553376,2649,123607,4.382967938157394,0.1825850870701332
333,0.2271,0,2,0,123070,553374,2649,123607,4.382952097326068,0.18258562647991597
334,0.2273,0,1,0,123071,553373,2649,123607,4.382944176910404,0.18258589618600254
335,0.2275,0,35,0,123106,553338,2649,123607,4.382666962362185,0.182595336401037
336,0.228,0,8,0,123114,553330,2649,123607,4.3826035990368775,0.18259749430153766
337,0.2283,0,11,0,123125,553319,2649,123607,4.3825164744645795,0.18260046149800715
338,0.229,0,2,0,123127,553317,2649,123607,4.382500633633253,0.182601000998635
339,0.2292,0,3,0,123130,553314,2649,123607,4.382476872386263,0.1826018102555542
340,0.2293,0,1,0,123131,553313,2649,123607,4.3824689519705995,0.18260208000945458
341,0.23,405,11080,405,134211,542233,3054,123202,4.294710746419972,0.1851450554900178
342,0.2308,0,1,0,134212,542232,3054,123202,4.2947028260043085,0.18514533372205208
343,0.231,0,1,0,134213,542231,3054,123202,4.294694905588646,0.18514561195492257
344,0.2313,0,1,0,134214,542230,3054,123202,4.294686985172982,0.18514589018862934
345,0.2317,1,3,1,134217,542227,3055,123201,4.294663223925991,0.18514550033963104
346,0.232,0,11,0,134228,542216,3055,123201,4.294576099353694,0.18514856097755242
347,0.2322,0,1,0,134229,542215,3055,123201,4.294568178938031,0.18514883922238118
348,0.2323,0,1,0,134230,542214,3055,123201,4.294560258522368,0.18514911746804627
349,0.2325,1,20,1,134250,542194,3056,123200,4.294401850209099,0.1851534579512289
350,0.2327,0,2,0,134252,542192,3056,123200,4.294386009377772,0.1851540144756775
351,0.2333,2,95,2,134347,542097,3058,123198,4.293633569889748,0.1851780037427006
352,0.2338,0,1,0,134348,542096,3058,123198,4.293625649474085,0.1851782820828085
353,0.234,1,21,1,134369,542075,3059,123197,4.293459320745153,0.18518290263230677
354,0.2342,0,2,0,134371,542073,3059,123197,4.293443479913826,0.18518345934733266
355,0.2343,0,2,0,134373,542071,3059,123197,4.293427639082499,0.18518401606570586
356,0.2347,0,1,0,134374,542070,3059,123197,4.2934197186668355,0.1851842944261477
357,0.235,6,232,6,134606,541838,3065,123191,4.291582182232924,0.1852415458573987
358,0.2357,0,3,0,134609,541835,3065,123191,4.291558420985933,0.18524238150087366
359,0.236,1,13,1,134622,541822,3066,123190,4.291455455582309,0.18524477753784893
360,0.2362,0,3,0,134625,541819,3066,123190,4.291431694335318,0.18524561321726474
361,0.2367,1,106,1,134731,541713,3067,123189,4.290592130274997,0.1852739200664158
362,0.2371,0,2,0,134733,541711,3067,123189,4.29057628944367,0.1852744773650173
363,0.2374,0,1,0,134734,541710,3067,123189,4.290568369028007,0.1852747560155753
364,0.2375,2,36,2,134770,541674,3069,123187,4.290283234064123,0.18528233721033419
365,0.2378,0,1,0,134771,541673,3069,123187,4.29027531364846,0.18528261588905934
366,0.238,0,11,0,134782,541662,3069,123187,4.290188189076162,0.18528568141036536
367,0.2383,0,9,0,134791,541653,3069,123187,4.290116905335192,0.18528818963961255
368,0.2387,0,2,0,134793,541651,3069,123187,4.290101064503865,0.18528874703311182
369,0.2388,0,2,0,134795,541649,3069,123187,4.290085223672539,0.1852893044299647
370,0.239,0,2,0,134797,541647,3069,123187,4.290069382841211,0.18528986183017115
371,0.2392,0,1,0,134798,541646,3069,123187,4.290061462425548,0.18529014053153198
372,0.2393,1,0,1,134798,541646,3070,123186,4.290061462425548,0.18528891509433962
373,0.24,406,11303,406,146101,530343,3476,122780,4.20053700418198,0.18798909240679015
374,0.2407,0,4,0,146105,530339,3476,122780,4.200505322519326,0.18799024373812429
375,0.2408,0,3,0,146108,530336,3476,122780,4.200481561272335,0.18799110724587975
376,0.2417,0,13,0,146121,530323,3476,122780,4.200378595868711,0.18799484920448994
377,0.242,0,8,0,146129,530315,3476,122780,4.200315232543404,0.18799715202229383
378,0.2425,0,22,0,146151,530293,3476,122780,4.200140983398809,0.18800348506215997
379,0.243,0,4,0,146155,530289,3476,122780,4.2001093017361555,0.18800463656979585
380,0.2433,0,83,0,146238,530206,3476,122780,4.199451907236091,0.18802853353670676
381,0.2435,0,2,0,146240,530204,3476,122780,4.199436066404765,0.18802910944219153
382,0.2438,0,1,0,146241,530203,3476,122780,4.199428145989102,0.18802939739625688
383,0.244,0,15,0,146256,530188,3476,122780,4.1993093397541505,0.18803371681307507
384,0.2443,0,1,0,146257,530187,3476,122780,4.199301419338487,0.18803400478125235
385,0.2444,0,1,0,146258,530186,3476,122780,4.199293498922824,0.18803429275031167
386,0.2445,0,1,0,146259,530185,3476,122780,4.19928557850716,0.188034580720253
387,0.245,14,225,14,146484,529960,3490,122766,4.197503484982892,0.18808198233255607
388,0.2456,0,1,0,146485,529959,3490,122766,4.1974955645672285,0.1880822704814432
389,0.2457,0,1,0,146486,529958,3490,122766,4.197487644151565,0.1880825586312132
390,0.2458,0,2,0,146488,529956,3490,122766,4.197471803320238,0.18808313493340198
391,0.246,2,21,2,146509,529935,3492,122764,4.197305474591307,0.1880866984628443
392,0.2462,0,1,0,146510,529934,3492,122764,4.197297554175643,0.18808698663087675
393,0.2467,3,74,3,146584,529860,3495,122761,4.19671144341655,0.18810458137264968
394,0.2471,0,2,0,146586,529858,3495,122761,4.196695602585224,0.18810515783328405
395,0.2475,1,29,1,146615,529829,3496,122760,4.196465910530985,0.1881122728087663
396,0.2476,0,1,0,146616,529828,3496,122760,4.196457990115321,0.1881125610645614
397,0.248,0,13,0,146629,529815,3496,122760,4.196355024711697,0.18811630847029076
398,0.2483,0,14,0,146643,529801,3496,122760,4.196244138892409,0.18812034430497684
399,0.2486,0,1,0,146644,529800,3496,122760,4.196236218476746,0.18812063258550937
400,0.2487,0,1,0,146645,529799,3496,122760,4.196228298061082,0.18812092086692545
401,0.249,0,1,0,146646,529798,3496,122760,4.196220377645419,0.18812120914922506
402,0.2492,0,3,0,146649,529795,3496,122760,4.196196616398429,0.18812207400142517
403,0.2497,0,1,0,146650,529794,3496,122760,4.196188695982765,0.18812236228725898
404,0.25,455,11875,455,158525,517919,3951,122305,4.102133759979724,0.1910347003548758
405,0.2507,0,2,0,158527,517917,3951,122305,4.102117919148397,0.19103529713130757
406,0.2508,0,2,0,158529,517915,3951,122305,4.1021020783170705,0.19103589391146794
407,0.251,0,1,0,158530,517914,3951,122305,4.102094157901407,0.19103619230294633
408,0.2517,0,5,0,158535,517909,3951,122305,4.10205455582309,0.19103768427432077
409,0.252,0,5,0,158540,517904,3951,122305,4.1020149537447725,0.19103917626899966
410,0.2525,1,28,1,158568,517876,3952,122304,4.101793182106197,0.19104626823705834
411,0.2529,0,2,0,158570,517874,3952,122304,4.10177734127487,0.19104686509064667
412,0.2533,3,95,3,158665,517779,3955,122301,4.101024901786846,0.19107142857142856
413,0.2535,0,4,0,158669,517775,3955,122301,4.1009932201241925,0.19107262262606314
414,0.254,0,12,0,158681,517763,3955,122301,4.100898175136231,0.19107620487951205
415,0.2542,0,3,0,158684,517760,3955,122301,4.100874413889241,0.19107710046386203
416,0.2547,0,1,0,158685,517759,3955,122301,4.1008664934735775,0.19107739899384432
417,0.255,10,247,10,158932,517512,3965,122291,4.0989101508047145,0.1911385223264036
418,0.2557,0,3,0,158935,517509,3965,122291,4.098886389557724,0.1911394185683026
419,0.256,0,22,0,158957,517487,3965,122291,4.098712140413129,0.1911459912657203
420,0.2562,0,4,0,158961,517483,3965,122291,4.098680458750475,0.1911471863501799
421,0.2563,0,1,0,158962,517482,3965,122291,4.098672538334812,0.19114748512362978
422,0.2565,0,1,0,158963,517481,3965,122291,4.098664617919148,0.19114778389801368
423,0.2567,4,113,4,159076,517368,3969,122287,4.097769610949182,0.1911764935785697
424,0.257,0,2,0,159078,517366,3969,122287,4.097753770117856,0.19117709132920505
425,0.2571,0,1,0,159079,517365,3969,122287,4.097745849702193,0.19117739020592447
426,0.2575,2,34,2,159113,517331,3971,122285,4.097476555569636,0.19118502351410846
427,0.258,0,6,0,159119,517325,3971,122285,4.097429033075656,0.191186816966589
428,0.2583,1,11,1,159130,517314,3972,122284,4.097341908503358,0.19118884049043305
429,0.2588,0,2,0,159132,517312,3972,122284,4.097326067672031,0.1911894383329477
430,0.2593,0,2,0,159134,517310,3972,122284,4.097310226840705,0.1911900361792012
431,0.26,498,11867,498,171001,505443,4470,121786,4.00331865416297,0.19416512948221462
432,0.2608,0,1,0,171002,505442,4470,121786,4.003310733747307,0.19416543904289987
433,0.2613,0,1,0,171003,505441,4470,121786,4.0033028133316435,0.1941657486045722
434,0.2614,0,1,0,171004,505440,4470,121786,4.003294892915981,0.1941660581672316
435,0.2617,1,9,1,171013,505431,4471,121785,4.003223609175009,0.19416755950103315
436,0.262,0,8,0,171021,505423,4471,121785,4.003160245849702,0.19417003609647837
437,0.2623,0,2,0,171023,505421,4471,121785,4.003144405018375,0.1941706552552112
438,0.2625,2,28,2,171051,505393,4473,121783,4.0029226333798,0.19417675421253364
439,0.2627,0,1,0,171052,505392,4473,121783,4.002914712964136,0.19417706381791366
440,0.2629,0,2,0,171054,505390,4473,121783,4.00289887213281,0.1941776830316356
441,0.2633,2,139,2,171193,505251,4475,121781,4.001797934355595,0.1942181579249544
442,0.264,1,17,1,171210,505234,4476,121780,4.0016632872893165,0.19422213858063775
443,0.2642,0,3,0,171213,505231,4476,121780,4.001639526042327,0.19422306785686375
444,0.2643,0,2,0,171215,505229,4476,121780,4.001623685211,0.19422368737928802
445,0.2644,0,3,0,171218,505226,4476,121780,4.00159992396401,0.1942246166703349
446,0.2647,0,1,0,171219,505225,4476,121780,4.001592003548346,0.19422492643599334
447,0.265,10,250,10,171469,504975,4486,121770,3.9996118996324928,0.19428954359428477
448,0.2658,0,1,0,171470,504974,4486,121770,3.9996039792168294,0.1942898535925354
449,0.266,0,19,0,171489,504955,4486,121770,3.9994534913192243,0.19429574374725758
450,0.2662,0,1,0,171490,504954,4486,121770,3.999445570903561,0.19429605376529382
451,0.2667,1,95,1,171585,504859,4487,121769,3.9986931314155365,0.19432422426064586
452,0.2671,0,1,0,171586,504858,4487,121769,3.998685210999873,0.1943245343721225
453,0.2673,0,1,0,171587,504857,4487,121769,3.99867729058421,0.1943248444845889
454,0.2675,1,47,1,171634,504810,4488,121768,3.9983050310480293,0.1943381350765587
455,0.2679,0,1,0,171635,504809,4488,121768,3.998297110632366,0.1943384452349831
456,0.268,0,10,0,171645,504799,4488,121768,3.9982179064757317,0.1943415468736783
457,0.2683,0,10,0,171655,504789,4488,121768,3.9981387023190975,0.19434464861137934
458,0.2686,0,1,0,171656,504788,4488,121768,3.998130781903434,0.19434495879059493
459,0.269,1,2,1,171658,504786,4489,121767,3.9981149410721075,0.19434429330000813
460,0.2693,0,1,0,171659,504785,4489,121767,3.998107020656444,0.1943446034806369
461,0.27,550,12236,550,183895,492549,5039,121217,3.90119281459891,0.19749709172551103
462,0.2712,0,1,0,183896,492548,5039,121217,3.9011848941832468,0.19749741350516892
463,0.2713,0,2,0,183898,492546,5039,121217,3.90116905335192,0.19749805706763035
464,0.2717,1,8,1,183906,492538,5040,121216,3.9011056900266126,0.19749932383332736
465,0.2719,0,2,0,183908,492536,5040,121216,3.901089849195286,0.19749996741354814
466,0.272,1,13,1,183921,492523,5041,121215,3.9009868837916613,0.1975028432327801
467,0.2721,0,1,0,183922,492522,5041,121215,3.900978963375998,0.19750316503648957
468,0.2722,0,1,0,183923,492521,5041,121215,3.9009710429603346,0.19750348684124772
469,0.2723,0,1,0,183924,492520,5041,121215,3.9009631225446713,0.19750380864705452
470,0.2725,1,40,1,183964,492480,5042,121214,3.9006463059181344,0.1975153741115279
471,0.2727,0,1,0,183965,492479,5042,121214,3.900638385502471,0.19751569595872856
472,0.2729,0,2,0,183967,492477,5042,121214,3.9006225446711444,0.19751633965627652
473,0.273,0,2,0,183969,492475,5042,121214,3.9006067038398173,0.1975169833580201
474,0.2733,3,112,3,184081,492363,5045,121211,3.8997196172855153,0.19754911388031435
475,0.274,1,17,1,184098,492346,5046,121210,3.899584970219237,0.197553279570243
476,0.2742,0,1,0,184099,492345,5046,121210,3.8995770498035736,0.19755360155161314
477,0.2743,0,1,0,184100,492344,5046,121210,3.8995691293879102,0.19755392353403287
478,0.275,15,237,15,184337,492107,5061,121195,3.897691990875681,0.1976106388043737
479,0.2753,0,1,0,184338,492106,5061,121195,3.8976840704600177,0.1976109610126186
480,0.2757,0,5,0,184343,492101,5061,121195,3.8976444683817006,0.19761257206960423
481,0.276,0,14,0,184357,492087,5061,121195,3.8975335825624127,0.1976170831689174
482,0.2762,0,1,0,184358,492086,5061,121195,3.8975256621467493,0.197617405398178
483,0.2765,0,1,0,184359,492085,5061,121195,3.897517741731086,0.19761772762848942
484,0.2767,0,106,0,184465,491979,5061,121195,3.896678177670764,0.19765189000185918
485,0.2768,0,1,0,184466,491978,5061,121195,3.8966702572551006,0.1976522123446401
486,0.2771,0,1,0,184467,491977,5061,121195,3.8966623368394373,0.1976525346884724
487,0.2775,1,38,1,184505,491939,5062,121194,3.8963613610442276,0.19766347595056863
488,0.278,0,9,0,184514,491930,5062,121194,3.8962900773032567,0.19766637743751672
489,0.2783,0,17,0,184531,491913,5062,121194,3.8961554302369787,0.19767185825638917
490,0.2785,0,1,0,184532,491912,5062,121194,3.8961475098213154,0.1976721806669646
491,0.2786,0,2,0,184534,491910,5062,121194,3.8961316689899887,0.19767282549127066
492,0.2788,0,1,0,184535,491909,5062,121194,3.896123748574325,0.1976731479050013
493,0.279,0,3,0,184538,491906,5062,121194,3.896099987327335,0.19767411515250366
494,0.2793,0,3,0,184541,491903,5062,121194,3.8960762260803445,0.1976750824094719
495,0.28,571,12420,571,196961,479483,5633,120623,3.7977046635407428,0.20100282283463256
496,0.2807,0,1,0,196962,479482,5633,120623,3.797696743125079,0.2010031577807217
497,0.2808,0,2,0,196964,479480,5633,120623,3.7976809022937523,0.20100382767624891
498,0.2814,0,1,0,196965,479479,5633,120623,3.797672981878089,0.20100416262568696
499,0.2817,0,10,0,196975,479469,5633,120623,3.797593777721455,0.2010075121814655
500,0.282,0,8,0,196983,479461,5633,120623,3.7975304143961477,0.20101019190646643
501,0.2823,0,1,0,196984,479460,5633,120623,3.797522493980484,0.20101052687711532
502,0.2825,0,33,0,197017,479427,5633,120623,3.7972611202635913,0.2010215815348721
503,0.2829,0,1,0,197018,479426,5633,120623,3.797253199847928,0.20102191654348228
504,0.2833,3,105,3,197123,479321,5636,120620,3.7964215562032697,0.20105310355518294
505,0.284,1,17,1,197140,479304,5637,120619,3.7962869091369913,0.20105746904186036
506,0.2842,0,3,0,197143,479301,5637,120619,3.7962631478900013,0.20105847446326178
507,0.2843,0,1,0,197144,479300,5637,120619,3.796255227474338,0.20105880960596348
508,0.2847,0,1,0,197145,479299,5637,120619,3.7962473070586746,0.20105914474978248
509,0.285,10,276,10,197421,479023,5647,120609,3.794061272335572,0.20113836486378311
510,0.2856,0,1,0,197422,479022,5647,120609,3.7940533519199087,0.20113870030068493
511,0.2857,0,1,0,197423,479021,5647,120609,3.7940454315042453,0.20113903573870553
512,0.2858,0,4,0,197427,479017,5647,120609,3.7940137498415916,0.20114037750197622
513,0.286,0,24,0,197451,478993,5647,120609,3.79382365986567,0.2011484284575435
514,0.2867,3,96,3,197547,478897,5650,120606,3.793063299961982,0.20117664131789165
515,0.2871,0,2,0,197549,478895,5650,120606,3.7930474591306553,0.20117731246486661
516,0.2873,0,1,0,197550,478894,5650,120606,3.7930395387149916,0.20117764804003335
517,0.2875,3,39,3,197589,478855,5653,120603,3.7927306425041185,0.20118673868728085
518,0.288,0,11,0,197600,478844,5653,120603,3.792643517931821,0.20119043051345656
519,0.2883,1,19,1,197619,478825,5654,120602,3.7924930300342163,0.20119547501196977
520,0.2886,0,2,0,197621,478823,5654,120602,3.7924771892028892,0.20119614630687743
521,0.289,0,2,0,197623,478821,5654,120602,3.7924613483715626,0.20119681760626468
522,0.2893,0,2,0,197625,478819,5654,120602,3.792445507540236,0.20119748891013162
523,0.29,590,12666,590,210291,466153,6244,120012,3.6921255227474337,0.2047409858998746
524,0.2905,0,1,0,210292,466152,6244,120012,3.6921176023317703,0.20474133518946916
525,0.2908,0,3,0,210295,466149,6244,120012,3.6920938410847803,0.20474238306540354
526,0.2914,0,2,0,210297,466147,6244,120012,3.6920780002534532,0.20474308165531876
527,0.2917,0,3,0,210300,466144,6244,120012,3.6920542390064632,0.20474412954913027
528,0.292,0,15,0,210315,466129,6244,120012,3.691935432771512,0.20474936917908831
529,0.2925,2,41,2,210356,466088,6246,120010,3.6916106957293118,0.20476097853942515
530,0.2927,0,2,0,210358,466086,6246,120010,3.691594854897985,0.20476167726788785
531,0.2929,0,3,0,210361,466083,6246,120010,3.6915710936509947,0.20476272536952328
532,0.293,0,3,0,210364,466080,6246,120010,3.6915473324040047,0.20476377348188846
533,0.2933,4,118,4,210482,465962,6250,120006,3.6906127233557218,0.2047995794992218
534,0.2938,0,1,0,210483,465961,6250,120006,3.6906048029400584,0.20479992900624097
535,0.294,1,25,1,210508,465936,6251,120005,3.690406792548473,0.20480730995100188
536,0.2942,0,4,0,210512,465932,6251,120005,3.690375110885819,0.2048087081034309
537,0.2943,0,3,0,210515,465929,6251,120005,3.690351349638829,0.2048097567302802
538,0.295,11,281,11,210796,465648,6262,119994,3.68812571283741,0.20489309168399808
539,0.2957,0,5,0,210801,465643,6262,119994,3.6880861107590928,0.20489484100219077
540,0.2958,0,1,0,210802,465642,6262,119994,3.6880781903434294,0.20489519086941377
541,0.296,0,16,0,210818,465626,6262,119994,3.687951463692815,0.20490078890748267
542,0.2962,0,2,0,210820,465624,6262,119994,3.6879356228614877,0.20490148868374947
543,0.2967,3,119,3,210939,465505,6265,119991,3.6869930933975414,0.20493906021561206
544,0.297,0,1,0,210940,465504,6265,119991,3.686985172981878,0.20493941024261522
545,0.2973,0,1,0,210941,465503,6265,119991,3.686977252566215,0.20493976027081404
546,0.2975,0,46,0,210987,465457,6265,119991,3.6866129134456975,0.20495586286057857
547,0.298,1,15,1,211002,465442,6266,119990,3.686494107210746,0.20495975621421447
548,0.2983,0,9,0,211011,465433,6266,119990,3.686422823469776,0.2049629071628549
549,0.2985,0,1,0,211012,465432,6266,119990,3.6864149030541125,0.20496325727423978
550,0.2987,0,1,0,211013,465431,6266,119990,3.6864069826384487,0.20496360738682076
551,0.299,0,3,0,211016,465428,6266,119990,3.6863832213914587,0.20496465773174039
552,0.2992,0,2,0,211018,465426,6266,119990,3.6863673805601316,0.20496535796766743
553,0.2993,0,1,0,211019,465425,6266,119990,3.6863594601444682,0.20496570808742515
554,0.3,684,12757,684,223776,452668,6950,119306,3.5853187175262957,0.2085864042771175
555,0.3002,0,1,0,223777,452667,6950,119306,3.5853107971106324,0.2085867689558773
556,0.3008,0,2,0,223779,452665,6950,119306,3.5852949562793057,0.20858749831722237
557,0.301,0,3,0,223782,452662,6950,119306,3.5852711950323153,0.20858859236880384
558,0.3013,0,1,0,223783,452661,6950,119306,3.585263274616652,0.2085889570552147
559,0.3014,0,1,0,223784,452660,6950,119306,3.5852553542009886,0.2085893217429008
560,0.3017,1,8,1,223792,452652,6951,119305,3.585191990875681,0.2085908556062781
561,0.302,1,8,1,223800,452644,6952,119304,3.585128627550374,0.2085923895179282
562,0.3025,3,45,3,223845,452599,6955,119301,3.58477220884552,0.2086046511627907
563,0.3027,0,2,0,223847,452597,6955,119301,3.5847563680141934,0.20860538067977158
564,0.3029,0,2,0,223849,452595,6955,119301,3.5847405271828667,0.20860611020185488
565,0.303,0,1,0,223850,452594,6955,119301,3.584732606767203,0.20860647496480997
566,0.3033,5,87,5,223937,452507,6960,119296,3.584043530604486,0.20863129434438085
567,0.3035,0,1,0,223938,452506,6960,119296,3.5840356101888227,0.2086316592107058
568,0.3037,0,1,0,223939,452505,6960,119296,3.5840276897731593,0.20863202407830697
569,0.304,0,28,0,223967,452477,6960,119296,3.583805918134584,0.20864224088930397
570,0.3043,0,1,0,223968,452476,6960,119296,3.5837979977189205,0.20864260579391786
571,0.3044,0,1,0,223969,452475,6960,119296,3.5837900773032567,0.20864297069980814
572,0.3047,0,1,0,223970,452474,6960,119296,3.5837821568875934,0.20864333560697484
573,0.305,18,290,18,224260,452184,6978,119278,3.581485236345203,0.2087242896290567
574,0.3054,0,1,0,224261,452183,6978,119278,3.58147731592954,0.2087246548758358
575,0.3057,0,2,0,224263,452181,6978,119278,3.581461475098213,0.20872538537322888
576,0.306,1,20,1,224283,452161,6979,119277,3.581303066784945,0.2087313059334521
577,0.3062,0,1,0,224284,452160,6979,119277,3.5812951463692815,0.2087316712078497
578,0.3067,5,111,5,224395,452049,6984,119272,3.5804159802306423,0.20876530006773775
579,0.3071,0,1,0,224396,452048,6984,119272,3.580408059814979,0.20876566547644052
580,0.3075,2,45,2,224441,452003,6986,119270,3.5800516411101255,0.20877934017536273
581,0.308,1,13,1,224454,451990,6987,119269,3.579948675706501,0.20878270626808507
582,0.3081,0,1,0,224455,451989,6987,119269,3.5799407552908376,0.20878307174691646
583,0.3083,1,14,1,224469,451975,6988,119268,3.57982986947155,0.20878680351444132
584,0.3085,0,1,0,224470,451974,6988,119268,3.5798219490558862,0.20878716901068198
585,0.3088,0,1,0,224471,451973,6988,119268,3.579814028640223,0.2087875345082023
586,0.309,0,2,0,224473,451971,6988,119268,3.5797981878088962,0.208788265507082
587,0.3092,0,1,0,224474,451970,6988,119268,3.579790267393233,0.2087886310084413
588,0.3093,0,1,0,224475,451969,6988,119268,3.5797823469775696,0.20878899651108035
589,0.31,697,13046,697,237521,438923,7685,118571,3.47645260423267,0.212685697065798
590,0.3108,0,2,0,237523,438921,7685,118571,3.476436763401343,0.2126864600747634
591,0.311,0,1,0,237524,438920,7685,118571,3.47642884298568,0.21268684158129908
592,0.3113,0,1,0,237525,438919,7685,118571,3.4764209225700164,0.2126872230892034
593,0.3114,0,2,0,237527,438917,7685,118571,3.47640508173869,0.21268798610911804
594,0.3115,0,1,0,237528,438916,7685,118571,3.4763971613230265,0.2126883676211284
595,0.3117,0,8,0,237536,438908,7685,118571,3.476333797997719,0.21269141976648448
596,0.312,0,10,0,237546,438898,7685,118571,3.4762545938410847,0.2126952350713672
597,0.3125,3,36,3,237582,438862,7688,118568,3.4759694588772017,0.21270473422671904
598,0.3129,0,4,0,237586,438858,7688,118568,3.4759377772145483,0.21270626056194006
599,0.313,0,1,0,237587,438857,7688,118568,3.475929856798885,0.21270664214916804
600,0.3133,3,122,3,237709,438735,7691,118565,3.4749635660879483,0.21274896823972725
601,0.3137,0,1,0,237710,438734,7691,118565,3.474955645672285,0.2127493499898618
602,0.314,0,19,0,237729,438715,7691,118565,3.47480515777468,0.21275660350272754
603,0.3142,0,2,0,237731,438713,7691,118565,3.4747893169433532,0.21275736705916976
604,0.3143,0,2,0,237733,438711,7691,118565,3.474773476112026,0.2127581306210926
605,0.3145,1,0,1,237733,438711,7692,118564,3.474773476112026,0.21275671795792023
606,0.3147,0,2,0,237735,438709,7692,118564,3.4747576352806995,0.21275748152162405
607,0.315,15,307,15,238042,438402,7707,118549,3.4723260676720313,0.2128535544419527
608,0.3153,0,1,0,238043,438401,7707,118549,3.472318147256368,0.21285393661908608
609,0.3157,0,3,0,238046,438398,7707,118549,3.4722943860093776,0.21285508315872068
610,0.316,0,18,0,238064,438380,7707,118549,3.4721518185274363,0.21286196265592203
611,0.3162,0,1,0,238065,438379,7707,118549,3.472143898111773,0.2128623448632498
612,0.3167,9,124,9,238189,438255,7716,118540,3.4711617665695096,0.2128970267333579
613,0.3171,0,3,0,238192,438252,7716,118540,3.471138005322519,0.21289817382433657
614,0.3175,4,40,4,238232,438212,7720,118536,3.4708211886959828,0.2129078146665996
615,0.3176,0,1,0,238233,438211,7720,118536,3.4708132682803194,0.21290819708054107
616,0.3178,0,1,0,238234,438210,7720,118536,3.470805347864656,0.2129085794958563
617,0.318,1,12,1,238246,438198,7721,118535,3.470710302876695,0.21291175482682004
618,0.3183,2,16,2,238262,438182,7723,118533,3.47058357622608,0.2129150462983753
619,0.3186,0,3,0,238265,438179,7723,118533,3.47055981497909,0.21291619365129547
620,0.3188,1,0,1,238265,438179,7724,118532,3.47055981497909,0.21291477984088691
621,0.319,0,5,0,238270,438174,7724,118532,3.470520212900773,0.21291669211397038
622,0.3192,0,2,0,238272,438172,7724,118532,3.4705043720694464,0.21291745703282175
623,0.3193,0,2,0,238274,438170,7724,118532,3.4704885312381193,0.2129182219571692
624,0.32,756,13102,756,251376,425068,8480,117776,3.366715245216069,0.21696104221470625
625,0.3208,0,4,0,251380,425064,8480,117776,3.366683563553415,0.2169626409255029
626,0.3214,0,2,0,251382,425062,8480,117776,3.3666677227220885,0.21696344028973652
627,0.3217,0,15,0,251397,425047,8480,117776,3.366548916487137,0.21696943570924593
628,0.322,0,14,0,251411,425033,8480,117776,3.3664380306678496,0.2169750317330774
629,0.3225,0,39,0,251450,424994,8480,117776,3.366129134456976,0.21699062217882345
630,0.3229,0,3,0,251453,424991,8480,117776,3.366105373209986,0.21699182153668148
631,0.323,0,1,0,251454,424990,8480,117776,3.366097452794323,0.21699222132558046
632,0.3233,6,129,6,251583,424861,8486,117770,3.3650757191737424,0.21703514911606597
633,0.324,2,23,2,251606,424838,8488,117768,3.3648935496134835,0.2170414628662418
634,0.3242,1,1,1,251607,424837,8489,117767,3.36488562919782,0.21704041990106965
635,0.3243,0,3,0,251610,424834,8489,117767,3.36486186795083,0.21704161990117968
636,0.3247,0,1,0,251611,424833,8489,117767,3.364853947535167,0.21704201990416513
637,0.325,13,308,13,251919,424525,8502,117754,3.362414459510835,0.2171465242061743
638,0.3257,0,4,0,251923,424521,8502,117754,3.3623827778481816,0.2171481259508552
639,0.326,0,28,0,251951,424493,8502,117754,3.3621610062096057,0.21715933882529548
640,0.3262,0,1,0,251952,424492,8502,117754,3.3621530857939423,0.21715973930651403
641,0.3267,9,109,9,252061,424383,8511,117745,3.3612897604866303,0.2171904052179559
642,0.3268,0,1,0,252062,424382,8511,117745,3.361281840070967,0.21719080584438702
643,0.3271,0,3,0,252065,424379,8511,117745,3.3612580788239765,0.21719200773254826
644,0.3275,5,53,5,252118,424326,8516,117740,3.360838296793816,0.2172060228828224
645,0.3276,0,3,0,252121,424323,8516,117740,3.3608145355468255,0.21720722499045314
646,0.328,0,11,0,252132,424312,8516,117740,3.360727410974528,0.2172116328322744
647,0.3283,0,5,0,252137,424307,8516,117740,3.360687808896211,0.2172136364558793
648,0.3288,1,1,1,252138,424306,8517,117739,3.3606798884805476,0.2172125930503925
649,0.329,0,3,0,252141,424303,8517,117739,3.360656127233557,0.21721379524095918
650,0.3292,0,1,0,252142,424302,8517,117739,3.360648206817894,0.21721419597410527
651,0.33,848,13158,848,265300,411144,9365,116891,3.2564313775186924,0.22136979556279412
652,0.3308,0,1,0,265301,411143,9365,116891,3.2564234571030286,0.22137021479677446
653,0.331,0,2,0,265303,411141,9365,116891,3.256407616271702,0.22137105326949882
654,0.3313,0,2,0,265305,411139,9365,116891,3.2563917754403753,0.22137189174857488
655,0.3317,1,8,1,265313,411131,9366,116890,3.2563284121150677,0.2213737711189517
656,0.332,0,8,0,265321,411123,9366,116890,3.2562650487897606,0.2213771251844178
657,0.3325,0,34,0,265355,411089,9366,116890,3.2559957546572043,0.22139138109659665
658,0.3327,0,1,0,265356,411088,9366,116890,3.255987834241541,0.22139180041592643
659,0.3329,0,1,0,265357,411087,9366,116890,3.2559799138258776,0.2213922197368446
660,0.333,1,1,1,265358,411086,9367,116889,3.2559719934102143,0.22139116435437284
661,0.3333,5,139,5,265497,410947,9372,116884,3.2548710556329996,0.2214420903660452
662,0.3338,0,1,0,265498,410946,9372,116884,3.2548631352173363,0.2214425098990205
663,0.334,1,25,1,265523,410921,9373,116883,3.2546651248257508,0.22145152367166598
664,0.3342,0,1,0,265524,410920,9373,116883,3.2546572044100874,0.2214519432439755
665,0.3343,0,5,0,265529,410915,9373,116883,3.2546176023317703,0.22145404112937148
666,0.335,15,302,15,265831,410613,9388,116868,3.2522256368014193,0.2215586912135224
667,0.3357,1,3,1,265834,410610,9389,116867,3.2522018755544293,0.22155847553542618
668,0.3358,0,3,0,265837,410607,9389,116867,3.252178114307439,0.221559735645738
669,0.336,2,22,2,265859,410585,9391,116865,3.252003865162844,0.22156602521566024
670,0.3367,4,127,4,265986,410458,9395,116861,3.25099797237359,0.22161348254092875
671,0.3369,0,1,0,265987,410457,9395,116861,3.2509900519579267,0.2216139028062763
672,0.3371,0,2,0,265989,410455,9395,116861,3.2509742111266,0.22161474334175332
673,0.3373,0,1,0,265990,410454,9395,116861,3.2509662907109367,0.22161516361188285
674,0.3375,0,42,0,266032,410412,9395,116861,3.250633633253073,0.22163281639681912
675,0.3378,0,1,0,266033,410411,9395,116861,3.25062571283741,0.22163323673549895
676,0.3379,0,1,0,266034,410410,9395,116861,3.250617792421746,0.22163365707577318
677,0.338,2,4,2,266038,410406,9397,116859,3.2505861107590928,0.22163238599186366
678,0.3383,1,20,1,266058,410386,9398,116858,3.2504277024458244,0.2216393169007139
679,0.3386,0,1,0,266059,410385,9398,116858,3.250419782030161,0.2216397372748429
680,0.3387,0,1,0,266060,410384,9398,116858,3.2504118616144977,0.22164015765056652
681,0.339,0,3,0,266063,410381,9398,116858,3.2503881003675072,0.2216414187873052
682,0.3392,0,1,0,266064,410380,9398,116858,3.250380179951844,0.22164183916940736
683,0.3393,0,2,0,266066,410378,9398,116858,3.2503643391205173,0.2216426799383957
684,0.34,923,13150,923,279216,397228,10321,115935,3.146210873146623,0.22592236774670035
685,0.3407,0,1,0,279217,397227,10321,115935,3.146202952730959,0.22592280800215137
686,0.3408,1,1,1,279218,397226,10322,115934,3.146195032315296,0.22592173980824695
687,0.341,0,1,0,279219,397225,10322,115934,3.1461871118996325,0.22592218006504808
688,0.3415,0,1,0,279220,397224,10322,115934,3.146179191483969,0.22592262032356505
689,0.3417,3,15,3,279235,397209,10325,115931,3.146060385249018,0.22592469891257747
690,0.342,0,17,0,279252,397192,10325,115931,3.14592573818274,0.2259321839013258
691,0.3423,0,4,0,279256,397188,10325,115931,3.145894056520086,0.22593394514722706
692,0.3425,4,52,4,279308,397136,10329,115927,3.1454821949055884,0.22595080915988874
693,0.3427,0,2,0,279310,397134,10329,115927,3.145466354074262,0.2259516899549956
694,0.3429,0,1,0,279311,397133,10329,115927,3.1454584336585985,0.22595213035512415
695,0.3433,8,159,8,279470,396974,10337,115919,3.1441990875681154,0.22601010347187425
696,0.344,1,24,1,279494,396950,10338,115918,3.1440089975921937,0.22601917062480015
697,0.3442,0,1,0,279495,396949,10338,115918,3.1440010771765303,0.22601961132223364
698,0.3443,0,4,0,279499,396945,10338,115918,3.1439693955138766,0.2260213741291534
699,0.345,15,325,15,279824,396620,10353,115903,3.141395260423267,0.22614204630816567
700,0.3456,0,1,0,279825,396619,10353,115903,3.141387340007604,0.2261424875419982
701,0.3457,0,3,0,279828,396616,10353,115903,3.1413635787606133,0.22614381125382668
702,0.3458,0,3,0,279831,396613,10353,115903,3.141339817513623,0.2261451349811518
703,0.346,0,34,0,279865,396579,10353,115903,3.141070523381067,0.22616013830729664
704,0.3467,5,127,5,279992,396452,10358,115898,3.1400646305918136,0.22620864643310237
705,0.347,1,2,1,279994,396450,10359,115897,3.1400487897604865,0.22620801917450478
706,0.3471,1,4,1,279998,396446,10360,115896,3.140017108097833,0.22620827494134776
707,0.3475,5,57,5,280055,396389,10365,115891,3.1395656444050184,0.22622589209026314
708,0.3476,0,2,0,280057,396387,10365,115891,3.1395498035736917,0.2262267753055958
709,0.348,0,7,0,280064,396380,10365,115891,3.1394943606640475,0.22622986661356978
710,0.3483,1,10,1,280074,396370,10366,115890,3.1394151565074133,0.22623277242025533
711,0.3485,0,1,0,280075,396369,10366,115890,3.13940723609175,0.2262332140577325
712,0.3487,0,1,0,280076,396368,10366,115890,3.1393993156760867,0.22623365569693396
713,0.3488,0,2,0,280078,396366,10366,115890,3.13938347484476,0.22623453898050974
714,0.349,0,1,0,280079,396365,10366,115890,3.1393755544290967,0.2262349806248841
715,0.35,971,13193,971,293272,383172,11337,114919,3.0348815105816755,0.23071888470179144
716,0.3508,0,1,0,293273,383171,11337,114919,3.0348735901660118,0.23071934790901244
717,0.351,0,2,0,293275,383169,11337,114919,3.034857749334685,0.23072027432903422
718,0.3513,0,1,0,293276,383168,11337,114919,3.0348498289190218,0.23072073754183506
719,0.3514,0,1,0,293277,383167,11337,114919,3.0348419085033584,0.23072120075649585
720,0.3517,1,10,1,293287,383157,11338,114918,3.0347627043467242,0.23072428851076646
721,0.352,0,14,0,293301,383143,11338,114918,3.0346518185274363,0.23073077394134453
722,0.3525,2,45,2,293346,383098,11340,114916,3.034295399822583,0.2307485331737662
723,0.3527,0,1,0,293347,383097,11340,114916,3.0342874794069195,0.23074899651213923
724,0.3529,0,3,0,293350,383094,11340,114916,3.034263718159929,0.23075038653842292
725,0.353,0,2,0,293352,383092,11340,114916,3.0342478773286023,0.23075131323191594
726,0.3533,7,143,7,293495,382949,11347,114909,3.033115257888734,0.2308067762293666
727,0.3538,0,1,0,293496,382948,11347,114909,3.0331073374730706,0.230807239829911
728,0.354,2,24,2,293520,382924,11349,114907,3.032917247497149,0.2308152766701953
729,0.3542,0,1,0,293521,382923,11349,114907,3.032909327081485,0.23081574031295823
730,0.3543,0,4,0,293525,382919,11349,114907,3.0328776454188318,0.23081759490263667
731,0.3547,0,1,0,293526,382918,11349,114907,3.032869725003168,0.230818058554713
732,0.3548,0,1,0,293527,382917,11349,114907,3.0328618045875047,0.23081852220865207
733,0.355,18,291,18,293818,382626,11367,114889,3.030556963629451,0.23092570073264124
734,0.3553,0,1,0,293819,382625,11367,114889,3.030549043213788,0.23092616489184223
735,0.3557,0,4,0,293823,382621,11367,114889,3.030517361551134,0.23092802154730557
736,0.3558,0,1,0,293824,382620,11367,114889,3.0305094411354707,0.2309284857158363
737,0.356,0,32,0,293856,382588,11367,114889,3.0302559878342414,0.2309433400941149
738,0.3567,12,139,12,293995,382449,11379,114877,3.029155050057027,0.23098933094187715
739,0.357,0,1,0,293996,382448,11379,114877,3.0291471296413635,0.230989795405419
740,0.3571,0,3,0,293999,382445,11379,114877,3.0291233683943735,0.23099118880725164
741,0.3573,0,2,0,294001,382443,11379,114877,3.0291075275630464,0.23099211775114614
742,0.3575,0,45,0,294046,382398,11379,114877,3.028751108858193,0.2310130209642552
743,0.3578,0,1,0,294047,382397,11379,114877,3.0287431884425295,0.2310134855230718
744,0.358,1,12,1,294059,382385,11380,114876,3.0286481434545687,0.23101751394137082
745,0.3583,1,11,1,294070,382374,11381,114875,3.028561018882271,0.2310210779709964
746,0.3586,0,1,0,294071,382373,11381,114875,3.0285530984666074,0.23102154257030696
747,0.3587,0,1,0,294072,382372,11381,114875,3.028545178050944,0.23102200717148622
748,0.3588,0,1,0,294073,382371,11381,114875,3.0285372576352807,0.23102247177453414
749,0.359,0,1,0,294074,382370,11381,114875,3.0285293372196174,0.23102293637945076
750,0.3592,0,1,0,294075,382369,11381,114875,3.028521416803954,0.23102340098623614
751,0.36,1021,13274,1021,307349,369095,12402,113854,2.9233858192877964,0.23574745987671575
752,0.3607,1,2,1,307351,369093,12403,113853,2.9233699784564693,0.23574685368550521
753,0.361,0,1,0,307352,369092,12403,113853,2.923362058040806,0.235747341829815
754,0.3614,0,1,0,307353,369091,12403,113853,2.9233541376251426,0.2357478299761463
755,0.3615,0,1,0,307354,369090,12403,113853,2.9233462172094793,0.23574831812449917
756,0.3617,0,10,0,307364,369080,12403,113853,2.923267013052845,0.2357531997192157
757,0.362,1,13,1,307377,369067,12404,113852,2.9231640476492204,0.23575796355082324
758,0.3623,0,1,0,307378,369066,12404,113852,2.923156127233557,0.2357584517454309
759,0.3625,3,33,3,307411,369033,12407,113849,2.9228947535166645,0.2357698154000356
760,0.3629,0,2,0,307413,369031,12407,113849,2.922878912685338,0.2357707919151756
761,0.3633,4,129,4,307542,368902,12411,113845,2.9218571790647574,0.2358274624182025
762,0.364,2,18,2,307560,368884,12413,113843,2.9217146115828156,0.23583308992453292
763,0.3642,0,2,0,307562,368882,12413,113843,2.921698770751489,0.23583406701538143
764,0.3643,0,4,0,307566,368878,12413,113843,2.921667089088835,0.23583602122136804
765,0.365,23,322,23,307888,368556,12436,113820,2.919116715245216,0.2359570127867058
766,0.3652,0,1,0,307889,368555,12436,113820,2.9191087948295524,0.23595750194350867
767,0.3657,1,6,1,307895,368549,12437,113819,2.919061272335572,0.23595885299190658
768,0.3658,0,5,0,307900,368544,12437,113819,2.919021670257255,0.23596129885584094
769,0.366,2,28,2,307928,368516,12439,113817,2.9187998986186794,0.2359718285914503
770,0.3662,0,2,0,307930,368514,12439,113817,2.9187840577873527,0.2359728070557356
771,0.3665,0,1,0,307931,368513,12439,113817,2.9187761373716894,0.23597329629092115
772,0.3667,9,141,9,308072,368372,12448,113808,2.917659358763148,0.23602803932141525
773,0.367,0,2,0,308074,368370,12448,113808,2.917643517931821,0.23602901832933065
774,0.3671,0,3,0,308077,368367,12448,113808,2.917619756684831,0.2360304868564318
775,0.3673,0,1,0,308078,368366,12448,113808,2.917611836269167,0.23603097636952636
776,0.3675,4,52,4,308130,368314,12452,113804,2.91719997465467,0.23605009561974455
777,0.368,0,9,0,308139,368305,12452,113804,2.917128690913699,0.2360545021976358
778,0.3683,0,11,0,308150,368294,12452,113804,2.9170415663414015,0.23605988823849092
779,0.3688,1,0,1,308150,368294,12453,113803,2.9170415663414015,0.2360583036193961
780,0.369,0,2,0,308152,368292,12453,113803,2.917025725510075,0.2360592829214159
781,0.3692,1,1,1,308153,368291,12454,113802,2.9170178050944116,0.23605818794299024
782,0.3693,0,1,0,308154,368290,12454,113802,2.9170098846787478,0.23605867759680724
783,0.37,1089,13152,1089,321306,355138,13543,112713,2.812840577873527,0.24091644562050737
784,0.3707,0,1,0,321307,355137,13543,112713,2.8128326574578635,0.2409169605642834
785,0.3708,0,1,0,321308,355136,13543,112713,2.8128247370422,0.2409174755102608
786,0.371,0,2,0,321310,355134,13543,112713,2.812808896210873,0.24091850540881954
787,0.3714,0,1,0,321311,355133,13543,112713,2.8128009757952097,0.24091902036140098
788,0.3717,0,17,0,321328,355116,13543,112713,2.8126663287289317,0.240927774892108
789,0.3718,0,1,0,321329,355115,13543,112713,2.8126584083132684,0.24092828988431647
790,0.372,1,10,1,321339,355105,13544,112712,2.812579204156634,0.24093181735593192
791,0.3725,0,53,0,321392,355052,13544,112712,2.812159422126473,0.24095911613548712
792,0.3727,0,1,0,321393,355051,13544,112712,2.81215150171081,0.2409596312662609
793,0.3729,1,3,1,321396,355048,13545,112711,2.8121277404638194,0.2409595539583418
794,0.373,0,2,0,321398,355046,13545,112711,2.8121118996324928,0.2409605842349767
795,0.3733,6,128,6,321526,354918,13551,112705,2.8110980864275756,0.24101680199648007
796,0.3735,0,1,0,321527,354917,13551,112705,2.8110901660119123,0.24101731740593899
797,0.374,2,30,2,321557,354887,13553,112703,2.8108525535420097,0.24102953442118094
798,0.3742,1,0,1,321557,354887,13554,112702,2.8108525535420097,0.2410279112639519
799,0.3743,0,2,0,321559,354885,13554,112702,2.810836712710683,0.2410289422075464
800,0.375,23,332,23,321891,354553,13577,112679,2.80820713471043,0.24116284843503868
801,0.3753,0,1,0,321892,354552,13577,112679,2.808199214294766,0.24116336458839419
802,0.3757,0,3,0,321895,354549,13577,112679,2.808175453047776,0.2411649130617172
803,0.3758,0,4,0,321899,354545,13577,112679,2.8081437713851223,0.24116697772374707
804,0.376,1,26,1,321925,354519,13578,112678,2.8079378405778734,0.24117877469247448
805,0.3765,1,0,1,321925,354519,13579,112677,2.8079378405778734,0.24117715048930213
806,0.3767,7,131,7,322056,354388,13586,112670,2.8069002661259663,0.2412334228297128
807,0.3771,0,3,0,322059,354385,13586,112670,2.806876504878976,0.24123497232659966
808,0.3773,0,1,0,322060,354384,13586,112670,2.8068685844633126,0.2412354888299854
809,0.3775,0,55,0,322115,354329,13586,112670,2.806432961601825,0.2412638999226979
810,0.378,0,20,0,322135,354309,13586,112670,2.8062745532885565,0.24127423288841682
811,0.3783,1,6,1,322141,354303,13587,112669,2.806227030794576,0.24127570817950542
812,0.3789,0,1,0,322142,354302,13587,112669,2.8062191103789127,0.24127622486192932
813,0.379,1,0,1,322142,354302,13588,112668,2.8062191103789127,0.2412746000813757
814,0.3797,0,1,0,322143,354301,13588,112668,2.8062111899632494,0.24127511676363955
815,0.38,1142,13162,1142,335305,341139,14730,111526,2.701962679001394,0.24637645941258987
816,0.381,0,1,0,335306,341138,14730,111526,2.7019547585857304,0.24637700369368892
817,0.3814,0,1,0,335307,341137,14730,111526,2.701946838170067,0.24637754797719275
818,0.3817,0,9,0,335316,341128,14730,111526,2.7018755544290967,0.24638244663694567
819,0.382,1,11,1,335327,341117,14731,111525,2.7017884298567987,0.24638676923484784
820,0.3825,0,44,0,335371,341073,14731,111525,2.7014399315676085,0.24641072209775564
821,0.3829,0,2,0,335373,341071,14731,111525,2.701424090736282,0.2464118109749092
822,0.383,0,2,0,335375,341069,14731,111525,2.701408249904955,0.24641289986168619
823,0.3831,0,1,0,335376,341068,14731,111525,2.7014003294892914,0.24641344430868353
824,0.3833,9,139,9,335515,340929,14740,111516,2.7002993917120772,0.24647415707986606
825,0.3838,0,2,0,335517,340927,14740,111516,2.70028355088075,0.24647524660564976
826,0.384,0,25,0,335542,340902,14740,111516,2.700085540489165,0.24648886649072319
827,0.3842,0,2,0,335544,340900,14740,111516,2.700069699657838,0.2464899561465554
828,0.3843,0,2,0,335546,340898,14740,111516,2.7000538588265113,0.24649104581202172
829,0.3844,0,2,0,335548,340896,14740,111516,2.700038017995184,0.24649213548712237
830,0.3847,0,1,0,335549,340895,14740,111516,2.700030097579521,0.24649268032828556
831,0.385,27,309,27,335858,340586,14767,111489,2.697582689139526,0.24661615882320412
832,0.3852,0,1,0,335859,340585,14767,111489,2.6975747687238627,0.2466167043448639
833,0.3855,0,3,0,335862,340582,14767,111489,2.6975510074768723,0.24661834092432383
834,0.3857,1,4,1,335866,340578,14768,111488,2.697519325814219,0.246618856538647
835,0.3858,0,2,0,335868,340576,14768,111488,2.697503484982892,0.24661994761803638
836,0.386,2,19,2,335887,340557,14770,111486,2.697352997085287,0.24662698017666462
837,0.3862,0,1,0,335888,340556,14770,111486,2.6973450766696234,0.24662752576088062
838,0.3865,1,0,1,335888,340556,14771,111485,2.6973450766696234,0.24662585915879312
839,0.3867,10,116,10,336004,340440,14781,111475,2.6964263084526676,0.24667249372116437
840,0.3871,0,2,0,336006,340438,14781,111475,2.696410467621341,0.24667358540250003
841,0.3875,4,48,4,336054,340390,14785,111471,2.696030287669497,0.24669312022945108
842,0.3877,0,1,0,336055,340389,14785,111471,2.6960223672538333,0.2466936661797902
843,0.388,1,11,1,336066,340378,14786,111470,2.6959352426815357,0.24669800463872807
844,0.3883,1,13,1,336079,340365,14787,111469,2.6958322772779115,0.2467034353324451
845,0.3886,2,3,2,336082,340362,14789,111467,2.695808516030921,0.24670173893220665
846,0.3887,0,1,0,336083,340361,14789,111467,2.6958005956152578,0.246702284940287
847,0.3888,0,1,0,336084,340360,14789,111467,2.6957926751995944,0.24670283095078427
848,0.389,0,2,0,336086,340358,14789,111467,2.6957768343682678,0.2467039229790295
849,0.3892,0,1,0,336087,340357,14789,111467,2.6957689139526044,0.2467044689967775
850,0.3898,0,1,0,336088,340356,14789,111467,2.6957609935369407,0.24670501501694247
851,0.39,1226,12873,1226,348961,327483,16015,110241,2.5938014827018123,0.2518504811250925
852,0.3907,0,2,0,348963,327481,16015,110241,2.593785641870485,0.25185163185766307
853,0.3914,0,1,0,348964,327480,16015,110241,2.593777721454822,0.25185220722789176
854,0.3917,0,9,0,348973,327471,16015,110241,2.593706437713851,0.2518573856782542
855,0.392,0,18,0,348991,327453,16015,110241,2.5935638702319097,0.25186774321786454
856,0.3921,0,2,0,348993,327451,16015,110241,2.593548029400583,0.2518688941081857
857,0.3925,2,45,2,349038,327406,16017,110239,2.593191610695729,0.25189137314490057
858,0.3929,1,1,1,349039,327405,16018,110238,2.593183690280066,0.2518902393046387
859,0.393,0,2,0,349041,327403,16018,110238,2.593167849448739,0.2518913904318837
860,0.3933,10,135,10,349176,327268,16028,110228,2.5920985933341782,0.2519520178470203
861,0.394,1,28,1,349204,327240,16029,110227,2.5918768216956027,0.2519664340395961
862,0.3942,0,5,0,349209,327235,16029,110227,2.5918372196172856,0.25196931390612215
863,0.3943,0,2,0,349211,327233,16029,110227,2.5918213787859585,0.25197046587116534
864,0.3944,0,1,0,349212,327232,16029,110227,2.591813458370295,0.25197104185763697
865,0.395,24,323,24,349535,326909,16053,110203,2.5892551641110124,0.2521161624480682
866,0.3952,0,1,0,349536,326908,16053,110203,2.589247243695349,0.25211673922642075
867,0.3957,0,4,0,349540,326904,16053,110203,2.5892155620326953,0.25211904636622157
868,0.396,0,31,0,349571,326873,16053,110203,2.58897002914713,0.252136928131492
869,0.3962,0,2,0,349573,326871,16053,110203,2.5889541883158027,0.25213808188087145
870,0.3967,5,126,5,349699,326745,16058,110198,2.5879562159422127,0.25220223232778644
871,0.3971,1,2,1,349701,326743,16059,110197,2.587940375110886,0.2522016752872248
872,0.3973,0,1,0,349702,326742,16059,110197,2.5879324546952223,0.2522022524883336
873,0.3975,2,50,2,349752,326692,16061,110195,2.5875364339120517,0.2522276927443481
874,0.3976,0,1,0,349753,326691,16061,110195,2.5875285134963883,0.252228270075031
875,0.398,0,11,0,349764,326680,16061,110195,2.587441388924091,0.2522346208869814
876,0.3983,1,14,1,349778,326666,16062,110194,2.587330503104803,0.2522409925376551
877,0.3985,0,1,0,349779,326665,16062,110194,2.5873225826891395,0.252241569934464
878,0.3986,0,1,0,349780,326664,16062,110194,2.587314662273476,0.2522421473339163
879,0.399,0,3,0,349783,326661,16062,110194,2.5872909010264857,0.2522438795481338
880,0.3992,0,3,0,349786,326658,16062,110194,2.5872671397794957,0.2522456117861427
881,0.4,1232,12955,1232,362741,313703,17294,108962,2.484658154859967,0.25779754652029385
882,0.4007,0,1,0,362742,313702,17294,108962,2.4846502344443038,0.2577981564552458
883,0.4008,0,1,0,362743,313701,17294,108962,2.4846423140286404,0.25779876639308386
884,0.401,0,2,0,362745,313699,17294,108962,2.4846264731973133,0.25779998627741857
885,0.4012,0,1,0,362746,313698,17294,108962,2.48461855278165,0.2578005962239152
886,0.4013,0,1,0,362747,313697,17294,108962,2.4846106323659867,0.2578012061732981
887,0.4014,1,0,1,362747,313697,17295,108961,2.4846106323659867,0.2577994501464541
888,0.4015,0,1,0,362748,313696,17295,108961,2.4846027119503233,0.25780006009601164
889,0.4017,1,10,1,362758,313686,17296,108960,2.484523507793689,0.2578044036853537
890,0.4019,0,1,0,362759,313685,17296,108960,2.484515587378026,0.25780501366394964
891,0.402,0,7,0,362766,313678,17296,108960,2.4844601444683816,0.25780928359494415
892,0.4025,2,50,2,362816,313628,17298,108958,2.484064123685211,0.25783627474644216
893,0.4027,0,1,0,362817,313627,17298,108958,2.4840562032695477,0.25783688488706413
894,0.4029,0,1,0,362818,313626,17298,108958,2.4840482828538843,0.2578374950305738
895,0.403,0,2,0,362820,313624,17298,108958,2.4840324420225572,0.2578387153262562
896,0.4033,6,142,6,362962,313482,17304,108952,2.4829077429983526,0.25791484586941393
897,0.4035,1,1,1,362963,313481,17305,108951,2.4828998225826893,0.2579136997197182
898,0.4038,0,4,0,362967,313477,17305,108951,2.4828681409200355,0.25791614192241047
899,0.404,4,17,4,362984,313460,17309,108947,2.4827334938537575,0.2579194947053434
900,0.4042,0,1,0,362985,313459,17309,108947,2.482725573438094,0.25792010530153453
901,0.4045,0,1,0,362986,313458,17309,108947,2.4827176530224304,0.2579207159006167
902,0.405,23,290,23,363276,313168,17332,108924,2.4804207324800407,0.2580574850980355
903,0.4057,1,4,1,363280,313164,17333,108923,2.480389050817387,0.25805817284114413
904,0.4058,0,3,0,363283,313161,17333,108923,2.4803652895703965,0.2580600070128221
905,0.406,2,19,2,363302,313142,17335,108921,2.480214801672792,0.25806810831558324
906,0.4062,0,1,0,363303,313141,17335,108921,2.4802068812571285,0.2580687197615516
907,0.4067,10,122,10,363425,313019,17345,108911,2.479240590546192,0.25812575545706634
908,0.4071,1,0,1,363425,313019,17346,108910,2.479240590546192,0.25812399716539985
909,0.4073,1,1,1,363426,313018,17347,108909,2.4792326701305285,0.2581228506352995
910,0.4075,5,41,5,363467,312977,17352,108904,2.4789079330883284,0.2581391435025517
911,0.4077,0,1,0,363468,312976,17352,108904,2.478900012672665,0.25813975538067696
912,0.408,1,12,1,363480,312964,17353,108903,2.478804967684704,0.25814533964495917
913,0.4083,2,11,2,363491,312953,17355,108901,2.4787178431124066,0.2581485537650467
914,0.4086,0,1,0,363492,312952,17355,108901,2.4787099226967433,0.2581491657046412
915,0.409,1,2,1,363494,312950,17356,108900,2.478694081865416,0.258148631029987
916,0.4092,0,3,0,363497,312947,17356,108900,2.478670320618426,0.25815046687543114
917,0.4097,0,1,0,363498,312946,17356,108900,2.478662400202763,0.2581510788297151
918,0.41,1262,12729,1262,376227,300217,18618,107638,2.377843429223166,0.26391241985509556
919,0.4108,0,2,0,376229,300215,18618,107638,2.3778275883918387,0.2639137140097045
920,0.411,0,3,0,376232,300212,18618,107638,2.3778038271448487,0.2639156552654162
921,0.4113,0,1,0,376233,300211,18618,107638,2.377795906729185,0.26391630235699975
922,0.4114,0,1,0,376234,300210,18618,107638,2.3777879863135216,0.26391694945175653
923,0.4117,3,12,3,376246,300198,18621,107635,2.3776929413255607,0.26391930030183924
924,0.412,0,12,0,376258,300186,18621,107635,2.3775978963376,0.2639270660412289
925,0.4123,1,0,1,376258,300186,18622,107634,2.3775978963376,0.2639252611446226
926,0.4125,6,62,6,376320,300124,18628,107628,2.377106830566468,0.26395456061527595
927,0.4128,0,3,0,376323,300121,18628,107628,2.377083069319478,0.26395650265236703
928,0.4129,0,1,0,376324,300120,18628,107628,2.3770751489038147,0.2639571500044145
929,0.413,0,3,0,376327,300117,18628,107628,2.377051387656824,0.2639590920796086
930,0.4133,7,140,7,376467,299977,18635,107621,2.3759425294639462,0.26403711500056426
931,0.4135,1,0,1,376467,299977,18636,107620,2.3759425294639462,0.26403530938647735
932,0.414,1,26,1,376493,299951,18637,107619,2.3757365986566974,0.2640503471796256
933,0.4142,0,1,0,376494,299950,18637,107619,2.375728678241034,0.2640509950462376
934,0.4143,0,2,0,376496,299948,18637,107619,2.3757128374097074,0.2640522907889991
935,0.415,27,331,27,376827,299617,18664,107592,2.373091179825117,0.26421812877416756
936,0.4157,1,4,1,376831,299613,18665,107591,2.3730594981624638,0.26421891729943714
937,0.4158,0,2,0,376833,299611,18665,107591,2.3730436573311366,0.2642202150284134
938,0.416,1,20,1,376853,299591,18666,107590,2.3728852490178682,0.2642313860420796
939,0.4165,0,1,0,376854,299590,18666,107590,2.372877328602205,0.2642320349722481
940,0.4167,7,151,7,377005,299439,18673,107583,2.3716813458370294,0.2643174079042411
941,0.417,0,1,0,377006,299438,18673,107583,2.371673425421366,0.26431805729925484
942,0.4171,0,4,0,377010,299434,18673,107583,2.3716417437587123,0.2643206549112199
943,0.4173,0,1,0,377011,299433,18673,107583,2.371633823343049,0.2643213043221888
944,0.4175,6,40,6,377051,299393,18679,107577,2.3713170067165126,0.26433643757525127
945,0.4176,0,1,0,377052,299392,18679,107577,2.3713090863008492,0.26433708710000026
946,0.4178,0,1,0,377053,299391,18679,107577,2.3713011658851855,0.26433773662794124
947,0.418,0,10,0,377063,299381,18679,107577,2.3712219617285517,0.26434423208291763
948,0.4183,1,13,1,377076,299368,18680,107576,2.371118996324927,0.26435086891562476
949,0.4186,0,1,0,377077,299367,18680,107576,2.3711110759092637,0.26435151851733535
950,0.419,0,1,0,377078,299366,18680,107576,2.3711031554936004,0.26435216812223855
951,0.4192,0,2,0,377080,299364,18680,107576,2.3710873146622733,0.26435346734162285
952,0.4193,1,0,1,377080,299364,18681,107575,2.3710873146622733,0.26435165958534323
953,0.4195,0,1,0,377081,299363,18681,107575,2.37107939424661,0.2643523091969784
954,0.42,1297,12679,1297,389760,286684,19978,106278,2.270656444050184,0.2704536316488617
955,0.4207,0,4,0,389764,286680,19978,106278,2.27062476238753,0.27045638465179483
956,0.4208,0,2,0,389766,286678,19978,106278,2.270608921556203,0.27045776117427905
957,0.421,0,2,0,389768,286676,19978,106278,2.2705930807248764,0.2704591377107753
958,0.4211,0,3,0,389771,286673,19978,106278,2.270569319477886,0.27046120254179273
959,0.4213,0,2,0,389773,286671,19978,106278,2.2705534786465593,0.27046257911332006
960,0.4214,0,2,0,389775,286669,19978,106278,2.2705376378152327,0.27046395569886017
961,0.4215,0,1,0,389776,286668,19978,106278,2.2705297173995693,0.2704646439968851
962,0.4217,1,15,1,389791,286653,19979,106277,2.270410911164618,0.270473112259181
963,0.4219,0,1,0,389792,286652,19979,106277,2.2704029907489547,0.27047380061028836
964,0.422,0,16,0,389808,286636,19979,106277,2.27027626409834,0.27048481470452745
965,0.4225,6,53,6,389861,286583,19985,106271,2.269856482068179,0.2705101640813127
966,0.4229,2,0,2,389861,286583,19987,106269,2.269856482068179,0.270506450266258
967,0.4233,9,122,9,389983,286461,19996,106260,2.2688901913572423,0.2705737661087642
968,0.424,10,23,10,390006,286438,20006,106250,2.268708021796984,0.27057103858534004
969,0.4242,1,1,1,390007,286437,20007,106249,2.2687001013813206,0.2705698700743087
970,0.4243,0,1,0,390008,286436,20007,106249,2.2686921809656573,0.2705705590995327
971,0.425,24,323,24,390331,286113,20031,106225,2.2661338867063745,0.27074869117954414
972,0.4257,0,6,0,390337,286107,20031,106225,2.266086364212394,0.27075283178532467
973,0.4258,0,1,0,390338,286106,20031,106225,2.2660784437967303,0.2707535218986009
974,0.426,5,22,5,390360,286084,20036,106220,2.265904194652135,0.27075941106896695
975,0.4267,8,145,8,390505,285939,20044,106212,2.26475573438094,0.27084464912750444
976,0.427,0,3,0,390508,285936,20044,106212,2.26473197313395,0.2708467211358977
977,0.4271,0,6,0,390514,285930,20044,106212,2.2646844506399697,0.2708508652477929
978,0.4273,0,2,0,390516,285928,20044,106212,2.2646686098086426,0.2708522466466058
979,0.4275,3,48,3,390564,285880,20047,106209,2.2642884298567987,0.2708798257538467
980,0.4279,0,1,0,390565,285879,20047,106209,2.2642805094411353,0.27088051661871826
981,0.428,0,13,0,390578,285866,20047,106209,2.264177544037511,0.27088949818274566
982,0.4283,0,10,0,390588,285856,20047,106209,2.264098339880877,0.270896407483453
983,0.4286,1,1,1,390589,285855,20048,106208,2.2640904194652136,0.2708952387754009
984,0.4287,0,1,0,390590,285854,20048,106208,2.2640824990495503,0.27089592972540055
985,0.4288,0,2,0,390592,285852,20048,106208,2.264066658218223,0.2708973116359741
986,0.429,0,3,0,390595,285849,20048,106208,2.264042896971233,0.2708993845282701
987,0.4292,0,3,0,390598,285846,20048,106208,2.2640191357242427,0.2709014574522897
988,0.4293,0,1,0,390599,285845,20048,106208,2.2640112153085794,0.2709021484340127
989,0.43,1406,12254,1406,402853,273591,21454,104802,2.166954441769104,0.2769660115276974
990,0.4307,1,1,1,402854,273590,21455,104801,2.1669465213534407,0.27696483267308153
991,0.4315,0,1,0,402855,273589,21455,104801,2.1669386009377773,0.2769655646290864
992,0.4317,1,12,1,402867,273577,21456,104800,2.166843555949816,0.27697243754245104
993,0.4318,0,1,0,402868,273576,21456,104800,2.1668356355341527,0.27697316954563717
994,0.432,1,6,1,402874,273570,21457,104799,2.1667881130401723,0.2769756507536294
995,0.4325,9,35,9,402909,273535,21466,104790,2.166510898491953,0.27698407453908674
996,0.4327,0,2,0,402911,273533,21466,104790,2.166495057660626,0.2769855388120733
997,0.433,0,2,0,402913,273531,21466,104790,2.1664792168292992,0.2769870031005416
998,0.4333,13,153,13,403066,273378,21479,104777,2.165267393232797,0.2770742155994235
999,0.4338,0,1,0,403067,273377,21479,104777,2.1652594728171333,0.27707494830148566
1000,0.434,2,22,2,403089,273355,21481,104775,2.165085223672538,0.2770872451273372
1001,0.4342,0,5,0,403094,273350,21481,104775,2.165045621594221,0.2770909090909091
1002,0.4343,0,2,0,403096,273348,21481,104775,2.1650297807628944,0.2770923747034695
1003,0.435,36,298,36,403394,273050,21517,104739,2.162669496895197,0.277242058397677
1004,0.4353,0,1,0,403395,273049,21517,104739,2.162661576479534,0.2772427922538567
1005,0.4356,0,1,0,403396,273048,21517,104739,2.16265365606387,0.27724352611392133
1006,0.4357,1,2,1,403398,273046,21518,104738,2.1626378152325434,0.2772430807022002
1007,0.4358,0,2,0,403400,273044,21518,104738,2.1626219744012167,0.2772445484432821
1008,0.436,3,19,3,403419,273025,21521,104735,2.1624714865036117,0.2772527530707327
1009,0.4362,0,2,0,403421,273023,21521,104735,2.162455645672285,0.2772542209562736
1010,0.4367,7,146,7,403567,272877,21528,104728,2.1612992649854266,0.27734802240436435
1011,0.437,1,1,1,403568,272876,21529,104727,2.1612913445697632,0.27734684311300495
1012,0.4371,1,0,1,403568,272876,21530,104726,2.1612913445697632,0.2773449293171117
1013,0.4373,0,3,0,403571,272873,21530,104726,2.161267583322773,0.2773471328049068
1014,0.4375,3,52,3,403623,272821,21533,104723,2.160855721708275,0.27737959019346087
1015,0.438,3,12,3,403635,272809,21536,104720,2.1607606767203142,0.27738266464298106
1016,0.4383,2,17,2,403652,272792,21538,104718,2.1606260296540363,0.27739132738205613
1017,0.4386,0,2,0,403654,272790,21538,104718,2.1606101888227096,0.27739279697383895
1018,0.4387,0,1,0,403655,272789,21538,104718,2.160602268407046,0.27739353177556975
1019,0.4388,0,1,0,403656,272788,21538,104718,2.1605943479913825,0.2773942665811934
1020,0.439,0,2,0,403658,272786,21538,104718,2.160578507160056,0.27739573620411967
1021,0.4392,0,2,0,403660,272784,21538,104718,2.1605626663287287,0.27739720584261807
1022,0.4393,0,1,0,403661,272783,21538,104718,2.1605547459130654,0.27739794066770684
1023,0.4395,0,1,0,403662,272782,21538,104718,2.160546825497402,0.27739867549668873
1024,0.4396,0,1,0,403663,272781,21538,104718,2.1605389050817387,0.2773994103295638
1025,0.44,1446,12141,1446,415804,260640,22984,103272,2.064377138512229,0.2837828925674339
1026,0.4404,0,1,0,415805,260639,22984,103272,2.064369218096566,0.2837836723814339
1027,0.4407,0,1,0,415806,260638,22984,103272,2.0643612976809025,0.2837844521997197
1028,0.4408,0,7,0,415813,260631,22984,103272,2.0643058547712583,0.2837899110477243
1029,0.441,1,1,1,415814,260630,22985,103271,2.064297934355595,0.28378872275701356
1030,0.4414,0,1,0,415815,260629,22985,103271,2.0642900139399316,0.2837895026106073
1031,0.4417,0,18,0,415833,260611,22985,103271,2.0641474464579903,0.2838035407082516
1032,0.442,1,18,1,415851,260593,22986,103270,2.0640048789760486,0.2838156119198709
1033,0.4425,4,45,4,415896,260548,22990,103266,2.063648460271195,0.2838428427713062
1034,0.4427,1,0,1,415896,260548,22991,103265,2.063648460271195,0.2838408742953111
1035,0.4429,0,1,0,415897,260547,22991,103265,2.0636405398555318,0.2838416544808857
1036,0.443,0,1,0,415898,260546,22991,103265,2.0636326194398684,0.2838424346707494
1037,0.4433,14,128,14,416026,260418,23005,103251,2.0626188062349513,0.2839147686495137
1038,0.4435,0,1,0,416027,260417,23005,103251,2.062610885819288,0.2839155493472068
1039,0.444,2,23,2,416050,260394,23007,103249,2.062428716259029,0.2839295682853788
1040,0.4442,0,3,0,416053,260391,23007,103249,2.062404955012039,0.2839319106808932
1041,0.4443,0,3,0,416056,260388,23007,103249,2.0623811937650487,0.28393425311505704
1042,0.4447,0,1,0,416057,260387,23007,103249,2.0623732733493854,0.28393503393503394
1043,0.445,27,290,27,416347,260097,23034,103222,2.060076352806995,0.28410845565467263
1044,0.4453,0,1,0,416348,260096,23034,103222,2.060068432391332,0.2841092376375517
1045,0.4456,0,1,0,416349,260095,23034,103222,2.0600605119756685,0.2841100196247354
1046,0.4457,1,2,1,416351,260093,23035,103221,2.060044671144342,0.28410961317207706
1047,0.446,2,20,2,416371,260073,23037,103219,2.0598862628310735,0.2841213128833005
1048,0.4467,10,139,10,416510,259934,23047,103209,2.058785325053859,0.28421035239561276
1049,0.447,1,1,1,416511,259933,23048,103208,2.0587774046381955,0.2842091639335685
1050,0.4471,0,2,0,416513,259931,23048,103208,2.0587615638068684,0.2842107292248974
1051,0.4473,0,2,0,416515,259929,23048,103208,2.0587457229755417,0.2842122945334681
1052,0.4475,10,55,10,416570,259874,23058,103198,2.058310100114054,0.28423563370350785
1053,0.4477,0,1,0,416571,259873,23058,103198,2.0583021796983907,0.2842364165686601
1054,0.4478,0,1,0,416572,259872,23058,103198,2.0582942592827274,0.28423719943812487
1055,0.448,2,13,2,416585,259859,23060,103196,2.0581912938791027,0.2842434341904119
1056,0.4483,2,11,2,416596,259848,23062,103194,2.058104169306805,0.28424810352521196
1057,0.4486,0,1,0,416597,259847,23062,103194,2.058096248891142,0.2842488864894048
1058,0.449,0,1,0,416598,259846,23062,103194,2.0580883284754785,0.28424966945791097
1059,0.4492,0,1,0,416599,259845,23062,103194,2.058080408059815,0.2842504524307306
1060,0.4493,0,3,0,416602,259842,23062,103194,2.0580566468128247,0.28425280137507025
1061,0.45,1481,12099,1481,428701,247743,24543,101713,1.9622275377011786,0.291060963325855
1062,0.4507,1,1,1,428702,247742,24544,101712,1.962219617285515,0.29105976752305024
1063,0.4508,1,3,1,428705,247739,24545,101711,1.9621958560385249,0.2910602375160967
1064,0.4513,0,1,0,428706,247738,24545,101711,1.9621879356228615,0.29106107042801665
1065,0.4515,0,1,0,428707,247737,24545,101711,1.962180015207198,0.29106190334470367
1066,0.4517,0,10,0,428717,247727,24545,101711,1.962100811050564,0.29107023277376814
1067,0.452,1,11,1,428728,247716,24546,101710,1.9620136864782665,0.29107736688168595
1068,0.4522,1,0,1,428728,247716,24547,101709,1.9620136864782665,0.29107533805537666
1069,0.4525,4,47,4,428775,247669,24551,101705,1.9616414269420859,0.29110637883757806
1070,0.4527,1,0,1,428775,247669,24552,101704,1.9616414269420859,0.2911043497923423
1071,0.4529,0,2,0,428777,247667,24552,101704,1.961625586110759,0.2911060162406153
1072,0.4533,10,125,10,428902,247542,24562,101694,1.9606355341528323,0.2911899116929526
1073,0.4535,0,2,0,428904,247540,24562,101694,1.9606196933215054,0.2911915792849493
1074,0.454,5,20,5,428924,247520,24567,101689,1.9604612850082372,0.291198107723455
1075,0.4542,0,2,0,428926,247518,24567,101689,1.9604454441769104,0.2911997754913275
1076,0.4543,1,3,1,428929,247515,24568,101688,1.9604216829299201,0.2912002474205548
1077,0.4544,1,1,1,428930,247514,24569,101687,1.9604137625142568,0.2911990515491078
1078,0.4548,0,1,0,428931,247513,24569,101687,1.9604058420985933,0.2911998854524628
1079,0.455,30,295,30,429226,247218,24599,101657,1.9580693194778862,0.2913851666069509
1080,0.4552,0,1,0,429227,247217,24599,101657,1.9580613990622229,0.2913860018230077
1081,0.4557,1,1,1,429228,247216,24600,101656,1.9580534786465593,0.2913848058886927
1082,0.4558,1,4,1,429232,247212,24601,101655,1.9580217969839058,0.2913861156257256
1083,0.456,0,28,0,429260,247184,24601,101655,1.95780002534533,0.29140950409787897
1084,0.4562,0,2,0,429262,247182,24601,101655,1.9577841845140034,0.2914111748467049
1085,0.4565,1,0,1,429262,247182,24602,101654,1.9577841845140034,0.29140914355169767
1086,0.4567,15,126,15,429388,247056,24617,101639,1.9567862121404132,0.29148396162835716
1087,0.4571,0,3,0,429391,247053,24617,101639,1.956762450893423,0.2914864694343432
1088,0.4573,0,1,0,429392,247052,24617,101639,1.9567545304777594,0.2914873053792613
1089,0.4575,4,46,4,429438,247006,24621,101635,1.9563901913572423,0.2915176356194481
1090,0.4578,0,1,0,429439,247005,24621,101635,1.956382270941579,0.29151847177604406
1091,0.458,2,9,2,429448,246996,24623,101633,1.9563109872006084,0.29152193305777774
1092,0.4583,1,14,1,429462,246982,24624,101632,1.9562001013813204,0.29153160802492156
1093,0.4585,0,1,0,429463,246981,24624,101632,1.956192180965657,0.29153244428635766
1094,0.4587,1,0,1,429463,246981,24625,101631,1.956192180965657,0.29153041203400915
1095,0.4588,0,1,0,429464,246980,24625,101631,1.9561842605499937,0.2915312482968122
1096,0.459,1,2,1,429466,246978,24626,101630,1.9561684197186668,0.29153088856251147
1097,0.4592,0,5,0,429471,246973,24626,101630,1.9561288176403497,0.29153506997931744
1098,0.4593,0,1,0,429472,246972,24626,101630,1.9561208972246864,0.29153590627707243
1099,0.4597,0,1,0,429473,246971,24626,101630,1.9561129768090229,0.2915367425796254
1100,0.46,1509,12026,1509,441499,234945,26135,100121,1.860862058040806,0.2988097867285848
1101,0.4608,1,2,1,441501,234943,26136,100120,1.860846217209479,0.2988094776206266
1102,0.461,0,1,0,441502,234942,26136,100120,1.8608382967938157,0.2988103694241663
1103,0.4613,1,0,1,441502,234942,26137,100119,1.8608382967938157,0.2988082767018543
1104,0.4615,0,1,0,441503,234941,26137,100119,1.8608303763781524,0.29880916850713307
1105,0.4617,1,14,1,441517,234927,26138,100118,1.8607194905588644,0.2988195615514334
1106,0.462,1,8,1,441525,234919,26139,100117,1.8606561272335571,0.2988246039231605
1107,0.4625,6,44,6,441569,234875,26145,100111,1.860307628944367,0.29885129527801163
1108,0.4629,2,2,2,441571,234873,26147,100109,1.86029178811304,0.2988488933733753
1109,0.463,0,1,0,441572,234872,26147,100109,1.8602838676973767,0.29884978551022295
1110,0.4633,10,130,10,441702,234742,26157,100099,1.859254213661133,0.29894487234239536
1111,0.464,2,23,2,441725,234719,26159,100097,1.8590720441008743,0.2989612204912549
1112,0.4642,0,2,0,441727,234717,26159,100097,1.8590562032695477,0.29896300632590034
1113,0.4643,0,2,0,441729,234715,26159,100097,1.8590403624382208,0.29896479218188116
1114,0.4645,0,1,0,441730,234714,26159,100097,1.8590324420225572,0.29896568511787247
1115,0.4648,0,1,0,441731,234713,26159,100097,1.859024521606894,0.29896657805919774
1116,0.465,41,292,41,442023,234421,26200,100056,1.856711760233177,0.29914164501595025
1117,0.4653,0,1,0,442024,234420,26200,100056,1.8567038398175135,0.29914253937502244
1118,0.4657,0,3,0,442027,234417,26200,100056,1.8566800785705233,0.29914522248432607
1119,0.4658,0,3,0,442030,234414,26200,100056,1.856656317323533,0.2991479056417616
1120,0.466,2,25,2,442055,234389,26202,100054,1.8564583069319478,0.29916607613255475
1121,0.4662,1,0,1,442055,234389,26203,100053,1.8564583069319478,0.2991639806005227
1122,0.4667,19,123,19,442178,234266,26222,100034,1.8554840958053478,0.2992342207597966
1123,0.4671,0,3,0,442181,234263,26222,100034,1.8554603345583576,0.299236906104452
1124,0.4673,0,1,0,442182,234262,26222,100034,1.8554524141426942,0.2992378012300476
1125,0.4675,2,44,2,442226,234218,26224,100032,1.855103915853504,0.29927299925205686
1126,0.4676,0,1,0,442227,234217,26224,100032,1.8550959954378405,0.2992738946115022
1127,0.468,2,26,2,442253,234191,26226,100030,1.854890064630592,0.29929298278683863
1128,0.4683,1,10,1,442263,234181,26227,100029,1.8548108604739577,0.2992998414170731
1129,0.4688,0,2,0,442265,234179,26227,100029,1.8547950196426308,0.2993016325162773
1130,0.469,1,1,1,442266,234178,26228,100028,1.8547870992269675,0.29930043147041047
1131,0.4692,1,3,1,442269,234175,26229,100027,1.8547633379799773,0.2993010215378723
1132,0.4693,0,2,0,442271,234173,26229,100027,1.8547474971486504,0.29930281268701375
1133,0.4698,0,1,0,442272,234172,26229,100027,1.8547395767329868,0.29930370826962377
1134,0.47,1678,11571,1678,453843,222601,27907,98349,1.7630924470916234,0.30643090824115904
1135,0.4707,0,1,0,453844,222600,27907,98349,1.76308452667596,0.306431863006272
1136,0.4708,1,1,1,453845,222599,27908,98348,1.7630766062602965,0.30643065677510617
1137,0.471,0,1,0,453846,222598,27908,98348,1.7630686858446332,0.3064316115483602
1138,0.4714,0,1,0,453847,222597,27908,98348,1.7630607654289696,0.30643256632756394
1139,0.4717,0,14,0,453861,222583,27908,98348,1.7629498796096819,0.30644593386117264
1140,0.472,4,18,4,453879,222565,27912,98344,1.7628073121277406,0.30645447774914386
1141,0.4725,8,33,8,453912,222532,27920,98336,1.7625459384108477,0.3064687036413728
1142,0.4729,1,1,1,453913,222531,27921,98335,1.7625380179951844,0.30646749733533624
1143,0.473,1,2,1,453915,222529,27922,98334,1.7625221771638575,0.3064672461455512
1144,0.4731,0,1,0,453916,222528,27922,98334,1.7625142567481942,0.30646820128279445
1145,0.4733,19,130,19,454046,222398,27941,98315,1.7614846027119504,0.30655134029490544
1146,0.4735,0,1,0,454047,222397,27941,98315,1.7614766822962868,0.3065522961410861
1147,0.4738,0,1,0,454048,222396,27941,98315,1.7614687618806235,0.3065532519932275
1148,0.474,0,20,0,454068,222376,27941,98315,1.7613103535673553,0.30657237028790957
1149,0.4742,0,2,0,454070,222374,27941,98315,1.7612945127360284,0.3065742822485336
1150,0.4743,0,1,0,454071,222373,27941,98315,1.7612865923203649,0.30657523823778876
1151,0.4744,0,1,0,454072,222372,27941,98315,1.7612786719047016,0.306576194233006
1152,0.475,29,310,29,454382,222062,27970,98286,1.7588233430490432,0.3068100940227503
1153,0.4751,0,1,0,454383,222061,27970,98286,1.7588154226333799,0.3068110517657415
1154,0.4755,1,0,1,454383,222061,27971,98285,1.7588154226333799,0.30680888788996896
1155,0.4757,1,2,1,454385,222059,27972,98284,1.758799581802053,0.3068086394895471
1156,0.4758,0,1,0,454386,222058,27972,98284,1.7587916613863896,0.3068095972429466
1157,0.476,1,24,1,454410,222034,27973,98283,1.7586015714104677,0.3068304211140839
1158,0.4762,1,2,1,454412,222032,27974,98282,1.7585857305791408,0.3068301728928489
1159,0.4767,15,120,15,454532,221912,27989,98267,1.757635280699531,0.30691269571083674
1160,0.477,0,2,0,454534,221910,27989,98267,1.7576194398682043,0.30691461285476473
1161,0.4771,0,2,0,454536,221908,27989,98267,1.7576035990368775,0.30691653002264385
1162,0.4773,1,3,1,454539,221905,27990,98266,1.7575798377898872,0.3069172410992876
1163,0.4775,4,50,4,454589,221855,27994,98262,1.7571838170067164,0.3069565190227323
1164,0.4778,0,1,0,454590,221854,27994,98262,1.757175896591053,0.3069574779142561
1165,0.4779,0,1,0,454591,221853,27994,98262,1.7571679761753898,0.30695843681177076
1166,0.478,2,14,2,454605,221839,27996,98260,1.7570570903561018,0.3069675319198123
1167,0.4781,0,1,0,454606,221838,27996,98260,1.7570491699404385,0.306968490899662
1168,0.4783,2,12,2,454618,221826,27998,98258,1.7569541249524776,0.3069756688869172
1169,0.4786,1,0,1,454618,221826,27999,98257,1.7569541249524776,0.3069735037474655
1170,0.4787,0,1,0,454619,221825,27999,98257,1.756946204536814,0.30697446279390905
1171,0.479,0,1,0,454620,221824,27999,98257,1.7569382841211507,0.30697542184634513
1172,0.4792,0,1,0,454621,221823,27999,98257,1.7569303637054872,0.3069763809047738
1173,0.4793,0,1,0,454622,221822,27999,98257,1.7569224432898238,0.30697733996919513
1174,0.4797,0,2,0,454624,221820,27999,98257,1.756906602458497,0.30697925811601584
1175,0.48,1622,11263,1622,465887,210557,29621,96635,1.667698960841465,0.31457524935545195
1176,0.4808,0,2,0,465889,210555,29621,96635,1.667683120010138,0.31457729743806767
1177,0.481,1,2,1,465891,210553,29622,96634,1.6676672791788114,0.3145771142659032
1178,0.4813,0,2,0,465893,210551,29622,96634,1.6676514383474845,0.3145791623939971
1179,0.4814,0,2,0,465895,210549,29622,96634,1.6676355975161576,0.3145812105487608
1180,0.4815,0,1,0,465896,210548,29622,96634,1.6676276771004943,0.31458223463614404
1181,0.4817,3,17,3,465913,210531,29625,96631,1.6674930300342161,0.314592950950964
1182,0.482,2,13,2,465926,210518,29627,96629,1.667390064630592,0.31460180304544727
1183,0.4823,1,0,1,465926,210518,29628,96628,1.667390064630592,0.314599571539268
1184,0.4825,5,51,5,465977,210467,29633,96623,1.6669861234317578,0.31464065909016903
1185,0.4829,0,1,0,465978,210466,29633,96623,1.6669782030160942,0.31464168368127804
1186,0.483,0,1,0,465979,210465,29633,96623,1.666970282600431,0.3146427082790601
1187,0.4833,16,150,16,466129,210315,29649,96607,1.6657822202509187,0.3147607535465037
1188,0.4835,0,1,0,466130,210314,29649,96607,1.6657742998352554,0.3147617790897332
1189,0.4836,0,1,0,466131,210313,29649,96607,1.665766379419592,0.3147628046396455
1190,0.4838,0,1,0,466132,210312,29649,96607,1.6657584590039285,0.3147638301962407
1191,0.484,1,16,1,466148,210296,29650,96606,1.6656317323533139,0.3147780073117803
1192,0.4842,0,2,0,466150,210294,29650,96606,1.665615891521987,0.3147800586510264
1193,0.4843,0,2,0,466152,210292,29650,96606,1.6656000506906603,0.3147821100170089
1194,0.4845,0,1,0,466153,210291,29650,96606,1.6655921302749968,0.3147831357100265
1195,0.485,39,322,39,466475,209969,29689,96567,1.6630417564313775,0.31502662003810317
1196,0.4854,0,2,0,466477,209967,29689,96567,1.6630259156000506,0.31502867544872676
1197,0.4857,0,2,0,466479,209965,29689,96567,1.6630100747687238,0.31503073088617173
1198,0.4858,0,2,0,466481,209963,29689,96567,1.662994233937397,0.3150327863504388
1199,0.486,2,25,2,466506,209938,29691,96565,1.6627962235458116,0.3150540125219003
1200,0.4862,0,1,0,466507,209937,29691,96565,1.6627883031301482,0.3150550404238798
1201,0.4863,0,1,0,466508,209936,29691,96565,1.662780382714485,0.3150560683325666
1202,0.4867,23,122,23,466630,209814,29714,96542,1.6618140920035482,0.31513011006802544
1203,0.487,1,1,1,466631,209813,29715,96541,1.661806171587885,0.3151289031643132
1204,0.4871,1,3,1,466634,209810,29716,96540,1.6617824103408947,0.3151297535498613
1205,0.4873,0,2,0,466636,209808,29716,96540,1.6617665695095678,0.31513181088174236
1206,0.4875,4,42,4,466678,209766,29720,96536,1.6614339120517045,0.31516607792309553
1207,0.4877,0,2,0,466680,209764,29720,96536,1.6614180712203777,0.3151681358145609
1208,0.4878,0,1,0,466681,209763,29720,96536,1.6614101508047143,0.31516916477037143
1209,0.488,2,11,2,466692,209752,29722,96534,1.6613230262324166,0.3151760119626754
1210,0.4883,3,7,3,466699,209745,29725,96531,1.6612675833227728,0.3151765074638561
1211,0.4884,0,1,0,466700,209744,29725,96531,1.6612596629071095,0.3151775365276304
1212,0.4885,0,4,0,466704,209740,29725,96531,1.6612279812444557,0.31518165284992705
1213,0.4888,0,1,0,466705,209739,29725,96531,1.6612200608287924,0.3151826819473014
1214,0.489,0,3,0,466708,209736,29725,96531,1.6611962995818021,0.3151857692797461
1215,0.4892,0,2,0,466710,209734,29725,96531,1.6611804587504753,0.31518782753497787
1216,0.4893,0,1,0,466711,209733,29725,96531,1.6611725383348117,0.31518885667267454
1217,0.49,1662,10825,1662,477536,198908,31387,94869,1.5754340387783552,0.32292861592296196
1218,0.4902,0,1,0,477537,198907,31387,94869,1.5754261183626916,0.32292971515712654
1219,0.4905,0,1,0,477538,198906,31387,94869,1.5754181979470283,0.3229308143987746
1220,0.4908,1,3,1,477541,198903,31388,94868,1.575394436700038,0.3229318074282349
1221,0.4914,0,1,0,477542,198902,31388,94868,1.5753865162843745,0.32293290669571434
1222,0.4917,1,10,1,477552,198892,31389,94867,1.5753073121277406,0.32294159498091973
1223,0.492,1,6,1,477558,198886,31390,94866,1.57525978963376,0.32294588632588034
1224,0.4923,0,1,0,477559,198885,31390,94866,1.5752518692180966,0.32294698571238906
1225,0.4925,11,30,11,477589,198855,31401,94855,1.5750142567481942,0.3229546150965238
1226,0.4926,0,1,0,477590,198854,31401,94855,1.5750063363325306,0.3229557146699624
1227,0.4929,0,3,0,477593,198851,31401,94855,1.5749825750855404,0.3229590134352039
1228,0.493,0,2,0,477595,198849,31401,94855,1.5749667342542137,0.3229612126494702
1229,0.4933,18,117,18,477712,198732,31419,94837,1.5740400456215942,0.3230484145124315
1230,0.494,4,12,4,477724,198720,31423,94833,1.5739450006336333,0.3230523959898213
1231,0.4942,0,4,0,477728,198716,31423,94833,1.5739133189709795,0.32305679801327886
1232,0.4943,0,3,0,477731,198713,31423,94833,1.5738895577239893,0.32306009960960125
1233,0.4945,1,0,1,477731,198713,31424,94832,1.5738895577239893,0.3230577935239912
1234,0.495,36,262,36,477993,198451,31460,94796,1.5718144088201749,0.32326332409197706
1235,0.4953,0,1,0,477994,198450,31460,94796,1.5718064884045115,0.3232644264542398
1236,0.4957,0,3,0,477997,198447,31460,94796,1.5717827271575213,0.3232677335861385
1237,0.4958,0,1,0,477998,198446,31460,94796,1.5717748067418578,0.3232688359784751
1238,0.496,5,21,5,478019,198425,31465,94791,1.571608478012926,0.3232804485430536
1239,0.4962,1,0,1,478019,198425,31466,94790,1.571608478012926,0.323278140613543
1240,0.4963,0,2,0,478021,198423,31466,94790,1.5715926371815994,0.3232803456872649
1241,0.4967,18,107,18,478128,198316,31484,94772,1.570745152705614,0.32335680751173707
1242,0.4971,0,3,0,478131,198313,31484,94772,1.5707213914586238,0.3233601173720934
1243,0.4973,1,1,1,478132,198312,31485,94771,1.5707134710429604,0.3233589119805652
1244,0.4975,3,46,3,478178,198266,31488,94768,1.5703491319224432,0.32340274507395045
1245,0.4978,1,0,1,478178,198266,31489,94767,1.5703491319224432,0.3234004361283541
1246,0.498,3,14,3,478192,198252,31492,94764,1.5702382461031554,0.323408960602834
1247,0.4983,2,8,2,478200,198244,31494,94762,1.5701748827778481,0.3234131724265032
1248,0.4988,0,1,0,478201,198243,31494,94762,1.5701669623621848,0.32341427620689067
1249,0.499,0,3,0,478204,198240,31494,94762,1.5701432011151946,0.3234175875932587
1250,0.4992,0,2,0,478206,198238,31494,94762,1.5701273602838677,0.323419795221843
1251,0.4993,1,1,1,478207,198237,31495,94761,1.5701194398682043,0.3234185898879856
1252,0.4995,0,1,0,478208,198236,31495,94761,1.5701115194525408,0.3234196937170005
1253,0.4996,0,1,0,478209,198235,31495,94761,1.5701035990368775,0.32342079755355024
1254,0.4997,0,2,0,478211,198233,31495,94761,1.5700877582055506,0.32342300524925427
1255,0.4999,0,1,0,478212,198232,31495,94761,1.5700798377898872,0.32342410910840874
1256,0.5,1869,10767,1869,488979,187465,33364,92892,1.4848007223419084,0.33133469112595726
1257,0.5007,0,1,0,488980,187464,33364,92892,1.484792801926245,0.33133587296152034
1258,0.501,0,3,0,488983,187461,33364,92892,1.4847690406792549,0.33133941851879595
1259,0.5013,0,1,0,488984,187460,33364,92892,1.4847611202635915,0.33134060038808355
1260,0.5017,2,15,2,488999,187445,33366,92890,1.4846423140286402,0.3313535591346068
1261,0.5019,1,0,1,488999,187445,33367,92889,1.4846423140286402,0.33135117395678015
1262,0.502,3,10,3,489009,187435,33370,92886,1.484563109872006,0.3313558384851652
1263,0.5021,0,1,0,489010,187434,33370,92886,1.4845551894563427,0.3313570205479452
1264,0.5025,6,28,6,489038,187406,33376,92880,1.4843334178177672,0.3313758089950979
1265,0.5027,0,1,0,489039,187405,33376,92880,1.4843254974021036,0.3313769912767362
1266,0.5029,0,4,0,489043,187401,33376,92880,1.48429381573945,0.33138172048765346
1267,0.503,1,1,1,489044,187400,33377,92879,1.4842858953237865,0.3313805172702914
1268,0.5032,1,0,1,489044,187400,33378,92878,1.4842858953237865,0.33137813171208585
1269,0.5033,19,123,19,489167,187277,33397,92859,1.4833116841971867,0.3314782819773253
1270,0.5035,0,1,0,489168,187276,33397,92859,1.4833037637815232,0.3314794652578221
1271,0.504,1,18,1,489186,187258,33398,92858,1.4831611962995819,0.3314983792428851
1272,0.5042,0,1,0,489187,187257,33398,92858,1.4831532758839183,0.3314995626796137
1273,0.5043,0,2,0,489189,187255,33398,92858,1.4831374350525917,0.3315019295784201
1274,0.505,49,255,49,489444,187000,33447,92809,1.481117729058421,0.33168697218459736
1275,0.5057,1,2,1,489446,186998,33448,92808,1.481101888227094,0.3316869545327834
1276,0.5058,2,3,2,489449,186995,33450,92806,1.4810781269801039,0.3316857337893717
1277,0.506,3,21,3,489470,186974,33453,92803,1.4809117982511721,0.33170346383012184
1278,0.5062,0,1,0,489471,186973,33453,92803,1.4809038778355088,0.33170464943383277
1279,0.5065,0,1,0,489472,186972,33453,92803,1.4808959574198455,0.33170583504601914
1280,0.5067,11,119,11,489591,186853,33464,92792,1.479953427955899,0.33182070124622287
1281,0.507,1,3,1,489594,186850,33465,92791,1.4799296667089088,0.3318218716139622
1282,0.5071,0,2,0,489596,186848,33465,92791,1.4799138258775821,0.33182424482994144
1283,0.5075,11,57,11,489653,186791,33476,92780,1.4794623621847676,0.33186560837855145
1284,0.5078,0,1,0,489654,186790,33476,92780,1.479454441769104,0.3318667954358479
1285,0.508,0,14,0,489668,186776,33476,92780,1.4793435559498163,0.33188341512970565
1286,0.5083,4,12,4,489680,186764,33480,92776,1.4792485109618552,0.33188810188166273
1287,0.5086,0,2,0,489682,186762,33480,92776,1.4792326701305285,0.3318904764289649
1288,0.509,0,2,0,489684,186760,33480,92776,1.4792168292992016,0.33189285101024557
1289,0.5092,0,2,0,489686,186758,33480,92776,1.4792009884678747,0.33189522562550533
1290,0.5093,1,0,1,489686,186758,33481,92775,1.4792009884678747,0.3318928355507221
1291,0.51,1856,10517,1856,500203,176241,35337,90919,1.3959019769357497,0.34031666417128315
1292,0.5105,1,0,1,500203,176241,35338,90918,1.3959019769357497,0.3403141949176333
1293,0.5107,0,2,0,500205,176239,35338,90918,1.3958861361044228,0.34031674258956346
1294,0.5108,0,3,0,500208,176236,35338,90918,1.3958623748574326,0.3403205641689812
1295,0.511,1,0,1,500208,176236,35339,90917,1.3958623748574326,0.3403180948744727
1296,0.5112,1,0,1,500208,176236,35340,90916,1.3958623748574326,0.3403156255614781
1297,0.5113,1,0,1,500208,176236,35341,90915,1.3958623748574326,0.34031315622999725
1298,0.5117,0,8,0,500216,176228,35341,90915,1.3957990115321253,0.34032334742066983
1299,0.5118,0,1,0,500217,176227,35341,90915,1.3957910911164617,0.3403246213624215
1300,0.512,2,10,2,500227,176217,35343,90913,1.3957118869598277,0.3403324224160521
1301,0.5123,0,1,0,500228,176216,35343,90913,1.3957039665441642,0.34033369645377326
1302,0.5125,7,33,7,500261,176183,35350,90906,1.3954425928272716,0.3403584572932618
1303,0.5127,0,1,0,500262,176182,35350,90906,1.3954346724116082,0.34035973162403405
1304,0.5129,0,2,0,500264,176180,35350,90906,1.3954188315802813,0.3403622803142059
1305,0.513,0,1,0,500265,176179,35350,90906,1.395410911164618,0.3403635546736058
1306,0.5133,20,113,20,500378,176066,35370,90886,1.3945159041946522,0.3404582097156043
1307,0.5137,0,2,0,500380,176064,35370,90886,1.3945000633633253,0.34046076044203033
1308,0.5139,1,1,1,500381,176063,35371,90885,1.394492142947662,0.3404595651587575
1309,0.514,2,14,2,500395,176049,35373,90883,1.394381257128374,0.3404724798825169
1310,0.5142,0,1,0,500396,176048,35373,90883,1.3943733367127107,0.3404737553899697
1311,0.5143,0,2,0,500398,176046,35373,90883,1.3943574958813838,0.340476306433546
1312,0.5146,0,1,0,500399,176045,35373,90883,1.3943495754657205,0.3404775819696697
1313,0.5147,0,1,0,500400,176044,35373,90883,1.394341655050057,0.3404788575153506
1314,0.515,48,245,48,500645,175799,35421,90835,1.3924011532125207,0.34067298244034894
1315,0.5152,0,1,0,500646,175798,35421,90835,1.3923932327968571,0.3406742601253408
1316,0.5155,0,1,0,500647,175797,35421,90835,1.3923853123811938,0.3406755378199166
1317,0.5157,1,1,1,500648,175796,35422,90834,1.3923773919655305,0.34067434272212427
1318,0.5158,0,4,0,500652,175792,35422,90834,1.3923457103028767,0.34067945361667656
1319,0.516,2,20,2,500672,175772,35424,90832,1.3921873019896085,0.34070006451516105
1320,0.5163,0,1,0,500673,175771,35424,90832,1.392179381573945,0.34070134244550887
1321,0.5167,24,118,24,500791,175653,35448,90808,1.3912447725256623,0.3407928364751314
1322,0.517,1,0,1,500791,175653,35449,90807,1.3912447725256623,0.3407903625309615
1323,0.5171,1,2,1,500793,175651,35450,90806,1.3912289316943354,0.3407904464885516
1324,0.5172,0,1,0,500794,175650,35450,90806,1.3912210112786718,0.34079172546311587
1325,0.5175,8,34,8,500828,175616,35458,90798,1.3909517171461159,0.34081542261292574
1326,0.5176,0,1,0,500829,175615,35458,90798,1.3909437967304523,0.34081670188767066
1327,0.518,1,8,1,500837,175607,35459,90797,1.390880433405145,0.34082446209516376
1328,0.5182,0,1,0,500838,175606,35459,90797,1.3908725129894817,0.3408257414518605
1329,0.5183,0,17,0,500855,175589,35459,90797,1.3907378659232037,0.34084749198531455
1330,0.5186,1,0,1,500855,175589,35460,90796,1.3907378659232037,0.34084501754978697
1331,0.5187,0,1,0,500856,175588,35460,90796,1.3907299455075401,0.3408462970748994
1332,0.519,0,2,0,500858,175586,35460,90796,1.3907141046762135,0.34084885615394434
1333,0.5192,0,4,0,500862,175582,35460,90796,1.3906824230135597,0.3408539744273176
1334,0.5193,0,1,0,500863,175581,35460,90796,1.3906745025978964,0.34085525401967887
1335,0.5197,0,1,0,500864,175580,35460,90796,1.3906665821822328,0.3408565336216476
1336,0.52,1935,10104,1935,510968,165476,37395,88861,1.3106387023190977,0.349382905357852
1337,0.5207,0,3,0,510971,165473,37395,88861,1.3106149410721075,0.3493870265084495
1338,0.5208,0,3,0,510974,165470,37395,88861,1.3105911798251173,0.3493911477562704
1339,0.521,0,1,0,510975,165469,37395,88861,1.3105832594094537,0.3493925215271498
1340,0.5214,0,2,0,510977,165467,37395,88861,1.310567418578127,0.34939526910131796
1341,0.5215,0,1,0,510978,165466,37395,88861,1.3105594981624635,0.34939664290460704
1342,0.5217,0,19,0,510997,165447,37395,88861,1.3104090102648587,0.34942274721990657
1343,0.522,4,12,4,511009,165435,37399,88857,1.3103139652768978,0.34942900287858053
1344,0.5225,7,45,7,511054,165390,37406,88850,1.309957546572044,0.34947293895531784
1345,0.5227,0,2,0,511056,165388,37406,88850,1.3099417057407172,0.3494756881347399
1346,0.5229,0,3,0,511059,165385,37406,88850,1.309917944493727,0.3494798119849745
1347,0.5233,15,78,15,511137,165307,37421,88835,1.3093001520719807,0.3495486775109978
1348,0.5238,0,2,0,511139,165305,37421,88835,1.3092843112406538,0.34955142834658065
1349,0.524,5,14,5,511153,165291,37426,88830,1.309173425421366,0.3495578877778696
1350,0.5242,0,2,0,511155,165289,37426,88830,1.3091575845900394,0.34956063891326505
1351,0.5243,1,3,1,511158,165286,37427,88829,1.309133823343049,0.34956220608779487
1352,0.5244,0,1,0,511159,165285,37427,88829,1.3091259029273856,0.34956358169955215
1353,0.5247,0,1,0,511160,165284,37427,88829,1.3091179825117223,0.3495649573221362
1354,0.525,37,271,37,511431,165013,37464,88792,1.306971549866937,0.3498433837000847
1355,0.5257,0,3,0,511434,165010,37464,88792,1.3069477886199468,0.34984751893208094
1356,0.526,8,22,8,511456,164988,37472,88784,1.3067735394753517,0.34985735226896586
1357,0.5264,0,1,0,511457,164987,37472,88784,1.3067656190596884,0.34985873090305825
1358,0.5265,0,1,0,511458,164986,37472,88784,1.3067576986440248,0.34986010954801594
1359,0.5267,22,96,22,511554,164890,37494,88762,1.3059973387403372,0.34993613296958037
1360,0.527,0,1,0,511555,164889,37494,88762,1.3059894183246736,0.34993751256647915
1361,0.5271,0,2,0,511557,164887,37494,88762,1.3059735774933467,0.34994027179291065
1362,0.5275,7,39,7,511596,164848,37501,88755,1.3056646812824737,0.34997614381533343
1363,0.528,2,15,2,511611,164833,37503,88753,1.3055458750475224,0.34999171878573737
1364,0.5283,3,12,3,511623,164821,37506,88750,1.3054508300595615,0.35000059155029556
1365,0.5286,0,1,0,511624,164820,37506,88750,1.3054429096438982,0.35000197184209486
1366,0.5287,0,2,0,511626,164818,37506,88750,1.3054270688125713,0.35000473245835434
1367,0.529,1,2,1,511628,164816,37507,88749,1.3054112279812444,0.3500049297024432
1368,0.5293,1,0,1,511628,164816,37508,88748,1.3054112279812444,0.3500023662665047
1369,0.5298,0,1,0,511629,164815,37508,88748,1.305403307565581,0.3500037466034082
1370,0.53,2017,9854,2017,521483,154961,39525,86731,1.2273555316182994,0.3588492792479685
1371,0.5305,0,1,0,521484,154960,39525,86731,1.227347611202636,0.3588507639920394
1372,0.5308,1,3,1,521487,154957,39526,86730,1.2273238499556456,0.3588525655082814
1373,0.5314,1,1,1,521488,154956,39527,86729,1.2273159295399823,0.3588513974801912
1374,0.5315,0,1,0,521489,154955,39527,86729,1.227308009124319,0.35885288227602985
1375,0.5317,3,17,3,521506,154938,39530,86726,1.2271733620580407,0.3588701668432203
1376,0.532,1,8,1,521514,154930,39531,86725,1.2271099987327334,0.35887939417764997
1377,0.5322,1,0,1,521514,154930,39532,86724,1.2271099987327334,0.35887674112574175
1378,0.5325,5,24,5,521538,154906,39537,86719,1.2269199087568115,0.3588991205380238
1379,0.5326,0,1,0,521539,154905,39537,86719,1.2269119883411481,0.35890060590007616
1380,0.5329,1,3,1,521542,154902,39538,86718,1.226888227094158,0.35890240874099827
1381,0.533,0,1,0,521543,154901,39538,86718,1.2268803066784946,0.3589038941473974
1382,0.5332,0,1,0,521544,154900,39538,86718,1.226872386262831,0.3589053795660919
1383,0.5333,17,106,17,521650,154794,39555,86701,1.2260328222025092,0.35901778504730947
1384,0.5338,0,1,0,521651,154793,39555,86701,1.2260249017868459,0.3590192717003321
1385,0.534,3,12,3,521663,154781,39558,86698,1.2259298567988848,0.35902914953267157
1386,0.5342,1,3,1,521666,154778,39559,86697,1.2259060955518946,0.35903095558546433
1387,0.5343,0,2,0,521668,154776,39559,86697,1.2258902547205677,0.3590339292591718
1388,0.5344,0,1,0,521669,154775,39559,86697,1.2258823343049043,0.35903541611449774
1389,0.535,44,227,44,521896,154548,39603,86653,1.2240843999493094,0.3592563878259211
1390,0.5357,0,2,0,521898,154546,39603,86653,1.2240685591179825,0.35925936674695996
1391,0.5358,1,3,1,521901,154543,39604,86652,1.2240447978709923,0.3592611787143183
1392,0.536,2,12,2,521913,154531,39606,86650,1.2239497528830312,0.3592737404687766
1393,0.5363,1,0,1,521913,154531,39607,86649,1.2239497528830312,0.3592710838377975
1394,0.5367,17,90,17,522003,154441,39624,86632,1.223236915473324,0.35936002787537386
1395,0.5371,1,2,1,522005,154439,39625,86631,1.2232210746419971,0.3593603517650475
1396,0.5373,0,1,0,522006,154438,39625,86631,1.2232131542263338,0.35936184246004255
1397,0.5375,4,52,4,522058,154386,39629,86627,1.2228012926118363,0.3594287445075577
1398,0.5377,0,2,0,522060,154384,39629,86627,1.2227854517805095,0.3594317271825767
1399,0.538,1,12,1,522072,154372,39630,86626,1.2226904067925484,0.3594469663648661
1400,0.5383,3,10,3,522082,154362,39633,86623,1.2226112026359144,0.35945390791958004
1401,0.5386,0,1,0,522083,154361,39633,86623,1.2226032822202508,0.3594553995285994
1402,0.5392,0,3,0,522086,154358,39633,86623,1.2225795209732606,0.3594598744299343
1403,0.5397,0,1,0,522087,154357,39633,86623,1.2225716005575973,0.35946136608847207
1404,0.5399,0,1,0,522088,154356,39633,86623,1.222563680141934,0.3594628577593898
1405,0.54,2025,9486,2025,531574,144870,41658,84598,1.1474306171587885,0.3686701413704743
1406,0.5401,0,1,0,531575,144869,41658,84598,1.1474226967431251,0.36867174800733876
1407,0.5407,0,1,0,531576,144868,41658,84598,1.1474147763274616,0.36867335465820644
1408,0.5408,2,2,2,531578,144866,41660,84596,1.147398935496135,0.36867106536158495
1409,0.541,1,4,1,531582,144862,41661,84595,1.1473672538334811,0.3686747408011087
1410,0.5412,0,1,0,531583,144861,41661,84595,1.1473593334178178,0.3686763475350394
1411,0.5413,0,1,0,531584,144860,41661,84595,1.1473514130021543,0.3686779542829749
1412,0.5414,0,1,0,531585,144859,41661,84595,1.147343492586491,0.36867956104491534
1413,0.5415,0,1,0,531586,144858,41661,84595,1.1473355721708276,0.3686811678208609
1414,0.5417,2,12,2,531598,144846,41663,84593,1.1472405271828665,0.3686949472408788
1415,0.542,2,8,2,531606,144838,41665,84591,1.1471771638575592,0.36870230005797
1416,0.5425,5,33,5,531639,144805,41670,84586,1.1469157901406666,0.368741580968739
1417,0.5427,0,1,0,531640,144804,41670,84586,1.1469078697250032,0.36874318845634074
1418,0.5428,0,1,0,531641,144803,41670,84586,1.1468999493093397,0.3687447959579579
1419,0.5429,0,3,0,531644,144800,41670,84586,1.1468761880623495,0.36874961854690347
1420,0.543,0,1,0,531645,144799,41670,84586,1.1468682676466861,0.368751226104584
1421,0.5432,0,1,0,531646,144798,41670,84586,1.1468603472310226,0.3687528336762808
1422,0.5433,22,105,22,531751,144693,41692,84564,1.146028703586364,0.36886114709692613
1423,0.544,4,23,4,531774,144670,41696,84560,1.1458465340261057,0.36888714391659033
1424,0.5442,0,3,0,531777,144667,41696,84560,1.1458227727791155,0.36889197171362886
1425,0.5443,0,1,0,531778,144666,41696,84560,1.145814852363452,0.36889358100739006
1426,0.5445,0,1,0,531779,144665,41696,84560,1.1458069319477886,0.3688951903151925
1427,0.5447,0,1,0,531780,144664,41696,84560,1.1457990115321253,0.36889679963703625
1428,0.545,37,217,37,531997,144447,41733,84523,1.1440802813331643,0.3691444294012316
1429,0.5457,0,3,0,532000,144444,41733,84523,1.144056520086174,0.3691492660514397
1430,0.546,2,27,2,532027,144417,41735,84521,1.143842668863262,0.3691872908822476
1431,0.5462,0,1,0,532028,144416,41735,84521,1.1438347484475986,0.36918890349746875
1432,0.5467,21,86,21,532114,144330,41756,84500,1.143153592700545,0.36926976357995017
1433,0.547,1,0,1,532114,144330,41757,84499,1.143153592700545,0.36926700724121503
1434,0.5471,1,5,1,532119,144325,41758,84498,1.1431139906222278,0.3692723196531817
1435,0.5473,0,1,0,532120,144324,41758,84498,1.1431060702065645,0.36927393345045495
1436,0.5475,8,44,8,532164,144280,41766,84490,1.1427575719173741,0.3693229007299908
1437,0.5477,0,1,0,532165,144279,41766,84490,1.1427496515017108,0.36932451512224124
1438,0.548,2,12,2,532177,144267,41768,84488,1.14265460651375,0.3693383751174838
1439,0.5483,2,15,2,532192,144252,41770,84486,1.1425358002787986,0.36935708102720144
1440,0.5484,0,1,0,532193,144251,41770,84486,1.1425278798631353,0.3693586957947337
1441,0.5486,0,1,0,532194,144250,41770,84486,1.1425199594474718,0.369360310576385
1442,0.549,0,2,0,532196,144248,41770,84486,1.1425041186161449,0.36936354018204554
1443,0.5495,1,0,1,532196,144248,41771,84485,1.1425041186161449,0.3693607830964487
1444,0.55,2145,8990,2145,541186,135258,43916,82340,1.071299581802053,0.3784042132740191
1445,0.5505,0,1,0,541187,135257,43916,82340,1.0712916613863896,0.37840595228794516
1446,0.5507,1,2,1,541189,135255,43917,82339,1.0712758205550628,0.37840657371067216
1447,0.5512,0,1,0,541190,135254,43917,82339,1.0712679001393992,0.3784083127674144
1448,0.5513,0,1,0,541191,135253,43917,82339,1.0712599797237359,0.3784100518401412
1449,0.5515,0,1,0,541192,135252,43917,82339,1.0712520593080725,0.37841179092885274
1450,0.5517,1,9,1,541201,135243,43918,82338,1.0711807755671017,0.37842458670564066
1451,0.5518,0,1,0,541202,135242,43918,82338,1.0711728551514383,0.3784263259490762
1452,0.552,3,6,3,541208,135236,43921,82335,1.071125332657458,0.37842819125710686
1453,0.5523,0,2,0,541210,135234,43921,82335,1.071109491826131,0.37843166995298044
1454,0.5525,6,38,6,541248,135196,43927,82329,1.0708085160309213,0.3784806344098379
1455,0.5528,0,1,0,541249,135195,43927,82329,1.070800595615258,0.3784823743586915
1456,0.5529,1,2,1,541251,135193,43928,82328,1.070784754783931,0.3784829970439636
1457,0.553,0,1,0,541252,135192,43928,82328,1.0707768343682675,0.37848473703567487
1458,0.5532,0,1,0,541253,135191,43928,82328,1.0707689139526042,0.37848647704338473
1459,0.5533,21,100,21,541353,135091,43949,82307,1.0699768723862628,0.37860053910339564
1460,0.5536,0,2,0,541355,135089,43949,82307,1.069961031554936,0.3786040221531215
1461,0.554,1,14,1,541369,135075,43950,82306,1.0698501457356482,0.37862554685092076
1462,0.5542,0,6,0,541375,135069,43950,82306,1.0698026232416677,0.3786359976998275
1463,0.5543,0,3,0,541378,135066,43950,82306,1.0697788619946775,0.37864122334063266
1464,0.555,48,222,48,541600,134844,43998,82258,1.0680205297173995,0.37889102818030235
1465,0.5557,0,1,0,541601,134843,43998,82258,1.0680126093017361,0.3788927734096112
1466,0.5558,1,1,1,541602,134842,43999,82257,1.0680046888860728,0.3788916577229743
1467,0.556,3,11,3,541613,134831,44002,82254,1.0679175643137753,0.37890227330308407
1468,0.5567,22,99,22,541712,134732,44024,82232,1.0671334431630972,0.3790121863534964
1469,0.5571,0,2,0,541714,134730,44024,82232,1.0671176023317703,0.3790156801651902
1470,0.5573,1,1,1,541715,134729,44025,82231,1.067109681916107,0.37901456489675517
1471,0.5575,9,33,9,541748,134696,44034,82222,1.0668483081992144,0.3790464599526088
1472,0.5577,0,2,0,541750,134694,44034,82222,1.0668324673678875,0.3790499548212211
1473,0.5578,0,1,0,541751,134693,44034,82222,1.066824546952224,0.3790517022796948
1474,0.558,1,20,1,541771,134673,44035,82221,1.0666661386389558,0.37908379208276854
1475,0.5583,2,7,2,541778,134666,44037,82219,1.0666106957293118,0.3790903013117551
1476,0.5585,0,1,0,541779,134665,44037,82219,1.0666027753136484,0.3790920492060272
1477,0.5587,0,2,0,541781,134663,44037,82219,1.0665869344823216,0.3790955450429266
1478,0.5588,1,0,1,541781,134663,44038,82218,1.0665869344823216,0.37909268216210734
1479,0.5589,1,0,1,541781,134663,44039,82217,1.0665869344823216,0.3790898192548875
1480,0.5592,0,2,0,541783,134661,44039,82217,1.066571093650995,0.37909331513569844
1481,0.5593,0,1,0,541784,134660,44039,82217,1.0665631732353313,0.3790950631002826
1482,0.56,2051,8674,2051,550458,125986,46090,80166,0.9978614877708782,0.38886840777678605
1483,0.5605,0,1,0,550459,125985,46090,80166,0.9978535673552148,0.38887029410480667
1484,0.5607,0,2,0,550461,125983,46090,80166,0.997837726523888,0.38887406681574976
1485,0.5608,2,1,2,550462,125982,46092,80164,0.9978298061082246,0.38887002415763583
1486,0.561,0,1,0,550463,125981,46092,80164,0.9978218856925611,0.3888719105484004
1487,0.5612,0,1,0,550464,125980,46092,80164,0.9978139652768977,0.3888737969574666
1488,0.5614,0,1,0,550465,125979,46092,80164,0.9978060448612344,0.3888756833848348
1489,0.5617,1,7,1,550472,125972,46093,80163,0.9977506019515904,0.38888592427292795
1490,0.562,3,8,3,550480,125964,46096,80160,0.9976872386262831,0.38889212318798394
1491,0.5623,0,2,0,550482,125962,46096,80160,0.9976713977949563,0.3888958966049233
1492,0.5625,5,28,5,550510,125934,46101,80155,0.9974496261563807,0.38893390719543497
1493,0.5628,1,0,1,550510,125934,46102,80154,0.9974496261563807,0.38893094212181206
1494,0.5629,0,2,0,550512,125932,46102,80154,0.9974337853250539,0.3889347165746339
1495,0.5632,0,1,0,550513,125931,46102,80154,0.9974258649093904,0.38893660382851736
1496,0.5633,26,88,26,550601,125843,46128,80128,0.99672886833101,0.38902563953177877
1497,0.5638,0,1,0,550602,125842,46128,80128,0.9967209479153466,0.3890275282808176
1498,0.564,3,18,3,550620,125824,46131,80125,0.9965783804334052,0.38905262953449643
1499,0.5642,0,1,0,550621,125823,46131,80125,0.9965704600177417,0.38905451861634976
1500,0.5643,1,2,1,550623,125821,46132,80124,0.9965546191864149,0.38905533030663525
1501,0.565,49,218,49,550841,125603,46181,80075,0.9948279685717907,0.38932214432267914
1502,0.5653,0,1,0,550842,125602,46181,80075,0.9948200481561272,0.38932403720396547
1503,0.5657,0,2,0,550844,125600,46181,80075,0.9948042073248005,0.3893278230217576
1504,0.5658,0,1,0,550845,125599,46181,80075,0.994796286909137,0.38932971595826404
1505,0.5659,0,1,0,550846,125598,46181,80075,0.9947883664934736,0.3893316089131777
1506,0.566,7,18,7,550864,125580,46188,80068,0.9946457990115322,0.3893449000233409
1507,0.5667,23,102,23,550966,125478,46211,80045,0.9938379166138639,0.38946979170214524
1508,0.5668,0,1,0,550967,125477,46211,80045,0.9938299961982004,0.38947168672940125
1509,0.5671,0,3,0,550970,125474,46211,80045,0.9938062349512102,0.3894773719218175
1510,0.5675,8,31,8,551001,125443,46219,80037,0.9935607020656444,0.38951236130036987
1511,0.5678,0,1,0,551002,125442,46219,80037,0.993552781649981,0.38951425693136527
1512,0.568,2,11,2,551013,125431,46221,80035,0.9934656570776834,0.3895291678428548
1513,0.5682,0,1,0,551014,125430,46221,80035,0.99345773666202,0.3895310636848125
1514,0.5683,4,8,4,551022,125422,46225,80031,0.9933943733367128,0.38953434605481546
1515,0.5685,1,1,1,551023,125421,46226,80030,0.9933864529210493,0.38953327070688387
1516,0.5686,0,1,0,551024,125420,46226,80030,0.9933785325053859,0.38953516670722804
1517,0.5688,0,2,0,551026,125418,46226,80030,0.9933626916740591,0.38953895876328803
1518,0.5689,0,1,0,551027,125417,46226,80030,0.9933547712583957,0.3895408548190044
1519,0.5692,1,0,1,551027,125417,46227,80029,0.9933547712583957,0.38953788343408974
1520,0.5697,0,2,0,551029,125415,46227,80029,0.9933389304270688,0.3895416755904285
1521,0.57,2034,8185,2034,559214,117230,48261,77995,0.9285103282220251,0.3995133819951338
1522,0.5707,2,0,2,559214,117230,48263,77993,0.9285103282220251,0.3995072301931637
1523,0.5708,1,3,1,559217,117227,48264,77992,0.9284865669750348,0.39951029356773676
1524,0.571,1,0,1,559217,117227,48265,77991,0.9284865669750348,0.39950721757215013
1525,0.5713,0,1,0,559218,117226,48265,77991,0.9284786465593714,0.3995092640497498
1526,0.5715,1,0,1,559218,117226,48266,77990,0.9284786465593714,0.39950618801737564
1527,0.5717,4,16,4,559234,117210,48270,77986,0.9283519199087568,0.39952662964405006
1528,0.572,2,7,2,559241,117203,48272,77984,0.9282964769991129,0.399534805084355
1529,0.5723,0,1,0,559242,117202,48272,77984,0.9282885565834496,0.3995368520283217
1530,0.5725,6,28,6,559270,117174,48278,77978,0.9280667849448739,0.39957571533983766
1531,0.5727,0,1,0,559271,117173,48278,77978,0.9280588645292105,0.39957776286055413
1532,0.573,0,4,0,559275,117169,48278,77978,0.9280271828665568,0.39958595315326395
1533,0.5732,1,1,1,559276,117168,48279,77977,0.9280192624508934,0.39958492403084883
1534,0.5733,19,87,19,559363,117081,48298,77958,0.9273301862881764,0.39970467444972546
1535,0.574,1,15,1,559378,117066,48299,77957,0.9272113800532252,0.39973233926254853
1536,0.5743,2,1,2,559379,117065,48301,77955,0.9272034596375618,0.3997282330017434
1537,0.5744,0,1,0,559380,117064,48301,77955,0.9271955392218983,0.3997302826904045
1538,0.575,58,209,58,559589,116855,48359,77897,0.9255401723482448,0.399980488005258
1539,0.5753,0,1,0,559590,116854,48359,77897,0.9255322519325814,0.39998254180979814
1540,0.5757,2,4,2,559594,116850,48361,77895,0.9255005702699277,0.39998459523992913
1541,0.5758,1,2,1,559596,116848,48362,77894,0.9254847294386009,0.39998562200244425
1542,0.576,2,11,2,559607,116837,48364,77892,0.9253976048663034,0.4000020541367747
1543,0.5764,0,1,0,559608,116836,48364,77892,0.92538968445064,0.4000041082946469
1544,0.5767,18,81,18,559689,116755,48382,77874,0.9247481307819034,0.4001150907624249
1545,0.5768,0,2,0,559691,116753,48382,77874,0.9247322899505767,0.40011920237171616
1546,0.577,0,4,0,559695,116749,48382,77874,0.924700608287923,0.40012742584381084
1547,0.5771,1,0,1,559695,116749,48383,77873,0.924700608287923,0.40012434359938753
1548,0.5775,13,30,13,559725,116719,48396,77860,0.9244629958180205,0.4001459561412074
1549,0.5777,0,3,0,559728,116716,48396,77860,0.9244392345710303,0.40015212564756186
1550,0.578,4,12,4,559740,116704,48400,77856,0.9243441895830693,0.40016447368421054
1551,0.5783,3,16,3,559756,116688,48403,77853,0.9242174629324547,0.4001881351488889
1552,0.5785,1,0,1,559756,116688,48404,77852,0.9242174629324547,0.4001850519173435
1553,0.5786,0,1,0,559757,116687,48404,77852,0.9242095425167913,0.4001871090115607
1554,0.5792,2,0,2,559757,116687,48406,77850,0.9242095425167913,0.40018094244282576
1555,0.5793,0,1,0,559758,116686,48406,77850,0.9242016221011279,0.4001829995476416
1556,0.5795,1,0,1,559758,116686,48407,77849,0.9242016221011279,0.40017991621045057
1557,0.5798,1,0,1,559758,116686,48408,77848,0.9242016221011279,0.4001768328415598
1558,0.58,2155,7954,2155,567712,108732,50563,75693,0.8612026359143328,0.41042700284668565
1559,0.5802,0,1,0,567713,108731,50563,75693,0.8611947154986693,0.41042922830000433
1560,0.5805,0,1,0,567714,108730,50563,75693,0.861186795083006,0.41043145377745727
1561,0.5808,0,2,0,567716,108728,50563,75693,0.8611709542516791,0.4104359048047673
1562,0.5817,3,10,3,567726,108718,50566,75690,0.861091750095045,0.4104485705609301
1563,0.582,1,1,1,567727,108717,50567,75689,0.8610838296793816,0.4104475993188942
1564,0.5821,0,1,0,567728,108716,50567,75689,0.8610759092637181,0.41044982511320194
1565,0.5822,0,2,0,567730,108714,50567,75689,0.8610600684323914,0.410454276774239
1566,0.5825,11,40,11,567770,108674,50578,75678,0.8607432518058548,0.4105081583058497
1567,0.5827,0,1,0,567771,108673,50578,75678,0.8607353313901913,0.4105103850806342
1568,0.5829,0,2,0,567773,108671,50578,75678,0.8607194905588645,0.4105148387026781
1569,0.583,2,1,2,567774,108670,50580,75676,0.8607115701432011,0.41051067015286474
1570,0.5833,17,102,17,567876,108568,50597,75659,0.8599036877455329,0.4106835588703067
1571,0.5837,0,1,0,567877,108567,50597,75659,0.8598957673298695,0.41068578810808465
1572,0.5838,0,1,0,567878,108566,50597,75659,0.859887846914206,0.4106880173700638
1573,0.584,7,14,7,567892,108552,50604,75652,0.8597769610949183,0.41069683611647956
1574,0.5842,0,2,0,567894,108550,50604,75652,0.8597611202635914,0.41070129531709754
1575,0.5843,0,3,0,567897,108547,50604,75652,0.8597373590166012,0.41070798429958905
1576,0.5845,1,0,1,567897,108547,50605,75651,0.8597373590166012,0.41070478506824176
1577,0.5848,0,1,0,567898,108546,50605,75651,0.8597294386009378,0.41070701477222754
1578,0.585,38,206,38,568104,108340,50643,75613,0.8580978329742744,0.4110452126358363
1579,0.5857,1,2,1,568106,108338,50644,75612,0.8580819921429477,0.41104648002174504
1580,0.5858,2,2,2,568108,108336,50646,75610,0.8580661513116208,0.4110445456818849
1581,0.586,3,11,3,568119,108325,50649,75607,0.8579790267393232,0.41105952199725987
1582,0.5862,0,1,0,568120,108324,50649,75607,0.8579711063236599,0.4110617568544726
1583,0.5863,0,1,0,568121,108323,50649,75607,0.8579631859079965,0.4110639917359865
1584,0.5867,18,89,18,568210,108234,50667,75589,0.8572582689139526,0.4112053442713915
1585,0.587,0,2,0,568212,108232,50667,75589,0.8572424280826257,0.41120981824709907
1586,0.5871,0,4,0,568216,108228,50667,75589,0.8572107464199721,0.41121876649058575
1587,0.5873,0,1,0,568217,108227,50667,75589,0.8572028260043087,0.41122100361230796
1588,0.5875,9,19,9,568236,108208,50676,75580,0.8570523381067039,0.4112346834396152
1589,0.5877,0,2,0,568238,108206,50676,75580,0.857036497275377,0.411239158586617
1590,0.5878,0,1,0,568239,108205,50676,75580,0.8570285768597136,0.4112413961966428
1591,0.588,3,5,3,568244,108200,50679,75577,0.8569889747813966,0.4112429738215337
1592,0.5883,3,18,3,568262,108182,50682,75574,0.856846407299455,0.4112736454864059
1593,0.5886,0,2,0,568264,108180,50682,75574,0.8568305664681283,0.41127812183680357
1594,0.5888,0,1,0,568265,108179,50682,75574,0.8568226460524648,0.4112803600485434
1595,0.589,1,0,1,568265,108179,50683,75573,0.8568226460524648,0.4112771561670077
1596,0.5892,0,2,0,568267,108177,50683,75573,0.8568068052211381,0.4112816326530612
1597,0.5893,0,1,0,568268,108176,50683,75573,0.8567988848054746,0.4112838709326309
1598,0.5897,0,1,0,568269,108175,50683,75573,0.8567909643898112,0.4112861092365631
1599,0.5898,0,1,0,568270,108174,50683,75573,0.8567830439741477,0.4112883475648582
1600,0.59,2233,7607,2233,575877,100567,52916,73340,0.7965324420225574,0.4217196547580028
1601,0.5903,0,1,0,575878,100566,52916,73340,0.7965245216068939,0.42172207974422965
1602,0.5907,0,1,0,575879,100565,52916,73340,0.7965166011912305,0.42172450475834505
1603,0.5908,0,2,0,575881,100563,52916,73340,0.7965007603599037,0.42172935487024377
1604,0.591,0,1,0,575882,100562,52916,73340,0.7964928399442402,0.42173177996802796
1605,0.5915,1,0,1,575882,100562,52917,73339,0.7964928399442402,0.42172845469548764
1606,0.5917,3,10,3,575892,100552,52920,73336,0.7964136357876062,0.42174273095325726
1607,0.592,1,4,1,575896,100548,52921,73335,0.7963819541249525,0.4217491071582616
1608,0.5921,0,1,0,575897,100547,52921,73335,0.796374033709289,0.4217515326485778
1609,0.5922,0,2,0,575899,100545,52921,73335,0.7963581928779623,0.42175638371290547
1610,0.5923,0,1,0,575900,100544,52921,73335,0.7963502724622988,0.4217588092869179
1611,0.5925,5,22,5,575922,100522,52926,73330,0.7961760233177038,0.4217955502381336
1612,0.5927,0,3,0,575925,100519,52926,73330,0.7961522620707134,0.42180282889173937
1613,0.5929,0,3,0,575928,100516,52926,73330,0.7961285008237232,0.4218101077965556
1614,0.593,0,1,0,575929,100515,52926,73330,0.7961205804080598,0.42181253415398773
1615,0.5932,1,0,1,575929,100515,52927,73329,0.7961205804080598,0.4218092082556775
1616,0.5933,22,76,22,576005,100439,52949,73307,0.7955186288176403,0.42192050464471126
1617,0.5934,1,0,1,576005,100439,52950,73306,0.7955186288176403,0.42191717747273305
1618,0.5935,1,0,1,576005,100439,52951,73305,0.7955186288176403,0.4219138502624551
1619,0.594,7,13,7,576018,100426,52958,73298,0.7954156634140159,0.42192212935460843
1620,0.5942,0,5,0,576023,100421,52958,73298,0.7953760613356989,0.42193427316528415
1621,0.5943,0,3,0,576026,100418,52958,73298,0.7953523000887086,0.42194155978723896
1622,0.5944,0,1,0,576027,100417,52958,73298,0.7953443796730453,0.42194398871715166
1623,0.595,56,176,56,576203,100241,53014,73242,0.7939503865162844,0.42218545909397465
1624,0.5957,0,2,0,576205,100239,53014,73242,0.7939345456849576,0.4221903263181559
1625,0.5958,2,1,2,576206,100238,53016,73240,0.7939266252692941,0.42218609852546146
1626,0.596,1,17,1,576223,100221,53017,73239,0.7937919782030161,0.4222241438948461
1627,0.5962,0,2,0,576225,100219,53017,73239,0.7937761373716893,0.4222290122104486
1628,0.5967,27,80,27,576305,100139,53044,73212,0.7931425041186162,0.42233387750863854
1629,0.5971,0,6,0,576311,100133,53044,73212,0.7930949816246357,0.4223484957743229
1630,0.5973,0,1,0,576312,100132,53044,73212,0.7930870612089722,0.42235093225032305
1631,0.5975,11,22,11,576334,100110,53055,73201,0.7929128120643771,0.4223678820155674
1632,0.598,4,6,4,576340,100104,53059,73197,0.7928652895703967,0.4223691727110634
1633,0.5983,1,16,1,576356,100088,53060,73196,0.7927385629197821,0.4224048383001316
1634,0.5988,1,1,1,576357,100087,53061,73195,0.7927306425041186,0.4224039427061091
1635,0.599,1,1,1,576358,100086,53062,73194,0.7927227220884552,0.42240304709141274
1636,0.5992,0,2,0,576360,100084,53062,73194,0.7927068812571284,0.4224079225291151
1637,0.5993,1,2,1,576362,100082,53063,73193,0.7926910404258015,0.4224094647237051
1638,0.5995,0,2,0,576364,100080,53063,73193,0.7926751995944747,0.4224143403761694
1639,0.6,2152,7064,2152,583428,93016,55215,71041,0.7367253833481181,0.4330263262158884
1640,0.6002,0,1,0,583429,93015,55215,71041,0.7367174629324547,0.4330289657190228
1641,0.6007,0,1,0,583430,93014,55215,71041,0.7367095425167913,0.4330316052543354
1642,0.601,1,0,1,583430,93014,55216,71040,0.7367095425167913,0.433028149267924
1643,0.6013,0,1,0,583431,93013,55216,71040,0.7367016221011279,0.43303078883043894
1644,0.6014,0,1,0,583432,93012,55216,71040,0.7366937016854644,0.4330334284251335
1645,0.6017,2,11,2,583443,93001,55218,71038,0.7366065771131669,0.4330555538621913
1646,0.6018,1,0,1,583443,93001,55219,71037,0.7366065771131669,0.43305209768468284
1647,0.602,1,9,1,583452,92992,55220,71036,0.7365352933721961,0.4330724022727827
1648,0.6022,0,1,0,583453,92991,55220,71036,0.7365273729565328,0.433075042523487
1649,0.6023,0,1,0,583454,92990,55220,71036,0.7365194525408694,0.43307768280638437
1650,0.6025,6,25,6,583479,92965,55226,71030,0.736321442149284,0.43312296106588616
1651,0.6027,0,3,0,583482,92962,55226,71030,0.7362976809022937,0.433130884433387
1652,0.6029,1,1,1,583483,92961,55227,71029,0.7362897604866303,0.43313006890664063
1653,0.603,2,1,2,583484,92960,55229,71027,0.736281840070967,0.43312579655704414
1654,0.6033,19,79,19,583563,92881,55248,71008,0.7356561272335572,0.4332688588007737
1655,0.6035,0,2,0,583565,92879,55248,71008,0.7356402864022303,0.4332741462104987
1656,0.604,2,8,2,583573,92871,55250,71006,0.7355769230769231,0.43328838091983624
1657,0.6043,0,1,0,583574,92870,55250,71006,0.7355690026612597,0.43329102492128196
1658,0.6044,0,1,0,583575,92869,55250,71006,0.7355610822455962,0.43329366895499616
1659,0.6048,1,1,1,583576,92868,55251,71005,0.7355531618299328,0.4332928548327058
1660,0.6049,0,1,0,583577,92867,55251,71005,0.7355452414142695,0.433295498925991
1661,0.605,48,169,48,583746,92698,55299,70957,0.7342066911671524,0.4335767315389081
1662,0.6052,0,1,0,583747,92697,55299,70957,0.734198770751489,0.43357938088894865
1663,0.6053,0,1,0,583748,92696,55299,70957,0.7341908503358257,0.4335820302713669
1664,0.6058,0,2,0,583750,92694,55299,70957,0.7341750095044988,0.43358732913333864
1665,0.606,4,14,4,583764,92680,55303,70953,0.734064123685211,0.4336105797730287
1666,0.6062,1,0,1,583764,92680,55304,70952,0.734064123685211,0.4336071184120465
1667,0.6065,0,1,0,583765,92679,55304,70952,0.7340562032695476,0.43360976832018383
1668,0.6067,12,68,12,583833,92611,55316,70940,0.7335176150044355,0.43374849435344326
1669,0.6071,0,1,0,583834,92610,55316,70940,0.733509694588772,0.433751146438398
1670,0.6073,0,2,0,583836,92608,55316,70940,0.7334938537574451,0.43375645070560326
1671,0.6075,1,25,1,583861,92583,55317,70939,0.7332958433658598,0.4338193026014848
1672,0.608,2,8,2,583869,92575,55319,70937,0.7332324800405525,0.4338336024267332
1673,0.6083,5,8,5,583877,92567,55324,70932,0.7331691167152452,0.4338375158257849
1674,0.6085,0,1,0,583878,92566,55324,70932,0.7331611962995818,0.433840169298707
1675,0.6095,0,3,0,583881,92563,55324,70932,0.7331374350525915,0.4338481299122297
1676,0.6099,1,0,1,583881,92563,55325,70931,0.7331374350525915,0.43384466708258407
1677,0.61,2271,6679,2271,590560,85884,57596,68660,0.6802369788366494,0.44427476964489077
1678,0.6105,0,2,0,590562,85882,57596,68660,0.6802211380053225,0.4442805192116059
1679,0.6108,0,3,0,590565,85879,57596,68660,0.6801973767583323,0.44428914384071333
1680,0.611,0,1,0,590566,85878,57596,68660,0.6801894563426688,0.44429201879149466
1681,0.6117,1,9,1,590575,85869,57597,68659,0.6801181726016982,0.4443142990267136
1682,0.612,2,6,2,590581,85863,57599,68657,0.6800706501077176,0.44432435930623865
1683,0.6123,0,2,0,590583,85861,57599,68657,0.6800548092763908,0.4443301104078489
1684,0.6125,8,30,8,590613,85831,57607,68649,0.6798171968064884,0.44438762299326773
1685,0.6127,0,1,0,590614,85830,57607,68649,0.679809276390825,0.4443904996795681
1686,0.6128,0,1,0,590615,85829,57607,68649,0.6798013559751616,0.44439337640311244
1687,0.6129,0,2,0,590617,85827,57607,68649,0.6797855151438348,0.4443991299619358
1688,0.613,0,1,0,590618,85826,57607,68649,0.6797775947281713,0.44440200679721636
1689,0.6132,0,1,0,590619,85825,57607,68649,0.6797696743125079,0.4444048836697438
1690,0.6133,24,80,24,590699,85745,57631,68625,0.6791360410594348,0.4445488112975319
1691,0.6137,0,2,0,590701,85743,57631,68625,0.6791202002281079,0.44455457089552236
1692,0.6138,1,0,1,590701,85743,57632,68624,0.6791202002281079,0.4445509726819851
1693,0.614,2,13,2,590714,85730,57634,68622,0.6790172348244836,0.44458121695864
1694,0.6142,1,1,1,590715,85729,57635,68621,0.6790093144088202,0.44458049886621315
1695,0.6145,0,1,0,590716,85728,57635,68621,0.6790013939931567,0.4445833792250031
1696,0.6148,0,1,0,590717,85727,57635,68621,0.6789934735774934,0.4445862596211159
1697,0.615,55,151,55,590868,85576,57690,68566,0.6777974908123179,0.4448236042091059
1698,0.6151,0,1,0,590869,85575,57690,68566,0.6777895703966544,0.4448264900318539
1699,0.6152,1,0,1,590869,85575,57691,68565,0.6777895703966544,0.44482288828337874
1700,0.6153,0,1,0,590870,85574,57691,68565,0.677781649980991,0.44482577413892654
1701,0.6155,1,1,1,590871,85573,57692,68564,0.6777737295653276,0.4448250582274211
1702,0.6157,1,4,1,590875,85569,57693,68563,0.6777420479026739,0.44483300028546957
1703,0.6158,0,6,0,590881,85563,57693,68563,0.6776945254086935,0.44485031727288066
1704,0.616,4,11,4,590892,85552,57697,68559,0.6776074008363959,0.4448676603227544
1705,0.6162,1,0,1,590892,85552,57698,68558,0.6776074008363959,0.4448640581402894
1706,0.6165,1,0,1,590892,85552,57699,68557,0.6776074008363959,0.4448604559110759
1707,0.6167,22,73,22,590965,85479,57721,68535,0.6770292104929667,0.4449920137130391
1708,0.6172,1,0,1,590965,85479,57722,68534,0.6770292104929667,0.44498841006927986
1709,0.6173,0,1,0,590966,85478,57722,68534,0.6770212900773033,0.4449912993792691
1710,0.6175,10,26,10,590992,85452,57732,68524,0.6768153592700545,0.445030394347171
1711,0.6177,1,0,1,590992,85452,57733,68523,0.6768153592700545,0.44502679006332196
1712,0.6178,0,1,0,590993,85451,57733,68523,0.6768074388543911,0.4450296803356411
1713,0.618,1,9,1,591002,85442,57734,68522,0.6767361551134203,0.44505209009898417
1714,0.6182,0,1,0,591003,85441,57734,68522,0.6767282346977569,0.44505498074212635
1715,0.6183,3,3,3,591006,85438,57737,68519,0.6767044734507667,0.44505283942919127
1716,0.6185,0,1,0,591007,85437,57737,68519,0.6766965530351032,0.44505573020863104
1717,0.6186,0,1,0,591008,85436,57737,68519,0.6766886326194399,0.4450586210256244
1718,0.6188,0,1,0,591009,85435,57737,68519,0.6766807122037765,0.445061511880172
1719,0.6192,1,1,1,591010,85434,57738,68518,0.676672791788113,0.4450607981708585
1720,0.6198,1,0,1,591010,85434,57739,68517,0.676672791788113,0.44505719352261436
1721,0.62,2257,6321,2257,597331,79113,59996,66260,0.6266078443796731,0.4557930289668645
1722,0.6202,0,2,0,597333,79111,59996,66260,0.6265920035483462,0.4557992997227783
1723,0.6203,0,1,0,597334,79110,59996,66260,0.6265840831326828,0.4558024351654399
1724,0.6206,0,1,0,597335,79109,59996,66260,0.6265761627170194,0.4558055706512393
1725,0.6207,1,1,1,597336,79108,59997,66259,0.626568242301356,0.45580496261187203
1726,0.6208,0,3,0,597339,79105,59997,66259,0.6265444810543658,0.4558143694449795
1727,0.621,1,2,1,597341,79103,59998,66258,0.6265286402230389,0.4558168972420388
1728,0.6217,4,7,4,597348,79096,60002,66254,0.626473197313395,0.4558238734090127
1729,0.622,1,7,1,597355,79089,60003,66253,0.6264177544037511,0.45584208281157546
1730,0.6224,0,1,0,597356,79088,60003,66253,0.6264098339880877,0.4558452191742179
1731,0.6225,12,19,12,597375,79069,60015,66241,0.6262593460904828,0.45585988576147546
1732,0.6227,2,1,2,597376,79068,60017,66239,0.6262514256748194,0.4558555334567502
1733,0.6229,0,1,0,597377,79067,60017,66239,0.626243505259156,0.4558586706674191
1734,0.623,1,0,1,597377,79067,60018,66238,0.626243505259156,0.45585492584563503
1735,0.6233,28,74,28,597451,78993,60046,66210,0.6256573945000634,0.45598231441499143
1736,0.6237,0,1,0,597452,78992,60046,66210,0.6256494740844,0.4559854547458024
1737,0.6238,0,1,0,597453,78991,60046,66210,0.6256415536687365,0.45598859511986833
1738,0.624,5,11,5,597464,78980,60051,66205,0.625554429096439,0.456004408168888
1739,0.6242,0,1,0,597465,78979,60051,66205,0.6255465086807755,0.45600754904121665
1740,0.6243,2,2,2,597467,78977,60053,66203,0.6255306678494488,0.4560063369610139
1741,0.6245,0,1,0,597468,78976,60053,66203,0.6255227474337853,0.4560094779548006
1742,0.625,60,141,60,597609,78835,60113,66143,0.6244059688252439,0.4562278414656017
1743,0.6252,1,0,1,597609,78835,60114,66142,0.6244059688252439,0.456224090717838
1744,0.6254,0,1,0,597610,78834,60114,66142,0.6243980484095806,0.4562272376117426
1745,0.6257,0,1,0,597611,78833,60114,66142,0.6243901279939171,0.4562303845490602
1746,0.6258,1,1,1,597612,78832,60115,66141,0.6243822075782537,0.4562297807177888
1747,0.626,3,10,3,597622,78822,60118,66138,0.6243030034216196,0.45625
1748,0.6265,0,1,0,597623,78821,60118,66138,0.6242950830059562,0.45625314744169043
1749,0.6267,25,57,25,597680,78764,60143,66113,0.6238436193131416,0.456338825348399
1750,0.627,0,2,0,597682,78762,60143,66113,0.6238277784818147,0.4563451251078516
1751,0.6275,7,27,7,597709,78735,60150,66106,0.6236139272589025,0.4564039187799035
1752,0.6276,0,1,0,597710,78734,60150,66106,0.6236060068432391,0.4564070698702016
1753,0.6278,0,1,0,597711,78733,60150,66106,0.6235980864275757,0.45641022100401135
1754,0.628,3,10,3,597721,78723,60153,66103,0.6235188822709415,0.4564304751909188
1755,0.6283,3,7,3,597728,78716,60156,66100,0.6234634393612977,0.45644127720693844
1756,0.6285,0,1,0,597729,78715,60156,66100,0.6234555189456342,0.4564444290991955
1757,0.6287,1,0,1,597729,78715,60157,66099,0.6234555189456342,0.45644067562528484
1758,0.6289,0,1,0,597730,78714,60157,66099,0.6234475985299709,0.45644382755691826
1759,0.629,2,0,2,597730,78714,60159,66097,0.6234475985299709,0.45643632044527005
1760,0.6292,2,1,2,597731,78713,60161,66095,0.6234396781143074,0.45643196508480194
1761,0.6295,2,0,2,597731,78713,60163,66093,0.6234396781143074,0.4564244575501015
1762,0.6297,1,2,1,597733,78711,60164,66092,0.6234238372829806,0.4564270077277405
1763,0.63,2360,5930,2360,603663,72781,62524,63732,0.5764557723989355,0.4668566363643023
1764,0.6303,0,1,0,603664,72780,62524,63732,0.5764478519832721,0.46686005625879046
1765,0.6305,0,1,0,603665,72779,62524,63732,0.5764399315676086,0.46686347620338287
1766,0.6307,0,1,0,603666,72778,62524,63732,0.5764320111519452,0.46686689619808075
1767,0.6308,1,1,1,603667,72777,62525,63731,0.5764240907362819,0.46686641075980895
1768,0.6315,1,2,1,603669,72775,62526,63730,0.576408249904955,0.4668693454452218
1769,0.6317,1,7,1,603676,72768,62527,63729,0.5763528069953111,0.4668893821842238
1770,0.6318,0,1,0,603677,72767,62527,63729,0.5763448865796477,0.4668928027194936
1771,0.632,1,7,1,603684,72760,62528,63728,0.5762894436700038,0.46691284215462164
1772,0.6322,1,0,1,603684,72760,62529,63727,0.5762894436700038,0.46690893638221953
1773,0.6323,1,1,1,603685,72759,62530,63726,0.5762815232543403,0.46690845147818444
1774,0.6325,13,11,13,603696,72748,62543,63713,0.5761943986820428,0.4668953034200248
1775,0.6327,1,1,1,603697,72747,62544,63712,0.5761864782663794,0.4668948182237888
1776,0.6328,0,1,0,603698,72746,62544,63712,0.576178557850716,0.46689823975142536
1777,0.6329,0,2,0,603700,72744,62544,63712,0.5761627170193891,0.46690508295714367
1778,0.633,1,1,1,603701,72743,62545,63711,0.5761547966037258,0.4669045978864672
1779,0.6333,28,53,28,603754,72690,62573,63683,0.5757350145735648,0.46697660094006876
1780,0.6337,0,1,0,603755,72689,62573,63683,0.5757270941579014,0.4669800252251195
1781,0.6338,0,1,0,603756,72688,62573,63683,0.575719173742238,0.4669834495603904
1782,0.634,5,11,5,603767,72677,62578,63678,0.5756320491699405,0.46700157676652854
1783,0.6342,0,2,0,603769,72675,62578,63678,0.5756162083386136,0.46700842665727926
1784,0.6343,0,1,0,603770,72674,62578,63678,0.5756082879229502,0.46701185167800985
1785,0.6345,2,1,2,603771,72673,62580,63676,0.5756003675072868,0.4670074588005779
1786,0.635,41,127,41,603898,72546,62621,63635,0.5745944747180332,0.46728251371336677
1787,0.6352,0,3,0,603901,72543,62621,63635,0.5745707134710429,0.4672928079425458
1788,0.6353,0,1,0,603902,72542,62621,63635,0.5745627930553795,0.46729623945306475
1789,0.6355,1,1,1,603903,72541,62622,63634,0.5745548726397162,0.467295759133468
1790,0.6357,1,4,1,603907,72537,62623,63633,0.5745231909770625,0.46730557391495925
1791,0.6358,0,4,0,603911,72533,62623,63633,0.5744915093144088,0.46731930144088835
1792,0.636,5,6,5,603917,72527,62628,63628,0.5744439868204283,0.4673203334435019
1793,0.6362,0,4,0,603921,72523,62628,63628,0.5744123051577746,0.4673340629154395
1794,0.6367,20,54,20,603975,72469,62648,63608,0.5739846027119503,0.4674412281281921
1795,0.637,1,1,1,603976,72468,62649,63607,0.573976682296287,0.467440749586625
1796,0.6371,0,2,0,603978,72466,62649,63607,0.5739608414649601,0.46744762002748524
1797,0.6375,18,29,18,604007,72437,62667,63589,0.5737311494107211,0.4674768059047535
1798,0.6376,0,1,0,604008,72436,62667,63589,0.5737232289950577,0.4674802426024628
1799,0.6377,1,1,1,604009,72435,62668,63588,0.5737153085793942,0.4674797644516001
1800,0.6379,1,0,1,604009,72435,62669,63587,0.5737153085793942,0.46747584949493465
1801,0.638,4,8,4,604017,72427,62673,63583,0.5736519452540869,0.46748768472906405
1802,0.6382,1,0,1,604017,72427,62674,63582,0.5736519452540869,0.46748376945643305
1803,0.6383,3,7,3,604024,72420,62677,63579,0.573596502344443,0.46749608453003333
1804,0.6385,1,0,1,604024,72420,62678,63578,0.573596502344443,0.46749216900248536
1805,0.6386,0,1,0,604025,72419,62678,63578,0.5735885819287796,0.4674956065207321
1806,0.6387,0,1,0,604026,72418,62678,63578,0.5735806615131163,0.467499044089532
1807,0.639,0,1,0,604027,72417,62678,63578,0.5735727410974528,0.46750248170888636
1808,0.6392,0,2,0,604029,72415,62678,63578,0.5735569002661259,0.46750935709926245
1809,0.6393,0,1,0,604030,72414,62678,63578,0.5735489798504626,0.46751279487028646
1810,0.6397,0,2,0,604032,72412,62678,63578,0.5735331390191357,0.46751967056401206
1811,0.6398,0,1,0,604033,72411,62678,63578,0.5735252186034723,0.46752310848671585
1812,0.64,2273,5442,2273,609475,66969,64951,61305,0.5304223165631733,0.4779222601618411
1813,0.6401,0,1,0,609476,66968,64951,61305,0.5304143961475098,0.4779259859830206
1814,0.6405,0,1,0,609477,66967,64951,61305,0.5304064757318464,0.4779297118622926
1815,0.6406,0,1,0,609478,66966,64951,61305,0.530398555316183,0.4779334377996585
1816,0.6407,0,1,0,609479,66965,64951,61305,0.5303906349005196,0.4779371637951197
1817,0.6408,0,1,0,609480,66964,64951,61305,0.5303827144848562,0.4779408898486774
1818,0.641,0,2,0,609482,66962,64951,61305,0.5303668736535293,0.477948342130088
1819,0.6412,1,0,1,609482,66962,64952,61304,0.5303668736535293,0.4779442720596261
1820,0.6413,0,1,0,609483,66961,64952,61304,0.530358953237866,0.477947998284801
1821,0.6415,1,1,1,609484,66960,64953,61303,0.5303510328222025,0.47794765442879084
1822,0.6417,5,10,5,609494,66950,64958,61298,0.5302718286655683,0.47796456864824405
1823,0.642,0,1,0,609495,66949,64958,61298,0.530263908249905,0.47796829555467185
1824,0.6423,1,1,1,609496,66948,64959,61297,0.5302559878342415,0.4779679519669383
1825,0.6425,12,17,12,609513,66931,64971,61285,0.5301213407679635,0.47798246708679104
1826,0.6426,0,1,0,609514,66930,64971,61285,0.5301134203523001,0.4779861950629801
1827,0.6429,1,1,1,609515,66929,64972,61284,0.5301054999366367,0.47798585166870755
1828,0.643,2,2,2,609517,66927,64974,61282,0.5300896591053098,0.4779851648480216
1829,0.6433,11,60,11,609577,66867,64985,61271,0.529614434165505,0.47816416675771434
1830,0.6435,1,0,1,609577,66867,64986,61270,0.529614434165505,0.4781600942740973
1831,0.644,1,13,1,609590,66854,64987,61269,0.5295114687618806,0.47820453782693195
1832,0.6442,0,3,0,609593,66851,64987,61269,0.5294877075148904,0.4782157352482048
1833,0.6443,0,2,0,609595,66849,64987,61269,0.5294718666835636,0.478223200487051
1834,0.6445,0,1,0,609596,66848,64987,61269,0.5294639462679002,0.4782269331938775
1835,0.6447,0,1,0,609597,66847,64987,61269,0.5294560258522367,0.4782306659589747
1836,0.645,58,137,58,609734,66710,65045,61211,0.528370928906349,0.47850626558579124
1837,0.6453,1,1,1,609735,66709,65046,61210,0.5283630084906856,0.47850592953353294
1838,0.6457,1,5,1,609740,66704,65047,61209,0.5283234064123685,0.4785205569410459
1839,0.646,5,15,5,609755,66689,65052,61204,0.5282046001774173,0.47855629315130616
1840,0.6465,0,1,0,609756,66688,65052,61204,0.5281966797617539,0.4785600350295562
1841,0.6467,25,54,25,609810,66634,65077,61179,0.5277689773159295,0.4786602301800286
1842,0.6468,0,1,0,609811,66633,65077,61179,0.5277610569002661,0.478663975213595
1843,0.647,1,0,1,609811,66633,65078,61178,0.5277610569002661,0.47865989625306116
1844,0.6471,2,1,2,609812,66632,65080,61176,0.5277531364846028,0.47865548322483725
1845,0.6472,1,1,1,609813,66631,65081,61175,0.5277452160689393,0.4786551492105222
1846,0.6473,1,0,1,609813,66631,65082,61174,0.5277452160689393,0.478651069989437
1847,0.6475,10,16,10,609829,66615,65092,61164,0.5276184894183247,0.4786702040241354
1848,0.6477,0,1,0,609830,66614,65092,61164,0.5276105690026612,0.47867395013226066
1849,0.648,4,7,4,609837,66607,65096,61160,0.5275551260930174,0.4786838542033545
1850,0.6482,0,1,0,609838,66606,65096,61160,0.5275472056773539,0.47868760077015793
1851,0.6483,2,6,2,609844,66600,65098,61158,0.5274996831833735,0.4787019208190485
1852,0.6485,1,1,1,609845,66599,65099,61157,0.52749176276771,0.4787015874009831
1853,0.6487,1,1,1,609846,66598,65100,61156,0.5274838423520466,0.47870125397247837
1854,0.6488,0,2,0,609848,66596,65100,61156,0.5274680015207198,0.47870874819963677
1855,0.649,2,1,2,609849,66595,65102,61154,0.5274600811050564,0.4787043342805032
1856,0.6492,1,1,1,609850,66594,65103,61153,0.5274521606893929,0.4787040008767329
1857,0.6493,0,1,0,609851,66593,65103,61153,0.5274442402737296,0.4787077481878102
1858,0.65,2261,5308,2261,615159,61285,67364,58892,0.48540267393232794,0.4900438519849888
1859,0.6508,1,3,1,615162,61282,67365,58891,0.4853789126853377,0.4900518419278873
1860,0.651,0,1,0,615163,61281,67365,58891,0.48537099226967434,0.49005591984821756
1861,0.6513,1,1,1,615164,61280,67366,58890,0.4853630718540109,0.49005575434800697
1862,0.6514,0,1,0,615165,61279,67366,58890,0.4853551514383475,0.4900598324026995
1863,0.6515,0,1,0,615166,61278,67366,58890,0.48534723102268407,0.49006391052526466
1864,0.6517,3,7,3,615173,61271,67369,58887,0.4852917881130402,0.4900797283576624
1865,0.652,1,5,1,615178,61266,67370,58886,0.4852521860347231,0.4900958785538318
1866,0.6525,10,13,10,615191,61253,67380,58876,0.4851492206310987,0.4901064688792881
1867,0.6526,0,1,0,615192,61252,67380,58876,0.48514130021543533,0.49011054874800214
1868,0.6529,0,1,0,615193,61251,67380,58876,0.4851333797997719,0.49011462868464206
1869,0.653,1,1,1,615194,61250,67381,58875,0.4851254593841085,0.49011446409989595
1870,0.6532,2,0,2,615194,61250,67383,58873,0.4851254593841085,0.4901059747092563
1871,0.6533,24,46,24,615240,61204,67407,58849,0.4847611202635914,0.4901918319408928
1872,0.6538,1,0,1,615240,61204,67408,58848,0.4847611202635914,0.49018758537966883
1873,0.654,4,10,4,615250,61194,67412,58844,0.48468191610695727,0.490211433046202
1874,0.6542,0,2,0,615252,61192,67412,58844,0.4846660752756305,0.49021960078643073
1875,0.6543,1,0,1,615252,61192,67413,58843,0.4846660752756305,0.4902153538551256
1876,0.6545,1,0,1,615252,61192,67414,58842,0.4846660752756305,0.4902111068530583
1877,0.655,52,154,52,615406,61038,67466,58790,0.4834463312634647,0.49061988850685984
1878,0.6552,0,1,0,615407,61037,67466,58790,0.4834384108478013,0.49062398290869336
1879,0.6553,1,1,1,615408,61036,67467,58789,0.48343049043213787,0.4906238264135197
1880,0.6556,0,1,0,615409,61035,67467,58789,0.4834225700164745,0.4906279209507277
1881,0.6557,0,4,0,615413,61031,67467,58789,0.4833908883538208,0.49064429978300783
1882,0.6558,1,1,1,615414,61030,67468,58788,0.4833829679381574,0.4906441436178204
1883,0.656,4,14,4,615428,61016,67472,58784,0.4832720821188696,0.4906844741235392
1884,0.6562,0,1,0,615429,61015,67472,58784,0.4832641617032062,0.4906885700214526
1885,0.6565,0,1,0,615430,61014,67472,58784,0.48325624128754274,0.490692665987746
1886,0.6567,21,47,21,615477,60967,67493,58763,0.4828839817513623,0.49079595757120187
1887,0.657,1,2,1,615479,60965,67494,58762,0.4828681409200355,0.4907999031129152
1888,0.6571,1,1,1,615480,60964,67495,58761,0.48286022050437205,0.4907997494257674
1889,0.6575,14,24,14,615504,60940,67509,58747,0.48267013052845015,0.49083860402549984
1890,0.6576,1,1,1,615505,60939,67510,58746,0.4826622101127867,0.490838450933701
1891,0.6578,0,2,0,615507,60937,67510,58746,0.4826463692814599,0.49084665324231513
1892,0.658,4,7,4,615514,60930,67514,58742,0.482590926371816,0.4908583461461328
1893,0.6583,1,12,1,615526,60918,67515,58741,0.482495881383855,0.4909033169255969
1894,0.6586,1,0,1,615526,60918,67516,58740,0.482495881383855,0.49089906232763375
1895,0.6587,1,2,1,615528,60916,67517,58739,0.4824800405525282,0.49090301282854876
1896,0.659,0,1,0,615529,60915,67517,58739,0.4824721201368648,0.49090711551640565
1897,0.6592,1,5,1,615534,60910,67518,58738,0.4824325180585477,0.4909233752340198
1898,0.6593,0,2,0,615536,60908,67518,58738,0.48241667722722087,0.49093158149875465
1899,0.6594,0,1,0,615537,60907,67518,58738,0.4824087568115575,0.4909356847340048
1900,0.66,2300,4954,2300,620491,55953,69818,56438,0.44317101761500444,0.5021576460748637
1901,0.6602,0,1,0,620492,55952,69818,56438,0.443163097199341,0.5021621140670878
1902,0.6603,0,1,0,620493,55951,69818,56438,0.4431551767836776,0.5021665821388214
1903,0.6607,0,2,0,620495,55949,69818,56438,0.4431393359523508,0.5021755185208253
1904,0.6608,0,2,0,620497,55947,69818,56438,0.44312349512102395,0.5021844552208925
1905,0.661,1,5,1,620502,55942,69819,56437,0.4430838930427069,0.5022023687699659
1906,0.6615,1,0,1,620502,55942,69820,56436,0.4430838930427069,0.5021979390984
1907,0.6617,5,7,5,620509,55935,69825,56431,0.44302845013306297,0.5022070733139917
1908,0.662,1,3,1,620512,55932,69826,56430,0.44300468888607275,0.5022160516900731
1909,0.6625,6,18,6,620530,55914,69832,56424,0.4428621214041313,0.5022699353736046
1910,0.6627,1,0,1,620530,55914,69833,56423,0.4428621214041313,0.5022655046867907
1911,0.663,0,1,0,620531,55913,69833,56423,0.4428542009884679,0.5022699757869249
1912,0.6633,19,59,19,620590,55854,69852,56404,0.44238689646432644,0.5024497140515598
1913,0.664,8,5,8,620595,55849,69860,56396,0.4423472943860094,0.5024366341485144
1914,0.6642,1,1,1,620596,55848,69861,56395,0.44233937397034595,0.5024366775656388
1915,0.6643,3,2,3,620598,55846,69864,56392,0.4423235331390191,0.502432331295996
1916,0.665,59,105,59,620703,55741,69923,56333,0.4414918894943607,0.5026411121223477
1917,0.6652,0,1,0,620704,55740,69923,56333,0.44148396907869725,0.5026455970661979
1918,0.6653,1,0,1,620704,55740,69924,56332,0.44148396907869725,0.5026411592547648
1919,0.6656,1,0,1,620704,55740,69925,56331,0.44148396907869725,0.5026367213641353
1920,0.6657,3,0,3,620704,55740,69928,56328,0.44148396907869725,0.5026234072170468
1921,0.6658,0,1,0,620705,55739,69928,56328,0.44147604866303386,0.5026278922430332
1922,0.666,6,5,6,620710,55734,69934,56322,0.44143644658471676,0.5026236881559221
1923,0.6662,1,0,1,620710,55734,69935,56321,0.44143644658471676,0.5026192494757039
1924,0.6665,0,1,0,620711,55733,69935,56321,0.44142852616905337,0.502623734984918
1925,0.6667,21,51,21,620762,55682,69956,56300,0.44102458497021924,0.5027593720419353
1926,0.667,0,2,0,620764,55680,69956,56300,0.4410087441388924,0.5027683514913377
1927,0.6671,0,1,0,620765,55679,69956,56300,0.441000823723229,0.5027728413363219
1928,0.6673,1,1,1,620766,55678,69957,56299,0.4409929033075656,0.5027728908615162
1929,0.6675,7,14,7,620780,55664,69964,56292,0.44088201748827777,0.5028046732644967
1930,0.668,4,10,4,620790,55654,69968,56288,0.4408028133316436,0.5028318236229476
1931,0.6683,1,4,1,620794,55650,69969,56287,0.44077113166899,0.5028453505096617
1932,0.6686,0,1,0,620795,55649,69969,56287,0.44076321125332657,0.5028498427672956
1933,0.6687,0,3,0,620798,55646,69969,56287,0.44073945000633635,0.5028633200217988
1934,0.6688,0,1,0,620799,55645,69969,56287,0.4407315295906729,0.5028678126005075
1935,0.6689,0,1,0,620800,55644,69969,56287,0.4407236091750095,0.5028723052594902
1936,0.669,2,0,2,620800,55644,69971,56285,0.4407236091750095,0.5028634223480957
1937,0.6692,1,1,1,620801,55643,69972,56284,0.4407156887593461,0.5028634735139867
1938,0.6695,0,1,0,620802,55642,69972,56284,0.4407077683436827,0.5028679663348998
1939,0.6697,0,1,0,620803,55641,69972,56284,0.44069984792801925,0.5028724592360956
1940,0.67,2284,4564,2284,625367,51077,72256,54000,0.4045510708401977,0.5139088477973296
1941,0.6702,0,1,0,625368,51076,72256,54000,0.40454315042453426,0.5139137386272793
1942,0.6707,1,3,1,625371,51073,72257,53999,0.40451938917754404,0.5139237855946399
1943,0.6708,1,3,1,625374,51070,72258,53998,0.40449562793055377,0.5139338333269883
1944,0.671,1,1,1,625375,51069,72259,53997,0.4044877075148904,0.5139340985666153
1945,0.6712,0,1,0,625376,51068,72259,53997,0.404479787099227,0.5139389901489554
1946,0.6714,2,1,2,625377,51067,72261,53995,0.40447186668356355,0.5139346290761645
1947,0.6715,1,1,1,625378,51066,72262,53994,0.40446394626790017,0.513934894346088
1948,0.6717,3,11,3,625389,51055,72265,53991,0.4043768216956026,0.5139748300744436
1949,0.6718,0,2,0,625391,51053,72265,53991,0.40436098086427574,0.5139846159704505
1950,0.6719,1,0,1,625391,51053,72266,53990,0.40436098086427574,0.5139799891473016
1951,0.672,1,4,1,625395,51049,72267,53989,0.4043292992016221,0.5139949351663208
1952,0.6725,12,15,12,625410,51034,72279,53977,0.4042104929666709,0.5140128177048119
1953,0.6727,0,1,0,625411,51033,72279,53977,0.4042025725510075,0.5140177125988001
1954,0.6729,0,1,0,625412,51032,72279,53977,0.40419465213534406,0.5140226075860165
1955,0.673,0,1,0,625413,51031,72279,53977,0.40418673171968067,0.5140275026664635
1956,0.6733,19,38,19,625451,50993,72298,53958,0.4038857559244709,0.5141256395841869
1957,0.6738,1,0,1,625451,50993,72299,53957,0.4038857559244709,0.5141210100047642
1958,0.674,6,10,6,625461,50983,72305,53951,0.40380655176783675,0.5141422227304782
1959,0.6742,1,1,1,625462,50982,72306,53950,0.40379863135217337,0.5141424922807152
1960,0.6743,0,1,0,625463,50981,72306,53950,0.4037907109365099,0.5141473920957582
1961,0.6747,0,2,0,625465,50979,72306,53950,0.4037748701051831,0.5141571920060232
1962,0.675,59,122,59,625587,50857,72365,53891,0.40280857939424664,0.5144823767518234
1963,0.6757,0,2,0,625589,50855,72365,53891,0.4027927385629198,0.5144922001794818
1964,0.6758,2,5,2,625594,50850,72367,53889,0.4027531364846027,0.5145074900466875
1965,0.676,1,11,1,625605,50839,72368,53888,0.40266601191230517,0.5145568955474711
1966,0.6762,1,0,1,625605,50839,72369,53887,0.40266601191230517,0.5145522601837175
1967,0.6763,0,1,0,625606,50838,72369,53887,0.4026580914966417,0.5145571735497733
1968,0.6765,1,0,1,625606,50838,72370,53886,0.4026580914966417,0.514552538100149
1969,0.6767,19,42,19,625648,50796,72389,53867,0.40232543403877835,0.514670896114195
1970,0.677,0,1,0,625649,50795,72389,53867,0.40231751362311496,0.5146758135713058
1971,0.6771,0,1,0,625650,50794,72389,53867,0.4023095932074515,0.5146807311223857
1972,0.6773,0,1,0,625651,50793,72389,53867,0.40230167279178813,0.5146856487674374
1973,0.6775,7,15,7,625666,50778,72396,53860,0.4021828665568369,0.5147269634358455
1974,0.678,2,4,2,625670,50774,72398,53858,0.4021511848941832,0.514737365241991
1975,0.6781,0,2,0,625672,50772,72398,53858,0.4021353440628564,0.5147472044346746
1976,0.6783,1,5,1,625677,50767,72399,53857,0.40209574198453935,0.514767166233369
1977,0.6785,0,1,0,625678,50766,72399,53857,0.40208782156887596,0.5147720864437074
1978,0.6787,0,1,0,625679,50765,72399,53857,0.4020799011532125,0.5147770067481027
1979,0.679,1,0,1,625679,50765,72400,53856,0.4020799011532125,0.5147723688360846
1980,0.6796,1,0,1,625679,50765,72401,53855,0.4020799011532125,0.5147677308354043
1981,0.6798,1,0,1,625679,50765,72402,53854,0.4020799011532125,0.5147630927460595
1982,0.68,2241,4327,2241,630006,46438,74643,51613,0.36780826257762006,0.526389328002774
1983,0.6806,0,1,0,630007,46437,74643,51613,0.3678003421619567,0.5263946965833758
1984,0.6808,0,2,0,630009,46435,74643,51613,0.36778450133062984,0.526405434073107
1985,0.681,1,0,1,630009,46435,74644,51612,0.36778450133062984,0.5264006037920589
1986,0.6812,1,0,1,630009,46435,74645,51611,0.36778450133062984,0.5263957734124799
1987,0.6817,5,9,5,630018,46426,74650,51606,0.3677132175896591,0.5264199445079157
1988,0.682,2,3,2,630021,46423,74652,51604,0.36768945634266886,0.526426392728534
1989,0.6822,1,0,1,630021,46423,74653,51603,0.36768945634266886,0.5264215616265072
1990,0.6823,2,0,2,630021,46423,74655,51601,0.36768945634266886,0.5264118991267445
1991,0.6825,8,11,8,630032,46412,74663,51593,0.3676023317703713,0.5264323248813836
1992,0.6827,1,1,1,630033,46411,74664,51592,0.3675944113547079,0.5264328643000724
1993,0.6828,0,2,0,630035,46409,74664,51592,0.36757857052338105,0.5264436077182886
1994,0.683,1,0,1,630035,46409,74665,51591,0.36757857052338105,0.5264387755102041
1995,0.6833,24,52,24,630087,46357,74689,51567,0.36716670890888353,0.5266022629794535
1996,0.6835,0,1,0,630088,46356,74689,51567,0.36715878849322015,0.5266076406972826
1997,0.684,5,9,5,630097,46347,74694,51562,0.3670875047522494,0.526631872452992
1998,0.6842,1,4,1,630101,46343,74695,51561,0.3670558230895957,0.5266485536852427
1999,0.6847,1,0,1,630101,46343,74696,51560,0.3670558230895957,0.526643718782877
2000,0.6848,0,1,0,630102,46342,74696,51560,0.36704790267393234,0.5266490980776695
2001,0.685,57,92,57,630194,46250,74753,51503,0.3663192244328982,0.5268687406013115
2002,0.6853,1,0,1,630194,46250,74754,51502,0.3663192244328982,0.5268639004828546
2003,0.6857,0,2,0,630196,46248,74754,51502,0.3663033836015714,0.5268746803069053
2004,0.6858,0,1,0,630197,46247,74754,51502,0.366295463185908,0.5268800703843518
2005,0.686,8,6,8,630203,46241,74762,51494,0.3662479406919275,0.5268736890571443
2006,0.6867,21,45,21,630248,46196,74783,51473,0.36589152198707386,0.5270147129590761
2007,0.6868,1,0,1,630248,46196,74784,51472,0.36589152198707386,0.5270098701724208
2008,0.687,0,1,0,630249,46195,74784,51472,0.3658836015714105,0.5270152661595011
2009,0.6873,0,1,0,630250,46194,74784,51472,0.36587568115574703,0.5270206622570802
2010,0.6875,6,14,6,630264,46180,74790,51466,0.3657647953364593,0.5270671609692154
2011,0.6877,0,1,0,630265,46179,74790,51466,0.36575687492079584,0.527072558758769
2012,0.6878,1,0,1,630265,46179,74791,51465,0.36575687492079584,0.5270677153742166
2013,0.688,3,10,3,630275,46169,74794,51462,0.3656776707641617,0.5271071688295725
2014,0.6882,1,1,1,630276,46168,74795,51461,0.3656697503484983,0.5271077241393438
2015,0.6883,7,6,7,630282,46162,74802,51454,0.3656222278545178,0.5271062120963776
2016,0.6885,1,1,1,630283,46161,74803,51453,0.36561430743885437,0.527106767471879
2017,0.6888,1,1,1,630284,46160,74804,51452,0.365606387023191,0.527107322870139
2018,0.689,0,1,0,630285,46159,74804,51452,0.36559846660752754,0.5271127229513067
2019,0.6892,0,3,0,630288,46156,74804,51452,0.3655747053605373,0.5271289238587001
2020,0.6893,0,2,0,630290,46154,74804,51452,0.3655588645292105,0.5271397250169046
2021,0.6895,0,1,0,630291,46153,74804,51452,0.3655509441135471,0.5271451257619999
2022,0.69,2419,3943,2419,634234,42210,77223,49033,0.3343207451527056,0.5373891695801322
2023,0.6903,0,2,0,634236,42208,77223,49033,0.33430490432137877,0.5374009491347091
2024,0.6908,0,1,0,634237,42207,77223,49033,0.3342969839057154,0.5374068391056555
2025,0.691,2,1,2,634238,42206,77225,49031,0.33428906349005194,0.5374025888619749
2026,0.6915,0,1,0,634239,42205,77225,49031,0.33428114307438855,0.5374084791091236
2027,0.6917,0,5,0,634244,42200,77225,49031,0.33424154099607145,0.5374379322817902
2028,0.692,0,4,0,634248,42196,77225,49031,0.3342098593334178,0.5374614971444858
2029,0.6925,6,10,6,634258,42186,77231,49025,0.3341306551767837,0.5374899957242
2030,0.6927,0,1,0,634259,42185,77231,49025,0.33412273476112025,0.5374958886087052
2031,0.6928,0,1,0,634260,42184,77231,49025,0.33411481434545687,0.5375017816224276
2032,0.693,1,1,1,634261,42183,77232,49024,0.3341068939297934,0.5375026039668008
2033,0.6933,27,30,27,634291,42153,77259,48997,0.33386928145989103,0.5375425123422929
2034,0.6937,1,0,1,634291,42153,77260,48996,0.33386928145989103,0.5375374386992726
2035,0.6938,1,0,1,634291,42153,77261,48995,0.33386928145989103,0.5375323649449247
2036,0.694,6,9,6,634300,42144,77267,48989,0.33379799771892027,0.5375550020300001
2037,0.6942,0,3,0,634303,42141,77267,48989,0.33377423647193005,0.5375726983430265
2038,0.6943,0,2,0,634305,42139,77267,48989,0.3337583956406032,0.5375844965323501
2039,0.6947,0,1,0,634306,42138,77267,48989,0.3337504752249398,0.5375903958212166
2040,0.695,53,78,53,634384,42060,77320,48936,0.3331326828031935,0.5377818805222208
2041,0.6957,0,2,0,634386,42058,77320,48936,0.3331168419718667,0.5377937006835616
2042,0.6958,0,1,0,634387,42057,77320,48936,0.33310892155620325,0.5377996109590848
2043,0.6959,0,3,0,634390,42054,77320,48936,0.33308516030921304,0.537817342565117
2044,0.696,9,7,9,634397,42047,77329,48927,0.3330297173995691,0.5378130015169169
2045,0.6962,1,0,1,634397,42047,77330,48926,0.3330297173995691,0.5378079210315149
2046,0.6963,1,1,1,634398,42046,77331,48925,0.3330217969839057,0.5378087522397248
2047,0.6967,25,44,25,634442,42002,77356,48900,0.3326732986947155,0.5379419594728388
2048,0.697,0,1,0,634443,42001,77356,48900,0.33266537827905207,0.5379478773610852
2049,0.6971,3,1,3,634444,42000,77359,48897,0.3326574578633887,0.537938545826595
2050,0.6975,16,16,16,634460,41984,77375,48881,0.33253073121277404,0.5379519066747372
2051,0.6977,0,3,0,634463,41981,77375,48881,0.3325069699657838,0.5379696682881733
2052,0.698,4,5,4,634468,41976,77379,48877,0.3324673678874667,0.537978933001662
2053,0.6982,1,1,1,634469,41975,77380,48876,0.33245944747180334,0.5379797690724373
2054,0.6983,4,4,4,634473,41971,77384,48872,0.3324277658091497,0.5379831137236771
2055,0.699,0,2,0,634475,41969,77384,48872,0.33241192497782285,0.5379949582237096
2056,0.6993,0,1,0,634476,41968,77384,48872,0.3324040045621594,0.5380008806693086
2057,0.6995,1,2,1,634478,41966,77385,48871,0.3323881637308326,0.5380076400585665
2058,0.6998,0,2,0,634480,41964,77385,48871,0.33237232289950575,0.538019485880993
2059,0.7,2213,3690,2213,638170,38274,79598,46658,0.30314598910150803,0.5493571327650355
2060,0.7007,1,2,1,638172,38272,79599,46657,0.3031301482701812,0.5493647635083423
2061,0.7008,2,0,2,638172,38272,79601,46655,0.3031301482701812,0.5493541512122175
2062,0.7012,0,1,0,638173,38271,79601,46655,0.3031222278545178,0.5493606198337376
2063,0.7015,0,3,0,638176,38268,79601,46655,0.30309846660752754,0.549380026612343
2064,0.7017,3,3,3,638179,38265,79604,46652,0.3030747053605373,0.5493835156682407
2065,0.702,1,5,1,638184,38260,79605,46651,0.3030351032822203,0.5494105592914934
2066,0.7022,0,1,0,638185,38259,79605,46651,0.30302718286655683,0.5494170297962548
2067,0.7023,0,2,0,638187,38257,79605,46651,0.30301134203523,0.5494299712630141
2068,0.7025,9,11,9,638198,38246,79614,46642,0.30292421746293247,0.549453397417774
2069,0.7029,0,1,0,638199,38245,79614,46642,0.302916297047269,0.5494598701803575
2070,0.7031,1,0,1,638199,38245,79615,46641,0.302916297047269,0.5494545625898264
2071,0.7033,20,31,20,638230,38214,79635,46621,0.3026707641617032,0.5495491247716154
2072,0.7035,0,1,0,638231,38213,79635,46621,0.3026628437460398,0.549555602706462
2073,0.7037,0,3,0,638234,38210,79635,46621,0.3026390824990495,0.5495750374273556
2074,0.7038,1,2,1,638236,38208,79636,46620,0.3026232416677227,0.5495826849625124
2075,0.704,1,5,1,638241,38203,79637,46619,0.30258363958940565,0.5496097710499634
2076,0.7042,1,3,1,638244,38200,79638,46618,0.30255987834241543,0.5496239005871395
2077,0.7043,0,4,0,638248,38196,79638,46618,0.3025281966797618,0.5496498219633551
2078,0.705,54,71,54,638319,38125,79692,46564,0.30196584716765934,0.5498234717613858
2079,0.7057,2,1,2,638320,38124,79694,46562,0.30195792675199595,0.5498193325933448
2080,0.7058,0,1,0,638321,38123,79694,46562,0.3019500063363325,0.5498258251166086
2081,0.706,6,6,6,638327,38117,79700,46556,0.301902483842352,0.549832886516363
2082,0.7062,1,2,1,638329,38115,79701,46555,0.30188664301102525,0.5498405574583678
2083,0.7067,17,47,17,638376,38068,79718,46538,0.30151438347484477,0.5500555516157246
2084,0.707,1,0,1,638376,38068,79719,46537,0.30151438347484477,0.5500502334377401
2085,0.7071,1,0,1,638376,38068,79720,46536,0.30151438347484477,0.5500449151340362
2086,0.7072,0,1,0,638377,38067,79720,46536,0.30150646305918133,0.5500514166164321
2087,0.7073,1,0,1,638377,38067,79721,46535,0.30150646305918133,0.5500460982009882
2088,0.7075,16,15,16,638392,38052,79737,46519,0.30138765682423013,0.5500585307020137
2089,0.7077,1,1,1,638393,38051,79738,46518,0.30137973640856675,0.5500597145526138
2090,0.708,4,9,4,638402,38042,79742,46514,0.301308452667596,0.5500969771512371
2091,0.7082,0,1,0,638403,38041,79742,46514,0.3013005322519326,0.5501034829400981
2092,0.7083,11,4,11,638407,38037,79753,46503,0.30126885058927894,0.5500709723207949
2093,0.7087,1,0,1,638407,38037,79754,46502,0.30126885058927894,0.5500656501732928
2094,0.7088,0,2,0,638409,38035,79754,46502,0.3012530097579521,0.5500786637803565
2095,0.7092,1,3,1,638412,38032,79755,46501,0.30122924851096183,0.5500928631422048
2096,0.7093,1,1,1,638413,38031,79756,46500,0.30122132809529845,0.5500940483372964
2097,0.7097,0,2,0,638415,38029,79756,46500,0.3012054872639716,0.5501070638479102
2098,0.71,2316,3410,2316,641825,34619,82072,44184,0.2741968698517298,0.5606893138586094
2099,0.7107,0,2,0,641827,34617,82072,44184,0.274181029020403,0.5607035443712644
2100,0.7108,3,1,3,641828,34616,82075,44181,0.2741731086047396,0.5606939350482887
2101,0.7112,0,1,0,641829,34615,82075,44181,0.27416518818907615,0.5607010508147622
2102,0.7113,0,1,0,641830,34614,82075,44181,0.27415726777341276,0.5607081667618504
2103,0.7115,2,0,2,641830,34614,82077,44179,0.27415726777341276,0.5606970162324064
2104,0.7117,4,0,4,641830,34614,82081,44175,0.27415726777341276,0.5606747134752313
2105,0.712,6,5,6,641835,34609,82087,44169,0.27411766569509566,0.5606768387113154
2106,0.7123,1,1,1,641836,34608,82088,44168,0.27410974527943227,0.5606783792017873
2107,0.7125,7,10,7,641846,34598,82095,44161,0.2740305411227981,0.560710521972092
2108,0.7127,1,1,1,641847,34597,82096,44160,0.27402262070713473,0.5607120636895768
2109,0.7129,0,1,0,641848,34596,82096,44160,0.2740147002914713,0.56071918330032
2110,0.7133,21,31,21,641879,34565,82117,44139,0.27376916740590546,0.5608228298434641
2111,0.7135,1,0,1,641879,34565,82118,44138,0.27376916740590546,0.5608172496601146
2112,0.7137,1,1,1,641880,34564,82119,44137,0.27376124699024207,0.5608187951868464
2113,0.7138,1,0,1,641880,34564,82120,44136,0.27376124699024207,0.5608132147395172
2114,0.714,4,4,4,641884,34560,82124,44132,0.2737295653275884,0.5608193971432929
2115,0.7142,1,1,1,641885,34559,82125,44131,0.27372164491192497,0.5608209429406532
2116,0.7145,1,0,1,641885,34559,82126,44130,0.27372164491192497,0.5608153617405228
2117,0.7147,1,1,1,641886,34558,82127,44129,0.2737137244962616,0.5608169074942494
2118,0.715,43,65,43,641951,34493,82170,44086,0.27319889747813964,0.5610404815535958
2119,0.7152,0,1,0,641952,34492,82170,44086,0.27319097706247625,0.5610476214716588
2120,0.7158,0,2,0,641954,34490,82170,44086,0.2731751362311494,0.5610619018529831
2121,0.716,3,5,3,641959,34485,82173,44083,0.2731355341528323,0.5610808471642399
2122,0.7167,27,31,27,641990,34454,82200,44056,0.2728900012672665,0.5611514456757101
2123,0.7171,0,4,0,641994,34450,82200,44056,0.2728583196046129,0.5611800371946093
2124,0.7175,5,18,5,642012,34432,82205,44051,0.2727157521226714,0.5612807869220086
2125,0.7177,0,1,0,642013,34431,82205,44051,0.27270783170700796,0.5612879386356107
2126,0.7178,0,1,0,642014,34430,82205,44051,0.2726999112913446,0.5612950905314662
2127,0.718,11,4,11,642018,34426,82216,44040,0.2726682296286909,0.5612622027374914
2128,0.7181,1,0,1,642018,34426,82217,44039,0.2726682296286909,0.561256611227936
2129,0.7183,4,7,4,642025,34419,82221,44035,0.27261278671904704,0.5612843194738318
2130,0.719,1,1,1,642026,34418,82222,44034,0.2726048663033836,0.5612858818130831
2131,0.7192,1,0,1,642026,34418,82223,44033,0.2726048663033836,0.5612802896075257
2132,0.7193,1,0,1,642026,34418,82224,44032,0.2726048663033836,0.5612746972594009
2133,0.7195,1,3,1,642029,34415,82225,44031,0.2725811050563934,0.5612905693088239
2134,0.7197,0,1,0,642030,34414,82225,44031,0.27257318464072994,0.5612977245203646
2135,0.72,2343,3254,2343,645284,31160,84568,41688,0.24680015207198075,0.5722600483197892
2136,0.7203,0,1,0,645285,31159,84568,41688,0.24679223165631733,0.5722679039631008
2137,0.7207,0,1,0,645286,31158,84568,41688,0.24678431124065392,0.5722757598220904
2138,0.7208,2,1,2,645287,31157,84570,41686,0.2467763908249905,0.5722718723830704
2139,0.721,1,0,1,645287,31157,84571,41685,0.2467763908249905,0.5722660003843936
2140,0.7211,0,1,0,645288,31156,84571,41685,0.2467684704093271,0.572273856756497
2141,0.7213,0,2,0,645290,31154,84571,41685,0.24675262957800026,0.5722895701478603
2142,0.7215,0,1,0,645291,31153,84571,41685,0.24674470916233684,0.572297427167138
2143,0.7217,3,4,3,645295,31149,84574,41682,0.24671302749968319,0.572311241092392
2144,0.722,1,6,1,645301,31143,84575,41681,0.2466655050057027,0.5723525211468746
2145,0.7223,1,0,1,645301,31143,84576,41680,0.2466655050057027,0.5723466487236175
2146,0.7225,10,6,10,645307,31137,84586,41670,0.2466179825117222,0.572335077671103
2147,0.7227,0,2,0,645309,31135,84586,41670,0.24660214168039538,0.5723508000824119
2148,0.723,0,1,0,645310,31134,84586,41670,0.24659422126473196,0.5723586616119993
2149,0.7233,24,34,24,645344,31100,84610,41646,0.2463249271321759,0.5724850850905892
2150,0.7237,0,1,0,645345,31099,84610,41646,0.2463170067165125,0.5724929548422572
2151,0.7238,2,0,2,645345,31099,84612,41644,0.2463170067165125,0.5724812009402966
2152,0.7239,0,1,0,645346,31098,84612,41644,0.24630908630084908,0.57248907096313
2153,0.724,4,15,4,645361,31083,84616,41640,0.24619028006589785,0.5725836392888082
2154,0.7242,0,2,0,645363,31081,84616,41640,0.24617443923457102,0.5725993866971026
2155,0.7247,0,1,0,645364,31080,84616,41640,0.2461665188189076,0.5726072607260726
2156,0.725,56,76,56,645440,31004,84672,41584,0.24556456722848816,0.5728770595690748
2157,0.7253,0,1,0,645441,31003,84672,41584,0.24555664681282474,0.5728849518508824
2158,0.7256,0,1,0,645442,31002,84672,41584,0.24554872639716133,0.5728928443501502
2159,0.7257,0,2,0,645444,31000,84672,41584,0.2455328855658345,0.5729086300011021
2160,0.726,4,4,4,645448,30996,84676,41580,0.24550120390318084,0.5729166666666666
2161,0.7262,0,1,0,645449,30995,84676,41580,0.24549328348751742,0.5729245607991733
2162,0.7265,0,2,0,645451,30993,84676,41580,0.2454774426561906,0.5729403497168368
2163,0.7266,1,0,1,645451,30993,84677,41579,0.2454774426561906,0.5729344650829521
2164,0.7267,38,38,38,645489,30955,84715,41541,0.24517646686098085,0.5730109247406754
2165,0.7268,0,1,0,645490,30954,84715,41541,0.24516854644531744,0.5730188288847506
2166,0.7269,0,1,0,645491,30953,84715,41541,0.24516062602965405,0.5730267332468894
2167,0.727,0,2,0,645493,30951,84715,41541,0.24514478519832722,0.5730425426253931
2168,0.7271,1,0,1,645493,30951,84716,41540,0.24514478519832722,0.573036652825868
2169,0.7273,1,1,1,645494,30950,84717,41539,0.2451368647826638,0.5730386679358247
2170,0.7275,8,12,8,645506,30938,84725,41531,0.24504181979470283,0.5730864231602478
2171,0.7276,0,1,0,645507,30937,84725,41531,0.2450338993790394,0.5730943312910526
2172,0.7277,1,1,1,645508,30936,84726,41530,0.245025978963376,0.5730963486324622
2173,0.7278,0,1,0,645509,30935,84726,41530,0.24501805854771258,0.5731042572276271
2174,0.728,3,5,3,645514,30930,84729,41527,0.2449784564693955,0.5731261299805401
2175,0.7283,8,6,8,645520,30924,84737,41519,0.24493093397541502,0.5731264580428751
2176,0.7285,1,0,1,645520,30924,84738,41518,0.24493093397541502,0.5731205654178515
2177,0.7287,0,2,0,645522,30922,84738,41518,0.24491509314408821,0.5731363887355052
2178,0.7288,0,1,0,645523,30921,84738,41518,0.2449071727284248,0.5731443007219867
2179,0.729,1,1,1,645524,30920,84739,41517,0.24489925231276138,0.5731463202507006
2180,0.7292,0,2,0,645526,30918,84739,41517,0.24488341148143455,0.5731621453717126
2181,0.7293,1,1,1,645527,30917,84740,41516,0.24487549106577114,0.5731641655046733
2182,0.7297,0,1,0,645528,30916,84740,41516,0.24486757065010772,0.5731720786392754
2183,0.73,2275,2888,2275,648416,28028,87015,39241,0.22199341021416805,0.5833444825997116
2184,0.7305,1,0,1,648416,28028,87016,39240,0.22199341021416805,0.5833382886364988
2185,0.7307,1,0,1,648416,28028,87017,39239,0.22199341021416805,0.5833320944891254
2186,0.7308,1,1,1,648417,28027,87018,39238,0.22198548979850463,0.583334572214376
2187,0.7314,0,1,0,648418,28026,87018,39238,0.22197756938284122,0.58334324452902
2188,0.7317,4,6,4,648424,28020,87022,39234,0.22193004688886073,0.5833705058435186
2189,0.7318,0,1,0,648425,28019,87022,39234,0.2219221264731973,0.5833791801109244
2190,0.732,4,0,4,648425,28019,87026,39230,0.2219221264731973,0.583354399321923
2191,0.7322,0,1,0,648426,28018,87026,39230,0.2219142060575339,0.5833630739947656
2192,0.7325,6,11,6,648437,28007,87032,39224,0.22182708148523633,0.5834213383706921
2193,0.7327,1,0,1,648437,28007,87033,39223,0.22182708148523633,0.5834151420496803
2194,0.7332,0,1,0,648438,28006,87033,39223,0.22181916106957292,0.583423820077645
2195,0.7333,24,28,24,648466,27978,87057,39199,0.22159738943099733,0.5835181684207392
2196,0.7335,1,2,1,648468,27976,87058,39198,0.2215815485996705,0.58352934170959
2197,0.7338,0,1,0,648469,27975,87058,39198,0.2215736281840071,0.5835380286722344
2198,0.734,7,4,7,648473,27971,87065,39191,0.22154194652135345,0.5835293767308894
2199,0.7342,1,1,1,648474,27970,87066,39190,0.22153402610569004,0.5835318642048839
2200,0.7343,0,2,0,648476,27968,87066,39190,0.2215181852743632,0.5835492420858275
2201,0.7345,0,1,0,648477,27967,87066,39190,0.2215102648586998,0.5835579314144468
2202,0.7347,0,1,0,648478,27966,87066,39190,0.22150234444303638,0.5835666210018464
2203,0.7348,0,1,0,648479,27965,87066,39190,0.22149442402737296,0.5835753108480382
2204,0.735,43,67,43,648546,27898,87109,39147,0.22096375617792421,0.5838914162129912
2205,0.7352,1,0,1,648546,27898,87110,39146,0.22096375617792421,0.5838852097130243
2206,0.7357,1,1,1,648547,27897,87111,39145,0.2209558357622608,0.5838877121804242
2207,0.7358,0,1,0,648548,27896,87111,39145,0.22094791534659738,0.5838964215927567
2208,0.736,5,1,5,648549,27895,87116,39140,0.22093999493093397,0.5838740956216901
2209,0.7362,1,1,1,648550,27894,87117,39139,0.22093207451527055,0.5838765980934764
2210,0.7365,0,2,0,648552,27892,87117,39139,0.22091623368394372,0.5838940191851532
2211,0.7367,19,24,19,648576,27868,87136,39120,0.2207261437080218,0.5839851913775601
2212,0.7368,1,0,1,648576,27868,87137,39119,0.2207261437080218,0.5839789809963127
2213,0.737,0,1,0,648577,27867,87137,39119,0.22071822329235838,0.5839876989221628
2214,0.7371,1,0,1,648577,27867,87138,39118,0.22071822329235838,0.5839814883929237
2215,0.7372,0,2,0,648579,27865,87138,39118,0.22070238246103155,0.5839989251003986
2216,0.7373,0,1,0,648580,27864,87138,39118,0.22069446204536813,0.584007643844615
2217,0.7375,10,9,10,648589,27855,87148,39108,0.22062317830439743,0.5840240132610546
2218,0.7377,1,1,1,648590,27854,87149,39107,0.220615257888734,0.5840265229013903
2219,0.738,2,3,2,648593,27851,87151,39105,0.22059149664174377,0.5840402652488201
2220,0.7383,3,8,3,648601,27843,87154,39102,0.22052813331643645,0.5840914183284786
2221,0.7386,0,3,0,648604,27840,87154,39102,0.2205043720694462,0.5841175943353948
2222,0.7387,0,1,0,648605,27839,87154,39102,0.2204964516537828,0.5841263201924083
2223,0.739,0,1,0,648606,27838,87154,39102,0.22048853123811937,0.5841350463101285
2224,0.7391,1,0,1,648606,27838,87155,39101,0.22048853123811937,0.5841288337142772
2225,0.7392,0,2,0,648608,27836,87155,39101,0.22047269040679254,0.5841462868069976
2226,0.7396,1,0,1,648608,27836,87156,39100,0.22047269040679254,0.5841400741006334
2227,0.74,2248,2695,2248,651303,25141,89404,36852,0.19912717019389178,0.5944542125723872
2228,0.7405,1,1,1,651304,25140,89405,36851,0.19911924977822837,0.5944572599248278
2229,0.7408,3,0,3,651304,25140,89408,36848,0.19911924977822837,0.5944376330902755
2230,0.741,0,1,0,651305,25139,89408,36848,0.19911132936256495,0.5944472228047817
2231,0.7413,2,0,2,651305,25139,89410,36846,0.19911132936256495,0.5944341372912801
2232,0.7415,0,1,0,651306,25138,89410,36846,0.19910340894690154,0.594443727413526
2233,0.7417,1,5,1,651311,25133,89411,36845,0.19906380686858446,0.5944851398883475
2234,0.7419,0,1,0,651312,25132,89411,36845,0.19905588645292105,0.5944947319166788
2235,0.742,1,1,1,651313,25131,89412,36844,0.19904796603725763,0.594497781363453
2236,0.7422,0,2,0,651315,25129,89412,36844,0.1990321252059308,0.5945169670663031
2237,0.7425,6,8,6,651323,25121,89418,36838,0.19896876188062348,0.5945544634354977
2238,0.7426,0,1,0,651324,25120,89418,36838,0.19896084146496007,0.5945640595241938
2239,0.7427,2,0,2,651324,25120,89420,36836,0.19896084146496007,0.5945509716573052
2240,0.7428,1,1,1,651325,25119,89421,36835,0.19895292104929665,0.5945540239532556
2241,0.7433,23,27,23,651352,25092,89444,36812,0.19873906982638448,0.5946627035409666
2242,0.7435,2,1,2,651353,25091,89446,36810,0.19873114941072106,0.5946592139060758
2243,0.7437,0,1,0,651354,25090,89446,36810,0.19872322899505765,0.5946688206785137
2244,0.7438,0,1,0,651355,25089,89446,36810,0.19871530857939423,0.5946784277613532
2245,0.744,1,5,1,651360,25084,89447,36809,0.1986757065010772,0.5947199198616968
2246,0.7442,0,3,0,651363,25081,89447,36809,0.19865194525408694,0.5947487477783163
2247,0.7443,0,2,0,651365,25079,89447,36809,0.1986361044227601,0.594767967942089
2248,0.7444,0,1,0,651366,25078,89447,36809,0.1986281840070967,0.5947775784898283
2249,0.7446,0,1,0,651367,25077,89447,36809,0.19862026359143328,0.5947871893481563
2250,0.745,55,63,55,651430,25014,89502,36754,0.1981212774046382,0.5950330268099987
2251,0.7452,0,1,0,651431,25013,89502,36754,0.19811335698897478,0.5950426603202357
2252,0.7453,0,2,0,651433,25011,89502,36754,0.19809751615764795,0.595061928276532
2253,0.7457,1,1,1,651434,25010,89503,36753,0.19808959574198454,0.595065006557324
2254,0.7458,1,1,1,651435,25009,89504,36752,0.19808167532632112,0.5950680850374832
2255,0.746,4,5,4,651440,25004,89508,36748,0.19804207324800405,0.5950900375696334
2256,0.7462,1,2,1,651442,25002,89509,36747,0.19802623241667722,0.595102754700481
2257,0.7467,31,28,31,651470,24974,89540,36716,0.19780446077810163,0.5951693953639163
2258,0.7468,0,1,0,651471,24973,89540,36716,0.1977965403624382,0.5951790432654119
2259,0.747,1,0,1,651471,24973,89541,36715,0.1977965403624382,0.5951724808714823
2260,0.7473,1,1,1,651472,24972,89542,36714,0.1977886199467748,0.5951755665791265
2261,0.7475,4,12,4,651484,24960,89546,36710,0.19769357495881384,0.5952651208042808
2262,0.7476,0,2,0,651486,24958,89546,36710,0.19767773412748701,0.595284426282675
2263,0.7478,0,1,0,651487,24957,89546,36710,0.1976698137118236,0.5952940794914622
2264,0.7479,0,1,0,651488,24956,89546,36710,0.19766189329616018,0.5953037330133298
2265,0.748,0,3,0,651491,24953,89546,36710,0.19763813204916994,0.5953326954575677
2266,0.7482,0,1,0,651492,24952,89546,36710,0.19763021163350653,0.5953423502319094
2267,0.7483,4,1,4,651493,24951,89550,36706,0.1976222912178431,0.5953257537668067
2268,0.7485,2,0,2,651493,24951,89552,36704,0.1976222912178431,0.595312626713162
2269,0.7486,0,1,0,651494,24950,89552,36704,0.1976143708021797,0.5953222824147663
2270,0.7488,1,0,1,651494,24950,89553,36703,0.1976143708021797,0.5953157186187209
2271,0.749,0,1,0,651495,24949,89553,36703,0.19760645038651628,0.5953253746837086
2272,0.7491,1,0,1,651495,24949,89554,36702,0.19760645038651628,0.5953188107248869
2273,0.7492,1,1,1,651496,24948,89555,36701,0.19759852997085287,0.5953219030316793
2274,0.7493,0,1,0,651497,24947,89555,36701,0.19759060955518945,0.5953315598235142
2275,0.7497,1,0,1,651497,24947,89556,36700,0.19759060955518945,0.5953249955391179
2276,0.7498,0,1,0,651498,24946,89556,36700,0.19758268913952604,0.5953346526944165
2277,0.75,2173,2477,2173,653975,22469,91729,34527,0.1779638195412495,0.6057793529370482
2278,0.7502,1,1,1,653976,22468,91730,34526,0.1779558991255861,0.6057830648840229
2279,0.7503,0,1,0,653977,22467,91730,34526,0.1779479787099227,0.6057936939624164
2280,0.7507,3,0,3,653977,22467,91733,34523,0.1779479787099227,0.6057729426215126
2281,0.7508,0,3,0,653980,22464,91733,34523,0.17792421746293247,0.6058048326811378
2282,0.7512,0,1,0,653981,22463,91733,34523,0.17791629704726905,0.6058154634471624
2283,0.7513,2,0,2,653981,22463,91735,34521,0.17791629704726905,0.6058016285273059
2284,0.7515,0,1,0,653982,22462,91735,34521,0.17790837663160564,0.6058122597967815
2285,0.7517,3,1,3,653983,22461,91738,34518,0.17790045621594222,0.6058021376296531
2286,0.752,3,5,3,653988,22456,91741,34515,0.17786085413762515,0.6058345474013095
2287,0.7525,18,9,18,653997,22447,91759,34497,0.1777895703966544,0.6058057038493959
2288,0.7527,0,1,0,653998,22446,91759,34497,0.177781649980991,0.605816342658448
2289,0.7533,21,25,21,654023,22421,91780,34476,0.17758363958940565,0.6059370441323796
2290,0.7537,0,2,0,654025,22419,91780,34476,0.17756779875807882,0.6059583443184814
2291,0.754,6,8,6,654033,22411,91786,34470,0.1775044354327715,0.6060020041841739
2292,0.7542,1,2,1,654035,22409,91787,34469,0.17748859460144467,0.6060163859488731
2293,0.7543,0,1,0,654036,22408,91787,34469,0.17748067418578126,0.6060270408073563
2294,0.7548,1,0,1,654036,22408,91788,34468,0.17748067418578126,0.6060201139320628
2295,0.755,37,55,37,654091,22353,91825,34431,0.1770450513242935,0.6063503803888419
2296,0.7554,0,1,0,654092,22352,91825,34431,0.17703713090863007,0.606361058767589
2297,0.7555,0,1,0,654093,22351,91825,34431,0.17702921049296666,0.6063717375224543
2298,0.7558,1,3,1,654096,22348,91826,34430,0.17700544924597642,0.6063968438479693
2299,0.756,2,2,2,654098,22346,91828,34428,0.1769896084146496,0.6064043400147955
2300,0.7561,0,1,0,654099,22345,91828,34428,0.1769816879989862,0.606415021224878
2301,0.7562,1,1,1,654100,22344,91829,34427,0.17697376758332278,0.6064187701467298
2302,0.7563,1,0,1,654100,22344,91830,34426,0.17697376758332278,0.6064118372379778
2303,0.7565,1,1,1,654101,22343,91831,34425,0.17696584716765937,0.6064155862457723
2304,0.7567,24,35,24,654136,22308,91855,34401,0.17668863261943987,0.6066232873088928
2305,0.7571,1,1,1,654137,22307,91856,34400,0.17668071220377646,0.606627047807149
2306,0.7573,2,1,2,654138,22306,91858,34398,0.17667279178811304,0.6066238713318285
2307,0.7574,0,1,0,654139,22305,91858,34398,0.17666487137244963,0.6066345695994921
2308,0.7575,14,16,14,654155,22289,91872,34384,0.176538144721835,0.6067086619730736
2309,0.7577,0,1,0,654156,22288,91872,34384,0.1765302243061716,0.6067193675889329
2310,0.7578,0,1,0,654157,22287,91872,34384,0.1765223038905082,0.6067300735826084
2311,0.758,4,3,4,654160,22284,91876,34380,0.17649854264351794,0.6067344345616265
2312,0.7583,2,3,2,654163,22281,91878,34378,0.1764747813965277,0.6067526783035352
2313,0.7586,0,1,0,654164,22280,91878,34378,0.17646686098086428,0.6067633873415934
2314,0.7588,0,1,0,654165,22279,91878,34378,0.17645894056520087,0.6067740967576822
2315,0.759,2,0,2,654165,22279,91880,34376,0.17645894056520087,0.606760215338452
2316,0.7592,3,2,3,654167,22277,91883,34373,0.17644309973387404,0.6067608120035305
2317,0.7594,1,0,1,654167,22277,91884,34372,0.17644309973387404,0.6067538703242775
2318,0.7597,1,0,1,654167,22277,91885,34371,0.17644309973387404,0.6067469283999435
2319,0.76,2258,2343,2258,656510,19934,94143,32113,0.157885565834495,0.6170000192134033
2320,0.7607,0,1,0,656511,19933,94143,32113,0.1578776454188316,0.617011874111363
2321,0.7608,1,1,1,656512,19932,94144,32112,0.15786972500316818,0.6170163707632004
2322,0.761,1,2,1,656514,19930,94145,32111,0.15785388417184135,0.6170327241982283
2323,0.7615,0,1,0,656515,19929,94145,32111,0.15784596375617793,0.6170445810914681
2324,0.7617,2,8,2,656523,19921,94147,32109,0.1577826004308706,0.6171247357293869
2325,0.762,3,2,3,656525,19919,94150,32106,0.15776675959954378,0.617126381547333
2326,0.7622,0,2,0,656527,19917,94150,32106,0.15775091876821695,0.6171501066835823
2327,0.7623,1,0,1,656527,19917,94151,32105,0.15775091876821695,0.6171427472992196
2328,0.7625,7,6,7,656533,19911,94158,32098,0.15770339627423646,0.6171624141975427
2329,0.7627,1,0,1,656533,19911,94159,32097,0.15770339627423646,0.6171550530687586
2330,0.763,0,1,0,656534,19910,94159,32097,0.15769547585857305,0.6171669198377141
2331,0.7633,20,28,20,656562,19882,94179,32077,0.15747370421999746,0.6173521430358552
2332,0.7637,1,0,1,656562,19882,94180,32076,0.15747370421999746,0.6173447784749221
2333,0.764,2,7,2,656569,19875,94182,32074,0.15741826131035358,0.6174132322085122
2334,0.7642,1,1,1,656570,19874,94183,32073,0.15741034089469016,0.6174177527094924
2335,0.7643,2,4,2,656574,19870,94185,32071,0.1573786592320365,0.6174505689147302
2336,0.765,49,34,49,656608,19836,94234,32022,0.15710936509948042,0.617493925720236
2337,0.7652,0,1,0,656609,19835,94234,32022,0.157101444683817,0.6175058333494031
2338,0.7655,0,1,0,656610,19834,94234,32022,0.1570935242681536,0.6175177414378278
2339,0.7657,0,5,0,656615,19829,94234,32022,0.15705392218983652,0.617577288769744
2340,0.7658,0,1,0,656616,19828,94234,32022,0.1570460017741731,0.6175891996142719
2341,0.7659,0,1,0,656617,19827,94234,32022,0.1570380813585097,0.6176011109182433
2342,0.766,2,3,2,656620,19824,94236,32020,0.15701432011151945,0.617622097060412
2343,0.7663,1,0,1,656620,19824,94237,32019,0.15701432011151945,0.617614721370291
2344,0.7665,0,2,0,656622,19822,94237,32019,0.15699847928019262,0.617638548639108
2345,0.7667,30,27,30,656649,19795,94267,31989,0.15678462805728044,0.6177390699830063
2346,0.7671,1,0,1,656649,19795,94268,31988,0.15678462805728044,0.6177316880057162
2347,0.7673,1,1,1,656650,19794,94269,31987,0.15677670764161702,0.6177362352986616
2348,0.7674,1,0,1,656650,19794,94270,31986,0.15677670764161702,0.617728852838934
2349,0.7675,8,10,8,656660,19784,94278,31978,0.1566975034849829,0.6177891117035663
2350,0.7677,1,0,1,656660,19784,94279,31977,0.1566975034849829,0.6177817275554954
2351,0.7678,1,0,1,656660,19784,94280,31976,0.1566975034849829,0.617774343122102
2352,0.7679,1,0,1,656660,19784,94281,31975,0.1566975034849829,0.6177669584033695
2353,0.768,3,4,3,656664,19780,94284,31972,0.15666582182232924,0.6177925490802287
2354,0.7681,1,0,1,656664,19780,94285,31971,0.15666582182232924,0.6177851635717184
2355,0.7683,2,6,2,656670,19774,94287,31969,0.15661829932834875,0.6178420269408422
2356,0.7685,1,0,1,656670,19774,94288,31968,0.15661829932834875,0.6178346411039388
2357,0.7692,4,2,4,656672,19772,94292,31964,0.15660245849702192,0.6178289778877377
2358,0.7693,0,2,0,656674,19770,94292,31964,0.1565866176656951,0.6178528627208413
2359,0.7695,0,1,0,656675,19769,94292,31964,0.15657869725003168,0.6178648058299344
2360,0.77,2242,2211,2242,658886,17558,96534,29722,0.13906665821822328,0.6286379018612521
2361,0.7702,1,0,1,658886,17558,96535,29721,0.13906665821822328,0.6286300471668183
2362,0.7704,0,1,0,658887,17557,96535,29721,0.13905873780255987,0.628643343627057
2363,0.7707,1,1,1,658888,17556,96536,29720,0.13905081738689645,0.6286487858532871
2364,0.7708,0,1,0,658889,17555,96536,29720,0.13904289697123304,0.6286620835536753
2365,0.7713,1,0,1,658889,17555,96537,29719,0.13904289697123304,0.6286542285400009
2366,0.7717,3,4,3,658893,17551,96540,29716,0.1390112153085794,0.6286838597753189
2367,0.7718,1,1,1,658894,17550,96541,29715,0.139003294892916,0.6286893049825453
2368,0.772,2,3,2,658897,17547,96543,29713,0.13897953364592575,0.6287134997884045
2369,0.7725,8,5,8,658902,17542,96551,29705,0.13893993156760867,0.6287171672275489
2370,0.7727,0,2,0,658904,17540,96551,29705,0.13892409073628184,0.6287437824108372
2371,0.7733,23,17,23,658921,17523,96574,29682,0.13878944367000381,0.628789323164919
2372,0.7735,1,2,1,658923,17521,96575,29681,0.13877360283867698,0.6288081013516377
2373,0.774,6,7,6,658930,17514,96581,29675,0.13871815992903308,0.6288541821187141
2374,0.7742,1,1,1,658931,17513,96582,29674,0.13871023951336967,0.6288596435458919
2375,0.7743,1,1,1,658932,17512,96583,29673,0.13870231909770625,0.6288651054360496
2376,0.775,42,47,42,658979,17465,96625,29631,0.13833005956152578,0.6291617122473246
2377,0.7752,1,0,1,658979,17465,96626,29630,0.13833005956152578,0.6291538379870475
2378,0.7753,3,0,3,658979,17465,96629,29627,0.13833005956152578,0.6291302131996942
2379,0.7755,0,2,0,658981,17463,96629,29627,0.13831421873019897,0.6291569335315353
2380,0.7757,1,4,1,658985,17459,96630,29626,0.1382825370675453,0.6292025061059785
2381,0.7758,0,1,0,658986,17458,96630,29626,0.1382746166518819,0.6292158695098122
2382,0.776,5,5,5,658991,17453,96635,29621,0.13823501457356482,0.629243319029613
2383,0.7762,1,0,1,658991,17453,96636,29620,0.13823501457356482,0.6292354428228496
2384,0.7763,1,0,1,658991,17453,96637,29619,0.13823501457356482,0.6292275662814412
2385,0.7764,1,0,1,658991,17453,96638,29618,0.13823501457356482,0.6292196894053663
2386,0.7765,0,1,0,658992,17452,96638,29618,0.1382270941579014,0.6292330571489271
2387,0.7767,22,20,22,659012,17432,96660,29596,0.13806868584463314,0.629327209322106
2388,0.7771,2,0,2,659012,17432,96662,29594,0.13806868584463314,0.6293114447327011
2389,0.7773,0,1,0,659013,17431,96662,29594,0.13806076542896972,0.6293248272195641
2390,0.7775,7,10,7,659023,17421,96669,29587,0.13798156127233557,0.6294035057862492
2391,0.7778,1,1,1,659024,17420,96670,29586,0.13797364085667216,0.6294090116155384
2392,0.7779,1,0,1,659024,17420,96671,29585,0.13797364085667216,0.6294011275396234
2393,0.778,1,4,1,659028,17416,96672,29584,0.1379419591940185,0.6294468085106383
2394,0.7782,1,0,1,659028,17416,96673,29583,0.1379419591940185,0.6294389242324305
2395,0.7783,3,2,3,659030,17414,96676,29580,0.13792611836269167,0.6294420564327361
2396,0.7785,1,2,1,659032,17412,96677,29579,0.13791027753136484,0.6294609606094784
2397,0.7789,0,1,0,659033,17411,96677,29579,0.13790235711570142,0.6294743562460098
2398,0.779,1,0,1,659033,17411,96678,29578,0.13790235711570142,0.6294664708761625
2399,0.7792,3,2,3,659035,17409,96681,29575,0.1378865162843746,0.6294696066746126
2400,0.7793,1,0,1,659035,17409,96682,29574,0.1378865162843746,0.6294617201966669
2401,0.7795,1,0,1,659035,17409,96683,29573,0.1378865162843746,0.6294538333829978
2402,0.7797,0,1,0,659036,17408,96683,29573,0.13787859586871118,0.629467231433984
2403,0.78,2182,1983,2182,661019,15425,98865,27391,0.1221724116081612,0.6397374813153961
2404,0.7803,0,1,0,661020,15424,98865,27391,0.12216449119249778,0.6397524232161625
2405,0.7807,1,1,1,661021,15423,98866,27390,0.12215657077683437,0.6397589517202719
2406,0.7808,1,4,1,661025,15419,98867,27389,0.1221248891141807,0.6398103158288171
2407,0.781,0,1,0,661026,15418,98867,27389,0.12211696869851729,0.6398252622234681
2408,0.7813,1,5,1,661031,15413,98868,27388,0.12207736662020023,0.6398915913179598
2409,0.7817,6,5,6,661036,15408,98874,27382,0.12203776454188316,0.6399158681935031
2410,0.782,5,3,5,661039,15405,98879,27377,0.12201400329489291,0.6399186573792717
2411,0.7825,1,11,1,661050,15394,98880,27376,0.12192687872259536,0.640074818798223
2412,0.7827,2,0,2,661050,15394,98882,27374,0.12192687872259536,0.6400579872802095
2413,0.7829,0,1,0,661051,15393,98882,27374,0.12191895830693195,0.6400729534454135
2414,0.7832,1,0,1,661051,15393,98883,27373,0.12191895830693195,0.6400645372492166
2415,0.7833,16,24,16,661075,15369,98899,27357,0.12172886833101002,0.640289285212751
2416,0.7835,1,0,1,661075,15369,98900,27356,0.12172886833101002,0.6402808660035109
2417,0.7837,0,1,0,661076,15368,98900,27356,0.1217209479153466,0.6402958524482726
2418,0.784,0,3,0,661079,15365,98900,27356,0.12169718666835636,0.640340815992135
2419,0.7842,2,0,2,661079,15365,98902,27354,0.12169718666835636,0.640323977621199
2420,0.7843,2,0,2,661079,15365,98904,27352,0.12169718666835636,0.6403071376735258
2421,0.7847,0,2,0,661081,15363,98904,27352,0.12168134583702953,0.6403371181083929
2422,0.785,56,44,56,661125,15319,98960,27296,0.12133284754783931,0.6405256365129649
2423,0.7853,1,1,1,661126,15318,98961,27295,0.1213249271321759,0.6405322319479971
2424,0.7856,0,1,0,661127,15317,98961,27295,0.12131700671651248,0.6405472636815921
2425,0.7857,1,3,1,661130,15314,98962,27294,0.12129324546952223,0.6405839279008637
2426,0.786,4,6,4,661136,15308,98966,27290,0.12124572297554176,0.6406404056528475
2427,0.7863,0,1,0,661137,15307,98966,27290,0.12123780255987834,0.6406554452191469
2428,0.7865,1,1,1,661138,15306,98967,27289,0.12122988214421493,0.6406620495363305
2429,0.7867,27,21,27,661159,15285,98994,27262,0.12106355341528323,0.6407502291583426
2430,0.7868,0,1,0,661160,15284,98994,27262,0.12105563299961981,0.6407652893338974
2431,0.7875,8,5,8,661165,15279,99002,27254,0.12101603092130275,0.6407730468107117
2432,0.788,2,4,2,661169,15275,99004,27252,0.1209843492586491,0.6408164225080537
2433,0.7883,6,2,6,661171,15273,99010,27246,0.12096850842732226,0.6407958794891695
2434,0.7886,2,0,2,661171,15273,99012,27244,0.12096850842732226,0.6407789825246372
2435,0.7888,0,1,0,661172,15272,99012,27244,0.12096058801165885,0.6407940540031988
2436,0.7892,1,0,1,661172,15272,99013,27243,0.12096058801165885,0.6407856050805598
2437,0.7893,0,1,0,661173,15271,99013,27243,0.12095266759599543,0.6408006774239074
2438,0.7898,0,1,0,661174,15270,99013,27243,0.12094474718033202,0.6408157504763249
2439,0.79,2177,1879,2177,663053,13391,101190,25066,0.1060622861487771,0.6517929115635644
2440,0.7902,1,0,1,663053,13391,101191,25065,0.1060622861487771,0.6517838568753901
2441,0.7908,2,1,2,663054,13390,101193,25063,0.10605436573311368,0.6517826957584584
2442,0.7917,3,1,3,663055,13389,101196,25060,0.10604644531745026,0.6517724778277718
2443,0.792,0,2,0,663057,13387,101196,25060,0.10603060448612343,0.6518063828127032
2444,0.7923,0,1,0,663058,13386,101196,25060,0.10602268407046002,0.6518233366279977
2445,0.7925,9,8,9,663066,13378,101205,25051,0.1059593207451527,0.6518774883551485
2446,0.7927,1,0,1,663066,13378,101206,25050,0.1059593207451527,0.6518684292703237
2447,0.793,1,0,1,663066,13378,101207,25049,0.1059593207451527,0.6518593697140032
2448,0.7933,18,10,18,663076,13368,101225,25031,0.10588011658851856,0.6518659340086982
2449,0.7937,0,1,0,663077,13367,101225,25031,0.10587219617285515,0.6518829105682588
2450,0.794,3,1,3,663078,13366,101228,25028,0.10586427575719173,0.6518726884409022
2451,0.7942,1,0,1,663078,13366,101229,25027,0.10586427575719173,0.6518636209725731
2452,0.7943,1,1,1,663079,13365,101230,25026,0.10585635534152832,0.651871532390404
2453,0.7945,2,0,2,663079,13365,101232,25024,0.10585635534152832,0.6518533955039204
2454,0.7946,0,1,0,663080,13364,101232,25024,0.1058484349258649,0.6518703761592164
2455,0.7948,0,1,0,663081,13363,101232,25024,0.10584051451020149,0.6518873576992211
2456,0.795,43,45,43,663126,13318,101275,24981,0.10548409580534786,0.6522624611608658
2457,0.7952,1,0,1,663126,13318,101276,24980,0.10548409580534786,0.6522533813776177
2458,0.7957,0,1,0,663127,13317,101276,24980,0.10547617538968446,0.6522704128260699
2459,0.7958,1,0,1,663127,13317,101277,24979,0.10547617538968446,0.6522613327762691
2460,0.796,3,5,3,663132,13312,101280,24976,0.10543657331136738,0.6523192645215211
2461,0.7962,2,0,2,663132,13312,101282,24974,0.10543657331136738,0.6523011022305804
2462,0.7963,1,1,1,663133,13311,101283,24973,0.10542865289570397,0.6523090586145648
2463,0.7967,28,27,28,663160,13284,101311,24945,0.10521480167279179,0.6525151063328887
2464,0.7968,1,0,1,663160,13284,101312,24944,0.10521480167279179,0.6525060165323846
2465,0.797,1,3,1,663163,13281,101313,24943,0.10519104042580155,0.6525481372959397
2466,0.7971,1,1,1,663164,13280,101314,24942,0.10518312001013813,0.6525561195123227
2467,0.7973,0,1,0,663165,13279,101314,24942,0.10517519959447472,0.6525731927474425
2468,0.7975,10,9,10,663174,13270,101324,24932,0.105103915853504,0.6526359876446259
2469,0.798,4,2,4,663176,13268,101328,24928,0.10508807502217717,0.6526337836422662
2470,0.7981,1,0,1,663176,13268,101329,24927,0.10508807502217717,0.6526246890954314
2471,0.7982,1,1,1,663177,13267,101330,24926,0.10508015460651375,0.652632681381405
2472,0.7983,2,3,2,663180,13264,101332,24924,0.1050563933595235,0.6526657588771342
2473,0.7985,1,1,1,663181,13263,101333,24923,0.10504847294386009,0.6526737547792385
2474,0.7988,1,0,1,663181,13263,101334,24922,0.10504847294386009,0.6526646588974728
2475,0.799,1,1,1,663182,13262,101335,24921,0.10504055252819668,0.6526726553701909
2476,0.7992,0,4,0,663186,13258,101335,24921,0.10500887086554303,0.6527410356478692
2477,0.7997,0,1,0,663187,13257,101335,24921,0.10500095044987962,0.6527581329561527
2478,0.7998,0,2,0,663189,13255,101335,24921,0.10498510961855279,0.6527923302598492
2479,0.8,2079,1712,2079,664901,11543,103414,22842,0.09142535800278799,0.664301294168969
2480,0.8002,0,1,0,664902,11542,103414,22842,0.09141743758712458,0.664320614239181
2481,0.8003,0,1,0,664903,11541,103414,22842,0.09140951717146116,0.6643399354332082
2482,0.8005,1,0,1,664903,11541,103415,22841,0.09140951717146116,0.6643301727648188
2483,0.8008,1,2,1,664905,11539,103416,22840,0.09139367634013433,0.6643590564007097
2484,0.8012,1,0,1,664905,11539,103417,22839,0.09139367634013433,0.6643492931525976
2485,0.8013,1,0,1,664905,11539,103418,22838,0.09139367634013433,0.664339529336475
2486,0.8016,0,1,0,664906,11538,103418,22838,0.09138575592447092,0.6643588550151268
2487,0.8017,1,5,1,664911,11533,103419,22837,0.09134615384615384,0.6644457375618271
2488,0.802,2,2,2,664913,11531,103421,22835,0.09133031301482702,0.6644648780771693
2489,0.8025,7,6,7,664919,11525,103428,22828,0.09128279052084654,0.664512560766163
2490,0.8027,0,1,0,664920,11524,103428,22828,0.09127487010518312,0.6645319049836982
2491,0.8028,1,0,1,664920,11524,103429,22827,0.09127487010518312,0.6645221390934761
2492,0.803,1,0,1,664920,11524,103430,22826,0.09127487010518312,0.6645123726346434
2493,0.8033,21,10,21,664930,11514,103451,22805,0.09119566594854898,0.6645007138902649
2494,0.8035,0,1,0,664931,11513,103451,22805,0.09118774553288557,0.6645200769275599
2495,0.8036,0,1,0,664932,11512,103451,22805,0.09117982511722215,0.6645394410933356
2496,0.804,6,3,6,664935,11509,103457,22799,0.09115606387023191,0.6645388830593447
2497,0.8042,2,1,2,664936,11508,103459,22797,0.0911481434545685,0.6645386969829471
2498,0.8043,0,4,0,664940,11504,103459,22797,0.09111646179191484,0.6646161919477567
2499,0.8045,1,0,1,664940,11504,103460,22796,0.09111646179191484,0.6646064139941691
2500,0.8048,1,0,1,664940,11504,103461,22795,0.09111646179191484,0.6645966354704219
2501,0.805,37,47,37,664987,11457,103498,22758,0.09074420225573437,0.665146865409908
2502,0.8052,1,1,1,664988,11456,103499,22757,0.09073628184007097,0.6651565194516704
2503,0.8053,0,2,0,664990,11454,103499,22757,0.09072044100874414,0.6651954049867002
2504,0.8055,1,0,1,664990,11454,103500,22756,0.09072044100874414,0.6651856182402807
2505,0.8056,1,0,1,664990,11454,103501,22755,0.09072044100874414,0.6651758309216873
2506,0.8057,0,3,0,664993,11451,103501,22755,0.0906966797617539,0.6652341694439572
2507,0.8058,0,3,0,664996,11448,103501,22755,0.09067291851476365,0.6652925182001579
2508,0.806,3,5,3,665001,11443,103504,22752,0.09063331643644658,0.6653604328118146
2509,0.8062,1,0,1,665001,11443,103505,22751,0.09063331643644658,0.6653506463122185
2510,0.8065,0,1,0,665002,11442,103505,22751,0.09062539602078316,0.6653701049922499
2511,0.8067,17,21,17,665023,11421,103522,22734,0.09045906729185148,0.6656126482213439
2512,0.807,2,0,2,665023,11421,103524,22732,0.09045906729185148,0.6655930664948906
2513,0.8071,2,1,2,665024,11420,103526,22730,0.09045114687618806,0.665592972181552
2514,0.8073,0,1,0,665025,11419,103526,22730,0.09044322646052465,0.6656124630296641
2515,0.8074,1,0,1,665025,11419,103527,22729,0.09044322646052465,0.6656026707274219
2516,0.8075,7,6,7,665031,11413,103534,22722,0.09039570396654416,0.6656510912553097
2517,0.8077,0,1,0,665032,11412,103534,22722,0.09038778355088076,0.6656705923712427
2518,0.808,0,2,0,665034,11410,103534,22722,0.09037194271955393,0.6657095980311731
2519,0.8082,1,0,1,665034,11410,103535,22721,0.09037194271955393,0.6656998036975184
2520,0.8083,1,1,1,665035,11409,103536,22720,0.09036402230389051,0.6657095139031323
2521,0.8088,1,0,1,665035,11409,103537,22719,0.09036402230389051,0.6656997187060478
2522,0.809,0,1,0,665036,11408,103537,22719,0.0903561018882271,0.665719225246872
2523,0.8092,1,0,1,665036,11408,103538,22718,0.0903561018882271,0.6657094297603001
2524,0.8096,1,0,1,665036,11408,103539,22717,0.0903561018882271,0.6656996336996337
2525,0.81,1997,1481,1997,666517,9927,105536,20720,0.07862596629071093,0.676085750644435
2526,0.8102,0,1,0,666518,9926,105536,20720,0.07861804587504752,0.6761078117862037
2527,0.8107,2,1,2,666519,9925,105538,20718,0.0786101254593841,0.6761087360898085
2528,0.8108,1,0,1,666519,9925,105539,20717,0.0786101254593841,0.6760981659160629
2529,0.811,0,2,0,666521,9923,105539,20717,0.07859428462805729,0.6761422976501306
2530,0.8113,0,1,0,666522,9922,105539,20717,0.07858636421239387,0.676164365677731
2531,0.8117,1,0,1,666522,9922,105540,20716,0.07858636421239387,0.6761537959396827
2532,0.812,2,1,2,666523,9921,105542,20714,0.07857844379673046,0.6761547249877591
2533,0.8125,11,5,11,666528,9916,105553,20703,0.07853884171841338,0.6761487964989059
2534,0.8127,2,0,2,666528,9916,105555,20701,0.07853884171841338,0.6761276415063526
2535,0.813,1,0,1,666528,9916,105556,20700,0.07853884171841338,0.6761170629736085
2536,0.8133,26,11,26,666539,9905,105582,20674,0.07845171714611583,0.6760848948624874
2537,0.814,7,3,7,666542,9902,105589,20667,0.07842795589912559,0.6760770715430665
2538,0.8142,6,0,6,666542,9902,105595,20661,0.07842795589912559,0.6760134803520597
2539,0.8143,1,1,1,666543,9901,105596,20660,0.07842003548346217,0.6760249991819639
2540,0.8147,0,1,0,666544,9900,105596,20660,0.07841211506779876,0.6760471204188482
2541,0.815,55,21,55,666565,9879,105651,20605,0.07824578633886706,0.6759283558588112
2542,0.8152,1,1,1,666566,9878,105652,20604,0.07823786592320366,0.6759398989567613
2543,0.8153,1,1,1,666567,9877,105653,20603,0.07822994550754024,0.6759514435695538
2544,0.8158,1,1,1,666568,9876,105654,20602,0.07822202509187683,0.6759629896974867
2545,0.816,3,6,3,666574,9870,105657,20599,0.07817450259789634,0.6760641963963373
2546,0.8165,0,1,0,666575,9869,105657,20599,0.07816658218223292,0.6760863857161612
2547,0.8167,22,14,22,666589,9855,105679,20577,0.07805569636294513,0.6761632492113565
2548,0.817,0,2,0,666591,9853,105679,20577,0.0780398555316183,0.6762076897798226
2549,0.8175,7,6,7,666597,9847,105686,20570,0.07799233303763782,0.6762665614623401
2550,0.8177,1,1,1,666598,9846,105687,20569,0.0779844126219744,0.6762781522275193
2551,0.818,4,3,4,666601,9843,105691,20565,0.07796065137498416,0.6763022888713497
2552,0.8183,3,6,3,666607,9837,105694,20562,0.07791312888100367,0.6764038290733247
2553,0.8186,1,0,1,666607,9837,105695,20561,0.07791312888100367,0.6763931837620896
2554,0.8187,0,1,0,666608,9836,105695,20561,0.07790520846534026,0.6764154357337895
2555,0.819,0,3,0,666611,9833,105695,20561,0.07788144721835003,0.6764822004342962
2556,0.8192,3,2,3,666613,9831,105698,20558,0.0778656063870232,0.6764947842969495
2557,0.8193,1,0,1,666613,9831,105699,20557,0.0778656063870232,0.6764841384757141
2558,0.8194,0,2,0,666615,9829,105699,20557,0.07784976555569637,0.6765286645165537
2559,0.8196,0,1,0,666616,9828,105699,20557,0.07784184514003295,0.6765509297350667
2560,0.82,1999,1322,1999,667938,8506,107698,18558,0.06737105563299962,0.6857079515223174
2561,0.8203,1,0,1,667938,8506,107699,18557,0.06737105563299962,0.6856963381738905
2562,0.8208,2,3,2,667941,8503,107701,18555,0.06734729438600938,0.6857491314953064
2563,0.821,0,2,0,667943,8501,107701,18555,0.06733145355468255,0.6857998225901834
2564,0.8212,0,1,0,667944,8500,107701,18555,0.06732353313901913,0.6858251709480687
2565,0.8217,4,1,4,667945,8499,107705,18551,0.06731561272335572,0.6858040665434381
2566,0.8219,0,1,0,667946,8498,107705,18551,0.0673076923076923,0.6858294206809864
2567,0.822,2,3,2,667949,8495,107707,18549,0.06728393106070206,0.6858822659369915
2568,0.8225,6,1,6,667950,8494,107713,18543,0.06727601064503864,0.6858379258053778
2569,0.823,0,1,0,667951,8493,107713,18543,0.06726809022937524,0.6858632933865957
2570,0.8232,0,1,0,667952,8492,107713,18543,0.06726016981371183,0.6858886628444609
2571,0.8233,24,13,24,667965,8479,107737,18519,0.06715720441008745,0.6859396992369805
2572,0.8235,1,0,1,667965,8479,107738,18518,0.06715720441008745,0.6859280660814164
2573,0.824,5,2,5,667967,8477,107743,18513,0.06714136357876062,0.6859207113745832
2574,0.8242,1,1,1,667968,8476,107744,18512,0.0671334431630972,0.6859344894026975
2575,0.8247,1,0,1,667968,8476,107745,18511,0.0671334431630972,0.685922851743432
2576,0.8248,1,0,1,667968,8476,107746,18510,0.0671334431630972,0.6859112132216705
2577,0.825,44,33,44,668001,8443,107790,18466,0.06687206944620454,0.6862388048608272
2578,0.8253,2,0,2,668001,8443,107792,18464,0.06687206944620454,0.6862154829598246
2579,0.826,1,3,1,668004,8440,107793,18463,0.06684830819921429,0.6862803404824741
2580,0.8262,0,1,0,668005,8439,107793,18463,0.06684038778355088,0.6863058508661066
2581,0.8267,15,10,15,668015,8429,107808,18448,0.06676118362691674,0.6863861294043234
2582,0.8268,1,0,1,668015,8429,107809,18447,0.06676118362691674,0.6863744604851912
2583,0.8271,0,1,0,668016,8428,107809,18447,0.06675326321125333,0.6864
2584,0.8275,9,2,9,668018,8426,107818,18438,0.0667374223799265,0.6863460393091125
2585,0.828,1,3,1,668021,8423,107819,18437,0.06671366113293625,0.6864110201042443
2586,0.8283,2,2,2,668023,8421,107821,18435,0.06669782030160942,0.6864387846291331
2587,0.8288,0,1,0,668024,8420,107821,18435,0.06668989988594601,0.6864643455594861
2588,0.829,1,0,1,668024,8420,107822,18434,0.06668989988594601,0.6864526699932971
2589,0.8292,1,2,1,668026,8418,107823,18433,0.06667405905461919,0.6864921231983911
2590,0.8293,1,0,1,668026,8418,107824,18432,0.06667405905461919,0.6864804469273743
2591,0.8297,1,2,1,668028,8416,107825,18431,0.06665821822329236,0.6865199091146125
2592,0.83,1837,1321,1837,669349,7095,109662,16594,0.056195349131922444,0.7004939001224197
2593,0.8305,2,0,2,669349,7095,109664,16592,0.056195349131922444,0.7004686114746486
2594,0.8308,0,1,0,669350,7094,109664,16592,0.05618742871625903,0.7004981845816094
2595,0.831,0,1,0,669351,7093,109664,16592,0.056179508300595614,0.7005277601857716
2596,0.8312,1,1,1,669352,7092,109665,16591,0.0561715878849322,0.7005446945066082
2597,0.8314,2,0,2,669352,7092,109667,16589,0.0561715878849322,0.7005194037413961
2598,0.8315,2,2,2,669354,7090,109669,16587,0.056155747053605376,0.7005532795539976
2599,0.8317,1,3,1,669357,7087,109670,16586,0.05613198580661513,0.7006294090313859
2600,0.832,3,3,3,669360,7084,109673,16583,0.056108224559624886,0.7006802721088435
2601,0.8325,5,3,5,669363,7081,109678,16578,0.05608446331263465,0.7007058624624879
2602,0.833,0,1,0,669364,7080,109678,16578,0.05607654289697123,0.7007354805985291
2603,0.8332,1,0,1,669364,7080,109679,16577,0.05607654289697123,0.7007228304518747
2604,0.8333,25,9,25,669373,7071,109704,16552,0.056005259156000506,0.7006730728527283
2605,0.8335,0,1,0,669374,7070,109704,16552,0.05599733874033709,0.7007027347388028
2606,0.8337,2,0,2,669374,7070,109706,16550,0.05599733874033709,0.7006773920406435
2607,0.834,4,2,4,669376,7068,109710,16546,0.05598149790901027,0.7006860337088168
2608,0.8342,0,1,0,669377,7067,109710,16546,0.05597357749334685,0.7007157074492865
2609,0.8343,2,2,2,669379,7065,109712,16544,0.05595773666202002,0.7007497140920835
2610,0.8347,1,0,1,669379,7065,109713,16543,0.05595773666202002,0.7007370382921043
2611,0.835,36,20,36,669399,7045,109749,16507,0.055799328348751745,0.7008746603260869
2612,0.8353,0,1,0,669400,7044,109749,16507,0.05579140793308833,0.7009044201944715
2613,0.8357,3,1,3,669401,7043,109752,16504,0.055783487517424915,0.7008960801800654
2614,0.8358,1,0,1,669401,7043,109753,16503,0.055783487517424915,0.7008833772190606
2615,0.836,7,2,7,669403,7041,109760,16496,0.055767646686098085,0.7008539745931937
2616,0.8365,0,1,0,669404,7040,109760,16496,0.05575972627043467,0.7008837525492863
2617,0.8367,23,14,23,669418,7026,109783,16473,0.055648840451146875,0.7010085535554704
2618,0.8368,1,0,1,669418,7026,109784,16472,0.055648840451146875,0.7009958294322921
2619,0.8375,8,4,8,669422,7022,109792,16464,0.05561715878849322,0.7010133696670356
2620,0.8378,0,1,0,669423,7021,109792,16464,0.05560923837282981,0.701043219076006
2621,0.838,2,3,2,669426,7018,109794,16462,0.05558547712583956,0.7011073253833049
2622,0.8383,1,3,1,669429,7015,109795,16461,0.055561715878849324,0.7011841881070029
2623,0.8386,1,0,1,669429,7015,109796,16460,0.055561715878849324,0.7011714589989351
2624,0.8387,0,1,0,669430,7014,109796,16460,0.05555379546318591,0.7012013291301014
2625,0.8388,0,1,0,669431,7013,109796,16460,0.055545875047522494,0.7012312018063307
2626,0.839,0,1,0,669432,7012,109796,16460,0.05553795463185908,0.7012610770279482
2627,0.8392,1,1,1,669433,7011,109797,16459,0.055530034216195664,0.7012782275244993
2628,0.84,1701,1100,1701,670533,5911,111498,14758,0.04681757698644025,0.7140161594658667
2629,0.8402,0,1,0,670534,5910,111498,14758,0.046809656570776834,0.7140507064060383
2630,0.8405,1,0,1,670534,5910,111499,14757,0.046809656570776834,0.7140368703730585
2631,0.8407,2,0,2,670534,5910,111501,14755,0.046809656570776834,0.7140091942898621
2632,0.8408,0,2,0,670536,5908,111501,14755,0.046793815739450004,0.714078304215264
2633,0.8417,2,2,2,670538,5906,111503,14753,0.04677797490812318,0.7141197541023283
2634,0.842,6,0,6,670538,5906,111509,14747,0.04677797490812318,0.7140367016898271
2635,0.8422,0,1,0,670539,5905,111509,14747,0.046770054492459766,0.7140712763896959
2636,0.8425,3,2,3,670541,5903,111512,14744,0.046754213661132936,0.7140989005666682
2637,0.8433,21,15,21,670556,5888,111533,14723,0.046635407426181726,0.7143273009558003
2638,0.8435,1,0,1,670556,5888,111534,14722,0.046635407426181726,0.7143134400776322
2639,0.844,3,1,3,670557,5887,111537,14719,0.04662748701051831,0.7143065126662137
2640,0.8442,2,1,2,670558,5886,111539,14717,0.046619566594854896,0.714313449497646
2641,0.8443,1,0,1,670558,5886,111540,14716,0.046619566594854896,0.7142995825647995
2642,0.8448,1,0,1,670558,5886,111541,14715,0.046619566594854896,0.7142857142857143
2643,0.845,34,14,34,670572,5872,111575,14681,0.0465086807755671,0.7142996156278889
2644,0.8455,0,2,0,670574,5870,111575,14681,0.04649283994424027,0.7143691304559389
2645,0.8457,1,1,1,670575,5869,111576,14680,0.04648491952857686,0.7143899946469414
2646,0.8458,0,1,0,670576,5868,111576,14680,0.04647699911291345,0.7144247615339693
2647,0.846,1,0,1,670576,5868,111577,14679,0.04647699911291345,0.7144108628996934
2648,0.8465,0,1,0,670577,5867,111577,14679,0.04646907869725003,0.714445634186703
2649,0.8467,16,15,16,670592,5852,111593,14663,0.04635027246229882,0.7147453083109919
2650,0.847,1,0,1,670592,5852,111594,14662,0.04635027246229882,0.7147314029443307
2651,0.8473,2,1,2,670593,5851,111596,14660,0.04634235204663541,0.714738433035932
2652,0.8475,9,5,9,670598,5846,111605,14651,0.04630274996831834,0.7147875298824218
2653,0.8477,1,2,1,670600,5844,111606,14650,0.04628690913699151,0.7148433687908656
2654,0.848,3,4,3,670604,5840,111609,14647,0.04625522747433786,0.7149411822131108
2655,0.8483,4,6,4,670610,5834,111613,14643,0.04620770498035737,0.7150949846168873
2656,0.8485,0,1,0,670611,5833,111613,14643,0.04619978456469395,0.7151299081851924
2657,0.8488,2,0,2,670611,5833,111615,14641,0.04619978456469395,0.7151020806877014
2658,0.8492,0,2,0,670613,5831,111615,14641,0.04618394373336713,0.7151719421649082
2659,0.8493,1,1,1,670614,5830,111616,14640,0.046176023317703714,0.7151929653150952
2660,0.85,1771,989,1771,671603,4841,113387,12869,0.03834273222658725,0.7266516092603049
2661,0.8507,0,1,0,671604,4840,113387,12869,0.03833481181092384,0.726692642159354
2662,0.8511,1,0,1,671604,4840,113388,12868,0.03833481181092384,0.7266772080415631
2663,0.8514,1,0,1,671604,4840,113389,12867,0.03833481181092384,0.7266617721804935
2664,0.8515,1,1,1,671605,4839,113390,12866,0.03832689139526042,0.7266873764473313
2665,0.8517,3,3,3,671608,4836,113393,12863,0.03830313014827018,0.7267642239674558
2666,0.852,0,2,0,671610,4834,113393,12863,0.038287289316943356,0.7268463581397977
2667,0.8523,1,0,1,671610,4834,113394,12862,0.038287289316943356,0.7268309222423146
2668,0.8525,8,2,8,671612,4832,113402,12854,0.038271448485616526,0.7267895510573334
2669,0.8527,1,0,1,671612,4832,113403,12853,0.038271448485616526,0.7267741023466214
2670,0.8533,15,12,15,671624,4820,113418,12838,0.03817640349765556,0.727035904405935
2671,0.8538,1,2,1,671626,4818,113419,12837,0.03816056266632873,0.7271028037383177
2672,0.854,4,1,4,671627,4817,113423,12833,0.038152642250665315,0.7270821529745043
2673,0.8542,1,1,1,671628,4816,113424,12832,0.0381447218350019,0.7271078875793291
2674,0.8543,1,1,1,671629,4815,113425,12831,0.038136801419338485,0.7271336280176811
2675,0.855,34,21,34,671650,4794,113459,12797,0.03797047269040679,0.7274742766187254
2676,0.8552,1,0,1,671650,4794,113460,12796,0.03797047269040679,0.7274587833996589
2677,0.8558,1,1,1,671651,4793,113461,12795,0.03796255227474338,0.7274846486240618
2678,0.856,4,7,4,671658,4786,113465,12791,0.03790710936509948,0.7277123513682654
2679,0.8563,1,0,1,671658,4786,113466,12790,0.03790710936509948,0.7276968593536641
2680,0.8567,17,6,17,671664,4780,113483,12773,0.037859586871119,0.7276818777416966
2681,0.857,1,0,1,671664,4780,113484,12772,0.037859586871119,0.7276663628076573
2682,0.8575,2,5,2,671669,4775,113486,12770,0.03781998479280193,0.7278426902251354
2683,0.858,2,0,2,671669,4775,113488,12768,0.03781998479280193,0.7278116627714758
2684,0.8583,1,2,1,671671,4773,113489,12767,0.0378041439614751,0.7278791334093501
2685,0.8585,1,0,1,671671,4773,113490,12766,0.0378041439614751,0.7278636182222475
2686,0.859,2,2,2,671673,4771,113492,12764,0.03778830313014827,0.7279155973766752
2687,0.8592,1,0,1,671673,4771,113493,12763,0.03778830313014827,0.7279000798448728
2688,0.86,1524,883,1524,672556,3888,115017,11239,0.030794576099353693,0.7429761353870562
2689,0.8605,0,2,0,672558,3886,115017,11239,0.030778735268026866,0.7430743801652893
2690,0.8608,0,1,0,672559,3885,115017,11239,0.03077081485236345,0.7431235122983337
2691,0.861,0,1,0,672560,3884,115017,11239,0.03076289443670004,0.7431726509290485
2692,0.8615,1,0,1,672560,3884,115018,11238,0.03076289443670004,0.7431556672397831
2693,0.8617,2,2,2,672562,3882,115020,11236,0.03074705360537321,0.7432200026458526
2694,0.862,3,1,3,672563,3881,115023,11233,0.030739133189709795,0.7432182082837104
2695,0.8622,0,1,0,672564,3880,115023,11233,0.030731212774046383,0.7432673856944353
2696,0.8623,0,1,0,672565,3879,115023,11233,0.03072329235838297,0.7433165696135522
2697,0.8625,4,1,4,672566,3878,115027,11229,0.030715371942719553,0.7432978089627325
2698,0.8633,15,9,15,672575,3869,115042,11214,0.03064408820174883,0.7434860438904727
2699,0.8635,1,1,1,672576,3868,115043,11213,0.030636167786085414,0.7435183343279623
2700,0.864,2,3,2,672579,3865,115045,11211,0.030612406539095173,0.7436322631997877
2701,0.8642,1,0,1,672579,3865,115046,11210,0.030612406539095173,0.7436152570480928
2702,0.8643,1,0,1,672579,3865,115047,11209,0.030612406539095173,0.7435982486400424
2703,0.8648,1,0,1,672579,3865,115048,11208,0.030612406539095173,0.7435812379751874
2704,0.865,33,15,33,672594,3850,115081,11175,0.030493600304143963,0.7437603993344426
2705,0.8657,0,2,0,672596,3848,115081,11175,0.030477759472817133,0.7438594155628037
2706,0.8658,1,2,1,672598,3846,115082,11174,0.030461918641490306,0.7439414114513981
2707,0.866,6,0,6,672598,3846,115088,11168,0.030461918641490306,0.7438390835220461
2708,0.8663,0,1,0,672599,3845,115088,11168,0.03045399822582689,0.7438886298541264
2709,0.8665,1,0,1,672599,3845,115089,11167,0.03045399822582689,0.7438715694111377
2710,0.8667,14,12,14,672611,3833,115103,11153,0.030358953237865922,0.7442279460830108
2711,0.8675,4,1,4,672612,3832,115107,11149,0.030351032822202507,0.7442093318203057
2712,0.868,1,2,1,672614,3830,115108,11148,0.03033519199087568,0.7442916277206569
2713,0.8685,1,1,1,672615,3829,115109,11147,0.030327271575212266,0.7443242521367521
2714,0.869,1,0,1,672615,3829,115110,11146,0.030327271575212266,0.7443071786310518
2715,0.8692,1,0,1,672615,3829,115111,11145,0.030327271575212266,0.7442901028449312
2716,0.87,1554,795,1554,673410,3034,116665,9591,0.024030541122798125,0.7596831683168317
2717,0.8702,1,1,1,673411,3033,116666,9590,0.02402262070713471,0.7597243127624178
2718,0.8708,3,0,3,673411,3033,116669,9587,0.02402262070713471,0.7596671949286846
2719,0.8714,1,0,1,673411,3033,116670,9586,0.02402262070713471,0.759648149615659
2720,0.8717,2,2,2,673413,3031,116672,9584,0.024006779875807883,0.7597304795877923
2721,0.8718,0,1,0,673414,3030,116672,9584,0.02399885946014447,0.7597907087363247
2722,0.872,1,1,1,673415,3029,116673,9583,0.023990939044481054,0.7598319061211545
2723,0.8725,4,2,4,673417,3027,116677,9579,0.023975098213154227,0.7598762494050452
2724,0.8733,17,9,17,673426,3018,116694,9562,0.0239038144721835,0.7600953895071542
2725,0.874,5,1,5,673427,3017,116699,9557,0.023895894056520085,0.7600604421822809
2726,0.8743,2,0,2,673427,3017,116701,9555,0.023895894056520085,0.7600222717149221
2727,0.8747,0,1,0,673428,3016,116701,9555,0.023887973640856673,0.7600827300930714
2728,0.875,27,17,27,673445,2999,116728,9528,0.023753326574578633,0.7605971102418776
2729,0.8757,1,0,1,673445,2999,116729,9527,0.023753326574578633,0.7605779977646495
2730,0.8758,1,1,1,673446,2998,116730,9526,0.02374540615891522,0.7606196103481316
2731,0.876,0,2,0,673448,2996,116730,9526,0.02372956532758839,0.760741095671618
2732,0.8767,12,7,12,673455,2989,116742,9514,0.023674122417944494,0.7609373750299928
2733,0.8775,7,3,7,673458,2986,116749,9507,0.023650361170954252,0.7609861522452573
2734,0.8778,0,1,0,673459,2985,116749,9507,0.023642440755290837,0.7610470701248799
2735,0.878,1,2,1,673461,2983,116750,9506,0.02362659992396401,0.7611498118344143
2736,0.8783,1,4,1,673465,2979,116751,9505,0.023594918261310355,0.7613745594360782
2737,0.8788,0,1,0,673466,2978,116751,9505,0.02358699784564694,0.7614355523511976
2738,0.8792,0,1,0,673467,2977,116751,9505,0.023579077429983525,0.7614965550392565
2739,0.88,1371,596,1371,674063,2381,118122,8134,0.01885850969458877,0.7735615786970994
2740,0.8808,1,0,1,674063,2381,118123,8133,0.01885850969458877,0.7735400418489633
2741,0.8813,0,1,0,674064,2380,118123,8133,0.01885058927892536,0.7736136212308571
2742,0.8817,3,2,3,674066,2378,118126,8130,0.01883474844759853,0.7736962314427103
2743,0.8818,0,1,0,674067,2377,118126,8130,0.018826828031935115,0.7737698677072428
2744,0.8821,1,0,1,674067,2377,118127,8129,0.018826828031935115,0.7737483342851704
2745,0.8824,0,1,0,674068,2376,118127,8129,0.018818907616271703,0.7738219895287958
2746,0.8825,2,4,2,674072,2372,118129,8127,0.018787225953618047,0.7740737213067911
2747,0.8827,1,1,1,674073,2371,118130,8126,0.018779305537954632,0.7741259407449748
2748,0.883,0,1,0,674074,2370,118130,8126,0.018771385122291217,0.7741996951219512
2749,0.8832,1,0,1,674074,2370,118131,8125,0.018771385122291217,0.7741781800857551
2750,0.8833,20,8,20,674082,2362,118151,8105,0.018708021796983904,0.7743383968663419
2751,0.884,2,0,2,674082,2362,118153,8103,0.018708021796983904,0.7742952699474439
2752,0.8842,1,0,1,674082,2362,118154,8102,0.018708021796983904,0.7742737003058104
2753,0.8847,0,1,0,674083,2361,118154,8102,0.018700101381320493,0.7743477014240657
2754,0.885,18,14,18,674097,2347,118172,8084,0.018589215562032694,0.7749976032978622
2755,0.8852,0,1,0,674098,2346,118172,8084,0.018581295146369282,0.775071907957814
2756,0.8855,1,0,1,674098,2346,118173,8083,0.018581295146369282,0.77505034039697
2757,0.886,3,1,3,674099,2345,118176,8080,0.018573374730705867,0.7750599520383693
2758,0.8865,1,0,1,674099,2345,118177,8079,0.018573374730705867,0.7750383729854182
2759,0.8867,26,8,26,674107,2337,118203,8053,0.018510011405398555,0.7750721847930703
2760,0.8875,6,4,6,674111,2333,118209,8047,0.0184783297427449,0.7752408477842004
2761,0.8877,2,0,2,674111,2333,118211,8045,0.0184783297427449,0.7751975332433995
2762,0.888,1,0,1,674111,2333,118212,8044,0.0184783297427449,0.7751758697118628
2763,0.8883,1,1,1,674112,2332,118213,8043,0.018470409327081484,0.7752289156626506
2764,0.8886,2,0,2,674112,2332,118215,8041,0.018470409327081484,0.7751855779427359
2765,0.889,2,0,2,674112,2332,118217,8039,0.018470409327081484,0.7751422235078584
2766,0.8892,1,0,1,674112,2332,118218,8038,0.018470409327081484,0.7751205400192864
2767,0.89,1232,486,1232,674598,1846,119450,6806,0.014621087314662273,0.7866389274156265
2768,0.8902,1,0,1,674598,1846,119451,6805,0.014621087314662273,0.7866142642469078
2769,0.8905,1,0,1,674598,1846,119452,6804,0.014621087314662273,0.7865895953757226
2770,0.8908,1,0,1,674598,1846,119453,6803,0.014621087314662273,0.7865649208000925
2771,0.891,0,1,0,674599,1845,119453,6803,0.01461316689899886,0.7866558741905643
2772,0.8917,4,2,4,674601,1843,119457,6799,0.014597326067672032,0.7867391807451979
2773,0.892,2,0,2,674601,1843,119459,6797,0.014597326067672032,0.7866898148148148
2774,0.8923,1,0,1,674601,1843,119460,6796,0.014597326067672032,0.7866651232781572
2775,0.8925,3,2,3,674603,1841,119463,6793,0.014581485236345204,0.7867732221450081
2776,0.893,1,0,1,674603,1841,119464,6792,0.014581485236345204,0.7867485231090003
2777,0.8931,1,1,1,674604,1840,119465,6791,0.014573564820681789,0.7868149692967211
2778,0.8933,12,7,12,674611,1833,119477,6779,0.014518121911037891,0.7871574547143521
2779,0.8934,0,1,0,674612,1832,119477,6779,0.014510201495374478,0.7872488677273255
2780,0.894,1,0,1,674612,1832,119478,6778,0.014510201495374478,0.7872241579558653
2781,0.8942,0,1,0,674613,1831,119478,6778,0.014502281079711063,0.787315599953537
2782,0.8947,1,1,1,674614,1830,119479,6777,0.01449436066404765,0.7873823631927501
2783,0.895,23,14,23,674628,1816,119502,6754,0.014383474844759853,0.788098016336056
2784,0.8957,0,2,0,674630,1814,119502,6754,0.014367634013433024,0.78828197945845
2785,0.8958,0,2,0,674632,1812,119502,6754,0.014351793182106196,0.7884660284847069
2786,0.896,3,0,3,674632,1812,119505,6751,0.014351793182106196,0.7883919187200747
2787,0.8967,13,3,13,674635,1809,119518,6738,0.014328031935115955,0.7883467883467884
2788,0.8971,2,0,2,674635,1809,119520,6736,0.014328031935115955,0.7882972498537156
2789,0.8974,0,1,0,674636,1808,119520,6736,0.014320111519452542,0.7883895131086143
2790,0.8975,9,2,9,674638,1806,119529,6727,0.014304270688125714,0.7883511074651354
2791,0.8977,1,0,1,674638,1806,119530,6726,0.014304270688125714,0.7883263009845288
2792,0.898,4,1,4,674639,1805,119534,6722,0.014296350272462299,0.7883194558461358
2793,0.8982,1,0,1,674639,1805,119535,6721,0.014296350272462299,0.7882946281961061
2794,0.8983,2,1,2,674640,1804,119537,6719,0.014288429856798885,0.7883374398685908
2795,0.8997,1,0,1,674640,1804,119538,6718,0.014288429856798885,0.7883126026754284
2796,0.9,1085,411,1085,675051,1393,120623,5633,0.011033139019135725,0.8017364076288073
2797,0.9001,1,0,1,675051,1393,120624,5632,0.011033139019135725,0.8017081850533808
2798,0.9007,1,0,1,675051,1393,120625,5631,0.011033139019135725,0.8016799544419134
2799,0.9016,1,0,1,675051,1393,120626,5630,0.011033139019135725,0.8016517157909725
2800,0.9017,0,1,0,675052,1392,120626,5630,0.01102521860347231,0.8017658786670464
2801,0.9025,0,1,0,675053,1391,120626,5630,0.011017298187808897,0.8018800740635237
2802,0.9033,7,5,7,675058,1386,120633,5623,0.010977696109491826,0.8022542445427308
2803,0.904,1,0,1,675058,1386,120634,5622,0.010977696109491826,0.8022260273972602
2804,0.9043,1,0,1,675058,1386,120635,5621,0.010977696109491826,0.8021978021978022
2805,0.905,21,6,21,675064,1380,120656,5600,0.010930173615511341,0.8022922636103151
2806,0.9057,2,0,2,675064,1380,120658,5598,0.010930173615511341,0.8022355975924333
2807,0.906,2,0,2,675064,1380,120660,5596,0.010930173615511341,0.8021788990825688
2808,0.9064,0,1,0,675065,1379,120660,5596,0.010922253199847928,0.8022939068100359
2809,0.9067,13,7,13,675072,1372,120673,5583,0.01086681029020403,0.8027318475916607
2810,0.907,1,0,1,675072,1372,120674,5582,0.01086681029020403,0.8027034800115042
2811,0.9075,8,3,8,675075,1369,120682,5574,0.010843049043213787,0.8028229871813337
2812,0.908,2,1,2,675076,1368,120684,5572,0.010835128627550374,0.8028818443804034
2813,0.9083,1,1,1,675077,1367,120685,5571,0.010827208211886959,0.8029691553761891
2814,0.9092,1,0,1,675077,1367,120686,5570,0.010827208211886959,0.8029407524866657
2815,0.91,959,327,959,675404,1040,121645,4611,0.008237232289950576,0.8159617766766943
2816,0.9115,0,1,0,675405,1039,121645,4611,0.008229311874287163,0.8161061946902655
2817,0.9117,2,0,2,675405,1039,121647,4609,0.008229311874287163,0.8160410764872521
2818,0.9123,1,0,1,675405,1039,121648,4608,0.008229311874287163,0.8160085000885426
2819,0.9125,4,1,4,675406,1038,121652,4604,0.008221391458623748,0.8160226869904289
2820,0.913,1,0,1,675406,1038,121653,4603,0.008221391458623748,0.8159900726821485
2821,0.9133,5,1,5,675407,1037,121658,4598,0.008213471042960335,0.8159716060337179
2822,0.9138,1,0,1,675407,1037,121659,4597,0.008213471042960335,0.8159389421370252
2823,0.914,4,1,4,675408,1036,121663,4593,0.00820555062729692,0.8159531000177651
2824,0.915,16,6,16,675414,1030,121679,4577,0.008158028133316437,0.8163010522561084
2825,0.9155,2,0,2,675414,1030,121681,4575,0.008158028133316437,0.8162355040142729
2826,0.9157,1,0,1,675414,1030,121682,4574,0.008158028133316437,0.8162027123483226
2827,0.9158,3,0,3,675414,1030,121685,4571,0.008158028133316437,0.8161042670951616
2828,0.916,0,2,0,675416,1028,121685,4571,0.008142187301989609,0.8163957849616003
2829,0.9167,13,1,13,675417,1027,121698,4558,0.008134266886326194,0.8161145926589077
2830,0.9175,3,0,3,675417,1027,121701,4555,0.008134266886326194,0.8160157649587961
2831,0.918,1,0,1,675417,1027,121702,4554,0.008134266886326194,0.8159827987815803
2832,0.9183,1,0,1,675417,1027,121703,4553,0.008134266886326194,0.8159498207885305
2833,0.92,867,277,867,675694,750,122570,3686,0.005940311747560512,0.8309287646528404
2834,0.9207,1,0,1,675694,750,122571,3685,0.005940311747560512,0.830890642615558
2835,0.921,1,0,1,675694,750,122572,3684,0.005940311747560512,0.8308525033829499
2836,0.9217,2,0,2,675694,750,122574,3682,0.005940311747560512,0.8307761732851986
2837,0.9218,1,0,1,675694,750,122575,3681,0.005940311747560512,0.8307379823967501
2838,0.9221,0,1,0,675695,749,122575,3681,0.005932391331897098,0.8309255079006772
2839,0.9225,3,0,3,675695,749,122578,3678,0.005932391331897098,0.8308109329116783
2840,0.9229,1,0,1,675695,749,122579,3677,0.005932391331897098,0.8307727067329417
2841,0.9231,0,1,0,675696,748,122579,3677,0.005924470916233684,0.8309604519774011
2842,0.9233,9,2,9,675698,746,122588,3668,0.005908630084906856,0.830992297236067
2843,0.924,2,0,2,675698,746,122590,3666,0.005908630084906856,0.8309156844968268
2844,0.925,15,13,15,675711,733,122605,3651,0.0058056646812824735,0.8328010948905109
2845,0.9258,1,0,1,675711,733,122606,3650,0.0058056646812824735,0.8327629477526808
2846,0.926,1,0,1,675711,733,122607,3649,0.0058056646812824735,0.8327247832040164
2847,0.9267,4,2,4,675713,731,122611,3645,0.005789823849955645,0.8329524680073126
2848,0.927,1,0,1,675713,731,122612,3644,0.005789823849955645,0.8329142857142857
2849,0.9271,1,0,1,675713,731,122613,3643,0.005789823849955645,0.8328760859625057
2850,0.9275,3,1,3,675714,730,122616,3640,0.005781903434292232,0.8329519450800915
2851,0.928,2,1,2,675715,729,122618,3638,0.005773983018628818,0.8330661781543394
2852,0.9282,1,0,1,675715,729,122619,3637,0.005773983018628818,0.8330279431974347
2853,0.9283,1,1,1,675716,728,122620,3636,0.005766062602965404,0.8331805682859762
2854,0.93,788,210,788,675926,518,123408,2848,0.00410277531364846,0.8461081402257873
2855,0.9302,1,0,1,675926,518,123409,2847,0.00410277531364846,0.8460624071322437
2856,0.9315,0,1,0,675927,517,123409,2847,0.004094854897985046,0.8463139120095124
2857,0.9317,1,2,1,675929,515,123410,2846,0.004079014066658219,0.8467717941088961
2858,0.932,2,0,2,675929,515,123412,2844,0.004079014066658219,0.846680559690384
2859,0.9325,2,1,2,675930,514,123414,2842,0.0040710936509948045,0.8468414779499404
2860,0.9327,1,0,1,675930,514,123415,2841,0.0040710936509948045,0.8467958271236959
2861,0.9333,4,0,4,675930,514,123419,2837,0.0040710936509948045,0.8466129513578037
2862,0.9338,1,0,1,675930,514,123420,2836,0.0040710936509948045,0.8465671641791045
2863,0.934,0,1,0,675931,513,123420,2836,0.0040631732353313904,0.8468199462526127
2864,0.9344,1,0,1,675931,513,123421,2835,0.0040631732353313904,0.8467741935483871
2865,0.935,16,3,16,675934,510,123437,2819,0.004039411988341148,0.8468008410934215
2866,0.9358,1,1,1,675935,509,123438,2818,0.004031491572677734,0.8470093177036369
2867,0.936,1,0,1,675935,509,123439,2817,0.004031491572677734,0.8469633193024654
2868,0.9364,1,0,1,675935,509,123440,2816,0.004031491572677734,0.8469172932330827
2869,0.9367,6,4,6,675939,505,123446,2810,0.003999809910024078,0.8476621417797888
2870,0.9375,4,0,4,675939,505,123450,2806,0.003999809910024078,0.8474781032920568
2871,0.9383,1,0,1,675939,505,123451,2805,0.003999809910024078,0.8474320241691843
2872,0.9386,1,0,1,675939,505,123452,2804,0.003999809910024078,0.8473859171955274
2873,0.9388,0,1,0,675940,504,123452,2804,0.003991889494360664,0.8476420798065296
2874,0.939,0,1,0,675941,503,123452,2804,0.00398396907869725,0.8478983973389779
2875,0.9394,0,1,0,675942,502,123452,2804,0.003976048663033836,0.8481548699334543
2876,0.94,669,154,669,676096,348,124121,2135,0.0027563046508680775,0.8598469593233992
2877,0.941,1,0,1,676096,348,124122,2134,0.0027563046508680775,0.8597904915390814
2878,0.942,2,0,2,676096,348,124124,2132,0.0027563046508680775,0.8596774193548387
2879,0.9425,2,0,2,676096,348,124126,2130,0.0027563046508680775,0.8595641646489104
2880,0.9433,7,2,7,676098,346,124133,2123,0.0027404638195412494,0.8598622924260835
2881,0.945,3,4,3,676102,342,124136,2120,0.0027087821568875935,0.8610885458976442
2882,0.946,1,0,1,676102,342,124137,2119,0.0027087821568875935,0.8610321007720438
2883,0.9467,1,1,1,676103,341,124138,2118,0.0027008617412241794,0.8613257421716145
2884,0.9468,1,0,1,676103,341,124139,2117,0.0027008617412241794,0.8612693246541904
2885,0.947,1,0,1,676103,341,124140,2116,0.0027008617412241794,0.8612128612128612
2886,0.9471,2,0,2,676103,341,124142,2114,0.0027008617412241794,0.8610997963340122
2887,0.9475,1,0,1,676103,341,124143,2113,0.0027008617412241794,0.8610431947840261
2888,0.948,1,0,1,676103,341,124144,2112,0.0027008617412241794,0.8609865470852018
2889,0.9483,2,0,2,676103,341,124146,2110,0.0027008617412241794,0.8608731130150958
2890,0.95,540,115,540,676218,226,124686,1570,0.0017900139399315677,0.8741648106904232
2891,0.9501,2,0,2,676218,226,124688,1568,0.0017900139399315677,0.8740245261984393
2892,0.9513,2,0,2,676218,226,124690,1566,0.0017900139399315677,0.8738839285714286
2893,0.9517,1,0,1,676218,226,124691,1565,0.0017900139399315677,0.8738135120044668
2894,0.952,1,0,1,676218,226,124692,1564,0.0017900139399315677,0.8737430167597765
2895,0.9525,2,0,2,676218,226,124694,1562,0.0017900139399315677,0.8736017897091722
2896,0.9528,1,1,1,676219,225,124695,1561,0.0017820935242681536,0.8740201567749161
2897,0.9533,4,0,4,676219,225,124699,1557,0.0017820935242681536,0.8737373737373737
2898,0.954,1,0,1,676219,225,124700,1556,0.0017820935242681536,0.8736664795058956
2899,0.955,9,1,9,676220,224,124709,1547,0.0017741731086047396,0.8735177865612648
2900,0.9555,0,1,0,676221,223,124709,1547,0.0017662526929413255,0.8740112994350282
2901,0.9558,1,0,1,676221,223,124710,1546,0.0017662526929413255,0.8739400791407574
2902,0.956,0,1,0,676222,222,124710,1546,0.0017583322772779116,0.8744343891402715
2903,0.9567,3,2,3,676224,220,124713,1543,0.0017424914459510834,0.8752127056154283
2904,0.9575,3,0,3,676224,220,124716,1540,0.0017424914459510834,0.875
2905,0.958,1,1,1,676225,219,124717,1539,0.0017345710302876696,0.8754266211604096
2906,0.96,437,73,437,676298,146,125154,1102,0.0011563806868584462,0.8830128205128205
2907,0.9612,1,1,1,676299,145,125155,1101,0.0011484602711950324,0.8836276083467095
2908,0.9625,2,0,2,676299,145,125157,1099,0.0011484602711950324,0.8834405144694534
2909,0.9633,3,1,3,676300,144,125160,1096,0.0011405398555316183,0.8838709677419355
2910,0.9639,0,1,0,676301,143,125160,1096,0.0011326194398682042,0.8845843422114609
2911,0.964,1,0,1,676301,143,125161,1095,0.0011326194398682042,0.8844911147011308
2912,0.965,4,1,4,676302,142,125165,1091,0.0011246990242047904,0.8848337388483374
2913,0.9667,5,0,5,676302,142,125170,1086,0.0011246990242047904,0.8843648208469055
2914,0.9675,2,0,2,676302,142,125172,1084,0.0011246990242047904,0.8841761827079935
2915,0.9683,1,0,1,676302,142,125173,1083,0.0011246990242047904,0.8840816326530613
2916,0.969,2,0,2,676302,142,125175,1081,0.0011246990242047904,0.883892068683565
2917,0.9693,0,1,0,676303,141,125175,1081,0.0011167786085413763,0.8846153846153846
2918,0.97,365,58,365,676361,83,125540,716,0.0006573945000633633,0.8961201501877347
2919,0.9712,2,0,2,676361,83,125542,714,0.0006573945000633633,0.8958594730238394
2920,0.972,2,0,2,676361,83,125544,712,0.0006573945000633633,0.8955974842767296
2921,0.9725,2,0,2,676361,83,125546,710,0.0006573945000633633,0.8953341740226987
2922,0.9727,1,0,1,676361,83,125547,709,0.0006573945000633633,0.8952020202020202
2923,0.9733,3,1,3,676362,82,125550,706,0.0006494740843999493,0.8959390862944162
2924,0.975,4,3,4,676365,79,125554,702,0.0006257128374097073,0.8988476312419974
2925,0.9762,1,0,1,676365,79,125555,701,0.0006257128374097073,0.8987179487179487
2926,0.9767,3,0,3,676365,79,125558,698,0.0006257128374097073,0.8983268983268984
2927,0.9775,1,0,1,676365,79,125559,697,0.0006257128374097073,0.8981958762886598
2928,0.9783,1,0,1,676365,79,125560,696,0.0006257128374097073,0.8980645161290323
2929,0.98,282,54,282,676419,25,125842,414,0.0001980103915853504,0.9430523917995444
2930,0.9825,1,0,1,676419,25,125843,413,0.0001980103915853504,0.9429223744292238
2931,0.9833,1,0,1,676419,25,125844,412,0.0001980103915853504,0.9427917620137299
2932,0.985,2,1,2,676420,24,125846,410,0.0001900899759219364,0.9447004608294931
2933,0.986,1,0,1,676420,24,125847,409,0.0001900899759219364,0.9445727482678984
2934,0.99,227,18,227,676438,6,126074,182,4.75224939804841e-05,0.9680851063829787
2935,0.995,2,0,2,676438,6,126076,180,4.75224939804841e-05,0.967741935483871
2936,0.9967,1,0,1,676438,6,126077,179,4.75224939804841e-05,0.9675675675675676
2937,0.9971,1,0,1,676438,6,126078,178,4.75224939804841e-05,0.967391304347826
2938,0.9975,1,0,1,676438,6,126079,177,4.75224939804841e-05,0.9672131147540983
2939,0.998,1,0,1,676438,6,126080,176,4.75224939804841e-05,0.967032967032967
2940,1.0,176,6,176,676444,0,126256,0,0.0,
