,y_proba,y_test,Neg,Pos,TN,FP,FN,TP,FP/P,Prec
0,0.0026,0,1,0,1,676443,0,126256,5.357709732606767,0.15728934507206313
1,0.0036,0,2,0,3,676441,0,126256,5.35769389177544,0.15728973697422563
2,0.0037,0,1,0,4,676440,0,126256,5.357685971359777,0.15728993292603924
3,0.0039,0,1,0,5,676439,0,126256,5.357678050944114,0.1572901288783411
4,0.0041,0,1,0,6,676438,0,126256,5.35767013052845,0.15729032483113117
5,0.0043,0,1,0,7,676437,0,126256,5.357662210112787,0.15729052078440947
6,0.0044,0,2,0,9,676435,0,126256,5.3576463692814595,0.15729091269243084
7,0.0045,0,2,0,11,676433,0,126256,5.357630528450133,0.15729130460240517
8,0.0046,0,2,0,13,676431,0,126256,5.357614687618806,0.15729169651433247
9,0.0047,0,2,0,15,676429,0,126256,5.3575988467874796,0.15729208842821282
10,0.0048,0,1,0,16,676428,0,126256,5.357590926371816,0.15729228438588536
11,0.0049,0,5,0,21,676423,0,126256,5.357551324293499,0.15729326418157197
12,0.005,0,2,0,23,676421,0,126256,5.357535483462172,0.15729365610326446
13,0.0051,0,3,0,26,676418,0,126256,5.357511722215182,0.1572942439894652
14,0.0052,1,5,1,31,676413,1,126255,5.3574721201368645,0.15729417392994363
15,0.0053,0,2,0,33,676411,1,126255,5.357456279305538,0.15729456585927398
16,0.0054,0,8,0,41,676403,1,126255,5.35739291598023,0.15729613359612687
17,0.0055,0,6,0,47,676397,1,126255,5.35734539348625,0.1572973094192751
18,0.0056,0,4,0,51,676393,1,126255,5.357313711823596,0.1572980933111401
19,0.0057,0,3,0,54,676390,1,126255,5.3572899505766065,0.15729868123516624
20,0.0058,0,5,0,59,676385,1,126255,5.357250348498289,0.1572996611183096
21,0.0059,0,3,0,62,676382,1,126255,5.357226587251299,0.15730024905405557
22,0.006,0,7,0,69,676375,1,126255,5.357171144341655,0.1573016209212215
23,0.0061,0,4,0,73,676371,1,126255,5.357139462679001,0.15730240485605998
24,0.0062,0,3,0,76,676368,1,126255,5.357115701432011,0.1573029928123166
25,0.0063,0,6,0,82,676362,1,126255,5.357068178938031,0.15730416873801575
26,0.0064,0,7,0,89,676355,1,126255,5.357012736028387,0.15730554067355254
27,0.0065,0,11,0,100,676344,1,126255,5.356925611456089,0.15730769662060382
28,0.0066,1,10,1,110,676334,2,126254,5.3568464072994555,0.1573086066574631
29,0.0067,0,13,0,123,676321,2,126254,5.356743441895831,0.1573111547207426
30,0.0068,0,10,0,133,676311,2,126254,5.356664237739197,0.15731311482559046
31,0.0069,0,6,0,139,676305,2,126254,5.356616715245216,0.1573142909119454
32,0.007,0,12,0,151,676293,2,126254,5.356521670257255,0.15731664313741126
33,0.0071,0,3,0,154,676290,2,126254,5.3564979090102645,0.15731723120476884
34,0.0072,0,10,0,164,676280,2,126254,5.356418704853631,0.15731919146104714
35,0.0073,0,9,0,173,676271,2,126254,5.35634742111266,0.15732095573346624
36,0.0074,0,15,0,188,676256,2,126254,5.3562286148777085,0.15732389627543583
37,0.0075,0,7,0,195,676249,2,126254,5.356173171968065,0.1573252685659742
38,0.0076,1,4,1,199,676245,3,126253,5.356141490305411,0.1573250026791344
39,0.0077,0,12,0,211,676233,3,126253,5.3560464453174506,0.15732735524358057
40,0.0078,0,15,0,226,676218,3,126253,5.355927639082499,0.1573302960480815
41,0.0079,0,16,0,242,676202,3,126253,5.355800912431884,0.15733343302739716
42,0.008,1,13,1,255,676189,4,126252,5.35569794702826,0.15733493178937766
43,0.0081,0,20,0,275,676169,4,126252,5.355539538714992,0.15733885329521535
44,0.0082,0,14,0,289,676155,4,126252,5.355428652895704,0.15734159846561657
45,0.0083,0,13,0,302,676142,4,126252,5.35532568749208,0.1573441476381927
46,0.0084,0,17,0,319,676125,4,126252,5.355191040425802,0.15734748129619866
47,0.0085,0,15,0,334,676110,4,126252,5.3550722341908505,0.15735042287645726
48,0.0086,1,20,1,354,676090,5,126251,5.354913825877582,0.15735329492073818
49,0.0087,0,30,0,384,676060,5,126251,5.3546762134076795,0.1573591786726095
50,0.0088,0,26,0,410,676034,5,126251,5.354470282600431,0.15736427828016228
51,0.0089,0,23,0,433,676011,5,126251,5.354288113040172,0.1573687897469904
52,0.009,0,26,0,459,675985,5,126251,5.354082182232924,0.15737388997751287
53,0.0091,0,19,0,478,675966,5,126251,5.353931694335318,0.15737761727811803
54,0.0092,0,13,0,491,675953,5,126251,5.353828728931695,0.15738016763815688
55,0.0093,2,21,2,512,675932,7,126249,5.353662400202762,0.15738218681320051
56,0.0094,1,25,1,537,675907,8,126248,5.353464389811177,0.15738604135111045
57,0.0095,0,15,0,552,675892,8,126248,5.3533455835762265,0.15738898446655197
58,0.0096,0,17,0,569,675875,8,126248,5.353210936509948,0.15739232013045382
59,0.0097,0,24,0,593,675851,8,126248,5.353020846534026,0.15739702954373463
60,0.0098,1,24,1,617,675827,9,126247,5.352830756558104,0.15740068871450763
61,0.0099,0,25,0,642,675802,9,126247,5.352632746166519,0.15740559492001113
62,0.01,0,18,0,660,675784,9,126247,5.352490178684578,0.15740912757736297
63,0.0101,1,25,1,685,675759,10,126246,5.352292168292992,0.15741298370957788
64,0.0102,0,24,0,709,675735,10,126246,5.3521020783170705,0.15741769443415743
65,0.0103,0,27,0,736,675708,10,126246,5.3518882270941575,0.1574229943363335
66,0.0104,0,31,0,767,675677,10,126246,5.351642694208592,0.1574290798493122
67,0.0105,2,27,2,794,675650,12,126244,5.35142884298568,0.1574322790792798
68,0.0106,1,25,1,819,675625,13,126243,5.351230832594094,0.15743613662098999
69,0.0107,0,29,0,848,675596,13,126243,5.351001140539855,0.15744183059192682
70,0.0108,0,30,0,878,675566,13,126243,5.350763528069953,0.15744772134011967
71,0.0109,0,34,0,912,675532,13,126243,5.350494233937397,0.157454398054317
72,0.011,0,31,0,943,675501,13,126243,5.350248701051831,0.15746048614021432
73,0.0111,0,34,0,977,675467,13,126243,5.349979406919275,0.1574671639370845
74,0.0112,1,27,1,1004,675440,14,126242,5.349765555696363,0.15747141634713016
75,0.0113,0,25,0,1029,675415,14,126242,5.349567545304778,0.15747632715737528
76,0.0114,0,25,0,1054,675390,14,126242,5.349369534913192,0.1574812382739212
77,0.0115,1,43,1,1097,675347,15,126241,5.349028957039666,0.15748863505940708
78,0.0116,2,25,2,1122,675322,17,126239,5.34883094664808,0.1574914448182983
79,0.0117,0,32,0,1154,675290,17,126239,5.348577493346851,0.15749773245883805
80,0.0118,0,29,0,1183,675261,17,126239,5.348347801292612,0.15750343106674985
81,0.0119,0,36,0,1219,675225,17,126239,5.348062666328729,0.1575105057744328
82,0.012,2,54,2,1273,675171,19,126237,5.347634963882904,0.1575190165309056
83,0.0121,1,35,1,1308,675136,20,126236,5.347357749334685,0.15752484489101193
84,0.0122,0,27,0,1335,675109,20,126236,5.3471438981117725,0.157530152431225
85,0.0123,2,40,2,1375,675069,22,126234,5.3468270814852366,0.15753591338108056
86,0.0124,0,43,0,1418,675026,22,126234,5.346486503611709,0.15754436762099694
87,0.0125,0,35,0,1453,674991,22,126234,5.3462092890634905,0.15755124964897502
88,0.0126,1,51,1,1504,674940,23,126233,5.345805347864656,0.1575602273166969
89,0.0127,0,46,0,1550,674894,23,126233,5.345441008744139,0.1575692742848512
90,0.0128,1,53,1,1603,674841,24,126232,5.345021226713978,0.15757864763885437
91,0.0129,1,44,1,1647,674797,25,126231,5.344672728424788,0.15758625166660842
92,0.013,0,44,0,1691,674753,25,126231,5.344324230135597,0.1575949082628367
93,0.0131,1,48,1,1739,674705,26,126230,5.343944050183754,0.15760330114179052
94,0.0132,0,35,0,1774,674670,26,126230,5.343666835635534,0.15761018853789488
95,0.0133,3,61,3,1835,674609,29,126227,5.343183690280066,0.15761903810518008
96,0.0134,1,47,1,1882,674562,30,126226,5.342811430743885,0.1576272371713862
97,0.0135,1,50,1,1932,674512,31,126225,5.342415409960715,0.1576360278093806
98,0.0136,1,60,1,1992,674452,32,126224,5.34194018502091,0.15764678846374813
99,0.0137,2,50,2,2042,674402,34,126222,5.341544164237739,0.15765452946701572
100,0.0138,2,52,2,2094,674350,36,126220,5.341132302623242,0.15766266535093745
101,0.0139,0,55,0,2149,674295,36,126220,5.340696679761754,0.15767349768586472
102,0.014,2,47,2,2196,674248,38,126218,5.340324420225573,0.15768065102078038
103,0.0141,0,57,0,2253,674191,38,126218,5.3398729565327585,0.15769188002633652
104,0.0142,0,56,0,2309,674135,38,126218,5.3394294132556075,0.15770291358937868
105,0.0143,2,50,2,2359,674085,40,126216,5.339033392472437,0.15771066136366194
106,0.0144,0,56,0,2415,674029,40,126216,5.3385898491952855,0.15772169773007017
107,0.0145,1,52,1,2467,673977,41,126215,5.338177987580789,0.15773089458529954
108,0.0146,2,73,2,2540,673904,43,126213,5.337599797237359,0.15774318005991625
109,0.0147,1,59,1,2599,673845,44,126212,5.337132492713217,0.15775376004459682
110,0.0148,0,54,0,2653,673791,44,126212,5.336704790267393,0.15776440838346856
111,0.0149,0,60,0,2713,673731,44,126212,5.336229565327589,0.15777624155721096
112,0.015,0,70,0,2783,673661,44,126212,5.335675136231149,0.15779004917030579
113,0.0151,4,65,4,2848,673596,48,126208,5.335160309213028,0.1577986606718646
114,0.0152,2,80,2,2928,673516,50,126206,5.334526675959954,0.15781233978807635
115,0.0153,2,70,2,2998,673446,52,126204,5.333972246863516,0.1578240480210092
116,0.0154,1,72,1,3070,673374,53,126203,5.3334019769357495,0.15783720642289611
117,0.0155,1,80,1,3150,673294,54,126202,5.332768343682677,0.15785194672643765
118,0.0156,0,80,0,3230,673214,54,126202,5.332134710429603,0.15786774345272048
119,0.0157,0,52,0,3282,673162,54,126202,5.331722848815105,0.15787801302035118
120,0.0158,0,57,0,3339,673105,54,126202,5.3312713851222915,0.15788927158150748
121,0.0159,3,83,3,3422,673022,57,126199,5.330613990622228,0.15790250756674312
122,0.016,1,67,1,3489,672955,58,126198,5.330083322772779,0.15791469218034593
123,0.0161,2,77,2,3566,672878,60,126196,5.329473450766696,0.15792780143015542
124,0.0162,0,82,0,3648,672796,60,126196,5.328823976682297,0.1579440094519094
125,0.0163,1,71,1,3719,672725,61,126195,5.3282616271701935,0.1579569919391178
126,0.0164,1,64,1,3783,672661,62,126194,5.327754720567736,0.15796859254808446
127,0.0165,5,68,5,3851,672593,67,126189,5.327216132302623,0.15797676963176435
128,0.0166,1,91,1,3942,672502,68,126188,5.326495374477252,0.15799371470783408
129,0.0167,0,71,0,4013,672431,68,126188,5.32593302496515,0.15800776089724888
130,0.0168,0,85,0,4098,672346,68,126188,5.32525978963376,0.15802458004292866
131,0.0169,1,98,1,4196,672248,69,126187,5.324483588898746,0.15804292146511614
132,0.017,3,90,3,4286,672158,72,126184,5.323770751489038,0.15805757432278397
133,0.0171,5,102,5,4388,672056,77,126179,5.32296286909137,0.15807249744749352
134,0.0172,1,75,1,4463,671981,78,126178,5.322368837916614,0.15808629608887453
135,0.0173,3,73,3,4536,671908,81,126175,5.321790647573184,0.1580975913532803
136,0.0174,3,98,3,4634,671810,84,126172,5.32101444683817,0.15811384216686591
137,0.0175,3,107,3,4741,671703,87,126169,5.320166962362185,0.1581318808029358
138,0.0176,1,103,1,4844,671600,88,126168,5.319351159548853,0.15815124196508257
139,0.0177,5,101,5,4945,671499,93,126163,5.3185511975668485,0.15816599010608504
140,0.0178,1,88,1,5033,671411,94,126162,5.317854200988468,0.15818238581296007
141,0.0179,5,95,5,5128,671316,99,126157,5.317101761500443,0.15819595146167958
142,0.018,1,105,1,5233,671211,100,126156,5.316270117855785,0.15821572751317775
143,0.0181,2,97,2,5330,671114,102,126154,5.315501837536434,0.15823286523477675
144,0.0182,2,96,2,5426,671018,104,126152,5.314741477632746,0.15824980869827013
145,0.0183,1,121,1,5547,670897,105,126151,5.313783107337473,0.15827277654545271
146,0.0184,0,93,0,5640,670804,105,126151,5.313046508680776,0.15829124605529798
147,0.0185,2,90,2,5730,670714,107,126149,5.312333671271069,0.15830701136832806
148,0.0186,5,96,5,5826,670618,112,126144,5.311573311367381,0.15832080345197186
149,0.0187,2,94,2,5920,670524,114,126142,5.31082879229502,0.1583373709936159
150,0.0188,6,102,6,6022,670422,120,126136,5.310020909897351,0.1583513064961999
151,0.0189,1,104,1,6126,670318,121,126135,5.3091971866683565,0.15837092709802084
152,0.019,1,108,1,6234,670210,122,126134,5.308341781776708,0.1583913484624735
153,0.0191,2,89,2,6323,670121,124,126132,5.307636864782664,0.1584069384981909
154,0.0192,3,110,3,6433,670011,127,126129,5.306765619059688,0.15842565377948603
155,0.0193,4,105,4,6538,669906,131,126125,5.30593397541503,0.15844232196987304
156,0.0194,2,123,2,6661,669783,133,126123,5.30495976428843,0.1584646930667692
157,0.0195,3,104,3,6765,669679,136,126120,5.304136041059435,0.158482229809286
158,0.0196,3,99,3,6864,669580,139,126117,5.303351919908756,0.15849877528757805
159,0.0197,4,115,4,6979,669465,143,126113,5.302441072107464,0.15851745523380487
160,0.0198,4,116,4,7095,669349,147,126109,5.301522303890509,0.15853634007075168
161,0.0199,2,128,2,7223,669221,149,126107,5.3005084906855915,0.15855973887503017
162,0.02,4,113,4,7336,669108,153,126103,5.299613483715626,0.15857803777865245
163,0.0201,3,114,3,7450,668994,156,126100,5.298710556329996,0.15859759978065488
164,0.0202,4,113,4,7563,668881,160,126096,5.29781554936003,0.15861590964266892
165,0.0203,2,139,2,7702,668742,162,126094,5.296714611582816,0.1586415310831417
166,0.0204,5,112,5,7814,668630,167,126089,5.295827525028513,0.15865859505057764
167,0.0205,1,120,1,7934,668510,168,126088,5.294877075148904,0.15868149680719054
168,0.0206,5,107,5,8041,668403,173,126083,5.294029590672919,0.1586975730220545
169,0.0207,4,114,4,8155,668289,177,126079,5.293126663287289,0.15871611142442799
170,0.0208,4,127,4,8282,668162,181,126075,5.292120770498036,0.15873725348982734
171,0.0209,2,107,2,8389,668055,183,126073,5.291273286022051,0.15875652287792397
172,0.021,3,136,3,8525,667919,186,126070,5.290196109491826,0.15878053726185123
173,0.0211,2,117,2,8642,667802,188,126068,5.289269420859207,0.15880181893760945
174,0.0212,1,142,1,8784,667660,189,126067,5.2881447218350015,0.1588291692231712
175,0.0213,2,117,2,8901,667543,191,126065,5.287218033202382,0.1588504652170845
176,0.0214,2,127,2,9028,667416,193,126063,5.286212140413129,0.15887376981621443
177,0.0215,3,124,3,9152,667292,196,126060,5.285230008870865,0.15889542094807854
178,0.0216,4,127,4,9279,667165,200,126056,5.284224116081612,0.15891661970623572
179,0.0217,5,132,5,9411,667033,205,126051,5.2831786212140415,0.15893776699567763
180,0.0218,3,147,3,9558,666886,208,126048,5.28201432011152,0.15896404997137215
181,0.0219,1,130,1,9688,666756,209,126047,5.280984666075276,0.15898905528864044
182,0.022,4,144,4,9832,666612,213,126043,5.279844126219744,0.15901369448246716
183,0.0221,4,134,4,9966,666478,217,126039,5.278782790520847,0.15903633612906726
184,0.0222,7,118,7,10084,666360,224,126032,5.277848181472564,0.1590525901321568
185,0.0223,7,145,7,10229,666215,231,126025,5.276699721201369,0.1590742704231041
186,0.0224,8,126,8,10355,666089,239,126017,5.275701748827778,0.15909108124417692
187,0.0225,2,133,2,10488,665956,241,126015,5.274648333544544,0.1591156746901086
188,0.0226,5,120,5,10608,665836,246,126010,5.273697883664934,0.15913447816873483
189,0.0227,8,136,8,10744,665700,254,126002,5.272620707134711,0.15915331778876396
190,0.0228,10,139,10,10883,665561,264,125992,5.2715197693574956,0.159170643027062
191,0.0229,4,148,4,11031,665413,268,125988,5.270347547839311,0.1591961597218098
192,0.023,7,125,7,11156,665288,275,125981,5.269357495881384,0.1592138703778361
193,0.0231,4,151,4,11307,665137,279,125977,5.268161513116208,0.15924000839322777
194,0.0232,4,127,4,11434,665010,283,125973,5.267155620326955,0.15926132420039368
195,0.0233,5,147,5,11581,664863,288,125968,5.265991319224433,0.1592856122230919
196,0.0234,6,131,6,11712,664732,294,125962,5.264953744772526,0.15930562265554057
197,0.0235,5,132,5,11844,664600,299,125957,5.263908249904955,0.15932690495435498
198,0.0236,4,173,4,12017,664427,303,125953,5.262538017995184,0.15935752422885194
199,0.0237,5,171,5,12188,664256,308,125948,5.261183626916741,0.15938669001928615
200,0.0238,4,172,4,12360,664084,312,125944,5.259821315422633,0.15941713458257176
201,0.0239,5,172,5,12532,663912,317,125939,5.258459003928526,0.15944652852246816
202,0.024,8,142,8,12674,663770,325,125931,5.2573343049043215,0.15946668422605517
203,0.0241,1,161,1,12835,663609,326,125930,5.256059117982511,0.15949813752075578
204,0.0242,9,165,9,13000,663444,335,125921,5.254752249398049,0.15952189418076554
205,0.0243,4,135,4,13135,663309,339,125917,5.253682993283488,0.1595449212266195
206,0.0244,6,139,6,13274,663170,345,125911,5.252582055506273,0.15956663511097086
207,0.0245,5,166,5,13440,663004,350,125906,5.251267266506146,0.15959488408056685
208,0.0246,6,144,6,13584,662860,356,125900,5.250126726650614,0.15961762766874588
209,0.0247,6,154,6,13738,662706,362,125894,5.248906982638449,0.1596424042607152
210,0.0248,4,173,4,13911,662533,366,125890,5.2475367507286785,0.15967317036666864
211,0.0249,4,149,4,14060,662384,370,125886,5.246356608794829,0.15969908787598158
212,0.025,3,166,3,14226,662218,373,125883,5.245041819794703,0.15972952705300464
213,0.0251,5,166,5,14392,662052,378,125878,5.2437270307945765,0.15975784650920766
214,0.0252,2,148,2,14540,661904,380,125876,5.242554809276391,0.1597857269796136
215,0.0253,2,160,2,14700,661744,382,125874,5.241287542770245,0.1598160529596835
216,0.0254,2,169,2,14869,661575,384,125872,5.239948992523128,0.15984821835628302
217,0.0255,4,159,4,15028,661416,388,125868,5.238689646432645,0.15987623271906962
218,0.0256,5,163,5,15191,661253,393,125863,5.237398618679508,0.159904003984165
219,0.0257,1,176,1,15367,661077,394,125862,5.236004625522748,0.15993869918761175
220,0.0258,4,160,4,15527,660917,398,125858,5.234737359016601,0.1599669537034095
221,0.0259,7,127,7,15654,660790,405,125851,5.233731466227348,0.15998530460527738
222,0.026,3,197,3,15851,660593,408,125848,5.232171144341655,0.16002217585298834
223,0.0261,5,172,5,16023,660421,413,125843,5.230808832847548,0.16005184009442122
224,0.0262,1,170,1,16193,660251,414,125842,5.229462362184767,0.16008538429931318
225,0.0263,2,187,2,16380,660064,416,125840,5.227981244455709,0.16012133797512165
226,0.0264,6,170,6,16550,659894,422,125834,5.226634773792929,0.16014956829844423
227,0.0265,5,160,5,16710,659734,427,125829,5.225367507286783,0.16017684132272014
228,0.0266,9,176,9,16886,659558,436,125820,5.223973514130021,0.16020311238664695
229,0.0267,4,171,4,17057,659387,440,125816,5.222619123051578,0.16023372299902064
230,0.0268,4,166,4,17223,659221,444,125812,5.221304334051451,0.160263326509841
231,0.0269,5,188,5,17411,659033,449,125807,5.219815295906729,0.16029636613832118
232,0.027,5,178,5,17589,658855,454,125802,5.218405461918642,0.16032737871452113
233,0.0271,6,200,6,17789,658655,460,125796,5.2168213787859585,0.1603618326702369
234,0.0272,5,181,5,17970,658474,465,125791,5.215387783550881,0.1603934894455318
235,0.0273,5,204,5,18174,658270,470,125786,5.213772018755544,0.1604298672543798
236,0.0274,5,166,5,18340,658104,475,125781,5.212457229755418,0.16045848561970186
237,0.0275,5,168,5,18508,657936,480,125776,5.211126599923964,0.16048752602997018
238,0.0276,4,184,4,18692,657752,484,125772,5.209669243441896,0.16052092852292973
239,0.0277,10,185,10,18877,657567,494,125762,5.208203966544164,0.16054812218110143
240,0.0278,6,191,6,19068,657376,500,125756,5.206691167152452,0.1605808471624196
241,0.0279,13,198,13,19266,657178,513,125743,5.205122924851096,0.1606075197880757
242,0.028,3,179,3,19445,656999,516,125740,5.203705170447345,0.1606410310461086
243,0.0281,9,192,9,19637,656807,525,125731,5.20218445063997,0.16067079170596188
244,0.0282,3,198,3,19835,656609,528,125728,5.200616208338614,0.16070823698738523
245,0.0283,8,176,8,20011,656433,536,125720,5.199222215181853,0.16073581511545695
246,0.0284,7,201,7,20212,656232,543,125713,5.1976302116335065,0.16076961934662923
247,0.0285,9,177,9,20389,656055,552,125704,5.196228298061082,0.16079635795686395
248,0.0286,3,199,3,20588,655856,555,125701,5.194652135344063,0.16083407864045746
249,0.0287,11,187,11,20775,655669,566,125690,5.193171017615004,0.16086075670722422
250,0.0288,13,211,13,20986,655458,579,125677,5.191499809910024,0.16089024304377605
251,0.0289,9,187,9,21173,655271,588,125668,5.190018692180965,0.16091909867480048
252,0.029,5,193,5,21366,655078,593,125663,5.188490051957927,0.1609535044272044
253,0.0291,7,200,7,21566,654878,600,125656,5.186905968825244,0.1609872215688234
254,0.0292,4,183,4,21749,654695,604,125652,5.185456532758839,0.16102067413599336
255,0.0293,7,198,7,21947,654497,611,125645,5.1838882904574834,0.1610540132437428
256,0.0294,6,175,6,22122,654322,617,125639,5.182502217716386,0.16108369521040156
257,0.0295,5,186,5,22308,654136,622,125634,5.181029020402991,0.16111673955140618
258,0.0296,5,187,5,22495,653949,627,125629,5.179547902673932,0.16115000679855
259,0.0297,5,182,5,22677,653767,632,125624,5.178106387023191,0.1611822564027555
260,0.0298,6,177,6,22854,653590,638,125618,5.176704473450767,0.1612124105501997
261,0.0299,4,217,4,23071,653373,642,125614,5.174985743251806,0.16125301192446087
262,0.03,9,184,9,23255,653189,651,125605,5.173528386769737,0.1612814171655149
263,0.0301,8,212,8,23467,652977,659,125597,5.171849258649094,0.16131671491727184
264,0.0302,14,224,14,23691,652753,673,125583,5.170075085540489,0.16134805533856844
265,0.0303,11,221,11,23912,652532,684,125572,5.168324673678875,0.16138202605307259
266,0.0304,6,205,6,24117,652327,690,125566,5.166700988467875,0.1614180870633879
267,0.0305,10,206,10,24323,652121,700,125556,5.165069382841211,0.16145006217234148
268,0.0306,7,194,7,24517,651927,707,125549,5.163532822202509,0.1614827981828378
269,0.0307,15,217,15,24734,651710,722,125534,5.1618140920035485,0.16151170031547366
270,0.0308,7,213,7,24947,651497,729,125527,5.1601270434672415,0.16154842064080388
271,0.0309,9,202,9,25149,651295,738,125518,5.158527119503232,0.16158071504982538
272,0.031,7,230,7,25379,651065,745,125511,5.156705423900647,0.16162101326850173
273,0.0311,13,236,13,25615,650829,758,125498,5.154836205804081,0.16165610625419444
274,0.0312,6,209,6,25824,650620,764,125492,5.153180838930427,0.16169315768858103
275,0.0313,9,227,9,26051,650393,773,125483,5.151382904574832,0.16173074047914873
276,0.0314,7,193,7,26244,650200,780,125476,5.149854264351793,0.1617634166842857
277,0.0315,11,264,11,26508,649936,791,125465,5.1477632746166515,0.16180660071369524
278,0.0316,7,207,7,26715,649729,798,125458,5.146123748574325,0.16184223935643915
279,0.0317,15,207,15,26922,649522,813,125443,5.144484222531998,0.16186924570787067
280,0.0318,2,200,2,27122,649322,815,125441,5.142900139399316,0.16190886761499967
281,0.0319,12,225,12,27347,649097,827,125429,5.141118045875047,0.16194291734557653
282,0.032,11,227,11,27574,648870,838,125418,5.139320111519453,0.16197848862438782
283,0.0321,5,202,5,27776,648668,843,125413,5.137720187555443,0.16201534464739478
284,0.0322,14,223,14,27999,648445,857,125399,5.135953934862502,0.1620468724962654
285,0.0323,9,230,9,28229,648215,866,125390,5.134132239259916,0.1620853019305718
286,0.0324,11,249,11,28478,647966,877,125379,5.1321600557597264,0.16212557138146622
287,0.0325,6,235,6,28713,647731,883,125373,5.130298758078824,0.16216834992446036
288,0.0326,5,228,5,28941,647503,888,125368,5.128492903307565,0.16221076997325556
289,0.0327,11,234,11,29175,647269,899,125357,5.126639526042327,0.16224796991040943
290,0.0328,9,229,9,29404,647040,908,125348,5.124825750855405,0.16228631206077773
291,0.0329,10,236,10,29640,646804,918,125338,5.122956532758839,0.1623250645606637
292,0.033,6,242,6,29882,646562,924,125332,5.121039792168293,0.16236944450922017
293,0.0331,7,223,7,30105,646339,931,125325,5.119273539475351,0.16240876858321757
294,0.0332,13,220,13,30325,646119,944,125312,5.1175310480294005,0.1624409700932423
295,0.0333,7,209,7,30534,645910,951,125305,5.115875681155747,0.16247738957359492
296,0.0334,16,235,16,30769,645675,967,125289,5.114014383474845,0.16250953351907482
297,0.0335,5,241,5,31010,645434,972,125284,5.112105563299962,0.16255491632477767
298,0.0336,9,230,9,31240,645204,981,125275,5.110283867697377,0.16259365926910402
299,0.0337,9,222,9,31462,644982,990,125266,5.108525535420099,0.16263073711324144
300,0.0338,8,241,8,31703,644741,998,125258,5.106616715245216,0.1626729385362838
301,0.0339,19,240,19,31943,644501,1017,125239,5.104715815485997,0.16270299062020943
302,0.034,11,229,11,32172,644272,1028,125228,5.102902040299075,0.16273944119558154
303,0.0341,14,242,14,32414,644030,1042,125214,5.100985299708529,0.16277540026311546
304,0.0342,9,231,9,32645,643799,1051,125205,5.09915568369028,0.16281449771392606
305,0.0343,12,245,12,32890,643554,1063,125193,5.097215181852744,0.16285331845197445
306,0.0344,14,261,14,33151,643293,1077,125179,5.0951479533645925,0.1628933780280869
307,0.0345,11,231,11,33382,643062,1088,125168,5.093318337346344,0.16293037241451128
308,0.0346,10,230,10,33612,642832,1098,125158,5.091496641743759,0.1629682678159872
309,0.0347,7,258,7,33870,642574,1105,125151,5.089453174502598,0.16301540265068873
310,0.0348,9,241,9,34111,642333,1114,125142,5.087544354327715,0.1630567770937164
311,0.0349,9,239,9,34350,642094,1123,125133,5.085651374984159,0.1630977533376693
312,0.035,8,250,8,34600,641844,1131,125125,5.083671271068305,0.1631421869723548
313,0.0351,13,249,13,34849,641595,1144,125112,5.081699087568116,0.16318098047885307
314,0.0352,19,246,19,35095,641349,1163,125093,5.079750665314916,0.1632126109999191
315,0.0353,10,244,10,35339,641105,1173,125083,5.0778180838930425,0.16325366620202875
316,0.0354,8,219,8,35558,640886,1181,125075,5.076083512862755,0.16329160361950543
317,0.0355,5,226,5,35784,640660,1186,125070,5.074293498922824,0.16333433455656693
318,0.0356,21,255,21,36039,640405,1207,125049,5.0722737929286525,0.1633657933722993
319,0.0357,7,239,7,36278,640166,1214,125042,5.070380813585097,0.16340916456701968
320,0.0358,11,253,11,36531,639913,1225,125031,5.068376948422253,0.16345118074002804
321,0.0359,16,240,16,36771,639673,1241,125015,5.066476048663034,0.16348497687945934
322,0.036,5,209,5,36980,639464,1246,125010,5.064820681789381,0.16352420095385847
323,0.0361,12,223,12,37203,639241,1258,124998,5.0630544290964385,0.16355878200405893
324,0.0362,11,266,11,37469,638975,1269,124987,5.060947598529971,0.16360368709438428
325,0.0363,4,236,4,37705,638739,1273,124983,5.059078380433405,0.16364986212260482
326,0.0364,4,262,4,37967,638477,1277,124979,5.057003231529591,0.16370164095900747
327,0.0365,9,219,9,38186,638258,1286,124970,5.055268660499303,0.16373875172294516
328,0.0366,6,267,6,38453,637991,1292,124964,5.053153909517172,0.1637894764435648
329,0.0367,11,279,11,38732,637712,1303,124953,5.050944113547079,0.16383733356060656
330,0.0368,13,214,13,38946,637498,1316,124940,5.049249144595108,0.16386906214013466
331,0.0369,12,295,12,39241,637203,1328,124928,5.046912621974402,0.163919326205075
332,0.037,16,265,16,39506,636938,1344,124912,5.044813711823596,0.16395878453763865
333,0.0371,9,248,9,39754,636690,1353,124903,5.04284944873907,0.1640022951891627
334,0.0372,14,244,14,39998,636446,1367,124889,5.040916867317197,0.1640394832760874
335,0.0373,13,244,13,40242,636202,1380,124876,5.0389842858953235,0.16407779491720953
336,0.0374,13,245,13,40487,635957,1393,124863,5.037043784057787,0.16411634815067952
337,0.0375,10,256,10,40743,635701,1403,124853,5.035016157647953,0.1641605987214583
338,0.0376,7,226,7,40969,635475,1410,124846,5.0332261437080215,0.16420169901923004
339,0.0377,14,258,14,41227,635217,1424,124832,5.031182676466861,0.16424204228937872
340,0.0378,12,280,12,41507,634937,1436,124820,5.0289649600811055,0.16428937147008846
341,0.0379,16,276,16,41783,634661,1452,124804,5.026778925358003,0.16433147017966596
342,0.038,15,279,15,42062,634382,1467,124789,5.024569129387911,0.1643753515347662
343,0.0381,17,237,17,42299,634145,1484,124772,5.022691990875681,0.16440796556145137
344,0.0382,17,255,17,42554,633890,1501,124755,5.020672284881511,0.16444450302842567
345,0.0383,8,256,8,42810,633634,1509,124747,5.018644658471676,0.16449119901474324
346,0.0384,8,255,8,43065,633379,1517,124739,5.016624952477506,0.16453771048834087
347,0.0385,7,280,7,43345,633099,1524,124732,5.01440723609175,0.1645907860723565
348,0.0386,12,234,12,43579,632865,1536,124720,5.012553858826511,0.1646283915336233
349,0.0387,12,259,12,43838,632606,1548,124708,5.010502471169687,0.16467145728192004
350,0.0388,11,275,11,44113,632331,1559,124697,5.008324356862248,0.1647191385259198
351,0.0389,13,278,13,44391,632053,1572,124684,5.006122481307819,0.1647653015512655
352,0.039,8,270,8,44661,631783,1580,124676,5.003983969078697,0.16481527749686367
353,0.0391,12,274,12,44935,631509,1592,124664,5.001813775186922,0.16486174460077258
354,0.0392,7,266,7,45201,631243,1599,124657,4.999706944620454,0.1649120254001852
355,0.0393,8,270,8,45471,630973,1607,124649,4.997568432391332,0.1649621106849721
356,0.0394,12,265,12,45736,630708,1619,124637,4.995469522240527,0.16500671878413176
357,0.0395,11,231,11,45967,630477,1630,124626,4.9936399062222785,0.16504503359144382
358,0.0396,7,280,7,46247,630197,1637,124619,4.9914221898365225,0.16509851407495338
359,0.0397,7,270,7,46517,629927,1644,124612,4.989283677607401,0.16514984646254202
360,0.0398,17,263,17,46780,629664,1661,124595,4.987200608287923,0.16518861558165032
361,0.0399,10,248,10,47028,629416,1671,124585,4.985236345203396,0.16523187635029662
362,0.04,11,272,11,47300,629144,1682,124574,4.983081992142948,0.1652793219745316
363,0.0401,8,263,8,47563,628881,1690,124566,4.98099892282347,0.16532815181426166
364,0.0402,16,259,16,47822,628622,1706,124550,4.978947535166646,0.1653672733452651
365,0.0403,13,294,13,48116,628328,1719,124537,4.9766189329616015,0.16541743871743275
366,0.0404,9,275,9,48391,628053,1728,124528,4.974440818654163,0.16546790312272033
367,0.0405,14,249,14,48640,627804,1742,124514,4.972468635153973,0.165507139268235
368,0.0406,16,308,16,48948,627496,1758,124498,4.970029147129641,0.16555717199871275
369,0.0407,12,280,12,49228,627216,1770,124486,4.967811430743885,0.1656055192084097
370,0.0408,18,281,18,49509,626935,1788,124468,4.965585793942466,0.1656474621474761
371,0.0409,13,291,13,49800,626644,1801,124455,4.963280952984412,0.16569719837198557
372,0.041,7,283,7,50083,626361,1808,124448,4.961039475351667,0.16575187564347257
373,0.0411,13,254,13,50337,626107,1821,124435,4.959027689773159,0.1657935198829646
374,0.0412,11,279,11,50616,625828,1832,124424,4.956817893803067,0.1658429434376716
375,0.0413,16,293,16,50909,625535,1848,124408,4.9544972120136865,0.16588994096884696
376,0.0414,17,252,17,51161,625283,1865,124391,4.9525012672665065,0.16592678951117418
377,0.0415,14,275,14,51436,625008,1879,124377,4.950323152959068,0.1659720971196381
378,0.0416,19,305,19,51741,624703,1898,124358,4.947907426181726,0.16601852185603042
379,0.0417,10,284,10,52025,624419,1908,124348,4.945658028133316,0.1660703529936549
380,0.0418,9,292,9,52317,624127,1917,124339,4.943345266759599,0.16612511456766238
381,0.0419,18,307,18,52624,623820,1935,124321,4.940913699150931,0.16617322135800605
382,0.042,16,269,16,52893,623551,1951,124305,4.938783107337473,0.16621515371943263
383,0.0421,13,284,13,53177,623267,1964,124292,4.936533709289064,0.1662637999141205
384,0.0422,9,284,9,53461,622983,1973,124283,4.934284311240654,0.166316947378845
385,0.0423,5,278,5,53739,622705,1978,124278,4.932082435686225,0.16637326418405773
386,0.0424,15,267,15,54006,622438,1993,124263,4.929967684704093,0.16641600854960686
387,0.0425,11,278,11,54284,622160,2004,124252,4.9277658091496646,0.16646570526733226
388,0.0426,13,276,13,54560,621884,2017,124239,4.925579774426562,0.1665127599604891
389,0.0427,8,303,8,54863,621581,2025,124231,4.923179888480547,0.16657146841295126
390,0.0428,11,268,11,55131,621313,2036,124220,4.921057217082753,0.16661904972683972
391,0.0429,13,296,13,55427,621017,2049,124207,4.918712774046382,0.16667069230191192
392,0.043,14,289,14,55716,620728,2063,124193,4.9164237739196555,0.16671969242376036
393,0.0431,13,275,13,55991,620453,2076,124180,4.914245659612217,0.1667667159526908
394,0.0432,4,286,4,56277,620167,2080,124176,4.91198042073248,0.1668263152874414
395,0.0433,15,309,15,56586,619858,2095,124161,4.909533012292485,0.1668788028262719
396,0.0434,15,299,15,56885,619559,2110,124146,4.907164808009124,0.16692909150805763
397,0.0435,8,257,8,57142,619302,2118,124138,4.905129261183627,0.1669778327773593
398,0.0436,20,280,20,57422,619022,2138,124118,4.902911544797871,0.16701832763678445
399,0.0437,14,297,14,57719,618725,2152,124104,4.900559181345837,0.1670694062832765
400,0.0438,15,297,15,58016,618428,2167,124089,4.898206817893803,0.16711940602033354
401,0.0439,19,289,19,58305,618139,2186,124070,4.895917817767076,0.16716315754726768
402,0.044,17,298,17,58603,617841,2203,124053,4.893557533899379,0.1672112188533672
403,0.0441,17,272,17,58875,617569,2220,124036,4.89140318083893,0.1672534570290114
404,0.0442,11,271,11,59146,617298,2231,124025,4.889256748194145,0.16730224207261882
405,0.0443,16,297,16,59443,617001,2247,124009,4.886904384742111,0.16735131779598117
406,0.0444,13,259,13,59702,616742,2260,123996,4.884852997085287,0.16739521936231164
407,0.0445,9,290,9,59992,616452,2269,123987,4.882556076542897,0.16745066102676925
408,0.0446,12,338,12,60330,616114,2281,123975,4.879878976048663,0.16751363687340307
409,0.0447,13,328,13,60658,615786,2294,123962,4.8772810797110635,0.16757328171215063
410,0.0448,20,325,20,60983,615461,2314,123942,4.874706944620454,0.16762442132368952
411,0.0449,13,284,13,61267,615177,2327,123929,4.872457546572044,0.1676741901702868
412,0.045,13,302,13,61569,614875,2340,123916,4.870065581041693,0.1677280854801967
413,0.0451,13,300,13,61869,614575,2353,123903,4.867689456342669,0.16778157236911595
414,0.0452,11,326,11,62195,614249,2364,123892,4.865107400836396,0.16784327113654438
415,0.0453,11,317,11,62512,613932,2375,123881,4.862596629071094,0.1679029781258937
416,0.0454,10,306,10,62818,613626,2385,123871,4.8601729818780885,0.16796136119875743
417,0.0455,12,295,12,63113,613331,2397,123859,4.857836459257382,0.16801503004652804
418,0.0456,17,331,17,63444,613000,2414,123842,4.855214801672791,0.16807130972447282
419,0.0457,23,303,23,63747,612697,2437,123819,4.8528149157267775,0.16811447409153366
420,0.0458,14,299,14,64046,612398,2451,123805,4.850446711443417,0.16816693221842346
421,0.0459,10,319,10,64365,612079,2461,123795,4.847920098846788,0.16822852825347817
422,0.046,14,281,14,64646,611798,2475,123781,4.845694462045368,0.168276962773543
423,0.0461,16,302,16,64948,611496,2491,123765,4.843302496515017,0.16832798149228642
424,0.0462,20,282,20,65230,611214,2511,123745,4.8410689392979345,0.16836993628215996
425,0.0463,17,349,17,65579,610865,2528,123728,4.838304714231403,0.16843068202392344
426,0.0464,20,310,20,65889,610555,2548,123708,4.835849385375744,0.1684791416699466
427,0.0465,14,325,14,66214,610230,2562,123694,4.833275250285135,0.1685378867566669
428,0.0466,22,321,22,66535,609909,2584,123672,4.830732796857179,0.1685867000372147
429,0.0467,22,299,22,66834,609610,2606,123650,4.828364592573818,0.16863049941357772
430,0.0468,13,290,13,67124,609320,2619,123637,4.826067672031428,0.16868247386954488
431,0.0469,11,280,11,67404,609040,2630,123626,4.823849955645672,0.16873445744718604
432,0.047,20,313,20,67717,608727,2650,123606,4.821370865543024,0.1687838729102744
433,0.0471,16,301,16,68018,608426,2666,123590,4.818986820428336,0.1688351074293458
434,0.0472,10,292,10,68310,608134,2676,123580,4.816674059054619,0.16889112412773297
435,0.0473,17,300,17,68610,607834,2693,123563,4.814297934355595,0.16894108124588972
436,0.0474,21,319,21,68929,607515,2714,123542,4.8117713217589655,0.16899092683607433
437,0.0475,11,286,11,69215,607229,2725,123531,4.8095060828792295,0.16904455635229076
438,0.0476,13,327,13,69542,606902,2738,123518,4.806916106957293,0.1691054461816489
439,0.0477,12,304,12,69846,606598,2750,123506,4.804508300595615,0.1691622015493683
440,0.0478,16,312,16,70158,606286,2766,123490,4.80203713090863,0.16921630746968933
441,0.0479,16,309,16,70467,605977,2782,123474,4.799589722468635,0.16926976589243142
442,0.048,26,326,26,70793,605651,2808,123448,4.7970076669623625,0.16931582679444082
443,0.0481,23,273,23,71066,605378,2831,123425,4.79484539348625,0.16935303504513566
444,0.0482,6,315,6,71381,605063,2837,123419,4.792350462552275,0.16941942285464842
445,0.0483,17,324,17,71705,604739,2854,123402,4.7897842478773285,0.16947541753588935
446,0.0484,24,338,24,72043,604401,2878,123378,4.787107147383095,0.16952673819937097
447,0.0485,18,289,18,72332,604112,2896,123360,4.7848181472563684,0.16957353685090285
448,0.0486,12,325,12,72657,603787,2908,123348,4.782244012165759,0.16963562474643637
449,0.0487,21,327,21,72984,603460,2929,123327,4.779654036243822,0.16968795534317482
450,0.0488,15,309,15,73293,603151,2944,123312,4.777206627803827,0.16974298759881784
451,0.0489,27,309,27,73602,602842,2971,123285,4.774759219363832,0.16978434901883555
452,0.049,12,299,12,73901,602543,2983,123273,4.772391015080472,0.16984056565300296
453,0.0491,31,349,31,74250,602194,3014,123242,4.76962679001394,0.16988679911115523
454,0.0492,15,315,15,74565,601879,3029,123227,4.7671318590799645,0.16994342896073125
455,0.0493,18,302,18,74867,601577,3047,123209,4.7647398935496135,0.16999362570469076
456,0.0494,19,307,19,75174,601270,3066,123190,4.762308325940945,0.1700438947629959
457,0.0495,16,299,16,75473,600971,3082,123174,4.759940121657585,0.17009576811273985
458,0.0496,20,337,20,75810,600634,3102,123154,4.757270941579014,0.17015203346836366
459,0.0497,20,308,20,76118,600326,3122,123134,4.754831453554683,0.170201531529041
460,0.0498,23,330,23,76448,599996,3145,123111,4.752217716385756,0.17025281182452942
461,0.0499,19,271,19,76719,599725,3164,123092,4.75007128374097,0.17029483257864717
462,0.05,18,337,18,77056,599388,3182,123074,4.747402103662401,0.17035359645213174
463,0.0501,16,310,16,77366,599078,3198,123058,4.744946774806742,0.17040834413462283
464,0.0502,20,301,20,77667,598777,3218,123038,4.742562729692054,0.17045641888849636
465,0.0503,19,337,19,78004,598440,3237,123019,4.739893549613484,0.17051419415379113
466,0.0504,15,332,15,78336,598108,3252,123004,4.73726397161323,0.17057544459113147
467,0.0505,17,271,17,78607,597837,3269,122987,4.735117538968445,0.17062001265218693
468,0.0506,12,302,12,78909,597535,3281,122975,4.732725573438094,0.17067771439674675
469,0.0507,20,323,20,79232,597212,3301,122955,4.730167279178811,0.17073123317230587
470,0.0508,27,319,27,79551,596893,3328,122928,4.727640666582182,0.17077579009225904
471,0.0509,19,298,19,79849,596595,3347,122909,4.725280382714485,0.1708246236296115
472,0.051,14,299,14,80148,596296,3361,122895,4.722912178431124,0.17087950210722883
473,0.0511,21,307,21,80455,595989,3382,122874,4.720480610822456,0.17092825754003196
474,0.0512,13,297,13,80752,595692,3395,122861,4.718128247370422,0.17098390793720156
475,0.0513,16,341,16,81093,595351,3411,122845,4.715427385629198,0.17104662237049495
476,0.0514,16,277,16,81370,595074,3427,122829,4.713233430490432,0.17109414503073536
477,0.0515,17,334,17,81704,594740,3444,122812,4.710588011658852,0.17115414631970924
478,0.0516,19,306,19,82010,594434,3463,122793,4.708164364465847,0.17120521118139725
479,0.0517,24,342,24,82352,594092,3487,122769,4.70545558230896,0.17125914228839342
480,0.0518,25,312,25,82664,593780,3512,122744,4.702984412621975,0.17130479928097314
481,0.0519,14,355,14,83019,593425,3526,122730,4.700172665061462,0.17137351550991056
482,0.052,14,322,14,83341,593103,3540,122716,4.697622291217843,0.17143439891927986
483,0.0521,20,325,20,83666,592778,3560,122696,4.695048156127234,0.17148911071541384
484,0.0522,21,293,21,83959,592485,3581,122675,4.692727474337853,0.17153504110968176
485,0.0523,18,324,18,84283,592161,3599,122657,4.690161259662907,0.17159192969399203
486,0.0524,25,329,25,84612,591832,3624,122632,4.687555442909644,0.17164195816724145
487,0.0525,20,297,20,84909,591535,3644,122612,4.68520307945761,0.1716901422256202
488,0.0526,16,334,16,85243,591201,3660,122596,4.6825576606260295,0.17175191265864104
489,0.0527,18,307,18,85550,590894,3678,122578,4.680126093017361,0.17180492016505203
490,0.0528,21,337,21,85887,590557,3699,122557,4.677456912938791,0.1718617219687175
491,0.0529,18,313,18,86200,590244,3717,122539,4.6749778228361425,0.17191627746452987
492,0.053,14,357,14,86557,589887,3731,122525,4.672150234444303,0.17198615407938103
493,0.0531,25,335,25,86892,589552,3756,122500,4.66949689519706,0.17203799722492177
494,0.0532,15,328,15,87220,589224,3771,122485,4.66689899885946,0.17209983293733816
495,0.0533,20,347,20,87567,588877,3791,122465,4.664150614624256,0.17216050788509607
496,0.0534,27,363,27,87930,588514,3818,122438,4.661275503738437,0.17221697104727182
497,0.0535,21,343,21,88273,588171,3839,122417,4.658558801165885,0.17227563651511144
498,0.0536,25,336,25,88609,587835,3864,122392,4.655897541502978,0.17232800217395283
499,0.0537,19,341,19,88950,587494,3883,122373,4.653196679761754,0.17238863054628542
500,0.0538,24,349,24,89299,587145,3907,122349,4.650432454695222,0.17244543294235046
501,0.0539,26,336,26,89635,586809,3933,122323,4.647771195032315,0.17249679890344816
502,0.054,18,341,18,89976,586468,3951,122305,4.645070333291091,0.17255877410680148
503,0.0541,14,314,14,90290,586154,3965,122291,4.642583322772779,0.1726189047844222
504,0.0542,10,360,10,90650,585794,3975,122281,4.63973197313395,0.17269498287610777
505,0.0543,18,301,18,90951,585493,3993,122263,4.637347928019262,0.1727473875177321
506,0.0544,22,314,22,91265,585179,4015,122241,4.6348609175009505,0.17279833762121513
507,0.0545,20,303,20,91568,584876,4035,122221,4.632461031554936,0.17284898677267757
508,0.0546,18,306,18,91874,584570,4053,122203,4.630037384361931,0.17290275661350957
509,0.0547,12,370,12,92244,584200,4065,122191,4.627106830566468,0.17297927068719732
510,0.0548,21,339,21,92583,583861,4086,122170,4.624421809656571,0.17303772780515303
511,0.0549,18,340,18,92923,583521,4104,122152,4.62172886833101,0.17310000524322172
512,0.055,18,314,18,93237,583207,4122,122134,4.619241857812698,0.1731559628605171
513,0.0551,17,352,17,93589,582855,4139,122117,4.616453871499176,0.17322248259505343
514,0.0552,15,297,15,93886,582558,4154,122102,4.614101508047142,0.17327789288451168
515,0.0553,17,322,17,94208,582236,4171,122085,4.611551134203523,0.17333715734728908
516,0.0554,24,376,24,94584,581860,4195,122061,4.60857305791408,0.17340156068649748
517,0.0555,18,360,18,94944,581500,4213,122043,4.60572170827525,0.1734691411896643
518,0.0556,18,335,18,95279,581165,4231,122025,4.603068369028007,0.17353062472446992
519,0.0557,27,343,27,95622,580822,4258,121998,4.600351666455456,0.1735835633590393
520,0.0558,22,340,22,95962,580482,4280,121976,4.597658725129895,0.17364169815134856
521,0.0559,21,374,21,96336,580108,4301,121955,4.594696489671778,0.1737094819125919
522,0.056,19,318,19,96654,579790,4320,121936,4.5921777974908125,0.17376582882777608
523,0.0561,16,331,16,96985,579459,4336,121920,4.589556139906223,0.17382898547005257
524,0.0562,24,364,24,97349,579095,4360,121896,4.58667310860474,0.17389096293675668
525,0.0563,15,387,15,97736,578708,4375,121881,4.583607907742999,0.17396933151962135
526,0.0564,23,331,23,98067,578377,4398,121858,4.580986250158408,0.1740244346540804
527,0.0565,19,313,19,98380,578064,4417,121839,4.57850716005576,0.174079836777382
528,0.0566,18,323,18,98703,577741,4435,121821,4.575948865796477,0.17413896123574465
529,0.0567,28,317,28,99020,577424,4463,121793,4.573438094031175,0.17418483818328215
530,0.0568,19,369,19,99389,577055,4482,121774,4.570515460651375,0.1742543597933114
531,0.0569,23,346,23,99735,576709,4505,121751,4.567774996831834,0.17431348967729005
532,0.057,29,335,29,100070,576374,4534,121722,4.56512165758459,0.1743628383488804
533,0.0571,29,362,29,100432,576012,4563,121693,4.5622544671144345,0.1744189879676941
534,0.0572,24,377,24,100809,575635,4587,121669,4.559268470409327,0.17448487316866101
535,0.0573,18,361,18,101170,575274,4605,121651,4.556409200354834,0.17455393335007355
536,0.0574,27,377,27,101547,574897,4632,121624,4.553423203649728,0.17461641501117697
537,0.0575,23,329,23,101876,574568,4655,121601,4.5508173868964645,0.1746716673681247
538,0.0576,17,364,17,102240,574204,4672,121584,4.547934355594982,0.17474288145239641
539,0.0577,27,321,27,102561,573883,4699,121557,4.545391902167026,0.1747914989071667
540,0.0578,31,350,31,102911,573533,4730,121526,4.5426197566848305,0.1748427111943015
541,0.0579,25,359,25,103270,573174,4755,121501,4.539776327461666,0.17490337208046927
542,0.058,23,338,23,103608,572836,4778,121478,4.537099226967431,0.17496118470893574
543,0.0581,17,365,17,103973,572471,4795,121461,4.534208275250285,0.17503300035161948
544,0.0582,15,370,15,104343,572101,4810,121446,4.531277721454822,0.17510853626358416
545,0.0583,30,340,30,104683,571761,4840,121416,4.528584780129261,0.1751587256934376
546,0.0584,24,306,24,104989,571455,4864,121392,4.526161132936257,0.1752075133471026
547,0.0585,25,358,25,105347,571097,4889,121367,4.523325624128755,0.17526831719771713
548,0.0586,20,355,20,105702,570742,4909,121347,4.520513876568242,0.1753343861844358
549,0.0587,21,317,21,106019,570425,4930,121326,4.51800310480294,0.17538969947278718
550,0.0588,27,348,27,106367,570077,4957,121299,4.515246800152072,0.17544577769549421
551,0.0589,29,363,29,106730,569714,4986,121270,4.512371689266253,0.17550334016417168
552,0.059,19,326,19,107056,569388,5005,121251,4.50978963375998,0.175563499889233
553,0.0591,25,362,25,107418,569026,5030,121226,4.506922443289824,0.1756257135075306
554,0.0592,20,363,20,107781,568663,5050,121206,4.504047332404005,0.17569422600522708
555,0.0593,24,336,24,108117,568327,5074,121182,4.501386072741098,0.1757511504563392
556,0.0594,20,334,20,108451,567993,5094,121162,4.498740653909517,0.1758124079488649
557,0.0595,23,353,23,108804,567640,5117,121139,4.495944747180332,0.1758749903815302
558,0.0596,21,359,21,109163,567281,5138,121118,4.493101317957167,0.1759415687704369
559,0.0597,21,375,21,109538,566906,5159,121097,4.490131162083386,0.17601231389979405
560,0.0598,15,365,15,109903,566541,5174,121082,4.48724021036624,0.17608776902459633
561,0.0599,21,336,21,110239,566205,5195,121061,4.484578950703333,0.17614868187863214
562,0.06,29,368,29,110607,565837,5224,121032,4.481664237739197,0.17620827261093455
563,0.0601,25,331,25,110938,565506,5249,121007,4.479042580154607,0.17626323172321573
564,0.0602,21,340,21,111278,565166,5270,120986,4.476349638829046,0.17632536231039186
565,0.0603,25,372,25,111650,564794,5295,120961,4.473403244202256,0.17639098511859191
566,0.0604,26,396,26,112046,564398,5321,120935,4.470266759599544,0.17646166170314284
567,0.0605,32,337,32,112383,564061,5353,120903,4.467597579520973,0.17651000636529804
568,0.0606,27,335,27,112718,563726,5380,120876,4.46494424027373,0.17656390136166708
569,0.0607,28,333,28,113051,563393,5408,120848,4.462306741857812,0.17661613378911817
570,0.0608,29,391,29,113442,563002,5437,120819,4.459209859333418,0.17668220192126302
571,0.0609,26,367,26,113809,562635,5463,120793,4.456303066784945,0.17674575814862722
572,0.061,25,401,25,114210,562234,5488,120768,4.4531269801039155,0.17681939437951866
573,0.0611,22,341,22,114551,561893,5510,120746,4.450426118362691,0.17688119196236957
574,0.0612,29,334,29,114885,561559,5539,120717,4.447780699531111,0.17693279552556443
575,0.0613,22,352,22,115237,561207,5561,120695,4.44499271321759,0.17699757443151656
576,0.0614,22,333,22,115570,560874,5583,120673,4.4423552148016725,0.17705748833169246
577,0.0615,25,363,25,115933,560511,5608,120648,4.439480103915853,0.17712164120271479
578,0.0616,28,352,28,116285,560159,5636,120620,4.436692117602332,0.1771793783298251
579,0.0617,30,341,30,116626,559818,5666,120590,4.433991255861107,0.1772318961564238
580,0.0618,21,366,21,116992,559452,5687,120569,4.4310923837282985,0.17730187744202017
581,0.0619,27,355,27,117347,559097,5714,120542,4.428280636167786,0.17736180531134912
582,0.062,28,370,28,117717,558727,5742,120514,4.425350082372323,0.1774245076489788
583,0.0621,29,370,29,118087,558357,5771,120485,4.422419528576859,0.17748607186944826
584,0.0622,29,380,29,118467,557977,5800,120456,4.419409770624762,0.17755032552956593
585,0.0623,21,363,21,118830,557614,5821,120435,4.416534659738943,0.17761990652592954
586,0.0624,26,361,26,119191,557253,5847,120409,4.4136753896844505,0.1776829746983009
587,0.0625,30,369,30,119560,556884,5877,120379,4.4107527563046505,0.1777433581931982
588,0.0626,21,378,21,119938,556506,5898,120358,4.40775883918388,0.17781710949319213
589,0.0627,24,395,24,120333,556111,5922,120334,4.404630274996832,0.17789177242791357
590,0.0628,39,370,39,120703,555741,5961,120295,4.401699721201369,0.17794170724635966
591,0.0629,15,379,15,121082,555362,5976,120280,4.398697883664934,0.17802327267991036
592,0.063,14,351,14,121433,555011,5990,120266,4.395917817767076,0.178098765395534
593,0.0631,26,349,26,121782,554662,6016,120240,4.3931535927005445,0.17815919940969208
594,0.0632,19,354,19,122136,554308,6035,120221,4.390349765555697,0.17822954980438202
595,0.0633,24,326,24,122462,553982,6059,120197,4.387767710049423,0.1782864788134902
596,0.0634,23,396,23,122858,553586,6082,120174,4.384631225446712,0.17836321538826883
597,0.0635,24,338,24,123196,553248,6106,120150,4.381954124952477,0.1784234583411296
598,0.0636,22,337,22,123533,552911,6128,120128,4.379284944873907,0.1784859421222247
599,0.0637,32,372,32,123905,552539,6160,120096,4.376338550247117,0.1785455707776134
600,0.0638,17,392,17,124297,552147,6177,120079,4.373233747307059,0.17862891349040352
601,0.0639,22,331,22,124628,551816,6199,120057,4.370612089722469,0.17869002028657202
602,0.064,35,367,35,124995,551449,6234,120022,4.367705297173996,0.17874487505789527
603,0.0641,19,409,19,125404,551040,6253,120003,4.36446584716766,0.17883056674460504
604,0.0642,25,351,25,125755,550689,6278,119978,4.361685781269801,0.1788935492576793
605,0.0643,20,347,20,126102,550342,6298,119958,4.358937397034596,0.17896165895867522
606,0.0644,25,362,25,126464,549980,6323,119933,4.35607020656444,0.17902772449556884
607,0.0645,31,401,31,126865,549579,6354,119902,4.352894119883412,0.17909694225825676
608,0.0646,25,376,25,127241,549203,6379,119877,4.349916043593968,0.17916691576493096
609,0.0647,23,374,23,127615,548829,6402,119854,4.346953808135851,0.179238891971233
610,0.0648,25,333,25,127948,548496,6427,119829,4.344316309719934,0.17929749747503085
611,0.0649,28,388,28,128336,548108,6455,119801,4.3412431884425295,0.17936724913124394
612,0.065,27,340,27,128676,547768,6482,119774,4.338550247116968,0.1794254144308523
613,0.0651,23,365,23,129041,547403,6505,119751,4.3356592953998225,0.17949528894378208
614,0.0652,35,380,35,129421,547023,6540,119716,4.332649537447725,0.1795545183347607
615,0.0653,33,347,33,129768,546676,6573,119683,4.3299011532125204,0.1796073888099358
616,0.0654,32,369,32,130137,546307,6605,119651,4.32697851983272,0.1796674865381901
617,0.0655,28,371,28,130508,545936,6633,119623,4.324040045621595,0.179733126589829
618,0.0656,24,373,24,130881,545563,6657,119599,4.32108573057914,0.17980431834650806
619,0.0657,25,421,25,131302,545142,6682,119574,4.3177512355848435,0.17988735038723305
620,0.0658,24,317,24,131619,544825,6706,119550,4.315240463819541,0.17994355597365946
621,0.0659,19,380,19,131999,544445,6725,119531,4.312230705867444,0.18002307312312493
622,0.066,24,405,24,132404,544040,6749,119507,4.309022937523761,0.18010329336128414
623,0.0661,22,395,22,132799,543645,6771,119485,4.305894373336713,0.18018337279266508
624,0.0662,39,364,39,133163,543281,6810,119446,4.30301134203523,0.18023409337479837
625,0.0663,28,381,28,133544,542900,6838,119418,4.299993663667469,0.18030311723371553
626,0.0664,25,377,25,133921,542523,6863,119393,4.2970076669623625,0.1803748511895769
627,0.0665,35,375,35,134296,542148,6898,119358,4.294037511088582,0.18043373756247108
628,0.0666,28,363,28,134659,541785,6926,119330,4.291162400202762,0.18049809791034843
629,0.0667,28,364,28,135023,541421,6954,119302,4.28827936890128,0.18056280771215774
630,0.0668,25,356,25,135379,541065,6979,119277,4.285459700925105,0.18062912854248253
631,0.0669,27,364,27,135743,540701,7006,119250,4.282576669623622,0.18069523343399738
632,0.067,33,399,33,136142,540302,7039,119217,4.279416423773919,0.1807635564707006
633,0.0671,27,360,27,136502,539942,7066,119190,4.276565074135091,0.18082872626423843
634,0.0672,27,358,27,136860,539584,7093,119163,4.273729565327589,0.18089342342356018
635,0.0673,21,384,21,137244,539200,7114,119142,4.270688125712837,0.1809728074465855
636,0.0674,23,367,23,137611,538833,7137,119119,4.267781333164365,0.1810451218325957
637,0.0675,23,328,23,137939,538505,7160,119096,4.2651834368267645,0.18110678055538237
638,0.0676,34,351,34,138290,538154,7194,119062,4.262403370928906,0.18116114032525074
639,0.0677,24,351,24,138641,537803,7218,119038,4.259623305031048,0.18122802930998522
640,0.0678,25,365,25,139006,537438,7243,119013,4.256732353313902,0.18129761398794425
641,0.0679,23,369,23,139375,537069,7266,118990,4.253809719934102,0.18137088280169925
642,0.068,23,366,23,139741,536703,7289,118967,4.2509108478012925,0.18144340903198256
643,0.0681,33,360,33,140101,536343,7322,118934,4.248059498162464,0.18150186867538462
644,0.0682,30,374,30,140475,535969,7352,118904,4.245097262704347,0.1815680292209329
645,0.0683,37,398,37,140873,535571,7389,118867,4.241944937270308,0.18163217906050688
646,0.0684,28,352,28,141225,535219,7417,118839,4.239156950956787,0.18169489555972101
647,0.0685,28,351,28,141576,534868,7445,118811,4.236376885058928,0.18175740692296985
648,0.0686,27,403,27,141979,534465,7472,118784,4.233184957546572,0.18183571654912598
649,0.0687,27,363,27,142342,534102,7499,118757,4.230309846660753,0.18190298364577956
650,0.0688,28,358,28,142700,533744,7527,118729,4.22747433785325,0.18196768295393065
651,0.0689,40,356,40,143056,533388,7567,118689,4.224654669877075,0.18201684770356874
652,0.069,31,359,31,143415,533029,7598,118658,4.22181124065391,0.18207820625545698
653,0.0691,30,365,30,143780,532664,7628,118628,4.218920288936763,0.1821425719953569
654,0.0692,34,394,34,144174,532270,7662,118594,4.2157996451653785,0.18221010840974458
655,0.0693,36,378,36,144552,531892,7698,118558,4.212805728044608,0.18227073564455376
656,0.0694,29,371,29,144923,531521,7727,118529,4.209867253833481,0.18233828167064073
657,0.0695,15,362,15,145285,531159,7742,118514,4.207000063363325,0.18242100256590624
658,0.0696,32,398,32,145683,530761,7774,118482,4.203847737929286,0.18249253361222223
659,0.0697,22,356,22,146039,530405,7796,118460,4.201028069953111,0.18256494031886447
660,0.0698,27,362,27,146401,530043,7823,118433,4.1981608794829555,0.18263281910201765
661,0.0699,25,368,25,146769,529675,7848,118408,4.195246166518819,0.18270499303329973
662,0.07,21,369,21,147138,529306,7869,118387,4.192323533139019,0.18278258372407916
663,0.0701,31,367,31,147505,528939,7900,118356,4.189416740590546,0.18284707899798391
664,0.0702,35,392,35,147897,528547,7935,118321,4.186311937650488,0.18291367017691398
665,0.0703,25,382,25,148279,528165,7960,118296,4.183286338867064,0.18299015717885533
666,0.0704,27,404,27,148683,527761,7987,118269,4.180086490939044,0.1830704456449391
667,0.0705,34,382,34,149065,527379,8021,118235,4.1770608921556205,0.1831357436486817
668,0.0706,34,400,34,149465,526979,8055,118201,4.173892725890255,0.18320623701912644
669,0.0707,35,404,35,149869,526575,8090,118166,4.170692877962235,0.1832766956033508
670,0.0708,32,353,32,150222,526222,8122,118134,4.16789697123305,0.18333654067006439
671,0.0709,34,383,34,150605,525839,8156,118100,4.164863452033963,0.18340246514033162
672,0.071,34,423,34,151028,525416,8190,118066,4.161513116208338,0.18347987977907695
673,0.0711,32,372,32,151400,525044,8222,118034,4.158566721581549,0.18354538640724766
674,0.0712,32,385,32,151785,524659,8254,118002,4.1555173615511345,0.18361468954861115
675,0.0713,40,366,40,152151,524293,8294,117962,4.152618489418325,0.18366848058792848
676,0.0714,25,371,25,152522,523922,8319,117937,4.149680015207198,0.18374284694925208
677,0.0715,31,353,31,152875,523569,8350,117906,4.146884108478013,0.1838045130363615
678,0.0716,19,393,19,153268,523176,8369,117887,4.1437713851222915,0.18389300271580172
679,0.0717,35,373,35,153641,522803,8404,117852,4.140817070079838,0.18395548306030546
680,0.0718,25,381,25,154022,522422,8429,117827,4.137799391712077,0.18403308712703964
681,0.0719,29,375,29,154397,522047,8458,117798,4.134829235838297,0.18410396267846119
682,0.072,26,338,26,154735,521709,8484,117772,4.132152135344063,0.18416809881763493
683,0.0721,31,335,31,155070,521374,8515,117741,4.1294987960968195,0.18422506121746476
684,0.0722,27,383,27,155453,520991,8542,117714,4.126465276897732,0.184301046649079
685,0.0723,27,380,27,155833,520611,8569,117687,4.123455518945634,0.18437626312474736
686,0.0724,31,354,31,156187,520257,8600,117656,4.120651691800786,0.18443894386852125
687,0.0725,38,410,38,156597,519847,8638,117618,4.117404321378786,0.1845089534327375
688,0.0726,30,363,30,156960,519484,8668,117588,4.114529210492966,0.18457568375317077
689,0.0727,39,380,39,157340,519104,8707,117549,4.111519452540869,0.18463590056121623
690,0.0728,29,404,29,157744,518700,8736,117520,4.10831960461285,0.18471597874948917
691,0.0729,30,379,30,158123,518321,8766,117490,4.105317767076416,0.18478761770400323
692,0.073,32,352,32,158475,517969,8798,117458,4.102529780762895,0.18484892835841096
693,0.0731,31,399,31,158874,517570,8829,117427,4.099369534913192,0.18492528311157375
694,0.0732,37,359,37,159233,517211,8866,117390,4.096526105690026,0.18498237475200954
695,0.0733,21,343,21,159576,516868,8887,117369,4.093809403117476,0.18505542880658177
696,0.0734,35,377,35,159953,516491,8922,117334,4.090823406412368,0.18512049856032817
697,0.0735,26,412,26,160365,516079,8948,117308,4.087560195159042,0.18520746399910323
698,0.0736,25,398,25,160763,515681,8973,117283,4.084407869725003,0.18529173855069167
699,0.0737,43,368,43,161131,515313,9016,117240,4.0814931567608665,0.18534415298006648
700,0.0738,31,377,31,161508,514936,9047,117209,4.07850716005576,0.18541473870710043
701,0.0739,31,406,31,161914,514530,9078,117178,4.0752914712964134,0.1854939307401521
702,0.074,31,486,31,162400,514044,9109,117147,4.071442149283994,0.18559675280541071
703,0.0741,35,400,35,162800,513644,9144,117112,4.068273983018629,0.18566926037960796
704,0.0742,32,404,32,163204,513240,9176,117080,4.06507413509061,0.1857469221982485
705,0.0743,37,397,37,163601,512843,9213,117043,4.061929730072234,0.18581616355975525
706,0.0744,37,387,37,163988,512456,9250,117006,4.058864529210493,0.18588254731818601
707,0.0745,35,422,35,164410,512034,9285,116971,4.055522113800532,0.1859619557873149
708,0.0746,37,402,37,164812,511632,9322,116934,4.05233810670384,0.18603297028474336
709,0.0747,25,420,25,165232,511212,9347,116909,4.049011532125206,0.18612496636794504
710,0.0748,35,370,35,165602,510842,9382,116874,4.0460809783297425,0.1861892957961881
711,0.0749,33,393,33,165995,510449,9415,116841,4.042968254974021,0.1862631318847742
712,0.075,27,369,27,166364,510080,9442,116814,4.0400456215942215,0.1863377221667459
713,0.0751,32,396,32,166760,509684,9474,116782,4.036909136991509,0.1864139474448733
714,0.0752,42,381,42,167141,509303,9516,116740,4.033891458623748,0.1864728141677169
715,0.0753,28,355,28,167496,508948,9544,116712,4.031079711063237,0.18654221142473548
716,0.0754,37,401,37,167897,508547,9581,116675,4.0279036243822075,0.18661371480850003
717,0.0755,24,407,24,168304,508140,9605,116651,4.024680015207198,0.18670403382891237
718,0.0756,31,393,31,168697,507747,9636,116620,4.021567291851476,0.1867811719709722
719,0.0757,43,361,43,169058,507386,9679,116577,4.018708021796984,0.186833193634879
720,0.0758,34,369,34,169427,507017,9713,116543,4.015785388417184,0.18689941625505163
721,0.0759,30,375,30,169802,506642,9743,116513,4.012815232543404,0.1869727435389269
722,0.076,23,415,23,170217,506227,9766,116490,4.009528260043087,0.18706731950468672
723,0.0761,26,369,26,170586,505858,9792,116464,4.006605626663287,0.18714427579291748
724,0.0762,40,366,40,170952,505492,9832,116424,4.003706754530477,0.18720213019121554
725,0.0763,31,399,31,171351,505093,9863,116393,4.000546508680776,0.18728177304074428
726,0.0764,38,392,38,171743,504701,9901,116355,3.997441705740717,0.18735025504946415
727,0.0765,26,396,26,172139,504305,9927,116329,3.9943052211380055,0.18743575118346723
728,0.0766,30,398,30,172537,503907,9957,116299,3.9911528957039666,0.18751672831285088
729,0.0767,29,373,29,172910,503534,9986,116270,3.9881985806615132,0.18759156120321907
730,0.0768,38,393,38,173303,503141,10024,116232,3.9850858573057915,0.1876607472395471
731,0.0769,21,376,21,173679,502765,10045,116211,3.9821077810163477,0.18774718244326113
732,0.077,28,374,28,174053,502391,10073,116183,3.979145545558231,0.18782393052407634
733,0.0771,27,400,27,174453,501991,10100,116156,3.9759773792928654,0.18790999551886525
734,0.0772,32,376,32,174829,501615,10132,116124,3.9729993030034216,0.18798230320572282
735,0.0773,24,376,24,175205,501239,10156,116100,3.970021226713978,0.18806522834293637
736,0.0774,45,396,45,175601,500843,10201,116055,3.966884742111266,0.18812672435313454
737,0.0775,31,355,31,175956,500488,10232,116024,3.964072994550754,0.18819422817398526
738,0.0776,36,376,36,176332,500112,10268,115988,3.96109491826131,0.1882616458367148
739,0.0777,30,366,30,176698,499746,10298,115958,3.9581960461285006,0.18833400465158584
740,0.0778,30,416,30,177114,499330,10328,115928,3.9549011532125204,0.18842176777872047
741,0.0779,34,350,34,177464,498980,10362,115894,3.9521290077303255,0.18848414471908065
742,0.078,43,368,43,177832,498612,10405,115851,3.9492142947661892,0.18854023757329572
743,0.0781,37,398,37,178230,498214,10442,115814,3.9460619693321504,0.18861354856781776
744,0.0782,32,384,32,178614,497830,10474,115782,3.9430205297173995,0.18868926944062372
745,0.0783,34,385,34,178999,497445,10508,115748,3.9399711696869852,0.18876275495643297
746,0.0784,35,373,35,179372,497072,10543,115713,3.937016854644532,0.1888313193044869
747,0.0785,26,400,26,179772,496672,10569,115687,3.9338486883791663,0.18892022490075266
748,0.0786,31,412,31,180184,496260,10600,115656,3.9305854771258395,0.18900633420273372
749,0.0787,38,420,38,180604,495840,10638,115618,3.9272589025472056,0.18908575895646143
750,0.0788,40,354,40,180958,495486,10678,115578,3.9244550754023573,0.1891422175091316
751,0.0789,37,384,37,181342,495102,10715,115541,3.921413635787606,0.18921202732201958
752,0.079,33,404,33,181746,494698,10748,115508,3.918213787859587,0.18929345171958323
753,0.0791,34,354,34,182100,494344,10782,115474,3.9154099607147383,0.18935813636199653
754,0.0792,24,397,24,182497,493947,10806,115450,3.912265555696363,0.18944957064114198
755,0.0793,26,371,26,182868,493576,10832,115424,3.9093270814852366,0.1895303776683087
756,0.0794,31,353,31,183221,493223,10863,115393,3.906531174756051,0.1895990246723714
757,0.0795,30,370,30,183591,492853,10893,115363,3.903600620960588,0.18967439199231853
758,0.0796,24,360,24,183951,492493,10917,115339,3.900749271321759,0.18975473486094843
759,0.0797,46,366,46,184317,492127,10963,115293,3.8978503991889495,0.18980771130354615
760,0.0798,36,403,36,184720,491724,10999,115257,3.8946584716765935,0.18988568011189808
761,0.0799,34,374,34,185094,491350,11033,115223,3.891696236218477,0.18995735055797075
762,0.08,34,406,34,185500,490944,11067,115189,3.888480547459131,0.19003914982355358
763,0.0801,28,385,28,185885,490559,11095,115161,3.885431187428716,0.19012249884435053
764,0.0802,30,364,30,186249,490195,11125,115131,3.8825481561272337,0.19019668740480336
765,0.0803,32,378,32,186627,489817,11157,115099,3.8795542390064632,0.19027269901936797
766,0.0804,35,379,35,187006,489438,11192,115064,3.876552401470029,0.19034511052072614
767,0.0805,34,398,34,187404,489040,11226,115030,3.8734000760359906,0.1904249507507408
768,0.0806,34,410,34,187814,488630,11260,114996,3.870152705613991,0.19050869246851526
769,0.0807,35,418,35,188232,488212,11295,114961,3.8668419718666835,0.19059374342021276
770,0.0808,43,358,43,188590,487854,11338,114918,3.8640064630591815,0.19064920069279928
771,0.0809,44,389,44,188979,487465,11382,114874,3.8609254213661135,0.19071320303018732
772,0.081,33,425,33,189404,487040,11415,114841,3.8575592447091624,0.19080349770137287
773,0.0811,29,379,29,189783,486661,11444,114812,3.854557407172728,0.19088471136692753
774,0.0812,45,398,45,190181,486263,11489,114767,3.85140508173869,0.19095053491506248
775,0.0813,35,383,35,190564,485880,11524,114732,3.848371562539602,0.19102515434257059
776,0.0814,30,383,30,190947,485497,11554,114702,3.8453380433405147,0.19110661630559198
777,0.0815,39,397,39,191344,485100,11593,114663,3.842193638322139,0.19118051630394006
778,0.0816,43,383,43,191727,484717,11636,114620,3.8391601191230516,0.19124465868117604
779,0.0817,23,388,23,192115,484329,11659,114597,3.836086997845647,0.19133749411446488
780,0.0818,28,368,28,192483,483961,11687,114569,3.8331722848815106,0.19141730573237767
781,0.0819,33,424,33,192907,483537,11720,114536,3.829814028640223,0.19150839446020804
782,0.082,34,389,34,193296,483148,11754,114502,3.826732986947155,0.1915870492763323
783,0.0821,32,395,32,193691,482753,11786,114470,3.8236044227601065,0.1916704480570909
784,0.0822,43,413,43,194104,482340,11829,114427,3.8203332910911163,0.19174485184334925
785,0.0823,40,410,40,194514,481930,11869,114387,3.8170859206691166,0.19182247026329954
786,0.0824,30,384,30,194898,481546,11899,114357,3.8140444810543657,0.1919053939986877
787,0.0825,26,387,26,195285,481159,11925,114331,3.8109792801926243,0.19199482778887975
788,0.0826,44,386,44,195671,480773,11969,114287,3.8079219997465468,0.19205962423957249
789,0.0827,43,379,43,196050,480394,12012,114244,3.804920162210113,0.19212361134000855
790,0.0828,24,353,24,196403,480041,12036,114220,3.8021242554809276,0.19220510852975375
791,0.0829,39,386,39,196789,479655,12075,114181,3.79906697503485,0.19227699230090461
792,0.083,42,386,42,197175,479269,12117,114139,3.796009694588772,0.19234489592320966
793,0.0831,34,422,34,197597,478847,12151,114105,3.7926672791788114,0.1924354753841795
794,0.0832,33,376,33,197973,478471,12184,114072,3.7896892028893676,0.1925126108991246
795,0.0833,42,382,42,198355,478089,12226,114030,3.7866636041059434,0.19257953215485402
796,0.0834,36,412,36,198767,477677,12262,113994,3.783400392852617,0.19266450442898164
797,0.0835,29,368,29,199135,477309,12291,113965,3.7804856798884807,0.19274481881496566
798,0.0836,47,396,47,199531,476913,12338,113918,3.7773491952857685,0.1928097882474007
799,0.0837,26,392,26,199923,476521,12364,113892,3.7742443923457105,0.19290225655600401
800,0.0838,41,390,41,200313,476131,12405,113851,3.7711554302369787,0.19297368394289996
801,0.0839,31,361,31,200674,475770,12436,113820,3.7682961601824863,0.19304940721518343
802,0.084,44,367,44,201041,475403,12480,113776,3.7653893676340133,0.19310939459824603
803,0.0841,39,344,39,201385,475059,12519,113737,3.762664744645799,0.19316877152698048
804,0.0842,35,361,35,201746,474698,12554,113702,3.7598054745913068,0.19323929299796058
805,0.0843,41,405,41,202151,474293,12595,113661,3.7565977062476237,0.19331614377995557
806,0.0844,40,403,40,202554,473890,12635,113621,3.753405778735268,0.19339382581772938
807,0.0845,46,441,46,202995,473449,12681,113575,3.7499128754277025,0.19347590558478017
808,0.0846,32,366,32,203361,473083,12713,113543,3.747014003294893,0.1935526212612465
809,0.0847,33,427,33,203788,472656,12746,113510,3.743631985806615,0.19364821569316543
810,0.0848,42,434,42,204222,472222,12788,113468,3.7401945254086932,0.19373388652700235
811,0.0849,36,399,36,204621,471823,12824,113432,3.737034279558991,0.19381637064185697
812,0.085,40,416,40,205037,471407,12864,113392,3.733739386643011,0.19389910037465866
813,0.0851,37,413,37,205450,470994,12901,113355,3.730468254974021,0.193985101369216
814,0.0852,40,400,40,205850,470594,12941,113315,3.7273000887086556,0.1940627734801142
815,0.0853,36,342,36,206192,470252,12977,113279,3.7245913065517677,0.1941267901790993
816,0.0854,42,360,42,206552,469892,13019,113237,3.7217399569129386,0.19418859291854804
817,0.0855,41,392,41,206944,469500,13060,113196,3.7186351539728806,0.1942625314057416
818,0.0856,38,372,38,207316,469128,13098,113158,3.7156887593460906,0.1943340557732798
819,0.0857,32,400,32,207716,468728,13130,113126,3.712520593080725,0.1944233433129273
820,0.0858,33,417,33,208133,468311,13163,113093,3.709217779749081,0.19451706558606408
821,0.0859,34,380,34,208513,467931,13197,113059,3.706208021796984,0.19459715313516585
822,0.086,31,388,31,208901,467543,13228,113028,3.7031349005195793,0.19468419883183968
823,0.0861,39,389,39,209290,467154,13267,112989,3.7000538588265113,0.1947606021274065
824,0.0862,27,392,27,209682,466762,13294,112962,3.696949055886453,0.194854792970448
825,0.0863,36,388,36,210070,466374,13330,112926,3.693875934609048,0.1949352667011911
826,0.0864,34,382,34,210452,465992,13364,112892,3.690850335825624,0.195016618182572
827,0.0865,26,393,26,210845,465599,13390,112866,3.6877376124699026,0.19511292818061593
828,0.0866,34,373,34,211218,465226,13424,112832,3.684783297427449,0.19519148597545574
829,0.0867,36,383,36,211601,464843,13460,112796,3.6817497782283612,0.19527074868559774
830,0.0868,31,400,31,212001,464443,13491,112765,3.6785816119629957,0.19536285013374727
831,0.0869,40,337,40,212338,464106,13531,112725,3.6759124318844254,0.1954211892217998
832,0.087,36,399,36,212737,463707,13567,112689,3.672752186034723,0.19550621447754668
833,0.0871,39,386,39,213123,463321,13606,112650,3.669694905588645,0.1955827637155343
834,0.0872,36,391,36,213514,462930,13642,112614,3.6665980230642505,0.1956653183770485
835,0.0873,44,392,44,213906,462538,13686,112570,3.663493220124192,0.19573714850080332
836,0.0874,40,377,40,214283,462161,13726,112530,3.660507223419085,0.19580957418856393
837,0.0875,32,420,32,214703,461741,13758,112498,3.657180648840451,0.19590797559901016
838,0.0876,34,355,34,215058,461386,13792,112464,3.654368901279939,0.1959815282739392
839,0.0877,39,368,39,215426,461018,13831,112425,3.6514541883158027,0.19605261551714817
840,0.0878,32,338,32,215764,460680,13863,112393,3.648777087821569,0.1961233560122358
841,0.0879,30,427,30,216191,460253,13893,112363,3.645395070333291,0.1962274892772818
842,0.088,45,377,45,216568,459876,13938,112318,3.6424090736281842,0.1962935647699906
843,0.0881,34,403,34,216971,459473,13972,112284,3.6392171461158282,0.19638412822230422
844,0.0882,33,372,33,217343,459101,14005,112251,3.6362707514890382,0.19646557638723589
845,0.0883,32,390,32,217733,458711,14037,112219,3.633181789380307,0.19655474401415235
846,0.0884,42,373,42,218106,458338,14079,112177,3.630227474337853,0.19662410278432643
847,0.0885,40,405,40,218511,457933,14119,112137,3.6270197059941705,0.19670742189555668
848,0.0886,42,375,42,218886,457558,14161,112095,3.6240495501203904,0.19677768746938926
849,0.0887,43,412,43,219298,457146,14204,112052,3.6207863388670636,0.19685944082726925
850,0.0888,47,419,47,219717,456727,14251,112005,3.6174676847040934,0.19693810089813832
851,0.0889,52,414,52,220131,456313,14303,111953,3.61418863261944,0.19700809128119579
852,0.089,52,372,52,220503,455941,14355,111901,3.61124223799265,0.1970636198097358
853,0.0891,45,380,45,220883,455561,14400,111856,3.6082324800405527,0.1971319153285855
854,0.0892,29,383,29,221266,455178,14429,111827,3.6051989608414647,0.19722401037027892
855,0.0893,39,403,39,221669,454775,14468,111788,3.602007033329109,0.1973090371238503
856,0.0894,37,378,37,222047,454397,14505,111751,3.5990131162083387,0.1973883154228223
857,0.0895,47,404,47,222451,453993,14552,111704,3.5958132682803194,0.19746259923598675
858,0.0896,46,387,46,222838,453606,14598,111658,3.592748067418578,0.19753248039853943
859,0.0897,43,360,43,223198,453246,14641,111615,3.589896717779749,0.19759728499577772
860,0.0898,48,388,48,223586,452858,14689,111567,3.5868235965023443,0.19766488018780173
861,0.0899,41,384,41,223970,452474,14730,111526,3.5837821568875934,0.19774113475177305
862,0.09,48,397,48,224367,452077,14778,111478,3.5806377518692183,0.19781210352139542
863,0.0901,38,361,38,224728,451716,14816,111440,3.577778481814726,0.19788477793009396
864,0.0902,34,388,34,225116,451328,14850,111406,3.574705360537321,0.19797275444526188
865,0.0903,35,376,35,225492,450952,14885,111371,3.5717272842478773,0.1980552102617179
866,0.0904,34,434,34,225926,450518,14919,111337,3.568289823849956,0.1981596675298787
867,0.0905,40,390,40,226316,450128,14959,111297,3.565200861741224,0.19824019236763593
868,0.0906,37,369,37,226685,449759,14996,111260,3.5622782283614245,0.1983177040349792
869,0.0907,42,386,42,227071,449373,15038,111218,3.5592209479153465,0.1983941946980954
870,0.0908,35,391,35,227462,448982,15073,111183,3.556124065390952,0.1984825899511751
871,0.0909,35,399,35,227861,448583,15108,111148,3.5529638195412496,0.19857395784760895
872,0.091,38,374,38,228235,448209,15146,111110,3.5500015840831325,0.19865228965938936
873,0.0911,39,408,39,228643,447801,15185,111071,3.54677005449246,0.19874139337809016
874,0.0912,47,381,47,229024,447420,15232,111024,3.543752376124699,0.1988095493908073
875,0.0913,41,380,41,229404,447040,15273,110983,3.540742618172602,0.1988860674201601
876,0.0914,30,417,30,229821,446623,15303,110953,3.537439804840958,0.1989917069601274
877,0.0915,43,426,43,230247,446197,15346,110910,3.5340657077683435,0.19908204348536276
878,0.0916,51,369,51,230616,445828,15397,110859,3.531143074388544,0.19914063019254985
879,0.0917,33,403,33,231019,445425,15430,110826,3.527951146876188,0.1992373946294029
880,0.0918,39,369,39,231388,445056,15469,110787,3.5250285134963883,0.19931347520792742
881,0.0919,35,410,35,231798,444646,15504,110752,3.5217811430743886,0.1994101527193112
882,0.092,49,389,49,232187,444257,15553,110703,3.5187001013813206,0.19947924174715295
883,0.0921,31,391,31,232578,443866,15584,110672,3.5156032188569255,0.19957514182977543
884,0.0922,44,384,44,232962,443482,15628,110628,3.5125617792421746,0.19964988901120717
885,0.0923,42,394,42,233356,443088,15670,110586,3.5094411354707895,0.19973124979681184
886,0.0924,31,372,31,233728,442716,15701,110555,3.5064947408439995,0.19982070269361668
887,0.0925,46,346,46,234074,442370,15747,110509,3.5037542770244583,0.19987917790330254
888,0.0926,29,361,29,234435,442009,15776,110480,3.500895006969966,0.19996778216398878
889,0.0927,40,393,40,234828,441616,15816,110440,3.497782283614244,0.20005216862057473
890,0.0928,45,401,45,235229,441215,15861,110395,3.494606196933215,0.20013233987781223
891,0.0929,52,390,52,235619,440825,15913,110343,3.4915172348244834,0.2001984875754761
892,0.093,40,367,40,235986,440458,15953,110303,3.4886104422760105,0.20027380297442993
893,0.0931,48,379,48,236365,440079,16001,110255,3.4856086047395767,0.20034197414660915
894,0.0932,35,383,35,236748,439696,16036,110220,3.482575085540489,0.20043061122062278
895,0.0933,45,375,45,237123,439321,16081,110175,3.479604929666709,0.20050191448163407
896,0.0934,40,376,40,237499,438945,16121,110135,3.4766268533772653,0.2005809718073869
897,0.0935,34,381,34,237880,438564,16155,110101,3.4736091750095044,0.2006707189268497
898,0.0936,43,394,43,238274,438170,16198,110058,3.4704885312381193,0.20075224176802353
899,0.0937,40,394,40,238668,437776,16238,110018,3.467367887466734,0.200838271320971
900,0.0938,46,366,46,239034,437410,16284,109972,3.4644690153339246,0.2009054006160232
901,0.0939,46,374,46,239408,437036,16330,109926,3.461506779875808,0.20097557051495352
902,0.094,54,393,54,239801,436643,16384,109872,3.458394056520086,0.2010411425120994
903,0.0941,38,371,38,240172,436272,16422,109834,3.4554555823089594,0.20112212647361502
904,0.0942,41,394,41,240566,435878,16463,109793,3.4523349385375743,0.2012073208948249
905,0.0943,39,364,39,240930,435514,16502,109754,3.449451907236092,0.2012845059677076
906,0.0944,51,360,51,241290,435154,16553,109703,3.4466005575972627,0.20134273763574662
907,0.0945,40,389,40,241679,434765,16593,109663,3.4435195159041947,0.2014279206800532
908,0.0946,42,394,42,242073,434371,16635,109621,3.4403988721328096,0.2015121545905087
909,0.0947,54,420,54,242493,433951,16689,109567,3.4370722975541756,0.20158853984596647
910,0.0948,39,394,39,242887,433557,16728,109528,3.4339516537827905,0.20167745380557373
911,0.0949,43,392,43,243279,433165,16771,109485,3.430846850842732,0.20175988206025983
912,0.095,47,396,47,243675,432769,16818,109438,3.4277103662400203,0.20183804340408737
913,0.0951,49,363,49,244038,432406,16867,109389,3.424835255354201,0.20190108804990817
914,0.0952,43,394,43,244432,432012,16910,109346,3.4217146115828156,0.20198463863099833
915,0.0953,51,365,51,244797,431647,16961,109295,3.41882365986567,0.2020456906655427
916,0.0954,44,418,44,245215,431229,17005,109251,3.4155129261183625,0.20213698934280638
917,0.0955,36,390,36,245605,430839,17041,109215,3.412423964009631,0.20222977702229777
918,0.0956,30,388,30,245993,430451,17071,109185,3.4093508427322265,0.2023308304116108
919,0.0957,43,372,43,246365,430079,17114,109142,3.4064044481054365,0.20240680537293615
920,0.0958,49,434,49,246799,429645,17163,109093,3.402966987707515,0.2024973178056866
921,0.0959,36,383,36,247182,429262,17199,109057,3.3999334685084275,0.2025880565241056
922,0.096,41,409,41,247591,428853,17240,109016,3.396694018502091,0.20268132203194458
923,0.0961,33,379,33,247970,428474,17273,108983,3.3936921809656573,0.20277529179078513
924,0.0962,35,381,35,248351,428093,17308,108948,3.3906745025978964,0.20286719263519917
925,0.0963,59,371,59,248722,427722,17367,108889,3.3877360283867697,0.2029198059674513
926,0.0964,54,372,54,249094,427350,17421,108835,3.3847896337599797,0.2029803146302116
927,0.0965,51,350,51,249444,427000,17472,108784,3.3820174882777847,0.2030370447792394
928,0.0966,35,370,35,249814,426630,17507,108749,3.379086934482322,0.20312526266439287
929,0.0967,42,367,42,250181,426263,17549,108707,3.376180141933849,0.20320204871301195
930,0.0968,34,356,34,250537,425907,17583,108673,3.3733604739576735,0.20328669235661642
931,0.0969,41,386,41,250923,425521,17624,108632,3.3703031935115955,0.2033724419782347
932,0.097,40,402,40,251325,425119,17664,108592,3.3671191864149033,0.20346592069490793
933,0.0971,42,369,42,251694,424750,17706,108550,3.3641965530351032,0.20354397149821865
934,0.0972,42,367,42,252061,424383,17748,108508,3.3612897604866303,0.2036213784807775
935,0.0973,44,395,44,252456,423988,17792,108464,3.358161196299582,0.20370662519813992
936,0.0974,39,387,39,252843,423601,17831,108425,3.3550959954378405,0.20379643100149242
937,0.0975,37,372,37,253215,423229,17868,108388,3.3521496008110505,0.20388362298421608
938,0.0976,37,348,37,253563,422881,17905,108351,3.3493932961601827,0.20396173423287753
939,0.0977,31,379,31,253942,422502,17936,108320,3.3463914586237484,0.20406087162928438
940,0.0978,38,380,38,254322,422122,17974,108282,3.3433817006716513,0.20415004411731436
941,0.0979,46,400,46,254722,421722,18020,108236,3.3402135344062858,0.2042350525890731
942,0.098,44,371,44,255093,421351,18064,108192,3.337275060195159,0.20431201998704543
943,0.0981,33,391,33,255484,420960,18097,108159,3.334178177670764,0.20441337392911613
944,0.0982,40,380,40,255864,420580,18137,108119,3.331168419718667,0.20450010308322883
945,0.0983,47,417,47,256281,420163,18184,108072,3.3278656063870233,0.2045907597944097
946,0.0984,36,401,36,256682,419762,18220,108036,3.324689519705994,0.20469194654015363
947,0.0985,44,394,44,257076,419368,18264,107992,3.321568875934609,0.20477851941747574
948,0.0986,40,427,40,257503,418941,18304,107952,3.318186858446331,0.20488410360357795
949,0.0987,52,372,52,257875,418569,18356,107900,3.315240463819541,0.2049503389563298
950,0.0988,39,402,39,258277,418167,18395,107861,3.312056456722849,0.2050480202574768
951,0.0989,49,413,49,258690,417754,18444,107812,3.308785325053859,0.20513503537139008
952,0.099,43,358,43,259048,417396,18487,107769,3.3059498162463568,0.20520979120847735
953,0.0991,41,414,41,259462,416982,18528,107728,3.3026707641617032,0.20530959958834405
954,0.0992,31,361,31,259823,416621,18559,107697,3.2998114941072108,0.20540397239842997
955,0.0993,48,358,48,260181,416263,18607,107649,3.2969759852997087,0.20547152956985143
956,0.0994,41,331,41,260512,415932,18648,107608,3.2943543277151184,0.2055392138136532
957,0.0995,38,378,38,260890,415554,18686,107570,3.291360410594348,0.20563002270972083
958,0.0996,49,380,49,261270,415174,18735,107521,3.288350652642251,0.2057050478768689
959,0.0997,52,387,52,261657,414787,18787,107469,3.2852854517805095,0.20577839220612112
960,0.0998,48,375,48,262032,414412,18835,107421,3.282315295906729,0.2058532135759908
961,0.0999,40,420,40,262452,413992,18875,107381,3.2789887213280955,0.2059581144401417
962,0.1,31,378,31,262830,413614,18906,107350,3.2759948042073246,0.20606030359103508
963,0.1001,37,357,37,263187,413257,18943,107313,3.273167215815486,0.20614518700655052
964,0.1002,49,383,49,263570,412874,18992,107264,3.2701336966163983,0.20622219487905133
965,0.1003,53,386,53,263956,412488,19045,107211,3.2670764161703207,0.20629441272736718
966,0.1004,42,391,42,264347,412097,19087,107169,3.2639795336459256,0.20638555191366276
967,0.1005,46,363,46,264710,411734,19133,107123,3.2611044227601065,0.20645958327631697
968,0.1006,47,353,47,265063,411381,19180,107076,3.258308516030921,0.2065282173835053
969,0.1007,40,366,40,265429,411015,19220,107036,3.255409643898112,0.20661286244018445
970,0.1008,43,385,43,265814,410630,19263,106993,3.2523602838676973,0.20670062960880795
971,0.1009,39,401,39,266215,410229,19302,106954,3.2491841971866684,0.20680107428125055
972,0.101,40,376,40,266591,409853,19342,106914,3.2462061208972246,0.2068901458490964
973,0.1011,34,339,34,266930,409514,19376,106880,3.243521099987327,0.2069737448537357
974,0.1012,32,377,32,267307,409137,19408,106848,3.24053510328222,0.2070757870868339
975,0.1013,43,396,43,267703,408741,19451,106805,3.2373986186795083,0.2071687104545472
976,0.1014,46,389,46,268092,408352,19497,106759,3.2343175769864403,0.20725435876927498
977,0.1015,57,401,57,268493,407951,19554,106702,3.2311414903054114,0.20732804433278346
978,0.1016,54,375,54,268868,407576,19608,106648,3.228171334431631,0.20739599863094682
979,0.1017,45,332,45,269200,407244,19653,106603,3.2255417564313773,0.20746058651699825
980,0.1018,42,367,42,269567,406877,19695,106561,3.2226349638829044,0.20754404621395378
981,0.1019,48,380,48,269947,406497,19743,106513,3.2196252059308073,0.20762363306758153
982,0.102,49,384,49,270331,406113,19792,106464,3.2165837663160564,0.20770342797277286
983,0.1021,53,398,53,270729,405715,19845,106411,3.2134314408820175,0.2077828503141805
984,0.1022,49,408,49,271137,405307,19894,106362,3.2101999112913444,0.20787266768164575
985,0.1023,44,364,44,271501,404943,19938,106318,3.207316879989862,0.2079524939316709
986,0.1024,40,370,40,271871,404573,19978,106278,3.2043863261943986,0.2080410922167129
987,0.1025,33,409,33,272280,404164,20011,106245,3.201146876188062,0.20815659598478867
988,0.1026,41,339,41,272619,403825,20052,106204,3.198461855278165,0.20823129665175902
989,0.1027,41,356,41,272975,403469,20093,106163,3.19564218730199,0.20831305726484994
990,0.1028,46,368,46,273343,403101,20139,106117,3.192727474337853,0.20839208354771435
991,0.1029,43,363,43,273706,402738,20182,106074,3.189852363452034,0.2084738567486616
992,0.103,42,359,42,274065,402379,20224,106032,3.1870089342288686,0.2085556764114073
993,0.1031,52,322,52,274387,402057,20276,105980,3.184458560385249,0.20860685343784016
994,0.1032,51,348,51,274735,401709,20327,105929,3.181702255734381,0.20867035170731899
995,0.1033,37,352,37,275087,401357,20364,105892,3.178914269420859,0.20875743471155192
996,0.1034,50,342,50,275429,401015,20414,105842,3.176205487263972,0.20882023923907533
997,0.1035,39,383,39,275812,400632,20453,105803,3.173171968064884,0.2089172351831923
998,0.1036,39,357,39,276169,400275,20492,105764,3.170344379673045,0.20900365386857533
999,0.1037,56,417,56,276586,399858,20548,105708,3.1670415663414015,0.20908842762369306
1000,0.1038,50,397,50,276983,399461,20598,105658,3.1638971613230265,0.20917447175814016
1001,0.1039,47,343,47,277326,399118,20645,105611,3.1611804587504753,0.2092429798961423
1002,0.104,38,417,38,277743,398701,20683,105573,3.1578776454188318,0.20935642131063667
1003,0.1041,41,346,41,278089,398355,20724,105532,3.15513718159929,0.20943584573525414
1004,0.1042,35,347,35,278436,398008,20759,105497,3.1523887973640856,0.20952522815066385
1005,0.1043,54,409,54,278845,397599,20813,105443,3.149149347357749,0.2096107283288473
1006,0.1044,43,374,43,279219,397225,20856,105400,3.1461871118996325,0.20969907983088784
1007,0.1045,44,395,44,279614,396830,20900,105356,3.143058547712584,0.20979477723393325
1008,0.1046,45,359,45,279973,396471,20945,105311,3.1402151184894183,0.20987400903181064
1009,0.1047,41,348,41,280321,396123,20986,105270,3.1374588138385504,0.20995506518838516
1010,0.1048,40,356,40,280677,395767,21026,105230,3.134639145862375,0.2100411778912848
1011,0.1049,33,368,33,281045,395399,21059,105197,3.1317244328982383,0.21014350893734668
1012,0.105,39,410,39,281455,394989,21098,105158,3.1284770624762386,0.21025418526953077
1013,0.1051,51,392,51,281847,394597,21149,105107,3.1253722595361806,0.21033852040407922
1014,0.1052,43,374,43,282221,394223,21192,105064,3.1224100240780635,0.21042807042843095
1015,0.1053,53,337,53,282558,393886,21245,105011,3.119740843999493,0.2104863328502677
1016,0.1054,46,382,46,282940,393504,21291,104965,3.116715245216069,0.2105747799762874
1017,0.1055,47,390,47,283330,393114,21338,104918,3.1136262831073376,0.21066517814116362
1018,0.1056,48,361,48,283691,392753,21386,104870,3.110767013052845,0.21074186683493326
1019,0.1057,38,358,38,284049,392395,21424,104832,3.1079315042453426,0.2108332813785253
1020,0.1058,50,339,50,284388,392056,21474,104782,3.1052464833354456,0.21089771716334096
1021,0.1059,44,394,44,284782,391662,21518,104738,3.1021258395640605,0.21099516518936343
1022,0.106,46,373,46,285155,391289,21564,104692,3.0991715245216067,0.21108066639649503
1023,0.1061,53,432,53,285587,390857,21617,104639,3.095749904955012,0.21118031225277298
1024,0.1062,57,369,57,285956,390488,21674,104582,3.0928272715752123,0.21124689437857272
1025,0.1063,43,390,43,286346,390098,21717,104539,3.089738309466481,0.2113448852390743
1026,0.1064,38,327,38,286673,389771,21755,104501,3.0871483335445444,0.21142407419396608
1027,0.1065,50,371,50,287044,389400,21805,104451,3.0842098593334177,0.2115030646895521
1028,0.1066,37,352,37,287396,389048,21842,104414,3.081421873019896,0.21159481378505335
1029,0.1067,41,402,41,287798,388646,21883,104373,3.0782378659232035,0.21170178025593334
1030,0.1068,51,368,51,288166,388278,21934,104322,3.075323152959067,0.2117783191230207
1031,0.1069,37,390,37,288556,387888,21971,104285,3.072234190850336,0.2118868771753022
1032,0.107,43,360,43,288916,387528,22014,104242,3.0693828412115067,0.2119730768448665
1033,0.1071,52,400,52,289316,387128,22066,104190,3.066214674946141,0.2120622488897211
1034,0.1072,42,358,42,289674,386770,22108,104148,3.063379166138639,0.21214948321308244
1035,0.1073,43,364,43,290038,386406,22151,104105,3.060496134837156,0.21223784991570016
1036,0.1074,52,379,52,290417,386027,22203,104053,3.0574942973007224,0.21231839699640875
1037,0.1075,41,340,41,290757,385687,22244,104012,3.0548013559751617,0.21239986195601787
1038,0.1076,44,363,44,291120,385324,22288,103968,3.051926245089342,0.21248661331066113
1039,0.1077,44,339,44,291459,384985,22332,103924,3.049241224179445,0.21256307410990594
1040,0.1078,36,343,36,291802,384642,22368,103888,3.046524521606894,0.21265428939880868
1041,0.1079,35,353,35,292155,384289,22403,103853,3.043728614877709,0.2127516173572444
1042,0.108,46,320,46,292475,383969,22449,103807,3.041194081865416,0.2128169487633668
1043,0.1081,42,361,42,292836,383608,22491,103765,3.0383348118109237,0.21290674698844622
1044,0.1082,47,420,47,293256,383188,22538,103718,3.0350082372322897,0.21301442167482018
1045,0.1083,38,330,38,293586,382858,22576,103680,3.032394500063363,0.21309743534934578
1046,0.1084,47,393,47,293979,382465,22623,103633,3.0292817767076414,0.21319363585120696
1047,0.1085,40,421,40,294400,382044,22663,103593,3.025947281713344,0.21331364784808407
1048,0.1086,40,371,40,294771,381673,22703,103553,3.023008807502218,0.21341189466351762
1049,0.1087,50,377,50,295148,381296,22753,103503,3.0200228107971108,0.21349672750975146
1050,0.1088,43,362,43,295510,380934,22796,103460,3.017155620326955,0.2135864606085129
1051,0.1089,43,397,43,295907,380537,22839,103417,3.0140112153085794,0.213691797154275
1052,0.109,42,356,42,296263,380181,22881,103375,3.011191547332404,0.21378082373086055
1053,0.1091,59,377,59,296640,379804,22940,103316,3.008205550627297,0.2138516310647458
1054,0.1092,47,375,47,297015,379429,22987,103269,3.005235394753517,0.21394122204774
1055,0.1093,46,403,46,297418,379026,23033,103223,3.002043467241161,0.21404502653193683
1056,0.1094,44,367,44,297785,378659,23077,103179,2.999136674692688,0.21413628646972635
1057,0.1095,43,370,43,298155,378289,23120,103136,2.9962061208972246,0.21423066936698343
1058,0.1096,44,350,44,298505,377939,23164,103092,2.9934339754150296,0.21431466994850643
1059,0.1097,46,333,46,298838,377606,23210,103046,2.990796476999113,0.21438795635927865
1060,0.1098,45,399,45,299237,377207,23255,103001,2.987636231149411,0.21449246992969714
1061,0.1099,50,391,50,299628,376816,23305,102951,2.984539348625016,0.21458541333605688
1062,0.11,51,370,51,299998,376446,23356,102900,2.9816087948295524,0.2146674844475598
1063,0.1101,51,374,51,300372,376072,23407,102849,2.9786465593714357,0.2147514934613433
1064,0.1102,42,360,42,300732,375712,23449,102807,2.9757952097326066,0.21484413367076333
1065,0.1103,49,400,49,301132,375312,23498,102758,2.972627043467241,0.21494341832785993
1066,0.1104,40,341,40,301473,374971,23538,102718,2.969926181726017,0.21503111857296275
1067,0.1105,52,369,52,301842,374602,23590,102666,2.9670035483462174,0.21511184491732108
1068,0.1106,53,329,53,302171,374273,23643,102613,2.964397731592954,0.21517301828948637
1069,0.1107,42,340,42,302511,373933,23685,102571,2.9617047902673934,0.21525737454459984
1070,0.1108,48,350,48,302861,373583,23733,102523,2.9589326447851985,0.21533650069522334
1071,0.1109,47,365,47,303226,373218,23780,102476,2.956041693068052,0.21542420127224646
1072,0.111,47,352,47,303578,372866,23827,102429,2.9532537067545306,0.215506159332625
1073,0.1111,42,334,42,303912,372532,23869,102387,2.9506082879229503,0.21558834243313071
1074,0.1112,43,352,43,304264,372180,23912,102344,2.9478203016094287,0.21567718387268084
1075,0.1113,39,358,39,304622,371822,23951,102305,2.944984792801926,0.2157755200610807
1076,0.1114,50,369,50,304991,371453,24001,102255,2.9420621594221266,0.21586082565631148
1077,0.1115,40,336,40,305327,371117,24041,102215,2.939400899759219,0.2159477914022293
1078,0.1116,50,403,50,305730,370714,24091,102165,2.9362089722468636,0.21604892583515023
1079,0.1117,44,383,44,306113,370331,24135,102121,2.933175453047776,0.21615105873189233
1080,0.1118,48,357,48,306470,369974,24183,102073,2.9303478646559373,0.21623482407472136
1081,0.1119,44,347,44,306817,369627,24227,102029,2.9275994804207324,0.21632079312040978
1082,0.112,51,340,51,307157,369287,24278,101978,2.9249065390951716,0.21639205118139476
1083,0.1121,45,356,45,307513,368931,24323,101933,2.9220868711189962,0.21648076727037957
1084,0.1122,45,338,45,307851,368593,24368,101888,2.9194097706247626,0.21656134891738454
1085,0.1123,47,389,47,308240,368204,24415,101841,2.916328728931694,0.21666223446691274
1086,0.1124,49,398,49,308638,367806,24464,101792,2.9131764034976557,0.2167641259119502
1087,0.1125,42,360,42,308998,367446,24506,101750,2.9103250538588266,0.21686033129012183
1088,0.1126,37,350,37,309348,367096,24543,101713,2.9075529083766316,0.2169604252478088
1089,0.1127,45,339,45,309687,366757,24588,101668,2.904867887466734,0.21704221593638257
1090,0.1128,39,364,39,310051,366393,24627,101629,2.9019848561652517,0.2171457751986018
1091,0.1129,49,383,49,310434,366010,24676,101580,2.898951336966164,0.21724160054748817
1092,0.113,57,341,57,310775,365669,24733,101523,2.8962504752249396,0.21730466275107452
1093,0.1131,43,357,43,311132,365312,24776,101480,2.893422886833101,0.217398755762738
1094,0.1132,53,381,53,311513,364931,24829,101427,2.8904052084653404,0.21748742382461542
1095,0.1133,42,387,42,311900,364544,24871,101385,2.887340007603599,0.21759753095428702
1096,0.1134,48,346,48,312246,364198,24919,101337,2.884599543784058,0.2176785848539852
1097,0.1135,53,340,53,312586,363858,24972,101284,2.881906602458497,0.2177485585047147
1098,0.1136,39,376,39,312962,363482,25011,101245,2.8789285261690534,0.21785908716300106
1099,0.1137,46,339,46,313301,363143,25057,101199,2.876243505259156,0.21794065580972646
1100,0.1138,47,338,47,313639,362805,25104,101152,2.873566404764922,0.21802020445860285
1101,0.1139,41,338,41,313977,362467,25145,101111,2.8708893042706882,0.21811000522026497
1102,0.114,48,320,48,314297,362147,25193,101063,2.8683547712583954,0.2181796593337795
1103,0.1141,39,342,39,314639,361805,25232,101024,2.865645989101508,0.21827500005401562
1104,0.1142,38,334,38,314973,361471,25270,100986,2.8630005702699277,0.21836841046843275
1105,0.1143,45,338,45,315311,361133,25315,100941,2.8603234697756936,0.2184520228361691
1106,0.1144,48,371,48,315682,360762,25363,100893,2.8573849955645674,0.21854631705494362
1107,0.1145,49,376,49,316058,360386,25412,100844,2.8544069192751236,0.21864145870823667
1108,0.1146,49,343,49,316401,360043,25461,100795,2.8516902167025724,0.21872111240826494
1109,0.1147,50,365,50,316766,359678,25511,100745,2.8487992649854266,0.2188096598128243
1110,0.1148,45,351,45,317117,359327,25556,100700,2.8460191990875683,0.218900194988555
1111,0.1149,59,368,59,317485,358959,25615,100641,2.8431044861234316,0.2189751958224543
1112,0.115,41,336,41,317821,358623,25656,100600,2.8404432264605246,0.219065682685754
1113,0.1151,47,294,47,318115,358329,25703,100553,2.838114624255481,0.21912604983416217
1114,0.1152,40,320,40,318435,358009,25743,100513,2.8355800912431883,0.21921085574956053
1115,0.1153,51,343,51,318778,357666,25794,100462,2.8328633886706376,0.21928805923235428
1116,0.1154,39,354,39,319132,357312,25833,100423,2.830059561525789,0.21939113242378233
1117,0.1155,30,322,30,319454,356990,25863,100393,2.8275091876821694,0.21949438435621788
1118,0.1156,51,369,51,319823,356621,25914,100342,2.82458655430237,0.21958451778371554
1119,0.1157,45,338,45,320161,356283,25959,100297,2.8219094538081357,0.21967015638004292
1120,0.1158,50,361,50,320522,355922,26009,100247,2.8190501837536432,0.21975846670861018
1121,0.1159,52,348,52,320870,355574,26061,100195,2.8162938791027754,0.21983724211168376
1122,0.116,51,348,51,321218,355226,26112,100144,2.813537574451907,0.21991786898566001
1123,0.1161,54,354,54,321572,354872,26166,100090,2.810733747307059,0.21999639530334403
1124,0.1162,48,372,48,321944,354500,26214,100042,2.807787352680269,0.22009407271495263
1125,0.1163,47,325,47,322269,354175,26261,99995,2.805213217589659,0.22017086113129444
1126,0.1164,56,364,56,322633,353811,26317,99939,2.8023301862881764,0.22025123966942148
1127,0.1165,43,356,43,322989,353455,26360,99896,2.799510518312001,0.2203502363510834
1128,0.1166,39,344,39,323333,353111,26399,99857,2.7967858953237865,0.22045045124600413
1129,0.1167,57,375,57,323708,352736,26456,99800,2.7938157394500065,0.22053494086658298
1130,0.1168,43,385,43,324093,352351,26499,99757,2.790766379419592,0.22064860608527165
1131,0.1169,38,350,38,324443,352001,26537,99719,2.787994233937397,0.2207540069069335
1132,0.117,40,330,40,324773,351671,26577,99679,2.7853804967684703,0.22084634983937076
1133,0.1171,40,336,40,325109,351335,26617,99639,2.7827192371055633,0.22094178378354407
1134,0.1172,48,350,48,325459,350985,26665,99591,2.7799470916233684,0.2210304144028976
1135,0.1173,39,361,39,325820,350624,26704,99552,2.777087821568876,0.2211401762866079
1136,0.1174,39,348,39,326168,350276,26743,99513,2.774331516918008,0.22124373873082712
1137,0.1175,38,347,38,326515,349929,26781,99475,2.771583132682803,0.22134871963756442
1138,0.1176,40,323,40,326838,349606,26821,99435,2.7690248384235203,0.2214385768782806
1139,0.1177,51,330,51,327168,349276,26872,99384,2.7664111012545938,0.22151294967235768
1140,0.1178,55,360,55,327528,348916,26927,99329,2.7635597516157646,0.221595332909458
1141,0.1179,54,356,54,327884,348560,26981,99275,2.7607400836395892,0.22167762680451505
1142,0.118,57,342,57,328226,348218,27038,99218,2.758031301482702,0.22174791478557826
1143,0.1181,46,357,46,328583,347861,27084,99172,2.755203713090863,0.2218449197262842
1144,0.1182,42,346,42,328929,347515,27126,99130,2.752463249271322,0.22194360174187555
1145,0.1183,40,322,40,329251,347193,27166,99090,2.7499128754277025,0.22203400084699618
1146,0.1184,48,373,48,329624,346820,27214,99042,2.746958560385249,0.22213599723681318
1147,0.1185,52,298,52,329922,346522,27266,98990,2.744598276517552,0.22219379051518254
1148,0.1186,55,308,55,330230,346214,27321,98935,2.74215878849322,0.22225142592704913
1149,0.1187,35,371,35,330601,345843,27356,98900,2.7392203142820937,0.2223756191778173
1150,0.1188,52,390,52,330991,345453,27408,98848,2.736131352173362,0.22247980535717904
1151,0.1189,48,372,48,331363,345081,27456,98800,2.733184957546572,0.22258217855686546
1152,0.119,48,351,48,331714,344730,27504,98752,2.7304048916487136,0.222674200982227
1153,0.1191,43,348,43,332062,344382,27547,98709,2.7276485869978457,0.222773651462115
1154,0.1192,51,338,51,332400,344044,27598,98658,2.7249714865036117,0.22285419989067137
1155,0.1193,55,307,55,332707,343737,27653,98603,2.7225399188949435,0.2229122394538138
1156,0.1194,39,344,39,333051,343393,27692,98564,2.719815295906729,0.22301717135377425
1157,0.1195,59,329,59,333380,343064,27751,98505,2.717209479153466,0.22307951871621423
1158,0.1196,39,329,39,333709,342735,27790,98466,2.7146036624002026,0.22317719134816105
1159,0.1197,41,350,41,334059,342385,27831,98425,2.711831516918008,0.2232821396973753
1160,0.1198,45,342,45,334401,342043,27876,98380,2.70912273476112,0.22337616337021454
1161,0.1199,49,332,49,334733,341711,27925,98331,2.706493156760867,0.22345821535217092
1162,0.12,42,328,42,335061,341383,27967,98289,2.703895260423267,0.2235507378227406
1163,0.1201,44,345,44,335406,341038,28011,98245,2.7011627170193893,0.22364853636494014
1164,0.1202,56,368,56,335774,340670,28067,98189,2.698248004055253,0.22373700892541795
1165,0.1203,48,382,48,336156,340288,28115,98141,2.6952224052718288,0.22384696267810753
1166,0.1204,36,378,36,336534,339910,28151,98105,2.6922284881510583,0.22397634784196888
1167,0.1205,48,295,48,336829,339615,28199,98057,2.689891965530351,0.2240422051216436
1168,0.1206,37,340,37,337169,339275,28236,98020,2.6871990242047903,0.224150744920477
1169,0.1207,61,316,61,337485,338959,28297,97959,2.6846961728551513,0.22420454181333796
1170,0.1208,44,358,44,337843,338601,28341,97915,2.6818606640476492,0.22431022001484482
1171,0.1209,55,338,55,338181,338263,28396,97860,2.679183563553415,0.2243862396617468
1172,0.121,45,361,45,338542,337902,28441,97815,2.6763242934989226,0.2244920441479217
1173,0.1211,39,351,39,338893,337551,28480,97776,2.6735442276010644,0.22460357386516344
1174,0.1212,48,347,48,339240,337204,28528,97728,2.67079584336586,0.22469719404412644
1175,0.1213,51,309,51,339549,336895,28579,97677,2.668348434925865,0.22476597663908396
1176,0.1214,31,375,31,339924,336520,28610,97646,2.6653782790520846,0.2249047599305335
1177,0.1215,41,333,41,340257,336187,28651,97605,2.6627407806361676,0.22500414945411626
1178,0.1216,53,324,53,340581,335863,28704,97552,2.6601745659612215,0.22507758153271115
1179,0.1217,41,321,41,340902,335542,28745,97511,2.657632112533266,0.22517105296580325
1180,0.1218,35,334,35,341236,335208,28780,97476,2.6549866937016855,0.2252821920847547
1181,0.1219,39,323,39,341559,334885,28819,97437,2.6524283994424027,0.22538061907559642
1182,0.122,56,342,56,341901,334543,28875,97381,2.6497196172855153,0.2254586455024495
1183,0.1221,52,321,52,342222,334222,28927,97329,2.647177163857559,0.22553301927234556
1184,0.1222,41,306,41,342528,333916,28968,97288,2.6447535166645544,0.2256194283912023
1185,0.1223,36,341,36,342869,333575,29004,97252,2.6420526549233303,0.2257332989807974
1186,0.1224,37,304,37,343173,333271,29041,97215,2.6396448485616526,0.22582615927114935
1187,0.1225,54,317,54,343490,332954,29095,97161,2.6371340767963503,0.22589540006742384
1188,0.1226,45,343,45,343833,332611,29140,97116,2.634417374223799,0.22599464311062606
1189,0.1227,44,351,44,344184,332260,29184,97072,2.631637308325941,0.22610008105615234
1190,0.1228,52,369,52,344553,331891,29236,97020,2.628714674946141,0.22620077358706117
1191,0.1229,47,346,47,344899,331545,29283,96973,2.6259742111266,0.22629854521863726
1192,0.123,54,343,54,345242,331202,29337,96919,2.623257508554049,0.22638226108973866
1193,0.1231,48,291,48,345533,330911,29385,96871,2.6209526675959953,0.22644945322617596
1194,0.1232,44,321,44,345854,330590,29429,96827,2.6184102141680397,0.2265398896159956
1195,0.1233,56,345,56,346199,330245,29485,96771,2.615677670764162,0.22662148490923056
1196,0.1234,40,355,40,346554,329890,29525,96731,2.6128659232036497,0.22673754925331852
1197,0.1235,59,313,59,346867,329577,29584,96672,2.610386833101001,0.22679701301352026
1198,0.1236,55,332,55,347199,329245,29639,96617,2.6077572551007475,0.22687396386622896
1199,0.1237,44,345,44,347544,328900,29683,96573,2.6050247116968697,0.22697797510065268
1200,0.1238,55,307,55,347851,328593,29738,96518,2.602593144088202,0.22704187847409266
1201,0.1239,41,336,41,348187,328257,29779,96477,2.5999318844252945,0.2271468731017531
1202,0.124,47,332,47,348519,327925,29826,96430,2.5973023064250413,0.227238986226155
1203,0.1241,49,336,49,348855,327589,29875,96381,2.594641046762134,0.22732976389838905
1204,0.1242,47,333,47,349188,327256,29922,96334,2.5920035483462174,0.22742274369083312
1205,0.1243,39,356,39,349544,326900,29961,96295,2.589183880370042,0.22754285849312963
1206,0.1244,29,350,29,349894,326550,29990,96266,2.586411734887847,0.22767823355785968
1207,0.1245,41,309,41,350203,326241,30031,96225,2.583964326447852,0.22776980869466418
1208,0.1246,39,364,39,350567,325877,30070,96186,2.5810812951463693,0.22789488773003083
1209,0.1247,50,314,50,350881,325563,30120,96136,2.5785942846280574,0.22797303289787266
1210,0.1248,46,376,46,351257,325187,30166,96090,2.5756162083386136,0.22809220536606556
1211,0.1249,42,344,42,351601,324843,30208,96048,2.572891585350399,0.22820160088954147
1212,0.125,53,324,53,351925,324519,30261,95995,2.570325370675453,0.22828015238493843
1213,0.1251,44,356,44,352281,324163,30305,95951,2.5675057026992776,0.22839276958158977
1214,0.1252,62,328,62,352609,323835,30367,95889,2.5649078063616777,0.22845727192154844
1215,0.1253,39,316,39,352925,323519,30406,95850,2.562404955012039,0.22855766639880393
1216,0.1254,34,307,34,353232,323212,30440,95816,2.559973387403371,0.2286625237454299
1217,0.1255,42,338,42,353570,322874,30482,95774,2.557296286909137,0.2287697540654679
1218,0.1256,54,309,54,353879,322565,30536,95720,2.554848878469142,0.22883918859151056
1219,0.1257,47,384,47,354263,322181,30583,95673,2.551807438854391,0.2289627477540002
1220,0.1258,36,361,36,354624,321820,30619,95637,2.5489481687998987,0.22909425401897682
1221,0.1259,47,345,47,354969,321475,30666,95590,2.546215625396021,0.22919688777528682
1222,0.126,36,350,36,355319,321125,30702,95554,2.543443479913826,0.22932281204476349
1223,0.1261,56,332,56,355651,320793,30758,95498,2.5408139019135723,0.2294020288692285
1224,0.1262,37,312,37,355963,320481,30795,95461,2.5383427322265875,0.22950555606310497
1225,0.1263,48,317,48,356280,320164,30843,95413,2.535831960461285,0.2295916280256126
1226,0.1264,58,328,58,356608,319836,30901,95355,2.5332340641236852,0.22966538292015
1227,0.1265,71,316,71,356924,319520,30972,95284,2.5307312127740462,0.22970848882845873
1228,0.1266,45,355,45,357279,319165,31017,95239,2.5279194652135346,0.22982162334340403
1229,0.1267,52,308,52,357587,318857,31069,95187,2.5254799771892027,0.22989585647902155
1230,0.1268,43,293,43,357880,318564,31112,95144,2.5231592953998225,0.22997863227203727
1231,0.1269,36,295,36,358175,318269,31148,95108,2.5208227727791153,0.23007569361623892
1232,0.127,39,334,39,358509,317935,31187,95069,2.518177353947535,0.23018905385904254
1233,0.1271,43,348,43,358857,317587,31230,95026,2.515421049296667,0.23030297154961185
1234,0.1272,67,346,67,359203,317241,31297,94959,2.512680585477126,0.23037117903930132
1235,0.1273,32,290,32,359493,316951,31329,94927,2.5103836649347357,0.23047358683882121
1236,0.1274,49,311,49,359804,316640,31378,94878,2.507920415663414,0.23055613606209205
1237,0.1275,47,318,47,360122,316322,31425,94831,2.505401723482448,0.2306464989918595
1238,0.1276,42,316,42,360438,316006,31467,94789,2.5028988721328096,0.23074526223542155
1239,0.1277,40,307,40,360745,315699,31507,94749,2.5004673045241415,0.2308428838732312
1240,0.1278,47,336,47,361081,315363,31554,94702,2.4978060448612345,0.23094387475156378
1241,0.1279,49,337,49,361418,315026,31603,94653,2.4951368647826637,0.2310418644841449
1242,0.128,54,311,54,361729,314715,31657,94599,2.4926736155113423,0.23111596476055057
1243,0.1281,51,342,51,362071,314373,31708,94548,2.4899648333544544,0.2312133639504941
1244,0.1282,53,287,53,362358,314086,31761,94495,2.4876916740590547,0.23127605052608907
1245,0.1283,51,312,51,362670,313774,31812,94444,2.4852205043720694,0.23135677505646493
1246,0.1284,48,343,48,363013,313431,31860,94396,2.4825038017995182,0.2314608890534467
1247,0.1285,43,302,43,363315,313129,31903,94353,2.480111836269167,0.23155133232879
1248,0.1286,41,325,41,363640,312804,31944,94312,2.4775377011785578,0.2316587901236994
1249,0.1287,52,320,52,363960,312484,31996,94260,2.4750031681662654,0.23174281612021322
1250,0.1288,46,293,46,364253,312191,32042,94214,2.4726824863768853,0.23182293524932027
1251,0.1289,52,319,52,364572,311872,32094,94162,2.470155873780256,0.23190668761729313
1252,0.129,66,345,66,364917,311527,32160,94096,2.467423330376378,0.2319789558284417
1253,0.1291,53,317,53,365234,311210,32213,94043,2.464912558611076,0.23205997241229553
1254,0.1292,57,373,57,365607,310837,32270,93986,2.4619582435686227,0.23216566252411547
1255,0.1293,36,364,36,365971,310473,32306,93950,2.4590752122671398,0.23230627338207768
1256,0.1294,50,325,50,366296,310148,32356,93900,2.4565010771765303,0.2323981309151388
1257,0.1295,43,320,43,366616,309828,32399,93857,2.4539665441642375,0.23250058833000978
1258,0.1296,61,327,61,366943,309501,32460,93796,2.4513765682423014,0.2325730169081347
1259,0.1297,42,293,42,367236,309208,32502,93754,2.4490558864529213,0.23266213687643003
1260,0.1298,43,280,43,367516,308928,32545,93711,2.4468381700671653,0.2327419847555751
1261,0.1299,45,369,45,367885,308559,32590,93666,2.4439155366873653,0.2328696625023308
1262,0.13,39,293,39,368178,308266,32629,93627,2.441594854897985,0.2329649931698238
1263,0.1301,38,316,38,368494,307950,32667,93589,2.439092003548346,0.23307574108617096
1264,0.1302,44,318,44,368812,307632,32711,93545,2.4365733113673804,0.23317637850624537
1265,0.1303,33,307,33,369119,307325,32744,93512,2.4341417437587123,0.23329183683143023
1266,0.1304,51,298,51,369417,307027,32795,93461,2.431781459891015,0.23336779129462057
1267,0.1305,55,312,55,369729,306715,32850,93406,2.4293102902040298,0.23344438307412008
1268,0.1306,44,317,44,370046,306398,32894,93362,2.426799518438728,0.23354512707624575
1269,0.1307,59,306,59,370352,306092,32953,93303,2.424375871245723,0.23361083639003993
1270,0.1308,61,297,61,370649,305795,33014,93242,2.422023507793689,0.2336675546377905
1271,0.1309,47,346,47,370995,305449,33061,93195,2.419283043974148,0.23378001424830175
1272,0.131,56,338,56,371333,305111,33117,93139,2.416605943479914,0.2338706842435656
1273,0.1311,49,313,49,371646,304798,33166,93090,2.4141268533772653,0.23396031043911855
1274,0.1312,44,310,44,371956,304488,33210,93046,2.4116715245216067,0.23405796736882883
1275,0.1313,61,304,61,372260,304184,33271,92985,2.409263718159929,0.2341194806241172
1276,0.1314,47,332,47,372592,303852,33318,92938,2.4066341401596754,0.23422465283903324
1277,0.1315,39,324,39,372916,303528,33357,92899,2.4040679254847293,0.2343407487381031
1278,0.1316,48,286,48,373202,303242,33405,92851,2.401802686604993,0.23441716970509452
1279,0.1317,41,306,41,373508,302936,33446,92810,2.3993790394119885,0.23451911074274914
1280,0.1318,61,325,61,373833,302611,33507,92749,2.3968049043213786,0.23459378794010521
1281,0.1319,58,297,58,374130,302314,33565,92691,2.3944525408693447,0.2346577891419096
1282,0.132,46,304,46,374434,302010,33611,92645,2.392044734507667,0.2347493380294181
1283,0.1321,47,316,47,374750,301694,33658,92598,2.389541883158028,0.23484625607417853
1284,0.1322,29,276,29,375026,301418,33687,92569,2.3873558484349258,0.2349544528118948
1285,0.1323,32,329,32,375355,301089,33719,92537,2.3847500316816626,0.23508863743756764
1286,0.1324,49,295,49,375650,300794,33768,92488,2.3824135090609557,0.23516967468635738
1287,0.1325,49,313,49,375963,300481,33817,92439,2.379934418958307,0.23526163086633411
1288,0.1326,45,320,45,376283,300161,33862,92394,2.3773998859460144,0.2353657449274624
1289,0.1327,35,289,35,376572,299872,33897,92359,2.375110885819288,0.23547093421988574
1290,0.1328,50,288,50,376860,299584,33947,92309,2.3728298061082245,0.23554643742041834
1291,0.1329,52,307,52,377167,299277,33999,92257,2.3703982384995563,0.23562960049446535
1292,0.133,56,315,56,377482,298962,34055,92201,2.367903307565581,0.23570992143939995
1293,0.1331,51,307,51,377789,298655,34106,92150,2.365471739956913,0.2357953455047914
1294,0.1332,40,320,40,378109,298335,34146,92110,2.3629372069446206,0.23591030746968203
1295,0.1333,48,296,48,378405,298039,34194,92062,2.36059276390825,0.23599529352654824
1296,0.1334,52,322,52,378727,297717,34246,92010,2.3580423900646306,0.23608833876020907
1297,0.1335,44,318,44,379045,297399,34290,91966,2.355523697883665,0.23619483004378924
1298,0.1336,48,291,48,379336,297108,34338,91918,2.3532188569256114,0.2362772668150715
1299,0.1337,50,322,50,379658,296786,34388,91868,2.350668483081992,0.23637477036129823
1300,0.1338,48,317,48,379975,296469,34436,91820,2.34815771131669,0.2364733484595237
1301,0.1339,65,313,65,380288,296156,34501,91755,2.3456786212140415,0.23653621578145503
1302,0.134,55,295,55,380583,295861,34556,91700,2.343342098593334,0.23660791462505257
1303,0.1341,43,288,43,380871,295573,34599,91657,2.341061018882271,0.23669911938641117
1304,0.1342,34,277,34,381148,295296,34633,91623,2.338867063743505,0.23680150108937528
1305,0.1343,62,318,62,381466,294978,34695,91561,2.3363483715625395,0.23687389888213092
1306,0.1344,45,296,45,381762,294682,34740,91516,2.334003928526169,0.2369665301218546
1307,0.1345,54,281,54,382043,294401,34794,91462,2.3317782917247496,0.23703231457797197
1308,0.1346,44,285,44,382328,294116,34838,91418,2.3295209732606765,0.2371204614897778
1309,0.1347,48,297,48,382625,293819,34886,91370,2.3271686098086426,0.23720822764928387
1310,0.1348,49,330,49,382955,293489,34935,91321,2.324554872639716,0.23731451885346014
1311,0.1349,41,314,41,383269,293175,34976,91280,2.322067862121404,0.23742700706194483
1312,0.135,44,313,44,383582,292862,35020,91236,2.3195887720187556,0.23753312956589204
1313,0.1351,46,288,46,383870,292574,35066,91190,2.3173076923076925,0.23761999562230954
1314,0.1352,45,320,45,384190,292254,35111,91145,2.3147731592953997,0.2377288412332844
1315,0.1353,50,294,50,384484,291960,35161,91095,2.3124445570903562,0.2378118024826722
1316,0.1354,52,322,52,384806,291638,35213,91043,2.309894183246737,0.23790833618601395
1317,0.1355,41,316,41,385122,291322,35254,91002,2.3073913318970978,0.23802324729810317
1318,0.1356,55,284,55,385406,291038,35309,90947,2.3051419338486885,0.23809050093590062
1319,0.1357,40,303,40,385709,290735,35349,90907,2.302742047902674,0.23819967404006898
1320,0.1358,55,271,55,385980,290464,35404,90852,2.3005956152578886,0.23825908170651114
1321,0.1359,48,280,48,386260,290184,35452,90804,2.2983778988721326,0.23833821537686226
1322,0.136,53,284,53,386544,289900,35505,90751,2.2961285008237233,0.2384099871010453
1323,0.1361,44,299,44,386843,289601,35549,90707,2.2937602965403623,0.23850931350379168
1324,0.1362,50,288,50,387131,289313,35599,90657,2.2914792168292992,0.23858988867542175
1325,0.1363,48,327,48,387458,288986,35647,90609,2.2888892409073627,0.23869913987275912
1326,0.1364,40,330,40,387788,288656,35687,90569,2.286275503738436,0.2388265541565034
1327,0.1365,33,291,33,388079,288365,35720,90536,2.2839706627803826,0.23894368185884968
1328,0.1366,36,284,36,388363,288081,35756,90500,2.2817212647319733,0.23905055985376975
1329,0.1367,64,305,64,388668,287776,35820,90436,2.279305537954632,0.239114570664072
1330,0.1368,41,281,41,388949,287495,35861,90395,2.2770799011532126,0.2392098229643547
1331,0.1369,52,308,52,389257,287187,35913,90343,2.274640413128881,0.23930018806452466
1332,0.137,38,287,38,389544,286900,35951,90305,2.2723672538334814,0.23940562823928632
1333,0.1371,48,283,48,389827,286617,35999,90257,2.270125776200735,0.23948852932279754
1334,0.1372,50,256,50,390083,286361,36049,90207,2.268098149790901,0.2395503600943256
1335,0.1373,38,323,38,390406,286038,36087,90169,2.2655398555316184,0.2396792191532853
1336,0.1374,53,299,53,390705,285739,36140,90116,2.2631716512482574,0.23976267443562013
1337,0.1375,40,279,40,390984,285460,36180,90076,2.260961855278165,0.2398598270205786
1338,0.1376,42,294,42,391278,285166,36222,90034,2.2586332530731212,0.23996268656716419
1339,0.1377,48,280,48,391558,284886,36270,89986,2.2564155366873653,0.24004460189077872
1340,0.1378,49,308,49,391866,284578,36319,89937,2.253976048663034,0.2401425844091692
1341,0.1379,43,280,43,392146,284298,36362,89894,2.251758332277278,0.24023495959293625
1342,0.138,60,289,60,392435,284009,36422,89834,2.2494693321505514,0.24029873503048071
1343,0.1381,53,282,53,392717,283727,36475,89781,2.2472357749334684,0.24037236150229713
1344,0.1382,51,300,51,393017,283427,36526,89730,2.2448596502344444,0.24046178954166744
1345,0.1383,40,298,40,393315,283129,36566,89690,2.2424993663667467,0.2405725030108444
1346,0.1384,42,318,42,393633,282811,36608,89648,2.239980674185781,0.2406922641149764
1347,0.1385,48,309,48,393942,282502,36656,89600,2.2375332657457863,0.24079419084014597
1348,0.1386,54,265,54,394207,282237,36710,89546,2.2354343555949816,0.2408555528359285
1349,0.1387,41,287,41,394494,281950,36751,89505,2.233161196299582,0.24095785492186134
1350,0.1388,49,328,49,394822,281622,36800,89456,2.230563299961982,0.24107061049159476
1351,0.1389,49,275,49,395097,281347,36849,89407,2.228385185654543,0.24114911774384093
1352,0.139,58,296,58,395393,281051,36907,89349,2.2260407426181725,0.24122300215982723
1353,0.1391,51,277,51,395670,280774,36958,89298,2.223846787479407,0.24129899046672
1354,0.1392,56,296,56,395966,280478,37014,89242,2.2215023444430364,0.24137725846586605
1355,0.1393,41,284,41,396250,280194,37055,89201,2.2192529463946267,0.24147863398259317
1356,0.1394,49,285,49,396535,279909,37104,89152,2.2169956279305536,0.24156440263262713
1357,0.1395,36,289,36,396824,279620,37140,89116,2.214706627803827,0.2416796841100408
1358,0.1396,44,260,44,397084,279360,37184,89072,2.2126473197313397,0.24175967342684673
1359,0.1397,56,255,56,397339,279105,37240,89016,2.2106276137371688,0.24181179557808438
1360,0.1398,48,296,48,397635,278809,37288,88968,2.208283170700798,0.2419074602272573
1361,0.1399,34,322,34,397957,278487,37322,88934,2.205732796857179,0.24204931128052018
1362,0.14,52,288,52,398245,278199,37374,88882,2.2034517171461157,0.24213184555997178
1363,0.1401,36,319,36,398564,277880,37410,88846,2.2009251045494866,0.24226806934877812
1364,0.1402,60,280,60,398844,277600,37470,88786,2.1987073881637307,0.24232912829638686
1365,0.1403,45,278,45,399122,277322,37515,88741,2.196505512609302,0.24242002059754741
1366,0.1404,51,281,51,399403,277041,37566,88690,2.1942798758078825,0.24250063571313343
1367,0.1405,40,274,40,399677,276767,37606,88650,2.192109681916107,0.24259955065035288
1368,0.1406,41,264,41,399941,276503,37647,88609,2.1900186921809657,0.24268991432765835
1369,0.1407,42,266,42,400207,276237,37689,88567,2.1879118616144977,0.2427796844332847
1370,0.1408,45,314,45,400521,275923,37734,88522,2.1854248510961853,0.2428953614399978
1371,0.1409,41,317,41,400838,275606,37775,88481,2.1829140793308834,0.24302158550016892
1372,0.141,41,289,41,401127,275317,37816,88440,2.1806250792041566,0.2431293418408443
1373,0.1411,54,269,54,401396,275048,37870,88386,2.178494487390698,0.2431968390409263
1374,0.1412,51,277,51,401673,274771,37921,88335,2.1763005322519327,0.24327606814539005
1375,0.1413,41,271,41,401944,274500,37962,88294,2.1741540996071476,0.2433722718677817
1376,0.1414,54,273,54,402217,274227,38016,88240,2.1719918261310354,0.24344285134922627
1377,0.1415,46,264,46,402481,273963,38062,88194,2.169900836395894,0.24352421739742708
1378,0.1416,43,287,43,402768,273676,38105,88151,2.1676276771004943,0.2436274794307777
1379,0.1417,34,277,34,403045,273399,38139,88117,2.1654337219617283,0.24374301552351763
1380,0.1418,51,326,51,403371,273073,38190,88066,2.1628516664554556,0.24385624371779288
1381,0.1419,57,284,57,403655,272789,38247,88009,2.160602268407046,0.2439287357468722
1382,0.142,40,286,40,403941,272503,38287,87969,2.1583370295273094,0.24403837191238154
1383,0.1421,55,311,55,404252,272192,38342,87914,2.155873780255988,0.2441336717522063
1384,0.1422,47,309,47,404561,271883,38389,87867,2.1534263718159927,0.24424461431549688
1385,0.1423,48,282,48,404843,271601,38437,87819,2.15119281459891,0.24433531801235323
1386,0.1424,47,286,47,405129,271315,38484,87772,2.1489275757191737,0.24443101532497696
1387,0.1425,44,267,44,405396,271048,38528,87728,2.1468128247370424,0.24452025776529088
1388,0.1426,48,273,48,405669,270775,38576,87680,2.14465055126093,0.24460532005412117
1389,0.1427,56,259,56,405928,270516,38632,87624,2.142599163604106,0.24466409783883397
1390,0.1428,42,295,42,406223,270221,38674,87582,2.1402626409833987,0.24477715390871513
1391,0.1429,52,292,52,406515,269929,38726,87530,2.137949879609682,0.2448672435160396
1392,0.143,35,273,35,406788,269656,38761,87495,2.13578760613357,0.2449804144465506
1393,0.1431,53,283,53,407071,269373,38814,87442,2.1335461285008237,0.24506256743690708
1394,0.1432,51,283,51,407354,269090,38865,87391,2.1313046508680777,0.2451491103312659
1395,0.1433,42,266,42,407620,268824,38907,87349,2.1291978203016093,0.24524318238608767
1396,0.1434,47,289,47,407909,268535,38954,87302,2.126908820174883,0.24534267094203244
1397,0.1435,45,312,45,408221,268223,38999,87257,2.1244376504878977,0.24546247327557105
1398,0.1436,40,260,40,408481,267963,39039,87217,2.12237834241541,0.24555718227377668
1399,0.1437,30,290,30,408771,267673,39069,87187,2.12008142187302,0.24569407653722594
1400,0.1438,43,270,43,409041,267403,39112,87144,2.117942909643898,0.24578969783977864
1401,0.1439,48,288,48,409329,267115,39160,87096,2.1156618299328347,0.24588733833788334
1402,0.144,47,291,47,409620,266824,39207,87049,2.113356988974781,0.24598938037092402
1403,0.1441,45,290,45,409910,266534,39252,87004,2.1110600684323915,0.2460951863731763
1404,0.1442,46,278,46,410188,266256,39298,86958,2.108858192877962,0.24619069459307955
1405,0.1443,48,265,48,410453,265991,39346,86910,2.1067592827271575,0.24627303408037948
1406,0.1444,40,288,40,410741,265703,39386,86870,2.1044782030160945,0.24638869113630368
1407,0.1445,28,267,28,411008,265436,39414,86842,2.1023634520339627,0.24651553602552528
1408,0.1446,41,274,41,411282,265162,39455,86801,2.100193258142187,0.24661967309063737
1409,0.1447,56,303,56,411585,264859,39511,86745,2.097793372196173,0.24671221032752755
1410,0.1448,59,275,59,411860,264584,39570,86686,2.095615257888734,0.24677883109858514
1411,0.1449,37,290,37,412150,264294,39607,86649,2.0933183373463438,0.24690334327796823
1412,0.145,42,258,42,412408,264036,39649,86607,2.0912748701051833,0.24699480668372106
1413,0.1451,42,260,42,412668,263776,39691,86565,2.0892155620326953,0.2470878372785372
1414,0.1452,51,295,51,412963,263481,39742,86514,2.0868790394119885,0.24718638837697682
1415,0.1453,38,289,38,413252,263192,39780,86476,2.0845900392852617,0.2473088758479472
1416,0.1454,28,270,28,413522,262922,39808,86448,2.08245152705614,0.24743967713312534
1417,0.1455,49,273,49,413795,262649,39857,86399,2.0802892535800277,0.2475275606793335
1418,0.1456,50,288,50,414083,262361,39907,86349,2.0780081738689646,0.2476241002552264
1419,0.1457,31,261,31,414344,262100,39938,86318,2.0759409453808138,0.24774265393865988
1420,0.1458,42,255,42,414599,261845,39980,86276,2.073921239386643,0.24783336828286717
1421,0.1459,51,276,51,414875,261569,40031,86225,2.0717352046635407,0.2479197455965313
1422,0.146,45,283,45,415158,261286,40076,86180,2.0694937270307947,0.2480242671225386
1423,0.1461,45,292,45,415450,260994,40121,86135,2.067180965657078,0.2481354193973998
1424,0.1462,44,255,44,415705,260739,40165,86091,2.065161259662907,0.24822247210448922
1425,0.1463,47,279,47,415984,260460,40212,86044,2.062951463692815,0.24832036571006394
1426,0.1464,39,251,39,416235,260209,40251,86005,2.0609634393612977,0.24841571975714444
1427,0.1465,51,270,51,416505,259939,40302,85954,2.058824927132176,0.24849881321680403
1428,0.1466,47,274,47,416779,259665,40349,85907,2.0566547332404004,0.24859363605847695
1429,0.1467,37,264,37,417043,259401,40386,85870,2.054563743505259,0.24870319256468107
1430,0.1468,48,254,48,417297,259147,40434,85822,2.052551957926752,0.2487817745942389
1431,0.1469,41,267,41,417564,258880,40475,85781,2.0504372069446206,0.24888513640939938
1432,0.147,36,270,36,417834,258610,40511,85745,2.048298694715499,0.2490017569078422
1433,0.1471,44,292,44,418126,258318,40555,85701,2.0459859333417816,0.24911705458128766
1434,0.1472,48,263,48,418389,258055,40603,85653,2.043902864022304,0.24920281168899183
1435,0.1473,48,272,48,418661,257783,40651,85605,2.041748510961855,0.2492952578424406
1436,0.1474,51,262,51,418923,257521,40702,85554,2.039673362058041,0.24937404357647744
1437,0.1475,46,265,46,419188,257256,40748,85508,2.0375744519072363,0.24946610495851373
1438,0.1476,40,275,40,419463,256981,40788,85468,2.0353963375997974,0.24957876939339874
1439,0.1477,52,287,52,419750,256694,40840,85416,2.0331231783043973,0.2496740814357955
1440,0.1478,41,264,41,420014,256430,40881,85375,2.031032188569256,0.24977691958865436
1441,0.1479,63,250,63,420264,256180,40944,85312,2.0290520846534026,0.2498213720965645
1442,0.148,58,293,58,420557,255887,41002,85254,2.0267314028640224,0.24990839564872003
1443,0.1481,43,272,43,420829,255615,41045,85211,2.0245770498035736,0.25001320321806436
1444,0.1482,42,254,42,421083,255361,41087,85169,2.0225652642250664,0.25010718585734004
1445,0.1483,47,258,47,421341,255103,41134,85122,2.0205217969839055,0.2501932544639577
1446,0.1484,41,255,41,421596,254848,41175,85081,2.018502090989735,0.25029050184009016
1447,0.1485,60,282,60,421878,254566,41235,85021,2.0162685337726525,0.2503658856198853
1448,0.1486,47,283,47,422161,254283,41282,84974,2.014027056139906,0.25047088195674666
1449,0.1487,34,252,34,422413,254031,41316,84940,2.012031111392726,0.25058190818683607
1450,0.1488,45,303,45,422716,253728,41361,84895,2.0096312254467112,0.2507065379492828
1451,0.1489,41,222,41,422938,253506,41402,84854,2.0078728931694334,0.25078023407022104
1452,0.149,54,252,54,423190,253254,41456,84800,2.0058769484222534,0.25084749773704795
1453,0.1491,50,271,50,423461,252983,41506,84750,2.003730515777468,0.2509378710401412
1454,0.1492,59,280,59,423741,252703,41565,84691,2.001512799391712,0.2510151336419735
1455,0.1493,42,282,42,424023,252421,41607,84649,1.9992792421746293,0.2511318123831845
1456,0.1494,43,241,43,424264,252180,41650,84606,1.9973704219997466,0.2512159056492847
1457,0.1495,50,274,50,424538,251906,41700,84556,1.995200228107971,0.2513092117386213
1458,0.1496,58,322,58,424860,251584,41758,84498,1.9926498542643518,0.2514207842133765
1459,0.1497,51,279,51,425139,251305,41809,84447,1.9904400582942592,0.25151599990469153
1460,0.1498,45,258,45,425397,251047,41854,84402,1.9883965910530985,0.2516090374393723
1461,0.1499,53,280,53,425677,250767,41907,84349,1.9861788746673426,0.25170090356771985
1462,0.15,33,276,33,425953,250491,41940,84316,1.9839928399442404,0.2518346390607126
1463,0.1501,43,263,43,426216,250228,41983,84273,1.9819097706247624,0.25193646655764856
1464,0.1502,38,239,38,426455,249989,42021,84235,1.9800167912812063,0.2520315716405764
1465,0.1503,48,256,48,426711,249733,42069,84187,1.9779891648713726,0.2521172735984667
1466,0.1504,48,261,48,426972,249472,42117,84139,1.9759219363832214,0.2522069116426017
1467,0.1505,50,266,50,427238,249206,42167,84089,1.9738151058167532,0.2522960140416148
1468,0.1506,39,274,39,427512,248932,42206,84050,1.971644911924978,0.25241604651302474
1469,0.1507,44,262,44,427774,248670,42250,84006,1.9695697630211633,0.2525159614760307
1470,0.1508,47,268,47,428042,248402,42297,83959,1.9674470916233684,0.25261387467241947
1471,0.1509,53,280,53,428322,248122,42350,83906,1.9652293752376124,0.25270760297324324
1472,0.151,42,255,42,428577,247867,42392,83864,1.963209669243442,0.2528072444239459
1473,0.1511,39,265,39,428842,247602,42431,83825,1.961110759092637,0.2529214578172569
1474,0.1512,55,242,55,429084,247360,42486,83770,1.959194018502091,0.25298221242412344
1475,0.1513,44,242,44,429326,247118,42530,83726,1.9572772779115448,0.25306791116054694
1476,0.1514,49,263,49,429589,246855,42579,83677,1.9551942085920668,0.2531585444071981
1477,0.1515,44,249,44,429838,246606,42623,83633,1.9532220250918768,0.253249918998059
1478,0.1516,49,260,49,430098,246346,42672,83584,1.9511627170193893,0.2533385869729943
1479,0.1517,52,251,52,430349,246095,42724,83532,1.9491746926878724,0.25341370700822446
1480,0.1518,39,223,39,430572,245872,42763,83493,1.947408439994931,0.25349688036069407
1481,0.1519,47,257,47,430829,245615,42810,83446,1.9453728931694336,0.2535882404782092
1482,0.152,51,291,51,431120,245324,42861,83395,1.9430680522113801,0.25369692655429105
1483,0.1521,58,268,58,431388,245056,42919,83337,1.940945380813585,0.25377215714098655
1484,0.1522,50,224,50,431612,244832,42969,83287,1.9391712077049803,0.2538316891127914
1485,0.1523,40,230,40,431842,244602,43009,83247,1.9373495121023951,0.25391872477878535
1486,0.1524,52,238,52,432080,244364,43061,83195,1.9354644531745027,0.25398477831474636
1487,0.1525,44,273,44,432353,244091,43105,83151,1.9333021796983905,0.25409635682461296
1488,0.1526,44,239,44,432592,243852,43149,83107,1.9314092003548347,0.25418171697368785
1489,0.1527,45,241,45,432833,243611,43194,83062,1.9295003801799517,0.25426649891481695
1490,0.1528,50,255,50,433088,243356,43244,83012,1.9274806741857813,0.25435091675654475
1491,0.1529,34,257,34,433345,243099,43278,82978,1.925445127360284,0.25447363659503736
1492,0.153,43,272,43,433617,242827,43321,82935,1.9232907742998353,0.2545877051344233
1493,0.1531,60,276,60,433893,242551,43381,82875,1.921104739576733,0.2546661913922059
1494,0.1532,49,229,49,434122,242322,43430,82826,1.9192909643898113,0.25473322917563695
1495,0.1533,37,257,37,434379,242065,43467,82789,1.9172554175643137,0.2548498710189808
1496,0.1534,49,270,49,434649,241795,43516,82740,1.915116905335192,0.25494938912598025
1497,0.1535,44,239,44,434888,241556,43560,82696,1.913223925991636,0.2550362064073622
1498,0.1536,54,250,54,435138,241306,43614,82642,1.9112438220757826,0.255108844629385
1499,0.1537,42,254,42,435392,241052,43656,82600,1.9092320364972755,0.25521238861493206
1500,0.1538,35,223,35,435615,240829,43691,82565,1.907465783804334,0.25530776699629554
1501,0.1539,51,251,51,435866,240578,43742,82514,1.9054777594728172,0.25538855805776683
1502,0.154,59,252,59,436118,240326,43801,82455,1.9034818147256367,0.25545183886288225
1503,0.1541,47,255,47,436373,240071,43848,82408,1.9014621087314663,0.2555453223310665
1504,0.1542,52,267,52,436640,239804,43900,82356,1.8993473577493347,0.25563695058356095
1505,0.1543,44,248,44,436888,239556,43944,82312,1.897383094664808,0.25573216349559447
1506,0.1544,30,241,30,437129,239315,43974,82282,1.8954742744899253,0.2558543767510269
1507,0.1545,55,231,55,437360,239084,44029,82227,1.8936446584716766,0.2559109398682274
1508,0.1546,48,270,48,437630,238814,44077,82179,1.8915061462425549,0.2560149286744571
1509,0.1547,39,238,39,437868,238576,44116,82140,1.8896210873146624,0.2561144439317028
1510,0.1548,59,223,59,438091,238353,44175,82081,1.887854834621721,0.25615571381314095
1511,0.1549,57,254,57,438345,238099,44232,82024,1.8858430490432139,0.25622651293409093
1512,0.155,38,245,38,438590,237854,44270,81986,1.8839025472056774,0.2563344172086043
1513,0.1551,35,239,35,438829,237615,44305,81951,1.8820095678621214,0.25644467809466587
1514,0.1552,36,272,36,439101,237343,44341,81915,1.8798552148016727,0.2565793182942949
1515,0.1553,41,240,41,439341,237103,44382,81874,1.8779543150424534,0.2566768136887613
1516,0.1554,37,287,37,439628,236816,44419,81837,1.8756811557470536,0.256821683775141
1517,0.1555,47,271,47,439899,236545,44466,81790,1.8735347231022683,0.25693059198642937
1518,0.1556,43,239,43,440138,236306,44509,81747,1.8716417437587125,0.2570232005357598
1519,0.1557,54,236,54,440374,236070,44563,81693,1.8697725256621467,0.25708782960885945
1520,0.1558,46,249,46,440623,235821,44609,81647,1.8678003421619567,0.25718182619980595
1521,0.1559,44,240,44,440863,235581,44653,81603,1.8658994424027373,0.25727338075060535
1522,0.156,44,227,44,441090,235354,44697,81559,1.8641015080471424,0.2573545420983046
1523,0.1561,40,249,40,441339,235105,44737,81519,1.8621293245469521,0.25746311081914197
1524,0.1562,44,259,44,441598,234846,44781,81475,1.860077936890128,0.2575706323639594
1525,0.1563,45,240,45,441838,234606,44826,81430,1.8581770371309085,0.25766051968763054
1526,0.1564,28,259,28,442097,234347,44854,81402,1.8561256494740843,0.2578060421410677
1527,0.1565,43,249,43,442346,234098,44897,81359,1.8541534659738943,0.2579083678599619
1528,0.1566,43,254,43,442600,233844,44940,81316,1.8521416803953872,0.25801497651986294
1529,0.1567,45,216,45,442816,233628,44985,81271,1.8504308706120898,0.25808592596356295
1530,0.1568,53,261,53,443077,233367,45038,81218,1.8483636421239387,0.25817505602619323
1531,0.1569,43,249,43,443326,233118,45081,81175,1.8463914586237486,0.258278103553054
1532,0.157,40,221,40,443547,232897,45121,81135,1.8446410467621341,0.2583653895144444
1533,0.1571,51,242,51,443789,232655,45172,81084,1.842724306171588,0.2584441207500502
1534,0.1572,48,261,48,444050,232394,45220,81036,1.8406570776834368,0.25854576779504196
1535,0.1573,31,246,31,444296,232148,45251,81005,1.838708655430237,0.2586754717342641
1536,0.1574,43,240,43,444536,231908,45294,80962,1.8368077556710176,0.25877201393550037
1537,0.1575,32,250,32,444786,231658,45326,80930,1.834827651755164,0.25890309288904245
1538,0.1576,44,267,44,445053,231391,45370,80886,1.8327129007730325,0.25902003669818785
1539,0.1577,34,234,34,445287,231157,45404,80852,1.8308595235077938,0.25913355063475735
1540,0.1578,39,231,39,445518,230926,45443,80813,1.829029907489545,0.25923288391891935
1541,0.1579,36,238,36,445756,230688,45479,80777,1.8271448485616526,0.25934535180517876
1542,0.158,50,232,50,445988,230456,45529,80727,1.8253073121277406,0.25941969837683937
1543,0.1581,52,264,52,446252,230192,45581,80675,1.8232163223925992,0.2595161274757372
1544,0.1582,51,244,51,446496,229948,45632,80624,1.821283740970726,0.25959841840217407
1545,0.1583,64,258,64,446754,229690,45696,80560,1.8192402737295654,0.25966156325543915
1546,0.1584,35,250,35,447004,229440,45731,80525,1.8172601698137119,0.259787395351088
1547,0.1585,49,219,49,447223,229221,45780,80476,1.8155255987834242,0.2598539863156569
1548,0.1586,42,229,42,447452,228992,45822,80434,1.8137118235965024,0.25994583519161285
1549,0.1587,51,234,51,447686,228758,45873,80383,1.8118584463312635,0.26002050844113206
1550,0.1588,50,240,50,447926,228518,45923,80333,1.809957546572044,0.26010276800139875
1551,0.1589,49,194,49,448120,228324,45972,80284,1.8084209859333418,0.26014879717959355
1552,0.159,38,235,38,448355,228089,46010,80246,1.8065596882524395,0.26025589050869996
1553,0.1591,37,240,37,448595,227849,46047,80209,1.8046587884932201,0.2603698004921151
1554,0.1592,42,234,42,448829,227615,46089,80167,1.8028054112279812,0.2604668239208271
1555,0.1593,53,225,53,449054,227390,46142,80114,1.8010233177037132,0.26052994432592746
1556,0.1594,51,233,51,449287,227157,46193,80063,1.7991778608541376,0.2606047783347438
1557,0.1595,54,286,54,449573,226871,46247,80009,1.7969126219744012,0.2607175443169969
1558,0.1596,46,245,46,449818,226626,46293,79963,1.7949721201368647,0.2608149672688844
1559,0.1597,34,231,34,450049,226395,46327,79929,1.7931425041186162,0.26092960394876014
1560,0.1598,39,279,39,450328,226116,46366,79890,1.7909327081485236,0.26107331228799435
1561,0.1599,44,214,44,450542,225902,46410,79846,1.789237739196553,0.2611497049858053
1562,0.16,33,244,33,450786,225658,46443,79813,1.78730515777468,0.26127848470067533
1563,0.1601,47,251,47,451037,225407,46490,79766,1.785317133443163,0.26137961090922196
1564,0.1602,39,216,39,451253,225191,46529,79727,1.7836063236598656,0.26147029693229
1565,0.1603,40,234,40,451487,224957,46569,79687,1.781752946394627,0.2615741652551831
1566,0.1604,33,244,33,451731,224713,46602,79654,1.7798203649727538,0.2617037983749881
1567,0.1605,49,248,49,451979,224465,46651,79605,1.777856101888227,0.26179827013516627
1568,0.1606,47,233,47,452212,224232,46698,79558,1.7760106450386517,0.26188485466934397
1569,0.1607,49,234,49,452446,223998,46747,79509,1.7741572677734128,0.26196759877037434
1570,0.1608,41,275,41,452721,223723,46788,79468,1.771979153465974,0.2621054055034615
1571,0.1609,47,240,47,452961,223483,46835,79421,1.7700782537067545,0.2621985843699654
1572,0.161,39,242,39,453203,223241,46874,79382,1.7681615131162083,0.26231317513870395
1573,0.1611,41,236,41,453439,223005,46915,79341,1.7662922950196427,0.26241789208390387
1574,0.1612,50,218,50,453657,222787,46965,79291,1.7645656444050184,0.26248518594535186
1575,0.1613,42,236,42,453893,222551,47007,79249,1.7626964263084526,0.26258780649436714
1576,0.1614,51,220,51,454113,222331,47058,79198,1.7609539348625016,0.26265467003173826
1577,0.1615,32,252,32,454365,222079,47090,79166,1.7589579901153212,0.2627960630051951
1578,0.1616,53,233,53,454598,221846,47143,79113,1.7571125332657458,0.2628696932140258
1579,0.1617,53,233,53,454831,221613,47196,79060,1.7552670764161704,0.26294346349688863
1580,0.1618,47,244,47,455075,221369,47243,79013,1.7533344949942973,0.2630417268677884
1581,0.1619,52,244,52,455319,221125,47295,78961,1.7514019135724244,0.26312790333437747
1582,0.162,45,243,45,455562,220882,47340,78916,1.7494772525662148,0.26323057525400434
1583,0.1621,37,210,37,455772,220672,47377,78879,1.7478139652768978,0.26332410841559534
1584,0.1622,42,232,42,456004,220440,47419,78837,1.7459764288429858,0.26342485389789394
1585,0.1623,47,250,47,456254,220190,47466,78790,1.7439963249271322,0.26352933306575693
1586,0.1624,47,226,47,456480,219964,47513,78743,1.7422063109872006,0.26361283799843993
1587,0.1625,42,203,42,456683,219761,47555,78701,1.7405984666075276,0.26368850976003644
1588,0.1626,46,222,46,456905,219539,47601,78655,1.7388401343302498,0.2637712361751075
1589,0.1627,45,247,45,457152,219292,47646,78610,1.7368837916613864,0.2638787252183604
1590,0.1628,53,226,53,457378,219066,47699,78557,1.7350937777214548,0.26394801477036384
1591,0.1629,49,235,49,457613,218831,47748,78508,1.7332324800405525,0.2640353266809937
1592,0.163,37,231,37,457844,218600,47785,78471,1.7314028640223038,0.2641489744875804
1593,0.1631,48,248,48,458092,218352,47833,78423,1.7294386009377771,0.26425069497093756
1594,0.1632,47,224,47,458316,218128,47880,78376,1.7276644278291724,0.2643337020748455
1595,0.1633,44,238,44,458554,217890,47924,78332,1.72577936890128,0.264436807529488
1596,0.1634,49,244,49,458798,217646,47973,78283,1.723846787479407,0.2645330467781123
1597,0.1635,43,224,43,459022,217422,48016,78240,1.7220726143708023,0.26462649917811554
1598,0.1636,56,219,56,459241,217203,48072,78184,1.7203380433405144,0.264683279900605
1599,0.1637,47,230,47,459471,216973,48119,78137,1.7185163477379293,0.264772457727627
1600,0.1638,38,237,38,459708,216736,48157,78099,1.7166392092257001,0.26489053199247037
1601,0.1639,42,231,42,459939,216505,48199,78057,1.7148095932074516,0.2649934478989143
1602,0.164,34,253,34,460192,216252,48233,78023,1.7128057280446078,0.26513635205165237
1603,0.1641,48,233,48,460425,216019,48281,77975,1.7109602711950322,0.26522650122111335
1604,0.1642,35,230,35,460655,215789,48316,77940,1.709138575592447,0.26534662903560763
1605,0.1643,47,206,47,460861,215583,48363,77893,1.7075069699657839,0.2654152298654745
1606,0.1644,39,235,39,461096,215348,48402,77854,1.7056456722848816,0.2655302487704722
1607,0.1645,44,228,44,461324,215120,48446,77810,1.7038398175136231,0.2656266002116547
1608,0.1646,51,216,51,461540,214904,48497,77759,1.7021290077303257,0.2656946727123005
1609,0.1647,50,213,50,461753,214691,48547,77709,1.7004419591940185,0.2657626538987688
1610,0.1648,43,233,43,461986,214458,48590,77666,1.698596502344443,0.26586654982130875
1611,0.1649,49,254,49,462240,214204,48639,77617,1.6965847167659358,0.2659746899640533
1612,0.165,46,260,46,462500,213944,48685,77571,1.6945254086934483,0.266096084249524
1613,0.1651,41,242,41,462742,213702,48726,77530,1.692608668102902,0.26621387759586856
1614,0.1652,32,212,32,462954,213490,48758,77498,1.6909295399822584,0.26632713376496625
1615,0.1653,52,255,52,463209,213235,48810,77446,1.6889098339880877,0.2664295223974047
1616,0.1654,40,188,40,463397,213047,48850,77406,1.6874207958433658,0.26650094851834893
1617,0.1655,43,213,43,463610,212834,48893,77363,1.6857337473070586,0.26658786961960323
1618,0.1656,33,222,33,463832,212612,48926,77330,1.6839754150297808,0.26670851411661645
1619,0.1657,42,230,42,464062,212382,48968,77288,1.6821537194271956,0.26681396071391583
1620,0.1658,48,255,48,464317,212127,49016,77240,1.680134013433025,0.26692746581330973
1621,0.1659,36,210,36,464527,211917,49052,77204,1.678470726143708,0.26703006699617116
1622,0.166,44,236,44,464763,211681,49096,77160,1.6766015080471424,0.26713659071946155
1623,0.1661,42,211,42,464974,211470,49138,77118,1.674930300342162,0.26722524845107903
1624,0.1662,49,196,49,465170,211274,49187,77069,1.6733778988721328,0.2672823685679902
1625,0.1663,38,198,38,465368,211076,49225,77031,1.6718096565707767,0.26736941483546045
1626,0.1664,47,224,47,465592,210852,49272,76984,1.670035483462172,0.2674578579468864
1627,0.1665,60,248,60,465840,210604,49332,76924,1.6680712203776453,0.26753568348126094
1628,0.1666,39,219,39,466059,210385,49371,76885,1.6663366493473577,0.2676401991158144
1629,0.1667,35,237,35,466296,210148,49406,76850,1.6644595108351286,0.26777190084948327
1630,0.1668,46,224,46,466520,209924,49452,76804,1.6626853377265238,0.26786361987667756
1631,0.1669,46,243,46,466763,209681,49498,76758,1.6607606767203142,0.2679732857606681
1632,0.167,35,232,35,466995,209449,49533,76723,1.6589231402864022,0.26810100219448446
1633,0.1671,46,253,46,467248,209196,49579,76677,1.6569192751235584,0.2682205035103
1634,0.1672,42,230,42,467478,208966,49621,76635,1.6550975795209732,0.2683288924058389
1635,0.1673,49,253,49,467731,208713,49670,76586,1.6530937143581295,0.26844117925404576
1636,0.1674,51,208,51,467939,208505,49721,76535,1.6514462679001394,0.2685061745719899
1637,0.1675,51,203,51,468142,208302,49772,76484,1.6498384235204664,0.268566572795011
1638,0.1676,40,192,40,468334,208110,49812,76444,1.648317703713091,0.26864496721184733
1639,0.1677,45,214,45,468548,207896,49857,76399,1.6466227347611202,0.2687314233454686
1640,0.1678,45,216,45,468764,207680,49902,76354,1.6449119249778228,0.2688199300083793
1641,0.1679,52,206,52,468970,207474,49954,76302,1.6432803193511596,0.2688810893098782
1642,0.168,48,219,48,469189,207255,50002,76254,1.641545748320872,0.2689650064019132
1643,0.1681,48,214,48,469403,207041,50050,76206,1.6398507793689012,0.2690443323318517
1644,0.1682,47,241,47,469644,206800,50097,76159,1.6379419591940185,0.26915206796744406
1645,0.1683,47,231,47,469875,206569,50144,76112,1.6361123431757698,0.2692504979110729
1646,0.1684,41,219,41,470094,206350,50185,76071,1.6343777721454822,0.26935319965583293
1647,0.1685,57,232,57,470326,206118,50242,76014,1.6325402357115701,0.269427076687508
1648,0.1686,37,230,37,470556,205888,50279,75977,1.630718540108985,0.26955102620048604
1649,0.1687,61,214,61,470770,205674,50340,75916,1.6290235711570142,0.26959764196171737
1650,0.1688,35,254,35,471024,205420,50375,75881,1.6270117855785071,0.26975019640882897
1651,0.1689,50,228,50,471252,205192,50425,75831,1.6252059308072488,0.26983912348811306
1652,0.169,37,217,37,471469,204975,50462,75794,1.6234872006082879,0.26995145475462035
1653,0.1691,40,223,40,471692,204752,50502,75754,1.6217209479153465,0.2700619594589777
1654,0.1692,48,235,48,471927,204517,50550,75706,1.6198596502344442,0.27016340557341834
1655,0.1693,40,212,40,472139,204305,50590,75666,1.6181805221138006,0.2702637058838237
1656,0.1694,47,230,47,472369,204075,50637,75619,1.6163588265112152,0.2703633256344434
1657,0.1695,29,209,29,472578,203866,50666,75590,1.6147034596375618,0.27048980877132717
1658,0.1696,39,220,39,472798,203646,50705,75551,1.6129609681916106,0.27060104514016986
1659,0.1697,56,206,56,473004,203440,50761,75495,1.6113293625649474,0.2706544535465252
1660,0.1698,36,193,36,473197,203247,50797,75459,1.6098007223419084,0.27074766958730706
1661,0.1699,38,218,38,473415,203029,50835,75421,1.6080740717272843,0.2708601185131981
1662,0.17,57,201,57,473616,202828,50892,75364,1.606482068178938,0.27090642434002415
1663,0.1701,40,222,40,473838,202606,50932,75324,1.6047237359016602,0.2710178822005541
1664,0.1702,38,247,38,474085,202359,50970,75286,1.6027673932327968,0.27115921410434185
1665,0.1703,41,192,41,474277,202167,51011,75245,1.6012466734254214,0.27123916773607487
1666,0.1704,46,201,46,474478,201966,51057,75199,1.599654669877075,0.2713149207150975
1667,0.1705,58,207,58,474685,201759,51115,75141,1.5980151438347485,0.27136511375947997
1668,0.1706,30,240,30,474925,201519,51145,75111,1.5961142440755292,0.2715215269493547
1669,0.1707,42,208,42,475133,201311,51187,75069,1.594466797617539,0.2716151675229756
1670,0.1708,47,213,47,475346,201098,51234,75022,1.5927797490812319,0.27170070983630307
1671,0.1709,42,228,42,475574,200870,51276,74980,1.5909738943099734,0.27181439187964473
1672,0.171,50,222,50,475796,200648,51326,74930,1.5892155620326955,0.2719012403022012
1673,0.1711,40,222,40,476018,200426,51366,74890,1.5874572297554175,0.2720147031047959
1674,0.1712,43,206,43,476224,200220,51409,74847,1.5858256241287543,0.27210461451210066
1675,0.1713,35,211,35,476435,200009,51444,74812,1.584154416423774,0.2722208273749095
1676,0.1714,48,202,48,476637,199807,51492,74764,1.5825544924597643,0.27229386934526956
1677,0.1715,46,218,46,476855,199589,51538,74718,1.58082784184514,0.2723882365378937
1678,0.1716,50,173,50,477028,199416,51588,74668,1.5794576099353694,0.27242743100655276
1679,0.1717,36,210,36,477238,199206,51624,74632,1.5777943226460525,0.2725406992455393
1680,0.1718,52,225,52,477463,198981,51676,74580,1.5760122291217844,0.2726265805432792
1681,0.1719,37,215,37,477678,198766,51713,74543,1.5743093397541503,0.2727425734242195
1682,0.172,38,189,38,477867,198577,51751,74505,1.572812381193765,0.2728301389326283
1683,0.1721,45,233,45,478100,198344,51796,74460,1.5709669243441895,0.272943211976364
1684,0.1722,41,204,41,478304,198140,51837,74419,1.5693511595488532,0.27303813119361314
1685,0.1723,43,207,43,478511,197933,51880,74376,1.5677116335065264,0.27313089174430516
1686,0.1724,48,213,48,478724,197720,51928,74328,1.5660245849702192,0.27321649120743396
1687,0.1725,46,229,46,478953,197491,51974,74282,1.5642108097832974,0.2733236929349126
1688,0.1726,47,183,47,479136,197308,52021,74235,1.5627613737168926,0.27338211627624354
1689,0.1727,50,222,50,479358,197086,52071,74185,1.5610030414396148,0.2734719155383362
1690,0.1728,49,212,49,479570,196874,52120,74136,1.559323913318971,0.27355448138445077
1691,0.1729,43,249,43,479819,196625,52163,74093,1.557351729818781,0.27369070397978706
1692,0.173,58,229,58,480048,196396,52221,74035,1.555537954631859,0.27376669094889267
1693,0.1731,42,211,42,480259,196185,52263,73993,1.5538667469268788,0.2738675983980931
1694,0.1732,47,205,47,480464,195980,52310,73946,1.552243061715879,0.2739491564354675
1695,0.1733,38,213,38,480677,195767,52348,73908,1.5505560131795717,0.2740632242514137
1696,0.1734,38,200,38,480877,195567,52386,73870,1.548971930046889,0.2741642758789624
1697,0.1735,42,231,42,481108,195336,52428,73828,1.5471423140286402,0.274286308718848
1698,0.1736,45,193,45,481301,195143,52473,73783,1.5456136738056012,0.27436172032455025
1699,0.1737,40,185,40,481486,194958,52513,73743,1.5441483969078698,0.27444259604541854
1700,0.1738,45,213,45,481699,194745,52558,73698,1.5424613483715626,0.27453872889216707
1701,0.1739,35,186,35,481885,194559,52593,73663,1.5409881510581676,0.27463444460185965
1702,0.174,42,220,42,482105,194339,52635,73621,1.5392456596122164,0.27474623078071353
1703,0.1741,50,243,50,482348,194096,52685,73571,1.5373209986060068,0.27486018074697294
1704,0.1742,34,173,34,482521,193923,52719,73537,1.5359507666962362,0.27494578628579974
1705,0.1743,45,224,45,482745,193699,52764,73492,1.5341765935876315,0.2750541747289392
1706,0.1744,48,198,48,482943,193501,52812,73444,1.5326083512862756,0.2751278353218828
1707,0.1745,38,224,38,483167,193277,52850,73406,1.5308341781776709,0.27525564059201374
1708,0.1746,43,217,43,483384,193060,52893,73363,1.52911544797871,0.275362862815898
1709,0.1747,47,205,47,483589,192855,52940,73316,1.52749176276771,0.2754469870872484
1710,0.1748,37,196,37,483785,192659,52977,73279,1.5259393612976808,0.27554918815663804
1711,0.1749,51,185,51,483970,192474,53028,73228,1.5244740843999494,0.27560199019954684
1712,0.175,45,213,45,484183,192261,53073,73183,1.5227870358636422,0.27570033604074684
1713,0.1751,38,197,38,484380,192064,53111,73145,1.5212267139779496,0.27580134912465265
1714,0.1752,31,198,31,484578,191866,53142,73114,1.5196584716765935,0.27592271114801115
1715,0.1753,31,203,31,484781,191663,53173,73083,1.5180506272969205,0.27604949649853067
1716,0.1754,39,185,39,484966,191478,53212,73044,1.5165853503991888,0.27613582235126
1717,0.1755,51,185,51,485151,191293,53263,72993,1.5151200735014574,0.2761894311465609
1718,0.1756,32,203,32,485354,191090,53295,72961,1.5135122291217844,0.2763140453927461
1719,0.1757,40,190,40,485544,190900,53335,72921,1.5120073501457356,0.27640331891699293
1720,0.1758,43,189,43,485733,190711,53378,72878,1.5105103915853504,0.2764834647879843
1721,0.1759,33,185,33,485918,190526,53411,72845,1.5090451146876187,0.2765870198313406
1722,0.176,41,188,41,486106,190338,53452,72804,1.507556076542897,0.2766719109834234
1723,0.1761,47,212,47,486318,190126,53499,72757,1.5058769484222532,0.27676570946010204
1724,0.1762,58,200,58,486518,189926,53557,72699,1.5042928652895704,0.2768167539267016
1725,0.1763,45,210,45,486728,189716,53602,72654,1.5026295780002534,0.276914281358387
1726,0.1764,57,214,57,486942,189502,53659,72597,1.500934609048283,0.2769831246971564
1727,0.1765,43,225,43,487167,189277,53702,72554,1.4991525155240146,0.277102405750274
1728,0.1766,43,199,43,487366,189078,53745,72511,1.4975763528069954,0.2771943774394183
1729,0.1767,54,222,54,487588,188856,53799,72457,1.4958180205297174,0.27728050269217375
1730,0.1768,36,226,36,487814,188630,53835,72421,1.4940280065897857,0.2774208871063509
1731,0.1769,34,203,34,488017,188427,53869,72387,1.4924201622101128,0.277542616577331
1732,0.177,43,225,43,488242,188202,53912,72344,1.4906380686858447,0.2776630614171778
1733,0.1771,43,235,43,488477,187967,53955,72301,1.4887767710049424,0.27779442728264714
1734,0.1772,47,189,47,488666,187778,54002,72254,1.487279812444557,0.27786580113216836
1735,0.1773,44,194,44,488860,187584,54046,72210,1.4857432518058549,0.2779509919397677
1736,0.1774,46,208,46,489068,187376,54092,72164,1.4840958053478646,0.2780457732912075
1737,0.1775,49,199,49,489267,187177,54141,72115,1.4825196426308453,0.27812273421470773
1738,0.1776,49,201,49,489468,186976,54190,72066,1.480927639082499,0.2782019904108214
1739,0.1777,40,201,40,489669,186775,54230,72026,1.479335635534153,0.2783064980428978
1740,0.1778,32,204,32,489873,186571,54262,71994,1.4777198707388164,0.27843675671494594
1741,0.1779,44,201,44,490074,186370,54306,71950,1.47612786719047,0.27853050480024777
1742,0.178,41,196,41,490270,186174,54347,71909,1.474575465720441,0.27862741831116344
1743,0.1781,39,181,39,490451,185993,54386,71870,1.4731418704853632,0.2787138907094077
1744,0.1782,39,193,39,490644,185800,54425,71831,1.4716132302623242,0.2788134968229755
1745,0.1783,51,222,51,490866,185578,54476,71780,1.4698548979850463,0.2789110888334538
1746,0.1784,51,199,51,491065,185379,54527,71729,1.4682787352680269,0.27898392893258867
1747,0.1785,55,187,55,491252,185192,54582,71674,1.4667976175389685,0.27903264737256
1748,0.1786,36,194,36,491446,184998,54618,71638,1.4652610569002662,0.2791424429931888
1749,0.1787,57,200,57,491646,184798,54675,71581,1.4636769737675834,0.27919993447201213
1750,0.1788,42,186,42,491832,184612,54717,71539,1.4622037764541884,0.27928448454232074
1751,0.1789,47,185,47,492017,184427,54764,71492,1.4607384995564567,0.27935401435610485
1752,0.179,44,174,44,492191,184253,54808,71448,1.4593603472310226,0.2794201039495348
1753,0.1791,35,226,35,492417,184027,54843,71413,1.4575703332910912,0.27956858753523334
1754,0.1792,44,203,44,492620,183824,54887,71369,1.455962488911418,0.2796667620193344
1755,0.1793,59,198,59,492818,183626,54946,71310,1.4543942466100621,0.2797172623717325
1756,0.1794,28,214,28,493032,183412,54974,71282,1.4526992776580916,0.2798731026251109
1757,0.1795,43,189,43,493221,183223,55017,71239,1.4512023190977061,0.279959286651838
1758,0.1796,46,214,46,493435,183009,55063,71193,1.4495073501457356,0.28006467297660914
1759,0.1797,52,191,52,493626,182818,55115,71141,1.4479945507540235,0.2801278946601617
1760,0.1798,35,187,35,493813,182631,55150,71106,1.4465134330249652,0.280235046524551
1761,0.1799,41,208,41,494021,182423,55191,71065,1.444865986566975,0.28034857665846113
1762,0.18,48,204,48,494225,182219,55239,71017,1.4432502217716385,0.28043801039346694
1763,0.1801,45,226,45,494451,181993,55284,70972,1.441460207831707,0.28056055185499973
1764,0.1802,45,213,45,494664,181780,55329,70927,1.4397731592953997,0.28066891696708046
1765,0.1803,36,220,36,494884,181560,55365,70891,1.4380306678494488,0.28081092964575305
1766,0.1804,45,215,45,495099,181345,55410,70846,1.4363277784818147,0.28092199959554465
1767,0.1805,54,196,54,495295,181149,55464,70792,1.4347753770117855,0.28098642142406355
1768,0.1806,49,188,49,495483,180961,55513,70743,1.4332863388670638,0.2810563201220481
1769,0.1807,45,185,45,495668,180776,55558,70698,1.4318210619693321,0.28113443139250976
1770,0.1808,30,198,30,495866,180578,55588,70668,1.4302528196679762,0.28127014957452057
1771,0.1809,40,179,40,496045,180399,55628,70628,1.428835065264225,0.2813561887765061
1772,0.181,51,195,51,496240,180204,55679,70577,1.4272905842098593,0.2814288163776363
1773,0.1811,40,191,40,496431,180013,55719,70537,1.4257777848181472,0.2815286369986031
1774,0.1812,34,222,34,496653,179791,55753,70503,1.4240194525408694,0.28168074344570787
1775,0.1813,54,177,54,496830,179614,55807,70449,1.422617538968445,0.28172500529866473
1776,0.1814,31,186,31,497016,179428,55838,70418,1.42114434165505,0.2818456169000104
1777,0.1815,50,201,50,497217,179227,55888,70368,1.419552338106704,0.2819287245337447
1778,0.1816,43,238,43,497455,178989,55931,70325,1.4176672791788114,0.28207401108642116
1779,0.1817,46,174,46,497629,178815,55977,70279,1.4162891268533773,0.28213846981460816
1780,0.1818,51,196,51,497825,178619,56028,70228,1.414736725383348,0.2822135689801364
1781,0.1819,46,206,46,498031,178413,56074,70182,1.4131051197566848,0.28231460809750797
1782,0.182,60,216,60,498247,178197,56134,70122,1.4113943099733874,0.28238676863228346
1783,0.1821,42,205,42,498452,177992,56176,70080,1.4097706247623876,0.28249862943016546
1784,0.1822,29,190,29,498642,177802,56205,70051,1.4082657457863388,0.2826312370639048
1785,0.1823,36,171,36,498813,177631,56241,70015,1.406911354707895,0.2827221114009514
1786,0.1824,41,206,41,499019,177425,56282,69974,1.4052797490812319,0.28283865334944763
1787,0.1825,44,173,44,499192,177252,56326,69930,1.403909517171461,0.282908949680802
1788,0.1826,49,210,49,499402,177042,56375,69881,1.4022462298821443,0.28300725327328763
1789,0.1827,40,202,40,499604,176840,56415,69841,1.4006463059181347,0.28312273746255284
1790,0.1828,28,186,28,499790,176654,56443,69813,1.3991731086047396,0.2832549590817432
1791,0.1829,41,187,41,499977,176467,56484,69772,1.397691990875681,0.2833507283574089
1792,0.183,28,208,28,500185,176259,56512,69744,1.396044544417691,0.28350873769832075
1793,0.1831,45,186,45,500371,176073,56557,69699,1.394571347104296,0.2835921097602656
1794,0.1832,41,186,41,500557,175887,56598,69658,1.393098149790901,0.2836873078254495
1795,0.1833,45,188,45,500745,175699,56643,69613,1.3916091116461793,0.28377331724497784
1796,0.1834,47,182,47,500927,175517,56690,69566,1.3901675959954378,0.2838466968333177
1797,0.1835,40,213,40,501140,175304,56730,69526,1.3884805474591306,0.28397663685005925
1798,0.1836,46,176,46,501316,175128,56776,69480,1.3870865543023698,0.28404631083202514
1799,0.1837,20,181,20,501497,174947,56796,69460,1.385652959067292,0.2841980794330768
1800,0.1838,53,173,53,501670,174774,56849,69407,1.3842827271575213,0.28424406485353076
1801,0.1839,39,171,39,501841,174603,56888,69368,1.3829283360790774,0.28432887515319444
1802,0.184,41,191,41,502032,174412,56929,69327,1.3814155366873653,0.28443129741239603
1803,0.1841,30,202,30,502234,174210,56959,69297,1.3798156127233556,0.2845790880754968
1804,0.1842,39,190,39,502424,174020,56998,69258,1.378310733747307,0.28468665477355126
1805,0.1843,39,200,39,502624,173820,57037,69219,1.3767266506146243,0.2848061422240875
1806,0.1844,33,178,33,502802,173642,57070,69186,1.3753168166265366,0.2849177195381093
1807,0.1845,45,192,45,502994,173450,57115,69141,1.3737960968191611,0.2850105733518556
1808,0.1846,46,189,46,503183,173261,57161,69095,1.372299138258776,0.28509712984205055
1809,0.1847,48,176,48,503359,173085,57209,69047,1.3709051451020149,0.28516263856078505
1810,0.1848,34,216,34,503575,172869,57243,69013,1.3691943353187175,0.2853168073688824
1811,0.1849,36,170,36,503745,172699,57279,68977,1.367847864655937,0.28541104619407803
1812,0.185,53,204,53,503949,172495,57332,68924,1.3662320998606008,0.2854953421230309
1813,0.1851,51,193,51,504142,172302,57383,68873,1.3647034596375618,0.2855727169068104
1814,0.1852,44,186,44,504328,172116,57427,68829,1.3632302623241668,0.2856627031065181
1815,0.1853,37,177,37,504505,171939,57464,68792,1.3618283487517424,0.2857629470238565
1816,0.1854,47,198,47,504703,171741,57511,68745,1.3602601064503865,0.2858586362615703
1817,0.1855,33,187,33,504890,171554,57544,68712,1.3587789887213282,0.2859830354690218
1818,0.1856,37,191,37,505081,171363,57581,68675,1.357266189329616,0.2861005340821037
1819,0.1857,43,179,43,505260,171184,57624,68632,1.3558484349258648,0.28618607599159357
1820,0.1858,46,185,46,505445,170999,57670,68586,1.3543831580281334,0.28627000855646223
1821,0.1859,45,182,45,505627,170817,57715,68541,1.352941642377392,0.286353495600732
1822,0.186,37,194,37,505821,170623,57752,68504,1.3514050817386896,0.28647538755556673
1823,0.1861,36,176,36,505997,170447,57788,68468,1.3500110885819288,0.28657890881694326
1824,0.1862,32,179,32,506176,170268,57820,68436,1.3485933341781777,0.2866981701186407
1825,0.1863,45,171,45,506347,170097,57865,68391,1.3472389430997338,0.28676914561738953
1826,0.1864,45,174,45,506521,169923,57910,68346,1.3458607907742999,0.2868438613499868
1827,0.1865,37,173,37,506694,169750,57947,68309,1.3444905588645293,0.2869414724921133
1828,0.1866,44,193,44,506887,169557,57991,68265,1.3429619186414903,0.2870424098695663
1829,0.1867,37,174,37,507061,169383,58028,68228,1.3415837663160564,0.2871415885628191
1830,0.1868,30,200,30,507261,169183,58058,68198,1.3399996831833734,0.2872934228097447
1831,0.1869,49,182,49,507443,169001,58107,68149,1.3385581675326321,0.2873666455829644
1832,0.187,35,151,35,507594,168850,58142,68114,1.3373621847674566,0.28744450633851554
1833,0.1871,34,161,34,507755,168689,58176,68080,1.3360869978456469,0.28753764217444006
1834,0.1872,34,186,34,507941,168503,58210,68046,1.3346138005322519,0.28766133021065404
1835,0.1873,53,156,53,508097,168347,58263,67993,1.3333782156887592,0.28769146145383767
1836,0.1874,38,173,38,508270,168174,58301,67955,1.3320079837789887,0.2877876076212579
1837,0.1875,45,193,45,508463,167981,58346,67910,1.3304793435559499,0.28788720213997143
1838,0.1876,42,169,42,508632,167812,58388,67868,1.3291407933088328,0.2879667345553293
1839,0.1877,31,190,31,508822,167622,58419,67837,1.3276359143327843,0.2881053601688617
1840,0.1878,40,179,40,509001,167443,58459,67797,1.326218159929033,0.2882035368134671
1841,0.1879,43,192,43,509193,167251,58502,67754,1.3246974401216576,0.28830875938809813
1842,0.188,32,178,32,509371,167073,58534,67722,1.3232876061335699,0.28843033284354436
1843,0.1881,36,155,36,509526,166918,58570,67686,1.3220599417057408,0.28851170483026717
1844,0.1882,26,169,26,509695,166749,58596,67660,1.3207213914586238,0.28864079450874325
1845,0.1883,33,182,33,509877,166567,58629,67627,1.3192798758078823,0.28876487015038815
1846,0.1884,44,169,44,510046,166398,58673,67583,1.3179413255607655,0.28883969211175264
1847,0.1885,34,161,34,510207,166237,58707,67549,1.3166661386389558,0.2889351800364436
1848,0.1886,45,208,45,510415,166029,58752,67504,1.3150186921809657,0.28905550821511306
1849,0.1887,37,195,37,510610,165834,58789,67467,1.3134742111266,0.28918435840395024
1850,0.1888,33,164,33,510774,165670,58822,67434,1.3121752629578,0.28928718511908846
1851,0.1889,29,183,29,510957,165487,58851,67405,1.3107258268913953,0.2894260000343507
1852,0.189,49,176,49,511133,165311,58900,67356,1.3093318337346345,0.28949528725603546
1853,0.1891,34,166,34,511299,165145,58934,67322,1.3080170447345076,0.2895980934928398
1854,0.1892,39,162,39,511461,164983,58973,67283,1.3067339373970346,0.289680797017213
1855,0.1893,40,209,40,511670,164774,59013,67243,1.3050785705233812,0.28981928048375766
1856,0.1894,43,204,43,511874,164570,59056,67200,1.3034628057280446,0.28994261552401085
1857,0.1895,47,185,47,512059,164385,59103,67153,1.301997528830313,0.2900301462394942
1858,0.1896,25,153,25,512212,164232,59128,67128,1.3007857052338108,0.29014522821576766
1859,0.1897,47,165,47,512377,164067,59175,67081,1.2994788366493473,0.2902080052606988
1860,0.1898,45,159,45,512536,163908,59220,67036,1.2982194905588644,0.290269502563392
1861,0.1899,44,187,44,512723,163721,59264,66992,1.296738372829806,0.2903694200153437
1862,0.19,45,156,45,512879,163565,59309,66947,1.2955027879863135,0.2904273964045256
1863,0.1901,42,166,42,513045,163399,59351,66905,1.2941879989861869,0.2905073294428234
1864,0.1902,46,163,46,513208,163236,59397,66859,1.2928969712330503,0.2905712857732676
1865,0.1903,32,157,32,513365,163079,59429,66827,1.2916534659738943,0.2906709698746444
1866,0.1904,34,155,34,513520,162924,59463,66793,1.2904258015460652,0.29076211164171567
1867,0.1905,35,177,35,513697,162747,59498,66758,1.2890238879736409,0.29087819437485024
1868,0.1906,39,189,39,513886,162558,59537,66719,1.2875269294132556,0.29099735254735537
1869,0.1907,36,162,36,514048,162396,59573,66683,1.2862438220757826,0.2910917194504952
1870,0.1908,37,211,37,514259,162185,59610,66646,1.2845726143708023,0.29124550432415186
1871,0.1909,30,142,30,514401,162043,59640,66616,1.2834479153465974,0.29133338289767735
1872,0.191,32,158,32,514559,161885,59672,66584,1.282196489671778,0.2914355995780609
1873,0.1911,47,159,47,514718,161726,59719,66537,1.280937143581295,0.29149270797282084
1874,0.1912,46,203,46,514921,161523,59765,66491,1.279329299201622,0.2916092871490347
1875,0.1913,41,183,41,515104,161340,59806,66450,1.2778798631352173,0.2917160542605031
1876,0.1914,55,189,55,515293,161151,59861,66395,1.276382904574832,0.29178715512467807
1877,0.1915,41,141,41,515434,161010,59902,66354,1.2752661259662907,0.29184039689660635
1878,0.1916,35,157,35,515591,160853,59937,66319,1.2740226207071348,0.2919329846988185
1879,0.1917,43,156,43,515747,160697,59980,66276,1.2727870358636422,0.2919994889259956
1880,0.1918,31,160,31,515907,160537,60011,66245,1.2715197693574958,0.29210872115070863
1881,0.1919,42,187,42,516094,160350,60053,66203,1.2700386516284374,0.2922185978556894
1882,0.192,40,182,40,516276,160168,60093,66163,1.2685971359776962,0.2923284923408636
1883,0.1921,31,151,31,516427,160017,60124,66132,1.2674011532125207,0.2924266744491464
1884,0.1922,50,174,50,516601,159843,60174,66082,1.2660230008870865,0.2924952971118734
1885,0.1923,42,179,42,516780,159664,60216,66040,1.2646052464833355,0.29259561195193706
1886,0.1924,51,191,51,516971,159473,60267,65989,1.2630924470916234,0.29268346772405107
1887,0.1925,29,166,29,517137,159307,60296,65960,1.2617776580914966,0.2928080899554751
1888,0.1926,37,156,37,517293,159151,60333,65923,1.2605420732480042,0.29289478127193724
1889,0.1927,41,172,41,517465,158979,60374,65882,1.259179761753897,0.2929898915329915
1890,0.1928,42,188,42,517653,158791,60416,65840,1.257690723609175,0.29310291099625607
1891,0.1929,43,182,43,517835,158609,60459,65797,1.2562492079584338,0.2932051727672166
1892,0.193,43,176,43,518011,158433,60502,65754,1.2548552148016727,0.2932997899075325
1893,0.1931,46,165,46,518176,158268,60548,65708,1.2535483462172095,0.2933707182912455
1894,0.1932,41,158,41,518334,158110,60589,65667,1.2522969205423902,0.2934483883509029
1895,0.1933,37,164,37,518498,157946,60626,65630,1.2509979723735902,0.2935467134218342
1896,0.1934,33,135,33,518633,157811,60659,65597,1.2499287162590293,0.29361974504046406
1897,0.1935,31,167,31,518800,157644,60690,65566,1.2486060068432392,0.2937413198333408
1898,0.1936,38,157,38,518957,157487,60728,65528,1.2473625015840832,0.2938277694325494
1899,0.1937,35,177,35,519134,157310,60763,65493,1.2459605880116589,0.29395026099289506
1900,0.1938,38,191,38,519325,157119,60801,65455,1.2444477886199468,0.2940819682442693
1901,0.1939,52,148,52,519473,156971,60853,65403,1.2432755671017615,0.2941126210798025
1902,0.194,34,163,34,519636,156808,60887,65369,1.241984539348625,0.2942203738460777
1903,0.1941,45,163,45,519799,156645,60932,65324,1.2406935115954885,0.29429334726921325
1904,0.1942,47,191,47,519990,156454,60979,65277,1.2391807122037763,0.2943972651546243
1905,0.1943,42,170,42,520160,156284,61021,65235,1.237834241540996,0.29448941174346216
1906,0.1944,36,193,36,520353,156091,61057,65199,1.2363056013179572,0.2946314790546342
1907,0.1945,36,166,36,520519,155925,61093,65163,1.2349908123178304,0.29473784194528874
1908,0.1946,30,173,30,520692,155752,61123,65133,1.2336205804080598,0.2948728976616792
1909,0.1947,44,154,44,520846,155598,61167,65089,1.232400836395894,0.2949380797237717
1910,0.1948,33,170,33,521016,155428,61200,65056,1.2310543657331137,0.2950599589992925
1911,0.1949,34,174,34,521190,155254,61234,65022,1.2296762134076797,0.29518422342878936
1912,0.195,29,186,29,521376,155068,61263,64993,1.2282030160942847,0.2953408373132904
1913,0.1951,44,164,44,521540,154904,61307,64949,1.2269040679254848,0.2954201216267233
1914,0.1952,28,156,28,521696,154748,61335,64921,1.2256684830819922,0.2955401080716897
1915,0.1953,33,166,33,521862,154582,61368,64888,1.2243536940818653,0.29565772087301223
1916,0.1954,31,169,31,522031,154413,61399,64857,1.2230151438347485,0.29578601723902037
1917,0.1955,31,173,31,522204,154240,61430,64826,1.221644911924978,0.2959199510649759
1918,0.1956,53,170,53,522374,154070,61483,64773,1.2202984412621973,0.295979309367903
1919,0.1957,31,159,31,522533,153911,61514,64742,1.2190390951717147,0.2960947254325347
1920,0.1958,37,167,37,522700,153744,61551,64705,1.2177163857559246,0.29620185947292044
1921,0.1959,43,155,43,522855,153589,61594,64662,1.2164887213280953,0.29627355659309695
1922,0.196,34,170,34,523025,153419,61628,64628,1.215142250665315,0.2963948139621274
1923,0.1961,39,176,39,523201,153243,61667,64589,1.213748257508554,0.2965083183370671
1924,0.1962,33,156,33,523357,153087,61700,64556,1.2125126726650615,0.2966141801022776
1925,0.1963,36,140,36,523497,152947,61736,64520,1.2114038144721835,0.29668869299709844
1926,0.1964,25,133,25,523630,152814,61761,64495,1.2103503991889495,0.29678936445338205
1927,0.1965,41,155,41,523785,152659,61802,64454,1.2091227347611202,0.2968684509909586
1928,0.1966,47,156,47,523941,152503,61849,64407,1.2078871499176276,0.29692960213913605
1929,0.1967,42,153,42,524094,152350,61891,64365,1.2066753263211254,0.2970029762591422
1930,0.1968,39,153,39,524247,152197,61930,64326,1.205463502724623,0.2970862217870619
1931,0.1969,44,169,44,524416,152028,61974,64282,1.204124952477506,0.29717535019185426
1932,0.197,30,161,30,524577,151867,62004,64252,1.2028497655556964,0.2972991731407234
1933,0.1971,53,162,53,524739,151705,62057,64199,1.2015666582182234,0.2973497480361642
1934,0.1972,34,181,34,524920,151524,62091,64165,1.2001330629831453,0.29748851355423783
1935,0.1973,30,166,30,525086,151358,62121,64135,1.1988182739830187,0.2976198762836844
1936,0.1974,43,173,43,525259,151185,62164,64092,1.197448042073248,0.2977187530483981
1937,0.1975,42,155,42,525414,151030,62206,64050,1.1962203776454188,0.2977961688673982
1938,0.1976,32,153,32,525567,150877,62238,64018,1.1950085540489166,0.2979036273528933
1939,0.1977,27,183,27,525750,150694,62265,63991,1.1935591179825118,0.2980692642709085
1940,0.1978,39,148,39,525898,150546,62304,63952,1.1923868964643265,0.2981473020727466
1941,0.1979,41,174,41,526072,150372,62345,63911,1.1910087441388924,0.2982551112314089
1942,0.198,45,161,45,526233,150211,62390,63866,1.1897335572170828,0.29833190861232173
1943,0.1981,35,147,35,526380,150064,62425,63831,1.1885692561145609,0.2984221230042778
1944,0.1982,45,158,45,526538,149906,62470,63786,1.1873178304397414,0.2984950302304251
1945,0.1983,27,145,27,526683,149761,62497,63759,1.1861693701685465,0.2986090295991008
1946,0.1984,42,181,42,526864,149580,62539,63717,1.1847357749334686,0.29872431398472554
1947,0.1985,36,168,36,527032,149412,62575,63681,1.1834051451020149,0.29884135095944026
1948,0.1986,37,156,37,527188,149256,62612,63644,1.1821695602585223,0.2989384687646783
1949,0.1987,39,165,39,527353,149091,62651,63605,1.180862691674059,0.29904182495204423
1950,0.1988,37,143,37,527496,148948,62688,63568,1.1797300722341908,0.29912100735944586
1951,0.1989,31,162,31,527658,148786,62719,63537,1.1784469648967177,0.2992469021255352
1952,0.199,36,144,36,527802,148642,62755,63501,1.1773064250411862,0.299331111561541
1953,0.1991,33,126,33,527928,148516,62788,63468,1.176308452667596,0.2993999547135633
1954,0.1992,42,157,42,528085,148359,62830,63426,1.17506494740844,0.29948296621573767
1955,0.1993,34,158,34,528243,148201,62864,63392,1.1738135217336205,0.29959403193867473
1956,0.1994,41,150,41,528393,148051,62905,63351,1.1726254593841086,0.299670769434537
1957,0.1995,29,170,29,528563,147881,62934,63322,1.1712789887213282,0.29981581701017507
1958,0.1996,39,152,39,528715,147729,62973,63283,1.1700750855404891,0.2999023752203666
1959,0.1997,47,156,47,528871,147573,63020,63236,1.1688395006969965,0.2999682176757159
1960,0.1998,35,124,35,528995,147449,63055,63201,1.1678573691547331,0.30002848326608117
1961,0.1999,41,172,41,529167,147277,63096,63160,1.1664950576606261,0.3001373332636371
1962,0.2,38,163,38,529330,147114,63134,63122,1.1652040299074895,0.30024353583591773
1963,0.2001,36,145,36,529475,146969,63170,63086,1.1640555696362944,0.30033086572564327
1964,0.2002,32,153,32,529628,146816,63202,63054,1.1628437460397922,0.3004431314623338
1965,0.2003,28,145,28,529773,146671,63230,63026,1.1616952857685972,0.3005574710177065
1966,0.2004,37,136,37,529909,146535,63267,62989,1.1606181092383727,0.3006290448826865
1967,0.2005,45,147,45,530056,146388,63312,62944,1.159453808135851,0.3006898133109128
1968,0.2006,40,165,40,530221,146223,63352,62904,1.1581469395513877,0.3007932978525011
1969,0.2007,33,180,33,530401,146043,63385,62871,1.1567212647319731,0.3009420144174158
1970,0.2008,36,146,36,530547,145897,63421,62835,1.1555648840451147,0.3010319452695322
1971,0.2009,38,141,38,530688,145756,63459,62797,1.1544481054365734,0.3011081116071215
1972,0.201,35,162,35,530850,145594,63494,62762,1.1531649980991003,0.3012248267388508
1973,0.2011,44,153,44,531003,145441,63538,62718,1.151953174502598,0.3012985266070648
1974,0.2012,31,161,31,531164,145280,63569,62687,1.1506779875807882,0.301427630345199
1975,0.2013,49,146,49,531310,145134,63618,62638,1.1495216068939298,0.3014746934139345
1976,0.2014,30,175,30,531485,144959,63648,62608,1.1481355341528323,0.3016279080971445
1977,0.2015,30,157,30,531642,144802,63678,62578,1.1468920288936764,0.30175523194136367
1978,0.2016,40,154,40,531796,144648,63718,62538,1.1456722848815106,0.30184471923778633
1979,0.2017,33,172,33,531968,144476,63751,62505,1.1443099733874034,0.3019842400993328
1980,0.2018,39,166,39,532134,144310,63790,62466,1.1429951843872765,0.3020950206987271
1981,0.2019,42,132,42,532266,144178,63832,62424,1.141949689519706,0.30214615540991857
1982,0.202,38,155,38,532421,144023,63870,62386,1.1407220250918768,0.3022445726688274
1983,0.2021,44,132,44,532553,143891,63914,62342,1.1396765302243062,0.3022891583791149
1984,0.2022,42,145,42,532698,143746,63956,62300,1.138528069953111,0.30235966725876745
1985,0.2023,56,148,56,532846,143598,64012,62244,1.1373558484349258,0.30238726790450926
1986,0.2024,39,133,39,532979,143465,64051,62205,1.1363024331516918,0.3024505275441241
1987,0.2025,32,163,32,533142,143302,64083,62173,1.1350114053985554,0.30258182260615646
1988,0.2026,37,148,37,533290,143154,64120,62136,1.13383918388037,0.30267426567295047
1989,0.2027,39,166,39,533456,142988,64159,62097,1.1325243948802433,0.3027866494380379
1990,0.2028,36,156,36,533612,142832,64195,62061,1.1312888100367506,0.302894681614306
1991,0.2029,25,173,25,533785,142659,64220,62036,1.12991857812698,0.3030655365299592
1992,0.203,37,129,37,533914,142530,64257,61999,1.1288968445063996,0.3031306073955283
1993,0.2031,31,145,31,534059,142385,64288,61968,1.1277483842352047,0.3032399817962056
1994,0.2032,43,169,43,534228,142216,64331,61925,1.1264098339880877,0.30334425715559343
1995,0.2033,41,153,41,534381,142063,64372,61884,1.1251980103915853,0.3034317739412691
1996,0.2034,46,151,46,534532,141912,64418,61838,1.1240020276264098,0.30349938650306746
1997,0.2035,43,153,43,534685,141759,64461,61795,1.1227902040299076,0.3035803767059355
1998,0.2036,32,163,32,534848,141596,64493,61763,1.121499176276771,0.30371412133222525
1999,0.2037,33,164,33,535012,141432,64526,61730,1.120200228107971,0.30384619170907945
2000,0.2038,45,164,45,535176,141268,64571,61685,1.118901279939171,0.303937364808601
2001,0.2039,39,153,39,535329,141115,64610,61646,1.117689456342669,0.3040328268256716
2002,0.204,38,145,38,535474,140970,64648,61608,1.1165409960714738,0.3041198945591328
2003,0.2041,44,128,44,535602,140842,64692,61564,1.115527182866557,0.30416094384553816
2004,0.2042,47,151,47,535753,140691,64739,61517,1.1143312001013814,0.3042263411932268
2005,0.2043,40,142,40,535895,140549,64779,61477,1.1132065010771766,0.3043024165206459
2006,0.2044,39,141,39,536036,140408,64818,61438,1.1120897224686352,0.3043805673632373
2007,0.2045,27,155,27,536191,140253,64845,61411,1.110862058040806,0.30452138210092033
2008,0.2046,42,147,42,536338,140106,64887,61369,1.1096977569382842,0.3045985854324358
2009,0.2047,34,132,34,536470,139974,64921,61335,1.1086522620707135,0.30468086374677733
2010,0.2048,33,140,33,536610,139834,64954,61302,1.1075434038778356,0.30477885609736693
2011,0.2049,34,133,34,536743,139701,64988,61268,1.1064899885946013,0.3048629390602531
2012,0.205,48,168,48,536911,139533,65036,61220,1.1051593587631479,0.30495185626117666
2013,0.2051,42,179,42,537090,139354,65078,61178,1.1037416043593968,0.30507849121337244
2014,0.2052,41,170,41,537260,139184,65119,61137,1.1023951336966165,0.3051951617653666
2015,0.2053,42,161,42,537421,139023,65161,61095,1.1011199467748067,0.30529487602314637
2016,0.2054,34,144,34,537565,138879,65195,61061,1.0999794069192752,0.3053966189856957
2017,0.2055,33,163,33,537728,138716,65228,61028,1.0986883791661386,0.30553107978212113
2018,0.2056,32,169,32,537897,138547,65260,60996,1.0973498289190218,0.30567847531609726
2019,0.2057,38,136,38,538033,138411,65298,60958,1.0962726523887973,0.3057546559394891
2020,0.2058,38,147,38,538180,138264,65336,60920,1.0951083512862756,0.3058478592658045
2021,0.2059,39,143,39,538323,138121,65375,60881,1.0939757318464074,0.3059315986774002
2022,0.206,42,141,42,538464,137980,65417,60839,1.0928589532378659,0.30600194146434695
2023,0.2061,38,137,38,538601,137843,65455,60801,1.091773856291978,0.30608022391816514
2024,0.2062,37,129,37,538730,137714,65492,60764,1.0907521226713979,0.3061497999778313
2025,0.2063,36,156,36,538886,137558,65528,60728,1.0895165378279053,0.30626468837941156
2026,0.2064,49,153,49,539039,137405,65577,60679,1.0883047142314028,0.3063296379313826
2027,0.2065,39,140,39,539179,137265,65616,60640,1.0871958560385249,0.3064096409893636
2028,0.2066,42,149,42,539328,137116,65658,60598,1.0860157141046762,0.3064932174757478
2029,0.2067,29,148,29,539476,136968,65687,60569,1.084843492586491,0.30662103808400454
2030,0.2068,31,141,31,539617,136827,65718,60538,1.0837267139779496,0.30673118334051125
2031,0.2069,28,125,28,539742,136702,65746,60510,1.0827366620200227,0.3068271707604
2032,0.207,45,161,45,539903,136541,65791,60465,1.0814614750982132,0.30691958620549625
2033,0.2071,29,149,29,540052,136392,65820,60436,1.0802813331643644,0.30704980998638404
2034,0.2072,44,113,44,540165,136279,65864,60392,1.0793863261943988,0.3070712001260989
2035,0.2073,36,171,36,540336,136108,65900,60356,1.0780319351159549,0.3072114993077612
2036,0.2074,40,144,40,540480,135964,65940,60316,1.0768913952604233,0.30729570002037904
2037,0.2075,45,140,45,540620,135824,65985,60271,1.0757825370675453,0.3073561284071496
2038,0.2076,23,139,23,540759,135685,66008,60248,1.0746815992903307,0.3074928674597949
2039,0.2077,34,128,34,540887,135557,66042,60214,1.0736677860854138,0.30757364471755266
2040,0.2078,30,141,30,541028,135416,66072,60184,1.0725510074768725,0.30768916155419224
2041,0.2079,34,145,34,541173,135271,66106,60150,1.0714025472056774,0.30779701260355846
2042,0.208,43,145,43,541318,135126,66149,60107,1.0702540869344823,0.307873156689699
2043,0.2081,36,127,36,541445,134999,66185,60071,1.0692481941452288,0.30794586558671244
2044,0.2082,33,129,33,541574,134870,66218,60038,1.0682264605246483,0.30803250764463236
2045,0.2083,23,117,23,541691,134753,66241,60015,1.067299771892029,0.30813583340179085
2046,0.2084,34,133,34,541824,134620,66275,59981,1.0662463566087947,0.3082255486868002
2047,0.2085,32,143,32,541967,134477,66307,59949,1.0651137371689265,0.3083383909559421
2048,0.2086,37,141,37,542108,134336,66344,59912,1.0639969585603852,0.3084304600304765
2049,0.2087,32,147,32,542255,134189,66376,59880,1.0628326574578635,0.3085500517857051
2050,0.2088,32,134,32,542389,134055,66408,59848,1.061771321758966,0.30864916994579766
2051,0.2089,41,146,41,542535,133909,66449,59807,1.0606149410721075,0.3087354684176836
2052,0.209,32,152,32,542687,133757,66481,59775,1.0594110378912684,0.3088636504557386
2053,0.2091,33,139,33,542826,133618,66514,59742,1.058310100114054,0.3089677285891601
2054,0.2092,34,133,34,542959,133485,66548,59708,1.05725668483082,0.3090588168308376
2055,0.2093,45,134,45,543093,133351,66593,59663,1.0561953491319225,0.30911229237257404
2056,0.2094,28,174,28,543267,133177,66621,59635,1.0548171968064883,0.30929091550318444
2057,0.2095,27,162,27,543429,133015,66648,59608,1.0535340894690153,0.30945421886275265
2058,0.2096,36,151,36,543580,132864,66684,59572,1.0523381067038398,0.3095678563262591
2059,0.2097,44,147,44,543727,132717,66728,59528,1.051173805601318,0.3096465447735962
2060,0.2098,31,115,31,543842,132602,66759,59497,1.0502629578000253,0.30972050869603696
2061,0.2099,33,131,33,543973,132471,66792,59464,1.0492253833481182,0.309813218016516
2062,0.21,25,140,25,544113,132331,66817,59439,1.0481165251552402,0.30994941857433383
2063,0.2101,32,130,32,544243,132201,66849,59407,1.0470868711189962,0.3100444657843096
2064,0.2102,42,141,42,544384,132060,66891,59365,1.045970092510455,0.3101214574898785
2065,0.2103,38,128,38,544512,131932,66929,59327,1.044956279305538,0.3101919386800098
2066,0.2104,36,142,36,544654,131790,66965,59291,1.0438315802813332,0.3102924937591911
2067,0.2105,37,127,37,544781,131663,67002,59254,1.0428256874920796,0.3103652372496949
2068,0.2106,32,160,32,544941,131503,67034,59222,1.0415584209859334,0.3105098964477651
2069,0.2107,33,146,33,545087,131357,67067,59189,1.0404020402990748,0.3106284046896812
2070,0.2108,45,136,45,545223,131221,67112,59144,1.0393248637688506,0.31068736374858824
2071,0.2109,36,146,36,545369,131075,67148,59108,1.0381684830819922,0.3107953918068387
2072,0.211,45,175,45,545544,130900,67193,59063,1.0367824103408947,0.3109184420123919
2073,0.2111,29,151,29,545695,130749,67222,59034,1.0355864275757192,0.3110605270229683
2074,0.2112,17,132,17,545827,130617,67239,59017,1.0345409327081485,0.3112152883976502
2075,0.2113,36,122,36,545949,130495,67275,58981,1.033574641997212,0.31128480651903145
2076,0.2114,40,112,40,546061,130383,67315,58941,1.0326875554429096,0.31132344552196234
2077,0.2115,33,130,33,546191,130253,67348,58908,1.0316579014066658,0.31141725831434597
2078,0.2116,30,141,30,546332,130112,67378,58878,1.0305411227981245,0.31154029313720305
2079,0.2117,28,130,28,546462,129982,67406,58850,1.0295114687618807,0.3116526859854262
2080,0.2118,40,129,40,546591,129853,67446,58810,1.0284897351413003,0.31171983907814466
2081,0.2119,27,113,27,546704,129740,67473,58783,1.0275947281713345,0.31180810829447864
2082,0.212,34,151,34,546855,129589,67507,58749,1.026398745406159,0.31193386358568104
2083,0.2121,47,140,47,546995,129449,67554,58702,1.025289887213281,0.31199408985336247
2084,0.2122,37,123,37,547118,129326,67591,58665,1.024315676086681,0.31206281151757265
2085,0.2123,29,138,29,547256,129188,67620,58636,1.0232226587251299,0.3121858761393645
2086,0.2124,32,113,32,547369,129075,67652,58604,1.022327651755164,0.3122565657319146
2087,0.2125,34,131,34,547500,128944,67686,58570,1.021290077303257,0.3123500111991638
2088,0.2126,45,141,45,547641,128803,67731,58525,1.0201732986947154,0.31241992654595147
2089,0.2127,28,139,28,547780,128664,67759,58497,1.019072360917501,0.31254908875246445
2090,0.2128,31,138,31,547918,128526,67790,58466,1.0179793435559499,0.3126657824933687
2091,0.2129,41,138,41,548056,128388,67831,58425,1.0168863261943988,0.3127459009811951
2092,0.213,42,151,42,548207,128237,67873,58383,1.0156903434292233,0.3128442824991962
2093,0.2131,29,135,29,548342,128102,67902,58354,1.0146210873146624,0.3129639164199597
2094,0.2132,36,134,36,548476,127968,67938,58318,1.0135597516157648,0.3130562683186069
2095,0.2133,43,116,43,548592,127852,67981,58275,1.0126409833988088,0.3130926732822213
2096,0.2134,22,132,22,548724,127720,68003,58253,1.0115954885312382,0.313233641442575
2097,0.2135,26,123,26,548847,127597,68029,58227,1.0106212774046381,0.31334488548303774
2098,0.2136,41,144,41,548991,127453,68070,58186,1.0094807375491066,0.3134362930203244
2099,0.2137,38,135,38,549126,127318,68108,58148,1.0084114814345457,0.3135237725513032
2100,0.2138,27,127,27,549253,127191,68135,58121,1.0074055886452922,0.3136386202728372
2101,0.2139,35,132,35,549385,127059,68170,58086,1.0063600937777215,0.31373247994814873
2102,0.214,42,139,42,549524,126920,68212,58044,1.0052591560005069,0.31381241755152356
2103,0.2141,40,137,40,549661,126783,68252,58004,1.004174059054619,0.3138965403410413
2104,0.2142,34,153,34,549814,126630,68286,57970,1.002962235458117,0.3140303358613218
2105,0.2143,35,147,35,549961,126483,68321,57935,1.001797934355595,0.31415046253619494
2106,0.2144,27,128,27,550089,126355,68348,57908,1.000784121150678,0.31426819274623774
2107,0.2145,45,134,45,550223,126221,68393,57863,0.9997227854517805,0.3143293279155168
2108,0.2146,46,108,46,550331,126113,68439,57817,0.9988673805601318,0.31434241287446313
2109,0.2147,47,140,47,550471,125973,68486,57770,0.9977585223672538,0.314406535214947
2110,0.2148,36,138,36,550609,125835,68522,57734,0.9966655050057027,0.31450844096770153
2111,0.2149,31,131,31,550740,125704,68553,57703,0.9956279305537955,0.31461721744535376
2112,0.215,24,114,24,550854,125590,68577,57679,0.9947250031681663,0.31472316649296933
2113,0.2151,43,142,43,550996,125448,68620,57636,0.9936003041439615,0.3148063184112211
2114,0.2152,31,128,31,551124,125320,68651,57605,0.9925864909390445,0.3149104824381577
2115,0.2153,30,141,30,551265,125179,68681,57575,0.9914697123305031,0.3150409840550686
2116,0.2154,30,138,30,551403,125041,68711,57545,0.990376694968952,0.315166551652372
2117,0.2155,34,157,34,551560,124884,68745,57511,0.989133189709796,0.31531017845883935
2118,0.2156,31,145,31,551705,124739,68776,57480,0.9879847294386009,0.31544460237406635
2119,0.2157,40,152,40,551857,124587,68816,57440,0.986780826257762,0.3155575821169387
2120,0.2158,34,130,34,551987,124457,68850,57406,0.9857511722215182,0.3156551909954196
2121,0.2159,31,146,31,552133,124311,68881,57375,0.9845947915346598,0.3157920808427727
2122,0.216,45,121,45,552254,124190,68926,57330,0.9836364212393867,0.3158329660643455
2123,0.2161,42,151,42,552405,124039,68968,57288,0.9824404384742111,0.31593750517021735
2124,0.2162,33,123,33,552528,123916,69001,57255,0.9814662273476112,0.31602739952862213
2125,0.2163,22,135,22,552663,123781,69023,57233,0.9803969712330504,0.3161799639806866
2126,0.2164,36,128,36,552791,123653,69059,57197,0.9793831580281334,0.31626762510367706
2127,0.2165,31,134,31,552925,123519,69090,57166,0.9783218223292358,0.3163848686941362
2128,0.2166,28,119,28,553044,123400,69118,57138,0.9773792928652896,0.316487387696773
2129,0.2167,30,135,30,553179,123265,69148,57108,0.9763100367507287,0.31661057918868124
2130,0.2168,38,129,38,553308,123136,69186,57070,0.9752883031301482,0.31669311787620835
2131,0.2169,27,126,27,553434,123010,69213,57043,0.9742903307565581,0.3168122719421504
2132,0.217,28,124,28,553558,122886,69241,57015,0.9733081992142948,0.3169243083696033
2133,0.2171,40,137,40,553695,122749,69281,56975,0.972223102268407,0.3170138657051924
2134,0.2172,44,126,44,553821,122623,69325,56931,0.9712251298948169,0.3170689597558395
2135,0.2173,27,138,27,553959,122485,69352,56904,0.9701321125332657,0.3172100853452553
2136,0.2174,39,122,39,554081,122363,69391,56865,0.9691658218223292,0.31727743432945743
2137,0.2175,27,136,27,554217,122227,69418,56838,0.9680886452921049,0.317415463658448
2138,0.2176,35,132,35,554349,122095,69453,56803,0.9670431504245343,0.31751612650784244
2139,0.2177,45,125,45,554474,121970,69498,56758,0.9660530984666075,0.31756635781746567
2140,0.2178,39,108,39,554582,121862,69537,56719,0.9651976935749588,0.31760937613743906
2141,0.2179,31,123,31,554705,121739,69568,56688,0.9642234824483589,0.31770976365684567
2142,0.218,25,127,25,554832,121612,69593,56663,0.9632175896591053,0.3178404150890478
2143,0.2181,34,119,34,554951,121493,69627,56629,0.9622750601951591,0.3179225474674661
2144,0.2182,39,119,39,555070,121374,69666,56590,0.9613325307312127,0.3179856600211279
2145,0.2183,32,128,32,555198,121246,69698,56558,0.9603187175262958,0.3180918314548604
2146,0.2184,38,153,38,555351,121093,69736,56520,0.9591068939297934,0.318219950116264
2147,0.2185,44,129,44,555480,120964,69780,56476,0.958085160309213,0.31828223624887286
2148,0.2186,35,108,35,555588,120856,69815,56441,0.9572297554175643,0.3183415399019724
2149,0.2187,27,118,27,555706,120738,69842,56414,0.9562951463692815,0.31844969291907516
2150,0.2188,32,105,32,555811,120633,69874,56382,0.955463502724623,0.31851538005253793
2151,0.2189,31,125,31,555936,120508,69905,56351,0.9544734507666962,0.3186210484057922
2152,0.219,42,124,42,556060,120384,69947,56309,0.9534913192244329,0.31868268692025153
2153,0.2191,31,147,31,556207,120237,69978,56278,0.952327018121911,0.31882842817890833
2154,0.2192,35,126,35,556333,120111,70013,56243,0.9513290457483209,0.31892103382968345
2155,0.2193,40,118,40,556451,119993,70053,56203,0.950394436700038,0.3189799995459602
2156,0.2194,25,128,25,556579,119865,70078,56178,0.949380623495121,0.31911521616877697
2157,0.2195,34,103,34,556682,119762,70112,56144,0.9485648206817894,0.3191704660443646
2158,0.2196,35,129,35,556811,119633,70147,56109,0.9475430870612089,0.3192691559217489
2159,0.2197,38,123,38,556934,119510,70185,56071,0.946568875934609,0.31934548726798456
2160,0.2198,33,138,33,557072,119372,70218,56038,0.9454758585730579,0.31946867339376317
2161,0.2199,48,123,48,557195,119249,70266,55990,0.944501647446458,0.3195065025479488
2162,0.22,42,101,42,557296,119148,70308,55948,0.9437016854644532,0.3195275734454242
2163,0.2201,26,116,26,557412,119032,70334,55922,0.9427829172474972,0.3196383049258662
2164,0.2202,38,141,38,557553,118891,70372,55884,0.9416661386389558,0.3197482477471034
2165,0.2203,26,120,26,557673,118771,70398,55858,0.9407156887593461,0.31986668880884617
2166,0.2204,38,136,38,557809,118635,70436,55820,0.9396385122291218,0.31996790003152675
2167,0.2205,29,112,29,557921,118523,70465,55791,0.9387514256748194,0.32006035086108975
2168,0.2206,37,113,37,558034,118410,70502,55754,0.9378564187048536,0.32012356170046624
2169,0.2207,45,120,45,558154,118290,70547,55709,0.9369059688252439,0.32016850671555586
2170,0.2208,40,125,40,558279,118165,70587,55669,0.9359159168673172,0.320242300125407
2171,0.2209,42,114,42,558393,118051,70629,55627,0.935012989481688,0.3202881193933601
2172,0.221,33,121,33,558514,117930,70662,55594,0.9340546191864149,0.32038219497014825
2173,0.2211,38,110,38,558624,117820,70700,55556,0.9331833734634394,0.32043650793650796
2174,0.2212,25,119,25,558743,117701,70725,55531,0.9322408439994931,0.32055855731042765
2175,0.2213,22,118,22,558861,117583,70747,55509,0.9313062349512102,0.3206907309407714
2176,0.2214,36,126,36,558987,117457,70783,55473,0.9303082625776201,0.320782975770543
2177,0.2215,36,138,36,559125,117319,70819,55437,0.9292152452160689,0.32089768228021026
2178,0.2216,28,135,28,559260,117184,70847,55409,0.928145989101508,0.3210385125700347
2179,0.2217,38,115,38,559375,117069,70885,55371,0.9272351413002154,0.32110299234516354
2180,0.2218,37,125,37,559500,116944,70922,55334,0.9262450893422887,0.32119016937740164
2181,0.2219,35,121,35,559621,116823,70957,55299,0.9252867190470155,0.3212779307700352
2182,0.222,33,97,33,559718,116726,70990,55266,0.9245184387276645,0.321328899018559
2183,0.2221,47,126,47,559844,116600,71037,55219,0.9235204663540743,0.3213788929047428
2184,0.2222,32,121,32,559965,116479,71069,55187,0.9225620960588011,0.3214789183647315
2185,0.2223,31,124,31,560089,116355,71100,55156,0.9215799645165378,0.3215887027654203
2186,0.2224,30,126,30,560215,116229,71130,55126,0.9205819921429477,0.3217063989962359
2187,0.2225,32,130,32,560345,116099,71162,55094,0.9195523381067039,0.3218239063513111
2188,0.2226,30,123,30,560468,115976,71192,55064,0.9185781269801039,0.3219363891487371
2189,0.2227,35,135,35,560603,115841,71227,55029,0.917508870865543,0.32205185228536315
2190,0.2228,44,121,44,560724,115720,71271,54985,0.9165505005702699,0.3221053864854574
2191,0.2229,23,135,23,560859,115585,71294,54962,0.915481244455709,0.322268934663172
2192,0.223,23,131,23,560990,115454,71317,54939,0.9144436700038018,0.32242521699835086
2193,0.2231,25,132,25,561122,115322,71342,54914,0.9133981751362311,0.32257571841443644
2194,0.2232,40,135,40,561257,115187,71382,54874,0.9123289190216702,0.32267245282575074
2195,0.2233,37,129,37,561386,115058,71419,54837,0.9113071854010899,0.3227699461432061
2196,0.2234,32,133,32,561519,114925,71451,54805,0.9102537701178558,0.322895186472633
2197,0.2235,30,134,30,561653,114791,71481,54775,0.9091924344189584,0.32303056037177263
2198,0.2236,31,113,31,561766,114678,71512,54744,0.9082974274489926,0.3231221447037575
2199,0.2237,30,92,30,561858,114586,71542,54714,0.9075687492079584,0.32317779090372123
2200,0.2238,28,106,28,561964,114480,71570,54686,0.9067291851476366,0.32326826903751343
2201,0.2239,45,123,45,562087,114357,71615,54641,0.9057549740210367,0.32332335293908804
2202,0.224,23,123,23,562210,114234,71638,54618,0.9047807628944367,0.32346670456968235
2203,0.2241,27,130,27,562340,114104,71665,54591,0.9037511088581929,0.32360769435964315
2204,0.2242,26,114,26,562454,113990,71691,54565,0.9028481814725636,0.32372222716620686
2205,0.2243,32,116,32,562570,113874,71723,54533,0.9019294132556076,0.3238167059564032
2206,0.2244,28,84,28,562654,113790,71751,54505,0.9012640983398809,0.3238658308327639
2207,0.2245,45,119,45,562773,113671,71796,54460,0.9003215688759346,0.3239140907982466
2208,0.2246,25,106,25,562879,113565,71821,54435,0.8994820048156127,0.32401785714285714
2209,0.2247,39,115,39,562994,113450,71860,54396,0.8985711570143201,0.3240827901767096
2210,0.2248,38,154,38,563148,113296,71898,54358,0.8973514130021544,0.32422727760745346
2211,0.2249,36,102,36,563250,113194,71934,54322,0.8965435306044861,0.32427947181164785
2212,0.225,44,122,44,563372,113072,71978,54278,0.8955772398935496,0.324338213325366
2213,0.2251,33,128,33,563500,112944,72011,54245,0.8945634266886326,0.32445316378469874
2214,0.2252,45,126,45,563626,112818,72056,54200,0.8935654543150424,0.3245159204397131
2215,0.2253,32,118,32,563744,112700,72088,54168,0.8926308452667596,0.3246158640362442
2216,0.2254,35,122,35,563866,112578,72123,54133,0.891664554555823,0.32471162670729586
2217,0.2255,29,121,29,563987,112457,72152,54104,0.89070618426055,0.32482994218334427
2218,0.2256,36,122,36,564109,112335,72188,54068,0.8897398935496135,0.3249220266461542
2219,0.2257,38,132,38,564241,112203,72226,54030,0.8886943986820428,0.32502571691541393
2220,0.2258,31,131,31,564372,112072,72257,53999,0.8876568242301356,0.32515610792974087
2221,0.2259,27,99,27,564471,111973,72284,53972,0.8868727030794576,0.32524029045768177
2222,0.226,38,116,38,564587,111857,72322,53934,0.8859539348625016,0.325313195529311
2223,0.2261,24,119,24,564706,111738,72346,53910,0.8850114053985553,0.3254491451753115
2224,0.2262,28,102,28,564808,111636,72374,53882,0.8842035230008871,0.32553559129520654
2225,0.2263,32,116,32,564924,111520,72406,53850,0.8832847547839311,0.32563342807038764
2226,0.2264,36,123,36,565047,111397,72442,53814,0.8823105436573312,0.3257289163554485
2227,0.2265,39,119,39,565166,111278,72481,53775,0.8813680141933848,0.32580443857427616
2228,0.2266,36,122,36,565288,111156,72517,53739,0.8804017234824484,0.32589829891749295
2229,0.2267,25,124,25,565412,111032,72542,53714,0.879419591940185,0.3260412999405145
2230,0.2268,26,115,26,565527,110917,72568,53688,0.8785087441388925,0.326162631754807
2231,0.2269,26,121,26,565648,110796,72594,53662,0.8775503738436193,0.3262960755937686
2232,0.227,32,113,32,565761,110683,72626,53630,0.8766553668736535,0.3263892692604967
2233,0.2271,34,130,34,565891,110553,72660,53596,0.8756257128374098,0.3265082333733376
2234,0.2272,37,143,37,566034,110410,72697,53559,0.8744930933975416,0.32664101141069346
2235,0.2273,35,104,35,566138,110306,72732,53524,0.8736693701685464,0.32670451077336266
2236,0.2274,24,100,24,566238,110206,72756,53500,0.872877328602205,0.32680537060339876
2237,0.2275,23,109,23,566347,110097,72779,53477,0.8720140032948929,0.32692848496704857
2238,0.2276,30,110,30,566457,109987,72809,53447,0.8711427575719174,0.3270249764430902
2239,0.2277,38,108,38,566565,109879,72847,53409,0.8702873526802687,0.3270846602322277
2240,0.2278,34,111,34,566676,109768,72881,53375,0.8694081865416297,0.32716696395187045
2241,0.2279,32,121,32,566797,109647,72913,53343,0.8684498162463566,0.3272777471010491
2242,0.228,38,124,38,566921,109523,72951,53305,0.8674676847040933,0.3273699855061783
2243,0.2281,36,114,36,567035,109409,72987,53269,0.866564757318464,0.3274505464783191
2244,0.2282,32,118,32,567153,109291,73019,53237,0.8656301482701813,0.32755586729671193
2245,0.2283,30,111,30,567264,109180,73049,53207,0.8647509821315422,0.3276555389286088
2246,0.2284,23,101,23,567365,109079,73072,53184,0.8639510201495374,0.32776418530410506
2247,0.2285,38,117,38,567482,108962,73110,53146,0.863024331516918,0.32784316628420557
2248,0.2286,35,113,35,567595,108849,73145,53111,0.8621293245469522,0.3279266485551988
2249,0.2287,42,98,42,567693,108751,73187,53069,0.8613531238119376,0.3279508095414658
2250,0.2288,32,123,32,567816,108628,73219,53037,0.8603789126853377,0.3280672996628831
2251,0.2289,33,126,33,567942,108502,73252,53004,0.8593809403117476,0.328185949747997
2252,0.229,42,118,42,568060,108384,73294,52962,0.8584463312634647,0.3282510877245175
2253,0.2291,24,98,24,568158,108286,73318,52938,0.8576701305284501,0.3283506177740287
2254,0.2292,35,108,35,568266,108178,73353,52903,0.8568147256368014,0.3284248297440418
2255,0.2293,35,108,35,568374,108070,73388,52868,0.8559593207451527,0.32849917359480046
2256,0.2294,40,111,40,568485,107959,73428,52828,0.8550801546065138,0.3285589009061678
2257,0.2295,34,99,34,568584,107860,73462,52794,0.8542960334558357,0.3286192687390292
2258,0.2296,32,88,32,568672,107772,73494,52762,0.8535990368774553,0.32866557863131796
2259,0.2297,33,95,33,568767,107677,73527,52729,0.852846597389431,0.3287221176265227
2260,0.2298,24,129,24,568896,107548,73551,52705,0.8518248637688506,0.3288861986983083
2261,0.2299,30,111,30,569007,107437,73581,52675,0.8509456976302117,0.32898845807934446
2262,0.23,31,102,31,569109,107335,73612,52644,0.8501378152325434,0.32906819019996375
2263,0.2301,45,108,45,569217,107227,73657,52599,0.8492824103408947,0.32910164804224595
2264,0.2302,34,112,34,569329,107115,73691,52565,0.8483953237865923,0.329189629258517
2265,0.2303,35,100,35,569429,107015,73726,52530,0.8476032822202509,0.3292488012786361
2266,0.2304,29,112,29,569541,106903,73755,52501,0.8467161956659486,0.3293581089558606
2267,0.2305,39,118,39,569659,106785,73794,52462,0.8457815866176657,0.3294379171978122
2268,0.2306,32,122,32,569781,106663,73826,52430,0.8448152959067292,0.3295556686969257
2269,0.2307,22,140,22,569921,106523,73848,52408,0.8437064377138512,0.3297531633224481
2270,0.2308,27,127,27,570048,106396,73875,52381,0.8427005449245977,0.3299029456407414
2271,0.2309,29,106,29,570154,106290,73904,52352,0.8418609808642757,0.33000088249013504
2272,0.231,39,125,39,570279,106165,73943,52313,0.840870928906349,0.3300962909678315
2273,0.2311,30,109,30,570388,106056,73973,52283,0.8400076035990369,0.33019660348998037
2274,0.2312,30,131,30,570519,105925,74003,52253,0.8389700291471296,0.33034303126857084
2275,0.2313,32,105,32,570624,105820,74035,52221,0.8381383855024712,0.3304269145348359
2276,0.2314,46,107,46,570731,105713,74081,52175,0.8372909010264858,0.33045576611268745
2277,0.2315,25,89,25,570820,105624,74106,52150,0.836585984032442,0.33053608325833156
2278,0.2316,29,96,29,570916,105528,74135,52121,0.8358256241287543,0.3306142125861883
2279,0.2317,28,113,28,571029,105415,74163,52093,0.8349306171587885,0.3307324072428067
2280,0.2318,36,106,36,571135,105309,74199,52057,0.8340910530984667,0.33080207922931254
2281,0.2319,31,112,31,571247,105197,74230,52026,0.8332039665441643,0.3309057835049579
2282,0.232,28,93,28,571340,105104,74258,51998,0.8324673678874668,0.3309824190653206
2283,0.2321,31,89,31,571429,105015,74289,51967,0.8317624508934229,0.33103795339593073
2284,0.2322,25,111,25,571540,104904,74314,51942,0.8308832847547839,0.3311656019280058
2285,0.2323,29,107,29,571647,104797,74343,51913,0.8300358002787986,0.3312679471635505
2286,0.2324,30,117,30,571764,104680,74373,51883,0.8291091116461792,0.331387364830771
2287,0.2325,32,102,32,571866,104578,74405,51851,0.828301229248511,0.3314666717808079
2288,0.2326,29,96,29,571962,104482,74434,51822,0.8275408693448232,0.33154621762718806
2289,0.2327,30,112,30,572074,104370,74464,51792,0.8266537827905208,0.33165558842740234
2290,0.2328,28,113,28,572187,104257,74492,51764,0.825758775820555,0.3317758506867665
2291,0.2329,29,101,29,572288,104156,74521,51735,0.8249588138385503,0.33186649646227173
2292,0.233,25,110,25,572398,104046,74546,51710,0.8240875681155747,0.33199363106397184
2293,0.2331,18,125,18,572523,103921,74564,51692,0.8230975161576479,0.33218304383309877
2294,0.2332,30,117,30,572640,103804,74594,51662,0.8221708275250285,0.3323041694003834
2295,0.2333,31,115,31,572755,103689,74625,51631,0.8212599797237359,0.3324169456605717
2296,0.2334,31,108,31,572863,103581,74656,51600,0.8204045748320872,0.3325149341736424
2297,0.2335,31,126,31,572989,103455,74687,51569,0.8194066024584971,0.3326517184435958
2298,0.2336,30,111,30,573100,103344,74717,51539,0.818527436319858,0.3327608581961868
2299,0.2337,34,109,34,573209,103235,74751,51505,0.817664111012546,0.33284864934729225
2300,0.2338,33,95,33,573304,103140,74784,51472,0.8169116715245216,0.332910770186014
2301,0.2339,32,117,32,573421,103023,74816,51440,0.8159849828919021,0.33302473731573257
2302,0.234,35,88,35,573509,102935,74851,51405,0.8152879863135217,0.3330633665932357
2303,0.2341,23,126,23,573635,102809,74874,51382,0.8142900139399316,0.33323605139080753
2304,0.2342,33,118,33,573753,102691,74907,51349,0.8133554048916487,0.3333484809140483
2305,0.2343,25,114,25,573867,102577,74932,51324,0.8124524775060196,0.33348711184462737
2306,0.2344,36,119,36,573986,102458,74968,51288,0.8115099480420732,0.3335891665474224
2307,0.2345,34,93,34,574079,102365,75002,51254,0.8107733493853757,0.33364362481203497
2308,0.2346,25,117,25,574196,102248,75027,51229,0.8098466607527564,0.33378942773184256
2309,0.2347,36,114,36,574310,102134,75063,51193,0.8089437333671271,0.3338811820488238
2310,0.2348,38,98,38,574408,102036,75101,51155,0.8081675326321125,0.3339295389415827
2311,0.2349,22,103,22,574511,101933,75123,51133,0.8073517298187809,0.33405851070779924
2312,0.235,39,124,39,574635,101809,75162,51094,0.8063695982765176,0.33415956521454776
2313,0.2351,27,103,27,574738,101706,75189,51067,0.805553795463186,0.3342671807191061
2314,0.2352,23,106,23,574844,101600,75212,51044,0.804714231402864,0.3343989937370614
2315,0.2353,39,93,39,574937,101507,75251,51005,0.8039776327461665,0.3344327003776752
2316,0.2354,29,86,29,575023,101421,75280,50976,0.8032964769991129,0.3344947735191638
2317,0.2355,31,109,31,575132,101312,75311,50945,0.8024331516918007,0.33459873766066583
2318,0.2356,21,100,21,575232,101212,75332,50924,0.8016411101254594,0.33472682336856496
2319,0.2357,35,104,35,575336,101108,75367,50889,0.8008173868964643,0.33480266057882724
2320,0.2358,37,106,37,575442,101002,75404,50852,0.7999778228361425,0.3348742871442306
2321,0.2359,37,106,37,575548,100896,75441,50815,0.7991382587758206,0.334946048737402
2322,0.236,33,95,33,575643,100801,75474,50782,0.7983858192877962,0.3350111819927037
2323,0.2361,41,91,41,575734,100710,75515,50741,0.7976650614624256,0.3350324527404903
2324,0.2362,32,123,32,575857,100587,75547,50709,0.7966908503358257,0.3351641814720812
2325,0.2363,27,125,27,575982,100462,75574,50682,0.7957007983778989,0.3353226062562854
2326,0.2364,35,106,35,576088,100356,75609,50647,0.7948612343175769,0.3354039323722045
2327,0.2365,40,93,40,576181,100263,75649,50607,0.7941246356608794,0.33543448001590775
2328,0.2366,26,90,26,576271,100173,75675,50581,0.7934117982511723,0.33552011886915106
2329,0.2367,37,108,37,576379,100065,75712,50544,0.7925563933595235,0.33559747425452663
2330,0.2368,24,88,24,576467,99977,75736,50520,0.791859396781143,0.33568775457318084
2331,0.2369,26,94,26,576561,99883,75762,50494,0.7911148777087822,0.33578273273173426
2332,0.237,29,93,29,576654,99790,75791,50465,0.7903782790520847,0.33586236730890817
2333,0.2371,31,89,31,576743,99701,75822,50434,0.7896733620580408,0.3359243347653778
2334,0.2372,23,98,23,576841,99603,75845,50411,0.7888971613230262,0.3360419694161878
2335,0.2373,30,101,30,576942,99502,75875,50381,0.7880971993410214,0.3361355190381831
2336,0.2374,28,105,28,577047,99397,75903,50353,0.7872655556963629,0.33624707846410684
2337,0.2375,25,93,25,577140,99304,75928,50328,0.7865289570396654,0.33634516680923865
2338,0.2376,27,102,27,577242,99202,75955,50301,0.7857210746419973,0.3364547868604643
2339,0.2377,41,101,41,577343,99101,75996,50260,0.7849211126599924,0.33650015733692196
2340,0.2378,22,98,22,577441,99003,76018,50238,0.7841449119249778,0.3366233139686815
2341,0.2379,35,99,35,577540,98904,76053,50203,0.7833607907742999,0.33669110102141414
2342,0.238,40,102,40,577642,98802,76093,50163,0.7825529083766316,0.3367435303594804
2343,0.2381,41,105,41,577747,98697,76134,50122,0.7817212647319731,0.33679839267835426
2344,0.2382,32,115,32,577862,98582,76166,50090,0.7808104169306805,0.3369161644425312
2345,0.2383,39,112,39,577974,98470,76205,50051,0.7799233303763782,0.33699611502750454
2346,0.2384,23,83,23,578057,98387,76228,50028,0.7792659358763148,0.3370818313512785
2347,0.2385,27,90,27,578147,98297,76255,50001,0.7785530984666075,0.3371657068874833
2348,0.2386,29,131,29,578278,98166,76284,49972,0.7775155240147003,0.33733410738635594
2349,0.2387,25,107,25,578385,98059,76309,49947,0.776668039538715,0.3374660486737024
2350,0.2388,33,112,33,578497,97947,76342,49914,0.7757809529844126,0.3375738024225455
2351,0.2389,30,96,30,578593,97851,76372,49884,0.7750205930807249,0.33765864554777136
2352,0.239,25,89,25,578682,97762,76397,49859,0.7743156760866811,0.3377500491122537
2353,0.2391,26,106,26,578788,97656,76423,49833,0.7734761120263591,0.3378760449931859
2354,0.2392,28,115,28,578903,97541,76451,49805,0.7725652642250666,0.3380139264045173
2355,0.2393,28,105,28,579008,97436,76479,49777,0.7717336205804081,0.33812910544585056
2356,0.2394,26,111,26,579119,97325,76505,49751,0.7708544544417691,0.33826729038048353
2357,0.2395,32,101,32,579220,97224,76537,49719,0.7700544924597643,0.33835568894060963
2358,0.2396,28,91,28,579311,97133,76565,49691,0.7693337346343936,0.33843921974609054
2359,0.2397,44,106,44,579417,97027,76609,49647,0.7684941705740718,0.33848534845984973
2360,0.2398,31,108,31,579525,96919,76640,49616,0.7676387656824231,0.3385948749445525
2361,0.2399,38,96,38,579621,96823,76678,49578,0.7668784057787352,0.3386452278331432
2362,0.24,30,81,30,579702,96742,76708,49548,0.7662368521099987,0.33869710848314993
2363,0.2401,40,86,40,579788,96656,76748,49508,0.7655556963629452,0.33871541556060314
2364,0.2402,40,115,40,579903,96541,76788,49468,0.7646448485616525,0.33880103281304574
2365,0.2403,33,111,33,580014,96430,76821,49435,0.7637656824230136,0.3389092654166524
2366,0.2404,28,94,28,580108,96336,76849,49407,0.7630211633506526,0.339000843951339
2367,0.2405,29,116,29,580224,96220,76878,49378,0.7621023951336966,0.33913927389112486
2368,0.2406,19,101,19,580325,96119,76897,49359,0.7613024331516918,0.33928841474312266
2369,0.2407,36,99,36,580424,96020,76933,49323,0.7605183120010138,0.3393558685316802
2370,0.2408,24,89,24,580513,95931,76957,49299,0.75981339500697,0.33945465812848585
2371,0.2409,26,90,26,580603,95841,76983,49273,0.7591005575972627,0.33954683903689514
2372,0.241,30,92,30,580695,95749,77013,49243,0.7583718793562286,0.3396256345177665
2373,0.2411,29,99,29,580794,95650,77042,49214,0.7575877582055506,0.3397255356748399
2374,0.2412,29,102,29,580896,95548,77071,49185,0.7567798758078824,0.3398326573759958
2375,0.2413,21,110,21,581006,95438,77092,49164,0.7559086300849068,0.3399952974371032
2376,0.2414,35,92,35,581098,95346,77127,49129,0.7551799518438728,0.34005191209551827
2377,0.2415,25,97,25,581195,95249,77152,49104,0.7544116715245216,0.34016612055170314
2378,0.2416,32,103,32,581298,95146,77184,49072,0.75359586871119,0.3402626579206479
2379,0.2417,30,84,30,581382,95062,77214,49042,0.7529305537954631,0.3403236551379559
2380,0.2418,38,92,38,581474,94970,77252,49004,0.7522018755544291,0.34036701071026715
2381,0.2419,35,100,35,581574,94870,77287,48969,0.7514098339880877,0.340443134337697
2382,0.242,31,103,31,581677,94767,77318,48938,0.7505940311747561,0.34054486621899027
2383,0.2421,30,94,30,581771,94673,77348,48908,0.7498495121023951,0.34063002764989797
2384,0.2422,34,106,34,581877,94567,77382,48874,0.7490099480420732,0.34072545506514873
2385,0.2423,47,98,47,581975,94469,77429,48827,0.7482337473070587,0.3407422398392139
2386,0.2424,22,101,22,582076,94368,77451,48805,0.7474337853250539,0.34088131142044936
2387,0.2425,32,77,32,582153,94291,77483,48773,0.746823913318971,0.34091735167477494
2388,0.2426,30,95,30,582248,94196,77513,48743,0.7460714738309466,0.3410056037890289
2389,0.2427,20,88,20,582336,94108,77533,48723,0.7453744772525662,0.3411234255868824
2390,0.2428,22,93,22,582429,94015,77555,48701,0.7446378785958687,0.3412441492194288
2391,0.2429,33,119,33,582548,93896,77588,48668,0.7436953491319225,0.34137650458741337
2392,0.243,31,100,31,582648,93796,77619,48637,0.7429033075655811,0.34147283284070407
2393,0.2431,27,98,27,582746,93698,77646,48610,0.7421271068305665,0.34158304522584815
2394,0.2432,32,91,32,582837,93607,77678,48578,0.7414063490051958,0.34165347962161974
2395,0.2433,26,93,26,582930,93514,77704,48552,0.7406697503484982,0.3417566483183872
2396,0.2434,28,96,28,583026,93418,77732,48524,0.7399093904448105,0.3418579419763002
2397,0.2435,28,94,28,583120,93324,77760,48496,0.7391648713724496,0.34195459032576503
2398,0.2436,25,105,25,583225,93219,77785,48471,0.7383332277277912,0.3420918907474063
2399,0.2437,24,110,24,583335,93109,77809,48447,0.7374619820048156,0.3422461781909633
2400,0.2438,37,110,37,583445,92999,77846,48410,0.73659073628184,0.342340303658183
2401,0.2439,30,81,30,583526,92918,77876,48380,0.7359491826131035,0.34239691998471317
2402,0.244,36,88,36,583614,92830,77912,48344,0.7352521860347231,0.3424426594132064
2403,0.2441,22,92,22,583706,92738,77934,48322,0.734523507793689,0.34256344817808027
2404,0.2442,36,95,36,583801,92643,77970,48286,0.7337710683056646,0.3426264289110119
2405,0.2443,28,107,28,583908,92536,77998,48258,0.7329235838296794,0.3427560833558248
2406,0.2444,28,81,28,583989,92455,78026,48230,0.7322820301609428,0.3428226179052493
2407,0.2445,23,91,23,584080,92364,78049,48207,0.7315612723355722,0.34293702114945473
2408,0.2446,25,91,25,584171,92273,78074,48182,0.7308405145102015,0.34304225552668116
2409,0.2447,24,114,24,584285,92159,78098,48158,0.7299375871245724,0.3432085919738877
2410,0.2448,33,97,33,584382,92062,78131,48125,0.7291693068052212,0.34329146069179023
2411,0.2449,25,93,25,584475,91969,78156,48100,0.7284327081485237,0.3434021803539684
2412,0.245,28,84,28,584559,91885,78184,48072,0.7277673932327968,0.3434769250555528
2413,0.2451,29,101,29,584660,91784,78213,48043,0.726967431250792,0.34358886338117817
2414,0.2452,30,96,30,584756,91688,78243,48013,0.7262070713471043,0.34368401085174766
2415,0.2453,32,87,32,584843,91601,78275,47981,0.7255179951843873,0.34374776117264405
2416,0.2454,20,95,20,584938,91506,78295,47961,0.7247655556963629,0.3438878014153886
2417,0.2455,30,109,30,585047,91397,78325,47931,0.7239022303890508,0.344015560404226
2418,0.2456,26,91,26,585138,91306,78351,47905,0.7231814725636801,0.34411792171595634
2419,0.2457,24,95,24,585233,91211,78375,47881,0.7224290330756558,0.34423978374025826
2420,0.2458,25,97,25,585330,91114,78400,47856,0.7216607527563047,0.34436209253795785
2421,0.2459,28,102,28,585432,91012,78428,47828,0.7208528703586364,0.34448285796600403
2422,0.246,24,88,24,585520,90924,78452,47804,0.720155873780256,0.344587970705265
2423,0.2461,25,101,25,585621,90823,78477,47779,0.7193559117982512,0.344720855398912
2424,0.2462,40,97,40,585718,90726,78517,47739,0.7185876314789,0.34477304734048314
2425,0.2463,32,92,32,585810,90634,78549,47707,0.717858953237866,0.34485076730687214
2426,0.2464,22,81,22,585891,90553,78571,47685,0.7172173995691293,0.3449485669642211
2427,0.2465,19,89,19,585980,90464,78590,47666,0.7165124825750855,0.34508072105987114
2428,0.2466,29,93,29,586073,90371,78619,47637,0.7157758839183881,0.3451756419917686
2429,0.2467,36,95,36,586168,90276,78655,47601,0.7150234444303637,0.34524249874888485
2430,0.2468,29,80,29,586248,90196,78684,47572,0.7143898111772906,0.34530515068811335
2431,0.2469,23,84,23,586332,90112,78707,47549,0.7137244962615638,0.34540646951569437
2432,0.247,26,93,26,586425,90019,78733,47523,0.7129878976048662,0.3455162786639717
2433,0.2471,17,98,17,586523,89921,78750,47506,0.7122116968698518,0.3456817073791904
2434,0.2472,36,115,36,586638,89806,78786,47470,0.7113008490685592,0.3457997027885428
2435,0.2473,24,74,24,586712,89732,78810,47446,0.7107147383094665,0.3458717870212425
2436,0.2474,26,100,26,586812,89632,78836,47420,0.709922696743125,0.34600005837200476
2437,0.2475,32,118,32,586930,89514,78868,47388,0.7089880876948422,0.3461454178901696
2438,0.2476,37,97,37,587027,89417,78905,47351,0.7082198073754911,0.34621402667290596
2439,0.2477,37,77,37,587104,89340,78942,47314,0.7076099353694082,0.3462320898034452
2440,0.2478,28,117,28,587221,89223,78970,47286,0.7066832467367887,0.3463947432037448
2441,0.2479,26,92,26,587313,89131,78996,47260,0.7059545684957547,0.3465038015704849
2442,0.248,29,85,29,587398,89046,79025,47231,0.7052813331643645,0.346580861040381
2443,0.2481,36,94,36,587492,88952,79061,47195,0.7045368140920035,0.34664737379450156
2444,0.2482,29,79,29,587571,88873,79090,47166,0.7039111012545939,0.3467093995104345
2445,0.2483,29,89,29,587660,88784,79119,47137,0.70320618426055,0.3467970365138573
2446,0.2484,27,67,27,587727,88717,79146,47110,0.7026755164111013,0.34683825748930625
2447,0.2485,33,108,33,587835,88609,79179,47077,0.7018201115194526,0.34695547071916044
2448,0.2486,27,91,27,587926,88518,79206,47050,0.7010993536940818,0.34705830284432904
2449,0.2487,30,101,30,588027,88417,79236,47020,0.700299391712077,0.34717248610054857
2450,0.2488,26,97,26,588124,88320,79262,46994,0.6995311113927258,0.34729591912145086
2451,0.2489,31,93,31,588217,88227,79293,46963,0.6987945127360284,0.3473851616243805
2452,0.249,33,101,33,588318,88126,79326,46930,0.6979945507540236,0.3474854875014809
2453,0.2491,23,92,23,588410,88034,79349,46907,0.6972658725129894,0.34761117821862886
2454,0.2492,36,84,36,588494,87950,79385,46871,0.6966005575972627,0.3476535554550107
2455,0.2493,34,75,34,588569,87875,79419,46837,0.6960065264225066,0.3476824633291763
2456,0.2494,25,93,25,588662,87782,79444,46812,0.6952699277658092,0.3478015364726511
2457,0.2495,19,90,19,588752,87692,79463,46793,0.6945570903561019,0.34794214968212067
2458,0.2496,30,94,30,588846,87598,79493,46763,0.693812571283741,0.3480399818399684
2459,0.2497,28,95,28,588941,87503,79521,46735,0.6930601317957167,0.34815030021305443
2460,0.2498,25,89,25,589030,87414,79546,46710,0.6923552148016728,0.34825981927171873
2461,0.2499,37,117,37,589147,87297,79583,46673,0.6914285261690534,0.3483839665596775
2462,0.25,35,83,35,589230,87214,79618,46638,0.69077113166899,0.34842960882168367
2463,0.2501,27,92,27,589322,87122,79645,46611,0.6900424534279559,0.3485377580701846
2464,0.2502,22,85,22,589407,87037,79667,46589,0.6893692180965657,0.3486522084025564
2465,0.2503,30,87,30,589494,86950,79697,46559,0.6886801419338486,0.3487330442142477
2466,0.2504,15,73,15,589567,86877,79712,46544,0.6881019515904194,0.348850630710308
2467,0.2505,36,89,36,589656,86788,79748,46508,0.6873970345963756,0.34890769415436323
2468,0.2506,46,94,46,589750,86694,79794,46462,0.6866525155240147,0.34892907567064196
2469,0.2507,18,85,18,589835,86609,79812,46444,0.6859792801926246,0.3490639068641819
2470,0.2508,25,70,25,589905,86539,79837,46419,0.6854248510961856,0.3491252876848328
2471,0.2509,24,74,24,589979,86465,79861,46395,0.6848387403370929,0.34920216769531837
2472,0.251,34,91,34,590070,86374,79895,46361,0.6841179825117222,0.34927487098353865
2473,0.2511,25,97,25,590167,86277,79920,46336,0.683349702192371,0.349407674963993
2474,0.2512,26,99,26,590266,86178,79946,46310,0.6825655810416931,0.34954109051385784
2475,0.2513,33,75,33,590341,86103,79979,46277,0.681971549866937,0.34957697537392357
2476,0.2514,33,87,33,590428,86016,80012,46244,0.68128247370422,0.3496446393467413
2477,0.2515,23,88,23,590516,85928,80035,46221,0.6805854771258396,0.3497642812280078
2478,0.2516,28,77,28,590593,85851,80063,46193,0.6799756051197566,0.34983035957711067
2479,0.2517,21,90,21,590683,85761,80084,46172,0.6792627677100495,0.3499655127981627
2480,0.2518,32,93,32,590776,85668,80116,46140,0.678526169053352,0.3500546249089585
2481,0.2519,34,91,34,590867,85577,80150,46106,0.6778054112279812,0.3501287182096398
2482,0.252,21,83,21,590950,85494,80171,46085,0.6771480167279179,0.350245859901656
2483,0.2521,23,90,23,591040,85404,80194,46062,0.6764351793182106,0.35037195928985443
2484,0.2522,32,105,32,591145,85299,80226,46030,0.6756035356735521,0.35049379801871633
2485,0.2523,24,81,24,591226,85218,80250,46006,0.6749619820048156,0.35059135523989515
2486,0.2524,24,81,24,591307,85137,80274,45982,0.6743204283360791,0.3506890687085777
2487,0.2525,28,108,28,591415,85029,80302,45954,0.6734650234444304,0.35083942190971346
2488,0.2526,36,92,36,591507,84937,80338,45918,0.6727363452033963,0.35090749302663254
2489,0.2527,26,75,26,591582,84862,80364,45892,0.6721423140286402,0.35097970234180215
2490,0.2528,23,96,23,591678,84766,80387,45869,0.6713819541249525,0.3511233589773032
2491,0.2529,28,87,28,591765,84679,80415,45841,0.6706928779622354,0.35121820410665033
2492,0.253,32,84,32,591849,84595,80447,45809,0.6700275630465087,0.35128523664918254
2493,0.2531,31,88,31,591937,84507,80478,45778,0.6693305664681283,0.3513681544306712
2494,0.2532,22,71,22,592008,84436,80500,45756,0.6687682169560258,0.3514501659088116
2495,0.2533,26,79,26,592087,84357,80526,45730,0.6681425041186162,0.35153397341778964
2496,0.2534,26,111,26,592198,84246,80552,45704,0.6672633379799772,0.3517045017314352
2497,0.2535,25,86,25,592284,84160,80577,45679,0.6665821822329235,0.3518126294872881
2498,0.2536,34,89,34,592373,84071,80611,45645,0.6658772652388797,0.35188411606895065
2499,0.2537,27,77,27,592450,83994,80638,45618,0.6652673932327968,0.3519581520229608
2500,0.2538,22,90,22,592540,83904,80660,45596,0.6645545558230896,0.3520926640926641
2501,0.2539,29,82,29,592622,83822,80689,45567,0.6639050817386897,0.35217058637132986
2502,0.254,36,80,36,592702,83742,80725,45531,0.6632714484856165,0.35220811770439303
2503,0.2541,29,86,29,592788,83656,80754,45502,0.662590292738563,0.35229718639186114
2504,0.2542,22,85,22,592873,83571,80776,45480,0.6619170574071728,0.35241881116767787
2505,0.2543,37,102,37,592975,83469,80813,45443,0.6611091750095045,0.35251179098920193
2506,0.2544,32,107,32,593082,83362,80845,45411,0.6602616905335192,0.3526437995542544
2507,0.2545,26,75,26,593157,83287,80871,45385,0.6596676593587631,0.3527185401641383
2508,0.2546,22,75,22,593232,83212,80893,45363,0.659073628184007,0.35281353295741785
2509,0.2547,31,95,31,593327,83117,80924,45332,0.6583211886959828,0.35291827884997157
2510,0.2548,28,86,28,593413,83031,80952,45304,0.6576400329489291,0.35301359722601006
2511,0.2549,32,79,32,593492,82952,80984,45272,0.6570143201115195,0.3530696281507362
2512,0.255,36,75,36,593567,82877,81020,45236,0.6564202889367634,0.3530945337319398
2513,0.2551,31,93,31,593660,82784,81051,45205,0.6556836902800659,0.3531944151450515
2514,0.2552,27,79,27,593739,82705,81078,45178,0.6550579774426561,0.35327604138157537
2515,0.2553,34,69,34,593808,82636,81112,45144,0.6545114687618806,0.35329472530912504
2516,0.2554,37,87,37,593895,82549,81149,45107,0.6538223925991636,0.3533480604123582
2517,0.2555,27,98,27,593993,82451,81176,45080,0.653046191864149,0.35348268264186744
2518,0.2556,32,86,32,594079,82365,81208,45048,0.6523650361170954,0.35355889901344445
2519,0.2557,27,90,27,594169,82275,81235,45021,0.6516521987073881,0.35367175716440424
2520,0.2558,28,91,28,594260,82184,81263,44993,0.6509314408820175,0.35378252356951334
2521,0.2559,26,94,26,594354,82090,81289,44967,0.6501869218096565,0.35391202373737773
2522,0.256,29,87,29,594441,82003,81318,44938,0.6494978456469396,0.3540069796204536
2523,0.2561,22,91,22,594532,81912,81340,44916,0.6487770878215688,0.35414892610464566
2524,0.2562,47,120,47,594652,81792,81387,44869,0.6478266379419592,0.35424479516188884
2525,0.2563,18,100,18,594752,81692,81405,44851,0.6470345963756178,0.35443288052282623
2526,0.2564,28,62,28,594814,81630,81433,44823,0.6465435306044861,0.35446371379089464
2527,0.2565,19,94,19,594908,81536,81452,44804,0.6457990115321252,0.3546303625138515
2528,0.2566,22,100,22,595008,81436,81474,44782,0.6450069699657838,0.35479884010204565
2529,0.2567,17,93,17,595101,81343,81491,44765,0.6442703713090863,0.35497351476512196
2530,0.2568,40,91,40,595192,81252,81531,44725,0.6435496134837156,0.35502512363367916
2531,0.2569,26,89,26,595281,81163,81557,44699,0.6428446964896718,0.3551429343248955
2532,0.257,40,82,40,595363,81081,81597,44659,0.6421952224052718,0.35516939716876095
2533,0.2571,28,74,28,595437,81007,81625,44631,0.6416091116461792,0.3552348811665261
2534,0.2572,16,65,16,595502,80942,81641,44615,0.6410942846280573,0.3553366200211856
2535,0.2573,27,64,27,595566,80878,81668,44588,0.6405873780255987,0.35537914654169256
2536,0.2574,32,76,32,595642,80802,81700,44556,0.6399854264351793,0.3554300483415498
2537,0.2575,36,79,36,595721,80723,81736,44520,0.6393597135977697,0.35546896832557506
2538,0.2576,30,89,30,595810,80634,81766,44490,0.6386547966037258,0.3555672772609571
2539,0.2577,35,77,35,595887,80557,81801,44455,0.6380449245976428,0.3556058618372636
2540,0.2578,34,94,34,595981,80463,81835,44421,0.637300405525282,0.35569808782550205
2541,0.2579,12,75,12,596056,80388,81847,44409,0.6367063743505259,0.3558499002379865
2542,0.258,30,90,30,596146,80298,81877,44379,0.6359935369408186,0.35595177939796435
2543,0.2581,29,78,29,596224,80220,81906,44350,0.6353757445190724,0.3560247250541864
2544,0.2582,24,95,24,596319,80125,81930,44326,0.634623305031048,0.3561723087801625
2545,0.2583,14,78,14,596397,80047,81944,44312,0.6340055126093017,0.3563232255003659
2546,0.2584,28,76,28,596473,79971,81972,44284,0.6334035610188823,0.3563961208804475
2547,0.2585,26,100,26,596573,79871,81998,44258,0.6326115194525409,0.35654842945645254
2548,0.2586,29,84,29,596657,79787,82027,44229,0.631946204536814,0.35663946587537093
2549,0.2587,25,84,25,596741,79703,82052,44204,0.6312808896210873,0.35675143454364966
2550,0.2588,27,93,27,596834,79610,82079,44177,0.6305442909643898,0.35687915532325687
2551,0.2589,21,81,21,596915,79529,82100,44156,0.6299027372956533,0.35700367869992317
2552,0.259,26,97,26,597012,79432,82126,44130,0.6291344569763021,0.3571486379307554
2553,0.2591,21,71,21,597083,79361,82147,44109,0.6285721074641997,0.3572446748197943
2554,0.2592,23,94,23,597177,79267,82170,44086,0.6278275883918388,0.35739706371146224
2555,0.2593,22,77,22,597254,79190,82192,44064,0.627217716385756,0.35750563876223085
2556,0.2594,36,96,36,597350,79094,82228,44028,0.6264573564820681,0.3575965302707883
2557,0.2595,39,77,39,597427,79017,82267,43989,0.6258474844759853,0.35761670162431103
2558,0.2596,22,93,22,597520,78924,82289,43967,0.6251108858192878,0.35777233483330756
2559,0.2597,14,69,14,597589,78855,82303,43953,0.6245643771385122,0.3579001367989056
2560,0.2598,24,65,24,597654,78790,82327,43929,0.6240495501203903,0.35796412943391
2561,0.2599,37,93,37,597747,78697,82364,43892,0.6233129514636928,0.3580419124064965
2562,0.26,33,74,33,597821,78623,82397,43859,0.6227268407046002,0.3580852696722784
2563,0.2601,19,93,19,597914,78530,82416,43840,0.6219902420479027,0.35825774291084417
2564,0.2602,28,77,28,597991,78453,82444,43812,0.6213803700418198,0.3583364004416636
2565,0.2603,34,80,34,598071,78373,82478,43778,0.6207467367887467,0.35839248143691005
2566,0.2604,29,96,29,598167,78277,82507,43749,0.619986376885059,0.3585219543376002
2567,0.2605,23,88,23,598255,78189,82530,43726,0.6192893803066785,0.3586597219374154
2568,0.2606,24,96,24,598351,78093,82554,43702,0.6185290204029907,0.35881604335153333
2569,0.2607,34,92,34,598443,78001,82588,43668,0.6178003421619567,0.35890818532247326
2570,0.2608,23,81,23,598524,77920,82611,43645,0.6171587884932201,0.35902603545428374
2571,0.2609,16,67,16,598591,77853,82627,43629,0.6166281206437714,0.3591396256235492
2572,0.261,29,76,29,598667,77777,82656,43600,0.616026169053352,0.35921138271665964
2573,0.2611,32,81,32,598748,77696,82688,43568,0.6153846153846154,0.3592822272067555
2574,0.2612,23,90,23,598838,77606,82711,43545,0.6146717779749081,0.35942749131249435
2575,0.2613,28,76,28,598914,77530,82739,43517,0.6140698263844887,0.3595049856667245
2576,0.2614,22,85,22,598999,77445,82761,43495,0.6133965910530985,0.35964114436910866
2577,0.2615,24,71,24,599070,77374,82785,43471,0.6128342415409961,0.3597252679051678
2578,0.2616,23,90,23,599160,77284,82808,43448,0.6121214041312888,0.35987145081668487
2579,0.2617,21,80,21,599240,77204,82829,43427,0.6114877708782157,0.3599986736411039
2580,0.2618,28,94,28,599334,77110,82857,43399,0.6107432518058548,0.3601307786140454
2581,0.2619,24,74,24,599408,77036,82881,43375,0.6101571410467621,0.3602245642009451
2582,0.262,30,77,30,599485,76959,82911,43345,0.6095472690406792,0.360295584519218
2583,0.2621,25,84,25,599569,76875,82936,43320,0.6088819541249525,0.36041432671908147
2584,0.2622,22,58,22,599627,76817,82958,43298,0.6084225700164745,0.36047121508554303
2585,0.2623,30,73,30,599700,76744,82988,43268,0.6078443796730453,0.36053061360530614
2586,0.2624,33,75,33,599775,76669,83021,43235,0.6072503484982892,0.3605801307712837
2587,0.2625,27,73,27,599848,76596,83048,43208,0.60667215815486,0.36065573770491804
2588,0.2626,26,66,26,599914,76530,83074,43182,0.6061494107210746,0.3607157177225341
2589,0.2627,20,96,20,600010,76434,83094,43162,0.6053890508173869,0.3608983578046088
2590,0.2628,30,93,30,600103,76341,83124,43132,0.6046524521606894,0.36101880759669547
2591,0.2629,18,77,18,600180,76264,83142,43114,0.6040425801546065,0.3611553217510764
2592,0.263,26,79,26,600259,76185,83168,43088,0.6034168673171968,0.3612552715199584
2593,0.2631,21,84,21,600343,76101,83189,43067,0.60275155240147,0.36139735499462944
2594,0.2632,28,90,28,600433,76011,83217,43039,0.6020387149917628,0.36152036959260814
2595,0.2633,24,91,24,600524,75920,83241,43015,0.6013179571663921,0.36166813805860343
2596,0.2634,23,74,23,600598,75846,83264,42992,0.6007318464072995,0.361769804271361
2597,0.2635,28,73,28,600671,75773,83292,42964,0.6001536560638703,0.36184171740906373
2598,0.2636,18,86,18,600757,75687,83310,42946,0.5994725003168166,0.3620071986715332
2599,0.2637,23,79,23,600836,75608,83333,42923,0.5988467874794069,0.362124676245033
2600,0.2638,28,76,28,600912,75532,83361,42895,0.5982448358889875,0.3622062536414838
2601,0.2639,26,55,26,600967,75477,83387,42869,0.5978092130274997,0.36223446504317847
2602,0.264,24,95,24,601062,75382,83411,42845,0.5970567735394754,0.3623960685799352
2603,0.2641,27,86,27,601148,75296,83438,42818,0.5963756177924218,0.36251418121475865
2604,0.2642,26,86,26,601234,75210,83464,42792,0.5956944620453681,0.36263792139116285
2605,0.2643,25,80,25,601314,75130,83489,42767,0.595060828792295,0.3627488400892304
2606,0.2644,35,78,35,601392,75052,83524,42732,0.5944430363705487,0.36279970114786386
2607,0.2645,24,71,24,601463,74981,83548,42708,0.5938806868584463,0.3628886302033325
2608,0.2646,27,80,27,601543,74901,83575,42681,0.5932470536053732,0.3629892330458744
2609,0.2647,30,79,30,601622,74822,83605,42651,0.5926213407679635,0.3630706630459765
2610,0.2648,24,84,24,601706,74738,83629,42627,0.5919560258522367,0.3632002726536872
2611,0.2649,29,70,29,601776,74668,83658,42598,0.5914015967557977,0.3632595978373953
2612,0.265,30,72,30,601848,74596,83688,42568,0.590831326828032,0.363319791062101
2613,0.2651,26,83,26,601931,74513,83714,42542,0.5901739323279686,0.3634359916278672
2614,0.2652,36,85,36,602016,74428,83750,42506,0.5895006969965784,0.36350419894983493
2615,0.2653,28,75,28,602091,74353,83778,42478,0.5889066658218224,0.36358500740385685
2616,0.2654,18,80,18,602171,74273,83796,42460,0.5882730325687492,0.363736047218867
2617,0.2655,23,69,23,602240,74204,83819,42437,0.5877265238879736,0.3638257559520237
2618,0.2656,27,87,27,602327,74117,83846,42410,0.5870374477252566,0.36394998584019156
2619,0.2657,33,72,33,602399,74045,83879,42377,0.5864671777974908,0.3639947776193503
2620,0.2658,23,72,23,602471,73973,83902,42354,0.585896907869725,0.3640943203211636
2621,0.2659,28,62,28,602533,73911,83930,42326,0.5854058420985934,0.3641353441675198
2622,0.266,25,56,25,602589,73855,83955,42301,0.5849622988214421,0.3641740418058473
2623,0.2661,35,76,35,602665,73779,83990,42266,0.5843603472310227,0.3642207764229394
2624,0.2662,22,62,22,602727,73717,84012,42244,0.583869281459891,0.3642948922482559
2625,0.2663,23,93,23,602820,73624,84035,42221,0.5831326828031935,0.3644611334110234
2626,0.2664,26,67,26,602887,73557,84061,42195,0.5826020149537448,0.3645293385859424
2627,0.2665,20,67,20,602954,73490,84081,42175,0.5820713471042961,0.3646306142739809
2628,0.2666,21,76,21,603030,73414,84102,42154,0.5814693955138766,0.3647549494669805
2629,0.2667,28,75,28,603105,73339,84130,42126,0.5808753643391206,0.36483782964534706
2630,0.2668,30,63,30,603168,73276,84160,42096,0.5803763781523255,0.3648718926602642
2631,0.2669,17,60,17,603228,73216,84177,42079,0.5799011532125206,0.36496812524393946
2632,0.267,28,65,28,603293,73151,84205,42051,0.5793863261943987,0.3650197045190188
2633,0.2671,33,67,33,603360,73084,84238,42018,0.5788556583449499,0.3650501294504005
2634,0.2672,27,70,27,603430,73014,84265,41991,0.578301229248511,0.36512325551062996
2635,0.2673,23,84,23,603514,72930,84288,41968,0.5776359143327842,0.36526310292607356
2636,0.2674,25,65,25,603579,72865,84313,41943,0.5771210873146623,0.3653316842031914
2637,0.2675,24,72,24,603651,72793,84337,41919,0.5765508173868965,0.36542820280354277
2638,0.2676,23,78,23,603729,72715,84360,41896,0.5759330249651502,0.3655495545802759
2639,0.2677,18,77,18,603806,72638,84378,41878,0.5753231529590673,0.3656956233190122
2640,0.2678,29,68,29,603874,72570,84407,41849,0.5747845646939551,0.3657521915066554
2641,0.2679,28,77,28,603951,72493,84435,41821,0.5741746926878722,0.36584320380705776
2642,0.268,38,76,38,604027,72417,84473,41783,0.5735727410974528,0.3658756567425569
2643,0.2681,31,85,31,604112,72332,84504,41752,0.5728995057660626,0.3659759475474212
2644,0.2682,27,75,27,604187,72257,84531,41725,0.5723054745913065,0.36606657191486375
2645,0.2683,23,78,23,604265,72179,84554,41702,0.5716876821695602,0.36618926774439986
2646,0.2684,23,77,23,604342,72102,84577,41679,0.5710778101634774,0.36630896195322593
2647,0.2685,27,75,27,604417,72027,84604,41652,0.5704837789887214,0.3664001266724725
2648,0.2686,32,70,32,604487,71957,84636,41620,0.5699293498922824,0.3664474321385492
2649,0.2687,31,93,31,604580,71864,84667,41589,0.5691927512355849,0.3665747049438975
2650,0.2688,15,57,15,604637,71807,84682,41574,0.5687412875427702,0.3666751924925693
2651,0.2689,22,61,22,604698,71746,84704,41552,0.568258142187302,0.3667496337093329
2652,0.269,28,73,28,604771,71673,84732,41524,0.5676799518438728,0.3668295096159792
2653,0.2691,29,75,29,604846,71598,84761,41495,0.5670859206691167,0.3669104188588153
2654,0.2692,31,77,31,604923,71521,84792,41464,0.5664760486630338,0.3669867681550648
2655,0.2693,25,80,25,605003,71441,84817,41439,0.5658424154099607,0.3671066619418852
2656,0.2694,22,79,22,605082,71362,84839,41417,0.565216702572551,0.3672403550306351
2657,0.2695,32,89,32,605171,71273,84871,41385,0.5645117855785071,0.3673507429565588
2658,0.2696,19,66,19,605237,71207,84890,41366,0.5639890381447218,0.3674593374965578
2659,0.2697,22,80,22,605317,71127,84912,41344,0.5633554048916487,0.3675969805549875
2660,0.2698,21,77,21,605394,71050,84933,41323,0.5627455328855658,0.3677306826372883
2661,0.2699,26,80,26,605474,70970,84959,41297,0.5621118996324928,0.3678462949931859
2662,0.27,20,60,20,605534,70910,84979,41277,0.5616366746926879,0.3679303306087158
2663,0.2701,24,77,24,605611,70833,85003,41253,0.561026802686605,0.3680477490498367
2664,0.2702,24,47,24,605658,70786,85027,41229,0.5606545431504245,0.36806677677096816
2665,0.2703,31,58,31,605716,70728,85058,41198,0.5601951590419465,0.3680824830691707
2666,0.2704,24,64,24,605780,70664,85082,41174,0.559688252439488,0.3681575135463796
2667,0.2705,24,53,24,605833,70611,85106,41150,0.559268470409327,0.36819641914442425
2668,0.2706,28,64,28,605897,70547,85134,41122,0.5587615638068686,0.36824902166223394
2669,0.2707,30,74,30,605971,70473,85164,41092,0.5581754530477759,0.3683233989154305
2670,0.2708,28,59,28,606030,70414,85192,41064,0.5577081485236345,0.3683596763486966
2671,0.2709,21,61,21,606091,70353,85213,41043,0.5572250031681663,0.3684423139071421
2672,0.271,26,93,26,606184,70260,85239,41017,0.5564884045114687,0.36860267620442677
2673,0.2711,19,71,19,606255,70189,85258,40998,0.5559260549993663,0.36873015730256237
2674,0.2712,26,80,26,606335,70109,85284,40972,0.5552924217462932,0.3688479577965629
2675,0.2713,25,74,25,606409,70035,85309,40947,0.5547063109872006,0.3689517219008488
2676,0.2714,19,76,19,606485,69959,85328,40928,0.5541043593967812,0.36909646757509895
2677,0.2715,27,76,27,606561,69883,85355,40901,0.5535024078063617,0.3691959127671866
2678,0.2716,20,71,20,606632,69812,85375,40881,0.5529400582942593,0.3693187464428645
2679,0.2717,29,72,29,606704,69740,85404,40852,0.5523697883664934,0.36939380787037035
2680,0.2718,19,61,19,606765,69679,85423,40833,0.5518866430110252,0.3694892862313595
2681,0.2719,20,72,20,606837,69607,85443,40813,0.5513163730832594,0.3696160115921029
2682,0.272,25,74,25,606911,69533,85468,40788,0.5507302623241668,0.36972108664714787
2683,0.2721,32,61,32,606972,69472,85500,40756,0.5502471169686985,0.3697427150996117
2684,0.2722,22,74,22,607046,69398,85522,40734,0.5496610062096059,0.36986525260596376
2685,0.2723,28,74,28,607120,69324,85550,40706,0.5490748954505132,0.36995364900481686
2686,0.2724,26,68,26,607188,69256,85576,40680,0.5485363071854011,0.37003347402124875
2687,0.2725,20,63,20,607251,69193,85596,40660,0.548037320998606,0.37013099323641596
2688,0.2726,26,60,26,607311,69133,85622,40634,0.5475620960588011,0.37018411726657374
2689,0.2727,31,92,31,607403,69041,85653,40603,0.5468334178177671,0.370316661194411
2690,0.2728,15,62,15,607465,68979,85668,40588,0.5463423520466354,0.3704400047459545
2691,0.2729,23,56,23,607521,68923,85691,40565,0.5458988087694843,0.3704972234400117
2692,0.273,20,63,20,607584,68860,85711,40545,0.5453998225826892,0.3705954938074128
2693,0.2731,29,54,29,607638,68806,85740,40516,0.5449721201368648,0.37061158778653885
2694,0.2732,22,67,22,607705,68739,85762,40494,0.544441452287416,0.37071214742797504
2695,0.2733,20,83,20,607788,68656,85782,40474,0.5437840577873527,0.3708787684413085
2696,0.2734,33,64,33,607852,68592,85815,40441,0.5432771511848942,0.37090605596470794
2697,0.2735,35,54,35,607906,68538,85850,40406,0.5428494487390698,0.3708877955646938
2698,0.2736,20,73,20,607979,68465,85870,40386,0.5422712583956406,0.3710209368770154
2699,0.2737,26,71,26,608050,68394,85896,40360,0.5417089088835382,0.371112786656123
2700,0.2738,26,74,26,608124,68320,85922,40334,0.5411227981244455,0.3712150496070094
2701,0.2739,25,71,25,608195,68249,85947,40309,0.5405604486123432,0.37131303082223327
2702,0.274,23,77,23,608272,68172,85970,40286,0.5399505766062603,0.3714433236829003
2703,0.2741,31,60,31,608332,68112,86001,40255,0.5394753516664554,0.3714691741950963
2704,0.2742,27,78,27,608410,68034,86028,40228,0.5388575592447091,0.3715800557905821
2705,0.2743,19,68,19,608478,67966,86047,40209,0.538318970979597,0.3717032586087358
2706,0.2744,26,55,26,608533,67911,86073,40183,0.5378833481181092,0.37174126223472165
2707,0.2745,26,66,26,608599,67845,86099,40157,0.5373606006843239,0.37181718857058205
2708,0.2746,25,81,25,608680,67764,86124,40132,0.5367190470155874,0.37195076740564986
2709,0.2747,27,78,27,608758,67686,86151,40105,0.5361012545938411,0.37206260262916196
2710,0.2748,22,56,22,608814,67630,86173,40083,0.5356577113166899,0.3721277840186421
2711,0.2749,32,68,32,608882,67562,86205,40051,0.5351191230515777,0.3721762240621486
2712,0.275,30,74,30,608956,67488,86235,40021,0.5345330122924851,0.3722572063734199
2713,0.2751,27,70,27,609026,67418,86262,39994,0.5339785831960461,0.3723420102037016
2714,0.2752,32,69,32,609095,67349,86294,39962,0.5334320745152705,0.3723942559476661
2715,0.2753,30,62,30,609157,67287,86324,39932,0.5329410087441389,0.37243399024426643
2716,0.2754,22,71,22,609228,67216,86346,39910,0.5323786592320365,0.37255194817317927
2717,0.2755,35,49,35,609277,67167,86381,39875,0.5319905588645292,0.37251732964630707
2718,0.2756,32,63,32,609340,67104,86413,39843,0.5314915726777342,0.37254901960784315
2719,0.2757,24,62,24,609402,67042,86437,39819,0.5310005069066025,0.3726242501941775
2720,0.2758,28,89,28,609491,66953,86465,39791,0.5302955899125587,0.3727703664842989
2721,0.2759,27,69,27,609560,66884,86492,39764,0.529749081231783,0.37285274923111544
2722,0.276,32,60,32,609620,66824,86524,39732,0.5292738562919782,0.3728743571455385
2723,0.2761,23,84,23,609704,66740,86547,39709,0.5286085413762515,0.37303309566083287
2724,0.2762,19,61,19,609765,66679,86566,39690,0.5281253960207831,0.3731350299429345
2725,0.2763,21,47,21,609812,66632,86587,39669,0.5277531364846028,0.37317616955626004
2726,0.2764,24,55,24,609867,66577,86611,39645,0.527317513623115,0.3732277682589294
2727,0.2765,24,53,24,609920,66524,86635,39621,0.5268977315929539,0.3732724103820246
2728,0.2766,22,76,22,609996,66448,86657,39599,0.5262957800025345,0.37340990315614775
2729,0.2767,23,67,23,610063,66381,86680,39576,0.5257651121530857,0.37351000877714546
2730,0.2768,25,61,25,610124,66320,86705,39551,0.5252819667976175,0.373577278008142
2731,0.2769,27,72,27,610196,66248,86732,39524,0.5247116968698518,0.373671671141701
2732,0.277,24,72,24,610268,66176,86756,39500,0.5241414269420859,0.3737840190771793
2733,0.2771,20,60,20,610328,66116,86776,39480,0.5236662020022811,0.3738777984014546
2734,0.2772,25,67,25,610395,66049,86801,39455,0.5231355341528323,0.3739668638155899
2735,0.2773,29,58,29,610453,65991,86830,39426,0.5226761500443543,0.3740003984177125
2736,0.2774,20,80,20,610533,65911,86850,39406,0.5220425167912812,0.37416561428829154
2737,0.2775,28,62,28,610595,65849,86878,39378,0.5215514510201495,0.374219544413506
2738,0.2776,19,57,19,610652,65792,86897,39359,0.521099987327335,0.37430932658747895
2739,0.2777,30,78,30,610730,65714,86927,39329,0.5204821949055887,0.374408575535733
2740,0.2778,20,58,20,610788,65656,86947,39309,0.5200228107971107,0.37449626065831465
2741,0.2779,27,91,27,610879,65565,86974,39282,0.5193020529717399,0.3746602191765144
2742,0.278,30,77,30,610956,65488,87004,39252,0.5186921809656571,0.37475654000381897
2743,0.2781,30,57,30,611013,65431,87034,39222,0.5182407172728425,0.37478142050395113
2744,0.2782,23,72,23,611085,65359,87057,39199,0.5176704473450767,0.37490196828554484
2745,0.2783,23,73,23,611158,65286,87080,39176,0.5170922570016474,0.3750263253623327
2746,0.2784,22,60,22,611218,65226,87102,39154,0.5166170320618426,0.3751101743629048
2747,0.2785,28,58,28,611276,65168,87130,39126,0.5161576479533646,0.37515101539877654
2748,0.2786,19,64,19,611340,65104,87149,39107,0.515650741350906,0.3752674861578912
2749,0.2787,24,59,24,611399,65045,87173,39083,0.5151834368267647,0.37533612476951445
2750,0.2788,28,50,28,611449,64995,87201,39055,0.514787416043594,0.37534839019702065
2751,0.2789,31,68,31,611517,64927,87232,39024,0.5142488277784818,0.3754076439861088
2752,0.279,19,70,19,611587,64857,87251,39005,0.5136943986820428,0.37554639810517804
2753,0.2791,18,64,18,611651,64793,87269,38987,0.5131874920795844,0.37566968587396415
2754,0.2792,26,70,26,611721,64723,87295,38961,0.5126330629831454,0.37576675282589406
2755,0.2793,23,83,23,611804,64640,87318,38938,0.511975668483082,0.3759292513854293
2756,0.2794,20,68,20,611872,64572,87338,38918,0.5114370802179699,0.37605565755145426
2757,0.2795,21,71,21,611943,64501,87359,38897,0.5108747307058674,0.37618716029323584
2758,0.2796,17,52,17,611995,64449,87376,38880,0.51046286909137,0.3762738437418343
2759,0.2797,20,75,20,612070,64374,87396,38860,0.5098688379166139,0.37642637115678945
2760,0.2798,32,64,32,612134,64310,87428,38828,0.5093619313141554,0.37646648180108205
2761,0.2799,17,68,17,612202,64242,87445,38811,0.5088233430490432,0.37661203458414605
2762,0.28,19,77,19,612279,64165,87464,38792,0.5082134710429603,0.3767786551667201
2763,0.2801,19,69,19,612348,64096,87483,38773,0.5076669623621848,0.3769162721519603
2764,0.2802,17,51,17,612399,64045,87500,38756,0.5072630211633506,0.37700022373323216
2765,0.2803,24,68,24,612467,63977,87524,38732,0.5067244328982385,0.3771042459764967
2766,0.2804,17,60,17,612527,63917,87541,38715,0.5062492079584336,0.3772215293475719
2767,0.2805,21,54,21,612581,63863,87562,38694,0.5058215055126093,0.37729262751445536
2768,0.2806,22,70,22,612651,63793,87584,38672,0.5052670764161703,0.3774166788659542
2769,0.2807,20,73,20,612724,63720,87604,38652,0.5046888860727411,0.3775641777048412
2770,0.2808,25,51,25,612775,63669,87629,38627,0.504284944873907,0.3776002971768202
2771,0.2809,14,59,14,612834,63610,87643,38613,0.5038176403497655,0.37773299550981676
2772,0.281,22,85,22,612919,63525,87665,38591,0.5031444050183753,0.37791335344118454
2773,0.2811,19,64,19,612983,63461,87684,38572,0.5026374984159169,0.37803455744710046
2774,0.2812,19,74,19,613057,63387,87703,38553,0.5020513876568242,0.37819305473808124
2775,0.2813,17,57,17,613114,63330,87720,38536,0.5015999239640097,0.3783009051106355
2776,0.2814,28,57,28,613171,63273,87748,38508,0.5011484602711951,0.378341733722404
2777,0.2815,27,72,27,613243,63201,87775,38481,0.5005781903434292,0.37844456245943237
2778,0.2816,30,53,30,613296,63148,87805,38451,0.5001584083132683,0.37845844939418694
2779,0.2817,24,53,24,613349,63095,87829,38427,0.49973862628310733,0.3785090916254605
2780,0.2818,16,59,16,613408,63036,87845,38411,0.49927132175896594,0.3786312064427731
2781,0.2819,37,67,37,613475,62969,87882,38374,0.49874065390951716,0.3786546678112943
2782,0.282,34,66,34,613541,62903,87916,38340,0.49821790647573183,0.3786928479005956
2783,0.2821,21,72,21,613613,62831,87937,38319,0.497647636547966,0.37883341571922885
2784,0.2822,29,55,29,613668,62776,87966,38290,0.49721201368647827,0.37886133813547584
2785,0.2823,22,63,22,613731,62713,87988,38268,0.49671302749968316,0.3789623790614076
2786,0.2824,21,68,21,613799,62645,88009,38247,0.49617443923457105,0.379088530309638
2787,0.2825,22,55,22,613854,62590,88031,38225,0.49573881637308326,0.3791598472449536
2788,0.2826,19,46,19,613900,62544,88050,38206,0.4953744772525662,0.3792158808933003
2789,0.2827,22,50,22,613950,62494,88072,38184,0.49497845646939553,0.3792685591688353
2790,0.2828,24,68,24,614018,62426,88096,38160,0.4944398682042834,0.3793768516493349
2791,0.2829,22,56,22,614074,62370,88118,38138,0.4939963249271322,0.3794523818999483
2792,0.283,18,70,18,614144,62300,88136,38120,0.4934418958306932,0.3796056562437761
2793,0.2831,29,54,29,614198,62246,88165,38091,0.49301419338486885,0.3796306447272691
2794,0.2832,29,75,29,614273,62171,88194,38062,0.4924201622101128,0.3797352169445193
2795,0.2833,20,66,20,614339,62105,88214,38042,0.4918974147763275,0.3798616034429389
2796,0.2834,18,67,18,614406,62038,88232,38024,0.4913667469268787,0.3800043972736903
2797,0.2835,24,71,24,614477,61967,88256,38000,0.49080439741477633,0.38012544139566057
2798,0.2836,20,69,20,614546,61898,88276,37980,0.4902578887340008,0.3802639219848215
2799,0.2837,26,54,26,614600,61844,88302,37954,0.48983018628817643,0.3803082226096715
2800,0.2838,21,55,21,614655,61789,88323,37933,0.48939456342668863,0.38038747718657867
2801,0.2839,23,57,23,614712,61732,88346,37910,0.488943099733874,0.38046205415387085
2802,0.284,23,66,23,614778,61666,88369,37887,0.48842035230008873,0.38057115305415207
2803,0.2841,21,60,21,614838,61606,88390,37866,0.4879451273602839,0.3806699372687792
2804,0.2842,19,61,19,614899,61545,88409,37847,0.4874619820048156,0.38078517385705085
2805,0.2843,24,69,24,614968,61476,88433,37823,0.48691547332404006,0.3809001097694841
2806,0.2844,23,78,23,615046,61398,88456,37800,0.48629768090229375,0.38105606967882416
2807,0.2845,16,60,16,615106,61338,88472,37784,0.4858224559624889,0.3811868202820766
2808,0.2846,16,56,16,615162,61282,88488,37768,0.4853789126853377,0.38130237253912164
2809,0.2847,28,50,28,615212,61232,88516,37740,0.48498289190216703,0.381319969284242
2810,0.2848,21,72,21,615284,61160,88537,37719,0.4844126219744012,0.3814662365112916
2811,0.2849,34,54,34,615338,61106,88571,37685,0.48398491952857686,0.3814618740573534
2812,0.285,20,55,20,615393,61051,88591,37665,0.48354929666708907,0.381549090319705
2813,0.2851,29,57,29,615450,60994,88620,37636,0.4830978329742745,0.3815877522052114
2814,0.2852,21,69,21,615519,60925,88641,37615,0.4825513242934989,0.38172315810838237
2815,0.2853,32,57,32,615576,60868,88673,37583,0.4820998606006843,0.3817432022021107
2816,0.2854,19,53,19,615629,60815,88692,37564,0.48168007857052336,0.3818294554732209
2817,0.2855,30,66,30,615695,60749,88722,37534,0.48115733113673803,0.3818971744859233
2818,0.2856,17,59,17,615754,60690,88739,37517,0.48069002661259663,0.38201961163664505
2819,0.2857,18,57,18,615811,60633,88757,37499,0.480238562919782,0.3821281539151347
2820,0.2858,25,41,25,615852,60592,88782,37474,0.4799138258775821,0.38213040197418063
2821,0.2859,12,43,12,615895,60549,88794,37462,0.47957324800405526,0.38222240360775833
2822,0.286,21,54,21,615949,60495,88815,37441,0.4791455455582309,0.38230068616239177
2823,0.2861,23,56,23,616005,60439,88838,37418,0.47870200228107973,0.38237428083836617
2824,0.2862,13,62,13,616067,60377,88851,37405,0.47821093650994806,0.38253461782332127
2825,0.2863,24,56,24,616123,60321,88875,37381,0.4777673932327969,0.3826021985220364
2826,0.2864,19,61,19,616184,60260,88894,37362,0.4772842478773286,0.38272110794697917
2827,0.2865,30,54,30,616238,60206,88924,37332,0.47685654543150424,0.38274313600853
2828,0.2866,25,70,25,616308,60136,88949,37307,0.47630211633506525,0.38285972312018307
2829,0.2867,21,65,21,616373,60071,88970,37286,0.47578728931694336,0.3829822200766252
2830,0.2868,26,57,26,616430,60014,88996,37260,0.47533582562412874,0.3830417172111767
2831,0.2869,23,56,23,616486,59958,89019,37237,0.47489228234697756,0.3831164154534698
2832,0.287,27,54,27,616540,59904,89046,37210,0.4744645799011532,0.3831579380933748
2833,0.2871,28,60,28,616600,59844,89074,37182,0.47398935496134836,0.3832168697050275
2834,0.2872,21,68,21,616668,59776,89095,37161,0.4734507666962362,0.38335207402746113
2835,0.2873,25,66,25,616734,59710,89120,37136,0.47292801926245087,0.38345414369204717
2836,0.2874,19,68,19,616802,59642,89139,37117,0.47238943099733877,0.38360255893508616
2837,0.2875,26,50,26,616852,59592,89165,37091,0.471993410214168,0.38363517888356796
2838,0.2876,19,59,19,616911,59533,89184,37072,0.4715261056900266,0.38374825319600436
2839,0.2877,21,66,21,616977,59467,89205,37051,0.4710033582562413,0.3838765826063532
2840,0.2878,26,66,26,617043,59401,89231,37025,0.47048061082245596,0.38397320224835624
2841,0.2879,24,44,24,617087,59357,89255,37001,0.47013211253326576,0.3839951016002823
2842,0.288,32,64,32,617151,59293,89287,36969,0.46962520593080725,0.38404562548045956
2843,0.2881,22,65,22,617216,59228,89309,36947,0.4691103789126853,0.38416428385755136
2844,0.2882,18,75,18,617291,59153,89327,36929,0.4685163477379293,0.3843487854124602
2845,0.2883,23,63,23,617354,59090,89350,36906,0.4680173615511342,0.3844535188966207
2846,0.2884,27,60,27,617414,59030,89377,36879,0.4675421366113294,0.3845207436215579
2847,0.2885,25,59,25,617473,58971,89402,36854,0.4670748320871879,0.3845969214714323
2848,0.2886,20,42,20,617515,58929,89422,36834,0.46674217462932455,0.38463707277340936
2849,0.2887,18,53,18,617568,58876,89440,36816,0.4663223925991636,0.3847343560590227
2850,0.2888,19,50,19,617618,58826,89459,36797,0.4659263718159929,0.38481327714043695
2851,0.2889,17,58,17,617676,58768,89476,36780,0.4654669877075149,0.3849374136559635
2852,0.289,24,75,24,617751,58693,89500,36756,0.46487295653275884,0.38508522876090895
2853,0.2891,21,54,21,617805,58639,89521,36735,0.4644452540869345,0.3851678654559943
2854,0.2892,28,61,28,617866,58578,89549,36707,0.4639621087314662,0.3852337723671092
2855,0.2893,20,65,20,617931,58513,89569,36687,0.4634472817133443,0.38536764705882354
2856,0.2894,22,55,22,617986,58458,89591,36665,0.4630116588518565,0.38544831428781684
2857,0.2895,22,64,22,618050,58394,89613,36643,0.462504752249398,0.3855656218104528
2858,0.2896,19,56,19,618106,58338,89632,36624,0.46206120897224684,0.38567005749668287
2859,0.2897,25,67,25,618173,58271,89657,36599,0.4615305411227981,0.3857805417940339
2860,0.2898,22,61,22,618234,58210,89679,36577,0.4610473957673299,0.3858862502241869
2861,0.2899,13,44,13,618278,58166,89692,36564,0.46069889747813964,0.38598120975403777
2862,0.29,25,54,25,618332,58112,89717,36539,0.4602711950323153,0.38603923888812586
2863,0.2901,24,57,24,618389,58055,89741,36515,0.4598197313395007,0.38611610447287725
2864,0.2902,26,56,26,618445,57999,89767,36489,0.45937618806234953,0.3861760223520447
2865,0.2903,23,41,23,618486,57958,89790,36466,0.45905145102014955,0.3861941879183258
2866,0.2904,19,48,19,618534,57910,89809,36447,0.4586712710683057,0.38626704960946195
2867,0.2905,23,61,23,618595,57849,89832,36424,0.4581881257128374,0.3863672525537535
2868,0.2906,20,49,20,618644,57800,89852,36404,0.4578000253453301,0.3864379431871258
2869,0.2907,27,75,27,618719,57725,89879,36377,0.45720599417057406,0.38656989224458566
2870,0.2908,27,63,27,618782,57662,89906,36350,0.456707007983779,0.3866527677317789
2871,0.2909,29,64,29,618846,57598,89935,36321,0.4562001013813205,0.3867268603796889
2872,0.291,27,61,27,618907,57537,89962,36294,0.4557169560258522,0.3868018032419989
2873,0.2911,16,61,16,618968,57476,89978,36278,0.455233810670384,0.38694882351686327
2874,0.2912,21,69,21,619037,57407,89999,36257,0.45468730198960844,0.3870964297915955
2875,0.2913,19,54,19,619091,57353,90018,36238,0.45425959954378403,0.38719534998023314
2876,0.2914,19,51,19,619142,57302,90037,36219,0.45385565834494995,0.3872820008340373
2877,0.2915,29,64,29,619206,57238,90066,36190,0.45334875174249145,0.38735710921779337
2878,0.2916,24,67,24,619273,57171,90090,36166,0.45281808389304273,0.387477634807204
2879,0.2917,17,59,17,619332,57112,90107,36149,0.4523507793689013,0.3876111128982104
2880,0.2918,21,49,21,619381,57063,90128,36128,0.451962679001394,0.38767692159114076
2881,0.2919,19,53,19,619434,57010,90147,36109,0.45154289697123307,0.38777263501541037
2882,0.292,33,50,33,619484,56960,90180,36076,0.4511468761880624,0.3877638763489402
2883,0.2921,17,45,17,619529,56915,90197,36059,0.45079045748320873,0.38783961107406373
2884,0.2922,22,57,22,619586,56858,90219,36037,0.4503389937903941,0.3879326120889176
2885,0.2923,17,49,17,619635,56809,90236,36020,0.44995089342288686,0.38802529381981926
2886,0.2924,19,71,19,619706,56738,90255,36001,0.4493885439107844,0.38819698293059013
2887,0.2925,18,59,18,619765,56679,90273,35983,0.448921239386643,0.3883253113466146
2888,0.2926,19,70,19,619835,56609,90292,35964,0.44836681029020403,0.3884934052045413
2889,0.2927,24,68,24,619903,56541,90316,35940,0.44782822202509187,0.38862036526421645
2890,0.2928,25,57,25,619960,56484,90341,35915,0.4473767583322773,0.3886946828428879
2891,0.2929,28,44,28,620004,56440,90369,35887,0.44702826004308704,0.38869453139385013
2892,0.293,17,72,17,620076,56368,90386,35870,0.4464579901153213,0.3888852750493289
2893,0.2931,11,56,11,620132,56312,90397,35859,0.44601444683817004,0.3890486161590956
2894,0.2932,27,78,27,620210,56234,90424,35832,0.4453966544164238,0.3891990528533878
2895,0.2933,30,44,30,620254,56190,90454,35802,0.44504815612723353,0.3891860161753196
2896,0.2934,14,50,14,620304,56140,90468,35788,0.44465213534406284,0.389304673222522
2897,0.2935,31,52,31,620356,56088,90499,35757,0.4442402737295653,0.3893189612934836
2898,0.2936,14,57,14,620413,56031,90513,35743,0.44378881003675075,0.3894676052040883
2899,0.2937,17,47,17,620460,55984,90530,35726,0.4434165505005703,0.3895540290044706
2900,0.2938,24,57,24,620517,55927,90554,35702,0.44296508680775565,0.38963646880354474
2901,0.2939,17,45,17,620562,55882,90571,35685,0.44260866810290206,0.38971463518516497
2902,0.294,23,51,23,620613,55831,90594,35662,0.4422047269040679,0.3897784529964041
2903,0.2941,18,69,18,620682,55762,90612,35644,0.4416582182232924,0.38995251952825855
2904,0.2942,22,66,22,620748,55696,90634,35622,0.44113547078950704,0.3900873869335728
2905,0.2943,16,51,16,620799,55645,90650,35606,0.4407315295906729,0.3901984635784813
2906,0.2944,25,62,25,620861,55583,90675,35581,0.44024046381954124,0.39029660831029794
2907,0.2945,26,66,26,620927,55517,90701,35555,0.4397177163857559,0.39040539353478565
2908,0.2946,18,45,18,620972,55472,90719,35537,0.4393612976809023,0.3904778648265556
2909,0.2947,20,51,20,621023,55421,90739,35517,0.4389573564820682,0.3905628010292727
2910,0.2948,17,62,17,621085,55359,90756,35500,0.4384662907109365,0.390715284121551
2911,0.2949,23,51,23,621136,55308,90779,35477,0.4380623495121024,0.3907804152668392
2912,0.295,13,51,13,621187,55257,90792,35464,0.4376584083132683,0.39091279858026257
2913,0.2951,27,46,27,621233,55211,90819,35437,0.4372940691927512,0.39092975024269705
2914,0.2952,24,62,24,621295,55149,90843,35413,0.43680300342161954,0.3910359753539012
2915,0.2953,17,53,17,621348,55096,90860,35396,0.43638322139145863,0.3911505989479733
2916,0.2954,16,48,16,621396,55048,90876,35380,0.43600304143961477,0.39125049763347636
2917,0.2955,18,41,18,621437,55007,90894,35362,0.4356783043974148,0.3913067534220806
2918,0.2956,23,56,23,621493,54951,90917,35339,0.4352347611202636,0.39139439583564073
2919,0.2957,17,60,17,621553,54891,90934,35322,0.43475953618045876,0.39154002194805626
2920,0.2958,15,68,15,621621,54823,90949,35307,0.4342209479153466,0.3917341617663375
2921,0.2959,29,59,29,621680,54764,90978,35278,0.43375364339120515,0.3917949401390462
2922,0.296,25,78,25,621758,54686,91003,35253,0.4331358509694589,0.3919656656178076
2923,0.2961,21,43,21,621801,54643,91024,35232,0.4327952730959321,0.3920111265646732
2924,0.2962,24,56,24,621857,54587,91048,35208,0.4323517298187809,0.3920931009521688
2925,0.2963,21,43,21,621900,54544,91069,35187,0.4320111519452541,0.3921387257469548
2926,0.2964,28,64,28,621964,54480,91097,35159,0.4315042453427956,0.39222882896953337
2927,0.2965,9,37,9,622001,54443,91106,35150,0.43121118996324925,0.3923297579051935
2928,0.2966,22,41,22,622042,54402,91128,35128,0.4308864529210493,0.3923601027588518
2929,0.2967,30,65,30,622107,54337,91158,35098,0.4303716259029274,0.39244143791580477
2930,0.2968,22,52,22,622159,54285,91180,35076,0.42995976428842986,0.3925202269446403
2931,0.2969,33,50,33,622209,54235,91213,35043,0.42956374350525917,0.3925155133403526
2932,0.297,19,49,19,622258,54186,91232,35024,0.42917564313775186,0.39260172626387174
2933,0.2971,26,64,26,622322,54122,91258,34998,0.42866873653529336,0.3927064631956912
2934,0.2972,21,47,21,622369,54075,91279,34977,0.42829647699911294,0.3927705161029511
2935,0.2973,28,41,28,622410,54034,91307,34949,0.42797173995691296,0.3927604149107133
2936,0.2974,28,49,28,622459,53985,91335,34921,0.42758363958940565,0.3927856387645378
2937,0.2975,22,56,22,622515,53929,91357,34899,0.42714009631225447,0.3928828747692169
2938,0.2976,15,48,15,622563,53881,91372,34884,0.4267599163604106,0.3929927336224863
2939,0.2977,29,62,29,622625,53819,91401,34855,0.42626885058927894,0.393068994293705
2940,0.2978,18,52,18,622677,53767,91419,34837,0.4258569889747814,0.3931763802988578
2941,0.2979,15,52,15,622729,53715,91434,34822,0.4254451273602839,0.39330449416628077
2942,0.298,25,52,25,622781,53663,91459,34797,0.4250332657457863,0.3933642324214334
2943,0.2981,22,54,22,622835,53609,91481,34775,0.42460556329996196,0.393453566256336
2944,0.2982,23,44,23,622879,53565,91504,34752,0.42425706501077176,0.39349162675362614
2945,0.2983,22,55,22,622934,53510,91526,34730,0.42382144214928397,0.3935856754306437
2946,0.2984,31,49,31,622983,53461,91557,34699,0.4234333417817767,0.3935911978221416
2947,0.2985,20,68,20,623051,53393,91577,34679,0.42289475351666456,0.3937573803251885
2948,0.2986,15,47,15,623098,53346,91592,34664,0.4225224939804841,0.39386433359845474
2949,0.2987,15,55,15,623153,53291,91607,34649,0.42208687111899634,0.39400727768933363
2950,0.2988,31,66,31,623219,53225,91638,34618,0.421564123685211,0.3940894550504878
2951,0.2989,28,47,28,623266,53178,91666,34590,0.42119186414903054,0.3941071916871753
2952,0.299,20,44,20,623310,53134,91686,34570,0.42084336585984033,0.39416674267992335
2953,0.2991,14,48,14,623358,53086,91700,34556,0.4204631859079965,0.3942858446863376
2954,0.2992,22,41,22,623399,53045,91722,34534,0.4201384488657965,0.39431827264526886
2955,0.2993,21,53,21,623452,52992,91743,34513,0.4197186668356355,0.39441174790012
2956,0.2994,26,50,26,623502,52942,91769,34487,0.41932264605246483,0.39445721671298994
2957,0.2995,27,57,27,623559,52885,91796,34460,0.4188711823596502,0.3945274486232755
2958,0.2996,24,57,24,623616,52828,91820,34436,0.41841971866683564,0.3946186285295196
2959,0.2997,25,52,25,623668,52776,91845,34411,0.4180078570523381,0.39468039960085793
2960,0.2998,21,40,21,623708,52736,91866,34390,0.4176910404258015,0.3947156991024493
2961,0.2999,24,52,24,623760,52684,91890,34366,0.417279178811304,0.39478460654796094
2962,0.3,13,51,13,623811,52633,91903,34353,0.4168752376124699,0.3949256202147472
2963,0.3001,21,59,21,623870,52574,91924,34332,0.41640793308832846,0.3950475226106368
2964,0.3002,14,61,14,623931,52513,91938,34318,0.41592478773286023,0.3952275109120015
2965,0.3003,21,57,21,623988,52456,91959,34297,0.4154733240400456,0.3953407951310041
2966,0.3004,16,51,16,624039,52405,91975,34281,0.41506938284121153,0.39546178160256557
2967,0.3005,21,57,21,624096,52348,91996,34260,0.4146179191483969,0.39557546646961017
2968,0.3006,15,56,15,624152,52292,92011,34245,0.4141743758712457,0.39572668338398603
2969,0.3007,27,56,27,624208,52236,92038,34218,0.41373083259409454,0.3957942952321466
2970,0.3008,28,56,28,624264,52180,92066,34190,0.41328728931694336,0.395855042260044
2971,0.3009,30,49,30,624313,52131,92096,34160,0.41289918894943606,0.39586978943342876
2972,0.301,16,62,16,624375,52069,92112,34144,0.4124081231783044,0.3960423602008978
2973,0.3011,24,45,24,624420,52024,92136,34120,0.41205170447345074,0.39608098068350667
2974,0.3012,30,60,30,624480,51964,92166,34090,0.4115764795336459,0.39614660561972714
2975,0.3013,20,44,20,624524,51920,92186,34070,0.4112279812444557,0.39620886149552276
2976,0.3014,27,48,27,624572,51872,92213,34043,0.41084780129261184,0.39624047023220627
2977,0.3015,26,56,26,624628,51816,92239,34017,0.41040425801546065,0.39631610219845514
2978,0.3016,24,73,24,624701,51743,92263,33993,0.40982606767203145,0.3964845572454978
2979,0.3017,22,49,22,624750,51694,92285,33971,0.40943796730452414,0.3965563532364443
2980,0.3018,29,53,29,624803,51641,92314,33942,0.4090181852743632,0.3965974551020647
2981,0.3019,28,56,28,624859,51585,92342,33914,0.408574641997212,0.39665961005391875
2982,0.302,22,57,22,624916,51528,92364,33892,0.4081231783043974,0.39676890657925545
2983,0.3021,24,42,24,624958,51486,92388,33868,0.407790520846534,0.3967945263256555
2984,0.3022,21,47,21,625005,51439,92409,33847,0.4074182613103536,0.39686466712004315
2985,0.3023,28,46,28,625051,51393,92437,33819,0.40705392218983655,0.3968807210252077
2986,0.3024,22,49,22,625100,51344,92459,33797,0.40666582182232924,0.3969532892495977
2987,0.3025,25,54,25,625154,51290,92484,33772,0.4062381193765049,0.39702805012814185
2988,0.3026,16,46,16,625200,51244,92500,33756,0.40587378025598786,0.3971294117647059
2989,0.3027,13,46,13,625246,51198,92513,33743,0.40550944113547077,0.39725221035777775
2990,0.3028,17,49,17,625295,51149,92530,33726,0.4051213407679635,0.397360824742268
2991,0.3029,21,49,21,625344,51100,92551,33705,0.4047332404004562,0.3974411886091622
2992,0.303,18,48,18,625392,51052,92569,33687,0.40435306044861236,0.39753832355821994
2993,0.3031,16,43,16,625435,51009,92585,33671,0.40401248257508554,0.39762635805384977
2994,0.3032,19,59,19,625494,50950,92604,33652,0.4035451780509441,0.3977683742701118
2995,0.3033,21,41,21,625535,50909,92625,33631,0.40322044100874416,0.3978116867754909
2996,0.3034,19,43,19,625578,50866,92644,33612,0.40287986313521734,0.397878737659509
2997,0.3035,13,47,13,625625,50819,92657,33599,0.40250760359903687,0.3980075339382596
2998,0.3036,24,47,24,625672,50772,92681,33575,0.4021353440628564,0.3980580222177434
2999,0.3037,27,56,27,625728,50716,92708,33548,0.4016918007857052,0.3981296876483433
3000,0.3038,16,48,16,625776,50668,92724,33532,0.40131162083386135,0.3982422802850356
3001,0.3039,22,65,22,625841,50603,92746,33510,0.40079679381573946,0.3983926384744332
3002,0.304,21,53,21,625894,50550,92767,33489,0.4003770117855785,0.3984935565630243
3003,0.3041,24,40,24,625934,50510,92791,33465,0.40006019515904195,0.3985114617445668
3004,0.3042,22,51,22,625985,50459,92813,33443,0.3996562539602078,0.3985959810254821
3005,0.3043,27,44,27,626029,50415,92840,33416,0.3993077556710176,0.3986114921687681
3006,0.3044,21,63,21,626092,50352,92861,33395,0.39880876948422256,0.39876055261681015
3007,0.3045,26,44,26,626136,50308,92887,33369,0.3984602711950323,0.3987834171875187
3008,0.3046,27,46,27,626182,50262,92914,33342,0.39809593207451527,0.3988086694416535
3009,0.3047,16,45,16,626227,50217,92930,33326,0.3977395133696616,0.3989083465999545
3010,0.3048,27,46,27,626273,50171,92957,33299,0.3973751742491446,0.3989337486522104
3011,0.3049,21,57,21,626330,50114,92978,33278,0.39692371055633,0.3990550652340752
3012,0.305,16,38,16,626368,50076,92994,33262,0.39662273476112025,0.3991216491876455
3013,0.3051,20,52,20,626420,50024,93014,33242,0.39621087314662273,0.3992265750726587
3014,0.3052,27,47,27,626467,49977,93041,33215,0.39583861361044226,0.39925714010962593
3015,0.3053,24,50,24,626517,49927,93065,33191,0.39544259282727157,0.3993238528357275
3016,0.3054,11,42,11,626559,49885,93076,33180,0.3951099353694082,0.39944621681815445
3017,0.3055,22,47,22,626606,49838,93098,33158,0.3947376758332277,0.3995132295532315
3018,0.3056,11,51,11,626657,49787,93109,33147,0.39433373463439364,0.39967926302843226
3019,0.3057,19,45,19,626702,49742,93128,33128,0.39397731592954,0.39975865813925426
3020,0.3058,20,60,20,626762,49682,93148,33108,0.39350209098973515,0.39990336997221887
3021,0.3059,24,43,24,626805,49639,93172,33084,0.39316151311620834,0.39993713961050736
3022,0.306,21,44,21,626849,49595,93193,33063,0.39281301482701814,0.39999758039149264
3023,0.3061,26,43,26,626892,49552,93219,33037,0.3924724369534913,0.40001695140999405
3024,0.3062,22,48,22,626940,49504,93241,33015,0.39209225700164746,0.4000896763169694
3025,0.3063,16,52,16,626992,49452,93257,32999,0.39168039538714994,0.40022558853137014
3026,0.3064,19,34,19,627026,49418,93276,32980,0.39141110125459383,0.40025243331148813
3027,0.3065,23,52,23,627078,49366,93299,32957,0.3909992396400963,0.4003376942045358
3028,0.3066,18,44,18,627122,49322,93317,32939,0.3906507413509061,0.4004206124408894
3029,0.3067,21,40,21,627162,49282,93338,32918,0.3903339247243695,0.4004622871046229
3030,0.3068,18,47,18,627209,49235,93356,32900,0.3899616651881891,0.4005600535703415
3031,0.3069,13,58,13,627267,49177,93369,32887,0.3895022810797111,0.4007481965295379
3032,0.307,24,50,24,627317,49127,93393,32863,0.3891062602965404,0.40081717282595436
3033,0.3071,18,62,18,627379,49065,93411,32845,0.3886151945254087,0.4009888902453913
3034,0.3072,25,53,25,627432,49012,93436,32820,0.38819541249524775,0.4010655978101476
3035,0.3073,24,55,24,627487,48957,93460,32796,0.38775978963375995,0.4011595904737441
3036,0.3074,25,51,25,627538,48906,93485,32771,0.3873558484349259,0.40122678354983654
3037,0.3075,14,58,14,627596,48848,93499,32757,0.38689646432644786,0.40140922737577356
3038,0.3076,12,45,12,627641,48803,93511,32745,0.3865400456215942,0.4015426497277677
3039,0.3077,17,41,17,627682,48762,93528,32728,0.38621530857939423,0.401619830654068
3040,0.3078,27,55,27,627737,48707,93555,32701,0.3857796857179065,0.4016927083333333
3041,0.3079,24,38,24,627775,48669,93579,32677,0.3854787099226967,0.40170383300961326
3042,0.308,14,49,14,627824,48620,93593,32663,0.3850906095551895,0.40184294378898416
3043,0.3081,22,49,22,627873,48571,93615,32641,0.3847025091876822,0.4019233610796434
3044,0.3082,19,41,19,627914,48530,93634,32622,0.3843777721454822,0.4019863958990536
3045,0.3083,12,57,12,627971,48473,93646,32610,0.3839263084526676,0.4021804817285991
3046,0.3084,16,48,16,628019,48425,93662,32594,0.3835461285008237,0.40230069489872744
3047,0.3085,16,42,16,628061,48383,93678,32578,0.38321347104296033,0.4023912748113289
3048,0.3086,17,37,17,628098,48346,93695,32561,0.382920415663414,0.4024497262288801
3049,0.3087,23,51,23,628149,48295,93718,32538,0.3825164744645799,0.4025336186953348
3050,0.3088,18,51,18,628200,48244,93736,32520,0.3821125332657458,0.4026546481105443
3051,0.3089,28,57,28,628257,48187,93764,32492,0.38166106957293117,0.4027318137309585
3052,0.309,23,48,23,628305,48139,93787,32469,0.3812808896210873,0.4028012107979357
3053,0.3091,29,56,29,628361,48083,93816,32440,0.3808373463439361,0.4028662618133949
3054,0.3092,17,37,17,628398,48046,93833,32423,0.3805442909643898,0.40292535013483455
3055,0.3093,25,56,25,628454,47990,93858,32398,0.3801007476872386,0.4030203512962134
3056,0.3094,23,52,23,628506,47938,93881,32375,0.3796888860727411,0.4031103308306252
3057,0.3095,15,41,15,628547,47897,93896,32360,0.3793641490305411,0.40320470488555515
3058,0.3096,22,47,22,628594,47850,93918,32338,0.3789918894943607,0.40327729834888015
3059,0.3097,24,43,24,628637,47807,93942,32314,0.3786513116208339,0.40331498608354865
3060,0.3098,17,42,17,628679,47765,93959,32297,0.37831865416297045,0.40339986510454395
3061,0.3099,26,53,26,628732,47712,93985,32271,0.37789887213280954,0.4034732380630884
3062,0.31,17,44,17,628776,47668,94002,32254,0.37755037384361934,0.4035684792672856
3063,0.3101,21,39,21,628815,47629,94023,32233,0.3772414776327462,0.4036087250507125
3064,0.3102,15,51,15,628866,47578,94038,32218,0.37683753643391205,0.40375457416411853
3065,0.3103,25,43,25,628909,47535,94063,32193,0.37649695856038523,0.40378537025888017
3066,0.3104,25,49,25,628958,47486,94088,32168,0.376108858192878,0.4038466367037437
3067,0.3105,16,45,16,629003,47441,94104,32152,0.37575243948802434,0.4039551216815549
3068,0.3106,15,39,15,629042,47402,94119,32137,0.3754435432771512,0.40404078502369906
3069,0.3107,16,52,16,629094,47350,94135,32121,0.37503168166265366,0.4041851744661575
3070,0.3108,15,36,15,629130,47314,94150,32106,0.3747465466987708,0.40425585494837574
3071,0.3109,14,51,14,629181,47263,94164,32092,0.37434260549993664,0.4044105601411379
3072,0.311,16,39,16,629220,47224,94180,32076,0.3740337092890635,0.4044892812105927
3073,0.3111,27,55,27,629275,47169,94207,32049,0.3735980864275757,0.4045671438309475
3074,0.3112,22,30,22,629305,47139,94229,32027,0.3733604739576733,0.4045549857261956
3075,0.3113,11,32,11,629337,47107,94240,32016,0.3731070206564441,0.4046358201787091
3076,0.3114,15,44,15,629381,47063,94255,32001,0.3727585223672538,0.4047480522108671
3077,0.3115,14,32,14,629413,47031,94269,31987,0.3725050690660246,0.40480649978485916
3078,0.3116,20,50,20,629463,46981,94289,31967,0.3721090482828539,0.404912094036581
3079,0.3117,21,53,21,629516,46928,94310,31946,0.37168926625269294,0.40502573725181934
3080,0.3118,15,45,15,629561,46883,94325,31931,0.3713328475478393,0.4051437561854493
3081,0.3119,16,47,16,629608,46836,94341,31915,0.3709605880116589,0.40526469505149143
3082,0.312,14,76,14,629684,46760,94355,31901,0.3703586364212394,0.40555039981693597
3083,0.3121,17,44,17,629728,46716,94372,31884,0.3700101381320492,0.40564885496183206
3084,0.3122,23,36,23,629764,46680,94395,31861,0.36972500316816626,0.4056607377038744
3085,0.3123,27,50,27,629814,46630,94422,31834,0.36932898238499556,0.40571472267536707
3086,0.3124,18,45,18,629859,46585,94440,31816,0.3689725636801419,0.40581115036798
3087,0.3125,22,49,22,629908,46536,94462,31794,0.36858446331263467,0.4058981233243968
3088,0.3126,16,44,16,629952,46492,94478,31778,0.3682359650234444,0.40600485498914013
3089,0.3127,15,53,15,630005,46439,94493,31763,0.3678161829932835,0.4061660827088821
3090,0.3128,16,63,16,630068,46376,94509,31747,0.3673171968064884,0.40637200312328
3091,0.3129,15,48,15,630116,46328,94524,31732,0.3669370168546445,0.4065078145016654
3092,0.313,19,44,19,630160,46284,94543,31713,0.3665885185654543,0.4065925612523559
3093,0.3131,18,50,18,630210,46234,94561,31695,0.36619249778228363,0.4067163700291291
3094,0.3132,12,52,12,630262,46182,94573,31683,0.3657806361677861,0.4068965517241379
3095,0.3133,21,40,21,630302,46142,94594,31662,0.3654638195412495,0.40694565832090895
3096,0.3134,12,38,12,630340,46104,94606,31650,0.3651628437460398,0.4070530133497955
3097,0.3135,16,43,16,630383,46061,94622,31634,0.364822265872513,0.4071561876568634
3098,0.3136,17,51,17,630434,46010,94639,31617,0.36441832467367885,0.4072938539425715
3099,0.3137,20,44,20,630478,45966,94659,31597,0.36406982638448865,0.4073720717352346
3100,0.3138,20,35,20,630513,45931,94679,31577,0.36379261183626915,0.4074031067760747
3101,0.3139,26,57,26,630570,45874,94705,31551,0.3633411481434546,0.4075040361640297
3102,0.314,14,40,14,630610,45834,94719,31537,0.363024331516918,0.4076075015186569
3103,0.3141,20,47,20,630657,45787,94739,31517,0.36265207198073757,0.40770205940184207
3104,0.3142,17,47,17,630704,45740,94756,31500,0.3622798124445571,0.407819782496116
3105,0.3143,21,41,21,630745,45699,94777,31479,0.3619550754023571,0.407875301251652
3106,0.3144,16,37,16,630782,45662,94793,31463,0.3616620200228108,0.4079481361426256
3107,0.3145,18,34,18,630816,45628,94811,31445,0.36139272589025473,0.407989827825568
3108,0.3146,26,58,26,630874,45570,94837,31419,0.3609333417817767,0.40809726064762497
3109,0.3147,23,39,23,630913,45531,94860,31396,0.36062444557090356,0.4081271855135388
3110,0.3148,18,31,18,630944,45500,94878,31378,0.3603789126853377,0.40815317776216864
3111,0.3149,20,36,20,630980,45464,94898,31358,0.36009377772145484,0.40819036213584653
3112,0.315,17,44,17,631024,45420,94915,31341,0.3597452794322646,0.40829327392816667
3113,0.3151,23,39,23,631063,45381,94938,31318,0.35943638322139143,0.40832344619877703
3114,0.3152,20,45,20,631108,45336,94958,31298,0.35907996451653784,0.40840880027142
3115,0.3153,19,49,19,631157,45287,94977,31279,0.35869186414903054,0.4085233654624768
3116,0.3154,25,50,25,631207,45237,95002,31254,0.35829584336585985,0.4085970898537083
3117,0.3155,20,48,20,631255,45189,95022,31234,0.357915663414016,0.40869895188621225
3118,0.3156,27,46,27,631301,45143,95049,31207,0.3575513242934989,0.40873608382449245
3119,0.3157,18,52,18,631353,45091,95067,31189,0.3571394626790014,0.40887519664394334
3120,0.3158,19,56,19,631409,45035,95086,31170,0.3566959194018502,0.4090282789843186
3121,0.3159,18,46,18,631455,44989,95104,31152,0.35633158028133316,0.40913568248381293
3122,0.316,22,45,22,631500,44944,95126,31130,0.3559751615764795,0.40920682493361726
3123,0.3161,25,46,25,631546,44898,95151,31105,0.3556108224559625,0.409260160783127
3124,0.3162,21,41,21,631587,44857,95172,31084,0.3552860854137625,0.4093177598398757
3125,0.3163,10,40,10,631627,44817,95182,31074,0.35496926878722596,0.40945566667984346
3126,0.3164,16,43,16,631670,44774,95198,31058,0.35462869091369914,0.40956324506804515
3127,0.3165,20,44,20,631714,44730,95218,31038,0.35428019262450894,0.40964523281596454
3128,0.3166,12,47,12,631761,44683,95230,31026,0.35390793308832846,0.4098059675864164
3129,0.3167,13,44,13,631805,44639,95243,31013,0.35355943479913826,0.40994289642045156
3130,0.3168,13,54,13,631859,44585,95256,31000,0.3531317323533139,0.4101342859032877
3131,0.3169,19,40,19,631899,44545,95275,30981,0.35281491572677737,0.41020310886317296
3132,0.317,19,44,19,631943,44501,95294,30962,0.3524664174375871,0.41029378635887787
3133,0.3171,18,44,18,631987,44457,95312,30944,0.3521179191483969,0.41039243511359264
3134,0.3172,18,35,18,632022,44422,95330,30926,0.3518407046001774,0.4104422147900409
3135,0.3173,25,43,25,632065,44379,95355,30901,0.3515001267266506,0.41048087141339
3136,0.3174,17,41,17,632106,44338,95372,30884,0.35117538968445067,0.410571375395496
3137,0.3175,18,38,18,632144,44300,95390,30866,0.3508744138892409,0.4106377883617593
3138,0.3176,20,30,20,632174,44270,95410,30846,0.3506368014193385,0.4106448692688642
3139,0.3177,15,33,15,632207,44237,95425,30831,0.35037542770244584,0.41070762508658815
3140,0.3178,18,31,18,632238,44206,95443,30813,0.35012989481688,0.41073594689345366
3141,0.3179,14,49,14,632287,44157,95457,30799,0.3497417944493727,0.4108943913762741
3142,0.318,20,35,20,632322,44122,95477,30779,0.3494645799011532,0.4109290930695184
3143,0.3181,16,40,16,632362,44082,95493,30763,0.34914776327461666,0.41102278041285323
3144,0.3182,16,37,16,632399,44045,95509,30747,0.34885470789507034,0.4111001176596427
3145,0.3183,24,52,24,632451,43993,95533,30723,0.3484428462805728,0.41119706622410196
3146,0.3184,26,59,26,632510,43934,95559,30697,0.34797554175643136,0.4113170130374777
3147,0.3185,14,51,14,632561,43883,95573,30683,0.3475716005575973,0.41148780945739344
3148,0.3186,23,43,23,632604,43840,95596,30660,0.34723102268407047,0.4115436241610738
3149,0.3187,19,39,19,632643,43801,95615,30641,0.3469221264731973,0.41160903790870745
3150,0.3188,16,39,16,632682,43762,95631,30625,0.34661323026232416,0.4116982806135481
3151,0.3189,8,42,8,632724,43720,95639,30617,0.3462805728044608,0.4118675760388501
3152,0.319,22,44,22,632768,43676,95661,30595,0.3459320745152706,0.41193736451643304
3153,0.3191,23,39,23,632807,43637,95684,30572,0.3456231783043974,0.41197159374199893
3154,0.3192,13,37,13,632844,43600,95697,30559,0.3453301229248511,0.4120740570935423
3155,0.3193,22,43,22,632887,43557,95719,30537,0.3449895450513243,0.41213863470726375
3156,0.3194,24,39,24,632926,43518,95743,30513,0.34468064884045113,0.41216517404870934
3157,0.3195,14,48,14,632974,43470,95757,30499,0.34430046888860727,0.412321377874515
3158,0.3196,25,33,25,633007,43437,95782,30474,0.3440390951717146,0.41230669318504687
3159,0.3197,24,41,24,633048,43396,95806,30450,0.3437143581295146,0.41234460905126885
3160,0.3198,19,42,19,633090,43354,95825,30431,0.34338170067165125,0.4124280002710578
3161,0.3199,17,37,17,633127,43317,95842,30414,0.3430886452921049,0.4124994913943931
3162,0.32,23,36,23,633163,43281,95865,30391,0.34280351032822204,0.4125176457813009
3163,0.3201,17,39,17,633202,43242,95882,30374,0.3424946141173489,0.4126005216257335
3164,0.3202,12,32,12,633234,43210,95894,30362,0.3422411608161196,0.4126841733268091
3165,0.3203,22,45,22,633279,43165,95916,30340,0.341884742111266,0.4127610366641725
3166,0.3204,17,40,17,633319,43125,95933,30323,0.3415679254847294,0.41284990741749267
3167,0.3205,13,42,13,633361,43083,95946,30310,0.34123526802686605,0.4129821645116019
3168,0.3206,22,46,22,633407,43037,95968,30288,0.340870928906349,0.4130651210364814
3169,0.3207,22,41,22,633448,42996,95990,30266,0.34054619186414903,0.41312003494308097
3170,0.3208,20,47,20,633495,42949,96010,30246,0.34017393232796855,0.41322494705922536
3171,0.3209,17,44,17,633539,42905,96027,30229,0.33982543403877835,0.41333716192195147
3172,0.321,18,44,18,633583,42861,96045,30211,0.33947693574958815,0.41344153711407927
3173,0.3211,18,33,18,633616,42828,96063,30193,0.3392155620326955,0.41348379233371224
3174,0.3212,10,47,10,633663,42781,96073,30183,0.338843302496515,0.4136697549476454
3175,0.3213,14,40,14,633703,42741,96087,30169,0.33852648586997847,0.4137841174050199
3176,0.3214,13,39,13,633742,42702,96100,30156,0.3382175896591053,0.4139010129292597
3177,0.3215,16,44,16,633786,42658,96116,30140,0.3378690913699151,0.4140223632517377
3178,0.3216,18,43,18,633829,42615,96134,30122,0.3375285134963883,0.4141221111676313
3179,0.3217,11,45,11,633874,42570,96145,30111,0.33717209479153465,0.4142898419119165
3180,0.3218,23,50,23,633924,42520,96168,30088,0.33677607400836396,0.4143895989422653
3181,0.3219,17,49,17,633973,42471,96185,30071,0.33638797364085665,0.4145322709602713
3182,0.322,14,44,14,634017,42427,96199,30057,0.33603947535166645,0.41467082390596544
3183,0.3221,18,41,18,634058,42386,96217,30039,0.33571473830946646,0.41476009665170865
3184,0.3222,19,28,19,634086,42358,96236,30020,0.3354929666708909,0.4147669181242919
3185,0.3223,20,23,20,634109,42335,96256,30000,0.3353107971106324,0.4147369876270132
3186,0.3224,23,41,23,634150,42294,96279,29977,0.3349860600684324,0.4147860137537878
3187,0.3225,15,39,15,634189,42255,96294,29962,0.33467716385755925,0.41488846116565353
3188,0.3226,20,45,20,634234,42210,96314,29942,0.3343207451527056,0.41498503159995564
3189,0.3227,15,39,15,634273,42171,96329,29927,0.33401184894183245,0.4150877971649699
3190,0.3228,20,36,20,634309,42135,96349,29907,0.33372671397794956,0.41513283917714666
3191,0.3229,13,37,13,634346,42098,96362,29894,0.33343365859840324,0.4152405822869208
3192,0.323,23,36,23,634382,42062,96385,29871,0.33314852363452035,0.41526142382494824
3193,0.3231,21,52,21,634434,42010,96406,29850,0.33273666202002283,0.41539103812969663
3194,0.3232,22,28,22,634462,41982,96428,29828,0.3325148903814472,0.41537390335607854
3195,0.3233,23,33,23,634495,41949,96451,29805,0.33225351666455455,0.4153775399280876
3196,0.3234,15,36,15,634531,41913,96466,29790,0.33196838170067167,0.4154637881260198
3197,0.3235,18,34,18,634565,41879,96484,29772,0.33169908756811556,0.4155140891264602
3198,0.3236,28,38,28,634603,41841,96512,29744,0.33139811177290585,0.4155060417685269
3199,0.3237,22,34,22,634637,41807,96534,29722,0.3311288176403498,0.41552377357435444
3200,0.3238,19,35,19,634672,41772,96553,29703,0.3308516030921303,0.41557187827911857
3201,0.3239,13,36,13,634708,41736,96566,29690,0.33056646812824736,0.41567496429871476
3202,0.324,22,35,22,634743,41701,96588,29668,0.33028925358002786,0.41569869270971993
3203,0.3241,14,37,14,634780,41664,96602,29654,0.32999619820048154,0.41579965787038337
3204,0.3242,15,34,15,634814,41630,96617,29639,0.3297269040679255,0.4158750648949754
3205,0.3243,17,46,17,634860,41584,96634,29622,0.32936256494740845,0.4160042693031486
3206,0.3244,17,42,17,634902,41542,96651,29605,0.329029907489545,0.416110306829522
3207,0.3245,12,43,12,634945,41499,96663,29593,0.32868932961601827,0.41626343329769877
3208,0.3246,13,43,13,634988,41456,96676,29580,0.32834875174249145,0.4164085815642773
3209,0.3247,21,43,21,635031,41413,96697,29559,0.32800817386896464,0.4164881925266302
3210,0.3248,18,33,18,635064,41380,96715,29541,0.32774680015207197,0.41653388982106854
3211,0.3249,18,34,18,635098,41346,96733,29523,0.3274775060195159,0.41658553105024765
3212,0.325,16,43,16,635141,41303,96749,29507,0.3271369281459891,0.41670667984747917
3213,0.3251,10,41,10,635182,41262,96759,29497,0.3268121911037891,0.41686569906301674
3214,0.3252,17,37,17,635219,41225,96776,29480,0.3265191357242428,0.41694363906371545
3215,0.3253,21,39,21,635258,41186,96797,29459,0.32621023951336964,0.41700049543492107
3216,0.3254,18,38,18,635296,41148,96815,29441,0.3259092637181599,0.41707631500658743
3217,0.3255,20,51,20,635347,41097,96835,29421,0.3255053225193258,0.4172126265634306
3218,0.3256,18,52,18,635399,41045,96853,29403,0.32509346090482827,0.4173716784010902
3219,0.3257,22,48,22,635447,40997,96875,29381,0.3247132809529844,0.4174742106908409
3220,0.3258,17,33,17,635480,40964,96892,29364,0.32445190723609174,0.41752929132066885
3221,0.3259,13,39,13,635519,40925,96905,29351,0.3241430110252186,0.4176532528886106
3222,0.326,20,37,20,635556,40888,96925,29331,0.32384995564567226,0.4177074580953873
3223,0.3261,19,39,19,635595,40849,96944,29312,0.32354105943479916,0.4177819586379898
3224,0.3262,24,34,24,635629,40815,96968,29288,0.32327176530224305,0.4177852588334308
3225,0.3263,15,36,15,635665,40779,96983,29273,0.32298663033836017,0.4178752926397533
3226,0.3264,16,48,16,635713,40731,96999,29257,0.3226064503865163,0.4180288049379894
3227,0.3265,23,33,23,635746,40698,97022,29234,0.32234507666962364,0.4180346622433221
3228,0.3266,15,53,15,635799,40645,97037,29219,0.3219252946394627,0.4182268407191114
3229,0.3267,21,35,21,635834,40610,97058,29198,0.3216480800912432,0.4182615173046069
3230,0.3268,19,46,19,635880,40564,97077,29179,0.32128374097072615,0.41837890540986195
3231,0.3269,26,37,26,635917,40527,97103,29153,0.3209906855911798,0.4183840413318025
3232,0.327,17,48,17,635965,40479,97120,29136,0.32061050563933596,0.4185304891187244
3233,0.3271,22,47,22,636012,40432,97142,29114,0.3202382461031555,0.4186293963707474
3234,0.3272,16,33,16,636045,40399,97158,29098,0.3199768723862628,0.41869433212944446
3235,0.3273,22,37,22,636082,40362,97180,29076,0.3196838170067165,0.4187332584463838
3236,0.3274,22,53,22,636135,40309,97202,29054,0.3192640349765556,0.41886884938656055
3237,0.3275,19,45,19,636180,40264,97221,29035,0.31890761627170194,0.4189815148847747
3238,0.3276,16,39,16,636219,40225,97237,29019,0.3185987200608288,0.41908324186933166
3239,0.3277,13,31,13,636250,40194,97250,29006,0.31835318717526295,0.41916184971098264
3240,0.3278,17,26,17,636276,40168,97267,28989,0.3181472563680142,0.41917665601457554
3241,0.3279,12,44,12,636320,40124,97279,28977,0.31779875807882396,0.4193427012633681
3242,0.328,11,37,11,636357,40087,97290,28966,0.31750570269927764,0.4194748960943044
3243,0.3281,26,37,26,636394,40050,97316,28940,0.31721264731973137,0.41948108421510366
3244,0.3282,23,50,23,636444,40000,97339,28917,0.3168166265365606,0.4195916827488138
3245,0.3283,23,35,23,636479,39965,97362,28894,0.3165394119883411,0.41961108932746627
3246,0.3284,22,38,22,636517,39927,97384,28872,0.3162384361931314,0.4196572624602102
3247,0.3285,20,32,20,636549,39895,97404,28852,0.3159849828919022,0.4196837680189681
3248,0.3286,12,39,12,636588,39856,97416,28840,0.31567608668102903,0.4198206591359031
3249,0.3287,15,36,15,636624,39820,97431,28825,0.3153909517171461,0.4199140505499308
3250,0.3288,24,37,24,636661,39783,97455,28801,0.31509789633759977,0.4199375947742914
3251,0.3289,19,36,19,636697,39747,97474,28782,0.3148127613737169,0.41999737337477566
3252,0.329,16,34,16,636731,39713,97490,28766,0.31454346724116083,0.4200703865418596
3253,0.3291,9,33,9,636764,39680,97499,28757,0.31428209352426817,0.4201966772359981
3254,0.3292,23,28,23,636792,39652,97522,28734,0.31406032188569255,0.4201737197672038
3255,0.3293,24,28,24,636820,39624,97546,28710,0.313838550247117,0.42014224251470716
3256,0.3294,25,38,25,636858,39586,97571,28685,0.3135375744519072,0.42016375913638293
3257,0.3295,23,39,23,636897,39547,97594,28662,0.31322867824103406,0.4202084768872143
3258,0.3296,17,37,17,636934,39510,97611,28645,0.3129356228614878,0.42029198151272834
3259,0.3297,20,44,20,636978,39466,97631,28625,0.31258712457229754,0.4203932972052107
3260,0.3298,21,41,21,637019,39425,97652,28604,0.3122623875300976,0.42046774169839335
3261,0.3299,15,43,15,637062,39382,97667,28589,0.3119218096565708,0.4206058466110547
3262,0.33,14,28,14,637090,39354,97681,28575,0.3117000380179952,0.4206598065627346
3263,0.3301,19,32,19,637122,39322,97700,28556,0.31144658471676595,0.4206959545066148
3264,0.3302,13,45,13,637167,39277,97713,28543,0.3110901660119123,0.4208640519020938
3265,0.3303,18,32,18,637199,39245,97731,28525,0.3108367127106831,0.4209089567655305
3266,0.3304,18,36,18,637235,39209,97749,28507,0.31055157774680014,0.4209787937858113
3267,0.3305,15,41,15,637276,39168,97764,28492,0.31022684070460016,0.421105527638191
3268,0.3306,13,46,13,637322,39122,97777,28479,0.3098625015840831,0.4212807502847591
3269,0.3307,15,37,15,637359,39085,97792,28464,0.3095694462045368,0.42138299604731383
3270,0.3308,25,37,25,637396,39048,97817,28439,0.3092763908249905,0.4213996769748248
3271,0.3309,17,28,17,637424,39020,97834,28422,0.3090546191864149,0.42142878325079325
3272,0.331,9,43,9,637467,38977,97843,28413,0.3087140413128881,0.4216204184597121
3273,0.3311,14,44,14,637511,38933,97857,28399,0.3083655430236979,0.4217756787263114
3274,0.3312,28,45,28,637556,38888,97885,28371,0.30800912431884425,0.421817154581543
3275,0.3313,17,35,17,637591,38853,97902,28354,0.30773190977062476,0.4218905768744327
3276,0.3314,16,49,16,637640,38804,97918,28338,0.30734380940311745,0.42206070715796373
3277,0.3315,16,34,16,637674,38770,97934,28322,0.3070745152705614,0.42213676742383593
3278,0.3316,22,39,22,637713,38731,97956,28300,0.30676561905968824,0.4221927168026734
3279,0.3317,15,41,15,637754,38690,97971,28285,0.30644088201748826,0.4223217618514371
3280,0.3318,20,37,20,637791,38653,97991,28265,0.30614782663794193,0.4223826175319047
3281,0.3319,16,51,16,637842,38602,98007,28249,0.30574388543910785,0.42256660334176005
3282,0.332,21,39,21,637881,38563,98028,28228,0.3054349892282347,0.4226317917084637
3283,0.3321,14,29,14,637910,38534,98042,28214,0.3052052971739957,0.42269431293821536
3284,0.3322,18,29,18,637939,38505,98060,28196,0.3049756051197567,0.4227222980165215
3285,0.3323,19,31,19,637970,38474,98079,28177,0.30473007223419085,0.4227543472716088
3286,0.3324,14,44,14,638014,38430,98093,28163,0.30438157394500065,0.4229123181115132
3287,0.3325,16,36,16,638050,38394,98109,28147,0.3040964389811177,0.42300235944755865
3288,0.3326,18,44,18,638094,38350,98127,28129,0.3037479406919275,0.42312609997141953
3289,0.3327,22,30,22,638124,38320,98149,28107,0.3035103282220251,0.42312613846779173
3290,0.3328,17,42,17,638166,38278,98166,28090,0.3031776707641617,0.4232461427193828
3291,0.3329,12,28,12,638194,38250,98178,28078,0.3029558991255861,0.4233204679773248
3292,0.333,17,38,17,638232,38212,98195,28061,0.30265492333037636,0.42341526715253575
3293,0.3331,14,33,14,638265,38179,98209,28047,0.3023935496134837,0.42350436384501555
3294,0.3332,23,45,23,638310,38134,98232,28024,0.3020371309086301,0.4235920070135131
3295,0.3333,8,41,8,638351,38093,98240,28016,0.3017123938664301,0.4237849612004417
3296,0.3334,14,37,14,638388,38056,98254,28002,0.3014193384868838,0.4239002089073239
3297,0.3335,15,35,15,638423,38021,98269,27987,0.3011421239386643,0.4239940613258999
3298,0.3336,17,38,17,638461,37983,98286,27970,0.3008411481434546,0.4240898821888314
3299,0.3337,18,27,18,638488,37956,98304,27952,0.3006272969205424,0.4241063300358075
3300,0.3338,21,50,21,638538,37906,98325,27931,0.3002312761373717,0.4242447256102192
3301,0.3339,17,32,17,638570,37874,98342,27914,0.29997782283614244,0.4243023043716179
3302,0.334,15,31,15,638601,37843,98357,27899,0.2997322899505766,0.4243710261324572
3303,0.3341,18,47,18,638648,37796,98375,27881,0.2993600304143961,0.42451695418487445
3304,0.3342,12,30,12,638678,37766,98387,27869,0.29912241794449373,0.424605774358193
3305,0.3343,14,38,14,638716,37728,98401,27855,0.29882144214928397,0.4247289693975573
3306,0.3344,14,44,14,638760,37684,98415,27841,0.29847294386009376,0.4248912628767646
3307,0.3345,17,36,17,638796,37648,98432,27824,0.2981878088962109,0.4249755620723363
3308,0.3346,17,40,17,638836,37608,98449,27807,0.29787099226967434,0.4250859894519606
3309,0.3347,18,36,18,638872,37572,98467,27789,0.2975858573057914,0.4251617937302061
3310,0.3348,22,36,22,638908,37536,98489,27767,0.2973007223419085,0.42520251749536775
3311,0.3349,17,32,17,638940,37504,98506,27750,0.29704726904067924,0.42526128666441904
3312,0.335,11,36,11,638976,37468,98517,27739,0.29676213407679636,0.42539911359209903
3313,0.3351,20,24,20,639000,37444,98537,27719,0.2965720441008744,0.42537943311388365
3314,0.3352,12,26,12,639026,37418,98549,27707,0.29636611329362567,0.4254433781190019
3315,0.3353,12,37,12,639063,37381,98561,27695,0.29607305791407934,0.4255793226381462
3316,0.3354,14,49,14,639112,37332,98575,27681,0.29568495754657204,0.42577638318490146
3317,0.3355,22,36,22,639148,37296,98597,27659,0.29539982258268915,0.4258178739127088
3318,0.3356,18,32,18,639180,37264,98615,27641,0.2951463692814599,0.425868577151221
3319,0.3357,14,37,14,639217,37227,98629,27627,0.29485331390191355,0.4259876029234897
3320,0.3358,24,42,24,639259,37185,98653,27603,0.2945206564440502,0.4260511205778848
3321,0.3359,15,41,15,639300,37144,98668,27588,0.2941959194018502,0.42618797503553113
3322,0.336,26,52,26,639352,37092,98694,27562,0.29378405778735267,0.4262999969066106
3323,0.3361,20,33,20,639385,37059,98714,27542,0.29352268407046,0.42634014953328897
3324,0.3362,11,34,11,639419,37025,98725,27531,0.29325338993790395,0.4264669434289609
3325,0.3363,21,29,21,639448,36996,98746,27510,0.29302369788366495,0.42647195609710725
3326,0.3364,12,28,12,639476,36968,98758,27498,0.29280192624508933,0.42655042968386436
3327,0.3365,13,39,13,639515,36929,98771,27485,0.2924930300342162,0.42669295494768217
3328,0.3366,13,34,13,639549,36895,98784,27472,0.2922237359016601,0.42680255410381096
3329,0.3367,18,45,18,639594,36850,98802,27454,0.2918673171968065,0.42694078128887786
3330,0.3368,16,40,16,639634,36810,98818,27438,0.29155050057026993,0.4270638774747852
3331,0.3369,17,36,17,639670,36774,98835,27421,0.29126536560638705,0.427151647324558
3332,0.337,16,26,16,639696,36748,98851,27405,0.29105943479913826,0.4271818932863623
3333,0.3371,16,37,16,639733,36711,98867,27389,0.29076637941959194,0.42728549141965677
3334,0.3372,18,34,18,639767,36677,98885,27371,0.2904970852870359,0.42735136147889086
3335,0.3373,22,29,22,639796,36648,98907,27349,0.2902673932327969,0.4273481569448568
3336,0.3374,20,41,20,639837,36607,98927,27329,0.2899426561905969,0.4274430680680681
3337,0.3375,16,31,16,639868,36576,98943,27313,0.28969712330503106,0.4275070825963781
3338,0.3376,16,32,16,639900,36544,98959,27297,0.2894436700038018,0.42757788881753106
3339,0.3377,19,36,19,639936,36508,98978,27278,0.2891585350399189,0.4276487003417678
3340,0.3378,10,31,10,639967,36477,98988,27268,0.28891300215435306,0.42776688367715116
3341,0.3379,27,37,27,640004,36440,99015,27241,0.28861994677480673,0.4277728050752972
3342,0.338,16,37,16,640041,36403,99031,27225,0.2883268913952604,0.42787766392154397
3343,0.3381,18,38,18,640079,36365,99049,27207,0.2880259156000507,0.4279714339646385
3344,0.3382,16,36,16,640115,36329,99065,27191,0.28774078063616776,0.4280698992443325
3345,0.3383,14,35,14,640150,36294,99079,27177,0.2874635660879483,0.42817979864820155
3346,0.3384,30,30,30,640180,36264,99109,27147,0.28722595361804587,0.4281118417940105
3347,0.3385,8,34,8,640214,36230,99117,27139,0.2869566594854898,0.42826934305417474
3348,0.3386,23,44,23,640258,36186,99140,27116,0.28660816119629956,0.4283592935452276
3349,0.3387,19,37,19,640295,36149,99159,27097,0.2863151058167533,0.42843816209720775
3350,0.3388,16,24,16,640319,36125,99175,27081,0.28612501584083133,0.42845615922539
3351,0.3389,22,47,22,640366,36078,99197,27059,0.28575275630465086,0.4285759538780747
3352,0.339,14,34,14,640400,36044,99211,27045,0.2854834621720948,0.4286801185626654
3353,0.3391,16,27,16,640427,36017,99227,27029,0.28526961094918263,0.4287187133204327
3354,0.3392,12,37,12,640464,35980,99239,27017,0.2849765555696363,0.4288616918265949
3355,0.3393,20,40,20,640504,35940,99259,26997,0.28465973894309976,0.42895276228609563
3356,0.3394,16,38,16,640542,35902,99275,26981,0.28435876314789,0.429066679388706
3357,0.3395,15,34,15,640576,35868,99290,26966,0.28408946901533394,0.429162555304453
3358,0.3396,13,33,13,640609,35835,99303,26953,0.2838280952984413,0.4292699241893355
3359,0.3397,14,41,14,640650,35794,99317,26939,0.2835033582562413,0.42942311064352096
3360,0.3398,17,35,17,640685,35759,99334,26922,0.2832261437080218,0.4295081444137777
3361,0.3399,22,29,22,640714,35730,99356,26900,0.2829964516537828,0.42950662621746766
3362,0.34,17,27,17,640741,35703,99373,26883,0.2827826004308706,0.42953695714696577
3363,0.3401,20,27,20,640768,35676,99393,26863,0.28256874920795844,0.4295399670605542
3364,0.3402,21,33,21,640801,35643,99414,26842,0.28230737549106577,0.42957509802352567
3365,0.3403,19,32,19,640833,35611,99433,26823,0.28205392218983655,0.4296216804946023
3366,0.3404,14,44,14,640877,35567,99447,26809,0.2817054239006463,0.42979671668590486
3367,0.3405,16,32,16,640909,35535,99463,26793,0.28145197059941707,0.4298710050057759
3368,0.3406,20,34,20,640943,35501,99483,26773,0.28118267646686096,0.4299226001220413
3369,0.3407,12,35,12,640978,35466,99495,26761,0.28090546191864146,0.43005447795972807
3370,0.3408,17,32,17,641010,35434,99512,26744,0.28065200861741224,0.4301199781273119
3371,0.3409,14,35,14,641045,35399,99526,26730,0.28037479406919275,0.4302338682418838
3372,0.341,15,36,15,641081,35363,99541,26715,0.28008965910530986,0.4303456941267438
3373,0.3411,33,26,33,641107,35337,99574,26682,0.2798837282980611,0.43022299617859044
3374,0.3412,17,34,17,641141,35303,99591,26665,0.279614434165505,0.4303027368964627
3375,0.3413,17,36,17,641177,35267,99608,26648,0.2793292992016221,0.43039651134620044
3376,0.3414,16,28,16,641205,35239,99624,26632,0.2791075275630465,0.43044398829823344
3377,0.3415,12,30,12,641235,35209,99636,26620,0.27886991509314407,0.43054230215594624
3378,0.3416,19,33,19,641268,35176,99655,26601,0.2786085413762514,0.4305971478058177
3379,0.3417,6,35,6,641303,35141,99661,26595,0.2783313268280319,0.4307859271737722
3380,0.3418,20,30,20,641333,35111,99681,26575,0.2780937143581295,0.43081088091301106
3381,0.3419,16,34,16,641367,35077,99697,26559,0.27782442022557347,0.43090077227594265
3382,0.342,17,36,17,641403,35041,99714,26542,0.2775392852616905,0.43099556695841384
3383,0.3421,19,27,19,641430,35014,99733,26523,0.27732543403877835,0.4310089864634285
3384,0.3422,19,26,19,641456,34988,99752,26504,0.2771195032315296,0.4310154166395629
3385,0.3423,19,27,19,641483,34961,99771,26485,0.2769056520086174,0.43102887087849495
3386,0.3424,15,26,15,641509,34935,99786,26470,0.27669972120136865,0.43107238824199984
3387,0.3425,18,49,18,641558,34886,99804,26452,0.27631162083386135,0.43124979621115783
3388,0.3426,18,36,18,641594,34850,99822,26434,0.27602648586997847,0.4313360746687553
3389,0.3427,26,33,26,641627,34817,99848,26408,0.2757651121530858,0.4313270722743977
3390,0.3428,13,41,13,641668,34776,99861,26395,0.2754403751108858,0.4314953164081019
3391,0.3429,19,37,19,641705,34739,99880,26376,0.2751473197313395,0.4315798085576372
3392,0.343,13,27,13,641732,34712,99893,26363,0.2749334685084273,0.4316496111338518
3393,0.3431,15,32,15,641764,34680,99908,26348,0.2746800152071981,0.4317362522120994
3394,0.3432,20,30,20,641794,34650,99928,26328,0.27444240273729564,0.4317622749188232
3395,0.3433,21,31,21,641825,34619,99949,26307,0.2741968698517298,0.43178610117191346
3396,0.3434,23,35,23,641860,34584,99972,26284,0.2739196553035103,0.43181967536308075
3397,0.3435,13,32,13,641892,34552,99985,26271,0.2736662020022811,0.4319254229485556
3398,0.3436,10,28,10,641920,34524,99995,26261,0.27344443036370547,0.43203092868306325
3399,0.3437,10,47,10,641967,34477,100005,26251,0.27307217082752505,0.43227176920036886
3400,0.3438,15,24,15,641991,34453,100020,26236,0.2728820808516031,0.43230239417357347
3401,0.3439,15,39,15,642030,34414,100035,26221,0.27257318464072994,0.432440009895275
3402,0.344,25,22,25,642052,34392,100060,26196,0.27239893549613486,0.43236284412755
3403,0.3441,12,35,12,642087,34357,100072,26184,0.27212172094791537,0.43250028906030624
3404,0.3442,21,36,21,642123,34321,100093,26163,0.27183658598403243,0.43256067720388863
3405,0.3443,19,44,19,642167,34277,100112,26144,0.27148808769484223,0.4326972410254713
3406,0.3444,15,32,15,642199,34245,100127,26129,0.27123463439361295,0.4327856362010137
3407,0.3445,22,34,22,642233,34211,100149,26107,0.2709653402610569,0.43282270632315395
3408,0.3446,27,37,27,642270,34174,100176,26080,0.27067228488151057,0.4328343346499817
3409,0.3447,11,25,11,642295,34149,100187,26069,0.2704742744899252,0.4329104254541831
3410,0.3448,14,35,14,642330,34114,100201,26055,0.27019705994170573,0.4330302979939836
3411,0.3449,10,35,10,642365,34079,100211,26045,0.26991984539348624,0.43318807797219083
3412,0.345,16,29,16,642394,34050,100227,26029,0.26969015333924723,0.4332462258026931
3413,0.3451,15,21,15,642415,34029,100242,26014,0.26952382461031554,0.43325616641406994
3414,0.3452,18,32,18,642447,33997,100260,25996,0.2692703713090863,0.4333172203423733
3415,0.3453,17,30,17,642477,33967,100277,25979,0.26903275883918387,0.43337336936576254
3416,0.3454,17,32,17,642509,33935,100294,25962,0.26877930553795465,0.43344407900228726
3417,0.3455,13,19,13,642528,33916,100307,25949,0.2686288176403498,0.4334586152175729
3418,0.3456,22,33,22,642561,33883,100329,25927,0.2683674439234571,0.43348938304631335
3419,0.3457,17,27,17,642588,33856,100346,25910,0.26815359270054495,0.43352407723454806
3420,0.3458,19,31,19,642619,33825,100365,25891,0.2679080598149791,0.4335688927590595
3421,0.3459,8,24,8,642643,33801,100373,25883,0.26771796983905716,0.43366731452315527
3422,0.346,21,44,21,642687,33757,100394,25862,0.26736947154986695,0.43378788641204985
3423,0.3461,12,32,12,642719,33725,100406,25850,0.2671160182486377,0.43390684011749897
3424,0.3462,18,24,18,642743,33701,100424,25832,0.2669259282727158,0.4339106042027111
3425,0.3463,14,18,14,642761,33683,100438,25818,0.2667833607907743,0.4339086738038016
3426,0.3464,16,43,16,642804,33640,100454,25802,0.2664427829172475,0.434070186063726
3427,0.3465,14,40,14,642844,33600,100468,25788,0.26612596629071095,0.43422913719943423
3428,0.3466,15,28,15,642872,33572,100483,25773,0.26590419465213533,0.4342910101946246
3429,0.3467,16,34,16,642906,33538,100499,25757,0.2656349005195793,0.4343873851083565
3430,0.3468,12,32,12,642938,33506,100511,25745,0.26538144721835,0.4345074344736798
3431,0.3469,22,32,22,642970,33474,100533,25723,0.2651279939171208,0.4345321553457101
3432,0.347,23,38,23,643008,33436,100556,25700,0.26482701812191106,0.43459145021645024
3433,0.3471,15,30,15,643038,33406,100571,25685,0.2645894056520086,0.43466856204836607
3434,0.3472,20,36,20,643074,33370,100591,25665,0.26430427068812573,0.4347421021427966
3435,0.3473,15,28,15,643102,33342,100606,25650,0.2640824990495501,0.4348047192839707
3436,0.3474,13,28,13,643130,33314,100619,25637,0.26386072741097455,0.43488660073620466
3437,0.3475,14,29,14,643159,33285,100633,25623,0.26363103535673554,0.4349663882664494
3438,0.3476,21,33,21,643192,33252,100654,25602,0.2633696616398429,0.43500866551126516
3439,0.3477,13,20,13,643212,33232,100667,25589,0.2632112533265746,0.4350317063633736
3440,0.3478,9,41,9,643253,33191,100676,25580,0.2628865162843746,0.4352486770686223
3441,0.3479,20,23,20,643276,33168,100696,25560,0.2627043467241161,0.4352268083367389
3442,0.348,22,31,22,643307,33137,100718,25538,0.26245881383855024,0.4352449936088624
3443,0.3481,15,31,15,643338,33106,100733,25523,0.2622132809529844,0.43533063842125913
3444,0.3482,14,28,14,643366,33078,100747,25509,0.26199150931440884,0.4354037585129807
3445,0.3483,15,28,15,643394,33050,100762,25494,0.2617697376758332,0.43546734080349825
3446,0.3484,10,23,10,643417,33027,100772,25484,0.2615875681155747,0.4355420348310574
3447,0.3485,17,19,17,643436,33008,100789,25467,0.26143708021796985,0.4355194527575887
3448,0.3486,16,25,16,643461,32983,100805,25451,0.2612390698263845,0.4355512201800322
3449,0.3487,9,22,9,643483,32961,100814,25442,0.2610648206817894,0.4356283067650634
3450,0.3488,10,29,10,643512,32932,100824,25432,0.26083512862755037,0.43574806387499143
3451,0.3489,16,29,16,643541,32903,100840,25416,0.26060543657331137,0.43580994187143124
3452,0.349,18,37,18,643578,32866,100858,25398,0.26031238119376504,0.4359123987367843
3453,0.3491,23,32,23,643610,32834,100881,25375,0.2600589278925358,0.43592915184937037
3454,0.3492,6,27,6,643637,32807,100887,25369,0.25984507666962364,0.4360732948294829
3455,0.3493,11,29,11,643666,32778,100898,25358,0.25961538461538464,0.4361841199944957
3456,0.3494,17,27,17,643693,32751,100915,25341,0.25940153339247246,0.4362218549886387
3457,0.3495,19,36,19,643729,32715,100934,25322,0.2591163984285895,0.43630787256405396
3458,0.3496,21,33,21,643762,32682,100955,25301,0.25885502471169686,0.43635203421692564
3459,0.3497,17,32,17,643794,32650,100972,25284,0.25860157141046763,0.43642765906031
3460,0.3498,12,32,12,643826,32618,100984,25272,0.25834811810923836,0.4365520815339437
3461,0.3499,21,24,21,643850,32594,101005,25251,0.25815802813331645,0.4365286541619846
3462,0.35,11,35,11,643885,32559,101016,25240,0.25788081358509696,0.43668575580892405
3463,0.3501,18,35,18,643920,32524,101034,25222,0.25760359903687746,0.4367748415474665
3464,0.3502,18,30,18,643950,32494,101052,25204,0.257365986566975,0.43682623314499636
3465,0.3503,13,27,13,643977,32467,101065,25191,0.25715213534406284,0.43690381213361545
3466,0.3504,17,46,17,644023,32421,101082,25174,0.2567877962235458,0.43708655265213997
3467,0.3505,13,34,13,644057,32387,101095,25161,0.25651850209098975,0.43721762702439704
3468,0.3506,9,33,9,644090,32354,101104,25152,0.2562571283740971,0.43738044725767744
3469,0.3507,25,32,25,644122,32322,101129,25127,0.2560036750728678,0.4373792407178541
3470,0.3508,20,19,20,644141,32303,101149,25107,0.25585318717526295,0.43732799163908725
3471,0.3509,15,33,15,644174,32270,101164,25092,0.2555918134583703,0.437432446567414
3472,0.351,24,32,24,644206,32238,101188,25068,0.25533836015714106,0.4374411056433881
3473,0.3511,22,39,22,644245,32199,101210,25046,0.2550294639462679,0.43752292776661716
3474,0.3512,17,30,17,644275,32169,101227,25029,0.25479185147636546,0.43758523025280605
3475,0.3513,17,28,17,644303,32141,101244,25012,0.2545700798377899,0.4376323202631533
3476,0.3514,16,36,16,644339,32105,101260,24996,0.25428494487390696,0.43775065235284844
3477,0.3515,15,26,15,644365,32079,101275,24981,0.2540790140666582,0.4378023133543638
3478,0.3516,15,32,15,644397,32047,101290,24966,0.25382556076542895,0.4379001280409731
3479,0.3517,22,31,22,644428,32016,101312,24944,0.2535800278798631,0.4379213483146067
3480,0.3518,14,30,14,644458,31986,101326,24930,0.2533424154099607,0.43801391524351674
3481,0.3519,15,31,15,644489,31955,101341,24915,0.2530968825243949,0.4381044487427466
3482,0.352,11,29,11,644518,31926,101352,24904,0.2528671904701559,0.43821925039591764
3483,0.3521,16,35,16,644553,31891,101368,24888,0.2525899759219364,0.4383310731080153
3484,0.3522,15,27,15,644580,31864,101383,24873,0.2523761246990242,0.4383911733084231
3485,0.3523,19,37,19,644617,31827,101402,24854,0.2520830693194779,0.43848908805419806
3486,0.3524,9,29,9,644646,31798,101411,24845,0.2518533772652389,0.4386243666472468
3487,0.3525,13,36,13,644682,31762,101424,24832,0.251568242301356,0.43877442838463443
3488,0.3526,19,28,19,644710,31734,101443,24813,0.2513464706627804,0.43880311952888745
3489,0.3527,18,35,18,644745,31699,101461,24795,0.2510692561145609,0.4388961659645272
3490,0.3528,23,25,23,644770,31674,101484,24772,0.25087124572297553,0.43886192112815786
3491,0.3529,21,25,21,644795,31649,101505,24751,0.2506732353313902,0.43884751773049646
3492,0.353,17,26,17,644821,31623,101522,24734,0.25046730452414145,0.43888070692194403
3493,0.3531,12,25,12,644846,31598,101534,24722,0.25026929413255605,0.4389559659090909
3494,0.3532,14,37,14,644883,31561,101548,24708,0.24997623875300976,0.43910501341769004
3495,0.3533,13,35,13,644918,31526,101561,24695,0.24969902420479026,0.43924867931911565
3496,0.3534,12,29,12,644947,31497,101573,24683,0.24946933215055125,0.4393556425774297
3497,0.3535,17,22,17,644969,31475,101590,24666,0.24929508300595615,0.4393580449226056
3498,0.3536,12,37,12,645006,31438,101602,24654,0.24900202762640983,0.439527918419739
3499,0.3537,27,26,27,645032,31412,101629,24627,0.24879609681916107,0.439461803386927
3500,0.3538,12,39,12,645071,31373,101641,24615,0.2484872006082879,0.4396477816675002
3501,0.3539,14,37,14,645108,31336,101655,24601,0.24819414522874161,0.4397983445662084
3502,0.354,17,40,17,645148,31296,101672,24584,0.24787732860220504,0.4399427344309234
3503,0.3541,17,34,17,645182,31262,101689,24567,0.24760803446964896,0.44004012251697144
3504,0.3542,22,39,22,645221,31223,101711,24545,0.2472991382587758,0.440126954525893
3505,0.3543,14,31,14,645252,31192,101725,24531,0.24705360537320997,0.4402311433339913
3506,0.3544,10,36,10,645288,31156,101735,24521,0.2467684704093271,0.44041525225856276
3507,0.3545,17,44,17,645332,31112,101752,24504,0.24641997212013686,0.4405926352128884
3508,0.3546,13,36,13,645368,31076,101765,24491,0.24613483715625395,0.44074720607554846
3509,0.3547,12,28,12,645396,31048,101777,24479,0.24591306551767836,0.4408485961784357
3510,0.3548,12,28,12,645424,31020,101789,24467,0.24569129387910277,0.44095013246345993
3511,0.3549,16,35,16,645459,30985,101805,24451,0.24541407933088327,0.44106717656396566
3512,0.355,14,21,14,645480,30964,101819,24437,0.2452477506019516,0.4410931210627967
3513,0.3551,16,22,16,645502,30942,101835,24421,0.24507350145735649,0.44110687643371926
3514,0.3552,18,32,18,645534,30910,101853,24403,0.24482004815612723,0.4411801927214217
3515,0.3553,8,26,8,645560,30884,101861,24395,0.24461411734887847,0.44130682537672533
3516,0.3554,10,27,10,645587,30857,101871,24385,0.2444002661259663,0.44142138228159733
3517,0.3555,16,31,16,645618,30826,101887,24369,0.24415473324040046,0.4415073829151191
3518,0.3556,14,29,14,645647,30797,101901,24355,0.24392504118616146,0.4415977661734842
3519,0.3557,25,23,25,645670,30774,101926,24330,0.24374287162590294,0.4415287456445993
3520,0.3558,18,20,18,645690,30754,101944,24312,0.24358446331263464,0.4415065557694403
3521,0.3559,17,30,17,645720,30724,101961,24295,0.24334685084273222,0.4415747287300751
3522,0.356,14,31,14,645751,30693,101975,24281,0.24310131795716639,0.44168152217411866
3523,0.3561,7,28,7,645779,30665,101982,24274,0.2428795463185908,0.44183549027102786
3524,0.3562,11,25,11,645804,30640,101993,24263,0.24268153592700545,0.44192484927963865
3525,0.3563,21,31,21,645835,30609,102014,24242,0.2424360030414396,0.4419609487520738
3526,0.3564,18,29,18,645864,30580,102032,24224,0.2422063109872006,0.4420115320049631
3527,0.3565,16,23,16,645887,30557,102048,24208,0.2420241414269421,0.4420341458961015
3528,0.3566,10,25,10,645912,30532,102058,24198,0.24182613103535675,0.4421341129179609
3529,0.3567,13,31,13,645943,30501,102071,24185,0.2415805981497909,0.44225213034414657
3530,0.3568,15,28,15,645971,30473,102086,24170,0.24135882651121532,0.4423256409787164
3531,0.3569,11,28,11,645999,30445,102097,24159,0.24113705487263973,0.4424401142773423
3532,0.357,20,26,20,646025,30419,102117,24139,0.24093112406539094,0.44244657062209025
3533,0.3571,15,29,15,646054,30390,102132,24124,0.24070143201115193,0.44252852478262467
3534,0.3572,21,27,21,646081,30363,102153,24103,0.24048758078823976,0.4425329563397349
3535,0.3573,12,35,12,646116,30328,102165,24091,0.2402103662400203,0.4426946470901707
3536,0.3574,12,27,12,646143,30301,102177,24079,0.2399965150171081,0.44279146745126885
3537,0.3575,14,30,14,646173,30271,102191,24065,0.23975890254720567,0.44289237338044757
3538,0.3576,8,22,8,646195,30249,102199,24057,0.23958465340261056,0.4429897248922771
3539,0.3577,10,23,10,646218,30226,102209,24047,0.23940248384235205,0.4430748254196378
3540,0.3578,18,20,18,646238,30206,102227,24029,0.23924407552908378,0.44305337881441875
3541,0.3579,12,21,12,646259,30185,102239,24017,0.23907774680015206,0.44310173056344787
3542,0.358,14,39,14,646298,30146,102253,24003,0.23876885058927894,0.4432768841529853
3543,0.3581,17,28,17,646326,30118,102270,23986,0.23854707895070335,0.44333136182167676
3544,0.3582,20,33,20,646359,30085,102290,23966,0.23828570523381068,0.44339605187693104
3545,0.3583,23,26,23,646385,30059,102313,23943,0.23807977442656192,0.443372467686382
3546,0.3584,23,31,23,646416,30028,102336,23920,0.23783424154099608,0.4433899310447097
3547,0.3585,20,29,20,646445,29999,102356,23900,0.23760454948675708,0.44342195588044303
3548,0.3586,12,30,12,646475,29969,102368,23888,0.23736693701685466,0.4435449430900347
3549,0.3587,13,24,13,646499,29945,102381,23875,0.2371768470409327,0.4436083240431066
3550,0.3588,21,33,21,646532,29912,102402,23854,0.23691547332404003,0.4436632816277945
3551,0.3589,16,28,16,646560,29884,102418,23838,0.23669370168546444,0.44372882617921894
3552,0.359,21,18,21,646578,29866,102439,23817,0.236551134203523,0.4436600040981316
3553,0.3591,9,29,9,646607,29837,102448,23808,0.236321442149284,0.4438065057321279
3554,0.3592,17,21,17,646628,29816,102465,23791,0.2361551134203523,0.44380398082339995
3555,0.3593,20,25,20,646653,29791,102485,23771,0.23595710302876696,0.4438034427392554
3556,0.3594,20,26,20,646679,29765,102505,23751,0.23575117222151817,0.44381119665146873
3557,0.3595,15,19,15,646698,29746,102520,23736,0.23560068432391332,0.44381287162035826
3558,0.3596,12,39,12,646737,29707,102532,23724,0.23529178811304016,0.44401190320226086
3559,0.3597,8,19,8,646756,29688,102540,23716,0.2351413002154353,0.4440865852745113
3560,0.3598,15,46,15,646802,29642,102555,23701,0.23477696109491827,0.44431321822919595
3561,0.3599,16,31,16,646833,29611,102571,23685,0.23453142820935244,0.44440483338336834
3562,0.36,19,34,19,646867,29577,102590,23666,0.23426213407679636,0.44449035553969535
3563,0.3601,17,29,17,646896,29548,102607,23649,0.23403244202255735,0.4445551440870726
3564,0.3602,12,25,12,646921,29523,102619,23637,0.233834431630972,0.4446388261851016
3565,0.3603,13,26,13,646947,29497,102632,23624,0.23362850082372322,0.4447205436644642
3566,0.3604,13,30,13,646977,29467,102645,23611,0.2333908883538208,0.4448359018802517
3567,0.3605,15,33,15,647010,29434,102660,23596,0.23312951463692816,0.4449556854610598
3568,0.3606,12,22,12,647032,29412,102672,23584,0.23295526549233303,0.4450147180919315
3569,0.3607,21,34,21,647066,29378,102693,23563,0.23268597135977695,0.44508037249013055
3570,0.3608,15,32,15,647098,29346,102708,23548,0.2324325180585477,0.44519227133512307
3571,0.3609,21,24,21,647122,29322,102729,23527,0.23224242808262577,0.44517398626274857
3572,0.361,13,18,13,647140,29304,102742,23514,0.23209986060068433,0.4451891400658866
3573,0.3611,8,33,8,647173,29271,102750,23506,0.23183848688379166,0.4453834056501885
3574,0.3612,15,29,15,647202,29242,102765,23491,0.23160879482955266,0.44547057819581665
3575,0.3613,17,27,17,647229,29215,102782,23474,0.23139494360664048,0.44551993774791704
3576,0.3614,14,20,14,647249,29195,102796,23460,0.2312365352933722,0.44554173392840185
3577,0.3615,13,20,13,647269,29175,102809,23447,0.2310781269801039,0.4455740944851963
3578,0.3616,8,25,8,647294,29150,102817,23439,0.23088011658851856,0.44570157257221094
3579,0.3617,11,27,11,647321,29123,102828,23428,0.2306662653656064,0.4458145420638998
3580,0.3618,15,29,15,647350,29094,102843,23413,0.23043657331136738,0.44590245110175786
3581,0.3619,12,31,12,647381,29063,102855,23401,0.23019104042580155,0.44603918877706616
3582,0.362,12,22,12,647403,29041,102867,23389,0.23001679128120645,0.44609956131985506
3583,0.3621,11,25,11,647428,29016,102878,23378,0.2298187808896211,0.44619612932778563
3584,0.3622,12,27,12,647455,28989,102890,23366,0.2296049296667089,0.4462993028364053
3585,0.3623,11,36,11,647491,28953,102901,23355,0.229319794702826,0.4464900206469374
3586,0.3624,11,36,11,647527,28917,102912,23344,0.2290346597389431,0.4466810814948049
3587,0.3625,17,24,17,647551,28893,102929,23327,0.22884456976302117,0.44670624281884336
3588,0.3626,13,26,13,647577,28867,102942,23314,0.2286386389557724,0.4467909775588816
3589,0.3627,8,23,8,647600,28844,102950,23306,0.22845646939551387,0.4469031639501438
3590,0.3628,16,20,16,647620,28824,102966,23290,0.2282980610822456,0.4469048624170089
3591,0.3629,19,30,19,647650,28794,102985,23271,0.22806044861234318,0.44696053010659753
3592,0.363,12,22,12,647672,28772,102997,23259,0.22788619946774807,0.44702196767311797
3593,0.3631,13,32,13,647704,28740,103010,23246,0.22763274616651882,0.4471588504597392
3594,0.3632,11,27,11,647731,28713,103021,23235,0.22741889494360665,0.44727419727419726
3595,0.3633,13,29,13,647760,28684,103034,23222,0.22718920288936764,0.4473856586907101
3596,0.3634,15,27,15,647787,28657,103049,23207,0.22697535166645547,0.4474587382384698
3597,0.3635,13,33,13,647820,28624,103062,23194,0.2267139779495628,0.4476050793160678
3598,0.3636,13,28,13,647848,28596,103075,23181,0.2264922063109872,0.4477084419723043
3599,0.3637,16,26,16,647874,28570,103091,23165,0.22628627550373845,0.4477626365129989
3600,0.3638,20,31,20,647905,28539,103111,23145,0.2260407426181726,0.4478175063849547
3601,0.3639,5,21,5,647926,28518,103116,23140,0.2258744138892409,0.44794610708893107
3602,0.364,15,25,15,647951,28493,103131,23125,0.22567640349765555,0.44800263473981944
3603,0.3641,18,29,18,647980,28464,103149,23107,0.22544671144341655,0.4480618952512071
3604,0.3642,18,24,18,648004,28440,103167,23089,0.22525662146749462,0.448077781443459
3605,0.3643,18,22,18,648026,28418,103185,23071,0.22508237232289952,0.4480762881392142
3606,0.3644,11,25,11,648051,28393,103196,23060,0.22488436193131414,0.44817600528637785
3607,0.3645,9,22,9,648073,28371,103205,23051,0.22471011278671904,0.44827116798257555
3608,0.3646,17,35,17,648108,28336,103222,23034,0.22443289823849955,0.44839400428265525
3609,0.3647,16,24,16,648132,28312,103238,23018,0.22424280826257761,0.4484317163452172
3610,0.3648,17,29,17,648161,28283,103255,23001,0.2240131162083386,0.44850245690663754
3611,0.3649,15,33,15,648194,28250,103270,22986,0.22375174249144594,0.4486298696229214
3612,0.365,12,23,12,648217,28227,103282,22974,0.22356957293118743,0.44870217378566823
3613,0.3651,13,25,13,648242,28202,103295,22961,0.22337156253960208,0.4487813458944941
3614,0.3652,12,27,12,648269,28175,103307,22949,0.2231577113166899,0.44888897582348797
3615,0.3653,19,31,19,648300,28144,103326,22930,0.22291217843112407,0.4489564161804441
3616,0.3654,20,27,20,648327,28117,103346,22910,0.2226983272082119,0.448977992043428
3617,0.3655,24,30,24,648357,28087,103370,22886,0.22246071473830947,0.4489827948129402
3618,0.3656,10,15,10,648372,28072,103380,22876,0.22234190850335825,0.44900683049383683
3619,0.3657,15,25,15,648397,28047,103395,22861,0.2221438981117729,0.44906497996385636
3620,0.3658,15,32,15,648429,28015,103410,22846,0.22189044481054365,0.44918503371935276
3621,0.3659,16,20,16,648449,27995,103426,22830,0.22173203649727538,0.44918839153959667
3622,0.366,15,24,15,648473,27971,103441,22815,0.22154194652135345,0.44923797897058243
3623,0.3661,23,27,23,648500,27944,103464,22792,0.22132809529844127,0.4492273730684327
3624,0.3662,18,24,18,648524,27920,103482,22774,0.22113800532251932,0.44924448652700516
3625,0.3663,18,20,18,648544,27900,103500,22756,0.22097959700925104,0.4492261528742893
3626,0.3664,18,34,18,648578,27866,103518,22738,0.22071030287669496,0.44933206861117697
3627,0.3665,11,21,11,648599,27845,103529,22727,0.22054397414776328,0.44939887684884916
3628,0.3666,19,21,19,648620,27824,103548,22708,0.2203776454188316,0.44937861157286474
3629,0.3667,12,32,12,648652,27792,103560,22696,0.22012419211760234,0.44953256219299637
3630,0.3668,8,32,8,648684,27760,103568,22688,0.2198707388163731,0.4497304154773232
3631,0.3669,24,22,24,648706,27738,103592,22664,0.21969648967177796,0.449664695845403
3632,0.367,13,31,13,648737,27707,103605,22651,0.21945095678621215,0.4497994360379681
3633,0.3671,13,20,13,648757,27687,103618,22638,0.21929254847294385,0.4498360655737705
3634,0.3672,18,29,18,648786,27658,103636,22620,0.21906285641870485,0.4498985639842476
3635,0.3673,17,22,17,648808,27636,103653,22603,0.21888860727410975,0.4499094329106869
3636,0.3674,24,26,24,648834,27610,103677,22579,0.218682676466861,0.4498794556576142
3637,0.3675,10,22,10,648856,27588,103687,22569,0.21850842732226589,0.44996710329565165
3638,0.3676,17,28,17,648884,27560,103704,22552,0.21828665568369027,0.45003192848020435
3639,0.3677,22,20,22,648904,27540,103726,22530,0.218128247370422,0.4499700419412822
3640,0.3678,15,28,15,648932,27512,103741,22515,0.2179064757318464,0.4500569692366122
3641,0.3679,10,30,10,648962,27482,103751,22505,0.21766886326194398,0.450217056434673
3642,0.368,11,21,11,648983,27461,103762,22494,0.2175025345330123,0.45028525673105796
3643,0.3681,10,22,10,649005,27439,103772,22484,0.2173282853884172,0.4503735753059712
3644,0.3682,6,19,6,649024,27420,103778,22478,0.2171777974908123,0.45047897711331114
3645,0.3683,11,30,11,649054,27390,103789,22467,0.2169401850209099,0.4506287983633191
3646,0.3684,20,20,20,649074,27370,103809,22447,0.21678177670764162,0.4505891563121023
3647,0.3685,20,28,20,649102,27342,103829,22427,0.21656000506906603,0.4506218730535072
3648,0.3686,14,24,14,649126,27318,103843,22413,0.2163699150931441,0.45068468359775593
3649,0.3687,12,31,12,649157,27287,103855,22401,0.21612438220757826,0.4508331991627757
3650,0.3688,19,19,19,649176,27268,103874,22382,0.21597389430997338,0.45079556898288015
3651,0.3689,17,24,17,649200,27244,103891,22365,0.21578380433405145,0.4508254550585579
3652,0.369,9,31,9,649231,27213,103900,22356,0.2155382714484856,0.4510076862555226
3653,0.3691,9,28,9,649259,27185,103909,22347,0.21531649980991002,0.45116288459985465
3654,0.3692,12,28,12,649287,27157,103921,22335,0.21509472817133443,0.45128505617069425
3655,0.3693,16,27,16,649314,27130,103937,22319,0.21488087694842226,0.4513539202006107
3656,0.3694,17,19,17,649333,27111,103954,22302,0.2147303890508174,0.4513387165320867
3657,0.3695,13,26,13,649359,27085,103967,22289,0.2145244582435686,0.45143192773524526
3658,0.3696,12,29,12,649388,27056,103979,22277,0.2142947661893296,0.4515638619179859
3659,0.3697,12,24,12,649412,27032,103991,22265,0.21410467621340767,0.45165020183784005
3660,0.3698,15,26,15,649438,27006,104006,22250,0.2138987454061589,0.45172161767094365
3661,0.3699,11,26,11,649464,26980,104017,22239,0.21369281459891015,0.4518377049513399
3662,0.37,10,24,10,649488,26956,104027,22229,0.21350272462298822,0.4519467317271526
3663,0.3701,13,34,13,649522,26922,104040,22216,0.21323343049043214,0.45211445317269733
3664,0.3702,17,24,17,649546,26898,104057,22199,0.2130433405145102,0.4521457522862904
3665,0.3703,21,23,21,649569,26875,104078,22178,0.21286117095425167,0.45212321366685015
3666,0.3704,5,22,5,649591,26853,104083,22173,0.21268692180965657,0.45227022396279526
3667,0.3705,12,28,12,649619,26825,104095,22161,0.21246515017108097,0.45239456171150944
3668,0.3706,20,24,20,649643,26801,104115,22141,0.21227506019515904,0.4523926280086633
3669,0.3707,12,24,12,649667,26777,104127,22129,0.2120849702192371,0.45248026826974197
3670,0.3708,19,27,19,649694,26750,104146,22110,0.21187111899632494,0.4525173966434711
3671,0.3709,17,20,17,649714,26730,104163,22093,0.21171271068305664,0.4525121356737603
3672,0.371,21,35,21,649749,26695,104184,22072,0.21143549613483717,0.4526011442163758
3673,0.3711,16,25,16,649774,26670,104200,22056,0.2112374857432518,0.4526536140869351
3674,0.3712,13,22,13,649796,26648,104213,22043,0.2110632365986567,0.4527120001643014
3675,0.3713,21,22,21,649818,26626,104234,22022,0.2108889874540616,0.4526804801841802
3676,0.3714,12,18,12,649836,26608,104246,22010,0.21074641997212012,0.4527129869595623
3677,0.3715,26,21,26,649857,26587,104272,21984,0.21058009124318844,0.4526157583743386
3678,0.3716,17,29,17,649886,26558,104289,21967,0.21035039918894943,0.4526944873776404
3679,0.3717,13,23,13,649909,26535,104302,21954,0.21016822962869092,0.45276248221246057
3680,0.3718,15,28,15,649937,26507,104317,21939,0.20994645799011533,0.4528547248482847
3681,0.3719,10,29,10,649966,26478,104327,21929,0.20971676593587632,0.4530129939884727
3682,0.372,13,21,13,649987,26457,104340,21916,0.20955043720694463,0.45306265892129904
3683,0.3721,8,20,8,650007,26437,104348,21908,0.20939202889367634,0.45315958216982105
3684,0.3722,14,29,14,650036,26408,104362,21894,0.20916233683943733,0.4532731563910397
3685,0.3723,12,22,12,650058,26386,104374,21882,0.20898808769484223,0.45334383028093145
3686,0.3724,21,25,21,650083,26361,104395,21861,0.20879007730325688,0.45334079880552447
3687,0.3725,9,32,9,650115,26329,104404,21852,0.20853662400202763,0.4535397770905544
3688,0.3726,16,24,16,650139,26305,104420,21836,0.2083465340261057,0.45358426289441434
3689,0.3727,6,23,6,650162,26282,104426,21830,0.20816436446584716,0.453732956434985
3690,0.3728,33,13,33,650175,26269,104459,21797,0.2080613990622228,0.4534806307993176
3691,0.3729,17,17,17,650192,26252,104476,21780,0.20792675199594474,0.4534477015323118
3692,0.373,11,23,11,650215,26229,104487,21769,0.20774458243568622,0.45353973082211757
3693,0.3731,15,25,15,650240,26204,104502,21754,0.20754657204410087,0.4536052379165103
3694,0.3732,15,29,15,650269,26175,104517,21739,0.20731687998986187,0.45370872813791374
3695,0.3733,16,20,16,650289,26155,104533,21723,0.2071584716765936,0.453715694055725
3696,0.3734,15,18,15,650307,26137,104548,21708,0.20701590419465213,0.453715121747309
3697,0.3735,14,34,14,650341,26103,104562,21694,0.20674661006209605,0.4538778584429985
3698,0.3736,12,19,12,650360,26084,104574,21682,0.2065961221644912,0.4539211991793326
3699,0.3737,17,30,17,650390,26054,104591,21665,0.20635850969458877,0.4540120287516503
3700,0.3738,13,21,13,650411,26033,104604,21652,0.20619218096565708,0.4540631225752333
3701,0.3739,9,20,9,650431,26013,104613,21643,0.20603377265238879,0.45415057915057916
3702,0.374,11,15,11,650446,25998,104624,21632,0.2059149664174376,0.45416754146546295
3703,0.3741,15,26,15,650472,25972,104639,21617,0.20570903561018883,0.45424362772909704
3704,0.3742,16,33,16,650505,25939,104655,21601,0.20544766189329616,0.45437526293647457
3705,0.3743,16,25,16,650530,25914,104671,21585,0.20524965150171082,0.45443061959199144
3706,0.3744,18,21,18,650551,25893,104689,21567,0.2050833227727791,0.45442477876106196
3707,0.3745,19,28,19,650579,25865,104708,21548,0.2048615511342035,0.4544745112100057
3708,0.3746,13,22,13,650601,25843,104721,21535,0.2046873019896084,0.45453586052598255
3709,0.3747,11,18,11,650619,25825,104732,21524,0.20454473450766697,0.45458193414855647
3710,0.3748,11,21,11,650640,25804,104743,21513,0.20437840577873526,0.4546568886446732
3711,0.3749,18,31,18,650671,25773,104761,21495,0.20413287289316942,0.45474739781670476
3712,0.375,21,29,21,650700,25744,104782,21474,0.20390318083893041,0.45478419246897367
3713,0.3751,18,24,18,650724,25720,104800,21456,0.20371309086300848,0.4548075292521621
3714,0.3752,18,17,18,650741,25703,104818,21438,0.20357844379673046,0.4547633694660699
3715,0.3753,15,19,15,650760,25684,104833,21423,0.20342795589912557,0.45477317596110983
3716,0.3754,17,28,17,650788,25656,104850,21406,0.20320618426054998,0.45484679784114573
3717,0.3755,16,27,16,650815,25629,104866,21390,0.2029923330376378,0.454922478147132
3718,0.3756,16,26,16,650841,25603,104882,21374,0.20278640223038905,0.4549886114481555
3719,0.3757,17,24,17,650865,25579,104899,21357,0.20259631225446711,0.45502386228055225
3720,0.3758,26,24,26,650889,25555,104925,21331,0.20240622227854518,0.4549545706607516
3721,0.3759,15,24,15,650913,25531,104940,21316,0.20221613230262325,0.45501312784169745
3722,0.376,24,29,24,650942,25502,104964,21292,0.20198644024838425,0.45501560029063554
3723,0.3761,17,14,17,650956,25488,104981,21275,0.20187555442909644,0.4549537027136839
3724,0.3762,12,25,12,650981,25463,104993,21263,0.2016775440375111,0.45505714163420796
3725,0.3763,9,14,9,650995,25449,105002,21254,0.20156665821822328,0.4550885382095369
3726,0.3764,20,30,20,651025,25419,105022,21234,0.20132904574832086,0.4551475789338306
3727,0.3765,13,25,13,651050,25394,105035,21221,0.20113103535673552,0.4552397297007401
3728,0.3766,10,18,10,651068,25376,105045,21211,0.20098846787479407,0.45529868847532573
3729,0.3767,12,26,12,651094,25350,105057,21199,0.2007825370675453,0.45541257599518786
3730,0.3768,11,22,11,651116,25328,105068,21188,0.20060828792295018,0.45549918307679077
3731,0.3769,11,14,11,651130,25314,105079,21177,0.2004974021036624,0.4555075175840485
3732,0.377,13,21,13,651151,25293,105092,21164,0.20033107337473072,0.45556105646081324
3733,0.3771,12,25,12,651176,25268,105104,21152,0.20013306298314534,0.4556656613528651
3734,0.3772,14,25,14,651201,25243,105118,21138,0.19993505259156,0.4557469653521916
3735,0.3773,13,26,13,651227,25217,105131,21125,0.19972912178431124,0.45584998489491174
3736,0.3774,11,29,11,651256,25188,105142,21114,0.19949942973007223,0.45600622003369184
3737,0.3775,18,22,18,651278,25166,105160,21096,0.19932518058547713,0.45601141325493927
3738,0.3776,11,23,11,651301,25143,105171,21085,0.1991430110252186,0.45610885177814314
3739,0.3777,11,32,11,651333,25111,105182,21074,0.19888955772398936,0.4562953339828949
3740,0.3778,14,26,14,651359,25085,105196,21060,0.1986836269167406,0.456387474265901
3741,0.3779,17,27,17,651386,25058,105213,21043,0.1984697756938284,0.45645430684800764
3742,0.378,15,29,15,651415,25029,105228,21028,0.1982400836395894,0.4565646915778275
3743,0.3781,14,25,14,651440,25004,105242,21014,0.19804207324800405,0.45664739884393063
3744,0.3782,16,24,16,651464,24980,105258,20998,0.19785198327208212,0.456696681021358
3745,0.3783,12,20,12,651484,24960,105270,20986,0.19769357495881384,0.45675358028990554
3746,0.3784,11,14,11,651498,24946,105281,20975,0.19758268913952604,0.456762701160689
3747,0.3785,14,27,14,651525,24919,105295,20961,0.19736883791661386,0.45686573670444636
3748,0.3786,17,28,17,651553,24891,105312,20944,0.19714706627803827,0.45694338387694994
3749,0.3787,12,27,12,651580,24864,105324,20932,0.1969332150551261,0.45707048650537163
3750,0.3788,16,22,16,651602,24842,105340,20916,0.196758965910531,0.45710039774465666
3751,0.3789,6,25,6,651627,24817,105346,20910,0.19656095551894565,0.45727906925886236
3752,0.379,10,24,10,651651,24793,105356,20900,0.1963708655430237,0.4574004770971484
3753,0.3791,14,29,14,651680,24764,105370,20886,0.19614117348878468,0.4575246440306681
3754,0.3792,17,27,17,651707,24737,105387,20869,0.1959273222658725,0.4575932991273078
3755,0.3793,12,17,12,651724,24720,105399,20857,0.19579267519959448,0.4576211685718674
3756,0.3794,14,28,14,651752,24692,105413,20843,0.1955709035610189,0.4577358076205117
3757,0.3795,19,24,19,651776,24668,105432,20824,0.19538081358509696,0.4577508133298162
3758,0.3796,10,30,10,651806,24638,105442,20814,0.19514320111519454,0.4579336442840799
3759,0.3797,9,26,9,651832,24612,105451,20805,0.19493727030794575,0.4580883810027082
3760,0.3798,19,32,19,651864,24580,105470,20786,0.19468381700671653,0.4581845434907199
3761,0.3799,11,20,11,651884,24560,105481,20775,0.19452540869344823,0.4582552112054704
3762,0.38,16,28,16,651912,24532,105497,20759,0.19430363705487264,0.45834713298447816
3763,0.3801,15,16,15,651928,24516,105512,20744,0.19417691040425802,0.45832965090587713
3764,0.3802,16,18,16,651946,24498,105528,20728,0.19403434292231656,0.45832043514792375
3765,0.3803,10,27,10,651973,24471,105538,20718,0.19382049169940438,0.4584744074885481
3766,0.3804,19,23,19,651996,24448,105557,20699,0.19363832213914586,0.45848007619553904
3767,0.3805,10,27,10,652023,24421,105567,20689,0.1934244709162337,0.4586344491243627
3768,0.3806,16,13,16,652036,24408,105583,20673,0.1933215055126093,0.4585745657815931
3769,0.3807,16,16,16,652052,24392,105599,20657,0.19319477886199468,0.4585451397367311
3770,0.3808,7,14,7,652066,24378,105606,20650,0.19308389304270687,0.45860353557786265
3771,0.3809,11,18,11,652084,24360,105617,20639,0.19294132556076543,0.45865463676970597
3772,0.381,9,28,9,652112,24332,105626,20630,0.19271955392218984,0.4588319024954406
3773,0.3811,10,24,10,652136,24308,105636,20620,0.1925294639462679,0.4589565527065527
3774,0.3812,12,30,12,652166,24278,105648,20608,0.1922918514763655,0.45911865615113845
3775,0.3813,10,20,10,652186,24258,105658,20598,0.1921334431630972,0.4592027822364901
3776,0.3814,13,32,13,652218,24226,105671,20585,0.19187998986186794,0.45937381446519826
3777,0.3815,12,27,12,652245,24199,105683,20573,0.19166613863895576,0.4595059412132583
3778,0.3816,14,22,14,652267,24177,105697,20559,0.19149188949436066,0.45956276824034337
3779,0.3817,13,20,13,652287,24157,105710,20546,0.1913334811810924,0.4596112117754961
3780,0.3818,15,28,15,652315,24129,105725,20531,0.1911117095425168,0.459717868338558
3781,0.3819,12,21,12,652336,24108,105737,20519,0.19094538081358509,0.4597889170233267
3782,0.382,10,21,10,652357,24087,105747,20509,0.1907790520846534,0.4598842945555655
3783,0.3821,13,23,13,652380,24064,105760,20496,0.19059688252439488,0.4599640933572711
3784,0.3822,25,20,25,652400,24044,105785,20471,0.1904384742111266,0.45986746040660453
3785,0.3823,14,14,14,652414,24030,105799,20457,0.1903275883918388,0.459842201092454
3786,0.3824,12,26,12,652440,24004,105811,20445,0.19012165758459004,0.459965353551261
3787,0.3825,11,18,11,652458,23986,105822,20434,0.18997909010264857,0.460018009905448
3788,0.3826,14,15,14,652473,23971,105836,20420,0.18986028386769738,0.4600031537924354
3789,0.3827,10,25,10,652498,23946,105846,20410,0.18966227347611203,0.4601406799531067
3790,0.3828,11,19,11,652517,23927,105857,20399,0.18951178557850715,0.4602039435094527
3791,0.3829,18,24,18,652541,23903,105875,20381,0.18932169560258522,0.46023394453978866
3792,0.383,13,27,13,652568,23876,105888,20368,0.18910784437967304,0.4603562064912757
3793,0.3831,16,22,16,652590,23854,105904,20352,0.18893359523507794,0.4603899923087364
3794,0.3832,12,22,12,652612,23832,105916,20340,0.18875934609048284,0.46047269763651183
3795,0.3833,10,24,10,652636,23808,105926,20330,0.18856925611456088,0.46060084281118313
3796,0.3834,11,22,11,652658,23786,105937,20319,0.18839500696996578,0.4606960662056456
3797,0.3835,8,16,8,652674,23770,105945,20311,0.18826828031935117,0.46076540913318664
3798,0.3836,15,27,15,652701,23743,105960,20296,0.188054429096439,0.46086423397443177
3799,0.3837,8,23,8,652724,23720,105968,20288,0.18787225953618045,0.4610070896200691
3800,0.3838,11,23,11,652747,23697,105979,20277,0.18769008997592193,0.4611133851821531
3801,0.3839,7,22,7,652769,23675,105986,20270,0.18751584083132683,0.46125839117078166
3802,0.384,10,19,10,652788,23656,105996,20260,0.18736535293372197,0.461335276436834
3803,0.3841,18,22,18,652810,23634,106014,20242,0.18719110378912684,0.4613456103564591
3804,0.3842,20,20,20,652830,23614,106034,20222,0.18703269547585857,0.46131033853453784
3805,0.3843,9,26,9,652856,23588,106043,20213,0.1868267646686098,0.4614734823405858
3806,0.3844,12,28,12,652884,23560,106055,20201,0.18660499303003422,0.4616210781289276
3807,0.3845,12,22,12,652906,23538,106067,20189,0.18643074388543912,0.46170558236329956
3808,0.3846,12,18,12,652924,23520,106079,20177,0.18628817640349765,0.46174794608325515
3809,0.3847,13,14,13,652938,23506,106092,20164,0.18617729058420987,0.46173574536294937
3810,0.3848,18,21,18,652959,23485,106110,20146,0.18601096185527816,0.46173592170704314
3811,0.3849,10,24,10,652983,23461,106120,20136,0.18582087187935623,0.4618666422001514
3812,0.385,17,26,17,653009,23435,106137,20119,0.18561494107210746,0.4619323139091702
3813,0.3851,9,37,9,653046,23398,106146,20110,0.18532188569256114,0.462213845729521
3814,0.3852,9,33,9,653079,23365,106155,20101,0.18506051197566847,0.4624534118621451
3815,0.3853,7,24,7,653103,23341,106162,20094,0.18487042199974654,0.4626223091976517
3816,0.3854,16,18,16,653121,23323,106178,20078,0.1847278545178051,0.46261606875417616
3817,0.3855,14,12,14,653133,23311,106192,20064,0.18463280952984412,0.4625706051873199
3818,0.3856,14,29,14,653162,23282,106206,20050,0.18440311747560512,0.4627065448167636
3819,0.3857,14,18,14,653180,23264,106220,20036,0.18426054999366367,0.46272517321016166
3820,0.3858,15,23,15,653203,23241,106235,20021,0.18407838043340516,0.462784892053072
3821,0.3859,17,27,17,653230,23214,106252,20004,0.18386452921049296,0.4628626960988477
3822,0.386,9,24,9,653254,23190,106261,19995,0.18367443923457102,0.46300798888502953
3823,0.3861,18,21,18,653275,23169,106279,19977,0.18350811050563934,0.4630093172020581
3824,0.3862,14,19,14,653294,23150,106293,19963,0.18335762260803448,0.463038990559692
3825,0.3863,21,22,21,653316,23128,106314,19942,0.18318337346343935,0.46301369863013697
3826,0.3864,12,22,12,653338,23106,106326,19930,0.18300912431884425,0.4631006599126313
3827,0.3865,12,20,12,653358,23086,106338,19918,0.18285071600557598,0.4631662170960841
3828,0.3866,14,23,14,653381,23063,106352,19904,0.18266854644531744,0.46323923010682616
3829,0.3867,8,22,8,653403,23041,106360,19896,0.18249429730072234,0.4633765749819503
3830,0.3868,9,14,9,653417,23027,106369,19887,0.18238341148143455,0.4634152024980193
3831,0.3869,10,23,10,653440,23004,106379,19877,0.182201241921176,0.4635386301625429
3832,0.387,14,18,14,653458,22986,106393,19863,0.18205867443923457,0.46355807603444654
3833,0.3871,15,23,15,653481,22963,106408,19848,0.18187650487897605,0.4636191632991521
3834,0.3872,16,26,16,653507,22937,106424,19832,0.1816705740717273,0.4637003437068905
3835,0.3873,14,20,14,653527,22917,106438,19818,0.181512165758459,0.46374166374166376
3836,0.3874,15,16,15,653543,22901,106453,19803,0.18138543910784438,0.4637270513300862
3837,0.3875,8,15,8,653558,22886,106461,19795,0.18126663287289316,0.463789508212085
3838,0.3876,12,24,12,653582,22862,106473,19783,0.18107654289697123,0.46389963653417754
3839,0.3877,8,23,8,653605,22839,106481,19775,0.1808943733367127,0.4640493734453466
3840,0.3878,20,19,20,653624,22820,106501,19755,0.18074388543910785,0.46400469759248386
3841,0.3879,20,22,20,653646,22798,106521,19735,0.18056963629451273,0.4639926645193144
3842,0.388,15,23,15,653669,22775,106536,19720,0.1803874667342542,0.4640545946581951
3843,0.3881,11,20,11,653689,22755,106547,19709,0.18022905842098594,0.46413432554634515
3844,0.3882,14,31,14,653720,22724,106561,19695,0.1799835255354201,0.46429665951578303
3845,0.3883,17,27,17,653747,22697,106578,19678,0.17976967431250793,0.46437758112094396
3846,0.3884,12,29,12,653776,22668,106590,19666,0.17953998225826892,0.4645438654509378
3847,0.3885,7,23,7,653799,22645,106597,19659,0.1793578126980104,0.4647078290468986
3848,0.3886,16,20,16,653819,22625,106613,19643,0.1791994043847421,0.46472508753667074
3849,0.3887,19,19,19,653838,22606,106632,19624,0.17904891648713725,0.4646933459625858
3850,0.3888,13,21,13,653859,22585,106645,19611,0.17888258775820556,0.4647596928618826
3851,0.3889,13,14,13,653873,22571,106658,19598,0.17877170193891775,0.4647489862221063
3852,0.389,14,18,14,653891,22553,106672,19584,0.1786291344569763,0.4647696798538102
3853,0.3891,13,25,13,653916,22528,106685,19571,0.17843112406539094,0.4648804009596427
3854,0.3892,13,23,13,653939,22505,106698,19558,0.17824895450513242,0.46496921284739556
3855,0.3893,8,15,8,653954,22490,106706,19550,0.17813014827018123,0.4650333016175071
3856,0.3894,15,26,15,653980,22464,106721,19535,0.17792421746293247,0.4651301221457654
3857,0.3895,13,17,13,653997,22447,106734,19522,0.1777895703966544,0.4651528509137697
3858,0.3896,9,16,9,654013,22431,106743,19513,0.1776628437460398,0.4652155254625215
3859,0.3897,13,22,13,654035,22409,106756,19500,0.17748859460144467,0.46529385096280035
3860,0.3898,15,24,15,654059,22385,106771,19485,0.17729850462552274,0.4653689992834965
3861,0.3899,13,21,13,654080,22364,106784,19472,0.17713217589659105,0.4654364662013577
3862,0.39,15,18,15,654098,22346,106799,19457,0.1769896084146496,0.4654450637514054
3863,0.3901,10,15,10,654113,22331,106809,19447,0.1768708021796984,0.46548422614773327
3864,0.3902,20,25,20,654138,22306,106829,19427,0.17667279178811304,0.46550691299451274
3865,0.3903,12,19,12,654157,22287,106841,19415,0.1765223038905082,0.46556520070979807
3866,0.3904,11,22,11,654179,22265,106852,19404,0.17634805474591306,0.46566992248434086
3867,0.3905,17,19,17,654198,22246,106869,19387,0.1761975668483082,0.4656642567194293
3868,0.3906,16,21,16,654219,22225,106885,19371,0.17603123811937652,0.46569381671314547
3869,0.3907,13,23,13,654242,22202,106898,19358,0.17584906855911797,0.46578440808469684
3870,0.3908,14,18,14,654260,22184,106912,19344,0.17570650107717653,0.46580620304372955
3871,0.3909,13,30,13,654290,22154,106925,19331,0.1754688886072741,0.46597565385078943
3872,0.391,15,20,15,654310,22134,106940,19316,0.17531048029400584,0.4660072376357057
3873,0.3911,17,23,17,654333,22111,106957,19299,0.1751283107337473,0.4660468485872978
3874,0.3912,15,17,15,654350,22094,106972,19284,0.17499366366746927,0.466044758084006
3875,0.3913,8,25,8,654375,22069,106980,19276,0.17479565327588392,0.4662232434393518
3876,0.3914,10,26,10,654401,22043,106990,19266,0.17458972246863516,0.4663874700428478
3877,0.3915,14,19,14,654420,22024,107004,19252,0.17443923457103028,0.46642116484155444
3878,0.3916,14,15,14,654435,22009,107018,19238,0.17432042833607908,0.4664096782796325
3879,0.3917,11,17,11,654452,21992,107029,19227,0.17418578126980103,0.4664596423979233
3880,0.3918,15,25,15,654477,21967,107044,19212,0.17398777087821568,0.46654848345030236
3881,0.3919,8,22,8,654499,21945,107052,19204,0.17381352173362058,0.46669420885076185
3882,0.392,13,25,13,654524,21920,107065,19191,0.17361551134203523,0.4668093697550534
3883,0.3921,11,15,11,654539,21905,107076,19180,0.173496705107084,0.46683704515029817
3884,0.3922,9,24,9,654563,21881,107085,19171,0.17330661513116208,0.46699308194485045
3885,0.3923,12,25,12,654588,21856,107097,19159,0.17310860473957673,0.46712178471290994
3886,0.3924,12,18,12,654606,21838,107109,19147,0.1729660372576353,0.4671709161888496
3887,0.3925,20,19,20,654625,21819,107129,19127,0.1728155493600304,0.46712743613539787
3888,0.3926,15,18,15,654643,21801,107144,19112,0.17267298187808897,0.46713758463080196
3889,0.3927,13,25,13,654668,21776,107157,19099,0.17247497148650362,0.4672538226299694
3890,0.3928,12,21,12,654689,21755,107169,19087,0.1723086427575719,0.46733754468439354
3891,0.3929,11,20,11,654709,21735,107180,19076,0.17215023444430363,0.4674229987013305
3892,0.393,13,22,13,654731,21713,107193,19063,0.17197598529970853,0.4675053953305866
3893,0.3931,16,20,16,654751,21693,107209,19047,0.17181757698644023,0.4675257731958763
3894,0.3932,16,18,16,654769,21675,107225,19031,0.1716750095044988,0.46752321525082297
3895,0.3933,8,24,8,654793,21651,107233,19023,0.17148491952857686,0.4676943501991444
3896,0.3934,17,25,17,654818,21626,107250,19006,0.17128690913699152,0.4677594014569797
3897,0.3935,11,16,11,654834,21610,107261,18995,0.17116018248637688,0.4677995320773304
3898,0.3936,9,26,9,654860,21584,107270,18986,0.17095425167912812,0.4679812669460192
3899,0.3937,12,18,12,654878,21566,107282,18974,0.17081168419718668,0.4680315737543167
3900,0.3938,12,24,12,654902,21542,107294,18962,0.17062159422126474,0.46815129369938774
3901,0.3939,14,22,14,654924,21520,107308,18948,0.17044734507666962,0.4682218048828704
3902,0.394,12,21,12,654945,21499,107320,18936,0.17028101634773793,0.46830715963892666
3903,0.3941,17,29,17,654974,21470,107337,18919,0.17005132429349892,0.4684196192032484
3904,0.3942,10,24,10,654998,21446,107347,18909,0.169861234317577,0.46856647255606493
3905,0.3943,9,23,9,655021,21423,107356,18900,0.16967906475731848,0.4687151253626962
3906,0.3944,15,15,15,655036,21408,107371,18885,0.16956025852236725,0.46869183232819595
3907,0.3945,9,22,9,655058,21386,107380,18876,0.16938600937777215,0.4688291689434206
3908,0.3946,10,22,10,655080,21364,107390,18866,0.16921176023317705,0.4689535172756649
3909,0.3947,9,24,9,655104,21340,107399,18857,0.1690216702572551,0.46911461054307535
3910,0.3948,8,28,8,655132,21312,107407,18849,0.1687998986186795,0.4693359229102861
3911,0.3949,12,24,12,655156,21288,107419,18837,0.16860980864275757,0.46945794392523366
3912,0.395,10,20,10,655176,21268,107429,18827,0.1684514003294893,0.4695597954857214
3913,0.3951,12,22,12,655198,21246,107441,18815,0.1682771511848942,0.46965877037517784
3914,0.3952,13,9,13,655207,21237,107454,18802,0.16820586744392346,0.46959214765603535
3915,0.3953,15,34,15,655241,21203,107469,18787,0.16793657331136738,0.469792448112028
3916,0.3954,11,18,11,655259,21185,107480,18776,0.16779400582942594,0.4698581116588674
3917,0.3955,13,19,13,655278,21166,107493,18763,0.16764351793182106,0.4699090886323224
3918,0.3956,9,22,9,655300,21144,107502,18754,0.16746926878722596,0.4700486239911775
3919,0.3957,12,18,12,655318,21126,107514,18742,0.16732670130528451,0.47010133440353163
3920,0.3958,8,22,8,655340,21104,107522,18734,0.16715245216068939,0.4702545308499423
3921,0.3959,14,30,14,655370,21074,107536,18720,0.16691483969078696,0.470422676785445
3922,0.396,11,25,11,655395,21049,107547,18709,0.16671682929920162,0.47057196036017906
3923,0.3961,10,15,10,655410,21034,107557,18699,0.16659802306425042,0.47061636423124353
3924,0.3962,9,24,9,655434,21010,107566,18690,0.16640793308832846,0.4707808564231738
3925,0.3963,12,20,12,655454,20990,107578,18678,0.1662495247750602,0.47085812241605324
3926,0.3964,7,18,7,655472,20972,107585,18671,0.16610695729311875,0.4709784829604218
3927,0.3965,13,23,13,655495,20949,107598,18658,0.1659247877328602,0.4710783447370414
3928,0.3966,11,14,11,655509,20935,107609,18647,0.16581390191357243,0.47109797382648677
3929,0.3967,12,21,12,655530,20914,107621,18635,0.16564757318464074,0.4711876406483097
3930,0.3968,18,15,18,655545,20899,107639,18617,0.16552876694968952,0.4711256200020245
3931,0.3969,18,16,18,655561,20883,107657,18599,0.1654020402990749,0.471075426776759
3932,0.397,14,19,14,655580,20864,107671,18585,0.16525155240147002,0.4711146036654922
3933,0.3971,13,18,13,655598,20846,107684,18572,0.16510898491952858,0.47115530975696385
3934,0.3972,11,26,11,655624,20820,107695,18561,0.16490305411227982,0.4713186562047688
3935,0.3973,10,17,10,655641,20803,107705,18551,0.16476840704600176,0.4713879148244143
3936,0.3974,9,20,9,655661,20783,107714,18542,0.1646099987327335,0.4715066751430388
3937,0.3975,14,18,14,655679,20765,107728,18528,0.16446743125079205,0.47153436998956555
3938,0.3976,12,23,12,655702,20742,107740,18516,0.1642852616905335,0.4716490906312089
3939,0.3977,13,17,13,655719,20725,107753,18503,0.16415061462425548,0.47167839298460285
3940,0.3978,8,23,8,655742,20702,107761,18495,0.16396844506399696,0.47184733525524913
3941,0.3979,14,20,14,655762,20682,107775,18481,0.16381003675072867,0.4718994969741848
3942,0.398,16,28,16,655790,20654,107791,18465,0.16358826511215308,0.4720212684373322
3943,0.3981,17,10,17,655800,20644,107808,18448,0.16350906095551895,0.47191241174664894
3944,0.3982,16,18,16,655818,20626,107824,18432,0.16336649347357748,0.4719135644426238
3945,0.3983,9,17,9,655835,20609,107833,18423,0.16323184640729946,0.4719973355195737
3946,0.3984,12,20,12,655855,20589,107845,18411,0.1630734380940312,0.47207692307692306
3947,0.3985,15,15,15,655870,20574,107860,18396,0.16295463185907996,0.4720554272517321
3948,0.3986,12,17,12,655887,20557,107872,18384,0.16281998479280194,0.47209881615777716
3949,0.3987,11,21,11,655908,20536,107883,18373,0.16265365606387022,0.47220437430928575
3950,0.3988,20,17,20,655925,20519,107903,18353,0.1625190089975922,0.4721393290800576
3951,0.3989,5,21,5,655946,20498,107908,18348,0.1623526802686605,0.472326623075735
3952,0.399,13,16,13,655962,20482,107921,18335,0.16222595361804587,0.4723445912873226
3953,0.3991,12,20,12,655982,20462,107933,18323,0.1620675453047776,0.472424906536032
3954,0.3992,19,20,19,656002,20442,107952,18304,0.16190913699150933,0.47241005523150775
3955,0.3993,15,18,15,656020,20424,107967,18289,0.16176656950956786,0.47242528349649987
3956,0.3994,16,22,16,656042,20402,107983,18273,0.16159232036497276,0.47247575953458304
3957,0.3995,8,20,8,656062,20382,107991,18265,0.1614339120517045,0.4726110694232411
3958,0.3996,22,20,22,656082,20362,108013,18243,0.1612755037384362,0.47255536847558605
3959,0.3997,16,21,16,656103,20341,108029,18227,0.1611091750095045,0.4725938601949803
3960,0.3998,10,21,10,656124,20320,108039,18217,0.16094284628057282,0.47271453408412695
3961,0.3999,3,14,3,656138,20306,108042,18214,0.160831960461285,0.47284527518172376
3962,0.4,11,10,11,656148,20296,108053,18203,0.16075275630465086,0.4728174757785917
3963,0.4001,16,14,16,656162,20282,108069,18187,0.16064187048536308,0.47277028256518233
3964,0.4002,12,13,12,656175,20269,108081,18175,0.16053890508173868,0.47276558110498385
3965,0.4003,20,13,20,656188,20256,108101,18155,0.16043593967811431,0.47265106349743563
3966,0.4004,17,17,17,656205,20239,108118,18138,0.16030129261183626,0.47262683378064985
3967,0.4005,13,21,13,656226,20218,108131,18125,0.16013496388290457,0.47270688261221083
3968,0.4006,15,28,15,656254,20190,108146,18110,0.15991319224432898,0.47284595300261095
3969,0.4007,14,20,14,656274,20170,108160,18096,0.1597547839310607,0.47290022474259136
3970,0.4008,10,20,10,656294,20150,108170,18086,0.1595963756177924,0.47300972905115596
3971,0.4009,13,17,13,656311,20133,108183,18073,0.1594617285515144,0.47304088363084335
3972,0.401,16,19,16,656330,20114,108199,18057,0.15931124065390953,0.47305546095203166
3973,0.4011,11,20,11,656350,20094,108210,18046,0.15915283234064123,0.4731515469323545
3974,0.4012,13,13,13,656363,20081,108223,18033,0.15904986693701686,0.4731332318832975
3975,0.4013,14,19,14,656382,20062,108237,18019,0.15889937903941198,0.4731755993802684
3976,0.4014,9,24,9,656406,20038,108246,18010,0.15870928906349005,0.4733494533221194
3977,0.4015,18,19,18,656425,20019,108264,17992,0.1585588011658852,0.47333666570203364
3978,0.4016,11,21,11,656446,19998,108275,17981,0.15839247243695348,0.4734458516548619
3979,0.4017,13,15,13,656461,19983,108288,17968,0.15827366620200228,0.47345260994440197
3980,0.4018,12,24,12,656485,19959,108300,17956,0.15808357622608035,0.47358565211657655
3981,0.4019,16,11,16,656496,19948,108316,17940,0.1579964516537828,0.47350084459459457
3982,0.402,16,13,16,656509,19935,108332,17924,0.15789348625015842,0.47344092553950184
3983,0.4021,10,27,10,656536,19908,108342,17914,0.15767963502724622,0.4736396806091693
3984,0.4022,14,22,14,656558,19886,108356,17900,0.15750538588265112,0.47372042555443816
3985,0.4023,10,19,10,656577,19867,108366,17890,0.15735489798504626,0.47381942421272877
3986,0.4024,13,20,13,656597,19847,108379,17877,0.15719648967177796,0.47388930124058953
3987,0.4025,13,20,13,656617,19827,108392,17864,0.1570380813585097,0.4739593006287973
3988,0.4026,8,22,8,656639,19805,108400,17856,0.1568638322139146,0.47412442579857145
3989,0.4027,13,21,13,656660,19784,108413,17843,0.1566975034849829,0.47420735110426027
3990,0.4028,7,26,7,656686,19758,108420,17836,0.15649157267773411,0.4744374102250359
3991,0.4029,19,17,19,656703,19741,108439,17817,0.1563569256114561,0.47438628254965653
3992,0.403,15,16,15,656719,19725,108454,17802,0.15623019896084148,0.4743784475177872
3993,0.4031,9,23,9,656742,19702,108463,17793,0.15604802940058293,0.4745432724363248
3994,0.4032,19,23,19,656765,19679,108482,17774,0.15586585984032442,0.4745681253838144
3995,0.4033,10,21,10,656786,19658,108492,17764,0.15569953111139273,0.4746940302495858
3996,0.4034,12,21,12,656807,19637,108504,17752,0.15553320238246104,0.47479205113803524
3997,0.4035,9,23,9,656830,19614,108513,17743,0.1553510328222025,0.47495783922691864
3998,0.4036,10,20,10,656850,19594,108523,17733,0.15519262450893423,0.47507166394299033
3999,0.4037,14,24,14,656874,19570,108537,17719,0.1550025345330123,0.4751803480919306
4000,0.4038,16,19,16,656893,19551,108553,17703,0.15485204663540741,0.47519729425028184
4001,0.4039,14,10,14,656903,19541,108567,17689,0.1547728424787733,0.4751275852806876
4002,0.404,8,7,8,656910,19534,108575,17681,0.1547173995691294,0.47510412468090824
4003,0.4041,13,20,13,656930,19514,108588,17668,0.15455899125586112,0.47517616050777256
4004,0.4042,12,31,12,656961,19483,108600,17656,0.15431345837029528,0.47540321494924476
4005,0.4043,15,15,15,656976,19468,108615,17641,0.15419465213534406,0.4753833301894419
4006,0.4044,13,22,13,656998,19446,108628,17628,0.15402040299074896,0.47548146949344555
4007,0.4045,11,14,11,657012,19432,108639,17617,0.15390951717146115,0.4755054117520041
4008,0.4046,9,14,9,657026,19418,108648,17608,0.15379863135217337,0.47555771619942744
4009,0.4047,8,17,8,657043,19401,108656,17600,0.1536639842858953,0.47566281992378584
4010,0.4048,14,26,14,657069,19375,108670,17586,0.15345805347864655,0.4757988149671275
4011,0.4049,11,26,11,657095,19349,108681,17575,0.1532521226713978,0.47597768389123607
4012,0.405,15,18,15,657113,19331,108696,17560,0.15310955518945635,0.47599685560163724
4013,0.4051,8,14,8,657127,19317,108704,17552,0.15299866937016854,0.4760639019230248
4014,0.4052,11,18,11,657145,19299,108715,17541,0.1528561018882271,0.4761400651465798
4015,0.4053,19,17,19,657162,19282,108734,17522,0.15272145482194904,0.47608955548309967
4016,0.4054,9,21,9,657183,19261,108743,17513,0.15255512609301736,0.4762332082449557
4017,0.4055,20,17,20,657200,19244,108763,17493,0.15242047902673933,0.47616844053678853
4018,0.4056,14,15,14,657215,19229,108777,17479,0.1523016727917881,0.4761632341723875
4019,0.4057,12,19,12,657234,19210,108789,17467,0.15215118489418325,0.47623851460043076
4020,0.4058,14,28,14,657262,19182,108803,17453,0.15192941325560766,0.4764023474819162
4021,0.4059,13,14,13,657276,19168,108816,17440,0.15181852743631985,0.4763986013986014
4022,0.406,15,19,15,657295,19149,108831,17425,0.151668039538715,0.47643134467107784
4023,0.4061,10,14,10,657309,19135,108841,17415,0.15155715371942718,0.4764705882352941
4024,0.4062,12,17,12,657326,19118,108853,17403,0.15142250665314916,0.4765203581501054
4025,0.4063,16,16,16,657342,19102,108869,17387,0.15129578000253455,0.4764997670530845
4026,0.4064,10,18,10,657360,19084,108879,17377,0.15115321252059308,0.47659142645566493
4027,0.4065,18,15,18,657375,19069,108897,17359,0.15103440628564188,0.47652904359284065
4028,0.4066,10,18,10,657393,19051,108907,17349,0.1508918388037004,0.47662087912087914
4029,0.4067,11,28,11,657421,19023,108918,17338,0.15067006716512482,0.4768295701438354
4030,0.4068,12,21,12,657442,19002,108930,17326,0.15050373843619314,0.47693239374587093
4031,0.4069,7,25,7,657467,18977,108937,17319,0.1503057280446078,0.47716001763279703
4032,0.407,9,22,9,657489,18955,108946,17310,0.15013147890001266,0.477319729766993
4033,0.4071,10,21,10,657510,18934,108956,17300,0.14996515017108097,0.4774521167963791
4034,0.4072,14,27,14,657537,18907,108970,17286,0.1497512989481688,0.4776061669383582
4035,0.4073,12,11,12,657548,18896,108982,17274,0.14966417437587123,0.47757810340060824
4036,0.4074,13,15,13,657563,18881,108995,17261,0.14954536814092004,0.4775884013059598
4037,0.4075,11,16,11,657579,18865,109006,17250,0.1494186414903054,0.47764086944482903
4038,0.4076,8,19,8,657598,18846,109014,17242,0.14926815359270054,0.47777654622035026
4039,0.4077,20,25,20,657623,18821,109034,17222,0.1490701432011152,0.47781816164026303
4040,0.4078,12,16,12,657639,18805,109046,17210,0.14894341655050056,0.4778564487019297
4041,0.4079,16,17,16,657656,18788,109062,17194,0.14880876948422253,0.4778500361291757
4042,0.408,13,19,13,657675,18769,109075,17181,0.14865828158661767,0.477913769123783
4043,0.4081,14,18,14,657693,18751,109089,17167,0.1485157141046762,0.47794977448632997
4044,0.4082,8,20,8,657713,18731,109097,17159,0.14835730579140793,0.47809974923376986
4045,0.4083,13,12,13,657725,18719,109110,17146,0.14826226080344695,0.4780705423114457
4046,0.4084,16,18,16,657743,18701,109126,17130,0.1481196933215055,0.4780776422650777
4047,0.4085,7,20,7,657763,18681,109133,17123,0.14796128500823724,0.4782426544520165
4048,0.4086,15,20,15,657783,18661,109148,17108,0.14780287669496894,0.47829125779306103
4049,0.4087,12,18,12,657801,18643,109160,17096,0.1476603092130275,0.4783569769719354
4050,0.4088,6,23,6,657824,18620,109166,17090,0.14747813965276899,0.478577429291515
4051,0.4089,14,15,14,657839,18605,109180,17076,0.14735933341781776,0.4785740309968891
4052,0.409,14,20,14,657859,18585,109194,17062,0.1472009251045495,0.4786377535276461
4053,0.4091,14,13,14,657872,18572,109208,17048,0.1470979597009251,0.4786075238629983
4054,0.4092,13,19,13,657891,18553,109221,17035,0.14694747180332024,0.4786725862650332
4055,0.4093,12,22,12,657913,18531,109233,17023,0.14677322265872514,0.47879282218597063
4056,0.4094,11,24,11,657937,18507,109244,17012,0.14658313268280318,0.47895492553281344
4057,0.4095,8,12,8,657949,18495,109252,17004,0.14648808769484223,0.4789994084340404
4058,0.4096,15,18,15,657967,18477,109267,16989,0.14634552021290076,0.47902216207071563
4059,0.4097,3,21,3,657988,18456,109270,16986,0.14617919148396907,0.4792618926697139
4060,0.4098,10,10,10,657998,18446,109280,16976,0.14609998732733495,0.47925018350177856
4061,0.4099,13,17,13,658015,18429,109293,16963,0.1459653402610569,0.4792891048824593
4062,0.41,6,22,6,658037,18407,109299,16957,0.1457910911164618,0.4794989254609207
4063,0.4101,8,18,8,658055,18389,109307,16949,0.14564852363452033,0.4796253325032543
4064,0.4102,14,19,14,658074,18370,109321,16935,0.14549803573691547,0.4796770995609687
4065,0.4103,11,15,11,658089,18355,109332,16924,0.14537922950196427,0.47971881289152185
4066,0.4104,8,20,8,658109,18335,109340,16916,0.14522082118869598,0.4798729114067686
4067,0.4105,10,20,10,658129,18315,109350,16906,0.1450624128754277,0.47999772862780726
4068,0.4106,8,11,8,658140,18304,109358,16898,0.14497528830313014,0.48002954377592183
4069,0.4107,15,16,15,658156,18288,109373,16883,0.14484856165251553,0.4800261579141907
4070,0.4108,6,28,6,658184,18260,109379,16877,0.14462679001393994,0.4803198907134929
4071,0.4109,12,11,12,658195,18249,109391,16865,0.14453966544164237,0.48029276072221905
4072,0.411,12,14,12,658209,18235,109403,16853,0.1444287796223546,0.4803066575467396
4073,0.4111,16,18,16,658227,18217,109419,16837,0.14428621214041312,0.48031608375649
4074,0.4112,11,20,11,658247,18197,109430,16826,0.14412780382714485,0.48042714787425406
4075,0.4113,10,23,10,658270,18174,109440,16816,0.14394563426688634,0.4805944555587311
4076,0.4114,12,14,12,658284,18160,109452,16804,0.14383474844759853,0.48060862601533005
4077,0.4115,9,19,9,658303,18141,109461,16795,0.14368426054999367,0.48073620334325623
4078,0.4116,14,14,14,658317,18127,109475,16781,0.14357337473070586,0.480720751690157
4079,0.4117,10,18,10,658335,18109,109485,16771,0.14343080724876442,0.48081995412844036
4080,0.4118,13,21,13,658356,18088,109498,16758,0.14326447851983273,0.48091603053435117
4081,0.4119,7,19,7,658375,18069,109505,16751,0.14311399062222785,0.48107409534750145
4082,0.412,8,25,8,658400,18044,109513,16743,0.1429159802306425,0.481300485813666
4083,0.4121,12,18,12,658418,18026,109525,16731,0.14277341274870106,0.4813706591477976
4084,0.4122,11,22,11,658440,18004,109536,16720,0.14259916360410593,0.4815113466190531
4085,0.4123,15,20,15,658460,17984,109551,16705,0.14244075529083766,0.48156476116348124
4086,0.4124,13,16,13,658476,17968,109564,16692,0.14231402864022305,0.48159261396422387
4087,0.4125,8,17,8,658493,17951,109572,16684,0.142179381573945,0.48170925364515665
4088,0.4126,13,17,13,658510,17934,109585,16671,0.14204473450766697,0.48175119202427397
4089,0.4127,11,16,11,658526,17918,109596,16660,0.14191800785705233,0.48180924287118976
4090,0.4128,11,19,11,658545,17899,109607,16649,0.14176751995944747,0.48190922774111383
4091,0.4129,14,22,14,658567,17877,109621,16635,0.14159327081485237,0.48200625869262864
4092,0.413,12,21,12,658588,17856,109633,16623,0.14142694208592066,0.4821195510310624
4093,0.4131,11,19,11,658607,17837,109644,16612,0.1412764541883158,0.4822200934715086
4094,0.4132,15,16,15,658623,17821,109659,16597,0.1411497275377012,0.4822186065430879
4095,0.4133,14,22,14,658645,17799,109673,16583,0.14097547839310606,0.4823163283113257
4096,0.4134,13,11,13,658656,17788,109686,16570,0.14088835382080853,0.4822748704814017
4097,0.4135,14,10,14,658666,17778,109700,16556,0.14080914966417438,0.4822042290440962
4098,0.4136,14,18,14,658684,17760,109714,16542,0.14066658218223294,0.4822459331817387
4099,0.4137,13,23,13,658707,17737,109727,16529,0.1404844126219744,0.48237319792213856
4100,0.4138,12,16,12,658723,17721,109739,16517,0.14035768597135978,0.4824171972661955
4101,0.4139,13,17,13,658740,17704,109752,16504,0.14022303890508173,0.4824602432179607
4102,0.414,13,13,13,658753,17691,109765,16491,0.14012007350145736,0.4824469018781815
4103,0.4141,13,13,13,658766,17678,109778,16478,0.14001710809783297,0.48243354022719287
4104,0.4142,17,21,17,658787,17657,109795,16461,0.13985077936890128,0.48247259511108503
4105,0.4143,16,17,16,658804,17640,109811,16445,0.13971613230262325,0.48247029485110754
4106,0.4144,11,6,11,658810,17634,109822,16434,0.13966860980864276,0.48238816484677705
4107,0.4145,20,21,20,658831,17613,109842,16414,0.13950228107971108,0.48238163811091195
4108,0.4146,13,19,13,658850,17594,109855,16401,0.1393517931821062,0.48245330195617003
4109,0.4147,8,16,8,658866,17578,109863,16393,0.13922506653149158,0.4825586529687086
4110,0.4148,12,14,12,658880,17564,109875,16381,0.13911418071220377,0.48257475327736044
4111,0.4149,11,21,11,658901,17543,109886,16370,0.13894785198327209,0.48270574705865005
4112,0.415,16,19,16,658920,17524,109902,16354,0.1387973640856672,0.4827321565617805
4113,0.4151,15,14,15,658934,17510,109917,16339,0.13868647826637942,0.48270259091849094
4114,0.4152,10,13,10,658947,17497,109927,16329,0.13858351286275503,0.48273517412641165
4115,0.4153,13,14,13,658961,17483,109940,16316,0.13847262704346724,0.48273617562649784
4116,0.4154,16,19,16,658980,17464,109956,16300,0.1383221391458624,0.4827627058405402
4117,0.4155,10,11,10,658991,17453,109966,16290,0.13823501457356482,0.4827667960762232
4118,0.4156,8,20,8,659011,17433,109974,16282,0.13807660626029655,0.4829304463888477
4119,0.4157,12,14,12,659025,17419,109986,16270,0.13796572044100874,0.4829469559796966
4120,0.4158,15,20,15,659045,17399,110001,16255,0.13780731212774047,0.48300350626968563
4121,0.4159,12,17,12,659062,17382,110013,16243,0.13767266506146242,0.4830631970260223
4122,0.416,8,16,8,659078,17366,110021,16235,0.1375459384108478,0.48317014374572187
4123,0.4161,15,15,15,659093,17351,110036,16220,0.13742713217589658,0.483155104107712
4124,0.4162,16,13,16,659106,17338,110052,16204,0.13732416677227222,0.4830958201657623
4125,0.4163,16,14,16,659120,17324,110068,16188,0.1372132809529844,0.4830508474576271
4126,0.4164,11,11,11,659131,17313,110079,16177,0.13712615638068687,0.48303971334726786
4127,0.4165,10,25,10,659156,17288,110089,16167,0.1369281459891015,0.48324615154685396
4128,0.4166,9,18,9,659174,17270,110098,16158,0.13678557850716005,0.48336723704678713
4129,0.4167,10,16,10,659190,17254,110108,16148,0.13665885185654544,0.4834441051434046
4130,0.4168,17,17,17,659207,17237,110125,16131,0.1365242047902674,0.4834272356748981
4131,0.4169,20,11,20,659218,17226,110145,16111,0.13643708021796985,0.4832768395476498
4132,0.417,17,20,17,659238,17206,110162,16094,0.13627867190470155,0.4833033033033033
4133,0.4171,14,15,14,659253,17191,110176,16080,0.13615986566975036,0.48330377806498154
4134,0.4172,15,24,15,659277,17167,110191,16065,0.1359697756938284,0.48341959557053443
4135,0.4173,11,20,11,659297,17147,110202,16054,0.13581136738056013,0.4835396524201078
4136,0.4174,18,15,18,659312,17132,110220,16036,0.13569256114560893,0.48347805113362274
4137,0.4175,11,18,11,659330,17114,110231,16025,0.13554999366366746,0.4835692084854703
4138,0.4176,12,19,12,659349,17095,110243,16013,0.1353995057660626,0.48365953848012566
4139,0.4177,12,20,12,659369,17075,110255,16001,0.13524109745279433,0.48376466319990324
4140,0.4178,10,14,10,659383,17061,110265,15991,0.13513021163350653,0.48381338496913956
4141,0.4179,8,15,8,659398,17046,110273,15983,0.13501140539855533,0.4839080807774986
4142,0.418,14,15,14,659413,17031,110287,15969,0.1348925991636041,0.4839090909090909
4143,0.4181,11,12,11,659425,17019,110298,15958,0.13479755417564313,0.48391303029384114
4144,0.4182,11,21,11,659446,16998,110309,15947,0.13463122544671144,0.484049172863864
4145,0.4183,12,22,12,659468,16976,110321,15935,0.13445697630211634,0.48418461912430494
4146,0.4184,8,16,8,659484,16960,110329,15927,0.1343302496515017,0.48429470611487824
4147,0.4185,13,19,13,659503,16941,110342,15914,0.13417976175389684,0.4843707198295541
4148,0.4186,8,19,8,659522,16922,110350,15906,0.13402927385629199,0.48452540514195197
4149,0.4187,9,16,9,659538,16906,110359,15897,0.13390254720567735,0.48462030911806847
4150,0.4188,9,16,9,659554,16890,110368,15888,0.13377582055506274,0.4847153578619806
4151,0.4189,7,14,7,659568,16876,110375,15881,0.13366493473577493,0.4848124065085325
4152,0.419,9,17,9,659585,16859,110384,15872,0.1335302876694969,0.4849225504873056
4153,0.4191,15,22,15,659607,16837,110399,15857,0.1333560385249018,0.4850125405273139
4154,0.4192,6,10,6,659617,16827,110405,15851,0.13327683436826765,0.48506640553277436
4155,0.4193,10,22,10,659639,16805,110415,15841,0.13310258522367255,0.48523555718924216
4156,0.4194,10,16,10,659655,16789,110425,15831,0.1329758585730579,0.4853157572041692
4157,0.4195,11,19,11,659674,16770,110436,15820,0.13282537067545305,0.48542497698680576
4158,0.4196,15,18,15,659692,16752,110451,15805,0.13268280319351158,0.4854562766839697
4159,0.4197,10,16,10,659708,16736,110461,15795,0.13255607654289697,0.4855368725215948
4160,0.4198,12,15,12,659723,16721,110473,15783,0.13243727030794575,0.485571006645336
4161,0.4199,15,13,15,659736,16708,110488,15768,0.13233430490432138,0.48552777435644784
4162,0.42,9,16,9,659752,16692,110497,15759,0.13220757825370674,0.48562447998520847
4163,0.4201,11,22,11,659774,16670,110508,15748,0.13203332910911164,0.48577950521315316
4164,0.4202,11,19,11,659793,16651,110519,15737,0.13188284121150678,0.4858898357416327
4165,0.4203,10,7,10,659800,16644,110529,15727,0.13182739830186288,0.4858360878564147
4166,0.4204,9,20,9,659820,16624,110538,15718,0.1316689899885946,0.48599344505596437
4167,0.4205,11,17,11,659837,16607,110549,15707,0.13153434292231656,0.48607414742835925
4168,0.4206,12,15,12,659852,16592,110561,15695,0.13141553668736536,0.4861089602626444
4169,0.4207,9,18,9,659870,16574,110570,15686,0.1312729692054239,0.4862368257904526
4170,0.4208,13,19,13,659889,16555,110583,15673,0.13112248130781903,0.4863162467419635
4171,0.4209,18,11,18,659900,16544,110601,15655,0.13103535673552147,0.48619522345414456
4172,0.421,11,14,11,659914,16530,110612,15644,0.1309244709162337,0.4862311182942749
4173,0.4211,19,8,19,659922,16522,110631,15625,0.13086110759092637,0.4860484648645286
4174,0.4212,12,16,12,659938,16506,110643,15613,0.13073438094031176,0.4860985709393194
4175,0.4213,8,10,8,659948,16496,110651,15605,0.1306551767836776,0.4861219276658048
4176,0.4214,9,23,9,659971,16473,110660,15596,0.1304730072234191,0.4863263587888615
4177,0.4215,7,16,7,659987,16457,110667,15589,0.13034628057280445,0.48645696810834427
4178,0.4216,10,14,10,660001,16443,110677,15579,0.13023539475351667,0.48650927487352447
4179,0.4217,12,16,12,660017,16427,110689,15567,0.13010866810290203,0.4865599799962493
4180,0.4218,17,13,17,660030,16414,110706,15550,0.13000570269927766,0.48648479539481915
4181,0.4219,15,13,15,660043,16401,110721,15535,0.12990273729565327,0.48644163326653306
4182,0.422,10,22,10,660065,16379,110731,15525,0.12972848815105817,0.48661609829488467
4183,0.4221,13,6,13,660071,16373,110744,15512,0.12968096565707768,0.48649835345773873
4184,0.4222,15,15,15,660086,16358,110759,15497,0.12956215942212648,0.4864856380474023
4185,0.4223,7,22,7,660108,16336,110766,15490,0.12938791027753135,0.48670898007918056
4186,0.4224,13,14,13,660122,16322,110779,15477,0.12927702445824357,0.4867134186609642
4187,0.4225,17,19,17,660141,16303,110796,15460,0.12912653656063872,0.4867298428989705
4188,0.4226,10,14,10,660155,16289,110806,15450,0.1290156507413509,0.4867828223951605
4189,0.4227,10,14,10,660169,16275,110816,15440,0.1289047649220631,0.48683588207472805
4190,0.4228,15,10,15,660179,16265,110831,15425,0.12882556076542898,0.4867466077627012
4191,0.4229,11,18,11,660197,16247,110842,15414,0.1286829932834875,0.4868450143709927
4192,0.423,15,21,15,660218,16226,110857,15399,0.12851666455455582,0.48692490118577075
4193,0.4231,12,19,12,660237,16207,110869,15387,0.12836617665695096,0.4870228524403368
4194,0.4232,11,14,11,660251,16193,110880,15376,0.12825529083766316,0.48706009059520416
4195,0.4233,7,18,7,660269,16175,110887,15369,0.1281127233557217,0.4872241947755516
4196,0.4234,10,22,10,660291,16153,110897,15359,0.1279384742111266,0.4874016247778624
4197,0.4235,11,18,11,660309,16135,110908,15348,0.12779590672918514,0.48750119111901663
4198,0.4236,17,19,17,660328,16116,110925,15331,0.1276454188315803,0.4875186822272395
4199,0.4237,9,21,9,660349,16095,110934,15322,0.12747909010264857,0.48769774326001847
4200,0.4238,16,7,16,660356,16088,110950,15306,0.1274236471930047,0.4875453908390138
4201,0.4239,10,18,10,660374,16070,110960,15296,0.12728107971106323,0.4876617994006249
4202,0.424,8,13,8,660387,16057,110968,15288,0.12717811430743886,0.4877332907959802
4203,0.4241,14,14,14,660401,16043,110982,15274,0.12706722848815105,0.4877223233387617
4204,0.4242,17,10,17,660411,16033,110999,15257,0.12698802433151693,0.48759987216363054
4205,0.4243,9,19,9,660430,16014,111008,15248,0.12683753643391205,0.487748704497473
4206,0.4244,18,18,18,660448,15996,111026,15230,0.1266949689519706,0.487734580157561
4207,0.4245,9,18,9,660466,15978,111035,15221,0.12655240147002914,0.4878682009038751
4208,0.4246,19,17,19,660483,15961,111054,15202,0.1264177544037511,0.48782209671726084
4209,0.4247,10,13,10,660496,15948,111064,15192,0.12631478900012671,0.48786127167630056
4210,0.4248,10,20,10,660516,15928,111074,15182,0.12615638068685844,0.48801028608164576
4211,0.4249,14,20,14,660536,15908,111088,15168,0.12599797237359017,0.48809370575363625
4212,0.425,12,19,12,660555,15889,111100,15156,0.1258474844759853,0.4881945562892575
4213,0.4251,10,11,10,660566,15878,111110,15146,0.12576035990368775,0.4882026817947396
4214,0.4252,12,18,12,660584,15860,111122,15134,0.12561779242174628,0.4882880557527263
4215,0.4253,8,11,8,660595,15849,111130,15126,0.12553066784944875,0.48832929782082324
4216,0.4254,18,19,18,660614,15830,111148,15108,0.12538017995184386,0.48833150171310363
4217,0.4255,9,14,9,660628,15816,111157,15099,0.12526929413255608,0.4884036875303251
4218,0.4256,9,12,9,660640,15804,111166,15090,0.1251742491445951,0.4884443581277918
4219,0.4257,18,17,18,660657,15787,111184,15072,0.12503960207831707,0.4884150490942675
4220,0.4258,10,12,10,660669,15775,111194,15062,0.1249445570903561,0.4884392126341732
4221,0.4259,12,7,12,660676,15768,111206,15050,0.1248891141807122,0.48835096372249986
4222,0.426,11,22,11,660698,15746,111217,15039,0.12471486503611709,0.4885171349683287
4223,0.4261,9,22,9,660720,15724,111226,15030,0.12454061589152199,0.48871691487286206
4224,0.4262,10,18,10,660738,15706,111236,15020,0.12439804840958053,0.48883681572609516
4225,0.4263,17,13,17,660751,15693,111253,15003,0.12429508300595615,0.4887607505863956
4226,0.4264,9,16,9,660767,15677,111262,14994,0.12416835635534153,0.4888657037592514
4227,0.4265,18,20,18,660787,15657,111280,14976,0.12400994804207324,0.48888453628439915
4228,0.4266,6,14,6,660801,15643,111286,14970,0.12389906222278545,0.4890079378042008
4229,0.4267,16,10,16,660811,15633,111302,14954,0.12381985806615131,0.48890051328995976
4230,0.4268,10,15,10,660826,15618,111312,14944,0.1237010518312001,0.4889732347359466
4231,0.4269,12,17,12,660843,15601,111324,14932,0.12356640476492206,0.48904464022532995
4232,0.427,8,16,8,660859,15585,111332,14924,0.12343967811430744,0.4891671310105215
4233,0.4271,19,15,19,660874,15570,111351,14905,0.12332087187935623,0.4890894175553733
4234,0.4272,7,21,7,660895,15549,111358,14898,0.12315454315042454,0.4893092915558183
4235,0.4273,11,19,11,660914,15530,111369,14887,0.12300405525281967,0.4894302528191472
4236,0.4274,12,14,12,660928,15516,111381,14875,0.12289316943353187,0.4894541147050114
4237,0.4275,11,14,11,660942,15502,111392,14864,0.12278228361424408,0.4894948297437924
4238,0.4276,9,16,9,660958,15486,111401,14855,0.12265555696362945,0.4896015292838074
4239,0.4277,13,14,13,660972,15472,111414,14842,0.12254467114434166,0.48960876162829053
4240,0.4278,9,10,9,660982,15462,111423,14833,0.12246546698770751,0.4896187489684766
4241,0.4279,11,15,11,660997,15447,111434,14822,0.12234666075275631,0.48967590604248573
4242,0.428,10,12,10,661009,15435,111444,14812,0.12225161576479533,0.4897014579958343
4243,0.4281,10,12,10,661021,15423,111454,14802,0.12215657077683437,0.489727047146402
4244,0.4282,11,18,11,661039,15405,111465,14791,0.12201400329489291,0.4898330904755597
4245,0.4283,10,14,10,661053,15391,111475,14781,0.12190311747560512,0.4898912899376906
4246,0.4284,11,19,11,661072,15372,111486,14770,0.12175262957800026,0.4900139340455179
4247,0.4285,9,20,9,661092,15352,111495,14761,0.12159422126473197,0.4901869624414705
4248,0.4286,15,13,15,661105,15339,111510,14746,0.1214912558611076,0.4901445903274057
4249,0.4287,7,11,7,661116,15328,111517,14739,0.12140413128881003,0.4902052083679782
4250,0.4288,7,12,7,661128,15316,111524,14732,0.12130908630084906,0.4902822151224707
4251,0.4289,13,12,13,661140,15304,111537,14719,0.1212140413128881,0.49025746927355696
4252,0.429,14,9,14,661149,15295,111551,14705,0.12114275757191738,0.49016666666666664
4253,0.4291,14,25,14,661174,15270,111565,14691,0.12094474718033202,0.49033743867027135
4254,0.4292,13,14,13,661188,15256,111578,14678,0.12083386136104422,0.4903454266051981
4255,0.4293,21,13,21,661201,15243,111599,14657,0.12073089595741984,0.4902006688963211
4256,0.4294,8,18,8,661219,15225,111607,14649,0.12058832847547839,0.49035950994175537
4257,0.4295,11,19,11,661238,15206,111618,14638,0.12043784057787353,0.4904838493499531
4258,0.4296,11,10,11,661248,15196,111629,14627,0.12035863642123938,0.49046038292592964
4259,0.4297,9,11,9,661259,15185,111638,14618,0.12027151184894183,0.4904875348119317
4260,0.4298,11,18,11,661277,15167,111649,14607,0.12012894436700038,0.4905958218579969
4261,0.4299,8,14,8,661291,15153,111657,14599,0.12001805854771258,0.49068970153267005
4262,0.43,14,16,14,661307,15137,111671,14585,0.11989133189709796,0.4907139492631721
4263,0.4301,11,9,11,661316,15128,111682,14574,0.11982004815612723,0.49067402868493704
4264,0.4302,6,20,6,661336,15108,111688,14568,0.11966163984285895,0.49090173877881116
4265,0.4303,8,13,8,661349,15095,111696,14560,0.11955867443923457,0.4909795987185972
4266,0.4304,14,15,14,661364,15080,111710,14546,0.11943986820428336,0.49098764598663336
4267,0.4305,14,13,14,661377,15067,111724,14532,0.11933690280065898,0.4909625325179905
4268,0.4306,11,15,11,661392,15052,111735,14521,0.11921809656570777,0.4910222162107328
4269,0.4307,14,11,14,661403,15041,111749,14507,0.11913097199341022,0.49096385542168675
4270,0.4308,12,11,12,661414,15030,111761,14495,0.11904384742111267,0.4909398814563929
4271,0.4309,6,22,6,661436,15008,111767,14489,0.11886959827651755,0.4912024951690002
4272,0.431,13,16,13,661452,14992,111780,14476,0.11874287162590293,0.491244740057011
4273,0.4311,7,14,7,661466,14978,111787,14469,0.11863198580661513,0.4913573538900397
4274,0.4312,9,20,9,661486,14958,111796,14460,0.11847357749334685,0.49153579441158474
4275,0.4313,13,15,13,661501,14943,111809,14447,0.11835477125839564,0.4915617556992174
4276,0.4314,8,8,8,661509,14935,111817,14439,0.11829140793308833,0.49155715939266015
4277,0.4315,14,18,14,661527,14917,111831,14425,0.11814884045114687,0.4916161134210347
4278,0.4316,11,23,11,661550,14894,111842,14414,0.11796667089088836,0.4918111095946499
4279,0.4317,8,9,8,661559,14885,111850,14406,0.11789538714991762,0.491823426991226
4280,0.4318,10,18,10,661577,14867,111860,14396,0.11775281966797617,0.4919522947066261
4281,0.4319,7,15,7,661592,14852,111867,14389,0.11763401343302496,0.49208303409596116
4282,0.432,13,5,13,661597,14847,111880,14376,0.1175944113547079,0.49194127912945285
4283,0.4321,11,9,11,661606,14838,111891,14365,0.11752312761373716,0.49190151696743484
4284,0.4322,12,18,12,661624,14820,111903,14353,0.11738056013179572,0.49199602372056356
4285,0.4323,12,18,12,661642,14802,111915,14341,0.11723799264985427,0.49209072504546547
4286,0.4324,14,3,14,661645,14799,111929,14327,0.11721423140286402,0.49189727391334204
4287,0.4325,14,21,14,661666,14778,111943,14313,0.11704790267393232,0.4920078374755079
4288,0.4326,5,17,5,661683,14761,111948,14308,0.1169132556076543,0.49220819429632945
4289,0.4327,16,16,16,661699,14745,111964,14292,0.11678652895703967,0.49219960739745844
4290,0.4328,6,12,6,661711,14733,111970,14286,0.11669148396907869,0.49229814948826633
4291,0.4329,14,20,14,661731,14713,111984,14272,0.11653307565581042,0.4923926168707952
4292,0.433,2,16,2,661747,14697,111986,14270,0.1164063490051958,0.4926295439638209
4293,0.4331,11,13,11,661760,14684,111997,14259,0.11630338360157141,0.4926579829319697
4294,0.4332,10,22,10,661782,14662,112007,14249,0.1161291344569763,0.49285738992079137
4295,0.4333,10,11,10,661793,14651,112017,14239,0.11604200988467875,0.49286950501903776
4296,0.4334,15,21,15,661814,14630,112032,14224,0.11587568115574705,0.49296458030082485
4297,0.4335,13,16,13,661830,14614,112045,14211,0.11574895450513242,0.493009540329575
4298,0.4336,2,13,2,661843,14601,112047,14209,0.11564598910150804,0.49319680666435267
4299,0.4337,13,13,13,661856,14588,112060,14196,0.11554302369788366,0.49319066147859925
4300,0.4338,11,9,11,661865,14579,112071,14185,0.11547173995691294,0.49315116117368935
4301,0.4339,9,15,9,661880,14564,112080,14176,0.11535293372196173,0.49324982602644396
4302,0.434,17,17,17,661897,14547,112097,14159,0.11521828665568369,0.4932418309761026
4303,0.4341,8,9,8,661906,14538,112105,14151,0.11514700291471297,0.49325525462720904
4304,0.4342,7,8,7,661914,14530,112112,14144,0.11508363958940565,0.4932691637023087
4305,0.4343,18,19,18,661933,14511,112130,14126,0.11493315169180078,0.4932779271571743
4306,0.4344,5,14,5,661947,14497,112135,14121,0.11482226587251299,0.49343070794604793
4307,0.4345,13,15,13,661962,14482,112148,14108,0.11470345963756177,0.49345925148653375
4308,0.4346,14,15,14,661977,14467,112162,14094,0.11458465340261056,0.4934701165925563
4309,0.4347,12,20,12,661997,14447,112174,14082,0.1144262450893423,0.4936030004556767
4310,0.4348,10,14,10,662011,14433,112184,14072,0.1143153592700545,0.4936677775828802
4311,0.4349,10,15,10,662026,14418,112194,14062,0.11419655303510329,0.49375
4312,0.435,6,20,6,662046,14398,112200,14056,0.114038144721835,0.4939903001335489
4313,0.4351,10,15,10,662061,14383,112210,14046,0.11391933848688379,0.49407295367406523
4314,0.4352,10,13,10,662074,14370,112220,14036,0.11381637308325941,0.4941209603604872
4315,0.4353,6,8,6,662082,14362,112226,14030,0.11375300975795209,0.49415328261482105
4316,0.4354,6,14,6,662096,14348,112232,14024,0.1136421239386643,0.4942901452135909
4317,0.4355,11,13,11,662109,14335,112243,14013,0.11353915853503992,0.4943205869902639
4318,0.4356,12,16,12,662125,14319,112255,14001,0.11341243188442529,0.494385593220339
4319,0.4357,12,18,12,662143,14301,112267,13989,0.11326986440248384,0.49448568398727466
4320,0.4358,12,13,12,662156,14288,112279,13977,0.11316689899885946,0.49449849637360693
4321,0.4359,15,22,15,662178,14266,112294,13962,0.11299264985426435,0.49461527561286667
4322,0.436,11,10,11,662188,14256,112305,13951,0.1129134456976302,0.49459354061048677
4323,0.4361,5,14,5,662202,14242,112310,13946,0.11280255987834241,0.4947495388108415
4324,0.4362,17,14,17,662216,14228,112327,13929,0.11269167405905461,0.49469048549206235
4325,0.4363,11,5,11,662221,14223,112338,13918,0.11265207198073755,0.49458086066593226
4326,0.4364,5,12,5,662233,14211,112343,13913,0.11255702699277659,0.4947020338500924
4327,0.4365,12,12,12,662245,14199,112355,13901,0.11246198200481561,0.49469750889679714
4328,0.4366,16,13,16,662258,14186,112371,13885,0.11235901660119123,0.4946385949912721
4329,0.4367,9,22,9,662280,14164,112380,13876,0.11218476745659613,0.4948644793152639
4330,0.4368,11,14,11,662294,14150,112391,13865,0.11207388163730833,0.49491343922898445
4331,0.4369,13,17,13,662311,14133,112404,13852,0.11193923457103029,0.4949794532785421
4332,0.437,16,20,16,662331,14113,112420,13836,0.111780826257762,0.4950445454220187
4333,0.4371,10,16,10,662347,14097,112430,13826,0.11165409960714738,0.49514736955198224
4334,0.4372,9,12,9,662359,14085,112439,13817,0.11155905461918642,0.49519747688337756
4335,0.4373,19,13,19,662372,14072,112458,13798,0.11145608921556203,0.4950843200574094
4336,0.4374,10,12,10,662384,14060,112468,13788,0.11136104422760107,0.4951163458776214
4337,0.4375,11,20,11,662404,14040,112479,13777,0.11120263591433278,0.4952726749829241
4338,0.4376,7,13,7,662417,14027,112486,13770,0.1110996705107084,0.495377198978307
4339,0.4377,13,15,13,662432,14012,112499,13757,0.1109808642757572,0.4954085491015161
4340,0.4378,10,12,10,662444,14000,112509,13747,0.11088581928779623,0.49544094857101667
4341,0.4379,9,13,9,662457,13987,112518,13738,0.11078285388417185,0.49550946798917944
4342,0.438,4,15,4,662472,13972,112522,13734,0.11066404764922064,0.49570490146538654
4343,0.4381,8,11,8,662483,13961,112530,13726,0.11057692307692307,0.4957561310362264
4344,0.4382,10,15,10,662498,13946,112540,13716,0.11045811684197186,0.49584267225797124
4345,0.4383,15,13,15,662511,13933,112555,13701,0.11035515143834748,0.495802272562785
4346,0.4384,13,16,13,662527,13917,112568,13688,0.11022842478773286,0.4958522006882811
4347,0.4385,6,17,6,662544,13900,112574,13682,0.11009377772145482,0.4960481473424697
4348,0.4386,9,15,9,662559,13885,112583,13673,0.1099749714865036,0.4961535670222803
4349,0.4387,10,15,10,662574,13870,112593,13663,0.1098561652515524,0.4962408745868594
4350,0.4388,7,15,7,662589,13855,112600,13656,0.10973735901660119,0.4963832648758678
4351,0.4389,7,9,7,662598,13846,112607,13649,0.10966607527563046,0.49641753046008363
4352,0.439,8,16,8,662614,13830,112615,13641,0.10953934862501584,0.49656000873648576
4353,0.4391,6,8,6,662622,13822,112621,13635,0.10947598529970853,0.4965946753104855
4354,0.4392,5,12,5,662634,13810,112626,13630,0.10938094031174755,0.4967201166180758
4355,0.4393,9,15,9,662649,13795,112635,13621,0.10926213407679634,0.49682667055733876
4356,0.4394,12,12,12,662661,13783,112647,13609,0.10916708908883538,0.49682389018691586
4357,0.4395,16,10,16,662671,13773,112663,13593,0.10908788493220124,0.49671124753343565
4358,0.4396,4,12,4,662683,13761,112667,13589,0.10899283994424028,0.4968555758683729
4359,0.4397,6,9,6,662692,13752,112673,13583,0.10892155620326954,0.49690872507773914
4360,0.4398,19,11,19,662703,13741,112692,13564,0.10883443163097199,0.49675883537813587
4361,0.4399,8,25,8,662728,13716,112700,13556,0.10863642123938665,0.49706658844235846
4362,0.44,13,20,13,662748,13696,112713,13543,0.10847801292611836,0.4971915268548772
4363,0.4401,15,21,15,662769,13675,112728,13528,0.10831168419718668,0.4972980921221924
4364,0.4402,6,14,6,662783,13661,112734,13522,0.10820079837789887,0.49744325497553615
4365,0.4403,11,13,11,662796,13648,112745,13511,0.10809783297427449,0.49747781582532496
4366,0.4404,8,7,8,662803,13641,112753,13503,0.1080423900646306,0.4974580017683466
4367,0.4405,10,14,10,662817,13627,112763,13493,0.1079315042453428,0.4975294985250737
4368,0.4406,9,9,9,662826,13618,112772,13484,0.10786022050437206,0.49752785772267727
4369,0.4407,5,19,5,662845,13599,112777,13479,0.10770973260676721,0.4977841790383337
4370,0.4408,7,10,7,662855,13589,112784,13472,0.10763052845013306,0.4978382173607775
4371,0.4409,11,12,11,662867,13577,112795,13461,0.1075354834621721,0.4978548709224055
4372,0.441,9,12,9,662879,13565,112804,13452,0.10744043847421113,0.4979087241366547
4373,0.4411,7,16,7,662895,13549,112811,13445,0.1073137118235965,0.4980736459954064
4374,0.4412,6,15,6,662910,13534,112817,13439,0.10719490558864529,0.4982389797204612
4375,0.4413,10,20,10,662930,13514,112827,13429,0.10703649727537701,0.4984225958504992
4376,0.4414,14,15,14,662945,13499,112841,13415,0.1069176910404258,0.49843947387976517
4377,0.4415,6,4,6,662949,13495,112847,13409,0.10688600937777215,0.49840172465060956
4378,0.4416,13,11,13,662960,13484,112860,13396,0.10679888480547459,0.49836309523809524
4379,0.4417,8,13,8,662973,13471,112868,13388,0.1066959194018502,0.4984548940764734
4380,0.4418,9,12,9,662985,13459,112877,13379,0.10660087441388924,0.4985095759743647
4381,0.4419,8,15,8,663000,13444,112885,13371,0.10648206817893803,0.49863882155509975
4382,0.442,10,14,10,663014,13430,112895,13361,0.10637118235965023,0.49871225411518794
4383,0.4421,12,12,12,663026,13418,112907,13349,0.10627613737168927,0.4987110994881757
4384,0.4422,14,11,14,663037,13407,112921,13335,0.10618901279939172,0.49865380300650664
4385,0.4423,11,13,11,663050,13394,112932,13324,0.10608604739576732,0.4986900217082117
4386,0.4424,11,11,11,663061,13383,112943,13313,0.10599892282346977,0.49868894216362003
4387,0.4425,13,16,13,663077,13367,112956,13300,0.10587219617285515,0.4987437657029287
4388,0.4426,13,19,13,663096,13348,112969,13287,0.10572170827525028,0.4988548901820912
4389,0.4427,8,16,8,663112,13332,112977,13279,0.10559498162463567,0.49900417120739543
4390,0.4428,9,13,9,663125,13319,112986,13270,0.10549201622101127,0.4990785663244199
4391,0.4429,11,8,11,663133,13311,112997,13259,0.10542865289570397,0.49902145276627774
4392,0.443,14,17,14,663150,13294,113011,13245,0.10529400582942593,0.4990768303251818
4393,0.4431,15,16,15,663166,13278,113026,13230,0.1051672791788113,0.49909461294703483
4394,0.4432,10,17,10,663183,13261,113036,13220,0.10503263211253326,0.4992258600506023
4395,0.4433,6,9,6,663192,13252,113042,13214,0.10496134837156254,0.49928209778583843
4396,0.4434,10,11,10,663203,13241,113052,13204,0.10487422379926499,0.4993004348648138
4397,0.4435,11,18,11,663221,13223,113063,13193,0.10473165631732353,0.4994321623258631
4398,0.4436,11,10,11,663231,13213,113074,13182,0.1046524521606894,0.49941276756961545
4399,0.4437,10,12,10,663243,13201,113084,13172,0.10455740717272842,0.49945019527547113
4400,0.4438,15,19,15,663262,13182,113099,13157,0.10440691927512356,0.49952541858081173
4401,0.4439,4,9,4,663271,13173,113103,13153,0.10433563553415283,0.49962014738281546
4402,0.444,9,15,9,663286,13158,113112,13144,0.10421682929920162,0.4997338605429245
4403,0.4441,5,14,5,663300,13144,113117,13139,0.10410594347991382,0.499904881482327
4404,0.4442,12,10,12,663310,13134,113129,13127,0.10402673932327969,0.4998667225162789
4405,0.4443,11,14,11,663324,13120,113140,13116,0.10391585350399189,0.49992376886720535
4406,0.4444,14,12,14,663336,13108,113154,13102,0.10382080851603093,0.4998855398702785
4407,0.4445,13,19,13,663355,13089,113167,13089,0.10367032061842606,0.5
4408,0.4446,11,8,11,663363,13081,113178,13078,0.10360695729311874,0.49994265835849994
4409,0.4447,9,13,9,663376,13068,113187,13069,0.10350399188949436,0.5000191299690094
4410,0.4448,7,14,7,663390,13054,113194,13062,0.10339310607020656,0.5001531628120692
4411,0.4449,12,12,12,663402,13042,113206,13050,0.1032980610822456,0.5001533036946191
4412,0.445,10,16,10,663418,13026,113216,13040,0.10317133443163097,0.5002685490677511
4413,0.4451,12,17,12,663435,13009,113228,13028,0.10303668736535293,0.5003648653838768
4414,0.4452,19,8,19,663443,13001,113247,13009,0.10297332404004562,0.5001537870049981
4415,0.4453,7,18,7,663461,12983,113254,13002,0.10283075655810417,0.5003655955358861
4416,0.4454,6,10,6,663471,12973,113260,12996,0.10275155240147003,0.5004428356887057
4417,0.4455,8,11,8,663482,12962,113268,12988,0.10266442782917247,0.5005009633911368
4418,0.4456,9,7,9,663489,12955,113277,12979,0.10260898491952858,0.5004627130407958
4419,0.4457,10,10,10,663499,12945,113287,12969,0.10252978076289444,0.5004630701551285
4420,0.4458,9,16,9,663515,12929,113296,12960,0.10240305411227982,0.5005987098767817
4421,0.4459,10,13,10,663528,12916,113306,12950,0.10230008870865542,0.5006572334338514
4422,0.446,11,14,11,663542,12902,113317,12939,0.10218920288936763,0.5007159165666963
4423,0.4461,15,15,15,663557,12887,113332,12924,0.10207039665441642,0.5007167486730464
4424,0.4462,7,18,7,663575,12869,113339,12917,0.10192782917247498,0.5009307376095555
4425,0.4463,4,12,4,663587,12857,113343,12913,0.101832784184514,0.5010865347303065
4426,0.4464,10,12,10,663599,12845,113353,12903,0.10173773919655303,0.5011263010719279
4427,0.4465,10,16,10,663615,12829,113363,12893,0.1016110125459384,0.5012440712230776
4428,0.4466,16,12,16,663627,12817,113379,12877,0.10151596755797744,0.5011675877636802
4429,0.4467,11,15,11,663642,12802,113390,12866,0.10139716132302623,0.5012466884837151
4430,0.4468,7,6,7,663648,12796,113397,12859,0.10134963882904575,0.5012278308321965
4431,0.4469,12,9,12,663657,12787,113409,12847,0.10127835508807502,0.501170320667863
4432,0.447,8,19,8,663676,12768,113417,12839,0.10112786719047015,0.5013863396727457
4433,0.4471,7,14,7,663690,12754,113424,12832,0.10101698137118235,0.50152427108575
4434,0.4472,15,13,15,663703,12741,113439,12817,0.10091401596755797,0.5014868143047186
4435,0.4473,12,14,12,663717,12727,113451,12805,0.10080313014827018,0.5015274949083504
4436,0.4474,6,16,6,663733,12711,113457,12799,0.10067640349765555,0.5017248137985104
4437,0.4475,9,14,9,663747,12697,113466,12790,0.10056551767836776,0.5018244595283871
4438,0.4476,12,10,12,663757,12687,113478,12778,0.10048631352173362,0.5017867661496171
4439,0.4477,13,8,13,663765,12679,113491,12765,0.1004229501964263,0.5016899858512812
4440,0.4478,13,16,13,663781,12663,113504,12752,0.10029622354581168,0.5017509344875074
4441,0.4479,11,13,11,663794,12650,113515,12741,0.1001932581421873,0.5017919735339293
4442,0.448,9,21,9,663815,12629,113524,12732,0.10002692941325561,0.5020306770237767
4443,0.4481,12,15,12,663830,12614,113536,12720,0.0999081231783044,0.502092050209205
4444,0.4482,8,13,8,663843,12601,113544,12712,0.09980515777468002,0.5021925492829771
4445,0.4483,13,14,13,663857,12587,113557,12699,0.09969427195539222,0.5022146642410821
4446,0.4484,11,11,11,663868,12576,113568,12688,0.09960714738309466,0.5022165927802407
4447,0.4485,10,19,10,663887,12557,113578,12678,0.0994566594854898,0.5023974638399049
4448,0.4486,10,14,10,663901,12543,113588,12668,0.09934577366620201,0.5024790765935504
4449,0.4487,11,11,11,663912,12532,113599,12657,0.09925864909390444,0.502481241811902
4450,0.4488,11,14,11,663926,12518,113610,12646,0.09914776327461665,0.5025433158480369
4451,0.4489,8,13,8,663939,12505,113618,12638,0.09904479787099227,0.5026448713359584
4452,0.449,8,16,8,663955,12489,113626,12630,0.09891807122037764,0.5028066403917354
4453,0.4491,13,15,13,663970,12474,113639,12617,0.09879926498542643,0.5028496273564226
4454,0.4492,12,6,12,663976,12468,113651,12605,0.09875174249144596,0.5027320224943166
4455,0.4493,11,8,11,663984,12460,113662,12594,0.09868837916613864,0.502674223676858
4456,0.4494,6,8,6,663992,12452,113668,12588,0.09862501584083133,0.5027156549520767
4457,0.4495,11,12,11,664004,12440,113679,12577,0.09852997085287035,0.502738138066115
4458,0.4496,5,9,5,664013,12431,113684,12572,0.09845868711189963,0.5028196616406031
4459,0.4497,4,9,4,664022,12422,113688,12568,0.09838740337092891,0.502921168467387
4460,0.4498,13,13,13,664035,12409,113701,12555,0.09828443796730453,0.5029242108636437
4461,0.4499,19,11,19,664046,12398,113720,12536,0.09819731339500697,0.5027673056870137
4462,0.45,15,9,15,664055,12389,113735,12521,0.09812602965403625,0.5026495383380168
4463,0.4501,8,14,8,664069,12375,113743,12513,0.09801514383474845,0.5027724204435873
4464,0.4502,5,10,5,664079,12365,113748,12508,0.09793593967811431,0.5028746029831545
4465,0.4503,18,8,18,664087,12357,113766,12490,0.097872576352807,0.5026763794421861
4466,0.4504,7,12,7,664099,12345,113773,12483,0.09777753136484603,0.5027791203479942
4467,0.4505,10,19,10,664118,12326,113783,12473,0.09762704346724116,0.5029638291866607
4468,0.4506,8,14,8,664132,12312,113791,12465,0.09751615764795336,0.5030875408645115
4469,0.4507,16,21,16,664153,12291,113807,12449,0.09734982891902166,0.5031932093775263
4470,0.4508,12,15,12,664168,12276,113819,12437,0.09723102268407045,0.503257394893376
4471,0.4509,7,17,7,664185,12259,113826,12430,0.09709637561779243,0.5034630807242092
4472,0.451,11,12,11,664197,12247,113837,12419,0.09700133062983145,0.5034865807183978
4473,0.4511,12,23,12,664220,12224,113849,12407,0.09681916106957293,0.5037148309041451
4474,0.4512,11,11,11,664231,12213,113860,12396,0.09673203649727538,0.503718151895648
4475,0.4513,5,19,5,664250,12194,113865,12391,0.09658154859967051,0.5040065080333537
4476,0.4514,15,12,15,664262,12182,113880,12376,0.09648650361170955,0.5039498330482939
4477,0.4515,13,7,13,664269,12175,113893,12363,0.09643106070206564,0.5038307930556688
4478,0.4516,9,17,9,664286,12158,113902,12354,0.0962964136357876,0.5039980417754569
4479,0.4517,6,8,6,664294,12150,113908,12348,0.0962330503104803,0.5040411462160176
4480,0.4518,13,17,13,664311,12133,113921,12335,0.09609840324420225,0.5041278404446624
4481,0.4519,7,14,7,664325,12119,113928,12328,0.09598751742491446,0.5042745531149017
4482,0.452,11,15,11,664340,12104,113939,12317,0.09586871118996325,0.5043610007780189
4483,0.4521,6,13,6,664353,12091,113945,12311,0.09576574578633887,0.5045078272272765
4484,0.4522,12,8,12,664361,12083,113957,12299,0.09570238246103155,0.5044294971700435
4485,0.4523,10,12,10,664373,12071,113967,12289,0.09560733747307058,0.5044745484400657
4486,0.4524,8,11,8,664384,12060,113975,12281,0.09552021290077303,0.5045396655848158
4487,0.4525,18,18,18,664402,12042,113993,12263,0.09537764541883158,0.504546389631763
4488,0.4526,8,7,8,664409,12035,114001,12255,0.09532220250918769,0.5045286125977768
4489,0.4527,13,12,13,664421,12023,114014,12242,0.09522715752122671,0.5045126725736657
4490,0.4528,8,20,8,664441,12003,114022,12234,0.09506874920795844,0.5047654412674836
4491,0.4529,12,16,12,664457,11987,114034,12222,0.09494202255734381,0.5048535668553017
4492,0.453,9,14,9,664471,11973,114043,12213,0.09483113673805602,0.5049615480029769
4493,0.4531,16,18,16,664489,11955,114059,12197,0.09468856925611456,0.5050099370652534
4494,0.4532,6,9,6,664498,11946,114065,12191,0.09461728551514384,0.5050751957575507
4495,0.4533,15,12,15,664510,11934,114080,12176,0.09452224052718286,0.5050186644545832
4496,0.4534,5,15,5,664525,11919,114085,12171,0.09440343429223165,0.5052303860523039
4497,0.4535,13,10,13,664535,11909,114098,12158,0.09432423013559751,0.5051730585448955
4498,0.4536,8,17,8,664552,11892,114106,12150,0.09418958306931947,0.5053656101821812
4499,0.4537,5,14,5,664566,11878,114111,12145,0.09407869725003168,0.5055571743745577
4500,0.4538,16,11,16,664577,11867,114127,12129,0.09399157267773413,0.5054592432072011
4501,0.4539,12,14,12,664591,11853,114139,12117,0.09388068685844633,0.5055068836045057
4502,0.454,10,11,10,664602,11842,114149,12107,0.09379356228614878,0.5055325900872688
4503,0.4541,5,19,5,664621,11823,114154,12102,0.09364307438854391,0.5058307210031348
4504,0.4542,8,8,8,664629,11815,114162,12094,0.09357971106323659,0.5058346229453344
4505,0.4543,8,14,8,664643,11801,114170,12086,0.0934688252439488,0.5059655879767238
4506,0.4544,11,17,11,664660,11784,114181,12075,0.09333417817767077,0.5060983276750911
4507,0.4545,7,9,7,664669,11775,114188,12068,0.09326289443670004,0.5061443610283941
4508,0.4546,10,11,10,664680,11764,114198,12058,0.09317576986440249,0.5061707665183444
4509,0.4547,12,12,12,664692,11752,114210,12046,0.09308072487644152,0.5061769896629968
4510,0.4548,9,13,9,664705,11739,114219,12037,0.09297775947281714,0.5062668236877523
4511,0.4549,10,9,10,664714,11730,114229,12027,0.0929064757318464,0.5062507892410658
4512,0.455,8,21,8,664735,11709,114237,12019,0.09274014700291472,0.5065323668240054
4513,0.4551,6,6,6,664741,11703,114243,12013,0.09269262450893423,0.5065356721200877
4514,0.4552,11,9,11,664750,11694,114254,12002,0.09262134076796351,0.5064989871708305
4515,0.4553,10,10,10,664760,11684,114264,11992,0.09254213661132936,0.5065044771076195
4516,0.4554,9,11,9,664771,11673,114273,11983,0.09245501203903181,0.5065522489009131
4517,0.4555,12,10,12,664781,11663,114285,11971,0.09237580788239767,0.5065160362190065
4518,0.4556,14,11,14,664792,11652,114299,11957,0.09228868331010011,0.5064594010758608
4519,0.4557,7,14,7,664806,11638,114306,11950,0.09217779749081231,0.5066135323045616
4520,0.4558,7,10,7,664816,11628,114313,11943,0.09209859333417818,0.5066819396716304
4521,0.4559,12,12,12,664828,11616,114325,11931,0.09200354834621721,0.506688750159256
4522,0.456,5,14,5,664842,11602,114330,11926,0.09189266252692942,0.5068854131247875
4523,0.4561,13,15,13,664857,11587,114343,11913,0.0917738562919782,0.5069361702127659
4524,0.4562,13,11,13,664868,11576,114356,11900,0.09168673171968064,0.5069006645084342
4525,0.4563,8,5,8,664873,11571,114364,11892,0.09164712964136358,0.5068405574734689
4526,0.4564,10,13,10,664886,11558,114374,11882,0.0915441642377392,0.5069112627986349
4527,0.4565,11,11,11,664897,11547,114385,11871,0.09145703966544164,0.5069177555726364
4528,0.4566,14,11,14,664908,11536,114399,11857,0.09136991509314409,0.5068610268028898
4529,0.4567,11,13,11,664921,11523,114410,11846,0.0912669496895197,0.5069108648209166
4530,0.4568,12,15,12,664936,11508,114422,11834,0.0911481434545685,0.5069831205552223
4531,0.4569,14,9,14,664945,11499,114436,11820,0.09107685971359777,0.506882799433938
4532,0.457,7,11,7,664956,11488,114443,11813,0.09098973514130021,0.5069739496158964
4533,0.4571,12,17,12,664973,11471,114455,11801,0.09085508807502218,0.507090065314541
4534,0.4572,13,23,13,664996,11448,114468,11788,0.09067291851476365,0.5073162334308832
4535,0.4573,15,11,15,665007,11437,114483,11773,0.0905857939424661,0.5072382593709608
4536,0.4574,7,13,7,665020,11424,114490,11766,0.09048282853884172,0.5073738680465718
4537,0.4575,9,9,9,665029,11415,114499,11757,0.09041154479787099,0.5073795960642155
4538,0.4576,7,12,7,665041,11403,114506,11750,0.09031649980991002,0.5074936293352913
4539,0.4577,14,14,14,665055,11389,114520,11736,0.09020561399062223,0.5075027027027027
4540,0.4578,6,7,6,665062,11382,114526,11730,0.09015017108097834,0.5075285565939771
4541,0.4579,4,15,4,665077,11367,114530,11726,0.09003136484602713,0.5077729182003204
4542,0.458,9,12,9,665089,11355,114539,11717,0.08993631985806615,0.5078450069348127
4543,0.4581,7,10,7,665099,11345,114546,11710,0.08985711570143201,0.5079158533940576
4544,0.4582,8,10,8,665109,11335,114554,11702,0.08977791154479788,0.507965446889786
4545,0.4583,8,8,8,665117,11327,114562,11694,0.08971454821949056,0.5079709830155076
4546,0.4584,11,10,11,665127,11317,114573,11683,0.08963534406285642,0.5079565217391304
4547,0.4585,6,12,6,665139,11305,114579,11677,0.08954029907489545,0.5080932904011836
4548,0.4586,10,13,10,665152,11292,114589,11667,0.08943733367127107,0.5081667320005226
4549,0.4587,5,8,5,665160,11284,114594,11662,0.08937397034596375,0.5082367297132397
4550,0.4588,12,10,12,665170,11274,114606,11650,0.08929476618932962,0.5082010120397836
4551,0.4589,9,13,9,665183,11261,114615,11641,0.08919180078570524,0.5082962186708584
4552,0.459,8,11,8,665194,11250,114623,11633,0.08910467621340767,0.5083686579556876
4553,0.4591,7,14,7,665208,11236,114630,11626,0.08899379039411988,0.5085294374945324
4554,0.4592,5,10,5,665218,11226,114635,11621,0.08891458623748574,0.5086444609795597
4555,0.4593,8,7,8,665225,11219,114643,11613,0.08885914332784184,0.5086282410651717
4556,0.4594,5,5,5,665230,11214,114648,11608,0.08881954124952478,0.5086320217334152
4557,0.4595,11,9,11,665239,11205,114659,11597,0.08874825750855404,0.5085957372160337
4558,0.4596,11,9,11,665248,11196,114670,11586,0.08867697376758332,0.5085593889913089
4559,0.4597,13,10,13,665258,11186,114683,11573,0.08859776961094919,0.508502131025089
4560,0.4598,7,8,7,665266,11178,114690,11566,0.08853440628564187,0.5085297221245163
4561,0.4599,12,16,12,665282,11162,114702,11554,0.08840767963502724,0.5086282796266949
4562,0.46,7,10,7,665292,11152,114709,11547,0.0883284754783931,0.508700823824838
4563,0.4601,7,11,7,665303,11141,114716,11540,0.08824135090609556,0.5087959084696442
4564,0.4602,4,9,4,665312,11132,114720,11536,0.08817006716512482,0.5089112405152638
4565,0.4603,9,8,9,665320,11124,114729,11527,0.08810670383981752,0.5088958544876606
4566,0.4604,8,14,8,665334,11110,114737,11519,0.08799581802052972,0.509037076317999
4567,0.4605,7,15,7,665349,11095,114744,11512,0.08787701178557851,0.5092228070951476
4568,0.4606,7,7,7,665356,11088,114751,11505,0.0878215688759346,0.5092285221086177
4569,0.4607,13,16,13,665372,11072,114764,11492,0.08769484222531998,0.5093068604857295
4570,0.4608,8,14,8,665386,11058,114772,11484,0.08758395640603218,0.5094490284801704
4571,0.4609,6,9,6,665395,11049,114778,11478,0.08751267266506146,0.5095219070448794
4572,0.461,6,19,6,665414,11030,114784,11472,0.0873621847674566,0.5098213492134033
4573,0.4611,9,9,9,665423,11021,114793,11463,0.08729090102648587,0.5098292118840064
4574,0.4612,17,13,17,665436,11008,114810,11446,0.08718793562286149,0.509753273358867
4575,0.4613,8,3,8,665439,11005,114818,11438,0.08716417437587125,0.5096466604286415
4576,0.4614,7,6,7,665445,10999,114825,11431,0.08711665188189076,0.5096299598751672
4577,0.4615,6,10,6,665455,10989,114831,11425,0.08703744772525662,0.509726064067101
4578,0.4616,13,14,13,665469,10975,114844,11412,0.08692656190596883,0.5097601286460892
4579,0.4617,12,9,12,665478,10966,114856,11400,0.08685527816499809,0.5097022265939373
4580,0.4618,16,9,16,665487,10957,114872,11384,0.08678399442402737,0.5095564209301284
4581,0.4619,2,16,2,665503,10941,114874,11382,0.08665726777341275,0.5098777046095955
4582,0.462,13,9,13,665512,10932,114887,11369,0.08658598403244203,0.5097977669162818
4583,0.4621,9,7,9,665519,10925,114896,11360,0.08653054112279812,0.509759928202827
4584,0.4622,10,12,10,665531,10913,114906,11350,0.08643549613483716,0.5098144904100975
4585,0.4623,5,17,5,665548,10896,114911,11345,0.08630084906855912,0.5100939705948474
4586,0.4624,8,12,8,665560,10884,114919,11337,0.08620580408059815,0.510193060618334
4587,0.4625,11,11,11,665571,10873,114930,11326,0.0861186795083006,0.5102031623046083
4588,0.4626,8,17,8,665588,10856,114938,11318,0.08598403244202256,0.5104176062054658
4589,0.4627,12,10,12,665598,10846,114950,11306,0.08590482828538842,0.5103828096785843
4590,0.4628,12,9,12,665607,10837,114962,11294,0.08583354454441769,0.5103248836473725
4591,0.4629,17,16,17,665623,10821,114979,11277,0.08570681789380306,0.5103176758077654
4592,0.463,11,17,11,665640,10804,114990,11266,0.08557217082752502,0.510466696873584
4593,0.4631,12,10,12,665650,10794,115002,11254,0.08549296667089089,0.5104317851959361
4594,0.4632,8,15,8,665665,10779,115010,11246,0.08537416043593968,0.5106015891032917
4595,0.4633,3,11,3,665676,10768,115013,11243,0.08528703586364213,0.5107900595156967
4596,0.4634,9,9,9,665685,10759,115022,11234,0.08521575212267139,0.5107988905560861
4597,0.4635,10,6,10,665691,10753,115032,11224,0.08516822962869092,0.5107157482822952
4598,0.4636,8,14,8,665705,10739,115040,11216,0.08505734380940312,0.5108631291277613
4599,0.4637,2,11,2,665716,10728,115042,11214,0.08497021923710556,0.5110746513535686
4600,0.4638,12,18,12,665734,10710,115054,11202,0.08482765175516412,0.5112267250821467
4601,0.4639,8,7,8,665741,10703,115062,11194,0.08477220884552021,0.511211581495182
4602,0.464,9,15,9,665756,10688,115071,11185,0.084653402610569,0.5113610387235404
4603,0.4641,8,16,8,665772,10672,115079,11177,0.08452667595995438,0.5115565929790837
4604,0.4642,8,9,8,665781,10663,115087,11169,0.08445539221898365,0.5115884939538292
4605,0.4643,4,10,4,665791,10653,115091,11165,0.0843761880623495,0.5117334311119259
4606,0.4644,10,17,10,665808,10636,115101,11155,0.08424154099607148,0.5119085861135331
4607,0.4645,8,9,8,665817,10627,115109,11147,0.08417025725510074,0.5119408468816019
4608,0.4646,7,11,7,665828,10616,115116,11140,0.0840831326828032,0.5120426548997977
4609,0.4647,13,10,13,665838,10606,115129,11127,0.08400392852616906,0.511986380159205
4610,0.4648,8,7,8,665845,10599,115137,11119,0.08394848561652515,0.5119716364306105
4611,0.4649,7,8,7,665853,10591,115144,11112,0.08388512229121785,0.5120029489010736
4612,0.465,8,15,8,665868,10576,115152,11104,0.08376631605626664,0.5121771217712177
4613,0.4651,5,13,5,665881,10563,115157,11099,0.08366335065264226,0.5123718954851815
4614,0.4652,5,9,5,665890,10554,115162,11094,0.08359206691167152,0.5124722838137472
4615,0.4653,10,7,10,665897,10547,115172,11084,0.08353662400202763,0.5124127409736027
4616,0.4654,7,14,7,665911,10533,115179,11077,0.08342573818273984,0.5125867653863951
4617,0.4655,4,8,4,665919,10525,115183,11073,0.08336237485743252,0.512686359848134
4618,0.4656,6,9,6,665928,10516,115189,11067,0.0832910911164618,0.5127646759023305
4619,0.4657,9,11,9,665939,10505,115198,11058,0.08320396654416423,0.5128228910633956
4620,0.4658,16,12,16,665951,10493,115214,11042,0.08310892155620327,0.5127466914325517
4621,0.4659,8,11,8,665962,10482,115222,11034,0.08302179698390572,0.5128276631344116
4622,0.466,8,11,8,665973,10471,115230,11026,0.08293467241160817,0.5129087779690189
4623,0.4661,7,13,7,665986,10458,115237,11019,0.08283170700798378,0.5130604833077246
4624,0.4662,7,12,7,665998,10446,115244,11012,0.0827366620200228,0.5131885543853109
4625,0.4663,8,12,8,666010,10434,115252,11004,0.08264161703206184,0.5132941505737475
4626,0.4664,12,6,12,666016,10428,115264,10992,0.08259409453808136,0.5131652661064425
4627,0.4665,10,7,10,666023,10421,115274,10982,0.08253865162843746,0.5131056393963463
4628,0.4666,6,9,6,666032,10412,115280,10976,0.08246736788746674,0.5131849635309519
4629,0.4667,6,8,6,666040,10404,115286,10970,0.08240400456215942,0.5132403855151119
4630,0.4668,10,12,10,666052,10392,115296,10960,0.08230895957419845,0.5133008617459722
4631,0.4669,10,11,10,666063,10381,115306,10950,0.0822218350019009,0.5133373962777179
4632,0.467,8,11,8,666074,10370,115314,10942,0.08213471042960334,0.5134196696696697
4633,0.4671,5,14,5,666088,10356,115319,10937,0.08202382461031554,0.5136429812614475
4634,0.4672,7,10,7,666098,10346,115326,10930,0.08194462045368141,0.5137243842827599
4635,0.4673,11,16,11,666114,10330,115337,10919,0.08181789380306678,0.5138594757400349
4636,0.4674,12,14,12,666128,10316,115349,10907,0.08170700798377899,0.5139235734816001
4637,0.4675,10,12,10,666140,10304,115359,10897,0.08161196299581802,0.5139851893778595
4638,0.4676,10,9,10,666149,10295,115369,10887,0.0815406792548473,0.5139741289774337
4639,0.4677,7,8,7,666157,10287,115376,10880,0.08147731592953998,0.5140076534227808
4640,0.4678,8,12,8,666169,10275,115384,10872,0.08138227094157902,0.5141154773726769
4641,0.4679,8,6,8,666175,10269,115392,10864,0.08133474844759853,0.5140775091089764
4642,0.468,10,11,10,666186,10258,115402,10854,0.08124762387530098,0.514115195149678
4643,0.4681,7,12,7,666198,10246,115409,10847,0.08115257888734001,0.514246432465747
4644,0.4682,11,12,11,666210,10234,115420,10836,0.08105753389937904,0.5142857142857142
4645,0.4683,7,11,7,666221,10223,115427,10829,0.08097040932708148,0.5143929317879536
4646,0.4684,8,18,8,666239,10205,115435,10821,0.08082784184514004,0.5146485303909445
4647,0.4685,6,9,6,666248,10196,115441,10815,0.0807565581041693,0.5147303793251155
4648,0.4686,9,7,9,666255,10189,115450,10806,0.08070111519452541,0.5146939747558943
4649,0.4687,4,11,4,666266,10178,115454,10802,0.08061399062222785,0.5148713060057197
4650,0.4688,6,10,6,666276,10168,115460,10796,0.08053478646559371,0.5149780576225911
4651,0.4689,6,13,6,666289,10155,115466,10790,0.08043182106196933,0.5151587491047983
4652,0.469,5,7,5,666296,10148,115471,10785,0.08037637815232543,0.5152152104332871
4653,0.4691,8,18,8,666314,10130,115479,10777,0.08023381067038399,0.5154732864590806
4654,0.4692,4,17,4,666331,10113,115483,10773,0.08009916360410595,0.5158000574547544
4655,0.4693,16,10,16,666341,10103,115499,10757,0.0800199594474718,0.5156759348034515
4656,0.4694,14,9,14,666350,10094,115513,10743,0.07994867570650108,0.5155732591063973
4657,0.4695,9,7,9,666357,10087,115522,10734,0.07989323279685719,0.5155371980212285
4658,0.4696,5,9,5,666366,10078,115527,10729,0.07982194905588645,0.5156437737299947
4659,0.4697,10,16,10,666382,10062,115537,10719,0.07969522240527183,0.5158077089649199
4660,0.4698,10,13,10,666395,10049,115547,10709,0.07959225700164745,0.5158974853068696
4661,0.4699,13,14,13,666409,10035,115560,10696,0.07948137118235965,0.5159423086199412
4662,0.47,5,7,5,666416,10028,115565,10691,0.07942592827271575,0.5159998069404894
4663,0.4701,4,8,4,666424,10020,115569,10687,0.07936256494740844,0.5161056647510504
4664,0.4702,7,8,7,666432,10012,115576,10680,0.07929920162210113,0.5161415039628842
4665,0.4703,15,8,15,666440,10004,115591,10665,0.07923583829679381,0.5159901301465963
4666,0.4704,10,14,10,666454,9990,115601,10655,0.07912495247750602,0.5161055945749576
4667,0.4705,12,10,12,666464,9980,115613,10643,0.07904574832087188,0.5160742859913688
4668,0.4706,9,11,9,666475,9969,115622,10634,0.07895862374857432,0.5161384264427511
4669,0.4707,11,4,11,666479,9965,115633,10623,0.07892694208592067,0.5159801826306586
4670,0.4708,8,9,8,666488,9956,115641,10615,0.07885565834494994,0.5160176948130863
4671,0.4709,14,9,14,666497,9947,115655,10601,0.07878437460397922,0.5159139575627798
4672,0.471,4,16,4,666513,9931,115659,10597,0.07865764795336459,0.516221745908028
4673,0.4711,11,10,11,666523,9921,115670,10586,0.07857844379673046,0.5162139757156093
4674,0.4712,7,7,7,666530,9914,115677,10579,0.07852300088708655,0.5162250524569365
4675,0.4713,5,11,5,666541,9903,115682,10574,0.078435876314789,0.5163842359720662
4676,0.4714,10,10,10,666551,9893,115692,10564,0.07835667215815487,0.5164002541917192
4677,0.4715,6,16,6,666567,9877,115698,10558,0.07822994550754024,0.5166625886958649
4678,0.4716,8,7,8,666574,9870,115706,10550,0.07817450259789634,0.5166503428011753
4679,0.4717,8,13,8,666587,9857,115714,10542,0.07807153719427196,0.5167900387273886
4680,0.4718,14,6,14,666593,9851,115728,10528,0.07802401470029147,0.516610236027283
4681,0.4719,7,9,7,666602,9842,115735,10521,0.07795273095932075,0.5166723960123754
4682,0.472,16,14,16,666616,9828,115751,10505,0.07784184514003295,0.5166478138985885
4683,0.4721,9,12,9,666628,9816,115760,10496,0.07774680015207198,0.5167388735722726
4684,0.4722,8,12,8,666640,9804,115768,10488,0.07765175516411102,0.5168539325842697
4685,0.4723,8,4,8,666644,9800,115776,10480,0.07762007350145736,0.5167652859960552
4686,0.4724,4,13,4,666657,9787,115780,10476,0.07751710809783298,0.5170014311799832
4687,0.4725,11,16,11,666673,9771,115791,10465,0.07739038144721835,0.5171476576398498
4688,0.4726,11,12,11,666685,9759,115802,10454,0.07729533645925739,0.5171919061989808
4689,0.4727,4,13,4,666698,9746,115806,10450,0.077192371055633,0.5174291938997821
4690,0.4728,8,10,8,666708,9736,115814,10442,0.07711316689899886,0.5174943007235603
4691,0.4729,12,14,12,666722,9722,115826,10430,0.07700228107971106,0.5175664946407305
4692,0.473,8,11,8,666733,9711,115834,10422,0.07691515650741351,0.5176575771122038
4693,0.4731,17,14,17,666747,9697,115851,10405,0.07680427068812572,0.5176101880409909
4694,0.4732,10,7,10,666754,9690,115861,10395,0.07674882777848181,0.5175504107542942
4695,0.4733,8,11,8,666765,9679,115869,10387,0.07666170320618426,0.5176417821190072
4696,0.4734,10,10,10,666775,9669,115879,10377,0.07658249904955013,0.5176593834181383
4697,0.4735,8,2,8,666777,9667,115887,10369,0.0765666582182233,0.5175184667598323
4698,0.4736,12,12,12,666789,9655,115899,10357,0.07647161323026233,0.5175394763142115
4699,0.4737,15,8,15,666797,9647,115914,10342,0.07640824990495501,0.5173845615088298
4700,0.4738,7,7,7,666804,9640,115921,10335,0.07635280699531112,0.5173967459324155
4701,0.4739,5,11,5,666815,9629,115926,10330,0.07626568242301356,0.5175610000501027
4702,0.474,6,9,6,666824,9620,115932,10324,0.07619439868204284,0.5176494183714401
4703,0.4741,8,9,8,666833,9611,115940,10316,0.0761231149410721,0.5176895669192553
4704,0.4742,6,14,6,666847,9597,115946,10310,0.0760122291217843,0.5179082734716431
4705,0.4743,11,15,11,666862,9582,115957,10299,0.0758934228868331,0.5180322921382224
4706,0.4744,10,13,10,666875,9569,115967,10289,0.07579045748320871,0.5181287138684662
4707,0.4745,7,10,7,666885,9559,115974,10282,0.07571125332657458,0.5182198477899299
4708,0.4746,8,12,8,666897,9547,115982,10274,0.07561620833861361,0.5183391352605822
4709,0.4747,15,9,15,666906,9538,115997,10259,0.07554492459764288,0.5182098297721877
4710,0.4748,8,7,8,666913,9531,116005,10251,0.07548948168799899,0.5181983621474068
4711,0.4749,10,10,10,666923,9521,116015,10241,0.07541027753136485,0.5182167796781703
4712,0.475,11,14,11,666937,9507,116026,10230,0.07529939171207704,0.5183158534731722
4713,0.4751,9,12,9,666949,9495,116035,10221,0.07520434672411608,0.5184114424832623
4714,0.4752,7,9,7,666958,9486,116042,10214,0.07513306298314536,0.5184771573604061
4715,0.4753,12,10,12,666968,9476,116054,10202,0.07505385882651122,0.5184469966460006
4716,0.4754,11,13,11,666981,9463,116065,10191,0.07495089342288683,0.5185204029714053
4717,0.4755,8,15,8,666996,9448,116073,10183,0.07483208718793562,0.5187203912179715
4718,0.4756,13,12,13,667008,9436,116086,10170,0.07473704219997465,0.518718759563399
4719,0.4757,11,13,11,667021,9423,116097,10159,0.07463407679635027,0.5187927688693699
4720,0.4758,6,11,6,667032,9412,116103,10153,0.07454695222405272,0.518936877076412
4721,0.4759,12,14,12,667046,9398,116115,10141,0.07443606640476493,0.5190132555402016
4722,0.476,7,13,7,667059,9385,116122,10134,0.07433310100114054,0.5191864337312362
4723,0.4761,13,10,13,667069,9375,116135,10121,0.0742538968445064,0.5191321296676241
4724,0.4762,10,5,10,667074,9370,116145,10111,0.07421429476618933,0.5190185308762384
4725,0.4763,4,14,4,667088,9356,116149,10107,0.07410340894690154,0.5192930175204233
4726,0.4764,5,10,5,667098,9346,116154,10102,0.07402420479026739,0.5194364459070342
4727,0.4765,5,7,5,667105,9339,116159,10097,0.0739687618806235,0.5194998970981684
4728,0.4766,9,11,9,667116,9328,116168,10088,0.07388163730832593,0.5195714874330449
4729,0.4767,12,9,12,667125,9319,116180,10076,0.07381035356735521,0.5195153390048982
4730,0.4768,10,8,10,667133,9311,116190,10066,0.07374699024204791,0.5194818599370388
4731,0.4769,6,7,6,667140,9304,116196,10060,0.073691547332404,0.5195207601735179
4732,0.477,13,11,13,667151,9293,116209,10047,0.07360442276010645,0.519493278179938
4733,0.4771,6,4,6,667155,9289,116215,10041,0.07357274109745279,0.5194516295913089
4734,0.4772,7,17,7,667172,9272,116222,10034,0.07343809403117475,0.5197347974722885
4735,0.4773,11,12,11,667184,9260,116233,10023,0.07334304904321379,0.519784265933724
4736,0.4774,13,7,13,667191,9253,116246,10010,0.0732876061335699,0.5196490681617609
4737,0.4775,7,15,7,667206,9238,116253,10003,0.07316879989861869,0.5198794241463541
4738,0.4776,8,12,8,667218,9226,116261,9995,0.0730737549106577,0.5200041621143541
4739,0.4777,9,8,9,667226,9218,116270,9986,0.0730103915853504,0.5199958342012081
4740,0.4778,11,11,11,667237,9207,116281,9975,0.07292326701305285,0.52001876759462
4741,0.4779,9,11,9,667248,9196,116290,9966,0.07283614244075529,0.5200918484500574
4742,0.478,8,11,8,667259,9185,116298,9958,0.07274901786845774,0.5201901478347176
4743,0.4781,6,13,6,667272,9172,116304,9952,0.07264605246483335,0.520393223175068
4744,0.4782,8,7,8,667279,9165,116312,9944,0.07259060955518945,0.5203830655711968
4745,0.4783,12,9,12,667288,9156,116324,9932,0.07251932581421873,0.5203269069572506
4746,0.4784,4,16,4,667304,9140,116328,9928,0.0723925991636041,0.5206628907069436
4747,0.4785,3,16,3,667320,9124,116331,9925,0.07226587251298948,0.5210247257073862
4748,0.4786,9,10,9,667330,9114,116340,9916,0.07218666835635534,0.5210719915922228
4749,0.4787,12,12,12,667342,9102,116352,9904,0.07209162336839438,0.5210986004419657
4750,0.4788,8,12,8,667354,9090,116360,9896,0.0719965783804334,0.5212261666491099
4751,0.4789,5,6,5,667360,9084,116365,9891,0.07194905588645292,0.5212648221343874
4752,0.479,5,7,5,667367,9077,116370,9886,0.07189361297680902,0.5213310130253652
4753,0.4791,4,14,4,667381,9063,116374,9882,0.07178272715752122,0.5216152019002376
4754,0.4792,7,12,7,667393,9051,116381,9875,0.07168768216956026,0.5217689950332876
4755,0.4793,10,6,10,667399,9045,116391,9865,0.07164015967557977,0.5216816499206769
4756,0.4794,6,13,6,667412,9032,116397,9859,0.07153719427195539,0.5218887300831083
4757,0.4795,5,10,5,667422,9022,116402,9854,0.07145799011532125,0.522038567493113
4758,0.4796,14,11,14,667433,9011,116416,9840,0.0713708655430237,0.5219882234364225
4759,0.4797,17,7,17,667440,9004,116433,9823,0.0713154226333798,0.5217506772188878
4760,0.4798,12,10,12,667450,8994,116445,9811,0.07123621847674566,0.5217229460249934
4761,0.4799,13,12,13,667462,8982,116458,9798,0.0711411734887847,0.5217252396166134
4762,0.48,5,5,5,667467,8977,116463,9793,0.07110157141046762,0.5217368140649974
4763,0.4801,13,10,13,667477,8967,116476,9780,0.07102236725383348,0.5216834693550968
4764,0.4802,7,9,7,667486,8958,116483,9773,0.07095108351286275,0.5217553787838343
4765,0.4803,4,4,4,667490,8954,116487,9769,0.0709194018502091,0.5217646744645623
4766,0.4804,12,10,12,667500,8944,116499,9757,0.07084019769357495,0.5217368055184215
4767,0.4805,12,13,12,667513,8931,116511,9745,0.07073723228995057,0.5217926750910259
4768,0.4806,9,11,9,667524,8920,116520,9736,0.07065010771765302,0.5218696397941681
4769,0.4807,7,8,7,667532,8912,116527,9729,0.0705867443923457,0.5219140604044847
4770,0.4808,9,9,9,667541,8903,116536,9720,0.07051546065137498,0.5219352413682006
4771,0.4809,10,12,10,667553,8891,116546,9710,0.07042041566341402,0.5220149454330413
4772,0.481,10,9,10,667562,8882,116556,9700,0.07034913192244328,0.5220105478419976
4773,0.4811,9,10,9,667572,8872,116565,9691,0.07026992776580915,0.5220600118515326
4774,0.4812,9,8,9,667580,8864,116574,9682,0.07020656444050184,0.5220532729429527
4775,0.4813,5,14,5,667594,8850,116579,9677,0.07009567862121405,0.5223187779996762
4776,0.4814,8,6,8,667600,8844,116587,9669,0.07004815612723356,0.5222816399286988
4777,0.4815,11,7,11,667607,8837,116598,9658,0.06999271321758965,0.5221951878886185
4778,0.4816,7,11,7,667618,8826,116605,9651,0.0699055886452921,0.5223250527683065
4779,0.4817,6,5,6,667623,8821,116611,9645,0.06986598656697504,0.5223112747752626
4780,0.4818,9,8,9,667631,8813,116620,9636,0.06980262324166772,0.5223047319637921
4781,0.4819,13,11,13,667642,8802,116633,9623,0.06971549866937017,0.5222795115332429
4782,0.482,7,11,7,667653,8791,116640,9616,0.06962837409707262,0.5224099527353724
4783,0.4821,11,12,11,667665,8779,116651,9605,0.06953332910911164,0.5224651871192341
4784,0.4822,7,11,7,667676,8768,116658,9598,0.06944620453681409,0.5225961014918872
4785,0.4823,8,15,8,667691,8753,116666,9590,0.06932739830186288,0.5228152428719403
4786,0.4824,8,10,8,667701,8743,116674,9582,0.06924819414522874,0.5228922237380628
4787,0.4825,7,8,7,667709,8735,116681,9575,0.06918483081992143,0.5229382850901146
4788,0.4826,12,11,12,667720,8724,116693,9563,0.06909770624762387,0.5229397932957839
4789,0.4827,9,8,9,667728,8716,116702,9554,0.06903434292231657,0.5229337712096332
4790,0.4828,9,10,9,667738,8706,116711,9545,0.06895513876568242,0.5229850419155114
4791,0.4829,7,12,7,667750,8694,116718,9538,0.06886009377772145,0.5231461167178587
4792,0.483,6,9,6,667759,8685,116724,9532,0.06878881003675073,0.5232475160564308
4793,0.4831,8,3,8,667762,8682,116732,9524,0.06876504878976049,0.5231242447544765
4794,0.4832,7,3,7,667765,8679,116739,9517,0.06874128754277024,0.5230270389096505
4795,0.4833,14,12,14,667777,8667,116753,9503,0.06864624255480928,0.5230049532195927
4796,0.4834,6,8,6,667785,8659,116759,9497,0.06858287922950196,0.5230777704340163
4797,0.4835,10,8,10,667793,8651,116769,9487,0.06851951590419465,0.5230455397507995
4798,0.4836,8,13,8,667806,8638,116777,9479,0.06841655050057027,0.5232102445217199
4799,0.4837,10,7,10,667813,8631,116787,9469,0.06836110759092637,0.5231491712707182
4800,0.4838,4,11,4,667824,8620,116791,9465,0.06827398301862882,0.523361902128836
4801,0.4839,9,10,9,667834,8610,116800,9456,0.06819477886199468,0.523414148123547
4802,0.484,8,13,8,667847,8597,116808,9448,0.0680918134583703,0.5235799390412856
4803,0.4841,9,9,9,667856,8588,116817,9439,0.06802052971739957,0.5236034836633938
4804,0.4842,8,10,8,667866,8578,116825,9431,0.06794132556076543,0.523682603142873
4805,0.4843,11,9,11,667875,8569,116836,9420,0.0678700418197947,0.523653343710045
4806,0.4844,6,13,6,667888,8556,116842,9414,0.06776707641617032,0.523873121869783
4807,0.4845,12,11,12,667899,8545,116854,9402,0.06767995184387277,0.5238758566891403
4808,0.4846,8,5,8,667904,8540,116862,9394,0.06764034976555569,0.5238095238095238
4809,0.4847,3,6,3,667910,8534,116865,9391,0.06759282727157521,0.523905160390516
4810,0.4848,8,11,8,667921,8523,116873,9383,0.06750570269927766,0.5240142968837261
4811,0.4849,9,11,9,667932,8512,116882,9374,0.0674185781269801,0.5240970591524097
4812,0.485,11,6,11,667938,8506,116893,9363,0.06737105563299962,0.5239800772287201
4813,0.4851,11,8,11,667946,8498,116904,9352,0.0673076923076923,0.523921568627451
4814,0.4852,5,6,5,667952,8492,116909,9347,0.06726016981371183,0.5239643477773418
4815,0.4853,8,13,8,667965,8479,116917,9339,0.06715720441008745,0.5241328993152992
4816,0.4854,12,9,12,667974,8470,116929,9327,0.06708592066911671,0.5240770916446592
4817,0.4855,3,10,3,667984,8460,116932,9324,0.06700671651248258,0.5242914979757085
4818,0.4856,4,15,4,667999,8445,116936,9320,0.06688791027753137,0.524627075710667
4819,0.4857,13,11,13,668010,8434,116949,9307,0.06680078570523382,0.5246040245758413
4820,0.4858,5,11,5,668021,8423,116954,9302,0.06671366113293625,0.5247954866008463
4821,0.4859,8,7,8,668028,8416,116962,9294,0.06665821822329236,0.5247882552230378
4822,0.486,5,7,5,668035,8409,116967,9289,0.06660277531364846,0.5248615662786755
4823,0.4861,5,4,5,668039,8405,116972,9284,0.0665710936509948,0.5248459494601164
4824,0.4862,12,11,12,668050,8394,116984,9272,0.06648396907869725,0.524849994339409
4825,0.4863,8,10,8,668060,8384,116992,9264,0.06640476492206311,0.5249320036264733
4826,0.4864,6,10,6,668070,8374,116998,9258,0.06632556076542898,0.525068058076225
4827,0.4865,11,13,11,668083,8361,117009,9247,0.06622259536180458,0.5251590186278964
4828,0.4866,13,6,13,668089,8355,117022,9234,0.0661750728678241,0.5249872079140372
4829,0.4867,6,7,6,668096,8348,117028,9228,0.0661196299581802,0.5250341374601729
4830,0.4868,8,14,8,668110,8334,117036,9220,0.0660087441388924,0.5252364133530819
4831,0.4869,9,6,9,668116,8328,117045,9211,0.06596122164491193,0.5251724727749587
4832,0.487,11,8,11,668124,8320,117056,9200,0.06589785831960461,0.5251141552511416
4833,0.4871,15,8,15,668132,8312,117071,9185,0.0658344949942973,0.5249471337943648
4834,0.4872,8,8,8,668140,8304,117079,9177,0.06577113166898998,0.5249699673931697
4835,0.4873,12,12,12,668152,8292,117091,9165,0.06567608668102902,0.5250042962708369
4836,0.4874,5,9,5,668161,8283,117096,9160,0.0656048029400583,0.5251390242504156
4837,0.4875,8,10,8,668171,8273,117104,9152,0.06552559878342415,0.5252223816355811
4838,0.4876,13,13,13,668184,8260,117117,9139,0.06542263337979977,0.525260072417955
4839,0.4877,6,10,6,668194,8250,117123,9133,0.06534342922316563,0.5253983777253639
4840,0.4878,13,6,13,668200,8244,117136,9120,0.06529590672918514,0.525224602626123
4841,0.4879,5,7,5,668207,8237,117141,9115,0.06524046381954125,0.5252996772706316
4842,0.488,9,13,9,668220,8224,117150,9106,0.06513749841591687,0.5254472013848817
4843,0.4881,7,11,7,668231,8213,117157,9099,0.06505037384361931,0.5255891866913124
4844,0.4882,8,9,8,668240,8204,117165,9091,0.06497909010264859,0.5256432494940735
4845,0.4883,8,13,8,668253,8191,117173,9083,0.0648761246990242,0.5258191501678824
4846,0.4884,5,6,5,668259,8185,117178,9078,0.06482860220504372,0.5258645658344436
4847,0.4885,5,10,5,668269,8175,117183,9073,0.06474939804840958,0.5260320037105751
4848,0.4886,8,9,8,668278,8166,117191,9065,0.06467811430743886,0.526086704195926
4849,0.4887,7,8,7,668286,8158,117198,9058,0.06461475098213154,0.5261384758364313
4850,0.4888,6,9,6,668295,8149,117204,9052,0.06454346724116082,0.5262484739259345
4851,0.4889,8,13,8,668308,8136,117212,9044,0.06444050183753644,0.5264260768335274
4852,0.489,11,7,11,668315,8129,117223,9033,0.06438505892789254,0.5263372567299849
4853,0.4891,5,6,5,668321,8123,117228,9028,0.06433753643391205,0.5263833012652324
4854,0.4892,3,8,3,668329,8115,117231,9025,0.06427417310860474,0.5265460910151692
4855,0.4893,10,6,10,668335,8109,117241,9015,0.06422665061462425,0.5264540995094604
4856,0.4894,5,8,5,668343,8101,117246,9010,0.06416328728931694,0.5265618607913038
4857,0.4895,12,8,12,668351,8093,117258,8998,0.06409992396400963,0.5264759230004096
4858,0.4896,11,8,11,668359,8085,117269,8987,0.06403656063870232,0.5264175257731959
4859,0.4897,7,15,7,668374,8070,117276,8980,0.06391775440375111,0.5266862170087977
4860,0.4898,5,6,5,668380,8064,117281,8975,0.06387023190977062,0.5267327894829509
4861,0.4899,8,10,8,668390,8054,117289,8967,0.06379102775313648,0.5268198108219259
4862,0.49,5,6,5,668396,8048,117294,8962,0.063743505259156,0.5268665490887713
4863,0.4901,11,3,11,668399,8045,117305,8951,0.06371974401216576,0.5266533301953401
4864,0.4902,12,3,12,668402,8042,117317,8939,0.06369598276517552,0.5264118720923385
4865,0.4903,12,5,12,668407,8037,117329,8927,0.06365638068685844,0.5262320207498231
4866,0.4904,6,14,6,668421,8023,117335,8921,0.06354549486757065,0.5264990557129368
4867,0.4905,6,13,6,668434,8010,117341,8915,0.06344252946394627,0.5267355982274742
4868,0.4906,5,12,5,668446,7998,117346,8910,0.0633474844759853,0.5269694819020582
4869,0.4907,5,10,5,668456,7988,117351,8905,0.06326828031935115,0.5271414195228793
4870,0.4908,10,10,10,668466,7978,117361,8895,0.06318907616271702,0.5271735909441119
4871,0.4909,9,7,9,668473,7971,117370,8886,0.06313363325307313,0.5271400605089873
4872,0.491,11,10,11,668483,7961,117381,8875,0.06305442909643898,0.527144214777857
4873,0.4911,6,11,6,668494,7950,117387,8869,0.06296730452414143,0.5273202925263095
4874,0.4912,11,6,11,668500,7944,117398,8858,0.06291978203016094,0.5271991429591715
4875,0.4913,11,14,11,668514,7930,117409,8847,0.06280889621087314,0.5273290814805984
4876,0.4914,8,9,8,668523,7921,117417,8839,0.06273761246990242,0.5273866348448687
4877,0.4915,9,5,9,668528,7916,117426,8830,0.06269801039158535,0.5272900991281501
4878,0.4916,8,10,8,668538,7906,117434,8822,0.06261880623495121,0.5273792443806791
4879,0.4917,10,6,10,668544,7900,117444,8812,0.06257128374097072,0.5272857826711345
4880,0.4918,7,5,7,668549,7895,117451,8805,0.06253168166265366,0.5272455089820359
4881,0.4919,13,3,13,668552,7892,117464,8792,0.06250792041566341,0.5269719491728603
4882,0.492,13,7,13,668559,7885,117477,8779,0.06245247750601952,0.5268242918867019
4883,0.4921,5,7,5,668566,7878,117482,8774,0.06239703459637562,0.5269036752342061
4884,0.4922,7,8,7,668574,7870,117489,8767,0.06233367127106831,0.5269579852136803
4885,0.4923,9,15,9,668589,7855,117498,8758,0.0622148650361171,0.5271775115873112
4886,0.4924,14,7,14,668596,7848,117512,8744,0.0621594221264732,0.5270009643201543
4887,0.4925,9,9,9,668605,7839,117521,8735,0.06208813838550247,0.5270302884035236
4888,0.4926,3,12,3,668617,7827,117524,8732,0.061993093397541506,0.5273265293797935
4889,0.4927,9,10,9,668627,7817,117533,8723,0.06191388924090736,0.5273881499395405
4890,0.4928,8,12,8,668639,7805,117541,8715,0.0618188442529464,0.527542372881356
4891,0.4929,9,13,9,668652,7792,117550,8706,0.06171587884932201,0.5277003273124015
4892,0.493,6,8,6,668660,7784,117556,8700,0.0616525155240147,0.5277845183207959
4893,0.4931,2,4,2,668664,7780,117558,8698,0.061620833861361045,0.5278553222478456
4894,0.4932,6,14,6,668678,7766,117564,8692,0.06150994804207325,0.5281322153360068
4895,0.4933,5,16,5,668694,7750,117569,8687,0.061383221391458624,0.5285027681450386
4896,0.4934,4,10,4,668704,7740,117573,8683,0.06130401723482448,0.5287097363453693
4897,0.4935,6,14,6,668718,7726,117579,8677,0.061193131415536686,0.5289885996464061
4898,0.4936,8,9,8,668727,7717,117587,8669,0.06112184767456596,0.5290491883315025
4899,0.4937,12,9,12,668736,7708,117599,8657,0.06105056393359524,0.5289948059883899
4900,0.4938,4,12,4,668748,7696,117603,8653,0.060955518945634266,0.5292678451281424
4901,0.4939,11,10,11,668758,7686,117614,8642,0.06087631478900013,0.5292748652621264
4902,0.494,6,10,6,668768,7676,117620,8636,0.06079711063236599,0.5294261893084845
4903,0.4941,9,12,9,668780,7664,117629,8627,0.060702065644405015,0.5295561966730097
4904,0.4942,13,10,13,668790,7654,117642,8614,0.06062286148777088,0.5295057782149004
4905,0.4943,6,12,6,668802,7642,117648,8608,0.06052781649980991,0.529723076923077
4906,0.4944,8,9,8,668811,7633,117656,8600,0.060456532758839186,0.5297850058522763
4907,0.4945,15,9,15,668820,7624,117671,8585,0.06038524901786846,0.5296440249244248
4908,0.4946,5,6,5,668826,7618,117676,8580,0.060337726523887976,0.5296950240770465
4909,0.4947,2,14,2,668840,7604,117678,8578,0.06022684070460018,0.5300951674700284
4910,0.4948,9,8,9,668848,7596,117687,8569,0.06016347737929287,0.5300958861738324
4911,0.4949,6,5,6,668853,7591,117693,8563,0.06012387530097579,0.5300854277578309
4912,0.495,4,16,4,668869,7575,117697,8559,0.05999714865036117,0.5304946076608404
4913,0.4951,6,7,6,668876,7568,117703,8553,0.05994170574071727,0.5305502140065753
4914,0.4952,6,11,6,668887,7557,117709,8547,0.05985458116841972,0.5307377049180327
4915,0.4953,8,7,8,668894,7550,117717,8539,0.05979913825877582,0.5307352849773137
4916,0.4954,10,11,10,668905,7539,117727,8529,0.059712013686478264,0.530806572068708
4917,0.4955,19,10,19,668915,7529,117746,8510,0.05963280952984413,0.5305817070889707
4918,0.4956,7,4,7,668919,7525,117753,8503,0.05960112786719047,0.5305091090591465
4919,0.4957,15,11,15,668930,7514,117768,8488,0.05951400329489292,0.5304336957880265
4920,0.4958,6,11,6,668941,7503,117774,8482,0.05942687872259536,0.5306224585548952
4921,0.4959,7,5,7,668946,7498,117781,8475,0.05938727664427829,0.5305828585738434
4922,0.496,7,10,7,668956,7488,117788,8468,0.05930807248764415,0.5307094509902232
4923,0.4961,8,9,8,668965,7479,117796,8460,0.05923678874667342,0.5307735742518351
4924,0.4962,8,14,8,668979,7465,117804,8452,0.05912590292738563,0.5310045862913866
4925,0.4963,8,7,8,668986,7458,117812,8444,0.05907046001774173,0.5310023896365237
4926,0.4964,13,9,13,668995,7449,117825,8431,0.058999176276771,0.530919395465995
4927,0.4965,7,6,7,669001,7443,117832,8424,0.05895165378279052,0.5309132161089053
4928,0.4966,4,11,4,669012,7432,117836,8420,0.05886452921049297,0.5311632601564471
4929,0.4967,7,8,7,669020,7424,117843,8413,0.058801165885185656,0.5312243480457157
4930,0.4968,6,9,6,669029,7415,117849,8407,0.05872988214421493,0.531348754898243
4931,0.4969,7,6,7,669035,7409,117856,8400,0.058682359650234446,0.5313429059396546
4932,0.497,8,10,8,669045,7399,117864,8392,0.058603155493600304,0.5314419606104743
4933,0.4971,6,7,6,669052,7392,117870,8386,0.058547712583956406,0.5314995563442768
4934,0.4972,7,11,7,669063,7381,117877,8379,0.058460588011658855,0.5316624365482233
4935,0.4973,2,11,2,669074,7370,117879,8377,0.0583734634393613,0.5319743443195529
4936,0.4974,6,14,6,669088,7356,117885,8371,0.0582625776200735,0.5322693457111973
4937,0.4975,12,3,12,669091,7353,117897,8359,0.05823881637308326,0.5320137474541752
4938,0.4976,10,12,10,669103,7341,117907,8349,0.05814377138512229,0.5321223709369025
4939,0.4977,2,11,2,669114,7330,117909,8347,0.058056646812824735,0.5324360528162276
4940,0.4978,8,11,8,669125,7319,117917,8339,0.057969522240527184,0.5325712096053136
4941,0.4979,9,7,9,669132,7312,117926,8330,0.057914079330883286,0.5325405958317351
4942,0.498,16,9,16,669141,7303,117942,8314,0.05784279558991256,0.5323685727092271
4943,0.4981,11,14,11,669155,7289,117953,8303,0.05773190977062476,0.5325166752180606
4944,0.4982,6,12,6,669167,7277,117959,8297,0.05763686478266379,0.5327468858353667
4945,0.4983,4,8,4,669175,7269,117963,8293,0.057573501457356485,0.5329006554427451
4946,0.4984,7,13,7,669188,7256,117970,8286,0.0574705360537321,0.5331360185304337
4947,0.4985,7,5,7,669193,7251,117977,8279,0.05743093397541503,0.5330972311654861
4948,0.4986,6,7,6,669200,7244,117983,8273,0.05737549106577113,0.5331571824450603
4949,0.4987,7,4,7,669204,7240,117990,8266,0.05734380940311747,0.533083967496453
4950,0.4988,3,9,3,669213,7231,117993,8263,0.05727252566214675,0.5333032141474119
4951,0.4989,5,15,5,669228,7216,117998,8258,0.05715371942719554,0.5336693808969885
4952,0.499,7,5,7,669233,7211,118005,8251,0.05711411734887847,0.5336308368904411
4953,0.4991,6,8,6,669241,7203,118011,8245,0.057050754023571154,0.5337260486794407
4954,0.4992,8,9,8,669250,7194,118019,8237,0.05697947028260043,0.5337956062471648
4955,0.4993,4,7,4,669257,7187,118023,8233,0.056924027372956536,0.533916990920882
4956,0.4994,15,9,15,669266,7178,118038,8218,0.05685274363198581,0.5337750064951936
4957,0.4995,5,7,5,669273,7171,118043,8213,0.05679730072234191,0.5338663546541862
4958,0.4996,12,9,12,669282,7162,118055,8201,0.05672601698137118,0.5338150100891753
4959,0.4997,6,7,6,669289,7155,118061,8195,0.056670574071727285,0.5338762214983713
4960,0.4998,4,7,4,669296,7148,118065,8191,0.05661513116208339,0.5339983049742486
4961,0.4999,14,6,14,669302,7142,118079,8177,0.056567608668102905,0.5337815784320126
4962,0.5,11,7,11,669309,7135,118090,8166,0.05651216575845901,0.5336906084569636
4963,0.5001,6,9,6,669318,7126,118096,8160,0.05644088201748828,0.533821797723407
4964,0.5002,5,4,5,669322,7122,118101,8155,0.05640920035483462,0.5338089939124173
4965,0.5003,5,8,5,669330,7114,118106,8150,0.05634583702952731,0.5339360587002097
4966,0.5004,9,6,9,669336,7108,118115,8141,0.056298314535546824,0.5338710735130172
4967,0.5005,7,3,7,669339,7105,118122,8134,0.056274553288556586,0.5337620578778135
4968,0.5006,0,11,0,669350,7094,118122,8134,0.05618742871625903,0.5341476228001051
4969,0.5007,9,11,9,669361,7083,118131,8125,0.05610030414396148,0.5342582851130984
4970,0.5008,8,9,8,669370,7074,118139,8117,0.05602902040299075,0.5343295372259891
4971,0.5009,6,10,6,669380,7064,118145,8111,0.05594981624635661,0.534497528830313
4972,0.501,9,9,9,669389,7055,118154,8102,0.05587853250538588,0.5345384970640628
4973,0.5011,9,6,9,669395,7049,118163,8093,0.0558310100114054,0.5344736494518557
4974,0.5012,5,5,5,669400,7044,118168,8088,0.05579140793308833,0.5344964314036479
4975,0.5013,4,5,4,669405,7039,118172,8084,0.055751805854771255,0.5345500231435562
4976,0.5014,9,10,9,669415,7029,118181,8075,0.05567260169813712,0.5346265889830508
4977,0.5015,5,10,5,669425,7019,118186,8070,0.05559339754150298,0.5348266949433362
4978,0.5016,2,10,2,669435,7009,118188,8068,0.055514193384868835,0.535119718776945
4979,0.5017,4,10,4,669445,6999,118192,8064,0.0554349892282347,0.5353515236008763
4980,0.5018,9,8,9,669453,6991,118201,8055,0.055371625902927386,0.5353582347467766
4981,0.5019,12,10,12,669463,6981,118213,8043,0.055292421746293244,0.5353434504792333
4982,0.502,10,7,10,669470,6974,118223,8033,0.055236978836649346,0.5352835343506364
4983,0.5021,6,7,6,669477,6967,118229,8027,0.05518153592700545,0.5353474723222622
4984,0.5022,9,3,9,669480,6964,118238,8018,0.05515777468001521,0.5351755439861167
4985,0.5023,9,8,9,669488,6956,118247,8009,0.0550944113547079,0.5351820915469429
4986,0.5024,5,7,5,669495,6949,118252,8004,0.055038968445064,0.5352772018992844
4987,0.5025,9,8,9,669503,6941,118261,7995,0.05497560511975669,0.5352838778789502
4988,0.5026,10,8,10,669511,6933,118271,7985,0.054912241794449375,0.5352594181525674
4989,0.5027,9,8,9,669519,6925,118280,7976,0.05484887846914206,0.535266089524193
4990,0.5028,7,11,7,669530,6914,118287,7969,0.054761753896844505,0.5354431230262716
4991,0.5029,9,9,9,669539,6905,118296,7960,0.05469047015587378,0.5354860410359906
4992,0.503,2,7,2,669546,6898,118298,7958,0.05463502724622988,0.5356758212170167
4993,0.5031,4,9,4,669555,6889,118302,7954,0.05456374350525916,0.5358754968672101
4994,0.5032,3,8,3,669563,6881,118305,7951,0.054500380179951846,0.5360706580366774
4995,0.5033,8,7,8,669570,6874,118313,7943,0.05444493727030795,0.5360734291691975
4996,0.5034,15,10,15,669580,6864,118328,7928,0.054365733113673806,0.5359653866955111
4997,0.5035,8,8,8,669588,6856,118336,7920,0.05430236978836649,0.5360043313481321
4998,0.5036,5,8,5,669596,6848,118341,7915,0.05423900646305918,0.5361376414007993
4999,0.5037,7,12,7,669608,6836,118348,7908,0.054143961475098215,0.5363537710255019
5000,0.5038,4,8,4,669616,6828,118352,7904,0.0540805981497909,0.5365191420038012
5001,0.5039,3,9,3,669625,6819,118355,7901,0.054009314408820175,0.5367527173913044
5002,0.504,7,6,7,669631,6813,118362,7894,0.05396179191483969,0.5367512069082749
5003,0.5041,6,7,6,669638,6806,118368,7888,0.053906349005195794,0.5368177487409828
5004,0.5042,5,7,5,669645,6799,118373,7883,0.0538509060955519,0.5369159515052445
5005,0.5043,12,8,12,669653,6791,118385,7871,0.053787542770244584,0.5368299004228618
5006,0.5044,13,8,13,669661,6783,118398,7858,0.05372417944493727,0.5367119732258725
5007,0.5045,5,2,5,669663,6781,118403,7853,0.05370833861361044,0.536627032936996
5008,0.5046,3,6,3,669669,6775,118406,7850,0.05366081611962996,0.5367521367521367
5009,0.5047,5,8,5,669677,6767,118411,7845,0.053597452794322646,0.5368874897344649
5010,0.5048,7,8,7,669685,6759,118418,7838,0.053534089469015333,0.5369596492429951
5011,0.5049,3,8,3,669693,6751,118421,7835,0.05347072614370802,0.5371589195118607
5012,0.505,2,9,2,669702,6742,118423,7833,0.05339944240273729,0.5374271012006862
5013,0.5051,8,7,8,669709,6735,118431,7825,0.053343999493093396,0.5374313186813187
5014,0.5052,10,9,10,669718,6726,118441,7815,0.05327271575212267,0.5374458427893543
5015,0.5053,6,3,6,669721,6723,118447,7809,0.05324895450513243,0.5373658133773741
5016,0.5054,9,10,9,669731,6713,118456,7800,0.05316975034849829,0.5374491834906635
5017,0.5055,5,6,5,669737,6707,118461,7795,0.053122227854517805,0.5375120673010619
5018,0.5056,8,9,8,669746,6698,118469,7787,0.05305094411354708,0.5375906109768727
5019,0.5057,7,6,7,669752,6692,118476,7780,0.053003421619566594,0.5375898286346048
5020,0.5058,5,11,5,669763,6681,118481,7775,0.052916297047269044,0.5378389596015495
5021,0.5059,7,10,7,669773,6671,118488,7768,0.0528370928906349,0.5379873952489784
5022,0.506,5,7,5,669780,6664,118493,7763,0.052781649980991004,0.5380883066472586
5023,0.5061,8,9,8,669789,6655,118501,7755,0.052710366240020276,0.5381679389312977
5024,0.5062,8,8,8,669797,6647,118509,7747,0.05264700291471296,0.5382103654300403
5025,0.5063,7,6,7,669803,6641,118516,7740,0.05259948042073248,0.5382101383770252
5026,0.5064,9,5,9,669808,6636,118525,7731,0.05255987834241541,0.5381081645437461
5027,0.5065,11,10,11,669818,6626,118536,7720,0.05248067418578127,0.5381290952181793
5028,0.5066,9,9,9,669827,6617,118545,7711,0.05240939044481054,0.538176996091569
5029,0.5067,9,6,9,669833,6611,118554,7702,0.05236186795083006,0.5381122056871376
5030,0.5068,7,6,7,669839,6605,118561,7695,0.05231434545684958,0.5381118881118881
5031,0.5069,7,10,7,669849,6595,118568,7688,0.052235141300215435,0.5382622698312679
5032,0.507,9,15,9,669864,6580,118577,7679,0.052116335065264224,0.5385370643102602
5033,0.5071,9,5,9,669869,6575,118586,7670,0.052076732986947157,0.5384345384345385
5034,0.5072,11,7,11,669876,6568,118597,7659,0.05202129007730326,0.5383425880368313
5035,0.5073,12,7,12,669883,6561,118609,7647,0.05196584716765936,0.5382179054054054
5036,0.5074,10,4,10,669887,6557,118619,7637,0.0519341655050057,0.5380442440467803
5037,0.5075,8,2,8,669889,6555,118627,7629,0.05191832467367887,0.5378595600676819
5038,0.5076,3,10,3,669899,6545,118630,7626,0.051839120517044736,0.5381412744337026
5039,0.5077,7,5,7,669904,6540,118637,7619,0.05179951843872766,0.5381029733738258
5040,0.5078,7,9,7,669913,6531,118644,7612,0.05172823469775694,0.5382167856890334
5041,0.5079,8,7,8,669920,6524,118652,7604,0.05167279178811304,0.5382219705549264
5042,0.508,7,4,7,669924,6520,118659,7597,0.05164111012545938,0.5381454983353404
5043,0.5081,5,1,5,669925,6519,118664,7592,0.05163318970979597,0.5380199844093261
5044,0.5082,7,8,7,669933,6511,118671,7585,0.051569826384488655,0.5380959137343927
5045,0.5083,11,4,11,669937,6507,118682,7574,0.051538144721835,0.5378879340955898
5046,0.5084,10,7,10,669944,6500,118692,7564,0.051482701812191105,0.5378270762229806
5047,0.5085,5,9,5,669953,6491,118697,7559,0.05141141807122038,0.5380071174377224
5048,0.5086,6,10,6,669963,6481,118703,7553,0.051332213914586235,0.5381929599543964
5049,0.5087,9,7,9,669970,6474,118712,7544,0.05127677100494234,0.5381652161506635
5050,0.5088,6,12,6,669982,6462,118718,7538,0.05118172601698137,0.5384285714285715
5051,0.5089,5,4,5,669986,6458,118723,7533,0.05115004435432771,0.5384175541419484
5052,0.509,3,6,3,669992,6452,118726,7530,0.05110252186034723,0.538549563724789
5053,0.5091,5,9,5,670001,6443,118731,7525,0.05103123811937651,0.5387313860252004
5054,0.5092,5,6,5,670007,6437,118736,7520,0.05098371562539602,0.5387977359031311
5055,0.5093,8,5,8,670012,6432,118744,7512,0.05094411354707895,0.5387263339070568
5056,0.5094,14,10,14,670022,6422,118758,7498,0.05086490939044481,0.5386494252873564
5057,0.5095,9,9,9,670031,6413,118767,7489,0.05079362564947409,0.5386994677024889
5058,0.5096,12,8,12,670039,6405,118779,7477,0.050730262324166775,0.5386111511309609
5059,0.5097,5,11,5,670050,6394,118784,7472,0.05064313775186922,0.5388720611567864
5060,0.5098,8,9,8,670059,6385,118792,7464,0.05057185401089849,0.538955881291068
5061,0.5099,8,9,8,670068,6376,118800,7456,0.05050057026992777,0.5390399074609601
5062,0.51,6,9,6,670077,6367,118806,7450,0.05042928652895704,0.5391908518491713
5063,0.5101,6,6,6,670083,6361,118812,7444,0.05038176403497656,0.5392249185077871
5064,0.5102,5,13,5,670096,6348,118817,7439,0.05027879863135217,0.5395662580691957
5065,0.5103,3,8,3,670104,6340,118820,7436,0.05021543530604486,0.5397793263646922
5066,0.5104,9,12,9,670116,6328,118829,7427,0.05012039031808389,0.5399491094147583
5067,0.5105,8,2,8,670118,6326,118837,7419,0.05010454948675706,0.5397599126955257
5068,0.5106,8,10,8,670128,6316,118845,7411,0.05002534533012293,0.5398848983754644
5069,0.5107,10,5,10,670133,6311,118855,7401,0.04998574325180585,0.5397462077012836
5070,0.5108,5,7,5,670140,6304,118860,7396,0.049930300342161955,0.5398540145985401
5071,0.5109,8,7,8,670147,6297,118868,7388,0.04987485743251806,0.5398611618560467
5072,0.511,7,13,7,670160,6284,118875,7381,0.04977189202889368,0.5401390413465057
5073,0.5111,6,18,6,670178,6266,118881,7375,0.04962932454695222,0.5406495124990837
5074,0.5112,8,5,8,670183,6261,118889,7367,0.049589722468635154,0.5405782213090695
5075,0.5113,9,11,9,670194,6250,118898,7358,0.0495025978963376,0.5407113462669019
5076,0.5114,3,6,3,670200,6244,118901,7355,0.049455075402357114,0.5408485918082212
5077,0.5115,7,4,7,670204,6240,118908,7348,0.04942339373970346,0.5407712687665587
5078,0.5116,4,9,4,670213,6231,118912,7344,0.049352109998732734,0.5409944751381216
5079,0.5117,6,9,6,670222,6222,118918,7338,0.049280826257762006,0.5411504424778761
5080,0.5118,9,11,9,670233,6211,118927,7329,0.049193701685464455,0.5412850812407681
5081,0.5119,12,16,12,670249,6195,118939,7317,0.04906697503484983,0.54151865008881
5082,0.512,13,8,13,670257,6187,118952,7304,0.04900361170954252,0.5413979690163813
5083,0.5121,6,11,6,670268,6176,118958,7298,0.04891648713724496,0.5416357429122755
5084,0.5122,3,7,3,670275,6169,118961,7295,0.04886104422760106,0.541815210932858
5085,0.5123,4,5,4,670280,6164,118965,7291,0.048821442149283995,0.5418803418803418
5086,0.5124,8,4,8,670284,6160,118973,7283,0.04878976048663034,0.541768950383099
5087,0.5125,4,7,4,670291,6153,118977,7279,0.04873431757698644,0.5419148302561049
5088,0.5126,11,8,11,670299,6145,118988,7268,0.04867095425167913,0.541862372325356
5089,0.5127,5,6,5,670305,6139,118993,7263,0.04862343175769864,0.5419340396955679
5090,0.5128,5,7,5,670312,6132,118998,7258,0.048567988848054744,0.5420463032113517
5091,0.5129,5,12,5,670324,6120,119003,7253,0.04847294386009378,0.5423614746130262
5092,0.513,6,11,6,670335,6109,119009,7247,0.04838581928779622,0.5426025756214435
5093,0.5131,7,5,7,670340,6104,119016,7240,0.04834621720947915,0.5425659472422062
5094,0.5132,10,11,10,670351,6093,119026,7230,0.0482590926371816,0.542670569691511
5095,0.5133,4,8,4,670359,6085,119030,7226,0.04819572931187429,0.5428592893095936
5096,0.5134,6,17,6,670376,6068,119036,7220,0.04806108224559625,0.5433473810957254
5097,0.5135,8,4,8,670380,6064,119044,7212,0.04802940058294259,0.5432359144320579
5098,0.5136,7,9,7,670389,6055,119051,7205,0.04795811684197187,0.5433634992458521
5099,0.5137,11,5,11,670394,6050,119062,7194,0.047918514763654795,0.5431893687707641
5100,0.5138,8,5,8,670399,6045,119070,7186,0.04787891268533773,0.5431184339808026
5101,0.5139,5,8,5,670407,6037,119075,7181,0.047815549360030414,0.5432743228930247
5102,0.514,3,6,3,670413,6031,119078,7178,0.04776802686604993,0.5434173669467787
5103,0.5141,6,8,6,670421,6023,119084,7172,0.04770466354074262,0.5435392194012884
5104,0.5142,8,5,8,670426,6018,119092,7164,0.04766506146242555,0.5434683659535731
5105,0.5143,4,2,4,670428,6016,119096,7160,0.04764922063109872,0.5434122647237402
5106,0.5144,9,10,9,670438,6006,119105,7151,0.04757001647446458,0.5435129588812039
5107,0.5145,9,8,9,670446,5998,119114,7142,0.047506653149157266,0.543531202435312
5108,0.5146,10,8,10,670454,5990,119124,7132,0.04744328982384995,0.5435147081237616
5109,0.5147,8,11,8,670465,5979,119132,7124,0.0473561652515524,0.5436922842097229
5110,0.5148,3,5,3,670470,5974,119135,7121,0.047316563173235335,0.5437953417334861
5111,0.5149,7,8,7,670478,5966,119142,7114,0.04725319984792802,0.5438837920489297
5112,0.515,5,0,5,670478,5966,119147,7109,0.04725319984792802,0.5437093690248566
5113,0.5151,5,10,5,670488,5956,119152,7104,0.04717399569129388,0.5439509954058193
5114,0.5152,9,4,9,670492,5952,119161,7095,0.04714231402864022,0.5438031731432513
5115,0.5153,9,4,9,670496,5948,119170,7086,0.04711063236598657,0.5436550560073653
5116,0.5154,7,7,7,670503,5941,119177,7079,0.04705518945634267,0.5437019969278034
5117,0.5155,7,6,7,670509,5935,119184,7072,0.047007666962362187,0.5437072345660029
5118,0.5156,4,9,4,670518,5926,119188,7068,0.04693638322139146,0.5439433584731415
5119,0.5157,7,11,7,670529,5915,119195,7061,0.0468492586490939,0.5441584463625154
5120,0.5158,6,9,6,670538,5906,119201,7055,0.04677797490812318,0.5443252835429365
5121,0.5159,3,7,3,670545,5899,119204,7052,0.04672253199847928,0.5445139371477106
5122,0.516,7,10,7,670555,5889,119211,7045,0.04664332784184514,0.5446884181227771
5123,0.5161,6,7,6,670562,5882,119217,7039,0.04658788493220124,0.54477207646467
5124,0.5162,7,5,7,670567,5877,119224,7032,0.046548282853884175,0.5447362305368347
5125,0.5163,4,3,4,670570,5874,119228,7028,0.04652452160689393,0.5447217485661138
5126,0.5164,9,8,9,670578,5866,119237,7019,0.04646115828158662,0.5447419480015522
5127,0.5165,6,3,6,670581,5863,119243,7013,0.04643739703459637,0.5446567256912085
5128,0.5166,5,7,5,670588,5856,119248,7008,0.046381954124952475,0.5447761194029851
5129,0.5167,7,5,7,670593,5851,119255,7001,0.04634235204663541,0.5447401182695301
5130,0.5168,16,10,16,670603,5841,119271,6985,0.046263147890001265,0.5445969125214408
5131,0.5169,8,8,8,670611,5833,119279,6977,0.04619978456469395,0.5446526151444184
5132,0.517,4,7,4,670618,5826,119283,6973,0.046144341655050054,0.5448081881396984
5133,0.5171,5,9,5,670627,5817,119288,6968,0.046073057914079334,0.545013687915526
5134,0.5172,7,4,7,670631,5813,119295,6961,0.046041376251425674,0.5449350242680444
5135,0.5173,4,8,4,670639,5805,119299,6957,0.04597801292611836,0.5451339915373766
5136,0.5174,6,8,6,670647,5797,119305,6951,0.04591464960081105,0.5452620018826483
5137,0.5175,5,10,5,670657,5787,119310,6946,0.04583544544417691,0.5455116626089688
5138,0.5176,8,6,8,670663,5781,119318,6938,0.04578792295019642,0.5454831354666247
5139,0.5177,5,8,5,670671,5773,119323,6933,0.04572455962488912,0.5456477254840233
5140,0.5178,6,7,6,670678,5766,119329,6927,0.04566911671524521,0.5457338690616875
5141,0.5179,3,9,3,670687,5757,119332,6924,0.04559783297427449,0.5460137213153536
5142,0.518,8,8,8,670695,5749,119340,6916,0.04553446964896718,0.5460718515594157
5143,0.5181,5,10,5,670705,5739,119345,6911,0.04545526549233304,0.5463241106719368
5144,0.5182,9,6,9,670711,5733,119354,6902,0.045407742998352554,0.5462603878116343
5145,0.5183,6,7,6,670718,5726,119360,6896,0.04535230008870866,0.5463476469656156
5146,0.5184,4,6,4,670724,5720,119364,6892,0.045304777594728174,0.5464636853790041
5147,0.5185,7,3,7,670727,5717,119371,6885,0.04528101634773793,0.5463418504999207
5148,0.5186,11,11,11,670738,5706,119382,6874,0.04519389177544038,0.546422893481717
5149,0.5187,5,3,5,670741,5703,119387,6869,0.045170130528450134,0.5463728921412663
5150,0.5188,9,5,9,670746,5698,119396,6860,0.045130528450133066,0.5462653288740246
5151,0.5189,5,9,5,670755,5689,119401,6855,0.04505924470916234,0.5464764030612245
5152,0.519,10,11,10,670766,5678,119411,6845,0.04497212013686478,0.5465942665495488
5153,0.5191,3,13,3,670779,5665,119414,6842,0.0448691547332404,0.5470536499560247
5154,0.5192,5,3,5,670782,5662,119419,6837,0.044845393486250155,0.5470037603008241
5155,0.5193,5,4,5,670786,5658,119424,6832,0.0448137118235965,0.5469975980784628
5156,0.5194,11,11,11,670797,5647,119435,6821,0.044726587251298945,0.5470805261469361
5157,0.5195,2,8,2,670805,5639,119437,6819,0.04466322392599164,0.5473591266655964
5158,0.5196,9,4,9,670809,5635,119446,6810,0.04463154226333798,0.5472077139413419
5159,0.5197,6,3,6,670812,5632,119452,6804,0.044607781016347735,0.5471212608555805
5160,0.5198,6,9,6,670821,5623,119458,6798,0.044536497275377014,0.547298929232751
5161,0.5199,7,5,7,670826,5618,119465,6791,0.04449689519705994,0.5472640825207511
5162,0.52,9,13,9,670839,5605,119474,6782,0.04439392979343556,0.5475094857511907
5163,0.5201,7,8,7,670847,5597,119481,6775,0.044330566468128246,0.5476075008082768
5164,0.5202,2,5,2,670852,5592,119483,6773,0.04429096438981118,0.5477557622321068
5165,0.5203,13,6,13,670858,5586,119496,6760,0.044243441895830696,0.547545763810141
5166,0.5204,11,13,11,670871,5573,119507,6749,0.04414047649220631,0.5477195260509657
5167,0.5205,6,5,6,670876,5568,119513,6743,0.04410087441388924,0.5477215498334822
5168,0.5206,9,7,9,670883,5561,119522,6734,0.04404543150424534,0.5477023180154534
5169,0.5207,12,5,12,670888,5556,119534,6722,0.044005829425928275,0.5474833034696205
5170,0.5208,8,10,8,670898,5546,119542,6714,0.04392662526929413,0.5476345840130505
5171,0.5209,4,5,4,670903,5541,119546,6710,0.043887023190977065,0.5477103909884907
5172,0.521,10,11,10,670914,5530,119556,6700,0.04379989861867951,0.5478331970564186
5173,0.5211,6,5,6,670919,5525,119562,6694,0.04376029654036244,0.5478353384073983
5174,0.5212,7,11,7,670930,5514,119569,6687,0.04367317196806488,0.5480698303417753
5175,0.5213,2,2,2,670932,5512,119571,6685,0.04365733113673806,0.5480855948183979
5176,0.5214,7,9,7,670941,5503,119578,6678,0.04358604739576733,0.5482308513258353
5177,0.5215,12,12,12,670953,5491,119590,6666,0.04349100240780636,0.548326067286337
5178,0.5216,10,8,10,670961,5483,119600,6656,0.043427639082499046,0.548315347227943
5179,0.5217,6,3,6,670964,5480,119606,6650,0.04340387783550881,0.5482275350370981
5180,0.5218,9,4,9,670968,5476,119615,6641,0.04337219617285515,0.5480729553519849
5181,0.5219,2,4,2,670972,5472,119617,6639,0.043340514510201496,0.5481793410948724
5182,0.522,11,5,11,670977,5467,119628,6628,0.04330091243188443,0.5479950392724267
5183,0.5221,9,9,9,670986,5458,119637,6619,0.0432296286909137,0.5480665728243769
5184,0.5222,8,12,8,670998,5446,119645,6611,0.04313458370295273,0.5483121837936469
5185,0.5223,5,4,5,671002,5442,119650,6606,0.043102902040299075,0.5483067729083665
5186,0.5224,5,4,5,671006,5438,119655,6601,0.04307122037764542,0.5483013539330509
5187,0.5225,6,11,6,671017,5427,119661,6595,0.042984095805347865,0.5485776077191815
5188,0.5226,4,7,4,671024,5420,119665,6591,0.04292865289570397,0.5487469819332279
5189,0.5227,5,4,5,671028,5416,119670,6586,0.04289697123305031,0.548741876353941
5190,0.5228,8,7,8,671035,5409,119678,6578,0.04284152832340641,0.5487611579210812
5191,0.5229,6,8,6,671043,5401,119684,6572,0.0427781649980991,0.5489016954815
5192,0.523,7,11,7,671054,5390,119691,6565,0.042691040425801546,0.5491426181514011
5193,0.5231,8,4,8,671058,5386,119699,6557,0.04265935876314789,0.5490245331993636
5194,0.5232,5,5,5,671063,5381,119704,6552,0.04261975668483082,0.5490656163579988
5195,0.5233,9,2,9,671065,5379,119713,6543,0.04260391585350399,0.5488173125314545
5196,0.5234,6,8,6,671073,5371,119719,6537,0.04254055252819668,0.5489586832381592
5197,0.5235,5,6,5,671079,5365,119724,6532,0.04249303003421619,0.5490459779776414
5198,0.5236,9,6,9,671085,5359,119733,6523,0.04244550754023571,0.5489816529203838
5199,0.5237,3,7,3,671092,5352,119736,6520,0.04239006463059181,0.5491913746630728
5200,0.5238,5,8,5,671100,5344,119741,6515,0.0423267013052845,0.5493717851420862
5201,0.5239,7,4,7,671104,5340,119748,6508,0.04229501964263085,0.549291019581364
5202,0.524,9,7,9,671111,5333,119757,6499,0.04223957673298695,0.5492731575388776
5203,0.5241,5,6,5,671117,5327,119762,6494,0.04219205423900646,0.549361306150072
5204,0.5242,8,5,8,671122,5322,119770,6486,0.04215245216068939,0.5492886178861789
5205,0.5243,6,5,6,671127,5317,119776,6480,0.042112850082372325,0.549292192930406
5206,0.5244,8,5,8,671132,5312,119784,6472,0.04207324800405525,0.5492192803801765
5207,0.5245,7,5,7,671137,5307,119791,6465,0.04203364592573818,0.549184505606524
5208,0.5246,6,11,6,671148,5296,119797,6459,0.04194652135344063,0.5494683113568695
5209,0.5247,8,7,8,671155,5289,119805,6451,0.041891078443796734,0.549488926746167
5210,0.5248,11,7,11,671162,5282,119816,6440,0.04183563553415283,0.549394301313769
5211,0.5249,6,10,6,671172,5272,119822,6434,0.041756431377518693,0.5496326670083718
5212,0.525,8,5,8,671177,5267,119830,6426,0.04171682929920162,0.5495595655520397
5213,0.5251,2,7,2,671184,5260,119832,6424,0.04166138638955772,0.5498117083190688
5214,0.5252,8,2,8,671186,5258,119840,6416,0.0416455455582309,0.549597395922563
5215,0.5253,3,7,3,671193,5251,119843,6413,0.041590102648587,0.5498113854595336
5216,0.5254,5,7,5,671200,5244,119848,6408,0.0415346597389431,0.5499485066941298
5217,0.5255,5,6,5,671206,5238,119853,6403,0.04148713724496261,0.5500386564728116
5218,0.5256,5,6,5,671212,5232,119858,6398,0.04143961475098213,0.5501289767841788
5219,0.5257,10,7,10,671219,5225,119868,6388,0.04138417184133823,0.5500731938344958
5220,0.5258,11,8,11,671227,5217,119879,6377,0.04132080851603092,0.5500258754528204
5221,0.5259,8,9,8,671236,5208,119887,6369,0.04124952477506019,0.5501425239699403
5222,0.526,8,5,8,671241,5203,119895,6361,0.041209922696743125,0.5500691802144587
5223,0.5261,6,6,6,671247,5197,119901,6355,0.04116240020276264,0.5501211911357341
5224,0.5262,3,9,3,671256,5188,119904,6352,0.041091116461791914,0.5504332755632583
5225,0.5263,8,10,8,671266,5178,119912,6344,0.04101191230515777,0.5505988543655616
5226,0.5264,7,5,7,671271,5173,119919,6337,0.040972310226840704,0.5505647263249348
5227,0.5265,7,8,7,671279,5165,119926,6330,0.04090894690153339,0.5506742061765986
5228,0.5266,4,9,4,671288,5156,119930,6326,0.040837663160562664,0.5509493119665564
5229,0.5267,3,7,3,671295,5149,119933,6323,0.040782220250918766,0.5511680613668062
5230,0.5268,8,10,8,671305,5139,119941,6315,0.04070301609428463,0.5513357778941854
5231,0.5269,8,15,8,671320,5124,119949,6307,0.04058420985933342,0.5517452541334966
5232,0.527,3,2,3,671322,5122,119952,6304,0.04056836902800659,0.5517241379310345
5233,0.5271,4,5,4,671327,5117,119956,6300,0.04052876694968952,0.5518087063151441
5234,0.5272,11,10,11,671337,5107,119967,6289,0.04044956279305538,0.5518603018603019
5235,0.5273,7,4,7,671341,5103,119974,6282,0.04041788113040173,0.5517786561264822
5236,0.5274,9,10,9,671351,5093,119983,6273,0.040338676973767584,0.5519092028857997
5237,0.5275,7,4,7,671355,5089,119990,6266,0.040306995311113925,0.5518273888154998
5238,0.5276,6,7,6,671362,5082,119996,6260,0.04025155240147003,0.551930876388644
5239,0.5277,7,7,7,671369,5075,120003,6253,0.04019610949182613,0.5519950564971752
5240,0.5278,8,5,8,671374,5070,120011,6245,0.04015650741350906,0.5519222271321255
5241,0.5279,5,3,5,671377,5067,120016,6240,0.040132746166518816,0.5518705226850623
5242,0.528,11,9,11,671386,5058,120027,6229,0.040061462425548096,0.5518738371577921
5243,0.5281,10,8,10,671394,5050,120037,6219,0.03999809910024078,0.5518679563404029
5244,0.5282,3,5,3,671399,5045,120040,6216,0.03995849702192371,0.551993606251665
5245,0.5283,12,10,12,671409,5035,120052,6204,0.03987929286528957,0.5520064062639025
5246,0.5284,4,5,4,671414,5030,120056,6200,0.0398396907869725,0.5520926090828139
5247,0.5285,2,6,2,671420,5024,120058,6198,0.039792168292992015,0.5523079664943861
5248,0.5286,8,5,8,671425,5019,120066,6190,0.03975256621467495,0.5522348113123383
5249,0.5287,6,6,6,671431,5013,120072,6184,0.039705043720694465,0.5522907921764758
5250,0.5288,8,3,8,671434,5010,120080,6176,0.03968128247370422,0.5521187198283569
5251,0.5289,9,8,9,671442,5002,120089,6167,0.03961791914839691,0.5521532814038858
5252,0.529,5,7,5,671449,4995,120094,6162,0.03956247623875301,0.5522990051089003
5253,0.5291,4,5,4,671454,4990,120098,6158,0.03952287416043594,0.5523860782203086
5254,0.5292,8,6,8,671460,4984,120106,6150,0.03947535166645545,0.5523621340039518
5255,0.5293,8,4,8,671464,4980,120114,6142,0.0394436700038018,0.5522388059701493
5256,0.5294,8,5,8,671469,4975,120122,6134,0.03940406792548473,0.5521649113331533
5257,0.5295,9,6,9,671475,4969,120131,6125,0.03935654543150425,0.5521002343609158
5258,0.5296,5,8,5,671483,4961,120136,6120,0.039293182106196936,0.5522967241223716
5259,0.5297,7,14,7,671497,4947,120143,6113,0.039182296286909134,0.5527124773960217
5260,0.5298,5,8,5,671505,4939,120148,6108,0.03911893296160183,0.5529102923870735
5261,0.5299,4,13,4,671518,4926,120152,6104,0.03901596755797744,0.5533998186763373
5262,0.53,9,7,9,671525,4919,120161,6095,0.03896052464833354,0.5533865988741602
5263,0.5301,10,2,10,671527,4917,120171,6085,0.03894468381700671,0.5530812579530995
5264,0.5302,3,5,3,671532,4912,120174,6082,0.038905081738689645,0.553210842277606
5265,0.5303,8,7,8,671539,4905,120182,6074,0.03884963882904575,0.5532379998178341
5266,0.5304,5,7,5,671546,4898,120187,6069,0.03879419591940185,0.5533874350323699
5267,0.5305,6,3,6,671549,4895,120193,6063,0.038770434672411605,0.553294396787735
5268,0.5306,4,3,4,671552,4892,120197,6059,0.03874667342542137,0.5532828052232672
5269,0.5307,8,9,8,671561,4883,120205,6051,0.03867538968445064,0.5534113773550393
5270,0.5308,8,5,8,671566,4878,120213,6043,0.03863578760613357,0.5533376064462961
5271,0.5309,4,13,4,671579,4865,120217,6039,0.038532822202509184,0.5538334556126192
5272,0.531,9,8,9,671587,4857,120226,6030,0.03846945887720188,0.5538715899696887
5273,0.5311,5,4,5,671591,4853,120231,6025,0.03843777721454822,0.5538701967273396
5274,0.5312,3,5,3,671596,4848,120234,6022,0.03839817513623115,0.554001839926403
5275,0.5313,13,2,13,671598,4846,120247,6009,0.03838233430490432,0.5535697835099033
5276,0.5314,3,6,3,671604,4840,120250,6006,0.03833481181092384,0.5537525354969574
5277,0.5315,7,6,7,671610,4834,120257,5999,0.038287289316943356,0.5537708852580079
5278,0.5316,5,9,5,671619,4825,120262,5994,0.03821600557597263,0.5540253258156946
5279,0.5317,3,7,3,671626,4818,120265,5991,0.03816056266632873,0.5542603386067166
5280,0.5318,6,3,6,671629,4815,120271,5985,0.038136801419338485,0.5541666666666667
5281,0.5319,4,11,4,671640,4804,120275,5981,0.038049676847040935,0.5545665275846082
5282,0.532,4,4,4,671644,4800,120279,5977,0.038017995184387275,0.5546070334972627
5283,0.5321,6,11,6,671655,4789,120285,5971,0.037930870612089725,0.5549256505576208
5284,0.5322,5,7,5,671662,4782,120290,5966,0.03787542770244583,0.5550800148864905
5285,0.5323,6,7,6,671669,4775,120296,5960,0.03781998479280193,0.5551932929669307
5286,0.5324,4,5,4,671674,4770,120300,5956,0.037780382714484854,0.5552862203990304
5287,0.5325,8,8,8,671682,4762,120308,5948,0.03771701938917754,0.5553688141923436
5288,0.5326,8,8,8,671690,4754,120316,5940,0.03765365606387023,0.5554516551337199
5289,0.5327,6,5,6,671695,4749,120322,5934,0.03761405398555316,0.5554619488907611
5290,0.5328,8,8,8,671703,4741,120330,5926,0.03755069066024585,0.5555451392143995
5291,0.5329,7,9,7,671712,4732,120337,5919,0.03747940691927512,0.5557224673739555
5292,0.533,6,8,6,671720,4724,120343,5913,0.03741604359396781,0.555889818557864
5293,0.5331,7,5,7,671725,4719,120350,5906,0.03737644151565074,0.5558588235294117
5294,0.5332,3,6,3,671731,4713,120353,5903,0.03732891902167026,0.5560474755086662
5295,0.5333,3,8,3,671739,4705,120356,5900,0.037265555696362945,0.5563413484205564
5296,0.5334,13,4,13,671743,4701,120369,5887,0.03723387403370929,0.5560068001511145
5297,0.5335,5,4,5,671747,4697,120374,5882,0.03720219237105563,0.5560071840438605
5298,0.5336,7,6,7,671753,4691,120381,5875,0.03715466987707515,0.5560287715313269
5299,0.5337,1,4,1,671757,4687,120382,5874,0.03712298821442149,0.5561973297983146
5300,0.5338,6,1,6,671758,4686,120388,5868,0.03711506779875808,0.5559977259806709
5301,0.5339,7,7,7,671765,4679,120395,5861,0.03705962488911418,0.5560721062618595
5302,0.534,2,8,2,671773,4671,120397,5859,0.03699626156380687,0.5564102564102564
5303,0.5341,7,4,7,671777,4667,120404,5852,0.03696457990115321,0.5563266470196787
5304,0.5342,10,5,10,671782,4662,120414,5842,0.036924977822836144,0.5561690784463061
5305,0.5343,9,8,9,671790,4654,120423,5833,0.03686161449752883,0.5562124535138743
5306,0.5344,5,5,5,671795,4649,120428,5828,0.03682201241921176,0.556266106709936
5307,0.5345,5,4,5,671799,4645,120433,5823,0.036790330756558104,0.5562667176155903
5308,0.5346,1,7,1,671806,4638,120434,5822,0.036734887846914206,0.5565965583173996
5309,0.5347,3,3,3,671809,4635,120437,5819,0.03671112659992396,0.5566290415152095
5310,0.5348,8,5,8,671814,4630,120445,5811,0.036671524521606894,0.5565558854515851
5311,0.5349,6,4,6,671818,4626,120451,5805,0.03663984285895324,0.5565142364106989
5312,0.535,5,3,5,671821,4623,120456,5800,0.036616081611962996,0.5564616713038473
5313,0.5351,5,6,5,671827,4617,120461,5795,0.03656855911798251,0.5565693430656934
5314,0.5352,6,8,6,671835,4609,120467,5789,0.0365051957926752,0.5567416810925178
5315,0.5353,7,2,7,671837,4607,120474,5782,0.03648935496134837,0.5565501973240928
5316,0.5354,4,6,4,671843,4601,120478,5778,0.03644183246736789,0.5567010309278351
5317,0.5355,7,13,7,671856,4588,120485,5771,0.03633886706374351,0.557100106187856
5318,0.5356,6,4,6,671860,4584,120491,5765,0.03630718540108985,0.5570586530099526
5319,0.5357,4,3,4,671863,4581,120495,5761,0.03628342415409961,0.5570489267066332
5320,0.5358,5,10,5,671873,4571,120500,5756,0.03620421999746547,0.557373874310061
5321,0.5359,5,6,5,671879,4565,120505,5751,0.036156697503484984,0.5574835207444746
5322,0.536,8,5,8,671884,4560,120513,5743,0.03611709542516791,0.55741046297195
5323,0.5361,8,4,8,671888,4556,120521,5735,0.03608541376251426,0.5572830628704694
5324,0.5362,6,3,6,671891,4553,120527,5729,0.03606165251552401,0.557187317642482
5325,0.5363,10,5,10,671896,4548,120537,5719,0.036022050437206944,0.5570273692412584
5326,0.5364,8,6,8,671902,4542,120545,5711,0.03597452794322646,0.5570077050619331
5327,0.5365,6,4,6,671906,4538,120551,5705,0.0359428462805728,0.5569657326954993
5328,0.5366,5,10,5,671916,4528,120556,5700,0.035863642123938666,0.557293703558858
5329,0.5367,9,3,9,671919,4525,120565,5691,0.03583988087694842,0.5570673453406422
5330,0.5368,4,4,4,671923,4521,120569,5687,0.03580819921429477,0.5571120689655172
5331,0.5369,5,6,5,671929,4515,120574,5682,0.03576067672031428,0.5572227125625184
5332,0.537,3,3,3,671932,4512,120577,5679,0.03573691547332404,0.557256402708272
5333,0.5371,8,6,8,671938,4506,120585,5671,0.03568939297934356,0.5572369067505158
5334,0.5372,6,6,6,671944,4500,120591,5665,0.035641870485363075,0.5573044761436301
5335,0.5373,3,5,3,671949,4495,120594,5662,0.035602268407046,0.5574480653736339
5336,0.5374,9,5,9,671954,4490,120603,5653,0.03556266632872893,0.5573301784481909
5337,0.5375,5,10,5,671964,4480,120608,5648,0.03548346217209479,0.5576619273301737
5338,0.5376,5,7,5,671971,4473,120613,5643,0.03542801926245089,0.5578291814946619
5339,0.5377,3,6,3,671977,4467,120616,5640,0.03538049676847041,0.558029088750371
5340,0.5378,5,4,5,671981,4463,120621,5635,0.03534881510581675,0.558031293325411
5341,0.5379,5,5,5,671986,4458,120626,5630,0.03530921302749968,0.5580888183980968
5342,0.538,5,7,5,671993,4451,120631,5625,0.035253770117855784,0.5582572449384676
5343,0.5381,4,7,4,672000,4444,120635,5621,0.03519832720821189,0.5584699453551912
5344,0.5382,7,7,7,672007,4437,120642,5614,0.03514288429856799,0.5585513879215999
5345,0.5383,8,8,8,672015,4429,120650,5606,0.035079520973260676,0.5586447433981067
5346,0.5384,5,9,5,672024,4420,120655,5601,0.03500823723228995,0.558926254864784
5347,0.5385,1,5,1,672029,4415,120656,5600,0.03496863515397288,0.5591612581128308
5348,0.5386,6,3,6,672032,4412,120662,5594,0.034944873906982636,0.5590645612632421
5349,0.5387,5,6,5,672038,4406,120667,5589,0.03489735141300215,0.5591795897948975
5350,0.5388,7,5,7,672043,4401,120674,5582,0.034857749334685086,0.5591505559451067
5351,0.5389,9,7,9,672050,4394,120683,5573,0.03480230642504119,0.5591451790910003
5352,0.539,13,3,13,672053,4391,120696,5560,0.03477854517805094,0.5587378152949453
5353,0.5391,4,8,4,672061,4383,120700,5556,0.03471518185274363,0.5590099607606399
5354,0.5392,8,3,8,672064,4380,120708,5548,0.03469142060575339,0.5588235294117647
5355,0.5393,6,2,6,672066,4378,120714,5542,0.03467557977442656,0.5586693548387097
5356,0.5394,7,8,7,672074,4370,120721,5535,0.03461221644911925,0.5588086824835942
5357,0.5395,2,8,2,672082,4362,120723,5533,0.03454885312381194,0.5591712986356746
5358,0.5396,8,5,8,672087,4357,120731,5525,0.03450925104549487,0.5590973487148351
5359,0.5397,7,7,7,672094,4350,120738,5518,0.03445380813585097,0.5591811917308472
5360,0.5398,4,3,4,672097,4347,120742,5514,0.03443004688886073,0.5591724977182841
5361,0.5399,5,8,5,672105,4339,120747,5509,0.034366683563553414,0.5594029244516653
5362,0.54,8,8,8,672113,4331,120755,5501,0.0343033202382461,0.559499593165175
5363,0.5401,4,6,4,672119,4325,120759,5497,0.03425579774426562,0.5596619833027896
5364,0.5402,3,6,3,672125,4319,120762,5494,0.034208275250285136,0.5598695607867115
5365,0.5403,7,4,7,672129,4315,120769,5487,0.034176593587631476,0.5597837176086513
5366,0.5404,6,5,6,672134,4310,120775,5481,0.03413699150931441,0.5597998161576958
5367,0.5405,3,7,3,672141,4303,120778,5478,0.03408154859967051,0.5600654329823126
5368,0.5406,4,6,4,672147,4297,120782,5474,0.03403402610569003,0.5602292498208986
5369,0.5407,10,6,10,672153,4291,120792,5464,0.033986503611709545,0.5601230138390569
5370,0.5408,7,5,7,672158,4286,120799,5457,0.03394690153339247,0.560094426767936
5371,0.5409,5,5,5,672163,4281,120804,5452,0.0339072994550754,0.5601561697318401
5372,0.541,7,2,7,672165,4279,120811,5445,0.03389145862374857,0.5599547511312217
5373,0.5411,10,7,10,672172,4272,120821,5435,0.033836015714104675,0.5599052230349233
5374,0.5412,3,3,3,672175,4269,120824,5432,0.03381225446711444,0.559942273992372
5375,0.5413,13,5,13,672180,4264,120837,5419,0.03377265238879736,0.5596406072498192
5376,0.5414,6,9,6,672189,4255,120843,5413,0.033701368647826635,0.5598882912701696
5377,0.5415,5,6,5,672195,4249,120848,5408,0.03365384615384615,0.5600082841462152
5378,0.5416,5,6,5,672201,4243,120853,5403,0.03360632365986567,0.5601285506945884
5379,0.5417,4,8,4,672209,4235,120857,5399,0.03354296033455836,0.5604110442183932
5380,0.5418,4,4,4,672213,4231,120861,5395,0.033511278671904704,0.5604612507791398
5381,0.5419,4,8,4,672221,4223,120865,5391,0.03344791534659739,0.5607447472436031
5382,0.542,7,4,7,672225,4219,120872,5384,0.03341623368394373,0.5606581276684369
5383,0.5421,5,3,5,672228,4216,120877,5379,0.033392472436953494,0.5606044815007817
5384,0.5422,6,8,6,672236,4208,120883,5373,0.03332910911164618,0.5607974115436802
5385,0.5423,10,8,10,672244,4200,120893,5363,0.03326574578633887,0.5608072780508209
5386,0.5424,6,7,6,672251,4193,120899,5357,0.03321030287669497,0.5609424083769633
5387,0.5425,6,10,6,672261,4183,120905,5351,0.03313109872006083,0.5612544577302286
5388,0.5426,3,9,3,672270,4174,120908,5348,0.0330598149790901,0.5616467128754463
5389,0.5427,4,3,4,672273,4171,120912,5344,0.03303605373209986,0.5616395165528113
5390,0.5428,4,7,4,672280,4164,120916,5340,0.032980610822455965,0.5618686868686869
5391,0.5429,3,2,3,672282,4162,120919,5337,0.032964769991129135,0.561848615643752
5392,0.543,5,3,5,672285,4159,120924,5332,0.03294100874413889,0.5617953851016753
5393,0.5431,6,4,6,672289,4155,120930,5326,0.03290932708148524,0.5617550891256197
5394,0.5432,8,9,8,672298,4146,120938,5318,0.03283804334051451,0.5619188503803888
5395,0.5433,6,9,6,672307,4137,120944,5312,0.03276675959954378,0.5621758916287438
5396,0.5434,2,5,2,672312,4132,120946,5310,0.032727157521226714,0.5623808515145097
5397,0.5435,5,9,5,672321,4123,120951,5305,0.03265587378025599,0.56268561731014
5398,0.5436,6,3,6,672324,4120,120957,5299,0.03263211253326575,0.5625862618112326
5399,0.5437,14,7,14,672331,4113,120971,5285,0.032576669623621844,0.5623536922749521
5400,0.5438,10,2,10,672333,4111,120981,5275,0.03256082879229502,0.5620072448327296
5401,0.5439,6,8,6,672341,4103,120987,5269,0.03249746546698771,0.562206572769953
5402,0.544,3,7,3,672348,4096,120990,5266,0.03244202255734381,0.5624866481521043
5403,0.5441,5,10,5,672358,4086,120995,5261,0.03236281840070967,0.56285439178346
5404,0.5442,2,2,2,672360,4084,120997,5259,0.03234697756938284,0.5628813015091513
5405,0.5443,5,3,5,672363,4081,121002,5254,0.0323232163223926,0.5628280664167113
5406,0.5444,9,7,9,672370,4074,121011,5245,0.0322677734127487,0.5628286296812963
5407,0.5445,4,5,4,672375,4069,121015,5241,0.03222817133443163,0.5629430719656283
5408,0.5446,6,1,6,672376,4068,121021,5235,0.03222025091876822,0.562721702676556
5409,0.5447,8,6,8,672382,4062,121029,5227,0.03217272842478773,0.5627085800409086
5410,0.5448,3,4,3,672386,4058,121032,5224,0.03214104676213408,0.5628097392803275
5411,0.5449,11,3,11,672389,4055,121043,5213,0.03211728551514383,0.562473025463962
5412,0.545,4,6,4,672395,4049,121047,5209,0.03206976302116335,0.562648520198747
5413,0.5451,8,5,8,672400,4044,121055,5201,0.03203016094284628,0.5625743645213629
5414,0.5452,4,6,4,672406,4038,121059,5197,0.0319826384488658,0.5627504060638874
5415,0.5453,7,5,7,672411,4033,121066,5190,0.031943036370548725,0.5627236257183129
5416,0.5454,8,7,8,672418,4026,121074,5182,0.03188759346090483,0.562771503040834
5417,0.5455,7,5,7,672423,4021,121081,5175,0.03184799138258776,0.5627446715963462
5418,0.5456,4,2,4,672425,4019,121085,5171,0.03183215055126093,0.5626768226332971
5419,0.5457,12,4,12,672429,4015,121097,5159,0.031800468888607276,0.5623501199040767
5420,0.5458,6,5,6,672434,4010,121103,5153,0.0317608668102902,0.5623704027065372
5421,0.5459,7,3,7,672437,4007,121110,5146,0.031737105563299964,0.5622200371462909
5422,0.546,8,3,8,672440,4004,121118,5138,0.03171334431630972,0.5620214395099541
5423,0.5461,7,3,7,672443,4001,121125,5131,0.03168958306931948,0.5618703460359177
5424,0.5462,5,12,5,672455,3989,121130,5126,0.03159453808135851,0.5623697202413604
5425,0.5463,6,9,6,672464,3980,121136,5120,0.03152325434038778,0.5626373626373626
5426,0.5464,2,7,2,672471,3973,121138,5118,0.03146781143074388,0.5629743702562975
5427,0.5465,8,7,8,672478,3966,121146,5110,0.031412368521099986,0.5630233583076245
5428,0.5466,7,8,7,672486,3958,121153,5103,0.03134900519579267,0.563182871647721
5429,0.5467,7,6,7,672492,3952,121160,5096,0.03130148270181219,0.5632183908045977
5430,0.5468,7,2,7,672494,3950,121167,5089,0.03128564187048536,0.563004757163403
5431,0.5469,3,8,3,672502,3942,121170,5086,0.03122227854517805,0.5633584404076207
5432,0.547,5,9,5,672511,3933,121175,5081,0.031150994804207324,0.5636787219880186
5433,0.5471,5,8,5,672519,3925,121180,5076,0.031087631478900014,0.5639373402955227
5434,0.5472,8,7,8,672526,3918,121188,5068,0.031032188569256113,0.5639884264411307
5435,0.5473,4,4,4,672530,3914,121192,5064,0.031000506906602457,0.5640454444196926
5436,0.5474,5,8,5,672538,3906,121197,5059,0.030937143581295148,0.5643056330172894
5437,0.5475,4,7,4,672545,3899,121201,5055,0.030881700671651247,0.5645521554612464
5438,0.5476,4,7,4,672552,3892,121205,5051,0.03082625776200735,0.56479928435648
5439,0.5477,9,12,9,672564,3880,121214,5042,0.030731212774046383,0.5651199282672047
5440,0.5478,6,9,6,672573,3871,121220,5036,0.030659929033075656,0.5653980015717974
5441,0.5479,6,4,6,672577,3867,121226,5030,0.030628247370422,0.5653591098122963
5442,0.548,9,4,9,672581,3863,121235,5021,0.030596565707768343,0.565173345339937
5443,0.5481,4,7,4,672588,3856,121239,5017,0.030541122798124445,0.565423193959202
5444,0.5482,6,1,6,672589,3855,121245,5011,0.03053320238246103,0.5651928716444845
5445,0.5483,4,7,4,672596,3848,121249,5007,0.030477759472817133,0.5654432523997741
5446,0.5484,9,8,9,672604,3840,121258,4998,0.03041439614750982,0.5655125594025797
5447,0.5485,3,7,3,672611,3833,121261,4995,0.030358953237865922,0.5658133212505664
5448,0.5486,8,11,8,672622,3822,121269,4987,0.03027182866556837,0.5661255534112839
5449,0.5487,5,6,5,672628,3816,121274,4982,0.030224306171587886,0.5662650602409639
5450,0.5488,3,10,3,672638,3806,121277,4979,0.030145102014953743,0.5667615253272624
5451,0.5489,7,5,7,672643,3801,121284,4972,0.030105499936636675,0.5667388578593412
5452,0.549,5,5,5,672648,3796,121289,4967,0.030065897858319604,0.5668150176880064
5453,0.5491,4,5,4,672653,3791,121293,4963,0.030026295780002536,0.5669408270504912
5454,0.5492,5,7,5,672660,3784,121298,4958,0.029970852870358635,0.5671471059254175
5455,0.5493,7,5,7,672665,3779,121305,4951,0.029931250792041567,0.5671248568155784
5456,0.5494,5,4,5,672669,3775,121310,4946,0.02989956912938791,0.5671367962389634
5457,0.5495,11,6,11,672675,3769,121321,4935,0.029852046635407425,0.5669806985294118
5458,0.5496,2,6,2,672681,3763,121323,4933,0.029804524141426942,0.5672723091076357
5459,0.5497,4,4,4,672685,3759,121327,4929,0.029772842478773286,0.5673342541436464
5460,0.5498,3,5,3,672690,3754,121330,4926,0.029733240400456214,0.5675115207373271
5461,0.5499,2,1,2,672691,3753,121332,4924,0.029725319984792803,0.5674772386769621
5462,0.55,7,4,7,672695,3749,121339,4917,0.029693638322139147,0.5673897992153243
5463,0.5501,3,3,3,672698,3746,121342,4914,0.029669877075148905,0.5674364896073903
5464,0.5502,2,5,2,672703,3741,121344,4912,0.029630274996831834,0.5676643938518433
5465,0.5503,3,10,3,672713,3731,121347,4909,0.029551070840197695,0.5681712962962963
5466,0.5504,2,4,2,672717,3727,121349,4907,0.02951938917754404,0.5683344915450544
5467,0.5505,4,6,4,672723,3721,121353,4903,0.029471866683563552,0.5685296846011132
5468,0.5506,7,8,7,672731,3713,121360,4896,0.02940850335825624,0.5687071669183412
5469,0.5507,9,8,9,672739,3705,121369,4887,0.02934514003294893,0.5687849162011173
5470,0.5508,5,9,5,672748,3696,121374,4882,0.029273856291978203,0.5691303334110516
5471,0.5509,6,6,6,672754,3690,121380,4876,0.02922633379799772,0.5692271772122344
5472,0.551,5,4,5,672758,3686,121385,4871,0.029194652135344064,0.5692415566203108
5473,0.5511,3,4,3,672762,3682,121388,4868,0.029162970472690408,0.5693567251461988
5474,0.5512,3,4,3,672766,3678,121391,4865,0.02913128881003675,0.5694720824066487
5475,0.5513,8,9,8,672775,3669,121399,4857,0.029060005069066024,0.5696692470091484
5476,0.5514,7,7,7,672782,3662,121406,4850,0.029004562159422126,0.5697838345864662
5477,0.5515,5,5,5,672787,3657,121411,4845,0.028964960081105058,0.5698659139026111
5478,0.5516,5,6,5,672793,3651,121416,4840,0.028917437587124572,0.5700153103285832
5479,0.5517,3,2,3,672795,3649,121419,4837,0.028901596755797745,0.5699976431769974
5480,0.5518,5,1,5,672796,3648,121424,4832,0.02889367634013433,0.569811320754717
5481,0.5519,6,5,6,672801,3643,121430,4826,0.02885407426181726,0.5698429566654859
5482,0.552,6,1,6,672802,3642,121436,4820,0.028846153846153848,0.5696052942566769
5483,0.5521,5,0,5,672802,3642,121441,4815,0.028846153846153848,0.5693508336289465
5484,0.5522,8,5,8,672807,3637,121449,4807,0.028806551767836776,0.5692799621032686
5485,0.5523,11,5,11,672812,3632,121460,4796,0.028766949689519705,0.5690555291884195
5486,0.5524,5,5,5,672817,3627,121465,4791,0.028727347611202637,0.5691375623663578
5487,0.5525,11,3,11,672820,3624,121476,4780,0.028703586364212393,0.5687767729652546
5488,0.5526,9,6,9,672826,3618,121485,4771,0.02865606387023191,0.5687209440934557
5489,0.5527,6,4,6,672830,3614,121491,4765,0.028624382207578253,0.5686836137963958
5490,0.5528,4,6,4,672836,3608,121495,4761,0.02857685971359777,0.5688851714661249
5491,0.5529,4,6,4,672842,3602,121499,4757,0.028529337219617285,0.5690872113889222
5492,0.553,7,3,7,672845,3599,121506,4750,0.028505575972627043,0.5689304108276441
5493,0.5531,6,4,6,672849,3595,121512,4744,0.028473894309973387,0.5688931526561938
5494,0.5532,8,5,8,672854,3590,121520,4736,0.02843429223165632,0.5688205620946433
5495,0.5533,8,7,8,672861,3583,121528,4728,0.028378849322012418,0.5688846107568283
5496,0.5534,5,2,5,672863,3581,121533,4723,0.02836300849068559,0.56876204238921
5497,0.5535,5,5,5,672868,3576,121538,4718,0.02832340641236852,0.568844948155293
5498,0.5536,10,6,10,672874,3570,121548,4708,0.028275883918388037,0.5687364097608117
5499,0.5537,4,5,4,672879,3565,121552,4704,0.028236281840070966,0.5688716894424961
5500,0.5538,5,4,5,672883,3561,121557,4699,0.02820460017741731,0.5688861985472154
5501,0.5539,2,6,2,672889,3555,121559,4697,0.028157077683436827,0.5691953465826466
5502,0.554,4,9,4,672898,3546,121563,4693,0.0280857939424661,0.5696079621313266
5503,0.5541,5,3,5,672901,3543,121568,4688,0.028062032695475858,0.5695541246507108
5504,0.5542,5,7,5,672908,3536,121573,4683,0.02800658978583196,0.5697773451758121
5505,0.5543,5,2,5,672910,3534,121578,4678,0.027990748954505134,0.5696541646371164
5506,0.5544,3,6,3,672916,3528,121581,4675,0.027943226460524648,0.5699134463001341
5507,0.5545,6,4,6,672920,3524,121587,4669,0.02791154479787099,0.5698767240327108
5508,0.5546,4,9,4,672929,3515,121591,4665,0.027840261056900267,0.5702933985330073
5509,0.5547,7,4,7,672933,3511,121598,4658,0.02780857939424661,0.5702044313869506
5510,0.5548,5,6,5,672939,3505,121603,4653,0.027761056900266125,0.5703603824466781
5511,0.5549,8,5,8,672944,3500,121611,4645,0.027721454821949057,0.5702885205647636
5512,0.555,4,0,4,672944,3500,121615,4641,0.027721454821949057,0.5700773860705073
5513,0.5551,6,4,6,672948,3496,121621,4635,0.0276897731592954,0.5700405854138483
5514,0.5552,7,3,7,672951,3493,121628,4628,0.02766601191230516,0.5698805565817018
5515,0.5553,10,7,10,672958,3486,121638,4618,0.027610569002661258,0.5698420533070089
5516,0.5554,9,2,9,672960,3484,121647,4609,0.02759472817133443,0.5695045100704312
5517,0.5555,9,5,9,672965,3479,121656,4600,0.02755512609301736,0.5693773981928456
5518,0.5556,4,3,4,672968,3476,121660,4596,0.02753136484602712,0.5693756194251735
5519,0.5557,5,1,5,672969,3475,121665,4591,0.027523444430363704,0.5691792710141333
5520,0.5558,5,5,5,672974,3470,121670,4586,0.027483842352046636,0.5692651439920556
5521,0.5559,5,2,5,672976,3468,121675,4581,0.027468001520719806,0.5691390234811778
5522,0.556,2,2,2,672978,3466,121677,4579,0.02745216068939298,0.5691733996270976
5523,0.5561,3,9,3,672987,3457,121680,4576,0.027380876948422252,0.5696501929540645
5524,0.5562,3,4,3,672991,3453,121683,4573,0.027349195285768596,0.5697732369798156
5525,0.5563,3,6,3,672997,3447,121686,4570,0.027301672791788113,0.5700386678308594
5526,0.5564,1,6,1,673003,3441,121687,4569,0.02725415029780763,0.5704119850187266
5527,0.5565,3,6,3,673009,3435,121690,4566,0.027206627803827144,0.5706786651668542
5528,0.5566,2,14,2,673023,3421,121692,4564,0.02709574198453935,0.571571696931747
5529,0.5567,2,7,2,673030,3414,121694,4562,0.02704029907489545,0.5719658976930793
5530,0.5568,8,7,8,673037,3407,121702,4554,0.026984856165251554,0.572038688606959
5531,0.5569,7,5,7,673042,3402,121709,4547,0.026945254086934482,0.5720216379418794
5532,0.557,7,5,7,673047,3397,121716,4540,0.02690565200861741,0.5720045357187854
5533,0.5571,3,6,3,673053,3391,121719,4537,0.026858129514636928,0.5722754793138244
5534,0.5572,5,3,5,673056,3388,121724,4532,0.026834368267646687,0.5722222222222222
5535,0.5573,3,4,3,673060,3384,121727,4529,0.02680268660499303,0.5723492986225199
5536,0.5574,1,7,1,673067,3377,121728,4528,0.026747243695349133,0.5728020240354206
5537,0.5575,2,6,2,673073,3371,121730,4526,0.026699721201368647,0.573129036342915
5538,0.5576,4,1,4,673074,3370,121734,4522,0.026691800785705235,0.5729853015712113
5539,0.5577,2,7,2,673081,3363,121736,4520,0.026636357876061334,0.5733857668400355
5540,0.5578,6,3,6,673084,3360,121742,4514,0.026612596629071093,0.5732791465582932
5541,0.5579,3,2,3,673086,3358,121745,4511,0.026596755797744266,0.5732621680010166
5542,0.558,5,3,5,673089,3355,121750,4506,0.026572994550754025,0.5732095153288386
5543,0.5581,5,7,5,673096,3348,121755,4501,0.026517551641110127,0.5734488469868773
5544,0.5582,10,2,10,673098,3346,121765,4491,0.026501710809783297,0.5730509123389051
5545,0.5583,2,7,2,673105,3339,121767,4489,0.0264462679001394,0.5734542667347982
5546,0.5584,10,8,10,673113,3331,121777,4479,0.026382904574832087,0.573495518565941
5547,0.5585,5,3,5,673116,3328,121782,4474,0.026359143327841845,0.5734427069982055
5548,0.5586,5,6,5,673122,3322,121787,4469,0.026311620833861363,0.5736105763059941
5549,0.5587,2,1,2,673123,3321,121789,4467,0.026303700418197948,0.5735747303543913
5550,0.5588,5,6,5,673129,3315,121794,4462,0.02625617792421746,0.5737430885945738
5551,0.5589,5,8,5,673137,3307,121799,4457,0.026192814598910152,0.5740597630087584
5552,0.559,3,4,3,673141,3303,121802,4454,0.026161132936256496,0.5741910532422329
5553,0.5591,4,5,4,673146,3298,121806,4450,0.026121530857939425,0.5743417656169334
5554,0.5592,2,5,2,673151,3293,121808,4448,0.026081928779622354,0.5746027645007105
5555,0.5593,5,8,5,673159,3285,121813,4443,0.02601856545431504,0.5749223602484472
5556,0.5594,2,2,2,673161,3283,121815,4441,0.026002724622988214,0.5749611600207146
5557,0.5595,5,7,5,673168,3276,121820,4436,0.025947281713344317,0.575207468879668
5558,0.5596,4,1,4,673169,3275,121824,4432,0.025939361297680902,0.5750616322823408
5559,0.5597,8,5,8,673174,3270,121832,4424,0.02589975921936383,0.5749935014296854
5560,0.5598,8,6,8,673180,3264,121840,4416,0.025852236725383348,0.575
5561,0.5599,6,7,6,673187,3257,121846,4410,0.02579679381573945,0.5751923829398722
5562,0.56,5,2,5,673189,3255,121851,4405,0.025780952984412624,0.575065274151436
5563,0.5601,2,3,2,673192,3252,121853,4403,0.02575719173742238,0.5751796211626388
5564,0.5602,7,5,7,673197,3247,121860,4396,0.02571758965910531,0.5751668193117886
5565,0.5603,9,5,9,673202,3242,121869,4387,0.02567798758078824,0.5750426006029624
5566,0.5604,4,5,4,673207,3237,121873,4383,0.02563838550247117,0.5751968503937008
5567,0.5605,8,6,8,673213,3231,121881,4375,0.025590863008490686,0.5752037864843544
5568,0.5606,5,5,5,673218,3226,121886,4370,0.025551260930173614,0.5753027909426014
5569,0.5607,6,1,6,673219,3225,121892,4364,0.025543340514510203,0.5750428251416524
5570,0.5608,7,6,7,673225,3219,121899,4357,0.025495818020529717,0.5751055966209081
5571,0.5609,3,7,3,673232,3212,121902,4354,0.02544037511088582,0.5754692043351837
5572,0.561,4,10,4,673242,3202,121906,4350,0.02536117095425168,0.5760063559322034
5573,0.5611,9,11,9,673253,3191,121915,4341,0.025274046381954126,0.5763409453000531
5574,0.5612,8,7,8,673260,3184,121923,4333,0.02521860347231023,0.5764267659970733
5575,0.5613,5,4,5,673264,3180,121928,4328,0.025186921809656572,0.5764517847629196
5576,0.5614,4,1,4,673265,3179,121932,4324,0.025179001393993157,0.5763028122084499
5577,0.5615,1,6,1,673271,3173,121933,4323,0.025131478900012674,0.5767075773745998
5578,0.5616,5,6,5,673277,3167,121938,4318,0.025083956406032188,0.5768871075484302
5579,0.5617,3,8,3,673285,3159,121941,4315,0.025020593080724875,0.5773347605030773
5580,0.5618,4,4,4,673289,3155,121945,4311,0.02498891141807122,0.5774176265738012
5581,0.5619,6,3,6,673292,3152,121951,4305,0.024965150171080978,0.5773099101515354
5582,0.562,8,1,8,673293,3151,121959,4297,0.024957229755417563,0.5769334049409237
5583,0.5621,8,5,8,673298,3146,121967,4289,0.024917627677100495,0.5768661735036987
5584,0.5622,5,1,5,673299,3145,121972,4284,0.02490970726143708,0.5766590389016019
5585,0.5623,6,5,6,673304,3140,121978,4278,0.02487010518312001,0.5767053114046913
5586,0.5624,0,4,0,673308,3136,121978,4278,0.024838423520466352,0.5770164553547343
5587,0.5625,5,2,5,673310,3134,121983,4273,0.024822582689139526,0.5768867287700824
5588,0.5626,11,4,11,673314,3130,121994,4262,0.02479090102648587,0.5765692640692641
5589,0.5627,7,8,7,673322,3122,122001,4255,0.024727537701178557,0.5767927341737834
5590,0.5628,6,5,6,673327,3117,122007,4249,0.02468793562286149,0.5768395329894108
5591,0.5629,2,3,2,673330,3114,122009,4247,0.024664174375871244,0.5769596522211656
5592,0.563,6,2,6,673332,3112,122015,4241,0.024648333544544418,0.5767713858289134
5593,0.5631,5,2,5,673334,3110,122020,4236,0.024632492713217588,0.5766403484889736
5594,0.5632,6,3,6,673337,3107,122026,4230,0.024608731466227347,0.576529916859752
5595,0.5633,3,7,3,673344,3100,122029,4227,0.02455328855658345,0.5769073290569128
5596,0.5634,3,8,3,673352,3092,122032,4224,0.024489925231276136,0.5773646801530892
5597,0.5635,2,2,2,673354,3090,122034,4222,0.02447408439994931,0.5774070021881839
5598,0.5636,2,4,2,673358,3086,122036,4220,0.024442402737295654,0.577607445934848
5599,0.5637,3,5,3,673363,3081,122039,4217,0.024402800658978582,0.5778295423403672
5600,0.5638,6,6,6,673369,3075,122045,4211,0.0243552781649981,0.577957727147955
5601,0.5639,3,8,3,673377,3067,122048,4208,0.024291914839690787,0.5784192439862543
5602,0.564,1,5,1,673382,3062,122049,4207,0.024252312761373716,0.5787591140459486
5603,0.5641,3,2,3,673384,3060,122052,4204,0.02423647193004689,0.5787444933920705
5604,0.5642,6,6,6,673390,3054,122058,4198,0.024188949436066406,0.5788747931605075
5605,0.5643,6,2,6,673392,3052,122064,4192,0.024173108604739577,0.5786858089453341
5606,0.5644,7,4,7,673396,3048,122071,4185,0.02414142694208592,0.578598092077976
5607,0.5645,6,5,6,673401,3043,122077,4179,0.02410182486376885,0.5786485738022709
5608,0.5646,7,8,7,673409,3035,122084,4172,0.02403846153846154,0.5788816428472319
5609,0.5647,6,4,6,673413,3031,122090,4166,0.024006779875807883,0.578852299569265
5610,0.5648,3,3,3,673416,3028,122093,4163,0.02398301862881764,0.5789180920595188
5611,0.5649,4,3,4,673419,3025,122097,4159,0.023959257381827397,0.5789253897550112
5612,0.565,5,5,5,673424,3020,122102,4154,0.02391965530351033,0.5790354056314468
5613,0.5651,4,8,4,673432,3012,122106,4150,0.023856291978203017,0.5794470818207205
5614,0.5652,12,7,12,673439,3005,122118,4138,0.02380084906855912,0.5793084138317234
5615,0.5653,5,5,5,673444,3000,122123,4133,0.023761246990242048,0.5794195990466844
5616,0.5654,4,3,4,673447,2997,122127,4129,0.023737485743251806,0.5794274487791187
5617,0.5655,6,3,6,673450,2994,122133,4123,0.023713724496261565,0.5793171280033722
5618,0.5656,5,4,5,673454,2990,122138,4118,0.02368204283360791,0.5793472144063028
5619,0.5657,4,3,4,673457,2987,122142,4114,0.023658281586617667,0.5793550204196593
5620,0.5658,4,5,4,673462,2982,122146,4110,0.023618679508300596,0.5795262267343486
5621,0.5659,6,5,6,673467,2977,122152,4104,0.023579077429983525,0.5795791554865132
5622,0.566,2,5,2,673472,2972,122154,4102,0.023539475351666457,0.57986994628216
5623,0.5661,6,8,6,673480,2964,122160,4096,0.023476112026359144,0.5801699716713881
5624,0.5662,8,6,8,673486,2958,122168,4088,0.023428589532378658,0.5801873403349418
5625,0.5663,3,2,3,673488,2956,122171,4085,0.023412748701051832,0.5801732708422099
5626,0.5664,12,1,12,673489,2955,122183,4073,0.023404828285388417,0.5795389869095048
5627,0.5665,6,5,6,673494,2950,122189,4067,0.023365226207071346,0.5795924184124269
5628,0.5666,6,3,6,673497,2947,122195,4061,0.023341464960081104,0.579480593607306
5629,0.5667,4,7,4,673504,2940,122199,4057,0.023286022050437206,0.5798199228240675
5630,0.5668,4,1,4,673505,2939,122203,4053,0.02327810163477379,0.579662471395881
5631,0.5669,6,7,6,673512,2932,122209,4047,0.023222658725129894,0.5798825046568277
5632,0.567,4,5,4,673517,2927,122213,4043,0.023183056646812826,0.5800573888091822
5633,0.5671,2,2,2,673519,2925,122215,4041,0.023167215815485996,0.5801033591731266
5634,0.5672,3,3,3,673522,2922,122218,4038,0.023143454568495755,0.5801724137931035
5635,0.5673,2,9,2,673531,2913,122220,4036,0.023072170827525027,0.5808029932364369
5636,0.5674,6,2,6,673533,2911,122226,4030,0.0230563299961982,0.5806079815588532
5637,0.5675,2,3,2,673536,2908,122228,4028,0.02303256874920796,0.5807381776239908
5638,0.5676,3,9,3,673545,2899,122231,4025,0.022961285008237232,0.5813113807047949
5639,0.5677,6,4,6,673549,2895,122237,4019,0.022929603345583575,0.5812843505929998
5640,0.5678,4,3,4,673552,2892,122241,4015,0.022905842098593334,0.5812943390762995
5641,0.5679,3,1,3,673553,2891,122244,4012,0.02289792168292992,0.5811965811965812
5642,0.568,5,5,5,673558,2886,122249,4007,0.02285831960461285,0.5813143769041056
5643,0.5681,4,0,4,673558,2886,122253,4003,0.02285831960461285,0.5810712730439832
5644,0.5682,1,6,1,673564,2880,122254,4002,0.022810797110632365,0.5815170008718396
5645,0.5683,4,4,4,673568,2876,122258,3998,0.02277911544797871,0.5816118708175735
5646,0.5684,3,2,3,673570,2874,122261,3995,0.022763274616651882,0.5815984859513758
5647,0.5685,5,3,5,673573,2871,122266,3990,0.02273951336966164,0.5815478793178837
5648,0.5686,6,4,6,673577,2867,122272,3984,0.022707831707007985,0.5815209458473216
5649,0.5687,4,3,4,673580,2864,122276,3980,0.022684070460017743,0.581531268264173
5650,0.5688,3,5,3,673585,2859,122279,3977,0.022644468381700672,0.581772966647162
5651,0.5689,9,6,9,673591,2853,122288,3968,0.02259694588772019,0.5817328837413869
5652,0.569,5,3,5,673594,2850,122293,3963,0.022573184640729944,0.5816820783795684
5653,0.5691,4,4,4,673598,2846,122297,3959,0.022541502978076288,0.5817781043350477
5654,0.5692,10,4,10,673602,2842,122307,3949,0.022509821315422632,0.5815049329995582
5655,0.5693,7,1,7,673603,2841,122314,3942,0.02250190089975922,0.5811587793011942
5656,0.5694,6,2,6,673605,2839,122320,3936,0.02248606006843239,0.580959409594096
5657,0.5695,0,1,0,673606,2838,122320,3936,0.02247813965276898,0.5810451727192205
5658,0.5696,4,7,4,673613,2831,122324,3932,0.022422696743125078,0.5813987875203313
5659,0.5697,2,5,2,673618,2826,122326,3930,0.02238309466480801,0.5817051509769094
5660,0.5698,6,6,6,673624,2820,122332,3924,0.022335572170827524,0.5818505338078291
5661,0.5699,4,4,4,673628,2816,122336,3920,0.022303890508173867,0.5819477434679335
5662,0.57,3,5,3,673633,2811,122339,3917,0.0222642884298568,0.5821938168846611
5663,0.5701,4,4,4,673637,2807,122343,3913,0.022232606767203143,0.5822916666666667
5664,0.5702,1,7,1,673644,2800,122344,3912,0.022177163857559246,0.5828367103694875
5665,0.5703,6,5,6,673649,2795,122350,3906,0.022137561779242174,0.5828980749141919
5666,0.5704,4,4,4,673653,2791,122354,3902,0.022105880116588518,0.5829971612132079
5667,0.5705,3,2,3,673655,2789,122357,3899,0.02209003928526169,0.5829844497607656
5668,0.5706,3,3,3,673658,2786,122360,3896,0.02206627803827145,0.5830589643819216
5669,0.5707,2,5,2,673663,2781,122362,3894,0.02202667595995438,0.5833707865168539
5670,0.5708,7,2,7,673665,2779,122369,3887,0.02201083512862755,0.583108310831083
5671,0.5709,5,6,5,673671,2773,122374,3882,0.021963312634647066,0.5833208114199849
5672,0.571,10,3,10,673674,2770,122384,3872,0.021939551387656825,0.582956940680518
5673,0.5711,6,4,6,673678,2766,122390,3866,0.02190786972500317,0.5829312424607962
5674,0.5712,8,1,8,673679,2765,122398,3858,0.021899949309339754,0.5825154763702249
5675,0.5713,7,6,7,673685,2759,122405,3851,0.02185242681535927,0.5826021180030257
5676,0.5714,3,3,3,673688,2756,122408,3848,0.02182866556836903,0.5826771653543307
5677,0.5715,2,6,2,673694,2750,122410,3846,0.021781143074388543,0.5830806549423894
5678,0.5716,4,3,4,673697,2747,122414,3842,0.021757381827398302,0.5830930338442859
5679,0.5717,6,6,6,673703,2741,122420,3836,0.02170985933341782,0.5832446404135624
5680,0.5718,4,2,4,673705,2739,122424,3832,0.02169401850209099,0.5831684675087506
5681,0.5719,8,2,8,673707,2737,122432,3824,0.021678177670764163,0.5828379820149368
5682,0.572,5,2,5,673709,2735,122437,3819,0.021662336839437333,0.5826975892584682
5683,0.5721,7,4,7,673713,2731,122444,3812,0.021630655176783677,0.5826073666513831
5684,0.5722,2,3,2,673716,2728,122446,3810,0.021606893929793435,0.5827470174365249
5685,0.5723,6,3,6,673719,2725,122452,3804,0.021583132682803194,0.5826313371113494
5686,0.5724,3,2,3,673721,2723,122455,3801,0.021567291851476364,0.5826180257510729
5687,0.5725,7,5,7,673726,2718,122462,3794,0.021527689773159296,0.5826167076167076
5688,0.5726,5,8,5,673734,2710,122467,3789,0.021464326447851984,0.5830127711955686
5689,0.5727,3,5,3,673739,2705,122470,3786,0.021424724369534912,0.5832691418887691
5690,0.5728,4,5,4,673744,2700,122474,3782,0.021385122291217844,0.5834618944770132
5691,0.5729,1,2,1,673746,2698,122475,3781,0.021369281459891015,0.5835777126099707
5692,0.573,5,3,5,673749,2695,122480,3776,0.021345520212900773,0.583526502858909
5693,0.5731,1,4,1,673753,2691,122481,3775,0.021313838550247117,0.5838230745437674
5694,0.5732,2,3,2,673756,2688,122483,3773,0.021290077303256875,0.5839653304442037
5695,0.5733,3,3,3,673759,2685,122486,3770,0.021266316056266634,0.5840433772269559
5696,0.5734,3,1,3,673760,2684,122489,3767,0.02125839564060322,0.5839404743450628
5697,0.5735,4,5,4,673765,2679,122493,3763,0.021218793562286148,0.5841353616889164
5698,0.5736,1,8,1,673773,2671,122494,3762,0.021155430236978835,0.5847971397481735
5699,0.5737,5,5,5,673778,2666,122499,3757,0.021115828158661767,0.5849291608282734
5700,0.5738,6,2,6,673780,2664,122505,3751,0.021099987327334938,0.5847233047544816
5701,0.5739,2,3,2,673783,2661,122507,3749,0.021076226080344696,0.5848673946957879
5702,0.574,7,4,7,673787,2657,122514,3742,0.02104454441769104,0.5847788716987029
5703,0.5741,4,3,4,673790,2654,122518,3738,0.0210207831707008,0.5847934918648311
5704,0.5742,4,4,4,673794,2650,122522,3734,0.020989101508047142,0.5848997493734336
5705,0.5743,1,6,1,673800,2644,122523,3733,0.02094157901406666,0.5853849772620354
5706,0.5744,1,5,1,673805,2639,122524,3732,0.020901976935749588,0.5857793125098101
5707,0.5745,3,2,3,673807,2637,122527,3729,0.02088613610442276,0.5857681432610744
5708,0.5746,8,8,8,673815,2629,122535,3721,0.02082277277911545,0.5859842519685039
5709,0.5747,4,4,4,673819,2625,122539,3717,0.020791091116461793,0.5860927152317881
5710,0.5748,2,7,2,673826,2618,122541,3715,0.020735648206817895,0.5866098215695563
5711,0.5749,4,5,4,673831,2613,122545,3711,0.020696046128500824,0.5868121442125237
5712,0.575,2,2,2,673833,2611,122547,3709,0.020680205297173997,0.586867088607595
5713,0.5751,1,3,1,673836,2608,122548,3708,0.020656444050183752,0.5870804306523116
5714,0.5752,2,3,2,673839,2605,122550,3706,0.02063268280319351,0.5872286483916971
5715,0.5753,6,2,6,673841,2603,122556,3700,0.020616841971866685,0.5870220529906394
5716,0.5754,8,8,8,673849,2595,122564,3692,0.020553478646559372,0.5872435183712422
5717,0.5755,4,6,4,673855,2589,122568,3688,0.020505956152578886,0.5875418193404492
5718,0.5756,0,3,0,673858,2586,122568,3688,0.020482194905588644,0.5878227605992987
5719,0.5757,5,7,5,673865,2579,122573,3683,0.020426751995944747,0.5881507505589268
5720,0.5758,6,1,6,673866,2578,122579,3677,0.020418831580281332,0.587849720223821
5721,0.5759,8,3,8,673869,2575,122587,3669,0.02039507033329109,0.5876040999359385
5722,0.576,9,3,9,673872,2572,122596,3660,0.02037130908630085,0.5872913992297818
5723,0.5761,8,5,8,673877,2567,122604,3652,0.020331707007983778,0.5872326740633542
5724,0.5762,6,0,6,673877,2567,122610,3646,0.020331707007983778,0.5868340576211171
5725,0.5763,3,1,3,673878,2566,122613,3643,0.020323786592320366,0.5867289418585924
5726,0.5764,2,6,2,673884,2560,122615,3641,0.02027626409833988,0.5871633607482664
5727,0.5765,6,2,6,673886,2558,122621,3635,0.020260423267013054,0.5869530114645568
5728,0.5766,8,9,8,673895,2549,122629,3627,0.020189139526042326,0.5872733160621761
5729,0.5767,6,3,6,673898,2546,122635,3621,0.020165378279052085,0.5871574509485974
5730,0.5768,3,6,3,673904,2540,122638,3618,0.020117855785071602,0.5875284183176356
5731,0.5769,5,5,5,673909,2535,122643,3613,0.02007825370675453,0.5876707872478855
5732,0.577,4,7,4,673916,2528,122647,3609,0.020022810797110633,0.5880723480527945
5733,0.5771,2,2,2,673918,2526,122649,3607,0.020006969965783803,0.5881297896624816
5734,0.5772,5,1,5,673919,2525,122654,3602,0.01999904955012039,0.5878896686796148
5735,0.5773,7,2,7,673921,2523,122661,3595,0.01998320871879356,0.5876103301732593
5736,0.5774,4,5,4,673926,2518,122665,3591,0.019943606640476494,0.5878212473399902
5737,0.5775,2,5,2,673931,2513,122667,3589,0.019904004562159423,0.5881678138315306
5738,0.5776,2,0,2,673931,2513,122669,3587,0.019904004562159423,0.5880327868852459
5739,0.5777,6,4,6,673935,2509,122675,3581,0.019872322899505766,0.5880131362889983
5740,0.5778,3,3,3,673938,2506,122678,3578,0.019848561652515525,0.5880999342537804
5741,0.5779,7,7,7,673945,2499,122685,3571,0.019793118742871627,0.5883031301482702
5742,0.578,2,5,2,673950,2494,122687,3569,0.019753516664554556,0.5886524822695035
5743,0.5781,2,4,2,673954,2490,122689,3567,0.0197218350019009,0.5889053987122338
5744,0.5782,3,3,3,673957,2487,122692,3564,0.019698073754910658,0.5889935547843331
5745,0.5783,6,3,6,673960,2484,122698,3558,0.019674312507920417,0.5888778550148958
5746,0.5784,4,1,4,673961,2483,122702,3554,0.019666392092257002,0.588702998177903
5747,0.5785,2,2,2,673963,2481,122704,3552,0.019650551260930172,0.5887618100447538
5748,0.5786,3,3,3,673966,2478,122707,3549,0.01962679001393993,0.5888501742160279
5749,0.5787,4,6,4,673972,2472,122711,3545,0.019579267519959448,0.589164035233505
5750,0.5788,5,8,5,673980,2464,122716,3540,0.019515904194652135,0.5896069287141905
5751,0.5789,1,6,1,673986,2458,122717,3539,0.019468381700671653,0.5901283975320993
5752,0.579,3,2,3,673988,2456,122720,3536,0.019452540869344823,0.5901201602136181
5753,0.5791,6,3,6,673991,2453,122726,3530,0.01942877962235458,0.5900050142069196
5754,0.5792,4,1,4,673992,2452,122730,3526,0.019420859206691166,0.5898293743726999
5755,0.5793,6,2,6,673994,2450,122736,3520,0.01940501837536434,0.5896147403685092
5756,0.5794,4,3,4,673997,2447,122740,3516,0.0193812571283741,0.5896360892168372
5757,0.5795,3,4,3,674001,2443,122743,3513,0.019349575465720442,0.5898253861652115
5758,0.5796,9,6,9,674007,2437,122752,3504,0.019302052971739956,0.5897996970207036
5759,0.5797,7,6,7,674013,2431,122759,3497,0.019254530477759473,0.5899122807017544
5760,0.5798,6,4,6,674017,2427,122765,3491,0.019222848815105817,0.5898952348766475
5761,0.5799,2,1,2,674018,2426,122767,3489,0.019214928399442402,0.5898562975486052
5762,0.58,3,4,3,674022,2422,122770,3486,0.019183246736788746,0.590047393364929
5763,0.5801,6,3,6,674025,2419,122776,3480,0.019159485489798504,0.5899304966943549
5764,0.5802,8,6,8,674031,2413,122784,3472,0.01911196299581802,0.5899745114698386
5765,0.5803,4,3,4,674034,2410,122788,3468,0.01908820174882778,0.5899965974821367
5766,0.5804,4,3,4,674037,2407,122792,3464,0.019064440501837535,0.5900187361607904
5767,0.5805,9,1,9,674038,2406,122801,3455,0.019056520086174124,0.58948984814878
5768,0.5806,4,4,4,674042,2402,122805,3451,0.019024838423520467,0.5896121647018623
5769,0.5807,2,5,2,674047,2397,122807,3449,0.018985236345203396,0.5899760520013685
5770,0.5808,4,1,4,674048,2396,122811,3445,0.01897731592953998,0.5897962677623695
5771,0.5809,3,4,3,674052,2392,122814,3442,0.018945634266886325,0.5899897154610901
5772,0.581,3,3,3,674055,2389,122817,3439,0.018921873019896084,0.5900823610157858
5773,0.5811,5,1,5,674056,2388,122822,3434,0.01891395260423267,0.5898316729646169
5774,0.5812,5,5,5,674061,2383,122827,3429,0.0188743505259156,0.589986235375086
5775,0.5813,5,8,5,674069,2375,122832,3424,0.018810987200608288,0.5904466287290913
5776,0.5814,7,4,7,674073,2371,122839,3417,0.018779305537954632,0.5903593642017968
5777,0.5815,5,1,5,674074,2370,122844,3412,0.018771385122291217,0.5901072293324109
5778,0.5816,4,4,4,674078,2366,122848,3408,0.01873970345963756,0.5902320748181503
5779,0.5817,2,3,2,674081,2363,122850,3406,0.01871594221264732,0.5903969492113018
5780,0.5818,3,8,3,674089,2355,122853,3403,0.018652578887340007,0.591003820771101
5781,0.5819,4,7,4,674096,2348,122857,3399,0.01859713597769611,0.5914390116582565
5782,0.582,4,4,4,674100,2344,122861,3395,0.018565454315042453,0.5915664749956439
5783,0.5821,3,4,3,674104,2340,122864,3392,0.018533772652388796,0.5917655268667132
5784,0.5822,4,2,4,674106,2338,122868,3388,0.01851793182106197,0.5916870415647921
5785,0.5823,5,3,5,674109,2335,122873,3383,0.01849417057407173,0.5916404337180833
5786,0.5824,5,4,5,674113,2331,122878,3378,0.018462488911418072,0.5916973200210195
5787,0.5825,3,3,3,674116,2328,122881,3375,0.01843872766442783,0.5917937927406628
5788,0.5826,6,4,6,674120,2324,122887,3369,0.018407046001774174,0.5917793781837344
5789,0.5827,3,3,3,674123,2321,122890,3366,0.01838328475478393,0.5918762088974855
5790,0.5828,3,4,3,674127,2317,122893,3363,0.018351603092130277,0.5920774647887324
5791,0.5829,4,2,4,674129,2315,122897,3359,0.018335762260803447,0.5919985900599225
5792,0.583,4,6,4,674135,2309,122901,3355,0.018288239766822964,0.592337570621469
5793,0.5831,5,3,5,674138,2306,122906,3350,0.01826447851983272,0.5922913719943423
5794,0.5832,4,4,4,674142,2302,122910,3346,0.018232796857179066,0.5924220963172805
5795,0.5833,3,3,3,674145,2299,122913,3343,0.01820903561018882,0.5925203828429635
5796,0.5834,7,4,7,674149,2295,122920,3336,0.018177353947535165,0.5924347362813
5797,0.5835,3,2,3,674151,2293,122923,3333,0.01816151311620834,0.5924280127977248
5798,0.5836,3,4,3,674155,2289,122926,3330,0.018129831453554682,0.592632140950347
5799,0.5837,1,6,1,674161,2283,122927,3329,0.0180823089595742,0.5931931575196009
5800,0.5838,3,4,3,674165,2279,122930,3326,0.018050627296920543,0.5933987511150758
5801,0.5839,2,6,2,674171,2273,122932,3324,0.018003104802940057,0.5938895837055566
5802,0.584,8,4,8,674175,2269,122940,3316,0.0179714231402864,0.5937332139659803
5803,0.5841,4,1,4,674176,2268,122944,3312,0.01796350272462299,0.5935483870967742
5804,0.5842,5,5,5,674181,2263,122949,3307,0.017923900646305918,0.5937163375224417
5805,0.5843,7,2,7,674183,2261,122956,3300,0.01790805981497909,0.5934184499190793
5806,0.5844,3,3,3,674186,2258,122959,3297,0.017884298567988847,0.5935193519351936
5807,0.5845,8,1,8,674187,2257,122967,3289,0.017876378152325435,0.5930400288496214
5808,0.5846,4,2,4,674189,2255,122971,3285,0.017860537320998605,0.5929602888086642
5809,0.5847,6,4,6,674193,2251,122977,3279,0.01782885565834495,0.5929475587703436
5810,0.5848,8,5,8,674198,2246,122985,3271,0.01778925358002788,0.59289468914265
5811,0.5849,3,3,3,674201,2243,122988,3268,0.017765492333037636,0.5929958265287607
5812,0.585,2,2,2,674203,2241,122990,3266,0.01774965150171081,0.5930633738877792
5813,0.5851,5,3,5,674206,2238,122995,3261,0.01772589025472057,0.5930169121658483
5814,0.5852,8,2,8,674208,2236,123003,3253,0.01771004942339374,0.592639825104755
5815,0.5853,3,3,3,674211,2233,123006,3250,0.017686288176403497,0.5927412000729527
5816,0.5854,3,2,3,674213,2231,123009,3247,0.01767044734507667,0.5927345746622855
5817,0.5855,2,4,2,674217,2227,123011,3245,0.017638765682423015,0.5930190058479532
5818,0.5856,5,0,5,674217,2227,123016,3240,0.017638765682423015,0.5926467898298884
5819,0.5857,3,2,3,674219,2225,123019,3237,0.017622924851096185,0.5926400585865983
5820,0.5858,4,6,4,674225,2219,123023,3233,0.017575402357115702,0.592993396918562
5821,0.5859,5,3,5,674228,2216,123028,3228,0.01755164111012546,0.5929463629684056
5822,0.586,5,1,5,674229,2215,123033,3223,0.017543720694462046,0.5926811327694005
5823,0.5861,5,1,5,674230,2214,123038,3218,0.01753580027879863,0.5924153166421208
5824,0.5862,4,2,4,674232,2212,123042,3214,0.017519959447471804,0.5923332104681165
5825,0.5863,8,2,8,674234,2210,123050,3206,0.017504118616144974,0.5919497784342689
5826,0.5864,5,1,5,674235,2209,123055,3201,0.017496198200481563,0.5916820702402957
5827,0.5865,2,2,2,674237,2207,123057,3199,0.017480357369154733,0.5917499075101739
5828,0.5866,2,7,2,674244,2200,123059,3197,0.017424914459510835,0.5923661293311099
5829,0.5867,7,1,7,674245,2199,123066,3190,0.01741699404384742,0.5919465578029319
5830,0.5868,5,2,5,674247,2197,123071,3185,0.017401153212520594,0.5917874396135265
5831,0.5869,3,4,3,674251,2193,123074,3182,0.017369471549866938,0.592
5832,0.587,6,7,6,674258,2186,123080,3176,0.01731402864022304,0.5923162998881014
5833,0.5871,1,7,1,674265,2179,123081,3175,0.017258585730579142,0.5930145685468808
5834,0.5872,2,2,2,674267,2177,123083,3173,0.017242744899252312,0.5930841121495327
5835,0.5873,2,5,2,674272,2172,123085,3171,0.01720314282093524,0.5934868051656372
5836,0.5874,1,1,1,674273,2171,123086,3170,0.01719522240527183,0.5935218123946826
5837,0.5875,4,2,4,674275,2169,123090,3166,0.017179381573945,0.593439550140581
5838,0.5876,3,7,3,674282,2162,123093,3163,0.017123938664301102,0.5939906103286385
5839,0.5877,8,4,8,674286,2158,123101,3155,0.017092257001647446,0.5938264633916808
5840,0.5878,2,4,2,674290,2154,123103,3153,0.01706057533899379,0.5941209723007349
5841,0.5879,3,3,3,674293,2151,123106,3150,0.017036814092003548,0.5942275042444821
5842,0.588,0,3,0,674296,2148,123106,3150,0.017013052845013307,0.594563986409966
5843,0.5881,5,3,5,674299,2145,123111,3145,0.016989291598023065,0.5945179584120983
5844,0.5882,7,4,7,674303,2141,123118,3138,0.01695760993536941,0.5944307634021595
5845,0.5883,8,3,8,674306,2138,123126,3130,0.016933848688379168,0.59415337889142
5846,0.5884,7,4,7,674310,2134,123133,3123,0.01690216702572551,0.5940650561156553
5847,0.5885,3,4,3,674314,2130,123136,3120,0.016870485363071855,0.5942857142857143
5848,0.5886,4,1,4,674315,2129,123140,3116,0.01686256494740844,0.5940896091515729
5849,0.5887,0,4,0,674319,2125,123140,3116,0.016830883284754784,0.5945430261400496
5850,0.5888,2,5,2,674324,2120,123142,3114,0.016791281206437712,0.5949560565533053
5851,0.5889,4,2,4,674326,2118,123146,3110,0.016775440375110886,0.5948737566947208
5852,0.589,6,3,6,674329,2115,123152,3104,0.016751679128120645,0.5947499520981031
5853,0.5891,2,2,2,674331,2113,123154,3102,0.016735838296793815,0.5948226270373922
5854,0.5892,2,4,2,674335,2109,123156,3100,0.01670415663414016,0.5951238241505087
5855,0.5893,4,3,4,674338,2106,123160,3096,0.016680395387149917,0.5951557093425606
5856,0.5894,4,2,4,674340,2104,123164,3092,0.01666455455582309,0.5950731331793687
5857,0.5895,2,2,2,674342,2102,123166,3090,0.01664871372449626,0.5951463790446841
5858,0.5896,4,2,4,674344,2100,123170,3086,0.016632872893169434,0.5950636328576938
5859,0.5897,4,2,4,674346,2098,123174,3082,0.016617032061842604,0.594980694980695
5860,0.5898,7,0,7,674346,2098,123181,3075,0.016617032061842604,0.5944326309684902
5861,0.5899,5,4,5,674350,2094,123186,3070,0.016585350399188948,0.5945003872966692
5862,0.59,6,7,6,674357,2087,123192,3064,0.01652990748954505,0.5948359541836536
5863,0.5901,2,4,2,674361,2083,123194,3062,0.016498225826891394,0.5951409135082605
5864,0.5902,4,3,4,674364,2080,123198,3058,0.016474464579901153,0.5951732191514207
5865,0.5903,3,4,3,674368,2076,123201,3055,0.016442782917247496,0.5954005067238355
5866,0.5904,5,1,5,674369,2075,123206,3050,0.016434862501584085,0.5951219512195122
5867,0.5905,2,6,2,674375,2069,123208,3048,0.0163873400076036,0.5956615204221224
5868,0.5906,2,3,2,674378,2066,123210,3046,0.016363578760613357,0.5958528951486698
5869,0.5907,7,2,7,674380,2064,123217,3039,0.016347737929286527,0.5955320399764844
5870,0.5908,7,6,7,674386,2058,123224,3032,0.016300215435306045,0.5956777996070727
5871,0.5909,8,5,8,674391,2053,123232,3024,0.016260613356988973,0.5956273389797124
5872,0.591,6,4,6,674395,2049,123238,3018,0.01622893169433532,0.5956187092954411
5873,0.5911,2,1,2,674396,2048,123240,3016,0.016221011278671905,0.5955766192733017
5874,0.5912,4,3,4,674399,2045,123244,3012,0.016197250031681664,0.5956100454815108
5875,0.5913,9,1,9,674400,2044,123253,3003,0.01618932961601825,0.59500693481276
5876,0.5914,2,4,2,674404,2040,123255,3001,0.016157647953364593,0.5953183892084903
5877,0.5915,5,4,5,674408,2036,123260,2996,0.016125966290710936,0.595389507154213
5878,0.5916,3,3,3,674411,2033,123263,2993,0.016102205043720695,0.5955033824114604
5879,0.5917,6,4,6,674415,2029,123269,2987,0.01607052338106704,0.595494417862839
5880,0.5918,3,4,3,674419,2025,123272,2984,0.016038841718413382,0.5957276901577161
5881,0.5919,4,1,4,674420,2024,123276,2980,0.016030921302749968,0.595523581135092
5882,0.592,3,2,3,674422,2022,123279,2977,0.01601508047142314,0.5955191038207641
5883,0.5921,3,4,3,674426,2018,123282,2974,0.015983398808769485,0.5957532051282052
5884,0.5922,4,4,4,674430,2014,123286,2970,0.01595171714611583,0.5959069020866774
5885,0.5923,4,0,4,674430,2014,123290,2966,0.01595171714611583,0.5955823293172691
5886,0.5924,4,3,4,674433,2011,123294,2962,0.015927955899125587,0.5956163281721295
5887,0.5925,3,3,3,674436,2008,123297,2959,0.015904194652135346,0.5957318300785183
5888,0.5926,3,2,3,674438,2006,123300,2956,0.015888353820808516,0.5957275292220878
5889,0.5927,4,4,4,674442,2002,123304,2952,0.01585667215815486,0.5958821154622527
5890,0.5928,5,1,5,674443,2001,123309,2947,0.015848751742491445,0.5955941794664511
5891,0.5929,2,3,2,674446,1998,123311,2945,0.015824990495501203,0.595792029132106
5892,0.593,3,2,3,674448,1996,123314,2942,0.015809149664174377,0.595787768327258
5893,0.5931,4,4,4,674452,1992,123318,2938,0.01577746800152072,0.5959432048681541
5894,0.5932,1,2,1,674454,1990,123319,2937,0.01576162717019389,0.5961031053379339
5895,0.5933,4,3,4,674457,1987,123323,2933,0.01573786592320365,0.5961382113821139
5896,0.5934,0,2,0,674459,1985,123323,2933,0.015722025091876823,0.5963806425376169
5897,0.5935,4,2,4,674461,1983,123327,2929,0.015706184260549993,0.5962947882736156
5898,0.5936,2,2,2,674463,1981,123329,2927,0.015690343429223166,0.5963732681336593
5899,0.5937,3,9,3,674472,1972,123332,2924,0.015619059688252439,0.5972222222222222
5900,0.5938,2,3,2,674475,1969,123334,2922,0.015595298441262197,0.5974238397055817
5901,0.5939,6,3,6,674478,1966,123340,2916,0.015571537194271956,0.5972961900860303
5902,0.594,1,1,1,674479,1965,123341,2915,0.015563616778608541,0.5973360655737705
5903,0.5941,3,6,3,674485,1959,123344,2912,0.015516094284628057,0.5978238554711558
5904,0.5942,3,1,3,674486,1958,123347,2909,0.015508173868964643,0.5976987877542634
5905,0.5943,6,1,6,674487,1957,123353,2903,0.015500253453301228,0.5973251028806584
5906,0.5944,6,5,6,674492,1952,123359,2897,0.015460651374984159,0.5974427717055063
5907,0.5945,5,5,5,674497,1947,123364,2892,0.01542104929666709,0.5976441413515189
5908,0.5946,4,2,4,674499,1945,123368,2888,0.015405208465340261,0.5975584523070556
5909,0.5947,4,4,4,674503,1941,123372,2884,0.015373526802686605,0.597720207253886
5910,0.5948,0,1,0,674504,1940,123372,2884,0.015365606387023192,0.5978441127694859
5911,0.5949,8,4,8,674508,1936,123380,2876,0.015333924724369535,0.5976724854530341
5912,0.595,5,3,5,674511,1933,123385,2871,0.015310163477379292,0.5976269775187344
5913,0.5951,9,1,9,674512,1932,123394,2862,0.015302243061715879,0.5969962453066333
5914,0.5952,5,4,5,674516,1928,123399,2857,0.015270561399062223,0.5970741901776384
5915,0.5953,5,10,5,674526,1918,123404,2852,0.015191357242428082,0.5979035639412998
5916,0.5954,3,4,3,674530,1914,123407,2849,0.015159675579774427,0.5981524249422633
5917,0.5955,5,1,5,674531,1913,123412,2844,0.015151755164111012,0.5978557914652092
5918,0.5956,4,3,4,674534,1910,123416,2840,0.015127993917120771,0.5978947368421053
5919,0.5957,3,0,3,674534,1910,123419,2837,0.015127993917120771,0.5976406151253423
5920,0.5958,4,3,4,674537,1907,123423,2833,0.015104232670130528,0.5976793248945148
5921,0.5959,6,2,6,674539,1905,123429,2827,0.0150883918388037,0.5974218089602705
5922,0.596,5,3,5,674542,1902,123434,2822,0.015064630591813458,0.5973751058425063
5923,0.5961,1,3,1,674545,1899,123435,2821,0.015040869344823217,0.5976694915254237
5924,0.5962,6,5,6,674550,1894,123441,2815,0.015001267266506146,0.5977914631556593
5925,0.5963,1,4,1,674554,1890,123442,2814,0.01496958560385249,0.5982142857142857
5926,0.5964,4,6,4,674560,1884,123446,2810,0.014922063109872007,0.5986365573072007
5927,0.5965,2,5,2,674565,1879,123448,2808,0.014882461031554935,0.5991039044164711
5928,0.5966,1,5,1,674570,1874,123449,2807,0.014842858953237866,0.5996581926938689
5929,0.5967,6,2,6,674572,1872,123455,2801,0.014827018121911038,0.59940081318211
5930,0.5968,2,2,2,674574,1870,123457,2799,0.01481117729058421,0.5994859713000642
5931,0.5969,2,5,2,674579,1865,123459,2797,0.01477157521226714,0.5999570999571
5932,0.597,4,4,4,674583,1861,123463,2793,0.014739893549613484,0.6001289213579717
5933,0.5971,7,1,7,674584,1860,123470,2786,0.01473197313395007,0.5996556177356867
5934,0.5972,1,1,1,674585,1859,123471,2785,0.014724052718286655,0.5996985357450474
5935,0.5973,4,5,4,674590,1854,123475,2781,0.014684450639969586,0.6
5936,0.5974,2,0,2,674590,1854,123477,2779,0.014684450639969586,0.5998273257068854
5937,0.5975,4,2,4,674592,1852,123481,2775,0.014668609808642758,0.5997406526907283
5938,0.5976,5,2,5,674594,1850,123486,2770,0.01465276897731593,0.5995670995670995
5939,0.5977,3,5,3,674599,1845,123489,2767,0.01461316689899886,0.599956634865568
5940,0.5978,2,5,2,674604,1840,123491,2765,0.014573564820681789,0.6004343105320304
5941,0.5979,4,5,4,674609,1835,123495,2761,0.01453396274236472,0.6007397737162751
5942,0.598,5,3,5,674612,1832,123500,2756,0.014510201495374478,0.6006974716652136
5943,0.5981,4,1,4,674613,1831,123504,2752,0.014502281079711063,0.6004800349116299
5944,0.5982,2,4,2,674617,1827,123506,2750,0.014470599417057407,0.600830238147258
5945,0.5983,2,5,2,674622,1822,123508,2748,0.014430997338740337,0.6013129102844639
5946,0.5984,2,1,2,674623,1821,123510,2746,0.014423076923076924,0.6012699802934093
5947,0.5985,7,3,7,674626,1818,123517,2739,0.01439931567608668,0.6010533245556287
5948,0.5986,3,7,3,674633,1811,123520,2736,0.014343872766442783,0.6017154167583022
5949,0.5987,4,3,4,674636,1808,123524,2732,0.014320111519452542,0.6017621145374449
5950,0.5988,2,6,2,674642,1802,123526,2730,0.014272589025472057,0.6023830538393645
5951,0.5989,3,0,3,674642,1802,123529,2727,0.014272589025472057,0.6021196732170457
5952,0.599,2,4,2,674646,1798,123531,2725,0.014240907362818401,0.6024762325889896
5953,0.5991,3,3,3,674649,1795,123534,2722,0.01421714611582816,0.6026123533318575
5954,0.5992,4,3,4,674652,1792,123538,2718,0.014193384868837916,0.6026607538802661
5955,0.5993,8,4,8,674656,1788,123546,2710,0.01416170320618426,0.6024899955535794
5956,0.5994,2,5,2,674661,1783,123548,2708,0.01412210112786719,0.6029837452683144
5957,0.5995,1,2,1,674663,1781,123549,2707,0.014106260296540362,0.6031639928698752
5958,0.5996,6,4,6,674667,1777,123555,2701,0.014074578633886706,0.6031710585082626
5959,0.5997,4,2,4,674669,1775,123559,2697,0.014058737802559878,0.6030858676207513
5960,0.5998,5,4,5,674673,1771,123564,2692,0.014027056139906222,0.6031817163343043
5961,0.5999,7,8,7,674681,1763,123571,2685,0.01396369281459891,0.6036420863309353
5962,0.6,3,2,3,674683,1761,123574,2682,0.013947851983272083,0.6036461850101283
5963,0.6001,1,2,1,674685,1759,123575,2681,0.013932011151945254,0.6038288288288288
5964,0.6002,3,3,3,674688,1756,123578,2678,0.013908249904955011,0.6039693279206134
5965,0.6003,7,2,7,674690,1754,123585,2671,0.013892409073628185,0.6036158192090395
5966,0.6004,1,6,1,674696,1748,123586,2670,0.0138448865796477,0.6043458578542327
5967,0.6005,1,8,1,674704,1740,123587,2669,0.013781523254340388,0.6053526876842822
5968,0.6006,3,4,3,674708,1736,123590,2666,0.013749841591686731,0.6056338028169014
5969,0.6007,4,2,4,674710,1734,123594,2662,0.013734000760359903,0.6055505004549591
5970,0.6008,3,2,3,674712,1732,123597,2659,0.013718159929033075,0.6055568207697564
5971,0.6009,5,1,5,674713,1731,123602,2654,0.013710239513369662,0.6052451539338655
5972,0.601,3,2,3,674715,1729,123605,2651,0.013694398682042834,0.6052511415525114
5973,0.6011,7,8,7,674723,1721,123612,2644,0.013631035356735521,0.6057273768613974
5974,0.6012,3,5,3,674728,1716,123615,2641,0.013591433278418451,0.6061510213449621
5975,0.6013,7,1,7,674729,1715,123622,2634,0.013583512862755037,0.6056564727523569
5976,0.6014,4,4,4,674733,1711,123626,2630,0.013551831200101382,0.6058511863625893
5977,0.6015,7,1,7,674734,1710,123633,2623,0.013543910784437967,0.6053542580198477
5978,0.6016,5,5,5,674739,1705,123638,2618,0.013504308706120897,0.6055979643765903
5979,0.6017,7,2,7,674741,1703,123645,2611,0.01348846787479407,0.6052387575336114
5980,0.6018,7,1,7,674742,1702,123652,2604,0.013480547459130654,0.6047375754760799
5981,0.6019,3,2,3,674744,1700,123655,2601,0.013464706627803828,0.6047430830039525
5982,0.602,2,2,2,674746,1698,123657,2599,0.013448865796477,0.6048405864556667
5983,0.6021,3,1,3,674747,1697,123660,2596,0.013440945380813585,0.6047053342650827
5984,0.6022,5,2,5,674749,1695,123665,2591,0.013425104549486757,0.604526364909006
5985,0.6023,2,4,2,674753,1691,123667,2589,0.0133934228868331,0.6049065420560747
5986,0.6024,2,2,2,674755,1689,123669,2587,0.013377582055506272,0.6050046772684752
5987,0.6025,3,6,3,674761,1683,123672,2584,0.01333005956152579,0.6055776892430279
5988,0.6026,6,2,6,674763,1681,123678,2578,0.013314218730198961,0.6053064099553885
5989,0.6027,3,3,3,674766,1678,123681,2575,0.013290457483208718,0.6054549729602633
5990,0.6028,1,2,1,674768,1676,123682,2574,0.01327461665188189,0.6056470588235294
5991,0.6029,1,4,1,674772,1672,123683,2573,0.013242934989228235,0.6061248527679624
5992,0.603,2,7,2,674779,1665,123685,2571,0.013187492079584336,0.6069405099150141
5993,0.6031,1,2,1,674781,1663,123686,2570,0.013171651248257508,0.6071344200330735
5994,0.6032,6,2,6,674783,1661,123692,2564,0.013155810416930681,0.6068639053254438
5995,0.6033,4,4,4,674787,1657,123696,2560,0.013124128754277025,0.6070666350486128
5996,0.6034,2,2,2,674789,1655,123698,2558,0.013108287922950197,0.6071682886304296
5997,0.6035,6,2,6,674791,1653,123704,2552,0.013092447091623369,0.6068965517241379
5998,0.6036,0,2,0,674793,1651,123704,2552,0.01307660626029654,0.6071853438020461
5999,0.6037,2,1,2,674794,1650,123706,2550,0.013068685844633126,0.6071428571428571
6000,0.6038,3,2,3,674796,1648,123709,2547,0.013052845013306297,0.6071513706793802
6001,0.6039,3,6,3,674802,1642,123712,2544,0.013005322519325815,0.6077400860009555
6002,0.604,5,3,5,674805,1639,123717,2539,0.012981561272335572,0.6077070368597415
6003,0.6041,5,6,5,674811,1633,123722,2534,0.012934038778355089,0.6081113510919126
6004,0.6042,4,4,4,674815,1629,123726,2530,0.012902357115701433,0.6083193075258475
6005,0.6043,4,2,4,674817,1627,123730,2526,0.012886516284374604,0.6082350108355405
6006,0.6044,3,4,3,674821,1623,123733,2523,0.012854834621720948,0.6085383502170767
6007,0.6045,4,2,4,674823,1621,123737,2519,0.01283899379039412,0.6084541062801933
6008,0.6046,2,1,2,674824,1620,123739,2517,0.012831073374730707,0.608411892675852
6009,0.6047,4,2,4,674826,1618,123743,2513,0.012815232543403879,0.6083272815298959
6010,0.6048,3,1,3,674827,1617,123746,2510,0.012807312127740464,0.6081899685001212
6011,0.6049,2,1,2,674828,1616,123748,2508,0.01279939171207705,0.6081474296799224
6012,0.605,4,3,4,674831,1613,123752,2504,0.012775630465086807,0.608209861549672
6013,0.6051,5,3,5,674834,1610,123757,2499,0.012751869218096566,0.6081771720613288
6014,0.6052,4,4,4,674838,1606,123761,2495,0.01272018755544291,0.6083881980004877
6015,0.6053,3,5,3,674843,1601,123764,2492,0.01268058547712584,0.6088443684339115
6016,0.6054,6,3,6,674846,1598,123770,2486,0.012656824230135597,0.60871694417238
6017,0.6055,6,4,6,674850,1594,123776,2480,0.012625142567481942,0.6087383406971035
6018,0.6056,4,1,4,674851,1593,123780,2476,0.012617222151818527,0.6085033177684935
6019,0.6057,2,5,2,674856,1588,123782,2474,0.012577620073501458,0.6090595765632694
6020,0.6058,1,2,1,674858,1586,123783,2473,0.01256177924217463,0.6092633653609263
6021,0.6059,3,1,3,674859,1585,123786,2470,0.012553858826511215,0.6091245376078915
6022,0.606,2,3,2,674862,1582,123788,2468,0.012530097579520973,0.6093827160493828
6023,0.6061,3,3,3,674865,1579,123791,2465,0.012506336332530732,0.6095450049455984
6024,0.6062,4,1,4,674866,1578,123795,2461,0.012498415916867317,0.6093092349591483
6025,0.6063,5,2,5,674868,1576,123800,2456,0.012482575085540489,0.6091269841269841
6026,0.6064,3,3,3,674871,1573,123803,2453,0.012458813838550247,0.6092896174863388
6027,0.6065,2,2,2,674873,1571,123805,2451,0.01244297300722342,0.6093983092988563
6028,0.6066,1,1,1,674874,1570,123806,2450,0.012435052591560004,0.6094527363184079
6029,0.6067,3,1,3,674875,1569,123809,2447,0.012427132175896591,0.609312749003984
6030,0.6068,4,2,4,674877,1567,123813,2443,0.012411291344569763,0.6092269326683292
6031,0.6069,4,1,4,674878,1566,123817,2439,0.01240337092890635,0.6089887640449438
6032,0.607,1,1,1,674879,1565,123818,2438,0.012395450513242935,0.6090432175868099
6033,0.6071,2,2,2,674881,1563,123820,2436,0.012379609681916107,0.609152288072018
6034,0.6072,3,3,3,674884,1560,123823,2433,0.012355848434925865,0.6093163035311796
6035,0.6073,5,2,5,674886,1558,123828,2428,0.012340007603599037,0.6091319618665328
6036,0.6074,5,1,5,674887,1557,123833,2423,0.012332087187935622,0.6087939698492463
6037,0.6075,3,1,3,674888,1556,123836,2420,0.012324166772272209,0.6086519114688129
6038,0.6076,5,4,5,674892,1552,123841,2415,0.012292485109618553,0.608772372069574
6039,0.6077,2,1,2,674893,1551,123843,2413,0.01228456469395514,0.608728557013118
6040,0.6078,3,4,3,674897,1547,123846,2410,0.012252883031301483,0.6090472580237554
6041,0.6079,5,3,5,674900,1544,123851,2405,0.01222912178431124,0.6090149404912636
6042,0.608,3,5,3,674905,1539,123854,2402,0.01218951970599417,0.6094899771631566
6043,0.6081,1,3,1,674908,1536,123855,2401,0.012165758459003929,0.6098552197104394
6044,0.6082,9,3,9,674911,1533,123864,2392,0.012141997212013686,0.6094267515923567
6045,0.6083,4,3,4,674914,1530,123868,2388,0.012118235965023445,0.6094946401225115
6046,0.6084,1,4,1,674918,1526,123869,2387,0.012086554302369788,0.6100178890876565
6047,0.6085,4,1,4,674919,1525,123873,2383,0.012078633886706375,0.6097748208802457
6048,0.6086,1,3,1,674922,1522,123874,2382,0.012054872639716132,0.6101434426229508
6049,0.6087,4,0,4,674922,1522,123878,2378,0.012054872639716132,0.6097435897435898
6050,0.6088,2,3,2,674925,1519,123880,2376,0.01203111139272589,0.6100128369704749
6051,0.6089,3,3,3,674928,1516,123883,2373,0.012007350145735647,0.610182566212394
6052,0.609,4,6,4,674934,1510,123887,2369,0.011959827651755165,0.6107244135086363
6053,0.6091,4,4,4,674938,1506,123891,2365,0.011928145989101508,0.6109532420563162
6054,0.6092,4,2,4,674940,1504,123895,2361,0.01191230515777468,0.6108667529107373
6055,0.6093,9,4,9,674944,1500,123904,2352,0.011880623495121024,0.6105919003115264
6056,0.6094,3,4,3,674948,1496,123907,2349,0.011848941832467368,0.6109232769830949
6057,0.6095,3,3,3,674951,1493,123910,2346,0.011825180585477126,0.6110966397499349
6058,0.6096,1,2,1,674953,1491,123911,2345,0.011809339754150298,0.6113138686131386
6059,0.6097,6,1,6,674954,1490,123917,2339,0.011801419338486883,0.6108644554714024
6060,0.6098,3,1,3,674955,1489,123920,2336,0.01179349892282347,0.610718954248366
6061,0.6099,2,1,2,674956,1488,123922,2334,0.011785578507160055,0.6106750392464678
6062,0.61,5,2,5,674958,1486,123927,2329,0.011769737675833229,0.6104849279161205
6063,0.6101,4,1,4,674959,1485,123931,2325,0.011761817260169814,0.610236220472441
6064,0.6102,2,4,2,674963,1481,123933,2323,0.011730135597516157,0.6106729758149316
6065,0.6103,1,5,1,674968,1476,123934,2322,0.011690533519199088,0.6113744075829384
6066,0.6104,2,5,2,674973,1471,123936,2320,0.011650931440882018,0.6119757319968346
6067,0.6105,2,4,2,674977,1467,123938,2318,0.011619249778228362,0.6124174372523118
6068,0.6106,7,8,7,674985,1459,123945,2311,0.01155588645292105,0.6129973474801061
6069,0.6107,2,2,2,674987,1457,123947,2309,0.011540045621594221,0.61311736590547
6070,0.6108,5,1,5,674988,1456,123952,2304,0.011532125205930808,0.6127659574468085
6071,0.6109,1,1,1,674989,1455,123953,2303,0.011524204790267393,0.6128259712613092
6072,0.611,1,1,1,674990,1454,123954,2302,0.01151628437460398,0.6128860489882854
6073,0.6111,2,4,2,674994,1450,123956,2300,0.011484602711950323,0.6133333333333333
6074,0.6112,4,5,4,674999,1445,123960,2296,0.011445000633633254,0.6137396418070035
6075,0.6113,4,1,4,675000,1444,123964,2292,0.011437080217969839,0.6134903640256959
6076,0.6114,1,2,1,675002,1442,123965,2291,0.01142123938664301,0.6137155103134209
6077,0.6115,6,1,6,675003,1441,123971,2285,0.011413318970979597,0.6132581857219538
6078,0.6116,3,4,3,675007,1437,123974,2282,0.011381637308325941,0.6136058080129067
6079,0.6117,3,0,3,675007,1437,123977,2279,0.011381637308325941,0.6132938643702907
6080,0.6118,4,3,4,675010,1434,123981,2275,0.011357876061335698,0.6133728767861958
6081,0.6119,7,3,7,675013,1431,123988,2268,0.011334114814345457,0.6131386861313869
6082,0.612,3,3,3,675016,1428,123991,2265,0.011310353567355215,0.6133225020308692
6083,0.6121,3,3,3,675019,1425,123994,2262,0.011286592320364972,0.613506916192026
6084,0.6122,5,2,5,675021,1423,123999,2257,0.011270751489038144,0.6133152173913043
6085,0.6123,4,3,4,675024,1420,124003,2253,0.011246990242047903,0.6133950449224067
6086,0.6124,2,1,2,675025,1419,124005,2251,0.01123906982638449,0.6133514986376022
6087,0.6125,4,2,4,675027,1417,124009,2247,0.011223228995057661,0.613264192139738
6088,0.6126,3,1,3,675028,1416,124012,2244,0.011215308579394246,0.6131147540983607
6089,0.6127,2,5,2,675033,1411,124014,2242,0.011175706501077177,0.6137421297563647
6090,0.6128,6,4,6,675037,1407,124020,2236,0.01114402483842352,0.6137798517705189
6091,0.6129,4,4,4,675041,1403,124024,2232,0.011112343175769864,0.6140302613480055
6092,0.613,6,2,6,675043,1401,124030,2226,0.011096502344443036,0.6137303556658396
6093,0.6132,3,1,3,675044,1400,124033,2223,0.011088581928779623,0.61357990615512
6094,0.6133,2,3,2,675047,1397,124035,2221,0.01106482068178938,0.6138750690989497
6095,0.6134,4,2,4,675049,1395,124039,2217,0.011048979850462552,0.6137873754152824
6096,0.6135,4,3,4,675052,1392,124043,2213,0.01102521860347231,0.6138696255201109
6097,0.6136,2,3,2,675055,1389,124045,2211,0.011001457356482069,0.6141666666666666
6098,0.6137,5,1,5,675056,1388,124050,2206,0.010993536940818654,0.6138007790762382
6099,0.6138,1,2,1,675058,1386,124051,2205,0.010977696109491826,0.6140350877192983
6100,0.6139,2,4,2,675062,1382,124053,2203,0.01094601444683817,0.6145048814504881
6101,0.614,4,5,4,675067,1377,124057,2199,0.0109064123685211,0.6149328859060402
6102,0.6141,4,3,4,675070,1374,124061,2195,0.010882651121530858,0.6150182123844214
6103,0.6142,2,4,2,675074,1370,124063,2193,0.010850969458877202,0.6154925624473758
6104,0.6144,1,2,1,675076,1368,124064,2192,0.010835128627550374,0.6157303370786517
6105,0.6145,1,2,1,675078,1366,124065,2191,0.010819287796223546,0.6159685127916784
6106,0.6146,3,6,3,675084,1360,124068,2188,0.010771765302243061,0.616685456595265
6107,0.6147,5,2,5,675086,1358,124073,2183,0.010755924470916233,0.6164925162383508
6108,0.6148,2,1,2,675087,1357,124075,2181,0.01074800405525282,0.6164499717354438
6109,0.6149,5,1,5,675088,1356,124080,2176,0.010740083639589405,0.6160815402038505
6110,0.615,4,2,4,675090,1354,124084,2172,0.010724242808262577,0.6159954622802042
6111,0.6151,4,2,4,675092,1352,124088,2168,0.01070840197693575,0.615909090909091
6112,0.6152,4,0,4,675092,1352,124092,2164,0.01070840197693575,0.6154721274175199
6113,0.6153,3,2,3,675094,1350,124095,2161,0.010692561145608922,0.6154941612076331
6114,0.6154,4,3,4,675097,1347,124099,2157,0.010668799898618679,0.615582191780822
6115,0.6155,3,1,3,675098,1346,124102,2154,0.010660879482955266,0.6154285714285714
6116,0.6156,1,3,1,675101,1343,124103,2153,0.010637118235965023,0.6158466819221968
6117,0.6157,3,5,3,675106,1338,124106,2150,0.010597516157647953,0.6163990825688074
6118,0.6158,2,2,2,675108,1336,124108,2148,0.010581675326321125,0.616532721010333
6119,0.6159,0,2,0,675110,1334,124108,2148,0.010565834494994297,0.6168868466398622
6120,0.616,4,2,4,675112,1332,124112,2144,0.010549993663667469,0.616800920598389
6121,0.6161,7,1,7,675113,1331,124119,2137,0.010542073248004056,0.6162053056516724
6122,0.6162,1,2,1,675115,1329,124120,2136,0.010526232416677227,0.6164502164502165
6123,0.6163,3,4,3,675119,1325,124123,2133,0.010494550754023571,0.6168305378831694
6124,0.6164,2,3,2,675122,1322,124125,2131,0.01047078950703333,0.6171445120185346
6125,0.6165,5,3,5,675125,1319,124130,2126,0.010447028260043087,0.6171262699564586
6126,0.6166,5,0,5,675125,1319,124135,2121,0.010447028260043087,0.6165697674418604
6127,0.6167,2,3,2,675128,1316,124137,2119,0.010423267013052845,0.6168850072780204
6128,0.6168,2,2,2,675130,1314,124139,2117,0.010407426181726017,0.6170212765957447
6129,0.6169,1,2,1,675132,1312,124140,2116,0.010391585350399189,0.617269544924154
6130,0.617,0,3,0,675135,1309,124140,2116,0.010367824103408948,0.6178102189781022
6131,0.6171,4,0,4,675135,1309,124144,2112,0.010367824103408948,0.617363344051447
6132,0.6172,3,3,3,675138,1306,124147,2109,0.010344062856418704,0.6175695461200585
6133,0.6173,3,0,3,675138,1306,124150,2106,0.010344062856418704,0.6172332942555686
6134,0.6174,8,1,8,675139,1305,124158,2098,0.010336142440755291,0.6165148398471937
6135,0.6175,4,2,4,675141,1303,124162,2094,0.010320301609428463,0.61642625846335
6136,0.6176,4,2,4,675143,1301,124166,2090,0.010304460778101635,0.6163373636095547
6137,0.6177,2,3,2,675146,1298,124168,2088,0.010280699531111393,0.6166568222090962
6138,0.6178,3,1,3,675147,1297,124171,2085,0.010272779115447979,0.6164991129509166
6139,0.6179,0,3,0,675150,1294,124171,2085,0.010249017868457737,0.6170464634507251
6140,0.6181,2,1,2,675151,1293,124173,2083,0.010241097452794322,0.6170023696682464
6141,0.6182,3,2,3,675153,1291,124176,2080,0.010225256621467494,0.617027588252744
6142,0.6183,3,1,3,675154,1290,124179,2077,0.01021733620580408,0.6168696168696168
6143,0.6184,3,0,3,675154,1290,124182,2074,0.01021733620580408,0.6165279429250892
6144,0.6185,4,3,4,675157,1287,124186,2070,0.010193574958813838,0.6166219839142091
6145,0.6186,1,4,1,675161,1283,124187,2069,0.010161893296160183,0.6172434367541766
6146,0.6187,2,3,2,675164,1280,124189,2067,0.01013813204916994,0.6175679713175979
6147,0.6188,2,3,2,675167,1277,124191,2065,0.010114370802179699,0.6178934769599043
6148,0.6189,5,2,5,675169,1275,124196,2060,0.01009852997085287,0.6176911544227887
6149,0.619,2,1,2,675170,1274,124198,2058,0.010090609555189456,0.6176470588235294
6150,0.6191,3,2,3,675172,1272,124201,2055,0.010074768723862629,0.6176735798016231
6151,0.6192,6,1,6,675173,1271,124207,2049,0.010066848308199214,0.6171686746987952
6152,0.6193,4,2,4,675175,1269,124211,2045,0.010051007476872386,0.6170790585395293
6153,0.6194,3,1,3,675176,1268,124214,2042,0.010043087061208973,0.6169184290030212
6154,0.6195,6,2,6,675178,1266,124220,2036,0.010027246229882145,0.6165960024227741
6155,0.6196,1,3,1,675181,1263,124221,2035,0.010003484982891902,0.6170406306852638
6156,0.6197,2,3,2,675184,1260,124223,2033,0.00997972373590166,0.617370179167932
6157,0.6198,3,2,3,675186,1258,124226,2030,0.009963882904574832,0.6173965936739659
6158,0.6199,7,1,7,675187,1257,124233,2023,0.009955962488911419,0.6167682926829269
6159,0.62,1,2,1,675189,1255,124234,2022,0.00994012165758459,0.6170277693011901
6160,0.6201,3,1,3,675190,1254,124237,2019,0.009932201241921176,0.6168652612282309
6161,0.6202,1,4,1,675194,1250,124238,2018,0.00990051957926752,0.6175030599755202
6162,0.6203,2,5,2,675199,1245,124240,2016,0.00986091750095045,0.6182152713891444
6163,0.6204,3,0,3,675199,1245,124243,2013,0.00986091750095045,0.6178637200736649
6164,0.6205,3,2,3,675201,1243,124246,2010,0.009845076669623622,0.617891177374731
6165,0.6206,4,1,4,675202,1242,124250,2006,0.009837156253960208,0.6176108374384236
6166,0.6207,3,6,3,675208,1236,124253,2003,0.009789633759979724,0.618400740969435
6167,0.6208,3,1,3,675209,1235,124256,2000,0.009781713344316309,0.6182380216383307
6168,0.6209,5,1,5,675210,1234,124261,1995,0.009773792928652896,0.617838340043357
6169,0.621,6,0,6,675210,1234,124267,1989,0.009773792928652896,0.6171269004033509
6170,0.6211,2,1,2,675211,1233,124269,1987,0.00976587251298948,0.617080745341615
6171,0.6212,0,1,0,675212,1232,124269,1987,0.009757952097326068,0.6172724448586517
6172,0.6213,6,2,6,675214,1230,124275,1981,0.00974211126599924,0.6169417626907505
6173,0.6214,3,1,3,675215,1229,124278,1978,0.009734190850335826,0.6167758029310882
6174,0.6215,1,2,1,675217,1227,124279,1977,0.009718350019008998,0.6170411985018727
6175,0.6216,3,1,3,675218,1226,124282,1974,0.009710429603345583,0.616875
6176,0.6217,11,1,11,675219,1225,124293,1963,0.00970250918768217,0.6157465495608532
6177,0.6218,0,1,0,675220,1224,124293,1963,0.009694588772018755,0.6159397552557264
6178,0.6219,3,4,3,675224,1220,124296,1960,0.009662907109365099,0.6163522012578616
6179,0.622,5,1,5,675225,1219,124301,1955,0.009654986693701685,0.6159420289855072
6180,0.6221,5,2,5,675227,1217,124306,1950,0.009639145862374857,0.6157246605620461
6181,0.6222,4,1,4,675228,1216,124310,1946,0.009631225446711444,0.6154332700822265
6182,0.6223,2,2,2,675230,1214,124312,1944,0.009615384615384616,0.6155794806839772
6183,0.6224,0,1,0,675231,1213,124312,1944,0.009607464199721201,0.6157744694330061
6184,0.6225,2,0,2,675231,1213,124314,1942,0.009607464199721201,0.6155309033280507
6185,0.6226,3,1,3,675232,1212,124317,1939,0.009599543784057788,0.6153602031101237
6186,0.6227,5,6,5,675238,1206,124322,1934,0.009552021290077303,0.6159235668789809
6187,0.6228,5,3,5,675241,1203,124327,1929,0.009528260043087062,0.6159003831417624
6188,0.6229,5,3,5,675244,1200,124332,1924,0.009504498796096819,0.615877080665813
6189,0.623,2,3,2,675247,1197,124334,1922,0.009480737549106577,0.6162231484450145
6190,0.6231,1,1,1,675248,1196,124335,1921,0.009472817133443162,0.616297722168752
6191,0.6232,2,2,2,675250,1194,124337,1919,0.009456976302116334,0.6164471570831995
6192,0.6233,6,3,6,675253,1191,124343,1913,0.009433215055126093,0.6163015463917526
6193,0.6234,4,2,4,675255,1189,124347,1909,0.009417374223799265,0.6162040025823111
6194,0.6236,2,2,2,675257,1187,124349,1907,0.009401533392472437,0.6163542340012929
6195,0.6237,3,3,3,675260,1184,124352,1904,0.009377772145482195,0.616580310880829
6196,0.6238,3,1,3,675261,1183,124355,1901,0.00936985172981878,0.6164072632944229
6197,0.6239,4,1,4,675262,1182,124359,1897,0.009361931314155367,0.6161091263397207
6198,0.624,1,1,1,675263,1181,124360,1896,0.009354010898491952,0.6161845953851154
6199,0.6241,2,3,2,675266,1178,124362,1894,0.00933024965150171,0.6165364583333334
6200,0.6242,1,0,1,675266,1178,124363,1893,0.00933024965150171,0.6164115923152068
6201,0.6243,1,1,1,675267,1177,124364,1892,0.009322329235838298,0.6164874551971327
6202,0.6244,4,0,4,675267,1177,124368,1888,0.009322329235838298,0.6159869494290375
6203,0.6245,1,1,1,675268,1176,124369,1887,0.009314408820174883,0.6160626836434868
6204,0.6246,1,4,1,675272,1172,124370,1886,0.009282727157521226,0.6167429692609548
6205,0.6247,0,2,0,675274,1170,124370,1886,0.009266886326194398,0.6171465968586387
6206,0.6248,1,2,1,675276,1168,124371,1885,0.00925104549486757,0.6174254831313463
6207,0.6249,8,5,8,675281,1163,124379,1877,0.0092114434165505,0.6174342105263158
6208,0.625,2,2,2,675283,1161,124381,1875,0.009195602585223672,0.6175889328063241
6209,0.6251,3,1,3,675284,1160,124384,1872,0.009187682169560259,0.6174142480211082
6210,0.6252,2,1,2,675285,1159,124386,1870,0.009179761753896844,0.6173654671508749
6211,0.6253,2,2,2,675287,1157,124388,1868,0.009163920922570016,0.6175206611570248
6212,0.6254,2,4,2,675291,1153,124390,1866,0.00913223925991636,0.6180854587611792
6213,0.6255,1,0,1,675291,1153,124391,1865,0.00913223925991636,0.6179589131875414
6214,0.6256,3,1,3,675292,1152,124394,1862,0.009124318844252946,0.6177836761778368
6215,0.6257,2,2,2,675294,1150,124396,1860,0.009108478012926118,0.6179401993355482
6216,0.6258,5,0,5,675294,1150,124401,1855,0.009108478012926118,0.6173044925124792
6217,0.6259,3,3,3,675297,1147,124404,1852,0.009084716765935877,0.6175391797265756
6218,0.626,2,1,2,675298,1146,124406,1850,0.009076796350272462,0.6174899866488651
6219,0.6261,1,1,1,675299,1145,124407,1849,0.009068875934609049,0.6175684702738811
6220,0.6262,6,1,6,675300,1144,124413,1843,0.009060955518945634,0.6170070304653499
6221,0.6263,3,2,3,675302,1142,124416,1840,0.009045114687618806,0.6170355466130114
6222,0.6264,3,2,3,675304,1140,124419,1837,0.009029273856291977,0.6170641585488748
6223,0.6265,1,0,1,675304,1140,124420,1836,0.009029273856291977,0.6169354838709677
6224,0.6266,2,1,2,675305,1139,124422,1834,0.009021353440628564,0.6168853010427178
6225,0.6267,0,1,0,675306,1138,124422,1834,0.009013433024965151,0.617092866756393
6226,0.6268,2,4,2,675310,1134,124424,1832,0.008981751362311495,0.6176668914362778
6227,0.6269,3,2,3,675312,1132,124427,1829,0.008965910530984667,0.6176967240797028
6228,0.627,5,3,5,675315,1129,124432,1824,0.008942149283994423,0.6176769387064003
6229,0.6271,2,3,2,675318,1126,124434,1822,0.008918388037004182,0.6180461329715061
6230,0.6272,3,1,3,675319,1125,124437,1819,0.008910467621340769,0.6178668478260869
6231,0.6273,5,1,5,675320,1124,124442,1814,0.008902547205677354,0.617426820966644
6232,0.6274,3,0,3,675320,1124,124445,1811,0.008902547205677354,0.6170357751277683
6233,0.6275,1,2,1,675322,1122,124446,1810,0.008886706374350526,0.6173260572987722
6234,0.6276,4,0,4,675322,1122,124450,1806,0.008886706374350526,0.6168032786885246
6235,0.6277,6,1,6,675323,1121,124456,1800,0.008878785958687112,0.6162273194111606
6236,0.6278,3,1,3,675324,1120,124459,1797,0.008870865543023698,0.6160438806993487
6237,0.6279,3,2,3,675326,1118,124462,1794,0.00885502471169687,0.6160714285714286
6238,0.628,3,1,3,675327,1117,124465,1791,0.008847104296033456,0.6158872077028886
6239,0.6281,3,0,3,675327,1117,124468,1788,0.008847104296033456,0.6154905335628227
6240,0.6282,4,6,4,675333,1111,124472,1784,0.008799581802052972,0.6162348877374784
6241,0.6283,4,1,4,675334,1110,124476,1780,0.008791661386389558,0.615916955017301
6242,0.6284,1,3,1,675337,1107,124477,1779,0.008767900139399315,0.6164241164241164
6243,0.6285,2,1,2,675338,1106,124479,1777,0.008759979723735902,0.6163718348942074
6244,0.6286,4,2,4,675340,1104,124483,1773,0.008744138892409074,0.616266944734098
6245,0.6287,5,1,5,675341,1103,124488,1768,0.008736218476745659,0.6158133054684779
6246,0.6288,0,2,0,675343,1101,124488,1768,0.008720377645418831,0.6162425932380621
6247,0.6289,2,3,2,675346,1098,124490,1766,0.00869661639842859,0.6166201117318436
6248,0.629,2,1,2,675347,1097,124492,1764,0.008688695982765176,0.6165676336945124
6249,0.6291,3,2,3,675349,1095,124495,1761,0.008672855151438348,0.6165966386554622
6250,0.6292,3,4,3,675353,1091,124498,1758,0.008641173488784692,0.6170586170586171
6251,0.6293,1,3,1,675356,1088,124499,1757,0.008617412241794449,0.6175746924428822
6252,0.6294,1,2,1,675358,1086,124500,1756,0.00860157141046762,0.6178747361013371
6253,0.6295,3,0,3,675358,1086,124503,1753,0.00860157141046762,0.6174709404719971
6254,0.6296,0,1,0,675359,1085,124503,1753,0.008593650994804207,0.6176885130373503
6255,0.6297,1,1,1,675360,1084,124504,1752,0.008585730579140794,0.6177715091678421
6256,0.6298,2,0,2,675360,1084,124506,1750,0.008585730579140794,0.6175017642907551
6257,0.6299,6,1,6,675361,1083,124512,1744,0.00857781016347738,0.6169083834453484
6258,0.63,1,0,1,675361,1083,124513,1743,0.00857781016347738,0.6167728237791932
6259,0.6301,1,2,1,675363,1081,124514,1742,0.008561969332150551,0.6170740347148423
6260,0.6302,1,0,1,675363,1081,124515,1741,0.008561969332150551,0.6169383416017009
6261,0.6303,3,1,3,675364,1080,124518,1738,0.008554048916487138,0.6167494677075941
6262,0.6304,1,3,1,675367,1077,124519,1737,0.008530287669496895,0.6172707889125799
6263,0.6305,2,1,2,675368,1076,124521,1735,0.008522367253833481,0.6172180718605479
6264,0.6306,2,2,2,675370,1074,124523,1733,0.008506526422506653,0.6173851086569291
6265,0.6307,0,4,0,675374,1070,124523,1733,0.008474844759852997,0.6182661434177666
6266,0.6308,2,0,2,675374,1070,124525,1731,0.008474844759852997,0.6179935737236701
6267,0.6309,2,0,2,675374,1070,124527,1729,0.008474844759852997,0.6177206145051805
6268,0.631,2,2,2,675376,1068,124529,1727,0.008459003928526169,0.6178890876565295
6269,0.6311,1,5,1,675381,1063,124530,1726,0.0084194018502091,0.6188598063822158
6270,0.6312,3,3,3,675384,1060,124533,1723,0.008395640603218856,0.6191160618038088
6271,0.6313,3,1,3,675385,1059,124536,1720,0.008387720187555443,0.6189276718243972
6272,0.6314,1,2,1,675387,1057,124537,1719,0.008371879356228615,0.6192363112391931
6273,0.6315,3,4,3,675391,1053,124540,1716,0.008340197693574958,0.6197183098591549
6274,0.6316,3,4,3,675395,1049,124543,1713,0.008308516030921302,0.6202027516292542
6275,0.6317,2,3,2,675398,1046,124545,1711,0.00828475478393106,0.6206021037359448
6276,0.6318,0,3,0,675401,1043,124545,1711,0.00826099353694082,0.621278140885984
6277,0.6319,8,1,8,675402,1042,124553,1703,0.008253073121277404,0.6204007285974499
6278,0.632,4,3,4,675405,1039,124557,1699,0.008229311874287163,0.6205259313367422
6279,0.6321,1,2,1,675407,1037,124558,1698,0.008213471042960335,0.6208409506398538
6280,0.6322,1,1,1,675408,1036,124559,1697,0.00820555062729692,0.6209293816319064
6281,0.6323,1,3,1,675411,1033,124560,1696,0.008181789380306679,0.6214730670575302
6282,0.6324,1,0,1,675411,1033,124561,1695,0.008181789380306679,0.6213343108504399
6283,0.6325,2,1,2,675412,1032,124563,1693,0.008173868964643264,0.6212844036697248
6284,0.6326,5,3,5,675415,1029,124568,1688,0.008150107717653022,0.6212734633787266
6285,0.6327,3,0,3,675415,1029,124571,1685,0.008150107717653022,0.6208548268238762
6286,0.6328,2,1,2,675416,1028,124573,1683,0.008142187301989609,0.6208041313168573
6287,0.6329,2,2,2,675418,1026,124575,1681,0.008126346470662781,0.6209826376062061
6288,0.633,4,1,4,675419,1025,124579,1677,0.008118426054999366,0.6206513693560326
6289,0.6331,2,2,2,675421,1023,124581,1675,0.008102585223672538,0.6208302446256486
6290,0.6332,2,3,2,675424,1020,124583,1673,0.008078823976682296,0.6212402525064983
6291,0.6333,1,1,1,675425,1019,124584,1672,0.008070903561018881,0.6213303604607953
6292,0.6334,0,4,0,675429,1015,124584,1672,0.008039221898365227,0.6222553033122441
6293,0.6335,3,4,3,675433,1011,124587,1669,0.00800754023571157,0.6227611940298508
6294,0.6336,0,2,0,675435,1009,124587,1669,0.007991699404384742,0.623226288274832
6295,0.6337,2,0,2,675435,1009,124589,1667,0.007991699404384742,0.6229446935724963
6296,0.6338,2,0,2,675435,1009,124591,1665,0.007991699404384742,0.6226626776364996
6297,0.6339,4,3,4,675438,1006,124595,1661,0.0079679381573945,0.6227971503562054
6298,0.634,0,3,0,675441,1003,124595,1661,0.007944176910404258,0.6234984984984985
6299,0.6341,4,3,4,675444,1000,124599,1657,0.007920415663414017,0.6236356793375988
6300,0.6342,2,5,2,675449,995,124601,1655,0.007880813585096945,0.6245283018867924
6301,0.6343,5,0,5,675449,995,124606,1650,0.007880813585096945,0.6238185255198487
6302,0.6344,4,0,4,675449,995,124610,1646,0.007880813585096945,0.6232487694055282
6303,0.6345,6,1,6,675450,994,124616,1640,0.007872893169433532,0.6226271829916477
6304,0.6346,2,3,2,675453,991,124618,1638,0.00784913192244329,0.6230505895777863
6305,0.6347,1,1,1,675454,990,124619,1637,0.007841211506779876,0.623144271031595
6306,0.6348,0,1,0,675455,989,124619,1637,0.007833291091116463,0.6233815689261234
6307,0.6349,2,3,2,675458,986,124621,1635,0.007809529844126219,0.6238077069820679
6308,0.635,3,3,3,675461,983,124624,1632,0.007785768597135978,0.6240917782026769
6309,0.6351,1,3,1,675464,980,124625,1631,0.007762007350145736,0.6246648793565683
6310,0.6352,4,4,4,675468,976,124629,1627,0.0077303256874920795,0.6250480215136381
6311,0.6353,5,1,5,675469,975,124634,1622,0.007722405271828665,0.6245668078552176
6312,0.6354,1,0,1,675469,975,124635,1621,0.007722405271828665,0.6244221879815101
6313,0.6355,2,0,2,675469,975,124637,1619,0.007722405271828665,0.6241326137239784
6314,0.6356,8,3,8,675472,972,124645,1611,0.007698644024838423,0.6236933797909407
6315,0.6357,3,1,3,675473,971,124648,1608,0.00769072360917501,0.6234974796432726
6316,0.6358,5,3,5,675476,968,124653,1603,0.007666962362184768,0.6234928043562816
6317,0.6359,2,2,2,675478,966,124655,1601,0.0076511215308579395,0.6236852356836774
6318,0.636,1,3,1,675481,963,124656,1600,0.007627360283867697,0.6242684354272338
6319,0.6361,2,2,2,675483,961,124658,1598,0.007611519452540869,0.6244626807346619
6320,0.6362,2,6,2,675489,955,124660,1596,0.0075639969585603855,0.6256370050960408
6321,0.6363,1,1,1,675490,954,124661,1595,0.007556076542896971,0.6257355825814045
6322,0.6364,4,0,4,675490,954,124665,1591,0.007556076542896971,0.6251473477406679
6323,0.6365,2,2,2,675492,952,124667,1589,0.007540235711570143,0.6253443526170799
6324,0.6366,6,1,6,675493,951,124673,1583,0.007532315295906729,0.6247040252565115
6325,0.6367,5,2,5,675495,949,124678,1578,0.007516474464579901,0.6244558765334388
6326,0.6368,5,1,5,675496,948,124683,1573,0.007508554048916487,0.6239587465291551
6327,0.6369,2,0,2,675496,948,124685,1571,0.007508554048916487,0.6236601826121477
6328,0.637,3,4,3,675500,944,124688,1568,0.0074768723862628315,0.6242038216560509
6329,0.6371,3,0,3,675500,944,124691,1565,0.0074768723862628315,0.6237544838581108
6330,0.6372,3,2,3,675502,942,124694,1562,0.007461031554936003,0.6238019169329073
6331,0.6373,1,3,1,675505,939,124695,1561,0.007437270307945761,0.6244
6332,0.6374,4,1,4,675506,938,124699,1557,0.007429349892282347,0.6240480961923848
6333,0.6375,4,0,4,675506,938,124703,1553,0.007429349892282347,0.6234443998394219
6334,0.6376,4,1,4,675507,937,124707,1549,0.007421429476618933,0.6230893000804505
6335,0.6377,4,0,4,675507,937,124711,1545,0.007421429476618933,0.6224818694601129
6336,0.6378,3,4,3,675511,933,124714,1542,0.007389747813965277,0.623030303030303
6337,0.6379,4,1,4,675512,932,124718,1538,0.0073818273983018625,0.622672064777328
6338,0.638,1,4,1,675516,928,124719,1537,0.007350145735648207,0.6235294117647059
6339,0.6381,2,0,2,675516,928,124721,1535,0.007350145735648207,0.6232237109216403
6340,0.6382,1,4,1,675520,924,124722,1534,0.007318464072994551,0.6240846216436127
6341,0.6383,2,1,2,675521,923,124724,1532,0.007310543657331137,0.6240325865580448
6342,0.6384,4,4,4,675525,919,124728,1528,0.00727886199467748,0.6244380874540253
6343,0.6385,2,2,2,675527,917,124730,1526,0.007263021163350653,0.6246418338108882
6344,0.6386,1,1,1,675528,916,124731,1525,0.007255100747687239,0.6247439573945105
6345,0.6387,0,2,0,675530,914,124731,1525,0.007239259916360411,0.6252562525625256
6346,0.6388,3,0,3,675530,914,124734,1522,0.007239259916360411,0.6247947454844006
6347,0.6389,4,1,4,675531,913,124738,1518,0.007231339500696997,0.6244343891402715
6348,0.639,3,1,3,675532,912,124741,1515,0.007223419085033583,0.6242274412855378
6349,0.6391,1,5,1,675537,907,124742,1514,0.007183817006716512,0.6253614209004543
6350,0.6392,4,0,4,675537,907,124746,1510,0.007183817006716512,0.6247414149772446
6351,0.6393,1,2,1,675539,905,124747,1509,0.007167976175389684,0.6251035625517812
6352,0.6394,5,2,5,675541,903,124752,1504,0.007152135344062857,0.6248442044038222
6353,0.6395,1,2,1,675543,901,124753,1503,0.007136294512736029,0.6252079866888519
6354,0.6396,5,1,5,675544,900,124758,1498,0.0071283740970726145,0.6246872393661385
6355,0.6397,2,4,2,675548,896,124760,1496,0.007096692434418958,0.6254180602006689
6356,0.6398,4,3,4,675551,893,124764,1492,0.007072931187428716,0.6255765199161426
6357,0.6399,1,1,1,675552,892,124765,1491,0.007065010771765302,0.6256819135543432
6358,0.64,4,0,4,675552,892,124769,1487,0.007065010771765302,0.62505254308533
6359,0.6401,1,3,1,675555,889,124770,1486,0.0070412495247750605,0.6256842105263158
6360,0.6402,1,1,1,675556,888,124771,1485,0.007033329109111646,0.6257901390644753
6361,0.6403,1,0,1,675556,888,124772,1484,0.007033329109111646,0.6256323777403036
6362,0.6404,3,3,3,675559,885,124775,1481,0.007009567862121404,0.6259509721048182
6363,0.6405,3,0,3,675559,885,124778,1478,0.007009567862121404,0.6254760897164621
6364,0.6406,2,1,2,675560,884,124780,1476,0.00700164744645799,0.6254237288135593
6365,0.6407,1,1,1,675561,883,124781,1475,0.006993727030794576,0.6255301102629347
6366,0.6408,3,3,3,675564,880,124784,1472,0.006969965783804334,0.6258503401360545
6367,0.6409,2,3,2,675567,877,124786,1470,0.006946204536814092,0.6263314870046869
6368,0.641,3,0,3,675567,877,124789,1467,0.006946204536814092,0.6258532423208191
6369,0.6411,2,2,2,675569,875,124791,1465,0.006930363705487264,0.6260683760683761
6370,0.6412,4,0,4,675569,875,124795,1461,0.006930363705487264,0.6254280821917808
6371,0.6413,1,2,1,675571,873,124796,1460,0.006914522874160436,0.6258036862408916
6372,0.6414,2,1,2,675572,872,124798,1458,0.006906602458497022,0.6257510729613734
6373,0.6415,3,1,3,675573,871,124801,1455,0.006898682042833608,0.6255374032674119
6374,0.6416,1,0,1,675573,871,124802,1454,0.006898682042833608,0.6253763440860215
6375,0.6417,0,2,0,675575,869,124802,1454,0.00688284121150678,0.6259147653895825
6376,0.6418,2,0,2,675575,869,124804,1452,0.00688284121150678,0.6255924170616114
6377,0.6419,2,1,2,675576,868,124806,1450,0.006874920795843366,0.6255392579810182
6378,0.642,5,2,5,675578,866,124811,1445,0.0068590799645165375,0.6252704456945045
6379,0.6421,1,4,1,675582,862,124812,1444,0.006827398301862882,0.6261925411968777
6380,0.6422,2,0,2,675582,862,124814,1442,0.006827398301862882,0.6258680555555556
6381,0.6423,5,0,5,675582,862,124819,1437,0.006827398301862882,0.6250543714658547
6382,0.6424,3,1,3,675583,861,124822,1434,0.006819477886199468,0.6248366013071895
6383,0.6425,2,2,2,675585,859,124824,1432,0.00680363705487264,0.6250545613269315
6384,0.6426,0,1,0,675586,858,124824,1432,0.006795716639209226,0.6253275109170305
6385,0.6427,2,2,2,675588,856,124826,1430,0.006779875807882398,0.6255468066491688
6386,0.6428,3,1,3,675589,855,124829,1427,0.0067719553922189835,0.6253286590709903
6387,0.6429,3,4,3,675593,851,124832,1424,0.006740273729565327,0.625934065934066
6388,0.643,3,3,3,675596,848,124835,1421,0.006716512482575086,0.626267078007933
6389,0.6431,2,2,2,675598,846,124837,1419,0.006700671651248258,0.6264900662251656
6390,0.6432,1,4,1,675602,842,124838,1418,0.006668989988594601,0.6274336283185841
6391,0.6433,3,1,3,675603,841,124841,1415,0.006661069572931187,0.6272163120567376
6392,0.6434,0,1,0,675604,840,124841,1415,0.006653149157267773,0.6274944567627494
6393,0.6435,3,0,3,675604,840,124844,1412,0.006653149157267773,0.6269982238010657
6394,0.6436,2,1,2,675605,839,124846,1410,0.006645228741604359,0.6269453090262339
6395,0.6437,4,0,4,675605,839,124850,1406,0.006645228741604359,0.6262806236080178
6396,0.6438,3,2,3,675607,837,124853,1403,0.006629387910277532,0.6263392857142858
6397,0.6439,3,0,3,675607,837,124856,1400,0.006629387910277532,0.6258381761287438
6398,0.644,2,1,2,675608,836,124858,1398,0.006621467494614118,0.6257833482542524
6399,0.6441,3,1,3,675609,835,124861,1395,0.006613547078950704,0.625560538116592
6400,0.6442,2,0,2,675609,835,124863,1393,0.006613547078950704,0.6252244165170556
6401,0.6443,2,2,2,675611,833,124865,1391,0.0065977062476238755,0.6254496402877698
6402,0.6444,1,1,1,675612,832,124866,1390,0.006589785831960461,0.6255625562556255
6403,0.6445,3,1,3,675613,831,124869,1387,0.006581865416297047,0.6253381424706943
6404,0.6446,1,0,1,675613,831,124870,1386,0.006581865416297047,0.625169147496617
6405,0.6447,1,4,1,675617,827,124871,1385,0.006550183753643391,0.6261301989150091
6406,0.6448,0,4,0,675621,823,124871,1385,0.0065185020909897355,0.6272644927536232
6407,0.6449,0,3,0,675624,820,124871,1385,0.006494740843999493,0.6281179138321995
6408,0.645,2,2,2,675626,818,124873,1383,0.006478900012672665,0.6283507496592458
6409,0.6451,3,1,3,675627,817,124876,1380,0.006470979597009251,0.6281292671825216
6410,0.6452,0,3,0,675630,814,124876,1380,0.006447218350019009,0.6289881494986327
6411,0.6453,3,2,3,675632,812,124879,1377,0.006431377518692181,0.6290543627227044
6412,0.6454,1,0,1,675632,812,124880,1376,0.006431377518692181,0.6288848263254113
6413,0.6455,4,1,4,675633,811,124884,1372,0.0064234571030287665,0.6284928996793404
6414,0.6456,1,1,1,675634,810,124885,1371,0.006415536687365353,0.6286107290233838
6415,0.6457,2,2,2,675636,808,124887,1369,0.006399695856038525,0.6288470372071658
6416,0.6458,1,1,1,675637,807,124888,1368,0.006391775440375111,0.6289655172413793
6417,0.6459,6,3,6,675640,804,124894,1362,0.006368014193384869,0.628808864265928
6418,0.646,1,1,1,675641,803,124895,1361,0.006360093777721455,0.6289279112754159
6419,0.6461,1,0,1,675641,803,124896,1360,0.006360093777721455,0.6287563569116967
6420,0.6462,1,3,1,675644,800,124897,1359,0.0063363325307312125,0.6294580824455767
6421,0.6463,1,0,1,675644,800,124898,1358,0.0063363325307312125,0.629286376274328
6422,0.6464,4,1,4,675645,799,124902,1354,0.0063284121150677984,0.6288899210404088
6423,0.6465,2,1,2,675646,798,124904,1352,0.006320491699404384,0.6288372093023256
6424,0.6466,3,6,3,675652,792,124907,1349,0.006272969205423901,0.6300794021485288
6425,0.6467,2,1,2,675653,791,124909,1347,0.006265048789760487,0.6300280636108513
6426,0.6468,2,1,2,675654,790,124911,1345,0.006257128374097073,0.629976580796253
6427,0.6469,0,4,0,675658,786,124911,1345,0.006225446711443416,0.6311590802440169
6428,0.647,4,3,4,675661,783,124915,1341,0.006201685464453175,0.6313559322033898
6429,0.6471,3,3,3,675664,780,124918,1338,0.006177924217462933,0.6317280453257791
6430,0.6472,1,1,1,675665,779,124919,1337,0.0061700038017995186,0.6318525519848771
6431,0.6473,2,2,2,675667,777,124921,1335,0.00615416297047269,0.6321022727272727
6432,0.6474,2,4,2,675671,773,124923,1333,0.006122481307819034,0.6329534662867996
6433,0.6475,2,2,2,675673,771,124925,1331,0.006106640476492206,0.6332064700285442
6434,0.6476,2,1,2,675674,770,124927,1329,0.006098720060828793,0.6331586469747499
6435,0.6477,0,1,0,675675,769,124927,1329,0.006090799645165379,0.6334604385128694
6436,0.6478,1,0,1,675675,769,124928,1328,0.006090799645165379,0.6332856461611827
6437,0.6479,4,1,4,675676,768,124932,1324,0.0060828792295019645,0.6328871892925431
6438,0.648,2,1,2,675677,767,124934,1322,0.0060749588138385505,0.6328386787936812
6439,0.6481,2,2,2,675679,765,124936,1320,0.006059117982511722,0.6330935251798561
6440,0.6482,2,2,2,675681,763,124938,1318,0.006043277151184894,0.6333493512734263
6441,0.6483,6,0,6,675681,763,124944,1312,0.006043277151184894,0.632289156626506
6442,0.6484,1,3,1,675684,760,124945,1311,0.006019515904194652,0.6330275229357798
6443,0.6485,1,1,1,675685,759,124946,1310,0.006011595488531238,0.6331561140647656
6444,0.6487,1,4,1,675689,755,124947,1309,0.005979913825877582,0.6342054263565892
6445,0.6488,2,1,2,675690,754,124949,1307,0.005971993410214168,0.6341581756428918
6446,0.6489,1,1,1,675691,753,124950,1306,0.005964072994550754,0.6342884895580378
6447,0.649,1,0,1,675691,753,124951,1305,0.005964072994550754,0.6341107871720116
6448,0.6491,2,2,2,675693,751,124953,1303,0.005948232163223926,0.6343719571567673
6449,0.6492,1,2,1,675695,749,124954,1302,0.005932391331897098,0.6348122866894198
6450,0.6493,0,3,0,675698,746,124954,1302,0.005908630084906856,0.6357421875
6451,0.6494,0,1,0,675699,745,124954,1302,0.0059007096692434416,0.6360527601367856
6452,0.6495,4,1,4,675700,744,124958,1298,0.0058927892535800275,0.6356513222331048
6453,0.6496,4,0,4,675700,744,124962,1294,0.0058927892535800275,0.634936211972522
6454,0.6497,1,1,1,675701,743,124963,1293,0.005884868837916614,0.6350687622789783
6455,0.6498,1,0,1,675701,743,124964,1292,0.005884868837916614,0.634889434889435
6456,0.6499,2,4,2,675705,739,124966,1290,0.005853187175262958,0.6357811729916215
6457,0.65,2,1,2,675706,738,124968,1288,0.005845266759599544,0.6357354392892399
6458,0.6501,2,1,2,675707,737,124970,1286,0.00583734634393613,0.6356895699456253
6459,0.6502,0,1,0,675708,736,124970,1286,0.005829425928272716,0.636003956478734
6460,0.6503,1,1,1,675709,735,124971,1285,0.005821505512609302,0.6361386138613861
6461,0.6504,2,2,2,675711,733,124973,1283,0.0058056646812824735,0.6364087301587301
6462,0.6505,1,6,1,675717,727,124974,1282,0.00575814218730199,0.6381284221005475
6463,0.6506,1,1,1,675718,726,124975,1281,0.005750221771638576,0.6382660687593423
6464,0.6507,0,1,0,675719,725,124975,1281,0.005742301355975162,0.6385842472582254
6465,0.6508,4,2,4,675721,723,124979,1277,0.0057264605246483335,0.6385
6466,0.6509,1,2,1,675723,721,124980,1276,0.005710619693321505,0.6389584376564847
6467,0.651,1,1,1,675724,720,124981,1275,0.005702699277658091,0.6390977443609023
6468,0.6511,0,1,0,675725,719,124981,1275,0.005694778861994677,0.6394182547642929
6469,0.6512,1,4,1,675729,715,124982,1274,0.005663097199341022,0.6405228758169934
6470,0.6513,3,0,3,675729,715,124985,1271,0.005663097199341022,0.6399798590130916
6471,0.6514,3,2,3,675731,713,124988,1268,0.005647256368014194,0.6400807672892479
6472,0.6515,1,1,1,675732,712,124989,1267,0.0056393359523507795,0.64022233451238
6473,0.6516,3,2,3,675734,710,124992,1264,0.005623495121023951,0.6403242147923
6474,0.6517,2,2,2,675736,708,124994,1262,0.005607654289697123,0.6406091370558376
6475,0.6518,2,0,2,675736,708,124996,1260,0.005607654289697123,0.6402439024390244
6476,0.652,1,2,1,675738,706,124997,1259,0.005591813458370295,0.6407124681933842
6477,0.6521,2,0,2,675738,706,124999,1257,0.005591813458370295,0.6403464085583291
6478,0.6522,2,0,2,675738,706,125001,1255,0.005591813458370295,0.6399796022437532
6479,0.6523,3,1,3,675739,705,125004,1252,0.005583893042706881,0.6397547266223812
6480,0.6524,3,2,3,675741,703,125007,1249,0.005568052211380054,0.6398565573770492
6481,0.6525,2,0,2,675741,703,125009,1247,0.005568052211380054,0.6394871794871795
6482,0.6526,0,2,0,675743,701,125009,1247,0.0055522113800532255,0.6401437371663244
6483,0.6527,2,2,2,675745,699,125011,1245,0.005536370548726397,0.6404320987654321
6484,0.6528,4,1,4,675746,698,125015,1241,0.005528450133062983,0.6400206291903043
6485,0.6529,1,1,1,675747,697,125016,1240,0.005520529717399569,0.6401652039235932
6486,0.653,1,1,1,675748,696,125017,1239,0.005512609301736155,0.6403100775193798
6487,0.6531,2,0,2,675748,696,125019,1237,0.005512609301736155,0.6399379203310915
6488,0.6532,0,2,0,675750,694,125019,1237,0.005496768470409327,0.6406007250129466
6489,0.6533,2,1,2,675751,693,125021,1235,0.005488848054745913,0.6405601659751037
6490,0.6534,2,2,2,675753,691,125023,1233,0.005473007223419085,0.6408523908523909
6491,0.6535,0,1,0,675754,690,125023,1233,0.005465086807755671,0.641185647425897
6492,0.6536,0,2,0,675756,688,125023,1233,0.005449245976428843,0.6418532014575742
6493,0.6537,2,0,2,675756,688,125025,1231,0.005449245976428843,0.6414799374674309
6494,0.6538,1,0,1,675756,688,125026,1230,0.005449245976428843,0.6412930135557873
6495,0.6539,1,3,1,675759,685,125027,1229,0.005425484729438601,0.642110762800418
6496,0.654,2,2,2,675761,683,125029,1227,0.005409643898111773,0.6424083769633507
6497,0.6541,2,0,2,675761,683,125031,1225,0.005409643898111773,0.6420335429769392
6498,0.6542,1,5,1,675766,678,125032,1224,0.0053700418197947025,0.6435331230283912
6499,0.6543,2,0,2,675766,678,125034,1222,0.0053700418197947025,0.6431578947368422
6500,0.6544,4,4,4,675770,674,125038,1218,0.005338360157141047,0.6437632135306554
6501,0.6545,1,0,1,675770,674,125039,1217,0.005338360157141047,0.6435748281332628
6502,0.6546,1,0,1,675770,674,125040,1216,0.005338360157141047,0.6433862433862434
6503,0.6547,2,2,2,675772,672,125042,1214,0.005322519325814219,0.6436903499469777
6504,0.6548,3,1,3,675773,671,125045,1211,0.005314598910150805,0.6434643995749203
6505,0.6549,1,1,1,675774,670,125046,1210,0.005306678494487391,0.6436170212765957
6506,0.655,1,2,1,675776,668,125047,1209,0.0052908376631605625,0.6441129461907299
6507,0.6551,5,4,5,675780,664,125052,1204,0.005259156000506906,0.6445396145610278
6508,0.6552,1,2,1,675782,662,125053,1203,0.005243315169180079,0.6450402144772118
6509,0.6553,3,1,3,675783,661,125056,1200,0.005235394753516665,0.6448146157979581
6510,0.6554,7,1,7,675784,660,125063,1193,0.005227474337853251,0.6438208310847274
6511,0.6555,4,1,4,675785,659,125067,1189,0.005219553922189837,0.6433982683982684
6512,0.6557,2,2,2,675787,657,125069,1187,0.0052037130908630085,0.6437093275488069
6513,0.6558,1,0,1,675787,657,125070,1186,0.0052037130908630085,0.6435160065111232
6514,0.6559,2,1,2,675788,656,125072,1184,0.0051957926751995944,0.6434782608695652
6515,0.656,5,0,5,675788,656,125077,1179,0.0051957926751995944,0.6425068119891009
6516,0.6561,3,2,3,675790,654,125080,1176,0.005179951843872766,0.6426229508196721
6517,0.6562,1,3,1,675793,651,125081,1175,0.005156190596882524,0.6434830230010953
6518,0.6563,1,1,1,675794,650,125082,1174,0.00514827018121911,0.643640350877193
6519,0.6564,1,1,1,675795,649,125083,1173,0.005140349765555697,0.6437980241492866
6520,0.6565,2,1,2,675796,648,125085,1171,0.005132429349892283,0.6437603078614623
6521,0.6566,1,1,1,675797,647,125086,1170,0.005124508934228869,0.6439185470555862
6522,0.6567,6,1,6,675798,646,125092,1164,0.0051165885185654545,0.6430939226519337
6523,0.6568,1,0,1,675798,646,125093,1163,0.0051165885185654545,0.6428966279712548
6524,0.6569,5,2,5,675800,644,125098,1158,0.005100747687238626,0.6426193118756937
6525,0.657,2,2,2,675802,642,125100,1156,0.005084906855911798,0.64293659621802
6526,0.6571,2,1,2,675803,641,125102,1154,0.005076986440248384,0.6428969359331477
6527,0.6572,2,3,2,675806,638,125104,1152,0.005053225193258142,0.6435754189944134
6528,0.6573,4,0,4,675806,638,125108,1148,0.005053225193258142,0.6427771556550952
6529,0.6575,0,1,0,675807,637,125108,1148,0.005045304777594728,0.6431372549019608
6530,0.6576,1,0,1,675807,637,125109,1147,0.005045304777594728,0.6429372197309418
6531,0.6577,2,1,2,675808,636,125111,1145,0.0050373843619313146,0.6428972487366648
6532,0.6578,2,1,2,675809,635,125113,1143,0.0050294639462679005,0.6428571428571429
6533,0.6579,1,0,1,675809,635,125114,1142,0.0050294639462679005,0.642656162070906
6534,0.658,1,1,1,675810,634,125115,1141,0.005021543530604486,0.6428169014084507
6535,0.6581,2,1,2,675811,633,125117,1139,0.005013623114941072,0.6427765237020316
6536,0.6582,4,2,4,675813,631,125121,1135,0.004997782283614244,0.6426953567383918
6537,0.6583,1,1,1,675814,630,125122,1134,0.00498986186795083,0.6428571428571429
6538,0.6584,4,1,4,675815,629,125126,1130,0.004981941452287416,0.6424104604889141
6539,0.6585,2,1,2,675816,628,125128,1128,0.004974021036624002,0.642369020501139
6540,0.6587,1,1,1,675817,627,125129,1127,0.004966100620960588,0.6425313568985177
6541,0.6588,3,1,3,675818,626,125132,1124,0.004958180205297174,0.6422857142857142
6542,0.6589,0,5,0,675823,621,125132,1124,0.004918578126980104,0.6441260744985673
6543,0.659,3,0,3,675823,621,125135,1121,0.004918578126980104,0.6435132032146957
6544,0.6591,2,0,2,675823,621,125137,1119,0.004918578126980104,0.6431034482758621
6545,0.6592,1,1,1,675824,620,125138,1118,0.00491065771131669,0.6432681242807825
6546,0.6593,0,1,0,675825,619,125138,1118,0.004902737295653276,0.6436384571099597
6547,0.6594,2,0,2,675825,619,125140,1116,0.004902737295653276,0.6432276657060518
6548,0.6595,1,2,1,675827,617,125141,1115,0.004886896464326448,0.6437644341801386
6549,0.6596,2,3,2,675830,614,125143,1113,0.004863135217336206,0.6444701795020267
6550,0.6597,2,0,2,675830,614,125145,1111,0.004863135217336206,0.6440579710144928
6551,0.6598,2,1,2,675831,613,125147,1109,0.004855214801672792,0.6440185830429733
6552,0.6599,1,0,1,675831,613,125148,1108,0.004855214801672792,0.6438117373619988
6553,0.66,1,0,1,675831,613,125149,1107,0.004855214801672792,0.6436046511627908
6554,0.6601,1,1,1,675832,612,125150,1106,0.0048472943860093775,0.6437718277066357
6555,0.6602,3,4,3,675836,608,125153,1103,0.004815612723355722,0.6446522501461134
6556,0.6603,1,0,1,675836,608,125154,1102,0.004815612723355722,0.6444444444444445
6557,0.6604,2,1,2,675837,607,125156,1100,0.004807692307692308,0.6444053895723492
6558,0.6605,2,2,2,675839,605,125158,1098,0.00479185147636548,0.6447445684086905
6559,0.6606,0,1,0,675840,604,125158,1098,0.004783931060702066,0.645123384253819
6560,0.6607,1,2,1,675842,602,125159,1097,0.0047680902293752376,0.6456739258387286
6561,0.6608,2,0,2,675842,602,125161,1095,0.0047680902293752376,0.6452563347083088
6562,0.6609,2,2,2,675844,600,125163,1093,0.004752249398048409,0.6455995274660367
6563,0.661,1,0,1,675844,600,125164,1092,0.004752249398048409,0.6453900709219859
6564,0.6611,3,1,3,675845,599,125167,1089,0.004744328982384995,0.6451421800947867
6565,0.6612,5,1,5,675846,598,125172,1084,0.004736408566721581,0.6444708680142688
6566,0.6613,1,2,1,675848,596,125173,1083,0.004720567735394754,0.6450268016676594
6567,0.6615,1,0,1,675848,596,125174,1082,0.004720567735394754,0.6448152562574494
6568,0.6616,1,2,1,675850,594,125175,1081,0.004704726904067926,0.6453731343283582
6569,0.6617,1,2,1,675852,592,125176,1080,0.004688886072741098,0.645933014354067
6570,0.6618,3,3,3,675855,589,125179,1077,0.004665124825750855,0.6464585834333734
6571,0.6619,0,2,0,675857,587,125179,1077,0.004649283994424027,0.6472355769230769
6572,0.662,0,2,0,675859,585,125179,1077,0.004633443163097199,0.648014440433213
6573,0.6622,1,0,1,675859,585,125180,1076,0.004633443163097199,0.6478025285972305
6574,0.6624,2,0,2,675859,585,125182,1074,0.004633443163097199,0.6473779385171791
6575,0.6625,1,1,1,675860,584,125183,1073,0.004625522747433785,0.6475558237779119
6576,0.6626,1,0,1,675860,584,125184,1072,0.004625522747433785,0.6473429951690821
6577,0.6627,2,1,2,675861,583,125186,1070,0.004617602331770371,0.647307924984876
6578,0.6628,4,0,4,675861,583,125190,1066,0.004617602331770371,0.6464523953911462
6579,0.6629,1,2,1,675863,581,125191,1065,0.004601761500443544,0.6470230862697448
6580,0.663,2,1,2,675864,580,125193,1063,0.0045938410847801295,0.6469872185027389
6581,0.6631,5,0,5,675864,580,125198,1058,0.0045938410847801295,0.645909645909646
6582,0.6632,2,1,2,675865,579,125200,1056,0.0045859206691167154,0.6458715596330276
6583,0.6633,1,2,1,675867,577,125201,1055,0.004570079837789887,0.6464460784313726
6584,0.6634,1,1,1,675868,576,125202,1054,0.004562159422126473,0.6466257668711657
6585,0.6635,3,1,3,675869,575,125205,1051,0.004554239006463059,0.6463714637146372
6586,0.6636,0,1,0,675870,574,125205,1051,0.004546318590799645,0.6467692307692308
6587,0.6638,2,2,2,675872,572,125207,1049,0.004530477759472817,0.6471314003701419
6588,0.6639,1,2,1,675874,570,125208,1048,0.004514636928145989,0.6477132262051916
6589,0.664,3,3,3,675877,567,125211,1045,0.004490875681155747,0.6482630272952854
6590,0.6641,2,0,2,675877,567,125213,1043,0.004490875681155747,0.6478260869565218
6591,0.6642,1,1,1,675878,566,125214,1042,0.004482955265492333,0.6480099502487562
6592,0.6643,6,4,6,675882,562,125220,1036,0.004451273602838677,0.6483103879849812
6593,0.6644,3,0,3,675882,562,125223,1033,0.004451273602838677,0.6476489028213166
6594,0.6645,1,2,1,675884,560,125224,1032,0.004435432771511849,0.6482412060301508
6595,0.6646,1,0,1,675884,560,125225,1031,0.004435432771511849,0.6480201131363922
6596,0.6647,2,2,2,675886,558,125227,1029,0.004419591940185021,0.6483931947069943
6597,0.6648,0,1,0,675887,557,125227,1029,0.0044116715245216065,0.6488020176544766
6598,0.6649,1,1,1,675888,556,125228,1028,0.0044037511088581924,0.648989898989899
6599,0.665,4,1,4,675889,555,125232,1024,0.004395830693194779,0.6485117162761241
6600,0.6651,1,0,1,675889,555,125233,1023,0.004395830693194779,0.6482889733840305
6601,0.6652,2,1,2,675890,554,125235,1021,0.004387910277531365,0.6482539682539683
6602,0.6653,1,0,1,675890,554,125236,1020,0.004387910277531365,0.6480304955527318
6603,0.6654,3,2,3,675892,552,125239,1017,0.004372069446204537,0.6481835564053537
6604,0.6655,1,0,1,675892,552,125240,1016,0.004372069446204537,0.6479591836734694
6605,0.6656,1,1,1,675893,551,125241,1015,0.004364149030541123,0.6481481481481481
6606,0.6657,2,1,2,675894,550,125243,1013,0.004356228614877709,0.6481126039667306
6607,0.6658,1,3,1,675897,547,125244,1012,0.004332467367887467,0.6491340602950609
6608,0.6659,3,1,3,675898,546,125247,1009,0.0043245469522240525,0.6488745980707395
6609,0.666,1,1,1,675899,545,125248,1008,0.004316626536560638,0.6490663232453316
6610,0.6661,1,0,1,675899,545,125249,1007,0.004316626536560638,0.648840206185567
6611,0.6662,0,2,0,675901,543,125249,1007,0.00430078570523381,0.6496774193548387
6612,0.6663,1,0,1,675901,543,125250,1006,0.00430078570523381,0.6494512588766946
6613,0.6664,3,0,3,675901,543,125253,1003,0.00430078570523381,0.648771021992238
6614,0.6665,2,0,2,675901,543,125255,1001,0.00430078570523381,0.6483160621761658
6615,0.6666,2,0,2,675901,543,125257,999,0.00430078570523381,0.6478599221789884
6616,0.6667,4,0,4,675901,543,125261,995,0.00430078570523381,0.6469440832249674
6617,0.6668,5,0,5,675901,543,125266,990,0.00430078570523381,0.6457925636007827
6618,0.6669,2,2,2,675903,541,125268,988,0.004284944873906983,0.6461739699149771
6619,0.6671,3,3,3,675906,538,125271,985,0.004261183626916741,0.6467498358502954
6620,0.6672,1,0,1,675906,538,125272,984,0.004261183626916741,0.6465177398160316
6621,0.6673,0,1,0,675907,537,125272,984,0.004253263211253327,0.6469428007889546
6622,0.6674,1,0,1,675907,537,125273,983,0.004253263211253327,0.6467105263157895
6623,0.6675,2,0,2,675907,537,125275,981,0.004253263211253327,0.6462450592885376
6624,0.6676,3,2,3,675909,535,125278,978,0.0042374223799264985,0.6463978849966953
6625,0.6677,1,0,1,675909,535,125279,977,0.0042374223799264985,0.6461640211640212
6626,0.6678,0,1,0,675910,534,125279,977,0.004229501964263084,0.6465916611515553
6627,0.6679,2,1,2,675911,533,125281,975,0.00422158154859967,0.646551724137931
6628,0.668,1,2,1,675913,531,125282,974,0.004205740717272842,0.6471760797342193
6629,0.6681,2,0,2,675913,531,125284,972,0.004205740717272842,0.6467065868263473
6630,0.6682,3,1,3,675914,530,125287,969,0.004197820301609428,0.6464309539693128
6631,0.6683,3,0,3,675914,530,125290,966,0.004197820301609428,0.6457219251336899
6632,0.6684,3,1,3,675915,529,125293,963,0.004189899885946015,0.6454423592493298
6633,0.6685,1,2,1,675917,527,125294,962,0.004174059054619187,0.6460711887172599
6634,0.6686,1,4,1,675921,523,125295,961,0.00414237739196553,0.6475741239892183
6635,0.6687,2,0,2,675921,523,125297,959,0.00414237739196553,0.6470985155195681
6636,0.6688,0,1,0,675922,522,125297,959,0.004134456976302116,0.6475354490209319
6637,0.6689,4,1,4,675923,521,125301,955,0.004126536560638702,0.6470189701897019
6638,0.669,1,0,1,675923,521,125302,954,0.004126536560638702,0.6467796610169492
6639,0.6691,0,1,0,675924,520,125302,954,0.004118616144975288,0.6472184531886025
6640,0.6692,3,0,3,675924,520,125305,951,0.004118616144975288,0.6464989802855201
6641,0.6693,2,2,2,675926,518,125307,949,0.00410277531364846,0.6468984321745058
6642,0.6694,0,1,0,675927,517,125307,949,0.004094854897985046,0.6473396998635743
6643,0.6696,2,1,2,675928,516,125309,947,0.004086934482321632,0.6473000683526999
6644,0.6697,3,0,3,675928,516,125312,944,0.004086934482321632,0.6465753424657534
6645,0.6698,2,0,2,675928,516,125314,942,0.004086934482321632,0.6460905349794238
6646,0.6699,2,1,2,675929,515,125316,940,0.004079014066658219,0.6460481099656358
6647,0.67,4,1,4,675930,514,125320,936,0.0040710936509948045,0.6455172413793103
6648,0.6701,1,0,1,675930,514,125321,935,0.0040710936509948045,0.6452726017943409
6649,0.6703,3,1,3,675931,513,125324,932,0.0040631732353313904,0.6449826989619377
6650,0.6704,0,1,0,675932,512,125324,932,0.004055252819667976,0.6454293628808865
6651,0.6705,1,1,1,675933,511,125325,931,0.004047332404004562,0.6456310679611651
6652,0.6706,1,0,1,675933,511,125326,930,0.004047332404004562,0.6453851492019431
6653,0.6707,1,1,1,675934,510,125327,929,0.004039411988341148,0.645587213342599
6654,0.6708,3,2,3,675936,508,125330,926,0.00402357115701432,0.6457461645746164
6655,0.6709,2,1,2,675937,507,125332,924,0.004015650741350906,0.6457023060796646
6656,0.671,1,2,1,675939,505,125333,923,0.003999809910024078,0.646358543417367
6657,0.6712,1,0,1,675939,505,125334,922,0.003999809910024078,0.6461107217939733
6658,0.6713,4,2,4,675941,503,125338,918,0.00398396907869725,0.6460239268121042
6659,0.6714,2,0,2,675941,503,125340,916,0.00398396907869725,0.6455250176180408
6660,0.6715,2,0,2,675941,503,125342,914,0.00398396907869725,0.6450247000705717
6661,0.6716,2,1,2,675942,502,125344,912,0.003976048663033836,0.6449787835926449
6662,0.6717,0,2,0,675944,500,125344,912,0.003960207831707008,0.6458923512747875
6663,0.6718,1,0,1,675944,500,125345,911,0.003960207831707008,0.6456413890857547
6664,0.6719,2,0,2,675944,500,125347,909,0.003960207831707008,0.64513839602555
6665,0.672,2,3,2,675947,497,125349,907,0.003936446584716766,0.646011396011396
6666,0.6721,1,0,1,675947,497,125350,906,0.003936446584716766,0.6457590876692801
6667,0.6722,2,0,2,675947,497,125352,904,0.003936446584716766,0.6452533904354033
6668,0.6723,2,1,2,675948,496,125354,902,0.003928526169053352,0.6452074391988555
6669,0.6724,3,0,3,675948,496,125357,899,0.003928526169053352,0.6444444444444445
6670,0.6725,1,0,1,675948,496,125358,898,0.003928526169053352,0.6441893830703013
6671,0.6726,2,2,2,675950,494,125360,896,0.003912685337726524,0.6446043165467625
6672,0.6727,1,1,1,675951,493,125361,895,0.0039047649220631097,0.6448126801152738
6673,0.6728,2,0,2,675951,493,125363,893,0.0039047649220631097,0.6443001443001443
6674,0.6729,2,1,2,675952,492,125365,891,0.003896844506399696,0.6442516268980477
6675,0.673,1,0,1,675952,492,125366,890,0.003896844506399696,0.6439942112879884
6676,0.6731,2,1,2,675953,491,125368,888,0.003888924090736282,0.6439448875997099
6677,0.6732,1,0,1,675953,491,125369,887,0.003888924090736282,0.6436865021770682
6678,0.6733,1,3,1,675956,488,125370,886,0.0038651628437460397,0.6448326055312955
6679,0.6734,2,0,2,675956,488,125372,884,0.0038651628437460397,0.6443148688046647
6680,0.6735,3,1,3,675957,487,125375,881,0.0038572424280826256,0.6440058479532164
6681,0.6736,5,1,5,675958,486,125380,876,0.0038493220124192116,0.6431718061674009
6682,0.6737,2,0,2,675958,486,125382,874,0.0038493220124192116,0.6426470588235295
6683,0.6738,2,3,2,675961,483,125384,872,0.0038255607654289698,0.6435424354243543
6684,0.6739,3,2,3,675963,481,125387,869,0.0038097199341021416,0.6437037037037037
6685,0.674,3,2,3,675965,479,125390,866,0.0037938791027753134,0.6438661710037175
6686,0.6741,2,0,2,675965,479,125392,864,0.0037938791027753134,0.6433358153387937
6687,0.6742,0,3,0,675968,476,125392,864,0.0037701178557850716,0.6447761194029851
6688,0.6743,2,2,2,675970,474,125394,862,0.0037542770244582435,0.6452095808383234
6689,0.6744,1,1,1,675971,473,125395,861,0.0037463566087948294,0.6454272863568216
6690,0.6746,0,2,0,675973,471,125395,861,0.0037305157774680017,0.6463963963963963
6691,0.6747,2,1,2,675974,470,125397,859,0.0037225953618045876,0.6463506395786306
6692,0.6748,2,1,2,675975,469,125399,857,0.0037146749461411735,0.6463046757164405
6693,0.6749,1,1,1,675976,468,125400,856,0.0037067545304777594,0.6465256797583081
6694,0.675,1,0,1,675976,468,125401,855,0.0037067545304777594,0.6462585034013606
6695,0.6751,3,1,3,675977,467,125404,852,0.0036988341148143453,0.6459438968915845
6696,0.6752,1,3,1,675980,464,125405,851,0.0036750728678241035,0.6471482889733841
6697,0.6753,1,2,1,675982,462,125406,850,0.0036592320364972754,0.6478658536585366
6698,0.6754,1,0,1,675982,462,125407,849,0.0036592320364972754,0.6475972540045767
6699,0.6755,2,1,2,675983,461,125409,847,0.0036513116208338613,0.6475535168195719
6700,0.6756,1,3,1,675986,458,125410,846,0.0036275503738436195,0.6487730061349694
6701,0.6757,1,1,1,675987,457,125411,845,0.0036196299581802054,0.6490015360983102
6702,0.6758,1,1,1,675988,456,125412,844,0.0036117095425167913,0.6492307692307693
6703,0.6759,3,0,3,675988,456,125415,841,0.0036117095425167913,0.6484194294525829
6704,0.676,1,3,1,675991,453,125416,840,0.003587948295526549,0.6496519721577726
6705,0.6761,3,2,3,675993,451,125419,837,0.0035721074641997213,0.6498447204968945
6706,0.6762,2,0,2,675993,451,125421,835,0.0035721074641997213,0.6493001555209953
6707,0.6763,2,1,2,675994,450,125423,833,0.0035641870485363073,0.6492595479345284
6708,0.6764,0,1,0,675995,449,125423,833,0.003556266632872893,0.6497659906396256
6709,0.6765,4,0,4,675995,449,125427,829,0.003556266632872893,0.6486697965571205
6710,0.6766,2,2,2,675997,447,125429,827,0.003540425801546065,0.6491365777080063
6711,0.6767,1,0,1,675997,447,125430,826,0.003540425801546065,0.6488609583660644
6712,0.6768,2,1,2,675998,446,125432,824,0.003532505385882651,0.6488188976377953
6713,0.6769,1,1,1,675999,445,125433,823,0.0035245849702192373,0.6490536277602523
6714,0.677,6,0,6,675999,445,125439,817,0.0035245849702192373,0.6473851030110935
6715,0.6772,2,1,2,676000,444,125441,815,0.003516664554555823,0.647339158061954
6716,0.6774,1,1,1,676001,443,125442,814,0.003508744138892409,0.6475735879077168
6717,0.6775,0,5,0,676006,438,125442,814,0.003469142060575339,0.6501597444089456
6718,0.6776,1,0,1,676006,438,125443,813,0.003469142060575339,0.6498800959232613
6719,0.6777,1,0,1,676006,438,125444,812,0.003469142060575339,0.6496
6720,0.6778,1,3,1,676009,435,125445,811,0.003445380813585097,0.6508828250401284
6721,0.6779,0,1,0,676010,434,125445,811,0.003437460397921683,0.6514056224899598
6722,0.678,1,0,1,676010,434,125446,810,0.003437460397921683,0.6511254019292605
6723,0.6781,1,1,1,676011,433,125447,809,0.0034295399822582688,0.6513687600644122
6724,0.6782,2,1,2,676012,432,125449,807,0.003421619566594855,0.6513317191283293
6725,0.6783,1,2,1,676014,430,125450,806,0.003405778735268027,0.6521035598705501
6726,0.6784,2,1,2,676015,429,125452,804,0.003397858319604613,0.6520681265206812
6727,0.6785,3,0,3,676015,429,125455,801,0.003397858319604613,0.651219512195122
6728,0.6786,1,3,1,676018,426,125456,800,0.0033740970726143706,0.6525285481239804
6729,0.6787,0,1,0,676019,425,125456,800,0.003366176656950957,0.6530612244897959
6730,0.6788,1,0,1,676019,425,125457,799,0.003366176656950957,0.6527777777777778
6731,0.6789,1,2,1,676021,423,125458,798,0.003350335825624129,0.6535626535626535
6732,0.679,2,1,2,676022,422,125460,796,0.0033424154099607147,0.6535303776683087
6733,0.6792,3,0,3,676022,422,125463,793,0.0033424154099607147,0.6526748971193416
6734,0.6793,0,1,0,676023,421,125463,793,0.0033344949942973007,0.6532125205930808
6735,0.6795,0,2,0,676025,419,125463,793,0.0033186541629704725,0.6542904290429042
6736,0.6796,1,1,1,676026,418,125464,792,0.003310733747307059,0.6545454545454545
6737,0.6797,2,2,2,676028,416,125466,790,0.0032948929159802307,0.6550580431177446
6738,0.6798,3,1,3,676029,415,125469,787,0.0032869725003168166,0.6547420965058236
6739,0.68,2,1,2,676030,414,125471,785,0.0032790520846534025,0.6547122602168474
6740,0.6801,2,0,2,676030,414,125473,783,0.0032790520846534025,0.6541353383458647
6741,0.6802,2,0,2,676030,414,125475,781,0.0032790520846534025,0.6535564853556486
6742,0.6803,1,1,1,676031,413,125476,780,0.0032711316689899884,0.6538139145012574
6743,0.6804,4,2,4,676033,411,125480,776,0.0032552908376631607,0.6537489469250211
6744,0.6805,3,2,3,676035,409,125483,773,0.0032394500063363326,0.6539763113367174
6745,0.6806,1,3,1,676038,406,125484,772,0.0032156887593460903,0.6553480475382003
6746,0.6807,2,0,2,676038,406,125486,770,0.0032156887593460903,0.6547619047619048
6747,0.6808,2,0,2,676038,406,125488,768,0.0032156887593460903,0.6541737649063032
6748,0.6809,2,0,2,676038,406,125490,766,0.0032156887593460903,0.6535836177474402
6749,0.681,1,0,1,676038,406,125491,765,0.0032156887593460903,0.6532877882152007
6750,0.6811,2,0,2,676038,406,125493,763,0.0032156887593460903,0.6526946107784432
6751,0.6812,3,1,3,676039,405,125496,760,0.0032077683436826767,0.6523605150214592
6752,0.6813,1,0,1,676039,405,125497,759,0.0032077683436826767,0.6520618556701031
6753,0.6814,0,1,0,676040,404,125497,759,0.0031998479280192626,0.6526225279449699
6754,0.6815,1,0,1,676040,404,125498,758,0.0031998479280192626,0.6523235800344234
6755,0.6816,3,0,3,676040,404,125501,755,0.0031998479280192626,0.6514236410698878
6756,0.6817,3,0,3,676040,404,125504,752,0.0031998479280192626,0.6505190311418685
6757,0.6818,3,1,3,676041,403,125507,749,0.0031919275123558485,0.6501736111111112
6758,0.682,1,1,1,676042,402,125508,748,0.0031840070966924344,0.6504347826086957
6759,0.6821,1,2,1,676044,400,125509,747,0.0031681662653656063,0.6512641673931997
6760,0.6822,0,3,0,676047,397,125509,747,0.0031444050183753645,0.652972027972028
6761,0.6824,1,0,1,676047,397,125510,746,0.0031444050183753645,0.652668416447944
6762,0.6825,1,0,1,676047,397,125511,745,0.0031444050183753645,0.6523642732049036
6763,0.6826,2,1,2,676048,396,125513,743,0.0031364846027119504,0.6523266022827041
6764,0.6827,1,2,1,676050,394,125514,742,0.003120643771385122,0.653169014084507
6765,0.6828,1,0,1,676050,394,125515,741,0.003120643771385122,0.652863436123348
6766,0.6829,3,0,3,676050,394,125518,738,0.003120643771385122,0.6519434628975265
6767,0.683,1,0,1,676050,394,125519,737,0.003120643771385122,0.6516357206012379
6768,0.6831,0,1,0,676051,393,125519,737,0.003112723355721708,0.6522123893805309
6769,0.6832,1,0,1,676051,393,125520,736,0.003112723355721708,0.6519043401240036
6770,0.6833,2,0,2,676051,393,125522,734,0.003112723355721708,0.6512866015971606
6771,0.6834,2,1,2,676052,392,125524,732,0.003104802940058294,0.6512455516014235
6772,0.6836,1,0,1,676052,392,125525,731,0.003104802940058294,0.6509349955476402
6773,0.6837,1,1,1,676053,391,125526,730,0.0030968825243948804,0.6512042818911686
6774,0.6838,1,2,1,676055,389,125527,729,0.0030810416930680522,0.6520572450805009
6775,0.6839,1,0,1,676055,389,125528,728,0.0030810416930680522,0.6517457475380484
6776,0.684,2,0,2,676055,389,125530,726,0.0030810416930680522,0.6511210762331838
6777,0.6841,3,1,3,676056,388,125533,723,0.003073121277404638,0.6507650765076508
6778,0.6842,1,1,1,676057,387,125534,722,0.003065200861741224,0.6510369702434626
6779,0.6843,2,0,2,676057,387,125536,720,0.003065200861741224,0.6504065040650406
6780,0.6844,2,1,2,676058,386,125538,718,0.00305728044607781,0.6503623188405797
6781,0.6845,4,4,4,676062,382,125542,714,0.003025598783424154,0.6514598540145985
6782,0.6847,2,2,2,676064,380,125544,712,0.003009757952097326,0.652014652014652
6783,0.6848,3,1,3,676065,379,125547,709,0.003001837536433912,0.6516544117647058
6784,0.6851,1,0,1,676065,379,125548,708,0.003001837536433912,0.6513339466421343
6785,0.6852,2,0,2,676065,379,125550,706,0.003001837536433912,0.6506912442396313
6786,0.6853,1,0,1,676065,379,125551,705,0.003001837536433912,0.6503690036900369
6787,0.6854,2,0,2,676065,379,125553,703,0.003001837536433912,0.6497227356746765
6788,0.6855,2,2,2,676067,377,125555,701,0.002985996705107084,0.650278293135436
6789,0.6856,0,2,0,676069,375,125555,701,0.002970155873780256,0.6514869888475836
6790,0.6857,3,1,3,676070,374,125558,698,0.002962235458116842,0.6511194029850746
6791,0.6859,1,0,1,676070,374,125559,697,0.002962235458116842,0.6507936507936508
6792,0.6861,0,1,0,676071,373,125559,697,0.002954315042453428,0.6514018691588785
6793,0.6862,1,0,1,676071,373,125560,696,0.002954315042453428,0.6510757717492984
6794,0.6863,2,0,2,676071,373,125562,694,0.002954315042453428,0.6504217432052484
6795,0.6864,0,1,0,676072,372,125562,694,0.0029463946267900137,0.651031894934334
6796,0.6865,0,3,0,676075,369,125562,694,0.002922633379799772,0.6528692380056444
6797,0.6867,3,2,3,676077,367,125565,691,0.0029067925484729438,0.6531190926275993
6798,0.6868,1,0,1,676077,367,125566,690,0.0029067925484729438,0.6527909176915799
6799,0.6869,1,1,1,676078,366,125567,689,0.0028988721328095297,0.6530805687203791
6800,0.687,1,0,1,676078,366,125568,688,0.0028988721328095297,0.6527514231499051
6801,0.6872,3,1,3,676079,365,125571,685,0.002890951717146116,0.6523809523809524
6802,0.6873,1,1,1,676080,364,125572,684,0.002883031301482702,0.6526717557251909
6803,0.6874,0,3,0,676083,361,125572,684,0.0028592700544924597,0.6545454545454545
6804,0.6875,0,1,0,676084,360,125572,684,0.0028513496388290456,0.6551724137931034
6805,0.6876,1,1,1,676085,359,125573,683,0.0028434292231656316,0.6554702495201535
6806,0.6877,1,0,1,676085,359,125574,682,0.0028434292231656316,0.6551392891450528
6807,0.6878,0,1,0,676086,358,125574,682,0.002835508807502218,0.6557692307692308
6808,0.6879,3,0,3,676086,358,125577,679,0.002835508807502218,0.6547733847637416
6809,0.688,2,0,2,676086,358,125579,677,0.002835508807502218,0.6541062801932367
6810,0.6881,1,0,1,676086,358,125580,676,0.002835508807502218,0.6537717601547389
6811,0.6882,1,1,1,676087,357,125581,675,0.002827588391838804,0.6540697674418605
6812,0.6883,1,1,1,676088,356,125582,674,0.0028196679761753897,0.654368932038835
6813,0.6884,0,2,0,676090,354,125582,674,0.0028038271448485616,0.6556420233463035
6814,0.6885,1,1,1,676091,353,125583,673,0.0027959067291851475,0.6559454191033138
6815,0.6887,4,3,4,676094,350,125587,669,0.0027721454821949057,0.6565260058881256
6816,0.6889,1,0,1,676094,350,125588,668,0.0027721454821949057,0.656188605108055
6817,0.689,1,1,1,676095,349,125589,667,0.0027642250665314916,0.656496062992126
6818,0.6891,1,0,1,676095,349,125590,666,0.0027642250665314916,0.6561576354679803
6819,0.6892,2,2,2,676097,347,125592,664,0.0027483842352046635,0.6567754698318496
6820,0.6893,1,1,1,676098,346,125593,663,0.0027404638195412494,0.6570862239841427
6821,0.6895,1,2,1,676100,344,125594,662,0.0027246229882144216,0.658051689860835
6822,0.6896,2,0,2,676100,344,125596,660,0.0027246229882144216,0.6573705179282868
6823,0.6897,1,1,1,676101,343,125597,659,0.0027167025725510076,0.6576846307385229
6824,0.6898,4,0,4,676101,343,125601,655,0.0027167025725510076,0.656312625250501
6825,0.6899,2,1,2,676102,342,125603,653,0.0027087821568875935,0.6562814070351759
6826,0.69,4,0,4,676102,342,125607,649,0.0027087821568875935,0.6548940464177598
6827,0.6901,1,0,1,676102,342,125608,648,0.0027087821568875935,0.6545454545454545
6828,0.6902,1,2,1,676104,340,125609,647,0.0026929413255607653,0.6555217831813577
6829,0.6903,0,1,0,676105,339,125609,647,0.0026850209098973512,0.6561866125760649
6830,0.6904,1,0,1,676105,339,125610,646,0.0026850209098973512,0.6558375634517767
6831,0.6905,4,0,4,676105,339,125614,642,0.0026850209098973512,0.654434250764526
6832,0.6906,1,2,1,676107,337,125615,641,0.0026691800785705235,0.6554192229038854
6833,0.6907,1,1,1,676108,336,125616,640,0.0026612596629071094,0.6557377049180327
6834,0.6908,0,1,0,676109,335,125616,640,0.0026533392472436954,0.6564102564102564
6835,0.6909,0,1,0,676110,334,125616,640,0.0026454188315802813,0.6570841889117043
6836,0.6911,0,2,0,676112,332,125616,640,0.002629578000253453,0.6584362139917695
6837,0.6912,0,1,0,676113,331,125616,640,0.0026216575845900395,0.659114315139032
6838,0.6913,0,1,0,676114,330,125616,640,0.0026137371689266254,0.6597938144329897
6839,0.6914,0,2,0,676116,328,125616,640,0.0025978963375997972,0.6611570247933884
6840,0.6915,1,2,1,676118,326,125617,639,0.002582055506272969,0.6621761658031088
6841,0.6916,1,2,1,676120,324,125618,638,0.0025662146749461413,0.6632016632016632
6842,0.6917,2,0,2,676120,324,125620,636,0.0025662146749461413,0.6625
6843,0.6918,3,0,3,676120,324,125623,633,0.0025662146749461413,0.6614420062695925
6844,0.6919,5,0,5,676120,324,125628,628,0.0025662146749461413,0.6596638655462185
6845,0.692,0,1,0,676121,323,125628,628,0.0025582942592827273,0.6603575184016824
6846,0.6921,3,0,3,676121,323,125631,625,0.0025582942592827273,0.6592827004219409
6847,0.6923,0,4,0,676125,319,125631,625,0.002526612596629071,0.6620762711864406
6848,0.6925,1,1,1,676126,318,125632,624,0.0025186921809656573,0.6624203821656051
6849,0.6926,0,1,0,676127,317,125632,624,0.002510771765302243,0.6631243358129649
6850,0.6927,2,1,2,676128,316,125634,622,0.002502851349638829,0.6631130063965884
6851,0.6928,1,2,1,676130,314,125635,621,0.002487010518312001,0.6641711229946524
6852,0.6929,1,0,1,676130,314,125636,620,0.002487010518312001,0.6638115631691649
6853,0.693,1,1,1,676131,313,125637,619,0.002479090102648587,0.6641630901287554
6854,0.6931,3,2,3,676133,311,125640,616,0.002463249271321759,0.6645091693635383
6855,0.6932,1,0,1,676133,311,125641,615,0.002463249271321759,0.6641468682505399
6856,0.6933,3,0,3,676133,311,125644,612,0.002463249271321759,0.6630552546045504
6857,0.6934,1,1,1,676134,310,125645,611,0.002455328855658345,0.6634093376764386
6858,0.6936,2,1,2,676135,309,125647,609,0.002447408439994931,0.6633986928104575
6859,0.6937,2,1,2,676136,308,125649,607,0.002439488024331517,0.6633879781420765
6860,0.6939,1,3,1,676139,305,125650,606,0.0024157267773412747,0.6652030735455543
6861,0.694,3,1,3,676140,304,125653,603,0.002407806361677861,0.6648291069459757
6862,0.6941,1,1,1,676141,303,125654,602,0.002399885946014447,0.6651933701657459
6863,0.6942,1,0,1,676141,303,125655,601,0.002399885946014447,0.6648230088495575
6864,0.6944,1,1,1,676142,302,125656,600,0.002391965530351033,0.6651884700665188
6865,0.6945,2,0,2,676142,302,125658,598,0.002391965530351033,0.6644444444444444
6866,0.6946,1,0,1,676142,302,125659,597,0.002391965530351033,0.664071190211346
6867,0.6947,1,6,1,676148,296,125660,596,0.002344443036370549,0.6681614349775785
6868,0.6948,1,0,1,676148,296,125661,595,0.002344443036370549,0.6677890011223344
6869,0.695,2,1,2,676149,295,125663,593,0.0023365226207071347,0.6677927927927928
6870,0.6951,1,0,1,676149,295,125664,592,0.0023365226207071347,0.6674182638105975
6871,0.6952,0,1,0,676150,294,125664,592,0.0023286022050437206,0.6681715575620768
6872,0.6953,0,1,0,676151,293,125664,592,0.0023206817893803066,0.6689265536723163
6873,0.6954,2,0,2,676151,293,125666,590,0.0023206817893803066,0.6681766704416761
6874,0.6957,1,0,1,676151,293,125667,589,0.0023206817893803066,0.6678004535147393
6875,0.6958,1,0,1,676151,293,125668,588,0.0023206817893803066,0.6674233825198638
6876,0.6959,1,0,1,676151,293,125669,587,0.0023206817893803066,0.6670454545454545
6877,0.696,1,0,1,676151,293,125670,586,0.0023206817893803066,0.6666666666666666
6878,0.6962,5,2,5,676153,291,125675,581,0.002304840958053479,0.6662844036697247
6879,0.6964,4,1,4,676154,290,125679,577,0.0022969205423900648,0.6655132641291811
6880,0.6965,1,0,1,676154,290,125680,576,0.0022969205423900648,0.6651270207852193
6881,0.6967,0,1,0,676155,289,125680,576,0.0022890001267266507,0.6658959537572254
6882,0.6968,2,0,2,676155,289,125682,574,0.0022890001267266507,0.6651216685979142
6883,0.697,2,1,2,676156,288,125684,572,0.0022810797110632366,0.6651162790697674
6884,0.6972,1,1,1,676157,287,125685,571,0.0022731592953998225,0.6655011655011654
6885,0.6973,1,0,1,676157,287,125686,570,0.0022731592953998225,0.6651108518086347
6886,0.6974,2,0,2,676157,287,125688,568,0.0022731592953998225,0.664327485380117
6887,0.6975,2,1,2,676158,286,125690,566,0.0022652388797364084,0.6643192488262911
6888,0.6977,2,2,2,676160,284,125692,564,0.0022493980484095807,0.6650943396226415
6889,0.6978,1,0,1,676160,284,125693,563,0.0022493980484095807,0.6646989374262101
6890,0.698,2,2,2,676162,282,125695,561,0.0022335572170827525,0.6654804270462633
6891,0.6981,0,1,0,676163,281,125695,561,0.0022256368014193385,0.666270783847981
6892,0.6982,1,4,1,676167,277,125696,560,0.0021939551387656826,0.6690561529271206
6893,0.6983,2,0,2,676167,277,125698,558,0.0021939551387656826,0.6682634730538922
6894,0.6984,0,1,0,676168,276,125698,558,0.0021860347231022685,0.6690647482014388
6895,0.6985,1,0,1,676168,276,125699,557,0.0021860347231022685,0.6686674669867947
6896,0.6987,1,0,1,676168,276,125700,556,0.0021860347231022685,0.6682692307692307
6897,0.6988,5,0,5,676168,276,125705,551,0.0021860347231022685,0.6662636033857315
6898,0.6989,3,2,3,676170,274,125708,548,0.0021701938917754403,0.6666666666666666
6899,0.699,1,1,1,676171,273,125709,547,0.0021622734761120263,0.6670731707317074
6900,0.6992,3,1,3,676172,272,125712,544,0.002154353060448612,0.6666666666666666
6901,0.6994,1,1,1,676173,271,125713,543,0.0021464326447851985,0.6670761670761671
6902,0.6996,0,3,0,676176,268,125713,543,0.0021226713977949563,0.6695437731196054
6903,0.6997,1,2,1,676178,266,125714,542,0.002106830566468128,0.6707920792079208
6904,0.6998,1,1,1,676179,265,125715,541,0.002098910150804714,0.6712158808933002
6905,0.6999,2,0,2,676179,265,125717,539,0.002098910150804714,0.6703980099502488
6906,0.7,1,1,1,676180,264,125718,538,0.0020909897351413004,0.6708229426433915
6907,0.7002,3,1,3,676181,263,125721,535,0.0020830693194778863,0.6704260651629073
6908,0.7003,2,0,2,676181,263,125723,533,0.0020830693194778863,0.6695979899497487
6909,0.7004,1,0,1,676181,263,125724,532,0.0020830693194778863,0.6691823899371069
6910,0.7005,2,2,2,676183,261,125726,530,0.002067228488151058,0.6700379266750948
6911,0.7006,2,2,2,676185,259,125728,528,0.00205138765682423,0.6709021601016518
6912,0.7007,0,1,0,676186,258,125728,528,0.002043467241160816,0.6717557251908397
6913,0.7008,1,2,1,676188,256,125729,527,0.002027626409833988,0.6730523627075351
6914,0.7009,2,2,2,676190,254,125731,525,0.00201178557850716,0.6739409499358151
6915,0.701,1,0,1,676190,254,125732,524,0.00201178557850716,0.6735218508997429
6916,0.7013,0,2,0,676192,252,125732,524,0.001995944747180332,0.6752577319587629
6917,0.7014,0,3,0,676195,249,125732,524,0.00197218350019009,0.6778783958602846
6918,0.7015,1,0,1,676195,249,125733,523,0.00197218350019009,0.677461139896373
6919,0.7016,2,1,2,676196,248,125735,521,0.001964263084526676,0.6775032509752926
6920,0.7017,0,1,0,676197,247,125735,521,0.001956342668863262,0.6783854166666666
6921,0.7018,0,1,0,676198,246,125735,521,0.001948422253199848,0.6792698826597132
6922,0.7019,3,1,3,676199,245,125738,518,0.001940501837536434,0.6788990825688074
6923,0.702,1,3,1,676202,242,125739,517,0.001916740590546192,0.6811594202898551
6924,0.7021,0,1,0,676203,241,125739,517,0.0019088201748827778,0.6820580474934037
6925,0.7023,0,1,0,676204,240,125739,517,0.0019008997592193638,0.6829590488771466
6926,0.7024,2,0,2,676204,240,125741,515,0.0019008997592193638,0.6821192052980133
6927,0.7026,2,1,2,676205,239,125743,513,0.00189297934355595,0.6821808510638298
6928,0.7027,0,2,0,676207,237,125743,513,0.0018771385122291217,0.684
6929,0.7028,2,2,2,676209,235,125745,511,0.0018612976809022938,0.6849865951742627
6930,0.703,1,0,1,676209,235,125746,510,0.0018612976809022938,0.6845637583892618
6931,0.7032,0,1,0,676210,234,125746,510,0.0018533772652388797,0.6854838709677419
6932,0.7033,4,0,4,676210,234,125750,506,0.0018533772652388797,0.6837837837837838
6933,0.7034,0,1,0,676211,233,125750,506,0.0018454568495754656,0.6847090663058186
6934,0.7035,0,1,0,676212,232,125750,506,0.0018375364339120518,0.6856368563685636
6935,0.7036,3,1,3,676213,231,125753,503,0.0018296160182486377,0.6852861035422343
6936,0.7037,1,0,1,676213,231,125754,502,0.0018296160182486377,0.684856753069577
6937,0.704,1,0,1,676213,231,125755,501,0.0018296160182486377,0.6844262295081968
6938,0.7042,3,0,3,676213,231,125758,498,0.0018296160182486377,0.6831275720164609
6939,0.7043,1,1,1,676214,230,125759,497,0.0018216956025852236,0.6836313617606602
6940,0.7047,0,2,0,676216,228,125759,497,0.0018058547712583957,0.6855172413793104
6941,0.7048,2,0,2,676216,228,125761,495,0.0018058547712583957,0.6846473029045643
6942,0.7049,0,1,0,676217,227,125761,495,0.0017979343555949816,0.685595567867036
6943,0.705,2,1,2,676218,226,125763,493,0.0017900139399315677,0.6856745479833102
6944,0.7052,1,0,1,676218,226,125764,492,0.0017900139399315677,0.6852367688022284
6945,0.7053,2,0,2,676218,226,125766,490,0.0017900139399315677,0.6843575418994413
6946,0.7054,1,1,1,676219,225,125767,489,0.0017820935242681536,0.6848739495798319
6947,0.7057,1,0,1,676219,225,125768,488,0.0017820935242681536,0.6844319775596073
6948,0.706,1,0,1,676219,225,125769,487,0.0017820935242681536,0.6839887640449438
6949,0.7061,1,0,1,676219,225,125770,486,0.0017820935242681536,0.6835443037974683
6950,0.7062,2,0,2,676219,225,125772,484,0.0017820935242681536,0.6826516220028209
6951,0.7063,0,2,0,676221,223,125772,484,0.0017662526929413255,0.6845827439886846
6952,0.7064,1,2,1,676223,221,125773,483,0.0017504118616144975,0.6860795454545454
6953,0.7065,2,0,2,676223,221,125775,481,0.0017504118616144975,0.6851851851851852
6954,0.7066,1,0,1,676223,221,125776,480,0.0017504118616144975,0.6847360912981455
6955,0.7068,1,0,1,676223,221,125777,479,0.0017504118616144975,0.6842857142857143
6956,0.707,1,1,1,676224,220,125778,478,0.0017424914459510834,0.6848137535816619
6957,0.7071,1,1,1,676225,219,125779,477,0.0017345710302876696,0.6853448275862069
6958,0.7072,1,1,1,676226,218,125780,476,0.0017266506146242555,0.6858789625360231
6959,0.7073,0,1,0,676227,217,125780,476,0.0017187301989608414,0.6868686868686869
6960,0.7074,2,0,2,676227,217,125782,474,0.0017187301989608414,0.6859623733719248
6961,0.7075,1,0,1,676227,217,125783,473,0.0017187301989608414,0.6855072463768116
6962,0.7076,0,1,0,676228,216,125783,473,0.0017108097832974276,0.6865021770682148
6963,0.7077,5,1,5,676229,215,125788,468,0.0017028893676340135,0.6852122986822841
6964,0.7078,1,2,1,676231,213,125789,467,0.0016870485363071853,0.6867647058823529
6965,0.7081,0,2,0,676233,211,125789,467,0.0016712077049803574,0.6887905604719764
6966,0.7083,0,2,0,676235,209,125789,467,0.0016553668736535294,0.6908284023668639
6967,0.7084,1,0,1,676235,209,125790,466,0.0016553668736535294,0.6903703703703704
6968,0.7085,2,1,2,676236,208,125792,464,0.0016474464579901153,0.6904761904761905
6969,0.7086,1,1,1,676237,207,125793,463,0.0016395260423267013,0.691044776119403
6970,0.7087,2,0,2,676237,207,125795,461,0.0016395260423267013,0.6901197604790419
6971,0.7089,0,2,0,676239,205,125795,461,0.0016236852109998733,0.6921921921921922
6972,0.709,0,1,0,676240,204,125795,461,0.0016157647953364592,0.6932330827067669
6973,0.7093,1,1,1,676241,203,125796,460,0.0016078443796730452,0.693815987933635
6974,0.7094,1,0,1,676241,203,125797,459,0.0016078443796730452,0.6933534743202417
6975,0.7095,0,1,0,676242,202,125797,459,0.0015999239640096313,0.6944024205748865
6976,0.7097,2,1,2,676243,201,125799,457,0.0015920035483462172,0.6945288753799392
6977,0.7098,1,1,1,676244,200,125800,456,0.0015840831326828031,0.6951219512195121
6978,0.7099,2,2,2,676246,198,125802,454,0.0015682423013559752,0.696319018404908
6979,0.7101,1,0,1,676246,198,125803,453,0.0015682423013559752,0.695852534562212
6980,0.7103,1,0,1,676246,198,125804,452,0.0015682423013559752,0.6953846153846154
6981,0.7104,3,0,3,676246,198,125807,449,0.0015682423013559752,0.6939721792890263
6982,0.7105,2,0,2,676246,198,125809,447,0.0015682423013559752,0.6930232558139535
6983,0.7106,1,1,1,676247,197,125810,446,0.001560321885692561,0.6936236391912908
6984,0.7107,1,1,1,676248,196,125811,445,0.001552401470029147,0.6942277691107644
6985,0.7108,2,0,2,676248,196,125813,443,0.001552401470029147,0.6932707355242567
6986,0.7109,1,1,1,676249,195,125814,442,0.0015444810543657332,0.6938775510204082
6987,0.711,4,2,4,676251,193,125818,438,0.001528640223038905,0.694136291600634
6988,0.7111,0,1,0,676252,192,125818,438,0.0015207198073754911,0.6952380952380952
6989,0.7112,2,0,2,676252,192,125820,436,0.0015207198073754911,0.6942675159235668
6990,0.7113,2,0,2,676252,192,125822,434,0.0015207198073754911,0.6932907348242812
6991,0.7114,2,0,2,676252,192,125824,432,0.0015207198073754911,0.6923076923076923
6992,0.7115,2,1,2,676253,191,125826,430,0.001512799391712077,0.6924315619967794
6993,0.7116,0,3,0,676256,188,125826,430,0.001489038144721835,0.6957928802588996
6994,0.7117,2,0,2,676256,188,125828,428,0.001489038144721835,0.6948051948051948
6995,0.712,1,0,1,676256,188,125829,427,0.001489038144721835,0.6943089430894309
6996,0.7121,1,0,1,676256,188,125830,426,0.001489038144721835,0.6938110749185668
6997,0.7122,2,1,2,676257,187,125832,424,0.001481117729058421,0.6939443535188216
6998,0.7123,1,1,1,676258,186,125833,423,0.0014731973133950069,0.6945812807881774
6999,0.7124,1,0,1,676258,186,125834,422,0.0014731973133950069,0.694078947368421
7000,0.7125,2,1,2,676259,185,125836,420,0.001465276897731593,0.6942148760330579
7001,0.7126,0,1,0,676260,184,125836,420,0.001457356482068179,0.695364238410596
7002,0.7128,1,0,1,676260,184,125837,419,0.001457356482068179,0.6948590381426202
7003,0.7129,1,0,1,676260,184,125838,418,0.001457356482068179,0.6943521594684385
7004,0.713,1,0,1,676260,184,125839,417,0.001457356482068179,0.6938435940099834
7005,0.7132,2,0,2,676260,184,125841,415,0.001457356482068179,0.6928213689482471
7006,0.7133,1,0,1,676260,184,125842,414,0.001457356482068179,0.6923076923076923
7007,0.7134,0,1,0,676261,183,125842,414,0.0014494360664047648,0.6934673366834171
7008,0.7135,2,0,2,676261,183,125844,412,0.0014494360664047648,0.692436974789916
7009,0.7136,0,3,0,676264,180,125844,412,0.0014256748194145228,0.6959459459459459
7010,0.7137,1,0,1,676264,180,125845,411,0.0014256748194145228,0.6954314720812182
7011,0.7138,1,0,1,676264,180,125846,410,0.0014256748194145228,0.6949152542372882
7012,0.7142,1,0,1,676264,180,125847,409,0.0014256748194145228,0.6943972835314092
7013,0.7143,2,0,2,676264,180,125849,407,0.0014256748194145228,0.6933560477001703
7014,0.7144,1,0,1,676264,180,125850,406,0.0014256748194145228,0.6928327645051194
7015,0.7146,1,2,1,676266,178,125851,405,0.0014098339880876949,0.6946826758147513
7016,0.7147,1,0,1,676266,178,125852,404,0.0014098339880876949,0.6941580756013745
7017,0.7148,2,0,2,676266,178,125854,402,0.0014098339880876949,0.6931034482758621
7018,0.7149,1,0,1,676266,178,125855,401,0.0014098339880876949,0.6925734024179621
7019,0.7151,1,1,1,676267,177,125856,400,0.0014019135724242808,0.6932409012131716
7020,0.7152,2,0,2,676267,177,125858,398,0.0014019135724242808,0.6921739130434783
7021,0.7153,1,0,1,676267,177,125859,397,0.0014019135724242808,0.6916376306620209
7022,0.7154,3,0,3,676267,177,125862,394,0.0014019135724242808,0.6900175131348512
7023,0.7158,2,0,2,676267,177,125864,392,0.0014019135724242808,0.6889279437609842
7024,0.716,0,1,0,676268,176,125864,392,0.0013939931567608667,0.6901408450704225
7025,0.7162,1,0,1,676268,176,125865,391,0.0013939931567608667,0.689594356261023
7026,0.7163,2,1,2,676269,175,125867,389,0.0013860727410974528,0.6897163120567376
7027,0.7164,1,1,1,676270,174,125868,388,0.0013781523254340388,0.6903914590747331
7028,0.7165,1,0,1,676270,174,125869,387,0.0013781523254340388,0.6898395721925134
7029,0.7166,1,0,1,676270,174,125870,386,0.0013781523254340388,0.6892857142857143
7030,0.7167,0,1,0,676271,173,125870,386,0.0013702319097706247,0.6905187835420393
7031,0.7168,1,0,1,676271,173,125871,385,0.0013702319097706247,0.6899641577060932
7032,0.7169,1,2,1,676273,171,125872,384,0.0013543910784437967,0.6918918918918919
7033,0.717,1,0,1,676273,171,125873,383,0.0013543910784437967,0.6913357400722022
7034,0.7171,1,0,1,676273,171,125874,382,0.0013543910784437967,0.6907775768535263
7035,0.7172,0,2,0,676275,169,125874,382,0.0013385502471169688,0.6932849364791288
7036,0.7173,4,0,4,676275,169,125878,378,0.0013385502471169688,0.6910420475319927
7037,0.7174,2,0,2,676275,169,125880,376,0.0013385502471169688,0.689908256880734
7038,0.7175,0,1,0,676276,168,125880,376,0.0013306298314535547,0.6911764705882353
7039,0.7177,0,4,0,676280,164,125880,376,0.0012989481687998986,0.6962962962962963
7040,0.7178,1,0,1,676280,164,125881,375,0.0012989481687998986,0.6957328385899815
7041,0.7179,0,1,0,676281,163,125881,375,0.0012910277531364845,0.6970260223048327
7042,0.7181,1,0,1,676281,163,125882,374,0.0012910277531364845,0.6964618249534451
7043,0.7183,0,1,0,676282,162,125882,374,0.0012831073374730707,0.6977611940298507
7044,0.7184,0,1,0,676283,161,125882,374,0.0012751869218096566,0.6990654205607477
7045,0.7186,1,0,1,676283,161,125883,373,0.0012751869218096566,0.6985018726591761
7046,0.7187,0,1,0,676284,160,125883,373,0.0012672665061462425,0.699812382739212
7047,0.7188,0,1,0,676285,159,125883,373,0.0012593460904828286,0.7011278195488722
7048,0.7191,3,1,3,676286,158,125886,370,0.0012514256748194146,0.7007575757575758
7049,0.7193,0,1,0,676287,157,125886,370,0.0012435052591560005,0.7020872865275142
7050,0.7195,1,0,1,676287,157,125887,369,0.0012435052591560005,0.7015209125475285
7051,0.7197,1,0,1,676287,157,125888,368,0.0012435052591560005,0.700952380952381
7052,0.7198,1,0,1,676287,157,125889,367,0.0012435052591560005,0.700381679389313
7053,0.72,1,0,1,676287,157,125890,366,0.0012435052591560005,0.6998087954110899
7054,0.7203,1,0,1,676287,157,125891,365,0.0012435052591560005,0.6992337164750958
7055,0.7205,1,1,1,676288,156,125892,364,0.0012355848434925864,0.7
7056,0.7206,1,1,1,676289,155,125893,363,0.0012276644278291725,0.7007722007722008
7057,0.7207,0,1,0,676290,154,125893,363,0.0012197440121657585,0.7021276595744681
7058,0.7208,0,1,0,676291,153,125893,363,0.0012118235965023444,0.7034883720930233
7059,0.7209,1,0,1,676291,153,125894,362,0.0012118235965023444,0.7029126213592233
7060,0.721,1,0,1,676291,153,125895,361,0.0012118235965023444,0.7023346303501945
7061,0.7211,0,1,0,676292,152,125895,361,0.0012039031808389305,0.7037037037037037
7062,0.7212,0,1,0,676293,151,125895,361,0.0011959827651755164,0.705078125
7063,0.7213,0,1,0,676294,150,125895,361,0.0011880623495121023,0.7064579256360078
7064,0.7214,1,0,1,676294,150,125896,360,0.0011880623495121023,0.7058823529411765
7065,0.7215,1,1,1,676295,149,125897,359,0.0011801419338486885,0.7066929133858267
7066,0.7219,1,2,1,676297,147,125898,358,0.0011643011025218603,0.7089108910891089
7067,0.7222,2,0,2,676297,147,125900,356,0.0011643011025218603,0.7077534791252486
7068,0.7223,2,1,2,676298,146,125902,354,0.0011563806868584462,0.708
7069,0.7224,2,0,2,676298,146,125904,352,0.0011563806868584462,0.7068273092369478
7070,0.7225,1,0,1,676298,146,125905,351,0.0011563806868584462,0.7062374245472837
7071,0.7227,0,2,0,676300,144,125905,351,0.0011405398555316183,0.7090909090909091
7072,0.723,1,0,1,676300,144,125906,350,0.0011405398555316183,0.708502024291498
7073,0.7232,0,1,0,676301,143,125906,350,0.0011326194398682042,0.7099391480730223
7074,0.7233,1,0,1,676301,143,125907,349,0.0011326194398682042,0.709349593495935
7075,0.7235,1,0,1,676301,143,125908,348,0.0011326194398682042,0.7087576374745418
7076,0.7236,4,0,4,676301,143,125912,344,0.0011326194398682042,0.7063655030800822
7077,0.7237,1,0,1,676301,143,125913,343,0.0011326194398682042,0.7057613168724279
7078,0.7239,1,1,1,676302,142,125914,342,0.0011246990242047904,0.7066115702479339
7079,0.724,0,1,0,676303,141,125914,342,0.0011167786085413763,0.7080745341614907
7080,0.7241,2,0,2,676303,141,125916,340,0.0011167786085413763,0.7068607068607069
7081,0.7242,0,1,0,676304,140,125916,340,0.0011088581928779622,0.7083333333333334
7082,0.7243,1,0,1,676304,140,125917,339,0.0011088581928779622,0.7077244258872651
7083,0.7244,4,1,4,676305,139,125921,335,0.0011009377772145481,0.7067510548523207
7084,0.7246,1,0,1,676305,139,125922,334,0.0011009377772145481,0.7061310782241015
7085,0.7247,1,0,1,676305,139,125923,333,0.0011009377772145481,0.7055084745762712
7086,0.7248,1,1,1,676306,138,125924,332,0.0010930173615511342,0.7063829787234043
7087,0.7249,1,0,1,676306,138,125925,331,0.0010930173615511342,0.7057569296375267
7088,0.725,2,0,2,676306,138,125927,329,0.0010930173615511342,0.7044967880085653
7089,0.7252,1,0,1,676306,138,125928,328,0.0010930173615511342,0.703862660944206
7090,0.7255,1,1,1,676307,137,125929,327,0.0010850969458877202,0.7047413793103449
7091,0.7257,1,0,1,676307,137,125930,326,0.0010850969458877202,0.7041036717062635
7092,0.7259,2,0,2,676307,137,125932,324,0.0010850969458877202,0.702819956616052
7093,0.7263,1,0,1,676307,137,125933,323,0.0010850969458877202,0.7021739130434783
7094,0.7264,2,0,2,676307,137,125935,321,0.0010850969458877202,0.7008733624454149
7095,0.7266,1,2,1,676309,135,125936,320,0.0010692561145608922,0.7032967032967034
7096,0.7268,1,0,1,676309,135,125937,319,0.0010692561145608922,0.7026431718061674
7097,0.7269,1,0,1,676309,135,125938,318,0.0010692561145608922,0.7019867549668874
7098,0.727,1,0,1,676309,135,125939,317,0.0010692561145608922,0.7013274336283186
7099,0.7271,1,1,1,676310,134,125940,316,0.0010613356988974781,0.7022222222222222
7100,0.7272,1,0,1,676310,134,125941,315,0.0010613356988974781,0.7015590200445434
7101,0.7273,1,0,1,676310,134,125942,314,0.0010613356988974781,0.7008928571428571
7102,0.7274,0,1,0,676311,133,125942,314,0.001053415283234064,0.7024608501118568
7103,0.7275,1,0,1,676311,133,125943,313,0.001053415283234064,0.7017937219730942
7104,0.7276,1,0,1,676311,133,125944,312,0.001053415283234064,0.701123595505618
7105,0.7279,1,0,1,676311,133,125945,311,0.001053415283234064,0.7004504504504504
7106,0.728,2,0,2,676311,133,125947,309,0.001053415283234064,0.6990950226244343
7107,0.7282,0,1,0,676312,132,125947,309,0.0010454948675706502,0.7006802721088435
7108,0.7284,0,1,0,676313,131,125947,309,0.0010375744519072361,0.7022727272727273
7109,0.7285,2,0,2,676313,131,125949,307,0.0010375744519072361,0.7009132420091324
7110,0.7286,1,1,1,676314,130,125950,306,0.001029654036243822,0.7018348623853211
7111,0.7287,2,0,2,676314,130,125952,304,0.001029654036243822,0.7004608294930875
7112,0.7288,1,0,1,676314,130,125953,303,0.001029654036243822,0.6997690531177829
7113,0.7289,0,1,0,676315,129,125953,303,0.001021733620580408,0.7013888888888888
7114,0.729,1,0,1,676315,129,125954,302,0.001021733620580408,0.7006960556844548
7115,0.7291,1,0,1,676315,129,125955,301,0.001021733620580408,0.7
7116,0.7293,3,1,3,676316,128,125958,298,0.001013813204916994,0.6995305164319249
7117,0.7294,1,0,1,676316,128,125959,297,0.001013813204916994,0.6988235294117647
7118,0.7295,1,1,1,676317,127,125960,296,0.00100589278925358,0.6997635933806147
7119,0.7297,1,0,1,676317,127,125961,295,0.00100589278925358,0.6990521327014217
7120,0.7299,0,1,0,676318,126,125961,295,0.000997972373590166,0.7007125890736342
7121,0.73,0,1,0,676319,125,125961,295,0.000990051957926752,0.7023809523809523
7122,0.7301,1,1,1,676320,124,125962,294,0.000982131542263338,0.7033492822966507
7123,0.7302,1,0,1,676320,124,125963,293,0.000982131542263338,0.7026378896882494
7124,0.7303,1,1,1,676321,123,125964,292,0.000974211126599924,0.7036144578313253
7125,0.7306,1,1,1,676322,122,125965,291,0.0009662907109365099,0.7046004842615012
7126,0.7308,2,0,2,676322,122,125967,289,0.0009662907109365099,0.7031630170316302
7127,0.731,1,0,1,676322,122,125968,288,0.0009662907109365099,0.7024390243902439
7128,0.7311,1,1,1,676323,121,125969,287,0.000958370295273096,0.7034313725490197
7129,0.7312,1,0,1,676323,121,125970,286,0.000958370295273096,0.7027027027027027
7130,0.7313,1,0,1,676323,121,125971,285,0.000958370295273096,0.7019704433497537
7131,0.7314,0,1,0,676324,120,125971,285,0.0009504498796096819,0.7037037037037037
7132,0.7315,0,1,0,676325,119,125971,285,0.0009425294639462679,0.7054455445544554
7133,0.7316,1,0,1,676325,119,125972,284,0.0009425294639462679,0.7047146401985112
7134,0.7321,0,1,0,676326,118,125972,284,0.0009346090482828539,0.7064676616915423
7135,0.7322,2,0,2,676326,118,125974,282,0.0009346090482828539,0.705
7136,0.7323,0,1,0,676327,117,125974,282,0.0009266886326194399,0.706766917293233
7137,0.7325,1,2,1,676329,115,125975,281,0.0009108478012926118,0.7095959595959596
7138,0.7326,1,0,1,676329,115,125976,280,0.0009108478012926118,0.7088607594936709
7139,0.7327,2,1,2,676330,114,125978,278,0.0009029273856291978,0.7091836734693877
7140,0.733,1,0,1,676330,114,125979,277,0.0009029273856291978,0.7084398976982097
7141,0.7333,0,1,0,676331,113,125979,277,0.0008950069699657839,0.7102564102564103
7142,0.7334,1,0,1,676331,113,125980,276,0.0008950069699657839,0.7095115681233933
7143,0.7335,1,0,1,676331,113,125981,275,0.0008950069699657839,0.7087628865979382
7144,0.7336,2,0,2,676331,113,125983,273,0.0008950069699657839,0.7072538860103627
7145,0.7337,2,0,2,676331,113,125985,271,0.0008950069699657839,0.7057291666666666
7146,0.7343,0,1,0,676332,112,125985,271,0.0008870865543023698,0.7075718015665796
7147,0.7344,1,0,1,676332,112,125986,270,0.0008870865543023698,0.7068062827225131
7148,0.7345,1,0,1,676332,112,125987,269,0.0008870865543023698,0.7060367454068242
7149,0.7349,0,1,0,676333,111,125987,269,0.0008791661386389558,0.7078947368421052
7150,0.735,1,0,1,676333,111,125988,268,0.0008791661386389558,0.7071240105540897
7151,0.7354,1,1,1,676334,110,125989,267,0.0008712457229755417,0.7082228116710876
7152,0.7355,2,0,2,676334,110,125991,265,0.0008712457229755417,0.7066666666666667
7153,0.7356,0,1,0,676335,109,125991,265,0.0008633253073121277,0.7085561497326203
7154,0.7357,0,1,0,676336,108,125991,265,0.0008554048916487138,0.710455764075067
7155,0.7358,0,1,0,676337,107,125991,265,0.0008474844759852997,0.7123655913978495
7156,0.7359,1,0,1,676337,107,125992,264,0.0008474844759852997,0.7115902964959568
7157,0.736,0,1,0,676338,106,125992,264,0.0008395640603218857,0.7135135135135136
7158,0.7361,1,1,1,676339,105,125993,263,0.0008316436446584716,0.7146739130434783
7159,0.7363,1,0,1,676339,105,125994,262,0.0008316436446584716,0.7138964577656676
7160,0.7366,1,0,1,676339,105,125995,261,0.0008316436446584716,0.7131147540983607
7161,0.7367,2,0,2,676339,105,125997,259,0.0008316436446584716,0.7115384615384616
7162,0.7369,2,0,2,676339,105,125999,257,0.0008316436446584716,0.7099447513812155
7163,0.737,1,1,1,676340,104,126000,256,0.0008237232289950577,0.7111111111111111
7164,0.7371,0,1,0,676341,103,126000,256,0.0008158028133316436,0.713091922005571
7165,0.7372,2,0,2,676341,103,126002,254,0.0008158028133316436,0.711484593837535
7166,0.7373,1,0,1,676341,103,126003,253,0.0008158028133316436,0.7106741573033708
7167,0.7374,1,0,1,676341,103,126004,252,0.0008158028133316436,0.7098591549295775
7168,0.7375,2,0,2,676341,103,126006,250,0.0008158028133316436,0.7082152974504249
7169,0.7379,1,0,1,676341,103,126007,249,0.0008158028133316436,0.7073863636363636
7170,0.7381,2,0,2,676341,103,126009,247,0.0008158028133316436,0.7057142857142857
7171,0.7382,2,0,2,676341,103,126011,245,0.0008158028133316436,0.7040229885057471
7172,0.7384,1,0,1,676341,103,126012,244,0.0008158028133316436,0.7031700288184438
7173,0.7385,1,0,1,676341,103,126013,243,0.0008158028133316436,0.7023121387283237
7174,0.7388,0,1,0,676342,102,126013,243,0.0008078823976682296,0.7043478260869566
7175,0.7389,1,0,1,676342,102,126014,242,0.0008078823976682296,0.7034883720930233
7176,0.739,1,0,1,676342,102,126015,241,0.0008078823976682296,0.7026239067055393
7177,0.7391,1,0,1,676342,102,126016,240,0.0008078823976682296,0.7017543859649122
7178,0.7392,3,1,3,676343,101,126019,237,0.0007999619820048156,0.7011834319526628
7179,0.7393,0,1,0,676344,100,126019,237,0.0007920415663414016,0.7032640949554896
7180,0.7395,0,2,0,676346,98,126019,237,0.0007762007350145735,0.7074626865671642
7181,0.7398,1,0,1,676346,98,126020,236,0.0007762007350145735,0.7065868263473054
7182,0.7399,1,0,1,676346,98,126021,235,0.0007762007350145735,0.7057057057057057
7183,0.74,1,0,1,676346,98,126022,234,0.0007762007350145735,0.7048192771084337
7184,0.7404,2,0,2,676346,98,126024,232,0.0007762007350145735,0.703030303030303
7185,0.7405,3,0,3,676346,98,126027,229,0.0007762007350145735,0.7003058103975535
7186,0.7407,1,1,1,676347,97,126028,228,0.0007682803193511595,0.7015384615384616
7187,0.7408,1,0,1,676347,97,126029,227,0.0007682803193511595,0.7006172839506173
7188,0.741,0,1,0,676348,96,126029,227,0.0007603599036877456,0.7027863777089783
7189,0.7413,1,0,1,676348,96,126030,226,0.0007603599036877456,0.7018633540372671
7190,0.7414,2,1,2,676349,95,126032,224,0.0007524394880243315,0.7021943573667712
7191,0.7415,0,1,0,676350,94,126032,224,0.0007445190723609175,0.7044025157232704
7192,0.7416,1,0,1,676350,94,126033,223,0.0007445190723609175,0.7034700315457413
7193,0.7417,0,1,0,676351,93,126033,223,0.0007365986566975034,0.7056962025316456
7194,0.7418,1,1,1,676352,92,126034,222,0.0007286782410340895,0.7070063694267515
7195,0.742,2,0,2,676352,92,126036,220,0.0007286782410340895,0.7051282051282052
7196,0.7422,1,0,1,676352,92,126037,219,0.0007286782410340895,0.7041800643086816
7197,0.7423,2,0,2,676352,92,126039,217,0.0007286782410340895,0.7022653721682848
7198,0.7426,1,0,1,676352,92,126040,216,0.0007286782410340895,0.7012987012987013
7199,0.7428,1,0,1,676352,92,126041,215,0.0007286782410340895,0.7003257328990228
7200,0.743,3,0,3,676352,92,126044,212,0.0007286782410340895,0.6973684210526315
7201,0.7433,2,1,2,676353,91,126046,210,0.0007207578253706755,0.6976744186046512
7202,0.7434,0,2,0,676355,89,126046,210,0.0007049169940438474,0.7023411371237458
7203,0.7436,0,1,0,676356,88,126046,210,0.0006969965783804334,0.7046979865771812
7204,0.7437,0,1,0,676357,87,126046,210,0.0006890761627170194,0.7070707070707071
7205,0.7438,1,0,1,676357,87,126047,209,0.0006890761627170194,0.706081081081081
7206,0.7439,1,0,1,676357,87,126048,208,0.0006890761627170194,0.7050847457627119
7207,0.7441,1,0,1,676357,87,126049,207,0.0006890761627170194,0.7040816326530612
7208,0.7442,0,1,0,676358,86,126049,207,0.0006811557470536054,0.7064846416382252
7209,0.7444,1,0,1,676358,86,126050,206,0.0006811557470536054,0.7054794520547946
7210,0.7447,1,0,1,676358,86,126051,205,0.0006811557470536054,0.7044673539518901
7211,0.7448,1,0,1,676358,86,126052,204,0.0006811557470536054,0.7034482758620689
7212,0.7449,1,0,1,676358,86,126053,203,0.0006811557470536054,0.7024221453287197
7213,0.745,2,0,2,676358,86,126055,201,0.0006811557470536054,0.7003484320557491
7214,0.7451,1,0,1,676358,86,126056,200,0.0006811557470536054,0.6993006993006993
7215,0.7457,3,0,3,676358,86,126059,197,0.0006811557470536054,0.696113074204947
7216,0.7461,2,0,2,676358,86,126061,195,0.0006811557470536054,0.693950177935943
7217,0.7469,1,2,1,676360,84,126062,194,0.0006653149157267774,0.697841726618705
7218,0.747,0,1,0,676361,83,126062,194,0.0006573945000633633,0.7003610108303249
7219,0.7472,1,2,1,676363,81,126063,193,0.0006415536687365353,0.7043795620437956
7220,0.7474,1,0,1,676363,81,126064,192,0.0006415536687365353,0.7032967032967034
7221,0.7475,0,2,0,676365,79,126064,192,0.0006257128374097073,0.7084870848708487
7222,0.7476,1,0,1,676365,79,126065,191,0.0006257128374097073,0.7074074074074074
7223,0.7484,1,0,1,676365,79,126066,190,0.0006257128374097073,0.7063197026022305
7224,0.7485,1,0,1,676365,79,126067,189,0.0006257128374097073,0.7052238805970149
7225,0.7486,1,0,1,676365,79,126068,188,0.0006257128374097073,0.704119850187266
7226,0.7487,0,1,0,676366,78,126068,188,0.0006177924217462932,0.706766917293233
7227,0.7489,0,1,0,676367,77,126068,188,0.0006098720060828792,0.7094339622641509
7228,0.749,1,0,1,676367,77,126069,187,0.0006098720060828792,0.7083333333333334
7229,0.7492,0,1,0,676368,76,126069,187,0.0006019515904194653,0.7110266159695817
7230,0.7493,0,1,0,676369,75,126069,187,0.0005940311747560512,0.7137404580152672
7231,0.7494,1,0,1,676369,75,126070,186,0.0005940311747560512,0.7126436781609196
7232,0.7495,1,1,1,676370,74,126071,185,0.0005861107590926372,0.7142857142857143
7233,0.7497,1,0,1,676370,74,126072,184,0.0005861107590926372,0.7131782945736435
7234,0.7498,1,0,1,676370,74,126073,183,0.0005861107590926372,0.7120622568093385
7235,0.7499,0,1,0,676371,73,126073,183,0.0005781903434292231,0.71484375
7236,0.7502,2,0,2,676371,73,126075,181,0.0005781903434292231,0.7125984251968503
7237,0.7503,1,1,1,676372,72,126076,180,0.0005702699277658091,0.7142857142857143
7238,0.7504,1,0,1,676372,72,126077,179,0.0005702699277658091,0.7131474103585658
7239,0.7505,0,1,0,676373,71,126077,179,0.0005623495121023952,0.716
7240,0.7507,1,1,1,676374,70,126078,178,0.0005544290964389811,0.717741935483871
7241,0.7508,0,2,0,676376,68,126078,178,0.000538588265112153,0.7235772357723578
7242,0.751,1,0,1,676376,68,126079,177,0.000538588265112153,0.7224489795918367
7243,0.7513,1,0,1,676376,68,126080,176,0.000538588265112153,0.7213114754098361
7244,0.7516,0,1,0,676377,67,126080,176,0.0005306678494487391,0.7242798353909465
7245,0.7517,0,1,0,676378,66,126080,176,0.0005227474337853251,0.7272727272727273
7246,0.7518,0,1,0,676379,65,126080,176,0.000514827018121911,0.7302904564315352
7247,0.752,1,0,1,676379,65,126081,175,0.000514827018121911,0.7291666666666666
7248,0.7523,2,1,2,676380,64,126083,173,0.000506906602458497,0.729957805907173
7249,0.7524,2,0,2,676380,64,126085,171,0.000506906602458497,0.7276595744680852
7250,0.753,0,1,0,676381,63,126085,171,0.000498986186795083,0.7307692307692307
7251,0.7534,1,0,1,676381,63,126086,170,0.000498986186795083,0.7296137339055794
7252,0.7535,1,0,1,676381,63,126087,169,0.000498986186795083,0.728448275862069
7253,0.7536,1,1,1,676382,62,126088,168,0.000491065771131669,0.7304347826086957
7254,0.7538,0,1,0,676383,61,126088,168,0.00048314535546825497,0.7336244541484717
7255,0.7539,1,0,1,676383,61,126089,167,0.00048314535546825497,0.7324561403508771
7256,0.7541,1,1,1,676384,60,126090,166,0.00047522493980484094,0.7345132743362832
7257,0.7545,1,0,1,676384,60,126091,165,0.00047522493980484094,0.7333333333333333
7258,0.7548,2,0,2,676384,60,126093,163,0.00047522493980484094,0.7309417040358744
7259,0.7549,1,0,1,676384,60,126094,162,0.00047522493980484094,0.7297297297297297
7260,0.7551,2,0,2,676384,60,126096,160,0.00047522493980484094,0.7272727272727273
7261,0.7553,1,0,1,676384,60,126097,159,0.00047522493980484094,0.726027397260274
7262,0.7555,1,0,1,676384,60,126098,158,0.00047522493980484094,0.7247706422018348
7263,0.7556,2,0,2,676384,60,126100,156,0.00047522493980484094,0.7222222222222222
7264,0.756,2,0,2,676384,60,126102,154,0.00047522493980484094,0.719626168224299
7265,0.7561,1,0,1,676384,60,126103,153,0.00047522493980484094,0.7183098591549296
7266,0.7563,1,0,1,676384,60,126104,152,0.00047522493980484094,0.7169811320754716
7267,0.7565,0,1,0,676385,59,126104,152,0.00046730452414142697,0.7203791469194313
7268,0.7569,1,0,1,676385,59,126105,151,0.00046730452414142697,0.719047619047619
7269,0.757,0,1,0,676386,58,126105,151,0.00045938410847801294,0.722488038277512
7270,0.7573,0,1,0,676387,57,126105,151,0.0004514636928145989,0.7259615384615384
7271,0.7574,1,0,1,676387,57,126106,150,0.0004514636928145989,0.7246376811594203
7272,0.7575,2,0,2,676387,57,126108,148,0.0004514636928145989,0.7219512195121951
7273,0.7576,1,0,1,676387,57,126109,147,0.0004514636928145989,0.7205882352941176
7274,0.7578,1,0,1,676387,57,126110,146,0.0004514636928145989,0.7192118226600985
7275,0.758,2,0,2,676387,57,126112,144,0.0004514636928145989,0.7164179104477612
7276,0.759,1,0,1,676387,57,126113,143,0.0004514636928145989,0.715
7277,0.7591,0,1,0,676388,56,126113,143,0.0004435432771511849,0.7185929648241206
7278,0.7594,0,1,0,676389,55,126113,143,0.00043562286148777086,0.7222222222222222
7279,0.7597,1,0,1,676389,55,126114,142,0.00043562286148777086,0.7208121827411168
7280,0.7599,3,0,3,676389,55,126117,139,0.00043562286148777086,0.7164948453608248
7281,0.76,0,2,0,676391,53,126117,139,0.00041978203016094286,0.7239583333333334
7282,0.7604,1,0,1,676391,53,126118,138,0.00041978203016094286,0.7225130890052356
7283,0.7607,1,0,1,676391,53,126119,137,0.00041978203016094286,0.7210526315789474
7284,0.7608,2,0,2,676391,53,126121,135,0.00041978203016094286,0.7180851063829787
7285,0.761,0,1,0,676392,52,126121,135,0.00041186161449752884,0.7219251336898396
7286,0.7613,1,0,1,676392,52,126122,134,0.00041186161449752884,0.7204301075268817
7287,0.7616,1,0,1,676392,52,126123,133,0.00041186161449752884,0.7189189189189189
7288,0.762,1,1,1,676393,51,126124,132,0.0004039411988341148,0.7213114754098361
7289,0.7624,1,0,1,676393,51,126125,131,0.0004039411988341148,0.7197802197802198
7290,0.7625,1,1,1,676394,50,126126,130,0.0003960207831707008,0.7222222222222222
7291,0.7626,1,0,1,676394,50,126127,129,0.0003960207831707008,0.7206703910614525
7292,0.763,0,1,0,676395,49,126127,129,0.00038810036750728676,0.7247191011235955
7293,0.7631,1,0,1,676395,49,126128,128,0.00038810036750728676,0.7231638418079096
7294,0.7639,1,0,1,676395,49,126129,127,0.00038810036750728676,0.7215909090909091
7295,0.764,0,1,0,676396,48,126129,127,0.0003801799518438728,0.7257142857142858
7296,0.7641,1,0,1,676396,48,126130,126,0.0003801799518438728,0.7241379310344828
7297,0.7642,0,1,0,676397,47,126130,126,0.00037225953618045876,0.7283236994219653
7298,0.7645,0,1,0,676398,46,126130,126,0.00036433912051704473,0.7325581395348837
7299,0.7648,1,0,1,676398,46,126131,125,0.00036433912051704473,0.7309941520467836
7300,0.7649,0,1,0,676399,45,126131,125,0.0003564187048536307,0.7352941176470589
7301,0.765,1,0,1,676399,45,126132,124,0.0003564187048536307,0.7337278106508875
7302,0.7652,0,1,0,676400,44,126132,124,0.0003484982891902167,0.7380952380952381
7303,0.7655,0,1,0,676401,43,126132,124,0.0003405778735268027,0.7425149700598802
7304,0.7656,4,0,4,676401,43,126136,120,0.0003405778735268027,0.7361963190184049
7305,0.7663,1,0,1,676401,43,126137,119,0.0003405778735268027,0.7345679012345679
7306,0.7664,0,1,0,676402,42,126137,119,0.0003326574578633887,0.7391304347826086
7307,0.7667,0,1,0,676403,41,126137,119,0.00032473704219997465,0.74375
7308,0.7669,1,0,1,676403,41,126138,118,0.00032473704219997465,0.7421383647798742
7309,0.7673,0,1,0,676404,40,126138,118,0.0003168166265365606,0.7468354430379747
7310,0.7675,1,0,1,676404,40,126139,117,0.0003168166265365606,0.7452229299363057
7311,0.7677,1,0,1,676404,40,126140,116,0.0003168166265365606,0.7435897435897436
7312,0.768,1,0,1,676404,40,126141,115,0.0003168166265365606,0.7419354838709677
7313,0.7684,1,0,1,676404,40,126142,114,0.0003168166265365606,0.7402597402597403
7314,0.7685,1,0,1,676404,40,126143,113,0.0003168166265365606,0.738562091503268
7315,0.7687,1,0,1,676404,40,126144,112,0.0003168166265365606,0.7368421052631579
7316,0.7689,1,0,1,676404,40,126145,111,0.0003168166265365606,0.7350993377483444
7317,0.7694,3,0,3,676404,40,126148,108,0.0003168166265365606,0.7297297297297297
7318,0.7695,1,0,1,676404,40,126149,107,0.0003168166265365606,0.7278911564625851
7319,0.7696,1,0,1,676404,40,126150,106,0.0003168166265365606,0.726027397260274
7320,0.7697,2,0,2,676404,40,126152,104,0.0003168166265365606,0.7222222222222222
7321,0.7698,0,1,0,676405,39,126152,104,0.0003088962108731466,0.7272727272727273
7322,0.7704,0,1,0,676406,38,126152,104,0.00030097579520973263,0.7323943661971831
7323,0.7705,0,1,0,676407,37,126152,104,0.0002930553795463186,0.7375886524822695
7324,0.7708,0,1,0,676408,36,126152,104,0.0002851349638829046,0.7428571428571429
7325,0.7709,0,1,0,676409,35,126152,104,0.00027721454821949055,0.7482014388489209
7326,0.7712,0,1,0,676410,34,126152,104,0.0002692941325560765,0.7536231884057971
7327,0.7714,1,0,1,676410,34,126153,103,0.0002692941325560765,0.7518248175182481
7328,0.772,2,1,2,676411,33,126155,101,0.00026137371689266255,0.753731343283582
7329,0.7721,1,0,1,676411,33,126156,100,0.00026137371689266255,0.7518796992481203
7330,0.7725,1,1,1,676412,32,126157,99,0.0002534533012292485,0.7557251908396947
7331,0.7726,1,0,1,676412,32,126158,98,0.0002534533012292485,0.7538461538461538
7332,0.7736,1,1,1,676413,31,126159,97,0.0002455328855658345,0.7578125
7333,0.7737,1,1,1,676414,30,126160,96,0.00023761246990242047,0.7619047619047619
7334,0.7739,3,0,3,676414,30,126163,93,0.00023761246990242047,0.7560975609756098
7335,0.774,2,0,2,676414,30,126165,91,0.00023761246990242047,0.7520661157024794
7336,0.7742,1,0,1,676414,30,126166,90,0.00023761246990242047,0.75
7337,0.7746,1,0,1,676414,30,126167,89,0.00023761246990242047,0.7478991596638656
7338,0.7747,1,0,1,676414,30,126168,88,0.00023761246990242047,0.7457627118644068
7339,0.7749,1,0,1,676414,30,126169,87,0.00023761246990242047,0.7435897435897436
7340,0.775,0,1,0,676415,29,126169,87,0.00022969205423900647,0.75
7341,0.7751,0,1,0,676416,28,126169,87,0.00022177163857559244,0.7565217391304347
7342,0.7754,0,1,0,676417,27,126169,87,0.00021385122291217844,0.7631578947368421
7343,0.7759,0,1,0,676418,26,126169,87,0.00020593080724876442,0.7699115044247787
7344,0.776,0,1,0,676419,25,126169,87,0.0001980103915853504,0.7767857142857143
7345,0.7764,1,0,1,676419,25,126170,86,0.0001980103915853504,0.7747747747747747
7346,0.7767,3,0,3,676419,25,126173,83,0.0001980103915853504,0.7685185185185185
7347,0.7768,1,0,1,676419,25,126174,82,0.0001980103915853504,0.7663551401869159
7348,0.777,1,0,1,676419,25,126175,81,0.0001980103915853504,0.7641509433962265
7349,0.7778,2,0,2,676419,25,126177,79,0.0001980103915853504,0.7596153846153846
7350,0.7779,1,0,1,676419,25,126178,78,0.0001980103915853504,0.7572815533980582
7351,0.7783,1,0,1,676419,25,126179,77,0.0001980103915853504,0.7549019607843137
7352,0.7788,1,0,1,676419,25,126180,76,0.0001980103915853504,0.7524752475247525
7353,0.7792,1,0,1,676419,25,126181,75,0.0001980103915853504,0.75
7354,0.7794,1,0,1,676419,25,126182,74,0.0001980103915853504,0.7474747474747475
7355,0.7802,1,0,1,676419,25,126183,73,0.0001980103915853504,0.7448979591836735
7356,0.7803,1,0,1,676419,25,126184,72,0.0001980103915853504,0.7422680412371134
7357,0.7804,1,0,1,676419,25,126185,71,0.0001980103915853504,0.7395833333333334
7358,0.781,0,1,0,676420,24,126185,71,0.0001900899759219364,0.7473684210526316
7359,0.7822,1,0,1,676420,24,126186,70,0.0001900899759219364,0.7446808510638298
7360,0.7828,1,0,1,676420,24,126187,69,0.0001900899759219364,0.7419354838709677
7361,0.7829,1,0,1,676420,24,126188,68,0.0001900899759219364,0.7391304347826086
7362,0.783,1,0,1,676420,24,126189,67,0.0001900899759219364,0.7362637362637363
7363,0.7839,2,0,2,676420,24,126191,65,0.0001900899759219364,0.7303370786516854
7364,0.7843,1,0,1,676420,24,126192,64,0.0001900899759219364,0.7272727272727273
7365,0.7846,1,1,1,676421,23,126193,63,0.00018216956025852237,0.7325581395348837
7366,0.7847,1,0,1,676421,23,126194,62,0.00018216956025852237,0.7294117647058823
7367,0.7849,1,0,1,676421,23,126195,61,0.00018216956025852237,0.7261904761904762
7368,0.7857,0,1,0,676422,22,126195,61,0.00017424914459510834,0.7349397590361446
7369,0.7868,1,0,1,676422,22,126196,60,0.00017424914459510834,0.7317073170731707
7370,0.7869,1,0,1,676422,22,126197,59,0.00017424914459510834,0.7283950617283951
7371,0.7872,0,1,0,676423,21,126197,59,0.00016632872893169434,0.7375
7372,0.7878,1,0,1,676423,21,126198,58,0.00016632872893169434,0.7341772151898734
7373,0.788,3,0,3,676423,21,126201,55,0.00016632872893169434,0.7236842105263158
7374,0.7882,0,1,0,676424,20,126201,55,0.0001584083132682803,0.7333333333333333
7375,0.7886,0,1,0,676425,19,126201,55,0.00015048789760486631,0.7432432432432432
7376,0.7895,0,1,0,676426,18,126201,55,0.0001425674819414523,0.7534246575342466
7377,0.7896,1,0,1,676426,18,126202,54,0.0001425674819414523,0.75
7378,0.7897,1,0,1,676426,18,126203,53,0.0001425674819414523,0.7464788732394366
7379,0.7902,1,0,1,676426,18,126204,52,0.0001425674819414523,0.7428571428571429
7380,0.7916,1,0,1,676426,18,126205,51,0.0001425674819414523,0.7391304347826086
7381,0.7922,0,1,0,676427,17,126205,51,0.00013464706627803826,0.75
7382,0.7933,0,1,0,676428,16,126205,51,0.00012672665061462426,0.7611940298507462
7383,0.7944,1,0,1,676428,16,126206,50,0.00012672665061462426,0.7575757575757576
7384,0.7945,1,0,1,676428,16,126207,49,0.00012672665061462426,0.7538461538461538
7385,0.7947,1,0,1,676428,16,126208,48,0.00012672665061462426,0.75
7386,0.796,0,1,0,676429,15,126208,48,0.00011880623495121023,0.7619047619047619
7387,0.7965,0,1,0,676430,14,126208,48,0.00011088581928779622,0.7741935483870968
7388,0.7967,0,1,0,676431,13,126208,48,0.00010296540362438221,0.7868852459016393
7389,0.7969,1,0,1,676431,13,126209,47,0.00010296540362438221,0.7833333333333333
7390,0.797,1,0,1,676431,13,126210,46,0.00010296540362438221,0.7796610169491526
7391,0.7972,0,1,0,676432,12,126210,46,9.50449879609682e-05,0.7931034482758621
7392,0.7976,1,0,1,676432,12,126211,45,9.50449879609682e-05,0.7894736842105263
7393,0.7978,1,0,1,676432,12,126212,44,9.50449879609682e-05,0.7857142857142857
7394,0.7979,1,0,1,676432,12,126213,43,9.50449879609682e-05,0.7818181818181819
7395,0.7994,1,0,1,676432,12,126214,42,9.50449879609682e-05,0.7777777777777778
7396,0.8005,0,1,0,676433,11,126214,42,8.712457229755417e-05,0.7924528301886793
7397,0.8006,1,0,1,676433,11,126215,41,8.712457229755417e-05,0.7884615384615384
7398,0.8007,1,1,1,676434,10,126216,40,7.920415663414016e-05,0.8
7399,0.8013,1,1,1,676435,9,126217,39,7.128374097072614e-05,0.8125
7400,0.803,1,0,1,676435,9,126218,38,7.128374097072614e-05,0.8085106382978723
7401,0.8035,1,1,1,676436,8,126219,37,6.336332530731213e-05,0.8222222222222222
7402,0.8055,1,0,1,676436,8,126220,36,6.336332530731213e-05,0.8181818181818182
7403,0.8062,1,0,1,676436,8,126221,35,6.336332530731213e-05,0.813953488372093
7404,0.8064,1,0,1,676436,8,126222,34,6.336332530731213e-05,0.8095238095238095
7405,0.8074,1,0,1,676436,8,126223,33,6.336332530731213e-05,0.8048780487804879
7406,0.8078,1,0,1,676436,8,126224,32,6.336332530731213e-05,0.8
7407,0.8082,0,1,0,676437,7,126224,32,5.544290964389811e-05,0.8205128205128205
7408,0.809,1,0,1,676437,7,126225,31,5.544290964389811e-05,0.8157894736842105
7409,0.8091,1,0,1,676437,7,126226,30,5.544290964389811e-05,0.8108108108108109
7410,0.8094,1,0,1,676437,7,126227,29,5.544290964389811e-05,0.8055555555555556
7411,0.8098,1,0,1,676437,7,126228,28,5.544290964389811e-05,0.8
7412,0.8114,1,0,1,676437,7,126229,27,5.544290964389811e-05,0.7941176470588235
7413,0.8139,1,0,1,676437,7,126230,26,5.544290964389811e-05,0.7878787878787878
7414,0.8162,0,1,0,676438,6,126230,26,4.75224939804841e-05,0.8125
7415,0.8171,1,0,1,676438,6,126231,25,4.75224939804841e-05,0.8064516129032258
7416,0.8192,1,0,1,676438,6,126232,24,4.75224939804841e-05,0.8
7417,0.8196,1,0,1,676438,6,126233,23,4.75224939804841e-05,0.7931034482758621
7418,0.8207,1,0,1,676438,6,126234,22,4.75224939804841e-05,0.7857142857142857
7419,0.8217,1,0,1,676438,6,126235,21,4.75224939804841e-05,0.7777777777777778
7420,0.8231,1,0,1,676438,6,126236,20,4.75224939804841e-05,0.7692307692307693
7421,0.8239,1,0,1,676438,6,126237,19,4.75224939804841e-05,0.76
7422,0.8262,1,0,1,676438,6,126238,18,4.75224939804841e-05,0.75
7423,0.8272,1,0,1,676438,6,126239,17,4.75224939804841e-05,0.7391304347826086
7424,0.8316,1,0,1,676438,6,126240,16,4.75224939804841e-05,0.7272727272727273
7425,0.8318,0,1,0,676439,5,126240,16,3.960207831707008e-05,0.7619047619047619
7426,0.8323,1,0,1,676439,5,126241,15,3.960207831707008e-05,0.75
7427,0.8339,1,1,1,676440,4,126242,14,3.1681662653656065e-05,0.7777777777777778
7428,0.8341,0,1,0,676441,3,126242,14,2.376124699024205e-05,0.8235294117647058
7429,0.8345,0,1,0,676442,2,126242,14,1.5840831326828033e-05,0.875
7430,0.8349,1,0,1,676442,2,126243,13,1.5840831326828033e-05,0.8666666666666667
7431,0.8372,1,0,1,676442,2,126244,12,1.5840831326828033e-05,0.8571428571428571
7432,0.8394,1,0,1,676442,2,126245,11,1.5840831326828033e-05,0.8461538461538461
7433,0.8423,1,0,1,676442,2,126246,10,1.5840831326828033e-05,0.8333333333333334
7434,0.8436,1,0,1,676442,2,126247,9,1.5840831326828033e-05,0.8181818181818182
7435,0.8443,1,0,1,676442,2,126248,8,1.5840831326828033e-05,0.8
7436,0.8463,0,1,0,676443,1,126248,8,7.920415663414016e-06,0.8888888888888888
7437,0.8485,1,0,1,676443,1,126249,7,7.920415663414016e-06,0.875
7438,0.8496,1,0,1,676443,1,126250,6,7.920415663414016e-06,0.8571428571428571
7439,0.8507,0,1,0,676444,0,126250,6,0.0,1.0
7440,0.8525,1,0,1,676444,0,126251,5,0.0,1.0
7441,0.8533,1,0,1,676444,0,126252,4,0.0,1.0
7442,0.8537,1,0,1,676444,0,126253,3,0.0,1.0
7443,0.8562,1,0,1,676444,0,126254,2,0.0,1.0
7444,0.8922,1,0,1,676444,0,126255,1,0.0,1.0
7445,0.9062,1,0,1,676444,0,126256,0,0.0,
