,y_proba,y_test,Neg,Pos,TN,FP,FN,TP,FP/P,Prec
0,0.0,2,286,2,286,676158,2,126254,5.355452414142694,0.15734311052177685
1,0.0012,0,1,0,287,676157,2,126254,5.355444493727031,0.157343306609705
2,0.002,0,3,0,290,676154,2,126254,5.355420732480041,0.15734389487642197
3,0.0025,1,2,1,292,676152,3,126253,5.355404891648714,0.15734323689408716
4,0.0033,0,6,0,298,676146,3,126253,5.355357369154733,0.1573444134401962
5,0.0043,0,1,0,299,676145,3,126253,5.35534944873907,0.15734460953292506
6,0.005,1,21,1,320,676124,4,126252,5.355183120010138,0.15734767739812755
7,0.006,0,1,0,321,676123,4,126252,5.355175199594474,0.15734787350054524
8,0.0067,0,13,0,334,676110,4,126252,5.3550722341908505,0.15735042287645726
9,0.007,0,2,0,336,676108,4,126252,5.355056393359524,0.15735081509546836
10,0.0077,0,3,0,339,676105,4,126252,5.355032632112533,0.15735140342765128
11,0.0083,0,7,0,346,676098,4,126252,5.35497718920289,0.1573527762198542
12,0.009,0,6,0,352,676092,4,126252,5.354929666708909,0.1573539529179504
13,0.0092,0,4,0,356,676088,4,126252,5.3548979850462555,0.1573547373931251
14,0.0094,0,5,0,361,676083,4,126252,5.354858382967938,0.15735571799809306
15,0.01,14,426,14,787,675657,18,126238,5.3514842858953235,0.15742460047761864
16,0.0108,0,4,0,791,675653,18,126238,5.35145260423267,0.15742538574444656
17,0.0117,0,6,0,797,675647,18,126238,5.351405081738689,0.1574265636593776
18,0.0118,0,2,0,799,675645,18,126238,5.351389240907363,0.1574269563016051
19,0.012,0,5,0,804,675640,18,126238,5.351349638829046,0.1574279379157428
20,0.0121,0,4,0,808,675636,18,126238,5.351317957166392,0.15742872321586684
21,0.0125,0,9,0,817,675627,18,126238,5.351246673425421,0.1574304901697917
22,0.0129,0,3,0,820,675624,18,126238,5.351222912178431,0.15743107916324753
23,0.0133,0,18,0,838,675606,18,126238,5.35108034469649,0.15743461321653587
24,0.014,0,9,0,847,675597,18,126238,5.351009060955519,0.15743638030268073
25,0.0145,0,4,0,851,675593,18,126238,5.350977379292865,0.1574371656870338
26,0.015,1,66,1,917,675527,19,126237,5.35045463185908,0.15744907479008785
27,0.0157,0,1,0,918,675526,19,126237,5.350446711443417,0.15744927116866206
28,0.016,0,11,0,929,675515,19,126237,5.350359586871119,0.15745143136530998
29,0.0167,0,14,0,943,675501,19,126237,5.350248701051831,0.1574541807922289
30,0.017,0,1,0,944,675500,19,126237,5.350240780636168,0.15745437718354025
31,0.0175,0,11,0,955,675489,19,126237,5.3501536560638705,0.15745653752029995
32,0.0179,0,2,0,957,675487,19,126237,5.350137815232544,0.1574569303151708
33,0.018,1,5,1,962,675482,20,126236,5.350098213154227,0.15745686139016463
34,0.0183,0,11,0,973,675471,20,126236,5.350011088581929,0.1574590218122082
35,0.0192,0,10,0,983,675461,20,126236,5.3499318844252945,0.15746098588369423
36,0.0193,0,7,0,990,675454,20,126236,5.349876441515651,0.1574623607628884
37,0.0195,0,2,0,992,675452,20,126236,5.349860600684324,0.15746275358992526
38,0.02,8,641,8,1633,674811,28,126228,5.344783614244076,0.15758034253013897
39,0.0207,0,8,0,1641,674803,28,126228,5.344720250918768,0.15758191630536147
40,0.0208,0,2,0,1643,674801,28,126228,5.3447044100874415,0.1575823097540788
41,0.021,1,2,1,1645,674799,29,126227,5.344688569256115,0.15758165153191034
42,0.0213,0,2,0,1647,674797,29,126227,5.344672728424788,0.1575820449824225
43,0.0214,0,1,0,1648,674796,29,126227,5.344664808009124,0.15758224170841537
44,0.0217,1,7,1,1655,674789,30,126226,5.344609365099481,0.15758256711796909
45,0.0218,0,1,0,1656,674788,30,126226,5.344601444683817,0.15758276384682415
46,0.022,0,8,0,1664,674780,30,126226,5.344538081358509,0.1575843376953481
47,0.0221,0,2,0,1666,674778,30,126226,5.344522240527183,0.1575847311623912
48,0.0225,0,22,0,1688,674756,30,126226,5.3443479913825875,0.15758905942955023
49,0.0229,0,15,0,1703,674741,30,126226,5.344229185147636,0.1575920106571182
50,0.023,0,5,0,1708,674736,30,126226,5.344189583069319,0.1575929944242049
51,0.0233,1,39,1,1747,674697,31,126225,5.343880686858446,0.15759961644205053
52,0.0236,0,4,0,1751,674693,31,126225,5.343849005195793,0.15760040353694135
53,0.0237,0,1,0,1752,674692,31,126225,5.343841084780129,0.1576006003118925
54,0.0239,0,1,0,1753,674691,31,126225,5.343833164364466,0.15760079708733502
55,0.024,1,10,1,1763,674681,32,126224,5.343753960207832,0.1576017130620985
56,0.0243,0,6,0,1769,674675,32,126224,5.343706437713851,0.1576028937481505
57,0.0245,0,1,0,1770,674674,32,126224,5.343698517298188,0.1576030905308791
58,0.0246,0,1,0,1771,674673,32,126224,5.343690596882524,0.15760328731409906
59,0.0248,0,1,0,1772,674672,32,126224,5.343682676466861,0.15760348409781044
60,0.025,1,88,1,1860,674584,33,126223,5.34298567988848,0.157619751076102
61,0.0253,0,1,0,1861,674583,33,126223,5.342977759472817,0.15761994790248823
62,0.0255,0,2,0,1863,674581,33,126223,5.342961918641491,0.1576203415567355
63,0.0257,1,3,1,1866,674578,34,126222,5.3429381573945,0.15761988011988012
64,0.0258,0,3,0,1869,674575,34,126222,5.34291439614751,0.1576204706061586
65,0.026,0,12,0,1881,674563,34,126222,5.342819351159549,0.15762283259551566
66,0.0263,0,2,0,1883,674561,34,126222,5.342803510328222,0.1576232262672909
67,0.0266,0,2,0,1885,674559,34,126222,5.342787669496895,0.15762361994103258
68,0.0267,2,57,2,1942,674502,36,126220,5.342336205804081,0.15763273645534906
69,0.027,0,4,0,1946,674498,36,126220,5.342304524141427,0.15763352391228871
70,0.0271,0,2,0,1948,674496,36,126220,5.3422886833101,0.15763391764370888
71,0.0273,0,7,0,1955,674489,36,126220,5.342233240400456,0.1576352957191689
72,0.0275,0,16,0,1971,674473,36,126220,5.342106513749842,0.15763844569641547
73,0.0276,0,4,0,1975,674469,36,126220,5.342074832087188,0.15763923321039755
74,0.0278,0,1,0,1976,674468,36,126220,5.342066911671525,0.1576394300901225
75,0.0279,0,3,0,1979,674465,36,126220,5.3420431504245345,0.157640020732248
76,0.028,0,3,0,1982,674462,36,126220,5.342019389177544,0.15764061137879956
77,0.0282,0,1,0,1983,674461,36,126220,5.34201146876188,0.157640808261967
78,0.0283,1,18,1,2001,674443,37,126219,5.341868901279939,0.15764330016911007
79,0.0286,0,1,0,2002,674442,37,126219,5.341860980864276,0.15764349706055372
80,0.0287,0,3,0,2005,674439,37,126219,5.341837219617285,0.15764408773783564
81,0.0288,0,4,0,2009,674435,37,126219,5.341805537954632,0.15764487531443044
82,0.0289,0,1,0,2010,674434,37,126219,5.341797617538968,0.15764507220980875
83,0.0292,0,4,0,2014,674430,37,126219,5.341765935876315,0.1576458597962403
84,0.0293,0,2,0,2016,674428,37,126219,5.341750095044988,0.15764625359240714
85,0.0295,0,3,0,2019,674425,37,126219,5.341726333797998,0.15764684429034628
86,0.0296,0,4,0,2023,674421,37,126219,5.341694652135344,0.1576476318944844
87,0.0298,1,2,1,2025,674419,38,126218,5.341678811304018,0.15764697359727317
88,0.03,18,813,18,2838,673606,56,126200,5.335239513369662,0.15778826365393608
89,0.0301,0,1,0,2839,673605,56,126200,5.335231592953998,0.1577884609373535
90,0.0303,0,1,0,2840,673604,56,126200,5.335223672538334,0.1577886582212642
91,0.0307,0,3,0,2843,673601,56,126200,5.335199911291345,0.1577892500759564
92,0.0308,0,5,0,2848,673596,56,126200,5.335160309213028,0.15779023651031013
93,0.031,0,9,0,2857,673587,56,126200,5.335089025472056,0.1577920121232278
94,0.0312,0,1,0,2858,673586,56,126200,5.3350811050563935,0.1577922094160188
95,0.0314,0,2,0,2860,673584,56,126200,5.335065264225067,0.15779260400308084
96,0.0317,0,25,0,2885,673559,56,126200,5.334867253833481,0.157797536507873
97,0.032,0,13,0,2898,673546,56,126200,5.334764288429857,0.15780010153223648
98,0.0321,0,1,0,2899,673545,56,126200,5.334756368014193,0.15780029884525693
99,0.0325,1,48,1,2947,673497,57,126199,5.3343761880623495,0.15780871731257878
100,0.0327,0,1,0,2948,673496,57,126199,5.334368267646686,0.15780891464870983
101,0.0329,0,5,0,2953,673491,57,126199,5.334328665568369,0.157809901336768
102,0.033,0,1,0,2954,673490,57,126199,5.334320745152706,0.15781009867586024
103,0.0332,1,2,1,2956,673488,58,126198,5.334304904321379,0.15780944020528057
104,0.0333,1,70,1,3026,673418,59,126197,5.33375047522494,0.15782220193468108
105,0.0335,0,5,0,3031,673413,59,126197,5.3337108731466225,0.1578231888045422
106,0.0337,0,2,0,3033,673411,59,126197,5.333695032315296,0.15782358355594242
107,0.0338,0,6,0,3039,673405,59,126197,5.333647509821316,0.15782476782199145
108,0.0339,0,3,0,3042,673402,59,126197,5.333623748574325,0.1578253599616808
109,0.034,1,10,1,3052,673392,60,126196,5.333544544417691,0.15782628053447526
110,0.0342,0,5,0,3057,673387,60,126196,5.333504942339374,0.15782726746316517
111,0.0343,0,3,0,3060,673384,60,126196,5.333481181092384,0.1578278596263038
112,0.0344,0,1,0,3061,673383,60,126196,5.33347326067672,0.15782805701500416
113,0.0345,0,1,0,3062,673382,60,126196,5.333465340261057,0.1578282544041982
114,0.0347,1,0,1,3062,673382,61,126195,5.333465340261057,0.15782720113259885
115,0.0348,2,6,2,3068,673376,63,126193,5.333417817767076,0.15782627890776155
116,0.035,10,158,10,3226,673218,73,126183,5.332166392092257,0.15784693789474868
117,0.0351,0,4,0,3230,673214,73,126183,5.332134710429603,0.15784772772477254
118,0.0352,0,2,0,3232,673212,73,126183,5.332118869598276,0.15784812264274858
119,0.0353,0,1,0,3233,673211,73,126183,5.3321109491826135,0.15784832010247762
120,0.0354,0,3,0,3236,673208,73,126183,5.332087187935623,0.15784891248462893
121,0.0355,0,1,0,3237,673207,73,126183,5.332079267519959,0.15784910994633408
122,0.0357,0,7,0,3244,673200,73,126183,5.3320238246103155,0.15785049219210315
123,0.0358,0,11,0,3255,673189,73,126183,5.331936700038018,0.15785266434150808
124,0.036,0,11,0,3266,673178,73,126183,5.3318495754657205,0.15785483655069488
125,0.0362,0,4,0,3270,673174,73,126183,5.331817893803067,0.15785562645976703
126,0.0364,1,5,1,3275,673169,74,126182,5.33177829172475,0.1578555603233123
127,0.0365,0,3,0,3278,673166,74,126182,5.33175453047776,0.15785615276450307
128,0.0367,1,49,1,3327,673117,75,126181,5.331366430110252,0.15786477634123944
129,0.037,0,4,0,3331,673113,75,126181,5.331334748447598,0.15786556636231475
130,0.0371,0,5,0,3336,673108,75,126181,5.331295146369281,0.15786655389977844
131,0.0373,0,2,0,3338,673106,75,126181,5.331279305537954,0.15786694891822337
132,0.0375,0,30,0,3368,673076,75,126181,5.331041693068053,0.15787287443212883
133,0.0379,0,3,0,3371,673073,75,126181,5.331017931821062,0.15787346700798494
134,0.038,0,6,0,3377,673067,75,126181,5.330970409327081,0.15787465217304267
135,0.0383,1,22,1,3399,673045,76,126180,5.330796160182486,0.15787794425850044
136,0.0385,0,2,0,3401,673043,76,126180,5.33078031935116,0.15787833933708115
137,0.0387,0,4,0,3405,673039,76,126180,5.330748637688506,0.15787912950017455
138,0.0388,0,1,0,3406,673038,76,126180,5.3307407172728425,0.15787932704218374
139,0.0389,1,6,1,3412,673032,77,126179,5.330693194778862,0.1578794586160601
140,0.039,0,6,0,3418,673026,77,126179,5.330645672284882,0.15788064388986556
141,0.0391,0,2,0,3420,673024,77,126179,5.330629831453555,0.1578810389850889
142,0.0392,0,1,0,3421,673023,77,126179,5.330621911037891,0.1578812365334421
143,0.0393,0,3,0,3424,673020,77,126179,5.330598149790901,0.15788182918146795
144,0.0395,0,3,0,3427,673017,77,126179,5.330574388543911,0.1578824218339431
145,0.04,8,987,8,4414,672030,85,126171,5.3227569382841216,0.15806920813178635
146,0.0402,0,2,0,4416,672028,85,126171,5.322741097452794,0.15806960419644725
147,0.0403,0,3,0,4419,672025,85,126171,5.3227173362058045,0.1580701982971601
148,0.0404,0,4,0,4423,672021,85,126171,5.32268565454315,0.15807099043839076
149,0.0405,0,4,0,4427,672017,85,126171,5.322653972880497,0.15807178258756083
150,0.0407,0,1,0,4428,672016,85,126171,5.322646052464833,0.15807198062609387
151,0.0408,0,3,0,4431,672013,85,126171,5.322622291217843,0.1580725747446704
152,0.041,0,2,0,4433,672011,85,126171,5.322606450386516,0.15807297082620256
153,0.0411,1,5,1,4438,672006,86,126170,5.322566848308199,0.15807290622619571
154,0.0412,0,3,0,4441,672003,86,126170,5.322543087061209,0.15807350035643902
155,0.0413,0,1,0,4442,672002,86,126170,5.322535166645546,0.15807369840084592
156,0.0414,1,4,1,4446,671998,87,126169,5.322503484982892,0.15807343575968438
157,0.0415,0,2,0,4448,671996,87,126169,5.322487644151565,0.1580738318518101
158,0.0417,2,39,2,4487,671957,89,126167,5.322178747940692,0.1580794463015772
159,0.0418,0,1,0,4488,671956,89,126167,5.322170827525029,0.15807964436559277
160,0.042,3,10,3,4498,671946,92,126164,5.322091623368395,0.15807846036260667
161,0.0422,0,1,0,4499,671945,92,126164,5.322083702952731,0.1580786584288612
162,0.0423,0,5,0,4504,671940,92,126164,5.322044100874414,0.15807964876757916
163,0.0425,0,36,0,4540,671904,92,126164,5.321758965910531,0.158086779572668
164,0.0427,2,4,2,4544,671900,94,126162,5.321727284247877,0.15808546203177196
165,0.0429,0,3,0,4547,671897,94,126162,5.321703523000887,0.1580860562940835
166,0.043,0,4,0,4551,671893,94,126162,5.321671841338233,0.1580868486507822
167,0.0433,0,110,0,4661,671783,94,126162,5.320800595615258,0.15810864157304075
168,0.0436,0,2,0,4663,671781,94,126162,5.320784754783931,0.1581090378636068
169,0.0437,0,1,0,4664,671780,94,126162,5.320776834368267,0.15810923600963478
170,0.0438,0,4,0,4668,671776,94,126162,5.320745152705614,0.15811002859871318
171,0.044,1,25,1,4693,671751,95,126161,5.3205471423140285,0.15811392735038451
172,0.0442,0,5,0,4698,671746,95,126161,5.320507540235711,0.15811491815462203
173,0.0443,0,2,0,4700,671744,95,126161,5.320491699404385,0.15811531447979396
174,0.0444,0,3,0,4703,671741,95,126161,5.320467938157394,0.15811590897127717
175,0.0449,0,2,0,4705,671739,95,126161,5.320452097326068,0.1581163053014162
176,0.045,4,176,4,4881,671563,99,126157,5.319058104169307,0.15814696886125457
177,0.0453,0,2,0,4883,671561,99,126157,5.31904226333798,0.1581473653596885
178,0.0454,0,3,0,4886,671558,99,126157,5.31901850209099,0.15814796011106724
179,0.0455,0,3,0,4889,671555,99,126157,5.3189947408439995,0.1581485548669194
180,0.0457,0,14,0,4903,671541,99,126157,5.318883855024712,0.1581513304533796
181,0.0458,0,7,0,4910,671534,99,126157,5.318828412115068,0.15815271828314473
182,0.046,0,17,0,4927,671517,99,126157,5.318693765048789,0.15815608882826818
183,0.0462,1,5,1,4932,671512,100,126156,5.318654162970473,0.15815602481232793
184,0.0463,0,3,0,4935,671509,100,126156,5.318630401723483,0.15815661963355543
185,0.0467,4,77,4,5012,671432,104,126152,5.3180205297173995,0.1581676663523842
186,0.0468,0,7,0,5019,671425,104,126152,5.317965086807756,0.15816905452388924
187,0.047,0,13,0,5032,671412,104,126152,5.317862121404131,0.15817163262133196
188,0.0471,0,3,0,5035,671409,104,126152,5.317838360157141,0.15817222757883095
189,0.0473,1,10,1,5045,671399,105,126151,5.317759156000507,0.15817315528806972
190,0.0475,2,45,2,5090,671354,107,126149,5.317402737295653,0.15817996922895589
191,0.0476,0,2,0,5092,671352,107,126149,5.317386896464327,0.15818036591803647
192,0.048,0,15,0,5107,671337,107,126149,5.317268090229375,0.1581833411495625
193,0.0482,0,2,0,5109,671335,107,126149,5.317252249398049,0.15818373785555573
194,0.0483,0,32,0,5141,671303,107,126149,5.3169987960968195,0.1581900854220693
195,0.0485,1,0,1,5141,671303,108,126148,5.3169987960968195,0.1581890297961881
196,0.0486,0,1,0,5142,671302,108,126148,5.316990875681156,0.1581892281647752
197,0.0487,0,4,0,5146,671298,108,126148,5.316959194018502,0.1581900216440988
198,0.0488,0,2,0,5148,671296,108,126148,5.316943353187176,0.15819041838674566
199,0.049,0,18,0,5166,671278,108,126148,5.316800785705234,0.1581939891601227
200,0.0492,0,10,0,5176,671268,108,126148,5.3167215815486,0.15819597299276664
201,0.0493,0,4,0,5180,671264,108,126148,5.316689899885946,0.15819676653975612
202,0.0495,1,4,1,5184,671260,109,126147,5.316658218223292,0.15819650441995117
203,0.0497,0,1,0,5185,671259,109,126147,5.316650297807629,0.15819670280885773
204,0.0498,0,2,0,5187,671257,109,126147,5.316634456976302,0.15819709958816358
205,0.05,34,1229,34,6416,670028,143,126113,5.306900266125966,0.15840535784490437
206,0.0501,1,0,1,6416,670028,144,126112,5.306900266125966,0.15840430075112416
207,0.0502,0,1,0,6417,670027,144,126112,5.3068923457103025,0.158404499716758
208,0.0503,0,6,0,6423,670021,144,126112,5.306844823216323,0.1584056935210574
209,0.0504,1,3,1,6426,670018,145,126111,5.306821061969332,0.1584052333227404
210,0.0505,0,2,0,6428,670016,145,126111,5.3068052211380055,0.15840563126234886
211,0.0506,0,1,0,6429,670015,145,126111,5.306797300722342,0.15840583023290283
212,0.0507,0,4,0,6433,670011,145,126111,5.306765619059688,0.15840662612011727
213,0.0508,0,10,0,6443,670001,145,126111,5.306686414903054,0.15840861587314348
214,0.0509,0,1,0,6444,670000,145,126111,5.30667849448739,0.15840881485119537
215,0.051,0,2,0,6446,669998,145,126111,5.306662653656064,0.1584092128087988
216,0.0511,0,2,0,6448,669996,145,126111,5.306646812824737,0.15840961076840174
217,0.0513,0,1,0,6449,669995,145,126111,5.306638892409073,0.15840980974895302
218,0.0514,0,7,0,6456,669988,145,126111,5.3065834494994295,0.15841120262680897
219,0.0517,0,46,0,6502,669942,145,126111,5.306219110378913,0.15842035643355404
220,0.0519,1,2,1,6504,669940,146,126110,5.306203269547586,0.15841969725519753
221,0.052,0,12,0,6516,669928,146,126110,5.306108224559625,0.15842208537783373
222,0.0523,0,1,0,6517,669927,146,126110,5.306100304143961,0.15842228439130343
223,0.0524,0,2,0,6519,669925,146,126110,5.306084463312635,0.15842268241974286
224,0.0525,2,50,2,6569,669875,148,126108,5.305688442529464,0.15843051924475773
225,0.0527,0,11,0,6580,669864,148,126108,5.305601317957167,0.15843270868824533
226,0.0528,0,1,0,6581,669863,148,126108,5.305593397541503,0.15843290773156307
227,0.0529,0,4,0,6585,669859,148,126108,5.3055617158788495,0.15843370390983547
228,0.053,0,4,0,6589,669855,148,126108,5.305530034216195,0.15843450009611
229,0.0531,0,2,0,6591,669853,148,126108,5.305514193384869,0.15843489819224812
230,0.0532,0,8,0,6599,669845,148,126108,5.305450830059561,0.1584364905968066
231,0.0533,1,118,1,6717,669727,149,126107,5.304516221011279,0.15845892485116242
232,0.0535,0,2,0,6719,669725,149,126107,5.3045003801799515,0.15845932307321142
233,0.0536,0,1,0,6720,669724,149,126107,5.304492459764289,0.15845952218498652
234,0.0537,0,1,0,6721,669723,149,126107,5.304484539348625,0.158459721297262
235,0.0539,0,1,0,6722,669722,149,126107,5.304476618932962,0.15845992041003784
236,0.054,1,30,1,6752,669692,150,126106,5.304239006463059,0.15846483655399987
237,0.0542,1,15,1,6767,669677,151,126105,5.304120200228108,0.1584667660238608
238,0.0543,1,9,1,6776,669668,152,126104,5.304048916487138,0.1584675007414184
239,0.0545,0,3,0,6779,669665,152,126104,5.304025155240147,0.15846809815411256
240,0.0547,0,4,0,6783,669661,152,126104,5.303993473577493,0.15846889471137837
241,0.0549,0,8,0,6791,669653,152,126104,5.303930110252186,0.1584704878499341
242,0.055,8,228,8,7019,669425,160,126096,5.302124255480928,0.15850744354957316
243,0.0552,0,1,0,7020,669424,160,126096,5.302116335065264,0.1585076427996782
244,0.0553,0,3,0,7023,669421,160,126096,5.302092573818274,0.15850824055299886
245,0.0554,0,1,0,7024,669420,160,126096,5.302084653402611,0.15850843980510762
246,0.0557,0,2,0,7026,669418,160,126096,5.302068812571283,0.15850883831082796
247,0.0558,1,17,1,7043,669401,161,126095,5.301934165505005,0.15851116787513703
248,0.056,1,45,1,7088,669356,162,126094,5.301577746800152,0.15851907725187
249,0.0562,0,12,0,7100,669344,162,126094,5.3014827018121915,0.15852146867511988
250,0.0564,0,4,0,7104,669340,162,126094,5.301451020149537,0.1585222658322375
251,0.0565,1,4,1,7108,669336,163,126093,5.301419338486884,0.15852200510667827
252,0.0567,7,125,7,7233,669211,170,126086,5.300429286528957,0.15853951416892054
253,0.0569,0,1,0,7234,669210,170,126086,5.3004213661132935,0.15853971351547097
254,0.057,0,9,0,7243,669201,170,126086,5.300350082372323,0.15854150765698422
255,0.0571,1,5,1,7248,669196,171,126085,5.300310480294006,0.15854144635669656
256,0.0573,0,6,0,7254,669190,171,126085,5.300262957800025,0.15854264248216027
257,0.0574,0,1,0,7255,669189,171,126085,5.300255037384362,0.15854284183815892
258,0.0575,1,56,1,7311,669133,172,126084,5.29981149410721,0.15855294844048856
259,0.0577,0,2,0,7313,669131,172,126084,5.299795653275884,0.15855334720798778
260,0.0578,0,4,0,7317,669127,172,126084,5.29976397161323,0.15855414474900373
261,0.0579,0,4,0,7321,669123,172,126084,5.299732289950577,0.15855494229804315
262,0.058,2,10,2,7331,669113,174,126082,5.299653085793943,0.15855481988694597
263,0.0581,0,1,0,7332,669112,174,126082,5.299645165378279,0.15855501927831447
264,0.0583,2,59,2,7391,669053,176,126080,5.299177860854138,0.15856466779771433
265,0.0584,0,1,0,7392,669052,176,126080,5.299169940438474,0.15856486721701554
266,0.0585,0,6,0,7398,669046,176,126080,5.299122417944494,0.1585660637433564
267,0.0586,0,3,0,7401,669043,176,126080,5.299098656697503,0.15856666201329858
268,0.0587,0,6,0,7407,669037,176,126080,5.299051134203523,0.15856785856672667
269,0.0588,0,5,0,7412,669032,176,126080,5.299011532125206,0.1585688557083782
270,0.0589,0,4,0,7416,669028,176,126080,5.298979850462552,0.1585696534307289
271,0.059,1,10,1,7426,669018,177,126079,5.298900646305918,0.1585705895004006
272,0.0592,1,12,1,7438,669006,178,126078,5.298805601317957,0.15857192447590443
273,0.0593,1,9,1,7447,668997,179,126077,5.2987343175769865,0.15857266116109947
274,0.0595,0,3,0,7450,668994,179,126077,5.298710556329996,0.15857325949506396
275,0.0596,0,6,0,7456,668988,179,126077,5.298663033836016,0.15857445617653904
276,0.0599,0,3,0,7459,668985,179,126077,5.298639272589026,0.15857505452404969
277,0.06,35,1461,35,8920,667524,214,126042,5.287067545304778,0.15882988938538192
278,0.0601,0,2,0,8922,667522,214,126042,5.287051704473451,0.15883028968047946
279,0.0602,0,1,0,8923,667521,214,126042,5.287043784057787,0.15883048982878487
280,0.0603,0,5,0,8928,667516,214,126042,5.28700418197947,0.15883149057787838
281,0.0605,0,1,0,8929,667515,214,126042,5.286996261563807,0.15883169072921038
282,0.0606,0,1,0,8930,667514,214,126042,5.2869883411481435,0.15883189088104682
283,0.0607,0,6,0,8936,667508,214,126042,5.286940818654163,0.15883309180265895
284,0.0608,0,14,0,8950,667494,214,126042,5.286829932834875,0.1588358940237116
285,0.061,0,3,0,8953,667491,214,126042,5.286806171587885,0.15883649451251555
286,0.0612,0,3,0,8956,667488,214,126042,5.286782410340895,0.15883709500585988
287,0.0613,0,1,0,8957,667487,214,126042,5.286774489925231,0.15883729517131698
288,0.0614,0,8,0,8965,667479,214,126042,5.286711126599924,0.15883889651313576
289,0.0617,4,60,4,9025,667419,218,126038,5.2862359016601195,0.15884666717919182
290,0.0618,0,2,0,9027,667417,218,126038,5.286220060828792,0.1588470675715699
291,0.062,0,13,0,9040,667404,218,126038,5.286117095425168,0.15884967017122864
292,0.0622,0,3,0,9043,667401,218,126038,5.286093334178178,0.15885027078326122
293,0.0623,0,5,0,9048,667396,218,126038,5.286053732099861,0.15885127181340855
294,0.0625,2,73,2,9121,667323,220,126036,5.285475541756432,0.1588637678528888
295,0.0627,0,7,0,9128,667316,220,126036,5.285420098846788,0.1588651695590356
296,0.0629,0,6,0,9134,667310,220,126036,5.285372576352807,0.15886637104113463
297,0.063,0,8,0,9142,667302,220,126036,5.2853092130274995,0.1588679730455367
298,0.0631,0,2,0,9144,667300,220,126036,5.285293372196173,0.15886837355168554
299,0.0633,4,162,4,9306,667138,224,126032,5.2840102648587,0.1588965795478901
300,0.0634,1,0,1,9306,667138,225,126031,5.2840102648587,0.15889551911383323
301,0.0635,0,5,0,9311,667133,225,126031,5.283970662780383,0.15889652076997948
302,0.0636,0,1,0,9312,667132,225,126031,5.283962742364719,0.15889672110272415
303,0.0637,0,6,0,9318,667126,225,126031,5.283915219870739,0.15889792310980044
304,0.0638,0,4,0,9322,667122,225,126031,5.2838835382080855,0.15889872445795453
305,0.0639,0,2,0,9324,667120,225,126031,5.283867697376758,0.15889912513506255
306,0.064,2,23,2,9347,667097,227,126029,5.2836855278165,0.1589016121019863
307,0.0642,1,14,1,9361,667083,228,126028,5.283574641997212,0.15890335652890958
308,0.0643,0,9,0,9370,667074,228,126028,5.283503358256241,0.15890515973985692
309,0.0644,0,4,0,9374,667070,228,126028,5.283471676593588,0.15890596118008116
310,0.0645,0,8,0,9382,667062,228,126028,5.28340831326828,0.1589075640847823
311,0.0647,0,3,0,9385,667059,228,126028,5.28338455202129,0.15890816518238227
312,0.0648,0,2,0,9387,667057,228,126028,5.283368711189963,0.158908565916642
313,0.0649,1,0,1,9387,667057,229,126027,5.283368711189963,0.15890750538404508
314,0.065,9,326,9,9713,666731,238,126018,5.28078665568369,0.15896330364339784
315,0.0652,0,1,0,9714,666730,238,126018,5.280778735268027,0.15896350416525806
316,0.0653,0,7,0,9721,666723,238,126018,5.280723292358383,0.15896490783244466
317,0.0654,0,1,0,9722,666722,238,126018,5.280715371942719,0.15896510835835204
318,0.0655,0,2,0,9724,666720,238,126018,5.2806995311113925,0.15896550941168458
319,0.0657,0,11,0,9735,666709,238,126018,5.280612406539095,0.15896771524118644
320,0.0658,0,14,0,9749,666695,238,126018,5.280501520719807,0.1589705227490908
321,0.0659,0,1,0,9750,666694,238,126018,5.280493600304144,0.15897072328916428
322,0.066,1,37,1,9787,666657,239,126017,5.280200544924598,0.1589770826342229
323,0.0662,0,9,0,9796,666648,239,126017,5.280129261183627,0.15897888767638282
324,0.0663,0,4,0,9800,666644,239,126017,5.280097579520973,0.15897968993049993
325,0.0664,1,3,1,9803,666641,240,126016,5.280073818273983,0.15897923061298896
326,0.0665,0,7,0,9810,666634,240,126016,5.280018375364339,0.15898063458020564
327,0.0667,2,108,2,9918,666526,242,126014,5.27916297047269,0.15900017664723548
328,0.0668,1,4,1,9922,666522,243,126013,5.279131288810037,0.15899991798469468
329,0.067,0,6,0,9928,666516,243,126013,5.279083766316056,0.15900112172551414
330,0.0673,0,5,0,9933,666511,243,126013,5.279044164237739,0.15900212485678666
331,0.0674,0,6,0,9939,666505,243,126013,5.278996641743759,0.15900332863102162
332,0.0675,3,60,3,9999,666445,246,126010,5.278521416803954,0.15901218365711617
333,0.0676,0,1,0,10000,666444,246,126010,5.278513496388291,0.1590123843150517
334,0.0677,1,9,1,10009,666435,247,126009,5.278442212647319,0.15901312900343748
335,0.0678,0,9,0,10018,666426,247,126009,5.278370928906349,0.15901493497889416
336,0.0679,0,1,0,10019,666425,247,126009,5.278363008490685,0.15901513564536604
337,0.068,2,16,2,10035,666409,249,126007,5.278236281840071,0.15901622380163954
338,0.0682,0,2,0,10037,666407,249,126007,5.278220441008744,0.15901662514796558
339,0.0683,2,69,2,10106,666338,251,126005,5.277673932327969,0.15902835009585495
340,0.0685,0,4,0,10110,666334,251,126005,5.277642250665315,0.15902915292570477
341,0.0686,0,4,0,10114,666330,251,126005,5.277610569002661,0.15902995576366058
342,0.0687,0,2,0,10116,666328,251,126005,5.2775947281713345,0.15903035718567823
343,0.069,1,23,1,10139,666305,252,126004,5.277412558611076,0.15903391227412536
344,0.0691,0,2,0,10141,666303,252,126004,5.277396717779749,0.15903431371930324
345,0.0692,0,14,0,10155,666289,252,126004,5.277285831960461,0.15903712389229743
346,0.0693,1,8,1,10163,666281,253,126003,5.277222468635154,0.15903766831085822
347,0.0695,1,7,1,10170,666274,254,126002,5.27716702572551,0.15903801200591713
348,0.0697,0,1,0,10171,666273,254,126002,5.277159105309846,0.1590382127417879
349,0.0698,0,3,0,10174,666270,254,126002,5.277135344062857,0.15903881495244057
350,0.07,43,1577,43,11751,664693,297,125959,5.264644848561653,0.15931029074738318
351,0.0702,0,6,0,11757,664687,297,125959,5.264597326067672,0.15931149971036343
352,0.0703,0,4,0,11761,664683,297,125959,5.264565644405018,0.15931230569587754
353,0.0706,0,1,0,11762,664682,297,125959,5.264557723989355,0.15931250719353032
354,0.0707,0,12,0,11774,664670,297,125959,5.264462679001394,0.1593149252051215
355,0.0708,2,14,2,11788,664656,299,125957,5.264351793182106,0.15931561965209273
356,0.0709,0,3,0,11791,664653,299,125957,5.264328031935116,0.15931622418132835
357,0.071,0,13,0,11804,664640,299,125957,5.264225066531491,0.1593188438610316
358,0.0711,0,2,0,11806,664638,299,125957,5.2642092257001645,0.15931924689632493
359,0.0712,0,1,0,11807,664637,299,125957,5.264201305284502,0.15931944841473625
360,0.0713,1,2,1,11809,664635,300,125956,5.264185464453175,0.15931878809649996
361,0.0714,0,6,0,11815,664629,300,125956,5.264137941959194,0.15931999721725051
362,0.0715,0,3,0,11818,664626,300,125956,5.264114180712204,0.15932060178450813
363,0.0717,0,82,0,11900,664544,300,125956,5.263464706627804,0.159337128399747
364,0.0718,0,4,0,11904,664540,300,125956,5.26343302496515,0.15933793466380602
365,0.072,3,26,3,11930,664514,303,125953,5.263227094157902,0.1593399850974171
366,0.0721,1,6,1,11936,664508,304,125952,5.263179571663921,0.15934013106292538
367,0.0722,0,4,0,11940,664504,304,125952,5.263147890001267,0.15934093738297894
368,0.0723,0,4,0,11944,664500,304,125952,5.263116208338614,0.15934174371119308
369,0.0724,0,1,0,11945,664499,304,125952,5.26310828792295,0.15934194529452173
370,0.0725,6,90,6,12035,664409,310,125946,5.262395450513243,0.15935370814380878
371,0.0726,0,4,0,12039,664405,310,125946,5.262363768850589,0.15935451463969805
372,0.0727,0,8,0,12047,664397,310,125946,5.2623004055252816,0.1593561276559671
373,0.0728,0,7,0,12054,664390,310,125946,5.262244962615638,0.15935753907198963
374,0.0729,0,4,0,12058,664386,310,125946,5.2622132809529845,0.15935834560665643
375,0.073,1,9,1,12067,664377,311,125945,5.262141997212014,0.1593590966719894
376,0.0731,0,2,0,12069,664375,311,125945,5.2621261563806865,0.15935949994938758
377,0.0732,0,1,0,12070,664374,311,125945,5.262118235965024,0.1593597015888521
378,0.0733,6,168,6,12238,664206,317,125939,5.26078760613357,0.15938720108334548
379,0.0734,0,3,0,12241,664203,317,125939,5.260763844886579,0.15938780624242224
380,0.0735,0,7,0,12248,664196,317,125939,5.2607084019769355,0.15938921829813893
381,0.0736,1,0,1,12248,664196,318,125938,5.2607084019769355,0.15938815441431453
382,0.0737,0,8,0,12256,664188,318,125938,5.260645038651629,0.15938976821418355
383,0.0738,1,6,1,12262,664182,319,125937,5.260597516157648,0.1593899146837375
384,0.074,0,34,0,12296,664148,319,125937,5.260328222025092,0.1593967737648481
385,0.0742,0,13,0,12309,664135,319,125937,5.260225256621467,0.15939939651069776
386,0.0743,1,2,1,12311,664133,320,125936,5.260209415790141,0.15939873605976188
387,0.0745,0,6,0,12317,664127,320,125936,5.26016189329616,0.15939994658653803
388,0.0746,0,1,0,12318,664126,320,125936,5.260153972880497,0.1594001483427883
389,0.0747,0,1,0,12319,664125,320,125936,5.260146052464833,0.15940035009954928
390,0.0748,0,4,0,12323,664121,320,125936,5.26011437080218,0.1594011571317006
391,0.0749,0,3,0,12326,664118,320,125936,5.260090609555189,0.15940176241117696
392,0.075,14,334,14,12660,663784,334,125922,5.257445190723609,0.1594542779211504
393,0.0752,0,2,0,12662,663782,334,125922,5.257429349892282,0.15945468175417624
394,0.0753,0,5,0,12667,663777,334,125922,5.257389747813965,0.15945569134568993
395,0.0755,0,3,0,12670,663774,334,125922,5.257365986566975,0.15945629710673476
396,0.0756,0,7,0,12677,663767,334,125922,5.257310543657331,0.15945771056707134
397,0.0757,0,6,0,12683,663761,334,125922,5.257263021163351,0.1594589221244474
398,0.0758,7,30,7,12713,663731,341,125915,5.2570254086934485,0.15945752906998834
399,0.076,3,38,3,12751,663693,344,125912,5.256724432898238,0.15946200948575553
400,0.0761,0,1,0,12752,663692,344,125912,5.256716512482575,0.15946221143763203
401,0.0762,0,4,0,12756,663688,344,125912,5.256684830819921,0.1594630192502533
402,0.0763,0,5,0,12761,663683,344,125912,5.256645228741604,0.15946402902753942
403,0.0764,0,3,0,12764,663680,344,125912,5.256621467494614,0.15946463490004964
404,0.0765,1,9,1,12773,663671,345,125911,5.256550183753643,0.15946538801543095
405,0.0767,3,151,3,12924,663520,348,125908,5.255354200988468,0.15949269597734056
406,0.0768,1,9,1,12933,663511,349,125907,5.255282917247497,0.15949344960464545
407,0.0769,1,7,1,12940,663504,350,125906,5.255227474337853,0.15949379916646608
408,0.077,0,13,0,12953,663491,350,125906,5.2551245089342284,0.15949642575282147
409,0.0771,0,3,0,12956,663488,350,125906,5.255100747687239,0.1594970319004198
410,0.0773,0,4,0,12960,663484,350,125906,5.255069066024585,0.1594978401043844
411,0.0774,0,5,0,12965,663479,350,125906,5.255029463946268,0.1594988503708583
412,0.0775,1,92,1,13057,663387,351,125905,5.254300785705234,0.1595163767021584
413,0.0776,0,1,0,13058,663386,351,125905,5.25429286528957,0.15951657880300169
414,0.0777,0,6,0,13064,663380,351,125905,5.25424534279559,0.15951779141881575
415,0.0778,1,7,1,13071,663373,352,125904,5.254189899885946,0.1595181412862658
416,0.0779,0,4,0,13075,663369,352,125904,5.254158218223292,0.15951894971701808
417,0.078,1,24,1,13099,663345,353,125903,5.2539681282473705,0.15952273556600713
418,0.0781,0,1,0,13100,663344,353,125903,5.253960207831707,0.1595229376861743
419,0.0782,0,2,0,13102,663342,353,125903,5.25394436700038,0.15952334192804515
420,0.0783,2,83,2,13185,663259,355,125901,5.253286972500317,0.15953798976126515
421,0.0784,0,2,0,13187,663257,355,125901,5.25327113166899,0.15953839408584847
422,0.0785,0,4,0,13191,663253,355,125901,5.253239450006336,0.15953920274116332
423,0.0786,0,2,0,13193,663251,355,125901,5.253223609175009,0.1595396070718949
424,0.0787,0,5,0,13198,663246,355,125901,5.253184007096692,0.1595406179076902
425,0.0788,0,3,0,13201,663243,355,125901,5.253160245849702,0.15954122441531585
426,0.0789,0,2,0,13203,663241,355,125901,5.253144405018375,0.15954162875629482
427,0.079,0,15,0,13218,663226,355,125901,5.253025598783424,0.1595446613789669
428,0.0792,2,17,2,13235,663209,357,125899,5.252890951717146,0.15954596835921064
429,0.0793,0,3,0,13238,663206,357,125899,5.252867190470156,0.159546574917153
430,0.0795,0,12,0,13250,663194,357,125899,5.2527721454821945,0.15954900119504292
431,0.0796,0,2,0,13252,663192,357,125899,5.252756304650868,0.15954940558186573
432,0.0798,0,2,0,13254,663190,357,125899,5.252740463819541,0.15954980997073842
433,0.0799,0,3,0,13257,663187,357,125899,5.252716702572551,0.15955041655789104
434,0.08,49,1836,49,15093,661351,406,125850,5.238174819414523,0.15987022374209384
435,0.0801,0,4,0,15097,661347,406,125850,5.2381431377518695,0.15987103609388756
436,0.0802,0,4,0,15101,661343,406,125850,5.238111456089215,0.15987184845393695
437,0.0803,0,9,0,15110,661334,406,125850,5.238040172348245,0.15987367629423363
438,0.0804,0,6,0,15116,661328,406,125850,5.237992649854264,0.15987489487765155
439,0.0805,0,4,0,15120,661324,406,125850,5.237960968191611,0.15987570727691716
440,0.0806,0,1,0,15121,661323,406,125850,5.237953047775948,0.15987591037802365
441,0.0807,1,14,1,15135,661309,407,125849,5.237842161956659,0.15987768656356158
442,0.0808,0,23,0,15158,661286,407,125849,5.237659992396401,0.15988235817235924
443,0.0809,0,3,0,15161,661283,407,125849,5.237636231149411,0.15988296753276451
444,0.081,1,7,1,15168,661276,408,125848,5.237580788239767,0.15988332206869565
445,0.0811,1,0,1,15168,661276,409,125847,5.237580788239767,0.1598822547429055
446,0.0812,0,5,0,15173,661271,409,125847,5.23754118616145,0.15988327036098782
447,0.0813,2,4,2,15177,661267,411,125845,5.237509504498796,0.1598819481852646
448,0.0814,0,2,0,15179,661265,411,125845,5.237493663667469,0.15988235443584758
449,0.0815,0,4,0,15183,661261,411,125845,5.237461982004816,0.15988316694320714
450,0.0817,1,78,1,15261,661183,412,125844,5.23684418958307,0.15989794505144042
451,0.0818,0,1,0,15262,661182,412,125844,5.236836269167406,0.15989814821873738
452,0.0819,0,1,0,15263,661181,412,125844,5.236828348751742,0.15989835138655062
453,0.082,2,28,2,15291,661153,414,125842,5.236606577113167,0.15990190534882687
454,0.0821,0,4,0,15295,661149,414,125842,5.236574895450513,0.15990271807428547
455,0.0822,0,7,0,15302,661142,414,125842,5.236519452540869,0.1599041403637177
456,0.0823,0,5,0,15307,661137,414,125842,5.236479850462552,0.15990515630023164
457,0.0824,0,2,0,15309,661135,414,125842,5.236464009631225,0.15990556267845185
458,0.0825,3,96,3,15405,661039,417,125839,5.2357036497275375,0.1599218684472053
459,0.0827,0,3,0,15408,661036,417,125839,5.235679888480547,0.15992247815726768
460,0.0828,0,3,0,15411,661033,417,125839,5.2356561272335576,0.15992308787197917
461,0.0829,0,11,0,15422,661022,417,125839,5.23556900266126,0.15992532353236466
462,0.083,0,12,0,15434,661010,417,125839,5.235473957673299,0.15992776250589377
463,0.0831,0,1,0,15435,661009,417,125839,5.235466037257635,0.15992796575704582
464,0.0832,0,2,0,15437,661007,417,125839,5.235450196426308,0.15992837226089984
465,0.0833,8,188,8,15625,660819,425,125831,5.233961158281587,0.15995804995868557
466,0.0834,2,9,2,15634,660810,427,125829,5.2338898745406155,0.15995774427659956
467,0.0837,0,11,0,15645,660799,427,125829,5.233802749968318,0.15995998108381598
468,0.0838,0,9,0,15654,660790,427,125829,5.233731466227348,0.1599618112453424
469,0.0839,1,0,1,15654,660790,428,125828,5.233731466227348,0.15996074333412152
470,0.084,3,49,3,15703,660741,431,125825,5.233343365859841,0.1599675043162303
471,0.0842,0,21,0,15724,660720,431,125825,5.2331770371309085,0.1599717752957555
472,0.0843,0,14,0,15738,660706,431,125825,5.233066151311621,0.15997462274214239
473,0.0845,0,4,0,15742,660702,431,125825,5.233034469648967,0.1599754363168715
474,0.0846,0,2,0,15744,660700,431,125825,5.23301862881764,0.15997584310733926
475,0.0847,0,3,0,15747,660697,431,125825,5.23299486757065,0.15997645329691987
476,0.0848,1,1,1,15748,660696,432,125824,5.232986947154987,0.15997558866907388
477,0.085,9,345,9,16093,660351,441,125815,5.2302544037511085,0.1600361755659746
478,0.0852,0,3,0,16096,660348,441,125815,5.230230642504119,0.16003678626442608
479,0.0853,0,15,0,16111,660333,441,125815,5.230111836269168,0.16003983982659753
480,0.0855,0,5,0,16116,660328,441,125815,5.2300722341908505,0.16004085770654958
481,0.0856,0,3,0,16119,660325,441,125815,5.23004847294386,0.16004146844073575
482,0.0857,1,11,1,16130,660314,442,125814,5.229961348371562,0.16004263936661714
483,0.0858,2,16,2,16146,660298,444,125812,5.229834621720948,0.16004375977916577
484,0.086,0,42,0,16188,660256,444,125812,5.2295019642630844,0.16005231099599526
485,0.0861,0,3,0,16191,660253,444,125812,5.229478203016094,0.16005292183216402
486,0.0862,0,17,0,16208,660236,444,125812,5.229343555949816,0.16005638332519134
487,0.0863,0,5,0,16213,660231,444,125812,5.229303953871499,0.16005740143987035
488,0.0864,0,2,0,16215,660229,444,125812,5.229288113040172,0.1600578086893686
489,0.0865,0,12,0,16227,660217,444,125812,5.229193068052211,0.16006025222987955
490,0.0867,5,190,5,16417,660027,449,125807,5.227688189076162,0.16009360755579422
491,0.0868,1,6,1,16423,660021,450,125806,5.227640666582182,0.1600937610949993
492,0.087,0,13,0,16436,660008,450,125806,5.227537701178558,0.16009640958292928
493,0.0871,0,5,0,16441,660003,450,125806,5.227498099100241,0.16009742825546666
494,0.0872,0,3,0,16444,660000,450,125806,5.22747433785325,0.1600980394652115
495,0.0873,0,14,0,16458,659986,450,125806,5.227363452033963,0.16010089183906173
496,0.0874,0,9,0,16467,659977,450,125806,5.227292168292992,0.16010272556163724
497,0.0875,5,103,5,16570,659874,455,125801,5.226476365479661,0.16011836955484138
498,0.0876,0,3,0,16573,659871,455,125801,5.22645260423267,0.16011898094879287
499,0.0877,0,6,0,16579,659865,455,125801,5.226405081738689,0.16012020375070324
500,0.0878,0,4,0,16583,659861,455,125801,5.226373400076036,0.16012101896235276
501,0.0879,0,3,0,16586,659858,455,125801,5.226349638829046,0.1601216303765374
502,0.088,1,36,1,16622,659822,456,125800,5.226064503865163,0.16012789865864246
503,0.0881,1,7,1,16629,659815,457,125799,5.226009060955519,0.1601282563701767
504,0.0882,0,10,0,16639,659805,457,125799,5.225929856798885,0.16013029465226755
505,0.0883,2,92,2,16731,659713,459,125797,5.2252011785578505,0.16014691092411298
506,0.0884,0,1,0,16732,659712,459,125797,5.225193258142188,0.16014711480072158
507,0.0885,0,8,0,16740,659704,459,125797,5.22512989481688,0.16014874583227776
508,0.0886,0,5,0,16745,659699,459,125797,5.225090292738563,0.1601497652438714
509,0.0887,0,2,0,16747,659697,459,125797,5.225074451907236,0.16015017301214268
510,0.0888,0,6,0,16753,659691,459,125797,5.225026929413255,0.1601513963294156
511,0.0889,0,2,0,16755,659689,459,125797,5.225011088581929,0.16015180410599297
512,0.089,0,15,0,16770,659674,459,125797,5.2248922823469774,0.16015486249651484
513,0.0891,1,4,1,16774,659670,460,125796,5.224860600684324,0.16015460885639862
514,0.0892,0,16,0,16790,659654,460,125796,5.224733874033709,0.16015787128397735
515,0.0893,0,10,0,16800,659644,460,125796,5.224654669877075,0.16015991036871052
516,0.0894,0,1,0,16801,659643,460,125796,5.224646749461412,0.16016011428003957
517,0.0895,2,8,2,16809,659635,462,125794,5.224583386136104,0.16015960704277535
518,0.0897,0,5,0,16814,659630,462,125794,5.224543784057787,0.16016062661696104
519,0.0898,1,5,1,16819,659625,463,125793,5.22450418197947,0.1601605769157315
520,0.0899,0,1,0,16820,659624,463,125793,5.224496261563807,0.16016078083362087
521,0.09,64,2061,64,18881,657563,527,125729,5.208172284881511,0.16051357603550145
522,0.0901,0,2,0,18883,657561,527,125729,5.208156444050184,0.16051398588006996
523,0.0902,0,2,0,18885,657559,527,125729,5.208140603218857,0.16051439572673143
524,0.0903,0,13,0,18898,657546,527,125729,5.208037637815233,0.16051705978104752
525,0.0904,0,4,0,18902,657542,527,125729,5.208005956152579,0.1605178795078587
526,0.0905,0,5,0,18907,657537,527,125729,5.207966354074262,0.16051890417814638
527,0.0906,0,1,0,18908,657536,527,125729,5.2079584336585985,0.16051910911377376
528,0.0907,0,10,0,18918,657526,527,125729,5.207879229501964,0.16052115849882861
529,0.0908,1,32,1,18950,657494,528,125728,5.207625776200735,0.16052664506359626
530,0.0909,0,1,0,18951,657493,528,125728,5.207617855785071,0.16052685002061998
531,0.091,0,13,0,18964,657480,528,125728,5.207514890381447,0.16052951450955558
532,0.0911,0,1,0,18965,657479,528,125728,5.207506969965784,0.16052971947390665
533,0.0912,1,9,1,18974,657470,529,125727,5.207435686224813,0.16053049232823927
534,0.0913,0,8,0,18982,657462,529,125727,5.207372322899506,0.1605321320907214
535,0.0914,0,2,0,18984,657460,529,125727,5.207356482068179,0.1605325420365762
536,0.0915,0,1,0,18985,657459,529,125727,5.207348561652515,0.16053274701028875
537,0.0916,0,1,0,18986,657458,529,125727,5.207340641236852,0.16053295198452472
538,0.0917,5,70,5,19056,657388,534,125722,5.206786212140413,0.1605419417450933
539,0.0918,0,7,0,19063,657381,534,125722,5.206730769230769,0.1605433767971774
540,0.0919,0,2,0,19065,657379,534,125722,5.2067149283994425,0.16054378681677076
541,0.092,4,36,4,19101,657343,538,125718,5.20642979343556,0.16054687948959276
542,0.0921,0,4,0,19105,657339,538,125718,5.206398111772906,0.16054769959274995
543,0.0922,0,3,0,19108,657336,538,125718,5.206374350525915,0.16054831467561623
544,0.0923,1,13,1,19121,657323,539,125717,5.2062713851222915,0.1605499080506743
545,0.0924,1,0,1,19121,657323,540,125716,5.2062713851222915,0.16054883600944525
546,0.0925,5,138,5,19259,657185,545,125711,5.20517836776074,0.16057177453965787
547,0.0926,0,1,0,19260,657184,545,125711,5.205170447345076,0.1605719796396707
548,0.0927,2,15,2,19275,657169,547,125709,5.205051641110125,0.16057291174359223
549,0.0928,0,2,0,19277,657167,547,125709,5.205035800278798,0.16057332195647842
550,0.0929,1,11,1,19288,657156,548,125708,5.204948675706501,0.1605745059167365
551,0.093,0,10,0,19298,657146,548,125708,5.204869471549867,0.16057655705917068
552,0.0932,0,2,0,19300,657144,548,125708,5.2048536307185405,0.16057696729394572
553,0.0933,8,247,8,19547,656897,556,125700,5.202897288049677,0.1606190670293906
554,0.0934,1,3,1,19550,656894,557,125699,5.202873526802686,0.1606186101843487
555,0.0935,1,7,1,19557,656887,558,125698,5.2028180838930425,0.16061897429672176
556,0.0936,0,2,0,19559,656885,558,125698,5.202802243061716,0.16061938478091142
557,0.0937,1,6,1,19565,656879,559,125697,5.202754720567736,0.16061954366093517
558,0.0938,0,15,0,19580,656864,559,125697,5.2026359143327845,0.16062262238982009
559,0.0939,0,2,0,19582,656862,559,125697,5.202620073501457,0.16062303289592222
560,0.094,2,42,2,19624,656820,561,125695,5.202287416043594,0.16062950869951376
561,0.0942,1,16,1,19640,656804,562,125694,5.202160689392979,0.16063172046446125
562,0.0943,0,4,0,19644,656800,562,125694,5.202129007730326,0.16063254159137322
563,0.0944,0,6,0,19650,656794,562,125694,5.202081485236345,0.16063377329748188
564,0.0945,0,9,0,19659,656785,562,125694,5.202010201495375,0.1606356208920623
565,0.0946,0,3,0,19662,656782,562,125694,5.201986440248384,0.16063623676636726
566,0.0947,1,3,1,19665,656779,563,125693,5.201962679001394,0.16063577993845146
567,0.0948,0,11,0,19676,656768,563,125693,5.201875554429097,0.1606380381897628
568,0.0949,0,2,0,19678,656766,563,125693,5.20185971359777,0.160638448787732
569,0.095,13,464,13,20142,656302,576,125680,5.198184640729946,0.16071981196498128
570,0.0951,0,1,0,20143,656301,576,125680,5.198176720314282,0.1607200174940312
571,0.0952,0,2,0,20145,656299,576,125680,5.1981608794829555,0.16072042855370797
572,0.0953,1,9,1,20154,656290,577,125679,5.198089595741984,0.16072120506055868
573,0.0954,0,3,0,20157,656287,577,125679,5.198065834494995,0.16072182166488058
574,0.0955,0,1,0,20158,656286,577,125679,5.198057914079331,0.1607220272007059
575,0.0956,1,11,1,20169,656275,578,125678,5.197970789507034,0.16072321482237423
576,0.0957,0,8,0,20177,656267,578,125678,5.197907426181726,0.16072485916528656
577,0.0958,2,36,2,20213,656231,580,125676,5.197622291217843,0.16073011240467217
578,0.096,0,43,0,20256,656188,580,125676,5.197281713344316,0.16073895204281052
579,0.0961,1,2,1,20258,656186,581,125675,5.19726587251299,0.16073828979831453
580,0.0962,0,9,0,20267,656177,581,125675,5.197194588772018,0.16074014007766177
581,0.0963,0,12,0,20279,656165,581,125675,5.1970995437840575,0.16074260718305536
582,0.0965,1,23,1,20302,656142,582,125674,5.1969173742237995,0.16074626254770943
583,0.0966,1,0,1,20302,656142,583,125673,5.1969173742237995,0.1607451890792579
584,0.0967,5,203,5,20505,655939,588,125668,5.195309529844126,0.16078156925411363
585,0.0968,0,6,0,20511,655933,588,125668,5.195262007350146,0.1607828035020426
586,0.097,0,26,0,20537,655907,588,125668,5.195056076542897,0.16078815212871445
587,0.0971,1,4,1,20541,655903,589,125667,5.195024394880243,0.1607879012756375
588,0.0972,0,5,0,20546,655898,589,125667,5.194984792801926,0.1607889299034629
589,0.0973,0,14,0,20560,655884,589,125667,5.194873906982639,0.16079181013139257
590,0.0975,3,121,3,20681,655763,592,125664,5.193915536687365,0.16081348609658996
591,0.0976,0,4,0,20685,655759,592,125664,5.193883855024712,0.16081430927935317
592,0.0977,1,14,1,20699,655745,593,125663,5.1937729692054235,0.1608161165485892
593,0.0978,0,5,0,20704,655740,593,125663,5.193733367127106,0.16081714557021154
594,0.0979,0,2,0,20706,655738,593,125663,5.19371752629578,0.16081755718254775
595,0.098,0,26,0,20732,655712,593,125663,5.193511595488531,0.16082290833466645
596,0.0982,0,10,0,20742,655702,593,125663,5.193432391331897,0.16082496656492165
597,0.0983,6,101,6,20843,655601,599,125657,5.192632429349892,0.16083931300543483
598,0.0985,0,11,0,20854,655590,599,125657,5.192545304777595,0.1608415776316581
599,0.0986,0,4,0,20858,655586,599,125657,5.192513623114941,0.1608424011479143
600,0.0987,1,7,1,20865,655579,600,125656,5.192458180205297,0.16084276818114907
601,0.0988,0,7,0,20872,655572,600,125656,5.192402737295653,0.16084420937293595
602,0.0989,0,1,0,20873,655571,600,125656,5.19239481687999,0.16084441525958523
603,0.099,2,21,2,20894,655550,602,125654,5.192228488151058,0.16084659064725731
604,0.0991,0,2,0,20896,655548,602,125654,5.192212647319732,0.1608470024398299
605,0.0992,0,31,0,20927,655517,602,125654,5.191967114434165,0.1608533854943412
606,0.0993,1,16,1,20943,655501,603,125653,5.191840387783551,0.16085560593685752
607,0.0994,0,6,0,20949,655495,603,125653,5.19179286528957,0.16085684146922222
608,0.0995,1,5,1,20954,655490,604,125652,5.191753263211253,0.16085679684359566
609,0.0996,0,1,0,20955,655489,604,125652,5.19174534279559,0.16085700276902634
610,0.0997,0,3,0,20958,655486,604,125652,5.1917215815486,0.16085762054848182
611,0.0999,0,5,0,20963,655481,604,125652,5.191681979470283,0.16085865019145268
612,0.1,57,2102,57,23065,653379,661,125595,5.175033265745786,0.16123131195649662
613,0.1001,1,2,1,23067,653377,662,125594,5.17501742491446,0.1612306491512521
614,0.1002,0,4,0,23071,653373,662,125594,5.174985743251806,0.16123147707155758
615,0.1003,0,7,0,23078,653366,662,125594,5.174930300342162,0.16123292595255212
616,0.1004,0,3,0,23081,653363,662,125594,5.174906539095172,0.16123354690952132
617,0.1005,1,13,1,23094,653350,663,125593,5.174803573691547,0.16123516098097038
618,0.1007,0,18,0,23112,653332,663,125593,5.174661006209606,0.16123888692749622
619,0.1008,1,20,1,23132,653312,664,125592,5.174502597896337,0.16124195022749915
620,0.1009,0,1,0,23133,653311,664,125592,5.174494677480674,0.16124215723909138
621,0.101,1,12,1,23145,653299,665,125591,5.1743996324927135,0.1612435645598223
622,0.1011,0,2,0,23147,653297,665,125591,5.174383791661386,0.16124397859512535
623,0.1012,0,9,0,23156,653288,665,125591,5.1743125079204155,0.1612458417803022
624,0.1013,0,9,0,23165,653279,665,125591,5.174241224179445,0.16124770500853802
625,0.1014,0,6,0,23171,653273,665,125591,5.174193701685464,0.1612489471846176
626,0.1015,1,12,1,23183,653261,666,125590,5.174098656697503,0.16125035468915108
627,0.1017,2,105,2,23288,653156,668,125588,5.173267013052845,0.16126994236873735
628,0.1018,0,8,0,23296,653148,668,125588,5.1732036497275375,0.16127159910418934
629,0.1019,0,1,0,23297,653147,668,125588,5.173195729311875,0.16127180619851425
630,0.102,1,57,1,23354,653090,669,125587,5.17274426561906,0.16128253434992942
631,0.1021,0,1,0,23355,653089,669,125587,5.172736345203396,0.1612827414739892
632,0.1022,0,3,0,23358,653086,669,125587,5.172712583956406,0.16128336284936037
633,0.1023,0,11,0,23369,653075,669,125587,5.172625459384109,0.16128564126668568
634,0.1025,7,115,7,23484,652960,676,125580,5.171714611582816,0.16130192411436792
635,0.1027,0,8,0,23492,652952,676,125580,5.1716512482575085,0.1613035816125734
636,0.1028,1,3,1,23495,652949,677,125579,5.171627487010518,0.16130312589913273
637,0.1029,0,7,0,23502,652942,677,125579,5.171572044100874,0.16130457624136021
638,0.103,0,15,0,23517,652927,677,125579,5.171453237865923,0.16130768420538827
639,0.1031,0,1,0,23518,652926,677,125579,5.17144531745026,0.16130789140724852
640,0.1032,0,6,0,23524,652920,677,125579,5.171397794956279,0.16130913462958849
641,0.1033,11,231,11,23755,652689,688,125568,5.169568178938031,0.1613451597608502
642,0.1035,1,13,1,23768,652676,689,125567,5.169465213534406,0.16134677729192554
643,0.1036,0,4,0,23772,652672,689,125567,5.169433531871753,0.16134760658358166
644,0.1037,1,1,1,23773,652671,690,125566,5.169425611456089,0.1613467362769953
645,0.1038,1,10,1,23783,652661,691,125565,5.1693464072994555,0.16134773189279206
646,0.1039,0,2,0,23785,652659,691,125565,5.169330566468128,0.16134814654906557
647,0.104,2,51,2,23836,652608,693,125563,5.168926625269294,0.16135656558776926
648,0.1042,0,27,0,23863,652581,693,125563,5.168712774046382,0.16136216432948144
649,0.1043,0,11,0,23874,652570,693,125563,5.168625649474085,0.16136444540971787
650,0.1044,0,1,0,23875,652569,693,125563,5.168617729058421,0.16136465278384643
651,0.1045,0,10,0,23885,652559,693,125563,5.168538524901787,0.16136672655444775
652,0.1046,0,1,0,23886,652558,693,125563,5.168530604486123,0.16136693393443952
653,0.1047,0,10,0,23896,652548,693,125563,5.16845140032949,0.16136900776367383
654,0.1048,1,5,1,23901,652543,694,125562,5.168411798251173,0.1613689669132058
655,0.1049,0,2,0,23903,652541,694,125562,5.168395957419845,0.1613693816885425
656,0.105,14,508,14,24411,652033,708,125548,5.164372386262831,0.16145970644858865
657,0.1051,0,1,0,24412,652032,708,125548,5.164364465847168,0.16145991409244065
658,0.1052,0,2,0,24414,652030,708,125548,5.164348625015841,0.16146032938174693
659,0.1053,0,9,0,24423,652021,708,125548,5.16427734127487,0.16146219821006239
660,0.1054,1,4,1,24427,652017,709,125547,5.164245659612217,0.1614619503989382
661,0.1055,0,1,0,24428,652016,709,125547,5.164237739196553,0.16146215805021585
662,0.1056,0,2,0,24430,652014,709,125547,5.164221898365226,0.16146257335437347
663,0.1057,0,17,0,24447,651997,709,125547,5.164087251298948,0.1614661035259741
664,0.1058,3,21,3,24468,651976,712,125544,5.163920922570017,0.1614672291388003
665,0.1059,0,4,0,24472,651972,712,125544,5.163889240907363,0.161468059821277
666,0.106,4,50,4,24522,651922,716,125540,5.1634932201241925,0.16147412992532112
667,0.1061,0,6,0,24528,651916,716,125540,5.163445697630212,0.16147537609845444
668,0.1062,0,11,0,24539,651905,716,125540,5.163358573057914,0.1614776607991562
669,0.1063,1,12,1,24551,651893,717,125539,5.163263528069953,0.16147907469720824
670,0.1064,0,3,0,24554,651890,717,125539,5.163239766822963,0.16147969782449587
671,0.1065,1,16,1,24570,651874,718,125538,5.163113040172348,0.16148194265074375
672,0.1067,13,284,13,24854,651590,731,125525,5.160863642123939,0.1615269297336945
673,0.1068,3,9,3,24863,651581,734,125522,5.160792358382968,0.16152556353533573
674,0.1069,0,2,0,24865,651579,734,125522,5.160776517551641,0.16152597924851467
675,0.107,0,20,0,24885,651559,734,125522,5.1606181092383725,0.161530136497997
676,0.1071,2,13,2,24898,651546,736,125520,5.160515143834749,0.161530680791593
677,0.1072,0,2,0,24900,651544,736,125520,5.160499303003421,0.16153109653773692
678,0.1073,2,15,2,24915,651529,738,125518,5.160380496768471,0.16153205661948378
679,0.1074,0,1,0,24916,651528,738,125518,5.160372576352807,0.16153226449914163
680,0.1075,4,136,4,25052,651392,742,125514,5.159295399822582,0.16155622430512828
681,0.1076,0,3,0,25055,651389,742,125514,5.159271638575593,0.16155684815221463
682,0.1077,0,11,0,25066,651378,742,125514,5.159184514003295,0.16155913563275204
683,0.1078,0,7,0,25073,651371,742,125514,5.159129071093651,0.161560591335912
684,0.1079,0,2,0,25075,651369,742,125514,5.159113230262324,0.16156100725591885
685,0.108,2,35,2,25110,651334,744,125512,5.158836015714105,0.16156612764949552
686,0.1081,0,1,0,25111,651333,744,125512,5.158828095298441,0.16156633562679815
687,0.1082,3,6,3,25117,651327,747,125509,5.158780572804461,0.16156434562764857
688,0.1083,6,115,6,25232,651212,753,125503,5.157869725003168,0.16158178997444364
689,0.1085,0,11,0,25243,651201,753,125503,5.1577826004308704,0.16158407836189848
690,0.1086,0,8,0,25251,651193,753,125503,5.157719237105563,0.16158574268439646
691,0.1087,1,16,1,25267,651177,754,125502,5.157592510454949,0.16158799195034243
692,0.1088,1,6,1,25273,651171,755,125501,5.157544987960968,0.16158816076799473
693,0.1089,0,2,0,25275,651169,755,125501,5.157529147129641,0.16158857687306064
694,0.109,0,24,0,25299,651145,755,125501,5.157339057153719,0.1615935703010123
695,0.1091,0,4,0,25303,651141,755,125501,5.157307375491066,0.16159440256900862
696,0.1092,0,34,0,25337,651107,755,125501,5.157038081358509,0.16160147719312704
697,0.1093,1,20,1,25357,651087,756,125500,5.156879673045242,0.16160455943764188
698,0.1094,2,0,2,25357,651087,758,125498,5.156879673045242,0.16160240025238706
699,0.1095,0,7,0,25364,651080,758,125498,5.156824230135597,0.1616038569210047
700,0.1096,0,4,0,25368,651076,758,125498,5.156792548472944,0.16160468931486247
701,0.1097,0,4,0,25372,651072,758,125498,5.1567608668102904,0.16160552171729528
702,0.1098,0,4,0,25376,651068,758,125498,5.156729185147636,0.16160635412830332
703,0.1099,0,3,0,25379,651065,758,125498,5.156705423900647,0.1616069784421869
704,0.11,64,2296,64,27675,648769,822,125434,5.138520149537448,0.16201693870987324
705,0.1102,0,6,0,27681,648763,822,125434,5.138472627043467,0.16201819433555026
706,0.1103,1,9,1,27690,648754,823,125433,5.138401343302497,0.16201899541066953
707,0.1104,0,3,0,27693,648751,823,125433,5.138377582055506,0.16201962324202
708,0.1105,0,3,0,27696,648748,823,125433,5.138353820808516,0.16202025107823623
709,0.1106,0,6,0,27702,648742,823,125433,5.138306298314536,0.16202150676526625
710,0.1107,1,12,1,27714,648730,824,125432,5.138211253326575,0.16202293576796586
711,0.1108,1,35,1,27749,648695,825,125431,5.137934038778355,0.16202917871250933
712,0.1109,1,2,1,27751,648693,826,125430,5.1379181979470285,0.16202851484841557
713,0.111,1,22,1,27773,648671,827,125429,5.1377439488024335,0.16203203720449555
714,0.1111,1,10,1,27783,648661,828,125428,5.137664744645799,0.1620330478795074
715,0.1112,0,9,0,27792,648652,828,125428,5.137593460904828,0.16203493178999587
716,0.1113,0,7,0,27799,648645,828,125428,5.137538017995184,0.16203639708399595
717,0.1114,1,5,1,27804,648640,829,125427,5.137498415916867,0.1620363611935401
718,0.1115,0,12,0,27816,648628,829,125427,5.137403370928906,0.16203887320668428
719,0.1116,1,3,1,27819,648625,830,125426,5.137379609681916,0.1620384186571686
720,0.1117,5,137,5,27956,648488,835,125421,5.136294512736028,0.1620616894234335
721,0.1118,0,4,0,27960,648484,835,125421,5.136262831073375,0.16206252705435423
722,0.1119,0,3,0,27963,648481,835,125421,5.1362390698263845,0.16206315528322707
723,0.112,0,65,0,28028,648416,835,125421,5.135724242808263,0.16207676810491098
724,0.1121,0,1,0,28029,648415,835,125421,5.135716322392599,0.1620769775507989
725,0.1122,0,10,0,28039,648405,835,125421,5.135637118235965,0.16207907203945074
726,0.1123,1,22,1,28061,648383,836,125420,5.13546286909137,0.16208259725020452
727,0.1124,0,1,0,28062,648382,836,125420,5.135454948675706,0.16208280671282835
728,0.1125,9,171,9,28233,648211,845,125411,5.134100557597263,0.16210888521784542
729,0.1126,0,2,0,28235,648209,845,125411,5.134084716765936,0.16210930430960938
730,0.1127,2,16,2,28251,648193,847,125409,5.133957990115321,0.1621104909242737
731,0.1128,0,3,0,28254,648190,847,125409,5.133934228868331,0.16211111958521146
732,0.1129,0,8,0,28262,648182,847,125409,5.133870865543024,0.16211279603821657
733,0.113,1,9,1,28271,648173,848,125408,5.1337995818020525,0.16211359896378014
734,0.1131,0,1,0,28272,648172,848,125408,5.13379166138639,0.16211380852659066
735,0.1132,0,7,0,28279,648165,848,125408,5.133736218476746,0.16211527548143484
736,0.1133,12,331,12,28610,647834,860,125396,5.131114560892156,0.16217166949031983
737,0.1135,1,10,1,28620,647824,861,125395,5.131035356735522,0.16217268328895176
738,0.1136,0,7,0,28627,647817,861,125395,5.130979913825877,0.16217415146169487
739,0.1137,1,10,1,28637,647807,862,125394,5.130900709669244,0.1621751653192378
740,0.1138,1,11,1,28648,647796,863,125393,5.130813585096946,0.16217638895535244
741,0.1139,0,3,0,28651,647793,863,125393,5.130789823849955,0.16217701820777924
742,0.114,3,70,3,28721,647723,866,125390,5.130235394753517,0.16218845110611255
743,0.1141,0,1,0,28722,647722,866,125390,5.130227474337853,0.16218866089260028
744,0.1142,4,33,4,28755,647689,870,125386,5.129966100620961,0.16219124923196326
745,0.1143,1,17,1,28772,647672,871,125385,5.129831453554683,0.16219373215687846
746,0.1144,0,3,0,28775,647669,871,125385,5.1298076923076925,0.16219436158405492
747,0.1145,0,6,0,28781,647663,871,125385,5.129760169813712,0.1621956204530637
748,0.1146,0,3,0,28784,647660,871,125385,5.129736408566721,0.16219624989489614
749,0.1147,0,14,0,28798,647646,871,125385,5.129625522747434,0.1621991873547115
750,0.1148,0,10,0,28808,647636,871,125385,5.1295463185907995,0.16220128560543634
751,0.1149,1,2,1,28810,647634,872,125384,5.129530477759473,0.16220062146030234
752,0.115,22,623,22,29433,647011,894,125362,5.124596058801166,0.1623075897267253
753,0.1151,0,2,0,29435,647009,894,125362,5.124580217969839,0.1623080100107332
754,0.1152,0,4,0,29439,647005,894,125362,5.124548536307185,0.16230885058527875
755,0.1153,1,20,1,29459,646985,895,125361,5.124390127993917,0.16231196898799244
756,0.1154,0,2,0,29461,646983,895,125361,5.12437428716259,0.162312389298033
757,0.1155,0,5,0,29466,646978,895,125361,5.124334685084273,0.162313440082658
758,0.1156,0,4,0,29470,646974,895,125361,5.12430300342162,0.16231428072015383
759,0.1157,2,18,2,29488,646956,897,125359,5.124160435939678,0.16231589442131772
760,0.1158,3,38,3,29526,646918,900,125356,5.123859460144469,0.16232062713492879
761,0.1159,0,3,0,29529,646915,900,125356,5.123835698897478,0.1623212576932191
762,0.116,3,57,3,29586,646858,903,125353,5.1233842352046635,0.16232998493934947
763,0.1161,0,3,0,29589,646855,903,125353,5.123360473957673,0.16233061558543813
764,0.1162,0,10,0,29599,646845,903,125353,5.123281269801039,0.16233271777445682
765,0.1163,2,8,2,29607,646837,905,125351,5.123217906475732,0.16233222997508379
766,0.1164,0,4,0,29611,646833,905,125351,5.123186224813078,0.16233307087429938
767,0.1165,2,14,2,29625,646819,907,125349,5.12307533899379,0.16233384444835838
768,0.1166,0,3,0,29628,646816,907,125349,5.1230515777468,0.16233447514456106
769,0.1167,11,257,11,29885,646559,918,125338,5.121016030921303,0.1623765865134856
770,0.1168,0,6,0,29891,646553,918,125338,5.120968508427322,0.1623778486858896
771,0.1169,0,2,0,29893,646551,918,125338,5.120952667595995,0.1623782694143847
772,0.117,2,30,2,29923,646521,920,125336,5.120715055126093,0.1623824102132908
773,0.1171,0,14,0,29937,646507,920,125336,5.120604169306805,0.16238535557101638
774,0.1172,0,10,0,29947,646497,920,125336,5.120524965150171,0.16238745946338132
775,0.1173,1,14,1,29961,646483,921,125335,5.120414079330883,0.1623893197619128
776,0.1174,0,1,0,29962,646482,921,125335,5.12040615891522,0.1623895301606469
777,0.1175,9,138,9,30100,646344,930,125326,5.119313141553668,0.1624088016898415
778,0.1176,0,1,0,30101,646343,930,125326,5.1193052211380055,0.16240901215417491
779,0.1177,1,5,1,30106,646338,931,125325,5.119265619059688,0.1624089790491445
780,0.1178,1,11,1,30117,646327,932,125324,5.11917849448739,0.16241020876017787
781,0.1179,0,10,0,30127,646317,932,125324,5.119099290330756,0.16241231349811636
782,0.118,0,34,0,30161,646283,932,125324,5.1188299961982,0.16241947001517612
783,0.1182,0,8,0,30169,646275,932,125324,5.118766632872894,0.16242115399320114
784,0.1183,5,127,5,30296,646148,937,125319,5.117760740083639,0.16244246351431751
785,0.1184,0,1,0,30297,646147,937,125319,5.1177528196679765,0.16244267407766513
786,0.1185,0,17,0,30314,646130,937,125319,5.1176181726016985,0.16244625373809546
787,0.1186,0,1,0,30315,646129,937,125319,5.117610252186035,0.1624464643112692
788,0.1187,0,14,0,30329,646115,937,125319,5.117499366366747,0.1624494123930239
789,0.1188,0,3,0,30332,646112,937,125319,5.117475605119757,0.16245004413874994
790,0.1189,0,1,0,30333,646111,937,125319,5.117467684704093,0.1624502547217505
791,0.119,1,36,1,30369,646075,938,125318,5.11718254974021,0.16245675032052403
792,0.1192,3,46,3,30415,646029,941,125315,5.1168182106196936,0.16246318114874816
793,0.1193,1,18,1,30433,646011,942,125314,5.116675643137752,0.16246588662366707
794,0.1194,0,1,0,30434,646010,942,125314,5.116667722722088,0.16246609725614658
795,0.1195,0,5,0,30439,646005,942,125314,5.116628120643772,0.16246715042673654
796,0.1197,1,2,1,30441,646003,943,125313,5.116612279812444,0.16246648585015738
797,0.1198,0,3,0,30444,646000,943,125313,5.116588518565455,0.16246711775893832
798,0.1199,0,2,0,30446,645998,943,125313,5.116572677734127,0.16246753903418984
799,0.12,78,2595,78,33041,643403,1021,125235,5.096019199087568,0.16293105467072927
800,0.1201,0,6,0,33047,643397,1021,125235,5.095971676593588,0.16293232652296546
801,0.1202,0,3,0,33050,643394,1021,125235,5.095947915346597,0.16293296245652975
802,0.1203,0,7,0,33057,643387,1021,125235,5.095892472436954,0.1629344463208183
803,0.1204,0,3,0,33060,643384,1021,125235,5.095868711189963,0.16293508227093007
804,0.1205,1,10,1,33070,643374,1022,125234,5.095789507033329,0.16293611307714725
805,0.1206,0,1,0,33071,643373,1022,125234,5.095781586617666,0.162936325065996
806,0.1207,4,23,4,33094,643350,1026,125230,5.095599417057407,0.16293684457050664
807,0.1208,2,32,2,33126,643318,1028,125228,5.095345963756178,0.1629414504792166
808,0.1209,0,2,0,33128,643316,1028,125228,5.095330122924851,0.16294187450555855
809,0.121,2,28,2,33156,643288,1030,125226,5.095108351286275,0.16294563274058768
810,0.1211,0,3,0,33159,643285,1030,125226,5.095084590039285,0.16294626882373836
811,0.1212,0,16,0,33175,643269,1030,125226,5.094957863388671,0.1629496613510823
812,0.1213,0,18,0,33193,643251,1030,125226,5.094815295906729,0.16295347811320313
813,0.1214,1,6,1,33199,643245,1031,125225,5.094767773412749,0.16295366117089802
814,0.1215,0,9,0,33208,643236,1031,125225,5.094696489671778,0.16295556963853727
815,0.1216,1,2,1,33210,643234,1032,125224,5.094680648840451,0.16295490449705774
816,0.1217,9,137,9,33347,643097,1041,125215,5.0935955518945635,0.16297415633232332
817,0.1218,1,12,1,33359,643085,1042,125214,5.093500506906603,0.16297561235925076
818,0.1219,0,1,0,33360,643084,1042,125214,5.093492586490939,0.16297582448477024
819,0.122,3,48,3,33408,643036,1045,125211,5.093112406539095,0.16298273862442678
820,0.1221,0,2,0,33410,643034,1045,125211,5.093096565707769,0.16298316292328618
821,0.1222,0,1,0,33411,643033,1045,125211,5.093088645292105,0.16298337507354435
822,0.1223,1,11,1,33422,643022,1046,125210,5.093001520719807,0.16298461922960772
823,0.1225,7,182,7,33604,642840,1053,125203,5.091560005069066,0.16301561240711784
824,0.1227,1,14,1,33618,642826,1054,125202,5.091449119249778,0.16301749415385897
825,0.1228,0,4,0,33622,642822,1054,125202,5.091417437587125,0.16301834317677572
826,0.1229,0,12,0,33634,642810,1054,125202,5.091322392599164,0.16302089029858907
827,0.123,0,18,0,33652,642792,1054,125202,5.091179825117222,0.1630247111305557
828,0.1231,1,2,1,33654,642790,1055,125201,5.091163984285895,0.16302404585470404
829,0.1232,0,1,0,33655,642789,1055,125201,5.091156063870232,0.16302425812836105
830,0.1233,23,341,23,33996,642448,1078,125178,5.0884552021290075,0.1630715999718613
831,0.1234,0,4,0,34000,642444,1078,125178,5.088423520466354,0.1630724497213472
832,0.1235,0,11,0,34011,642433,1078,125178,5.088336395894056,0.1630747865780975
833,0.1237,1,9,1,34020,642424,1079,125177,5.088265112153086,0.16307560829128676
834,0.1238,0,15,0,34035,642409,1079,125177,5.088146305918134,0.1630787950796393
835,0.1239,1,3,1,34038,642406,1080,125176,5.088122544671144,0.16307834211849678
836,0.124,2,70,2,34108,642336,1082,125174,5.0875681155747055,0.16309103464449975
837,0.1241,1,1,1,34109,642335,1083,125173,5.087560195159042,0.16309015671497887
838,0.1242,0,45,0,34154,642290,1083,125173,5.087203776454189,0.16309971946530322
839,0.1243,2,18,2,34172,642272,1085,125171,5.087061208972247,0.16310136387979302
840,0.1244,0,1,0,34173,642271,1085,125171,5.087053288556583,0.163101576405774
841,0.1245,0,14,0,34187,642257,1085,125171,5.086942402737296,0.1631045518276633
842,0.1246,1,6,1,34193,642251,1086,125170,5.086894880243316,0.16310473651359553
843,0.1247,0,15,0,34208,642236,1086,125170,5.086776074008364,0.16310792461878068
844,0.1248,0,2,0,34210,642234,1086,125170,5.086760233177037,0.16310834970888866
845,0.125,24,692,24,34902,641542,1110,125146,5.081279305537954,0.16322937100880672
846,0.1251,0,2,0,34904,641540,1110,125146,5.081263464706628,0.16322979681381947
847,0.1252,1,7,1,34911,641533,1111,125145,5.081208021796984,0.1632301957275414
848,0.1253,1,16,1,34927,641517,1112,125144,5.081081295146369,0.16323251084899323
849,0.1254,0,2,0,34929,641515,1112,125144,5.081065454315042,0.16323293667719285
850,0.1255,0,8,0,34937,641507,1112,125144,5.0810020909897355,0.16323464001220894
851,0.1256,0,5,0,34942,641502,1112,125144,5.080962488911418,0.16323570461464612
852,0.1257,1,16,1,34958,641486,1113,125143,5.080835762260803,0.16323801995489343
853,0.1258,7,46,7,35004,641440,1120,125136,5.0804714231402865,0.1632401744902006
854,0.126,3,62,3,35066,641378,1123,125133,5.079980357369155,0.16325010339055798
855,0.1261,0,3,0,35069,641375,1123,125133,5.079956596122164,0.16325074232754258
856,0.1262,0,13,0,35082,641362,1123,125133,5.0798536307185405,0.1632535111122708
857,0.1263,0,11,0,35093,641351,1123,125133,5.0797665061462425,0.16325585400347561
858,0.1264,0,4,0,35097,641347,1123,125133,5.079734824483589,0.16325670598058659
859,0.1265,0,12,0,35109,641335,1123,125133,5.079639779495628,0.1632592619652745
860,0.1266,0,2,0,35111,641333,1123,125133,5.079623938664301,0.16325968797050358
861,0.1267,19,344,19,35455,640989,1142,125114,5.076899315676087,0.16331224391498272
862,0.1268,0,13,0,35468,640976,1142,125114,5.0767963502724625,0.16331501520709055
863,0.1269,0,2,0,35470,640974,1142,125114,5.076780509441136,0.1633154415680705
864,0.127,1,36,1,35506,640938,1143,125113,5.076495374477252,0.16332202425164905
865,0.1271,0,6,0,35512,640932,1143,125113,5.076447851983272,0.1633233034612849
866,0.1272,0,5,0,35517,640927,1143,125113,5.076408249904955,0.1633243694846222
867,0.1273,1,23,1,35540,640904,1144,125112,5.076226080344696,0.1633281811345977
868,0.1274,1,4,1,35544,640900,1145,125111,5.076194398682043,0.1633279417658493
869,0.1275,5,172,5,35716,640728,1150,125106,5.074832087187936,0.1633591613848432
870,0.1276,1,7,1,35723,640721,1151,125105,5.074776644278292,0.1633595620937393
871,0.1277,0,15,0,35738,640706,1151,125105,5.074657838043341,0.16336276183026882
872,0.1278,0,4,0,35742,640702,1151,125105,5.0746261563806865,0.1633636151145132
873,0.1279,1,7,1,35749,640695,1152,125104,5.074570713471043,0.16336401588406357
874,0.128,1,34,1,35783,640661,1153,125103,5.074301419338487,0.16337017671240747
875,0.1281,0,6,0,35789,640655,1153,125103,5.074253896844507,0.16337145677877346
876,0.1282,1,10,1,35799,640645,1154,125102,5.074174692687873,0.1633724977048555
877,0.1283,7,191,7,35990,640454,1161,125095,5.07266189329616,0.16340560826282838
878,0.1284,0,2,0,35992,640452,1161,125095,5.072646052464833,0.16340603516178628
879,0.1285,2,7,2,35999,640445,1163,125093,5.072590609555189,0.1634053436929323
880,0.1286,0,6,0,36005,640439,1163,125093,5.072543087061209,0.16340662441282663
881,0.1287,1,16,1,36021,640423,1164,125092,5.072416360410594,0.16340894691808783
882,0.1288,0,8,0,36029,640415,1164,125092,5.072352997085287,0.16341065463803728
883,0.1289,0,2,0,36031,640413,1164,125092,5.07233715625396,0.16341108157360174
884,0.129,1,39,1,36070,640374,1165,125091,5.072028260043087,0.1634183143579393
885,0.1291,0,5,0,36075,640369,1165,125091,5.07198865796477,0.1634193818096308
886,0.1292,1,45,1,36120,640324,1166,125090,5.071632239259916,0.16342789653703746
887,0.1293,2,40,2,36160,640284,1168,125088,5.07131542263338,0.16343425157962402
888,0.1295,0,9,0,36169,640275,1168,125088,5.071244138892409,0.16343617342359115
889,0.1296,1,5,1,36174,640270,1169,125087,5.071204536814092,0.16343614809820775
890,0.1297,0,6,0,36180,640264,1169,125087,5.071157014320112,0.16343742936247552
891,0.1298,0,13,0,36193,640251,1169,125087,5.071054048916487,0.1634402055039734
892,0.1299,0,5,0,36198,640246,1169,125087,5.07101444683817,0.1634412732758159
893,0.13,87,2760,87,38958,637486,1256,125000,5.049154099607147,0.1639374362283373
894,0.1302,0,14,0,38972,637472,1256,125000,5.04904321378786,0.16394044633770158
895,0.1303,1,15,1,38987,637457,1257,124999,5.048924407552908,0.16394257504695353
896,0.1304,0,7,0,38994,637450,1257,124999,5.0488689646432645,0.16394408019421627
897,0.1305,0,8,0,39002,637442,1257,124999,5.048805601317957,0.16394580039635853
898,0.1306,0,2,0,39004,637440,1257,124999,5.04878976048663,0.16394623045253456
899,0.1307,2,15,2,39019,637425,1259,124997,5.048670954251679,0.1639472628019653
900,0.1308,0,46,0,39065,637379,1259,124997,5.048306615131162,0.16395715499963273
901,0.131,4,38,4,39103,637341,1263,124993,5.048005639335952,0.1639609410048614
902,0.1311,0,3,0,39106,637338,1263,124993,5.0479818780889625,0.1639615862400978
903,0.1312,1,8,1,39114,637330,1264,124992,5.047918514763655,0.16396221019464216
904,0.1313,0,11,0,39125,637319,1264,124992,5.047831390191357,0.16396457613756066
905,0.1314,1,6,1,39131,637313,1265,124991,5.047783867697377,0.16396476996054068
906,0.1315,1,7,1,39138,637306,1266,124990,5.047728424787733,0.1639651788806448
907,0.1316,0,3,0,39141,637303,1266,124990,5.047704663540743,0.16396582416472405
908,0.1317,9,153,9,39294,637150,1275,124981,5.04649283994424,0.16398886805549176
909,0.1318,0,8,0,39302,637142,1275,124981,5.046429476618933,0.16399058944553568
910,0.1319,0,2,0,39304,637140,1275,124981,5.046413635787606,0.16399101979869338
911,0.132,4,67,4,39371,637073,1279,124977,5.045882967938158,0.1640010497998819
912,0.1321,0,4,0,39375,637069,1279,124977,5.045851286275504,0.16400191064581404
913,0.1322,0,7,0,39382,637062,1279,124977,5.04579584336586,0.16400341714794126
914,0.1323,0,7,0,39389,637055,1279,124977,5.045740400456216,0.16400492367774583
915,0.1324,0,8,0,39397,637047,1279,124977,5.0456770371309085,0.1640066454599855
916,0.1325,9,195,9,39592,636852,1288,124968,5.044132556076543,0.16403874931086082
917,0.1326,1,2,1,39594,636850,1289,124967,5.044116715245216,0.1640380826366437
918,0.1327,2,16,2,39610,636834,1291,124965,5.043989988594602,0.1640393332099412
919,0.1328,1,6,1,39616,636828,1292,124964,5.043942466100621,0.16403952785012182
920,0.1329,0,16,0,39632,636812,1292,124964,5.0438157394500065,0.16404297326248135
921,0.133,0,14,0,39646,636798,1292,124964,5.043704853630719,0.16404598811702342
922,0.1331,0,3,0,39649,636795,1292,124964,5.0436810923837285,0.16404663417169998
923,0.1332,1,7,1,39656,636788,1293,124963,5.043625649474085,0.1640470442441165
924,0.1333,16,358,16,40014,636430,1309,124947,5.040790140666582,0.16410661209886823
925,0.1334,0,1,0,40015,636429,1309,124947,5.040782220250919,0.16410682763838103
926,0.1335,0,9,0,40024,636420,1309,124947,5.040710936509948,0.16410876751947484
927,0.1336,0,2,0,40026,636418,1309,124947,5.040695095678621,0.16410919861039056
928,0.1337,0,13,0,40039,636405,1309,124947,5.040592130274997,0.1641120007565489
929,0.1338,1,13,1,40052,636392,1310,124946,5.0404891648713726,0.16411370508236814
930,0.1339,0,15,0,40067,636377,1310,124946,5.040370358636421,0.16411693853988385
931,0.134,6,73,6,40140,636304,1316,124940,5.039792168292992,0.16412608835012163
932,0.1342,2,52,2,40192,636252,1318,124938,5.039380306678495,0.16413510424466954
933,0.1343,0,16,0,40208,636236,1318,124938,5.0392535800278795,0.16413855439098024
934,0.1344,0,1,0,40209,636235,1318,124938,5.039245659612217,0.16413877002994062
935,0.1345,1,6,1,40215,636229,1319,124937,5.039198137118236,0.16413896574466016
936,0.1346,0,4,0,40219,636225,1319,124937,5.039166455455582,0.16413982831512872
937,0.1347,1,14,1,40233,636211,1320,124936,5.039055569636295,0.16414174922846703
938,0.1348,0,6,0,40239,636205,1320,124936,5.039008047142314,0.16414304314180947
939,0.1349,2,7,2,40246,636198,1322,124934,5.03895260423267,0.16414235638496344
940,0.135,27,728,27,40974,635470,1349,124907,5.033186541629704,0.16426982930835626
941,0.1351,0,1,0,40975,635469,1349,124907,5.0331786212140415,0.16427004534598671
942,0.1352,0,5,0,40980,635464,1349,124907,5.033139019135724,0.16427112554266274
943,0.1353,2,13,2,40993,635451,1351,124905,5.0330360537321,0.16427173587109195
944,0.1354,0,4,0,40997,635447,1351,124905,5.033004372069446,0.16427260005892008
945,0.1355,0,17,0,41014,635430,1351,124905,5.032869725003168,0.16427627295863007
946,0.1356,0,2,0,41016,635428,1351,124905,5.032853884171842,0.16427670507527622
947,0.1357,0,29,0,41045,635399,1351,124905,5.032624192117602,0.16428297102211747
948,0.1358,3,66,3,41111,635333,1354,124902,5.032101444683817,0.1642939354278611
949,0.1359,1,3,1,41114,635330,1355,124901,5.032077683436826,0.16429348448037503
950,0.136,4,81,4,41195,635249,1359,124897,5.03143612976809,0.16430659373330914
951,0.1361,0,4,0,41199,635245,1359,124897,5.0314044481054365,0.16430745834330954
952,0.1362,1,15,1,41214,635230,1360,124896,5.031285641870485,0.1643096013029419
953,0.1363,0,12,0,41226,635218,1360,124896,5.031190596882524,0.16431219527597177
954,0.1364,0,2,0,41228,635216,1360,124896,5.031174756051198,0.16431262761277285
955,0.1365,0,18,0,41246,635198,1360,124896,5.031032188569256,0.16431651874636558
956,0.1366,0,5,0,41251,635193,1360,124896,5.030992586490939,0.16431759964951473
957,0.1367,14,385,14,41636,634808,1374,124882,5.027943226460525,0.16438547302189052
958,0.1368,1,11,1,41647,634797,1375,124881,5.0278561018882275,0.1643867533349656
959,0.1369,1,2,1,41649,634795,1376,124880,5.0278402610569,0.16438608615526376
960,0.137,4,30,4,41679,634765,1380,124876,5.027602648586998,0.16438817809991826
961,0.1371,1,15,1,41694,634750,1381,124875,5.027483842352047,0.16439032417311172
962,0.1372,0,4,0,41698,634746,1381,124875,5.027452160689393,0.1643911898170272
963,0.1373,2,26,2,41724,634720,1383,124873,5.027246229882144,0.16439461659072688
964,0.1374,0,2,0,41726,634718,1383,124873,5.027230389050818,0.1643950494410808
965,0.1375,9,180,9,41906,634538,1392,124864,5.025804714231403,0.1644241126570644
966,0.1376,1,7,1,41913,634531,1393,124863,5.025749271321759,0.16442452797888843
967,0.1377,1,13,1,41926,634518,1394,124862,5.025646305918134,0.164426242460955
968,0.1378,0,5,0,41931,634513,1394,124862,5.025606703839817,0.16442732510288066
969,0.1379,1,8,1,41939,634505,1395,124861,5.02554334051451,0.1644279570062394
970,0.138,1,44,1,41983,634461,1396,124860,5.02519484222532,0.16443638461204155
971,0.1381,0,7,0,41990,634454,1396,124860,5.025139399315676,0.1644379005260011
972,0.1382,0,6,0,41996,634448,1396,124860,5.025091876821696,0.16443919990306963
973,0.1383,14,187,14,42183,634261,1410,124846,5.023610759092637,0.16446429818194272
974,0.1384,0,2,0,42185,634259,1410,124846,5.023594918261311,0.16446473149300822
975,0.1385,0,26,0,42211,634233,1410,124846,5.023388987454061,0.1644703647446445
976,0.1386,0,6,0,42217,634227,1410,124846,5.023341464960081,0.16447166478059422
977,0.1387,1,9,1,42226,634218,1411,124845,5.02327018121911,0.1644725141391426
978,0.1388,1,12,1,42238,634206,1412,124844,5.023175136231149,0.16447401356959357
979,0.1389,0,6,0,42244,634200,1412,124844,5.023127613737169,0.1644753136840552
980,0.139,1,44,1,42288,634156,1413,124843,5.022779115447979,0.16448374767292184
981,0.1391,0,1,0,42289,634155,1413,124843,5.022771195032315,0.16448396438462287
982,0.1392,3,59,3,42348,634096,1416,124840,5.022303890508174,0.16449344872294897
983,0.1393,0,23,0,42371,634073,1416,124840,5.022121720947915,0.1644984339443388
984,0.1394,0,5,0,42376,634068,1416,124840,5.022082118869598,0.16449951772810406
985,0.1395,1,10,1,42386,634058,1417,124839,5.022002914712965,0.16450058440078166
986,0.1396,0,5,0,42391,634053,1417,124839,5.0219633126346475,0.16450166822156512
987,0.1397,0,10,0,42401,634043,1417,124839,5.021884108478013,0.16450383590597747
988,0.1398,0,14,0,42415,634029,1417,124839,5.021773222658725,0.1645068707601322
989,0.1399,0,3,0,42418,634026,1417,124839,5.021749461411735,0.16450752110059103
990,0.14,99,2830,99,45248,631196,1516,124740,4.999334685084273,0.16501396943656607
991,0.1401,0,1,0,45249,631195,1516,124740,4.99932676466861,0.16501418772778081
992,0.1402,0,5,0,45254,631190,1516,124740,4.999287162590293,0.16501527919251782
993,0.1403,2,17,2,45271,631173,1518,124738,4.999152515524015,0.16501678107607906
994,0.1404,0,5,0,45276,631168,1518,124738,4.999112913445698,0.16501787259262396
995,0.1405,0,11,0,45287,631157,1518,124738,4.9990257888734,0.1650202739798517
996,0.1406,0,3,0,45290,631154,1518,124738,4.9990020276264096,0.16502092891577103
997,0.1407,1,32,1,45322,631122,1519,124737,4.99874857432518,0.16502681055593701
998,0.1408,1,57,1,45379,631065,1520,124736,4.998297110632366,0.16503815157693627
999,0.1409,0,2,0,45381,631063,1520,124736,4.998281269801039,0.16503858830191626
1000,0.141,0,39,0,45420,631024,1520,124736,4.997972373590166,0.16504710490102678
1001,0.1411,0,4,0,45424,631020,1520,124736,4.9979406919275124,0.16504797844807054
1002,0.1412,0,19,0,45443,631001,1520,124736,4.997790204029908,0.16505212792280913
1003,0.1413,0,12,0,45455,630989,1520,124736,4.997695159041947,0.1650547487511992
1004,0.1414,1,8,1,45463,630981,1521,124735,4.997631795716639,0.16505539117869675
1005,0.1415,1,8,1,45471,630973,1522,124734,4.997568432391332,0.16505603362149615
1006,0.1416,0,1,0,45472,630972,1522,124734,4.997560511975668,0.16505625203452137
1007,0.1417,12,165,12,45637,630807,1534,124722,4.9962536433912055,0.16507903733675344
1008,0.1418,0,5,0,45642,630802,1534,124722,4.996214041312888,0.16508012981718648
1009,0.1419,0,2,0,45644,630800,1534,124722,4.996198200481562,0.1650805668134085
1010,0.142,3,43,3,45687,630757,1537,124719,4.9958576226080345,0.1650866473587513
1011,0.1421,1,2,1,45689,630755,1538,124718,4.995841781776708,0.16508597924743837
1012,0.1422,0,4,0,45693,630751,1538,124718,4.995810100114054,0.1650868533321685
1013,0.1423,0,13,0,45706,630738,1538,124718,4.99570713471043,0.1650896941714673
1014,0.1424,0,8,0,45714,630730,1538,124718,4.995643771385122,0.1650914424288634
1015,0.1425,9,196,9,45910,630534,1547,124709,4.994091369915093,0.1651243374648954
1016,0.1426,1,8,1,45918,630526,1548,124708,4.994028006589786,0.16512498113167576
1017,0.1427,2,32,2,45950,630494,1550,124706,4.9937745532885565,0.16512976694915255
1018,0.1428,0,10,0,45960,630484,1550,124706,4.993695349131922,0.16513195354811372
1019,0.1429,0,11,0,45971,630473,1550,124706,4.993608224559625,0.16513435887385639
1020,0.143,0,11,0,45982,630462,1550,124706,4.993521099987327,0.16513676426967244
1021,0.1432,0,9,0,45991,630453,1550,124706,4.993449816246357,0.16513873237291748
1022,0.1433,18,420,18,46411,630033,1568,124688,4.990123241667723,0.16521072025291467
1023,0.1434,0,4,0,46415,630029,1568,124688,4.9900915600050695,0.1652115958697101
1024,0.1435,0,12,0,46427,630017,1568,124688,4.989996515017108,0.16521422277578657
1025,0.1436,0,5,0,46432,630012,1568,124688,4.989956912938791,0.16521531734464026
1026,0.1437,1,12,1,46444,630000,1569,124687,4.98986186795083,0.16521683823889904
1027,0.1438,1,19,1,46463,629981,1570,124686,4.989711380053225,0.16521989168732698
1028,0.1439,1,2,1,46465,629979,1571,124685,4.9896955392218985,0.16521922338948195
1029,0.144,3,86,3,46551,629893,1574,124682,4.989014383474845,0.16523473478448134
1030,0.1442,1,50,1,46601,629843,1575,124681,4.988618362691674,0.16524457803860448
1031,0.1443,0,35,0,46636,629808,1575,124681,4.988341148143455,0.16525224357147686
1032,0.1444,0,4,0,46640,629804,1575,124681,4.988309466480801,0.16525311967766093
1033,0.1445,0,26,0,46666,629778,1575,124681,4.988103535673552,0.1652588145942987
1034,0.1446,0,3,0,46669,629775,1575,124681,4.988079774426562,0.16525947172532263
1035,0.1447,1,15,1,46684,629760,1576,124680,4.987960968191611,0.16526165102592652
1036,0.1448,1,12,1,46696,629748,1577,124679,4.98786592320365,0.1652631732427392
1037,0.1449,0,1,0,46697,629747,1577,124679,4.987858002787986,0.16526339230090162
1038,0.145,30,826,30,47523,628921,1607,124649,4.9813157394500065,0.16541130883660443
1039,0.1451,3,8,3,47531,628913,1610,124646,4.981252376124699,0.16540974230285885
1040,0.1452,0,5,0,47536,628908,1610,124646,4.981212774046382,0.16541083983364166
1041,0.1453,0,16,0,47552,628892,1610,124646,4.981086047395768,0.1654143520300237
1042,0.1454,0,7,0,47559,628885,1610,124646,4.981030604486123,0.16541588866284201
1043,0.1455,0,19,0,47578,628866,1610,124646,4.980880116588518,0.16542005966726475
1044,0.1456,0,4,0,47582,628862,1610,124646,4.980848434925865,0.16542093780026224
1045,0.1457,1,31,1,47613,628831,1611,124645,4.980602902040299,0.16542663601760374
1046,0.1458,4,83,4,47696,628748,1615,124641,4.9799455075402355,0.16544042984434337
1047,0.1459,1,2,1,47698,628746,1616,124640,4.979929666708909,0.16543976129102478
1048,0.146,5,94,5,47792,628652,1621,124635,4.979185147636548,0.16545486647187593
1049,0.1461,1,5,1,47797,628647,1622,124634,4.9791455455582305,0.16545485681969943
1050,0.1462,0,10,0,47807,628637,1622,124634,4.979066341401596,0.1654570533048531
1051,0.1463,0,7,0,47814,628630,1622,124634,4.9790108984919526,0.16545859087916057
1052,0.1464,0,6,0,47820,628624,1622,124634,4.978963375997973,0.16545990882274067
1053,0.1465,1,12,1,47832,628612,1623,124633,4.978868331010012,0.16546143684989612
1054,0.1466,0,2,0,47834,628610,1623,124633,4.978852490178684,0.16546187618072786
1055,0.1467,14,435,14,48269,628175,1637,124619,4.9754071093651,0.16554196765649035
1056,0.1468,2,19,2,48288,628156,1639,124617,4.975256621467494,0.16554392891349717
1057,0.1469,0,4,0,48292,628152,1639,124617,4.975224939804841,0.16554480856677148
1058,0.147,2,30,2,48322,628122,1641,124615,4.974987327334938,0.16554918915902897
1059,0.1471,0,5,0,48327,628117,1641,124615,4.974947725256621,0.1655502888146113
1060,0.1472,0,16,0,48343,628101,1641,124615,4.974820998606007,0.16555380781064838
1061,0.1473,1,24,1,48367,628077,1642,124614,4.974630908630085,0.1655579779750256
1062,0.1474,1,6,1,48373,628071,1643,124613,4.974583386136104,0.16555818909396242
1063,0.1475,14,231,14,48604,627840,1657,124599,4.972753770117856,0.16559348997061557
1064,0.1476,0,2,0,48606,627838,1657,124599,4.972737929286529,0.16559393012305348
1065,0.1477,0,14,0,48620,627824,1657,124599,4.9726270434672415,0.16559701125563678
1066,0.1478,0,15,0,48635,627809,1657,124599,4.97250823723229,0.1656003125963573
1067,0.1479,0,11,0,48646,627798,1657,124599,4.972421112659992,0.16560273366321238
1068,0.148,2,57,2,48703,627741,1659,124597,4.971969648967177,0.16561306221405805
1069,0.1481,0,1,0,48704,627740,1659,124597,4.9719617285515145,0.16561328234554462
1070,0.1482,0,8,0,48712,627732,1659,124597,4.971898365226207,0.16561504341850442
1071,0.1483,11,186,11,48898,627546,1670,124586,4.970425167912812,0.16564379656762376
1072,0.1484,0,4,0,48902,627542,1670,124586,4.970393486250158,0.16564467750170184
1073,0.1485,1,20,1,48922,627522,1671,124585,4.9702350779368905,0.16564797296129408
1074,0.1486,0,6,0,48928,627516,1671,124585,4.97018755544291,0.16564929444316653
1075,0.1487,1,15,1,48943,627501,1672,124584,4.970068749207958,0.1656514888609665
1076,0.1488,0,16,0,48959,627485,1672,124584,4.969942022557344,0.16565501303736757
1077,0.1489,1,4,1,48963,627481,1673,124583,4.96991034089469,0.16565478469917455
1078,0.149,2,37,2,49000,627444,1675,124581,4.9696172855151435,0.16566071606662014
1079,0.1492,1,53,1,49053,627391,1676,124580,4.969197503484983,0.16567128253616165
1080,0.1493,1,29,1,49082,627362,1677,124579,4.968967811430744,0.16567656238986836
1081,0.1494,0,6,0,49088,627356,1677,124579,4.968920288936763,0.165677884391603
1082,0.1495,0,16,0,49104,627340,1677,124579,4.968793562286149,0.16568140983270804
1083,0.1496,0,7,0,49111,627333,1677,124579,4.968738119376505,0.16568295226037089
1084,0.1497,0,26,0,49137,627307,1677,124579,4.968532188569256,0.16568868152884877
1085,0.1498,2,11,2,49148,627296,1679,124577,4.968445063996959,0.16568888628797682
1086,0.1499,2,3,2,49151,627293,1681,124575,4.968421302749968,0.16568732809482514
1087,0.15,140,3154,140,52305,624139,1821,124435,4.943440311747561,0.1662293908150697
1088,0.1501,0,3,0,52308,624136,1821,124435,4.9434165505005705,0.16623005700194105
1089,0.1502,1,14,1,52322,624122,1822,124434,4.943305664681282,0.1662320521109977
1090,0.1503,0,14,0,52336,624108,1822,124434,4.9431947788619945,0.166235161153282
1091,0.1504,0,8,0,52344,624100,1822,124434,4.943131415536687,0.16623693780108853
1092,0.1505,0,8,0,52352,624092,1822,124434,4.94306805221138,0.16623871448687152
1093,0.1506,0,7,0,52359,624085,1822,124434,4.943012609301737,0.16624026911808518
1094,0.1507,2,26,2,52385,624059,1824,124432,4.942806678494487,0.16624381589090584
1095,0.1508,4,52,4,52437,624007,1828,124428,4.94239481687999,0.16625091023268554
1096,0.1509,0,5,0,52442,624002,1828,124428,4.9423552148016725,0.16625202089707788
1097,0.151,1,43,1,52485,623959,1829,124427,4.942014636928146,0.16626045917481086
1098,0.1511,1,2,1,52487,623957,1830,124426,4.9419987960968195,0.1662597894393646
1099,0.1512,1,29,1,52516,623928,1831,124425,4.94176910404258,0.16626511819956624
1100,0.1513,1,16,1,52532,623912,1832,124424,4.9416423773919655,0.16626755895747364
1101,0.1514,1,14,1,52546,623898,1833,124423,4.941531491572678,0.16626955544478908
1102,0.1515,0,22,0,52568,623876,1833,124423,4.941357242428083,0.1662744437718078
1103,0.1516,0,1,0,52569,623875,1833,124423,4.941349322012419,0.16627466597531998
1104,0.1517,10,193,10,52762,623682,1843,124413,4.939820681789381,0.16630641830248832
1105,0.1518,0,5,0,52767,623677,1843,124413,4.9397810797110635,0.166307529842666
1106,0.1519,0,3,0,52770,623674,1843,124413,4.939757318464073,0.16630819677390463
1107,0.152,2,65,2,52835,623609,1845,124411,4.939242491445951,0.16632041924012728
1108,0.1521,2,9,2,52844,623600,1847,124409,4.93917120770498,0.16632019133459625
1109,0.1522,2,17,2,52861,623583,1849,124407,4.939036560638702,0.16632174226928167
1110,0.1523,0,13,0,52874,623570,1849,124407,4.938933595235078,0.16632463297668243
1111,0.1525,6,210,6,53084,623360,1855,124401,4.937270307945761,0.16636465394691619
1112,0.1526,0,7,0,53091,623353,1855,124401,4.937214865036117,0.16636621134758223
1113,0.1527,0,25,0,53116,623328,1855,124401,4.937016854644532,0.16637177373085704
1114,0.1528,0,9,0,53125,623319,1855,124401,4.9369455709035615,0.16637377627989086
1115,0.1529,0,14,0,53139,623305,1855,124401,4.936834685084273,0.1663768914519878
1116,0.153,3,19,3,53158,623286,1858,124398,4.936684197186668,0.16637777456786557
1117,0.1531,0,5,0,53163,623281,1858,124398,4.936644595108351,0.1663788871962433
1118,0.1532,0,9,0,53172,623272,1858,124398,4.936573311367381,0.16638088996482406
1119,0.1533,16,451,16,53623,622821,1874,124382,4.9330012039031805,0.16646346441328527
1120,0.1534,0,5,0,53628,622816,1874,124382,4.932961601824863,0.16646457833131245
1121,0.1535,1,20,1,53648,622796,1875,124381,4.932803193511596,0.16646791857886417
1122,0.1536,0,6,0,53654,622790,1875,124381,4.932755671017615,0.1664692553645685
1123,0.1537,1,10,1,53664,622780,1876,124380,4.932676466860981,0.16647036779270838
1124,0.1538,0,13,0,53677,622767,1876,124380,4.932573501457356,0.16647326429738726
1125,0.1539,0,5,0,53682,622762,1876,124380,4.932533899379039,0.1664743783644876
1126,0.154,1,94,1,53776,622668,1877,124379,4.931789380306679,0.16649420986899083
1127,0.1541,1,4,1,53780,622664,1878,124378,4.931757698644025,0.16649398561258938
1128,0.1542,3,74,3,53854,622590,1881,124375,4.931171587884932,0.1665071321949489
1129,0.1543,1,25,1,53879,622565,1882,124374,4.930973577493347,0.16651158929979556
1130,0.1544,0,4,0,53883,622561,1882,124374,4.930941895830693,0.16651248100571
1131,0.1545,4,27,4,53910,622534,1886,124370,4.930728044607781,0.1665140366097919
1132,0.1546,1,9,1,53919,622525,1887,124369,4.93065676086681,0.166514927151644
1133,0.1547,0,17,0,53936,622508,1887,124369,4.930522113800532,0.16651871727205417
1134,0.1548,0,8,0,53944,622500,1887,124369,4.930458750475225,0.16652050091783163
1135,0.1549,0,1,0,53945,622499,1887,124369,4.930450830059561,0.1665207238762405
1136,0.155,41,864,41,54809,621635,1928,124328,4.9236075909263715,0.16666778379088507
1137,0.1551,1,1,1,54810,621634,1929,124327,4.923599670510709,0.16666689009210936
1138,0.1552,1,14,1,54824,621620,1930,124326,4.923488784691421,0.16666890096602166
1139,0.1553,3,30,3,54854,621590,1933,124323,4.923251172221518,0.16667225266217373
1140,0.1554,0,5,0,54859,621585,1933,124323,4.923211570143201,0.16667336990620826
1141,0.1555,1,10,1,54869,621575,1934,124322,4.923132365986567,0.16667448722812936
1142,0.1556,0,3,0,54872,621572,1934,124322,4.923108604739577,0.16667515759611956
1143,0.1557,0,31,0,54903,621541,1934,124322,4.922863071854011,0.16668208504779028
1144,0.1558,6,57,6,54960,621484,1940,124316,4.922411608161196,0.16668812013944756
1145,0.1559,0,6,0,54966,621478,1940,124316,4.9223640856672155,0.16668946116487932
1146,0.156,6,91,6,55057,621387,1946,124310,4.921643327841845,0.16670309790705876
1147,0.1561,0,4,0,55061,621383,1946,124310,4.9216116461791914,0.16670399212544573
1148,0.1562,3,14,3,55075,621369,1949,124307,4.921500760359904,0.16670376946555876
1149,0.1563,1,18,1,55093,621351,1950,124306,4.921358192877962,0.1667066761258863
1150,0.1564,0,11,0,55104,621340,1950,124306,4.921271068305665,0.1667091354342409
1151,0.1565,0,21,0,55125,621319,1950,124306,4.921104739576733,0.16671383067896062
1152,0.1566,0,1,0,55126,621318,1950,124306,4.92109681916107,0.16671405426863942
1153,0.1567,21,476,21,55602,620842,1971,124285,4.917326701305284,0.16679706949285156
1154,0.1568,0,10,0,55612,620832,1971,124285,4.91724749714865,0.16679930802813517
1155,0.1569,0,3,0,55615,620829,1971,124285,4.91722373590166,0.166799979600437
1156,0.157,2,33,2,55648,620796,1973,124283,4.916962362184767,0.16680513073110367
1157,0.1571,1,12,1,55660,620784,1974,124282,4.9168673171968065,0.16680669900384665
1158,0.1572,0,8,0,55668,620776,1974,124282,4.916803953871499,0.16680849007728257
1159,0.1573,2,35,2,55703,620741,1976,124280,4.91652673932328,0.16681408980418003
1160,0.1574,0,6,0,55709,620735,1976,124280,4.916479216829299,0.16681543324631048
1161,0.1575,14,235,14,55944,620500,1990,124266,4.914617919148397,0.16685240733331005
1162,0.1576,2,0,2,55944,620500,1992,124264,4.914617919148397,0.16685016998673405
1163,0.1577,0,27,0,55971,620473,1992,124264,4.914404067925485,0.1668562190410843
1164,0.1578,0,10,0,55981,620463,1992,124264,4.914324863768851,0.1668584595428929
1165,0.1579,0,6,0,55987,620457,1992,124264,4.91427734127487,0.16685980387285976
1166,0.158,3,57,3,56044,620400,1995,124261,4.913825877582055,0.16686921968519905
1167,0.1581,1,2,1,56046,620398,1996,124260,4.9138100367507285,0.16686854905204807
1168,0.1582,1,11,1,56057,620387,1997,124259,4.913722912178431,0.16686989522538226
1169,0.1583,17,223,17,56280,620164,2014,124242,4.91195665948549,0.1669008578651972
1170,0.1584,0,1,0,56281,620163,2014,124242,4.911948739069826,0.16690108207225907
1171,0.1585,1,13,1,56294,620150,2015,124241,4.911845773666202,0.166902877654351
1172,0.1586,0,7,0,56301,620143,2015,124241,4.911790330756558,0.16690444716705358
1173,0.1587,0,11,0,56312,620132,2015,124241,4.911703206184261,0.16690691360379808
1174,0.1588,1,16,1,56328,620116,2016,124240,4.911576479533646,0.1669093820698698
1175,0.1589,0,3,0,56331,620113,2016,124240,4.911552718286655,0.16691005477239965
1176,0.159,1,40,1,56371,620073,2017,124239,4.9112359016601195,0.16691790539451198
1177,0.1591,0,1,0,56372,620072,2017,124239,4.911227981244456,0.16691812965279298
1178,0.1592,5,70,5,56442,620002,2022,124234,4.910673552148017,0.1669282324423973
1179,0.1593,0,26,0,56468,619976,2022,124234,4.910467621340768,0.16693406430980504
1180,0.1594,1,2,1,56470,619974,2023,124233,4.910451780509441,0.16693339353163839
1181,0.1595,1,14,1,56484,619960,2024,124232,4.910340894690154,0.16693541451668387
1182,0.1596,0,7,0,56491,619953,2024,124232,4.910285451780509,0.1669369847551348
1183,0.1597,0,15,0,56506,619938,2024,124232,4.910166645545559,0.16694034965128934
1184,0.1598,0,10,0,56516,619928,2024,124232,4.910087441388924,0.16694259299075467
1185,0.1599,0,2,0,56518,619926,2024,124232,4.910071600557597,0.16694304166588278
1186,0.16,123,3250,123,59768,616676,2147,124109,4.8843302496515015,0.16753713965590555
1187,0.1601,0,1,0,59769,616675,2147,124109,4.884322329235839,0.16753736581783624
1188,0.1602,1,11,1,59780,616664,2148,124108,4.884235204663541,0.16753872986559967
1189,0.1603,0,11,0,59791,616653,2148,124108,4.884148080091244,0.1675412177476946
1190,0.1604,1,10,1,59801,616643,2149,124107,4.884068875934609,0.16754235572055348
1191,0.1605,2,22,2,59823,616621,2151,124105,4.883894626790014,0.16754508414717453
1192,0.1606,0,1,0,59824,616620,2151,124105,4.8838867063743505,0.16754531033784467
1193,0.1607,5,31,5,59855,616589,2156,124100,4.883641173488785,0.16754670313721415
1194,0.1608,4,70,4,59925,616519,2160,124096,4.883086744392346,0.16755804297779547
1195,0.161,0,58,0,59983,616461,2160,124096,4.882627360283868,0.16757116602773317
1196,0.1611,0,10,0,59993,616451,2160,124096,4.882548156127234,0.16757342883031057
1197,0.1612,1,17,1,60010,616434,2161,124095,4.882413509060956,0.16757615164294715
1198,0.1613,1,11,1,60021,616423,2162,124094,4.882326384488658,0.1675775167889461
1199,0.1614,0,9,0,60030,616414,2162,124094,4.882255100747687,0.16757955349570836
1200,0.1615,2,18,2,60048,616396,2164,124092,4.882112533265746,0.1675813787664351
1201,0.1616,0,4,0,60052,616392,2164,124092,4.882080851603092,0.1675822840196412
1202,0.1617,18,224,18,60276,616168,2182,124074,4.880306678494487,0.16761275366704403
1203,0.1618,3,15,3,60291,616153,2185,124071,4.880187872259536,0.16761277667300709
1204,0.1619,0,9,0,60300,616144,2185,124071,4.880116588518566,0.16761481461467276
1205,0.162,5,56,5,60356,616088,2190,124066,4.8796730452414145,0.1676218732858297
1206,0.1621,0,7,0,60363,616081,2190,124066,4.879617602331771,0.16762345858322739
1207,0.1622,0,14,0,60377,616067,2190,124066,4.879506716512482,0.1676266292679829
1208,0.1623,1,16,1,60393,616051,2191,124065,4.879379989861868,0.16762912840689836
1209,0.1624,0,9,0,60402,616042,2191,124065,4.879308706120897,0.16763116684479407
1210,0.1625,11,255,11,60657,615787,2202,124054,4.877289000126726,0.16767656834373873
1211,0.1626,1,3,1,60660,615784,2203,124053,4.877265238879737,0.16767612325417625
1212,0.1627,0,25,0,60685,615759,2203,124053,4.877067228488151,0.1676817894275843
1213,0.1628,1,6,1,60691,615753,2204,124052,4.8770197059941705,0.16768202431721874
1214,0.1629,2,10,2,60701,615743,2206,124050,4.876940501837536,0.16768204078708504
1215,0.163,0,21,0,60722,615722,2206,124050,4.876774173108605,0.16768680079808373
1216,0.1631,0,2,0,60724,615720,2206,124050,4.876758332277278,0.16768725414655908
1217,0.1632,0,12,0,60736,615708,2206,124050,4.8766632872893165,0.16768997428888907
1218,0.1633,25,493,25,61229,615215,2231,124025,4.872758522367254,0.16777365943401332
1219,0.1634,0,1,0,61230,615214,2231,124025,4.872750601951591,0.16777388638856985
1220,0.1635,2,19,2,61249,615195,2233,124023,4.872600114053985,0.16777594701427725
1221,0.1636,0,4,0,61253,615191,2233,124023,4.872568432391332,0.16777685487558405
1222,0.1637,0,28,0,61281,615163,2233,124023,4.872346660752756,0.1677832101798465
1223,0.1638,0,10,0,61291,615153,2233,124023,4.872267456596123,0.16778548004805352
1224,0.1639,0,5,0,61296,615148,2233,124023,4.8722278545178055,0.16778661500518824
1225,0.164,2,89,2,61385,615059,2235,124021,4.871522937523761,0.16780456784109973
1226,0.1641,0,9,0,61394,615050,2235,124021,4.87145165378279,0.16780661127280058
1227,0.1642,5,68,5,61462,614982,2240,124016,4.870913065517678,0.1678164216953226
1228,0.1643,0,44,0,61506,614938,2240,124016,4.870564567228488,0.16782641409343477
1229,0.1644,0,5,0,61511,614933,2240,124016,4.870524965150171,0.16782754966851568
1230,0.1645,0,20,0,61531,614913,2240,124016,4.870366556836903,0.16783209212251787
1231,0.1646,0,4,0,61535,614909,2240,124016,4.870334875174249,0.16783300064282572
1232,0.1647,3,18,3,61553,614891,2243,124013,4.8701923076923075,0.16783371046847764
1233,0.1648,0,14,0,61567,614877,2243,124013,4.87008142187302,0.1678368904708414
1234,0.1649,0,2,0,61569,614875,2243,124013,4.870065581041693,0.16783734476673054
1235,0.165,44,912,44,62481,613963,2287,123969,4.862842161956659,0.16799515402503212
1236,0.1651,1,0,1,62481,613963,2288,123968,4.862842161956659,0.16799402654177695
1237,0.1652,0,15,0,62496,613948,2288,123968,4.862723355721708,0.1679974414431995
1238,0.1653,1,23,1,62519,613925,2289,123967,4.86254118616145,0.16800155036238365
1239,0.1654,0,3,0,62522,613922,2289,123967,4.86251742491446,0.16800223339824824
1240,0.1655,0,10,0,62532,613912,2289,123967,4.862438220757825,0.1680045102245761
1241,0.1656,0,7,0,62539,613905,2289,123967,4.862382777848182,0.16800610403972505
1242,0.1657,2,24,2,62563,613881,2291,123965,4.86219268787226,0.16800931359660418
1243,0.1658,6,68,6,62631,613813,2297,123959,4.861654099607147,0.1680180326713402
1244,0.1659,0,4,0,62635,613809,2297,123959,4.861622417944494,0.16801894362455405
1245,0.166,2,99,2,62734,613710,2299,123957,4.8608382967938155,0.16803923721679295
1246,0.1661,2,5,2,62739,613705,2301,123955,4.860798694715498,0.16803812054333975
1247,0.1662,0,8,0,62747,613697,2301,123955,4.860735331390192,0.16803994295413013
1248,0.1663,1,12,1,62759,613685,2302,123954,4.86064028640223,0.16804154877928093
1249,0.1664,0,2,0,62761,613683,2302,123954,4.860624445570903,0.16804200440053849
1250,0.1665,1,20,1,62781,613663,2303,123953,4.860466037257635,0.1680454328539511
1251,0.1666,1,6,1,62787,613657,2304,123952,4.860418514763655,0.1680456718939167
1252,0.1667,18,487,18,63274,613170,2322,123934,4.856561272335572,0.1681363823829473
1253,0.1668,1,10,1,63284,613160,2323,123933,4.856482068178938,0.16813753488365782
1254,0.1669,1,4,1,63288,613156,2324,123932,4.8564503865162845,0.16813731874620128
1255,0.167,2,39,2,63327,613117,2326,123930,4.856141490305411,0.16814395825503664
1256,0.1671,0,11,0,63338,613106,2326,123930,4.856054365733113,0.1681464677437737
1257,0.1672,0,5,0,63343,613101,2326,123930,4.856014763654796,0.168147608445235
1258,0.1673,1,35,1,63378,613066,2327,123929,4.8557375491065775,0.16815446509135068
1259,0.1674,0,3,0,63381,613063,2327,123929,4.855713787859587,0.16815514958099953
1260,0.1675,18,239,18,63620,612824,2345,123911,4.853820808516031,0.1681893760985972
1261,0.1676,0,6,0,63626,612818,2345,123911,4.853773286022051,0.1681907458509167
1262,0.1677,0,21,0,63647,612797,2345,123911,4.853606957293119,0.16819554015973764
1263,0.1678,0,3,0,63650,612794,2345,123911,4.853583196046128,0.16819622508331014
1264,0.1679,2,9,2,63659,612785,2347,123909,4.853511912305158,0.1681960216860732
1265,0.168,3,66,3,63725,612719,2350,123906,4.8529891648713726,0.16820770405565927
1266,0.1681,1,9,1,63734,612710,2351,123905,4.852917881130402,0.1682086300170374
1267,0.1682,1,15,1,63749,612695,2352,123904,4.852799074895451,0.16821092616199587
1268,0.1683,8,238,8,63987,612457,2360,123896,4.850914015967558,0.16825625752865814
1269,0.1684,0,4,0,63991,612453,2360,123896,4.850882334304904,0.16825717153143413
1270,0.1685,0,15,0,64006,612438,2360,123896,4.850763528069953,0.168260599130286
1271,0.1686,0,5,0,64011,612433,2360,123896,4.850723925991636,0.16826174169426983
1272,0.1687,0,20,0,64031,612413,2360,123896,4.850565517678368,0.16826631210537968
1273,0.1688,2,10,2,64041,612403,2362,123894,4.850486313521734,0.16826633817603495
1274,0.1689,0,2,0,64043,612401,2362,123894,4.850470472690406,0.1682667952383216
1275,0.169,3,51,3,64094,612350,2365,123891,4.8500665314915725,0.16827506210602236
1276,0.1691,0,8,0,64102,612342,2365,123891,4.850003168166265,0.16827689060392567
1277,0.1692,3,104,3,64206,612238,2368,123888,4.8491794449372705,0.1682972751947357
1278,0.1693,1,37,1,64243,612201,2369,123887,4.848886389557724,0.16830460488419863
1279,0.1694,0,6,0,64249,612195,2369,123887,4.848838867063743,0.16830597677976095
1280,0.1695,0,14,0,64263,612181,2369,123887,4.848727981244456,0.16830917795638448
1281,0.1696,0,5,0,64268,612176,2369,123887,4.848688379166139,0.16831032126326143
1282,0.1697,0,8,0,64276,612168,2369,123887,4.848625015840831,0.168312150586573
1283,0.1698,1,11,1,64287,612157,2370,123886,4.848537891268534,0.16831353602982435
1284,0.1699,0,4,0,64291,612153,2370,123886,4.84850620960588,0.16831445072883366
1285,0.17,140,3331,140,67622,608822,2510,123746,4.822123305031048,0.16892083738301428
1286,0.1701,0,2,0,67624,608820,2510,123746,4.822107464199721,0.16892129855876467
1287,0.1702,0,9,0,67633,608811,2510,123746,4.822036180458751,0.1689233738808038
1288,0.1703,1,19,1,67652,608792,2511,123745,4.821885692561145,0.168926620771374
1289,0.1704,0,3,0,67655,608789,2511,123745,4.821861931314156,0.16892731258890373
1290,0.1705,0,12,0,67667,608777,2511,123745,4.821766886326194,0.16893007991568854
1291,0.1706,3,10,3,67677,608767,2514,123742,4.821687682169561,0.16892898244253654
1292,0.1707,2,32,2,67709,608735,2516,123740,4.821434228868331,0.16893409331376497
1293,0.1708,3,66,3,67775,608669,2519,123737,4.820911481434545,0.1689459125130051
1294,0.1709,0,2,0,67777,608667,2519,123737,4.820895640603219,0.16894637385923617
1295,0.171,2,62,2,67839,608605,2521,123735,4.820404574832088,0.16895840729715705
1296,0.1711,0,5,0,67844,608600,2521,123735,4.8203649727537705,0.16895956085671174
1297,0.1712,0,20,0,67864,608580,2521,123735,4.820206564440502,0.16896417525245283
1298,0.1713,1,23,1,67887,608557,2522,123734,4.820024394880243,0.1689683472827059
1299,0.1714,2,13,2,67900,608544,2524,123732,4.819921429476619,0.16896907723317436
1300,0.1715,2,14,2,67914,608530,2526,123730,4.819810543657331,0.16897003796465737
1301,0.1716,0,7,0,67921,608523,2526,123730,4.819755100747687,0.16897165324006866
1302,0.1717,10,242,10,68163,608281,2536,123720,4.817838360157141,0.16901616254622603
1303,0.1718,0,19,0,68182,608262,2536,123720,4.817687872259536,0.169020549685648
1304,0.1719,0,8,0,68190,608254,2536,123720,4.8176245089342284,0.16902239697038418
1305,0.172,5,60,5,68250,608194,2541,123715,4.817149283994424,0.1690305762055119
1306,0.1721,1,9,1,68259,608185,2542,123714,4.817078000253454,0.1690315193763074
1307,0.1722,2,9,2,68268,608176,2544,123712,4.817006716512482,0.169031327197604
1308,0.1723,0,19,0,68287,608157,2544,123712,4.816856228614878,0.16903571540808532
1309,0.1724,1,11,1,68298,608146,2545,123711,4.81676910404258,0.16903712063968782
1310,0.1725,20,279,20,68577,607867,2565,123691,4.8145593080724876,0.16907887002807706
1311,0.1726,0,3,0,68580,607864,2565,123691,4.814535546825497,0.16907956339578023
1312,0.1727,1,18,1,68598,607846,2566,123690,4.814392979343556,0.1690825878699066
1313,0.1728,1,20,1,68618,607826,2567,123689,4.814234571030288,0.16908607478999063
1314,0.1729,0,15,0,68633,607811,2567,123689,4.8141157647953365,0.16908954203691046
1315,0.173,3,32,3,68665,607779,2570,123686,4.813862311494107,0.16909353147450665
1316,0.1731,0,3,0,68668,607776,2570,123686,4.813838550247117,0.16909422499049848
1317,0.1732,2,14,2,68682,607762,2572,123684,4.813727664427829,0.16909518952868702
1318,0.1733,21,537,21,69219,607225,2593,123663,4.809474401216576,0.16919555390155536
1319,0.1734,2,6,2,69225,607219,2595,123661,4.809426878722595,0.1691946694395797
1320,0.1735,2,19,2,69244,607200,2597,123659,4.809276390824991,0.16919679445693356
1321,0.1736,0,3,0,69247,607197,2597,123659,4.809252629578,0.16919748897183576
1322,0.1737,3,34,3,69281,607163,2600,123656,4.808983335445444,0.16920195014086936
1323,0.1738,0,15,0,69296,607148,2600,123656,4.808864529210493,0.16920542306829192
1324,0.1739,0,6,0,69302,607142,2600,123656,4.808817006716512,0.16920681227917975
1325,0.174,5,88,5,69390,607054,2605,123651,4.808120010138132,0.1692215052586201
1326,0.1741,0,4,0,69394,607050,2605,123651,4.8080883284754785,0.16922243161019349
1327,0.1742,4,70,4,69464,606980,2609,123647,4.807533899379039,0.16923409619409083
1328,0.1743,0,39,0,69503,606941,2609,123647,4.807225003168166,0.16924313019102422
1329,0.1744,0,7,0,69510,606934,2609,123647,4.807169560258522,0.1692447517797479
1330,0.1745,0,27,0,69537,606907,2609,123647,4.80695570903561,0.16925100677020452
1331,0.1746,0,5,0,69542,606902,2609,123647,4.806916106957293,0.1692521651525086
1332,0.1747,1,19,1,69561,606883,2610,123646,4.806765619059688,0.16925542996924148
1333,0.1748,2,12,2,69573,606871,2612,123644,4.8066705740717275,0.1692559358808512
1334,0.1749,0,6,0,69579,606865,2612,123644,4.806623051577747,0.1692573260562156
1335,0.175,49,975,49,70554,605890,2661,123595,4.798900646305918,0.169427746972179
1336,0.1751,1,5,1,70559,605885,2662,123594,4.798861044227601,0.16942776968219783
1337,0.1752,0,9,0,70568,605876,2662,123594,4.79878976048663,0.16942986003536814
1338,0.1753,1,21,1,70589,605855,2663,123593,4.798623431757699,0.16943359910507672
1339,0.1754,0,2,0,70591,605853,2663,123593,4.7986075909263715,0.1694340636592702
1340,0.1755,1,21,1,70612,605832,2664,123592,4.79844126219744,0.16943780297878874
1341,0.1756,0,7,0,70619,605825,2664,123592,4.798385819287796,0.16943942902345296
1342,0.1757,2,33,2,70652,605792,2666,123590,4.798124445570903,0.16944481766755967
1343,0.1758,5,88,5,70740,605704,2671,123585,4.797427448992523,0.16945956952593552
1344,0.1759,0,3,0,70743,605701,2671,123585,4.797403687745533,0.16946026661693767
1345,0.176,5,111,5,70854,605590,2676,123580,4.796524521606894,0.16948036808974587
1346,0.1761,0,9,0,70863,605581,2676,123580,4.796453237865923,0.16948245997797468
1347,0.1762,0,13,0,70876,605568,2676,123580,4.796350272462298,0.169485481685474
1348,0.1763,0,18,0,70894,605550,2676,123580,4.7962077049803575,0.16948966576604996
1349,0.1764,1,9,1,70903,605541,2677,123579,4.796136421239386,0.16949061882817643
1350,0.1765,3,23,3,70926,605518,2680,123576,4.795954251679128,0.1694925482859549
1351,0.1766,0,1,0,70927,605517,2680,123576,4.7959463312634645,0.16949278075636443
1352,0.1767,33,513,33,71440,605004,2713,123543,4.791883158028133,0.16957450926295764
1353,0.1768,0,14,0,71454,604990,2713,123543,4.791772272208846,0.16957776792540627
1354,0.1769,0,3,0,71457,604987,2713,123543,4.791748510961855,0.16957846622651093
1355,0.177,0,25,0,71482,604962,2713,123543,4.79155050057027,0.16958428562604239
1356,0.1771,1,10,1,71492,604952,2714,123542,4.7914712964136355,0.16958547359346818
1357,0.1772,2,13,2,71505,604939,2716,123540,4.791368331010012,0.16958622005576002
1358,0.1773,2,21,2,71526,604918,2718,123538,4.7912020022810795,0.16958882897525726
1359,0.1774,0,3,0,71529,604915,2718,123538,4.791178241034089,0.16958952739572766
1360,0.1775,11,246,11,71775,604669,2729,123527,4.78922981878089,0.16963427428879038
1361,0.1776,0,9,0,71784,604660,2729,123527,4.789158535039919,0.1696363708772609
1362,0.1777,2,22,2,71806,604638,2731,123525,4.7889842858953235,0.16963921539545404
1363,0.1778,2,15,2,71821,604623,2733,123523,4.788865479660372,0.16964042925457257
1364,0.1779,1,19,1,71840,604604,2734,123522,4.788714991762768,0.16964371551077698
1365,0.178,6,62,6,71902,604542,2740,123516,4.788223925991636,0.16965131898832236
1366,0.1781,0,5,0,71907,604537,2740,123516,4.788184323913319,0.16965248409113073
1367,0.1782,1,12,1,71919,604525,2741,123515,4.788089278925358,0.16965413988242403
1368,0.1783,16,271,16,72190,604254,2757,123499,4.785942846280573,0.16969905998326354
1369,0.1784,0,13,0,72203,604241,2757,123499,4.7858398808769484,0.16970209140627146
1370,0.1785,1,23,1,72226,604218,2758,123498,4.78565771131669,0.169706314001616
1371,0.1786,1,13,1,72239,604205,2759,123497,4.785554745913066,0.16970820473215684
1372,0.1787,2,17,2,72256,604188,2761,123495,4.785420098846788,0.16970988740976498
1373,0.1788,5,12,5,72268,604176,2766,123490,4.785325053858826,0.16970698095005127
1374,0.1789,1,5,1,72273,604171,2767,123489,4.785285451780509,0.16970700601929473
1375,0.179,7,50,7,72323,604121,2774,123482,4.784889430997339,0.1697106801373826
1376,0.1791,0,2,0,72325,604119,2774,123482,4.784873590166012,0.16971114663118936
1377,0.1792,5,79,5,72404,604040,2779,123477,4.784247877328602,0.16972386899550113
1378,0.1793,2,40,2,72444,604000,2781,123475,4.7839310607020655,0.16973091858826764
1379,0.1794,0,3,0,72447,603997,2781,123475,4.783907299455075,0.169731618536521
1380,0.1795,1,11,1,72458,603986,2782,123474,4.783820174882778,0.16973304374123663
1381,0.1796,1,7,1,72465,603979,2783,123473,4.783764731973134,0.16973353568345403
1382,0.1797,0,16,0,72481,603963,2783,123473,4.783638005322519,0.16973726898311328
1383,0.1798,1,12,1,72493,603951,2784,123472,4.783542960334558,0.1697389276940652
1384,0.1799,0,5,0,72498,603946,2784,123472,4.783503358256241,0.16974009441614038
1385,0.18,159,3483,159,75981,600463,2943,123313,4.7559165505005705,0.1703745357679724
1386,0.1801,0,5,0,75986,600458,2943,123313,4.755876948422253,0.17037571275997518
1387,0.1802,1,11,1,75997,600447,2944,123312,4.755789823849955,0.17037715593173972
1388,0.1803,0,12,0,76009,600435,2944,123312,4.7556947788619945,0.17037998084966155
1389,0.1804,1,6,1,76015,600429,2945,123311,4.7556472563680146,0.1703802470500456
1390,0.1805,3,14,3,76029,600415,2948,123308,4.755536370548726,0.1703801039900625
1391,0.1806,0,3,0,76032,600412,2948,123308,4.755512609301737,0.17038081025811086
1392,0.1807,6,40,6,76072,600372,2954,123302,4.7551957926752,0.17038334940871167
1393,0.1808,6,90,6,76162,600282,2960,123296,4.754482955265492,0.17039766272606408
1394,0.1809,1,1,1,76163,600281,2961,123295,4.754475034849829,0.17039675168883434
1395,0.181,3,77,3,76240,600204,2964,123292,4.753865162843746,0.17041144664241406
1396,0.1811,1,3,1,76243,600201,2965,123291,4.753841401596755,0.17041100661790318
1397,0.1812,1,26,1,76269,600175,2966,123290,4.753635470789507,0.17041598418721016
1398,0.1813,1,21,1,76290,600154,2967,123289,4.753469142060576,0.17041978428155363
1399,0.1814,0,6,0,76296,600148,2967,123289,4.753421619566595,0.1704211976993159
1400,0.1815,0,20,0,76316,600128,2967,123289,4.753263211253326,0.17042590926118684
1401,0.1817,14,268,14,76584,599860,2981,123275,4.751140539855531,0.1704730098805894
1402,0.1818,1,11,1,76595,599849,2982,123274,4.751053415283234,0.17047445593626534
1403,0.1819,0,3,0,76598,599846,2982,123274,4.751029654036244,0.1704751631817679
1404,0.182,5,90,5,76688,599756,2987,123269,4.750316816626537,0.1704906469347533
1405,0.1821,0,15,0,76703,599741,2987,123269,4.7501980103915855,0.17049418403618208
1406,0.1822,1,8,1,76711,599733,2988,123268,4.750134647066278,0.17049492324353632
1407,0.1823,1,21,1,76732,599712,2989,123267,4.749968318337347,0.17049872817882678
1408,0.1824,0,9,0,76741,599703,2989,123267,4.749897034596375,0.17050085065770365
1409,0.1825,11,249,11,76990,599454,3000,123256,4.747924851096186,0.170546969047059
1410,0.1826,0,5,0,76995,599449,3000,123256,4.747885249017869,0.17054814896811285
1411,0.1827,2,33,2,77028,599416,3002,123254,4.747623875300976,0.1705536413577428
1412,0.1828,1,11,1,77039,599405,3003,123253,4.7475367507286785,0.17055508968280986
1413,0.1829,2,22,2,77061,599383,3005,123251,4.7473625015840835,0.1705579864772485
1414,0.183,2,34,2,77095,599349,3007,123249,4.747093207451527,0.17056371592503716
1415,0.1831,0,2,0,77097,599347,3007,123249,4.7470773666202,0.17056418801100476
1416,0.1832,1,19,1,77116,599328,3008,123248,4.746926878722595,0.17056752507694692
1417,0.1833,34,591,34,77707,598737,3042,123214,4.742245913065518,0.17066809243286593
1418,0.1835,0,27,0,77734,598710,3042,123214,4.742032061842606,0.1706744754295466
1419,0.1836,0,4,0,77738,598706,3042,123214,4.7420003801799515,0.1706754210992908
1420,0.1837,3,16,3,77754,598690,3045,123211,4.741873653529337,0.17067575747921113
1421,0.1838,4,9,4,77763,598681,3049,123207,4.741802369788367,0.1706732900394521
1422,0.1839,0,4,0,77767,598677,3049,123207,4.741770688125713,0.17067423574978804
1423,0.184,9,118,9,77885,598559,3058,123198,4.74083607907743,0.17069179793199096
1424,0.1841,0,3,0,77888,598556,3058,123198,4.740812317830439,0.17069250741942546
1425,0.1842,5,74,5,77962,598482,3063,123193,4.7402262070713475,0.17070426438493783
1426,0.1843,1,51,1,78013,598431,3064,123192,4.739822265872513,0.17071517953280313
1427,0.1844,1,10,1,78023,598421,3065,123191,4.7397430617158784,0.1707163960688015
1428,0.1845,0,16,0,78039,598405,3065,123191,4.739616335065264,0.17072018137572825
1429,0.1846,1,7,1,78046,598398,3066,123190,4.7395608921556205,0.1707206882597826
1430,0.1847,1,12,1,78058,598386,3067,123189,4.73946584716766,0.1707223781311714
1431,0.1848,5,20,5,78078,598366,3072,123184,4.739307438854391,0.1707213637308572
1432,0.1849,0,3,0,78081,598363,3072,123184,4.739283677607401,0.17072207354475868
1433,0.185,60,998,60,79079,597365,3132,123124,4.731379102775314,0.17088949310815293
1434,0.1851,0,1,0,79080,597364,3132,123124,4.73137118235965,0.1708897302939119
1435,0.1852,4,13,4,79093,597351,3136,123120,4.731268216956026,0.17088821062888027
1436,0.1853,5,25,5,79118,597326,3141,123115,4.73107020656444,0.170888386418874
1437,0.1854,1,12,1,79130,597314,3142,123114,4.730975161576479,0.17089008200680705
1438,0.1855,0,21,0,79151,597293,3142,123114,4.730808832847548,0.1708950634849467
1439,0.1856,0,5,0,79156,597288,3142,123114,4.730769230769231,0.1708962495939767
1440,0.1857,1,28,1,79184,597260,3143,123113,4.730547459130655,0.1709017411813047
1441,0.1858,5,75,5,79259,597185,3148,123108,4.729953427955899,0.17091378091970907
1442,0.1859,0,2,0,79261,597183,3148,123108,4.729937587124573,0.17091425548840677
1443,0.186,1,122,1,79383,597061,3149,123107,4.7289712964136355,0.1709420579642528
1444,0.1861,0,5,0,79388,597056,3149,123107,4.728931694335318,0.17094324479319264
1445,0.1862,1,17,1,79405,597039,3150,123106,4.72879704726904,0.1709461289045956
1446,0.1863,0,14,0,79419,597025,3150,123106,4.728686161449753,0.1709494522524374
1447,0.1864,0,4,0,79423,597021,3150,123106,4.7286544797870995,0.1709504018041262
1448,0.1865,0,17,0,79440,597004,3150,123106,4.7285198327208215,0.17095443751649053
1449,0.1866,1,1,1,79441,597003,3151,123105,4.728511912305158,0.17095352363812094
1450,0.1867,22,578,22,80019,596425,3173,123083,4.723933912051704,0.17106550587345798
1451,0.1868,1,14,1,80033,596411,3174,123082,4.723823026232417,0.17106768238189948
1452,0.1869,0,4,0,80037,596407,3174,123082,4.723791344569763,0.17106863343289475
1453,0.187,1,46,1,80083,596361,3175,123081,4.7234270054492455,0.17107841910814214
1454,0.1871,0,14,0,80097,596347,3175,123081,4.723316119629958,0.17108174827779848
1455,0.1872,0,9,0,80106,596338,3175,123081,4.723244835888988,0.1710838885267139
1456,0.1873,1,34,1,80140,596304,3176,123080,4.722975541756432,0.1710908221478376
1457,0.1874,0,7,0,80147,596297,3176,123080,4.722920098846788,0.1710924869713655
1458,0.1875,16,271,16,80418,596026,3192,123064,4.720773666202002,0.17113852229901683
1459,0.1876,0,7,0,80425,596019,3192,123064,4.720718223292359,0.17114018826755742
1460,0.1877,2,20,2,80445,595999,3194,123062,4.72055981497909,0.17114264297465723
1461,0.1878,0,13,0,80458,595986,3194,123062,4.7204568495754655,0.17114573714133133
1462,0.1879,0,4,0,80462,595982,3194,123062,4.720425167912812,0.17114668921512452
1463,0.188,4,74,4,80536,595908,3198,123058,4.719839057153719,0.17115969322610528
1464,0.1881,0,6,0,80542,595902,3198,123058,4.7197915346597386,0.17116112162011796
1465,0.1882,1,16,1,80558,595886,3199,123057,4.719664808009124,0.1711637779351075
1466,0.1883,13,304,13,80862,595582,3212,123044,4.717257001647447,0.17122119155165552
1467,0.1884,0,2,0,80864,595580,3212,123044,4.71724116081612,0.17122166807676895
1468,0.1885,1,28,1,80892,595552,3213,123043,4.717019389177544,0.17122718638454207
1469,0.1886,0,10,0,80902,595542,3213,123043,4.71694018502091,0.17122956922284768
1470,0.1887,2,21,2,80923,595521,3215,123041,4.7167738562919785,0.17123226666592445
1471,0.1888,1,15,1,80938,595506,3216,123040,4.716655050057027,0.17123468782791915
1472,0.1889,0,4,0,80942,595502,3216,123040,4.716623368394373,0.1712356410620395
1473,0.189,3,66,3,81008,595436,3219,123037,4.716100620960588,0.17124791049907234
1474,0.1891,1,1,1,81009,595435,3220,123036,4.716092700544925,0.1712469953554145
1475,0.1892,4,102,4,81111,595333,3224,123032,4.715284818147256,0.17126669589971671
1476,0.1893,6,41,6,81152,595292,3230,123026,4.7149600811050565,0.17126954914118817
1477,0.1894,0,7,0,81159,595285,3230,123026,4.714904638195413,0.17127121817708485
1478,0.1895,0,11,0,81170,595274,3230,123026,4.714817513623115,0.1712738410135041
1479,0.1896,0,4,0,81174,595270,3230,123026,4.714785831960461,0.17127479479211913
1480,0.1897,0,17,0,81191,595253,3230,123026,4.7146511848941834,0.17127884846974503
1481,0.1898,0,24,0,81215,595229,3230,123026,4.714461094918262,0.17128457163542196
1482,0.1899,0,3,0,81218,595226,3230,123026,4.714437333671271,0.1712852870580242
1483,0.19,160,3533,160,84751,591693,3390,122866,4.68645450513243,0.1719466132257798
1484,0.1901,0,9,0,84760,591684,3390,122866,4.686383221391458,0.17194877895178784
1485,0.1902,0,7,0,84767,591677,3390,122866,4.6863277784818145,0.1719504634430678
1486,0.1903,2,25,2,84792,591652,3392,122864,4.686129768090229,0.17195416197817823
1487,0.1904,0,6,0,84798,591646,3392,122864,4.686082245596249,0.1719556059397349
1488,0.1905,2,14,2,84812,591632,3394,122862,4.685971359776961,0.17195665743869087
1489,0.1906,1,6,1,84818,591626,3395,122861,4.685923837282981,0.17195694253359403
1490,0.1907,3,27,3,84845,591599,3398,122858,4.685709986060068,0.17195996400063265
1491,0.1908,4,91,4,84936,591508,3402,122854,4.684989228234698,0.1719772328315336
1492,0.1909,0,5,0,84941,591503,3402,122854,4.6849496261563806,0.1719784365520321
1493,0.191,5,73,5,85014,591430,3407,122849,4.684371435812952,0.17199021670803705
1494,0.1911,0,9,0,85023,591421,3407,122849,4.684300152071981,0.1719923838324443
1495,0.1912,1,26,1,85049,591395,3408,122848,4.684094221264732,0.1719974854496299
1496,0.1913,1,24,1,85073,591371,3409,122847,4.68390413128881,0.1720021057996298
1497,0.1914,1,13,1,85086,591358,3410,122846,4.6838011658851855,0.1720040772664393
1498,0.1915,2,18,2,85104,591340,3412,122844,4.683658598403245,0.17200609366773828
1499,0.1916,0,5,0,85109,591335,3412,122844,4.6836189963249275,0.1720072978903048
1500,0.1917,18,317,18,85426,591018,3430,122826,4.681108224559625,0.1720628036377696
1501,0.1918,0,10,0,85436,591008,3430,122826,4.681029020402991,0.17206521404135974
1502,0.1919,0,2,0,85438,591006,3430,122826,4.681013179571664,0.17206569613018188
1503,0.192,8,68,8,85506,590938,3438,122818,4.6804745913065515,0.17207280919529924
1504,0.1921,0,11,0,85517,590927,3438,122818,4.680387466734254,0.17207546112407093
1505,0.1922,0,8,0,85525,590919,3438,122818,4.680324103408947,0.17207738985088344
1506,0.1923,0,31,0,85556,590888,3438,122818,4.680078570523381,0.17208486407568382
1507,0.1924,0,5,0,85561,590883,3438,122818,4.680038968445064,0.1720860696566209
1508,0.1925,16,305,16,85866,590578,3454,122802,4.677623241667723,0.17214107488295158
1509,0.1926,0,4,0,85870,590574,3454,122802,4.6775915600050695,0.17214204010227427
1510,0.1927,2,34,2,85904,590540,3456,122800,4.677322265872513,0.17214792385117897
1511,0.1928,1,15,1,85919,590525,3457,122799,4.677203459637561,0.17215038327604287
1512,0.1929,0,20,0,85939,590505,3457,122799,4.677045051324294,0.17215521012079002
1513,0.193,2,33,2,85972,590472,3459,122797,4.676783677607401,0.1721608537592409
1514,0.1931,0,8,0,85980,590464,3459,122797,4.676720314282093,0.17216278473097504
1515,0.1932,0,18,0,85998,590446,3459,122797,4.676577746800152,0.1721671295757547
1516,0.1933,32,592,32,86590,589854,3491,122765,4.671888860727411,0.17227298177567535
1517,0.1934,0,2,0,86592,589852,3491,122765,4.6718730198960845,0.17227346526956275
1518,0.1935,2,31,2,86623,589821,3493,122763,4.671627487010518,0.17227863662389276
1519,0.1936,1,8,1,86631,589813,3494,122762,4.671564123685211,0.17227940918499807
1520,0.1937,2,27,2,86658,589786,3496,122760,4.671350272462298,0.1722836139701858
1521,0.1938,0,29,0,86687,589757,3496,122760,4.6711205804080596,0.1722906260482206
1522,0.1939,1,8,1,86695,589749,3497,122759,4.671057217082753,0.1722913988334166
1523,0.194,6,104,6,86799,589645,3503,122753,4.6702334938537575,0.1723095797573828
1524,0.1941,0,2,0,86801,589643,3503,122753,4.670217653022431,0.1723100635040062
1525,0.1942,11,105,11,86906,589538,3514,122742,4.669386009377772,0.1723226820913124
1526,0.1943,4,34,4,86940,589504,3518,122738,4.669116715245216,0.17232625989481104
1527,0.1944,0,4,0,86944,589500,3518,122738,4.669085033582562,0.1723272276963599
1528,0.1945,2,24,2,86968,589476,3520,122736,4.668894943606641,0.17233071051877813
1529,0.1946,0,3,0,86971,589473,3520,122736,4.66887118235965,0.1723314364182424
1530,0.1947,0,30,0,87001,589443,3520,122736,4.668633569889748,0.17233869574924282
1531,0.1948,1,8,1,87009,589435,3521,122735,4.66857020656444,0.17233946950868473
1532,0.1949,0,2,0,87011,589433,3521,122735,4.668554365733113,0.17233995349411937
1533,0.195,53,1109,53,88120,588324,3574,122682,4.659770624762388,0.17254706711335768
1534,0.1951,0,4,0,88124,588320,3574,122682,4.659738943099734,0.172548037839556
1535,0.1952,0,9,0,88133,588311,3574,122682,4.659667659358763,0.17255022201343753
1536,0.1953,1,24,1,88157,588287,3575,122681,4.659477569382841,0.1725548829201877
1537,0.1954,0,7,0,88164,588280,3575,122681,4.659422126473197,0.17255658186595327
1538,0.1955,0,14,0,88178,588266,3575,122681,4.65931124065391,0.17255997985785157
1539,0.1956,1,5,1,88183,588261,3576,122680,4.659271638575593,0.17256002959457958
1540,0.1957,2,36,2,88219,588225,3578,122678,4.658986503611709,0.17256644014724934
1541,0.1958,7,97,7,88316,588128,3585,122671,4.658218223292359,0.17258184099865082
1542,0.1959,0,3,0,88319,588125,3585,122671,4.658194462045368,0.17258256940106584
1543,0.196,9,122,9,88441,588003,3594,122662,4.657228171334432,0.172601718109095
1544,0.1961,1,5,1,88446,587998,3595,122661,4.657188569256115,0.1726017682179498
1545,0.1962,2,20,2,88466,587978,3597,122659,4.657030160942846,0.17260429727132137
1546,0.1963,1,23,1,88489,587955,3598,122658,4.6568479913825875,0.17260871951399706
1547,0.1964,0,10,0,88499,587945,3598,122658,4.656768787225953,0.17261114855974433
1548,0.1965,3,18,3,88517,587927,3601,122655,4.6566262197440125,0.17261202788699967
1549,0.1966,0,2,0,88519,587925,3601,122655,4.656610378912685,0.17261251372118552
1550,0.1967,32,560,32,89079,587365,3633,122623,4.652174946141174,0.17271136976962992
1551,0.1968,5,14,5,89093,587351,3638,122618,4.6520640603218855,0.17270894926398195
1552,0.1969,0,5,0,89098,587346,3638,122618,4.652024458243568,0.1727101655858607
1553,0.197,2,45,2,89143,587301,3640,122616,4.651668039538715,0.17271878261824974
1554,0.1971,2,22,2,89165,587279,3642,122614,4.65149379039412,0.172721804553644
1555,0.1972,1,10,1,89175,587269,3643,122613,4.651414586237486,0.17272307228525305
1556,0.1973,2,39,2,89214,587230,3645,122611,4.651105690026613,0.17273023113626854
1557,0.1974,0,3,0,89217,587227,3645,122611,4.651081928779623,0.17273096114888187
1558,0.1975,15,290,15,89507,586937,3660,122596,4.648785008237232,0.17278407064928622
1559,0.1976,1,6,1,89513,586931,3661,122595,4.6487374857432515,0.17278436590061533
1560,0.1977,1,33,1,89546,586898,3662,122594,4.648476112026359,0.1727912365467123
1561,0.1978,1,21,1,89567,586877,3663,122593,4.648309783297427,0.17279518513820175
1562,0.1979,0,6,0,89573,586871,3663,122593,4.648262260803447,0.17279664648241488
1563,0.198,4,68,4,89641,586803,3667,122589,4.647723672538334,0.1728085459097368
1564,0.1981,1,5,1,89646,586798,3668,122588,4.647684070460017,0.17280859785786581
1565,0.1982,1,11,1,89657,586787,3669,122587,4.64759694588772,0.17281011145037736
1566,0.1983,18,318,18,89975,586469,3687,122569,4.645078253706754,0.1728666164577921
1567,0.1984,0,2,0,89977,586467,3687,122569,4.645062412875427,0.1728671040680586
1568,0.1985,3,17,3,89994,586450,3690,122566,4.6449277658091495,0.17286774910580296
1569,0.1986,1,12,1,90006,586438,3691,122565,4.644832720821189,0.1728695083095558
1570,0.1987,1,21,1,90027,586417,3692,122564,4.644666392092257,0.17287346205328494
1571,0.1988,1,12,1,90039,586405,3693,122563,4.644571347104296,0.17287522144864084
1572,0.1989,1,4,1,90043,586401,3694,122562,4.644539665441642,0.17287503014966932
1573,0.199,5,68,5,90111,586333,3699,122557,4.64400107717653,0.1728857791758947
1574,0.1991,0,2,0,90113,586331,3699,122557,4.643985236345204,0.17288626694202752
1575,0.1992,2,101,2,90214,586230,3701,122555,4.643185274363199,0.1729085688890143
1576,0.1993,1,44,1,90258,586186,3702,122554,4.642836776074009,0.17291813641109574
1577,0.1994,0,10,0,90268,586176,3702,122554,4.642757571917374,0.17292057624201035
1578,0.1995,1,19,1,90287,586157,3703,122553,4.64260708401977,0.17292404509601952
1579,0.1996,1,6,1,90293,586151,3704,122552,4.642559561525789,0.17292434207277238
1580,0.1997,2,23,2,90316,586128,3706,122550,4.64237739196553,0.17292762016035493
1581,0.1998,2,16,2,90332,586112,3708,122548,4.642250665314916,0.17292919030282505
1582,0.1999,0,3,0,90335,586109,3708,122548,4.642226904067925,0.17292992237429392
1583,0.2,162,3871,162,94206,582238,3870,122386,4.61156697503485,0.17368979767932968
1584,0.2001,1,4,1,94210,582234,3871,122385,4.611535293372196,0.1736896109812537
1585,0.2002,0,20,0,94230,582214,3871,122385,4.611376885058928,0.17369454115035646
1586,0.2003,0,17,0,94247,582197,3871,122385,4.611242237992649,0.17369873201415875
1587,0.2004,1,7,1,94254,582190,3872,122384,4.611186795083006,0.173699284958003
1588,0.2005,2,19,2,94273,582171,3874,122382,4.611036307185401,0.17370162358261196
1589,0.2006,0,3,0,94276,582168,3874,122382,4.611012545938411,0.17370236321055993
1590,0.2007,3,29,3,94305,582139,3877,122379,4.610782853884172,0.17370599473682716
1591,0.2008,5,108,5,94413,582031,3882,122374,4.609927448992523,0.17372676230293652
1592,0.2009,0,3,0,94416,582028,3882,122374,4.609903687745533,0.17372750219334981
1593,0.201,5,58,5,94474,581970,3887,122369,4.609444303637055,0.1737359424936004
1594,0.2011,0,4,0,94478,581966,3887,122369,4.609412621974402,0.17373692916012975
1595,0.2012,0,10,0,94488,581956,3887,122369,4.609333417817767,0.17373939587548362
1596,0.2013,4,33,4,94521,581923,3891,122365,4.609072044100874,0.1737428438366123
1597,0.2014,1,16,1,94537,581907,3892,122364,4.60894531745026,0.17374561780905362
1598,0.2015,3,37,3,94574,581870,3895,122361,4.608652262070714,0.17375122651516334
1599,0.2016,0,4,0,94578,581866,3895,122361,4.6086205804080596,0.1737522134198206
1600,0.2017,16,295,16,94873,581571,3911,122345,4.606284057787352,0.1738062496093284
1601,0.2018,0,22,0,94895,581549,3911,122345,4.606109808642757,0.17381168187255466
1602,0.2019,0,3,0,94898,581546,3911,122345,4.606086047395768,0.17381242266203148
1603,0.202,3,89,3,94987,581457,3914,122342,4.605381130401724,0.17383088069178843
1604,0.2021,1,10,1,94997,581447,3915,122341,4.605301926245089,0.17383217673503953
1605,0.2022,0,5,0,95002,581442,3915,122341,4.605262324166772,0.17383341171923733
1606,0.2023,1,34,1,95036,581408,3916,122340,4.604993030034216,0.17384063613679898
1607,0.2024,1,7,1,95043,581401,3917,122339,4.604937587124573,0.17384119134907777
1608,0.2025,17,303,17,95346,581098,3934,122322,4.602537701178558,0.17389610758863835
1609,0.2026,0,9,0,95355,581089,3934,122322,4.602466417437587,0.17389833255379855
1610,0.2027,4,31,4,95386,581058,3938,122318,4.602220884552021,0.17390129887855144
1611,0.2028,0,13,0,95399,581045,3938,122318,4.602117919148397,0.17390451303238869
1612,0.2029,2,20,2,95419,581025,3940,122316,4.601959510835129,0.17390710906942722
1613,0.203,2,33,2,95452,580992,3942,122314,4.601698137118236,0.1739129198385909
1614,0.2031,0,9,0,95461,580983,3942,122314,4.601626853377265,0.17391514537954805
1615,0.2032,1,12,1,95473,580971,3943,122313,4.601531808389304,0.17391693824969714
1616,0.2033,25,646,25,96119,580325,3968,122288,4.596415219870739,0.17404744859545723
1617,0.2034,0,3,0,96122,580322,3968,122288,4.596391458623748,0.1740481917422183
1618,0.2035,3,29,3,96151,580293,3971,122285,4.59616176656951,0.17405184904736556
1619,0.2036,0,6,0,96157,580287,3971,122285,4.596114244075529,0.17405333545885687
1620,0.2037,4,37,4,96194,580250,3975,122281,4.595821188695982,0.17405779958464465
1621,0.2038,2,6,2,96200,580244,3977,122279,4.595773666202002,0.17405693479074708
1622,0.2039,1,9,1,96209,580235,3978,122278,4.595702382461032,0.17405798896248184
1623,0.204,7,98,7,96307,580137,3985,122271,4.594926181726017,0.1740740424368743
1624,0.2041,0,2,0,96309,580135,3985,122271,4.59491034089469,0.17407453808765871
1625,0.2042,5,111,5,96420,580024,3990,122266,4.594031174756052,0.1740961710974099
1626,0.2043,1,38,1,96458,579986,3991,122265,4.5937301989608414,0.17410441565764948
1627,0.2044,0,12,0,96470,579974,3991,122265,4.593635153972881,0.17410739078860615
1628,0.2045,4,28,4,96498,579946,3995,122261,4.593413382334305,0.17410962864226645
1629,0.2046,0,9,0,96507,579937,3995,122261,4.593342098593334,0.17411186018758243
1630,0.2047,1,21,1,96528,579916,3996,122260,4.593175769864403,0.17411589117258353
1631,0.2048,0,18,0,96546,579898,3996,122260,4.593033202382461,0.17412035467800693
1632,0.2049,0,5,0,96551,579893,3996,122260,4.592993600304144,0.174121594581238
1633,0.205,72,1220,72,97771,578673,4068,122188,4.583330693194779,0.17433984770161273
1634,0.2051,0,2,0,97773,578671,4068,122188,4.583314852363452,0.17434034520495564
1635,0.2052,4,19,4,97792,578652,4072,122184,4.583164364465847,0.17434035922812186
1636,0.2053,0,28,0,97820,578624,4072,122184,4.582942592827272,0.17434732480222828
1637,0.2054,2,15,2,97835,578609,4074,122182,4.5828237865923205,0.17434870025442678
1638,0.2055,3,17,3,97852,578592,4077,122179,4.5826891395260425,0.17434939516618125
1639,0.2056,1,16,1,97868,578576,4078,122178,4.582562412875427,0.17435219777553893
1640,0.2057,3,48,3,97916,578528,4081,122175,4.582182232923584,0.17436060641955292
1641,0.2058,8,101,8,98017,578427,4089,122167,4.581382270941579,0.17437631495559483
1642,0.206,4,114,4,98131,578313,4093,122163,4.580479343555949,0.1743999794425505
1643,0.2061,0,1,0,98132,578312,4093,122163,4.5804714231402865,0.1744002284164317
1644,0.2062,2,20,2,98152,578292,4095,122161,4.580313014827018,0.17440285072660122
1645,0.2063,3,10,3,98162,578282,4098,122158,4.580233810670384,0.1744018045799783
1646,0.2064,1,5,1,98167,578277,4099,122157,4.580194208592067,0.17440187084007916
1647,0.2065,1,20,1,98187,578257,4100,122156,4.580035800278798,0.17440567208204302
1648,0.2066,0,4,0,98191,578253,4100,122156,4.580004118616145,0.17440666810392214
1649,0.2067,38,636,38,98827,577617,4138,122118,4.574966734254214,0.17452035413406503
1650,0.2068,0,23,0,98850,577594,4138,122118,4.574784564693955,0.17452609073447362
1651,0.2069,2,5,2,98855,577589,4140,122116,4.574744962615638,0.17452497838374745
1652,0.207,4,39,4,98894,577550,4144,122112,4.574436066404765,0.1745299873367426
1653,0.2071,0,14,0,98908,577536,4144,122112,4.574325180585477,0.17453347969264543
1654,0.2072,0,9,0,98917,577527,4144,122112,4.574253896844507,0.17453572485238816
1655,0.2073,1,35,1,98952,577492,4145,122111,4.573976682296287,0.17454327668692102
1656,0.2074,0,7,0,98959,577485,4145,122111,4.573921239386643,0.17454502312763367
1657,0.2075,11,285,11,99244,577200,4156,122100,4.57166392092257,0.1746031746031746
1658,0.2076,0,5,0,99249,577195,4156,122100,4.571624318844253,0.17460442302604767
1659,0.2077,1,43,1,99292,577152,4157,122099,4.571283740970726,0.1746139798155455
1660,0.2078,3,16,3,99308,577136,4160,122096,4.571157014320112,0.17461443412200814
1661,0.2079,0,11,0,99319,577125,4160,122096,4.571069889747814,0.17461718112013225
1662,0.208,2,81,2,99400,577044,4162,122094,4.570428336079077,0.17463505059087048
1663,0.2081,0,3,0,99403,577041,4162,122094,4.570404574832088,0.17463579995279882
1664,0.2082,1,12,1,99415,577029,4163,122093,4.570309529844126,0.17463761689662177
1665,0.2083,21,287,21,99702,576742,4184,122072,4.568036370548726,0.1746845369440223
1666,0.2085,2,36,2,99738,576706,4186,122070,4.5677512355848435,0.17469117428188718
1667,0.2086,1,6,1,99744,576700,4187,122069,4.567703713090863,0.17469149318301183
1668,0.2087,1,37,1,99781,576663,4188,122068,4.567410657711316,0.17469956249257582
1669,0.2088,1,16,1,99797,576647,4189,122067,4.567283931060702,0.17470238180428616
1670,0.2089,2,9,2,99806,576638,4191,122065,4.567212647319732,0.1747022697770011
1671,0.209,3,75,3,99881,576563,4194,122062,4.566618616144975,0.17471748076578994
1672,0.2091,0,4,0,99885,576559,4194,122062,4.566586934482322,0.17471848112209623
1673,0.2092,7,88,7,99973,576471,4201,122055,4.5658899379039415,0.1747322218500099
1674,0.2093,4,43,4,100016,576428,4205,122051,4.565549360030414,0.1747382526890572
1675,0.2094,0,2,0,100018,576426,4205,122051,4.565533519199088,0.17473875302980627
1676,0.2095,0,17,0,100035,576409,4205,122051,4.56539887213281,0.17474300604186352
1677,0.2096,0,5,0,100040,576404,4205,122051,4.5653592700544925,0.17474425696716323
1678,0.2097,0,18,0,100058,576386,4205,122051,4.565216702572551,0.17474876044653992
1679,0.2098,1,8,1,100066,576378,4206,122050,4.565153339247244,0.17474958048646388
1680,0.2099,1,3,1,100069,576375,4207,122049,4.565129578000254,0.17474914951376241
1681,0.21,182,3756,182,103825,572619,4389,121867,4.535380496768471,0.17547797939771284
1682,0.2101,2,7,2,103832,572612,4391,121865,4.535325053858826,0.17547737362072466
1683,0.2102,1,19,1,103851,572593,4392,121864,4.5351745659612215,0.17548098730374956
1684,0.2103,0,29,0,103880,572564,4392,121864,4.534944873906983,0.17548831556331254
1685,0.2104,1,8,1,103888,572556,4393,121863,4.534881510581675,0.17548914992245315
1686,0.2105,1,15,1,103903,572541,4394,121862,4.534762704346724,0.1754917533478398
1687,0.2106,1,6,1,103909,572535,4395,121861,4.534715181852744,0.17549208232766317
1688,0.2107,2,44,2,103953,572491,4397,121859,4.534366683563554,0.17550082811262332
1689,0.2108,5,96,5,104049,572395,4402,121854,4.533606323659866,0.175519158111859
1690,0.2109,1,2,1,104051,572393,4403,121853,4.533590482828539,0.17551847615974742
1691,0.211,5,94,5,104145,572299,4408,121848,4.532845963756178,0.17553630571046192
1692,0.2111,0,6,0,104151,572293,4408,121848,4.532798441262197,0.1755378230071412
1693,0.2112,4,17,4,104168,572276,4412,121844,4.532663794195919,0.1755373710597591
1694,0.2113,1,26,1,104194,572250,4413,121843,4.532457863388671,0.17554275867931243
1695,0.2114,1,11,1,104205,572239,4414,121842,4.532370738816373,0.17554435289252984
1696,0.2115,2,27,2,104232,572212,4416,121840,4.532156887593461,0.1755488061413266
1697,0.2116,1,4,1,104236,572208,4417,121839,4.532125205930807,0.17554862999191698
1698,0.2117,21,305,21,104541,571903,4438,121818,4.529709479153466,0.17560085394560637
1699,0.2118,1,13,1,104554,571890,4439,121817,4.529606513749842,0.1756029562913449
1700,0.2119,0,12,0,104566,571878,4439,121817,4.52951146876188,0.17560599398871263
1701,0.212,2,88,2,104654,571790,4441,121815,4.5288144721835,0.1756258965837905
1702,0.2121,2,6,2,104660,571784,4443,121813,4.52876694968952,0.17562503874728408
1703,0.2122,1,26,1,104686,571758,4444,121812,4.528561018882271,0.1756304338422942
1704,0.2123,2,23,2,104709,571735,4446,121810,4.528378849322013,0.17563388100267466
1705,0.2124,1,9,1,104718,571726,4447,121809,4.528307565581041,0.17563497155875335
1706,0.2125,24,330,24,105048,571396,4471,121785,4.525693828412115,0.1756900434374283
1707,0.2126,0,7,0,105055,571389,4471,121785,4.5256383855024716,0.17569181763886124
1708,0.2127,4,39,4,105094,571350,4475,121781,4.525329489291598,0.17569694617611967
1709,0.2128,1,26,1,105120,571324,4476,121780,4.525123558484349,0.17570234769962373
1710,0.2129,2,20,2,105140,571304,4478,121778,4.524965150171081,0.17570503923056724
1711,0.213,3,22,3,105162,571282,4481,121775,4.524790901026486,0.17570704862659203
1712,0.2131,0,6,0,105168,571276,4481,121775,4.524743378532506,0.1757085697877934
1713,0.2132,2,16,2,105184,571260,4483,121773,4.524616651881891,0.1757102475639688
1714,0.2133,37,615,37,105799,570645,4520,121736,4.5197455962488915,0.17582227126394284
1715,0.2134,0,2,0,105801,570643,4520,121736,4.519729755417564,0.1758227791426372
1716,0.2135,3,25,3,105826,570618,4523,121733,4.519531745025979,0.17582555669017594
1717,0.2136,0,7,0,105833,570611,4523,121733,4.519476302116335,0.1758273343886854
1718,0.2137,1,29,1,105862,570582,4524,121732,4.519246610062096,0.1758335090724729
1719,0.2138,0,31,0,105893,570551,4524,121732,4.51900107717653,0.17584138278709718
1720,0.2139,1,5,1,105898,570546,4525,121731,4.518961475098213,0.17584146230482886
1721,0.214,9,166,9,106064,570380,4534,121722,4.517646686098087,0.17587292046548053
1722,0.2141,0,3,0,106067,570377,4534,121722,4.517622924851096,0.1758736828112741
1723,0.2142,8,99,8,106166,570278,4542,121714,4.516838803700418,0.17588931663949872
1724,0.2143,2,62,2,106228,570216,4544,121712,4.516347737929286,0.1759026950781006
1725,0.2144,0,5,0,106233,570211,4544,121712,4.516308135850969,0.17590396619277002
1726,0.2145,4,27,4,106260,570184,4548,121708,4.516094284628057,0.17590606626467714
1727,0.2146,0,11,0,106271,570173,4548,121708,4.51600716005576,0.1759088629403033
1728,0.2147,2,25,2,106296,570148,4550,121706,4.515809149664174,0.17591283710146938
1729,0.2148,1,26,1,106322,570122,4551,121705,4.515603218856926,0.17591825702090264
1730,0.2149,2,7,2,106329,570115,4553,121703,4.515547775947281,0.17591765464327322
1731,0.215,63,1231,63,107560,568884,4616,121640,4.505797744265619,0.1761560785722147
1732,0.2151,0,3,0,107563,568881,4616,121640,4.505773983018629,0.17615684389033787
1733,0.2152,0,9,0,107572,568872,4616,121640,4.505702699277658,0.17615913988460735
1734,0.2153,1,23,1,107595,568849,4617,121639,4.5055205297173995,0.1761638145775162
1735,0.2154,0,13,0,107608,568836,4617,121639,4.505417564313775,0.17616713132264022
1736,0.2155,1,17,1,107625,568819,4618,121638,4.505282917247497,0.1761702756290399
1737,0.2156,0,7,0,107632,568812,4618,121638,4.505227474337853,0.17617206169889202
1738,0.2157,2,33,2,107665,568779,4620,121636,4.504966100620961,0.1761780957829711
1739,0.2158,8,102,8,107767,568677,4628,121628,4.504158218223292,0.17619458065637653
1740,0.2159,0,3,0,107770,568674,4628,121628,4.504134456976302,0.17619534638462586
1741,0.216,6,132,6,107902,568542,4634,121622,4.503088962108731,0.17622188349435786
1742,0.2161,0,8,0,107910,568534,4634,121622,4.503025598783424,0.1762239261848046
1743,0.2162,0,29,0,107939,568505,4634,121622,4.502795906729185,0.1762313313346674
1744,0.2163,3,22,3,107961,568483,4637,121619,4.50262165758459,0.17623336840061324
1745,0.2165,4,32,4,107993,568451,4641,121615,4.502368204283361,0.1762367657586376
1746,0.2166,0,4,0,107997,568447,4641,121615,4.502336522620707,0.17623778732925446
1747,0.2167,54,646,54,108643,567801,4695,121561,4.497219934102142,0.1763384114587111
1748,0.2168,1,21,1,108664,567780,4696,121560,4.49705360537321,0.17634258856297327
1749,0.2169,0,3,0,108667,567777,4696,121560,4.49702984412622,0.17634335600729398
1750,0.217,4,50,4,108717,567727,4700,121556,4.496633823343049,0.1763513680157497
1751,0.2171,2,16,2,108733,567711,4702,121554,4.496507096692435,0.17635307175034276
1752,0.2172,0,11,0,108744,567700,4702,121554,4.496419972120137,0.1763558862190136
1753,0.2173,6,40,6,108784,567660,4708,121548,4.4961031554936,0.17635895114392172
1754,0.2174,0,13,0,108797,567647,4708,121548,4.496000190089976,0.17636227772981522
1755,0.2175,22,309,22,109106,567338,4730,121526,4.493552781649981,0.17641508338365774
1756,0.2176,1,9,1,109115,567329,4731,121525,4.49348149790901,0.1764161926910492
1757,0.2177,2,29,2,109144,567300,4733,121523,4.493251805854771,0.17642122867558138
1758,0.2178,1,16,1,109160,567284,4734,121522,4.493125079204157,0.17642413103254037
1759,0.2179,0,10,0,109170,567274,4734,121522,4.493045875047523,0.17642669237335873
1760,0.218,7,79,7,109249,567195,4741,121515,4.492420162210113,0.17643855904517142
1761,0.2181,0,3,0,109252,567192,4741,121515,4.4923964009631225,0.17643932760956402
1762,0.2182,2,24,2,109276,567168,4743,121513,4.492206310987201,0.1764430846792637
1763,0.2183,23,305,23,109581,566863,4766,121490,4.489790584209859,0.17649374666777076
1764,0.2184,0,3,0,109584,566860,4766,121490,4.489766822962869,0.17649451587128642
1765,0.2185,1,27,1,109611,566833,4767,121489,4.489552971739957,0.1765002426190068
1766,0.2186,0,25,0,109636,566808,4767,121489,4.489354961348371,0.17650665337782964
1767,0.2187,2,37,2,109673,566771,4769,121487,4.489061905968825,0.17651374920451343
1768,0.2188,1,20,1,109693,566751,4770,121486,4.488903497655557,0.17651768213565966
1769,0.2189,0,10,0,109703,566741,4770,121486,4.488824293498923,0.17652024695340346
1770,0.219,3,75,3,109778,566666,4773,121483,4.4882302623241666,0.1765358955691282
1771,0.2191,0,3,0,109781,566663,4773,121483,4.488206501077176,0.17653666518442307
1772,0.2192,4,95,4,109876,566568,4777,121479,4.487454061589152,0.1765562526978535
1773,0.2193,1,57,1,109933,566511,4778,121478,4.487002597896337,0.17656968352691685
1774,0.2194,0,7,0,109940,566504,4778,121478,4.4869471549866935,0.17657148006779247
1775,0.2195,0,27,0,109967,566477,4778,121478,4.486733303763781,0.17657840992506776
1776,0.2196,0,3,0,109970,566474,4778,121478,4.486709542516791,0.1765791799427867
1777,0.2197,1,19,1,109989,566455,4779,121477,4.486559054619186,0.17658285993383066
1778,0.2198,4,26,4,110015,566429,4783,121473,4.486353123811938,0.17658474608301764
1779,0.2199,0,5,0,110020,566424,4783,121473,4.486313521733621,0.17658602959454686
1780,0.22,219,3833,219,113853,562591,5002,121254,4.455954568495755,0.1773121102004109
1781,0.2201,0,3,0,113856,562588,5002,121254,4.455930807248764,0.1773128880647869
1782,0.2202,3,12,3,113868,562576,5005,121251,4.455835762260803,0.17731239041453467
1783,0.2203,0,28,0,113896,562548,5005,121251,4.455613990622228,0.1773196509500599
1784,0.2204,1,6,1,113902,562542,5006,121250,4.455566468128247,0.17732000374382853
1785,0.2205,3,25,3,113927,562517,5009,121247,4.455368457736662,0.1773228774840442
1786,0.2206,0,11,0,113938,562506,5009,121247,4.455281333164365,0.1773257301978931
1787,0.2207,2,55,2,113993,562451,5011,121245,4.454845710302877,0.17733758863588495
1788,0.2208,7,107,7,114100,562344,5018,121238,4.453998225826892,0.17735692279785015
1789,0.221,2,70,2,114170,562274,5020,121236,4.453443796730452,0.17737267925853317
1790,0.2211,0,9,0,114179,562265,5020,121236,4.453372512989482,0.17737501481343845
1791,0.2212,1,21,1,114200,562244,5021,121235,4.45320618426055,0.1773792611038525
1792,0.2213,1,34,1,114234,562210,5022,121234,4.452936890127994,0.17738688173427522
1793,0.2214,0,8,0,114242,562202,5022,121234,4.452873526802686,0.177388958146776
1794,0.2215,2,18,2,114260,562184,5024,121232,4.452730959320745,0.17739122291547169
1795,0.2216,1,1,1,114261,562183,5025,121231,4.452723038905082,0.17739027880611166
1796,0.2217,20,352,20,114613,561831,5045,121211,4.44993505259156,0.17745760875612335
1797,0.2218,1,28,1,114641,561803,5046,121210,4.4497132809529845,0.177463679315035
1798,0.2219,0,2,0,114643,561801,5046,121210,4.449697440121658,0.17746419896604887
1799,0.222,6,83,6,114726,561718,5052,121204,4.449040045621595,0.17747854074110953
1800,0.2221,1,12,1,114738,561706,5053,121203,4.448945000633633,0.1774804549361628
1801,0.2222,1,8,1,114746,561698,5054,121202,4.448881637308326,0.17748132962366378
1802,0.2223,3,32,3,114778,561666,5057,121199,4.448628184007097,0.17748603311049768
1803,0.2224,1,9,1,114787,561657,5058,121198,4.448556900266126,0.17748716784676102
1804,0.2225,18,356,18,115143,561301,5076,121180,4.44573723228995,0.17755805656128157
1805,0.2226,2,8,2,115151,561293,5078,121178,4.445673868964644,0.17755772772762507
1806,0.2227,4,43,4,115194,561250,5082,121174,4.445333291091116,0.1775640950494121
1807,0.2228,0,10,0,115204,561240,5082,121174,4.445254086934482,0.17756669704900543
1808,0.2229,2,24,2,115228,561216,5084,121172,4.44506399695856,0.1775705317209564
1809,0.223,1,45,1,115273,561171,5085,121171,4.444707578253706,0.17758103707524966
1810,0.2231,0,1,0,115274,561170,5085,121171,4.4446996578380435,0.17758129732787564
1811,0.2232,2,19,2,115293,561151,5087,121169,4.444549169940439,0.17758383163325125
1812,0.2233,38,656,38,115949,560495,5125,121131,4.439353377265239,0.17770889021252123
1813,0.2234,0,3,0,115952,560492,5125,121131,4.439329616018249,0.17770967235553964
1814,0.2235,0,30,0,115982,560462,5125,121131,4.439092003548346,0.17771749416440602
1815,0.2236,1,3,1,115985,560459,5126,121130,4.439068242301356,0.17771706996445072
1816,0.2237,2,21,2,116006,560438,5128,121128,4.438901913572424,0.17772013275310095
1817,0.2238,1,19,1,116025,560419,5129,121127,4.43875142567482,0.17772388070651138
1818,0.2239,1,3,1,116028,560416,5130,121126,4.438727664427829,0.17772345651478558
1819,0.224,8,139,8,116167,560277,5138,121118,4.437626726650614,0.1777500568686298
1820,0.2241,0,4,0,116171,560273,5138,121118,4.437595044987961,0.1777511003227222
1821,0.2242,8,97,8,116268,560176,5146,121110,4.43682676466861,0.1777667528761783
1822,0.2243,2,35,2,116303,560141,5148,121108,4.43654955012039,0.17777347196105975
1823,0.2244,0,6,0,116309,560135,5148,121108,4.4365020276264096,0.17777503768846065
1824,0.2245,1,23,1,116332,560112,5149,121107,4.436319858066152,0.17777983291716762
1825,0.2246,2,9,2,116341,560103,5151,121105,4.43624857432518,0.17777976770677972
1826,0.2247,2,25,2,116366,560078,5153,121103,4.436050563933596,0.1777838782937281
1827,0.2248,5,18,5,116384,560060,5158,121098,4.435907996451654,0.17778254090827678
1828,0.2249,0,4,0,116388,560056,5158,121098,4.435876314789,0.17778358491618634
1829,0.225,78,1358,78,117746,558698,5236,121020,4.425120390318084,0.1780444243053737
1830,0.2251,0,7,0,117753,558691,5236,121020,4.42506494740844,0.17804625789489945
1831,0.2252,0,17,0,117770,558674,5236,121020,4.424930300342162,0.17805071105526898
1832,0.2253,0,37,0,117807,558637,5236,121020,4.424637244962615,0.17806040399789894
1833,0.2254,3,4,3,117811,558633,5239,121017,4.424605563299962,0.1780578238799382
1834,0.2255,1,20,1,117831,558613,5240,121016,4.4244471549866935,0.1780618543352329
1835,0.2256,0,3,0,117834,558610,5240,121016,4.424423393739703,0.17806264033453695
1836,0.2257,5,54,5,117888,558556,5245,121011,4.423995691293879,0.17807074210489915
1837,0.2258,12,105,12,117993,558451,5257,120999,4.42316404764922,0.17808374420487158
1838,0.2259,1,4,1,117997,558447,5258,120998,4.423132365986567,0.17808358292429852
1839,0.226,17,144,17,118141,558303,5275,120981,4.421991826131035,0.17810076492306606
1840,0.2261,0,4,0,118145,558299,5275,120981,4.421960144468382,0.17810181368507833
1841,0.2262,3,30,3,118175,558269,5278,120978,4.421722531998479,0.17810604978748526
1842,0.2263,9,18,9,118193,558251,5287,120969,4.421579964516538,0.17809987927328405
1843,0.2264,1,13,1,118206,558238,5288,120968,4.4214769991129135,0.17810207801462297
1844,0.2265,2,32,2,118238,558206,5290,120966,4.421223545811684,0.17810804921286508
1845,0.2266,0,5,0,118243,558201,5290,120966,4.421183943733367,0.17810936043712372
1846,0.2267,33,674,33,118917,557527,5323,120933,4.4158455835762265,0.1782463225540194
1847,0.2268,3,28,3,118945,557499,5326,120930,4.4156238119376505,0.178250045325303
1848,0.2269,0,5,0,118950,557494,5326,120930,4.415584209859333,0.1782513590321097
1849,0.227,5,49,5,118999,557445,5331,120925,4.415196109491826,0.1782581776906408
1850,0.2271,0,24,0,119023,557421,5331,120925,4.415006019515904,0.1782644844961126
1851,0.2272,3,22,3,119045,557399,5334,120922,4.414831770371309,0.1782666318748793
1852,0.2273,5,35,5,119080,557364,5339,120917,4.41455455582309,0.1782697731471175
1853,0.2274,0,3,0,119083,557361,5339,120917,4.414530794576099,0.178270561628123
1854,0.2275,26,374,26,119457,556987,5365,120891,4.411568559117982,0.17833739994512288
1855,0.2276,2,11,2,119468,556976,5367,120889,4.411481434545685,0.1783378696348093
1856,0.2277,4,26,4,119494,556950,5371,120885,4.411275503738437,0.1783398614707119
1857,0.2278,2,20,2,119514,556930,5373,120883,4.411117095425168,0.17834269924005589
1858,0.2279,2,13,2,119527,556917,5375,120881,4.4110141300215435,0.1783436953192544
1859,0.228,5,96,5,119623,556821,5380,120876,4.410253770117856,0.17836289669276978
1860,0.2281,0,7,0,119630,556814,5380,120876,4.410198327208212,0.17836473903997402
1861,0.2282,0,15,0,119645,556799,5380,120876,4.410079520973261,0.17836868705500425
1862,0.2283,27,389,27,120034,556410,5407,120849,4.406998479280193,0.17843838177122784
1863,0.2284,0,5,0,120039,556405,5407,120849,4.406958877201876,0.1784396991379896
1864,0.2285,7,27,7,120066,556378,5414,120842,4.406745025978964,0.17843832137267063
1865,0.2286,1,8,1,120074,556370,5415,120841,4.406681662653656,0.17843921613795405
1866,0.2287,2,35,2,120109,556335,5417,120839,4.4064044481054365,0.1784460123985859
1867,0.2288,3,17,3,120126,556318,5420,120836,4.4062698010391586,0.1784468525623418
1868,0.2289,2,17,2,120143,556301,5422,120834,4.406135153972881,0.17844890605270736
1869,0.229,4,66,4,120209,556235,5426,120830,4.405612406539095,0.17846144757150348
1870,0.2291,0,3,0,120212,556232,5426,120830,4.405588645292105,0.17846223831790886
1871,0.2292,7,121,7,120333,556111,5433,120823,4.404630274996832,0.17848564261803956
1872,0.2293,2,54,2,120387,556057,5435,120821,4.404202572551007,0.17849745448958307
1873,0.2294,0,9,0,120396,556048,5435,120821,4.404131288810037,0.17849982788397756
1874,0.2295,1,21,1,120417,556027,5436,120820,4.4039649600811055,0.17850415234166658
1875,0.2296,3,10,3,120427,556017,5439,120817,4.403885755924471,0.1785031484824935
1876,0.2297,2,19,2,120446,555998,5441,120815,4.403735268026866,0.1785057320116487
1877,0.2298,0,21,0,120467,555977,5441,120815,4.4035689392979345,0.178511270818804
1878,0.2299,0,5,0,120472,555972,5441,120815,4.403529337219617,0.1785125896330751
1879,0.23,211,4056,211,124528,551916,5652,120604,4.37140413128881,0.17933146969606853
1880,0.2301,0,2,0,124530,551914,5652,120604,4.3713882904574834,0.17933200300958488
1881,0.2302,3,16,3,124546,551898,5655,120601,4.371261563806868,0.17933260867302406
1882,0.2303,2,27,2,124573,551871,5657,120599,4.371047712583956,0.17933736820973425
1883,0.2304,1,9,1,124582,551862,5658,120598,4.370976428842986,0.17933854801772597
1884,0.2305,1,29,1,124611,551833,5659,120597,4.370746736788747,0.17934506193953273
1885,0.2306,1,6,1,124617,551827,5660,120596,4.370699214294766,0.17934544178292533
1886,0.2307,7,52,7,124669,551775,5667,120589,4.370287352680268,0.1793507683338192
1887,0.2308,10,119,10,124788,551656,5677,120579,4.369344823216323,0.1793703094899849
1888,0.2309,1,0,1,124788,551656,5678,120578,4.369344823216323,0.17936908873993282
1889,0.231,7,84,7,124872,551572,5685,120571,4.368679508300596,0.1793829586858749
1890,0.2311,1,2,1,124874,551570,5686,120570,4.368663667469269,0.17938227155056982
1891,0.2312,2,21,2,124895,551549,5688,120568,4.368497338740337,0.17938543438121637
1892,0.2313,6,37,6,124932,551512,5694,120562,4.36820428336079,0.17938798406127895
1893,0.2314,1,19,1,124951,551493,5695,120561,4.368053795463186,0.17939183458472088
1894,0.2315,4,23,4,124974,551470,5699,120557,4.367871625902928,0.17939308986097285
1895,0.2316,1,3,1,124977,551467,5700,120556,4.367847864655937,0.1793926695961299
1896,0.2317,29,371,29,125348,551096,5729,120527,4.364909390444811,0.17945633190048585
1897,0.2318,2,9,2,125357,551087,5731,120525,4.36483810670384,0.17945629321691692
1898,0.2319,1,6,1,125363,551081,5732,120524,4.364790584209859,0.17945667468229093
1899,0.232,3,87,3,125450,550994,5735,120521,4.364101508047142,0.17947625890709812
1900,0.2321,0,8,0,125458,550986,5735,120521,4.364038144721835,0.17947839709787092
1901,0.2322,2,11,2,125469,550975,5737,120519,4.363951020149537,0.17947889333337305
1902,0.2323,1,33,1,125502,550942,5738,120518,4.363689646432645,0.17948649212164536
1903,0.2324,1,7,1,125509,550935,5739,120517,4.3636342035230005,0.17948714129975038
1904,0.2325,14,379,14,125888,550556,5753,120503,4.360632365986567,0.17957139387147777
1905,0.2326,1,8,1,125896,550548,5754,120502,4.36056900266126,0.17957231204828253
1906,0.2327,1,33,1,125929,550515,5755,120501,4.360307628944367,0.17957992059801853
1907,0.2328,2,10,2,125939,550505,5757,120499,4.360228424787733,0.17958015153411902
1908,0.2329,0,18,0,125957,550487,5757,120499,4.3600858573057915,0.1795849689859401
1909,0.233,1,55,1,126012,550432,5758,120498,4.359650234444303,0.17959846779842906
1910,0.2331,1,0,1,126012,550432,5759,120497,4.359650234444303,0.17959724501400298
1911,0.2332,3,16,3,126028,550416,5762,120494,4.359523507793689,0.17959785962349645
1912,0.2333,36,677,36,126705,549739,5798,120458,4.354161386389558,0.17973521218388025
1913,0.2334,0,5,0,126710,549734,5798,120458,4.354121784311241,0.1797365531071693
1914,0.2335,4,28,4,126738,549706,5802,120454,4.353900012672665,0.1797391667661454
1915,0.2336,0,7,0,126745,549699,5802,120454,4.353844569763021,0.17974104420930742
1916,0.2337,2,28,2,126773,549671,5804,120452,4.353622798124445,0.17974610631182633
1917,0.2338,2,19,2,126792,549652,5806,120450,4.353472310226841,0.17974875466719992
1918,0.2339,1,6,1,126798,549646,5807,120449,4.35342478773286,0.17974914004730672
1919,0.234,8,117,8,126915,549529,5815,120441,4.352498099100241,0.17977073600310461
1920,0.2342,6,119,6,127034,549410,5821,120435,4.351555569636295,0.17979532578432325
1921,0.2343,2,44,2,127078,549366,5823,120433,4.351207071347105,0.1798046876749592
1922,0.2344,0,12,0,127090,549354,5823,120433,4.351112026359143,0.17980790908154384
1923,0.2345,3,24,3,127114,549330,5826,120430,4.350921936383221,0.17981067845198279
1924,0.2346,2,7,2,127121,549323,5828,120428,4.3508664934735775,0.17981010853287266
1925,0.2347,3,22,3,127143,549301,5831,120425,4.350692244328982,0.17981234116638745
1926,0.2348,0,15,0,127158,549286,5831,120425,4.350573438094031,0.1798163685530027
1927,0.2349,1,5,1,127163,549281,5832,120424,4.350533836015714,0.1798164863633988
1928,0.235,87,1323,87,128486,547958,5919,120337,4.340055126093017,0.18006568955326616
1929,0.2351,0,3,0,128489,547955,5919,120337,4.340031364846027,0.18006649787817303
1930,0.2352,3,18,3,128507,547937,5922,120334,4.339888797364086,0.1800676671589819
1931,0.2353,5,25,5,128532,547912,5927,120329,4.3396907869725005,0.18006826878326831
1932,0.2354,1,18,1,128550,547894,5928,120328,4.339548219490559,0.18007189227532167
1933,0.2355,0,20,0,128570,547874,5928,120328,4.33938981117729,0.18007728201950907
1934,0.2356,1,7,1,128577,547867,5929,120327,4.339334368267647,0.18007794143616973
1935,0.2357,4,49,4,128626,547818,5933,120323,4.338946267900139,0.18008623928182824
1936,0.2358,8,106,8,128732,547712,5941,120315,4.338106703839817,0.18010499575615957
1937,0.2359,0,3,0,128735,547709,5941,120315,4.338082942592827,0.1801058045818713
1938,0.236,9,120,9,128855,547589,5950,120306,4.337132492713217,0.18012711578915847
1939,0.2361,0,5,0,128860,547584,5950,120306,4.3370928906349,0.18012846426806808
1940,0.2362,3,25,3,128885,547559,5953,120303,4.336894880243316,0.18013152417715037
1941,0.2363,2,34,2,128919,547525,5955,120301,4.336625586110759,0.1801382396013333
1942,0.2364,2,8,2,128927,547517,5957,120299,4.336562222785452,0.18013794218766846
1943,0.2365,1,27,1,128954,547490,5958,120298,4.33634837156254,0.1801439977957076
1944,0.2366,0,12,0,128966,547478,5958,120298,4.336253326574579,0.18014723500095842
1945,0.2367,35,695,35,129661,546783,5993,120263,4.330748637688506,0.18029191390099034
1946,0.2368,1,16,1,129677,546767,5994,120262,4.330621911037891,0.18029500966224857
1947,0.2369,0,9,0,129686,546758,5994,120262,4.330550627296921,0.18029744235555156
1948,0.237,6,77,6,129763,546681,6000,120256,4.3299407552908376,0.18031088393656372
1949,0.2371,2,21,2,129784,546660,6002,120254,4.329774426561906,0.1803141034676135
1950,0.2372,2,18,2,129802,546642,6004,120252,4.3296318590799645,0.18031651206938434
1951,0.2373,3,56,3,129858,546586,6007,120249,4.3291883158028135,0.18032796718828495
1952,0.2374,0,2,0,129860,546584,6007,120249,4.329172474971487,0.1803285080372447
1953,0.2375,20,382,20,130242,546202,6027,120229,4.326146876188062,0.18040727397134887
1954,0.2376,0,7,0,130249,546195,6027,120229,4.326091433278418,0.18040916893749326
1955,0.2377,3,34,3,130283,546161,6030,120226,4.325822139145862,0.1804146839599212
1956,0.2378,1,19,1,130302,546142,6031,120225,4.325671651248258,0.18041859815987285
1957,0.2379,0,13,0,130315,546129,6031,120225,4.325568685844633,0.1804221179733295
1958,0.238,9,87,9,130402,546042,6040,120216,4.324879609681916,0.18043460641373163
1959,0.2381,0,18,0,130420,546024,6040,120216,4.324737042199975,0.18043948126801151
1960,0.2382,1,22,1,130442,546002,6041,120215,4.32456279305538,0.18044420961938828
1961,0.2383,19,379,19,130821,545623,6060,120196,4.321560955518946,0.18052353567561155
1962,0.2384,0,3,0,130824,545620,6060,120196,4.321537194271955,0.18052434906941256
1963,0.2385,1,33,1,130857,545587,6061,120195,4.321275820555063,0.18053206605165054
1964,0.2386,0,8,0,130865,545579,6061,120195,4.321212457229755,0.18053423534112176
1965,0.2387,3,33,3,130898,545546,6064,120192,4.320951083512862,0.18053949151167575
1966,0.2388,0,18,0,130916,545528,6064,120192,4.3208085160309215,0.18054437300967374
1967,0.2389,0,4,0,130920,545524,6064,120192,4.320776834368267,0.1805454578228554
1968,0.239,1,76,1,130996,545448,6065,120191,4.320174882777848,0.18056484070194204
1969,0.2391,0,2,0,130998,545446,6065,120191,4.320159041946521,0.18056538323440555
1970,0.2392,0,131,0,131129,545315,6065,120191,4.319121467494614,0.180600926212536
1971,0.2393,7,69,7,131198,545246,6072,120184,4.318574958813839,0.18061103346708143
1972,0.2394,0,3,0,131201,545243,6072,120184,4.3185511975668485,0.18061184773085553
1973,0.2395,3,35,3,131236,545208,6075,120181,4.318273983018629,0.18061765373338
1974,0.2396,2,8,2,131244,545200,6077,120179,4.318210619693321,0.18061736243554424
1975,0.2397,2,20,2,131264,545180,6079,120177,4.318052211380053,0.18062032863560465
1976,0.2398,3,15,3,131279,545165,6082,120174,4.317933405145102,0.18062070613627038
1977,0.2399,0,3,0,131282,545162,6082,120174,4.317909643898112,0.18062152055502784
1978,0.24,238,4090,238,135372,541072,6320,119936,4.285515143834749,0.1814440974995764
1979,0.2401,1,11,1,135383,541061,6321,119935,4.285428019262451,0.18144587864374367
1980,0.2402,0,16,0,135399,541045,6321,119935,4.285301292611837,0.1814502708100094
1981,0.2403,1,22,1,135421,541023,6322,119934,4.2851270434672415,0.18145507196383426
1982,0.2404,0,7,0,135428,541016,6322,119934,4.285071600557597,0.18145699372115895
1983,0.2405,1,20,1,135448,540996,6323,119933,4.284913192244329,0.18146124621555418
1984,0.2406,0,6,0,135454,540990,6323,119933,4.284865669750348,0.18146289355946155
1985,0.2407,3,57,3,135511,540933,6326,119930,4.284414206057534,0.18147482912494722
1986,0.2408,8,94,8,135605,540839,6334,119922,4.283669686985173,0.18149073568203936
1987,0.2409,0,7,0,135612,540832,6334,119922,4.283614244075529,0.1814926583872364
1988,0.241,6,64,6,135676,540768,6340,119916,4.28310733747307,0.1815028061826834
1989,0.2411,2,4,2,135680,540764,6342,119914,4.283075655810417,0.18150142732163022
1990,0.2412,2,30,2,135710,540734,6344,119912,4.282838043340514,0.18150719144594835
1991,0.2413,2,32,2,135742,540702,6346,119910,4.282584590039285,0.1815135056583895
1992,0.2414,0,12,0,135754,540690,6346,119910,4.282489545051324,0.18151680290644867
1993,0.2415,3,36,3,135790,540654,6349,119907,4.2822044100874415,0.1815229781958063
1994,0.2416,0,4,0,135794,540650,6349,119907,4.282172728424788,0.18152407740740012
1995,0.2417,20,367,20,136161,540283,6369,119887,4.279265935876315,0.18160019388945273
1996,0.2418,1,29,1,136190,540254,6370,119886,4.279036243822076,0.18160693186293816
1997,0.2419,1,7,1,136197,540247,6371,119885,4.278980800912432,0.18160761787036533
1998,0.242,10,79,10,136276,540168,6381,119875,4.278355088075022,0.18161695525897556
1999,0.2421,2,8,2,136284,540160,6383,119873,4.278291724749715,0.18161667674192047
2000,0.2422,0,13,0,136297,540147,6383,119873,4.27818875934609,0.18162025393169903
2001,0.2423,1,32,1,136329,540115,6384,119872,4.277935306044861,0.18162781994190794
2002,0.2424,1,11,1,136340,540104,6385,119871,4.277848181472564,0.18162960718209023
2003,0.2425,29,435,29,136775,539669,6414,119842,4.2744028006589785,0.1817134210043502
2004,0.2426,0,16,0,136791,539653,6414,119842,4.274276074008364,0.18171782955139917
2005,0.2427,8,44,8,136835,539609,6422,119834,4.273927575719174,0.18172002735642048
2006,0.2428,1,18,1,136853,539591,6423,119833,4.273785008237232,0.18172374678507303
2007,0.2429,2,28,2,136881,539563,6425,119831,4.2735632365986564,0.1817289814587333
2008,0.243,4,51,4,136932,539512,6429,119827,4.2731592953998225,0.18173807404081968
2009,0.2431,0,12,0,136944,539500,6429,119827,4.273064250411862,0.18174138174229176
2010,0.2432,1,23,1,136967,539477,6430,119826,4.272882080851603,0.18174648075315902
2011,0.2433,40,697,40,137664,538780,6470,119786,4.267361551134203,0.18188913487790137
2012,0.2434,1,5,1,137669,538775,6471,119785,4.267321949055886,0.18188927356656948
2013,0.2435,3,29,3,137698,538746,6474,119782,4.267092257001647,0.18189355653821856
2014,0.2436,2,7,2,137705,538739,6476,119780,4.267036814092004,0.1818930053650692
2015,0.2437,3,31,3,137736,538708,6479,119777,4.266791281206438,0.18189784125682437
2016,0.2438,2,30,2,137766,538678,6481,119775,4.2665536687365355,0.18190364384397975
2017,0.2439,0,10,0,137776,538668,6481,119775,4.266474464579901,0.18190640647709824
2018,0.244,13,149,13,137925,538519,6494,119762,4.265294322646053,0.1819314244220933
2019,0.2441,0,3,0,137928,538516,6494,119762,4.2652705613990625,0.18193225354637402
2020,0.2442,19,109,19,138037,538407,6513,119743,4.26440723609175,0.18193876775810985
2021,0.2443,3,39,3,138076,538368,6516,119740,4.264098339880877,0.18194582044284524
2022,0.2444,1,12,1,138088,538356,6517,119739,4.264003294892916,0.18194789506074352
2023,0.2445,2,22,2,138110,538334,6519,119737,4.263829045748321,0.1819514915563822
2024,0.2446,0,3,0,138113,538331,6519,119737,4.263805284501331,0.18195232103673176
2025,0.2447,1,26,1,138139,538305,6520,119736,4.263599353694082,0.1819582670380721
2026,0.2448,2,25,2,138164,538280,6522,119734,4.263401343302497,0.18196269380286742
2027,0.2449,1,4,1,138168,538276,6523,119733,4.263369661639842,0.18196255674314485
2028,0.245,89,1399,89,139567,536877,6612,119644,4.252289000126726,0.18223941046821046
2029,0.2451,1,4,1,139571,536873,6613,119643,4.252257318464073,0.18223927520426006
2030,0.2452,1,19,1,139590,536854,6614,119642,4.252106830566468,0.18224330384343546
2031,0.2453,4,32,4,139622,536822,6618,119638,4.251853377265239,0.18224720470401853
2032,0.2454,0,9,0,139631,536813,6618,119638,4.251782093524268,0.18224970332896134
2033,0.2455,2,27,2,139658,536786,6620,119636,4.251568242301356,0.18225470809936292
2034,0.2456,0,7,0,139665,536779,6620,119636,4.251512799391712,0.18225665166091573
2035,0.2457,6,52,6,139717,536727,6626,119630,4.251100937777214,0.18226361568475694
2036,0.2458,9,136,9,139853,536591,6635,119621,4.25002376124699,0.182290174516772
2037,0.2459,0,5,0,139858,536586,6635,119621,4.249984159168673,0.18229156348530265
2038,0.246,8,141,8,139999,536445,6643,119613,4.248867380560132,0.1823207704196885
2039,0.2461,1,8,1,140007,536437,6644,119612,4.248804017234825,0.18232174730850897
2040,0.2462,1,25,1,140032,536412,6645,119611,4.248606006843239,0.18232744888517627
2041,0.2463,2,28,2,140060,536384,6647,119609,4.2483842352046635,0.18233273830665875
2042,0.2464,1,9,1,140069,536375,6648,119608,4.248312951463693,0.18233399341141462
2043,0.2465,4,34,4,140103,536341,6652,119604,4.248043657331137,0.18233845825488418
2044,0.2466,0,5,0,140108,536336,6652,119604,4.24800405525282,0.18233984815684362
2045,0.2467,38,714,38,140822,535622,6690,119566,4.242348878469142,0.1824911323162207
2046,0.2468,2,23,2,140845,535599,6692,119564,4.242166708908884,0.18249504321825255
2047,0.2469,0,9,0,140854,535590,6692,119564,4.242095425167912,0.18249755019430547
2048,0.247,2,59,2,140913,535531,6694,119562,4.241628120643772,0.18251149073490328
2049,0.2471,1,25,1,140938,535506,6695,119561,4.241430110252186,0.18251720816343978
2050,0.2472,1,15,1,140953,535491,6696,119560,4.241311304017235,0.18252013965324837
2051,0.2473,3,45,3,140998,535446,6699,119557,4.240954885312381,0.18252893498197717
2052,0.2474,1,10,1,141008,535436,6700,119556,4.240875681155747,0.18253047365464006
2053,0.2475,24,351,24,141359,535085,6724,119532,4.238095615257889,0.18259837431658513
2054,0.2476,0,10,0,141369,535075,6724,119532,4.238016411101254,0.1826011637516861
2055,0.2477,6,33,6,141402,535042,6730,119526,4.237755037384362,0.18260287701201403
2056,0.2478,2,27,2,141429,535015,6732,119524,4.23754118616145,0.18260791182801941
2057,0.2479,0,12,0,141441,535003,6732,119524,4.237446141173489,0.18261125973412862
2058,0.248,6,85,6,141526,534918,6738,119518,4.236772905842098,0.18262748381812735
2059,0.2481,1,10,1,141536,534908,6739,119517,4.236693701685464,0.18262902548038354
2060,0.2482,0,25,0,141561,534883,6739,119517,4.236495691293879,0.1826360024449878
2061,0.2483,27,389,27,141950,534494,6766,119490,4.233414649600811,0.18271089200959045
2062,0.2484,0,4,0,141954,534490,6766,119490,4.233382967938158,0.18271200954157618
2063,0.2485,1,36,1,141990,534454,6767,119489,4.233097832974274,0.18272081817528438
2064,0.2486,1,10,1,142000,534444,6768,119488,4.23301862881764,0.18272236256980848
2065,0.2487,1,34,1,142034,534410,6769,119487,4.232749334685084,0.18273061353699435
2066,0.2488,1,16,1,142050,534394,6770,119486,4.23262260803447,0.18273383495442588
2067,0.2489,2,8,2,142058,534386,6772,119484,4.2325592447091624,0.18273357089329684
2068,0.249,8,74,8,142132,534312,6780,119476,4.23197313395007,0.18274425348889853
2069,0.2491,0,7,0,142139,534305,6780,119476,4.231917691040426,0.18274621012234984
2070,0.2492,5,133,5,142272,534172,6785,119471,4.230864275757192,0.1827771428746273
2071,0.2493,2,61,2,142333,534111,6787,119469,4.230381130401724,0.1827917010924447
2072,0.2494,0,3,0,142336,534108,6787,119469,4.230357369154733,0.18279254012916613
2073,0.2495,2,21,2,142357,534087,6789,119467,4.230191040425802,0.18279591280904103
2074,0.2496,2,11,2,142368,534076,6791,119465,4.230103915853504,0.18279648866712264
2075,0.2497,3,30,3,142398,534046,6794,119462,4.229866303383601,0.18280112867784326
2076,0.2498,1,32,1,142430,534014,6795,119461,4.229612850082372,0.18280882971804582
2077,0.2499,0,3,0,142433,534011,6795,119461,4.229589088835382,0.18280966896821899
2078,0.25,278,4207,278,146640,529804,7073,119183,4.196267900139399,0.18364466468511695
2079,0.2501,0,12,0,146652,529792,7073,119183,4.196172855151438,0.1836480604029431
2080,0.2502,5,15,5,146667,529777,7078,119178,4.196054048916487,0.18364601551725465
2081,0.2503,1,34,1,146701,529743,7079,119177,4.195784754783931,0.18365437958454048
2082,0.2504,0,8,0,146709,529735,7079,119177,4.1957213914586236,0.18365664373597654
2083,0.2505,4,26,4,146735,529709,7083,119173,4.195515460651375,0.1836589703520825
2084,0.2506,0,5,0,146740,529704,7083,119173,4.195475858573058,0.18366038555843403
2085,0.2507,3,53,3,146793,529651,7086,119170,4.195056076542897,0.18367161358833947
2086,0.2508,4,131,4,146924,529520,7090,119166,4.19401850209099,0.1837036717302362
2087,0.2509,0,4,0,146928,529516,7090,119166,4.193986820428336,0.1837048045113014
2088,0.251,7,84,7,147012,529432,7097,119159,4.19332150551261,0.18371978642935224
2089,0.2511,0,6,0,147018,529426,7097,119159,4.193273983018629,0.18372148600414748
2090,0.2512,5,29,5,147047,529397,7102,119154,4.19304429096439,0.18372340802805023
2091,0.2513,7,48,7,147095,529349,7109,119147,4.1926641110125455,0.18372819570205523
2092,0.2514,0,18,0,147113,529331,7109,119147,4.192521543530605,0.1837332955011581
2093,0.2515,0,33,0,147146,529298,7109,119147,4.192260169813712,0.18374264586819236
2094,0.2516,0,7,0,147153,529291,7109,119147,4.192204726904068,0.18374462940173156
2095,0.2517,35,387,35,147540,528904,7144,119112,4.189139526042327,0.18381027628947433
2096,0.2518,0,15,0,147555,528889,7144,119112,4.189020719807376,0.18381453115041488
2097,0.2519,1,12,1,147567,528877,7145,119111,4.188925674819415,0.18381667561744972
2098,0.252,6,122,6,147689,528755,7151,119105,4.187959384108478,0.18384373167042262
2099,0.2521,2,17,2,147706,528738,7153,119103,4.1878247370422,0.18384603629594298
2100,0.2522,0,18,0,147724,528720,7153,119103,4.187682169560259,0.183851144525588
2101,0.2523,1,31,1,147755,528689,7154,119102,4.1874366366746925,0.18385868281590823
2102,0.2524,2,15,2,147770,528674,7156,119100,4.187317830439741,0.18386042045528225
2103,0.2525,25,391,25,148161,528283,7181,119075,4.184220947915347,0.18393995285452563
2104,0.2526,3,6,3,148167,528277,7184,119072,4.184173425421366,0.18393787585985302
2105,0.2527,1,52,1,148219,528225,7185,119071,4.183761563806868,0.18395139163535693
2106,0.2528,3,11,3,148230,528214,7188,119068,4.183674439234571,0.1839507355372156
2107,0.2529,0,19,0,148249,528195,7188,119068,4.183523951336966,0.18395613529585347
2108,0.253,5,50,5,148299,528145,7193,119063,4.183127930553796,0.1839640424716629
2109,0.2531,1,9,1,148308,528136,7194,119062,4.183056646812824,0.18396533981872626
2110,0.2532,2,22,2,148330,528114,7196,119060,4.182882397668229,0.1839690716870579
2111,0.2533,57,771,57,149101,527343,7253,119003,4.176775757191737,0.1841165567668091
2112,0.2534,1,6,1,149107,527337,7254,119002,4.176728234697757,0.18411700361574962
2113,0.2535,7,37,7,149144,527300,7261,118995,4.176435179318211,0.18411870740141886
2114,0.2536,0,4,0,149148,527296,7261,118995,4.176403497655557,0.1841198469420122
2115,0.2537,2,42,2,149190,527254,7263,118993,4.176070840197694,0.18412928802764267
2116,0.2538,1,21,1,149211,527233,7264,118992,4.175904511468762,0.18413400905257457
2117,0.2539,0,8,0,149219,527225,7264,118992,4.175841148143455,0.18413628858417527
2118,0.254,7,156,7,149375,527069,7271,118985,4.174605563299962,0.1841719113262978
2119,0.2541,1,2,1,149377,527067,7272,118984,4.174589722468635,0.18417121868087813
2120,0.2542,4,132,4,149509,526935,7276,118980,4.173544227601065,0.1842038039060867
2121,0.2543,6,57,6,149566,526878,7282,118974,4.17309276390825,0.18421248211664593
2122,0.2544,0,4,0,149570,526874,7282,118974,4.173061082245597,0.18421362301965788
2123,0.2545,2,25,2,149595,526849,7284,118972,4.172863071854011,0.18421822765131515
2124,0.2546,1,6,1,149601,526843,7285,118971,4.17281554936003,0.18421867596552569
2125,0.2547,1,30,1,149631,526813,7286,118970,4.172577936890128,0.1842259706433895
2126,0.2548,4,30,4,149661,526783,7290,118966,4.172340324420226,0.18422947615869323
2127,0.2549,0,6,0,149667,526777,7290,118966,4.172292801926245,0.18423118794938545
2128,0.255,76,1366,76,151033,525411,7366,118890,4.161473514130021,0.18452555560211764
2129,0.2551,0,6,0,151039,525405,7366,118890,4.161425991636041,0.18452727399715968
2130,0.2552,3,11,3,151050,525394,7369,118887,4.161338867063743,0.18452662735669684
2131,0.2553,2,41,2,151091,525353,7371,118885,4.1610141300215435,0.1845358392395357
2132,0.2554,1,17,1,151108,525336,7372,118884,4.1608794829552656,0.18453944304740616
2133,0.2555,0,15,0,151123,525321,7372,118884,4.160760676720314,0.18454373995855355
2134,0.2556,1,9,1,151132,525312,7373,118883,4.160689392979344,0.18454505235216045
2135,0.2557,5,47,5,151179,525265,7378,118878,4.160317133443163,0.18455218794584433
2136,0.2558,6,152,6,151331,525113,7384,118872,4.159113230262324,0.18458815034511675
2137,0.2559,0,11,0,151342,525102,7384,118872,4.159026105690026,0.18459130337560212
2138,0.256,8,164,8,151506,524938,7392,118864,4.157727157521227,0.18462819314012693
2139,0.2561,1,0,1,151506,524938,7393,118863,4.157727157521227,0.18462692664348146
2140,0.2562,0,21,0,151527,524917,7393,118863,4.157560828792295,0.18463294914411754
2141,0.2563,1,19,1,151546,524898,7394,118862,4.15741034089469,0.18463713185037903
2142,0.2564,0,11,0,151557,524887,7394,118862,4.157323216322393,0.18464028681986303
2143,0.2565,4,36,4,151593,524851,7398,118858,4.157038081358509,0.1846455463571272
2144,0.2566,0,5,0,151598,524846,7398,118858,4.156998479280193,0.18464698059977877
2145,0.2567,60,782,60,152380,524064,7458,118798,4.150804714231403,0.1847954926562777
2146,0.2568,5,27,5,152407,524037,7463,118793,4.150590863008491,0.18479691364746512
2147,0.2569,0,1,0,152408,524036,7463,118793,4.150582942592827,0.18479720112191578
2148,0.257,6,44,6,152452,523992,7469,118787,4.150234444303637,0.18480224151691327
2149,0.2571,0,20,0,152472,523972,7469,118787,4.150076035990368,0.18480799179785892
2150,0.2572,0,21,0,152493,523951,7469,118787,4.149909707261437,0.18481402997800037
2151,0.2573,8,48,8,152541,523903,7477,118779,4.149529527309594,0.1848176858850878
2152,0.2574,0,6,0,152547,523897,7477,118779,4.149482004815613,0.18481941133634988
2153,0.2575,28,368,28,152915,523529,7505,118751,4.146567291851476,0.18488976770255963
2154,0.2576,0,16,0,152931,523513,7505,118751,4.146440565200861,0.1848943736532018
2155,0.2577,1,35,1,152966,523478,7506,118750,4.1461633506526425,0.18490318080183363
2156,0.2578,2,31,2,152997,523447,7508,118748,4.145917817767076,0.1849095679661162
2157,0.2579,1,12,1,153009,523435,7509,118747,4.145822772779115,0.18491175398874463
2158,0.258,4,99,4,153108,523336,7513,118743,4.145038651628438,0.18493518710314463
2159,0.2581,0,10,0,153118,523326,7513,118743,4.144959447471804,0.1849380674039706
2160,0.2582,1,20,1,153138,523306,7514,118742,4.144801039158535,0.18494255881180224
2161,0.2583,33,420,33,153558,522886,7547,118709,4.141474464579901,0.18502170372275345
2162,0.2584,0,1,0,153559,522885,7547,118709,4.1414665441642375,0.18502199210092363
2163,0.2585,2,23,2,153582,522862,7549,118707,4.14128437460398,0.18502608448974311
2164,0.2586,3,10,3,153592,522852,7552,118704,4.141205170447345,0.18502515758561996
2165,0.2587,1,45,1,153637,522807,7553,118703,4.1408487517424915,0.18503686614394163
2166,0.2588,2,13,2,153650,522794,7555,118701,4.140745786338867,0.1850380751213961
2167,0.2589,1,9,1,153659,522785,7556,118700,4.140674502597896,0.1850394007654115
2168,0.259,4,86,4,153745,522699,7560,118696,4.139993346850843,0.18505912892991058
2169,0.2591,0,2,0,153747,522697,7560,118696,4.139977506019516,0.18505970598369487
2170,0.2592,6,160,6,153907,522537,7566,118690,4.13871023951337,0.18509825693553142
2171,0.2593,4,60,4,153967,522477,7570,118686,4.1382350145735645,0.18511049452323355
2172,0.2594,0,8,0,153975,522469,7570,118686,4.138171651248258,0.18511280423610516
2173,0.2595,1,30,1,154005,522439,7571,118685,4.137934038778355,0.18512019515725506
2174,0.2596,1,7,1,154012,522432,7572,118684,4.137878595868711,0.18512094535154325
2175,0.2597,1,24,1,154036,522408,7573,118683,4.13768850589279,0.18512660449140605
2176,0.2598,2,28,2,154064,522380,7575,118681,4.137466734254214,0.18513214811071022
2177,0.2599,1,4,1,154068,522376,7576,118680,4.13743505259156,0.18513203214695753
2178,0.26,240,4042,240,158110,518334,7816,118440,4.105420732480041,0.1860000565349716
2179,0.2601,3,8,3,158118,518326,7819,118437,4.105357369154733,0.18599855833332024
2180,0.2602,3,21,3,158139,518305,7822,118434,4.105191040425802,0.18600085749420092
2181,0.2603,1,31,1,158170,518274,7823,118433,4.1049455075402355,0.18600863505505671
2182,0.2604,0,14,0,158184,518260,7823,118433,4.104834621720948,0.18601272512812297
2183,0.2605,1,37,1,158221,518223,7824,118432,4.1045415663414015,0.18602225695235253
2184,0.2606,0,7,0,158228,518216,7824,118432,4.104486123431758,0.1860243022832083
2185,0.2607,5,57,5,158285,518159,7829,118427,4.104034659738943,0.18603456563606488
2186,0.2608,3,134,3,158419,518025,7832,118424,4.102973324040046,0.1860698971952191
2187,0.2609,0,4,0,158423,518021,7832,118424,4.102941642377392,0.1860710666279097
2188,0.261,5,87,5,158510,517934,7837,118419,4.102252566214675,0.18609011036327322
2189,0.2611,1,6,1,158516,517928,7838,118418,4.102205043720694,0.18609058593909603
2190,0.2612,1,23,1,158539,517905,7839,118417,4.102022874160436,0.18609603314045406
2191,0.2613,3,40,3,158579,517865,7842,118414,4.1017060575338995,0.18610389467513466
2192,0.2614,3,18,3,158597,517847,7845,118411,4.101563490051958,0.1861053220548897
2193,0.2615,1,38,1,158635,517809,7846,118410,4.1012625142567485,0.18611515845958704
2194,0.2616,0,6,0,158641,517803,7846,118410,4.101214991762768,0.1861169136751371
2195,0.2617,21,411,21,159052,517392,7867,118389,4.097959700925105,0.18621034601537323
2196,0.2618,2,32,2,159084,517360,7869,118387,4.097706247623876,0.18621715871250671
2197,0.2619,1,4,1,159088,517356,7870,118386,4.0976745659612215,0.18621705031286276
2198,0.262,5,112,5,159200,517244,7875,118381,4.0967874794069195,0.18624346116027532
2199,0.2621,1,15,1,159215,517229,7876,118380,4.096668673171968,0.1862465761183369
2200,0.2622,2,23,2,159238,517206,7878,118378,4.096486503611709,0.1862507552109556
2201,0.2623,1,37,1,159275,517169,7879,118377,4.096193448232163,0.1862603178998845
2202,0.2624,3,18,3,159293,517151,7882,118374,4.096050880750222,0.18626175209472484
2203,0.2625,27,390,27,159683,516761,7909,118347,4.092961918641491,0.18634153561284064
2204,0.2626,0,10,0,159693,516751,7909,118347,4.0928827144848565,0.186344469672397
2205,0.2627,2,57,2,159750,516694,7911,118345,4.092431250792042,0.18635863309182585
2206,0.2628,1,35,1,159785,516659,7912,118344,4.092154036243822,0.18636762346004665
2207,0.2629,4,22,4,159807,516637,7916,118340,4.091979787099227,0.18636895509601134
2208,0.263,4,46,4,159853,516591,7920,118336,4.09161544797871,0.18637733156725103
2209,0.2631,3,5,3,159858,516586,7923,118333,4.091575845900393,0.1863749549155089
2210,0.2632,6,19,6,159877,516567,7929,118327,4.091425358002788,0.18637284334077814
2211,0.2633,79,759,79,160636,515808,8008,118248,4.085413762514257,0.18649456830311517
2212,0.2634,1,1,1,160637,515807,8009,118247,4.085405842098593,0.18649357941121733
2213,0.2635,2,27,2,160664,515780,8011,118245,4.085191990875681,0.18649895508852174
2214,0.2636,0,9,0,160673,515771,8011,118245,4.085120707134711,0.1865016024832181
2215,0.2637,2,33,2,160706,515738,8013,118243,4.084859333417818,0.1865087439528945
2216,0.2638,3,19,3,160725,515719,8016,118240,4.084708845520213,0.18651048411648072
2217,0.2639,2,3,2,160728,515716,8018,118238,4.0846850842732225,0.18650880032305184
2218,0.264,10,161,10,160889,515555,8028,118228,4.083409897351413,0.18654334369965744
2219,0.2641,1,9,1,160898,515546,8029,118227,4.083338613610442,0.1865447092255429
2220,0.2642,13,131,13,161029,515415,8042,118214,4.082301039158535,0.18656658707224574
2221,0.2643,5,48,5,161077,515367,8047,118209,4.081920859206691,0.1865743020568961
2222,0.2644,0,11,0,161088,515356,8047,118209,4.081833734634394,0.18657754137302407
2223,0.2645,6,28,6,161116,515328,8053,118203,4.081611962995818,0.18657808378753368
2224,0.2646,0,15,0,161131,515313,8053,118203,4.0814931567608665,0.18658250146799765
2225,0.2647,1,39,1,161170,515274,8054,118202,4.0811842605499935,0.18659270438027645
2226,0.2648,1,23,1,161193,515251,8055,118201,4.0810020909897355,0.1865981952855149
2227,0.2649,0,12,0,161205,515239,8055,118201,4.080907046001774,0.1866017302349078
2228,0.265,82,1524,82,162729,513715,8137,118119,4.068836332530731,0.18694625487074137
2229,0.2651,0,6,0,162735,513709,8137,118119,4.068788810036751,0.18694803016010686
2230,0.2652,1,29,1,162764,513680,8138,118118,4.068559117982511,0.18695532432834544
2231,0.2653,4,40,4,162804,513640,8142,118114,4.068242301355975,0.18696201369520415
2232,0.2654,2,6,2,162810,513634,8144,118112,4.0681947788619945,0.1869612154251867
2233,0.2655,2,26,2,162836,513608,8146,118110,4.067988848054746,0.18696633624497005
2234,0.2656,0,2,0,162838,513606,8146,118110,4.0679730072234195,0.18696692817658567
2235,0.2657,5,63,5,162901,513543,8151,118105,4.067474021036624,0.18697914028066265
2236,0.2658,9,130,9,163031,513413,8160,118096,4.06644436700038,0.18700604425273432
2237,0.2659,0,3,0,163034,513410,8160,118096,4.06642060575339,0.18700693263405258
2238,0.266,11,153,11,163187,513257,8171,118085,4.065208782156888,0.18703808712235206
2239,0.2661,0,6,0,163193,513251,8171,118085,4.065161259662907,0.18703986466794226
2240,0.2662,4,36,4,163229,513215,8175,118081,4.064876124699024,0.18704537966342255
2241,0.2663,1,28,1,163257,513187,8176,118080,4.064654353060448,0.1870523882921173
2242,0.2664,0,8,0,163265,513179,8176,118080,4.064590989735141,0.18705475882324055
2243,0.2665,6,41,6,163306,513138,8182,118074,4.064266252692941,0.18705918138438432
2244,0.2666,0,6,0,163312,513132,8182,118074,4.064218730198961,0.18706095949658272
2245,0.2667,57,779,57,164091,512353,8239,118017,4.058048726397161,0.18721861763726066
2246,0.2668,2,16,2,164107,512337,8241,118015,4.057921999746546,0.18722079092316674
2247,0.2669,1,4,1,164111,512333,8242,118014,4.057890318083893,0.18722068955670448
2248,0.267,3,56,3,164167,512277,8245,118011,4.057446774806742,0.18723345518239282
2249,0.2671,2,20,2,164187,512257,8247,118009,4.057288366493474,0.1872368174707187
2250,0.2672,0,16,0,164203,512241,8247,118009,4.057161639842859,0.187241570805236
2251,0.2673,5,35,5,164238,512206,8252,118004,4.05688442529464,0.18724552133415845
2252,0.2674,1,6,1,164244,512200,8253,118003,4.056836902800659,0.1872460143794936
2253,0.2675,20,378,20,164622,511822,8273,117983,4.053842985679888,0.18733258707060121
2254,0.2676,0,8,0,164630,511814,8273,117983,4.053779622354581,0.18733496666386154
2255,0.2677,4,42,4,164672,511772,8277,117979,4.053446964896718,0.18734229878158193
2256,0.2678,6,21,6,164693,511751,8283,117973,4.053280636167786,0.1873408032725448
2257,0.2679,0,19,0,164712,511732,8283,117973,4.053130148270181,0.18734645588013435
2258,0.268,8,90,8,164802,511642,8291,117965,4.0524173108604735,0.18736291051401907
2259,0.2681,2,16,2,164818,511626,8293,117963,4.052290584209859,0.18736509055907902
2260,0.2682,0,26,0,164844,511600,8293,117963,4.052084653402611,0.18737282845402287
2261,0.2683,31,430,31,165274,511170,8324,117932,4.048678874667343,0.18746085690396788
2262,0.2684,0,4,0,165278,511166,8324,117932,4.048647193004689,0.18746204883817782
2263,0.2685,5,39,5,165317,511127,8329,117927,4.0483382967938155,0.1874672126717261
2264,0.2686,0,9,0,165326,511118,8329,117927,4.048267013052845,0.18746989484059168
2265,0.2687,6,34,6,165360,511084,8335,117921,4.047997718920289,0.1874722776448518
2266,0.2688,4,24,4,165384,511060,8339,117917,4.047807628944367,0.18747426376481174
2267,0.2689,0,9,0,165393,511051,8339,117917,4.047736345203396,0.18747694636293102
2268,0.269,6,88,6,165481,510963,8345,117911,4.047039348625016,0.18749542833699595
2269,0.2691,0,7,0,165488,510956,8345,117911,4.046983905715372,0.1874975153728849
2270,0.2692,14,137,14,165625,510819,8359,117897,4.0458988087694845,0.18752027942664096
2271,0.2693,7,64,7,165689,510755,8366,117890,4.045391902167026,0.18753032315535795
2272,0.2694,0,7,0,165696,510748,8366,117890,4.045336459257382,0.1875324113400717
2273,0.2695,3,47,3,165743,510701,8369,117887,4.044964199721202,0.1875425556962589
2274,0.2696,0,13,0,165756,510688,8369,117887,4.044861234317577,0.18754643439525912
2275,0.2697,0,18,0,165774,510670,8369,117887,4.044718666835635,0.18755180516643677
2276,0.2698,1,23,1,165797,510647,8370,117886,4.044536497275377,0.18755737566683053
2277,0.2699,1,6,1,165803,510641,8371,117885,4.044488974781396,0.18755787350085756
2278,0.27,275,4118,275,169921,506523,8646,117610,4.011872703079457,0.18843740036178186
2279,0.2701,0,6,0,169927,506517,8646,117610,4.011825180585477,0.18843921189116958
2280,0.2702,3,18,3,169945,506499,8649,117607,4.0116826131035355,0.18844074564256713
2281,0.2703,1,23,1,169968,506476,8650,117606,4.0115004435432775,0.18844639005771677
2282,0.2704,1,7,1,169975,506469,8651,117605,4.011445000633633,0.18844720337652265
2283,0.2705,2,31,2,170006,506438,8653,117603,4.011199467748067,0.1884539637619964
2284,0.2706,0,7,0,170013,506431,8653,117603,4.011144024838424,0.1884560777137143
2285,0.2707,2,59,2,170072,506372,8655,117601,4.010676720314282,0.1884712960336425
2286,0.2708,7,143,7,170215,506229,8662,117594,4.009544100874414,0.18850539335676947
2287,0.2709,1,8,1,170223,506221,8663,117593,4.009480737549106,0.18850650995328735
2288,0.271,9,93,9,170316,506128,8672,117584,4.008744138892409,0.1885229080088246
2289,0.2711,1,11,1,170327,506117,8673,117583,4.008657014320112,0.1885249318582652
2290,0.2712,3,28,3,170355,506089,8676,117580,4.008435242681536,0.18852949240703
2291,0.2713,4,29,4,170384,506060,8680,117576,4.008205550627297,0.18853305453822422
2292,0.2714,3,25,3,170409,506035,8683,117573,4.008007540235711,0.1885367089581917
2293,0.2715,1,40,1,170449,505995,8684,117572,4.007690723609175,0.1885475017119251
2294,0.2716,0,1,0,170450,505994,8684,117572,4.007682803193512,0.188547804081685
2295,0.2717,30,413,30,170863,505581,8714,117542,4.0044116715245215,0.1886337047420814
2296,0.2718,2,20,2,170883,505561,8716,117540,4.004253263211253,0.18863715513215354
2297,0.2719,0,3,0,170886,505558,8716,117540,4.0042295019642635,0.18863806335440012
2298,0.272,15,111,15,170997,505447,8731,117525,4.003350335825624,0.18865213845887135
2299,0.2721,3,19,3,171016,505428,8734,117522,4.003199847928019,0.18865398507103298
2300,0.2722,1,10,1,171026,505418,8735,117521,4.0031206437713855,0.18865571107283377
2301,0.2723,2,47,2,171073,505371,8737,117519,4.002748384235205,0.18866734094302365
2302,0.2724,1,13,1,171086,505358,8738,117518,4.00264541883158,0.18866997604659674
2303,0.2725,32,397,32,171483,504961,8770,117486,3.9995010138132048,0.18874860028243368
2304,0.2726,0,9,0,171492,504952,8770,117486,3.9994297300722343,0.18875132944968012
2305,0.2727,4,56,4,171548,504896,8774,117482,3.998986186795083,0.18876309895272647
2306,0.2728,2,17,2,171565,504879,8776,117480,3.998851539728805,0.18876564812270732
2307,0.2729,1,25,1,171590,504854,8777,117479,3.9986535293372194,0.18877192756932382
2308,0.273,5,60,5,171650,504794,8782,117474,3.9981783043974146,0.18878361092005375
2309,0.2731,0,4,0,171654,504790,8782,117474,3.9981466227347613,0.1887848244475014
2310,0.2732,2,20,2,171674,504770,8784,117472,3.997988214421493,0.1887882849438
2311,0.2733,68,779,68,172453,503991,8852,117404,3.991818210619693,0.1889361839087859
2312,0.2734,0,1,0,172454,503990,8852,117404,3.9918102902040298,0.18893648796093943
2313,0.2735,2,37,2,172491,503953,8854,117402,3.9915172348244834,0.18894512798641677
2314,0.2736,1,15,1,172506,503938,8855,117401,3.9913984285895325,0.18894838405443729
2315,0.2737,0,44,0,172550,503894,8855,117401,3.991049930300342,0.18896176534496495
2316,0.2738,1,37,1,172587,503857,8856,117400,3.990756874920796,0.18897171379960306
2317,0.2739,1,14,1,172601,503843,8857,117399,3.990645989101508,0.18897466687699802
2318,0.274,12,168,12,172769,503675,8869,117387,3.9893153592700545,0.18901011493216457
2319,0.2741,0,7,0,172776,503668,8869,117387,3.9892599163604108,0.18901224529228491
2320,0.2742,16,126,16,172902,503542,8885,117371,3.9882619439868203,0.18902970303408045
2321,0.2743,6,53,6,172955,503489,8891,117365,3.9878421619566593,0.18903800249333982
2322,0.2744,1,7,1,172962,503482,8892,117364,3.9877867190470155,0.18903882766418725
2323,0.2745,3,28,3,172990,503454,8895,117361,3.98756494740844,0.18904343483968655
2324,0.2746,0,10,0,173000,503444,8895,117361,3.987485743251806,0.18904647997358268
2325,0.2747,3,39,3,173039,503405,8898,117358,3.987176847040933,0.18905443784503909
2326,0.2748,2,21,2,173060,503384,8900,117356,3.987010518312001,0.1890582208331991
2327,0.2749,0,4,0,173064,503380,8900,117356,3.9869788366493473,0.18905943911743478
2328,0.275,101,1558,101,174622,501822,9001,117255,3.974638829045748,0.1894029337222995
2329,0.2751,2,7,2,174629,501815,9003,117253,3.9745833861361044,0.18940245659604438
2330,0.2752,0,20,0,174649,501795,9003,117253,3.974424977822836,0.18940857574856876
2331,0.2753,1,31,1,174680,501764,9004,117252,3.9741794449372705,0.18941675174793543
2332,0.2754,0,9,0,174689,501755,9004,117252,3.9741081611962996,0.1894195057568008
2333,0.2755,0,25,0,174714,501730,9004,117252,3.973910150804714,0.1894271562016343
2334,0.2756,0,7,0,174721,501723,9004,117252,3.9738547078950703,0.18942929843693201
2335,0.2757,6,69,6,174790,501654,9010,117246,3.9733081992142947,0.18944255937954435
2336,0.2758,11,131,11,174921,501523,9021,117235,3.9722706247623876,0.18946825738010661
2337,0.2759,1,7,1,174928,501516,9022,117234,3.972215181852744,0.18946909090909092
2338,0.276,7,144,7,175072,501372,9029,117227,3.971074641997212,0.18950402441646366
2339,0.2761,0,4,0,175076,501368,9029,117227,3.9710429603345583,0.1895052497999499
2340,0.2762,3,28,3,175104,501340,9032,117224,3.9708211886959828,0.18950989711654737
2341,0.2763,1,21,1,175125,501319,9033,117223,3.970654859967051,0.1895150208069945
2342,0.2764,0,10,0,175135,501309,9033,117223,3.970575655810417,0.1895180847555179
2343,0.2765,1,34,1,175169,501275,9034,117222,3.970306361677861,0.18952719253286596
2344,0.2766,0,10,0,175179,501265,9034,117222,3.9702271575212267,0.18953025690111514
2345,0.2767,65,780,65,175959,500485,9099,117157,3.9640492333037636,0.1896843155096318
2346,0.2768,1,22,1,175981,500463,9100,117156,3.9638749841591685,0.189689760191963
2347,0.2769,0,11,0,175992,500452,9100,117156,3.963787859586871,0.18969313868991333
2348,0.277,3,63,3,176055,500389,9103,117153,3.963288873400076,0.18970855423598718
2349,0.2771,4,26,4,176081,500363,9107,117149,3.9630829425928273,0.18971129305989196
2350,0.2772,2,21,2,176102,500342,9109,117147,3.9629166138638956,0.18971512043129513
2351,0.2773,5,63,5,176165,500279,9114,117142,3.9624176276771004,0.1897279166079547
2352,0.2774,0,4,0,176169,500275,9114,117142,3.962385946014447,0.1897291457799186
2353,0.2775,25,457,25,176626,499818,9139,117117,3.9587663160562667,0.18983685477400375
2354,0.2776,0,7,0,176633,499811,9139,117117,3.958710873146623,0.18983900876601484
2355,0.2777,4,29,4,176662,499782,9143,117113,3.9584811810923837,0.1898426798725877
2356,0.2778,4,27,4,176689,499755,9147,117109,3.9582673298694715,0.18984573585101416
2357,0.2779,1,13,1,176702,499742,9148,117108,3.9581643644658473,0.1898484234416795
2358,0.278,10,98,10,176800,499644,9158,117098,3.957388163730833,0.1898654542742346
2359,0.2781,1,13,1,176813,499631,9159,117097,3.957285198327208,0.18986814284417117
2360,0.2782,3,30,3,176843,499601,9162,117094,3.957047585857306,0.18987343824743189
2361,0.2783,41,403,41,177246,499198,9203,117053,3.95385565834495,0.18994370800209656
2362,0.2784,1,2,1,177248,499196,9204,117052,3.953839817513623,0.18994300995703028
2363,0.2785,7,47,7,177295,499149,9211,117045,3.9534675579774428,0.18994829550433792
2364,0.2786,2,21,2,177316,499128,9213,117043,3.953301229248511,0.1899521399092135
2365,0.2787,2,34,2,177350,499094,9215,117041,3.953031935115955,0.18995999253410373
2366,0.2788,2,33,2,177383,499061,9217,117039,3.952770561399062,0.1899675377373803
2367,0.2789,1,13,1,177396,499048,9218,117038,3.952667595995438,0.1899702314287291
2368,0.279,7,93,7,177489,498955,9225,117031,3.9519309973387404,0.18998970755828867
2369,0.2791,0,1,0,177490,498954,9225,117031,3.951923076923077,0.18999001599064913
2370,0.2792,16,143,16,177633,498811,9241,117015,3.9507904574832087,0.19001308811255127
2371,0.2793,5,67,5,177700,498744,9246,117010,3.95025978963376,0.19002718618149456
2372,0.2794,0,6,0,177706,498738,9246,117010,3.9502122671397797,0.1900290378531477
2373,0.2795,2,38,2,177744,498700,9248,117008,3.94991129134457,0.1900381349600785
2374,0.2796,2,14,2,177758,498686,9250,117006,3.949800405525282,0.19003982510735887
2375,0.2797,4,26,4,177784,498660,9254,117002,3.949594474718033,0.19004258830332227
2376,0.2798,2,15,2,177799,498645,9256,117000,3.949475668483082,0.19004458738396315
2377,0.2799,0,3,0,177802,498642,9256,117000,3.949451907236092,0.19004551346399368
2378,0.28,274,4209,274,182011,494433,9530,116726,3.916114877708782,0.19099121505205682
2379,0.2801,0,9,0,182020,494424,9530,116726,3.9160435939678115,0.19099402765278573
2380,0.2802,2,25,2,182045,494399,9532,116724,3.915845583576226,0.1909991932884215
2381,0.2803,1,48,1,182093,494351,9533,116723,3.915465403624382,0.19101287241807047
2382,0.2804,0,11,0,182104,494340,9533,116723,3.9153782790520846,0.1910163109204779
2383,0.2805,3,26,3,182130,494314,9536,116720,3.9151723482448357,0.19102046694619285
2384,0.2806,1,3,1,182133,494311,9537,116719,3.9151485869978457,0.19102008084709424
2385,0.2807,7,53,7,182186,494258,9544,116712,3.9147288049676847,0.19102738268654762
2386,0.2808,9,134,9,182320,494124,9553,116703,3.913667469268787,0.1910573697626333
2387,0.2809,0,3,0,182323,494121,9553,116703,3.913643708021797,0.19105830812148836
2388,0.281,8,86,8,182409,494035,9561,116695,3.9129625522747435,0.19107461562392547
2389,0.2811,2,14,2,182423,494021,9563,116693,3.9128516664554556,0.1910763467023844
2390,0.2812,2,36,2,182459,493985,9565,116691,3.9125665314915725,0.1910849615835566
2391,0.2813,4,31,4,182490,493954,9569,116687,3.912320998606007,0.19108936347215466
2392,0.2814,1,14,1,182504,493940,9570,116686,3.912210112786719,0.1910924199100595
2393,0.2815,4,47,4,182551,493893,9574,116682,3.9118378532505385,0.19110183024198502
2394,0.2816,1,6,1,182557,493887,9575,116681,3.911790330756558,0.1911023833545158
2395,0.2817,44,462,44,183019,493425,9619,116637,3.908131098720061,0.19118876442066543
2396,0.2818,1,24,1,183043,493401,9620,116636,3.907941008744139,0.1911949603056864
2397,0.2819,1,7,1,183050,493394,9621,116635,3.907885565834495,0.1911958283950435
2398,0.282,12,96,12,183146,493298,9633,116623,3.9071252059308073,0.19121000916512138
2399,0.2821,1,13,1,183159,493285,9634,116622,3.907022240527183,0.1912127586664852
2400,0.2822,1,15,1,183174,493270,9635,116621,3.9069034342922317,0.19121613534221688
2401,0.2823,4,32,4,183206,493238,9639,116617,3.9066499809910025,0.1912208639758631
2402,0.2824,3,17,3,183223,493221,9642,116614,3.9065153339247245,0.19122221584526963
2403,0.2825,34,385,34,183608,492836,9676,116580,3.90346597389431,0.1912978983157646
2404,0.2826,0,7,0,183615,492829,9676,116580,3.903410530984666,0.19130009566645717
2405,0.2827,4,62,4,183677,492767,9680,116576,3.9029194652135346,0.19131425157915985
2406,0.2828,1,31,1,183708,492736,9681,116575,3.9026739323279687,0.19132265788735145
2407,0.2829,2,27,2,183735,492709,9683,116573,3.9024600811050565,0.1913284817211078
2408,0.283,6,49,6,183784,492660,9689,116567,3.9020719807375492,0.19133590599234768
2409,0.2831,1,5,1,183789,492655,9690,116566,3.902032378659232,0.19133614895087334
2410,0.2832,4,35,4,183824,492620,9694,116562,3.9017551641110124,0.191341832161817
2411,0.2833,56,775,56,184599,491845,9750,116506,3.895616841971867,0.19151115063507745
2412,0.2834,0,10,0,184609,491835,9750,116506,3.8955376378152327,0.1915142987239065
2413,0.2835,5,54,5,184663,491781,9755,116501,3.8951099353694083,0.19152465468318972
2414,0.2836,1,11,1,184674,491770,9756,116500,3.8950228107971108,0.19152678909037105
2415,0.2837,1,35,1,184709,491735,9757,116499,3.894745596248891,0.19153648102539483
2416,0.2838,1,24,1,184733,491711,9758,116498,3.8945555062729693,0.19154270982507657
2417,0.2839,0,15,0,184748,491696,9758,116498,3.894436700038018,0.19154743387800602
2418,0.284,23,173,23,184921,491523,9781,116475,3.8930664681282474,0.19157135385313767
2419,0.2841,0,7,0,184928,491516,9781,116475,3.8930110252186036,0.19157355947703172
2420,0.2842,14,147,14,185075,491369,9795,116461,3.8918467241160815,0.1916012700919665
2421,0.2843,8,57,8,185132,491312,9803,116453,3.891395260423267,0.19160859871825459
2422,0.2844,0,5,0,185137,491307,9803,116453,3.89135565834495,0.19161017506910621
2423,0.2845,1,30,1,185167,491277,9804,116452,3.8911180458750474,0.19161830355306395
2424,0.2846,1,15,1,185182,491262,9805,116451,3.8909992396400965,0.1916217030078343
2425,0.2847,1,46,1,185228,491216,9806,116450,3.8906349005195793,0.1916348783706839
2426,0.2848,2,21,2,185249,491195,9808,116448,3.8904685717906475,0.19163884056921582
2427,0.2849,0,5,0,185254,491190,9808,116448,3.8904289697123304,0.19164041748541072
2428,0.285,116,1538,116,186792,489652,9924,116332,3.8782473704219997,0.19197206526905
2429,0.2851,1,11,1,186803,489641,9925,116331,3.878160245849702,0.19197421663047137
2430,0.2852,1,25,1,186828,489616,9926,116330,3.8779622354581167,0.1919808035699551
2431,0.2853,4,47,4,186875,489569,9930,116326,3.8775899759219365,0.19199036136624334
2432,0.2854,3,11,3,186886,489558,9933,116323,3.877502851349639,0.1919898461909187
2433,0.2855,1,23,1,186909,489535,9934,116322,3.87732068178938,0.19199580098934238
2434,0.2856,1,11,1,186920,489524,9935,116321,3.8772335572170826,0.19199795327187646
2435,0.2857,6,78,6,186998,489446,9941,116315,3.8766157647953365,0.1920146724533273
2436,0.2858,14,151,14,187149,489295,9955,116301,3.875419782030161,0.19204387083137933
2437,0.2859,0,10,0,187159,489285,9955,116301,3.875340577873527,0.19204704203862044
2438,0.286,13,166,13,187325,489119,9968,116288,3.8740257888734,0.19208235121166423
2439,0.2861,2,7,2,187332,489112,9970,116286,3.8739703459637562,0.1920819031447081
2440,0.2862,1,36,1,187368,489076,9971,116285,3.873685210999873,0.19209199139026134
2441,0.2863,0,30,0,187398,489046,9971,116285,3.873447598529971,0.19210151140450432
2442,0.2864,0,14,0,187412,489032,9971,116285,3.873336712710683,0.192105954400752
2443,0.2865,5,34,5,187446,488998,9976,116280,3.873067418578127,0.19211007173563222
2444,0.2866,0,7,0,187453,488991,9976,116280,3.873011975668483,0.19211229350158854
2445,0.2867,56,802,56,188255,488189,10032,116224,3.866659802306425,0.19229235638545167
2446,0.2868,2,29,2,188284,488160,10034,116222,3.866430110252186,0.1922989102918353
2447,0.2869,0,12,0,188296,488148,10034,116222,3.866335065264225,0.19230272846104207
2448,0.287,2,81,2,188377,488067,10036,116220,3.8656935115954885,0.19232583193085404
2449,0.2871,1,21,1,188398,488046,10037,116219,3.8655271828665567,0.1923311792011783
2450,0.2872,1,25,1,188423,488021,10038,116218,3.8653291724749717,0.1923378001088973
2451,0.2873,8,62,8,188485,487959,10046,116210,3.8648381067038398,0.19234684335012223
2452,0.2874,1,11,1,188496,487948,10047,116209,3.8647509821315422,0.19234900861862064
2453,0.2875,24,422,24,188918,487526,10071,116185,3.8614085667215816,0.19245135503577043
2454,0.2876,0,14,0,188932,487512,10071,116185,3.8612976809022936,0.19245581806767303
2455,0.2877,1,52,1,188984,487460,10072,116184,3.8608858192877964,0.19247105910105958
2456,0.2878,4,15,4,188999,487445,10076,116180,3.860767013052845,0.19247049078484157
2457,0.2879,2,21,2,189020,487424,10078,116178,3.8606006843239133,0.19247451135019433
2458,0.288,10,97,10,189117,487327,10088,116168,3.859832404004562,0.19249206704280897
2459,0.2881,0,5,0,189122,487322,10088,116168,3.859792801926245,0.19249366186680808
2460,0.2882,3,16,3,189138,487306,10091,116165,3.8596660752756304,0.1924947511976549
2461,0.2883,29,468,29,189606,486838,10120,116136,3.8559593207451526,0.19260531963235564
2462,0.2884,1,4,1,189610,486834,10121,116135,3.8559276390824992,0.19260525831344563
2463,0.2885,3,36,3,189646,486798,10124,116132,3.855642504118616,0.19261274111422552
2464,0.2886,2,19,2,189665,486779,10126,116130,3.855492016221011,0.19261613278289094
2465,0.2887,5,35,5,189700,486744,10131,116125,3.855214801672792,0.19262061907313197
2466,0.2888,4,27,4,189727,486717,10135,116121,3.8550009504498797,0.19262388900500632
2467,0.2889,3,12,3,189739,486705,10138,116118,3.854905905461919,0.1926237054657835
2468,0.289,8,78,8,189817,486627,10146,116110,3.8542881130401723,0.1926379167033051
2469,0.2891,0,4,0,189821,486623,10146,116110,3.8542564313775185,0.1926391951328366
2470,0.2892,5,144,5,189965,486479,10151,116105,3.853115891521987,0.1926785311259509
2471,0.2893,6,63,6,190028,486416,10157,116099,3.852616905335192,0.19269063840734255
2472,0.2894,1,4,1,190032,486412,10158,116098,3.852585223672538,0.1926905777497469
2473,0.2895,5,29,5,190061,486383,10163,116093,3.8523555316182994,0.19269315292227407
2474,0.2896,0,9,0,190070,486374,10163,116093,3.8522842478773285,0.1926960314838821
2475,0.2897,4,36,4,190106,486338,10167,116089,3.851999112913446,0.19270218632299016
2476,0.2898,4,45,4,190151,486293,10171,116085,3.851642694208592,0.19271122119333708
2477,0.2899,1,7,1,190158,486286,10172,116084,3.851587251298948,0.19271212045752611
2478,0.29,292,4205,292,194363,482081,10464,115792,3.818281903434292,0.1936732382964275
2479,0.2901,1,4,1,194367,482077,10465,115791,3.8182502217716388,0.1936731853854028
2480,0.2902,2,20,2,194387,482057,10467,115789,3.8180918134583703,0.19367696697811812
2481,0.2903,2,36,2,194423,482021,10469,115787,3.8178066784944873,0.1936859326071247
2482,0.2904,1,17,1,194440,482004,10470,115786,3.8176720314282093,0.19369009183827096
2483,0.2905,1,29,1,194469,481975,10471,115785,3.8174423393739705,0.19369813972162742
2484,0.2906,0,3,0,194472,481972,10471,115785,3.81741857812698,0.19369911184645267
2485,0.2907,6,84,6,194556,481888,10477,115779,3.8167532632112535,0.19371824109412097
2486,0.2908,12,155,12,194711,481733,10489,115767,3.8155255987834242,0.19375230125523013
2487,0.2909,0,9,0,194720,481724,10489,115767,3.8154543150424534,0.19375521974389573
2488,0.291,5,89,5,194809,481635,10494,115762,3.8147493980484097,0.19377733734853037
2489,0.2911,2,15,2,194824,481620,10496,115760,3.8146305918134584,0.19377950383340586
2490,0.2912,1,24,1,194848,481596,10497,115759,3.8144405018375362,0.19378593968410743
2491,0.2913,2,44,2,194892,481552,10499,115757,3.814092003548346,0.1937975151889558
2492,0.2914,1,19,1,194911,481533,10500,115756,3.8139415156507415,0.1938023301952656
2493,0.2915,8,38,8,194949,481495,10508,115748,3.8136405398555318,0.19380386207958905
2494,0.2916,1,4,1,194953,481491,10509,115747,3.813608858192878,0.1938038102063164
2495,0.2917,34,443,34,195396,481048,10543,115713,3.8101001140539856,0.19390174626022813
2496,0.2918,1,24,1,195420,481024,10544,115712,3.8099100240780635,0.19390819390819392
2497,0.2919,1,5,1,195425,481019,10545,115711,3.8098704219997463,0.1939084678162653
2498,0.292,8,103,8,195528,480916,10553,115703,3.8090546191864147,0.19393113528063974
2499,0.2921,2,17,2,195545,480899,10555,115701,3.8089199721201368,0.1939339591015756
2500,0.2922,1,25,1,195570,480874,10556,115700,3.8087219617285517,0.1939407349297824
2501,0.2923,5,48,5,195618,480826,10561,115695,3.808341781776708,0.19394958433986398
2502,0.2924,1,8,1,195626,480818,10562,115694,3.8082784184514002,0.19395083418271553
2503,0.2925,31,439,31,196065,480379,10593,115663,3.8048013559751617,0.19405176145305197
2504,0.2926,2,10,2,196075,480369,10595,115661,3.8047221518185275,0.19405231280304683
2505,0.2927,5,48,5,196123,480321,10600,115656,3.8043419718666835,0.19406118021333038
2506,0.2928,3,16,3,196139,480305,10603,115653,3.804215245216069,0.1940623332516721
2507,0.2929,2,22,2,196161,480283,10605,115651,3.804040996071474,0.19406679263139878
2508,0.293,5,68,5,196229,480215,10610,115646,3.8035024078063615,0.1940821768835349
2509,0.2931,0,8,0,196237,480207,10610,115646,3.8034390444810544,0.19408478265612492
2510,0.2932,1,26,1,196263,480181,10611,115645,3.8032331136738056,0.19409189931288665
2511,0.2933,63,765,63,197028,479416,10674,115582,3.7971739956912938,0.19425611514660554
2512,0.2934,1,5,1,197033,479411,10675,115581,3.7971343936129767,0.1942563933632721
2513,0.2935,6,45,6,197078,479366,10681,115575,3.796777974908123,0.19426296052885916
2514,0.2936,3,11,3,197089,479355,10684,115572,3.7966908503358257,0.19426248934743254
2515,0.2937,5,35,5,197124,479320,10689,115567,3.796413635787606,0.19426714653371144
2516,0.2938,4,35,4,197159,479285,10693,115563,3.7961364212393867,0.19427315885738877
2517,0.2939,2,11,2,197170,479274,10695,115561,3.796049296667089,0.19427404238150076
2518,0.294,12,191,12,197361,479083,10707,115549,3.7945364972753772,0.1943201845847516
2519,0.2941,1,7,1,197368,479076,10708,115548,3.794481054365733,0.19432111721020343
2520,0.2942,13,140,13,197508,478936,10721,115535,3.793372196172855,0.19434926178064194
2521,0.2943,1,60,1,197568,478876,10722,115534,3.7928969712330503,0.19436752409952726
2522,0.2944,1,14,1,197582,478862,10723,115533,3.7927860854137627,0.19437074672566224
2523,0.2945,2,15,2,197597,478847,10725,115531,3.7926672791788114,0.194372941125008
2524,0.2946,2,10,2,197607,478837,10727,115529,3.792588075022177,0.19437350050305705
2525,0.2947,8,54,8,197661,478783,10735,115521,3.792160372576353,0.19438031714408788
2526,0.2948,8,27,8,197688,478756,10743,115513,3.7919465213534407,0.19437830342824547
2527,0.2949,2,9,2,197697,478747,10745,115511,3.79187523761247,0.1943785359221079
2528,0.295,134,1543,134,199240,477204,10879,115377,3.779654036243822,0.1947024963675852
2529,0.2951,4,11,4,199251,477193,10883,115373,3.7795669116715245,0.19470067469277683
2530,0.2952,4,24,4,199275,477169,10887,115369,3.7793768216956027,0.1947031245253469
2531,0.2953,6,53,6,199328,477116,10893,115363,3.7789570396654417,0.1947123864305739
2532,0.2954,0,6,0,199334,477110,10893,115363,3.7789095171714613,0.1947143582914327
2533,0.2955,6,19,6,199353,477091,10899,115357,3.778759029273856,0.19471244733715026
2534,0.2956,0,7,0,199360,477084,10899,115357,3.7787035863642124,0.19471474796646418
2535,0.2957,4,72,4,199432,477012,10903,115353,3.778133316436447,0.19473297713403054
2536,0.2958,16,166,16,199598,476846,10919,115337,3.77681852743632,0.19476580719135808
2537,0.2959,1,3,1,199601,476843,10920,115336,3.7767947661893295,0.19476543410016228
2538,0.296,12,193,12,199794,476650,10932,115324,3.7752661259662905,0.1948126100132776
2539,0.2961,0,6,0,199800,476644,10932,115324,3.77521860347231,0.19481458457213904
2540,0.2962,2,41,2,199841,476603,10934,115322,3.7748938664301104,0.19482535794230688
2541,0.2963,3,29,3,199870,476574,10937,115319,3.774664174375871,0.19483082246284378
2542,0.2964,0,8,0,199878,476566,10937,115319,3.774600811050564,0.19483345582334405
2543,0.2965,4,45,4,199923,476521,10941,115315,3.7742443923457105,0.1948428280807521
2544,0.2966,0,2,0,199925,476519,10941,115315,3.7742285515143834,0.1948434865181791
2545,0.2967,76,828,76,200753,475691,11017,115239,3.767670447345077,0.1950129456957677
2546,0.2968,4,25,4,200778,475666,11021,115235,3.7674724369534913,0.1950157471386916
2547,0.2969,0,15,0,200793,475651,11021,115235,3.76735363071854,0.1950206977318806
2548,0.297,4,54,4,200847,475597,11025,115231,3.7669259282727157,0.19503307223083538
2549,0.2971,2,22,2,200869,475575,11027,115229,3.7667516791281206,0.19503760976567525
2550,0.2972,1,18,1,200887,475557,11028,115228,3.7666091116461793,0.19504218962905287
2551,0.2973,4,65,4,200952,475492,11032,115224,3.7660942846280574,0.19505820055661266
2552,0.2974,2,23,2,200975,475469,11034,115222,3.7659121150677985,0.19506307020083258
2553,0.2975,32,434,32,201409,475035,11066,115190,3.762474654669877,0.19516286162056842
2554,0.2976,5,10,5,201419,475025,11071,115185,3.762395450513243,0.1951593500618424
2555,0.2977,6,39,6,201458,474986,11077,115179,3.76208655430237,0.19516406428710614
2556,0.2978,2,21,2,201479,474965,11079,115177,3.761920225573438,0.1951682815322414
2557,0.2979,1,16,1,201495,474949,11080,115176,3.7617934989228234,0.1951722092776954
2558,0.298,10,95,10,201590,474854,11090,115166,3.761041059434799,0.19518999355954036
2559,0.2981,1,8,1,201598,474846,11091,115165,3.760977696109492,0.19519127609485246
2560,0.2982,3,21,3,201619,474825,11094,115162,3.76081136738056,0.1951941313961155
2561,0.2983,32,448,32,202067,474377,11126,115130,3.7572630211633506,0.19529878355982203
2562,0.2984,1,8,1,202075,474369,11127,115129,3.7571996578380435,0.19530006887215903
2563,0.2985,2,33,2,202108,474336,11129,115127,3.7569382841211505,0.19530827210528906
2564,0.2986,1,12,1,202120,474324,11130,115126,3.7568432391331896,0.19531088302655017
2565,0.2987,1,44,1,202164,474280,11131,115125,3.7564947408439995,0.19532409803106524
2566,0.2988,5,39,5,202203,474241,11136,115120,3.7561858446331264,0.1953301966027613
2567,0.2989,1,9,1,202212,474232,11137,115119,3.7561145608921556,0.1953318141481053
2568,0.299,11,88,11,202300,474144,11148,115108,3.7554175643137753,0.1953459640357606
2569,0.2991,0,5,0,202305,474139,11148,115108,3.755377962235458,0.19534762162556618
2570,0.2992,10,160,10,202465,473979,11158,115098,3.7541106957293118,0.1953870207120631
2571,0.2993,9,68,9,202533,473911,11167,115089,3.7535721074642,0.19539728353140917
2572,0.2994,1,6,1,202539,473905,11168,115088,3.7535245849702195,0.19539790795476347
2573,0.2995,2,30,2,202569,473875,11170,115086,3.753286972500317,0.19540512869273177
2574,0.2996,1,6,1,202575,473869,11171,115085,3.7532394500063364,0.19540575325067833
2575,0.2997,3,30,3,202605,473839,11174,115082,3.753001837536434,0.19541160868775267
2576,0.2998,0,35,0,202640,473804,11174,115082,3.7527246229882145,0.19542322283090446
2577,0.2999,2,9,2,202649,473795,11176,115080,3.7526533392472436,0.19542347696879644
2578,0.3,306,4241,306,206890,469554,11482,114774,3.719062856418705,0.1964205035527991
2579,0.3001,2,8,2,206898,469546,11484,114772,3.7189994930933974,0.19642044229340871
2580,0.3002,2,31,2,206929,469515,11486,114770,3.718753960207832,0.19642811299280316
2581,0.3003,2,36,2,206965,469479,11488,114768,3.718468825243949,0.19643746566092765
2582,0.3004,1,7,1,206972,469472,11489,114767,3.718413382334305,0.19643844385602469
2583,0.3005,4,26,4,206998,469446,11493,114763,3.7182074515270562,0.19644168439719348
2584,0.3006,0,14,0,207012,469432,11493,114763,3.7180965657077683,0.19644639204375253
2585,0.3007,3,60,3,207072,469372,11496,114760,3.7176213407679635,0.1964624434203228
2586,0.3008,13,151,13,207223,469221,11509,114747,3.716425358002788,0.19649535590991288
2587,0.3009,1,11,1,207234,469210,11510,114746,3.7163382334304904,0.19649768133215517
2588,0.301,9,98,9,207332,469112,11519,114737,3.715562032695476,0.19651827784238732
2589,0.3011,0,13,0,207345,469099,11519,114737,3.7154590672918513,0.19652265362190752
2590,0.3012,3,24,3,207369,469075,11522,114734,3.7152689773159295,0.1965266037351257
2591,0.3013,2,41,2,207410,469034,11524,114732,3.7149442402737294,0.19653765378593477
2592,0.3014,2,11,2,207421,469023,11526,114730,3.714857115701432,0.196538604512525
2593,0.3015,5,46,5,207467,468977,11531,114725,3.714492776580915,0.19654721073424453
2594,0.3016,1,9,1,207476,468968,11532,114724,3.714421492839944,0.196548864812264
2595,0.3017,43,479,43,207955,468489,11575,114681,3.7106276137371688,0.19665106229744328
2596,0.3018,1,33,1,207988,468456,11576,114680,3.710366240020276,0.1966608132579707
2597,0.3019,0,9,0,207997,468447,11576,114680,3.7102949562793057,0.19666384852699326
2598,0.302,10,107,10,208104,468340,11586,114670,3.7094474718033204,0.1966861631875954
2599,0.3021,2,17,2,208121,468323,11588,114668,3.7093128247370424,0.19668914271403848
2600,0.3022,1,21,1,208142,468302,11589,114667,3.7091464960081106,0.1966948499834468
2601,0.3023,7,41,7,208183,468261,11596,114660,3.7088217589659105,0.19669903812008832
2602,0.3024,4,15,4,208198,468246,11600,114656,3.708702952730959,0.1966985874126354
2603,0.3025,40,426,40,208624,467820,11640,114616,3.705328855658345,0.19678728650014765
2604,0.3026,1,10,1,208634,467810,11641,114615,3.7052496515017106,0.1967892861741855
2605,0.3027,9,71,9,208705,467739,11650,114606,3.7046873019896083,0.19680086546634726
2606,0.3028,2,17,2,208722,467722,11652,114604,3.7045526549233303,0.19680385213780596
2607,0.3029,2,23,2,208745,467699,11654,114602,3.704370485363072,0.1968088668918652
2608,0.303,4,68,4,208813,467631,11658,114598,3.7038318970979596,0.1968263346552645
2609,0.3031,0,16,0,208829,467615,11658,114598,3.703705170447345,0.19683174370891754
2610,0.3032,2,27,2,208856,467588,11660,114596,3.7034913192244328,0.19683811303642834
2611,0.3033,76,899,76,209755,466689,11736,114520,3.696370865543024,0.19703755447696095
2612,0.3034,0,7,0,209762,466682,11736,114520,3.6963154226333796,0.1970399275983221
2613,0.3035,3,36,3,209798,466646,11739,114517,3.696030287669497,0.19704798825802744
2614,0.3036,0,13,0,209811,466633,11739,114517,3.6959273222658724,0.1970523961111589
2615,0.3037,6,35,6,209846,466598,11745,114511,3.695650107717653,0.1970559740083186
2616,0.3038,1,34,1,209880,466564,11746,114510,3.6953808135850967,0.19706612238716584
2617,0.3039,1,16,1,209896,466548,11747,114509,3.6952540869344825,0.19707016695436075
2618,0.304,11,134,11,210030,466414,11758,114498,3.694192751235585,0.19710042140634038
2619,0.3041,0,7,0,210037,466407,11758,114498,3.694137308325941,0.19710279649856688
2620,0.3042,17,156,17,210193,466251,11775,114481,3.692901723482448,0.19713224000055102
2621,0.3043,4,52,4,210245,466199,11779,114477,3.692489861867951,0.19714436277717695
2622,0.3044,0,7,0,210252,466192,11779,114477,3.692434418958307,0.19714673936442276
2623,0.3045,2,36,2,210288,466156,11781,114475,3.692149283994424,0.19715619730947884
2624,0.3046,0,11,0,210299,466145,11781,114475,3.6920621594221266,0.19715993248596328
2625,0.3047,4,54,4,210353,466091,11785,114471,3.691634456976302,0.1971727395179154
2626,0.3048,5,20,5,210373,466071,11790,114466,3.691476048663034,0.19717261776596495
2627,0.3049,1,8,1,210381,466063,11791,114465,3.6914126853377267,0.19717395198853457
2628,0.305,116,1580,116,211961,464483,11907,114349,3.6788984285895325,0.19755127567238853
2629,0.3051,1,10,1,211971,464473,11908,114348,3.6788192244328983,0.19755330231626012
2630,0.3052,3,32,3,212003,464441,11911,114345,3.678565771131669,0.19756006537822268
2631,0.3053,0,55,0,212058,464386,11911,114345,3.6781301482701814,0.19757884060124653
2632,0.3054,1,13,1,212071,464373,11912,114344,3.6780271828665567,0.19758189235844117
2633,0.3055,2,29,2,212100,464344,11914,114342,3.677797490812318,0.1975890206433195
2634,0.3056,1,13,1,212113,464331,11915,114341,3.6776945254086932,0.1975920728841209
2635,0.3057,4,78,4,212191,464253,11919,114337,3.677076732986947,0.19761316303427298
2636,0.3058,15,168,15,212359,464085,11934,114322,3.6757461031554937,0.19764975181835628
2637,0.3059,1,7,1,212366,464078,11935,114321,3.67569066024585,0.1976507566576014
2638,0.306,21,186,21,212552,463892,11956,114300,3.6742174629324547,0.19768519799651327
2639,0.3061,0,5,0,212557,463887,11956,114300,3.6741778608541376,0.1976869075229986
2640,0.3062,1,33,1,212590,463854,11957,114299,3.673916487137245,0.1976968034413036
2641,0.3063,1,35,1,212625,463819,11958,114298,3.6736392725890257,0.1977073844913746
2642,0.3064,5,8,5,212633,463811,11963,114293,3.673575909263718,0.19770318143448237
2643,0.3065,4,39,4,212672,463772,11967,114289,3.673267013052845,0.19771096821961695
2644,0.3067,83,845,83,213517,462927,12050,114206,3.66657426181726,0.1978850628884503
2645,0.3068,8,29,8,213546,462898,12058,114198,3.6663445697630213,0.19788388760275585
2646,0.3069,0,9,0,213555,462889,12058,114198,3.6662732860220504,0.19788697371453523
2647,0.307,7,54,7,213609,462835,12065,114191,3.665845583576226,0.19789576206271467
2648,0.3071,5,24,5,213633,462811,12070,114186,3.6656554936003043,0.19789704279225023
2649,0.3072,4,31,4,213664,462780,12074,114182,3.6654099607147383,0.19790211487065007
2650,0.3073,5,65,5,213729,462715,12079,114177,3.6648951336966165,0.1979174611539075
2651,0.3074,2,10,2,213739,462705,12081,114175,3.6648159295399823,0.19791811121897102
2652,0.3075,32,429,32,214168,462276,12113,114143,3.6614180712203774,0.19802088411381305
2653,0.3076,2,18,2,214186,462258,12115,114141,3.661275503738436,0.19802428526073085
2654,0.3077,8,52,8,214238,462206,12123,114133,3.6608636421239384,0.1980310199379185
2655,0.3078,2,27,2,214265,462179,12125,114131,3.6606497909010263,0.19803751453210947
2656,0.3079,1,22,1,214287,462157,12126,114130,3.660475541756431,0.19804368309540213
2657,0.308,7,112,7,214399,462045,12133,114123,3.659588455202129,0.19807243720581497
2658,0.3081,0,12,0,214411,462033,12133,114123,3.659493410214168,0.19807656259762982
2659,0.3082,4,29,4,214440,462004,12137,114119,3.659263718159929,0.19808096534941325
2660,0.3083,41,452,41,214892,461552,12178,114078,3.655683690280066,0.1981793860639647
2661,0.3084,2,2,2,214894,461550,12180,114076,3.655667849448739,0.19817728872566562
2662,0.3085,3,39,3,214933,461511,12183,114073,3.655358953237866,0.19818653749930507
2663,0.3086,1,11,1,214944,461500,12184,114072,3.6552718286655685,0.19818893205367877
2664,0.3087,6,55,6,214999,461445,12190,114066,3.6548362058040804,0.19819951312833292
2665,0.3088,2,27,2,215026,461418,12192,114064,3.6546223545811682,0.19820602555770642
2666,0.3089,1,12,1,215038,461406,12193,114063,3.6545273095932074,0.19820876537224422
2667,0.309,11,117,11,215155,461289,12204,114052,3.653600620960588,0.19823374311929795
2668,0.3091,1,6,1,215161,461283,12205,114051,3.6535530984666074,0.19823441687784835
2669,0.3092,11,151,11,215312,461132,12216,114040,3.652357115701432,0.198271125854527
2670,0.3093,6,71,6,215383,461061,12222,114034,3.6517947661893295,0.19828723949956095
2671,0.3094,2,9,2,215392,461052,12224,114032,3.651723482448359,0.1982875545137754
2672,0.3095,2,32,2,215424,461020,12226,114030,3.65147002914713,0.19829580036518563
2673,0.3096,1,18,1,215442,461002,12227,114029,3.651327461665188,0.19830061335823634
2674,0.3097,2,38,2,215480,460964,12229,114027,3.6510264858699784,0.19831093008412307
2675,0.3098,3,27,3,215507,460937,12232,114024,3.650812634647066,0.19831605969796212
2676,0.3099,0,6,0,215513,460931,12232,114024,3.6507651121530857,0.19831812924489742
2677,0.31,318,4294,318,219807,456637,12550,113706,3.616754847294386,0.19936424221915583
2678,0.3101,2,12,2,219819,456625,12552,113704,3.616659802306425,0.199365629312204
2679,0.3102,2,21,2,219840,456604,12554,113702,3.6164934735774934,0.19937016268459387
2680,0.3103,2,26,2,219866,456578,12556,113700,3.6162875427702446,0.19937644447094224
2681,0.3104,0,12,0,219878,456566,12556,113700,3.6161924977822837,0.19938063991190078
2682,0.3105,2,30,2,219908,456536,12558,113698,3.615954885312381,0.19938832128564765
2683,0.3106,2,16,2,219924,456520,12560,113696,3.6158281586617664,0.19939110793102965
2684,0.3107,3,73,3,219997,456447,12563,113693,3.6152499683183374,0.19941242501841652
2685,0.3108,13,146,13,220143,456301,12576,113680,3.614093587631479,0.19944524466605026
2686,0.3109,2,8,2,220151,456293,12578,113678,3.6140302243061715,0.19944523493300537
2687,0.311,5,87,5,220238,456206,12583,113673,3.6133411481434545,0.19946865913641318
2688,0.3111,1,11,1,220249,456195,12584,113672,3.613254023571157,0.19947110466126305
2689,0.3112,1,17,1,220266,456178,12585,113671,3.613119376504879,0.19947565056708005
2690,0.3113,0,43,0,220309,456135,12585,113671,3.612778798631352,0.19949070385359227
2691,0.3114,0,16,0,220325,456119,12585,113671,3.6126520719807376,0.19949630565646992
2692,0.3115,2,43,2,220368,456076,12587,113669,3.6123114941072108,0.19950855207154078
2693,0.3116,1,6,1,220374,456070,12588,113668,3.6122639716132303,0.19950924811053503
2694,0.3117,48,451,48,220825,455619,12636,113620,3.6086918641490304,0.1995998165972465
2695,0.3118,2,22,2,220847,455597,12638,113618,3.6085176150044354,0.19960471877937158
2696,0.3119,1,6,1,220853,455591,12639,113617,3.608470092510455,0.1996054166490984
2697,0.312,7,120,7,220973,455471,12646,113610,3.6075196426308453,0.19963766142253914
2698,0.3121,2,13,2,220986,455458,12648,113608,3.6074166772272207,0.19963940913707726
2699,0.3122,1,18,1,221004,455440,12649,113607,3.6072741097452794,0.19964431760469697
2700,0.3123,1,51,1,221055,455389,12650,113606,3.6068701685464455,0.19966080545523246
2701,0.3124,1,12,1,221067,455377,12651,113605,3.606775123558484,0.19966360974512376
2702,0.3125,36,465,36,221532,454912,12687,113569,3.6030921302749968,0.19977624582000103
2703,0.3126,1,9,1,221541,454903,12688,113568,3.6030208465340263,0.19977800098861684
2704,0.3127,5,71,5,221612,454832,12693,113563,3.6024584970219236,0.19979591657210213
2705,0.3128,2,36,2,221648,454796,12695,113561,3.602173362058041,0.1998057558893442
2706,0.3129,3,31,3,221679,454765,12698,113558,3.601927829172475,0.1998124306072427
2707,0.313,8,73,8,221752,454692,12706,113550,3.6013496388290456,0.19982683434170653
2708,0.3131,2,16,2,221768,454676,12708,113548,3.601222912178431,0.1998296446471814
2709,0.3132,2,27,2,221795,454649,12710,113546,3.6010090609555188,0.1998363237972879
2710,0.3133,70,835,70,222630,453814,12780,113476,3.5943955138765684,0.20003172980309894
2711,0.3134,0,5,0,222635,453809,12780,113476,3.5943559117982513,0.20003349286513833
2712,0.3135,0,43,0,222678,453766,12780,113476,3.5940153339247245,0.20004865648171327
2713,0.3136,0,13,0,222691,453753,12780,113476,3.5939123685211,0.20005324128350277
2714,0.3137,6,47,6,222738,453706,12786,113470,3.5935401089849197,0.2000613566159358
2715,0.3138,0,20,0,222758,453686,12786,113470,3.5933817006716513,0.20006841151288182
2716,0.3139,4,6,4,222764,453680,12790,113466,3.593334178177671,0.20006488629030267
2717,0.314,20,179,20,222943,453501,12810,113446,3.59191642377392,0.20009983296498615
2718,0.3141,1,3,1,222946,453498,12811,113445,3.5918926625269294,0.2000994809001963
2719,0.3142,6,165,6,223111,453333,12817,113439,3.590585793942466,0.2001492663716627
2720,0.3143,10,67,10,223178,453266,12827,113429,3.5900551260930174,0.20015881558863233
2721,0.3144,0,9,0,223187,453257,12827,113429,3.5899838423520465,0.20016199447312974
2722,0.3145,3,30,3,223217,453227,12830,113426,3.5897462298821443,0.20016835700155122
2723,0.3146,1,18,1,223235,453209,12831,113425,3.5896036624002026,0.20017330410811918
2724,0.3147,2,37,2,223272,453172,12833,113423,3.5893106070206566,0.20018355262577325
2725,0.3148,1,25,1,223297,453147,12834,113422,3.589112596629071,0.20019097409141692
2726,0.3149,1,9,1,223306,453138,12835,113421,3.5890413128881002,0.20019274250342858
2727,0.315,126,1558,126,224864,451580,12961,113295,3.576701305284501,0.20056649701261342
2728,0.3151,2,9,2,224873,451571,12963,113293,3.5766300215435307,0.200566862111942
2729,0.3152,3,52,3,224925,451519,12966,113290,3.576218159929033,0.20058108139211664
2730,0.3153,8,43,8,224968,451476,12974,113282,3.575877582055506,0.2005850293400005
2731,0.3154,2,16,2,224984,451460,12976,113280,3.5757508554048916,0.20058788114884726
2732,0.3155,2,34,2,225018,451426,12978,113278,3.5754815612723356,0.2005971269904233
2733,0.3156,0,7,0,225025,451419,12978,113278,3.575426118362692,0.2005996135980889
2734,0.3157,1,54,1,225079,451365,12979,113277,3.5749984159168675,0.20061738234137738
2735,0.3158,21,162,21,225241,451203,13000,113256,3.5737153085793945,0.20064521958193599
2736,0.3159,1,6,1,225247,451197,13001,113255,3.5736677860854136,0.2006459362354992
2737,0.316,16,182,16,225429,451015,13017,113239,3.5722262704346726,0.20068798803375784
2738,0.3161,3,17,3,225446,450998,13020,113236,3.5720916233683946,0.20068978473470228
2739,0.3162,3,31,3,225477,450967,13023,113233,3.5718460904828286,0.20069656150301313
2740,0.3163,3,39,3,225516,450928,13026,113230,3.5715371942719556,0.2007061851467142
2741,0.3164,1,12,1,225528,450916,13027,113229,3.5714421492839943,0.20070903757012826
2742,0.3165,4,52,4,225580,450864,13031,113225,3.571030287669497,0.20072187190319257
2743,0.3167,74,865,74,226445,449999,13105,113151,3.5641791281206436,0.20092515315635265
2744,0.3168,6,19,6,226464,449980,13111,113145,3.564028640223039,0.20092341842397338
2745,0.3169,0,6,0,226470,449974,13111,113145,3.5639811177290586,0.20092555925124175
2746,0.317,7,84,7,226554,449890,13118,113138,3.5633158028133316,0.2009456012844832
2747,0.3171,3,19,3,226573,449871,13121,113135,3.563165314915727,0.20094812488676853
2748,0.3172,0,14,0,226587,449857,13121,113135,3.563054429096439,0.2009531218916077
2749,0.3173,2,52,2,226639,449805,13123,113133,3.5626425674819413,0.2009688455922322
2750,0.3174,2,7,2,226646,449798,13125,113131,3.5625871245722975,0.20096850579735634
2751,0.3175,47,464,47,227110,449334,13172,113084,3.5589120517044734,0.2010675334004246
2752,0.3176,1,9,1,227119,449325,13173,113083,3.5588407679635026,0.20106933045049147
2753,0.3177,3,35,3,227154,449290,13176,113080,3.5585635534152833,0.20107758237459325
2754,0.3178,3,20,3,227174,449270,13179,113077,3.558405145102015,0.20108047166607096
2755,0.3179,0,10,0,227184,449260,13179,113077,3.5583259409453807,0.2010840474661991
2756,0.318,12,96,12,227280,449164,13191,113065,3.557565581041693,0.20110133059660742
2757,0.3181,2,16,2,227296,449148,13193,113063,3.5574388543910787,0.2011042117639107
2758,0.3182,2,23,2,227319,449125,13195,113061,3.55725668483082,0.20110959717958113
2759,0.3183,42,423,42,227742,448702,13237,113019,3.553906349005196,0.20120130812271572
2760,0.3184,0,6,0,227748,448696,13237,113019,3.5538588265112154,0.20120345726925576
2761,0.3185,3,43,3,227791,448653,13240,113016,3.5535182486376886,0.2012145943607356
2762,0.3186,1,24,1,227815,448629,13241,113015,3.5533281586617664,0.20122177037411598
2763,0.3187,10,43,10,227858,448586,13251,113005,3.5529875807882396,0.2012229540715574
2764,0.3188,2,19,2,227877,448567,13253,113003,3.552837092890635,0.20122691739231086
2765,0.3189,1,11,1,227888,448556,13254,113002,3.5527499683183374,0.20122943667439516
2766,0.319,13,102,13,227990,448454,13267,112989,3.551942085920669,0.20124749974618972
2767,0.3191,1,9,1,227999,448445,13268,112988,3.5518708021796983,0.20124930312254535
2768,0.3192,12,142,12,228141,448303,13280,112976,3.5507461031554937,0.20128314082657645
2769,0.3193,5,78,5,228219,448225,13285,112971,3.550128310733747,0.201304000741274
2770,0.3194,1,6,1,228225,448219,13286,112970,3.5500807882397667,0.20130472977909403
2771,0.3195,3,24,3,228249,448195,13289,112967,3.549890698263845,0.20130906939529047
2772,0.3196,1,14,1,228263,448181,13290,112966,3.549779812444557,0.20131266851644936
2773,0.3197,1,36,1,228299,448145,13291,112965,3.5494946774806744,0.20132416103794265
2774,0.3198,1,34,1,228333,448111,13292,112964,3.549225383348118,0.20133493739696118
2775,0.3199,1,8,1,228341,448103,13293,112963,3.549162020022811,0.20133638466775744
2776,0.32,341,4347,341,232688,443756,13634,112622,3.51473197313395,0.20241993752448875
2777,0.3201,1,3,1,232691,443753,13635,112621,3.5147082118869597,0.20241959545198016
2778,0.3202,3,33,3,232724,443720,13638,112618,3.514446838170067,0.2024273013887241
2779,0.3203,2,37,2,232761,443683,13640,112616,3.5141537827905207,0.2024378976054244
2780,0.3204,2,15,2,232776,443668,13642,112614,3.51403497655557,0.2024404888168231
2781,0.3205,4,38,4,232814,443630,13646,112610,3.5137340007603597,0.20244858334531857
2782,0.3206,1,11,1,232825,443619,13647,112609,3.513646876188062,0.2024511531242584
2783,0.3207,8,75,8,232900,443544,13655,112601,3.5130528450133065,0.20246698253153403
2784,0.3208,16,159,16,233059,443385,13671,112585,3.5117934989228234,0.20250193355756604
2785,0.3209,0,10,0,233069,443375,13671,112585,3.5117142947661892,0.20250557594071517
2786,0.321,12,107,12,233176,443268,13683,112573,3.510866810290204,0.202527341451962
2787,0.3211,0,6,0,233182,443262,13683,112573,3.5108192877962234,0.20252952764759327
2788,0.3212,4,27,4,233209,443235,13687,112569,3.5106054365733113,0.2025336269620226
2789,0.3213,3,45,3,233254,443190,13690,112566,3.5102490178684578,0.20254572150368147
2790,0.3214,4,19,4,233273,443171,13694,112562,3.5100985299708527,0.20254690651805812
2791,0.3215,4,39,4,233312,443132,13698,112558,3.5097896337599797,0.20255538159765338
2792,0.3216,0,4,0,233316,443128,13698,112558,3.509757952097326,0.20255683965404922
2793,0.3217,45,474,45,233790,442654,13743,112513,3.506003675072868,0.2026651440017148
2794,0.3218,3,20,3,233810,442634,13746,112510,3.5058452667595996,0.20266813655556035
2795,0.3219,2,8,2,233818,442626,13748,112508,3.505781903434292,0.2026681846184885
2796,0.322,13,117,13,233935,442509,13761,112495,3.504855214801673,0.20269223284877227
2797,0.3221,0,11,0,233946,442498,13761,112495,3.5047680902293754,0.2026962502229758
2798,0.3222,2,23,2,233969,442475,13763,112493,3.5045859206691166,0.20270177739977802
2799,0.3223,7,42,7,234011,442433,13770,112486,3.5042532632112535,0.2027070617513547
2800,0.3224,2,14,2,234025,442419,13772,112484,3.5041423773919655,0.20270930234653625
2801,0.3225,37,412,37,234437,442007,13809,112447,3.500879166138639,0.20280672517467635
2802,0.3226,0,13,0,234450,441994,13809,112447,3.5007762007350145,0.20281148039196237
2803,0.3227,5,63,5,234513,441931,13814,112442,3.5002772145482193,0.2028273382722463
2804,0.3228,2,27,2,234540,441904,13816,112440,3.500063363325307,0.2028343411311388
2805,0.3229,4,25,4,234565,441879,13820,112436,3.499865352933722,0.20283773666597513
2806,0.323,6,76,6,234641,441803,13826,112430,3.4992634013433026,0.20285692118657678
2807,0.3231,1,5,1,234646,441798,13827,112429,3.4992237992649855,0.2028573129782562
2808,0.3232,3,23,3,234669,441775,13830,112426,3.499041629704727,0.20286141670621308
2809,0.3233,77,874,77,235543,440901,13907,112349,3.4921191864149033,0.20307094441934026
2810,0.3234,0,4,0,235547,440897,13907,112349,3.4920875047522495,0.20307241263380124
2811,0.3235,2,37,2,235584,440860,13909,112347,3.491794449372703,0.2030831135542392
2812,0.3236,0,15,0,235599,440845,13909,112347,3.491675643137752,0.20308862022588903
2813,0.3237,4,33,4,235632,440812,13913,112343,3.491414269420859,0.20309497337997487
2814,0.3238,7,28,7,235660,440784,13920,112336,3.4911924977822837,0.20309516922186868
2815,0.3239,1,11,1,235671,440773,13921,112335,3.491105373209986,0.2030977675246064
2816,0.324,12,164,12,235835,440609,13933,112323,3.489806425041186,0.20314071169691753
2817,0.3241,0,1,0,235836,440608,13933,112323,3.4897985046255227,0.20314107908581722
2818,0.3242,23,184,23,236020,440424,13956,112300,3.4883411481434545,0.20317554511835925
2819,0.3243,7,66,7,236086,440358,13963,112293,3.4878184007096693,0.20318971647567813
2820,0.3244,3,7,3,236093,440351,13966,112290,3.4877629578000255,0.2031879647004113
2821,0.3245,5,43,5,236136,440308,13971,112285,3.4874223799264987,0.20319656600789368
2822,0.3246,0,11,0,236147,440297,13971,112285,3.487335255354201,0.20320061095004904
2823,0.3247,3,46,3,236193,440251,13974,112282,3.486970916233684,0.2032132017454161
2824,0.3248,1,26,1,236219,440225,13975,112281,3.486764985426435,0.20322132248337574
2825,0.3249,0,5,0,236224,440220,13975,112281,3.486725383348118,0.20322316158703785
2826,0.325,139,1675,139,237899,438545,14114,112142,3.4734586871118998,0.20364018035653647
2827,0.3251,0,9,0,237908,438536,14114,112142,3.473387403370929,0.2036435085476449
2828,0.3252,3,26,3,237934,438510,14117,112139,3.47318147256368,0.2036487853423869
2829,0.3253,2,57,2,237991,438453,14119,112137,3.4727300088708657,0.2036669754263608
2830,0.3254,2,6,2,237997,438447,14121,112135,3.4726824863768853,0.20366630220384974
2831,0.3255,4,29,4,238026,438418,14125,112131,3.472452794322646,0.20367124452137775
2832,0.3256,0,9,0,238035,438409,14125,112131,3.4723815105816755,0.2036745740545646
2833,0.3257,8,77,8,238112,438332,14133,112123,3.4717716385755923,0.20369149158423486
2834,0.3258,17,165,17,238277,438167,14150,112106,3.4704647699911293,0.20372796775418747
2835,0.3259,0,5,0,238282,438162,14150,112106,3.470425167912812,0.20372981892459674
2836,0.326,14,180,14,238462,437982,14164,112092,3.4689994930933974,0.2037762191995986
2837,0.3261,2,7,2,238469,437975,14166,112090,3.4689440501837536,0.203775917391581
2838,0.3262,6,39,6,238508,437936,14172,112084,3.4686351539728806,0.2037816806661576
2839,0.3263,3,34,3,238542,437902,14175,112081,3.4683658598403246,0.2037899353252737
2840,0.3264,3,17,3,238559,437885,14178,112078,3.4682312127740462,0.20379189145451604
2841,0.3265,5,45,5,238604,437840,14183,112073,3.4678747940691927,0.20380132857379257
2842,0.3266,1,9,1,238613,437831,14184,112072,3.467803510328222,0.203803216203585
2843,0.3267,91,813,91,239426,437018,14275,111981,3.4613642123938666,0.20397304913123704
2844,0.3268,2,34,2,239460,436984,14277,111979,3.46109491826131,0.2039827820818525
2845,0.3269,3,18,3,239478,436966,14280,111976,3.460952350779369,0.20398512046810047
2846,0.327,10,68,10,239546,436898,14290,111966,3.4604137625142566,0.20399588969216417
2847,0.3271,2,19,2,239565,436879,14292,111964,3.460263274616652,0.2040000510164109
2848,0.3272,2,17,2,239582,436862,14294,111962,3.460128627550374,0.20400346923603924
2849,0.3273,7,68,7,239650,436794,14301,111955,3.4595900392852617,0.2040185950224966
2850,0.3274,2,11,2,239661,436783,14303,111953,3.459502914712964,0.20401978364823886
2851,0.3275,48,443,48,240104,436340,14351,111905,3.4559941705740718,0.20411494860874244
2852,0.3276,1,15,1,240119,436325,14352,111904,3.4558753643391205,0.20411908162464956
2853,0.3277,5,49,5,240168,436276,14357,111899,3.455487263971613,0.20413006795275232
2854,0.3278,1,20,1,240188,436256,14358,111898,3.455328855658345,0.20413606395283077
2855,0.3279,0,28,0,240216,436228,14358,111898,3.4551070840197693,0.20414649186500913
2856,0.328,6,110,6,240326,436118,14364,111892,3.454235838296794,0.2041787558621193
2857,0.3281,1,13,1,240339,436105,14365,111891,3.4541328728931693,0.2041821473149439
2858,0.3282,1,29,1,240368,436076,14366,111890,3.4539031808389304,0.2041915009325396
2859,0.3283,34,479,34,240847,435597,14400,111856,3.450109301736155,0.20432073620931843
2860,0.3284,2,12,2,240859,435585,14402,111854,3.450014256748194,0.20432230805624005
2861,0.3285,11,50,11,240909,435535,14413,111843,3.4496182359650236,0.2043249820051226
2862,0.3286,1,12,1,240921,435523,14414,111842,3.4495231909770623,0.20432800781927965
2863,0.3287,8,49,8,240970,435474,14422,111834,3.449135090609555,0.20433467078866013
2864,0.3288,3,22,3,240992,435452,14425,111831,3.44896084146496,0.20433852321376691
2865,0.3289,0,17,0,241009,435435,14425,111831,3.448826194398682,0.20434487068445692
2866,0.329,12,117,12,241126,435318,14437,111819,3.4478995057660624,0.20437111728872293
2867,0.3291,1,5,1,241131,435313,14438,111818,3.4478599036877458,0.20437153076685474
2868,0.3292,17,187,17,241318,435126,14455,111801,3.446378785958687,0.2044166771799527
2869,0.3293,7,52,7,241370,435074,14462,111794,3.4459669243441895,0.20442593093763028
2870,0.3294,1,7,1,241377,435067,14463,111793,3.4459114814345457,0.2044270928574041
2871,0.3295,1,29,1,241406,435038,14464,111792,3.445681789380307,0.20443647934458606
2872,0.3296,1,8,1,241414,435030,14465,111791,3.4456184260549994,0.20443801536517434
2873,0.3297,5,37,5,241451,434993,14470,111786,3.445325370675453,0.20444457449902062
2874,0.3298,3,32,3,241483,434961,14473,111783,3.4450719173742237,0.20445217505816252
2875,0.3299,0,4,0,241487,434957,14473,111783,3.4450402357115704,0.20445367084903246
2876,0.33,356,4270,356,245757,430687,14829,111427,3.4112200608287924,0.20554163884349047
2877,0.3301,3,8,3,245765,430679,14832,111424,3.411156697503485,0.20554027555649018
2878,0.3302,6,28,6,245793,430651,14838,111418,3.4109349258649093,0.2055420988840904
2879,0.3303,4,47,4,245840,430604,14842,111414,3.4105626663287287,0.2055540590902885
2880,0.3304,2,13,2,245853,430591,14844,111412,3.4104597009251045,0.20555605780779812
2881,0.3305,3,34,3,245887,430557,14847,111409,3.4101904067925486,0.2055645557101368
2882,0.3306,1,10,1,245897,430547,14848,111408,3.4101112026359144,0.205566882859278
2883,0.3307,5,62,5,245959,430485,14853,111403,3.4096201368647825,0.20558307251683006
2884,0.3308,21,191,21,246150,430294,14874,111382,3.4081073374730706,0.2056247646194404
2885,0.3309,1,5,1,246155,430289,14875,111381,3.4080677353947535,0.20562519615263905
2886,0.331,12,108,12,246263,430181,14887,111369,3.407212330503105,0.20564860123718956
2887,0.3311,0,7,0,246270,430174,14887,111369,3.407156887593461,0.20565125945677443
2888,0.3312,1,30,1,246300,430144,14888,111368,3.4069192751235584,0.20566118571702935
2889,0.3313,5,40,5,246340,430104,14893,111363,3.406602458497022,0.20566904354281978
2890,0.3314,2,10,2,246350,430094,14895,111361,3.406523254340388,0.20566990793325393
2891,0.3315,5,38,5,246388,430056,14900,111356,3.406222278545178,0.2056770075284626
2892,0.3316,0,5,0,246393,430051,14900,111356,3.406182676466861,0.20567890699603072
2893,0.3317,43,464,43,246857,429587,14943,111313,3.402507603599037,0.20579219818820485
2894,0.3318,3,47,3,246904,429540,14946,111310,3.4021353440628563,0.20580567625034668
2895,0.3319,1,19,1,246923,429521,14947,111309,3.4019848561652517,0.2058114379749644
2896,0.332,13,114,13,247037,429407,14960,111296,3.4010819287796226,0.2058357360695243
2897,0.3321,3,18,3,247055,429389,14963,111293,3.400939361297681,0.20583818214773195
2898,0.3322,4,27,4,247082,429362,14967,111289,3.4007255100747686,0.2058425860675371
2899,0.3323,3,45,3,247127,429317,14970,111286,3.400369091369915,0.2058553134185345
2900,0.3324,0,8,0,247135,429309,14970,111286,3.4003057280446076,0.20585835977025316
2901,0.3325,52,449,52,247584,428860,15022,111234,3.396749461411735,0.2059530378045303
2902,0.3326,1,13,1,247597,428847,15023,111233,3.3966464960081106,0.20595652495926528
2903,0.3327,6,65,6,247662,428782,15029,111227,3.3961316689899887,0.20597249305104173
2904,0.3328,5,20,5,247682,428762,15034,111222,3.3959732606767203,0.20597276956354263
2905,0.3329,4,21,4,247703,428741,15038,111218,3.3958069319477886,0.20597489809411457
2906,0.333,8,71,8,247774,428670,15046,111210,3.3952445824356863,0.20599022004889975
2907,0.3331,2,15,2,247789,428655,15048,111208,3.395125776200735,0.205993001928267
2908,0.3332,2,30,2,247819,428625,15050,111206,3.394888163730833,0.20600150787931779
2909,0.3333,72,894,72,248713,427731,15122,111134,3.3878073121277406,0.20623718371020572
2910,0.3334,1,13,1,248726,427718,15123,111133,3.387704346724116,0.20624068620082361
2911,0.3335,4,47,4,248773,427671,15127,111129,3.3873320871879358,0.20625278396436525
2912,0.3336,0,15,0,248788,427656,15127,111129,3.3872132809529845,0.20625852612823298
2913,0.3337,2,56,2,248844,427600,15129,111127,3.3867697376758334,0.2062770197149948
2914,0.3338,7,38,7,248882,427562,15136,111120,3.3864687618806233,0.20628125684541157
2915,0.3339,0,10,0,248892,427552,15136,111120,3.3863895577239895,0.2062850862862744
2916,0.334,8,159,8,249051,427393,15144,111112,3.3851302116335065,0.20633420302504155
2917,0.3341,1,7,1,249058,427386,15145,111111,3.3850747687238627,0.20633541133933894
2918,0.3342,18,171,18,249229,427215,15163,111093,3.3837203776454188,0.2063744176196527
2919,0.3343,8,78,8,249307,427137,15171,111085,3.3831025852236727,0.20639252947668435
2920,0.3344,2,7,2,249314,427130,15173,111083,3.3830471423140285,0.20639226477249714
2921,0.3345,6,42,6,249356,427088,15179,111077,3.3827144848561654,0.206399524309459
2922,0.3346,0,9,0,249365,427079,15179,111077,3.3826432011151946,0.20640297608871777
2923,0.3347,3,41,3,249406,427038,15182,111074,3.3823184640729944,0.20641427806850618
2924,0.3348,2,33,2,249439,427005,15184,111072,3.382057090356102,0.20642398764489098
2925,0.3349,3,5,3,249444,427000,15187,111069,3.3820174882777847,0.20642148125983842
2926,0.335,133,1674,133,251118,425326,15320,110936,3.36875871245723,0.20686903043661495
2927,0.3351,5,8,5,251126,425318,15325,110931,3.3686953491319223,0.20686472142605394
2928,0.3352,1,25,1,251151,425293,15326,110930,3.368497338740337,0.20687288683999008
2929,0.3353,3,52,3,251203,425241,15329,110927,3.3680854771258395,0.2068885125557661
2930,0.3354,1,19,1,251222,425222,15330,110926,3.367934989228235,0.20689436498877176
2931,0.3355,3,35,3,251257,425187,15333,110923,3.367657774680015,0.2069034339967544
2932,0.3356,0,13,0,251270,425174,15333,110923,3.367554809276391,0.20690845126908003
2933,0.3357,8,71,8,251341,425103,15341,110915,3.3669924597642886,0.20692402120824302
2934,0.3358,14,176,14,251517,424927,15355,110901,3.3655984666075276,0.20697126689907955
2935,0.3359,0,8,0,251525,424919,15355,110901,3.36553510328222,0.20697435706020678
2936,0.336,10,167,10,251692,424752,15365,110891,3.36421239386643,0.20702408133775668
2937,0.3361,1,9,1,251701,424743,15366,110890,3.3641411101254595,0.20702607942378456
2938,0.3362,2,38,2,251739,424705,15368,110888,3.3638401343302498,0.20703780669276858
2939,0.3363,3,42,3,251781,424663,15371,110885,3.3635074768723863,0.20704960152964813
2940,0.3364,1,10,1,251791,424653,15372,110884,3.363428272715752,0.20705198707092135
2941,0.3365,4,33,4,251824,424620,15376,110880,3.3631668989988595,0.20705882352941177
2942,0.3366,1,5,1,251829,424615,15377,110879,3.3631272969205424,0.2070592761076688
2943,0.3367,68,891,68,252720,423724,15445,110811,3.3560702065644406,0.20730354420196995
2944,0.3368,2,19,2,252739,423705,15447,110809,3.3559197186668355,0.20730794703225733
2945,0.3369,0,11,0,252750,423694,15447,110809,3.355832594094538,0.20731221340198278
2946,0.337,2,68,2,252818,423626,15449,110807,3.355294005829426,0.20733562485849488
2947,0.3371,0,20,0,252838,423606,15449,110807,3.3551355975161576,0.20734338423653617
2948,0.3372,2,28,2,252866,423578,15451,110805,3.354913825877582,0.20735128175858888
2949,0.3373,6,64,6,252930,423514,15457,110799,3.3544069192751236,0.20736721734264374
2950,0.3374,1,12,1,252942,423502,15458,110798,3.3543118742871627,0.2073703911660116
2951,0.3375,37,508,37,253450,422994,15495,110761,3.3502883031301485,0.20751281018444792
2952,0.3376,2,12,2,253462,422982,15497,110759,3.350193258142187,0.20751450609940028
2953,0.3377,2,47,2,253509,422935,15499,110757,3.349820998606007,0.20752981120196667
2954,0.3378,3,19,3,253528,422916,15502,110754,3.349670510708402,0.20753274495474733
2955,0.3379,2,26,2,253554,422890,15504,110752,3.349464579901153,0.2075398862908092
2956,0.338,6,108,6,253662,422782,15510,110746,3.3486091750095044,0.20757298586016104
2957,0.3381,3,3,3,253665,422779,15513,110743,3.3485854137625144,0.20756969721960855
2958,0.3382,1,27,1,253692,422752,15514,110742,3.348371562539602,0.2075787169115304
2959,0.3383,54,486,54,254178,422266,15568,110688,3.344522240527183,0.2076877178893488
2960,0.3384,1,12,1,254190,422254,15569,110687,3.3444271955392217,0.20769090762392084
2961,0.3385,4,59,4,254249,422195,15573,110683,3.3439598910150803,0.20770795566715083
2962,0.3386,2,14,2,254263,422181,15575,110681,3.3438490051957928,0.20771043910055512
2963,0.3387,2,52,2,254315,422129,15577,110679,3.343437143581295,0.20772773682076845
2964,0.3388,3,31,3,254346,422098,15580,110676,3.343191610695729,0.20773536246138138
2965,0.3389,2,13,2,254359,422085,15582,110674,3.343088645292105,0.20773745727430226
2966,0.339,16,113,16,254472,421972,15598,110658,3.342193638322139,0.20775773050710625
2967,0.3391,0,10,0,254482,421962,15598,110658,3.342114434165505,0.20776163118170554
2968,0.3392,21,168,21,254650,421794,15619,110637,3.3407838043340514,0.20779593975557395
2969,0.3393,11,76,11,254726,421718,15630,110626,3.340181852743632,0.20780923613302676
2970,0.3394,0,9,0,254735,421709,15630,110626,3.340110569002661,0.20781274949045245
2971,0.3395,8,33,8,254768,421676,15638,110618,3.3398491952857685,0.20781372700049222
2972,0.3396,2,14,2,254782,421662,15640,110616,3.339738309466481,0.20781621633807898
2973,0.3397,3,30,3,254812,421632,15643,110613,3.3395006969965784,0.20782346475777133
2974,0.3398,3,31,3,254843,421601,15646,110610,3.3392551641110124,0.207831104580702
2975,0.3399,1,10,1,254853,421591,15647,110609,3.339175959954378,0.2078335212326193
2976,0.34,384,4448,384,259301,417143,16031,110225,3.303945951083513,0.20900964791189455
2977,0.3401,3,12,3,259313,417131,16034,110222,3.303850906095552,0.20900990418182888
2978,0.3402,3,27,3,259340,417104,16037,110219,3.30363705487264,0.20901610587818092
2979,0.3403,3,51,3,259391,417053,16040,110216,3.3032331136738056,0.20903182246633123
2980,0.3404,2,17,2,259408,417036,16042,110214,3.3030984666075276,0.20903556187766714
2981,0.3405,4,35,4,259443,417001,16046,110210,3.302821252059308,0.20904343801627812
2982,0.3406,1,14,1,259457,416987,16047,110209,3.3027103662400203,0.2090474889794308
2983,0.3407,7,67,7,259524,416920,16054,110202,3.3021796983905713,0.2090635564442387
2984,0.3408,21,179,21,259703,416741,16075,110181,3.3007619439868203,0.2091030551011345
2985,0.3409,2,7,2,259710,416734,16077,110179,3.3007065010771766,0.2091028310176443
2986,0.341,12,106,12,259816,416628,16089,110167,3.2998669370168545,0.20912688996668533
2987,0.3411,0,8,0,259824,416620,16089,110167,3.2998035736915474,0.20913006585204266
2988,0.3412,4,41,4,259865,416579,16093,110163,3.2994788366493473,0.20914033815416275
2989,0.3413,7,48,7,259913,416531,16100,110156,3.2990986566975034,0.2091488872897945
2990,0.3414,3,5,3,259918,416526,16103,110153,3.2990590546191862,0.20914636809138012
2991,0.3415,6,47,6,259965,416479,16109,110147,3.298686795083006,0.2091560234397846
2992,0.3416,0,5,0,259970,416474,16109,110147,3.298647193004689,0.20915800927042408
2993,0.3417,56,471,56,260441,416003,16165,110091,3.2949166772272207,0.20926108262021617
2994,0.3418,5,21,5,260462,415982,16170,110086,3.2947503484982894,0.20926192051217712
2995,0.3419,1,13,1,260475,415969,16171,110085,3.2946473830946648,0.20926558870382128
2996,0.342,13,111,13,260586,415858,16184,110072,3.293768216956026,0.2092902097237275
2997,0.3421,2,16,2,260602,415842,16186,110070,3.2936414903054114,0.20929357002692467
2998,0.3422,2,27,2,260629,415815,16188,110068,3.2934276390824992,0.20930130846595155
2999,0.3423,5,56,5,260685,415759,16193,110063,3.292984095805348,0.20931608034658117
3000,0.3424,0,9,0,260694,415750,16193,110063,3.2929128120643774,0.20931966307413472
3001,0.3425,42,478,42,261172,415272,16235,110021,3.2891268533772653,0.20944691819613054
3002,0.3426,3,7,3,261179,415265,16238,110018,3.2890714104676215,0.20944519430478428
3003,0.3427,4,79,4,261258,415186,16242,110014,3.2884456976302117,0.20947067783701448
3004,0.3428,1,22,1,261280,415164,16243,110013,3.2882714484856166,0.2094779474348648
3005,0.3429,4,22,4,261302,415142,16247,110009,3.2880971993410215,0.20948070174102307
3006,0.343,6,66,6,261368,415076,16253,110003,3.2875744519072363,0.20949799934866944
3007,0.3431,0,10,0,261378,415066,16253,110003,3.287495247750602,0.2095019892623636
3008,0.3432,3,26,3,261404,415040,16256,110000,3.2872893169433532,0.20950784702117933
3009,0.3433,62,869,62,262273,414171,16318,109938,3.2804064757318465,0.20976170987332787
3010,0.3434,0,3,0,262276,414168,16318,109938,3.280382714484856,0.2097629105562615
3011,0.3435,4,45,4,262321,414123,16322,109934,3.2800262957800026,0.2097748908992724
3012,0.3436,4,17,4,262338,414106,16326,109930,3.2798916487137246,0.2097756642673404
3013,0.3437,7,41,7,262379,414065,16333,109923,3.2795669116715245,0.20978152171423772
3014,0.3438,8,39,8,262418,414026,16341,109915,3.2792580154606514,0.2097850712198511
3015,0.3439,1,10,1,262428,414016,16342,109914,3.2791788113040172,0.20978756704139867
3016,0.344,26,173,26,262601,413843,16368,109888,3.2778085793942466,0.2098176353891597
3017,0.3441,2,6,2,262607,413837,16370,109886,3.277761056900266,0.20981702159347593
3018,0.3442,31,195,31,262802,413642,16401,109855,3.2762165758459005,0.2098483849955205
3019,0.3443,6,55,6,262857,413587,16407,109849,3.2757809529844124,0.20986137751320122
3020,0.3444,2,23,2,262880,413564,16409,109847,3.275598783424154,0.2098675801616703
3021,0.3445,5,29,5,262909,413535,16414,109842,3.275369091369915,0.2098716603901203
3022,0.3446,1,12,1,262921,413523,16415,109841,3.2752740463819543,0.20987496274103684
3023,0.3447,10,55,10,262976,413468,16425,109831,3.274838423520466,0.2098819221897997
3024,0.3448,2,36,2,263012,413432,16427,109829,3.2745532885565836,0.20989334194598872
3025,0.3449,1,8,1,263020,413424,16428,109828,3.274489925231276,0.2098950410127434
3026,0.345,171,1606,171,264626,411818,16599,109657,3.2617697376758334,0.2102823721175512
3027,0.3451,1,14,1,264640,411804,16600,109656,3.2616588518565455,0.2102865032792544
3028,0.3452,1,32,1,264672,411772,16601,109655,3.261405398555316,0.21029789404844781
3029,0.3453,3,41,3,264713,411731,16604,109652,3.261080661513116,0.21030988735727862
3030,0.3454,2,14,2,264727,411717,16606,109650,3.2609697756938285,0.2103125053944726
3031,0.3455,1,25,1,264752,411692,16607,109649,3.260771765302243,0.2103210758409563
3032,0.3456,2,14,2,264766,411678,16609,109647,3.2606608794829555,0.21032369443245577
3033,0.3457,6,58,6,264824,411620,16615,109641,3.2602014953744773,0.21033800725548238
3034,0.3458,14,186,14,265010,411434,16629,109627,3.258728298061082,0.2103918735042538
3035,0.3459,0,4,0,265014,411430,16629,109627,3.258696616398429,0.21039348862024693
3036,0.346,23,163,23,265177,411267,16652,109604,3.257405588645292,0.21042446210290072
3037,0.3461,0,8,0,265185,411259,16652,109604,3.257342225319985,0.21042769403854755
3038,0.3462,6,27,6,265212,411232,16658,109598,3.2571283740970727,0.2104295067488432
3039,0.3463,2,39,2,265251,411193,16660,109596,3.2568194778861996,0.2104422328428596
3040,0.3464,2,12,2,265263,411181,16662,109594,3.2567244328982383,0.21044404973357017
3041,0.3465,8,35,8,265298,411146,16670,109586,3.256447218350019,0.210446064386287
3042,0.3466,0,8,0,265306,411138,16670,109586,3.2563838550247115,0.21044929751653468
3043,0.3467,94,867,94,266173,410271,16764,109492,3.249516854644532,0.21065754969091682
3044,0.3468,4,32,4,266205,410239,16768,109488,3.2492634013433026,0.21066444498746456
3045,0.3469,1,7,1,266212,410232,16769,109487,3.2492079584336584,0.21066576361456865
3046,0.347,10,73,10,266285,410159,16779,109477,3.2486297680902294,0.21068016842559023
3047,0.3471,5,30,5,266315,410129,16784,109472,3.248392155620327,0.21068473694238463
3048,0.3472,3,22,3,266337,410107,16787,109469,3.2482179064757317,0.2106891003433569
3049,0.3473,9,74,9,266411,410033,16796,109460,3.2476317957166394,0.2107054378018568
3050,0.3474,0,3,0,266414,410030,16796,109460,3.247608034469649,0.21070665460355348
3051,0.3475,42,428,42,266842,409602,16838,109418,3.244218096565708,0.2108165388617009
3052,0.3476,0,15,0,266857,409587,16838,109418,3.2440992903307566,0.2108226317665533
3053,0.3477,7,47,7,266904,409540,16845,109411,3.243727030794576,0.21083108039101958
3054,0.3478,2,29,2,266933,409511,16847,109409,3.243497338740337,0.21083982116703923
3055,0.3479,1,18,1,266951,409493,16848,109408,3.2433547712583954,0.21084561409594507
3056,0.348,13,107,13,267058,409386,16861,109395,3.2425072867824105,0.21086932636314745
3057,0.3481,0,10,0,267068,409376,16861,109395,3.2424280826257763,0.2108733911494667
3058,0.3482,2,33,2,267101,409343,16863,109393,3.2421667089088837,0.21088376361000585
3059,0.3483,49,488,49,267589,408855,16912,109344,3.2383015460651374,0.21100774026966473
3060,0.3484,1,15,1,267604,408840,16913,109343,3.238182739830186,0.2110123257613623
3061,0.3485,3,40,3,267644,408800,16916,109340,3.2378659232036497,0.21102404755471493
3062,0.3486,2,14,2,267658,408786,16918,109338,3.2377550373843618,0.2110267040322394
3063,0.3487,9,40,9,267698,408746,16927,109329,3.2374382207578254,0.21102929112580224
3064,0.3488,1,50,1,267748,408696,16928,109328,3.237042199974655,0.21104813676586412
3065,0.3489,1,9,1,267757,408687,16929,109327,3.236970916233684,0.21105028049434957
3066,0.349,14,121,14,267878,408566,16943,109313,3.236012545938411,0.21107826345536312
3067,0.3491,1,6,1,267884,408560,16944,109312,3.23596502344443,0.21107918559026168
3068,0.3492,20,188,20,268072,408372,16964,109292,3.2344759852997087,0.21112536316993263
3069,0.3493,9,84,9,268156,408288,16973,109283,3.2338106703839817,0.21114591041615546
3070,0.3494,1,5,1,268161,408283,16974,109282,3.2337710683056646,0.21114642605276632
3071,0.3495,3,33,3,268194,408250,16977,109279,3.233509694588772,0.21115531690011574
3072,0.3496,2,19,2,268213,408231,16979,109277,3.233359206691167,0.21116002071465562
3073,0.3497,3,31,3,268244,408200,16982,109274,3.2331136738056014,0.21116809733435882
3074,0.3498,3,28,3,268272,408172,16985,109271,3.232891902167026,0.21117495067089515
3075,0.3499,0,6,0,268278,408166,16985,109271,3.232844379673045,0.21117739937422333
3076,0.35,390,4223,390,272501,403943,17375,108881,3.1993964643264476,0.21231650624775752
3077,0.3501,0,10,0,272511,403933,17375,108881,3.199317260169814,0.2123206464722102
3078,0.3502,3,39,3,272550,403894,17378,108878,3.1990083639589404,0.2123321866248547
3079,0.3503,2,32,2,272582,403862,17380,108876,3.198754910657711,0.21234236588667116
3080,0.3504,0,15,0,272597,403847,17380,108876,3.1986361044227603,0.21234857808212232
3081,0.3505,3,29,3,272626,403818,17383,108873,3.198406412368521,0.212355980502876
3082,0.3506,0,5,0,272631,403813,17383,108873,3.198366810290204,0.2123580515169129
3083,0.3507,5,84,5,272715,403729,17388,108868,3.1977014953744773,0.2123851680755057
3084,0.3508,21,171,21,272886,403558,17409,108847,3.1963471042960334,0.2124237663566905
3085,0.3509,0,7,0,272893,403551,17409,108847,3.1962916613863896,0.21242666833203877
3086,0.351,12,113,12,273006,403438,17421,108835,3.195396654416424,0.2124550776636676
3087,0.3511,1,9,1,273015,403429,17422,108834,3.195325370675453,0.21245727292425962
3088,0.3512,8,29,8,273044,403400,17430,108826,3.195095678621214,0.21245700140172502
3089,0.3513,2,40,2,273084,403360,17432,108824,3.1947788619946773,0.21247051840744732
3090,0.3514,1,22,1,273106,403338,17433,108823,3.1946046128500822,0.21247810747011195
3091,0.3515,10,70,10,273176,403268,17443,108813,3.1940501837536432,0.212491773762354
3092,0.3516,0,5,0,273181,403263,17443,108813,3.194010581675326,0.212493848569353
3093,0.3517,49,516,49,273697,402747,17492,108764,3.189923647193005,0.21263276840576253
3094,0.3518,2,27,2,273724,402720,17494,108762,3.1897097959700926,0.2126409140497613
3095,0.3519,1,9,1,273733,402711,17495,108761,3.1896385122291218,0.21264311633872432
3096,0.352,13,119,13,273852,402592,17508,108748,3.1886959827651755,0.2126725857550749
3097,0.3521,2,11,2,273863,402581,17510,108746,3.188608858192878,0.21267408136085128
3098,0.3522,3,31,3,273894,402550,17513,108743,3.188363325307312,0.21268235630059476
3099,0.3523,1,43,1,273937,402507,17514,108742,3.188022747433785,0.21269870454514336
3100,0.3524,0,13,0,273950,402494,17514,108742,3.187919782030161,0.21270411316886917
3101,0.3525,44,421,44,274371,402073,17558,108698,3.1845852870358637,0.21281161224893347
3102,0.3526,0,14,0,274385,402059,17558,108698,3.1844744012165758,0.2128174454779866
3103,0.3527,9,59,9,274444,402000,17567,108689,3.1840070966924343,0.212828159603986
3104,0.3528,2,12,2,274456,401988,17569,108687,3.1839120517044734,0.21283007783815538
3105,0.3529,1,29,1,274485,401959,17570,108686,3.1836823596502346,0.21284062313348803
3106,0.353,8,88,8,274573,401871,17578,108678,3.182985363071854,0.21286497476246158
3107,0.3531,1,25,1,274598,401846,17579,108677,3.182787352680269,0.21287385680958545
3108,0.3532,2,26,2,274624,401820,17581,108675,3.18258142187302,0.2128816149031822
3109,0.3533,100,863,100,275487,400957,17681,108575,3.1757461031554937,0.21308769616039816
3110,0.3534,1,6,1,275493,400951,17682,108574,3.1756985806615132,0.21308866100780138
3111,0.3535,3,37,3,275530,400914,17685,108571,3.175405525281967,0.21309950243873715
3112,0.3536,5,14,5,275544,400900,17690,108566,3.175294639462679,0.2130976355635116
3113,0.3537,4,31,4,275575,400869,17694,108562,3.1750491065771134,0.213104424347949
3114,0.3538,5,32,5,275607,400837,17699,108557,3.174795653275884,0.21311008767280337
3115,0.3539,0,6,0,275613,400831,17699,108557,3.1747481307819037,0.2131125978625331
3116,0.354,14,182,14,275795,400649,17713,108543,3.173306615131162,0.21316713538311677
3117,0.3541,1,4,1,275799,400645,17714,108542,3.1732749334685084,0.21316726467879188
3118,0.3542,15,172,15,275971,400473,17729,108527,3.171912621974401,0.21321611001964635
3119,0.3543,11,75,11,276046,400398,17740,108516,3.171318590799645,0.21323052617927588
3120,0.3544,1,11,1,276057,400387,17741,108515,3.1712314662273475,0.21323358917827007
3121,0.3545,7,41,7,276098,400346,17748,108508,3.170906729185148,0.21323994701820168
3122,0.3546,1,16,1,276114,400330,17749,108507,3.170780002534533,0.2132451059966158
3123,0.3547,5,46,5,276160,400284,17754,108502,3.170415663414016,0.21325665407460112
3124,0.3548,4,31,4,276191,400253,17758,108498,3.17017013052845,0.21326346287280026
3125,0.3549,1,8,1,276199,400245,17759,108497,3.170106767203143,0.213265270018988
3126,0.355,170,1627,170,277826,398618,17929,108327,3.157220250918768,0.21368590280996952
3127,0.3551,2,10,2,277836,398608,17931,108325,3.157141046762134,0.21368701583838495
3128,0.3552,1,33,1,277869,398575,17932,108324,3.1568796730452413,0.21369937600981656
3129,0.3553,9,49,9,277918,398526,17941,108315,3.156491572677734,0.21370607350234097
3130,0.3554,2,9,2,277927,398517,17943,108313,3.156420288936763,0.21370676558214785
3131,0.3555,4,46,4,277973,398471,17947,108309,3.1560559498162464,0.21371995737795493
3132,0.3556,0,9,0,277982,398462,17947,108309,3.1559846660752755,0.21372375293771742
3133,0.3557,10,74,10,278056,398388,17957,108299,3.155398555316183,0.21373944861423325
3134,0.3558,16,168,16,278224,398220,17973,108283,3.1540679254847293,0.2137855057127006
3135,0.3559,0,6,0,278230,398214,17973,108283,3.154020402990749,0.21378803823122347
3136,0.356,16,159,16,278389,398055,17989,108267,3.152761056900266,0.2138303293161269
3137,0.3561,1,7,1,278396,398048,17990,108266,3.1527056139906224,0.21383173287722637
3138,0.3562,4,53,4,278449,397995,17994,108262,3.1522858319604614,0.21384790728819553
3139,0.3563,4,45,4,278494,397950,17998,108258,3.1519294132556075,0.213860705480751
3140,0.3564,1,9,1,278503,397941,17999,108257,3.151858129514637,0.2138629548121486
3141,0.3565,6,40,6,278543,397901,18005,108251,3.1515413128881002,0.21387053691381244
3142,0.3566,1,6,1,278549,397895,18006,108250,3.15149379039412,0.21387151903110768
3143,0.3567,80,820,80,279369,397075,18086,108170,3.1449990495501203,0.21409415234193313
3144,0.3568,5,25,5,279394,397050,18091,108165,3.1448010391585353,0.21409696861732133
3145,0.3569,0,5,0,279399,397045,18091,108165,3.144761437080218,0.21409908750816492
3146,0.357,8,78,8,279477,396967,18099,108157,3.1441436446584716,0.21411970130106667
3147,0.3571,3,21,3,279498,396946,18102,108154,3.14397731592954,0.21412393585428627
3148,0.3572,3,21,3,279519,396925,18105,108151,3.143810987200608,0.2141281708099375
3149,0.3573,6,67,6,279586,396858,18111,108145,3.1432803193511596,0.21414724268964738
3150,0.3574,4,15,4,279601,396843,18115,108141,3.1431615131162083,0.2141473789268571
3151,0.3575,49,454,49,280055,396389,18164,108092,3.1395656444050184,0.21426376811019643
3152,0.3576,2,15,2,280070,396374,18166,108090,3.139446838170067,0.21426702400964193
3153,0.3577,1,38,1,280108,396336,18167,108089,3.1391458623748574,0.21428160777122465
3154,0.3578,1,24,1,280132,396312,18168,108088,3.1389557723989356,0.21429024583663758
3155,0.3579,0,17,0,280149,396295,18168,108088,3.1388211253326577,0.21429746839207506
3156,0.358,12,108,12,280257,396187,18180,108076,3.137965720441009,0.21432466788164112
3157,0.3581,1,6,1,280263,396181,18181,108075,3.137918197947028,0.21432565998223124
3158,0.3582,3,40,3,280303,396141,18184,108072,3.1376013813204917,0.2143379881121669
3159,0.3583,53,487,53,280790,395654,18237,108019,3.133744138892409,0.21446255804857517
3160,0.3584,1,1,1,280791,395653,18238,108018,3.1337362184767454,0.21446142422335215
3161,0.3585,3,47,3,280838,395606,18241,108015,3.1333639589405653,0.2144767593090836
3162,0.3586,2,14,2,280852,395592,18243,108013,3.1332530731212773,0.21447960206908193
3163,0.3587,3,49,3,280901,395543,18246,108010,3.13286497275377,0.21449579289568327
3164,0.3588,3,37,3,280938,395506,18249,108007,3.1325719173742237,0.21450687469836927
3165,0.3589,4,13,4,280951,395493,18253,108003,3.1324689519705995,0.21450617283950618
3166,0.359,11,101,11,281052,395392,18264,107992,3.1316689899885946,0.21453204710519205
3167,0.3591,1,10,1,281062,395382,18265,107991,3.1315897858319603,0.21453474858603858
3168,0.3592,13,164,13,281226,395218,18278,107978,3.1302908376631606,0.2145843766643614
3169,0.3593,7,52,7,281278,395166,18285,107971,3.129878976048663,0.2145956270359763
3170,0.3594,2,5,2,281283,395161,18287,107969,3.129839373970346,0.2145946375688192
3171,0.3595,4,28,4,281311,395133,18291,107965,3.1296176023317703,0.21460033631618491
3172,0.3596,0,19,0,281330,395114,18291,107965,3.1294671144341657,0.21460844121897357
3173,0.3597,3,25,3,281355,395089,18294,107962,3.12926910404258,0.21461442279212248
3174,0.3598,1,31,1,281386,395058,18295,107961,3.1290235711570142,0.21462608768257263
3175,0.3599,4,15,4,281401,395043,18299,107957,3.128904764922063,0.21462624254473162
3176,0.36,423,4055,423,285456,390988,18722,107534,3.0967874794069195,0.21570562582995334
3177,0.3601,0,7,0,285463,390981,18722,107534,3.0967320364972752,0.21570865470447229
3178,0.3602,3,22,3,285485,390959,18725,107531,3.09655778735268,0.21571345463299163
3179,0.3603,4,37,4,285522,390922,18729,107527,3.096264731973134,0.2157231732835255
3180,0.3604,1,15,1,285537,390907,18730,107526,3.096145925738183,0.21572809183982602
3181,0.3605,3,29,3,285566,390878,18733,107523,3.0959162336839436,0.2157359234832996
3182,0.3606,1,7,1,285573,390871,18734,107522,3.0958607907743,0.21573737993912434
3183,0.3607,10,87,10,285660,390784,18744,107512,3.095171714611583,0.2157593077207122
3184,0.3608,15,168,15,285828,390616,18759,107497,3.0938410847801294,0.21580846113231336
3185,0.3609,0,3,0,285831,390613,18759,107497,3.093817323533139,0.21580976089618759
3186,0.361,14,104,14,285935,390509,18773,107483,3.092993600304144,0.215832784462401
3187,0.3611,1,13,1,285948,390496,18774,107482,3.0928906349005194,0.21583684419793644
3188,0.3612,3,24,3,285972,390472,18777,107479,3.0927005449245977,0.21584252265785187
3189,0.3613,8,45,8,286017,390427,18785,107471,3.092344126219744,0.21584943100795745
3190,0.3614,1,15,1,286032,390412,18786,107470,3.092225319984793,0.21585435906499933
3191,0.3615,6,31,6,286063,390381,18792,107464,3.091979787099227,0.2158583494862859
3192,0.3616,0,9,0,286072,390372,18792,107464,3.091908503358256,0.21586225182590252
3193,0.3617,49,525,49,286597,389847,18841,107415,3.087750285134964,0.21601288656684
3194,0.3618,7,31,7,286628,389816,18848,107408,3.087504752249398,0.21601531704020724
3195,0.3619,1,19,1,286647,389797,18849,107407,3.0873542643517933,0.21602199499601774
3196,0.362,7,112,7,286759,389685,18856,107400,3.086467177797491,0.21605962762907752
3197,0.3621,1,14,1,286773,389671,18857,107399,3.086356291978203,0.21606413583599896
3198,0.3622,4,25,4,286798,389646,18861,107395,3.0861582815866178,0.2160686945342537
3199,0.3623,6,53,6,286851,389593,18867,107389,3.0857384995564567,0.2160822725973979
3200,0.3624,4,18,4,286869,389575,18871,107385,3.0855959320745154,0.21608378943979395
3201,0.3625,55,488,55,287357,389087,18926,107330,3.081730769230769,0.21620935624686505
3202,0.3626,4,11,4,287368,389076,18930,107326,3.0816436446584716,0.21620783155587608
3203,0.3627,4,56,4,287424,389020,18934,107322,3.0812001013813206,0.2162259087484033
3204,0.3628,1,20,1,287444,389000,18935,107321,3.081041693068052,0.21623304272839552
3205,0.3629,2,26,2,287470,388974,18937,107319,3.0808357622608034,0.21624121234835067
3206,0.363,9,85,9,287555,388889,18946,107310,3.080162526929413,0.21626403922619755
3207,0.3631,0,6,0,287561,388883,18946,107310,3.0801150044354326,0.21626665430588501
3208,0.3632,3,33,3,287594,388850,18949,107307,3.07985363071854,0.21627629963902556
3209,0.3633,100,858,100,288452,387992,19049,107207,3.073057914079331,0.21649276351527366
3210,0.3634,0,6,0,288458,387986,19049,107207,3.0730103915853504,0.21649538664722642
3211,0.3635,7,50,7,288508,387936,19056,107200,3.07261437080218,0.2165061720416209
3212,0.3636,4,11,4,288519,387925,19060,107196,3.0725272462298823,0.21650465239810066
3213,0.3637,5,56,5,288575,387869,19065,107191,3.072083702952731,0.2165212297499293
3214,0.3638,2,32,2,288607,387837,19067,107189,3.0718302496515015,0.21653206094225355
3215,0.3639,2,12,2,288619,387825,19069,107187,3.0717352046635407,0.21653414462679693
3216,0.364,29,183,29,288802,387642,19098,107158,3.070285768597136,0.21656831042845595
3217,0.3641,1,4,1,288806,387638,19099,107157,3.0702540869344825,0.21656847785446498
3218,0.3642,19,192,19,288998,387446,19118,107138,3.068733367127107,0.21662245442634617
3219,0.3643,8,67,8,289065,387379,19126,107130,3.068202699277658,0.21663913093593848
3220,0.3644,0,5,0,289070,387374,19126,107130,3.068163097199341,0.21664132140488246
3221,0.3645,9,34,9,289104,387340,19135,107121,3.067893803066785,0.21664195962876748
3222,0.3646,1,14,1,289118,387326,19136,107120,3.0677829172474973,0.2166465094267119
3223,0.3647,8,61,8,289179,387265,19144,107112,3.0672997718920287,0.21666056471073694
3224,0.3648,3,26,3,289205,387239,19147,107109,3.0670938410847803,0.21666720609772872
3225,0.3649,0,7,0,289212,387232,19147,107109,3.067038398175136,0.21667027416297657
3226,0.365,131,1642,131,290854,385590,19278,106978,3.0540330756558105,0.21718422634032256
3227,0.3651,0,14,0,290868,385576,19278,106978,3.0539221898365225,0.21719039942828602
3228,0.3652,2,29,2,290897,385547,19280,106976,3.0536924977822837,0.21720000893359295
3229,0.3653,4,48,4,290945,385499,19284,106972,3.0533123178304398,0.21721482077117232
3230,0.3654,2,26,2,290971,385473,19286,106970,3.053106387023191,0.21722311008583733
3231,0.3655,5,43,5,291014,385430,19291,106965,3.052765809149664,0.2172341311345566
3232,0.3656,1,10,1,291024,385420,19292,106964,3.05268660499303,0.2172369532722428
3233,0.3657,7,65,7,291089,385355,19299,106957,3.052171777974908,0.21725450527307885
3234,0.3658,14,177,14,291266,385178,19313,106943,3.0507698644024837,0.21731037691949745
3235,0.3659,0,7,0,291273,385171,19313,106943,3.05071442149284,0.21731346801757317
3236,0.366,26,186,26,291459,384985,19339,106917,3.049241224179445,0.21735426975291827
3237,0.3661,0,13,0,291472,384972,19339,106917,3.0491382587758205,0.21736001414953374
3238,0.3662,4,39,4,291511,384933,19343,106913,3.0488293625649474,0.21737088438250998
3239,0.3663,7,27,7,291538,384906,19350,106906,3.0486155113420352,0.21737167860889933
3240,0.3664,1,17,1,291555,384889,19351,106905,3.0484808642757573,0.21737760119074245
3241,0.3665,4,48,4,291603,384841,19355,106901,3.0481006843239133,0.21739245376640595
3242,0.3666,0,3,0,291606,384838,19355,106901,3.048076923076923,0.21739378003371707
3243,0.3667,76,819,76,292425,384019,19431,106825,3.041590102648587,0.21763533831522847
3244,0.3668,0,22,0,292447,383997,19431,106825,3.0414158535039917,0.21764509333322468
3245,0.3669,2,7,2,292454,383990,19433,106823,3.041360410594348,0.21764500940276643
3246,0.367,9,70,9,292524,383920,19442,106814,3.040805981497909,0.21766170674948138
3247,0.3671,5,19,5,292543,383901,19447,106809,3.0406554936003043,0.21766216298832305
3248,0.3672,0,24,0,292567,383877,19447,106809,3.040465403624382,0.2176728090876854
3249,0.3673,8,69,8,292636,383808,19455,106801,3.0399188949436065,0.217690666090512
3250,0.3674,1,7,1,292643,383801,19456,106800,3.0398634520339627,0.21769217755365358
3251,0.3675,46,473,46,293116,383328,19502,106754,3.0361170954251677,0.21782885313070058
3252,0.3676,0,10,0,293126,383318,19502,106754,3.036037891268534,0.21783329796438075
3253,0.3677,3,58,3,293184,383260,19505,106751,3.035578507160056,0.21785429306689033
3254,0.3678,5,31,5,293215,383229,19510,106746,3.03533297427449,0.21786009490280117
3255,0.3679,2,12,2,293227,383217,19512,106744,3.035237929286529,0.2178622380148624
3256,0.368,11,101,11,293328,383116,19523,106733,3.034437967304524,0.21788959454852413
3257,0.3681,2,14,2,293342,383102,19525,106731,3.0343270814852366,0.21789262871223458
3258,0.3682,2,37,2,293379,383065,19527,106729,3.03403402610569,0.2179058951314226
3259,0.3683,50,504,50,293883,382561,19577,106679,3.0300421366113293,0.21805044558907694
3260,0.3684,0,7,0,293890,382554,19577,106679,3.0299866937016855,0.21805356547902532
3261,0.3685,10,51,10,293941,382503,19587,106669,3.029582752502851,0.2180603141635253
3262,0.3686,3,23,3,293964,382480,19590,106666,3.0294005829425927,0.21806577177366268
3263,0.3687,7,50,7,294014,382430,19597,106659,3.029004562159422,0.21807687353426472
3264,0.3688,3,41,3,294055,382389,19600,106656,3.028679825117222,0.21809035978284208
3265,0.3689,2,6,2,294061,382383,19602,106654,3.0286323026232416,0.2180898377832352
3266,0.369,9,102,9,294163,382281,19611,106645,3.0278244202255733,0.21812094263753615
3267,0.3691,1,7,1,294170,382274,19612,106644,3.0277689773159295,0.21812246634404953
3268,0.3692,16,177,16,294347,382097,19628,106628,3.026367063743505,0.21817586577318532
3269,0.3693,8,82,8,294429,382015,19636,106620,3.0257175896591053,0.21819967869677775
3270,0.3694,1,6,1,294435,382009,19637,106619,3.025670067165125,0.21820075804088182
3271,0.3695,5,27,5,294462,381982,19642,106614,3.0254562159422127,0.21820481543033507
3272,0.3696,2,5,2,294467,381977,19644,106612,3.0254166138638956,0.21820384822417205
3273,0.3697,4,38,4,294505,381939,19648,106608,3.025115638068686,0.21821441949290446
3274,0.3698,2,29,2,294534,381910,19650,106606,3.024885946014447,0.21822417280089085
3275,0.3699,1,6,1,294540,381904,19651,106605,3.024838423520466,0.21822525275890517
3276,0.37,391,4175,391,298715,377729,20042,106214,2.9917706881257127,0.21947626063400028
3277,0.3701,0,14,0,298729,377715,20042,106214,2.991659802306425,0.21948261005230105
3278,0.3702,4,27,4,298756,377688,20046,106210,2.991445951083513,0.21948840458113072
3279,0.3703,8,29,8,298785,377659,20054,106202,2.9912162590292737,0.2194886547996222
3280,0.3704,1,16,1,298801,377643,20055,106201,2.991089532378659,0.21949429981564306
3281,0.3705,2,43,2,298844,377600,20057,106199,2.9907489545051322,0.21951058187387737
3282,0.3706,0,10,0,298854,377590,20057,106199,2.9906697503484985,0.21951511919452488
3283,0.3707,5,83,5,298937,377507,20062,106194,2.990012355848435,0.2195447187415366
3284,0.3708,24,174,24,299111,377333,20086,106170,2.988634203523001,0.21958498706316196
3285,0.3709,3,5,3,299116,377328,20089,106167,2.988594601444684,0.21958241553687216
3286,0.371,17,98,17,299214,377230,20106,106150,2.9878184007096693,0.21959948694608797
3287,0.3711,1,10,1,299224,377220,20107,106149,2.987739196553035,0.2196024155458873
3288,0.3712,2,23,2,299247,377197,20109,106147,2.9875570269927767,0.2196096362011321
3289,0.3713,6,64,6,299311,377133,20115,106141,2.987050120390318,0.21962903032234302
3290,0.3714,1,15,1,299326,377118,20116,106140,2.986931314155367,0.21963423264591583
3291,0.3715,3,47,3,299373,377071,20119,106137,2.9865590546191862,0.21965075081538385
3292,0.3716,0,6,0,299379,377065,20119,106137,2.986511532125206,0.2196534782554708
3293,0.3717,49,495,49,299874,376570,20168,106088,2.9825909263718158,0.2197995267870832
3294,0.3718,4,23,4,299897,376547,20172,106084,2.9824087568115574,0.21980353520598553
3295,0.3719,4,6,4,299903,376541,20176,106080,2.982361234317577,0.21979980150055634
3296,0.372,16,109,16,300012,376432,20192,106064,2.981497909010265,0.21982358402971217
3297,0.3721,2,17,2,300029,376415,20194,106062,2.981363261943987,0.2198280954325284
3298,0.3722,5,23,5,300052,376392,20199,106057,2.981181092383728,0.2198304898548862
3299,0.3723,9,70,9,300122,376322,20208,106048,2.9806266632872895,0.2198478346497502
3300,0.3724,1,13,1,300135,376309,20209,106047,2.980523697883665,0.2198521424010482
3301,0.3725,50,474,50,300609,375835,20259,105997,2.9767694208592066,0.21998746451045179
3302,0.3726,1,10,1,300619,375825,20260,105996,2.9766902167025724,0.2199904113768391
3303,0.3727,8,93,8,300712,375732,20268,105988,2.975953618045875,0.22001992858922195
3304,0.3728,0,28,0,300740,375704,20268,105988,2.9757318464072995,0.22003271800237495
3305,0.3729,4,19,4,300759,375685,20272,105984,2.9755813585096944,0.22003492024606108
3306,0.373,8,66,8,300825,375619,20280,105976,2.975058611075909,0.22005211848129652
3307,0.3731,4,7,4,300832,375612,20284,105972,2.9750031681662654,0.2200488388318549
3308,0.3732,3,32,3,300864,375580,20287,105969,2.974749714865036,0.2200586025513499
3309,0.3733,77,889,77,301753,374691,20364,105892,2.967708465340261,0.22034071117788187
3310,0.3734,0,6,0,301759,374685,20364,105892,2.9676609428462806,0.22034346212989803
3311,0.3735,7,47,7,301806,374638,20371,105885,2.9672886833101,0.22035365632862527
3312,0.3736,1,21,1,301827,374617,20372,105884,2.9671223545811682,0.22036166417967912
3313,0.3737,3,34,3,301861,374583,20375,105881,2.9668530604486123,0.2203723900229778
3314,0.3738,2,40,2,301901,374543,20377,105879,2.966536243822076,0.22038749266270072
3315,0.3739,1,8,1,301909,374535,20378,105878,2.9664728804967684,0.22038953983343498
3316,0.374,17,186,17,302095,374349,20395,105861,2.9649996831833736,0.22044730430436685
3317,0.3741,1,16,1,302111,374333,20396,105860,2.964872956532759,0.22045302617905718
3318,0.3742,12,161,12,302272,374172,20408,105848,2.9635977696109492,0.2205074788550477
3319,0.3743,7,67,7,302339,374105,20415,105841,2.9630671017615002,0.22052689260875183
3320,0.3744,0,16,0,302355,374089,20415,105841,2.962940375110886,0.2205342445773342
3321,0.3745,4,43,4,302398,374046,20419,105837,2.9625997972373592,0.22054750845518595
3322,0.3746,2,18,2,302416,374028,20421,105835,2.9624572297554175,0.22055253270204203
3323,0.3747,7,44,7,302460,373984,20428,105828,2.9621087314662273,0.2205613865430627
3324,0.3748,0,29,0,302489,373955,20428,105828,2.9618790394119885,0.22057471815383203
3325,0.3749,2,12,2,302501,373943,20430,105826,2.961783994424027,0.2205769860078496
3326,0.375,175,1627,175,304128,372316,20605,105651,2.948897478139653,0.2210424569060207
3327,0.3751,0,6,0,304134,372310,20605,105651,2.9488499556456724,0.22104523172392726
3328,0.3752,1,23,1,304157,372287,20606,105650,2.9486677860854136,0.2210542393662763
3329,0.3753,5,47,5,304204,372240,20611,105645,2.9482955265492334,0.22106783012649486
3330,0.3754,4,20,4,304224,372220,20615,105641,2.948137118235965,0.22107056236018424
3331,0.3755,4,44,4,304268,372176,20619,105637,2.947788619946775,0.22108439912685507
3332,0.3756,3,8,3,304276,372168,20622,105634,2.9477252566214673,0.221083210200041
3333,0.3757,12,59,12,304335,372109,20634,105622,2.947257952097326,0.22109094867195137
3334,0.3758,27,174,27,304509,371935,20661,105595,2.945879799771892,0.22112746843130274
3335,0.3759,2,7,2,304516,371928,20663,105593,2.945824356862248,0.2211274477981073
3336,0.376,12,151,12,304667,371777,20675,105581,2.9446283740970727,0.22117781623016688
3337,0.3761,0,12,0,304679,371765,20675,105581,2.944533329109112,0.2211833764187822
3338,0.3762,1,30,1,304709,371735,20676,105580,2.944295716639209,0.2211956464808355
3339,0.3763,1,33,1,304742,371702,20677,105579,2.9440343429223166,0.2212093085624611
3340,0.3764,2,16,2,304758,371686,20679,105577,2.943907616271702,0.22121346092196545
3341,0.3765,10,47,10,304805,371639,20689,105567,2.9435353567355214,0.22121892851305305
3342,0.3766,1,5,1,304810,371634,20690,105566,2.9434957546572043,0.22121961441743504
3343,0.3767,93,854,93,305664,370780,20783,105473,2.936731719680649,0.22146422174768454
3344,0.3768,2,36,2,305700,370744,20785,105471,2.936446584716766,0.2214776938987642
3345,0.3769,0,12,0,305712,370732,20785,105471,2.936351539728805,0.22148327498986778
3346,0.377,3,70,3,305782,370662,20788,105468,2.935797110632366,0.22151093188834983
3347,0.3771,5,30,5,305812,370632,20793,105463,2.9355594981624638,0.2215167141011773
3348,0.3772,3,22,3,305834,370610,20796,105460,2.9353852490178682,0.22152204507740458
3349,0.3773,3,67,3,305901,370543,20799,105457,2.9348545811684197,0.22154831932773109
3350,0.3774,1,9,1,305910,370534,20800,105456,2.934783297427449,0.22155087291749825
3351,0.3775,45,451,45,306361,370083,20845,105411,2.9312111899632494,0.22168733990334263
3352,0.3776,1,18,1,306379,370065,20846,105410,2.9310686224813076,0.2216940953783059
3353,0.3777,7,52,7,306431,370013,20853,105403,2.9306567608668104,0.22170688407626163
3354,0.3778,1,28,1,306459,369985,20854,105402,2.930434989228235,0.22171830529652684
3355,0.3779,2,14,2,306473,369971,20856,105400,2.930324103408947,0.22172156063369453
3356,0.378,13,104,13,306577,369867,20869,105387,2.929500380179952,0.22174879117272028
3357,0.3781,3,17,3,306594,369850,20872,105384,2.929365733113674,0.2217518106869458
3358,0.3782,2,36,2,306630,369814,20874,105382,2.929080598149791,0.2217653347250398
3359,0.3783,48,494,48,307124,369320,20922,105334,2.9251679128120642,0.2219174388080581
3360,0.3784,1,8,1,307132,369312,20923,105333,2.925104549486757,0.22191953986663718
3361,0.3785,2,53,2,307185,369259,20925,105331,2.924684767456596,0.22194104384837438
3362,0.3786,1,20,1,307205,369239,20926,105330,2.9245263591433277,0.221948757714895
3363,0.3787,7,50,7,307255,369189,20933,105323,2.924130338360157,0.2219606669588967
3364,0.3788,3,23,3,307278,369166,20936,105320,2.9239481687998987,0.221966506914851
3365,0.3789,0,14,0,307292,369152,20936,105320,2.9238372829806107,0.22197305636581294
3366,0.379,9,98,9,307390,369054,20945,105311,2.9230610822455962,0.22200415292021966
3367,0.3791,4,12,4,307402,369042,20949,105307,2.9229660372576354,0.22200320860800804
3368,0.3792,20,162,20,307564,368880,20969,105287,2.9216829299201623,0.2220462410922734
3369,0.3793,10,80,10,307644,368800,20979,105277,2.921049296667089,0.22206730130337476
3370,0.3794,0,8,0,307652,368792,20979,105277,2.9209859333417816,0.22207104872919342
3371,0.3795,0,36,0,307688,368756,20979,105277,2.920700798377899,0.22208791371064884
3372,0.3796,2,10,2,307698,368746,20981,105275,2.9206215942212648,0.2220893167180357
3373,0.3797,4,45,4,307743,368701,20985,105271,2.9202651755164113,0.22210383735748104
3374,0.3798,2,24,2,307767,368677,20987,105269,2.920075085540489,0.22211180176644596
3375,0.3799,4,12,4,307779,368665,20991,105265,2.9199800405525282,0.22211086025362395
3376,0.38,434,4029,434,311808,364636,21425,104831,2.888068685844633,0.22329791018325038
3377,0.3801,0,4,0,311812,364632,21425,104831,2.8880370041819794,0.2232998127647972
3378,0.3802,2,31,2,311843,364601,21427,104829,2.8877914712964134,0.22331124981360373
3379,0.3803,5,34,5,311877,364567,21432,104824,2.8875221771638575,0.22331915183716775
3380,0.3804,0,23,0,311900,364544,21432,104824,2.887340007603599,0.22333009493616948
3381,0.3805,1,34,1,311934,364510,21433,104823,2.887070713471043,0.22334461885271226
3382,0.3806,0,8,0,311942,364502,21433,104823,2.8870073501457356,0.22334842593085816
3383,0.3807,10,82,10,312024,364420,21443,104813,2.8863578760613358,0.22337090528586012
3384,0.3808,22,179,22,312203,364241,21465,104791,2.8849401216575847,0.22341972402735846
3385,0.3809,3,4,3,312207,364237,21468,104788,2.884908439994931,0.2234166622248281
3386,0.381,12,118,12,312325,364119,21480,104776,2.883973830946648,0.22345301186832872
3387,0.3811,1,14,1,312339,364105,21481,104775,2.88386294512736,0.2234580276403344
3388,0.3812,1,29,1,312368,364076,21482,104774,2.8836332530731212,0.2234701930254879
3389,0.3813,6,38,6,312406,364038,21488,104768,2.8833322772779115,0.22347836845091573
3390,0.3814,1,18,1,312424,364020,21489,104767,2.8831897097959702,0.2234852928942142
3391,0.3815,4,36,4,312460,363984,21493,104763,2.882904574832087,0.22349583037331439
3392,0.3816,1,9,1,312469,363975,21494,104762,2.8828332910911163,0.22349846502409668
3393,0.3817,51,430,51,312899,363545,21545,104711,2.8794275123558486,0.2236191314152942
3394,0.3818,1,28,1,312927,363517,21546,104710,2.8792057407172726,0.22363084572226719
3395,0.3819,1,19,1,312946,363498,21547,104709,2.879055252819668,0.2236382625633534
3396,0.382,22,135,22,313081,363363,21569,104687,2.877985996705107,0.2236662749706228
3397,0.3821,3,22,3,313103,363341,21572,104684,2.877811747560512,0.2236718124031836
3398,0.3822,3,24,3,313127,363317,21575,104681,2.87762165758459,0.22367830631754837
3399,0.3823,2,51,2,313178,363266,21577,104679,2.877217716385756,0.2236993663785274
3400,0.3824,3,14,3,313192,363252,21580,104676,2.877106830566468,0.2237010822177771
3401,0.3825,60,435,60,313627,362817,21640,104616,2.873661449752883,0.22380961549569672
3402,0.3826,2,10,2,313637,362807,21642,104614,2.873582245596249,0.22381108251447837
3403,0.3827,6,46,6,313683,362761,21648,104608,2.8732179064757317,0.22382314616502164
3404,0.3828,2,14,2,313697,362747,21650,104606,2.873107020656444,0.22382652941138712
3405,0.3829,3,25,3,313722,362722,21653,104603,2.8729090102648587,0.22383352056919703
3406,0.383,6,66,6,313788,362656,21659,104597,2.8723862628310735,0.22385517053930098
3407,0.3831,3,7,3,313795,362649,21662,104594,2.8723308199214297,0.2238535408770169
3408,0.3832,3,29,3,313824,362620,21665,104591,2.8721011278671904,0.2238624518686418
3409,0.3833,90,849,90,314673,361771,21755,104501,2.865376694968952,0.2241202559879212
3410,0.3834,1,8,1,314681,361763,21756,104500,2.8653133316436445,0.22412243733686782
3411,0.3835,1,49,1,314730,361714,21757,104499,2.8649252312761373,0.22414432887971808
3412,0.3836,1,14,1,314744,361700,21758,104498,2.8648143454568498,0.22414939575030352
3413,0.3837,6,45,6,314789,361655,21764,104492,2.864457926751996,0.22416104790977953
3414,0.3838,4,48,4,314837,361607,21768,104488,2.864077746800152,0.22417747454917988
3415,0.3839,2,11,2,314848,361596,21770,104486,2.8639906222278544,0.22417943623654207
3416,0.384,20,159,20,315007,361437,21790,104466,2.8627312761373718,0.22422263861790973
3417,0.3841,0,1,0,315008,361436,21790,104466,2.8627233557217084,0.22422311988358068
3418,0.3842,15,175,15,315183,361261,21805,104451,2.8613372829806107,0.2242823891160202
3419,0.3843,7,67,7,315250,361194,21812,104444,2.860806615131162,0.22430299932565642
3420,0.3844,0,17,0,315267,361177,21812,104444,2.860671968064884,0.22431118871356748
3421,0.3845,6,43,6,315310,361134,21818,104438,2.8603313901913574,0.22432190939317656
3422,0.3846,3,15,3,315325,361119,21821,104435,2.860212583956406,0.22432413855320757
3423,0.3847,2,42,2,315367,361077,21823,104433,2.8598799264985426,0.2243410453051492
3424,0.3848,4,36,4,315403,361041,21827,104429,2.8595947915346596,0.22435173050894794
3425,0.3849,1,7,1,315410,361034,21828,104428,2.859539348625016,0.2243534380894681
3426,0.385,192,1604,192,317014,359430,22020,104236,2.8468350019009,0.224808374994069
3427,0.3851,3,7,3,317021,359423,22023,104233,2.8467795589912557,0.22480675328260608
3428,0.3852,8,44,8,317065,359379,22031,104225,2.8464310607020655,0.2248147125564059
3429,0.3853,2,62,2,317127,359317,22033,104223,2.845939994930934,0.2248414376321353
3430,0.3854,3,19,3,317146,359298,22036,104220,2.845789507033329,0.22484563706263835
3431,0.3855,4,29,4,317175,359269,22040,104216,2.84555981497909,0.22485301573945218
3432,0.3856,0,6,0,317181,359263,22040,104216,2.8455122924851097,0.22485592658998574
3433,0.3857,10,67,10,317248,359196,22050,104206,2.8449816246356607,0.22487170966029496
3434,0.3858,21,174,21,317422,359022,22071,104185,2.843603472310227,0.22492103962159465
3435,0.3859,1,5,1,317427,359017,22072,104184,2.8435638702319097,0.22492179421028885
3436,0.386,23,157,23,317584,358860,22095,104161,2.8423203649727538,0.22495955906967502
3437,0.3861,1,10,1,317594,358850,22096,104160,2.8422411608161195,0.22496274378523143
3438,0.3862,3,26,3,317620,358824,22099,104157,2.8420352300088707,0.22497035515496316
3439,0.3863,5,49,5,317669,358775,22104,104152,2.8416471296413635,0.22498579689670292
3440,0.3864,3,20,3,317689,358755,22107,104149,2.8414887213280955,0.22499049478941638
3441,0.3865,4,35,4,317724,358720,22111,104145,2.8412115067798758,0.22500081017143228
3442,0.3866,2,10,2,317734,358710,22113,104143,2.8411323026232416,0.22500232255165248
3443,0.3867,94,801,94,318535,357909,22207,104049,2.834788049676847,0.22523476160170405
3444,0.3868,4,36,4,318571,357873,22211,104045,2.834502914712964,0.22524560636303415
3445,0.3869,3,6,3,318577,357867,22214,104042,2.8344553922189837,0.2252435003431412
3446,0.387,7,73,7,318650,357794,22221,104035,2.8338772018755543,0.22526736086300342
3447,0.3871,5,32,5,318682,357762,22226,104030,2.833623748574325,0.22527458249601554
3448,0.3872,3,24,3,318706,357738,22229,104027,2.8334336585984032,0.22528125778263836
3449,0.3873,7,77,7,318783,357661,22236,104020,2.8328237865923205,0.2253070843287898
3450,0.3874,4,18,4,318801,357643,22240,104016,2.8326812191103787,0.2253091567585599
3451,0.3875,59,450,59,319251,357193,22299,103957,2.8291170320618426,0.22542990350211428
3452,0.3876,3,10,3,319261,357183,22302,103954,2.8290378279052084,0.22542975298013387
3453,0.3877,7,46,7,319307,357137,22309,103947,2.8286734887846916,0.22544048372964579
3454,0.3878,1,23,1,319330,357114,22310,103946,2.8284913192244328,0.2254500498850475
3455,0.3879,1,22,1,319352,357092,22311,103945,2.8283170700798377,0.22545912800924872
3456,0.388,14,112,14,319464,356980,22325,103931,2.827429983525535,0.2254903875151602
3457,0.3881,1,8,1,319472,356972,22326,103930,2.827366620200228,0.22549262099101328
3458,0.3882,4,36,4,319508,356936,22330,103926,2.827081485236345,0.22550351298219423
3459,0.3883,58,519,58,320027,356417,22388,103868,2.8229707895070333,0.225660188796072
3460,0.3884,1,9,1,320036,356408,22389,103867,2.8228995057660624,0.22566291890717505
3461,0.3885,7,51,7,320087,356357,22396,103860,2.8224955645672285,0.225676148425634
3462,0.3886,1,20,1,320107,356337,22397,103859,2.82233715625396,0.22568427365731122
3463,0.3887,9,51,9,320158,356286,22406,103850,2.821933215055126,0.22569414260131787
3464,0.3888,4,44,4,320202,356242,22410,103846,2.821584716765936,0.2257089948009946
3465,0.3889,2,11,2,320213,356231,22412,103844,2.8214975921936385,0.22571102537629734
3466,0.389,12,104,12,320317,356127,22424,103832,2.820673868964643,0.22574185960052962
3467,0.3891,0,11,0,320328,356116,22424,103832,2.8205867443923456,0.22574725838573056
3468,0.3892,17,162,17,320490,355954,22441,103815,2.8193036370548725,0.22579817256056847
3469,0.3893,8,82,8,320572,355872,22449,103807,2.8186541629704727,0.2258249778649884
3470,0.3894,0,9,0,320581,355863,22449,103807,2.818582879229502,0.22582939935170884
3471,0.3895,6,36,6,320617,355827,22455,103801,2.818297744265619,0.2258369812108923
3472,0.3896,2,21,2,320638,355806,22457,103799,2.8181314155366874,0.22584393120179283
3473,0.3897,1,38,1,320676,355768,22458,103798,2.8178304397414777,0.22586092095585836
3474,0.3898,3,25,3,320701,355743,22461,103795,2.817632429349892,0.22586815453781842
3475,0.3899,0,8,0,320709,355735,22461,103795,2.817569066024585,0.22587208669727765
3476,0.39,405,4033,405,324742,351702,22866,103390,2.7856260296540363,0.22718483295685268
3477,0.3901,0,15,0,324757,351687,22866,103390,2.785507223419085,0.2271923212994724
3478,0.3902,2,38,2,324795,351649,22868,103388,2.7852062476238753,0.2272078973797735
3479,0.3903,9,44,9,324839,351605,22877,103379,2.784857749334685,0.22721458336996467
3480,0.3904,1,11,1,324850,351594,22878,103378,2.7847706247623876,0.22721837827382785
3481,0.3905,2,39,2,324889,351555,22880,103376,2.7844617285515145,0.22723445973125594
3482,0.3906,1,9,1,324898,351546,22881,103375,2.7843904448105437,0.22723725657861474
3483,0.3907,7,85,7,324983,351461,22888,103368,2.7837172094791534,0.22726783032744174
3484,0.3908,23,151,23,325134,351310,22911,103345,2.782521226713978,0.2273042196830564
3485,0.3909,0,7,0,325141,351303,22911,103345,2.782465783804334,0.22730771937850822
3486,0.391,19,93,19,325234,351210,22930,103326,2.7817291851476367,0.22732192829610856
3487,0.3911,3,7,3,325241,351203,22933,103323,2.7816737422379925,0.22732032931009447
3488,0.3912,6,35,6,325276,351168,22939,103317,2.781396527689773,0.22732763457539854
3489,0.3913,6,54,6,325330,351114,22945,103311,2.780968825243949,0.22734444627826375
3490,0.3914,2,16,2,325346,351098,22947,103309,2.780842098593334,0.22734905052078863
3491,0.3915,8,52,8,325398,351046,22955,103301,2.7804302369788365,0.2273614660160626
3492,0.3916,0,8,0,325406,351038,22955,103301,2.7803668736535294,0.22736546939619975
3493,0.3917,50,482,50,325888,350556,23005,103251,2.7765492333037636,0.22752183196821557
3494,0.3918,4,31,4,325919,350525,23009,103247,2.776303700418198,0.22753056601112454
3495,0.3919,0,15,0,325934,350510,23009,103247,2.7761848941832468,0.2275380875666932
3496,0.392,11,104,11,326038,350406,23020,103236,2.775361170954252,0.22757152115544857
3497,0.3921,3,25,3,326063,350381,23023,103233,2.7751631605626663,0.2275789547941642
3498,0.3922,2,31,2,326094,350350,23025,103231,2.7749176276771004,0.22759110280192513
3499,0.3923,7,52,7,326146,350298,23032,103224,2.774505766062603,0.2276052760395306
3500,0.3924,1,14,1,326160,350284,23033,103223,2.774394880243315,0.22761059917487492
3501,0.3925,67,443,67,326603,349841,23100,103156,2.770886136104423,0.22771894736609735
3502,0.3926,2,7,2,326610,349834,23102,103154,2.770830693194779,0.22771905657545014
3503,0.3927,10,63,10,326673,349771,23112,103144,2.770331707007984,0.22773368071271652
3504,0.3928,2,16,2,326689,349755,23114,103142,2.770204980357369,0.2277383157759932
3505,0.3929,4,35,4,326724,349720,23118,103138,2.7699277658091495,0.22774909574303645
3506,0.393,13,75,13,326799,349645,23131,103125,2.769333734634394,0.2277646487178921
3507,0.3931,1,11,1,326810,349634,23132,103124,2.7692466100620963,0.22776847675800319
3508,0.3932,0,22,0,326832,349612,23132,103124,2.7690723609175008,0.22777954481198756
3509,0.3933,110,867,110,327699,348745,23242,103014,2.762205360537321,0.2280286612994982
3510,0.3934,0,5,0,327704,348740,23242,103014,2.762165758459004,0.22803118511402223
3511,0.3935,7,45,7,327749,348695,23249,103007,2.76180933975415,0.22804193915457535
3512,0.3936,1,6,1,327755,348689,23250,103006,2.7617618172601697,0.22804325927893823
3513,0.3937,8,40,8,327795,348649,23258,102998,2.7614450006336333,0.22804978224144076
3514,0.3938,0,41,0,327836,348608,23258,102998,2.761120263591433,0.22807048622028936
3515,0.3939,0,11,0,327847,348597,23258,102998,2.7610331390191356,0.2280760415859343
3516,0.394,13,165,13,328012,348432,23271,102985,2.7597262704346726,0.2281371769339657
3517,0.3941,1,6,1,328018,348426,23272,102984,2.759678747940692,0.22813849936864491
3518,0.3942,22,168,22,328186,348258,23294,102962,2.758348118109238,0.22818580736669475
3519,0.3943,9,52,9,328238,348206,23303,102953,2.757936256494741,0.22819671113731524
3520,0.3944,0,9,0,328247,348197,23303,102953,2.75786497275377,0.22820126343788097
3521,0.3945,8,43,8,328290,348154,23311,102945,2.7575243948802433,0.22820932877261976
3522,0.3946,1,12,1,328302,348142,23312,102944,2.7574293498922824,0.22821368874227974
3523,0.3947,6,47,6,328349,348095,23318,102938,2.757057090356102,0.2282272028875936
3524,0.3948,5,27,5,328376,348068,23323,102933,2.7568432391331896,0.22823230990618645
3525,0.3949,0,16,0,328392,348052,23323,102933,2.756716512482575,0.22824040710888388
3526,0.395,177,1612,177,330004,346440,23500,102756,2.7439488024331515,0.22875537627227313
3527,0.3951,1,6,1,330010,346434,23501,102755,2.743901279939171,0.2287567148794828
3528,0.3952,1,38,1,330048,346396,23502,102754,2.7436003041439614,0.22877435155293332
3529,0.3953,5,56,5,330104,346340,23507,102749,2.7431567608668104,0.22879429244537275
3530,0.3954,1,17,1,330121,346323,23508,102748,2.7430221138005324,0.22880123633011262
3531,0.3955,5,29,5,330150,346294,23513,102743,2.742792421746293,0.22880742566870882
3532,0.3956,2,7,2,330157,346287,23515,102741,2.7427369788366494,0.22880755765787433
3533,0.3957,7,79,7,330236,346208,23522,102734,2.7421112659992395,0.22883579616075128
3534,0.3958,26,134,26,330370,346074,23548,102708,2.741049930300342,0.22885944623447466
3535,0.3959,1,9,1,330379,346065,23549,102707,2.7409786465593715,0.22886231761339834
3536,0.396,24,190,24,330569,345875,23573,102683,2.739473767583323,0.22891799945603467
3537,0.3961,2,3,2,330572,345872,23575,102681,2.7394500063363325,0.22891609241271377
3538,0.3962,2,37,2,330609,345835,23577,102679,2.739156950956786,0.22893153836892494
3539,0.3963,2,35,2,330644,345800,23579,102677,2.738879736408567,0.22894596601386472
3540,0.3964,5,12,5,330656,345788,23584,102672,2.7387846914206055,0.22894349551799492
3541,0.3965,7,46,7,330702,345742,23591,102665,2.7384203523000887,0.22895494494956592
3542,0.3966,1,12,1,330714,345730,23592,102664,2.738325307312128,0.22895935271212373
3543,0.3967,104,884,104,331598,344846,23696,102560,2.73132365986567,0.22923250917511165
3544,0.3968,1,27,1,331625,344819,23697,102559,2.7311098086427577,0.22924462087988234
3545,0.3969,0,13,0,331638,344806,23697,102559,2.731006843239133,0.22925128250980742
3546,0.397,13,70,13,331708,344736,23710,102546,2.730452414142694,0.22926475914523722
3547,0.3971,3,27,3,331735,344709,23713,102543,2.730238562919782,0.22927342974430523
3548,0.3972,4,22,4,331757,344687,23717,102539,2.7300643137751868,0.22927781479609863
3549,0.3973,7,69,7,331826,344618,23724,102532,2.7295178050944116,0.2293011293749301
3550,0.3974,2,20,2,331846,344598,23726,102530,2.729359396781143,0.22930793866633267
3551,0.3975,59,423,59,332269,344175,23785,102471,2.7260090609555188,0.22942330167515212
3552,0.3976,1,8,1,332277,344167,23786,102470,2.7259456976302117,0.22942568573584365
3553,0.3977,9,55,9,332332,344112,23795,102461,2.725510074768724,0.2294384120849223
3554,0.3978,1,29,1,332361,344083,23796,102460,2.7252803827144847,0.22945158696922804
3555,0.3979,3,24,3,332385,344059,23799,102457,2.725090292738563,0.22945874279981007
3556,0.398,14,128,14,332513,343931,23813,102443,2.724076479533646,0.22950037412573313
3557,0.3981,0,15,0,332528,343916,23813,102443,2.7239576732986945,0.22950808654020644
3558,0.3982,5,29,5,332557,343887,23818,102438,2.7237279812444557,0.2295143673332213
3559,0.3983,64,494,64,333051,343393,23882,102374,2.719815295906729,0.22965809492402983
3560,0.3984,0,3,0,333054,343390,23882,102374,2.719791534659739,0.22965964052727453
3561,0.3985,3,57,3,333111,343333,23885,102371,2.719340070966924,0.22968382603701112
3562,0.3986,2,18,2,333129,343315,23887,102369,2.719197503484983,0.22968964557848162
3563,0.3987,2,52,2,333181,343263,23889,102367,2.718785641870485,0.22971299059758096
3564,0.3988,5,39,5,333220,343224,23894,102362,2.718476745659612,0.22972445274312928
3565,0.3989,1,13,1,333233,343211,23895,102361,2.718373780255988,0.22972942644510877
3566,0.399,11,100,11,333333,343111,23906,102350,2.7175817386896464,0.22976197691829364
3567,0.3991,0,13,0,333346,343098,23906,102350,2.717478773286022,0.22976868231533198
3568,0.3992,24,165,24,333511,342933,23930,102326,2.7161719047015587,0.2298123114861238
3569,0.3993,8,62,8,333573,342871,23938,102318,2.715680838930427,0.229830476494253
3570,0.3994,0,13,0,333586,342858,23938,102318,2.7155778735268026,0.2298371879885708
3571,0.3995,4,33,4,333619,342825,23942,102314,2.71531649980991,0.2298473061223573
3572,0.3996,0,13,0,333632,342812,23942,102314,2.7152135344062858,0.22985401886207502
3573,0.3997,1,39,1,333671,342773,23943,102313,2.7149046381954123,0.2298724291485241
3574,0.3998,6,30,6,333701,342743,23949,102307,2.71466702572551,0.22987754184923043
3575,0.3999,1,15,1,333716,342728,23950,102306,2.714548219490559,0.22988355945837846
3576,0.4,465,4033,465,337749,338695,24415,101841,2.68260518312001,0.23117520475057657
3577,0.4001,2,9,2,337758,338686,24417,101839,2.6825338993790395,0.23117643720560693
3578,0.4002,2,25,2,337783,338661,24419,101837,2.682335888987454,0.23118606667907687
3579,0.4003,5,39,5,337822,338622,24424,101832,2.682026992776581,0.23119780953289107
3580,0.4004,2,14,2,337836,338608,24426,101830,2.681916106957293,0.23120166743105727
3581,0.4005,6,43,6,337879,338565,24432,101824,2.681575529083766,0.23121376782798844
3582,0.4006,0,9,0,337888,338556,24432,101824,2.6815042453427957,0.23121849311957854
3583,0.4007,18,89,18,337977,338467,24450,101806,2.6807993283487517,0.2312338026633475
3584,0.4008,17,157,17,338134,338310,24467,101789,2.6795558230895957,0.2312865968793385
3585,0.4009,2,7,2,338141,338303,24469,101787,2.679500380179952,0.23128678224908542
3586,0.401,14,123,14,338264,338180,24483,101773,2.678526169053352,0.23132698265496543
3587,0.4011,1,11,1,338275,338169,24484,101772,2.6784390444810544,0.23133101938669048
3588,0.4012,5,38,5,338313,338131,24489,101767,2.6781380686858447,0.23134226570705027
3589,0.4013,6,39,6,338352,338092,24495,101761,2.6778291724749717,0.23135229269778768
3590,0.4014,2,19,2,338371,338073,24497,101759,2.6776786845773666,0.23135879153858746
3591,0.4015,3,38,3,338409,338035,24500,101756,2.677377708782157,0.2313735387945638
3592,0.4016,2,8,2,338417,338027,24502,101754,2.6773143454568498,0.23137425218461008
3593,0.4017,56,535,56,338952,337492,24558,101698,2.673076923076923,0.2315580955850543
3594,0.4018,7,43,7,338995,337449,24565,101691,2.672736345203396,0.23156852028965705
3595,0.4019,2,10,2,339005,337439,24567,101689,2.6726571410467623,0.23157029385509464
3596,0.402,9,123,9,339128,337316,24576,101680,2.6716829299201623,0.2316194225004328
3597,0.4021,0,19,0,339147,337297,24576,101680,2.6715324420225572,0.2316294475564779
3598,0.4022,1,33,1,339180,337264,24577,101679,2.6712710683056646,0.23164511109642938
3599,0.4023,7,64,7,339244,337200,24584,101672,2.670764161703206,0.23166663628575074
3600,0.4024,6,9,6,339253,337191,24590,101666,2.6706928779622356,0.23166088270211024
3601,0.4025,64,412,64,339665,336779,24654,101602,2.667429666708909,0.2317664314831163
3602,0.4026,2,11,2,339676,336768,24656,101600,2.6673425421366113,0.2317687422439594
3603,0.4027,6,86,6,339762,336682,24662,101594,2.6666613863895576,0.23180370360229627
3604,0.4028,4,24,4,339786,336658,24666,101590,2.666471296413636,0.23180938646611052
3605,0.4029,4,16,4,339802,336642,24670,101586,2.6663445697630213,0.23181083819381693
3606,0.403,9,87,9,339889,336555,24679,101577,2.6656554936003043,0.23184108898688066
3607,0.4031,3,5,3,339894,336550,24682,101574,2.665615891521987,0.23183847495229662
3608,0.4032,3,36,3,339930,336514,24685,101571,2.665330756558104,0.23185226611274068
3609,0.4033,104,823,104,340753,335691,24789,101467,2.6588122544671142,0.23210601201396291
3610,0.4034,0,8,0,340761,335683,24789,101467,2.658748891141807,0.23211025963628046
3611,0.4035,3,46,3,340807,335637,24792,101464,2.65838455202129,0.2321294163133921
3612,0.4036,3,18,3,340825,335619,24795,101461,2.6582419845393486,0.2321337055001373
3613,0.4037,5,54,5,340879,335565,24800,101456,2.657814282093524,0.23215360360257287
3614,0.4038,3,36,3,340915,335529,24803,101453,2.657529147129641,0.23216745769848643
3615,0.4039,4,12,4,340927,335517,24807,101449,2.6574341021416803,0.23216680473995688
3616,0.404,22,169,22,341096,335348,24829,101427,2.6560955518945635,0.23221796119283383
3617,0.4041,3,6,3,341102,335342,24832,101424,2.656048029400583,0.2322158776095209
3618,0.4042,31,175,31,341277,335167,24863,101393,2.6546619566594853,0.23225444383360822
3619,0.4043,3,68,3,341345,335099,24866,101390,2.6541233683943735,0.2322853496880792
3620,0.4044,2,11,2,341356,335088,24868,101388,2.654036243822076,0.23228768592087537
3621,0.4045,3,52,3,341408,335036,24871,101385,2.6536243822075782,0.23231008590329064
3622,0.4046,1,14,1,341422,335022,24872,101384,2.6535134963882903,0.23231577934308878
3623,0.4047,9,43,9,341465,334979,24881,101375,2.6531729185147634,0.23232283879602342
3624,0.4048,5,31,5,341496,334948,24886,101370,2.652927385629198,0.23233054790313487
3625,0.4049,1,9,1,341505,334939,24887,101369,2.652856101888227,0.2323335808648936
3626,0.405,163,1579,163,343084,333360,25050,101206,2.6403497655556962,0.2328898257111693
3627,0.4051,5,18,5,343102,333342,25055,101201,2.640207198073755,0.2328906460350299
3628,0.4052,2,24,2,343126,333318,25057,101199,2.640017108097833,0.23289997859692485
3629,0.4053,7,44,7,343170,333274,25064,101192,2.6396686098086426,0.23291120594016562
3630,0.4054,0,11,0,343181,333263,25064,101192,2.639581485236345,0.23291710303713847
3631,0.4055,6,29,6,343210,333234,25070,101186,2.639351793182106,0.23292205699553428
3632,0.4056,2,10,2,343220,333224,25072,101184,2.639272589025472,0.2329238872212298
3633,0.4057,7,55,7,343275,333169,25079,101177,2.6388369661639843,0.232941019371653
3634,0.4058,21,169,21,343444,333000,25100,101156,2.6374984159168675,0.2329945918057104
3635,0.4059,2,11,2,343455,332989,25102,101154,2.63741129134457,0.2329969618305489
3636,0.406,18,166,18,343621,332823,25120,101136,2.636096502344443,0.23305427471258805
3637,0.4061,4,18,4,343639,332805,25124,101132,2.6359539348625014,0.2330568723109576
3638,0.4062,5,40,5,343679,332765,25129,101127,2.635637118235965,0.23306951960395675
3639,0.4063,3,61,3,343740,332704,25132,101124,2.635153972880497,0.23309698774629578
3640,0.4064,0,15,0,343755,332689,25132,101124,2.6350351666455456,0.23310504756657824
3641,0.4065,4,38,4,343793,332651,25136,101120,2.634734190850336,0.2331183965733071
3642,0.4066,2,5,2,343798,332646,25138,101118,2.634694588772019,0.23311754779096466
3643,0.4067,105,867,105,344665,331779,25243,101013,2.6278275883918387,0.23339849165418955
3644,0.4068,2,40,2,344705,331739,25245,101011,2.6275107717653023,0.2334165222414789
3645,0.4069,2,15,2,344720,331724,25247,101009,2.627391965530351,0.2334210702673473
3646,0.407,12,98,12,344818,331626,25259,100997,2.6266157647953365,0.2334526828208394
3647,0.4071,6,44,6,344862,331582,25265,100991,2.6262672665061464,0.23346579652451724
3648,0.4072,3,30,3,344892,331552,25268,100988,2.6260296540362438,0.23347667267767144
3649,0.4073,6,58,6,344950,331494,25274,100982,2.6255702699277657,0.2334973501419732
3650,0.4074,0,5,0,344955,331489,25274,100982,2.6255306678494486,0.2335000497143161
3651,0.4075,71,441,71,345396,331048,25345,100911,2.6220377645418833,0.23361244932968175
3652,0.4076,2,13,2,345409,331035,25347,100909,2.6219347991382587,0.23361593169484934
3653,0.4077,3,51,3,345460,330984,25350,100906,2.6215308579394248,0.23363819491074117
3654,0.4078,0,27,0,345487,330957,25350,100906,2.6213170067165126,0.23365280193024177
3655,0.4079,3,20,3,345507,330937,25353,100903,2.621158598403244,0.2336582993701371
3656,0.408,17,128,17,345635,330809,25370,100886,2.620144785198327,0.23369740210102039
3657,0.4081,1,13,1,345648,330796,25371,100885,2.620041819794703,0.23370266469916443
3658,0.4082,3,35,3,345683,330761,25374,100882,2.619764605246483,0.2337162886922758
3659,0.4083,58,456,58,346139,330305,25432,100824,2.6161528957039666,0.23386039909168718
3660,0.4084,1,12,1,346151,330293,25433,100823,2.6160578507160057,0.23386513142634466
3661,0.4085,6,57,6,346208,330236,25439,100817,2.615606387023191,0.2338853922835475
3662,0.4086,3,17,3,346225,330219,25442,100814,2.615471739956913,0.23388928457913896
3663,0.4087,5,57,5,346282,330162,25447,100809,2.615020276264098,0.23391133046075027
3664,0.4088,5,28,5,346310,330134,25452,100804,2.6147985046255227,0.23391764012456548
3665,0.4089,1,12,1,346322,330122,25453,100803,2.614703459637562,0.23392237628357604
3666,0.409,11,108,11,346430,330014,25464,100792,2.613848054745913,0.23396145828981027
3667,0.4091,0,13,0,346443,330001,25464,100792,2.613745089342289,0.23396851852281722
3668,0.4092,26,170,26,346613,329831,25490,100766,2.6123986186795083,0.23401463549444143
3669,0.4093,7,77,7,346690,329754,25497,100759,2.6117887466734255,0.23404403583631622
3670,0.4094,0,3,0,346693,329751,25497,100759,2.611764985426435,0.23404566676732247
3671,0.4095,3,38,3,346731,329713,25500,100756,2.6114640096312254,0.23406098929307337
3672,0.4096,3,9,3,346740,329704,25503,100753,2.6113927258902545,0.23406054495570985
3673,0.4097,8,33,8,346773,329671,25511,100745,2.611131352173362,0.2340642541169473
3674,0.4098,5,31,5,346804,329640,25516,100740,2.6108858192877964,0.2340722152516381
3675,0.4099,1,7,1,346811,329633,25517,100739,2.610830376378152,0.23407424274813418
3676,0.41,499,3913,499,350724,325720,26016,100240,2.5798377898872134,0.23532726077565969
3677,0.4101,3,15,3,350739,325705,26019,100237,2.579718983652262,0.23533016232256973
3678,0.4102,3,32,3,350771,325673,26022,100234,2.5794655303510328,0.23534245739093276
3679,0.4103,4,41,4,350812,325632,26026,100230,2.579140793308833,0.2353579328514871
3680,0.4104,3,17,3,350829,325615,26029,100227,2.5790061462425546,0.23536194175304456
3681,0.4105,5,33,5,350862,325582,26034,100222,2.578744772525662,0.23537120365238468
3682,0.4106,1,6,1,350868,325576,26035,100221,2.5786972500316816,0.2353727245612346
3683,0.4107,12,88,12,350956,325488,26047,100209,2.5780002534533013,0.2353998266372561
3684,0.4108,23,183,23,351139,325305,26070,100186,2.5765508173868965,0.2354597394539485
3685,0.4109,1,8,1,351147,325297,26071,100185,2.576487454061589,0.23546236973597004
3686,0.411,8,92,8,351239,325205,26079,100177,2.575758775820555,0.2354989162682013
3687,0.4111,0,16,0,351255,325189,26079,100177,2.5756320491699403,0.23550777448127025
3688,0.4112,3,37,3,351292,325152,26082,100174,2.5753389937903943,0.23552286951655907
3689,0.4113,1,55,1,351347,325097,26083,100173,2.574903370928906,0.23555153196792625
3690,0.4114,3,20,3,351367,325077,26086,100170,2.5747449626156382,0.23555721733486656
3691,0.4115,4,52,4,351419,325025,26090,100166,2.5743331010011405,0.23557883398284535
3692,0.4116,1,7,1,351426,325018,26091,100165,2.574277658091497,0.2355809145709024
3693,0.4117,86,463,86,351889,324555,26177,100079,2.570610505639336,0.23568296462365237
3694,0.4118,6,38,6,351927,324517,26183,100073,2.5703095298441263,0.23569325702442356
3695,0.4119,1,12,1,351939,324505,26184,100072,2.5702144848561654,0.2356981183625114
3696,0.412,8,109,8,352048,324396,26192,100064,2.569351159548853,0.23574423973990483
3697,0.4121,2,19,2,352067,324377,26194,100062,2.5692006716512483,0.2357511915728762
3698,0.4122,5,19,5,352086,324358,26199,100057,2.5690501837536432,0.23575274200958968
3699,0.4123,12,41,12,352127,324317,26211,100045,2.5687254467114435,0.23575390821986889
3700,0.4124,2,13,2,352140,324304,26213,100043,2.568622481307819,0.23575752862633648
3701,0.4125,50,411,50,352551,323893,26263,99993,2.565367190470156,0.23589597203021567
3702,0.4126,6,14,6,352565,323879,26269,99987,2.5652563046508683,0.23589294729938234
3703,0.4127,7,70,7,352635,323809,26276,99980,2.5647018755544293,0.235919290024045
3704,0.4128,4,28,4,352663,323781,26280,99976,2.5644801039158533,0.23592766609165158
3705,0.4129,5,27,5,352690,323754,26285,99971,2.564266252692941,0.23593368340315063
3706,0.413,9,76,9,352766,323678,26294,99962,2.5636643011025217,0.23595977716929467
3707,0.4131,0,17,0,352783,323661,26294,99962,2.5635296540362438,0.2359692462401711
3708,0.4132,9,36,9,352819,323625,26303,99953,2.5632445190723607,0.23597306753419678
3709,0.4133,104,808,104,353627,322817,26407,99849,2.5568448232163226,0.2362361770286704
3710,0.4134,1,6,1,353633,322811,26408,99848,2.556797300722342,0.23623772355492254
3711,0.4135,6,54,6,353687,322757,26414,99842,2.5563695982765173,0.23625706639154376
3712,0.4136,3,13,3,353700,322744,26417,99839,2.556266632872893,0.2362589124503352
3713,0.4137,4,34,4,353734,322710,26421,99835,2.555997338740337,0.23627069306227738
3714,0.4138,3,40,3,353774,322670,26424,99832,2.5556805221138004,0.23628763887508225
3715,0.4139,0,7,0,353781,322663,26424,99832,2.5556250792041566,0.23629155374619817
3716,0.414,22,169,22,353950,322494,26446,99810,2.55428652895704,0.2363463287110707
3717,0.4141,3,3,3,353953,322491,26449,99807,2.5542627677100493,0.23634258272594236
3718,0.4142,34,189,34,354142,322302,26483,99773,2.552765809149664,0.23638689806314045
3719,0.4143,9,77,9,354219,322225,26492,99764,2.5521559371435814,0.23641374538198864
3720,0.4144,1,9,1,354228,322216,26493,99763,2.5520846534026105,0.2364169780960664
3721,0.4145,6,41,6,354269,322175,26499,99757,2.5517599163604108,0.23642909283960448
3722,0.4146,2,12,2,354281,322163,26501,99755,2.5516648713724495,0.2364321977256244
3723,0.4147,3,64,3,354345,322099,26504,99752,2.5511579647699913,0.23646263728188388
3724,0.4148,5,47,5,354392,322052,26509,99747,2.5507857052338108,0.23647993475565376
3725,0.4149,2,16,2,354408,322036,26511,99745,2.550658978583196,0.2364852850175802
3726,0.415,191,1566,191,355974,320470,26702,99554,2.5382556076542895,0.23701978934537074
3727,0.4151,4,10,4,355984,320460,26706,99550,2.5381764034976557,0.2370181662341373
3728,0.4152,8,33,8,356017,320427,26714,99542,2.537915029780763,0.2370222564046394
3729,0.4153,8,41,8,356058,320386,26722,99534,2.537590292738563,0.2370308630215279
3730,0.4154,3,12,3,356070,320374,26725,99531,2.537495247750602,0.23703218585156166
3731,0.4155,7,38,7,356108,320336,26732,99524,2.5371942719553924,0.2370409184013719
3732,0.4156,0,9,0,356117,320327,26732,99524,2.5371229882144215,0.2370459996522576
3733,0.4157,9,59,9,356176,320268,26741,99515,2.53665568369028,0.23706295871914776
3734,0.4158,21,169,21,356345,320099,26762,99494,2.5353171334431632,0.23712025701096062
3735,0.4159,1,3,1,356348,320096,26763,99493,2.535293372196173,0.2371201342265884
3736,0.416,19,164,19,356512,319932,26782,99474,2.533994424027373,0.23717829501723867
3737,0.4161,6,18,6,356530,319914,26788,99468,2.5338518565454313,0.23717756126872397
3738,0.4162,2,39,2,356569,319875,26790,99466,2.5335429603345583,0.2371959813135372
3739,0.4163,6,49,6,356618,319826,26796,99460,2.533154859967051,0.23721278554495023
3740,0.4164,1,7,1,356625,319819,26797,99459,2.5330994170574073,0.23721492661193766
3741,0.4165,4,44,4,356669,319775,26801,99455,2.532750918768217,0.2372325453808172
3742,0.4166,0,9,0,356678,319766,26801,99455,2.5326796350272462,0.23723763838166503
3743,0.4167,99,880,99,357558,318886,26900,99356,2.525709669243442,0.2375562473400567
3744,0.4168,7,38,7,357596,318848,26907,99349,2.5254086934482323,0.23756507100720473
3745,0.4169,2,8,2,357604,318840,26909,99347,2.5253453301229247,0.2375659692912501
3746,0.417,7,84,7,357688,318756,26916,99340,2.524680015207198,0.23760093375684052
3747,0.4171,3,31,3,357719,318725,26919,99337,2.5244344823216323,0.23761308131329803
3748,0.4172,3,36,3,357755,318689,26922,99334,2.524149347357749,0.23762807309645642
3749,0.4173,9,64,9,357819,318625,26931,99325,2.5236424407552907,0.23764804402440484
3750,0.4174,0,9,0,357828,318616,26931,99325,2.52357115701432,0.2376531615706523
3751,0.4175,55,433,55,358261,318183,26986,99270,2.5201416170320616,0.23779922530201006
3752,0.4176,4,17,4,358278,318166,26990,99266,2.5200069699657837,0.23780160601008068
3753,0.4177,3,50,3,358328,318116,26993,99263,2.519610949182613,0.23782461503813082
3754,0.4178,3,20,3,358348,318096,26996,99260,2.5194525408693447,0.23783053316593028
3755,0.4179,4,22,4,358370,318074,27000,99256,2.5192782917247496,0.23783576546138546
3756,0.418,16,100,16,358470,317974,27016,99240,2.5184862501584084,0.23786354245063684
3757,0.4181,1,14,1,358484,317960,27017,99239,2.5183753643391205,0.23786969767425137
3758,0.4182,3,32,3,358516,317928,27020,99236,2.518121911037891,0.23788246349157646
3759,0.4183,53,491,53,359007,317437,27073,99183,2.514232986947155,0.2380658633766982
3760,0.4184,2,4,2,359011,317433,27075,99181,2.514201305284501,0.23806449135170685
3761,0.4185,9,49,9,359060,317384,27084,99172,2.513813204916994,0.2380760329943633
3762,0.4186,3,17,3,359077,317367,27087,99169,2.513678557850716,0.23808026197015383
3763,0.4187,3,50,3,359127,317317,27090,99166,2.5132825370675453,0.23810335595930687
3764,0.4188,5,34,5,359161,317283,27095,99161,2.5130132429349894,0.23811364793345563
3765,0.4189,2,14,2,359175,317269,27097,99159,2.5129023571157014,0.23811799398695574
3766,0.419,15,95,15,359270,317174,27112,99144,2.512149917627677,0.2381448796352788
3767,0.4191,1,10,1,359280,317164,27113,99143,2.512070713471043,0.23814877001827978
3768,0.4192,26,155,26,359435,317009,27139,99117,2.510843049043214,0.23818987518203621
3769,0.4193,7,78,7,359513,316931,27146,99110,2.5102252566214673,0.23822171372532996
3770,0.4194,1,19,1,359532,316912,27147,99109,2.5100747687238627,0.2382307623893986
3771,0.4195,12,37,12,359569,316875,27159,99097,2.5097817133443163,0.2382299770176839
3772,0.4196,2,9,2,359578,316866,27161,99095,2.5097104296033454,0.23823146881558607
3773,0.4197,3,36,3,359614,316830,27164,99092,2.509425294639463,0.23824659431335682
3774,0.4198,5,37,5,359651,316793,27169,99087,2.5091322392599165,0.23825863229777822
3775,0.4199,2,10,2,359661,316783,27171,99085,2.5090530351032823,0.23826069810612982
3776,0.42,458,3838,458,363499,312945,27629,98627,2.478654479787099,0.23963486340178633
3777,0.4201,1,7,1,363506,312938,27630,98626,2.4785990368774553,0.23963709167954436
3778,0.4202,3,22,3,363528,312916,27633,98623,2.4784247877328602,0.23964435934382888
3779,0.4203,5,51,5,363579,312865,27638,98618,2.4780208465340263,0.2396648221190183
3780,0.4204,4,9,4,363588,312856,27642,98614,2.4779495627930554,0.23966267285585827
3781,0.4205,8,41,8,363629,312815,27650,98606,2.4776248257508553,0.239671771737466
3782,0.4206,1,5,1,363634,312810,27651,98605,2.477585223672538,0.23967283643036835
3783,0.4207,9,75,9,363709,312735,27660,98596,2.476991192497782,0.23969990105292333
3784,0.4208,30,196,30,363905,312539,27690,98566,2.475438791027753,0.23975869911579767
3785,0.4209,0,1,0,363906,312538,27690,98566,2.4754308706120898,0.23975928232272126
3786,0.421,12,89,12,363995,312449,27702,98554,2.4747259536180457,0.23978900397320702
3787,0.4211,2,10,2,364005,312439,27704,98552,2.474646749461412,0.23979113897871243
3788,0.4212,5,32,5,364037,312407,27709,98547,2.4743932961601827,0.23980056162003532
3789,0.4213,11,59,11,364096,312348,27720,98536,2.473925991636041,0.23981464354903087
3790,0.4214,0,19,0,364115,312329,27720,98536,2.473775503738436,0.23982573351344116
3791,0.4215,4,54,4,364169,312275,27724,98532,2.473347801292612,0.23984985650195834
3792,0.4216,0,8,0,364177,312267,27724,98532,2.4732844379673047,0.23985452739661003
3793,0.4217,58,531,58,364708,311736,27782,98474,2.4690786972500316,0.24005753150825188
3794,0.4218,6,37,6,364745,311699,27788,98468,2.468785641870485,0.24006806983496967
3795,0.4219,3,6,3,364751,311693,27791,98465,2.468738119376505,0.24006602333734806
3796,0.422,11,114,11,364865,311579,27802,98454,2.4678351919908756,0.24011238119858647
3797,0.4221,1,12,1,364877,311567,27803,98453,2.4677401470029148,0.24011755524120776
3798,0.4222,5,33,5,364910,311534,27808,98448,2.467478773286022,0.24012761535872307
3799,0.4223,13,53,13,364963,311481,27821,98435,2.467058991255861,0.2401345641546073
3800,0.4224,0,10,0,364973,311471,27821,98435,2.466979787099227,0.24014042243831513
3801,0.4225,58,417,58,365390,311054,27879,98377,2.4636769737675834,0.24027736053205545
3802,0.4226,4,15,4,365405,311039,27883,98373,2.463558167532632,0.24027874121911424
3803,0.4227,7,79,7,365484,310960,27890,98366,2.4629324546952223,0.2403121228556212
3804,0.4228,7,25,7,365509,310935,27897,98359,2.462734444303637,0.24031380865588062
3805,0.4229,2,33,2,365542,310902,27899,98357,2.4624730705867446,0.24032947351188366
3806,0.423,10,76,10,365618,310826,27909,98347,2.4618711189963247,0.24035554643146054
3807,0.4231,2,11,2,365629,310815,27911,98345,2.461783994424027,0.24035829504350376
3808,0.4232,0,35,0,365664,310780,27911,98345,2.461506779875808,0.24037885731744577
3809,0.4233,130,857,130,366521,309923,28041,98215,2.454718983652262,0.24064164571786995
3810,0.4234,2,9,2,366530,309914,28043,98213,2.454647699911291,0.24064323115108777
3811,0.4235,6,51,6,366581,309863,28049,98207,2.4542437587124573,0.2406621412992869
3812,0.4236,0,14,0,366595,309849,28049,98207,2.4541328728931693,0.24067039818064187
3813,0.4237,12,31,12,366626,309818,28061,98195,2.453887340007604,0.24066635131723743
3814,0.4238,7,39,7,366665,309779,28068,98188,2.4535784437967303,0.24067632921290202
3815,0.4239,1,9,1,366674,309770,28069,98187,2.45350716005576,0.24067977752557254
3816,0.424,32,168,32,366842,309602,28101,98155,2.4521765302243064,0.2407193500050275
3817,0.4241,1,6,1,366848,309596,28102,98154,2.4521290077303255,0.24072103004291845
3818,0.4242,22,162,22,367010,309434,28124,98132,2.4508459003928524,0.2407757271214969
3819,0.4243,6,79,6,367089,309355,28130,98126,2.450220187555443,0.24081122800817706
3820,0.4244,4,13,4,367102,309342,28134,98122,2.4501172221518184,0.2408114581901714
3821,0.4245,3,40,3,367142,309302,28137,98119,2.449800405525282,0.24082951050633128
3822,0.4246,1,18,1,367160,309284,28138,98118,2.4496578380433407,0.24083828748999758
3823,0.4247,8,54,8,367214,309230,28146,98110,2.4492301355975163,0.24085530515048853
3824,0.4248,6,22,6,367236,309208,28152,98104,2.4490558864529213,0.24085713163373532
3825,0.4249,0,10,0,367246,309198,28152,98104,2.448976682296287,0.24086304511148976
3826,0.425,222,1503,222,368749,307695,28374,97882,2.4370722975541756,0.24134011544047124
3827,0.4251,1,10,1,368759,307685,28375,97881,2.4369930933975414,0.24134419551934827
3828,0.4252,1,25,1,368784,307660,28376,97880,2.436795083005956,0.241357202742023
3829,0.4253,2,58,2,368842,307602,28378,97878,2.4363356988974783,0.2413879846108316
3830,0.4254,0,17,0,368859,307585,28378,97878,2.4362010518312003,0.24139810537582962
3831,0.4255,3,51,3,368910,307534,28381,97875,2.435797110632366,0.24142285938398012
3832,0.4256,0,19,0,368929,307515,28381,97875,2.4356466227347613,0.24143417449863094
3833,0.4257,16,85,16,369014,307430,28397,97859,2.434973387403371,0.24145486307301703
3834,0.4258,18,177,18,369191,307253,28415,97841,2.4335714738309466,0.2415266580102396
3835,0.4259,1,7,1,369198,307246,28416,97840,2.433516030921303,0.24152895928272022
3836,0.426,26,183,26,369381,307063,28442,97814,2.432066594854898,0.24158942098464473
3837,0.4261,0,7,0,369388,307056,28442,97814,2.4320111519452543,0.2415935979450194
3838,0.4262,10,40,10,369428,307016,28452,97804,2.4316943353187175,0.24159873524035375
3839,0.4263,4,28,4,369456,306988,28456,97800,2.431472563680142,0.24160795280492506
3840,0.4264,3,9,3,369465,306979,28459,97797,2.431401279939171,0.24160770401407197
3841,0.4265,12,40,12,369505,306939,28471,97785,2.4310844633126347,0.24160909656951404
3842,0.4266,0,7,0,369512,306932,28471,97785,2.431029020402991,0.24161327544926456
3843,0.4267,102,841,102,370353,306091,28573,97683,2.4243679508300597,0.24192493820800745
3844,0.4268,2,31,2,370384,306060,28575,97681,2.424122417944494,0.24193975840947538
3845,0.4269,1,12,1,370396,306048,28576,97680,2.424027372956533,0.24194507192961598
3846,0.427,5,71,5,370467,305977,28581,97675,2.42346502344443,0.2419782386808439
3847,0.4271,3,28,3,370495,305949,28584,97672,2.4232432518058546,0.24198939103763184
3848,0.4272,6,29,6,370524,305920,28590,97666,2.423013559751616,0.24199551025060334
3849,0.4273,8,52,8,370576,305868,28598,97658,2.422601698137118,0.24201166715403716
3850,0.4274,1,16,1,370592,305852,28599,97657,2.4224749714865035,0.24201938494556502
3851,0.4275,62,467,62,371059,305385,28661,97595,2.4187761373716894,0.24218323489999505
3852,0.4276,3,10,3,371069,305375,28664,97592,2.418696933215055,0.242183603123829
3853,0.4277,8,53,8,371122,305322,28672,97584,2.418277151184894,0.2422004139923456
3854,0.4278,3,32,3,371154,305290,28675,97581,2.418023697883665,0.24221400895075595
3855,0.4279,1,19,1,371173,305271,28676,97580,2.4178732099860603,0.24222355163571643
3856,0.428,14,126,14,371299,305145,28690,97566,2.41687523761247,0.24227299477789283
3857,0.4281,2,13,2,371312,305132,28692,97564,2.4167722722088456,0.24227705266503766
3858,0.4282,4,26,4,371338,305106,28696,97560,2.4165663414015968,0.24228516934630687
3859,0.4283,57,468,57,371806,304638,28753,97503,2.412859586871119,0.24245973427230746
3860,0.4284,0,5,0,371811,304633,28753,97503,2.412819984792802,0.24246274892076314
3861,0.4285,2,36,2,371847,304597,28755,97501,2.412534849828919,0.24248068878731055
3862,0.4286,4,23,4,371870,304574,28759,97497,2.4123526802686603,0.2424870234361593
3863,0.4287,7,50,7,371920,304524,28766,97490,2.4119566594854898,0.2425039923982747
3864,0.4288,4,34,4,371954,304490,28770,97486,2.411687365352934,0.24251696618703605
3865,0.4289,0,16,0,371970,304474,28770,97486,2.411560638702319,0.24252661956413574
3866,0.429,16,98,16,372068,304376,28786,97470,2.4107844379673047,0.242555605878869
3867,0.4291,3,13,3,372081,304363,28789,97467,2.41068147256368,0.2425577980738123
3868,0.4292,22,181,22,372262,304182,28811,97445,2.4092478773286023,0.24262562028947257
3869,0.4293,16,60,16,372322,304122,28827,97429,2.4087726523887976,0.2426316956003098
3870,0.4294,0,7,0,372329,304115,28827,97429,2.4087172094791534,0.24263592532823303
3871,0.4295,5,40,5,372369,304075,28832,97424,2.408400392852617,0.242650666626816
3872,0.4296,3,17,3,372386,304058,28835,97421,2.408265745786339,0.24265528209445575
3873,0.4297,6,45,6,372431,304013,28841,97415,2.407909327081485,0.24267116394471736
3874,0.4298,2,44,2,372475,303969,28843,97413,2.407560828792295,0.24269399225675292
3875,0.4299,1,10,1,372485,303959,28844,97412,2.4074816246356607,0.242698152083733
3876,0.43,519,3853,519,376338,300106,29363,96893,2.3769642630845267,0.24406358706193215
3877,0.4301,3,8,3,376346,300098,29366,96890,2.376900899759219,0.24406279283000998
3878,0.4302,2,29,2,376375,300069,29368,96888,2.3766712077049803,0.2440768143652839
3879,0.4303,8,47,8,376422,300022,29376,96880,2.3762989481687997,0.24409048077359147
3880,0.4304,3,14,3,376436,300008,29379,96877,2.376188062349512,0.24409337717474835
3881,0.4305,9,48,9,376484,299960,29388,96868,2.3758078823976683,0.24410575866622314
3882,0.4306,0,11,0,376495,299949,29388,96868,2.3757207578253707,0.2441125254210379
3883,0.4307,12,75,12,376570,299874,29400,96856,2.3751267266506146,0.2441358102487838
3884,0.4308,31,180,31,376750,299694,29431,96825,2.3737010518312003,0.24418754208499466
3885,0.4309,1,2,1,376752,299692,29432,96824,2.373685210999873,0.24418686761694358
3886,0.431,23,115,23,376867,299577,29455,96801,2.3727743631985807,0.2442138564703389
3887,0.4311,0,13,0,376880,299564,29455,96801,2.372671397794956,0.24422186620917588
3888,0.4312,7,42,7,376922,299522,29462,96794,2.372338740337093,0.24423439881306835
3889,0.4313,7,47,7,376969,299475,29469,96787,2.3719664808009124,0.24425001640328872
3890,0.4314,1,21,1,376990,299454,29470,96786,2.3718001520719807,0.2442610539067232
3891,0.4315,9,43,9,377033,299411,29479,96777,2.371459574198454,0.24427039688228822
3892,0.4316,1,8,1,377041,299403,29480,96776,2.371396210873147,0.24427342186234
3893,0.4317,59,486,59,377527,298917,29539,96717,2.3675468888607276,0.24446078951758443
3894,0.4318,6,36,6,377563,298881,29545,96711,2.3672617538968446,0.2444715767760723
3895,0.4319,1,12,1,377575,298869,29546,96710,2.3671667089088837,0.24447708295940887
3896,0.432,13,104,13,377679,298765,29559,96697,2.3663429856798883,0.24451654014797883
3897,0.4321,1,25,1,377704,298740,29560,96696,2.3661449752883033,0.2445300883075896
3898,0.4322,3,19,3,377723,298721,29563,96693,2.365994487390698,0.24453610646057045
3899,0.4323,8,49,8,377772,298672,29571,96685,2.365606387023191,0.2445511272090794
3900,0.4324,2,25,2,377797,298647,29573,96683,2.3654083766316054,0.24456277034376345
3901,0.4325,58,397,58,378194,298250,29631,96625,2.3622639716132303,0.24469768914213358
3902,0.4326,5,7,5,378201,298243,29636,96620,2.3622085287035866,0.2446924629555061
3903,0.4327,7,75,7,378276,298168,29643,96613,2.3616144975288305,0.24472555670105703
3904,0.4328,5,24,5,378300,298144,29648,96608,2.3614244075529083,0.244730869001297
3905,0.4329,2,25,2,378325,298119,29650,96606,2.361226397161323,0.2447425422762683
3906,0.433,13,77,13,378402,298042,29663,96593,2.36061652515524,0.24476541614403183
3907,0.4331,1,11,1,378413,298031,29664,96592,2.3605294005829425,0.24477032509509075
3908,0.4332,1,43,1,378456,297988,29665,96591,2.3601888227094157,0.2447950853948132
3909,0.4333,94,786,94,379242,297202,29759,96497,2.3539633759979726,0.24510349276985718
3910,0.4334,0,11,0,379253,297191,29759,96497,2.353876251425675,0.24511034118388164
3911,0.4335,16,45,16,379298,297146,29775,96481,2.353519832720821,0.24510767808102596
3912,0.4336,1,11,1,379309,297135,29776,96480,2.3534327081485236,0.24511261003772722
3913,0.4337,2,56,2,379365,297079,29778,96478,2.3529891648713726,0.2451436513643513
3914,0.4338,6,39,6,379404,297040,29784,96472,2.3526802686604995,0.24515643741486917
3915,0.4339,1,12,1,379416,297028,29785,96471,2.352585223672538,0.24516199532908597
3916,0.434,23,178,23,379594,296850,29808,96448,2.3511753896844505,0.24522880868959415
3917,0.4341,1,9,1,379603,296841,29809,96447,2.35110410594348,0.2452325013730396
3918,0.4342,28,171,28,379774,296670,29837,96419,2.349749714865036,0.24528541882372695
3919,0.4343,12,65,12,379839,296605,29849,96407,2.3492348878469143,0.2453029424037943
3920,0.4344,0,9,0,379848,296596,29849,96407,2.3491636041059434,0.24530855998554718
3921,0.4345,6,35,6,379883,296561,29855,96401,2.348886389557724,0.24531888579557312
3922,0.4346,3,21,3,379904,296540,29858,96398,2.3487200608287924,0.24532623467315454
3923,0.4347,6,52,6,379956,296488,29864,96392,2.3483081992142947,0.24534717980044798
3924,0.4348,2,37,2,379993,296451,29866,96390,2.3480151438347483,0.2453664459666888
3925,0.4349,0,9,0,380002,296442,29866,96390,2.347943860093778,0.24537206744868034
3926,0.435,215,1479,215,381481,294963,30081,96175,2.336229565327588,0.2458850840368361
3927,0.4351,0,10,0,381491,294953,30081,96175,2.3361503611709544,0.2458913705999059
3928,0.4352,3,32,3,381523,294921,30084,96172,2.335896907869725,0.24590570529260303
3929,0.4353,8,44,8,381567,294877,30092,96164,2.335548409580535,0.24591794722292548
3930,0.4354,3,12,3,381579,294865,30095,96161,2.3354533645925737,0.24591970866387403
3931,0.4355,6,39,6,381618,294826,30101,96155,2.3351444683817006,0.2459326668047808
3932,0.4356,2,8,2,381626,294818,30103,96153,2.3350811050563935,0.24593384164042859
3933,0.4357,7,73,7,381699,294745,30110,96146,2.334502914712964,0.2459662668109524
3934,0.4358,22,187,22,381886,294558,30132,96124,2.3330217969839055,0.24604153761883066
3935,0.4359,5,4,5,381890,294554,30137,96119,2.3329901153212522,0.24603440729203196
3936,0.436,16,159,16,382049,294395,30153,96103,2.331730769230769,0.24610369323274384
3937,0.4361,0,15,0,382064,294380,30153,96103,2.331611962995818,0.24611314705121606
3938,0.4362,3,51,3,382115,294329,30156,96100,2.331208021796984,0.2461395029570037
3939,0.4363,10,31,10,382146,294298,30166,96090,2.330962488911418,0.24613973790177976
3940,0.4364,1,11,1,382157,294287,30167,96089,2.3308753643391205,0.24614474250466217
3941,0.4365,8,48,8,382205,294239,30175,96081,2.3304951843872765,0.24615956138552983
3942,0.4366,0,7,0,382212,294232,30175,96081,2.3304397414776328,0.2461639760909834
3943,0.4367,127,822,127,383034,293410,30302,95954,2.3239291598023066,0.24643778058577578
3944,0.4368,6,33,6,383067,293377,30308,95948,2.3236677860854136,0.2464470558017081
3945,0.4369,1,13,1,383080,293364,30309,95947,2.3235648206817894,0.24645334963563834
3946,0.437,12,91,12,383171,293273,30321,95935,2.3228440628564186,0.24648773920371628
3947,0.4371,3,26,3,383197,293247,30324,95932,2.32263813204917,0.24649839790944528
3948,0.4372,3,29,3,383226,293218,30327,95929,2.322408439994931,0.24651095858377425
3949,0.4373,5,57,5,383283,293161,30332,95924,2.321956976302116,0.24653738900240307
3950,0.4374,1,4,1,383287,293157,30333,95923,2.321925294639463,0.2465379870463658
3951,0.4375,63,425,63,383712,292732,30396,95860,2.318559117982512,0.24668546959278626
3952,0.4376,0,14,0,383726,292718,30396,95860,2.318448232163224,0.24669435737483852
3953,0.4377,8,49,8,383775,292669,30404,95852,2.3180601317957166,0.24670995904983256
3954,0.4378,7,24,7,383799,292645,30411,95845,2.317870041819795,0.2467116270689078
3955,0.4379,3,16,3,383815,292629,30414,95842,2.31774331516918,0.24671597107634805
3956,0.438,12,114,12,383929,292515,30426,95830,2.316840387783551,0.24676511864450423
3957,0.4381,1,9,1,383938,292506,30427,95829,2.31676910404258,0.2467688979875623
3958,0.4382,7,34,7,383972,292472,30434,95822,2.3164998099100242,0.2467769267616806
3959,0.4383,69,454,69,384426,292018,30503,95753,2.312903941198834,0.24693182316367135
3960,0.4384,0,13,0,384439,292005,30503,95753,2.3128009757952097,0.24694010181608117
3961,0.4385,11,57,11,384496,291948,30514,95742,2.312349512102395,0.24695504139905594
3962,0.4386,2,18,2,384514,291930,30516,95740,2.3122069446204536,0.24696262284933063
3963,0.4387,6,47,6,384561,291883,30522,95734,2.311834685084273,0.246980911569926
3964,0.4388,4,34,4,384595,291849,30526,95730,2.311565390951717,0.24699480622015124
3965,0.4389,1,11,1,384606,291838,30527,95729,2.3114782663794196,0.24699987357024722
3966,0.439,10,115,10,384721,291723,30537,95719,2.310567418578127,0.24705375256167375
3967,0.4391,4,4,4,384725,291719,30541,95715,2.3105357369154733,0.2470485295560018
3968,0.4392,23,173,23,384898,291546,30564,95692,2.3091655050057027,0.24711417784411654
3969,0.4393,14,75,14,384973,291471,30578,95678,2.3085714738309466,0.24713482405998724
3970,0.4394,0,5,0,384978,291466,30578,95678,2.3085318717526295,0.24713801582873557
3971,0.4395,5,41,5,385019,291425,30583,95673,2.30820713471043,0.24715446734418675
3972,0.4396,4,23,4,385042,291402,30587,95669,2.308024965150171,0.2471613734947852
3973,0.4397,6,47,6,385089,291355,30593,95663,2.307652705613991,0.2471797177392266
3974,0.4398,6,32,6,385121,291323,30599,95657,2.3073992523127616,0.24718848519303324
3975,0.4399,1,5,1,385126,291318,30600,95656,2.3073596502344444,0.24718973367719796
3976,0.44,478,3749,478,388875,287569,31078,95178,2.2776660119123053,0.24867079297812916
3977,0.4401,2,8,2,388883,287561,31080,95176,2.277602648586998,0.24867206462923627
3978,0.4402,1,35,1,388918,287526,31081,95175,2.2773254340387785,0.2486928437605337
3979,0.4403,7,38,7,388956,287488,31088,95168,2.277024458243569,0.24870379662150863
3980,0.4404,4,19,4,388975,287469,31092,95164,2.2768739703459637,0.24870829228006994
3981,0.4405,3,40,3,389015,287429,31095,95161,2.2765571537194274,0.24872840377427533
3982,0.4406,1,7,1,389022,287422,31096,95160,2.276501710809783,0.2487309910032359
3983,0.4407,11,72,11,389094,287350,31107,95149,2.2759314408820175,0.24875620589857753
3984,0.4408,13,169,13,389263,287181,31120,95136,2.2745928906349007,0.24884062178767882
3985,0.4409,3,7,3,389270,287174,31123,95133,2.2745374477252565,0.2488392836123848
3986,0.441,15,119,15,389389,287055,31138,95118,2.27359491826131,0.248887284031054
3987,0.4411,2,7,2,389396,287048,31140,95116,2.2735394753516665,0.24888791199589705
3988,0.4412,4,32,4,389428,287016,31144,95112,2.273286022050437,0.24890089184775782
3989,0.4413,5,38,5,389466,286978,31149,95107,2.2729850462552275,0.2489158171611029
3990,0.4414,3,21,3,389487,286957,31152,95104,2.2728187175262957,0.24892360120504317
3991,0.4415,7,46,7,389533,286911,31159,95097,2.272454378405779,0.24893981277878996
3992,0.4416,1,6,1,389539,286905,31160,95096,2.272406855911798,0.248941756696972
3993,0.4417,73,504,73,390043,286401,31233,95023,2.2684149664174376,0.24912695582868408
3994,0.4418,6,30,6,390073,286371,31239,95017,2.268177353947535,0.249134739425467
3995,0.4419,4,13,4,390086,286358,31243,95013,2.2680743885439107,0.24913535638525217
3996,0.442,13,107,13,390193,286251,31256,95000,2.2672269040679254,0.24917967428282156
3997,0.4421,0,11,0,390204,286240,31256,95000,2.267139779495628,0.2491868639177421
3998,0.4422,6,30,6,390234,286210,31262,94994,2.2669021670257257,0.24919465692909834
3999,0.4423,5,49,5,390283,286161,31267,94989,2.2665140666582184,0.2492168437622983
4000,0.4424,0,19,0,390302,286142,31267,94989,2.2663635787606133,0.24922926762714132
4001,0.4425,59,411,59,390713,285731,31326,94930,2.2631082879229503,0.24938199605423197
4002,0.4426,0,16,0,390729,285715,31326,94930,2.2629815612723356,0.24939247855613497
4003,0.4427,10,55,10,390784,285660,31336,94920,2.262545938410848,0.24940879709916444
4004,0.4428,1,25,1,390809,285635,31337,94919,2.2623479280192624,0.2494232093211476
4005,0.4429,8,25,8,390834,285610,31345,94911,2.262149917627677,0.2494238162939759
4006,0.443,11,76,11,390910,285534,31356,94900,2.2615479660372575,0.2494519417297087
4007,0.4431,2,18,2,390928,285516,31358,94898,2.261405398555316,0.249459799061023
4008,0.4432,3,38,3,390966,285478,31361,94895,2.2611044227601065,0.24947880107157974
4009,0.4433,120,855,120,391821,284623,31481,94775,2.2543324673678873,0.24980363628695987
4010,0.4434,2,7,2,391828,284616,31483,94773,2.2542770244582435,0.24980429058301637
4011,0.4435,6,36,6,391864,284580,31489,94767,2.2539918894943605,0.24981613140475606
4012,0.4436,1,15,1,391879,284565,31490,94766,2.2538730832594096,0.24982403230951333
4013,0.4437,4,34,4,391913,284531,31494,94762,2.253603789126853,0.24983851534301976
4014,0.4438,6,21,6,391934,284510,31500,94756,2.2534374603979215,0.24984048135081974
4015,0.4439,1,12,1,391946,284498,31501,94755,2.2533424154099606,0.2498464085979544
4016,0.444,22,162,22,392108,284336,31523,94733,2.2520593080724876,0.24990964705634067
4017,0.4441,0,8,0,392116,284328,31523,94733,2.2519959447471805,0.2499149213451133
4018,0.4442,28,179,28,392295,284149,31551,94705,2.2505781903434294,0.24997756391644274
4019,0.4443,12,55,12,392350,284094,31563,94693,2.2501425674819413,0.24999009997703195
4020,0.4444,0,2,0,392352,284092,31563,94693,2.2501267266506146,0.24999141993479151
4021,0.4445,9,32,9,392384,284060,31572,94684,2.2498732733493854,0.24999471938829393
4022,0.4446,3,23,3,392407,284037,31575,94681,2.249691103789127,0.2500039607306756
4023,0.4447,12,54,12,392461,283983,31587,94669,2.2492634013433026,0.2500158456841638
4024,0.4448,2,30,2,392491,283953,31589,94667,2.2490257888734,0.25003169404680153
4025,0.4449,2,11,2,392502,283942,31591,94665,2.2489386643011025,0.25003499671162976
4026,0.445,199,1459,199,393961,282483,31790,94466,2.2373827778481816,0.2506068460189575
4027,0.4451,1,13,1,393974,282470,31791,94465,2.237279812444557,0.25061350100149893
4028,0.4452,5,32,5,394006,282438,31796,94460,2.2370263591433277,0.25062483748918807
4029,0.4453,17,33,17,394039,282405,31813,94443,2.236764985426435,0.2506129792383136
4030,0.4454,1,14,1,394053,282391,31814,94442,2.2366540996071476,0.2506203013005761
4031,0.4455,6,29,6,394082,282362,31820,94436,2.2364244075529083,0.2506276572593273
4032,0.4456,0,11,0,394093,282351,31820,94436,2.2363372829806107,0.25063497413658115
4033,0.4457,12,68,12,394161,282283,31832,94424,2.235798694715499,0.25065634564794387
4034,0.4458,19,155,19,394316,282128,31851,94405,2.2345710302876696,0.25072171629047124
4035,0.4459,2,15,2,394331,282113,31853,94403,2.2344522240527183,0.25072772471820587
4036,0.446,26,162,26,394493,281951,31879,94377,2.233169116715245,0.25078389064858314
4037,0.4461,1,18,1,394511,281933,31880,94376,2.233026549233304,0.2507938954423094
4038,0.4462,4,49,4,394560,281884,31884,94372,2.2326384488657967,0.2508185915972104
4039,0.4463,7,37,7,394597,281847,31891,94365,2.2323453934862503,0.25082931963892696
4040,0.4464,3,18,3,394615,281829,31894,94362,2.2322028260043085,0.25083534693812454
4041,0.4465,8,36,8,394651,281793,31902,94354,2.231917691040426,0.25084342025856915
4042,0.4466,4,12,4,394663,281781,31906,94350,2.231822646052465,0.25084345613629294
4043,0.4467,130,778,130,395441,281003,32036,94220,2.2256605626663286,0.2511040101486316
4044,0.4468,2,30,2,395471,280973,32038,94218,2.2254229501964264,0.2511200961643536
4045,0.4469,1,9,1,395480,280964,32039,94217,2.2253516664554556,0.2511241240894395
4046,0.447,13,72,13,395552,280892,32052,94204,2.22478139652769,0.2511463731951287
4047,0.4471,3,19,3,395571,280873,32055,94201,2.224630908630085,0.2511531057871247
4048,0.4472,6,18,6,395589,280855,32061,94195,2.2244883411481435,0.25115317957605654
4049,0.4473,12,56,12,395645,280799,32073,94183,2.224044797870992,0.2511667226693548
4050,0.4474,0,10,0,395655,280789,32073,94183,2.2239655937143583,0.25117342094876416
4051,0.4475,71,454,71,396109,280335,32144,94112,2.220369725003168,0.2513359701105897
4052,0.4476,3,7,3,396116,280328,32147,94109,2.220314282093524,0.2513346704519051
4053,0.4477,5,52,5,396168,280276,32152,94104,2.2199024204790265,0.25135958117420804
4054,0.4478,1,20,1,396188,280256,32153,94103,2.2197440121657586,0.2513710101800678
4055,0.4479,2,20,2,396208,280236,32155,94101,2.21958560385249,0.25138044061901443
4056,0.448,24,115,24,396323,280121,32179,94077,2.2186747560511977,0.2514096815055131
4057,0.4481,2,13,2,396336,280108,32181,94075,2.218571790647573,0.2514144148718675
4058,0.4482,7,30,7,396366,280078,32188,94068,2.218334178177671,0.25142056844119676
4059,0.4483,53,450,53,396816,279628,32241,94015,2.2147699911291343,0.2516171853881914
4060,0.4484,0,11,0,396827,279617,32241,94015,2.2146828665568368,0.2516245931825968
4061,0.4485,9,53,9,396880,279564,32250,94006,2.2142630845266758,0.25164226249431165
4062,0.4486,3,22,3,396902,279542,32253,94003,2.2140888353820807,0.25165107282924415
4063,0.4487,8,48,8,396950,279494,32261,93995,2.2137086554302368,0.2516673851170985
4064,0.4488,7,31,7,396981,279463,32268,93988,2.2134631225446713,0.2516742490982753
4065,0.4489,2,6,2,396987,279457,32270,93986,2.213415600050691,0.25167428496450595
4066,0.449,17,108,17,397095,279349,32287,93969,2.212560195159042,0.25171301678461794
4067,0.4491,1,4,1,397099,279345,32288,93968,2.2125285134963883,0.25171370940738735
4068,0.4492,24,175,24,397274,279170,32312,93944,2.2111424407552907,0.25178363717255314
4069,0.4493,8,56,8,397330,279114,32320,93936,2.2106988974781396,0.251805388017692
4070,0.4494,1,8,1,397338,279106,32321,93935,2.2106355341528325,0.25180878241265703
4071,0.4495,3,35,3,397373,279071,32324,93932,2.210358319604613,0.25182639281721597
4072,0.4496,2,20,2,397393,279051,32326,93930,2.2101999112913444,0.2518358844016183
4073,0.4497,7,39,7,397432,279012,32333,93923,2.2098910150804714,0.2518481772963117
4074,0.4498,2,29,2,397461,278983,32335,93921,2.2096613230262325,0.2518637504558814
4075,0.4499,2,11,2,397472,278972,32337,93919,2.209574198453935,0.2518671676173466
4076,0.45,496,3776,496,401248,275196,32833,93423,2.1796667089088837,0.2534405443018401
4077,0.4501,2,9,2,401257,275187,32835,93421,2.179595425167913,0.2534426816563938
4078,0.4502,6,45,6,401302,275142,32841,93415,2.1792390064630593,0.2534614727165676
4079,0.4503,6,32,6,401334,275110,32847,93409,2.17898555316183,0.25347132712288917
4080,0.4504,5,5,5,401339,275105,32852,93404,2.178945951083513,0.2534646372273133
4081,0.4505,7,36,7,401375,275069,32859,93397,2.17866081611963,0.25347521888043945
4082,0.4506,0,17,0,401392,275052,32859,93397,2.178526169053352,0.2534869140640903
4083,0.4507,8,49,8,401441,275003,32867,93389,2.1781380686858447,0.2535044192056288
4084,0.4508,32,192,32,401633,274811,32899,93357,2.176617348878469,0.25357173898872254
4085,0.4509,1,14,1,401647,274797,32900,93356,2.1765064630591815,0.25357935423587474
4086,0.451,12,105,12,401752,274692,32912,93344,2.175674819414523,0.253627362540621
4087,0.4511,2,6,2,401758,274686,32914,93342,2.1756272969205424,0.253627441390329
4088,0.4512,7,32,7,401790,274654,32921,93335,2.175373843619313,0.25363529888121655
4089,0.4513,5,50,5,401840,274604,32926,93330,2.1749778228361425,0.25365962373686585
4090,0.4514,4,19,4,401859,274585,32930,93326,2.1748273349385374,0.25366460910383215
4091,0.4515,1,52,1,401911,274533,32931,93325,2.17441547332404,0.25369843798422215
4092,0.4516,1,6,1,401917,274527,32932,93324,2.1743679508300597,0.25370054723243923
4093,0.4517,88,473,88,402390,274054,33020,93236,2.1706215942212648,0.2538484576220425
4094,0.4518,2,34,2,402424,274020,33022,93234,2.170352300088709,0.2538678952441634
4095,0.4519,1,15,1,402439,274005,33023,93233,2.1702334938537575,0.2538762328517201
4096,0.452,13,86,13,402525,273919,33036,93220,2.169552338106704,0.2539092823154173
4097,0.4521,2,21,2,402546,273898,33038,93218,2.169386009377772,0.25391974198890815
4098,0.4522,4,17,4,402563,273881,33042,93214,2.169251362311494,0.25392337133439574
4099,0.4523,4,42,4,402605,273839,33046,93210,2.1689187048536307,0.2539442962656212
4100,0.4524,3,12,3,402617,273827,33049,93207,2.16882365986567,0.2539465008691293
4101,0.4525,59,420,59,403037,273407,33108,93148,2.165497085287036,0.2541173902961356
4102,0.4526,0,18,0,403055,273389,33108,93148,2.1653545178050946,0.25412986956296363
4103,0.4527,7,50,7,403105,273339,33115,93141,2.1649584970219236,0.25415029469548134
4104,0.4528,5,36,5,403141,273303,33120,93136,2.164673362058041,0.2541650861398487
4105,0.4529,5,20,5,403161,273283,33125,93131,2.1645149537447725,0.25416878176052227
4106,0.453,16,69,16,403230,273214,33141,93115,2.163968445063997,0.2541840804304328
4107,0.4531,1,10,1,403240,273204,33142,93114,2.1638892409073627,0.2541889833423419
4108,0.4532,5,27,5,403267,273177,33147,93109,2.1636753896844505,0.2541975396275042
4109,0.4533,136,790,136,404057,272387,33283,92973,2.1574182613103536,0.2544695642653821
4110,0.4534,1,5,1,404062,272382,33284,92972,2.1573786592320365,0.25447100620220386
4111,0.4535,4,45,4,404107,272337,33288,92968,2.157022240527183,0.25449418978661664
4112,0.4536,6,22,6,404129,272315,33294,92962,2.1568479913825875,0.2544972719333547
4113,0.4537,9,31,9,404160,272284,33303,92953,2.156602458497022,0.25450050241350136
4114,0.4538,6,34,6,404194,272250,33309,92947,2.1563331643644656,0.2545119483456874
4115,0.4539,2,12,2,404206,272238,33311,92945,2.156238119376505,0.25451622884964525
4116,0.454,19,166,19,404372,272072,33330,92926,2.154923330376378,0.2545931758530184
4117,0.4541,2,6,2,404378,272066,33332,92924,2.1548758078823975,0.2545932765281241
4118,0.4542,26,159,26,404537,271907,33358,92898,2.153616461791915,0.2546511149792355
4119,0.4543,11,81,11,404618,271826,33369,92887,2.1529749081231784,0.2546851908212759
4120,0.4544,0,9,0,404627,271817,33369,92887,2.1529036243822075,0.254691475826972
4121,0.4545,4,33,4,404660,271784,33373,92883,2.152642250665315,0.2547063485316741
4122,0.4546,0,17,0,404677,271767,33373,92883,2.152507603599037,0.2547182229535171
4123,0.4547,9,33,9,404710,271734,33382,92874,2.1522462298821443,0.2547228804634018
4124,0.4548,6,29,6,404739,271705,33388,92868,2.152016537827905,0.2547308769437122
4125,0.4549,1,13,1,404752,271692,33389,92867,2.151913572424281,0.25473791622206554
4126,0.455,231,1449,231,406201,270243,33620,92636,2.1404368901279938,0.2552806858484509
4127,0.4551,0,6,0,406207,270237,33620,92636,2.1403893676340133,0.25528490684068533
4128,0.4552,7,40,7,406247,270197,33627,92629,2.140072551007477,0.2552986831153225
4129,0.4553,11,42,11,406289,270155,33638,92618,2.1397398935496135,0.2553056594619776
4130,0.4554,1,11,1,406300,270144,33639,92617,2.139652768977316,0.2553113482430581
4131,0.4555,7,27,7,406327,270117,33646,92610,2.1394389177544038,0.25531598144058754
4132,0.4556,1,12,1,406339,270105,33647,92609,2.139343872766443,0.25532237520470674
4133,0.4557,15,62,15,406401,270043,33662,92594,2.138852806995311,0.25533522503219475
4134,0.4558,22,167,22,406568,269876,33684,92572,2.137530097579521,0.2554076722729881
4135,0.4559,0,2,0,406570,269874,33684,92572,2.137514256748194,0.25540908162871157
4136,0.456,24,175,24,406745,269699,33708,92548,2.1361281840070965,0.25548313719644333
4137,0.4561,3,16,3,406761,269683,33711,92545,2.1360014573564823,0.2554882560155482
4138,0.4562,6,43,6,406804,269640,33717,92539,2.1356608794829555,0.2555062551942548
4139,0.4563,6,55,6,406859,269585,33723,92533,2.1352252566214673,0.25553272690117584
4140,0.4564,1,12,1,406871,269573,33724,92532,2.1351302116335065,0.2555391391999558
4141,0.4565,5,50,5,406921,269523,33729,92527,2.134734190850336,0.25556414859825993
4142,0.4566,2,10,2,406931,269513,33731,92525,2.1346549866937017,0.2555670951668057
4143,0.4567,111,756,111,407687,268757,33842,92414,2.1286671524521608,0.2558732567121945
4144,0.4568,10,39,10,407726,268718,33852,92404,2.1283582562412877,0.25588028422527564
4145,0.4569,0,9,0,407735,268709,33852,92404,2.128286972500317,0.2558866615159244
4146,0.457,8,61,8,407796,268648,33860,92396,2.1278038271448487,0.2559134066761946
4147,0.4571,4,23,4,407819,268625,33864,92392,2.12762165758459,0.2559214663021409
4148,0.4572,7,31,7,407850,268594,33871,92385,2.1273761246990244,0.2559290152612756
4149,0.4573,13,70,13,407920,268524,33884,92372,2.1268216956025854,0.2559518531654549
4150,0.4574,3,17,3,407937,268507,33887,92369,2.126687048536307,0.25595772509116704
4151,0.4575,69,427,69,408364,268080,33956,92300,2.1233050310480293,0.2561185415394861
4152,0.4576,1,9,1,408373,268071,33957,92299,2.123233747307059,0.2561228737131282
4153,0.4577,6,60,6,408433,268011,33963,92293,2.122758522367254,0.2561531373506816
4154,0.4578,5,24,5,408457,267987,33968,92288,2.122568432391332,0.2561598778710707
4155,0.4579,7,18,7,408475,267969,33975,92281,2.1224258649093906,0.25615822345593336
4156,0.458,15,100,15,408575,267869,33990,92266,2.121633823343049,0.2561983700556736
4157,0.4581,0,14,0,408589,267855,33990,92266,2.1215229375237614,0.2562083299779796
4158,0.4582,5,30,5,408619,267825,33995,92261,2.121285325053859,0.25621934760029547
4159,0.4583,91,468,91,409087,267357,34086,92170,2.117578570523381,0.2563646123935059
4160,0.4584,0,10,0,409097,267347,34086,92170,2.1174993663667467,0.2563717431999043
4161,0.4585,10,46,10,409143,267301,34096,92160,2.11713502724623,0.2563838636180281
4162,0.4586,6,19,6,409162,267282,34102,92154,2.116984539348625,0.25638500317163554
4163,0.4587,6,47,6,409209,267235,34108,92148,2.1166122798124447,0.2564061182638021
4164,0.4588,6,37,6,409246,267198,34114,92142,2.1163192244328983,0.2564201035231257
4165,0.4589,1,11,1,409257,267187,34115,92141,2.116232099860601,0.25642588387211684
4166,0.459,15,99,15,409356,267088,34130,92126,2.1154479787099225,0.25646550524200057
4167,0.4591,3,5,3,409361,267083,34133,92123,2.1154083766316054,0.2564628653196216
4168,0.4592,30,152,30,409513,266931,34163,92093,2.1142044734507666,0.25650931414055883
4169,0.4593,14,74,14,409587,266857,34177,92079,2.1136183626916742,0.2565331981188847
4170,0.4594,1,10,1,409597,266847,34178,92078,2.11353915853504,0.25653827401267676
4171,0.4595,2,37,2,409634,266810,34180,92076,2.1132461031554937,0.2565605791254047
4172,0.4596,1,17,1,409651,266793,34181,92075,2.1131114560892157,0.25657066107872534
4173,0.4597,3,46,3,409697,266747,34184,92072,2.1127471169686984,0.2565973373762259
4174,0.4598,2,31,2,409728,266716,34186,92070,2.1125015840831325,0.25661536403315627
4175,0.4599,0,16,0,409744,266700,34186,92070,2.112374857432518,0.2566268082615603
4176,0.46,545,3525,545,413269,263175,34731,91525,2.0844553922189837,0.25803495912038343
4177,0.4601,1,8,1,413277,263167,34732,91524,2.084392028893676,0.2580386871953334
4178,0.4602,3,26,3,413303,263141,34735,91521,2.0841860980864277,0.2580513277430342
4179,0.4603,5,38,5,413341,263103,34740,91516,2.083885122291218,0.258068518607294
4180,0.4604,6,19,6,413360,263084,34746,91510,2.083734634393613,0.2580697924950789
4181,0.4605,2,25,2,413385,263059,34748,91508,2.0835366240020274,0.2580838036252669
4182,0.4606,2,19,2,413404,263040,34750,91506,2.083386136104423,0.2580934490870014
4183,0.4607,8,78,8,413482,262962,34758,91498,2.0827683436826763,0.25813349884331094
4184,0.4608,22,166,22,413648,262796,34780,91476,2.08145355468255,0.25820838225995846
4185,0.4609,0,4,0,413652,262792,34780,91476,2.081421873019896,0.2582112976616573
4186,0.461,13,113,13,413765,262679,34793,91463,2.0805268660499303,0.25826645808743387
4187,0.4611,1,9,1,413774,262670,34794,91462,2.0804555823089594,0.2582709272248766
4188,0.4612,12,26,12,413800,262644,34806,91450,2.0802496515017106,0.2582647545566996
4189,0.4613,5,58,5,413858,262586,34811,91445,2.079790267393233,0.2582965898466518
4190,0.4614,2,14,2,413872,262572,34813,91443,2.079679381573945,0.25830261429600443
4191,0.4615,6,43,6,413915,262529,34819,91437,2.079338803700418,0.2583214207014233
4192,0.4616,2,8,2,413923,262521,34821,91435,2.079275440375111,0.2583230684039824
4193,0.4617,80,449,80,414372,262072,34901,91355,2.075719173742238,0.25848336431568614
4194,0.4618,3,27,3,414399,262045,34904,91352,2.0755053225193256,0.25849681802618585
4195,0.4619,5,9,5,414408,262036,34909,91347,2.075434038778355,0.25849290995888313
4196,0.462,13,98,13,414506,261938,34922,91334,2.0746578380433407,0.2585373310084015
4197,0.4621,1,13,1,414519,261925,34923,91333,2.074554872639716,0.2585447463327087
4198,0.4622,3,26,3,414545,261899,34926,91330,2.074348941832467,0.25855747970863097
4199,0.4623,9,58,9,414603,261841,34935,91321,2.0738895577239895,0.2585810477910987
4200,0.4624,5,16,5,414619,261825,34940,91316,2.073762831073375,0.25858226600706236
4201,0.4625,71,395,71,415014,261430,35011,91245,2.070634266886326,0.2587226199758985
4202,0.4626,0,10,0,415024,261420,35011,91245,2.0705550627296923,0.25872995619071926
4203,0.4627,6,53,6,415077,261367,35017,91239,2.0701352806995312,0.25875623216848265
4204,0.4628,2,25,2,415102,261342,35019,91237,2.0699372703079457,0.258770374866342
4205,0.4629,6,25,6,415127,261317,35025,91231,2.06973925991636,0.25877610991978395
4206,0.463,16,79,16,415206,261238,35041,91215,2.069113547078951,0.25880046417536523
4207,0.4631,0,9,0,415215,261229,35041,91215,2.06904226333798,0.25880707289668714
4208,0.4632,6,28,6,415243,261201,35047,91209,2.0688204916994044,0.25881501659998296
4209,0.4633,117,752,117,415995,260449,35164,91092,2.0628643391205173,0.2591219800819819
4210,0.4634,1,9,1,416004,260440,35165,91091,2.0627930553795464,0.25912650662388237
4211,0.4635,5,49,5,416053,260391,35170,91086,2.062404955012039,0.2591520924555519
4212,0.4636,4,7,4,416060,260384,35174,91082,2.062349512102395,0.2591488223611957
4213,0.4637,5,29,5,416089,260355,35179,91077,2.062119820048156,0.25915966673495866
4214,0.4638,4,31,4,416120,260324,35183,91073,2.06187428716259,0.2591740965346887
4215,0.4639,1,11,1,416131,260313,35184,91072,2.0617871625902926,0.25918010159796234
4216,0.464,29,149,29,416280,260164,35213,91043,2.060607020656444,0.2592288878069059
4217,0.4641,1,5,1,416285,260159,35214,91042,2.060567418578127,0.2592304691615343
4218,0.4642,21,185,21,416470,259974,35235,91021,2.059102141680395,0.2593227823758173
4219,0.4643,8,70,8,416540,259904,35243,91013,2.058547712583956,0.25935762587734423
4220,0.4644,2,12,2,416552,259892,35245,91011,2.0584526675959953,0.2593622739047543
4221,0.4645,8,34,8,416586,259858,35253,91003,2.0581833734634394,0.25937051994949567
4222,0.4646,4,13,4,416599,259845,35257,90999,2.058080408059815,0.25937168656154874
4223,0.4647,6,43,6,416642,259802,35263,90993,2.0577398301862884,0.25939081229778077
4224,0.4648,3,33,3,416675,259769,35266,90990,2.0574784564693953,0.2594088818818619
4225,0.4649,1,8,1,416683,259761,35267,90989,2.057415093144088,0.2594126870990734
4226,0.465,237,1343,237,418026,258418,35504,90752,2.046777974908123,0.2599077813099636
4227,0.4651,2,10,2,418036,258408,35506,90750,2.046698770751489,0.2599109858574055
4228,0.4652,7,36,7,418072,258372,35513,90743,2.046413635787606,0.2599229480257222
4229,0.4653,6,42,6,418114,258330,35519,90737,2.046080978329743,0.259941501201775
4230,0.4654,1,15,1,418129,258315,35520,90736,2.0459621720947916,0.25995055163858577
4231,0.4655,10,30,10,418159,258285,35530,90726,2.045724559624889,0.25995169206701224
4232,0.4656,1,3,1,418162,258282,35531,90725,2.045700798377899,0.25995180612423247
4233,0.4657,10,48,10,418210,258234,35541,90715,2.045320618426055,0.259966356115077
4234,0.4658,32,165,32,418375,258069,35573,90683,2.0440137498415916,0.2600214479056751
4235,0.4659,0,9,0,418384,258060,35573,90683,2.043942466100621,0.2600281582712771
4236,0.466,16,140,16,418524,257920,35589,90667,2.042833607907743,0.2600986267416742
4237,0.4661,1,15,1,418539,257905,35590,90666,2.042714801672792,0.26010769685372565
4238,0.4662,6,34,6,418573,257871,35596,90660,2.042445507540236,0.2601203336288594
4239,0.4663,5,40,5,418613,257831,35601,90655,2.042128690913699,0.2601395751909689
4240,0.4664,3,8,3,418621,257823,35604,90652,2.042065327588392,0.26013917784633045
4241,0.4665,7,43,7,418664,257780,35611,90645,2.041724749714865,0.2601564181674679
4242,0.4666,2,5,2,418669,257775,35613,90643,2.041685147636548,0.26015590468919514
4243,0.4667,117,760,117,419429,257015,35730,90526,2.0356656317323534,0.2604757424303895
4244,0.4668,6,47,6,419476,256968,35736,90520,2.035293372196173,0.2604982042545354
4245,0.4669,2,11,2,419487,256957,35738,90518,2.0352062476238753,0.260502194402475
4246,0.467,9,74,9,419561,256883,35747,90509,2.0346201368647825,0.2605385270817981
4247,0.4671,8,18,8,419579,256865,35755,90501,2.034477569382841,0.26053499766816557
4248,0.4672,0,34,0,419613,256831,35755,90501,2.0342082752502852,0.26056050119194313
4249,0.4673,8,67,8,419680,256764,35763,90493,2.0336776074008363,0.26059373893110865
4250,0.4674,2,15,2,419695,256749,35765,90491,2.0335588011658854,0.2606007372422532
4251,0.4675,68,448,68,420143,256301,35833,90423,2.0300104549486755,0.2607924458647224
4252,0.4676,4,14,4,420157,256287,35837,90419,2.029899569129388,0.2607944483222096
4253,0.4677,11,66,11,420223,256221,35848,90408,2.0293768216956027,0.26082064685874523
4254,0.4678,5,22,5,420245,256199,35853,90403,2.0292025725510077,0.2608265387966601
4255,0.4679,1,10,1,420255,256189,35854,90402,2.0291233683943735,0.2608319315850671
4256,0.468,17,113,17,420368,256076,35871,90385,2.0282283614244077,0.2608807340508744
4257,0.4681,5,14,5,420382,256062,35876,90380,2.0281174756051197,0.2608806091640159
4258,0.4682,5,25,5,420407,256037,35881,90375,2.0279194652135346,0.2608887682874727
4259,0.4683,67,437,67,420844,255600,35948,90308,2.0244582435686227,0.2610751991859107
4260,0.4684,1,12,1,420856,255588,35949,90307,2.0243631985806614,0.2610821202966218
4261,0.4685,0,42,0,420898,255546,35949,90307,2.0240305411227983,0.26111382581617043
4262,0.4686,3,16,3,420914,255530,35952,90304,2.0239038144721837,0.2611194966371149
4263,0.4687,10,36,10,420950,255494,35962,90294,2.0236186795083007,0.2611253137760709
4264,0.4688,1,29,1,420979,255465,35963,90293,2.0233889874540614,0.2611450783495971
4265,0.4689,4,12,4,420991,255453,35967,90289,2.0232939424661005,0.2611455941135297
4266,0.469,17,95,17,421086,255358,35984,90272,2.0225415029780764,0.26118103173914303
4267,0.4691,3,5,3,421091,255353,35987,90269,2.0225019008997593,0.26117839720851105
4268,0.4692,27,188,27,421279,255165,36014,90242,2.0210128627550374,0.26126280011696346
4269,0.4693,12,75,12,421354,255090,36026,90230,2.0204188315802813,0.2612938723502838
4270,0.4694,1,17,1,421371,255073,36027,90229,2.0202841845140034,0.26130459713526133
4271,0.4695,5,50,5,421421,255023,36032,90224,2.019888163730833,0.26133174220195976
4272,0.4696,5,20,5,421441,255003,36037,90219,2.0197297554175644,0.2613361836731147
4273,0.4697,7,27,7,421468,254976,36044,90212,2.019515904194652,0.26134164571190194
4274,0.4698,4,43,4,421511,254933,36048,90208,2.0191753263211254,0.26136564476547264
4275,0.4699,1,10,1,421521,254923,36049,90207,2.019096122164491,0.2613710775649755
4276,0.47,531,3535,531,425056,251388,36580,89676,1.9910974527943226,0.26293012455140385
4277,0.4701,2,11,2,425067,251377,36582,89674,1.991010328222025,0.2629342825559814
4278,0.4702,3,33,3,425100,251344,36585,89671,1.9907489545051325,0.2629532425259886
4279,0.4703,8,38,8,425138,251306,36593,89663,1.9904479787099227,0.2629652549058712
4280,0.4704,3,21,3,425159,251285,36596,89660,1.990281649980991,0.2629749666368476
4281,0.4705,3,36,3,425195,251249,36599,89657,1.9899965150171082,0.26299625116601055
4282,0.4706,1,9,1,425204,251240,36600,89656,1.9899252312761373,0.26300103257298413
4283,0.4707,11,71,11,425275,251169,36611,89645,1.989362881764035,0.26303203506898193
4284,0.4708,29,156,29,425431,251013,36640,89616,1.9881272969205424,0.26308975454233197
4285,0.4709,2,7,2,425438,251006,36642,89614,1.9880718540108986,0.26309083436087133
4286,0.471,19,87,19,425525,250919,36661,89595,1.9873827778481814,0.2631169349865204
4287,0.4711,3,8,3,425533,250911,36664,89592,1.987319414522874,0.26311662452313195
4288,0.4712,11,40,11,425573,250871,36675,89581,1.9870025978963377,0.2631237296300213
4289,0.4713,4,40,4,425613,250831,36679,89577,1.986685781269801,0.2631459895184602
4290,0.4714,2,18,2,425631,250813,36681,89575,1.9865432137878596,0.2631555754021881
4291,0.4715,10,48,10,425679,250765,36691,89565,1.9861630338360157,0.2631710398730644
4292,0.4716,1,8,1,425687,250757,36692,89564,1.9860996705107083,0.26317506119222733
4293,0.4717,70,435,70,426122,250322,36762,89494,1.9826542896971233,0.2633601713868682
4294,0.4718,5,34,5,426156,250288,36767,89489,1.9823849955645672,0.26337568464021993
4295,0.4719,0,14,0,426170,250274,36767,89489,1.9822741097452794,0.26338653708614534
4296,0.472,9,100,9,426270,250174,36776,89480,1.981482068178938,0.26344456417413015
4297,0.4721,2,18,2,426288,250156,36778,89478,1.9813395006969965,0.26345418892101496
4298,0.4722,2,22,2,426310,250134,36780,89476,1.9811652515524014,0.2634669179352787
4299,0.4723,4,45,4,426355,250089,36784,89472,1.980808832847548,0.2634931573413908
4300,0.4724,1,14,1,426369,250075,36785,89471,1.98069794702826,0.2635018524735971
4301,0.4725,49,405,49,426774,249670,36834,89422,1.9774901786845773,0.2637101435598599
4302,0.4726,1,16,1,426790,249654,36835,89421,1.9773634520339627,0.2637204158372042
4303,0.4727,17,67,17,426857,249587,36852,89404,1.976832784184514,0.2637356153998189
4304,0.4728,7,24,7,426881,249563,36859,89397,1.9766426942085922,0.2637390842577295
4305,0.4729,4,17,4,426898,249546,36863,89393,1.976508047142314,0.2637436234838717
4306,0.473,10,83,10,426981,249463,36873,89383,1.9758506526422506,0.2637864988814978
4307,0.4731,0,13,0,426994,249450,36873,89383,1.9757476872386264,0.2637966195736543
4308,0.4732,2,25,2,427019,249425,36875,89381,1.9755496768470409,0.26381173887121245
4309,0.4733,103,738,103,427757,248687,36978,89278,1.9697044100874415,0.2641634488778424
4310,0.4734,0,8,0,427765,248679,36978,89278,1.9696410467621341,0.26416970206268847
4311,0.4735,6,39,6,427804,248640,36984,89272,1.9693321505512609,0.26418712564217905
4312,0.4736,1,14,1,427818,248626,36985,89271,1.9692212647319731,0.26419589401504007
4313,0.4737,7,42,7,427860,248584,36992,89264,1.9688886072741096,0.26421349245814685
4314,0.4738,8,46,8,427906,248538,37000,89256,1.9685242681535926,0.2642320467503863
4315,0.4739,2,9,2,427915,248529,37002,89254,1.968452984412622,0.26423473058146796
4316,0.474,26,149,26,428064,248380,37028,89228,1.9672728424787733,0.264294684960072
4317,0.4741,5,3,5,428067,248377,37033,89223,1.967249081231783,0.2642861374407583
4318,0.4742,30,145,30,428212,248232,37063,89193,1.966100620960588,0.26433429651033563
4319,0.4743,13,45,13,428257,248187,37076,89180,1.9657442022557343,0.26434120705344627
4320,0.4744,2,9,2,428266,248178,37078,89178,1.9656729185147637,0.26434389784085655
4321,0.4745,9,34,9,428300,248144,37087,89169,1.9654036243822075,0.2643509144325893
4322,0.4746,2,9,2,428309,248135,37089,89167,1.9653323406412369,0.2643536059673527
4323,0.4747,4,35,4,428344,248100,37093,89163,1.9650551260930174,0.2643723147810462
4324,0.4748,3,27,3,428371,248073,37096,89160,1.9648412748701052,0.2643869372214463
4325,0.4749,2,18,2,428389,248055,37098,89158,1.9646987073881637,0.26439668696046714
4326,0.475,217,1349,217,429738,246706,37315,88941,1.9540140666582182,0.26498374780647527
4327,0.4751,0,5,0,429743,246701,37315,88941,1.953974464579901,0.2649876952228863
4328,0.4752,7,35,7,429778,246666,37322,88934,1.9536972500316816,0.265
4329,0.4753,9,45,9,429823,246621,37331,88925,1.9533408313268281,0.26501582495395565
4330,0.4754,1,14,1,429837,246607,37332,88924,1.9532299455075401,0.2650246922042971
4331,0.4755,8,38,8,429875,246569,37340,88916,1.9529289697123304,0.26503718497101214
4332,0.4756,2,12,2,429887,246557,37342,88914,1.9528339247243696,0.265042283833774
4333,0.4757,10,59,10,429946,246498,37352,88904,1.952366620200228,0.2650669942337851
4334,0.4758,36,146,36,430092,246352,37388,88868,1.9512102395133697,0.2651035141101366
4335,0.4759,2,9,2,430101,246343,37390,88866,1.951138955772399,0.26510624714730213
4336,0.476,27,173,27,430274,246170,37417,88839,1.9497687238626282,0.2651839204319884
4337,0.4761,3,11,3,430285,246159,37420,88836,1.9496815992903307,0.26518604755294856
4338,0.4762,3,39,3,430324,246120,37423,88833,1.9493727030794576,0.2652103429436369
4339,0.4763,11,32,11,430356,246088,37434,88822,1.9491192497782284,0.26521154937147295
4340,0.4764,0,16,0,430372,246072,37434,88822,1.9489925231276137,0.2652242202010188
4341,0.4765,5,32,5,430404,246040,37439,88817,1.9487390698263845,0.26523859438506586
4342,0.4766,1,6,1,430410,246034,37440,88816,1.948691547332404,0.2652411527549649
4343,0.4767,113,726,113,431136,245308,37553,88703,1.9429413255607655,0.2655690980237178
4344,0.4768,10,19,10,431155,245289,37563,88693,1.9427908376631606,0.2655622159278045
4345,0.4769,2,9,2,431164,245280,37565,88691,1.9427195539221898,0.2655649742043471
4346,0.477,10,61,10,431225,245219,37575,88681,1.9422364085667216,0.265591494459419
4347,0.4771,1,16,1,431241,245203,37576,88680,1.942109681916107,0.26560202226528457
4348,0.4772,4,37,4,431278,245166,37580,88676,1.9418166265365606,0.265622659821113
4349,0.4773,9,65,9,431343,245101,37589,88667,1.9413017995184387,0.2656545864193092
4350,0.4774,2,14,2,431357,245087,37591,88665,1.941190913699151,0.2656613293703109
4351,0.4775,55,416,55,431773,244671,37646,88610,1.9378960207831708,0.26587174186347257
4352,0.4776,3,14,3,431787,244657,37649,88607,1.9377851349638828,0.26587630227087233
4353,0.4777,11,62,11,431849,244595,37660,88596,1.9372940691927512,0.2659015399575619
4354,0.4778,3,29,3,431878,244566,37663,88593,1.9370643771385123,0.2659180751533052
4355,0.4779,7,34,7,431912,244532,37670,88586,1.9367950830059562,0.2659297906447565
4356,0.478,13,120,13,432032,244412,37683,88573,1.9358446331263466,0.2659969668303377
4357,0.4781,3,12,3,432044,244400,37686,88570,1.9357495881383855,0.26599993993452864
4358,0.4782,6,38,6,432082,244362,37692,88564,1.9354486123431758,0.2660170728630386
4359,0.4783,67,410,67,432492,243952,37759,88497,1.932201241921176,0.26619722122791767
4360,0.4784,3,12,3,432504,243940,37762,88494,1.932106196933215,0.26620020816162004
4361,0.4785,5,43,5,432547,243897,37767,88489,1.9317656190596884,0.2662236074924937
4362,0.4786,8,11,8,432558,243886,37775,88481,1.9316784944873906,0.2662147565793235
4363,0.4787,7,50,7,432608,243836,37782,88474,1.93128247370422,0.2662393548192952
4364,0.4788,3,27,3,432635,243809,37785,88471,1.9310686224813078,0.26625436378957507
4365,0.4789,3,11,3,432646,243798,37788,88468,1.9309814979090103,0.2662565534842566
4366,0.479,15,93,15,432739,243705,37803,88453,1.9302448992523127,0.26629796663033856
4367,0.4791,1,8,1,432747,243697,37804,88452,1.9301815359270054,0.26630217161575076
4368,0.4792,26,176,26,432923,243521,37830,88426,1.9287875427702446,0.26638589895374865
4369,0.4793,16,74,16,432997,243447,37846,88410,1.928201432011152,0.2664099295781014
4370,0.4794,0,13,0,433010,243434,37846,88410,1.9280984666075276,0.26642036619616444
4371,0.4795,4,29,4,433039,243405,37850,88406,1.9278687745532885,0.26643480776707223
4372,0.4796,4,5,4,433044,243400,37854,88402,1.9278291724749714,0.26642997932501916
4373,0.4797,4,36,4,433080,243364,37858,88398,1.9275440375110886,0.2664500455145556
4374,0.4798,5,39,5,433119,243325,37863,88393,1.9272351413002153,0.2664703151472034
4375,0.4799,2,11,2,433130,243314,37865,88391,1.9271480167279178,0.26647472905141617
4376,0.48,529,3532,529,436662,239782,38394,87862,1.8991731086047396,0.26816300618964484
4377,0.4801,2,7,2,436669,239775,38396,87860,1.8991176656950957,0.26816426816426814
4378,0.4802,3,30,3,436699,239745,38399,87857,1.8988800532251933,0.2681821234302599
4379,0.4803,9,39,9,436738,239706,38408,87848,1.8985711570143202,0.26819394664696505
4380,0.4804,1,12,1,436750,239694,38409,87847,1.8984761120263591,0.26820153812805114
4381,0.4805,4,32,4,436782,239662,38413,87843,1.8982226587251299,0.2682188058197585
4382,0.4806,0,8,0,436790,239654,38413,87843,1.8981592953998225,0.268225357789537
4383,0.4807,13,81,13,436871,239573,38426,87830,1.897517741731086,0.2682626610018845
4384,0.4808,24,154,24,437025,239419,38450,87806,1.8962979977189203,0.2683352433340973
4385,0.4809,3,16,3,437041,239403,38453,87803,1.8961712710683056,0.26834165632659546
4386,0.481,13,106,13,437147,239297,38466,87790,1.8953317070079838,0.26839953896058233
4387,0.4811,2,9,2,437156,239288,38468,87788,1.8952604232670132,0.26840245080654035
4388,0.4812,4,44,4,437200,239244,38472,87784,1.8949119249778228,0.2684296145895764
4389,0.4813,4,27,4,437227,239217,38476,87780,1.8946980737549106,0.26844282975073164
4390,0.4814,0,17,0,437244,239200,38476,87780,1.8945634266886326,0.26845678634778886
4391,0.4815,3,52,3,437296,239148,38479,87777,1.8941515650741352,0.26849277357192014
4392,0.4816,2,11,2,437307,239137,38481,87775,1.8940644405018376,0.26849733261550507
4393,0.4817,63,474,63,437781,238663,38544,87712,1.8903101634773793,0.2687460743010341
4394,0.4818,4,32,4,437813,238631,38548,87708,1.89005671017615,0.2687634637600777
4395,0.4819,0,13,0,437826,238618,38548,87708,1.8899537447725256,0.2687741706146614
4396,0.482,15,95,15,437921,238523,38563,87693,1.8892013052845014,0.2688188194325232
4397,0.4821,4,19,4,437940,238504,38567,87689,1.8890508173868965,0.26882551127706605
4398,0.4822,2,28,2,437968,238476,38569,87687,1.8888290457483208,0.26884410555458466
4399,0.4823,7,45,7,438013,238431,38576,87680,1.8884726270434673,0.26886550898313766
4400,0.4824,1,16,1,438029,238415,38577,87679,1.8883459003928527,0.26887645893515366
4401,0.4825,57,418,57,438447,237997,38634,87622,1.8850351666455456,0.2690936339709906
4402,0.4826,2,19,2,438466,237978,38636,87620,1.8848846787479407,0.2691048470813703
4403,0.4827,13,54,13,438520,237924,38649,87607,1.8844569763021164,0.2691202988348268
4404,0.4828,2,22,2,438542,237902,38651,87605,1.8842827271575213,0.2691339971183415
4405,0.4829,3,35,3,438577,237867,38654,87602,1.8840055126093018,0.2691562022804015
4406,0.483,11,51,11,438628,237816,38665,87591,1.8836015714104677,0.2691736809595368
4407,0.4831,3,13,3,438641,237803,38668,87588,1.8834986060068433,0.2691776969860875
4408,0.4832,5,35,5,438676,237768,38673,87583,1.8832213914586238,0.2691954227895411
4409,0.4833,106,730,106,439406,237038,38779,87477,1.8774394880243315,0.26956226984885134
4410,0.4834,2,8,2,439414,237030,38781,87475,1.8773761246990242,0.26956441349131754
4411,0.4835,9,55,9,439469,236975,38790,87466,1.8769405018375365,0.2695898483853767
4412,0.4836,0,15,0,439484,236960,38790,87466,1.8768216956025852,0.26960231300820525
4413,0.4837,6,31,6,439515,236929,38796,87460,1.8765761627170194,0.26961456769495884
4414,0.4838,8,31,8,439546,236898,38804,87452,1.8763306298314535,0.26962232156620936
4415,0.4839,2,16,2,439562,236882,38806,87450,1.8762039031808389,0.2696311187301901
4416,0.484,28,149,28,439711,236733,38834,87422,1.8750237612469902,0.26969196834847525
4417,0.4841,2,7,2,439718,236726,38836,87420,1.8749683183373465,0.26969328635861617
4418,0.4842,27,168,27,439886,236558,38863,87393,1.8736376885058927,0.26977228037573586
4419,0.4843,6,82,6,439968,236476,38869,87387,1.8729882144214929,0.26982705650228644
4420,0.4844,1,7,1,439975,236469,38870,87386,1.872932771511849,0.2698306340800667
4421,0.4845,2,32,2,440007,236437,38872,87384,1.8726793182106196,0.269852789040859
4422,0.4846,1,6,1,440013,236431,38873,87383,1.8726317957166392,0.26985553434996634
4423,0.4847,9,40,9,440053,236391,38882,87374,1.8723149790901026,0.269868577517644
4424,0.4848,3,31,3,440084,236360,38885,87371,1.8720694462045369,0.26988765363836026
4425,0.4849,0,10,0,440094,236350,38885,87371,1.8719902420479027,0.26989599068333536
4426,0.485,208,1299,208,441393,235051,39093,87163,1.8617016221011278,0.2705127648084813
4427,0.4851,4,15,4,441408,235036,39097,87159,1.8615828158661767,0.2705163022393271
4428,0.4852,3,28,3,441436,235008,39100,87156,1.861361044227601,0.2705330204492122
4429,0.4853,7,41,7,441477,234967,39107,87149,1.861036307185401,0.27055160252828175
4430,0.4854,0,15,0,441492,234952,39107,87149,1.86091750095045,0.2705642019118227
4431,0.4855,9,37,9,441529,234915,39116,87140,1.8606244455709036,0.27057490180248717
4432,0.4856,2,5,2,441534,234910,39118,87138,1.8605848434925865,0.2705745727344992
4433,0.4857,11,71,11,441605,234839,39129,87127,1.8600224939804841,0.27060931899641577
4434,0.4858,24,157,24,441762,234682,39153,87103,1.8587789887213282,0.2706869493605979
4435,0.4859,2,19,2,441781,234663,39155,87101,1.8586285008237233,0.27069840006961626
4436,0.486,19,164,19,441945,234499,39174,87082,1.8573295526549234,0.2707933615481014
4437,0.4861,1,10,1,441955,234489,39175,87081,1.8572503484982892,0.27079951488011944
4438,0.4862,7,27,7,441982,234462,39182,87074,1.857036497275377,0.2708063793789809
4439,0.4863,6,43,6,442025,234419,39188,87068,1.8566959194018502,0.27082899152998413
4440,0.4864,1,11,1,442036,234408,39189,87067,1.8566087948295527,0.27083599035694844
4441,0.4865,13,50,13,442086,234358,39202,87054,1.8562127740463819,0.27084863041827933
4442,0.4866,0,2,0,442088,234356,39202,87054,1.8561969332150552,0.27085031579602376
4443,0.4867,110,724,110,442812,233632,39312,86944,1.8504625522747433,0.2712118187262927
4444,0.4868,3,29,3,442841,233603,39315,86941,1.8502328602205045,0.27122953479085554
4445,0.4869,3,6,3,442847,233597,39318,86938,1.8501853377265238,0.27122779103686023
4446,0.487,8,46,8,442893,233551,39326,86930,1.8498209986060068,0.27124852955401413
4447,0.4871,5,23,5,442916,233528,39331,86925,1.8496388290457484,0.2712566273369262
4448,0.4872,3,28,3,442944,233500,39334,86922,1.8494170574071727,0.27127350806124423
4449,0.4873,13,69,13,443013,233431,39347,86909,1.8488705487263972,0.2713023662358744
4450,0.4874,3,7,3,443020,233424,39350,86906,1.8488151058167532,0.2713014703586926
4451,0.4875,67,372,67,443392,233052,39417,86839,1.8458687111899632,0.2714643425416783
4452,0.4876,1,21,1,443413,233031,39418,86838,1.8457023824610315,0.27147988707877285
4453,0.4877,10,60,10,443473,232971,39428,86828,1.8452271575212267,0.27150804098824577
4454,0.4878,4,27,4,443500,232944,39432,86824,1.8450133062983145,0.2715218533436742
4455,0.4879,1,20,1,443520,232924,39433,86823,1.8448548979850463,0.2715365585916365
4456,0.488,15,108,15,443628,232816,39448,86808,1.8439994930933976,0.2715941230946362
4457,0.4881,2,8,2,443636,232808,39450,86806,1.8439361297680903,0.27159636311300506
4458,0.4882,7,30,7,443666,232778,39457,86799,1.843698517298188,0.2716059040544219
4459,0.4883,60,432,60,444098,232346,39517,86739,1.8402768977315929,0.27183665794380807
4460,0.4884,1,10,1,444108,232336,39518,86738,1.8401976935749589,0.27184289537850154
4461,0.4885,4,40,4,444148,232296,39522,86734,1.8398808769484223,0.27186784941854997
4462,0.4886,3,19,3,444167,232277,39525,86731,1.8397303890508174,0.27187719430233726
4463,0.4887,9,39,9,444206,232238,39534,86722,1.8394214928399442,0.27188989214948583
4464,0.4888,2,37,2,444243,232201,39536,86720,1.839128437460398,0.27191686969500284
4465,0.4889,4,15,4,444258,232186,39540,86716,1.8390096312254467,0.27192052730933014
4466,0.489,13,94,13,444352,232092,39553,86703,1.8382651121530857,0.27197101585658495
4467,0.4891,2,6,2,444358,232086,39555,86701,1.8382175896591053,0.2719715672220009
4468,0.4892,17,167,17,444525,231919,39572,86684,1.8368948802433152,0.27207527863830533
4469,0.4893,11,50,11,444575,231869,39583,86673,1.8364988594601446,0.2720928480388771
4470,0.4894,1,13,1,444588,231856,39584,86672,1.8363958940565202,0.2721016676712879
4471,0.4895,8,22,8,444610,231834,39592,86664,1.836221644911925,0.2721021796055234
4472,0.4896,2,16,2,444626,231818,39594,86662,1.8360949182613104,0.2721112785732228
4473,0.4897,2,42,2,444668,231776,39596,86660,1.835762260803447,0.27214259694255677
4474,0.4898,5,30,5,444698,231746,39601,86655,1.8355246483335446,0.27215680855273694
4475,0.4899,2,18,2,444716,231728,39603,86653,1.835382080851603,0.27216762306795944
4476,0.49,590,3231,590,447947,228497,40193,86063,1.8097912178431124,0.27359804170905394
4477,0.4901,3,3,3,447950,228494,40196,86060,1.8097674565961221,0.27359372317630676
4478,0.4902,5,25,5,447975,228469,40201,86055,1.8095694462045369,0.2736039221172311
4479,0.4903,5,33,5,448008,228436,40206,86050,1.8093080724876442,0.27362108329146606
4480,0.4904,1,9,1,448017,228427,40207,86049,1.8092367887466734,0.2736266042559687
4481,0.4905,4,33,4,448050,228394,40211,86045,1.8089754150297808,0.2736460807978654
4482,0.4906,0,6,0,448056,228388,40211,86045,1.8089278925358003,0.273651302503236
4483,0.4907,10,66,10,448122,228322,40221,86035,1.8084051451020149,0.2736856503911158
4484,0.4908,29,151,29,448273,228171,40250,86006,1.8072091623368394,0.2737501472100122
4485,0.4909,1,3,1,448276,228168,40251,86005,1.8071854010898492,0.2737504495930586
4486,0.491,26,85,26,448361,228083,40277,85979,1.806512165758459,0.27376441594334877
4487,0.4911,0,13,0,448374,228070,40277,85979,1.8064092003548347,0.27377574837047725
4488,0.4912,2,35,2,448409,228035,40279,85977,1.8061319858066152,0.2738016381539559
4489,0.4913,13,46,13,448455,227989,40292,85964,1.8057676466860981,0.2738116851885473
4490,0.4914,4,19,4,448474,227970,40296,85960,1.8056171587884933,0.27381900423661326
4491,0.4915,8,30,8,448504,227940,40304,85952,1.8053795463185909,0.27382666649675685
4492,0.4916,0,3,0,448507,227937,40304,85952,1.8053557850716007,0.2738292836002536
4493,0.4917,86,439,86,448946,227498,40390,85866,1.8018787225953619,0.27401360717887185
4494,0.4918,2,29,2,448975,227469,40392,85864,1.8016490305411228,0.2740343340790788
4495,0.4919,2,11,2,448986,227458,40394,85862,1.8015619059688253,0.27403932082216265
4496,0.492,13,80,13,449066,227378,40407,85849,1.800928272715752,0.2740791821905519
4497,0.4921,0,18,0,449084,227360,40407,85849,1.8007857052338108,0.2740949334150679
4498,0.4922,5,21,5,449105,227339,40412,85844,1.800619376504879,0.2741017232736132
4499,0.4923,12,47,12,449152,227292,40424,85832,1.8002471169686984,0.27411504707400264
4500,0.4924,1,18,1,449170,227274,40425,85831,1.8001045494867571,0.27412848724868655
4501,0.4925,81,369,81,449539,226905,40506,85750,1.7971819161069573,0.2742639650733236
4502,0.4926,4,10,4,449549,226895,40510,85746,1.7971027119503231,0.2742634523303086
4503,0.4927,13,48,13,449597,226847,40523,85733,1.7967225319984792,0.27427538550131164
4504,0.4928,2,16,2,449613,226831,40525,85731,1.7965958053478646,0.2742847818992712
4505,0.4929,2,21,2,449634,226810,40527,85729,1.796429476618933,0.2742985675387712
4506,0.493,15,65,15,449699,226745,40542,85714,1.7959146496008112,0.27432079088776445
4507,0.4931,2,8,2,449707,226737,40544,85712,1.7958512862755038,0.2743231695412691
4508,0.4932,1,26,1,449733,226711,40545,85711,1.795645355468255,0.2743436761815749
4509,0.4933,115,666,115,450399,226045,40660,85596,1.7903703586364212,0.27466219143180776
4510,0.4934,2,14,2,450413,226031,40662,85594,1.7902594728171335,0.2746698756518251
4511,0.4935,5,44,5,450457,225987,40667,85589,1.7899109745279431,0.27469702416103936
4512,0.4936,7,8,7,450465,225979,40674,85582,1.789847611202636,0.2746877818468935
4513,0.4937,4,40,4,450505,225939,40678,85578,1.7895307945760994,0.27471373953909417
4514,0.4938,2,37,2,450542,225902,40680,85576,1.789237739196553,0.2747417153057359
4515,0.4939,2,14,2,450556,225888,40682,85574,1.7891268533772653,0.27474940763239175
4516,0.494,32,150,32,450706,225738,40714,85542,1.787938791027753,0.2748072474942174
4517,0.4941,0,4,0,450710,225734,40714,85542,1.7879071093650996,0.2748107788586335
4518,0.4942,22,153,22,450863,225581,40736,85520,1.7866952857685972,0.27489464836178606
4519,0.4943,5,60,5,450923,225521,40741,85515,1.7862200608287924,0.2749360202677504
4520,0.4944,3,6,3,450929,225515,40744,85512,1.7861725383348117,0.2749343304600565
4521,0.4945,4,26,4,450955,225489,40748,85508,1.785966607527563,0.27494798985199215
4522,0.4946,4,22,4,450977,225467,40752,85504,1.785792358382968,0.274958115065392
4523,0.4947,6,48,6,451025,225419,40758,85498,1.785412178431124,0.2749865719790169
4524,0.4948,3,28,3,451053,225391,40761,85495,1.7851904067925484,0.27500434242777094
4525,0.4949,4,9,4,451062,225382,40765,85491,1.7851191230515777,0.27500297549159947
4526,0.495,224,1296,224,452358,224086,40989,85267,1.7748542643517933,0.2756301054135567
4527,0.4951,1,7,1,452365,224079,40990,85266,1.7747988214421493,0.2756340008728119
4528,0.4952,6,36,6,452401,224043,40996,85260,1.7745136864782665,0.2756520305331665
4529,0.4953,10,34,10,452435,224009,41006,85250,1.7742443923457103,0.27565891372603546
4530,0.4954,3,14,3,452449,223995,41009,85247,1.7741335065264225,0.27566436641853304
4531,0.4955,5,32,5,452481,223963,41014,85242,1.7738800532251933,0.2756811823870895
4532,0.4956,1,10,1,452491,223953,41015,85241,1.773800849068559,0.27568775590729444
4533,0.4957,11,69,11,452560,223884,41026,85230,1.7732543403877836,0.27572351947825074
4534,0.4958,19,143,19,452703,223741,41045,85211,1.7721217209479154,0.27580659778865324
4535,0.4959,3,5,3,452708,223736,41048,85208,1.7720821188695983,0.27580402920917707
4536,0.496,36,127,36,452835,223609,41084,85172,1.7710762260803448,0.2758330337682694
4537,0.4961,2,11,2,452846,223598,41086,85170,1.7709891015080472,0.2758381697585242
4538,0.4962,5,38,5,452884,223560,41091,85165,1.7706881257128375,0.27586039355413394
4539,0.4963,5,38,5,452922,223522,41096,85160,1.7703871499176276,0.27588262354137916
4540,0.4964,3,16,3,452938,223506,41099,85157,1.7702604232670132,0.27588988638093975
4541,0.4965,8,40,8,452978,223466,41107,85149,1.7699436066404766,0.2759068742608104
4542,0.4966,4,5,4,452983,223461,41111,85145,1.7699040045621595,0.2759019591323565
4543,0.4967,103,728,103,453711,222733,41214,85042,1.764137941959194,0.27631224108520835
4544,0.4968,4,34,4,453745,222699,41218,85038,1.7638686478266379,0.27633336257908536
4545,0.4969,4,22,4,453767,222677,41222,85034,1.7636943986820428,0.2763437121194887
4546,0.497,10,70,10,453837,222607,41232,85024,1.7631399695856038,0.2763830693265633
4547,0.4971,5,26,5,453863,222581,41237,85019,1.7629340387783552,0.2763946684005202
4548,0.4972,5,20,5,453883,222561,41242,85014,1.7627756304650868,0.2764008778346745
4549,0.4973,15,59,15,453942,222502,41257,84999,1.7623083259409453,0.27641861327280237
4550,0.4974,3,12,3,453954,222490,41260,84996,1.7622132809529845,0.27642234117976106
4551,0.4975,54,363,54,454317,222127,41314,84942,1.759338170067165,0.27662186674656186
4552,0.4976,3,13,3,454330,222114,41317,84939,1.7592352046635407,0.2766265107326748
4553,0.4977,7,57,7,454387,222057,41324,84932,1.758783740970726,0.27666137874646973
4554,0.4978,2,24,2,454411,222033,41326,84930,1.7585936509948041,0.276678296732831
4555,0.4979,0,13,0,454424,222020,41326,84930,1.7584906855911797,0.27669001466036813
4556,0.498,19,89,19,454513,221931,41345,84911,1.7577857685971359,0.2767254808663742
4557,0.4981,2,13,2,454526,221918,41347,84909,1.7576828031935117,0.27673249094766755
4558,0.4982,5,32,5,454558,221886,41352,84904,1.7574293498922824,0.2767495681084781
4559,0.4983,69,440,69,454998,221446,41421,84835,1.7539443670003803,0.2769842073128924
4560,0.4984,0,5,0,455003,221441,41421,84835,1.7539047649220632,0.27698872912014
4561,0.4985,7,47,7,455050,221394,41428,84828,1.7535325053858826,0.27701471481474227
4562,0.4986,5,12,5,455062,221382,41433,84823,1.7534374603979217,0.2770137652879607
4563,0.4987,6,46,6,455108,221336,41439,84817,1.7530731212774047,0.2770412179531149
4564,0.4988,3,25,3,455133,221311,41442,84814,1.7528751108858194,0.27705675786035117
4565,0.4989,0,13,0,455146,221298,41442,84814,1.752772145482195,0.27706852393895043
4566,0.499,12,100,12,455246,221198,41454,84802,1.7519801039158536,0.27713071895424835
4567,0.4991,1,8,1,455254,221190,41455,84801,1.7519167405905463,0.2771356020275106
4568,0.4992,22,136,22,455390,221054,41477,84779,1.7508395640603218,0.2772068416423342
4569,0.4993,10,49,10,455439,221005,41487,84769,1.7504514636928146,0.2772276256320027
4570,0.4994,1,11,1,455450,220994,41488,84768,1.750364339120517,0.2772352352483304
4571,0.4995,6,42,6,455492,220952,41494,84762,1.7500316816626535,0.27725913762536225
4572,0.4996,4,19,4,455511,220933,41498,84758,1.7498811937650487,0.2772669133209679
4573,0.4997,5,38,5,455549,220895,41503,84753,1.749580217969839,0.2772895618489242
4574,0.4998,10,20,10,455569,220875,41513,84743,1.7494218096565708,0.2772840604938191
4575,0.4999,3,11,3,455580,220864,41516,84740,1.7493346850842733,0.27728694650593577
4576,0.5,594,3243,594,458823,217621,42110,84146,1.7236487770878215,0.27884427389343436
4577,0.5001,6,15,6,458838,217606,42116,84140,1.7235299708528704,0.2788437957752547
4578,0.5002,7,29,7,458867,217577,42123,84133,1.7233002787986313,0.2788538662954493
4579,0.5003,10,37,10,458904,217540,42133,84123,1.723007223419085,0.2788641629898264
4580,0.5004,4,12,4,458916,217528,42137,84119,1.722912178431124,0.2788656940065706
4581,0.5005,7,38,7,458954,217490,42144,84112,1.7226112026359144,0.27888409228055516
4582,0.5006,2,12,2,458966,217478,42146,84110,1.7225161576479533,0.2788904067801106
4583,0.5007,9,61,9,459027,217417,42155,84101,1.7220330122924852,0.2789253046252628
4584,0.5008,20,149,20,459176,217268,42175,84081,1.7208528703586363,0.27901536092703144
4585,0.5009,1,3,1,459179,217265,42176,84080,1.720829109111646,0.2790157460717782
4586,0.501,13,78,13,459257,217187,42189,84067,1.7202113166898998,0.2790568755933531
4587,0.5011,2,13,2,459270,217174,42191,84065,1.7201083512862756,0.2790641318023231
4588,0.5012,6,52,6,459322,217122,42197,84059,1.719696489671778,0.2790979510659703
4589,0.5013,9,40,9,459362,217082,42206,84050,1.7193796730452413,0.27911347847455603
4590,0.5014,3,7,3,459369,217075,42209,84047,1.7193242301355975,0.27911278485132274
4591,0.5015,10,47,10,459416,217028,42219,84037,1.718951970599417,0.27913241326623817
4592,0.5016,0,5,0,459421,217023,42219,84037,1.7189123685211,0.279137049093204
4593,0.5017,68,434,68,459855,216589,42287,83969,1.7154749081231784,0.2793770253994237
4594,0.5018,5,41,5,459896,216548,42292,83964,1.7151501710809782,0.2794031519539985
4595,0.5019,2,11,2,459907,216537,42294,83962,1.7150630465086807,0.2794085837224084
4596,0.502,16,108,16,460015,216429,42310,83946,1.714207641617032,0.27947066167290885
4597,0.5021,0,22,0,460037,216407,42310,83946,1.714033392472437,0.27949113210122756
4598,0.5022,4,30,4,460067,216377,42314,83942,1.7137957800025345,0.2795094549462405
4599,0.5023,5,49,5,460116,216328,42319,83937,1.7134076796350273,0.27954307028791237
4600,0.5024,2,13,2,460129,216315,42321,83935,1.7133047142314028,0.2795503746877602
4601,0.5025,69,340,69,460469,215975,42390,83866,1.710611772905842,0.27970157516817246
4602,0.5026,1,14,1,460483,215961,42391,83865,1.7105008870865543,0.2797122330951952
4603,0.5027,13,66,13,460549,215895,42404,83852,1.709978139652769,0.27974258291158877
4604,0.5028,3,23,3,460572,215872,42407,83849,1.7097959700925105,0.27975684052835803
4605,0.5029,4,17,4,460589,215855,42411,83845,1.7096613230262325,0.2797630964297631
4606,0.503,9,65,9,460654,215790,42420,83836,1.7091464960081104,0.2798021533511778
4607,0.5031,2,7,2,460661,215783,42422,83834,1.7090910530984667,0.27980388295724207
4608,0.5032,4,36,4,460697,215747,42426,83830,1.7088059181345836,0.27982789065916275
4609,0.5033,127,642,127,461339,215105,42553,83703,1.7037210112786718,0.28012302214130813
4610,0.5034,0,7,0,461346,215098,42553,83703,1.703665568369028,0.2801295845730101
4611,0.5035,3,39,3,461385,215059,42556,83700,1.7033566721581548,0.2801589240826218
4612,0.5036,2,11,2,461396,215048,42558,83698,1.7032695475858572,0.2801644206114894
4613,0.5037,4,31,4,461427,215017,42562,83694,1.7030240147002915,0.28018385663735185
4614,0.5038,5,26,5,461453,214991,42567,83689,1.7028180838930427,0.28019619659836614
4615,0.5039,1,14,1,461467,214977,42568,83688,1.702707198073755,0.2802069207975491
4616,0.504,30,115,30,461582,214862,42598,83658,1.7017963502724622,0.2802425298137478
4617,0.5041,3,11,3,461593,214851,42601,83655,1.7017092257001647,0.2802456232035537
4618,0.5042,27,133,27,461726,214718,42628,83628,1.7006558104169307,0.28030541720016355
4619,0.5043,11,50,11,461776,214668,42639,83617,1.70025978963376,0.28032586284928845
4620,0.5044,2,13,2,461789,214655,42641,83615,1.7001568242301357,0.2803332551044356
4621,0.5045,8,35,8,461824,214620,42649,83607,1.6998796096819162,0.2803468498828074
4622,0.5046,1,12,1,461836,214608,42650,83606,1.6997845646939551,0.28035571770607687
4623,0.5047,6,48,6,461884,214560,42656,83600,1.6994043847421112,0.2803863697343708
4624,0.5048,5,35,5,461919,214525,42661,83595,1.6991271701938917,0.28040721856970346
4625,0.5049,2,9,2,461928,214516,42663,83593,1.699055886452921,0.2804108564317079
4626,0.505,254,1202,254,463130,213314,42917,83339,1.6895355468254973,0.2809309192895403
4627,0.5051,2,5,2,463135,213309,42919,83337,1.6894959447471802,0.2809308064157278
4628,0.5052,6,26,6,463161,213283,42925,83331,1.6892900139399316,0.2809408861348419
4629,0.5053,11,46,11,463207,213237,42936,83320,1.6889256748194146,0.280957792262533
4630,0.5054,0,9,0,463216,213228,42936,83320,1.6888543910784437,0.28096631911191444
4631,0.5055,5,34,5,463250,213194,42941,83315,1.6885850969458878,0.28098641187957196
4632,0.5056,1,13,1,463263,213181,42942,83314,1.6884821315422633,0.28099630685171756
4633,0.5057,9,61,9,463324,213120,42951,83305,1.687998986186795,0.2810323015939951
4634,0.5058,24,132,24,463456,212988,42975,83281,1.6869534913192243,0.28109927127036577
4635,0.5059,0,13,0,463469,212975,42975,83281,1.6868505259156001,0.2811116061784403
4636,0.506,25,120,25,463589,212855,43000,83256,1.6859000760359903,0.28116483345772364
4637,0.5061,1,7,1,463596,212848,43001,83255,1.6858446331263466,0.28116905266072956
4638,0.5062,3,39,3,463635,212809,43004,83252,1.6855357369154733,0.28119880700261096
4639,0.5063,6,31,6,463666,212778,43010,83246,1.6852902040299076,0.2812136853768613
4640,0.5064,2,18,2,463684,212760,43012,83244,1.685147636547966,0.2812259293793327
4641,0.5065,10,41,10,463725,212719,43022,83234,1.6848228995057661,0.2812406023929475
4642,0.5066,1,6,1,463731,212713,43023,83233,1.6847753770117855,0.2812438755718949
4643,0.5067,138,658,138,464389,212055,43161,83095,1.679563743505259,0.2815348128070473
4644,0.5068,4,24,4,464413,212031,43165,83091,1.6793736535293373,0.2815479699920711
4645,0.5069,2,16,2,464429,212015,43167,83089,1.6792469268787227,0.2815583658642377
4646,0.507,10,48,10,464477,211967,43177,83079,1.6788667469268788,0.2815798214515703
4647,0.5071,14,17,14,464494,211950,43191,83065,1.6787320998606008,0.28156195447689103
4648,0.5072,7,17,7,464511,211933,43198,83058,1.6785974527943226,0.28156113237353003
4649,0.5073,11,66,11,464577,211867,43209,83047,1.6780747053605374,0.2815973470232
4650,0.5074,2,15,2,464592,211852,43211,83045,1.677955899125586,0.28160679830584917
4651,0.5075,70,362,70,464954,211490,43281,82975,1.6750887086554302,0.2817822152038443
4652,0.5076,2,9,2,464963,211481,43283,82973,1.6750174249144596,0.2817859495880511
4653,0.5077,10,55,10,465018,211426,43293,82963,1.6745818020529717,0.28181419822072157
4654,0.5078,4,26,4,465044,211400,43297,82959,1.674375871245723,0.28182933085110357
4655,0.5079,1,12,1,465056,211388,43298,82958,1.674280826257762,0.28183838068123906
4656,0.508,13,86,13,465142,211302,43311,82945,1.6735996705107083,0.2818890252067141
4657,0.5081,2,8,2,465150,211294,43313,82943,1.673536307185401,0.28189180830419014
4658,0.5082,6,29,6,465179,211265,43319,82937,1.6733066151311622,0.2819049496604374
4659,0.5083,74,408,74,465587,210857,43393,82863,1.6700750855404891,0.2821156203186708
4660,0.5084,1,8,1,465595,210849,43394,82862,1.6700117222151818,0.2821208603014528
4661,0.5085,5,31,5,465626,210818,43399,82857,1.669766189329616,0.2821384183195709
4662,0.5086,3,12,3,465638,210806,43402,82854,1.669671144341655,0.28214261390723966
4663,0.5087,5,41,5,465679,210765,43407,82849,1.669346407299455,0.2821697875441907
4664,0.5088,4,36,4,465715,210729,43411,82845,1.6690612723355722,0.282194608514378
4665,0.5089,1,7,1,465722,210722,43412,82844,1.6690058294259282,0.2821988922422896
4666,0.509,11,87,11,465809,210635,43423,82833,1.6683167532632113,0.2822556462714845
4667,0.5091,3,11,3,465820,210624,43426,82830,1.6682296286909137,0.28225888895704265
4668,0.5092,21,129,21,465949,210495,43447,82809,1.6672078950703333,0.28233164225513463
4669,0.5093,8,74,8,466023,210421,43455,82801,1.6666217843112408,0.28238331366677805
4670,0.5094,1,14,1,466037,210407,43456,82800,1.6665108984919528,0.2823943493845645
4671,0.5095,6,36,6,466073,210371,43462,82794,1.66622576352807,0.28241434004741356
4672,0.5096,5,26,5,466099,210345,43467,82789,1.666019832720821,0.2824271493583139
4673,0.5097,6,32,6,466131,210313,43473,82783,1.665766379419592,0.28244329502961485
4674,0.5098,3,24,3,466155,210289,43476,82780,1.66557628944367,0.28245907960241445
4675,0.5099,2,9,2,466164,210280,43478,82778,1.6655050057026992,0.28246285718185477
4676,0.51,590,3116,590,469280,207164,44068,82188,1.6408249904955012,0.2840415825707097
4677,0.5101,2,13,2,469293,207151,44070,82186,1.6407220250918768,0.28404939568738186
4678,0.5102,4,37,4,469330,207114,44074,82182,1.6404289697123304,0.28407582545213206
4679,0.5103,7,33,7,469363,207081,44081,82175,1.6401675959954378,0.2840909090909091
4680,0.5104,1,15,1,469378,207066,44082,82174,1.6400487897604867,0.28410316692020465
4681,0.5105,6,38,6,469416,207028,44088,82168,1.6397478139652768,0.28412564489135395
4682,0.5106,1,11,1,469427,207017,44089,82167,1.6396606893929793,0.2841339769835122
4683,0.5107,13,70,13,469497,206947,44102,82154,1.6391062602965403,0.28417058398276035
4684,0.5108,31,168,31,469665,206779,44133,82123,1.6377756304650868,0.2842590220905359
4685,0.5109,0,13,0,469678,206766,44133,82123,1.6376726650614624,0.2842718137416101
4686,0.511,23,89,23,469767,206677,44156,82100,1.6369677480674185,0.2843024202065954
4687,0.5111,2,9,2,469776,206668,44158,82098,1.6368964643264479,0.2843063241517353
4688,0.5112,9,25,9,469801,206643,44167,82089,1.6366984539348626,0.2843086322264245
4689,0.5113,12,52,12,469853,206591,44179,82077,1.6362865923203649,0.28433009547300014
4690,0.5114,3,12,3,469865,206579,44182,82074,1.636191547332404,0.28433447772931514
4691,0.5115,8,41,8,469906,206538,44190,82066,1.635866810290204,0.28435503319427313
4692,0.5116,0,9,0,469915,206529,44190,82066,1.6357955265492332,0.28436390096848524
4693,0.5117,66,412,66,470327,206117,44256,82000,1.6325323152959068,0.28460660079065103
4694,0.5118,9,36,9,470363,206081,44265,81991,1.6322471803320238,0.28461981726790525
4695,0.5119,1,9,1,470372,206072,44266,81990,1.632175896591053,0.2846262262985052
4696,0.512,20,89,20,470461,205983,44286,81970,1.6314709795970093,0.2846645112223175
4697,0.5121,2,10,2,470471,205973,44288,81968,1.631391775440375,0.2846694288065958
4698,0.5122,2,30,2,470501,205943,44290,81966,1.6311541629704727,0.2846941221010805
4699,0.5123,7,64,7,470565,205879,44297,81959,1.630647256368014,0.2847400273765104
4700,0.5124,5,13,5,470578,205866,44302,81954,1.63054429096439,0.28474046278924325
4701,0.5125,74,348,74,470926,205518,44376,81880,1.6277879863135218,0.28490107794765446
4702,0.5126,5,14,5,470940,205504,44381,81875,1.6276771004942339,0.2849025154934773
4703,0.5127,11,81,11,471021,205423,44392,81864,1.6270355468254973,0.28495546265581106
4704,0.5128,1,34,1,471055,205389,44393,81863,1.6267662526929414,0.28498670157213873
4705,0.5129,4,18,4,471073,205371,44397,81859,1.6266236852109999,0.28499460362775475
4706,0.513,15,54,15,471127,205317,44412,81844,1.6261959827651755,0.2850108475733125
4707,0.5131,2,11,2,471138,205306,44414,81842,1.626108858192878,0.2850167857690111
4708,0.5132,8,20,8,471158,205286,44422,81834,1.6259504498796096,0.2850167177486765
4709,0.5133,104,635,104,471793,204651,44526,81730,1.6209209859333418,0.2853890446642759
4710,0.5134,2,9,2,471802,204642,44528,81728,1.6208497021923711,0.28539302301218705
4711,0.5135,2,33,2,471835,204609,44530,81726,1.6205883284754783,0.2854209230446854
4712,0.5136,2,18,2,471853,204591,44532,81724,1.620445760993537,0.28543387527722963
4713,0.5137,9,36,9,471889,204555,44541,81715,1.620160626029654,0.28544730499179094
4714,0.5138,7,18,7,471907,204537,44548,81708,1.6200180585477126,0.28544778074726196
4715,0.5139,1,16,1,471923,204521,44549,81707,1.619891331897098,0.2854612406892407
4716,0.514,19,126,19,472049,204395,44568,81688,1.6188933595235078,0.285539511260718
4717,0.5141,0,4,0,472053,204391,44568,81688,1.6188616778608542,0.2855435037175046
4718,0.5142,29,179,29,472232,204212,44597,81659,1.617443923457103,0.2856498210731414
4719,0.5143,8,51,8,472283,204161,44605,81651,1.6170399822582688,0.28568079716736877
4720,0.5144,1,13,1,472296,204148,44606,81650,1.6169370168546446,0.28569129245131175
4721,0.5145,7,36,7,472332,204112,44613,81643,1.6166518818907616,0.28570978635544436
4722,0.5146,7,10,7,472342,204102,44620,81636,1.6165726777341274,0.28570228671020304
4723,0.5147,2,35,2,472377,204067,44622,81634,1.6162954631859079,0.28573228655132465
4724,0.5148,3,30,3,472407,204037,44625,81631,1.6160578507160055,0.28575479227634876
4725,0.5149,2,10,2,472417,204027,44627,81629,1.6159786465593715,0.2857597949981796
4726,0.515,222,1216,222,473633,202811,44849,81407,1.60634742111266,0.2864245051333835
4727,0.5151,0,12,0,473645,202799,44849,81407,1.606252376124699,0.2864365988050921
4728,0.5152,6,34,6,473679,202765,44855,81401,1.605983081992143,0.2864558040018862
4729,0.5153,5,47,5,473726,202718,44860,81396,1.6056108224559624,0.2864906340412651
4730,0.5154,4,14,4,473740,202704,44864,81392,1.6054999366366747,0.2864947060148682
4731,0.5155,7,28,7,473768,202676,44871,81385,1.6052781649980992,0.2865053632846466
4732,0.5156,3,5,3,473773,202671,44874,81382,1.605238562919782,0.2865028709430986
4733,0.5157,11,52,11,473825,202619,44885,81371,1.6048267013052846,0.2865276946371351
4734,0.5158,24,142,24,473967,202477,44909,81347,1.6037020022810797,0.2866107165003664
4735,0.5159,0,1,0,473968,202476,44909,81347,1.6036940818654164,0.28661172632239107
4736,0.516,21,130,21,474098,202346,44930,81326,1.6026644278291724,0.286690261992724
4737,0.5161,5,11,5,474109,202335,44935,81321,1.6025773032568749,0.2866888061595736
4738,0.5162,7,37,7,474146,202298,44942,81314,1.6022842478773287,0.2867086018927267
4739,0.5163,9,49,9,474195,202249,44951,81305,1.6018961475098212,0.2867355071697102
4740,0.5164,6,20,6,474215,202229,44957,81299,1.601737739196553,0.2867406393724782
4741,0.5165,9,37,9,474252,202192,44966,81290,1.6014446838170067,0.28675542009721955
4742,0.5166,2,4,2,474256,202188,44968,81288,1.6014130021543531,0.2867544342378191
4743,0.5167,133,643,133,474899,201545,45101,81155,1.5963201748827778,0.2870711001061196
4744,0.5168,2,23,2,474922,201522,45103,81153,1.5961380053225194,0.2870894136375696
4745,0.5169,0,5,0,474927,201517,45103,81153,1.5960984032442023,0.2870944918102381
4746,0.517,11,46,11,474973,201471,45114,81142,1.5957340641236852,0.28711347319479286
4747,0.5171,3,21,3,474994,201450,45117,81139,1.5955677353947535,0.28712724132928036
4748,0.5172,6,30,6,475024,201420,45123,81133,1.595330122924851,0.28714258917795954
4749,0.5173,14,43,14,475067,201377,45137,81119,1.5949895450513243,0.2871509685092886
4750,0.5174,3,14,3,475081,201363,45140,81116,1.5948786592320365,0.2871576294167
4751,0.5175,50,338,50,475419,201025,45190,81066,1.5922015587378027,0.2873753505074604
4752,0.5176,1,11,1,475430,201014,45191,81065,1.592114434165505,0.28738403071479973
4753,0.5177,7,41,7,475471,200973,45198,81058,1.591789697123305,0.28740812180221326
4754,0.5178,2,25,2,475496,200948,45200,81056,1.5915916867317197,0.2874285471128069
4755,0.5179,2,14,2,475510,200934,45202,81054,1.591480800912432,0.287437763309077
4756,0.518,17,87,17,475597,200847,45219,81037,1.590791724749715,0.2874835038526486
4757,0.5181,3,7,3,475604,200840,45222,81034,1.590736281840071,0.28748305980686406
4758,0.5182,7,20,7,475624,200820,45229,81027,1.5905778735268026,0.2874857635525658
4759,0.5183,66,391,66,476015,200429,45295,80961,1.587480991002408,0.2877181136500942
4760,0.5184,0,3,0,476018,200426,45295,80961,1.5874572297554175,0.2877211811490936
4761,0.5185,1,38,1,476056,200388,45296,80960,1.5871562539602078,0.2877575102719763
4762,0.5186,5,21,5,476077,200367,45301,80955,1.5869899252312762,0.2877663318190543
4763,0.5187,5,42,5,476119,200325,45306,80950,1.5866572677734128,0.2877966402986401
4764,0.5188,6,33,6,476152,200292,45312,80944,1.5863958940565202,0.2878152156907366
4765,0.5189,2,10,2,476162,200282,45314,80942,1.586316689899886,0.28782038517338493
4766,0.519,15,108,15,476270,200174,45329,80927,1.5854612850082372,0.28789296373901196
4767,0.5191,0,2,0,476272,200172,45329,80927,1.5854454441769104,0.28789501207759544
4768,0.5192,32,142,32,476414,200030,45361,80895,1.5843207451527057,0.287959419773961
4769,0.5193,12,71,12,476485,199959,45373,80883,1.5837583956406032,0.2880017946033713
4770,0.5194,0,16,0,476501,199943,45373,80883,1.5836316689899885,0.2880182034427012
4771,0.5195,9,32,9,476533,199911,45382,80874,1.5833782156887592,0.2880282066349698
4772,0.5196,3,7,3,476540,199904,45385,80871,1.5833227727791155,0.2880277802510907
4773,0.5197,9,34,9,476574,199870,45394,80862,1.5830534786465593,0.28803983870737926
4774,0.5198,7,33,7,476607,199837,45401,80855,1.5827921049296667,0.2880559474441737
4775,0.5199,1,13,1,476620,199824,45402,80854,1.5826891395260423,0.28806675264894294
4776,0.52,605,3055,605,479675,196769,46007,80249,1.5584922696743124,0.2896887566872911
4777,0.5201,4,10,4,479685,196759,46011,80245,1.5584130655176784,0.28968895756017965
4778,0.5202,8,30,8,479715,196729,46019,80237,1.558175453047776,0.2896998187503159
4779,0.5203,6,35,6,479750,196694,46025,80231,1.5578982384995566,0.28972104360386386
4780,0.5204,3,21,3,479771,196673,46028,80228,1.5577319097706248,0.289735320565834
4781,0.5205,6,23,6,479794,196650,46034,80222,1.5575497402103662,0.28974399722615507
4782,0.5206,0,8,0,479802,196642,46034,80222,1.5574863768850589,0.28975236939435967
4783,0.5207,12,62,12,479864,196580,46046,80210,1.5569953111139272,0.28978648072545976
4784,0.5208,18,116,18,479980,196464,46064,80192,1.5560765428969712,0.2898617778034816
4785,0.5209,4,9,4,479989,196455,46068,80188,1.5560052591560005,0.2898609399117274
4786,0.521,12,102,12,480091,196353,46080,80176,1.5551973767583323,0.2899370409613458
4787,0.5211,6,11,6,480102,196342,46086,80170,1.5551102521860347,0.2899331674574702
4788,0.5212,5,20,5,480122,196322,46091,80165,1.5549518438727665,0.28994129922925854
4789,0.5213,7,42,7,480164,196280,46098,80158,1.554619186414903,0.28996737062198397
4790,0.5214,4,18,4,480182,196262,46102,80154,1.5544766189329615,0.2899759782357027
4791,0.5215,10,30,10,480212,196232,46112,80144,1.5542390064630591,0.28998176397371694
4792,0.5216,2,5,2,480217,196227,46114,80142,1.554199404384742,0.28998187206235143
4793,0.5217,72,373,72,480590,195854,46186,80070,1.5512450893422887,0.2901886026587031
4794,0.5218,6,31,6,480621,195823,46192,80064,1.550999556456723,0.29020577265329645
4795,0.5219,2,8,2,480629,195815,46194,80062,1.5509361931314156,0.29020904243557816
4796,0.522,18,100,18,480729,195715,46212,80044,1.5501441515650742,0.2902679513633281
4797,0.5221,3,17,3,480746,195698,46215,80041,1.550009504498796,0.29027812532866226
4798,0.5222,4,30,4,480776,195668,46219,80037,1.5497718920288936,0.29029941422897665
4799,0.5223,9,42,9,480818,195626,46228,80028,1.5494392345710304,0.2903204742176787
4800,0.5224,3,17,3,480835,195609,46231,80025,1.5493045875047522,0.29033065586974033
4801,0.5225,79,302,79,481137,195307,46310,79946,1.5469126219744012,0.2904455173967223
4802,0.5226,2,12,2,481149,195295,46312,79944,1.5468175769864403,0.2904530244623763
4803,0.5227,13,61,13,481210,195234,46325,79931,1.546334431630972,0.29048389148329185
4804,0.5228,1,16,1,481226,195218,46326,79930,1.5462077049803573,0.2904982046026139
4805,0.5229,6,13,6,481239,195205,46332,79924,1.546104739576733,0.29049645802514457
4806,0.523,11,63,11,481302,195142,46343,79913,1.5456057533899379,0.29053462034865757
4807,0.5231,3,10,3,481312,195132,46346,79910,1.5455265492333037,0.29053744519018915
4808,0.5232,6,27,6,481339,195105,46352,79904,1.5453126980103915,0.29055049107483755
4809,0.5233,124,567,124,481906,194538,46476,79780,1.5408218223292358,0.29083035017753117
4810,0.5234,1,7,1,481913,194531,46477,79779,1.540766379419592,0.2908351864678648
4811,0.5235,7,37,7,481950,194494,46484,79772,1.5404733240400457,0.2908563219648079
4812,0.5236,4,13,4,481963,194481,46488,79768,1.5403703586364212,0.29085976612494485
4813,0.5237,6,28,6,481991,194453,46494,79762,1.5401485869978457,0.2908739492733804
4814,0.5238,8,33,8,482024,194420,46502,79754,1.539887213280953,0.29088826803416806
4815,0.5239,2,5,2,482029,194415,46504,79752,1.539847611202636,0.29088840013568373
4816,0.524,22,132,22,482161,194283,46526,79730,1.5388021163350654,0.2909715962381347
4817,0.5241,2,5,2,482166,194278,46528,79728,1.5387625142567483,0.2909717305460464
4818,0.5242,26,151,26,482317,194127,46554,79702,1.5375665314915727,0.2910648616472324
4819,0.5243,7,57,7,482374,194070,46561,79695,1.5371150677987582,0.29110733658429677
4820,0.5244,1,12,1,482386,194058,46562,79694,1.537020022810797,0.2911175078172945
4821,0.5245,7,18,7,482404,194040,46569,79687,1.5368774553288556,0.29111852320012277
4822,0.5246,5,11,5,482415,194029,46574,79682,1.536790330756558,0.2911172733284377
4823,0.5247,8,35,8,482450,193994,46582,79674,1.5365131162083385,0.29113378253942734
4824,0.5248,5,38,5,482488,193956,46587,79669,1.5362121404131288,0.29116126084970306
4825,0.5249,3,16,3,482504,193940,46590,79666,1.5360854137625142,0.2911705152664781
4826,0.525,214,1144,214,483648,192796,46804,79452,1.5270244582435686,0.29183685463254094
4827,0.5251,1,3,1,483651,192793,46805,79451,1.5270006969965784,0.2918374693289843
4828,0.5252,4,33,4,483684,192760,46809,79447,1.5267393232796858,0.2918624429202776
4829,0.5253,10,39,10,483723,192721,46819,79437,1.5264304270688125,0.2918782471946443
4830,0.5254,1,8,1,483731,192713,46820,79436,1.5263670637435052,0.29188422518546825
4831,0.5255,6,30,6,483761,192683,46826,79430,1.5261294512736028,0.2919007912154142
4832,0.5256,1,13,1,483774,192670,46827,79429,1.5260264858699784,0.29191213492148077
4833,0.5257,10,57,10,483831,192613,46837,79419,1.5255750221771638,0.2919472709093048
4834,0.5258,36,138,36,483969,192475,46873,79383,1.5244820048156127,0.29200170677338905
4835,0.5259,2,8,2,483977,192467,46875,79381,1.5244186414903054,0.2920050910803096
4836,0.526,25,122,25,484099,192345,46900,79356,1.523452350779369,0.2920710634116179
4837,0.5261,2,12,2,484111,192333,46902,79354,1.5233573057914078,0.2920787523878581
4838,0.5262,6,25,6,484136,192308,46908,79348,1.5231592953998225,0.29208999617162884
4839,0.5263,5,35,5,484171,192273,46913,79343,1.522882080851603,0.29211460296889724
4840,0.5264,1,9,1,484180,192264,46914,79342,1.5228107971106324,0.2921216762516292
4841,0.5265,8,43,8,484223,192221,46922,79334,1.5224702192371056,0.29214707886063596
4842,0.5266,1,6,1,484229,192215,46923,79333,1.5224226967431251,0.292150927276209
4843,0.5267,114,601,114,484830,191614,47037,79219,1.5176625269294133,0.29250128307850226
4844,0.5268,8,42,8,484872,191572,47045,79211,1.5173298694715498,0.2925257494008117
4845,0.5269,0,10,0,484882,191562,47045,79211,1.5172506653149158,0.29253655275821444
4846,0.527,12,62,12,484944,191500,47057,79199,1.5167595995437841,0.2925721927306713
4847,0.5271,6,32,6,484976,191468,47063,79193,1.5165061462425549,0.2925911010452189
4848,0.5272,3,29,3,485005,191439,47066,79190,1.5162764541883158,0.29261461262466326
4849,0.5273,6,44,6,485049,191395,47072,79184,1.5159279558991257,0.2926465098917507
4850,0.5274,0,17,0,485066,191378,47072,79184,1.5157933088328475,0.2926648975096281
4851,0.5275,63,327,63,485393,191051,47135,79121,1.5132033329109111,0.2928541817804954
4852,0.5276,1,11,1,485404,191040,47136,79120,1.5131162083386136,0.2928634883032277
4853,0.5277,11,38,11,485442,191002,47147,79109,1.5128152325434039,0.2928758917630159
4854,0.5278,3,22,3,485464,190980,47150,79106,1.5126409833988088,0.29289189369311996
4855,0.5279,7,22,7,485486,190958,47157,79099,1.5124667342542137,0.2928974253583503
4856,0.528,11,87,11,485573,190871,47168,79088,1.5117776580914966,0.2929630054934268
4857,0.5281,1,10,1,485583,190861,47169,79087,1.5116984539348626,0.29297123890527066
4858,0.5282,7,30,7,485613,190831,47176,79080,1.5114608414649602,0.2929854655793947
4859,0.5283,89,362,89,485975,190469,47265,78991,1.5085936509948041,0.2931455503599792
4860,0.5284,3,2,3,485977,190467,47268,78988,1.5085778101634775,0.2931398563767605
4861,0.5285,4,40,4,486017,190427,47272,78984,1.5082609935369409,0.2931728845518557
4862,0.5286,1,19,1,486036,190408,47273,78983,1.508110505639336,0.29319093807885194
4863,0.5287,7,48,7,486084,190360,47280,78976,1.507730325687492,0.293224819556242
4864,0.5288,12,36,12,486120,190324,47292,78964,1.5074451907236093,0.293232524286266
4865,0.5289,0,9,0,486129,190315,47292,78964,1.5073739069826384,0.29324232487494384
4866,0.529,16,58,16,486187,190257,47308,78948,1.5069145228741605,0.29326349807767316
4867,0.5291,2,9,2,486196,190248,47310,78946,1.5068432391331896,0.29326805203682105
4868,0.5292,27,130,27,486326,190118,47337,78919,1.5058135850969459,0.29333883443541225
4869,0.5293,6,62,6,486388,190056,47343,78913,1.5053225193258142,0.2933906881462176
4870,0.5294,2,8,2,486396,190048,47345,78911,1.5052591560005069,0.29339416044824673
4871,0.5295,2,32,2,486428,190016,47347,78909,1.5050057026992776,0.2934238170493632
4872,0.5296,2,18,2,486446,189998,47349,78907,1.5048631352173363,0.29343820308287316
4873,0.5297,13,31,13,486477,189967,47362,78894,1.5046176023317703,0.29343787310171426
4874,0.5298,7,27,7,486504,189940,47369,78887,1.5044037511088582,0.2934489467203815
4875,0.5299,0,10,0,486514,189930,47369,78887,1.504324546952224,0.2934598630294959
4876,0.53,642,2921,642,489435,187009,48011,78245,1.4811890127993916,0.2949814140408816
4877,0.5301,1,5,1,489440,187004,48012,78244,1.4811494107210745,0.2949843165641211
4878,0.5302,4,24,4,489464,186980,48016,78240,1.4809593207451528,0.29500037704547166
4879,0.5303,3,25,3,489489,186955,48019,78237,1.4807613103535673,0.29502021177109417
4880,0.5304,2,7,2,489496,186948,48021,78235,1.4807058674439235,0.29502268244947827
4881,0.5305,7,32,7,489528,186916,48028,78228,1.4804524141426942,0.2950396765531183
4882,0.5306,0,9,0,489537,186907,48028,78228,1.4803811304017236,0.2950496916665095
4883,0.5307,8,53,8,489590,186854,48036,78220,1.4799613483715626,0.2950874095535586
4884,0.5308,31,164,31,489754,186690,48067,78189,1.4786624002027626,0.29518761396713217
4885,0.5309,5,5,5,489759,186685,48072,78184,1.4786227981244455,0.29517988137532136
4886,0.531,23,83,23,489842,186602,48095,78161,1.4779654036243821,0.2952111888745784
4887,0.5311,1,13,1,489855,186589,48096,78160,1.477862438220758,0.29522302256099175
4888,0.5312,6,26,6,489881,186563,48102,78154,1.477656507413509,0.29523604453057417
4889,0.5313,11,44,11,489925,186519,48113,78143,1.477308009124319,0.29525583574521463
4890,0.5314,6,8,6,489933,186511,48119,78137,1.4772446457990116,0.29524878328950155
4891,0.5315,9,33,9,489966,186478,48128,78128,1.4769832720821188,0.29526163427889013
4892,0.5316,1,11,1,489977,186467,48129,78127,1.4768961475098212,0.29527124575765135
4893,0.5317,71,375,71,490352,186092,48200,78056,1.473925991636041,0.295501007011221
4894,0.5318,6,39,6,490391,186053,48206,78050,1.473617095425168,0.2955286384478783
4895,0.5319,3,10,3,490401,186043,48209,78047,1.4735378912685337,0.2955318262713469
4896,0.532,12,98,12,490499,185945,48221,78035,1.4727616905335192,0.2956095158724146
4897,0.5321,5,16,5,490515,185929,48226,78030,1.4726349638829046,0.29561409158240487
4898,0.5322,4,28,4,490543,185901,48230,78026,1.4724131922443289,0.29563477779840636
4899,0.5323,3,39,3,490582,185862,48233,78023,1.4721042960334558,0.2956704625120791
4900,0.5324,1,10,1,490592,185852,48234,78022,1.4720250918768216,0.2956789983097994
4901,0.5325,59,353,59,490945,185499,48293,77963,1.4692291851476365,0.2959174378088681
4902,0.5326,1,6,1,490951,185493,48294,77962,1.469181662653656,0.2959215046212826
4903,0.5327,13,61,13,491012,185432,48307,77949,1.468698517298188,0.295955289105896
4904,0.5328,3,19,3,491031,185413,48310,77946,1.468548029400583,0.2959686207799999
4905,0.5329,1,20,1,491051,185393,48311,77945,1.4683896210873146,0.29598842552157306
4906,0.533,10,70,10,491121,185323,48321,77935,1.4678351919908756,0.2960403862370754
4907,0.5331,0,6,0,491127,185317,48321,77935,1.4677876694968952,0.2960471335450443
4908,0.5332,2,26,2,491153,185291,48323,77933,1.4675817386896464,0.2960710269580281
4909,0.5333,136,588,136,491741,184703,48459,77797,1.462924534279559,0.2963695238095238
4910,0.5334,1,7,1,491748,184696,48460,77796,1.4628690913699152,0.2963747466589458
4911,0.5335,6,51,6,491799,184645,48466,77790,1.462465150171081,0.2964162554537314
4912,0.5336,1,8,1,491807,184637,48467,77789,1.4624017868457737,0.296422610564502
4913,0.5337,9,34,9,491841,184603,48476,77780,1.4621324927132175,0.2964368880605832
4914,0.5338,6,15,6,491856,184588,48482,77774,1.4620136864782665,0.2964377463199701
4915,0.5339,4,7,4,491863,184581,48486,77770,1.4619582435686225,0.296434928778621
4916,0.534,32,129,32,491992,184452,48518,77738,1.460936509948042,0.2964949082726267
4917,0.5341,0,4,0,491996,184448,48518,77738,1.4609048282853885,0.2964994317011587
4918,0.5342,27,134,27,492130,184314,48545,77711,1.459843492586491,0.2965785707470661
4919,0.5343,10,55,10,492185,184259,48555,77701,1.4594078697250032,0.29661398686822416
4920,0.5344,3,18,3,492203,184241,48558,77698,1.4592653022430617,0.2966263137600739
4921,0.5345,2,23,2,492226,184218,48560,77696,1.459083132682803,0.29664699099704483
4922,0.5346,1,10,1,492236,184208,48561,77695,1.4590039285261691,0.2966556320469792
4923,0.5347,9,50,9,492286,184158,48570,77686,1.4586079077429983,0.296688104367486
4924,0.5348,4,21,4,492307,184137,48574,77682,1.4584415790140666,0.29670115614222037
4925,0.5349,4,8,4,492315,184129,48578,77678,1.4583782156887592,0.2966994770957232
4926,0.535,217,1056,217,493371,183073,48795,77461,1.4500142567481942,0.29731628117635317
4927,0.5351,2,8,2,493379,183065,48797,77459,1.4499508934228869,0.29732001658196555
4928,0.5352,3,30,3,493409,183035,48800,77456,1.4497132809529845,0.2973461655105167
4929,0.5353,8,44,8,493453,182991,48808,77448,1.449364782663794,0.2973748171356824
4930,0.5354,5,8,5,493461,182983,48813,77443,1.4493014193384868,0.29737046224263325
4931,0.5355,3,33,3,493494,182950,48816,77440,1.4490400456215942,0.2974000537655056
4932,0.5356,4,10,4,493504,182940,48820,77436,1.4489608414649602,0.29740068209051523
4933,0.5357,7,46,7,493550,182894,48827,77429,1.448596502344443,0.297434341183837
4934,0.5358,16,116,16,493666,182778,48843,77413,1.447677734127487,0.29752374217401834
4935,0.5359,4,8,4,493674,182770,48847,77409,1.4476143708021798,0.29752209056072937
4936,0.536,31,135,31,493809,182635,48878,77378,1.4465451146876187,0.29759281266705895
4937,0.5361,0,5,0,493814,182630,48878,77378,1.4465055126093018,0.29759853542967907
4938,0.5362,5,29,5,493843,182601,48883,77373,1.4462758205550628,0.29761822336079763
4939,0.5363,7,39,7,493882,182562,48890,77366,1.4459669243441895,0.29764396294358436
4940,0.5364,1,3,1,493885,182559,48891,77365,1.4459431630971993,0.29764469614194916
4941,0.5365,3,46,3,493931,182513,48894,77362,1.4455788239766822,0.29768927368927367
4942,0.5366,0,8,0,493939,182505,48894,77362,1.445515460651375,0.2976984380471549
4943,0.5367,131,582,131,494521,181923,49025,77231,1.440905778735268,0.29801199286910485
4944,0.5368,3,23,3,494544,181900,49028,77228,1.4407236091750095,0.2980303170633818
4945,0.5369,5,9,5,494553,181891,49033,77223,1.4406523254340389,0.2980271231967397
4946,0.537,15,41,15,494594,181850,49048,77208,1.4403275883918387,0.29803364497525653
4947,0.5371,2,10,2,494604,181840,49050,77206,1.4402483842352047,0.2980397303953738
4948,0.5372,7,33,7,494637,181807,49057,77199,1.439987010518312,0.2980587322301414
4949,0.5373,7,50,7,494687,181757,49064,77192,1.4395909897351413,0.29809730873646934
4950,0.5374,0,11,0,494698,181746,49064,77192,1.4395038651628438,0.29810997227135455
4951,0.5375,63,330,63,495028,181416,49127,77129,1.436890127993917,0.29831944148987605
4952,0.5376,0,16,0,495044,181400,49127,77129,1.4367634013433026,0.29833790406492117
4953,0.5377,19,56,19,495100,181344,49146,77110,1.4363198580661514,0.29835096380787296
4954,0.5378,7,34,7,495134,181310,49153,77103,1.4360505639335952,0.29837121197462974
4955,0.5379,6,20,6,495154,181290,49159,77097,1.435892155620327,0.29837801437378814
4956,0.538,16,90,16,495244,181200,49175,77081,1.4351793182106196,0.29843852238453467
4957,0.5381,1,11,1,495255,181189,49176,77080,1.435092193638322,0.29844851685645585
4958,0.5382,10,21,10,495276,181168,49186,77070,1.4349258649093903,0.2984456199320007
4959,0.5383,62,346,62,495622,180822,49248,77008,1.4321854010898492,0.29867742310824963
4960,0.5384,3,8,3,495630,180814,49251,77005,1.4321220377645418,0.29867853028675156
4961,0.5385,6,34,6,495664,180780,49257,76999,1.431852743631986,0.29870160098378845
4962,0.5386,2,12,2,495676,180768,49259,76997,1.4317576986440248,0.29871006536961964
4963,0.5387,9,55,9,495731,180713,49268,76988,1.4313220757825371,0.29874932576901136
4964,0.5388,6,25,6,495756,180688,49274,76982,1.4311240653909518,0.2987619823805643
4965,0.5389,3,7,3,495763,180681,49277,76979,1.4310686224813078,0.2987619343320655
4966,0.539,12,77,12,495840,180604,49289,76967,1.4304587504752249,0.298818578178444
4967,0.5391,3,6,3,495846,180598,49292,76964,1.4304112279812444,0.298817372127876
4968,0.5392,26,124,26,495970,180474,49318,76938,1.429429096438981,0.29889049461563566
4969,0.5393,11,63,11,496033,180411,49329,76927,1.428930110252186,0.2989336980935579
4970,0.5394,5,15,5,496048,180396,49334,76922,1.4288113040172348,0.2989375014573407
4971,0.5395,3,22,3,496070,180374,49337,76919,1.4286370548726397,0.2989548880070581
4972,0.5396,3,12,3,496082,180362,49340,76916,1.4285420098846788,0.2989606573434184
4973,0.5397,6,35,6,496117,180327,49346,76910,1.4282647953364593,0.29898498272021523
4974,0.5398,4,28,4,496145,180299,49350,76906,1.4280430236978836,0.29900662895355845
4975,0.5399,0,9,0,496154,180290,49350,76906,1.427971739956913,0.2990170920232041
4976,0.54,634,2915,634,499069,177375,49984,76272,1.404883728298061,0.3007013684372376
4977,0.5401,2,15,2,499084,177360,49986,76270,1.4047649220631098,0.3007136379765801
4978,0.5402,4,29,4,499113,177331,49990,76266,1.404535230008871,0.3007369961001116
4979,0.5403,5,24,5,499137,177307,49995,76261,1.404345140032949,0.3007516721352852
4980,0.5404,5,16,5,499153,177291,50000,76256,1.4042184133823343,0.30075686164695303
4981,0.5405,4,30,4,499183,177261,50004,76252,1.403980800912432,0.3007814194932804
4982,0.5406,2,10,2,499193,177251,50006,76250,1.4039015967557977,0.3007877680955894
4983,0.5407,18,44,18,499237,177207,50024,76232,1.4035530984666076,0.3007903282446664
4984,0.5408,26,127,26,499364,177080,50050,76206,1.402547205677354,0.3008693729617902
4985,0.5409,1,6,1,499370,177074,50051,76205,1.4024996831833734,0.30087374002582135
4986,0.541,20,96,20,499466,176978,50071,76185,1.4017393232796858,0.30093260073549455
4987,0.5411,4,12,4,499478,176966,50075,76181,1.4016442782917247,0.30093581989911
4988,0.5412,2,34,2,499512,176932,50077,76179,1.4013749841591687,0.3009707203558913
4989,0.5413,7,39,7,499551,176893,50084,76172,1.4010660879482955,0.30099776737201905
4990,0.5414,4,16,4,499567,176877,50088,76168,1.4009393612976808,0.3010057499654212
4991,0.5415,6,48,6,499615,176829,50094,76162,1.4005591813458371,0.30104628227881625
4992,0.5416,0,15,0,499630,176814,50094,76162,1.4004403751108858,0.3010641325659351
4993,0.5417,72,374,72,500004,176440,50166,76090,1.397478139652769,0.30131073535817526
4994,0.5418,4,21,4,500025,176419,50170,76086,1.3973118109238374,0.3013247262430447
4995,0.5419,0,11,0,500036,176408,50170,76086,1.3972246863515396,0.30133785357275816
4996,0.542,22,94,22,500130,176314,50192,76064,1.396480167279179,0.3013891860621766
4997,0.5421,4,14,4,500144,176300,50196,76060,1.396369281459891,0.3013948327785703
4998,0.5422,3,22,3,500166,176278,50199,76057,1.3961950323152958,0.3014128044068401
4999,0.5423,8,35,8,500201,176243,50207,76049,1.3959178177670764,0.30143246714124905
5000,0.5424,1,12,1,500213,176231,50208,76048,1.3958227727791155,0.30144403616630794
5001,0.5425,54,314,54,500527,175917,50262,75994,1.3933357622608034,0.3016700342581308
5002,0.5426,2,5,2,500532,175912,50264,75992,1.3932961601824865,0.30167047764227645
5003,0.5427,12,56,12,500588,175856,50276,75980,1.3928526169053352,0.3017042837402119
5004,0.5428,6,23,6,500611,175833,50282,75974,1.3926704473450766,0.3017152025162128
5005,0.5429,2,23,2,500634,175810,50284,75972,1.3924882777848182,0.30173721711639434
5006,0.543,10,54,10,500688,175756,50294,75962,1.3920605753389939,0.30177420764506313
5007,0.5431,1,17,1,500705,175739,50295,75961,1.3919259282727157,0.30179181565355584
5008,0.5432,8,31,8,500736,175708,50303,75953,1.39168039538715,0.30180679564970336
5009,0.5433,123,574,123,501310,175134,50426,75830,1.3871340767963503,0.30215489074130153
5010,0.5434,0,6,0,501316,175128,50426,75830,1.3870865543023698,0.30216211477617766
5011,0.5435,11,30,11,501346,175098,50437,75819,1.3868489418324674,0.30216764906323607
5012,0.5436,2,5,2,501351,175093,50439,75817,1.3868093397541503,0.3021681080865649
5013,0.5437,10,27,10,501378,175066,50449,75807,1.3865954885312382,0.30217281253861517
5014,0.5438,9,35,9,501413,175031,50458,75798,1.3863182739830187,0.3021899381650447
5015,0.5439,1,7,1,501420,175024,50459,75797,1.3862628310733747,0.3021955896834794
5016,0.544,26,114,26,501534,174910,50485,75771,1.3853599036877455,0.3022606420111616
5017,0.5441,2,7,2,501541,174903,50487,75769,1.3853044607781015,0.30226351566987936
5018,0.5442,24,137,24,501678,174766,50511,75745,1.384219363832214,0.30236197212896837
5019,0.5443,6,44,6,501722,174722,50517,75739,1.3838708655430236,0.30239837739208897
5020,0.5444,2,14,2,501736,174708,50519,75737,1.3837599797237359,0.30240971071492745
5021,0.5445,4,40,4,501776,174668,50523,75733,1.3834431630971993,0.3024468752121597
5022,0.5446,2,19,2,501795,174649,50525,75731,1.3832926751995944,0.30246425433341323
5023,0.5447,10,39,10,501834,174610,50535,75721,1.3829837789887214,0.3024835118303366
5024,0.5448,10,31,10,501865,174579,50545,75711,1.3827382461031554,0.3024931079947261
5025,0.5449,2,12,2,501877,174567,50547,75709,1.3826432011151946,0.30250203775032364
5026,0.545,251,1055,251,502932,173512,50798,75458,1.3742871625902928,0.303080692452906
5027,0.5451,0,9,0,502941,173503,50798,75458,1.374215878849322,0.3030916488927985
5028,0.5452,3,25,3,502966,173478,50801,75455,1.3740178684577367,0.30311368922561494
5029,0.5453,3,39,3,503005,173439,50804,75452,1.3737089722468636,0.3031527857576208
5030,0.5454,1,9,1,503014,173430,50805,75451,1.3736376885058927,0.303160948405061
5031,0.5455,5,47,5,503061,173383,50810,75446,1.3732654289697124,0.3032042085126734
5032,0.5456,2,11,2,503072,173372,50812,75444,1.3731783043974148,0.3032120120892547
5033,0.5457,9,58,9,503130,173314,50821,75435,1.3727189202889367,0.3032575005326655
5034,0.5458,26,132,26,503262,173182,50847,75409,1.371673425421366,0.3033456561178804
5035,0.5459,0,11,0,503273,173171,50847,75409,1.3715863008490685,0.3033590795719688
5036,0.546,31,116,31,503389,173055,50878,75378,1.3706675326321125,0.3034137976838826
5037,0.5461,0,5,0,503394,173050,50878,75378,1.3706279305537954,0.30341990435860694
5038,0.5462,2,12,2,503406,173038,50880,75376,1.3705328855658345,0.30342895327960584
5039,0.5463,7,37,7,503443,173001,50887,75369,1.3702398301862881,0.30345452349317553
5040,0.5464,3,3,3,503446,172998,50890,75366,1.370216068939298,0.3034497753297579
5041,0.5465,12,25,12,503471,172973,50902,75354,1.3700180585477126,0.30344666508273366
5042,0.5466,0,10,0,503481,172963,50902,75354,1.3699388543910784,0.3034588852152692
5043,0.5467,126,555,126,504036,172408,51028,75228,1.3655430236978836,0.3037845870551939
5044,0.5468,9,25,9,504061,172383,51037,75219,1.3653450133062983,0.30378995323139557
5045,0.5469,4,10,4,504071,172373,51041,75215,1.3652658091496641,0.30379097532998367
5046,0.547,7,40,7,504111,172333,51048,75208,1.3649489925231275,0.3038203772304386
5047,0.5471,3,19,3,504130,172314,51051,75205,1.3647985046255227,0.3038352611314687
5048,0.5472,1,16,1,504146,172298,51052,75204,1.364671777974908,0.3038520900841205
5049,0.5473,9,46,9,504192,172252,51061,75195,1.364307438854391,0.3038832558083145
5050,0.5474,2,11,2,504203,172241,51063,75193,1.3642203142820934,0.30389113864707357
5051,0.5475,72,302,72,504505,171939,51135,75121,1.3618283487517424,0.3040597425726544
5052,0.5476,1,8,1,504513,171931,51136,75120,1.361764985426435,0.30406677163824475
5053,0.5477,9,50,9,504563,171881,51145,75111,1.3613689646432645,0.30410296689771327
5054,0.5478,3,27,3,504590,171854,51148,75108,1.3611551134203523,0.3041277605461569
5055,0.5479,4,14,4,504604,171840,51152,75104,1.3610442276010646,0.3041337307243748
5056,0.548,17,105,17,504709,171735,51169,75087,1.360212583956406,0.3042151834115273
5057,0.5481,1,5,1,504714,171730,51170,75086,1.360172981878089,0.30421852716193437
5058,0.5482,2,24,2,504738,171706,51172,75084,1.359982891902167,0.30424247335791565
5059,0.5483,63,314,63,505052,171392,51235,75021,1.3574958813838551,0.3044522813325596
5060,0.5484,2,2,2,505054,171390,51237,75019,1.3574800405525282,0.3044491069725538
5061,0.5485,9,40,9,505094,171350,51246,75010,1.3571632239259916,0.304473128754668
5062,0.5486,2,15,2,505109,171335,51248,75008,1.3570444176910403,0.30448602152283605
5063,0.5487,7,30,7,505139,171305,51255,75001,1.356806805221138,0.3045033413721144
5064,0.5488,7,40,7,505179,171265,51262,74994,1.3564899885946013,0.30453303229526635
5065,0.5489,5,20,5,505199,171245,51267,74989,1.3563315802813332,0.30454364547544205
5066,0.549,17,74,17,505273,171171,51284,74972,1.3557454695222406,0.30458717087221654
5067,0.5491,3,11,3,505284,171160,51287,74969,1.355658344949943,0.30459230728601666
5068,0.5492,23,128,23,505412,171032,51310,74946,1.354644531745026,0.30468578490759335
5069,0.5493,12,63,12,505475,170969,51322,74934,1.354145545558231,0.3047299138278102
5070,0.5494,2,5,2,505480,170964,51324,74932,1.3541059434799139,0.3047304551517715
5071,0.5495,4,27,4,505507,170937,51328,74928,1.3538920922570017,0.30475260813861266
5072,0.5496,2,16,2,505523,170921,51330,74926,1.353765365606387,0.30476678584648176
5073,0.5497,2,44,2,505567,170877,51332,74924,1.353416867317197,0.3048156842323668
5074,0.5498,3,23,3,505590,170854,51335,74921,1.3532346977569383,0.30483572373105483
5075,0.5499,1,12,1,505602,170842,51336,74920,1.3531396527689774,0.3048477795590856
5076,0.55,662,2801,662,508403,168041,51998,74258,1.3309545684957547,0.30647258139736444
5077,0.5501,1,14,1,508417,168027,51999,74257,1.330843682676467,0.3064874279770847
5078,0.5502,2,30,2,508447,167997,52001,74255,1.3306060702065645,0.3065196572164523
5079,0.5503,6,32,6,508479,167965,52007,74249,1.3303526169053352,0.30654297439454364
5080,0.5504,3,8,3,508487,167957,52010,74246,1.330289253580028,0.3065445101836063
5081,0.5505,6,44,6,508531,167913,52016,74240,1.3299407552908378,0.3065830280855492
5082,0.5506,5,12,5,508543,167901,52021,74235,1.3298457103028767,0.3065839032609773
5083,0.5507,9,58,9,508601,167843,52030,74226,1.3293863261943988,0.3066315802519116
5084,0.5508,26,126,26,508727,167717,52056,74200,1.3283883538208086,0.3067167664942935
5085,0.5509,1,4,1,508731,167713,52057,74199,1.3283566721581548,0.30671897218823374
5086,0.551,17,74,17,508805,167639,52074,74182,1.3277705613990622,0.3067640941026627
5087,0.5511,6,13,6,508818,167626,52080,74176,1.3276675959954378,0.3067633849182389
5088,0.5512,6,13,6,508831,167613,52086,74170,1.3275646305918134,0.3067626756223556
5089,0.5513,7,23,7,508854,167590,52093,74163,1.327382461031555,0.3067717877337613
5090,0.5514,3,17,3,508871,167573,52096,74160,1.3272478139652768,0.3067847583904556
5091,0.5515,7,45,7,508916,167528,52103,74153,1.3268913952604233,0.30682180229310535
5092,0.5516,1,15,1,508931,167513,52104,74152,1.326772589025472,0.30683797819295305
5093,0.5517,73,361,73,509292,167152,52177,74079,1.3239133189709795,0.3070873975566988
5094,0.5518,8,22,8,509314,167130,52185,74071,1.3237390698263845,0.30709242498994616
5095,0.5519,3,6,3,509320,167124,52188,74068,1.323691547332404,0.3070914458190985
5096,0.552,15,80,15,509400,167044,52203,74053,1.3230579140793308,0.307150234138127
5097,0.5521,2,16,2,509416,167028,52205,74051,1.3229311874287162,0.3071648712662654
5098,0.5522,6,26,6,509442,167002,52211,74045,1.3227252566214676,0.3071807572797006
5099,0.5523,9,43,9,509485,166959,52220,74036,1.3223846787479407,0.30720969314716073
5100,0.5524,1,9,1,509494,166950,52221,74035,1.3223133950069699,0.30721829159491254
5101,0.5525,59,298,59,509792,166652,52280,73976,1.3199531111392726,0.30742889439300497
5102,0.5526,0,2,0,509794,166650,52280,73976,1.3199372703079457,0.307431449635534
5103,0.5527,5,48,5,509842,166602,52285,73971,1.3195570903561018,0.3074783953311469
5104,0.5528,6,21,6,509863,166581,52291,73965,1.3193907616271703,0.3074879648798982
5105,0.5529,7,22,7,509885,166559,52298,73958,1.319216512482575,0.30749593583821516
5106,0.553,11,50,11,509935,166509,52309,73947,1.3188204916994044,0.3075281964267891
5107,0.5531,7,11,7,509946,166498,52316,73940,1.3187333671271069,0.3075221054908126
5108,0.5532,5,38,5,509984,166460,52321,73935,1.3184323913318972,0.3075563135672539
5109,0.5533,119,547,119,510531,165913,52440,73816,1.3140999239640097,0.30791435329059064
5110,0.5534,0,5,0,510536,165908,52440,73816,1.3140603218856926,0.307920775558559
5111,0.5535,7,40,7,510576,165868,52447,73809,1.313743505259156,0.30795195200206943
5112,0.5536,1,9,1,510585,165859,52448,73808,1.3136722215181853,0.30796062870566243
5113,0.5537,7,25,7,510610,165834,52455,73801,1.3134742111266,0.30797254157364323
5114,0.5538,8,34,8,510644,165800,52463,73793,1.3132049169940438,0.30799313836380865
5115,0.5539,2,11,2,510655,165789,52465,73791,1.3131177924217463,0.3080015026296018
5116,0.554,27,123,27,510778,165666,52492,73764,1.3121435812951463,0.3080816940233054
5117,0.5541,1,3,1,510781,165663,52493,73763,1.312119820048156,0.30808266437229037
5118,0.5542,18,127,18,510908,165536,52511,73745,1.3111139272589025,0.308194131585876
5119,0.5543,12,61,12,510969,165475,52523,73733,1.3106307819034342,0.308238018795358
5120,0.5544,2,18,2,510987,165457,52525,73731,1.3104882144214929,0.30825543087445856
5121,0.5545,10,22,10,511009,165435,52535,73721,1.3103139652768978,0.30825486293465354
5122,0.5546,5,10,5,511019,165425,52540,73716,1.3102347611202636,0.30825328990010076
5123,0.5547,7,36,7,511055,165389,52547,73709,1.3099496261563808,0.30827945026725445
5124,0.5548,2,21,2,511076,165368,52549,73707,1.309783297427449,0.30830074244483946
5125,0.5549,3,6,3,511082,165362,52552,73704,1.3097357749334686,0.3082998000552149
5126,0.555,238,981,238,512063,164381,52790,73466,1.3019658471676594,0.3088792374930102
5127,0.5551,1,11,1,512074,164370,52791,73465,1.3018787225953619,0.30889061744486723
5128,0.5552,5,25,5,512099,164345,52796,73460,1.3016807122037763,0.30890855953407204
5129,0.5553,2,32,2,512131,164313,52798,73458,1.3014272589025473,0.30894432037548736
5130,0.5554,2,12,2,512143,164301,52800,73456,1.3013322139145862,0.3089541001947366
5131,0.5555,6,24,6,512167,164277,52806,73450,1.3011421239386642,0.30896784967630936
5132,0.5556,2,11,2,512178,164266,52808,73448,1.3010549993663667,0.30897633290424625
5133,0.5557,10,57,10,512235,164209,52818,73438,1.3006035356735521,0.3090213636191494
5134,0.5558,27,115,27,512350,164094,52845,73411,1.2996926878722594,0.30909244015915455
5135,0.5559,1,10,1,512360,164084,52846,73410,1.2996134837156255,0.3091025457485242
5136,0.556,35,123,35,512483,163961,52881,73375,1.2986392725890255,0.309160852125257
5137,0.5561,3,15,3,512498,163946,52884,73372,1.2985204663540744,0.30917165996679563
5138,0.5562,6,38,6,512536,163908,52890,73366,1.2982194905588644,0.3092037054207372
5139,0.5563,1,32,1,512568,163876,52891,73365,1.2979660372576354,0.3092425002423696
5140,0.5564,2,15,2,512583,163861,52893,73363,1.297847231022684,0.3092562303982734
5141,0.5565,6,27,6,512610,163834,52899,73357,1.297633379799772,0.30927396064774804
5142,0.5566,2,3,2,512613,163831,52901,73355,1.2976096185527817,0.3092720480972739
5143,0.5567,143,558,143,513171,163273,53044,73212,1.2931900266125966,0.3095841173858807
5144,0.5568,3,27,3,513198,163246,53047,73209,1.2929761753896845,0.3096107081685733
5145,0.5569,3,14,3,513212,163232,53050,73206,1.2928652895703967,0.30962028100389954
5146,0.557,16,40,16,513252,163192,53066,73190,1.29254847294386,0.3096259444458546
5147,0.5571,6,12,6,513264,163180,53072,73184,1.292453427955899,0.3096241390397861
5148,0.5572,6,19,6,513283,163161,53078,73178,1.2923029400582942,0.30963150389906025
5149,0.5573,5,46,5,513329,163115,53083,73173,1.2919386009377771,0.3096771736186349
5150,0.5574,4,14,4,513343,163101,53087,73169,1.2918277151184894,0.30968383628899143
5151,0.5575,58,333,58,513676,162768,53145,73111,1.2891902167025726,0.30995128858440135
5152,0.5576,4,14,4,513690,162754,53149,73107,1.2890793308832849,0.30995798372770406
5153,0.5577,6,41,6,513731,162713,53155,73101,1.2887545938410847,0.30999431755536144
5154,0.5578,3,28,3,513759,162685,53158,73098,1.2885328222025092,0.3100223510600849
5155,0.5579,1,14,1,513773,162671,53159,73097,1.2884219363832214,0.3100378338027213
5156,0.558,22,83,22,513856,162588,53181,73075,1.287764541883158,0.31008261797566866
5157,0.5581,0,6,0,513862,162582,53181,73075,1.2877170193891776,0.31009051290647
5158,0.5582,6,26,6,513888,162556,53187,73069,1.2875110885819288,0.3101071618037135
5159,0.5583,63,349,63,514237,162207,53250,73006,1.2847468635153974,0.310382504368381
5160,0.5584,0,7,0,514244,162200,53250,73006,1.2846914206057534,0.31039174170726935
5161,0.5585,12,34,12,514278,162166,53262,72994,1.2844221264731974,0.31040142881442423
5162,0.5586,6,14,6,514292,162152,53268,72988,1.2843112406539094,0.3104023135153526
5163,0.5587,8,37,8,514329,162115,53276,72980,1.2840181852743633,0.3104276994406516
5164,0.5588,5,26,5,514355,162089,53281,72975,1.2838122544671144,0.3104473675254399
5165,0.5589,2,10,2,514365,162079,53283,72973,1.2837330503104802,0.31045470789442337
5166,0.559,16,74,16,514439,162005,53299,72957,1.2831469395513877,0.31050552855355334
5167,0.5591,2,12,2,514451,161993,53301,72955,1.2830518945634266,0.3105155183274597
5168,0.5592,34,120,34,514571,161873,53335,72921,1.282101444683817,0.3105743758358391
5169,0.5593,14,52,14,514623,161821,53349,72907,1.2816895830693196,0.3106020585528782
5170,0.5594,3,12,3,514635,161809,53352,72904,1.2815945380813585,0.3106091268911394
5171,0.5595,7,30,7,514665,161779,53359,72897,1.281356925611456,0.31062827046651553
5172,0.5596,5,26,5,514691,161753,53364,72892,1.2811509948042072,0.3106480001704703
5173,0.5597,7,29,7,514720,161724,53371,72885,1.2809213027499684,0.31066583123409586
5174,0.5598,4,19,4,514739,161705,53375,72881,1.2807708148523635,0.31067923917028295
5175,0.5599,1,10,1,514749,161695,53376,72880,1.2806916106957293,0.31068954492166684
5176,0.56,586,2803,586,517552,158892,53962,72294,1.2584906855911797,0.31270924709973785
5177,0.5601,1,9,1,517561,158883,53963,72293,1.258419401850209,0.31271844828182854
5178,0.5602,5,24,5,517585,158859,53968,72288,1.258229311874287,0.31273605108437486
5179,0.5603,7,27,7,517612,158832,53975,72281,1.258015460651375,0.3127517707787965
5180,0.5604,5,7,5,517619,158825,53980,72276,1.2579600177417312,0.31274637496159685
5181,0.5605,4,33,4,517652,158792,53984,72272,1.2576986440248383,0.31277914344077834
5182,0.5606,0,6,0,517658,158786,53984,72272,1.257651121530858,0.3127872655350605
5183,0.5607,10,43,10,517701,158743,53994,72262,1.257310543657331,0.3128157399190494
5184,0.5608,28,122,28,517823,158621,54022,72234,1.2563442529463946,0.3128977063524723
5185,0.5609,0,9,0,517832,158612,54022,72234,1.256272969205424,0.31290990530483526
5186,0.561,17,83,17,517915,158529,54039,72217,1.2556155747053606,0.31297183916514265
5187,0.5611,4,9,4,517924,158520,54043,72213,1.25554429096439,0.3129721366254502
5188,0.5612,6,28,6,517952,158492,54049,72207,1.2553225193258142,0.31299225397596003
5189,0.5613,3,25,3,517977,158467,54052,72204,1.2551245089342289,0.31301724100558803
5190,0.5614,0,15,0,517992,158452,54052,72204,1.2550057026992776,0.31303759711431745
5191,0.5615,8,34,8,518026,158418,54060,72196,1.2547364085667216,0.31305991830504654
5192,0.5616,2,14,2,518040,158404,54062,72194,1.2546255227474339,0.31307296680803826
5193,0.5617,75,319,75,518359,158085,54137,72119,1.2520989101508047,0.3132830011641848
5194,0.5618,4,29,4,518388,158056,54141,72115,1.2518692180965658,0.31331053868645486
5195,0.5619,2,9,2,518397,158047,54143,72113,1.251797934355595,0.3133168230795968
5196,0.562,16,75,16,518472,157972,54159,72097,1.2512039031808389,0.3133712060294955
5197,0.5621,6,12,6,518484,157960,54165,72091,1.251108858192878,0.31336964412239027
5198,0.5622,5,23,5,518507,157937,54170,72086,1.2509266886326194,0.31338605269907793
5199,0.5623,9,25,9,518532,157912,54179,72077,1.250728678241034,0.31339324924235507
5200,0.5624,1,7,1,518539,157905,54180,72076,1.2506732353313903,0.3133998025923881
5201,0.5625,62,287,62,518826,157618,54242,72014,1.2484000760359903,0.31360611761426976
5202,0.5626,1,13,1,518839,157605,54243,72013,1.248297110632366,0.3136208833802228
5203,0.5627,6,63,6,518902,157542,54249,72007,1.247798124445571,0.3136890162884613
5204,0.5628,3,24,3,518926,157518,54252,72004,1.247608034469649,0.3137128466987914
5205,0.5629,3,19,3,518945,157499,54255,72001,1.247457546572044,0.3137298474945534
5206,0.563,3,59,3,519004,157440,54258,71998,1.2469902420479027,0.31380154987404
5207,0.5631,1,13,1,519017,157427,54259,71997,1.2468872766442782,0.3138163400516075
5208,0.5632,3,35,3,519052,157392,54262,71994,1.2466100620960587,0.3138552483586618
5209,0.5633,128,514,128,519566,156878,54390,71866,1.242538968445064,0.31417654670723605
5210,0.5634,1,7,1,519573,156871,54391,71865,1.24248352553542,0.3141831631225518
5211,0.5635,4,31,4,519604,156840,54395,71861,1.2422379926498544,0.3142137550775904
5212,0.5636,1,8,1,519612,156832,54396,71860,1.242174629324547,0.31422174802791525
5213,0.5637,3,29,3,519641,156803,54399,71857,1.241944937270308,0.31425260211667977
5214,0.5638,5,41,5,519682,156762,54404,71852,1.241620200228108,0.31429396274943794
5215,0.5639,2,8,2,519690,156754,54406,71850,1.2415568369028007,0.3142989623978583
5216,0.564,27,116,27,519806,156638,54433,71823,1.2406380686858447,0.3143775086338587
5217,0.5641,0,9,0,519815,156629,54433,71823,1.2405667849448738,0.3143898937194684
5218,0.5642,26,116,26,519931,156513,54459,71797,1.2396480167279178,0.31447155183741404
5219,0.5643,13,56,13,519987,156457,54472,71784,1.2392044734507668,0.3145096630316201
5220,0.5644,3,6,3,519993,156451,54475,71781,1.2391569509567861,0.31450892074730974
5221,0.5645,5,33,5,520026,156418,54480,71776,1.2388955772398935,0.3145393831564371
5222,0.5646,5,15,5,520041,156403,54485,71771,1.2387767710049424,0.314545040188628
5223,0.5647,12,39,12,520080,156364,54497,71759,1.2384678747940692,0.31456275781047943
5224,0.5648,6,19,6,520099,156345,54503,71753,1.2383173868964643,0.31457093003884296
5225,0.5649,2,8,2,520107,156337,54505,71751,1.238254023571157,0.314575953140893
5226,0.565,244,972,244,521079,155365,54749,71507,1.2305553795463187,0.3151865369018654
5227,0.5651,2,5,2,521084,155360,54751,71505,1.2305157774680016,0.31518744627862383
5228,0.5652,5,30,5,521114,155330,54756,71500,1.2302781649980992,0.3152140369439668
5229,0.5653,6,43,6,521157,155287,54762,71494,1.2299375871245724,0.3152556872048364
5230,0.5654,0,9,0,521166,155278,54762,71494,1.2298663033836015,0.31526819889580726
5231,0.5655,13,37,13,521203,155241,54775,71481,1.2295732480040553,0.3152803874348321
5232,0.5656,4,14,4,521217,155227,54779,71477,1.2294623621847676,0.3152877761309902
5233,0.5657,8,59,8,521276,155168,54787,71469,1.2289950576606261,0.315345684949942
5234,0.5658,25,118,25,521394,155050,54812,71444,1.2280604486123432,0.31543440444338483
5235,0.5659,0,13,0,521407,155037,54812,71444,1.2279574832087188,0.3154525103651079
5236,0.566,30,108,30,521515,154929,54842,71414,1.22710207831707,0.3155122977074617
5237,0.5661,1,6,1,521521,154923,54843,71413,1.2270545558230896,0.31551763749469813
5238,0.5662,7,19,7,521540,154904,54850,71406,1.2269040679254848,0.3155229552383898
5239,0.5663,10,32,10,521572,154872,54860,71396,1.2266506146242555,0.31553732741704527
5240,0.5664,1,18,1,521590,154854,54861,71395,1.226508047142314,0.3155594057874289
5241,0.5665,7,50,7,521640,154804,54868,71388,1.2261120263591434,0.3156079790620358
5242,0.5666,1,6,1,521646,154798,54869,71387,1.2260645038651627,0.31561332537524595
5243,0.5667,144,531,144,522177,154267,55013,71243,1.22185876314789,0.3159194714203361
5244,0.5668,8,18,8,522195,154249,55021,71235,1.2217161956659486,0.3159204200741516
5245,0.5669,0,11,0,522206,154238,55021,71235,1.221629071093651,0.3159358326717611
5246,0.567,7,48,7,522254,154190,55028,71228,1.2212488911418071,0.3159818648022784
5247,0.5671,0,17,0,522271,154173,55028,71228,1.2211142440755292,0.31600569651421245
5248,0.5672,4,14,4,522285,154159,55032,71224,1.2210033582562412,0.3160131864426332
5249,0.5673,12,42,12,522327,154117,55044,71212,1.220670700798378,0.31603566340772826
5250,0.5674,2,8,2,522335,154109,55046,71210,1.2206073374730706,0.31604081324699645
5251,0.5675,68,256,68,522591,153853,55114,71142,1.2185797110632366,0.3161936931931821
5252,0.5676,1,14,1,522605,153839,55115,71141,1.2184688252439488,0.31621032980709396
5253,0.5677,12,31,12,522636,153808,55127,71129,1.218223292358383,0.3162174297692243
5254,0.5678,5,20,5,522656,153788,55132,71124,1.2180648840451147,0.3162303478693889
5255,0.5679,3,6,3,522662,153782,55135,71121,1.2180173615511343,0.31622966345491166
5256,0.568,18,68,18,522730,153714,55153,71103,1.217478773286022,0.3162705667276051
5257,0.5681,4,8,4,522738,153706,55157,71099,1.2174154099607148,0.31626965592402306
5258,0.5682,10,38,10,522776,153668,55167,71089,1.217114434165505,0.3162927072349248
5259,0.5683,62,359,62,523135,153309,55229,71027,1.2142710049423393,0.31660990656871835
5260,0.5684,1,6,1,523141,153303,55230,71026,1.2142234824483589,0.31661532837930007
5261,0.5685,5,31,5,523172,153272,55235,71021,1.2139779495627931,0.3166438542442252
5262,0.5686,2,11,2,523183,153261,55237,71019,1.2138908249904956,0.31665329052969504
5263,0.5687,10,33,10,523216,153228,55247,71009,1.2136294512736028,0.31666941673318855
5264,0.5688,2,34,2,523250,153194,55249,71007,1.2133601571410468,0.3167113438387875
5265,0.5689,4,12,4,523262,153182,55253,71003,1.2132651121530857,0.31671610500256486
5266,0.569,18,59,18,523321,153123,55271,70985,1.2127978076289443,0.31674460527959736
5267,0.5691,3,3,3,523324,153120,55274,70982,1.212774046381954,0.3167396988871139
5268,0.5692,33,80,33,523404,153040,55307,70949,1.212140413128881,0.31675216193652367
5269,0.5693,14,56,14,523460,152984,55321,70935,1.2116968698517299,0.3167886601851562
5270,0.5694,2,9,2,523469,152975,55323,70933,1.211625586110759,0.3167952909230577
5271,0.5695,6,30,6,523499,152945,55329,70927,1.2113879736408566,0.3168194325328759
5272,0.5696,2,9,2,523508,152936,55331,70925,1.211316689899886,0.31682606617499254
5273,0.5697,8,24,8,523532,152912,55339,70917,1.211126599923964,0.316835620049234
5274,0.5698,9,19,9,523551,152893,55348,70908,1.2109761120263591,0.31683504541981494
5275,0.5699,5,7,5,523558,152886,55353,70903,1.2109206691167151,0.3168296922547578
5276,0.57,653,2670,653,526228,150216,56006,70250,1.1897731592953997,0.31864323750601
5277,0.5701,1,7,1,526235,150209,56007,70249,1.189717716385756,0.3186502644494643
5278,0.5702,6,28,6,526263,150181,56013,70243,1.1894959447471802,0.318672195405219
5279,0.5703,2,24,2,526287,150157,56015,70241,1.1893058547712585,0.31870071416256046
5280,0.5704,2,10,2,526297,150147,56017,70239,1.1892266506146243,0.3187089924042362
5281,0.5705,3,28,3,526325,150119,56020,70236,1.1890048789760486,0.3187402146536271
5282,0.5706,2,3,2,526328,150116,56022,70234,1.1889811177290583,0.318738370773769
5283,0.5707,8,54,8,526382,150062,56030,70226,1.188553415283234,0.31879176350958743
5284,0.5708,25,97,25,526479,149965,56055,70201,1.1877851349638828,0.31885486405712055
5285,0.5709,0,3,0,526482,149962,56055,70201,1.1877613737168926,0.3188592088588909
5286,0.571,15,78,15,526560,149884,56070,70186,1.1871435812951463,0.318925796337529
5287,0.5711,1,6,1,526566,149878,56071,70185,1.1870960588011659,0.31893139691815525
5288,0.5712,6,23,6,526589,149855,56077,70179,1.1869138892409075,0.31894616286573896
5289,0.5713,7,42,7,526631,149813,56084,70172,1.186581231783044,0.3189853853671841
5290,0.5714,3,7,3,526638,149806,56087,70169,1.1865257888734,0.31898624843732243
5291,0.5715,5,33,5,526671,149773,56092,70164,1.1862644151565074,0.3190186280616722
5292,0.5716,3,6,3,526677,149767,56095,70161,1.186216892662527,0.31901804226837877
5293,0.5717,90,292,90,526969,149475,56185,70071,1.1839041312888101,0.31916318220327405
5294,0.5718,6,30,6,526999,149445,56191,70065,1.1836665188189077,0.3191881918819188
5295,0.5719,2,7,2,527006,149438,56193,70063,1.1836110759092637,0.31919216768944103
5296,0.572,14,64,14,527070,149374,56207,70049,1.1831041693068052,0.31924182970791576
5297,0.5721,6,15,6,527085,149359,56213,70043,1.182985363071854,0.31924503878724897
5298,0.5722,5,32,5,527117,149327,56218,70038,1.1827319097706248,0.3192760923574864
5299,0.5723,10,43,10,527160,149284,56228,70028,1.182391331897098,0.3193076530240023
5300,0.5724,4,10,4,527170,149274,56232,70024,1.1823121277404638,0.31930979762697337
5301,0.5725,67,270,67,527440,149004,56299,69957,1.180173615511342,0.31949525257922645
5302,0.5726,2,10,2,527450,148994,56301,69955,1.1800944113547078,0.31950362869892074
5303,0.5727,12,42,12,527492,148952,56313,69943,1.1797617538968446,0.31952762740126545
5304,0.5728,6,19,6,527511,148933,56319,69937,1.1796112659992397,0.3195367112898067
5305,0.5729,6,24,6,527535,148909,56325,69931,1.1794211760233178,0.31955309815390237
5306,0.573,8,50,8,527585,148859,56333,69923,1.179025155240147,0.31960124690331015
5307,0.5731,2,6,2,527591,148853,56335,69921,1.1789776327461665,0.3196037920411018
5308,0.5732,4,29,4,527620,148824,56339,69917,1.1787479406919275,0.31963372207313673
5309,0.5733,147,499,147,528119,148325,56486,69770,1.1747956532758839,0.3199064627799812
5310,0.5734,4,6,4,528125,148319,56490,69766,1.1747481307819034,0.31990279019648304
5311,0.5735,7,35,7,528160,148284,56497,69759,1.174470916233684,0.3199323069302844
5312,0.5736,4,8,4,528168,148276,56501,69755,1.1744075529083766,0.31993156936398953
5313,0.5737,5,41,5,528209,148235,56506,69750,1.1740828158661767,0.3199761451476019
5314,0.5738,4,41,4,528250,148194,56510,69746,1.1737580788239768,0.3200238597779205
5315,0.5739,4,8,4,528258,148186,56514,69742,1.1736947154986694,0.3200231269042987
5316,0.574,23,101,23,528359,148085,56537,69719,1.1728947535166645,0.32009972268645204
5317,0.5741,1,3,1,528362,148082,56538,69718,1.1728709922696743,0.3201010101010101
5318,0.5742,31,113,31,528475,147969,56569,69687,1.1719759852997085,0.32017036056897125
5319,0.5743,15,56,15,528531,147913,56584,69672,1.1715324420225572,0.32020589654617737
5320,0.5744,0,5,0,528536,147908,56584,69672,1.1714928399442404,0.32021325489475133
5321,0.5745,5,36,5,528572,147872,56589,69667,1.1712077049803573,0.3202506217275983
5322,0.5746,1,11,1,528583,147861,56590,69666,1.1711205804080598,0.3202636914038257
5323,0.5747,9,40,9,528623,147821,56599,69657,1.1708037637815232,0.32029446656673316
5324,0.5748,6,17,6,528640,147804,56605,69651,1.1706691167152452,0.32030075187969925
5325,0.5749,1,13,1,528653,147791,56606,69650,1.1705661513116208,0.32031677558510124
5326,0.575,238,908,238,529561,146883,56844,69412,1.163374413889241,0.320913567118981
5327,0.5751,0,7,0,529568,146876,56844,69412,1.163318970979597,0.3209239532475218
5328,0.5752,8,21,8,529589,146855,56852,69404,1.1631526422506653,0.320929995977046
5329,0.5753,8,32,8,529621,146823,56860,69396,1.162899188949436,0.32095236773826535
5330,0.5754,2,14,2,529635,146809,56862,69394,1.1627883031301482,0.3209668690998737
5331,0.5755,11,19,11,529654,146790,56873,69383,1.1626378152325434,0.3209605269853312
5332,0.5756,3,10,3,529664,146780,56876,69380,1.1625586110759092,0.3209659511472983
5333,0.5757,11,51,11,529715,146729,56887,69369,1.162154669877075,0.3210071356514174
5334,0.5758,21,106,21,529821,146623,56908,69348,1.1613151058167532,0.32109866602460513
5335,0.5759,1,8,1,529829,146615,56909,69347,1.161251742491446,0.32110741704559137
5336,0.576,27,107,27,529936,146508,56936,69320,1.1604042580154605,0.32118168170950945
5337,0.5761,1,14,1,529950,146494,56937,69319,1.1602933721961728,0.3211993716782585
5338,0.5762,6,16,6,529966,146478,56943,69313,1.1601666455455582,0.321204313432905
5339,0.5763,7,37,7,530003,146441,56950,69306,1.159873590166012,0.3212373752589839
5340,0.5764,1,15,1,530018,146426,56951,69305,1.1597547839310607,0.3212565648886808
5341,0.5765,4,24,4,530042,146402,56955,69301,1.1595646939551387,0.32127972258151255
5342,0.5766,2,9,2,530051,146393,56957,69299,1.159493410214168,0.3212868349312909
5343,0.5767,104,548,104,530599,145845,57061,69195,1.1551530224306172,0.32177734375
5344,0.5768,5,32,5,530631,145813,57066,69190,1.154899569129388,0.32180946312377035
5345,0.5769,3,7,3,530638,145806,57069,69187,1.154844126219744,0.32181047755043185
5346,0.577,8,42,8,530680,145764,57077,69179,1.1545114687618807,0.3218481178731106
5347,0.5771,6,12,6,530692,145752,57083,69173,1.1544164237739196,0.3218471559846458
5348,0.5772,1,20,1,530712,145732,57084,69172,1.1542580154606514,0.32187395302088373
5349,0.5773,11,36,11,530748,145696,57095,69161,1.1539728804967684,0.3218931661523711
5350,0.5774,3,16,3,530764,145680,57098,69158,1.1538461538461537,0.32190766996527614
5351,0.5775,65,272,65,531036,145408,57163,69093,1.1516918007857053,0.3221103864317649
5352,0.5776,4,10,4,531046,145398,57167,69089,1.1516125966290711,0.3221127620788206
5353,0.5777,5,46,5,531092,145352,57172,69084,1.151248257508554,0.3221660542073159
5354,0.5778,2,19,2,531111,145333,57174,69082,1.1510977696109492,0.3221882797378915
5355,0.5779,6,13,6,531124,145320,57180,69076,1.1509948042073248,0.3221888468068434
5356,0.578,17,90,17,531214,145230,57197,69059,1.1502819667976176,0.3222703918539916
5357,0.5781,2,6,2,531220,145224,57199,69057,1.150234444303637,0.32227309000798016
5358,0.5782,4,21,4,531241,145203,57203,69053,1.1500681155747055,0.3222920244940632
5359,0.5783,77,282,77,531523,144921,57280,68976,1.1478345583576226,0.3224729659602519
5360,0.5784,4,21,4,531544,144900,57284,68972,1.1476682296286909,0.3224919578065385
5361,0.5785,6,32,6,531576,144868,57290,68966,1.1474147763274616,0.3225212080398814
5362,0.5786,3,25,3,531601,144843,57293,68963,1.1472167659358763,0.3225494139547066
5363,0.5787,10,47,10,531648,144796,57303,68953,1.146844506399696,0.32258864368956114
5364,0.5788,12,26,12,531674,144770,57315,68941,1.146638575592447,0.32258985265147794
5365,0.5789,0,7,0,531681,144763,57315,68941,1.146583132682803,0.3226004192715157
5366,0.579,14,74,14,531755,144689,57329,68927,1.1459970219237106,0.32266777769455474
5367,0.5791,1,7,1,531762,144682,57330,68926,1.1459415790140666,0.3226751807048425
5368,0.5792,30,121,30,531883,144561,57360,68896,1.1449832087187937,0.322762898382344
5369,0.5793,22,64,22,531947,144497,57382,68874,1.144476302116335,0.32278988241138673
5370,0.5794,3,16,3,531963,144481,57385,68871,1.1443495754657205,0.3228045671003787
5371,0.5795,7,24,7,531987,144457,57392,68864,1.1441594854897985,0.322818662953952
5372,0.5796,5,9,5,531996,144448,57397,68859,1.1440882017488279,0.32281641015062795
5373,0.5797,7,29,7,532025,144419,57404,68852,1.1438585096945888,0.3228380792512812
5374,0.5798,6,22,6,532047,144397,57410,68846,1.1436842605499937,0.3228523327846635
5375,0.5799,1,3,1,532050,144394,57411,68845,1.1436604993030035,0.32285369937019026
5376,0.58,664,2554,664,534604,141840,58075,68181,1.1234317576986441,0.32463896467496106
5377,0.5801,1,11,1,534615,141829,58076,68180,1.1233446331263466,0.3246527529772534
5378,0.5802,7,27,7,534642,141802,58083,68173,1.1231307819034342,0.32467198476009046
5379,0.5803,5,31,5,534673,141771,58088,68168,1.1228852490178685,0.32470384254473916
5380,0.5804,2,15,2,534688,141756,58090,68166,1.1227664427829172,0.3247206105124761
5381,0.5805,6,24,6,534712,141732,58096,68160,1.1225763528069954,0.32473843691041104
5382,0.5806,0,7,0,534719,141725,58096,68160,1.1225209098973514,0.3247492674559878
5383,0.5807,18,39,18,534758,141686,58114,68142,1.1222120136864782,0.32475170139352233
5384,0.5808,27,109,27,534867,141577,58141,68115,1.1213486883791661,0.3248335654197585
5385,0.5809,0,7,0,534874,141570,58141,68115,1.1212932454695221,0.3248444094713499
5386,0.581,26,64,26,534938,141506,58167,68089,1.1207863388670638,0.32485984875593404
5387,0.5811,2,9,2,534947,141497,58169,68087,1.120715055126093,0.32486735628673946
5388,0.5812,6,22,6,534969,141475,58175,68081,1.1205408059814979,0.3248821317452137
5389,0.5813,8,39,8,535008,141436,58183,68073,1.1202319097706248,0.3249168293486199
5390,0.5814,2,9,2,535017,141427,58185,68071,1.120160626029654,0.3249243429531547
5391,0.5815,2,29,2,535046,141398,58187,68069,1.119930933975415,0.32496288198140993
5392,0.5816,2,5,2,535051,141393,58189,68067,1.119891331897098,0.3249641936407906
5393,0.5817,73,264,73,535315,141129,58262,67994,1.1178003421619567,0.3251387939155425
5394,0.5818,6,25,6,535340,141104,58268,67988,1.1176023317703714,0.3251583035218947
5395,0.5819,2,9,2,535349,141095,58270,67986,1.1175310480294005,0.3251658448161239
5396,0.582,20,71,20,535420,141024,58290,67966,1.1169686985172982,0.3252117326187856
5397,0.5821,5,18,5,535438,141006,58295,67961,1.1168261310353567,0.3252235998985486
5398,0.5822,3,20,3,535458,140986,58298,67958,1.1166677227220885,0.32524504173367025
5399,0.5823,8,39,8,535497,140947,58306,67950,1.1163588265112152,0.3252799226413017
5400,0.5824,2,7,2,535504,140940,58308,67948,1.1163033836015714,0.3252843629121826
5401,0.5825,69,234,69,535738,140706,58377,67879,1.1144500063363325,0.32542608528897093
5402,0.5826,3,8,3,535746,140698,58380,67876,1.1143866430110252,0.32542886457564224
5403,0.5827,7,39,7,535785,140659,58387,67869,1.1140777468001521,0.3254670835571242
5404,0.5828,3,16,3,535801,140643,58390,67866,1.1139510201495375,0.32548235327971453
5405,0.5829,2,18,2,535819,140625,58392,67864,1.113808452667596,0.3255039834235859
5406,0.583,13,42,13,535861,140583,58405,67851,1.1134757952097325,0.3255275051095311
5407,0.5831,1,4,1,535865,140579,58406,67850,1.113444113547079,0.32553051638687514
5408,0.5832,7,23,7,535888,140556,58413,67843,1.1132619439868203,0.32554378859783395
5409,0.5833,136,468,136,536356,140088,58549,67707,1.1095551894563427,0.3258355590846748
5410,0.5834,3,8,3,536364,140080,58552,67704,1.1094918261310354,0.3258383706156393
5411,0.5835,8,36,8,536400,140044,58560,67696,1.1092066911671525,0.3258688745547319
5412,0.5836,2,12,2,536412,140032,58562,67694,1.1091116461791914,0.32588120890018585
5413,0.5837,3,22,3,536434,140010,58565,67691,1.1089373970345964,0.32590598986042435
5414,0.5838,11,35,11,536469,139975,58576,67680,1.1086601824863769,0.32592521249187356
5415,0.5839,3,14,3,536483,139961,58579,67677,1.1085492966670891,0.3259374488292124
5416,0.584,28,95,28,536578,139866,58607,67649,1.1077968571790648,0.3259957111534106
5417,0.5841,1,2,1,536580,139864,58608,67648,1.107781016347738,0.32599560507344155
5418,0.5842,18,91,18,536671,139773,58626,67630,1.1070602585223672,0.3260801434887634
5419,0.5843,12,46,12,536717,139727,58638,67618,1.1066959194018502,0.32611348236031734
5420,0.5844,1,14,1,536731,139713,58639,67617,1.1065850335825624,0.32613225293011144
5421,0.5845,4,27,4,536758,139686,58643,67613,1.1063711823596503,0.3261617277459129
5422,0.5846,3,10,3,536768,139676,58646,67610,1.106291978203016,0.32616771031328695
5423,0.5847,8,33,8,536801,139643,58654,67602,1.1060306044861234,0.3261936355521243
5424,0.5848,3,25,3,536826,139618,58657,67599,1.1058325940945382,0.3262232345801744
5425,0.5849,2,12,2,536838,139606,58659,67597,1.105737549106577,0.326235624001583
5426,0.585,235,877,235,537715,138729,58894,67362,1.098791344569763,0.3268556123265936
5427,0.5851,4,7,4,537722,138722,58898,67358,1.098735901660119,0.326853649068323
5428,0.5852,1,30,1,537752,138692,58899,67357,1.0984982891902166,0.3268979708710064
5429,0.5853,5,26,5,537778,138666,58904,67352,1.098292358382968,0.3269228902328923
5430,0.5854,1,13,1,537791,138653,58905,67351,1.0981893929793436,0.326940253587309
5431,0.5855,8,31,8,537822,138622,58913,67343,1.0979438600937776,0.3269633190105115
5432,0.5856,4,7,4,537829,138615,58917,67339,1.0978884171841339,0.32696136030375716
5433,0.5857,7,71,7,537900,138544,58924,67332,1.0973260676720313,0.3270512347238143
5434,0.5858,35,100,35,538000,138444,58959,67297,1.09653402610569,0.32709571743113913
5435,0.5859,4,2,4,538002,138442,58963,67293,1.0965181852743633,0.32708581427564587
5436,0.586,31,113,31,538115,138329,58994,67262,1.0956231783043975,0.32716412683434587
5437,0.5861,3,15,3,538130,138314,58997,67259,1.0955043720694462,0.32717818001391236
5438,0.5862,3,15,3,538145,138299,59000,67256,1.095385565834495,0.32719223565469097
5439,0.5863,5,38,5,538183,138261,59005,67251,1.0950845900392852,0.3272363657596637
5440,0.5864,1,18,1,538201,138243,59006,67250,1.0949420225573439,0.327261755874896
5441,0.5865,10,25,10,538226,138218,59016,67240,1.0947440121657586,0.3272688335328875
5442,0.5866,1,3,1,538229,138215,59017,67239,1.0947202509187681,0.3272703378858528
5443,0.5867,133,430,133,538659,137785,59150,67106,1.0913144721835002,0.3275204865025794
5444,0.5868,4,15,4,538674,137770,59154,67102,1.0911956659485489,0.3275313366394627
5445,0.5869,2,7,2,538681,137763,59156,67100,1.0911402230389051,0.3275359630582389
5446,0.587,9,44,9,538725,137719,59165,67091,1.090791724749715,0.3275767784776134
5447,0.5871,8,12,8,538737,137707,59173,67083,1.0906966797617539,0.3275697055520289
5448,0.5872,3,24,3,538761,137683,59176,67080,1.090506589785832,0.3275982477303028
5449,0.5873,11,50,11,538811,137633,59187,67069,1.0901105690026613,0.3276421334427607
5450,0.5874,2,8,2,538819,137625,59189,67067,1.090047205677354,0.3276483692572255
5451,0.5875,64,299,64,539118,137326,59253,67003,1.0876790013939932,0.32791723152367014
5452,0.5876,2,7,2,539125,137319,59255,67001,1.0876235584843492,0.3279218872357087
5453,0.5877,9,29,9,539154,137290,59264,66992,1.0873938664301102,0.32793882965704274
5454,0.5878,2,29,2,539183,137261,59266,66990,1.0871641743758713,0.3279788103852613
5455,0.5879,5,17,5,539200,137244,59271,66985,1.0870295273095931,0.3279896586674762
5456,0.588,13,64,13,539264,137180,59284,66972,1.0865226207071348,0.32804968846741644
5457,0.5881,3,12,3,539276,137168,59287,66969,1.0864275757191737,0.3280590975668301
5458,0.5882,2,18,2,539294,137150,59289,66967,1.0862850082372324,0.3280814434858439
5459,0.5883,74,298,74,539592,136852,59363,66893,1.083924724369535,0.3283172593192471
5460,0.5884,2,9,2,539601,136843,59365,66891,1.0838534406285643,0.32832516909303305
5461,0.5885,9,31,9,539632,136812,59374,66882,1.0836079077429983,0.32834545936551884
5462,0.5886,1,3,1,539635,136809,59375,66881,1.083584146496008,0.3283469978889489
5463,0.5887,11,36,11,539671,136773,59386,66870,1.0832990115321253,0.3283687629822778
5464,0.5888,2,20,2,539691,136753,59388,66868,1.0831406032188569,0.3283944190432225
5465,0.5889,3,14,3,539705,136739,59391,66865,1.083029717399569,0.32840710398616924
5466,0.589,12,78,12,539783,136661,59403,66853,1.0824119249778228,0.32849337146338825
5467,0.5891,1,13,1,539796,136648,59404,66852,1.0823089595741984,0.3285110565110565
5468,0.5892,15,90,15,539886,136558,59419,66837,1.0815961221644912,0.3286068979080115
5469,0.5893,11,54,11,539940,136504,59430,66826,1.0811684197186668,0.32865784684994837
5470,0.5894,0,7,0,539947,136497,59430,66826,1.0811129768090229,0.3286691618754396
5471,0.5895,6,17,6,539964,136480,59436,66820,1.0809783297427449,0.3286768322675849
5472,0.5896,4,6,4,539970,136474,59440,66816,1.0809308072487644,0.3286733238231098
5473,0.5897,6,36,6,540006,136438,59446,66810,1.0806456722848816,0.32871172164055734
5474,0.5898,7,26,7,540032,136412,59453,66803,1.0804397414776328,0.32873065472529095
5475,0.5899,3,3,3,540035,136409,59456,66800,1.0804159802306426,0.32872559778356275
5476,0.59,701,2441,701,542476,133968,60157,66099,1.061082245596249,0.33038432125238043
5477,0.5901,3,10,3,542486,133958,60160,66096,1.0610030414396148,0.3303907944854889
5478,0.5902,5,12,5,542498,133946,60165,66091,1.0609079964516537,0.33039387713273044
5479,0.5903,5,29,5,542527,133917,60170,66086,1.0606783043974148,0.33042504362434566
5480,0.5904,5,5,5,542532,133912,60175,66081,1.0606387023190977,0.3304165645797603
5481,0.5905,11,35,11,542567,133877,60186,66070,1.0603614877708782,0.3304375659549781
5482,0.5906,2,11,2,542578,133866,60188,66068,1.0602743631985807,0.3304490481859014
5483,0.5907,6,37,6,542615,133829,60194,66062,1.0599813078190343,0.33049011711382703
5484,0.5908,28,116,28,542731,133713,60222,66034,1.0590625396020783,0.33058819406549284
5485,0.5909,4,9,4,542740,133704,60226,66030,1.0589912558611076,0.3305896842800925
5486,0.591,20,68,20,542808,133636,60246,66010,1.0584526675959955,0.33063522434709436
5487,0.5911,0,9,0,542817,133627,60246,66010,1.0583813838550247,0.33065012998592447
5488,0.5912,1,28,1,542845,133599,60247,66009,1.0581596122164492,0.33069315859083803
5489,0.5913,7,44,7,542889,133555,60254,66002,1.0578111139272588,0.3307425948475874
5490,0.5914,2,13,2,542902,133542,60256,66000,1.0577081485236346,0.3307574345250624
5491,0.5915,1,39,1,542941,133503,60257,65999,1.0573992523127613,0.33081873865926154
5492,0.5916,1,7,1,542948,133496,60258,65998,1.0573438094031176,0.33082699229049495
5493,0.5917,85,280,85,543228,133216,60343,65913,1.0551260930173616,0.33100653345318864
5494,0.5918,4,15,4,543243,133201,60347,65909,1.0550072867824103,0.33101803023454374
5495,0.5919,4,7,4,543250,133194,60351,65905,1.0549518438727665,0.3310162281076249
5496,0.592,18,67,18,543317,133127,60369,65887,1.0544211760233178,0.33106716110424395
5497,0.5921,2,13,2,543330,133114,60371,65885,1.0543182106196933,0.3310820657390238
5498,0.5922,3,16,3,543346,133098,60374,65882,1.0541914839690787,0.33109860287466075
5499,0.5923,8,44,8,543390,133054,60382,65874,1.0538429856798885,0.33114493686157803
5500,0.5924,2,11,2,543401,133043,60384,65872,1.053755861107591,0.33115652414347835
5501,0.5925,63,229,63,543630,132814,60447,65809,1.0519420859206692,0.3313261807544947
5502,0.5926,3,5,3,543635,132809,60450,65806,1.051902483842352,0.33132442161971654
5503,0.5927,8,37,8,543672,132772,60458,65798,1.0516094284628057,0.33135921841164323
5504,0.5928,3,19,3,543691,132753,60461,65795,1.0514589405652008,0.3313808247879606
5505,0.5929,3,11,3,543702,132742,60464,65792,1.0513718159929033,0.3313890819708463
5506,0.593,8,39,8,543741,132703,60472,65784,1.0510629197820303,0.33142724712449684
5507,0.5931,1,7,1,543748,132696,60473,65783,1.0510074768723863,0.3314355674907673
5508,0.5932,10,16,10,543764,132680,60483,65773,1.0508807502217716,0.33142860022272275
5509,0.5933,121,509,121,544273,132171,60604,65652,1.0468492586490938,0.33187243141596273
5510,0.5934,1,8,1,544281,132163,60605,65651,1.0467858953237865,0.3318824754567422
5511,0.5935,3,28,3,544309,132135,60608,65648,1.046564123685211,0.33191932572566907
5512,0.5936,7,17,7,544326,132118,60615,65641,1.046429476618933,0.33192421078181017
5513,0.5937,8,24,8,544350,132094,60623,65633,1.046239386643011,0.33193746933903817
5514,0.5938,6,30,6,544380,132064,60629,65627,1.0460017741731087,0.33196756554420787
5515,0.5939,2,10,2,544390,132054,60631,65625,1.0459225700164745,0.3319776000485636
5516,0.594,35,111,35,544501,131943,60666,65590,1.0450434038778356,0.33204578475495233
5517,0.5941,3,8,3,544509,131935,60669,65587,1.0449800405525282,0.3320490882028331
5518,0.5942,24,104,24,544613,131831,60693,65563,1.044156317323533,0.33214282095707065
5519,0.5943,9,49,9,544662,131782,60702,65554,1.0437682169560258,0.33219483520492965
5520,0.5944,1,8,1,544670,131774,60703,65553,1.0437048536307185,0.33220491873894603
5521,0.5945,10,30,10,544700,131744,60713,65543,1.0434672411608161,0.33222158581153344
5522,0.5946,0,9,0,544709,131735,60713,65543,1.0433959574198455,0.3322367420594288
5523,0.5947,5,37,5,544746,131698,60718,65538,1.043102902040299,0.3322821391632359
5524,0.5948,5,18,5,544764,131680,60723,65533,1.0429603345583576,0.33229553832658093
5525,0.5949,0,11,0,544775,131669,60723,65533,1.04287320998606,0.3323140738937739
5526,0.595,227,805,227,545580,130864,60950,65306,1.0364972753770119,0.3329051333027476
5527,0.5951,3,9,3,545589,130855,60953,65303,1.036425991636041,0.33291020503879526
5528,0.5952,4,27,4,545616,130828,60957,65299,1.0362121404131288,0.3329424301600494
5529,0.5953,12,24,12,545640,130804,60969,65287,1.0360220504372069,0.3329423583948269
5530,0.5954,1,6,1,545646,130798,60970,65286,1.0359745279432264,0.33294914424430344
5531,0.5955,9,11,9,545657,130787,60979,65277,1.0358874033709289,0.33293720417822753
5532,0.5956,2,14,2,545671,130773,60981,65275,1.0357765175516411,0.3329541744878805
5533,0.5957,11,50,11,545721,130723,60992,65264,1.0353804967684703,0.33300167868276975
5534,0.5958,23,112,23,545833,130611,61015,65241,1.034493410214168,0.33311377979290485
5535,0.5959,3,6,3,545839,130605,61018,65238,1.0344458877201876,0.3331137697032827
5536,0.596,27,102,27,545941,130503,61045,65211,1.0336380053225194,0.3331953769275576
5537,0.5961,1,9,1,545950,130494,61046,65210,1.0335667215815485,0.3332072926460369
5538,0.5962,5,19,5,545969,130475,61051,65205,1.0334162336839436,0.33322260834014716
5539,0.5963,4,26,4,545995,130449,61055,65201,1.033210302876695,0.33325325836953745
5540,0.5964,2,12,2,546007,130437,61057,65199,1.033115257888734,0.33326688339569405
5541,0.5965,9,30,9,546037,130407,61066,65190,1.0328776454188315,0.3332873203576742
5542,0.5966,1,3,1,546040,130404,61067,65189,1.0328538841718413,0.3332890236358152
5543,0.5967,120,493,120,546533,129911,61187,65069,1.0289491192497782,0.3337214073238281
5544,0.5968,5,31,5,546564,129880,61192,65064,1.0287035863642124,0.33375738673670385
5545,0.5969,1,14,1,546578,129866,61193,65063,1.0285927005449247,0.33377793966008135
5546,0.597,13,41,13,546619,129825,61206,65050,1.0282679635027245,0.33380372033354716
5547,0.5971,1,16,1,546635,129809,61207,65049,1.02814123685211,0.33382771043529136
5548,0.5972,3,17,3,546652,129792,61210,65046,1.028006589785832,0.33384658023588826
5549,0.5973,10,50,10,546702,129742,61220,65036,1.0276105690026613,0.3338980788384725
5550,0.5974,1,15,1,546717,129727,61221,65035,1.02749176276771,0.3339203746110638
5551,0.5975,66,262,66,546979,129465,61287,64969,1.0254166138638956,0.33414423403314236
5552,0.5976,3,14,3,546993,129451,61290,64966,1.0253057280446078,0.334158021160701
5553,0.5977,9,37,9,547030,129414,61299,64957,1.0250126726650615,0.33419080006791135
5554,0.5978,4,27,4,547057,129387,61303,64953,1.0247988214421493,0.3342235257795616
5555,0.5979,4,14,4,547071,129373,61307,64949,1.0246879356228615,0.3342339004333014
5556,0.598,19,70,19,547141,129303,61326,64930,1.0241335065264225,0.33428922994547783
5557,0.5981,2,7,2,547148,129296,61328,64928,1.0240780636167786,0.33429442293434386
5558,0.5982,8,16,8,547164,129280,61336,64920,1.023951336966164,0.33429454170957773
5559,0.5983,55,259,55,547423,129021,61391,64865,1.0218999493093397,0.3345522626698163
5560,0.5984,0,5,0,547428,129016,61391,64865,1.0218603472310226,0.33456089044310683
5561,0.5985,11,28,11,547456,128988,61402,64854,1.021638575592447,0.3345714551026093
5562,0.5986,6,19,6,547475,128969,61408,64848,1.0214880876948422,0.33458365365267234
5563,0.5987,12,38,12,547513,128931,61420,64836,1.0211871118996325,0.3346080601960086
5564,0.5988,2,25,2,547538,128906,61422,64834,1.0209891015080472,0.33464436874161246
5565,0.5989,0,11,0,547549,128895,61422,64834,1.0209019769357497,0.33466336996526075
5566,0.599,21,68,21,547617,128827,61443,64813,1.0203633886706374,0.3347087378640777
5567,0.5991,2,8,2,547625,128819,61445,64811,1.02030002534533,0.33471569488199143
5568,0.5992,24,89,24,547714,128730,61469,64787,1.0195951083512862,0.33478712464538
5569,0.5993,11,43,11,547757,128687,61480,64776,1.0192545304777594,0.3348237130614123
5570,0.5994,2,8,2,547765,128679,61482,64774,1.019191167152452,0.3348306823879702
5571,0.5995,3,29,3,547794,128650,61485,64771,1.0189614750982132,0.334870567311719
5572,0.5996,0,8,0,547802,128642,61485,64771,1.018898111772906,0.3348844183172796
5573,0.5997,9,26,9,547828,128616,61494,64762,1.018692180965657,0.33489848896978974
5574,0.5998,6,22,6,547850,128594,61500,64756,1.018517931821062,0.3349159555210758
5575,0.5999,2,8,2,547858,128586,61502,64754,1.0184545684957547,0.33492293369194165
5576,0.6,714,2515,714,550373,126071,62216,64040,0.9985347231022684,0.3368558368532068
5577,0.6001,5,7,5,550380,126064,62221,64035,0.9984792801926246,0.33685079879431246
5578,0.6002,11,32,11,550412,126032,62232,64024,0.9982258268913953,0.3368691333080776
5579,0.6003,5,19,5,550431,126013,62237,64019,0.9980753389937904,0.3368853666750863
5580,0.6004,2,9,2,550440,126004,62239,64017,0.9980040552528197,0.33689434325679796
5581,0.6005,7,21,7,550461,125983,62246,64010,0.997837726523888,0.33690714921076037
5582,0.6006,1,6,1,550467,125977,62247,64009,0.9977902040299075,0.33691429894834357
5583,0.6007,12,46,12,550513,125931,62259,63997,0.9974258649093904,0.33695400362242534
5584,0.6008,23,78,23,550591,125853,62282,63974,0.9968080724876441,0.33701212156331817
5585,0.6009,1,13,1,550604,125840,62283,63973,0.9967051070840197,0.3370317101568386
5586,0.601,13,76,13,550680,125764,62296,63960,0.9961031554936003,0.33712129198203705
5587,0.6011,6,14,6,550694,125750,62302,63954,0.9959922696743125,0.33712520558343523
5588,0.6012,4,19,4,550713,125731,62306,63950,0.9958417817767077,0.33714499607235304
5589,0.6013,11,41,11,550754,125690,62317,63939,0.9955170447345076,0.3371794398536089
5590,0.6014,0,11,0,550765,125679,62317,63939,0.9954299201622101,0.3371990000949277
5591,0.6015,10,30,10,550795,125649,62327,63929,0.9951923076923077,0.33721739864330247
5592,0.6016,0,2,0,550797,125647,62327,63929,0.9951764668609808,0.3372209562391864
5593,0.6017,68,282,68,551079,125365,62395,63861,0.9929429096438981,0.3374853349962479
5594,0.6018,5,16,5,551095,125349,62400,63856,0.9928161829932834,0.3374963663750958
5595,0.6019,1,5,1,551100,125344,62401,63855,0.9927765809149665,0.33750178383606677
5596,0.602,10,50,10,551150,125294,62411,63845,0.9923805601317958,0.33755597734999127
5597,0.6021,3,16,3,551166,125278,62414,63842,0.9922538334811811,0.337574027072758
5598,0.6022,1,13,1,551179,125265,62415,63841,0.9921508680775567,0.3375937305003543
5599,0.6023,8,50,8,551229,125215,62423,63833,0.991754847294386,0.337654987093225
5600,0.6024,1,17,1,551246,125198,62424,63832,0.9916202002281079,0.3376818494418875
5601,0.6025,67,239,67,551485,124959,62491,63765,0.989727220884552,0.3378743562027087
5602,0.6026,1,8,1,551493,124951,62492,63764,0.9896638575592447,0.33788517076014096
5603,0.6027,14,48,14,551541,124903,62506,63750,0.9892836776074009,0.33792200495088864
5604,0.6028,4,16,4,551557,124887,62510,63746,0.9891569509567862,0.3379366282675884
5605,0.6029,4,14,4,551571,124873,62514,63742,0.9890460651374984,0.3379476711820375
5606,0.603,8,57,8,551628,124816,62522,63734,0.9885946014446838,0.3380217448952533
5607,0.6031,3,12,3,551640,124804,62525,63731,0.9884995564567228,0.33803272601904155
5608,0.6032,3,21,3,551661,124783,62528,63728,0.9883332277277912,0.3380598479664317
5609,0.6033,107,429,107,552090,124354,62635,63621,0.9849353694081865,0.3384545817262934
5610,0.6034,4,5,4,552095,124349,62639,63617,0.9848957673298695,0.3384495068257025
5611,0.6035,6,43,6,552138,124306,62645,63611,0.9845551894563427,0.33850582970141074
5612,0.6036,3,10,3,552148,124296,62648,63608,0.9844759852997085,0.3385132833787466
5613,0.6037,4,21,4,552169,124275,62652,63604,0.9843096565707768,0.33853703713560324
5614,0.6038,5,26,5,552195,124249,62657,63599,0.9841037257635281,0.33856628763681273
5615,0.6039,0,4,0,552199,124245,62657,63599,0.9840720441008745,0.3385734971572156
5616,0.604,24,109,24,552308,124136,62681,63575,0.9832087187935623,0.3386855325473734
5617,0.6041,1,5,1,552313,124131,62682,63574,0.9831691167152452,0.3386910311392877
5618,0.6042,19,94,19,552407,124037,62701,63555,0.9824245976428843,0.3387937651925455
5619,0.6043,9,40,9,552447,123997,62710,63546,0.9821077810163478,0.3388342940019089
5620,0.6044,0,6,0,552453,123991,62710,63546,0.9820602585223672,0.33884513456011345
5621,0.6045,5,31,5,552484,123960,62715,63541,0.9818147256368014,0.33888352595452825
5622,0.6046,2,6,2,552490,123954,62717,63539,0.981767203142821,0.3388873184598892
5623,0.6047,4,30,4,552520,123924,62721,63535,0.9815295906729186,0.3389274454680757
5624,0.6048,5,27,5,552547,123897,62726,63530,0.9813157394500064,0.3389586345617227
5625,0.6049,1,4,1,552551,123893,62727,63529,0.9812840577873527,0.338962341667467
5626,0.605,237,794,237,553345,123099,62964,63292,0.974995247750602,0.339565751565258
5627,0.6051,5,5,5,553350,123094,62969,63287,0.9749556456722849,0.3395571437002699
5628,0.6052,6,24,6,553374,123070,62975,63281,0.9747655556963629,0.3395796105199328
5629,0.6053,10,30,10,553404,123040,62985,63271,0.9745279432264605,0.3395988427951114
5630,0.6054,2,4,2,553408,123036,62987,63269,0.9744962615638069,0.3395990445774402
5631,0.6055,7,42,7,553450,122994,62994,63262,0.9741636041059435,0.33965080319560176
5632,0.6056,4,6,4,553456,122988,62998,63258,0.974116081611963,0.33964756290067977
5633,0.6057,8,49,8,553505,122939,63006,63250,0.9737279812444557,0.3397085756945899
5634,0.6058,17,100,17,553605,122839,63023,63233,0.9729359396781143,0.3398308181779096
5635,0.6059,2,4,2,553609,122835,63025,63231,0.9729042580154607,0.33983102769984846
5636,0.606,24,105,24,553714,122730,63049,63207,0.9720726143708022,0.33993772084093
5637,0.6061,3,4,3,553718,122726,63052,63204,0.9720409327081485,0.33993438390792236
5638,0.6062,6,21,6,553739,122705,63058,63198,0.9718746039792169,0.3399514800729413
5639,0.6063,9,37,9,553776,122668,63067,63189,0.9715815485996705,0.3399871944559527
5640,0.6064,4,9,4,553785,122659,63071,63185,0.9715102648586997,0.3399894535201567
5641,0.6065,7,31,7,553816,122628,63078,63178,0.9712647319731339,0.34002131255180135
5642,0.6066,1,5,1,553821,122623,63079,63177,0.9712251298948169,0.34002691065662
5643,0.6067,132,475,132,554296,122148,63211,63045,0.9674629324546952,0.3404286339116489
5644,0.6068,7,20,7,554316,122128,63218,63038,0.967304524141427,0.34044046963265395
5645,0.6069,1,8,1,554324,122120,63219,63037,0.9672411608161197,0.3404516167360672
5646,0.607,10,57,10,554381,122063,63229,63027,0.966789697123305,0.3405208277054406
5647,0.6071,3,14,3,554395,122049,63232,63024,0.9666788113040172,0.3405358966461883
5648,0.6072,4,28,4,554423,122021,63236,63020,0.9664570396654416,0.34057317027037254
5649,0.6073,8,34,8,554457,121987,63244,63012,0.9661877455328856,0.3406072465256569
5650,0.6074,3,11,3,554468,121976,63247,63009,0.966100620960588,0.34061680676811634
5651,0.6075,69,257,69,554725,121719,63316,62940,0.9640650741350906,0.34084447549266483
5652,0.6076,3,8,3,554733,121711,63319,62937,0.9640017108097833,0.34084853342576144
5653,0.6077,8,41,8,554774,121670,63327,62929,0.9636769737675833,0.34089567115748187
5654,0.6078,7,23,7,554797,121647,63334,62922,0.9634948042073248,0.34091315443005055
5655,0.6079,4,11,4,554808,121636,63338,62918,0.9634076796350273,0.34091918896366374
5656,0.608,26,68,26,554876,121568,63364,62892,0.962869091369915,0.34095196790632115
5657,0.6081,5,7,5,554883,121561,63369,62887,0.9628136484602712,0.3409470419847328
5658,0.6082,7,28,7,554911,121533,63376,62880,0.9625918768216956,0.3409737925200501
5659,0.6083,57,213,57,555124,121320,63433,62823,0.9609048282853884,0.3411642039067464
5660,0.6084,1,10,1,555134,121310,63434,62822,0.9608256241287543,0.34117915408511285
5661,0.6085,5,42,5,555176,121268,63439,62817,0.9604929666708909,0.3412391015020235
5662,0.6086,5,12,5,555188,121256,63444,62812,0.9603979216829299,0.3412434535063129
5663,0.6087,6,24,6,555212,121232,63450,62806,0.960207831707008,0.3412664775752834
5664,0.6088,5,23,5,555235,121209,63455,62801,0.9600256621467494,0.34129123417205587
5665,0.6089,5,17,5,555252,121192,63460,62796,0.9598910150804715,0.3413048677087636
5666,0.609,14,71,14,555323,121121,63474,62782,0.959328665568369,0.34138649179186853
5667,0.6091,0,9,0,555332,121112,63474,62782,0.9592573818273983,0.34140319966937477
5668,0.6092,27,99,27,555431,121013,63501,62755,0.9584732606767203,0.34149035740716555
5669,0.6093,11,39,11,555470,120974,63512,62744,0.9581643644658472,0.3415234217659674
5670,0.6094,2,11,2,555481,120963,63514,62742,0.9580772398935496,0.341536702866008
5671,0.6095,4,19,4,555500,120944,63518,62738,0.9579267519959448,0.34155769209830034
5672,0.6096,1,12,1,555512,120932,63519,62737,0.9578317070079838,0.341576422804066
5673,0.6097,7,26,7,555538,120906,63526,62730,0.957625776200735,0.34159968633601256
5674,0.6098,7,32,7,555570,120874,63533,62723,0.9573723228995058,0.3416341225619155
5675,0.6099,3,3,3,555573,120871,63536,62720,0.9573485616525155,0.3416289469527373
5676,0.61,702,2184,702,557757,118687,64238,62018,0.9400503738436193,0.34320024349077227
5677,0.6101,1,7,1,557764,118680,64239,62017,0.9399949309339755,0.3432099038722281
5678,0.6102,3,17,3,557781,118663,64242,62014,0.9398602838676974,0.34323129119921186
5679,0.6103,4,31,4,557812,118632,64246,62010,0.9396147509821315,0.343275650181021
5680,0.6104,2,11,2,557823,118621,64248,62008,0.939527626409834,0.3432892835591184
5681,0.6105,6,24,6,557847,118597,64254,62002,0.939337536433912,0.3433130858974856
5682,0.6106,2,6,2,557853,118591,64256,62000,0.9392900139399316,0.3433172195735114
5683,0.6107,8,48,8,557901,118543,64264,61992,0.9389098339880877,0.34337940011632095
5684,0.6108,33,79,33,557980,118464,64297,61959,0.9382841211506779,0.3434096539798141
5685,0.6109,0,7,0,557987,118457,64297,61959,0.9382286782410341,0.3434229780063852
5686,0.611,13,55,13,558042,118402,64310,61946,0.9377930553795463,0.34348038237185885
5687,0.6111,1,10,1,558052,118392,64311,61945,0.9377138512229122,0.3434957884405308
5688,0.6112,9,21,9,558073,118371,64320,61936,0.9375475224939804,0.3435030253955753
5689,0.6113,7,28,7,558101,118343,64327,61929,0.9373257508554049,0.34353088666015796
5690,0.6114,2,11,2,558112,118332,64329,61927,0.9372386262831074,0.34354456642941544
5691,0.6115,7,41,7,558153,118291,64336,61920,0.9369138892409073,0.3435972276942029
5692,0.6116,2,4,2,558157,118287,64338,61918,0.9368822075782537,0.34359756943481035
5693,0.6117,57,282,57,558439,118005,64395,61861,0.934648650361171,0.34392825770295665
5694,0.6118,5,20,5,558459,117985,64400,61856,0.9344902420479027,0.34394826541222523
5695,0.6119,0,11,0,558470,117974,64400,61856,0.9344031174756051,0.3439693043429906
5696,0.612,16,51,16,558521,117923,64416,61840,0.933999176276771,0.34400850008066175
5697,0.6121,5,9,5,558530,117914,64421,61835,0.9339278925358003,0.34400747709305757
5698,0.6122,2,25,2,558555,117889,64423,61833,0.9337298821442149,0.34404802973481263
5699,0.6123,11,33,11,558588,117856,64434,61822,0.9334685084273223,0.3440710604525874
5700,0.6124,1,12,1,558600,117844,64435,61821,0.9333734634393613,0.344090390448891
5701,0.6125,77,203,77,558803,117641,64512,61744,0.9317656190596882,0.34419823285113027
5702,0.6126,0,10,0,558813,117631,64512,61744,0.9316864149030541,0.34421742160278745
5703,0.6127,11,27,11,558840,117604,64523,61733,0.931472563680142,0.3442290213397124
5704,0.6128,4,19,4,558859,117585,64527,61729,0.9313220757825371,0.34425086719386105
5705,0.6129,6,19,6,558878,117566,64533,61723,0.9311715878849322,0.3442654039009644
5706,0.613,15,35,15,558913,117531,64548,61708,0.9308943733367128,0.34427775205172984
5707,0.6131,3,7,3,558920,117524,64551,61705,0.9308389304270688,0.3442802225086342
5708,0.6132,5,28,5,558948,117496,64556,61700,0.9306171587884933,0.3443157213330655
5709,0.6133,125,411,125,559359,117085,64681,61575,0.9273618679508301,0.34464905406918167
5710,0.6134,1,5,1,559364,117080,64682,61574,0.927322265872513,0.3446550315134282
5711,0.6135,11,39,11,559403,117041,64693,61563,0.9270133696616398,0.3446899285570312
5712,0.6136,0,8,0,559411,117033,64693,61563,0.9269500063363325,0.3447053685412887
5713,0.6137,4,28,4,559439,117005,64697,61559,0.9267282346977569,0.34474474138124145
5714,0.6138,5,35,5,559474,116970,64702,61554,0.9264510201495374,0.34479397728036565
5715,0.6139,3,16,3,559490,116954,64705,61551,0.9263242934989229,0.3448138707599227
5716,0.614,30,87,30,559577,116867,64735,61521,0.9256352173362058,0.3448718523667511
5717,0.6141,0,4,0,559581,116863,64735,61521,0.9256035356735521,0.3448795856130595
5718,0.6142,28,94,28,559675,116769,64763,61493,0.9248590166011912,0.3449585441653297
5719,0.6143,17,54,17,559729,116715,64780,61476,0.9244313141553668,0.3450005892553496
5720,0.6144,1,5,1,559734,116710,64781,61475,0.9243917120770498,0.3450065942700003
5721,0.6145,4,35,4,559769,116675,64785,61471,0.9241144975288303,0.34505967015818484
5722,0.6146,1,14,1,559783,116661,64786,61470,0.9240036117095425,0.34508311298987826
5723,0.6147,8,38,8,559821,116623,64794,61462,0.9237026359143328,0.34512732683830755
5724,0.6148,7,31,7,559852,116592,64801,61455,0.9234571030287669,0.34516167079479015
5725,0.6149,0,10,0,559862,116582,64801,61455,0.9233778988721328,0.3451810578699933
5726,0.615,222,786,222,560648,115796,65023,61233,0.9171524521606894,0.34589248089296104
5727,0.6151,6,15,6,560663,115781,65029,61227,0.9170336459257382,0.3458996203561421
5728,0.6152,7,25,7,560688,115756,65036,61220,0.9168356355341528,0.3459226109754995
5729,0.6153,6,33,6,560721,115723,65042,61214,0.9165742618172602,0.3459649479758332
5730,0.6154,0,9,0,560730,115714,65042,61214,0.9165029780762894,0.3459825465726171
5731,0.6155,3,20,3,560750,115694,65045,61211,0.9163445697630211,0.3460105706452616
5732,0.6156,3,4,3,560754,115690,65048,61208,0.9163128881003675,0.3460073036439078
5733,0.6157,14,45,14,560799,115645,65062,61194,0.9159564693955139,0.3460435763604182
5734,0.6158,17,113,17,560912,115532,65079,61177,0.9150614624255481,0.3462019478351414
5735,0.6159,0,8,0,560920,115524,65079,61177,0.9149980991002408,0.34621762185839355
5736,0.616,30,103,30,561023,115421,65109,61147,0.9141822962869092,0.3463085043722532
5737,0.6161,1,8,1,561031,115413,65110,61146,0.9141189329616018,0.3463204934327902
5738,0.6162,3,24,3,561055,115389,65113,61143,0.9139288429856799,0.3463564679491537
5739,0.6163,10,26,10,561081,115363,65123,61133,0.9137229121784312,0.34637045598767113
5740,0.6164,1,9,1,561090,115354,65124,61132,0.9136516284374604,0.3463844157610235
5741,0.6165,2,26,2,561116,115328,65126,61130,0.9134456976302117,0.34642804520055764
5742,0.6166,2,5,2,561121,115323,65128,61128,0.9134060955518946,0.34643045378036963
5743,0.6167,116,407,116,561528,114916,65244,61012,0.910182486376885,0.34680096403073984
5744,0.6168,14,23,14,561551,114893,65258,60998,0.9100003168166265,0.3467943214831913
5745,0.6169,1,6,1,561557,114887,65259,60997,0.9099527943226461,0.34680243797048055
5746,0.617,8,33,8,561590,114854,65267,60989,0.9096914206057534,0.34683780417759025
5747,0.6171,8,21,8,561611,114833,65275,60981,0.9095250918768217,0.34684951141547316
5748,0.6172,5,28,5,561639,114805,65280,60976,0.9093033202382461,0.34688618223812584
5749,0.6173,14,42,14,561681,114763,65294,60962,0.9089706627803827,0.3469170579029734
5750,0.6174,4,9,4,561690,114754,65298,60958,0.908899379039412,0.3469199599344382
5751,0.6175,64,205,64,561895,114549,65362,60894,0.9072756938284121,0.34708708811408834
5752,0.6176,2,15,2,561910,114534,65364,60892,0.9071568875934609,0.3471093224493519
5753,0.6177,9,20,9,561930,114514,65373,60883,0.9069984792801926,0.3471154010615917
5754,0.6178,4,19,4,561949,114495,65377,60879,0.9068479913825878,0.3471381162544049
5755,0.6179,1,6,1,561955,114489,65378,60878,0.9068004688886073,0.3471462703929474
5756,0.618,19,58,19,562013,114431,65397,60859,0.9063410847801293,0.34719037024359634
5757,0.6181,0,10,0,562023,114421,65397,60859,0.9062618806234951,0.3472101780009128
5758,0.6182,7,19,7,562042,114402,65404,60852,0.9061113927258903,0.34722174672190076
5759,0.6183,53,233,53,562275,114169,65457,60799,0.9042659358763148,0.34748639751268806
5760,0.6184,0,12,0,562287,114157,65457,60799,0.9041708908883538,0.34751023114383045
5761,0.6185,7,36,7,562323,114121,65464,60792,0.903885755924471,0.34755564194771116
5762,0.6186,0,16,0,562339,114105,65464,60792,0.9037590292738563,0.34758743717731005
5763,0.6187,4,22,4,562361,114083,65468,60788,0.9035847801292611,0.3476162428304293
5764,0.6188,8,23,8,562384,114060,65476,60780,0.9034026105690026,0.34763212079615646
5765,0.6189,1,11,1,562395,114049,65477,60779,0.9033154859967051,0.3476502619717665
5766,0.619,13,54,13,562449,113995,65490,60766,0.9028877835508807,0.34770915707738
5767,0.6191,1,7,1,562456,113988,65491,60765,0.9028323406412369,0.34771935245746854
5768,0.6192,28,94,28,562550,113894,65519,60737,0.9020878215688759,0.347801936655004
5769,0.6193,7,41,7,562591,113853,65526,60730,0.901763084526676,0.3478574660763075
5770,0.6194,0,9,0,562600,113844,65526,60730,0.9016918007857052,0.3478753995440329
5771,0.6195,7,29,7,562629,113815,65533,60723,0.9014621087314663,0.34790704603009087
5772,0.6196,1,10,1,562639,113805,65534,60722,0.9013829045748321,0.347923243967982
5773,0.6197,6,19,6,562658,113786,65540,60716,0.9012324166772272,0.3479387055735751
5774,0.6198,6,16,6,562674,113770,65546,60710,0.9011056900266126,0.3479481889041724
5775,0.6199,1,6,1,562680,113764,65547,60709,0.9010581675326321,0.3479564173253168
5776,0.62,719,2257,719,564937,111507,66266,59990,0.8831817893803067,0.3498020373534231
5777,0.6201,2,4,2,564941,111503,66268,59988,0.883150107717653,0.34980261354823283
5778,0.6202,7,29,7,564970,111474,66275,59981,0.8829204156634141,0.34983523373479924
5779,0.6203,3,28,3,564998,111446,66278,59978,0.8826986440248384,0.349880996826582
5780,0.6204,2,5,2,565003,111441,66280,59976,0.8826590419465213,0.3498836171441572
5781,0.6205,6,15,6,565018,111426,66286,59970,0.8825402357115701,0.3498914793810824
5782,0.6206,2,9,2,565027,111417,66288,59968,0.8824689519705994,0.34990226682615166
5783,0.6207,14,44,14,565071,111373,66302,59954,0.8821204536814092,0.34993900552744167
5784,0.6208,26,70,26,565141,111303,66328,59928,0.8815660245849702,0.3499833558175798
5785,0.6209,2,12,2,565153,111291,66330,59926,0.8814709795970093,0.3500002920270768
5786,0.621,11,68,11,565221,111223,66341,59915,0.880932391331897,0.3500975820682724
5787,0.6211,2,6,2,565227,111217,66343,59913,0.8808848688379166,0.35010226143867235
5788,0.6212,3,26,3,565253,111191,66346,59910,0.8806789380306679,0.35014406695460576
5789,0.6213,7,33,7,565286,111158,66353,59903,0.8804175643137752,0.35018502171739907
5790,0.6214,6,19,6,565305,111139,66359,59897,0.8802670764161703,0.35020112724806474
5791,0.6215,4,30,4,565335,111109,66363,59893,0.8800294639462679,0.35024736552788854
5792,0.6216,2,3,2,565338,111106,66365,59891,0.8800057026992777,0.35024591074697214
5793,0.6217,76,216,76,565554,110890,66441,59815,0.8782948929159803,0.3503998125421048
5794,0.6218,7,25,7,565579,110865,66448,59808,0.8780968825243949,0.35042449596597003
5795,0.6219,3,7,3,565586,110858,66451,59805,0.878041439614751,0.35042745058975877
5796,0.622,20,58,20,565644,110800,66471,59785,0.877582055506273,0.35047043995661986
5797,0.6221,4,17,4,565661,110783,66475,59781,0.8774474084399949,0.35049013859900097
5798,0.6222,3,13,3,565674,110770,66478,59778,0.8773444430363706,0.3505054295564885
5799,0.6223,5,26,5,565700,110744,66483,59773,0.8771385122291218,0.3505398288733675
5800,0.6224,3,7,3,565707,110737,66486,59770,0.8770830693194779,0.35054279296451174
5801,0.6225,65,201,65,565908,110536,66551,59705,0.8754910657711317,0.3507087011941894
5802,0.6226,1,7,1,565915,110529,66552,59704,0.8754356228614878,0.3507193082422327
5803,0.6227,7,30,7,565945,110499,66559,59697,0.8751980103915854,0.3507544243107946
5804,0.6228,2,23,2,565968,110476,66561,59695,0.8750158408313268,0.3507942011271016
5805,0.6229,3,7,3,565975,110469,66564,59692,0.8749603979216829,0.3507971861942513
5806,0.623,7,45,7,566020,110424,66571,59685,0.8746039792168293,0.35086327002098655
5807,0.6231,0,6,0,566026,110418,66571,59685,0.8745564567228488,0.3508756459321705
5808,0.6232,11,29,11,566055,110389,66582,59674,0.8743267646686098,0.3508934924116357
5809,0.6233,112,435,112,566490,109954,66694,59562,0.8708813838550247,0.3513650628849194
5810,0.6234,1,4,1,566494,109950,66695,59561,0.870849702192371,0.351369527641274
5811,0.6235,5,29,5,566523,109921,66700,59556,0.8706200101381321,0.351410515881211
5812,0.6236,2,5,2,566528,109916,66702,59554,0.870580408059815,0.351413229480144
5813,0.6237,10,35,10,566563,109881,66712,59544,0.8703031935115955,0.35144754316069055
5814,0.6238,5,32,5,566595,109849,66717,59539,0.8700497402103662,0.35149479301957637
5815,0.6239,0,13,0,566608,109836,66717,59539,0.8699467748067419,0.35152177121771216
5816,0.624,19,76,19,566684,109760,66736,59520,0.8693448232163223,0.3516068052930057
5817,0.6241,4,2,4,566686,109758,66740,59516,0.8693289823849956,0.3515956378416059
5818,0.6242,36,85,36,566771,109673,66776,59480,0.8686557470536054,0.3516343192257897
5819,0.6243,11,45,11,566816,109628,66787,59469,0.8682993283487518,0.35168571884776195
5820,0.6244,1,3,1,566819,109625,66788,59468,0.8682755671017615,0.35168812428663515
5821,0.6245,8,23,8,566842,109602,66796,59460,0.8680933975415029,0.35170529154984564
5822,0.6246,0,7,0,566849,109595,66796,59460,0.8680379546318591,0.3517198544852267
5823,0.6247,8,34,8,566883,109561,66804,59452,0.867768660499303,0.3517599237928443
5824,0.6248,4,32,4,566915,109529,66808,59448,0.8675152071980737,0.3518111932393166
5825,0.6249,1,6,1,566921,109523,66809,59447,0.8674676847040933,0.35181984967745755
5826,0.625,259,717,259,567638,108806,67068,59188,0.8617887466734254,0.35232210674190745
5827,0.6251,2,15,2,567653,108791,67070,59186,0.8616699404384742,0.3523458568732624
5828,0.6252,5,29,5,567682,108762,67075,59181,0.8614402483842352,0.35238741715939337
5829,0.6253,5,33,5,567715,108729,67080,59176,0.8611788746673426,0.35243739019088177
5830,0.6254,0,9,0,567724,108720,67080,59176,0.8611075909263718,0.3524562824605708
5831,0.6255,3,21,3,567745,108699,67083,59173,0.8609412621974402,0.3524888009912314
5832,0.6256,3,4,3,567749,108695,67086,59170,0.8609095805347865,0.3524856283322908
5833,0.6257,11,43,11,567792,108652,67097,59159,0.8605690026612597,0.3525335049549791
5834,0.6258,31,78,31,567870,108574,67128,59128,0.8599512102395134,0.35257778678847
5835,0.6259,0,8,0,567878,108566,67128,59128,0.859887846914206,0.3525946068434172
5836,0.626,21,98,21,567976,108468,67149,59107,0.8591116461791914,0.35271967775622853
5837,0.6261,2,10,2,567986,108458,67151,59105,0.8590324420225574,0.3527330019156974
5838,0.6262,4,24,4,568010,108434,67155,59101,0.8588423520466354,0.3527680783119945
5839,0.6263,12,30,12,568040,108404,67167,59089,0.858604739576733,0.3527848925029703
5840,0.6264,4,14,4,568054,108390,67171,59085,0.8584938537574451,0.35279892521271833
5841,0.6265,7,30,7,568084,108360,67178,59078,0.8582562412875427,0.3528350792532161
5842,0.6266,0,5,0,568089,108355,67178,59078,0.8582166392092258,0.3528456158582836
5843,0.6267,118,386,118,568475,107969,67296,58960,0.8551593587631479,0.35320405681457384
5844,0.6268,7,30,7,568505,107939,67303,58953,0.8549217462932455,0.3532404189535748
5845,0.6269,1,11,1,568516,107928,67304,58952,0.8548346217209479,0.35325982742090123
5846,0.627,6,43,6,568559,107885,67310,58946,0.8544940438474211,0.3533276189676979
5847,0.6271,5,12,5,568571,107873,67315,58941,0.8543989988594601,0.3533336530507032
5848,0.6272,6,24,6,568595,107849,67321,58935,0.8542089088835382,0.3533612336914812
5849,0.6273,7,38,7,568633,107811,67328,58928,0.8539079330883285,0.3534146180557638
5850,0.6274,2,14,2,568647,107797,67330,58926,0.8537970472690407,0.3534365384500039
5851,0.6275,61,217,61,568864,107580,67391,58865,0.8520783170700799,0.35366036828982544
5852,0.6276,1,6,1,568870,107574,67392,58864,0.8520307945760993,0.35366923418930774
5853,0.6277,12,32,12,568902,107542,67404,58852,0.8517773412748701,0.3536906378835775
5854,0.6278,7,18,7,568920,107524,67411,58845,0.8516347737929286,0.3537017112563038
5855,0.6279,6,6,6,568926,107518,67417,58839,0.8515872512989482,0.35369115817188335
5856,0.628,18,66,18,568992,107452,67435,58821,0.8510645038651629,0.35376158486344744
5857,0.6281,2,8,2,569000,107444,67437,58819,0.8510011405398555,0.3537708329574229
5858,0.6282,1,27,1,569027,107417,67438,58818,0.8507872893169434,0.3538244052094926
5859,0.6283,64,233,64,569260,107184,67502,58754,0.8489418324673679,0.3540720027962251
5860,0.6284,1,8,1,569268,107176,67503,58753,0.8488784691420606,0.3540851810111554
5861,0.6285,3,32,3,569300,107144,67506,58750,0.8486250158408313,0.35414180139124984
5862,0.6286,1,12,1,569312,107132,67507,58749,0.8485299708528704,0.3541635268656447
5863,0.6287,8,33,8,569345,107099,67515,58741,0.8482685971359777,0.354202846116739
5864,0.6288,9,37,9,569382,107062,67524,58732,0.8479755417564314,0.3542468364355767
5865,0.6289,1,8,1,569390,107054,67525,58731,0.8479121784311241,0.3542600355882619
5866,0.629,11,56,11,569446,106998,67536,58720,0.8474686351539729,0.3543368855525652
5867,0.6291,1,9,1,569455,106989,67537,58719,0.8473973514130022,0.35435223405025706
5868,0.6292,25,99,25,569554,106890,67562,58694,0.8466132302623242,0.3544666151318968
5869,0.6293,6,52,6,569606,106838,67568,58688,0.8462013686478267,0.3545545714872588
5870,0.6294,2,11,2,569617,106827,67570,58686,0.846114244075529,0.35457033586485653
5871,0.6295,9,19,9,569636,106808,67579,58677,0.8459637561779242,0.3545759434389824
5872,0.6296,2,14,2,569650,106794,67581,58675,0.8458528703586364,0.35459814225021
5873,0.6297,8,30,8,569680,106764,67589,58667,0.845615257888734,0.35463123598358226
5874,0.6298,1,32,1,569712,106732,67590,58666,0.8453618045875048,0.35469594553743095
5875,0.6299,2,6,2,569718,106726,67592,58664,0.8453142820935242,0.3547010097345668
5876,0.63,715,2142,715,571860,104584,68307,57949,0.8283487517424915,0.35653682636756845
5877,0.6301,6,16,6,571876,104568,68313,57943,0.8282220250918768,0.3565481721237332
5878,0.6302,7,20,7,571896,104548,68320,57936,0.8280636167786085,0.35656433864257403
5879,0.6303,13,25,13,571921,104523,68333,57923,0.8278656063870232,0.3565677209657363
5880,0.6304,0,8,0,571929,104515,68333,57923,0.8278022430617159,0.3565852817690442
5881,0.6305,6,20,6,571949,104495,68339,57917,0.8276438347484476,0.3566054232445878
5882,0.6306,1,11,1,571960,104484,68340,57916,0.8275567101761501,0.3566256157635468
5883,0.6307,12,33,12,571993,104451,68352,57904,0.8272953364592573,0.3566505497212898
5884,0.6308,16,88,16,572081,104363,68368,57888,0.8265983398808769,0.3567805437254624
5885,0.6309,0,6,0,572087,104357,68368,57888,0.8265508173868965,0.35679373786557367
5886,0.631,16,61,16,572148,104296,68384,57872,0.8260676720314282,0.3568644862118297
5887,0.6311,0,10,0,572158,104286,68384,57872,0.8259884678747941,0.3568864934199978
5888,0.6312,3,12,3,572170,104274,68387,57869,0.8258934228868331,0.3569010071356765
5889,0.6313,9,32,9,572202,104242,68396,57860,0.8256399695856038,0.35693575649899445
5890,0.6314,1,8,1,572210,104234,68397,57859,0.8255766062602965,0.35694940558815
5891,0.6315,8,33,8,572243,104201,68405,57851,0.8253152325434039,0.3569903487769358
5892,0.6316,2,2,2,572245,104199,68407,57849,0.825299391712077,0.35698681872037913
5893,0.6317,72,216,72,572461,103983,68479,57777,0.8235885819287796,0.3571772997032641
5894,0.6318,10,24,10,572485,103959,68489,57767,0.8233984919528576,0.3571905568677887
5895,0.6319,2,13,2,572498,103946,68491,57765,0.8232955265492333,0.3572113214314425
5896,0.632,16,51,16,572549,103895,68507,57749,0.8228915853503992,0.357260399396204
5897,0.6321,1,16,1,572565,103879,68508,57748,0.8227648586997846,0.3572917891193922
5898,0.6322,2,19,2,572584,103860,68510,57746,0.8226143708021797,0.3573258418623071
5899,0.6323,7,32,7,572616,103828,68517,57739,0.8223609175009504,0.35736876961260655
5900,0.6324,2,7,2,572623,103821,68519,57737,0.8223054745913065,0.35737629829534906
5901,0.6325,57,221,57,572844,103600,68576,57680,0.820555062729692,0.3576388888888889
5902,0.6326,2,12,2,572856,103588,68578,57678,0.820460017741731,0.35765753475624124
5903,0.6327,10,37,10,572893,103551,68588,57668,0.8201669623621848,0.3576997748404344
5904,0.6328,3,9,3,572902,103542,68591,57665,0.820095678621214,0.35770779184526724
5905,0.6329,2,12,2,572914,103530,68593,57663,0.820000633633253,0.357726452141222
5906,0.633,13,41,13,572955,103489,68606,57650,0.8196758965910531,0.3577656557382136
5907,0.6331,4,13,4,572968,103476,68610,57646,0.8195729311874287,0.35777857772371247
5908,0.6332,1,25,1,572993,103451,68611,57645,0.8193749207958434,0.3578301137210111
5909,0.6333,122,375,122,573368,103076,68733,57523,0.8164047649220632,0.3581778217797122
5910,0.6334,1,9,1,573377,103067,68734,57522,0.8163334811810924,0.35819389871037244
5911,0.6335,9,20,9,573397,103047,68743,57513,0.8161750728678241,0.35820254110612854
5912,0.6336,6,9,6,573406,103038,68749,57507,0.8161037891268533,0.3581986358964776
5913,0.6337,8,29,8,573435,103009,68757,57499,0.8158740970726144,0.358231365414808
5914,0.6338,4,20,4,573455,102989,68761,57495,0.8157156887593461,0.35826001345928565
5915,0.6339,1,3,1,573458,102986,68762,57494,0.8156919275123559,0.3582627118644068
5916,0.634,36,103,36,573561,102883,68798,57458,0.8148761246990242,0.35834876918567304
5917,0.6341,0,2,0,573563,102881,68798,57458,0.8148602838676974,0.35835323907471045
5918,0.6342,23,77,23,573640,102804,68821,57435,0.8142504118616145,0.3584333401980791
5919,0.6343,11,35,11,573675,102769,68832,57424,0.813973197313395,0.3584675984593584
5920,0.6344,5,5,5,573680,102764,68837,57419,0.8139335952350779,0.3584587627900589
5921,0.6345,3,15,3,573695,102749,68840,57416,0.8138147890001267,0.35848031717291545
5922,0.6346,3,18,3,573713,102731,68843,57413,0.8136722215181853,0.35850859226695975
5923,0.6347,17,29,17,573742,102702,68860,57396,0.8134425294639462,0.35850541543304726
5924,0.6348,8,27,8,573769,102675,68868,57388,0.8132286782410341,0.3585338273054985
5925,0.6349,1,6,1,573775,102669,68869,57387,0.8131811557470536,0.35854325985904933
5926,0.635,214,697,214,574472,101972,69083,57173,0.807660626029654,0.3592509975179867
5927,0.6351,0,6,0,574478,101966,69083,57173,0.8076131035356735,0.35926454231835064
5928,0.6352,8,16,8,574494,101950,69091,57165,0.807486376885059,0.359268453634164
5929,0.6353,5,30,5,574524,101920,69096,57160,0.8072487644151565,0.359316067387478
5930,0.6354,4,8,4,574532,101912,69100,57156,0.8071854010898492,0.35931802751024716
5931,0.6355,10,21,10,574553,101891,69110,57146,0.8070190723609175,0.35932518847815287
5932,0.6356,3,6,3,574559,101885,69113,57143,0.806971549866937,0.3593266594561964
5933,0.6357,19,50,19,574609,101835,69132,57124,0.8065755290837663,0.35936310620977735
5934,0.6358,26,80,26,574689,101755,69158,57098,0.8059418958306932,0.35943922997991856
5935,0.6359,2,6,2,574695,101749,69160,57096,0.8058943733367128,0.3594447417293588
5936,0.636,31,81,31,574776,101668,69191,57065,0.8052528196679761,0.3595030648951384
5937,0.6361,1,5,1,574781,101663,69192,57064,0.8052132175896591,0.3595103542560497
5938,0.6362,3,36,3,574817,101627,69195,57061,0.8049280826257762,0.3595798043960476
5939,0.6363,7,27,7,574844,101600,69202,57054,0.804714231402864,0.35961274219370454
5940,0.6364,3,4,3,574848,101596,69205,57051,0.8046825497402104,0.35960969952157934
5941,0.6365,10,31,10,574879,101565,69215,57041,0.8044370168546445,0.3596396101030226
5942,0.6366,2,6,2,574885,101559,69217,57039,0.8043894943606641,0.359645140544017
5943,0.6367,122,410,122,575295,101149,69339,56917,0.8011421239386644,0.3600837624789645
5944,0.6368,8,19,8,575314,101130,69347,56909,0.8009916360410594,0.36009466017881664
5945,0.6369,4,7,4,575321,101123,69351,56905,0.8009361931314155,0.36009441364821426
5946,0.637,15,28,15,575349,101095,69366,56890,0.8007144214928399,0.36009747760863375
5947,0.6371,6,11,6,575360,101084,69372,56884,0.8006272969205424,0.360098247746379
5948,0.6372,5,21,5,575381,101063,69377,56879,0.8004609681916107,0.36012586898988236
5949,0.6373,8,22,8,575403,101041,69385,56871,0.8002867190470155,0.36014362429707686
5950,0.6374,1,7,1,575410,101034,69386,56870,0.8002312761373717,0.3601555375417975
5951,0.6375,71,198,71,575608,100836,69457,56799,0.7986630338360157,0.36031972594918643
5952,0.6376,1,14,1,575622,100822,69458,56798,0.7985521480167279,0.36034767161527725
5953,0.6377,8,35,8,575657,100787,69466,56790,0.7982749334685084,0.3603952353452598
5954,0.6378,1,13,1,575670,100774,69467,56789,0.798171968064884,0.3604209110006791
5955,0.6379,2,4,2,575674,100770,69469,56787,0.7981402864022303,0.36042194253508253
5956,0.638,23,72,23,575746,100698,69492,56764,0.7975700164744646,0.36049332537374096
5957,0.6381,3,8,3,575754,100690,69495,56761,0.7975066531491573,0.3604994569739157
5958,0.6382,5,19,5,575773,100671,69500,56756,0.7973561652515524,0.3605226549448316
5959,0.6383,64,221,64,575994,100450,69564,56692,0.7956057533899379,0.36076924055949394
5960,0.6384,0,8,0,576002,100442,69564,56692,0.7955423900646306,0.36078760802881615
5961,0.6385,4,31,4,576033,100411,69568,56688,0.7952968571790647,0.36084252605045225
5962,0.6386,0,10,0,576043,100401,69568,56688,0.7952176530224306,0.3608654966292993
5963,0.6387,2,27,2,576070,100374,69570,56686,0.7950038017995185,0.3609193938622183
5964,0.6388,1,16,1,576086,100358,69571,56685,0.7948770751489038,0.3609520959227727
5965,0.6389,1,7,1,576093,100351,69572,56684,0.79482163223926,0.36096411627981023
5966,0.639,18,56,18,576149,100295,69590,56666,0.7943780889621087,0.3610196163378164
5967,0.6391,1,3,1,576152,100292,69591,56665,0.7943543277151185,0.3610224456379773
5968,0.6392,19,85,19,576237,100207,69610,56646,0.7936810923837283,0.3611406858651094
5969,0.6393,6,39,6,576276,100168,69616,56640,0.7933721961728551,0.3612060609152594
5970,0.6394,4,8,4,576284,100160,69620,56636,0.7933088328475478,0.36120819408658383
5971,0.6395,8,39,8,576323,100121,69628,56628,0.7929999366366747,0.3612654626185813
5972,0.6396,2,4,2,576327,100117,69630,56626,0.792968254974021,0.3612665318387424
5973,0.6397,3,22,3,576349,100095,69633,56623,0.7927940058294259,0.3613050192064728
5974,0.6398,4,20,4,576369,100075,69637,56619,0.7926355975161576,0.36133483094438845
5975,0.6399,1,5,1,576374,100070,69638,56618,0.7925959954378405,0.3613422853058307
5976,0.64,794,2138,794,578512,97932,70432,55824,0.7756621467494614,0.3630687582923593
5977,0.6401,1,3,1,578515,97929,70433,55823,0.7756383855024712,0.3630716998803268
5978,0.6402,2,15,2,578530,97914,70435,55821,0.7755195792675199,0.3630988389111133
5979,0.6403,4,22,4,578552,97892,70439,55817,0.7753453301229248,0.3631342341697623
5980,0.6404,0,2,0,578554,97890,70439,55817,0.7753294892915981,0.3631389591885861
5981,0.6405,11,23,11,578577,97867,70450,55806,0.7751473197313395,0.3631477227619686
5982,0.6406,2,7,2,578584,97860,70452,55804,0.7750918768216956,0.36315597667638483
5983,0.6407,13,50,13,578634,97810,70465,55791,0.7746958560385249,0.3632202915345603
5984,0.6408,30,72,30,578706,97738,70495,55761,0.7741255861107591,0.3632662102033238
5985,0.6409,1,4,1,578710,97734,70496,55760,0.7740939044481054,0.36327152852880246
5986,0.641,17,65,17,578775,97669,70513,55743,0.7735790774299836,0.36335488749250383
5987,0.6411,1,4,1,578779,97665,70514,55742,0.7735473957673299,0.3633602117243672
5988,0.6412,3,16,3,578795,97649,70517,55739,0.7734206691167153,0.36338566250293375
5989,0.6413,5,29,5,578824,97620,70522,55734,0.7731909770624762,0.3634336241636997
5990,0.6414,0,1,0,578825,97619,70522,55734,0.7731830566468129,0.3634359940790203
5991,0.6415,5,26,5,578851,97593,70527,55729,0.772977125839564,0.36347686568137644
5992,0.6416,3,7,3,578858,97586,70530,55726,0.7729216829299201,0.3634810060530161
5993,0.6417,60,186,60,579044,97400,70590,55666,0.7714484856165251,0.36367318672990734
5994,0.6418,4,21,4,579065,97379,70594,55662,0.7712821568875935,0.3637064577466169
5995,0.6419,1,16,1,579081,97363,70595,55661,0.7711554302369789,0.36374032831451275
5996,0.642,21,55,21,579136,97308,70616,55640,0.7707198073754911,0.36378376964720033
5997,0.6421,2,11,2,579147,97297,70618,55638,0.7706326828031935,0.3638016150652238
5998,0.6422,3,17,3,579164,97280,70621,55635,0.7704980357369154,0.3638295785240166
5999,0.6423,4,24,4,579188,97256,70625,55631,0.7703079457609935,0.36387004781309074
6000,0.6424,2,9,2,579197,97247,70627,55629,0.7702366620200228,0.36388314712577513
6001,0.6425,69,198,69,579395,97049,70696,55560,0.7686684197186668,0.3640676500075356
6002,0.6426,0,6,0,579401,97043,70696,55560,0.7686208972246864,0.3640819643126282
6003,0.6427,8,29,8,579430,97014,70704,55552,0.7683912051704473,0.36411782441697366
6004,0.6428,3,30,3,579460,96984,70707,55549,0.768153592700545,0.3641769322048344
6005,0.6429,6,17,6,579477,96967,70713,55543,0.7680189456342669,0.36419251196642843
6006,0.643,10,51,10,579528,96916,70723,55533,0.7676150044354327,0.3642726419983076
6007,0.6431,3,14,3,579542,96902,70726,55530,0.767504118616145,0.3642935866484728
6008,0.6432,7,19,7,579561,96883,70733,55523,0.7673536307185401,0.36430980407595503
6009,0.6433,113,347,113,579908,96536,70846,55410,0.7646052464833355,0.3646690271543838
6010,0.6434,1,6,1,579914,96530,70847,55409,0.764557723989355,0.3646792462764662
6011,0.6435,2,23,2,579937,96507,70849,55407,0.7643755544290964,0.36472609502744974
6012,0.6436,0,13,0,579950,96494,70849,55407,0.764272589025472,0.36475730903680686
6013,0.6437,6,23,6,579973,96471,70855,55401,0.7640904194652135,0.3647874525916561
6014,0.6438,3,18,3,579991,96453,70858,55398,0.7639478519832721,0.364818144101784
6015,0.6439,3,12,3,580003,96441,70861,55395,0.7638528069953111,0.3648344266181933
6016,0.644,18,79,18,580082,96362,70879,55377,0.7632270941579014,0.36494902431148224
6017,0.6441,0,6,0,580088,96356,70879,55377,0.7631795716639209,0.36496345554361936
6018,0.6442,20,88,20,580176,96268,70899,55357,0.7624825750855405,0.36509150865622425
6019,0.6443,13,13,13,580189,96255,70912,55344,0.7623796096819161,0.3650683711633982
6020,0.6444,0,8,0,580197,96247,70912,55344,0.7623162463566088,0.3650876371288533
6021,0.6445,6,26,6,580223,96221,70918,55338,0.76211031554936,0.36512513278657155
6022,0.6446,9,16,9,580239,96205,70927,55329,0.7619835888987454,0.36512597832829596
6023,0.6447,6,27,6,580266,96178,70933,55323,0.7617697376758332,0.3651659064956667
6024,0.6448,1,33,1,580299,96145,70934,55322,0.7615083639589406,0.3652412736767745
6025,0.6449,4,12,4,580311,96133,70938,55318,0.7614133189709796,0.36525344831001444
6026,0.645,245,658,245,580969,95475,71183,55073,0.7562016854644532,0.3658168823232457
6027,0.6451,2,7,2,580976,95468,71185,55071,0.7561462425548092,0.36582546715469083
6028,0.6452,2,24,2,581000,95444,71187,55069,0.7559561525788874,0.36587537289137817
6029,0.6453,7,28,7,581028,95416,71194,55062,0.7557343809403118,0.36591395419928496
6030,0.6454,0,5,0,581033,95411,71194,55062,0.7556947788619947,0.36592611299037037
6031,0.6455,4,18,4,581051,95393,71198,55058,0.7555522113800532,0.365953034542808
6032,0.6456,3,8,3,581059,95385,71201,55055,0.7554888480547459,0.36595985110342993
6033,0.6457,9,33,9,581092,95352,71210,55046,0.7552274743378532,0.36600220747616324
6034,0.6458,18,69,18,581161,95283,71228,55028,0.7546809656570777,0.3660942978225147
6035,0.6459,1,5,1,581166,95278,71229,55027,0.7546413635787607,0.36610225874056085
6036,0.646,25,68,25,581234,95210,71254,55002,0.7541027753136484,0.3661624903469763
6037,0.6461,3,7,3,581241,95203,71257,54999,0.7540473324040046,0.36616689524773305
6038,0.6462,18,26,18,581267,95177,71275,54981,0.7538414015967558,0.3661543174522836
6039,0.6463,11,15,11,581282,95162,71286,54970,0.7537225953618046,0.3661444595422695
6040,0.6464,1,5,1,581287,95157,71287,54969,0.7536829932834875,0.36615243195715597
6041,0.6465,8,34,8,581321,95123,71295,54961,0.7534136991509315,0.3662015937741531
6042,0.6466,1,2,1,581323,95121,71296,54960,0.7533978583196046,0.36620225078457636
6043,0.6467,125,391,125,581714,94730,71421,54835,0.7503009757952097,0.36662989335740315
6044,0.6468,5,31,5,581745,94699,71426,54830,0.7500554429096439,0.3666847233646985
6045,0.6469,1,10,1,581755,94689,71427,54829,0.7499762387530098,0.3667050121055659
6046,0.647,11,22,11,581777,94667,71438,54818,0.7498019896084146,0.36671237916847843
6047,0.6471,3,11,3,581788,94656,71441,54815,0.7497148650361171,0.36672665600685084
6048,0.6472,5,23,5,581811,94633,71446,54810,0.7495326954758585,0.3667619092229144
6049,0.6473,8,31,8,581842,94602,71454,54802,0.7492871625902927,0.36680410163047844
6050,0.6474,1,5,1,581847,94597,71455,54801,0.7492475605119757,0.36681213938606944
6051,0.6475,65,190,65,582037,94407,71520,54736,0.747742681535927,0.36700347988172427
6052,0.6476,2,9,2,582046,94398,71522,54734,0.7476713977949563,0.36701713917871415
6053,0.6477,9,33,9,582079,94365,71531,54725,0.7474100240780636,0.3670601650010061
6054,0.6478,0,17,0,582096,94348,71531,54725,0.7472753770117856,0.36710202384066865
6055,0.6479,5,15,5,582111,94333,71536,54720,0.7471565707768344,0.36711773664401254
6056,0.648,14,60,14,582171,94273,71550,54706,0.7466813458370295,0.3672061162982702
6057,0.6481,4,6,4,582177,94267,71554,54702,0.7466338233430491,0.3672039149084709
6058,0.6482,5,22,5,582199,94245,71559,54697,0.746459574198454,0.36723691101234035
6059,0.6483,67,170,67,582369,94075,71626,54630,0.7451131035356735,0.3673716418412293
6060,0.6484,3,4,3,582373,94071,71629,54627,0.7450814218730198,0.367368760844127
6061,0.6485,8,34,8,582407,94037,71637,54619,0.7448121277404638,0.36741873856420193
6062,0.6486,2,7,2,582414,94030,71639,54617,0.7447566848308199,0.3674275296507834
6063,0.6487,6,37,6,582451,93993,71645,54611,0.7444636294512736,0.3674934725848564
6064,0.6488,7,23,7,582474,93970,71652,54604,0.7442814598910151,0.3675205621441167
6065,0.6489,1,7,1,582481,93963,71653,54603,0.7442260169813711,0.36753362142078266
6066,0.649,19,56,19,582537,93907,71672,54584,0.74378247370422,0.36759130182974054
6067,0.6491,0,4,0,582541,93903,71672,54584,0.7437507920415664,0.3676012041458175
6068,0.6492,20,88,20,582629,93815,71692,54564,0.743053795463186,0.3677339785279588
6069,0.6493,15,39,15,582668,93776,71707,54549,0.7427448992523128,0.36776672846789144
6070,0.6494,2,5,2,582673,93771,71709,54547,0.7427052971739957,0.36777060100594666
6071,0.6495,4,28,4,582701,93743,71713,54543,0.7424835255354201,0.367822990707147
6072,0.6496,1,8,1,582709,93735,71714,54542,0.7424201622101128,0.3678385724016537
6073,0.6497,5,20,5,582729,93715,71719,54537,0.7422617538968445,0.3678668753204004
6074,0.6498,7,22,7,582751,93693,71726,54530,0.7420875047522494,0.36789162275760173
6075,0.6499,0,8,0,582759,93685,71726,54530,0.7420241414269421,0.367911479944675
6076,0.65,782,1949,782,584708,91736,72508,53748,0.7265872512989482,0.3694426878557092
6077,0.6501,1,9,1,584717,91727,72509,53747,0.7265159675579774,0.3694612095632209
6078,0.6502,4,26,4,584743,91701,72513,53743,0.7263100367507287,0.369509914468799
6079,0.6503,6,26,6,584769,91675,72519,53737,0.72610410594348,0.369549968365747
6080,0.6504,2,5,2,584774,91670,72521,53735,0.7260645038651629,0.36955400433272584
6081,0.6505,5,35,5,584809,91635,72526,53730,0.7257872893169434,0.36962129811165
6082,0.6506,2,8,2,584817,91627,72528,53728,0.725723925991636,0.36963296756217534
6083,0.6507,10,30,10,584847,91597,72538,53718,0.7254863135217337,0.36966589822110585
6084,0.6508,24,74,24,584921,91523,72562,53694,0.724900202762641,0.36975009812900694
6085,0.6509,1,4,1,584925,91519,72563,53693,0.7248685210999873,0.36975594303501086
6086,0.651,11,45,11,584970,91474,72574,53682,0.7245121023951338,0.36982281132023476
6087,0.6511,0,3,0,584973,91471,72574,53682,0.7244883411481434,0.3698304547615275
6088,0.6512,5,19,5,584992,91452,72579,53677,0.7243378532505386,0.3698571615597158
6089,0.6513,9,23,9,585015,91429,72588,53668,0.72415568369028,0.36987670317098215
6090,0.6514,1,9,1,585024,91420,72589,53667,0.7240843999493093,0.3698953041967923
6091,0.6515,8,27,8,585051,91393,72597,53659,0.7238705487263971,0.36992940462730606
6092,0.6516,0,4,0,585055,91389,72597,53659,0.7238388670637435,0.36993960619932714
6093,0.6517,71,180,71,585235,91209,72668,53588,0.722413192244329,0.3700905405498733
6094,0.6518,5,14,5,585249,91195,72673,53583,0.7223023064250412,0.37010457389934937
6095,0.6519,3,11,3,585260,91184,72676,53580,0.7222151818527436,0.37011964300516703
6096,0.652,16,43,16,585303,91141,72692,53564,0.7218746039792169,0.37015998065028854
6097,0.6521,3,14,3,585317,91127,72695,53561,0.721763718159929,0.37018273802941504
6098,0.6522,6,9,6,585326,91118,72701,53555,0.7216924344189584,0.3701796465131711
6099,0.6523,16,18,16,585344,91100,72717,53539,0.7215498669370168,0.3701560436673373
6100,0.6524,1,7,1,585351,91093,72718,53538,0.721494424027373,0.3701696040267992
6101,0.6525,57,206,57,585557,90887,72775,53481,0.7198628184007096,0.3704491300011083
6102,0.6526,2,7,2,585564,90880,72777,53479,0.7198073754910658,0.3704583711441614
6103,0.6527,4,42,4,585606,90838,72781,53475,0.7194747180332024,0.3705487378129482
6104,0.6528,1,15,1,585621,90823,72782,53474,0.7193559117982512,0.37058289500128205
6105,0.6529,6,10,6,585631,90813,72788,53468,0.719276707641617,0.3705824051676936
6106,0.653,9,36,9,585667,90777,72797,53459,0.7189915726777342,0.3706356249480019
6107,0.6531,4,2,4,585669,90775,72801,53455,0.7189757318464073,0.37062330999098664
6108,0.6532,5,29,5,585698,90746,72806,53450,0.7187460397921683,0.370676024300258
6109,0.6533,131,323,131,586021,90423,72937,53319,0.7161877455328856,0.37093542597153234
6110,0.6534,3,4,3,586025,90419,72940,53316,0.7161560638702319,0.37093261905590147
6111,0.6535,8,28,8,586053,90391,72948,53308,0.7159342922316563,0.3709698745293983
6112,0.6536,1,14,1,586067,90377,72949,53307,0.7158234064123685,0.3710016424932491
6113,0.6537,5,34,5,586101,90343,72954,53302,0.7155541122798125,0.3710675623934004
6114,0.6538,12,31,12,586132,90312,72966,53290,0.7153085793942466,0.3710951100959597
6115,0.6539,4,7,4,586139,90305,72970,53286,0.7152531364846028,0.37109568148421557
6116,0.654,12,75,12,586214,90230,72982,53274,0.7146591053098467,0.371237038688817
6117,0.6541,1,12,1,586226,90218,72983,53273,0.7145640603218857,0.3712637029500108
6118,0.6542,26,75,26,586301,90143,73009,53247,0.7139700291471296,0.3713438873003696
6119,0.6543,11,36,11,586337,90107,73020,53236,0.7136848941832468,0.3713889063295731
6120,0.6544,0,8,0,586345,90099,73020,53236,0.7136215308579394,0.3714096347716887
6121,0.6545,10,12,10,586357,90087,73030,53226,0.7135264858699785,0.3713968725795985
6122,0.6546,2,13,2,586370,90074,73032,53224,0.713423520466354,0.37142179234881156
6123,0.6547,6,30,6,586400,90044,73038,53218,0.7131859079964517,0.3714732448241683
6124,0.6548,4,21,4,586421,90023,73042,53214,0.7130195792675199,0.3715101544991867
6125,0.6549,1,11,1,586432,90012,73043,53213,0.7129324546952224,0.3715342991796125
6126,0.655,236,643,236,587075,89369,73279,52977,0.7078396274236471,0.3721706265016228
6127,0.6551,2,3,2,587078,89366,73281,52975,0.7078158661766569,0.3721696489416261
6128,0.6552,3,22,3,587100,89344,73284,52972,0.7076416170320619,0.37221394642907335
6129,0.6553,3,19,3,587119,89325,73287,52969,0.707491129134457,0.37225041112063756
6130,0.6554,4,19,4,587138,89306,73291,52965,0.7073406412368521,0.3722824749949041
6131,0.6555,4,22,4,587160,89284,73295,52961,0.707166392092257,0.3723224014903863
6132,0.6556,2,17,2,587177,89267,73297,52959,0.707031745025979,0.3723580779885534
6133,0.6557,6,34,6,587211,89233,73303,52953,0.7067624508934229,0.3724206321297455
6134,0.6558,23,66,23,587277,89167,73326,52930,0.7062397034596376,0.3724920300921202
6135,0.6559,1,16,1,587293,89151,73327,52929,0.706112976809023,0.3725295608108108
6136,0.656,31,83,31,587376,89068,73358,52898,0.7054555823089596,0.3726103433216404
6137,0.6561,0,7,0,587383,89061,73358,52898,0.7054001393993157,0.372628716742158
6138,0.6562,7,26,7,587409,89035,73365,52891,0.7051942085920669,0.3726660372306695
6139,0.6563,7,17,7,587426,89018,73372,52884,0.7050595615257889,0.37267973671970794
6140,0.6564,1,10,1,587436,89008,73373,52883,0.7049803573691548,0.3727015807908888
6141,0.6565,12,25,12,587461,88983,73385,52871,0.7047823469775694,0.3727141991061232
6142,0.6566,1,4,1,587465,88979,73386,52870,0.7047506653149157,0.3727202870658235
6143,0.6567,121,365,121,587830,88614,73507,52749,0.7018597135977697,0.3731457312026485
6144,0.6568,4,25,4,587855,88589,73511,52745,0.7016617032061843,0.3731939943679511
6145,0.6569,3,8,3,587863,88581,73514,52742,0.7015983398808769,0.3732018142835915
6146,0.657,9,44,9,587907,88537,73523,52733,0.7012498415916867,0.3732781199122248
6147,0.6571,7,15,7,587922,88522,73530,52726,0.7011310353567355,0.37328670140462167
6148,0.6572,4,22,4,587944,88500,73534,52722,0.7009567862121404,0.3733271020096019
6149,0.6573,9,25,9,587969,88475,73543,52713,0.700758775820555,0.3733532594838088
6150,0.6574,2,16,2,587985,88459,73545,52711,0.7006320491699405,0.37338669689027415
6151,0.6575,65,178,65,588163,88281,73610,52646,0.6992222151818528,0.373569294741249
6152,0.6576,4,6,4,588169,88275,73614,52642,0.6991746926878722,0.3735674191190559
6153,0.6577,10,31,10,588200,88244,73624,52632,0.6989291598023064,0.3736051563076748
6154,0.6578,2,13,2,588213,88231,73626,52630,0.698826194398682,0.3736307423630387
6155,0.6579,6,10,6,588223,88221,73632,52624,0.6987469902420479,0.37363058681529343
6156,0.658,25,73,25,588296,88148,73657,52599,0.6981687998986187,0.3737131164429792
6157,0.6581,1,7,1,588303,88141,73658,52598,0.6981133569889748,0.37372725399498363
6158,0.6582,7,24,7,588327,88117,73665,52591,0.6979232670130529,0.3737598430792848
6159,0.6583,70,183,70,588510,87934,73735,52521,0.696473830946648,0.3739347121853975
6160,0.6584,1,7,1,588517,87927,73736,52520,0.6964183880370042,0.3739488917527608
6161,0.6585,9,25,9,588542,87902,73745,52511,0.6962203776454189,0.3739753441632897
6162,0.6586,6,15,6,588557,87887,73751,52505,0.6961015714104676,0.3739885463559177
6163,0.6587,6,30,6,588587,87857,73757,52499,0.6958639589405652,0.3740417224771296
6164,0.6588,3,17,3,588604,87840,73760,52496,0.6957293118742872,0.37407365180709157
6165,0.6589,1,5,1,588609,87835,73761,52495,0.6956897097959701,0.3740825197748165
6166,0.659,18,45,18,588654,87790,73779,52477,0.6953332910911164,0.3741222097856231
6167,0.6591,4,18,4,588672,87772,73783,52473,0.695190723609175,0.374152376198795
6168,0.6592,31,83,31,588755,87689,73814,52442,0.6945333291091117,0.37423553674775745
6169,0.6593,7,36,7,588791,87653,73821,52435,0.6942481941452288,0.37430043972360233
6170,0.6594,1,14,1,588805,87639,73822,52434,0.6941373083259409,0.3743333833072755
6171,0.6595,6,31,6,588836,87608,73828,52428,0.6938917754403751,0.3743894427147305
6172,0.6596,4,6,4,588842,87602,73832,52424,0.6938442529463946,0.3743876137288789
6173,0.6597,2,23,2,588865,87579,73834,52422,0.6936620833861361,0.3744401825701245
6174,0.6598,5,26,5,588891,87553,73839,52417,0.6934561525788874,0.37448739015503324
6175,0.6599,3,6,3,588897,87547,73842,52414,0.6934086300849068,0.3744900365101707
6176,0.66,777,2040,777,590937,85507,74619,51637,0.6772509821315422,0.3765166540278831
6177,0.6601,1,10,1,590947,85497,74620,51636,0.6771717779749081,0.3765395637811468
6178,0.6602,3,25,3,590972,85472,74623,51633,0.6769737675833227,0.3765945807957405
6179,0.6603,6,23,6,590995,85449,74629,51627,0.6767915980230642,0.37663048236015056
6180,0.6604,5,13,5,591008,85436,74634,51622,0.6766886326194399,0.3766434648105182
6181,0.6605,4,27,4,591035,85409,74638,51618,0.6764747813965277,0.3766994825837244
6182,0.6606,3,4,3,591039,85405,74641,51615,0.6764430997338741,0.3766968325791855
6183,0.6607,10,31,10,591070,85374,74651,51605,0.6761975668483082,0.37673658005971716
6184,0.6608,21,60,21,591130,85314,74672,51584,0.6757223419085033,0.3768060892051016
6185,0.6609,1,2,1,591132,85312,74673,51583,0.6757065010771766,0.37680704189342196
6186,0.661,11,50,11,591182,85262,74684,51572,0.6753104802940059,0.3768946314512475
6187,0.6611,0,6,0,591188,85256,74684,51572,0.6752629578000253,0.37691115853480284
6188,0.6612,5,14,5,591202,85242,74689,51567,0.6751520719807376,0.37692695655987546
6189,0.6613,6,22,6,591224,85220,74695,51561,0.6749778228361425,0.37696025032716535
6190,0.6614,3,8,3,591232,85212,74698,51558,0.6749144595108352,0.3769686334722527
6191,0.6615,5,23,5,591255,85189,74703,51553,0.6747322899505767,0.3770092583112723
6192,0.6616,1,4,1,591259,85185,74704,51552,0.674700608287923,0.37701573092871715
6193,0.6617,53,188,53,591447,84997,74757,51499,0.6732115701432011,0.3772931074903294
6194,0.6618,6,19,6,591466,84978,74763,51493,0.6730610822455962,0.37731825809146263
6195,0.6619,0,6,0,591472,84972,74763,51493,0.6730135597516158,0.37733484776316273
6196,0.662,12,52,12,591524,84920,74775,51481,0.6726016981371182,0.37742391917947815
6197,0.6621,4,10,4,591534,84910,74779,51477,0.6725224939804841,0.3774333330889308
6198,0.6622,4,20,4,591554,84890,74783,51473,0.6723640856672158,0.37747042819533155
6199,0.6623,12,22,12,591576,84868,74795,51461,0.6721898365226207,0.3774765457092768
6200,0.6624,2,8,2,591584,84860,74797,51459,0.6721264731973134,0.377489564917583
6201,0.6625,52,162,52,591746,84698,74849,51407,0.6708433658598403,0.37770103963851437
6202,0.6626,2,7,2,591753,84691,74851,51405,0.6707879229501964,0.377711321420174
6203,0.6627,5,40,5,591793,84651,74856,51400,0.6704711063236599,0.3777995016574667
6204,0.6628,4,13,4,591806,84638,74860,51396,0.6703681409200355,0.3778173103782878
6205,0.6629,8,11,8,591817,84627,74868,51388,0.670281016347738,0.37781127081571886
6206,0.663,12,35,12,591852,84592,74880,51376,0.6700038017995185,0.3778536126147329
6207,0.6631,0,6,0,591858,84586,74880,51376,0.6699562793055379,0.37787028728615346
6208,0.6632,3,22,3,591880,84564,74883,51373,0.6697820301609428,0.3779177118812391
6209,0.6633,124,283,124,592163,84281,75007,51249,0.6675405525281967,0.37813768169408984
6210,0.6634,1,10,1,592173,84271,75008,51248,0.6674613483715626,0.37816099587511715
6211,0.6635,12,22,12,592195,84249,75020,51236,0.6672870992269674,0.3781673247961029
6212,0.6636,2,16,2,592211,84233,75022,51234,0.6671603725763529,0.37820280954033086
6213,0.6637,5,26,5,592237,84207,75027,51229,0.666954441769104,0.3782524587258927
6214,0.6638,8,24,8,592261,84183,75035,51221,0.666764351793182,0.3782827686035863
6215,0.6639,1,9,1,592270,84174,75036,51220,0.6666930680522114,0.3783033221560778
6216,0.664,23,66,23,592336,84108,75059,51197,0.6661703206184261,0.37838217360777504
6217,0.6641,1,2,1,592338,84106,75060,51196,0.6661544797870992,0.37838317245864805
6218,0.6642,32,81,32,592419,84025,75092,51164,0.6655129261183627,0.3784627447499427
6219,0.6643,8,36,8,592455,83989,75100,51156,0.6652277911544798,0.37852676754596914
6220,0.6644,1,9,1,592464,83980,75101,51155,0.6651565074135091,0.3785473785473785
6221,0.6645,5,10,5,592474,83970,75106,51150,0.665077303256875,0.37855239786856126
6222,0.6646,0,4,0,592478,83966,75106,51150,0.6650456215942213,0.37856360460641225
6223,0.6647,8,22,8,592500,83944,75114,51142,0.6648713724496261,0.3785884547621515
6224,0.6648,6,19,6,592519,83925,75120,51136,0.6647208845520213,0.37861410769948395
6225,0.6649,1,11,1,592530,83914,75121,51135,0.6646337599797237,0.37864034535613
6226,0.665,232,617,232,593147,83297,75353,50903,0.6597468635153972,0.3793070044709389
6227,0.6651,3,8,3,593155,83289,75356,50900,0.6596835001900899,0.3793157412306523
6228,0.6652,6,25,6,593180,83264,75362,50894,0.6594854897985046,0.37935866664678963
6229,0.6653,10,17,10,593197,83247,75372,50884,0.6593508427322265,0.37936047595261346
6230,0.6654,2,12,2,593209,83235,75374,50882,0.6592557977442656,0.3793851637003512
6231,0.6655,10,17,10,593226,83218,75384,50872,0.6591211506779876,0.3793869788947722
6232,0.6656,0,2,0,593228,83216,75384,50872,0.6591053098466607,0.37939263767078335
6233,0.6657,8,32,8,593260,83184,75392,50864,0.6588518565454315,0.3794461685366436
6234,0.6658,21,82,21,593342,83102,75413,50843,0.6582023824610316,0.3795811713763112
6235,0.6659,3,6,3,593348,83096,75416,50840,0.658154859967051,0.3795842790586549
6236,0.666,29,78,29,593426,83018,75445,50811,0.6575370675453048,0.37967107278691464
6237,0.6661,0,7,0,593433,83011,75445,50811,0.6574816246356608,0.3796909327315389
6238,0.6662,6,27,6,593460,82984,75451,50805,0.6572677734127487,0.37973973944046224
6239,0.6663,6,22,6,593482,82962,75457,50799,0.6570935242681536,0.3797743736963689
6240,0.6664,1,13,1,593495,82949,75458,50798,0.6569905588645292,0.3798066498687821
6241,0.6665,8,25,8,593520,82924,75466,50790,0.6567925484729439,0.3798405552148616
6242,0.6666,3,3,3,593523,82921,75469,50787,0.6567687872259537,0.37983516319143207
6243,0.6667,127,322,127,593845,82599,75596,50660,0.6542184133823343,0.3801619402817071
6244,0.6668,4,21,4,593866,82578,75600,50656,0.6540520846534026,0.3802032514223096
6245,0.6669,2,0,2,593866,82578,75602,50654,0.6540520846534026,0.38019394740002405
6246,0.667,14,36,14,593902,82542,75616,50640,0.6537669496895198,0.380231562823805
6247,0.6671,5,8,5,593910,82534,75621,50635,0.6537035863642124,0.3802311348737319
6248,0.6672,0,8,0,593918,82526,75621,50635,0.6536402230389051,0.38025397826691
6249,0.6673,7,24,7,593942,82502,75628,50628,0.6534501330629832,0.38028994216179673
6250,0.6674,3,1,3,593943,82501,75631,50625,0.6534422126473197,0.3802788335862266
6251,0.6675,63,171,63,594114,82330,75694,50562,0.6520878215688759,0.380474370165247
6252,0.6676,2,7,2,594121,82323,75696,50560,0.652032378659232,0.3804850883860238
6253,0.6677,4,25,4,594146,82298,75700,50556,0.6518343682676467,0.38053803423306787
6254,0.6678,5,17,5,594163,82281,75705,50551,0.6516997212013687,0.3805634184533847
6255,0.6679,4,8,4,594171,82273,75709,50547,0.6516363578760613,0.38056768558951964
6256,0.668,21,45,21,594216,82228,75730,50526,0.6512799391712077,0.3805987013573979
6257,0.6681,1,7,1,594223,82221,75731,50525,0.6512244962615638,0.38061410513311134
6258,0.6682,7,27,7,594250,82194,75738,50518,0.6510106450386516,0.3806588703357647
6259,0.6683,61,172,61,594422,82022,75799,50457,0.6496483335445444,0.3808679111406336
6260,0.6684,0,1,0,594423,82021,75799,50457,0.649640413128881,0.38087078609278524
6261,0.6685,3,28,3,594451,81993,75802,50454,0.6494186414903054,0.3809372805726064
6262,0.6686,5,10,5,594461,81983,75807,50449,0.6493394373336713,0.38094267246586927
6263,0.6687,6,23,6,594484,81960,75813,50443,0.6491572677734128,0.3809807934865524
6264,0.6688,4,17,4,594501,81943,75817,50439,0.6490226207071347,0.3810110135819069
6265,0.6689,1,7,1,594508,81936,75818,50438,0.6489671777974908,0.38102648556363033
6266,0.669,18,50,18,594558,81886,75836,50420,0.6485711570143201,0.38108626970810094
6267,0.6691,2,3,2,594561,81883,75838,50418,0.6485473957673299,0.381085554908882
6268,0.6692,25,84,25,594645,81799,75863,50393,0.647882080851603,0.38121066327765674
6269,0.6693,7,33,7,594678,81766,75870,50386,0.6476207071347104,0.3812730794842303
6270,0.6694,2,8,2,594686,81758,75872,50384,0.6475573438094031,0.381286797535984
6271,0.6695,8,18,8,594704,81740,75880,50376,0.6474147763274617,0.38130128069272456
6272,0.6696,3,7,3,594711,81733,75883,50373,0.6473593334178178,0.3813074349386099
6273,0.6697,7,18,7,594729,81715,75890,50366,0.6472167659358763,0.38132661018617364
6274,0.6698,5,21,5,594750,81694,75895,50361,0.6470504372069447,0.3813638256786945
6275,0.6699,2,9,2,594759,81685,75897,50359,0.6469791534659739,0.381380448941262
6276,0.67,797,1880,797,596639,79805,76694,49562,0.6320887720187556,0.38311161269875627
6277,0.6701,2,8,2,596647,79797,76696,49560,0.6320254086934483,0.3831257682228252
6278,0.6702,4,11,4,596658,79786,76700,49556,0.6319382841211507,0.3831392741723493
6279,0.6703,2,18,2,596676,79768,76702,49554,0.6317957166392092,0.383183062433306
6280,0.6704,4,9,4,596685,79759,76706,49550,0.6317244328982385,0.3831906518494459
6281,0.6705,6,19,6,596704,79740,76712,49544,0.6315739450006337,0.38321834101667646
6282,0.6706,2,0,2,596704,79740,76714,49542,0.6315739450006337,0.38320879936882163
6283,0.6707,12,43,12,596747,79697,76726,49530,0.6312333671271069,0.38327903611474384
6284,0.6708,25,64,25,596811,79633,76751,49505,0.6307264605246483,0.38334959500689186
6285,0.6709,0,3,0,596814,79630,76751,49505,0.6307026992776581,0.383358500793743
6286,0.671,19,48,19,596862,79582,76770,49486,0.6303225193258142,0.38341029534818855
6287,0.6711,0,6,0,596868,79576,76770,49486,0.6302749968318337,0.3834281198183819
6288,0.6712,3,21,3,596889,79555,76773,49483,0.630108668102902,0.3834761853097537
6289,0.6713,8,35,8,596924,79520,76781,49475,0.6298314535546825,0.3835419977518508
6290,0.6714,2,5,2,596929,79515,76783,49473,0.6297918514763655,0.38354730672620707
6291,0.6715,6,33,6,596962,79482,76789,49467,0.6295304777594728,0.38361677872647326
6292,0.6716,1,1,1,596963,79481,76790,49466,0.6295225573438094,0.3836149735938021
6293,0.6717,49,179,49,597142,79302,76839,49417,0.6281048029400583,0.38391379671998693
6294,0.6718,4,15,4,597157,79287,76843,49413,0.6279859967051071,0.3839393939393939
6295,0.6719,2,3,2,597160,79284,76845,49411,0.6279622354581168,0.3839387699599829
6296,0.672,12,54,12,597214,79230,76857,49399,0.6275345330122925,0.3840424787567345
6297,0.6721,5,5,5,597219,79225,76862,49394,0.6274949309339755,0.38403346317418113
6298,0.6722,5,22,5,597241,79203,76867,49389,0.6273206817893803,0.38407521463232547
6299,0.6723,9,26,9,597267,79177,76876,49380,0.6271147509821315,0.38410977231889354
6300,0.6724,6,9,6,597276,79168,76882,49374,0.6270434672411608,0.38410791803457234
6301,0.6725,75,147,75,597423,79021,76957,49299,0.6258791661386389,0.3841879675810474
6302,0.6726,1,7,1,597430,79014,76958,49298,0.625823723228995,0.38420412743936655
6303,0.6727,14,42,14,597472,78972,76972,49284,0.6254910657711317,0.3842627245508982
6304,0.6728,5,14,5,597486,78958,76977,49279,0.6253801799518439,0.3842806678259785
6305,0.6729,2,7,2,597493,78951,76979,49277,0.6253247370421999,0.38429204229965375
6306,0.673,12,30,12,597523,78921,76991,49265,0.6250871245722975,0.3843243411917058
6307,0.6731,1,13,1,597536,78908,76992,49264,0.6249841591686732,0.3843585182411135
6308,0.6732,5,9,5,597545,78899,76997,49259,0.6249128754277025,0.38436149128419606
6309,0.6733,117,290,117,597835,78609,77114,49142,0.6226159548853124,0.384670178707016
6310,0.6734,1,2,1,597837,78607,77115,49141,0.6226001140539855,0.38467138428781666
6311,0.6735,5,21,5,597858,78586,77120,49136,0.6224337853250539,0.3847105432110365
6312,0.6736,3,7,3,597865,78579,77123,49133,0.62237834241541,0.3847171761463292
6313,0.6737,2,11,2,597876,78568,77125,49131,0.6222912178431124,0.3847406792535572
6314,0.6738,5,20,5,597896,78548,77130,49126,0.6221328095298442,0.3847768535488823
6315,0.6739,2,7,2,597903,78541,77132,49124,0.6220773666202002,0.3847883131633572
6316,0.674,17,75,17,597978,78466,77149,49107,0.6214833354454442,0.3849325484232557
6317,0.6741,3,12,3,597990,78454,77152,49104,0.6213882904574832,0.38495429530096115
6318,0.6742,23,64,23,598054,78390,77175,49081,0.6208813838550247,0.3850365965592174
6319,0.6743,13,32,13,598086,78358,77188,49068,0.6206279305537955,0.38507055075102414
6320,0.6744,4,6,4,598092,78352,77192,49064,0.620580408059815,0.38506937904187855
6321,0.6745,7,17,7,598109,78335,77199,49057,0.620445760993537,0.38508697563426275
6322,0.6746,2,2,2,598111,78333,77201,49055,0.6204299201622101,0.38508336735014287
6323,0.6747,9,20,9,598131,78313,77210,49046,0.6202715118489418,0.3851003855243838
6324,0.6748,2,15,2,598146,78298,77212,49044,0.6201527056139906,0.3851360902137551
6325,0.6749,2,3,2,598149,78295,77214,49042,0.6201289443670004,0.38513550656918255
6326,0.675,232,557,232,598706,77738,77446,48810,0.6157172728424788,0.38570344849385213
6327,0.6751,3,6,3,598712,77732,77449,48807,0.6156697503484982,0.3857071732825453
6328,0.6752,7,21,7,598733,77711,77456,48800,0.6155034216195666,0.38573720862217514
6329,0.6753,8,30,8,598763,77681,77464,48792,0.6152658091496642,0.38578985237955926
6330,0.6754,2,11,2,598774,77670,77466,48790,0.6151786845773666,0.38581369603036536
6331,0.6755,5,19,5,598793,77651,77471,48785,0.6150281966797617,0.38584738523838147
6332,0.6756,3,6,3,598799,77645,77474,48782,0.6149806741857813,0.3858511235732873
6333,0.6757,6,33,6,598832,77612,77480,48776,0.6147193004688886,0.38592271418172613
6334,0.6758,17,61,17,598893,77551,77497,48759,0.6142361551134203,0.3860264428786319
6335,0.6759,1,1,1,598894,77550,77498,48758,0.6142282346977569,0.38602463818602145
6336,0.676,28,88,28,598982,77462,77526,48730,0.6135312381193765,0.3861576011157601
6337,0.6761,4,7,4,598989,77455,77530,48726,0.6134757952097326,0.3861595644352161
6338,0.6762,6,14,6,599003,77441,77536,48720,0.6133649093904449,0.3861732231038118
6339,0.6763,6,27,6,599030,77414,77542,48714,0.6131510581675327,0.38622669034631485
6340,0.6764,3,17,3,599047,77397,77545,48711,0.6130164111012546,0.38626415453420876
6341,0.6765,6,27,6,599074,77370,77551,48705,0.6128025598783424,0.38631766805472934
6342,0.6766,0,4,0,599078,77366,77551,48705,0.6127708782156888,0.3863299252008789
6343,0.6767,121,338,121,599416,77028,77672,48584,0.6100937777214548,0.38677833328025985
6344,0.6768,4,16,4,599432,77012,77676,48580,0.6099670510708401,0.3868080769475763
6345,0.6769,2,4,2,599436,77008,77678,48578,0.6099353694081865,0.38681063175831704
6346,0.677,14,37,14,599473,76971,77692,48564,0.6096423140286402,0.3868562552276258
6347,0.6771,5,12,5,599485,76959,77697,48559,0.6095472690406792,0.38686881562803743
6348,0.6772,3,18,3,599503,76941,77700,48556,0.6094047015587378,0.38690964724256355
6349,0.6773,5,36,5,599539,76905,77705,48551,0.6091195665948549,0.38699623772478
6350,0.6774,6,8,6,599547,76897,77711,48545,0.6090562032695476,0.3869915977104957
6351,0.6775,62,155,62,599702,76742,77773,48483,0.6078285388417184,0.38716709922140147
6352,0.6776,1,7,1,599709,76735,77774,48482,0.6077730959320745,0.3871838488384165
6353,0.6777,15,31,15,599740,76704,77789,48467,0.6075275630465087,0.3872063017791661
6354,0.6778,4,16,4,599756,76688,77793,48463,0.607400836395894,0.3872362186478734
6355,0.6779,0,6,0,599762,76682,77793,48463,0.6073533139019136,0.38725478445003797
6356,0.678,18,70,18,599832,76612,77811,48445,0.6067988848054746,0.3873833531909449
6357,0.6781,2,4,2,599836,76608,77813,48443,0.606767203142821,0.3873859465338142
6358,0.6782,7,19,7,599855,76589,77820,48436,0.6066167152452161,0.3874105178964207
6359,0.6783,76,150,76,600005,76439,77896,48360,0.6054286528957039,0.3875031049928285
6360,0.6784,0,5,0,600010,76434,77896,48360,0.6053890508173869,0.3875186307033992
6361,0.6785,6,17,6,600027,76417,77902,48354,0.6052544037511088,0.3875419769016839
6362,0.6786,2,2,2,600029,76415,77904,48352,0.6052385629197821,0.3875383715245217
6363,0.6787,5,11,5,600040,76404,77909,48347,0.6051514383474845,0.3875479956072496
6364,0.6788,2,18,2,600058,76386,77911,48345,0.605008870865543,0.3875941025085985
6365,0.6789,2,6,2,600064,76380,77913,48343,0.6049613483715626,0.38760292808864444
6366,0.679,12,54,12,600118,76326,77925,48331,0.6045336459257382,0.3877118814025686
6367,0.6791,2,3,2,600121,76323,77927,48329,0.6045098846787479,0.3877113885055996
6368,0.6792,30,64,30,600185,76259,77957,48299,0.6040029780762894,0.38776313042919763
6369,0.6793,14,41,14,600226,76218,77971,48285,0.6036782410340895,0.3878219801932484
6370,0.6794,0,3,0,600229,76215,77971,48285,0.6036544797870992,0.38783132530120484
6371,0.6795,8,17,8,600246,76198,77979,48277,0.6035198327208212,0.38784494878489656
6372,0.6796,3,9,3,600255,76189,77982,48274,0.6034485489798505,0.3878582389947213
6373,0.6797,8,17,8,600272,76172,77990,48266,0.6033139019135724,0.38787187193622524
6374,0.6798,5,17,5,600289,76155,77995,48261,0.6031792548472944,0.3879002700617284
6375,0.6799,3,3,3,600292,76152,77998,48258,0.6031554936003042,0.3878948637569327
6376,0.68,792,1812,792,602104,74340,78790,47466,0.588803700418198,0.38968523718043446
6377,0.6801,1,4,1,602108,74336,78791,47465,0.5887720187555443,0.3896930238667991
6378,0.6802,8,25,8,602133,74311,78799,47457,0.5885740083639589,0.3897329347611852
6379,0.6803,10,17,10,602150,74294,78809,47447,0.5884393612976809,0.38973722903541125
6380,0.6804,1,6,1,602156,74288,78810,47446,0.5883918388037004,0.38975142523863504
6381,0.6805,7,23,7,602179,74265,78817,47439,0.5882096692434419,0.38978998225202127
6382,0.6806,2,4,2,602183,74261,78819,47437,0.5881779875807882,0.38979276569869675
6383,0.6807,12,27,12,602210,74234,78831,47425,0.587964136357876,0.38981908449025554
6384,0.6808,16,55,16,602265,74179,78847,47409,0.5875285134963882,0.38991512320294763
6385,0.6809,3,9,3,602274,74170,78850,47406,0.5874572297554176,0.389928933342107
6386,0.681,11,25,11,602299,74145,78861,47395,0.5872592193638322,0.3899539246338654
6387,0.6811,0,10,0,602309,74135,78861,47395,0.5871800152071981,0.38998601168435776
6388,0.6812,5,23,5,602332,74112,78866,47390,0.5869978456469396,0.3900347319385689
6389,0.6813,7,21,7,602353,74091,78873,47383,0.5868315169180078,0.39006701022441015
6390,0.6814,1,6,1,602359,74085,78874,47382,0.5867839944240274,0.3900812566376053
6391,0.6815,11,23,11,602382,74062,78885,47371,0.5866018248637689,0.3900998904745827
6392,0.6817,56,186,56,602568,73876,78941,47315,0.5851286275503739,0.3904167801239366
6393,0.6818,5,21,5,602589,73855,78946,47310,0.5849622988214421,0.3904592910493955
6394,0.6819,2,7,2,602596,73848,78948,47308,0.5849068559117983,0.3904717884380468
6395,0.682,12,45,12,602641,73803,78960,47296,0.5845504372069447,0.3905564868413447
6396,0.6821,2,8,2,602649,73795,78962,47294,0.5844870738816373,0.3905722237362601
6397,0.6822,4,18,4,602667,73777,78966,47290,0.5843445063996958,0.3906101580116795
6398,0.6823,7,20,7,602687,73757,78973,47283,0.5841860980864276,0.3906394580304032
6399,0.6824,0,7,0,602694,73750,78973,47283,0.5841306551767836,0.39066205084563715
6400,0.6825,67,125,67,602819,73625,79040,47216,0.583140603218857,0.3907283124105229
6401,0.6826,2,14,2,602833,73611,79042,47214,0.5830297173995691,0.3907635009310987
6402,0.6827,4,26,4,602859,73585,79046,47210,0.5828237865923204,0.39082743491038535
6403,0.6828,3,23,3,602882,73562,79049,47207,0.5826416170320619,0.39088673417847297
6404,0.6829,3,15,3,602897,73547,79052,47204,0.5825228107971107,0.3909201580111138
6405,0.683,9,32,9,602929,73515,79061,47195,0.5822693574958814,0.39097837793057744
6406,0.6831,0,4,0,602933,73511,79061,47195,0.5822376758332277,0.3909913343164383
6407,0.6832,4,20,4,602953,73491,79065,47191,0.5820792675199594,0.3910359457085564
6408,0.6833,107,275,107,603228,73216,79172,47084,0.5799011532125206,0.3913881961762261
6409,0.6834,0,6,0,603234,73210,79172,47084,0.5798536307185401,0.3914077177581592
6410,0.6835,8,23,8,603257,73187,79180,47076,0.5796714611582816,0.3914420894206863
6411,0.6836,2,9,2,603266,73178,79182,47074,0.5796001774173108,0.3914612646775106
6412,0.6837,9,18,9,603284,73160,79191,47065,0.5794576099353694,0.391474318985236
6413,0.6838,8,20,8,603304,73140,79199,47057,0.5792992016221011,0.3914989558807624
6414,0.6839,3,9,3,603313,73131,79202,47054,0.5792279178811304,0.39151308399550694
6415,0.684,19,69,19,603382,73062,79221,47035,0.5786814092003548,0.3916417562470336
6416,0.6841,1,4,1,603386,73058,79222,47034,0.5786497275377012,0.39164973520301105
6417,0.6842,26,63,26,603449,72995,79248,47008,0.578150741350906,0.3917235402448272
6418,0.6843,9,27,9,603476,72968,79257,46999,0.5779368901279939,0.391766069002309
6419,0.6844,0,6,0,603482,72962,79257,46999,0.5778893676340134,0.3917856636740274
6420,0.6845,4,17,4,603499,72945,79261,46995,0.5777547205677354,0.3918209104552276
6421,0.6846,3,5,3,603504,72940,79264,46992,0.5777151184894184,0.39182203248507486
6422,0.6847,8,16,8,603520,72924,79272,46984,0.5775883918388037,0.3918337392000534
6423,0.6848,5,19,5,603539,72905,79277,46979,0.5774379039411989,0.3918704747922992
6424,0.6849,1,7,1,603546,72898,79278,46978,0.5773824610315549,0.39188828456071273
6425,0.685,244,551,244,604097,72347,79522,46734,0.5730183120010138,0.39245555546224836
6426,0.6851,1,8,1,604105,72339,79523,46733,0.5729549486757065,0.392476820747111
6427,0.6852,3,20,3,604125,72319,79526,46730,0.5727965403624382,0.3925274466816185
6428,0.6853,8,23,8,604148,72296,79534,46722,0.5726143708021797,0.39256246954242213
6429,0.6854,3,9,3,604157,72287,79537,46719,0.5725430870612089,0.3925768448649648
6430,0.6855,6,18,6,604175,72269,79543,46713,0.5724005195792675,0.39260560420904
6431,0.6856,5,3,5,604178,72266,79548,46708,0.5723767583322773,0.3925899776421739
6432,0.6857,18,27,18,604205,72239,79566,46690,0.5721629071093651,0.3925871738600341
6433,0.6858,12,55,12,604260,72184,79578,46678,0.5717272842478773,0.3927075095488886
6434,0.6859,2,3,2,604263,72181,79580,46676,0.5717035230008871,0.39270720277308024
6435,0.686,44,63,44,604326,72118,79624,46632,0.571204536814092,0.3926905263157895
6436,0.6861,2,6,2,604332,72112,79626,46630,0.5711570143201116,0.39270013979889173
6437,0.6862,6,21,6,604353,72091,79632,46624,0.5709906855911798,0.3927389125215853
6438,0.6863,3,19,3,604372,72072,79635,46621,0.570840197693575,0.39278643222430976
6439,0.6864,2,6,2,604378,72066,79637,46619,0.5707926751995944,0.3927960567889792
6440,0.6865,3,28,3,604406,72038,79640,46616,0.5705709035610189,0.39287339659851334
6441,0.6866,1,5,1,604411,72033,79641,46615,0.5705313014827018,0.39288483581687006
6442,0.6867,124,299,124,604710,71734,79765,46491,0.568163097199341,0.39324170014802284
6443,0.6868,5,18,5,604728,71716,79770,46486,0.5680205297173996,0.3932759174971659
6444,0.6869,4,8,4,604736,71708,79774,46482,0.5679571663920923,0.39328200355360016
6445,0.687,12,29,12,604765,71679,79786,46470,0.5677274743378532,0.39331691338902575
6446,0.6871,9,10,9,604775,71669,79795,46461,0.5676482701812191,0.3933039871328198
6447,0.6872,4,14,4,604789,71655,79799,46457,0.5675373843619314,0.3933300596044432
6448,0.6873,7,15,7,604804,71640,79806,46450,0.5674185781269802,0.39334405961554747
6449,0.6874,2,9,2,604813,71631,79808,46448,0.5673472943860094,0.3933637649370337
6450,0.6875,65,132,65,604945,71499,79873,46383,0.5663017995184387,0.39346974092736803
6451,0.6876,0,3,0,604948,71496,79873,46383,0.5662780382714485,0.39347975466368057
6452,0.6877,8,34,8,604982,71462,79881,46375,0.5660087441388925,0.3935521101182141
6453,0.6878,3,17,3,604999,71445,79884,46372,0.5658740970726144,0.39359345425532816
6454,0.6879,4,6,4,605005,71439,79888,46368,0.5658265745786338,0.39359291043825917
6455,0.688,16,43,16,605048,71396,79904,46352,0.5654859967051071,0.39365424465808335
6456,0.6881,0,14,0,605062,71382,79904,46352,0.5653751108858193,0.3937010549204138
6457,0.6882,3,15,3,605077,71367,79907,46349,0.5652563046508681,0.39373577083828876
6458,0.6883,54,152,54,605229,71215,79961,46295,0.5640524014700291,0.3939664709386435
6459,0.6884,3,3,3,605232,71212,79964,46292,0.5640286402230389,0.3939610566448802
6460,0.6885,7,21,7,605253,71191,79971,46285,0.5638623114941073,0.3939953692669141
6461,0.6886,0,3,0,605256,71188,79971,46285,0.5638385502471169,0.3940054310352166
6462,0.6887,8,32,8,605288,71156,79979,46277,0.5635850969458878,0.39407151311811844
6463,0.6888,6,24,6,605312,71132,79985,46271,0.5633950069699658,0.39412110423072666
6464,0.6889,2,12,2,605324,71120,79987,46269,0.5632999619820048,0.3941510703728629
6465,0.689,16,47,16,605371,71073,80003,46253,0.5629277024458244,0.39422634369193527
6466,0.6891,0,2,0,605373,71071,80003,46253,0.5629118616144976,0.39423306399372676
6467,0.6892,19,82,19,605455,70989,80022,46234,0.5622623875300976,0.39441065319945745
6468,0.6893,10,32,10,605487,70957,80032,46224,0.5620089342288683,0.3944666797518369
6469,0.6894,2,6,2,605493,70951,80034,46222,0.5619614117348879,0.3944765432309491
6470,0.6895,5,18,5,605511,70933,80039,46217,0.5618188442529464,0.39451131028595815
6471,0.6896,0,6,0,605517,70927,80039,46217,0.5617713217589659,0.3945315167656901
6472,0.6897,4,29,4,605546,70898,80043,46213,0.5615416297047269,0.39460853378418764
6473,0.6898,9,10,9,605556,70888,80052,46204,0.5614624255480928,0.39459570252451065
6474,0.6899,1,2,1,605558,70886,80053,46203,0.5614465847167659,0.3945972721604933
6475,0.69,829,1797,829,607355,69089,80882,45374,0.547213597769611,0.3964075727527673
6476,0.6901,0,4,0,607359,69085,80882,45374,0.5471819161069573,0.39642142601280805
6477,0.6902,4,19,4,607378,69066,80886,45370,0.5470314282093525,0.3964661470166731
6478,0.6903,4,25,4,607403,69041,80890,45366,0.5468334178177671,0.3965316807538
6479,0.6904,1,9,1,607412,69032,80891,45365,0.5467621340767963,0.3965576020350184
6480,0.6905,4,25,4,607437,69007,80895,45361,0.546564123685211,0.3966231813094572
6481,0.6906,6,6,6,607443,69001,80901,45355,0.5465166011912305,0.3966123334149498
6482,0.6907,6,38,6,607481,68963,80907,45349,0.5462156253960208,0.39671250612359155
6483,0.6908,19,66,19,607547,68897,80926,45330,0.5456928779622354,0.3968413772575661
6484,0.6909,2,5,2,607552,68892,80928,45328,0.5456532758839184,0.39684818770793207
6485,0.691,17,47,17,607599,68845,80945,45311,0.545281016347738,0.39692175619327935
6486,0.6911,2,9,2,607608,68836,80947,45309,0.5452097326067672,0.39694248543519206
6487,0.6912,8,23,8,607631,68813,80955,45301,0.5450275630465087,0.3969802127696865
6488,0.6913,7,23,7,607654,68790,80962,45294,0.5448453934862502,0.3970232460292416
6489,0.6914,5,3,5,607657,68787,80967,45289,0.54482163223926,0.3970072583190154
6490,0.6915,7,26,7,607683,68761,80974,45282,0.5446157014320111,0.3970607577843445
6491,0.6916,0,3,0,607686,68758,80974,45282,0.5445919401850209,0.3970712030866363
6492,0.6917,58,150,58,607836,68608,81032,45224,0.5434038778355088,0.3972872303043081
6493,0.6918,9,20,9,607856,68588,81041,45215,0.5432454695222405,0.3973093855170778
6494,0.6919,0,4,0,607860,68584,81041,45215,0.5432137878595868,0.39732335082030595
6495,0.692,19,33,19,607893,68551,81060,45196,0.5429524141426942,0.39733795177015657
6496,0.6921,1,13,1,607906,68538,81061,45195,0.5428494487390698,0.39737806968953604
6497,0.6922,3,6,3,607912,68532,81064,45192,0.5428019262450894,0.3973831381238789
6498,0.6923,13,24,13,607936,68508,81077,45179,0.5426118362691674,0.39739811939799624
6499,0.6924,1,0,1,607936,68508,81078,45178,0.5426118362691674,0.3973928188167408
6500,0.6925,51,163,51,608099,68345,81129,45127,0.5413208085160309,0.3976928228990412
6501,0.6926,0,6,0,608105,68339,81129,45127,0.5412732860220505,0.39771385260782965
6502,0.6927,6,31,6,608136,68308,81135,45121,0.5410277531364847,0.3977906884482804
6503,0.6928,2,10,2,608146,68298,81137,45119,0.5409485489798505,0.39781514235079396
6504,0.6929,6,23,6,608169,68275,81143,45113,0.5407663794195919,0.39786397149610186
6505,0.693,5,27,5,608196,68248,81148,45108,0.5405525281966798,0.3979321782702283
6506,0.6931,3,8,3,608204,68240,81151,45105,0.5404891648713724,0.3979443292602232
6507,0.6932,7,19,7,608223,68221,81158,45098,0.5403386769737676,0.39797386140011826
6508,0.6933,112,296,112,608519,67925,81270,44986,0.537994233937397,0.39841999450894955
6509,0.6934,2,5,2,608524,67920,81272,44984,0.53795463185908,0.3984269822149791
6510,0.6935,13,30,13,608554,67890,81285,44971,0.5377170193891776,0.3984635968137798
6511,0.6936,4,6,4,608560,67884,81289,44967,0.537669496895197,0.3984634606693782
6512,0.6937,2,13,2,608573,67871,81291,44965,0.5375665314915726,0.3984987060867099
6513,0.6938,5,13,5,608586,67858,81296,44960,0.5374635660879483,0.398517966991083
6514,0.6939,1,15,1,608601,67843,81297,44959,0.5373447598529971,0.3985656282690023
6515,0.694,24,56,24,608657,67787,81321,44935,0.5369012165758459,0.3986355813417079
6516,0.6941,0,2,0,608659,67785,81321,44935,0.5368853757445191,0.39864265436479773
6517,0.6942,29,72,29,608731,67713,81350,44906,0.5363151058167532,0.3987426633161367
6518,0.6943,10,28,10,608759,67685,81360,44896,0.5360933341781776,0.3987884278874766
6519,0.6944,2,8,2,608767,67677,81362,44894,0.5360299708528704,0.39880608682520363
6520,0.6945,7,11,7,608778,67666,81369,44887,0.5359428462805728,0.3988076728296891
6521,0.6946,3,4,3,608782,67662,81372,44884,0.5359111646179191,0.39880582161960443
6522,0.6947,6,22,6,608804,67640,81378,44878,0.535736915473324,0.3988517392772712
6523,0.6948,4,20,4,608824,67620,81382,44874,0.5355785071600557,0.39890127473465253
6524,0.6949,1,7,1,608831,67613,81383,44873,0.5355230642504119,0.3989207545827925
6525,0.695,224,509,224,609340,67104,81607,44649,0.5314915726777342,0.3995328984456793
6526,0.6951,0,6,0,609346,67098,81607,44649,0.5314440501837536,0.39955435045236115
6527,0.6952,8,20,8,609366,67078,81615,44641,0.5312856418704853,0.3995828820522919
6528,0.6953,3,20,3,609386,67058,81618,44638,0.5311272335572171,0.3996383039679129
6529,0.6954,2,7,2,609393,67051,81620,44636,0.5310717906475731,0.39965260057123925
6530,0.6955,9,13,9,609406,67038,81629,44627,0.5309688252439488,0.39965074105583664
6531,0.6956,0,6,0,609412,67032,81629,44627,0.5309213027499683,0.3996722163014177
6532,0.6957,14,19,14,609431,67013,81643,44613,0.5307708148523634,0.3996649526096071
6533,0.6958,23,49,23,609480,66964,81666,44590,0.5303827144848562,0.3997167291177367
6534,0.6959,1,2,1,609482,66962,81667,44589,0.5303668736535293,0.39971851440148454
6535,0.696,33,68,33,609550,66894,81700,44556,0.5298282853884172,0.39978465679676983
6536,0.6961,3,11,3,609561,66883,81703,44553,0.5297411608161197,0.399807961520514
6537,0.6962,7,22,7,609583,66861,81710,44546,0.5295669116715245,0.3998492015762026
6538,0.6963,5,15,5,609598,66846,81715,44541,0.5294481054365733,0.3998761076247677
6539,0.6964,0,5,0,609603,66841,81715,44541,0.5294085033582563,0.39989405828589897
6540,0.6965,4,23,4,609626,66818,81719,44537,0.5292263337979978,0.39995509855866374
6541,0.6966,1,5,1,609631,66813,81720,44536,0.5291867317196807,0.39996766922019955
6542,0.6967,115,277,115,609908,66536,81835,44421,0.5269927765809149,0.4003442775129104
6543,0.6968,4,21,4,609929,66515,81839,44417,0.5268264478519833,0.4003984422889698
6544,0.6969,1,6,1,609935,66509,81840,44416,0.5267789253580027,0.40041469461347756
6545,0.697,11,26,11,609961,66483,81851,44405,0.526572994550754,0.4004491017964072
6546,0.6971,7,14,7,609975,66469,81858,44398,0.5264621087314663,0.4004618146066909
6547,0.6972,2,14,2,609989,66455,81860,44396,0.5263512229121784,0.40050157418516746
6548,0.6973,12,29,12,610018,66426,81872,44384,0.5261215308579394,0.4005414673765906
6549,0.6974,1,8,1,610026,66418,81873,44383,0.5260581675326321,0.40056497685038944
6550,0.6975,65,151,65,610177,66267,81938,44318,0.5248621847674566,0.4007595966903287
6551,0.6976,4,3,4,610180,66264,81942,44314,0.5248384235204664,0.40074879270741015
6552,0.6977,7,24,7,610204,66240,81949,44307,0.5246483335445444,0.40079785068794266
6553,0.6978,4,18,4,610222,66222,81953,44303,0.524505766062603,0.40084143858855464
6554,0.6979,2,5,2,610227,66217,81955,44301,0.5244661639842859,0.40084873052353465
6555,0.698,17,42,17,610269,66175,81972,44284,0.5241335065264225,0.40090893453679644
6556,0.6981,2,4,2,610273,66171,81974,44282,0.5241018248637689,0.4009126053615565
6557,0.6982,4,25,4,610298,66146,81978,44278,0.5239038144721835,0.4009816706513077
6558,0.6983,66,159,66,610457,65987,82044,44212,0.5226444683817006,0.40120146280819247
6559,0.6984,1,5,1,610462,65982,82045,44211,0.5226048663033837,0.401214233209006
6560,0.6985,8,26,8,610488,65956,82053,44203,0.5223989354961348,0.4012654435860892
6561,0.6986,1,8,1,610496,65948,82054,44202,0.5223355721708275,0.40128915115751246
6562,0.6987,6,26,6,610522,65922,82060,44196,0.5221296413635788,0.40135127772026374
6563,0.6988,6,23,6,610545,65899,82066,44190,0.5219474718033202,0.4014025016123318
6564,0.6989,0,10,0,610555,65889,82066,44190,0.5218682676466861,0.40143896656037936
6565,0.699,20,34,20,610589,65855,82086,44170,0.52159897351413,0.40145421495114747
6566,0.6991,1,7,1,610596,65848,82087,44169,0.5215435306044861,0.401474317605461
6567,0.6992,23,58,23,610654,65790,82110,44146,0.5210841464960081,0.4015609081647504
6568,0.6993,12,29,12,610683,65761,82122,44134,0.5208544544417691,0.4016015287319714
6569,0.6994,1,9,1,610692,65752,82123,44133,0.5207831707007984,0.4016289757473723
6570,0.6995,8,13,8,610705,65739,82131,44125,0.520680205297174,0.40163292798368894
6571,0.6996,0,7,0,610712,65732,82131,44125,0.5206247623875301,0.40165851971198924
6572,0.6997,4,17,4,610729,65715,82135,44121,0.5204901153212521,0.40169889653665464
6573,0.6998,4,14,4,610743,65701,82139,44117,0.5203792295019642,0.40172831411972537
6574,0.6999,2,2,2,610745,65699,82141,44115,0.5203633886706375,0.40172473455115015
6575,0.7,821,1778,821,612523,63921,82962,43294,0.5062808896210873,0.4038054376719675
6576,0.7001,1,5,1,612528,63916,82963,43293,0.5062412875427702,0.4038187092501562
6577,0.7002,6,20,6,612548,63896,82969,43287,0.506082879229502,0.40386068686265547
6578,0.7003,2,14,2,612562,63882,82971,43285,0.5059719934102141,0.4039023206770741
6579,0.7004,2,5,2,612567,63877,82973,43283,0.505932391331897,0.40391004106009704
6580,0.7005,6,12,6,612579,63865,82979,43277,0.5058373463439362,0.403921898041851
6581,0.7006,1,1,1,612580,63864,82980,43276,0.5058294259282727,0.403920104536121
6582,0.7007,11,34,11,612614,63830,82991,43265,0.5055601317957167,0.40398711424436246
6583,0.7008,29,70,29,612684,63760,83020,43236,0.5050057026992777,0.40408987251859885
6584,0.7009,2,4,2,612688,63756,83022,43234,0.504974021036624,0.4040938405458454
6585,0.701,16,38,16,612726,63718,83038,43218,0.5046730452414143,0.40414827560409966
6586,0.7011,0,4,0,612730,63714,83038,43218,0.5046413635787607,0.40416339355852315
6587,0.7012,7,12,7,612742,63702,83045,43211,0.5045463185907997,0.4041697454939998
6588,0.7013,4,10,4,612752,63692,83049,43207,0.5044671144341655,0.40418525898277813
6589,0.7014,1,6,1,612758,63686,83050,43206,0.504419591940185,0.40420237248811886
6590,0.7015,5,24,5,612782,63662,83055,43201,0.5042295019642631,0.4042652742296211
6591,0.7016,2,1,2,612783,63661,83057,43199,0.5042215815485996,0.40425790754257906
6592,0.7017,49,140,49,612923,63521,83106,43150,0.5031127233557217,0.4045148165855762
6593,0.7018,8,25,8,612948,63496,83114,43142,0.5029147129641364,0.40456497683752507
6594,0.7019,1,3,1,612951,63493,83115,43141,0.5028909517171462,0.40457077479978243
6595,0.702,21,51,21,613002,63442,83136,43120,0.502487010518312,0.4046470599275539
6596,0.7021,0,7,0,613009,63435,83136,43120,0.5024315676086681,0.4046736427197222
6597,0.7022,6,7,6,613016,63428,83142,43114,0.5023761246990242,0.40466670421054607
6598,0.7023,5,17,5,613033,63411,83147,43109,0.5022414776327462,0.40470334209538117
6599,0.7024,0,13,0,613046,63398,83147,43109,0.5021385122291218,0.4047527392565747
6600,0.7025,48,117,48,613163,63281,83195,43061,0.5012118235965023,0.4049293787967125
6601,0.7026,1,4,1,613167,63277,83196,43060,0.5011801419338486,0.40493901464212834
6602,0.7027,11,30,11,613197,63247,83207,43049,0.5009425294639462,0.4049917212312787
6603,0.7028,4,8,4,613205,63239,83211,43045,0.5008791661386389,0.4049998118249219
6604,0.7029,1,13,1,613218,63226,83212,43044,0.5007762007350146,0.40504375646937046
6605,0.703,14,40,14,613258,63186,83226,43030,0.500459384108478,0.40511787301348196
6606,0.7031,2,7,2,613265,63179,83228,43028,0.5004039411988341,0.40513337162333934
6607,0.7032,5,15,5,613280,63164,83233,43023,0.5002851349638829,0.4051625905242638
6608,0.7033,111,262,111,613542,62902,83344,42912,0.49820998606006844,0.40554179976184623
6609,0.7034,2,8,2,613550,62894,83346,42910,0.4981466227347611,0.40556122641866094
6610,0.7035,7,22,7,613572,62872,83353,42903,0.497972373590166,0.4056062396596549
6611,0.7036,1,6,1,613578,62866,83354,42902,0.4979248510961855,0.4056236290749565
6612,0.7037,5,23,5,613601,62843,83359,42897,0.497742681535927,0.40568375260071876
6613,0.7038,9,15,9,613616,62828,83368,42888,0.4976238753009758,0.4056907185288887
6614,0.7039,1,3,1,613619,62825,83369,42887,0.4976001140539856,0.405696609656425
6615,0.704,37,62,37,613681,62763,83406,42850,0.4971090482828539,0.405726567752076
6616,0.7041,0,2,0,613683,62761,83406,42850,0.4970932074515271,0.4057342511670186
6617,0.7042,19,71,19,613754,62690,83425,42831,0.49653085793942464,0.40590024734413055
6618,0.7043,6,19,6,613773,62671,83431,42825,0.4963803700418198,0.4059395616895427
6619,0.7044,2,3,2,613776,62668,83433,42823,0.49635660879482957,0.4059398432093733
6620,0.7045,4,26,4,613802,62642,83437,42819,0.4961506779875808,0.40601739031490314
6621,0.7046,1,6,1,613808,62636,83438,42818,0.4961031554936003,0.4060348588009938
6622,0.7047,8,23,8,613831,62613,83446,42810,0.4959209859333418,0.40607836999516234
6623,0.7048,4,19,4,613850,62594,83450,42806,0.4957704980357369,0.4061290322580645
6624,0.7049,1,6,1,613856,62588,83451,42805,0.4957229755417564,0.4061465182697143
6625,0.705,212,490,212,614346,62098,83663,42593,0.49184197186668355,0.40684490548375696
6626,0.7051,1,6,1,614352,62092,83664,42592,0.49179444937270306,0.406862557792977
6627,0.7052,7,16,7,614368,62076,83671,42585,0.4916677227220885,0.4068850861352366
6628,0.7053,2,24,2,614392,62052,83673,42583,0.4914776327461665,0.40696707602618626
6629,0.7054,5,7,5,614399,62045,83678,42578,0.49142218983652264,0.40696596350706826
6630,0.7055,8,21,8,614420,62024,83686,42570,0.49125586110759095,0.4070023137082433
6631,0.7056,2,7,2,614427,62017,83688,42568,0.491200418197947,0.4070182148491657
6632,0.7057,5,28,5,614455,61989,83693,42563,0.49097864655937146,0.4070988598974673
6633,0.7058,22,59,22,614514,61930,83715,42541,0.49051134203523,0.40720391304764003
6634,0.7059,1,4,1,614518,61926,83716,42540,0.49047966037257634,0.4072138303371432
6635,0.706,25,74,25,614592,61852,83741,42515,0.4898935496134837,0.4073605641630017
6636,0.7061,0,3,0,614595,61849,83741,42515,0.4898697883664935,0.4073722739642022
6637,0.7062,6,22,6,614617,61827,83747,42509,0.48969553922189835,0.407424091397025
6638,0.7063,3,16,3,614633,61811,83750,42506,0.48956881257128376,0.40746953995992985
6639,0.7064,1,1,1,614634,61810,83751,42505,0.4895608921556203,0.40746776590135647
6640,0.7065,7,21,7,614655,61789,83758,42498,0.48939456342668863,0.4075100443967129
6641,0.7066,2,4,2,614659,61785,83760,42496,0.489362881764035,0.4075143122908296
6642,0.7067,135,263,135,614922,61522,83895,42361,0.4872798124445571,0.4077760557550321
6643,0.7068,6,11,6,614933,61511,83901,42355,0.48719268787225956,0.407785030712649
6644,0.7069,1,5,1,614938,61506,83902,42354,0.48715308579394245,0.4077989601386482
6645,0.707,9,30,9,614968,61476,83911,42345,0.48691547332404006,0.407865460744936
6646,0.7071,4,9,4,614977,61467,83915,42341,0.4868441895830693,0.4078780055487053
6647,0.7072,1,10,1,614987,61457,83916,42340,0.4867649854264352,0.4079115966742777
6648,0.7073,8,20,8,615007,61437,83924,42332,0.4866065771131669,0.4079445691873296
6649,0.7074,0,3,0,615010,61434,83924,42332,0.48658281586617663,0.40795636335601254
6650,0.7075,63,141,63,615151,61293,83987,42269,0.48546603725763526,0.40815163863193066
6651,0.7076,3,4,3,615155,61289,83990,42266,0.4854343555949816,0.4081502583168365
6652,0.7077,6,22,6,615177,61267,83996,42260,0.48526010645038653,0.40820269108541735
6653,0.7078,5,14,5,615191,61253,84001,42255,0.4851492206310987,0.4082293156084554
6654,0.7079,6,6,6,615197,61247,84007,42249,0.48510169813711823,0.40821867511787896
6655,0.708,10,50,10,615247,61197,84017,42239,0.48470567735394754,0.4083587919099733
6656,0.7081,2,5,2,615252,61192,84019,42237,0.4846660752756305,0.40836709240155084
6657,0.7082,6,23,6,615275,61169,84025,42231,0.4844839057153719,0.40842359767891684
6658,0.7083,60,137,60,615412,61032,84085,42171,0.4833988087694842,0.4086218423883027
6659,0.7084,2,4,2,615416,61028,84087,42169,0.48336712710683055,0.40862621975445024
6660,0.7085,7,28,7,615444,61000,84094,42162,0.483145355468255,0.4086970008336403
6661,0.7086,3,4,3,615448,60996,84097,42159,0.48311367380560133,0.40869565217391307
6662,0.7087,10,28,10,615476,60968,84107,42149,0.4828919021670257,0.4087492847930021
6663,0.7088,2,11,2,615487,60957,84109,42147,0.4828047775947282,0.4087814245810056
6664,0.7089,1,6,1,615493,60951,84110,42146,0.4827572551007477,0.4087994801012639
6665,0.709,13,32,13,615525,60919,84123,42133,0.48250380179951846,0.40885184178861156
6666,0.7091,1,4,1,615529,60915,84124,42132,0.4824721201368648,0.40886197560336546
6667,0.7092,22,61,22,615590,60854,84146,42110,0.4819889747813965,0.40897789518666716
6668,0.7093,7,35,7,615625,60819,84153,42103,0.481711760233177,0.4090767765880958
6669,0.7094,4,9,4,615634,60810,84157,42099,0.4816404764922063,0.4090895840013993
6670,0.7095,4,14,4,615648,60796,84161,42095,0.4815295906729185,0.4091222750289141
6671,0.7096,0,6,0,615654,60790,84161,42095,0.481482068178938,0.4091461340331438
6672,0.7097,3,14,3,615668,60776,84164,42092,0.4813711823596502,0.40918458607147024
6673,0.7098,4,14,4,615682,60762,84168,42088,0.48126029654036245,0.4092173067574137
6674,0.7099,1,4,1,615686,60758,84169,42087,0.4812286148777088,0.40922747824395933
6675,0.71,851,1698,851,617384,59060,85020,41236,0.46777974908123177,0.41114301667065484
6676,0.7101,0,4,0,617388,59056,85020,41236,0.4677480674185781,0.4111594145096319
6677,0.7102,6,19,6,617407,59037,85026,41230,0.46759757952097325,0.4112020904185824
6678,0.7103,5,23,5,617430,59014,85031,41225,0.46741540996071473,0.41126707169864024
6679,0.7104,1,7,1,617437,59007,85032,41224,0.46735996705107086,0.41128992028414363
6680,0.7105,4,17,4,617454,58990,85036,41220,0.4672253199847928,0.4113361939926155
6681,0.7106,1,10,1,617464,58980,85037,41219,0.4671461158281587,0.4113713709717662
6682,0.7107,6,27,6,617491,58953,85043,41213,0.4669322646052465,0.41144699798334766
6683,0.7108,19,62,19,617553,58891,85062,41194,0.46644119883411483,0.4115901483738822
6684,0.7109,2,4,2,617557,58887,85064,41192,0.4664095171714612,0.4115948400763397
6685,0.711,17,47,17,617604,58840,85081,41175,0.4660372576352807,0.41168824676298554
6686,0.7111,3,5,3,617609,58835,85084,41172,0.46599765555696365,0.4116911816172868
6687,0.7112,2,10,2,617619,58825,85086,41170,0.4659184514003295,0.41172058602930145
6688,0.7113,10,21,10,617640,58804,85096,41160,0.4657521226713978,0.41174822936257055
6689,0.7114,2,7,2,617647,58797,85098,41158,0.4656966797617539,0.4117652943824721
6690,0.7115,6,20,6,617667,58777,85104,41152,0.46553827144848564,0.4118123867946242
6691,0.7116,0,5,0,617672,58772,85104,41152,0.46549866937016854,0.4118329930747368
6692,0.7117,62,141,62,617813,58631,85166,41090,0.46438189076162717,0.41204961843543486
6693,0.7118,4,13,4,617826,58618,85170,41086,0.4642789253580028,0.41207975607799086
6694,0.7119,2,2,2,617828,58616,85172,41084,0.464263084526676,0.4120762286860582
6695,0.712,11,35,11,617863,58581,85183,41073,0.4639858699784565,0.4121560599674875
6696,0.7121,4,7,4,617870,58574,85187,41069,0.46393042706881255,0.41216141625603403
6697,0.7122,2,16,2,617886,58558,85189,41067,0.46380370041819796,0.41221580928481805
6698,0.7123,8,23,8,617909,58535,85197,41059,0.46362153085793945,0.4122637909914252
6699,0.7124,0,4,0,617913,58531,85197,41059,0.4635898491952858,0.41228034943267394
6700,0.7125,42,119,42,618032,58412,85239,41017,0.4626473197313395,0.4125255207233302
6701,0.7126,1,5,1,618037,58407,85240,41016,0.46260771765302244,0.41254035786488036
6702,0.7127,9,26,9,618063,58381,85249,41007,0.46240178684577365,0.41259508190123556
6703,0.7128,3,15,3,618078,58366,85252,41004,0.46228298061082246,0.4126396296669015
6704,0.7129,0,7,0,618085,58359,85252,41004,0.4622275377011786,0.41266869961655744
6705,0.713,10,35,10,618120,58324,85262,40994,0.4619503231529591,0.4127549890251515
6706,0.7131,2,6,2,618126,58318,85264,40992,0.4619028006589786,0.41276809988923574
6707,0.7132,3,14,3,618140,58304,85267,40989,0.4617919148396908,0.4128085564944155
6708,0.7133,129,255,129,618395,58049,85396,40860,0.4597722088455202,0.4131069973409902
6709,0.7134,0,8,0,618403,58041,85396,40860,0.4597088455202129,0.41314041314041317
6710,0.7135,10,28,10,618431,58013,85406,40850,0.4594870738816373,0.4131980619645368
6711,0.7136,4,5,4,618436,58008,85410,40846,0.45944747180332024,0.4131952171889858
6712,0.7137,6,19,6,618455,57989,85416,40840,0.4592969839057154,0.4132390290299406
6713,0.7138,6,18,6,618473,57971,85422,40834,0.4591544164237739,0.4132786802287334
6714,0.7139,2,7,2,618480,57964,85424,40832,0.45909897351413004,0.4132960848617353
6715,0.714,25,53,25,618533,57911,85449,40807,0.4586791914839691,0.413369395652262
6716,0.7141,0,2,0,618535,57909,85449,40807,0.45866335065264224,0.41337777057417235
6717,0.7142,19,64,19,618599,57845,85468,40788,0.45815644405018374,0.41353299605608673
6718,0.7143,6,24,6,618623,57821,85474,40782,0.45796635407426184,0.41359796355080475
6719,0.7144,6,11,6,618634,57810,85480,40776,0.45787922950196425,0.41360842310267176
6720,0.7145,3,20,3,618654,57790,85483,40773,0.457720821188696,0.4136745026023964
6721,0.7146,2,3,2,618657,57787,85485,40771,0.45769705994170573,0.4136751963310944
6722,0.7147,6,28,6,618685,57759,85491,40765,0.45747528830313017,0.4137570541187934
6723,0.7148,6,13,6,618698,57746,85497,40759,0.45737232289950575,0.41377595045936755
6724,0.7149,1,5,1,618703,57741,85498,40758,0.4573327208211887,0.41379100295434473
6725,0.715,222,476,222,619179,57265,85720,40536,0.4535626029654036,0.4144742896289404
6726,0.7151,1,8,1,619187,57257,85721,40535,0.4534992396400963,0.4145022087696335
6727,0.7152,5,25,5,619212,57232,85726,40530,0.45330122924851096,0.41457826149219534
6728,0.7153,4,24,4,619236,57208,85730,40526,0.453111139272589,0.4146561073935376
6729,0.7154,3,11,3,619247,57197,85733,40523,0.45302401470029147,0.4146848137535817
6730,0.7155,7,28,7,619275,57169,85740,40516,0.4528022430617159,0.4147617341454676
6731,0.7156,2,6,2,619281,57163,85742,40514,0.4527547205677354,0.4147752285594357
6732,0.7157,8,15,8,619296,57148,85750,40506,0.45263591433278416,0.41479099678456594
6733,0.7158,14,49,14,619345,57099,85764,40492,0.4522478139652769,0.4149153098134049
6734,0.7159,1,4,1,619349,57095,85765,40491,0.45221613230262325,0.4149263213985613
6735,0.716,28,69,28,619418,57026,85793,40463,0.45166962362184765,0.415051954579491
6736,0.7161,1,15,1,619433,57011,85794,40462,0.45155081738689645,0.4151098252849507
6737,0.7162,4,21,4,619454,56990,85798,40458,0.45138448865796477,0.41517527296609474
6738,0.7163,6,25,6,619479,56965,85804,40452,0.4511864782663794,0.41524579898785635
6739,0.7164,4,2,4,619481,56963,85808,40448,0.4511706374350526,0.41523031279834927
6740,0.7165,2,17,2,619498,56946,85810,40446,0.45103599036877456,0.41529078363725974
6741,0.7166,0,2,0,619500,56944,85810,40446,0.45102014953744773,0.4152993120443577
6742,0.7167,114,255,114,619755,56689,85924,40332,0.4490004435432772,0.4157038166994774
6743,0.7168,8,17,8,619772,56672,85932,40324,0.4488657964769991,0.41572848364881027
6744,0.7169,1,10,1,619782,56662,85933,40323,0.448786592320365,0.41576532453472187
6745,0.717,15,23,15,619805,56639,85948,40308,0.4486044227601064,0.41577356700052603
6746,0.7171,4,10,4,619815,56629,85952,40304,0.44852521860347233,0.41579235141798976
6747,0.7172,2,17,2,619832,56612,85954,40302,0.44839057153719425,0.41585323069938296
6748,0.7173,9,27,9,619859,56585,85963,40293,0.4481767203142821,0.41591486199137057
6749,0.7174,3,6,3,619865,56579,85966,40290,0.4481291978203016,0.41592253455697903
6750,0.7175,58,130,58,619995,56449,86024,40232,0.4470995437840578,0.4161314012060281
6751,0.7176,0,5,0,620000,56444,86024,40232,0.4470599417057407,0.41615292316603913
6752,0.7177,10,9,10,620009,56435,86034,40222,0.44698865796477,0.41613126829924374
6753,0.7178,3,16,3,620025,56419,86037,40219,0.44686193131415536,0.4161820401912291
6754,0.7179,2,6,2,620031,56413,86039,40217,0.44681440882017487,0.41619579840629206
6755,0.718,13,32,13,620063,56381,86052,40204,0.44656095551894565,0.41625511207744476
6756,0.7181,0,6,0,620069,56375,86052,40204,0.44651343302496516,0.4162809720539662
6757,0.7182,5,20,5,620089,56355,86057,40199,0.44635502471169686,0.41633697205708725
6758,0.7183,61,130,61,620219,56225,86118,40138,0.445325370675453,0.4165291657586418
6759,0.7184,1,1,1,620220,56224,86119,40137,0.44531745025978964,0.4165274332977034
6760,0.7185,12,21,12,620241,56203,86131,40125,0.44515112153085795,0.4165455526949589
6761,0.7186,3,7,3,620248,56196,86134,40122,0.445095678621214,0.4165576527751822
6762,0.7187,11,24,11,620272,56172,86145,40111,0.4449055886452921,0.4165948298245796
6763,0.7188,2,16,2,620288,56156,86147,40109,0.4447788619946775,0.4166519503454007
6764,0.7189,4,7,4,620295,56149,86151,40105,0.4447234190850336,0.41665800901780703
6765,0.719,14,37,14,620332,56112,86165,40091,0.4444303637054873,0.4167333659033502
6766,0.7191,4,8,4,620340,56104,86169,40087,0.44436700038017996,0.41674377020719194
6767,0.7192,14,46,14,620386,56058,86183,40073,0.4440026612596629,0.41685824551913536
6768,0.7193,6,29,6,620415,56029,86189,40067,0.4437729692054239,0.4169476356976357
6769,0.7194,2,3,2,620418,56026,86191,40065,0.44374920795843364,0.4169485175510714
6770,0.7195,6,12,6,620430,56014,86197,40059,0.44365416297047267,0.4169641834854746
6771,0.7196,2,6,2,620436,56008,86199,40057,0.44360664047649223,0.41697808775308387
6772,0.7197,4,20,4,620456,55988,86203,40053,0.44344823216322393,0.41704063889380577
6773,0.7198,3,13,3,620469,55975,86206,40050,0.44334526675959957,0.4170788857068472
6774,0.7199,2,6,2,620475,55969,86208,40048,0.4432977442656191,0.41709280648218544
6775,0.72,900,1705,900,622180,54264,87108,39148,0.42979343555949817,0.41908962445938425
6776,0.7201,0,1,0,622181,54263,87108,39148,0.42978551514383473,0.4190941109719412
6777,0.7202,5,11,5,622192,54252,87113,39143,0.4296983905715372,0.419112372182665
6778,0.7203,2,20,2,622212,54232,87115,39141,0.4295399822582689,0.41918970151971124
6779,0.7204,5,13,5,622225,54219,87120,39136,0.4294370168546445,0.4192169674896899
6780,0.7205,7,18,7,622243,54201,87127,39129,0.42929444937270306,0.4192542590806815
6781,0.7206,0,4,0,622247,54197,87127,39129,0.4292627677100494,0.41927222853224183
6782,0.7207,13,31,13,622278,54166,87140,39116,0.42901723482448356,0.4193306318475161
6783,0.7208,17,52,17,622330,54114,87157,39099,0.42860537320998604,0.419458659199897
6784,0.7209,0,2,0,622332,54112,87157,39099,0.4285895323786592,0.41946765939642316
6785,0.721,22,39,22,622371,54073,87179,39077,0.4282806361677861,0.4195061728395062
6786,0.7211,2,12,2,622383,54061,87181,39075,0.42818559117982513,0.419547758117162
6787,0.7212,5,16,5,622399,54045,87186,39070,0.4280588645292105,0.4195886806636954
6788,0.7213,7,26,7,622425,54019,87193,39063,0.4278529337219617,0.4196622332996713
6789,0.7214,3,3,3,622428,54016,87196,39060,0.4278291724749715,0.4196570544501268
6790,0.7215,8,17,8,622445,53999,87204,39052,0.42769452540869346,0.41968382929791187
6791,0.7216,2,2,2,622447,53997,87206,39050,0.42767868457736663,0.41968037658387697
6792,0.7217,55,120,55,622567,53877,87261,38995,0.42672823469775695,0.41987897321044015
6793,0.7218,6,22,6,622589,53855,87267,38989,0.4265539855531618,0.4199409762612554
6794,0.7219,0,8,0,622597,53847,87267,38989,0.4264906222278545,0.4199771640311948
6795,0.722,13,38,13,622635,53809,87280,38976,0.4261896464326448,0.42006789890607316
6796,0.7221,4,11,4,622646,53798,87284,38972,0.42610252186034725,0.4200927023822356
6797,0.7222,2,31,2,622677,53767,87286,38970,0.4258569889747814,0.42022062391494225
6798,0.7223,7,15,7,622692,53752,87293,38963,0.42573818273983016,0.42024483632637655
6799,0.7224,2,12,2,622704,53740,87295,38961,0.42564313775186924,0.4202867282985081
6800,0.7225,64,124,64,622828,53616,87359,38897,0.4246610062096059,0.42044901797585205
6801,0.7226,2,12,2,622840,53604,87361,38895,0.4245659612216449,0.4204910323354847
6802,0.7227,7,21,7,622861,53583,87368,38888,0.42439963249271323,0.420542656616669
6803,0.7228,7,26,7,622887,53557,87375,38881,0.42419370168546444,0.4206170622471278
6804,0.7229,2,12,2,622899,53545,87377,38879,0.42409865669750346,0.42065913615511125
6805,0.723,4,24,4,622923,53521,87381,38875,0.42390856672158156,0.4207433222217412
6806,0.7231,0,4,0,622927,53517,87381,38875,0.4238768850589279,0.42076153779548014
6807,0.7232,4,16,4,622943,53501,87385,38871,0.42375015840831326,0.42080933616247346
6808,0.7233,118,248,118,623191,53253,87503,38753,0.4217858953237866,0.4212007912527444
6809,0.7234,2,6,2,623197,53247,87505,38751,0.4217383728298061,0.4212156786017087
6810,0.7235,5,28,5,623225,53219,87510,38746,0.4215166011912305,0.4213124558255858
6811,0.7236,1,4,1,623229,53215,87511,38745,0.42148491952857686,0.42132448890822094
6812,0.7237,8,19,8,623248,53196,87519,38737,0.421334431630972,0.4213612087063405
6813,0.7238,5,28,5,623276,53168,87524,38732,0.4211126599923964,0.4214581066376496
6814,0.7239,2,3,2,623279,53165,87526,38730,0.42108889874540617,0.4214592741716089
6815,0.724,20,44,20,623323,53121,87546,38710,0.42074040045621597,0.4215352114209798
6816,0.7241,2,4,2,623327,53117,87548,38708,0.4207087187935623,0.421540974680098
6817,0.7242,25,57,25,623384,53060,87573,38683,0.4202572551007477,0.4216452481388226
6818,0.7243,7,25,7,623409,53035,87580,38676,0.42005924470916234,0.4217160427865796
6819,0.7244,4,3,4,623412,53032,87584,38672,0.4200354834621721,0.4217046148477711
6820,0.7245,5,12,5,623424,53020,87589,38667,0.41994043847421114,0.42172827118348294
6821,0.7246,2,9,2,623433,53011,87591,38665,0.4198691547332404,0.4217570574632401
6822,0.7247,6,24,6,623457,52987,87597,38659,0.4196790647573185,0.4218296488662899
6823,0.7248,4,7,4,623464,52980,87601,38655,0.41962362184767454,0.42183663447372727
6824,0.7249,1,3,1,623467,52977,87602,38654,0.4195998606006843,0.4218441357182613
6825,0.725,241,449,241,623916,52528,87843,38413,0.41604359396781143,0.4223947394464543
6826,0.7251,0,4,0,623920,52524,87843,38413,0.41601191230515777,0.4224133191110329
6827,0.7252,4,22,4,623942,52502,87847,38409,0.41583766316056264,0.42249012770731814
6828,0.7253,6,23,6,623965,52479,87853,38403,0.4156554936003041,0.4225589225589226
6829,0.7254,0,8,0,623973,52471,87853,38403,0.4155921302749968,0.4225961221031318
6830,0.7255,4,8,4,623981,52463,87857,38399,0.41552876694968954,0.4226079108978451
6831,0.7256,0,5,0,623986,52458,87857,38399,0.41548916487137244,0.42263116765906866
6832,0.7257,14,22,14,624008,52436,87871,38385,0.41531491572677737,0.42264454256174233
6833,0.7258,15,43,15,624051,52393,87886,38370,0.41497433785325055,0.4227493582186574
6834,0.7259,1,10,1,624061,52383,87887,38369,0.4148951336966164,0.4227895803949224
6835,0.726,32,62,32,624123,52321,87919,38337,0.41440406792548473,0.4228749806966842
6836,0.7261,2,6,2,624129,52315,87921,38335,0.41435654543150424,0.4228902371759515
6837,0.7262,3,11,3,624140,52304,87924,38332,0.4142694208592067,0.4229224590670374
6838,0.7263,6,10,6,624150,52294,87930,38326,0.41419021670257256,0.4229309203266387
6839,0.7264,0,4,0,624154,52290,87930,38326,0.4141585350399189,0.42294958947647215
6840,0.7265,8,17,8,624171,52273,87938,38318,0.41402388797364087,0.42297800002207725
6841,0.7266,3,3,3,624174,52270,87941,38315,0.4140001267266506,0.42297289838273444
6842,0.7267,122,225,122,624399,52045,88063,38193,0.4122180332023825,0.4232474123983244
6843,0.7268,2,16,2,624415,52029,88065,38191,0.41209130655176784,0.4233096874307249
6844,0.7269,0,2,0,624417,52027,88065,38191,0.412075465720441,0.42331907158216764
6845,0.727,3,26,3,624443,52001,88068,38188,0.4118695349131922,0.4234219250684673
6846,0.7271,6,4,6,624447,51997,88074,38182,0.41183785325053857,0.4234023442264829
6847,0.7272,6,8,6,624455,51989,88080,38176,0.4117744899252313,0.42340154161814453
6848,0.7273,5,15,5,624470,51974,88085,38171,0.41165568369028005,0.4234400133118864
6849,0.7274,1,1,1,624471,51973,88086,38170,0.41164776327461666,0.42343831467778975
6850,0.7275,53,94,53,624565,51879,88139,38117,0.4109032442022557,0.4235410462687231
6851,0.7276,1,1,1,624566,51878,88140,38116,0.4108953237865923,0.4235393470675823
6852,0.7277,8,16,8,624582,51862,88148,38108,0.4107685971359777,0.4235634100255641
6853,0.7278,6,8,6,624590,51854,88154,38102,0.41070523381067037,0.42356263061941396
6854,0.7279,2,9,2,624599,51845,88156,38100,0.41063395006969966,0.4235921952304186
6855,0.728,15,40,15,624639,51805,88171,38085,0.4103171334431631,0.42368450328178886
6856,0.7281,0,7,0,624646,51798,88171,38085,0.4102616905335192,0.42371749941590736
6857,0.7282,5,16,5,624662,51782,88176,38080,0.4101349638829046,0.42376087779038973
6858,0.7283,51,120,51,624782,51662,88227,38029,0.4091845140032949,0.42400017839025095
6859,0.7284,0,2,0,624784,51660,88227,38029,0.4091686731719681,0.4240096332883631
6860,0.7285,11,29,11,624813,51631,88238,38018,0.4089389811177291,0.4240761190866602
6861,0.7286,2,13,2,624826,51618,88240,38016,0.40883601571410466,0.4241247740812638
6862,0.7287,9,14,9,624840,51604,88249,38007,0.4087251298948169,0.42413319793328946
6863,0.7288,14,13,14,624853,51591,88263,37993,0.4086221644911925,0.4241047508483658
6864,0.7289,4,7,4,624860,51584,88267,37989,0.4085667215815486,0.4241121766603776
6865,0.729,16,36,16,624896,51548,88283,37973,0.40828158661766567,0.424179801387384
6866,0.7291,0,4,0,624900,51544,88283,37973,0.40824990495501207,0.4241987555436398
6867,0.7292,27,45,27,624945,51499,88310,37946,0.4078934862501584,0.42423835876795796
6868,0.7293,3,15,3,624960,51484,88313,37943,0.4077746800152072,0.42429020318248406
6869,0.7294,0,3,0,624963,51481,88313,37943,0.40775091876821695,0.4243044372875291
6870,0.7295,6,16,6,624979,51465,88319,37937,0.4076241921176023,0.4243417373213127
6871,0.7296,0,5,0,624984,51460,88319,37937,0.40758459003928527,0.4243654708770988
6872,0.7297,5,11,5,624995,51449,88324,37932,0.40749746546698773,0.4243854957988834
6873,0.7298,2,11,2,625006,51438,88326,37930,0.40741034089469014,0.42442485005818636
6874,0.7299,3,7,3,625013,51431,88329,37927,0.40735489798504626,0.42443877436827143
6875,0.73,893,1561,893,626574,49870,89222,37034,0.394991129134457,0.4261483936297524
6876,0.7301,0,5,0,626579,49865,89222,37034,0.3949515270561399,0.4261729133822023
6877,0.7302,3,9,3,626588,49856,89225,37031,0.3948802433151692,0.4261972446971354
6878,0.7303,5,9,5,626597,49847,89230,37026,0.3948089595741985,0.4262083731424033
6879,0.7304,0,2,0,626599,49845,89230,37026,0.39479311874287165,0.4262181855855234
6880,0.7305,3,17,3,626616,49828,89233,37023,0.39465847167659357,0.4262817929557518
6881,0.7306,1,5,1,626621,49823,89234,37022,0.3946188695982765,0.4262997294029593
6882,0.7307,6,27,6,626648,49796,89240,37016,0.39440501837536435,0.42639266460857944
6883,0.7308,12,60,12,626708,49736,89252,37004,0.3939297934355595,0.42660825455383905
6884,0.7309,1,3,1,626711,49733,89253,37003,0.39390603218856923,0.42661639918834166
6885,0.731,10,29,10,626740,49704,89263,36993,0.3936763401343302,0.4266929651545036
6886,0.7311,3,7,3,626747,49697,89266,36990,0.39362089722468635,0.42670758014465837
6887,0.7312,3,15,3,626762,49682,89269,36987,0.39350209098973515,0.42676158718803725
6888,0.7313,2,16,2,626778,49666,89271,36985,0.3933753643391205,0.4268271572168815
6889,0.7314,4,15,4,626793,49651,89275,36981,0.3932565581041693,0.42687459599224303
6890,0.7315,5,18,5,626811,49633,89280,36976,0.39311399062222785,0.42693022665081
6891,0.7316,1,3,1,626814,49630,89281,36975,0.39309022937523763,0.4269383984758386
6892,0.7317,49,136,49,626950,49494,89330,36926,0.3920130528450133,0.427285350613284
6893,0.7318,4,9,4,626959,49485,89334,36922,0.3919417691040426,0.42730334347911625
6894,0.7319,5,2,5,626961,49483,89339,36917,0.3919259282727158,0.4272800925925926
6895,0.732,20,33,20,626994,49450,89359,36897,0.3916645545558231,0.4273107345941376
6896,0.7321,2,5,2,626999,49445,89361,36895,0.391624952477506,0.42732221450081076
6897,0.7322,1,3,1,627002,49442,89362,36894,0.3916011912305158,0.4273304299481097
6898,0.7323,7,17,7,627019,49425,89369,36887,0.39146654416423776,0.4273681527481694
6899,0.7324,1,7,1,627026,49418,89370,36886,0.39141110125459383,0.42739618094178716
6900,0.7325,52,113,52,627139,49305,89422,36834,0.3905160942846281,0.427611186570543
6901,0.7326,1,5,1,627144,49300,89423,36833,0.390476492206311,0.42762936389072714
6902,0.7327,7,21,7,627165,49279,89430,36826,0.3903101634773793,0.42768712618314847
6903,0.7328,9,13,9,627178,49266,89439,36817,0.3902071980737549,0.4276918787681656
6904,0.7329,2,7,2,627185,49259,89441,36815,0.390151755164111,0.4277133629202779
6905,0.733,8,31,8,627216,49228,89449,36807,0.38990622227854516,0.4278142616377056
6906,0.7331,3,3,3,627219,49225,89452,36804,0.38988246103155494,0.4278092271210871
6907,0.7332,5,19,5,627238,49206,89457,36799,0.3897319731339501,0.4278704726469391
6908,0.7333,98,251,98,627489,48955,89555,36701,0.3877439488024331,0.4284696927243859
6909,0.7334,3,2,3,627491,48953,89558,36698,0.38772810797110635,0.42845967939662116
6910,0.7335,6,20,6,627511,48933,89564,36692,0.38756969965783805,0.4285197080291971
6911,0.7336,4,3,4,627514,48930,89568,36688,0.3875459384108478,0.42850802401364196
6912,0.7337,7,7,7,627521,48923,89575,36681,0.3874904955012039,0.4284963319471053
6913,0.7338,7,15,7,627536,48908,89582,36674,0.3873716892662527,0.42852468977121355
6914,0.7339,1,1,1,627537,48907,89583,36673,0.38736376885058926,0.4285230193970554
6915,0.734,29,52,29,627589,48855,89612,36644,0.38695190723609174,0.4285898080679306
6916,0.7341,0,5,0,627594,48850,89612,36644,0.3869123051577747,0.42861487355837835
6917,0.7342,19,58,19,627652,48792,89631,36625,0.3864529210492967,0.4287788145216994
6918,0.7343,11,17,11,627669,48775,89642,36614,0.38631827398301866,0.42879059363618266
6919,0.7344,1,5,1,627674,48770,89643,36613,0.38627867190470155,0.4288090135038591
6920,0.7345,4,17,4,627691,48753,89647,36609,0.3861440248384235,0.4288676460251634
6921,0.7346,5,5,5,627696,48748,89652,36604,0.3861044227601064,0.42885931202549443
6922,0.7347,7,14,7,627710,48734,89659,36597,0.38599353694081867,0.4288828210146371
6923,0.7348,5,14,5,627724,48720,89664,36592,0.38588265112153086,0.4289197299324831
6924,0.7349,0,3,0,627727,48717,89664,36592,0.3858588898745406,0.4289348134428958
6925,0.735,233,401,233,628128,48316,89897,36359,0.3826828031935116,0.4293947446117508
6926,0.7351,0,5,0,628133,48311,89897,36359,0.3826432011151945,0.4294201015708043
6927,0.7352,8,12,8,628145,48299,89905,36351,0.38254815612723353,0.42942705256940344
6928,0.7353,11,20,11,628165,48279,89916,36340,0.3823897478139653,0.42945437785840057
6929,0.7354,3,3,3,628168,48276,89919,36337,0.382365986566975,0.4294493753914883
6930,0.7355,1,18,1,628186,48258,89920,36336,0.3822234190850336,0.42953400950422016
6931,0.7356,0,8,0,628194,48250,89920,36336,0.3821600557597263,0.4295746341002057
6932,0.7357,6,27,6,628221,48223,89926,36330,0.3819462045368141,0.42967133040814637
6933,0.7358,16,52,16,628273,48171,89942,36314,0.3815343429223166,0.429827780079304
6934,0.7359,1,7,1,628280,48164,89943,36313,0.38147890001267265,0.4298566473714739
6935,0.736,24,49,24,628329,48115,89967,36289,0.3810907996451654,0.4299440784796929
6936,0.7361,0,10,0,628339,48105,89967,36289,0.38101159548853125,0.4299950233428917
6937,0.7362,4,12,4,628351,48093,89971,36285,0.3809165505005703,0.43002915451895046
6938,0.7363,4,14,4,628365,48079,89975,36281,0.38080566468128246,0.43007349454717875
6939,0.7364,3,5,3,628370,48074,89978,36278,0.3807660626029654,0.430078717754173
6940,0.7365,9,22,9,628392,48052,89987,36269,0.3805918134583703,0.43013009807758446
6941,0.7366,4,15,4,628407,48037,89991,36265,0.3804730072234191,0.43017959241773623
6942,0.7367,129,243,129,628650,47794,90120,36136,0.37854834621720945,0.43054926724651493
6943,0.7368,4,13,4,628663,47781,90124,36132,0.3784453808135851,0.4305888241392871
6944,0.7369,0,8,0,628671,47773,90124,36132,0.37838201748827777,0.43062987902985517
6945,0.737,11,17,11,628688,47756,90135,36121,0.37824737042199974,0.4306424884056416
6946,0.7371,5,5,5,628693,47751,90140,36116,0.3782077683436827,0.4306342184649505
6947,0.7372,2,16,2,628709,47735,90142,36114,0.37808104169306805,0.43070281100549795
6948,0.7373,6,19,6,628728,47716,90148,36108,0.3779305537954632,0.4307596869631609
6949,0.7374,3,7,3,628735,47709,90151,36105,0.37787511088581927,0.4307752881380199
6950,0.7375,53,102,53,628837,47607,90204,36052,0.37706722848815105,0.43093988692190915
6951,0.7376,2,10,2,628847,47597,90206,36050,0.3769880243315169,0.430977799562447
6952,0.7377,4,26,4,628873,47571,90210,36046,0.37678209352426817,0.43108458806223615
6953,0.7378,6,19,6,628892,47552,90216,36040,0.3766316056266633,0.4311417360512968
6954,0.7379,3,6,3,628898,47546,90219,36037,0.3765840831326828,0.43115226780565424
6955,0.738,12,33,12,628931,47513,90231,36025,0.37632270941579016,0.431240872417343
6956,0.7381,1,8,1,628939,47505,90232,36024,0.37625934609048284,0.43127536544194234
6957,0.7382,7,21,7,628960,47484,90239,36017,0.37609301736155115,0.43133615166285433
6958,0.7383,50,111,50,629071,47373,90289,35967,0.3752138512229122,0.43156947444204463
6959,0.7384,2,2,2,629073,47371,90291,35965,0.37519801039158535,0.4315661898819238
6960,0.7385,6,12,6,629085,47359,90297,35959,0.37510296540362437,0.4315874120838234
6961,0.7386,1,14,1,629099,47345,90298,35958,0.3749920795843366,0.43165312173631204
6962,0.7387,7,18,7,629117,47327,90305,35951,0.37484951210239514,0.4316986479022071
6963,0.7388,4,8,4,629125,47319,90309,35947,0.3747861487770878,0.4317128239617611
6964,0.7389,1,10,1,629135,47309,90310,35946,0.3747069446204537,0.43175785238123837
6965,0.739,11,25,11,629160,47284,90321,35935,0.37450893422886833,0.4318124466768406
6966,0.7391,4,4,4,629164,47280,90325,35931,0.37447725256621467,0.43180589104805855
6967,0.7392,17,45,17,629209,47235,90342,35914,0.374120833861361,0.43192341459307987
6968,0.7393,8,15,8,629224,47220,90350,35906,0.3740020276264098,0.43194668334817027
6969,0.7394,1,3,1,629227,47217,90351,35905,0.3739782663794196,0.431955438993287
6970,0.7395,5,16,5,629243,47201,90356,35900,0.37385153972880497,0.43200442834622926
6971,0.7396,0,3,0,629246,47198,90356,35900,0.3738277784818147,0.4320200245493273
6972,0.7397,8,8,8,629254,47190,90364,35892,0.37376441515650743,0.4320069329096555
6973,0.7398,5,19,5,629273,47171,90369,35887,0.3736139272589025,0.4320715644489393
6974,0.7399,1,0,1,629273,47171,90370,35886,0.3736139272589025,0.43206472663351675
6975,0.74,916,1603,916,630876,45568,91286,34970,0.3609175009504499,0.4342049715662172
6976,0.7401,1,10,1,630886,45558,91287,34969,0.36083829679381574,0.4342518658338197
6977,0.7402,4,21,4,630907,45537,91291,34965,0.36067196806488405,0.4343370351047179
6978,0.7403,6,12,6,630919,45525,91297,34959,0.3605769230769231,0.43435962427314745
6979,0.7404,2,5,2,630924,45520,91299,34957,0.360537320998606,0.4343725536488686
6980,0.7405,4,11,4,630935,45509,91303,34953,0.36045019642630843,0.43440381795133104
6981,0.7406,4,4,4,630939,45505,91307,34949,0.3604185147636548,0.43439729534889504
6982,0.7407,3,39,3,630978,45466,91310,34946,0.3601096185527817,0.4345868775804606
6983,0.7408,20,42,20,631020,45424,91330,34926,0.35977696109491825,0.434673304293715
6984,0.7409,0,11,0,631031,45413,91330,34926,0.3596898365226207,0.4347328196766203
6985,0.741,15,38,15,631069,45375,91345,34911,0.359388860727411,0.4348329721246544
6986,0.7411,5,4,5,631073,45371,91350,34906,0.35935717906475734,0.43481943769697423
6987,0.7412,3,13,3,631086,45358,91353,34903,0.3592542136611329,0.4348687407333574
6988,0.7413,6,25,6,631111,45333,91359,34897,0.35905620326954757,0.4349619842951514
6989,0.7414,3,5,3,631116,45328,91362,34894,0.3590166011912305,0.434967963900177
6990,0.7415,4,11,4,631127,45317,91366,34890,0.358929476618933,0.43499943895171245
6991,0.7416,1,2,1,631129,45315,91367,34889,0.35891363578760616,0.43500324173357935
6992,0.7417,55,107,55,631236,45208,91422,34834,0.35806615131162084,0.43519652182604135
6993,0.7418,3,26,3,631262,45182,91425,34831,0.35786022050437205,0.4353167610263332
6994,0.7419,1,1,1,631263,45181,91426,34830,0.35785230008870866,0.43531514416767697
6995,0.742,13,28,13,631291,45153,91439,34817,0.35763052845013305,0.4353757659122171
6996,0.7421,2,6,2,631297,45147,91441,34815,0.35758300595615256,0.4353943122983417
6997,0.7422,4,8,4,631305,45139,91445,34811,0.3575196426308453,0.4354096310193871
6998,0.7423,10,27,10,631332,45112,91455,34801,0.3573057914079331,0.4354860911240975
6999,0.7424,2,7,2,631339,45105,91457,34799,0.3572503484982892,0.4355101121345615
7000,0.7425,63,117,63,631456,44988,91520,34736,0.3563236598656698,0.4357031759570518
7001,0.7426,0,4,0,631460,44984,91520,34736,0.3562919782030161,0.435725037631711
7002,0.7427,8,22,8,631482,44962,91528,34728,0.356117729058421,0.4357886811394152
7003,0.7428,2,13,2,631495,44949,91530,34726,0.3560147636547966,0.4358456228427989
7004,0.7429,2,9,2,631504,44940,91532,34724,0.35594347991382586,0.4358806989355292
7005,0.743,7,15,7,631519,44925,91539,34717,0.35582467367887466,0.43591321162200847
7006,0.7431,2,8,2,631527,44917,91541,34715,0.35576131035356734,0.43594283705043196
7007,0.7432,5,21,5,631548,44896,91546,34710,0.35559498162463565,0.4360224103710776
7008,0.7433,107,211,107,631759,44685,91653,34603,0.3539237739196553,0.4364216527091111
7009,0.7434,1,12,1,631771,44673,91654,34602,0.3538287289316943,0.436480605487228
7010,0.7435,5,18,5,631789,44655,91659,34597,0.3536861614497529,0.43654418815928936
7011,0.7436,1,1,1,631790,44654,91660,34596,0.35367824103408946,0.43654258675078866
7012,0.7437,5,16,5,631806,44638,91665,34591,0.3535515143834748,0.4365951861060975
7013,0.7438,3,12,3,631818,44626,91668,34588,0.3534564693955139,0.4366399878809301
7014,0.7439,1,4,1,631822,44622,91669,34587,0.35342478773286023,0.43665492557663904
7015,0.744,17,42,17,631864,44580,91686,34570,0.3530921302749968,0.4367656348704991
7016,0.7441,1,10,1,631874,44570,91687,34569,0.3530129261183627,0.4368137075272622
7017,0.7442,20,44,20,631918,44526,91707,34549,0.35266442782917246,0.43691432184634843
7018,0.7443,17,29,17,631947,44497,91724,34532,0.35243473577493345,0.4369535233901479
7019,0.7444,3,4,3,631951,44493,91727,34529,0.3524030541122798,0.43695426590063524
7020,0.7445,3,11,3,631962,44482,91730,34526,0.35231592953998225,0.4369937221547185
7021,0.7446,1,3,1,631965,44479,91731,34525,0.35229216829299204,0.4370031897119133
7022,0.7447,8,14,8,631979,44465,91739,34517,0.3521812824737042,0.43702362563622094
7023,0.7448,4,12,4,631991,44453,91743,34513,0.35208623748574325,0.4370615201479118
7024,0.7449,1,6,1,631997,44447,91744,34512,0.35203871499176276,0.4370876024265758
7025,0.745,238,372,238,632369,44075,91982,34274,0.34909232036497273,0.43745293494492593
7026,0.7451,1,4,1,632373,44071,91983,34273,0.34906063870231907,0.4374680894516491
7027,0.7452,2,9,2,632382,44062,91985,34271,0.34898935496134836,0.4375039893786782
7028,0.7453,3,17,3,632399,44045,91988,34268,0.34885470789507034,0.4375774137116443
7029,0.7454,4,0,4,632399,44045,91992,34264,0.34885470789507034,0.43754868533629593
7030,0.7455,10,27,10,632426,44018,92002,34254,0.34864085667215816,0.4376277596075225
7031,0.7456,0,3,0,632429,44015,92002,34254,0.3486170954251679,0.43764453359567645
7032,0.7457,8,25,8,632454,43990,92010,34246,0.34841908503358254,0.4377268776522317
7033,0.7458,23,48,23,632502,43942,92033,34223,0.3480389050817387,0.43783023092176804
7034,0.7459,0,2,0,632504,43940,92033,34223,0.34802306425041185,0.4378414339265381
7035,0.746,25,48,25,632552,43892,92058,34198,0.347642884298568,0.4379305929056217
7036,0.7461,4,7,4,632559,43885,92062,34194,0.3475874413889241,0.437941059695949
7037,0.7462,2,19,2,632578,43866,92064,34192,0.3474369534913192,0.4380332573214789
7038,0.7463,3,16,3,632594,43850,92067,34189,0.3473102268407046,0.4381014620894681
7039,0.7464,1,8,1,632602,43842,92068,34188,0.3472468635153973,0.4381391772395233
7040,0.7465,6,20,6,632622,43822,92074,34182,0.347088455202129,0.4382082970104097
7041,0.7466,0,3,0,632625,43819,92074,34182,0.3470646939551388,0.43822515095960307
7042,0.7467,99,209,99,632834,43610,92173,34083,0.34540932708148525,0.4386881701054149
7043,0.7468,6,10,6,632844,43600,92179,34077,0.3453301229248511,0.4387012886697478
7044,0.7469,1,6,1,632850,43594,92180,34076,0.3452826004308706,0.4387279515900605
7045,0.747,6,12,6,632862,43582,92186,34070,0.34518755544290963,0.43875238242414877
7046,0.7471,4,10,4,632872,43572,92190,34066,0.3451083512862755,0.4387799788763235
7047,0.7472,6,11,6,632883,43561,92196,34060,0.34502122671397795,0.43879877868102707
7048,0.7473,10,17,10,632900,43544,92206,34050,0.3448865796476999,0.4388225893754672
7049,0.7474,2,10,2,632910,43534,92208,34048,0.34480737549106577,0.43886468510737026
7050,0.7475,45,129,45,633039,43405,92253,34003,0.3437856418704854,0.43926984291029353
7051,0.7476,1,3,1,633042,43402,92254,34002,0.3437618806234951,0.4392796237920521
7052,0.7477,9,11,9,633053,43391,92263,33993,0.34367475605119757,0.4392768530962473
7053,0.7478,3,10,3,633063,43381,92266,33990,0.3435955518945634,0.43931188688268213
7054,0.7479,3,5,3,633068,43376,92269,33987,0.3435559498162464,0.43931853728526554
7055,0.748,18,40,18,633108,43336,92287,33969,0.3432391331897098,0.4394153030205032
7056,0.7481,4,4,4,633112,43332,92291,33965,0.3432074515270561,0.43940903269208376
7057,0.7482,1,12,1,633124,43320,92292,33964,0.3431124065390952,0.43947000672843023
7058,0.7483,51,99,51,633223,43221,92343,33913,0.3423282853884172,0.43966344283973346
7059,0.7484,1,3,1,633226,43218,92344,33912,0.3423045241414269,0.4396732788798133
7060,0.7485,3,13,3,633239,43205,92347,33909,0.34220155873780256,0.4397256010581736
7061,0.7486,5,1,5,633240,43204,92352,33904,0.34219363832213917,0.43969497328422474
7062,0.7487,6,17,6,633257,43187,92358,33898,0.3420589912558611,0.4397483297658429
7063,0.7488,4,14,4,633271,43173,92362,33894,0.34194810543657334,0.4397991358168866
7064,0.7489,4,7,4,633278,43166,92366,33890,0.3418926625269294,0.4398100083056478
7065,0.749,18,30,18,633308,43136,92384,33872,0.341655050057027,0.4398504051527114
7066,0.7491,3,3,3,633311,43133,92387,33869,0.34163128881003674,0.4398457182930314
7067,0.7492,16,50,16,633361,43083,92403,33853,0.34123526802686605,0.44001507746698554
7068,0.7493,11,18,11,633379,43065,92414,33842,0.3410927005449246,0.4400379679352985
7069,0.7494,1,2,1,633381,43063,92415,33841,0.34107685971359775,0.44004213044835117
7070,0.7495,4,11,4,633392,43052,92419,33837,0.3409897351413002,0.4400759536474658
7071,0.7496,1,3,1,633395,43049,92420,33836,0.34096597389431,0.44008584249203353
7072,0.7497,6,16,6,633411,43033,92426,33830,0.34083924724369535,0.4401337444544189
7073,0.7498,3,12,3,633423,43021,92429,33827,0.3407442022557344,0.44018061628149074
7074,0.7499,1,2,1,633425,43019,92430,33826,0.34072836142440754,0.44018478755937274
7075,0.75,883,1555,883,634980,41464,93313,32943,0.32841211506779877,0.4427406023626809
7076,0.7501,3,6,3,634986,41458,93316,32940,0.3283645925738183,0.44275383746874913
7077,0.7502,3,16,3,635002,41442,93319,32937,0.32823786592320364,0.4428266042834671
7078,0.7503,4,16,4,635018,41426,93323,32933,0.328111139272589,0.4428919162441668
7079,0.7504,0,4,0,635022,41422,93323,32933,0.32807945760993534,0.4429157420482819
7080,0.7505,6,11,6,635033,41411,93329,32927,0.3279923330376378,0.4429363178993247
7081,0.7506,1,2,1,635035,41409,93330,32926,0.327976492206311,0.4429407412389857
7082,0.7507,8,21,8,635056,41388,93338,32918,0.3278101634773793,0.4430059483756359
7083,0.7508,18,47,18,635103,41341,93356,32900,0.3274379039411988,0.4431513584138145
7084,0.7509,0,5,0,635108,41336,93356,32900,0.32739830186288177,0.4431812058839377
7085,0.751,10,29,10,635137,41307,93366,32890,0.32716860980864276,0.4432793778724207
7086,0.7511,4,2,4,635139,41305,93370,32886,0.32715276897731593,0.44326131201897806
7087,0.7512,6,9,6,635148,41296,93376,32880,0.3270814852363452,0.4432700603968939
7088,0.7513,6,14,6,635162,41282,93382,32874,0.3269705994170574,0.44330870057716165
7089,0.7514,2,5,2,635167,41277,93384,32872,0.3269309973387403,0.44332357820065005
7090,0.7515,5,16,5,635183,41261,93389,32867,0.32680427068812573,0.4433817181092165
7091,0.7516,2,3,2,635186,41258,93391,32865,0.32678050944113546,0.4433846444423458
7092,0.7517,32,83,32,635269,41175,93423,32833,0.3261231149410721,0.443641227975354
7093,0.7518,4,17,4,635286,41158,93427,32829,0.3259884678747941,0.44371308473110144
7094,0.7519,2,1,2,635287,41157,93429,32827,0.32598054745913063,0.4437040441176471
7095,0.752,11,19,11,635306,41138,93440,32816,0.3258300595615258,0.4437352949130541
7096,0.7521,4,7,4,635313,41131,93444,32812,0.3257746166518819,0.4437472106893147
7097,0.7522,4,11,4,635324,41120,93448,32808,0.32568749207958436,0.44378314035277566
7098,0.7523,3,17,3,635341,41103,93451,32805,0.3255528450133063,0.44386264003896736
7099,0.7524,0,5,0,635346,41098,93451,32805,0.32551324293498923,0.44389267012164596
7100,0.7525,62,107,62,635453,40991,93513,32743,0.3246657584590039,0.44406922179727126
7101,0.7526,2,4,2,635457,40987,93515,32741,0.32463407679635026,0.4440782335069444
7102,0.7527,7,21,7,635478,40966,93522,32734,0.32446774806741857,0.4441519674355495
7103,0.7528,7,16,7,635494,40950,93529,32727,0.32434102141680393,0.444195610570463
7104,0.7529,3,8,3,635502,40942,93532,32724,0.32427765809149667,0.444221214671626
7105,0.753,8,20,8,635522,40922,93540,32716,0.32411924977822837,0.4442814851028002
7106,0.7531,0,1,0,635523,40921,93540,32716,0.3241113293625649,0.4442875185029265
7107,0.7532,4,18,4,635541,40903,93544,32712,0.3239687618806235,0.44436595802485906
7108,0.7533,125,214,125,635755,40689,93669,32587,0.3222737929286529,0.44471586877012936
7109,0.7534,1,2,1,635757,40687,93670,32586,0.32225795209732605,0.4447204290802888
7110,0.7535,7,20,7,635777,40667,93677,32579,0.3220995437840578,0.44478879392731346
7111,0.7536,1,3,1,635780,40664,93678,32578,0.32207578253706753,0.4447994320198793
7112,0.7537,7,9,7,635789,40655,93685,32571,0.3220044987960968,0.444801026957638
7113,0.7538,4,15,4,635804,40640,93689,32567,0.32188569256114563,0.44486183015285424
7114,0.7539,1,4,1,635808,40636,93690,32566,0.32185401089849197,0.4448785552307314
7115,0.754,24,47,24,635855,40589,93714,32542,0.3214817513623115,0.4449822920512505
7116,0.7541,0,3,0,635858,40586,93714,32542,0.3214579901153213,0.4450005469861065
7117,0.7542,18,51,18,635909,40535,93732,32524,0.32105404891648714,0.44517444804883727
7118,0.7543,5,25,5,635934,40510,93737,32519,0.3208560385249018,0.4452888578509907
7119,0.7544,2,2,2,635936,40508,93739,32517,0.32084019769357497,0.44528586100650464
7120,0.7545,4,13,4,635949,40495,93743,32513,0.3207372322899506,0.44533475783475784
7121,0.7546,1,7,1,635956,40488,93744,32512,0.32068178938030667,0.44536986301369863
7122,0.7547,5,24,5,635980,40464,93749,32507,0.32049169940438477,0.4454783407106933
7123,0.7548,3,16,3,635996,40448,93752,32504,0.3203649727537701,0.4455532404868955
7124,0.7549,0,5,0,636001,40443,93752,32504,0.320325370675453,0.4455837800046609
7125,0.755,216,381,216,636382,40062,93968,32288,0.3173076923076923,0.4462750518313753
7126,0.7551,0,4,0,636386,40058,93968,32288,0.31727601064503863,0.4462997263152075
7127,0.7552,4,15,4,636401,40043,93972,32284,0.31715720441008743,0.4463616630027514
7128,0.7553,5,21,5,636422,40022,93977,32279,0.31699087568115575,0.4464530227797679
7129,0.7554,0,7,0,636429,40015,93977,32279,0.31693543277151187,0.4464962514178217
7130,0.7555,4,12,4,636441,40003,93981,32275,0.3168403877835509,0.44653974930130885
7131,0.7556,3,8,3,636449,39995,93984,32272,0.3167770244582436,0.44656620587543416
7132,0.7557,13,28,13,636477,39967,93997,32259,0.31655525281966795,0.44663971423033255
7133,0.7558,23,47,23,636524,39920,94020,32236,0.31618299328348753,0.4467542546704363
7134,0.7559,1,3,1,636527,39917,94021,32235,0.31615923203649726,0.44676516243485975
7135,0.756,27,47,27,636574,39870,94048,32208,0.31578697250031684,0.44684924664946307
7136,0.7561,1,4,1,636578,39866,94049,32207,0.3157552908376632,0.4468663715954657
7137,0.7562,10,18,10,636596,39848,94059,32197,0.3156127233557217,0.4469012422791311
7138,0.7563,2,11,2,636607,39837,94061,32195,0.3155255987834242,0.4469541314971124
7139,0.7564,3,1,3,636608,39836,94064,32192,0.31551767836776073,0.446937302160271
7140,0.7565,3,11,3,636619,39825,94067,32189,0.3154305537954632,0.4469825311744938
7141,0.7566,1,1,1,636620,39824,94068,32188,0.31542263337979976,0.4469810587124368
7142,0.7567,124,212,124,636832,39612,94192,32064,0.313743505259156,0.4473463920977733
7143,0.7568,5,9,5,636841,39603,94197,32059,0.3136722215181853,0.44736401440093776
7144,0.7569,2,2,2,636843,39601,94199,32057,0.31365638068685847,0.4473610762231712
7145,0.757,5,19,5,636862,39582,94204,32052,0.31350589278925356,0.4474411592260658
7146,0.7571,10,18,10,636880,39564,94214,32042,0.31336332530731215,0.44747646845236433
7147,0.7572,7,6,7,636886,39558,94221,32035,0.31331580281333166,0.44745994720154203
7148,0.7573,8,15,8,636901,39543,94229,32027,0.31319699657838046,0.4474919659075031
7149,0.7574,3,9,3,636910,39534,94232,32024,0.3131257128374097,0.4475250845468012
7150,0.7575,45,94,45,637004,39440,94277,31979,0.3123811937650488,0.4477660006440863
7151,0.7576,2,10,2,637014,39430,94279,31977,0.31230198960841465,0.4478132395983587
7152,0.7577,7,11,7,637025,39419,94286,31970,0.3122148650361171,0.44782809676560814
7153,0.7578,2,13,2,637038,39406,94288,31968,0.3121118996324927,0.4478941911620478
7154,0.7579,0,5,0,637043,39401,94288,31968,0.31207229755417565,0.44792556992531773
7155,0.758,17,38,17,637081,39363,94305,31951,0.31177132175896594,0.44803264436155593
7156,0.7581,2,3,2,637084,39360,94307,31949,0.31174756051197566,0.44803601228456436
7157,0.7582,3,15,3,637099,39345,94310,31946,0.31162875427702447,0.44810705418636293
7158,0.7583,42,102,42,637201,39243,94352,31904,0.31082087187935625,0.4484236861708856
7159,0.7584,0,5,0,637206,39238,94352,31904,0.31078126980103915,0.4484552022715133
7160,0.7585,8,21,8,637227,39217,94360,31896,0.31061494107210746,0.44852558603912085
7161,0.7586,0,7,0,637234,39210,94360,31896,0.3105594981624636,0.4485697409501308
7162,0.7587,3,16,3,637250,39194,94363,31893,0.31043277151184895,0.44864743201991925
7163,0.7588,2,22,2,637272,39172,94365,31891,0.3102585223672538,0.4487708090004644
7164,0.7589,1,0,1,637272,39172,94366,31890,0.3102585223672538,0.4487630519827756
7165,0.759,11,23,11,637295,39149,94377,31879,0.3100763528069953,0.448822999380526
7166,0.7591,1,0,1,637295,39149,94378,31878,0.3100763528069953,0.4488152392752052
7167,0.7592,23,56,23,637351,39093,94401,31855,0.3096328095298441,0.4489908101708293
7168,0.7593,10,31,10,637382,39062,94411,31845,0.3093872766442783,0.4491093968155471
7169,0.7594,2,4,2,637386,39058,94413,31843,0.3093555949816246,0.44911919436961395
7170,0.7595,0,13,0,637399,39045,94413,31843,0.30925262957800026,0.4492015573862995
7171,0.7596,1,16,1,637415,39029,94414,31842,0.3091259029273856,0.44929519831807085
7172,0.7597,3,10,3,637425,39019,94417,31839,0.30904669877075147,0.4493352902989077
7173,0.7598,0,19,0,637444,39000,94417,31839,0.3088962108731466,0.44945580824122305
7174,0.7599,1,6,1,637450,38994,94418,31838,0.3088486883791661,0.4494861079737972
7175,0.76,988,1409,988,638859,37585,95406,30850,0.29768882270941577,0.45079272302184553
7176,0.7601,0,7,0,638866,37578,95406,30850,0.2976333797997719,0.450838837902613
7177,0.7602,5,7,5,638873,37571,95411,30845,0.297577936890128,0.4508448316183349
7178,0.7603,7,12,7,638885,37559,95418,30838,0.29748289190216703,0.45086772811673026
7179,0.7604,4,6,4,638891,37553,95422,30834,0.29743536940818655,0.4508751663327826
7180,0.7605,3,5,3,638896,37548,95425,30831,0.2973957673298695,0.4508840433466415
7181,0.7606,4,9,4,638905,37539,95429,30827,0.29732448358889874,0.4509112716847556
7182,0.7607,11,20,11,638925,37519,95440,30816,0.2971660752756305,0.45095485475964003
7183,0.7608,21,52,21,638977,37467,95461,30795,0.2967542136611329,0.4511294717412323
7184,0.7609,1,1,1,638978,37466,95462,30794,0.29674629324546953,0.4511280398476414
7185,0.761,15,31,15,639009,37435,95477,30779,0.2965007603599037,0.4512123610988947
7186,0.7611,1,2,1,639011,37433,95478,30778,0.29648491952857686,0.4512175455571682
7187,0.7612,2,10,2,639021,37423,95480,30776,0.2964057153719427,0.4512676138946319
7188,0.7613,3,11,3,639032,37412,95483,30773,0.2963185907996452,0.451316271907311
7189,0.7614,2,11,2,639043,37401,95485,30771,0.2962314662273476,0.4513729977116705
7190,0.7615,4,10,4,639053,37391,95489,30767,0.2961522620707135,0.4514070248540157
7191,0.7616,0,4,0,639057,37387,95489,30767,0.29612058040805983,0.4514335182087625
7192,0.7617,48,84,48,639141,37303,95537,30719,0.29545526549233303,0.4516038928581929
7193,0.7618,0,6,0,639147,37297,95537,30719,0.29540774299835254,0.45164373088685017
7194,0.7619,1,8,1,639155,37289,95538,30718,0.2953443796730452,0.4516887967415119
7195,0.762,12,35,12,639190,37254,95550,30706,0.2950671651248257,0.451824602707475
7196,0.7621,4,9,4,639199,37245,95554,30702,0.294995881383855,0.45185217890414586
7197,0.7622,4,18,4,639217,37227,95558,30698,0.29485331390191355,0.45193963930806036
7198,0.7623,9,15,9,639232,37212,95567,30689,0.29473450766696235,0.45196683406724497
7199,0.7624,1,3,1,639235,37209,95568,30688,0.29471074641997214,0.45197873249186266
7200,0.7625,72,126,72,639361,37083,95640,30616,0.29371277404638196,0.4522371083767855
7201,0.7626,1,7,1,639368,37076,95641,30615,0.29365733113673803,0.4522757826003457
7202,0.7627,5,14,5,639382,37062,95646,30610,0.2935464453174503,0.4523288804823265
7203,0.7628,3,11,3,639393,37051,95649,30607,0.2934593207451527,0.4523781371013036
7204,0.7629,7,6,7,639399,37045,95656,30600,0.2934117982511722,0.4523615936137187
7205,0.763,10,14,10,639413,37031,95666,30590,0.29330091243188444,0.4523742624332678
7206,0.7631,1,3,1,639416,37028,95667,30589,0.29327715118489417,0.4523862342310366
7207,0.7632,5,11,5,639427,37017,95672,30584,0.29319002661259663,0.45241934290912855
7208,0.7633,110,185,110,639612,36832,95782,30474,0.29172474971486506,0.4527679553085906
7209,0.7634,2,6,2,639618,36826,95784,30472,0.29167722722088457,0.45279205919938187
7210,0.7635,3,22,3,639640,36804,95787,30469,0.29150297807628944,0.45291573142271047
7211,0.7636,4,10,4,639650,36794,95791,30465,0.2914237739196553,0.45295053450095896
7212,0.7637,1,14,1,639664,36780,95792,30464,0.2913128881003675,0.4530367021593005
7213,0.7638,2,10,2,639674,36770,95794,30462,0.2912336839437334,0.4530878153260352
7214,0.7639,3,5,3,639679,36765,95797,30459,0.2911940818654163,0.4530971081756516
7215,0.764,24,41,24,639720,36724,95821,30435,0.2908693448232163,0.4531782784139132
7216,0.7641,1,0,1,639720,36724,95822,30434,0.2908693448232163,0.4531701360969654
7217,0.7642,17,38,17,639758,36686,95839,30417,0.2905683690280066,0.45328822854417833
7218,0.7643,11,22,11,639780,36664,95850,30406,0.29039411988341146,0.45334724914268676
7219,0.7644,2,4,2,639784,36660,95852,30404,0.2903624382207578,0.45335798640104974
7220,0.7645,2,14,2,639798,36646,95854,30402,0.29025155240147005,0.4534363441116812
7221,0.7646,5,5,5,639803,36641,95859,30397,0.29021195032315295,0.45342939825173784
7222,0.7647,5,13,5,639816,36628,95864,30392,0.2901089849195286,0.45347657415696807
7223,0.7648,5,21,5,639837,36607,95869,30387,0.2899426561905969,0.45357793235215094
7224,0.7649,0,4,0,639841,36603,95869,30387,0.28991097452794323,0.4536050156739812
7225,0.765,220,394,220,640235,36209,96089,30167,0.28679033075655813,0.45448656140773774
7226,0.7651,1,6,1,640241,36203,96090,30166,0.28674280826257764,0.45451942925160843
7227,0.7652,6,19,6,640260,36184,96096,30160,0.28659232036497273,0.45460026528397446
7228,0.7653,4,7,4,640267,36177,96100,30156,0.28653687745532885,0.45461534982587853
7229,0.7654,4,5,4,640272,36172,96104,30152,0.2864972753770118,0.4546167299921597
7230,0.7655,3,16,3,640288,36156,96107,30149,0.28637054872639717,0.454701757031898
7231,0.7656,1,6,1,640294,36150,96108,30148,0.2863230262324167,0.4547346827958611
7232,0.7657,7,18,7,640312,36132,96115,30141,0.2861804587504752,0.45480059752840524
7233,0.7658,21,38,21,640350,36094,96136,30120,0.2858794829552655,0.4548886942338478
7234,0.7659,0,3,0,640353,36091,96136,30120,0.2858557217082752,0.454909305100361
7235,0.766,33,54,33,640407,36037,96169,30087,0.28542801926245087,0.4550087713991894
7236,0.7661,2,6,2,640413,36031,96171,30085,0.2853804967684704,0.45503357734890193
7237,0.7662,3,11,3,640424,36020,96174,30082,0.28529337219617285,0.4550845662763608
7238,0.7663,2,11,2,640435,36009,96176,30080,0.2852062476238753,0.4551438212107915
7239,0.7664,0,11,0,640446,35998,96176,30080,0.28511912305157777,0.4552195889706105
7240,0.7665,6,18,6,640464,35980,96182,30074,0.2849765555696363,0.45529415326853784
7241,0.7666,0,7,0,640471,35973,96182,30074,0.28492111265999237,0.45534240767937983
7242,0.7667,121,187,121,640658,35786,96303,29953,0.28343999493093397,0.45563516329728165
7243,0.7668,5,8,5,640666,35778,96308,29948,0.28337663160562665,0.45564921035815353
7244,0.7669,1,4,1,640670,35774,96309,29947,0.283344949942973,0.4556686599412669
7245,0.767,8,18,8,640688,35756,96317,29939,0.2832023824610316,0.4557272242940863
7246,0.7671,4,7,4,640695,35749,96321,29935,0.28314693955138764,0.45574264661104685
7247,0.7672,5,12,5,640707,35737,96326,29930,0.28305189456342666,0.4557844884036122
7248,0.7673,7,26,7,640733,35711,96333,29923,0.28284596375617793,0.4559069994210318
7249,0.7674,0,2,0,640735,35709,96333,29923,0.2828301229248511,0.45592089224768406
7250,0.7675,51,113,51,640848,35596,96384,29872,0.2819351159548853,0.45628398606953013
7251,0.7676,2,6,2,640854,35590,96386,29870,0.2818875934609048,0.4563091964558509
7252,0.7677,1,11,1,640865,35579,96387,29869,0.28180046888860727,0.4563775822026647
7253,0.7678,6,11,6,640876,35568,96393,29863,0.28171334431630973,0.45640445660313916
7254,0.7679,2,2,2,640878,35566,96395,29861,0.2816975034849829,0.4564017913093983
7255,0.768,20,28,20,640906,35538,96415,29841,0.2814757318464073,0.456430964071032
7256,0.7681,1,3,1,640909,35535,96416,29840,0.28145197059941707,0.4564435946462715
7257,0.7682,7,19,7,640928,35516,96423,29833,0.2813014827018122,0.45651807984819964
7258,0.7683,54,108,54,641036,35408,96477,29779,0.28044607781016345,0.45682421341678553
7259,0.7684,3,4,3,641040,35404,96480,29776,0.28041439614750985,0.4568272476219699
7260,0.7685,3,17,3,641057,35387,96483,29773,0.28027974908123177,0.4569214241866176
7261,0.7686,3,7,3,641064,35380,96486,29770,0.2802243061715879,0.4569455103607061
7262,0.7687,5,18,5,641082,35362,96491,29765,0.2800817386896464,0.4570301103996806
7263,0.7688,3,12,3,641094,35350,96494,29762,0.27998669370168544,0.4570893230126551
7264,0.7689,4,6,4,641100,35344,96498,29758,0.279939171207705,0.45709809222450926
7265,0.769,12,14,12,641114,35330,96510,29746,0.2798282853884172,0.45709631815108487
7266,0.7691,1,3,1,641117,35327,96511,29745,0.2798045241414269,0.4571090484386526
7267,0.7692,27,44,27,641161,35283,96538,29718,0.2794560258522367,0.4571929662620575
7268,0.7693,9,24,9,641185,35259,96547,29709,0.27926593587631476,0.4572866642039158
7269,0.7694,1,8,1,641193,35251,96548,29708,0.2792025725510075,0.45733462645668804
7270,0.7695,8,8,8,641201,35243,96556,29700,0.2791392092257002,0.45732411499314785
7271,0.7696,3,5,3,641206,35238,96559,29697,0.2790996071473831,0.4573342573342573
7272,0.7697,4,15,4,641221,35223,96563,29693,0.2789808009124319,0.45740649454679894
7273,0.7698,3,11,3,641232,35212,96566,29690,0.27889367634013434,0.4574589380912761
7274,0.7699,1,3,1,641235,35209,96567,29689,0.27886991509314407,0.4574717248605504
7275,0.77,930,1413,930,642648,33796,97497,28759,0.2676783677607401,0.45973942930221406
7276,0.7701,1,3,1,642651,33793,97498,28758,0.26765460651374984,0.45975284168118813
7277,0.7702,3,12,3,642663,33781,97501,28755,0.26755956152578886,0.45981514647563004
7278,0.7703,5,8,5,642671,33773,97506,28750,0.26749619820048154,0.4598307822721239
7279,0.7704,1,5,1,642676,33768,97507,28749,0.2674565961221645,0.45985891837420223
7280,0.7705,3,17,3,642693,33751,97510,28746,0.26732194905588647,0.4599580779877434
7281,0.7706,0,1,0,642694,33750,97510,28746,0.267314028640223,0.45996543778801846
7282,0.7707,11,25,11,642719,33725,97521,28735,0.2671160182486377,0.4600544348382965
7283,0.7708,17,30,17,642749,33695,97538,28718,0.2668784057787353,0.4601284988704276
7284,0.7709,1,3,1,642752,33692,97539,28717,0.266854644531745,0.4601419667035203
7285,0.771,15,26,15,642778,33666,97554,28702,0.2666487137244963,0.46020395074397125
7286,0.7711,2,4,2,642782,33662,97556,28700,0.2666170320618426,0.46021615727526377
7287,0.7712,4,16,4,642798,33646,97560,28696,0.266490305411228,0.46029963748355845
7288,0.7713,9,11,9,642809,33635,97569,28687,0.26640318083893044,0.4603029427810404
7289,0.7714,2,5,2,642814,33630,97571,28685,0.26636357876061334,0.4603225547620958
7290,0.7715,8,8,8,642822,33622,97579,28677,0.266300215435306,0.46031236456443925
7291,0.7716,0,4,0,642826,33618,97579,28677,0.2662685337726524,0.4603419215025283
7292,0.7717,52,93,52,642919,33525,97631,28625,0.2655319351159549,0.46057924376508447
7293,0.7718,4,18,4,642937,33507,97635,28621,0.26538936763401344,0.4606779551892866
7294,0.7719,0,5,0,642942,33502,97635,28621,0.26534976555569634,0.46071503307953576
7295,0.772,13,24,13,642966,33478,97648,28608,0.26515967557977443,0.4607802080984441
7296,0.7721,3,6,3,642972,33472,97651,28605,0.26511215308579394,0.4607986855034876
7297,0.7722,4,11,4,642983,33461,97655,28601,0.2650250285134964,0.46084560600689634
7298,0.7723,4,23,4,643006,33438,97659,28597,0.2648428589532379,0.46098170387684373
7299,0.7724,2,3,2,643009,33435,97661,28595,0.2648190977062476,0.46098661937772045
7300,0.7725,41,93,41,643102,33342,97702,28554,0.2640824990495501,0.46132221791392014
7301,0.7726,1,1,1,643103,33341,97703,28553,0.2640745786338867,0.46132096810676315
7302,0.7727,8,20,8,643123,33321,97711,28545,0.2639161703206184,0.461400446125497
7303,0.7728,1,10,1,643133,33311,97712,28544,0.2638369661639843,0.461466332551936
7304,0.7729,2,8,2,643141,33303,97714,28542,0.26377360283867696,0.46150861023526557
7305,0.773,8,15,8,643156,33288,97722,28534,0.26365479660372576,0.4615509042088577
7306,0.7731,1,8,1,643164,33280,97723,28533,0.26359143327841844,0.46160192839693914
7307,0.7732,3,16,3,643180,33264,97726,28530,0.2634647066278038,0.4616953102242936
7308,0.7733,113,206,113,643386,33058,97839,28417,0.26183310100114054,0.462252948352989
7309,0.7734,2,2,2,643388,33056,97841,28415,0.2618172601698137,0.4622504921019668
7310,0.7735,10,19,10,643407,33037,97851,28405,0.26166677227220886,0.46230591452101166
7311,0.7736,3,8,3,643415,33029,97854,28402,0.26160340894690154,0.4623398609822402
7312,0.7737,3,8,3,643423,33021,97857,28399,0.2615400456215942,0.46237381960273527
7313,0.7738,3,14,3,643437,33007,97860,28396,0.2614291598023064,0.46245297461036106
7314,0.7739,3,9,3,643446,32998,97863,28393,0.2613578760613357,0.4624945024514994
7315,0.774,25,43,25,643489,32955,97888,28368,0.2610172981878089,0.4625996771195147
7316,0.7741,1,3,1,643492,32952,97889,28367,0.26099353694081867,0.4626135455568421
7317,0.7742,12,57,12,643549,32895,97901,28355,0.26054207324800405,0.46293877551020407
7318,0.7743,7,20,7,643569,32875,97908,28348,0.26038366493473575,0.46302860036260884
7319,0.7744,2,2,2,643571,32873,97910,28346,0.260367824103409,0.4630261846812264
7320,0.7745,3,13,3,643584,32860,97913,28343,0.26026485869978455,0.46309821413982977
7321,0.7746,0,3,0,643587,32857,97913,28343,0.26024109745279433,0.4631209150326797
7322,0.7747,6,21,6,643608,32836,97919,28337,0.26007476872386265,0.4632272407761594
7323,0.7748,8,6,8,643614,32830,97927,28329,0.26002724622988216,0.4632024722444775
7324,0.7749,1,3,1,643617,32827,97928,28328,0.2600034849828919,0.4632164173003025
7325,0.775,215,351,215,643968,32476,98143,28113,0.2572234190850336,0.4639951146247669
7326,0.7751,0,1,0,643969,32475,98143,28113,0.25721549866937016,0.46400277282630226
7327,0.7752,2,4,2,643973,32471,98145,28111,0.2571838170067165,0.4640157142385527
7328,0.7753,11,10,11,643983,32461,98156,28100,0.25710461285008235,0.46399498026782915
7329,0.7754,3,10,3,643993,32451,98159,28097,0.25702540869344825,0.464045055162846
7330,0.7755,10,14,10,644007,32437,98169,28087,0.25691452287416044,0.46406384244266735
7331,0.7756,1,5,1,644012,32432,98170,28086,0.25687492079584334,0.4640933276050101
7332,0.7757,10,11,10,644023,32421,98180,28076,0.2567877962235458,0.46408912838653155
7333,0.7758,20,44,20,644067,32377,98200,28056,0.2564392979343556,0.4642496649181738
7334,0.7759,0,2,0,644069,32375,98200,28056,0.2564234571030288,0.46426502953782
7335,0.776,27,47,27,644116,32328,98227,28029,0.2560511975668483,0.46438689795715493
7336,0.7761,1,9,1,644125,32319,98228,28028,0.2559799138258776,0.46444727989792367
7337,0.7762,7,10,7,644135,32309,98235,28021,0.25590070966924344,0.46446212497928063
7338,0.7763,10,8,10,644143,32301,98245,28011,0.2558373463439361,0.4644349383207322
7339,0.7764,2,4,2,644147,32297,98247,28009,0.25580566468128246,0.4644479819586774
7340,0.7765,8,10,8,644157,32287,98255,28001,0.2557264605246483,0.46445395435244163
7341,0.7766,3,13,3,644170,32274,98258,27998,0.25562349512102395,0.4645274754446509
7342,0.7767,119,158,119,644328,32116,98377,27879,0.25437206944620455,0.46468872406033834
7343,0.7768,2,11,2,644339,32105,98379,27877,0.25428494487390696,0.4647560934947151
7344,0.7769,0,10,0,644349,32095,98379,27877,0.25420574071727287,0.4648335890082038
7345,0.777,6,11,6,644360,32084,98385,27871,0.2541186161449753,0.4648653156534067
7346,0.7771,5,5,5,644365,32079,98390,27866,0.2540790140666582,0.4648594544999583
7347,0.7772,2,8,2,644373,32071,98392,27864,0.2540156507413509,0.4649036456160841
7348,0.7773,5,15,5,644388,32056,98397,27859,0.2538968445063997,0.4649753817908704
7349,0.7774,1,20,1,644408,32036,98398,27858,0.2537384361931314,0.46512171502988614
7350,0.7775,47,100,47,644508,31936,98445,27811,0.25294639462679,0.46547943829815724
7351,0.7776,0,4,0,644512,31932,98445,27811,0.25291471296413637,0.4655106037527409
7352,0.7777,11,15,11,644527,31917,98456,27800,0.25279590672918517,0.465529078821776
7353,0.7778,3,9,3,644536,31908,98459,27797,0.2527246229882144,0.4655723976216397
7354,0.7779,1,3,1,644539,31905,98460,27796,0.2527008617412242,0.465586841091439
7355,0.778,10,34,10,644573,31871,98470,27786,0.2524315676086681,0.46576260958479304
7356,0.7781,1,3,1,644576,31868,98471,27785,0.25240780636167787,0.46577707743114344
7357,0.7782,5,20,5,644596,31848,98476,27780,0.25224939804840957,0.4658885087542765
7358,0.7783,55,75,55,644671,31773,98531,27725,0.25165536687365353,0.4659820498168006
7359,0.7784,0,3,0,644674,31770,98531,27725,0.2516316056266633,0.4660055466845953
7360,0.7785,3,12,3,644686,31758,98534,27722,0.25153656063870233,0.4660726294552791
7361,0.7786,2,4,2,644690,31754,98536,27720,0.2515048789760487,0.4660860207821905
7362,0.7787,5,15,5,644705,31739,98541,27715,0.2513860727410975,0.46615871093618594
7363,0.7788,2,5,2,644710,31734,98543,27713,0.2513464706627804,0.46617995861860145
7364,0.7789,2,9,2,644719,31725,98545,27711,0.25127518692180967,0.46623258631132647
7365,0.779,4,19,4,644738,31706,98549,27707,0.2511246990242048,0.46634574924679784
7366,0.7791,1,2,1,644740,31704,98550,27706,0.251108858192878,0.46635246591482915
7367,0.7792,16,39,16,644779,31665,98566,27690,0.2507999619820048,0.4665150366439222
7368,0.7793,5,14,5,644793,31651,98571,27685,0.250689076162717,0.46658015370095723
7369,0.7794,0,1,0,644794,31650,98571,27685,0.25068115574705363,0.46658801719052834
7370,0.7795,2,10,2,644804,31640,98573,27683,0.2506019515904195,0.4666486860071136
7371,0.7797,6,16,6,644820,31624,98579,27677,0.25047522493980484,0.4667206286571896
7372,0.7798,7,10,7,644830,31614,98586,27670,0.2503960207831707,0.46673638755819447
7373,0.7799,0,7,0,644837,31607,98586,27670,0.2503405778735268,0.46679150429340216
7374,0.78,996,1370,996,646207,30237,99582,26674,0.2394896084146496,0.46869673701041975
7375,0.7801,1,3,1,646210,30234,99583,26673,0.23946584716765937,0.4687121092308503
7376,0.7802,7,11,7,646221,30223,99590,26666,0.2393787225953618,0.46873736574733255
7377,0.7803,4,3,4,646224,30220,99594,26662,0.23935496134837156,0.4687247283850779
7378,0.7804,2,2,2,646226,30218,99596,26660,0.23933912051704473,0.4687225289215514
7379,0.7805,6,7,6,646233,30211,99602,26654,0.23928367760740082,0.4687241712828629
7380,0.7806,1,10,1,646243,30201,99603,26653,0.2392044734507667,0.46879727020086537
7381,0.7807,9,23,9,646266,30178,99612,26644,0.2390223038905082,0.4689028897258104
7382,0.7808,24,39,24,646305,30139,99636,26620,0.23871340767963503,0.469000510932187
7383,0.7809,1,3,1,646308,30136,99637,26619,0.2386896464326448,0.4690159457316536
7384,0.781,10,22,10,646330,30114,99647,26609,0.23851539728804969,0.4691042434285916
7385,0.7811,1,1,1,646331,30113,99648,26608,0.23850747687238627,0.4691031540346609
7386,0.7812,4,16,4,646347,30097,99652,26604,0.23838075022177163,0.46919807410804043
7387,0.7813,9,12,9,646359,30085,99661,26595,0.23828570523381068,0.46921312632321804
7388,0.7814,6,2,6,646361,30083,99667,26589,0.23826986440248385,0.46917348955392435
7389,0.7815,15,14,15,646375,30069,99682,26574,0.23815897858319604,0.4691488798262804
7390,0.7816,4,3,4,646378,30066,99686,26570,0.2381352173362058,0.4691362384349177
7391,0.7817,51,84,51,646462,29982,99737,26519,0.23746990242047902,0.4693545246986779
7392,0.7818,1,8,1,646470,29974,99738,26518,0.2374065390951717,0.4694115981023862
7393,0.7819,2,3,2,646473,29971,99740,26516,0.23738277784818146,0.4694177421353586
7394,0.782,11,25,11,646498,29946,99751,26505,0.2371847674565961,0.4695222405271829
7395,0.7821,0,3,0,646501,29943,99751,26505,0.23716100620960587,0.469547193877551
7396,0.7822,4,10,4,646511,29933,99755,26501,0.23708180205297175,0.46959279866746995
7397,0.7823,5,21,5,646532,29912,99760,26496,0.23691547332404003,0.4697206070060984
7398,0.7824,2,4,2,646536,29908,99762,26494,0.2368837916613864,0.4697351157760363
7399,0.7825,48,89,48,646625,29819,99810,26446,0.23617887466734255,0.4700257709055363
7400,0.7826,4,1,4,646626,29818,99814,26442,0.23617095425167914,0.46999644507643085
7401,0.7827,10,13,10,646639,29805,99824,26432,0.23606798884805474,0.4700108469512954
7402,0.7828,4,3,4,646642,29802,99828,26428,0.2360442276010645,0.4699982215898986
7403,0.7829,5,5,5,646647,29797,99833,26423,0.23600462552274742,0.4699928850942725
7404,0.783,9,23,9,646670,29774,99842,26414,0.2358224559624889,0.47010037730476256
7405,0.7831,4,2,4,646672,29772,99846,26410,0.23580661513116208,0.4700793848563597
7406,0.7832,0,7,0,646679,29765,99846,26410,0.23575117222151817,0.47013796172674677
7407,0.7833,109,152,109,646831,29613,99955,26301,0.23454726904067927,0.4703830883141968
7408,0.7834,0,3,0,646834,29610,99955,26301,0.23452350779368902,0.4704083275205237
7409,0.7835,6,15,6,646849,29595,99961,26295,0.2344047015587378,0.4704777241009125
7410,0.7836,5,7,5,646856,29588,99966,26290,0.2343492586490939,0.47048928021761693
7411,0.7837,1,11,1,646867,29577,99967,26289,0.23426213407679636,0.4705724411985823
7412,0.7838,3,8,3,646875,29569,99970,26286,0.23419877075148904,0.47061140452958555
7413,0.7839,1,4,1,646879,29565,99971,26285,0.23416708908883538,0.47063563115487916
7414,0.784,19,41,19,646920,29524,99990,26266,0.23384235204663542,0.4708012188564259
7415,0.7841,0,1,0,646921,29523,99990,26266,0.233834431630972,0.4708096578178494
7416,0.7842,18,33,18,646954,29490,100008,26248,0.23357305791407934,0.4709175069073164
7417,0.7843,12,12,12,646966,29478,100020,26236,0.23347801292611836,0.4709049789998923
7418,0.7844,0,2,0,646968,29476,100020,26236,0.23346217209479153,0.4709218839747272
7419,0.7845,1,12,1,646980,29464,100021,26235,0.23336712710683058,0.4710138422592865
7420,0.7846,3,4,3,646984,29460,100024,26232,0.23333544544417692,0.47101917690152983
7421,0.7847,10,16,10,647000,29444,100034,26222,0.23320871879356228,0.47105953364710956
7422,0.7848,2,12,2,647012,29432,100036,26220,0.23311367380560133,0.4711420973190541
7423,0.7849,1,5,1,647017,29427,100037,26219,0.23307407172728425,0.4711749272184883
7424,0.785,215,293,215,647310,29134,100252,26004,0.23075338993790395,0.4716166708984729
7425,0.7851,0,1,0,647311,29133,100252,26004,0.23074546952224054,0.471625224440938
7426,0.7852,3,15,3,647326,29118,100255,26001,0.2306266632872893,0.4717248135851521
7427,0.7853,1,7,1,647333,29111,100256,26000,0.2305712203776454,0.47177514470795306
7428,0.7854,1,3,1,647336,29108,100257,25999,0.23054745913065516,0.4717912424918794
7429,0.7855,9,17,9,647353,29091,100266,25990,0.23041281206437714,0.4718505473756831
7430,0.7856,0,4,0,647357,29087,100266,25990,0.23038113040172348,0.47188481580332986
7431,0.7857,7,16,7,647373,29071,100273,25983,0.23025440375110887,0.4719548080066843
7432,0.7858,13,34,13,647407,29037,100286,25970,0.22998510961855279,0.47212172996164126
7433,0.7859,0,4,0,647411,29033,100286,25970,0.22995342795589913,0.4721560642146792
7434,0.786,19,35,19,647446,28998,100305,25951,0.22967621340767963,0.4722742907059273
7435,0.7861,1,3,1,647449,28995,100306,25950,0.22965245216068939,0.4722904722904723
7436,0.7862,4,9,4,647458,28986,100310,25946,0.22958116841971868,0.47232942547149204
7437,0.7863,5,5,5,647463,28981,100315,25941,0.2295415663414016,0.4723243873129165
7438,0.7864,2,5,2,647468,28976,100317,25939,0.22950196426308453,0.4723481744514249
7439,0.7865,5,6,5,647474,28970,100322,25934,0.22945444176910404,0.47235174122104034
7440,0.7866,2,3,2,647477,28967,100324,25932,0.2294306805221138,0.472358330752837
7441,0.7867,116,163,116,647640,28804,100440,25816,0.22813965276897732,0.4726473819113878
7442,0.7868,7,20,7,647660,28784,100447,25809,0.22798124445570903,0.47275291704064626
7443,0.7869,1,0,1,647660,28784,100448,25808,0.22798124445570903,0.4727432590855803
7444,0.787,6,16,6,647676,28768,100454,25802,0.22785451780509441,0.4728238959135056
7445,0.7871,8,7,8,647683,28761,100462,25794,0.2277990748954505,0.4728072587297223
7446,0.7872,3,7,3,647690,28754,100465,25791,0.2277436319858066,0.4728389403245027
7447,0.7873,8,18,8,647708,28736,100473,25783,0.22760106450386516,0.4729176984170656
7448,0.7874,0,4,0,647712,28732,100473,25783,0.2275693828412115,0.4729523984224525
7449,0.7875,56,72,56,647784,28660,100529,25727,0.2269991129134457,0.4730358357695773
7450,0.7876,1,3,1,647787,28657,100530,25726,0.22697535166645547,0.4730522405898902
7451,0.7877,4,11,4,647798,28646,100534,25722,0.2268882270941579,0.4731091818716892
7452,0.7878,1,5,1,647803,28641,100535,25721,0.22684862501584083,0.47314300430447737
7453,0.7879,0,1,0,647804,28640,100535,25721,0.2268407046001774,0.4731517080259745
7454,0.788,21,41,21,647845,28599,100556,25700,0.22651596755797745,0.47330521740731873
7455,0.7881,0,3,0,647848,28596,100556,25700,0.2264922063109872,0.47333136879328125
7456,0.7882,8,18,8,647866,28578,100564,25692,0.22634963882904574,0.4734107241569928
7457,0.7883,46,91,46,647957,28487,100610,25646,0.22562888100367506,0.4737590748711507
7458,0.7884,2,5,2,647962,28482,100612,25644,0.22558927892535802,0.4737833943021838
7459,0.7885,4,17,4,647979,28465,100616,25640,0.22545463185907996,0.47389335551242956
7460,0.7886,3,5,3,647984,28460,100619,25637,0.2254150297807629,0.4739079801098028
7461,0.7887,5,15,5,647999,28445,100624,25632,0.2252962235458117,0.473990790909259
7462,0.7888,2,10,2,648009,28435,100626,25630,0.22521701938917754,0.474059003051882
7463,0.7889,1,2,1,648011,28433,100627,25629,0.2252011785578507,0.47406681217860974
7464,0.789,7,19,7,648030,28414,100634,25622,0.22505069066024586,0.47416537123399216
7465,0.7891,0,8,0,648038,28406,100634,25622,0.22498732733493854,0.47423558155030726
7466,0.7892,15,44,15,648082,28362,100649,25607,0.22463882904574833,0.4744760881246642
7467,0.7893,9,19,9,648101,28343,100658,25598,0.22448834114814345,0.4745555328970542
7468,0.7894,0,3,0,648104,28340,100658,25598,0.2244645799011532,0.47458192739812377
7469,0.7895,7,14,7,648118,28326,100665,25591,0.22435369408186542,0.4746369419663557
7470,0.7896,1,1,1,648119,28325,100666,25590,0.224345773666202,0.47463600111286286
7471,0.7897,7,8,7,648127,28317,100673,25583,0.2242824103408947,0.4746382189239332
7472,0.7898,3,9,3,648136,28308,100676,25580,0.22421112659992395,0.47468824228028506
7473,0.7899,4,8,4,648144,28300,100680,25576,0.22414776327461666,0.47471972678001334
7474,0.79,999,1254,999,649398,27046,101679,24577,0.21421556203269548,0.4760862406291769
7475,0.7901,1,2,1,649400,27044,101680,24576,0.21419972120136865,0.47609453700116233
7476,0.7902,5,7,5,649407,27037,101685,24571,0.21414427829172475,0.4761083552937529
7477,0.7903,4,11,4,649418,27026,101689,24567,0.21405715371942718,0.4761692477661698
7478,0.7904,1,4,1,649422,27022,101690,24566,0.21402547205677355,0.4761960145770334
7479,0.7905,4,6,4,649428,27016,101694,24562,0.21397794956279306,0.47621078754507734
7480,0.7906,0,8,0,649436,27008,101694,24562,0.21391458623748574,0.47628466162497574
7481,0.7907,4,14,4,649450,26994,101698,24558,0.21380370041819793,0.4763733705772812
7482,0.7908,16,30,16,649480,26964,101714,24542,0.2135660879482955,0.47648817613481925
7483,0.7909,0,1,0,649481,26963,101714,24542,0.21355816753263213,0.4764974274342297
7484,0.791,13,20,13,649501,26943,101727,24529,0.21339975921936383,0.47655035747590924
7485,0.7911,2,4,2,649505,26939,101729,24527,0.21336807755671017,0.47656705397738314
7486,0.7912,7,12,7,649517,26927,101736,24520,0.21327303256874922,0.4766069936050693
7487,0.7913,10,15,10,649532,26912,101746,24510,0.213154226333798,0.47664423787483956
7488,0.7914,3,2,3,649534,26910,101749,24507,0.21313838550247116,0.4766322422545073
7489,0.7915,5,8,5,649542,26902,101754,24502,0.21307502217716387,0.47665551318963506
7490,0.7916,0,1,0,649543,26901,101754,24502,0.21306710176150045,0.4766647861019785
7491,0.7917,49,90,49,649633,26811,101803,24453,0.2123542643517932,0.477001404494382
7492,0.7918,6,12,6,649645,26799,101809,24447,0.2122592193638322,0.47705186746282635
7493,0.7919,1,3,1,649648,26796,101810,24446,0.21223545811684197,0.47706959135084503
7494,0.792,11,22,11,649670,26774,101821,24435,0.21206120897224687,0.47716221757894123
7495,0.7921,5,3,5,649673,26771,101826,24430,0.21203744772525662,0.47713911837659423
7496,0.7922,3,10,3,649683,26761,101829,24427,0.21195824356862247,0.4772016878956005
7497,0.7923,3,10,3,649693,26751,101832,24424,0.21187903941198835,0.4772642892037128
7498,0.7924,3,3,3,649696,26748,101835,24421,0.2118552781649981,0.4772616232484512
7499,0.7925,36,78,36,649774,26670,101871,24385,0.2112374857432518,0.4776221721672706
7500,0.7926,1,1,1,649775,26669,101872,24384,0.21122956532758838,0.4776212955164241
7501,0.7927,7,11,7,649786,26658,101879,24377,0.21114244075529084,0.47765259135887134
7502,0.7928,3,6,3,649792,26652,101882,24374,0.21109491826131035,0.4776780464861051
7503,0.7929,1,3,1,649795,26649,101883,24373,0.2110711570143201,0.4776958958880483
7504,0.793,10,10,10,649805,26639,101893,24363,0.21099195285768596,0.47768714952354807
7505,0.7931,0,1,0,649806,26638,101893,24363,0.21098403244202255,0.47769651575459304
7506,0.7932,4,11,4,649817,26627,101897,24359,0.210896907869725,0.4777586004001098
7507,0.7933,116,162,116,649979,26465,102013,24243,0.20961380053225193,0.4780902421708606
7508,0.7934,1,0,1,649979,26465,102014,24242,0.20961380053225193,0.47807994951387384
7509,0.7935,3,16,3,649995,26449,102017,24239,0.20948707388163731,0.4781999684343434
7510,0.7936,3,8,3,650003,26441,102020,24236,0.20942371055633,0.4782445685419421
7511,0.7937,4,12,4,650015,26429,102024,24232,0.20932866556836902,0.4783166538362843
7512,0.7938,3,9,3,650024,26420,102027,24229,0.2092573818273983,0.47837074769491994
7513,0.7939,3,9,3,650033,26411,102030,24226,0.20918609808642757,0.47842486719197425
7514,0.794,21,36,21,650069,26375,102051,24205,0.20890096312254466,0.47854883353103994
7515,0.7941,1,1,1,650070,26374,102052,24204,0.20889304270688125,0.47854798529004705
7516,0.7942,9,36,9,650106,26338,102061,24195,0.20860790774299837,0.4787960342746324
7517,0.7943,9,13,9,650119,26325,102070,24186,0.20850494233937397,0.47882639425075724
7518,0.7944,0,1,0,650120,26324,102070,24186,0.20849702192371056,0.47883587408433975
7519,0.7945,5,7,5,650127,26317,102075,24181,0.20844157901406665,0.478850647550398
7520,0.7946,5,5,5,650132,26312,102080,24176,0.20840197693574958,0.4788464585644113
7521,0.7947,6,7,6,650139,26305,102086,24170,0.2083465340261057,0.47885091629519566
7522,0.7948,4,10,4,650149,26295,102090,24166,0.20826732986947155,0.4789045005053408
7523,0.7949,2,1,2,650150,26294,102092,24164,0.20825940945380814,0.47889333703277975
7524,0.795,190,314,190,650464,25980,102282,23974,0.20577239893549615,0.4799215278055811
7525,0.7951,0,8,0,650472,25972,102282,23974,0.20570903561018883,0.47999839827013174
7526,0.7952,2,7,2,650479,25965,102284,23972,0.20565359270054492,0.4800448565192142
7527,0.7953,7,9,7,650488,25956,102291,23965,0.2055823089595742,0.48005849241802045
7528,0.7955,5,9,5,650497,25947,102296,23960,0.20551102521860348,0.48009297292964914
7529,0.7956,1,5,1,650502,25942,102297,23959,0.2054714231402864,0.4801306587042344
7530,0.7957,10,21,10,650523,25921,102307,23949,0.20530509441135472,0.4802285943452978
7531,0.7958,13,31,13,650554,25890,102320,23936,0.20505956152578889,0.4803917633364107
7532,0.7959,2,2,2,650556,25888,102322,23934,0.20504372069446206,0.4803901890731002
7533,0.796,19,46,19,650602,25842,102341,23915,0.204679381573945,0.48063589042747756
7534,0.7961,1,3,1,650605,25839,102342,23914,0.20465562032695475,0.48065443289851867
7535,0.7962,5,14,5,650619,25825,102347,23909,0.20454473450766697,0.48073752362568867
7536,0.7963,2,11,2,650630,25814,102349,23907,0.2044576099353694,0.48082299229701736
7537,0.7964,1,5,1,650635,25809,102350,23906,0.20441800785705233,0.480860907170874
7538,0.7965,4,21,4,650656,25788,102354,23902,0.20425167912812064,0.4810223384986919
7539,0.7966,1,0,1,650656,25788,102355,23901,0.20425167912812064,0.4810118939805591
7540,0.7967,116,165,116,650821,25623,102471,23785,0.20294481054365734,0.48139977331606215
7541,0.7968,7,14,7,650835,25609,102478,23778,0.20283392472436954,0.4814627331079029
7542,0.7969,3,0,3,650835,25609,102481,23775,0.20283392472436954,0.4814312327879475
7543,0.797,4,10,4,650845,25599,102485,23771,0.20275472056773539,0.4814867328337047
7544,0.7971,4,6,4,650851,25593,102489,23767,0.20270719807375492,0.4815032414910859
7545,0.7972,1,10,1,650861,25583,102490,23766,0.20262799391712077,0.48159030578127215
7546,0.7973,9,10,9,650871,25573,102499,23757,0.20254878976048662,0.481593350902088
7547,0.7974,1,6,1,650877,25567,102500,23756,0.20250126726650614,0.48164142489305195
7548,0.7975,40,72,40,650949,25495,102540,23716,0.20193099733874034,0.48192477291662433
7549,0.7976,0,2,0,650951,25493,102540,23716,0.2019151565074135,0.4819443597715865
7550,0.7977,7,16,7,650967,25477,102547,23709,0.20178842985679887,0.4820274061724881
7551,0.7978,5,16,5,650983,25461,102552,23704,0.20166170320618426,0.48213159768127734
7552,0.7979,2,6,2,650989,25455,102554,23702,0.20161418071220377,0.4821693756738613
7553,0.798,15,24,15,651013,25431,102569,23687,0.20142409073628184,0.4822468341544851
7554,0.7981,1,9,1,651022,25422,102570,23686,0.2013528069953111,0.482324672151177
7555,0.7982,3,8,3,651030,25414,102573,23683,0.20128944367000381,0.4823716316679227
7556,0.7983,40,78,40,651108,25336,102613,23643,0.2006716512482575,0.48271708283141757
7557,0.7985,6,16,6,651124,25320,102619,23637,0.2005449245976429,0.4828114467798272
7558,0.7986,1,5,1,651129,25315,102620,23636,0.20050532251932582,0.48285019713591143
7559,0.7987,4,5,4,651134,25310,102624,23632,0.20046572044100874,0.48285725961341996
7560,0.7988,0,6,0,651140,25304,102624,23632,0.20041819794702825,0.4829164623181298
7561,0.7989,2,3,2,651143,25301,102626,23630,0.200394436700038,0.48292493511270973
7562,0.799,18,28,18,651171,25273,102644,23612,0.20017266506146242,0.4830111486140943
7563,0.7991,1,4,1,651175,25269,102645,23611,0.20014098339880876,0.48304009819967264
7564,0.7992,15,43,15,651218,25226,102660,23596,0.19980040552528197,0.4833067059931998
7565,0.7993,12,18,12,651236,25208,102672,23584,0.1996578380433405,0.4833579275291031
7566,0.7994,2,10,2,651246,25198,102674,23582,0.19957863388670638,0.4834358343583436
7567,0.7995,5,7,5,651253,25191,102679,23577,0.19952319097706248,0.48345226377952755
7568,0.7996,2,3,2,651256,25188,102681,23575,0.19949942973007223,0.48346082070422247
7569,0.7997,3,7,3,651263,25181,102684,23572,0.19944398682042833,0.48349845137735115
7570,0.7998,4,10,4,651273,25171,102688,23568,0.1993647826637942,0.4835552637518209
7571,0.7999,3,0,3,651273,25171,102691,23565,0.1993647826637942,0.4835234734077479
7572,0.8,968,1145,968,652418,24026,103659,22597,0.19029590672918514,0.4846749458421809
7573,0.8001,0,5,0,652423,24021,103659,22597,0.19025630465086807,0.4847269295122056
7574,0.8002,2,13,2,652436,24008,103661,22595,0.1901533392472437,0.48484003175761214
7575,0.8003,5,7,5,652443,24001,103666,22590,0.1900978963375998,0.4848575905217746
7576,0.8004,2,5,2,652448,23996,103668,22588,0.19005829425928272,0.4848875150266186
7577,0.8005,11,18,11,652466,23978,103679,22577,0.18991572677734128,0.4849532810654065
7578,0.8006,0,3,0,652469,23975,103679,22577,0.18989196553035104,0.4849845334249871
7579,0.8007,7,10,7,652479,23965,103686,22570,0.1898127613737169,0.48501128183088
7580,0.8008,18,27,18,652506,23938,103704,22552,0.1895989101508047,0.48509356850935687
7581,0.801,12,18,12,652524,23920,103716,22540,0.18945634266886327,0.48514851485148514
7582,0.8011,0,3,0,652527,23917,103716,22540,0.18943258142187303,0.4851798437264567
7583,0.8012,3,11,3,652538,23906,103719,22537,0.18934545684957546,0.48526150334819024
7584,0.8013,1,14,1,652552,23892,103720,22536,0.18923457103028768,0.4853967433445335
7585,0.8014,1,2,1,652554,23890,103721,22535,0.18921873019896085,0.48540656973613355
7586,0.8015,0,11,0,652565,23879,103721,22535,0.18913160562666329,0.48552160985909426
7587,0.8016,1,3,1,652568,23876,103722,22534,0.18910784437967304,0.48554190907132083
7588,0.8017,43,70,43,652638,23806,103765,22491,0.18855341528323408,0.4857982158671188
7589,0.8018,0,13,0,652651,23793,103765,22491,0.18845044987960968,0.48593466424682397
7590,0.8019,2,5,2,652656,23788,103767,22489,0.1884108478012926,0.4859649501912397
7591,0.802,10,22,10,652678,23766,103777,22479,0.1882365986566975,0.48608498216023355
7592,0.8021,2,4,2,652682,23762,103779,22477,0.18820491699404385,0.48610480330456973
7593,0.8022,2,5,2,652687,23757,103781,22475,0.18816531491572677,0.48613514448866585
7594,0.8023,5,13,5,652700,23744,103786,22470,0.1880623495121024,0.4862162980914874
7595,0.8024,2,7,2,652707,23737,103788,22468,0.1880069066024585,0.486267719943729
7596,0.8025,47,65,47,652772,23672,103835,22421,0.18749207958433659,0.48642960970212396
7597,0.8026,0,4,0,652776,23668,103835,22421,0.18746039792168293,0.4864718262492135
7598,0.8027,7,14,7,652790,23654,103842,22414,0.18734951210239514,0.486541634106104
7599,0.8028,1,5,1,652795,23649,103843,22413,0.18730991002407807,0.48658330076852935
7600,0.8029,7,7,7,652802,23642,103850,22406,0.18725446711443416,0.4865792216817234
7601,0.803,4,17,4,652819,23625,103854,22402,0.18711982004815614,0.4867143198557369
7602,0.8031,0,3,0,652822,23622,103854,22402,0.1870960588011659,0.4867460455414566
7603,0.8032,2,11,2,652833,23611,103856,22400,0.18700893422886833,0.48684010345352197
7604,0.8033,121,153,121,652986,23458,103977,22279,0.18579711063236598,0.4871110916763233
7605,0.8034,3,2,3,652988,23456,103980,22276,0.18578126980103915,0.48709874923467156
7606,0.8035,4,12,4,653000,23444,103984,22272,0.1856862248130782,0.4871817306850993
7607,0.8036,2,2,2,653002,23442,103986,22270,0.18567038398175137,0.4871806090304515
7608,0.8037,7,6,7,653008,23436,103993,22263,0.18562286148777088,0.48716602113831814
7609,0.8038,5,10,5,653018,23426,103998,22258,0.18554365733113673,0.48721653095175554
7610,0.8039,1,6,1,653024,23420,103999,22257,0.18549613483715624,0.4872693040260963
7611,0.804,24,31,24,653055,23389,104023,22233,0.18525060195159043,0.48733067379772915
7612,0.8041,2,2,2,653057,23387,104025,22231,0.1852347611202636,0.48732956289184093
7613,0.8042,20,31,20,653088,23356,104045,22211,0.18498922823469777,0.48743608313033554
7614,0.8043,6,18,6,653106,23338,104051,22205,0.1848466607527563,0.4875612058933316
7615,0.8044,2,5,2,653111,23333,104053,22203,0.18480705867443922,0.48759223471539004
7616,0.8045,5,5,5,653116,23328,104058,22198,0.18476745659612218,0.48758950929139394
7617,0.8046,4,4,4,653120,23324,104062,22194,0.18473577493346852,0.4875873280899864
7618,0.8047,1,12,1,653132,23312,104063,22193,0.18464072994550754,0.4877046478408966
7619,0.8048,3,7,3,653139,23305,104066,22190,0.18458528703586363,0.48774590614353225
7620,0.8049,0,5,0,653144,23300,104066,22190,0.18454568495754659,0.48779951637722574
7621,0.805,206,251,206,653395,23049,104272,21984,0.18255766062602966,0.48817533808540403
7622,0.8051,1,2,1,653397,23047,104273,21983,0.18254181979470283,0.48818565400843883
7623,0.8052,2,9,2,653406,23038,104275,21981,0.1824705360537321,0.48826051222817035
7624,0.8053,3,2,3,653408,23036,104278,21978,0.18245469522240526,0.48824810059092727
7625,0.8054,1,1,1,653409,23035,104279,21977,0.18244677480674185,0.4882475784235315
7626,0.8055,4,7,4,653416,23028,104283,21973,0.18239133189709797,0.48827803826581634
7627,0.8056,1,1,1,653417,23027,104284,21972,0.18238341148143455,0.4882775172781617
7628,0.8057,6,12,6,653429,23015,104290,21966,0.18228836649347357,0.48833952113114426
7629,0.8058,11,29,11,653458,22986,104301,21955,0.18205867443923457,0.48852940522017757
7630,0.8059,2,4,2,653462,22982,104303,21953,0.1820269927765809,0.48855012796261266
7631,0.806,18,38,18,653500,22944,104321,21935,0.18172601698137117,0.4887586621805299
7632,0.8061,0,8,0,653508,22936,104321,21935,0.18166265365606388,0.488845802411357
7633,0.8062,7,11,7,653519,22925,104328,21928,0.1815755290837663,0.48888591621519184
7634,0.8063,3,11,3,653530,22914,104331,21925,0.18148840451146875,0.48897165414036886
7635,0.8064,2,7,2,653537,22907,104333,21923,0.18143296160182487,0.4890252063350435
7636,0.8065,3,12,3,653549,22895,104336,21920,0.1813379166138639,0.48912194577708357
7637,0.8066,1,3,1,653552,22892,104337,21919,0.18131415536687365,0.48914329070987034
7638,0.8067,97,146,97,653698,22746,104434,21822,0.1801577746800152,0.4896338179859989
7639,0.8068,3,13,3,653711,22733,104437,21819,0.18005480927639084,0.4897423235769438
7640,0.8069,3,8,3,653719,22725,104440,21816,0.17999144595108352,0.4897959183673469
7641,0.807,4,16,4,653735,22709,104444,21812,0.17986471930046888,0.4899261022888075
7642,0.8071,1,8,1,653743,22701,104445,21811,0.1798013559751616,0.4900026959022286
7643,0.8072,3,5,3,653748,22696,104448,21808,0.1797617538968445,0.4900233686859608
7644,0.8073,5,19,5,653767,22677,104453,21803,0.17961126599923963,0.4901753597122302
7645,0.8074,1,6,1,653773,22671,104454,21802,0.17956374350525917,0.4902300272075192
7646,0.8075,51,67,51,653840,22604,104505,21751,0.17903307565581042,0.4903843986021869
7647,0.8076,2,5,2,653845,22599,104507,21749,0.17899347357749334,0.49041670424821865
7648,0.8077,3,7,3,653852,22592,104510,21746,0.17893803066784944,0.4904596508638188
7649,0.8078,5,11,5,653863,22581,104515,21741,0.1788509060955519,0.49052389332611346
7650,0.8079,1,11,1,653874,22570,104516,21740,0.17876378152325434,0.49063416835928686
7651,0.808,11,25,11,653899,22545,104527,21729,0.178565771131669,0.4907846591679089
7652,0.8081,3,2,3,653901,22543,104530,21726,0.17854993030034216,0.49077232374799523
7653,0.8082,0,3,0,653904,22540,104530,21726,0.17852616905335192,0.4908055844214521
7654,0.8083,38,68,38,653972,22472,104568,21688,0.17798758078823976,0.4911231884057971
7655,0.8084,0,2,0,653974,22470,104568,21688,0.17797173995691293,0.49114543231124597
7656,0.8085,2,8,2,653982,22462,104570,21686,0.17790837663160564,0.4912113799039594
7657,0.8086,2,3,2,653985,22459,104572,21684,0.1778846153846154,0.49122171125659786
7658,0.8087,6,24,6,654009,22435,104578,21678,0.17769452540869346,0.4914197628816902
7659,0.8088,8,12,8,654021,22423,104586,21670,0.17759948042073248,0.49146122967364436
7660,0.8089,1,2,1,654023,22421,104587,21669,0.17758363958940565,0.4914719891131776
7661,0.809,4,11,4,654034,22410,104591,21665,0.1774965150171081,0.49154849688031765
7662,0.8091,1,1,1,654035,22409,104592,21664,0.17748859460144467,0.49154811335738435
7663,0.8092,18,36,18,654071,22373,104610,21646,0.1772034596375618,0.49174220223085485
7664,0.8093,10,24,10,654095,22349,104620,21636,0.17701336966163983,0.4918949641923383
7665,0.8094,0,1,0,654096,22348,104620,21636,0.17700544924597642,0.49190614769006913
7666,0.8095,4,7,4,654103,22341,104624,21632,0.17695000633633254,0.4919382348259159
7667,0.8096,1,4,1,654107,22337,104625,21631,0.17691832467367888,0.49197143377001457
7668,0.8097,2,9,2,654116,22328,104627,21629,0.17684704093270814,0.4920490479332075
7669,0.8098,1,4,1,654120,22324,104628,21628,0.17681535927005448,0.4920822715689843
7670,0.8099,2,3,2,654123,22321,104630,21626,0.17679159802306424,0.4920927480829181
7671,0.81,916,1155,916,655278,21166,105546,20710,0.16764351793182106,0.4945553539019964
7672,0.8101,1,3,1,655281,21163,105547,20709,0.1676197566848308,0.49457871608712267
7673,0.8102,7,12,7,655293,21151,105554,20702,0.16752471169686986,0.49463598786227986
7674,0.8103,4,11,4,655304,21140,105558,20698,0.1674375871245723,0.4947177207323486
7675,0.8104,1,2,1,655306,21138,105559,20697,0.16742174629324547,0.4947292936536393
7676,0.8105,2,13,2,655319,21125,105561,20695,0.1673187808896211,0.4948589191774271
7677,0.8106,3,5,3,655324,21120,105564,20692,0.16727917881130402,0.4948818520998756
7678,0.8107,5,10,5,655334,21110,105569,20687,0.16719997465466988,0.4949398282173362
7679,0.8108,19,26,19,655360,21084,105588,20668,0.16699404384742111,0.49501820272082775
7680,0.8109,0,5,0,655365,21079,105588,20668,0.16695444176910404,0.49507749059812683
7681,0.811,12,21,12,655386,21058,105600,20656,0.16678811304017235,0.49518147384571126
7682,0.8111,1,6,1,655392,21052,105601,20655,0.16674059054619186,0.49524060709233464
7683,0.8112,1,8,1,655400,21044,105602,20654,0.16667722722088454,0.49532351671543
7684,0.8113,5,11,5,655411,21033,105607,20649,0.166590102648587,0.49539369512019577
7685,0.8114,2,7,2,655418,21026,105609,20647,0.1665346597389431,0.495452691190939
7686,0.8115,0,9,0,655427,21017,105609,20647,0.16646337599797237,0.4955597158218126
7687,0.8116,2,1,2,655428,21016,105611,20645,0.16645545558230895,0.4955473944456446
7688,0.8117,28,73,28,655501,20943,105639,20617,0.16587726523887975,0.4960779595765159
7689,0.8118,5,11,5,655512,20932,105644,20612,0.16579014066658218,0.4961486616599268
7690,0.8119,2,6,2,655518,20926,105646,20610,0.1657426181726017,0.4961960708782743
7691,0.812,14,10,14,655528,20916,105660,20596,0.16566341401596757,0.4961456928117171
7692,0.8121,5,3,5,655531,20913,105665,20591,0.16563965276897732,0.4961208558211257
7693,0.8122,7,8,7,655539,20905,105672,20584,0.16557628944367,0.49613150473619516
7694,0.8123,1,14,1,655553,20891,105673,20583,0.1654654036243822,0.49628683030332255
7695,0.8124,0,5,0,655558,20886,105673,20583,0.16542580154606515,0.49634666859581855
7696,0.8125,37,65,37,655623,20821,105710,20546,0.16491097452794323,0.49667609447143857
7697,0.8126,1,3,1,655626,20818,105711,20545,0.164887213280953,0.49669994922998817
7698,0.8127,6,11,6,655637,20807,105717,20539,0.16480008870865542,0.49675905770812173
7699,0.8128,6,7,6,655644,20800,105723,20533,0.16474464579901152,0.49677013524302616
7700,0.8129,6,9,6,655653,20791,105729,20527,0.1646733620580408,0.49680526646981943
7701,0.813,7,19,7,655672,20772,105736,20520,0.16452287416043593,0.4969485614646905
7702,0.8131,0,2,0,655674,20770,105736,20520,0.1645070333291091,0.4969726325986922
7703,0.8132,3,7,3,655681,20763,105739,20517,0.16445159041946522,0.4970203488372093
7704,0.8133,94,163,94,655844,20600,105833,20423,0.16316056266632872,0.49784267362211443
7705,0.8134,1,0,1,655844,20600,105834,20422,0.16316056266632872,0.49783043245088
7706,0.8135,4,11,4,655855,20589,105838,20418,0.1630734380940312,0.49791499012363744
7707,0.8136,2,2,2,655857,20587,105840,20416,0.16305759726270436,0.4979147867229227
7708,0.8137,0,6,0,655863,20581,105840,20416,0.16301007476872387,0.4979876576334854
7709,0.8138,3,6,3,655869,20575,105843,20413,0.16296255227474338,0.49802381184736993
7710,0.8139,5,7,5,655876,20568,105848,20408,0.16290710936509947,0.49804763764154625
7711,0.814,17,30,17,655906,20538,105865,20391,0.16266949689519705,0.49820420728578757
7712,0.8141,1,2,1,655908,20536,105866,20390,0.16265365606387022,0.49821629282118945
7713,0.8142,11,27,11,655935,20509,105877,20379,0.16243980484095805,0.4984102915280767
7714,0.8143,9,10,9,655945,20499,105886,20370,0.16236060068432392,0.49842178668428394
7715,0.8144,0,1,0,655946,20498,105886,20370,0.1623526802686605,0.49843398257805616
7716,0.8145,2,9,2,655955,20489,105888,20368,0.16228139652768978,0.49851922559169787
7717,0.8146,3,2,3,655957,20487,105891,20365,0.16226555569636295,0.4985068050523842
7718,0.8147,2,15,2,655972,20472,105893,20363,0.16214674946141172,0.49866536059752664
7719,0.8148,2,7,2,655979,20465,105895,20361,0.16209130655176784,0.49872630186645767
7720,0.8149,1,3,1,655982,20462,105896,20360,0.1620675453047776,0.4987506736563618
7721,0.815,184,223,184,656205,20239,106080,20176,0.16030129261183626,0.4992205864159347
7722,0.8151,0,1,0,656206,20238,106080,20176,0.16029337219617285,0.49923293908051664
7723,0.8152,3,8,3,656214,20230,106083,20173,0.16023000887086555,0.49929460683612603
7724,0.8153,3,13,3,656227,20217,106086,20170,0.16012704346724116,0.49941812959615717
7725,0.8154,3,9,3,656236,20208,106089,20167,0.16005575972627042,0.4994922600619195
7726,0.8155,3,11,3,656247,20197,106092,20164,0.1599686351539729,0.49959118951463044
7727,0.8156,2,2,2,656249,20195,106094,20162,0.15995279432264606,0.49959114899521767
7728,0.8157,7,12,7,656261,20183,106101,20155,0.15985774933468508,0.49965293271852845
7729,0.8158,13,27,13,656288,20156,106114,20142,0.1596438981117729,0.4998262941088888
7730,0.8159,1,0,1,656288,20156,106115,20141,0.1596438981117729,0.4998138819266943
7731,0.816,17,25,17,656313,20131,106132,20124,0.15944588772018756,0.49991305427897154
7732,0.8161,0,5,0,656318,20126,106132,20124,0.15940628564187048,0.4999751552795031
7733,0.8162,2,9,2,656327,20117,106134,20122,0.15933500190089975,0.5000621287805362
7734,0.8163,13,8,13,656335,20109,106147,20109,0.15927163857559246,0.5
7735,0.8164,1,1,1,656336,20108,106148,20108,0.15926371815992904,0.5
7736,0.8165,1,7,1,656343,20101,106149,20107,0.15920827525028514,0.5000746120175089
7737,0.8166,2,5,2,656348,20096,106151,20105,0.15916867317196806,0.5001119375139922
7738,0.8167,101,136,101,656484,19960,106252,20004,0.15809149664174377,0.5005504954459014
7739,0.8168,4,5,4,656489,19955,106256,20000,0.1580518945634267,0.5005631335252159
7740,0.8169,1,0,1,656489,19955,106257,19999,0.1580518945634267,0.5005506332282125
7741,0.817,5,15,5,656504,19940,106262,19994,0.15793308832847547,0.5006761155907247
7742,0.8171,3,6,3,656510,19934,106265,19991,0.157885565834495,0.5007138384470883
7743,0.8172,0,11,0,656521,19923,106265,19991,0.15779844126219744,0.5008518314375908
7744,0.8173,3,10,3,656531,19913,106268,19988,0.1577192371055633,0.500939826069522
7745,0.8174,1,2,1,656533,19911,106269,19987,0.15770339627423646,0.5009524286931676
7746,0.8175,40,79,40,656612,19832,106309,19947,0.15707768343682676,0.5014454863118731
7747,0.8176,0,7,0,656619,19825,106309,19947,0.15702224052718286,0.5015337423312883
7748,0.8177,5,9,5,656628,19816,106314,19942,0.15695095678621215,0.5015845867498365
7749,0.8178,2,6,2,656634,19810,106316,19940,0.15690343429223166,0.5016352201257862
7750,0.8179,0,3,0,656637,19807,106316,19940,0.15687967304524142,0.5016730822452009
7751,0.818,13,26,13,656663,19781,106329,19927,0.15667374223799266,0.5018384204694268
7752,0.8181,0,1,0,656664,19780,106329,19927,0.15666582182232924,0.5018510590072279
7753,0.8182,2,6,2,656670,19774,106331,19925,0.15661829932834875,0.5019018111287438
7754,0.8183,30,66,30,656736,19708,106361,19895,0.15609555189456342,0.5023609322526071
7755,0.8185,8,11,8,656747,19697,106369,19887,0.15600842732226589,0.5023999595796281
7756,0.8186,1,3,1,656750,19694,106370,19886,0.15598466607527564,0.5024254674077817
7757,0.8187,1,3,1,656753,19691,106371,19885,0.1559609048282854,0.5024509803921569
7758,0.8188,10,8,10,656761,19683,106381,19875,0.15589754150297808,0.5024268163203398
7759,0.8189,1,4,1,656765,19679,106382,19874,0.15586585984032442,0.5024650468990974
7760,0.819,12,16,12,656781,19663,106394,19862,0.1557391331897098,0.502517394054396
7761,0.8191,1,5,1,656786,19658,106395,19861,0.15569953111139273,0.5025683848275513
7762,0.8192,21,22,21,656808,19636,106416,19840,0.15552528196679763,0.5025838484142263
7763,0.8193,11,15,11,656823,19621,106427,19829,0.1554064757318464,0.5026362484157161
7764,0.8194,1,4,1,656827,19617,106428,19828,0.15537479406919275,0.5026746102167575
7765,0.8195,8,6,8,656833,19611,106436,19820,0.15532727157521226,0.5026501990819406
7766,0.8196,1,3,1,656836,19608,106437,19819,0.15530351032822204,0.5026758312831309
7767,0.8197,3,6,3,656842,19602,106440,19816,0.15525598783424155,0.5027144959155716
7768,0.8198,5,14,5,656856,19588,106445,19811,0.15514510201495374,0.5028300210665245
7769,0.8199,2,2,2,656858,19586,106447,19809,0.1551292611836269,0.5028303084147735
7770,0.82,939,1023,939,657881,18563,107386,18870,0.1470266759599544,0.5041006598455908
7771,0.8201,0,7,0,657888,18556,107386,18870,0.14697123305031048,0.5041949446908566
7772,0.8202,4,5,4,657893,18551,107390,18866,0.1469316309719934,0.5042093166207874
7773,0.8203,3,11,3,657904,18540,107393,18863,0.14684450639969585,0.5043178354677432
7774,0.8204,0,1,0,657905,18539,107393,18863,0.14683658598403243,0.5043313191807924
7775,0.8205,6,8,6,657913,18531,107399,18857,0.14677322265872514,0.5043596876002996
7776,0.8206,1,2,1,657915,18529,107400,18856,0.1467573818273983,0.5043734117961749
7777,0.8207,4,15,4,657930,18514,107404,18852,0.14663857559244708,0.5045228282395761
7778,0.8208,14,20,14,657950,18494,107418,18838,0.1464801672791788,0.5046073074038359
7779,0.8209,0,1,0,657951,18493,107418,18838,0.1464722468635154,0.5046208245158179
7780,0.821,9,25,9,657976,18468,107427,18829,0.14627423647193005,0.5048395313295976
7781,0.8211,2,8,2,657984,18460,107429,18827,0.14621087314662273,0.5049212862391719
7782,0.8212,3,5,3,657989,18455,107432,18824,0.14617127106830566,0.5049491670913919
7783,0.8213,2,8,2,657997,18447,107434,18822,0.14610790774299837,0.5050309909039684
7784,0.8214,1,2,1,657999,18445,107435,18821,0.14609206691167154,0.5050448129662427
7785,0.8215,5,8,5,658007,18437,107440,18816,0.14602870358636422,0.5050868386438676
7786,0.8216,2,5,2,658012,18432,107442,18814,0.14598910150804714,0.5051280674434838
7787,0.8217,34,65,34,658077,18367,107476,18780,0.14547427448992523,0.5055589953428271
7788,0.8218,5,6,5,658083,18361,107481,18775,0.14542675199594474,0.5055741059887979
7789,0.8219,1,5,1,658088,18356,107482,18774,0.1453871499176277,0.5056288715324535
7790,0.822,13,11,13,658099,18345,107495,18761,0.14530002534533012,0.5056055624427316
7791,0.8221,0,2,0,658101,18343,107495,18761,0.1452841845140033,0.505632815868909
7792,0.8222,1,5,1,658106,18338,107496,18760,0.14524458243568622,0.5056876381476091
7793,0.8223,8,5,8,658111,18333,107504,18752,0.14520498035736915,0.5056491843063233
7794,0.8224,2,0,2,658111,18333,107506,18750,0.14520498035736915,0.50562252244964
7795,0.8225,46,63,46,658174,18270,107552,18704,0.14470599417057406,0.5058689890193109
7796,0.8226,1,4,1,658178,18266,107553,18703,0.14467431250792043,0.5059103573264087
7797,0.8227,6,17,6,658195,18249,107559,18697,0.14453966544164237,0.5060629026146267
7798,0.8228,2,3,2,658198,18246,107561,18695,0.14451590419465213,0.5060772583308519
7799,0.8229,1,1,1,658199,18245,107562,18694,0.1445079837789887,0.5060775873737784
7800,0.823,5,10,5,658209,18235,107567,18689,0.1444287796223546,0.5061477629725923
7801,0.8231,0,2,0,658211,18233,107567,18689,0.14441293879102776,0.5061751801094199
7802,0.8232,1,12,1,658223,18221,107568,18688,0.14431789380306678,0.5063263702619957
7803,0.8233,111,136,111,658359,18085,107679,18577,0.1432407172728425,0.5067099449020784
7804,0.8234,4,4,4,658363,18081,107683,18573,0.14320903561018883,0.5067114093959731
7805,0.8235,7,13,7,658376,18068,107690,18566,0.14310607020656443,0.5067969645684337
7806,0.8236,3,2,3,658378,18066,107693,18563,0.1430902293752376,0.5067842419940485
7807,0.8237,5,3,5,658381,18063,107698,18558,0.14306646812824736,0.5067584173015482
7808,0.8238,4,9,4,658390,18054,107702,18554,0.14299518438727665,0.5068291083916084
7809,0.8239,0,1,0,658391,18053,107702,18554,0.14298726397161324,0.5068429535334772
7810,0.824,13,24,13,658415,18029,107715,18541,0.1427971739956913,0.5070002734481815
7811,0.8241,1,0,1,658415,18029,107716,18540,0.1427971739956913,0.5069867920916623
7812,0.8242,15,23,15,658438,18006,107731,18525,0.14261500443543276,0.5071035558840437
7813,0.8243,5,15,5,658453,17991,107736,18520,0.14249619820048157,0.5072443921010107
7814,0.8244,1,2,1,658455,17989,107737,18519,0.14248035736915474,0.5072586830283773
7815,0.8245,2,7,2,658462,17982,107739,18517,0.14242491445951083,0.5073289679169293
7816,0.8246,3,7,3,658469,17975,107742,18514,0.14236947154986693,0.507385787497602
7817,0.8247,6,12,6,658481,17963,107748,18508,0.14227442656190598,0.50747168983576
7818,0.8248,3,10,3,658491,17953,107751,18505,0.14219522240527183,0.5075703549289593
7819,0.8249,0,2,0,658493,17951,107751,18505,0.142179381573945,0.5075982005705508
7820,0.825,177,255,177,658748,17696,107928,18328,0.14015967557977443,0.5087719298245614
7821,0.8251,3,0,3,658748,17696,107931,18325,0.14015967557977443,0.5087310180172677
7822,0.8252,5,5,5,658753,17691,107936,18320,0.14012007350145736,0.508733442559218
7823,0.8253,2,6,2,658759,17685,107938,18318,0.14007255100747687,0.5087909340888259
7824,0.8254,1,2,1,658761,17683,107939,18317,0.14005671017615004,0.5088055555555555
7825,0.8255,4,3,4,658764,17680,107943,18313,0.1400329489291598,0.508793376489873
7826,0.8256,0,3,0,658767,17677,107943,18313,0.14000918768216955,0.5088357877188108
7827,0.8257,5,7,5,658774,17670,107948,18308,0.13995374477252567,0.5088665295458336
7828,0.8258,13,24,13,658798,17646,107961,18295,0.13976365479660371,0.5090286859018948
7829,0.8259,0,5,0,658803,17641,107961,18295,0.13972405271828667,0.5090995102404274
7830,0.826,20,31,20,658834,17610,107981,18275,0.13947851983272083,0.5092657099066462
7831,0.8261,5,12,5,658846,17598,107986,18270,0.13938347484475985,0.509367681498829
7832,0.8262,4,6,4,658852,17592,107990,18266,0.13933595235077936,0.5093981817167718
7833,0.8263,5,14,5,658866,17578,107995,18261,0.13922506653149158,0.5095287256898909
7834,0.8264,1,3,1,658869,17575,107996,18260,0.13920130528450134,0.5095576949909306
7835,0.8265,3,9,3,658878,17566,107999,18257,0.1391300215435306,0.5096446417106328
7836,0.8266,0,1,0,658879,17565,107999,18257,0.1391221011278672,0.5096588688515438
7837,0.8267,93,118,93,658997,17447,108092,18164,0.13818749207958433,0.5100671140939598
7838,0.8268,1,4,1,659001,17443,108093,18163,0.13815581041693067,0.5101106555074988
7839,0.8269,1,3,1,659004,17440,108094,18162,0.13813204916994043,0.5101398797820347
7840,0.827,8,12,8,659016,17428,108102,18154,0.13803700418197948,0.510201787420606
7841,0.8271,2,7,2,659023,17421,108104,18152,0.13798156127233557,0.5102746465015602
7842,0.8272,0,4,0,659027,17417,108104,18152,0.1379498796096819,0.5103320307008912
7843,0.8273,7,12,7,659039,17405,108111,18145,0.13785483462172093,0.5104078762306611
7844,0.8274,0,4,0,659043,17401,108111,18145,0.1378231529590673,0.5104653125527485
7845,0.8275,43,67,43,659110,17334,108154,18102,0.13729248510961856,0.5108364375211649
7846,0.8276,2,0,2,659110,17334,108156,18100,0.13729248510961856,0.5108088276796298
7847,0.8277,5,7,5,659117,17327,108161,18095,0.13723704219997465,0.5108407204562136
7848,0.8278,3,7,3,659124,17320,108164,18092,0.13718159929033075,0.5109002597989382
7849,0.8279,1,4,1,659128,17316,108165,18091,0.1371499176276771,0.5109441635834722
7850,0.828,9,20,9,659148,17296,108174,18082,0.13699150931440882,0.5111085985640794
7851,0.8281,0,5,0,659153,17291,108174,18082,0.13695190723609174,0.5111808441466655
7852,0.8282,5,8,5,659161,17283,108179,18077,0.13688854391078445,0.5112273755656108
7853,0.8283,27,48,27,659209,17235,108206,18050,0.13650836395894056,0.5115488167776676
7854,0.8284,3,3,3,659212,17232,108209,18047,0.13648460271195031,0.5115507809178265
7855,0.8285,7,11,7,659223,17221,108216,18040,0.13639747813965278,0.5116133972377415
7856,0.8286,0,3,0,659226,17218,108216,18040,0.13637371689266253,0.5116569289239321
7857,0.8287,5,6,5,659232,17212,108221,18035,0.13632619439868204,0.5116747524612024
7858,0.8288,4,10,4,659242,17202,108225,18031,0.1362469902420479,0.5117645389265745
7859,0.8289,1,7,1,659249,17195,108226,18030,0.13619154733240402,0.5118523775727466
7860,0.829,14,18,14,659267,17177,108240,18016,0.13604897985046255,0.5119199840877448
7861,0.8291,2,0,2,659267,17177,108242,18014,0.13604897985046255,0.5118922451763235
7862,0.8292,10,27,10,659294,17150,108252,18004,0.13583512862755037,0.5121465551573079
7863,0.8293,6,11,6,659305,17139,108258,17998,0.1357480040552528,0.5122235819791103
7864,0.8294,3,5,3,659310,17134,108261,17995,0.13570840197693576,0.5122548321899285
7865,0.8295,1,1,1,659311,17133,108262,17994,0.13570048156127235,0.5122555299342386
7866,0.8296,3,0,3,659311,17133,108265,17991,0.13570048156127235,0.5122138708575333
7867,0.8297,2,12,2,659323,17121,108267,17989,0.13560543657331137,0.512361150669325
7868,0.8298,2,9,2,659332,17112,108269,17987,0.13553415283234063,0.5124647425852589
7869,0.8299,2,0,2,659332,17112,108271,17985,0.13553415283234063,0.5124369604239679
7870,0.83,917,988,917,660320,16124,109188,17068,0.1277087821568876,0.5142202940467583
7871,0.8301,2,2,2,660322,16122,109190,17066,0.12769294132556078,0.5142220079546824
7872,0.8302,5,7,5,660329,16115,109195,17061,0.12763749841591687,0.5142572944297082
7873,0.8303,3,5,3,660334,16110,109198,17058,0.1275978963375998,0.5142908827785818
7874,0.8304,0,2,0,660336,16108,109198,17058,0.12758205550627297,0.5143218959175059
7875,0.8305,4,6,4,660342,16102,109202,17054,0.12753453301229248,0.5143563759198938
7876,0.8306,3,1,3,660343,16101,109205,17051,0.12752661259662906,0.514327944015444
7877,0.8307,3,14,3,660357,16087,109208,17048,0.12741572677734128,0.5145012826316584
7878,0.8308,7,34,7,660391,16053,109215,17041,0.1271464326447852,0.5149271771318064
7879,0.8309,1,0,1,660391,16053,109216,17040,0.1271464326447852,0.5149125192638927
7880,0.831,17,17,17,660408,16036,109233,17023,0.12701178557850715,0.5149278562569951
7881,0.8311,1,2,1,660410,16034,109234,17022,0.12699594474718034,0.5149443368828654
7882,0.8312,3,7,3,660417,16027,109237,17019,0.12694050183753644,0.5150093808630394
7883,0.8313,5,7,5,660424,16020,109242,17014,0.12688505892789254,0.5150451050432887
7884,0.8314,5,4,5,660428,16016,109247,17009,0.12685337726523888,0.5150340651021953
7885,0.8315,8,12,8,660440,16004,109255,17001,0.12675833227727792,0.515103772155734
7886,0.8316,0,5,0,660445,15999,109255,17001,0.12671873019896085,0.5151818181818182
7887,0.8317,30,44,30,660489,15955,109285,16971,0.12637023190977062,0.5154285367187026
7888,0.8318,1,5,1,660494,15950,109286,16970,0.12633062983145354,0.5154921020656136
7889,0.832,10,12,10,660506,15938,109296,16960,0.1262355848434926,0.5155328591403733
7890,0.8321,0,5,0,660511,15933,109296,16960,0.12619598276517552,0.5156112242726416
7891,0.8322,1,6,1,660517,15927,109297,16959,0.12614846027119503,0.5156905674147053
7892,0.8323,6,6,6,660523,15921,109303,16953,0.12610093777721454,0.5156962949443329
7893,0.8324,1,4,1,660527,15917,109304,16952,0.12606925611456088,0.5157443183546807
7894,0.8325,42,55,42,660582,15862,109346,16910,0.1256336332530731,0.5159892591236421
7895,0.8326,0,3,0,660585,15859,109346,16910,0.12560987200608287,0.5160364979096097
7896,0.8327,5,5,5,660590,15854,109351,16905,0.12557026992776582,0.5160413932049208
7897,0.8328,4,3,4,660593,15851,109355,16901,0.12554650868077558,0.5160295554469956
7898,0.8329,2,4,2,660597,15847,109357,16899,0.12551482701812192,0.5160630305991571
7899,0.833,7,12,7,660609,15835,109364,16892,0.12541978203016094,0.5161487456839918
7900,0.8331,3,6,3,660615,15829,109367,16889,0.12537225953618045,0.5161990341707928
7901,0.8332,3,7,3,660622,15822,109370,16886,0.12531681662653657,0.5162651339121928
7902,0.8333,77,107,77,660729,15715,109447,16809,0.12446933215055127,0.5168183495265035
7903,0.8334,0,5,0,660734,15710,109447,16809,0.1244297300722342,0.5168978135859036
7904,0.8335,5,11,5,660745,15699,109452,16804,0.12434260549993664,0.5169984309140695
7905,0.8336,1,3,1,660748,15696,109453,16803,0.1243188442529464,0.5170312932705622
7906,0.8337,1,3,1,660751,15693,109454,16802,0.12429508300595615,0.517064163717495
7907,0.8338,3,8,3,660759,15685,109457,16799,0.12423171968064885,0.5171469030907524
7908,0.834,22,25,22,660784,15660,109479,16777,0.12403370928906349,0.5172179917994882
7909,0.8341,1,3,1,660787,15657,109480,16776,0.12400994804207324,0.5172509481084081
7910,0.8342,13,15,13,660802,15642,109493,16763,0.12389114180712203,0.5172967134701435
7911,0.8343,5,8,5,660810,15634,109498,16758,0.12382777848181473,0.5173499629538157
7912,0.8344,1,0,1,660810,15634,109499,16757,0.12382777848181473,0.5173350622086382
7913,0.8345,0,6,0,660816,15628,109499,16757,0.12378025598783424,0.5174309093716226
7914,0.8346,0,3,0,660819,15625,109499,16757,0.123756494740844,0.5174788462726206
7915,0.8347,5,12,5,660831,15613,109504,16752,0.12366144975288303,0.517596168700757
7916,0.8348,4,7,4,660838,15606,109508,16748,0.12360600684323914,0.5176485133213822
7917,0.835,192,216,192,661054,15390,109700,16556,0.1218951970599417,0.518249546109059
7918,0.8351,2,2,2,661056,15388,109702,16554,0.12187935622861487,0.5182518314444932
7919,0.8352,2,4,2,661060,15384,109704,16552,0.12184767456596123,0.5182865731462926
7920,0.8353,2,7,2,661067,15377,109706,16550,0.12179223165631732,0.5183700316346666
7921,0.8355,2,7,2,661074,15370,109708,16548,0.12173678874667343,0.518453537189047
7922,0.8356,1,2,1,661076,15368,109709,16547,0.1217209479153466,0.5184709384302052
7923,0.8357,2,7,2,661083,15361,109711,16545,0.1216655050057027,0.5185545038550743
7924,0.8358,10,30,10,661113,15331,109721,16535,0.12142789253580027,0.5188916086110588
7925,0.8359,1,0,1,661113,15331,109722,16534,0.12142789253580027,0.5188765102777342
7926,0.836,35,30,35,661143,15301,109757,16499,0.12119028006589785,0.5188364779874214
7927,0.8361,1,3,1,661146,15298,109758,16498,0.12116651881890762,0.5188702981507107
7928,0.8362,2,2,2,661148,15296,109760,16496,0.1211506779875808,0.5188726723704077
7929,0.8363,0,5,0,661153,15291,109760,16496,0.12111107590926372,0.5189542894894139
7930,0.8364,1,1,1,661154,15290,109761,16495,0.1211031554936003,0.5189554821456662
7931,0.8365,2,6,2,661160,15284,109763,16493,0.12105563299961981,0.5190231928753501
7932,0.8366,2,6,2,661166,15278,109765,16491,0.12100811050563934,0.5190909377065693
7933,0.8367,88,126,88,661292,15152,109853,16403,0.12001013813204917,0.5198225320868325
7934,0.8368,2,9,2,661301,15143,109855,16401,0.11993885439107844,0.5199404007101192
7935,0.8369,2,2,2,661303,15141,109857,16399,0.11992301355975162,0.5199429296131896
7936,0.837,6,12,6,661315,15129,109863,16393,0.11982796857179065,0.5200494892456062
7937,0.8371,4,13,4,661328,15116,109867,16389,0.11972500316816627,0.5202031423583559
7938,0.8372,4,11,4,661339,15105,109871,16385,0.1196378785958687,0.520323912353128
7939,0.8373,6,4,6,661343,15101,109877,16379,0.11960619693321506,0.5202986022871664
7940,0.8375,46,62,46,661405,15039,109923,16333,0.11911513116208339,0.5206234859110035
7941,0.8376,1,4,1,661409,15035,109924,16332,0.11908344949942973,0.5206745943188702
7942,0.8377,4,11,4,661420,15024,109928,16328,0.11899632492713218,0.520796121459556
7943,0.8378,4,5,4,661425,15019,109932,16324,0.1189567228488151,0.5208180454966022
7944,0.8379,3,6,3,661431,15013,109935,16321,0.11890920035483463,0.520871896342631
7945,0.838,16,15,16,661446,14998,109951,16305,0.11879039411988342,0.520876593297767
7946,0.8381,2,0,2,661446,14998,109953,16303,0.11879039411988342,0.5208459793616818
7947,0.8382,4,9,4,661455,14989,109957,16299,0.11871911037891268,0.5209345435949885
7948,0.8383,36,40,36,661495,14949,109993,16263,0.11840229375237613,0.5210495963091119
7949,0.8384,0,1,0,661496,14948,109993,16263,0.11839437333671271,0.5210662907308321
7950,0.8385,3,3,3,661499,14945,109996,16260,0.11837061208972247,0.5210703412914597
7951,0.8386,0,7,0,661506,14938,109996,16260,0.11831516918007857,0.5211872555933073
7952,0.8387,4,8,4,661514,14930,110000,16256,0.11825180585477126,0.5212595395369717
7953,0.8388,2,7,2,661521,14923,110002,16254,0.11819636294512736,0.5213458639381595
7954,0.8389,0,2,0,661523,14921,110002,16254,0.11818052211380053,0.5213793103448275
7955,0.839,12,12,12,661535,14909,110014,16242,0.11808547712583957,0.5213957818368592
7956,0.8392,15,22,15,661557,14887,110029,16227,0.11791122798124445,0.5215337147264897
7957,0.8393,8,11,8,661568,14876,110037,16219,0.1178241034089469,0.5215951117543013
7958,0.8394,0,1,0,661569,14875,110037,16219,0.11781618299328349,0.5216118865375957
7959,0.8395,3,8,3,661577,14867,110040,16216,0.11775281966797617,0.5216999646108805
7960,0.8396,1,2,1,661579,14865,110041,16215,0.11773697883664935,0.5217181467181468
7961,0.8397,5,7,5,661586,14858,110046,16210,0.11768153592700545,0.5217587228015965
7962,0.8398,2,8,2,661594,14850,110048,16208,0.11761817260169814,0.5218623221070255
7963,0.8399,0,2,0,661596,14848,110048,16208,0.11760233177037131,0.5218959299330242
7964,0.84,923,899,923,662495,13949,110971,15285,0.11048187808896211,0.5228501060409113
7965,0.8401,0,4,0,662499,13945,110971,15285,0.11045019642630845,0.5229216558330483
7966,0.8402,2,3,2,662502,13942,110973,15283,0.11042643517931822,0.5229426860564585
7967,0.8403,0,10,0,662512,13932,110973,15283,0.11034723102268407,0.5231216840664042
7968,0.8404,2,3,2,662515,13929,110975,15281,0.11032346977569382,0.5231427593289969
7969,0.8405,4,7,4,662522,13922,110979,15277,0.11026802686604993,0.5232028494126512
7970,0.8406,5,4,5,662526,13918,110984,15272,0.11023634520339627,0.523192874272011
7971,0.8407,8,12,8,662538,13906,110992,15264,0.1101413002154353,0.523277339732602
7972,0.8408,14,21,14,662559,13885,111006,15250,0.1099749714865036,0.5234254333276128
7973,0.8409,1,2,1,662561,13883,111007,15249,0.10995913065517679,0.5234450089248935
7974,0.841,8,23,8,662584,13860,111015,15241,0.10977696109491826,0.5237277069516512
7975,0.8411,2,5,2,662589,13855,111017,15239,0.10973735901660119,0.523784972846635
7976,0.8412,1,7,1,662596,13848,111018,15238,0.1096819161069573,0.5238946572234064
7977,0.8413,3,6,3,662602,13842,111021,15235,0.1096343936129768,0.5239536403342848
7978,0.8414,1,3,1,662605,13839,111022,15234,0.10961063236598657,0.5239913321638634
7979,0.8415,3,8,3,662613,13831,111025,15231,0.10954726904067925,0.5240864358956713
7980,0.8416,0,2,0,662615,13829,111025,15231,0.10953142820935242,0.5241225051617343
7981,0.8417,45,40,45,662655,13789,111070,15186,0.10921461158281587,0.524106988783434
7982,0.8418,3,7,3,662662,13782,111073,15183,0.10915916867317196,0.5241843604350078
7983,0.8419,0,1,0,662663,13781,111073,15183,0.10915124825750855,0.5242024582240022
7984,0.842,6,11,6,662674,13770,111079,15177,0.109064123685211,0.5243030365841019
7985,0.8421,1,1,1,662675,13769,111080,15176,0.10905620326954758,0.524304715840387
7986,0.8422,2,15,2,662690,13754,111082,15174,0.10893739703459637,0.5245436946902655
7987,0.8423,11,4,11,662694,13750,111093,15163,0.10890571537194271,0.5244353750907896
7988,0.8424,0,2,0,662696,13748,111093,15163,0.1088898745406159,0.5244716543876033
7989,0.8425,49,63,49,662759,13685,111142,15114,0.10839088835382081,0.524809889232265
7990,0.8426,1,0,1,662759,13685,111143,15113,0.10839088835382081,0.5247933884297521
7991,0.8427,9,6,9,662765,13679,111152,15104,0.10834336585984032,0.5247541951846576
7992,0.8428,1,3,1,662768,13676,111153,15103,0.10831960461285008,0.5247923833350707
7993,0.8429,0,4,0,662772,13672,111153,15103,0.10828792295019643,0.5248653344917463
7994,0.843,4,6,4,662778,13666,111157,15099,0.10824040045621594,0.5249087432643837
7995,0.8431,2,2,2,662780,13664,111159,15097,0.10822455962488911,0.5249122075032162
7996,0.8432,0,3,0,662783,13661,111159,15097,0.10820079837789887,0.5249669657138883
7997,0.8433,76,104,76,662887,13557,111235,15021,0.10737707514890381,0.5256141087549864
7998,0.8434,0,3,0,662890,13554,111235,15021,0.10735331390191358,0.5256692913385826
7999,0.8435,3,10,3,662900,13544,111238,15018,0.10727410974527943,0.5258035151600028
8000,0.8436,2,2,2,662902,13542,111240,15016,0.1072582689139526,0.5258071293507949
8001,0.8437,6,10,6,662912,13532,111246,15010,0.10717906475731846,0.525891668418471
8002,0.8438,2,8,2,662920,13524,111248,15008,0.10711570143201116,0.5260058881256133
8003,0.8439,5,5,5,662925,13519,111253,15003,0.10707609935369408,0.5260150059603114
8004,0.844,17,19,17,662944,13500,111270,14986,0.10692561145608921,0.5260829881345223
8005,0.8441,0,4,0,662948,13496,111270,14986,0.10689392979343557,0.5261568710062495
8006,0.8442,13,28,13,662976,13468,111283,14973,0.10667215815485996,0.5264582820575929
8007,0.8443,4,7,4,662983,13461,111287,14969,0.10661671524521607,0.5265212803376714
8008,0.8444,2,6,2,662989,13455,111289,14967,0.10656919275123558,0.5265991133628879
8009,0.8445,0,4,0,662993,13451,111289,14967,0.10653751108858193,0.5266732352734182
8010,0.8446,1,9,1,663002,13442,111290,14966,0.1064662273476112,0.5268234300197128
8011,0.8447,6,12,6,663014,13430,111296,14960,0.10637118235965023,0.5269461077844312
8012,0.8448,2,8,2,663022,13422,111298,14958,0.10630781903434293,0.527061310782241
8013,0.8449,0,3,0,663025,13419,111298,14958,0.10628405778735268,0.527117031398668
8014,0.845,152,177,152,663202,13242,111450,14806,0.1048821442149284,0.5278807758128922
8015,0.8451,3,0,3,663202,13242,111453,14803,0.1048821442149284,0.5278302727758959
8016,0.8452,3,4,3,663206,13238,111456,14800,0.10485046255227475,0.5278550538554818
8017,0.8453,3,7,3,663213,13231,111459,14797,0.10479501964263084,0.5279363493649208
8018,0.8454,1,6,1,663219,13225,111460,14796,0.10474749714865036,0.5280325470183077
8019,0.8455,4,9,4,663228,13216,111464,14792,0.10467621340767963,0.5281348186232505
8020,0.8456,1,1,1,663229,13215,111465,14791,0.10466829299201622,0.5281368278226094
8021,0.8457,4,8,4,663237,13207,111469,14787,0.10460492966670891,0.5282203329284847
8022,0.8458,14,13,14,663250,13194,111483,14773,0.10450196426308453,0.5282296992884471
8023,0.8459,0,1,0,663251,13193,111483,14773,0.10449404384742111,0.5282485875706214
8024,0.846,20,40,20,663291,13153,111503,14753,0.10417722722088456,0.5286676700351179
8025,0.8461,1,5,1,663296,13148,111504,14752,0.10413762514256748,0.5287455197132617
8026,0.8462,1,8,1,663304,13140,111505,14751,0.10407426181726016,0.5288802839625686
8027,0.8463,3,7,3,663311,13133,111508,14748,0.10401881890761627,0.5289623758114845
8028,0.8465,1,4,1,663315,13129,111509,14747,0.10398713724496261,0.5290213803989094
8029,0.8467,77,97,77,663412,13032,111586,14670,0.10321885692561146,0.5295646523716699
8030,0.8468,9,7,9,663419,13025,111595,14661,0.10316341401596756,0.529545618724265
8031,0.8469,1,1,1,663420,13024,111596,14660,0.10315549360030414,0.5295477532148534
8032,0.847,4,12,4,663432,13012,111600,14656,0.10306044861234318,0.5297094115946219
8033,0.8471,5,9,5,663441,13003,111605,14651,0.10298916487137245,0.529796774426846
8034,0.8472,1,1,1,663442,13002,111606,14650,0.10298124445570904,0.5297989295530161
8035,0.8473,7,14,7,663456,12988,111613,14643,0.10287035863642124,0.5299482465346893
8036,0.8474,0,1,0,663457,12987,111613,14643,0.10286243822075783,0.5299674267100977
8037,0.8475,42,50,42,663507,12937,111655,14601,0.10246641743758712,0.5302127968625172
8038,0.8476,1,1,1,663508,12936,111656,14600,0.10245849702192371,0.5302149912841372
8039,0.8477,4,3,4,663511,12933,111660,14596,0.10243473577493346,0.5302045116059428
8040,0.8478,1,9,1,663520,12924,111661,14595,0.10236345203396274,0.5303608416003488
8041,0.8479,0,3,0,663523,12921,111661,14595,0.1023396907869725,0.530418665503707
8042,0.848,14,22,14,663545,12899,111675,14581,0.1021654416423774,0.5306040756914119
8043,0.8481,4,0,4,663545,12899,111679,14577,0.1021654416423774,0.5305357402824283
8044,0.8482,5,6,5,663551,12893,111684,14572,0.10211791914839691,0.5305661751319861
8045,0.8483,36,50,36,663601,12843,111720,14536,0.1017218983652262,0.5309178567515249
8046,0.8484,1,1,1,663602,12842,111721,14535,0.10171397794956279,0.530920115425357
8047,0.8485,5,7,5,663609,12835,111726,14530,0.1016585350399189,0.530970217431025
8048,0.8486,2,3,2,663612,12832,111728,14528,0.10163477379292865,0.5309941520467836
8049,0.8487,5,9,5,663621,12823,111733,14523,0.10156349005195793,0.5310831565859724
8050,0.8488,0,3,0,663624,12820,111733,14523,0.10153972880496769,0.5311414255933877
8051,0.8489,2,1,2,663625,12819,111735,14521,0.10153180838930427,0.5311265544989027
8052,0.849,4,17,4,663642,12802,111739,14517,0.10139716132302623,0.5313884109960101
8053,0.8491,0,1,0,663643,12801,111739,14517,0.10138924090736282,0.5314078629475072
8054,0.8492,14,20,14,663663,12781,111753,14503,0.10123083259409454,0.5315569564579974
8055,0.8493,1,10,1,663673,12771,111754,14502,0.1011516284374604,0.5317346826531735
8056,0.8494,0,2,0,663675,12769,111754,14502,0.10113578760613356,0.53177367899967
8057,0.8495,4,7,4,663682,12762,111758,14498,0.10108034469648967,0.5318415260454878
8058,0.8496,2,2,2,663684,12760,111760,14496,0.10106450386516284,0.5318461990020545
8059,0.8497,3,7,3,663691,12753,111763,14493,0.10100906095551894,0.5319312926668135
8060,0.8498,2,7,2,663698,12746,111765,14491,0.10095361804587505,0.5320336307229137
8061,0.8499,0,1,0,663699,12745,111765,14491,0.10094569763021163,0.5320531649287707
8062,0.85,908,840,908,664539,11905,112673,13583,0.09429254847294385,0.5329174513496547
8063,0.8501,3,2,3,664541,11903,112676,13580,0.09427670764161704,0.5329042891339324
8064,0.8502,2,6,2,664547,11897,112678,13578,0.09422918514763655,0.5329931305201178
8065,0.8503,3,8,3,664555,11889,112681,13575,0.09416582182232923,0.5331055607917059
8066,0.8504,1,1,1,664556,11888,112682,13574,0.09415790140666583,0.5331081611813683
8067,0.8505,4,2,4,664558,11886,112686,13570,0.094142060575339,0.5330766813324953
8068,0.8507,4,12,4,664570,11874,112690,13566,0.09404701558737802,0.533254716981132
8069,0.8508,6,11,6,664581,11863,112696,13560,0.09395989101508047,0.5333752900916493
8070,0.8509,2,6,2,664587,11857,112698,13558,0.09391236852109999,0.5334644894747197
8071,0.851,11,14,11,664601,11843,112709,13547,0.0938014827018122,0.533556518314297
8072,0.8511,0,3,0,664604,11840,112709,13547,0.09377772145482195,0.5336195690707842
8073,0.8512,1,9,1,664613,11831,112710,13546,0.09370643771385122,0.5337904401623518
8074,0.8513,6,5,6,664618,11826,112716,13540,0.09366683563553416,0.5337853820074115
8075,0.8515,2,1,2,664619,11825,112718,13538,0.09365891521987074,0.5337696644718685
8076,0.8516,2,4,2,664623,11821,112720,13536,0.09362723355721708,0.5338170919272784
8077,0.8517,39,42,39,664665,11779,112759,13497,0.0932945760993537,0.5339848077227409
8078,0.8518,4,1,4,664666,11778,112763,13493,0.09328665568369028,0.5339321752206087
8079,0.8519,3,2,3,664668,11776,112766,13490,0.09327081485236345,0.5339191007678303
8080,0.852,8,11,8,664679,11765,112774,13482,0.0931836902800659,0.5340040400839704
8081,0.8521,1,1,1,664680,11764,112775,13481,0.09317576986440249,0.534006734006734
8082,0.8522,1,10,1,664690,11754,112776,13480,0.09309656570776835,0.5341998890385987
8083,0.8523,1,8,1,664698,11746,112777,13479,0.09303320238246103,0.5343508424182358
8084,0.8524,0,1,0,664699,11745,112777,13479,0.09302528196679762,0.534372026641294
8085,0.8525,27,44,27,664743,11701,112804,13452,0.0926767836776074,0.5348069812745995
8086,0.8526,0,3,0,664746,11698,112804,13452,0.09265302243061715,0.5348707753479125
8087,0.8527,14,14,14,664760,11684,112818,13438,0.09254213661132936,0.5349096409521535
8088,0.8528,5,6,5,664766,11678,112823,13433,0.09249461411734888,0.5349448448886942
8089,0.8529,3,6,3,664772,11672,112826,13430,0.0924470916233684,0.5350171301091546
8090,0.853,6,5,6,664777,11667,112832,13424,0.09240748954505132,0.5350125543023395
8091,0.8531,1,1,1,664778,11666,112833,13423,0.0923995691293879,0.5350153453704811
8092,0.8532,5,5,5,664783,11661,112838,13418,0.09235996705107084,0.5350293073886518
8093,0.8533,79,71,79,664854,11590,112917,13339,0.09179761753896845,0.5350796261382326
8094,0.8534,0,3,0,664857,11587,112917,13339,0.0917738562919782,0.535144026317901
8095,0.8535,3,5,3,664862,11582,112920,13336,0.09173425421366113,0.535195441046633
8096,0.8536,2,3,2,664865,11579,112922,13334,0.09171049296667089,0.535222574559467
8097,0.8537,4,8,4,664873,11571,112926,13330,0.09164712964136358,0.5353198666720212
8098,0.8538,0,3,0,664876,11568,112926,13330,0.09162336839437334,0.5353843682223471
8099,0.8539,2,3,2,664879,11565,112928,13328,0.09159960714738309,0.5354115614831478
8100,0.854,13,16,13,664895,11549,112941,13315,0.09147288049676847,0.5355131917631918
8101,0.8541,3,1,3,664896,11548,112944,13312,0.09146496008110505,0.535478680611424
8102,0.8542,8,18,8,664914,11530,112952,13304,0.09132239259916361,0.5357171619553838
8103,0.8543,8,15,8,664929,11515,112960,13296,0.0912035863642124,0.5358913385192052
8104,0.8544,0,1,0,664930,11514,112960,13296,0.09119566594854898,0.535912938331318
8105,0.8545,3,7,3,664937,11507,112963,13293,0.09114022303890508,0.536008064516129
8106,0.8546,0,4,0,664941,11503,112963,13293,0.09110854137625142,0.5360945313760284
8107,0.8547,3,6,3,664947,11497,112966,13290,0.09106101888227094,0.5361681526606689
8108,0.8548,5,8,5,664955,11489,112971,13285,0.09099765555696362,0.5362476790183257
8109,0.8549,3,3,3,664958,11486,112974,13282,0.0909738943099734,0.5362564599483204
8110,0.855,155,183,155,665141,11303,113129,13127,0.08952445824356862,0.537331150225133
8111,0.8551,1,3,1,665144,11300,113130,13126,0.08950069699657838,0.5373782035535904
8112,0.8552,3,7,3,665151,11293,113133,13123,0.08944525408693449,0.5374754259501966
8113,0.8553,3,6,3,665157,11287,113136,13120,0.089397731592954,0.5375507026672676
8114,0.8555,2,10,2,665167,11277,113138,13118,0.08931852743631986,0.5377331420373027
8115,0.8556,0,1,0,665168,11276,113138,13118,0.08931060702065645,0.537755185701402
8116,0.8557,3,8,3,665176,11268,113141,13115,0.08924724369534913,0.5378747488003938
8117,0.8558,11,16,11,665192,11252,113152,13104,0.0891205170447345,0.5380193792084086
8118,0.8559,0,2,0,665194,11250,113152,13104,0.08910467621340767,0.5380635624538064
8119,0.856,20,25,20,665219,11225,113172,13084,0.08890666582182233,0.5382368670039903
8120,0.8561,0,4,0,665223,11221,113172,13084,0.08887498415916867,0.5383254474387986
8121,0.8562,2,8,2,665231,11213,113174,13082,0.08881162083386136,0.5384647046717431
8122,0.8563,3,10,3,665241,11203,113177,13079,0.08873241667722723,0.5386294374433737
8123,0.8564,1,0,1,665241,11203,113178,13078,0.08873241667722723,0.5386104361434867
8124,0.8565,3,7,3,665248,11196,113181,13075,0.08867697376758332,0.5387087470643979
8125,0.8566,2,5,2,665253,11191,113183,13073,0.08863737168926625,0.5387817342565117
8126,0.8567,74,81,74,665334,11110,113257,12999,0.08799581802052972,0.539176241237712
8127,0.8568,2,7,2,665341,11103,113259,12997,0.08794037511088582,0.5392946058091286
8128,0.8569,0,2,0,665343,11101,113259,12997,0.08792453427955899,0.5393393642625944
8129,0.857,7,7,7,665350,11094,113266,12990,0.0878690913699151,0.5393622321873442
8130,0.8571,2,7,2,665357,11087,113268,12988,0.08781364846027119,0.5394807892004154
8131,0.8572,5,3,5,665360,11084,113273,12983,0.08778988721328096,0.5394523621556488
8132,0.8573,9,10,9,665370,11074,113282,12974,0.08771068305664681,0.5395043246839654
8133,0.8574,2,2,2,665372,11072,113284,12972,0.08769484222531998,0.5395108966894028
8134,0.8575,35,46,35,665418,11026,113319,12937,0.08733050310480293,0.5398739723740767
8135,0.8576,1,4,1,665422,11022,113320,12936,0.08729882144214929,0.5399449035812672
8136,0.8577,7,9,7,665431,11013,113327,12929,0.08722753770117855,0.5400133656336146
8137,0.8578,1,4,1,665435,11009,113328,12928,0.08719585603852491,0.540084388185654
8138,0.8579,3,3,3,665438,11006,113331,12925,0.08717209479153466,0.5400944381764239
8139,0.858,12,15,12,665453,10991,113343,12913,0.08705328855658345,0.5402024765729585
8140,0.8581,1,3,1,665456,10988,113344,12912,0.08702952730959321,0.5402510460251047
8141,0.8582,4,3,4,665459,10985,113348,12908,0.08700576606260296,0.5402419118570293
8142,0.8583,30,40,30,665499,10945,113378,12878,0.0866889494360664,0.5405700373588549
8143,0.8584,1,6,1,665505,10939,113379,12877,0.08664142694208592,0.540686933154182
8144,0.8585,3,10,3,665515,10929,113382,12874,0.08656222278545178,0.5408561945973197
8145,0.8586,2,5,2,665520,10924,113384,12872,0.0865226207071347,0.5409312489494033
8146,0.8587,3,3,3,665523,10921,113387,12869,0.08649885946014446,0.5409415720891131
8147,0.8588,1,7,1,665530,10914,113388,12868,0.08644341655050057,0.5410814902026743
8148,0.8589,0,2,0,665532,10912,113388,12868,0.08642757571917374,0.5411269974768713
8149,0.859,9,16,9,665548,10896,113397,12859,0.08630084906855912,0.5413176173437171
8150,0.8591,1,2,1,665550,10894,113398,12858,0.08628500823723229,0.5413438868305827
8151,0.8592,12,12,12,665562,10882,113410,12846,0.08618996324927132,0.541385704652731
8152,0.8593,6,6,6,665568,10876,113416,12840,0.08614244075529084,0.5414066453027492
8153,0.8595,1,2,1,665570,10874,113417,12839,0.08612659992396401,0.5414329692573694
8154,0.8596,1,4,1,665574,10870,113418,12838,0.08609491826131035,0.5415049772228784
8155,0.8597,1,4,1,665578,10866,113419,12837,0.0860632365986567,0.5415770155676497
8156,0.8598,2,4,2,665582,10862,113421,12835,0.08603155493600304,0.541629742161455
8157,0.8599,1,4,1,665586,10858,113422,12834,0.08599987327334939,0.5417018402836401
8158,0.86,829,753,829,666339,10105,114251,12005,0.08003580027879863,0.5429669832654908
8159,0.8601,1,4,1,666343,10101,114252,12004,0.08000411861614498,0.5430445600542864
8160,0.8602,3,11,3,666354,10090,114255,12001,0.07991699404384742,0.5432529084242451
8161,0.8603,4,7,4,666361,10083,114259,11997,0.07986155113420353,0.5433423913043478
8162,0.8604,2,0,2,666361,10083,114261,11995,0.07986155113420353,0.543301023643446
8163,0.8605,8,7,8,666368,10076,114269,11987,0.07980610822455962,0.5433078003897929
8164,0.8606,0,4,0,666372,10072,114269,11987,0.07977442656190598,0.5434063194161113
8165,0.8607,1,6,1,666378,10066,114270,11986,0.07972690406792549,0.5435334663522583
8166,0.8608,9,15,9,666393,10051,114279,11977,0.07960809783297428,0.5437170873433812
8167,0.8609,1,1,1,666394,10050,114280,11976,0.07960017741731086,0.5437210569327159
8168,0.861,9,8,9,666402,10042,114289,11967,0.07953681409200355,0.5437321095915307
8169,0.8611,1,2,1,666404,10040,114290,11966,0.07952097326067673,0.5437607925111333
8170,0.8612,1,3,1,666407,10037,114291,11965,0.07949721201368648,0.5438141987092082
8171,0.8613,1,6,1,666413,10031,114292,11964,0.07944968951970599,0.5439418049556718
8172,0.8614,3,3,3,666416,10028,114295,11961,0.07942592827271575,0.5439537950793578
8173,0.8615,1,6,1,666422,10022,114296,11960,0.07937840577873527,0.5440815212446547
8174,0.8616,1,1,1,666423,10021,114297,11959,0.07937048536307185,0.5440855323020928
8175,0.8617,36,39,36,666462,9982,114333,11923,0.07906158915219871,0.5443049532070303
8176,0.8618,6,5,6,666467,9977,114339,11917,0.07902198707388164,0.5443043756280259
8177,0.8619,0,2,0,666469,9975,114339,11917,0.07900614624255481,0.5443541019550521
8178,0.862,4,11,4,666480,9964,114343,11913,0.07891902167025726,0.5445444987886822
8179,0.8621,4,5,4,666485,9959,114347,11909,0.07887941959194018,0.5445856959941467
8180,0.8622,3,9,3,666494,9950,114350,11906,0.07880813585096946,0.5447474377745242
8181,0.8623,4,2,4,666496,9948,114354,11902,0.07879229501964263,0.5447139588100687
8182,0.8624,0,1,0,666497,9947,114354,11902,0.07878437460397922,0.5447388896517003
8183,0.8625,28,49,28,666546,9898,114382,11874,0.07839627423647193,0.5453793863678119
8184,0.8626,1,3,1,666549,9895,114383,11873,0.07837251298948168,0.545433664094083
8185,0.8627,7,14,7,666563,9881,114390,11866,0.07826162717019389,0.5456384788706489
8186,0.8628,4,7,4,666570,9874,114394,11862,0.07820618426055,0.5457305852042694
8187,0.8629,3,6,3,666576,9868,114397,11859,0.0781586617665695,0.5458185667602522
8188,0.863,9,9,9,666585,9859,114406,11850,0.07808737802559879,0.545856557188263
8189,0.8632,5,1,5,666586,9858,114411,11845,0.07807945760993537,0.5457770815094687
8190,0.8633,82,78,82,666664,9780,114493,11763,0.07746166518818907,0.5460242306085503
8191,0.8634,0,1,0,666665,9779,114493,11763,0.07745374477252566,0.5460495775693993
8192,0.8635,9,6,9,666671,9773,114502,11754,0.07740622227854518,0.5460119849491336
8193,0.8636,3,1,3,666672,9772,114505,11751,0.07739830186288177,0.5459740742461553
8194,0.8637,2,2,2,666674,9770,114507,11749,0.07738246103155494,0.5459826200102236
8195,0.8638,3,3,3,666677,9767,114510,11746,0.0773586997845647,0.545995444614884
8196,0.8639,0,5,0,666682,9762,114510,11746,0.07731909770624762,0.5461223730704854
8197,0.864,11,20,11,666702,9742,114521,11735,0.07716068939297935,0.5463984727848396
8198,0.8642,8,18,8,666720,9724,114529,11727,0.07701812191103789,0.5466878001025594
8199,0.8643,10,16,10,666736,9708,114539,11717,0.07689139526042327,0.5468844807467911
8200,0.8644,0,1,0,666737,9707,114539,11717,0.07688347484475985,0.5469100074682599
8201,0.8645,5,7,5,666744,9700,114544,11712,0.07682803193511595,0.5469830001868111
8202,0.8646,0,3,0,666747,9697,114544,11712,0.07680427068812572,0.5470596478116679
8203,0.8647,6,5,6,666752,9692,114550,11706,0.07676466860980864,0.5470604729413964
8204,0.8648,5,3,5,666755,9689,114555,11701,0.0767409073628184,0.5470313230481534
8205,0.8649,1,1,1,666756,9688,114556,11700,0.07673298694715498,0.5470357209650272
8206,0.865,156,157,156,666913,9531,114712,11544,0.07548948168799899,0.5477580071174377
8207,0.8651,1,2,1,666915,9529,114713,11543,0.07547364085667216,0.5477885345482156
8208,0.8652,0,3,0,666918,9526,114713,11543,0.07544987960968191,0.5478665337699938
8209,0.8653,3,5,3,666923,9521,114716,11540,0.07541027753136485,0.5479321969517117
8210,0.8654,1,0,1,666923,9521,114717,11539,0.07541027753136485,0.5479107312440645
8211,0.8655,3,11,3,666934,9510,114720,11536,0.07532315295906729,0.5481326617884633
8212,0.8656,1,0,1,666934,9510,114721,11535,0.07532315295906729,0.5481111903064861
8213,0.8657,6,11,6,666945,9499,114727,11529,0.07523602838676974,0.5482689747003995
8214,0.8658,10,25,10,666970,9474,114737,11519,0.07503801799518439,0.5487067117610632
8215,0.8659,2,6,2,666976,9468,114739,11517,0.0749904955012039,0.5488205861329521
8216,0.866,19,20,19,666996,9448,114758,11498,0.07483208718793562,0.548935357586174
8217,0.8661,1,2,1,666998,9446,114759,11497,0.0748162463566088,0.5489662417036719
8218,0.8662,5,5,5,667003,9441,114764,11492,0.07477664427829173,0.5489896335928917
8219,0.8663,3,2,3,667005,9439,114767,11489,0.0747608034469649,0.5489774464831805
8220,0.8665,1,9,1,667014,9430,114768,11488,0.07468951970599418,0.5491920833731714
8221,0.8666,2,1,2,667015,9429,114770,11486,0.07468159929033076,0.5491752330863017
8222,0.8667,70,102,70,667117,9327,114840,11416,0.07387371689266253,0.5503543364026419
8223,0.8668,4,3,4,667120,9324,114844,11412,0.07384995564567229,0.5503472222222222
8224,0.8669,1,0,1,667120,9324,114845,11411,0.07384995564567229,0.5503255365324331
8225,0.867,2,4,2,667124,9320,114847,11409,0.07381827398301863,0.5503883448309133
8226,0.8671,4,4,4,667128,9316,114851,11405,0.07378659232036497,0.5504077988514068
8227,0.8672,1,6,1,667134,9310,114852,11404,0.07373906982638449,0.5505455247658588
8228,0.8673,3,15,3,667149,9295,114855,11401,0.07362026359143328,0.5508793969849246
8229,0.8674,4,3,4,667152,9292,114859,11397,0.07359650234444304,0.5508724442940693
8230,0.8675,38,51,38,667203,9241,114897,11359,0.07319256114560892,0.5514077669902913
8231,0.8676,2,1,2,667204,9240,114899,11357,0.0731846407299455,0.5513909792688255
8232,0.8677,5,6,5,667210,9234,114904,11352,0.07313711823596503,0.5514427280676187
8233,0.8678,1,5,1,667215,9229,114905,11351,0.07309751615764795,0.5515549076773567
8234,0.8679,1,1,1,667216,9228,114906,11350,0.07308959574198454,0.551559918359413
8235,0.868,13,12,13,667228,9216,114919,11337,0.07299455075402357,0.5515983068165231
8236,0.8681,0,2,0,667230,9214,114919,11337,0.07297870992269674,0.551651987737823
8237,0.8682,4,3,4,667233,9211,114923,11333,0.0729549486757065,0.5516452492211839
8238,0.8683,23,37,23,667270,9174,114946,11310,0.07266189329616018,0.5521382542472173
8239,0.8684,0,2,0,667272,9172,114946,11310,0.07264605246483335,0.5521921687335222
8240,0.8685,0,1,0,667273,9171,114946,11310,0.07263813204916994,0.5522191299252966
8241,0.8686,1,4,1,667277,9167,114947,11309,0.07260645038651628,0.5523051377222113
8242,0.8687,2,2,2,667279,9165,114949,11307,0.07259060955518945,0.5523153575615475
8243,0.8688,3,2,3,667281,9163,114952,11304,0.07257476872386263,0.5523037084086578
8244,0.8689,1,1,1,667282,9162,114953,11303,0.07256684830819922,0.552308819936477
8245,0.869,6,14,6,667296,9148,114959,11297,0.07245596248891142,0.5525556370750795
8246,0.8691,0,4,0,667300,9144,114959,11297,0.07242428082625776,0.552663764003718
8247,0.8692,8,13,8,667313,9131,114967,11289,0.07232131542263338,0.5528403525954946
8248,0.8693,8,14,8,667327,9117,114975,11281,0.07221042960334559,0.5530444161192274
8249,0.8694,0,1,0,667328,9116,114975,11281,0.07220250918768217,0.5530715301269794
8250,0.8695,0,6,0,667334,9110,114975,11281,0.07215498669370168,0.5532342700210877
8251,0.8696,1,1,1,667335,9109,114976,11280,0.07214706627803827,0.553239491882878
8252,0.8697,3,3,3,667338,9106,114979,11277,0.07212330503104802,0.5532551636167394
8253,0.8698,4,6,4,667344,9100,114983,11273,0.07207578253706755,0.5533303882589702
8254,0.87,808,693,808,668037,8407,115791,10465,0.06658693448232163,0.5545252225519288
8255,0.8701,1,0,1,668037,8407,115792,10464,0.06658693448232163,0.5545016162365535
8256,0.8702,2,1,2,668038,8406,115794,10462,0.06657901406665821,0.5544837820648717
8257,0.8703,2,6,2,668044,8400,115796,10460,0.06653149157267774,0.5546129374337222
8258,0.8704,0,3,0,668047,8397,115796,10460,0.06650773032568749,0.5547011719785756
8259,0.8705,1,6,1,668053,8391,115797,10459,0.066460207831707,0.5548541114058355
8260,0.8706,1,1,1,668054,8390,115798,10458,0.06645228741604359,0.5548599320882852
8261,0.8707,3,11,3,668065,8379,115801,10455,0.06636516284374604,0.5551130933418286
8262,0.8708,8,22,8,668087,8357,115809,10447,0.06619091369915094,0.5555732822803658
8263,0.8709,2,2,2,668089,8355,115811,10445,0.0661750728678241,0.5555851063829788
8264,0.871,8,10,8,668099,8345,115819,10437,0.06609586871118997,0.5556916196358215
8265,0.8711,0,3,0,668102,8342,115819,10437,0.06607210746419973,0.5557803929921721
8266,0.8712,5,4,5,668106,8338,115824,10432,0.06604042580154607,0.5557805007991475
8267,0.8713,4,7,4,668113,8331,115828,10428,0.06598498289190216,0.5558931712777867
8268,0.8714,0,1,0,668114,8330,115828,10428,0.06597706247623876,0.5559228062693251
8269,0.8715,3,6,3,668120,8324,115831,10425,0.06592953998225827,0.5560296549149288
8270,0.8716,1,0,1,668120,8324,115832,10424,0.06592953998225827,0.5560059739705568
8271,0.8717,30,41,30,668161,8283,115862,10394,0.0656048029400583,0.5565133586764469
8272,0.8718,1,3,1,668164,8280,115863,10393,0.06558104169306805,0.5565790178332352
8273,0.8719,1,2,1,668166,8278,115864,10392,0.06556520086174122,0.5566148901981789
8274,0.872,16,16,16,668182,8262,115880,10376,0.0654384742111266,0.5567120935722717
8275,0.8721,0,1,0,668183,8261,115880,10376,0.06543055379546318,0.5567419649085154
8276,0.8722,1,3,1,668186,8258,115881,10375,0.06540679254847294,0.5568078140932754
8277,0.8723,4,1,4,668187,8257,115885,10371,0.06539887213280952,0.5567425381146661
8278,0.8724,0,3,0,668190,8254,115885,10371,0.0653751108858193,0.5568322147651007
8279,0.8725,22,36,22,668226,8218,115907,10349,0.06508997592193638,0.5573867614585016
8280,0.8726,0,3,0,668229,8215,115907,10349,0.06506621467494614,0.5574768368886016
8281,0.8727,3,8,3,668237,8207,115910,10346,0.06500285134963883,0.5576456637740527
8282,0.8728,1,3,1,668240,8204,115911,10345,0.06497909010264859,0.5577120060380614
8283,0.8729,1,1,1,668241,8203,115912,10344,0.06497116968698517,0.5577182293632393
8284,0.873,5,8,5,668249,8195,115917,10339,0.06490780636167787,0.5578396460558973
8285,0.8731,1,0,1,668249,8195,115918,10338,0.06490780636167787,0.557815788053742
8286,0.8732,4,4,4,668253,8191,115922,10334,0.0648761246990242,0.5578407557354926
8287,0.8733,53,68,53,668321,8123,115975,10281,0.06433753643391205,0.5586285590089111
8288,0.8735,5,7,5,668328,8116,115980,10276,0.06428209352426816,0.558721183123097
8289,0.8736,0,1,0,668329,8115,115980,10276,0.06427417310860474,0.5587515632646403
8290,0.8737,2,2,2,668331,8113,115982,10274,0.06425833227727791,0.5587643443737423
8291,0.8738,2,3,2,668334,8110,115984,10272,0.06423457103028767,0.5588075291045588
8292,0.8739,0,1,0,668335,8109,115984,10272,0.06422665061462425,0.5588379304716827
8293,0.874,8,15,8,668350,8094,115992,10264,0.06410784437967304,0.5591022987253513
8294,0.8742,9,17,9,668367,8077,116001,10255,0.06397319731339501,0.5594043203142046
8295,0.8743,3,3,3,668370,8074,116004,10252,0.06394943606640477,0.5594237695078031
8296,0.8744,0,1,0,668371,8073,116004,10252,0.06394151565074135,0.5594542974079126
8297,0.8745,4,1,4,668372,8072,116008,10248,0.06393359523507794,0.5593886462882096
8298,0.8746,1,1,1,668373,8071,116009,10247,0.06392567481941452,0.559395130472759
8299,0.8747,1,6,1,668379,8065,116010,10246,0.06387815232543403,0.5595543662279504
8300,0.8748,1,4,1,668383,8061,116011,10245,0.06384647066278039,0.5596525729269092
8301,0.875,142,144,142,668527,7917,116153,10103,0.06270593080724876,0.5606548279689234
8302,0.8751,1,1,1,668528,7916,116154,10102,0.06269801039158535,0.5606615606615607
8303,0.8752,1,7,1,668535,7909,116155,10101,0.06264256748194146,0.5608550805108273
8304,0.8753,8,13,8,668548,7896,116163,10093,0.06253960207831707,0.5610650953360387
8305,0.8754,2,0,2,668548,7896,116165,10091,0.06253960207831707,0.5610162895424473
8306,0.8755,4,6,4,668554,7890,116169,10087,0.062492079584336585,0.5611058574845637
8307,0.8756,0,1,0,668555,7889,116169,10087,0.06248415916867317,0.5611370716510904
8308,0.8757,7,8,7,668563,7881,116176,10080,0.06242079584336586,0.5612159679305161
8309,0.8758,11,19,11,668582,7862,116187,10069,0.062270307945760994,0.5615414645028164
8310,0.8759,1,1,1,668583,7861,116188,10068,0.06226238753009758,0.5615483295220035
8311,0.876,14,10,14,668593,7851,116202,10054,0.06218318337346344,0.5615191287349902
8312,0.8761,0,1,0,668594,7850,116202,10054,0.06217526295780003,0.561550491510277
8313,0.8762,4,6,4,668600,7844,116206,10050,0.06212774046381954,0.5616407734436124
8314,0.8763,2,4,2,668604,7840,116208,10048,0.062096058801165886,0.5617173524150268
8315,0.8764,3,1,3,668605,7839,116211,10045,0.06208813838550247,0.5616752404383807
8316,0.8765,1,4,1,668609,7835,116212,10044,0.06205645672284882,0.5617763857038984
8317,0.8767,61,60,61,668669,7775,116273,9983,0.06158123178304398,0.5621691631940534
8318,0.8768,0,4,0,668673,7771,116273,9983,0.06154955012039032,0.562295820660133
8319,0.877,7,4,7,668677,7767,116280,9976,0.061517868457736664,0.5622499013695542
8320,0.8771,3,8,3,668685,7759,116283,9973,0.06145450513242935,0.5624295059778931
8321,0.8772,2,3,2,668688,7756,116285,9971,0.06143074388543911,0.5624753201331303
8322,0.8773,3,5,3,668693,7751,116288,9968,0.06139114180712204,0.5625599638805802
8323,0.8774,2,6,2,668699,7745,116290,9966,0.061343619313141556,0.56270114618034
8324,0.8775,30,25,30,668724,7720,116320,9936,0.061145608921556203,0.5627548708654282
8325,0.8776,1,1,1,668725,7719,116321,9935,0.06113768850589279,0.5627619802877535
8326,0.8777,1,10,1,668735,7709,116322,9934,0.061058484349258646,0.5630561695856714
8327,0.8778,2,5,2,668740,7704,116324,9932,0.06101888227094158,0.563166250850533
8328,0.878,16,12,16,668752,7692,116340,9916,0.06092383728298061,0.5631531122217174
8329,0.8781,0,1,0,668753,7691,116340,9916,0.0609159168673172,0.5631850968364855
8330,0.8782,3,1,3,668754,7690,116343,9913,0.06090799645165378,0.5631426461398625
8331,0.8783,19,29,19,668783,7661,116362,9894,0.06067830439741478,0.563600113927656
8332,0.8784,0,2,0,668785,7659,116362,9894,0.06066246356608795,0.5636643308836097
8333,0.8785,5,6,5,668791,7653,116367,9889,0.060614941072107464,0.5637327556721012
8334,0.8786,0,4,0,668795,7649,116367,9889,0.06058325940945381,0.5638613296841145
8335,0.8787,2,4,2,668799,7645,116369,9887,0.06055157774680015,0.5639402235911476
8336,0.8788,2,2,2,668801,7643,116371,9885,0.06053573691547332,0.5639548151528982
8337,0.8789,2,1,2,668802,7642,116373,9883,0.06052781649980991,0.5639372325249643
8338,0.879,5,4,5,668806,7638,116378,9878,0.060496134837156254,0.5639415391641928
8339,0.8791,1,2,1,668808,7636,116379,9877,0.060480294005829424,0.5639810426540285
8340,0.8792,8,20,8,668828,7616,116387,9869,0.060321885692561146,0.564426651415499
8341,0.8793,4,8,4,668836,7608,116391,9865,0.06025852236725383,0.5645853602701311
8342,0.8794,1,1,1,668837,7607,116392,9864,0.06025060195159042,0.5645927537061416
8343,0.8795,2,3,2,668840,7604,116394,9862,0.06022684070460018,0.5646398717508302
8344,0.8796,1,4,1,668844,7600,116395,9861,0.06019515904194652,0.5647442872687704
8345,0.8797,2,3,2,668847,7597,116397,9859,0.060171397794956276,0.5647914757103575
8346,0.8798,5,4,5,668851,7593,116402,9854,0.06013971613230262,0.5647962400412678
8347,0.8799,1,1,1,668852,7592,116403,9853,0.06013179571663921,0.5648036686729722
8348,0.88,782,606,782,669458,6986,117185,9071,0.05533202382461032,0.5649249548483527
8349,0.8801,2,3,2,669461,6983,117187,9069,0.055308262577620074,0.5649763269374533
8350,0.8802,1,1,1,669462,6982,117188,9068,0.05530034216195666,0.5649844236760124
8351,0.8803,1,6,1,669468,6976,117189,9067,0.055252819667976176,0.5651686093623387
8352,0.8804,0,2,0,669470,6974,117189,9067,0.055236978836649346,0.565239074870644
8353,0.8805,1,2,1,669472,6972,117190,9066,0.055221138005322516,0.565282454171343
8354,0.8806,0,1,0,669473,6971,117190,9066,0.05521321758965911,0.5653177028122467
8355,0.8807,3,4,3,669477,6967,117193,9063,0.05518153592700545,0.5653774173424828
8356,0.8808,15,9,15,669486,6958,117208,9048,0.05511025218603472,0.5652880169936274
8357,0.8809,0,1,0,669487,6957,117208,9048,0.055102331770371306,0.5653233364573571
8358,0.881,11,16,11,669503,6941,117219,9037,0.05497560511975669,0.5655901865064463
8359,0.8811,0,3,0,669506,6938,117219,9037,0.05495184387276644,0.565696400625978
8360,0.8812,5,0,5,669506,6938,117224,9032,0.05495184387276644,0.565560425798372
8361,0.8813,2,6,2,669512,6932,117226,9030,0.05490432137878596,0.5657185816313746
8362,0.8814,2,2,2,669514,6930,117228,9028,0.05488848054745913,0.56573505451811
8363,0.8815,6,3,6,669517,6927,117234,9022,0.054864719300468885,0.5656780989403725
8364,0.8817,22,25,22,669542,6902,117256,9000,0.05466670890888354,0.5659665450886681
8365,0.8818,1,4,1,669546,6898,117257,8999,0.05463502724622988,0.5660816506259042
8366,0.8819,0,1,0,669547,6897,117257,8999,0.05462710683056647,0.5661172622043281
8367,0.882,11,14,11,669561,6883,117268,8988,0.05451622101127867,0.5663159221221095
8368,0.8821,1,6,1,669567,6877,117269,8987,0.054468698517298186,0.5665027735753908
8369,0.8822,1,3,1,669570,6874,117270,8986,0.05444493727030795,0.5665825977301387
8370,0.8823,1,1,1,669571,6873,117271,8985,0.054437016854644533,0.5665909950813469
8371,0.8824,2,1,2,669572,6872,117273,8983,0.05442909643898112,0.566572059287291
8372,0.8825,23,27,23,669599,6845,117296,8960,0.05421524521606894,0.566909205947485
8373,0.8826,1,1,1,669600,6844,117297,8959,0.05420732480040553,0.5669176738593937
8374,0.8827,3,7,3,669607,6837,117300,8956,0.05415188189076163,0.5670866839739125
8375,0.8828,0,1,0,669608,6836,117300,8956,0.054143961475098215,0.5671225937183384
8376,0.8829,0,2,0,669610,6834,117300,8956,0.054128120643771385,0.5671944268524383
8377,0.883,3,7,3,669617,6827,117303,8953,0.05407267773412749,0.5673637515842839
8378,0.8831,0,1,0,669618,6826,117303,8953,0.05406475731846407,0.5673997084732872
8379,0.8832,1,5,1,669623,6821,117304,8952,0.054025155240147005,0.5675521460724022
8380,0.8833,65,61,65,669684,6760,117369,8887,0.05354200988467875,0.5679683006327092
8381,0.8834,0,1,0,669685,6759,117369,8887,0.053534089469015333,0.5680046018151604
8382,0.8835,2,5,2,669690,6754,117371,8885,0.053494487390698266,0.5681309546646205
8383,0.8836,2,0,2,669690,6754,117373,8883,0.053494487390698266,0.5680757178486922
8384,0.8837,1,2,1,669692,6752,117374,8882,0.053478646559371436,0.5681207624408341
8385,0.8838,5,2,5,669694,6750,117379,8877,0.053462805728044606,0.5680552889230178
8386,0.8839,4,2,4,669696,6748,117383,8873,0.05344696489671778,0.5680174124575892
8387,0.884,10,14,10,669710,6734,117393,8863,0.05333607907742998,0.568250304545746
8388,0.8841,1,1,1,669711,6733,117394,8862,0.05332815866176657,0.5682590573901891
8389,0.8842,6,12,6,669723,6721,117400,8856,0.0532331136738056,0.5685305257751814
8390,0.8843,4,4,4,669727,6717,117404,8852,0.05320143201115195,0.568565739610765
8391,0.8844,0,2,0,669729,6715,117404,8852,0.05318559117982512,0.5686387871780048
8392,0.8845,1,6,1,669735,6709,117405,8851,0.053138068685844635,0.5688303341902313
8393,0.8846,0,2,0,669737,6707,117405,8851,0.053122227854517805,0.5689034580280242
8394,0.8847,4,5,4,669742,6702,117409,8847,0.05308262577620074,0.5689754968165155
8395,0.8848,3,6,3,669748,6696,117412,8844,0.053035103282220254,0.5691119691119692
8396,0.885,111,113,111,669861,6583,117523,8733,0.05214009631225447,0.5701880386523897
8397,0.8851,1,1,1,669862,6582,117524,8732,0.052132175896591054,0.5701972051717383
8398,0.8852,0,7,0,669869,6575,117524,8732,0.052076732986947157,0.5704579604102699
8399,0.8853,4,4,4,669873,6571,117528,8728,0.0520450513242935,0.5704948035819335
8400,0.8854,3,6,3,669879,6565,117531,8725,0.051997528830313014,0.5706344015696534
8401,0.8855,2,5,2,669884,6560,117533,8723,0.051957926751995946,0.5707649021788915
8402,0.8856,0,2,0,669886,6558,117533,8723,0.051942085920669116,0.5708396047379098
8403,0.8857,3,3,3,669889,6555,117536,8720,0.05191832467367887,0.5708674304418986
8404,0.8858,8,16,8,669905,6539,117544,8712,0.05179159802306425,0.5712412300832732
8405,0.8859,0,3,0,669908,6536,117544,8712,0.05176783677607401,0.5713536201469045
8406,0.886,12,16,12,669924,6520,117556,8700,0.05164111012545938,0.5716162943495401
8407,0.8861,0,1,0,669925,6519,117556,8700,0.05163318970979597,0.5716538537354623
8408,0.8862,5,5,5,669930,6514,117561,8695,0.0515935876314789,0.5717009665329739
8409,0.8863,3,1,3,669931,6513,117564,8692,0.051585667215815485,0.5716540611640908
8410,0.8864,0,3,0,669934,6510,117564,8692,0.05156190596882525,0.5717668727798974
8411,0.8865,4,0,4,669934,6510,117568,8688,0.05156190596882525,0.5716541650217134
8412,0.8866,0,3,0,669937,6507,117568,8688,0.051538144721835,0.5717670286278381
8413,0.8867,58,57,58,669994,6450,117626,8630,0.051086681029020406,0.5722811671087533
8414,0.8868,1,3,1,669997,6447,117627,8629,0.05106291978203016,0.5723666755107456
8415,0.8869,1,0,1,669997,6447,117628,8628,0.05106291978203016,0.5723383084577115
8416,0.887,8,4,8,670001,6443,117636,8620,0.05103123811937651,0.5722631613888336
8417,0.8871,1,1,1,670002,6442,117637,8619,0.05102331770371309,0.5722727574530244
8418,0.8872,2,2,2,670004,6440,117639,8617,0.05100747687238626,0.5722919572291957
8419,0.8873,9,7,9,670011,6433,117648,8608,0.050952033962742366,0.5723023735123994
8420,0.8875,32,30,32,670041,6403,117680,8576,0.050714421492839945,0.572534882168369
8421,0.8876,0,4,0,670045,6399,117680,8576,0.050682739830186285,0.5726878130217028
8422,0.8877,1,9,1,670054,6390,117681,8575,0.050611456089215565,0.5730036752422318
8423,0.8878,3,5,3,670059,6385,117684,8572,0.05057185401089849,0.5731095807982884
8424,0.8879,1,3,1,670062,6382,117685,8571,0.05054809276390825,0.573196014177757
8425,0.888,5,7,5,670069,6375,117690,8566,0.050492649854264354,0.5733217321464427
8426,0.8882,2,4,2,670073,6371,117692,8564,0.050460968191610694,0.5734181452962839
8427,0.8883,25,19,25,670092,6352,117717,8539,0.05031048029400583,0.573433617621382
8428,0.8885,5,5,5,670097,6347,117722,8534,0.050270878215688757,0.5734829648545124
8429,0.8886,0,9,0,670106,6338,117722,8534,0.050199594474718036,0.5738300161377085
8430,0.8887,0,8,0,670114,6330,117722,8534,0.05013623114941072,0.5741388589881593
8431,0.8888,4,4,4,670118,6326,117726,8530,0.05010454948675706,0.5741787829833064
8432,0.8889,1,0,1,670118,6326,117727,8529,0.05010454948675706,0.5741501178054527
8433,0.889,7,0,7,670118,6326,117734,8522,0.05010454948675706,0.5739493534482759
8434,0.8891,2,2,2,670120,6324,117736,8520,0.050088708655430234,0.5739692805173807
8435,0.8892,8,6,8,670126,6318,117744,8512,0.05004118616144975,0.5739716790289953
8436,0.8893,5,7,5,670133,6311,117749,8507,0.04998574325180585,0.5740990687002294
8437,0.8895,2,8,2,670141,6303,117751,8505,0.04992237992649854,0.5743517017828201
8438,0.8896,1,5,1,670146,6298,117752,8504,0.04988277784818147,0.5745169571679503
8439,0.8897,3,4,3,670150,6294,117755,8501,0.04985109618552782,0.5745860087867523
8440,0.8899,2,3,2,670153,6291,117757,8499,0.049827334938537575,0.5746450304259635
8441,0.89,720,562,720,670715,5729,118477,7779,0.045376061335698895,0.575880959431448
8442,0.8901,0,1,0,670716,5728,118477,7779,0.04536814092003549,0.5759235951728733
8443,0.8902,5,6,5,670722,5722,118482,7774,0.045320618426055,0.5760225251926496
8444,0.8903,1,3,1,670725,5719,118483,7773,0.04529685717906476,0.5761191817373258
8445,0.8905,2,2,2,670727,5717,118485,7771,0.04528101634773793,0.5761417556346382
8446,0.8906,0,4,0,670731,5713,118485,7771,0.045249334685084276,0.5763126668644319
8447,0.8907,3,5,3,670736,5708,118488,7768,0.0452097326067672,0.5764321757197982
8448,0.8908,16,5,16,670741,5703,118504,7752,0.045170130528450134,0.5761426978818284
8449,0.8909,0,2,0,670743,5701,118504,7752,0.045154289697123304,0.5762283505537799
8450,0.891,8,2,8,670745,5699,118512,7744,0.045138448865796474,0.5760618909469613
8451,0.8911,1,3,1,670748,5696,118513,7743,0.045114687618806236,0.5761589403973509
8452,0.8912,2,3,2,670751,5693,118515,7741,0.04509092637181599,0.5762245049873456
8453,0.8913,4,3,4,670754,5690,118519,7737,0.04506716512482575,0.5762270052878529
8454,0.8914,1,2,1,670756,5688,118520,7736,0.04505132429349892,0.5762812872467223
8455,0.8915,4,3,4,670759,5685,118524,7732,0.04502756304650868,0.5762838190355519
8456,0.8916,0,4,0,670763,5681,118524,7732,0.044995881383855026,0.5764556773279654
8457,0.8917,12,30,12,670793,5651,118536,7720,0.044758268913952605,0.5773689327649391
8458,0.8918,1,5,1,670798,5646,118537,7719,0.04471866683563554,0.5775533108866442
8459,0.8919,2,6,2,670804,5640,118539,7717,0.04467114434165505,0.5777494946470015
8460,0.892,4,4,4,670808,5636,118543,7713,0.044639462679001395,0.5777960895947262
8461,0.8921,3,1,3,670809,5635,118546,7710,0.04463154226333798,0.5777444735856125
8462,0.8922,5,5,5,670814,5630,118551,7705,0.04459194018502091,0.5778027746531683
8463,0.8923,4,5,4,670819,5625,118555,7701,0.04455233810670384,0.5778928410625844
8464,0.8925,24,24,24,670843,5601,118579,7677,0.044362248130781906,0.578174423859015
8465,0.8926,0,2,0,670845,5599,118579,7677,0.044346407299455076,0.578261524555589
8466,0.8927,3,7,3,670852,5592,118582,7674,0.04429096438981118,0.5784712799638173
8467,0.8928,0,1,0,670853,5591,118582,7674,0.044283043974147764,0.5785148888051262
8468,0.8929,1,3,1,670856,5588,118583,7673,0.04425928272715752,0.5786139808460901
8469,0.893,2,6,2,670862,5582,118585,7671,0.044211760233177036,0.5788123443748585
8470,0.8932,2,7,2,670869,5575,118587,7669,0.04415631732353314,0.5790546662639686
8471,0.8933,61,46,61,670915,5529,118648,7608,0.04379197820301609,0.5791276547156885
8472,0.8934,2,6,2,670921,5523,118650,7606,0.04374445570903561,0.5793282047376038
8473,0.8935,3,9,3,670930,5514,118653,7603,0.04367317196806488,0.5796294884501029
8474,0.8937,1,5,1,670935,5509,118654,7602,0.043633569889747814,0.5798184730379071
8475,0.8938,0,6,0,670941,5503,118654,7602,0.04358604739576733,0.5800839374284624
8476,0.8939,0,2,0,670943,5501,118654,7602,0.0435702065644405,0.5801724795848279
8477,0.894,12,10,12,670953,5491,118666,7590,0.04349100240780636,0.5802308691996024
8478,0.8941,1,3,1,670956,5488,118667,7589,0.04346724116081612,0.5803318804007035
8479,0.8942,6,5,6,670961,5483,118673,7583,0.043427639082499046,0.5803612429205571
8480,0.8943,3,7,3,670968,5476,118676,7580,0.04337219617285515,0.5805759803921569
8481,0.8944,0,1,0,670969,5475,118676,7580,0.04336427575719174,0.5806204519341248
8482,0.8945,0,2,0,670971,5473,118676,7580,0.04334843492586491,0.5807094154600475
8483,0.8946,1,0,1,670971,5473,118677,7579,0.04334843492586491,0.5806772908366534
8484,0.8947,1,3,1,670974,5470,118678,7578,0.043324673678874666,0.5807786633966892
8485,0.8948,7,5,7,670979,5465,118685,7571,0.0432850716005576,0.5807763117520712
8486,0.8949,3,2,3,670981,5463,118688,7568,0.04326923076923077,0.5807689356150717
8487,0.895,107,114,107,671095,5349,118795,7461,0.04236630338360157,0.5824355971896955
8488,0.8951,0,2,0,671097,5347,118795,7461,0.042350462552274745,0.582526545908807
8489,0.8952,3,1,3,671098,5346,118798,7458,0.04234254213661133,0.5824742268041238
8490,0.8953,5,3,5,671101,5343,118803,7453,0.042318780889621085,0.5824476398874648
8491,0.8954,1,2,1,671103,5341,118804,7452,0.04230294005829426,0.582506058000469
8492,0.8955,2,6,2,671109,5335,118806,7450,0.04225541756431377,0.5827141181071568
8493,0.8956,2,1,2,671110,5334,118808,7448,0.04224749714865036,0.5826944140197152
8494,0.8957,5,2,5,671112,5332,118813,7443,0.042231656317323535,0.5826223091976517
8495,0.8958,6,10,6,671122,5322,118819,7437,0.04215245216068939,0.5828826710557253
8496,0.8959,1,2,1,671124,5320,118820,7436,0.04213661132936256,0.5829413609281907
8497,0.896,13,12,13,671136,5308,118833,7423,0.0420415663414016,0.5830649595475611
8498,0.8961,1,1,1,671137,5307,118834,7422,0.04203364592573818,0.5830780108413858
8499,0.8962,5,5,5,671142,5302,118839,7417,0.041994043847421114,0.5831433288780564
8500,0.8963,2,2,2,671144,5300,118841,7415,0.041978203016094284,0.5831694848604011
8501,0.8965,1,1,1,671145,5299,118842,7414,0.04197028260043087,0.5831825690238339
8502,0.8967,47,55,47,671200,5244,118889,7367,0.0415346597389431,0.5841725477757513
8503,0.8968,2,3,2,671203,5241,118891,7365,0.04151089849195286,0.5842455973346026
8504,0.8969,4,0,4,671203,5241,118895,7361,0.04151089849195286,0.5841136327567052
8505,0.897,4,5,4,671208,5236,118899,7357,0.04147129641363579,0.5842134519177321
8506,0.8971,3,3,3,671211,5233,118902,7354,0.041447535166645545,0.5842535949789466
8507,0.8972,1,3,1,671214,5230,118903,7353,0.0414237739196553,0.5843598505920686
8508,0.8973,2,4,2,671218,5226,118905,7351,0.04139209225700165,0.5844796056293233
8509,0.8974,0,2,0,671220,5224,118905,7351,0.04137625142567482,0.5845725646123261
8510,0.8975,27,32,27,671252,5192,118932,7324,0.041122798124445574,0.5851709811441355
8511,0.8976,1,1,1,671253,5191,118933,7323,0.04111487770878216,0.5851845932555538
8512,0.8977,5,5,5,671258,5186,118938,7318,0.041075275630465084,0.5852527191298784
8513,0.8978,1,5,1,671263,5181,118939,7317,0.041035673552148016,0.585453672587614
8514,0.8979,1,0,1,671263,5181,118940,7316,0.041035673552148016,0.5854205009202208
8515,0.898,10,7,10,671270,5174,118950,7306,0.04098023064250412,0.5854166666666667
8516,0.8981,1,2,1,671272,5172,118951,7305,0.04096438981117729,0.585477278191873
8517,0.8982,5,5,5,671277,5167,118956,7300,0.04092478773286022,0.5855458410202936
8518,0.8983,14,18,14,671295,5149,118970,7286,0.040782220250918766,0.5859268194611982
8519,0.8984,2,2,2,671297,5147,118972,7284,0.04076637941959194,0.585954468667042
8520,0.8985,4,7,4,671304,5140,118976,7280,0.040710936509948045,0.5861513687600645
8521,0.8986,2,4,2,671308,5136,118978,7278,0.040679254847294385,0.5862735621072982
8522,0.8987,3,6,3,671314,5130,118981,7275,0.0406317323533139,0.5864570737605804
8523,0.8988,1,3,1,671317,5127,118982,7274,0.04060797110632366,0.5865655995484235
8524,0.8989,0,1,0,671318,5126,118982,7274,0.04060005069066024,0.5866129032258065
8525,0.899,1,4,1,671322,5122,118983,7273,0.04056836902800659,0.5867688584106494
8526,0.8991,0,1,0,671323,5121,118983,7273,0.040560448612343175,0.5868162013877682
8527,0.8992,6,5,6,671328,5116,118989,7267,0.04052084653402611,0.5868529435516434
8528,0.8993,5,5,5,671333,5111,118994,7262,0.04048124445570903,0.5869231390931868
8529,0.8994,2,1,2,671334,5110,118996,7260,0.040473324040045625,0.5869037995149555
8530,0.8996,1,3,1,671337,5107,118997,7259,0.04044956279305538,0.5870127769691088
8531,0.8997,0,1,0,671338,5106,118997,7259,0.040441642377391965,0.5870602507076426
8532,0.8998,2,3,2,671341,5103,118999,7257,0.04041788113040173,0.587135922330097
8533,0.9,671,466,671,671807,4637,119670,6586,0.03672696743125079,0.586830615699902
8534,0.9002,1,1,1,671808,4636,119671,6585,0.036719047015587376,0.5868460921486498
8535,0.9003,5,2,5,671810,4634,119676,6580,0.03670320618426055,0.5867665418227216
8536,0.9005,5,2,5,671812,4632,119681,6575,0.036687365352933723,0.5866868921209958
8537,0.9007,3,4,3,671816,4628,119684,6572,0.036655683690280064,0.5867857142857142
8538,0.9008,12,5,12,671821,4623,119696,6560,0.036616081611962996,0.5866046677993383
8539,0.901,3,7,3,671828,4616,119699,6557,0.0365606387023191,0.586861183209523
8540,0.9011,1,0,1,671828,4616,119700,6556,0.0365606387023191,0.5868242033655567
8541,0.9012,1,2,1,671830,4614,119701,6555,0.03654479787099227,0.5868922911630405
8542,0.9013,1,5,1,671835,4609,119702,6554,0.0365051957926752,0.5871181582012004
8543,0.9014,0,3,0,671838,4606,119702,6554,0.036481434545684956,0.5872759856630825
8544,0.9015,4,4,4,671842,4602,119706,6550,0.0364497528830313,0.587338593974175
8545,0.9017,17,18,17,671860,4584,119723,6533,0.03630718540108985,0.5876585409732842
8546,0.9018,0,3,0,671863,4581,119723,6533,0.03628342415409961,0.5878171675364405
8547,0.9019,0,2,0,671865,4579,119723,6533,0.03626758332277278,0.587922966162707
8548,0.902,7,4,7,671869,4575,119730,6526,0.03623590166011912,0.5878749662192595
8549,0.9021,0,2,0,671871,4573,119730,6526,0.0362200608287923,0.5879808991801063
8550,0.9022,4,2,4,671873,4571,119734,6522,0.03620421999746547,0.5879383394933742
8551,0.9023,0,4,0,671877,4567,119734,6522,0.036172538334811814,0.5881504193344756
8552,0.9024,1,1,1,671878,4566,119735,6521,0.0361646179191484,0.5881663209163885
8553,0.9025,23,23,23,671901,4543,119758,6498,0.035982448358889876,0.5885336473145548
8554,0.9026,0,1,0,671902,4542,119758,6498,0.03597452794322646,0.5885869565217391
8555,0.9027,3,1,3,671903,4541,119761,6495,0.035966607527563046,0.5885284523378036
8556,0.9028,1,5,1,671908,4536,119762,6494,0.03592700544924598,0.5887579329102448
8557,0.9029,1,2,1,671910,4534,119763,6493,0.03591116461791915,0.5888274235966264
8558,0.903,6,5,6,671915,4529,119769,6487,0.03587156253960208,0.5888707334785767
8559,0.9032,3,3,3,671918,4526,119772,6484,0.035847801292611836,0.5889191643960037
8560,0.9033,35,39,35,671957,4487,119807,6449,0.03553890508173869,0.5897037307973665
8561,0.9034,1,1,1,671958,4486,119808,6448,0.03553098466607527,0.5897201390159137
8562,0.9035,3,5,3,671963,4481,119811,6445,0.035491382587758205,0.5898773567636829
8563,0.9036,0,1,0,671964,4480,119811,6445,0.03548346217209479,0.5899313501144164
8564,0.9037,0,1,0,671965,4479,119811,6445,0.035475541756431375,0.5899853533504211
8565,0.9038,1,2,1,671967,4477,119812,6444,0.03545970092510455,0.5900558556908708
8566,0.9039,2,0,2,671967,4477,119814,6442,0.03545970092510455,0.5899807674695485
8567,0.904,12,13,12,671980,4464,119826,6430,0.035356735521480165,0.5902331558656141
8568,0.9042,7,13,7,671993,4451,119833,6423,0.035253770117855784,0.5906750045981239
8569,0.9043,0,7,0,672000,4444,119833,6423,0.03519832720821189,0.5910554890954265
8570,0.9044,2,2,2,672002,4442,119835,6421,0.03518248637688506,0.5910890177667311
8571,0.9045,4,6,4,672008,4436,119839,6417,0.035134963882904574,0.591265087994103
8572,0.9047,3,3,3,672011,4433,119842,6414,0.035111202635914336,0.5913155711256569
8573,0.9048,1,6,1,672017,4427,119843,6413,0.035063680141933846,0.5916051660516605
8574,0.905,115,94,115,672111,4333,119958,6298,0.03431916106957293,0.5924183990217289
8575,0.9052,1,4,1,672115,4329,119959,6297,0.03428747940691927,0.5926030491247882
8576,0.9053,1,7,1,672122,4322,119960,6296,0.034232036497275374,0.5929553588246375
8577,0.9054,1,0,1,672122,4322,119961,6295,0.034232036497275374,0.5929170198737873
8578,0.9055,1,6,1,672128,4316,119962,6294,0.03418451400329489,0.5932139491046183
8579,0.9056,3,5,3,672133,4311,119965,6291,0.034144911924977824,0.5933786078098472
8580,0.9057,1,7,1,672140,4304,119966,6290,0.034089469015333926,0.5937323013026241
8581,0.9058,1,5,1,672145,4299,119967,6289,0.03404986693701686,0.5939743105402342
8582,0.906,9,10,9,672155,4289,119976,6280,0.033970662780382715,0.5941905572901883
8583,0.9061,1,2,1,672157,4287,119977,6279,0.033954821949055886,0.5942646223736513
8584,0.9062,0,1,0,672158,4286,119977,6279,0.03394690153339247,0.5943208707998107
8585,0.9063,2,1,2,672159,4285,119979,6277,0.033938981117729056,0.5943003219087294
8586,0.9064,2,6,2,672165,4279,119981,6275,0.03389145862374857,0.5945613037710821
8587,0.9065,1,1,1,672166,4278,119982,6274,0.03388353820808516,0.594579226686884
8588,0.9067,47,47,47,672213,4231,120029,6227,0.033511278671904704,0.5954293363931918
8589,0.9068,2,2,2,672215,4229,120031,6225,0.033495437840577874,0.5954658503921944
8590,0.9069,1,1,1,672216,4228,120032,6224,0.03348751742491446,0.5954841178721776
8591,0.907,4,2,4,672218,4226,120036,6220,0.03347167659358763,0.5954432318590848
8592,0.9071,6,4,6,672222,4222,120042,6214,0.033439994930933976,0.5954388654656957
8593,0.9072,2,3,2,672225,4219,120044,6212,0.03341623368394373,0.5955325472150321
8594,0.9073,2,3,2,672228,4216,120046,6210,0.033392472436953494,0.5956263188183387
8595,0.9074,0,1,0,672229,4215,120046,6210,0.03338455202129008,0.5956834532374101
8596,0.9075,24,23,24,672252,4192,120070,6186,0.033202382461031556,0.5960686066679515
8597,0.9077,0,1,0,672253,4191,120070,6186,0.03319446204536814,0.5961260479907488
8598,0.9078,0,2,0,672255,4189,120070,6186,0.03317862121404131,0.5962409638554217
8599,0.9079,2,2,2,672257,4187,120072,6184,0.03316278038271449,0.5962780831163822
8600,0.908,13,6,13,672263,4181,120085,6171,0.033115257888734,0.5961166924265843
8601,0.9082,2,1,2,672264,4180,120087,6169,0.03310733747307058,0.596096241182723
8602,0.9083,21,22,21,672286,4158,120108,6148,0.032933088328475475,0.5965457015330875
8603,0.9084,0,1,0,672287,4157,120108,6148,0.03292516791281207,0.5966035904900534
8604,0.9085,2,5,2,672292,4152,120110,6146,0.03288556583449499,0.5968149155175763
8605,0.9087,0,2,0,672294,4150,120110,6146,0.03286972500316817,0.596930846930847
8606,0.9088,0,9,0,672303,4141,120110,6146,0.03279844126219744,0.5974530961407601
8607,0.9089,1,3,1,672306,4138,120111,6145,0.0327746800152072,0.5975882524555091
8608,0.909,2,6,2,672312,4132,120113,6143,0.032727157521226714,0.5978588807785888
8609,0.9091,0,1,0,672313,4131,120113,6143,0.0327192371055633,0.5979170722211408
8610,0.9092,8,6,8,672319,4125,120121,6135,0.03267171461158282,0.597953216374269
8611,0.9093,1,3,1,672322,4122,120122,6134,0.03264795336459257,0.5980889235569423
8612,0.9094,1,0,1,672322,4122,120123,6133,0.03264795336459257,0.5980497318381277
8613,0.9095,3,1,3,672323,4121,120126,6130,0.03264003294892916,0.5979904399570773
8614,0.9096,0,5,0,672328,4116,120126,6130,0.03260043087061209,0.5982822564903377
8615,0.9097,5,5,5,672333,4111,120131,6125,0.03256082879229502,0.598378272762798
8616,0.9098,2,5,2,672338,4106,120133,6123,0.032521226713977947,0.5985922377554013
8617,0.9099,0,1,0,672339,4105,120133,6123,0.03251330629831454,0.5986507626124364
8618,0.91,669,474,669,672813,3631,120802,5454,0.02875902927385629,0.6003302146395156
8619,0.9101,1,2,1,672815,3629,120803,5453,0.028743188442529464,0.600418410041841
8620,0.9102,2,1,2,672816,3628,120805,5451,0.02873526802686605,0.600396519440467
8621,0.9103,1,0,1,672816,3628,120806,5450,0.02873526802686605,0.6003525005507822
8622,0.9104,1,2,1,672818,3626,120807,5449,0.028719427195539222,0.6004407713498623
8623,0.9105,3,3,3,672821,3623,120810,5446,0.02869566594854898,0.6005072224059984
8624,0.9106,2,3,2,672824,3620,120812,5444,0.028671904701558736,0.6006178287731686
8625,0.9107,2,5,2,672829,3615,120814,5442,0.02863230262324167,0.6008612123219609
8626,0.9108,4,7,4,672836,3608,120818,5438,0.02857685971359777,0.6011496794163166
8627,0.9109,1,4,1,672840,3604,120819,5437,0.028545178050944114,0.6013715296980423
8628,0.911,5,5,5,672845,3599,120824,5432,0.028505575972627043,0.6014837780976636
8629,0.9112,0,2,0,672847,3597,120824,5432,0.028489735141300217,0.6016170118507033
8630,0.9113,5,1,5,672848,3596,120829,5427,0.028481814725636802,0.6014629280727031
8631,0.9114,0,1,0,672849,3595,120829,5427,0.028473894309973387,0.6015295943249833
8632,0.9115,4,1,4,672850,3594,120833,5423,0.028465973894309972,0.6014195408672508
8633,0.9117,13,14,13,672864,3580,120846,5410,0.028355088075022176,0.6017797552836485
8634,0.9118,3,3,3,672867,3577,120849,5407,0.028331326828031935,0.6018477292965272
8635,0.9119,1,0,1,672867,3577,120850,5406,0.028331326828031935,0.601803406434376
8636,0.912,6,6,6,672873,3571,120856,5400,0.028283804334051452,0.6019395831011035
8637,0.9121,2,2,2,672875,3569,120858,5398,0.028267963502724622,0.601985056317609
8638,0.9122,0,2,0,672877,3567,120858,5398,0.028252122671397796,0.6021193530395984
8639,0.9123,2,3,2,672880,3564,120860,5396,0.02822836142440755,0.6022321428571429
8640,0.9125,20,20,20,672900,3544,120880,5376,0.028069953111139273,0.6026905829596413
8641,0.9127,2,4,2,672904,3540,120882,5374,0.028038271448485617,0.6028718869194526
8642,0.9128,2,1,2,672905,3539,120884,5372,0.028030351032822202,0.6028504096061048
8643,0.9129,5,0,5,672905,3539,120889,5367,0.028030351032822202,0.6026274421738154
8644,0.913,4,6,4,672911,3533,120893,5363,0.02798282853884172,0.6028552158273381
8645,0.9131,1,3,1,672914,3530,120894,5362,0.027959067291851478,0.6030139451192083
8646,0.9132,2,1,2,672915,3529,120896,5360,0.027951146876188063,0.6029924625942176
8647,0.9133,55,50,55,672965,3479,120951,5305,0.02755512609301736,0.6039389799635702
8648,0.9134,2,2,2,672967,3477,120953,5303,0.027539285261690534,0.6039863325740319
8649,0.9135,5,0,5,672967,3477,120958,5298,0.027539285261690534,0.6037606837606838
8650,0.9136,2,1,2,672968,3476,120960,5296,0.02753136484602712,0.6037391700866394
8651,0.9137,1,0,1,672968,3476,120961,5295,0.02753136484602712,0.6036939915631057
8652,0.9138,1,2,1,672970,3474,120962,5294,0.027515524014700293,0.603786496350365
8653,0.914,5,10,5,672980,3464,120967,5289,0.02743631985806615,0.604249971438364
8654,0.9142,3,5,3,672985,3459,120970,5286,0.027396717779749082,0.604459691252144
8655,0.9143,5,9,5,672994,3450,120975,5281,0.027325434038778355,0.6048562593059215
8656,0.9144,0,2,0,672996,3448,120975,5281,0.027309593207451528,0.6049948447703059
8657,0.9145,4,5,4,673001,3443,120979,5277,0.027269991129134457,0.6051605504587156
8658,0.9146,1,1,1,673002,3442,120980,5276,0.027262070713471042,0.6051846753842625
8659,0.9147,1,1,1,673003,3441,120981,5275,0.02725415029780763,0.6052088113813676
8660,0.9148,0,3,0,673006,3438,120981,5275,0.027230389050817386,0.6054171927005624
8661,0.9149,1,1,1,673007,3437,120982,5274,0.027222468635153974,0.6054413959361726
8662,0.915,86,76,86,673083,3361,121068,5188,0.026620517044734508,0.6068546028775296
8663,0.9151,1,2,1,673085,3359,121069,5187,0.02660467621340768,0.6069506201731805
8664,0.9152,5,3,5,673088,3356,121074,5182,0.026580914966417436,0.6069337081283673
8665,0.9153,2,6,2,673094,3350,121076,5180,0.026533392472436954,0.6072684642438453
8666,0.9154,1,2,1,673096,3348,121077,5179,0.026517551641110127,0.6073648410929987
8667,0.9155,2,2,2,673098,3346,121079,5177,0.026501710809783297,0.6074152293793266
8668,0.9157,0,1,0,673099,3345,121079,5177,0.026493790394119882,0.6074865055151373
8669,0.9158,6,4,6,673103,3341,121085,5171,0.026462108731466226,0.6074953007518797
8670,0.916,6,12,6,673115,3329,121091,5165,0.02636706374350526,0.608076289145279
8671,0.9161,0,1,0,673116,3328,121091,5165,0.026359143327841845,0.6081478864947604
8672,0.9162,1,0,1,673116,3328,121092,5164,0.026359143327841845,0.6081017428167688
8673,0.9163,0,4,0,673120,3324,121092,5164,0.02632746166518819,0.6083883129123469
8674,0.9164,0,1,0,673121,3323,121092,5164,0.026319541249524774,0.6084599976434547
8675,0.9165,3,3,3,673124,3320,121095,5161,0.026295780002534533,0.6085367291592972
8676,0.9167,52,34,52,673158,3286,121147,5109,0.026026485869978456,0.6085765336509827
8677,0.9168,2,1,2,673159,3285,121149,5107,0.02601856545431504,0.6085557673975215
8678,0.917,8,1,8,673160,3284,121157,5099,0.02601064503865163,0.6082548013837529
8679,0.9171,4,2,4,673162,3282,121161,5095,0.0259948042073248,0.6082129640682822
8680,0.9172,1,0,1,673162,3282,121162,5094,0.0259948042073248,0.6081661891117478
8681,0.9173,4,4,4,673166,3278,121166,5090,0.025963122544671143,0.6082695984703633
8682,0.9175,14,18,14,673184,3260,121180,5076,0.02582055506272969,0.6089251439539347
8683,0.9177,1,0,1,673184,3260,121181,5075,0.02582055506272969,0.608878224355129
8684,0.9178,2,1,2,673185,3259,121183,5073,0.025812634647066277,0.6088574171867499
8685,0.9179,0,1,0,673186,3258,121183,5073,0.025804714231402865,0.6089305005401512
8686,0.918,3,9,3,673195,3249,121186,5070,0.025733430490432137,0.6094482509917057
8687,0.9181,5,2,5,673197,3247,121191,5065,0.02571758965910531,0.6093599615014437
8688,0.9182,0,3,0,673200,3244,121191,5065,0.025693828412115066,0.6095799735226862
8689,0.9183,12,7,12,673207,3237,121203,5053,0.02563838550247117,0.6095295536791315
8690,0.9185,0,2,0,673209,3235,121203,5053,0.025622544671144342,0.609676640926641
8691,0.9186,1,1,1,673210,3234,121204,5052,0.025614624255480927,0.6097031136857349
8692,0.9187,3,3,3,673213,3231,121207,5049,0.025590863008490686,0.6097826086956522
8693,0.9188,1,1,1,673214,3230,121208,5048,0.02558294259282727,0.6098091326407344
8694,0.9189,0,2,0,673216,3228,121208,5048,0.025567101761500444,0.609956500724988
8695,0.919,0,3,0,673219,3225,121208,5048,0.025543340514510203,0.6101776864498972
8696,0.9191,1,4,1,673223,3221,121209,5047,0.025511658851856547,0.6104257377842284
8697,0.9192,6,8,6,673231,3213,121215,5041,0.025448295526549234,0.6107341894838866
8698,0.9193,0,1,0,673232,3212,121215,5041,0.02544037511088582,0.6108081909608627
8699,0.9195,6,3,6,673235,3209,121221,5035,0.025416613863895578,0.6107472100921882
8700,0.9196,3,2,3,673237,3207,121224,5032,0.025400773032568748,0.6107537322490594
8701,0.9197,0,1,0,673238,3206,121224,5032,0.025392852616905336,0.6108278708424375
8702,0.9198,2,2,2,673240,3204,121226,5030,0.025377011785578506,0.6108817099829973
8703,0.9199,1,2,1,673242,3202,121227,5029,0.02536117095425168,0.610982869639169
8704,0.92,607,383,607,673625,2819,121834,4422,0.022327651755164112,0.6106891313354509
8705,0.9202,2,3,2,673628,2816,121836,4420,0.022303890508173867,0.6108347153123272
8706,0.9203,2,1,2,673629,2815,121838,4418,0.022295970092510456,0.6108115581363196
8707,0.9204,2,1,2,673630,2814,121840,4416,0.02228804967684704,0.6107883817427386
8708,0.9205,1,0,1,673630,2814,121841,4415,0.02228804967684704,0.61073454143035
8709,0.9206,1,3,1,673633,2811,121842,4414,0.0222642884298568,0.6109342560553633
8710,0.9207,6,2,6,673635,2809,121848,4408,0.02224844759852997,0.6107801025356796
8711,0.9208,9,3,9,673638,2806,121857,4399,0.02222468635153973,0.6105482303955586
8712,0.921,2,4,2,673642,2802,121859,4397,0.022193004688886072,0.6107792748992915
8713,0.9211,1,0,1,673642,2802,121860,4396,0.022193004688886072,0.6107252014448458
8714,0.9212,5,1,5,673643,2801,121865,4391,0.022185084273222657,0.610539488320356
8715,0.9213,1,4,1,673647,2797,121866,4390,0.022153402610569004,0.6108251008765827
8716,0.9216,1,0,1,673647,2797,121867,4389,0.022153402610569004,0.6107709435012524
8717,0.9217,16,14,16,673661,2783,121883,4373,0.022042516791281205,0.6110955841252096
8718,0.9218,1,1,1,673662,2782,121884,4372,0.022034596375617794,0.611126642437797
8719,0.9219,2,3,2,673665,2779,121886,4370,0.02201083512862755,0.6112743040984753
8720,0.922,3,3,3,673668,2776,121889,4367,0.021987073881637308,0.6113677726445471
8721,0.9221,1,6,1,673674,2770,121890,4366,0.021939551387656825,0.6118273542600897
8722,0.9222,3,2,3,673676,2768,121893,4363,0.021923710556329995,0.6118356471743094
8723,0.9225,17,11,17,673687,2757,121910,4346,0.02183658598403244,0.6118541461354358
8724,0.9226,1,0,1,673687,2757,121911,4345,0.02183658598403244,0.611799493100535
8725,0.9227,2,2,2,673689,2755,121913,4343,0.021820745152705615,0.611862496477881
8726,0.9228,0,2,0,673691,2753,121913,4343,0.021804904321378785,0.6120349492671928
8727,0.9229,2,0,2,673691,2753,121915,4341,0.021804904321378785,0.6119255709049901
8728,0.923,1,3,1,673694,2750,121916,4340,0.021781143074388543,0.61212976022567
8729,0.9231,1,2,1,673696,2748,121917,4339,0.021765302243061717,0.6122477776209961
8730,0.9232,3,5,3,673701,2743,121920,4336,0.021725700164744646,0.6125158920751519
8731,0.9233,36,29,36,673730,2714,121956,4300,0.02149600811050564,0.6130595950955232
8732,0.9234,0,1,0,673731,2713,121956,4300,0.021488087694842225,0.6131470126907173
8733,0.9235,3,1,3,673732,2712,121959,4297,0.02148016727917881,0.613068911399629
8734,0.9236,2,2,2,673734,2710,121961,4295,0.021464326447851984,0.6131334760885082
8735,0.9237,2,2,2,673736,2708,121963,4293,0.021448485616525154,0.6131981145550636
8736,0.9238,0,6,0,673742,2702,121963,4293,0.02140096312254467,0.6137240886347392
8737,0.924,10,12,10,673754,2690,121973,4283,0.021305918134583702,0.614226301448444
8738,0.9241,1,0,1,673754,2690,121974,4282,0.021305918134583702,0.6141709695926564
8739,0.9242,10,5,10,673759,2685,121984,4272,0.021266316056266634,0.6140577835273825
8740,0.9243,0,5,0,673764,2680,121984,4272,0.021226713977949563,0.6144994246260069
8741,0.9244,2,4,2,673768,2676,121986,4270,0.021195032315295907,0.6147422977253095
8742,0.9245,1,0,1,673768,2676,121987,4269,0.021195032315295907,0.6146868250539956
8743,0.9246,1,0,1,673768,2676,121988,4268,0.021195032315295907,0.6146313364055299
8744,0.9247,2,2,2,673770,2674,121990,4266,0.02117919148396908,0.6146974063400577
8745,0.9248,0,1,0,673771,2673,121990,4266,0.021171271068305665,0.6147859922178989
8746,0.9249,1,0,1,673771,2673,121991,4265,0.021171271068305665,0.614730469876045
8747,0.925,79,74,79,673845,2599,122070,4186,0.02058516030921303,0.6169491525423729
8748,0.9252,0,1,0,673846,2598,122070,4186,0.020577239893549613,0.6170400943396226
8749,0.9253,0,5,0,673851,2593,122070,4186,0.020537637815232542,0.6174952057825638
8750,0.9254,1,1,1,673852,2592,122071,4185,0.02052971739956913,0.6175298804780877
8751,0.9255,1,1,1,673853,2591,122072,4184,0.020521796983905716,0.6175645756457565
8752,0.9256,0,1,0,673854,2590,122072,4184,0.0205138765682423,0.6176557425450251
8753,0.9257,3,2,3,673856,2588,122075,4181,0.020498035736915474,0.6176687841630965
8754,0.9258,2,5,2,673861,2583,122077,4179,0.020458433658598403,0.6180124223602484
8755,0.926,12,11,12,673872,2572,122089,4167,0.02037130908630085,0.61834100014839
8756,0.9262,2,3,2,673875,2569,122091,4165,0.020347547839310608,0.6185031185031185
8757,0.9263,1,2,1,673877,2567,122092,4164,0.020331707007983778,0.6186302183925123
8758,0.9265,2,2,2,673879,2565,122094,4162,0.02031586617665695,0.6187007581388435
8759,0.9267,27,31,27,673910,2534,122121,4135,0.020070333291091116,0.6200329884540411
8760,0.9268,0,1,0,673911,2533,122121,4135,0.0200624128754277,0.620125974805039
8761,0.9269,3,1,3,673912,2532,122124,4132,0.02005449245976429,0.620048019207683
8762,0.927,1,2,1,673914,2530,122125,4131,0.02003865162843746,0.6201771505779913
8763,0.9271,0,3,0,673917,2527,122125,4131,0.020014890381447218,0.6204565935716432
8764,0.9272,1,2,1,673919,2525,122126,4130,0.01999904955012039,0.6205860255447032
8765,0.9273,3,0,3,673919,2525,122129,4127,0.01999904955012039,0.620414912808178
8766,0.9275,13,12,13,673931,2513,122142,4114,0.019904004562159423,0.6207937226497661
8767,0.9276,1,0,1,673931,2513,122143,4113,0.019904004562159423,0.6207364926048898
8768,0.9277,0,2,0,673933,2511,122143,4113,0.019888163730832593,0.6209239130434783
8769,0.9278,1,1,1,673934,2510,122144,4112,0.01988024331516918,0.6209604349139233
8770,0.9279,3,2,3,673936,2508,122147,4109,0.01986440248384235,0.6209762732356052
8771,0.928,12,1,12,673937,2507,122159,4097,0.019856482068178936,0.62038158691702
8772,0.9281,0,1,0,673938,2506,122159,4097,0.019848561652515525,0.6204755414205664
8773,0.9283,10,9,10,673947,2497,122169,4087,0.019777277911544797,0.6207472660996355
8774,0.9285,0,2,0,673949,2495,122169,4087,0.01976143708021797,0.6209358857490125
8775,0.9287,1,1,1,673950,2494,122170,4086,0.019753516664554556,0.6209726443768997
8776,0.9288,2,1,2,673951,2493,122172,4084,0.01974559624889114,0.6209518017333131
8777,0.9289,0,1,0,673952,2492,122172,4084,0.019737675833227726,0.6210462287104623
8778,0.929,1,0,1,673952,2492,122173,4083,0.019737675833227726,0.6209885931558935
8779,0.9291,1,2,1,673954,2490,122174,4082,0.0197218350019009,0.6211199026171638
8780,0.9292,6,1,6,673955,2489,122180,4076,0.019713914586237485,0.6208682406702208
8781,0.9293,1,1,1,673956,2488,122181,4075,0.019705994170574073,0.6209050738991315
8782,0.9295,1,1,1,673957,2487,122182,4074,0.019698073754910658,0.6209419295839049
8783,0.9297,2,7,2,673964,2480,122184,4072,0.01964263084526676,0.6214896214896215
8784,0.9298,3,3,3,673967,2477,122187,4069,0.01961886959827652,0.6216009776963031
8785,0.9299,0,2,0,673969,2475,122187,4069,0.01960302876694969,0.6217909535452323
8786,0.93,558,334,558,674303,2141,122745,3511,0.01695760993536941,0.6211960368011323
8787,0.9301,1,0,1,674303,2141,122746,3510,0.01695760993536941,0.6211290037161564
8788,0.9302,2,0,2,674303,2141,122748,3508,0.01695760993536941,0.6209948663480263
8789,0.9303,1,2,1,674305,2139,122749,3507,0.01694176910404258,0.6211477151965994
8790,0.9304,0,2,0,674307,2137,122749,3507,0.016925928272715753,0.621367824238129
8791,0.9305,1,1,1,674308,2136,122750,3506,0.016918007857052338,0.6214108472172988
8792,0.9306,2,2,2,674310,2134,122752,3504,0.01690216702572551,0.621496984746364
8793,0.9307,3,3,3,674313,2131,122755,3501,0.016878405778735266,0.6216264204545454
8794,0.9308,3,4,3,674317,2127,122758,3498,0.016846724116081613,0.6218666666666667
8795,0.931,2,2,2,674319,2125,122760,3496,0.016830883284754784,0.6219533890766767
8796,0.9311,1,1,1,674320,2124,122761,3495,0.01682296286909137,0.6219967965830219
8797,0.9313,4,0,4,674320,2124,122765,3491,0.01682296286909137,0.6217275155832591
8798,0.9315,1,2,1,674322,2122,122766,3490,0.016807122037764542,0.6218816821097648
8799,0.9317,10,14,10,674336,2108,122776,3480,0.016696236218476747,0.6227630637079457
8800,0.9318,1,2,1,674338,2106,122777,3479,0.016680395387149917,0.6229185317815578
8801,0.9319,0,1,0,674339,2105,122777,3479,0.016672474971486502,0.6230300859598854
8802,0.932,7,4,7,674343,2101,122784,3472,0.01664079330883285,0.6230037681679527
8803,0.9321,0,2,0,674345,2099,122784,3472,0.01662495247750602,0.6232274277508526
8804,0.9322,2,1,2,674346,2098,122786,3470,0.016617032061842604,0.6232040229885057
8805,0.9323,3,5,3,674351,2093,122789,3467,0.016577429983525536,0.6235611510791367
8806,0.9324,1,2,1,674353,2091,122790,3466,0.016561589152198707,0.6237178333633255
8807,0.9325,15,18,15,674371,2073,122805,3451,0.016419021670257255,0.6247284576393918
8808,0.9326,1,1,1,674372,2072,122806,3450,0.01641110125459384,0.6247736327417602
8809,0.9327,4,1,4,674373,2071,122810,3446,0.01640318083893043,0.6246148268986769
8810,0.9328,1,1,1,674374,2070,122811,3445,0.016395260423267013,0.6246600181323663
8811,0.9329,1,3,1,674377,2067,122812,3444,0.016371499176276772,0.6249319542732716
8812,0.933,3,0,3,674377,2067,122815,3441,0.016371499176276772,0.6247276688453159
8813,0.9331,0,1,0,674378,2066,122815,3441,0.016363578760613357,0.6248411113128746
8814,0.9332,1,3,1,674381,2063,122816,3440,0.016339817513623116,0.625113574413956
8815,0.9333,27,17,27,674398,2046,122843,3413,0.016205170447345076,0.6252060816999451
8816,0.9334,1,0,1,674398,2046,122844,3412,0.016205170447345076,0.6251374129717845
8817,0.9335,0,1,0,674399,2045,122844,3412,0.016197250031681664,0.6252519699468573
8818,0.9337,1,1,1,674400,2044,122845,3411,0.01618932961601825,0.6252978918423465
8819,0.9338,5,6,5,674406,2038,122850,3406,0.016141807122037763,0.6256429096252756
8820,0.934,11,4,11,674410,2034,122861,3395,0.01611012545938411,0.6253453674709891
8821,0.9342,2,0,2,674410,2034,122863,3393,0.01611012545938411,0.6252072968490879
8822,0.9343,1,1,1,674411,2033,122864,3392,0.016102205043720695,0.6252534562211982
8823,0.9345,2,1,2,674412,2032,122866,3390,0.01609428462805728,0.6252305422353375
8824,0.9346,0,2,0,674414,2030,122866,3390,0.016078443796730454,0.6254612546125461
8825,0.9347,1,2,1,674416,2028,122867,3389,0.016062602965403624,0.6256230385822411
8826,0.9348,1,1,1,674417,2027,122868,3388,0.01605468254974021,0.6256694367497692
8827,0.9349,2,3,2,674420,2024,122870,3386,0.016030921302749968,0.6258780036968576
8828,0.935,58,51,58,674471,1973,122928,3328,0.015626980103915854,0.627806074325599
8829,0.9351,0,4,0,674475,1969,122928,3328,0.015595298441262197,0.6282801585803285
8830,0.9352,0,1,0,674476,1968,122928,3328,0.015587378025598784,0.6283987915407855
8831,0.9353,3,1,3,674477,1967,122931,3325,0.01557945760993537,0.6283068783068783
8832,0.9354,2,3,2,674480,1964,122933,3323,0.015555696362945128,0.6285227917533573
8833,0.9355,3,1,3,674481,1963,122936,3320,0.015547775947281713,0.6284308158243422
8834,0.9356,1,0,1,674481,1963,122937,3319,0.015547775947281713,0.6283604695191215
8835,0.9357,2,3,2,674484,1960,122939,3317,0.015524014700291472,0.6285768429031646
8836,0.9358,1,1,1,674485,1959,122940,3316,0.015516094284628057,0.6286255924170616
8837,0.9359,1,0,1,674485,1959,122941,3315,0.015516094284628057,0.6285551763367463
8838,0.936,12,5,12,674490,1954,122953,3303,0.015476492206310987,0.6283051169868746
8839,0.9361,3,3,3,674493,1951,122956,3300,0.015452730959320746,0.6284517234812417
8840,0.9362,1,4,1,674497,1947,122957,3299,0.01542104929666709,0.6288600838734274
8841,0.9363,2,3,2,674500,1944,122959,3297,0.015397288049676846,0.6290784201488265
8842,0.9365,0,2,0,674502,1942,122959,3297,0.01538144721835002,0.6293185722466119
8843,0.9366,3,0,3,674502,1942,122962,3294,0.01538144721835002,0.6291061879297173
8844,0.9367,33,24,33,674526,1918,122995,3261,0.015191357242428082,0.6296582351805368
8845,0.9369,1,0,1,674526,1918,122996,3260,0.015191357242428082,0.6295867130166087
8846,0.937,3,2,3,674528,1916,122999,3257,0.015175516411101254,0.6296153102648366
8847,0.9371,1,1,1,674529,1915,123000,3256,0.01516759599543784,0.6296654418874492
8848,0.9373,6,6,6,674535,1909,123006,3250,0.015120073501457356,0.6299670478774957
8849,0.9375,16,19,16,674554,1890,123022,3234,0.01496958560385249,0.6311475409836066
8850,0.9376,0,1,0,674555,1889,123022,3234,0.014961665188189076,0.6312707398008979
8851,0.9377,0,1,0,674556,1888,123022,3234,0.014953744772525663,0.631393986723936
8852,0.9378,2,0,2,674556,1888,123024,3232,0.014953744772525663,0.63125
8853,0.9379,2,2,2,674558,1886,123026,3230,0.014937903941198835,0.6313526192337764
8854,0.938,7,5,7,674563,1881,123033,3223,0.014898301862881764,0.6314655172413793
8855,0.9381,2,1,2,674564,1880,123035,3221,0.01489038144721835,0.6314448147422074
8856,0.9382,1,1,1,674565,1879,123036,3220,0.014882461031554935,0.6314963718376152
8857,0.9383,5,5,5,674570,1874,123041,3215,0.014842858953237866,0.6317547651797996
8858,0.9385,1,0,1,674570,1874,123042,3214,0.014842858953237866,0.6316823899371069
8859,0.9386,3,1,3,674571,1873,123045,3211,0.014834938537574453,0.6315892997639654
8860,0.9387,2,4,2,674575,1869,123047,3209,0.014803256874920796,0.6319417093343837
8861,0.9388,0,2,0,674577,1867,123047,3209,0.014787416043593968,0.6321907013396375
8862,0.9389,1,0,1,674577,1867,123048,3208,0.014787416043593968,0.6321182266009853
8863,0.939,1,1,1,674578,1866,123049,3207,0.014779495627930553,0.6321703134240094
8864,0.9391,2,1,2,674579,1865,123051,3205,0.01477157521226714,0.6321499013806706
8865,0.9392,7,5,7,674584,1860,123058,3198,0.01473197313395007,0.6322657176749703
8866,0.9393,2,1,2,674585,1859,123060,3196,0.014724052718286655,0.6322453016815035
8867,0.9394,0,1,0,674586,1858,123060,3196,0.014716132302623242,0.6323703996834191
8868,0.9395,0,2,0,674588,1856,123060,3196,0.014700291471296414,0.6326207442596992
8869,0.9396,0,1,0,674589,1855,123060,3196,0.014692371055633,0.6327459908928925
8870,0.9397,0,2,0,674591,1853,123060,3196,0.014676530224306171,0.632996632996633
8871,0.9398,1,1,1,674592,1852,123061,3195,0.014668609808642758,0.6330493362393501
8872,0.9399,0,2,0,674594,1850,123061,3195,0.01465276897731593,0.6333002973240832
8873,0.94,511,269,511,674863,1581,123572,2684,0.012522177163857558,0.6293083235638921
8874,0.9406,1,0,1,674863,1581,123573,2683,0.012522177163857558,0.6292213883677298
8875,0.9407,2,2,2,674865,1579,123575,2681,0.012506336332530732,0.6293427230046948
8876,0.9408,5,7,5,674872,1572,123580,2676,0.012450893422886833,0.6299435028248588
8877,0.9409,1,1,1,674873,1571,123581,2675,0.01244297300722342,0.6300047103155911
8878,0.941,3,3,3,674876,1568,123584,2672,0.012419211760233176,0.630188679245283
8879,0.9412,0,1,0,674877,1567,123584,2672,0.012411291344569763,0.6303373437131399
8880,0.9413,2,1,2,674878,1566,123586,2670,0.01240337092890635,0.6303116147308782
8881,0.9414,1,0,1,674878,1566,123587,2669,0.01240337092890635,0.6302243211334121
8882,0.9415,1,1,1,674879,1565,123588,2668,0.012395450513242935,0.6302858492794708
8883,0.9416,0,1,0,674880,1564,123588,2668,0.012387530097579522,0.6304347826086957
8884,0.9417,9,9,9,674889,1555,123597,2659,0.012316246356608794,0.6309919316563835
8885,0.9418,1,0,1,674889,1555,123598,2658,0.012316246356608794,0.6309043436980774
8886,0.942,3,5,3,674894,1550,123601,2655,0.012276644278291724,0.6313912009512486
8887,0.9421,0,3,0,674897,1547,123601,2655,0.012252883031301483,0.6318419800095193
8888,0.9422,0,3,0,674900,1544,123601,2655,0.01222912178431124,0.6322934031912361
8889,0.9423,1,0,1,674900,1544,123602,2654,0.01222912178431124,0.6322058122915674
8890,0.9425,10,8,10,674908,1536,123612,2644,0.012165758459003929,0.6325358851674641
8891,0.9426,1,0,1,674908,1536,123613,2643,0.012165758459003929,0.6324479540559943
8892,0.9429,2,0,2,674908,1536,123615,2641,0.012165758459003929,0.6322719655254968
8893,0.943,4,1,4,674909,1535,123619,2637,0.012157838043340514,0.6320709491850431
8894,0.9432,1,3,1,674912,1532,123620,2636,0.012134076796350273,0.6324376199616123
8895,0.9433,22,24,22,674936,1508,123642,2614,0.011943986820428337,0.6341581756428918
8896,0.9435,0,1,0,674937,1507,123642,2614,0.011936066404764922,0.6343120601795681
8897,0.9437,1,0,1,674937,1507,123643,2613,0.011936066404764922,0.6342233009708738
8898,0.9438,1,0,1,674937,1507,123644,2612,0.011936066404764922,0.6341344986647245
8899,0.9439,0,2,0,674939,1505,123644,2612,0.011920225573438093,0.6344425552586835
8900,0.944,10,4,10,674943,1501,123654,2602,0.011888543910784437,0.6341701194248112
8901,0.9441,1,0,1,674943,1501,123655,2601,0.011888543910784437,0.6340809361287177
8902,0.9442,1,2,1,674945,1499,123656,2600,0.01187270307945761,0.6343010490363503
8903,0.9443,1,0,1,674945,1499,123657,2599,0.01187270307945761,0.6342118106393363
8904,0.9444,2,2,2,674947,1497,123659,2597,0.011856862248130783,0.634342940889106
8905,0.9447,0,2,0,674949,1495,123659,2597,0.011841021416803954,0.634652981427175
8906,0.9448,1,0,1,674949,1495,123660,2596,0.011841021416803954,0.6345636763627475
8907,0.9449,1,1,1,674950,1494,123661,2595,0.01183310100114054,0.6346294937637564
8908,0.945,51,34,51,674984,1460,123712,2544,0.011563806868584464,0.6353646353646354
8909,0.9451,1,2,1,674986,1458,123713,2543,0.011547966037257636,0.6355911022244439
8910,0.9452,1,0,1,674986,1458,123714,2542,0.011547966037257636,0.6355
8911,0.9453,2,1,2,674987,1457,123716,2540,0.011540045621594221,0.6354766074555916
8912,0.9454,0,1,0,674988,1456,123716,2540,0.011532125205930808,0.6356356356356356
8913,0.9455,1,1,1,674989,1455,123717,2539,0.011524204790267393,0.6357035553329995
8914,0.9457,2,2,2,674991,1453,123719,2537,0.011508363958940565,0.6358395989974938
8915,0.9458,1,0,1,674991,1453,123720,2536,0.011508363958940565,0.6357483078465781
8916,0.946,6,3,6,674994,1450,123726,2530,0.011484602711950323,0.635678391959799
8917,0.9461,0,1,0,674995,1449,123726,2530,0.011476682296286908,0.6358381502890174
8918,0.9462,2,0,2,674995,1449,123728,2528,0.011476682296286908,0.6356550163439779
8919,0.9464,0,1,0,674996,1448,123728,2528,0.011468761880623495,0.635814889336016
8920,0.9465,1,1,1,674997,1447,123729,2527,0.01146084146496008,0.6358832410669351
8921,0.9466,0,2,0,674999,1445,123729,2527,0.011445000633633254,0.6362034239677744
8922,0.9467,28,17,28,675016,1428,123757,2499,0.011310353567355215,0.6363636363636364
8923,0.9469,1,0,1,675016,1428,123758,2498,0.011310353567355215,0.6362710137544575
8924,0.947,1,0,1,675016,1428,123759,2497,0.011310353567355215,0.6361783439490446
8925,0.9471,0,4,0,675020,1424,123759,2497,0.011278671904701559,0.6368273399642949
8926,0.9472,1,0,1,675020,1424,123760,2496,0.011278671904701559,0.636734693877551
8927,0.9473,0,1,0,675021,1423,123760,2496,0.011270751489038144,0.6368971676448073
8928,0.9474,0,4,0,675025,1419,123760,2496,0.01123906982638449,0.6375478927203065
8929,0.9475,6,4,6,675029,1415,123766,2490,0.011207388163730833,0.6376440460947503
8930,0.9476,0,2,0,675031,1413,123766,2490,0.011191547332404005,0.6379707916986933
8931,0.9477,2,3,2,675034,1410,123768,2488,0.011167786085413762,0.638276038994356
8932,0.9478,0,1,0,675035,1409,123768,2488,0.011159865669750349,0.6384398255068001
8933,0.9479,1,0,1,675035,1409,123769,2487,0.011159865669750349,0.6383470225872689
8934,0.948,2,4,2,675039,1405,123771,2485,0.011128184007096692,0.6388174807197944
8935,0.9482,0,1,0,675040,1404,123771,2485,0.011120263591433279,0.6389817433787606
8936,0.9483,1,8,1,675048,1396,123772,2484,0.011056900266125966,0.6402061855670103
8937,0.9484,0,1,0,675049,1395,123772,2484,0.011048979850462552,0.6403712296983759
8938,0.9485,0,1,0,675050,1394,123772,2484,0.011041059434799138,0.6405363589479113
8939,0.9486,3,0,3,675050,1394,123775,2481,0.011041059434799138,0.640258064516129
8940,0.9487,0,1,0,675051,1393,123775,2481,0.011033139019135725,0.6404233350542076
8941,0.9489,0,1,0,675052,1392,123775,2481,0.01102521860347231,0.6405886909372579
8942,0.949,1,0,1,675052,1392,123776,2480,0.01102521860347231,0.640495867768595
8943,0.9491,0,1,0,675053,1391,123776,2480,0.011017298187808897,0.6406613278222681
8944,0.9492,1,1,1,675054,1390,123777,2479,0.011009377772145482,0.6407340398035668
8945,0.9493,1,0,1,675054,1390,123778,2478,0.011009377772145482,0.640641158221303
8946,0.9494,1,0,1,675054,1390,123779,2477,0.011009377772145482,0.6405482286009827
8947,0.9495,1,0,1,675054,1390,123780,2476,0.011009377772145482,0.6404552509053285
8948,0.9497,1,0,1,675054,1390,123781,2475,0.011009377772145482,0.6403622250970246
8949,0.9498,1,0,1,675054,1390,123782,2474,0.011009377772145482,0.6402691511387164
8950,0.95,482,240,482,675294,1150,124264,1992,0.009108478012926118,0.633991088478676
8951,0.9501,1,3,1,675297,1147,124265,1991,0.009084716765935877,0.6344805608667942
8952,0.9502,0,2,0,675299,1145,124265,1991,0.009068875934609049,0.6348852040816326
8953,0.9503,2,0,2,675299,1145,124267,1989,0.009068875934609049,0.6346522016592214
8954,0.9504,1,2,1,675301,1143,124268,1988,0.00905303510328222,0.6349409134461833
8955,0.9505,1,4,1,675305,1139,124269,1987,0.009021353440628564,0.6356365962891874
8956,0.9507,2,0,2,675305,1139,124271,1985,0.009021353440628564,0.635403329065301
8957,0.9508,3,0,3,675305,1139,124274,1982,0.009021353440628564,0.6350528676706184
8958,0.951,2,3,2,675308,1136,124276,1980,0.008997592193638323,0.6354300385109114
8959,0.9511,1,0,1,675308,1136,124277,1979,0.008997592193638323,0.6353130016051365
8960,0.9515,3,3,3,675311,1133,124280,1976,0.00897383094664808,0.635574139594725
8961,0.9516,1,0,1,675311,1133,124281,1975,0.00897383094664808,0.6354568854568855
8962,0.9517,6,5,6,675316,1128,124287,1969,0.00893422886833101,0.6357765579593154
8963,0.9518,0,1,0,675317,1127,124287,1969,0.008926308452667595,0.6359819121447028
8964,0.952,2,4,2,675321,1123,124289,1967,0.00889462679001394,0.6365695792880259
8965,0.9522,4,2,4,675323,1121,124293,1963,0.008878785958687112,0.6365110246433203
8966,0.9523,0,2,0,675325,1119,124293,1963,0.008862945127360284,0.636924075275795
8967,0.9525,10,5,10,675330,1114,124303,1953,0.008823343049043213,0.6367786110205412
8968,0.9527,2,2,2,675332,1112,124305,1951,0.008807502217716385,0.6369572314724127
8969,0.9528,1,1,1,675333,1111,124306,1950,0.008799581802052972,0.637046716759229
8970,0.9529,2,0,2,675333,1111,124308,1948,0.008799581802052972,0.6368094148414515
8971,0.953,4,3,4,675336,1108,124312,1944,0.00877582055506273,0.6369593709043251
8972,0.9531,1,0,1,675336,1108,124313,1943,0.00877582055506273,0.6368403802032121
8973,0.9533,14,15,14,675351,1093,124327,1929,0.00865701432011152,0.6383189940436796
8974,0.9537,1,0,1,675351,1093,124328,1928,0.00865701432011152,0.6381992717643165
8975,0.954,5,5,5,675356,1088,124333,1923,0.008617412241794449,0.638658253072069
8976,0.9541,0,1,0,675357,1087,124333,1923,0.008609491826131035,0.6388704318936878
8977,0.9542,5,2,5,675359,1085,124338,1918,0.008593650994804207,0.6386946386946387
8978,0.9543,3,0,3,675359,1085,124341,1915,0.008593650994804207,0.6383333333333333
8979,0.9547,0,1,0,675360,1084,124341,1915,0.008585730579140794,0.6385461820606869
8980,0.955,41,27,41,675387,1057,124382,1874,0.008371879356228615,0.6393722279085636
8981,0.9552,4,0,4,675387,1057,124386,1870,0.008371879356228615,0.6388793987017424
8982,0.9553,0,2,0,675389,1055,124386,1870,0.008356038524901787,0.6393162393162393
8983,0.9554,0,1,0,675390,1054,124386,1870,0.008348118109238373,0.6395348837209303
8984,0.9555,2,0,2,675390,1054,124388,1868,0.008348118109238373,0.6392881587953456
8985,0.9556,3,3,3,675393,1051,124391,1865,0.00832435686224813,0.6395747599451304
8986,0.956,6,0,6,675393,1051,124397,1859,0.00832435686224813,0.6388316151202749
8987,0.9561,0,2,0,675395,1049,124397,1859,0.008308516030921302,0.6392709766162311
8988,0.9562,2,0,2,675395,1049,124399,1857,0.008308516030921302,0.639022711631108
8989,0.9563,0,1,0,675396,1048,124399,1857,0.008300595615257889,0.6392426850258176
8990,0.9565,4,2,4,675398,1046,124403,1853,0.00828475478393106,0.6391859261814419
8991,0.9567,17,13,17,675411,1033,124420,1836,0.008181789380306679,0.639944231439526
8992,0.9568,2,1,2,675412,1032,124422,1834,0.008173868964643264,0.6399162595952547
8993,0.9571,1,1,1,675413,1031,124423,1833,0.00816594854897985,0.640013966480447
8994,0.9572,2,0,2,675413,1031,124425,1831,0.00816594854897985,0.6397624039133473
8995,0.9573,2,1,2,675414,1030,124427,1829,0.008158028133316437,0.639734172787688
8996,0.9575,14,10,14,675424,1020,124441,1815,0.008078823976682296,0.6402116402116402
8997,0.9577,1,2,1,675426,1018,124442,1814,0.008062983145355468,0.6405367231638418
8998,0.9578,1,1,1,675427,1017,124443,1813,0.008055062729692055,0.6406360424028269
8999,0.9579,0,1,0,675428,1016,124443,1813,0.00804714231402864,0.6408624955814776
9000,0.958,0,4,0,675432,1012,124443,1813,0.008015460651374984,0.6417699115044248
9001,0.9583,2,4,2,675436,1008,124445,1811,0.007983778988721327,0.6424263923377084
9002,0.9584,0,1,0,675437,1007,124445,1811,0.007975858573057914,0.6426543647977289
9003,0.9585,1,0,1,675437,1007,124446,1810,0.007975858573057914,0.6425275115370962
9004,0.9586,3,0,3,675437,1007,124449,1807,0.007975858573057914,0.6421464108031272
9005,0.9587,1,2,1,675439,1005,124450,1806,0.007960017741731086,0.6424759871931697
9006,0.9588,1,0,1,675439,1005,124451,1805,0.007960017741731086,0.6423487544483986
9007,0.959,1,0,1,675439,1005,124452,1804,0.007960017741731086,0.6422214311142755
9008,0.9592,1,4,1,675443,1001,124453,1803,0.00792833607907743,0.6430099857346647
9009,0.9593,2,4,2,675447,997,124455,1801,0.007896654416423773,0.643674052894925
9010,0.9594,0,2,0,675449,995,124455,1801,0.007880813585096945,0.644134477825465
9011,0.9595,2,0,2,675449,995,124457,1799,0.007880813585096945,0.6438797423049392
9012,0.9596,0,3,0,675452,992,124457,1799,0.007857052338106704,0.6445718380508778
9013,0.9598,0,2,0,675454,990,124457,1799,0.007841211506779876,0.6450340623879527
9014,0.9599,1,1,1,675455,989,124458,1798,0.007833291091116463,0.6451381413706494
9015,0.96,394,206,394,675661,783,124852,1404,0.006201685464453175,0.6419753086419753
9016,0.9601,0,2,0,675663,781,124852,1404,0.006185844633126347,0.6425629290617849
9017,0.9603,1,2,1,675665,779,124853,1403,0.0061700038017995186,0.6429880843263062
9018,0.9605,0,2,0,675667,777,124853,1403,0.00615416297047269,0.6435779816513761
9019,0.9607,3,4,3,675671,773,124856,1400,0.006122481307819034,0.6442705936493327
9020,0.9609,0,1,0,675672,772,124856,1400,0.00611456089215562,0.6445672191528545
9021,0.9611,1,0,1,675672,772,124857,1399,0.00611456089215562,0.6444035006909259
9022,0.9613,1,0,1,675672,772,124858,1398,0.00611456089215562,0.6442396313364055
9023,0.9614,0,4,0,675676,768,124858,1398,0.0060828792295019645,0.6454293628808865
9024,0.9615,1,0,1,675676,768,124859,1397,0.0060828792295019645,0.6452655889145497
9025,0.9617,5,3,5,675679,765,124864,1392,0.006059117982511722,0.6453407510431154
9026,0.9618,0,2,0,675681,763,124864,1392,0.006043277151184894,0.645939675174014
9027,0.9619,1,0,1,675681,763,124865,1391,0.006043277151184894,0.6457753017641596
9028,0.962,4,1,4,675682,762,124869,1387,0.00603535673552148,0.6454164727780363
9029,0.9621,2,0,2,675682,762,124871,1385,0.00603535673552148,0.6450861667442943
9030,0.9625,3,5,3,675687,757,124874,1382,0.00599575465720441,0.646096306685367
9031,0.9626,1,0,1,675687,757,124875,1381,0.00599575465720441,0.6459307764265669
9032,0.9627,0,1,0,675688,756,124875,1381,0.0059878342415409964,0.6462330369677117
9033,0.963,1,0,1,675688,756,124876,1380,0.0059878342415409964,0.6460674157303371
9034,0.9632,0,2,0,675690,754,124876,1380,0.005971993410214168,0.6466729147141518
9035,0.9633,12,9,12,675699,745,124888,1368,0.0059007096692434416,0.6474207288215806
9036,0.9634,1,0,1,675699,745,124889,1367,0.0059007096692434416,0.6472537878787878
9037,0.9635,2,1,2,675700,744,124891,1365,0.0058927892535800275,0.647226173541963
9038,0.9638,0,1,0,675701,743,124891,1365,0.005884868837916614,0.6475332068311196
9039,0.964,4,0,4,675701,743,124895,1361,0.005884868837916614,0.6468631178707225
9040,0.9642,1,1,1,675702,742,124896,1360,0.0058769484222532,0.6470028544243578
9041,0.9643,0,2,0,675704,740,124896,1360,0.005861107590926372,0.6476190476190476
9042,0.9644,1,0,1,675704,740,124897,1359,0.005861107590926372,0.6474511672224869
9043,0.9647,0,1,0,675705,739,124897,1359,0.005853187175262958,0.6477597712106768
9044,0.965,36,21,36,675726,718,124933,1323,0.005686858446331263,0.6482116609505144
9045,0.9652,1,0,1,675726,718,124934,1322,0.005686858446331263,0.6480392156862745
9046,0.9656,1,0,1,675726,718,124935,1321,0.005686858446331263,0.6478666012751348
9047,0.9657,0,2,0,675728,716,124935,1321,0.005671017615004436,0.6485027000490918
9048,0.9659,0,1,0,675729,715,124935,1321,0.005663097199341022,0.6488212180746562
9049,0.966,7,1,7,675730,714,124942,1314,0.005655176783677608,0.6479289940828402
9050,0.9661,2,2,2,675732,712,124944,1312,0.0056393359523507795,0.6482213438735178
9051,0.9662,1,0,1,675732,712,124945,1311,0.0056393359523507795,0.648047454275828
9052,0.9665,0,1,0,675733,711,124945,1311,0.005631415536687365,0.6483679525222552
9053,0.9667,23,10,23,675743,701,124968,1288,0.0055522113800532255,0.6475615887380594
9054,0.9668,0,1,0,675744,700,124968,1288,0.005544290964389811,0.647887323943662
9055,0.9671,0,1,0,675745,699,124968,1288,0.005536370548726397,0.6482133870156014
9056,0.9675,6,7,6,675752,692,124974,1282,0.005480927639082499,0.6494427558257345
9057,0.9677,1,3,1,675755,689,124975,1281,0.005457166392092257,0.650253807106599
9058,0.9678,0,1,0,675756,688,124975,1281,0.005449245976428843,0.6505840528186897
9059,0.9679,1,1,1,675757,687,124976,1280,0.005441325560765429,0.6507371631926792
9060,0.968,3,1,3,675758,686,124979,1277,0.005433405145102015,0.6505348955680081
9061,0.9683,4,4,4,675762,682,124983,1273,0.005401723482448359,0.6511508951406649
9062,0.9686,0,3,0,675765,679,124983,1273,0.0053779622354581166,0.6521516393442623
9063,0.9692,3,0,3,675765,679,124986,1270,0.0053779622354581166,0.6516162134427912
9064,0.9694,0,1,0,675766,678,124986,1270,0.0053700418197947025,0.6519507186858317
9065,0.9696,0,2,0,675768,676,124986,1270,0.005354200988467875,0.6526207605344296
9066,0.9699,1,0,1,675768,676,124987,1269,0.005354200988467875,0.6524421593830334
9067,0.97,368,199,368,675967,477,125355,901,0.0037780382714484857,0.6538461538461539
9068,0.9702,0,1,0,675968,476,125355,901,0.0037701178557850716,0.654320987654321
9069,0.9706,2,1,2,675969,475,125357,899,0.0037621974401216575,0.6542940320232896
9070,0.9708,2,1,2,675970,474,125359,897,0.0037542770244582435,0.6542669584245077
9071,0.9714,0,1,0,675971,473,125359,897,0.0037463566087948294,0.6547445255474452
9072,0.9715,1,3,1,675974,470,125360,896,0.0037225953618045876,0.6559297218155198
9073,0.9717,7,4,7,675978,466,125367,889,0.0036909136991509313,0.6560885608856089
9074,0.9719,2,3,2,675981,463,125369,887,0.0036671524521606894,0.6570370370370371
9075,0.972,1,2,1,675983,461,125370,886,0.0036513116208338613,0.6577579806978471
9076,0.9722,1,3,1,675986,458,125371,885,0.0036275503738436195,0.6589724497393894
9077,0.9723,0,2,0,675988,456,125371,885,0.0036117095425167913,0.6599552572706935
9078,0.9725,5,2,5,675990,454,125376,880,0.003595868711189963,0.6596701649175413
9079,0.9729,1,0,1,675990,454,125377,879,0.003595868711189963,0.6594148537134283
9080,0.9732,0,1,0,675991,453,125377,879,0.003587948295526549,0.6599099099099099
9081,0.9733,6,6,6,675997,447,125383,873,0.003540425801546065,0.6613636363636364
9082,0.9737,1,0,1,675997,447,125384,872,0.003540425801546065,0.6611068991660348
9083,0.9738,2,4,2,676001,443,125386,870,0.003508744138892409,0.6626047220106626
9084,0.974,0,2,0,676003,441,125386,870,0.003492903307565581,0.6636155606407322
9085,0.9741,2,0,2,676003,441,125388,868,0.003492903307565581,0.6631016042780749
9086,0.9742,1,1,1,676004,440,125389,867,0.003484982891902167,0.6633511859219586
9087,0.9743,2,1,2,676005,439,125391,865,0.003477062476238753,0.6633435582822086
9088,0.9747,0,1,0,676006,438,125391,865,0.003469142060575339,0.6638526477359938
9089,0.9749,1,0,1,676006,438,125392,864,0.003469142060575339,0.663594470046083
9090,0.975,21,26,21,676032,412,125413,843,0.0032632112533265744,0.6717131474103586
9091,0.9752,1,1,1,676033,411,125414,842,0.0032552908376631607,0.6719872306464485
9092,0.9756,1,0,1,676033,411,125415,841,0.0032552908376631607,0.6717252396166135
9093,0.9757,1,0,1,676033,411,125416,840,0.0032552908376631607,0.6714628297362111
9094,0.9758,0,1,0,676034,410,125416,840,0.0032473704219997466,0.672
9095,0.976,7,1,7,676035,409,125423,833,0.0032394500063363326,0.6706924315619968
9096,0.9763,0,1,0,676036,408,125423,833,0.0032315295906729185,0.6712328767123288
9097,0.9765,0,1,0,676037,407,125423,833,0.0032236091750095044,0.6717741935483871
9098,0.9767,16,9,16,676046,398,125439,817,0.0031523254340387785,0.6724279835390946
9099,0.9771,0,1,0,676047,397,125439,817,0.0031444050183753645,0.6729818780889621
9100,0.9773,1,0,1,676047,397,125440,816,0.0031444050183753645,0.6727122835943941
9101,0.9775,5,2,5,676049,395,125445,811,0.0031285641870485363,0.6724709784411277
9102,0.978,3,1,3,676050,394,125448,808,0.003120643771385122,0.6722129783693843
9103,0.9783,1,1,1,676051,393,125449,807,0.003112723355721708,0.6725
9104,0.9786,2,0,2,676051,393,125451,805,0.003112723355721708,0.6719532554257095
9105,0.9787,1,0,1,676051,393,125452,804,0.003112723355721708,0.6716791979949874
9106,0.9792,0,2,0,676053,391,125452,804,0.0030968825243948804,0.6728033472803348
9107,0.9793,2,0,2,676053,391,125454,802,0.0030968825243948804,0.672254819782062
9108,0.9796,0,2,0,676055,389,125454,802,0.0030810416930680522,0.6733837111670865
9109,0.98,288,147,288,676202,242,125742,514,0.001916740590546192,0.6798941798941799
9110,0.9808,0,1,0,676203,241,125742,514,0.0019088201748827778,0.680794701986755
9111,0.981,1,0,1,676203,241,125743,513,0.0019088201748827778,0.6803713527851459
9112,0.9817,2,2,2,676205,239,125745,511,0.00189297934355595,0.6813333333333333
9113,0.982,2,1,2,676206,238,125747,509,0.0018850589278925358,0.6813922356091031
9114,0.9825,1,2,1,676208,236,125748,508,0.0018692180965657079,0.6827956989247311
9115,0.9829,1,0,1,676208,236,125749,507,0.0018692180965657079,0.6823687752355316
9116,0.9832,1,0,1,676208,236,125750,506,0.0018692180965657079,0.6819407008086253
9117,0.9833,5,3,5,676211,233,125755,501,0.0018454568495754656,0.6825613079019074
9118,0.9847,0,1,0,676212,232,125755,501,0.0018375364339120518,0.6834924965893588
9119,0.985,17,16,17,676228,216,125772,484,0.0017108097832974276,0.6914285714285714
9120,0.9852,2,1,2,676229,215,125774,482,0.0017028893676340135,0.6915351506456241
9121,0.9857,2,0,2,676229,215,125776,480,0.0017028893676340135,0.6906474820143885
9122,0.986,1,0,1,676229,215,125777,479,0.0017028893676340135,0.6902017291066282
9123,0.9862,1,0,1,676229,215,125778,478,0.0017028893676340135,0.6897546897546898
9124,0.9867,8,10,8,676239,205,125786,470,0.0016236852109998733,0.6962962962962963
9125,0.9875,2,4,2,676243,201,125788,468,0.0015920035483462172,0.6995515695067265
9126,0.988,2,1,2,676244,200,125790,466,0.0015840831326828031,0.6996996996996997
9127,0.989,1,1,1,676245,199,125791,465,0.0015761627170193893,0.7003012048192772
9128,0.99,274,88,274,676333,111,126065,191,0.0008791661386389558,0.6324503311258278
9129,0.9901,2,0,2,676333,111,126067,189,0.0008791661386389558,0.63
9130,0.9908,3,0,3,676333,111,126070,186,0.0008791661386389558,0.6262626262626263
9131,0.9925,0,2,0,676335,109,126070,186,0.0008633253073121277,0.6305084745762712
9132,0.9926,1,0,1,676335,109,126071,185,0.0008633253073121277,0.6292517006802721
9133,0.9927,0,2,0,676337,107,126071,185,0.0008474844759852997,0.6335616438356164
9134,0.9933,2,8,2,676345,99,126073,183,0.0007841211506779876,0.648936170212766
9135,0.995,13,2,13,676347,97,126086,170,0.0007682803193511595,0.6367041198501873
9136,0.9957,0,1,0,676348,96,126086,170,0.0007603599036877456,0.6390977443609023
9137,0.9967,2,5,2,676353,91,126088,168,0.0007207578253706755,0.6486486486486487
9138,0.9975,0,9,0,676362,82,126088,168,0.0006494740843999493,0.672
9139,0.998,1,0,1,676362,82,126089,167,0.0006494740843999493,0.6706827309236948
9140,0.9988,1,1,1,676363,81,126090,166,0.0006415536687365353,0.6720647773279352
9141,0.999,0,1,0,676364,80,126090,166,0.0006336332530731213,0.6747967479674797
9142,1.0,166,80,166,676444,0,126256,0,0.0,
