,y_proba,y_test,Neg,Pos,TN,FP,FN,TP,FP/P,Prec
0,0.0,0,127,0,127,676317,0,126256,5.356711760233177,0.1573140387229573
1,0.01,0,239,0,366,676078,0,126256,5.354818780889621,0.15736089957548852
2,0.0157,0,1,0,367,676077,0,126256,5.3548108604739575,0.15736109570465132
3,0.02,5,510,5,877,675567,5,126251,5.350771448485617,0.1574559313959028
4,0.0225,0,1,0,878,675566,5,126251,5.350763528069953,0.15745612776980283
5,0.025,0,2,0,880,675564,5,126251,5.350747687238626,0.15745652051907236
6,0.0267,0,1,0,881,675563,5,126251,5.350739766822963,0.15745671689444185
7,0.03,8,907,8,1788,674656,13,126243,5.343555949816246,0.15762661708904618
8,0.0333,0,3,0,1791,674653,13,126243,5.343532188569256,0.15762720752756912
9,0.035,0,2,0,1793,674651,13,126243,5.343516347737929,0.1576276011557085
10,0.0367,0,1,0,1794,674650,13,126243,5.3435084273222655,0.1576277979705154
11,0.04,12,1385,12,3179,673265,25,126231,5.332538651628438,0.15788821957833435
12,0.0417,0,1,0,3180,673264,25,126231,5.332530731212774,0.1578884170632712
13,0.0425,0,1,0,3181,673263,25,126231,5.33252281079711,0.15788861454870207
14,0.0433,0,4,0,3185,673259,25,126231,5.332491129134457,0.1578894044953658
15,0.045,0,2,0,3187,673257,25,126231,5.33247528830313,0.15788979947166187
16,0.046,0,1,0,3188,673256,25,126231,5.332467367887467,0.15788999696055095
17,0.0467,0,4,0,3192,673252,25,126231,5.332435686224813,0.15789078692104772
18,0.0483,0,1,0,3193,673251,25,126231,5.3324277658091495,0.15789098441240704
19,0.05,15,1910,15,5103,671341,40,126216,5.317299771892029,0.15825326591077504
20,0.052,0,1,0,5104,671340,40,126216,5.317291851476366,0.15825346433353896
21,0.0533,0,6,0,5110,671334,40,126216,5.317244328982385,0.15825465488057175
22,0.054,0,2,0,5112,671332,40,126216,5.317228488151058,0.15825505173356338
23,0.055,0,10,0,5122,671322,40,126216,5.317149283994424,0.15825703602837732
24,0.0557,0,1,0,5123,671321,40,126216,5.31714136357876,0.15825723446059556
25,0.056,0,1,0,5124,671320,40,126216,5.317133443163097,0.1582574328933114
26,0.0567,0,5,0,5129,671315,40,126216,5.31709384108478,0.15825842506435486
27,0.0575,0,3,0,5132,671312,40,126216,5.31707007983779,0.15825902037295242
28,0.058,0,1,0,5133,671311,40,126216,5.317062159422126,0.15825921881014687
29,0.06,19,2382,19,7515,668929,59,126197,5.298195729311875,0.15871321023334667
30,0.0625,0,1,0,7516,668928,59,126197,5.298187808896211,0.15871340984121993
31,0.0633,0,8,0,7524,668920,59,126197,5.298124445570903,0.15871500672228112
32,0.064,0,1,0,7525,668919,59,126197,5.2981165251552405,0.15871520633467318
33,0.065,0,9,0,7534,668910,59,126197,5.298045241414269,0.15871700286879628
34,0.0662,0,1,0,7535,668909,59,126197,5.298037320998606,0.15871720248620938
35,0.0667,0,1,0,7536,668908,59,126197,5.2980294005829425,0.1587174021041246
36,0.0675,0,3,0,7539,668905,59,126197,5.298005639335952,0.158718000960883
37,0.07,31,2968,31,10507,665937,90,126166,5.274497845646939,0.15927979063328884
38,0.072,0,1,0,10508,665936,90,126166,5.2744899252312765,0.1592799917182383
39,0.0725,0,4,0,10512,665932,90,126166,5.274458243568622,0.1592807960631134
40,0.0733,1,15,1,10527,665917,91,126165,5.274339437333671,0.15928275102830264
41,0.074,0,1,0,10528,665916,91,126165,5.274331516918008,0.15928295212232083
42,0.075,0,16,0,10544,665900,91,126165,5.274204790267393,0.15928616969566892
43,0.076,0,1,0,10545,665899,91,126165,5.27419686985173,0.15928637079831934
44,0.0767,0,6,0,10551,665893,91,126165,5.274149347357749,0.15928757742488556
45,0.0783,0,1,0,10552,665892,91,126165,5.274141426942086,0.15928777853109058
46,0.079,0,1,0,10553,665891,91,126165,5.2741335065264225,0.1592879796378034
47,0.08,43,3332,43,13885,662559,134,126122,5.247742681535927,0.15991509875348842
48,0.0817,0,1,0,13886,662558,134,126122,5.247734761120263,0.1599153015164579
49,0.0825,0,2,0,13888,662556,134,126122,5.2477189202889365,0.15991570704393934
50,0.0829,0,1,0,13889,662555,134,126122,5.247710999873274,0.15991590980845136
51,0.0833,0,16,0,13905,662539,134,126122,5.2475842732226585,0.15991915411057475
52,0.084,0,2,0,13907,662537,134,126122,5.247568432391332,0.159919559657596
53,0.0842,0,1,0,13908,662536,134,126122,5.247560511975668,0.15991976243187794
54,0.085,0,19,0,13927,662517,134,126122,5.2474100240780635,0.1599236152409404
55,0.086,0,1,0,13928,662516,134,126122,5.247402103662401,0.15992381802550726
56,0.0867,0,13,0,13941,662503,134,126122,5.247299138258776,0.15992645427167537
57,0.0871,0,2,0,13943,662501,134,126122,5.247283297427449,0.1599268598557232
58,0.0875,0,5,0,13948,662496,134,126122,5.247243695349132,0.15992787382484294
59,0.0883,0,1,0,13949,662495,134,126122,5.247235774933468,0.1599280766202098
60,0.09,52,3954,52,17903,658541,186,126070,5.21591845140033,0.1606783488888124
61,0.0917,0,1,0,17904,658540,186,126070,5.215910530984666,0.16067855367634876
62,0.0925,1,4,1,17908,658536,187,126069,5.215878849322013,0.16067830309518802
63,0.0933,1,13,1,17921,658523,188,126068,5.215775883918388,0.1606798956398939
64,0.094,0,6,0,17927,658517,188,126068,5.215728361424407,0.16068112441609259
65,0.095,0,40,0,17967,658477,188,126068,5.215411544797871,0.16068931673772696
66,0.096,0,6,0,17973,658471,188,126068,5.21536402230389,0.16069054565802338
67,0.0967,0,13,0,17986,658458,188,126068,5.215261056900266,0.1606932083831511
68,0.0971,0,1,0,17987,658457,188,126068,5.215253136484603,0.16069341321181607
69,0.0975,1,4,1,17991,658453,189,126067,5.215221454821949,0.16069316269821038
70,0.098,1,2,1,17993,658451,190,126066,5.215205613990622,0.1606925025206592
71,0.0983,0,2,0,17995,658449,190,126066,5.215189773159295,0.16069291218141143
72,0.1,66,4669,66,22664,653780,256,126000,5.178209352426816,0.1615840365231219
73,0.1017,1,0,1,22664,653780,257,125999,5.178209352426816,0.1615829613262219
74,0.102,0,1,0,22665,653779,257,125999,5.178201432011152,0.1615831685428417
75,0.1025,0,3,0,22668,653776,257,125999,5.178177670764161,0.16158379019588984
76,0.1033,0,21,0,22689,653755,257,125999,5.17801134203523,0.1615881419011637
77,0.104,0,4,0,22693,653751,257,125999,5.177979660372577,0.16158897082398205
78,0.105,0,38,0,22731,653713,257,125999,5.177678684577367,0.16159684601493884
79,0.106,0,3,0,22734,653710,257,125999,5.177654923330376,0.16159746777323336
80,0.1067,0,19,0,22753,653691,257,125999,5.1775044354327715,0.16160140568687556
81,0.1075,0,6,0,22759,653685,257,125999,5.177456912938791,0.16160264927842563
82,0.108,0,1,0,22760,653684,257,125999,5.177448992523128,0.1616028565455448
83,0.1083,0,1,0,22761,653683,257,125999,5.177441072107464,0.16160306381319564
84,0.109,0,1,0,22762,653682,257,125999,5.177433151691801,0.16160327108137815
85,0.11,78,5129,78,27891,648553,335,125921,5.1368093397541505,0.1625890604461867
86,0.1123,0,1,0,27892,648552,335,125921,5.136801419338487,0.16258927038127863
87,0.1125,0,9,0,27901,648543,335,125921,5.136730135597516,0.16259115982150235
88,0.1129,0,1,0,27902,648542,335,125921,5.136722215181853,0.16259136976201574
89,0.1133,0,30,0,27932,648512,335,125921,5.13648460271195,0.1625976682295305
90,0.1138,0,2,0,27934,648510,335,125921,5.136468761880623,0.16259808814471527
91,0.114,0,3,0,27937,648507,335,125921,5.136445000633633,0.16259871802155915
92,0.1142,0,1,0,27938,648506,335,125921,5.13643708021797,0.16259892798159156
93,0.115,1,68,1,28006,648438,336,125920,5.135898491952858,0.1626121251410846
94,0.1157,0,2,0,28008,648436,336,125920,5.1358826511215305,0.16261254513427933
95,0.116,0,7,0,28015,648429,336,125920,5.135827208211887,0.16261401512754584
96,0.1162,0,1,0,28016,648428,336,125920,5.135819287796224,0.16261422512875348
97,0.1167,0,17,0,28033,648411,336,125920,5.135684640729946,0.16261779523227146
98,0.1173,0,1,0,28034,648410,336,125920,5.135676720314282,0.16261800524324255
99,0.1175,0,16,0,28050,648394,336,125920,5.135549993663667,0.16262136549255213
100,0.12,89,5740,89,33790,642654,425,125831,5.090086807755671,0.1637390450041315
101,0.121,0,1,0,33791,642653,425,125831,5.090078887340008,0.16373925807173603
102,0.1217,0,1,0,33792,642652,425,125831,5.090070966924344,0.1637394711398951
103,0.122,0,1,0,33793,642651,425,125831,5.090063046508681,0.16373968420860865
104,0.1225,1,6,1,33799,642645,426,125830,5.0900155240147,0.16373987442662416
105,0.1233,0,24,0,33823,642621,426,125830,5.0898254340387785,0.16374498829463427
106,0.124,0,7,0,33830,642614,426,125830,5.089769991129135,0.16374647989964136
107,0.1243,0,1,0,33831,642613,426,125830,5.089762070713471,0.1637466929882893
108,0.125,1,60,1,33891,642553,427,125829,5.089286845773667,0.16375839100863893
109,0.1257,0,1,0,33892,642552,427,125829,5.089278925358003,0.1637586041299824
110,0.126,0,6,0,33898,642546,427,125829,5.089231402864022,0.16375988286969254
111,0.1267,0,31,0,33929,642515,427,125829,5.0889858699784565,0.16376649000968316
112,0.1271,0,1,0,33930,642514,427,125829,5.088977949562793,0.16376670315210784
113,0.1273,0,1,0,33931,642513,427,125829,5.08897002914713,0.16376691629508736
114,0.1275,0,9,0,33940,642504,427,125829,5.0888987454061585,0.16376883460686967
115,0.128,0,1,0,33941,642503,427,125829,5.088890824990496,0.1637690477553974
116,0.1283,0,2,0,33943,642501,427,125829,5.088874984159169,0.16376947405411738
117,0.129,0,1,0,33944,642500,427,125829,5.088867063743505,0.16376968720430962
118,0.13,120,6319,120,40263,636181,547,125709,5.038817957166392,0.16499625930252398
119,0.1308,0,1,0,40264,636180,547,125709,5.0388100367507285,0.16499647586459446
120,0.1317,0,3,0,40267,636177,547,125709,5.038786275503738,0.16499712555421678
121,0.132,0,1,0,40268,636176,547,125709,5.038778355088075,0.1649973421185612
122,0.1325,0,7,0,40275,636169,547,125709,5.038722912178431,0.16499885808489023
123,0.1333,0,24,0,40299,636145,547,125709,5.038532822202509,0.16500405589522402
124,0.1337,0,1,0,40300,636144,547,125709,5.038524901786846,0.16500427247776145
125,0.134,0,3,0,40303,636141,547,125709,5.038501140539855,0.16500492222878518
126,0.135,3,68,3,40371,636073,550,125706,5.0379625522747435,0.1650163630134199
127,0.136,0,5,0,40376,636068,550,125706,5.037922950196426,0.1650174461191902
128,0.1367,1,30,1,40406,636038,551,125705,5.037685337726524,0.16502284891360997
129,0.1371,0,1,0,40407,636037,551,125705,5.03767741731086,0.16502306555237864
130,0.1375,0,12,0,40419,636025,551,125705,5.037582372322899,0.16502566526196946
131,0.1379,0,1,0,40420,636024,551,125705,5.037574451907236,0.1650258819081327
132,0.138,0,1,0,40421,636023,551,125705,5.0375665314915725,0.16502609855486472
133,0.1383,0,2,0,40423,636021,551,125705,5.037550690660246,0.16502653185003532
134,0.1386,0,4,0,40427,636017,551,125705,5.0375190089975925,0.16502739844720252
135,0.14,132,6933,132,47360,629084,683,125573,4.982606767203142,0.16639744943729404
136,0.1414,0,1,0,47361,629083,683,125573,4.9825988467874796,0.1663976699317305
137,0.1417,1,1,1,47362,629082,684,125572,4.982590926371816,0.166396785811776
138,0.142,0,1,0,47363,629081,684,125572,4.982583005956153,0.1663970063062096
139,0.1425,0,6,0,47369,629075,684,125572,4.982535483462172,0.16639832928508297
140,0.1433,0,36,0,47405,629039,684,125572,4.982250348498289,0.16640626760012775
141,0.144,0,9,0,47414,629030,684,125572,4.982179064757318,0.1664082522972375
142,0.145,2,79,2,47493,628951,686,125570,4.981553351919909,0.16642346601353705
143,0.146,0,6,0,47499,628945,686,125570,4.981505829425928,0.16642478943427236
144,0.1467,0,35,0,47534,628910,686,125570,4.9812286148777085,0.16643250980807975
145,0.1471,0,2,0,47536,628908,686,125570,4.981212774046382,0.16643295099393224
146,0.1473,0,1,0,47537,628907,686,125570,4.981204853630719,0.1664331715877356
147,0.1475,0,18,0,47555,628889,686,125570,4.981062286148777,0.16643714237619275
148,0.1483,0,3,0,47558,628886,686,125570,4.981038524901787,0.16643780419268983
149,0.149,0,1,0,47559,628885,686,125570,4.981030604486123,0.16643802479935849
150,0.1493,0,1,0,47560,628884,686,125570,4.98102268407046,0.16643824540661192
151,0.15,127,7273,127,54833,621611,813,125443,4.92341750095045,0.16791691095958258
152,0.1508,0,1,0,54834,621610,813,125443,4.923409580534787,0.16791713573200295
153,0.151,0,1,0,54835,621609,813,125443,4.923401660119123,0.1679173605050251
154,0.1517,0,2,0,54837,621607,813,125443,4.923385819287796,0.16791781005287465
155,0.152,0,5,0,54842,621602,813,125443,4.923346217209479,0.16791893393302948
156,0.1525,0,4,0,54846,621598,813,125443,4.923314535546825,0.16791983304798533
157,0.1529,0,2,0,54848,621596,813,125443,4.923298694715498,0.16792028260907396
158,0.1533,1,56,1,54904,621540,814,125442,4.922855151438347,0.16793175739174437
159,0.1538,0,1,0,54905,621539,814,125442,4.9228472310226845,0.16793198220570538
160,0.154,0,7,0,54912,621532,814,125442,4.92279178811304,0.1679335559202864
161,0.155,0,78,0,54990,621454,814,125442,4.922173995691294,0.16795109359268226
162,0.156,0,7,0,54997,621447,814,125442,4.92211855278165,0.1679526676654764
163,0.1567,0,35,0,55032,621412,814,125442,4.92184133823343,0.16796053847204406
164,0.1575,0,15,0,55047,621397,814,125442,4.921722531998479,0.16796391190069077
165,0.158,0,5,0,55052,621392,814,125442,4.921682929920162,0.16796503640701949
166,0.1583,0,3,0,55055,621389,814,125442,4.921659168673172,0.16796571111804412
167,0.1586,0,1,0,55056,621388,814,125442,4.9216512482575085,0.16796593602292356
168,0.16,176,7902,176,62958,613486,990,125266,4.859064123685211,0.16956434635709955
169,0.1617,0,8,0,62966,613478,990,125266,4.859000760359904,0.16956618260182146
170,0.162,0,5,0,62971,613473,990,125266,4.858961158281587,0.16956733027496856
171,0.1625,0,16,0,62987,613457,990,125266,4.858834431630972,0.16957100293344055
172,0.1629,0,2,0,62989,613455,990,125266,4.858818590799645,0.16957146202693574
173,0.1633,0,48,0,63037,613407,990,125266,4.858438410847802,0.1695824810166339
174,0.164,1,8,1,63045,613399,991,125265,4.858375047522494,0.16958319344113157
175,0.165,0,107,0,63152,613292,991,125265,4.857527563046509,0.16960776216324536
176,0.1657,0,2,0,63154,613290,991,125265,4.857511722215182,0.16960822145947155
177,0.1658,0,2,0,63156,613288,991,125265,4.857495881383855,0.16960868075818525
178,0.166,0,9,0,63165,613279,991,125265,4.8574245976428845,0.16961074763318096
179,0.1667,4,56,4,63221,613223,995,125261,4.8569810543657335,0.16961911158535595
180,0.167,0,1,0,63222,613222,995,125261,4.85697313395007,0.16961934127122763
181,0.1671,0,2,0,63224,613220,995,125261,4.856957293118743,0.16961980064483717
182,0.1675,0,16,0,63240,613204,995,125261,4.856830566468128,0.16962347572329087
183,0.168,0,6,0,63246,613198,995,125261,4.856783043974148,0.1696248539187687
184,0.1683,0,6,0,63252,613192,995,125261,4.856735521480167,0.1696262321366424
185,0.1686,0,1,0,63253,613191,995,125261,4.856727601064504,0.1696264618417988
186,0.169,0,5,0,63258,613186,995,125261,4.856687998986187,0.16962761037691262
187,0.1692,0,1,0,63259,613185,995,125261,4.856680078570523,0.1696278400858018
188,0.1695,0,1,0,63260,613184,995,125261,4.8566721581548595,0.1696280697953131
189,0.17,194,8512,194,71772,604672,1189,125067,4.7892535800278795,0.17138593387498818
190,0.1704,0,1,0,71773,604671,1189,125067,4.789245659612217,0.1713861687345321
191,0.1717,0,2,0,71775,604669,1189,125067,4.78922981878089,0.17138663845555105
192,0.172,0,6,0,71781,604663,1189,125067,4.789182296286909,0.17138804763405643
193,0.1725,0,16,0,71797,604647,1189,125067,4.789055569636295,0.17139180555669756
194,0.1727,0,2,0,71799,604645,1189,125067,4.789039728804967,0.1713922753086149
195,0.1729,0,1,0,71800,604644,1189,125067,4.789031808389304,0.1713925101855392
196,0.1733,1,54,1,71854,604590,1190,125066,4.78860410594348,0.17140405889898802
197,0.1737,0,1,0,71855,604589,1190,125066,4.788596185527816,0.17140429381008834
198,0.174,0,12,0,71867,604577,1190,125066,4.788501140539855,0.17140711279351684
199,0.1743,0,2,0,71869,604575,1190,125066,4.788485299708529,0.17140758263310313
200,0.1746,0,1,0,71870,604574,1190,125066,4.788477379292865,0.17140781755386217
201,0.175,4,119,4,71989,604455,1194,125062,4.787534849828919,0.17143123463880897
202,0.1757,0,1,0,71990,604454,1194,125062,4.787526929413255,0.17143146963192035
203,0.176,0,7,0,71997,604447,1194,125062,4.787471486503612,0.171433114601739
204,0.1762,0,1,0,71998,604446,1194,125062,4.787463566087948,0.1714333496000044
205,0.1767,1,55,1,72053,604391,1195,125061,4.787027943226461,0.17144513963907151
206,0.1771,0,1,0,72054,604390,1195,125061,4.787020022810797,0.17144537467218499
207,0.1775,1,17,1,72071,604373,1196,125060,4.786885375744519,0.17144823445059382
208,0.178,0,5,0,72076,604368,1196,125060,4.786845773666202,0.17144940967442981
209,0.1786,0,2,0,72078,604366,1196,125060,4.786829932834875,0.17144987976847548
210,0.1787,0,1,0,72079,604365,1196,125060,4.786822012419211,0.17145011481646502
211,0.179,0,2,0,72081,604363,1196,125060,4.786806171587885,0.17145058491437754
212,0.1793,0,1,0,72082,604362,1196,125060,4.786798251172222,0.1714508199643005
213,0.18,198,8906,198,80988,595456,1394,124862,4.716259029273856,0.1733428846703817
214,0.1817,0,5,0,80993,595451,1394,124862,4.716219427195539,0.17334408791733594
215,0.182,0,5,0,80998,595446,1394,124862,4.716179825117222,0.1733452911809948
216,0.1825,0,20,0,81018,595426,1394,124862,4.716021416803954,0.17335010440268336
217,0.1833,0,52,0,81070,595374,1394,124862,4.715609555189456,0.17336262003010125
218,0.184,0,5,0,81075,595369,1394,124862,4.71556995311114,0.17336382355105515
219,0.1842,0,2,0,81077,595367,1394,124862,4.715554112279812,0.1733643049641156
220,0.1844,0,1,0,81078,595366,1394,124862,4.715546191864149,0.1733645456716484
221,0.185,5,139,5,81217,595227,1399,124857,4.714445254086934,0.17339227090172812
222,0.1857,0,1,0,81218,595226,1399,124857,4.714437333671271,0.1733925116965683
223,0.1858,0,1,0,81219,595225,1399,124857,4.7144294132556075,0.17339275249207728
224,0.186,1,21,1,81240,595204,1400,124856,4.714263084526676,0.17339666138932866
225,0.1862,0,1,0,81241,595203,1400,124856,4.714255164111012,0.1733969021982921
226,0.1867,2,47,2,81288,595156,1402,124854,4.713882904574832,0.17340592491770948
227,0.1871,0,3,0,81291,595153,1402,124854,4.713859143327842,0.17340664743537215
228,0.1875,1,20,1,81311,595133,1403,124853,4.713700735014574,0.17341031631170606
229,0.188,0,4,0,81315,595129,1403,124853,4.71366905335192,0.1734112797264376
230,0.1883,0,4,0,81319,595125,1403,124853,4.713637371689266,0.1734122431518741
231,0.1893,0,1,0,81320,595124,1403,124853,4.7136294512736026,0.17341248400990586
232,0.19,249,9318,249,90638,585806,1652,124604,4.6398270181219115,0.17539730578116863
233,0.191,0,3,0,90641,585803,1652,124604,4.639803256874921,0.175398046471952
234,0.1917,1,3,1,90644,585800,1653,124603,4.639779495627931,0.17539762641768122
235,0.192,0,4,0,90648,585796,1653,124603,4.639747813965277,0.17539861401831927
236,0.1924,0,1,0,90649,585795,1653,124603,4.6397398935496135,0.17539886092021656
237,0.1925,0,17,0,90666,585778,1653,124603,4.6396052464833355,0.17540305835882436
238,0.1929,0,2,0,90668,585776,1653,124603,4.639589405652009,0.1754035521883389
239,0.1933,0,58,0,90726,585718,1653,124603,4.63913002154353,0.17541787445394405
240,0.1935,0,1,0,90727,585717,1653,124603,4.639122101127867,0.1754181214100687
241,0.194,0,14,0,90741,585703,1653,124603,4.639011215308579,0.17542157886882556
242,0.1942,0,2,0,90743,585701,1653,124603,4.638995374477252,0.17542207280263097
243,0.1943,0,1,0,90744,585700,1653,124603,4.638987454061589,0.1754223197705768
244,0.195,4,135,4,90879,585565,1657,124599,4.6379181979470285,0.17545102258069967
245,0.1957,0,3,0,90882,585562,1657,124599,4.637894436700038,0.1754517637549795
246,0.1958,0,1,0,90883,585561,1657,124599,4.637886516284374,0.17545201081446435
247,0.196,0,17,0,90900,585544,1657,124599,4.637751869218096,0.17545621093216437
248,0.1962,0,1,0,90901,585543,1657,124599,4.6377439488024335,0.1754564580041738
249,0.1967,1,51,1,90952,585492,1658,124598,4.637340007603599,0.1754678984354096
250,0.1971,0,2,0,90954,585490,1658,124598,4.637324166772272,0.1754683926499251
251,0.1973,1,0,1,90954,585490,1659,124597,4.637324166772272,0.17546723148008625
252,0.1975,1,18,1,90972,585472,1660,124596,4.637181599290331,0.1754705183165556
253,0.198,0,6,0,90978,585466,1660,124596,4.63713407679635,0.1754720010365292
254,0.1983,1,5,1,90983,585461,1661,124595,4.637094474718033,0.17547207544193696
255,0.1985,0,1,0,90984,585460,1661,124595,4.637086554302369,0.17547232256656176
256,0.1986,0,1,0,90985,585459,1661,124595,4.6370786338867065,0.1754725696918826
257,0.199,0,1,0,90986,585458,1661,124595,4.637070713471043,0.1754728168178995
258,0.2,267,9749,267,100735,575709,1928,124328,4.55985458116842,0.17760204103497387
259,0.2008,0,1,0,100736,575708,1928,124328,4.559846660752756,0.1776022947391277
260,0.201,0,2,0,100738,575706,1928,124328,4.559830819921429,0.17760280214960988
261,0.2017,0,3,0,100741,575703,1928,124328,4.559807058674439,0.17760356327076943
262,0.202,0,2,0,100743,575701,1928,124328,4.559791217843112,0.17760407068850004
263,0.2025,0,25,0,100768,575676,1928,124328,4.559593207451527,0.17761041365477911
264,0.2029,0,1,0,100769,575675,1928,124328,4.559585287035864,0.17761066738285408
265,0.203,0,1,0,100770,575674,1928,124328,4.5595773666202,0.17761092111165397
266,0.2033,1,65,1,100835,575609,1929,124327,4.5590625396020785,0.1776262401133818
267,0.204,0,12,0,100847,575597,1929,124327,4.558967494614118,0.1776292854652791
268,0.2042,0,1,0,100848,575596,1929,124327,4.558959574198454,0.17762953924931743
269,0.205,4,132,4,100980,575464,1933,124323,4.557914079330883,0.17765834461057436
270,0.206,0,13,0,100993,575451,1933,124323,4.557811113927259,0.17766164504540038
271,0.2062,0,1,0,100994,575450,1933,124323,4.557803193511596,0.1776618989300816
272,0.2067,1,71,1,101065,575379,1934,124322,4.557240843999493,0.17767875135236336
273,0.2075,2,25,2,101090,575354,1936,124320,4.557042833607908,0.17768274939471812
274,0.208,2,4,2,101094,575350,1938,124318,4.557011151945254,0.17768141461378825
275,0.2083,0,6,0,101100,575344,1938,124318,4.556963629451274,0.17768293833308083
276,0.2086,0,1,0,101101,575343,1938,124318,4.55695570903561,0.17768319228883703
277,0.209,0,1,0,101102,575342,1938,124318,4.556947788619947,0.17768344624531915
278,0.21,320,10282,320,111384,565060,2258,123998,4.4755100747687235,0.17995292123449694
279,0.211,0,1,0,111385,565059,2258,123998,4.475502154353061,0.17995318239274835
280,0.2117,0,3,0,111388,565056,2258,123998,4.47547839310607,0.17995396587205068
281,0.212,0,4,0,111392,565052,2258,123998,4.475446711443417,0.17995501052173282
282,0.2125,0,36,0,111428,565016,2258,123998,4.475161576479533,0.1799644129146868
283,0.2129,0,1,0,111429,565015,2258,123998,4.4751536560638705,0.17996467410629408
284,0.2133,0,83,0,111512,564932,2258,123998,4.474496261563807,0.1799863556529691
285,0.2137,0,1,0,111513,564931,2258,123998,4.4744883411481435,0.17998661690827356
286,0.214,0,10,0,111523,564921,2258,123998,4.474409136991509,0.179989229503033
287,0.2142,0,1,0,111524,564920,2258,123998,4.4744012165758456,0.1799894907666805
288,0.2147,0,2,0,111526,564918,2258,123998,4.474385375744519,0.17999001329625092
289,0.215,3,165,3,111691,564753,2261,123995,4.473078507160055,0.18002956088438732
290,0.2157,0,3,0,111694,564750,2261,123995,4.473054745913066,0.18003034504787693
291,0.2158,0,1,0,111695,564749,2261,123995,4.473046825497402,0.18003060643722485
292,0.216,0,18,0,111713,564731,2261,123995,4.47290425801546,0.18003531157528538
293,0.2162,0,1,0,111714,564730,2261,123995,4.472896337599797,0.1800355729790555
294,0.2167,2,76,2,111790,564654,2263,123993,4.472294386009378,0.18005306056658926
295,0.2171,0,1,0,111791,564653,2263,123993,4.472286465593714,0.18005332202612082
296,0.2175,0,33,0,111824,564620,2263,123993,4.472025091876822,0.18006195061667438
297,0.218,0,7,0,111831,564613,2263,123993,4.471969648967177,0.18006378103008105
298,0.2183,0,9,0,111840,564604,2263,123993,4.471898365226207,0.1800661344734293
299,0.2192,0,1,0,111841,564603,2263,123993,4.471890444810544,0.18006639597093216
300,0.22,355,10528,355,122369,554075,2618,123638,4.388504308706121,0.18243415723174855
301,0.2208,0,1,0,122370,554074,2618,123638,4.3884963882904575,0.18243442642302335
302,0.221,0,1,0,122371,554073,2618,123638,4.388488467874794,0.18243469561509257
303,0.2213,0,3,0,122374,554070,2618,123638,4.388464706627804,0.18243550319606675
304,0.2217,0,5,0,122379,554065,2618,123638,4.388425104549487,0.18243684918024564
305,0.222,0,4,0,122383,554061,2618,123638,4.388393422886833,0.1824379259818887
306,0.2225,0,27,0,122410,554034,2618,123638,4.388179571663921,0.1824451947254719
307,0.2227,1,1,1,122411,554033,2619,123637,4.388171651248258,0.182444257529476
308,0.2229,0,2,0,122413,554031,2619,123637,4.38815581041693,0.182444795976791
309,0.223,0,1,0,122414,554030,2619,123637,4.388147890001267,0.18244506520164033
310,0.2233,2,89,2,122503,553941,2621,123635,4.387442973007223,0.18246661629101385
311,0.224,0,11,0,122514,553930,2621,123635,4.387355848434926,0.18246957856441817
312,0.2243,0,1,0,122515,553929,2621,123635,4.387347928019262,0.18246984786676979
313,0.2244,0,1,0,122516,553928,2621,123635,4.387340007603599,0.1824701171699163
314,0.225,6,182,6,122698,553746,2627,123629,4.385898491952858,0.1825119025650489
315,0.2257,0,1,0,122699,553745,2627,123629,4.385890571537194,0.18251217200542094
316,0.2258,0,1,0,122700,553744,2627,123629,4.3858826511215305,0.1825124414465885
317,0.226,1,17,1,122717,553727,2628,123628,4.385748004055253,0.1825158151929195
318,0.2262,1,2,1,122719,553725,2629,123627,4.385732163223926,0.1825151472203522
319,0.2267,2,84,2,122803,553641,2631,123625,4.385066848308199,0.1825353701499854
320,0.227,0,1,0,122804,553640,2631,123625,4.385058927892536,0.18253563966837205
321,0.2273,0,1,0,122805,553639,2631,123625,4.385051007476872,0.18253590918755463
322,0.2275,0,25,0,122830,553614,2631,123625,4.384852997085287,0.18254264742579798
323,0.2278,0,1,0,122831,553613,2631,123625,4.384845076669624,0.1825429169656753
324,0.228,0,14,0,122845,553599,2631,123625,4.3847341908503354,0.182546690607539
325,0.2283,0,9,0,122854,553590,2631,123625,4.384662907109365,0.18254911660255604
326,0.2286,0,1,0,122855,553589,2631,123625,4.384654986693702,0.1825493861615383
327,0.23,367,11072,367,133927,542517,2998,123258,4.296960144468382,0.18513461755097443
328,0.2308,0,1,0,133928,542516,2998,123258,4.296952224052719,0.1851348956252422
329,0.2313,0,1,0,133929,542515,2998,123258,4.296944303637055,0.18513517370034532
330,0.2315,0,1,0,133930,542514,2998,123258,4.296936383221391,0.18513545177628377
331,0.2317,0,6,0,133936,542508,2998,123258,4.296888860727411,0.18513712024945703
332,0.232,0,4,0,133940,542504,2998,123258,4.296857179064757,0.18513823258161324
333,0.2321,0,1,0,133941,542503,2998,123258,4.296849258649094,0.18513851066674078
334,0.2324,0,1,0,133942,542502,2998,123258,4.29684133823343,0.18513878875270368
335,0.2325,0,44,0,133986,542458,2998,123258,4.29649283994424,0.18515102536216646
336,0.2329,0,1,0,133987,542457,2998,123258,4.296484919528577,0.18515130348572587
337,0.2333,5,79,5,134066,542378,3003,123253,4.295859206691167,0.18516715717867707
338,0.2337,0,1,0,134067,542377,3003,123253,4.295851286275504,0.1851674353619879
339,0.234,0,12,0,134079,542365,3003,123253,4.295756241287543,0.18517077362691514
340,0.2342,1,1,1,134080,542364,3004,123252,4.295748320871879,0.18516982764837384
341,0.235,6,189,6,134269,542175,3010,123246,4.294251362311494,0.1852150743664537
342,0.236,0,9,0,134278,542166,3010,123246,4.294180078570523,0.18521757948459
343,0.2367,1,101,1,134379,542065,3011,123245,4.293380116588518,0.18524447250154064
344,0.237,0,1,0,134380,542064,3011,123245,4.2933721961728555,0.1852447509352797
345,0.2371,0,3,0,134383,542061,3011,123245,4.293348434925865,0.18524558624151893
346,0.2373,0,1,0,134384,542060,3011,123245,4.293340514510201,0.18524586467860604
347,0.2375,2,21,2,134405,542039,3013,123243,4.29317418578127,0.18524926271866668
348,0.238,1,7,1,134412,542032,3014,123242,4.293118742871626,0.1852499872233095
349,0.2383,0,8,0,134420,542024,3014,123242,4.293055379546319,0.1852522149035123
350,0.2386,0,1,0,134421,542023,3014,123242,4.293047459130655,0.18525249336730476
351,0.24,437,11340,437,145761,530683,3451,122805,4.20322994550754,0.18792234899493182
352,0.241,0,1,0,145762,530682,3451,122805,4.203222025091877,0.18792263656354297
353,0.2417,0,5,0,145767,530677,3451,122805,4.20318242301356,0.18792407441980039
354,0.242,0,10,0,145777,530667,3451,122805,4.203103218856926,0.18792695019832525
355,0.2425,0,30,0,145807,530637,3451,122805,4.202865606387023,0.18793557806201622
356,0.2433,5,80,5,145887,530557,3456,122800,4.20223197313395,0.18795237519457203
357,0.244,0,12,0,145899,530545,3456,122800,4.202136928145989,0.1879558273194101
358,0.2442,0,2,0,145901,530543,3456,122800,4.202121087314662,0.18795640268587863
359,0.2443,0,6,0,145907,530537,3456,122800,4.202073564820682,0.18795812880641996
360,0.245,6,210,6,146117,530327,3462,122794,4.200410277531365,0.18801110360867282
361,0.2457,0,1,0,146118,530326,3462,122794,4.200402357115702,0.18801139147476728
362,0.2458,0,2,0,146120,530324,3462,122794,4.200386516284374,0.18801196720960073
363,0.246,1,14,1,146134,530310,3463,122793,4.200275630465087,0.18801475418119348
364,0.2462,0,1,0,146135,530309,3463,122793,4.200267710049423,0.18801504206081132
365,0.2464,0,1,0,146136,530308,3463,122793,4.20025978963376,0.18801532994131076
366,0.2467,2,97,2,146233,530211,3465,122791,4.1994915093144085,0.18804077169748332
367,0.2471,0,1,0,146234,530210,3465,122791,4.199483588898746,0.18804105966147067
368,0.2475,0,30,0,146264,530180,3465,122791,4.199245976428843,0.18804969899122626
369,0.248,0,12,0,146276,530168,3465,122791,4.199150931440882,0.18805315494541006
370,0.2483,0,7,0,146283,530161,3465,122791,4.199095488531238,0.18805517097734595
371,0.2486,0,1,0,146284,530160,3465,122791,4.199087568115575,0.18805545898543688
372,0.25,451,11701,451,157985,518459,3916,122340,4.106410784437967,0.19091790093305389
373,0.2508,0,1,0,157986,518458,3916,122340,4.106402864022304,0.19091819887078298
374,0.251,0,1,0,157987,518457,3916,122340,4.106394943606641,0.19091849680944198
375,0.2511,0,1,0,157988,518456,3916,122340,4.106387023190977,0.1909187947490309
376,0.2517,0,10,0,157998,518446,3916,122340,4.106307819034343,0.19092177419606546
377,0.252,1,13,1,158011,518433,3917,122339,4.106204853630719,0.19092438496064124
378,0.2521,0,1,0,158012,518432,3917,122339,4.106196933215055,0.19092468292104356
379,0.2525,0,28,0,158040,518404,3917,122339,4.105975161576479,0.19093302618990765
380,0.2529,0,1,0,158041,518403,3917,122339,4.105967241160816,0.19093332417728195
381,0.2533,2,98,2,158139,518305,3919,122337,4.105191040425802,0.1909600057442378
382,0.2535,0,1,0,158140,518304,3919,122337,4.105183120010138,0.19096030382070459
383,0.2537,0,1,0,158141,518303,3919,122337,4.105175199594474,0.1909606018981019
384,0.254,1,16,1,158157,518287,3920,122336,4.10504847294386,0.19096410837575298
385,0.2542,0,1,0,158158,518286,3920,122336,4.105040552528196,0.19096440646746443
386,0.2543,0,1,0,158159,518285,3920,122336,4.105032632112533,0.19096470456010653
387,0.2547,0,1,0,158160,518284,3920,122336,4.10502471169687,0.19096500265367924
388,0.255,9,217,9,158377,518067,3929,122327,4.103305981497909,0.19101834183330887
389,0.2554,0,1,0,158378,518066,3929,122327,4.103298061082246,0.1910186401163036
390,0.2557,0,2,0,158380,518064,3929,122327,4.103282220250919,0.19101923668508772
391,0.256,0,19,0,158399,518045,3929,122327,4.103131732353314,0.1910249042743905
392,0.2562,0,1,0,158400,518044,3929,122327,4.1031238119376505,0.19102520257788064
393,0.2565,0,1,0,158401,518043,3929,122327,4.103115891521987,0.1910255008823024
394,0.2567,3,110,3,158511,517933,3932,122324,4.102244645799011,0.19105452966543124
395,0.2571,0,1,0,158512,517932,3932,122324,4.1022367253833485,0.1910548280687725
396,0.2575,1,31,1,158543,517901,3933,122323,4.101991192497782,0.1910628155145699
397,0.258,0,18,0,158561,517883,3933,122323,4.101848625015841,0.19106818742717188
398,0.2583,2,12,2,158573,517871,3935,122321,4.1017535800278795,0.19106924172748174
399,0.2586,0,1,0,158574,517870,3935,122321,4.101745659612217,0.1910695401841013
400,0.259,0,1,0,158575,517869,3935,122321,4.101737739196553,0.19106983864165325
401,0.2592,0,2,0,158577,517867,3935,122321,4.101721898365226,0.19107043555955439
402,0.2597,0,1,0,158578,517866,3935,122321,4.101713977949562,0.19107073401990357
403,0.26,520,11842,520,170420,506024,4455,121801,4.007920415663414,0.19400469876159757
404,0.2617,0,7,0,170427,506017,4455,121801,4.0078649727537705,0.19400686186124005
405,0.262,0,7,0,170434,506010,4455,121801,4.007809529844126,0.19400902500911898
406,0.2624,0,1,0,170435,506009,4455,121801,4.007801609428463,0.19400933403418233
407,0.2625,1,34,1,170469,505975,4456,121800,4.007532315295907,0.1940185576042372
408,0.2629,0,1,0,170470,505974,4456,121800,4.007524394880243,0.19401886666220647
409,0.263,0,1,0,170471,505973,4456,121800,4.0075164744645795,0.19401917572116037
410,0.2633,3,112,3,170583,505861,4459,121797,4.0066293879102775,0.1940499443964707
411,0.2638,0,2,0,170585,505859,4459,121797,4.006613547078951,0.19405056272862842
412,0.264,0,17,0,170602,505842,4459,121797,4.006478900012673,0.19405581871107436
413,0.2642,0,2,0,170604,505840,4459,121797,4.006463059181346,0.19405643708066925
414,0.2643,0,2,0,170606,505838,4459,121797,4.006447218350019,0.19405705545420507
415,0.2644,0,1,0,170607,505837,4459,121797,4.006439297934356,0.19405736464245085
416,0.2647,0,1,0,170608,505836,4459,121797,4.006431377518692,0.1940576738316819
417,0.265,6,220,6,170828,505616,4465,121791,4.004688886072741,0.19411801270945336
418,0.2657,0,4,0,170832,505612,4465,121791,4.004657204410088,0.19411925030642188
419,0.2658,0,1,0,170833,505611,4465,121791,4.004649283994424,0.19411955970812972
420,0.266,3,19,3,170852,505592,4468,121788,4.0044987960968195,0.1941215850043036
421,0.2667,3,87,3,170939,505505,4471,121785,4.003809719934102,0.19414465398778874
422,0.267,0,1,0,170940,505504,4471,121785,4.003801799518438,0.19414496348572988
423,0.2671,0,2,0,170942,505502,4471,121785,4.003785958687112,0.19414558248457245
424,0.2675,1,37,1,170979,505465,4472,121784,4.003492903307565,0.19415574994938214
425,0.268,0,6,0,170985,505459,4472,121784,4.003445380813585,0.19415760717935474
426,0.2683,0,9,0,170994,505450,4472,121784,4.003374097072614,0.19416039309093575
427,0.269,0,2,0,170996,505448,4472,121784,4.003358256241287,0.19416101219325543
428,0.27,557,12293,557,183289,493155,5029,121227,3.905992586490939,0.19731535103567488
429,0.2707,0,1,0,183290,493154,5029,121227,3.9059846660752755,0.1973156721968941
430,0.271,0,4,0,183294,493150,5029,121227,3.905952984412622,0.19731695685222592
431,0.2715,0,1,0,183295,493149,5029,121227,3.9059450639969584,0.1973172780186726
432,0.2717,1,4,1,183299,493145,5030,121226,3.905913382334305,0.1973172561855947
433,0.272,0,16,0,183315,493129,5030,121226,3.9057866556836904,0.19732239503218824
434,0.2723,0,1,0,183316,493128,5030,121226,3.9057787352680267,0.19732271621898775
435,0.2725,0,50,0,183366,493078,5030,121226,3.905382714484856,0.19733877689222273
436,0.2727,0,1,0,183367,493077,5030,121226,3.9053747940691927,0.19733909813235487
437,0.2729,0,2,0,183369,493075,5030,121226,3.905358953237866,0.19733974061575676
438,0.273,0,2,0,183371,493073,5030,121226,3.905343112406539,0.19734038310334218
439,0.2732,0,1,0,183372,493072,5030,121226,3.9053351919908756,0.1973407043487037
440,0.2733,6,108,6,183480,492964,5036,121220,3.904479787099227,0.19736756411759343
441,0.2735,0,1,0,183481,492963,5036,121220,3.9044718666835636,0.1973678854673607
442,0.274,0,23,0,183504,492940,5036,121220,3.904289697123305,0.19737527680083367
443,0.275,10,228,10,183732,492712,5046,121210,3.9024838423520465,0.19743550483611924
444,0.2757,0,5,0,183737,492707,5046,121210,3.9024442402737294,0.1974371128344711
445,0.2758,0,1,0,183738,492706,5046,121210,3.902436319858066,0.1974374344372846
446,0.276,0,22,0,183760,492684,5046,121210,3.902262070713471,0.19744450996426094
447,0.2767,7,129,7,183889,492555,5053,121203,3.9012403370928905,0.19747685569882592
448,0.2771,0,3,0,183892,492552,5053,121203,3.9012165758459005,0.19747782095461544
449,0.2775,2,36,2,183928,492516,5055,121201,3.9009314408820175,0.19748678951373352
450,0.278,0,8,0,183936,492508,5055,121201,3.9008680775567104,0.1974893638515974
451,0.2783,1,10,1,183946,492498,5056,121200,3.900788873400076,0.19749127420979048
452,0.279,0,2,0,183948,492496,5056,121200,3.900773032568749,0.19749191782250494
453,0.28,553,12483,553,196431,480013,5609,120647,3.801902483842352,0.2008573902041088
454,0.2807,0,1,0,196432,480012,5609,120647,3.8018945634266887,0.2008577245991486
455,0.2808,0,3,0,196435,480009,5609,120647,3.8018708021796983,0.20085872779094857
456,0.2811,0,1,0,196436,480008,5609,120647,3.801862881764035,0.2008590621904421
457,0.2812,0,1,0,196437,480007,5609,120647,3.8018549613483716,0.2008593965910491
458,0.2814,1,0,1,196437,480007,5610,120646,3.8018549613483716,0.2008580661380198
459,0.2817,0,5,0,196442,480002,5610,120646,3.8018153592700545,0.20085973814946526
460,0.282,0,4,0,196446,479998,5610,120646,3.8017836776074008,0.20086107577866424
461,0.2823,0,1,0,196447,479997,5610,120646,3.8017757571917374,0.20086141018874773
462,0.2825,1,35,1,196482,479962,5611,120645,3.8014985426435177,0.2008717847111339
463,0.283,0,1,0,196483,479961,5611,120645,3.8014906222278544,0.20087211915964875
464,0.2833,2,113,2,196596,479848,5613,120643,3.8005956152578886,0.200907257560896
465,0.2838,0,2,0,196598,479846,5613,120643,3.800579774426562,0.20090792670640095
466,0.284,0,16,0,196614,479830,5613,120643,3.8004530477759473,0.20091328003090897
467,0.2842,0,1,0,196615,479829,5613,120643,3.800445127360284,0.20091361462316312
468,0.285,4,227,4,196842,479602,5617,120639,3.798647193004689,0.2009842713176874
469,0.2856,0,1,0,196843,479601,5617,120639,3.7986392725890257,0.200984606157537
470,0.2857,1,1,1,196844,479600,5618,120638,3.798631352173362,0.20098360983476554
471,0.2858,0,1,0,196845,479599,5618,120638,3.7986234317576986,0.20098394467518663
472,0.286,1,20,1,196865,479579,5619,120637,3.79846502344443,0.2009893105148813
473,0.2862,0,2,0,196867,479577,5619,120637,3.7984491826131035,0.20098998024038092
474,0.2867,4,105,4,196972,479472,5623,120633,3.7976175389684452,0.20101982153123205
475,0.287,0,3,0,196975,479469,5623,120633,3.797593777721455,0.2010208264595019
476,0.2871,0,1,0,196976,479468,5623,120633,3.7975858573057915,0.20102116143782464
477,0.2872,0,1,0,196977,479467,5623,120633,3.797577936890128,0.2010214964172638
478,0.2875,2,47,2,197024,479420,5625,120631,3.7972056773539475,0.20103457872747482
479,0.288,0,12,0,197036,479408,5625,120631,3.7971106323659867,0.2010385991577214
480,0.2882,0,2,0,197038,479406,5625,120631,3.7970947915346596,0.2010392692450632
481,0.2883,2,10,2,197048,479396,5627,120629,3.797015587378026,0.20103995666847216
482,0.2889,0,1,0,197049,479395,5627,120629,3.797007666962362,0.20104029172166446
483,0.289,0,2,0,197051,479393,5627,120629,3.7969918261310354,0.20104096183139952
484,0.2892,0,1,0,197052,479392,5627,120629,3.796983905715372,0.20104129688794226
485,0.29,636,12708,636,209760,466684,6263,119993,3.6963312634647068,0.20452992021163263
486,0.2907,0,2,0,209762,466682,6263,119993,3.6963154226333796,0.20453061746282014
487,0.2908,0,2,0,209764,466680,6263,119993,3.696299581802053,0.20453131471876157
488,0.291,0,1,0,209765,466679,6263,119993,3.6962916613863896,0.20453166334851502
489,0.2917,0,12,0,209777,466667,6263,119993,3.696196616398429,0.20453584699826136
490,0.2918,0,1,0,209778,466666,6263,119993,3.696188695982765,0.20453619564346578
491,0.292,0,12,0,209790,466654,6263,119993,3.696093650994804,0.20454037947863024
492,0.2924,0,1,0,209791,466653,6263,119993,3.696085730579141,0.20454072813928673
493,0.2925,0,29,0,209820,466624,6263,119993,3.695856038524902,0.2045508398154162
494,0.2929,0,3,0,209823,466621,6263,119993,3.6958322772779115,0.20455188590793946
495,0.2933,3,131,3,209954,466490,6266,119990,3.6947947028260044,0.20459350702496248
496,0.2938,0,2,0,209956,466488,6266,119990,3.6947788619946773,0.20459420472720205
497,0.294,0,15,0,209971,466473,6266,119990,3.6946600557597264,0.20459943764568267
498,0.2942,0,3,0,209974,466470,6266,119990,3.694636294512736,0.2046004842615012
499,0.2943,1,4,1,209978,466466,6267,119989,3.6946046128500822,0.2046005234843253
500,0.2945,0,1,0,209979,466465,6267,119989,3.694596692434419,0.20460087236168564
501,0.2947,0,1,0,209980,466464,6267,119989,3.6945887720187556,0.2046012212402358
502,0.295,9,260,9,210240,466204,6276,119980,3.692529463946268,0.2046797592564792
503,0.2957,0,3,0,210243,466201,6276,119980,3.6925057026992776,0.20468080678152312
504,0.296,0,29,0,210272,466172,6276,119980,3.6922760106450387,0.20469093340976402
505,0.2962,0,1,0,210273,466171,6276,119980,3.6922680902293754,0.20469128262171352
506,0.2967,4,120,4,210393,466051,6280,119976,3.6913176403497654,0.2047277685157851
507,0.2971,0,1,0,210394,466050,6280,119976,3.691309719934102,0.20472811786507766
508,0.2973,1,1,1,210395,466049,6281,119975,3.6913017995184387,0.2047271101524852
509,0.2974,0,1,0,210396,466048,6281,119975,3.6912938791027754,0.20472745950244273
510,0.2975,0,35,0,210431,466013,6281,119975,3.6910166645545557,0.20473968750213314
511,0.298,1,18,1,210449,465995,6282,119974,3.6908740970726144,0.2047446195959172
512,0.2983,0,15,0,210464,465980,6282,119974,3.690755290837663,0.20474986091058342
513,0.2986,0,3,0,210467,465977,6282,119974,3.690731529590673,0.20475090920571856
514,0.2992,0,1,0,210468,465976,6282,119974,3.6907236091750093,0.2047512586398157
515,0.2993,0,1,0,210469,465975,6282,119974,3.690715688759346,0.2047516080751055
516,0.3,658,12915,658,223384,453060,6940,119316,3.588423520466354,0.20845737766782674
517,0.3007,0,1,0,223385,453059,6940,119316,3.588415600050691,0.20845774186503604
518,0.3008,0,1,0,223386,453058,6940,119316,3.588407679635027,0.20845810606351792
519,0.301,0,3,0,223389,453055,6940,119316,3.588383918388037,0.20845919866659912
520,0.3017,0,9,0,223398,453046,6940,119316,3.588312634647066,0.20846247654456446
521,0.302,1,12,1,223410,453034,6941,119315,3.5882175896591053,0.20846546425345375
522,0.3024,0,1,0,223411,453033,6941,119315,3.588209669243442,0.2084658284819725
523,0.3025,1,42,1,223453,452991,6942,119314,3.5878770117855785,0.208479744192345
524,0.3027,0,1,0,223454,452990,6942,119314,3.587869091369915,0.20848010847381812
525,0.3029,0,3,0,223457,452987,6942,119314,3.5878453301229247,0.20848120132587572
526,0.303,0,1,0,223458,452986,6942,119314,3.5878374097072614,0.20848156561244102
527,0.3033,8,107,8,223565,452879,6950,119306,3.586989925231276,0.20850948556847873
528,0.3038,0,3,0,223568,452876,6950,119306,3.586966163984286,0.20851057880184976
529,0.304,0,20,0,223588,452856,6950,119306,3.5868077556710176,0.20851786731729824
530,0.3042,0,1,0,223589,452855,6950,119306,3.5867998352553543,0.20851823175644618
531,0.3043,0,2,0,223591,452853,6950,119306,3.586783994424027,0.20851896063856376
532,0.3047,0,1,0,223592,452852,6950,119306,3.586776074008364,0.20851932508153342
533,0.305,11,284,11,223876,452568,6961,119295,3.5845266759599546,0.20860765602950357
534,0.3057,0,6,0,223882,452562,6961,119295,3.5844791534659737,0.20860984476888453
535,0.3058,0,3,0,223885,452559,6961,119295,3.5844553922189837,0.2086109391557985
536,0.306,2,19,2,223904,452540,6963,119293,3.5843049043213786,0.20861510266109162
537,0.3062,0,3,0,223907,452537,6963,119293,3.5842811430743886,0.20861619712152213
538,0.3065,0,1,0,223908,452536,6963,119293,3.5842732226587253,0.2086165619442176
539,0.3067,3,120,3,224028,452416,6966,119290,3.5833227727791153,0.20865619741615446
540,0.3071,0,1,0,224029,452415,6966,119290,3.583314852363452,0.20865656238794483
541,0.3075,4,49,4,224078,452366,6970,119286,3.5829267519959447,0.20866891045601169
542,0.3077,0,1,0,224079,452365,6970,119286,3.5829188315802813,0.20866927548451766
543,0.308,1,15,1,224094,452350,6971,119285,3.58280002534533,0.2086733667462629
544,0.3083,0,9,0,224103,452341,6971,119285,3.5827287416043596,0.20867665221665915
545,0.3086,0,3,0,224106,452338,6971,119285,3.582704980357369,0.20867774739644837
546,0.3093,0,1,0,224107,452337,6971,119285,3.582697059941706,0.20867811245893264
547,0.31,744,13063,744,237170,439274,7715,118541,3.4792326701305285,0.21250952376684026
548,0.3107,0,1,0,237171,439273,7715,118541,3.479224749714865,0.21250990473527018
549,0.3117,0,12,0,237183,439261,7715,118541,3.479129704726904,0.2125144764629743
550,0.312,0,10,0,237193,439251,7715,118541,3.47905050057027,0.21251828638632322
551,0.3125,1,39,1,237232,439212,7716,118540,3.4787416043593966,0.212531734534345
552,0.3127,0,1,0,237233,439211,7716,118540,3.4787336839437333,0.2125321155856287
553,0.3129,1,1,1,237234,439210,7717,118539,3.47872576352807,0.21253108477110672
554,0.3133,2,147,2,237381,439063,7719,118537,3.477561462425548,0.21258428981348637
555,0.3135,0,1,0,237382,439062,7719,118537,3.477553542009885,0.21258467106289644
556,0.314,0,17,0,237399,439045,7719,118537,3.4774188949436065,0.21259115251209687
557,0.3142,0,4,0,237403,439041,7719,118537,3.477387213280953,0.21259267761640524
558,0.3143,0,4,0,237407,439037,7719,118537,3.4773555316182994,0.2125942027425956
559,0.315,12,303,12,237710,438734,7731,118525,3.474955645672285,0.21269284121028104
560,0.3157,0,2,0,237712,438732,7731,118525,3.474939804840958,0.21269360456665418
561,0.3158,0,1,0,237713,438731,7731,118525,3.4749318844252945,0.2126939862468955
562,0.316,2,21,2,237734,438710,7733,118523,3.474765555696363,0.21269917610766054
563,0.3167,9,124,9,237858,438586,7742,118514,3.4737834241540995,0.2127338000359002
564,0.3171,0,3,0,237861,438583,7742,118514,3.4737596629071095,0.21273494561988307
565,0.3175,2,41,2,237902,438542,7744,118512,3.4734349258649093,0.21274777669669367
566,0.3177,0,1,0,237903,438541,7744,118512,3.473427005449246,0.21274815861327379
567,0.318,0,10,0,237913,438531,7744,118512,3.473347801292612,0.21275197785449237
568,0.3183,0,16,0,237929,438515,7744,118512,3.473221074641997,0.21275808892567147
569,0.3185,0,1,0,237930,438514,7744,118512,3.473213154226334,0.21275847087927674
570,0.3186,0,2,0,237932,438512,7744,118512,3.473197313395007,0.2127592347906015
571,0.319,1,3,1,237935,438509,7745,118511,3.4731735521480167,0.21275896736203367
572,0.3192,0,1,0,237936,438508,7745,118511,3.4731656317323534,0.21275934932201596
573,0.3198,0,1,0,237937,438507,7745,118511,3.47315771131669,0.21275973128336967
574,0.32,777,13040,777,250977,425467,8522,117734,3.369875491065771,0.2167411326562359
575,0.3203,0,1,0,250978,425466,8522,117734,3.369867570650108,0.2167415316642121
576,0.3208,0,1,0,250979,425465,8522,117734,3.3698596502344444,0.21674193067365735
577,0.321,0,3,0,250982,425462,8522,117734,3.369835888987454,0.2167431277108079
578,0.3213,0,1,0,250983,425461,8522,117734,3.3698279685717907,0.21674352672612965
579,0.3217,1,14,1,250997,425447,8523,117733,3.3697170827525027,0.2167476711219117
580,0.322,0,10,0,251007,425437,8523,117733,3.3696378785958685,0.21675166154242687
581,0.3221,0,1,0,251008,425436,8523,117733,3.369629958180205,0.21675206059255958
582,0.3225,1,49,1,251057,425387,8524,117732,3.369241857812698,0.21677017375565943
583,0.3229,1,1,1,251058,425386,8525,117731,3.3692339373970346,0.21676913077660984
584,0.323,0,1,0,251059,425385,8525,117731,3.3692260169813713,0.2167695298978487
585,0.3233,9,95,9,251154,425290,8534,117722,3.3684735774933467,0.21679447231368737
586,0.324,0,20,0,251174,425270,8534,117722,3.368315169180079,0.21680245749476973
587,0.3242,0,2,0,251176,425268,8534,117722,3.3682993283487517,0.21680325604523104
588,0.3243,1,4,1,251180,425264,8535,117721,3.368267646686098,0.21680341077561996
589,0.325,12,312,12,251492,424952,8547,117709,3.365796476999113,0.2169107416969342
590,0.3257,0,5,0,251497,424947,8547,117709,3.365756874920796,0.21691274029956362
591,0.3258,0,1,0,251498,424946,8547,117709,3.3657489545051322,0.21691314002450912
592,0.326,0,18,0,251516,424928,8547,117709,3.365606387023191,0.216920335325457
593,0.3262,0,2,0,251518,424926,8547,117709,3.3655905461918643,0.2169211348328066
594,0.3265,0,1,0,251519,424925,8547,117709,3.365582625776201,0.21692153458869146
595,0.3267,4,138,4,251657,424787,8551,117705,3.3644896084146496,0.21697094150697152
596,0.327,1,1,1,251658,424786,8552,117704,3.3644816879989863,0.2169698980626371
597,0.3273,0,2,0,251660,424784,8552,117704,3.364465847167659,0.216970697969356
598,0.3275,7,43,7,251703,424741,8559,117697,3.3641252692941324,0.2169777928537455
599,0.328,1,13,1,251716,424728,8560,117696,3.364022303890508,0.21698154948896067
600,0.3283,0,9,0,251725,424719,8560,117696,3.3639510201495373,0.21698514974696495
601,0.3286,0,2,0,251727,424717,8560,117696,3.3639351793182106,0.21698594982052422
602,0.3287,0,1,0,251728,424716,8560,117696,3.3639272589025473,0.21698634985951637
603,0.329,0,1,0,251729,424715,8560,117696,3.363919338486884,0.2169867498999836
604,0.3292,0,3,0,251732,424712,8560,117696,3.3638955772398935,0.21698795003023555
605,0.3293,1,2,1,251734,424710,8561,117695,3.363879736408567,0.21698730653294127
606,0.33,819,13200,819,264934,411510,9380,116876,3.2593302496515015,0.22119435412747498
607,0.331,0,2,0,264936,411508,9380,116876,3.259314408820175,0.221195191375969
608,0.3314,0,1,0,264937,411507,9380,116876,3.2593064884045115,0.22119561000259283
609,0.3317,0,9,0,264946,411498,9380,116876,3.2592352046635407,0.22119937771351353
610,0.332,2,15,2,264961,411483,9382,116874,3.2591163984285894,0.2212027095316235
611,0.3325,4,38,4,264999,411445,9386,116870,3.2588154226333796,0.2212127234698996
612,0.3327,0,1,0,265000,411444,9386,116870,3.2588075022177163,0.22121314218438276
613,0.3329,0,2,0,265002,411442,9386,116870,3.2587916613863896,0.22121397961810446
614,0.3333,0,117,0,265119,411325,9386,116870,3.25786497275377,0.22126298052802468
615,0.3338,0,1,0,265120,411324,9386,116870,3.2578570523381067,0.22126339943278417
616,0.334,2,22,2,265142,411302,9388,116868,3.2576828031935117,0.22126966696328834
617,0.3342,0,1,0,265143,411301,9388,116868,3.2576748827778483,0.22127008590053562
618,0.3343,1,2,1,265145,411299,9389,116867,3.2576590419465212,0.22126944937765777
619,0.3347,0,1,0,265146,411298,9389,116867,3.257651121530858,0.22126986831766587
620,0.335,12,289,12,265435,411009,9401,116855,3.2553621214041315,0.22137330827637422
621,0.3357,1,3,1,265438,411006,9402,116854,3.255338360157141,0.22137309134997915
622,0.3358,0,1,0,265439,411005,9402,116854,3.2553304397414777,0.22137351072919093
623,0.336,0,19,0,265458,410986,9402,116854,3.2551799518438727,0.22138147923613216
624,0.3362,0,1,0,265459,410985,9402,116854,3.2551720314282093,0.22138189864712535
625,0.3364,0,1,0,265460,410984,9402,116854,3.255164111012546,0.2213823180597077
626,0.3367,4,113,4,265573,410871,9406,116850,3.25426910404258,0.22142382054153614
627,0.337,0,2,0,265575,410869,9406,116850,3.2542532632112535,0.22142465971473455
628,0.3371,0,3,0,265578,410866,9406,116850,3.254229501964263,0.22142591848645862
629,0.3375,1,42,1,265620,410824,9407,116849,3.2538968445063996,0.2214420673409479
630,0.338,0,10,0,265630,410814,9407,116849,3.2538176403497654,0.2214462639980442
631,0.3383,2,17,2,265647,410797,9409,116847,3.2536829932834874,0.2214504476503097
632,0.3386,0,2,0,265649,410795,9409,116847,3.2536671524521608,0.22145128704689923
633,0.3388,0,1,0,265650,410794,9409,116847,3.2536592320364974,0.22145170674758027
634,0.339,0,3,0,265653,410791,9409,116847,3.253635470789507,0.2214529658591686
635,0.3392,0,1,0,265654,410790,9409,116847,3.2536275503738437,0.22145338556621313
636,0.3398,0,1,0,265655,410789,9409,116847,3.2536196299581803,0.22145380527484856
637,0.34,846,13387,846,279042,397402,10255,116001,3.147589025472057,0.2259453100196142
638,0.3407,0,2,0,279044,397400,10255,116001,3.1475731846407298,0.2259461902099918
639,0.3408,0,3,0,279047,397397,10255,116001,3.1475494233937398,0.22594751050841647
640,0.341,0,2,0,279049,397395,10255,116001,3.1475335825624127,0.22594839071593859
641,0.3412,0,1,0,279050,397394,10255,116001,3.1475256621467493,0.22594883082227135
642,0.3413,0,1,0,279051,397393,10255,116001,3.147517741731086,0.22594927093031864
643,0.3417,0,10,0,279061,397383,10255,116001,3.147438537574452,0.22595367210509093
644,0.342,0,7,0,279068,397376,10255,116001,3.147383094664808,0.2259567530294501
645,0.3423,1,0,1,279068,397376,10256,116000,3.147383094664808,0.22595524527831454
646,0.3425,3,40,3,279108,397336,10259,115997,3.1470662780382717,0.22596832855086268
647,0.3427,0,2,0,279110,397334,10259,115997,3.1470504372069446,0.22596920895094977
648,0.3429,0,1,0,279111,397333,10259,115997,3.147042516791281,0.22596964915356593
649,0.3432,0,1,0,279112,397332,10259,115997,3.147034596375618,0.22597008935789717
650,0.3433,7,113,7,279225,397219,10266,115990,3.146139589405652,0.226009286664887
651,0.344,0,25,0,279250,397194,10266,115990,3.1459415790140666,0.22602029681361852
652,0.3442,0,2,0,279252,397192,10266,115990,3.14592573818274,0.2260211776718591
653,0.3443,0,1,0,279253,397191,10266,115990,3.1459178177670766,0.22602161810355412
654,0.345,20,307,20,279560,396884,10286,115970,3.1434862501584084,0.22612673392427474
655,0.3457,2,5,2,279565,396879,10288,115968,3.1434466480800913,0.2261259205962012
656,0.346,2,16,2,279581,396863,10290,115966,3.1433199214294767,0.22612995754920256
657,0.3467,3,122,3,279703,396741,10293,115963,3.14235363071854,0.22617923792285607
658,0.3472,0,1,0,279704,396740,10293,115963,3.1423457103028767,0.22617967907345968
659,0.3473,0,1,0,279705,396739,10293,115963,3.1423377898872134,0.22618012022578418
660,0.3475,1,47,1,279752,396692,10294,115962,3.1419655303510328,0.2261993469279475
661,0.3477,0,1,0,279753,396691,10294,115962,3.1419576099353694,0.22619978816080272
662,0.348,1,20,1,279773,396671,10295,115961,3.141799201622101,0.22620710373133163
663,0.3483,0,11,0,279784,396660,10295,115961,3.1417120770498035,0.22621195776216738
664,0.3487,0,1,0,279785,396659,10295,115961,3.14170415663414,0.22621239904802778
665,0.349,0,1,0,279786,396658,10295,115961,3.141696236218477,0.22621284033560987
666,0.35,941,13333,941,293119,383325,11236,115020,3.0360933341781777,0.23080396111127832
667,0.3507,0,1,0,293120,383324,11236,115020,3.0360854137625144,0.23080442425312636
668,0.3514,0,1,0,293121,383323,11236,115020,3.036077493346851,0.2308048873968331
669,0.3517,0,9,0,293130,383314,11236,115020,3.03600620960588,0.23080905577383842
670,0.352,2,9,2,293139,383305,11238,115018,3.0359349258649093,0.23081013720016938
671,0.3525,1,46,1,293185,383259,11239,115017,3.0355705867443925,0.23082990150037327
672,0.3529,0,1,0,293186,383258,11239,115017,3.0355626663287287,0.23083036475841653
673,0.3533,4,112,4,293298,383146,11243,115013,3.0346755797744267,0.23087608574772311
674,0.3535,0,2,0,293300,383144,11243,115013,3.0346597389430996,0.2308770126686968
675,0.3538,0,1,0,293301,383143,11243,115013,3.0346518185274363,0.23087747613197473
676,0.354,2,29,2,293330,383114,11245,115011,3.0344221264731974,0.23088782936010038
677,0.3542,0,7,0,293337,383107,11245,115011,3.034366683563553,0.23089107400254558
678,0.3543,1,6,1,293343,383101,11246,115010,3.034319161069573,0.23089231115153047
679,0.3547,0,2,0,293345,383099,11246,115010,3.034303320238246,0.2308932382269744
680,0.355,19,300,19,293645,382799,11265,114991,3.0319271955392217,0.23100303340766187
681,0.3553,0,1,0,293646,382798,11265,114991,3.0319192751235584,0.23100349746579374
682,0.3557,0,2,0,293648,382796,11265,114991,3.0319034342922317,0.23100442558765094
683,0.356,4,16,4,293664,382780,11269,114987,3.031776707641617,0.23100567132815153
684,0.3562,0,1,0,293665,382779,11269,114987,3.0317687872259538,0.2310061354130254
685,0.3567,8,121,8,293786,382658,11277,114979,3.0308104169306804,0.23104994202601495
686,0.357,0,2,0,293788,382656,11277,114979,3.0307945760993538,0.23105087061802326
687,0.3571,0,5,0,293793,382651,11277,114979,3.0307549740210367,0.23105319213069953
688,0.3575,3,48,3,293841,382603,11280,114976,3.0303747940691927,0.2310708450316432
689,0.358,0,23,0,293864,382580,11280,114976,3.0301926245089343,0.2310815265015395
690,0.3583,3,7,3,293871,382573,11283,114973,3.03013718159929,0.23108014133366564
691,0.3586,0,1,0,293872,382572,11283,114973,3.030129261183627,0.23108060577435208
692,0.359,0,1,0,293873,382571,11283,114973,3.0301213407679635,0.23108107021690544
693,0.3592,0,2,0,293875,382569,11283,114973,3.030105499936637,0.231081999107613
694,0.3593,0,1,0,293876,382568,11283,114973,3.0300975795209735,0.23108246355576725
695,0.36,996,13291,996,307167,369277,12279,113977,2.9248273349385374,0.235853195214111
696,0.3605,0,1,0,307168,369276,12279,113977,2.924819414522874,0.23585368326735684
697,0.3607,0,4,0,307172,369272,12279,113977,2.9247877328602203,0.23585563550053906
698,0.3608,2,0,2,307172,369272,12281,113975,2.9247877328602203,0.23585247295896303
699,0.3613,0,1,0,307173,369271,12281,113975,2.924779812444557,0.2358529610177839
700,0.3614,0,1,0,307174,369270,12281,113975,2.9247718920288936,0.2358534490786247
701,0.3615,0,1,0,307175,369269,12281,113975,2.9247639716132303,0.23585393714148545
702,0.3617,1,13,1,307188,369256,12282,113974,2.9246610062096057,0.23585870082569377
703,0.362,1,13,1,307201,369243,12283,113973,2.9245580408059815,0.23586346478593423
704,0.3625,3,42,3,307243,369201,12286,113970,2.924225383348118,0.23587922288382374
705,0.3629,0,2,0,307245,369199,12286,113970,2.9242095425167913,0.23588019926775103
706,0.3633,12,149,12,307394,369050,12298,113958,2.9230294005829425,0.23593398038955876
707,0.3635,0,1,0,307395,369049,12298,113958,2.923021480167279,0.23593446885862937
708,0.3637,0,1,0,307396,369048,12298,113958,2.923013559751616,0.2359349573297226
709,0.364,1,27,1,307423,369021,12299,113957,2.9227997085287036,0.23594656485388568
710,0.3642,0,2,0,307425,369019,12299,113957,2.922783867697377,0.23594754190684422
711,0.3643,1,5,1,307430,369014,12300,113956,2.92274426561906,0.23594840259229352
712,0.3644,1,3,1,307433,369011,12301,113955,2.9227205043720694,0.2359482862147646
713,0.365,25,328,25,307761,368683,12326,113930,2.9201226080344695,0.23606906569031502
714,0.3657,1,1,1,307762,368682,12327,113929,2.920114687618806,0.2360679719277016
715,0.3658,0,2,0,307764,368680,12327,113929,2.9200988467874796,0.23606895022678814
716,0.366,4,27,4,307791,368653,12331,113925,2.9198849955645674,0.23607582608407346
717,0.3662,0,1,0,307792,368652,12331,113925,2.9198770751489036,0.236076315282328
718,0.3665,0,1,0,307793,368651,12331,113925,2.9198691547332403,0.23607680448260998
719,0.3667,10,134,10,307927,368517,12341,113915,2.9188078190343427,0.2361265421862563
720,0.367,0,2,0,307929,368515,12341,113915,2.918791978203016,0.23612752109114277
721,0.3671,0,2,0,307931,368513,12341,113915,2.9187761373716894,0.2361285000041457
722,0.3675,2,62,2,307993,368451,12343,113913,2.9182850716005575,0.23615568325994477
723,0.368,1,19,1,308012,368432,12344,113912,2.918134583702953,0.23616340205330635
724,0.3683,1,15,1,308027,368417,12345,113911,2.9180157774680016,0.23616916289330084
725,0.3687,0,1,0,308028,368416,12345,113911,2.9180078570523382,0.23616965253863043
726,0.3688,0,1,0,308029,368415,12345,113911,2.917999936636675,0.2361701421859904
727,0.369,0,1,0,308030,368414,12345,113911,2.917992016221011,0.2361706318353807
728,0.3692,0,1,0,308031,368413,12345,113911,2.917984095805348,0.23617112148680142
729,0.3693,0,1,0,308032,368412,12345,113911,2.9179761753896845,0.23617161114025248
730,0.37,1019,13276,1019,321308,355136,13364,112892,2.8128247370422,0.24120779098686404
731,0.3708,0,1,0,321309,355135,13364,112892,2.8128168166265364,0.24120830635839385
732,0.371,0,2,0,321311,355133,13364,112892,2.8128009757952097,0.24120933710806047
733,0.3715,0,1,0,321312,355132,13364,112892,2.8127930553795464,0.24120985248619728
734,0.3717,0,10,0,321322,355122,13364,112892,2.812713851222912,0.24121500638869778
735,0.372,0,9,0,321331,355113,13364,112892,2.8126425674819413,0.24121964508926186
736,0.3723,0,2,0,321333,355111,13364,112892,2.8126267266506146,0.241220675935838
737,0.3725,2,56,2,321389,355055,13366,112890,2.8121831833734636,0.24124630031307098
738,0.3727,0,1,0,321390,355054,13366,112890,2.8121752629578,0.24124681585830784
739,0.373,0,1,0,321391,355053,13366,112890,2.8121673425421365,0.24124733140574814
740,0.3733,8,116,8,321507,354937,13374,112882,2.8112485743251807,0.24129417573890757
741,0.374,4,21,4,321528,354916,13378,112878,2.811082245596249,0.2412985202888451
742,0.3742,0,1,0,321529,354915,13378,112878,2.8110743251805856,0.24129903611212652
743,0.3743,1,3,1,321532,354912,13379,112877,2.811050563933595,0.24129896171136986
744,0.3747,0,1,0,321533,354911,13379,112877,2.811042643517932,0.24129947754110836
745,0.375,26,280,26,321813,354631,13405,112851,2.808824927132176,0.24140180798405073
746,0.3751,0,2,0,321815,354629,13405,112851,2.8088090863008492,0.2414028407632412
747,0.3758,0,1,0,321816,354628,13405,112851,2.8088011658851855,0.24140335715615033
748,0.376,2,23,2,321839,354605,13407,112849,2.808618996324927,0.24141198920107648
749,0.3762,0,2,0,321841,354603,13407,112849,2.8086031554936004,0.24141302208569007
750,0.3767,7,137,7,321978,354466,13414,112842,2.8075180585477124,0.24147243359839762
751,0.377,0,2,0,321980,354464,13414,112842,2.8075022177163858,0.24147346706440748
752,0.3771,0,3,0,321983,354461,13414,112842,2.8074784564693953,0.2414750172800089
753,0.3773,0,1,0,321984,354460,13414,112842,2.807470536053732,0.24147553402296587
754,0.3775,7,41,7,322025,354419,13421,112835,2.8071457990115323,0.24148535914085273
755,0.3778,0,1,0,322026,354418,13421,112835,2.8071378785958685,0.24148587596013293
756,0.378,1,16,1,322042,354402,13422,112834,2.8070111519452543,0.24149252198032686
757,0.3783,1,18,1,322060,354384,13423,112833,2.8068685844633126,0.24150020226147592
758,0.3786,0,4,0,322064,354380,13423,112833,2.806836902800659,0.24150226984266276
759,0.379,0,2,0,322066,354378,13423,112833,2.806821061969332,0.2415033036465323
760,0.3793,1,1,1,322067,354377,13424,112832,2.806813141553669,0.24150219708952525
761,0.3796,0,1,0,322068,354376,13424,112832,2.8068052211380055,0.2415027139946234
762,0.38,1115,13072,1115,335140,341304,14539,111717,2.7032695475858572,0.24660446204480588
763,0.3807,0,2,0,335142,341302,14539,111717,2.7032537067545306,0.24660555076056412
764,0.381,0,1,0,335143,341301,14539,111717,2.7032457863388673,0.24660609512204812
765,0.3815,0,1,0,335144,341300,14539,111717,2.7032378659232035,0.24660663948593542
766,0.3817,0,13,0,335157,341287,14539,111717,2.7031349005195793,0.24661371643517496
767,0.3819,1,0,1,335157,341287,14540,111716,2.7031349005195793,0.2466120533418101
768,0.382,0,8,0,335165,341279,14540,111716,2.7030715371942717,0.24661640856963102
769,0.3825,2,59,2,335224,341220,14542,111714,2.7026042326701307,0.24664520658639008
770,0.383,0,1,0,335225,341219,14542,111714,2.702596312254467,0.24664575113758547
771,0.3833,15,139,15,335364,341080,14557,111699,2.7014953744772527,0.24669651198487563
772,0.3838,0,1,0,335365,341079,14557,111699,2.701487454061589,0.24669705683580032
773,0.384,1,20,1,335385,341059,14558,111698,2.701329045748321,0.2467062905708802
774,0.3843,0,2,0,335387,341057,14558,111698,2.701313204916994,0.24670738037128248
775,0.3847,0,1,0,335388,341056,14558,111698,2.7013052845013306,0.2467079252750942
776,0.385,21,305,21,335693,340751,14579,111677,2.6988895577239895,0.24683927608370834
777,0.3853,1,0,1,335693,340751,14580,111676,2.6988895577239895,0.2468376113715583
778,0.3855,0,1,0,335694,340750,14580,111676,2.6988816373083258,0.246838156958265
779,0.3857,0,4,0,335698,340746,14580,111676,2.6988499556456724,0.24684033932921035
780,0.3858,0,2,0,335700,340744,14580,111676,2.6988341148143453,0.24684143052915433
781,0.386,1,26,1,335726,340718,14581,111675,2.6986281840070965,0.24685395220527284
782,0.3867,14,120,14,335846,340598,14595,111661,2.697677734127487,0.24689613694807622
783,0.3871,0,2,0,335848,340596,14595,111661,2.6976618932961602,0.24689722878805634
784,0.3873,0,1,0,335849,340595,14595,111661,2.697653972880497,0.24689777471166774
785,0.3875,2,45,2,335894,340550,14597,111659,2.697297554175643,0.24691901311119416
786,0.388,0,12,0,335906,340538,14597,111659,2.697202509187682,0.24692556562737036
787,0.3883,0,14,0,335920,340524,14597,111659,2.6970916233683946,0.24693321066913174
788,0.3892,0,4,0,335924,340520,14597,111659,2.697059941705741,0.24693539505372872
789,0.3893,0,1,0,335925,340519,14597,111659,2.6970520212900775,0.24693594115591647
790,0.39,1165,13203,1165,349128,327316,15762,110494,2.592478773286022,0.2523788858180489
791,0.3908,0,3,0,349131,327313,15762,110494,2.5924550120390317,0.25238061520258925
792,0.391,0,2,0,349133,327311,15762,110494,2.592439171207705,0.25238176813878327
793,0.3913,0,1,0,349134,327310,15762,110494,2.5924312507920417,0.2523823446108304
794,0.3917,3,10,3,349144,327300,15765,110491,2.5923520466354075,0.25238298640218737
795,0.392,1,9,1,349153,327291,15766,110490,2.5922807628944367,0.25238646720620583
796,0.3922,0,1,0,349154,327290,15766,110490,2.5922728424787733,0.25238704372059023
797,0.3925,1,41,1,349195,327249,15767,110489,2.591948105436573,0.25240897523175965
798,0.3927,0,1,0,349196,327248,15767,110489,2.59194018502091,0.25240955185419556
799,0.3929,0,1,0,349197,327247,15767,110489,2.5919322646052465,0.252410128479266
800,0.393,1,1,1,349198,327246,15768,110488,2.591924344189583,0.2524089972449022
801,0.3933,11,120,11,349318,327126,15779,110477,2.5909738943099736,0.25245942098203167
802,0.3937,0,1,0,349319,327125,15779,110477,2.59096597389431,0.252459997897633
803,0.3938,0,1,0,349320,327124,15779,110477,2.5909580534786465,0.2524605748158711
804,0.394,3,25,3,349345,327099,15782,110474,2.5907600430870614,0.2524698735982339
805,0.3942,0,1,0,349346,327098,15782,110474,2.5907521226713977,0.2524704505772764
806,0.3943,0,1,0,349347,327097,15782,110474,2.5907442022557343,0.2524710275589562
807,0.395,20,324,20,349671,326773,15802,110454,2.588177987580788,0.2526239230422641
808,0.3957,0,4,0,349675,326769,15802,110454,2.5881463059181344,0.2526262342100027
809,0.3958,0,1,0,349676,326768,15802,110454,2.588138385502471,0.25262681200854487
810,0.396,1,32,1,349708,326736,15803,110453,2.587884932201242,0.2526435935030387
811,0.3962,0,1,0,349709,326735,15803,110453,2.5878770117855785,0.25264417138622286
812,0.3967,12,141,12,349850,326594,15815,110441,2.586760233177037,0.2527051609138856
813,0.397,0,1,0,349851,326593,15815,110441,2.586752312761374,0.25270573914157707
814,0.3971,0,1,0,349852,326592,15815,110441,2.5867443923457105,0.2527063173719147
815,0.3973,0,2,0,349854,326590,15815,110441,2.5867285515143834,0.2527074738405285
816,0.3975,2,49,2,349903,326541,15817,110439,2.586340451146876,0.252732390498421
817,0.3979,0,1,0,349904,326540,15817,110439,2.586332530731213,0.25273296886120383
818,0.398,1,24,1,349928,326516,15818,110438,2.5861424407552907,0.2527451402207097
819,0.3983,0,10,0,349938,326506,15818,110438,2.586063236598657,0.25275092460361054
820,0.3986,0,3,0,349941,326503,15818,110438,2.5860394753516665,0.25275265997011037
821,0.3988,0,1,0,349942,326502,15818,110438,2.586031554936003,0.25275323843090586
822,0.399,0,6,0,349948,326496,15818,110438,2.5859840324420227,0.2527567092512828
823,0.3992,0,1,0,349949,326495,15818,110438,2.5859761120263594,0.2527572877306132
824,0.3993,0,1,0,349950,326494,15818,110438,2.5859681916106956,0.25275786621259144
825,0.4,1248,12859,1248,362809,313635,17066,109190,2.4841195665948548,0.258239224265358
826,0.4005,0,2,0,362811,313633,17066,109190,2.484103725763528,0.2582404457657223
827,0.4008,1,0,1,362811,313633,17067,109189,2.484103725763528,0.25823869145881717
828,0.401,0,1,0,362812,313632,17067,109189,2.484095805347865,0.25823930221062813
829,0.4013,0,1,0,362813,313631,17067,109189,2.4840878849322015,0.25823991296532806
830,0.4014,0,1,0,362814,313630,17067,109189,2.4840799645165377,0.2582405237229169
831,0.4015,0,1,0,362815,313629,17067,109189,2.4840720441008743,0.25824113448339475
832,0.4017,1,15,1,362830,313614,17068,109188,2.483953237865923,0.2582485418706629
833,0.402,1,18,1,362848,313596,17069,109187,2.4838106703839817,0.258257782361164
834,0.4025,6,41,6,362889,313555,17075,109181,2.4834859333417816,0.2582723023352636
835,0.4027,1,0,1,362889,313555,17076,109180,2.4834859333417816,0.25827054774267566
836,0.4029,0,3,0,362892,313552,17076,109180,2.4834621720947916,0.2582723806099373
837,0.403,0,3,0,362895,313549,17076,109180,2.483438410847801,0.25827421350321367
838,0.4033,14,136,14,363031,313413,17090,109166,2.482361234317577,0.25833276144815526
839,0.4035,0,1,0,363032,313412,17090,109166,2.4823533139019136,0.25833337277378376
840,0.404,2,25,2,363057,313387,17092,109164,2.482155303510328,0.25834514650302565
841,0.4042,0,2,0,363059,313385,17092,109164,2.4821394626790014,0.25834636929681526
842,0.4043,0,3,0,363062,313382,17092,109164,2.482115701432011,0.25834820350920373
843,0.4044,0,4,0,363066,313378,17092,109164,2.4820840197693577,0.25835064916623673
844,0.405,26,310,26,363376,313068,17118,109138,2.479628690913699,0.2584946684793679
845,0.4057,0,3,0,363379,313065,17118,109138,2.479604929666709,0.2584965052356331
846,0.406,5,19,5,363398,313046,17123,109133,2.479454441769104,0.25849935690785186
847,0.4065,0,1,0,363399,313045,17123,109133,2.4794465213534407,0.2584999692073012
848,0.4067,16,106,16,363505,312939,17139,109117,2.4786069572931186,0.2585367818488542
849,0.407,0,2,0,363507,312937,17139,109117,2.478591116461792,0.2585380069848882
850,0.4071,0,1,0,363508,312936,17139,109117,2.4785831960461286,0.2585386195572594
851,0.4073,0,1,0,363509,312935,17139,109117,2.478575275630465,0.25853923213253344
852,0.4075,3,47,3,363556,312888,17142,109114,2.4782030160942847,0.2585627556267506
853,0.4078,0,1,0,363557,312887,17142,109114,2.4781950956786214,0.2585633683332504
854,0.408,0,21,0,363578,312866,17142,109114,2.4780287669496897,0.25857623584056116
855,0.4082,0,1,0,363579,312865,17142,109114,2.4780208465340263,0.2585768486109498
856,0.4083,0,13,0,363592,312852,17142,109114,2.4779178811304017,0.2585848148902992
857,0.4086,0,1,0,363593,312851,17142,109114,2.4779099607147383,0.2585854277013496
858,0.4089,0,1,0,363594,312850,17142,109114,2.477902040299075,0.25858604051530465
859,0.409,0,2,0,363596,312848,17142,109114,2.477886199467748,0.2585872661519284
860,0.4093,0,3,0,363599,312845,17142,109114,2.477862438220758,0.25858910462864876
861,0.41,1300,13054,1300,376653,299791,18442,107814,2.3744693321505514,0.26450607818844224
862,0.4105,0,2,0,376655,299789,18442,107814,2.3744534913192243,0.2645073760497347
863,0.4108,0,4,0,376659,299785,18442,107814,2.3744218096565706,0.2645099718105295
864,0.411,0,1,0,376660,299784,18442,107814,2.3744138892409072,0.2645106207586887
865,0.4117,0,11,0,376671,299773,18442,107814,2.3743267646686097,0.26451775939860694
866,0.412,3,11,3,376682,299762,18445,107811,2.374239640096312,0.2645194848530202
867,0.4125,4,41,4,376723,299721,18449,107807,2.3739149030541125,0.264538878310202
868,0.4127,0,2,0,376725,299719,18449,107807,2.3738990622227853,0.26454017657769074
869,0.4128,0,1,0,376726,299718,18449,107807,2.373891141807122,0.26454082571621373
870,0.4129,0,1,0,376727,299717,18449,107807,2.3738832213914587,0.26454147485792245
871,0.413,1,1,1,376728,299716,18450,107806,2.3738753009757954,0.26454031929564537
872,0.4133,9,121,9,376849,299595,18459,107797,2.372916930680522,0.26460264315450477
873,0.4135,0,1,0,376850,299594,18459,107797,2.3729090102648587,0.26460329265987714
874,0.4137,1,2,1,376852,299592,18460,107796,2.372893169433532,0.2646027865327403
875,0.414,1,16,1,376868,299576,18461,107795,2.3727664427829174,0.2646113739073228
876,0.4142,0,1,0,376869,299575,18461,107795,2.372758522367254,0.2646120234676093
877,0.4143,1,3,1,376872,299572,18462,107794,2.3727347611202636,0.264612166945695
878,0.415,21,262,21,377134,299310,18483,107773,2.370659612216449,0.2647445361265393
879,0.4153,0,1,0,377135,299309,18483,107773,2.3706516918007856,0.26474518647348694
880,0.4157,0,2,0,377137,299307,18483,107773,2.370635850969459,0.2647464871769677
881,0.4158,0,1,0,377138,299306,18483,107773,2.3706279305537956,0.2647471375335009
882,0.416,0,20,0,377158,299286,18483,107773,2.370469522240527,0.2647601453351971
883,0.4161,0,1,0,377159,299285,18483,107773,2.370461601824864,0.2647607957588354
884,0.4162,0,1,0,377160,299284,18483,107773,2.3704536814092005,0.2647614461856693
885,0.4167,15,127,15,377287,299157,18498,107758,2.3694477886199468,0.2648169765184375
886,0.417,0,1,0,377288,299156,18498,107758,2.3694398682042834,0.26481762731191355
887,0.4173,0,1,0,377289,299155,18498,107758,2.36943194778862,0.2648182781085883
888,0.4175,3,58,3,377347,299097,18501,107755,2.368972563680142,0.2648506090666876
889,0.4178,0,1,0,377348,299096,18501,107755,2.3689646432644786,0.2648512600436032
890,0.418,4,12,4,377360,299084,18505,107751,2.3688695982765173,0.26485184411370705
891,0.4182,1,0,1,377360,299084,18506,107750,2.3688695982765173,0.2648500371158753
892,0.4183,1,14,1,377374,299070,18507,107749,2.36875871245723,0.2648573444209833
893,0.4187,1,1,1,377375,299069,18508,107748,2.3687507920415665,0.26485618840903896
894,0.419,1,2,1,377377,299067,18509,107747,2.3687349512102394,0.26485568343272353
895,0.4193,0,1,0,377378,299066,18509,107747,2.368727030794576,0.2648563344829197
896,0.4194,0,1,0,377379,299065,18509,107747,2.3687191103789127,0.26485698553631654
897,0.4195,0,1,0,377380,299064,18509,107747,2.3687111899632494,0.26485763659291417
898,0.42,1343,12841,1343,390221,286223,19852,106404,2.26700513242935,0.27100530528975336
899,0.421,0,1,0,390222,286222,19852,106404,2.2669972120136865,0.2710059955275504
900,0.4213,0,1,0,390223,286221,19852,106404,2.266989291598023,0.27100668576886344
901,0.4215,0,2,0,390225,286219,19852,106404,2.266973450766696,0.2710080662620376
902,0.4217,0,8,0,390233,286211,19852,106404,2.266910087441389,0.2710135883753805
903,0.422,0,11,0,390244,286200,19852,106404,2.2668229628690915,0.27102118164868416
904,0.4221,0,1,0,390245,286199,19852,106404,2.266815042453428,0.27102187196735633
905,0.4225,3,43,3,390288,286156,19855,106401,2.2664744645799013,0.2710459882259137
906,0.4229,0,1,0,390289,286155,19855,106401,2.2664665441642375,0.27104667869042887
907,0.4233,8,133,8,390422,286022,19863,106393,2.2654131288810038,0.27112368283577337
908,0.424,2,24,2,390446,285998,19865,106391,2.2652230389050816,0.271136550718802
909,0.4242,0,1,0,390447,285997,19865,106391,2.2652151184894183,0.2711372417097363
910,0.4243,0,7,0,390454,285990,19865,106391,2.2651596755797745,0.2711420787448934
911,0.4247,0,1,0,390455,285989,19865,106391,2.265151755164111,0.27114276976400425
912,0.425,27,286,27,390741,285703,19892,106364,2.2628865162843748,0.27129036618741187
913,0.4253,0,1,0,390742,285702,19892,106364,2.262878595868711,0.2712910581381706
914,0.4256,0,1,0,390743,285701,19892,106364,2.2628706754530477,0.27129175009245915
915,0.4257,2,2,2,390745,285699,19894,106362,2.262854834621721,0.2712894166979118
916,0.426,2,23,2,390768,285676,19896,106360,2.2626726650614626,0.2713016151577916
917,0.4262,0,1,0,390769,285675,19896,106360,2.262664744645799,0.2713023071919599
918,0.4265,0,1,0,390770,285674,19896,106360,2.2626568242301355,0.27130299922965867
919,0.4267,9,126,9,390896,285548,19905,106351,2.2616588518565455,0.27137349163942753
920,0.4271,0,1,0,390897,285547,19905,106351,2.261650931440882,0.2713741840989237
921,0.4272,0,1,0,390898,285546,19905,106351,2.261643011025219,0.2713748765619538
922,0.4275,5,58,5,390956,285488,19910,106346,2.2611836269167407,0.2714057483526187
923,0.4278,0,1,0,390957,285487,19910,106346,2.2611757065010774,0.27140644100930755
924,0.428,0,18,0,390975,285469,19910,106346,2.2610331390191356,0.27141890943429936
925,0.4283,3,12,3,390987,285457,19913,106343,2.2609380940311747,0.27142164369576316
926,0.4285,0,1,0,390988,285456,19913,106343,2.2609301736155114,0.2714223364531303
927,0.4286,1,0,1,390988,285456,19914,106342,2.2609301736155114,0.27142047687839144
928,0.4287,0,1,0,390989,285455,19914,106342,2.260922253199848,0.27142116963631674
929,0.4292,0,1,0,390990,285454,19914,106342,2.2609143327841843,0.27142186239777844
930,0.4293,0,2,0,390992,285452,19914,106342,2.2608984919528576,0.27142324793131084
931,0.4295,0,1,0,390993,285451,19914,106342,2.2608905715371943,0.2714239407033816
932,0.4298,1,0,1,390993,285451,19915,106341,2.2608905715371943,0.2714220811042594
933,0.43,1371,12642,1371,403635,272809,21286,104970,2.1607606767203142,0.2778608657442579
934,0.4307,0,2,0,403637,272807,21286,104970,2.1607448358889876,0.27786233677539923
935,0.4308,1,1,1,403638,272806,21287,104969,2.1607369154733242,0.277861160743829
936,0.431,0,1,0,403639,272805,21287,104969,2.1607289950576605,0.2778618962660215
937,0.4317,0,7,0,403646,272798,21287,104969,2.1606735521480167,0.2778670450304023
938,0.432,0,15,0,403661,272783,21287,104969,2.1605547459130654,0.27787807873949044
939,0.4325,4,37,4,403698,272746,21291,104965,2.160261690533519,0.2778976519084697
940,0.4327,0,2,0,403700,272744,21291,104965,2.1602458497021924,0.2778991233992306
941,0.4329,0,1,0,403701,272743,21291,104965,2.160237929286529,0.27789985915045484
942,0.433,0,2,0,403703,272741,21291,104965,2.160222088455202,0.277901330664591
943,0.4333,13,125,13,403828,272616,21304,104952,2.1592320364972752,0.27796847190439866
944,0.4338,0,1,0,403829,272615,21304,104952,2.159224116081612,0.27796920811405657
945,0.434,3,23,3,403852,272592,21307,104949,2.1590419465213535,0.2779804047772295
946,0.4342,0,2,0,403854,272590,21307,104949,2.1590261056900264,0.2779818773689606
947,0.4343,1,2,1,403856,272588,21308,104948,2.1590102648586997,0.27798143753178506
948,0.435,22,281,22,404137,272307,21330,104926,2.1567846280572804,0.27814639758451676
949,0.4353,0,1,0,404138,272306,21330,104926,2.156776707641617,0.27814713491962506
950,0.4357,0,2,0,404140,272304,21330,104926,2.15676086681029,0.27814860960156934
951,0.4358,0,2,0,404142,272302,21330,104926,2.1567450259789633,0.27815008429915067
952,0.436,3,22,3,404164,272280,21333,104923,2.1565707768343683,0.27816056606124556
953,0.4361,0,1,0,404165,272279,21333,104923,2.156562856418705,0.27816130349255835
954,0.4362,0,3,0,404168,272276,21333,104923,2.1565390951717145,0.2781635158099571
955,0.4367,16,95,16,404263,272181,21349,104907,2.1557866556836904,0.27820296588594706
956,0.437,1,2,1,404265,272179,21350,104906,2.1557708148523633,0.27820252728164735
957,0.4371,1,0,1,404265,272179,21351,104905,2.1557708148523633,0.2782006131259878
958,0.4375,8,47,8,404312,272132,21359,104897,2.155398555316183,0.27821997777359303
959,0.438,2,10,2,404322,272122,21361,104895,2.155319351159549,0.2782235283820093
960,0.4383,0,12,0,404334,272110,21361,104895,2.1552243061715877,0.27823238418588614
961,0.4386,0,5,0,404339,272105,21361,104895,2.155184704093271,0.278236074270557
962,0.439,0,1,0,404340,272104,21361,104895,2.1551767836776072,0.27823681229923686
963,0.4393,0,1,0,404341,272103,21361,104895,2.155168863261944,0.278237550331832
964,0.44,1447,12379,1447,416720,259724,22808,103448,2.057122037764542,0.28484574802022183
965,0.4402,1,0,1,416720,259724,22809,103447,2.057122037764542,0.2848437788259525
966,0.4403,0,2,0,416722,259722,22809,103447,2.057106196933215,0.28484534748285234
967,0.4407,1,1,1,416723,259721,22810,103446,2.057098276517552,0.28484416260287965
968,0.4408,0,1,0,416724,259720,22810,103446,2.057090356101888,0.2848449469388654
969,0.441,0,1,0,416725,259719,22810,103446,2.0570824356862247,0.2848457312791706
970,0.4411,0,2,0,416727,259717,22810,103446,2.057066594854898,0.2848472999727395
971,0.4417,1,6,1,416733,259711,22811,103445,2.0570190723609176,0.2848500368987432
972,0.442,0,8,0,416741,259703,22811,103445,2.05695570903561,0.2848563120270523
973,0.4425,7,42,7,416783,259661,22818,103438,2.0566230515777466,0.28487547473278635
974,0.4429,1,1,1,416784,259660,22819,103437,2.0566151311620833,0.2848742897903315
975,0.443,0,1,0,416785,259659,22819,103437,2.05660721074642,0.2848750743604997
976,0.4433,15,131,15,416916,259528,22834,103422,2.055569636294513,0.2849483399917344
977,0.4435,1,1,1,416917,259527,22835,103421,2.0555617158788495,0.2849471549643475
978,0.444,2,27,2,416944,259500,22837,103419,2.0553478646559373,0.2849644135468245
979,0.4442,0,3,0,416947,259497,22837,103419,2.055324103408947,0.28496676916972524
980,0.4443,0,5,0,416952,259492,22837,103419,2.05528450133063,0.2849706952944386
981,0.4445,0,1,0,416953,259491,22837,103419,2.0552765809149665,0.2849714805323634
982,0.445,28,282,28,417235,259209,22865,103391,2.053043023697884,0.28513789299503584
983,0.4457,0,2,0,417237,259207,22865,103391,2.0530271828665567,0.2851394657444332
984,0.4458,0,1,0,417238,259206,22865,103391,2.0530192624508934,0.2851402521256381
985,0.446,3,24,3,417262,259182,22868,103388,2.0528291724749717,0.28515321179358466
986,0.4464,0,1,0,417263,259181,22868,103388,2.052821252059308,0.2851539982734321
987,0.4467,7,130,7,417393,259051,22875,103381,2.051791598023064,0.2852424730708105
988,0.4471,0,1,0,417394,259050,22875,103381,2.0517836776074008,0.28524326009640455
989,0.4473,0,2,0,417396,259048,22875,103381,2.051767836776074,0.2852448341606218
990,0.4475,6,43,6,417439,259005,22881,103375,2.0514272589025473,0.2852668469562338
991,0.448,0,10,0,417449,258995,22881,103375,2.051348054745913,0.2852747192096476
992,0.4483,2,17,2,417466,258978,22883,103373,2.051213407679635,0.2852841581781201
993,0.4487,0,2,0,417468,258976,22883,103373,2.051197566848308,0.28528573281560043
994,0.449,1,1,1,417469,258975,22884,103372,2.0511896464326447,0.2852845476849539
995,0.45,1543,12005,1543,429474,246970,24427,101829,1.9561050563933595,0.29194177735601307
996,0.4507,0,2,0,429476,246968,24427,101829,1.9560892155620326,0.2919434513484921
997,0.451,1,1,1,429477,246967,24428,101828,1.9560812951463693,0.29194225834659326
998,0.4513,0,2,0,429479,246965,24428,101828,1.9560654543150424,0.2919439323610279
999,0.4514,0,1,0,429480,246964,24428,101828,1.956057533899379,0.2919447693754444
1000,0.4517,1,8,1,429488,246956,24429,101827,1.9559941705740718,0.2919494356089603
1001,0.4518,0,1,0,429489,246955,24429,101827,1.9559862501584082,0.2919502726631535
1002,0.452,1,13,1,429502,246942,24430,101826,1.955883284754784,0.2919591246903386
1003,0.4521,0,1,0,429503,246941,24430,101826,1.9558753643391205,0.2919599618083133
1004,0.4523,0,1,0,429504,246940,24430,101826,1.9558674439234571,0.29196079893108845
1005,0.4525,1,47,1,429551,246893,24431,101825,1.9554951843872765,0.29199811882380605
1006,0.4527,0,2,0,429553,246891,24431,101825,1.9554793435559499,0.29199979352825794
1007,0.4529,0,1,0,429554,246890,24431,101825,1.9554714231402863,0.29200063088768763
1008,0.453,0,2,0,429556,246888,24431,101825,1.9554555823089597,0.29200230562095475
1009,0.4533,16,123,16,429679,246765,24447,101809,1.9544813711823597,0.2920728453642555
1010,0.4535,0,1,0,429680,246764,24447,101809,1.9544734507666963,0.29207368327437866
1011,0.454,3,22,3,429702,246742,24450,101806,1.954299201622101,0.2920860254541699
1012,0.4542,0,1,0,429703,246741,24450,101806,1.9542912812064377,0.29208686346461166
1013,0.4543,1,2,1,429705,246739,24451,101805,1.9542754403751108,0.2920865084465663
1014,0.4544,1,1,1,429706,246738,24452,101804,1.9542675199594475,0.2920853153995788
1015,0.455,43,255,43,429961,246483,24495,101761,1.9522478139652768,0.29221178254327423
1016,0.4557,0,2,0,429963,246481,24495,101761,1.9522319731339501,0.29221346075430304
1017,0.456,4,25,4,429988,246456,24499,101757,1.9520339627423646,0.2922263097586822
1018,0.4565,1,0,1,429988,246456,24500,101756,1.9520339627423646,0.292224277164486
1019,0.4567,11,129,11,430117,246327,24511,101745,1.9510122291217844,0.292310211680342
1020,0.457,0,2,0,430119,246325,24511,101745,1.9509963882904575,0.2923118912862355
1021,0.4571,0,1,0,430120,246324,24511,101745,1.950988467874794,0.29231273109642053
1022,0.4573,0,1,0,430121,246323,24511,101745,1.9509805474591306,0.2923135709114311
1023,0.4575,9,44,9,430165,246279,24520,101736,1.9506320491699405,0.2923322270591785
1024,0.458,2,16,2,430181,246263,24522,101734,1.9505053225193258,0.2923416006459826
1025,0.4583,1,23,1,430204,246240,24523,101733,1.9503231529590672,0.29235888991387265
1026,0.4586,0,3,0,430207,246237,24523,101733,1.950299391712077,0.2923614104664195
1027,0.4587,0,1,0,430208,246236,24523,101733,1.9502914712964137,0.29236225066025995
1028,0.4588,0,1,0,430209,246235,24523,101733,1.9502835508807501,0.29236309085892953
1029,0.4589,0,1,0,430210,246234,24523,101733,1.9502756304650868,0.2923639310624283
1030,0.459,0,1,0,430211,246233,24523,101733,1.9502677100494235,0.29236477127075633
1031,0.4592,0,1,0,430212,246232,24523,101733,1.95025978963376,0.2923656114839136
1032,0.46,1681,12071,1681,442283,234161,26204,100052,1.8546524521606893,0.2993659731967338
1033,0.4608,0,1,0,442284,234160,26204,100052,1.854644531745026,0.2993668689334913
1034,0.461,1,0,1,442284,234160,26205,100051,1.854644531745026,0.2993647725538657
1035,0.4612,0,1,0,442285,234159,26205,100051,1.8546366113293626,0.29936566829239103
1036,0.4614,1,0,1,442285,234159,26206,100050,1.8546366113293626,0.29936357189662754
1037,0.4617,0,13,0,442298,234146,26206,100050,1.8545336459257382,0.299375216938563
1038,0.462,1,10,1,442308,234136,26207,100049,1.854454441769104,0.2993820787886949
1039,0.4621,0,1,0,442309,234135,26207,100049,1.8544465213534407,0.2993829746486965
1040,0.4623,0,1,0,442310,234134,26207,100049,1.8544386009377771,0.2993838705140597
1041,0.4625,5,48,5,442358,234086,26212,100044,1.8540584209859334,0.2994163948163888
1042,0.4627,0,1,0,442359,234085,26212,100044,1.8540505005702699,0.29941729092655833
1043,0.463,0,2,0,442361,234083,26212,100044,1.854034659738943,0.29941908316298893
1044,0.4633,17,132,17,442493,233951,26229,100027,1.8529891648713726,0.29950176358921843
1045,0.4638,1,0,1,442493,233951,26230,100026,1.8529891648713726,0.29949966614467466
1046,0.464,0,23,0,442516,233928,26230,100026,1.852806995311114,0.29952029321403545
1047,0.4643,0,5,0,442521,233923,26230,100026,1.8527673932327968,0.2995247777355225
1048,0.4644,0,1,0,442522,233922,26230,100026,1.8527594728171335,0.29952567465593444
1049,0.4645,0,1,0,442523,233921,26230,100026,1.85275155240147,0.2995265715817181
1050,0.4647,0,1,0,442524,233920,26230,100026,1.8527436319858066,0.2995274685128733
1051,0.465,33,288,33,442812,233632,26263,99993,1.8504625522747433,0.29971674784563507
1052,0.4652,0,1,0,442813,233631,26263,99993,1.85045463185908,0.2997176462125027
1053,0.4655,0,1,0,442814,233630,26263,99993,1.8504467114434167,0.29971854458475583
1054,0.4656,0,1,0,442815,233629,26263,99993,1.850438791027753,0.29971944296239456
1055,0.466,3,21,3,442836,233608,26266,99990,1.8502724622988214,0.2997320127818512
1056,0.4662,0,1,0,442837,233607,26266,99990,1.850264541883158,0.29973291126718765
1057,0.4665,0,1,0,442838,233606,26266,99990,1.8502566214674947,0.29973380975791075
1058,0.4667,8,122,8,442960,233484,26274,99982,1.849290330756558,0.29982666898574367
1059,0.4671,0,2,0,442962,233482,26274,99982,1.8492744899252314,0.2998284672408416
1060,0.4675,9,46,9,443008,233436,26283,99973,1.8489101508047143,0.29985093383801875
1061,0.4677,0,1,0,443009,233435,26283,99973,1.8489022303890508,0.2998518331893656
1062,0.468,2,15,2,443024,233420,26285,99971,1.8487834241540997,0.2998611240255436
1063,0.4683,3,8,3,443032,233412,26288,99968,1.8487200608287924,0.29986201931729556
1064,0.4685,0,1,0,443033,233411,26288,99968,1.8487121404131288,0.2998629187801271
1065,0.4686,0,1,0,443034,233410,26288,99968,1.8487042199974655,0.29986381824835473
1066,0.4689,0,1,0,443035,233409,26288,99968,1.8486962995818021,0.2998647177219784
1067,0.469,0,2,0,443037,233407,26288,99968,1.8486804587504753,0.2998665166854143
1068,0.4692,0,3,0,443040,233404,26288,99968,1.848656697503485,0.29986921517104015
1069,0.4693,0,4,0,443044,233400,26288,99968,1.8486250158408313,0.2998728132274244
1070,0.47,1656,11479,1656,454523,221921,27944,98312,1.7577065644405019,0.30700146455861826
1071,0.4707,1,1,1,454524,221920,27945,98311,1.7576986440248383,0.30700025918789875
1072,0.4708,0,2,0,454526,221918,27945,98311,1.7576828031935117,0.307002176567394
1073,0.471,0,1,0,454527,221917,27945,98311,1.7576748827778481,0.3070031352661229
1074,0.4713,0,2,0,454529,221915,27945,98311,1.7576590419465214,0.30700505268154366
1075,0.4717,1,11,1,454540,221904,27946,98310,1.7575719173742237,0.3070134347655006
1076,0.472,0,12,0,454552,221892,27946,98310,1.7574768723862628,0.3070249405063054
1077,0.4725,5,41,5,454593,221851,27951,98305,1.757152135344063,0.30705343644973077
1078,0.4729,0,1,0,454594,221850,27951,98305,1.7571442149283993,0.3070543955271665
1079,0.473,0,3,0,454597,221847,27951,98305,1.7571204536814091,0.30705727279542216
1080,0.4733,16,125,16,454722,221722,27967,98289,1.7561304017234824,0.30714256697426023
1081,0.474,4,22,4,454744,221700,27971,98285,1.7559561525788874,0.30715502289169805
1082,0.4742,0,3,0,454747,221697,27971,98285,1.7559323913318972,0.307157902632023
1083,0.4743,0,2,0,454749,221695,27971,98285,1.7559165505005703,0.30715982248890555
1084,0.4745,0,2,0,454751,221693,27971,98285,1.7559007096692434,0.30716174236978794
1085,0.475,35,290,35,455041,221403,28006,98250,1.7536037891268534,0.3073645484322062
1086,0.4757,0,1,0,455042,221402,28006,98250,1.7535958687111899,0.3073655099921164
1087,0.4758,0,2,0,455044,221400,28006,98250,1.7535800278798632,0.30736743312998593
1088,0.476,4,19,4,455063,221381,28010,98246,1.7534295399822584,0.3073770363580048
1089,0.4762,0,1,0,455064,221380,28010,98246,1.7534216195665948,0.30737799803520366
1090,0.4767,16,112,16,455176,221268,28026,98230,1.7525345330122926,0.3074510638564248
1091,0.4771,0,3,0,455179,221265,28026,98230,1.7525107717653023,0.3074539507660527
1092,0.4773,1,1,1,455180,221264,28027,98229,1.7525028513496388,0.30745274544356216
1093,0.4775,4,41,4,455221,221223,28031,98225,1.7521781143074389,0.3074835340963161
1094,0.4778,0,1,0,455222,221222,28031,98225,1.7521701938917755,0.30748449664576594
1095,0.478,3,10,3,455232,221212,28034,98222,1.7520909897351413,0.3074876187256209
1096,0.4783,4,9,4,455241,221203,28038,98218,1.7520197059941707,0.30748761039505856
1097,0.4786,0,1,0,455242,221202,28038,98218,1.7520117855785071,0.30748857303863253
1098,0.4787,0,1,0,455243,221201,28038,98218,1.7520038651628438,0.30748953568823395
1099,0.4789,0,1,0,455244,221200,28038,98218,1.7519959447471802,0.3074904983438629
1100,0.479,0,4,0,455248,221196,28038,98218,1.7519642630845267,0.30749434902665507
1101,0.4795,0,1,0,455249,221195,28038,98218,1.7519563426688634,0.30749531171242245
1102,0.48,1697,11404,1697,466653,209791,29735,96521,1.6616319224432898,0.31510681919089034
1103,0.4807,0,1,0,466654,209790,29735,96521,1.6616240020276265,0.315107847906213
1104,0.4808,1,4,1,466658,209786,29736,96520,1.6615923203649727,0.3151097268744328
1105,0.481,1,2,1,466660,209784,29737,96519,1.6615764795336458,0.3151095483883605
1106,0.4811,0,1,0,466661,209783,29737,96519,1.6615685591179825,0.3151105771428198
1107,0.4812,1,3,1,466664,209780,29738,96518,1.6615447978709923,0.3151114274334145
1108,0.4814,0,1,0,466665,209779,29738,96518,1.661536877455329,0.3151124562108019
1109,0.4817,0,11,0,466676,209768,29738,96518,1.6614497528830312,0.31512377320543544
1110,0.482,0,15,0,466691,209753,29738,96518,1.6613309466480801,0.3151392067809228
1111,0.4821,0,1,0,466692,209752,29738,96518,1.6613230262324166,0.3151402357397068
1112,0.4825,4,41,4,466733,209711,29742,96514,1.6609982891902166,0.3151734835496775
1113,0.4827,2,1,2,466734,209710,29744,96512,1.6609903687745533,0.31517004003631355
1114,0.4829,0,2,0,466736,209708,29744,96512,1.6609745279432264,0.3151720984912808
1115,0.483,0,1,0,466737,209707,29744,96512,1.660966607527563,0.31517312772884765
1116,0.4833,23,107,23,466844,209600,29767,96489,1.6601191230515777,0.31523184433285745
1117,0.4835,0,2,0,466846,209598,29767,96489,1.6601032822202508,0.31523390408609314
1118,0.484,5,20,5,466866,209578,29772,96484,1.6599448739069826,0.31524331671360706
1119,0.4842,0,3,0,466869,209575,29772,96484,1.6599211126599924,0.31524640673857
1120,0.4843,1,1,1,466870,209574,29773,96483,1.6599131922443289,0.31524519942363677
1121,0.4847,0,1,0,466871,209573,29773,96483,1.6599052718286655,0.3152462294482056
1122,0.485,39,287,39,467158,209286,29812,96444,1.6576321125332658,0.3154548130703562
1123,0.4855,0,1,0,467159,209285,29812,96444,1.6576241921176023,0.31545584488223233
1124,0.4857,0,3,0,467162,209282,29812,96444,1.657600430870612,0.3154589403583601
1125,0.4858,0,1,0,467163,209281,29812,96444,1.6575925104549487,0.3154599721972361
1126,0.486,5,31,5,467194,209250,29817,96439,1.6573469775693828,0.31548076639983774
1127,0.4862,1,2,1,467196,209248,29818,96438,1.657331136738056,0.31548059119488625
1128,0.4863,0,1,0,467197,209247,29818,96438,1.6573232163223925,0.3154816232396094
1129,0.4864,0,1,0,467198,209246,29818,96438,1.6573152959067292,0.31548265529108493
1130,0.4867,16,117,16,467315,209129,29834,96422,1.6563886072741096,0.31556761391715293
1131,0.4871,0,2,0,467317,209127,29834,96422,1.656372766442783,0.3155696794949419
1132,0.4873,0,2,0,467319,209125,29834,96422,1.656356925611456,0.31557174509977187
1133,0.4875,6,44,6,467363,209081,29840,96416,1.656008427322266,0.31560375388301687
1134,0.488,3,14,3,467377,209067,29843,96413,1.655897541502978,0.31561149666099253
1135,0.4883,1,13,1,467390,209054,29844,96412,1.6557945760993538,0.31562268795872533
1136,0.4886,0,1,0,467391,209053,29844,96412,1.6557866556836902,0.3156237212119228
1137,0.4888,0,1,0,467392,209052,29844,96412,1.6557787352680269,0.31562475447188537
1138,0.489,0,1,0,467393,209051,29844,96412,1.6557708148523635,0.31562578773861316
1139,0.4892,0,2,0,467395,209049,29844,96412,1.6557549740210367,0.3156278542923647
1140,0.4893,0,1,0,467396,209048,29844,96412,1.655747053605373,0.31562888757938845
1141,0.4898,0,2,0,467398,209046,29844,96412,1.6557312127740464,0.31563095417373255
1142,0.49,1803,10947,1803,478345,198099,31647,94609,1.5690264225066533,0.32321972751001
1143,0.4907,0,1,0,478346,198098,31647,94609,1.5690185020909897,0.32322083175325494
1144,0.4914,0,1,0,478347,198097,31647,94609,1.5690105816753264,0.32322193600404503
1145,0.4915,0,2,0,478349,198095,31647,94609,1.5689947408439995,0.32322414452826065
1146,0.4917,1,12,1,478361,198083,31648,94608,1.5688996958560386,0.32323508409893026
1147,0.4918,0,1,0,478362,198082,31648,94608,1.568891775440375,0.32323618845877894
1148,0.492,0,5,0,478367,198077,31648,94608,1.568852173362058,0.3232417103712182
1149,0.4921,0,1,0,478368,198076,31648,94608,1.5688442529463946,0.3232428147763458
1150,0.4925,9,36,9,478404,198040,31657,94599,1.5685591179825118,0.323261766203411
1151,0.4927,0,2,0,478406,198038,31657,94599,1.568543277151185,0.32326397550548974
1152,0.4929,0,1,0,478407,198037,31657,94599,1.5685353567355216,0.3232650801678536
1153,0.493,0,2,0,478409,198035,31657,94599,1.5685195159041947,0.32326728951523065
1154,0.4933,18,140,18,478549,197895,31675,94581,1.5674106577113167,0.3233803799286095
1155,0.4935,0,1,0,478550,197894,31675,94581,1.5674027372956534,0.3233814855970596
1156,0.494,1,18,1,478568,197876,31676,94580,1.5672601698137119,0.3233990754164729
1157,0.4942,0,4,0,478572,197872,31676,94580,1.567228488151058,0.32340349869380275
1158,0.4943,0,1,0,478573,197871,31676,94580,1.5672205677353948,0.3234046045320413
1159,0.495,34,277,34,478850,197594,31710,94546,1.565026612596629,0.3236325049633737
1160,0.4953,0,1,0,478851,197593,31710,94546,1.5650186921809657,0.3236336127665255
1161,0.4957,1,1,1,478852,197592,31711,94545,1.5650107717653023,0.323632405344068
1162,0.4958,0,1,0,478853,197591,31711,94545,1.5650028513496388,0.32363351315825506
1163,0.496,4,22,4,478875,197569,31715,94541,1.5648286022050437,0.3236486255177844
1164,0.4962,0,1,0,478876,197568,31715,94541,1.5648206817893804,0.3236497334898959
1165,0.4963,0,3,0,478879,197565,31715,94541,1.5647969205423902,0.323653057451747
1166,0.4967,9,122,9,479001,197443,31724,94532,1.5638306298314535,0.323767445842966
1167,0.4971,0,1,0,479002,197442,31724,94532,1.5638227094157902,0.32376855473432564
1168,0.4975,2,45,2,479047,197397,31726,94530,1.5634662907109365,0.32381383016987125
1169,0.4978,1,1,1,479048,197396,31727,94529,1.5634583702952731,0.3238126231052496
1170,0.498,1,8,1,479056,197388,31728,94528,1.5633950069699658,0.32381918086024747
1171,0.4983,1,8,1,479064,197380,31729,94527,1.5633316436446585,0.32382573901961925
1172,0.4986,0,2,0,479066,197378,31729,94527,1.5633158028133316,0.3238279577259725
1173,0.4987,0,1,0,479067,197377,31729,94527,1.5633078823976683,0.3238290670905503
1174,0.499,0,1,0,479068,197376,31729,94527,1.5632999619820047,0.32383017646272905
1175,0.4992,0,2,0,479070,197374,31729,94527,1.563284121150678,0.3238323952298896
1176,0.4993,0,3,0,479073,197371,31729,94527,1.5632603599036878,0.32383572343763917
1177,0.4995,0,2,0,479075,197369,31729,94527,1.563244519072361,0.32383794228081236
1178,0.5,1808,10772,1808,489847,186597,33537,92719,1.4779258015460652,0.3319501926133841
1179,0.5007,0,1,0,489848,186596,33537,92719,1.4779178811304017,0.33195138105722927
1180,0.5008,0,2,0,489850,186594,33537,92719,1.4779020402990748,0.3319537579704489
1181,0.501,0,1,0,489851,186593,33537,92719,1.4778941198834115,0.33195494643982354
1182,0.5012,1,0,1,489851,186593,33538,92718,1.4778941198834115,0.3319525546791927
1183,0.5014,0,2,0,489853,186591,33538,92718,1.4778782790520846,0.331954931634856
1184,0.5015,0,1,0,489854,186590,33538,92718,1.4778703586364212,0.3319561201254529
1185,0.5017,4,8,4,489862,186582,33542,92714,1.477806995311114,0.3319560609532539
1186,0.502,1,12,1,489874,186570,33543,92713,1.477711950323153,0.33196793216916176
1187,0.5021,1,0,1,489874,186570,33544,92712,1.477711950323153,0.33196554020667285
1188,0.5023,1,0,1,489874,186570,33545,92711,1.477711950323153,0.33196314822705447
1189,0.5025,10,39,10,489913,186531,33555,92701,1.4774030541122798,0.33198558904423564
1190,0.5029,0,2,0,489915,186529,33555,92701,1.477387213280953,0.33198796690899973
1191,0.5032,0,1,0,489916,186528,33555,92701,1.4773792928652896,0.33198915585415556
1192,0.5033,27,111,27,490027,186417,33582,92674,1.4765001267266507,0.33205656936268096
1193,0.5038,0,1,0,490028,186416,33582,92674,1.476492206310987,0.3320577591457953
1194,0.504,5,26,5,490054,186390,33587,92669,1.4762862755037385,0.3320767292938053
1195,0.5042,0,5,0,490059,186385,33587,92669,1.4762466734254214,0.33208267933804925
1196,0.5043,0,2,0,490061,186383,33587,92669,1.4762308325940945,0.33208505941544947
1197,0.505,46,241,46,490302,186142,33633,92623,1.4743220124192118,0.33226194106146756
1198,0.5057,0,1,0,490303,186141,33633,92623,1.4743140920035482,0.3322631329726938
1199,0.5058,1,2,1,490305,186139,33634,92622,1.4742982511722216,0.33226312145529685
1200,0.506,1,11,1,490316,186128,33635,92621,1.474211126599924,0.332273837753678
1201,0.5065,0,1,0,490317,186127,33635,92621,1.4742032061842605,0.3322750297759984
1202,0.5067,16,101,16,490418,186026,33651,92605,1.4734032442022558,0.3323571318338591
1203,0.5068,0,1,0,490419,186025,33651,92605,1.4733953237865922,0.3323583246599433
1204,0.507,1,4,1,490423,186021,33652,92604,1.4733636421239387,0.3323606998654105
1205,0.5071,0,1,0,490424,186020,33652,92604,1.4733557217082753,0.33236189272998734
1206,0.5073,0,1,0,490425,186019,33652,92604,1.4733478012926118,0.33236308560312683
1207,0.5075,8,33,8,490458,185986,33660,92596,1.4730864275757192,0.3323832839164052
1208,0.508,1,10,1,490468,185976,33661,92595,1.473007223419085,0.3323928190658755
1209,0.5083,0,13,0,490481,185963,33661,92595,1.4729042580154605,0.3324083314785431
1210,0.5087,0,1,0,490482,185962,33661,92595,1.4728963375997972,0.33240952480102814
1211,0.5088,1,0,1,490482,185962,33662,92594,1.4728963375997972,0.33240712818966384
1212,0.5089,0,1,0,490483,185961,33662,92594,1.4728884171841339,0.3324083215163971
1213,0.509,0,1,0,490484,185960,33662,92594,1.4728804967684703,0.3324095148516984
1214,0.5092,0,1,0,490485,185959,33662,92594,1.472872576352807,0.3324107081955678
1215,0.5093,1,2,1,490487,185957,33663,92593,1.47285673552148,0.3324106982588404
1216,0.5094,0,1,0,490488,185956,33663,92593,1.4728488151058168,0.33241189162409485
1217,0.5095,0,2,0,490490,185954,33663,92593,1.47283297427449,0.33241427838030924
1218,0.51,1903,10474,1903,500964,175480,35566,90690,1.3898745406158914,0.34072209490175454
1219,0.5103,0,1,0,500965,175479,35566,90690,1.389866620200228,0.3407233749985911
1220,0.5107,0,2,0,500967,175477,35566,90690,1.3898507793689012,0.3407259352211206
1221,0.5108,0,3,0,500970,175474,35566,90690,1.389827018121911,0.34072977562705703
1222,0.511,0,1,0,500971,175473,35566,90690,1.3898190977062477,0.3407310557816075
1223,0.5112,0,1,0,500972,175472,35566,90690,1.3898111772905841,0.3407323359457774
1224,0.5114,0,1,0,500973,175471,35566,90690,1.3898032568749208,0.3407336161195667
1225,0.5117,0,10,0,500983,175461,35566,90690,1.3897240527182866,0.340746418386555
1226,0.5118,1,0,1,500983,175461,35567,90689,1.3897240527182866,0.3407439413864362
1227,0.512,0,18,0,501001,175443,35567,90689,1.3895814852363453,0.3407669878105602
1228,0.5125,11,39,11,501040,175404,35578,90678,1.389272589025472,0.3407896813764178
1229,0.5127,1,1,1,501041,175403,35579,90677,1.3892646686098087,0.34078848466626577
1230,0.5129,0,1,0,501042,175402,35579,90677,1.3892567481941451,0.34078976544560075
1231,0.5133,25,115,25,501157,175287,35604,90652,1.3883459003928527,0.3408751631013127
1232,0.5135,0,1,0,501158,175286,35604,90652,1.388337979977189,0.34087644488565005
1233,0.5138,0,1,0,501159,175285,35604,90652,1.3883300595615258,0.3408777266796271
1234,0.514,7,11,7,501170,175274,35611,90645,1.3882429349892282,0.3408744768143683
1235,0.5142,0,6,0,501176,175268,35611,90645,1.3881954124952478,0.34088216822795425
1236,0.5143,1,0,1,501176,175268,35612,90644,1.3881954124952478,0.3408796895213454
1237,0.5147,0,1,0,501177,175267,35612,90644,1.3881874920795843,0.3408809714528545
1238,0.515,44,259,44,501436,175008,35656,90600,1.38613610442276,0.34110418360892747
1239,0.5152,0,1,0,501437,175007,35656,90600,1.3861281840070967,0.3411054678528804
1240,0.5156,0,1,0,501438,175006,35656,90600,1.3861202635914334,0.3411067521065036
1241,0.5157,0,1,0,501439,175005,35656,90600,1.3861123431757698,0.34110803636979725
1242,0.5158,0,4,0,501443,175001,35656,90600,1.3860806615131163,0.341113173519678
1243,0.516,2,21,2,501464,174980,35658,90598,1.3859143327841845,0.3411351843902733
1244,0.5161,0,1,0,501465,174979,35658,90598,1.3859064123685212,0.3411364688960264
1245,0.5162,0,1,0,501466,174978,35658,90598,1.3858984919528576,0.34113775341145286
1246,0.5165,0,1,0,501467,174977,35658,90598,1.3858905715371943,0.34113903793655276
1247,0.5167,20,109,20,501576,174868,35678,90578,1.385027246229882,0.3412294779352486
1248,0.517,0,3,0,501579,174865,35678,90578,1.3850034849828918,0.3412333344635195
1249,0.5171,1,3,1,501582,174862,35679,90577,1.3849797237359016,0.3412347092929072
1250,0.5173,0,1,0,501583,174861,35679,90577,1.3849718033202383,0.3412359948462541
1251,0.5175,7,40,7,501623,174821,35686,90570,1.3846549866937017,0.34127005060457966
1252,0.518,1,11,1,501634,174810,35687,90569,1.3845678621214041,0.3412817140768486
1253,0.5183,2,6,2,501640,174804,35689,90567,1.3845203396274237,0.3412844658986852
1254,0.5186,0,2,0,501642,174802,35689,90567,1.3845044987960968,0.3412870380489055
1255,0.519,0,1,0,501643,174801,35689,90567,1.3844965783804335,0.34128832413855476
1256,0.5192,0,2,0,501645,174799,35689,90567,1.3844807375491066,0.34129089634693216
1257,0.5196,0,2,0,501647,174797,35689,90567,1.3844648967177797,0.3412934685940821
1258,0.52,1959,10203,1959,511850,164594,37648,88608,1.3036528957039666,0.34994984241830634
1259,0.5203,0,1,0,511851,164593,37648,88608,1.303644975288303,0.3499512245212302
1260,0.5207,0,2,0,511853,164591,37648,88608,1.3036291344569764,0.34995398875982925
1261,0.5208,1,4,1,511857,164587,37649,88607,1.3035974527943226,0.34995695000671423
1262,0.521,0,2,0,511859,164585,37649,88607,1.3035816119629957,0.3499597143669626
1263,0.5212,1,0,1,511859,164585,37650,88606,1.3035816119629957,0.34995714697599833
1264,0.5217,4,7,4,511866,164578,37654,88602,1.303526169053352,0.34995655265028836
1265,0.522,3,8,3,511874,164570,37657,88599,1.3034628057280446,0.349959908203611
1266,0.5223,0,1,0,511875,164569,37657,88599,1.3034548853123813,0.34996129052644886
1267,0.5224,0,1,0,511876,164568,37657,88599,1.3034469648967177,0.3499626728602069
1268,0.5225,4,41,4,511917,164527,37661,88595,1.3031222278545178,0.3500090865274453
1269,0.5227,0,1,0,511918,164526,37661,88595,1.3031143074388545,0.3500104693012433
1270,0.5229,0,1,0,511919,164525,37661,88595,1.303106387023191,0.35001185208596713
1271,0.5233,13,112,13,512031,164413,37674,88582,1.3022193004688887,0.35013340184588626
1272,0.5234,1,2,1,512033,164411,37675,88581,1.3022034596375618,0.3501336010624842
1273,0.5238,0,1,0,512034,164410,37675,88581,1.3021955392218985,0.3501349850389935
1274,0.524,0,31,0,512065,164379,37675,88581,1.3019500063363325,0.3501778937381404
1275,0.5242,0,1,0,512066,164378,37675,88581,1.3019420859206692,0.35017927806482474
1276,0.5243,1,4,1,512070,164374,37676,88580,1.3019104042580154,0.350182246574476
1277,0.5247,2,0,2,512070,164374,37678,88578,1.3019104042580154,0.3501771087004649
1278,0.5248,1,0,1,512070,164374,37679,88577,1.3019104042580154,0.3501745397329918
1279,0.525,38,218,38,512288,164156,37717,88539,1.3001837536433911,0.35037891529313997
1280,0.5253,0,2,0,512290,164154,37717,88539,1.3001679128120645,0.35038168845199513
1281,0.5255,0,1,0,512291,164153,37717,88539,1.300159992396401,0.3503830750478844
1282,0.5257,0,3,0,512294,164150,37717,88539,1.3001362311494107,0.35038723490140056
1283,0.5258,0,1,0,512295,164149,37717,88539,1.3001283107337473,0.35038862154118916
1284,0.526,1,16,1,512311,164133,37718,88538,1.3000015840831327,0.35040823838113594
1285,0.5262,0,1,0,512312,164132,37718,88538,1.2999936636674694,0.35040962520283375
1286,0.5265,0,2,0,512314,164130,37718,88538,1.2999778228361425,0.3504123988791616
1287,0.5267,22,107,22,512421,164023,37740,88516,1.2991303383601571,0.3505042785470759
1288,0.527,0,1,0,512422,164022,37740,88516,1.2991224179444938,0.35050566647395637
1289,0.5271,0,2,0,512424,164020,37740,88516,1.299106577113167,0.3505084423606931
1290,0.5273,1,0,1,512424,164020,37741,88515,1.299106577113167,0.3505058704733997
1291,0.5275,3,46,3,512470,163974,37744,88512,1.2987422379926499,0.35056201135904563
1292,0.528,2,12,2,512482,163962,37746,88510,1.2986471930046888,0.3505735289457841
1293,0.5283,4,9,4,512491,163953,37750,88506,1.2985759092637181,0.35057573705037254
1294,0.5286,0,2,0,512493,163951,37750,88506,1.2985600684323912,0.35057851436086146
1295,0.5288,0,2,0,512495,163949,37750,88506,1.2985442276010646,0.35058129171535524
1296,0.529,0,1,0,512496,163948,37750,88506,1.298536307185401,0.35058268040910423
1297,0.5292,0,4,0,512500,163944,37750,88506,1.2985046255227475,0.35058823529411764
1298,0.53,2006,9681,2006,522181,154263,39756,86500,1.2218270814852363,0.3592744732371668
1299,0.5302,0,1,0,522182,154262,39756,86500,1.221819161069573,0.3592759654762795
1300,0.5304,0,1,0,522183,154261,39756,86500,1.2218112406539094,0.35927745772778813
1301,0.5307,0,1,0,522184,154260,39756,86500,1.2218033202382461,0.35927894999169296
1302,0.5308,0,3,0,522187,154257,39756,86500,1.221779558991256,0.3592834268577861
1303,0.531,1,1,1,522188,154256,39757,86499,1.2217716385755923,0.3592822578970323
1304,0.5312,0,1,0,522189,154255,39757,86499,1.221763718159929,0.3592837502180649
1305,0.5313,0,1,0,522190,154254,39757,86499,1.2217557977442657,0.3592852425514947
1306,0.5314,0,1,0,522191,154253,39757,86499,1.2217478773286021,0.3592867348973217
1307,0.5315,0,1,0,522192,154252,39757,86499,1.2217399569129388,0.3592882272555462
1308,0.5317,1,10,1,522202,154242,39758,86498,1.2216607527563046,0.3593004901553543
1309,0.532,0,7,0,522209,154235,39758,86498,1.2216053098466608,0.3593109378440014
1310,0.5321,0,1,0,522210,154234,39758,86498,1.2215973894309973,0.35931243042055067
1311,0.5325,5,22,5,522232,154212,39763,86493,1.2214231402864022,0.35933196236056586
1312,0.5327,0,1,0,522233,154211,39763,86493,1.2214152198707389,0.3593334551980856
1313,0.5329,0,1,0,522234,154210,39763,86493,1.2214072994550753,0.35933494804800936
1314,0.533,0,2,0,522236,154208,39763,86493,1.2213914586237486,0.35933793378506945
1315,0.5333,18,82,18,522318,154126,39781,86475,1.2207419845393486,0.3594124712698617
1316,0.534,0,12,0,522330,154114,39781,86475,1.2206469395513877,0.3594303978984908
1317,0.5342,0,2,0,522332,154112,39781,86475,1.2206310987200608,0.3594333858437904
1318,0.5343,0,2,0,522334,154110,39781,86475,1.220615257888734,0.35943637383876803
1319,0.5345,0,1,0,522335,154109,39781,86475,1.2206073374730706,0.35943786785488646
1320,0.535,42,247,42,522582,153862,39823,86433,1.2186509948042072,0.3596953744355896
1321,0.5354,0,1,0,522583,153861,39823,86433,1.218643074388544,0.3596968713326175
1322,0.5357,0,4,0,522587,153857,39823,86433,1.2186113927258904,0.35970285904532023
1323,0.5358,0,1,0,522588,153856,39823,86433,1.2186034723102268,0.3597043560046444
1324,0.536,1,17,1,522605,153839,39824,86432,1.2184688252439488,0.3597271414361284
1325,0.5362,0,2,0,522607,153837,39824,86432,1.218452984412622,0.3597301358061173
1326,0.5367,14,93,14,522700,153744,39838,86418,1.2177163857559246,0.3598321133235066
1327,0.5371,0,3,0,522703,153741,39838,86418,1.2176926245089341,0.35983660824703634
1328,0.5375,5,34,5,522737,153707,39843,86413,1.2174233303763782,0.35987422955189075
1329,0.5378,0,1,0,522738,153706,39843,86413,1.2174154099607148,0.35987572828472547
1330,0.538,1,10,1,522748,153696,39844,86412,1.2173362058040806,0.3598880503773302
1331,0.5383,1,6,1,522754,153690,39845,86411,1.2172886833101002,0.35989437778268313
1332,0.5386,0,1,0,522755,153689,39845,86411,1.2172807628944367,0.35989587671803414
1333,0.539,0,4,0,522759,153685,39845,86411,1.217249081231783,0.3599018725842996
1334,0.5392,0,1,0,522760,153684,39845,86411,1.2172411608161195,0.3599033715820821
1335,0.5393,0,1,0,522761,153683,39845,86411,1.2172332404004562,0.3599048705923513
1336,0.54,1958,9423,1958,532184,144260,41803,84453,1.142599163604106,0.369253168818563
1337,0.5403,0,1,0,532185,144259,41803,84453,1.1425912431884426,0.36925478330826544
1338,0.5408,0,2,0,532187,144257,41803,84453,1.1425754023571157,0.3692580123300249
1339,0.541,1,2,1,532189,144255,41804,84452,1.1425595615257889,0.3692584835619373
1340,0.5412,1,0,1,532189,144255,41805,84451,1.1425595615257889,0.3692557256914991
1341,0.5414,0,4,0,532193,144251,41805,84451,1.1425278798631353,0.3692621839774029
1342,0.5416,0,1,0,532194,144250,41805,84451,1.1425199594474718,0.36926379858417757
1343,0.5417,3,5,3,532199,144245,41808,84448,1.1424803573691547,0.36926359792385427
1344,0.542,2,10,2,532209,144235,41810,84446,1.1424011532125207,0.36927422916639335
1345,0.5423,0,1,0,532210,144234,41810,84446,1.1423932327968571,0.3692758439741123
1346,0.5425,3,37,3,532247,144197,41813,84443,1.142100177417311,0.3693273268019594
1347,0.5429,1,0,1,532247,144197,41814,84442,1.142100177417311,0.36932456842445954
1348,0.5433,18,80,18,532327,144117,41832,84424,1.1414665441642378,0.36940417693105393
1349,0.5435,1,0,1,532327,144117,41833,84423,1.1414665441642378,0.36940141769493307
1350,0.5436,0,1,0,532328,144116,41833,84423,1.1414586237485744,0.3694030340554566
1351,0.5438,0,1,0,532329,144115,41833,84423,1.1414507033329109,0.3694046504301254
1352,0.544,7,11,7,532340,144104,41840,84416,1.1413635787606133,0.36940311570103274
1353,0.5442,1,2,1,532342,144102,41841,84415,1.1413477379292865,0.3694035892296853
1354,0.5443,0,4,0,532346,144098,41841,84415,1.141316056266633,0.3694100554454232
1355,0.5444,0,1,0,532347,144097,41841,84415,1.1413081358509694,0.369411672034729
1356,0.5447,1,0,1,532347,144097,41842,84414,1.1413081358509694,0.36940891248123725
1357,0.5448,0,1,0,532348,144096,41842,84414,1.141300215435306,0.3694105290796902
1358,0.545,50,225,50,532573,143871,41892,84364,1.139518121911038,0.36963655880999846
1359,0.5453,0,1,0,532574,143870,41892,84364,1.1395102014953744,0.36963817836080515
1360,0.5456,0,1,0,532575,143869,41892,84364,1.139502281079711,0.36963979792580387
1361,0.5457,0,5,0,532580,143864,41892,84364,1.139462679001394,0.3696478959636854
1362,0.5458,2,2,2,532582,143862,41894,84362,1.139446838170067,0.3696456113292204
1363,0.546,1,20,1,532602,143842,41895,84361,1.139288429856799,0.3696752452859954
1364,0.5465,0,2,0,532604,143840,41895,84361,1.139272589025472,0.36967848519506924
1365,0.5467,16,75,16,532679,143765,41911,84345,1.138678557850716,0.3697558195607382
1366,0.5468,1,0,1,532679,143765,41912,84344,1.138678557850716,0.36975305665274055
1367,0.547,0,1,0,532680,143764,41912,84344,1.1386706374350526,0.36975467760885194
1368,0.5471,0,1,0,532681,143763,41912,84344,1.1386627170193893,0.3697562985791756
1369,0.5473,1,0,1,532681,143763,41913,84343,1.1386627170193893,0.36975353563694074
1370,0.5475,6,44,6,532725,143719,41919,84337,1.138314218730199,0.36980829270003857
1371,0.5478,1,0,1,532725,143719,41920,84336,1.138314218730199,0.3698055293679156
1372,0.548,3,11,3,532736,143708,41923,84333,1.1382270941579014,0.3698150771133261
1373,0.5483,2,13,2,532749,143695,41925,84331,1.138124128754277,0.36983063334882865
1374,0.5486,0,1,0,532750,143694,41925,84331,1.1381162083386136,0.3698322552351716
1375,0.5487,0,1,0,532751,143693,41925,84331,1.1381082879229503,0.3698338771357401
1376,0.5492,1,3,1,532754,143690,41926,84330,1.13808452667596,0.3698359793000614
1377,0.5499,0,1,0,532755,143689,41926,84330,1.1380766062602965,0.3698376012525272
1378,0.55,2108,9178,2108,541933,134511,44034,82222,1.0653830313014827,0.37937000825900996
1379,0.5502,0,1,0,541934,134510,44034,82222,1.0653751108858194,0.37937175866969347
1380,0.5505,0,1,0,541935,134509,44034,82222,1.0653671904701558,0.3793735090965298
1381,0.5507,1,0,1,541935,134509,44035,82221,1.0653671904701558,0.37937064550362204
1382,0.5508,2,3,2,541938,134506,44037,82219,1.0653434292231656,0.37937016956973124
1383,0.5513,0,1,0,541939,134505,44037,82219,1.0653355088075023,0.3793719200457725
1384,0.5515,0,1,0,541940,134504,44037,82219,1.0653275883918387,0.37937367053796783
1385,0.5517,3,8,3,541948,134496,44040,82216,1.0652642250665314,0.37937908376093615
1386,0.552,1,16,1,541964,134480,44041,82215,1.0651374984159168,0.37940423175430904
1387,0.5525,10,34,10,541998,134446,44051,82205,1.0648682042833608,0.3794351283862064
1388,0.5529,0,1,0,541999,134445,44051,82205,1.0648602838676973,0.3794368797599815
1389,0.553,0,1,0,542000,134444,44051,82205,1.064852363452034,0.37943863114992454
1390,0.5532,0,4,0,542004,134440,44051,82205,1.0648206817893804,0.37944563687137944
1391,0.5533,19,91,19,542095,134349,44070,82186,1.0640999239640097,0.37955065001039096
1392,0.5535,0,2,0,542097,134347,44070,82186,1.0640840831326828,0.37955415571760426
1393,0.5538,0,1,0,542098,134346,44070,82186,1.0640761627170194,0.37955590859549626
1394,0.554,5,28,5,542126,134318,44075,82181,1.0638543910784437,0.3795906678552788
1395,0.5542,2,2,2,542128,134316,44077,82179,1.063838550247117,0.379588443151112
1396,0.5543,0,2,0,542130,134314,44077,82179,1.0638227094157902,0.3795919498551916
1397,0.5545,1,3,1,542133,134311,44078,82178,1.0637989481688,0.37959434428539096
1398,0.5548,1,0,1,542133,134311,44079,82177,1.0637989481688,0.37959147851151104
1399,0.555,48,197,48,542330,134114,44127,82129,1.0622386262831074,0.3797995773273586
1400,0.5557,0,1,0,542331,134113,44127,82129,1.0622307058674438,0.37980133369095737
1401,0.5558,1,1,1,542332,134112,44128,82128,1.0622227854517805,0.37980022197558266
1402,0.556,2,15,2,542347,134097,44130,82126,1.0621039792168292,0.37982083312136083
1403,0.5562,0,1,0,542348,134096,44130,82126,1.0620960588011659,0.3798225897457243
1404,0.5565,0,1,0,542349,134095,44130,82126,1.0620881383855025,0.3798243463863362
1405,0.5567,24,97,24,542446,133998,44154,82102,1.0613198580661514,0.3799259602036094
1406,0.557,0,1,0,542447,133997,44154,82102,1.0613119376504878,0.3799277183142911
1407,0.5571,0,1,0,542448,133996,44154,82102,1.0613040172348245,0.37992947644124425
1408,0.5572,1,0,1,542448,133996,44155,82101,1.0613040172348245,0.3799266070329528
1409,0.5575,5,31,5,542479,133965,44160,82096,1.0610584843492588,0.37996676864404033
1410,0.5577,1,0,1,542479,133965,44161,82095,1.0610584843492588,0.3799638989169675
1411,0.5578,1,0,1,542479,133965,44162,82094,1.0610584843492588,0.3799610291633304
1412,0.558,3,14,3,542493,133951,44165,82091,1.0609475985299708,0.3799770415011896
1413,0.5583,1,8,1,542501,133943,44166,82090,1.0608842352046635,0.3799882425370198
1414,0.5584,1,0,1,542501,133943,44167,82089,1.0608842352046635,0.3799853725374019
1415,0.5585,0,1,0,542502,133942,44167,82089,1.0608763147890001,0.37998713147650104
1416,0.5586,2,0,2,542502,133942,44169,82087,1.0608763147890001,0.37998139138726744
1417,0.5587,0,1,0,542503,133941,44169,82087,1.0608683943733368,0.37998315033236435
1418,0.5588,1,0,1,542503,133941,44170,82086,1.0608683943733368,0.37998028024274744
1419,0.559,0,1,0,542504,133940,44170,82086,1.0608604739576732,0.3799820391989853
1420,0.5592,0,2,0,542506,133938,44170,82086,1.0608446331263466,0.3799855571603155
1421,0.5593,0,1,0,542507,133937,44170,82086,1.060836712710683,0.3799873161654083
1422,0.5597,0,2,0,542509,133935,44170,82086,1.0608208718793561,0.3799908342244504
1423,0.56,2152,8785,2152,551294,125150,46322,79934,0.9912400202762641,0.389762243763531
1424,0.5602,0,1,0,551295,125149,46322,79934,0.9912320998606007,0.3897641442732942
1425,0.5607,0,1,0,551296,125148,46322,79934,0.9912241794449372,0.38976604480159155
1426,0.5608,0,1,0,551297,125147,46322,79934,0.9912162590292739,0.3897679453484233
1427,0.561,1,2,1,551299,125145,46323,79933,0.991200418197947,0.3897687709066794
1428,0.5613,0,3,0,551302,125142,46323,79933,0.9911766569509568,0.38977447275387056
1429,0.5617,1,6,1,551308,125136,46324,79932,0.9911291344569763,0.38978290128152615
1430,0.562,0,11,0,551319,125125,46324,79932,0.9910420098846787,0.3898038106477711
1431,0.5625,9,28,9,551347,125097,46333,79923,0.9908202382461031,0.38983026046239394
1432,0.5627,0,1,0,551348,125096,46333,79923,0.9908123178304398,0.38983216189719
1433,0.5629,0,1,0,551349,125095,46333,79923,0.9908043974147763,0.38983406335053505
1434,0.563,1,0,1,551349,125095,46334,79922,0.9908043974147763,0.38983108717813647
1435,0.5633,15,91,15,551440,125004,46349,79907,0.9900836395894057,0.3899595434115299
1436,0.5637,0,1,0,551441,125003,46349,79907,0.9900757191737423,0.38996144648870235
1437,0.564,2,24,2,551465,124979,46351,79905,0.9898856291978203,0.3900011713945452
1438,0.5642,0,2,0,551467,124977,46351,79905,0.9898697883664934,0.3900049784754151
1439,0.5643,2,4,2,551471,124973,46353,79903,0.9898381067038399,0.39000663816161973
1440,0.565,39,210,39,551681,124763,46392,79864,0.9881748194145229,0.3902906263591804
1441,0.5655,0,3,0,551684,124760,46392,79864,0.9881510581675327,0.39029634842442723
1442,0.5656,0,1,0,551685,124759,46392,79864,0.9881431377518692,0.3902982558167948
1443,0.5657,1,1,1,551686,124758,46393,79863,0.9881352173362058,0.3902971835735335
1444,0.566,6,12,6,551698,124746,46399,79857,0.9880401723482448,0.39030219498247826
1445,0.5662,0,1,0,551699,124745,46399,79857,0.9880322519325814,0.39030410259919257
1446,0.5664,0,1,0,551700,124744,46399,79857,0.988024331516918,0.3903060102345541
1447,0.5667,26,75,26,551775,124669,46425,79831,0.987430300342162,0.3903716381418093
1448,0.5669,0,1,0,551776,124668,46425,79831,0.9874223799264985,0.3903735470589098
1449,0.5671,1,1,1,551777,124667,46426,79830,0.9874144595108352,0.3903724749018323
1450,0.5675,4,27,4,551804,124640,46430,79826,0.987200608287923,0.3904120978549001
1451,0.5677,0,1,0,551805,124639,46430,79826,0.9871926878722596,0.3904140072873108
1452,0.5678,0,1,0,551806,124638,46430,79826,0.9871847674565961,0.3904159167383989
1453,0.568,4,5,4,551811,124633,46434,79822,0.987145165378279,0.39041353843143967
1454,0.5683,1,10,1,551821,124623,46435,79821,0.9870659612216449,0.39042965310794153
1455,0.5685,2,0,2,551821,124623,46437,79819,0.9870659612216449,0.3904236898484656
1456,0.5686,1,1,1,551822,124622,46438,79818,0.9870580408059815,0.3904226178829975
1457,0.5692,0,3,0,551825,124619,46438,79818,0.9870342795589913,0.3904283471191614
1458,0.5695,0,1,0,551826,124618,46438,79818,0.9870263591433278,0.3904302569019155
1459,0.5697,0,1,0,551827,124617,46438,79818,0.9870184387276645,0.3904321667033531
1460,0.57,2217,8298,2217,560125,116319,48655,77601,0.921294829552655,0.40017017326732673
1461,0.5703,1,0,1,560125,116319,48656,77600,0.921294829552655,0.40016708006951357
1462,0.5704,0,1,0,560126,116318,48656,77600,0.9212869091369915,0.40016914365865985
1463,0.5707,0,2,0,560128,116316,48656,77600,0.9212710683056646,0.4001732709008024
1464,0.5708,0,2,0,560130,116314,48656,77600,0.9212552274743379,0.4001773982280805
1465,0.571,0,1,0,560131,116313,48656,77600,0.9212473070586744,0.4001794619236462
1466,0.5711,0,2,0,560133,116311,48656,77600,0.9212314662273476,0.40018358937863246
1467,0.5713,0,1,0,560134,116310,48656,77600,0.9212235458116842,0.4001856531380537
1468,0.5714,0,1,0,560135,116309,48656,77600,0.9212156253960208,0.40018771691876087
1469,0.5715,0,1,0,560136,116308,48656,77600,0.9212077049803574,0.4001897807207542
1470,0.5717,4,7,4,560143,116301,48660,77596,0.9211522620707134,0.4001918544381811
1471,0.5718,0,1,0,560144,116300,48660,77596,0.9211443416550501,0.40019391838923957
1472,0.572,7,10,7,560154,116290,48667,77589,0.9210651374984159,0.40019290382145567
1473,0.5725,7,29,7,560183,116261,48674,77582,0.920835445444177,0.4002311148713134
1474,0.5729,0,1,0,560184,116260,48674,77582,0.9208275250285135,0.4002331795998803
1475,0.573,0,2,0,560186,116258,48674,77582,0.9208116841971866,0.4002373091209245
1476,0.5733,16,84,16,560270,116174,48690,77566,0.9201463692814599,0.4003613089707856
1477,0.5738,0,1,0,560271,116173,48690,77566,0.9201384488657964,0.40036337546905887
1478,0.574,3,13,3,560284,116160,48693,77563,0.9200354834621721,0.40038095631391213
1479,0.5742,0,1,0,560285,116159,48693,77563,0.9200275630465087,0.4003830230949505
1480,0.5743,1,0,1,560285,116159,48694,77562,0.9200275630465087,0.4003799278343597
1481,0.575,48,195,48,560480,115964,48742,77514,0.9184830819921429,0.40063469748498537
1482,0.5752,0,1,0,560481,115963,48742,77514,0.9184751615764796,0.40063676819466915
1483,0.5755,2,1,2,560482,115962,48744,77512,0.9184672411608161,0.40063264314584907
1484,0.5757,1,1,1,560483,115961,48745,77511,0.9184593207451527,0.4006316159444261
1485,0.5758,0,2,0,560485,115959,48745,77511,0.9184434799138259,0.4006357574817801
1486,0.576,4,14,4,560499,115945,48749,77507,0.918332594094538,0.40065235820772077
1487,0.5762,1,2,1,560501,115943,48750,77506,0.9183167532632113,0.40065340218869055
1488,0.5767,17,84,17,560585,115859,48767,77489,0.9176514383474845,0.40077476881064195
1489,0.577,0,1,0,560586,115858,48767,77489,0.9176435179318211,0.4007768416370567
1490,0.5771,2,1,2,560587,115857,48769,77487,0.9176355975161576,0.4007727159880834
1491,0.5775,6,34,6,560621,115823,48775,77481,0.9173663033836016,0.4008246078715391
1492,0.578,2,9,2,560630,115814,48777,77479,0.9172950196426308,0.40083707118209144
1493,0.5783,2,9,2,560639,115805,48779,77477,0.9172237359016601,0.4008495359112592
1494,0.5786,0,3,0,560642,115802,48779,77477,0.9171999746546698,0.4008557577388128
1495,0.5788,0,1,0,560643,115801,48779,77477,0.9171920542390065,0.4008578317242521
1496,0.579,2,1,2,560644,115800,48781,77475,0.9171841338233431,0.40085370585952657
1497,0.5792,2,0,2,560644,115800,48783,77473,0.9171841338233431,0.4008475058595872
1498,0.5793,0,1,0,560645,115799,48783,77473,0.9171762134076796,0.4008495798667163
1499,0.5795,1,0,1,560645,115799,48784,77472,0.9171762134076796,0.4008464798133191
1500,0.5796,0,1,0,560646,115798,48784,77472,0.9171682929920162,0.4008485538366016
1501,0.58,2243,7895,2243,568541,107903,51027,75229,0.8546366113293625,0.41079112334272544
1502,0.5807,0,1,0,568542,107902,51027,75229,0.8546286909136992,0.41079336649720694
1503,0.5812,0,1,0,568543,107901,51027,75229,0.8546207704980358,0.41079560967618634
1504,0.5814,1,1,1,568544,107900,51028,75228,0.8546128500823723,0.4107946354462452
1505,0.5817,2,9,2,568553,107891,51030,75226,0.8545415663414015,0.41080839026414806
1506,0.5818,0,1,0,568554,107890,51030,75226,0.8545336459257382,0.41081063369667314
1507,0.582,2,4,2,568558,107886,51032,75224,0.8545019642630846,0.41081317241002674
1508,0.5823,1,0,1,568558,107886,51033,75223,0.8545019642630846,0.4108099547264198
1509,0.5825,9,27,9,568585,107859,51042,75214,0.8542881130401724,0.4108415768573192
1510,0.5829,0,1,0,568586,107858,51042,75214,0.8542801926245089,0.41084382101031286
1511,0.583,0,1,0,568587,107857,51042,75214,0.8542722722088455,0.4108460651878233
1512,0.5832,0,1,0,568588,107856,51042,75214,0.854264351793182,0.4108483093898509
1513,0.5833,11,94,11,568682,107762,51053,75203,0.8535198327208212,0.41102396633235866
1514,0.5837,0,1,0,568683,107761,51053,75203,0.8535119123051578,0.411026212806891
1515,0.5838,0,1,0,568684,107760,51053,75203,0.8535039918894943,0.4110284593059799
1516,0.584,3,13,3,568697,107747,51056,75200,0.85340102648587,0.4110480084396027
1517,0.5842,0,3,0,568700,107744,51056,75200,0.8533772652388797,0.4110547489942277
1518,0.5843,1,2,1,568702,107742,51057,75199,0.8533614244075529,0.4110560235267108
1519,0.5847,0,1,0,568703,107741,51057,75199,0.8533535039918895,0.41105827047119275
1520,0.585,38,154,38,568857,107587,51095,75161,0.8521337599797237,0.4112822028148051
1521,0.5855,0,1,0,568858,107586,51095,75161,0.8521258395640603,0.41128445336995956
1522,0.5856,1,0,1,568858,107586,51096,75160,0.8521258395640603,0.41128123187374827
1523,0.5857,0,3,0,568861,107583,51096,75160,0.8521020783170701,0.4112879836710572
1524,0.5858,0,1,0,568862,107582,51096,75160,0.8520941579014066,0.411290234319423
1525,0.586,8,14,8,568876,107568,51104,75152,0.8519832720821189,0.41129597197898426
1526,0.5867,20,69,20,568945,107499,51124,75132,0.8514367634013433,0.4113868948864103
1527,0.587,2,1,2,568946,107498,51126,75130,0.8514288429856799,0.4113827014477517
1528,0.5871,0,1,0,568947,107497,51126,75130,0.8514209225700164,0.4113849540319887
1529,0.5875,7,25,7,568972,107472,51133,75123,0.8512229121784312,0.4114187135463731
1530,0.5879,0,1,0,568973,107471,51133,75123,0.8512149917627677,0.411420966734942
1531,0.588,2,9,2,568982,107462,51135,75121,0.851143708021797,0.4114347995158366
1532,0.5882,0,1,0,568983,107461,51135,75121,0.8511357876061336,0.41143705294059657
1533,0.5883,3,8,3,568991,107453,51138,75118,0.8510724242808263,0.4114454102787409
1534,0.5885,1,1,1,568992,107452,51139,75117,0.8510645038651629,0.4114444401842591
1535,0.5886,0,1,0,568993,107451,51139,75117,0.8510565834494994,0.411446693834626
1536,0.589,0,3,0,568996,107448,51139,75117,0.8510328222025092,0.41145345493385915
1537,0.5892,1,1,1,568997,107447,51140,75116,0.8510249017868458,0.4114524848956251
1538,0.59,2195,7335,2195,576332,100112,53335,72921,0.7929286528957039,0.42142828246635033
1539,0.5902,1,0,1,576332,100112,53336,72920,0.7929286528957039,0.4214249387396551
1540,0.5905,0,1,0,576333,100111,53336,72920,0.7929207324800406,0.4214273742855327
1541,0.5908,1,1,1,576334,100110,53337,72919,0.7929128120643771,0.4214264660837201
1542,0.591,1,0,1,576334,100110,53338,72918,0.7929128120643771,0.4214231222692281
1543,0.5915,0,1,0,576335,100109,53338,72918,0.7929048916487137,0.4214255578609119
1544,0.5917,0,6,0,576341,100103,53338,72918,0.7928573691547333,0.4214401720022425
1545,0.592,3,2,3,576343,100101,53341,72915,0.7928415283234064,0.42143501179081705
1546,0.5922,0,2,0,576345,100099,53341,72915,0.7928256874920796,0.42143988347763767
1547,0.5923,1,0,1,576345,100099,53342,72914,0.7928256874920796,0.42143653945079274
1548,0.5925,5,17,5,576362,100082,53347,72909,0.7926910404258015,0.4214612320872184
1549,0.593,0,2,0,576364,100080,53347,72909,0.7926751995944747,0.42146610478122887
1550,0.5932,1,0,1,576364,100080,53348,72908,0.7926751995944747,0.42146276042268827
1551,0.5933,18,67,18,576431,100013,53366,72890,0.792144531745026,0.4215658490598775
1552,0.5935,0,1,0,576432,100012,53366,72890,0.7921366113293625,0.4215682872378573
1553,0.5937,0,1,0,576433,100011,53366,72890,0.7921286909136992,0.42157072544404023
1554,0.594,5,19,5,576452,99992,53371,72885,0.7919782030160943,0.42160032855729795
1555,0.5942,1,4,1,576456,99988,53372,72884,0.7919465213534407,0.4216067379332685
1556,0.5948,1,1,1,576457,99987,53373,72883,0.7919386009377772,0.4216058309712501
1557,0.595,49,188,49,576645,99799,53422,72834,0.7904495627930553,0.42190079532881897
1558,0.5952,0,1,0,576646,99798,53422,72834,0.790441642377392,0.421903239260392
1559,0.5953,1,0,1,576646,99798,53423,72833,0.790441642377392,0.42189989051792554
1560,0.5957,4,2,4,576648,99796,53427,72829,0.7904258015460651,0.4218913830557567
1561,0.596,4,14,4,576662,99782,53431,72825,0.7903149157267774,0.4219122051828721
1562,0.5963,0,1,0,576663,99781,53431,72825,0.7903069953111139,0.42191464954868313
1563,0.5967,21,93,21,576756,99688,53452,72804,0.7895703966544164,0.42207174825499155
1564,0.597,0,2,0,576758,99686,53452,72804,0.7895545558230896,0.4220766421241811
1565,0.5975,4,19,4,576777,99667,53456,72800,0.7894040679254847,0.4221097369351818
1566,0.598,3,8,3,576785,99659,53459,72797,0.7893407046001775,0.4221192652038781
1567,0.5983,2,2,2,576787,99657,53461,72795,0.7893248637688506,0.4221174587711363
1568,0.5986,0,1,0,576788,99656,53461,72795,0.7893169433531871,0.4221199065241721
1569,0.599,1,1,1,576789,99655,53462,72794,0.7893090229375238,0.42211900329952623
1570,0.5992,1,1,1,576790,99654,53463,72793,0.7893011025218604,0.42211810005392963
1571,0.5997,1,0,1,576790,99654,53464,72792,0.7893011025218604,0.42211474896489337
1572,0.6,2333,7085,2333,583875,92569,55797,70459,0.7331849575465721,0.4321895625291361
1573,0.6005,0,1,0,583876,92568,55797,70459,0.7331770371309086,0.4321922135597171
1574,0.6007,0,1,0,583877,92567,55797,70459,0.7331691167152452,0.4321948646228209
1575,0.6008,0,4,0,583881,92563,55797,70459,0.7331374350525915,0.43220546920047603
1576,0.6013,1,2,1,583883,92561,55798,70458,0.7331215942212648,0.43220728872094666
1577,0.6017,6,5,6,583888,92556,55804,70452,0.7330819921429477,0.43219964664310956
1578,0.6018,0,1,0,583889,92555,55804,70452,0.7330740717272842,0.4322022980608195
1579,0.602,3,3,3,583892,92552,55807,70449,0.733050310480294,0.4321998024551997
1580,0.6021,0,1,0,583893,92551,55807,70449,0.7330423900646306,0.43220245398773005
1581,0.6022,0,1,0,583894,92550,55807,70449,0.7330344696489671,0.4322051055527948
1582,0.6025,9,22,9,583916,92528,55816,70440,0.732860220504372,0.43223209464434736
1583,0.6033,18,78,18,583994,92450,55834,70422,0.7322424280826257,0.43237634461417557
1584,0.6035,1,1,1,583995,92449,55835,70421,0.7322345076669624,0.4323755142137901
1585,0.6038,0,1,0,583996,92448,55835,70421,0.732226587251299,0.4323781689578741
1586,0.604,7,7,7,584003,92441,55842,70414,0.7321711443416551,0.4323723557766111
1587,0.6042,0,2,0,584005,92439,55842,70414,0.7321553035103282,0.4323776657476374
1588,0.6043,1,2,1,584007,92437,55843,70413,0.7321394626790014,0.4323794903285232
1589,0.6047,0,1,0,584008,92436,55843,70413,0.732131542263338,0.43238214542306064
1590,0.605,50,176,50,584184,92260,55893,70363,0.7307375491065771,0.43267557479569313
1591,0.6052,0,1,0,584185,92259,55893,70363,0.7307296286909137,0.43267823541710226
1592,0.6056,0,1,0,584186,92258,55893,70363,0.7307217082752503,0.4326808960712331
1593,0.6057,1,1,1,584187,92257,55894,70362,0.7307137878595868,0.4326800681347198
1594,0.6058,1,1,1,584188,92256,55895,70361,0.7307058674439234,0.4326792401778412
1595,0.606,2,13,2,584201,92243,55897,70359,0.7306029020402991,0.43270685477423404
1596,0.6065,0,1,0,584202,92242,55897,70359,0.7305949816246357,0.4327095159316363
1597,0.6067,28,82,28,584284,92160,55925,70331,0.7299455075402357,0.4328301259762079
1598,0.607,2,1,2,584285,92159,55927,70329,0.7299375871245724,0.4328258086751022
1599,0.6071,0,1,0,584286,92158,55927,70329,0.7299296667089089,0.4328284724316407
1600,0.6073,0,1,0,584287,92157,55927,70329,0.7299217462932455,0.43283113622096675
1601,0.6075,6,22,6,584309,92135,55933,70323,0.7297474971486504,0.432868803013702
1602,0.608,0,3,0,584312,92132,55933,70323,0.7297237359016601,0.4328767966513804
1603,0.6083,4,8,4,584320,92124,55937,70319,0.7296603725763529,0.4328841501326619
1604,0.6085,0,1,0,584321,92123,55937,70319,0.7296524521606894,0.432886814986272
1605,0.6087,0,2,0,584323,92121,55937,70319,0.7296366113293625,0.4328921447919232
1606,0.6088,0,1,0,584324,92120,55937,70319,0.7296286909136992,0.43289480974396544
1607,0.6092,0,1,0,584325,92119,55937,70319,0.7296207704980358,0.4328974747288196
1608,0.6093,1,2,1,584327,92117,55938,70318,0.7296049296667089,0.43289931357158246
1609,0.61,2272,6600,2272,590927,85517,58210,68046,0.6773301862881764,0.44311455233356994
1610,0.6102,0,1,0,590928,85516,58210,68046,0.677322265872513,0.4431174379078157
1611,0.6104,0,1,0,590929,85515,58210,68046,0.6773143454568495,0.44312032351964364
1612,0.6107,1,0,1,590929,85515,58211,68045,0.6773143454568495,0.4431166970565251
1613,0.6108,0,2,0,590931,85513,58211,68045,0.6772985046255228,0.4431224683832819
1614,0.611,1,0,1,590931,85513,58212,68044,0.6772985046255228,0.44311884186328204
1615,0.6117,3,8,3,590939,85505,58215,68041,0.6772351413002154,0.4431310486759668
1616,0.612,2,8,2,590947,85497,58217,68039,0.6771717779749081,0.44314688411838266
1617,0.6125,4,15,4,590962,85482,58221,68035,0.6770529717399569,0.44317567435528316
1618,0.6127,0,1,0,590963,85481,58221,68035,0.6770450513242935,0.44317856119231874
1619,0.6133,23,70,23,591033,85411,58244,68012,0.6764906222278545,0.4432972891939279
1620,0.614,8,13,8,591046,85398,58252,68004,0.6763876568242302,0.44330582391363865
1621,0.6142,1,2,1,591048,85396,58253,68003,0.6763718159929033,0.44330797462825705
1622,0.6145,1,0,1,591048,85396,58254,68002,0.6763718159929033,0.44330434555861226
1623,0.6146,0,1,0,591049,85395,58254,68002,0.6763638955772399,0.4433072354739662
1624,0.6148,0,1,0,591050,85394,58254,68002,0.6763559751615765,0.4433101254269994
1625,0.615,40,143,40,591193,85251,58294,67962,0.6752233557217083,0.4435785475122868
1626,0.6158,2,3,2,591196,85248,58296,67960,0.675199594474718,0.44357996971437524
1627,0.616,2,7,2,591203,85241,58298,67958,0.6751441515650741,0.44359297384447677
1628,0.6162,0,1,0,591204,85240,58298,67958,0.6751362311494107,0.4435958693977728
1629,0.6165,1,0,1,591204,85240,58299,67957,0.6751362311494107,0.443592237445903
1630,0.6167,18,53,18,591257,85187,58317,67939,0.6747164491192498,0.4436803678016797
1631,0.6168,1,0,1,591257,85187,58318,67938,0.6747164491192498,0.44367673469387753
1632,0.6175,4,28,4,591285,85159,58322,67934,0.6744946774806742,0.4437433455481309
1633,0.6177,1,0,1,591285,85159,58323,67933,0.6744946774806742,0.44373971206856005
1634,0.6178,0,2,0,591287,85157,58323,67933,0.6744788366493474,0.44374550917760797
1635,0.618,1,6,1,591293,85151,58324,67932,0.6744313141553668,0.4437592678481608
1636,0.6183,2,8,2,591301,85143,58326,67930,0.6743679508300595,0.44377519222854456
1637,0.6185,0,1,0,591302,85142,58326,67930,0.6743600304143962,0.4437780913557019
1638,0.6189,0,1,0,591303,85141,58326,67930,0.6743521099987327,0.4437809905207387
1639,0.619,0,2,0,591305,85139,58326,67930,0.6743362691674059,0.44378678896445395
1640,0.6192,1,0,1,591305,85139,58327,67929,0.6743362691674059,0.4437831551989965
1641,0.6193,3,0,3,591305,85139,58330,67926,0.6743362691674059,0.4437722536177441
1642,0.6197,0,2,0,591307,85137,58330,67926,0.6743204283360791,0.44377805217459476
1643,0.62,2283,6383,2283,597690,78754,60613,65643,0.6237644151565074,0.4546008573585324
1644,0.6205,0,2,0,597692,78752,60613,65643,0.6237485743251806,0.45460715398732643
1645,0.6207,0,2,0,597694,78750,60613,65643,0.6237327334938537,0.45461345079055077
1646,0.6208,0,2,0,597696,78748,60613,65643,0.623716892662527,0.4546197477682127
1647,0.621,0,2,0,597698,78746,60613,65643,0.6237010518312001,0.45462604492031944
1648,0.6211,0,1,0,597699,78745,60613,65643,0.6236931314155367,0.4546291935617918
1649,0.6212,0,1,0,597700,78744,60613,65643,0.6236852109998733,0.4546323422468782
1650,0.6217,2,13,2,597713,78731,60615,65641,0.6235822455962489,0.45466572465575045
1651,0.622,3,4,3,597717,78727,60618,65638,0.6235505639335952,0.4546669899213798
1652,0.6225,6,27,6,597744,78700,60624,65632,0.623336712710683,0.45472937394340823
1653,0.6228,0,1,0,597745,78699,60624,65632,0.6233287922950197,0.4547325245442767
1654,0.6229,0,1,0,597746,78698,60624,65632,0.6233208718793563,0.4547356751888034
1655,0.623,1,0,1,597746,78698,60625,65631,0.6233208718793563,0.4547318972625044
1656,0.6232,0,1,0,597747,78697,60625,65631,0.6233129514636928,0.45473504794634445
1657,0.6233,14,57,14,597804,78640,60639,65617,0.6228614877708782,0.45486180913231244
1658,0.6237,1,0,1,597804,78640,60640,65616,0.6228614877708782,0.45485803016858917
1659,0.6238,0,1,0,597805,78639,60640,65616,0.6228535673552148,0.454861183321202
1660,0.624,1,7,1,597812,78632,60641,65615,0.6227981244455709,0.4548794775627916
1661,0.6242,1,0,1,597812,78632,60642,65614,0.6227981244455709,0.454875698459576
1662,0.6243,4,3,4,597815,78629,60646,65610,0.6227743631985807,0.4548700420829318
1663,0.625,62,136,62,597951,78493,60708,65548,0.6216971866683564,0.45506487736130685
1664,0.6256,0,1,0,597952,78492,60708,65548,0.6216892662526929,0.4550680366564843
1665,0.6257,2,2,2,597954,78490,60710,65546,0.6216734254213662,0.45506678885834095
1666,0.6258,0,4,0,597958,78486,60710,65546,0.6216417437587125,0.4550794267940458
1667,0.626,3,12,3,597970,78474,60713,65543,0.6215466987707515,0.45510599443121297
1668,0.6265,0,1,0,597971,78473,60713,65543,0.6215387783550881,0.45510915453838463
1669,0.6267,26,60,26,598031,78413,60739,65517,0.6210635534152832,0.4552004446605989
1670,0.6268,0,1,0,598032,78412,60739,65517,0.6210556329996199,0.4552036073341717
1671,0.6269,0,1,0,598033,78411,60739,65517,0.6210477125839564,0.4552067700516925
1672,0.6273,1,1,1,598034,78410,60740,65516,0.621039792168293,0.45520614760362965
1673,0.6275,9,20,9,598054,78390,60749,65507,0.6208813838550247,0.45523534194597526
1674,0.6277,0,1,0,598055,78389,60749,65507,0.6208734634393613,0.45523850558736867
1675,0.628,2,6,2,598061,78383,60751,65505,0.6208259409453808,0.4552499166018014
1676,0.6283,3,10,3,598071,78373,60754,65502,0.6207467367887467,0.45527019982623806
1677,0.6286,0,1,0,598072,78372,60754,65502,0.6207388163730833,0.4552733641936695
1678,0.6292,1,2,1,598074,78370,60755,65501,0.6207229755417565,0.4552759068888101
1679,0.6297,0,1,0,598075,78369,60755,65501,0.620715055126093,0.45527907138388823
1680,0.63,2279,5983,2279,604058,72386,63034,63222,0.573327208211887,0.466211432953808
1681,0.6307,0,2,0,604060,72384,63034,63222,0.5733113673805601,0.4662183089243839
1682,0.6308,1,1,1,604061,72383,63035,63221,0.5733034469648968,0.4662178106840506
1683,0.6313,1,1,1,604062,72382,63036,63220,0.5732955265492333,0.4662173124290202
1684,0.6314,0,1,0,604063,72381,63036,63220,0.5732876061335699,0.46622075058443524
1685,0.6315,0,1,0,604064,72380,63036,63220,0.5732796857179064,0.4662241887905605
1686,0.6317,4,4,4,604068,72376,63040,63216,0.5732480040552528,0.466222195999764
1687,0.632,1,10,1,604078,72366,63041,63215,0.5731687998986187,0.46625264601972255
1688,0.6323,0,1,0,604079,72365,63041,63215,0.5731608794829552,0.4662560849682844
1689,0.6325,7,15,7,604094,72350,63048,63208,0.573042073248004,0.4662801162601986
1690,0.6326,0,2,0,604096,72348,63048,63208,0.5730262324166773,0.4662869957803417
1691,0.6327,0,3,0,604099,72345,63048,63208,0.5730024711696869,0.46629731544119274
1692,0.6329,0,1,0,604100,72344,63048,63208,0.5729945507540236,0.4663007554296506
1693,0.6333,22,44,22,604144,72300,63070,63186,0.5726460524648334,0.46636552854169433
1694,0.634,5,9,5,604153,72291,63075,63181,0.5725747687238626,0.4663768158733908
1695,0.6342,1,2,1,604155,72289,63076,63180,0.5725589278925358,0.46637976215960847
1696,0.6343,0,3,0,604158,72286,63076,63180,0.5725351666455456,0.46639009050241387
1697,0.635,49,124,49,604282,72162,63125,63131,0.5715530351032823,0.46662428950500023
1698,0.6358,0,2,0,604284,72160,63125,63131,0.5715371942719554,0.46663118758823574
1699,0.636,2,11,2,604295,72149,63127,63129,0.5714500696996578,0.4666612457310132
1700,0.6365,0,1,0,604296,72148,63127,63129,0.5714421492839944,0.46666469540276617
1701,0.6367,22,53,22,604349,72095,63149,63107,0.5710223672538335,0.46676084673303647
1702,0.637,1,1,1,604350,72094,63150,63106,0.57101444683817,0.4667603550295858
1703,0.6375,6,19,6,604369,72075,63156,63100,0.5708639589405652,0.46680229332346956
1704,0.6379,1,0,1,604369,72075,63157,63099,0.5708639589405652,0.4667983487948866
1705,0.638,2,8,2,604377,72067,63159,63097,0.5708005956152579,0.4668180876564766
1706,0.6383,2,4,2,604381,72063,63161,63095,0.5707689139526042,0.46682401337693663
1707,0.6386,0,2,0,604383,72061,63161,63095,0.5707530731212774,0.4668309213057504
1708,0.6388,0,2,0,604385,72059,63161,63095,0.5707372322899505,0.4668378294390103
1709,0.6389,0,1,0,604386,72058,63161,63095,0.5707293118742872,0.4668412835823104
1710,0.6392,0,1,0,604387,72057,63161,63095,0.5707213914586238,0.46684473777672547
1711,0.6393,0,1,0,604388,72056,63161,63095,0.5707134710429603,0.4668481920222566
1712,0.6397,0,1,0,604389,72055,63161,63095,0.5707055506272969,0.4668516463189049
1713,0.64,2272,5657,2272,610046,66398,65433,60823,0.5258997592193638,0.47808930915493514
1714,0.6408,0,2,0,610048,66396,65433,60823,0.525883918388037,0.47809682515976387
1715,0.641,1,0,1,610048,66396,65434,60822,0.525883918388037,0.47809272272791586
1716,0.6412,0,2,0,610050,66394,65434,60822,0.5258680775567102,0.4781002389636524
1717,0.6413,0,1,0,610051,66393,65434,60822,0.5258601571410467,0.478103997170145
1718,0.6415,1,1,1,610052,66392,65435,60821,0.5258522367253834,0.4781036529285529
1719,0.6417,2,8,2,610060,66384,65437,60819,0.5257888734000761,0.4781255159076437
1720,0.642,4,4,4,610064,66380,65441,60815,0.5257571917374224,0.4781241400998467
1721,0.6425,5,22,5,610086,66358,65446,60810,0.5255829425928272,0.47818633618520384
1722,0.6426,1,0,1,610086,66358,65447,60809,0.5255829425928272,0.47818223281197164
1723,0.6428,0,1,0,610087,66357,65447,60809,0.5255750221771639,0.4781859931113662
1724,0.6433,27,50,27,610137,66307,65474,60782,0.5251790013939932,0.4782632643265743
1725,0.6435,0,1,0,610138,66306,65474,60782,0.5251710809783298,0.47826702757144657
1726,0.6438,0,3,0,610141,66303,65474,60782,0.5251473197313395,0.4782783176614077
1727,0.644,5,7,5,610148,66296,65479,60777,0.5250918768216956,0.4782841358903937
1728,0.6443,1,0,1,610148,66296,65480,60776,0.5250918768216956,0.4782800302190884
1729,0.645,54,134,54,610282,66162,65534,60722,0.5240305411227981,0.47856309700198607
1730,0.6452,0,1,0,610283,66161,65534,60722,0.5240226207071347,0.47856686869005305
1731,0.6453,0,1,0,610284,66160,65534,60722,0.5240147002914713,0.4785706404375719
1732,0.6458,1,1,1,610285,66159,65535,60721,0.5240067798758079,0.4785703026481715
1733,0.646,5,9,5,610294,66150,65540,60716,0.5239354961348371,0.4785837024892406
1734,0.6465,0,1,0,610295,66149,65540,60716,0.5239275757191737,0.47858747487486697
1735,0.6467,21,58,21,610353,66091,65561,60695,0.5234681916106957,0.47872004795482154
1736,0.6471,1,0,1,610353,66091,65562,60694,0.5234681916106957,0.47871593642781085
1737,0.6473,0,1,0,610354,66090,65562,60694,0.5234602711950324,0.47871971226653204
1738,0.6475,8,21,8,610375,66069,65570,60686,0.5232939424661006,0.47876612362431464
1739,0.6478,1,0,1,610375,66069,65571,60685,0.5232939424661006,0.4787620114552598
1740,0.648,4,7,4,610382,66062,65575,60681,0.5232384995564567,0.47877200318755275
1741,0.6483,1,4,1,610386,66058,65576,60680,0.5232068178938031,0.47878300115198286
1742,0.6484,1,0,1,610386,66058,65577,60679,0.5232068178938031,0.4787788885645076
1743,0.649,1,4,1,610390,66054,65578,60678,0.5231751362311494,0.4787898873212764
1744,0.6492,1,0,1,610390,66054,65579,60677,0.5231751362311494,0.4787857745934302
1745,0.6494,1,0,1,610390,66054,65580,60676,0.5231751362311494,0.4787816618006786
1746,0.65,2253,5201,2253,615591,60853,67833,58423,0.48198105436573313,0.48981354170159963
1747,0.6507,1,0,1,615591,60853,67834,58422,0.48198105436573313,0.48980926430517713
1748,0.6508,0,1,0,615592,60852,67834,58422,0.4819731339500697,0.48981337089390814
1749,0.651,2,4,2,615596,60848,67836,58420,0.48194145228741603,0.48982124291511553
1750,0.6512,1,0,1,615596,60848,67837,58419,0.48194145228741603,0.4898169652963519
1751,0.6513,0,3,0,615599,60845,67837,58419,0.4819176910404258,0.48982928628924066
1752,0.6515,0,3,0,615602,60842,67837,58419,0.48189392979343554,0.48984160790199643
1753,0.6517,3,8,3,615610,60834,67840,58416,0.4818305664681283,0.48986163522012577
1754,0.652,2,5,2,615615,60829,67842,58414,0.48179096438981117,0.48987361941581475
1755,0.6521,0,1,0,615616,60828,67842,58414,0.4817830439741478,0.4898777276462991
1756,0.6525,4,14,4,615630,60814,67846,58410,0.48167215815486,0.48991813728779443
1757,0.6532,0,2,0,615632,60812,67846,58410,0.48165631732353315,0.48992635587391586
1758,0.6533,16,49,16,615681,60763,67862,58394,0.48126821695602584,0.49005933348439457
1759,0.6535,0,1,0,615682,60762,67862,58394,0.48126029654036245,0.4900634462385444
1760,0.654,3,9,3,615691,60753,67865,58391,0.4811890127993917,0.4900876250587524
1761,0.6542,0,1,0,615692,60752,67865,58391,0.4811810923837283,0.4900917384991145
1762,0.6543,2,0,2,615692,60752,67867,58389,0.4811810923837283,0.4900831787545849
1763,0.6549,0,1,0,615693,60751,67867,58389,0.48117317196806486,0.4900872922612053
1764,0.655,45,124,45,615817,60627,67912,58344,0.4801910404258015,0.490405224802683
1765,0.6557,1,2,1,615819,60625,67913,58343,0.48017519959447474,0.49040918566337166
1766,0.6558,1,3,1,615822,60622,67914,58342,0.48015143834748447,0.4904172690898087
1767,0.656,4,7,4,615829,60615,67918,58338,0.4800959954378406,0.4904289929636075
1768,0.6567,23,55,23,615884,60560,67941,58315,0.4796603725763528,0.49055730809674025
1769,0.6568,2,1,2,615885,60559,67943,58313,0.4796524521606894,0.4905528635843596
1770,0.657,0,1,0,615886,60558,67943,58313,0.47964453174502597,0.49055699035088457
1771,0.6571,1,0,1,615886,60558,67944,58312,0.47964453174502597,0.4905527046353159
1772,0.6572,1,0,1,615886,60558,67945,58311,0.47964453174502597,0.490548418847639
1773,0.6573,0,3,0,615889,60555,67945,58311,0.47962077049803575,0.49056079955580234
1774,0.6575,4,29,4,615918,60526,67949,58307,0.47939107844379675,0.4906633679196856
1775,0.6577,0,1,0,615919,60525,67949,58307,0.4793831580281333,0.490667496970513
1776,0.658,4,6,4,615925,60519,67953,58303,0.4793356355341528,0.4906751275016411
1777,0.6583,0,9,0,615934,60510,67953,58303,0.4792643517931821,0.49071229579254794
1778,0.6585,0,1,0,615935,60509,67953,58303,0.47925643137751867,0.49071642595024073
1779,0.6586,0,1,0,615936,60508,67953,58303,0.4792485109618553,0.4907205561774583
1780,0.6587,0,1,0,615937,60507,67953,58303,0.4792405905461919,0.49072468647420253
1781,0.6588,0,3,0,615940,60504,67953,58303,0.4792168292992016,0.4907370777816122
1782,0.6589,0,1,0,615941,60503,67953,58303,0.47920890888353823,0.49074120835648033
1783,0.659,0,1,0,615942,60502,67953,58303,0.4792009884678748,0.4907453390008838
1784,0.6592,0,2,0,615944,60500,67953,58303,0.47918514763654796,0.4907536004983039
1785,0.6593,1,1,1,615945,60499,67954,58302,0.47917722722088457,0.49075344483632294
1786,0.6596,0,1,0,615946,60498,67954,58302,0.47916930680522113,0.4907575757575758
1787,0.6597,0,1,0,615947,60497,67954,58302,0.47916138638955774,0.4907617067483733
1788,0.66,2273,4881,2273,620828,55616,70227,56029,0.4405018375364339,0.5018496126114023
1789,0.6605,1,2,1,620830,55614,70228,56028,0.4404859967051071,0.5018541409147095
1790,0.6607,1,0,1,620830,55614,70229,56027,0.4404859967051071,0.5018496788814145
1791,0.6608,0,3,0,620833,55611,70229,56027,0.44046223545811686,0.5018631648721762
1792,0.661,0,2,0,620835,55609,70229,56027,0.44044639462679,0.5018721559353614
1793,0.6613,1,0,1,620835,55609,70230,56026,0.44044639462679,0.5018676938236216
1794,0.6617,7,3,7,620838,55606,70237,56019,0.44042263337979976,0.5018499440089585
1795,0.6618,0,1,0,620839,55605,70237,56019,0.44041471296413637,0.5018544399053967
1796,0.662,2,6,2,620845,55599,70239,56017,0.4403671904701559,0.5018724913990825
1797,0.6622,0,1,0,620846,55598,70239,56017,0.44035927005449244,0.5018769878600546
1798,0.6625,13,16,13,620862,55582,70252,56004,0.44023254340387785,0.5018909182155468
1799,0.6628,1,0,1,620862,55582,70253,56003,0.44023254340387785,0.5018864542725276
1800,0.6629,0,1,0,620863,55581,70253,56003,0.4402246229882144,0.5018909521078291
1801,0.663,1,0,1,620863,55581,70254,56002,0.4402246229882144,0.5018864880851026
1802,0.6631,1,0,1,620863,55581,70255,56001,0.4402246229882144,0.5018820239823627
1803,0.6633,19,44,19,620907,55537,70274,55982,0.4398761246990242,0.5019951757099687
1804,0.6635,1,0,1,620907,55537,70275,55981,0.4398761246990242,0.5019907100199071
1805,0.6637,0,1,0,620908,55536,70275,55981,0.43986820428336076,0.5019952114924182
1806,0.6638,0,3,0,620911,55533,70275,55981,0.43984444303637055,0.5020087163943541
1807,0.664,7,12,7,620923,55521,70282,55974,0.43974939804840957,0.5020314812323422
1808,0.6642,0,2,0,620925,55519,70282,55974,0.43973355721708274,0.5020404868467079
1809,0.6643,1,0,1,620925,55519,70283,55973,0.43973355721708274,0.5020360205216517
1810,0.6644,1,1,1,620926,55518,70284,55972,0.43972563680141935,0.5020360570454749
1811,0.6647,0,1,0,620927,55517,70284,55972,0.4397177163857559,0.5020405600552521
1812,0.6649,0,1,0,620928,55516,70284,55972,0.4397097959700925,0.5020450631458094
1813,0.665,43,104,43,621032,55412,70327,55929,0.4388860727410975,0.5023216964101275
1814,0.6653,1,0,1,621032,55412,70328,55928,0.4388860727410975,0.5023172265133824
1815,0.6655,1,3,1,621035,55409,70329,55927,0.4388623114941072,0.5023262915858303
1816,0.6657,0,1,0,621036,55408,70329,55927,0.4388543910784438,0.5023308034310864
1817,0.6658,0,2,0,621038,55406,70329,55927,0.438838550247117,0.5023398273647526
1818,0.666,4,13,4,621051,55393,70333,55923,0.43873558484349257,0.5023806101548745
1819,0.6662,0,1,0,621052,55392,70333,55923,0.4387276644278292,0.5023851232987468
1820,0.6663,0,1,0,621053,55391,70333,55923,0.43871974401216574,0.5023896365237077
1821,0.6665,1,2,1,621055,55389,70334,55922,0.4387039031808389,0.5023941928470681
1822,0.6667,22,57,22,621112,55332,70356,55900,0.43825243948802434,0.5025532220943614
1823,0.667,0,2,0,621114,55330,70356,55900,0.4382365986566975,0.5025622583835296
1824,0.6671,1,2,1,621116,55328,70357,55899,0.4382207578253707,0.5025668228038156
1825,0.6672,0,1,0,621117,55327,70357,55899,0.43821283740970723,0.5025713412331649
1826,0.6673,0,2,0,621119,55325,70357,55899,0.43819699657838046,0.502580378335611
1827,0.6675,7,15,7,621134,55310,70364,55892,0.4380781903434292,0.5026168594090035
1828,0.6677,0,1,0,621135,55309,70364,55892,0.4380702699277658,0.502621379304143
1829,0.6678,0,1,0,621136,55308,70364,55892,0.4380623495121024,0.5026258992805755
1830,0.668,2,9,2,621145,55299,70366,55890,0.43799106577113167,0.5026576369964655
1831,0.6683,4,9,4,621154,55290,70370,55886,0.43791978203016096,0.5026804346261783
1832,0.6686,0,2,0,621156,55288,70370,55886,0.43790394119883413,0.5026894777555904
1833,0.669,0,3,0,621159,55285,70370,55886,0.43788017995184386,0.5027030430597907
1834,0.6692,0,4,0,621163,55281,70370,55886,0.4378484982891902,0.5027211312709707
1835,0.67,2285,4477,2285,625640,50804,72655,53601,0.40238879736408567,0.5133949523490254
1836,0.6702,0,1,0,625641,50803,72655,53601,0.40238087694842223,0.5133998697367917
1837,0.6703,0,1,0,625642,50802,72655,53601,0.40237295653275884,0.513404787218758
1838,0.6707,0,2,0,625644,50800,72655,53601,0.402357115701432,0.513414622465302
1839,0.6708,0,1,0,625645,50799,72655,53601,0.4023491952857686,0.513419540229885
1840,0.6713,0,2,0,625647,50797,72655,53601,0.4023333544544418,0.5134293760416866
1841,0.6714,1,0,1,625647,50797,72656,53600,0.4023333544544418,0.5134247152695959
1842,0.6715,0,3,0,625650,50794,72656,53600,0.4023095932074515,0.5134394697013238
1843,0.6717,2,8,2,625658,50786,72658,53598,0.4022462298821442,0.5134694972409565
1844,0.672,1,8,1,625666,50778,72659,53597,0.4021828665568369,0.5135041916167664
1845,0.6725,5,19,5,625685,50759,72664,53592,0.402032378659232,0.5135743787793121
1846,0.6729,1,1,1,625686,50758,72665,53591,0.40202445824356864,0.5135746389519784
1847,0.6732,0,1,0,625687,50757,72665,53591,0.4020165378279052,0.5135795607007322
1848,0.6733,19,35,19,625722,50722,72684,53572,0.4017393232796857,0.5136632979845437
1849,0.674,2,6,2,625728,50716,72686,53570,0.4016918007857052,0.5136835241547283
1850,0.6742,1,1,1,625729,50715,72687,53569,0.4016838803700418,0.5136837865827931
1851,0.6743,1,1,1,625730,50714,72688,53568,0.4016759599543784,0.513684049020924
1852,0.6745,0,1,0,625731,50713,72688,53568,0.401668039538715,0.5136889749810608
1853,0.6747,0,1,0,625732,50712,72688,53568,0.40166011912305155,0.5136939010356731
1854,0.675,45,108,45,625840,50604,72733,53523,0.40080471423140285,0.514016537497479
1855,0.6753,1,1,1,625841,50603,72734,53522,0.40079679381573946,0.5140168067226891
1856,0.6756,0,1,0,625842,50602,72734,53522,0.400788873400076,0.5140217433060582
1857,0.6757,2,1,2,625843,50601,72736,53520,0.40078095298441263,0.5140173452041374
1858,0.6758,1,2,1,625845,50599,72737,53519,0.4007651121530858,0.5140225513359842
1859,0.676,5,6,5,625851,50593,72742,53514,0.4007175896591053,0.5140288357170988
1860,0.6762,1,0,1,625851,50593,72743,53513,0.4007175896591053,0.514024167675254
1861,0.6765,1,0,1,625851,50593,72744,53512,0.4007175896591053,0.5140194995437299
1862,0.6767,15,34,15,625885,50559,72759,53497,0.40044829552654926,0.5141173983239794
1863,0.677,1,0,1,625885,50559,72760,53496,0.40044829552654926,0.5141127288453222
1864,0.6771,0,2,0,625887,50557,72760,53496,0.40043245469522243,0.5141226105926787
1865,0.6773,0,1,0,625888,50556,72760,53496,0.400424534279559,0.514127551608811
1866,0.6775,5,11,5,625899,50545,72765,53491,0.40033740970726145,0.514158560498289
1867,0.6777,1,0,1,625899,50545,72766,53490,0.40033740970726145,0.5141538905176143
1868,0.678,2,3,2,625902,50542,72768,53488,0.4003136484602712,0.5141593771027588
1869,0.6783,2,3,2,625905,50539,72770,53486,0.40028988721328096,0.5141648642153328
1870,0.6787,2,0,2,625905,50539,72772,53484,0.40028988721328096,0.5141555232977323
1871,0.6792,1,3,1,625908,50536,72773,53483,0.4002661259662907,0.514165681269768
1872,0.6798,0,1,0,625909,50535,72773,53483,0.4002582055506273,0.5141706243150224
1873,0.68,2279,4109,2279,630018,46426,75052,51204,0.3677132175896591,0.5244699375192051
1874,0.6803,1,0,1,630018,46426,75053,51203,0.3677132175896591,0.5244650667322209
1875,0.6807,1,0,1,630018,46426,75054,51202,0.3677132175896591,0.5244601958454542
1876,0.6808,1,0,1,630018,46426,75055,51201,0.3677132175896591,0.5244553248589018
1877,0.681,1,0,1,630018,46426,75056,51200,0.3677132175896591,0.5244504537725606
1878,0.6814,1,0,1,630018,46426,75057,51199,0.3677132175896591,0.5244455825864277
1879,0.6817,1,8,1,630026,46418,75058,51198,0.3676498542643518,0.5244836911981642
1880,0.6818,0,1,0,630027,46417,75058,51198,0.3676419338486884,0.52448906418071
1881,0.682,2,6,2,630033,46411,75060,51196,0.3675944113547079,0.5245115616707818
1882,0.6825,8,16,8,630049,46395,75068,51188,0.36746768470409324,0.5245585809003618
1883,0.6827,1,3,1,630052,46392,75069,51187,0.367443923457103,0.5245698357228502
1884,0.6833,27,42,27,630094,46350,75096,51160,0.36711126599923966,0.5246641370115885
1885,0.6836,0,1,0,630095,46349,75096,51160,0.3671033455835762,0.5246695176855469
1886,0.6837,0,1,0,630096,46348,75096,51160,0.3670954251679128,0.5246748984698691
1887,0.6838,0,1,0,630097,46347,75096,51160,0.3670875047522494,0.5246802793645584
1888,0.684,2,11,2,630108,46336,75098,51158,0.36700038017995185,0.5247297269575564
1889,0.6842,2,1,2,630109,46335,75100,51156,0.3669924597642884,0.524725359263932
1890,0.6843,1,1,1,630110,46334,75101,51155,0.366984539348625,0.5247258665080163
1891,0.6844,0,1,0,630111,46333,75101,51155,0.36697661893296163,0.5247312489742327
1892,0.6845,0,1,0,630112,46332,75101,51155,0.3669686985172982,0.5247366315508735
1893,0.6847,0,1,0,630113,46331,75101,51155,0.3669607781016348,0.5247420142379419
1894,0.685,50,104,50,630217,46227,75151,51105,0.3661370548726397,0.5250585624460609
1895,0.6851,0,1,0,630218,46226,75151,51105,0.3661291344569763,0.5250639570126681
1896,0.6855,0,1,0,630219,46225,75151,51105,0.36612121404131287,0.5250693516901264
1897,0.6856,1,0,1,630219,46225,75152,51104,0.36612121404131287,0.5250644720484131
1898,0.6857,0,1,0,630220,46224,75152,51104,0.3661132936256495,0.5250698668420187
1899,0.6858,1,3,1,630223,46221,75153,51103,0.3660895323786592,0.5250811721671941
1900,0.686,3,5,3,630228,46216,75156,51100,0.36604993030034216,0.5250935098031156
1901,0.6863,0,2,0,630230,46214,75156,51100,0.36603408946901533,0.5251043015393468
1902,0.6867,20,45,20,630275,46169,75176,51080,0.3656776707641617,0.5252496169626423
1903,0.6875,12,13,12,630288,46156,75188,51068,0.3655747053605373,0.525261252365671
1904,0.688,7,8,7,630296,46148,75195,51061,0.36551134203523,0.525270293902828
1905,0.6882,0,2,0,630298,46146,75195,51061,0.3654955012039032,0.5252811011552666
1906,0.6883,6,7,6,630305,46139,75201,51055,0.3654400582942593,0.5252896269317036
1907,0.6892,1,4,1,630309,46135,75202,51054,0.36540837663160564,0.5253063618310714
1908,0.6893,0,1,0,630310,46134,75202,51054,0.3654004562159422,0.5253117668848006
1909,0.69,2349,3888,2349,634198,42246,77551,48705,0.33460588011658854,0.5355081307517234
1910,0.6903,0,1,0,634199,42245,77551,48705,0.3345979597009251,0.5355140186915888
1911,0.6907,1,0,1,634199,42245,77552,48704,0.3345979597009251,0.535508911587813
1912,0.6908,1,1,1,634200,42244,77553,48703,0.3345900392852617,0.5355096924582449
1913,0.691,1,1,1,634201,42243,77554,48702,0.33458211886959827,0.5355104733630216
1914,0.6911,1,0,1,634201,42243,77555,48701,0.33458211886959827,0.5355053659394793
1915,0.6913,0,1,0,634202,42242,77555,48701,0.3345741984539349,0.5355112543021453
1916,0.6915,0,2,0,634204,42240,77555,48701,0.33455835762260805,0.535523031415973
1917,0.6917,6,9,6,634213,42231,77561,48695,0.3344870738816373,0.5355453885577283
1918,0.692,2,7,2,634220,42224,77563,48693,0.3344316309719934,0.5355764048527778
1919,0.6923,1,0,1,634220,42224,77564,48692,0.3344316309719934,0.5355712965814599
1920,0.6925,9,11,9,634231,42213,77573,48683,0.3343445063996959,0.5355901249779969
1921,0.6928,0,1,0,634232,42212,77573,48683,0.33433658598403243,0.5355960173826944
1922,0.6929,1,0,1,634232,42212,77574,48682,0.33433658598403243,0.5355909080907431
1923,0.6932,1,1,1,634233,42211,77575,48681,0.33432866556836904,0.5355916912379527
1924,0.6933,21,37,21,634270,42174,77596,48660,0.3340356101888227,0.5357024902569523
1925,0.694,2,9,2,634279,42165,77598,48658,0.33396432644785196,0.5357453508472524
1926,0.6942,2,1,2,634280,42164,77600,48656,0.33395640603218857,0.5357410262056815
1927,0.6943,1,1,1,634281,42163,77601,48655,0.3339484856165252,0.5357418132969235
1928,0.6945,0,1,0,634282,42162,77601,48655,0.33394056520086174,0.5357477124326944
1929,0.695,54,94,54,634376,42068,77655,48601,0.33319604612850084,0.5360266463730713
1930,0.6955,1,0,1,634376,42068,77656,48600,0.33319604612850084,0.5360215290951603
1931,0.6957,3,2,3,634378,42066,77659,48597,0.333180205297174,0.5360180007279706
1932,0.6958,0,2,0,634380,42064,77659,48597,0.3331643644658472,0.5360298253934989
1933,0.696,4,4,4,634384,42060,77663,48593,0.3331326828031935,0.5360330049750146
1934,0.6962,1,0,1,634384,42060,77664,48592,0.3331326828031935,0.5360278868640516
1935,0.6964,0,1,0,634385,42059,77664,48592,0.3331247623875301,0.536033799958081
1936,0.6965,0,2,0,634387,42057,77664,48592,0.33310892155620325,0.5360456265375239
1937,0.6967,23,45,23,634432,42012,77687,48569,0.33275250285134966,0.5361941245956657
1938,0.6971,1,1,1,634433,42011,77688,48568,0.3327445824356862,0.5361949237682023
1939,0.6972,1,0,1,634433,42011,77689,48567,0.3327445824356862,0.5361898032634856
1940,0.6975,8,19,8,634452,41992,77697,48559,0.33259409453808136,0.536261333392232
1941,0.6977,2,2,2,634454,41990,77699,48557,0.33257825370675453,0.5362629352711852
1942,0.698,5,5,5,634459,41985,77704,48552,0.3325386516284375,0.536266940587826
1943,0.6983,4,6,4,634465,41979,77708,48548,0.332491129134457,0.5362819932174931
1944,0.6985,0,2,0,634467,41977,77708,48548,0.33247528830313017,0.536293841480254
1945,0.6987,0,1,0,634468,41976,77708,48548,0.3324673678874667,0.5362997658079626
1946,0.6992,1,1,1,634469,41975,77709,48547,0.33245944747180334,0.536300567817768
1947,0.6993,1,1,1,634470,41974,77710,48546,0.3324515270561399,0.5363013698630137
1948,0.7,2378,3712,2378,638182,38262,80088,46168,0.3030509441135471,0.5468198507639465
1949,0.7002,1,1,1,638183,38261,80089,46167,0.30304302369788366,0.5468209598711328
1950,0.7003,1,1,1,638184,38260,80090,46166,0.3030351032822203,0.5468220690308673
1951,0.7007,1,0,1,638184,38260,80091,46165,0.3030351032822203,0.5468167012140953
1952,0.7008,0,2,0,638186,38258,80091,46165,0.30301926245089345,0.5468296554256541
1953,0.7013,1,0,1,638186,38258,80092,46164,0.30301926245089345,0.5468242875079955
1954,0.7017,2,10,2,638196,38248,80094,46162,0.3029400582942593,0.5468783319511906
1955,0.7019,0,1,0,638197,38247,80094,46162,0.30293213787859585,0.5468848108614011
1956,0.702,3,5,3,638202,38242,80097,46159,0.3028925358002788,0.5469011030674992
1957,0.7022,1,0,1,638202,38242,80098,46158,0.3028925358002788,0.5468957345971563
1958,0.7023,2,0,2,638202,38242,80100,46156,0.3028925358002788,0.546884997274817
1959,0.7025,5,7,5,638209,38235,80105,46151,0.3028370928906349,0.5469035148010334
1960,0.7029,0,2,0,638211,38233,80105,46151,0.3028212520593081,0.546916477057262
1961,0.703,1,2,1,638213,38231,80106,46150,0.30280541122798127,0.5469240705846102
1962,0.7033,21,29,21,638242,38202,80127,46129,0.30257571917374226,0.5469993240919709
1963,0.7037,0,1,0,638243,38201,80127,46129,0.3025677987580788,0.5470058105063441
1964,0.704,5,8,5,638251,38193,80132,46124,0.3025044354327715,0.5470308478717222
1965,0.7042,1,1,1,638252,38192,80133,46123,0.3024965150171081,0.5470319634703197
1966,0.7043,1,0,1,638252,38192,80134,46122,0.3024965150171081,0.5470265910762151
1967,0.7044,1,0,1,638252,38192,80135,46121,0.3024965150171081,0.5470212185546712
1968,0.7045,1,1,1,638253,38191,80136,46120,0.30248859460144467,0.5470223339777728
1969,0.705,49,74,49,638327,38117,80185,46071,0.301902483842352,0.5472395115693448
1970,0.7053,0,1,0,638328,38116,80185,46071,0.30189456342668863,0.5472460118545619
1971,0.7057,0,3,0,638331,38113,80185,46071,0.3018708021796984,0.5472655136367955
1972,0.7058,2,2,2,638333,38111,80187,46069,0.3018549613483716,0.5472677595628416
1973,0.706,3,6,3,638339,38105,80190,46066,0.3018074388543911,0.547290634541588
1974,0.7062,1,0,1,638339,38105,80191,46065,0.3018074388543911,0.5472852560294642
1975,0.7064,0,1,0,638340,38104,80191,46065,0.30179951843872765,0.5472917582482861
1976,0.7065,0,1,0,638341,38103,80191,46065,0.30179159802306427,0.5472982606216139
1977,0.7067,24,34,24,638375,38069,80215,46041,0.30152230389050816,0.5473903221971228
1978,0.707,0,1,0,638376,38068,80215,46041,0.30151438347484477,0.5473968303035347
1979,0.7071,1,0,1,638376,38068,80216,46040,0.30151438347484477,0.5473914490892662
1980,0.7073,1,3,1,638379,38065,80217,46039,0.3014906222278545,0.5474055930752402
1981,0.7075,7,14,7,638393,38051,80224,46032,0.30137973640856675,0.5474590583114304
1982,0.7077,1,1,1,638394,38050,80225,46031,0.3013718159929033,0.5474601872004377
1983,0.7078,1,0,1,638394,38050,80226,46030,0.3013718159929033,0.5474548049476688
1984,0.708,2,3,2,638397,38047,80228,46028,0.3013480547459131,0.5474635741897116
1985,0.7083,4,4,4,638401,38043,80232,46024,0.3013163730832594,0.5474680909274745
1986,0.7086,0,1,0,638402,38042,80232,46024,0.301308452667596,0.5474746032878929
1987,0.709,1,0,1,638402,38042,80233,46023,0.301308452667596,0.547469220246238
1988,0.7092,1,1,1,638403,38041,80234,46022,0.3013005322519326,0.5474703496187383
1989,0.7093,0,1,0,638404,38040,80234,46022,0.30129261183626915,0.5474768623159096
1990,0.7095,0,2,0,638406,38038,80234,46022,0.3012767710049423,0.547489888175113
1991,0.71,2225,3457,2225,641863,34581,82459,43797,0.2738958940565201,0.5587920079614177
1992,0.7102,0,1,0,641864,34580,82459,43797,0.27388797364085665,0.5587991375020733
1993,0.7103,0,1,0,641865,34579,82459,43797,0.27388005322519327,0.5588062672246606
1994,0.7105,1,1,1,641866,34578,82460,43796,0.2738721328095298,0.5588077678822059
1995,0.7107,2,0,2,641866,34578,82462,43794,0.2738721328095298,0.5587965089572806
1996,0.7108,1,0,1,641866,34578,82463,43793,0.2738721328095298,0.5587908792793252
1997,0.711,0,1,0,641867,34577,82463,43793,0.27386421239386644,0.5587980094423887
1998,0.7117,5,8,5,641875,34569,82468,43788,0.2738008490685591,0.5588269076151461
1999,0.712,3,1,3,641876,34568,82471,43785,0.27379292865289573,0.5588171480351741
2000,0.7122,0,1,0,641877,34567,82471,43785,0.2737850082372323,0.5588242801715336
2001,0.7123,0,1,0,641878,34566,82471,43785,0.2737770878215689,0.558831412489949
2002,0.7124,0,1,0,641879,34565,82471,43785,0.27376916740590546,0.5588385449904276
2003,0.7125,7,11,7,641890,34554,82478,43778,0.2736820428336079,0.5588775979165603
2004,0.7127,0,1,0,641891,34553,82478,43778,0.2736741224179445,0.5588847327367198
2005,0.713,3,1,3,641892,34552,82481,43775,0.2736662020022811,0.558874972870147
2006,0.7133,27,45,27,641937,34507,82508,43748,0.27330978329742744,0.5590441505335122
2007,0.7135,0,1,0,641938,34506,82508,43748,0.27330186288176406,0.5590512945025174
2008,0.7137,0,1,0,641939,34505,82508,43748,0.2732939424661006,0.5590584386541091
2009,0.7138,0,1,0,641940,34504,82508,43748,0.2732860220504372,0.5590655829882942
2010,0.714,2,5,2,641945,34499,82510,43746,0.2732464199721201,0.5590900377020895
2011,0.7142,0,4,0,641949,34495,82510,43746,0.27321473830946646,0.5591186206720262
2012,0.7143,0,2,0,641951,34493,82510,43746,0.27319889747813964,0.5591329132529812
2013,0.7145,1,0,1,641951,34493,82511,43745,0.27319889747813964,0.5591272783046601
2014,0.7149,1,0,1,641951,34493,82512,43744,0.27319889747813964,0.5591216432122909
2015,0.715,51,77,51,642028,34416,82563,43693,0.27258902547205677,0.5593849620402258
2016,0.7153,0,1,0,642029,34415,82563,43693,0.2725811050563934,0.5593921237261228
2017,0.7157,2,1,2,642030,34414,82565,43691,0.27257318464072994,0.5593880033288522
2018,0.7158,1,2,1,642032,34412,82566,43690,0.2725573438094031,0.5593966863844716
2019,0.716,2,9,2,642041,34403,82568,43688,0.2724860600684324,0.5594498725845488
2020,0.7167,21,49,21,642090,34354,82589,43667,0.2720979597009251,0.5596826495430718
2021,0.7168,0,1,0,642091,34353,82589,43667,0.2720900392852617,0.5596898231222763
2022,0.7172,0,1,0,642092,34352,82589,43667,0.27208211886959827,0.5596969968853741
2023,0.7173,0,1,0,642093,34351,82589,43667,0.2720741984539349,0.559704170832372
2024,0.7174,1,1,1,642094,34350,82590,43666,0.27206627803827144,0.5597057013945858
2025,0.7175,11,7,11,642101,34343,82601,43655,0.27201083512862756,0.5596938383035462
2026,0.718,4,5,4,642106,34338,82605,43651,0.27197123305031046,0.5597071381861545
2027,0.7182,0,1,0,642107,34337,82605,43651,0.27196331263464707,0.559714315022824
2028,0.7183,2,5,2,642112,34332,82607,43649,0.27192371055633,0.5597389107603135
2029,0.7185,0,1,0,642113,34331,82607,43649,0.2719157901406666,0.5597460887407028
2030,0.7187,1,0,1,642113,34331,82608,43648,0.2719157901406666,0.5597404429397659
2031,0.719,1,2,1,642115,34329,82609,43647,0.27189994930933975,0.5597491535857186
2032,0.7192,0,1,0,642116,34328,82609,43647,0.27189202889367636,0.5597563321577429
2033,0.7193,0,1,0,642117,34327,82609,43647,0.2718841084780129,0.5597635109138944
2034,0.72,2313,3136,2313,645253,31191,84922,41334,0.24704568495754659,0.5699276111685626
2035,0.7202,0,1,0,645254,31190,84922,41334,0.24703776454188317,0.5699354696376372
2036,0.7203,0,1,0,645255,31189,84922,41334,0.24702984412621976,0.5699433283234284
2037,0.7208,1,0,1,645255,31189,84923,41333,0.24702984412621976,0.5699373983067207
2038,0.721,1,1,1,645256,31188,84924,41332,0.24702192371055634,0.5699393270821842
2039,0.7215,0,2,0,645258,31186,84924,41332,0.2470060828792295,0.5699550456438401
2040,0.7217,0,5,0,645263,31181,84924,41332,0.24696648080091244,0.5699943458414354
2041,0.722,3,2,3,645265,31179,84927,41329,0.2469506399695856,0.5699922767142936
2042,0.7223,0,1,0,645266,31178,84927,41329,0.2469427195539222,0.5700001379177183
2043,0.7225,7,17,7,645283,31161,84934,41322,0.24680807248764416,0.5700922975042424
2044,0.7227,1,1,1,645284,31160,84935,41321,0.24680015207198075,0.5700942315917275
2045,0.7233,14,36,14,645320,31124,84949,41307,0.24651501710809784,0.570294487167097
2046,0.7234,0,1,0,645321,31123,84949,41307,0.24650709669243442,0.5703023609001795
2047,0.7238,0,1,0,645322,31122,84949,41307,0.246499176276771,0.5703102348506813
2048,0.724,3,3,3,645325,31119,84952,41304,0.24647541502978076,0.570316059815252
2049,0.7242,1,2,1,645327,31117,84953,41303,0.24645957419845393,0.5703258768296051
2050,0.7248,1,2,1,645329,31115,84954,41302,0.2464437333671271,0.5703356946573318
2051,0.725,66,82,66,645411,31033,85020,41236,0.24579425928272716,0.5705904329657253
2052,0.7257,3,3,3,645414,31030,85023,41233,0.24577049803573692,0.5705962940924124
2053,0.7258,1,1,1,645415,31029,85024,41232,0.2457625776200735,0.5705982480176028
2054,0.726,3,7,3,645422,31022,85027,41229,0.2457071347104296,0.5706357005439371
2055,0.7263,0,1,0,645423,31021,85027,41229,0.24569921429476618,0.570643598615917
2056,0.7265,0,1,0,645424,31020,85027,41229,0.24569129387910277,0.5706514969065316
2057,0.7267,23,26,23,645450,30994,85050,41206,0.245485363071854,0.5707202216066481
2058,0.7268,0,1,0,645451,30993,85050,41206,0.2454774426561906,0.5707281264283439
2059,0.7271,0,1,0,645452,30992,85050,41206,0.24546952224052718,0.5707360314690157
2060,0.7273,0,1,0,645453,30991,85050,41206,0.24546160182486376,0.570743936728673
2061,0.7275,7,9,7,645462,30982,85057,41199,0.24539031808389306,0.5707734722433881
2062,0.7278,0,2,0,645464,30980,85057,41199,0.24537447725256623,0.5707892877429723
2063,0.728,4,4,4,645468,30976,85061,41195,0.24534279558991257,0.5707971345831429
2064,0.7282,1,0,1,645468,30976,85062,41194,0.24534279558991257,0.5707911874740197
2065,0.7283,3,4,3,645472,30972,85065,41191,0.2453111139272589,0.5708049831631168
2066,0.729,0,1,0,645473,30971,85065,41191,0.2453031935115955,0.5708128932124941
2067,0.7292,1,0,1,645473,30971,85066,41190,0.2453031935115955,0.5708069455800224
2068,0.7293,1,0,1,645473,30971,85067,41189,0.2453031935115955,0.5708009977827051
2069,0.7295,0,1,0,645474,30970,85067,41189,0.24529527309593208,0.570808908105711
2070,0.7297,0,1,0,645475,30969,85067,41189,0.24528735268026866,0.570816818647967
2071,0.73,2202,3020,2202,648495,27949,87269,38987,0.22136769737675832,0.5824518943468387
2072,0.7303,0,1,0,648496,27948,87269,38987,0.2213597769610949,0.5824605961006947
2073,0.7307,1,1,1,648497,27947,87270,38986,0.2213518565454315,0.5824630600750004
2074,0.7308,1,1,1,648498,27946,87271,38985,0.2213439361297681,0.5824655241965606
2075,0.731,0,1,0,648499,27945,87271,38985,0.2213360157141047,0.5824742268041238
2076,0.7317,2,4,2,648503,27941,87273,38983,0.22130433405145103,0.582496563265794
2077,0.732,3,5,3,648508,27936,87276,38980,0.22126473197313395,0.5825213700759161
2078,0.7322,0,1,0,648509,27935,87276,38980,0.22125681155747054,0.5825300754688785
2079,0.7323,1,0,1,648509,27935,87277,38979,0.22125681155747054,0.5825238365663389
2080,0.7325,7,8,7,648517,27927,87284,38972,0.22119344823216322,0.5825498138985635
2081,0.7327,1,0,1,648517,27927,87285,38971,0.22119344823216322,0.5825435737989177
2082,0.7333,26,27,26,648544,27900,87311,38945,0.22097959700925104,0.582616500860199
2083,0.7335,0,1,0,648545,27899,87311,38945,0.22097167659358763,0.5826252169229849
2084,0.734,6,8,6,648553,27891,87317,38939,0.2209083132682803,0.5826574891515787
2085,0.7342,1,3,1,648556,27888,87318,38938,0.22088455202129006,0.5826774010115823
2086,0.7343,1,2,1,648558,27886,87319,38937,0.22086871118996326,0.5826885952441525
2087,0.7345,0,1,0,648559,27885,87319,38937,0.22086079077429985,0.5826973152554548
2088,0.7347,1,1,1,648560,27884,87320,38936,0.22085287035863643,0.5826997904818917
2089,0.7348,1,0,1,648560,27884,87321,38935,0.22085287035863643,0.5826935452491058
2090,0.735,68,70,68,648630,27814,87389,38867,0.22029844126219744,0.5828796808686133
2091,0.7352,0,1,0,648631,27813,87389,38867,0.22029052084653403,0.582888422315537
2092,0.7353,1,1,1,648632,27812,87390,38866,0.2202826004308706,0.5828909085455473
2093,0.7357,2,3,2,648635,27809,87392,38864,0.22025883918388037,0.5829046240607142
2094,0.7358,1,1,1,648636,27808,87393,38863,0.22025091876821695,0.5829071110377826
2095,0.736,5,3,5,648639,27805,87398,38858,0.2202271575212267,0.5829020596132787
2096,0.7363,0,1,0,648640,27804,87398,38858,0.2202192371055633,0.5829108037562629
2097,0.7365,1,0,1,648640,27804,87399,38857,0.2202192371055633,0.5829045468864853
2098,0.7367,25,43,25,648683,27761,87424,38832,0.2198786592320365,0.5831243524094124
2099,0.7371,0,1,0,648684,27760,87424,38832,0.2198707388163731,0.5831331090821721
2100,0.7372,0,1,0,648685,27759,87424,38832,0.21986281840070968,0.5831418660179304
2101,0.7373,1,0,1,648685,27759,87425,38831,0.21986281840070968,0.5831356059468389
2102,0.7375,14,13,14,648698,27746,87439,38817,0.21975985299708528,0.5831618166248517
2103,0.7378,1,1,1,648699,27745,87440,38816,0.21975193258142187,0.5831643154399724
2104,0.738,2,4,2,648703,27741,87442,38814,0.2197202509187682,0.5831868379535722
2105,0.7382,0,1,0,648704,27740,87442,38814,0.2197123305031048,0.5831956005649548
2106,0.7383,6,4,6,648708,27736,87448,38808,0.21968064884045116,0.5831930752584756
2107,0.7386,0,1,0,648709,27735,87448,38808,0.21967272842478774,0.5832018394121095
2108,0.7388,0,3,0,648712,27732,87448,38808,0.2196489671777975,0.5832281334535617
2109,0.739,1,0,1,648712,27732,87449,38807,0.2196489671777975,0.5832218698808218
2110,0.7392,0,4,0,648716,27728,87449,38807,0.21961728551514384,0.5832569324415721
2111,0.7393,0,2,0,648718,27726,87449,38807,0.219601444683817,0.5832744653029324
2112,0.7395,0,1,0,648719,27725,87449,38807,0.2195935242681536,0.5832832321289004
2113,0.7397,1,0,1,648719,27725,87450,38806,0.2195935242681536,0.5832769686311644
2114,0.74,2303,2732,2303,651451,24993,89753,36503,0.1979549486757065,0.5935833224925199
2115,0.7403,1,0,1,651451,24993,89754,36502,0.1979549486757065,0.5935767135539475
2116,0.7408,0,1,0,651452,24992,89754,36502,0.1979470282600431,0.5935863661495431
2117,0.741,2,0,2,651452,24992,89756,36500,0.1979470282600431,0.5935731477265336
2118,0.7414,1,0,1,651452,24992,89757,36499,0.1979470282600431,0.593566538192581
2119,0.7417,0,5,0,651457,24987,89757,36499,0.19790742618172602,0.5936148066226458
2120,0.742,3,1,3,651458,24986,89760,36496,0.1978995057660626,0.5936046322500894
2121,0.7422,0,1,0,651459,24985,89760,36496,0.1978915853503992,0.5936142873408045
2122,0.7423,0,2,0,651461,24983,89760,36496,0.19787574451907236,0.5936335984645164
2123,0.7425,16,16,16,651477,24967,89776,36480,0.19774901786845775,0.5936823604081566
2124,0.7427,0,1,0,651478,24966,89776,36480,0.19774109745279433,0.5936920222634509
2125,0.7429,0,2,0,651480,24964,89776,36480,0.1977252566214675,0.5937113469175184
2126,0.743,1,1,1,651481,24963,89777,36479,0.1977173362058041,0.5937143973177956
2127,0.7432,0,1,0,651482,24962,89777,36479,0.19770941579014067,0.5937240604807864
2128,0.7433,18,34,18,651516,24928,89795,36461,0.1974401216575846,0.5939337666357165
2129,0.7435,1,2,1,651518,24926,89796,36460,0.19742428082625776,0.5939465024598443
2130,0.7439,0,1,0,651519,24925,89796,36460,0.19741636041059435,0.5939561782194347
2131,0.744,6,4,6,651523,24921,89802,36454,0.1973846787479407,0.5939551934826884
2132,0.7442,1,3,1,651526,24918,89803,36453,0.19736091750095044,0.5939776115754998
2133,0.7443,0,1,0,651527,24917,89803,36453,0.19735299708528703,0.5939872902069415
2134,0.7447,2,0,2,651527,24917,89805,36451,0.19735299708528703,0.5939740581410508
2135,0.745,48,60,48,651587,24857,89853,36403,0.1968777721454822,0.594237675481554
2136,0.7457,1,1,1,651588,24856,89854,36402,0.19686985172981877,0.5942407522282804
2137,0.7458,2,1,2,651589,24855,89856,36400,0.19686193131415536,0.5942372051261121
2138,0.746,1,7,1,651596,24848,89857,36399,0.19680648840451148,0.5942984962528777
2139,0.7462,1,0,1,651596,24848,89858,36398,0.19680648840451148,0.5942918721222611
2140,0.7463,1,0,1,651596,24848,89859,36397,0.19680648840451148,0.5942852477753287
2141,0.7467,25,25,25,651621,24823,89884,36372,0.1966084780129261,0.5943622845003677
2142,0.747,1,1,1,651622,24822,89885,36371,0.1966005575972627,0.5943653685879103
2143,0.7471,1,1,1,651623,24821,89886,36370,0.19659263718159928,0.5943684528770571
2144,0.7475,12,7,12,651630,24814,89898,36358,0.1965371942719554,0.5943568953115804
2145,0.7477,0,1,0,651631,24813,89898,36358,0.19652927385629199,0.5943666116296938
2146,0.748,2,2,2,651633,24811,89900,36356,0.19651343302496516,0.594372782709631
2147,0.7482,1,0,1,651633,24811,89901,36355,0.19651343302496516,0.5943661511297126
2148,0.7483,3,9,3,651642,24802,89904,36352,0.19644214928399442,0.5944337246950322
2149,0.7485,1,0,1,651642,24802,89905,36351,0.19644214928399442,0.5944270927019116
2150,0.7487,0,1,0,651643,24801,89905,36351,0.196434228868331,0.5944368131868132
2151,0.749,1,2,1,651645,24799,89906,36350,0.19641838803700418,0.5944496230518896
2152,0.7492,2,3,2,651648,24796,89908,36348,0.19639462679001393,0.5944655240088971
2153,0.7497,0,1,0,651649,24795,89908,36348,0.19638670637435052,0.5944752465531623
2154,0.7498,0,1,0,651650,24794,89908,36348,0.1963787859586871,0.5944849694154591
2155,0.75,2166,2519,2166,654169,22275,92074,34182,0.1764272589025472,0.6054519368723099
2156,0.7508,1,1,1,654170,22274,92075,34181,0.1764193384868838,0.6054556726596404
2157,0.751,1,1,1,654171,22273,92076,34180,0.17641141807122038,0.6054594087116717
2158,0.7517,1,3,1,654174,22270,92077,34179,0.17638765682423013,0.6054845967156194
2159,0.7518,0,2,0,654176,22268,92077,34179,0.1763718159929033,0.6055060499229366
2160,0.752,2,2,2,654178,22266,92079,34177,0.17635597516157647,0.6055135269209645
2161,0.7521,0,1,0,654179,22265,92079,34177,0.17634805474591306,0.6055242549874207
2162,0.7523,4,0,4,654179,22265,92083,34173,0.17634805474591306,0.6054962968212906
2163,0.7525,8,14,8,654193,22251,92091,34165,0.17623716892662528,0.6055906125921724
2164,0.7529,0,1,0,654194,22250,92091,34165,0.17622924851096186,0.6056013471594434
2165,0.753,0,1,0,654195,22249,92091,34165,0.17622132809529845,0.6056120821072783
2166,0.7532,1,0,1,654195,22249,92092,34164,0.17622132809529845,0.6056050910251183
2167,0.7533,20,29,20,654224,22220,92112,34144,0.17599163604105944,0.6057767369242779
2168,0.7535,1,2,1,654226,22218,92113,34143,0.1759757952097326,0.6057912386224517
2169,0.754,4,4,4,654230,22214,92117,34139,0.17594411354707895,0.6058062569872057
2170,0.7542,1,0,1,654230,22214,92118,34138,0.17594411354707895,0.6057992617830777
2171,0.7543,2,0,2,654230,22214,92120,34136,0.17594411354707895,0.6057852706299911
2172,0.7547,1,0,1,654230,22214,92121,34135,0.17594411354707895,0.6057782746810059
2173,0.755,62,60,62,654290,22154,92183,34073,0.1754688886072741,0.6059900048019635
2174,0.7556,0,1,0,654291,22153,92183,34073,0.1754609681916107,0.6060007825561128
2175,0.7557,1,3,1,654294,22150,92184,34072,0.17543720694462045,0.6060261107751415
2176,0.7558,0,2,0,654296,22148,92184,34072,0.17542136611329362,0.6060476698683742
2177,0.756,2,2,2,654298,22146,92186,34070,0.1754055252819668,0.606055215596983
2178,0.7562,1,1,1,654299,22145,92187,34069,0.17539760486630337,0.606058988863984
2179,0.7563,0,1,0,654300,22144,92187,34069,0.17538968445063996,0.6060697703378222
2180,0.7565,1,1,1,654301,22143,92188,34068,0.17538176403497654,0.6060735443240647
2181,0.7567,25,27,25,654328,22116,92213,34043,0.17516791281206437,0.6061895689025801
2182,0.757,0,1,0,654329,22115,92213,34043,0.17515999239640095,0.6062003632607998
2183,0.7571,1,0,1,654329,22115,92214,34042,0.17515999239640095,0.606193350784408
2184,0.7572,0,1,0,654330,22114,92214,34042,0.17515207198073754,0.6062041455944156
2185,0.7575,5,13,5,654343,22101,92219,34037,0.17504910657711317,0.6063094517082903
2186,0.7577,1,1,1,654344,22100,92220,34036,0.17504118616144976,0.6063132392760439
2187,0.7578,0,1,0,654345,22099,92220,34036,0.17503326574578634,0.6063240402600872
2188,0.758,3,0,3,654345,22099,92223,34033,0.17503326574578634,0.6063030000712606
2189,0.7581,0,1,0,654346,22098,92223,34033,0.17502534533012293,0.6063138016425861
2190,0.7582,0,1,0,654347,22097,92223,34033,0.1750174249144595,0.6063246035987885
2191,0.7583,5,6,5,654353,22091,92228,34028,0.17496990242047902,0.606354354140309
2192,0.7585,0,1,0,654354,22090,92228,34028,0.1749619820048156,0.6063651591289783
2193,0.7587,0,1,0,654355,22089,92228,34028,0.1749540615891522,0.6063759645027353
2194,0.7588,0,1,0,654356,22088,92228,34028,0.17494614117348878,0.6063867702616009
2195,0.759,0,1,0,654357,22087,92228,34028,0.17493822075782536,0.6063975764055957
2196,0.7593,1,0,1,654357,22087,92229,34027,0.17493822075782536,0.6063905620700717
2197,0.7595,0,1,0,654358,22086,92229,34027,0.17493030034216195,0.6064013686667974
2198,0.7597,0,1,0,654359,22085,92229,34027,0.17492237992649853,0.6064121756487026
2199,0.76,2261,2346,2261,656705,19739,94490,31766,0.15634108478012926,0.616755654790797
2200,0.7602,0,2,0,656707,19737,94490,31766,0.15632524394880243,0.6167796050715493
2201,0.7603,0,1,0,656708,19736,94490,31766,0.156317323533139,0.6167915809094793
2202,0.761,0,1,0,656709,19735,94490,31766,0.1563094031174756,0.6168035572124813
2203,0.7613,1,0,1,656709,19735,94491,31765,0.1563094031174756,0.6167961165048543
2204,0.7617,1,1,1,656710,19734,94492,31764,0.15630148270181218,0.6168006524525225
2205,0.762,2,1,2,656711,19733,94494,31762,0.15629356228614877,0.6167977473541121
2206,0.7621,0,1,0,656712,19732,94494,31762,0.15628564187048535,0.6168097254049015
2207,0.7622,0,1,0,656713,19731,94494,31762,0.15627772145482194,0.6168217039209213
2208,0.7623,1,0,1,656713,19731,94495,31761,0.15627772145482194,0.6168142624096947
2209,0.7625,7,7,7,656720,19724,94502,31754,0.15622227854517806,0.6168460313143479
2210,0.7626,0,1,0,656721,19723,94502,31754,0.15621435812951465,0.6168580142587952
2211,0.7633,19,29,19,656750,19694,94521,31735,0.15598466607527564,0.6170643022419258
2212,0.7635,0,1,0,656751,19693,94521,31735,0.15597674565961223,0.6170763008477872
2213,0.7639,0,1,0,656752,19692,94521,31735,0.1559688252439488,0.6170882999202754
2214,0.764,3,6,3,656758,19686,94524,31732,0.15592130274996832,0.6171379672488234
2215,0.7642,2,3,2,656761,19683,94526,31730,0.15589754150297808,0.6171590842782954
2216,0.7648,2,0,2,656761,19683,94528,31728,0.15589754150297808,0.6171441909319018
2217,0.765,49,59,49,656820,19624,94577,31679,0.15543023697883665,0.6174882560474046
2218,0.7653,0,2,0,656822,19622,94577,31679,0.15541439614750982,0.6175123291943627
2219,0.7657,1,0,1,656822,19622,94578,31678,0.15541439614750982,0.617504873294347
2220,0.7658,1,2,1,656824,19620,94579,31677,0.155398555316183,0.6175214924849406
2221,0.766,5,4,5,656828,19616,94584,31672,0.15536687365352933,0.6175323662455156
2222,0.7662,0,1,0,656829,19615,94584,31672,0.15535895323786592,0.6175444069647279
2223,0.7665,0,1,0,656830,19614,94584,31672,0.1553510328222025,0.6175564481534922
2224,0.7667,24,20,24,656850,19594,94608,31648,0.15519262450893423,0.6176183599391124
2225,0.767,1,0,1,656850,19594,94609,31647,0.15519262450893423,0.6176108975234675
2226,0.7673,0,1,0,656851,19593,94609,31647,0.15518470409327081,0.6176229508196721
2227,0.7675,18,5,18,656856,19588,94627,31629,0.15514510201495374,0.6175488607298358
2228,0.7677,0,1,0,656857,19587,94627,31629,0.15513718159929032,0.6175609184629803
2229,0.768,3,2,3,656859,19585,94630,31626,0.1551213407679635,0.6175626330280604
2230,0.7682,1,0,1,656859,19585,94631,31625,0.1551213407679635,0.6175551650068346
2231,0.7683,2,5,2,656864,19580,94633,31623,0.15508173868964642,0.6176005312188739
2232,0.7685,1,0,1,656864,19580,94634,31622,0.15508173868964642,0.6175930627709855
2233,0.7687,0,1,0,656865,19579,94634,31622,0.155073818273983,0.6176051248999043
2234,0.769,1,2,1,656867,19577,94635,31621,0.1550579774426562,0.6176217821008633
2235,0.7692,0,2,0,656869,19575,94635,31621,0.15504213661132937,0.617645909836706
2236,0.7693,1,0,1,656869,19575,94636,31620,0.15504213661132937,0.6176384412540287
2237,0.7695,0,1,0,656870,19574,94636,31620,0.15503421619566596,0.6176505059186623
2238,0.7696,0,1,0,656871,19573,94636,31620,0.15502629578000254,0.6176625710546364
2239,0.7697,0,1,0,656872,19572,94636,31620,0.15501837536433913,0.6176746366619784
2240,0.77,2250,2161,2250,659033,17411,96886,29370,0.13790235711570142,0.6278189863406084
2241,0.7702,0,1,0,659034,17410,96886,29370,0.137894436700038,0.6278324070115434
2242,0.7705,2,0,2,659034,17410,96888,29368,0.137894436700038,0.6278164949335158
2243,0.7707,0,5,0,659039,17405,96888,29368,0.13785483462172093,0.6278836080644816
2244,0.7708,0,1,0,659040,17404,96888,29368,0.13784691420605755,0.6278970324125546
2245,0.7717,3,3,3,659043,17401,96891,29365,0.1378231529590673,0.6279134413890434
2246,0.772,1,1,1,659044,17400,96892,29364,0.1378152325434039,0.6279189119835771
2247,0.7722,2,0,2,659044,17400,96894,29362,0.1378152325434039,0.6279029981608999
2248,0.7723,0,1,0,659045,17399,96894,29362,0.13780731212774047,0.6279164260815637
2249,0.7725,7,8,7,659053,17391,96901,29355,0.13774394880243315,0.6279681683994353
2250,0.7727,2,2,2,659055,17389,96903,29353,0.13772810797110632,0.6279791194215053
2251,0.7728,0,2,0,659057,17387,96903,29353,0.1377122671397795,0.6280059905862216
2252,0.7732,0,2,0,659059,17385,96903,29353,0.13769642630845266,0.6280328640506654
2253,0.7733,16,30,16,659089,17355,96919,29337,0.13745881383855024,0.6283089180159342
2254,0.774,2,4,2,659093,17351,96921,29335,0.13742713217589658,0.6283468277427923
2255,0.7742,4,4,4,659097,17347,96925,29331,0.13739545051324292,0.628368824713998
2256,0.7743,1,0,1,659097,17347,96926,29330,0.13739545051324292,0.628360862951775
2257,0.775,58,55,58,659152,17292,96984,29272,0.13695982765175516,0.6286401511897604
2258,0.7752,0,1,0,659153,17291,96984,29272,0.13695190723609174,0.6286536520413204
2259,0.7753,0,1,0,659154,17290,96984,29272,0.13694398682042833,0.628667153472789
2260,0.7755,0,1,0,659155,17289,96984,29272,0.1369360664047649,0.6286806554842035
2261,0.7757,0,1,0,659156,17288,96984,29272,0.1369281459891015,0.6286941580756014
2262,0.7758,3,0,3,659156,17288,96987,29269,0.1369281459891015,0.6286702321885002
2263,0.776,5,8,5,659164,17280,96992,29264,0.1368647826637942,0.6287383980749398
2264,0.7762,0,1,0,659165,17279,96992,29264,0.1368568622481308,0.6287519068388372
2265,0.7767,23,24,23,659189,17255,97015,29241,0.13666677227220886,0.6288928079834825
2266,0.777,1,0,1,659189,17255,97016,29240,0.13666677227220886,0.6288848263254113
2267,0.7775,5,12,5,659201,17243,97021,29235,0.13657172728424788,0.6290072722578424
2268,0.7777,0,1,0,659202,17242,97021,29235,0.13656380686858446,0.6290208059900596
2269,0.778,4,2,4,659204,17240,97025,29231,0.13654796603725763,0.6290159454283316
2270,0.7783,2,3,2,659207,17237,97027,29229,0.1365242047902674,0.6290405888176301
2271,0.7785,1,0,1,659207,17237,97028,29228,0.1365242047902674,0.6290326051866997
2272,0.7787,1,0,1,659207,17237,97029,29227,0.1365242047902674,0.6290246212121212
2273,0.779,0,2,0,659209,17235,97029,29227,0.13650836395894056,0.6290516981619388
2274,0.7792,1,0,1,659209,17235,97030,29226,0.13650836395894056,0.6290437140827791
2275,0.7793,0,1,0,659210,17234,97030,29226,0.13650044354327714,0.6290572535514422
2276,0.7795,1,0,1,659210,17234,97031,29225,0.13650044354327714,0.6290492692481543
2277,0.7796,1,0,1,659210,17234,97032,29224,0.13650044354327714,0.6290412846011452
2278,0.78,2231,1930,2231,661140,15304,99263,26993,0.1212140413128881,0.6381776485329929
2279,0.7803,1,0,1,661140,15304,99264,26992,0.1212140413128881,0.6381690940041611
2280,0.7807,1,1,1,661141,15303,99265,26991,0.12120612089722468,0.6381756277486168
2281,0.7808,1,6,1,661147,15297,99266,26990,0.12115859840324421,0.6382576205453212
2282,0.781,1,0,1,661147,15297,99267,26989,0.12115859840324421,0.63824906588469
2283,0.7817,2,5,2,661152,15292,99269,26987,0.12111899632492713,0.638307433950661
2284,0.7818,1,1,1,661153,15291,99270,26986,0.12111107590926372,0.6383139768668543
2285,0.782,2,2,2,661155,15289,99272,26984,0.12109523507793689,0.6383270645565727
2286,0.7822,0,1,0,661156,15288,99272,26984,0.12108731466227347,0.6383421650264951
2287,0.7823,1,2,1,661158,15286,99273,26983,0.12107147383094664,0.6383638127232724
2288,0.7825,10,6,10,661164,15280,99283,26973,0.12102395133696617,0.638368873216103
2289,0.7827,0,1,0,661165,15279,99283,26973,0.12101603092130275,0.6383839818233457
2290,0.783,1,0,1,661165,15279,99284,26972,0.12101603092130275,0.6383754230669096
2291,0.7832,0,2,0,661167,15277,99284,26972,0.12100019008997592,0.6384056427371062
2292,0.7833,19,20,19,661187,15257,99303,26953,0.12084178177670764,0.6385453683961146
2293,0.784,2,3,2,661190,15254,99305,26951,0.1208180205297174,0.6385736287169766
2294,0.7842,1,1,1,661191,15253,99306,26950,0.12081010011405399,0.6385801957206834
2295,0.7843,0,1,0,661192,15252,99306,26950,0.12080217969839058,0.638595327235676
2296,0.7845,0,1,0,661193,15251,99306,26950,0.12079425928272716,0.6386104594677852
2297,0.7847,1,0,1,661193,15251,99307,26949,0.12079425928272716,0.6386018957345971
2298,0.785,43,48,43,661241,15203,99350,26906,0.12041407933088329,0.6389607922296896
2299,0.7858,1,1,1,661242,15202,99351,26905,0.12040615891521987,0.6389673925950554
2300,0.786,4,5,4,661247,15197,99355,26901,0.1203665568369028,0.639008979048886
2301,0.7865,1,0,1,661247,15197,99356,26900,0.1203665568369028,0.6390004038292515
2302,0.7867,22,23,22,661270,15174,99378,26878,0.12018438727664428,0.6391610387139732
2303,0.787,1,0,1,661270,15174,99379,26877,0.12018438727664428,0.6391524577298994
2304,0.7871,1,0,1,661270,15174,99380,26876,0.12018438727664428,0.6391438763376932
2305,0.7875,9,11,9,661281,15163,99389,26867,0.12009726270434673,0.6392338805615037
2306,0.7877,1,1,1,661282,15162,99390,26866,0.12008934228868332,0.6392405063291139
2307,0.7878,0,1,0,661283,15161,99390,26866,0.1200814218730199,0.6392557165631618
2308,0.788,2,1,2,661284,15160,99392,26864,0.12007350145735649,0.6392537597563297
2309,0.7883,2,1,2,661285,15159,99394,26862,0.12006558104169307,0.6392518026700935
2310,0.7887,0,2,0,661287,15157,99394,26862,0.12004974021036624,0.6392822294676218
2311,0.7892,0,2,0,661289,15155,99394,26862,0.12003389937903941,0.6393126591617678
2312,0.7897,1,0,1,661289,15155,99395,26861,0.12003389937903941,0.639304074638233
2313,0.7898,1,1,1,661290,15154,99396,26860,0.120025978963376,0.6393107059551578
2314,0.79,2149,1875,2149,663165,13279,101545,24711,0.10517519959447472,0.650460647538826
2315,0.7905,0,1,0,663166,13278,101545,24711,0.1051672791788113,0.650477769880755
2316,0.7907,1,0,1,663166,13278,101546,24710,0.1051672791788113,0.6504685690217964
2317,0.7908,1,1,1,663167,13277,101547,24709,0.10515935876314789,0.6504764913389144
2318,0.791,0,1,0,663168,13276,101547,24709,0.10515143834748447,0.6504936159010135
2319,0.7913,1,0,1,663168,13276,101548,24708,0.10515143834748447,0.6504844144903117
2320,0.7915,0,1,0,663169,13275,101548,24708,0.10514351793182106,0.6505015401627043
2321,0.7917,2,3,2,663172,13272,101550,24706,0.10511975668483083,0.6505345199852546
2322,0.792,2,3,2,663175,13269,101552,24704,0.10509599543784058,0.6505675084928765
2323,0.7925,13,12,13,663187,13257,101565,24691,0.10500095044987962,0.6506535258775166
2324,0.7927,0,1,0,663188,13256,101565,24691,0.1049930300342162,0.650670672253406
2325,0.793,1,0,1,663188,13256,101566,24690,0.1049930300342162,0.6506614662942075
2326,0.7933,19,18,19,663206,13238,101585,24671,0.10485046255227475,0.6507953256482629
2327,0.7935,0,1,0,663207,13237,101585,24671,0.10484254213661133,0.650812493405086
2328,0.7938,1,0,1,663207,13237,101586,24670,0.10484254213661133,0.6508032817157781
2329,0.7939,0,1,0,663208,13236,101586,24670,0.10483462172094792,0.6508204505882974
2330,0.794,3,2,3,663210,13234,101589,24667,0.10481878088962109,0.6508271549563336
2331,0.7942,0,2,0,663212,13232,101589,24667,0.10480294005829426,0.650861500303438
2332,0.7945,0,1,0,663213,13231,101589,24667,0.10479501964263084,0.6508786743363766
2333,0.795,46,46,46,663259,13185,101635,24621,0.1044306805221138,0.651245833994604
2334,0.7955,0,1,0,663260,13184,101635,24621,0.10442276010645038,0.6512630604417405
2335,0.7956,1,0,1,663260,13184,101636,24620,0.10442276010645038,0.6512538355729552
2336,0.7957,1,0,1,663260,13184,101637,24619,0.10442276010645038,0.6512446102161205
2337,0.7958,1,1,1,663261,13183,101638,24618,0.10441483969078698,0.6512526123647523
2338,0.796,3,0,3,663261,13183,101641,24615,0.10441483969078698,0.651224932536113
2339,0.7963,0,1,0,663262,13182,101641,24615,0.10440691927512356,0.6512421620763552
2340,0.7967,21,10,21,663272,13172,101662,24594,0.10432771511848941,0.6512206746809299
2341,0.7968,0,1,0,663273,13171,101662,24594,0.104319794702826,0.6512379187077982
2342,0.7972,0,1,0,663274,13170,101662,24594,0.10431187428716258,0.6512551636479187
2343,0.7975,10,12,10,663286,13158,101672,24584,0.10421682929920162,0.651369826718245
2344,0.7978,1,0,1,663286,13158,101673,24583,0.10421682929920162,0.6513605892795633
2345,0.798,7,3,7,663289,13155,101680,24576,0.10419306805221137,0.651347698179216
2346,0.7983,2,3,2,663292,13152,101682,24574,0.10416930680522114,0.6513810104437258
2347,0.7985,0,2,0,663294,13150,101682,24574,0.10415346597389431,0.6514155444809671
2348,0.7987,0,1,0,663295,13149,101682,24574,0.1041455455582309,0.6514328128727832
2349,0.799,1,1,1,663296,13148,101683,24573,0.10413762514256748,0.6514408419713157
2350,0.7992,1,0,1,663296,13148,101684,24572,0.10413762514256748,0.6514316012725344
2351,0.7995,0,1,0,663297,13147,101684,24572,0.10412970472690407,0.6514488719213128
2352,0.7998,0,1,0,663298,13146,101684,24572,0.10412178431124065,0.6514661434858688
2353,0.8,1989,1691,1989,664989,11455,103673,22583,0.09072836142440756,0.6634643633585993
2354,0.8002,0,1,0,664990,11454,103673,22583,0.09072044100874414,0.6634838558039781
2355,0.8004,1,0,1,664990,11454,103674,22582,0.09072044100874414,0.6634739687389822
2356,0.8005,0,1,0,664991,11453,103674,22582,0.09071252059308073,0.663493462612017
2357,0.8006,1,0,1,664991,11453,103675,22581,0.09071252059308073,0.6634835752482812
2358,0.8007,3,0,3,664991,11453,103678,22578,0.09071252059308073,0.6634539096705945
2359,0.8008,1,0,1,664991,11453,103679,22577,0.09071252059308073,0.6634440199823685
2360,0.801,1,1,1,664992,11452,103680,22576,0.09070460017741731,0.6634536264252968
2361,0.8017,3,2,3,664994,11450,103683,22573,0.09068875934609048,0.6634629515327867
2362,0.8018,2,1,2,664995,11449,103685,22571,0.09068083893042707,0.6634626690182246
2363,0.802,4,0,4,664995,11449,103689,22567,0.09068083893042707,0.663423095014111
2364,0.8023,0,1,0,664996,11448,103689,22567,0.09067291851476365,0.663442598853447
2365,0.8025,4,5,4,665001,11443,103693,22563,0.09063331643644658,0.6635005587249309
2366,0.8027,0,2,0,665003,11441,103693,22563,0.09061747560511976,0.6635395835784026
2367,0.8033,16,13,16,665016,11428,103709,22547,0.09051451020149537,0.6636350257542311
2368,0.8035,0,2,0,665018,11426,103709,22547,0.09049866937016855,0.6636740941335767
2369,0.804,7,3,7,665021,11423,103716,22540,0.09047490812317831,0.6636633984041457
2370,0.8042,0,3,0,665024,11420,103716,22540,0.09045114687618806,0.6637220259128387
2371,0.8043,1,0,1,665024,11420,103717,22539,0.09045114687618806,0.6637121234429754
2372,0.8048,1,1,1,665025,11419,103718,22538,0.09044322646052465,0.6637217657625821
2373,0.805,31,47,31,665072,11372,103749,22507,0.09007096692434419,0.6643348386906344
2374,0.8053,0,1,0,665073,11371,103749,22507,0.09006304650868077,0.6643544483145404
2375,0.8056,0,1,0,665074,11370,103749,22507,0.09005512609301736,0.6643740590961419
2376,0.8057,1,0,1,665074,11370,103750,22506,0.09005512609301736,0.6643641516117605
2377,0.8058,0,3,0,665077,11367,103750,22506,0.09003136484602713,0.6644229917633513
2378,0.806,5,3,5,665080,11364,103755,22501,0.09000760359903688,0.6644323047394065
2379,0.8067,14,17,14,665097,11347,103769,22487,0.08987295653275884,0.6646272979842762
2380,0.8071,2,1,2,665098,11346,103771,22485,0.08986503611709543,0.6646271171410836
2381,0.8073,0,2,0,665100,11344,103771,22485,0.0898491952857686,0.6646664104762187
2382,0.8075,10,4,10,665104,11340,103781,22475,0.08981751362311494,0.6646458672186899
2383,0.8078,1,0,1,665104,11340,103782,22474,0.08981751362311494,0.6646359496066718
2384,0.808,2,2,2,665106,11338,103784,22472,0.0898016727917881,0.6646554273883466
2385,0.8083,3,6,3,665112,11332,103787,22469,0.08975415029780763,0.6647436466376735
2386,0.809,0,1,0,665113,11331,103787,22469,0.08974622988214422,0.6647633136094675
2387,0.8092,2,1,2,665114,11330,103789,22467,0.0897383094664808,0.6647631446578098
2388,0.8093,0,3,0,665117,11327,103789,22467,0.08971454821949056,0.6648221577794875
2389,0.8098,1,1,1,665118,11326,103790,22466,0.08970662780382714,0.6648319128787878
2390,0.8099,0,1,0,665119,11325,103790,22466,0.08969870738816373,0.664851587700867
2391,0.81,2054,1547,2054,666666,9778,105844,20412,0.07744582435686224,0.676117919841007
2392,0.8102,1,1,1,666667,9777,105845,20411,0.07743790394119883,0.6761295879157281
2393,0.8103,1,3,1,666670,9774,105846,20410,0.0774141426942086,0.6761860588391201
2394,0.8107,1,0,1,666670,9774,105847,20409,0.0774141426942086,0.6761753304840473
2395,0.8108,1,1,1,666671,9773,105848,20408,0.07740622227854518,0.6761870050694145
2396,0.8114,0,1,0,666672,9772,105848,20408,0.07739830186288177,0.676209410205434
2397,0.8115,1,0,1,666672,9772,105849,20407,0.07739830186288177,0.6761986812021604
2398,0.8117,6,6,6,666678,9766,105855,20401,0.07735077936890128,0.6762687705108231
2399,0.812,1,0,1,666678,9766,105856,20400,0.07735077936890128,0.6762580388516873
2400,0.8121,0,1,0,666679,9765,105856,20400,0.07734285895323786,0.6762804574838389
2401,0.8123,1,0,1,666679,9765,105857,20399,0.07734285895323786,0.6762697255005967
2402,0.8125,12,4,12,666683,9761,105869,20387,0.0773111772905842,0.6762305957277431
2403,0.8127,0,3,0,666686,9758,105869,20387,0.07728741604359397,0.6762978935146791
2404,0.813,1,0,1,666686,9758,105870,20386,0.07728741604359397,0.6762871549893843
2405,0.8132,0,1,0,666687,9757,105870,20386,0.07727949562793056,0.6763095909498059
2406,0.8133,14,16,14,666703,9741,105884,20372,0.07715276897731593,0.67651844718228
2407,0.8135,0,1,0,666704,9740,105884,20372,0.07714484856165252,0.6765409139213603
2408,0.814,3,1,3,666705,9739,105887,20369,0.0771369281459891,0.6765311545104291
2409,0.8141,1,0,1,666705,9739,105888,20368,0.0771369281459891,0.6765204105357558
2410,0.8142,0,2,0,666707,9737,105888,20368,0.07712108731466227,0.6765653545922604
2411,0.8143,1,1,1,666708,9736,105889,20367,0.07711316689899886,0.6765770853403316
2412,0.8144,0,1,0,666709,9735,105889,20367,0.07710524648333544,0.6765995614909308
2413,0.8145,0,1,0,666710,9734,105889,20367,0.07709732606767203,0.6766220391349125
2414,0.815,34,38,34,666748,9696,105923,20333,0.0767963502724623,0.6771121249458857
2415,0.8152,1,0,1,666748,9696,105924,20332,0.0767963502724623,0.6771013720527508
2416,0.8157,2,0,2,666748,9696,105926,20330,0.0767963502724623,0.6770798641177646
2417,0.8158,0,2,0,666750,9694,105926,20330,0.07678050944113547,0.677124966693312
2418,0.816,0,3,0,666753,9691,105926,20330,0.07675674819414523,0.6771926318243896
2419,0.8165,0,1,0,666754,9690,105926,20330,0.07674882777848181,0.6772151898734177
2420,0.8167,19,16,19,666770,9674,105945,20311,0.07662210112786719,0.6773720193430048
2421,0.817,0,1,0,666771,9673,105945,20311,0.07661418071220377,0.6773946104589115
2422,0.8173,0,1,0,666772,9672,105945,20311,0.07660626029654036,0.6774172030817464
2423,0.8175,12,4,12,666776,9668,105957,20299,0.07657457863388671,0.677378449627924
2424,0.818,3,1,3,666777,9667,105960,20296,0.0765666582182233,0.6773687547975837
2425,0.8182,2,0,2,666777,9667,105962,20294,0.0765666582182233,0.6773472180501319
2426,0.8183,5,2,5,666779,9665,105967,20289,0.07655081738689647,0.6773385858316084
2427,0.8188,0,1,0,666780,9664,105967,20289,0.07654289697123305,0.6773611992120989
2428,0.8191,1,1,1,666781,9663,105968,20288,0.07653497655556964,0.6773730426363059
2429,0.8192,1,0,1,666781,9663,105969,20287,0.07653497655556964,0.6773622704507513
2430,0.82,1987,1393,1987,668174,8270,107956,18300,0.06550183753643392,0.6887467068121942
2431,0.8207,0,1,0,668175,8269,107956,18300,0.0654939171207705,0.6887726297564831
2432,0.8208,1,2,1,668177,8267,107957,18299,0.06547807628944367,0.6888127681999549
2433,0.821,1,0,1,668177,8267,107958,18298,0.06547807628944367,0.6888010540184453
2434,0.8217,2,4,2,668181,8263,107960,18296,0.06544639462679001,0.6888813584848827
2435,0.8218,1,0,1,668181,8263,107961,18295,0.06544639462679001,0.6888696437984788
2436,0.822,1,1,1,668182,8262,107962,18294,0.0654384742111266,0.6888838680524175
2437,0.8222,2,0,2,668182,8262,107964,18292,0.0654384742111266,0.6888604353393086
2438,0.8225,6,2,6,668184,8260,107970,18286,0.06542263337979977,0.6888420100956829
2439,0.823,0,1,0,668185,8259,107970,18286,0.06541471296413635,0.6888679600678094
2440,0.8233,18,14,18,668199,8245,107988,18268,0.06530382714484856,0.6890204805189907
2441,0.824,4,3,4,668202,8242,107992,18264,0.06528006589785831,0.6890515355013959
2442,0.8243,0,1,0,668203,8241,107992,18264,0.0652721454821949,0.68907753254103
2443,0.825,43,31,43,668234,8210,108035,18221,0.06502661259662908,0.6893798948204759
2444,0.8253,1,0,1,668234,8210,108036,18220,0.06502661259662908,0.6893681422625804
2445,0.8257,0,1,0,668235,8209,108036,18220,0.06501869218096566,0.6893942260395778
2446,0.8258,0,1,0,668236,8208,108036,18220,0.06501077176530225,0.6894203117905252
2447,0.826,3,1,3,668237,8207,108039,18217,0.06500285134963883,0.6894111413866182
2448,0.8262,1,0,1,668237,8207,108040,18216,0.06500285134963883,0.6893993868977785
2449,0.8264,0,2,0,668239,8205,108040,18216,0.064987010518312,0.6894515726126944
2450,0.8265,1,0,1,668239,8205,108041,18215,0.064987010518312,0.689439818319455
2451,0.8267,19,16,19,668255,8189,108060,18196,0.06486028386769738,0.6896342618912261
2452,0.8268,0,1,0,668256,8188,108060,18196,0.06485236345203396,0.6896604002425712
2453,0.8274,0,1,0,668257,8187,108060,18196,0.06484444303637055,0.6896865405753705
2454,0.8275,10,3,10,668260,8184,108070,18186,0.0648206817893803,0.6896473265073948
2455,0.828,1,2,1,668262,8182,108071,18185,0.06480484095805347,0.6896878674100201
2456,0.8282,2,0,2,668262,8182,108073,18183,0.06480484095805347,0.6896643277071876
2457,0.8283,2,2,2,668264,8180,108075,18181,0.06478900012672666,0.6896931072417587
2458,0.8287,1,0,1,668264,8180,108076,18180,0.06478900012672666,0.6896813353566009
2459,0.829,1,0,1,668264,8180,108077,18179,0.06478900012672666,0.6896695625782465
2460,0.8298,1,1,1,668265,8179,108078,18178,0.06478107971106324,0.689683954926585
2461,0.83,1915,1277,1915,669542,6902,109993,16263,0.05466670890888354,0.702050507230736
2462,0.8303,0,2,0,669544,6900,109993,16263,0.05465086807755671,0.702111125501878
2463,0.8307,1,0,1,669544,6900,109994,16262,0.05465086807755671,0.7020982643985839
2464,0.8308,1,1,1,669545,6899,109995,16261,0.054642947661893294,0.7021157167530224
2465,0.831,1,0,1,669545,6899,109996,16260,0.054642947661893294,0.7021028541819595
2466,0.8315,1,0,1,669545,6899,109997,16259,0.054642947661893294,0.7020899905000432
2467,0.8317,3,2,3,669547,6897,110000,16256,0.05462710683056647,0.7021120373169784
2468,0.832,2,0,2,669547,6897,110002,16254,0.05462710683056647,0.7020863029674744
2469,0.8323,2,1,2,669548,6896,110004,16252,0.054619186414903056,0.7020908933817176
2470,0.8325,4,2,4,669550,6894,110008,16248,0.05460334558357623,0.7021000777806585
2471,0.8327,1,0,1,669550,6894,110009,16247,0.05460334558357623,0.7020872045287585
2472,0.833,1,1,1,669551,6893,110010,16246,0.05459542516791281,0.702104671766282
2473,0.8332,3,0,3,669551,6893,110013,16243,0.05459542516791281,0.7020660442600276
2474,0.8333,9,16,9,669567,6877,110022,16234,0.054468698517298186,0.7024360694041798
2475,0.8335,0,1,0,669568,6876,110022,16234,0.05446077810163477,0.7024664647338814
2476,0.834,3,3,3,669571,6873,110025,16231,0.054437016854644533,0.7025190443213296
2477,0.8342,2,1,2,669572,6872,110027,16229,0.05442909643898112,0.7025237002727155
2478,0.835,43,23,43,669595,6849,110070,16186,0.054246926878722596,0.7026698502279141
2479,0.8352,0,1,0,669596,6848,110070,16186,0.05423900646305918,0.702700355995485
2480,0.8357,0,1,0,669597,6847,110070,16186,0.054231086047395766,0.7027308644119307
2481,0.836,6,2,6,669599,6845,110076,16180,0.05421524521606894,0.70271444082519
2482,0.8362,1,1,1,669600,6844,110077,16179,0.05420732480040553,0.7027320505581375
2483,0.8367,22,13,22,669613,6831,110099,16157,0.05410435939678114,0.702844962589177
2484,0.837,0,1,0,669614,6830,110099,16157,0.05409643898111773,0.7028755383477617
2485,0.8372,1,0,1,669614,6830,110100,16156,0.05409643898111773,0.7028626120247107
2486,0.8374,1,0,1,669614,6830,110101,16155,0.05409643898111773,0.702849684576898
2487,0.8375,2,3,2,669617,6827,110103,16153,0.05407267773412749,0.7029155787641427
2488,0.8378,0,1,0,669618,6826,110103,16153,0.05406475731846407,0.7029461682405674
2489,0.838,1,1,1,669619,6825,110104,16152,0.05405683690280066,0.702963833398616
2490,0.8383,1,1,1,669620,6824,110105,16151,0.05404891648713724,0.702981501632209
2491,0.8384,1,1,1,669621,6823,110106,16150,0.05404099607147383,0.7029991729421495
2492,0.8385,0,1,0,669622,6822,110106,16150,0.05403307565581042,0.7030297753787219
2493,0.839,2,1,2,669623,6821,110108,16148,0.054025155240147005,0.703034524794288
2494,0.8392,1,1,1,669624,6820,110109,16147,0.05401723482448359,0.7030522053380938
2495,0.8395,1,1,1,669625,6819,110110,16146,0.054009314408820175,0.703069888961463
2496,0.84,1759,1066,1759,670691,5753,111869,14387,0.04556615131162083,0.7143495531281033
2497,0.8403,1,0,1,670691,5753,111870,14386,0.04556615131162083,0.7143353691841701
2498,0.8407,1,0,1,670691,5753,111871,14385,0.04556615131162083,0.7143211838315622
2499,0.841,0,1,0,670692,5752,111871,14385,0.04555823089595742,0.7143566569002334
2500,0.8412,0,1,0,670693,5751,111871,14385,0.045550310480294,0.7143921334922527
2501,0.8415,1,0,1,670693,5751,111872,14384,0.045550310480294,0.7143779488452943
2502,0.8417,2,2,2,670695,5749,111874,14382,0.04553446964896718,0.7144205454274501
2503,0.842,1,1,1,670696,5748,111875,14381,0.045526549233303765,0.7144418500670674
2504,0.8425,7,3,7,670699,5745,111882,14374,0.04550278798631352,0.7144490282817237
2505,0.843,0,2,0,670701,5743,111882,14374,0.0454869471549867,0.7145200576626733
2506,0.8433,16,6,16,670707,5737,111898,14358,0.04543942466100621,0.714506096043792
2507,0.8437,1,0,1,670707,5737,111899,14357,0.04543942466100621,0.7144918881258087
2508,0.844,2,3,2,670710,5734,111901,14355,0.04541566341401597,0.7145701627756483
2509,0.845,37,36,37,670746,5698,111938,14318,0.045130528450133066,0.7153277378097522
2510,0.846,3,3,3,670749,5695,111941,14315,0.04510676720314282,0.715392303848076
2511,0.8462,0,1,0,670750,5694,111941,14315,0.045098846787479406,0.7154280573741816
2512,0.8467,19,10,19,670760,5684,111960,14296,0.045019642630845264,0.7155155155155155
2513,0.8468,0,1,0,670761,5683,111960,14296,0.045011722215181856,0.7155513288953401
2514,0.8471,1,1,1,670762,5682,111961,14295,0.04500380179951844,0.715572908845172
2515,0.8475,5,3,5,670765,5679,111966,14290,0.044980040552528196,0.7156091942510892
2516,0.8479,1,0,1,670765,5679,111967,14289,0.044980040552528196,0.7155949519230769
2517,0.848,1,3,1,670768,5676,111968,14288,0.04495627930553796,0.7156882388298939
2518,0.8482,0,1,0,670769,5675,111968,14288,0.04494835888987454,0.7157240895656966
2519,0.8483,2,1,2,670770,5674,111970,14286,0.04494043847421113,0.7157314629258517
2520,0.8488,1,1,1,670771,5673,111971,14285,0.04493251805854771,0.7157530814710893
2521,0.849,0,1,0,670772,5672,111971,14285,0.0449245976428843,0.7157889462344039
2522,0.8492,0,1,0,670773,5671,111971,14285,0.04491667722722088,0.7158248145921027
2523,0.8497,2,0,2,670773,5671,111973,14283,0.04491667722722088,0.7157963315625939
2524,0.8498,0,1,0,670774,5670,111973,14283,0.04490875681155747,0.7158322056833559
2525,0.85,1750,978,1750,671752,4692,113723,12533,0.037162590292738565,0.7276052249637155
2526,0.8508,0,1,0,671753,4691,113723,12533,0.03715466987707515,0.7276474686483976
2527,0.851,0,2,0,671755,4689,113723,12533,0.03713882904574832,0.7277319707351063
2528,0.8513,2,0,2,671755,4689,113725,12531,0.03713882904574832,0.7277003484320558
2529,0.8515,0,1,0,671756,4688,113725,12531,0.037130908630084905,0.7277426099076602
2530,0.8517,3,2,3,671758,4686,113728,12528,0.03711506779875808,0.7277797141861275
2531,0.8518,0,1,0,671759,4685,113728,12528,0.03710714738309467,0.7278219950037762
2532,0.852,3,3,3,671762,4682,113731,12525,0.03708338613610442,0.7279014354623119
2533,0.8523,0,1,0,671763,4681,113731,12525,0.03707546572044101,0.7279437405556202
2534,0.8525,3,2,3,671765,4679,113734,12522,0.03705962488911418,0.7279809313412011
2535,0.8527,0,1,0,671766,4678,113734,12522,0.03705170447345077,0.7280232558139534
2536,0.8533,13,14,13,671780,4664,113747,12509,0.03694081865416297,0.728410877540325
2537,0.8537,1,0,1,671780,4664,113748,12508,0.03694081865416297,0.7283950617283951
2538,0.854,2,0,2,671780,4664,113750,12506,0.03694081865416297,0.7283634245777519
2539,0.8542,0,2,0,671782,4662,113750,12506,0.036924977822836144,0.728448275862069
2540,0.8545,0,1,0,671783,4661,113750,12506,0.03691705740717273,0.7284907089182734
2541,0.8547,1,0,1,671783,4661,113751,12505,0.03691705740717273,0.7284748922288244
2542,0.855,34,22,34,671805,4639,113785,12471,0.03674280826257762,0.7288720046756283
2543,0.8552,3,0,3,671805,4639,113788,12468,0.03674280826257762,0.7288244578242825
2544,0.8555,0,1,0,671806,4638,113788,12468,0.036734887846914206,0.7288670641880042
2545,0.8557,0,1,0,671807,4637,113788,12468,0.03672696743125079,0.7289096755334697
2546,0.856,5,1,5,671808,4636,113793,12463,0.036719047015587376,0.7288730335107316
2547,0.8563,1,0,1,671808,4636,113794,12462,0.036719047015587376,0.7288571762779272
2548,0.8567,13,5,13,671813,4631,113807,12449,0.03667944493727031,0.728864168618267
2549,0.8572,0,1,0,671814,4630,113807,12449,0.036671524521606894,0.7289068446630365
2550,0.8573,0,1,0,671815,4629,113807,12449,0.03666360410594348,0.7289495257055861
2551,0.8575,8,3,8,671818,4626,113815,12441,0.03663984285895324,0.7289506064334681
2552,0.8577,1,0,1,671818,4626,113816,12440,0.03663984285895324,0.7289347240126568
2553,0.8579,0,1,0,671819,4625,113816,12440,0.036631922443289826,0.7289774392030471
2554,0.858,1,2,1,671821,4623,113817,12439,0.036616081611962996,0.7290470050404407
2555,0.8583,4,2,4,671823,4621,113821,12435,0.036600240780636166,0.7290689493433395
2556,0.8586,1,0,1,671823,4621,113822,12434,0.036600240780636166,0.7290530636177074
2557,0.8587,0,2,0,671825,4619,113822,12434,0.03658439994930934,0.7291385679939014
2558,0.8592,0,1,0,671826,4618,113822,12434,0.03657647953364593,0.7291813277034952
2559,0.86,1541,847,1541,672673,3771,115363,10893,0.029867887466734255,0.7428396072013094
2560,0.8602,0,1,0,672674,3770,115363,10893,0.02985996705107084,0.7428902680215509
2561,0.8603,1,1,1,672675,3769,115364,10892,0.029852046635407425,0.7429234022235864
2562,0.8608,0,2,0,672677,3767,115364,10892,0.0298362058040806,0.7430247629442663
2563,0.8612,0,1,0,672678,3766,115364,10892,0.029828285388417183,0.7430754536771729
2564,0.8613,0,1,0,672679,3765,115364,10892,0.02982036497275377,0.743126151327011
2565,0.862,3,0,3,672679,3765,115367,10889,0.02982036497275377,0.7430735635321414
2566,0.8621,1,2,1,672681,3763,115368,10888,0.029804524141426942,0.7431574636543581
2567,0.8625,8,5,8,672686,3758,115376,10880,0.02976492206310987,0.7432709386528215
2568,0.8626,1,0,1,672686,3758,115377,10879,0.02976492206310987,0.7432533989205439
2569,0.8633,14,11,14,672697,3747,115391,10865,0.029677797490812317,0.7435669312893513
2570,0.8635,0,1,0,672698,3746,115391,10865,0.029669877075148905,0.7436178221887619
2571,0.8636,1,0,1,672698,3746,115392,10864,0.029669877075148905,0.7436002737850788
2572,0.8638,2,0,2,672698,3746,115394,10862,0.029669877075148905,0.7435651697699891
2573,0.864,4,2,4,672700,3744,115398,10858,0.029654036243822075,0.7435967675660868
2574,0.8642,1,1,1,672701,3743,115399,10857,0.02964611582815866,0.7436301369863013
2575,0.8643,0,1,0,672702,3742,115399,10857,0.02963819541249525,0.7436810740461676
2576,0.8647,1,0,1,672702,3742,115400,10856,0.02963819541249525,0.7436635155500754
2577,0.865,33,17,33,672719,3725,115433,10823,0.02950354834621721,0.7439510585647512
2578,0.8653,0,1,0,672720,3724,115433,10823,0.029495627930553797,0.7440021997662748
2579,0.8657,1,1,1,672721,3723,115434,10822,0.029487707514890382,0.7440357511172224
2580,0.866,3,0,3,672721,3723,115437,10819,0.029487707514890382,0.7439829459496631
2581,0.8667,27,4,27,672725,3719,115464,10792,0.029456025852236726,0.7437116670112328
2582,0.867,1,0,1,672725,3719,115465,10791,0.029456025852236726,0.7436940041350792
2583,0.8673,1,1,1,672726,3718,115466,10790,0.02944810543657331,0.7437275985663082
2584,0.8675,5,4,5,672730,3714,115471,10785,0.029416423773919655,0.7438444030622802
2585,0.8677,0,1,0,672731,3713,115471,10785,0.02940850335825624,0.7438957097530694
2586,0.8678,0,3,0,672734,3710,115471,10785,0.029384742111266,0.7440496723007933
2587,0.8679,1,0,1,672734,3710,115472,10784,0.029384742111266,0.7440320132468607
2588,0.8683,4,1,4,672735,3709,115476,10780,0.029376821695602587,0.7440126992891158
2589,0.8687,0,1,0,672736,3708,115476,10780,0.029368901279939172,0.744064053009387
2590,0.8689,0,1,0,672737,3707,115476,10780,0.029360980864275757,0.7441154138192863
2591,0.869,0,1,0,672738,3706,115476,10780,0.029353060448612342,0.7441667817202816
2592,0.8692,2,0,2,672738,3706,115478,10778,0.029353060448612342,0.744131455399061
2593,0.8697,1,0,1,672738,3706,115479,10777,0.029353060448612342,0.7441137885797141
2594,0.87,1382,703,1382,673441,3003,116861,9395,0.02378500823723229,0.7577835134699145
2595,0.8708,1,0,1,673441,3003,116862,9394,0.02378500823723229,0.7577639751552795
2596,0.8715,1,0,1,673441,3003,116863,9393,0.02378500823723229,0.7577444336882866
2597,0.8717,1,3,1,673444,3000,116864,9392,0.023761246990242048,0.7579083279535184
2598,0.872,3,0,3,673444,3000,116867,9389,0.023761246990242048,0.7578497053838082
2599,0.8723,1,0,1,673444,3000,116868,9388,0.023761246990242048,0.75783015821763
2600,0.8725,4,3,4,673447,2997,116872,9384,0.023737485743251806,0.7579355464017447
2601,0.8727,0,1,0,673448,2996,116872,9384,0.02372956532758839,0.7579967689822295
2602,0.8728,1,0,1,673448,2996,116873,9383,0.02372956532758839,0.757977219484611
2603,0.873,1,0,1,673448,2996,116874,9382,0.02372956532758839,0.7579576668282436
2604,0.8733,7,5,7,673453,2991,116881,9375,0.02368996324927132,0.7581271227559437
2605,0.874,3,0,3,673453,2991,116884,9372,0.02368996324927132,0.7580684299927202
2606,0.875,31,19,31,673472,2972,116915,9341,0.023539475351666457,0.7586290912044181
2607,0.8753,1,1,1,673473,2971,116916,9340,0.023531554936003042,0.7586711071399561
2608,0.8755,1,0,1,673473,2971,116917,9339,0.023531554936003042,0.7586515028432169
2609,0.8757,0,1,0,673474,2970,116917,9339,0.023523634520339627,0.7587131367292225
2610,0.8758,1,0,1,673474,2970,116918,9338,0.023523634520339627,0.7586935326616835
2611,0.876,2,0,2,673474,2970,116920,9336,0.023523634520339627,0.7586543149683082
2612,0.8765,0,1,0,673475,2969,116920,9336,0.023515714104676212,0.7587159691182446
2613,0.8767,8,4,8,673479,2965,116928,9328,0.023484032442022556,0.7588058244529406
2614,0.8771,2,0,2,673479,2965,116930,9326,0.023484032442022556,0.7587665771702872
2615,0.8773,1,0,1,673479,2965,116931,9325,0.023484032442022556,0.758746948738812
2616,0.8774,1,0,1,673479,2965,116932,9324,0.023484032442022556,0.7587273171128651
2617,0.8775,8,8,8,673487,2957,116940,9316,0.023420669116715247,0.7590646133789619
2618,0.8776,1,0,1,673487,2957,116941,9315,0.023420669116715247,0.7590449804432855
2619,0.878,1,4,1,673491,2953,116942,9314,0.02338898745406159,0.7592728458465803
2620,0.8783,2,1,2,673492,2952,116944,9312,0.023381067038398175,0.7592954990215264
2621,0.8784,1,0,1,673492,2952,116945,9311,0.023381067038398175,0.7592758705047704
2622,0.8788,0,1,0,673493,2951,116945,9311,0.02337314662273476,0.7593377915511336
2623,0.8792,2,1,2,673494,2950,116947,9309,0.023365226207071346,0.7593604698588792
2624,0.88,1352,631,1352,674125,2319,118299,7957,0.018367443923457103,0.7743285325029194
2625,0.8803,0,1,0,674126,2318,118299,7957,0.018359523507793688,0.7744038929440389
2626,0.8807,0,1,0,674127,2317,118299,7957,0.018351603092130277,0.7744792680552852
2627,0.8817,3,1,3,674128,2316,118302,7954,0.018343682676466862,0.7744888023369036
2628,0.882,0,1,0,674129,2315,118302,7954,0.018335762260803447,0.7745642224169832
2629,0.8824,0,1,0,674130,2314,118302,7954,0.018327841845140032,0.7746396571873783
2630,0.8825,8,2,8,674132,2312,118310,7946,0.018312001013813205,0.7746149346851238
2631,0.8827,1,1,1,674133,2311,118311,7945,0.01830408059814979,0.7746684867394695
2632,0.883,1,0,1,674133,2311,118312,7944,0.01830408059814979,0.7746465138956606
2633,0.8833,12,4,12,674137,2307,118324,7932,0.018272398935496134,0.7746850278347495
2634,0.884,5,0,5,674137,2307,118329,7927,0.018272398935496134,0.7745749462575728
2635,0.8848,0,1,0,674138,2306,118329,7927,0.01826447851983272,0.7746506400859963
2636,0.885,25,15,25,674153,2291,118354,7902,0.01814567228488151,0.7752379083684882
2637,0.886,3,2,3,674155,2289,118357,7899,0.018129831453554682,0.775323910482921
2638,0.8867,12,6,12,674161,2283,118369,7887,0.0180823089595742,0.7755162241887905
2639,0.8871,1,0,1,674161,2283,118370,7886,0.0180823089595742,0.7754941488838627
2640,0.8875,5,2,5,674163,2281,118375,7881,0.01806646812824737,0.7755363117496555
2641,0.888,2,1,2,674164,2280,118377,7879,0.018058547712583955,0.7755684614627424
2642,0.8883,1,0,1,674164,2280,118378,7878,0.018058547712583955,0.7755463673951565
2643,0.8885,1,0,1,674164,2280,118379,7877,0.018058547712583955,0.7755242689770602
2644,0.8887,0,1,0,674165,2279,118379,7877,0.018050627296920543,0.775600630169358
2645,0.889,1,0,1,674165,2279,118380,7876,0.018050627296920543,0.7755785327424913
2646,0.8892,0,2,0,674167,2277,118380,7876,0.018034786465593713,0.7757313109425785
2647,0.8893,0,1,0,674168,2276,118380,7876,0.018026866049930302,0.7758077226162332
2648,0.8895,0,3,0,674171,2273,118380,7876,0.018003104802940057,0.7760370479850232
2649,0.89,1233,508,1233,674679,1765,119613,6643,0.013979533645925739,0.790080875356803
2650,0.8908,1,1,1,674680,1764,119614,6642,0.013971613230262324,0.7901498929336188
2651,0.891,0,2,0,674682,1762,119614,6642,0.013955772398935496,0.790337934316992
2652,0.8913,1,0,1,674682,1762,119615,6641,0.013955772398935496,0.7903129834582887
2653,0.8917,3,0,3,674682,1762,119618,6638,0.013955772398935496,0.7902380952380952
2654,0.8921,1,0,1,674682,1762,119619,6637,0.013955772398935496,0.7902131206095964
2655,0.8924,1,0,1,674682,1762,119620,6636,0.013955772398935496,0.7901881400333413
2656,0.8925,2,2,2,674684,1760,119622,6634,0.013939931567608668,0.7903264236359304
2657,0.8933,7,4,7,674688,1756,119629,6627,0.013908249904955011,0.790528450435405
2658,0.8935,0,2,0,674690,1754,119629,6627,0.013892409073628185,0.7907170981983057
2659,0.8938,0,1,0,674691,1753,119629,6627,0.01388448865796477,0.7908114558472553
2660,0.894,5,1,5,674692,1752,119634,6622,0.013876568242301357,0.7907809887747791
2661,0.8942,0,1,0,674693,1751,119634,6622,0.013868647826637942,0.7908754329392094
2662,0.8945,0,1,0,674694,1750,119634,6622,0.013860727410974528,0.7909698996655519
2663,0.895,37,6,37,674700,1744,119671,6585,0.013813204916994044,0.7906111177812463
2664,0.8955,0,1,0,674701,1743,119671,6585,0.013805284501330629,0.7907060518731989
2665,0.8958,2,0,2,674701,1743,119673,6583,0.013805284501330629,0.7906557770838337
2666,0.8967,10,5,10,674706,1738,119683,6573,0.01376568242301356,0.7908795572133317
2667,0.8971,1,0,1,674706,1738,119684,6572,0.01376568242301356,0.7908543922984356
2668,0.8973,1,0,1,674706,1738,119685,6571,0.01376568242301356,0.7908292213262728
2669,0.8975,2,2,2,674708,1736,119687,6569,0.013749841591686731,0.7909692956050572
2670,0.898,1,0,1,674708,1736,119688,6568,0.013749841591686731,0.7909441233140655
2671,0.8983,2,0,2,674708,1736,119690,6566,0.013749841591686731,0.790893760539629
2672,0.899,1,0,1,674708,1736,119691,6565,0.013749841591686731,0.790868570051801
2673,0.9,1127,376,1127,675084,1360,120818,5438,0.010771765302243061,0.7999411591644602
2674,0.901,1,1,1,675085,1359,120819,5437,0.010763844886579648,0.800029429075927
2675,0.9017,1,0,1,675085,1359,120820,5436,0.010763844886579648,0.8
2676,0.902,4,1,4,675086,1358,120824,5432,0.010755924470916233,0.8
2677,0.9023,1,1,1,675087,1357,120825,5431,0.01074800405525282,0.8000883912787272
2678,0.9025,2,0,2,675087,1357,120827,5429,0.01074800405525282,0.8000294724432655
2679,0.903,1,0,1,675087,1357,120828,5428,0.01074800405525282,0.8
2680,0.9033,6,4,6,675091,1353,120834,5422,0.010716322392599164,0.8002952029520295
2681,0.904,2,0,2,675091,1353,120836,5420,0.010716322392599164,0.8002362320980363
2682,0.905,26,5,26,675096,1348,120862,5394,0.010676720314282094,0.8000593295757935
2683,0.9057,0,1,0,675097,1347,120862,5394,0.010668799898618679,0.8001780151312862
2684,0.9067,10,6,10,675103,1341,120872,5384,0.010621277404638195,0.8005947955390335
2685,0.9072,1,0,1,675103,1341,120873,5383,0.010621277404638195,0.8005651397977395
2686,0.9075,6,0,6,675103,1341,120879,5377,0.010621277404638195,0.8003870199464126
2687,0.908,2,1,2,675104,1340,120881,5375,0.010613356988974781,0.8004467609828742
2688,0.9082,0,1,0,675105,1339,120881,5375,0.010605436573311368,0.800565981531129
2689,0.9083,1,4,1,675109,1335,120882,5374,0.010573754910657712,0.8010135638694291
2690,0.9093,1,0,1,675109,1335,120883,5373,0.010573754910657712,0.8009838998211091
2691,0.9098,0,1,0,675110,1334,120883,5373,0.010565834494994297,0.8011033248844491
2692,0.91,965,298,965,675408,1036,121848,4408,0.00820555062729692,0.8096987509184423
2693,0.9105,0,1,0,675409,1035,121848,4408,0.008197630211633507,0.8098475105640272
2694,0.9112,0,1,0,675410,1034,121848,4408,0.008189709795970092,0.8099963248805586
2695,0.9117,1,0,1,675410,1034,121849,4407,0.008189709795970092,0.8099614041536483
2696,0.912,1,2,1,675412,1032,121850,4406,0.008173868964643264,0.8102243471864656
2697,0.9123,0,1,0,675413,1031,121850,4406,0.00816594854897985,0.8103733676659923
2698,0.9125,4,2,4,675415,1029,121854,4402,0.008150107717653022,0.8105321303627324
2699,0.9133,7,3,7,675418,1026,121861,4395,0.008126346470662781,0.8107360265633647
2700,0.914,1,0,1,675418,1026,121862,4394,0.008126346470662781,0.8107011070110701
2701,0.9145,1,0,1,675418,1026,121863,4393,0.008126346470662781,0.810666174570954
2702,0.915,15,10,15,675428,1016,121878,4378,0.00804714231402864,0.8116425658138673
2703,0.9157,2,0,2,675428,1016,121880,4376,0.00804714231402864,0.8115727002967359
2704,0.916,1,1,1,675429,1015,121881,4375,0.008039221898365227,0.8116883116883117
2705,0.9163,1,0,1,675429,1015,121882,4374,0.008039221898365227,0.8116533679717944
2706,0.9167,12,4,12,675433,1011,121894,4362,0.00800754023571157,0.8118369625907315
2707,0.9175,2,2,2,675435,1009,121896,4360,0.007991699404384742,0.8120692866455579
2708,0.918,1,0,1,675435,1009,121897,4359,0.007991699404384742,0.8120342771982116
2709,0.9183,2,1,2,675436,1008,121899,4357,0.007983778988721327,0.8121155638397017
2710,0.9187,1,0,1,675436,1008,121900,4356,0.007983778988721327,0.8120805369127517
2711,0.9195,1,2,1,675438,1006,121901,4355,0.0079679381573945,0.8123484424547659
2712,0.9198,0,1,0,675439,1005,121901,4355,0.007960017741731086,0.8125
2713,0.92,862,290,862,675729,715,122763,3493,0.005663097199341022,0.8300855513307985
2714,0.9208,2,0,2,675729,715,122765,3491,0.005663097199341022,0.8300047551117451
2715,0.9217,4,3,4,675732,712,122769,3487,0.0056393359523507795,0.8304358180519171
2716,0.922,0,1,0,675733,711,122769,3487,0.005631415536687365,0.8306336350643163
2717,0.9225,2,1,2,675734,710,122771,3485,0.005623495121023951,0.8307508939213349
2718,0.9227,0,1,0,675735,709,122771,3485,0.005615574705360537,0.8309489747257988
2719,0.923,0,1,0,675736,708,122771,3485,0.005607654289697123,0.8311471500119246
2720,0.9233,9,2,9,675738,706,122780,3476,0.005591813458370295,0.8311812529890005
2721,0.9237,0,1,0,675739,705,122780,3476,0.005583893042706881,0.8313800526189906
2722,0.924,1,0,1,675739,705,122781,3475,0.005583893042706881,0.8313397129186603
2723,0.9242,1,0,1,675739,705,122782,3474,0.005583893042706881,0.8312993539124193
2724,0.9243,2,0,2,675739,705,122784,3472,0.005583893042706881,0.8312185779267417
2725,0.9247,1,0,1,675739,705,122785,3471,0.005583893042706881,0.8311781609195402
2726,0.925,23,9,23,675748,696,122808,3448,0.005512609301736155,0.832046332046332
2727,0.9255,1,0,1,675748,696,122809,3447,0.005512609301736155,0.832005792903693
2728,0.926,0,1,0,675749,695,122809,3447,0.005504688886072741,0.8322066634476099
2729,0.9263,1,0,1,675749,695,122810,3446,0.005504688886072741,0.8321661434436126
2730,0.9267,6,2,6,675751,693,122816,3440,0.005488848054745913,0.8323251875151222
2731,0.9275,2,3,2,675754,690,122818,3438,0.005465086807755671,0.8328488372093024
2732,0.9277,1,0,1,675754,690,122819,3437,0.005465086807755671,0.8328083353525564
2733,0.9283,1,0,1,675754,690,122820,3436,0.005465086807755671,0.8327678138633059
2734,0.9287,1,0,1,675754,690,122821,3435,0.005465086807755671,0.8327272727272728
2735,0.9292,1,0,1,675754,690,122822,3434,0.005465086807755671,0.8326867119301649
2736,0.93,718,223,718,675977,467,123540,2716,0.0036988341148143453,0.8532830662896639
2737,0.9315,1,1,1,675978,466,123541,2715,0.0036909136991509313,0.8535051870480981
2738,0.9317,1,0,1,675978,466,123542,2714,0.0036909136991509313,0.8534591194968554
2739,0.9325,2,0,2,675978,466,123544,2712,0.0036909136991509313,0.8533668974197609
2740,0.9333,11,0,11,675978,466,123555,2701,0.0036909136991509313,0.8528575939374803
2741,0.9338,0,1,0,675979,465,123555,2701,0.0036829932834875176,0.8531269740998105
2742,0.9342,1,1,1,675980,464,123556,2700,0.0036750728678241035,0.8533501896333755
2743,0.935,14,2,14,675982,462,123570,2686,0.0036592320364972754,0.8532401524777636
2744,0.9367,3,2,3,675984,460,123573,2683,0.003643391205170447,0.8536430162265352
2745,0.9373,1,0,1,675984,460,123574,2682,0.003643391205170447,0.8535964353914705
2746,0.9375,3,0,3,675984,460,123577,2679,0.003643391205170447,0.8534565148136349
2747,0.938,1,0,1,675984,460,123578,2678,0.003643391205170447,0.8534098151688974
2748,0.94,650,146,650,676130,314,124228,2028,0.002487010518312001,0.8659265584970111
2749,0.9401,1,0,1,676130,314,124229,2027,0.002487010518312001,0.8658692866296455
2750,0.9417,1,0,1,676130,314,124230,2026,0.002487010518312001,0.8658119658119658
2751,0.9418,1,0,1,676130,314,124231,2025,0.002487010518312001,0.8657545959811885
2752,0.942,1,2,1,676132,312,124232,2024,0.002471169686985173,0.8664383561643836
2753,0.9425,3,2,3,676134,310,124235,2021,0.002455328855658345,0.867009867009867
2754,0.9432,0,1,0,676135,309,124235,2021,0.002447408439994931,0.867381974248927
2755,0.9433,7,0,7,676135,309,124242,2014,0.002447408439994931,0.8669823504089539
2756,0.9435,0,1,0,676136,308,124242,2014,0.002439488024331517,0.8673557278208441
2757,0.944,1,0,1,676136,308,124243,2013,0.002439488024331517,0.8672985781990521
2758,0.9442,1,0,1,676136,308,124244,2012,0.002439488024331517,0.8672413793103448
2759,0.945,10,4,10,676140,304,124254,2002,0.002407806361677861,0.8681699913269731
2760,0.9457,0,1,0,676141,303,124254,2002,0.002399885946014447,0.8685466377440347
2761,0.946,2,0,2,676141,303,124256,2000,0.002399885946014447,0.8684324793747286
2762,0.9463,1,0,1,676141,303,124257,1999,0.002399885946014447,0.868375325803649
2763,0.9467,4,1,4,676142,302,124261,1995,0.002391965530351033,0.8685241619503701
2764,0.9475,1,0,1,676142,302,124262,1994,0.002391965530351033,0.8684668989547039
2765,0.9483,1,1,1,676143,301,124263,1993,0.0023840451146876188,0.8687881429816914
2766,0.9491,0,1,0,676144,300,124263,1993,0.0023761246990242047,0.869167030091583
2767,0.95,556,119,556,676263,181,124819,1437,0.001433595235077937,0.8881334981458591
2768,0.9517,1,0,1,676263,181,124820,1436,0.001433595235077937,0.8880643166357453
2769,0.9525,3,0,3,676263,181,124823,1433,0.001433595235077937,0.8878562577447335
2770,0.9529,0,1,0,676264,180,124823,1433,0.0014256748194145228,0.8884066955982641
2771,0.9533,6,0,6,676264,180,124829,1427,0.0014256748194145228,0.8879900435594275
2772,0.9547,1,0,1,676264,180,124830,1426,0.0014256748194145228,0.887920298879203
2773,0.955,10,0,10,676264,180,124840,1416,0.0014256748194145228,0.8872180451127819
2774,0.956,1,0,1,676264,180,124841,1415,0.0014256748194145228,0.8871473354231975
2775,0.9567,1,0,1,676264,180,124842,1414,0.0014256748194145228,0.8870765370138017
2776,0.9575,1,0,1,676264,180,124843,1413,0.0014256748194145228,0.8870056497175142
2777,0.958,3,0,3,676264,180,124846,1410,0.0014256748194145228,0.8867924528301887
2778,0.9586,1,0,1,676264,180,124847,1409,0.0014256748194145228,0.8867212083071114
2779,0.96,415,62,415,676326,118,125262,994,0.0009346090482828539,0.8938848920863309
2780,0.9607,1,0,1,676326,118,125263,993,0.0009346090482828539,0.8937893789378938
2781,0.9633,2,1,2,676327,117,125265,991,0.0009266886326194399,0.894404332129964
2782,0.965,6,0,6,676327,117,125271,985,0.0009266886326194399,0.8938294010889292
2783,0.9661,0,1,0,676328,116,125271,985,0.0009187682169560259,0.8946412352406903
2784,0.9667,1,0,1,676328,116,125272,984,0.0009187682169560259,0.8945454545454545
2785,0.9675,2,0,2,676328,116,125274,982,0.0009187682169560259,0.8943533697632058
2786,0.968,1,0,1,676328,116,125275,981,0.0009187682169560259,0.894257064721969
2787,0.9683,1,0,1,676328,116,125276,980,0.0009187682169560259,0.8941605839416058
2788,0.97,350,52,350,676380,64,125626,630,0.000506906602458497,0.9077809798270894
2789,0.9708,0,1,0,676381,63,125626,630,0.000498986186795083,0.9090909090909091
2790,0.9733,2,0,2,676381,63,125628,628,0.000498986186795083,0.9088277858176556
2791,0.975,3,1,3,676382,62,125631,625,0.000491065771131669,0.9097525473071325
2792,0.976,1,0,1,676382,62,125632,624,0.000491065771131669,0.9096209912536443
2793,0.9767,1,0,1,676382,62,125633,623,0.000491065771131669,0.9094890510948905
2794,0.9775,1,1,1,676383,61,125634,622,0.00048314535546825497,0.9106881405563689
2795,0.978,1,0,1,676383,61,125635,621,0.00048314535546825497,0.9105571847507331
2796,0.98,279,30,279,676413,31,125914,342,0.0002455328855658345,0.9168900804289544
2797,0.9813,1,0,1,676413,31,125915,341,0.0002455328855658345,0.9166666666666666
2798,0.9817,1,0,1,676413,31,125916,340,0.0002455328855658345,0.9164420485175202
2799,0.9825,1,0,1,676413,31,125917,339,0.0002455328855658345,0.9162162162162162
2800,0.985,1,1,1,676414,30,125918,338,0.00023761246990242047,0.9184782608695652
2801,0.986,1,0,1,676414,30,125919,337,0.00023761246990242047,0.9182561307901907
2802,0.9867,1,0,1,676414,30,125920,336,0.00023761246990242047,0.9180327868852459
2803,0.99,205,17,205,676431,13,126125,131,0.00010296540362438221,0.9097222222222222
2804,0.995,1,0,1,676431,13,126126,130,0.00010296540362438221,0.9090909090909091
2805,0.9967,1,0,1,676431,13,126127,129,0.00010296540362438221,0.9084507042253521
2806,1.0,129,13,129,676444,0,126256,0,0.0,
