,y_proba,y_test,Neg,Pos,TN,FP,FN,TP,FP/P,Prec
0,0.0003,0,5,0,5,676439,0,126256,5.357678050944114,0.1572901288783411
1,0.0004,0,6,0,11,676433,0,126256,5.357630528450133,0.15729130460240517
2,0.0005,0,9,0,20,676424,0,126256,5.3575592447091624,0.1572930682214581
3,0.0006,0,18,0,38,676406,0,126256,5.357416677227221,0.1572965955782135
4,0.0007,0,23,0,61,676383,0,126256,5.357234507666963,0.1573011029865232
5,0.0008,1,28,1,89,676355,1,126255,5.357012736028387,0.15730554067355254
6,0.0009,0,32,0,121,676323,1,126255,5.3567592827271575,0.157311812683627
7,0.001,0,33,0,154,676290,1,126255,5.3564979090102645,0.15731828121787564
8,0.0011,0,38,0,192,676252,1,126255,5.356196933215055,0.15732573049207046
9,0.0012,0,50,0,242,676202,1,126255,5.355800912431884,0.1573355332435258
10,0.0013,0,54,0,296,676148,1,126255,5.35537320998606,0.1573461215872822
11,0.0014,0,56,0,352,676092,1,126255,5.354929666708909,0.15735710359732136
12,0.0015,0,60,0,412,676032,1,126255,5.3544544417691045,0.15736887173791922
13,0.0016,0,56,0,468,675976,1,126255,5.3540108984919526,0.1573798569240032
14,0.0017,0,65,0,533,675911,1,126255,5.353496071473831,0.15739260950975234
15,0.0018,0,67,0,600,675844,1,126255,5.352965403624382,0.15740575664600007
16,0.0019,0,65,0,665,675779,1,126255,5.352450576606261,0.15741851342960522
17,0.002,0,67,0,732,675712,1,126255,5.351919908756812,0.15743166489394203
18,0.0021,0,75,0,807,675637,1,126255,5.351325877582055,0.15744638928933075
19,0.0022,0,94,0,901,675543,1,126255,5.350581358509695,0.15746484775467137
20,0.0023,0,86,0,987,675457,1,126255,5.349900202762641,0.1574817390783723
21,0.0024,0,95,0,1082,675362,1,126255,5.349147763274616,0.15750040231182721
22,0.0025,0,76,0,1158,675286,1,126255,5.348545811684197,0.15751533608386845
23,0.0026,0,87,0,1245,675199,1,126255,5.34785673552148,0.15753243479975146
24,0.0027,0,104,0,1349,675095,1,126255,5.347033012292485,0.15755287951581706
25,0.0028,0,99,0,1448,674996,1,126255,5.346248891141807,0.15757234624356162
26,0.0029,0,105,0,1553,674891,1,126255,5.345417247497148,0.15759299803032156
27,0.003,0,101,0,1654,674790,1,126255,5.3446172855151435,0.1576128681909256
28,0.0031,1,114,1,1768,674676,2,126254,5.343714358129515,0.1576342501841609
29,0.0032,0,133,0,1901,674543,2,126254,5.342660942846281,0.15766043079581968
30,0.0033,3,104,3,2005,674439,5,126251,5.341837219617285,0.1576777529380909
31,0.0034,1,113,1,2118,674326,6,126250,5.340942212647319,0.15769895675113918
32,0.0035,3,109,3,2227,674217,9,126247,5.340078887340008,0.15771727398109098
33,0.0036,0,130,0,2357,674087,9,126247,5.339049233303764,0.15774289234244704
34,0.0037,2,142,2,2499,673945,11,126245,5.337924534279559,0.15776877991477023
35,0.0038,1,137,1,2636,673808,12,126244,5.336839437333671,0.15779474334168278
36,0.0039,0,132,0,2768,673676,12,126244,5.3357939424661005,0.15782078207820782
37,0.004,0,132,0,2900,673544,12,126244,5.33474844759853,0.15784682940979358
38,0.0041,0,173,0,3073,673371,12,126244,5.333378215688759,0.15788098022173172
39,0.0042,2,148,2,3221,673223,14,126242,5.332205994170574,0.15790810104257222
40,0.0043,0,155,0,3376,673068,14,126242,5.330978329742745,0.1579387221478525
41,0.0044,3,168,3,3544,672900,17,126239,5.329647699911291,0.15796876388212813
42,0.0045,2,152,2,3696,672748,19,126237,5.328443796730452,0.15799670832368568
43,0.0046,1,161,1,3857,672587,20,126236,5.327168609808643,0.1580274979563683
44,0.0047,1,163,1,4020,672424,21,126235,5.325877582055506,0.1580586958889839
45,0.0048,0,173,0,4193,672251,21,126235,5.324507350145736,0.15809294089063552
46,0.0049,1,185,1,4378,672066,22,126234,5.323042073248004,0.15812852311161218
47,0.005,3,195,3,4573,671871,25,126231,5.321497592193638,0.15816399407594517
48,0.0051,0,189,0,4762,671682,25,126231,5.320000633633253,0.1582014580536976
49,0.0052,1,191,1,4953,671491,26,126230,5.318487834241541,0.1582382813038644
50,0.0053,2,204,2,5157,671287,28,126228,5.316872069446204,0.15827664683422882
51,0.0054,0,212,0,5369,671075,28,126228,5.315192941325561,0.15831873202534044
52,0.0055,2,210,2,5579,670865,30,126226,5.313529654036244,0.158358330479205
53,0.0056,1,211,1,5790,670654,31,126225,5.3118584463312635,0.15839920489810874
54,0.0057,0,215,0,6005,670439,31,126225,5.31015555696363,0.15844195294377555
55,0.0058,3,180,3,6185,670259,34,126222,5.308729882144215,0.15847459010321652
56,0.0059,2,224,2,6409,670035,36,126220,5.30695570903561,0.15851705797765792
57,0.006,1,231,1,6640,669804,37,126219,5.305126093017361,0.15856200134920725
58,0.0061,2,211,2,6851,669593,39,126217,5.303454885312381,0.15860192759578293
59,0.0062,0,220,0,7071,669373,39,126217,5.30171239386643,0.15864578488920172
60,0.0063,2,226,2,7297,669147,41,126215,5.299922379926499,0.15868874801662639
61,0.0064,1,253,1,7550,668894,42,126214,5.297918514763655,0.15873818399513023
62,0.0065,2,233,2,7783,668661,44,126212,5.29607305791408,0.15878259797477082
63,0.0066,5,238,5,8021,668423,49,126207,5.294187998986187,0.1588248618854058
64,0.0067,3,250,3,8271,668173,52,126204,5.292207895070334,0.15887166924520726
65,0.0068,4,274,4,8545,667899,56,126200,5.290037701178558,0.1589222502483947
66,0.0069,1,258,1,8803,667641,57,126199,5.287994233937397,0.15897284087473545
67,0.007,1,242,1,9045,667399,58,126198,5.286077493346851,0.15902025839311387
68,0.0071,0,244,0,9289,667155,58,126198,5.284144911924978,0.15906916593244116
69,0.0072,3,250,3,9539,666905,61,126195,5.282164808009124,0.15911612659185476
70,0.0073,2,246,2,9785,666659,63,126193,5.280216385755924,0.15916337475342182
71,0.0074,4,303,4,10088,666356,67,126189,5.27781649980991,0.15921998119980568
72,0.0075,2,268,2,10356,666088,69,126187,5.275693828412115,0.15927171752232494
73,0.0076,2,268,2,10624,665820,71,126185,5.27357115701432,0.15932348911938687
74,0.0077,4,261,4,10885,665559,75,126181,5.271503928526169,0.15937176345770077
75,0.0078,5,291,5,11176,665268,80,126176,5.269199087568116,0.15942505091958495
76,0.0079,2,280,2,11456,664988,82,126174,5.26698137118236,0.15947934809811393
77,0.008,2,268,2,11724,664720,84,126172,5.264858699784565,0.15953126343419835
78,0.0081,1,282,1,12006,664438,85,126171,5.262625142567482,0.15958710310659252
79,0.0082,5,279,5,12285,664159,90,126166,5.260415346597389,0.15963812355676463
80,0.0083,2,280,2,12565,663879,92,126164,5.258197630211633,0.15969257369535583
81,0.0084,5,271,5,12836,663608,97,126159,5.2560511975668485,0.15974205050350293
82,0.0085,3,300,3,13136,663308,100,126156,5.253675072867824,0.15979956020793856
83,0.0086,3,290,3,13426,663018,103,126153,5.251378152325434,0.15985508844090823
84,0.0087,2,286,2,13712,662732,105,126151,5.249112913445698,0.15991091201103333
85,0.0088,2,297,2,14009,662435,107,126149,5.246760549993664,0.1599690077404563
86,0.0089,5,291,5,14300,662144,112,126144,5.24445570903561,0.16002273280831372
87,0.009,4,331,4,14631,661813,116,126140,5.24183405145102,0.16008569039016288
88,0.0091,5,296,5,14927,661517,121,126135,5.239489608414649,0.16014051890936606
89,0.0092,2,307,2,15234,661210,123,126133,5.237058040805982,0.1602008273395458
90,0.0093,2,272,2,15506,660938,125,126131,5.234903687745533,0.16025405650584637
91,0.0094,4,329,4,15835,660609,129,126127,5.232297870992269,0.16031680258689066
92,0.0095,5,278,5,16113,660331,134,126122,5.230095995437841,0.16036813388721258
93,0.0096,3,327,3,16440,660004,137,126119,5.227506019515904,0.1604316372883124
94,0.0097,5,307,5,16747,659697,142,126114,5.225074451907236,0.16048897253919836
95,0.0098,3,312,3,17059,659385,145,126111,5.222603282220251,0.16054951266460937
96,0.0099,6,308,6,17367,659077,151,126105,5.220163794195919,0.16060607604351604
97,0.01,6,324,6,17691,658753,157,126099,5.217597579520973,0.16066595995168517
98,0.0101,8,326,8,18017,658427,165,126091,5.2150155240147,0.16072416439138426
99,0.0102,7,336,7,18353,658091,172,126084,5.212354264351793,0.1607855389422004
100,0.0103,1,346,1,18699,657745,173,126083,5.209613800532252,0.160855442775711
101,0.0104,0,327,0,19026,657418,173,126083,5.2070238246103155,0.16092257699734908
102,0.0105,5,321,5,19347,657097,178,126078,5.20448137118236,0.16098317745076132
103,0.0106,4,341,4,19688,656756,182,126074,5.201780509441136,0.16104901447312955
104,0.0107,3,348,3,20036,656408,185,126071,5.199024204790267,0.1611174229595938
105,0.0108,6,346,6,20382,656062,191,126065,5.196283740970726,0.1611822632385789
106,0.0109,4,403,4,20785,655659,195,126061,5.19309181345837,0.1612610653430896
107,0.011,3,378,3,21163,655281,198,126058,5.190097896337599,0.16133586061875832
108,0.0111,5,368,5,21531,654913,203,126053,5.187183183373463,0.16140651449614965
109,0.0112,3,325,3,21856,654588,206,126050,5.184609048282854,0.16147048952267248
110,0.0113,4,356,4,22212,654232,210,126046,5.181789380306679,0.16153986143400173
111,0.0114,3,330,3,22542,653902,213,126043,5.179175643137752,0.1616049849668887
112,0.0115,5,340,5,22882,653562,218,126038,5.1764827018121915,0.16167008722421755
113,0.0116,6,359,6,23241,653203,224,126032,5.173639272589026,0.1617381149460689
114,0.0117,3,347,3,23588,652856,227,126029,5.170890888353821,0.16180694197474596
115,0.0118,5,376,5,23964,652480,232,126024,5.167912812064377,0.16187970774716637
116,0.0119,7,352,7,24316,652128,239,126017,5.165124825750856,0.16194539578099199
117,0.012,5,335,5,24651,651793,244,126012,5.162471486503612,0.16200975822989053
118,0.0121,5,383,5,25034,651410,249,126007,5.159437967304524,0.1620841839064492
119,0.0122,6,377,6,25411,651033,255,126001,5.156451970599417,0.16215635351863625
120,0.0123,4,362,4,25773,650671,259,125997,5.153584780129261,0.16222761849335882
121,0.0124,12,353,12,26126,650318,271,125985,5.150788873400076,0.1622884363450869
122,0.0125,6,400,6,26526,649918,277,125979,5.147620707134711,0.1623656232721611
123,0.0126,6,360,6,26886,649558,283,125973,5.144769357495881,0.1624345126113592
124,0.0127,5,351,5,27237,649207,288,125968,5.141989291598023,0.1625026606895217
125,0.0128,4,370,4,27607,648837,292,125964,5.13905873780256,0.1625759388539767
126,0.0129,12,370,12,27977,648467,304,125952,5.136128184007097,0.16264063769096573
127,0.013,5,390,5,28367,648077,309,125947,5.133039221898366,0.1627171767283702
128,0.0131,4,378,4,28745,647699,313,125943,5.130045304777595,0.16279235098404687
129,0.0132,6,387,6,29132,647312,319,125937,5.126980103915853,0.1628673299286517
130,0.0133,3,385,3,29517,646927,322,125934,5.123930743885439,0.16294521265790354
131,0.0134,4,426,4,29943,646501,326,125930,5.120556646812824,0.1630307431990689
132,0.0135,5,419,5,30362,646082,331,125925,5.117237992649854,0.1631138059628993
133,0.0136,9,385,9,30747,645697,340,125916,5.11418863261944,0.16318543103861652
134,0.0137,11,390,11,31137,645307,351,125905,5.111099670510709,0.1632560178005529
135,0.0138,11,399,11,31536,644908,362,125894,5.107939424661006,0.1633285850322132
136,0.0139,3,410,3,31946,644498,365,125891,5.104692054239006,0.16341225017491162
137,0.014,6,411,6,32357,644087,371,125885,5.1014367634013436,0.16349295818549245
138,0.0141,5,422,5,32779,643665,376,125880,5.098094347991383,0.16357717872249186
139,0.0142,4,372,4,33151,643293,380,125876,5.0951479533645925,0.16365194125088245
140,0.0143,5,397,5,33548,642896,385,125871,5.092003548346217,0.16373101342799573
141,0.0144,7,416,7,33964,642480,392,125864,5.088708655430237,0.16381204252262008
142,0.0145,6,394,6,34358,642086,398,125858,5.085588011658852,0.1638895544466784
143,0.0146,10,414,10,34772,641672,408,125848,5.082308959574198,0.16396706274755055
144,0.0147,4,426,4,35198,641246,412,125844,5.078934862501584,0.1640537616185845
145,0.0148,6,406,6,35604,640840,418,125838,5.075719173742238,0.16413409540902438
146,0.0149,8,420,8,36024,640420,426,125830,5.072392599163604,0.1642153344208809
147,0.015,5,384,5,36408,640036,431,125825,5.069351159548853,0.164292214905838
148,0.0151,4,428,4,36836,639608,435,125821,5.065961221644912,0.16437971385980935
149,0.0152,7,392,7,37228,639216,442,125814,5.062856418704854,0.164456295831536
150,0.0153,7,424,7,37652,638792,449,125807,5.059498162463566,0.16453984376123956
151,0.0154,9,427,9,38079,638365,458,125798,5.056116144975288,0.16462194584139772
152,0.0155,7,371,7,38450,637994,465,125791,5.053177670764161,0.16469425296385762
153,0.0156,5,414,5,38864,637580,470,125786,5.049898618679508,0.16477810119916267
154,0.0157,10,433,10,39297,637147,480,125776,5.04646907869725,0.16486067401297377
155,0.0158,7,455,7,39752,636692,487,125769,5.042865289570397,0.16495138767753367
156,0.0159,7,406,7,40158,636286,494,125762,5.0396496008110505,0.16503159905937684
157,0.016,7,404,7,40562,635882,501,125755,5.036449752883032,0.16511146386008033
158,0.0161,11,417,11,40979,635465,512,125744,5.033146939551387,0.16518984930551267
159,0.0162,7,436,7,41415,635029,519,125737,5.029693638322139,0.16527683939608237
160,0.0163,12,449,12,41864,634580,531,125725,5.026137371689266,0.1653612694905334
161,0.0164,8,430,8,42294,634150,539,125717,5.022731592953998,0.16544605832336448
162,0.0165,6,417,6,42711,633733,545,125711,5.019428779622355,0.16553030901554294
163,0.0166,15,416,15,43127,633317,560,125696,5.016133886706374,0.1656045416876918
164,0.0167,6,423,6,43550,632894,566,125690,5.012783550880751,0.16569028611201925
165,0.0168,9,409,9,43959,632485,575,125681,5.009544100874414,0.16576976546033453
166,0.0169,8,411,8,44370,632074,583,125673,5.006288810036751,0.16585087106910354
167,0.017,14,460,14,44830,631614,597,125659,5.00264541883158,0.16593619474086624
168,0.0171,10,450,10,45280,631164,607,125649,4.999081231783044,0.1660238394425043
169,0.0172,4,421,4,45701,630743,611,125645,4.995746736788747,0.16611183678218058
170,0.0173,6,424,6,46125,630319,617,125639,4.992388480547459,0.16619838668285805
171,0.0174,12,457,12,46582,629862,629,125627,4.988768850589279,0.16628567722362603
172,0.0175,5,416,5,46998,629446,634,125622,4.985473957673299,0.16637177048954532
173,0.0176,11,443,11,47441,629003,645,125611,4.981965213534406,0.16645728809696084
174,0.0177,8,410,8,47851,628593,653,125603,4.978717843112406,0.16653893682809243
175,0.0178,8,416,8,48267,628177,661,125595,4.975422950196426,0.16662200240921657
176,0.0179,9,424,9,48691,627753,670,125586,4.972064693955139,0.16670582566414324
177,0.018,11,440,11,49131,627313,681,125575,4.968579711063237,0.16679107649477745
178,0.0181,7,442,7,49573,626871,688,125568,4.965078887340008,0.1668813020058769
179,0.0182,8,413,8,49986,626458,696,125560,4.961807755671018,0.16696408862553822
180,0.0183,11,484,11,50470,625974,707,125549,4.957974274489925,0.16705942466165374
181,0.0184,5,451,5,50921,625523,712,125544,4.954402167025726,0.1671541952981558
182,0.0185,6,429,6,51350,625094,718,125538,4.951004308706121,0.167243069839815
183,0.0186,10,428,10,51778,624666,728,125528,4.94761437080218,0.16732738464983724
184,0.0187,8,436,8,52214,624230,736,125520,4.944161069572931,0.1674158052684228
185,0.0188,11,404,11,52618,623826,747,125509,4.940961221644912,0.1674938445421607
186,0.0189,15,487,15,53105,623339,762,125494,4.937103979216829,0.16758609730073326
187,0.019,4,431,4,53536,622908,766,125490,4.933690280065898,0.1676781605509368
188,0.0191,7,405,7,53941,622503,773,125483,4.930482511722215,0.1677611613051581
189,0.0192,12,466,12,54407,622037,785,125471,4.9267915980230645,0.16785238418853043
190,0.0193,9,456,9,54863,621581,794,125462,4.923179888480547,0.16794481709888187
191,0.0194,4,464,4,55327,621117,798,125458,4.919504815612723,0.16804473763520075
192,0.0195,13,433,13,55760,620684,811,125445,4.916075275630465,0.16812776342964822
193,0.0196,8,475,8,56235,620209,819,125437,4.912313078190343,0.16822594099612953
194,0.0197,7,432,7,56667,619777,826,125430,4.908891458623748,0.16831564920887754
195,0.0198,9,498,9,57165,619279,835,125421,4.904947091623368,0.16841815496172954
196,0.0199,14,436,14,57601,618843,849,125407,4.90149379039412,0.16850117568021497
197,0.02,7,482,7,58083,618361,856,125400,4.897676150044354,0.16860254839928418
198,0.0201,14,454,14,58537,617907,870,125386,4.8940802813331645,0.168689870616298
199,0.0202,10,423,10,58960,617484,880,125376,4.89072994550754,0.16877473548178662
200,0.0203,7,469,7,59429,617015,887,125369,4.887015270561399,0.16887352098105562
201,0.0204,5,418,5,59847,616597,892,125364,4.883704536814092,0.16896305870524192
202,0.0205,10,428,10,60275,616169,902,125354,4.880314598910151,0.16904937540710133
203,0.0206,7,435,7,60710,615734,909,125347,4.876869218096566,0.1691407551941016
204,0.0207,6,456,6,61166,615278,915,125341,4.873257508554049,0.16923816429230143
205,0.0208,11,454,11,61620,614824,926,125330,4.869661639842859,0.16932962599675203
206,0.0209,5,471,5,62091,614353,931,125325,4.865931124065391,0.1694318338520275
207,0.021,14,457,14,62548,613896,945,125311,4.86231149410721,0.16952085139886391
208,0.0211,15,417,15,62965,613479,960,125296,4.859008680775567,0.1695996751378972
209,0.0212,7,463,7,63428,613016,967,125289,4.8553415283234065,0.16969815997453627
210,0.0213,14,452,14,63880,612564,981,125275,4.851761500443543,0.16978636260756072
211,0.0214,7,451,7,64331,612113,988,125268,4.848189392979344,0.16988232677543902
212,0.0215,9,458,9,64789,611655,997,125259,4.8445618426055,0.16997777216880125
213,0.0216,7,478,7,65267,611177,1004,125252,4.840775883918388,0.17008021139851906
214,0.0217,15,462,15,65729,610715,1019,125237,4.837116651881891,0.17017006543905036
215,0.0218,18,446,18,66175,610269,1037,125219,4.833584146496008,0.17025294770274974
216,0.0219,12,461,12,66636,609808,1049,125207,4.829932834875175,0.1703461834112229
217,0.022,10,458,10,67094,609350,1059,125197,4.826305284501331,0.17044110179471156
218,0.0221,12,446,12,67540,608904,1071,125185,4.822772779115448,0.17053109364123423
219,0.0222,17,461,17,68001,608443,1088,125168,4.819121467494614,0.1706190337931138
220,0.0223,15,436,15,68437,608007,1103,125153,4.8156681662653655,0.17070352992525506
221,0.0224,12,428,12,68865,607579,1115,125141,4.812278228361424,0.17078966044327984
222,0.0225,8,487,8,69352,607092,1123,125133,4.808420985933342,0.17089419235890607
223,0.0226,8,470,8,69822,606622,1131,125125,4.804698390571537,0.17099489304363394
224,0.0227,12,457,12,70279,606165,1143,125113,4.801078760613357,0.1710881497870851
225,0.0228,12,445,12,70724,605720,1155,125101,4.797554175643138,0.17117871544468483
226,0.0229,10,442,10,71166,605278,1165,125091,4.794053351919909,0.1712709602954123
227,0.023,10,465,10,71631,604813,1175,125081,4.790370358636421,0.17136871929348646
228,0.0231,12,449,12,72080,604364,1187,125069,4.7868140920035485,0.17146057280106602
229,0.0232,4,445,4,72525,603919,1191,125065,4.783289507033329,0.17156069269010019
230,0.0233,13,469,13,72994,603450,1204,125052,4.779574832087188,0.17165635784115899
231,0.0234,13,464,13,73458,602986,1217,125039,4.775899759219364,0.17175097009031284
232,0.0235,12,451,12,73909,602535,1229,125027,4.772327651755164,0.17184377413883628
233,0.0236,13,464,13,74373,602071,1242,125014,4.76865257888734,0.17193863165929707
234,0.0237,15,427,15,74800,601644,1257,124999,4.7652705613990625,0.17202257504716897
235,0.0238,14,446,14,75246,601198,1271,124985,4.761738056013179,0.17211226371314117
236,0.0239,5,498,5,75744,600700,1276,124980,4.757793689012799,0.17222467203174954
237,0.024,13,497,13,76241,600203,1289,124967,4.753857242428083,0.17232786794820526
238,0.0241,10,459,10,76700,599744,1299,124957,4.750221771638576,0.17242559345164418
239,0.0242,16,488,16,77188,599256,1315,124941,4.746356608794829,0.1725234984403415
240,0.0243,7,455,7,77643,598801,1322,124934,4.7427528196679765,0.17262395766406213
241,0.0244,15,440,15,78083,598361,1337,124919,4.739267836776074,0.17271181285256057
242,0.0245,17,466,17,78549,597895,1354,124902,4.735576923076923,0.17280370560475486
243,0.0246,15,474,15,79023,597421,1369,124887,4.731822646052465,0.17289992634720922
244,0.0247,10,473,10,79496,596948,1379,124877,4.72807628944367,0.17300176635611125
245,0.0248,16,480,16,79976,596468,1395,124861,4.724274489925231,0.1730985444921804
246,0.0249,12,426,12,80402,596042,1407,124849,4.7209003928526165,0.17318706988990012
247,0.025,17,475,17,80877,595567,1424,124832,4.717138195412495,0.1732817508075386
248,0.0251,15,460,15,81337,595107,1439,124817,4.713494804207325,0.1733752451647674
249,0.0252,12,463,12,81800,594644,1451,124805,4.709827651755164,0.17347303283485
250,0.0253,12,446,12,82246,594198,1463,124793,4.706295146369281,0.173566845760239
251,0.0254,18,441,18,82687,593757,1481,124775,4.702802243061716,0.17365266960970424
252,0.0255,14,495,14,83182,593262,1495,124761,4.698881637308326,0.1737562724313845
253,0.0256,13,428,13,83610,592834,1508,124748,4.695491699404385,0.1738449403691843
254,0.0257,10,467,10,84077,592367,1518,124738,4.69179286528957,0.1739466326409661
255,0.0258,19,460,19,84537,591907,1537,124719,4.6881494740844,0.17403638718104003
256,0.0259,21,480,21,85017,591427,1558,124698,4.684347674565961,0.17412881829289578
257,0.026,11,494,11,85511,590933,1569,124687,4.680434989228234,0.1742363265420195
258,0.0261,14,452,14,85963,590481,1583,124673,4.676854961348371,0.17433028410663998
259,0.0262,15,462,15,86425,590019,1598,124658,4.673195729311875,0.17442564962913315
260,0.0263,15,449,15,86874,589570,1613,124643,4.669639462679001,0.17451796592893157
261,0.0264,12,468,12,87342,589102,1625,124631,4.665932708148524,0.17461851981062945
262,0.0265,9,474,9,87816,588628,1634,124622,4.662178431124065,0.17472415001752542
263,0.0266,15,519,15,88335,588109,1649,124607,4.658067735394754,0.17483401523187356
264,0.0267,11,484,11,88819,587625,1660,124596,4.654234254213661,0.1749400818004524
265,0.0268,22,466,22,89285,587159,1682,124574,4.65054334051451,0.17502911906571705
266,0.0269,14,503,14,89788,586656,1696,124560,4.646559371435813,0.17513666734156713
267,0.027,22,454,22,90242,586202,1718,124538,4.642963502724623,0.17522300700678167
268,0.0271,15,488,15,90730,585714,1733,124523,4.639098339880877,0.17532598273534045
269,0.0272,11,462,11,91192,585252,1744,124512,4.6354391078443795,0.17542732513906031
270,0.0273,13,434,13,91626,584818,1757,124499,4.632001647446458,0.1755195490873615
271,0.0274,9,480,9,92106,584338,1766,124490,4.628199847928019,0.1756279379482752
272,0.0275,20,465,20,92571,583873,1786,124470,4.624516854644532,0.17571995488061576
273,0.0276,15,512,15,93083,583361,1801,124455,4.620461601824863,0.17582959413180826
274,0.0277,15,490,15,93573,582871,1816,124440,4.616580598149791,0.17593392439817845
275,0.0278,12,483,12,94056,582388,1828,124428,4.612755037384362,0.17604015755161173
276,0.0279,16,411,16,94467,581977,1844,124412,4.609499746546699,0.17612392038947378
277,0.028,19,438,19,94905,581539,1863,124393,4.606030604486123,0.17621102315803788
278,0.0281,17,467,17,95372,581072,1880,124376,4.602331770371309,0.17630782141277598
279,0.0282,19,464,19,95836,580608,1899,124357,4.598656697503485,0.17640166533090296
280,0.0283,22,512,22,96348,580096,1921,124335,4.594601444683817,0.1765041572559981
281,0.0284,24,431,24,96779,579665,1945,124311,4.591187745532886,0.17658414491403115
282,0.0285,20,517,20,97296,579148,1965,124291,4.5870928906349,0.17669051616415923
283,0.0286,13,430,13,97726,578718,1978,124278,4.583687111899632,0.17678336718843352
284,0.0287,13,473,13,98199,578245,1991,124265,4.5799407552908376,0.1768871617485872
285,0.0288,10,465,10,98664,577780,2001,124255,4.576257762007351,0.17699260008404138
286,0.0289,20,473,20,99137,577307,2021,124235,4.572511405398555,0.1770884708256954
287,0.029,18,417,18,99554,576890,2039,124217,4.569208592066912,0.17717267121851585
288,0.0291,22,481,22,100035,576409,2061,124195,4.56539887213281,0.1772684712048461
289,0.0292,19,444,19,100479,575965,2080,124176,4.561882207578254,0.17735856063278682
290,0.0293,9,445,9,100924,575520,2089,124167,4.5583576226080345,0.17746077889113274
291,0.0294,16,486,16,101410,575034,2105,124151,4.554508300595615,0.1775653081802384
292,0.0295,12,482,12,101892,574552,2117,124139,4.5506906602458495,0.17767367834994297
293,0.0296,13,495,13,102387,574057,2130,124126,4.54677005449246,0.17778433447964215
294,0.0297,14,504,14,102891,573553,2144,124112,4.542778164998099,0.17789626826628827
295,0.0298,22,499,22,103390,573054,2166,124090,4.538825877582055,0.17799765902023112
296,0.0299,16,476,16,103866,572578,2182,124074,4.53505575972627,0.17810040019981282
297,0.03,15,530,15,104396,572048,2197,124059,4.530857939424661,0.1782182911535152
298,0.0301,28,461,28,104857,571587,2225,124031,4.527206627803827,0.17830332165067608
299,0.0302,18,458,18,105315,571129,2243,124013,4.523579077429983,0.1783995212488959
300,0.0303,15,472,15,105787,570657,2258,123998,4.519840641236852,0.17850299789103943
301,0.0304,15,458,15,106245,570199,2273,123983,4.516213090863008,0.1786030176524312
302,0.0305,18,459,18,106704,569740,2291,123965,4.512577620073501,0.17869987963183198
303,0.0306,12,454,12,107158,569286,2303,123953,4.508981751362311,0.1788026928663852
304,0.0307,19,485,19,107643,568801,2322,123934,4.505140349765556,0.17890535341797367
305,0.0308,15,423,15,108066,568378,2337,123919,4.501790013939932,0.17899687561841232
306,0.0309,11,457,11,108523,567921,2348,123908,4.498170383981751,0.1791020613475295
307,0.031,18,492,18,109015,567429,2366,123890,4.494273539475351,0.1792081513744017
308,0.0311,20,473,20,109488,566956,2386,123870,4.490527182866557,0.1793070903527082
309,0.0312,21,477,21,109965,566479,2407,123849,4.486749144595108,0.1794060214854388
310,0.0313,13,465,13,110430,566014,2420,123836,4.483066151311621,0.1795114880046387
311,0.0314,11,473,11,110903,565541,2431,123825,4.479319794702826,0.17962156532233967
312,0.0315,12,475,12,111378,565066,2443,123813,4.475557597262704,0.17973112839845604
313,0.0316,24,489,24,111867,564577,2467,123789,4.471684514003295,0.17983020660520713
314,0.0317,18,465,18,112332,564112,2485,123771,4.468001520719807,0.17993030791573567
315,0.0318,19,465,19,112797,563647,2504,123752,4.46431852743632,0.1800293570400888
316,0.0319,17,465,17,113262,563182,2521,123735,4.460635534152832,0.18013093284923798
317,0.032,16,467,16,113729,562715,2537,123719,4.456936700038018,0.18023437067511225
318,0.0321,19,435,19,114164,562280,2556,123700,4.453491319224433,0.18032595702498616
319,0.0322,19,467,19,114631,561813,2575,123681,4.449792485109619,0.18042608688041034
320,0.0323,25,463,25,115094,561350,2600,123656,4.4461253326574575,0.18051812684852395
321,0.0324,13,461,13,115555,560889,2613,123643,4.442474021036624,0.18062413444513917
322,0.0325,13,474,13,116029,560415,2626,123630,4.4387197440121655,0.18073372365853124
323,0.0326,16,488,16,116517,559927,2642,123614,4.43485458116842,0.1808435777809963
324,0.0327,13,467,13,116984,559460,2655,123601,4.431155747053605,0.18095162803907705
325,0.0328,20,515,20,117499,558945,2675,123581,4.427076732986947,0.18106416458860175
326,0.0329,11,476,11,117975,558469,2686,123570,4.423306615131162,0.18117732270442014
327,0.033,20,472,20,118447,557997,2706,123550,4.419568178938031,0.18127876727503753
328,0.0331,14,485,14,118932,557512,2720,123536,4.415726777341275,0.1813910326438078
329,0.0332,19,457,19,119389,557055,2739,123517,4.412107147383095,0.18148998195635435
330,0.0333,16,453,16,119842,556602,2755,123501,4.408519199087568,0.18159161185879197
331,0.0334,21,486,21,120328,556116,2776,123480,4.404669877075149,0.18169618420355624
332,0.0335,16,464,16,120792,555652,2792,123464,4.400994804207325,0.18180104724376983
333,0.0336,18,482,18,121274,555170,2810,123446,4.39717716385756,0.18190847253822487
334,0.0337,18,476,18,121750,554694,2828,123428,4.393407046001774,0.1820144457781933
335,0.0338,17,474,17,122224,554220,2845,123411,4.3896527689773155,0.18212124297737264
336,0.0339,16,441,16,122665,553779,2861,123395,4.38615986566975,0.18222052234728445
337,0.034,22,465,22,123130,553314,2883,123373,4.382476872386263,0.18231915198607332
338,0.0341,14,450,14,123580,552864,2897,123359,4.378912685337727,0.18242354962785945
339,0.0342,21,487,21,124067,552377,2918,123338,4.375055442909644,0.1825296167763036
340,0.0343,10,451,10,124518,551926,2928,123328,4.371483335445444,0.18263942161023852
341,0.0344,26,459,26,124977,551467,2954,123302,4.367847864655937,0.18273216463708322
342,0.0345,16,476,16,125453,550991,2970,123286,4.364077746800152,0.18284176977710942
343,0.0346,21,465,21,125918,550526,2991,123265,4.3603947535166645,0.18294248513263014
344,0.0347,19,427,19,126345,550099,3010,123246,4.357012736028387,0.18303544245520498
345,0.0348,14,482,14,126827,549617,3024,123232,4.353195095678621,0.1831495625318608
346,0.0349,22,473,22,127300,549144,3046,123210,4.349448739069826,0.1832516799186143
347,0.035,20,450,20,127750,548694,3066,123190,4.34588455202129,0.1833501021009579
348,0.0351,20,464,20,128214,548230,3086,123170,4.342209479153466,0.1834524873398868
349,0.0352,20,459,20,128673,547771,3106,123150,4.338574008363959,0.18355365236741733
350,0.0353,20,445,20,129118,547326,3126,123130,4.335049423393739,0.18365112699416516
351,0.0354,11,466,11,129584,546860,3137,123119,4.331358509694589,0.1837654613055036
352,0.0355,23,408,23,129992,546452,3160,123096,4.3281269801039155,0.1838494028807494
353,0.0356,15,484,15,130476,545968,3175,123081,4.324293498922824,0.1839641042733791
354,0.0357,20,472,20,130948,545496,3195,123061,4.320555062729692,0.18406957073218888
355,0.0358,11,433,11,131381,545063,3206,123050,4.317125522747434,0.18417543140157427
356,0.0359,16,461,16,131842,544602,3222,123034,4.3134742111266,0.1842830524417497
357,0.036,14,449,14,132291,544153,3236,123020,4.309917944493727,0.18438995582854822
358,0.0361,13,441,13,132732,543712,3249,123007,4.306425041186161,0.18449601706266058
359,0.0362,19,493,19,133225,543219,3268,122988,4.302520276264098,0.1846092881041478
360,0.0363,17,483,17,133708,542736,3285,122971,4.298694715498669,0.18472240790618094
361,0.0364,29,444,29,134152,542292,3314,122942,4.295178050944114,0.184810157027452
362,0.0365,17,492,17,134644,541800,3331,122925,4.291281206437714,0.1849260972582647
363,0.0366,22,493,22,135137,541307,3353,122903,4.287376441515651,0.1850363589828518
364,0.0367,25,429,25,135566,540878,3378,122878,4.283978583196046,0.18512525687150097
365,0.0368,16,422,16,135988,540456,3394,122862,4.280636167786086,0.18522337702278546
366,0.0369,21,454,21,136442,540002,3415,122841,4.277040299074895,0.18532442825827533
367,0.037,16,465,16,136907,539537,3431,122825,4.273357305791408,0.185434852844819
368,0.0371,14,517,14,137424,539020,3445,122811,4.2692624508934225,0.18556247743003879
369,0.0372,19,487,19,137911,538533,3464,122792,4.26540520846534,0.18567572676066987
370,0.0373,30,456,30,138367,538077,3494,122762,4.261793498922824,0.18576688119193935
371,0.0374,20,443,20,138810,537634,3514,122742,4.258284754783931,0.18586683949749838
372,0.0375,19,442,19,139252,537192,3533,122723,4.254783931060702,0.1859678898039899
373,0.0376,19,500,19,139752,536692,3552,122704,4.250823723228995,0.18608544789474005
374,0.0377,23,486,23,140238,536206,3575,122681,4.246974401216576,0.1861942943175385
375,0.0378,24,434,24,140672,535772,3599,122657,4.243536940818654,0.18628735976088537
376,0.0379,16,465,16,141137,535307,3615,122641,4.239853947535167,0.1863992291184106
377,0.038,18,474,18,141611,534833,3633,122623,4.236099670510709,0.1865113406828746
378,0.0381,15,444,15,142055,534389,3648,122608,4.232583005956153,0.18661881256687626
379,0.0382,27,432,27,142487,533957,3675,122581,4.229161386389558,0.18670815702975305
380,0.0383,17,475,17,142962,533482,3692,122564,4.225399188949436,0.1868222655118696
381,0.0384,15,442,15,143404,533040,3707,122549,4.221898365226207,0.18692961596366017
382,0.0385,27,470,27,143874,532570,3734,122522,4.218175769864403,0.18703021865631086
383,0.0386,23,449,23,144323,532121,3757,122499,4.214619503231529,0.1871299379792857
384,0.0387,12,483,12,144806,531638,3769,122487,4.2107939424661005,0.1872532008408179
385,0.0388,21,466,21,145272,531172,3790,122466,4.20710302876695,0.18736058797071162
386,0.0389,12,447,12,145719,530725,3802,122454,4.203562602965404,0.1874738777578581
387,0.039,14,463,14,146182,530262,3816,122440,4.199895450513243,0.1875894359140925
388,0.0391,25,459,25,146641,529803,3841,122415,4.196259979723736,0.18769031213489967
389,0.0392,23,448,23,147089,529355,3864,122392,4.192711633506526,0.18779066110008946
390,0.0393,38,485,38,147574,528870,3902,122354,4.188870231909771,0.18788312470056387
391,0.0394,20,449,20,148023,528421,3922,122334,4.185313965276897,0.18798779878756214
392,0.0395,24,434,24,148457,527987,3946,122310,4.181876504878976,0.18808329117311012
393,0.0396,23,479,23,148936,527508,3969,122287,4.1780826257762005,0.18819319939365492
394,0.0397,27,481,27,149417,527027,3996,122260,4.174272905842098,0.18829885705396843
395,0.0398,26,469,26,149886,526558,4022,122234,4.170558230895957,0.18840244639268056
396,0.0399,33,428,33,150314,526130,4055,122201,4.167168292992017,0.18848551125890942
397,0.04,22,436,22,150750,525694,4077,122179,4.163714991762768,0.18858479979872597
398,0.0401,16,449,16,151199,525245,4093,122163,4.160158725129895,0.18869553666312433
399,0.0402,16,458,16,151657,524787,4109,122147,4.156531174756052,0.1888090593476305
400,0.0403,20,474,20,152131,524313,4129,122127,4.152776897731593,0.18892240579172082
401,0.0404,15,479,15,152610,523834,4144,122112,4.148983018628818,0.18904366618881455
402,0.0405,20,469,20,153079,523365,4164,122092,4.145268343682677,0.18915590039305485
403,0.0406,20,438,20,153517,522927,4184,122072,4.141799201622101,0.1892592081538111
404,0.0407,22,452,22,153969,522475,4206,122050,4.138219173742238,0.18936426050192
405,0.0408,23,474,23,154443,522001,4229,122027,4.1344648967177795,0.1894746812250399
406,0.0409,23,464,23,154907,521537,4252,122004,4.130789823849955,0.18958232653397375
407,0.041,16,479,16,155386,521058,4268,121988,4.12699594474718,0.18970338047355867
408,0.0411,19,447,19,155833,520611,4287,121969,4.123455518945634,0.18981138535279654
409,0.0412,20,428,20,156261,520183,4307,121949,4.120065581041693,0.1899126659316153
410,0.0413,20,478,20,156739,519705,4327,121929,4.116279622354581,0.19002889497751055
411,0.0414,18,445,18,157184,519260,4345,121911,4.112755037384362,0.1901380442970752
412,0.0415,27,491,27,157675,518769,4372,121884,4.108866113293626,0.19024963591835206
413,0.0416,17,443,17,158118,518326,4389,121867,4.105357369154733,0.19035978212820195
414,0.0417,19,464,19,158582,517862,4408,121848,4.101682296286909,0.1904738084444514
415,0.0418,20,456,20,159038,517406,4428,121828,4.0980705867443925,0.1905843556506694
416,0.0419,12,471,12,159509,516935,4440,121816,4.094340070966925,0.19070968186351175
417,0.042,22,464,22,159973,516471,4462,121794,4.090664998099101,0.1908204272520035
418,0.0421,16,454,16,160427,516017,4478,121778,4.087069129387911,0.19093595904640207
419,0.0422,22,452,22,160879,515565,4500,121756,4.0834891015080474,0.19104344592442427
420,0.0423,26,456,26,161335,515109,4526,121730,4.07987739196553,0.1911472130318652
421,0.0424,24,434,24,161769,514675,4550,121706,4.0764399315676085,0.19124706740144662
422,0.0425,23,436,23,162205,514239,4573,121683,4.07298663033836,0.1913489390208233
423,0.0426,27,439,27,162644,513800,4600,121656,4.069509567862122,0.19144677208178065
424,0.0427,27,476,27,163120,513324,4627,121629,4.065739450006336,0.19155591043746545
425,0.0428,16,449,16,163569,512875,4643,121613,4.062183183373463,0.19167107967368965
426,0.0429,25,444,25,164013,512431,4668,121588,4.0586665188189075,0.19177343265738092
427,0.043,21,460,21,164473,511971,4689,121567,4.055023127613737,0.19188588529811945
428,0.0431,17,432,17,164905,511539,4706,121550,4.051601508047142,0.1919951223287721
429,0.0432,18,443,18,165348,511096,4724,121532,4.04809276390825,0.19210657764120462
430,0.0433,24,437,24,165785,510659,4748,121508,4.044631542263338,0.19220870434552895
431,0.0434,19,403,19,166188,510256,4767,121489,4.041439614750982,0.1923070226119716
432,0.0435,22,450,22,166638,509806,4789,121467,4.037875427702446,0.19241595949771334
433,0.0436,30,448,30,167086,509358,4819,121437,4.0343270814852366,0.19251420826100396
434,0.0437,26,453,26,167539,508905,4845,121411,4.0307391331897096,0.1926192576421985
435,0.0438,25,447,25,167986,508458,4870,121386,4.027198707388163,0.1927239125878789
436,0.0439,33,469,33,168455,507989,4903,121353,4.023484032442022,0.1928252047376466
437,0.044,18,451,18,168906,507538,4921,121335,4.019911924977823,0.1929403870097778
438,0.0441,26,483,26,169389,507055,4947,121309,4.016086364212394,0.193055299157813
439,0.0442,26,445,26,169834,506610,4973,121283,4.012561779242175,0.19315870697714418
440,0.0443,18,432,18,170266,506178,4991,121265,4.00914015967558,0.1932685518843943
441,0.0444,26,434,26,170700,505744,5017,121239,4.005702699277658,0.19336887922001075
442,0.0445,15,436,15,171136,505308,5032,121224,4.002249398048409,0.1934841316963858
443,0.0446,23,464,23,171600,504844,5055,121201,3.9985743251805856,0.1935979043040037
444,0.0447,18,447,18,172047,504397,5073,121183,3.9950338993790395,0.19371303430416573
445,0.0448,20,451,20,172498,503946,5093,121163,3.9914617919148396,0.1938269965717979
446,0.0449,26,461,26,172959,503485,5119,121137,3.987810480294006,0.1939364927908399
447,0.045,20,460,20,173419,503025,5139,121117,3.984167089088835,0.19405359677765638
448,0.0451,22,453,22,173872,502572,5161,121095,3.9805791407933087,0.19416611749539417
449,0.0452,17,457,17,174329,502115,5178,121078,3.9769595108351288,0.1942865211900647
450,0.0453,19,455,19,174784,501660,5197,121059,3.973355721708275,0.19440389646052234
451,0.0454,19,452,19,175236,501208,5216,121040,3.9697756938284123,0.19452051272161583
452,0.0455,31,454,31,175690,500754,5247,121009,3.966179825117222,0.1946223882733453
453,0.0456,18,462,18,176152,500292,5265,120991,3.962520593080725,0.1947437802096629
454,0.0457,31,421,31,176573,499871,5296,120960,3.9591860980864277,0.19483563159700465
455,0.0458,31,418,31,176991,499453,5327,120929,3.9558753643391205,0.19492667421040585
456,0.0459,19,440,19,177431,499013,5346,120910,3.9523903814472185,0.19504035178562498
457,0.046,31,468,31,177899,498545,5377,120879,3.9486836269167407,0.19514742728728626
458,0.0461,28,419,28,178318,498126,5405,120851,3.94536497275377,0.19524311888810086
459,0.0462,26,412,26,178730,497714,5431,120825,3.9421017615004437,0.19533933996077854
460,0.0463,29,444,29,179174,497270,5460,120796,3.9385850969458875,0.1954419107344523
461,0.0464,25,448,25,179622,496822,5485,120771,3.935036750728678,0.19555111537857456
462,0.0465,28,431,28,180053,496391,5513,120743,3.9316230515777466,0.1956511875864885
463,0.0466,28,422,28,180475,495969,5541,120715,3.928280636167786,0.19574855193259433
464,0.0467,13,421,13,180896,495548,5554,120702,3.9249461411734887,0.19586531440162272
465,0.0468,25,452,25,181348,495096,5579,120677,3.9213661132936255,0.1959764393697028
466,0.0469,32,423,32,181771,494673,5611,120645,3.9180157774680016,0.19606934950708413
467,0.047,22,466,22,182237,494207,5633,120623,3.914324863768851,0.19618919050794528
468,0.0471,14,424,14,182661,493783,5647,120609,3.910966607527563,0.196306267008685
469,0.0472,16,417,16,183078,493366,5663,120593,3.9076637941959196,0.1964186533628467
470,0.0473,18,461,18,183539,492905,5681,120575,3.9040124825750855,0.19654267457781835
471,0.0474,23,444,23,183983,492461,5704,120552,3.90049581802053,0.19665488333852627
472,0.0475,28,456,28,184439,492005,5732,120524,3.896884108478013,0.1967645613513809
473,0.0476,28,452,28,184891,491553,5760,120496,3.8933040805981496,0.1968731261712706
474,0.0477,12,417,12,185308,491136,5772,120484,3.890001267266506,0.1969915960890749
475,0.0478,18,432,18,185740,490704,5790,120466,3.8865796476999113,0.1971071878528069
476,0.0479,19,460,19,186200,490244,5809,120447,3.882936256494741,0.1972306780352093
477,0.048,20,442,20,186642,489802,5829,120427,3.879435432771512,0.19734722538587973
478,0.0481,27,433,27,187075,489369,5856,120400,3.876005892789254,0.19745182191944818
479,0.0482,30,440,30,187515,488929,5886,120370,3.8725209098973514,0.19755489505152643
480,0.0483,22,426,22,187941,488503,5908,120348,3.869146812824737,0.19766412472016964
481,0.0484,33,421,33,188362,488082,5941,120315,3.8658123178304398,0.19775738539144672
482,0.0485,33,445,33,188807,487637,5974,120282,3.8622877328602203,0.19785859629325617
483,0.0486,24,415,24,189222,487222,5998,120258,3.8590007603599035,0.19796207282544281
484,0.0487,30,472,30,189694,486750,6028,120228,3.8552623241667723,0.19807637179601237
485,0.0488,25,428,25,190122,486322,6053,120203,3.8518723862628312,0.19818309220559746
486,0.0489,23,429,23,190551,485893,6076,120180,3.8484745279432264,0.1982929449092766
487,0.049,19,436,19,190987,485457,6095,120161,3.845021226713978,0.19841054922409837
488,0.0491,19,409,19,191396,485048,6114,120142,3.8417817767076414,0.19851947322328525
489,0.0492,19,458,19,191854,484590,6133,120123,3.838154226333798,0.19864464630328768
490,0.0493,22,406,22,192260,484184,6155,120101,3.834938537574452,0.19874893469141217
491,0.0494,29,431,29,192691,483753,6184,120072,3.8315248384235203,0.19885231648242455
492,0.0495,12,403,12,193094,483350,6196,120060,3.828332910911165,0.19896919176016306
493,0.0496,28,417,28,193511,482933,6224,120032,3.825030097579521,0.1990695977378455
494,0.0497,23,454,23,193965,482479,6247,120009,3.821434228868331,0.1991890294910438
495,0.0498,23,435,23,194400,482044,6270,119986,3.8179888480547457,0.199302360347491
496,0.0499,37,386,37,194786,481658,6307,119949,3.814931567608668,0.19938099124511516
497,0.05,20,461,20,195247,481197,6327,119929,3.811280255987834,0.19950725804573416
498,0.0501,25,429,25,195676,480768,6352,119904,3.8078823976682297,0.1996164295988493
499,0.0502,17,419,17,196095,480349,6369,119887,3.804563743505259,0.1997331049787084
500,0.0503,21,422,21,196517,479927,6390,119866,3.8012213280952984,0.1998456134032908
501,0.0504,20,409,20,196926,479518,6410,119846,3.797981878088962,0.19995528593642595
502,0.0505,17,425,17,197351,479093,6427,119829,3.794615701432011,0.20007446712593627
503,0.0506,20,437,20,197788,478656,6447,119809,3.791154479787099,0.2001938292130701
504,0.0507,36,427,36,198215,478229,6483,119773,3.7877724622988214,0.20028862779723144
505,0.0508,25,419,25,198634,477810,6508,119748,3.7844538081358507,0.2003956101332423
506,0.0509,29,413,29,199047,477397,6537,119719,3.781182676466861,0.20049538113197435
507,0.051,16,404,16,199451,476993,6553,119703,3.7779828285388417,0.2006096906967702
508,0.0511,33,437,33,199888,476556,6586,119670,3.77452160689393,0.20071248150868964
509,0.0512,20,416,20,200304,476140,6606,119650,3.7712267139779496,0.20082579432350325
510,0.0513,24,438,24,200742,475702,6630,119626,3.7677575719173744,0.20094132982154375
511,0.0514,18,421,18,201163,475281,6648,119608,3.764423076923077,0.20105935729186453
512,0.0515,22,435,22,201598,474846,6670,119586,3.760977696109492,0.20117692183462532
513,0.0516,25,429,25,202027,474417,6695,119561,3.757579837789887,0.20128859991447495
514,0.0517,27,420,27,202447,473997,6722,119534,3.7542532632112535,0.2013947038992066
515,0.0518,27,430,27,202877,473567,6749,119507,3.7508474844759854,0.20150436539116534
516,0.0519,28,453,28,203330,473114,6777,119479,3.747259536180459,0.2016206738857867
517,0.052,25,451,25,203781,472663,6802,119454,3.743687428716259,0.20174053438762948
518,0.0521,24,421,24,204202,472242,6826,119430,3.7403529337219616,0.20185170161846427
519,0.0522,31,449,31,204651,471793,6857,119399,3.736796667089089,0.20196315241072274
520,0.0523,27,415,27,205066,471378,6884,119372,3.733509694588772,0.20206855691917056
521,0.0524,31,405,31,205471,470973,6915,119341,3.7303019262450894,0.20216528830419064
522,0.0525,26,387,26,205858,470586,6941,119315,3.727236725383348,0.20226275256356574
523,0.0526,25,360,25,206218,470226,6966,119290,3.724385375744519,0.2023524382713955
524,0.0527,28,430,28,206648,469796,6994,119262,3.720979597009251,0.20246223631628804
525,0.0528,29,456,29,207104,469340,7023,119233,3.717367887466734,0.20257979893743003
526,0.0529,31,415,31,207519,468925,7054,119202,3.7140809149664173,0.2026807135193589
527,0.053,43,428,43,207947,468497,7097,119159,3.7106909770624763,0.20276998788406822
528,0.0531,19,373,19,208320,468124,7116,119140,3.707736662020023,0.20287298387096775
529,0.0532,24,450,24,208770,467674,7140,119116,3.7041724749714864,0.20299596107636464
530,0.0533,24,444,24,209214,467230,7164,119092,3.7006558104169307,0.20311705854462223
531,0.0534,28,398,28,209612,466832,7192,119064,3.697503484982892,0.20321695317940386
532,0.0535,21,435,21,210047,466397,7213,119043,3.694058104169307,0.20333936867996721
533,0.0536,32,439,32,210486,465958,7245,119011,3.690581041693068,0.20344838786328848
534,0.0537,31,443,31,210929,465515,7276,118980,3.6870722975541756,0.20356033841179139
535,0.0538,23,390,23,211319,465125,7299,118957,3.6839833354454443,0.2036648963672909
536,0.0539,28,408,28,211727,464717,7327,118929,3.6807518058547712,0.20376906549518028
537,0.054,29,454,29,212181,464263,7356,118900,3.6771559371435814,0.20388810675574412
538,0.0541,32,423,32,212604,463840,7388,118868,3.673805601317957,0.20399239413222403
539,0.0542,30,429,30,213033,463411,7418,118838,3.6704077429983526,0.20410168158296538
540,0.0543,24,410,24,213443,463001,7442,118814,3.667160372576353,0.20421267928808987
541,0.0544,22,445,22,213888,462556,7464,118792,3.6636357876061334,0.20433888135849784
542,0.0545,23,411,23,214299,462145,7487,118769,3.6603804967684703,0.2044519498583267
543,0.0546,27,428,27,214727,461717,7514,118742,3.6569905588645293,0.2045656971465685
544,0.0547,28,422,28,215149,461295,7542,118714,3.6536481434545687,0.2046761343358465
545,0.0548,27,373,27,215522,460922,7569,118687,3.650693828412115,0.20477080238574624
546,0.0549,24,444,24,215966,460478,7593,118663,3.647177163857559,0.20489483562724795
547,0.055,29,456,29,216422,460022,7622,118634,3.6435654543150426,0.20501645191616436
548,0.0551,28,419,28,216841,459603,7650,118606,3.640246800152072,0.205126519995365
549,0.0552,28,394,28,217235,459209,7678,118578,3.637126156380687,0.20522787809348428
550,0.0553,25,421,25,217656,458788,7703,118553,3.6337916613863896,0.20534311611335415
551,0.0554,22,399,22,218055,458389,7725,118531,3.6306314155366874,0.20545482909242183
552,0.0555,29,408,29,218463,457981,7754,118502,3.6273998859460144,0.20556026803912691
553,0.0556,23,411,23,218874,457570,7777,118479,3.6241445951083513,0.20567521165734165
554,0.0557,29,412,29,219286,457158,7806,118450,3.620881383855025,0.2057824074717516
555,0.0558,30,443,30,219729,456715,7836,118420,3.617372639716132,0.20589948446886383
556,0.0559,31,392,31,220121,456323,7867,118389,3.614267836776074,0.2059970907167416
557,0.056,23,381,23,220502,455942,7890,118366,3.611250158408313,0.20610195226254902
558,0.0561,32,384,32,220886,455558,7922,118334,3.6082087187935623,0.2061955908080266
559,0.0562,26,401,26,221287,455157,7948,118308,3.6050326321125334,0.20630378488661033
560,0.0563,33,422,33,221709,454735,7981,118275,3.6016902167025724,0.20641001029650444
561,0.0564,24,425,24,222134,454310,8005,118251,3.598324040045622,0.20652995925324988
562,0.0565,28,401,28,222535,453909,8033,118223,3.5951479533645925,0.20663588123020563
563,0.0566,24,423,24,222958,453486,8057,118199,3.5917976175389685,0.20675546848351803
564,0.0567,26,415,26,223373,453071,8083,118173,3.5885106450386517,0.20686956887074526
565,0.0568,33,401,33,223774,452670,8116,118140,3.585334558357623,0.2069690439901193
566,0.0569,28,396,28,224170,452274,8144,118112,3.5821980737549106,0.2070738061593377
567,0.057,20,411,20,224581,451863,8164,118092,3.5789427829172475,0.20719530489249152
568,0.0571,22,414,22,224995,451449,8186,118070,3.575663730832594,0.20731529589004055
569,0.0572,20,410,20,225405,451039,8206,118050,3.5724163604105943,0.2074367981106646
570,0.0573,31,401,31,225806,450638,8237,118019,3.5692402737295654,0.20753987025570775
571,0.0574,28,383,28,226189,450255,8265,117991,3.566206754530478,0.20764070490597383
572,0.0575,29,400,29,226589,449855,8294,117962,3.5630385882651123,0.20774650987906315
573,0.0576,32,435,32,227024,449420,8326,117930,3.559593207451527,0.20786110866308274
574,0.0577,18,389,18,227413,449031,8344,117912,3.556512165758459,0.20797857985723434
575,0.0578,22,418,22,227831,448613,8366,117890,3.553201432011152,0.2081012810170467
576,0.0579,29,431,29,228262,448182,8395,117861,3.5497877328602203,0.20821916356177889
577,0.058,29,414,29,228676,447768,8424,117832,3.5465086807755672,0.20833097595473832
578,0.0581,29,405,29,229081,447363,8453,117803,3.5433009124318846,0.20843964428150313
579,0.0582,29,383,29,229464,446980,8482,117774,3.540267393232797,0.20854035562386455
580,0.0583,33,430,33,229894,446550,8515,117741,3.536861614497529,0.2086529822378879
581,0.0584,21,408,21,230302,446142,8536,117720,3.533630084906856,0.20877448737457038
582,0.0585,29,382,29,230684,445760,8565,117691,3.5306044861234316,0.20887530592722348
583,0.0586,19,427,19,231111,445333,8584,117672,3.527222468635154,0.20900702480439784
584,0.0587,31,402,31,231513,444931,8615,117641,3.5240384615384617,0.2091127891185484
585,0.0588,37,401,37,231914,444530,8652,117604,3.5208623748574324,0.2092099036884444
586,0.0589,20,424,20,232338,444106,8672,117584,3.517504118616145,0.20933967134896472
587,0.059,28,414,28,232752,443692,8700,117556,3.5142250665314916,0.20945464393637037
588,0.0591,42,414,42,233166,443278,8742,117514,3.510946014446838,0.20955006490820124
589,0.0592,27,378,27,233544,442900,8769,117487,3.5079520973260676,0.20965332886023408
590,0.0593,37,398,37,233942,442502,8806,117450,3.5047997718920287,0.20975012143898047
591,0.0594,31,405,31,234347,442097,8837,117419,3.501592003548346,0.20985816312670236
592,0.0595,23,401,23,234748,441696,8860,117396,3.4984159168673172,0.20997617565624263
593,0.0596,29,418,29,235166,441278,8889,117367,3.49510518312001,0.21009227684844578
594,0.0597,26,368,26,235534,440910,8915,117341,3.4921904701558737,0.21019398084374233
595,0.0598,27,404,27,235938,440506,8942,117314,3.4889906222278544,0.21030798465454806
596,0.0599,29,373,29,236311,440133,8971,117285,3.486036307185401,0.21040762946298827
597,0.06,34,395,34,236706,439738,9005,117251,3.4829077429983526,0.21050864559264187
598,0.0601,33,468,33,237174,439270,9038,117218,3.4792009884678747,0.2106388637311137
599,0.0602,34,426,34,237600,438844,9072,117184,3.4758268913952604,0.2107519765191681
600,0.0603,21,400,21,238000,438444,9093,117163,3.472658725129895,0.21087387307935285
601,0.0604,23,395,23,238395,438049,9116,117140,3.4695301609428464,0.2109912120016787
602,0.0605,22,421,22,238816,437628,9138,117118,3.466195665948549,0.21112004412830376
603,0.0606,34,411,34,239227,437217,9172,117084,3.462940375110886,0.21122819551110317
604,0.0607,31,378,31,239605,436839,9203,117053,3.459946457990115,0.2113282011655702
605,0.0608,21,416,21,240021,436423,9224,117032,3.456651565074135,0.21145711936833167
606,0.0609,28,399,28,240420,436024,9252,117004,3.4534913192244328,0.21156975776995016
607,0.061,19,371,19,240791,435653,9271,116985,3.4505528450133065,0.21168468328272758
608,0.0611,29,381,29,241172,435272,9300,116956,3.4475351666455456,0.21178933339128042
609,0.0612,21,385,21,241557,434887,9321,116935,3.4444858066151314,0.2119071004780527
610,0.0613,26,357,26,241914,434530,9347,116909,3.441658218223292,0.212007130435098
611,0.0614,27,400,27,242314,434130,9374,116882,3.4384900519579267,0.21212242201621742
612,0.0615,22,409,22,242723,433721,9396,116860,3.4352506019515903,0.21224851565891303
613,0.0616,35,428,35,243151,433293,9431,116825,3.4318606640476492,0.21236352927917282
614,0.0617,30,375,30,243526,432918,9461,116795,3.4288905081738688,0.2124654137704584
615,0.0618,32,452,32,243978,432466,9493,116763,3.425310480294006,0.21259438230683375
616,0.0619,26,376,26,244354,432090,9519,116737,3.422332404004562,0.21270272781769117
617,0.062,24,388,24,244742,431702,9543,116713,3.4192592827271575,0.2128187595160599
618,0.0621,24,367,24,245109,431335,9567,116689,3.4163524901786846,0.21292680612527917
619,0.0622,25,396,25,245505,430939,9592,116664,3.413216005575973,0.21304485183609292
620,0.0623,27,371,27,245876,430568,9619,116637,3.410277531364846,0.21315046463391232
621,0.0624,25,407,25,246283,430161,9644,116612,3.4070539221898364,0.2132731499177904
622,0.0625,31,392,31,246675,429769,9675,116581,3.4039491192497784,0.2133815319849913
623,0.0626,30,406,30,247081,429363,9705,116551,3.400733430490432,0.21349699769560773
624,0.0627,19,393,19,247474,428970,9724,116532,3.3976207071347106,0.21362341476291563
625,0.0628,30,401,30,247875,428569,9754,116502,3.3944446204536813,0.21373729293981886
626,0.0629,28,372,28,248247,428197,9782,116474,3.3914982258268913,0.2138428519234547
627,0.063,34,398,34,248645,427799,9816,116440,3.3883459003928524,0.21395012117837936
628,0.0631,36,401,36,249046,427398,9852,116404,3.3851698137118236,0.2140558512105509
629,0.0632,18,392,18,249438,427006,9870,116386,3.382065010771765,0.21418423532183029
630,0.0633,28,375,28,249813,426631,9898,116358,3.379094854897985,0.2142916339005026
631,0.0634,22,364,22,250177,426267,9920,116336,3.376211823596502,0.21440353260118356
632,0.0635,24,389,24,250566,425878,9944,116312,3.373130781903434,0.2145225843339051
633,0.0636,28,382,28,250948,425496,9972,116284,3.37010518312001,0.21463324596699768
634,0.0637,39,377,39,251325,425119,10011,116245,3.3671191864149033,0.21472613620410666
635,0.0638,37,386,37,251711,424733,10048,116208,3.3640619059688253,0.21482564641984986
636,0.0639,32,384,32,252095,424349,10080,116176,3.3610204663540744,0.21493177928865456
637,0.064,32,388,32,252483,423961,10112,116144,3.3579473450766697,0.21503966821266235
638,0.0641,20,377,20,252860,423584,10132,116124,3.3549613483715626,0.21516079064975877
639,0.0642,26,377,26,253237,423207,10158,116098,3.3519753516664554,0.21527336108510026
640,0.0643,21,354,21,253591,422853,10179,116077,3.3491715245216067,0.21538418718571986
641,0.0644,28,378,28,253969,422475,10207,116049,3.3461776074008363,0.2154945740579807
642,0.0645,28,361,28,254330,422114,10235,116021,3.3433183373463438,0.2155983164075929
643,0.0646,23,375,23,254705,421739,10258,115998,3.3403481814725637,0.215715117241328
644,0.0647,24,414,24,255119,421325,10282,115974,3.3370691293879102,0.21584629787139004
645,0.0648,29,382,29,255501,420943,10311,115945,3.334043530604486,0.21595751814158634
646,0.0649,24,397,24,255898,420546,10335,115921,3.330899125586111,0.2160822566905327
647,0.065,22,359,22,256257,420187,10357,115899,3.328055696362945,0.21619478964196043
648,0.0651,24,406,24,256663,419781,10381,115875,3.324840007603599,0.21632353600071688
649,0.0652,28,387,28,257050,419394,10409,115847,3.3217748067418578,0.21643894993096569
650,0.0653,25,405,25,257455,418989,10434,115822,3.318567038398175,0.21656622619953592
651,0.0654,25,366,25,257821,418623,10459,115797,3.3156681662653655,0.2166778937914
652,0.0655,38,387,38,258208,418236,10497,115759,3.312602965403624,0.21677918332568658
653,0.0656,41,369,41,258577,417867,10538,115718,3.3096803320238246,0.21686891498074345
654,0.0657,29,385,29,258962,417482,10567,115689,3.3066309719934104,0.2169829191760242
655,0.0658,36,367,36,259329,417115,10603,115653,3.3037241794449375,0.2170794792480029
656,0.0659,27,366,27,259695,416749,10630,115626,3.300825307312128,0.21718901150504813
657,0.066,27,385,27,260080,416364,10657,115599,3.297775947281713,0.21730646680314233
658,0.0661,28,374,28,260454,415990,10685,115571,3.2948137118235965,0.21741813263200271
659,0.0662,22,406,22,260860,415584,10707,115549,3.2915980230642505,0.2175519126094594
660,0.0663,31,391,31,261251,415193,10738,115518,3.2885011405398554,0.21766648891769722
661,0.0664,29,353,29,261604,414840,10767,115489,3.2857052338106705,0.21776859270377444
662,0.0665,27,363,27,261967,414477,10794,115462,3.282830122924851,0.21787790670246954
663,0.0666,21,384,21,262351,414093,10815,115441,3.2797886833101,0.21800488731601747
664,0.0667,28,358,28,262709,413735,10843,115413,3.276953174502598,0.21811100108098302
665,0.0668,34,363,34,263072,413372,10877,115379,3.2740780636167788,0.21821046201331062
666,0.0669,30,386,30,263458,412986,10907,115349,3.2710207831707008,0.2183254942413431
667,0.067,38,341,38,263799,412645,10945,115311,3.2683199214294767,0.2184102463084045
668,0.0671,37,379,37,264178,412266,10982,115274,3.265318083893043,0.2185123402964704
669,0.0672,37,391,37,264569,411875,11019,115237,3.262221201368648,0.2186195723110079
670,0.0673,20,385,20,264954,411490,11039,115217,3.2591718413382336,0.21874970334550328
671,0.0674,40,385,40,265339,411105,11079,115177,3.256122481307819,0.21885035019248236
672,0.0675,27,403,27,265742,410702,11106,115150,3.2529305537954634,0.21897796338133163
673,0.0676,26,382,26,266124,410320,11132,115124,3.249904955012039,0.2190985147798814
674,0.0677,40,401,40,266525,409919,11172,115084,3.24672886833101,0.2192063664398108
675,0.0678,31,389,31,266914,409530,11203,115053,3.243647826637942,0.2193227763766649
676,0.0679,27,361,27,267275,409169,11230,115026,3.2407885565834493,0.21943360772231707
677,0.068,25,390,25,267665,408779,11255,115001,3.237699594474718,0.21955973882164267
678,0.0681,34,382,34,268047,408397,11289,114967,3.2346739956912938,0.21966929326434376
679,0.0682,25,346,25,268393,408051,11314,114942,3.2319335318717526,0.2197773201553367
680,0.0683,25,383,25,268776,407668,11339,114917,3.228900012672665,0.21990106872566184
681,0.0684,32,358,32,269134,407310,11371,114885,3.226064503865163,0.22000402148622641
682,0.0685,36,353,36,269487,406957,11407,114849,3.2232685971359776,0.22009904063962468
683,0.0686,24,368,24,269855,406589,11431,114825,3.2203538841718413,0.220218482817876
684,0.0687,27,355,27,270210,406234,11458,114798,3.2175421366113293,0.22032811804265381
685,0.0688,26,381,26,270591,405853,11484,114772,3.214524458243569,0.22045042016806723
686,0.0689,27,333,27,270924,405520,11511,114745,3.211886959827652,0.2205510653224799
687,0.069,33,350,33,271274,405170,11544,114712,3.209114814345457,0.22065007059294225
688,0.0691,25,362,25,271636,404808,11569,114687,3.206247623875301,0.22076632113879827
689,0.0692,27,351,27,271987,404457,11596,114660,3.2034675579774428,0.22087506284710384
690,0.0693,27,354,27,272341,404103,11623,114633,3.200663730832594,0.22098524104746922
691,0.0694,32,362,32,272703,403741,11655,114601,3.197796540362438,0.22109148014245422
692,0.0695,40,338,40,273041,403403,11695,114561,3.195119439868204,0.2211756029376559
693,0.0696,29,335,29,273376,403068,11724,114532,3.1924661006209605,0.22127511591962906
694,0.0697,31,372,31,273748,402696,11755,114501,3.1895197059941705,0.22138759505565578
695,0.0698,32,323,32,274071,402373,11787,114469,3.1869614117348877,0.22147774368182152
696,0.0699,30,372,30,274443,402001,11817,114439,3.1840150171080976,0.22159205328789405
697,0.07,27,402,27,274845,401599,11844,114412,3.1808310100114054,0.22172395549707274
698,0.0701,32,387,32,275232,401212,11876,114380,3.177765809149664,0.22184207668078637
699,0.0702,28,350,28,275582,400862,11904,114352,3.174993663667469,0.2219504904758023
700,0.0703,32,356,32,275938,400506,11936,114320,3.1721739956912938,0.22205560713716868
701,0.0704,30,389,30,276327,400117,11966,114290,3.1690929539982258,0.22217815853983325
702,0.0705,38,349,38,276676,399768,12004,114252,3.166328728931694,0.22227150694525505
703,0.0706,25,348,25,277024,399420,12029,114227,3.1635724242808263,0.22238424443246044
704,0.0707,30,347,30,277371,399073,12059,114197,3.160824040045622,0.22248913827030609
705,0.0708,29,360,29,277731,398713,12088,114168,3.1579726904067926,0.22260134417145497
706,0.0709,28,357,28,278088,398356,12116,114140,3.155145102014954,0.22271393337704098
707,0.071,31,351,31,278439,398005,12147,114109,3.1523650361170956,0.22281952846436537
708,0.0711,20,362,20,278801,397643,12167,114089,3.1494978456469394,0.22294677682849617
709,0.0712,39,356,39,279157,397287,12206,114050,3.146678177670764,0.22304272915904774
710,0.0713,35,380,35,279537,396907,12241,114015,3.143668419718667,0.22315539358258207
711,0.0714,28,346,28,279883,396561,12269,113987,3.1409279558991257,0.22326402218792357
712,0.0715,31,366,31,280249,396195,12300,113956,3.138029083766316,0.2233770001430949
713,0.0716,33,358,33,280607,395837,12333,113923,3.135193574958814,0.22348360012554927
714,0.0717,31,351,31,280958,395486,12364,113892,3.1324135090609557,0.22359033959063798
715,0.0718,24,390,24,281348,395096,12388,113868,3.129324546952224,0.22372505717496718
716,0.0719,28,393,28,281741,394703,12416,113840,3.126211823596502,0.2238552098839233
717,0.072,37,360,37,282101,394343,12453,113803,3.1233604739576735,0.22395728786608574
718,0.0721,32,361,32,282462,393982,12485,113771,3.120501203903181,0.22406760767538547
719,0.0722,41,370,41,282832,393612,12526,113730,3.1175706501077176,0.22416831249926086
720,0.0723,30,363,30,283195,393249,12556,113700,3.1146955392218985,0.22428291603297373
721,0.0724,35,361,35,283556,392888,12591,113665,3.111836269167406,0.22438915572506726
722,0.0725,36,342,36,283898,392546,12627,113629,3.109127487010518,0.22448560280535387
723,0.0726,39,324,39,284222,392222,12666,113590,3.106561272335572,0.224569602935478
724,0.0727,29,384,29,284606,391838,12695,113561,3.103519832720821,0.22469573544862573
725,0.0728,30,321,30,284927,391517,12725,113531,3.1009773792928654,0.22479249497077505
726,0.0729,28,341,28,285268,391176,12753,113503,3.098276517551641,0.22490137295191598
727,0.073,25,370,25,285638,390806,12778,113478,3.095345963756178,0.22502796043499299
728,0.0731,25,353,25,285991,390453,12803,113453,3.0925500570269926,0.22514715046060177
729,0.0732,28,383,28,286374,390070,12831,113425,3.089516537827905,0.22527532547493023
730,0.0733,35,343,35,286717,389727,12866,113390,3.0867998352553543,0.22537501217410663
731,0.0734,29,343,29,287060,389384,12895,113361,3.084083132682803,0.22548409233309133
732,0.0735,31,325,31,287385,389059,12926,113330,3.0815089975921937,0.22558216839938772
733,0.0736,28,356,28,287741,388703,12954,113302,3.0786893296160183,0.22569894722164122
734,0.0737,33,356,33,288097,388347,12987,113269,3.075869661639843,0.22580818793658894
735,0.0738,25,351,25,288448,387996,13012,113244,3.0730895957419846,0.22592769930572182
736,0.0739,40,326,40,288774,387670,13052,113204,3.0705075402357114,0.22601292939940984
737,0.074,23,376,23,289150,387294,13075,113181,3.067529463946268,0.22614716019781209
738,0.0741,30,345,30,289495,386949,13105,113151,3.06479692054239,0.22625674865026996
739,0.0742,32,347,32,289842,386602,13137,113119,3.062048536307185,0.22636431128569742
740,0.0743,37,349,37,290191,386253,13174,113082,3.059284311240654,0.22646519871429
741,0.0744,34,348,34,290539,385905,13208,113048,3.0565280065897857,0.22657043849821526
742,0.0745,31,326,31,290865,385579,13239,113017,3.053945951083513,0.22667049073799228
743,0.0746,28,333,28,291198,385246,13267,112989,3.051308452667596,0.2267785282045621
744,0.0747,42,366,42,291564,384880,13309,112947,3.0484095805347864,0.2268800205693946
745,0.0748,25,345,25,291909,384535,13334,112922,3.0456770371309085,0.22699851444446453
746,0.0749,39,313,39,292222,384222,13373,112883,3.04319794702826,0.22708079781937418
747,0.075,35,361,35,292583,383861,13408,112848,3.0403386769737675,0.22719137362117456
748,0.0751,32,341,32,292924,383520,13440,112816,3.0376378152325434,0.22729763708455564
749,0.0752,19,332,19,293256,383188,13459,112797,3.0350082372322897,0.2274201840781475
750,0.0753,27,344,27,293600,382844,13486,112770,3.0322836142440757,0.2275359453122793
751,0.0754,24,313,24,293913,382531,13510,112746,3.029804524141427,0.22764230925320578
752,0.0755,35,353,35,294266,382178,13545,112711,3.0270086174122417,0.22775006112481788
753,0.0756,39,339,39,294605,381839,13584,112672,3.0243235965023443,0.2278452855447098
754,0.0757,33,345,33,294950,381494,13617,112639,3.0215910530984664,0.2279527981332961
755,0.0758,27,336,27,295286,381158,13644,112612,3.0189297934355594,0.22806569860461348
756,0.0759,36,362,36,295648,380796,13680,112576,3.0160626029654036,0.22817671047404392
757,0.076,31,356,31,296004,380440,13711,112545,3.0132429349892282,0.22829295008975933
758,0.0761,31,341,31,296345,380099,13742,112514,3.010542073248004,0.228402417313388
759,0.0762,35,343,35,296688,379756,13777,112479,3.007825370675453,0.22850670919377938
760,0.0763,31,360,31,297048,379396,13808,112448,3.004974021036624,0.2286253364888054
761,0.0764,24,315,24,297363,379081,13832,112424,3.0024790901026486,0.22873419395530056
762,0.0765,42,343,42,297706,378738,13874,112382,2.9997623875300974,0.2288279850138459
763,0.0766,24,346,24,298052,378392,13898,112358,2.997021923710556,0.22895160468670403
764,0.0767,30,352,30,298404,378040,13928,112328,2.9942339373970346,0.22906878099712868
765,0.0768,27,355,27,298759,377685,13955,112301,2.9914221898365225,0.2291922626360753
766,0.0769,32,320,32,299079,377365,13987,112269,2.98888765682423,0.22929167500622916
767,0.077,39,332,39,299411,377033,14026,112230,2.9862580788239765,0.22938583134224333
768,0.0771,25,363,25,299774,376670,14051,112205,2.9833829679381574,0.22951674763487598
769,0.0772,32,348,32,300122,376322,14083,112173,2.9806266632872895,0.22962978126695258
770,0.0773,30,359,30,300481,375963,14113,112143,2.9777832340641237,0.2297513245073816
771,0.0774,29,329,29,300810,375634,14142,112114,2.9751774173108605,0.22986050173450223
772,0.0775,38,318,38,301128,375316,14180,112076,2.972658725129895,0.22995043004398924
773,0.0776,37,323,37,301451,374993,14217,112039,2.970100430870612,0.2300444323986925
774,0.0777,28,341,28,301792,374652,14245,112011,2.967399569129388,0.2301613231332565
775,0.0778,32,357,32,302149,374295,14277,111979,2.9645719807375492,0.23027963658348996
776,0.0779,30,332,30,302481,373963,14307,111949,2.9619424027372956,0.2303894532343305
777,0.078,26,348,26,302829,373615,14333,111923,2.9591860980864277,0.23051336867557226
778,0.0781,30,328,30,303157,373287,14363,111893,2.956588201748828,0.2306216249639309
779,0.0782,31,340,31,303497,372947,14394,111862,2.953895260423267,0.23073416541359587
780,0.0783,34,335,34,303832,372612,14428,111828,2.9512419211760235,0.23083973247460987
781,0.0784,28,303,28,304135,372309,14456,111800,2.9488420352300087,0.2309397263839342
782,0.0785,26,300,26,304435,372009,14482,111774,2.9464659105309847,0.23104160336349147
783,0.0786,29,336,29,304771,371673,14511,111745,2.9438046508680777,0.23115605955922203
784,0.0787,23,321,23,305092,371352,14534,111722,2.9412621974401216,0.23127305547390256
785,0.0788,26,339,26,305431,371013,14560,111696,2.938577176530224,0.23139406971902327
786,0.0789,35,342,35,305773,370671,14595,111661,2.935868394373337,0.23150236766376686
787,0.079,36,319,36,306092,370352,14631,111625,2.933341781776708,0.2315981882952921
788,0.0791,29,346,29,306438,370006,14660,111596,2.9306013179571666,0.23171830681766273
789,0.0792,27,334,27,306772,369672,14687,111569,2.9279558991255863,0.23183602394642186
790,0.0793,35,332,35,307104,369340,14722,111534,2.9253263211253326,0.23194017559693392
791,0.0794,30,362,30,307466,368978,14752,111504,2.922459130655177,0.23206696608821975
792,0.0795,32,358,32,307824,368620,14784,111472,2.9196236218476748,0.2321888304741591
793,0.0796,29,314,29,308138,368306,14813,111443,2.9171366113293624,0.23229438727334503
794,0.0797,27,353,27,308491,367953,14840,111416,2.9143407046001775,0.23242220502368738
795,0.0798,33,322,33,308813,367631,14873,111383,2.911790330756558,0.23252556292717957
796,0.0799,32,321,32,309134,367310,14905,111351,2.9092478773286023,0.23263019130449317
797,0.08,37,331,37,309465,366979,14942,111314,2.906626219744012,0.232731819198692
798,0.0801,32,329,32,309794,366650,14974,111282,2.904020402990749,0.2328406551559636
799,0.0802,29,348,29,310142,366302,15003,111253,2.901264098339881,0.2329637423961638
800,0.0803,36,327,36,310469,365975,15039,111217,2.8986741224179444,0.23306551660547536
801,0.0804,31,325,31,310794,365650,15070,111186,2.896099987327335,0.2331745086360929
802,0.0805,27,321,27,311115,365329,15097,111159,2.893557533899379,0.2332881415691476
803,0.0806,35,346,35,311461,364983,15132,111124,2.8908170700798377,0.23340131525056343
804,0.0807,35,348,35,311809,364635,15167,111089,2.88806076542897,0.2335156519326332
805,0.0808,28,312,28,312121,364323,15195,111061,2.8855895957419846,0.23362376520875755
806,0.0809,31,340,31,312461,363983,15226,111030,2.882896654416424,0.23374097129973284
807,0.081,33,359,33,312820,363624,15259,110997,2.880053225193258,0.23386449398572756
808,0.0811,27,315,27,313135,363309,15286,110970,2.877558294259283,0.23397620387999468
809,0.0812,27,323,27,313458,362986,15313,110943,2.875,0.2340920264427794
810,0.0813,21,306,21,313764,362680,15334,110922,2.872576352806995,0.2342093149944468
811,0.0814,34,316,34,314080,362364,15368,110888,2.8700735014573566,0.2343106843711173
812,0.0815,23,325,23,314405,362039,15391,110865,2.8674993663667467,0.23443447295857087
813,0.0816,18,327,18,314732,361712,15409,110847,2.8649093904448106,0.23456753548234188
814,0.0817,42,312,42,315044,361400,15451,110805,2.8624382207578254,0.23465444033841235
815,0.0818,28,299,28,315343,361101,15479,110777,2.860070016474465,0.2347577127986471
816,0.0819,36,332,36,315675,360769,15515,110741,2.857440438474211,0.23486458399609764
817,0.082,33,312,33,315987,360457,15548,110708,2.854969268787226,0.2349665191599546
818,0.0821,23,337,23,316324,360120,15571,110685,2.8523000887086556,0.2350973332908529
819,0.0822,46,339,46,316663,359781,15617,110639,2.849615067798758,0.23519195612431446
820,0.0823,35,334,35,316997,359447,15652,110604,2.846969648967178,0.2353021267904972
821,0.0824,42,333,42,317330,359114,15694,110562,2.844332150551261,0.23540057401272366
822,0.0825,33,350,33,317680,358764,15727,110529,2.841560005069066,0.23552237088556616
823,0.0826,42,367,42,318047,358397,15769,110487,2.838653212520593,0.23563823888211158
824,0.0827,24,358,24,318405,358039,15793,110463,2.835817703713091,0.2357791428851958
825,0.0828,42,319,42,318724,357720,15835,110421,2.833291091116462,0.235871243920101
826,0.0829,31,332,31,319056,357388,15866,110390,2.8306615131162083,0.23598801140712047
827,0.083,29,322,29,319378,357066,15895,110361,2.828111139272589,0.23610317760848218
828,0.0831,28,310,28,319688,356756,15923,110333,2.8256558104169307,0.2362140833973825
829,0.0832,39,343,39,320031,356413,15962,110294,2.8229391078443795,0.23632386058062124
830,0.0833,34,324,34,320355,356089,15996,110260,2.8203728931694334,0.2364323714642896
831,0.0834,22,311,22,320666,355778,16018,110238,2.817909643898112,0.23655410973013802
832,0.0835,38,334,38,321000,355444,16056,110200,2.8152642250665316,0.23666148388038932
833,0.0836,33,331,33,321331,355113,16089,110167,2.8126425674819413,0.23677570495185696
834,0.0837,39,313,39,321644,354800,16128,110128,2.8101634773792927,0.23687108541537613
835,0.0838,32,334,32,321978,354466,16160,110096,2.8075180585477124,0.23698881957628906
836,0.0839,29,328,29,322306,354138,16189,110067,2.804920162210113,0.23710860503441367
837,0.084,35,329,35,322635,353809,16224,110032,2.8023143454568498,0.2372192195170328
838,0.0841,25,358,25,322993,353451,16249,110007,2.7994788366493473,0.23736131429385188
839,0.0842,35,312,35,323305,353139,16284,109972,2.797007666962362,0.23746358864289555
840,0.0843,24,328,24,323633,352811,16308,109948,2.7944097706247626,0.2375923536873405
841,0.0844,30,296,30,323929,352515,16338,109918,2.792065327588392,0.23769497419085575
842,0.0845,25,328,25,324257,352187,16363,109893,2.789467431250792,0.2378224549861496
843,0.0846,41,327,41,324584,351860,16404,109852,2.7868774553288556,0.2379232075406314
844,0.0847,40,325,40,324909,351535,16444,109812,2.784303320238246,0.23802474059655748
845,0.0848,32,335,32,325244,351200,16476,109780,2.7816499809910025,0.2381448219011671
846,0.0849,33,326,33,325570,350874,16509,109747,2.7790679254847293,0.2382587854222886
847,0.085,25,338,25,325908,350536,16534,109722,2.7763908249904956,0.23839237992604148
848,0.0851,25,324,25,326232,350212,16559,109697,2.7738246103155495,0.2385189243959131
849,0.0852,26,321,26,326553,349891,16585,109671,2.7712821568875934,0.23864244650340977
850,0.0853,37,293,37,326846,349598,16622,109634,2.768961475098213,0.23873336352867397
851,0.0854,36,294,36,327140,349304,16658,109598,2.7666328728931693,0.2388265904267142
852,0.0855,31,334,31,327474,348970,16689,109567,2.763987454061589,0.23894909243965046
853,0.0856,29,319,29,327793,348651,16718,109538,2.76146084146496,0.23906728446121578
854,0.0857,49,308,49,328101,348343,16767,109489,2.7590213534406285,0.23914667388911218
855,0.0858,31,289,31,328390,348054,16798,109458,2.756732353313902,0.23924618370665687
856,0.0859,42,325,42,328715,347729,16840,109416,2.754158218223292,0.23934637806385284
857,0.086,25,331,25,329046,347398,16865,109391,2.7515365606387023,0.23947818358147854
858,0.0861,31,326,31,329372,347072,16896,109360,2.7489545051324296,0.2395975742279244
859,0.0862,32,299,32,329671,346773,16928,109328,2.7465863008490685,0.23970129423088307
860,0.0863,33,317,33,329988,346456,16961,109295,2.744075529083766,0.23981296804614802
861,0.0864,34,312,34,330300,346144,16995,109261,2.741604359396781,0.23992051031499434
862,0.0865,27,291,27,330591,345853,17022,109234,2.739299518438728,0.2400288296523522
863,0.0866,28,339,28,330930,345514,17050,109206,2.7366144975288305,0.2401609781843772
864,0.0867,31,333,31,331263,345181,17081,109175,2.7339769991129135,0.24028515085087465
865,0.0868,29,303,29,331566,344878,17110,109146,2.731577113166899,0.2403969834193787
866,0.0869,36,326,36,331892,344552,17146,109110,2.728995057660626,0.24050945417513478
867,0.087,39,315,39,332207,344237,17185,109071,2.7265001267266507,0.24061124003988457
868,0.0871,35,280,35,332487,343957,17220,109036,2.7242824103408947,0.24070129118993008
869,0.0872,37,314,37,332801,343643,17257,108999,2.721795399822583,0.24080620004330133
870,0.0873,23,284,23,333085,343359,17280,108976,2.719546001774173,0.24091878806636674
871,0.0874,36,334,36,333419,343025,17316,108940,2.7169005829425927,0.24103636343522175
872,0.0875,36,293,36,333712,342732,17352,108904,2.7145799011532126,0.2411322392369076
873,0.0876,31,297,31,334009,342435,17383,108873,2.7122275377011786,0.2412387992235901
874,0.0877,32,286,32,334295,342149,17415,108841,2.7099622988214422,0.24133794540898912
875,0.0878,28,285,28,334580,341864,17443,108813,2.707704980357369,0.24144342844209932
876,0.0879,21,344,21,334924,341520,17464,108792,2.7049803573691547,0.24159249586953047
877,0.088,22,267,22,335191,341253,17486,108770,2.7028656063870233,0.24169875761905502
878,0.0881,30,317,30,335508,340936,17516,108740,2.700354834621721,0.24181855380318273
879,0.0882,29,318,29,335826,340618,17545,108711,2.6978361424407553,0.24194076055629615
880,0.0883,26,296,26,336122,340322,17571,108685,2.6954916994043847,0.24205635992311925
881,0.0884,36,277,36,336399,340045,17607,108649,2.693297744265619,0.24214498076640203
882,0.0885,34,324,34,336723,339721,17641,108615,2.690731529590673,0.242262499553906
883,0.0886,46,277,46,337000,339444,17687,108569,2.688537574451907,0.24233448582965225
884,0.0887,31,307,31,337307,339137,17718,108538,2.686106006843239,0.2424482046127213
885,0.0888,27,330,27,337637,338807,17745,108511,2.6834922696743124,0.24258134034400583
886,0.0889,26,321,26,337958,338486,17771,108485,2.6809498162463568,0.24271149582411386
887,0.089,38,308,38,338266,338178,17809,108447,2.6785103282220253,0.2428144416456759
888,0.0891,34,307,34,338573,337871,17843,108413,2.676078760613357,0.2429237884396483
889,0.0892,42,282,42,338855,337589,17885,108371,2.673845203396274,0.24300609920172211
890,0.0893,42,328,42,339183,337261,17927,108329,2.6712473070586746,0.2431136246325097
891,0.0894,26,310,26,339493,336951,17953,108303,2.668791978203016,0.2432386907248447
892,0.0895,24,313,24,339806,336638,17977,108279,2.6663128881003675,0.24336898792359024
893,0.0896,33,285,33,340091,336353,18010,108246,2.6640555696362944,0.2434688337130763
894,0.0897,41,302,41,340393,336051,18051,108205,2.6616636041059434,0.2435645213570554
895,0.0898,31,315,31,340708,335736,18082,108174,2.659168673171968,0.24368453064810436
896,0.0899,40,293,40,341001,335443,18122,108134,2.6568479913825875,0.24377729233030568
897,0.09,30,293,30,341294,335150,18152,108104,2.6545273095932074,0.24388725200449404
898,0.0901,43,285,43,341579,334865,18195,108061,2.6522699911291343,0.2439707761567395
899,0.0902,32,311,32,341890,334554,18227,108029,2.649806741857813,0.24408754967994703
900,0.0903,34,282,34,342172,334272,18261,107995,2.6475731846407298,0.24418507372243464
901,0.0904,27,312,27,342484,333960,18288,107968,2.645102014953745,0.24431129052696368
902,0.0905,38,318,38,342802,333642,18326,107930,2.6425833227727793,0.24442220068301432
903,0.0906,28,288,28,343090,333354,18354,107902,2.640302243061716,0.2445337853762895
904,0.0907,36,329,36,343419,333025,18390,107866,2.6376964263084526,0.2446545744866645
905,0.0908,30,294,30,343713,332731,18420,107836,2.635367824103409,0.24476640329393712
906,0.0909,40,297,40,344010,332434,18460,107796,2.633015460651375,0.24486291256843015
907,0.091,40,281,40,344291,332153,18500,107756,2.630789823849956,0.2449506602501881
908,0.0911,30,311,30,344602,331842,18530,107726,2.628326574578634,0.24507243475412224
909,0.0912,28,325,28,344927,331517,18558,107698,2.6257524394880245,0.24520565099097252
910,0.0913,33,298,33,345225,331219,18591,107665,2.623392155620327,0.24531539085498674
911,0.0914,32,278,32,345503,330941,18623,107633,2.621190280065898,0.24541582492350208
912,0.0915,29,285,29,345788,330656,18652,107604,2.618932961601825,0.24552548715374437
913,0.0916,36,295,36,346083,330361,18688,107568,2.6165964389811176,0.2456288576458741
914,0.0917,30,301,30,346384,330060,18718,107538,2.61421239386643,0.24574609573169895
915,0.0918,29,287,29,346671,329773,18747,107509,2.61193923457103,0.2458573643552673
916,0.0919,31,327,31,346998,329446,18778,107478,2.609349258649094,0.2459878605890269
917,0.092,36,280,36,347278,329166,18814,107442,2.607131542263338,0.24608344327176782
918,0.0921,39,306,39,347584,328860,18853,107403,2.6047078950703333,0.246188652257927
919,0.0922,36,311,36,347895,328549,18889,107367,2.6022446457990114,0.24630203984253848
920,0.0923,34,309,34,348204,328240,18923,107333,2.5997972373590166,0.24641793683263197
921,0.0924,22,292,22,348496,327948,18945,107311,2.5974844759852997,0.24654516046767558
922,0.0925,29,278,29,348774,327670,18974,107282,2.5952826004308704,0.24665250418436976
923,0.0926,34,298,34,349072,327372,19008,107248,2.592922316563173,0.24676268924577793
924,0.0927,20,287,20,349359,327085,19028,107228,2.5906491572677735,0.24689106704151154
925,0.0928,36,309,36,349668,326776,19064,107192,2.5882017488277786,0.24700438742027062
926,0.0929,24,304,24,349972,326472,19088,107168,2.5857939424661005,0.24713587307443963
927,0.093,31,292,31,350264,326180,19119,107137,2.5834811810923837,0.24724855013765903
928,0.0931,29,294,29,350558,325886,19148,107108,2.58115257888734,0.24736601430966712
929,0.0932,35,277,35,350835,325609,19183,107073,2.578958623748574,0.24746349513037288
930,0.0933,27,285,27,351120,325324,19210,107046,2.576701305284501,0.24757961930753752
931,0.0934,28,329,28,351449,324995,19238,107018,2.574095488531238,0.24771939733295062
932,0.0935,34,251,34,351700,324744,19272,106984,2.5721074641997212,0.24780417299781343
933,0.0936,40,273,40,351973,324471,19312,106944,2.569945190723609,0.247891241611905
934,0.0937,32,274,32,352247,324197,19344,106912,2.5677749968318335,0.2479929669758692
935,0.0938,27,301,27,352548,323896,19371,106885,2.5653909517171463,0.24811911388849556
936,0.0939,27,303,27,352851,323593,19398,106858,2.5629910657711314,0.24824660646624122
937,0.094,28,296,28,353147,323297,19426,106830,2.5606466227347613,0.24836850511593087
938,0.0941,30,275,30,353422,323022,19456,106800,2.5584685084273224,0.24847495009562098
939,0.0942,30,320,30,353742,322702,19486,106770,2.5559339754150296,0.24860759257879442
940,0.0943,31,296,31,354038,322406,19517,106739,2.553589532378659,0.2487247899893975
941,0.0944,25,295,25,354333,322111,19542,106714,2.551253009757952,0.2488520958432927
942,0.0945,36,312,36,354645,321799,19578,106678,2.548781840070967,0.24897018976514493
943,0.0946,31,286,31,354931,321513,19609,106647,2.5465166011912306,0.2490821188340807
944,0.0947,30,287,30,355218,321226,19639,106617,2.544243441895831,0.2491965510713042
945,0.0948,27,286,27,355504,320940,19666,106590,2.5419782030160945,0.24931583748508876
946,0.0949,27,299,27,355803,320641,19693,106563,2.5396099987327334,0.24944288911152518
947,0.095,29,293,29,356096,320348,19722,106534,2.5372893169433532,0.24956311111735796
948,0.0951,30,284,30,356380,320064,19752,106504,2.5350399188949435,0.2496764876877778
949,0.0952,30,261,30,356641,319803,19782,106474,2.5329726904067926,0.2497765537432233
950,0.0953,45,280,45,356921,319523,19827,106429,2.5307549740210367,0.24986148674029
951,0.0954,39,296,39,357217,319227,19866,106390,2.528410530984666,0.24996651919448706
952,0.0955,26,287,26,357504,318940,19892,106364,2.5261373716892663,0.250089347854711
953,0.0956,20,267,20,357771,318673,19912,106344,2.5240226207071346,0.2502111680238673
954,0.0957,36,261,36,358032,318412,19948,106308,2.5219553922189837,0.25030137502354494
955,0.0958,37,280,37,358312,318132,19985,106271,2.5197376758332277,0.2504011517354967
956,0.0959,30,262,30,358574,317870,20015,106241,2.517662526929413,0.250502816479648
957,0.096,29,281,29,358855,317589,20044,106212,2.5154368901279938,0.2506176247814422
958,0.0961,28,286,28,359141,317303,20072,106184,2.5131716512482574,0.2507373307799295
959,0.0962,36,265,36,359406,317038,20108,106148,2.5110727410974527,0.25083060403699553
960,0.0963,37,293,37,359699,316745,20145,106111,2.5087520593080725,0.2509388538887943
961,0.0964,38,281,38,359980,316464,20183,106073,2.5065264225066533,0.2510383706042311
962,0.0965,32,301,32,360281,316163,20215,106041,2.5041423773919655,0.2511605764038237
963,0.0966,26,295,26,360576,315868,20241,106015,2.5018058547712583,0.25129004961091106
964,0.0967,28,272,28,360848,315596,20269,105987,2.49965150171081,0.251402452186165
965,0.0968,25,311,25,361159,315285,20294,105962,2.497188252439488,0.25154363117126055
966,0.0969,37,279,37,361438,315006,20331,105925,2.4949784564693953,0.2516445688248193
967,0.097,29,286,29,361724,314720,20360,105896,2.492713217589659,0.2517640793502863
968,0.0971,33,291,33,362015,314429,20393,105863,2.4904083766316054,0.2518796455797398
969,0.0972,32,298,32,362313,314131,20425,105831,2.488048092763908,0.2520013715526643
970,0.0973,24,255,24,362568,313876,20449,105807,2.4860283867697377,0.2521117128880607
971,0.0974,29,275,29,362843,313601,20478,105778,2.483850272462299,0.2522253140953648
972,0.0975,24,281,24,363124,313320,20502,105754,2.4816246356608795,0.2523516133188888
973,0.0976,25,299,25,363423,313021,20527,105729,2.4792564313775185,0.2524871641791045
974,0.0977,33,287,33,363710,312734,20560,105696,2.4769832720821188,0.2526013909136534
975,0.0978,29,264,29,363974,312470,20589,105667,2.4748922823469774,0.25270904033845365
976,0.0979,22,282,22,364256,312188,20611,105645,2.472658725129895,0.2528402495733942
977,0.098,35,279,35,364535,311909,20646,105610,2.470448929159802,0.25294657249131175
978,0.0981,28,277,28,364812,311632,20674,105582,2.4682549740210367,0.2530643746374762
979,0.0982,33,294,33,365106,311338,20707,105549,2.4659263718159927,0.25318371645074084
980,0.0983,32,282,32,365388,311056,20739,105517,2.46369281459891,0.25329774133225147
981,0.0984,34,295,34,365683,310761,20773,105483,2.461356291978203,0.2534162654596823
982,0.0985,30,265,30,365948,310496,20803,105453,2.459257381827398,0.25352386951284894
983,0.0986,31,273,31,366221,310223,20834,105422,2.4570951083512864,0.2536347123145954
984,0.0987,33,272,33,366493,309951,20867,105389,2.4549407552908376,0.2537415129773198
985,0.0988,26,281,26,366774,309670,20893,105363,2.4527151184894183,0.25386656000848123
986,0.0989,24,291,24,367065,309379,20917,105339,2.4504102775313648,0.254001514281994
987,0.099,33,287,33,367352,309092,20950,105306,2.448137118235965,0.25411802180512455
988,0.0991,38,297,38,367649,308795,20988,105268,2.445784754783931,0.2542318439464526
989,0.0992,31,254,31,367903,308541,21019,105237,2.443772969205424,0.2543320331192089
990,0.0993,31,292,31,368195,308249,21050,105206,2.441460207831707,0.254455744881547
991,0.0994,29,275,29,368470,307974,21079,105177,2.4392820935242683,0.2545727833165114
992,0.0995,33,265,33,368735,307709,21112,105144,2.4371831833734636,0.254676604021286
993,0.0996,31,249,31,368984,307460,21143,105113,2.435210999873273,0.25477430660755795
994,0.0997,30,264,30,369248,307196,21173,105083,2.433120010138132,0.2548832222839388
995,0.0998,38,261,38,369509,306935,21211,105045,2.431052781649981,0.2549759697072673
996,0.0999,42,280,42,369789,306655,21253,105003,2.428835065264225,0.2550733861603564
997,0.1,36,278,36,370067,306377,21289,104967,2.426633189709796,0.25518057878563927
998,0.1001,29,287,29,370354,306090,21318,104938,2.424360030414396,0.2553062078495869
999,0.1002,31,273,31,370627,305817,21349,104907,2.422197756938284,0.25541969789931923
1000,0.1003,28,257,28,370884,305560,21377,104879,2.4201622101127866,0.2555288361973399
1001,0.1004,32,299,32,371183,305261,21409,104847,2.417794005829426,0.2556570464365484
1002,0.1005,41,268,41,371451,304993,21450,104806,2.415671334431631,0.25574977000919963
1003,0.1006,34,273,34,371724,304720,21484,104772,2.4135090609555188,0.2558584783097106
1004,0.1007,46,238,46,371962,304482,21530,104726,2.4116240020276263,0.2559236378565424
1005,0.1008,43,283,43,372245,304199,21573,104683,2.4093825243948803,0.2560225199446295
1006,0.1009,27,278,27,372523,303921,21600,104656,2.407180648840451,0.25614755602983036
1007,0.101,26,256,26,372779,303665,21626,104630,2.4051530224306172,0.25626079182943706
1008,0.1011,20,273,20,373052,303392,21646,104610,2.402990748954505,0.25639580198136286
1009,0.1012,39,264,39,373316,303128,21685,104571,2.4008997592193637,0.2564906953414161
1010,0.1013,38,268,38,373584,302860,21723,104533,2.398777087821569,0.25659007395807
1011,0.1014,32,292,32,373876,302568,21755,104501,2.396464326447852,0.2567156919342912
1012,0.1015,33,297,33,374173,302271,21788,104468,2.394111962995818,0.2568428402489065
1013,0.1016,32,273,32,374446,301998,21820,104436,2.391949689519706,0.2569568490825079
1014,0.1017,41,284,41,374730,301714,21861,104395,2.3897002914712964,0.25706152781642366
1015,0.1018,28,283,28,375013,301431,21889,104367,2.3874588138385504,0.2571895376517381
1016,0.1019,28,260,28,375273,301171,21917,104339,2.3853995057660624,0.25730314912086016
1017,0.102,28,293,28,375566,300878,21945,104311,2.3830788239766822,0.257437887010753
1018,0.1021,34,259,34,375825,300619,21979,104277,2.381027436319858,0.25754020785584447
1019,0.1022,28,261,28,376086,300358,22007,104249,2.378960207831707,0.25765495900960683
1020,0.1023,23,276,23,376362,300082,22030,104226,2.376774173108605,0.2577886165992263
1021,0.1024,28,271,28,376633,299811,22058,104198,2.3746277404638194,0.25791009606221643
1022,0.1025,42,296,42,376929,299515,22100,104156,2.372283297427449,0.25802200306685397
1023,0.1026,26,280,26,377209,299235,22126,104130,2.370065581041693,0.25815328548585026
1024,0.1027,36,275,36,377484,298960,22162,104094,2.3678874667342544,0.25826316076753986
1025,0.1028,43,263,43,377747,298697,22205,104051,2.3658043974147764,0.2583526175176537
1026,0.1029,33,265,33,378012,298432,22238,104018,2.363705487263972,0.25846192073549507
1027,0.103,39,284,39,378296,298148,22277,103979,2.361456089215562,0.2585725405158072
1028,0.1031,34,285,34,378581,297863,22311,103945,2.359198770751489,0.2586932067056903
1029,0.1032,32,244,32,378825,297619,22343,103913,2.357266189329616,0.25879132920912906
1030,0.1033,22,266,22,379091,297353,22365,103891,2.355159358763148,0.2589222517969116
1031,0.1034,35,273,35,379364,297080,22400,103856,2.352997085287036,0.25903386076580803
1032,0.1035,33,276,33,379640,296804,22433,103823,2.3508110505639337,0.25915128036802315
1033,0.1036,38,246,38,379886,296558,22471,103785,2.3488626283107337,0.25924020152719046
1034,0.1037,44,265,44,380151,296293,22515,103741,2.346763718159929,0.2593304569111626
1035,0.1038,36,257,36,380408,296036,22551,103705,2.3447281713344315,0.2594304812366007
1036,0.1039,42,234,42,380642,295802,22593,103663,2.3428747940691927,0.25950458738562826
1037,0.104,32,224,32,380866,295578,22625,103631,2.341100620960588,0.2595908408878557
1038,0.1041,39,268,39,381134,295310,22664,103592,2.338977949562793,0.259692856892169
1039,0.1042,39,276,39,381410,295034,22703,103553,2.336791914839691,0.25980024436321303
1040,0.1043,39,261,39,381671,294773,22742,103514,2.3347246863515396,0.25989801324170764
1041,0.1044,33,241,33,381912,294532,22775,103481,2.332815866176657,0.2599940202958195
1042,0.1045,35,294,35,382206,294238,22810,103446,2.330487263971613,0.26012110117580794
1043,0.1046,31,275,31,382481,293963,22841,103415,2.3283091496641743,0.2602433954572221
1044,0.1047,36,246,36,382727,293717,22877,103379,2.3263607274109743,0.2603375506174829
1045,0.1048,38,303,38,383030,293414,22915,103341,2.32396084146496,0.2604655265844161
1046,0.1049,29,293,29,383323,293121,22944,103312,2.32164015967558,0.2606039355956744
1047,0.105,33,268,33,383591,292853,22977,103279,2.3195174882777847,0.2607186493391092
1048,0.1051,19,253,19,383844,292600,22996,103260,2.317513623114941,0.2608497953822058
1049,0.1052,37,236,37,384080,292364,23033,103223,2.3156444050183755,0.26093627950362375
1050,0.1053,30,237,30,384317,292127,23063,103193,2.3137672665061464,0.2610366285540828
1051,0.1054,33,273,33,384590,291854,23096,103160,2.311604993030034,0.2611553008247809
1052,0.1055,40,241,40,384831,291613,23136,103120,2.3096961728551513,0.26123987606812704
1053,0.1056,29,240,29,385071,291373,23165,103091,2.307795273095932,0.2613445079905898
1054,0.1057,26,247,26,385318,291126,23191,103065,2.305838930427069,0.2614595462605691
1055,0.1058,28,252,28,385570,290874,23219,103037,2.3038429856798883,0.2615743150102434
1056,0.1059,31,280,31,385850,290594,23250,103006,2.3016252692941324,0.26170223577235774
1057,0.106,30,258,30,386108,290336,23280,102976,2.299581802052972,0.26181759010658207
1058,0.1061,43,270,43,386378,290066,23323,102933,2.29744328982385,0.26191669698905085
1059,0.1062,33,228,33,386606,289838,23356,102900,2.2956374350525914,0.26200673222351795
1060,0.1063,30,267,30,386873,289571,23386,102870,2.29352268407046,0.2621285747411713
1061,0.1064,35,288,35,387161,289283,23421,102835,2.2912416043593966,0.2622552394942339
1062,0.1065,29,268,29,387429,289015,23450,102806,2.289118932961602,0.2623800153641586
1063,0.1066,48,257,48,387686,288758,23498,102758,2.2870833861361044,0.2624618150982335
1064,0.1067,34,254,34,387940,288504,23532,102724,2.2850716005575973,0.2625681188462993
1065,0.1068,35,241,35,388181,288263,23567,102689,2.2831627803827144,0.26266395874685383
1066,0.1069,33,282,33,388463,287981,23600,102656,2.2809292231656317,0.26279128705166177
1067,0.107,30,273,30,388736,287708,23630,102626,2.2787669496895195,0.2629184237089262
1068,0.1071,24,231,24,388967,287477,23654,102602,2.2769373336712713,0.2630287710950859
1069,0.1072,24,260,24,389227,287217,23678,102578,2.2748780255987833,0.26315883990302597
1070,0.1073,43,231,43,389458,286986,23721,102535,2.273048409580535,0.2632335612200626
1071,0.1074,35,271,35,389729,286715,23756,102500,2.2709019769357495,0.26335059029071334
1072,0.1075,35,254,35,389983,286461,23791,102465,2.2688901913572423,0.26345628731429627
1073,0.1076,26,253,26,390236,286208,23817,102439,2.2668863261943986,0.2635785172663111
1074,0.1077,29,250,29,390486,285958,23846,102410,2.264906222278545,0.2636931982037655
1075,0.1078,34,272,34,390758,285686,23880,102376,2.2627518692180963,0.2638135143353382
1076,0.1079,27,246,27,391004,285440,23907,102349,2.2608034469648968,0.26392961120609404
1077,0.108,37,235,37,391239,285205,23944,102312,2.2589421492839943,0.26401938495601485
1078,0.1081,44,263,44,391502,284942,23988,102268,2.2568590799645167,0.2641150796725291
1079,0.1082,34,234,34,391736,284708,24022,102234,2.2550057026992776,0.2642101400209851
1080,0.1083,36,284,36,392020,284424,24058,102198,2.2527563046508683,0.26433570774554993
1081,0.1084,46,256,46,392276,284168,24104,102152,2.250728678241034,0.26442327604058813
1082,0.1085,31,252,31,392528,283916,24135,102121,2.2487327334938536,0.2645368190095768
1083,0.1086,34,251,34,392779,283665,24169,102087,2.246744709162337,0.2646441236856841
1084,0.1087,36,247,36,393026,283418,24205,102051,2.2447883664934736,0.2647450248917552
1085,0.1088,34,242,34,393268,283176,24239,102017,2.2428716259029273,0.2648464535959895
1086,0.1089,37,272,37,393540,282904,24276,101980,2.240717272842479,0.26496294987580676
1087,0.109,26,263,26,393803,282641,24302,101954,2.238634203523001,0.2650944500058503
1088,0.1091,31,246,31,394049,282395,24333,101923,2.236685781269801,0.2652048563949646
1089,0.1092,31,254,31,394303,282141,24364,101892,2.2346739956912938,0.26532094898094694
1090,0.1093,35,226,35,394529,281915,24399,101857,2.232883981751362,0.2654101914678507
1091,0.1094,26,267,26,394796,281648,24425,101831,2.230769230769231,0.26554517978820225
1092,0.1095,43,241,43,395037,281407,24468,101788,2.228860410594348,0.2656297707433552
1093,0.1096,29,256,29,395293,281151,24497,101759,2.226832784184514,0.26575174322947953
1094,0.1097,33,267,33,395560,280884,24530,101726,2.2247180332023824,0.26587386633909205
1095,0.1098,34,259,34,395819,280625,24564,101692,2.222666645545558,0.2659886952450453
1096,0.1099,41,259,41,396078,280366,24605,101651,2.220615257888734,0.26609025252802887
1097,0.11,44,250,44,396328,280116,24649,101607,2.2186351539728806,0.26617992628162307
1098,0.1101,29,225,29,396553,279891,24678,101578,2.2168530604486123,0.2662811394897095
1099,0.1102,45,238,45,396791,279653,24723,101533,2.21496800152072,0.26636077925212365
1100,0.1103,38,250,38,397041,279403,24761,101495,2.2129878976048665,0.26646241250938574
1101,0.1104,32,249,32,397290,279154,24793,101463,2.211015714104676,0.2665750610193449
1102,0.1105,25,265,25,397555,278889,24818,101438,2.2089168039538714,0.26671259205893877
1103,0.1106,46,238,46,397793,278651,24864,101392,2.207031745025979,0.2667908631391711
1104,0.1107,48,264,48,398057,278387,24912,101344,2.2049407552908376,0.2668836623820547
1105,0.1108,28,259,28,398316,278128,24940,101316,2.2028893676340133,0.2670117329566418
1106,0.1109,37,269,37,398585,277859,24977,101279,2.200758775820555,0.2671296467249392
1107,0.111,37,260,37,398845,277599,25014,101242,2.1986994677480673,0.2672414020657743
1108,0.1111,35,239,35,399084,277360,25049,101207,2.1968064884045115,0.26734237268435973
1109,0.1112,36,226,36,399310,277134,25085,101171,2.19501647446458,0.2674323627760669
1110,0.1113,44,252,44,399562,276882,25129,101127,2.1930205297173995,0.26752537637992746
1111,0.1114,27,257,27,399819,276625,25156,101100,2.1909849828919024,0.26765504004235885
1112,0.1115,28,232,28,400051,276393,25184,101072,2.1891474464579903,0.26776522326573327
1113,0.1116,32,288,32,400339,276105,25216,101040,2.186866366746927,0.267907568706996
1114,0.1117,23,245,23,400584,275860,25239,101017,2.1849258649093906,0.26803705187634164
1115,0.1118,34,245,34,400829,275615,25273,100983,2.182985363071854,0.2681453433103734
1116,0.1119,39,235,39,401064,275380,25312,100944,2.181124065390952,0.2682369447603661
1117,0.112,36,259,36,401323,275121,25348,100908,2.1790726777341276,0.26835164309135734
1118,0.1121,44,254,44,401577,274867,25392,100864,2.1770608921556205,0.26844737325373735
1119,0.1122,38,268,38,401845,274599,25430,100826,2.1749382207578254,0.268564959712326
1120,0.1123,39,260,39,402105,274339,25469,100787,2.172878912685338,0.26867505851367274
1121,0.1124,21,236,21,402341,274103,25490,100766,2.171009694588772,0.26880323526351874
1122,0.1125,33,251,33,402592,273852,25523,100733,2.169021670257255,0.26891893695689895
1123,0.1126,35,257,35,402849,273595,25558,100698,2.166986123431758,0.26903522107012423
1124,0.1127,37,232,37,403081,273363,25595,100661,2.1651485869978457,0.26912978846277247
1125,0.1128,35,220,35,403301,273143,25630,100626,2.1634060955518946,0.26921975872798437
1126,0.1129,25,216,25,403517,272927,25655,100601,2.161695285768597,0.26932652973806515
1127,0.113,29,239,29,403756,272688,25684,100572,2.1598023064250413,0.2694422118630445
1128,0.1131,17,225,17,403981,272463,25701,100555,2.158020212900773,0.2695714415926309
1129,0.1132,30,212,30,404193,272251,25731,100525,2.1563410847801294,0.2696659656201043
1130,0.1133,30,204,30,404397,272047,25761,100495,2.154725319984793,0.2697548195908112
1131,0.1134,20,228,20,404625,271819,25781,100475,2.1529194652135346,0.26988079313660707
1132,0.1135,35,239,35,404864,271580,25816,100440,2.1510264858699784,0.26998548465136285
1133,0.1136,31,248,31,405112,271332,25847,100409,2.1490622227854517,0.27010472344992886
1134,0.1137,44,231,44,405343,271101,25891,100365,2.147232606767203,0.27018623507938816
1135,0.1138,40,256,40,405599,270845,25931,100325,2.145204980357369,0.27029393539348545
1136,0.1139,23,242,23,405841,270603,25954,100302,2.143288239766823,0.2704250414526631
1137,0.114,38,233,38,406074,270370,25992,100264,2.1414427829172475,0.27052024369054106
1138,0.1141,30,219,30,406293,270151,26022,100234,2.1397082118869597,0.27062111046613657
1139,0.1142,27,246,27,406539,269905,26049,100207,2.13775978963376,0.27074777364689606
1140,0.1143,42,229,42,406768,269676,26091,100165,2.135946014446838,0.2708326010366617
1141,0.1144,44,204,44,406972,269472,26135,100121,2.1343302496515015,0.27089528210761565
1142,0.1145,29,223,29,407195,269249,26164,100092,2.1325639969585604,0.27100159473223934
1143,0.1146,30,222,30,407417,269027,26194,100062,2.1308056646812825,0.2711053431557158
1144,0.1147,36,247,36,407664,268780,26230,100026,2.128849322012419,0.2712157611318688
1145,0.1148,32,229,32,407893,268551,26262,99994,2.1270355468254976,0.2713210055759812
1146,0.1149,31,236,31,408129,268315,26293,99963,2.1251663287289317,0.27143353662179115
1147,0.115,37,245,37,408374,268070,26330,99926,2.123225826891395,0.27154099501081536
1148,0.1151,39,256,39,408630,267814,26369,99887,2.1211982004815613,0.27165278310366303
1149,0.1152,24,249,24,408879,267565,26393,99863,2.1192260169813713,0.27178930293826276
1150,0.1153,30,252,30,409131,267313,26423,99833,2.117230072234191,0.2719163493542079
1151,0.1154,53,245,53,409376,267068,26476,99780,2.1152895703966546,0.27199275994417305
1152,0.1155,40,261,40,409637,266807,26516,99740,2.113222341908503,0.2721069876441493
1153,0.1156,33,240,33,409877,266567,26549,99707,2.111321442149284,0.27221970437432086
1154,0.1157,28,226,28,410103,266341,26577,99679,2.1095314282093525,0.27233211299928967
1155,0.1158,27,225,27,410328,266116,26604,99652,2.107749334685084,0.2724459220052055
1156,0.1159,25,217,25,410545,265899,26629,99627,2.1060306044861234,0.27255790285779946
1157,0.116,45,229,45,410774,265670,26674,99582,2.104216829299202,0.2726391641934883
1158,0.1161,33,254,33,411028,265416,26707,99549,2.1022050437206943,0.27276314167111915
1159,0.1162,32,219,32,411247,265197,26739,99517,2.100470472690407,0.2728631201434549
1160,0.1163,43,200,43,411447,264997,26782,99474,2.098886389557724,0.27292706415599594
1161,0.1164,34,242,34,411689,264755,26816,99440,2.096969648967178,0.27304054146816953
1162,0.1165,34,269,34,411958,264486,26850,99406,2.0948390571537194,0.27317445835577586
1163,0.1166,42,266,42,412224,264220,26892,99364,2.0927322265872514,0.2732903538109488
1164,0.1167,32,238,32,412462,263982,26924,99332,2.090847167659359,0.2734053738639304
1165,0.1168,28,236,28,412698,263746,26952,99304,2.088977949562793,0.2735270623881008
1166,0.1169,28,237,28,412935,263509,26980,99276,2.087100811050564,0.2736496823187287
1167,0.117,26,213,26,413148,263296,27006,99250,2.0854137625142566,0.2737583644558208
1168,0.1171,36,222,36,413370,263074,27042,99214,2.0836554302369787,0.27385395044826216
1169,0.1172,22,213,22,413583,262861,27064,99192,2.0819683817006718,0.2739709379565975
1170,0.1173,43,215,43,413798,262646,27107,99149,2.0802654923330377,0.27404745781450823
1171,0.1174,25,213,25,414011,262433,27132,99124,2.0785784437967303,0.27415870803220516
1172,0.1175,26,233,26,414244,262200,27158,99098,2.076732986947155,0.2742832786231864
1173,0.1176,29,231,29,414475,261969,27187,99069,2.074903370928906,0.27440047861997907
1174,0.1177,29,240,29,414715,261729,27216,99040,2.073002471169687,0.2745246958580144
1175,0.1178,30,225,30,414940,261504,27246,99010,2.0712203776454188,0.27463565908674836
1176,0.1179,47,208,47,415148,261296,27293,98963,2.069572931187429,0.27469959112749437
1177,0.118,22,216,22,415364,261080,27315,98941,2.0678621214041315,0.2748200799397813
1178,0.1181,36,245,36,415609,260835,27351,98905,2.065921619566595,0.27493467504308666
1179,0.1182,31,249,31,415858,260586,27382,98874,2.063949436066405,0.27506259389083626
1180,0.1183,31,237,31,416095,260349,27413,98843,2.0620722975541756,0.2751815185193434
1181,0.1184,32,234,32,416329,260115,27445,98811,2.060218920288937,0.2752963006302135
1182,0.1185,23,228,23,416557,259887,27468,98788,2.058413065517678,0.27542482749006764
1183,0.1186,35,236,35,416793,259651,27503,98753,2.056543847421113,0.2755354292920838
1184,0.1187,31,241,31,417034,259410,27534,98722,2.05463502724623,0.27565813722314675
1185,0.1188,30,215,30,417249,259195,27564,98692,2.052932137878596,0.2757630201711713
1186,0.1189,31,214,31,417463,258981,27595,98661,2.051237168926625,0.27586525072558593
1187,0.119,38,263,38,417726,258718,27633,98623,2.0491540996071476,0.275991280037835
1188,0.1191,36,214,36,417940,258504,27669,98587,2.047459130655177,0.27608368735140343
1189,0.1192,39,220,39,418160,258284,27708,98548,2.0457166392092256,0.27617478253071476
1190,0.1193,34,227,34,418387,258057,27742,98514,2.0439187048536307,0.2762815820692092
1191,0.1194,48,218,48,418605,257839,27790,98466,2.0421920542390066,0.27635312442991256
1192,0.1195,31,241,31,418846,257598,27821,98435,2.0402832340641237,0.27647718048607856
1193,0.1196,33,243,33,419089,257355,27854,98402,2.038358573057914,0.27659891442754464
1194,0.1197,30,238,30,419327,257117,27884,98372,2.0364735141300216,0.2767230490957526
1195,0.1198,35,233,35,419560,256884,27919,98337,2.0346280572804463,0.27683329532882345
1196,0.1199,37,226,37,419786,256658,27956,98300,2.0328380433405147,0.27693417249364716
1197,0.12,35,213,35,419999,256445,27991,98265,2.0311509948042072,0.2770291223816639
1198,0.1201,30,211,30,420210,256234,28021,98235,2.029479787099227,0.27713283813253065
1199,0.1202,34,238,34,420448,255996,28055,98201,2.0275947281713345,0.27724966614624064
1200,0.1203,32,229,32,420677,255767,28087,98169,2.0257809529844124,0.2773637041725058
1201,0.1204,29,232,29,420909,255535,28116,98140,2.0239434165505004,0.27748639287481447
1202,0.1205,36,214,36,421123,255321,28152,98104,2.02224844759853,0.27758081629765863
1203,0.1206,46,213,46,421336,255108,28198,98058,2.0205613990622227,0.2776541343164404
1204,0.1207,26,211,26,421547,254897,28224,98032,2.0188901913572423,0.2777669162919454
1205,0.1208,27,205,27,421752,254692,28251,98005,2.0172665061462425,0.277873075189185
1206,0.1209,25,228,25,421980,254464,28276,97980,2.015460651374984,0.27800161160354553
1207,0.121,39,248,39,422228,254216,28315,97941,2.0134963882904575,0.2781174305778389
1208,0.1211,29,212,29,422440,254004,28344,97912,2.011817260169814,0.27822548562725197
1209,0.1212,42,226,42,422666,253778,28386,97870,2.0100272462298823,0.27831809081809084
1210,0.1213,37,204,37,422870,253574,28423,97833,2.0084114814345457,0.2784036743718822
1211,0.1214,41,230,41,423100,253344,28464,97792,2.0065897858319603,0.27850177708921897
1212,0.1215,26,244,26,423344,253100,28490,97766,2.0046572044100874,0.2786419886794389
1213,0.1216,42,221,42,423565,252879,28532,97724,2.002906792548473,0.27873121450757693
1214,0.1217,26,231,26,423796,252648,28558,97698,2.001077176530224,0.2788614683769759
1215,0.1218,31,220,31,424016,252428,28589,97667,1.9993346850842733,0.27897285022636714
1216,0.1219,35,224,35,424240,252204,28624,97632,1.9975605119756685,0.27907934003361573
1217,0.122,34,190,34,424430,252014,28658,97598,1.9960556329996197,0.27916089836733293
1218,0.1221,32,214,32,424644,251800,28690,97566,1.9943606640476492,0.27926587017626214
1219,0.1222,46,223,46,424867,251577,28736,97520,1.9925944113547078,0.27934929260348845
1220,0.1223,35,253,35,425120,251324,28771,97485,1.990590546191864,0.2794796005837005
1221,0.1224,27,238,27,425358,251086,28798,97458,1.9887054872639716,0.27961462541314724
1222,0.1225,45,222,45,425580,250864,28843,97413,1.9869471549866937,0.2796997791987412
1223,0.1226,25,202,25,425782,250662,28868,97388,1.985347231022684,0.27981037207297804
1224,0.1227,38,232,38,426014,250430,28906,97350,1.983509694588772,0.27991833917994136
1225,0.1228,43,237,43,426251,250193,28949,97307,1.9816325560765429,0.2800201438848921
1226,0.1229,34,212,34,426463,249981,28983,97273,1.979953427955899,0.28012060336238026
1227,0.123,31,220,31,426683,249761,29014,97242,1.978210936509948,0.28023388846782304
1228,0.1231,32,223,32,426906,249538,29046,97210,1.9764446838170067,0.28034768765789564
1229,0.1232,24,189,24,427095,249349,29070,97186,1.9749477252566214,0.28045074812068044
1230,0.1233,33,231,33,427326,249118,29103,97153,1.9731181092383727,0.2805692651131628
1231,0.1234,39,187,39,427513,248931,29142,97114,1.9716369915093144,0.2806398011819272
1232,0.1235,27,196,27,427709,248735,29169,97087,1.9700845900392852,0.2807426942184129
1233,0.1236,32,243,32,427952,248492,29201,97055,1.9681599290330756,0.2808735135886001
1234,0.1237,33,221,33,428173,248271,29234,97022,1.966409517171461,0.2809845551459196
1235,0.1238,29,211,29,428384,248060,29263,96993,1.9647383094664808,0.2810959475790676
1236,0.1239,32,217,32,428601,247843,29295,96961,1.96301957926752,0.28120613449959975
1237,0.124,44,207,44,428808,247636,29339,96917,1.9613800532251933,0.2812832858805467
1238,0.1241,36,204,36,429012,247432,29375,96881,1.9597642884298567,0.2813747956074851
1239,0.1242,37,205,37,429217,247227,29412,96844,1.9581406032188569,0.2814651627135097
1240,0.1243,41,203,41,429420,247024,29453,96803,1.9565327588391839,0.2815456610446533
1241,0.1244,36,215,36,429635,246809,29489,96767,1.9548298694715498,0.2816465643700375
1242,0.1245,38,247,38,429882,246562,29527,96729,1.9528735268026867,0.28176969393313545
1243,0.1246,38,221,38,430103,246341,29565,96691,1.9511231149410722,0.281871662118986
1244,0.1247,37,207,37,430310,246134,29602,96654,1.9494835888987454,0.28196436281316734
1245,0.1248,31,204,31,430514,245930,29633,96623,1.9478678241034089,0.28206730053451584
1246,0.1249,27,225,27,430739,245705,29660,96596,1.9460857305791408,0.2821960788896322
1247,0.125,28,212,28,430951,245493,29688,96568,1.944406602458497,0.2823122191655874
1248,0.1251,28,209,28,431160,245284,29716,96540,1.9427512355848435,0.28242604381202024
1249,0.1252,29,219,29,431379,245065,29745,96511,1.941016664554556,0.2825461976251259
1250,0.1253,33,201,33,431580,244864,29778,96478,1.9394246610062096,0.28264321413714105
1251,0.1254,40,212,40,431792,244652,29818,96438,1.9377455328855657,0.2827347620862529
1252,0.1255,33,225,33,432017,244427,29851,96405,1.9359634393612977,0.28285196225706505
1253,0.1256,35,210,35,432227,244217,29886,96370,1.9343001520719807,0.2829526670131273
1254,0.1257,26,208,26,432435,244009,29912,96344,1.9326527056139906,0.2830708117748338
1255,0.1258,24,199,24,432634,243810,29936,96320,1.9310765428969712,0.2831858407079646
1256,0.1259,33,210,33,432844,243600,29969,96287,1.9294132556076542,0.2832912114908778
1257,0.126,32,232,32,433076,243368,30001,96255,1.9275757191737422,0.28341720083739913
1258,0.1261,31,234,31,433310,243134,30032,96224,1.9257223419085034,0.28354716847694766
1259,0.1262,29,216,29,433526,242918,30061,96195,1.924011532125206,0.2836665064447544
1260,0.1263,34,231,34,433757,242687,30095,96161,1.9221819161069573,0.2837880111436396
1261,0.1264,25,197,25,433954,242490,30120,96136,1.9206215942212648,0.2839002321144862
1262,0.1265,36,229,36,434183,242261,30156,96100,1.918807819034343,0.2840161838982625
1263,0.1266,35,227,35,434410,242034,30191,96065,1.917009884678748,0.2841327540158356
1264,0.1267,32,211,32,434621,241823,30223,96033,1.9153386769737675,0.28424239912862287
1265,0.1268,41,193,41,434814,241630,30264,95992,1.9138100367507287,0.2843179650615185
1266,0.1269,28,217,28,435031,241413,30292,95964,1.9120913065517677,0.2844414408806765
1267,0.127,33,207,33,435238,241206,30325,95931,1.9104517805094412,0.28454604507959674
1268,0.1271,39,202,39,435440,241004,30364,95892,1.9088518565454315,0.28463383358662614
1269,0.1272,30,212,30,435652,240792,30394,95862,1.9071727284247877,0.2847493272024096
1270,0.1273,29,203,29,435855,240589,30423,95833,1.9055648840451147,0.2848594919476134
1271,0.1274,36,195,36,436050,240394,30459,95797,1.904020402990749,0.28494813959921594
1272,0.1275,35,228,35,436278,240166,30494,95762,1.9022145482194905,0.28506703817484697
1273,0.1276,31,177,31,436455,239989,30525,95731,1.9008126346470662,0.2851513165733349
1274,0.1277,28,210,28,436665,239779,30553,95703,1.8991493473577494,0.2852701486219827
1275,0.1278,36,179,36,436844,239600,30589,95667,1.8977315929539982,0.2853457095389645
1276,0.1279,27,217,27,437061,239383,30616,95640,1.8960128627550374,0.28547293767890564
1277,0.128,35,229,35,437290,239154,30651,95605,1.8941990875681156,0.285593516529802
1278,0.1281,41,219,41,437509,238935,30692,95564,1.892464516537828,0.28569293181743444
1279,0.1282,35,210,35,437719,238725,30727,95529,1.890801229248511,0.28579762695435207
1280,0.1283,33,183,33,437902,238542,30760,95496,1.8893517931821062,0.2858836419808525
1281,0.1284,35,226,35,438128,238316,30795,95461,1.8875617792421746,0.2860023308975753
1282,0.1285,44,219,44,438347,238097,30839,95417,1.885827208211887,0.28609593600268657
1283,0.1286,29,221,29,438568,237876,30868,95388,1.8840767963502725,0.286223534495175
1284,0.1287,37,219,37,438787,237657,30905,95351,1.8823422253199849,0.28633246048142985
1285,0.1288,28,208,28,438995,237449,30933,95323,1.8806947788619948,0.2864513841308764
1286,0.1289,38,180,38,439175,237269,30971,95285,1.8792691040425802,0.28652489520498925
1287,0.129,28,190,28,439365,237079,30999,95257,1.8777642250665314,0.28662859274950653
1288,0.1291,33,210,33,439575,236869,31032,95224,1.8761009377772147,0.2867389556539885
1289,0.1292,29,205,29,439780,236664,31061,95195,1.8744772525662148,0.2868537541546259
1290,0.1293,26,244,26,440024,236420,31087,95169,1.8725446711443416,0.28700891766614695
1291,0.1294,47,186,47,440210,236234,31134,95122,1.8710714738309466,0.2870688926713263
1292,0.1295,32,215,32,440425,236019,31166,95090,1.8693685844633126,0.2871863948125844
1293,0.1296,39,212,39,440637,235807,31205,95051,1.867689456342669,0.28728638872265444
1294,0.1297,33,228,33,440865,235579,31238,95018,1.8658836015714104,0.28741337640692444
1295,0.1298,35,211,35,441076,235368,31273,94983,1.8642123938664301,0.28752145445299093
1296,0.1299,37,222,37,441298,235146,31310,94946,1.8624540615891523,0.287634962374126
1297,0.13,29,186,29,441484,234960,31339,94917,1.8609808642757573,0.2877345192298948
1298,0.1301,29,206,29,441690,234754,31368,94888,1.8593492586490938,0.2878516693867893
1299,0.1302,36,221,36,441911,234533,31404,94852,1.8575988467874793,0.28796696874478195
1300,0.1303,38,223,38,442134,234310,31442,94814,1.8558325940945382,0.28807987263159174
1301,0.1304,43,205,43,442339,234105,31485,94771,1.8542089088835383,0.28816636057359
1302,0.1305,33,186,33,442525,233919,31518,94738,1.8527357115701433,0.2882579710762284
1303,0.1306,51,195,51,442720,233724,31569,94687,1.8511912305157774,0.28831860077768406
1304,0.1307,30,194,30,442914,233530,31599,94657,1.849654669877075,0.28842397779314843
1305,0.1308,31,216,31,443130,233314,31630,94626,1.8479438600937776,0.28854668536927486
1306,0.1309,36,211,36,443341,233103,31666,94590,1.8462726523887973,0.2886543197443949
1307,0.131,28,213,28,443554,232890,31694,94562,1.8445856038524902,0.28878125648950076
1308,0.1311,30,196,30,443750,232694,31724,94532,1.843033202382461,0.28888902471075034
1309,0.1312,37,214,37,443964,232480,31761,94495,1.8413382334304904,0.2889976297882101
1310,0.1313,27,206,27,444170,232274,31788,94468,1.8397066278038272,0.2891210802406792
1311,0.1314,29,201,29,444371,232073,31817,94439,1.8381146242554809,0.289235923947665
1312,0.1315,41,199,41,444570,231874,31858,94398,1.8365384615384615,0.2893230188309141
1313,0.1316,27,201,27,444771,231673,31885,94371,1.8349464579901154,0.2894425292291838
1314,0.1317,38,181,38,444952,231492,31923,94333,1.8335128627550374,0.28952044809330163
1315,0.1318,36,195,36,445147,231297,31959,94297,1.8319683817006716,0.28961528775100276
1316,0.1319,38,208,38,445355,231089,31997,94259,1.8303209352426815,0.2897174717533226
1317,0.132,37,183,37,445538,230906,32034,94222,1.8288714991762767,0.28979970965281365
1318,0.1321,29,184,29,445722,230722,32063,94193,1.8274141426942085,0.289900435498515
1319,0.1322,36,207,36,445929,230515,32099,94157,1.8257746166518818,0.2900065296668638
1320,0.1323,41,227,41,446156,230288,32140,94116,1.8239766822962868,0.29011972725367136
1321,0.1324,27,203,27,446359,230085,32167,94089,1.8223688379166139,0.2902422772955265
1322,0.1325,36,215,36,446574,229870,32203,94053,1.8206659485489798,0.2903560414049018
1323,0.1326,47,186,47,446760,229684,32250,94006,1.8191927512355848,0.2904198461490933
1324,0.1327,49,211,49,446971,229473,32299,93957,1.8175215435306045,0.2905018087375939
1325,0.1328,32,215,32,447186,229258,32331,93925,1.8158186541629704,0.2906248162805593
1326,0.1329,27,209,27,447395,229049,32358,93898,1.814163287289317,0.2907535911465349
1327,0.133,39,214,39,447609,228835,32397,93859,1.8124683183373465,0.29086069155298827
1328,0.1331,33,179,33,447788,228656,32430,93826,1.8110505639335952,0.2909495723792336
1329,0.1332,28,192,28,447980,228464,32458,93798,1.8095298441262198,0.291061310362376
1330,0.1333,35,180,35,448160,228284,32493,93763,1.8081041693068052,0.2911469443901045
1331,0.1334,42,189,42,448349,228095,32535,93721,1.80660721074642,0.2912254207373157
1332,0.1335,28,218,28,448567,227877,32563,93693,1.8048805601317957,0.29136113443418227
1333,0.1336,50,199,50,448766,227678,32613,93643,1.8033043974147762,0.2914313101228989
1334,0.1337,27,202,27,448968,227476,32640,93616,1.8017044734507668,0.29155506832932615
1335,0.1338,24,201,24,449169,227275,32664,93592,1.8001124699024205,0.291684716720635
1336,0.1339,24,200,24,449369,227075,32688,93568,1.7985283867697377,0.29181363697320695
1337,0.134,42,186,42,449555,226889,32730,93526,1.7970551894563427,0.2918902048905326
1338,0.1341,30,198,30,449753,226691,32760,93496,1.7954869471549868,0.29200435995215296
1339,0.1342,30,204,30,449957,226487,32790,93466,1.7938711823596503,0.29212415573537365
1340,0.1343,27,200,27,450157,226287,32817,93439,1.7922870992269675,0.29224711158929834
1341,0.1344,28,186,28,450343,226101,32845,93411,1.7908139019135725,0.2923552167054759
1342,0.1345,26,187,26,450530,225914,32871,93385,1.789332784184514,0.29246881449675693
1343,0.1346,32,200,32,450730,225714,32903,93353,1.7877487010518311,0.2925811820087944
1344,0.1347,33,187,33,450917,225527,32936,93320,1.7862675833227728,0.29267956104338444
1345,0.1348,36,202,36,451119,225325,32972,93284,1.7846676593587631,0.29278520066915875
1346,0.1349,34,188,34,451307,225137,33006,93250,1.7831786212140412,0.29288256115984634
1347,0.135,31,179,31,451486,224958,33037,93219,1.7817608668102902,0.29297843653061034
1348,0.1351,29,210,29,451696,224748,33066,93190,1.7800975795209732,0.29310746120312764
1349,0.1352,35,203,35,451899,224545,33101,93155,1.7784897351413003,0.29321687126219703
1350,0.1353,31,193,31,452092,224352,33132,93124,1.7769610949182613,0.2933261096901813
1351,0.1354,25,198,25,452290,224154,33157,93099,1.7753928526169054,0.29345348980151487
1352,0.1355,48,187,48,452477,223967,33205,93051,1.7739117348878468,0.2935196108738305
1353,0.1356,29,205,29,452682,223762,33234,93022,1.772288049676847,0.29364488105459874
1354,0.1357,26,191,26,452873,223571,33260,92996,1.770775250285135,0.2937640373127963
1355,0.1358,33,216,33,453089,223355,33293,92963,1.7690644405018376,0.29389095783357255
1356,0.1359,29,190,29,453279,223165,33322,92934,1.7675595615257889,0.29400282822786533
1357,0.136,43,184,43,453463,222981,33365,92891,1.7661022050437207,0.2940779809543106
1358,0.1361,36,200,36,453663,222781,33401,92855,1.764518121911038,0.29418380666337174
1359,0.1362,32,183,32,453846,222598,33433,92823,1.7630686858446332,0.2942828790727314
1360,0.1363,44,192,44,454038,222406,33477,92779,1.7615479660372577,0.29436362771070956
1361,0.1364,35,182,35,454220,222224,33512,92744,1.7601064503865163,0.29445530974575196
1362,0.1365,41,189,41,454409,222035,33553,92703,1.758609491826131,0.2945402207550407
1363,0.1366,28,202,28,454611,221833,33581,92675,1.7570095678621214,0.29466659035700205
1364,0.1367,19,211,19,454822,221622,33600,92656,1.755338360157141,0.2948217819891943
1365,0.1368,43,192,43,455014,221430,33643,92613,1.7538176403497656,0.2949054747279831
1366,0.1369,34,230,34,455244,221200,33677,92579,1.7519959447471802,0.29504523884644923
1367,0.137,35,206,35,455450,220994,33712,92544,1.750364339120517,0.2951603952312
1368,0.1371,41,217,41,455667,220777,33753,92503,1.7486456089215563,0.2952725995914198
1369,0.1372,30,200,30,455867,220577,33783,92473,1.7470615257888733,0.295393707075547
1370,0.1373,35,178,35,456045,220399,33818,92438,1.7456516918007856,0.2954829511854416
1371,0.1374,27,186,27,456231,220213,33845,92411,1.7441784944873906,0.2955979067506014
1372,0.1375,34,199,34,456430,220014,33879,92377,1.7426023317703714,0.2957095434887689
1373,0.1376,35,220,35,456650,219794,33914,92342,1.7408598403244202,0.2958389932593485
1374,0.1377,34,176,34,456826,219618,33948,92308,1.7394658471676594,0.2959291626860217
1375,0.1378,31,205,31,457031,219413,33979,92277,1.7378421619566595,0.29605377137540506
1376,0.1379,38,171,38,457202,219242,34017,92239,1.7364877708782156,0.29613042208031953
1377,0.138,36,190,36,457392,219052,34053,92203,1.734982891902167,0.29622977944129414
1378,0.1381,36,180,36,457572,218872,34089,92167,1.7335572170827525,0.2963197541144358
1379,0.1382,28,167,28,457739,218705,34117,92139,1.7322345076669623,0.2964155653639768
1380,0.1383,33,194,33,457933,218511,34150,92106,1.73069794702826,0.2965259467447049
1381,0.1384,40,175,40,458108,218336,34190,92066,1.7293118742871625,0.29660247034490755
1382,0.1385,26,216,26,458324,218120,34216,92040,1.727601064503865,0.2967500644828476
1383,0.1386,31,183,31,458507,217937,34247,92009,1.7261516284374605,0.29685493602111335
1384,0.1387,40,199,40,458706,217738,34287,91969,1.724575465720441,0.296954863790615
1385,0.1388,32,194,32,458900,217544,34319,91937,1.7230389050817387,0.29706831760269614
1386,0.1389,29,182,29,459082,217362,34348,91908,1.7215973894309973,0.2971772237850422
1387,0.139,36,195,36,459277,217167,34384,91872,1.7200529083766316,0.29728286721093455
1388,0.1391,31,199,31,459476,216968,34415,91841,1.7184767456596122,0.29740389690714975
1389,0.1392,30,186,30,459662,216782,34445,91811,1.7170035483462172,0.29751484965634345
1390,0.1393,31,201,31,459863,216581,34476,91780,1.715411544797871,0.29763815787340164
1391,0.1394,36,186,36,460049,216395,34512,91744,1.713938347484476,0.29773576210736064
1392,0.1395,29,183,29,460232,216212,34541,91715,1.7124889114180712,0.297846567530616
1393,0.1396,28,214,28,460446,215998,34569,91687,1.7107939424661007,0.2979898272583974
1394,0.1397,36,162,36,460608,215836,34605,91651,1.7095108351286274,0.2980646336267875
1395,0.1398,27,174,27,460782,215662,34632,91624,1.7081326828031935,0.29817173577709366
1396,0.1399,37,180,37,460962,215482,34669,91587,1.706707007983779,0.2982619541536267
1397,0.14,41,194,41,461156,215288,34710,91546,1.7051704473450766,0.298356766199313
1398,0.1401,39,183,39,461339,215105,34749,91507,1.7037210112786718,0.2984455924751804
1399,0.1402,39,170,39,461509,214935,34788,91468,1.7023745406158914,0.29852188131317253
1400,0.1403,29,167,29,461676,214768,34817,91439,1.7010518312001013,0.2986182549713103
1401,0.1404,39,192,39,461868,214576,34856,91400,1.6995311113927258,0.29871623918215806
1402,0.1405,37,170,37,462038,214406,34893,91363,1.6981846407299455,0.29879745821191817
1403,0.1406,30,205,30,462243,214201,34923,91333,1.6965609555189456,0.2989290880883961
1404,0.1407,37,185,37,462428,214016,34960,91296,1.6950956786212141,0.29902525940677077
1405,0.1408,42,192,42,462620,213824,35002,91254,1.6935749588138385,0.2991169471413868
1406,0.1409,27,179,27,462799,213645,35029,91227,1.6921572044100874,0.2992304967330552
1407,0.141,24,195,24,462994,213450,35053,91203,1.6906127233557218,0.2993668206123032
1408,0.1411,36,175,36,463169,213275,35089,91167,1.6892266506146243,0.29945605402671116
1409,0.1412,22,178,22,463347,213097,35111,91145,1.6878168166265366,0.2995805970247369
1410,0.1413,34,203,34,463550,212894,35145,91111,1.6862089722468636,0.2997023075278367
1411,0.1414,42,191,42,463741,212703,35187,91069,1.6846961728551515,0.29979392439066144
1412,0.1415,50,187,50,463928,212516,35237,91019,1.683215055126093,0.2998632777109724
1413,0.1416,39,180,39,464108,212336,35276,90980,1.6817893803066786,0.29995120600298036
1414,0.1417,36,201,36,464309,212135,35312,90944,1.6801973767583323,0.3000669792364367
1415,0.1418,36,186,36,464495,211949,35348,90908,1.6787241794449372,0.3001680661170123
1416,0.1419,26,191,26,464686,211758,35374,90882,1.6772113800532251,0.3002973830293418
1417,0.142,36,189,36,464875,211569,35410,90846,1.67571442149284,0.3004017657854273
1418,0.1421,42,184,42,465059,211385,35452,90804,1.6742570650107718,0.3004874432888027
1419,0.1422,43,161,43,465220,211224,35495,90761,1.672981878088962,0.30054804046558603
1420,0.1423,31,184,31,465404,211040,35526,90730,1.671524521606894,0.30065944262186434
1421,0.1424,32,189,32,465593,210851,35558,90698,1.6700275630465087,0.300773671940547
1422,0.1425,30,195,30,465788,210656,35588,90668,1.668483081992143,0.30089870040222483
1423,0.1426,43,190,43,465978,210466,35631,90625,1.6669782030160942,0.30098873762417344
1424,0.1427,39,190,39,466168,210276,35670,90586,1.6654733240400457,0.30108820655317053
1425,0.1428,29,186,29,466354,210090,35699,90557,1.6640001267266507,0.30120706343319575
1426,0.1429,30,191,30,466545,209899,35729,90527,1.6624873273349385,0.3013287797993516
1427,0.143,36,182,36,466727,209717,35765,90491,1.6610458116841973,0.30142767681074456
1428,0.1431,32,189,32,466916,209528,35797,90459,1.6595488531238118,0.3015430668662309
1429,0.1432,29,164,29,467080,209364,35826,90430,1.6582499049550121,0.3016404597823839
1430,0.1433,36,198,36,467278,209166,35862,90394,1.656681662653656,0.3017559086660435
1431,0.1434,32,191,32,467469,208975,35894,90362,1.655168863261944,0.30187380778186457
1432,0.1435,31,208,31,467677,208767,35925,90331,1.6535214168039538,0.3020113808851948
1433,0.1436,33,182,33,467859,208585,35958,90298,1.6520799011532126,0.30211822017311124
1434,0.1437,25,179,25,468038,208406,35983,90273,1.6506621467494613,0.30224086728561433
1435,0.1438,46,182,46,468220,208224,36029,90227,1.64922063109872,0.3023176333803539
1436,0.1439,38,188,38,468408,208036,36067,90189,1.6477315929539982,0.3024193142761338
1437,0.144,41,165,41,468573,207871,36108,90148,1.646424724369535,0.3024907807891443
1438,0.1441,37,177,37,468750,207694,36145,90111,1.6450228107971105,0.30258390557579623
1439,0.1442,24,171,24,468921,207523,36169,90087,1.6436684197186668,0.30270152212627266
1440,0.1443,43,168,43,469089,207355,36212,90044,1.6423377898872134,0.3027716972821025
1441,0.1444,42,200,42,469289,207155,36254,90002,1.6407537067545306,0.30287693037687147
1442,0.1445,37,172,37,469461,206983,36291,89965,1.6393913952604233,0.3029655023775206
1443,0.1446,27,191,27,469652,206792,36318,89938,1.6378785958687112,0.3030970916321235
1444,0.1447,37,181,37,469833,206611,36355,89901,1.6364450006336333,0.3031951489315778
1445,0.1448,32,198,32,470031,206413,36387,89869,1.6348767583322772,0.3033225103111225
1446,0.1449,32,157,32,470188,206256,36419,89837,1.6336332530731212,0.30340805084888867
1447,0.145,35,178,35,470366,206078,36454,89802,1.6322234190850335,0.303508178991483
1448,0.1451,32,166,32,470532,205912,36486,89770,1.630908630084907,0.303603195324707
1449,0.1452,36,166,36,470698,205746,36522,89734,1.6295938410847801,0.30368891295519157
1450,0.1453,33,183,33,470881,205563,36555,89701,1.6281444050183753,0.3037993118023193
1451,0.1454,38,208,38,471089,205355,36593,89663,1.6264969585603852,0.3039238283765736
1452,0.1455,34,191,34,471280,205164,36627,89629,1.6249841591686731,0.3040404622904886
1453,0.1456,32,172,32,471452,204992,36659,89597,1.6236218476745659,0.30414238141953703
1454,0.1457,39,190,39,471642,204802,36698,89558,1.6221169686985173,0.3042465008832722
1455,0.1458,27,185,27,471827,204617,36725,89531,1.6206516918007856,0.30437398860437603
1456,0.1459,36,170,36,471997,204447,36761,89495,1.6193052211380052,0.3044648263943227
1457,0.146,27,182,27,472179,204265,36788,89468,1.617863705487264,0.3045895422032935
1458,0.1461,21,202,21,472381,204063,36809,89447,1.6162637815232543,0.30474941228578245
1459,0.1462,28,185,28,472566,203878,36837,89419,1.6147985046255227,0.30487526295870737
1460,0.1463,31,179,31,472745,203699,36868,89388,1.6133807502217716,0.30498793873491487
1461,0.1464,27,187,27,472932,203512,36895,89361,1.6118996324927133,0.3051186008952686
1462,0.1465,31,208,31,473140,203304,36926,89330,1.6102521860347232,0.3052618629414217
1463,0.1466,39,222,39,473362,203082,36965,89291,1.6084938537574451,0.3054009775184439
1464,0.1467,37,168,37,473530,202914,37002,89254,1.6071632239259916,0.30548862298403656
1465,0.1468,32,186,32,473716,202728,37034,89222,1.6056900266125966,0.3056071245076212
1466,0.1469,32,194,32,473910,202534,37066,89190,1.6041534659738943,0.3057341871083627
1467,0.147,37,173,37,474083,202361,37103,89153,1.6027832340641237,0.3058275074267445
1468,0.1471,32,167,32,474250,202194,37135,89121,1.6014605246483335,0.3059265743267597
1469,0.1472,33,161,33,474411,202033,37168,89088,1.6001853377265238,0.3060170856791506
1470,0.1473,33,167,33,474578,201866,37201,89055,1.5988626283107337,0.3061140309568577
1471,0.1474,44,169,44,474747,201697,37245,89011,1.5975240780636168,0.30618696423903025
1472,0.1475,39,177,39,474924,201520,37284,88972,1.5961221644911925,0.30628037949409964
1473,0.1476,37,180,37,475104,201340,37321,88935,1.594696489671778,0.30638187925243304
1474,0.1477,25,176,25,475280,201164,37346,88910,1.593302496515017,0.30650799451174526
1475,0.1478,27,174,27,475454,200990,37373,88883,1.5919243441895832,0.3066273850962318
1476,0.1479,28,186,28,475640,200804,37401,88855,1.5904511468761882,0.3067572559457845
1477,0.148,30,181,30,475821,200623,37431,88825,1.58901755164111,0.30687722837953624
1478,0.1481,38,184,38,476005,200439,37469,88787,1.587560195159042,0.30698139171443783
1479,0.1482,26,198,26,476203,200241,37495,88761,1.585991952857686,0.3071293624265576
1480,0.1483,28,174,28,476377,200067,37523,88733,1.5846138005322519,0.3072472299168975
1481,0.1484,32,167,32,476544,199900,37555,88701,1.5832910911164617,0.3073482073866688
1482,0.1485,34,176,34,476720,199724,37589,88667,1.581897097959701,0.30745411611319357
1483,0.1486,30,169,30,476889,199555,37619,88637,1.5805585477125839,0.3075623195647346
1484,0.1487,27,169,27,477058,199386,37646,88610,1.579219997465467,0.30767788441506133
1485,0.1488,30,169,30,477227,199217,37676,88580,1.57788144721835,0.3077863911020615
1486,0.1489,30,172,30,477399,199045,37706,88550,1.5765191357242427,0.3078982597054886
1487,0.149,37,163,37,477562,198882,37743,88513,1.5752281079711064,0.3079837853824875
1488,0.1491,34,187,34,477749,198695,37777,88479,1.573746990242048,0.30810240481380624
1489,0.1492,35,168,35,477917,198527,37812,88444,1.5724163604105943,0.30819838938429317
1490,0.1493,26,162,26,478079,198365,37838,88418,1.5711332530731212,0.3083097673153569
1491,0.1494,35,208,35,478287,198157,37873,88383,1.5694858066151312,0.30844908215257905
1492,0.1495,37,164,37,478451,197993,37910,88346,1.5681868584463312,0.3085363851937738
1493,0.1496,38,163,38,478614,197830,37948,88308,1.5668958306931948,0.30862031607126633
1494,0.1497,40,168,40,478782,197662,37988,88268,1.5655652008617413,0.30870492777952646
1495,0.1498,28,173,28,478955,197489,38016,88240,1.5641949689519705,0.3088240955590787
1496,0.1499,32,182,32,479137,197307,38048,88208,1.5627534533012293,0.30894348808293787
1497,0.15,33,186,33,479323,197121,38081,88175,1.5612802559878343,0.30906497111771636
1498,0.1501,31,177,31,479500,196944,38112,88144,1.55987834241541,0.30918172634414637
1499,0.1502,29,168,29,479668,196776,38141,88115,1.5585477125839564,0.30929372988265685
1500,0.1503,38,179,38,479847,196597,38179,88077,1.5571299581802054,0.30939601087559804
1501,0.1504,36,154,36,480001,196443,38215,88041,1.5559102141680394,0.309476104104273
1502,0.1505,38,184,38,480185,196259,38253,88003,1.5544528576859713,0.30958411606194286
1503,0.1506,35,145,35,480330,196114,38288,87968,1.5533043974147762,0.30965707084574173
1504,0.1507,35,164,35,480494,195950,38323,87933,1.5520054492459765,0.3097508480606447
1505,0.1508,33,167,33,480661,195783,38356,87900,1.5506827398301863,0.30985289918676834
1506,0.1509,28,173,28,480834,195610,38384,87872,1.5493125079204157,0.30997382549862074
1507,0.151,33,168,33,481002,195442,38417,87839,1.547981878088962,0.3100772730963248
1508,0.1511,33,167,33,481169,195275,38450,87806,1.5466591686731719,0.310179771867416
1509,0.1512,38,158,38,481327,195117,38488,87768,1.5454077429983526,0.31026035314703854
1510,0.1513,32,166,32,481493,194951,38520,87736,1.5440929539982258,0.31036446670699397
1511,0.1514,42,168,42,481661,194783,38562,87694,1.5427623241667723,0.3104465142294771
1512,0.1515,25,159,25,481820,194624,38587,87669,1.5415029780762894,0.31056030436461407
1513,0.1516,35,179,35,481999,194445,38622,87634,1.5400852236725384,0.31067183306804125
1514,0.1517,31,155,31,482154,194290,38653,87603,1.5388575592447091,0.3107668512520708
1515,0.1518,36,164,36,482318,194126,38689,87567,1.5375586110759092,0.310859694774098
1516,0.1519,35,154,35,482472,193972,38724,87532,1.5363388670637435,0.31094407184267364
1517,0.152,35,167,35,482639,193805,38759,87497,1.5350161576479533,0.3110429360615993
1518,0.1521,35,174,35,482813,193631,38794,87462,1.5336380053225194,0.31114969067177056
1519,0.1522,37,158,37,482971,193473,38831,87425,1.5323865796476999,0.3112339710499897
1520,0.1523,27,170,27,483141,193303,38858,87398,1.5310401089849195,0.31135621176981915
1521,0.1524,32,158,32,483299,193145,38890,87366,1.5297886833101002,0.31145302679752307
1522,0.1525,29,154,29,483453,192991,38919,87337,1.5285689392979342,0.31155289517993207
1523,0.1526,32,194,32,483647,192797,38951,87305,1.5270323786592321,0.31169002720437555
1524,0.1527,30,163,30,483810,192634,38981,87275,1.5257413509060955,0.311797762844353
1525,0.1528,28,155,28,483965,192479,39009,87247,1.5245136864782665,0.3119016466113268
1526,0.1529,24,157,24,484122,192322,39033,87223,1.5232701812191103,0.3120177431182815
1527,0.153,40,166,40,484288,192156,39073,87183,1.5219553922189837,0.31210464704176644
1528,0.1531,32,165,32,484453,191991,39105,87151,1.5206485236345204,0.3122102729076957
1529,0.1532,30,152,30,484605,191839,39135,87121,1.5194446204536813,0.31230642386005164
1530,0.1533,35,167,35,484772,191672,39170,87086,1.5181219110378912,0.312407177551855
1531,0.1534,44,172,44,484944,191500,39214,87042,1.5167595995437841,0.31249147345822176
1532,0.1535,24,154,24,485098,191346,39238,87018,1.5155398555316184,0.31260507824287626
1533,0.1536,30,179,30,485277,191167,39268,86988,1.5141221011278672,0.3127321097948985
1534,0.1537,36,161,36,485438,191006,39304,86952,1.5128469142060574,0.3128242396333259
1535,0.1538,30,181,30,485619,190825,39334,86922,1.5114133189709795,0.31295387528938207
1536,0.1539,35,191,35,485810,190634,39369,86887,1.5099005195792676,0.3130826135679822
1537,0.154,32,173,32,485983,190461,39401,86855,1.5085302876694968,0.31319866145480246
1538,0.1541,40,159,40,486142,190302,39441,86815,1.507270941579014,0.3132792286290628
1539,0.1542,34,158,34,486300,190144,39475,86781,1.5060195159041947,0.3133736571273811
1540,0.1543,45,174,45,486474,189970,39520,86736,1.5046413635787605,0.3134590504000636
1541,0.1544,24,176,24,486650,189794,39544,86712,1.5032473704219997,0.3135989815772533
1542,0.1545,31,168,31,486818,189626,39575,86681,1.5019167405905463,0.31371264571653995
1543,0.1546,46,170,46,486988,189456,39621,86635,1.5005702699277659,0.3137914673060694
1544,0.1547,33,180,33,487168,189276,39654,86602,1.4991445951083513,0.3139141214594857
1545,0.1548,32,150,32,487318,189126,39686,86570,1.497956532758839,0.3140052811792699
1546,0.1549,34,170,34,487488,188956,39720,86536,1.4966100620960587,0.3141143844467353
1547,0.155,33,179,33,487667,188777,39753,86503,1.4951923076923077,0.314236413833188
1548,0.1551,23,165,23,487832,188612,39776,86480,1.4938854391078444,0.3143675570354645
1549,0.1552,32,150,32,487982,188462,39808,86448,1.4926973767583323,0.314459277581754
1550,0.1553,27,156,27,488138,188306,39835,86421,1.4914617919148396,0.31457046449748294
1551,0.1554,28,146,28,488284,188160,39863,86393,1.4903054112279812,0.3146678419103051
1552,0.1555,36,178,36,488462,187982,39899,86357,1.4888955772398935,0.31478207619040677
1553,0.1556,26,170,26,488632,187812,39925,86331,1.4875491065771131,0.3149122903010473
1554,0.1557,31,158,31,488790,187654,39956,86300,1.4862976809022939,0.3150163896128547
1555,0.1558,33,153,33,488943,187501,39989,86267,1.4850858573057915,0.3151098740539435
1556,0.1559,29,148,29,489091,187353,40018,86238,1.4839136357876062,0.31520773709661504
1557,0.156,28,171,28,489262,187182,40046,86210,1.4825592447091622,0.31533475741792005
1558,0.1561,26,177,26,489439,187005,40072,86184,1.481157331136738,0.3154739026827581
1559,0.1562,33,143,33,489582,186862,40105,86151,1.4800247116968699,0.3155564020760916
1560,0.1563,42,173,42,489755,186689,40147,86109,1.4786544797870993,0.3156511411373984
1561,0.1564,26,165,26,489920,186524,40173,86083,1.477347611202636,0.3157769242902787
1562,0.1565,40,144,40,490064,186380,40213,86043,1.4762070713471043,0.31584337592640854
1563,0.1566,37,181,37,490245,186199,40250,86006,1.4747734761120264,0.31596039749453536
1564,0.1567,27,176,27,490421,186023,40277,85979,1.4733794829552656,0.31609694046367304
1565,0.1568,29,178,29,490599,185845,40306,85950,1.4719696489671779,0.31623098290991375
1566,0.1569,42,166,42,490765,185679,40348,85908,1.470654859967051,0.31631852776458375
1567,0.157,32,153,32,490918,185526,40380,85876,1.4694430363705486,0.3164162386423092
1568,0.1571,33,137,33,491055,185389,40413,85843,1.468357939424661,0.31649289169419537
1569,0.1572,32,152,32,491207,185237,40445,85811,1.467154036243822,0.3165896815324223
1570,0.1573,32,148,32,491355,185089,40477,85779,1.4659818147256367,0.3166819262519013
1571,0.1574,39,162,39,491517,184927,40516,85740,1.4646987073881637,0.31677300890023535
1572,0.1575,42,164,42,491681,184763,40558,85698,1.463399759219364,0.31685899260891587
1573,0.1576,28,159,28,491840,184604,40586,85670,1.462140413128881,0.31697462575016466
1574,0.1577,30,189,30,492029,184415,40616,85640,1.4606434545684956,0.31712058654718484
1575,0.1578,33,147,33,492176,184268,40649,85607,1.459479153465974,0.3172098193608152
1576,0.1579,35,170,35,492346,184098,40684,85572,1.4581326828031935,0.31732117031927914
1577,0.158,37,160,37,492506,183938,40721,85535,1.4568654162970474,0.31741584500116893
1578,0.1581,28,169,28,492675,183769,40749,85507,1.4555268660499303,0.3175440811657927
1579,0.1582,43,174,43,492849,183595,40792,85464,1.4541487137244962,0.31764036884103486
1580,0.1583,24,146,24,492995,183449,40816,85440,1.4529923330376378,0.3177519348132501
1581,0.1584,33,165,33,493160,183284,40849,85407,1.4516854644531745,0.31786327044821
1582,0.1585,24,164,24,493324,183120,40873,85383,1.4503865162843745,0.317996446967073
1583,0.1586,39,152,39,493476,182968,40912,85344,1.4491826131035357,0.3180774620590954
1584,0.1587,28,142,28,493618,182826,40940,85316,1.4480579140793308,0.31817469848065577
1585,0.1588,29,130,29,493748,182696,40969,85287,1.447028260043087,0.3182552624606785
1586,0.1589,17,141,17,493889,182555,40986,85270,1.4459114814345457,0.3183795388779987
1587,0.159,32,174,32,494063,182381,41018,85238,1.4445333291091116,0.31850503887990017
1588,0.1591,24,154,24,494217,182227,41042,85214,1.4433135850969459,0.3186272860182246
1589,0.1592,35,133,35,494350,182094,41077,85179,1.4422601698137119,0.3186966135748841
1590,0.1593,33,161,33,494511,181933,41110,85146,1.4409849828919021,0.318804548466933
1591,0.1594,37,163,37,494674,181770,41147,85109,1.4396939551387657,0.3189048220354543
1592,0.1595,33,170,33,494844,181600,41180,85076,1.4383474844759854,0.3190238341658042
1593,0.1596,31,157,31,495001,181443,41211,85045,1.4371039792168292,0.31913256882111013
1594,0.1597,28,130,28,495131,181313,41239,85017,1.4360743251805854,0.3192167611609657
1595,0.1598,32,183,32,495314,181130,41271,84985,1.4346248891141806,0.31935441444488283
1596,0.1599,38,167,38,495481,180963,41309,84947,1.4333021796983905,0.319457711255688
1597,0.16,30,154,30,495635,180809,41339,84917,1.4320824356862247,0.31956601913248983
1598,0.1601,36,123,36,495758,180686,41375,84881,1.431108224559625,0.31962179035798877
1599,0.1602,33,150,33,495908,180536,41408,84848,1.4299201622101128,0.31971784282398336
1600,0.1603,32,152,32,496060,180384,41440,84816,1.428716259029274,0.3198190045248869
1601,0.1604,29,184,29,496244,180200,41469,84787,1.4272589025472058,0.3199666398728994
1602,0.1605,30,138,30,496382,180062,41499,84757,1.4261658851856545,0.32005634036832703
1603,0.1606,28,126,28,496508,179936,41527,84729,1.4251679128120645,0.3201367766799539
1604,0.1607,31,155,31,496663,179781,41558,84698,1.4239402483842352,0.32024470751931156
1605,0.1608,19,150,19,496813,179631,41577,84679,1.4227521860347232,0.3203775869244448
1606,0.1609,27,145,27,496958,179486,41604,84652,1.4216037257635281,0.32048398942976775
1607,0.161,27,168,27,497126,179318,41631,84625,1.4202730959320746,0.32061846686595213
1608,0.1611,32,142,32,497268,179176,41663,84593,1.4191483969078698,0.3207086503721059
1609,0.1612,30,153,30,497421,179023,41693,84563,1.4179365733113674,0.3208174941005971
1610,0.1613,28,169,28,497590,178854,41721,84535,1.4165980230642503,0.32095114070823005
1611,0.1614,23,140,23,497730,178714,41744,84512,1.4154891648713726,0.3210625090226649
1612,0.1615,32,149,32,497879,178565,41776,84480,1.4143090229375237,0.32116177840293486
1613,0.1616,27,135,27,498014,178430,41803,84453,1.4132397668229628,0.3212569850465797
1614,0.1617,32,160,32,498174,178270,41835,84421,1.4119725003168166,0.3213699746089512
1615,0.1618,26,145,26,498319,178125,41861,84395,1.4108240400456216,0.3214802681700442
1616,0.1619,29,148,29,498467,177977,41890,84366,1.4096518185274363,0.3215866251434191
1617,0.162,35,140,35,498607,177837,41925,84331,1.4085429603345583,0.32166778554209513
1618,0.1621,41,145,41,498752,177692,41966,84290,1.4073945000633634,0.32173966150346206
1619,0.1622,39,149,39,498901,177543,42005,84251,1.4062143581295146,0.32182173770216277
1620,0.1623,34,144,34,499045,177399,42039,84217,1.405073818273983,0.3219107394043178
1621,0.1624,31,125,31,499170,177274,42070,84186,1.4040837663160564,0.321984242331523
1622,0.1625,39,155,39,499325,177119,42109,84147,1.402856101888227,0.3220740547947303
1623,0.1626,27,161,27,499486,176958,42136,84120,1.4015809149664173,0.3222025601544366
1624,0.1627,32,174,32,499660,176784,42168,84088,1.4002027626409834,0.3223343248796345
1625,0.1628,30,142,30,499802,176642,42198,84058,1.3990780636167786,0.3224319140774837
1626,0.1629,39,140,39,499942,176502,42237,84019,1.3979692054239006,0.32250375209675997
1627,0.163,28,156,28,500098,176346,42265,83991,1.396733620580408,0.3226241371760449
1628,0.1631,26,172,26,500270,176174,42291,83965,1.395371309086301,0.32276975001825947
1629,0.1632,45,152,45,500422,176022,42336,83920,1.3941674059054618,0.322841249201745
1630,0.1633,31,162,31,500584,175860,42367,83889,1.3928842985679888,0.3229617823360244
1631,0.1634,33,149,33,500733,175711,42400,83856,1.3917041566341402,0.32306109790535775
1632,0.1635,27,166,27,500899,175545,42427,83829,1.3903893676340133,0.3231973906405422
1633,0.1636,27,160,27,501059,175385,42454,83802,1.3891221011278672,0.32332640140130486
1634,0.1637,22,155,22,501214,175230,42476,83780,1.387894436700038,0.3234624145785877
1635,0.1638,35,157,35,501371,175073,42511,83745,1.386650931440882,0.3235671398434421
1636,0.1639,35,158,35,501529,174915,42546,83710,1.3853995057660626,0.3236732721121315
1637,0.164,31,138,31,501667,174777,42577,83679,1.3843064884045115,0.32376497353514716
1638,0.1641,31,171,31,501838,174606,42608,83648,1.3829520973260676,0.3238981777629775
1639,0.1642,29,144,29,501982,174462,42637,83619,1.381811557470536,0.32400292931289015
1640,0.1643,39,144,39,502126,174318,42676,83580,1.3806710176150043,0.3240816136612149
1641,0.1644,37,162,37,502288,174156,42713,83543,1.3793879102775313,0.32418829719944586
1642,0.1645,29,142,29,502430,174014,42742,83514,1.3782632112533266,0.32429095088689386
1643,0.1646,35,141,35,502571,173873,42777,83479,1.377146432644785,0.32437672914918086
1644,0.1647,28,155,28,502726,173718,42805,83451,1.375918768216956,0.32449867596794324
1645,0.1648,31,147,31,502873,173571,42836,83420,1.3747544671144343,0.32460280710219425
1646,0.1649,27,145,27,503018,173426,42863,83393,1.3736060068432392,0.32471507170419633
1647,0.165,32,187,32,503205,173239,42895,83361,1.3721248891141806,0.32486749805144194
1648,0.1651,32,166,32,503371,173073,42927,83329,1.370810100114054,0.32499356479278635
1649,0.1652,26,151,26,503522,172922,42953,83303,1.3696141173488785,0.32511659674114546
1650,0.1653,39,164,39,503686,172758,42992,83264,1.3683151691800786,0.32522205122997244
1651,0.1654,36,156,36,503842,172602,43028,83228,1.367079584336586,0.3253254114060118
1652,0.1655,31,150,31,503992,172452,43059,83197,1.365891521987074,0.325434482434901
1653,0.1656,31,157,31,504149,172295,43090,83166,1.3646480167279178,0.3255526283855461
1654,0.1657,32,147,32,504296,172148,43122,83134,1.363483715625396,0.32565554954912607
1655,0.1658,26,158,26,504454,171990,43148,83108,1.3622322899505765,0.32578852049016455
1656,0.1659,39,151,39,504605,171839,43187,83069,1.361036307185401,0.32587835611279364
1657,0.166,37,117,37,504722,171722,43224,83032,1.3601096185527817,0.3259301129717296
1658,0.1661,31,145,31,504867,171577,43255,83001,1.3589611582815866,0.32603367140915557
1659,0.1662,30,147,30,505014,171430,43285,82971,1.3577968571790648,0.32614258591750817
1660,0.1663,31,138,31,505152,171292,43316,82940,1.3567038398175135,0.3262374524056767
1661,0.1664,32,174,32,505326,171118,43348,82908,1.3553256874920796,0.32637604024784866
1662,0.1665,32,131,32,505457,170987,43380,82876,1.3542881130401723,0.32645954707854236
1663,0.1666,37,145,37,505602,170842,43417,82839,1.3531396527689774,0.32654790859386396
1664,0.1667,36,159,36,505761,170683,43453,82803,1.3518803066784946,0.3266570934883978
1665,0.1668,25,162,25,505923,170521,43478,82778,1.3505971993410215,0.32679955309732767
1666,0.1669,29,145,29,506068,170376,43507,82749,1.3494487390698264,0.3269096296296296
1667,0.167,29,141,29,506209,170235,43536,82720,1.3483319604612851,0.32701468640667314
1668,0.1671,27,148,27,506357,170087,43563,82693,1.3471597389430998,0.32713426695149933
1669,0.1672,34,144,34,506501,169943,43597,82659,1.346019199087568,0.32723018820120187
1670,0.1673,32,142,32,506643,169801,43629,82627,1.3448945000633634,0.3273289809371385
1671,0.1674,31,147,31,506790,169654,43660,82596,1.3437301989608414,0.3274370664023786
1672,0.1675,25,137,25,506927,169517,43685,82571,1.3426451020149537,0.3275483164609184
1673,0.1676,36,145,36,507072,169372,43721,82535,1.3414966417437588,0.32764075631086076
1674,0.1677,31,125,31,507197,169247,43752,82504,1.340506589785832,0.3277206446051853
1675,0.1678,25,141,25,507338,169106,43777,82479,1.3393898111772906,0.3278375101854244
1676,0.1679,30,146,30,507484,168960,43807,82449,1.3382334304904322,0.3279476868369867
1677,0.168,21,135,21,507619,168825,43828,82428,1.3371641743758713,0.3280677245644828
1678,0.1681,26,150,26,507769,168675,43854,82402,1.3359761120263591,0.3281941396464033
1679,0.1682,28,157,28,507926,168518,43882,82374,1.3347326067672032,0.32832453804824385
1680,0.1683,29,144,29,508070,168374,43911,82345,1.3335920669116714,0.32843541973284834
1681,0.1684,34,135,34,508205,168239,43945,82311,1.3325228107971105,0.3285212532428657
1682,0.1685,29,159,29,508364,168080,43974,82282,1.3312634647066277,0.3286521117421973
1683,0.1686,44,127,44,508491,167953,44018,82238,1.3302575719173741,0.3287008725333845
1684,0.1687,40,125,40,508616,167828,44058,82198,1.3292675199594475,0.3287578091878445
1685,0.1688,38,125,38,508741,167703,44096,82160,1.3282774680015208,0.3288201934660194
1686,0.1689,37,152,37,508893,167551,44133,82123,1.3270735648206817,0.328920912870383
1687,0.169,25,129,25,509022,167422,44158,82098,1.3260518312001013,0.32902372555306186
1688,0.1691,32,163,32,509185,167259,44190,82066,1.324760803446965,0.3291527123232728
1689,0.1692,31,128,31,509313,167131,44221,82035,1.323746990242048,0.32923833909923506
1690,0.1693,21,162,21,509475,166969,44242,82014,1.3224638829045747,0.32939598285826743
1691,0.1694,31,138,31,509613,166831,44273,81983,1.3213708655430236,0.32949512487239463
1692,0.1695,23,132,23,509745,166699,44296,81960,1.320325370675453,0.3296080174053624
1693,0.1696,31,146,31,509891,166553,44327,81929,1.3191689899885946,0.32971804798737936
1694,0.1697,39,126,39,510017,166427,44366,81890,1.3181710176150043,0.3297800794951614
1695,0.1698,27,137,27,510154,166290,44393,81863,1.3170859206691168,0.3298892215689514
1696,0.1699,38,126,38,510280,166164,44431,81825,1.3160879482955266,0.32995415119218996
1697,0.17,17,122,17,510402,166042,44448,81808,1.31512165758459,0.3300706072221101
1698,0.1701,33,142,33,510544,165900,44481,81775,1.3139969585603852,0.3301705864540224
1699,0.1702,27,143,27,510687,165757,44508,81748,1.312864339120517,0.33028827700450497
1700,0.1703,36,145,36,510832,165612,44544,81712,1.311715878849322,0.33038443499215603
1701,0.1704,35,164,35,510996,165448,44579,81677,1.310416930680522,0.33050885179565
1702,0.1705,26,130,26,511126,165318,44605,81651,1.3093872766442782,0.3306123440593759
1703,0.1706,31,121,31,511247,165197,44636,81620,1.308428906349005,0.33069034953021875
1704,0.1707,33,144,33,511391,165053,44669,81587,1.3072883664934736,0.33079386960752516
1705,0.1708,27,145,27,511536,164908,44696,81560,1.3061399062222785,0.3309151695149066
1706,0.1709,49,157,49,511693,164751,44745,81511,1.3048964009631225,0.3309930074473528
1707,0.171,27,129,27,511822,164622,44772,81484,1.303874667342542,0.331093106222522
1708,0.1711,29,140,29,511962,164482,44801,81455,1.3027658091496641,0.3312027063841553
1709,0.1712,34,152,34,512114,164330,44835,81421,1.3015619059688253,0.3313150302542004
1710,0.1713,36,143,36,512257,164187,44871,81385,1.300429286528957,0.33140993272848696
1711,0.1714,36,144,36,512401,164043,44907,81349,1.2992887466734255,0.33150632457455825
1712,0.1715,22,148,22,512549,163895,44929,81327,1.2981165251552402,0.33164642650333165
1713,0.1716,40,145,40,512694,163750,44969,81287,1.2969680648840451,0.33173357492950045
1714,0.1717,40,140,40,512834,163610,45009,81247,1.2958592066911672,0.3318140792380859
1715,0.1718,32,126,32,512960,163484,45041,81215,1.294861234317577,0.33189755577260227
1716,0.1719,24,132,24,513092,163352,45065,81191,1.2938157394500063,0.3320111391452628
1717,0.172,47,152,47,513244,163200,45112,81144,1.2926118362691674,0.33208918573813967
1718,0.1721,29,139,29,513383,163061,45141,81115,1.2915108984919528,0.3321989057073586
1719,0.1722,33,137,33,513520,162924,45174,81082,1.2904258015460652,0.33229510749735663
1720,0.1723,40,140,40,513660,162784,45214,81042,1.2893169433531873,0.3323763667533405
1721,0.1724,35,152,35,513812,162632,45249,81007,1.2881130401723482,0.3324878200944841
1722,0.1725,33,133,33,513945,162499,45282,80974,1.2870596248891142,0.3325789717956406
1723,0.1726,30,133,30,514078,162366,45312,80944,1.2860062096058802,0.33267847601824835
1724,0.1727,33,158,33,514236,162208,45345,80911,1.2847547839310607,0.33280410004976985
1725,0.1728,25,138,25,514374,162070,45370,80886,1.2836617665695096,0.33292448015278486
1726,0.1729,33,143,33,514517,161927,45403,80853,1.2825291471296414,0.33302990361644286
1727,0.173,31,155,31,514672,161772,45434,80822,1.281301482701812,0.33315745649109213
1728,0.1731,26,113,26,514785,161659,45460,80796,1.2804064757318465,0.33324122002020995
1729,0.1732,29,140,29,514925,161519,45489,80767,1.2792976175389685,0.33335397010145035
1730,0.1733,28,125,28,515050,161394,45517,80739,1.2783075655810416,0.33344897225904774
1731,0.1734,14,140,14,515190,161254,45531,80725,1.2771987073881637,0.33360332921451863
1732,0.1735,34,144,34,515334,161110,45565,80691,1.2760581675326321,0.33370829731886964
1733,0.1736,33,147,33,515481,160963,45598,80658,1.2748938664301102,0.3338203219091056
1734,0.1737,29,141,29,515622,160822,45627,80629,1.2737770878215688,0.3339352498022373
1735,0.1738,30,134,30,515756,160688,45657,80599,1.2727157521226713,0.33403788848964094
1736,0.1739,18,131,18,515887,160557,45675,80581,1.2716781776707642,0.334169645597127
1737,0.174,40,142,40,516029,160415,45715,80541,1.2705534786465593,0.33425604674712395
1738,0.1741,29,146,29,516175,160269,45744,80512,1.269397097959701,0.33437854315747506
1739,0.1742,22,136,22,516311,160133,45766,80490,1.2683199214294767,0.3345066764191287
1740,0.1743,27,118,27,516429,160015,45793,80463,1.2673853123811938,0.33459609610858376
1741,0.1744,28,142,28,516571,159873,45821,80435,1.266260613356989,0.33471628077300797
1742,0.1745,25,117,25,516688,159756,45846,80410,1.2653339247243696,0.33481008968796583
1743,0.1746,31,146,31,516834,159610,45877,80379,1.2641775440375111,0.33492785085983107
1744,0.1747,24,134,24,516968,159476,45901,80355,1.2631162083386136,0.33504842993608
1745,0.1748,23,124,23,517092,159352,45924,80332,1.2621340767963503,0.33515795797800435
1746,0.1749,28,139,28,517231,159213,45952,80304,1.2610331390191358,0.33527474041508537
1747,0.175,24,128,24,517359,159085,45976,80280,1.2600193258142187,0.33538737910722116
1748,0.1751,39,144,39,517503,158941,46015,80241,1.2588787859586872,0.3354809308392772
1749,0.1752,31,131,31,517634,158810,46046,80210,1.2578412115067799,0.33557861266839595
1750,0.1753,28,145,28,517779,158665,46074,80182,1.2566927512355848,0.33570444677973765
1751,0.1754,30,143,30,517922,158522,46104,80152,1.2555601317957166,0.3358220836789931
1752,0.1755,29,147,29,518069,158375,46133,80123,1.2543958306931948,0.3359483098390762
1753,0.1756,33,120,33,518189,158255,46166,80090,1.253445380813585,0.3360255092408064
1754,0.1757,34,158,34,518347,158097,46200,80056,1.2521939551387657,0.33615364912472234
1755,0.1758,29,137,29,518484,157960,46229,80027,1.251108858192878,0.33626626664481674
1756,0.1759,30,135,30,518619,157825,46259,79997,1.250039602078317,0.336373422139247
1757,0.176,26,122,26,518741,157703,46285,79971,1.2490733113673806,0.33647348889655576
1758,0.1761,31,118,31,518859,157585,46316,79940,1.2481387023190977,0.33655404694242713
1759,0.1762,38,130,38,518989,157455,46354,79902,1.247109048282854,0.3366321616805066
1760,0.1763,33,134,33,519123,157321,46387,79869,1.2460477125839564,0.33673004764113157
1761,0.1764,36,138,36,519261,157183,46423,79833,1.2449546952224053,0.3368253620008776
1762,0.1765,35,129,35,519390,157054,46458,79798,1.2439329616018249,0.3369108135037914
1763,0.1766,38,129,38,519519,156925,46496,79760,1.2429112279812444,0.33698797980438133
1764,0.1767,25,115,25,519634,156810,46521,79735,1.2420003801799517,0.33708173920395695
1765,0.1768,29,115,29,519749,156695,46550,79706,1.2410895323786593,0.33716439439765483
1766,0.1769,28,131,28,519880,156564,46578,79678,1.240051957926752,0.33727279653914205
1767,0.177,40,114,40,519994,156450,46618,79638,1.2391490305411228,0.3373233709464268
1768,0.1771,26,123,26,520117,156327,46644,79612,1.2381748194145228,0.3374261991446942
1769,0.1772,35,133,35,520250,156194,46679,79577,1.2371214041312888,0.3375181850185137
1770,0.1773,27,114,27,520364,156080,46706,79550,1.2362184767456597,0.33760556805160635
1771,0.1774,26,141,26,520505,155939,46732,79524,1.2351016981371183,0.3377345909973117
1772,0.1775,34,127,34,520632,155812,46766,79490,1.2340958053478646,0.33782118299036984
1773,0.1776,32,138,32,520770,155674,46798,79458,1.2330027879863135,0.33792933331065106
1774,0.1777,36,134,36,520904,155540,46834,79422,1.2319414522874161,0.33802061609962464
1775,0.1778,31,149,31,521053,155391,46865,79391,1.2307613103535673,0.33814772853114805
1776,0.1779,26,123,26,521176,155268,46891,79365,1.2297870992269675,0.338251652580839
1777,0.178,34,115,34,521291,155153,46925,79331,1.2288762514256748,0.33832159123863464
1778,0.1781,25,132,25,521423,155021,46950,79306,1.2278307565581041,0.3384415795021487
1779,0.1782,26,119,26,521542,154902,46976,79280,1.226888227094158,0.33854010982910726
1780,0.1783,26,135,26,521677,154767,47002,79254,1.225818970979597,0.33866191495635006
1781,0.1784,19,124,19,521801,154643,47021,79235,1.2248368394373337,0.3387877440374896
1782,0.1785,30,125,30,521926,154518,47051,79205,1.223846787479407,0.338884063613765
1783,0.1786,25,144,25,522070,154374,47076,79180,1.2227062476238753,0.33902223896829
1784,0.1787,30,124,30,522194,154250,47106,79150,1.221724116081612,0.33911739502999144
1785,0.1788,32,133,32,522327,154117,47138,79118,1.220670700798378,0.33922009989924323
1786,0.1789,28,119,28,522446,153998,47166,79090,1.2197281713344317,0.3393139071938495
1787,0.179,20,129,20,522575,153869,47186,79070,1.2187064377138512,0.33944509077483803
1788,0.1791,21,138,21,522713,153731,47207,79049,1.2176134203523001,0.3395867342555202
1789,0.1792,26,139,26,522852,153592,47233,79023,1.2165124825750855,0.3397158394772478
1790,0.1793,28,141,28,522993,153451,47261,78995,1.2153957039665442,0.3398423719917744
1791,0.1794,38,146,38,523139,153305,47299,78957,1.2142393232796858,0.3399479897701733
1792,0.1795,32,126,32,523265,153179,47331,78925,1.2132413509060955,0.3400415331058491
1793,0.1796,33,137,33,523402,153042,47364,78892,1.2121562539602078,0.3401484905188545
1794,0.1797,38,162,38,523564,152880,47402,78854,1.2108731466227347,0.3402780774508704
1795,0.1798,31,127,31,523691,152753,47433,78823,1.2098672538334811,0.340376377517532
1796,0.1799,42,119,42,523810,152634,47475,78781,1.208924724369535,0.34043169198193723
1797,0.18,33,130,33,523940,152504,47508,78748,1.2078950703332911,0.3405289467766765
1798,0.1801,24,122,24,524062,152382,47532,78724,1.2069287796223547,0.34064022569729907
1799,0.1802,21,132,21,524194,152250,47553,78703,1.205883284754784,0.34077496287123354
1800,0.1803,28,153,28,524347,152097,47581,78675,1.2046714611582816,0.3409209089490926
1801,0.1804,27,134,27,524481,151963,47608,78648,1.203610125459384,0.34104184102232765
1802,0.1805,26,125,26,524606,151838,47634,78622,1.2026200735014574,0.34115247765338885
1803,0.1806,32,126,32,524732,151712,47666,78590,1.2016221011278672,0.3412475792654862
1804,0.1807,29,131,29,524863,151581,47695,78561,1.20058452667596,0.3413588132544255
1805,0.1808,25,145,25,525008,151436,47720,78536,1.199436066404765,0.341502443775764
1806,0.1809,46,152,46,525160,151284,47766,78490,1.198232163223926,0.3415965252813634
1807,0.181,35,129,35,525289,151155,47801,78455,1.1972104296033457,0.3416880797874657
1808,0.1811,22,125,22,525414,151030,47823,78433,1.1962203776454188,0.3418110980855301
1809,0.1812,43,136,43,525550,150894,47866,78390,1.1951432011151946,0.341890406657246
1810,0.1813,32,125,32,525675,150769,47898,78358,1.1941531491572677,0.3419850126785582
1811,0.1814,26,144,26,525819,150625,47924,78332,1.1930126093017361,0.34212537725424425
1812,0.1815,28,123,28,525942,150502,47952,78304,1.1920383981751361,0.3422287877066161
1813,0.1816,18,127,18,526069,150375,47970,78286,1.1910325053858826,0.34236708489860534
1814,0.1817,38,105,38,526174,150270,48008,78248,1.190200861741224,0.34241503951548674
1815,0.1818,35,133,35,526307,150137,48043,78213,1.18914744645799,0.3425136851324721
1816,0.1819,22,141,22,526448,149996,48065,78191,1.1880306678494488,0.34266193954957996
1817,0.182,41,128,41,526576,149868,48106,78150,1.1870168546445317,0.3427360997815962
1818,0.1821,26,129,26,526705,149739,48132,78124,1.1859951210239514,0.34285513663912087
1819,0.1822,26,130,26,526835,149609,48158,78098,1.1849654669877074,0.342975841761562
1820,0.1823,33,132,33,526967,149477,48191,78065,1.1839199721201368,0.34307951938543213
1821,0.1824,25,123,25,527090,149354,48216,78040,1.182945760993537,0.3431928722833496
1822,0.1825,20,140,20,527230,149214,48236,78020,1.181836902800659,0.3433465062446641
1823,0.1826,26,113,26,527343,149101,48262,77994,1.1809418958306932,0.34344217177833064
1824,0.1827,23,115,23,527458,148986,48285,77971,1.1800310480294005,0.34354965918654196
1825,0.1828,25,111,25,527569,148875,48310,77946,1.1791518818907616,0.3436454296559842
1826,0.1829,37,106,37,527675,148769,48347,77909,1.1783123178304398,0.3436989915210122
1827,0.183,36,128,36,527803,148641,48383,77873,1.1772985046255227,0.34378890488005154
1828,0.1831,31,115,31,527918,148526,48414,77842,1.1763876568242302,0.34387369239468474
1829,0.1832,25,136,25,528054,148390,48439,77817,1.1753104802940058,0.34400792194759666
1830,0.1833,22,116,22,528170,148274,48461,77795,1.1743917120770497,0.34412060034768144
1831,0.1834,30,120,30,528290,148154,48491,77765,1.1734412621974402,0.34421628990921527
1832,0.1835,23,110,23,528400,148044,48514,77742,1.1725700164744646,0.34431718529935423
1833,0.1836,37,130,37,528530,147914,48551,77705,1.1715403624382208,0.3444080507404075
1834,0.1837,28,127,28,528657,147787,48579,77677,1.1705344696489672,0.3445206330057127
1835,0.1838,33,121,33,528778,147666,48612,77644,1.169576099353694,0.34460964892814344
1836,0.1839,30,109,30,528887,147557,48642,77614,1.1687127740463819,0.3446891473591182
1837,0.184,29,114,29,529001,147443,48671,77585,1.1678098466607527,0.3447793163517429
1838,0.1841,44,125,44,529126,147318,48715,77541,1.166819794702826,0.3448427681346977
1839,0.1842,34,116,34,529242,147202,48749,77507,1.16590102648587,0.3449216542283576
1840,0.1843,40,139,40,529381,147063,48789,77467,1.1648000887086554,0.34501848305348953
1841,0.1844,20,135,20,529516,146928,48809,77447,1.1637308325940945,0.34516768802228415
1842,0.1845,36,134,36,529650,146794,48845,77411,1.1626694968951972,0.3452688387859325
1843,0.1846,38,139,38,529789,146655,48883,77373,1.1615685591179825,0.3453720070705448
1844,0.1847,24,126,24,529915,146529,48907,77349,1.1605705867443923,0.34549620775601
1845,0.1848,33,134,33,530049,146395,48940,77316,1.159509251045495,0.34560660852617886
1846,0.1849,27,141,27,530190,146254,48967,77289,1.1583924724369534,0.345745561256671
1847,0.185,25,108,25,530298,146146,48992,77264,1.1575370675453047,0.3458394879369769
1848,0.1851,34,121,34,530419,146025,49026,77230,1.1565786972500316,0.3459273028599583
1849,0.1852,20,130,20,530549,145895,49046,77210,1.1555490432137878,0.3460702359875395
1850,0.1853,20,123,20,530672,145772,49066,77190,1.154574832087188,0.34620249190445007
1851,0.1854,36,109,36,530781,145663,49102,77154,1.1537115067798758,0.34626621846627503
1852,0.1855,24,116,24,530897,145547,49126,77130,1.1527927385629197,0.34637614122697896
1853,0.1856,16,131,16,531028,145416,49142,77114,1.1517551641110126,0.34653305172336313
1854,0.1857,30,143,30,531171,145273,49172,77084,1.1506225446711444,0.3466677460120437
1855,0.1858,23,131,23,531302,145142,49195,77061,1.1495849702192371,0.346804498589128
1856,0.1859,39,138,39,531440,145004,49234,77022,1.148491952857686,0.34690531739526004
1857,0.186,26,101,26,531541,144903,49260,76996,1.147691990875681,0.346986692143723
1858,0.1861,39,116,39,531657,144787,49299,76957,1.146773222658725,0.34705335882819827
1859,0.1862,35,118,35,531775,144669,49334,76922,1.1458386136104424,0.3471350370728053
1860,0.1863,23,115,23,531890,144554,49357,76899,1.1449277658091497,0.3472474972115979
1861,0.1864,29,108,29,531998,144446,49386,76870,1.144072360917501,0.3473314175206492
1862,0.1865,23,115,23,532113,144331,49409,76847,1.1431615131162083,0.34744414001392543
1863,0.1866,23,125,23,532238,144206,49432,76824,1.1421714611582816,0.3475727276840248
1864,0.1867,24,121,24,532359,144085,49456,76800,1.1412130908630085,0.3476922380424203
1865,0.1868,34,113,34,532472,143972,49490,76766,1.1403180838930427,0.34776975418822315
1866,0.1869,39,126,39,532598,143846,49529,76727,1.1393201115194524,0.34785309172020146
1867,0.187,27,126,27,532724,143720,49556,76700,1.1383221391458624,0.3479720533526903
1868,0.1871,26,110,26,532834,143610,49582,76674,1.1374508934228869,0.34806885656697717
1869,0.1872,35,123,35,532957,143487,49617,76639,1.1364766822962868,0.34815969035915795
1870,0.1873,22,127,22,533084,143360,49639,76617,1.1354707895070333,0.3482955036208331
1871,0.1874,25,122,25,533206,143238,49664,76592,1.1345044987960968,0.34841468407405723
1872,0.1875,25,111,25,533317,143127,49689,76567,1.133625332657458,0.34851657305160816
1873,0.1876,33,101,33,533418,143026,49722,76534,1.132825370675453,0.34857897613408634
1874,0.1877,38,134,38,533552,142892,49760,76496,1.1317640349765556,0.3486790526373366
1875,0.1878,26,113,26,533665,142779,49786,76470,1.1308690280065898,0.34878152237866533
1876,0.1879,26,139,26,533804,142640,49812,76444,1.1297680902293752,0.3489255262821566
1877,0.188,27,104,27,533908,142536,49839,76417,1.1289443670003803,0.349010974958096
1878,0.1881,32,121,32,534029,142415,49871,76385,1.1279859967051071,0.3491087751371115
1879,0.1882,25,147,25,534176,142268,49896,76360,1.1268216956025852,0.3492690780686829
1880,0.1883,22,124,22,534300,142144,49918,76338,1.1258395640603218,0.349401781382448
1881,0.1884,22,103,22,534403,142041,49940,76316,1.1250237612469902,0.34950104645145336
1882,0.1885,41,111,41,534514,141930,49981,76275,1.1241445951083513,0.3495566096102289
1883,0.1886,40,114,40,534628,141816,50021,76235,1.1232416677227222,0.3496200430174592
1884,0.1887,43,124,43,534752,141692,50064,76192,1.1222595361804588,0.34969066108571534
1885,0.1888,30,118,30,534870,141574,50094,76162,1.121324927132176,0.3497905720689275
1886,0.1889,22,117,22,534987,141457,50116,76140,1.1203982384995566,0.34991291240228495
1887,0.189,25,100,25,535087,141357,50141,76115,1.119606196933215,0.3499990803413773
1888,0.1891,33,115,33,535202,141242,50174,76082,1.1186953491319225,0.35008558649757965
1889,0.1892,25,121,25,535323,141121,50199,76057,1.1177369788366494,0.3502058219524998
1890,0.1893,32,131,32,535454,140990,50231,76025,1.116699404384742,0.35032140635439946
1891,0.1894,26,136,26,535590,140854,50257,75999,1.1156222278545178,0.35046321701797994
1892,0.1895,22,114,22,535704,140740,50279,75977,1.1147193004688887,0.3505816341126907
1893,0.1896,31,121,31,535825,140619,50310,75946,1.1137609301736155,0.3506845519820839
1894,0.1897,30,111,30,535936,140508,50340,75916,1.1128817640349766,0.35077440579603003
1895,0.1898,36,125,36,536061,140383,50376,75880,1.1118917120770497,0.350869080702663
1896,0.1899,34,133,34,536194,140250,50410,75846,1.1108382967938157,0.35098289649044867
1897,0.19,18,115,18,536309,140135,50428,75828,1.109927448992523,0.3511157003746012
1898,0.1901,32,112,32,536421,140023,50460,75796,1.1090403624382208,0.35120170142573176
1899,0.1902,33,120,33,536541,139903,50493,75763,1.108089912558611,0.351297840178795
1900,0.1903,28,124,28,536665,139779,50521,75735,1.1071077810163477,0.3514156852919068
1901,0.1904,25,114,25,536779,139665,50546,75710,1.1062048536307185,0.35152640742890306
1902,0.1905,24,112,24,536891,139553,50570,75686,1.1053177670764163,0.35163701745501513
1903,0.1906,22,105,22,536996,139448,50592,75664,1.1044861234317578,0.35174234817211497
1904,0.1907,27,134,27,537130,139314,50619,75637,1.1034247877328602,0.3518801959516355
1905,0.1908,29,104,29,537234,139210,50648,75608,1.102601064503865,0.35196305709949816
1906,0.1909,34,119,34,537353,139091,50682,75574,1.1016585350399188,0.35205552838143156
1907,0.191,20,97,20,537450,138994,50702,75554,1.1008902547205677,0.3521542964744486
1908,0.1911,19,113,19,537563,138881,50721,75535,1.0999952477506019,0.3522824789194836
1909,0.1912,37,108,37,537671,138773,50758,75498,1.0991398428589532,0.35234819457602756
1910,0.1913,19,108,19,537779,138665,50777,75479,1.0982844379673045,0.35246843245666465
1911,0.1914,25,116,25,537895,138549,50802,75454,1.0973656697503484,0.3525838422825848
1912,0.1915,33,125,33,538020,138424,50835,75421,1.0963756177924218,0.3526900325001754
1913,0.1916,31,109,31,538129,138315,50866,75390,1.0955122924851097,0.3527760230223907
1914,0.1917,23,115,23,538244,138200,50889,75367,1.094601444683817,0.3528962807924445
1915,0.1918,27,130,27,538374,138070,50916,75340,1.0935717906475733,0.3530293800665386
1916,0.1919,28,107,28,538481,137963,50944,75312,1.092724306171588,0.3531215566756535
1917,0.192,33,106,33,538587,137857,50977,75279,1.091884742111266,0.3531970197432625
1918,0.1921,27,116,27,538703,137741,51004,75252,1.09096597389431,0.35330738568873155
1919,0.1922,33,115,33,538818,137626,51037,75219,1.0900551260930174,0.3533980126383049
1920,0.1923,29,113,29,538931,137513,51066,75190,1.0891601191230516,0.3534975999398222
1921,0.1924,32,113,32,539044,137400,51098,75158,1.0882651121530857,0.3535881971038493
1922,0.1925,39,113,39,539157,137287,51137,75119,1.08737010518312,0.35365761795806144
1923,0.1926,34,140,34,539297,137147,51171,75085,1.086261246990242,0.3537873647706284
1924,0.1927,38,105,38,539402,137042,51209,75047,1.0854296033455835,0.353846734154058
1925,0.1928,33,124,33,539526,136918,51242,75014,1.0844474718033201,0.3539531547854972
1926,0.1929,29,137,29,539663,136781,51271,74985,1.0833623748574326,0.3540936694275757
1927,0.193,30,113,30,539776,136668,51301,74955,1.0824673678874668,0.35419117959768076
1928,0.1931,22,113,22,539889,136555,51323,74933,1.081572360917501,0.3543132470873052
1929,0.1932,22,130,22,540019,136425,51345,74911,1.0805427068812572,0.354463981527047
1930,0.1933,35,108,35,540127,136317,51380,74876,1.0796873019896085,0.3545382659463145
1931,0.1934,36,87,36,540214,136230,51416,74840,1.0789982258268913,0.35457431183967403
1932,0.1935,43,103,43,540317,136127,51459,74797,1.0781824230135597,0.3546158806015437
1933,0.1936,32,114,32,540431,136013,51491,74765,1.0772794956279306,0.35470969456015333
1934,0.1937,24,120,24,540551,135893,51515,74741,1.0763290457483208,0.3548382502350048
1935,0.1938,30,101,30,540652,135792,51545,74711,1.075529083766316,0.35491655700868874
1936,0.1939,28,116,28,540768,135676,51573,74683,1.07461031554936,0.35502640723715173
1937,0.194,23,107,23,540875,135569,51596,74660,1.0737628310733747,0.35513654158084756
1938,0.1941,15,109,15,540984,135460,51611,74645,1.0728995057660626,0.35527474358059064
1939,0.1942,38,111,38,541095,135349,51649,74607,1.0720203396274237,0.3553458819943226
1940,0.1943,26,124,26,541219,135225,51675,74581,1.0710382080851604,0.35547601117222577
1941,0.1944,34,105,34,541324,135120,51709,74547,1.0702065644405019,0.3555495142297071
1942,0.1945,22,117,22,541441,135003,51731,74525,1.0692798758078823,0.3556803863922722
1943,0.1946,30,100,30,541541,134903,51761,74495,1.068487834241541,0.3557579346507608
1944,0.1947,28,123,28,541664,134780,51789,74467,1.0675136231149411,0.3558808489488499
1945,0.1948,21,101,21,541765,134679,51810,74446,1.0667136611329362,0.355988045427376
1946,0.1949,38,108,38,541873,134571,51848,74408,1.0658582562412875,0.3560549146086449
1947,0.195,29,110,29,541983,134461,51877,74379,1.064987010518312,0.35615303581689334
1948,0.1951,29,108,29,542091,134353,51906,74350,1.0641316056266632,0.35624787377277756
1949,0.1952,35,111,35,542202,134242,51941,74315,1.0632524394880243,0.3563294447081613
1950,0.1953,31,118,31,542320,134124,51972,74284,1.0623178304397414,0.35643545353345363
1951,0.1954,33,127,33,542447,133997,52005,74251,1.0613119376504878,0.3565508432253851
1952,0.1955,21,108,21,542555,133889,52026,74230,1.060456532758839,0.35667094306622654
1953,0.1956,26,117,26,542672,133772,52052,74204,1.0595298441262198,0.35679116821171675
1954,0.1957,25,124,25,542796,133648,52077,74179,1.0585477125839564,0.35692667458992333
1955,0.1958,22,113,22,542909,133535,52099,74157,1.0576527056139906,0.357052751189261
1956,0.1959,23,127,23,543036,133408,52122,74134,1.056646812824737,0.3571999884360756
1957,0.196,28,116,28,543152,133292,52150,74106,1.055728044607781,0.3573129924107272
1958,0.1961,34,110,34,543262,133182,52184,74072,1.0548567988848054,0.35739720343153814
1959,0.1962,38,119,38,543381,133063,52222,74034,1.0539142694208592,0.35748465694819337
1960,0.1963,32,123,32,543504,132940,52254,74002,1.0529400582942592,0.3575977810207691
1961,0.1964,35,143,35,543647,132797,52289,73967,1.051807438854391,0.3577363564256834
1962,0.1965,22,124,22,543771,132673,52311,73945,1.0508253073121276,0.357882662691537
1963,0.1966,34,103,34,543874,132570,52345,73911,1.050009504498796,0.3579554535284118
1964,0.1967,32,115,32,543989,132455,52377,73879,1.0490986566975036,0.35805538592767067
1965,0.1968,30,111,30,544100,132344,52407,73849,1.0482194905588644,0.3581547385216763
1966,0.1969,28,100,28,544200,132244,52435,73821,1.047427448992523,0.358241331618664
1967,0.197,30,124,30,544324,132120,52465,73791,1.0464453174502597,0.3583635648411207
1968,0.1971,32,114,32,544438,132006,52497,73759,1.0455423900646306,0.35846232352440893
1969,0.1972,27,120,27,544558,131886,52524,73732,1.044591940185021,0.35858728321450456
1970,0.1973,20,122,20,544680,131764,52544,73712,1.0436256494740843,0.3587377601277035
1971,0.1974,30,106,30,544786,131658,52574,73682,1.0427860854137625,0.35882925879029903
1972,0.1975,36,109,36,544895,131549,52610,73646,1.0419227601064505,0.35890738078413215
1973,0.1976,24,124,24,545019,131425,52634,73622,1.0409406285641871,0.3590493886767424
1974,0.1977,37,142,37,545161,131283,52671,73585,1.0398159295399823,0.3591824979987114
1975,0.1978,30,103,30,545264,131180,52701,73555,1.0390001267266507,0.35926929933816887
1976,0.1979,34,90,34,545354,131090,52735,73521,1.0382872893169433,0.3593208576274003
1977,0.198,25,123,25,545477,130967,52760,73496,1.0373130781903435,0.35945867956549593
1978,0.1981,27,111,27,545588,130856,52787,73469,1.0364339120517045,0.3595693135935397
1979,0.1982,29,108,29,545696,130748,52816,73440,1.0355785071600558,0.3596685407565577
1980,0.1983,27,111,27,545807,130637,52843,73413,1.0346993410214167,0.35977946581720166
1981,0.1984,27,93,27,545900,130544,52870,73386,1.0339627423647193,0.3598587750698769
1982,0.1985,21,107,21,546007,130437,52891,73365,1.033115257888734,0.35998174698972535
1983,0.1986,35,94,35,546101,130343,52926,73330,1.032370738816373,0.36003790389496887
1984,0.1987,33,114,33,546215,130229,52959,73297,1.0314678114307438,0.3601358057447206
1985,0.1988,28,100,28,546315,130129,52987,73269,1.0306757698644025,0.3602247809712977
1986,0.1989,30,100,30,546415,130029,53017,73239,1.029883728298061,0.36030757423696796
1987,0.199,38,117,38,546532,129912,53055,73201,1.0289570396654417,0.3603954449001295
1988,0.1991,31,121,31,546653,129791,53086,73170,1.0279986693701686,0.36051261079714825
1989,0.1992,28,98,28,546751,129693,53114,73142,1.0272224686351539,0.36059851603520104
1990,0.1993,32,100,32,546851,129593,53146,73110,1.0264304270688125,0.3606754710093092
1991,0.1994,32,107,32,546958,129486,53178,73078,1.0255829425928273,0.36076499279240143
1992,0.1995,31,110,31,547068,129376,53209,73047,1.0247116968698518,0.360863143022285
1993,0.1996,28,118,28,547186,129258,53237,73019,1.0237770878215688,0.36098518368376037
1994,0.1997,27,127,27,547313,129131,53264,72992,1.0227711950323153,0.3611266407088753
1995,0.1998,22,105,22,547418,129026,53286,72970,1.0219395513876568,0.3612447771242995
1996,0.1999,31,108,31,547526,128918,53317,72939,1.021084146496008,0.36133995848546246
1997,0.2,30,111,30,547637,128807,53347,72909,1.0202049803573692,0.3614438120922485
1998,0.2001,17,103,17,547740,128704,53364,72892,1.0193891775440376,0.36157463441734955
1999,0.2002,30,95,30,547835,128609,53394,72862,1.018636738056013,0.36165006378089154
2000,0.2003,26,108,26,547943,128501,53420,72836,1.0177813331643644,0.361761623546591
2001,0.2004,35,109,35,548052,128392,53455,72801,1.0169180078570523,0.36184658511976064
2002,0.2005,41,107,41,548159,128285,53496,72760,1.016070523381067,0.361909025342585
2003,0.2006,17,98,17,548257,128187,53513,72743,1.0152943226460525,0.3620315532772607
2004,0.2007,30,118,30,548375,128069,53543,72713,1.0143597135977696,0.36214899742008744
2005,0.2008,32,110,32,548485,127959,53575,72681,1.013488467874794,0.3622458133971292
2006,0.2009,31,104,31,548589,127855,53606,72650,1.012664744645799,0.3623351038627466
2007,0.201,25,124,25,548713,127731,53631,72625,1.0116826131035357,0.36247978598095393
2008,0.2011,31,118,31,548831,127613,53662,72594,1.0107480040552528,0.362594714470523
2009,0.2012,23,121,23,548952,127492,53685,72571,1.0097896337599797,0.3627407366679496
2010,0.2013,23,103,23,549055,127389,53708,72548,1.008973830946648,0.36285429910421785
2011,0.2014,31,107,31,549162,127282,53739,72517,1.0081263464706627,0.3629497645133359
2012,0.2015,20,113,20,549275,127169,53759,72497,1.007231339500697,0.36309136257550106
2013,0.2016,40,104,40,549379,127065,53799,72457,1.006407616271702,0.36315293551588296
2014,0.2017,22,85,22,549464,126980,53821,72435,1.0057343809403116,0.36323746959857584
2015,0.2018,24,103,24,549567,126877,53845,72411,1.00491857812698,0.36334852073381235
2016,0.2019,28,107,28,549674,126770,53873,72383,1.004071093650995,0.3634542286583682
2017,0.202,41,114,41,549788,126656,53914,72342,1.0031681662653655,0.3635312917717766
2018,0.2021,31,112,31,549900,126544,53945,72311,1.0022810797110633,0.3636368207990747
2019,0.2022,23,92,23,549992,126452,53968,72288,1.0015524014700292,0.3637315085035725
2020,0.2023,28,109,28,550101,126343,53996,72260,1.000689076162717,0.3638414324053514
2021,0.2024,35,112,35,550213,126231,54031,72225,0.9998019896084146,0.36393457491836984
2022,0.2025,26,110,26,550323,126121,54057,72199,0.9989307438854391,0.3640530455828963
2023,0.2026,29,118,29,550441,126003,54086,72170,0.9979961348371562,0.3641767546537621
2024,0.2027,28,101,28,550542,125902,54114,72142,0.9971961728551514,0.3642725858900042
2025,0.2028,19,95,19,550637,125807,54133,72123,0.9964437333671271,0.36438639923205174
2026,0.2029,20,120,20,550757,125687,54153,72103,0.9954932834875174,0.3645432023863694
2027,0.203,21,83,21,550840,125604,54174,72082,0.994835888987454,0.36462875469178396
2028,0.2031,25,110,25,550950,125494,54199,72057,0.9939646432644785,0.3647513806561344
2029,0.2032,38,117,38,551067,125377,54237,72019,0.9930379546318591,0.36484528561875623
2030,0.2033,27,89,27,551156,125288,54264,71992,0.9923330376378152,0.36492295214922954
2031,0.2034,33,107,33,551263,125181,54297,71959,0.99148555316183,0.3650147103581211
2032,0.2035,24,105,24,551368,125076,54321,71935,0.9906539095171715,0.3651318961885377
2033,0.2036,22,113,22,551481,124963,54343,71913,0.9897589025472057,0.36527052561002865
2034,0.2037,24,107,24,551588,124856,54367,71889,0.9889114180712204,0.365391750743348
2035,0.2038,37,101,37,551689,124755,54404,71852,0.9881114560892156,0.3654600293987498
2036,0.2039,24,107,24,551796,124648,54428,71828,0.9872639716132303,0.3655815468555956
2037,0.204,30,114,30,551910,124534,54458,71798,0.9863610442276011,0.3656968807937575
2038,0.2041,28,119,28,552029,124415,54486,71770,0.9854185147636548,0.36582817238830695
2039,0.2042,21,105,21,552134,124310,54507,71749,0.9845868711189963,0.36595616625607597
2040,0.2043,33,98,33,552232,124212,54540,71716,0.9838106703839817,0.3660324200726798
2041,0.2044,30,105,30,552337,124107,54570,71686,0.9829790267393232,0.36613157773771277
2042,0.2045,35,106,35,552443,124001,54605,71651,0.9821394626790014,0.36621654774804246
2043,0.2046,29,99,29,552542,123902,54634,71622,0.9813553415283234,0.36630797242282276
2044,0.2047,21,110,21,552652,123792,54655,71601,0.9804840958053479,0.36644608558136677
2045,0.2048,26,131,26,552783,123661,54681,71575,0.9794465213534407,0.3666075928619722
2046,0.2049,31,113,31,552896,123548,54712,71544,0.9785515143834749,0.3667192914112316
2047,0.205,27,95,27,552991,123453,54739,71517,0.9777990748954505,0.3668102785043853
2048,0.2051,22,110,22,553101,123343,54761,71495,0.976927829172475,0.36694587298165654
2049,0.2052,24,94,24,553195,123249,54785,71471,0.976183310100114,0.3670449876746097
2050,0.2053,31,97,31,553292,123152,54816,71440,0.9754150297807629,0.3671271172504522
2051,0.2054,28,81,28,553373,123071,54844,71412,0.9747734761120264,0.367188905971216
2052,0.2055,32,93,32,553466,122978,54876,71380,0.9740368774553289,0.36726041634509515
2053,0.2056,33,99,33,553565,122879,54909,71347,0.9732527563046509,0.3673401089452493
2054,0.2057,32,93,32,553658,122786,54941,71315,0.9725161576479534,0.3674118113765514
2055,0.2058,31,100,31,553758,122686,54972,71284,0.9717241160816119,0.3675001288859102
2056,0.2059,27,110,27,553868,122576,54999,71257,0.9708528703586364,0.3676205806028901
2057,0.206,24,104,24,553972,122472,55023,71233,0.9700291471296414,0.3677396040370667
2058,0.2061,23,101,23,554073,122371,55046,71210,0.9692291851476366,0.3678563495384361
2059,0.2062,19,106,19,554179,122265,55065,71191,0.9683896210873146,0.3679958233396741
2060,0.2063,24,106,24,554285,122159,55089,71167,0.9675500570269928,0.3681191355534175
2061,0.2064,27,87,27,554372,122072,55116,71140,0.9668609808642757,0.3681965923441608
2062,0.2065,19,116,19,554488,121956,55135,71121,0.9659422126473197,0.36835563013719913
2063,0.2066,22,100,22,554588,121856,55157,71099,0.9651501710809783,0.3684745147832396
2064,0.2067,26,94,26,554682,121762,55183,71073,0.9644056520086174,0.36856898384629344
2065,0.2068,24,95,24,554777,121667,55207,71049,0.9636532125205931,0.3686720355341539
2066,0.2069,39,93,39,554870,121574,55246,71010,0.9629166138638956,0.36872221991442694
2067,0.207,30,110,30,554980,121464,55276,70980,0.96204536814092,0.3688345700567438
2068,0.2071,29,99,29,555079,121365,55305,70951,0.9612612469902421,0.3689292622558705
2069,0.2072,32,108,32,555187,121257,55337,70919,0.9604058420985934,0.3690315127799517
2070,0.2073,27,103,27,555290,121154,55364,70892,0.9595900392852617,0.3691407267008946
2071,0.2074,38,113,38,555403,121041,55402,70854,0.958695032315296,0.36923317439224573
2072,0.2075,25,100,25,555503,120941,55427,70829,0.9579029907489545,0.369343484382333
2073,0.2076,27,111,27,555614,120830,55454,70802,0.9570238246103155,0.36946856474910245
2074,0.2077,19,90,19,555704,120740,55473,70783,0.9563109872006083,0.3695796327334054
2075,0.2078,31,103,31,555807,120637,55504,70752,0.9554951843872767,0.36967641818495317
2076,0.2079,26,86,26,555893,120551,55530,70726,0.954814028640223,0.3697569493457133
2077,0.208,25,109,25,556002,120442,55555,70701,0.9539507033329109,0.36988537377774755
2078,0.2081,33,99,33,556101,120343,55588,70668,0.9531665821822329,0.36996822172545035
2079,0.2082,27,102,27,556203,120241,55615,70641,0.9523586997845647,0.37007680137467125
2080,0.2083,26,83,26,556286,120158,55641,70615,0.9517013052845014,0.37015196070722794
2081,0.2084,21,96,21,556382,120062,55662,70594,0.9509409453808136,0.37026896609600535
2082,0.2085,31,100,31,556482,119962,55693,70563,0.9501489038144721,0.3703608450334602
2083,0.2086,26,92,26,556574,119870,55719,70537,0.9494202255734381,0.37045381734915206
2084,0.2087,28,100,28,556674,119770,55747,70509,0.9486281840070967,0.370555867962308
2085,0.2088,29,94,29,556768,119676,55776,70480,0.9478836649347357,0.37064305096867833
2086,0.2089,20,108,20,556876,119568,55796,70460,0.947028260043087,0.3707874629002042
2087,0.209,36,99,36,556975,119469,55832,70424,0.9462441388924091,0.37086148515216466
2088,0.2091,25,99,25,557074,119370,55857,70399,0.945460017741731,0.3709720765773124
2089,0.2092,33,111,33,557185,119259,55890,70366,0.9445808516030921,0.3710797626895188
2090,0.2093,32,96,32,557281,119163,55922,70334,0.9438204916994044,0.3711615487316422
2091,0.2094,35,102,35,557383,119061,55957,70299,0.9430126093017361,0.371245247148289
2092,0.2095,29,92,29,557475,118969,55986,70270,0.9422839310607021,0.3713293771368481
2093,0.2096,25,93,25,557568,118876,56011,70245,0.9415473324040046,0.37142887357829113
2094,0.2097,30,99,30,557667,118777,56041,70215,0.9407632112533266,0.3715236623772435
2095,0.2098,23,94,23,557761,118683,56064,70192,0.9400186921809657,0.3716320317670417
2096,0.2099,25,110,25,557871,118573,56089,70167,0.9391474464579901,0.37176539154392285
2097,0.21,27,95,27,557966,118478,56116,70140,0.9383950069699658,0.3718627066345736
2098,0.2101,31,117,31,558083,118361,56147,70109,0.9374683183373463,0.3719902371730249
2099,0.2102,25,90,25,558173,118271,56172,70084,0.936755480927639,0.3720846274322423
2100,0.2103,31,76,31,558249,118195,56203,70053,0.9361535293372196,0.3721314436275551
2101,0.2104,27,94,27,558343,118101,56230,70026,0.9354090102648587,0.3722272720024239
2102,0.2105,30,103,30,558446,117998,56260,69996,0.9345932074515271,0.37233103184144173
2103,0.2106,28,99,28,558545,117899,56288,69968,0.933809086300849,0.3724336897911821
2104,0.2107,46,106,46,558651,117793,56334,69922,0.9329695222405272,0.37249021122446263
2105,0.2108,25,98,25,558749,117695,56359,69897,0.9321933215055126,0.3726011770224743
2106,0.2109,27,74,27,558823,117621,56386,69870,0.93160721074642,0.3726578875786038
2107,0.211,26,93,26,558916,117528,56412,69844,0.9308706120897224,0.37275580129368313
2108,0.2111,36,92,36,559008,117436,56448,69808,0.9301419338486884,0.37281835466022945
2109,0.2112,27,101,27,559109,117335,56475,69781,0.9293419718666835,0.3729290921139828
2110,0.2113,23,93,23,559202,117242,56498,69758,0.928605373209986,0.3730374331550802
2111,0.2114,33,121,33,559323,117121,56531,69725,0.9276470029147129,0.37316827761900173
2112,0.2115,24,98,24,559421,117023,56555,69701,0.9268708021796984,0.373283562905679
2113,0.2116,31,100,31,559521,116923,56586,69670,0.926078760613357,0.3733794944076144
2114,0.2117,23,115,23,559636,116808,56609,69647,0.9251679128120643,0.37353248773162423
2115,0.2118,26,95,26,559731,116713,56635,69621,0.9244154733240401,0.3736355147208776
2116,0.2119,29,100,29,559831,116613,56664,69592,0.9236234317576987,0.37373862141188474
2117,0.212,23,91,23,559922,116522,56687,69569,0.9229026739323279,0.3738439795583881
2118,0.2121,19,89,19,560011,116433,56706,69550,0.9221977569382841,0.3739589102229774
2119,0.2122,33,108,33,560119,116325,56739,69517,0.9213423520466354,0.37406506602382666
2120,0.2123,26,91,26,560210,116234,56765,69491,0.9206215942212648,0.3741607214968367
2121,0.2124,22,99,22,560309,116135,56787,69469,0.9198374730705867,0.3742861145233939
2122,0.2125,25,90,25,560399,116045,56812,69444,0.9191246356608794,0.3743833866159179
2123,0.2126,22,94,22,560493,115951,56834,69422,0.9183801165885186,0.37449898313130825
2124,0.2127,30,93,30,560586,115858,56864,69392,0.9176435179318211,0.37458569500674765
2125,0.2128,19,94,19,560680,115764,56883,69373,0.9168989988594601,0.3747116999843359
2126,0.2129,28,89,28,560769,115675,56911,69345,0.9161940818654163,0.3747973192087342
2127,0.213,35,93,35,560862,115582,56946,69310,0.9154574832087188,0.37486749021050125
2128,0.2131,33,103,33,560965,115479,56979,69277,0.9146416803953872,0.37496481846327046
2129,0.2132,27,90,27,561055,115389,57006,69250,0.9139288429856799,0.3750561907289359
2130,0.2133,26,96,26,561151,115293,57032,69224,0.9131684830819922,0.3751632640894877
2131,0.2134,21,83,21,561234,115210,57053,69203,0.9125110885819288,0.3752609631642021
2132,0.2135,30,94,30,561328,115116,57083,69173,0.9117665695095679,0.3753506720422814
2133,0.2136,22,80,22,561408,115036,57105,69151,0.9111329362564947,0.3754390917925804
2134,0.2137,19,91,19,561499,114945,57124,69132,0.9104121784311241,0.3755602275134862
2135,0.2138,32,113,32,561612,114832,57156,69100,0.9095171714611583,0.3756823173781615
2136,0.2139,23,88,23,561700,114744,57179,69077,0.9088201748827779,0.3757840507885388
2137,0.214,21,103,21,561803,114641,57200,69056,0.9080043720694462,0.37592339559165366
2138,0.2141,37,75,37,561878,114566,57237,69019,0.9074103408946902,0.3759511942696843
2139,0.2142,32,69,32,561947,114497,57269,68987,0.9068638322139145,0.37598373700159143
2140,0.2143,31,89,31,562036,114408,57300,68956,0.9061589152198707,0.3760607316594315
2141,0.2144,31,103,31,562139,114305,57331,68925,0.9053431124065391,0.37616656661027126
2142,0.2145,22,111,22,562250,114194,57353,68903,0.9044639462679002,0.3763196557016226
2143,0.2146,27,91,27,562341,114103,57380,68876,0.9037431884425294,0.3764147798381235
2144,0.2147,15,106,15,562447,113997,57395,68861,0.9029036243822076,0.3765818285226788
2145,0.2148,30,108,30,562555,113889,57425,68831,0.9020482194905589,0.37670205779334504
2146,0.2149,26,92,26,562647,113797,57451,68805,0.9013195412495247,0.3768031018280194
2147,0.215,31,94,31,562741,113703,57482,68774,0.9005750221771639,0.3768913342503439
2148,0.2151,27,80,27,562821,113623,57509,68747,0.8999413889240907,0.3769644130065252
2149,0.2152,18,103,18,562924,113520,57527,68729,0.8991255861107591,0.37711592381851206
2150,0.2153,25,81,25,563005,113439,57552,68704,0.8984840324420226,0.3771981355308741
2151,0.2154,25,85,25,563090,113354,57577,68679,0.8978107971106324,0.37728873336153335
2152,0.2155,37,95,37,563185,113259,57614,68642,0.897058357622608,0.3773591129240631
2153,0.2156,31,84,31,563269,113175,57645,68611,0.8963930427068812,0.37742730463292
2154,0.2157,25,81,25,563350,113094,57670,68586,0.8957514890381447,0.3775099075297226
2155,0.2158,23,100,23,563450,112994,57693,68563,0.8949594474718033,0.37763897839246074
2156,0.2159,22,96,22,563546,112898,57715,68541,0.8941990875681156,0.3777633254151533
2157,0.216,21,92,21,563638,112806,57736,68520,0.8934704093270814,0.37788292908904403
2158,0.2161,43,115,43,563753,112691,57779,68477,0.8925595615257889,0.37797513909741237
2159,0.2162,33,96,33,563849,112595,57812,68444,0.8917992016221011,0.37806218549594284
2160,0.2163,34,103,34,563952,112492,57846,68410,0.8909833988087695,0.37816055101657253
2161,0.2164,23,105,23,564057,112387,57869,68387,0.890151755164111,0.3783010831203602
2162,0.2165,32,97,32,564154,112290,57901,68355,0.8893834748447599,0.3783940878518642
2163,0.2166,37,93,37,564247,112197,57938,68318,0.8886468761880624,0.3784616236877822
2164,0.2167,19,96,19,564343,112101,57957,68299,0.8878865162843746,0.37859756097560976
2165,0.2168,24,94,24,564437,112007,57981,68275,0.8871419972120137,0.378712239713338
2166,0.2169,31,87,31,564524,111920,58012,68244,0.8864529210492966,0.37878821518172334
2167,0.217,32,84,32,564608,111836,58044,68212,0.8857876061335699,0.3788545276815072
2168,0.2171,31,87,31,564695,111749,58075,68181,0.8850985299708529,0.3789306952703829
2169,0.2172,30,80,30,564775,111669,58105,68151,0.8844648967177797,0.3789956623289957
2170,0.2173,24,96,24,564871,111573,58129,68127,0.883704536814092,0.3791151919866444
2171,0.2174,19,76,19,564947,111497,58148,68108,0.8831025852236726,0.3792099329083266
2172,0.2175,28,96,28,565043,111401,58176,68080,0.8823422253199847,0.3793159164479806
2173,0.2176,36,89,36,565132,111312,58212,68044,0.8816373083259409,0.37937955797408507
2174,0.2177,28,98,28,565230,111214,58240,68016,0.8808611075909264,0.37949004072978854
2175,0.2178,32,88,32,565318,111126,58272,67984,0.880164111012546,0.3795656300597398
2176,0.2179,32,89,32,565407,111037,58304,67952,0.8794591940185021,0.3796434417757516
2177,0.218,28,89,28,565496,110948,58332,67924,0.8787542770244583,0.37973522966143386
2178,0.2181,26,96,26,565592,110852,58358,67898,0.8779939171207705,0.37984895104895106
2179,0.2182,43,89,43,565681,110763,58401,67855,0.8772890001267266,0.37988892496836824
2180,0.2183,15,110,15,565791,110653,58416,67840,0.8764177544037511,0.38007092715120483
2181,0.2184,28,87,28,565878,110566,58444,67812,0.8757286782410341,0.3801589882160356
2182,0.2185,33,95,33,565973,110471,58477,67779,0.8749762387530098,0.3802468443197756
2183,0.2186,25,94,25,566067,110377,58502,67754,0.8742317196806488,0.3803605211894617
2184,0.2187,28,83,28,566150,110294,58530,67726,0.8735743251805855,0.38044039995506124
2185,0.2188,21,91,21,566241,110203,58551,67705,0.8728535673552148,0.38056186343503384
2186,0.2189,20,86,20,566327,110117,58571,67685,0.8721724116081612,0.3806762578598666
2187,0.219,33,94,33,566421,110023,58604,67652,0.8714278925358003,0.3807626283945406
2188,0.2191,36,100,36,566521,109923,58640,67616,0.8706358509694588,0.38085153121286025
2189,0.2192,32,95,32,566616,109828,58672,67584,0.8698834114814346,0.38094379185173494
2190,0.2193,31,100,31,566716,109728,58703,67553,0.8690913699150932,0.3810504227751423
2191,0.2194,24,88,24,566804,109640,58727,67529,0.8683943733367128,0.3811558455486005
2192,0.2195,25,90,25,566894,109550,58752,67504,0.8676815359270055,0.38126221378788394
2193,0.2196,33,89,33,566983,109461,58785,67471,0.8669766189329616,0.3813385933579002
2194,0.2197,29,94,29,567077,109367,58814,67442,0.8662320998606007,0.38143985883071563
2195,0.2198,31,92,31,567169,109275,58845,67411,0.8655034216195666,0.3815299457795185
2196,0.2199,25,81,25,567250,109194,58870,67386,0.8648618679508301,0.3816173972137275
2197,0.22,35,105,35,567355,109089,58905,67351,0.8640302243061716,0.3817218317841759
2198,0.2201,21,91,21,567446,108998,58926,67330,0.8633094664808009,0.3818451975863164
2199,0.2202,25,96,25,567542,108902,58951,67305,0.8625491065771131,0.38196552917875
2200,0.2203,24,91,24,567633,108811,58975,67281,0.8618283487517425,0.3820786861413352
2201,0.2204,27,84,27,567717,108727,59002,67254,0.8611630338360157,0.38216625658451764
2202,0.2205,26,100,26,567817,108627,59028,67228,0.8603709922696743,0.38229222939353447
2203,0.2206,30,77,30,567894,108550,59058,67198,0.8597611202635914,0.38235427999180643
2204,0.2207,21,114,21,568008,108436,59079,67177,0.8588581928779623,0.3825286282906163
2205,0.2208,28,90,28,568098,108346,59107,67149,0.858145355468255,0.3826262856491638
2206,0.2209,27,102,27,568200,108244,59134,67122,0.8573374730705867,0.3827537835156188
2207,0.221,27,86,27,568286,108158,59161,67095,0.8566563173235331,0.38284651332644803
2208,0.2211,27,101,27,568387,108057,59188,67068,0.8558563553415284,0.38297216274089935
2209,0.2212,26,98,26,568485,107959,59214,67042,0.8550801546065138,0.38309495374312147
2210,0.2213,29,100,29,568585,107859,59243,67013,0.8542881130401724,0.3832117205727618
2211,0.2214,31,73,31,568658,107786,59274,66982,0.8537099226967432,0.38326238212945163
2212,0.2215,26,89,26,568747,107697,59300,66956,0.8530050057026993,0.38336587404739686
2213,0.2216,20,84,20,568831,107613,59320,66936,0.8523396907869725,0.3834797105683791
2214,0.2217,21,100,21,568931,107513,59341,66915,0.8515476492206311,0.3836253353819341
2215,0.2218,21,89,21,569020,107424,59362,66894,0.8508427322265872,0.3837469452380133
2216,0.2219,24,97,24,569117,107327,59386,66870,0.8500744519072361,0.38387572690689276
2217,0.222,28,96,28,569213,107231,59414,66842,0.8493140920035483,0.38398832673648414
2218,0.2221,29,91,29,569304,107140,59443,66813,0.8485933341781776,0.3840865061252177
2219,0.2222,33,90,33,569394,107050,59476,66780,0.8478804967684704,0.38416844043030546
2220,0.2223,35,83,35,569477,106967,59511,66745,0.847223102268407,0.3842279174725983
2221,0.2224,28,90,28,569567,106877,59539,66717,0.8465102648586997,0.38432779934790373
2222,0.2225,39,108,39,569675,106769,59578,66678,0.845654859967051,0.38442867273576364
2223,0.2226,26,100,26,569775,106669,59604,66652,0.8448628184007096,0.38455813202093225
2224,0.2227,35,76,35,569851,106593,59639,66617,0.8442608668102902,0.3846025056290053
2225,0.2228,24,72,24,569923,106521,59663,66593,0.8436905968825243,0.384677149161824
2226,0.2229,27,86,27,570009,106435,59690,66566,0.8430094411354708,0.38477234235640256
2227,0.223,29,92,29,570101,106343,59719,66537,0.8422807628944367,0.3848739009717723
2228,0.2231,24,75,24,570176,106268,59743,66513,0.8416867317196807,0.38495552172981984
2229,0.2232,32,79,32,570255,106189,59775,66481,0.8410610188822709,0.385017663751665
2230,0.2233,28,92,28,570347,106097,59803,66453,0.8403323406412369,0.3851231527093596
2231,0.2234,30,95,30,570442,106002,59833,66423,0.8395799011532126,0.38522836015658984
2232,0.2235,31,84,31,570526,105918,59864,66392,0.8389145862374857,0.385305553943474
2233,0.2236,29,89,29,570615,105829,59893,66363,0.8382096692434419,0.3854011800780524
2234,0.2237,30,91,30,570706,105738,59923,66333,0.8374889114180712,0.38549784681904564
2235,0.2238,26,78,26,570784,105660,59949,66307,0.8368711189963249,0.3855797914716196
2236,0.2239,27,80,27,570864,105580,59976,66280,0.8362374857432519,0.3856627487489817
2237,0.224,25,91,25,570955,105489,60001,66255,0.8355167279178811,0.38577766908887645
2238,0.2241,21,102,21,571057,105387,60022,66234,0.8347088455202128,0.38593179156396945
2239,0.2242,30,74,30,571131,105313,60052,66204,0.8341227347611203,0.38599089303101153
2240,0.2243,34,100,34,571231,105213,60086,66170,0.8333306931947788,0.3860943034023211
2241,0.2244,35,74,35,571305,105139,60121,66135,0.8327445824356863,0.38613566565853547
2242,0.2245,28,93,28,571398,105046,60149,66107,0.8320079837789888,0.3862450555935333
2243,0.2246,16,93,16,571491,104953,60165,66091,0.8312713851222913,0.386397652066135
2244,0.2247,27,85,27,571576,104868,60192,66064,0.8305981497909011,0.3864928743593944
2245,0.2248,18,86,18,571662,104782,60210,66046,0.8299169940438474,0.38662280188259535
2246,0.2249,28,80,28,571742,104702,60238,66018,0.8292833607907742,0.38670337394564197
2247,0.225,26,76,26,571818,104626,60264,65992,0.8286814092003548,0.3867821683526943
2248,0.2251,33,79,33,571897,104547,60297,65959,0.8280556963629452,0.3868426917527829
2249,0.2252,22,97,22,571994,104450,60319,65937,0.827287416043594,0.3869837487601754
2250,0.2253,30,94,30,572088,104356,60349,65907,0.8265428969712331,0.3870893852451795
2251,0.2254,28,89,28,572177,104267,60377,65879,0.8258379799771892,0.38719100067001283
2252,0.2255,20,78,20,572255,104189,60397,65859,0.8252201875554429,0.3872965280391419
2253,0.2256,22,103,22,572358,104086,60419,65837,0.8244043847421113,0.3874519635364253
2254,0.2257,26,82,26,572440,104004,60445,65811,0.8237549106577113,0.38754526985248655
2255,0.2258,22,82,22,572522,103922,60467,65789,0.8231054365733114,0.38765312796459866
2256,0.2259,26,92,26,572614,103830,60493,65763,0.8223767583322773,0.3877695423749801
2257,0.226,14,73,14,572687,103757,60507,65749,0.8217985679888481,0.38788597453777446
2258,0.2261,25,82,25,572769,103675,60532,65724,0.8211490939044481,0.3879834001381354
2259,0.2262,20,84,20,572853,103591,60552,65704,0.8204837789887214,0.38810360613130923
2260,0.2263,26,95,26,572948,103496,60578,65678,0.819731339500697,0.38822750540863254
2261,0.2264,26,78,26,573026,103418,60604,65652,0.8191135470789507,0.3883125332702431
2262,0.2265,16,76,16,573102,103342,60620,65636,0.8185115954885313,0.3884292629809798
2263,0.2266,24,92,24,573194,103250,60644,65612,0.8177829172474972,0.3885539671447691
2264,0.2267,32,80,32,573274,103170,60676,65580,0.817149283994424,0.3886222222222222
2265,0.2268,26,94,26,573368,103076,60702,65554,0.8164047649220632,0.3887445887445887
2266,0.2269,23,81,23,573449,102995,60725,65531,0.8157632112533266,0.3888480115827825
2267,0.227,27,69,27,573518,102926,60752,65504,0.815216702572551,0.38890933919135545
2268,0.2271,27,88,27,573606,102838,60779,65477,0.8145197059941706,0.3890146451593738
2269,0.2272,28,92,28,573698,102746,60807,65449,0.8137910277531365,0.38912571717351885
2270,0.2273,22,85,22,573783,102661,60829,65427,0.8131177924217463,0.3892425396221027
2271,0.2274,24,94,24,573877,102567,60853,65403,0.8123732733493854,0.3893731023397035
2272,0.2275,25,88,25,573965,102479,60878,65378,0.811676276771005,0.3894862889245012
2273,0.2276,25,78,25,574043,102401,60903,65353,0.8110584843492586,0.3895764035432836
2274,0.2277,27,81,27,574124,102320,60930,65326,0.8104169306805221,0.38966632069956936
2275,0.2278,22,95,22,574219,102225,60952,65304,0.8096644911924978,0.3898071378686675
2276,0.2279,21,73,21,574292,102152,60973,65283,0.8090863008490685,0.38990055842565774
2277,0.228,23,95,23,574387,102057,60996,65260,0.8083338613610442,0.39003807144522074
2278,0.2281,31,99,31,574486,101958,61027,65229,0.8075497402103662,0.39015593317662256
2279,0.2282,27,87,27,574573,101871,61054,65202,0.8068606640476492,0.3902605447917976
2280,0.2283,20,83,20,574656,101788,61074,65182,0.8062032695475858,0.39038150565969937
2281,0.2284,22,95,22,574751,101693,61096,65160,0.8054508300595615,0.3905233948445638
2282,0.2285,22,84,22,574835,101609,61118,65138,0.8047855151438348,0.39063971165898037
2283,0.2286,31,85,31,574920,101524,61149,65107,0.8041122798124446,0.39072561528167027
2284,0.2287,19,78,19,574998,101446,61168,65088,0.8034944873906983,0.3908391079299122
2285,0.2288,27,67,27,575065,101379,61195,65061,0.8029638195412495,0.39089762076423934
2286,0.2289,34,93,34,575158,101286,61229,65027,0.802227220884552,0.3909916843541996
2287,0.229,25,98,25,575256,101188,61254,65002,0.8014510201495374,0.3911306336121307
2288,0.2291,30,73,30,575329,101115,61284,64972,0.8008728298061082,0.3911925677506367
2289,0.2292,25,83,25,575412,101032,61309,64947,0.8002154353060449,0.39129648931491334
2290,0.2293,27,101,27,575513,100931,61336,64920,0.7994154733240401,0.39143568624850017
2291,0.2294,26,77,26,575590,100854,61362,64894,0.7988056013179572,0.3915220696478992
2292,0.2295,21,77,21,575667,100777,61383,64873,0.7981957293118743,0.3916269242378509
2293,0.2296,19,73,19,575740,100704,61402,64854,0.7976175389684451,0.3917297865400645
2294,0.2297,29,96,29,575836,100608,61431,64825,0.7968571790647573,0.3918504772324748
2295,0.2298,24,70,24,575906,100538,61455,64801,0.7963027499683183,0.39192809923853417
2296,0.2299,26,87,26,575993,100451,61481,64775,0.7956136738056013,0.39203878324234687
2297,0.23,25,104,25,576097,100347,61506,64750,0.7947899505766063,0.39219368007898386
2298,0.2301,20,70,20,576167,100277,61526,64730,0.7942355214801673,0.3922863878502124
2299,0.2302,27,83,27,576250,100194,61553,64703,0.7935781269801039,0.39238433688908836
2300,0.2303,33,85,33,576335,100109,61586,64670,0.7929048916487137,0.39246505926119224
2301,0.2304,52,89,52,576424,100020,61638,64618,0.7921999746546698,0.39248533145446374
2302,0.2305,33,77,33,576501,99943,61671,64585,0.791590102648587,0.3925471652241564
2303,0.2306,27,82,27,576583,99861,61698,64558,0.790940628564187,0.39264318600648346
2304,0.2307,20,88,20,576671,99773,61718,64538,0.7902436319858066,0.39277954610464305
2305,0.2308,19,74,19,576745,99699,61737,64519,0.789657521226714,0.3928862853036817
2306,0.2309,26,73,26,576818,99626,61763,64493,0.7890793308832847,0.3929648608631542
2307,0.231,25,97,25,576915,99529,61788,64468,0.7883110505639336,0.3931047519161936
2308,0.2311,20,71,20,576986,99458,61808,64448,0.7877487010518311,0.3932009810501141
2309,0.2312,21,104,21,577090,99354,61829,64427,0.7869249778228361,0.39337285765748164
2310,0.2313,21,89,21,577179,99265,61850,64406,0.7862200608287923,0.39350892949881167
2311,0.2314,37,99,37,577278,99166,61887,64369,0.7854359396781143,0.3936099305958969
2312,0.2315,25,79,25,577357,99087,61912,64344,0.7848102268407046,0.3937074361657213
2313,0.2316,25,68,25,577425,99019,61937,64319,0.7842716385755925,0.393778545102793
2314,0.2317,26,90,26,577515,98929,61963,64293,0.7835588011658852,0.3938991067380623
2315,0.2318,27,77,27,577592,98852,61990,64266,0.7829489291598023,0.3939847227160706
2316,0.2319,33,80,33,577672,98772,62023,64233,0.7823152959067292,0.3940553970737094
2317,0.232,26,81,26,577753,98691,62049,64207,0.7816737422379927,0.39415462436616777
2318,0.2321,27,86,27,577839,98605,62076,64180,0.7809925864909391,0.39426237061154285
2319,0.2322,26,80,26,577919,98525,62102,64154,0.780358953237866,0.39435944405854473
2320,0.2323,28,72,28,577991,98453,62130,64126,0.7797886833101001,0.3944297849045695
2321,0.2324,27,66,27,578057,98387,62157,64099,0.7792659358763148,0.39448937139199686
2322,0.2325,34,81,34,578138,98306,62191,64065,0.7786243822075782,0.3945593732871018
2323,0.2326,27,87,27,578225,98219,62218,64038,0.7779353060448613,0.39467018372088725
2324,0.2327,30,79,30,578304,98140,62248,64008,0.7773095932074515,0.39475047487480575
2325,0.2328,17,74,17,578378,98066,62265,63991,0.7767234824483589,0.3948672380705554
2326,0.2329,35,84,35,578462,97982,62300,63956,0.7760581675326321,0.39494127382084504
2327,0.233,23,86,23,578548,97896,62323,63933,0.7753770117855785,0.39506516137404296
2328,0.2331,33,88,33,578636,97808,62356,63900,0.7746800152071981,0.3951567022039726
2329,0.2332,24,84,24,578720,97724,62380,63876,0.7740147002914713,0.3952722772277228
2330,0.2333,33,67,33,578787,97657,62413,63843,0.7734840324420226,0.395312693498452
2331,0.2334,28,75,28,578862,97582,62441,63815,0.7728900012672665,0.39539148806979063
2332,0.2335,26,69,26,578931,97513,62467,63789,0.7723434925864909,0.395463168466603
2333,0.2336,25,85,25,579016,97428,62492,63764,0.7716702572551007,0.3955779443148543
2334,0.2337,28,87,28,579103,97341,62520,63736,0.7709811810923838,0.3956865350112058
2335,0.2338,31,86,31,579189,97255,62551,63705,0.7703000253453302,0.3957815606361829
2336,0.2339,35,76,35,579265,97179,62586,63670,0.7696980737549106,0.39583708944413704
2337,0.234,22,88,22,579353,97091,62608,63648,0.7690010771765302,0.39597110844287947
2338,0.2341,34,64,34,579417,97027,62642,63614,0.7684941705740718,0.3960010209099794
2339,0.2342,26,72,26,579489,96955,62668,63588,0.7679239006463059,0.3960808007823449
2340,0.2343,26,78,26,579567,96877,62694,63562,0.7673061082245596,0.3961754934897375
2341,0.2344,24,68,24,579635,96809,62718,63538,0.7667675199594475,0.3962531260329161
2342,0.2345,31,85,31,579720,96724,62749,63507,0.7660942846280573,0.39634652470495724
2343,0.2346,25,97,25,579817,96627,62774,63482,0.7653260043087061,0.3964923895596125
2344,0.2347,24,75,24,579892,96552,62798,63458,0.76473197313395,0.39658771326792075
2345,0.2348,27,70,27,579962,96482,62825,63431,0.764177544037511,0.39665943356700206
2346,0.2349,22,85,22,580047,96397,62847,63409,0.7635043087061208,0.3967873546675344
2347,0.235,21,94,21,580141,96303,62868,63388,0.76275978963376,0.39694159345235486
2348,0.2351,27,74,27,580215,96229,62895,63361,0.7621736788746674,0.39702362303402466
2349,0.2352,34,71,34,580286,96158,62929,63327,0.7616113293625649,0.3970718249365144
2350,0.2353,25,87,25,580373,96071,62954,63302,0.760922253199848,0.3971940040031875
2351,0.2354,33,74,33,580447,95997,62987,63269,0.7603361424407553,0.3972536511245338
2352,0.2355,35,65,35,580512,95932,63022,63234,0.7598213154226334,0.3972833394066572
2353,0.2356,23,76,23,580588,95856,63045,63211,0.7592193638322139,0.397386007154218
2354,0.2357,33,79,33,580667,95777,63078,63178,0.7585936509948042,0.3974584001761505
2355,0.2358,29,76,29,580743,95701,63107,63149,0.7579916994043847,0.39753855838841673
2356,0.2359,23,81,23,580824,95620,63130,63126,0.7573501457356482,0.3976541141194109
2357,0.236,32,78,32,580902,95542,63162,63094,0.7567323533139019,0.397728132328097
2358,0.2361,15,72,15,580974,95470,63177,63079,0.7561620833861361,0.397851768223073
2359,0.2362,24,80,24,581054,95390,63201,63055,0.755528450133063,0.3979614377228691
2360,0.2363,21,82,21,581136,95308,63222,63034,0.754878976048663,0.3980876836215281
2361,0.2364,28,61,28,581197,95247,63250,63006,0.7543958306931948,0.3981346325188148
2362,0.2365,29,84,29,581281,95163,63279,62977,0.753730515777468,0.3982357404831162
2363,0.2366,26,80,26,581361,95083,63305,62951,0.7530968825243949,0.39833833225761545
2364,0.2367,33,73,33,581434,95010,63338,62918,0.7525186921809657,0.39839673775391315
2365,0.2368,34,90,34,581524,94920,63372,62884,0.7518058547712584,0.3984943347443664
2366,0.2369,16,70,16,581594,94850,63388,62868,0.7512514256748194,0.3986101776588595
2367,0.237,28,88,28,581682,94762,63416,62840,0.750554429096439,0.3987259044935978
2368,0.2371,32,72,32,581754,94690,63448,62808,0.7499841591686732,0.3987860163303661
2369,0.2372,26,72,26,581826,94618,63474,62782,0.7494138892409073,0.39886912325285895
2370,0.2373,28,73,28,581899,94545,63502,62754,0.7488356988974781,0.3989472278908321
2371,0.2374,14,78,14,581977,94467,63516,62740,0.7482179064757318,0.3990916435018797
2372,0.2375,22,77,22,582054,94390,63538,62718,0.747608034469649,0.39920309595946735
2373,0.2376,25,67,25,582121,94323,63563,62693,0.7470773666202002,0.3992777806083456
2374,0.2377,26,83,26,582204,94240,63589,62667,0.7464199721201369,0.399389447252194
2375,0.2378,25,68,25,582272,94172,63614,62642,0.7458813838550247,0.3994668843343069
2376,0.2379,33,60,33,582332,94112,63647,62609,0.7454061589152199,0.39949336719393064
2377,0.238,26,90,26,582422,94022,63673,62583,0.7446933215055126,0.3996232559624533
2378,0.2381,24,74,24,582496,93948,63697,62559,0.74410721074642,0.39972014031321285
2379,0.2382,22,92,22,582588,93856,63719,62537,0.7433785325053859,0.39987083820887126
2380,0.2383,23,61,23,582649,93795,63742,62514,0.7428953871499177,0.3999385831909871
2381,0.2384,22,84,22,582733,93711,63764,62492,0.7422300722341908,0.4000691407975519
2382,0.2385,26,76,26,582809,93635,63790,62466,0.7416281206437714,0.4001639963869546
2383,0.2386,25,72,25,582881,93563,63815,62441,0.7410578507160056,0.4002525576267275
2384,0.2387,29,76,29,582957,93487,63844,62412,0.7404558991255861,0.40033611504884575
2385,0.2388,17,75,17,583032,93412,63861,62395,0.7398618679508301,0.40046339381414187
2386,0.2389,19,74,19,583106,93338,63880,62376,0.7392757571917374,0.4005805515239477
2387,0.239,20,79,20,583185,93259,63900,62356,0.7386500443543277,0.4007068727307779
2388,0.2391,14,78,14,583263,93181,63914,62342,0.7380322519325814,0.4008538929933193
2389,0.2392,38,81,38,583344,93100,63952,62304,0.7373906982638448,0.40091632133021027
2390,0.2393,19,63,19,583407,93037,63971,62285,0.7368917120770498,0.4010056527729491
2391,0.2394,26,76,26,583483,92961,63997,62259,0.7362897604866303,0.40110166215693854
2392,0.2395,31,79,31,583562,92882,64028,62228,0.7356640476492207,0.4011862549158662
2393,0.2396,24,75,24,583637,92807,64052,62204,0.7350700164744646,0.40128765055383164
2394,0.2397,31,64,31,583701,92743,64083,62173,0.7345631098720061,0.40133362596503913
2395,0.2398,25,67,25,583768,92676,64108,62148,0.7340324420225574,0.40141063401023097
2396,0.2399,25,79,25,583847,92597,64133,62123,0.7334067291851476,0.4015188728024819
2397,0.24,30,73,30,583920,92524,64163,62093,0.7328285388417184,0.4015923216722611
2398,0.2401,21,86,21,584006,92438,64184,62072,0.7321473830946648,0.40173451556533557
2399,0.2402,21,83,21,584089,92355,64205,62051,0.7314899885946015,0.40186909835110035
2400,0.2403,28,67,28,584156,92288,64233,62023,0.7309593207451527,0.40193505323664547
2401,0.2404,34,73,34,584229,92215,64267,61989,0.7303811304017235,0.4019934632045861
2402,0.2405,26,89,26,584318,92126,64293,61963,0.7296762134076796,0.4021247460882996
2403,0.2406,22,60,22,584378,92066,64315,61941,0.7292009884678748,0.4021960040777367
2404,0.2407,18,83,18,584461,91983,64333,61923,0.7285435939678114,0.4023429885774434
2405,0.2408,20,84,20,584545,91899,64353,61903,0.7278782790520847,0.40248501319878804
2406,0.2409,22,62,22,584607,91837,64375,61881,0.727387213280953,0.40256183400772844
2407,0.241,27,67,27,584674,91770,64402,61854,0.7268565454315042,0.40263240118731447
2408,0.2411,35,71,35,584745,91699,64437,61819,0.7262941959194018,0.40268242160528406
2409,0.2412,28,75,28,584820,91624,64465,61791,0.7257001647446458,0.4027702636639181
2410,0.2413,29,71,29,584891,91553,64494,61762,0.7251378152325434,0.4028438182826207
2411,0.2414,22,80,22,584971,91473,64516,61740,0.7245041819794703,0.40296841651818055
2412,0.2415,28,84,28,585055,91389,64544,61712,0.7238388670637435,0.40308031952763207
2413,0.2416,18,79,18,585134,91310,64562,61694,0.7232131542263338,0.40321821651721523
2414,0.2417,18,71,18,585205,91239,64580,61676,0.7226508047142314,0.40333518621456366
2415,0.2418,27,99,27,585304,91140,64607,61649,0.7218666835635534,0.4034910890181885
2416,0.2419,21,60,21,585364,91080,64628,61628,0.7213914586237485,0.4035675930534091
2417,0.242,25,86,25,585450,90994,64653,61603,0.720710302876695,0.4036973203929304
2418,0.2421,27,57,27,585507,90937,64680,61576,0.7202588391838803,0.4037426317756519
2419,0.2422,19,80,19,585587,90857,64699,61557,0.7196252059308073,0.4038802209770756
2420,0.2423,25,81,25,585668,90776,64724,61532,0.7189836522620707,0.40399716364209365
2421,0.2424,29,73,29,585741,90703,64753,61503,0.7184054619186415,0.4040773688290869
2422,0.2425,24,85,24,585826,90618,64777,61479,0.7177322265872513,0.40420915599913215
2423,0.2426,19,84,19,585910,90534,64796,61460,0.7170669116715245,0.4043580667657934
2424,0.2427,25,86,25,585996,90448,64821,61435,0.716385755924471,0.4044889816503493
2425,0.2428,32,75,32,586071,90373,64853,61403,0.7157917247497149,0.40456330381615013
2426,0.2429,26,77,26,586148,90296,64879,61377,0.715181852743632,0.4046666183170373
2427,0.243,34,66,34,586214,90230,64913,61343,0.7146591053098467,0.4047092819961339
2428,0.2431,22,84,22,586298,90146,64935,61321,0.7139937903941199,0.40484726045937397
2429,0.2432,26,60,26,586358,90086,64961,61295,0.713518565454315,0.40490550333265074
2430,0.2433,28,81,28,586439,90005,64989,61267,0.7128770117855785,0.4050121635200169
2431,0.2434,27,88,27,586527,89917,65016,61240,0.7121800152071981,0.4051416738887382
2432,0.2435,32,72,32,586599,89845,65048,61208,0.7116097452794322,0.4052087677834932
2433,0.2436,32,82,32,586681,89763,65080,61176,0.7109602711950324,0.40530280444417943
2434,0.2437,21,87,21,586768,89676,65101,61155,0.7102711950323153,0.4054537860254192
2435,0.2438,26,80,26,586848,89596,65127,61129,0.7096375617792422,0.4055664289268535
2436,0.2439,22,78,22,586926,89518,65149,61107,0.7090197693574959,0.4056896265560166
2437,0.244,25,100,25,587026,89418,65174,61082,0.7082277277911545,0.40586046511627905
2438,0.2441,29,79,29,587105,89339,65203,61053,0.7076020149537448,0.40595909356880683
2439,0.2442,23,60,23,587165,89279,65226,61030,0.70712679001394,0.40603024436327834
2440,0.2443,33,76,33,587241,89203,65259,60997,0.7065248384235204,0.4061051930758988
2441,0.2444,26,76,26,587317,89127,65285,60971,0.705922886833101,0.4062079441431598
2442,0.2445,23,67,23,587384,89060,65308,60948,0.7053922189836522,0.40629833075569305
2443,0.2446,25,86,25,587470,88974,65333,60923,0.7047110632365987,0.4064324169262894
2444,0.2447,32,75,32,587545,88899,65365,60891,0.7041170320618426,0.406509112757861
2445,0.2448,28,78,28,587623,88821,65393,60863,0.7034992396400963,0.40660992490847386
2446,0.2449,24,69,24,587692,88752,65417,60839,0.7029527309593208,0.40670227486947746
2447,0.245,29,85,29,587777,88667,65446,60810,0.7022794956279306,0.40681844029516245
2448,0.2451,25,72,25,587849,88595,65471,60785,0.7017092257001647,0.40691524969875487
2449,0.2452,25,72,25,587921,88523,65496,60760,0.7011389557723989,0.40701218491053903
2450,0.2453,28,66,28,587987,88457,65524,60732,0.7006162083386136,0.4070809510084524
2451,0.2454,25,61,25,588048,88396,65549,60707,0.7001330629831454,0.4071480788448254
2452,0.2455,31,77,31,588125,88319,65580,60676,0.6995231909770625,0.407235142118863
2453,0.2456,25,69,25,588194,88250,65605,60651,0.698976682296287,0.4073243295881156
2454,0.2457,23,59,23,588253,88191,65628,60628,0.6985093777721455,0.4073942171362528
2455,0.2458,28,69,28,588322,88122,65656,60600,0.69796286909137,0.4074716585306814
2456,0.2459,17,68,17,588390,88054,65673,60583,0.6974242808262577,0.4075903038947234
2457,0.246,23,63,23,588453,87991,65696,60560,0.6969252946394627,0.40767143943830736
2458,0.2461,22,88,22,588541,87903,65718,60538,0.6962282980610822,0.40782533127639936
2459,0.2462,20,61,20,588602,87842,65738,60518,0.695745152705614,0.40791318414667027
2460,0.2463,24,69,24,588671,87773,65762,60494,0.6951986440248384,0.40800717624285915
2461,0.2464,11,70,11,588741,87703,65773,60483,0.6946442149283995,0.40815596615064853
2462,0.2465,21,78,21,588819,87625,65794,60462,0.6940264225066531,0.40828702046769805
2463,0.2466,27,66,27,588885,87559,65821,60435,0.6935036750728678,0.4083611497763423
2464,0.2467,25,89,25,588974,87470,65846,60410,0.692798758078824,0.40850689748444685
2465,0.2468,28,79,28,589053,87391,65874,60382,0.6921730452414143,0.408613210803056
2466,0.2469,13,70,13,589123,87321,65887,60369,0.6916186161449753,0.40875482429412957
2467,0.247,25,68,25,589191,87253,65912,60344,0.6910800278798631,0.40884299816391934
2468,0.2471,29,60,29,589251,87193,65941,60315,0.6906048029400583,0.408893076985655
2469,0.2472,21,70,21,589321,87123,65962,60294,0.6900503738436193,0.40900303221473777
2470,0.2473,14,79,14,589400,87044,65976,60280,0.6894246610062096,0.4091661915234449
2471,0.2474,12,80,12,589480,86964,65988,60268,0.6887910277531365,0.40934036079113234
2472,0.2475,28,73,28,589553,86891,66016,60240,0.6882128374097073,0.40943105124005136
2473,0.2476,22,74,22,589627,86817,66038,60218,0.6876267266506146,0.40954874689699733
2474,0.2477,26,74,26,589701,86743,66064,60192,0.687040615891522,0.40965052574267535
2475,0.2478,24,66,24,589767,86677,66088,60168,0.6865178684577367,0.40973815928359836
2476,0.2479,21,73,21,589840,86604,66109,60147,0.6859396781143074,0.40985751374777685
2477,0.248,31,65,31,589905,86539,66140,60116,0.6854248510961856,0.40991442501108044
2478,0.2481,21,71,21,589976,86468,66161,60095,0.6848625015840831,0.4100284519285222
2479,0.2482,20,73,20,590049,86395,66181,60075,0.6842843112406539,0.41015224960742813
2480,0.2483,28,81,28,590130,86314,66209,60047,0.6836427575719174,0.4102663961027869
2481,0.2484,23,61,23,590191,86253,66232,60024,0.6831596122164492,0.41034475686539923
2482,0.2485,24,69,24,590260,86184,66256,60000,0.6826131035356735,0.41044163519947463
2483,0.2486,20,82,20,590342,86102,66276,59980,0.6819636294512736,0.4105913117290289
2484,0.2487,19,74,19,590416,86028,66295,59961,0.681377518692181,0.4107227256848119
2485,0.2488,26,78,26,590494,85950,66321,59935,0.6807597262704347,0.41083730335538265
2486,0.2489,24,56,24,590550,85894,66345,59911,0.6803161829932834,0.41089811734851345
2487,0.249,28,69,28,590619,85825,66373,59883,0.6797696743125079,0.41097949323304145
2488,0.2491,29,74,29,590693,85751,66402,59854,0.6791835635534152,0.41107104838432745
2489,0.2492,21,72,21,590765,85679,66423,59833,0.6786132936256495,0.4111894551652097
2490,0.2493,24,74,24,590839,85605,66447,59809,0.6780271828665568,0.41130152530017744
2491,0.2494,22,66,22,590905,85539,66469,59787,0.6775044354327715,0.4113991990421535
2492,0.2495,21,65,21,590970,85474,66490,59766,0.6769896084146496,0.41149820985954283
2493,0.2496,28,62,28,591032,85412,66518,59738,0.6764985426435179,0.4115604547020324
2494,0.2497,26,54,26,591086,85358,66544,59712,0.6760708401976936,0.4116081891500655
2495,0.2498,20,57,20,591143,85301,66564,59692,0.675619376504879,0.41168884015090385
2496,0.2499,24,68,24,591211,85233,66588,59668,0.6750807882397668,0.4117845977598498
2497,0.25,19,59,19,591270,85174,66607,59649,0.6746134837156254,0.4118751855713526
2498,0.2501,26,68,26,591338,85106,66633,59623,0.6740748954505132,0.41196304817970136
2499,0.2502,27,77,27,591415,85029,66660,59596,0.6734650234444304,0.4120726015557476
2500,0.2503,26,77,26,591492,84952,66686,59570,0.6728551514383475,0.4121863799283154
2501,0.2504,29,58,29,591550,84894,66715,59541,0.6723957673298695,0.41223387683040813
2502,0.2505,26,76,26,591626,84818,66741,59515,0.67179381573945,0.4123450631525708
2503,0.2506,26,69,26,591695,84749,66767,59489,0.6712473070586744,0.4124363898556552
2504,0.2507,23,60,23,591755,84689,66790,59466,0.6707720821188696,0.4125143075162152
2505,0.2508,26,74,26,591829,84615,66816,59440,0.670185971359777,0.41262017979244037
2506,0.2509,31,82,31,591911,84533,66847,59409,0.669536497275377,0.41272873796390214
2507,0.251,15,75,15,591986,84458,66862,59394,0.6689424661006209,0.4128826849817868
2508,0.2511,20,56,20,592042,84402,66882,59374,0.6684989228234698,0.4129618295125751
2509,0.2512,30,65,30,592107,84337,66912,59344,0.6679840958053479,0.41302607860468676
2510,0.2513,27,68,27,592175,84269,66939,59317,0.6674455075402357,0.4131113061161952
2511,0.2514,24,56,24,592231,84213,66963,59293,0.6670019642630846,0.4131743620475799
2512,0.2515,21,84,21,592315,84129,66984,59272,0.6663366493473577,0.41333045097314525
2513,0.2516,19,82,19,592397,84047,67003,59253,0.6656871752629578,0.41348918353105374
2514,0.2517,20,67,20,592464,83980,67023,59233,0.6651565074135091,0.413600720604973
2515,0.2518,18,71,18,592535,83909,67041,59215,0.6645941579014066,0.41373214834688804
2516,0.2519,26,69,26,592604,83840,67067,59189,0.6640476492206311,0.41382516832250804
2517,0.252,26,75,26,592679,83765,67093,59163,0.663453618045875,0.4139356878988022
2518,0.2521,32,66,32,592745,83699,67125,59131,0.6629308706120898,0.4139956591752433
2519,0.2522,25,74,25,592819,83625,67150,59106,0.6623447598529971,0.414107657061185
2520,0.2523,28,54,28,592873,83571,67178,59078,0.6619170574071728,0.414149415698673
2521,0.2524,21,46,21,592919,83525,67199,59057,0.6615527182866557,0.4141967429268772
2522,0.2525,19,49,19,592968,83476,67218,59038,0.6611646179191484,0.41426105505424027
2523,0.2526,28,53,28,593021,83423,67246,59010,0.6607448358889875,0.4143000568688436
2524,0.2527,17,64,17,593085,83359,67263,58993,0.6602379292865289,0.4144163763066202
2525,0.2528,25,73,25,593158,83286,67288,58968,0.6596597389430997,0.4145261293179805
2526,0.2529,21,64,21,593222,83222,67309,58947,0.6591528323406413,0.4146262546687393
2527,0.253,30,66,30,593288,83156,67339,58917,0.6586300849068559,0.4146952622947358
2528,0.2531,35,78,35,593366,83078,67374,58882,0.6580122924851096,0.41477881093265706
2529,0.2532,24,65,24,593431,83013,67398,58858,0.6574974654669877,0.4148698465507398
2530,0.2533,34,64,34,593495,82949,67432,58824,0.6569905588645292,0.4149168036226926
2531,0.2534,20,77,20,593572,82872,67452,58804,0.6563806868584463,0.4150597137129789
2532,0.2535,22,72,22,593644,82800,67474,58782,0.6558104169306805,0.4151798957494597
2533,0.2536,22,84,22,593728,82716,67496,58760,0.6551451020149538,0.41533546325878595
2534,0.2537,17,53,17,593781,82663,67513,58743,0.6547253199847928,0.4154208449429303
2535,0.2538,28,60,28,593841,82603,67541,58715,0.654250095044988,0.41548139656660865
2536,0.2539,23,55,23,593896,82548,67564,58692,0.6538144721835002,0.4155480033984707
2537,0.254,29,76,29,593972,82472,67593,58663,0.6532125205930808,0.4156516810146314
2538,0.2541,19,55,19,594027,82417,67612,58644,0.652776897731593,0.415735036615365
2539,0.2542,21,86,21,594113,82331,67633,58623,0.6520957419845393,0.41590164167033217
2540,0.2543,19,74,19,594187,82257,67652,58604,0.6515096312254467,0.41604134572379864
2541,0.2544,24,60,24,594247,82197,67676,58580,0.6510344062856419,0.4161191103660399
2542,0.2545,26,78,26,594325,82119,67702,58554,0.6504166138638956,0.41624192275703226
2543,0.2546,19,73,19,594398,82046,67721,58535,0.6498384235204664,0.41637916930452906
2544,0.2547,20,78,20,594476,81968,67741,58515,0.6492206310987201,0.4165272666443627
2545,0.2548,23,70,23,594546,81898,67764,58492,0.6486662020022811,0.4166393617779044
2546,0.2549,20,73,20,594619,81825,67784,58472,0.6480880116588519,0.4167729887310491
2547,0.255,29,66,29,594685,81759,67813,58443,0.6475652642250666,0.41684854709633246
2548,0.2551,17,65,17,594750,81694,67830,58426,0.6470504372069447,0.4169711675706537
2549,0.2552,30,54,30,594804,81640,67860,58396,0.6466227347611203,0.4170070553286298
2550,0.2553,25,63,25,594867,81577,67885,58371,0.6461237485743252,0.41709063366393234
2551,0.2554,26,50,26,594917,81527,67911,58345,0.6457277277911545,0.4171313772592084
2552,0.2555,19,70,19,594987,81457,67930,58326,0.6451732986947155,0.41726104032679223
2553,0.2556,19,55,19,595042,81402,67949,58307,0.6447376758332277,0.41734605501435124
2554,0.2557,26,56,26,595098,81346,67975,58281,0.6442941325560766,0.41740494317001725
2555,0.2558,22,62,22,595160,81284,67997,58259,0.6438030667849449,0.41749854883440946
2556,0.2559,30,61,30,595221,81223,68027,58229,0.6433199214294766,0.4175558615150733
2557,0.256,30,59,30,595280,81164,68057,58199,0.6428526169053352,0.41760725587135755
2558,0.2561,28,59,28,595339,81105,68085,58171,0.6423853123811938,0.41766707831930844
2559,0.2562,24,56,24,595395,81049,68109,58147,0.6419417691040425,0.4177347050202592
2560,0.2563,21,76,21,595471,80973,68130,58126,0.6413398175136231,0.4178750386415431
2561,0.2564,24,75,24,595546,80898,68154,58102,0.640745786338867,0.418
2562,0.2565,27,61,27,595607,80837,68181,58075,0.6402626409833988,0.4180704330799355
2563,0.2566,23,66,23,595673,80771,68204,58052,0.6397398935496135,0.4181727811673858
2564,0.2567,16,55,16,595728,80716,68220,58036,0.6393042706881257,0.4182714483394834
2565,0.2568,25,65,25,595793,80651,68245,58011,0.6387894436700038,0.4183626372041367
2566,0.2569,23,67,23,595860,80584,68268,57988,0.638258775820555,0.4184683774499899
2567,0.257,34,49,34,595909,80535,68302,57954,0.6378706754530478,0.4184736693889045
2568,0.2571,25,75,25,595984,80460,68327,57929,0.6372766442782917,0.41859540859461375
2569,0.2572,24,50,24,596034,80410,68351,57905,0.636880623495121,0.4186458446300112
2570,0.2573,23,76,23,596110,80334,68374,57882,0.6362786719047016,0.4187793019621462
2571,0.2574,33,50,33,596160,80284,68407,57849,0.6358826511215309,0.41879203376456026
2572,0.2575,31,67,31,596227,80217,68438,57818,0.6353519832720821,0.4188647806715688
2573,0.2576,24,70,24,596297,80147,68462,57794,0.6347975541756431,0.4189762289674571
2574,0.2577,23,59,23,596356,80088,68485,57771,0.6343302496515018,0.41905860335560247
2575,0.2578,25,51,25,596407,80037,68510,57746,0.6339263084526676,0.4191083079915519
2576,0.2579,23,68,23,596475,79969,68533,57723,0.6333877201875554,0.41921825523632456
2577,0.258,26,67,26,596542,79902,68559,57697,0.6328570523381067,0.4193126403534909
2578,0.2581,26,62,26,596604,79840,68585,57671,0.6323659865669751,0.4193919031931991
2579,0.2582,20,52,20,596656,79788,68605,57651,0.6319541249524775,0.41946609041101873
2580,0.2583,17,64,17,596720,79724,68622,57634,0.631447218350019,0.41958968534777735
2581,0.2584,20,53,20,596773,79671,68642,57614,0.631027436319858,0.4196671158538806
2582,0.2585,23,64,23,596837,79607,68665,57591,0.6305205297173996,0.4197655942506451
2583,0.2586,27,49,27,596886,79558,68692,57564,0.6301324293498923,0.41980134478785314
2584,0.2587,30,67,30,596953,79491,68722,57534,0.6296017615004436,0.4198795840175151
2585,0.2588,33,65,33,597018,79426,68755,57501,0.6290869344823217,0.4199390916327678
2586,0.2589,19,70,19,597088,79356,68774,57482,0.6285325053858827,0.4200733714319122
2587,0.259,31,56,31,597144,79300,68805,57451,0.6280889621087314,0.4201139296970406
2588,0.2591,31,58,31,597202,79242,68836,57420,0.6276295780002534,0.4201606884137507
2589,0.2592,23,52,23,597254,79190,68859,57397,0.627217716385756,0.42022300804615376
2590,0.2593,22,63,22,597317,79127,68881,57375,0.6267187301989608,0.4203235117434177
2591,0.2594,33,66,33,597383,79061,68914,57342,0.6261959827651755,0.4203866483874988
2592,0.2595,31,72,31,597455,78989,68945,57311,0.6256257128374098,0.420476889214967
2593,0.2596,31,80,31,597535,78909,68976,57280,0.6249920795843366,0.4205919714514388
2594,0.2597,10,66,10,597601,78843,68986,57270,0.6244693321505512,0.42075334464746206
2595,0.2598,22,62,22,597663,78781,69008,57248,0.6239782663794196,0.4208514360908336
2596,0.2599,31,59,31,597722,78722,69039,57217,0.6235109618552782,0.4209020222305593
2597,0.26,23,65,23,597787,78657,69062,57194,0.6229961348371562,0.4210053661732339
2598,0.2601,30,44,30,597831,78613,69092,57164,0.6226476365479661,0.42101386832821464
2599,0.2602,30,70,30,597901,78543,69122,57134,0.6220932074515271,0.42110306094621786
2600,0.2603,19,56,19,597957,78487,69141,57115,0.6216496641743758,0.4211958525685462
2601,0.2604,23,55,23,598012,78432,69164,57092,0.6212140413128882,0.4212685575986541
2602,0.2605,17,65,17,598077,78367,69181,57075,0.6206992142947662,0.4213980892190015
2603,0.2606,30,58,30,598135,78309,69211,57045,0.6202398301862881,0.42145041890154705
2604,0.2607,22,64,22,598199,78245,69233,57023,0.6197329235838297,0.4215557264097939
2605,0.2608,19,74,19,598273,78171,69252,57004,0.619146812824737,0.4217051969668948
2606,0.2609,23,68,23,598341,78103,69275,56981,0.6186082245596249,0.4218190163157739
2607,0.261,23,49,23,598390,78054,69298,56958,0.6182201241921176,0.4218736112345569
2608,0.2611,35,58,35,598448,77996,69333,56923,0.6177607400836396,0.4219049948487611
2609,0.2612,16,66,16,598514,77930,69349,56907,0.6172379926498542,0.42204291107040354
2610,0.2613,24,59,24,598573,77871,69373,56883,0.6167706881257128,0.4221247606750078
2611,0.2614,27,62,27,598635,77809,69400,56856,0.6162796223545811,0.42220324508966695
2612,0.2615,28,61,28,598696,77748,69428,56828,0.6157964769991129,0.42227440256806564
2613,0.2616,31,59,31,598755,77689,69459,56797,0.6153291724749715,0.4223264875154291
2614,0.2617,14,66,14,598821,77623,69473,56783,0.6148064250411862,0.4224736990908144
2615,0.2618,21,48,21,598869,77575,69494,56762,0.6144262450893423,0.422534372510924
2616,0.2619,22,63,22,598932,77512,69516,56740,0.6139272589025472,0.4226380240145398
2617,0.262,22,68,22,599000,77444,69538,56718,0.6133886706374351,0.4227575617537008
2618,0.2621,20,74,20,599074,77370,69558,56698,0.6128025598783424,0.422904794581854
2619,0.2622,15,64,15,599138,77306,69573,56683,0.6122956532758839,0.4230421900305249
2620,0.2623,18,50,18,599188,77256,69591,56665,0.6118996324927132,0.4231225871969295
2621,0.2624,22,68,22,599256,77188,69613,56643,0.6113610442276011,0.42324274644887955
2622,0.2625,17,76,17,599332,77112,69630,56626,0.6107590926371816,0.42340995079932403
2623,0.2626,19,65,19,599397,77047,69649,56607,0.6102442656190596,0.42353390096817156
2624,0.2627,33,62,33,599459,76985,69682,56574,0.609753199847928,0.4235880771793739
2625,0.2628,23,59,23,599518,76926,69705,56551,0.6092858953237866,0.42367598912172133
2626,0.2629,19,50,19,599568,76876,69724,56532,0.6088898745406159,0.4237526984888462
2627,0.263,22,62,22,599630,76814,69746,56510,0.6083988087694843,0.4238546698268879
2628,0.2631,17,64,17,599694,76750,69763,56493,0.6078919021670257,0.4239847496679
2629,0.2632,26,56,26,599750,76694,69789,56467,0.6074483588898746,0.4240505853816057
2630,0.2633,15,69,15,599819,76625,69804,56452,0.6069018502090989,0.42420553514130915
2631,0.2634,21,60,21,599879,76565,69825,56431,0.6064266252692941,0.42430599416523807
2632,0.2635,26,71,26,599950,76494,69851,56405,0.6058642757571917,0.42442004830736124
2633,0.2636,21,61,21,600011,76433,69872,56384,0.6053811304017235,0.42452396907022444
2634,0.2637,34,61,34,600072,76372,69906,56350,0.6048979850462552,0.42457166106598754
2635,0.2638,18,63,18,600135,76309,69924,56332,0.6043989988594601,0.42469522998167986
2636,0.2639,25,53,25,600188,76256,69949,56307,0.6039792168292992,0.42475653085702647
2637,0.264,16,69,16,600257,76187,69965,56291,0.6034327081485237,0.42490828665891694
2638,0.2641,27,62,27,600319,76125,69992,56264,0.602941642377392,0.4249899916156176
2639,0.2642,25,55,25,600374,76070,70017,56239,0.6025060195159042,0.42505800814759387
2640,0.2643,24,57,24,600431,76013,70041,56215,0.6020545558230896,0.42513688477478295
2641,0.2644,30,65,30,600496,75948,70071,56185,0.6015397288049676,0.42521550256181273
2642,0.2645,21,55,21,600551,75893,70092,56164,0.60110410594348,0.42530119569579805
2643,0.2646,16,62,16,600613,75831,70108,56148,0.6006130401723483,0.4254313186188712
2644,0.2647,16,53,16,600666,75778,70124,56132,0.6001932581421873,0.42553256007884166
2645,0.2648,31,56,31,600722,75722,70155,56101,0.5997497148650361,0.4255782374851126
2646,0.2649,29,54,29,600776,75668,70184,56072,0.5993220124192118,0.425626233490208
2647,0.265,19,61,19,600837,75607,70203,56053,0.5988388670637435,0.4257405438250038
2648,0.2651,20,61,20,600898,75546,70223,56033,0.5983557217082752,0.4258506296597481
2649,0.2652,18,58,18,600956,75488,70241,56015,0.5978963375997972,0.42595986403352015
2650,0.2653,24,61,24,601017,75427,70265,55991,0.597413192244329,0.4260527477210123
2651,0.2654,26,53,26,601070,75374,70291,55965,0.5969934102141681,0.426111056121944
2652,0.2655,30,59,30,601129,75315,70321,55935,0.5965261056900266,0.4261714285714286
2653,0.2656,21,43,21,601172,75272,70342,55914,0.5961855278164998,0.4262192612016526
2654,0.2657,20,67,20,601239,75205,70362,55894,0.595654859967051,0.4263495526281665
2655,0.2658,20,51,20,601290,75154,70382,55874,0.595250918768217,0.4264279390664591
2656,0.2659,21,70,21,601360,75084,70403,55853,0.594696489671778,0.42656392005315535
2657,0.266,19,62,19,601422,75022,70422,55834,0.5942054239006463,0.4266827657883475
2658,0.2661,27,48,27,601470,74974,70449,55807,0.5938252439488024,0.4267210068740872
2659,0.2662,22,66,22,601536,74908,70471,55785,0.5933024965150171,0.4268399990818177
2660,0.2663,25,66,25,601602,74842,70496,55760,0.5927797490812318,0.42694598857597893
2661,0.2664,18,68,18,601670,74774,70514,55742,0.5922411608161197,0.42708939900088877
2662,0.2665,23,63,23,601733,74711,70537,55719,0.5917421746293245,0.4271946638043395
2663,0.2666,18,75,18,601808,74636,70555,55701,0.5911481434545685,0.4273613785801422
2664,0.2667,19,58,19,601866,74578,70574,55682,0.5906887593460904,0.42746814064179334
2665,0.2668,25,51,25,601917,74527,70599,55657,0.5902848181472564,0.42752565599459225
2666,0.2669,37,65,37,601982,74462,70636,55620,0.5897699911291344,0.4275764517765717
2667,0.267,30,61,30,602043,74401,70666,55590,0.5892868457736662,0.42764499080705587
2668,0.2671,20,59,20,602102,74342,70686,55570,0.5888195412495247,0.42775109304760145
2669,0.2672,17,68,17,602170,74274,70703,55553,0.5882809529844126,0.4279002056582991
2670,0.2673,33,51,33,602221,74223,70736,55520,0.5878770117855785,0.42792289372066317
2671,0.2674,29,56,29,602277,74167,70765,55491,0.5874334685084274,0.42797976214348515
2672,0.2675,14,70,14,602347,74097,70779,55477,0.5868790394119884,0.4281491657276923
2673,0.2676,29,66,29,602413,74031,70808,55448,0.586356291978203,0.428239328385298
2674,0.2677,17,62,17,602475,73969,70825,55431,0.5858652262070714,0.4283693972179289
2675,0.2678,24,64,24,602539,73905,70849,55407,0.5853583196046128,0.4284753155159614
2676,0.2679,15,58,15,602597,73847,70864,55392,0.5848989354961348,0.4286012736093594
2677,0.268,29,61,29,602658,73786,70893,55363,0.5844157901406666,0.428675405926488
2678,0.2681,17,58,17,602716,73728,70910,55346,0.5839564060321886,0.4287927855338798
2679,0.2682,26,60,26,602776,73668,70936,55320,0.5834811810923838,0.4288771048469625
2680,0.2683,26,60,26,602836,73608,70962,55294,0.5830059561525789,0.4289615366712696
2681,0.2684,30,55,30,602891,73553,70992,55264,0.5825703332910911,0.42901169876646716
2682,0.2685,30,75,30,602966,73478,71022,55234,0.5819763021163351,0.4291285971781963
2683,0.2686,25,60,25,603026,73418,71047,55209,0.5815010771765302,0.42921781585514707
2684,0.2687,25,56,25,603082,73362,71072,55184,0.5810575338993791,0.429293793661413
2685,0.2688,23,66,23,603148,73296,71095,55161,0.5805347864655938,0.42941217683738525
2686,0.2689,18,63,18,603211,73233,71113,55143,0.5800358002787986,0.4295429052159282
2687,0.269,18,42,18,603253,73191,71131,55125,0.5797031428209353,0.4296034789114374
2688,0.2691,22,49,22,603302,73142,71153,55103,0.5793150424534279,0.42966977270069007
2689,0.2692,30,61,30,603363,73081,71183,55073,0.5788318970979597,0.42974078062331256
2690,0.2693,20,56,20,603419,73025,71203,55053,0.5783883538208086,0.4298396289760927
2691,0.2694,29,61,29,603480,72964,71232,55024,0.5779052084653402,0.4299153045598025
2692,0.2695,24,49,24,603529,72915,71256,55000,0.577517108097833,0.42997302896454676
2693,0.2696,33,77,33,603606,72838,71289,54967,0.5769072360917501,0.4300848949571613
2694,0.2697,22,69,22,603675,72769,71311,54945,0.5763607274109745,0.43021908326416836
2695,0.2698,21,55,21,603730,72714,71332,54924,0.5759251045494868,0.43031072251210456
2696,0.2699,30,57,30,603787,72657,71362,54894,0.5754736408566722,0.4303690288590446
2697,0.27,22,65,22,603852,72592,71384,54872,0.5749588138385503,0.4304901776187786
2698,0.2701,21,64,21,603916,72528,71405,54851,0.5744519072360917,0.43061258135171415
2699,0.2702,23,56,23,603972,72472,71428,54828,0.5740083639589406,0.43069913589945014
2700,0.2703,23,57,23,604029,72415,71451,54805,0.5735569002661259,0.4307891840905518
2701,0.2704,31,56,31,604085,72359,71482,54774,0.5731133569889748,0.4308401437864284
2702,0.2705,23,53,23,604138,72306,71505,54751,0.5726935749588138,0.43091683260269015
2703,0.2706,25,57,25,604195,72249,71530,54726,0.5722421112659992,0.4309982279976373
2704,0.2707,18,62,18,604257,72187,71548,54708,0.5717510454948675,0.43112809803380747
2705,0.2708,18,74,18,604331,72113,71566,54690,0.5711649347357749,0.43129894403129265
2706,0.2709,20,55,20,604386,72058,71586,54670,0.5707293118742872,0.4313963764913831
2707,0.271,21,58,21,604444,72000,71607,54649,0.5702699277658092,0.4314996565310425
2708,0.2711,20,58,20,604502,71942,71627,54629,0.5698105436573312,0.43160755623326036
2709,0.2712,21,66,21,604568,71876,71648,54608,0.5692877962235459,0.43173840169507605
2710,0.2713,19,49,19,604617,71827,71667,54589,0.5688996958560385,0.4318203391975699
2711,0.2714,19,56,19,604673,71771,71686,54570,0.5684561525788874,0.4319262947103474
2712,0.2715,26,53,26,604726,71718,71712,54544,0.5680363705487264,0.4319906226734885
2713,0.2716,20,60,20,604786,71658,71732,54524,0.5675611456089216,0.4321060056109429
2714,0.2717,25,55,25,604841,71603,71757,54499,0.5671255227474338,0.4321818845061934
2715,0.2718,22,59,22,604900,71544,71779,54477,0.5666582182232923,0.43228509534125265
2716,0.2719,19,63,19,604963,71481,71798,54458,0.5661592320364973,0.43241569331184143
2717,0.272,22,59,22,605022,71422,71820,54436,0.5656919275123559,0.43251918829156666
2718,0.2721,21,53,21,605075,71369,71841,54415,0.565272145482195,0.43260669083508235
2719,0.2722,28,60,28,605135,71309,71869,54387,0.5647969205423901,0.432686799898167
2720,0.2723,15,62,15,605197,71247,71884,54372,0.5643058547712584,0.4328326129009147
2721,0.2724,23,67,23,605264,71180,71907,54349,0.5637751869218096,0.4329597144882856
2722,0.2725,23,60,23,605324,71120,71930,54326,0.5632999619820048,0.43306283181608024
2723,0.2726,15,57,15,605381,71063,71945,54311,0.5628484982891903,0.4331918898655224
2724,0.2727,26,62,26,605443,71001,71971,54285,0.5623574325180586,0.4332886356017432
2725,0.2728,21,52,21,605495,70949,71992,54264,0.561945570903561,0.43337353150232005
2726,0.2729,12,60,12,605555,70889,72004,54252,0.5614703459637562,0.4335269815647949
2727,0.273,25,53,25,605608,70836,72029,54227,0.5610505639335952,0.43359746687669415
2728,0.2731,28,50,28,605658,70786,72057,54199,0.5606545431504245,0.43364403728447415
2729,0.2732,24,67,24,605725,70719,72081,54175,0.5601238753009758,0.4337678351241853
2730,0.2733,23,55,23,605780,70664,72104,54152,0.559688252439488,0.43385463402127933
2731,0.2734,33,47,33,605827,70617,72137,54119,0.5593159929033076,0.4338683299127758
2732,0.2735,19,46,19,605873,70571,72156,54100,0.5589516537827905,0.43394213570116547
2733,0.2736,22,58,22,605931,70513,72178,54078,0.5584922696743125,0.4340441925981812
2734,0.2737,22,56,22,605987,70457,72200,54056,0.5580487263971613,0.4341394071301792
2735,0.2738,24,59,24,606046,70398,72224,54032,0.5575814218730198,0.43423611669211604
2736,0.2739,26,42,26,606088,70356,72250,54006,0.5572487644151565,0.43426448593621847
2737,0.274,24,57,24,606145,70299,72274,53982,0.5567973007223419,0.4343544065464552
2738,0.2741,20,49,20,606194,70250,72294,53962,0.5564092003548347,0.434434676198757
2739,0.2742,22,50,22,606244,70200,72316,53940,0.556013179571664,0.43450942484291927
2740,0.2743,22,57,22,606301,70143,72338,53918,0.5555617158788493,0.43460878116410473
2741,0.2744,23,68,23,606369,70075,72361,53895,0.5550231276137372,0.4347422763571832
2742,0.2745,19,55,19,606424,70020,72380,53876,0.5545875047522494,0.43484858268224963
2743,0.2746,25,51,25,606475,69969,72405,53851,0.5541835635534152,0.4349135842351801
2744,0.2747,22,67,22,606542,69902,72427,53829,0.5536528957039666,0.43504861352450075
2745,0.2748,22,55,22,606597,69847,72449,53807,0.5532172728424788,0.4351416048004917
2746,0.2749,15,61,15,606658,69786,72464,53792,0.5527341274870106,0.43528783440418195
2747,0.275,27,54,27,606712,69732,72491,53765,0.5523064250411862,0.43535470497259043
2748,0.2751,16,53,16,606765,69679,72507,53749,0.5518866430110252,0.43546845124282985
2749,0.2752,22,50,22,606815,69629,72529,53727,0.5514906222278545,0.435544278348844
2750,0.2753,33,47,33,606862,69582,72562,53694,0.551118362691674,0.4355592329407184
2751,0.2754,11,61,11,606923,69521,72573,53683,0.5506352173362058,0.4357244894646278
2752,0.2755,23,60,23,606983,69461,72596,53660,0.550159992396401,0.43583141787347407
2753,0.2756,35,60,35,607043,69401,72631,53625,0.5496847674565961,0.43588347178645165
2754,0.2757,20,52,20,607095,69349,72651,53605,0.5492729058420986,0.4359760560860159
2755,0.2758,18,57,18,607152,69292,72669,53587,0.548821442149284,0.43609567135149213
2756,0.2759,10,56,10,607208,69236,72679,53577,0.5483778988721328,0.4362486056036413
2757,0.276,12,60,12,607268,69176,72691,53565,0.5479026739323279,0.43640674265322915
2758,0.2761,16,41,16,607309,69135,72707,53549,0.547577936890128,0.4364790844771934
2759,0.2762,26,47,26,607356,69088,72733,53523,0.5472056773539475,0.4365269021539666
2760,0.2763,22,48,22,607404,69040,72755,53501,0.5468254974021036,0.43659673089006945
2761,0.2764,17,53,17,607457,68987,72772,53484,0.5464057153719427,0.43670746544079825
2762,0.2765,20,55,20,607512,68932,72792,53464,0.5459700925104549,0.43681166051178144
2763,0.2766,25,67,25,607579,68865,72817,53439,0.5454394246610063,0.43693583202511777
2764,0.2767,24,67,24,607646,68798,72841,53415,0.5449087568115575,0.4370647967073879
2765,0.2768,26,64,26,607710,68734,72867,53389,0.5444018502090989,0.43717399670823676
2766,0.2769,12,51,12,607761,68683,72879,53377,0.5439979090102649,0.4373013272161232
2767,0.277,12,49,12,607810,68634,72891,53365,0.5436098086427575,0.4374216182099853
2768,0.2771,27,56,27,607866,68578,72918,53338,0.5431662653656064,0.43749794940778897
2769,0.2772,19,57,19,607923,68521,72937,53319,0.5427148016727917,0.4376149047931714
2770,0.2773,17,53,17,607976,68468,72954,53302,0.5422950196426308,0.43772686211710604
2771,0.2774,27,54,27,608030,68414,72981,53275,0.5418673171968065,0.4377963497111489
2772,0.2775,17,41,17,608071,68373,72998,53258,0.5415425801546065,0.4378653468277002
2773,0.2776,30,58,30,608129,68315,73028,53228,0.5410831960461285,0.437935545444822
2774,0.2777,21,69,21,608198,68246,73049,53207,0.540536687365353,0.438087161288729
2775,0.2778,28,52,28,608250,68194,73077,53179,0.5401248257508554,0.43814522175442644
2776,0.2779,19,59,19,608309,68135,73096,53160,0.539657521226714,0.43827033266004367
2777,0.278,17,50,17,608359,68085,73113,53143,0.5392615004435433,0.43837232322565745
2778,0.2781,18,57,18,608416,68028,73131,53125,0.5388100367507287,0.4384951259977054
2779,0.2782,20,48,20,608464,67980,73151,53105,0.5384298567988848,0.4385762067968782
2780,0.2783,23,48,23,608512,67932,73174,53082,0.538049676847041,0.4386434627398483
2781,0.2784,14,63,14,608575,67869,73188,53068,0.5375506906602459,0.4388069821477298
2782,0.2785,34,65,34,608640,67804,73222,53034,0.537035863642124,0.4388851189195452
2783,0.2786,23,44,23,608684,67760,73245,53011,0.5366873653529337,0.4389381556830696
2784,0.2787,21,52,21,608736,67708,73266,52990,0.5362755037384362,0.4390296442360271
2785,0.2788,17,62,17,608798,67646,73283,52973,0.5357844379673046,0.43917624918130643
2786,0.2789,13,54,13,608852,67592,73296,52960,0.5353567355214802,0.4393124958524122
2787,0.279,20,53,20,608905,67539,73316,52940,0.5349369534913192,0.4394126777280688
2788,0.2791,14,45,14,608950,67494,73330,52926,0.5345805347864656,0.4395117090184355
2789,0.2792,25,56,25,609006,67438,73355,52901,0.5341369915093144,0.4395997972394652
2790,0.2793,24,55,24,609061,67383,73379,52877,0.5337013686478267,0.4396890071511725
2791,0.2794,16,62,16,609123,67321,73395,52861,0.533210302876695,0.4398412407848097
2792,0.2795,23,58,23,609181,67263,73418,52838,0.532750918768217,0.4399463784647921
2793,0.2796,25,49,25,609230,67214,73443,52813,0.5323628184007096,0.4400093312338057
2794,0.2797,31,58,31,609288,67156,73474,52782,0.5319034342922316,0.4400773733095433
2795,0.2798,18,45,18,609333,67111,73492,52764,0.531547015587378,0.4401584984358707
2796,0.2799,23,52,23,609385,67059,73515,52741,0.5311351539728805,0.44024207011686145
2797,0.28,16,60,16,609445,66999,73531,52725,0.5306599290330757,0.4403878921519495
2798,0.2801,20,44,20,609489,66955,73551,52705,0.5303114307438854,0.4404562928296841
2799,0.2802,13,53,13,609542,66902,73564,52692,0.5298916487137245,0.4405906650835326
2800,0.2803,19,47,19,609589,66855,73583,52673,0.529519389177544,0.44067498828726326
2801,0.2804,26,58,26,609647,66797,73609,52647,0.529060005069066,0.4407672214594287
2802,0.2805,20,62,20,609709,66735,73629,52627,0.5285689392979344,0.4409024647710327
2803,0.2806,24,49,24,609758,66686,73653,52603,0.5281808389304271,0.4409710870239502
2804,0.2807,19,54,19,609812,66632,73672,52584,0.5277531364846028,0.4410817339954369
2805,0.2808,23,65,23,609877,66567,73695,52561,0.5272383094664808,0.44121449197501844
2806,0.2809,26,46,26,609923,66521,73721,52535,0.5268739703459637,0.4412629350893697
2807,0.281,24,59,24,609982,66462,73745,52511,0.5264066658218224,0.4413690501206156
2808,0.2811,26,43,26,610025,66419,73771,52485,0.5260660879482956,0.4414065128170625
2809,0.2812,17,49,17,610074,66370,73788,52468,0.5256779875807882,0.44150860835759603
2810,0.2813,19,57,19,610131,66313,73807,52449,0.5252265238879736,0.4416311614826291
2811,0.2814,14,55,14,610186,66258,73821,52435,0.5247909010264858,0.44176994431011096
2812,0.2815,20,50,20,610236,66208,73841,52415,0.5243948802433152,0.4418620335010917
2813,0.2816,21,47,21,610283,66161,73862,52394,0.5240226207071347,0.4419383408544557
2814,0.2817,24,45,24,610328,66116,73886,52370,0.5236662020022811,0.4419931468696724
2815,0.2818,18,59,18,610387,66057,73904,52352,0.5231988974781396,0.44212855441731624
2816,0.2819,21,46,21,610433,66011,73925,52331,0.5228345583576226,0.442201416234304
2817,0.282,22,68,22,610501,65943,73947,52309,0.5222959700925105,0.44235192639447957
2818,0.2821,27,48,27,610549,65895,73974,52282,0.5219157901406666,0.4424041903246825
2819,0.2822,20,43,20,610592,65852,73994,52262,0.5215752122671398,0.44247083326278003
2820,0.2823,9,61,9,610653,65791,74003,52253,0.5210920669116715,0.4426569753651181
2821,0.2824,25,61,25,610714,65730,74028,52228,0.5206089215562033,0.44276776479763985
2822,0.2825,24,44,24,610758,65686,74052,52204,0.520260423267013,0.44281957757231316
2823,0.2826,22,44,22,610802,65642,74074,52182,0.5199119249778228,0.442880907115698
2824,0.2827,20,55,20,610857,65587,74094,52162,0.5194763021163351,0.44299314643861093
2825,0.2828,26,42,26,610899,65545,74120,52136,0.5191436446584716,0.44302818636823277
2826,0.2829,21,44,21,610943,65501,74141,52115,0.5187951463692815,0.4430944769419127
2827,0.283,26,45,26,610988,65456,74167,52089,0.5184387276644278,0.44314092475222255
2828,0.2831,17,58,17,611046,65398,74184,52072,0.5179793435559498,0.44327913509832295
2829,0.2832,32,51,32,611097,65347,74216,52040,0.5175754023571157,0.44331995876885855
2830,0.2833,17,60,17,611157,65287,74233,52023,0.5171001774173108,0.44346603017645553
2831,0.2834,24,60,24,611217,65227,74257,51999,0.5166249524775061,0.44357906948970366
2832,0.2835,20,39,20,611256,65188,74277,51979,0.5163160562666329,0.4436317393122637
2833,0.2836,20,47,20,611303,65141,74297,51959,0.5159437967304524,0.4437147736976943
2834,0.2837,17,61,17,611364,65080,74314,51942,0.5154606513749842,0.44386525610568955
2835,0.2838,25,42,25,611406,65038,74339,51917,0.5151279939171207,0.44390577572570644
2836,0.2839,25,46,25,611452,64992,74364,51892,0.5147636547966037,0.44396153451285036
2837,0.284,20,58,20,611510,64934,74384,51872,0.5143042706881257,0.4440867763642279
2838,0.2841,22,54,22,611564,64880,74406,51850,0.5138765682423013,0.444187441103401
2839,0.2842,21,53,21,611617,64827,74427,51829,0.5134567862121404,0.4442891921547113
2840,0.2843,14,60,14,611677,64767,74441,51815,0.5129815612723355,0.44445111595271997
2841,0.2844,24,43,24,611720,64724,74465,51791,0.5126409833988088,0.44450070806333947
2842,0.2845,15,61,15,611781,64663,74480,51776,0.5121578380433405,0.44466201186887555
2843,0.2846,16,49,16,611830,64614,74496,51760,0.5117697376758332,0.4447728874147146
2844,0.2847,25,57,25,611887,64557,74521,51735,0.5113182739830187,0.4448715302858322
2845,0.2848,30,51,30,611938,64506,74551,51705,0.5109143327841845,0.44492345819242585
2846,0.2849,25,43,25,611981,64463,74576,51680,0.5105737549106577,0.44496870237551983
2847,0.285,21,48,21,612029,64415,74597,51659,0.5101935749588138,0.44505229422609716
2848,0.2851,26,35,26,612064,64380,74623,51633,0.5099163604105943,0.4450621913061467
2849,0.2852,19,45,19,612109,64335,74642,51614,0.5095599417057407,0.44514398571785874
2850,0.2853,19,57,19,612166,64278,74661,51595,0.5091084780129261,0.44527197880438063
2851,0.2854,27,46,27,612212,64232,74688,51568,0.5087441388924091,0.4453195164075993
2852,0.2855,16,58,16,612270,64174,74704,51552,0.5082847547839311,0.4454660145516133
2853,0.2856,25,65,25,612335,64109,74729,51527,0.5077699277658092,0.4455965270331039
2854,0.2857,21,52,21,612387,64057,74750,51506,0.5073580661513116,0.4456962868738264
2855,0.2858,20,57,20,612444,64000,74770,51486,0.5069066024584971,0.4458202725871534
2856,0.2859,28,56,28,612500,63944,74798,51458,0.5064630591813458,0.44590215074262146
2857,0.286,21,48,21,612548,63896,74819,51437,0.506082879229502,0.4459868381122489
2858,0.2861,25,52,25,612600,63844,74844,51412,0.5056710176150044,0.44606788366766154
2859,0.2862,17,59,17,612659,63785,74861,51395,0.505203713090863,0.4462146205938531
2860,0.2863,19,51,19,612710,63734,74880,51376,0.5047997718920288,0.4463209104334984
2861,0.2864,15,71,15,612781,63663,74895,51361,0.5042374223799265,0.44652420364445683
2862,0.2865,22,39,22,612820,63624,74917,51339,0.5039285261690534,0.44656976592468883
2863,0.2866,20,46,20,612866,63578,74937,51319,0.5035641870485363,0.4466522189439237
2864,0.2867,23,46,23,612912,63532,74960,51296,0.5031998479280193,0.4467203121189954
2865,0.2868,17,49,17,612961,63483,74977,51279,0.502811747560512,0.44682908976839025
2866,0.2869,18,46,18,613007,63437,74995,51261,0.5024474084399949,0.4469214807581649
2867,0.287,19,41,19,613048,63396,75014,51242,0.502122671397795,0.4469896543903418
2868,0.2871,19,61,19,613109,63335,75033,51223,0.5016395260423268,0.44713594860245465
2869,0.2872,15,49,15,613158,63286,75048,51208,0.5012514256748194,0.44725487798487257
2870,0.2873,9,48,9,613206,63238,75057,51199,0.5008712457229756,0.4473990055663815
2871,0.2874,22,51,22,613257,63187,75079,51177,0.5004673045241415,0.4474922178307859
2872,0.2875,14,52,14,613309,63135,75093,51163,0.5000554429096439,0.4476281299760276
2873,0.2876,27,63,27,613372,63072,75120,51136,0.4995564567228488,0.44774446623704117
2874,0.2877,15,44,15,613416,63028,75135,51121,0.4992079584336586,0.4478444839639419
2875,0.2878,20,57,20,613473,62971,75155,51101,0.498756494740844,0.44797145662388665
2876,0.2879,28,42,28,613515,62929,75183,51073,0.4984238372829806,0.4480009122646971
2877,0.288,20,47,20,613562,62882,75203,51053,0.49805157774680014,0.4480888225742748
2878,0.2881,21,39,21,613601,62843,75224,51032,0.497742681535927,0.44814050493962676
2879,0.2882,18,48,18,613649,62795,75242,51014,0.4973625015840831,0.4482422304035709
2880,0.2883,23,43,23,613692,62752,75265,50991,0.4970219237105563,0.44830011517192264
2881,0.2884,18,45,18,613737,62707,75283,50973,0.4966655050057027,0.448390218156228
2882,0.2885,21,54,21,613791,62653,75304,50952,0.4962378025598783,0.4485013863826416
2883,0.2886,26,50,26,613841,62603,75330,50926,0.4958417817767076,0.4485726114032538
2884,0.2887,25,60,25,613901,62543,75355,50901,0.4953665568369028,0.44868833962131094
2885,0.2888,13,44,13,613945,62499,75368,50888,0.4950180585477126,0.44879924506336705
2886,0.2889,18,49,18,613994,62450,75386,50870,0.4946299581802053,0.4489057536180727
2887,0.289,26,62,26,614056,62388,75412,50844,0.4941388924090736,0.4490250105977109
2888,0.2891,19,39,19,614095,62349,75431,50825,0.4938299961982005,0.44908724618728685
2889,0.2892,22,41,22,614136,62308,75453,50803,0.4935052591560005,0.4491428773505671
2890,0.2893,22,45,22,614181,62263,75475,50781,0.4931488404511469,0.4492144651640069
2891,0.2894,23,55,23,614236,62208,75498,50758,0.4927132175896591,0.4493210346475931
2892,0.2895,27,53,27,614289,62155,75525,50731,0.49229343555949817,0.44940027992842335
2893,0.2896,32,45,32,614334,62110,75557,50699,0.4919370168546445,0.449423361611219
2894,0.2897,13,57,13,614391,62053,75570,50686,0.49148555316182996,0.44958709940659397
2895,0.2898,16,46,16,614437,62007,75586,50670,0.49112121404131287,0.44969248382544796
2896,0.2899,17,53,17,614490,61954,75603,50653,0.49070143201115196,0.44982105908158465
2897,0.29,17,42,17,614532,61912,75620,50636,0.49036877455328853,0.44990581796211393
2898,0.2901,24,52,24,614584,61860,75644,50612,0.489956912938791,0.44999644355928586
2899,0.2902,21,37,21,614621,61823,75665,50591,0.4896638575592447,0.4500418097390005
2900,0.2903,18,50,18,614671,61773,75683,50573,0.489267836776074,0.4501539885710217
2901,0.2904,15,40,15,614711,61733,75698,50558,0.48895102014953745,0.4502408919681898
2902,0.2905,20,41,20,614752,61692,75718,50538,0.48862628310733747,0.4503074044373162
2903,0.2906,22,48,22,614800,61644,75740,50516,0.4882461031554936,0.4503922967189729
2904,0.2907,21,58,21,614858,61586,75761,50495,0.4877867190470156,0.4505223900571908
2905,0.2908,21,53,21,614911,61533,75782,50474,0.48736693701685463,0.4506325497513548
2906,0.2909,18,64,18,614975,61469,75800,50456,0.4868600304143961,0.4508018762564217
2907,0.291,13,43,13,615018,61426,75813,50443,0.48651945254086937,0.4509113337922034
2908,0.2911,22,46,22,615064,61380,75835,50421,0.4861551134203523,0.450988810475756
2909,0.2912,22,52,22,615116,61328,75857,50399,0.48574325180585476,0.4510906047777171
2910,0.2913,25,58,25,615174,61270,75882,50374,0.48528386769737675,0.45120203503994843
2911,0.2914,19,44,19,615218,61226,75901,50355,0.48493536940818655,0.4512865093519506
2912,0.2915,13,49,13,615267,61177,75914,50342,0.48454726904067924,0.451420834117953
2913,0.2916,28,50,28,615317,61127,75942,50314,0.48415124825750855,0.4514855394334222
2914,0.2917,24,37,24,615354,61090,75966,50290,0.4838581928779622,0.4515173280660801
2915,0.2918,21,38,21,615392,61052,75987,50269,0.4835572170827525,0.4515679880705348
2916,0.2919,26,50,26,615442,61002,76013,50243,0.4831611962995818,0.4516427704615938
2917,0.292,23,45,23,615487,60957,76036,50220,0.4828047775947282,0.45171213470412047
2918,0.2921,15,42,15,615529,60915,76051,50205,0.4824721201368648,0.45180885529157666
2919,0.2922,19,52,19,615581,60863,76070,50186,0.4820602585223673,0.4519266269844843
2920,0.2923,18,53,18,615634,60810,76088,50168,0.4816404764922063,0.45205356016507775
2921,0.2924,20,46,20,615680,60764,76108,50148,0.4812761373716893,0.45214223889209465
2922,0.2925,15,49,15,615729,60715,76123,50133,0.480888037004182,0.45226797055427254
2923,0.2926,16,44,16,615773,60671,76139,50117,0.4805395387149918,0.4523684875618298
2924,0.2927,22,44,22,615817,60627,76161,50095,0.4801910404258015,0.45243944292913785
2925,0.2928,18,32,18,615849,60595,76179,50077,0.4799375871245723,0.4524812057250253
2926,0.2929,23,58,23,615907,60537,76202,50054,0.4794782030160943,0.45260464233075026
2927,0.293,29,50,29,615957,60487,76231,50025,0.4790821822329236,0.4526657738526133
2928,0.2931,19,53,19,616010,60434,76250,50006,0.47866240020276263,0.4527888446215139
2929,0.2932,30,53,30,616063,60381,76280,49976,0.4782426181726017,0.45285754415216073
2930,0.2933,12,42,12,616105,60339,76292,49964,0.4779099607147383,0.4529704541127621
2931,0.2934,15,50,15,616155,60289,76307,49949,0.4775139399315676,0.4531014713619623
2932,0.2935,15,45,15,616200,60244,76322,49934,0.47715752122671395,0.45321207500589955
2933,0.2936,20,44,20,616244,60200,76342,49914,0.47680902293752375,0.453293859091487
2934,0.2937,22,48,22,616292,60152,76364,49892,0.4764288429856799,0.4533822834502563
2935,0.2938,11,40,11,616332,60112,76375,49881,0.47611202635914335,0.4534924949769531
2936,0.2939,27,41,27,616373,60071,76402,49854,0.47578728931694336,0.453527405048897
2937,0.294,31,66,31,616439,60005,76433,49823,0.47526454188315803,0.45364570054995085
2938,0.2941,25,47,25,616486,59958,76458,49798,0.47489228234697756,0.4537155144137906
2939,0.2942,19,47,19,616533,59911,76477,49779,0.47452002281079714,0.45381529765703343
2940,0.2943,18,43,18,616576,59868,76495,49761,0.4741794449372703,0.45390362039241444
2941,0.2944,21,36,21,616612,59832,76516,49740,0.4738943099733874,0.4539480889278283
2942,0.2945,27,57,27,616669,59775,76543,49713,0.4734428462805728,0.45404975887768523
2943,0.2946,14,49,14,616718,59726,76557,49699,0.4730547459130655,0.4541832305231894
2944,0.2947,22,45,22,616763,59681,76579,49677,0.47269832720821187,0.4542603193182026
2945,0.2948,16,57,16,616820,59624,76595,49661,0.4722468635153973,0.45441734913300086
2946,0.2949,22,59,22,616879,59565,76617,49639,0.47177955899125584,0.4545529467785063
2947,0.295,19,52,19,616931,59513,76636,49620,0.4713676973767583,0.45467457139453693
2948,0.2951,21,52,21,616983,59461,76657,49599,0.4709558357622608,0.454786356134238
2949,0.2952,15,58,15,617041,59403,76672,49584,0.4704964516537828,0.45495334305926394
2950,0.2953,16,53,16,617094,59350,76688,49568,0.4700766696236218,0.45509465836684476
2951,0.2954,17,60,17,617154,59290,76705,49551,0.469601444683817,0.4552604257586755
2952,0.2955,25,35,25,617189,59255,76730,49526,0.46932423013559754,0.4552817127991101
2953,0.2956,19,39,19,617228,59216,76749,49507,0.4690153339247244,0.4553498339817702
2954,0.2957,21,56,21,617284,59160,76770,49486,0.4685717906475732,0.4554792629273052
2955,0.2958,21,49,21,617333,59111,76791,49465,0.4681836902800659,0.45557950191570884
2956,0.2959,25,48,25,617381,59063,76816,49440,0.46780351032822204,0.4556556039925163
2957,0.296,17,47,17,617428,59016,76833,49423,0.46743125079204156,0.4557677588321545
2958,0.2961,19,42,19,617470,58974,76852,49404,0.4670985933341782,0.4558489730388086
2959,0.2962,16,58,16,617528,58916,76868,49388,0.4666392092257002,0.4560127049785788
2960,0.2963,15,49,15,617577,58867,76883,49373,0.4662511088581929,0.45614375461936435
2961,0.2964,24,47,24,617624,58820,76907,49349,0.4658788493220124,0.4562212833621463
2962,0.2965,18,59,18,617683,58761,76925,49331,0.465411544797871,0.45637975058283686
2963,0.2966,15,49,15,617732,58712,76940,49316,0.4650234444303637,0.4565112748546673
2964,0.2967,21,41,21,617773,58671,76961,49295,0.4646987073881637,0.456578922994276
2965,0.2968,17,50,17,617823,58621,76978,49278,0.464302686604993,0.4567048814168806
2966,0.2969,25,41,25,617864,58580,77003,49253,0.46397794956279304,0.45675257110532025
2967,0.297,15,43,15,617907,58537,77018,49238,0.4636373716892663,0.4568591974019949
2968,0.2971,21,34,21,617941,58503,77039,49217,0.46336807755671017,0.4568975120683253
2969,0.2972,19,44,19,617985,58459,77058,49198,0.46301957926751997,0.45698839833916977
2970,0.2973,24,48,24,618033,58411,77082,49174,0.4626393993156761,0.4570711530417809
2971,0.2974,21,44,21,618077,58367,77103,49153,0.46229090102648585,0.45715215773809526
2972,0.2975,19,43,19,618120,58324,77122,49134,0.4619503231529591,0.4572391073721826
2973,0.2976,18,43,18,618163,58281,77140,49116,0.46160974527943227,0.4573312103690047
2974,0.2977,25,42,25,618205,58239,77165,49091,0.4612770878215689,0.4573837696822883
2975,0.2978,19,38,19,618243,58201,77184,49072,0.46097611202635913,0.45744968444995476
2976,0.2979,22,43,22,618286,58158,77206,49050,0.4606355341528323,0.45752182672934855
2977,0.298,19,37,19,618323,58121,77225,49031,0.46034247877328605,0.45758361953113336
2978,0.2981,24,37,24,618360,58084,77249,49007,0.4600494233937397,0.45762015482160034
2979,0.2982,25,50,25,618410,58034,77274,48982,0.45965340261056903,0.4577072587276669
2980,0.2983,19,48,19,618458,57986,77293,48963,0.4592732226587251,0.4578163423687926
2981,0.2984,15,32,15,618490,57954,77308,48948,0.4590197693574959,0.45787730818880845
2982,0.2985,19,33,19,618523,57921,77327,48929,0.4587583956406032,0.45792232101076275
2983,0.2986,12,59,12,618582,57862,77339,48917,0.45829109111646177,0.45811442324801693
2984,0.2987,20,51,20,618633,57811,77359,48897,0.4578871499176277,0.45823181017355774
2985,0.2988,24,47,24,618680,57764,77383,48873,0.4575148903814472,0.4583118429813292
2986,0.2989,19,38,19,618718,57726,77402,48854,0.4572139145862375,0.45837868267967724
2987,0.299,25,36,25,618754,57690,77427,48829,0.45692877962235456,0.4584064814727889
2988,0.2991,20,37,20,618791,57653,77447,48809,0.45663572424280824,0.45846405290150477
2989,0.2992,19,40,19,618831,57613,77466,48790,0.4563189076162717,0.4585397028279278
2990,0.2993,15,47,15,618878,57566,77481,48775,0.4559466480800912,0.45866598959949595
2991,0.2994,21,41,21,618919,57525,77502,48754,0.4556219110378913,0.45873596853564674
2992,0.2995,10,38,10,618957,57487,77512,48744,0.4553209352426815,0.4588491118411763
2993,0.2996,19,51,19,619008,57436,77531,48725,0.45491699404384744,0.4589726924200036
2994,0.2997,20,44,20,619052,57392,77551,48705,0.4545684957546572,0.45906104790898894
2995,0.2998,29,50,29,619102,57342,77580,48676,0.4541724749714865,0.45912958176913354
2996,0.2999,24,38,24,619140,57304,77604,48652,0.4538714991762768,0.4591717316621994
2997,0.3,23,45,23,619185,57259,77627,48629,0.45351508047142314,0.4592493955877909
2998,0.3001,19,41,19,619226,57218,77646,48610,0.45319034342922315,0.45933023396454625
2999,0.3002,16,49,16,619275,57169,77662,48594,0.4528022430617159,0.4594612482626249
3000,0.3003,20,63,20,619338,57106,77682,48574,0.4523032568749208,0.4596328538985617
3001,0.3004,20,51,20,619389,57055,77702,48554,0.45189931567608665,0.45975248321639256
3002,0.3005,20,44,20,619433,57011,77722,48534,0.45155081738689645,0.45984177365104933
3003,0.3006,19,48,19,619481,56963,77741,48515,0.4511706374350526,0.4599537344280324
3004,0.3007,11,47,11,619528,56916,77752,48504,0.4507983778988721,0.46010244735344336
3005,0.3008,30,46,30,619574,56870,77782,48474,0.4504340387783551,0.4601496051032807
3006,0.3009,20,37,20,619611,56833,77802,48454,0.45014098339880876,0.460208762715245
3007,0.301,23,35,23,619646,56798,77825,48431,0.44986376885058926,0.46024384912904237
3008,0.3011,23,38,23,619684,56760,77848,48408,0.44956279305537955,0.4602921040620721
3009,0.3012,15,35,15,619719,56725,77863,48393,0.44928557850716005,0.4603683479518256
3010,0.3013,27,51,27,619770,56674,77890,48366,0.4488816373083259,0.4604531607006854
3011,0.3014,24,41,24,619811,56633,77914,48342,0.448556900266126,0.460509645153608
3012,0.3015,16,43,16,619854,56590,77930,48326,0.4482163223925992,0.4606161119371688
3013,0.3016,15,57,15,619911,56533,77945,48311,0.44776485869978455,0.46078936324443937
3014,0.3017,22,37,22,619948,56496,77967,48289,0.4474718033202382,0.46083886052392997
3015,0.3018,17,45,17,619993,56451,77984,48272,0.44711538461538464,0.4609493616493034
3016,0.3019,15,48,15,620041,56403,77999,48257,0.4467352046635407,0.46108350850372637
3017,0.302,31,46,31,620087,56357,78030,48226,0.4463708655430237,0.461126569327711
3018,0.3021,22,37,22,620124,56320,78052,48204,0.44607781016347736,0.46117638054418125
3019,0.3022,18,43,18,620167,56277,78070,48186,0.4457372322899506,0.4612733695183941
3020,0.3023,27,45,27,620212,56232,78097,48159,0.44538081358509696,0.4613328735235796
3021,0.3024,11,44,11,620256,56188,78108,48148,0.44503231529590676,0.461470633338445
3022,0.3025,14,36,14,620292,56152,78122,48134,0.4447471803320238,0.46155763956811074
3023,0.3026,22,34,22,620326,56118,78144,48112,0.44447788619946776,0.4615945505132879
3024,0.3027,22,41,22,620367,56077,78166,48090,0.4441531491572678,0.4616625226799274
3025,0.3028,24,40,24,620407,56037,78190,48066,0.44383633253073124,0.46171580069738627
3026,0.3029,22,44,22,620451,55993,78212,48044,0.443487834241541,0.4617972452108384
3027,0.303,24,42,24,620493,55951,78236,48020,0.4431551767836776,0.4618595569918535
3028,0.3031,20,34,20,620527,55917,78256,48000,0.44288588265112155,0.46190709893472676
3029,0.3032,13,53,13,620580,55864,78269,47987,0.4424661006209606,0.46207547351493966
3030,0.3033,28,49,28,620629,55815,78297,47959,0.4420780002534533,0.4621485150423035
3031,0.3034,17,43,17,620672,55772,78314,47942,0.4417374223799265,0.46225196212661745
3032,0.3035,14,43,14,620715,55729,78328,47928,0.4413968445063997,0.46237108926555853
3033,0.3036,31,45,31,620760,55684,78359,47897,0.44104042580154607,0.4624110599434259
3034,0.3037,26,49,26,620809,55635,78385,47871,0.44065232543403876,0.4624949278302707
3035,0.3038,19,36,19,620845,55599,78404,47852,0.4403671904701559,0.4625571526616466
3036,0.3039,22,42,22,620887,55557,78426,47830,0.4400345330122925,0.4626306982502636
3037,0.304,15,42,15,620929,55515,78441,47815,0.4397018755544291,0.4627407335720507
3038,0.3041,18,59,18,620988,55456,78459,47797,0.4392345710302877,0.4629114892545495
3039,0.3042,24,38,24,621026,55418,78483,47773,0.4389335952350779,0.4629570408272039
3040,0.3043,17,41,17,621067,55377,78500,47756,0.438608858192878,0.4630525631950976
3041,0.3044,17,36,17,621103,55341,78517,47739,0.43832372322899504,0.4631257275902212
3042,0.3045,22,30,22,621133,55311,78539,47717,0.43808611075909265,0.46314594090926736
3043,0.3046,21,48,21,621181,55263,78560,47696,0.4377059308072488,0.4632523625909343
3044,0.3047,17,42,17,621223,55221,78577,47679,0.43737327334938536,0.4633527696793003
3045,0.3048,25,43,25,621266,55178,78602,47654,0.43703269547585855,0.4634160572584409
3046,0.3049,12,45,12,621311,55133,78614,47642,0.43667627677100496,0.46355631233276573
3047,0.305,15,41,15,621352,55092,78629,47627,0.43635153972880497,0.46366300294979507
3048,0.3051,27,39,27,621391,55053,78656,47600,0.4360426435179318,0.4636980896807692
3049,0.3052,15,51,15,621442,55002,78671,47585,0.4356387023190977,0.46385019544386713
3050,0.3053,20,31,20,621473,54971,78691,47565,0.43539316943353185,0.4638858547241944
3051,0.3054,15,37,15,621510,54934,78706,47550,0.4351001140539856,0.46397486436907226
3052,0.3055,20,44,20,621554,54890,78726,47530,0.4347516157647953,0.4640695176723296
3053,0.3056,18,37,18,621591,54853,78744,47512,0.434458560385249,0.46414301763298005
3054,0.3057,18,52,18,621643,54801,78762,47494,0.43404669877075147,0.46428466689476516
3055,0.3058,23,38,23,621681,54763,78785,47471,0.43374572297554176,0.46433671772600116
3056,0.3059,17,53,17,621734,54710,78802,47454,0.4333259409453808,0.46448846951959594
3057,0.306,23,50,23,621784,54660,78825,47431,0.4329299201622101,0.4645953120255458
3058,0.3061,19,36,19,621820,54624,78844,47412,0.4326447851983272,0.4646595319299071
3059,0.3062,20,42,20,621862,54582,78864,47392,0.4323121277404638,0.4647459156255516
3060,0.3063,17,28,17,621890,54554,78881,47375,0.43209035610188823,0.46478431064760767
3061,0.3064,20,51,20,621941,54503,78901,47355,0.4316864149030541,0.4649119362249406
3062,0.3065,10,28,10,621969,54475,78911,47345,0.43146464326447853,0.46498723237085055
3063,0.3066,21,46,21,622015,54429,78932,47324,0.4311003041439615,0.46508702446119526
3064,0.3067,27,41,27,622056,54388,78959,47297,0.4307755671017615,0.46513251708708264
3065,0.3068,11,41,11,622097,54347,78970,47286,0.43045083005956153,0.4652622671769996
3066,0.3069,16,46,16,622143,54301,78986,47270,0.4300864909390445,0.4653887428498292
3067,0.307,22,45,22,622188,54256,79008,47248,0.42973007223419085,0.46547919293820933
3068,0.3071,15,40,15,622228,54216,79023,47233,0.4294132556076543,0.46558369229859337
3069,0.3072,22,50,22,622278,54166,79045,47211,0.42901723482448356,0.46569734752458647
3070,0.3073,19,38,19,622316,54128,79064,47192,0.42871625902927385,0.4657718120805369
3071,0.3074,17,45,17,622361,54083,79081,47175,0.4283598403244202,0.46588911493412866
3072,0.3075,19,45,19,622406,54038,79100,47156,0.4280034216195666,0.46599600766843885
3073,0.3076,17,41,17,622447,53997,79117,47139,0.42767868457736663,0.4660951589938301
3074,0.3077,23,50,23,622497,53947,79140,47116,0.42728266379419594,0.46620424883488515
3075,0.3078,18,36,18,622533,53911,79158,47098,0.426997528830313,0.46627528240057814
3076,0.3079,23,50,23,622583,53861,79181,47075,0.4266015080471423,0.46638463977173655
3077,0.308,21,35,21,622618,53826,79202,47054,0.4263242934989228,0.4664353687549564
3078,0.3081,17,44,17,622662,53782,79219,47037,0.4259757952097326,0.46654896398496315
3079,0.3082,29,58,29,622720,53724,79248,47008,0.4255164111012546,0.46666401937815194
3080,0.3083,19,50,19,622770,53674,79267,46989,0.4251203903180839,0.4667951481676485
3081,0.3084,20,53,20,622823,53621,79287,46969,0.42470060828792294,0.46693508301023956
3082,0.3085,17,48,17,622871,53573,79304,46952,0.4243204283360791,0.4670678935588162
3083,0.3086,17,34,17,622905,53539,79321,46935,0.42405113420352303,0.4671357764197703
3084,0.3087,20,37,20,622942,53502,79341,46915,0.4237580788239767,0.4672017686248344
3085,0.3088,28,43,28,622985,53459,79369,46887,0.4234175009504499,0.467253303569649
3086,0.3089,18,39,18,623024,53420,79387,46869,0.42310860473957673,0.46733938916531226
3087,0.309,29,49,29,623073,53371,79416,46840,0.4227205043720694,0.4674137569727874
3088,0.3091,24,40,24,623113,53331,79440,46816,0.4224036877455329,0.4674728149620059
3089,0.3092,24,37,24,623150,53294,79464,46792,0.42211063236598656,0.4675179345762644
3090,0.3093,25,44,25,623194,53250,79489,46767,0.42176213407679636,0.46759050961336573
3091,0.3094,22,41,22,623235,53209,79511,46745,0.4214373970345964,0.46766512595794063
3092,0.3095,24,52,24,623287,53157,79535,46721,0.42102553542009885,0.46778069244478265
3093,0.3096,27,40,27,623327,53117,79562,46694,0.4207087187935623,0.46782418771478096
3094,0.3097,16,31,16,623358,53086,79578,46678,0.4204631859079965,0.4678842067278778
3095,0.3098,21,49,21,623407,53037,79599,46657,0.42007508554048917,0.46800208638433605
3096,0.3099,15,47,15,623454,52990,79614,46642,0.4197028260043087,0.46814276537658583
3097,0.31,21,40,21,623494,52950,79635,46621,0.41938600937777215,0.4682186580430045
3098,0.3101,16,48,16,623542,52902,79651,46605,0.4190058294259283,0.46835900991890017
3099,0.3102,21,41,21,623583,52861,79672,46584,0.4186810923837283,0.468439841118206
3100,0.3103,25,51,25,623634,52810,79697,46559,0.41827715118489417,0.4685465285954372
3101,0.3104,27,37,27,623671,52773,79724,46532,0.41798409580534784,0.46857660742157997
3102,0.3105,23,36,23,623707,52737,79747,46509,0.41769896084146496,0.4686234205912581
3103,0.3106,26,50,26,623757,52687,79773,46483,0.41730294005829427,0.46872037914691944
3104,0.3107,18,38,18,623795,52649,79791,46465,0.4170019642630845,0.4688035998950703
3105,0.3108,13,47,13,623842,52602,79804,46452,0.4166297047269041,0.4689563268520201
3106,0.3109,18,48,18,623890,52554,79822,46434,0.4162495247750602,0.46908716208025214
3107,0.311,14,39,14,623929,52515,79836,46420,0.41594062856418706,0.4691969474907768
3108,0.3111,26,37,26,623966,52478,79862,46394,0.41564757318464074,0.4692329476494862
3109,0.3112,14,41,14,624007,52437,79876,46380,0.41532283614244075,0.4693524393576004
3110,0.3113,18,41,18,624048,52396,79894,46362,0.41499809910024077,0.4694505761558557
3111,0.3114,13,38,13,624086,52358,79907,46349,0.41469712330503106,0.46956142928059813
3112,0.3115,20,37,20,624123,52321,79927,46329,0.41440406792548473,0.46963000506842373
3113,0.3116,19,42,19,624165,52279,79946,46310,0.41407141046762136,0.469727860106097
3114,0.3117,28,38,28,624203,52241,79974,46282,0.4137704346724116,0.4697583305421069
3115,0.3118,20,48,20,624251,52193,79994,46262,0.41339025472056773,0.4698796404448733
3116,0.3119,17,52,17,624303,52141,80011,46245,0.4129783931060702,0.4700363872908747
3117,0.312,16,44,16,624347,52097,80027,46229,0.41262989481688,0.4701604865447593
3118,0.3121,23,36,23,624383,52061,80050,46206,0.41234475985299707,0.4702087170667671
3119,0.3122,18,43,18,624426,52018,80068,46188,0.4120041819794703,0.47031749587601573
3120,0.3123,12,28,12,624454,51990,80080,46176,0.4117824103408947,0.47038689566652403
3121,0.3124,18,33,18,624487,51957,80098,46158,0.411521036624002,0.4704479437394894
3122,0.3125,23,39,23,624526,51918,80121,46135,0.41121214041312887,0.4705108461750278
3123,0.3126,17,37,17,624563,51881,80138,46118,0.41091908503358254,0.47059663874121166
3124,0.3127,20,44,20,624607,51837,80158,46098,0.41057058674439234,0.4706999540511564
3125,0.3128,16,32,16,624639,51805,80174,46082,0.4103171334431631,0.47076731333067723
3126,0.3129,16,41,16,624680,51764,80190,46066,0.40999239640096313,0.47087805376673825
3127,0.313,12,33,12,624713,51731,80202,46054,0.40973102268407047,0.47097203047502173
3128,0.3131,21,37,21,624750,51694,80223,46033,0.40943796730452414,0.4710366633581303
3129,0.3132,23,34,23,624784,51660,80246,46010,0.4091686731719681,0.4710760724889935
3130,0.3133,21,39,21,624823,51621,80267,45989,0.40885977696109493,0.4711504968753201
3131,0.3134,27,32,27,624855,51589,80294,45962,0.40860632365986566,0.4711586759746184
3132,0.3135,25,41,25,624896,51548,80319,45937,0.40828158661766567,0.4712212135200287
3133,0.3136,19,30,19,624926,51518,80338,45918,0.4080439741477633,0.47126318814401247
3134,0.3137,19,44,19,624970,51474,80357,45899,0.4076954758585731,0.4713729678658355
3135,0.3138,12,48,12,625018,51426,80369,45887,0.40731529590672916,0.4715402875258187
3136,0.3139,25,35,25,625053,51391,80394,45862,0.4070380813585097,0.47157414167172224
3137,0.314,23,37,23,625090,51354,80417,45839,0.4067450259789634,0.47162861522949184
3138,0.3141,16,30,16,625120,51324,80433,45823,0.40650741350906094,0.4716872368678395
3139,0.3142,19,36,19,625156,51288,80452,45804,0.40622227854517806,0.47175874428377207
3140,0.3143,20,41,20,625197,51247,80472,45784,0.4058975415029781,0.4718492028320846
3141,0.3144,17,40,17,625237,51207,80489,45767,0.40558072487644153,0.47195124466351807
3142,0.3145,19,40,19,625277,51167,80508,45748,0.40526390824990494,0.4720425114791312
3143,0.3146,14,46,14,625323,51121,80522,45734,0.4048995691293879,0.4721903876929431
3144,0.3147,21,35,21,625358,51086,80543,45713,0.4046223545811684,0.47224661411791446
3145,0.3148,21,49,21,625407,51037,80564,45692,0.40423425421366116,0.4723712640469766
3146,0.3149,18,40,18,625447,50997,80582,45674,0.40391743758712456,0.472468475551096
3147,0.315,25,43,25,625490,50954,80607,45649,0.40357685971359775,0.47254226059232113
3148,0.3151,13,38,13,625528,50916,80620,45636,0.40327588391838803,0.47265722097936863
3149,0.3152,14,46,14,625574,50870,80634,45622,0.402911544797871,0.4728060357335323
3150,0.3153,21,38,21,625612,50832,80655,45601,0.40261056900266123,0.472877541920297
3151,0.3154,13,35,13,625647,50797,80668,45588,0.4023333544544418,0.4729781605021528
3152,0.3155,15,37,15,625684,50760,80683,45573,0.40204029907489547,0.47307776151474573
3153,0.3156,16,40,16,625724,50720,80699,45557,0.40172348244835887,0.47318674242030806
3154,0.3157,19,42,19,625766,50678,80718,45538,0.4013908249904955,0.4732892658185749
3155,0.3158,14,38,14,625804,50640,80732,45524,0.4010898491952858,0.47339960900128947
3156,0.3159,27,36,27,625840,50604,80759,45497,0.40080471423140285,0.47342899657651843
3157,0.316,18,47,18,625887,50557,80777,45479,0.40043245469522243,0.4735619975842392
3158,0.3161,15,43,15,625930,50514,80792,45464,0.4000918768216956,0.4736918877242701
3159,0.3162,17,42,17,625972,50472,80809,45447,0.39975921936383224,0.4738060238326088
3160,0.3163,15,41,15,626013,50431,80824,45432,0.39943448232163226,0.47392633237015325
3161,0.3164,23,31,23,626044,50400,80847,45409,0.3991889494360664,0.4739533864250749
3162,0.3165,27,44,27,626088,50356,80874,45382,0.39884045114687616,0.4740228540391485
3163,0.3166,14,42,14,626130,50314,80888,45368,0.3985077936890128,0.4741539683535043
3164,0.3167,23,41,23,626171,50273,80911,45345,0.3981830566468128,0.47423079336526597
3165,0.3168,21,30,21,626201,50243,80932,45324,0.3979454441769104,0.4742641288310819
3166,0.3169,16,46,16,626247,50197,80948,45308,0.3975811050563934,0.47440448144076225
3167,0.317,12,38,12,626285,50159,80960,45296,0.3972801292611836,0.474527264155885
3168,0.3171,16,46,16,626331,50113,80976,45280,0.3969157901406666,0.47466795257513655
3169,0.3172,13,24,13,626355,50089,80989,45267,0.3967257001647446,0.47471580183732537
3170,0.3173,20,36,20,626391,50053,81009,45247,0.39644056520086174,0.47478488982161593
3171,0.3174,17,36,17,626427,50017,81026,45230,0.39615543023697886,0.4748705995989375
3172,0.3175,20,46,20,626473,49971,81046,45210,0.39579109111646177,0.4749897563589372
3173,0.3176,16,36,16,626509,49935,81062,45194,0.3955059561525789,0.4750812055209242
3174,0.3177,20,39,20,626548,49896,81082,45174,0.39519705994170573,0.47516566740296623
3175,0.3178,25,43,25,626591,49853,81107,45149,0.3948564820681789,0.47524262647102167
3176,0.3179,25,29,25,626620,49824,81132,45124,0.3946267900139399,0.47524961031301344
3177,0.318,21,26,21,626646,49798,81153,45103,0.3944208592066912,0.4752636958514663
3178,0.3181,17,40,17,626686,49758,81170,45086,0.3941040425801546,0.47537008139682
3179,0.3182,15,39,15,626725,49719,81185,45071,0.3937951463692815,0.47548264584871824
3180,0.3183,14,36,14,626761,49683,81199,45057,0.39351001140539854,0.47558581380620646
3181,0.3184,17,37,17,626798,49646,81216,45040,0.3932169560258522,0.4756775024818875
3182,0.3185,16,44,16,626842,49602,81232,45024,0.392868457736662,0.4758100310696849
3183,0.3186,15,45,15,626887,49557,81247,45009,0.39251203903180837,0.47595330245542794
3184,0.3187,16,43,16,626930,49514,81263,44993,0.3921714611582816,0.47608113684700604
3185,0.3188,24,43,24,626973,49471,81287,44969,0.3918308832847548,0.47616476069462094
3186,0.3189,21,39,21,627012,49432,81308,44948,0.39152198707388164,0.47624496715405806
3187,0.319,18,41,18,627053,49391,81326,44930,0.39119725003168165,0.4763520318910953
3188,0.3191,18,36,18,627089,49355,81344,44912,0.39091211506779877,0.4764339588615316
3189,0.3192,25,30,25,627119,49325,81369,44887,0.3906745025978963,0.4764467371460111
3190,0.3193,13,37,13,627156,49288,81382,44874,0.39038144721835,0.47656167031286506
3191,0.3194,21,43,21,627199,49245,81403,44853,0.39004086934482324,0.4766626283236626
3192,0.3195,24,34,24,627233,49211,81427,44829,0.38977157521226713,0.4767014036580179
3193,0.3196,19,48,19,627281,49163,81446,44810,0.38939139526042327,0.47683909207963987
3194,0.3197,25,35,25,627316,49128,81471,44785,0.38911418071220377,0.4768775355914517
3195,0.3198,12,41,12,627357,49087,81483,44773,0.3887894436700038,0.4770189644150863
3196,0.3199,15,33,15,627390,49054,81498,44758,0.3885280699531111,0.47710314245512303
3197,0.32,20,35,20,627425,49019,81518,44738,0.3882508554048916,0.4771697046620519
3198,0.3201,19,40,19,627465,48979,81537,44719,0.3879340387783551,0.47726739097952997
3199,0.3202,22,36,22,627501,48943,81559,44697,0.3876489038144722,0.4773280649295173
3200,0.3203,23,38,23,627539,48905,81582,44674,0.38734792801926243,0.47739343228715847
3201,0.3204,18,45,18,627584,48860,81600,44656,0.38699150931440884,0.4775225629838744
3202,0.3205,8,36,8,627620,48824,81608,44648,0.3867063743505259,0.47766175967134544
3203,0.3206,13,38,13,627658,48786,81621,44635,0.3864053985553162,0.47778336776527763
3204,0.3207,19,34,19,627692,48752,81640,44616,0.3861361044227601,0.47785108388312914
3205,0.3208,25,36,25,627728,48716,81665,44591,0.3858509694588772,0.4778955491013536
3206,0.3209,22,47,22,627775,48669,81687,44569,0.3854787099226967,0.4780132563976061
3207,0.321,13,35,13,627810,48634,81700,44556,0.38520149537447723,0.4781199699538577
3208,0.3211,23,41,23,627851,48593,81723,44533,0.3848767583322773,0.4782015763589116
3209,0.3212,23,36,23,627887,48557,81746,44510,0.38459162336839436,0.4782575993638991
3210,0.3213,18,45,18,627932,48512,81764,44492,0.3842352046635407,0.47838802632144856
3211,0.3214,20,28,20,627960,48484,81784,44472,0.38401343302496516,0.47841989758595466
3212,0.3215,22,37,22,627997,48447,81806,44450,0.38372037764541883,0.4784869263808304
3213,0.3216,20,44,20,628041,48403,81826,44430,0.38337187935622863,0.47860135943037496
3214,0.3217,25,36,25,628077,48367,81851,44405,0.3830867443923457,0.4786465743974475
3215,0.3218,17,29,17,628106,48338,81868,44388,0.3828570523381067,0.4787006880486595
3216,0.3219,17,42,17,628148,48296,81885,44371,0.3825243948802433,0.4788220186258323
3217,0.322,19,30,19,628178,48266,81904,44352,0.3822867824103409,0.47887019801766395
3218,0.3221,17,28,17,628206,48238,81921,44335,0.3820650107717653,0.4789193393322027
3219,0.3222,16,44,16,628250,48194,81937,44319,0.3817165124825751,0.4790569973949607
3220,0.3223,11,45,11,628295,48149,81948,44308,0.38136009377772145,0.4792281817493538
3221,0.3224,18,42,18,628337,48107,81966,44290,0.3810274363198581,0.4793445674643116
3222,0.3225,16,30,16,628367,48077,81982,44274,0.38078982384995563,0.47941007677231434
3223,0.3226,23,36,23,628403,48041,82005,44251,0.38050468888607275,0.4794673427816062
3224,0.3227,15,35,15,628438,48006,82020,44236,0.38022747433785326,0.479564623490384
3225,0.3228,16,31,16,628469,47975,82036,44220,0.3799819414522874,0.47963555507348554
3226,0.3229,16,37,16,628506,47938,82052,44204,0.3796888860727411,0.47973779601050554
3227,0.323,14,28,14,628534,47910,82066,44190,0.37946711443416553,0.4798045602605863
3228,0.3231,20,40,20,628574,47870,82086,44170,0.37915029780762893,0.4799000434593655
3229,0.3232,20,35,20,628609,47835,82106,44150,0.37887308325940944,0.4799695602543893
3230,0.3233,17,38,17,628647,47797,82123,44133,0.3785721074641997,0.4800717937561188
3231,0.3234,20,35,20,628682,47762,82143,44113,0.37829489291598023,0.4801414965986395
3232,0.3235,18,37,18,628719,47725,82161,44095,0.3780018375364339,0.4802330646917883
3233,0.3236,15,44,15,628763,47681,82176,44080,0.3776533392472437,0.48037837425485774
3234,0.3237,25,36,25,628799,47645,82201,44055,0.37736820428336076,0.48042529989094873
3235,0.3238,19,32,19,628831,47613,82220,44036,0.37711475098213154,0.48048532989994436
3236,0.3239,17,27,17,628858,47586,82237,44019,0.37690089975921937,0.48053053872605206
3237,0.324,26,34,26,628892,47552,82263,43993,0.3766316056266633,0.4805614724998635
3238,0.3241,27,36,27,628928,47516,82290,43966,0.3763464706627804,0.48059727596685686
3239,0.3242,18,34,18,628962,47482,82308,43948,0.3760771765302243,0.4806737394728207
3240,0.3243,17,30,17,628992,47452,82325,43931,0.3758395640603219,0.48073492881608176
3241,0.3244,22,36,22,629028,47416,82347,43909,0.375554429096439,0.4807993430057487
3242,0.3245,25,30,25,629058,47386,82372,43884,0.37531681662653654,0.4808151637997151
3243,0.3246,17,43,17,629101,47343,82389,43867,0.3749762387530098,0.4809450718123013
3244,0.3247,15,38,15,629139,47305,82404,43852,0.3746752629578,0.4810601489737486
3245,0.3248,15,34,15,629173,47271,82419,43837,0.37440596882524396,0.4811542345348378
3246,0.3249,21,49,21,629222,47222,82440,43816,0.37401786845773666,0.4812935257804433
3247,0.325,19,37,19,629259,47185,82459,43797,0.37372481307819033,0.4813809324921413
3248,0.3251,20,35,20,629294,47150,82479,43777,0.37344759852997084,0.48145215392567664
3249,0.3252,20,50,20,629344,47100,82499,43757,0.37305157774680014,0.4816029584952178
3250,0.3253,21,41,21,629385,47059,82520,43736,0.37272684070460016,0.48170053417038383
3251,0.3254,14,43,14,629428,47016,82534,43722,0.3723862628310734,0.4818488395159691
3252,0.3255,20,42,20,629470,46974,82554,43702,0.37205360537321,0.4819577396444484
3253,0.3256,18,34,18,629504,46940,82572,43684,0.3717843112406539,0.4820356638418079
3254,0.3257,17,40,17,629544,46900,82589,43667,0.3714674946141173,0.4821513354753939
3255,0.3258,23,33,23,629577,46867,82612,43644,0.3712061208972247,0.4821955342444565
3256,0.3259,17,33,17,629610,46834,82629,43627,0.37094474718033205,0.4822741291827417
3257,0.326,22,34,22,629644,46800,82651,43605,0.37067545304777594,0.48232951717272277
3258,0.3261,15,37,15,629681,46763,82666,43590,0.3703823976682296,0.48244109216074726
3259,0.3262,22,38,22,629719,46725,82688,43568,0.3700814218730199,0.48251802465307386
3260,0.3263,14,40,14,629759,46685,82702,43554,0.36976460524648336,0.4826516251288246
3261,0.3264,12,29,12,629788,46656,82714,43542,0.36953491319224435,0.48273797645180605
3262,0.3265,16,36,16,629824,46620,82730,43526,0.3692497782283614,0.4828389501475384
3263,0.3266,18,50,18,629874,46570,82748,43508,0.3688537574451907,0.4830036190856813
3264,0.3267,18,33,18,629907,46537,82766,43490,0.36859238372829806,0.48307729903251245
3265,0.3268,14,32,14,629939,46505,82780,43476,0.36833893042706883,0.4831686689412209
3266,0.3269,27,34,27,629973,46471,82807,43449,0.3680696362945127,0.4831961743772242
3267,0.327,20,28,20,630001,46443,82827,43429,0.36784786465593716,0.48323170731707316
3268,0.3271,14,31,14,630032,46412,82841,43415,0.3676023317703713,0.48331793336079354
3269,0.3272,14,40,14,630072,46372,82855,43401,0.36728551514383473,0.4834527084981008
3270,0.3273,23,29,23,630101,46343,82878,43378,0.3670558230895957,0.4834765550985834
3271,0.3274,18,43,18,630144,46300,82896,43360,0.36671524521606896,0.48360472897613205
3272,0.3275,17,34,17,630178,46266,82913,43343,0.36644595108351286,0.4836902543271323
3273,0.3276,23,43,23,630221,46223,82936,43320,0.36610537320998604,0.4837899109924841
3274,0.3277,15,31,15,630252,46192,82951,43305,0.3658598403244202,0.4838709677419355
3275,0.3278,16,36,16,630288,46156,82967,43289,0.3655747053605373,0.4839733914696182
3276,0.3279,22,36,22,630324,46120,82989,43267,0.36528957039665444,0.48404130354525826
3277,0.328,10,33,10,630357,46087,82999,43257,0.3650281966797618,0.4841623388252149
3278,0.3281,16,38,16,630395,46049,83015,43241,0.364727220884552,0.4842759547541718
3279,0.3282,15,43,15,630438,46006,83030,43226,0.36438664301102525,0.48442262865339786
3280,0.3283,11,27,11,630465,45979,83041,43215,0.364172791788113,0.48450568423885015
3281,0.3284,18,37,18,630502,45942,83059,43197,0.36387973640856675,0.4846026991552519
3282,0.3285,19,39,19,630541,45903,83078,43178,0.3635708401976936,0.4847049314668672
3283,0.3286,15,39,15,630580,45864,83093,43163,0.36326194398682043,0.48483044469655273
3284,0.3287,17,46,17,630626,45818,83110,43146,0.3628976048663034,0.484982689627265
3285,0.3288,16,46,16,630672,45772,83126,43130,0.3625332657457863,0.4851409417110976
3286,0.3289,16,45,16,630717,45727,83142,43114,0.3621768470409327,0.4852939521167029
3287,0.329,23,33,23,630750,45694,83165,43091,0.36191547332404006,0.48534099228473276
3288,0.3291,20,34,20,630784,45660,83185,43071,0.36164617919148395,0.48541096121986677
3289,0.3292,20,39,20,630823,45621,83205,43051,0.3613372829806108,0.4855083904727535
3290,0.3293,20,40,20,630863,45581,83225,43031,0.36102046635407425,0.485611429603214
3291,0.3294,12,42,12,630905,45539,83237,43019,0.3606878088962109,0.4857720364055195
3292,0.3295,17,37,17,630942,45502,83254,43002,0.36039475351666456,0.48587634457199674
3293,0.3296,14,34,14,630976,45468,83268,42988,0.3601254593841085,0.48598173103011666
3294,0.3297,15,39,15,631015,45429,83283,42973,0.35981656317323535,0.48610891156308683
3295,0.3298,14,42,14,631057,45387,83297,42959,0.3594839057153719,0.48625857424218416
3296,0.3299,21,35,21,631092,45352,83318,42938,0.3592066911671524,0.48632914259825577
3297,0.33,16,26,16,631118,45326,83334,42922,0.3590007603599037,0.4863792947148944
3298,0.3301,22,39,22,631157,45287,83356,42900,0.35869186414903054,0.4864662591992017
3299,0.3302,23,41,23,631198,45246,83379,42877,0.35836712710683055,0.4865585601942739
3300,0.3303,14,45,14,631243,45201,83393,42863,0.35801070840197696,0.4867255632267442
3301,0.3304,21,42,21,631285,45159,83414,42842,0.35767805094411353,0.4868353768707174
3302,0.3305,22,27,22,631312,45132,83436,42820,0.35746419972120136,0.48685646716390757
3303,0.3306,24,42,24,631354,45090,83460,42796,0.357131542263338,0.48694900211637804
3304,0.3307,19,41,19,631395,45049,83479,42777,0.356806805221138,0.4870653337280532
3305,0.3308,18,27,18,631422,45022,83497,42759,0.3565929539982258,0.4871099668493182
3306,0.3309,19,38,19,631460,44984,83516,42740,0.3562919782030161,0.4872098855501345
3307,0.331,23,38,23,631498,44946,83539,42717,0.35599100240780635,0.487286540501694
3308,0.3311,21,29,21,631527,44917,83560,42696,0.35576131035356734,0.48732494036273155
3309,0.3312,19,43,19,631570,44874,83579,42677,0.3554207324800406,0.4874530273783281
3310,0.3313,13,41,13,631611,44833,83592,42664,0.3550959954378406,0.4876052893242054
3311,0.3314,19,34,19,631645,44799,83611,42645,0.3548267013052845,0.48768354604089476
3312,0.3315,19,37,19,631682,44762,83630,42626,0.35453364592573816,0.4877786423765277
3313,0.3316,16,37,16,631719,44725,83646,42610,0.3542405905461919,0.4878914524531975
3314,0.3317,21,47,21,631766,44678,83667,42589,0.3538683310100114,0.48803098536674805
3315,0.3318,13,25,13,631791,44653,83680,42576,0.35367032061842607,0.4880945557096837
3316,0.3319,13,31,13,631822,44622,83693,42563,0.35342478773286023,0.4881917761082755
3317,0.332,19,36,19,631858,44586,83712,42544,0.3531396527689773,0.4882818776540801
3318,0.3321,13,33,13,631891,44553,83725,42531,0.35287827905208463,0.48839051949841533
3319,0.3322,17,43,17,631934,44510,83742,42514,0.35253770117855787,0.48853189924618495
3320,0.3323,16,34,16,631968,44476,83758,42498,0.35226840704600176,0.48862878561409157
3321,0.3324,13,29,13,631997,44447,83771,42485,0.35203871499176276,0.4887153177195969
3322,0.3325,19,42,19,632039,44405,83790,42466,0.3517060575338994,0.488839773917648
3323,0.3326,13,41,13,632080,44364,83803,42453,0.3513813204916994,0.48899409101904007
3324,0.3327,23,39,23,632119,44325,83826,42430,0.35107242428082625,0.48907843928303846
3325,0.3328,15,47,15,632166,44278,83841,42415,0.3507001647446458,0.48925518784676963
3326,0.3329,15,28,15,632194,44250,83856,42400,0.3504783931060702,0.4893248701673399
3327,0.333,20,35,20,632229,44215,83876,42380,0.3502011785578507,0.48940470004041803
3328,0.3331,19,38,19,632267,44177,83895,42361,0.349900202762641,0.4895074995955534
3329,0.3332,23,32,23,632299,44145,83918,42338,0.3496467494614117,0.48955286009967275
3330,0.3333,12,39,12,632338,44106,83930,42326,0.34933785325053857,0.4897028878193262
3331,0.3334,14,39,14,632377,44067,83944,42312,0.34902895703966547,0.4898412808668774
3332,0.3335,26,30,26,632407,44037,83970,42286,0.348791344569763,0.48985785943491306
3333,0.3336,22,26,22,632433,44011,83992,42264,0.34858541376251423,0.48987539843523614
3334,0.3337,19,30,19,632463,43981,84011,42245,0.34834780129261184,0.4899334307517454
3335,0.3338,23,28,23,632491,43953,84034,42222,0.3481260296540362,0.48995648389904267
3336,0.3339,26,23,26,632514,43930,84060,42196,0.3479438600937777,0.48993335345888583
3337,0.334,22,38,22,632552,43892,84082,42174,0.347642884298568,0.49001928752352847
3338,0.3341,18,41,18,632593,43851,84100,42156,0.347318147256368,0.4901461508946946
3339,0.3342,15,34,15,632627,43817,84115,42141,0.34704885312381195,0.49025105283975895
3340,0.3343,18,39,18,632666,43778,84133,42123,0.3467399569129388,0.4903668176156273
3341,0.3344,21,36,21,632702,43742,84154,42102,0.3464548219490559,0.49044778901262753
3342,0.3345,22,25,22,632727,43717,84176,42080,0.3462568115574705,0.49046003939531685
3343,0.3346,19,34,19,632761,43683,84195,42061,0.34598751742491446,0.4905416122410898
3344,0.3347,18,34,18,632795,43649,84213,42043,0.3457182232923584,0.490629230266536
3345,0.3348,19,42,19,632837,43607,84232,42024,0.345385565834495,0.4907568520745991
3346,0.3349,17,38,17,632875,43569,84249,42007,0.34508459003928527,0.4908736094232028
3347,0.335,15,39,15,632914,43530,84264,41992,0.3447756938284121,0.4910081616426183
3348,0.3351,13,33,13,632947,43497,84277,41979,0.34451432011151945,0.4911203144742384
3349,0.3352,23,39,23,632986,43458,84300,41956,0.3442054239006463,0.4912075303814363
3350,0.3353,19,28,19,633014,43430,84319,41937,0.3439836522620707,0.4912554031417292
3351,0.3354,15,32,15,633046,43398,84334,41922,0.34373019896084145,0.4913502109704641
3352,0.3355,15,38,15,633084,43360,84349,41907,0.34342922316563174,0.49147970492687676
3353,0.3356,15,29,15,633113,43331,84364,41892,0.34319953111139273,0.4915574434131631
3354,0.3357,16,35,16,633148,43296,84380,41876,0.34292231656317324,0.4916639271121965
3355,0.3358,14,40,14,633188,43256,84394,41862,0.3426054999366367,0.49181136774830236
3356,0.3359,21,35,21,633223,43221,84415,41841,0.3423282853884172,0.4918882697326656
3357,0.336,24,29,24,633252,43192,84439,41817,0.3420985933341782,0.4919126210165982
3358,0.3361,22,24,22,633276,43168,84461,41795,0.34190850335825623,0.4919200122406224
3359,0.3362,16,30,16,633306,43138,84477,41779,0.34167089088835384,0.49199806870238
3360,0.3363,12,27,12,633333,43111,84489,41767,0.34145703966544166,0.4920827540705483
3361,0.3364,19,38,19,633371,43073,84508,41748,0.3411560638702319,0.4921894342202992
3362,0.3365,20,31,20,633402,43042,84528,41728,0.34091053098466606,0.49224961660964967
3363,0.3366,15,40,15,633442,43002,84543,41713,0.3405937143581295,0.4923921383462197
3364,0.3367,24,31,24,633473,42971,84567,41689,0.3403481814725637,0.4924285376801323
3365,0.3368,13,29,13,633502,42942,84580,41676,0.3401184894183247,0.49251932213004324
3366,0.3369,15,39,15,633541,42903,84595,41661,0.3398095932074515,0.49265644955300125
3367,0.337,21,40,21,633581,42863,84616,41640,0.339492776580915,0.4927635705241234
3368,0.3371,13,38,13,633619,42825,84629,41627,0.3391918007857052,0.4929072135651021
3369,0.3372,13,33,13,633652,42792,84642,41614,0.33893042706881255,0.493021823093145
3370,0.3373,18,27,18,633679,42765,84660,41596,0.33871657584590037,0.49307144296535127
3371,0.3374,24,33,24,633712,42732,84684,41572,0.3384552021290077,0.4931201366483204
3372,0.3375,10,33,10,633745,42699,84694,41562,0.3381938284121151,0.4932531064193399
3373,0.3376,18,26,18,633771,42673,84712,41544,0.3379878976048663,0.4932970777871451
3374,0.3377,5,38,5,633809,42635,84717,41539,0.3376869218096566,0.49348967614702877
3375,0.3378,18,31,18,633840,42604,84735,41521,0.33744138892409076,0.4935631500742942
3376,0.3379,17,33,17,633873,42571,84752,41504,0.3371800152071981,0.49365447517097827
3377,0.338,14,33,14,633906,42538,84766,41490,0.3369186414903054,0.4937639834340934
3378,0.3381,14,25,14,633931,42513,84780,41476,0.3367206310987201,0.4938265725273548
3379,0.3382,10,25,10,633956,42488,84790,41466,0.33652262070713473,0.49391333349215044
3380,0.3383,19,35,19,633991,42453,84809,41447,0.33624540615891524,0.4940047675804529
3381,0.3384,20,32,20,634023,42421,84829,41427,0.33599195285768596,0.494072607575613
3382,0.3385,19,23,19,634046,42398,84848,41408,0.33580978329742744,0.49409350165859245
3383,0.3386,16,37,16,634083,42361,84864,41392,0.3355167279178811,0.49421513259226535
3384,0.3387,17,28,17,634111,42333,84881,41375,0.33529495627930556,0.49427772733788883
3385,0.3388,11,28,11,634139,42305,84892,41364,0.33507318464072994,0.4943766508503747
3386,0.3389,14,39,14,634178,42266,84906,41350,0.3347642884298568,0.4945225794106391
3387,0.339,16,36,16,634214,42230,84922,41334,0.3344791534659739,0.4946388396917333
3388,0.3391,24,35,24,634249,42195,84946,41310,0.3342019389177544,0.49470091611280764
3389,0.3392,22,25,22,634274,42170,84968,41288,0.33400392852616906,0.49471590500611085
3390,0.3393,25,37,25,634311,42133,84993,41263,0.33371087314662273,0.4947839224902873
3391,0.3394,13,24,13,634335,42109,85006,41250,0.3335207831707008,0.4948475869432215
3392,0.3395,15,27,15,634362,42082,85021,41235,0.3333069319477886,0.4949170037327316
3393,0.3396,12,21,12,634383,42061,85033,41223,0.3331406032188569,0.4949690216608232
3394,0.3397,19,39,19,634422,42022,85052,41204,0.33283170700798376,0.4950856703434023
3395,0.3398,18,37,18,634459,41985,85070,41186,0.3325386516284375,0.49519664306068223
3396,0.3399,13,36,13,634495,41949,85083,41173,0.33225351666455455,0.4953321623637545
3397,0.34,20,36,20,634531,41913,85103,41153,0.33196838170067167,0.4954253244408061
3398,0.3401,16,33,16,634564,41880,85119,41137,0.331707007983779,0.495525012949155
3399,0.3402,29,38,29,634602,41842,85148,41108,0.33140603218856923,0.4955756479807113
3400,0.3403,14,23,14,634625,41819,85162,41094,0.3312238626283107,0.4956279473665167
3401,0.3404,19,34,19,634659,41785,85181,41075,0.33095456849575466,0.49571566497706976
3402,0.3405,15,51,15,634710,41734,85196,41060,0.33055062729692053,0.495929656738411
3403,0.3406,18,37,18,634747,41697,85214,41042,0.3302575719173742,0.49604176990294785
3404,0.3407,18,38,18,634785,41659,85232,41024,0.3299565961221645,0.49616003289672606
3405,0.3408,20,40,20,634825,41619,85252,41004,0.32963977949562795,0.4962782760248357
3406,0.3409,20,25,20,634850,41594,85272,40984,0.3294417691040426,0.49630652231829303
3407,0.341,15,26,15,634876,41568,85287,40969,0.3292358382967938,0.4963713243757345
3408,0.3411,8,31,8,634907,41537,85295,40961,0.328990305411228,0.49650900627894007
3409,0.3412,20,32,20,634939,41505,85315,40941,0.32873685210999876,0.4965795793610363
3410,0.3413,16,35,16,634974,41470,85331,40925,0.32845963756177926,0.496692760483039
3411,0.3414,20,30,20,635004,41440,85351,40905,0.3282220250918768,0.4967514724634161
3412,0.3415,13,22,13,635026,41418,85364,40892,0.32804777594728174,0.49680476248329486
3413,0.3416,14,33,14,635059,41385,85378,40878,0.3277864022303891,0.4969184201889063
3414,0.3417,13,24,13,635083,41361,85391,40865,0.3275963122544671,0.49698392236032396
3415,0.3418,16,29,16,635112,41332,85407,40849,0.3273666202002281,0.49706136454898336
3416,0.3419,18,31,18,635143,41301,85425,40831,0.3271210873146623,0.4971387522524716
3417,0.342,11,40,11,635183,41261,85436,40820,0.32680427068812573,0.4973136292199169
3418,0.3421,16,33,16,635216,41228,85452,40804,0.32654289697123307,0.4974156426760289
3419,0.3422,20,33,20,635249,41195,85472,40784,0.3262815232543404,0.49749326046914455
3420,0.3423,19,23,19,635272,41172,85491,40765,0.3260993536940819,0.4975163845393412
3421,0.3424,16,19,16,635291,41153,85507,40749,0.32594886579647697,0.4975336377622036
3422,0.3425,26,35,26,635326,41118,85533,40723,0.32567165124825753,0.4975867841302037
3423,0.3426,11,32,11,635358,41086,85544,40712,0.32541819794702825,0.4977138805349764
3424,0.3427,21,26,21,635384,41060,85565,40691,0.3252122671397795,0.4977431468728211
3425,0.3428,28,39,28,635423,41021,85593,40663,0.32490337092890637,0.4978086283727535
3426,0.3429,11,31,11,635454,40990,85604,40652,0.32465783804334053,0.4979299870164866
3427,0.343,17,29,17,635483,40961,85621,40635,0.3244281459891015,0.49800235305652235
3428,0.3431,24,30,24,635513,40931,85645,40611,0.3241905335191991,0.49803782100022076
3429,0.3432,17,24,17,635537,40907,85662,40594,0.3240004435432772,0.49807977816223115
3430,0.3433,17,36,17,635573,40871,85679,40577,0.32371530857939423,0.4981951674688145
3431,0.3434,22,27,22,635600,40844,85701,40555,0.32350145735648206,0.4982247939163872
3432,0.3435,13,31,13,635631,40813,85714,40542,0.3232559244709162,0.4983344600823551
3433,0.3436,17,32,17,635663,40781,85731,40525,0.323002471169687,0.4984257004403119
3434,0.3437,16,26,16,635689,40755,85747,40509,0.3227965403624382,0.49848641464855287
3435,0.3438,21,29,21,635718,40726,85768,40488,0.3225668483081992,0.4985347353904499
3436,0.3439,18,22,18,635740,40704,85786,40470,0.32239259916360413,0.4985586517850543
3437,0.344,23,30,23,635770,40674,85809,40447,0.3221549866937017,0.4986008555121362
3438,0.3441,22,32,22,635802,40642,85831,40425,0.32190153339247246,0.49866160089802264
3439,0.3442,13,28,13,635830,40614,85844,40412,0.32167976175389684,0.49875348653518625
3440,0.3443,19,35,19,635865,40579,85863,40393,0.32140254720567735,0.49885145482388976
3441,0.3444,18,31,18,635896,40548,85881,40375,0.3211570143201115,0.49893108263410896
3442,0.3445,15,38,15,635934,40510,85896,40360,0.3208560385249018,0.49907258563126006
3443,0.3446,15,36,15,635970,40474,85911,40345,0.32057090356101886,0.49920192034051397
3444,0.3447,12,35,12,636005,40439,85923,40333,0.32029368901279937,0.49934383202099736
3445,0.3448,19,35,19,636040,40404,85942,40314,0.3200164744645799,0.499442503530811
3446,0.3449,13,34,13,636074,40370,85955,40301,0.3197471803320238,0.49957233702321774
3447,0.345,12,26,12,636100,40344,85967,40289,0.3195412495247751,0.49965894856944426
3448,0.3451,12,34,12,636134,40310,85979,40277,0.319271955392219,0.4997952523359847
3449,0.3452,19,36,19,636170,40274,85998,40258,0.3189868204283361,0.4999006606069637
3450,0.3453,22,21,22,636191,40253,86020,40236,0.3188204916994044,0.4998943955074606
3451,0.3454,21,28,21,636219,40225,86041,40215,0.3185987200608288,0.49993784186971657
3452,0.3455,18,25,18,636244,40200,86059,40197,0.31840070966924344,0.49998134258741
3453,0.3456,15,25,15,636269,40175,86074,40182,0.3182026992776581,0.5000435556329877
3454,0.3457,18,31,18,636300,40144,86092,40164,0.31795716639209226,0.5001245205957066
3455,0.3458,14,40,14,636340,40104,86106,40150,0.3176403497655557,0.5002865900765071
3456,0.3459,16,35,16,636375,40069,86122,40134,0.3173631352173362,0.5004052217498098
3457,0.346,14,27,14,636402,40042,86136,40120,0.31714928399442405,0.5004865148075148
3458,0.3461,15,27,15,636429,40015,86151,40105,0.31693543277151187,0.5005616575137294
3459,0.3462,16,38,16,636467,39977,86167,40089,0.3166344569763021,0.5006994229760448
3460,0.3463,11,24,11,636491,39953,86178,40078,0.3164443670003802,0.5007809473828891
3461,0.3464,10,28,10,636519,39925,86188,40068,0.3162225953618046,0.5008938282099684
3462,0.3465,9,24,9,636543,39901,86197,40059,0.3160325053858827,0.5009879939969984
3463,0.3466,18,36,18,636579,39865,86215,40041,0.31574737042199974,0.5011012940204741
3464,0.3467,15,32,15,636611,39833,86230,40026,0.3154939171207705,0.5012083797693435
3465,0.3468,14,26,14,636637,39807,86244,40012,0.31528798631352173,0.5012841554015961
3466,0.3469,22,40,22,636677,39767,86266,39990,0.3149711696869852,0.5013979964141079
3467,0.347,14,32,14,636709,39735,86280,39976,0.3147177163857559,0.5015117110561905
3468,0.3471,15,26,15,636735,39709,86295,39961,0.3145117855785072,0.5015815237856157
3469,0.3472,19,22,19,636757,39687,86314,39942,0.31433753643391205,0.5016011754511547
3470,0.3473,22,33,22,636790,39654,86336,39920,0.3140761627170194,0.5016714002060975
3471,0.3474,22,38,22,636828,39616,86358,39898,0.31377518692180967,0.5017732726312347
3472,0.3475,8,35,8,636863,39581,86366,39890,0.3134979723735902,0.5019441053969372
3473,0.3476,15,36,15,636899,39545,86381,39875,0.31321283740970723,0.5020775623268698
3474,0.3477,19,28,19,636927,39517,86400,39856,0.31299106577113167,0.5021354868784096
3475,0.3478,17,29,17,636956,39488,86417,39839,0.31276137371689267,0.5022123614910434
3476,0.3479,19,20,19,636976,39468,86436,39820,0.31260296540362437,0.5022197558268591
3477,0.348,14,35,14,637011,39433,86450,39806,0.31232575085540487,0.5023536389909009
3478,0.3481,22,28,22,637039,39405,86472,39784,0.3121039792168293,0.5023930091300559
3479,0.3482,21,37,21,637076,39368,86493,39763,0.311810923837283,0.5024958612932985
3480,0.3483,16,37,16,637113,39331,86509,39747,0.31151786845773666,0.5026303143731505
3481,0.3484,14,36,14,637149,39295,86523,39733,0.3112327334938538,0.5027711697120009
3482,0.3485,17,31,17,637180,39264,86540,39716,0.31098720060828794,0.5028614839199798
3483,0.3486,22,39,22,637219,39225,86562,39694,0.3106783043974148,0.5029714010567797
3484,0.3487,17,42,17,637261,39183,86579,39677,0.3103456469395514,0.5031321328937357
3485,0.3488,6,31,6,637292,39152,86585,39671,0.3101001140539856,0.5032921862908034
3486,0.3489,14,26,14,637318,39126,86599,39657,0.3098941832467368,0.5033700163740908
3487,0.349,15,34,15,637352,39092,86614,39642,0.30962488911418073,0.5034927731348592
3488,0.3491,13,26,13,637378,39066,86627,39629,0.30941895830693195,0.5035771014676917
3489,0.3492,17,25,17,637403,39041,86644,39612,0.3092209479153466,0.5036298679007793
3490,0.3493,19,35,19,637438,39006,86663,39593,0.3089437333671271,0.5037341442003079
3491,0.3494,14,32,14,637470,38974,86677,39579,0.3086902800658979,0.5038509032118442
3492,0.3495,18,36,18,637506,38938,86695,39561,0.30840514510201494,0.5039682034166041
3493,0.3496,17,26,17,637532,38912,86712,39544,0.3081992142947662,0.5040277352911186
3494,0.3497,15,17,15,637549,38895,86727,39529,0.30806456722848813,0.5040421299602162
3495,0.3498,17,34,17,637583,38861,86744,39512,0.3077952730959321,0.5041532160310311
3496,0.3499,13,30,13,637613,38831,86757,39499,0.3075576606260296,0.5042640112345206
3497,0.35,10,32,10,637645,38799,86767,39489,0.3073042073248004,0.5044068056407113
3498,0.3501,10,32,10,637677,38767,86777,39479,0.3070507540235712,0.5045497533420239
3499,0.3502,22,33,22,637710,38734,86799,39457,0.3067893803066785,0.5046232942410251
3500,0.3503,17,34,17,637744,38700,86816,39440,0.3065200861741224,0.5047350908625544
3501,0.3504,18,25,18,637769,38675,86834,39422,0.30632207578253706,0.5047825140530366
3502,0.3505,15,28,15,637797,38647,86849,39407,0.3061003041439615,0.5048684244241166
3503,0.3506,17,26,17,637823,38621,86866,39390,0.3058943733367127,0.5049287920934227
3504,0.3507,16,34,16,637857,38587,86882,39374,0.30562507920415666,0.5050473954926181
3505,0.3508,10,26,10,637883,38561,86892,39364,0.30541914839690787,0.5051523901187038
3506,0.3509,22,29,22,637912,38532,86914,39342,0.30518945634266886,0.5052007088373527
3507,0.351,14,28,14,637940,38504,86928,39328,0.30496768470409324,0.5052934525644979
3508,0.3511,12,36,12,637976,38468,86940,39316,0.30468254974021036,0.5054509924920292
3509,0.3512,20,33,20,638009,38435,86960,39296,0.3044211760233177,0.5055383309104475
3510,0.3513,11,26,11,638035,38409,86971,39285,0.30421524521606896,0.5056375009653256
3511,0.3514,11,38,11,638073,38371,86982,39274,0.3039142694208592,0.5058149269109408
3512,0.3515,17,27,17,638100,38344,86999,39257,0.303700418197947,0.5058826561513382
3513,0.3516,10,31,10,638131,38313,87009,39247,0.3034548853123812,0.5060211449200619
3514,0.3517,13,31,13,638162,38282,87022,39234,0.30320935242681535,0.5061406677331132
3515,0.3518,18,36,18,638198,38246,87040,39216,0.30292421746293247,0.5062611344917508
3516,0.3519,21,26,21,638224,38220,87061,39195,0.3027182866556837,0.5062972292191436
3517,0.352,13,28,13,638252,38192,87074,39182,0.3024965150171081,0.5063974978675007
3518,0.3521,14,18,14,638270,38174,87088,39168,0.30235394753516665,0.5064260039823123
3519,0.3522,6,27,6,638297,38147,87094,39162,0.30214009631225447,0.5065645655745127
3520,0.3523,20,32,20,638329,38115,87114,39142,0.30188664301102525,0.506646646905782
3521,0.3524,21,30,21,638359,38085,87135,39121,0.3016490305411228,0.5067093231096029
3522,0.3525,17,29,17,638388,38056,87152,39104,0.3014193384868838,0.5067910834629341
3523,0.3526,16,36,16,638424,38020,87168,39088,0.3011342035230009,0.506925351455102
3524,0.3527,15,24,15,638448,37996,87183,39073,0.30094411354707895,0.5069872451958635
3525,0.3528,15,35,15,638483,37961,87198,39058,0.30066689899885946,0.5071216193406821
3526,0.3529,15,30,15,638513,37931,87213,39043,0.30042928652895706,0.5072232182295321
3527,0.353,20,24,20,638537,37907,87233,39023,0.3002391965530351,0.5072533471987521
3528,0.3531,20,32,20,638569,37875,87253,39003,0.2999857432518059,0.5073362990712558
3529,0.3532,15,42,15,638611,37833,87268,38988,0.29965308579394245,0.507517475690241
3530,0.3533,20,28,20,638639,37805,87288,38968,0.2994313141553669,0.5075742774152371
3531,0.3534,20,23,20,638662,37782,87308,38948,0.2992491445951084,0.5075980711586081
3532,0.3535,18,34,18,638696,37748,87326,38930,0.29897985046255227,0.5077075562742899
3533,0.3536,16,25,16,638721,37723,87342,38914,0.2987818400709669,0.5077703981105732
3534,0.3537,21,25,21,638746,37698,87363,38893,0.2985838296793816,0.5078011776840621
3535,0.3538,17,21,17,638767,37677,87380,38876,0.2984175009504499,0.5078311757867099
3536,0.3539,13,29,13,638796,37648,87393,38863,0.2981878088962109,0.5079400347662427
3537,0.354,21,26,21,638822,37622,87414,38842,0.2979818780889621,0.5079776103787403
3538,0.3541,23,32,23,638854,37590,87437,38819,0.29772842478773287,0.5080422463322384
3539,0.3542,19,27,19,638881,37563,87456,38800,0.2975145735648207,0.508099472257507
3540,0.3543,10,39,10,638920,37524,87466,38790,0.29720567735394754,0.5082946772545012
3541,0.3544,21,37,21,638957,37487,87487,38769,0.2969126219744012,0.5084058959295006
3542,0.3545,16,25,16,638982,37462,87503,38753,0.29671461158281587,0.5084694613921145
3543,0.3546,22,30,22,639012,37432,87525,38731,0.2964769991129134,0.5085277628244685
3544,0.3547,14,36,14,639048,37396,87539,38717,0.29619186414903054,0.5086778868261663
3545,0.3548,12,37,12,639085,37359,87551,38705,0.2958988087694842,0.5088478123685317
3546,0.3549,21,33,21,639118,37326,87572,38684,0.29563743505259155,0.508933035126957
3547,0.355,12,27,12,639145,37299,87584,38672,0.29542358382967937,0.5090363428150215
3548,0.3551,19,23,19,639168,37276,87603,38653,0.29524141426942085,0.5090676816499624
3549,0.3552,14,28,14,639196,37248,87617,38639,0.2950196426308453,0.5091649426120416
3550,0.3553,19,29,19,639225,37219,87636,38620,0.2947899505766063,0.5092366724244781
3551,0.3554,13,46,13,639271,37173,87649,38607,0.2944256114560892,0.5094615993665875
3552,0.3555,14,24,14,639295,37149,87663,38593,0.2942355214801673,0.5095323598531858
3553,0.3556,15,39,15,639334,37110,87678,38578,0.29392662526929414,0.5096977063735334
3554,0.3557,16,33,16,639367,37077,87694,38562,0.2936652515524015,0.509816364573831
3555,0.3558,15,27,15,639394,37050,87709,38547,0.2934514003294893,0.509901186555022
3556,0.3559,12,30,12,639424,37020,87721,38535,0.29321378785958685,0.5100258090133015
3557,0.356,11,34,11,639458,36986,87732,38524,0.2929444937270308,0.5101840815785988
3558,0.3561,12,39,12,639497,36947,87744,38512,0.29263559751615764,0.5103698697305822
3559,0.3562,12,31,12,639528,36916,87756,38500,0.2923900646305918,0.5105017502917153
3560,0.3563,11,23,11,639551,36893,87767,38489,0.2922078950703333,0.5105860815579316
3561,0.3564,17,28,17,639579,36865,87784,38472,0.29198612343175767,0.5106654100906594
3562,0.3565,19,37,19,639616,36828,87803,38453,0.2916930680522114,0.5107928959498412
3563,0.3566,16,27,16,639643,36801,87819,38437,0.2914792168292992,0.5108721656609692
3564,0.3567,12,28,12,639671,36773,87831,38425,0.2912574451907236,0.5109843346897524
3565,0.3568,19,28,19,639699,36745,87850,38406,0.29103567355214804,0.5110510838179133
3566,0.3569,16,28,16,639727,36717,87866,38390,0.2908139019135724,0.5111374439133503
3567,0.357,20,30,20,639757,36687,87886,38370,0.29057628944367,0.5112114792757504
3568,0.3571,19,21,19,639778,36666,87905,38351,0.2904099607147383,0.511230787688124
3569,0.3572,19,22,19,639800,36644,87924,38332,0.2902357115701432,0.5112569355527102
3570,0.3573,16,34,16,639834,36610,87940,38316,0.2899664174375871,0.5113845661052239
3571,0.3574,14,24,14,639858,36586,87954,38302,0.2897763274616652,0.5114571092831962
3572,0.3575,17,31,17,639889,36555,87971,38285,0.28953079457609937,0.5115579903794762
3573,0.3576,12,25,12,639914,36530,87983,38273,0.289332784184514,0.511650602248573
3574,0.3577,15,26,15,639940,36504,87998,38258,0.28912685337726524,0.5117305583050212
3575,0.3578,12,27,12,639967,36477,88010,38246,0.28891300215435306,0.5118370515102445
3576,0.3579,20,17,20,639984,36460,88030,38226,0.28877835508807503,0.5118228315882495
3577,0.358,21,32,21,640016,36428,88051,38205,0.28852490178684576,0.5119049214154596
3578,0.3581,13,34,13,640050,36394,88064,38192,0.2882556076542897,0.5120532003325021
3579,0.3582,21,23,21,640073,36371,88085,38171,0.2880734380940312,0.5120737302460358
3580,0.3583,6,22,6,640095,36349,88091,38165,0.28789918894943606,0.5121856295461256
3581,0.3584,21,28,21,640123,36321,88112,38144,0.2876774173108605,0.5122406499697845
3582,0.3585,20,27,20,640150,36294,88132,38124,0.2874635660879483,0.5122954124002258
3583,0.3586,12,17,12,640167,36277,88144,38112,0.28732891902167024,0.5123338127949024
3584,0.3587,16,20,16,640187,36257,88160,38096,0.287170510708402,0.5123666832542063
3585,0.3588,17,33,17,640220,36224,88177,38079,0.28690913699150933,0.512482672301253
3586,0.3589,6,35,6,640255,36189,88183,38073,0.28663192244328983,0.5126848186151733
3587,0.359,16,26,16,640281,36163,88199,38057,0.28642599163604104,0.512759364052816
3588,0.3591,12,21,12,640302,36142,88211,38045,0.28625966290710936,0.5128256972245812
3589,0.3592,21,31,21,640333,36111,88232,38024,0.2860141300215435,0.512902137991502
3590,0.3593,14,23,14,640356,36088,88246,38010,0.285831960461285,0.5129693109125752
3591,0.3594,12,30,12,640386,36058,88258,37998,0.2855943479913826,0.5130981959598142
3592,0.3595,12,20,12,640406,36038,88270,37986,0.2854359396781143,0.5131578947368421
3593,0.3596,13,30,13,640436,36008,88283,37973,0.28519832720821187,0.5132804368689258
3594,0.3597,14,21,14,640457,35987,88297,37959,0.2850319984792802,0.5133340545803695
3595,0.3598,17,29,17,640486,35958,88314,37942,0.2848023064250412,0.5134235453315291
3596,0.3599,9,29,9,640515,35929,88323,37933,0.28457261437080217,0.5135658389970486
3597,0.36,16,26,16,640541,35903,88339,37917,0.28436668356355344,0.5136412896234083
3598,0.3601,12,24,12,640565,35879,88351,37905,0.2841765935876315,0.5137292637970292
3599,0.3602,20,25,20,640590,35854,88371,37885,0.28397858319604613,0.5137715455864603
3600,0.3603,16,26,16,640616,35828,88387,37869,0.28377265238879734,0.5138472393720233
3601,0.3604,13,25,13,640641,35803,88400,37856,0.283574641997212,0.5139358394765066
3602,0.3605,21,36,21,640677,35767,88421,37835,0.2832895070333291,0.5140485312899106
3603,0.3606,14,31,14,640708,35736,88435,37821,0.2830439741477633,0.5141726824095599
3604,0.3607,10,13,10,640721,35723,88445,37811,0.2829410087441389,0.5141975140751217
3605,0.3608,10,27,10,640748,35696,88455,37801,0.28272715752122674,0.5143203123937031
3606,0.3609,16,21,16,640769,35675,88471,37785,0.282560828792295,0.5143615573101007
3607,0.361,18,28,18,640797,35647,88489,37767,0.28233905715371943,0.5144386629253276
3608,0.3611,16,29,16,640826,35618,88505,37751,0.2821093650994804,0.5145361119818997
3609,0.3612,26,32,26,640858,35586,88531,37725,0.28185591179825115,0.5145885337807423
3610,0.3613,15,17,15,640875,35569,88546,37710,0.2817212647319731,0.51460855088088
3611,0.3614,15,19,15,640894,35550,88561,37695,0.28157077683436826,0.5146426377227115
3612,0.3615,20,28,20,640922,35522,88581,37675,0.2813490051957927,0.5147068868942716
3613,0.3616,15,25,15,640947,35497,88596,37660,0.2811509948042073,0.5147832743278156
3614,0.3617,13,21,13,640968,35476,88609,37647,0.2809846660752756,0.5148448504574484
3615,0.3618,17,25,17,640993,35451,88626,37630,0.28078665568369027,0.5149081156524952
3616,0.3619,13,36,13,641029,35415,88639,37617,0.2805015207198074,0.515075583305948
3617,0.362,15,32,15,641061,35383,88654,37602,0.2802480674185781,0.5152017537850243
3618,0.3621,16,26,16,641087,35357,88670,37586,0.2800421366113294,0.5152790535075332
3619,0.3622,12,27,12,641114,35330,88682,37574,0.2798282853884172,0.5153901020520136
3620,0.3623,24,31,24,641145,35299,88706,37550,0.27958275250285136,0.5154497659542341
3621,0.3624,15,30,15,641175,35269,88721,37535,0.2793451400329489,0.5155623317400143
3622,0.3625,12,25,12,641200,35244,88733,37523,0.27914712964136357,0.5156595709593634
3623,0.3626,12,28,12,641228,35216,88745,37511,0.278925358002788,0.5157781841681907
3624,0.3627,13,23,13,641251,35193,88758,37498,0.2787431884425295,0.5158547825728081
3625,0.3628,20,24,20,641275,35169,88778,37478,0.27855309846660753,0.515891915701956
3626,0.3629,16,29,16,641304,35140,88794,37462,0.2783234064123685,0.5159912950056472
3627,0.363,12,25,12,641329,35115,88806,37450,0.2781253960207832,0.5160890236339833
3628,0.3631,7,22,7,641351,35093,88813,37443,0.27795114687618805,0.5161988529833462
3629,0.3632,19,21,19,641372,35072,88832,37424,0.27778481814725636,0.5162215846391525
3630,0.3633,17,25,17,641397,35047,88849,37407,0.277586807755671,0.5162861953791371
3631,0.3634,10,19,10,641416,35028,88859,37397,0.27743631985806616,0.516354849844667
3632,0.3635,16,32,16,641448,34996,88875,37381,0.2771828665568369,0.5164762286361689
3633,0.3636,14,31,14,641479,34965,88889,37367,0.27693733367127105,0.5166039927003263
3634,0.3637,15,26,15,641505,34939,88904,37352,0.2767314028640223,0.516689491084644
3635,0.3638,19,27,19,641532,34912,88923,37333,0.27651755164111014,0.5167554848086373
3636,0.3639,23,24,23,641556,34888,88946,37310,0.2763274616651882,0.5167733178204382
3637,0.364,17,25,17,641581,34863,88963,37293,0.27612945127360283,0.5168385165474805
3638,0.3641,13,28,13,641609,34835,88976,37280,0.27590767963502727,0.5169520904111489
3639,0.3642,11,20,11,641629,34815,88987,37269,0.27574927132175897,0.5170218078907941
3640,0.3643,14,31,14,641660,34784,89001,37255,0.27550373843619314,0.5171504324046697
3641,0.3644,7,37,7,641697,34747,89008,37248,0.2752106830566468,0.5173692617542885
3642,0.3645,8,35,8,641732,34712,89016,37240,0.2749334685084273,0.5175672670669335
3643,0.3646,18,26,18,641758,34686,89034,37222,0.2747275377011786,0.5176336429882628
3644,0.3647,14,28,14,641786,34658,89048,37208,0.27450576606260296,0.5177413519605933
3645,0.3648,17,29,17,641815,34629,89065,37191,0.27427607400836396,0.5178362573099415
3646,0.3649,16,19,16,641834,34610,89081,37175,0.2741255861107591,0.517865849411437
3647,0.365,21,23,21,641857,34587,89102,37154,0.2739434165505006,0.5178907458775317
3648,0.3651,18,27,18,641884,34560,89120,37136,0.2737295653275884,0.5179647400133899
3649,0.3652,13,26,13,641910,34534,89133,37123,0.2735236345203396,0.518065227402766
3650,0.3653,12,25,12,641935,34509,89145,37111,0.2733256241287543,0.5181653169505724
3651,0.3654,21,32,21,641967,34477,89166,37090,0.27307217082752505,0.5182556206072632
3652,0.3655,13,20,13,641987,34457,89179,37077,0.27291376251425675,0.518312970056197
3653,0.3656,18,24,18,642011,34433,89197,37059,0.2727236725383348,0.5183656912661556
3654,0.3657,16,26,16,642037,34407,89213,37043,0.27251774173108606,0.518446466060182
3655,0.3658,19,33,19,642070,34374,89232,37024,0.2722563680141934,0.5185579427995182
3656,0.3659,13,32,13,642102,34342,89245,37011,0.2720029147129641,0.518702787549227
3657,0.366,12,20,12,642122,34322,89257,36999,0.2718445063996959,0.5187672634988293
3658,0.3661,8,27,8,642149,34295,89265,36991,0.2716306551767837,0.518909743848722
3659,0.3662,20,28,20,642177,34267,89285,36971,0.2714088835382081,0.5189786349981751
3660,0.3663,12,27,12,642204,34240,89297,36959,0.2711950323152959,0.5190943693029396
3661,0.3664,14,23,14,642227,34217,89311,36945,0.2710128627550374,0.5191675332340294
3662,0.3665,26,23,26,642250,34194,89337,36919,0.27083069319477887,0.519159647321868
3663,0.3666,20,32,20,642282,34162,89357,36899,0.2705772398935496,0.5192581021938898
3664,0.3667,17,24,17,642306,34138,89374,36882,0.2703871499176277,0.5193185018304702
3665,0.3668,15,34,15,642340,34104,89389,36867,0.2701178557850716,0.519465697256626
3666,0.3669,25,27,25,642367,34077,89414,36842,0.2699040045621594,0.5194940707003765
3667,0.367,10,36,10,642403,34041,89424,36832,0.2696188695982765,0.5196901499865958
3668,0.3671,10,25,10,642428,34016,89434,36822,0.2694208592066912,0.5198057539738559
3669,0.3672,17,24,17,642452,33992,89451,36805,0.2692307692307692,0.5198666610167098
3670,0.3673,13,23,13,642475,33969,89464,36792,0.2690485996705107,0.5199474286683342
3671,0.3674,11,33,11,642508,33936,89475,36781,0.26878722595361804,0.5201153895103017
3672,0.3675,16,25,16,642533,33911,89491,36765,0.2685892155620327,0.520190729526289
3673,0.3676,10,31,10,642564,33880,89501,36755,0.26834368267646685,0.5203511007291003
3674,0.3677,20,18,20,642582,33862,89521,36735,0.2682011151945254,0.5203478901369747
3675,0.3678,17,21,17,642603,33841,89538,36718,0.2680347864655937,0.5203871936960558
3676,0.3679,5,32,5,642635,33809,89543,36713,0.2677813331643645,0.5205893196449335
3677,0.368,19,22,19,642657,33787,89562,36694,0.26760708401976935,0.5206225791348023
3678,0.3681,13,29,13,642686,33758,89575,36681,0.26737739196553034,0.5207484490126209
3679,0.3682,12,22,12,642708,33736,89587,36669,0.26720314282093527,0.520829486542149
3680,0.3683,13,26,13,642734,33710,89600,36656,0.2669972120136865,0.5209334053378052
3681,0.3684,11,34,11,642768,33676,89611,36645,0.2667279178811304,0.521110336883719
3682,0.3685,16,27,16,642795,33649,89627,36629,0.2665140666582182,0.5212015139873075
3683,0.3686,16,33,16,642828,33616,89643,36613,0.2662526929413256,0.5213373392757977
3684,0.3687,15,19,15,642847,33597,89658,36598,0.2661022050437207,0.5213761663936177
3685,0.3688,16,26,16,642873,33571,89674,36582,0.26589627423647194,0.5214602369107522
3686,0.3689,15,27,15,642900,33544,89689,36567,0.26568242301355977,0.5215586712498752
3687,0.369,14,23,14,642923,33521,89703,36553,0.26550025345330125,0.5216342723406684
3688,0.3691,13,20,13,642943,33501,89716,36540,0.26534184514003295,0.5216944361159892
3689,0.3692,10,12,10,642955,33489,89726,36530,0.26524680015207197,0.5217155343549608
3690,0.3693,17,24,17,642979,33465,89743,36513,0.26505671017615007,0.5217782731715682
3691,0.3694,23,23,23,643002,33442,89766,36490,0.2648745406158915,0.5217925985242807
3692,0.3695,16,23,16,643025,33419,89782,36474,0.264692371055633,0.521854835248165
3693,0.3696,18,18,18,643043,33401,89800,36456,0.26454980357369157,0.5218660978856807
3694,0.3697,19,26,19,643069,33375,89819,36437,0.2643438727664428,0.5219303271643844
3695,0.3698,16,20,16,643089,33355,89835,36421,0.2641854644531745,0.521970304975923
3696,0.3699,14,33,14,643122,33322,89849,36407,0.2639240907362818,0.5221213555335656
3697,0.37,13,31,13,643153,33291,89862,36394,0.26367855785071603,0.5222644758556361
3698,0.3701,13,14,13,643167,33277,89875,36381,0.2635676720314282,0.5222802836716529
3699,0.3702,16,25,16,643192,33252,89891,36365,0.2633696616398429,0.5223580447304538
3700,0.3703,9,25,9,643217,33227,89900,36356,0.26317165124825753,0.5224839400428265
3701,0.3704,10,31,10,643248,33196,89910,36346,0.2629261183626917,0.5226481838313537
3702,0.3705,14,22,14,643270,33174,89924,36332,0.26275186921809657,0.5227174632405835
3703,0.3706,9,21,9,643291,33153,89933,36323,0.2625855404891649,0.5228136334849445
3704,0.3707,15,24,15,643315,33129,89948,36308,0.2623954505132429,0.5228912539424226
3705,0.3708,23,23,23,643338,33106,89971,36285,0.2622132809529844,0.522906428787595
3706,0.3709,19,25,19,643363,33081,89990,36266,0.26201527056139906,0.5229642233982724
3707,0.371,17,22,17,643385,33059,90007,36249,0.26184102141680393,0.5230132163675189
3708,0.3711,14,33,14,643418,33026,90021,36235,0.26157964769991127,0.5231659952931664
3709,0.3712,19,14,19,643432,33012,90040,36216,0.2614687618806235,0.5231409256370255
3710,0.3713,14,26,14,643458,32986,90054,36202,0.2612628310733747,0.5232410244551078
3711,0.3714,19,22,19,643480,32964,90073,36183,0.2610885819287796,0.5232764978957872
3712,0.3715,9,18,9,643498,32946,90082,36174,0.2609460144468382,0.5233506944444445
3713,0.3716,13,27,13,643525,32919,90095,36161,0.260732163223926,0.5234655471916618
3714,0.3717,15,28,15,643553,32891,90110,36146,0.2605103915853504,0.5235743152222722
3715,0.3718,16,28,16,643581,32863,90126,36130,0.2602886199467748,0.5236763149884771
3716,0.3719,9,32,9,643613,32831,90135,36121,0.26003516664554555,0.5238571760064973
3717,0.372,12,31,12,643644,32800,90147,36109,0.2597896337599797,0.5240099261344672
3718,0.3721,22,26,22,643670,32774,90169,36087,0.259583702952731,0.5240557064230842
3719,0.3722,14,26,14,643696,32748,90183,36073,0.2593777721454822,0.5241568707225992
3720,0.3723,19,25,19,643721,32723,90202,36054,0.25917976175389684,0.5242159442836994
3721,0.3724,12,24,12,643745,32699,90214,36042,0.2589896717779749,0.5243159104464584
3722,0.3725,16,24,16,643769,32675,90230,36026,0.258799581802053,0.5243882912912475
3723,0.3726,17,21,17,643790,32654,90247,36009,0.2586332530731213,0.5244309162139726
3724,0.3727,11,18,11,643808,32636,90258,35998,0.2584906855911798,0.5244922341696535
3725,0.3728,13,28,13,643836,32608,90271,35985,0.2582689139526042,0.5246162144825274
3726,0.3729,21,30,21,643866,32578,90292,35964,0.2580313014827018,0.5247001838288933
3727,0.373,11,22,11,643888,32556,90303,35953,0.2578570523381067,0.5247923630471909
3728,0.3731,17,15,17,643903,32541,90320,35936,0.2577382461031555,0.5247893453276282
3729,0.3732,14,19,14,643922,32522,90334,35922,0.25758775820555063,0.5248378236222313
3730,0.3733,14,30,14,643952,32492,90348,35908,0.2573501457356482,0.5249707602339181
3731,0.3734,12,28,12,643980,32464,90360,35896,0.2571283740970726,0.52510239906378
3732,0.3735,10,13,10,643993,32451,90370,35886,0.25702540869344825,0.5251327977523157
3733,0.3736,11,26,11,644019,32425,90381,35875,0.25681947788619947,0.5252562225475842
3734,0.3737,8,24,8,644043,32401,90389,35867,0.2566293879102775,0.5253852463819066
3735,0.3738,14,27,14,644070,32374,90403,35853,0.25641553668736533,0.5254957714687734
3736,0.3739,16,26,16,644096,32348,90419,35837,0.2562096058801166,0.5255848060423847
3737,0.374,17,35,17,644131,32313,90436,35820,0.2559323913318971,0.5257364272819338
3738,0.3741,9,25,9,644156,32288,90445,35811,0.25573438094031176,0.5258667528157536
3739,0.3742,15,26,15,644182,32262,90460,35796,0.25552845013306297,0.525963149078727
3740,0.3743,19,17,19,644199,32245,90479,35777,0.25539380306678494,0.5259621887036547
3741,0.3744,13,21,13,644220,32224,90492,35764,0.25522747433785326,0.526034006001059
3742,0.3745,14,28,14,644248,32196,90506,35750,0.25500570269927764,0.526153121596562
3743,0.3746,10,16,10,644264,32180,90516,35740,0.25487897604866305,0.5262073027090695
3744,0.3747,13,22,13,644286,32158,90529,35727,0.2547047269040679,0.526287103189217
3745,0.3748,14,25,14,644311,32133,90543,35713,0.2545067165124826,0.5263832797806798
3746,0.3749,11,25,11,644336,32108,90554,35702,0.25430870612089723,0.5265005161480607
3747,0.375,18,27,18,644363,32081,90572,35684,0.25409485489798506,0.5265845200324651
3748,0.3751,17,27,17,644390,32054,90589,35667,0.2538810036750729,0.5266756249907709
3749,0.3752,13,22,13,644412,32032,90602,35654,0.25370675453047775,0.5267559022545283
3750,0.3753,12,24,12,644436,32008,90614,35642,0.25351666455455585,0.5268588322246859
3751,0.3754,10,23,10,644459,31985,90624,35632,0.2533344949942973,0.526968070159871
3752,0.3755,11,27,11,644486,31958,90635,35621,0.2531206437713851,0.5271016144068423
3753,0.3756,18,21,18,644507,31937,90653,35603,0.2529543150424534,0.5271394729049452
3754,0.3757,15,22,15,644529,31915,90668,35588,0.25278006589785834,0.527206198243041
3755,0.3758,15,25,15,644554,31890,90683,35573,0.252582055506273,0.5272964439766984
3756,0.3759,20,30,20,644584,31860,90703,35553,0.25234444303637055,0.5273908593298029
3757,0.376,23,28,23,644612,31832,90726,35530,0.25212267139779493,0.5274487099551676
3758,0.3761,11,24,11,644636,31808,90737,35519,0.251932581421873,0.5275595229254236
3759,0.3762,7,22,7,644658,31786,90744,35512,0.2517583322772779,0.5276828434723172
3760,0.3763,17,25,17,644683,31761,90761,35495,0.25156032188569255,0.5277596050909956
3761,0.3764,13,21,13,644704,31740,90774,35482,0.25139399315676086,0.5278331498616524
3762,0.3765,14,27,14,644731,31713,90788,35468,0.2511801419338487,0.5279468897456125
3763,0.3766,20,15,20,644746,31698,90808,35448,0.2510613356988975,0.5279242248235189
3764,0.3767,18,16,18,644762,31682,90826,35430,0.25093460904828285,0.5279234712123019
3765,0.3768,14,14,14,644776,31668,90840,35416,0.25082372322899504,0.5279351261105479
3766,0.3769,11,30,11,644806,31638,90851,35405,0.25058611075909265,0.5280939098787345
3767,0.377,16,17,16,644823,31621,90867,35389,0.2504514636928146,0.5281152066855693
3768,0.3771,19,28,19,644851,31593,90886,35370,0.250229692054239,0.5282021414811164
3769,0.3772,15,24,15,644875,31569,90901,35355,0.25003960207831705,0.5282858167473552
3770,0.3773,13,27,13,644902,31542,90914,35342,0.2498257508554049,0.5284073919023982
3771,0.3774,17,24,17,644926,31518,90931,35325,0.24963566087948297,0.5284771778645483
3772,0.3775,18,24,18,644950,31494,90949,35307,0.249445570903561,0.5285399919162886
3773,0.3776,6,26,6,644976,31468,90955,35301,0.24923964009631225,0.5287034402192634
3774,0.3777,15,23,15,644999,31445,90970,35286,0.24905747053605373,0.5287797275629018
3775,0.3778,13,20,13,645019,31425,90983,35273,0.24889906222278546,0.528846442172179
3776,0.3779,13,24,13,645043,31401,90996,35260,0.2487089722468635,0.5289449603216273
3777,0.378,18,28,18,645071,31373,91014,35242,0.2484872006082879,0.5290400060046536
3778,0.3781,16,27,16,645098,31346,91030,35226,0.24827334938537574,0.5291413807606802
3779,0.3782,16,21,16,645119,31325,91046,35210,0.24810702065644405,0.5291951604418726
3780,0.3783,22,21,22,645140,31304,91068,35188,0.24794069192751236,0.5292065210852434
3781,0.3784,8,18,8,645158,31286,91076,35180,0.2477981244455709,0.5292931724490717
3782,0.3785,10,22,10,645180,31264,91086,35170,0.2476238753009758,0.5293975976156787
3783,0.3786,12,24,12,645204,31240,91098,35158,0.24743378532505386,0.5295039007199012
3784,0.3787,16,16,16,645220,31224,91114,35142,0.24730705867443922,0.5295181267516499
3785,0.3788,14,21,14,645241,31203,91128,35128,0.24714072994550754,0.5295864678657038
3786,0.3789,13,15,13,645256,31188,91141,35115,0.24702192371055634,0.5296140446133659
3787,0.379,11,25,11,645281,31163,91152,35104,0.24682391331897097,0.5297357659166705
3788,0.3791,13,29,13,645310,31134,91165,35091,0.24659422126473196,0.5298754246885617
3789,0.3792,19,26,19,645336,31108,91184,35072,0.2463882904574832,0.5299486249622243
3790,0.3793,17,26,17,645362,31082,91201,35055,0.24618235965023444,0.5300361371093336
3791,0.3794,17,34,17,645396,31048,91218,35038,0.24591306551767836,0.5301879369306661
3792,0.3795,16,30,16,645426,31018,91234,35022,0.24567545304777594,0.5303149606299212
3793,0.3796,20,25,20,645451,30993,91254,35002,0.2454774426561906,0.5303735131449352
3794,0.3797,14,28,14,645479,30965,91268,34988,0.245255671017615,0.5304989917062151
3795,0.3798,12,19,12,645498,30946,91280,34976,0.24510518312001014,0.5305664269894724
3796,0.3799,7,29,7,645527,30917,91287,34969,0.24487549106577114,0.5307500834775217
3797,0.38,15,14,15,645541,30903,91302,34954,0.24476460524648333,0.5307560320087462
3798,0.3801,15,24,15,645565,30879,91317,34939,0.2445745152705614,0.5308426266370901
3799,0.3802,10,33,10,645598,30846,91327,34929,0.24431314155366873,0.5310376282782212
3800,0.3803,15,22,15,645620,30824,91342,34914,0.24413889240907363,0.5311083391645623
3801,0.3804,17,19,17,645639,30805,91359,34897,0.24398840451146875,0.5311406045478068
3802,0.3805,15,34,15,645673,30771,91374,34882,0.2437191103789127,0.5313085464487532
3803,0.3806,20,25,20,645698,30746,91394,34862,0.24352109998732732,0.5313681258383124
3804,0.3807,14,20,14,645718,30726,91408,34848,0.24336269167405905,0.53143013999451
3805,0.3808,12,23,12,645741,30703,91420,34836,0.24318052211380053,0.5315308442301531
3806,0.3809,24,22,24,645763,30681,91444,34812,0.24300627296920543,0.5315377215885667
3807,0.381,13,23,13,645786,30658,91457,34799,0.2428241034089469,0.5316314527094123
3808,0.3811,9,26,9,645812,30632,91466,34790,0.24261817260169813,0.5317783008773806
3809,0.3812,15,24,15,645836,30608,91481,34775,0.2424280826257762,0.5318660813973051
3810,0.3813,15,24,15,645860,30584,91496,34760,0.24223799264985427,0.5319539666993144
3811,0.3814,14,29,14,645889,30555,91510,34746,0.24200830059561526,0.5320898607984563
3812,0.3815,13,22,13,645911,30533,91523,34733,0.24183405145102016,0.5321760181411455
3813,0.3816,12,20,12,645931,30513,91535,34721,0.24167564313775186,0.5322531195388908
3814,0.3817,16,21,16,645952,30492,91551,34705,0.24150931440882017,0.5323097688543952
3815,0.3818,15,23,15,645975,30469,91566,34690,0.24132714484856166,0.5323899998465292
3816,0.3819,30,24,30,645999,30445,91596,34660,0.24113705487263973,0.5323707856539436
3817,0.382,17,15,17,646014,30430,91613,34643,0.2410182486376885,0.532371336806356
3818,0.3821,15,10,15,646024,30420,91628,34628,0.24093904448105435,0.5323453449760177
3819,0.3822,11,27,11,646051,30393,91639,34617,0.24072519325814218,0.5324873096446701
3820,0.3823,22,25,22,646076,30368,91661,34595,0.24052718286655683,0.5325339039145359
3821,0.3824,16,21,16,646097,30347,91677,34579,0.24036085413762515,0.5325909496965776
3822,0.3825,15,24,15,646121,30323,91692,34564,0.24017076416170322,0.5326798896543221
3823,0.3826,16,16,16,646137,30307,91708,34548,0.24004403751108858,0.5326960141854907
3824,0.3827,13,16,13,646153,30291,91721,34535,0.23991731086047396,0.5327337796563107
3825,0.3828,14,17,14,646170,30274,91735,34521,0.2397826637941959,0.5327725904776603
3826,0.3829,13,18,13,646188,30256,91748,34508,0.23964009631225447,0.5328268791303811
3827,0.383,16,26,16,646214,30230,91764,34492,0.2394341655050057,0.5329254349371156
3828,0.3831,15,28,15,646242,30202,91779,34477,0.23921239386643012,0.5330478207764499
3829,0.3832,17,21,17,646263,30181,91796,34460,0.2390460651374984,0.5330981884562429
3830,0.3833,17,27,17,646290,30154,91813,34443,0.23883221391458623,0.533198136136353
3831,0.3834,8,18,8,646308,30136,91821,34435,0.2386896464326448,0.5332889377584364
3832,0.3835,11,23,11,646331,30113,91832,34424,0.23850747687238627,0.533399445279452
3833,0.3836,10,29,10,646360,30084,91842,34414,0.23827778481814726,0.5335669323079786
3834,0.3837,9,21,9,646381,30063,91851,34405,0.23811145608921555,0.5336756220140224
3835,0.3838,10,14,10,646395,30049,91861,34395,0.23800057026992777,0.5337191980634349
3836,0.3839,12,21,12,646416,30028,91873,34383,0.23783424154099608,0.533806337426837
3837,0.384,10,32,10,646448,29996,91883,34373,0.23758078823976683,0.533999285370287
3838,0.3841,8,25,8,646473,29971,91891,34365,0.23738277784818146,0.5341488435712509
3839,0.3842,19,25,19,646498,29946,91910,34346,0.2371847674565961,0.5342188763765321
3840,0.3843,13,13,13,646511,29933,91923,34333,0.23708180205297175,0.5342327202564342
3841,0.3844,13,23,13,646534,29910,91936,34320,0.23689963249271323,0.5343297524521252
3842,0.3845,11,25,11,646559,29885,91947,34309,0.23670162210112786,0.534458049038851
3843,0.3846,10,24,10,646583,29861,91957,34299,0.23651153212520593,0.5345854114713217
3844,0.3847,11,15,11,646598,29846,91968,34288,0.23639272589025473,0.5346306171453519
3845,0.3848,14,18,14,646616,29828,91982,34274,0.23625015840831326,0.5346791051761256
3846,0.3849,12,26,12,646642,29802,91994,34262,0.2360442276010645,0.5348089410589411
3847,0.385,20,13,20,646655,29789,92014,34242,0.23594126219744013,0.5347722197060799
3848,0.3851,13,24,13,646679,29765,92027,34229,0.23575117222151817,0.5348782698377973
3849,0.3852,17,19,17,646698,29746,92044,34212,0.23560068432391332,0.534913537008662
3850,0.3853,15,21,15,646719,29725,92059,34197,0.23543435559498163,0.5349801320359188
3851,0.3854,21,17,21,646736,29708,92080,34176,0.23529970852870358,0.5349696324588317
3852,0.3855,15,19,15,646755,29689,92095,34161,0.23514922063109872,0.5350195771339076
3853,0.3856,13,25,13,646780,29664,92108,34148,0.23495121023951338,0.5351344574688146
3854,0.3857,14,25,14,646805,29639,92122,34134,0.23475319984792803,0.5352421871324855
3855,0.3858,15,24,15,646829,29615,92137,34119,0.23456310987200607,0.5353343584272131
3856,0.3859,12,27,12,646856,29588,92149,34107,0.2343492586490939,0.5354737420519664
3857,0.386,14,28,14,646884,29560,92163,34093,0.2341274870105183,0.5356071198529527
3858,0.3861,14,19,14,646903,29541,92177,34079,0.23397699911291345,0.5356648852562087
3859,0.3862,5,14,5,646917,29527,92182,34074,0.23386611329362564,0.5357462932972752
3860,0.3863,10,24,10,646941,29503,92192,34064,0.2336760233177037,0.5358755329022921
3861,0.3864,13,22,13,646963,29481,92205,34051,0.2335017741731086,0.5359661273059245
3862,0.3865,17,23,17,646986,29458,92222,34034,0.2333196046128501,0.536036036036036
3863,0.3866,12,18,12,647004,29440,92234,34022,0.23317703713090862,0.5361003435126532
3864,0.3867,10,30,10,647034,29410,92244,34012,0.2329394246610062,0.5362807858471824
3865,0.3868,17,30,17,647064,29380,92261,33995,0.23270181219110378,0.5364102564102564
3866,0.3869,19,17,19,647081,29363,92280,33976,0.23256716512482575,0.5364151628538499
3867,0.387,13,24,13,647105,29339,92293,33963,0.23237707514890382,0.5365233325961265
3868,0.3871,16,22,16,647127,29317,92309,33947,0.2322028260043087,0.5365926909458776
3869,0.3872,16,31,16,647158,29286,92325,33931,0.23195729311874289,0.5367385355205088
3870,0.3873,11,25,11,647183,29261,92336,33920,0.2317592827271575,0.5368702616292873
3871,0.3874,22,32,22,647215,29229,92358,33898,0.23150582942592826,0.536981006542367
3872,0.3875,7,19,7,647234,29210,92365,33891,0.2313553415283234,0.5370913297729037
3873,0.3876,13,31,13,647265,29179,92378,33878,0.23110980864275757,0.5372599394198899
3874,0.3877,16,13,16,647278,29166,92394,33862,0.2310068432391332,0.537253284254617
3875,0.3878,13,17,13,647295,29149,92407,33849,0.23087219617285515,0.537302771516556
3876,0.3879,13,21,13,647316,29128,92420,33836,0.23070586744392346,0.5373864430468204
3877,0.388,14,24,14,647340,29104,92434,33822,0.23051577746800153,0.5374884785303372
3878,0.3881,23,20,23,647360,29084,92457,33799,0.23035736915473323,0.5374902596886281
3879,0.3882,15,15,15,647375,29069,92472,33784,0.23023856291978204,0.5375081539465101
3880,0.3883,8,17,8,647392,29052,92480,33776,0.23010391585350398,0.537594702998663
3881,0.3884,8,30,8,647422,29022,92488,33768,0.22986630338360156,0.5377926421404682
3882,0.3885,13,20,13,647442,29002,92501,33755,0.2297078950703333,0.5378682856095734
3883,0.3886,18,26,18,647468,28976,92519,33737,0.22950196426308453,0.5379586369652225
3884,0.3887,21,26,21,647494,28950,92540,33716,0.22929603345583577,0.538027000287237
3885,0.3888,10,24,10,647518,28926,92550,33706,0.22910594347991384,0.5381594073317154
3886,0.3889,14,18,14,647536,28908,92564,33692,0.22896337599797237,0.5382108626198083
3887,0.389,24,23,24,647559,28885,92588,33668,0.22878120643771385,0.5382315796204818
3888,0.3891,17,21,17,647580,28864,92605,33651,0.22861487770878217,0.5382868111653203
3889,0.3892,16,27,16,647607,28837,92621,33635,0.22840102648587,0.5384012037392752
3890,0.3893,18,20,18,647627,28817,92639,33617,0.2282426181726017,0.5384405932664894
3891,0.3894,13,31,13,647658,28786,92652,33604,0.22799708528703586,0.5386119570443981
3892,0.3895,18,26,18,647684,28760,92670,33586,0.2277911544797871,0.5387033650915857
3893,0.3896,16,29,16,647713,28731,92686,33570,0.2275614624255481,0.538835652718255
3894,0.3897,19,30,19,647743,28701,92705,33551,0.22732384995564567,0.538954571740667
3895,0.3898,12,22,12,647765,28679,92717,33539,0.22714960081105057,0.5390562216721849
3896,0.3899,21,22,21,647787,28657,92738,33518,0.22697535166645547,0.5390912746280659
3897,0.39,14,12,14,647799,28645,92752,33504,0.2268803066784945,0.5390915380778452
3898,0.3901,9,25,9,647824,28620,92761,33495,0.22668229628690914,0.5392417290509539
3899,0.3902,12,27,12,647851,28593,92773,33483,0.22646844506399696,0.5393872027836845
3900,0.3903,14,24,14,647875,28569,92787,33469,0.22627835508807503,0.5394919243044586
3901,0.3904,17,19,17,647894,28550,92804,33452,0.22612786719047015,0.5395309828715202
3902,0.3905,16,24,16,647918,28526,92820,33436,0.22593777721454822,0.539621058067848
3903,0.3906,20,24,20,647942,28502,92840,33416,0.2257476872386263,0.5396815142607966
3904,0.3907,13,20,13,647962,28482,92853,33403,0.22558927892535802,0.5397592308313808
3905,0.3908,20,32,20,647994,28450,92873,33383,0.22533582562412877,0.5398897029094496
3906,0.3909,15,20,15,648014,28430,92888,33368,0.22517741731086047,0.539952749279912
3907,0.391,8,23,8,648037,28407,92896,33360,0.22499524775060195,0.5400942250716402
3908,0.3911,16,18,16,648055,28389,92912,33344,0.2248526802686605,0.5401325061150438
3909,0.3912,24,27,24,648082,28362,92936,33320,0.22463882904574833,0.5401900068091178
3910,0.3913,15,10,15,648092,28352,92951,33305,0.22455962488911418,0.5401657557130577
3911,0.3914,13,17,13,648109,28335,92964,33292,0.22442497782283613,0.5402177616953608
3912,0.3915,9,23,9,648132,28312,92973,33283,0.22424280826257761,0.5403523013231594
3913,0.3916,17,22,17,648154,28290,92990,33266,0.2240685591179825,0.5404184807329911
3914,0.3917,16,25,16,648179,28265,93006,33250,0.22387054872639717,0.5405185727058441
3915,0.3918,18,27,18,648206,28238,93024,33232,0.223656697503485,0.5406214413535058
3916,0.3919,6,16,6,648222,28222,93030,33226,0.22352997085287035,0.5407173545111313
3917,0.392,17,23,17,648245,28199,93047,33209,0.22334780129261184,0.5407927305888484
3918,0.3921,21,30,21,648275,28169,93068,33188,0.22311018882270942,0.5408999788125234
3919,0.3922,17,28,17,648303,28141,93085,33171,0.22288841718413382,0.5410197025052192
3920,0.3923,16,21,16,648324,28120,93101,33155,0.22272208845520214,0.5410852713178295
3921,0.3924,10,16,10,648340,28104,93111,33145,0.2225953618045875,0.5411516922725269
3922,0.3925,14,33,14,648373,28071,93125,33131,0.22233398808769483,0.5413385183490735
3923,0.3926,8,24,8,648397,28047,93133,33123,0.2221438981117729,0.5414909269249633
3924,0.3927,19,20,19,648417,28027,93152,33104,0.22198548979850463,0.541525576221557
3925,0.3928,16,16,16,648433,28011,93168,33088,0.22185876314789,0.541547324833467
3926,0.3929,10,24,10,648457,27987,93178,33078,0.22166867317196806,0.5416850896585605
3927,0.393,16,23,16,648480,27964,93194,33062,0.22148650361170955,0.5417690820306099
3928,0.3931,15,23,15,648503,27941,93209,33047,0.22130433405145103,0.5418606939069981
3929,0.3932,17,29,17,648532,27912,93226,33030,0.22107464199721202,0.5419907452988088
3930,0.3933,14,19,14,648551,27893,93240,33016,0.22092415409960714,0.542054540379911
3931,0.3934,15,21,15,648572,27872,93255,33001,0.22075782537067545,0.5421286941665434
3932,0.3935,9,15,9,648587,27857,93264,32992,0.22063901913572423,0.5421946128942136
3933,0.3936,11,20,11,648607,27837,93275,32981,0.22048061082245596,0.5422901114801539
3934,0.3937,18,23,18,648630,27814,93293,32963,0.22029844126219744,0.542359774256709
3935,0.3938,14,19,14,648649,27795,93307,32949,0.22014795336459259,0.5424239431054919
3936,0.3939,21,17,21,648666,27778,93328,32928,0.22001330629831453,0.5424175534543537
3937,0.394,8,18,8,648684,27760,93336,32920,0.2198707388163731,0.5425181278839816
3938,0.3941,19,26,19,648710,27734,93355,32901,0.21966480800912433,0.5426074049641296
3939,0.3942,11,33,11,648743,27701,93366,32890,0.21940343429223166,0.5428198907428496
3940,0.3943,13,25,13,648768,27676,93379,32877,0.21920542390064632,0.5429458490908791
3941,0.3944,15,21,15,648789,27655,93394,32862,0.2190390951717146,0.5430209693144076
3942,0.3945,13,23,13,648812,27632,93407,32849,0.2188569256114561,0.5431292472016005
3943,0.3946,7,21,7,648833,27611,93414,32842,0.2186905968825244,0.5432650157973963
3944,0.3947,13,20,13,648853,27591,93427,32829,0.2185321885692561,0.5433465739821252
3945,0.3948,11,20,11,648873,27571,93438,32818,0.21837378025598783,0.5434433423305569
3946,0.3949,12,27,12,648900,27544,93450,32806,0.21815992903307566,0.543595691797846
3947,0.395,11,28,11,648928,27516,93461,32795,0.21793815739450006,0.5437648190214057
3948,0.3951,11,21,11,648949,27495,93472,32784,0.21777182866556838,0.5438709998506943
3949,0.3952,16,22,16,648971,27473,93488,32768,0.21759757952097325,0.5439484736309158
3950,0.3953,20,23,20,648994,27450,93508,32748,0.21741540996071473,0.5440047842121001
3951,0.3954,9,23,9,649017,27427,93517,32739,0.21723324040045622,0.5441445334574344
3952,0.3955,13,22,13,649039,27405,93530,32726,0.21705899125586112,0.5442450649415443
3953,0.3956,13,14,13,649053,27391,93543,32713,0.2169481054365733,0.5442732596832157
3954,0.3957,15,24,15,649077,27367,93558,32698,0.21675801546065138,0.5443769249979189
3955,0.3958,11,23,11,649100,27344,93569,32687,0.21657584590039286,0.5445020072962303
3956,0.3959,14,21,14,649121,27323,93583,32673,0.21640951717146115,0.5445863057537169
3957,0.396,14,15,14,649136,27308,93597,32659,0.21629071093650995,0.5446162055797356
3958,0.3961,12,18,12,649154,27290,93609,32647,0.2161481434545685,0.5446885896858368
3959,0.3962,17,14,17,649168,27276,93626,32630,0.2160372576352807,0.5446866757920743
3960,0.3963,11,18,11,649186,27258,93637,32619,0.21589469015333926,0.5447667718823588
3961,0.3964,8,26,8,649212,27232,93645,32611,0.21568875934609047,0.5449425998028173
3962,0.3965,12,25,12,649237,27207,93657,32599,0.21549074895450512,0.5450790890546099
3963,0.3966,18,23,18,649260,27184,93675,32581,0.2153085793942466,0.5451518447251736
3964,0.3967,13,25,13,649285,27159,93688,32568,0.21511056900266126,0.5452810286804962
3965,0.3968,20,18,20,649303,27141,93708,32548,0.21496800152071982,0.5452931025817153
3966,0.3969,13,17,13,649320,27124,93721,32535,0.21483335445444177,0.5453494024371847
3967,0.397,16,15,16,649335,27109,93737,32519,0.21471454821949057,0.5453645938149863
3968,0.3971,15,29,15,649364,27080,93752,32504,0.21448485616525156,0.545515574650913
3969,0.3972,14,19,14,649383,27061,93766,32490,0.21433436826764668,0.5455827777871068
3970,0.3973,17,24,17,649407,27037,93783,32473,0.21414427829172475,0.5456729961351033
3971,0.3974,14,14,14,649421,27023,93797,32459,0.21403339247243694,0.5456944958138596
3972,0.3975,20,25,20,649446,26998,93817,32439,0.2138353820808516,0.5457711526490233
3973,0.3976,11,27,11,649473,26971,93828,32428,0.21362153085793942,0.5459351167528073
3974,0.3977,9,26,9,649499,26945,93837,32419,0.21341560005069066,0.5461053837342497
3975,0.3978,21,21,21,649520,26924,93858,32398,0.21324927132175897,0.5461380263645865
3976,0.3979,12,12,12,649532,26912,93870,32386,0.213154226333798,0.5461567000573375
3977,0.398,14,17,14,649549,26895,93884,32372,0.21301957926751997,0.5462061518214183
3978,0.3981,11,19,11,649568,26876,93895,32361,0.21286909136991508,0.5462970778398636
3979,0.3982,23,25,23,649593,26851,93918,32338,0.21267108097832974,0.5463515180185508
3980,0.3983,13,19,13,649612,26832,93931,32325,0.21252059308072488,0.546427303615802
3981,0.3984,14,9,14,649621,26823,93945,32311,0.21244930933975414,0.5464030845199039
3982,0.3985,19,20,19,649641,26803,93964,32292,0.21229090102648587,0.5464421693882732
3983,0.3986,14,18,14,649659,26785,93978,32278,0.2121483335445444,0.5465011936406887
3984,0.3987,10,20,10,649679,26765,93988,32268,0.21198992523127613,0.5466095234868633
3985,0.3988,21,16,21,649695,26749,94009,32247,0.21186319858066152,0.5465963794155536
3986,0.3989,15,18,15,649713,26731,94024,32232,0.21172063109872005,0.5466478978342351
3987,0.399,17,19,17,649732,26712,94041,32215,0.2115701432011152,0.5466933663685577
3988,0.3991,16,28,16,649760,26684,94057,32199,0.2113483715625396,0.5468301547135845
3989,0.3992,23,15,23,649775,26669,94080,32176,0.21122956532758838,0.5467924207664202
3990,0.3993,13,13,13,649788,26656,94093,32163,0.21112659992396401,0.5468131046090549
3991,0.3994,16,18,16,649806,26638,94109,32147,0.21098403244202255,0.5468571914604066
3992,0.3995,11,27,11,649833,26611,94120,32136,0.21077018121911037,0.5470236778048241
3993,0.3996,20,26,20,649859,26585,94140,32116,0.2105642504118616,0.5471116335326485
3994,0.3997,14,19,14,649878,26566,94154,32102,0.21041376251425675,0.5471807458921388
3995,0.3998,10,27,10,649905,26539,94164,32092,0.21019991129134458,0.5473554945336085
3996,0.3999,10,19,10,649924,26520,94174,32082,0.2100494233937397,0.5474557182348725
3997,0.4,15,19,15,649943,26501,94189,32067,0.20989893549613484,0.5475174156535992
3998,0.4001,20,22,20,649965,26479,94209,32047,0.20972468635153974,0.5475686019888597
3999,0.4002,18,18,18,649983,26461,94227,32029,0.20958211886959827,0.5475978799794837
4000,0.4003,12,18,12,650001,26443,94239,32017,0.20943955138765682,0.5476736229900787
4001,0.4004,18,21,18,650022,26422,94257,31999,0.20927322265872514,0.5477311240820938
4002,0.4005,13,27,13,650049,26395,94270,31986,0.20905937143581296,0.54788372929549
4003,0.4006,21,20,21,650069,26375,94291,31965,0.20890096312254466,0.5479088104216661
4004,0.4007,17,17,17,650086,26358,94308,31948,0.20876631605626664,0.547936747504545
4005,0.4008,12,17,12,650103,26341,94320,31936,0.20863166898998858,0.5480035005233626
4006,0.4009,15,14,15,650117,26327,94335,31921,0.2085207831707008,0.54801881609669
4007,0.401,15,21,15,650138,26306,94350,31906,0.20835445444176912,0.5481000481000481
4008,0.4011,11,14,11,650152,26292,94361,31895,0.2082435686224813,0.5481464932029491
4009,0.4012,13,19,13,650171,26273,94374,31882,0.20809308072487645,0.5482245722637779
4010,0.4013,17,16,17,650187,26257,94391,31865,0.2079663540742618,0.5482433501944186
4011,0.4014,9,25,9,650212,26232,94400,31856,0.20776834368267647,0.548409310012395
4012,0.4015,11,21,11,650233,26211,94411,31845,0.20760201495374478,0.5485221165770979
4013,0.4016,14,21,14,650254,26190,94425,31831,0.20743568622481307,0.5486117095534375
4014,0.4017,16,14,16,650268,26176,94441,31815,0.20732480040552528,0.5486196133882844
4015,0.4018,16,22,16,650290,26154,94457,31799,0.20715055126093018,0.5487032595379014
4016,0.4019,15,17,15,650307,26137,94472,31784,0.20701590419465213,0.5487474318468258
4017,0.402,8,21,8,650328,26116,94480,31776,0.20684957546572044,0.5488841290679196
4018,0.4021,20,11,20,650339,26105,94500,31756,0.20676245089342288,0.5488325469660047
4019,0.4022,10,14,10,650353,26091,94510,31746,0.2066515650741351,0.5488873904248146
4020,0.4023,8,26,8,650379,26065,94518,31738,0.20644563426688634,0.5490718474819646
4021,0.4024,17,19,17,650398,26046,94535,31721,0.20629514636928145,0.5491197396437413
4022,0.4025,9,23,9,650421,26023,94544,31712,0.20611297680902294,0.5492682081926041
4023,0.4026,17,18,17,650439,26005,94561,31695,0.2059704093270815,0.5493067590987868
4024,0.4027,9,17,9,650456,25988,94570,31686,0.20583576226080344,0.5493983424073239
4025,0.4028,13,15,13,650471,25973,94583,31673,0.20571695602585224,0.549439683586025
4026,0.4029,13,17,13,650488,25956,94596,31660,0.2055823089595742,0.5495001388503193
4027,0.403,11,25,11,650513,25931,94607,31649,0.20538429856798884,0.5496526571726293
4028,0.4031,10,20,10,650533,25911,94617,31639,0.20522589025472057,0.5497654213727193
4029,0.4032,16,28,16,650561,25883,94633,31623,0.20500411861614498,0.5499078357041004
4030,0.4033,16,19,16,650580,25864,94649,31607,0.2048536307185401,0.5499643298359173
4031,0.4034,12,16,12,650596,25848,94661,31595,0.20472690406792549,0.5500235015580662
4032,0.4035,16,18,16,650614,25830,94677,31579,0.20458433658598404,0.5500705464300023
4033,0.4036,20,21,20,650635,25809,94697,31559,0.20441800785705233,0.5501150467159392
4034,0.4037,12,24,12,650659,25785,94709,31547,0.2042279178811304,0.5502511686318287
4035,0.4038,11,16,11,650675,25769,94720,31536,0.2041011912305158,0.5503184713375796
4036,0.4039,15,13,15,650688,25756,94735,31521,0.2039982258268914,0.5503256106290483
4037,0.404,18,20,18,650708,25736,94753,31503,0.20383981751362312,0.5503764915529621
4038,0.4041,11,12,11,650720,25724,94764,31492,0.20374477252566214,0.5504054809843401
4039,0.4042,4,18,4,650738,25706,94768,31488,0.2036022050437207,0.5505472602021191
4040,0.4043,20,19,20,650757,25687,94788,31468,0.20345171714611582,0.5505730032368121
4041,0.4044,9,27,9,650784,25660,94797,31459,0.20323786592320364,0.5507624433200862
4042,0.4045,20,16,20,650800,25644,94817,31439,0.20311113927258903,0.5507594204929663
4043,0.4046,11,15,11,650815,25629,94828,31428,0.2029923330376378,0.5508176034491824
4044,0.4047,10,21,10,650836,25608,94838,31418,0.20282600430870612,0.5509416757268615
4045,0.4048,14,30,14,650866,25578,94852,31404,0.2025883918388037,0.5511214067600295
4046,0.4049,12,18,12,650884,25560,94864,31392,0.20244582435686226,0.5512010113780025
4047,0.405,11,24,11,650908,25536,94875,31381,0.2022557343809403,0.5513466978231459
4048,0.4051,15,22,15,650930,25514,94890,31366,0.2020814852363452,0.5514416315049226
4049,0.4052,14,22,14,650952,25492,94904,31352,0.2019072360917501,0.5515445781436915
4050,0.4053,14,16,14,650968,25476,94918,31338,0.20178050944113546,0.5515893969796177
4051,0.4054,15,20,15,650988,25456,94933,31323,0.2016221011278672,0.5516652283414643
4052,0.4055,11,18,11,651006,25438,94944,31312,0.20147953364592575,0.5517533039647577
4053,0.4056,13,28,13,651034,25410,94957,31299,0.20125776200735015,0.5519229751891234
4054,0.4057,12,17,12,651051,25393,94969,31287,0.2011231149410721,0.5519936485532816
4055,0.4058,13,23,13,651074,25370,94982,31274,0.20094094538081358,0.5521149636325118
4056,0.4059,19,18,19,651092,25352,95001,31255,0.20079837789887214,0.5521401946755702
4057,0.406,15,22,15,651114,25330,95016,31240,0.20062412875427701,0.5522361675799894
4058,0.4061,14,19,14,651133,25311,95030,31226,0.20047364085667216,0.5523108760634629
4059,0.4062,14,25,14,651158,25286,95044,31212,0.2002756304650868,0.552444334312719
4060,0.4063,13,16,13,651174,25270,95057,31199,0.20014890381447217,0.5524978306681542
4061,0.4064,10,19,10,651193,25251,95067,31189,0.19999841591686732,0.5526045357902197
4062,0.4065,11,18,11,651211,25233,95078,31178,0.19985584843492588,0.5526936235840527
4063,0.4066,12,21,12,651232,25212,95090,31166,0.19968951970599416,0.5528042853595374
4064,0.4067,12,14,12,651246,25198,95102,31154,0.19957863388670638,0.5528463940942646
4065,0.4068,17,18,17,651264,25180,95119,31137,0.1994360664047649,0.5528881154891063
4066,0.4069,8,21,8,651285,25159,95127,31129,0.19926973767583323,0.5530308413871518
4067,0.407,11,13,11,651298,25146,95138,31118,0.19916677227220886,0.5530712356035831
4068,0.4071,10,18,10,651316,25128,95148,31108,0.1990242047902674,0.5531687886762927
4069,0.4072,16,19,16,651335,25109,95164,31092,0.19887371689266253,0.5532285902386078
4070,0.4073,11,19,11,651354,25090,95175,31081,0.19872322899505765,0.5533282298695056
4071,0.4074,14,20,14,651374,25070,95189,31067,0.19856482068178938,0.5534139693962984
4072,0.4075,11,24,11,651398,25046,95200,31056,0.19837473070586745,0.5535631528287761
4073,0.4076,17,14,17,651412,25032,95217,31039,0.19826384488657964,0.5535660145173084
4074,0.4077,14,10,14,651422,25022,95231,31025,0.19818464072994552,0.5535532677931022
4075,0.4078,9,23,9,651445,24999,95240,31016,0.19800247116968697,0.553708827992502
4076,0.4079,14,21,14,651466,24978,95254,31002,0.19783614244075529,0.5538049303322615
4077,0.408,19,13,19,651479,24965,95273,30983,0.19773317703713092,0.5537820833631228
4078,0.4081,15,20,15,651499,24945,95288,30968,0.19757476872386262,0.5538604617888505
4079,0.4082,17,16,17,651515,24929,95305,30951,0.197448042073248,0.5538833214030064
4080,0.4083,18,20,18,651535,24909,95323,30933,0.1972896337599797,0.5539378962071559
4081,0.4084,10,16,10,651551,24893,95333,30923,0.1971629071093651,0.5540167693851226
4082,0.4085,14,18,14,651569,24875,95347,30909,0.19702033962742366,0.554083608203069
4083,0.4086,10,11,10,651580,24864,95357,30899,0.1969332150551261,0.5541129422735506
4084,0.4087,10,15,10,651595,24849,95367,30889,0.1968144088201749,0.5541820660949442
4085,0.4088,10,19,10,651614,24830,95377,30879,0.19666392092257,0.5542910481250786
4086,0.4089,20,21,20,651635,24809,95397,30859,0.19649759219363833,0.5543400158080046
4087,0.409,13,15,13,651650,24794,95410,30846,0.1963787859586871,0.5543853342918763
4088,0.4091,14,23,14,651673,24771,95424,30832,0.19619661639842859,0.5545024549035124
4089,0.4092,10,15,10,651688,24756,95434,30822,0.1960778101634774,0.5545719529310159
4090,0.4093,16,19,16,651707,24737,95450,30806,0.1959273222658725,0.5546333471364528
4091,0.4094,18,15,18,651722,24722,95468,30788,0.1958085160309213,0.5546388038191317
4092,0.4095,15,15,15,651737,24707,95483,30773,0.19568970979597008,0.5546683489545782
4093,0.4096,16,20,16,651757,24687,95499,30757,0.1955313014827018,0.5547399177548518
4094,0.4097,15,16,15,651773,24671,95514,30742,0.19540457483208717,0.5547795643621533
4095,0.4098,10,14,10,651787,24657,95524,30732,0.1952936890127994,0.5548394085468233
4096,0.4099,8,26,8,651813,24631,95532,30724,0.19508775820555063,0.5550356788004697
4097,0.41,20,20,20,651833,24611,95552,30704,0.19492934989228233,0.5550754768146072
4098,0.4101,8,19,8,651852,24592,95560,30696,0.19477886199467748,0.555201852119809
4099,0.4102,10,22,10,651874,24570,95570,30686,0.19460461285008238,0.5553424062545244
4100,0.4103,15,29,15,651903,24541,95585,30671,0.19437492079584337,0.5555132942114033
4101,0.4104,12,16,12,651919,24525,95597,30659,0.19424819414522873,0.5555777036822267
4102,0.4105,9,13,9,651932,24512,95606,30650,0.19414522874160436,0.5556361263188426
4103,0.4106,8,15,8,651947,24497,95614,30642,0.19402642250665314,0.55572280962658
4104,0.4107,19,16,19,651963,24481,95633,30623,0.19389969585603853,0.555730981416957
4105,0.4108,18,22,18,651985,24459,95651,30605,0.19372544671144343,0.5558077873020485
4106,0.4109,16,20,16,652005,24439,95667,30589,0.19356703839817513,0.5558806425819582
4107,0.411,15,17,15,652022,24422,95682,30574,0.1934323913318971,0.5559313404611245
4108,0.4111,11,18,11,652040,24404,95693,30563,0.19328982384995563,0.5560245238051922
4109,0.4112,17,20,17,652060,24384,95710,30546,0.19313141553668736,0.5560895685417805
4110,0.4113,12,11,12,652071,24373,95722,30534,0.1930442909643898,0.5561039576010345
4111,0.4114,9,19,9,652090,24354,95731,30525,0.19289380306678494,0.5562236921226699
4112,0.4115,11,9,11,652099,24345,95742,30514,0.1928225193258142,0.5562259611002752
4113,0.4116,17,19,17,652118,24326,95759,30497,0.19267203142820935,0.5562811228863798
4114,0.4117,12,21,12,652139,24305,95771,30485,0.19250570269927766,0.5563971527651032
4115,0.4118,18,12,18,652151,24293,95789,30467,0.19241065771131668,0.556373265157049
4116,0.4119,12,22,12,652173,24271,95801,30455,0.19223640856672158,0.5564996528158462
4117,0.412,9,21,9,652194,24250,95810,30446,0.1920700798377899,0.5566403393301156
4118,0.4121,9,13,9,652207,24237,95819,30437,0.1919671144341655,0.5566997110143761
4119,0.4122,10,18,10,652225,24219,95829,30427,0.19182454695222406,0.5568019617172346
4120,0.4123,16,11,16,652236,24208,95845,30411,0.1917374223799265,0.5567842692103481
4121,0.4124,5,17,5,652253,24191,95850,30406,0.19160277531364847,0.556917046724179
4122,0.4125,17,26,17,652279,24165,95867,30389,0.19139684450639968,0.5570443963779008
4123,0.4126,16,14,16,652293,24151,95883,30373,0.1912859586871119,0.557057442594087
4124,0.4127,13,18,13,652311,24133,95896,30360,0.19114339120517046,0.5571357789073826
4125,0.4128,16,14,16,652325,24119,95912,30344,0.19103250538588265,0.5571488900721591
4126,0.4129,16,24,16,652349,24095,95928,30328,0.19084241540996072,0.5572643918931334
4127,0.413,14,15,14,652364,24080,95942,30314,0.1907236091750095,0.557304114424385
4128,0.4131,11,16,11,652380,24064,95953,30303,0.19059688252439488,0.557378556845145
4129,0.4132,14,13,14,652393,24051,95967,30289,0.1904939171207705,0.5573978652926022
4130,0.4133,15,11,15,652404,24040,95982,30274,0.19040679254847295,0.5573885186139853
4131,0.4134,13,21,13,652425,24019,95995,30261,0.19024046381954124,0.5574981577008106
4132,0.4135,16,12,16,652437,24007,96011,30245,0.1901454188315803,0.5574909680749097
4133,0.4136,14,16,14,652453,23991,96025,30231,0.19001869218096565,0.5575412194312271
4134,0.4137,12,14,12,652467,23977,96037,30219,0.18990780636167787,0.5575872758137131
4135,0.4138,15,19,15,652486,23958,96052,30204,0.18975731846407298,0.5576603522765038
4136,0.4139,12,20,12,652506,23938,96064,30192,0.1895989101508047,0.5577683354886385
4137,0.414,15,22,15,652528,23916,96079,30177,0.1894246610062096,0.557872552825689
4138,0.4141,15,21,15,652549,23895,96094,30162,0.18925833227727792,0.5579665908208002
4139,0.4142,7,21,7,652570,23874,96101,30155,0.1890920035483462,0.5581261914897555
4140,0.4143,12,24,12,652594,23850,96113,30143,0.18890191357242428,0.558276072824255
4141,0.4144,14,16,14,652610,23834,96127,30129,0.18877518692180967,0.5583270018345904
4142,0.4145,10,9,10,652619,23825,96137,30119,0.18870390318083893,0.5583382767314252
4143,0.4146,14,18,14,652637,23807,96151,30105,0.18856133569889746,0.5584100014838997
4144,0.4147,8,21,8,652658,23786,96159,30097,0.18839500696996578,0.5585620696694691
4145,0.4148,8,25,8,652683,23761,96167,30089,0.18819699657838043,0.5587558031569173
4146,0.4149,9,14,9,652697,23747,96176,30080,0.18808611075909265,0.5588273543017445
4147,0.415,12,19,12,652716,23728,96188,30068,0.18793562286148777,0.5589263142241059
4148,0.4151,16,21,16,652737,23707,96204,30052,0.18776929413255608,0.5590133745047341
4149,0.4152,14,12,14,652749,23695,96218,30038,0.1876742491445951,0.5590233190032197
4150,0.4153,16,18,16,652767,23677,96234,30022,0.18753168166265366,0.5590793124639193
4151,0.4154,18,14,18,652781,23663,96252,30004,0.18742079584336585,0.5590772728119701
4152,0.4155,17,19,17,652800,23644,96269,29987,0.187270307945761,0.5591355745744065
4153,0.4156,9,16,9,652816,23628,96278,29978,0.18714358129514638,0.5592284445770995
4154,0.4157,9,21,9,652837,23607,96287,29969,0.18697725256621467,0.5593736001194565
4155,0.4158,15,16,15,652853,23591,96302,29954,0.18685052591560006,0.5594173125408535
4156,0.4159,20,19,20,652872,23572,96322,29934,0.18670003801799517,0.559451276492356
4157,0.416,18,17,18,652889,23555,96340,29916,0.18656539095171715,0.5594808400815395
4158,0.4161,9,16,9,652905,23539,96349,29907,0.18643866430110254,0.5595741496089511
4159,0.4162,17,20,17,652925,23519,96366,29890,0.18628025598783424,0.55964350577618
4160,0.4163,11,12,11,652937,23507,96377,29879,0.18618521099987329,0.559678567414678
4161,0.4164,12,16,12,652953,23491,96389,29867,0.18605848434925865,0.5597473668428352
4162,0.4165,13,22,13,652975,23469,96402,29854,0.18588423520466354,0.5598709750014065
4163,0.4166,9,13,9,652988,23456,96411,29845,0.18578126980103915,0.5599332095082644
4164,0.4167,17,23,17,653011,23433,96428,29828,0.18559910024078063,0.560034546854171
4165,0.4168,9,13,9,653024,23420,96437,29819,0.18549613483715624,0.560096921429779
4166,0.4169,11,19,11,653043,23401,96448,29808,0.18534564693955138,0.5602059801913211
4167,0.417,15,22,15,653065,23379,96463,29793,0.18517139779495628,0.5603136989392914
4168,0.4171,16,26,16,653091,23353,96479,29777,0.18496546698770752,0.560455486542443
4169,0.4172,14,16,14,653107,23337,96493,29763,0.18483874033709288,0.5605084745762712
4170,0.4173,15,17,15,653124,23320,96508,29748,0.18470409327081486,0.5605638049295244
4171,0.4174,13,13,13,653137,23307,96521,29735,0.18460112786719046,0.5605934919497757
4172,0.4175,7,20,7,653157,23287,96528,29728,0.1844427195539222,0.5607469584079977
4173,0.4176,16,13,16,653170,23274,96544,29712,0.1843397541502978,0.5607518967274374
4174,0.4177,9,19,9,653189,23255,96553,29703,0.18418926625269294,0.5608784319649534
4175,0.4178,8,23,8,653212,23232,96561,29695,0.18400709669243442,0.5610557938292365
4176,0.4179,14,7,14,653219,23225,96575,29681,0.18395165378279052,0.5610138736627226
4177,0.418,12,16,12,653235,23209,96587,29669,0.1838249271321759,0.5610840046900413
4178,0.4181,11,22,11,653257,23187,96598,29658,0.18365067798758078,0.5612262276468919
4179,0.4182,13,23,13,653280,23164,96611,29645,0.18346850842732226,0.5613626465185858
4180,0.4183,11,14,11,653294,23150,96622,29634,0.18335762260803448,0.5614201273113064
4181,0.4184,17,11,17,653305,23139,96639,29617,0.18327049803573692,0.5613958601865191
4182,0.4185,15,13,15,653318,23126,96654,29602,0.18316753263211252,0.5614094978000304
4183,0.4186,11,18,11,653336,23108,96665,29591,0.18302496515017108,0.5615097060665287
4184,0.4187,8,21,8,653357,23087,96673,29583,0.1828586364212394,0.5616669831023353
4185,0.4188,13,14,13,653371,23073,96686,29570,0.1827477506019516,0.5617081093402732
4186,0.4189,7,16,7,653387,23057,96693,29563,0.18262102395133697,0.561820600532117
4187,0.419,8,23,8,653410,23034,96701,29555,0.18243885439107843,0.561999657723098
4188,0.4191,14,18,14,653428,23016,96715,29541,0.182296286909137,0.5620754609281352
4189,0.4192,14,15,14,653443,23001,96729,29527,0.1821774806741858,0.5621192506853487
4190,0.4193,7,17,7,653460,22984,96736,29520,0.18204283360790774,0.5622428767332013
4191,0.4194,7,17,7,653477,22967,96743,29513,0.1819081865416297,0.5623666158536585
4192,0.4195,10,15,10,653492,22952,96753,29503,0.1817893803066785,0.5624439996187208
4193,0.4196,6,18,6,653510,22934,96759,29497,0.18164681282473705,0.562587019129904
4194,0.4197,8,8,8,653518,22926,96767,29489,0.18158344949942973,0.5626061242010875
4195,0.4198,9,10,9,653528,22916,96776,29480,0.18150424534279558,0.5626383693411711
4196,0.4199,14,12,14,653540,22904,96790,29466,0.18140920035483463,0.5626503723505824
4197,0.42,10,17,10,653557,22887,96800,29456,0.18127455328855657,0.5627495558145311
4198,0.4201,12,11,12,653568,22876,96812,29444,0.18118742871625904,0.5627675840978593
4199,0.4202,13,18,13,653586,22858,96825,29431,0.18104486123431757,0.5628526076230183
4200,0.4203,12,13,12,653599,22845,96837,29419,0.1809418958306932,0.5628922393999694
4201,0.4204,10,24,10,653623,22821,96847,29409,0.18075180585477127,0.5630672027570361
4202,0.4205,14,16,14,653639,22805,96861,29395,0.18062507920415663,0.5631226053639847
4203,0.4206,11,15,11,653654,22790,96872,29384,0.18050627296920543,0.5631923946793422
4204,0.4207,15,21,15,653675,22769,96887,29369,0.18033994424027372,0.5632935670720012
4205,0.4208,12,16,12,653691,22753,96899,29357,0.1802132175896591,0.5633659566302054
4206,0.4209,11,22,11,653713,22731,96910,29346,0.180038968445064,0.5635117230255199
4207,0.421,16,27,16,653740,22704,96926,29330,0.17982511722215183,0.5636699081369874
4208,0.4211,10,18,10,653758,22686,96936,29320,0.17968254974021036,0.5637811021805176
4209,0.4212,13,14,13,653772,22672,96949,29307,0.17957166392092258,0.5638238519402067
4210,0.4213,11,17,11,653789,22655,96960,29296,0.17943701685464453,0.5639159977671268
4211,0.4214,14,14,14,653803,22641,96974,29282,0.17932613103535675,0.5639504651118001
4212,0.4215,10,16,10,653819,22625,96984,29272,0.1791994043847421,0.5640403106152572
4213,0.4216,12,15,12,653834,22610,96996,29260,0.1790805981497909,0.5641025641025641
4214,0.4217,16,21,16,653855,22589,97012,29244,0.1789142694208592,0.5641965543186773
4215,0.4218,10,17,10,653872,22572,97022,29234,0.17877962235458117,0.5642975717098405
4216,0.4219,7,22,7,653894,22550,97029,29227,0.17860537320998607,0.5644784363713617
4217,0.422,11,13,11,653907,22537,97040,29216,0.17850240780636167,0.5645276602322571
4218,0.4221,8,20,8,653927,22517,97048,29208,0.1783439994930934,0.5646785886901885
4219,0.4222,11,17,11,653944,22500,97059,29197,0.17820935242681535,0.5647716501924677
4220,0.4223,7,10,7,653954,22490,97066,29190,0.17813014827018123,0.5648219814241486
4221,0.4224,17,17,17,653971,22473,97083,29173,0.17799550120390317,0.5648646555396352
4222,0.4225,12,20,12,653991,22453,97095,29161,0.1778370928906349,0.564982369124656
4223,0.4226,13,16,13,654007,22437,97108,29148,0.1777103662400203,0.5650479790636813
4224,0.4227,9,14,9,654021,22423,97117,29139,0.17759948042073248,0.5651254800046546
4225,0.4228,18,14,18,654035,22409,97135,29121,0.17748859460144467,0.565127110421114
4226,0.4229,11,25,11,654060,22384,97146,29110,0.17729058420985933,0.5653085796403464
4227,0.423,14,17,14,654077,22367,97160,29096,0.1771559371435813,0.5653770670190233
4228,0.4231,17,13,17,654090,22354,97177,29079,0.1770529717399569,0.5653763148173352
4229,0.4232,10,20,10,654110,22334,97187,29069,0.17689456342668863,0.5655117405598895
4230,0.4233,8,17,8,654127,22317,97195,29061,0.1767599163604106,0.5656312040172836
4231,0.4234,14,19,14,654146,22298,97209,29047,0.17660942846280572,0.565722076151524
4232,0.4235,7,22,7,654168,22276,97216,29040,0.17643517931821062,0.5659053706446332
4233,0.4236,8,14,8,654182,22262,97224,29032,0.1763242934989228,0.5659921238351464
4234,0.4237,14,26,14,654208,22236,97238,29018,0.17611836269167405,0.5661606898973739
4235,0.4238,9,15,9,654223,22221,97247,29009,0.17599955645672286,0.5662502439976577
4236,0.4239,10,20,10,654243,22201,97257,28999,0.17584114814345456,0.56638671875
4237,0.424,12,16,12,654259,22185,97269,28987,0.17571442149283995,0.5664621277261002
4238,0.4241,16,17,16,654276,22168,97285,28971,0.17557977442656192,0.5665147930151156
4239,0.4242,6,22,6,654298,22146,97291,28965,0.1754055252819668,0.566707753712508
4240,0.4243,13,18,13,654316,22128,97304,28952,0.17526295780002535,0.5667971808927174
4241,0.4244,15,10,15,654326,22118,97319,28937,0.1751837536433912,0.5667809225345216
4242,0.4245,16,21,16,654347,22097,97335,28921,0.1750174249144595,0.5668783566584342
4243,0.4246,12,18,12,654365,22079,97347,28909,0.17487485743251807,0.5669765435004315
4244,0.4247,9,11,9,654376,22068,97356,28900,0.1747877328602205,0.5670224454559724
4245,0.4248,16,17,16,654393,22051,97372,28884,0.17465308579394245,0.5670756846961814
4246,0.4249,11,17,11,654410,22034,97383,28873,0.17451843872766443,0.5671715088298269
4247,0.425,14,13,14,654423,22021,97397,28859,0.17441547332404003,0.5671973270440251
4248,0.4251,15,19,15,654442,22002,97412,28844,0.17426498542643518,0.567281595405735
4249,0.4252,11,22,11,654464,21980,97423,28833,0.17409073628184007,0.567433530789365
4250,0.4253,8,18,8,654482,21962,97431,28825,0.1739481687998986,0.5675665032390178
4251,0.4254,10,18,10,654500,21944,97441,28815,0.17380560131795716,0.5676825784589925
4252,0.4255,10,18,10,654518,21926,97451,28805,0.17366303383601572,0.5677987818099387
4253,0.4256,13,12,13,654530,21914,97464,28792,0.17356798884805474,0.5678223484400268
4254,0.4257,10,20,10,654550,21894,97474,28782,0.17340958053478647,0.5679611650485437
4255,0.4258,14,15,14,654565,21879,97488,28768,0.17329077429983525,0.56800995123107
4256,0.4259,16,22,16,654587,21857,97504,28752,0.17311652515524015,0.5681202948092237
4257,0.426,13,14,13,654601,21843,97517,28739,0.17300563933595234,0.5681665414574355
4258,0.4261,9,22,9,654623,21821,97526,28730,0.17283139019135724,0.5683369270637574
4259,0.4262,10,16,10,654639,21805,97536,28720,0.17270466354074263,0.5684314695695201
4260,0.4263,9,20,9,654659,21785,97545,28711,0.17254625522747433,0.5685796894803549
4261,0.4264,11,13,11,654672,21772,97556,28700,0.17244328982384996,0.5686321128546521
4262,0.4265,11,19,11,654691,21753,97567,28689,0.17229280192624508,0.5687522302842869
4263,0.4266,14,19,14,654710,21734,97581,28675,0.17214231402864022,0.5688468329068221
4264,0.4267,12,15,12,654725,21719,97593,28663,0.17202350779368902,0.5689135008534795
4265,0.4268,11,22,11,654747,21697,97604,28652,0.1718492586490939,0.5690679060160082
4266,0.4269,8,19,8,654766,21678,97612,28644,0.17169877075148904,0.5692142601645404
4267,0.427,15,15,15,654781,21663,97627,28629,0.17157996451653784,0.5692555476020043
4268,0.4271,16,19,16,654800,21644,97643,28613,0.17142947661893296,0.5693336251666434
4269,0.4272,6,16,6,654816,21628,97649,28607,0.17130274996831835,0.5694635214491888
4270,0.4273,12,18,12,654834,21610,97661,28595,0.17116018248637688,0.5695647843840255
4271,0.4274,14,15,14,654849,21595,97675,28581,0.17104137625142568,0.5696149553571429
4272,0.4275,19,17,19,654866,21578,97694,28562,0.17090672918514763,0.5696449940167531
4273,0.4276,12,14,12,654880,21564,97706,28550,0.17079584336585985,0.5697010815341023
4274,0.4277,18,21,18,654901,21543,97724,28532,0.17062951463692816,0.5697853220169745
4275,0.4278,11,22,11,654923,21521,97735,28521,0.17045526549233303,0.5699412493505456
4276,0.4279,13,18,13,654941,21503,97748,28508,0.1703126980103916,0.5700345923896742
4277,0.428,10,14,10,654955,21489,97758,28498,0.17020181219110378,0.5701082281393163
4278,0.4281,7,18,7,654973,21471,97765,28491,0.17005924470916234,0.5702533925783596
4279,0.4282,7,17,7,654990,21454,97772,28484,0.1699245976428843,0.5703872802274821
4280,0.4283,16,14,16,655004,21440,97788,28468,0.1698137118235965,0.5704095535785846
4281,0.4284,17,19,17,655023,21421,97805,28451,0.16966322392599165,0.5704804299005454
4282,0.4285,15,17,15,655040,21404,97820,28436,0.1695285768597136,0.570545746388443
4283,0.4286,10,15,10,655055,21389,97830,28426,0.1694097706247624,0.5706313359429891
4284,0.4287,10,19,10,655074,21370,97840,28416,0.1692592827271575,0.5707628650624673
4285,0.4288,14,16,14,655090,21354,97854,28402,0.1691325560765429,0.5708256290698609
4286,0.4289,12,17,12,655107,21337,97866,28390,0.16899790901026485,0.5709172079554367
4287,0.429,13,16,13,655123,21321,97879,28377,0.16887118235965023,0.5709887721839914
4288,0.4291,12,17,12,655140,21304,97891,28365,0.1687365352933722,0.5710805532625984
4289,0.4292,15,19,15,655159,21285,97906,28350,0.16858604739576732,0.57116953762466
4290,0.4293,21,14,21,655173,21271,97927,28329,0.16847516157647954,0.5711491935483871
4291,0.4294,11,10,11,655183,21261,97938,28318,0.1683959574198454,0.5711692450432643
4292,0.4295,14,17,14,655200,21244,97952,28304,0.16826131035356737,0.5712440461774441
4293,0.4296,12,15,12,655215,21229,97964,28292,0.16814250411861614,0.5713131802669574
4294,0.4297,20,15,20,655230,21214,97984,28272,0.16802369788366495,0.5713130986541648
4295,0.4298,9,19,9,655249,21195,97993,28263,0.16787320998606006,0.5714545675118282
4296,0.4299,11,14,11,655263,21181,98004,28252,0.16776232416677228,0.5715210486921692
4297,0.43,13,11,13,655274,21170,98017,28239,0.16767519959447472,0.5715355502034042
4298,0.4301,11,15,11,655289,21155,98028,28228,0.16755639335952352,0.571613713221149
4299,0.4302,16,15,16,655304,21140,98044,28212,0.1674375871245723,0.5716485654076836
4300,0.4303,18,5,18,655309,21135,98062,28194,0.16739798504625522,0.5715502037341118
4301,0.4304,11,12,11,655321,21123,98073,28183,0.16730294005829427,0.5715937208453332
4302,0.4305,8,17,8,655338,21106,98081,28175,0.16716829299201622,0.571721353056959
4303,0.4306,13,14,13,655352,21092,98094,28162,0.16705740717272843,0.5717708206440086
4304,0.4307,14,15,14,655367,21077,98108,28148,0.1669386009377772,0.5718232605383443
4305,0.4308,4,16,4,655383,21061,98112,28144,0.1668118742871626,0.5719743928462555
4306,0.4309,13,8,13,655391,21053,98125,28131,0.16674851096185528,0.5719542940793754
4307,0.431,12,16,12,655407,21037,98137,28119,0.16662178431124067,0.5720359671250712
4308,0.4311,11,20,11,655427,21017,98148,28108,0.16646337599797237,0.5721730279898218
4309,0.4312,13,21,13,655448,20996,98161,28095,0.16629704726904068,0.5723044957324153
4310,0.4313,12,12,12,655460,20984,98173,28083,0.1662020022810797,0.5723398618215909
4311,0.4314,14,14,14,655474,20970,98187,28069,0.16609111646179192,0.5723811660107262
4312,0.4315,6,11,6,655485,20959,98193,28063,0.16600399188949436,0.5724572640855127
4313,0.4316,13,20,13,655505,20939,98206,28050,0.16584558357622609,0.5725775174018657
4314,0.4317,13,15,13,655520,20924,98219,28037,0.16572677734127486,0.5726394477236985
4315,0.4318,18,17,18,655537,20907,98237,28019,0.16559213027499683,0.5726811920042513
4316,0.4319,11,16,11,655553,20891,98248,28008,0.1654654036243822,0.5727724493343422
4317,0.432,7,17,7,655570,20874,98255,28001,0.16533075655810417,0.5729104859335038
4318,0.4321,16,19,16,655589,20855,98271,27985,0.1651802686604993,0.572993447993448
4319,0.4322,9,24,9,655613,20831,98280,27976,0.16499017868457735,0.5731964677197943
4320,0.4323,14,17,14,655630,20814,98294,27962,0.16485553161829933,0.573273741184189
4321,0.4324,11,18,11,655648,20796,98305,27951,0.1647129641363579,0.5733891316388701
4322,0.4325,16,21,16,655669,20775,98321,27935,0.16454663540742617,0.5734962020119072
4323,0.4326,9,13,9,655682,20762,98330,27926,0.1644436700038018,0.5735704896483733
4324,0.4327,7,16,7,655698,20746,98337,27919,0.16431694335318717,0.5736977293742936
4325,0.4328,12,20,12,655718,20726,98349,27907,0.1641585350399189,0.5738284703801945
4326,0.4329,14,16,14,655734,20710,98363,27893,0.16403180838930428,0.5738946155587104
4327,0.433,18,18,18,655752,20692,98381,27875,0.16388924090736282,0.5739493895031605
4328,0.4331,13,12,13,655764,20680,98394,27862,0.16379419591940186,0.5739771744056693
4329,0.4332,10,10,10,655774,20670,98404,27852,0.16371499176276771,0.5740076666254482
4330,0.4333,4,10,4,655784,20660,98408,27848,0.16363578760613356,0.5740908716088068
4331,0.4334,11,18,11,655802,20642,98419,27837,0.16349322012419212,0.57420738876627
4332,0.4335,11,14,11,655816,20628,98430,27826,0.16338233430490431,0.5742766335080695
4333,0.4336,15,18,15,655834,20610,98445,27811,0.16323976682296287,0.5743582329980793
4334,0.4337,11,11,11,655845,20599,98456,27800,0.1631526422506653,0.5743920328932416
4335,0.4338,15,13,15,655858,20586,98471,27785,0.16304967684704094,0.5744144218643402
4336,0.4339,13,12,13,655870,20574,98484,27772,0.16295463185907996,0.5744425598808588
4337,0.434,7,16,7,655886,20558,98491,27765,0.16282790520846535,0.5745711152039401
4338,0.4341,15,13,15,655899,20545,98506,27750,0.16272493980484096,0.5745936432342893
4339,0.4342,12,16,12,655915,20529,98518,27738,0.16259821315422635,0.5746783516688421
4340,0.4343,9,18,9,655933,20511,98527,27729,0.16245564567228488,0.5748134328358209
4341,0.4344,16,20,16,655953,20491,98543,27713,0.1622972373590166,0.5749107957845822
4342,0.4345,10,17,10,655970,20474,98553,27703,0.16216259029273855,0.575025427071009
4343,0.4346,15,14,15,655984,20460,98568,27688,0.16205170447345077,0.5750602309545568
4344,0.4347,12,21,12,656005,20439,98580,27676,0.16188537574451908,0.5752052374519381
4345,0.4348,19,15,19,656020,20424,98599,27657,0.16176656950956786,0.5752168216135272
4346,0.4349,13,15,13,656035,20409,98612,27644,0.16164776327461666,0.5752814600545232
4347,0.435,13,17,13,656052,20392,98625,27631,0.1615131162083386,0.575370135143577
4348,0.4351,19,13,19,656065,20379,98644,27612,0.16141015080471424,0.5753578796024255
4349,0.4352,14,14,14,656079,20365,98658,27598,0.16129926498542643,0.5754018722765465
4350,0.4353,9,26,9,656105,20339,98667,27589,0.16109333417817767,0.5756342847604741
4351,0.4354,13,18,13,656123,20321,98680,27576,0.16095076669623623,0.5757354322817713
4352,0.4355,13,21,13,656144,20300,98693,27563,0.16078443796730452,0.5758728036270188
4353,0.4356,22,12,22,656156,20288,98715,27541,0.16068939297934356,0.5758221999205503
4354,0.4357,15,15,15,656171,20273,98730,27526,0.16057058674439234,0.5758697880708802
4355,0.4358,17,15,17,656186,20258,98747,27509,0.16045178050944114,0.5758996796951871
4356,0.4359,14,15,14,656201,20243,98761,27495,0.16033297427448992,0.575956261259374
4357,0.436,20,9,20,656210,20234,98781,27475,0.16026169053351919,0.575887149175208
4358,0.4361,12,14,12,656224,20220,98793,27463,0.1601508047142314,0.5759494998217394
4359,0.4362,5,18,5,656242,20202,98798,27458,0.16000823723228996,0.5761225346202266
4360,0.4363,15,12,15,656254,20190,98813,27443,0.15991319224432898,0.5761341926815443
4361,0.4364,8,20,8,656274,20170,98821,27435,0.1597547839310607,0.5763050099779435
4362,0.4365,15,19,15,656293,20151,98836,27420,0.15960429603345583,0.5764015892035064
4363,0.4366,16,16,16,656309,20135,98852,27404,0.15947756938284122,0.5764530175224553
4364,0.4367,12,13,12,656322,20122,98864,27392,0.15937460397921682,0.5765037673106874
4365,0.4368,11,13,11,656335,20109,98875,27381,0.15927163857559246,0.5765634870499052
4366,0.4369,10,14,10,656349,20095,98885,27371,0.15916075275630465,0.576644334892344
4367,0.437,16,12,16,656361,20083,98901,27355,0.1590657077683437,0.5766474134659977
4368,0.4371,7,31,7,656392,20052,98908,27348,0.15882017488277786,0.5769620253164557
4369,0.4372,10,21,10,656413,20031,98918,27338,0.15865384615384615,0.5771285017627562
4370,0.4373,11,15,11,656428,20016,98929,27327,0.15853503991889495,0.5772131043660098
4371,0.4374,20,16,20,656444,20000,98949,27307,0.1584083132682803,0.5772295854736086
4372,0.4375,7,6,7,656450,19994,98956,27300,0.15836079077429985,0.577240241891149
4373,0.4376,11,11,11,656461,19983,98967,27289,0.15827366620200228,0.5772761888644441
4374,0.4377,10,10,10,656471,19973,98977,27279,0.15819446204536813,0.5773088969779057
4375,0.4378,8,16,8,656487,19957,98985,27271,0.15806773539475352,0.5774328788007115
4376,0.4379,16,9,16,656496,19948,99001,27255,0.1579964516537828,0.5773997415418511
4377,0.438,16,13,16,656509,19935,99017,27239,0.15789348625015842,0.5774155255013355
4378,0.4381,8,18,8,656527,19917,99025,27231,0.15775091876821695,0.5775642657164672
4379,0.4382,17,11,17,656538,19906,99042,27214,0.15766379419591942,0.577546689303905
4380,0.4383,13,16,13,656554,19890,99055,27201,0.15753706754530478,0.5776262980187297
4381,0.4384,12,15,12,656569,19875,99067,27189,0.15741826131035358,0.5777027027027027
4382,0.4385,15,15,15,656584,19860,99082,27174,0.15729945507540236,0.5777522643194285
4383,0.4386,18,13,18,656597,19847,99100,27156,0.15719648967177796,0.5777503563602323
4384,0.4387,16,19,16,656616,19828,99116,27140,0.1570460017741731,0.5778402316470789
4385,0.4388,20,15,20,656631,19813,99136,27120,0.1569271955392219,0.5778450131037862
4386,0.4389,9,16,9,656647,19797,99145,27111,0.15680046888860727,0.5779611153747761
4387,0.439,12,18,12,656665,19779,99157,27099,0.15665790140666583,0.5780750031997952
4388,0.4391,13,14,13,656679,19765,99170,27086,0.15654701558737802,0.5781306695694862
4389,0.4392,18,9,18,656688,19756,99188,27068,0.1564757318464073,0.5780796172902785
4390,0.4393,11,26,11,656714,19730,99199,27057,0.15626980103915852,0.5783016649924124
4391,0.4394,12,13,12,656727,19717,99211,27045,0.15616683563553416,0.5783542192378427
4392,0.4395,13,19,13,656746,19698,99224,27032,0.15601634773792927,0.5784720736143805
4393,0.4396,11,20,11,656766,19678,99235,27021,0.155857939424661,0.57862052720615
4394,0.4397,17,15,17,656781,19663,99252,27004,0.1557391331897098,0.5786530096213598
4395,0.4398,11,23,11,656804,19640,99263,26993,0.15555696362945126,0.5788390195784101
4396,0.4399,9,9,9,656813,19631,99272,26984,0.15548567988848055,0.5788694626193286
4397,0.44,9,7,9,656820,19624,99281,26975,0.15543023697883665,0.5788750831562909
4398,0.4401,10,9,10,656829,19615,99291,26965,0.15535895323786592,0.5788965221124946
4399,0.4402,10,13,10,656842,19602,99301,26955,0.15525598783424155,0.5789677169920743
4400,0.4403,18,18,18,656860,19584,99319,26937,0.15511342035230008,0.5790288256916232
4401,0.4404,3,20,3,656880,19564,99322,26934,0.1549550120390318,0.579250720461095
4402,0.4405,7,30,7,656910,19534,99329,26927,0.1547173995691294,0.5795613525322313
4403,0.4406,11,16,11,656926,19518,99340,26916,0.15459067291851478,0.5796614549683422
4404,0.4407,18,12,18,656938,19506,99358,26898,0.1544956279305538,0.5796483061805017
4405,0.4408,10,17,10,656955,19489,99368,26888,0.15436098086427577,0.5797701446837872
4406,0.4409,9,10,9,656965,19479,99377,26879,0.15428177670764162,0.5798136244013978
4407,0.441,7,15,7,656980,19464,99384,26872,0.1541629704726904,0.5799378453038674
4408,0.4411,10,11,10,656991,19453,99394,26862,0.15407584590039286,0.5799848861060132
4409,0.4412,9,22,9,657013,19431,99403,26853,0.15390159675579773,0.5801788955146487
4410,0.4413,9,17,9,657030,19414,99412,26844,0.1537669496895197,0.5803104327900039
4411,0.4414,3,12,3,657042,19402,99415,26841,0.15367190470155873,0.5804337953852475
4412,0.4415,9,19,9,657061,19383,99424,26832,0.15352141680395387,0.580590717299578
4413,0.4416,17,12,17,657073,19371,99441,26815,0.1534263718159929,0.5805871909236565
4414,0.4417,12,16,12,657089,19355,99453,26803,0.15329964516537828,0.5806794055201698
4415,0.4418,11,11,11,657100,19344,99464,26792,0.15321252059308071,0.5807178775793307
4416,0.4419,10,7,10,657107,19337,99474,26782,0.15315707768343684,0.5807151065721287
4417,0.442,9,20,9,657127,19317,99483,26773,0.15299866937016854,0.5808852245606422
4418,0.4421,16,18,16,657145,19299,99499,26757,0.1528561018882271,0.5809666492965087
4419,0.4422,8,18,8,657163,19281,99507,26749,0.15271353440628563,0.581121008038236
4420,0.4423,10,13,10,657176,19268,99517,26739,0.15261056900266126,0.581194166105158
4421,0.4424,11,20,11,657196,19248,99528,26728,0.152452160689393,0.5813467896293718
4422,0.4425,15,17,15,657213,19231,99543,26713,0.15231751362311494,0.5814252133031517
4423,0.4426,9,19,9,657232,19212,99552,26704,0.15216702572551008,0.5815837616517118
4424,0.4427,5,13,5,657245,19199,99557,26699,0.15206406032188569,0.5817029064447252
4425,0.4428,9,17,9,657262,19182,99566,26690,0.15192941325560766,0.581836414370422
4426,0.4429,8,14,8,657276,19168,99574,26682,0.15181852743631985,0.5819411123227917
4427,0.443,16,17,16,657293,19151,99590,26666,0.15168388037004182,0.5820110439356571
4428,0.4431,11,15,11,657308,19136,99601,26655,0.1515650741350906,0.5821012862789631
4429,0.4432,7,16,7,657324,19120,99608,26648,0.151438347484476,0.582240866981297
4430,0.4433,10,10,10,657334,19110,99618,26638,0.15135914332784184,0.5822768208446271
4431,0.4434,11,16,11,657350,19094,99629,26627,0.15123241667722723,0.5823800879245861
4432,0.4435,13,9,13,657359,19085,99642,26614,0.1511611329362565,0.5823759819689709
4433,0.4436,11,14,11,657373,19071,99653,26603,0.1510502471169687,0.5824539125103998
4434,0.4437,10,12,10,657385,19059,99663,26593,0.15095520212900773,0.5825155524401998
4435,0.4438,12,13,12,657398,19046,99675,26581,0.15085223672538334,0.5825717228833804
4436,0.4439,9,15,9,657413,19031,99684,26572,0.15073343049043214,0.5826809639716686
4437,0.444,17,14,17,657427,19017,99701,26555,0.15062254467114433,0.5827042921091898
4438,0.4441,10,13,10,657440,19004,99711,26545,0.15051957926751997,0.5827789852686118
4439,0.4442,13,13,13,657453,18991,99724,26532,0.15041661386389557,0.5828262636469477
4440,0.4443,10,14,10,657467,18977,99734,26522,0.1503057280446078,0.5829139101958285
4441,0.4444,11,11,11,657478,18966,99745,26511,0.15021860347231022,0.5829540207137675
4442,0.4445,11,19,11,657497,18947,99756,26500,0.15006811557470537,0.5830967940678152
4443,0.4446,10,13,10,657510,18934,99766,26490,0.14996515017108097,0.5831718915110955
4444,0.4447,8,14,8,657524,18920,99774,26482,0.1498542643517932,0.5832782696797498
4445,0.4448,22,20,22,657544,18900,99796,26460,0.1496958560385249,0.5833333333333334
4446,0.4449,14,22,14,657566,18878,99810,26446,0.1495216068939298,0.5834877768952431
4447,0.445,10,9,10,657575,18869,99820,26436,0.14945032315295906,0.5835117536695729
4448,0.4451,9,14,9,657589,18855,99829,26427,0.14933943733367128,0.5836093812110772
4449,0.4452,12,10,12,657599,18845,99841,26415,0.14926023317703713,0.5836279275298276
4450,0.4453,10,14,10,657613,18831,99851,26405,0.14914934735774935,0.5837165089751525
4451,0.4454,15,19,15,657632,18812,99866,26390,0.14899885946014446,0.5838237246139552
4452,0.4455,9,17,9,657649,18795,99875,26381,0.14886421239386644,0.5839605100053126
4453,0.4456,10,12,10,657661,18783,99885,26371,0.14876916740590546,0.5840235638038712
4454,0.4457,10,11,10,657672,18772,99895,26361,0.14868204283360792,0.5840737376199233
4455,0.4458,11,14,11,657686,18758,99906,26350,0.1485711570143201,0.584153586946883
4456,0.4459,10,18,10,657704,18740,99916,26340,0.14842858953237867,0.5842945874001775
4457,0.446,11,15,11,657719,18725,99927,26329,0.14830978329742744,0.5843876237404004
4458,0.4461,15,18,15,657737,18707,99942,26314,0.148167215815486,0.5844827969169943
4459,0.4462,7,19,7,657756,18688,99949,26307,0.14801672791788112,0.5846649627736415
4460,0.4463,11,14,11,657770,18674,99960,26296,0.14790584209859334,0.584745385812764
4461,0.4464,15,12,15,657782,18662,99975,26281,0.14781079711063236,0.5847629219233251
4462,0.4465,16,13,16,657795,18649,99991,26265,0.147707831707008,0.584784254352763
4463,0.4466,8,13,8,657808,18636,99999,26257,0.1476048663033836,0.584879602610652
4464,0.4467,10,14,10,657822,18622,100009,26247,0.14749398048409582,0.5849695781051506
4465,0.4468,16,15,16,657837,18607,100025,26231,0.1473751742491446,0.5850171729336723
4466,0.4469,5,14,5,657851,18593,100030,26226,0.1472642884298568,0.5851536178852719
4467,0.447,14,9,14,657860,18584,100044,26212,0.14719300468888608,0.5851415304937941
4468,0.4471,12,19,12,657879,18565,100056,26200,0.14704251679128122,0.5852786775382554
4469,0.4472,13,7,13,657886,18558,100069,26187,0.14698707388163731,0.5852497485752598
4470,0.4473,7,12,7,657898,18546,100076,26180,0.14689202889367634,0.5853418593212002
4471,0.4474,8,12,8,657910,18534,100084,26172,0.14679698390571538,0.58542477519796
4472,0.4475,13,10,13,657920,18524,100097,26159,0.14671777974908123,0.5854351766891212
4473,0.4476,14,18,14,657938,18506,100111,26145,0.1465752122671398,0.5855411972856152
4474,0.4477,15,12,15,657950,18494,100126,26130,0.1464801672791788,0.5855593402653281
4475,0.4478,7,13,7,657963,18481,100133,26123,0.14637720187555442,0.5856649627836068
4476,0.4479,10,14,10,657977,18467,100143,26113,0.14626631605626664,0.5857559443696725
4477,0.448,13,10,13,657987,18457,100156,26100,0.1461871118996325,0.5857665462216936
4478,0.4481,15,10,15,657997,18447,100171,26085,0.14610790774299837,0.5857585556453786
4479,0.4482,8,12,8,658009,18435,100179,26077,0.1460128627550374,0.5858420201294033
4480,0.4483,9,21,9,658030,18414,100188,26068,0.1458465340261057,0.5860348005934984
4481,0.4484,9,12,9,658042,18402,100197,26059,0.14575148903814472,0.5861091743325612
4482,0.4485,7,14,7,658056,18388,100204,26052,0.1456406032188569,0.5862286228622863
4483,0.4486,11,17,11,658073,18371,100215,26041,0.14550595615257889,0.5863505358912006
4484,0.4487,9,9,9,658082,18362,100224,26032,0.14543467241160815,0.5863855475965221
4485,0.4488,10,16,10,658098,18346,100234,26022,0.14530794576099354,0.586503786512802
4486,0.4489,11,12,11,658110,18334,100245,26011,0.14521290077303256,0.5865599278385387
4487,0.449,9,13,9,658123,18321,100254,26002,0.1451099353694082,0.5866480157029081
4488,0.4491,19,14,19,658137,18307,100273,25983,0.14499904955012038,0.5866561300519305
4489,0.4492,9,11,9,658148,18296,100282,25974,0.14491192497782285,0.5867178676304495
4490,0.4493,11,22,11,658170,18274,100293,25963,0.14473767583322772,0.5869068878992698
4491,0.4494,12,18,12,658188,18256,100305,25951,0.14459510835128628,0.5870337276901848
4492,0.4495,4,16,4,658204,18240,100309,25947,0.14446838170067164,0.5872089075972571
4493,0.4496,11,11,11,658215,18229,100320,25936,0.1443812571283741,0.5872523491452508
4494,0.4497,10,14,10,658229,18215,100330,25926,0.1442703713090863,0.5873450986611087
4495,0.4498,12,15,12,658244,18200,100342,25914,0.1441515650741351,0.5874325610917169
4496,0.4499,8,13,8,658257,18187,100350,25906,0.1440485996705107,0.5875309005964665
4497,0.45,13,20,13,658277,18167,100363,25893,0.14389019135724243,0.5876758965047663
4498,0.4501,10,17,10,658294,18150,100373,25883,0.14375554429096438,0.587809143142643
4499,0.4502,18,13,18,658307,18137,100391,25865,0.14365257888734,0.5878141902640789
4500,0.4503,10,9,10,658316,18128,100401,25855,0.14358129514636928,0.5878407566559807
4501,0.4504,7,19,7,658335,18109,100408,25848,0.14343080724876442,0.5880292103646746
4502,0.4505,10,9,10,658344,18100,100418,25838,0.14335952350779368,0.5880558969456962
4503,0.4506,12,14,12,658358,18086,100430,25826,0.1432486376885059,0.5881308070686828
4504,0.4507,14,14,14,658372,18072,100444,25812,0.1431377518692181,0.5881870385561936
4505,0.4508,6,14,6,658386,18058,100450,25806,0.1430268660499303,0.58831843881087
4506,0.4509,18,16,18,658402,18042,100468,25788,0.14290013939931567,0.5883641341546886
4507,0.451,11,15,11,658417,18027,100479,25777,0.14278133316436448,0.5884622408912428
4508,0.4511,7,11,7,658428,18016,100486,25770,0.1426942085920669,0.5885442835609556
4509,0.4512,14,15,14,658443,18001,100500,25756,0.1425754023571157,0.5886143931256713
4510,0.4513,13,9,13,658452,17992,100513,25743,0.14250411861614498,0.5886132388247399
4511,0.4514,12,6,12,658458,17986,100525,25731,0.1424565961221645,0.5885811011734565
4512,0.4515,20,14,20,658472,17972,100545,25711,0.14234571030287668,0.5885813703271295
4513,0.4516,11,19,11,658491,17953,100556,25700,0.14219522240527183,0.5887338785421391
4514,0.4517,6,17,6,658508,17936,100562,25694,0.1420605753389938,0.5889067155626863
4515,0.4518,8,11,8,658519,17925,100570,25686,0.14197345076669624,0.5889798445346358
4516,0.4519,10,10,10,658529,17915,100580,25676,0.14189424661006209,0.5890206694042348
4517,0.452,13,25,13,658554,17890,100593,25663,0.14169623621847674,0.5892361031387046
4518,0.4521,7,9,7,658563,17881,100600,25656,0.14162495247750603,0.5892918666881044
4519,0.4522,10,15,10,658578,17866,100610,25646,0.1415061462425548,0.5894006251149109
4520,0.4523,16,10,16,658588,17856,100626,25630,0.14142694208592066,0.5893850894540772
4521,0.4524,6,16,6,658604,17840,100632,25624,0.14130021543530605,0.5895453708816492
4522,0.4525,9,17,9,658621,17823,100641,25615,0.141165568369028,0.5896910539159261
4523,0.4526,13,17,13,658638,17806,100654,25602,0.14103092130274997,0.5897991153704386
4524,0.4527,10,12,10,658650,17794,100664,25592,0.140935876314789,0.5898676992578251
4525,0.4528,9,16,9,658666,17778,100673,25583,0.14080914966417438,0.5900002306219875
4526,0.4529,13,14,13,658680,17764,100686,25570,0.14069826384488657,0.5900678451100753
4527,0.453,13,12,13,658692,17752,100699,25557,0.14060321885692562,0.5901082915791175
4528,0.4531,7,12,7,658704,17740,100706,25550,0.14050817386896464,0.5902055902055902
4529,0.4532,14,14,14,658718,17726,100720,25536,0.14039728804967685,0.5902639730017105
4530,0.4533,9,16,9,658734,17710,100729,25527,0.14027056139906222,0.5903971135832736
4531,0.4534,11,15,11,658749,17695,100740,25516,0.14015175516411102,0.5904977899146051
4532,0.4535,12,18,12,658767,17677,100752,25504,0.14000918768216955,0.5906301382552511
4533,0.4536,7,8,7,658775,17669,100759,25497,0.13994582435686226,0.590673215030348
4534,0.4537,19,16,19,658791,17653,100778,25478,0.13981909770624762,0.590712016878811
4535,0.4538,10,13,10,658804,17640,100788,25468,0.13971613230262325,0.5907952120256101
4536,0.4539,12,15,12,658819,17625,100800,25456,0.13959732606767203,0.590886933915183
4537,0.454,15,13,15,658832,17612,100815,25441,0.13949436066404766,0.5909228160639212
4538,0.4541,11,13,11,658845,17599,100826,25430,0.13939139526042327,0.5909967696204885
4539,0.4542,14,13,14,658858,17586,100840,25416,0.13928842985679887,0.5910422771033905
4540,0.4543,8,13,8,658871,17573,100848,25408,0.1391854644531745,0.5911449245015239
4541,0.4544,12,17,12,658888,17556,100860,25396,0.13905081738689645,0.5912646675358539
4542,0.4545,9,9,9,658897,17547,100869,25387,0.13897953364592575,0.5913029300787255
4543,0.4546,15,8,15,658905,17539,100884,25372,0.13891617032061843,0.5912703036517443
4544,0.4547,15,15,15,658920,17524,100899,25357,0.1387973640856672,0.5913341573190923
4545,0.4548,6,6,6,658926,17518,100905,25351,0.13874984159168674,0.591359723809746
4546,0.4549,8,16,8,658942,17502,100913,25343,0.1386231149410721,0.591504259540203
4547,0.455,4,11,4,658953,17491,100917,25339,0.13853599036877456,0.5916180247490077
4548,0.4551,5,14,5,658967,17477,100922,25334,0.13842510454948675,0.5917637990236154
4549,0.4552,8,12,8,658979,17465,100930,25326,0.13833005956152578,0.5918534271225258
4550,0.4553,14,14,14,658993,17451,100944,25312,0.138219173742238,0.5919135701424129
4551,0.4554,15,13,15,659006,17438,100959,25297,0.1381162083386136,0.5919503919503919
4552,0.4555,10,22,10,659028,17416,100969,25287,0.1379419591940185,0.5921598014191041
4553,0.4556,14,18,14,659046,17398,100983,25273,0.13779939171207706,0.5922757844906377
4554,0.4557,12,15,12,659061,17383,100995,25261,0.13768058547712583,0.5923693837351093
4555,0.4558,9,11,9,659072,17372,101004,25252,0.1375934609048283,0.5924361861861862
4556,0.4559,9,13,9,659085,17359,101013,25243,0.1374904955012039,0.5925308670954416
4557,0.456,9,13,9,659098,17346,101022,25234,0.1373875300975795,0.5926256458431188
4558,0.4561,15,13,15,659111,17333,101037,25219,0.13728456469395514,0.5926630945666479
4559,0.4562,15,13,15,659124,17320,101052,25204,0.13718159929033075,0.5927005926065281
4560,0.4563,18,6,18,659130,17314,101070,25186,0.13713407679635028,0.5926117647058824
4561,0.4564,8,14,8,659144,17300,101078,25178,0.13702319097706248,0.5927303545364659
4562,0.4565,7,11,7,659155,17289,101085,25171,0.1369360664047649,0.5928167687235045
4563,0.4566,11,16,11,659171,17273,101096,25160,0.1368093397541503,0.5929347441849504
4564,0.4567,8,12,8,659183,17261,101104,25152,0.13671429476618932,0.5930257232452314
4565,0.4568,14,13,14,659196,17248,101118,25138,0.13661132936256495,0.5930731845420658
4566,0.4569,14,18,14,659214,17230,101132,25124,0.13646876188062348,0.5931907257874108
4567,0.457,9,15,9,659229,17215,101141,25115,0.1363499556456723,0.5933144342074179
4568,0.4571,9,14,9,659243,17201,101150,25106,0.13623906982638448,0.5934242560332805
4569,0.4572,7,16,7,659259,17185,101157,25099,0.13611234317576987,0.5935814965471573
4570,0.4573,12,18,12,659277,17167,101169,25087,0.1359697756938284,0.5937189378520377
4571,0.4574,8,10,8,659287,17157,101177,25079,0.13589057153719428,0.5937825551662089
4572,0.4575,14,21,14,659308,17136,101191,25065,0.1357242428082626,0.5939432714864576
4573,0.4576,11,14,11,659322,17122,101202,25054,0.13561335698897478,0.5940345220030349
4574,0.4577,6,16,6,659338,17106,101208,25048,0.13548663033836017,0.594202210940836
4575,0.4578,12,7,12,659345,17099,101220,25036,0.13543118742871627,0.594185356591907
4576,0.4579,10,15,10,659360,17084,101230,25026,0.13531238119376504,0.5943006411778675
4577,0.458,5,9,5,659369,17075,101235,25021,0.13524109745279433,0.5943795134929685
4578,0.4581,9,13,9,659382,17062,101244,25012,0.13513813204916994,0.5944763987260541
4579,0.4582,13,13,13,659395,17049,101257,24999,0.13503516664554555,0.5945348173515982
4580,0.4583,15,16,15,659411,17033,101272,24984,0.13490843999493093,0.5946164647642621
4581,0.4584,9,12,9,659423,17021,101281,24975,0.13481339500696995,0.5946994951900181
4582,0.4585,14,22,14,659445,16999,101295,24961,0.13463914586237485,0.5948760724499523
4583,0.4586,10,13,10,659458,16986,101305,24951,0.1345361804587505,0.594963874383003
4584,0.4587,7,11,7,659469,16975,101312,24944,0.13444905588645292,0.5950523628903361
4585,0.4588,12,12,12,659481,16963,101324,24932,0.13435401089849194,0.5951068146556868
4586,0.4589,13,16,13,659497,16947,101337,24919,0.13422728424787733,0.5952085224287011
4587,0.459,9,13,9,659510,16934,101346,24910,0.13412431884425294,0.5953063760634738
4588,0.4591,8,8,8,659518,16926,101354,24902,0.13406095551894565,0.5953428325523573
4589,0.4592,16,13,16,659531,16913,101370,24886,0.13395799011532125,0.5953730950501208
4590,0.4593,15,9,15,659540,16904,101385,24871,0.13388670637435052,0.5953560742070616
4591,0.4594,11,11,11,659551,16893,101396,24860,0.13379958180205298,0.5954063181088785
4592,0.4595,7,15,7,659566,16878,101403,24853,0.13368077556710176,0.595552466990966
4593,0.4596,14,12,14,659578,16866,101417,24839,0.1335857305791408,0.5955880589857331
4594,0.4597,13,10,13,659588,16856,101430,24826,0.13350652642250666,0.5956048174271869
4595,0.4598,11,15,11,659603,16841,101441,24815,0.13338772018755543,0.5957125024006146
4596,0.4599,11,8,11,659611,16833,101452,24804,0.13332435686224814,0.5957201527487571
4597,0.46,8,12,8,659623,16821,101460,24796,0.13322931187428716,0.5958142105389624
4598,0.4601,10,11,10,659634,16810,101470,24786,0.1331421873019896,0.595874603327243
4599,0.4602,10,16,10,659650,16794,101480,24776,0.13301546065137498,0.5960067356266538
4600,0.4603,10,11,10,659661,16783,101490,24766,0.13292833607907742,0.5960672940383643
4601,0.4604,13,8,13,659669,16775,101503,24753,0.13286497275377013,0.5960556732806781
4602,0.4605,13,9,13,659678,16766,101516,24740,0.1327936890127994,0.596058401195008
4603,0.4606,7,10,7,659688,16756,101523,24733,0.13271448485616524,0.5961339150136181
4604,0.4607,10,11,10,659699,16745,101533,24723,0.1326273602838677,0.596194656120382
4605,0.4608,11,13,11,659712,16732,101544,24712,0.1325243948802433,0.5962744908792588
4606,0.4609,7,18,7,659730,16714,101551,24705,0.13238182739830187,0.5964653902798233
4607,0.461,8,13,8,659743,16701,101559,24697,0.13227886199467748,0.5965747137542876
4608,0.4611,13,9,13,659752,16692,101572,24684,0.13220757825370674,0.5965777262180975
4609,0.4612,11,6,11,659758,16686,101583,24673,0.13216005575972628,0.5965569767160714
4610,0.4613,12,14,12,659772,16672,101595,24661,0.13204916994043847,0.5966419084024871
4611,0.4614,11,8,11,659780,16664,101606,24650,0.13198580661513115,0.5966500459892531
4612,0.4615,7,16,7,659796,16648,101613,24643,0.13185907996451654,0.596812864788937
4613,0.4616,10,7,10,659803,16641,101623,24633,0.13180363705487264,0.5968163977322285
4614,0.4617,12,14,12,659817,16627,101635,24621,0.13169275123558485,0.5969016679596586
4615,0.4618,7,8,7,659825,16619,101642,24614,0.13162938791027753,0.5969490456673053
4616,0.4619,6,13,6,659838,16606,101648,24608,0.13152642250665314,0.5970786625903819
4617,0.462,10,10,10,659848,16596,101658,24598,0.13144721835001902,0.597125795018692
4618,0.4621,10,13,10,659861,16583,101668,24588,0.13134425294639462,0.5972164873333171
4619,0.4622,11,11,11,659872,16572,101679,24577,0.13125712837409706,0.5972684633891467
4620,0.4623,12,14,12,659886,16558,101691,24565,0.13114624255480928,0.597354278627532
4621,0.4624,4,21,4,659907,16537,101695,24561,0.1309799138258776,0.597620322156796
4622,0.4625,12,15,12,659922,16522,101707,24549,0.13086110759092637,0.5977210196975968
4623,0.4626,12,13,12,659935,16509,101719,24537,0.130758142187302,0.5977927203625201
4624,0.4627,7,11,7,659946,16498,101726,24530,0.13067101761500444,0.5978843716486302
4625,0.4628,16,7,16,659953,16491,101742,24514,0.13061557470536053,0.5978295329837825
4626,0.4629,15,15,15,659968,16476,101757,24499,0.13049676847040934,0.5979011592434411
4627,0.463,11,9,11,659977,16467,101768,24488,0.1304254847294386,0.5979245513368331
4628,0.4631,15,12,15,659989,16455,101783,24473,0.13033043974147762,0.5979525019546521
4629,0.4632,11,16,11,660005,16439,101794,24462,0.130203713090863,0.5980782865944598
4630,0.4633,9,7,9,660012,16432,101803,24453,0.1301482701812191,0.5980922098569157
4631,0.4634,10,9,10,660021,16423,101813,24443,0.13007698644024837,0.5981255811677189
4632,0.4635,8,9,8,660030,16414,101821,24435,0.13000570269927766,0.5981786579842836
4633,0.4636,11,7,11,660037,16407,101832,24424,0.12995025978963376,0.5981729568220224
4634,0.4637,10,13,10,660050,16394,101842,24414,0.12984729438600937,0.5982650460693981
4635,0.4638,14,10,14,660060,16384,101856,24400,0.12976809022937524,0.5982738328756375
4636,0.4639,10,11,10,660071,16373,101866,24390,0.12968096565707768,0.598336726933739
4637,0.464,12,8,12,660079,16365,101878,24378,0.12961760233177036,0.598335910463147
4638,0.4641,11,11,11,660090,16354,101889,24367,0.12953047775947282,0.5983890375973085
4639,0.4642,7,15,7,660105,16339,101896,24360,0.1294116715245216,0.5985405046807046
4640,0.4643,12,3,12,660108,16336,101908,24348,0.12938791027753135,0.5984662275095861
4641,0.4644,8,13,8,660121,16323,101916,24340,0.129284944873907,0.5985785603619999
4642,0.4645,11,11,11,660132,16312,101927,24329,0.12919782030160942,0.598631923427081
4643,0.4646,8,11,8,660143,16301,101935,24321,0.1291106957293119,0.5987149820294422
4644,0.4647,14,12,14,660155,16289,101949,24307,0.1290156507413509,0.598753571780471
4645,0.4648,5,10,5,660165,16279,101954,24302,0.12893644658471676,0.5988516793573347
4646,0.4649,6,10,6,660175,16269,101960,24296,0.12885724242808264,0.5989399728830272
4647,0.465,7,8,7,660183,16261,101967,24289,0.12879387910277532,0.5989889025893959
4648,0.4651,12,12,12,660195,16249,101979,24277,0.12869883411481434,0.5990475250456497
4649,0.4652,8,10,8,660205,16239,101987,24269,0.12861962995818021,0.5991162239557618
4650,0.4653,10,12,10,660217,16227,101997,24259,0.12852458497021924,0.5991947833819098
4651,0.4654,11,5,11,660222,16222,102008,24248,0.12848498289190216,0.5991598715097604
4652,0.4655,13,15,13,660237,16207,102021,24235,0.12836617665695096,0.5992532515701499
4653,0.4656,6,15,6,660252,16192,102027,24229,0.12824737042199974,0.5994161450731056
4654,0.4657,7,10,7,660262,16182,102034,24222,0.12816816626536562,0.5994950994950995
4655,0.4658,11,15,11,660277,16167,102045,24211,0.1280493600304144,0.5996086978057358
4656,0.4659,12,13,12,660290,16154,102057,24199,0.12794639462679003,0.5996827992962109
4657,0.466,12,13,12,660303,16141,102069,24187,0.12784342922316563,0.5997569926601864
4658,0.4661,6,14,6,660317,16127,102075,24181,0.12773254340387782,0.5999057259104892
4659,0.4662,15,6,15,660323,16121,102090,24166,0.12768502090989736,0.5998461042023482
4660,0.4663,9,9,9,660332,16112,102099,24157,0.12761373716892663,0.5998907348084134
4661,0.4664,8,10,8,660342,16102,102107,24149,0.12753453301229248,0.5999602494347966
4662,0.4665,13,10,13,660352,16092,102120,24136,0.12745532885565836,0.5999801133538829
4663,0.4666,11,6,11,660358,16086,102131,24125,0.12740780636167787,0.5999602098928154
4664,0.4667,11,12,11,660370,16074,102142,24114,0.1273127613737169,0.6000298596595999
4665,0.4668,13,11,13,660381,16063,102155,24101,0.12722563680141935,0.6000647345881884
4666,0.4669,8,9,8,660390,16054,102163,24093,0.12715435306044862,0.6001195606147408
4667,0.467,11,7,11,660397,16047,102174,24082,0.1270989101508047,0.6001146303172269
4668,0.4671,9,13,9,660410,16034,102183,24073,0.12699594474718034,0.6002194130700377
4669,0.4672,3,6,3,660416,16028,102186,24070,0.12694842225319986,0.6002793156765923
4670,0.4673,7,9,7,660425,16019,102193,24063,0.12687713851222912,0.6003442941968964
4671,0.4674,8,10,8,660435,16009,102201,24055,0.12679793435559497,0.6004143370607029
4672,0.4675,10,14,10,660449,15995,102211,24045,0.1266870485363072,0.6005244755244755
4673,0.4676,11,13,11,660462,15982,102222,24034,0.1265840831326828,0.600609756097561
4674,0.4677,9,13,9,660475,15969,102231,24025,0.12648111772905843,0.6007151072660899
4675,0.4678,13,13,13,660488,15956,102244,24012,0.12637815232543403,0.6007806244995997
4676,0.4679,12,14,12,660502,15942,102256,24000,0.12626726650614625,0.6008712633318312
4677,0.468,12,8,12,660510,15934,102268,23988,0.12620390318083893,0.6008716998146385
4678,0.4681,9,13,9,660523,15921,102277,23979,0.12610093777721454,0.6009774436090226
4679,0.4682,5,6,5,660529,15915,102282,23974,0.12605341528323408,0.6010178244628845
4680,0.4683,9,13,9,660542,15902,102291,23965,0.12595044987960968,0.6011237364236085
4681,0.4684,12,10,12,660552,15892,102303,23953,0.12587124572297553,0.6011544735851424
4682,0.4685,6,19,6,660571,15873,102309,23947,0.12572075782537068,0.6013812154696132
4683,0.4686,11,14,11,660585,15859,102320,23936,0.12560987200608287,0.6014825983163714
4684,0.4687,12,15,12,660600,15844,102332,23924,0.12549106577113167,0.6015892174612754
4685,0.4688,5,16,5,660616,15828,102337,23919,0.12536433912051703,0.6017812665106801
4686,0.4689,7,13,7,660629,15815,102344,23912,0.12526137371689267,0.601908022251869
4687,0.469,6,11,6,660640,15804,102350,23906,0.1251742491445951,0.6020146058927223
4688,0.4691,8,10,8,660650,15794,102358,23898,0.12509504498796098,0.6020860626826564
4689,0.4692,7,11,7,660661,15783,102365,23891,0.12500792041566341,0.6021827897363513
4690,0.4693,11,12,11,660673,15771,102376,23880,0.12491287542770245,0.6022546720133162
4691,0.4694,9,13,9,660686,15758,102385,23871,0.12480991002407807,0.6023619066844987
4692,0.4695,10,12,10,660698,15746,102395,23861,0.12471486503611709,0.6024440124220466
4693,0.4696,13,11,13,660709,15735,102408,23848,0.12462774046381954,0.602480862996741
4694,0.4697,12,11,12,660720,15724,102420,23836,0.12454061589152199,0.6025278058645096
4695,0.4698,9,12,9,660732,15712,102429,23827,0.12444557090356102,0.6026201977794077
4696,0.4699,12,12,12,660744,15700,102441,23815,0.12435052591560006,0.602682525623181
4697,0.47,11,17,11,660761,15683,102452,23804,0.12421587884932202,0.6028313115708968
4698,0.4701,10,10,10,660771,15673,102462,23794,0.12413667469268787,0.602883421592723
4699,0.4702,8,12,8,660783,15661,102470,23786,0.1240416297047269,0.6029862853955941
4700,0.4703,6,12,6,660795,15649,102476,23780,0.12394658471676594,0.6031093864921758
4701,0.4704,7,14,7,660809,15635,102483,23773,0.12383569889747814,0.6032531465692246
4702,0.4705,4,16,4,660825,15619,102487,23769,0.12370897224686352,0.6034579059612064
4703,0.4706,17,15,17,660840,15604,102504,23752,0.1235901660119123,0.6035166175424331
4704,0.4707,10,13,10,660853,15591,102514,23742,0.12348720060828793,0.6036152848752956
4705,0.4708,10,10,10,660863,15581,102524,23732,0.12340799645165379,0.6036679978633022
4706,0.4709,13,7,13,660870,15574,102537,23719,0.12335255354200989,0.603644415035757
4707,0.471,10,13,10,660883,15561,102547,23709,0.1232495881383855,0.6037433155080214
4708,0.4711,13,15,13,660898,15546,102560,23696,0.1231307819034343,0.6038428214667958
4709,0.4712,6,18,6,660916,15528,102566,23690,0.12298821442149284,0.6040593604977307
4710,0.4713,10,16,10,660932,15512,102576,23680,0.12286148777087821,0.6042049397836293
4711,0.4714,13,19,13,660951,15493,102589,23667,0.12271099987327334,0.6043667007150153
4712,0.4715,10,8,10,660959,15485,102599,23657,0.12264763654796604,0.6043891472076031
4713,0.4716,8,9,8,660968,15476,102607,23649,0.12257635280699532,0.6044472843450479
4714,0.4717,9,10,9,660978,15466,102616,23640,0.12249714865036117,0.6045108167544623
4715,0.4718,12,13,12,660991,15453,102628,23628,0.12239418324673679,0.6045904659553235
4716,0.4719,7,7,7,660998,15446,102635,23621,0.1223387403370929,0.6046279468605217
4717,0.472,13,16,13,661014,15430,102648,23608,0.12221201368647827,0.6047440954966955
4718,0.4721,14,5,14,661019,15425,102662,23594,0.1221724116081612,0.6046797713934238
4719,0.4722,7,13,7,661032,15412,102669,23587,0.12206944620453682,0.604810379753327
4720,0.4723,15,5,15,661037,15407,102684,23572,0.12202984412621974,0.604735883424408
4721,0.4724,11,10,11,661047,15397,102695,23561,0.1219506399695856,0.6047795061348118
4722,0.4725,9,12,9,661059,15385,102704,23552,0.12185559498162464,0.6048745409250841
4723,0.4726,14,3,14,661062,15382,102718,23538,0.1218318337346344,0.6047790339157245
4724,0.4727,9,6,9,661068,15376,102727,23529,0.1217843112406539,0.6047808764940239
4725,0.4728,15,12,15,661080,15364,102742,23514,0.12168926625269294,0.6048150625032152
4726,0.4729,12,8,12,661088,15356,102754,23502,0.12162590292738563,0.6048175407895414
4727,0.473,10,11,10,661099,15345,102764,23492,0.12153877835508807,0.6048870922058861
4728,0.4731,10,14,10,661113,15331,102774,23482,0.12142789253580027,0.6050034782160616
4729,0.4732,11,10,11,661123,15321,102785,23471,0.12134868837916614,0.6050474324603011
4730,0.4733,8,9,8,661132,15312,102793,23463,0.12127740463819542,0.6051063829787234
4731,0.4734,7,10,7,661142,15302,102800,23456,0.12119820048156127,0.6051911863357242
4732,0.4735,13,12,13,661154,15290,102813,23443,0.1211031554936003,0.6052461725143934
4733,0.4736,7,10,7,661164,15280,102820,23436,0.12102395133696617,0.6053311292488893
4734,0.4737,5,11,5,661175,15269,102825,23431,0.1209368267646686,0.605452196382429
4735,0.4738,6,12,6,661187,15257,102831,23425,0.12084178177670764,0.6055788221912001
4736,0.4739,7,9,7,661196,15248,102838,23418,0.12077049803573692,0.6056483732478146
4737,0.474,8,13,8,661209,15235,102846,23410,0.12066753263211254,0.6057704748350369
4738,0.4741,8,7,8,661216,15228,102854,23402,0.12061208972246863,0.6057986021227025
4739,0.4742,14,12,14,661228,15216,102868,23388,0.12051704473450767,0.6058439539944047
4740,0.4743,7,6,7,661234,15210,102875,23381,0.12046952224052718,0.6058666528465186
4741,0.4744,6,14,6,661248,15196,102881,23375,0.12035863642123938,0.6060252521324311
4742,0.4745,9,7,9,661255,15189,102890,23366,0.12030319351159549,0.6060433147451693
4743,0.4746,12,11,12,661266,15178,102902,23354,0.12021606893929794,0.606093636458009
4744,0.4747,16,15,16,661281,15163,102918,23338,0.12009726270434673,0.6061660736084777
4745,0.4748,4,15,4,661296,15148,102922,23334,0.11997845646939552,0.6063614157268333
4746,0.4749,9,13,9,661309,15135,102931,23325,0.11987549106577113,0.6064742589703588
4747,0.475,8,11,8,661320,15124,102939,23317,0.11978836649347357,0.6065659061939076
4748,0.4751,8,9,8,661329,15115,102947,23309,0.11971708275250285,0.6066260670414324
4749,0.4752,9,12,9,661341,15103,102956,23300,0.11962203776454189,0.6067234330651251
4750,0.4753,5,8,5,661349,15095,102961,23295,0.11955867443923457,0.6067986454805939
4751,0.4754,11,10,11,661359,15085,102972,23284,0.11947947028260043,0.6068440668247804
4752,0.4755,8,11,8,661370,15074,102980,23276,0.11939234571030288,0.6069361147327249
4753,0.4756,4,11,4,661381,15063,102984,23272,0.11930522113800532,0.607069257858354
4754,0.4757,7,15,7,661396,15048,102991,23265,0.11918641490305411,0.6072351421188631
4755,0.4758,15,15,15,661411,15033,103006,23250,0.1190676086681029,0.6073191756131965
4756,0.4759,12,13,12,661424,15020,103018,23238,0.11896464326447852,0.6074023733598202
4757,0.476,8,13,8,661437,15007,103026,23230,0.11886167786085414,0.6075267411146272
4758,0.4761,11,11,11,661448,14996,103037,23219,0.11877455328855659,0.6075886432029308
4759,0.4762,11,8,11,661456,14988,103048,23208,0.11871118996324927,0.607602890355011
4760,0.4763,15,7,15,661463,14981,103063,23193,0.11865574705360538,0.6075601194530309
4761,0.4764,13,4,13,661467,14977,103076,23180,0.11862406539095172,0.60749010666457
4762,0.4765,8,10,8,661477,14967,103084,23172,0.11854486123431758,0.6075670573428774
4763,0.4766,10,8,10,661485,14959,103094,23162,0.11848149790901026,0.6075916161695654
4764,0.4767,15,12,15,661497,14947,103109,23147,0.1183864529210493,0.6076284979261826
4765,0.4768,6,19,6,661516,14928,103115,23141,0.11823596502344443,0.6078699204076808
4766,0.4769,9,7,9,661523,14921,103124,23132,0.11818052211380053,0.6078889969253409
4767,0.477,9,9,9,661532,14912,103133,23123,0.1181092383728298,0.6079400552123044
4768,0.4771,6,20,6,661552,14892,103139,23117,0.11795083005956153,0.6081980583546003
4769,0.4772,11,8,11,661560,14884,103150,23106,0.11788746673425421,0.6082126875493551
4770,0.4773,9,12,9,661572,14872,103159,23097,0.11779242174629324,0.6083120440359241
4771,0.4774,12,10,12,661582,14862,103171,23085,0.11771321758965911,0.6083484860463277
4772,0.4775,14,12,14,661594,14850,103185,23071,0.11761817260169814,0.6083964030484428
4773,0.4776,14,10,14,661604,14840,103199,23057,0.117538968445064,0.6084122753779982
4774,0.4777,8,13,8,661617,14827,103207,23049,0.11743600304143961,0.6085383884253881
4775,0.4778,7,11,7,661628,14816,103214,23042,0.11734887846914206,0.608642823181362
4776,0.4779,7,4,7,661632,14812,103221,23035,0.1173171968064884,0.6086347662958755
4777,0.478,14,9,14,661641,14803,103235,23021,0.11724591306551768,0.6086347292724196
4778,0.4781,14,12,14,661653,14791,103249,23007,0.11715086807755672,0.6086829991004815
4779,0.4782,11,9,11,661662,14782,103260,22996,0.11707958433658598,0.6087140663878448
4780,0.4783,13,12,13,661674,14770,103273,22983,0.11698453934862502,0.6087728127566021
4781,0.4784,7,6,7,661680,14764,103280,22976,0.11693701685464453,0.6087970323264441
4782,0.4785,6,9,6,661689,14755,103286,22970,0.1168657331136738,0.6088800530152418
4783,0.4786,13,8,13,661697,14747,103299,22957,0.1168023697883665,0.6088743899851474
4784,0.4787,9,13,9,661710,14734,103308,22948,0.1166994043847421,0.6089910302000955
4785,0.4788,12,9,12,661719,14725,103320,22936,0.11662812064377139,0.6090119752529142
4786,0.4789,7,7,7,661726,14718,103327,22929,0.11657267773412748,0.6090525141445533
4787,0.479,10,9,10,661735,14709,103337,22919,0.11650139399315676,0.6090942914850643
4788,0.4791,7,5,7,661740,14704,103344,22912,0.11646179191483969,0.6091025095703956
4789,0.4792,10,9,10,661749,14695,103354,22902,0.11639050817386896,0.6091443466234008
4790,0.4793,7,12,7,661761,14683,103361,22895,0.116295463185908,0.6092660599286817
4791,0.4794,5,11,5,661772,14672,103366,22890,0.11620833861361045,0.6093924711144242
4792,0.4795,20,17,20,661789,14655,103386,22870,0.11607369154733241,0.6094603597601599
4793,0.4796,12,14,12,661803,14641,103398,22858,0.11596280572804461,0.6095629216779114
4794,0.4797,8,19,8,661822,14622,103406,22850,0.11581231783043974,0.6097886421861657
4795,0.4798,15,16,15,661838,14606,103421,22835,0.11568559117982512,0.6098928981597713
4796,0.4799,6,11,6,661849,14595,103427,22829,0.11559846660752757,0.6100096194955109
4797,0.48,10,12,10,661861,14583,103437,22819,0.1155034216195666,0.6101010641142185
4798,0.4801,9,16,9,661877,14567,103446,22810,0.11537669496895198,0.6102683468443161
4799,0.4802,6,18,6,661895,14549,103452,22804,0.11523412748701052,0.610499825984526
4800,0.4803,12,9,12,661904,14540,103464,22792,0.11516284374603979,0.6105218043501554
4801,0.4804,15,11,15,661915,14529,103479,22777,0.11507571917374224,0.6105452206079451
4802,0.4805,8,6,8,661921,14523,103487,22769,0.11502819667976176,0.6105599056097822
4803,0.4806,10,10,10,661931,14513,103497,22759,0.11494899252312761,0.6106192315947628
4804,0.4807,7,11,7,661942,14502,103504,22752,0.11486186795083006,0.6107263649540989
4805,0.4808,12,11,12,661953,14491,103516,22740,0.11477474337853251,0.6107813381322017
4806,0.4809,14,10,14,661963,14481,103530,22726,0.11469553922189836,0.6107990431907975
4807,0.481,18,8,18,661971,14473,103548,22708,0.11463217589659105,0.6107420456684866
4808,0.4811,11,4,11,661975,14469,103559,22697,0.1146004942339374,0.6106925684765646
4809,0.4812,10,11,10,661986,14458,103569,22687,0.11451336966163984,0.6107686095032979
4810,0.4813,15,9,15,661995,14449,103584,22672,0.11444208592066912,0.6107594084211093
4811,0.4814,6,14,6,662009,14435,103590,22666,0.11433120010138131,0.6109269291932832
4812,0.4815,10,10,10,662019,14425,103600,22656,0.11425199594474718,0.6109867587174025
4813,0.4816,10,6,10,662025,14419,103610,22646,0.1142044734507667,0.610980709564279
4814,0.4817,14,7,14,662032,14412,103624,22632,0.1141490305411228,0.6109491415613865
4815,0.4818,7,12,7,662044,14400,103631,22625,0.11405398555316183,0.6110735989196489
4816,0.4819,7,6,7,662050,14394,103638,22618,0.11400646305918134,0.6110991029936237
4817,0.482,16,13,16,662063,14381,103654,22602,0.11390349765555696,0.6111456615201579
4818,0.4821,7,8,7,662071,14373,103661,22595,0.11384013433024966,0.6112042847868426
4819,0.4822,13,18,13,662089,14355,103674,22582,0.1136975668483082,0.6113652976690039
4820,0.4823,6,10,6,662099,14345,103680,22576,0.11361836269167407,0.6114677283930554
4821,0.4824,8,9,8,662108,14336,103688,22568,0.11354707895070333,0.6115326251896813
4822,0.4825,10,12,10,662120,14324,103698,22558,0.11345203396274237,0.6116262675559894
4823,0.4826,7,14,7,662134,14310,103705,22551,0.11334114814345457,0.6117848132172214
4824,0.4827,12,11,12,662145,14299,103717,22539,0.11325402357115702,0.6118410337151854
4825,0.4828,8,11,8,662156,14288,103725,22531,0.11316689899885946,0.6119394877644694
4826,0.4829,5,7,5,662163,14281,103730,22526,0.11311145608921556,0.6120031515744287
4827,0.483,10,18,10,662181,14263,103740,22516,0.11296888860727411,0.6121971777372958
4828,0.4831,11,17,11,662198,14246,103751,22505,0.11283424154099607,0.612364289407091
4829,0.4832,7,9,7,662207,14237,103758,22498,0.11276295780002535,0.6124404518851232
4830,0.4833,7,10,7,662217,14227,103765,22491,0.1126837536433912,0.6125333623835721
4831,0.4834,8,7,8,662224,14220,103773,22483,0.11262831073374731,0.6125657303217721
4832,0.4835,9,13,9,662237,14207,103782,22474,0.11252534533012293,0.6126877675090646
4833,0.4836,10,5,10,662242,14202,103792,22464,0.11248574325180585,0.6126656848306333
4834,0.4837,14,10,14,662252,14192,103806,22450,0.11240653909517172,0.612684897112603
4835,0.4838,12,17,12,662269,14175,103818,22438,0.11227189202889368,0.6128424330155956
4836,0.4839,10,2,10,662271,14173,103828,22428,0.11225605119756685,0.6127701428922707
4837,0.484,9,8,9,662279,14165,103837,22419,0.11219268787225954,0.6128088781981194
4838,0.4841,5,14,5,662293,14151,103842,22414,0.11208180205297175,0.6129905647477095
4839,0.4842,8,10,8,662303,14141,103850,22406,0.1120025978963376,0.6130735764905464
4840,0.4843,10,11,10,662314,14130,103860,22396,0.11191547332404005,0.6131522750917154
4841,0.4844,10,11,10,662325,14119,103870,22386,0.1118283487517425,0.6132310642377756
4842,0.4845,7,12,7,662337,14107,103877,22379,0.11173330376378153,0.6133585484843501
4843,0.4846,12,9,12,662346,14098,103889,22367,0.1116620200228108,0.6133826957356369
4844,0.4847,10,8,10,662354,14090,103899,22357,0.11159865669750349,0.6134112546986035
4845,0.4848,14,14,14,662368,14076,103913,22343,0.1114877708782157,0.6134984486119882
4846,0.4849,6,7,6,662375,14069,103919,22337,0.11143232796857179,0.6135527110915783
4847,0.485,8,15,8,662390,14054,103927,22329,0.11131352173362058,0.6137206937305885
4848,0.4851,12,8,12,662398,14046,103939,22317,0.11125015840831327,0.6137282402442042
4849,0.4852,8,8,8,662406,14038,103947,22309,0.11118679508300595,0.6137783035738851
4850,0.4853,7,6,7,662412,14032,103954,22302,0.11113927258902548,0.613805251279793
4851,0.4854,10,8,10,662420,14024,103964,22292,0.11107590926371816,0.613834122700738
4852,0.4855,7,10,7,662430,14014,103971,22285,0.11099670510708402,0.6139287583679991
4853,0.4856,14,9,14,662439,14005,103985,22271,0.11092542136611329,0.6139320763038923
4854,0.4857,8,10,8,662449,13995,103993,22263,0.11084621720947915,0.6140162171107066
4855,0.4858,6,6,6,662455,13989,103999,22257,0.11079869471549866,0.6140539645754014
4856,0.4859,16,9,16,662464,13980,104015,22241,0.11072741097452794,0.614036056431352
4857,0.486,7,10,7,662474,13970,104022,22234,0.11064820681789381,0.6141310352447243
4858,0.4861,11,13,11,662487,13957,104033,22223,0.11054524141426943,0.6142343836373687
4859,0.4862,8,10,8,662497,13947,104041,22215,0.11046603725763528,0.6143188982910237
4860,0.4863,8,13,8,662510,13934,104049,22207,0.1103630718540109,0.6144544976619352
4861,0.4864,8,7,8,662517,13927,104057,22199,0.110307628944367,0.6144881802579859
4862,0.4865,5,8,5,662525,13919,104062,22194,0.11024426561905969,0.6145709301359621
4863,0.4866,9,12,9,662537,13907,104071,22185,0.11014922063109872,0.614679153274964
4864,0.4867,7,9,7,662546,13898,104078,22178,0.110077936890128,0.6147577336733563
4865,0.4868,13,14,13,662560,13884,104091,22165,0.10996705107084019,0.6148575549945907
4866,0.4869,10,8,10,662568,13876,104101,22155,0.10990368774553289,0.6148871804834726
4867,0.487,5,9,5,662577,13867,104106,22150,0.10983240400456216,0.6149873670766582
4868,0.4871,14,10,14,662587,13857,104120,22136,0.10975319984792802,0.6150084738699192
4869,0.4872,8,10,8,662597,13847,104128,22128,0.10967399569129388,0.6150938151494093
4870,0.4873,3,11,3,662608,13836,104131,22125,0.10958687111899633,0.6152498540085092
4871,0.4874,11,13,11,662621,13823,104142,22114,0.10948390571537195,0.6153546484124996
4872,0.4875,16,6,16,662627,13817,104158,22098,0.10943638322139146,0.6152860921620493
4873,0.4876,5,4,5,662631,13813,104163,22093,0.1094047015587378,0.6153010638890436
4874,0.4877,8,15,8,662646,13798,104171,22085,0.10928589532378659,0.6154725078728088
4875,0.4878,5,12,5,662658,13786,104176,22080,0.10919085033582562,0.6156248257402553
4876,0.4879,8,19,8,662677,13767,104184,22072,0.10904036243822075,0.615865398030079
4877,0.488,13,12,13,662689,13755,104197,22059,0.10894531745025979,0.6159323169710169
4878,0.4881,6,7,6,662696,13748,104203,22053,0.1088898745406159,0.6159883802128432
4879,0.4882,7,13,7,662709,13735,104210,22046,0.1087869091369915,0.6161370559794305
4880,0.4883,11,10,11,662719,13725,104221,22035,0.10870770498035737,0.6161912751677853
4881,0.4884,6,12,6,662731,13713,104227,22029,0.1086126599923964,0.6163337250293772
4882,0.4885,12,11,12,662742,13702,104239,22017,0.10852553542009885,0.6163946359080601
4883,0.4886,12,10,12,662752,13692,104251,22005,0.1084463312634647,0.6164383561643836
4884,0.4887,7,12,7,662764,13680,104258,21998,0.10835128627550374,0.6165704355625315
4885,0.4888,10,8,10,662772,13672,104268,21988,0.10828792295019643,0.6166012338754907
4886,0.4889,15,13,15,662785,13659,104283,21973,0.10818495754657205,0.616664795689268
4887,0.489,5,15,5,662800,13644,104288,21968,0.10806615131162084,0.6168707177355948
4888,0.4891,10,6,10,662806,13638,104298,21958,0.10801862881764035,0.6168670637150242
4889,0.4892,6,9,6,662815,13629,104304,21952,0.10794734507666963,0.6169584890812513
4890,0.4893,7,10,7,662825,13619,104311,21945,0.10786814092003548,0.6170565740636599
4891,0.4894,9,10,9,662835,13609,104320,21936,0.10778893676340134,0.617133211422141
4892,0.4895,5,12,5,662847,13597,104325,21931,0.10769389177544038,0.6172877730240937
4893,0.4896,13,12,13,662859,13585,104338,21918,0.10759884678747941,0.6173562797510069
4894,0.4897,16,10,16,662869,13575,104354,21902,0.10751964263084526,0.61735772472306
4895,0.4898,15,7,15,662876,13568,104369,21887,0.10746419972120137,0.6173177266958116
4896,0.4899,9,11,9,662887,13557,104378,21878,0.10737707514890381,0.6174121631155637
4897,0.49,9,7,9,662894,13550,104387,21869,0.10732163223925992,0.6174369688585223
4898,0.4901,8,17,8,662911,13533,104395,21861,0.10718698517298188,0.6176470588235294
4899,0.4902,10,12,10,662923,13521,104405,21851,0.10709194018502091,0.6177485016397151
4900,0.4903,8,10,8,662933,13511,104413,21843,0.10701273602838678,0.6178367370028851
4901,0.4904,7,11,7,662944,13500,104420,21836,0.10692561145608921,0.6179533620104143
4902,0.4905,15,8,15,662952,13492,104435,21821,0.1068622481307819,0.6179310735423216
4903,0.4906,6,16,6,662968,13476,104441,21815,0.10673552148016728,0.6181462695871469
4904,0.4907,11,9,11,662977,13467,104452,21804,0.10666423773919655,0.6181849111167815
4905,0.4908,5,9,5,662986,13458,104457,21799,0.10659295399822583,0.6182885668094279
4906,0.4909,10,10,10,662996,13448,104467,21789,0.10651374984159169,0.6183557056503107
4907,0.491,8,11,8,663007,13437,104475,21781,0.10642662526929414,0.618462150036913
4908,0.4911,11,9,11,663016,13428,104486,21770,0.1063553415283234,0.6185010511960907
4909,0.4912,11,15,11,663031,13413,104497,21759,0.1062365352933722,0.6186455134766291
4910,0.4913,10,7,10,663038,13406,104507,21749,0.1061810923837283,0.61866021903001
4911,0.4914,11,16,11,663054,13390,104518,21738,0.10605436573311368,0.6188225916647688
4912,0.4915,9,4,9,663058,13386,104527,21729,0.10602268407046002,0.6187953865869287
4913,0.4916,9,6,9,663064,13380,104536,21720,0.10597516157647953,0.6188034188034188
4914,0.4917,8,14,8,663078,13366,104544,21712,0.10586427575719173,0.6189634528764468
4915,0.4918,7,6,7,663084,13360,104551,21705,0.10581675326321126,0.6189932981605589
4916,0.4919,6,10,6,663094,13350,104557,21699,0.10573754910657711,0.6191046820166053
4917,0.492,13,11,13,663105,13339,104570,21686,0.10565042453427956,0.619157744468237
4918,0.4921,10,6,10,663111,13333,104580,21676,0.10560290204029907,0.6191550744094376
4919,0.4922,9,5,9,663116,13328,104589,21667,0.10556329996198201,0.619145592227461
4920,0.4923,6,10,6,663126,13318,104595,21661,0.10548409580534786,0.6192572686469024
4921,0.4924,10,14,10,663140,13304,104605,21651,0.10537320998606006,0.6193963667572593
4922,0.4925,8,9,8,663149,13295,104613,21643,0.10530192624508934,0.6194687732554811
4923,0.4926,7,16,7,663165,13279,104620,21636,0.10517519959447472,0.6196763568666762
4924,0.4927,10,10,10,663175,13269,104630,21626,0.10509599543784058,0.6197449491331136
4925,0.4928,6,4,6,663179,13265,104636,21620,0.10506431377518692,0.6197506091443313
4926,0.4929,9,11,9,663190,13254,104645,21611,0.10497718920288937,0.6198479850853291
4927,0.493,11,11,11,663201,13243,104656,21600,0.10489006463059182,0.6199236575495796
4928,0.4931,5,10,5,663211,13233,104661,21595,0.10481086047395767,0.620047088549443
4929,0.4932,10,14,10,663225,13219,104671,21585,0.10469997465466988,0.6201873347891047
4930,0.4933,8,9,8,663234,13210,104679,21577,0.10462869091369915,0.6202604421191824
4931,0.4934,11,6,11,663240,13204,104690,21566,0.10458116841971866,0.620247339660627
4932,0.4935,8,10,8,663250,13194,104698,21558,0.10450196426308453,0.6203383977900553
4933,0.4936,12,5,12,663255,13189,104710,21546,0.10446236218476745,0.6202965308766374
4934,0.4937,9,8,9,663263,13181,104719,21537,0.10439899885946015,0.62034103346967
4935,0.4938,11,9,11,663272,13172,104730,21526,0.10432771511848941,0.6203815781889446
4936,0.4939,16,11,16,663283,13161,104746,21510,0.10424059054619186,0.6204032188284156
4937,0.494,9,10,9,663293,13151,104755,21501,0.10416138638955773,0.620483666166455
4938,0.4941,5,9,5,663302,13142,104760,21496,0.104090102648587,0.6205901033546971
4939,0.4942,6,11,6,663313,13131,104766,21490,0.10400297807628944,0.6207215273966668
4940,0.4943,7,12,7,663325,13119,104773,21483,0.10390793308832848,0.6208600658921449
4941,0.4944,5,7,5,663332,13112,104778,21478,0.10385249017868457,0.6209309048858052
4942,0.4945,6,13,6,663345,13099,104784,21472,0.10374952477506019,0.621098608660438
4943,0.4946,12,9,12,663354,13090,104796,21460,0.10367824103408947,0.6211287988422576
4944,0.4947,9,14,9,663368,13076,104805,21451,0.10356735521480168,0.6212818953282938
4945,0.4948,14,8,14,663376,13068,104819,21437,0.10350399188949436,0.6212722793798
4946,0.4949,5,7,5,663383,13061,104824,21432,0.10344854897985047,0.6213434609920854
4947,0.495,7,4,7,663387,13057,104831,21425,0.1034168673171968,0.6213386694507279
4948,0.4951,13,8,13,663395,13049,104844,21412,0.1033535039918895,0.6213400655813819
4949,0.4952,6,5,6,663400,13044,104850,21406,0.10331390191357243,0.6213642960812772
4950,0.4953,8,3,8,663403,13041,104858,21398,0.10329014066658218,0.6213304683643543
4951,0.4954,6,13,6,663416,13028,104864,21392,0.1031871752629578,0.6214991284137129
4952,0.4955,9,7,9,663423,13021,104873,21383,0.1031317323533139,0.6215265666782932
4953,0.4956,14,9,14,663432,13012,104887,21369,0.10306044861234318,0.6215351502283237
4954,0.4957,11,12,11,663444,13000,104898,21358,0.10296540362438221,0.6216310611793469
4955,0.4958,10,12,10,663456,12988,104908,21348,0.10287035863642124,0.6217381174277726
4956,0.4959,12,10,12,663466,12978,104920,21336,0.1027911544797871,0.6217870257037944
4957,0.496,10,13,10,663479,12965,104930,21326,0.10268818907616271,0.6219124551631623
4958,0.4961,5,11,5,663490,12954,104935,21321,0.10260106450386516,0.6220568927789935
4959,0.4962,6,7,6,663497,12947,104941,21315,0.10254562159422126,0.622117798143716
4960,0.4963,12,9,12,663506,12938,104953,21303,0.10247433785325054,0.6221488858386145
4961,0.4964,14,14,14,663520,12924,104967,21289,0.10236345203396274,0.6222488527752609
4962,0.4965,7,13,7,663533,12911,104974,21282,0.10226048663033836,0.6224080952241687
4963,0.4966,7,7,7,663540,12904,104981,21275,0.10220504372069446,0.62245823458849
4964,0.4967,9,8,9,663548,12896,104990,21266,0.10214168039538715,0.6225045372050817
4965,0.4968,7,7,7,663555,12889,104997,21259,0.10208623748574325,0.6225547616258639
4966,0.4969,10,3,10,663558,12886,105007,21249,0.10206247623875302,0.6224989014208291
4967,0.497,13,8,13,663566,12878,105020,21236,0.1019991129134457,0.6225010259717418
4968,0.4971,5,13,5,663579,12865,105025,21231,0.10189614750982132,0.622683012670108
4969,0.4972,8,8,8,663587,12857,105033,21223,0.101832784184514,0.6227406103286385
4970,0.4973,15,13,15,663600,12844,105048,21208,0.10172981878088962,0.6228121696229296
4971,0.4974,10,12,10,663612,12832,105058,21198,0.10163477379292865,0.6229209521010872
4972,0.4975,9,11,9,663623,12821,105067,21189,0.1015476492206311,0.6230226403998824
4973,0.4976,8,13,8,663636,12808,105075,21181,0.10144468381700672,0.6231722027714849
4974,0.4977,8,11,8,663647,12797,105083,21173,0.10135755924470916,0.62328525169267
4975,0.4978,5,6,5,663653,12791,105088,21168,0.10131003675072868,0.6233399098913396
4976,0.4979,9,6,9,663659,12785,105097,21159,0.10126251425674819,0.6233502238981853
4977,0.498,17,7,17,663666,12778,105114,21142,0.1012070713471043,0.6232900943396227
4978,0.4981,10,9,10,663675,12769,105124,21132,0.10113578760613356,0.6233444441166928
4979,0.4982,6,13,6,663688,12756,105130,21126,0.10103282220250918,0.6235169116344962
4980,0.4983,5,7,5,663695,12749,105135,21121,0.1009773792928653,0.6235901978151757
4981,0.4984,13,6,13,663701,12743,105148,21108,0.1009298567988848,0.6235561726389176
4982,0.4985,14,5,14,663706,12738,105162,21094,0.10089025472056773,0.6234925514305982
4983,0.4986,7,8,7,663714,12730,105169,21087,0.10082689139526042,0.6235621137297809
4984,0.4987,8,4,8,663718,12726,105177,21079,0.10079520973260676,0.6235468126016861
4985,0.4988,10,19,10,663737,12707,105187,21069,0.10064472183500191,0.6237861203221222
4986,0.4989,8,7,8,663744,12700,105195,21061,0.100589278925358,0.623826308462427
4987,0.499,13,8,13,663752,12692,105208,21048,0.1005259156000507,0.6238292827504446
4988,0.4991,9,7,9,663759,12685,105217,21039,0.10047047269040679,0.6238583797888744
4989,0.4992,6,12,6,663771,12673,105223,21033,0.10037542770244583,0.6240135287485907
4990,0.4993,10,7,10,663778,12666,105233,21023,0.10031998479280192,0.6240315830092908
4991,0.4994,5,12,5,663790,12654,105238,21018,0.10022493980484096,0.6241981468282253
4992,0.4995,6,12,6,663802,12642,105244,21012,0.10012989481687999,0.6243537172401498
4993,0.4996,11,13,11,663815,12629,105255,21001,0.10002692941325561,0.6244721974427594
4994,0.4997,9,6,9,663821,12623,105264,20992,0.09997940691927512,0.6244831176558084
4995,0.4998,13,6,13,663827,12617,105277,20979,0.09993188442529465,0.6244493392070485
4996,0.4999,14,11,14,663838,12606,105291,20965,0.09984475985299708,0.6244973340085193
4997,0.5,8,12,8,663850,12594,105299,20957,0.09974971486503612,0.6246311585347679
4998,0.5001,5,12,5,663862,12582,105304,20952,0.09965466987707515,0.6247987117552335
4999,0.5002,8,12,8,663874,12570,105312,20944,0.09955962488911418,0.6249328638777825
5000,0.5003,10,10,10,663884,12560,105322,20934,0.09948042073248003,0.6250074640234071
5001,0.5004,10,4,10,663888,12556,105332,20924,0.09944873906982639,0.6249701314217443
5002,0.5005,6,8,6,663896,12548,105338,20918,0.09938537574451907,0.6250522918783242
5003,0.5006,10,10,10,663906,12538,105348,20908,0.09930617158788493,0.6251270705017042
5004,0.5007,10,6,10,663912,12532,105358,20898,0.09925864909390444,0.6251271313191744
5005,0.5008,5,11,5,663923,12521,105363,20893,0.0991715245216069,0.6252768300712276
5006,0.5009,12,13,12,663936,12508,105375,20881,0.09906855911798251,0.6253856060379167
5007,0.501,7,13,7,663949,12495,105382,20874,0.09896559371435813,0.6255506607929515
5008,0.5011,13,9,13,663958,12486,105395,20861,0.0988943099733874,0.6255735148589079
5009,0.5012,12,8,12,663966,12478,105407,20849,0.09883094664808009,0.625588861883758
5010,0.5013,7,9,7,663975,12469,105414,20842,0.09875966290710937,0.6256792050673952
5011,0.5014,15,8,15,663983,12461,105429,20827,0.09869629958180205,0.6256608988223985
5012,0.5015,7,4,7,663987,12457,105436,20820,0.09866461791914839,0.6256573609399886
5013,0.5016,9,5,9,663992,12452,105445,20811,0.09862501584083133,0.625650121756907
5014,0.5017,7,10,7,664002,12442,105452,20804,0.09854581168419718,0.6257594898634422
5015,0.5018,6,8,6,664010,12434,105458,20798,0.09848244835888988,0.6258425613866153
5016,0.5019,10,11,10,664021,12423,105468,20788,0.09839532378659233,0.6259371894854114
5017,0.502,11,10,11,664031,12413,105479,20777,0.09831611962995818,0.6260018077734257
5018,0.5021,9,5,9,664036,12408,105488,20768,0.09827651755164112,0.6259946949602122
5019,0.5022,12,12,12,664048,12396,105500,20756,0.09818147256368014,0.6260859073359073
5020,0.5023,7,4,7,664052,12392,105507,20749,0.09814979090102649,0.6260824960019311
5021,0.5024,7,7,7,664059,12385,105514,20742,0.09809434799138259,0.6261357804811785
5022,0.5025,7,14,7,664073,12371,105521,20735,0.09798346217209479,0.6263215127167281
5023,0.5026,7,9,7,664082,12362,105528,20728,0.09791217843112407,0.6264128135388335
5024,0.5027,5,9,5,664091,12353,105533,20723,0.09784089469015333,0.62652678679405
5025,0.5028,5,12,5,664103,12341,105538,20718,0.09774584970219237,0.6266977222541517
5026,0.5029,7,8,7,664111,12333,105545,20711,0.09768248637688506,0.6267703667836824
5027,0.503,6,9,6,664120,12324,105551,20705,0.09761120263591433,0.6268733537194586
5028,0.5031,9,7,9,664127,12317,105560,20696,0.09755575972627044,0.6269045527519462
5029,0.5032,15,14,15,664141,12303,105575,20681,0.09744487390698264,0.6270009701673539
5030,0.5033,8,11,8,664152,12292,105583,20673,0.09735774933468508,0.6271196723797967
5031,0.5034,11,15,11,664167,12277,105594,20662,0.09723894309973387,0.6272807310483014
5032,0.5035,4,9,4,664176,12268,105598,20658,0.09716765935876315,0.6274069124703882
5033,0.5036,14,7,14,664183,12261,105612,20644,0.09711221644911924,0.6273818568606595
5034,0.5037,6,4,6,664187,12257,105618,20638,0.0970805347864656,0.6273901808785529
5035,0.5038,9,7,9,664194,12250,105627,20629,0.09702509187682169,0.6274217585692996
5036,0.5039,10,9,10,664203,12241,105637,20619,0.09695380813585097,0.6274802191113816
5037,0.504,7,4,7,664207,12237,105644,20612,0.09692212647319731,0.627477244360559
5038,0.5041,9,8,9,664215,12229,105653,20603,0.09685876314789,0.6275280214424951
5039,0.5042,10,14,10,664229,12215,105663,20593,0.09674787732860221,0.627682272616435
5040,0.5043,17,8,17,664237,12207,105680,20576,0.09668451400329489,0.6276423756215112
5041,0.5044,12,10,12,664247,12197,105692,20564,0.09660530984666076,0.6276975672293276
5042,0.5045,6,5,6,664252,12192,105698,20558,0.09656570776834368,0.6277251908396947
5043,0.5046,9,13,9,664265,12179,105707,20549,0.0964627423647193,0.62787215839648
5044,0.5047,2,7,2,664272,12172,105709,20547,0.0964072994550754,0.6279837403343623
5045,0.5048,8,6,8,664278,12166,105717,20539,0.09635977696109492,0.6280079498547623
5046,0.5049,12,11,12,664289,12155,105729,20527,0.09627265238879737,0.6280827366746221
5047,0.505,7,9,7,664298,12146,105736,20520,0.09620136864782663,0.6281760852262291
5048,0.5051,11,14,11,664312,12132,105747,20509,0.09609048282853884,0.628320210777856
5049,0.5052,8,7,8,664319,12125,105755,20501,0.09603503991889495,0.6283638815668485
5050,0.5053,11,10,11,664329,12115,105766,20490,0.0959558357622608,0.6284312222051832
5051,0.5054,9,5,9,664334,12110,105775,20481,0.09591623368394374,0.6284250253137369
5052,0.5055,8,11,8,664345,12099,105783,20473,0.09582910911164617,0.6285459904212207
5053,0.5056,11,5,11,664350,12094,105794,20462,0.09578950703332911,0.6285170168325347
5054,0.5057,11,15,11,664365,12079,105805,20451,0.0956707007983779,0.628681217337842
5055,0.5058,5,7,5,664372,12072,105810,20446,0.095615257888734,0.6287594563011255
5056,0.5059,9,7,9,664379,12065,105819,20437,0.09555981497909011,0.6287920743338872
5057,0.506,10,7,10,664386,12058,105829,20427,0.0955043720694462,0.6288132984454363
5058,0.5061,8,12,8,664398,12046,105837,20419,0.09540932708148524,0.6289542584321577
5059,0.5062,7,5,7,664403,12041,105844,20412,0.09536972500316816,0.6289711274766585
5060,0.5063,12,8,12,664411,12033,105856,20400,0.09530636167786086,0.6289889926926279
5061,0.5064,8,7,8,664418,12026,105864,20392,0.09525091876821695,0.6290332531309766
5062,0.5065,9,7,9,664425,12019,105873,20383,0.09519547585857306,0.6290661070304302
5063,0.5066,3,12,3,664437,12007,105876,20380,0.0951004308706121,0.6292648284805632
5064,0.5067,10,11,10,664448,11996,105886,20370,0.09501330629831453,0.6293641475622567
5065,0.5068,10,13,10,664461,11983,105896,20360,0.09491034089469015,0.6295025198651949
5066,0.5069,11,12,11,664473,11971,105907,20349,0.09481529590672919,0.6296101485148515
5067,0.507,9,10,9,664483,11961,105916,20340,0.09473609175009505,0.6297018668152689
5068,0.5071,9,4,9,664487,11957,105925,20331,0.09470441008744139,0.6296766600594648
5069,0.5072,8,10,8,664497,11947,105933,20323,0.09462520593080725,0.6297799814068794
5070,0.5073,7,9,7,664506,11938,105940,20316,0.09455392218983652,0.6298753642959013
5071,0.5074,8,7,8,664513,11931,105948,20308,0.09449847928019263,0.6299202828871864
5072,0.5075,8,10,8,664523,11921,105956,20300,0.09441927512355848,0.6300238974581794
5073,0.5076,4,7,4,664530,11914,105960,20296,0.09436383221391459,0.6301148711580254
5074,0.5077,7,11,7,664541,11903,105967,20289,0.09427670764161704,0.6302497514910537
5075,0.5078,12,7,12,664548,11896,105979,20277,0.09422126473197313,0.6302489665247257
5076,0.5079,8,5,8,664553,11891,105987,20269,0.09418166265365606,0.6302549751243781
5077,0.508,5,14,5,664567,11877,105992,20264,0.09407077683436826,0.6304719828256744
5078,0.5081,10,6,10,664573,11871,106002,20254,0.09402325434038779,0.6304747081712062
5079,0.5082,11,9,11,664582,11862,106013,20243,0.09395197059941705,0.630524840367544
5080,0.5083,11,5,11,664587,11857,106024,20232,0.09391236852109999,0.6304964317990589
5081,0.5084,8,15,8,664602,11842,106032,20224,0.09379356228614878,0.6306991829351961
5082,0.5085,11,7,11,664609,11835,106043,20213,0.09373811937650488,0.6307101847229156
5083,0.5086,9,9,9,664618,11826,106052,20204,0.09366683563553416,0.6307836403371839
5084,0.5087,9,6,9,664624,11820,106061,20195,0.09361931314155367,0.6307980634077776
5085,0.5088,9,4,9,664628,11816,106070,20186,0.09358763147890001,0.6307730766827073
5086,0.5089,2,13,2,664641,11803,106072,20184,0.09348466607527563,0.6310063463281959
5087,0.509,8,10,8,664651,11793,106080,20176,0.09340546191864149,0.631111389158247
5088,0.5091,8,10,8,664661,11783,106088,20168,0.09332625776200736,0.6312165503427123
5089,0.5092,9,7,9,664668,11776,106097,20159,0.09327081485236345,0.6312509785501801
5090,0.5093,10,6,10,664674,11770,106107,20149,0.09322329235838296,0.6312541119709264
5091,0.5094,9,9,9,664683,11761,106116,20140,0.09315200861741224,0.631328171530673
5092,0.5095,16,5,16,664688,11756,106132,20124,0.09311240653909517,0.6312421580928482
5093,0.5096,10,10,10,664698,11746,106142,20114,0.09303320238246103,0.6313245448838669
5094,0.5097,11,8,11,664706,11738,106153,20103,0.09296983905715372,0.6313557991269119
5095,0.5098,6,9,6,664715,11729,106159,20097,0.09289855531618299,0.6314648400678691
5096,0.5099,6,9,6,664724,11720,106165,20091,0.09282727157521227,0.6315739838420672
5097,0.51,13,6,13,664730,11714,106178,20078,0.09277974908123178,0.6315425264217414
5098,0.5101,8,8,8,664738,11706,106186,20070,0.09271638575592447,0.6316087613293051
5099,0.5102,6,10,6,664748,11696,106192,20064,0.09263718159929032,0.6317380352644836
5100,0.5103,8,8,8,664756,11688,106200,20056,0.09257381827398302,0.631804435483871
5101,0.5104,11,11,11,664767,11677,106211,20045,0.09248669370168547,0.6318958451547821
5102,0.5105,10,5,10,664772,11672,106221,20035,0.0924470916233684,0.6318793957170341
5103,0.5106,8,11,8,664783,11661,106229,20027,0.09235996705107084,0.6320058066144912
5104,0.5107,8,7,8,664790,11654,106237,20019,0.09230452414142694,0.6320525368610489
5105,0.5108,13,11,13,664801,11643,106250,20006,0.09221739956912939,0.6321210780751366
5106,0.5109,4,16,4,664817,11627,106254,20002,0.09209067291851476,0.6323943216668247
5107,0.511,15,9,15,664826,11618,106269,19987,0.09201938917754404,0.6323999367188736
5108,0.5111,9,15,9,664841,11603,106278,19978,0.09190058294259283,0.6325955479560496
5109,0.5112,14,7,14,664848,11596,106292,19964,0.09184514003294893,0.6325728770595691
5110,0.5113,11,12,11,664860,11584,106303,19953,0.09175009504498796,0.6326854171290864
5111,0.5114,9,8,9,664868,11576,106312,19944,0.09168673171968064,0.632741116751269
5112,0.5115,10,14,10,664882,11562,106322,19934,0.09157584590039285,0.6329057658115316
5113,0.5116,4,9,4,664891,11553,106326,19930,0.09150456215942213,0.633040053362132
5114,0.5117,12,14,12,664905,11539,106338,19918,0.09139367634013433,0.6331818037320787
5115,0.5118,9,12,9,664917,11527,106347,19909,0.09129863135217337,0.6333184883572973
5116,0.5119,12,7,12,664924,11520,106359,19897,0.09124318844252946,0.6333195403762294
5117,0.512,2,11,2,664935,11509,106361,19895,0.09115606387023191,0.6335180231817603
5118,0.5121,14,6,14,664941,11503,106375,19881,0.09110854137625142,0.6334756563854194
5119,0.5122,7,16,7,664957,11487,106382,19874,0.0909818147256368,0.6337170370842766
5120,0.5123,7,8,7,664965,11479,106389,19867,0.09091845140032949,0.6337969756906783
5121,0.5124,10,6,10,664971,11473,106399,19857,0.090870928906349,0.6338014682413022
5122,0.5125,6,10,6,664981,11463,106405,19851,0.09079172474971486,0.6339337037746695
5123,0.5126,9,7,9,664988,11456,106414,19842,0.09073628184007097,0.6339702217394083
5124,0.5127,6,5,6,664993,11451,106420,19836,0.0906966797617539,0.6340013424105858
5125,0.5128,7,6,7,664999,11445,106427,19829,0.09064915726777341,0.6340410564686321
5126,0.5129,8,6,8,665005,11439,106435,19821,0.09060163477379293,0.6340690978886756
5127,0.513,7,7,7,665012,11432,106442,19814,0.09054619186414903,0.6341291685335723
5128,0.5131,11,12,11,665024,11420,106453,19803,0.09045114687618806,0.6342439868045991
5129,0.5132,7,5,7,665029,11415,106460,19796,0.09041154479787099,0.6342635609240332
5130,0.5133,6,8,6,665037,11407,106466,19790,0.09034818147256368,0.6343558675513671
5131,0.5134,10,6,10,665043,11401,106476,19780,0.09030065897858319,0.6343606683557295
5132,0.5135,11,9,11,665052,11392,106487,19769,0.09022937523761247,0.6344148133885306
5133,0.5136,9,5,9,665057,11387,106496,19760,0.0901897731592954,0.6344110187176936
5134,0.5137,5,14,5,665071,11373,106501,19755,0.0900788873400076,0.6346376252891287
5135,0.5138,6,12,6,665083,11361,106507,19749,0.08998384235204664,0.6348119575699133
5136,0.5139,9,11,9,665094,11350,106516,19740,0.08989671777974909,0.6349308459311676
5137,0.514,7,7,7,665101,11343,106523,19733,0.08984127487010518,0.6349916334148539
5138,0.5141,7,5,7,665106,11338,106530,19726,0.0898016727917881,0.6350115889775947
5139,0.5142,3,6,3,665112,11332,106533,19723,0.08975415029780763,0.6350990178715182
5140,0.5143,5,9,5,665121,11323,106538,19718,0.0896828665568369,0.6352243806578396
5141,0.5144,9,6,9,665127,11317,106547,19709,0.08963534406285642,0.635241410429962
5142,0.5145,7,9,7,665136,11308,106554,19702,0.08956406032188569,0.6353434376007739
5143,0.5146,11,8,11,665144,11300,106565,19691,0.08950069699657838,0.6353780129715079
5144,0.5147,7,2,7,665146,11298,106572,19684,0.08948485616525155,0.6353366470854044
5145,0.5148,6,8,6,665154,11290,106578,19678,0.08942149283994424,0.6354301214156549
5146,0.5149,9,8,9,665162,11282,106587,19669,0.08935812951463692,0.635488352557268
5147,0.515,17,11,17,665173,11271,106604,19652,0.08927100494233937,0.6355140186915887
5148,0.5151,8,5,8,665178,11266,106612,19644,0.0892314028640223,0.6355224846328049
5149,0.5152,11,5,11,665183,11261,106623,19633,0.08919180078570524,0.6354955654819706
5150,0.5153,8,11,8,665194,11250,106631,19625,0.08910467621340767,0.6356275303643725
5151,0.5154,5,7,5,665201,11243,106636,19620,0.08904923330376378,0.6357126656514273
5152,0.5155,14,10,14,665211,11233,106650,19606,0.08897002914712965,0.6357534290995168
5153,0.5156,5,12,5,665223,11221,106655,19601,0.08887498415916867,0.6359418597105964
5154,0.5157,9,9,9,665232,11212,106664,19592,0.08880370041819795,0.6360212959355928
5155,0.5158,10,5,10,665237,11207,106674,19582,0.08876409833988087,0.6360063659099029
5156,0.5159,8,6,8,665243,11201,106682,19574,0.0887165758459004,0.6360357432981316
5157,0.516,5,10,5,665253,11191,106687,19569,0.08863737168926625,0.6361833550065019
5158,0.5161,8,7,8,665260,11184,106695,19561,0.08858192877962236,0.6362335339079526
5159,0.5162,13,9,13,665269,11175,106708,19548,0.08851064503865162,0.6362659896494482
5160,0.5163,12,9,12,665278,11166,106720,19536,0.0884393612976809,0.6363103380887238
5161,0.5164,14,8,14,665286,11158,106734,19522,0.0883759979723736,0.636310299869622
5162,0.5165,7,7,7,665293,11151,106741,19515,0.08832055506272969,0.6363725298376052
5163,0.5166,11,13,11,665306,11138,106752,19504,0.08821758965910531,0.6365119770249984
5164,0.5167,13,10,13,665316,11128,106765,19491,0.08813838550247118,0.6365655312061138
5165,0.5168,7,12,7,665328,11116,106772,19484,0.0880433405145102,0.6367320261437909
5166,0.5169,9,7,9,665335,11109,106781,19475,0.0879878976048663,0.6367708605806958
5167,0.517,3,6,3,665341,11103,106784,19472,0.08794037511088582,0.6368601798855273
5168,0.5171,7,10,7,665351,11093,106791,19465,0.08786117095425168,0.6369854048039794
5169,0.5172,8,11,8,665362,11082,106799,19457,0.08777404638195413,0.6371197485182881
5170,0.5173,10,7,10,665369,11075,106809,19447,0.08771860347231022,0.6371469759517725
5171,0.5174,14,7,14,665376,11068,106823,19433,0.08766316056266633,0.6371266515851939
5172,0.5175,3,5,3,665381,11063,106826,19430,0.08762355848434926,0.6371954219001082
5173,0.5176,6,6,6,665387,11057,106832,19424,0.08757603599036877,0.6372494340736853
5174,0.5177,9,7,9,665394,11050,106841,19415,0.08752059308072488,0.6372886919415723
5175,0.5178,8,12,8,665406,11038,106849,19407,0.08742554809276391,0.6374445721793398
5176,0.5179,8,10,8,665416,11028,106857,19399,0.08734634393612976,0.6375587471653466
5177,0.518,11,12,11,665428,11016,106868,19388,0.0872512989481688,0.637679252729904
5178,0.5181,4,11,4,665439,11005,106872,19384,0.08716417437587125,0.6378623844154134
5179,0.5182,13,7,13,665446,10998,106885,19371,0.08710873146622734,0.637854390990813
5180,0.5183,16,6,16,665452,10992,106901,19355,0.08706120897224687,0.6377895673377929
5181,0.5184,3,6,3,665458,10986,106904,19352,0.08701368647826638,0.637879886610851
5182,0.5185,5,5,5,665463,10981,106909,19347,0.0869740843999493,0.6379253495120021
5183,0.5186,11,11,11,665474,10970,106920,19336,0.08688695982765175,0.6380254735035966
5184,0.5187,6,6,6,665480,10964,106926,19330,0.08683943733367128,0.6380801478840694
5185,0.5188,7,13,7,665493,10951,106933,19323,0.08673647193004688,0.6382704631036533
5186,0.5189,12,7,12,665500,10944,106945,19311,0.08668102902040299,0.6382746653445711
5187,0.519,8,10,8,665510,10934,106953,19303,0.08660182486376886,0.6383900519231406
5188,0.5191,12,9,12,665519,10925,106965,19291,0.08653054112279812,0.638436589886153
5189,0.5192,3,14,3,665533,10911,106968,19288,0.08641965530351033,0.6386966455842908
5190,0.5193,7,7,7,665540,10904,106975,19281,0.08636421239386644,0.6387609739937055
5191,0.5194,4,11,4,665551,10893,106979,19277,0.08627708782156887,0.6389459728206828
5192,0.5195,8,8,8,665559,10885,106987,19269,0.08621372449626157,0.6390196988790874
5193,0.5196,5,14,5,665573,10871,106992,19264,0.08610283867697377,0.6392566782810686
5194,0.5197,11,7,11,665580,10864,107003,19253,0.08604739576732987,0.6392735000166019
5195,0.5198,6,8,6,665588,10856,107009,19247,0.08598403244202256,0.6393714912135003
5196,0.5199,7,7,7,665595,10849,107016,19240,0.08592858953237865,0.639436338861378
5197,0.52,6,4,6,665599,10845,107022,19234,0.08589690786972501,0.63944944978224
5198,0.5201,10,6,10,665605,10839,107032,19224,0.08584938537574452,0.6394571400059874
5199,0.5202,6,6,6,665611,10833,107038,19218,0.08580186288176403,0.6395128281920734
5200,0.5203,12,6,12,665617,10827,107050,19206,0.08575434038778355,0.63949655379083
5201,0.5204,8,7,8,665624,10820,107058,19198,0.08569889747813965,0.6395496035711906
5202,0.5205,5,6,5,665630,10814,107063,19193,0.08565137498415917,0.639617422601393
5203,0.5206,10,11,10,665641,10803,107073,19183,0.08556425041186161,0.6397318748749417
5204,0.5207,11,11,11,665652,10792,107084,19172,0.08547712583956406,0.6398344680283006
5205,0.5208,11,10,11,665662,10782,107095,19161,0.08539792168292992,0.6399158400961827
5206,0.5209,15,10,15,665672,10772,107110,19146,0.08531871752629577,0.6399491944648706
5207,0.521,8,10,8,665682,10762,107118,19138,0.08523951336966164,0.640066889632107
5208,0.5211,12,7,12,665689,10755,107130,19126,0.08518407046001775,0.6400722867373917
5209,0.5212,11,5,11,665694,10750,107141,19115,0.08514446838170067,0.6400468776159384
5210,0.5213,4,8,4,665702,10742,107145,19111,0.08508110505639337,0.64017016715238
5211,0.5214,4,7,4,665709,10735,107149,19107,0.08502566214674946,0.6402720997252195
5212,0.5215,11,3,11,665712,10732,107160,19096,0.08500190089975922,0.6402038353225158
5213,0.5216,3,9,3,665721,10723,107163,19093,0.0849306171587885,0.640360880064395
5214,0.5217,9,6,9,665727,10717,107172,19084,0.084883094664808,0.640381195261904
5215,0.5218,13,5,13,665732,10712,107185,19071,0.08484349258649095,0.6403317328677434
5216,0.5219,9,7,9,665739,10705,107194,19062,0.08478804967684704,0.6403735680451507
5217,0.522,9,6,9,665745,10699,107203,19053,0.08474052718286655,0.6403939230976069
5218,0.5221,9,4,9,665749,10695,107212,19044,0.0847088455202129,0.6403712296983759
5219,0.5222,7,5,7,665754,10690,107219,19037,0.08466924344189583,0.6403942543815386
5220,0.5223,9,12,9,665766,10678,107228,19028,0.08457419845393487,0.640543997845553
5221,0.5224,6,6,6,665772,10672,107234,19022,0.08452667595995438,0.6406007947733549
5222,0.5225,12,6,12,665778,10666,107246,19010,0.0844791534659739,0.6405849844992587
5223,0.5226,9,7,9,665785,10659,107255,19001,0.08442371055633,0.6406271072151045
5224,0.5227,9,9,9,665794,10650,107264,18992,0.08435242681535927,0.6407125025301936
5225,0.5228,4,11,4,665805,10639,107268,18988,0.08426530224306171,0.6409018800418537
5226,0.5229,4,7,4,665812,10632,107272,18984,0.08420985933341782,0.6410048622366289
5227,0.523,12,8,12,665820,10624,107284,18972,0.0841464960081105,0.6410325719691851
5228,0.5231,8,8,8,665828,10616,107292,18964,0.0840831326828032,0.6411088573360378
5229,0.5232,5,5,5,665833,10611,107297,18959,0.08404353060448612,0.641156577612445
5230,0.5233,12,9,12,665842,10602,107309,18947,0.0839722468635154,0.6412061321872145
5231,0.5234,10,7,10,665849,10595,107319,18937,0.0839168039538715,0.6412366246783151
5232,0.5235,8,5,8,665854,10590,107327,18929,0.08387720187555443,0.641248009756428
5233,0.5236,9,18,9,665872,10572,107336,18920,0.08373463439361298,0.6415299064152991
5234,0.5237,16,6,16,665878,10566,107352,18904,0.08368711189963249,0.6414658975229046
5235,0.5238,8,6,8,665884,10560,107360,18896,0.08363958940565201,0.6414991852254209
5236,0.5239,9,8,9,665892,10552,107369,18887,0.08357622608034469,0.6415639118176568
5237,0.524,6,8,6,665900,10544,107375,18881,0.08351286275503739,0.6416652506372132
5238,0.5241,7,7,7,665907,10537,107382,18874,0.08345741984539348,0.6417326850498113
5239,0.5242,7,10,7,665917,10527,107389,18867,0.08337821568875935,0.6418656868748724
5240,0.5243,8,8,8,665925,10519,107397,18859,0.08331485236345203,0.6419429505071822
5241,0.5244,5,11,5,665936,10508,107402,18854,0.08322772779115448,0.6421224712213065
5242,0.5245,8,8,8,665944,10500,107410,18846,0.08316436446584717,0.6421999591085668
5243,0.5246,9,7,9,665951,10493,107419,18837,0.08310892155620327,0.6422434367541766
5244,0.5247,7,11,7,665962,10482,107426,18830,0.08302179698390572,0.6423990174672489
5245,0.5248,6,15,6,665977,10467,107432,18824,0.0829029907489545,0.6426547403639343
5246,0.5249,6,9,6,665986,10458,107438,18818,0.08283170700798378,0.6427790681787129
5247,0.525,8,9,8,665995,10449,107446,18810,0.08276042326701305,0.6428791141187327
5248,0.5251,7,6,7,666001,10443,107453,18803,0.08271290077303257,0.6429255282773713
5249,0.5252,6,7,6,666008,10436,107459,18797,0.08265745786338867,0.6430061916327439
5250,0.5253,9,10,9,666018,10426,107468,18788,0.08257825370675453,0.6431163140959814
5251,0.5254,9,8,9,666026,10418,107477,18779,0.08251489038144721,0.6431825187519266
5252,0.5255,12,4,12,666030,10414,107489,18767,0.08248320871879357,0.6431239505157466
5253,0.5256,5,8,5,666038,10406,107494,18762,0.08241984539348625,0.6432391662095447
5254,0.5257,7,6,7,666044,10400,107501,18755,0.08237232289950576,0.6432858857828846
5255,0.5258,9,7,9,666051,10393,107510,18746,0.08231687998986187,0.643330244689248
5256,0.5259,13,7,13,666058,10386,107523,18733,0.08226143708021796,0.6433256636560322
5257,0.526,16,10,16,666068,10376,107539,18717,0.08218223292358383,0.6433506341731688
5258,0.5261,10,9,10,666077,10367,107549,18707,0.08211094918261311,0.6434271170117631
5259,0.5262,6,8,6,666085,10359,107555,18701,0.08204758585730579,0.6435306262904336
5260,0.5263,6,4,6,666089,10355,107561,18695,0.08201590419465214,0.6435456110154906
5261,0.5264,9,7,9,666096,10348,107570,18686,0.08196046128500824,0.6435902734724805
5262,0.5265,10,8,10,666104,10340,107580,18676,0.08189709795970093,0.6436448855803695
5263,0.5266,11,10,11,666114,10330,107591,18665,0.08181789380306678,0.6437316778754958
5264,0.5267,7,8,7,666122,10322,107598,18658,0.08175453047775948,0.6438233264320221
5265,0.5268,13,5,13,666127,10317,107611,18645,0.0817149283994424,0.6437746012015745
5266,0.5269,7,8,7,666135,10309,107618,18638,0.0816515650741351,0.6438663764811552
5267,0.527,8,6,8,666141,10303,107626,18630,0.0816040425801546,0.6439014274357999
5268,0.5271,10,8,10,666149,10295,107636,18620,0.0815406792548473,0.6439564240013833
5269,0.5272,3,13,3,666162,10282,107639,18617,0.0814377138512229,0.6442091421848507
5270,0.5273,4,4,4,666166,10278,107643,18613,0.08140603218856926,0.644249074106123
5271,0.5274,9,7,9,666173,10271,107652,18604,0.08135058927892536,0.6442943722943723
5272,0.5275,11,3,11,666176,10268,107663,18593,0.08132682803193511,0.6442257718027788
5273,0.5276,5,6,5,666182,10262,107668,18588,0.08127930553795464,0.6442980935875217
5274,0.5277,10,8,10,666190,10254,107678,18578,0.08121594221264732,0.6443534961154272
5275,0.5278,8,11,8,666201,10243,107686,18570,0.08112881764034977,0.6445007461909554
5276,0.5279,13,10,13,666211,10233,107699,18557,0.08104961348371563,0.6445640847516498
5277,0.528,5,4,5,666215,10229,107704,18552,0.08101793182106197,0.6445919182794204
5278,0.5281,10,9,10,666224,10220,107714,18542,0.08094664808009125,0.6446700507614214
5279,0.5282,10,6,10,666230,10214,107724,18532,0.08089912558611076,0.6446809990955263
5280,0.5283,13,11,13,666241,10203,107737,18519,0.08081200101381321,0.6447670775015667
5281,0.5284,10,8,10,666249,10195,107747,18509,0.08074863768850589,0.6448230211817169
5282,0.5285,9,5,9,666254,10190,107756,18500,0.08070903561018883,0.6448239804810039
5283,0.5286,12,7,12,666261,10183,107768,18488,0.08065359270054492,0.6448327578389313
5284,0.5287,11,3,11,666264,10180,107779,18477,0.08062983145355468,0.6447639320235894
5285,0.5288,9,6,9,666270,10174,107788,18468,0.0805823089595742,0.6447873751832972
5286,0.5289,10,5,10,666275,10169,107798,18458,0.08054270688125713,0.6447759108533901
5287,0.529,9,6,9,666281,10163,107807,18449,0.08049518438727664,0.6447993848734797
5288,0.5291,9,5,9,666286,10158,107816,18440,0.08045558230895958,0.6448003356878104
5289,0.5292,5,12,5,666298,10146,107821,18435,0.08036053732099861,0.6450089220111263
5290,0.5293,5,5,5,666303,10141,107826,18430,0.08032093524268154,0.6450596758951385
5291,0.5294,8,10,8,666313,10131,107834,18422,0.0802417310860474,0.645186145063566
5292,0.5295,10,3,10,666316,10128,107844,18412,0.08021796983905716,0.6451296426068676
5293,0.5296,9,6,9,666322,10122,107853,18403,0.08017044734507667,0.6451533742331288
5294,0.5297,9,6,9,666328,10116,107862,18394,0.08012292485109619,0.6451771308312872
5295,0.5298,6,9,6,666337,10107,107868,18388,0.08005164111012546,0.6453061940691349
5296,0.5299,11,6,11,666343,10101,107879,18377,0.08000411861614498,0.6453051478334153
5297,0.53,10,5,10,666348,10096,107889,18367,0.0799645165378279,0.6452938903137406
5298,0.5301,13,11,13,666359,10085,107902,18354,0.07987739196553036,0.6453813425225922
5299,0.5302,5,6,5,666365,10079,107907,18349,0.07982986947154987,0.6454551850288448
5300,0.5303,12,6,12,666371,10073,107919,18337,0.07978234697756938,0.6454417458641324
5301,0.5304,6,1,6,666372,10072,107925,18331,0.07977442656190598,0.6453895715241348
5302,0.5305,7,11,7,666383,10061,107932,18324,0.07968730198960841,0.6455522282895896
5303,0.5306,5,4,5,666387,10057,107937,18319,0.07965562032695477,0.6455807724837891
5304,0.5307,5,8,5,666395,10049,107942,18314,0.07959225700164745,0.645700384303494
5305,0.5308,14,8,14,666403,10041,107956,18300,0.07952889367634014,0.6457076320525035
5306,0.5309,9,5,9,666408,10036,107965,18291,0.07948929159802307,0.645709040844424
5307,0.531,8,4,8,666412,10032,107973,18283,0.0794576099353694,0.6457001589263641
5308,0.5311,1,4,1,666416,10028,107974,18282,0.07942592827271575,0.6457788767220064
5309,0.5312,9,11,9,666427,10017,107983,18273,0.0793388037004182,0.6459172852598091
5310,0.5313,10,6,10,666433,10011,107993,18263,0.07929128120643772,0.6459291221617033
5311,0.5314,9,8,9,666441,10003,108002,18254,0.0792279178811304,0.6459992214318576
5312,0.5315,11,8,11,666449,9995,108013,18243,0.0791645545558231,0.6460443374176641
5313,0.5316,11,7,11,666456,9988,108024,18232,0.07910911164617919,0.6460666194188519
5314,0.5317,8,7,8,666463,9981,108032,18224,0.0790536687365353,0.6461265733026059
5315,0.5318,7,12,7,666475,9969,108039,18217,0.07895862374857432,0.6463137727950046
5316,0.5319,6,6,6,666481,9963,108045,18211,0.07891110125459384,0.6463760914318166
5317,0.532,5,8,5,666489,9955,108050,18206,0.07884773792928652,0.646496928376123
5318,0.5321,9,9,9,666498,9946,108059,18197,0.0787764541883158,0.6465906264435206
5319,0.5322,6,6,6,666504,9940,108065,18191,0.07872893169433531,0.6466531584373112
5320,0.5323,5,5,5,666509,9935,108070,18186,0.07868932961601825,0.6467053091995306
5321,0.5324,12,2,12,666511,9933,108082,18174,0.07867348878469142,0.6466004909808944
5322,0.5325,9,9,9,666520,9924,108091,18165,0.07860220504372069,0.6466944355441632
5323,0.5326,8,7,8,666527,9917,108099,18157,0.0785467621340768,0.6467550046306191
5324,0.5327,4,6,4,666533,9911,108103,18153,0.07849923964009631,0.6468429304446979
5325,0.5328,5,5,5,666538,9906,108108,18148,0.07845963756177925,0.6468952734012975
5326,0.5329,6,10,6,666548,9896,108114,18142,0.0783804334051451,0.6470504315571725
5327,0.533,5,8,5,666556,9888,108119,18137,0.07831707007983779,0.6471721677074042
5328,0.5331,5,6,5,666562,9882,108124,18132,0.0782695475858573,0.647247804669094
5329,0.5332,10,13,10,666575,9869,108134,18122,0.07816658218223292,0.6474223857668536
5330,0.5333,14,3,14,666578,9866,108148,18108,0.07814282093524268,0.6473153642668192
5331,0.5334,10,7,10,666585,9859,108158,18098,0.07808737802559879,0.6473512894802733
5332,0.5335,12,7,12,666592,9852,108170,18086,0.07803193511595488,0.647362015892333
5333,0.5336,12,6,12,666598,9846,108182,18074,0.0779844126219744,0.647349570200573
5334,0.5337,5,9,5,666607,9837,108187,18069,0.07791312888100367,0.6474951623306816
5335,0.5338,8,8,8,666615,9829,108195,18061,0.07784976555569637,0.6475797776980997
5336,0.5339,9,7,9,666622,9822,108204,18052,0.07779432264605246,0.6476286144794432
5337,0.534,7,6,7,666628,9816,108211,18045,0.07774680015207198,0.6476795520620222
5338,0.5341,14,8,14,666636,9808,108225,18031,0.07768343682676467,0.6476884945579942
5339,0.5342,4,10,4,666646,9798,108229,18027,0.07760423267013053,0.6478706199460916
5340,0.5343,6,5,6,666651,9793,108235,18021,0.07756463059181345,0.6479111238944416
5341,0.5344,8,7,8,666658,9786,108243,18013,0.07750918768216956,0.6479729486672182
5342,0.5345,4,15,4,666673,9771,108247,18009,0.07739038144721835,0.6482721382289417
5343,0.5346,13,12,13,666685,9759,108260,17996,0.07729533645925739,0.6483876778958746
5344,0.5347,8,9,8,666694,9750,108268,17988,0.07722405271828665,0.6484966471987886
5345,0.5348,15,2,15,666696,9748,108283,17973,0.07720821188695982,0.6483532340103171
5346,0.5349,10,9,10,666705,9739,108293,17963,0.0771369281459891,0.6484369359613025
5347,0.535,13,9,13,666714,9730,108306,17950,0.07706564440501837,0.6484826589595376
5348,0.5351,6,11,6,666725,9719,108312,17944,0.07697851983272082,0.6486642808082999
5349,0.5352,9,8,9,666733,9711,108321,17935,0.07691515650741351,0.648737611227664
5350,0.5353,6,8,6,666741,9703,108327,17929,0.07685179318210619,0.6488491603937464
5351,0.5354,13,4,13,666745,9699,108340,17916,0.07682011151945255,0.6487778381314503
5352,0.5355,7,4,7,666749,9695,108347,17909,0.07678842985679889,0.6487827851036082
5353,0.5356,4,8,4,666757,9687,108351,17905,0.07672506653149157,0.648919976804871
5354,0.5357,8,11,8,666768,9676,108359,17897,0.07663794195919402,0.6490769956116491
5355,0.5358,7,7,7,666775,9669,108366,17890,0.07658249904955013,0.6491527268768823
5356,0.5359,11,8,11,666783,9661,108377,17879,0.0765191357242428,0.64920116194626
5357,0.536,6,9,6,666792,9652,108383,17873,0.07644785198327209,0.6493369663941871
5358,0.5361,9,5,9,666797,9647,108392,17864,0.07640824990495501,0.6493402638944422
5359,0.5362,8,5,8,666802,9642,108400,17856,0.07636864782663794,0.6493563168230416
5360,0.5363,5,6,5,666808,9636,108405,17851,0.07632112533265746,0.6494342780223379
5361,0.5364,8,6,8,666814,9630,108413,17843,0.07627360283867697,0.6494740290467004
5362,0.5365,10,8,10,666822,9622,108423,17833,0.07621023951336967,0.6495356037151703
5363,0.5366,6,7,6,666829,9615,108429,17827,0.07615479660372576,0.6496246629254427
5364,0.5367,5,8,5,666837,9607,108434,17822,0.07609143327841845,0.6497502643187867
5365,0.5368,9,4,9,666841,9603,108443,17813,0.0760597516157648,0.6497300846221185
5366,0.5369,13,8,13,666849,9595,108456,17800,0.07599638829045749,0.6497536046723855
5367,0.537,8,10,8,666859,9585,108464,17792,0.07591718413382334,0.6498885926142383
5368,0.5371,9,4,9,666863,9581,108473,17783,0.07588550247116968,0.6498684402865078
5369,0.5372,10,10,10,666873,9571,108483,17773,0.07580629831453554,0.6499780573434757
5370,0.5373,8,13,8,666886,9558,108491,17765,0.07570333291091116,0.6501848259707939
5371,0.5374,13,9,13,666895,9549,108504,17752,0.07563204916994044,0.6502325922127394
5372,0.5375,11,9,11,666904,9540,108515,17741,0.07556076542896971,0.6503060738242733
5373,0.5376,4,7,4,666911,9533,108519,17737,0.07550532251932582,0.6504217088375505
5374,0.5377,8,5,8,666916,9528,108527,17729,0.07546572044100874,0.6504384194885717
5375,0.5378,5,6,5,666922,9522,108532,17724,0.07541819794702825,0.6505175071570138
5376,0.5379,2,12,2,666934,9510,108534,17722,0.07532315295906729,0.6507784958871915
5377,0.538,7,8,7,666942,9502,108541,17715,0.07525978963375998,0.6508799647279274
5378,0.5381,8,8,8,666950,9494,108549,17707,0.07519642630845266,0.6509687143855005
5379,0.5382,5,6,5,666956,9488,108554,17702,0.07514890381447219,0.6510481794777492
5380,0.5383,6,4,6,666960,9484,108560,17696,0.07511722215181853,0.6510669610007358
5381,0.5384,7,5,7,666965,9479,108567,17689,0.07507762007350145,0.6510968786808009
5382,0.5385,2,4,2,666969,9475,108569,17687,0.0750459384108478,0.6511670716442088
5383,0.5386,5,3,5,666972,9472,108574,17682,0.07502217716385756,0.6511747808794285
5384,0.5387,8,5,8,666977,9467,108582,17674,0.07498257508554049,0.6511919236579344
5385,0.5388,10,6,10,666983,9461,108592,17664,0.07493505259156001,0.6512073732718894
5386,0.5389,10,7,10,666990,9454,108602,17654,0.0748796096819161,0.6512468643942747
5387,0.539,6,10,6,667000,9444,108608,17648,0.07480040552528197,0.6514100103351543
5388,0.5391,10,8,10,667008,9436,108618,17638,0.07473704219997465,0.6514737386422398
5389,0.5392,9,3,9,667011,9433,108627,17629,0.0747132809529844,0.6514300495159264
5390,0.5393,5,6,5,667017,9427,108632,17624,0.07466575845900393,0.6515101105319582
5391,0.5394,9,10,9,667027,9417,108641,17615,0.0745865543023698,0.6516350991417579
5392,0.5395,9,9,9,667036,9408,108650,17606,0.07451527056139906,0.6517361368179463
5393,0.5396,7,9,7,667045,9399,108657,17599,0.07444398682042834,0.6518631009704422
5394,0.5397,10,9,10,667054,9390,108667,17589,0.0743727030794576,0.6519515178472145
5395,0.5398,12,9,12,667063,9381,108679,17577,0.07430141933848688,0.6520142443801469
5396,0.5399,10,5,10,667068,9376,108689,17567,0.07426181726016981,0.6520060869242474
5397,0.54,8,7,8,667075,9369,108697,17559,0.07420637435052592,0.652072192513369
5398,0.5401,5,6,5,667081,9363,108702,17554,0.07415885185654543,0.6521529145149906
5399,0.5402,13,3,13,667084,9360,108715,17541,0.07413509060955518,0.652057544329207
5400,0.5403,11,8,11,667092,9352,108726,17530,0.07407172728424788,0.6521092180641321
5401,0.5404,7,4,7,667096,9348,108733,17523,0.07404004562159422,0.6521156637266942
5402,0.5405,4,8,4,667104,9340,108737,17519,0.07397668229628691,0.652258088536431
5403,0.5406,12,4,12,667108,9336,108749,17507,0.07394500063363325,0.6521998286331632
5404,0.5407,9,7,9,667115,9329,108758,17498,0.07388955772398935,0.652253326872181
5405,0.5408,7,7,7,667122,9322,108765,17491,0.07383411481434546,0.6523328236303285
5406,0.5409,9,5,9,667127,9317,108774,17482,0.07379451273602838,0.6523377737975298
5407,0.541,6,5,6,667132,9312,108780,17476,0.07375491065771132,0.6523816634313871
5408,0.5411,7,9,7,667141,9303,108787,17469,0.07368362691674059,0.6525100851636038
5409,0.5412,10,11,10,667152,9292,108797,17459,0.07359650234444304,0.6526484991215281
5410,0.5413,8,7,8,667159,9285,108805,17451,0.07354105943479913,0.6527154398563735
5411,0.5414,6,3,6,667162,9282,108811,17445,0.0735172981878089,0.6527107419463464
5412,0.5415,16,5,16,667167,9277,108827,17429,0.07347769610949183,0.6526248783045009
5413,0.5416,11,7,11,667174,9270,108838,17418,0.07342225319984792,0.6526528776978417
5414,0.5417,10,10,10,667184,9260,108848,17408,0.07334304904321379,0.6527673616319184
5415,0.5418,9,10,9,667194,9250,108857,17399,0.07326384488657965,0.6528950429659649
5416,0.5419,4,5,4,667199,9245,108861,17395,0.07322424280826258,0.6529654654654654
5417,0.542,10,9,10,667208,9236,108871,17385,0.07315295906729186,0.653055858157094
5418,0.5421,9,4,9,667212,9232,108880,17376,0.0731212774046382,0.6530366806975346
5419,0.5422,16,4,16,667216,9228,108896,17360,0.07308959574198454,0.6529261320896645
5420,0.5423,2,12,2,667228,9216,108898,17358,0.07299455075402357,0.6531948521110861
5421,0.5424,7,5,7,667233,9211,108905,17351,0.0729549486757065,0.6532264136736692
5422,0.5425,7,7,7,667240,9204,108912,17344,0.0728995057660626,0.6533072171161669
5423,0.5426,8,8,8,667248,9196,108920,17336,0.07283614244075529,0.6533996683250415
5424,0.5427,6,8,6,667256,9188,108926,17330,0.07277277911544798,0.6535183648842295
5425,0.5428,5,6,5,667262,9182,108931,17325,0.07272525662146749,0.6536009356019165
5426,0.5429,8,8,8,667270,9174,108939,17317,0.07266189329616018,0.6536937072968177
5427,0.543,7,8,7,667278,9166,108946,17310,0.07259852997085287,0.653799667623508
5428,0.5431,7,10,7,667288,9156,108953,17303,0.07251932581421873,0.6539551759325749
5429,0.5432,9,9,9,667297,9147,108962,17294,0.07244804207324801,0.654059982602776
5430,0.5433,8,2,8,667299,9145,108970,17286,0.07243220124192118,0.6540047671295071
5431,0.5434,9,5,9,667304,9140,108979,17277,0.0723925991636041,0.6540106749441648
5432,0.5435,2,8,2,667312,9132,108981,17275,0.0723292358382968,0.6541826030976635
5433,0.5436,5,4,5,667316,9128,108986,17270,0.07229755417564314,0.6542162285021592
5434,0.5437,12,4,12,667320,9124,108998,17258,0.07226587251298948,0.6541581381244788
5435,0.5438,4,6,4,667326,9118,109002,17254,0.072218350019009,0.6542545123615956
5436,0.5439,5,9,5,667335,9109,109007,17249,0.07214706627803827,0.6544123226344942
5437,0.544,9,6,9,667341,9103,109016,17240,0.07209954378405779,0.6544433056219868
5438,0.5441,4,8,4,667349,9095,109020,17236,0.07203618045875047,0.6545896471839276
5439,0.5442,9,12,9,667361,9083,109029,17227,0.07194113547078951,0.6547700494108704
5440,0.5443,10,5,10,667366,9078,109039,17217,0.07190153339247243,0.6547632629777524
5441,0.5444,6,9,6,667375,9069,109045,17211,0.07183024965150171,0.6549086757990867
5442,0.5445,6,9,6,667384,9060,109051,17205,0.07175896591053098,0.6550542547115934
5443,0.5446,7,6,7,667390,9054,109058,17198,0.0717114434165505,0.6551119914673168
5444,0.5447,5,8,5,667398,9046,109063,17193,0.07164808009124318,0.6552460078509089
5445,0.5448,8,12,8,667410,9034,109071,17185,0.07155303510328222,0.6554407109348183
5446,0.5449,7,4,7,667414,9030,109078,17178,0.07152135344062856,0.655448717948718
5447,0.545,7,10,7,667424,9020,109085,17171,0.07144214928399442,0.6556068878622427
5448,0.5451,9,4,9,667428,9016,109094,17162,0.07141046762134076,0.6555886622354649
5449,0.5452,7,7,7,667435,9009,109101,17155,0.07135502471169687,0.6556719156092341
5450,0.5453,8,8,8,667443,9001,109109,17147,0.07129166138638955,0.6557671714853909
5451,0.5454,13,2,13,667445,8999,109122,17134,0.07127582055506274,0.6556461179351778
5452,0.5455,8,0,8,667445,8999,109130,17126,0.07127582055506274,0.6555406698564593
5453,0.5456,13,5,13,667450,8994,109143,17113,0.07123621847674566,0.6554946949094113
5454,0.5457,12,4,12,667454,8990,109155,17101,0.071204536814092,0.6554367406385344
5455,0.5458,7,7,7,667461,8983,109162,17094,0.07114909390444811,0.6555201902059286
5456,0.5459,6,3,6,667464,8980,109168,17088,0.07112533265745787,0.6555163418750959
5457,0.546,13,9,13,667473,8971,109181,17075,0.07105404891648713,0.6555709130000767
5458,0.5461,8,7,8,667480,8964,109189,17067,0.07099860600684324,0.6556413506972456
5459,0.5462,7,5,7,667485,8959,109196,17060,0.07095900392852617,0.6556746992582344
5460,0.5463,10,7,10,667492,8952,109206,17050,0.07090356101888227,0.6557187908622414
5461,0.5464,4,10,4,667502,8942,109210,17046,0.07082435686224813,0.6559181160535632
5462,0.5465,8,7,8,667509,8935,109218,17038,0.07076891395260423,0.6559889115620067
5463,0.5466,15,9,15,667518,8926,109233,17023,0.0706976302116335,0.6560175729315195
5464,0.5467,3,5,3,667523,8921,109236,17020,0.07065802813331644,0.6561042365367565
5465,0.5468,15,7,15,667530,8914,109251,17005,0.07060258522367253,0.6560824105868281
5466,0.5469,7,6,7,667536,8908,109258,16998,0.07055506272969206,0.6561414344167374
5467,0.547,7,7,7,667543,8901,109265,16991,0.07049961982004815,0.6562258612698904
5468,0.5471,12,5,12,667548,8896,109277,16979,0.07046001774173108,0.6561932367149759
5469,0.5472,15,9,15,667557,8887,109292,16964,0.07038873400076036,0.6562221964334068
5470,0.5473,9,6,9,667563,8881,109301,16955,0.07034121150677988,0.6562548382102492
5471,0.5474,11,1,11,667564,8880,109312,16944,0.07033329109111647,0.6561338289962825
5472,0.5475,3,13,3,667577,8867,109315,16941,0.07023032568749207,0.6564243645381277
5473,0.5476,10,8,10,667585,8859,109325,16931,0.07016696236218477,0.6564947654129507
5474,0.5477,7,8,7,667593,8851,109332,16924,0.07010359903687746,0.6566052376333656
5475,0.5478,6,7,6,667600,8844,109338,16918,0.07004815612723356,0.6567036720751495
5476,0.5479,4,5,4,667605,8839,109342,16914,0.07000855404891648,0.6567778511241409
5477,0.548,11,5,11,667610,8834,109353,16903,0.06996895197059942,0.6567587519912966
5478,0.5481,5,3,5,667613,8831,109358,16898,0.06994519072360918,0.6567686268413074
5479,0.5482,11,8,11,667621,8823,109369,16887,0.06988182739830186,0.656826137689615
5480,0.5483,2,3,2,667624,8820,109371,16885,0.06985806615131163,0.656876094145108
5481,0.5484,4,7,4,667631,8813,109375,16881,0.06980262324166772,0.6570016346228692
5482,0.5485,7,4,7,667635,8809,109382,16874,0.06977094157901406,0.6570104738543006
5483,0.5486,6,5,6,667640,8804,109388,16868,0.069731339500697,0.6570582736054845
5484,0.5487,4,3,4,667643,8801,109392,16864,0.06970757825370676,0.6570816286771868
5485,0.5488,8,3,8,667646,8798,109400,16856,0.06968381700671651,0.657051531924846
5486,0.5489,8,6,8,667652,8792,109408,16848,0.06963629451273602,0.6570982839313573
5487,0.549,6,8,6,667660,8784,109414,16842,0.06957293118742872,0.6572231327557949
5488,0.5491,4,6,4,667666,8778,109418,16838,0.06952540869344823,0.6573235477826358
5489,0.5492,10,7,10,667673,8771,109428,16828,0.06946996578380434,0.6573694284933005
5490,0.5493,13,5,13,667678,8766,109441,16815,0.06943036370548726,0.6573237950041046
5491,0.5494,4,9,4,667687,8757,109445,16811,0.06935907996451654,0.6575015644555695
5492,0.5495,7,6,7,667693,8751,109452,16804,0.06931155747053605,0.6575621209156721
5493,0.5496,14,5,14,667698,8746,109466,16790,0.06927195539221899,0.6575031328320802
5494,0.5497,6,6,6,667704,8740,109472,16784,0.0692244328982385,0.6575771822598339
5495,0.5498,10,9,10,667713,8731,109482,16774,0.06915314915726778,0.6576749656930013
5496,0.5499,8,4,8,667717,8727,109490,16766,0.06912146749461412,0.6576707331424313
5497,0.55,5,7,5,667724,8720,109495,16761,0.06906602458497021,0.657784231388093
5498,0.5501,3,7,3,667731,8713,109498,16758,0.06901058167532632,0.6579246986769267
5499,0.5502,8,5,8,667736,8708,109506,16750,0.06897097959700925,0.6579464215570744
5500,0.5503,5,11,5,667747,8697,109511,16745,0.0688838550247117,0.6581636663784294
5501,0.5504,6,5,6,667752,8692,109517,16739,0.06884425294639462,0.658212417915143
5502,0.5505,6,5,6,667757,8687,109523,16733,0.06880465086807756,0.6582612116443745
5503,0.5506,14,4,14,667761,8683,109537,16719,0.0687729692054239,0.6581765215337375
5504,0.5507,13,3,13,667764,8680,109550,16706,0.06874920795843366,0.6580792562829906
5505,0.5508,5,8,5,667772,8672,109555,16701,0.06868584463312635,0.6582193670437079
5506,0.5509,8,7,8,667779,8665,109563,16693,0.06863040172348245,0.6582932407918606
5507,0.551,3,5,3,667784,8660,109566,16690,0.06859079964516537,0.6583826429980276
5508,0.5511,5,7,5,667791,8653,109571,16685,0.06853535673552148,0.658497118951772
5509,0.5512,5,7,5,667798,8646,109576,16680,0.06847991382587758,0.6586117033878228
5510,0.5513,3,6,3,667804,8640,109579,16677,0.0684323913318971,0.6587273373622468
5511,0.5514,7,5,7,667809,8635,109586,16670,0.06839278925358003,0.65876309029836
5512,0.5515,4,10,4,667819,8625,109590,16666,0.06831358509694589,0.6589695939266933
5513,0.5516,3,11,3,667830,8614,109593,16663,0.06822646052464833,0.6592158879613879
5514,0.5517,11,6,11,667836,8608,109604,16652,0.06817893803066785,0.6592240696753761
5515,0.5518,10,3,10,667839,8605,109614,16642,0.0681551767836776,0.6591674258327722
5516,0.5519,16,3,16,667842,8602,109630,16626,0.06813141553668736,0.6590296495956873
5517,0.552,8,8,8,667850,8594,109638,16618,0.06806805221138006,0.6591305727431382
5518,0.5521,8,10,8,667860,8584,109646,16610,0.0679888480547459,0.6592839564975788
5519,0.5522,9,10,9,667870,8574,109655,16601,0.06790964389811177,0.6594240317775572
5520,0.5523,12,8,12,667878,8566,109667,16589,0.06784628057280447,0.6594712780759292
5521,0.5524,5,7,5,667885,8559,109672,16584,0.06779083766316056,0.6595871614365827
5522,0.5525,4,10,4,667895,8549,109676,16580,0.06771163350652643,0.6597954554498786
5523,0.5526,2,13,2,667908,8536,109678,16578,0.06760866810290204,0.660109898861193
5524,0.5527,4,5,4,667913,8531,109682,16574,0.06756906602458497,0.6601872137024497
5525,0.5528,4,7,4,667920,8524,109686,16570,0.06751362311494107,0.6603172073005499
5526,0.5529,14,3,14,667923,8521,109700,16556,0.06748986186795083,0.6602065637835467
5527,0.553,8,9,8,667932,8512,109708,16548,0.0674185781269801,0.6603351955307263
5528,0.5531,6,6,6,667938,8506,109714,16542,0.06737105563299962,0.6604120089428298
5529,0.5532,8,5,8,667943,8501,109722,16534,0.06733145355468255,0.6604353904533653
5530,0.5533,12,6,12,667949,8495,109734,16522,0.06728393106070206,0.6604309069832514
5531,0.5534,5,10,5,667959,8485,109739,16517,0.06720472690406792,0.6606271498280137
5532,0.5535,5,3,5,667962,8482,109744,16512,0.06718096565707768,0.6606385532527806
5533,0.5536,6,4,6,667966,8478,109750,16506,0.06714928399442403,0.6606628242074928
5534,0.5537,4,3,4,667969,8475,109754,16502,0.06712552274743379,0.6606878328061817
5535,0.5538,8,7,8,667976,8468,109762,16494,0.06707007983778988,0.6607643618299816
5536,0.5539,5,5,5,667981,8463,109767,16489,0.06703047775947282,0.6608287912792562
5537,0.554,5,6,5,667987,8457,109772,16484,0.06698295526549233,0.6609197706587546
5538,0.5541,3,6,3,667993,8451,109775,16481,0.06693543277151184,0.6610380234237125
5539,0.5542,5,7,5,668000,8444,109780,16476,0.06687998986186795,0.6611556982343499
5540,0.5543,5,4,5,668004,8440,109785,16471,0.06684830819921429,0.6611938501063787
5541,0.5544,4,6,4,668010,8434,109789,16467,0.06680078570523382,0.6612987430223686
5542,0.5545,5,11,5,668021,8423,109794,16462,0.06671366113293625,0.6615230058268033
5543,0.5546,4,4,4,668025,8419,109798,16458,0.0666819794702826,0.6615749487478394
5544,0.5547,7,5,7,668030,8414,109805,16451,0.06664237739196553,0.6616127086265835
5545,0.5548,10,7,10,668037,8407,109815,16441,0.06658693448232163,0.6616629104958146
5546,0.5549,9,6,9,668043,8401,109824,16432,0.06653941198834115,0.6617001570490879
5547,0.555,7,6,7,668049,8395,109831,16425,0.06649188949436066,0.6617647058823529
5548,0.5551,5,6,5,668055,8389,109836,16420,0.06644436700038019,0.6618565843040832
5549,0.5552,8,5,8,668060,8384,109844,16412,0.06640476492206311,0.6618809485400872
5550,0.5553,6,1,6,668061,8383,109850,16406,0.0663968445063997,0.6618258098350075
5551,0.5554,8,8,8,668069,8375,109858,16398,0.06633348118109238,0.6619303273725426
5552,0.5555,9,12,9,668081,8363,109867,16389,0.06623843619313141,0.662128312863607
5553,0.5556,6,5,6,668086,8358,109873,16383,0.06619883411481435,0.6621801867345701
5554,0.5557,6,5,6,668091,8353,109879,16377,0.06615923203649728,0.6622321067529316
5555,0.5558,8,7,8,668098,8346,109887,16369,0.06610378912685337,0.6623103378515072
5556,0.5559,7,12,7,668110,8334,109894,16362,0.0660087441388924,0.6625364431486881
5557,0.556,11,7,11,668117,8327,109905,16351,0.06595330122924851,0.662573952508307
5558,0.5561,7,6,7,668123,8321,109912,16344,0.06590577873526803,0.6626393675248328
5559,0.5562,2,9,2,668132,8312,109914,16342,0.0658344949942973,0.6628538979475948
5560,0.5563,5,8,5,668140,8304,109919,16337,0.06577113166898998,0.6630006899070655
5561,0.5564,9,2,9,668142,8302,109928,16328,0.06575529083766316,0.6629313844904587
5562,0.5565,9,11,9,668153,8291,109937,16319,0.0656681662653656,0.6631044290938642
5563,0.5566,10,8,10,668161,8283,109947,16309,0.0656048029400583,0.663183148991542
5564,0.5567,6,7,6,668168,8276,109953,16303,0.0655493600304144,0.6632898002359738
5565,0.5568,7,8,7,668176,8268,109960,16296,0.06548599670510709,0.6634098680996581
5566,0.5569,4,7,4,668183,8261,109964,16292,0.06543055379546318,0.6635441697552233
5567,0.557,4,8,4,668191,8253,109968,16288,0.06536719047015588,0.6637056354671774
5568,0.5571,3,4,3,668195,8249,109971,16285,0.06533550880750222,0.6637727235672943
5569,0.5572,11,4,11,668199,8245,109982,16274,0.06530382714484856,0.663730168440801
5570,0.5573,11,4,11,668203,8241,109993,16263,0.0652721454821949,0.6636875612144956
5571,0.5574,11,5,11,668208,8236,110004,16252,0.06523254340387784,0.663672002613525
5572,0.5575,6,8,6,668216,8228,110010,16246,0.06516918007857052,0.6638064885184277
5573,0.5576,4,8,4,668224,8220,110014,16242,0.06510581675326321,0.6639686043659554
5574,0.5577,4,7,4,668231,8213,110018,16238,0.06505037384361931,0.6641037176393604
5575,0.5578,11,5,11,668236,8208,110029,16227,0.06501077176530225,0.6640883977900552
5576,0.5579,7,5,7,668241,8203,110036,16220,0.06497116968698517,0.6641280759939402
5577,0.558,8,1,8,668242,8202,110044,16212,0.06496324927132176,0.664045219955763
5578,0.5581,7,7,7,668249,8195,110051,16205,0.06490780636167787,0.664139344262295
5579,0.5582,3,4,3,668253,8191,110054,16202,0.0648761246990242,0.6642069446152584
5580,0.5583,4,3,4,668256,8188,110058,16198,0.06485236345203396,0.6642335766423357
5581,0.5584,3,6,3,668262,8182,110061,16195,0.06480484095805347,0.6643557451696271
5582,0.5585,8,7,8,668269,8175,110069,16187,0.06474939804840958,0.664436417371316
5583,0.5586,9,9,9,668278,8166,110078,16178,0.06467811430743886,0.6645580019717384
5584,0.5587,11,9,11,668287,8157,110089,16167,0.06460683056646813,0.6646521953626048
5585,0.5588,9,5,9,668292,8152,110098,16158,0.06456722848815105,0.6646647470176882
5586,0.5589,9,7,9,668299,8145,110107,16149,0.06451178557850716,0.6647320326006422
5587,0.559,3,3,3,668302,8142,110110,16146,0.06448802433151692,0.6647727272727273
5588,0.5591,4,6,4,668308,8136,110114,16142,0.06444050183753644,0.6648817859790757
5589,0.5592,6,3,6,668311,8133,110120,16136,0.0644167405905462,0.6648811240677407
5590,0.5593,6,10,6,668321,8123,110126,16130,0.06433753643391205,0.6650723621819981
5591,0.5594,4,7,4,668328,8116,110130,16126,0.06428209352426816,0.6652091411599703
5592,0.5595,4,3,4,668331,8113,110134,16122,0.06425833227727791,0.6652362285950072
5593,0.5596,3,6,3,668337,8107,110137,16119,0.06421080978329742,0.6653595310823083
5594,0.5597,4,2,4,668339,8105,110141,16115,0.0641949689519706,0.6653592072667217
5595,0.5598,6,5,6,668344,8100,110147,16109,0.06415536687365353,0.6654136891238795
5596,0.5599,11,3,11,668347,8097,110158,16098,0.06413160562666329,0.6653440793552386
5597,0.56,2,4,2,668351,8093,110160,16096,0.06409992396400963,0.6654264335028318
5598,0.5601,7,8,7,668359,8085,110167,16089,0.06403656063870232,0.6655497642094813
5599,0.5602,7,8,7,668367,8077,110174,16082,0.06397319731339501,0.6656732480649034
5600,0.5603,12,7,12,668374,8070,110186,16070,0.06391775440375111,0.6657000828500415
5601,0.5604,12,5,12,668379,8065,110198,16058,0.06387815232543403,0.6656717655349667
5602,0.5605,8,7,8,668386,8058,110206,16050,0.06382270941579014,0.665754106520657
5603,0.5606,8,7,8,668393,8051,110214,16042,0.06376726650614624,0.66583655003528
5604,0.5607,6,5,6,668398,8046,110220,16036,0.06372766442782918,0.6658915372477369
5605,0.5608,6,5,6,668403,8041,110226,16030,0.0636880623495121,0.6659465747164638
5606,0.5609,10,9,10,668412,8032,110236,16020,0.06361677860854138,0.6660568767670049
5607,0.561,11,4,11,668416,8028,110247,16009,0.06358509694588772,0.6660148937055373
5608,0.5611,5,9,5,668425,8019,110252,16004,0.06351381320491699,0.6661948965574658
5609,0.5612,9,7,9,668432,8012,110261,15995,0.0634583702952731,0.6662640063314866
5610,0.5613,11,7,11,668439,8005,110272,15984,0.06340292738562919,0.6663053899704031
5611,0.5614,5,7,5,668446,7998,110277,15979,0.0633474844759853,0.6664303290653543
5612,0.5615,9,4,9,668450,7994,110286,15970,0.06331580281333164,0.6664162911033217
5613,0.5616,5,2,5,668452,7992,110291,15965,0.06329996198200481,0.6664023041282298
5614,0.5617,3,5,3,668457,7987,110294,15962,0.06326035990368775,0.6664996450791265
5615,0.5618,10,8,10,668465,7979,110304,15952,0.06319699657838043,0.6665830930592119
5616,0.5619,5,5,5,668470,7974,110309,15947,0.06315739450006336,0.6666527319092012
5617,0.562,5,4,5,668474,7970,110314,15942,0.06312571283740971,0.6666945466711275
5618,0.5621,6,9,6,668483,7961,110320,15936,0.06305442909643898,0.6668619491986442
5619,0.5622,8,4,8,668487,7957,110328,15928,0.06302274743378533,0.6668620473100272
5620,0.5623,5,3,5,668490,7954,110333,15923,0.06299898618679509,0.666876073208527
5621,0.5624,4,6,4,668496,7948,110337,15919,0.0629514636928146,0.6669878912305695
5622,0.5625,8,2,8,668498,7946,110345,15911,0.06293562286148777,0.6669321373181876
5623,0.5626,7,4,7,668502,7942,110352,15904,0.06290394119883412,0.6669462383628282
5624,0.5627,5,5,5,668507,7937,110357,15899,0.06286433912051705,0.6670162778989763
5625,0.5628,12,3,12,668510,7934,110369,15887,0.0628405778735268,0.6669325385164351
5626,0.5629,8,7,8,668517,7927,110377,15879,0.06278513496388291,0.6670167184743342
5627,0.563,2,8,2,668525,7919,110379,15877,0.06272177163857559,0.6672129769709195
5628,0.5631,6,8,6,668533,7911,110385,15871,0.06265840831326829,0.6673534606004541
5629,0.5632,7,8,7,668541,7903,110392,15864,0.06259504498796097,0.6674801194934152
5630,0.5633,2,5,2,668546,7898,110394,15862,0.0625554429096439,0.6675925925925926
5631,0.5634,11,9,11,668555,7889,110405,15851,0.06248415916867317,0.6676916596461668
5632,0.5635,7,8,7,668563,7881,110412,15844,0.06242079584336586,0.6678187565858799
5633,0.5636,7,8,7,668571,7873,110419,15837,0.062357432518058545,0.6679460143399409
5634,0.5637,12,4,12,668575,7869,110431,15825,0.06232575085540489,0.6678906052165106
5635,0.5638,12,4,12,668579,7865,110443,15813,0.06229406919275123,0.6678351212095616
5636,0.5639,10,7,10,668586,7858,110453,15803,0.062238626283107334,0.6678923122437767
5637,0.564,7,7,7,668593,7851,110460,15796,0.06218318337346344,0.6679917114221677
5638,0.5641,9,5,9,668598,7846,110469,15787,0.06214358129514637,0.6680066009393645
5639,0.5642,5,9,5,668607,7837,110474,15782,0.06207229755417564,0.6681908632880308
5640,0.5643,8,5,8,668612,7832,110482,15774,0.062032695475858574,0.668219944082013
5641,0.5644,8,6,8,668618,7826,110490,15766,0.06198517298187809,0.6682773821634452
5642,0.5645,9,6,9,668624,7820,110499,15757,0.06193765048789761,0.6683208211392458
5643,0.5646,13,5,13,668629,7815,110512,15744,0.06189804840958053,0.6682796383547689
5644,0.5647,5,5,5,668634,7810,110517,15739,0.061858446331263466,0.6683510977111554
5645,0.5648,7,5,7,668639,7805,110524,15732,0.0618188442529464,0.6683944427921995
5646,0.5649,6,3,6,668642,7802,110530,15726,0.06179508300595615,0.6683951037062223
5647,0.565,2,3,2,668645,7799,110532,15724,0.06177132175896591,0.6684521532117502
5648,0.5651,10,5,10,668650,7794,110542,15714,0.06173171968064884,0.6684532924961715
5649,0.5652,6,3,6,668653,7791,110548,15708,0.061707958433658595,0.6684539767649688
5650,0.5653,13,5,13,668658,7786,110561,15695,0.06166835635534153,0.6684127592521614
5651,0.5654,6,4,6,668662,7782,110567,15689,0.061636674692687875,0.6684419070342125
5652,0.5655,8,9,8,668671,7773,110575,15681,0.06156539095171715,0.66858531593758
5653,0.5656,12,1,12,668672,7772,110587,15669,0.06155747053605373,0.6684441790026022
5654,0.5657,6,8,6,668680,7764,110593,15663,0.06149410721074642,0.6685875272121911
5655,0.5658,8,1,8,668681,7763,110601,15655,0.061486186795083005,0.6685028610470578
5656,0.5659,8,4,8,668685,7759,110609,15647,0.06145450513242935,0.6685038024438178
5657,0.566,8,5,8,668690,7754,110617,15639,0.06141490305411228,0.6685333219339119
5658,0.5661,7,9,7,668699,7745,110624,15632,0.061343619313141556,0.6686914488599905
5659,0.5662,7,3,7,668702,7742,110631,15625,0.06131985806615131,0.6686780502417939
5660,0.5663,11,8,11,668710,7734,110642,15614,0.061256494740844,0.6687510707555251
5661,0.5664,11,7,11,668717,7727,110653,15603,0.0612010518312001,0.6687955422203172
5662,0.5665,7,8,7,668725,7719,110660,15596,0.06113768850589279,0.6689255843877332
5663,0.5666,6,5,6,668730,7714,110666,15590,0.06109808642757572,0.6689838654308273
5664,0.5667,6,5,6,668735,7709,110672,15584,0.061058484349258646,0.6690422015197699
5665,0.5668,11,5,11,668740,7704,110683,15573,0.06101888227094158,0.6690295141126433
5666,0.5669,5,7,5,668747,7697,110688,15568,0.06096343936129768,0.6691596819256393
5667,0.567,4,6,4,668753,7691,110692,15564,0.0609159168673172,0.6692754246398624
5668,0.5671,5,4,5,668757,7687,110697,15559,0.06088423520466354,0.6693194528090854
5669,0.5672,8,5,8,668762,7682,110705,15551,0.06084463312634647,0.6693496319889812
5670,0.5673,9,3,9,668765,7679,110714,15542,0.060820871879356225,0.6693079540071487
5671,0.5674,5,9,5,668774,7670,110719,15537,0.060749588138385505,0.6694962726763477
5672,0.5675,10,4,10,668778,7666,110729,15527,0.060717906475731845,0.6694692364075367
5673,0.5676,9,5,9,668783,7661,110738,15518,0.06067830439741478,0.6694853099788601
5674,0.5677,6,3,6,668786,7658,110744,15512,0.06065454315042453,0.6694864048338368
5675,0.5678,6,6,6,668792,7652,110750,15506,0.06060702065644405,0.6695742292080491
5676,0.5679,5,3,5,668795,7649,110755,15501,0.06058325940945381,0.6695896328293737
5677,0.568,10,6,10,668801,7643,110765,15491,0.06053573691547332,0.6696204720325063
5678,0.5681,4,7,4,668808,7636,110769,15487,0.060480294005829424,0.6697660338191411
5679,0.5682,7,5,7,668813,7631,110776,15480,0.060440691927512356,0.6698109125524642
5680,0.5683,7,11,7,668824,7620,110783,15473,0.0603535673552148,0.6700298791841683
5681,0.5684,8,6,8,668830,7614,110791,15465,0.060306044861234316,0.6700896919277265
5682,0.5685,5,9,5,668839,7605,110796,15460,0.06023476112026359,0.6702796444829828
5683,0.5686,7,4,7,668843,7601,110803,15453,0.060203079457609936,0.6702958271883405
5684,0.5687,11,5,11,668848,7596,110814,15442,0.06016347737929287,0.6702838788089244
5685,0.5688,5,3,5,668851,7593,110819,15437,0.06013971613230262,0.6702996092053842
5686,0.5689,2,6,2,668857,7587,110821,15435,0.06009219363832214,0.6704456606724003
5687,0.569,5,9,5,668866,7578,110826,15430,0.06002090989735141,0.6706363004172462
5688,0.5691,10,5,10,668871,7573,110836,15420,0.059981307819034345,0.6706388900969861
5689,0.5692,6,5,6,668876,7568,110842,15414,0.05994170574071727,0.6706988077625968
5690,0.5693,10,8,10,668884,7560,110852,15404,0.05987834241540996,0.6707890611391744
5691,0.5694,7,6,7,668890,7554,110859,15397,0.059830819921429475,0.670864014639885
5692,0.5695,4,1,4,668891,7553,110863,15393,0.05982289950576606,0.6708358755338621
5693,0.5696,6,1,6,668892,7552,110869,15387,0.05981497909010265,0.6707790226252234
5694,0.5697,11,4,11,668896,7548,110880,15376,0.05978329742744899,0.6707380910835805
5695,0.5698,7,8,7,668904,7540,110887,15369,0.05971993410214168,0.6708717098083723
5696,0.5699,7,8,7,668912,7532,110894,15362,0.05965657077683437,0.671005503625404
5697,0.57,5,6,5,668918,7526,110899,15357,0.059609048282853884,0.6711095573132894
5698,0.5701,9,8,9,668926,7518,110908,15348,0.05954568495754657,0.6712149042246129
5699,0.5702,8,4,8,668930,7514,110916,15340,0.05951400329489292,0.6712172923777019
5700,0.5703,9,4,9,668934,7510,110925,15331,0.05948232163223926,0.6712052887351692
5701,0.5704,6,3,6,668937,7507,110931,15325,0.05945856038524902,0.6712070777855641
5702,0.5705,7,5,7,668942,7502,110938,15318,0.059418958306931946,0.6712532865907099
5703,0.5706,8,5,8,668947,7497,110946,15310,0.05937935622861488,0.6712851317577937
5704,0.5707,7,2,7,668949,7495,110953,15303,0.05936351539728805,0.6712430914992543
5705,0.5708,7,7,7,668956,7488,110960,15296,0.05930807248764415,0.6713483146067416
5706,0.5709,6,7,6,668963,7481,110966,15290,0.05925262957800025,0.6714680953844803
5707,0.571,8,4,8,668967,7477,110974,15282,0.0592209479153466,0.6714706270047014
5708,0.5711,6,6,6,668973,7471,110980,15276,0.05917342542136611,0.6715610849782389
5709,0.5712,5,5,5,668978,7466,110985,15271,0.05913382334304904,0.6716365395610678
5710,0.5713,10,6,10,668984,7460,110995,15261,0.05908630084906856,0.6716693807490868
5711,0.5714,4,4,4,668988,7456,110999,15257,0.0590546191864149,0.6717298463435037
5712,0.5715,10,6,10,668994,7450,111009,15247,0.05900709669243442,0.6717627880336609
5713,0.5716,5,4,5,668998,7446,111014,15242,0.058975415029780764,0.671808885754584
5714,0.5717,6,6,6,669004,7440,111020,15236,0.05892789253580028,0.6718998059622509
5715,0.5718,5,8,5,669012,7432,111025,15231,0.05886452921049297,0.6720645986850814
5716,0.5719,6,1,6,669013,7431,111031,15225,0.058856608794829554,0.6720074152542372
5717,0.572,7,8,7,669021,7423,111038,15218,0.05879324546952224,0.672143456561106
5718,0.5721,9,3,9,669024,7420,111047,15209,0.058769484222532,0.672102169782138
5719,0.5722,10,4,10,669028,7416,111057,15199,0.058737802559878344,0.6720760557152332
5720,0.5723,9,6,9,669034,7410,111066,15190,0.05869028006589786,0.6721238938053097
5721,0.5724,5,8,5,669042,7402,111071,15185,0.05862691674059055,0.6722893699915881
5722,0.5725,6,7,6,669049,7395,111077,15179,0.05857147383094665,0.6724107380171879
5723,0.5726,8,2,8,669051,7393,111085,15171,0.05855563299961982,0.6723541925190569
5724,0.5727,8,2,8,669053,7391,111093,15163,0.05853979216829299,0.6722975968786025
5725,0.5728,5,10,5,669063,7381,111098,15158,0.058460588011658855,0.6725231820400195
5726,0.5729,5,6,5,669069,7375,111103,15153,0.058413065517678366,0.6726296164772727
5727,0.573,6,4,6,669073,7371,111109,15147,0.05838138385502471,0.6726618705035972
5728,0.5731,3,3,3,669076,7368,111112,15144,0.05835762260803447,0.6727078891257996
5729,0.5732,14,7,14,669083,7361,111126,15130,0.05830217969839057,0.672713529856387
5730,0.5733,7,7,7,669090,7354,111133,15123,0.05824673678874667,0.6728211060194866
5731,0.5734,7,6,7,669096,7348,111140,15116,0.05819921429476619,0.6728988603988604
5732,0.5735,8,4,8,669100,7344,111148,15108,0.05816753263211253,0.6729021913415286
5733,0.5736,9,6,9,669106,7338,111157,15099,0.05812001013813205,0.6729509292686188
5734,0.5737,8,2,8,669108,7336,111165,15091,0.058104169306805224,0.6728942792170152
5735,0.5738,9,5,9,669113,7331,111174,15082,0.05806456722848815,0.6729130415383929
5736,0.5739,7,3,7,669116,7328,111181,15075,0.05804080598149791,0.6729009507655225
5737,0.574,10,9,10,669125,7319,111191,15065,0.057969522240527184,0.6730253752680486
5738,0.5741,7,7,7,669132,7312,111198,15058,0.057914079330883286,0.6731336611533304
5739,0.5742,11,4,11,669136,7308,111209,15047,0.057882397668229627,0.6730932677253411
5740,0.5743,8,6,8,669142,7302,111217,15039,0.057834875174249144,0.6731569759634752
5741,0.5744,12,5,12,669147,7297,111229,15027,0.057795273095932076,0.6731320551872424
5742,0.5745,8,6,8,669153,7291,111237,15019,0.05774775060195159,0.6731958762886598
5743,0.5746,4,6,4,669159,7285,111241,15015,0.057700228107971104,0.6733183856502242
5744,0.5747,4,3,4,669162,7282,111245,15011,0.057676466860980866,0.6733503790427489
5745,0.5748,9,7,9,669169,7275,111254,15002,0.05762102395133697,0.6734299950621717
5746,0.5749,9,6,9,669175,7269,111263,14993,0.057573501457356485,0.6734794717455754
5747,0.575,5,8,5,669183,7261,111268,14988,0.05751013813204917,0.6736482538541058
5748,0.5751,4,4,4,669187,7257,111272,14984,0.05747845646939551,0.6737107144462929
5749,0.5752,5,4,5,669191,7253,111277,14979,0.05744677480674186,0.6737585462396546
5750,0.5753,4,3,4,669194,7250,111281,14975,0.057423013559751615,0.6737907761529809
5751,0.5754,8,6,8,669200,7244,111289,14967,0.05737549106577113,0.6738552969249471
5752,0.5755,4,6,4,669206,7238,111293,14963,0.05732796857179065,0.6739786496103779
5753,0.5756,3,9,3,669215,7229,111296,14960,0.05725668483081992,0.6742079408716031
5754,0.5757,5,1,5,669216,7228,111301,14955,0.05724876441515651,0.6741649010503539
5755,0.5758,8,11,8,669227,7217,111309,14947,0.057161639842858956,0.6743818805269807
5756,0.5759,8,2,8,669229,7215,111317,14939,0.05714579901153213,0.6743251782973729
5757,0.576,6,5,6,669234,7210,111323,14933,0.05710619693321505,0.6743891974890485
5758,0.5761,5,5,5,669239,7205,111328,14928,0.057066594854897984,0.6744679889757376
5759,0.5762,8,10,8,669249,7195,111336,14920,0.05698739069826384,0.6746552113949807
5760,0.5763,5,3,5,669252,7192,111341,14915,0.056963629451273604,0.6746731804405844
5761,0.5764,8,6,8,669258,7186,111349,14907,0.05691610695729312,0.6747386049880052
5762,0.5765,7,6,7,669264,7180,111356,14900,0.05686858446331264,0.6748188405797102
5763,0.5766,5,8,5,669272,7172,111361,14895,0.056805221138005325,0.6749898037793991
5764,0.5767,11,8,11,669280,7164,111372,14884,0.05674185781269801,0.6750725689404935
5765,0.5768,2,4,2,669284,7160,111374,14882,0.05671017615004435,0.6751655929588967
5766,0.5769,10,4,10,669288,7156,111384,14872,0.0566784944873907,0.6751407299800254
5767,0.577,7,6,7,669294,7150,111391,14865,0.05663097199341022,0.6752214399273223
5768,0.5771,7,5,7,669299,7145,111398,14858,0.05659136991509314,0.6752715538790165
5769,0.5772,9,5,9,669304,7140,111407,14849,0.056551767836776075,0.6752921915503206
5770,0.5773,13,3,13,669307,7137,111420,14836,0.05652800658978583,0.6751922814363082
5771,0.5774,8,6,8,669313,7131,111428,14828,0.05648048409580535,0.6752584361765108
5772,0.5775,9,5,9,669318,7126,111437,14819,0.05644088201748828,0.6752791068580543
5773,0.5776,5,3,5,669321,7123,111442,14814,0.056417120770498035,0.6752974426767562
5774,0.5777,6,8,6,669329,7115,111448,14808,0.05635375744519072,0.6754550015964969
5775,0.5778,7,6,7,669335,7109,111455,14801,0.05630623495121024,0.6755362848014606
5776,0.5779,14,9,14,669344,7100,111469,14787,0.05623495121023951,0.6756065244208891
5777,0.578,7,12,7,669356,7088,111476,14780,0.056139906222278546,0.6758734223522956
5778,0.5781,2,7,2,669363,7081,111478,14778,0.05608446331263465,0.6760602040349513
5779,0.5782,8,4,8,669367,7077,111486,14770,0.05605278164998099,0.6760653636654919
5780,0.5783,15,8,15,669375,7069,111501,14755,0.055989418324673676,0.6760905425219942
5781,0.5784,8,2,8,669377,7067,111509,14747,0.05597357749334685,0.6760337398001284
5782,0.5785,10,5,10,669382,7062,111519,14737,0.05593397541502978,0.6760401853296023
5783,0.5786,4,3,4,669385,7059,111523,14733,0.05591021416803954,0.6760737885462555
5784,0.5787,5,8,5,669393,7051,111528,14728,0.05584685084273223,0.676247761605216
5785,0.5788,3,5,3,669398,7046,111531,14725,0.05580724876441516,0.6763584584998392
5786,0.5789,5,2,5,669400,7044,111536,14720,0.05579140793308833,0.6763462598786988
5787,0.579,6,6,6,669406,7038,111542,14714,0.05574388543910785,0.6764435454211107
5788,0.5791,8,2,8,669408,7036,111550,14706,0.05572804460778102,0.6763867169533622
5789,0.5792,3,4,3,669412,7032,111553,14703,0.05569636294512736,0.6764665286404417
5790,0.5793,10,4,10,669416,7028,111563,14693,0.055664681282473705,0.676442152755398
5791,0.5794,7,5,7,669421,7023,111570,14686,0.05562507920415664,0.6764936201575383
5792,0.5795,10,7,10,669428,7016,111580,14676,0.05556963629451274,0.6765627881246542
5793,0.5796,9,3,9,669431,7013,111589,14667,0.055545875047522494,0.6765221402214022
5794,0.5797,8,3,8,669434,7010,111597,14659,0.05552211380053225,0.6764963773132124
5795,0.5798,1,5,1,669439,7005,111598,14658,0.05548251172221518,0.6766375848220468
5796,0.5799,5,10,5,669449,6995,111603,14653,0.05540330756558104,0.6768754619364376
5797,0.58,9,6,9,669455,6989,111612,14644,0.055355785071600556,0.6769287662367679
5798,0.5801,8,4,8,669459,6985,111620,14636,0.055324103408946904,0.6769344618657787
5799,0.5802,4,4,4,669463,6981,111624,14632,0.055292421746293244,0.6769999537315504
5800,0.5803,2,8,2,669471,6973,111626,14630,0.05522905842098593,0.6772207563764292
5801,0.5804,6,5,6,669476,6968,111632,14624,0.05518945634266886,0.6772878844016302
5802,0.5805,6,4,6,669480,6964,111638,14618,0.05515777468001521,0.6773236956723195
5803,0.5806,10,3,10,669483,6961,111648,14608,0.055134013433024966,0.6772683017293337
5804,0.5807,6,6,6,669489,6955,111654,14602,0.05508649093904448,0.6773669805631581
5805,0.5808,13,5,13,669494,6950,111667,14589,0.05504688886072741,0.6773294953340452
5806,0.5809,8,7,8,669501,6943,111675,14581,0.05499144595108351,0.6774298457535775
5807,0.581,9,2,9,669503,6941,111684,14572,0.05497560511975669,0.6773578766327337
5808,0.5811,10,6,10,669509,6935,111694,14562,0.0549280826257762,0.6773968460715448
5809,0.5812,5,4,5,669513,6931,111699,14557,0.054896400963122545,0.6774478778853313
5810,0.5813,7,6,7,669519,6925,111706,14550,0.05484887846914206,0.6775320139697323
5811,0.5814,6,6,6,669525,6919,111712,14544,0.05480135597516158,0.6776312724223081
5812,0.5815,10,3,10,669528,6916,111722,14534,0.054777594728171335,0.6775757575757576
5813,0.5816,7,9,7,669537,6907,111729,14527,0.05470631098720061,0.6777549687412522
5814,0.5817,3,1,3,669538,6906,111732,14524,0.05469839057153719,0.6777414839010732
5815,0.5818,5,9,5,669547,6897,111737,14519,0.05462710683056647,0.6779510646245798
5816,0.5819,2,5,2,669552,6892,111739,14517,0.0545875047522494,0.678079312438694
5817,0.582,2,4,2,669556,6888,111741,14515,0.054555823089595744,0.6781759566415922
5818,0.5821,9,7,9,669563,6881,111750,14506,0.054500380179951846,0.6782624959087296
5819,0.5822,6,5,6,669568,6876,111756,14500,0.05446077810163477,0.6783308383233533
5820,0.5823,4,7,4,669575,6869,111760,14496,0.054405335191990874,0.6784928621577346
5821,0.5824,3,4,3,669579,6865,111763,14493,0.05437365352933722,0.6785747729188126
5822,0.5825,7,5,7,669584,6860,111770,14486,0.054334051451020146,0.6786283144383023
5823,0.5826,6,6,6,669590,6854,111776,14480,0.05428652895703966,0.6787287897253211
5824,0.5827,6,3,6,669593,6851,111782,14474,0.054262767710049425,0.6787338804220399
5825,0.5828,3,5,3,669598,6846,111785,14471,0.05422316563173235,0.6788478678988601
5826,0.5829,8,7,8,669605,6839,111793,14463,0.05416772272208845,0.6789503333020374
5827,0.583,3,4,3,669609,6835,111796,14460,0.0541360410594348,0.6790326367691947
5828,0.5831,8,4,8,669613,6831,111804,14452,0.05410435939678114,0.6790396090776676
5829,0.5832,6,3,6,669616,6828,111810,14446,0.0540805981497909,0.6790448434709034
5830,0.5833,9,2,9,669618,6826,111819,14437,0.05406475731846407,0.6789728636598786
5831,0.5834,9,2,9,669620,6824,111828,14428,0.05404891648713724,0.6789008093355919
5832,0.5835,7,10,7,669630,6814,111835,14421,0.05396971233050311,0.6791146691782435
5833,0.5836,8,4,8,669634,6810,111843,14413,0.05393803066784945,0.6791217075813976
5834,0.5837,8,5,8,669639,6805,111851,14405,0.05389842858953238,0.6791607732201792
5835,0.5838,9,8,9,669647,6797,111860,14396,0.05383506526422507,0.679280894635021
5836,0.5839,5,2,5,669649,6795,111865,14391,0.05381922443289824,0.679269328802039
5837,0.584,8,3,8,669652,6792,111873,14383,0.053795463185908,0.6792443919716648
5838,0.5841,6,5,6,669657,6787,111879,14377,0.053755861107590924,0.6793139293139293
5839,0.5842,9,7,9,669664,6780,111888,14368,0.05370041819794703,0.679402307546813
5840,0.5843,3,4,3,669668,6776,111891,14365,0.053668736535293374,0.6794853602005582
5841,0.5844,8,6,8,669674,6770,111899,14357,0.05362121404131289,0.6795569650210631
5842,0.5845,2,3,2,669677,6767,111901,14355,0.053597452794322646,0.6796231417479406
5843,0.5846,8,3,8,669680,6764,111909,14347,0.0535736915473324,0.6795983136753352
5844,0.5847,4,4,4,669684,6760,111913,14343,0.05354200988467875,0.6796663981424442
5845,0.5848,7,3,7,669687,6757,111920,14336,0.053518248637688504,0.6796567581662163
5846,0.5849,14,3,14,669690,6754,111934,14322,0.053494487390698266,0.6795407098121086
5847,0.585,6,2,6,669692,6752,111940,14316,0.053478646559371436,0.6795139548129865
5848,0.5851,2,3,2,669695,6749,111942,14314,0.05345488531238119,0.6795803066989508
5849,0.5852,11,5,11,669700,6744,111953,14303,0.05341528323406412,0.6795742861215375
5850,0.5853,6,5,6,669705,6739,111959,14297,0.053375681155747055,0.679644419091082
5851,0.5854,5,4,5,669709,6735,111964,14292,0.053343999493093396,0.6796975317448994
5852,0.5855,6,3,6,669712,6732,111970,14286,0.05332023824610316,0.6797031116186126
5853,0.5856,5,2,5,669714,6730,111975,14281,0.05330439741477633,0.6796915901194612
5854,0.5857,7,6,7,669720,6724,111982,14274,0.053256874920795845,0.6797790265739594
5855,0.5858,4,9,4,669729,6715,111986,14270,0.05318559117982512,0.6800095306171074
5856,0.5859,8,2,8,669731,6713,111994,14262,0.05316975034849829,0.6799523241954708
5857,0.586,7,4,7,669735,6709,112001,14255,0.053138068685844635,0.6799751955733638
5858,0.5861,6,6,6,669741,6703,112007,14249,0.05309054619186415,0.6800782741504391
5859,0.5862,10,5,10,669746,6698,112017,14239,0.05305094411354708,0.6800878826957062
5860,0.5863,5,3,5,669749,6695,112022,14234,0.05302718286655684,0.680108939748674
5861,0.5864,8,5,8,669754,6690,112030,14226,0.052987580788239765,0.6801491681009754
5862,0.5865,9,4,9,669758,6686,112039,14217,0.05295589912558611,0.6801416064679711
5863,0.5866,6,4,6,669762,6682,112045,14211,0.05292421746293245,0.6801799645814388
5864,0.5867,7,8,7,669770,6674,112052,14204,0.05286085413762514,0.6803333652648721
5865,0.5868,7,3,7,669773,6671,112059,14197,0.0528370928906349,0.6803239409622388
5866,0.5869,4,0,4,669773,6671,112063,14193,0.0528370928906349,0.6802626533742331
5867,0.587,8,8,8,669781,6663,112071,14185,0.05277372956532759,0.6804009976976209
5868,0.5871,8,6,8,669787,6657,112079,14177,0.052726207071347106,0.6804742248248056
5869,0.5872,1,2,1,669789,6655,112080,14176,0.052710366240020276,0.6805242187124958
5870,0.5873,5,3,5,669792,6652,112085,14171,0.05268660499303003,0.6805455505930942
5871,0.5874,6,3,6,669795,6649,112091,14165,0.05266284374603979,0.6805515518401076
5872,0.5875,4,8,4,669803,6641,112095,14161,0.05259948042073248,0.6807518507835785
5873,0.5876,6,8,6,669811,6633,112101,14155,0.05253611709542517,0.6809216855878392
5874,0.5877,4,9,4,669820,6624,112105,14151,0.05246483335445444,0.6811552346570398
5875,0.5878,5,5,5,669825,6619,112110,14146,0.05242523127613737,0.6812424753190465
5876,0.5879,2,5,2,669830,6614,112112,14144,0.052385629197820305,0.6813758550920127
5877,0.588,15,5,15,669835,6609,112127,14129,0.05234602711950323,0.6813096730639406
5878,0.5881,0,4,0,669839,6605,112127,14129,0.05231434545684958,0.6814411112182888
5879,0.5882,10,1,10,669840,6604,112137,14119,0.05230642504118616,0.6813202721613666
5880,0.5883,6,3,6,669843,6601,112143,14113,0.05228266379419592,0.681326638988124
5881,0.5884,6,3,6,669846,6598,112149,14107,0.05225890254720568,0.6813330113499155
5882,0.5885,6,2,6,669848,6596,112155,14101,0.05224306171587885,0.6813064695366479
5883,0.5886,3,2,3,669850,6594,112158,14098,0.05222722088455202,0.6813261163734776
5884,0.5887,11,5,11,669855,6589,112169,14087,0.05218761880623495,0.6813213387502418
5885,0.5888,5,6,5,669861,6583,112174,14082,0.05214009631225447,0.6814420517783693
5886,0.5889,9,5,9,669866,6578,112183,14073,0.052100494233937394,0.6814682097719239
5887,0.589,7,7,7,669873,6571,112190,14066,0.0520450513242935,0.6815913165673305
5888,0.5891,4,4,4,669877,6567,112194,14062,0.052013369661639844,0.6816617383295361
5889,0.5892,8,3,8,669880,6564,112202,14054,0.0519896084146496,0.6816374042099137
5890,0.5893,6,4,6,669884,6560,112208,14048,0.051957926751995946,0.6816770186335404
5891,0.5894,3,4,3,669888,6556,112211,14045,0.051926245089342286,0.6817630212125625
5892,0.5895,9,7,9,669895,6549,112220,14036,0.05187080217969839,0.6818557201846004
5893,0.5896,6,3,6,669898,6546,112226,14030,0.05184704093270815,0.6818623639191291
5894,0.5897,9,3,9,669901,6543,112235,14021,0.051823279685717906,0.6818226026064967
5895,0.5898,7,1,7,669902,6542,112242,14014,0.05181535927005449,0.6817474216773691
5896,0.5899,5,4,5,669906,6538,112247,14009,0.05178367760740084,0.6818026962573611
5897,0.59,5,4,5,669910,6534,112252,14004,0.05175199594474718,0.6818580192813322
5898,0.5901,0,3,0,669913,6531,112252,14004,0.05172823469775694,0.6819576333089846
5899,0.5902,5,4,5,669917,6527,112257,13999,0.05169655303510328,0.6820130566111273
5900,0.5903,5,4,5,669921,6523,112262,13994,0.05166487137244963,0.6820685285373105
5901,0.5904,1,3,1,669924,6520,112263,13993,0.05164111012545938,0.6821527811631648
5902,0.5905,9,8,9,669932,6512,112272,13984,0.05157774680015207,0.682279469164715
5903,0.5906,6,7,6,669939,6505,112278,13978,0.05152230389050817,0.6824195674461748
5904,0.5907,6,2,6,669941,6503,112284,13972,0.05150646305918134,0.6823931623931624
5905,0.5908,4,5,4,669946,6498,112288,13968,0.051466860980864275,0.6824978012313104
5906,0.5909,7,4,7,669950,6494,112295,13961,0.05143517931821062,0.6825226106086532
5907,0.591,3,2,3,669952,6492,112298,13958,0.05141933848688379,0.6825427872860635
5908,0.5911,6,5,6,669957,6487,112304,13952,0.051379736408566724,0.6826165663682177
5909,0.5912,10,3,10,669960,6484,112314,13942,0.05135597516157648,0.6825614413003035
5910,0.5913,7,3,7,669963,6481,112321,13935,0.051332213914586235,0.6825528996865203
5911,0.5914,3,7,3,669970,6474,112324,13932,0.05127677100494234,0.6827403704792708
5912,0.5915,7,7,7,669977,6467,112331,13925,0.05122132809529844,0.6828658297371518
5913,0.5916,8,8,8,669985,6459,112339,13917,0.05115796476999113,0.6830094228504122
5914,0.5917,4,6,4,669991,6453,112343,13913,0.051110442276010644,0.6831483845625062
5915,0.5918,5,6,5,669997,6447,112348,13908,0.05106291978203016,0.6832719233603537
5916,0.5919,9,6,9,670003,6441,112357,13899,0.05101539728804968,0.6833333333333333
5917,0.592,8,6,8,670009,6435,112365,13891,0.050967874794069196,0.6834104103119157
5918,0.5921,8,4,8,670013,6431,112373,13883,0.050936193131415536,0.68342030127006
5919,0.5922,6,5,6,670018,6426,112379,13877,0.05089659105309847,0.6834950499926119
5920,0.5923,10,6,10,670024,6420,112389,13867,0.050849068559117985,0.6835411840094642
5921,0.5924,5,7,5,670031,6413,112394,13862,0.05079362564947409,0.6836991368680642
5922,0.5925,6,9,6,670040,6404,112400,13856,0.05072234190850336,0.6839091806515301
5923,0.5926,5,4,5,670044,6400,112405,13851,0.0506906602458497,0.6839662238901782
5924,0.5927,3,9,3,670053,6391,112408,13848,0.05061937650487897,0.6842235288304758
5925,0.5928,3,5,3,670058,6386,112411,13845,0.050579774426561905,0.6843458059413771
5926,0.5929,3,2,3,670060,6384,112414,13842,0.050563933595235075,0.684366656778404
5927,0.593,5,3,5,670063,6381,112419,13837,0.05054017234824484,0.6843901473934119
5928,0.5931,7,0,7,670063,6381,112426,13830,0.05054017234824484,0.6842808371678789
5929,0.5932,5,5,5,670068,6376,112431,13825,0.05050057026992777,0.6843720607890699
5930,0.5933,4,4,4,670072,6372,112435,13821,0.05046888860727411,0.6844451047392661
5931,0.5934,5,4,5,670076,6368,112440,13816,0.05043720694462046,0.6845025762980579
5932,0.5935,8,3,8,670079,6365,112448,13808,0.05041344569763021,0.684479254449016
5933,0.5936,3,4,3,670083,6361,112451,13805,0.05038176403497656,0.6845680848953685
5934,0.5937,6,4,6,670087,6357,112457,13799,0.0503500823723229,0.6846100416749356
5935,0.5938,4,4,4,670091,6353,112461,13795,0.050318400709669246,0.6846833432598769
5936,0.5939,6,7,6,670098,6346,112467,13789,0.05026295780002535,0.6848274149490936
5937,0.594,5,4,5,670102,6342,112472,13784,0.05023127613737169,0.6848852230945046
5938,0.5941,6,5,6,670107,6337,112478,13778,0.05019167405905462,0.6849614715386527
5939,0.5942,8,3,8,670110,6334,112486,13770,0.050167912812064376,0.6849383207321926
5940,0.5943,8,8,8,670118,6326,112494,13762,0.05010454948675706,0.6850856232576663
5941,0.5944,8,7,8,670125,6319,112502,13754,0.050049106577113166,0.6851990235639914
5942,0.5945,7,7,7,670132,6312,112509,13747,0.04999366366746927,0.6853282815693703
5943,0.5946,6,4,6,670136,6308,112515,13741,0.049961982004815615,0.6853708414384757
5944,0.5947,5,4,5,670140,6304,112520,13736,0.049930300342161955,0.6854291417165669
5945,0.5948,6,3,6,670143,6301,112526,13730,0.04990653909517172,0.6854375717637662
5946,0.5949,5,2,5,670145,6299,112531,13725,0.04989069826384489,0.6854274870155813
5947,0.595,5,5,5,670150,6294,112536,13720,0.04985109618552782,0.6855201359048666
5948,0.5951,7,5,7,670155,6289,112543,13713,0.049811494107210745,0.6855814418558144
5949,0.5952,9,10,9,670165,6279,112552,13704,0.04973228995057661,0.6857829154781564
5950,0.5953,6,3,6,670168,6276,112558,13698,0.049708528703586365,0.685791528987684
5951,0.5954,13,4,13,670172,6272,112571,13685,0.049676847040932705,0.6857243072606103
5952,0.5955,8,7,8,670179,6265,112579,13677,0.04962140413128881,0.6858389329054257
5953,0.5956,4,4,4,670183,6261,112583,13673,0.049589722468635154,0.685913514598174
5954,0.5957,8,4,8,670187,6257,112591,13665,0.049558040805981494,0.6859251079208915
5955,0.5958,4,3,4,670190,6254,112595,13661,0.04953427955899126,0.685965352749184
5956,0.5959,8,7,8,670197,6247,112603,13653,0.04947883664934736,0.6860804020100503
5957,0.596,8,5,8,670202,6242,112611,13645,0.04943923457103029,0.6861266153768794
5958,0.5961,4,1,4,670203,6241,112615,13641,0.049431314155366876,0.6860979780706167
5959,0.5962,8,3,8,670206,6238,112623,13633,0.04940755290837663,0.6860751849428816
5960,0.5963,9,2,9,670208,6236,112632,13624,0.0493917120770498,0.6860020140986909
5961,0.5964,7,9,7,670217,6227,112639,13617,0.04932042833607908,0.6862023785527112
5962,0.5965,8,4,8,670221,6223,112647,13609,0.04928874667342542,0.6862141992739008
5963,0.5966,3,6,3,670227,6217,112650,13606,0.04924122417944494,0.6863744135600061
5964,0.5967,6,6,6,670233,6211,112656,13600,0.049193701685464455,0.6864873050325576
5965,0.5968,11,7,11,670240,6204,112667,13589,0.04913825877582056,0.6865558530793715
5966,0.5969,9,6,9,670246,6198,112676,13580,0.04909073628184007,0.6866214986348468
5967,0.597,4,4,4,670250,6194,112680,13576,0.049059054619186415,0.6866970156803237
5968,0.5971,4,3,4,670253,6191,112684,13572,0.04903529337219617,0.6867378434448211
5969,0.5972,5,9,5,670262,6182,112689,13567,0.04896400963122545,0.6869714922274546
5970,0.5973,8,5,8,670267,6177,112697,13559,0.048924407552908375,0.6870186461289015
5971,0.5974,6,4,6,670271,6173,112703,13553,0.04889272589025472,0.6870627598093886
5972,0.5975,6,3,6,670274,6170,112709,13547,0.04886896464326448,0.687072069787493
5973,0.5976,7,6,7,670280,6164,112716,13540,0.048821442149283995,0.6871701177425903
5974,0.5977,16,7,16,670287,6157,112732,13524,0.0487659992396401,0.6871602052741222
5975,0.5978,5,7,5,670294,6150,112737,13519,0.0487105563299962,0.687325232599522
5976,0.5979,7,2,7,670296,6148,112744,13512,0.04869471549866937,0.6872838250254324
5977,0.598,9,7,9,670303,6141,112753,13503,0.04863927258902547,0.6873854612095296
5978,0.5981,4,4,4,670307,6137,112757,13499,0.04860759092637182,0.6874618048482379
5979,0.5982,5,3,5,670310,6134,112762,13494,0.048583829679381574,0.6874872630935398
5980,0.5983,5,2,5,670312,6132,112767,13489,0.048567988848054744,0.6874777024616482
5981,0.5984,3,10,3,670322,6122,112770,13486,0.04848878469142061,0.6877804977560179
5982,0.5985,12,4,12,670326,6118,112782,13474,0.04845710302876695,0.6877296855859535
5983,0.5986,7,2,7,670328,6116,112789,13467,0.04844126219744012,0.6876883010774651
5984,0.5987,2,1,2,670329,6115,112791,13465,0.04843334178177671,0.6876915219611849
5985,0.5988,5,6,5,670335,6109,112796,13460,0.04838581928779622,0.6878225765240942
5986,0.5989,7,11,7,670346,6098,112803,13453,0.04829869471549867,0.6880977955091812
5987,0.599,8,2,8,670348,6096,112811,13445,0.04828285388417184,0.6880405301673405
5988,0.5991,6,6,6,670354,6090,112817,13439,0.04823533139019136,0.6881560755799068
5989,0.5992,11,5,11,670359,6085,112828,13428,0.04819572931187429,0.6881566135396915
5990,0.5993,5,8,5,670367,6077,112833,13423,0.04813236598656698,0.6883589743589743
5991,0.5994,3,6,3,670373,6071,112836,13420,0.04808484349258649,0.6885229080088245
5992,0.5995,5,5,5,670378,6066,112841,13415,0.04804524141426942,0.6886196807145424
5993,0.5996,8,5,8,670383,6061,112849,13407,0.04800563933595235,0.6886685843435381
5994,0.5997,8,7,8,670390,6054,112857,13399,0.047950196426308454,0.688788361692284
5995,0.5998,2,8,2,670398,6046,112859,13397,0.04788683310100114,0.6890397572391092
5996,0.5999,8,5,8,670403,6041,112867,13389,0.047847231022684074,0.6890890375707669
5997,0.6,3,3,3,670406,6038,112870,13386,0.04782346977569383,0.6891474464579901
5998,0.6001,7,1,7,670407,6037,112877,13379,0.047815549360030414,0.6890708693860733
5999,0.6002,14,7,14,670414,6030,112891,13365,0.047760106450386516,0.6890951276102089
6000,0.6003,6,5,6,670419,6025,112897,13359,0.04772050437206945,0.6891766405282708
6001,0.6004,5,3,5,670422,6022,112902,13354,0.047696743125079204,0.6892031379025598
6002,0.6005,8,9,8,670431,6013,112910,13346,0.047625459384108476,0.6893951133839558
6003,0.6006,5,7,5,670438,6006,112915,13341,0.04757001647446458,0.68956427353078
6004,0.6007,4,5,4,670443,6001,112919,13337,0.04753041439614751,0.6896783535008791
6005,0.6008,9,4,9,670447,5997,112928,13328,0.04749873273349385,0.6896765847347995
6006,0.6009,5,2,5,670449,5995,112933,13323,0.04748289190216703,0.6896676674603996
6007,0.601,9,3,9,670452,5992,112942,13314,0.04745913065517678,0.6896301667875272
6008,0.6011,8,6,8,670458,5986,112950,13306,0.0474116081611963,0.6897159444329256
6009,0.6012,10,4,10,670462,5982,112960,13296,0.04737992649854264,0.6896981014628073
6010,0.6013,8,3,8,670465,5979,112968,13288,0.0473561652515524,0.6896766491929205
6011,0.6014,4,7,4,670472,5972,112972,13284,0.047300722341908505,0.6898628998753635
6012,0.6015,7,10,7,670482,5962,112979,13277,0.04722151818527436,0.69010863350486
6013,0.6016,2,4,2,670486,5958,112981,13275,0.04718983652262071,0.6902199344875994
6014,0.6017,14,10,14,670496,5948,112995,13261,0.04711063236598657,0.6903534801395179
6015,0.6018,5,5,5,670501,5943,113000,13256,0.0470710302876695,0.6904526277410282
6016,0.6019,5,2,5,670503,5941,113005,13251,0.04705518945634267,0.6904439349729053
6017,0.602,6,5,6,670508,5936,113011,13245,0.0470155873780256,0.6905270840936343
6018,0.6021,6,0,6,670508,5936,113017,13239,0.0470155873780256,0.6904302477183833
6019,0.6022,4,7,4,670515,5929,113021,13235,0.046960144468381704,0.690617825088708
6020,0.6023,8,8,8,670523,5921,113029,13227,0.04689678114307439,0.69077710465845
6021,0.6024,7,5,7,670528,5916,113036,13220,0.046857179064757316,0.6908444816053512
6022,0.6025,12,4,12,670532,5912,113048,13208,0.046825497402103664,0.6907949790794979
6023,0.6026,7,2,7,670534,5910,113055,13201,0.046809656570776834,0.690754016011721
6024,0.6027,12,5,12,670539,5905,113067,13189,0.046770054492459766,0.6907405467686184
6025,0.6028,4,5,4,670544,5900,113071,13185,0.04673045241414269,0.6908566937385381
6026,0.6029,5,6,5,670550,5894,113076,13180,0.04668292992016221,0.690992974729999
6027,0.603,6,4,6,670554,5890,113082,13174,0.046651248257508555,0.6910407049937054
6028,0.6031,4,4,4,670558,5886,113086,13170,0.046619566594854896,0.6911209068010076
6029,0.6032,12,1,12,670559,5885,113098,13158,0.04661164617919148,0.690962558420417
6030,0.6033,8,5,8,670564,5880,113106,13150,0.04657204410087441,0.6910141881240147
6031,0.6034,9,4,9,670568,5876,113115,13141,0.04654036243822076,0.6910133038859967
6032,0.6035,10,5,10,670573,5871,113125,13131,0.046500760359903685,0.6910325228923271
6033,0.6036,5,1,5,670574,5870,113130,13126,0.04649283994424027,0.6909875763318594
6034,0.6037,6,5,6,670579,5865,113136,13120,0.0464532378659232,0.691071898867527
6035,0.6038,11,4,11,670583,5861,113147,13109,0.04642155620326955,0.6910384818133896
6036,0.6039,7,2,7,670585,5859,113154,13102,0.04640571537194272,0.6909973102684458
6037,0.604,8,6,8,670591,5853,113162,13094,0.04635819287796224,0.6910856599989444
6038,0.6041,8,4,8,670595,5849,113170,13086,0.04632651121530858,0.6911011354634276
6039,0.6042,9,8,9,670603,5841,113179,13077,0.046263147890001265,0.6912464319695528
6040,0.6043,8,7,8,670610,5834,113187,13069,0.04620770498035737,0.69137173993546
6041,0.6044,8,4,8,670614,5830,113195,13061,0.046176023317703714,0.691387433169234
6042,0.6045,10,5,10,670619,5825,113205,13051,0.046136421239386646,0.6914070777707141
6043,0.6046,6,5,6,670624,5820,113211,13045,0.04609681916106957,0.6914921812880996
6044,0.6047,5,4,5,670628,5816,113216,13040,0.04606513749841592,0.6915570640644888
6045,0.6048,8,9,8,670637,5807,113224,13032,0.04599385375744519,0.6917564626572535
6046,0.6049,9,4,9,670641,5803,113233,13023,0.04596217209479153,0.6917560820142357
6047,0.605,7,5,7,670646,5798,113240,13016,0.045922570016474464,0.6918252365259913
6048,0.6051,10,2,10,670648,5796,113250,13006,0.045906729185147634,0.691734921816828
6049,0.6052,9,7,9,670655,5789,113259,12997,0.045851286275503736,0.691844990950708
6050,0.6053,7,3,7,670658,5786,113266,12990,0.0458275250285135,0.6918406476352791
6051,0.6054,10,3,10,670661,5783,113276,12980,0.04580376378152325,0.6917870276608218
6052,0.6055,7,3,7,670664,5780,113283,12973,0.045780002534533015,0.6917826481096357
6053,0.6056,8,3,8,670667,5777,113291,12965,0.04575624128754277,0.6917618183758404
6054,0.6057,1,1,1,670668,5776,113292,12964,0.045748320871879355,0.6917822838847385
6055,0.6058,6,5,6,670673,5771,113298,12958,0.04570871879356229,0.691868225746169
6056,0.6059,6,4,6,670677,5767,113304,12952,0.04567703713090863,0.6919173032747475
6057,0.606,5,5,5,670682,5762,113309,12947,0.04563743505259156,0.6920198834785397
6058,0.6061,11,4,11,670686,5758,113320,12936,0.04560575338993791,0.6919867337113512
6059,0.6062,5,3,5,670689,5755,113325,12931,0.04558199214294766,0.6920154126083699
6060,0.6063,3,1,3,670690,5754,113328,12928,0.04557407172728425,0.6920029975377369
6061,0.6064,9,2,9,670692,5752,113337,12919,0.04555823089595742,0.6919286594183494
6062,0.6065,13,1,13,670693,5751,113350,12906,0.045550310480294,0.6917510853835022
6063,0.6066,3,2,3,670695,5749,113353,12903,0.04553446964896718,0.6917756808921295
6064,0.6067,7,3,7,670698,5746,113360,12896,0.045510708401976935,0.691771269177127
6065,0.6068,4,2,4,670700,5744,113364,12892,0.045494867570650105,0.69177935179223
6066,0.6069,3,5,3,670705,5739,113367,12889,0.04545526549233304,0.6919153961777968
6067,0.607,4,6,4,670711,5733,113371,12885,0.045407742998352554,0.692072188204963
6068,0.6071,4,2,4,670713,5731,113375,12881,0.045391902167025724,0.692080378250591
6069,0.6072,7,2,7,670715,5729,113382,12874,0.045376061335698895,0.6920389184540128
6070,0.6073,5,2,5,670717,5727,113387,12869,0.04536022050437207,0.6920305442030544
6071,0.6074,8,5,8,670722,5722,113395,12861,0.045320618426055,0.6920841629446268
6072,0.6075,9,4,9,670726,5718,113404,12852,0.045288936763401344,0.6920840064620355
6073,0.6076,5,3,5,670729,5715,113409,12847,0.0452651755164111,0.6921129188665015
6074,0.6077,7,8,7,670737,5707,113416,12840,0.045201812191103787,0.6922952499056452
6075,0.6078,5,5,5,670742,5702,113421,12835,0.04516221011278672,0.6923989858121594
6076,0.6079,4,6,4,670748,5696,113425,12831,0.045114687618806236,0.6925568089814865
6077,0.608,10,3,10,670751,5693,113435,12821,0.04509092637181599,0.6925029707248569
6078,0.6081,8,6,8,670757,5687,113443,12813,0.04504340387783551,0.6925945945945946
6079,0.6082,11,2,11,670759,5685,113454,12802,0.04502756304650868,0.6924866122139882
6080,0.6083,5,3,5,670762,5682,113459,12797,0.04500380179951844,0.6925158287786135
6081,0.6084,1,1,1,670763,5681,113460,12796,0.044995881383855026,0.6925366672078801
6082,0.6085,7,4,7,670767,5677,113467,12789,0.044964199721201366,0.6925701288855194
6083,0.6086,10,3,10,670770,5674,113477,12779,0.04494043847421113,0.6925161220397767
6084,0.6087,7,2,7,670772,5672,113484,12772,0.0449245976428843,0.6924745174582521
6085,0.6088,8,3,8,670775,5669,113492,12764,0.04490083639589405,0.6924537514240764
6086,0.6089,6,6,6,670781,5663,113498,12758,0.04485331390191357,0.6925791216546333
6087,0.609,3,9,3,670790,5654,113501,12755,0.04478203016094284,0.6928676190993536
6088,0.6091,7,5,7,670795,5649,113508,12748,0.044742428082625775,0.69293906615209
6089,0.6092,9,11,9,670806,5638,113517,12739,0.044655303510328224,0.6932034608477988
6090,0.6093,4,2,4,670808,5636,113521,12735,0.044639462679001395,0.6932121278101355
6091,0.6094,4,4,4,670812,5632,113525,12731,0.044607781016347735,0.693296302347111
6092,0.6095,5,5,5,670817,5627,113530,12726,0.04456817893803067,0.6934016237127445
6093,0.6096,6,8,6,670825,5619,113536,12720,0.044504815612723354,0.6936037951905775
6094,0.6097,4,7,4,670832,5612,113540,12716,0.04444937270307946,0.6938018332605849
6095,0.6098,8,5,8,670837,5607,113548,12708,0.04440977062476239,0.6938574938574938
6096,0.6099,5,7,5,670844,5600,113553,12703,0.04435432771511849,0.6940392285417691
6097,0.61,3,5,3,670849,5595,113556,12700,0.044314725636801416,0.6941787373599344
6098,0.6101,5,5,5,670854,5590,113561,12695,0.04427512355848435,0.6942849330051956
6099,0.6102,5,5,5,670859,5585,113566,12690,0.04423552148016728,0.694391244870041
6100,0.6103,6,2,6,670861,5583,113572,12684,0.04421968064884045,0.6943668911151256
6101,0.6104,8,3,8,670864,5580,113580,12676,0.044195919401850206,0.6943470639789658
6102,0.6105,8,5,8,670869,5575,113588,12668,0.04415631732353314,0.6944033327851779
6103,0.6106,3,0,3,670869,5575,113591,12665,0.04415631732353314,0.6943530701754386
6104,0.6107,7,1,7,670870,5574,113598,12658,0.04414839690786972,0.6942738043001316
6105,0.6108,7,4,7,670874,5570,113605,12651,0.04411671524521607,0.6943087646122605
6106,0.6109,6,0,6,670874,5570,113611,12645,0.04411671524521607,0.694208070271754
6107,0.611,1,3,1,670877,5567,113612,12644,0.044092953998225826,0.6943056394486848
6108,0.6111,5,1,5,670878,5566,113617,12639,0.04408503358256241,0.6942598187311179
6109,0.6112,10,9,10,670887,5557,113627,12629,0.04401374984159169,0.6944352798856263
6110,0.6113,4,3,4,670890,5554,113631,12625,0.043989988594601445,0.6944826448099456
6111,0.6114,9,5,9,670895,5549,113640,12616,0.04395038651628438,0.6945224332507569
6112,0.6115,5,4,5,670899,5545,113645,12611,0.04391870485363072,0.694591319673937
6113,0.6116,5,5,5,670904,5540,113650,12606,0.04387910277531365,0.6946985561556266
6114,0.6117,4,5,4,670909,5535,113654,12602,0.043839500696996575,0.6948227380492915
6115,0.6118,7,7,7,670916,5528,113661,12595,0.04378405778735268,0.6949732384263091
6116,0.6119,7,4,7,670920,5524,113668,12588,0.043752376124699024,0.6950088339222615
6117,0.612,7,8,7,670928,5516,113675,12581,0.04368901279939171,0.6951980991324529
6118,0.6121,3,7,3,670935,5509,113678,12578,0.043633569889747814,0.6954165975562558
6119,0.6122,10,4,10,670939,5505,113688,12568,0.04360188822709416,0.6954019808554197
6120,0.6123,5,4,5,670943,5501,113693,12563,0.0435702065644405,0.6954716563330381
6121,0.6124,6,3,6,670946,5498,113699,12557,0.04354644531745026,0.6954860149543063
6122,0.6125,4,4,4,670950,5494,113703,12553,0.043514763654796604,0.6955726713581205
6123,0.6126,7,4,7,670954,5490,113710,12546,0.04348308199214295,0.6956087824351297
6124,0.6127,6,2,6,670956,5488,113716,12540,0.04346724116081612,0.6955846461060572
6125,0.6128,10,3,10,670959,5485,113726,12530,0.043443479913825876,0.6955315015265057
6126,0.6129,7,4,7,670963,5481,113733,12523,0.04341179825117222,0.6955676516329704
6127,0.613,5,4,5,670967,5477,113738,12518,0.043380116588518564,0.6956376771325368
6128,0.6131,11,2,11,670969,5475,113749,12507,0.04336427575719174,0.6955288621955289
6129,0.6132,6,8,6,670977,5467,113755,12501,0.04330091243188443,0.6957368655387355
6130,0.6133,5,4,5,670981,5463,113760,12496,0.04326923076923077,0.695807116209143
6131,0.6134,5,4,5,670985,5459,113765,12491,0.043237549106577115,0.6958774373259053
6132,0.6135,5,5,5,670990,5454,113770,12486,0.04319794702826004,0.6959866220735786
6133,0.6136,7,5,7,670995,5449,113777,12479,0.04315834494994297,0.696062025881303
6134,0.6137,7,3,7,670998,5446,113784,12472,0.04313458370295273,0.6960598281058153
6135,0.6138,5,4,5,671002,5442,113789,12467,0.043102902040299075,0.6961304372103412
6136,0.6139,8,5,8,671007,5437,113797,12459,0.04306329996198201,0.6961890925346446
6137,0.614,5,2,5,671009,5435,113802,12454,0.04304745913065518,0.6961820112918553
6138,0.6141,7,3,7,671012,5432,113809,12447,0.04302369788366493,0.6961798758319817
6139,0.6142,6,3,6,671015,5429,113815,12441,0.042999936636674695,0.6961947397873531
6140,0.6143,4,4,4,671019,5425,113819,12437,0.042968254974021035,0.6962826111297727
6141,0.6144,8,6,8,671025,5419,113827,12429,0.04292073248004055,0.6963805468399821
6142,0.6145,2,1,2,671026,5418,113829,12427,0.04291281206437714,0.6963855421686747
6143,0.6146,5,3,5,671029,5415,113834,12422,0.0428890508173869,0.6964175590065594
6144,0.6147,7,6,7,671035,5409,113841,12415,0.04284152832340641,0.6965327648114902
6145,0.6148,4,4,4,671039,5405,113845,12411,0.04280984666075276,0.696621014818141
6146,0.6149,5,3,5,671042,5402,113850,12406,0.04278608541376251,0.6966531895777179
6147,0.615,3,4,3,671046,5398,113853,12403,0.04275440375110886,0.6967586090669063
6148,0.6151,7,2,7,671048,5396,113860,12396,0.04273856291978203,0.6967176258992805
6149,0.6152,2,6,2,671054,5390,113862,12394,0.042691040425801546,0.6969185784975259
6150,0.6153,3,4,3,671058,5386,113865,12391,0.04265935876314789,0.6970242448107105
6151,0.6154,6,3,6,671061,5383,113871,12385,0.04263559751615765,0.6970396217919856
6152,0.6155,5,7,5,671068,5376,113876,12380,0.04258015460651375,0.6972291056544266
6153,0.6156,3,5,3,671073,5371,113879,12377,0.04254055252819668,0.6973743520396665
6154,0.6157,5,3,5,671076,5368,113884,12372,0.04251679128120644,0.6974069898534385
6155,0.6158,12,7,12,671083,5361,113896,12360,0.04246134837156254,0.6974775689859489
6156,0.6159,3,1,3,671084,5360,113899,12357,0.042453427955899126,0.6974657108991364
6157,0.616,4,4,4,671088,5356,113903,12353,0.04242174629324547,0.6975549155796488
6158,0.6161,3,3,3,671091,5353,113906,12350,0.04239798504625523,0.6976218719990962
6159,0.6162,6,4,6,671095,5349,113912,12344,0.04236630338360157,0.6976770474198836
6160,0.6163,11,3,11,671098,5346,113923,12333,0.04234254213661133,0.6976073307313763
6161,0.6164,7,5,7,671103,5341,113930,12326,0.04230294005829426,0.6976849493405785
6162,0.6165,7,5,7,671108,5336,113937,12319,0.04226333797997719,0.6977626734636081
6163,0.6166,5,4,5,671112,5332,113942,12314,0.042231656317323535,0.6978352034455401
6164,0.6167,3,3,3,671115,5329,113945,12311,0.04220789507033329,0.6979024943310658
6165,0.6168,8,3,8,671118,5326,113953,12303,0.04218413382334305,0.6978841681320551
6166,0.6169,5,7,5,671125,5319,113958,12298,0.04212869091369915,0.6980757223136743
6167,0.617,4,6,4,671131,5313,113962,12294,0.042081168419718665,0.698245016186744
6168,0.6171,5,6,5,671137,5307,113967,12289,0.04203364592573818,0.6983973630370539
6169,0.6172,6,3,6,671140,5304,113973,12283,0.042009884678747944,0.6984136009552511
6170,0.6173,4,5,4,671145,5299,113977,12279,0.04197028260043087,0.6985436340880646
6171,0.6174,7,3,7,671148,5296,113984,12272,0.04194652135344063,0.6985428051001822
6172,0.6175,7,1,7,671149,5295,113991,12265,0.041938600937777216,0.6984624145785877
6173,0.6176,9,4,9,671153,5291,114000,12256,0.04190691927512356,0.6984669744115803
6174,0.6177,5,4,5,671157,5287,114005,12251,0.041875237612469904,0.6985403124643631
6175,0.6178,8,5,8,671162,5282,114013,12243,0.04183563553415283,0.6986019971469329
6176,0.6179,10,2,10,671164,5280,114023,12233,0.041819794702826006,0.6985096785245246
6177,0.618,8,2,8,671166,5278,114031,12225,0.041803953871499176,0.698451693995315
6178,0.6181,6,4,6,671170,5274,114037,12219,0.04177227220884552,0.6985079746184188
6179,0.6182,6,3,6,671173,5271,114043,12213,0.04174851096185528,0.6985243651338366
6180,0.6183,7,6,7,671179,5265,114050,12206,0.041700988467874796,0.6986434663156087
6181,0.6184,7,4,7,671183,5261,114057,12199,0.041669306805221136,0.6986827033218785
6182,0.6185,6,5,6,671188,5256,114063,12193,0.04162970472690407,0.6987792996733337
6183,0.6186,5,1,5,671189,5255,114068,12188,0.04162178431124065,0.6987330161096141
6184,0.6187,4,3,4,671192,5252,114072,12184,0.04159802306425041,0.6987841247992659
6185,0.6188,12,7,12,671199,5245,114084,12172,0.04154258015460651,0.6988574381351553
6186,0.6189,7,4,7,671203,5241,114091,12165,0.04151089849195286,0.6988969320923819
6187,0.619,7,7,7,671210,5234,114098,12158,0.04145545558230896,0.6990570377184913
6188,0.6191,4,6,4,671216,5228,114102,12154,0.04140793308832848,0.6992290875618455
6189,0.6192,4,2,4,671218,5226,114106,12150,0.04139209225700165,0.6992403314917127
6190,0.6193,6,4,6,671222,5222,114112,12144,0.041360410594347995,0.699297477830243
6191,0.6194,4,6,4,671228,5216,114116,12140,0.041312888100367505,0.6994699239456096
6192,0.6195,8,4,8,671232,5212,114124,12132,0.04128120643771385,0.6994926199261993
6193,0.6196,7,1,7,671233,5211,114131,12125,0.04127328602205044,0.6994116289801569
6194,0.6197,9,4,9,671237,5207,114140,12116,0.041241604359396784,0.6994169601108353
6195,0.6198,7,5,7,671242,5202,114147,12109,0.04120200228107971,0.6994974293801629
6196,0.6199,4,6,4,671248,5196,114151,12105,0.04115447978709923,0.6996705392751864
6197,0.62,7,8,7,671256,5188,114158,12098,0.041091116461791914,0.6998727293763739
6198,0.6201,5,6,5,671262,5182,114163,12093,0.04104359396781143,0.7000289435600578
6199,0.6202,6,5,6,671267,5177,114169,12087,0.041003991889494364,0.7001274328081557
6200,0.6203,7,2,7,671269,5175,114176,12080,0.040988151058167534,0.7000869313242538
6201,0.6204,4,6,4,671275,5169,114180,12076,0.04094062856418705,0.7002609452015077
6202,0.6205,1,3,1,671278,5166,114181,12075,0.040916867317196806,0.7003654080389768
6203,0.6206,9,2,9,671280,5164,114190,12066,0.040901026485869976,0.7002901915264075
6204,0.6207,7,3,7,671283,5161,114197,12059,0.04087726523887974,0.7002903600464576
6205,0.6208,8,3,8,671286,5158,114205,12051,0.040853503991889493,0.7002731129060376
6206,0.6209,9,1,9,671287,5157,114214,12042,0.04084558357622608,0.7001569858712716
6207,0.621,4,5,4,671292,5152,114218,12038,0.04080598149790901,0.7002908667830133
6208,0.6211,5,0,5,671292,5152,114223,12033,0.04080598149790901,0.70020366598778
6209,0.6212,1,4,1,671296,5148,114224,12032,0.04077429983525535,0.70034924330617
6210,0.6213,1,9,1,671305,5139,114225,12031,0.04070301609428463,0.7006988934187537
6211,0.6214,7,1,7,671306,5138,114232,12024,0.040695095678621215,0.7006176436312784
6212,0.6215,7,5,7,671311,5133,114239,12017,0.04065549360030414,0.7006997084548104
6213,0.6216,6,6,6,671317,5127,114245,12011,0.04060797110632366,0.7008402380674524
6214,0.6217,5,4,5,671321,5123,114250,12006,0.040576289443670005,0.7009165742308366
6215,0.6218,3,4,3,671325,5119,114253,12003,0.040544607781016345,0.701027917299381
6216,0.6219,4,8,4,671333,5111,114257,11999,0.04048124445570903,0.7012857977790765
6217,0.622,11,5,11,671338,5106,114268,11988,0.040441642377391965,0.7012987012987013
6218,0.6221,3,5,3,671343,5101,114271,11985,0.0404020402990749,0.7014514807444692
6219,0.6222,8,4,8,671347,5097,114279,11977,0.04037035863642124,0.7014759283120534
6220,0.6223,6,3,6,671350,5094,114285,11971,0.040346597389431,0.701494286551421
6221,0.6224,8,7,8,671357,5087,114293,11963,0.0402911544797871,0.701642228739003
6222,0.6225,7,3,7,671360,5084,114300,11956,0.04026739323279686,0.7016431924882629
6223,0.6226,2,1,2,671361,5083,114302,11954,0.04025947281713344,0.7016493514116335
6224,0.6227,4,3,4,671364,5080,114306,11950,0.040235711570143204,0.7017028772753964
6225,0.6228,10,7,10,671371,5073,114316,11940,0.040180268660499306,0.7018162581555282
6226,0.6229,6,3,6,671374,5070,114322,11934,0.04015650741350906,0.7018348623853211
6227,0.623,8,4,8,671378,5066,114330,11926,0.0401248257508554,0.7018596986817326
6228,0.6231,2,4,2,671382,5062,114332,11924,0.04009314408820175,0.7019898740138938
6229,0.6232,4,5,4,671387,5057,114336,11920,0.04005354200988468,0.7021264063144254
6230,0.6233,7,3,7,671390,5054,114343,11913,0.040029780762894436,0.7021276595744681
6231,0.6234,4,3,4,671393,5051,114347,11909,0.04000601951590419,0.7021816037735849
6232,0.6235,6,8,6,671401,5043,114353,11903,0.039942656190596885,0.702407647822495
6233,0.6236,7,5,7,671406,5038,114360,11896,0.03990305411227981,0.7024920278729184
6234,0.6237,4,3,4,671409,5035,114364,11892,0.03987929286528957,0.7025462279198913
6235,0.6238,5,2,5,671411,5033,114369,11887,0.03986345203396274,0.7025413711583924
6236,0.6239,5,2,5,671413,5031,114374,11882,0.03984761120263591,0.7025365103766333
6237,0.624,6,1,6,671414,5030,114380,11876,0.0398396907869725,0.7024724949721992
6238,0.6241,10,2,10,671416,5028,114390,11866,0.039823849955645675,0.7023795430330295
6239,0.6242,8,5,8,671421,5023,114398,11858,0.0397842478773286,0.7024465375273977
6240,0.6243,6,4,6,671425,5019,114404,11852,0.03975256621467495,0.7025072609803805
6241,0.6244,2,4,2,671429,5015,114406,11850,0.03972088455202129,0.7026386006522384
6242,0.6245,9,3,9,671432,5012,114415,11841,0.03969712330503105,0.7026048774698866
6243,0.6246,4,4,4,671436,5008,114419,11837,0.03966544164237739,0.7027010982487385
6244,0.6247,3,2,3,671438,5006,114422,11834,0.03964960081105057,0.7027315914489312
6245,0.6248,4,2,4,671440,5004,114426,11830,0.03963375997972374,0.7027444457645242
6246,0.6249,2,4,2,671444,5000,114428,11828,0.03960207831707008,0.7028761587829807
6247,0.625,6,4,6,671448,4996,114434,11822,0.039570396654416425,0.702937329052206
6248,0.6251,7,4,7,671452,4992,114441,11815,0.039538714991762765,0.7029809008151365
6249,0.6252,7,3,7,671455,4989,114448,11808,0.03951495374477253,0.7029826754777639
6250,0.6253,8,5,8,671460,4984,114456,11800,0.03947535166645545,0.7030505243088656
6251,0.6254,11,2,11,671462,4982,114467,11789,0.03945951083512863,0.7029395981157951
6252,0.6255,5,0,5,671462,4982,114472,11784,0.03945951083512863,0.7028510079923656
6253,0.6256,4,3,4,671465,4979,114476,11780,0.039435749588138384,0.7029059013067606
6254,0.6257,8,6,8,671471,4973,114484,11772,0.0393882270941579,0.703015825619588
6255,0.6258,7,2,7,671473,4971,114491,11765,0.03937238626283107,0.702975621414914
6256,0.6259,6,2,6,671475,4969,114497,11759,0.03935654543150425,0.7029531324725012
6257,0.626,6,3,6,671478,4966,114503,11753,0.039332784184514004,0.702972665829296
6258,0.6261,6,1,6,671479,4965,114509,11747,0.03932486376885059,0.702908089995213
6259,0.6262,5,6,5,671485,4959,114514,11742,0.039277341274870106,0.7030716723549488
6260,0.6263,7,4,7,671489,4955,114521,11735,0.039245659612216446,0.7031156381066507
6261,0.6264,5,1,5,671490,4954,114526,11730,0.03923773919655304,0.7030688084392233
6262,0.6265,10,2,10,671492,4952,114536,11720,0.03922189836522621,0.7029750479846449
6263,0.6266,5,4,5,671496,4948,114541,11715,0.03919021670257255,0.7030546720278461
6264,0.6267,6,4,6,671500,4944,114547,11709,0.039158535039918896,0.703116555575572
6265,0.6268,8,2,8,671502,4942,114555,11701,0.039142694208592066,0.7030583428468425
6266,0.6269,7,3,7,671505,4939,114562,11694,0.03911893296160183,0.7030601815667649
6267,0.627,6,4,6,671509,4935,114568,11688,0.03908725129894817,0.7031221801118932
6268,0.6271,4,3,4,671512,4932,114572,11684,0.03906349005195792,0.7031776600866635
6269,0.6272,7,4,7,671516,4928,114579,11677,0.03903180838930427,0.7032219211081
6270,0.6273,5,2,5,671518,4926,114584,11672,0.03901596755797744,0.7032172550909748
6271,0.6274,5,1,5,671519,4925,114589,11667,0.039008047142314026,0.7031702025072324
6272,0.6275,6,6,6,671525,4919,114595,11661,0.03896052464833354,0.7033172496984319
6273,0.6276,10,5,10,671530,4914,114605,11651,0.038920922570016475,0.7033504376697857
6274,0.6277,11,0,11,671530,4914,114616,11640,0.038920922570016475,0.7031533164189924
6275,0.6278,6,4,6,671534,4910,114622,11634,0.038889240907362815,0.7032156673114119
6276,0.6279,8,10,8,671544,4900,114630,11626,0.03881003675072868,0.7034975190608738
6277,0.628,8,6,8,671550,4894,114638,11618,0.0387625142567482,0.703609496124031
6278,0.6281,12,7,12,671557,4887,114650,11606,0.0387070713471043,0.7036924755957072
6279,0.6282,1,8,1,671565,4879,114651,11605,0.03864370802179699,0.7040160155302111
6280,0.6283,6,3,6,671568,4876,114657,11599,0.03861994677480674,0.7040364188163885
6281,0.6284,6,2,6,671570,4874,114663,11593,0.03860410594347991,0.7040140887836278
6282,0.6285,7,1,7,671571,4873,114670,11586,0.0385961855278165,0.7039309800109362
6283,0.6286,5,7,5,671578,4866,114675,11581,0.0385407426181726,0.7041405727488296
6284,0.6287,8,5,8,671583,4861,114683,11573,0.03850114053985553,0.7042107825240356
6285,0.6288,8,1,8,671584,4860,114691,11565,0.038493220124192117,0.7041095890410959
6286,0.6289,4,0,4,671584,4860,114695,11561,0.038493220124192117,0.7040375129407466
6287,0.629,5,5,5,671589,4855,114700,11556,0.03845361804587505,0.7041618426665042
6288,0.6291,6,3,6,671592,4852,114706,11550,0.038429856798884804,0.7041824167784416
6289,0.6292,6,2,6,671594,4850,114712,11544,0.038414015967557974,0.704160058558009
6290,0.6293,4,3,4,671597,4847,114716,11540,0.038390254720567736,0.704216757185574
6291,0.6294,6,5,6,671602,4842,114722,11534,0.03835065264225067,0.704323400097704
6292,0.6295,4,5,4,671607,4837,114726,11530,0.038311050563933594,0.7044663041485917
6293,0.6296,7,4,7,671611,4833,114733,11523,0.03827936890127994,0.704512105649303
6294,0.6297,2,3,2,671614,4830,114735,11521,0.038255607654289696,0.7046052229221454
6295,0.6298,3,1,3,671615,4829,114738,11518,0.03824768723862628,0.7045941151281581
6296,0.6299,7,4,7,671619,4825,114745,11511,0.03821600557597263,0.7046400587659157
6297,0.63,4,4,4,671623,4821,114749,11507,0.03818432391331897,0.7047403233708966
6298,0.6301,6,1,6,671624,4820,114755,11501,0.03817640349765556,0.7046749586422401
6299,0.6302,8,3,8,671627,4817,114763,11493,0.038152642250665315,0.704659717964439
6300,0.6303,7,5,7,671632,4812,114770,11486,0.03811304017234825,0.704749048963063
6301,0.6304,4,3,4,671635,4809,114774,11482,0.038089278925358,0.7048063347860782
6302,0.6305,7,9,7,671644,4800,114781,11475,0.038017995184387275,0.7050691244239631
6303,0.6306,8,1,8,671645,4799,114789,11467,0.03801007476872386,0.7049674166974056
6304,0.6307,12,6,12,671651,4793,114801,11455,0.03796255227474338,0.7050098473658296
6305,0.6308,7,3,7,671654,4790,114808,11448,0.03793879102775314,0.7050129326271708
6306,0.6309,5,7,5,671661,4783,114813,11443,0.037883348118109235,0.7052261802046099
6307,0.631,2,3,2,671664,4780,114815,11441,0.037859586871119,0.705320263855496
6308,0.6311,8,3,8,671667,4777,114823,11433,0.03783582562412875,0.705305367057372
6309,0.6312,6,6,6,671673,4771,114829,11427,0.03778830313014827,0.7054574638844302
6310,0.6313,8,3,8,671676,4768,114837,11419,0.03776454188315803,0.7054426391548774
6311,0.6314,2,2,2,671678,4766,114839,11417,0.0377487010518312,0.7054934190199592
6312,0.6315,12,3,12,671681,4763,114851,11405,0.03772493980484096,0.7054057397328055
6313,0.6316,4,2,4,671683,4761,114855,11401,0.03770909897351413,0.7054201212721198
6314,0.6317,5,4,5,671687,4757,114860,11396,0.037677417310860474,0.7055036216182753
6315,0.6318,3,3,3,671690,4754,114863,11393,0.03765365606387023,0.7055799838979377
6316,0.6319,3,5,3,671695,4749,114866,11390,0.03761405398555316,0.7057438503005142
6317,0.632,4,3,4,671698,4746,114870,11386,0.037590292738562917,0.705802132407637
6318,0.6321,4,6,4,671704,4740,114874,11382,0.037542770244582434,0.7059918124302196
6319,0.6322,4,7,4,671711,4733,114878,11378,0.037487327334938536,0.706225560176277
6320,0.6323,4,4,4,671715,4729,114882,11374,0.03745564567228488,0.7063280134136496
6321,0.6324,4,6,4,671721,4723,114886,11370,0.0374081231783044,0.7065183620207544
6322,0.6325,8,1,8,671722,4722,114894,11362,0.037400202762640986,0.7064163143496642
6323,0.6326,6,2,6,671724,4720,114900,11356,0.037384361931314156,0.7063946255287384
6324,0.6327,3,3,3,671727,4717,114903,11353,0.03736060068432391,0.706471686372122
6325,0.6328,3,0,3,671727,4717,114906,11350,0.03736060068432391,0.7064168793178565
6326,0.6329,7,1,7,671728,4716,114913,11343,0.037352680268660496,0.7063328974406875
6327,0.633,4,6,4,671734,4710,114917,11339,0.03730515777468001,0.7065237709514611
6328,0.6331,3,2,3,671736,4708,114920,11336,0.03728931694335319,0.706556968337073
6329,0.6332,6,3,6,671739,4705,114926,11330,0.037265555696362945,0.7065793576551294
6330,0.6333,8,6,8,671745,4699,114934,11322,0.03721803320238246,0.7066974595842956
6331,0.6334,3,5,3,671750,4694,114937,11319,0.03717843112406539,0.706863173671392
6332,0.6335,7,3,7,671753,4691,114944,11312,0.03715466987707515,0.7068674623508092
6333,0.6336,4,5,4,671758,4686,114948,11308,0.03711506779875808,0.7070151306740028
6334,0.6337,5,2,5,671760,4684,114953,11303,0.03709922696743125,0.7070119472071058
6335,0.6338,3,2,3,671762,4682,114956,11300,0.03708338613610442,0.7070454261043674
6336,0.6339,5,5,5,671767,4677,114961,11295,0.037043784057787355,0.7071750563486101
6337,0.634,2,5,2,671772,4672,114963,11293,0.03700418197947028,0.7073598496711556
6338,0.6341,1,3,1,671775,4669,114964,11292,0.03698042073248004,0.707474469018232
6339,0.6342,6,3,6,671778,4666,114970,11286,0.0369566594854898,0.7074974924774323
6340,0.6343,4,5,4,671783,4661,114974,11282,0.03691705740717273,0.7076459888352254
6341,0.6344,6,2,6,671785,4659,114980,11276,0.0369012165758459,0.707624725447129
6342,0.6345,4,3,4,671788,4656,114984,11272,0.03687745532885566,0.7076845806127574
6343,0.6346,4,6,4,671794,4650,114988,11268,0.03682993283487517,0.7078778741047871
6344,0.6347,5,4,5,671798,4646,114993,11263,0.03679825117222152,0.7079640455088315
6345,0.6348,4,4,4,671802,4642,114997,11259,0.03676656950956786,0.7080686749261053
6346,0.6349,8,4,8,671806,4638,115005,11251,0.036734887846914206,0.7080999433570394
6347,0.635,2,5,2,671811,4633,115007,11249,0.03669528576859714,0.708286110061705
6348,0.6351,8,7,8,671818,4626,115015,11241,0.03663984285895324,0.7084515031196824
6349,0.6352,6,8,6,671826,4618,115021,11235,0.03657647953364593,0.7086986690216363
6350,0.6353,2,2,2,671828,4616,115023,11233,0.0365606387023191,0.708751340778598
6351,0.6354,6,1,6,671829,4615,115029,11227,0.03655271828665568,0.708685771998485
6352,0.6355,9,5,9,671834,4610,115038,11218,0.036513116208338615,0.7087439979782664
6353,0.6356,7,3,7,671837,4607,115045,11211,0.03648935496134837,0.708749525856619
6354,0.6357,10,4,10,671841,4603,115055,11201,0.03645767329869472,0.708744621614781
6355,0.6358,10,3,10,671844,4600,115065,11191,0.03643391205170447,0.7086948261668039
6356,0.6359,5,5,5,671849,4595,115070,11186,0.036394309973387405,0.70882707052785
6357,0.636,10,5,10,671854,4590,115080,11176,0.03635470789507033,0.7088671825447165
6358,0.6361,11,2,11,671856,4588,115091,11165,0.03633886706374351,0.7087538881482892
6359,0.6362,6,1,6,671857,4587,115097,11159,0.03633094664808009,0.7086879207417757
6360,0.6363,7,3,7,671860,4584,115104,11152,0.03630718540108985,0.7086934417895272
6361,0.6364,6,2,6,671862,4582,115110,11146,0.03629134456976302,0.7086724313326551
6362,0.6365,7,3,7,671865,4579,115117,11139,0.03626758332277278,0.708677948848454
6363,0.6366,4,5,4,671870,4574,115121,11135,0.03622798124445571,0.7088293335030874
6364,0.6367,4,1,4,671871,4573,115125,11131,0.0362200608287923,0.7088003056546103
6365,0.6368,6,2,6,671873,4571,115131,11125,0.03620421999746547,0.7087793068297655
6366,0.6369,5,3,5,671876,4568,115136,11120,0.03618045875047522,0.7088220295767466
6367,0.637,10,1,10,671877,4567,115146,11110,0.036172538334811814,0.7086815079415705
6368,0.6371,3,7,3,671884,4560,115149,11107,0.03611709542516791,0.7089423629284484
6369,0.6372,7,6,7,671890,4554,115156,11100,0.03606957293118743,0.7090839402069758
6370,0.6373,5,0,5,671890,4554,115161,11095,0.03606957293118743,0.7089909898396064
6371,0.6374,4,6,4,671896,4548,115165,11091,0.036022050437206944,0.7091885670439286
6372,0.6375,6,9,6,671905,4539,115171,11085,0.03595076669623622,0.7094854070660522
6373,0.6376,3,1,3,671906,4538,115174,11082,0.0359428462805728,0.7094750320102433
6374,0.6377,2,3,2,671909,4535,115176,11080,0.035919085033582564,0.7095741274415626
6375,0.6378,9,3,9,671912,4532,115185,11071,0.03589532378659232,0.7095430365955265
6376,0.6379,4,3,4,671915,4529,115189,11067,0.03587156253960208,0.7096050269299821
6377,0.638,6,1,6,671916,4528,115195,11061,0.035863642123938666,0.7095387773429983
6378,0.6381,10,4,10,671920,4524,115205,11051,0.035831960461285006,0.7095345104333869
6379,0.6382,5,3,5,671923,4521,115210,11046,0.03580819921429477,0.709577953362883
6380,0.6383,5,0,5,671923,4521,115215,11041,0.03580819921429477,0.7094846420768539
6381,0.6384,5,4,5,671927,4517,115220,11036,0.03577651755164111,0.709573715681862
6382,0.6385,10,3,10,671930,4514,115230,11026,0.03575275630465087,0.7095238095238096
6383,0.6386,6,4,6,671934,4510,115236,11020,0.03572107464199721,0.7095943335479716
6384,0.6387,4,2,4,671936,4508,115240,11016,0.03570523381067038,0.7096109250193249
6385,0.6388,7,2,7,671938,4506,115247,11009,0.03568939297934356,0.7095713825330325
6386,0.6389,3,4,3,671942,4502,115250,11006,0.0356577113166899,0.7096982202734072
6387,0.639,5,4,5,671946,4498,115255,11001,0.035626029654036245,0.7097877282405316
6388,0.6391,6,3,6,671949,4495,115261,10995,0.035602268407046,0.709812782440284
6389,0.6392,5,3,5,671952,4492,115266,10990,0.03557850716005576,0.7098566076734272
6390,0.6393,7,5,7,671957,4487,115273,10983,0.03553890508173869,0.7099547511312218
6391,0.6394,2,2,2,671959,4485,115275,10981,0.035523064250411865,0.7100090521143153
6392,0.6395,3,3,3,671962,4482,115278,10978,0.03549930300342162,0.7100905562742561
6393,0.6396,5,4,5,671966,4478,115283,10973,0.03546762134076796,0.710180570836839
6394,0.6397,6,4,6,671970,4474,115289,10967,0.03543593967811431,0.710251926688686
6395,0.6398,5,9,5,671979,4465,115294,10962,0.03536465593714358,0.7105723731120762
6396,0.6399,3,2,3,671981,4463,115297,10959,0.03534881510581675,0.7106082220204902
6397,0.64,11,7,11,671988,4456,115308,10948,0.03529337219617285,0.7107244871461957
6398,0.6401,8,2,8,671990,4454,115316,10940,0.03527753136484603,0.7106664934390022
6399,0.6402,3,1,3,671991,4453,115319,10937,0.035269610949182614,0.7106562703053931
6400,0.6403,4,2,4,671993,4451,115323,10933,0.035253770117855784,0.7106734269370775
6401,0.6404,13,1,13,671994,4450,115336,10920,0.03524584970219237,0.7104749512036435
6402,0.6405,4,5,4,671999,4445,115340,10916,0.0352062476238753,0.7106308183060999
6403,0.6406,2,3,2,672002,4442,115342,10914,0.03518248637688506,0.7107319614482939
6404,0.6407,6,5,6,672007,4437,115348,10908,0.03514288429856799,0.7108504398826979
6405,0.6408,3,2,3,672009,4435,115351,10905,0.03512704346724116,0.7108865710560626
6406,0.6409,4,2,4,672011,4433,115355,10901,0.035111202635914336,0.7109038737446198
6407,0.641,4,4,4,672015,4429,115359,10897,0.035079520973260676,0.7110139631997912
6408,0.6411,6,2,6,672017,4427,115365,10891,0.035063680141933846,0.7109936022979502
6409,0.6412,3,1,3,672018,4426,115368,10888,0.03505575972627043,0.7109834138696618
6410,0.6413,6,1,6,672019,4425,115374,10882,0.035047839310607024,0.7109165741164173
6411,0.6414,5,0,5,672019,4425,115379,10877,0.035047839310607024,0.710822114756241
6412,0.6415,6,7,6,672026,4418,115385,10871,0.034992396400963126,0.7110340767872326
6413,0.6416,3,4,3,672030,4414,115388,10868,0.034960714738309466,0.711163460280068
6414,0.6417,6,1,6,672031,4413,115394,10862,0.03495279432264605,0.7110965630114566
6415,0.6418,6,4,6,672035,4409,115400,10856,0.0349211126599924,0.7111693416311824
6416,0.6419,7,4,7,672039,4405,115407,10849,0.03488943099733874,0.7112232856955553
6417,0.642,3,3,3,672042,4402,115410,10846,0.0348656697503485,0.7113064008394544
6418,0.6421,12,1,12,672043,4401,115422,10834,0.034857749334685086,0.7111256974072858
6419,0.6422,8,7,8,672050,4394,115430,10826,0.03480230642504119,0.7113009198423127
6420,0.6423,7,2,7,672052,4392,115437,10819,0.03478646559371436,0.7112615870094011
6421,0.6424,3,2,3,672054,4390,115440,10816,0.03477062476238753,0.7112981717742997
6422,0.6425,4,3,4,672057,4387,115444,10812,0.03474686351539729,0.7113625896440555
6423,0.6426,6,2,6,672059,4385,115450,10806,0.03473102268407046,0.711342242117043
6424,0.6427,4,3,4,672062,4382,115454,10802,0.034707261437080215,0.7114067439409906
6425,0.6428,5,4,5,672066,4378,115459,10797,0.03467557977442656,0.711499176276771
6426,0.6429,8,5,8,672071,4373,115467,10789,0.034635977696109495,0.7115815855428044
6427,0.643,6,2,6,672073,4371,115473,10783,0.034620136864782665,0.7115613039461528
6428,0.6431,2,4,2,672077,4367,115475,10781,0.034588455202129005,0.7117111169791391
6429,0.6432,5,2,5,672079,4365,115480,10776,0.03457261437080218,0.7117099266891223
6430,0.6433,6,5,6,672084,4360,115486,10770,0.03453301229248511,0.7118307997356246
6431,0.6434,3,2,3,672086,4358,115489,10767,0.034517171461158284,0.7118677685950413
6432,0.6435,8,2,8,672088,4356,115497,10759,0.034501330629831455,0.7118094608005293
6433,0.6436,5,4,5,672092,4352,115502,10754,0.034469648967177795,0.7119025552760493
6434,0.6437,3,2,3,672094,4350,115505,10751,0.03445380813585097,0.7119396066485664
6435,0.6438,3,4,3,672098,4346,115508,10748,0.03442212647319731,0.712071021597986
6436,0.6439,3,4,3,672102,4342,115511,10745,0.03439044481054366,0.7122025584940678
6437,0.644,7,3,7,672105,4339,115518,10738,0.034366683563553414,0.7122106519864695
6438,0.6441,3,3,3,672108,4336,115521,10735,0.034342922316563176,0.7122951363545883
6439,0.6442,6,2,6,672110,4334,115527,10729,0.034327081485236347,0.7122751111996283
6440,0.6443,6,2,6,672112,4332,115533,10723,0.03431124065390952,0.7122550647625374
6441,0.6444,8,4,8,672116,4328,115541,10715,0.034279558991255864,0.7122914312304727
6442,0.6445,11,5,11,672121,4323,115552,10704,0.03423995691293879,0.7123178279097624
6443,0.6446,2,2,2,672123,4321,115554,10702,0.034224116081611966,0.7123743593157159
6444,0.6447,7,5,7,672128,4316,115561,10695,0.03418451400329489,0.7124775164879089
6445,0.6448,3,3,3,672131,4313,115564,10692,0.03416075275630465,0.7125624791736088
6446,0.6449,4,5,4,672136,4308,115568,10688,0.03412115067798758,0.7127233929047746
6447,0.645,0,2,0,672138,4306,115568,10688,0.034105309846660756,0.7128184607176203
6448,0.6451,7,2,7,672140,4304,115575,10681,0.034089469015333926,0.7127794461127794
6449,0.6452,4,4,4,672144,4300,115579,10677,0.034057787352680266,0.7128931027575616
6450,0.6453,7,1,7,672145,4299,115586,10670,0.03404986693701686,0.7128064666978422
6451,0.6454,6,2,6,672147,4297,115592,10664,0.03403402610569003,0.7127865784372702
6452,0.6455,6,6,6,672153,4291,115598,10658,0.033986503611709545,0.7129573884540772
6453,0.6456,4,3,4,672156,4288,115602,10654,0.0339627423647193,0.7130236916075492
6454,0.6457,9,3,9,672159,4285,115611,10645,0.033938981117729056,0.7129939718687207
6455,0.6458,5,2,5,672161,4283,115616,10640,0.03392314028640223,0.7129933659451853
6456,0.6459,5,2,5,672163,4281,115621,10635,0.0339072994550754,0.7129927594529365
6457,0.646,2,2,2,672165,4279,115623,10633,0.03389145862374857,0.7130498927038627
6458,0.6461,6,6,6,672171,4273,115629,10627,0.03384393612976809,0.7132214765100671
6459,0.6462,6,2,6,672173,4271,115635,10621,0.03382809529844126,0.7132017190437819
6460,0.6463,6,3,6,672176,4268,115641,10615,0.03380433405145102,0.713229859571323
6461,0.6464,8,5,8,672181,4263,115649,10607,0.03376473197313395,0.713315400134499
6462,0.6465,6,3,6,672184,4260,115655,10601,0.03374097072614371,0.7133436511674853
6463,0.6466,4,3,4,672187,4257,115659,10597,0.033717209479153465,0.7134105291503972
6464,0.6467,2,4,2,672191,4253,115661,10595,0.03368552781649981,0.7135641163793104
6465,0.6468,2,2,2,672193,4251,115663,10593,0.03366968698517298,0.7136216653193209
6466,0.6469,7,3,7,672196,4248,115670,10586,0.03364592573818274,0.7136308480517729
6467,0.647,7,5,7,672201,4243,115677,10579,0.03360632365986567,0.7137363378761301
6468,0.6471,6,3,6,672204,4240,115683,10573,0.033582562412875425,0.7137649362046851
6469,0.6472,9,1,9,672205,4239,115692,10564,0.03357464199721202,0.7136391272039452
6470,0.6473,3,3,3,672208,4236,115695,10561,0.03355088075022177,0.7137257552206528
6471,0.6474,8,2,8,672210,4234,115703,10553,0.03353503991889494,0.7136674105633326
6472,0.6475,7,6,7,672216,4228,115710,10546,0.03348751742491446,0.7138215784486259
6473,0.6476,6,2,6,672218,4226,115716,10540,0.03347167659358763,0.7138019775159149
6474,0.6477,4,2,4,672220,4224,115720,10536,0.033455835762260806,0.7138211382113822
6475,0.6478,6,5,6,672225,4219,115726,10530,0.03341623368394373,0.7139467082514068
6476,0.6479,8,5,8,672230,4214,115734,10522,0.033376631605626664,0.7140336590662324
6477,0.648,5,4,5,672234,4210,115739,10517,0.033344949942973004,0.7141305085896652
6478,0.6481,8,1,8,672235,4209,115747,10509,0.033337029527309596,0.714023644516918
6479,0.6482,6,4,6,672239,4205,115753,10503,0.033305347864655936,0.7141011694316018
6480,0.6483,4,2,4,672241,4203,115757,10499,0.033289507033329106,0.7141205278193443
6481,0.6484,6,7,6,672248,4196,115763,10493,0.03323406412368521,0.7143440669889033
6482,0.6485,8,1,8,672249,4195,115771,10485,0.033226143708021794,0.7142370572207084
6483,0.6486,6,5,6,672254,4190,115777,10479,0.033186541629704726,0.7143636239689141
6484,0.6487,12,4,12,672258,4186,115789,10467,0.03315485996705107,0.7143247116631406
6485,0.6488,5,3,5,672261,4183,115794,10462,0.03313109872006083,0.7143735063161488
6486,0.6489,8,3,8,672264,4180,115802,10454,0.03310733747307058,0.7143638103047697
6487,0.649,7,2,7,672266,4178,115809,10447,0.03309149664174376,0.7143247863247864
6488,0.6491,5,1,5,672267,4177,115814,10442,0.033083576226080345,0.7142759422669129
6489,0.6492,4,4,4,672271,4173,115818,10438,0.033051894563426686,0.7143932653480255
6490,0.6493,10,2,10,672273,4171,115828,10428,0.03303605373209986,0.7142954996917598
6491,0.6494,6,3,6,672276,4168,115834,10422,0.03301229248510962,0.7143248800548321
6492,0.6495,8,3,8,672279,4165,115842,10414,0.03298853123811938,0.7143151107757734
6493,0.6496,6,3,6,672282,4162,115848,10408,0.032964769991129135,0.7143445435827042
6494,0.6497,11,4,11,672286,4158,115859,10397,0.032933088328475475,0.7143249742356579
6495,0.6498,8,2,8,672288,4156,115867,10389,0.03291724749714865,0.7142660708147129
6496,0.6499,6,2,6,672290,4154,115873,10383,0.03290140666582182,0.7142464057233266
6497,0.65,8,4,8,672294,4150,115881,10375,0.03286972500316817,0.7142857142857143
6498,0.6501,6,1,6,672295,4149,115887,10369,0.032861804587504755,0.7142168342746935
6499,0.6502,2,1,2,672296,4148,115889,10367,0.03285388417184134,0.7142266620737169
6500,0.6503,2,4,2,672300,4144,115891,10365,0.03282220250918768,0.7143841753394445
6501,0.6504,7,3,7,672303,4141,115898,10358,0.03279844126219744,0.7143940961445617
6502,0.6505,2,2,2,672305,4139,115900,10356,0.03278260043087061,0.7144532597447396
6503,0.6506,12,2,12,672307,4137,115912,10344,0.03276675959954378,0.7143153097161798
6504,0.6507,7,8,7,672315,4129,115919,10337,0.03270339627423647,0.7145721000967786
6505,0.6508,5,2,5,672317,4127,115924,10332,0.03268755544290965,0.7145722387440349
6506,0.6509,4,3,4,672320,4124,115928,10328,0.0326637941959194,0.7146415721007473
6507,0.651,7,2,7,672322,4122,115935,10321,0.03264795336459257,0.7146022294537147
6508,0.6511,8,2,8,672324,4120,115943,10313,0.03263211253326575,0.7145430610406707
6509,0.6512,4,2,4,672326,4118,115947,10309,0.03261627170193892,0.7145629722048936
6510,0.6513,3,4,3,672330,4114,115950,10306,0.03258459003928526,0.7147018030513176
6511,0.6514,2,5,2,672335,4109,115952,10304,0.03254498796096819,0.7149101505585236
6512,0.6515,10,5,10,672340,4104,115962,10294,0.032505385882651124,0.7149604111682178
6513,0.6516,8,5,8,672345,4099,115970,10286,0.03246578380433405,0.7150503997219325
6514,0.6517,8,4,8,672349,4095,115978,10278,0.032434102141680396,0.715090795241077
6515,0.6518,8,3,8,672352,4092,115986,10270,0.03241034089469015,0.7150814649770227
6516,0.6519,8,1,8,672353,4091,115994,10262,0.032402420479026736,0.7149724796209852
6517,0.652,3,2,3,672355,4089,115997,10259,0.03238657964769991,0.7150125453024812
6518,0.6521,6,4,6,672359,4085,116003,10253,0.03235489798504625,0.7150927604965825
6519,0.6522,2,2,2,672361,4083,116005,10251,0.03233905715371943,0.7151527835914608
6520,0.6523,8,6,8,672367,4077,116013,10243,0.03229153465973894,0.7152932960893855
6521,0.6524,5,5,5,672372,4072,116018,10238,0.03225193258142187,0.7154437456324249
6522,0.6525,3,2,3,672374,4070,116021,10235,0.03223609175009504,0.7154840964697659
6523,0.6526,3,3,3,672377,4067,116024,10232,0.032212330503104805,0.7155745157003987
6524,0.6527,7,3,7,672380,4064,116031,10225,0.03218856925611456,0.7155854153544685
6525,0.6528,5,3,5,672383,4061,116036,10220,0.032164808009124315,0.7156361599327778
6526,0.6529,4,2,4,672385,4059,116040,10216,0.03214896717779749,0.7156567425569177
6527,0.653,8,5,8,672390,4054,116048,10208,0.03210936509948042,0.7157481419155799
6528,0.6531,5,2,5,672392,4052,116053,10203,0.032093524268153595,0.7157488600491055
6529,0.6532,2,5,2,672397,4047,116055,10201,0.03205392218983652,0.7159601347557552
6530,0.6533,5,3,5,672400,4044,116060,10196,0.03203016094284628,0.7160112359550562
6531,0.6534,8,3,8,672403,4041,116068,10188,0.03200639969585604,0.7160025300442757
6532,0.6535,5,5,5,672408,4036,116073,10183,0.03196679761753897,0.7161544412405936
6533,0.6536,6,1,6,672409,4035,116079,10177,0.031958877201875555,0.7160849985927386
6534,0.6537,6,4,6,672413,4031,116085,10171,0.0319271955392219,0.7161667370792846
6535,0.6538,2,4,2,672417,4027,116087,10169,0.03189551387656824,0.7163285432516202
6536,0.6539,3,2,3,672419,4025,116090,10166,0.03187967304524141,0.7163695299837926
6537,0.654,4,6,4,672425,4019,116094,10162,0.03183215055126093,0.716592623933432
6538,0.6541,5,5,5,672430,4014,116099,10157,0.03179254847294386,0.7167454660927246
6539,0.6542,8,4,8,672434,4010,116107,10149,0.0317608668102902,0.7167879087506179
6540,0.6543,4,3,4,672437,4007,116111,10145,0.031737105563299964,0.7168598078010175
6541,0.6544,10,3,10,672440,4004,116121,10135,0.03171334431630972,0.7168116557040809
6542,0.6545,4,4,4,672444,4000,116125,10131,0.031681662653656066,0.716934399547095
6543,0.6546,7,1,7,672445,3999,116132,10124,0.03167374223799265,0.7168448629894498
6544,0.6547,7,0,7,672445,3999,116139,10117,0.03167374223799265,0.7167044488523661
6545,0.6548,6,2,6,672447,3997,116145,10111,0.03165790140666582,0.7166855684717891
6546,0.6549,6,3,6,672450,3994,116151,10105,0.031634140159675576,0.716717497694872
6547,0.655,3,5,3,672455,3989,116154,10102,0.03159453808135851,0.7169115037967497
6548,0.6551,4,1,4,672456,3988,116158,10098,0.031586617665695094,0.7168820105068863
6549,0.6552,4,3,4,672459,3985,116162,10094,0.031562856418704856,0.7169543291426947
6550,0.6553,9,4,9,672463,3981,116171,10085,0.031531174756051196,0.7169771079198066
6551,0.6554,4,7,4,672470,3974,116175,10081,0.0314757318464073,0.7172536463891853
6552,0.6555,4,5,4,672475,3969,116179,10077,0.03143612976809023,0.7174284493806066
6553,0.6556,5,3,5,672478,3966,116184,10072,0.031412368521099986,0.7174811226670466
6554,0.6557,2,3,2,672481,3963,116186,10070,0.03138860727410975,0.7175942421435189
6555,0.6558,12,5,12,672486,3958,116198,10058,0.03134900519579267,0.7176084474885844
6556,0.6559,10,3,10,672489,3955,116208,10048,0.031325243948802435,0.717560522745126
6557,0.656,3,4,3,672493,3951,116211,10045,0.031293562286148775,0.717705058588168
6558,0.6561,4,6,4,672499,3945,116215,10041,0.031246039792168293,0.717932217932218
6559,0.6562,6,2,6,672501,3943,116221,10035,0.031230198960841466,0.7179138646444413
6560,0.6563,4,4,4,672505,3939,116225,10031,0.03119851729818781,0.7180386542591267
6561,0.6564,6,3,6,672508,3936,116231,10025,0.03117475605119757,0.7180717713630829
6562,0.6565,8,5,8,672513,3931,116239,10017,0.031135153972880497,0.7181674792084887
6563,0.6566,6,3,6,672516,3928,116245,10011,0.031111392725890256,0.7182007317598106
6564,0.6567,7,2,7,672518,3926,116252,10004,0.031095551894563426,0.7181622397702799
6565,0.6568,7,6,7,672524,3920,116259,9997,0.031048029400582943,0.7183300998778472
6566,0.6569,5,5,5,672529,3915,116264,9992,0.031008427322265872,0.7184870928309485
6567,0.657,8,3,8,672532,3912,116272,9984,0.03098466607527563,0.7184801381692574
6568,0.6571,7,4,7,672536,3908,116279,9977,0.030952984412621974,0.7185451926539431
6569,0.6572,2,5,2,672541,3903,116281,9975,0.030913382334304903,0.7187635105923044
6570,0.6573,7,2,7,672543,3901,116288,9968,0.030897541502978076,0.7187252145071743
6571,0.6574,5,7,5,672550,3894,116293,9963,0.03084209859333418,0.7189867936782853
6572,0.6575,7,1,7,672551,3893,116300,9956,0.030834178177670764,0.7188966712398007
6573,0.6576,3,2,3,672553,3891,116303,9953,0.030818337346343937,0.7189396128286623
6574,0.6577,4,2,4,672555,3889,116307,9949,0.030802496515017107,0.7189622777858072
6575,0.6578,5,2,5,672557,3887,116312,9944,0.03078665568369028,0.7189646446388548
6576,0.6579,4,2,4,672559,3885,116316,9940,0.03077081485236345,0.7189873417721518
6577,0.658,3,2,3,672561,3883,116319,9937,0.030754974021036625,0.7190303907380607
6578,0.6581,5,2,5,672563,3881,116324,9932,0.030739133189709795,0.7190327951929342
6579,0.6582,9,0,9,672563,3881,116333,9923,0.030739133189709795,0.7188496088090408
6580,0.6583,11,4,11,672567,3877,116344,9912,0.03070745152705614,0.7188338530712887
6581,0.6584,4,3,4,672570,3874,116348,9908,0.030683690280065897,0.7189087215208243
6582,0.6585,7,1,7,672571,3873,116355,9901,0.030675769864402482,0.7188180630172789
6583,0.6586,3,5,3,672576,3868,116358,9898,0.030636167786085414,0.7190178701147756
6584,0.6587,6,3,6,672579,3865,116364,9892,0.030612406539095173,0.7190521189212764
6585,0.6588,5,4,5,672583,3861,116369,9887,0.030580724876441517,0.7191591504218795
6586,0.6589,2,2,2,672585,3859,116371,9885,0.030564884045114687,0.7192229336437719
6587,0.659,4,1,4,672586,3858,116375,9881,0.030556963629451275,0.7191935366474999
6588,0.6591,5,2,5,672588,3856,116380,9876,0.030541122798124445,0.719196038450335
6589,0.6592,10,4,10,672592,3852,116390,9866,0.03050944113547079,0.719201049715702
6590,0.6593,7,4,7,672596,3848,116397,9859,0.030477759472817133,0.7192675275406727
6591,0.6594,4,4,4,672600,3844,116401,9855,0.030446077810163476,0.7193955763194394
6592,0.6595,5,4,5,672604,3840,116406,9850,0.03041439614750982,0.7195032870708546
6593,0.6596,7,3,7,672607,3837,116413,9843,0.03039063490051958,0.7195175438596492
6594,0.6597,10,3,10,672610,3834,116423,9833,0.030366873653529337,0.7194702568230044
6595,0.6598,2,2,2,672612,3832,116425,9831,0.030351032822202507,0.7195345092585815
6596,0.6599,3,2,3,672614,3830,116428,9828,0.03033519199087568,0.7195782691462879
6597,0.66,5,1,5,672615,3829,116433,9823,0.030327271575212266,0.7195282742455318
6598,0.6601,4,3,4,672618,3826,116437,9819,0.030303510328222025,0.7196042506412605
6599,0.6602,7,3,7,672621,3823,116444,9812,0.030279749081231783,0.7196186285295196
6600,0.6603,4,6,4,672627,3817,116448,9808,0.0302322265872513,0.7198532110091743
6601,0.6604,5,6,5,672633,3811,116453,9803,0.030184704093270814,0.7200675774937564
6602,0.6605,6,1,6,672634,3810,116459,9797,0.0301767836776074,0.7199970603365915
6603,0.6606,5,2,5,672636,3808,116464,9792,0.030160942846280573,0.72
6604,0.6607,7,3,7,672639,3805,116471,9785,0.03013718159929033,0.7200147167034584
6605,0.6608,7,6,7,672645,3799,116478,9778,0.030089659105309845,0.7201885541724976
6606,0.6609,5,3,5,672648,3796,116483,9773,0.030065897858319604,0.7202446753629597
6607,0.661,5,2,5,672650,3794,116488,9768,0.030050057026992778,0.7202477510691638
6608,0.6611,7,3,7,672653,3791,116495,9761,0.030026295780002536,0.7202626918536009
6609,0.6612,10,4,10,672657,3787,116505,9751,0.02999461411734888,0.7202688728024819
6610,0.6613,7,4,7,672661,3783,116512,9744,0.029962932454695224,0.7203371035706365
6611,0.6614,4,2,4,672663,3781,116516,9740,0.029947091623368394,0.7203609200502922
6612,0.6615,6,4,6,672667,3777,116522,9734,0.029915409960714737,0.7204500037006883
6613,0.6616,2,5,2,672672,3772,116524,9732,0.02987580788239767,0.720675355450237
6614,0.6617,3,1,3,672673,3771,116527,9729,0.029867887466734255,0.7206666666666667
6615,0.6618,7,4,7,672677,3767,116534,9722,0.0298362058040806,0.7207354140410706
6616,0.6619,7,2,7,672679,3765,116541,9715,0.02982036497275377,0.7206973293768546
6617,0.662,6,4,6,672683,3761,116547,9709,0.029788683310100116,0.7207869339272457
6618,0.6621,4,4,4,672687,3757,116551,9705,0.02975700164744646,0.7209181399494874
6619,0.6622,5,6,5,672693,3751,116556,9700,0.029709479153465973,0.7211359750204446
6620,0.6623,7,6,7,672699,3745,116563,9693,0.02966195665948549,0.7213126953415687
6621,0.6624,3,1,3,672700,3744,116566,9690,0.029654036243822075,0.7213041536400179
6622,0.6625,3,4,3,672704,3740,116569,9687,0.02962235458116842,0.7214567662173234
6623,0.6626,3,8,3,672712,3732,116572,9684,0.029558991255861106,0.721824686940966
6624,0.6627,5,6,5,672718,3726,116577,9679,0.029511468761880624,0.7220440134278254
6625,0.6628,6,2,6,672720,3724,116583,9673,0.029495627930553797,0.7220273195491528
6626,0.6629,6,1,6,672721,3723,116589,9667,0.029487707514890382,0.7219566840926064
6627,0.663,6,2,6,672723,3721,116595,9661,0.029471866683563552,0.7219399192945748
6628,0.6631,6,7,6,672730,3714,116601,9655,0.029416423773919655,0.72219313336824
6629,0.6632,2,4,2,672734,3710,116603,9653,0.029384742111266,0.7223677317967522
6630,0.6633,7,6,7,672740,3704,116610,9646,0.029337219617285516,0.7225468164794008
6631,0.6634,9,3,9,672743,3701,116619,9637,0.029313458370295274,0.7225221172589593
6632,0.6635,6,4,6,672747,3697,116625,9631,0.029281776707641618,0.7226140456182473
6633,0.6636,5,1,5,672748,3696,116630,9626,0.029273856291978203,0.7225641795526198
6634,0.6637,7,2,7,672750,3694,116637,9619,0.029258015460651376,0.7225268534515136
6635,0.6638,4,4,4,672754,3690,116641,9615,0.02922633379799772,0.7226606538895152
6636,0.6639,4,2,4,672756,3688,116645,9611,0.02921049296667089,0.7226859162343033
6637,0.664,3,2,3,672758,3686,116648,9608,0.029194652135344064,0.7227320595757485
6638,0.6641,1,3,1,672761,3683,116649,9607,0.029170890888353822,0.7228743416102332
6639,0.6642,1,2,1,672763,3681,116650,9606,0.029155050057026993,0.7229622939715511
6640,0.6643,3,3,3,672766,3678,116653,9603,0.02913128881003675,0.7230630223627739
6641,0.6644,4,3,4,672769,3675,116657,9599,0.02910752756304651,0.723142986288986
6642,0.6645,9,1,9,672770,3674,116666,9590,0.029099607147383095,0.7230096501809409
6643,0.6646,5,2,5,672772,3672,116671,9585,0.029083766316056265,0.7230142566191446
6644,0.6647,7,2,7,672774,3670,116678,9578,0.02906792548472944,0.7229770531400966
6645,0.6648,8,1,8,672775,3669,116686,9570,0.029060005069066024,0.7228642646725584
6646,0.6649,3,3,3,672778,3666,116689,9567,0.029036243822075782,0.7229653139877579
6647,0.665,6,4,6,672782,3662,116695,9561,0.029004562159422126,0.7230583074945172
6648,0.6651,6,4,6,672786,3658,116701,9555,0.02897288049676847,0.7231514417619012
6649,0.6652,5,2,5,672788,3656,116706,9550,0.028957039665441643,0.723156141147963
6650,0.6653,4,2,4,672790,3654,116710,9546,0.028941198834114813,0.7231818181818181
6651,0.6654,3,6,3,672796,3648,116713,9543,0.02889367634013433,0.7234478053218103
6652,0.6655,4,4,4,672800,3644,116717,9539,0.028861994677480674,0.7235834028673291
6653,0.6656,9,8,9,672808,3636,116726,9530,0.02879863135217336,0.7238341181831992
6654,0.6657,8,4,8,672812,3632,116734,9522,0.028766949689519705,0.7238862703360195
6655,0.6658,8,5,8,672817,3627,116742,9514,0.028727347611202637,0.7239936077924054
6656,0.6659,6,4,6,672821,3623,116748,9508,0.02869566594854898,0.7240880359454726
6657,0.666,3,3,3,672824,3620,116751,9505,0.028671904701558736,0.7241904761904762
6658,0.6661,3,4,3,672828,3616,116754,9502,0.028640223038905083,0.7243482238146058
6659,0.6662,8,3,8,672831,3613,116762,9494,0.02861646179191484,0.7243457694361791
6660,0.6663,4,4,4,672835,3609,116766,9490,0.028584780129261182,0.7244827849454156
6661,0.6664,9,3,9,672838,3606,116775,9481,0.02856101888227094,0.7244593871781156
6662,0.6665,5,5,5,672843,3601,116780,9476,0.028521416803953873,0.7246310315821671
6663,0.6666,2,4,2,672847,3597,116782,9474,0.028489735141300217,0.7248106495294928
6664,0.6667,6,2,6,672849,3595,116788,9468,0.028473894309973387,0.7247952231493532
6665,0.6668,5,0,5,672849,3595,116793,9463,0.028473894309973387,0.7246898453055598
6666,0.6669,8,1,8,672850,3594,116801,9455,0.028465973894309972,0.7245765959077324
6667,0.667,1,2,1,672852,3592,116802,9454,0.028450133062983145,0.7246665644642036
6668,0.6671,7,3,7,672855,3589,116809,9447,0.028426371815992904,0.7246854863455048
6669,0.6672,6,4,6,672859,3585,116815,9441,0.028394690153339248,0.724781206817135
6670,0.6673,6,2,6,672861,3583,116821,9435,0.028378849322012418,0.7247657090182824
6671,0.6674,4,4,4,672865,3579,116825,9431,0.02834716765935876,0.7249039200614912
6672,0.6675,7,1,7,672866,3578,116832,9424,0.02833924724369535,0.7248115674511614
6673,0.6676,8,3,8,672869,3575,116840,9416,0.02831548599670511,0.724809483488569
6674,0.6677,7,2,7,672871,3573,116847,9409,0.02829964516537828,0.7247727622862425
6675,0.6678,4,2,4,672873,3571,116851,9405,0.028283804334051452,0.7247996300863132
6676,0.6679,5,4,5,672877,3567,116856,9400,0.028252122671397796,0.7249170972468574
6677,0.668,6,4,6,672881,3563,116862,9394,0.02822044100874414,0.7250135062128579
6678,0.6681,8,3,8,672884,3560,116870,9386,0.0281966797617539,0.7250115865904526
6679,0.6682,5,2,5,672886,3558,116875,9381,0.02818083893042707,0.7250173892881985
6680,0.6683,7,4,7,672890,3554,116882,9374,0.028149157267773412,0.7250928217821783
6681,0.6684,5,0,5,672890,3554,116887,9369,0.028149157267773412,0.7249864582527277
6682,0.6685,1,2,1,672892,3552,116888,9368,0.028133316436446586,0.725077399380805
6683,0.6686,5,7,5,672899,3545,116893,9363,0.028077873526802688,0.7253641152773473
6684,0.6687,7,5,7,672904,3540,116900,9356,0.028038271448485617,0.7254962779156328
6685,0.6688,7,1,7,672905,3539,116907,9349,0.028030351032822202,0.7254034761018001
6686,0.6689,9,3,9,672908,3536,116916,9340,0.02800658978583196,0.7253805529667599
6687,0.669,5,1,5,672909,3535,116921,9335,0.027998669370168545,0.7253302253302253
6688,0.6691,6,3,6,672912,3532,116927,9329,0.027974908123178304,0.7253712775056372
6689,0.6692,11,3,11,672915,3529,116938,9318,0.027951146876188063,0.725305518798163
6690,0.6693,4,1,4,672916,3528,116942,9314,0.027943226460524648,0.7252764366921041
6691,0.6694,6,1,6,672917,3527,116948,9308,0.027935306044861233,0.7252045188936502
6692,0.6695,5,3,5,672920,3524,116953,9303,0.02791154479787099,0.7252670148904654
6693,0.6696,4,5,4,672925,3519,116957,9299,0.027871942719553924,0.7254641909814323
6694,0.6697,3,5,3,672930,3514,116960,9296,0.027832340641236852,0.7256830601092896
6695,0.6698,2,2,2,672932,3512,116962,9294,0.027816499809910022,0.7257535530220209
6696,0.6699,4,3,4,672935,3509,116966,9290,0.02779273856291978,0.7258379560903195
6697,0.67,6,3,6,672938,3506,116972,9284,0.02776897731592954,0.7258795934323691
6698,0.6701,9,8,9,672946,3498,116981,9275,0.027705613990622227,0.7261410788381742
6699,0.6702,3,2,3,672948,3496,116984,9272,0.0276897731592954,0.7261904761904762
6700,0.6703,6,2,6,672950,3494,116990,9266,0.02767393232796857,0.7261755485893417
6701,0.6704,7,3,7,672953,3491,116997,9259,0.02765017108097833,0.7261960784313726
6702,0.6705,6,1,6,672954,3490,117003,9253,0.027642250665314914,0.7261241465902849
6703,0.6706,5,5,5,672959,3485,117008,9248,0.027602648586997847,0.7263017356475301
6704,0.6707,9,2,9,672961,3483,117017,9239,0.027586807755671017,0.7262222920924383
6705,0.6708,8,4,8,672965,3479,117025,9231,0.02755512609301736,0.7262785208497247
6706,0.6709,2,3,2,672968,3476,117027,9229,0.02753136484602712,0.7264069264069264
6707,0.671,3,1,3,672969,3475,117030,9226,0.027523444430363704,0.7263994961026691
6708,0.6711,7,3,7,672972,3472,117037,9219,0.027499683183373463,0.7264202978488693
6709,0.6712,7,1,7,672973,3471,117044,9212,0.027491762767710048,0.7263265788851219
6710,0.6713,6,4,6,672977,3467,117050,9206,0.027460081105056395,0.7264262605539336
6711,0.6714,2,2,2,672979,3465,117052,9204,0.027444240273729565,0.7264977504143973
6712,0.6715,11,4,11,672983,3461,117063,9193,0.02741255861107591,0.7264896475422791
6713,0.6716,7,3,7,672986,3458,117070,9186,0.027388797364085667,0.7265105979120532
6714,0.6717,1,5,1,672991,3453,117071,9185,0.027349195285768596,0.7267763886690932
6715,0.6718,6,1,6,672992,3452,117077,9179,0.027341274870105185,0.7267041406064445
6716,0.6719,5,3,5,672995,3449,117082,9174,0.02731751362311494,0.7267685970054663
6717,0.672,5,5,5,673000,3444,117087,9169,0.027277911544797872,0.7269483865852692
6718,0.6721,8,4,8,673004,3440,117095,9161,0.027246229882144216,0.7270057931910165
6719,0.6722,4,2,4,673006,3438,117099,9157,0.027230389050817386,0.7270345375148869
6720,0.6723,6,1,6,673007,3437,117105,9151,0.027222468635153974,0.726962186209088
6721,0.6724,2,4,2,673011,3433,117107,9149,0.027190786972500318,0.7271498966777937
6722,0.6725,3,2,3,673013,3431,117110,9146,0.027174946141173488,0.7272004452572155
6723,0.6726,5,4,5,673017,3427,117115,9141,0.02714326447851983,0.7273233609166136
6724,0.6727,5,5,5,673022,3422,117120,9136,0.027103662400202764,0.7275043796782927
6725,0.6728,3,5,3,673027,3417,117123,9133,0.027064060321885693,0.7277290836653386
6726,0.6729,2,3,2,673030,3414,117125,9131,0.02704029907489545,0.7278597050617776
6727,0.673,5,0,5,673030,3414,117130,9126,0.02704029907489545,0.7277511961722488
6728,0.6731,3,1,3,673031,3413,117133,9123,0.027032378659232036,0.7277440970006381
6729,0.6732,6,1,6,673032,3412,117139,9117,0.02702445824356862,0.727671801420704
6730,0.6733,4,3,4,673035,3409,117143,9113,0.02700069699657838,0.7277591439067241
6731,0.6734,5,2,5,673037,3407,117148,9108,0.026984856165251554,0.7277666799840192
6732,0.6735,3,1,3,673038,3406,117151,9105,0.02697693574958814,0.7277595715770122
6733,0.6736,6,7,6,673045,3399,117157,9099,0.02692149283994424,0.7280364858377341
6734,0.6737,6,1,6,673046,3398,117163,9093,0.026913572424280826,0.7279641341766071
6735,0.6738,4,2,4,673048,3396,117167,9089,0.026897731592954,0.7279935923107729
6736,0.6739,1,4,1,673052,3392,117168,9088,0.026866049930300343,0.7282051282051282
6737,0.674,7,3,7,673055,3389,117175,9081,0.026842288683310102,0.7282277465918203
6738,0.6741,4,3,4,673058,3386,117179,9077,0.026818527436319857,0.728315814811843
6739,0.6742,6,5,6,673063,3381,117185,9071,0.02677892535800279,0.728477353035657
6740,0.6743,8,4,8,673067,3377,117193,9063,0.026747243695349133,0.7285369774919614
6741,0.6744,5,2,5,673069,3375,117198,9058,0.026731402864022303,0.7285450012064667
6742,0.6745,3,1,3,673070,3374,117201,9055,0.02672348244835889,0.7285380963874809
6743,0.6746,6,3,6,673073,3371,117207,9049,0.026699721201368647,0.7285829307568438
6744,0.6747,7,0,7,673073,3371,117214,9042,0.026699721201368647,0.7284298719084831
6745,0.6748,8,2,8,673075,3369,117222,9034,0.02668388037004182,0.7283721680238652
6746,0.6749,3,4,3,673079,3365,117225,9031,0.026652198707388164,0.7285414649887061
6747,0.675,2,1,2,673080,3364,117227,9029,0.02664427829172475,0.7285564431533931
6748,0.6751,4,3,4,673083,3361,117231,9025,0.026620517044734508,0.7286452446310351
6749,0.6752,7,2,7,673085,3359,117238,9018,0.02660467621340768,0.7286095176537125
6750,0.6753,4,2,4,673087,3357,117242,9014,0.02658883538208085,0.7286395602619028
6751,0.6754,5,2,5,673089,3355,117247,9009,0.026572994550754025,0.7286476868327402
6752,0.6755,10,4,10,673093,3351,117257,8999,0.02654131288810037,0.728663967611336
6753,0.6756,8,3,8,673096,3348,117265,8991,0.026517551641110127,0.7286652078774617
6754,0.6757,5,4,5,673100,3344,117270,8986,0.02648586997845647,0.7287915652879157
6755,0.6758,6,3,6,673103,3341,117276,8980,0.026462108731466226,0.7288369450531613
6756,0.6759,5,4,5,673107,3337,117281,8975,0.02643042706881257,0.7289636127355426
6757,0.676,6,1,6,673108,3336,117287,8969,0.026422506653149158,0.7288906948394961
6758,0.6761,5,3,5,673111,3333,117292,8964,0.026398745406158917,0.7289582825079287
6759,0.6762,9,2,9,673113,3331,117301,8955,0.026382904574832087,0.7288783981767866
6760,0.6763,5,1,5,673114,3330,117306,8950,0.026374984159168672,0.7288273615635179
6761,0.6764,4,3,4,673117,3327,117310,8946,0.02635122291217843,0.7289171351747739
6762,0.6765,6,4,6,673121,3323,117316,8940,0.026319541249524774,0.7290222620892115
6763,0.6766,6,3,6,673124,3320,117322,8934,0.026295780002534533,0.7290680594091725
6764,0.6767,6,2,6,673126,3318,117328,8928,0.026279939171207706,0.7290543851053405
6765,0.6768,6,1,6,673127,3317,117334,8922,0.02627201875554429,0.7289811259089795
6766,0.6769,11,3,11,673130,3314,117345,8911,0.02624825750855405,0.7289161554192229
6767,0.677,2,1,2,673131,3313,117347,8909,0.026240337092890635,0.7289314351170021
6768,0.6771,4,3,4,673134,3310,117351,8905,0.026216575845900394,0.7290216946377405
6769,0.6772,2,5,2,673139,3305,117353,8903,0.026176973767583323,0.729275884665793
6770,0.6773,4,0,4,673139,3305,117357,8899,0.026176973767583323,0.7291871517535234
6771,0.6774,6,4,6,673143,3301,117363,8893,0.026145292104929666,0.7292930949647367
6772,0.6775,2,2,2,673145,3299,117365,8891,0.02612945127360284,0.7293683347005743
6773,0.6776,3,4,3,673149,3295,117368,8888,0.026097769610949183,0.7295411639169335
6774,0.6777,4,4,4,673153,3291,117372,8884,0.026066087948295527,0.7296919917864476
6775,0.6778,6,1,6,673154,3290,117378,8878,0.026058167532632112,0.7296186719263642
6776,0.6779,8,4,8,673158,3286,117386,8870,0.026026485869978456,0.7296808160579138
6777,0.678,6,2,6,673160,3284,117392,8864,0.02601064503865163,0.7296674349687191
6778,0.6781,8,0,8,673160,3284,117400,8856,0.02601064503865163,0.7294892915980231
6779,0.6782,3,1,3,673161,3283,117403,8853,0.026002724622988214,0.7294825313117996
6780,0.6783,14,4,14,673165,3279,117417,8839,0.025971042960334558,0.729410793860373
6781,0.6784,4,3,4,673168,3276,117421,8835,0.025947281713344317,0.7295021055239039
6782,0.6785,4,5,4,673173,3271,117425,8831,0.025907679635027245,0.729714096843497
6783,0.6786,3,6,3,673179,3265,117428,8828,0.025860157141046763,0.7300090961713388
6784,0.6787,4,5,4,673184,3260,117432,8824,0.02582055506272969,0.7302217808672625
6785,0.6788,8,1,8,673185,3259,117440,8816,0.025812634647066277,0.7301035196687371
6786,0.6789,7,1,7,673186,3258,117447,8809,0.025804714231402865,0.7300074583575039
6787,0.679,6,4,6,673190,3254,117453,8803,0.02577303256874921,0.7301152857261342
6788,0.6791,4,5,4,673195,3249,117457,8799,0.025733430490432137,0.7303286852589641
6789,0.6792,5,3,5,673198,3246,117462,8794,0.025709669243441896,0.7303986710963455
6790,0.6793,5,1,5,673199,3245,117467,8789,0.02570174882777848,0.7303473491773309
6791,0.6794,6,4,6,673203,3241,117473,8783,0.025670067165124825,0.730455755156354
6792,0.6795,4,7,4,673210,3234,117477,8779,0.025614624255480927,0.7307916423874137
6793,0.6796,7,2,7,673212,3232,117484,8772,0.0255987834241541,0.7307564145284905
6794,0.6797,7,2,7,673214,3230,117491,8765,0.02558294259282727,0.7307211338057524
6795,0.6798,4,3,4,673217,3227,117495,8761,0.02555918134583703,0.7308141474808142
6796,0.6799,10,4,10,673221,3223,117505,8751,0.025527499683183373,0.7308334725238016
6797,0.68,2,2,2,673223,3221,117507,8749,0.025511658851856547,0.7309106098579783
6798,0.6801,7,3,7,673226,3218,117514,8742,0.025487897604866302,0.7309364548494983
6799,0.6802,4,2,4,673228,3216,117518,8738,0.025472056773539475,0.7309687134013719
6800,0.6803,4,1,4,673229,3215,117522,8734,0.02546413635787606,0.730939827600636
6801,0.6804,5,1,5,673230,3214,117527,8729,0.02545621594221265,0.7308883865025538
6802,0.6805,4,3,4,673233,3211,117531,8725,0.025432454695222404,0.7309819034852547
6803,0.6806,6,2,6,673235,3209,117537,8719,0.025416613863895578,0.7309691482226693
6804,0.6807,6,2,6,673237,3207,117543,8713,0.025400773032568748,0.7309563758389261
6805,0.6808,1,4,1,673241,3203,117544,8712,0.02536909136991509,0.7311791859001259
6806,0.6809,9,3,9,673244,3200,117553,8703,0.02534533012292485,0.7311602117113333
6807,0.681,4,4,4,673248,3196,117557,8699,0.025313648460271194,0.7313156788566625
6808,0.6811,15,2,15,673250,3194,117572,8684,0.025297807628944367,0.7310995117023068
6809,0.6812,6,2,6,673252,3192,117578,8678,0.025281966797617537,0.7310867733782646
6810,0.6813,2,2,2,673254,3190,117580,8676,0.02526612596629071,0.731164672172594
6811,0.6814,5,4,5,673258,3186,117585,8671,0.025234444303637055,0.7312979674453909
6812,0.6815,5,3,5,673261,3183,117590,8666,0.025210683056646813,0.7313697358426872
6813,0.6816,4,2,4,673263,3181,117594,8662,0.025194842225319983,0.7314025162543275
6814,0.6817,8,2,8,673265,3179,117602,8654,0.025179001393993157,0.7313445449167583
6815,0.6818,3,2,3,673267,3177,117605,8651,0.025163160562666327,0.7314000676361176
6816,0.6819,3,3,3,673270,3174,117608,8648,0.025139399315676086,0.7315175097276264
6817,0.682,4,1,4,673271,3173,117612,8644,0.025131478900012674,0.7314885334687314
6818,0.6821,3,2,3,673273,3171,117615,8641,0.025115638068685844,0.731544192346766
6819,0.6822,5,3,5,673276,3168,117620,8636,0.025091876821695603,0.7316164012199254
6820,0.6823,5,1,5,673277,3167,117625,8631,0.025083956406032188,0.7315646719783014
6821,0.6824,8,1,8,673278,3166,117633,8623,0.025076035990368773,0.7314445669692086
6822,0.6825,9,0,9,673278,3166,117642,8614,0.025076035990368773,0.7312393887945671
6823,0.6826,2,2,2,673280,3164,117644,8612,0.025060195159041947,0.7313179347826086
6824,0.6827,3,6,3,673286,3158,117647,8609,0.025012672665061464,0.7316223336449392
6825,0.6828,4,5,4,673291,3153,117651,8605,0.024973070586744393,0.7318421500255146
6826,0.6829,6,4,6,673295,3149,117657,8599,0.024941388924090736,0.7319543752128022
6827,0.683,5,1,5,673296,3148,117662,8594,0.02493346850842732,0.7319025719638903
6828,0.6831,9,0,9,673296,3148,117671,8585,0.02493346850842732,0.7316969232080457
6829,0.6832,4,4,4,673300,3144,117675,8581,0.024901786845773665,0.7318550106609808
6830,0.6833,6,5,6,673305,3139,117681,8575,0.024862184767456597,0.7320300495134028
6831,0.6834,5,4,5,673309,3135,117686,8570,0.02483050310480294,0.7321657411362665
6832,0.6835,4,3,4,673312,3132,117690,8566,0.0248067418578127,0.7322619251154043
6833,0.6836,5,5,5,673317,3127,117695,8561,0.02476713977949563,0.732460643394935
6834,0.6837,6,1,6,673318,3126,117701,8555,0.024759219363832213,0.7323859258625117
6835,0.6838,5,6,5,673324,3120,117706,8550,0.02471169686985173,0.7326478149100257
6836,0.6839,4,2,4,673326,3118,117710,8546,0.0246958560385249,0.732681755829904
6837,0.684,5,4,5,673330,3114,117715,8541,0.024664174375871244,0.7328185328185328
6838,0.6841,9,1,9,673331,3113,117724,8532,0.024656253960207833,0.7326749677973379
6839,0.6842,2,2,2,673333,3111,117726,8530,0.024640413128881003,0.7327549179623744
6840,0.6843,4,5,4,673338,3106,117730,8526,0.024600811050563935,0.7329779917469051
6841,0.6844,7,2,7,673340,3104,117737,8519,0.024584970219237105,0.732943302073475
6842,0.6845,4,3,4,673343,3101,117741,8515,0.024561208972246864,0.7330406336088154
6843,0.6846,7,2,7,673345,3099,117748,8508,0.024545368140920034,0.73300594468855
6844,0.6847,4,2,4,673347,3097,117752,8504,0.024529527309593208,0.733040255150418
6845,0.6848,6,1,6,673348,3096,117758,8498,0.024521606893929793,0.7329653268932206
6846,0.6849,3,1,3,673349,3095,117761,8495,0.024513686478266378,0.7329594477998275
6847,0.685,4,4,4,673353,3091,117765,8491,0.024482004815612725,0.7331203591780349
6848,0.6851,4,3,4,673356,3088,117769,8487,0.02445824356862248,0.7332181425485961
6849,0.6852,4,0,4,673356,3088,117773,8483,0.02445824356862248,0.7331259182438856
6850,0.6853,5,1,5,673357,3087,117778,8478,0.02445032315295907,0.7330739299610894
6851,0.6854,8,2,8,673359,3085,117786,8470,0.02443448232163224,0.7330160103851147
6852,0.6855,6,2,6,673361,3083,117792,8464,0.024418641490305412,0.7330042435264571
6853,0.6856,4,2,4,673363,3081,117796,8460,0.024402800658978582,0.7330387314790746
6854,0.6857,5,5,5,673368,3076,117801,8455,0.024363198580661515,0.733240829069465
6855,0.6858,5,2,5,673370,3074,117806,8450,0.024347357749334685,0.7332523429364803
6856,0.6859,5,3,5,673373,3071,117811,8445,0.024323596502344443,0.7333275442862105
6857,0.686,6,0,6,673373,3071,117817,8439,0.024323596502344443,0.7331885317115552
6858,0.6861,6,2,6,673375,3069,117823,8433,0.024307755671017613,0.7331768388106417
6859,0.6862,6,4,6,673379,3065,117829,8427,0.02427607400836396,0.7332927253741733
6860,0.6863,7,2,7,673381,3063,117836,8420,0.02426023317703713,0.733257859444396
6861,0.6864,6,1,6,673382,3062,117842,8414,0.024252312761373716,0.7331822934820494
6862,0.6865,5,2,5,673384,3060,117847,8409,0.02423647193004689,0.7331938268375622
6863,0.6866,4,3,4,673387,3057,117851,8405,0.024212710683056648,0.7332926190891642
6864,0.6867,11,3,11,673390,3054,117862,8394,0.024188949436066406,0.7332285115303984
6865,0.6868,3,7,3,673397,3047,117865,8391,0.024133506526422505,0.7336072739989509
6866,0.6869,8,0,8,673397,3047,117873,8383,0.024133506526422505,0.7334208223972003
6867,0.687,7,6,7,673403,3041,117880,8376,0.024085984032442023,0.7336428133485153
6868,0.6871,2,1,2,673404,3040,117882,8374,0.024078063616778608,0.7336604170317155
6869,0.6872,2,2,2,673406,3038,117884,8372,0.02406222278545178,0.7337423312883435
6870,0.6873,4,2,4,673408,3036,117888,8368,0.02404638195412495,0.7337776218870572
6871,0.6874,8,1,8,673409,3035,117896,8360,0.02403846153846154,0.7336551118911804
6872,0.6875,4,0,4,673409,3035,117900,8356,0.02403846153846154,0.7335615837064349
6873,0.6876,6,2,6,673411,3033,117906,8350,0.02402262070713471,0.733550030747606
6874,0.6877,7,2,7,673413,3031,117913,8343,0.024006779875807883,0.7335150342887287
6875,0.6878,2,0,2,673413,3031,117915,8341,0.024006779875807883,0.7334681674287724
6876,0.6879,2,2,2,673415,3029,117917,8339,0.023990939044481054,0.7335503166783955
6877,0.688,5,4,5,673419,3025,117922,8334,0.023959257381827397,0.7336913460691963
6878,0.6881,7,5,7,673424,3020,117929,8327,0.02391965530351033,0.7338503569225346
6879,0.6882,3,5,3,673429,3015,117932,8324,0.023880053225193258,0.7341035364670606
6880,0.6883,7,5,7,673434,3010,117939,8317,0.023840451146876187,0.7342632647656043
6881,0.6884,5,2,5,673436,3008,117944,8312,0.02382461031554936,0.7342756183745583
6882,0.6885,4,1,4,673437,3007,117948,8308,0.023816689899885946,0.7342465753424657
6883,0.6886,3,2,3,673439,3005,117951,8305,0.02380084906855912,0.7343059239610964
6884,0.6887,5,2,5,673441,3003,117956,8300,0.02378500823723229,0.7343183225692294
6885,0.6888,6,3,6,673444,3000,117962,8294,0.023761246990242048,0.7343722330440942
6886,0.6889,6,0,6,673444,3000,117968,8288,0.023761246990242048,0.7342310418143161
6887,0.689,9,3,9,673447,2997,117977,8279,0.023737485743251806,0.7342142603760199
6888,0.6891,7,0,7,673447,2997,117984,8272,0.023737485743251806,0.7340491614162747
6889,0.6892,4,4,4,673451,2993,117988,8268,0.02370580408059815,0.7342154337980641
6890,0.6893,6,2,6,673453,2991,117994,8262,0.02368996324927132,0.7342042122100774
6891,0.6894,4,4,4,673457,2987,117998,8258,0.023658281586617667,0.7343708314806581
6892,0.6895,4,1,4,673458,2986,118002,8254,0.023650361170954252,0.7343416370106761
6893,0.6896,5,5,5,673463,2981,118007,8249,0.02361075909263718,0.7345503116651826
6894,0.6897,2,2,2,673465,2979,118009,8247,0.023594918261310355,0.7346338856226616
6895,0.6898,4,2,4,673467,2977,118013,8243,0.023579077429983525,0.7346702317290552
6896,0.6899,9,4,9,673471,2973,118022,8234,0.02354739576732987,0.7347193718211832
6897,0.69,9,3,9,673474,2970,118031,8225,0.023523634520339627,0.7347029924073247
6898,0.6901,10,1,10,673475,2969,118041,8215,0.023515714104676212,0.7345314735336195
6899,0.6902,5,4,5,673479,2965,118046,8210,0.023484032442022556,0.734675615212528
6900,0.6903,5,6,5,673485,2959,118051,8205,0.023436509948042073,0.7349516302400573
6901,0.6904,5,1,5,673486,2958,118056,8200,0.023428589532378658,0.7348987273704966
6902,0.6905,6,2,6,673488,2956,118062,8194,0.023412748701051832,0.7348878923766816
6903,0.6906,10,6,10,673494,2950,118072,8184,0.023365226207071346,0.7350458056403808
6904,0.6907,8,0,8,673494,2950,118080,8176,0.023365226207071346,0.7348552939061658
6905,0.6908,1,2,1,673496,2948,118081,8175,0.02334938537574452,0.734963588959813
6906,0.6909,4,0,4,673496,2948,118085,8171,0.02334938537574452,0.7348682435470816
6907,0.691,3,0,3,673496,2948,118088,8168,0.02334938537574452,0.7347966894566391
6908,0.6911,8,3,8,673499,2945,118096,8160,0.023325624128754278,0.7348041422782531
6909,0.6912,8,3,8,673502,2942,118104,8152,0.023301862881764036,0.734811609879214
6910,0.6913,6,1,6,673503,2941,118110,8146,0.02329394246610062,0.7347343735906918
6911,0.6914,4,2,4,673505,2939,118114,8142,0.02327810163477379,0.7347712300333905
6912,0.6915,5,4,5,673509,2935,118119,8137,0.023246419972120135,0.7349169075144508
6913,0.6916,2,1,2,673510,2934,118121,8135,0.023238499556456724,0.7349354051856536
6914,0.6917,5,4,5,673514,2930,118126,8130,0.023206817893803067,0.7350813743218807
6915,0.6918,7,4,7,673518,2926,118133,8123,0.02317513623114941,0.7351796542673545
6916,0.6919,6,4,6,673522,2922,118139,8117,0.023143454568495755,0.7353021106984329
6917,0.692,4,3,4,673525,2919,118143,8113,0.023119693321505513,0.7354060913705583
6918,0.6921,1,2,1,673527,2917,118144,8112,0.023103852490178683,0.7355154592438118
6919,0.6922,4,1,4,673528,2916,118148,8108,0.023095932074515272,0.7354862119013063
6920,0.6923,4,3,4,673531,2913,118152,8104,0.023072170827525027,0.7355904511209949
6921,0.6924,13,4,13,673535,2909,118165,8091,0.02304048916487137,0.7355454545454545
6922,0.6925,7,5,7,673540,2904,118172,8084,0.023000887086554303,0.7357116854750637
6923,0.6926,3,3,3,673543,2901,118175,8081,0.02297712583956406,0.7358404662174467
6924,0.6927,4,1,4,673544,2900,118179,8077,0.022969205423900647,0.735811241687164
6925,0.6928,3,7,3,673551,2893,118182,8074,0.02291376251425675,0.7362086258776329
6926,0.6929,2,2,2,673553,2891,118184,8072,0.02289792168292992,0.7362948098148318
6927,0.693,4,4,4,673557,2887,118188,8068,0.022866240020276263,0.7364673664993154
6928,0.6931,5,3,5,673560,2884,118193,8063,0.02284247877328602,0.7365488261624189
6929,0.6932,7,4,7,673564,2880,118200,8056,0.022810797110632365,0.7366495976591075
6930,0.6933,8,4,8,673568,2876,118208,8048,0.02277911544797871,0.7367264738191138
6931,0.6934,8,0,8,673568,2876,118216,8040,0.02277911544797871,0.7365335287651155
6932,0.6935,7,2,7,673570,2874,118223,8033,0.022763274616651882,0.7364994957366828
6933,0.6936,8,2,8,673572,2872,118231,8025,0.022747433785325052,0.7364412223547765
6934,0.6937,3,1,3,673573,2871,118234,8022,0.02273951336966164,0.7364362434591022
6935,0.6938,3,3,3,673576,2868,118237,8019,0.022715752122671396,0.7365665472581978
6936,0.6939,6,3,6,673579,2865,118243,8013,0.022691990875681155,0.7366243794815224
6937,0.694,5,2,5,673581,2863,118248,8008,0.02267615004435433,0.7366387636831938
6938,0.6941,5,2,5,673583,2861,118253,8003,0.0226603092130275,0.7366531664212077
6939,0.6942,7,1,7,673584,2860,118260,7996,0.022652388797364087,0.736551215917465
6940,0.6943,4,2,4,673586,2858,118264,7992,0.022636547966037257,0.736589861751152
6941,0.6944,8,2,8,673588,2856,118272,7984,0.02262070713471043,0.7365313653136532
6942,0.6945,5,2,5,673590,2854,118277,7979,0.0226048663033836,0.736545739868919
6943,0.6946,6,1,6,673591,2853,118283,7973,0.02259694588772019,0.7364677627932754
6944,0.6947,8,3,8,673594,2850,118291,7965,0.022573184640729944,0.7364771151178918
6945,0.6948,4,3,4,673597,2847,118295,7961,0.022549423393739703,0.7365840118430792
6946,0.6949,7,4,7,673601,2843,118302,7954,0.022517741731086047,0.7366861165138464
6947,0.695,6,3,6,673604,2840,118308,7948,0.022493980484095805,0.7367445309603263
6948,0.6951,5,3,5,673607,2837,118313,7943,0.022470219237105564,0.7368274582560297
6949,0.6952,5,3,5,673610,2834,118318,7938,0.022446457990115323,0.7369105087263275
6950,0.6953,8,2,8,673612,2832,118326,7930,0.022430617158788493,0.7368518862664932
6951,0.6954,8,3,8,673615,2829,118334,7922,0.02240685591179825,0.7368616872849038
6952,0.6955,9,4,9,673619,2825,118343,7913,0.022375174249144595,0.7369156267461352
6953,0.6956,4,0,4,673619,2825,118347,7909,0.022375174249144595,0.7368175889696292
6954,0.6957,4,4,4,673623,2821,118351,7905,0.02234349258649094,0.7369942196531792
6955,0.6958,3,4,3,673627,2817,118354,7902,0.022311810923837282,0.7371956339210747
6956,0.6959,4,2,4,673629,2815,118358,7898,0.022295970092510456,0.7372351348828526
6957,0.696,4,2,4,673631,2813,118362,7894,0.022280129261183626,0.7372746801158121
6958,0.6961,5,1,5,673632,2812,118367,7889,0.022272208845520215,0.7372208204840669
6959,0.6962,2,2,2,673634,2810,118369,7887,0.022256368014193385,0.7373095260353371
6960,0.6963,3,2,3,673636,2808,118372,7884,0.022240527182866558,0.7373737373737373
6961,0.6964,3,3,3,673639,2805,118375,7881,0.022216765935876313,0.7375070185289163
6962,0.6965,8,1,8,673640,2804,118383,7873,0.022208845520212902,0.7373794136929849
6963,0.6966,5,3,5,673643,2801,118388,7868,0.022185084273222657,0.7374636798200394
6964,0.6967,10,3,10,673646,2798,118398,7858,0.022161323026232416,0.737424924924925
6965,0.6968,6,0,6,673646,2798,118404,7852,0.022161323026232416,0.7372769953051643
6966,0.6969,5,1,5,673647,2797,118409,7847,0.022153402610569004,0.7372228485531755
6967,0.697,4,0,4,673647,2797,118413,7843,0.022153402610569004,0.7371240601503759
6968,0.6971,4,4,4,673651,2793,118417,7839,0.022121720947915348,0.7373024830699775
6969,0.6972,3,2,3,673653,2791,118420,7836,0.022105880116588518,0.7373670838430413
6970,0.6973,3,3,3,673656,2788,118423,7833,0.022082118869598277,0.7375011769136616
6971,0.6974,3,2,3,673658,2786,118426,7830,0.02206627803827145,0.7375659382064808
6972,0.6975,6,4,6,673662,2782,118432,7824,0.022034596375617794,0.7376956439751085
6973,0.6976,4,3,4,673665,2779,118436,7820,0.02201083512862755,0.7378054533446552
6974,0.6977,9,3,9,673668,2776,118445,7811,0.021987073881637308,0.7377916312458676
6975,0.6978,5,2,5,673670,2774,118450,7806,0.02197123305031048,0.7378071833648393
6976,0.6979,15,3,15,673673,2771,118465,7791,0.02194747180332024,0.737644385533043
6977,0.698,6,2,6,673675,2769,118471,7785,0.02193163097199341,0.7376350198976691
6978,0.6981,0,2,0,673677,2767,118471,7785,0.021915790140666584,0.7377748294162244
6979,0.6982,2,0,2,673677,2767,118473,7783,0.021915790140666584,0.7377251184834123
6980,0.6983,2,2,2,673679,2765,118475,7781,0.021899949309339754,0.7378152854162716
6981,0.6984,4,6,4,673685,2759,118479,7777,0.02185242681535927,0.7381359149582384
6982,0.6985,4,1,4,673686,2758,118483,7773,0.021844506399695856,0.7381065425885481
6983,0.6986,3,2,3,673688,2756,118486,7770,0.02182866556836903,0.7381721451643549
6984,0.6987,4,0,4,673688,2756,118490,7766,0.02182866556836903,0.7380726097700057
6985,0.6988,9,2,9,673690,2754,118499,7757,0.0218128247370422,0.7379887736656836
6986,0.6989,3,1,3,673691,2753,118502,7754,0.021804904321378785,0.7379842010088512
6987,0.699,4,2,4,673693,2751,118506,7750,0.021789063490051958,0.7380249500047614
6988,0.6991,9,2,9,673695,2749,118515,7741,0.02177322265872513,0.7379408960915157
6989,0.6992,5,3,5,673698,2746,118520,7736,0.021749461411734887,0.738027094066018
6990,0.6993,3,2,3,673700,2744,118523,7733,0.02173362058040806,0.7380929655435716
6991,0.6994,2,2,2,673702,2742,118525,7731,0.02171777974908123,0.7381839014608994
6992,0.6995,10,2,10,673704,2740,118535,7721,0.021701938917754404,0.7380747538476246
6993,0.6996,10,1,10,673705,2739,118545,7711,0.02169401850209099,0.7378947368421053
6994,0.6997,5,4,5,673709,2735,118550,7706,0.021662336839437333,0.7380519107365195
6995,0.6998,8,4,8,673713,2731,118558,7698,0.021630655176783677,0.7381340492856457
6996,0.6999,5,1,5,673714,2730,118563,7693,0.021622734761120265,0.738079247817327
6997,0.7,8,1,8,673715,2729,118571,7685,0.02161481434545685,0.73794891492222
6998,0.7001,3,3,3,673718,2726,118574,7682,0.02159105309846661,0.7380860876249039
6999,0.7002,12,1,12,673719,2725,118586,7670,0.021583132682803194,0.7378547378547379
7000,0.7003,4,0,4,673719,2725,118590,7666,0.021583132682803194,0.7377538254258493
7001,0.7004,8,2,8,673721,2723,118598,7658,0.021567291851476364,0.7376938637896157
7002,0.7005,6,1,6,673722,2722,118604,7652,0.021559371435812952,0.7376132639290534
7003,0.7006,7,2,7,673724,2720,118611,7645,0.021543530604486123,0.7375783888084901
7004,0.7007,5,2,5,673726,2718,118616,7640,0.021527689773159296,0.7375941301409539
7005,0.7008,5,3,5,673729,2715,118621,7635,0.021503928526169055,0.7376811594202899
7006,0.7009,3,5,3,673734,2710,118624,7632,0.021464326447851984,0.7379617095339392
7007,0.701,8,0,8,673734,2710,118632,7624,0.021464326447851984,0.7377588542674666
7008,0.7011,2,4,2,673738,2706,118634,7622,0.021432644785198327,0.737993803253292
7009,0.7012,2,3,2,673741,2703,118636,7620,0.021408883538208086,0.7381575123510608
7010,0.7013,4,3,4,673744,2700,118640,7616,0.021385122291217844,0.7382706475378054
7011,0.7014,5,4,5,673748,2696,118645,7611,0.021353440628564188,0.7384301930726691
7012,0.7015,5,1,5,673749,2695,118650,7606,0.021345520212900773,0.7383749150567906
7013,0.7016,5,4,5,673753,2691,118655,7601,0.021313838550247117,0.7385347842984843
7014,0.7017,4,5,4,673758,2686,118659,7597,0.021274236471930046,0.7387921812700574
7015,0.7018,7,1,7,673759,2685,118666,7590,0.021266316056266634,0.7386861313868613
7016,0.7019,2,6,2,673765,2679,118668,7588,0.021218793562286148,0.7390669134119022
7017,0.702,2,1,2,673766,2678,118670,7586,0.021210873146622736,0.7390880748246298
7018,0.7021,3,1,3,673767,2677,118673,7583,0.02120295273095932,0.739083820662768
7019,0.7022,8,2,8,673769,2675,118681,7575,0.02118711189963249,0.7390243902439024
7020,0.7023,5,1,5,673770,2674,118686,7570,0.02117919148396908,0.7389691526747364
7021,0.7024,5,4,5,673774,2670,118691,7565,0.021147509821315424,0.7391304347826086
7022,0.7025,5,4,5,673778,2666,118696,7560,0.021115828158661767,0.7392920007823196
7023,0.7026,2,3,2,673781,2663,118698,7558,0.021092066911671526,0.7394579786713629
7024,0.7027,3,1,3,673782,2662,118701,7555,0.02108414649600811,0.7394538514240971
7025,0.7028,10,0,10,673782,2662,118711,7545,0.02108414649600811,0.7391985892034878
7026,0.7029,7,1,7,673783,2661,118718,7538,0.021076226080344696,0.7390920678497892
7027,0.703,1,5,1,673788,2656,118719,7537,0.021036624002027625,0.7394290199156284
7028,0.7031,3,1,3,673789,2655,118722,7534,0.021028703586364213,0.7394248699577977
7029,0.7032,7,2,7,673791,2653,118729,7527,0.021012862755037384,0.7393909626719057
7030,0.7033,6,3,6,673794,2650,118735,7521,0.020989101508047142,0.7394553141284043
7031,0.7034,9,2,9,673796,2648,118744,7512,0.020973260676720316,0.7393700787401575
7032,0.7035,7,3,7,673799,2645,118751,7505,0.02094949942973007,0.7394088669950739
7033,0.7036,4,2,4,673801,2643,118755,7501,0.020933658598403244,0.7394518927444795
7034,0.7037,5,1,5,673802,2642,118760,7496,0.02092573818273983,0.7393963306372066
7035,0.7038,3,2,3,673804,2640,118763,7493,0.020909897351413003,0.7394651139840126
7036,0.7039,6,1,6,673805,2639,118769,7487,0.020901976935749588,0.7393837645664626
7037,0.704,5,1,5,673806,2638,118774,7482,0.020894056520086173,0.7393280632411067
7038,0.7041,9,2,9,673808,2636,118783,7473,0.020878215688759347,0.739242259372836
7039,0.7042,5,7,5,673815,2629,118788,7468,0.02082277277911545,0.7396256313756562
7040,0.7043,2,1,2,673816,2628,118790,7466,0.020814852363452034,0.7396473152367743
7041,0.7044,6,3,6,673819,2625,118796,7460,0.020791091116461793,0.7397124442240952
7042,0.7045,3,4,3,673823,2621,118799,7457,0.020759409453808136,0.7399285572534233
7043,0.7046,7,1,7,673824,2620,118806,7450,0.02075148903814472,0.7398212512413108
7044,0.7047,5,4,5,673828,2616,118811,7445,0.020719807375491065,0.7399860848822185
7045,0.7048,4,2,4,673830,2614,118815,7441,0.02070396654416424,0.740029835902536
7046,0.7049,3,1,3,673831,2613,118818,7438,0.020696046128500824,0.7400258680728286
7047,0.705,5,4,5,673835,2609,118823,7433,0.020664364465847167,0.7401911969727146
7048,0.7051,4,2,4,673837,2607,118827,7429,0.02064852363452034,0.7402351534475887
7049,0.7052,3,0,3,673837,2607,118830,7426,0.02064852363452034,0.7401574803149606
7050,0.7053,2,0,2,673837,2607,118832,7424,0.02064852363452034,0.740105672415512
7051,0.7054,6,1,6,673838,2606,118838,7418,0.020640603218856926,0.740023942537909
7052,0.7055,9,4,9,673842,2602,118847,7409,0.02060892155620327,0.7400859055039457
7053,0.7056,6,1,6,673843,2601,118853,7403,0.020601001140539855,0.7400039984006398
7054,0.7057,5,6,5,673849,2595,118858,7398,0.020553478646559372,0.7403182227559292
7055,0.7058,5,3,5,673852,2592,118863,7393,0.02052971739956913,0.7404106159238858
7056,0.7059,5,1,5,673853,2591,118868,7388,0.020521796983905716,0.7403547449644253
7057,0.706,7,2,7,673855,2589,118875,7381,0.020505956152578886,0.740320962888666
7058,0.7061,4,2,4,673857,2587,118879,7377,0.02049011532125206,0.7403653151344841
7059,0.7062,6,3,6,673860,2584,118885,7371,0.020466354074261818,0.7404319437468608
7060,0.7063,5,3,5,673863,2581,118890,7366,0.020442592827271577,0.7405247813411079
7061,0.7064,4,1,4,673864,2580,118894,7362,0.02043467241160816,0.7404948702474351
7062,0.7065,5,1,5,673865,2579,118899,7357,0.020426751995944747,0.740438808373591
7063,0.7066,6,2,6,673867,2577,118905,7351,0.02041091116461792,0.7404311039484287
7064,0.7067,5,5,5,673872,2572,118910,7346,0.02037130908630085,0.740673522887679
7065,0.7068,2,4,2,673876,2568,118912,7344,0.020339627423647193,0.7409200968523002
7066,0.7069,5,3,5,673879,2565,118917,7339,0.02031586617665695,0.741013731825525
7067,0.707,4,4,4,673883,2561,118921,7335,0.020284184514003295,0.7412085691188359
7068,0.7071,2,0,2,673883,2561,118923,7333,0.020284184514003295,0.7411562563169598
7069,0.7072,6,1,6,673884,2560,118929,7327,0.02027626409833988,0.7410741377566501
7070,0.7073,2,1,2,673885,2559,118931,7325,0.020268343682676465,0.741096721974909
7071,0.7074,6,4,6,673889,2555,118937,7319,0.020236662020022812,0.7412396192019445
7072,0.7075,5,3,5,673892,2552,118942,7314,0.020212900773032567,0.7413338739103994
7073,0.7076,7,0,7,673892,2552,118949,7307,0.020212900773032567,0.7411502180748555
7074,0.7077,7,3,7,673895,2549,118956,7300,0.020189139526042326,0.7411919991877348
7075,0.7078,9,2,9,673897,2547,118965,7291,0.0201732986947155,0.7411059158365522
7076,0.7079,4,3,4,673900,2544,118969,7287,0.020149537447725258,0.7412267317668599
7077,0.708,4,2,4,673902,2542,118973,7283,0.02013369661639843,0.7412722646310432
7078,0.7081,5,1,5,673903,2541,118978,7278,0.020125776200735013,0.741216009776963
7079,0.7082,2,5,2,673908,2536,118980,7276,0.020086174122417946,0.7415409702405218
7080,0.7083,7,4,7,673912,2532,118987,7269,0.02005449245976429,0.7416590143862871
7081,0.7084,6,2,6,673914,2530,118993,7263,0.02003865162843746,0.7416522005514142
7082,0.7085,4,1,4,673915,2529,118997,7259,0.020030731212774048,0.7416223947691051
7083,0.7086,9,4,9,673919,2525,119006,7250,0.01999904955012039,0.7416879795396419
7084,0.7087,7,2,7,673921,2523,119013,7243,0.01998320871879356,0.7416547204587344
7085,0.7088,7,2,7,673923,2521,119020,7236,0.019967367887466735,0.7416214000204981
7086,0.7089,1,2,1,673925,2519,119021,7235,0.019951527056139905,0.741746975599754
7087,0.709,7,3,7,673928,2516,119028,7228,0.019927765809149664,0.7417898193760263
7088,0.7091,7,0,7,673928,2516,119035,7221,0.019927765809149664,0.741604190202321
7089,0.7092,4,2,4,673930,2514,119039,7217,0.019911924977822838,0.7416503956427911
7090,0.7093,2,1,2,673931,2513,119041,7215,0.019904004562159423,0.7416735197368421
7091,0.7094,8,2,8,673933,2511,119049,7207,0.019888163730832593,0.7416135007203128
7092,0.7095,4,2,4,673935,2509,119053,7203,0.019872322899505766,0.741659802306425
7093,0.7096,5,1,5,673936,2508,119058,7198,0.01986440248384235,0.7416031320832475
7094,0.7097,4,0,4,673936,2508,119062,7194,0.01986440248384235,0.7414965986394558
7095,0.7098,4,1,4,673937,2507,119066,7190,0.019856482068178936,0.7414664329173971
7096,0.7099,5,3,5,673940,2504,119071,7185,0.019832720821188695,0.7415625967592114
7097,0.71,2,2,2,673942,2502,119073,7183,0.01981687998986187,0.7416623644811564
7098,0.7101,5,3,5,673945,2499,119078,7178,0.019793118742871627,0.7417588095484138
7099,0.7102,5,4,5,673949,2495,119083,7173,0.01976143708021797,0.741932147290029
7100,0.7103,8,3,8,673952,2492,119091,7165,0.019737675833227726,0.7419488453971212
7101,0.7104,5,3,5,673955,2489,119096,7160,0.019713914586237485,0.7420458078557364
7102,0.7105,4,1,4,673956,2488,119100,7156,0.019705994170574073,0.7420157610949814
7103,0.7106,8,1,8,673957,2487,119108,7148,0.019698073754910658,0.7418785677218475
7104,0.7107,8,0,8,673957,2487,119116,7140,0.019698073754910658,0.7416640698036772
7105,0.7108,3,1,3,673958,2486,119119,7137,0.019690153339247243,0.7416606048009976
7106,0.7109,1,0,1,673958,2486,119120,7136,0.019690153339247243,0.7416337559758885
7107,0.711,6,0,6,673958,2486,119126,7130,0.019690153339247243,0.7414725457570716
7108,0.7111,2,2,2,673960,2484,119128,7128,0.019674312507920417,0.7415730337078652
7109,0.7112,5,2,5,673962,2482,119133,7123,0.019658471676593587,0.7415929203539823
7110,0.7113,4,4,4,673966,2478,119137,7119,0.01962679001393993,0.7417943107221007
7111,0.7114,1,2,1,673968,2476,119138,7118,0.019610949182613104,0.7419220346049614
7112,0.7115,5,5,5,673973,2471,119143,7113,0.019571347104296033,0.7421744574290484
7113,0.7116,4,2,4,673975,2469,119147,7109,0.019555506272969207,0.7422217581958656
7114,0.7117,11,1,11,673976,2468,119158,7098,0.01954758585730579,0.7420029270332428
7115,0.7118,5,2,5,673978,2466,119163,7093,0.01953174502597896,0.7420232241866304
7116,0.7119,4,1,4,673979,2465,119167,7089,0.01952382461031555,0.7419928825622776
7117,0.712,6,4,6,673983,2461,119173,7083,0.019492142947661894,0.7421416596814753
7118,0.7121,6,4,6,673987,2457,119179,7077,0.019460461285008238,0.7422907488986784
7119,0.7122,4,2,4,673989,2455,119183,7073,0.019444620453681408,0.7423383711167086
7120,0.7123,5,3,5,673992,2452,119188,7068,0.019420859206691166,0.742436974789916
7121,0.7124,6,3,6,673995,2449,119194,7062,0.019397097959700925,0.7425086741667543
7122,0.7125,4,3,4,673998,2446,119198,7058,0.019373336712710684,0.7426346801346801
7123,0.7127,5,2,5,674000,2444,119203,7053,0.019357495881383854,0.7426555754448774
7124,0.7128,4,4,4,674004,2440,119207,7049,0.019325814218730197,0.7428601538623669
7125,0.7129,5,1,5,674005,2439,119212,7044,0.019317893803066786,0.7428029104713698
7126,0.713,3,2,3,674007,2437,119215,7041,0.019302052971739956,0.7428782443553492
7127,0.7131,11,4,11,674011,2433,119226,7030,0.0192703713090863,0.7428933741942302
7128,0.7132,3,1,3,674012,2432,119229,7027,0.019262450893422888,0.7428903689607781
7129,0.7133,4,3,4,674015,2429,119233,7023,0.019238689646432643,0.7430173508252221
7130,0.7134,8,1,8,674016,2428,119241,7015,0.019230769230769232,0.7428783225669808
7131,0.7135,6,4,6,674020,2424,119247,7009,0.019199087568115576,0.7430297890384819
7132,0.7136,11,1,11,674021,2423,119258,6998,0.01919116715245216,0.7428086190425645
7133,0.7137,8,1,8,674022,2422,119266,6990,0.019183246736788746,0.742668933276668
7134,0.7138,6,4,6,674026,2418,119272,6984,0.01915156507413509,0.7428206764518187
7135,0.7139,4,2,4,674028,2416,119276,6980,0.019135724242808263,0.7428693060876969
7136,0.714,7,1,7,674029,2415,119283,6973,0.019127803827144848,0.7427567106945037
7137,0.7141,2,2,2,674031,2413,119285,6971,0.01911196299581802,0.7428601875532822
7138,0.7142,5,0,5,674031,2413,119290,6966,0.01911196299581802,0.742723104808615
7139,0.7143,5,0,5,674031,2413,119295,6961,0.01911196299581802,0.7425858758267548
7140,0.7144,1,1,1,674032,2412,119296,6960,0.019104042580154607,0.7426376440460948
7141,0.7145,8,1,8,674033,2411,119304,6952,0.01909612216449119,0.7424970629071879
7142,0.7146,1,1,1,674034,2410,119305,6951,0.01908820174882778,0.7425488729836556
7143,0.7147,6,3,6,674037,2407,119311,6945,0.019064440501837535,0.7426218990590248
7144,0.7148,4,1,4,674038,2406,119315,6941,0.019056520086174124,0.7425912057344602
7145,0.7149,6,2,6,674040,2404,119321,6935,0.019040679254847294,0.7425848591926331
7146,0.715,3,2,3,674042,2402,119324,6932,0.019024838423520467,0.7426612384829655
7147,0.7151,5,1,5,674043,2401,119329,6927,0.019016918007857053,0.7426029159519726
7148,0.7152,6,2,6,674045,2399,119335,6921,0.019001077176530223,0.7425965665236052
7149,0.7153,4,1,4,674046,2398,119339,6917,0.01899315676086681,0.7425657541599571
7150,0.7154,7,2,7,674048,2396,119346,6910,0.01897731592953998,0.7425316999785085
7151,0.7155,3,2,3,674050,2394,119349,6907,0.018961475098213155,0.7426083216858402
7152,0.7156,3,1,3,674051,2393,119352,6904,0.01895355468254974,0.7426051414434763
7153,0.7157,5,3,5,674054,2390,119357,6899,0.0189297934355595,0.7427064269566154
7154,0.7158,2,5,2,674059,2385,119359,6897,0.018890191357242427,0.7430510665804784
7155,0.7159,0,2,0,674061,2383,119359,6897,0.0188743505259156,0.7432112068965517
7156,0.716,4,3,4,674064,2380,119363,6893,0.01885058927892536,0.7433408821309178
7157,0.7161,5,1,5,674065,2379,119368,6888,0.018842668863261944,0.743282615733247
7158,0.7162,6,3,6,674068,2376,119374,6882,0.018818907616271703,0.7433570965651328
7159,0.7163,6,4,6,674072,2372,119380,6876,0.018787225953618047,0.7435121107266436
7160,0.7164,8,3,8,674075,2369,119388,6868,0.018763464706627805,0.7435314496048501
7161,0.7165,7,1,7,674076,2368,119395,6861,0.01875554429096439,0.7434174883519341
7162,0.7166,7,2,7,674078,2366,119402,6854,0.01873970345963756,0.7433839479392624
7163,0.7167,3,0,3,674078,2366,119405,6851,0.01873970345963756,0.7433004231311706
7164,0.7168,4,2,4,674080,2364,119409,6847,0.018723862628310734,0.7433503419824123
7165,0.7169,5,3,5,674083,2361,119414,6842,0.018700101381320493,0.743453221775508
7166,0.717,3,4,3,674087,2357,119417,6839,0.018668419718666836,0.7436929099608526
7167,0.7171,4,3,4,674090,2354,119421,6835,0.018644658471676595,0.7438241375557733
7168,0.7172,2,2,2,674092,2352,119423,6833,0.018628817640349765,0.7439303211758301
7169,0.7173,5,1,5,674093,2351,119428,6828,0.01862089722468635,0.7438718814685695
7170,0.7174,2,2,2,674095,2349,119430,6826,0.018605056393359524,0.7439782016348774
7171,0.7175,3,2,3,674097,2347,119433,6823,0.018589215562032694,0.7440567066521265
7172,0.7176,2,0,2,674097,2347,119435,6821,0.018589215562032694,0.7440008726003491
7173,0.7177,6,3,6,674100,2344,119441,6815,0.018565454315042453,0.7440768642864941
7174,0.7178,6,5,6,674105,2339,119447,6809,0.018525852236725385,0.7443156974202011
7175,0.7179,6,0,6,674105,2339,119453,6803,0.018525852236725385,0.744147888864581
7176,0.718,4,0,4,674105,2339,119457,6799,0.018525852236725385,0.7440358940687241
7177,0.7181,4,4,4,674109,2335,119461,6795,0.01849417057407173,0.744249726177437
7178,0.7182,6,4,6,674113,2331,119467,6789,0.018462488911418072,0.7444078947368421
7179,0.7183,4,5,4,674118,2326,119471,6785,0.018422886833101,0.7447042037098014
7180,0.7184,5,5,5,674123,2321,119476,6780,0.01838328475478393,0.7449730798813318
7181,0.7185,7,2,7,674125,2319,119483,6773,0.018367443923457103,0.7449406071271447
7182,0.7186,5,2,5,674127,2317,119488,6768,0.018351603092130277,0.7449642267473858
7183,0.7187,7,4,7,674131,2313,119495,6761,0.01831992142947662,0.7450958783337007
7184,0.7188,3,4,3,674135,2309,119498,6758,0.018288239766822964,0.7453402448439396
7185,0.7189,3,3,3,674138,2306,119501,6755,0.01826447851983272,0.7455027038958172
7186,0.719,9,4,9,674142,2302,119510,6746,0.018232796857179066,0.745579133510168
7187,0.7191,8,5,8,674147,2297,119518,6738,0.018193194778861995,0.7457664637520752
7188,0.7192,1,0,1,674147,2297,119519,6737,0.018193194778861995,0.7457383218950631
7189,0.7193,6,0,6,674147,2297,119525,6731,0.018193194778861995,0.7455693398316349
7190,0.7194,10,1,10,674148,2296,119535,6721,0.01818527436319858,0.745369856936897
7191,0.7195,7,1,7,674149,2295,119542,6714,0.018177353947535165,0.7452547452547452
7192,0.7196,9,3,9,674152,2292,119551,6705,0.018153592700544924,0.745248416138713
7193,0.7197,3,3,3,674155,2289,119554,6702,0.018129831453554682,0.745412078745412
7194,0.7198,2,0,2,674155,2289,119556,6700,0.018129831453554682,0.7453554344198465
7195,0.7199,9,2,9,674157,2287,119565,6691,0.018113990622227856,0.7452662062820227
7196,0.72,8,2,8,674159,2285,119573,6683,0.018098149790901026,0.7452051739518287
7197,0.7201,7,3,7,674162,2282,119580,6676,0.018074388543910785,0.7452556374190668
7198,0.7202,6,2,6,674164,2280,119586,6670,0.018058547712583955,0.7452513966480447
7199,0.7203,7,0,7,674164,2280,119593,6663,0.018058547712583955,0.7450519959745052
7200,0.7204,4,3,4,674167,2277,119597,6659,0.018034786465593713,0.7451880035810206
7201,0.7205,5,2,5,674169,2275,119602,6654,0.018018945634266887,0.745212229812969
7202,0.7206,8,3,8,674172,2272,119610,6646,0.017995184387276646,0.7452343574792555
7203,0.7207,2,4,2,674176,2268,119612,6644,0.01796350272462299,0.7455116696588869
7204,0.7208,11,3,11,674179,2265,119623,6633,0.017939741477632744,0.7454484153742414
7205,0.7209,4,3,4,674182,2262,119627,6629,0.017915980230642503,0.7455854234619278
7206,0.721,10,2,10,674184,2260,119637,6619,0.017900139399315677,0.7454668318504336
7207,0.7211,4,2,4,674186,2258,119641,6615,0.017884298567988847,0.7455201172095121
7208,0.7212,5,0,5,674186,2258,119646,6610,0.017884298567988847,0.7453766350924673
7209,0.7213,7,2,7,674188,2256,119653,6603,0.01786845773666202,0.7453437182526245
7210,0.7214,6,4,6,674192,2252,119659,6597,0.017836776074008364,0.7455079670019211
7211,0.7215,5,1,5,674193,2251,119664,6592,0.01782885565834495,0.7454483772475404
7212,0.7216,9,1,9,674194,2250,119673,6583,0.017820935242681538,0.7452734065436432
7213,0.7217,1,2,1,674196,2248,119674,6582,0.017805094411354708,0.7454133635334088
7214,0.7218,4,2,4,674198,2246,119678,6578,0.01778925358002788,0.7454669084315503
7215,0.7219,1,1,1,674199,2245,119679,6577,0.017781333164364466,0.7455225572432554
7216,0.722,6,4,6,674203,2241,119685,6571,0.01774965150171081,0.7456876985928279
7217,0.7221,3,1,3,674204,2240,119688,6568,0.017741731086047395,0.745685740236149
7218,0.7222,8,0,8,674204,2240,119696,6560,0.017741731086047395,0.7454545454545455
7219,0.7223,3,2,3,674206,2238,119699,6557,0.01772589025472057,0.7455372370665151
7220,0.7224,7,2,7,674208,2236,119706,6550,0.01771004942339374,0.7455042112451628
7221,0.7225,4,1,4,674209,2235,119710,6546,0.017702129007730327,0.745473180731124
7222,0.7226,5,1,5,674210,2234,119715,6541,0.017694208592066912,0.7454131054131055
7223,0.7227,3,0,3,674210,2234,119718,6538,0.017694208592066912,0.7453260373917009
7224,0.7228,5,1,5,674211,2233,119723,6533,0.017686288176403497,0.745265799680584
7225,0.7229,2,3,2,674214,2230,119725,6531,0.017662526929413256,0.7454628467069969
7226,0.723,5,2,5,674216,2228,119730,6526,0.017646686098086426,0.7454877770162212
7227,0.7231,2,4,2,674220,2224,119732,6524,0.01761500443543277,0.7457704618198445
7228,0.7232,3,2,3,674222,2222,119735,6521,0.017599163604105943,0.7458538259178772
7229,0.7233,5,4,5,674226,2218,119740,6516,0.017567481941452287,0.7460499198534463
7230,0.7234,4,1,4,674227,2217,119744,6512,0.017559561525788872,0.7460190170695383
7231,0.7235,6,1,6,674228,2216,119750,6506,0.01755164111012546,0.7459298326072001
7232,0.7236,2,3,2,674231,2213,119752,6504,0.017527879863135216,0.7461282551336469
7233,0.7237,7,2,7,674233,2211,119759,6497,0.01751203903180839,0.7460955443270556
7234,0.7238,1,2,1,674235,2209,119760,6496,0.017496198200481563,0.7462377943710511
7235,0.7239,5,1,5,674236,2208,119765,6491,0.017488277784818148,0.7461777215771928
7236,0.724,6,0,6,674236,2208,119771,6485,0.017488277784818148,0.7460025307718854
7237,0.7241,8,1,8,674237,2207,119779,6477,0.017480357369154733,0.7458544449562413
7238,0.7242,3,1,3,674238,2206,119782,6474,0.017472436953491318,0.745852534562212
7239,0.7243,7,4,7,674242,2202,119789,6467,0.017440755290837662,0.7459914638366594
7240,0.7244,6,4,6,674246,2198,119795,6461,0.017409073628184005,0.746160064672595
7241,0.7245,4,1,4,674247,2197,119799,6457,0.017401153212520594,0.7461289577074185
7242,0.7246,3,3,3,674250,2194,119802,6454,0.017377391965530353,0.746299722479186
7243,0.7247,8,1,8,674251,2193,119810,6446,0.017369471549866938,0.7461511749045029
7244,0.7248,1,3,1,674254,2190,119811,6445,0.017345710302876696,0.7463810075275044
7245,0.7249,9,2,9,674256,2188,119820,6436,0.017329869471549866,0.7462894248608535
7246,0.725,3,2,3,674258,2186,119823,6433,0.01731402864022304,0.7463742893607147
7247,0.7251,4,4,4,674262,2182,119827,6429,0.017282346977569384,0.7466031819765416
7248,0.7252,3,2,3,674264,2180,119830,6426,0.017266506146242554,0.7466883569602603
7249,0.7253,9,3,9,674267,2177,119839,6417,0.017242744899252312,0.746683732836863
7250,0.7254,6,4,6,674271,2173,119845,6411,0.017211063236598656,0.7468546132339235
7251,0.7255,2,4,2,674275,2169,119847,6409,0.017179381573945,0.7471438563767778
7252,0.7256,2,3,2,674278,2166,119849,6407,0.01715562032695476,0.7473463198413625
7253,0.7257,1,0,1,674278,2166,119850,6406,0.01715562032695476,0.7473168455436304
7254,0.7258,2,1,2,674279,2165,119852,6404,0.017147699911291343,0.7473450811063135
7255,0.7259,7,3,7,674282,2162,119859,6397,0.017123938664301102,0.7474003972426685
7256,0.726,4,3,4,674285,2159,119863,6393,0.01710017741731086,0.7475444340505145
7257,0.7261,3,2,3,674287,2157,119866,6390,0.01708433658598403,0.7476307476307477
7258,0.7262,4,2,4,674289,2155,119870,6386,0.017068495754657204,0.7476876243999532
7259,0.7263,1,1,1,674290,2154,119871,6385,0.01706057533899379,0.7477456376624898
7260,0.7264,6,3,6,674293,2151,119877,6379,0.017036814092003548,0.747831184056272
7261,0.7265,0,2,0,674295,2149,119877,6379,0.01702097326067672,0.7480065666041276
7262,0.7266,3,0,3,674295,2149,119880,6376,0.01702097326067672,0.7479178885630499
7263,0.7267,6,0,6,674295,2149,119886,6370,0.01702097326067672,0.7477403451109285
7264,0.7268,3,3,3,674298,2146,119889,6367,0.016997212013686477,0.7479149536003759
7265,0.7269,7,1,7,674299,2145,119896,6360,0.016989291598023065,0.7477954144620811
7266,0.727,3,1,3,674300,2144,119899,6357,0.01698137118235965,0.7477943771321021
7267,0.7271,6,2,6,674302,2142,119905,6351,0.016965530351032824,0.7477922995407983
7268,0.7272,7,0,7,674302,2142,119912,6344,0.016965530351032824,0.7475842564223427
7269,0.7273,6,1,6,674303,2141,119918,6338,0.01695760993536941,0.7474938082321029
7270,0.7274,6,1,6,674304,2140,119924,6332,0.016949689519705994,0.7474032105760151
7271,0.7275,6,3,6,674307,2137,119930,6326,0.016925928272715753,0.7474890700697152
7272,0.7276,6,2,6,674309,2135,119936,6320,0.016910087441388923,0.7474866942637493
7273,0.7277,6,2,6,674311,2133,119942,6314,0.016894246610062096,0.747484313957618
7274,0.7278,8,2,8,674313,2131,119950,6306,0.016878405778735266,0.7474220694559678
7275,0.7279,2,2,2,674315,2129,119952,6304,0.01686256494740844,0.7475394284359066
7276,0.728,10,2,10,674317,2127,119962,6294,0.016846724116081613,0.747417171357321
7277,0.7281,4,2,4,674319,2125,119966,6290,0.016830883284754784,0.7474747474747475
7278,0.7282,4,0,4,674319,2125,119970,6286,0.016830883284754784,0.7473546546189513
7279,0.7283,0,2,0,674321,2123,119970,6286,0.016815042453427957,0.7475324057557379
7280,0.7284,7,4,7,674325,2119,119977,6279,0.0167833607907743,0.7476780185758514
7281,0.7285,3,2,3,674327,2117,119980,6276,0.01676751995944747,0.7477659954724175
7282,0.7286,6,3,6,674330,2114,119986,6270,0.01674375871245723,0.7478530534351145
7283,0.7287,5,1,5,674331,2113,119991,6265,0.016735838296793815,0.7477918357603247
7284,0.7288,6,0,6,674331,2113,119997,6259,0.016735838296793815,0.7476110845676063
7285,0.7289,6,2,6,674333,2111,120003,6253,0.016719997465466988,0.7476087996174079
7286,0.729,6,1,6,674334,2110,120009,6247,0.016712077049803573,0.7475170515735312
7287,0.7291,4,2,4,674336,2108,120013,6243,0.016696236218476747,0.7475751407017124
7288,0.7292,3,1,3,674337,2107,120016,6240,0.016688315802813332,0.747573978674973
7289,0.7293,6,3,6,674340,2104,120022,6234,0.01666455455582309,0.7476613096665867
7290,0.7294,3,2,3,674342,2102,120025,6231,0.01664871372449626,0.7477499099963999
7291,0.7295,4,2,4,674344,2100,120029,6227,0.016632872893169434,0.7478083343340939
7292,0.7296,5,2,5,674346,2098,120034,6222,0.016617032061842604,0.7478365384615384
7293,0.7297,6,0,6,674346,2098,120040,6216,0.016617032061842604,0.7476545585758961
7294,0.7298,5,3,5,674349,2095,120045,6211,0.016593270814852363,0.7477726944377558
7295,0.7299,3,3,3,674352,2092,120048,6208,0.01656950956786212,0.7479518072289156
7296,0.73,7,0,7,674352,2092,120055,6201,0.01656950956786212,0.7477390570360545
7297,0.7301,3,2,3,674354,2090,120058,6198,0.01655366873653529,0.7478281853281853
7298,0.7302,6,4,6,674358,2086,120064,6192,0.01652198707388164,0.7480067649190626
7299,0.7303,5,1,5,674359,2085,120069,6187,0.016514066658218224,0.7479448742746615
7300,0.7304,5,3,5,674362,2082,120074,6182,0.016490305411227982,0.7480638915779284
7301,0.7305,1,1,1,674363,2081,120075,6181,0.016482384995564568,0.7481239409343985
7302,0.7306,8,1,8,674364,2080,120083,6173,0.016474464579901153,0.7479704349933357
7303,0.7307,3,3,3,674367,2077,120086,6170,0.01645070333291091,0.74815084273069
7304,0.7308,5,4,5,674371,2073,120091,6165,0.016419021670257255,0.7483612527312454
7305,0.7309,6,2,6,674373,2071,120097,6159,0.01640318083893043,0.7483596597812879
7306,0.731,5,1,5,674374,2070,120102,6154,0.016395260423267013,0.7482976653696498
7307,0.7311,2,1,2,674375,2069,120104,6152,0.0163873400076036,0.7483274540810121
7308,0.7312,7,1,7,674376,2068,120111,6145,0.016379419591940184,0.7482040667234872
7309,0.7313,5,3,5,674379,2065,120116,6140,0.016355658344949942,0.7483241925655089
7310,0.7314,6,1,6,674380,2064,120122,6134,0.016347737929286527,0.7482312759209563
7311,0.7315,5,3,5,674383,2061,120127,6129,0.016323976682296286,0.7483516483516484
7312,0.7316,6,0,6,674383,2061,120133,6123,0.016323976682296286,0.7481671554252199
7313,0.7317,5,1,5,674384,2060,120138,6118,0.016316056266632874,0.7481046710687209
7314,0.7318,4,3,4,674387,2057,120142,6114,0.01629229501964263,0.7482560274140252
7315,0.7319,4,2,4,674389,2055,120146,6110,0.016276454188315803,0.7483159828536436
7316,0.732,5,0,5,674389,2055,120151,6105,0.016276454188315803,0.7481617647058824
7317,0.7321,2,0,2,674389,2055,120153,6103,0.016276454188315803,0.7481000245158127
7318,0.7322,5,1,5,674390,2054,120158,6098,0.016268533772652388,0.7480372914622179
7319,0.7323,4,2,4,674392,2052,120162,6094,0.016252692941325562,0.7480972256322121
7320,0.7324,4,3,4,674395,2049,120166,6090,0.01622893169433532,0.7482491706597862
7321,0.7325,5,3,5,674398,2046,120171,6085,0.016205170447345076,0.7483704341409421
7322,0.7326,5,0,5,674398,2046,120176,6080,0.016205170447345076,0.7482156042333251
7323,0.7327,5,3,5,674401,2043,120181,6075,0.016181409200354834,0.7483370288248337
7324,0.7328,1,3,1,674404,2040,120182,6074,0.016157647953364593,0.748582696573823
7325,0.7329,8,2,8,674406,2038,120190,6066,0.016141807122037763,0.7485192497532083
7326,0.733,6,3,6,674409,2035,120196,6060,0.01611804587504752,0.7486102532427424
7327,0.7331,5,0,5,674409,2035,120201,6055,0.01611804587504752,0.7484548825710754
7328,0.7332,3,2,3,674411,2033,120204,6052,0.016102205043720695,0.7485466914038342
7329,0.7333,3,0,3,674411,2033,120207,6049,0.016102205043720695,0.7484533531304133
7330,0.7334,5,3,5,674414,2030,120212,6044,0.016078443796730454,0.7485756750061927
7331,0.7335,7,2,7,674416,2028,120219,6037,0.016062602965403624,0.7485430874147551
7332,0.7336,4,2,4,674418,2026,120223,6033,0.016046762134076797,0.7486040451668942
7333,0.7337,7,1,7,674419,2025,120230,6026,0.016038841718413382,0.7484784498820022
7334,0.7338,3,4,3,674423,2021,120233,6023,0.016007160055759726,0.7487568373943312
7335,0.7339,6,1,6,674424,2020,120239,6017,0.01599923964009631,0.748662436232425
7336,0.734,6,0,6,674424,2020,120245,6011,0.01599923964009631,0.7484746606898269
7337,0.7341,5,1,5,674425,2019,120250,6006,0.0159913192244329,0.748411214953271
7338,0.7342,9,4,9,674429,2015,120259,5997,0.015959637561779243,0.7485022466300549
7339,0.7343,2,2,2,674431,2013,120261,5995,0.015943796730452413,0.7486263736263736
7340,0.7344,2,0,2,674431,2013,120263,5993,0.015943796730452413,0.7485635773170123
7341,0.7345,3,1,3,674432,2012,120266,5990,0.015935876314789,0.7485628592851787
7342,0.7346,5,0,5,674432,2012,120271,5985,0.015935876314789,0.7484056521195448
7343,0.7347,5,2,5,674434,2010,120276,5980,0.015920035483462172,0.7484355444305382
7344,0.7348,3,3,3,674437,2007,120279,5977,0.01589627423647193,0.748622244488978
7345,0.7349,8,2,8,674439,2005,120287,5969,0.0158804334051451,0.7485578128918987
7346,0.735,5,1,5,674440,2004,120292,5964,0.01587251298948169,0.7484939759036144
7347,0.7351,7,3,7,674443,2001,120299,5957,0.015848751742491445,0.7485549132947977
7348,0.7352,3,2,3,674445,1999,120302,5954,0.015832910911164618,0.7486483088142839
7349,0.7353,5,3,5,674448,1996,120307,5949,0.015809149664174377,0.7487728130899937
7350,0.7354,4,1,4,674449,1995,120311,5945,0.015801229248510962,0.7487405541561712
7351,0.7355,8,1,8,674450,1994,120319,5937,0.015793308832847547,0.7485815155718069
7352,0.7356,9,1,9,674451,1993,120328,5928,0.015785388417184135,0.7483903547531877
7353,0.7357,3,1,3,674452,1992,120331,5925,0.01577746800152072,0.7483895414929898
7354,0.7358,4,4,4,674456,1988,120335,5921,0.015745786338867064,0.748640788974586
7355,0.7359,8,2,8,674458,1986,120343,5913,0.015729945507540234,0.7485757690846943
7356,0.736,3,1,3,674459,1985,120346,5910,0.015722025091876823,0.7485750474984167
7357,0.7361,3,3,3,674462,1982,120349,5907,0.01569826384488658,0.7487641019140575
7358,0.7362,3,2,3,674464,1980,120352,5904,0.01568242301355975,0.7488584474885844
7359,0.7363,3,2,3,674466,1978,120355,5901,0.015666582182232925,0.7489529128061937
7360,0.7364,4,2,4,674468,1976,120359,5897,0.015650741350906095,0.749015623015369
7361,0.7365,4,1,4,674469,1975,120363,5893,0.01564282093524268,0.7489832231825114
7362,0.7366,7,2,7,674471,1973,120370,5886,0.015626980103915854,0.7489502481231709
7363,0.7367,2,3,2,674474,1970,120372,5884,0.01560321885692561,0.7491723962312198
7364,0.7368,2,1,2,674475,1969,120374,5882,0.015595298441262197,0.7492039230671252
7365,0.7369,10,1,10,674476,1968,120384,5872,0.015587378025598784,0.7489795918367347
7366,0.737,3,0,3,674476,1968,120387,5869,0.015587378025598784,0.7488835013397984
7367,0.7371,6,2,6,674478,1966,120393,5863,0.015571537194271956,0.7488823604547197
7368,0.7372,7,2,7,674480,1964,120400,5856,0.015555696362945128,0.7488491048593351
7369,0.7373,4,3,4,674483,1961,120404,5852,0.015531935115954885,0.749008063483937
7370,0.7374,4,3,4,674486,1958,120408,5848,0.015508173868964643,0.74916730719959
7371,0.7375,1,2,1,674488,1956,120409,5847,0.015492333037637815,0.7493271818531334
7372,0.7376,5,0,5,674488,1956,120414,5842,0.015492333037637815,0.7491664529366504
7373,0.7377,3,4,3,674492,1952,120417,5839,0.015460651374984159,0.7494544987806443
7374,0.7378,8,2,8,674494,1950,120425,5831,0.01544481054365733,0.7493895386197147
7375,0.7379,4,3,4,674497,1947,120429,5827,0.01542104929666709,0.7495497813223566
7376,0.738,9,0,9,674497,1947,120438,5818,0.01542104929666709,0.7492594977462975
7377,0.7381,5,1,5,674498,1946,120443,5813,0.015413128881003674,0.7491944838252352
7378,0.7382,4,2,4,674500,1944,120447,5809,0.015397288049676846,0.74925835160583
7379,0.7383,3,8,3,674508,1936,120450,5806,0.015333924724369535,0.7499354172048567
7380,0.7384,2,0,2,674508,1936,120452,5804,0.015333924724369535,0.7498708010335917
7381,0.7385,5,2,5,674510,1934,120457,5799,0.015318083893042707,0.7499030130609078
7382,0.7386,6,0,6,674510,1934,120463,5793,0.015318083893042707,0.7497088132522325
7383,0.7387,4,2,4,674512,1932,120467,5789,0.015302243061715879,0.7497733454215775
7384,0.7388,2,1,2,674513,1931,120469,5787,0.015294322646052464,0.7498056491318995
7385,0.7389,7,4,7,674517,1927,120476,5780,0.01526264098339881,0.7499675619566628
7386,0.739,5,3,5,674520,1924,120481,5775,0.015238879736408566,0.7500974152487336
7387,0.7391,5,1,5,674521,1923,120486,5770,0.015230959320745153,0.7500324970752632
7388,0.7392,3,2,3,674523,1921,120489,5767,0.015215118489418325,0.7501300728407908
7389,0.7393,7,0,7,674523,1921,120496,5760,0.015215118489418325,0.749902356464002
7390,0.7394,4,1,4,674524,1920,120500,5756,0.01520719807375491,0.7498697238144867
7391,0.7395,6,0,6,674524,1920,120506,5750,0.01520719807375491,0.7496740547588006
7392,0.7396,4,1,4,674525,1919,120510,5746,0.015199277658091497,0.7496412263535551
7393,0.7397,8,1,8,674526,1918,120518,5738,0.015191357242428082,0.7494775339602926
7394,0.7398,7,3,7,674529,1915,120525,5731,0.01516759599543784,0.7495422443107507
7395,0.7399,7,2,7,674531,1913,120532,5724,0.015151755164111012,0.7495089694906377
7396,0.74,4,1,4,674532,1912,120536,5720,0.0151438347484476,0.749475890985325
7397,0.7401,6,1,6,674533,1911,120542,5714,0.015135914332784184,0.7493770491803279
7398,0.7402,3,0,3,674533,1911,120545,5711,0.015135914332784184,0.7492784046182105
7399,0.7403,9,3,9,674536,1908,120554,5702,0.015112153085793943,0.7492772667542706
7400,0.7404,5,4,5,674540,1904,120559,5697,0.015080471423140287,0.7495066438626496
7401,0.7405,4,2,4,674542,1902,120563,5693,0.015064630591813458,0.7495720868992758
7402,0.7406,9,2,9,674544,1900,120572,5684,0.01504878976048663,0.7494725738396625
7403,0.7407,4,2,4,674546,1898,120576,5680,0.015032948929159802,0.7495381367115334
7404,0.7408,5,2,5,674548,1896,120581,5675,0.015017108097832974,0.7495707304187029
7405,0.7409,2,1,2,674549,1895,120583,5673,0.01500918768216956,0.7496035940803383
7406,0.741,3,2,3,674551,1893,120586,5670,0.014993346850842732,0.7497024990083301
7407,0.7411,1,5,1,674556,1888,120587,5669,0.014953744772525663,0.7501654095540559
7408,0.7412,2,2,2,674558,1886,120589,5667,0.014937903941198835,0.7502978948762081
7409,0.7413,8,2,8,674560,1884,120597,5659,0.014922063109872007,0.7502320031817579
7410,0.7414,3,0,3,674560,1884,120600,5656,0.014922063109872007,0.750132625994695
7411,0.7415,3,1,3,674561,1883,120603,5653,0.014914142694208592,0.7501326963906582
7412,0.7416,8,2,8,674563,1881,120611,5645,0.014898301862881764,0.7500664363539729
7413,0.7417,8,0,8,674563,1881,120619,5637,0.014898301862881764,0.7498004788507582
7414,0.7418,0,2,0,674565,1879,120619,5637,0.014882461031554935,0.75
7415,0.7419,3,1,3,674566,1878,120622,5634,0.014874540615891522,0.75
7416,0.742,3,4,3,674570,1874,120625,5631,0.014842858953237866,0.7502998001332445
7417,0.7421,5,0,5,674570,1874,120630,5626,0.014842858953237866,0.7501333333333333
7418,0.7422,4,2,4,674572,1872,120634,5622,0.014827018121911038,0.7502001601281025
7419,0.7423,6,3,6,674575,1869,120640,5616,0.014803256874920796,0.7503006012024048
7420,0.7424,6,3,6,674578,1866,120646,5610,0.014779495627930553,0.7504012841091493
7421,0.7425,5,3,5,674581,1863,120651,5605,0.014755734380940312,0.7505356186395287
7422,0.7426,4,3,4,674584,1860,120655,5601,0.01473197313395007,0.7507036590269401
7423,0.7427,2,3,2,674587,1857,120657,5599,0.014708211886959827,0.7509388412017167
7424,0.7428,8,1,8,674588,1856,120665,5591,0.014700291471296414,0.7507721230025514
7425,0.7429,0,2,0,674590,1854,120665,5591,0.014684450639969586,0.7509738079247817
7426,0.743,2,5,2,674595,1849,120667,5589,0.014644848561652515,0.7514116698037107
7427,0.7431,3,1,3,674596,1848,120670,5586,0.014636928145989101,0.751412429378531
7428,0.7432,7,1,7,674597,1847,120677,5579,0.014629007730325688,0.7512792889846486
7429,0.7433,3,1,3,674598,1846,120680,5576,0.014621087314662273,0.7512799784424683
7430,0.7434,2,1,2,674599,1845,120682,5574,0.01461316689899886,0.751314193287505
7431,0.7435,3,3,3,674602,1842,120685,5571,0.014589405652008617,0.7515176042088223
7432,0.7436,4,1,4,674603,1841,120689,5567,0.014581485236345204,0.7514848812095032
7433,0.7437,6,4,6,674607,1837,120695,5561,0.014549803573691547,0.7516896458502298
7434,0.7438,7,2,7,674609,1835,120702,5554,0.01453396274236472,0.7516578698064691
7435,0.7439,5,0,5,674609,1835,120707,5549,0.01453396274236472,0.7514897074756229
7436,0.744,3,3,3,674612,1832,120710,5546,0.014510201495374478,0.7516942260775278
7437,0.7441,6,2,6,674614,1830,120716,5540,0.01449436066404765,0.751696065128901
7438,0.7442,3,2,3,674616,1828,120719,5537,0.014478519832720822,0.7517990495587237
7439,0.7443,7,2,7,674618,1826,120726,5530,0.014462679001393993,0.7517672648178357
7440,0.7444,9,1,9,674619,1825,120735,5521,0.014454758585730578,0.7515654778110537
7441,0.7445,5,6,5,674625,1819,120740,5516,0.014407236091750096,0.7520109066121337
7442,0.7446,6,3,6,674628,1816,120746,5510,0.014383474844759853,0.7521157521157521
7443,0.7447,6,1,6,674629,1815,120752,5504,0.01437555442909644,0.7520153026369722
7444,0.7448,4,3,4,674632,1812,120756,5500,0.014351793182106196,0.7521881838074398
7445,0.7449,7,3,7,674635,1809,120763,5493,0.014328031935115955,0.7522596548890715
7446,0.745,4,0,4,674635,1809,120767,5489,0.014328031935115955,0.7521238695533022
7447,0.7451,5,1,5,674636,1808,120772,5484,0.014320111519452542,0.7520570488206253
7448,0.7452,3,5,3,674641,1803,120775,5481,0.01428050944113547,0.7524711696869851
7449,0.7453,2,3,2,674644,1800,120777,5479,0.014256748194145229,0.752713284791867
7450,0.7454,6,1,6,674645,1799,120783,5473,0.014248827778481814,0.7526127612761276
7451,0.7455,5,1,5,674646,1798,120788,5468,0.014240907362818401,0.7525461051472612
7452,0.7456,4,2,4,674648,1796,120792,5464,0.014225066531491573,0.7526170798898072
7453,0.7457,2,5,2,674653,1791,120794,5462,0.014185464453174503,0.7530676961257411
7454,0.7458,4,3,4,674656,1788,120798,5458,0.01416170320618426,0.7532431686447695
7455,0.7459,4,0,4,674656,1788,120802,5454,0.01416170320618426,0.7531068765534383
7456,0.746,9,3,9,674659,1785,120811,5445,0.014137941959194019,0.7531120331950207
7457,0.7461,2,3,2,674662,1782,120813,5443,0.014114180712203776,0.753356401384083
7458,0.7462,8,4,8,674666,1778,120821,5435,0.014082499049550121,0.7535006238735616
7459,0.7463,3,1,3,674667,1777,120824,5432,0.014074578633886706,0.7535025662366487
7460,0.7464,10,0,10,674667,1777,120834,5422,0.014074578633886706,0.7531601611334907
7461,0.7465,3,1,3,674668,1776,120837,5419,0.014066658218223293,0.7531619179986101
7462,0.7466,2,1,2,674669,1775,120839,5417,0.014058737802559878,0.7531979977753059
7463,0.7467,6,2,6,674671,1773,120845,5411,0.01404289697123305,0.7532015590200446
7464,0.7468,3,5,3,674676,1768,120848,5408,0.01400329489291598,0.7536231884057971
7465,0.7469,6,4,6,674680,1764,120854,5402,0.013971613230262324,0.7538375662852358
7466,0.747,7,5,7,674685,1759,120861,5395,0.013932011151945254,0.7541235672351132
7467,0.7471,4,6,4,674691,1753,120865,5391,0.01388448865796477,0.754619260918253
7468,0.7472,4,4,4,674695,1749,120869,5387,0.013852806995311114,0.7549047085201793
7469,0.7473,4,4,4,674699,1745,120873,5383,0.013821125332657457,0.7551907968574635
7470,0.7474,6,1,6,674700,1744,120879,5377,0.013813204916994044,0.7550905771661284
7471,0.7475,4,6,4,674706,1738,120883,5373,0.01376568242301356,0.7555899310926734
7472,0.7476,4,4,4,674710,1734,120887,5369,0.013734000760359903,0.7558777981134732
7473,0.7477,5,1,5,674711,1733,120892,5364,0.01372608034469649,0.7558123150627025
7474,0.7478,9,4,9,674715,1729,120901,5355,0.013694398682042834,0.7559288537549407
7475,0.7479,4,2,4,674717,1727,120905,5351,0.013678557850716005,0.7560045210511444
7476,0.748,4,3,4,674720,1724,120909,5347,0.013654796603725764,0.7561872436713336
7477,0.7481,10,1,10,674721,1723,120919,5337,0.01364687618806235,0.7559490084985836
7478,0.7482,3,2,3,674723,1721,120922,5334,0.013631035356735521,0.7560595322466336
7479,0.7483,7,1,7,674724,1720,120929,5327,0.013623114941072108,0.7559245068823612
7480,0.7484,9,1,9,674725,1719,120938,5318,0.013615194525408693,0.7557197669461418
7481,0.7485,3,2,3,674727,1717,120941,5315,0.013599353694081865,0.7558304891922639
7482,0.7486,8,2,8,674729,1715,120949,5307,0.013583512862755037,0.7557675875818856
7483,0.7487,5,1,5,674730,1714,120954,5302,0.013575592447091623,0.7557012542759407
7484,0.7488,6,1,6,674731,1713,120960,5296,0.01356767203142821,0.7555999429305179
7485,0.7489,7,3,7,674734,1710,120967,5289,0.013543910784437967,0.755679382768967
7486,0.749,4,4,4,674738,1706,120971,5285,0.01351222912178431,0.7559719639536547
7487,0.7491,5,0,5,674738,1706,120976,5280,0.01351222912178431,0.7557973089035214
7488,0.7492,7,2,7,674740,1704,120983,5273,0.013496388290457483,0.7557689551383115
7489,0.7493,3,2,3,674742,1702,120986,5270,0.013480547459130654,0.7558806655192197
7490,0.7494,4,3,4,674745,1699,120990,5266,0.013456786212140413,0.7560660445082555
7491,0.7495,5,3,5,674748,1696,120995,5261,0.013433024965150172,0.7562167600977433
7492,0.7496,12,6,12,674754,1690,121007,5249,0.013385502471169687,0.756449056059951
7493,0.7497,1,1,1,674755,1689,121008,5248,0.013377582055506272,0.7565229926481187
7494,0.7498,6,0,6,674755,1689,121014,5242,0.013377582055506272,0.7563122204588083
7495,0.7499,6,3,6,674758,1686,121020,5236,0.01335382080851603,0.7564287778098815
7496,0.75,3,1,3,674759,1685,121023,5233,0.013345900392852618,0.7564324949407343
7497,0.7501,6,3,6,674762,1682,121029,5227,0.013322139145862374,0.756549428281951
7498,0.7502,2,2,2,674764,1680,121031,5225,0.013306298314535546,0.7566980448950036
7499,0.7503,5,3,5,674767,1677,121036,5220,0.013282537067545305,0.7568508046976946
7500,0.7504,3,1,3,674768,1676,121039,5217,0.01327461665188189,0.7568547802118091
7501,0.7505,9,1,9,674769,1675,121048,5208,0.013266696236218477,0.7566468109835828
7502,0.7506,4,2,4,674771,1673,121052,5204,0.013250855404891649,0.7567253162716301
7503,0.7507,5,3,5,674774,1670,121057,5199,0.013227094157901407,0.7568787305284612
7504,0.7508,5,1,5,674775,1669,121062,5194,0.013219173742237992,0.7568118898440915
7505,0.7509,8,2,8,674777,1667,121070,5186,0.013203332910911164,0.7567488691084197
7506,0.751,11,2,11,674779,1665,121081,5175,0.013187492079584336,0.756578947368421
7507,0.7511,4,2,4,674781,1663,121085,5171,0.013171651248257508,0.7566578870354111
7508,0.7512,3,2,3,674783,1661,121088,5168,0.013155810416930681,0.7567725874945087
7509,0.7513,8,4,8,674787,1657,121096,5160,0.013124128754277025,0.7569312014082441
7510,0.7514,4,2,4,674789,1655,121100,5156,0.013108287922950197,0.7570107179562472
7511,0.7515,6,3,6,674792,1652,121106,5150,0.013084526675959954,0.7571302558071156
7512,0.7516,5,1,5,674793,1651,121111,5145,0.01307660626029654,0.7570629782224838
7513,0.7517,4,0,4,674793,1651,121115,5141,0.01307660626029654,0.7569199057714959
7514,0.7518,5,2,5,674795,1649,121120,5136,0.013060765428969712,0.756963890935888
7515,0.7519,5,3,5,674798,1646,121125,5131,0.013037004181979471,0.7571196694702671
7516,0.752,8,1,8,674799,1645,121133,5123,0.013029083766316056,0.7569444444444444
7517,0.7521,6,2,6,674801,1643,121139,5117,0.013013242934989228,0.7569526627218935
7518,0.7522,2,4,2,674805,1639,121141,5115,0.012981561272335572,0.757328990228013
7519,0.7523,7,3,7,674808,1636,121148,5108,0.01295780002534533,0.7574139976275207
7520,0.7524,8,3,8,674811,1633,121156,5100,0.012934038778355089,0.7574632407544928
7521,0.7525,3,5,3,674816,1628,121159,5097,0.012894436700038018,0.7579182156133829
7522,0.7526,4,1,4,674817,1627,121163,5093,0.012886516284374604,0.7578869047619048
7523,0.7527,3,4,3,674821,1623,121166,5090,0.012854834621720948,0.7582302994190376
7524,0.7528,5,2,5,674823,1621,121171,5085,0.01283899379039412,0.7582761705934984
7525,0.7529,6,1,6,674824,1620,121177,5079,0.012831073374730707,0.7581728616211375
7526,0.753,11,2,11,674826,1618,121188,5068,0.012815232543403879,0.7580017947950942
7527,0.7531,2,1,2,674827,1617,121190,5066,0.012807312127740464,0.7580427951518779
7528,0.7532,1,2,1,674829,1615,121191,5065,0.012791471296413635,0.7582335329341318
7529,0.7533,5,1,5,674830,1614,121196,5060,0.012783550880750222,0.7581660173808811
7530,0.7534,5,1,5,674831,1613,121201,5055,0.012775630465086807,0.7580983803239352
7531,0.7535,5,0,5,674831,1613,121206,5050,0.012775630465086807,0.7579168542698485
7532,0.7536,7,1,7,674832,1612,121213,5043,0.012767710049423394,0.7577761081893313
7533,0.7537,2,3,2,674835,1609,121215,5041,0.012743948802433151,0.7580451127819549
7534,0.7538,3,0,3,674835,1609,121218,5038,0.012743948802433151,0.757935910937265
7535,0.7539,1,1,1,674836,1608,121219,5037,0.012736028386769738,0.7580135440180586
7536,0.754,5,2,5,674838,1606,121224,5032,0.01272018755544291,0.7580596565230491
7537,0.7541,6,1,6,674839,1605,121230,5026,0.012712267139779496,0.7579550595686925
7538,0.7542,2,3,2,674842,1602,121232,5024,0.012688505892789253,0.7582251735587081
7539,0.7543,5,0,5,674842,1602,121237,5019,0.012688505892789253,0.7580425917535115
7540,0.7544,4,1,4,674843,1601,121241,5015,0.01268058547712584,0.7580108827085853
7541,0.7545,7,2,7,674845,1599,121248,5008,0.012664744645799012,0.7579839564098684
7542,0.7546,3,1,3,674846,1598,121251,5005,0.012656824230135597,0.7579887929728911
7543,0.7547,2,2,2,674848,1596,121253,5003,0.012640983398808769,0.7581451735111381
7544,0.7548,8,2,8,674850,1594,121261,4995,0.012625142567481942,0.75808165123691
7545,0.7549,3,1,3,674851,1593,121264,4992,0.012617222151818527,0.7580865603644646
7546,0.755,7,2,7,674853,1591,121271,4985,0.0126013813204917,0.7580596107055961
7547,0.7551,4,0,4,674853,1591,121275,4981,0.0126013813204917,0.7579123554473524
7548,0.7552,3,1,3,674854,1590,121278,4978,0.012593460904828286,0.7579171741778319
7549,0.7553,3,1,3,674855,1589,121281,4975,0.012585540489164871,0.757921998781231
7550,0.7554,3,1,3,674856,1588,121284,4972,0.012577620073501458,0.7579268292682927
7551,0.7555,4,1,4,674857,1587,121288,4968,0.012569699657838043,0.7578947368421053
7552,0.7556,10,2,10,674859,1585,121298,4958,0.012553858826511215,0.7577563808650466
7553,0.7557,6,1,6,674860,1584,121304,4952,0.012545938410847801,0.7576499388004896
7554,0.7558,7,3,7,674863,1581,121311,4945,0.012522177163857558,0.7577382776585964
7555,0.7559,6,0,6,674863,1581,121317,4939,0.012522177163857558,0.7575153374233129
7556,0.756,3,2,3,674865,1579,121320,4936,0.012506336332530732,0.7576362240982348
7557,0.7561,7,2,7,674867,1577,121327,4929,0.012490495501203904,0.75760836151245
7558,0.7562,8,0,8,674867,1577,121335,4921,0.012490495501203904,0.7573099415204678
7559,0.7563,4,0,4,674867,1577,121339,4917,0.012490495501203904,0.7571604558053588
7560,0.7564,5,3,5,674870,1574,121344,4912,0.01246673425421366,0.7573234659266112
7561,0.7565,6,3,6,674873,1571,121350,4906,0.01244297300722342,0.7574494364675004
7562,0.7566,3,0,3,674873,1571,121353,4903,0.01244297300722342,0.7573370404695706
7563,0.7567,4,3,4,674876,1568,121357,4899,0.012419211760233176,0.7575382712231328
7564,0.7568,4,1,4,674877,1567,121361,4895,0.012411291344569763,0.7575054162797895
7565,0.7569,4,0,4,674877,1567,121365,4891,0.012411291344569763,0.7573552183338494
7566,0.757,4,2,4,674879,1565,121369,4887,0.012395450513242935,0.7574395536267824
7567,0.7571,11,4,11,674883,1561,121380,4876,0.012363768850589279,0.7574957278235203
7568,0.7572,1,0,1,674883,1561,121381,4875,0.012363768850589279,0.7574580484773151
7569,0.7573,6,1,6,674884,1560,121387,4869,0.012355848434925865,0.7573495100326645
7570,0.7574,7,0,7,674884,1560,121394,4862,0.012355848434925865,0.757085020242915
7571,0.7575,6,0,6,674884,1560,121400,4856,0.012355848434925865,0.756857855361596
7572,0.7576,7,0,7,674884,1560,121407,4849,0.012355848434925865,0.7565922920892495
7573,0.7577,7,3,7,674887,1557,121414,4842,0.012332087187935622,0.7566807313642757
7574,0.7578,7,2,7,674889,1555,121421,4835,0.012316246356608794,0.7566510172143975
7575,0.7579,3,4,3,674893,1551,121424,4832,0.01228456469395514,0.7570108099639667
7576,0.758,2,5,2,674898,1546,121426,4830,0.012244962615638068,0.7575282308657465
7577,0.7581,5,0,5,674898,1546,121431,4825,0.012244962615638068,0.7573379375294302
7578,0.7582,5,5,5,674903,1541,121436,4820,0.012205360537320999,0.7577424933186606
7579,0.7583,4,2,4,674905,1539,121440,4816,0.01218951970599417,0.7578284815106215
7580,0.7584,3,1,3,674906,1538,121443,4813,0.012181599290330757,0.7578334120610928
7581,0.7585,6,4,6,674910,1534,121449,4807,0.012149917627677101,0.75808232140041
7582,0.7586,5,1,5,674911,1533,121454,4802,0.012141997212013686,0.7580110497237569
7583,0.7587,5,2,5,674913,1531,121459,4797,0.012126156380686858,0.7580594184576486
7584,0.7588,0,3,0,674916,1528,121459,4797,0.012102395133696616,0.7584189723320158
7585,0.7589,6,1,6,674917,1527,121465,4791,0.012094474718033203,0.758309591642925
7586,0.759,2,0,2,674917,1527,121467,4789,0.012094474718033203,0.7582330588980367
7587,0.7591,1,0,1,674917,1527,121468,4788,0.012094474718033203,0.7581947743467934
7588,0.7592,5,3,5,674920,1524,121473,4783,0.01207071347104296,0.7583637228476297
7589,0.7593,3,1,3,674921,1523,121476,4780,0.012062793055379547,0.7583690306203396
7590,0.7594,6,0,6,674921,1523,121482,4774,0.012062793055379547,0.7581387962521836
7591,0.7595,6,2,6,674923,1521,121488,4768,0.012046952224052719,0.7581491493083161
7592,0.7596,6,2,6,674925,1519,121494,4762,0.01203111139272589,0.7581595287374622
7593,0.7597,3,0,3,674925,1519,121497,4759,0.01203111139272589,0.7580439630455559
7594,0.7598,5,2,5,674927,1517,121502,4754,0.012015270561399062,0.758092808164567
7595,0.7599,3,2,3,674929,1515,121505,4751,0.011999429730072234,0.7582189594637727
7596,0.76,6,2,6,674931,1513,121511,4745,0.011983588898745406,0.7582294662831576
7597,0.7601,1,0,1,674931,1513,121512,4744,0.011983588898745406,0.7581908262745725
7598,0.7602,5,0,5,674931,1513,121517,4739,0.011983588898745406,0.7579974408189379
7599,0.7603,6,4,6,674935,1509,121523,4733,0.01195190723609175,0.7582505607177187
7600,0.7604,6,0,6,674935,1509,121529,4727,0.01195190723609175,0.7580179602309173
7601,0.7605,6,1,6,674936,1508,121535,4721,0.011943986820428337,0.7579065660619683
7602,0.7606,8,2,8,674938,1506,121543,4713,0.011928145989101508,0.7578388808490111
7603,0.7607,6,1,6,674939,1505,121549,4707,0.011920225573438093,0.7577269800386349
7604,0.7608,6,3,6,674942,1502,121555,4701,0.011896464326447852,0.7578591004352733
7605,0.7609,6,1,6,674943,1501,121561,4695,0.011888543910784437,0.7577469335054874
7606,0.761,4,1,4,674944,1500,121565,4691,0.011880623495121024,0.7577128089161687
7607,0.7611,7,3,7,674947,1497,121572,4684,0.011856862248130783,0.7578061802297363
7608,0.7612,2,4,2,674951,1493,121574,4682,0.011825180585477126,0.7582186234817814
7609,0.7613,3,3,3,674954,1490,121577,4679,0.011801419338486883,0.7584697681958178
7610,0.7614,4,5,4,674959,1485,121581,4675,0.011761817260169814,0.7589285714285714
7611,0.7615,4,1,4,674960,1484,121585,4671,0.0117538968445064,0.7588952071486597
7612,0.7616,3,1,3,674961,1483,121588,4668,0.011745976428842985,0.7589009917086652
7613,0.7617,6,3,6,674964,1480,121594,4662,0.011722215181852744,0.7590361445783133
7614,0.7618,7,1,7,674965,1479,121601,4655,0.011714294766189329,0.7588849038148028
7615,0.7619,8,2,8,674967,1477,121609,4647,0.011698453934862501,0.7588177661659047
7616,0.762,6,3,6,674970,1474,121615,4641,0.01167469268787226,0.7589533932951757
7617,0.7621,4,1,4,674971,1473,121619,4637,0.011666772272208846,0.7589198036006547
7618,0.7622,5,3,5,674974,1470,121624,4632,0.011643011025218603,0.7590953785644051
7619,0.7623,4,1,4,674975,1469,121628,4628,0.01163509060955519,0.7590618336886994
7620,0.7624,7,2,7,674977,1467,121635,4621,0.011619249778228362,0.7590341655716163
7621,0.7625,5,0,5,674977,1467,121640,4616,0.011619249778228362,0.7588361006082525
7622,0.7626,7,2,7,674979,1465,121647,4609,0.011603408946901534,0.7588080342443201
7623,0.7627,3,1,3,674980,1464,121650,4606,0.011595488531238119,0.7588138385502471
7624,0.7628,6,1,6,674981,1463,121656,4600,0.011587568115574706,0.7587003133762164
7625,0.7629,3,4,3,674985,1459,121659,4597,0.01155588645292105,0.7590819022457067
7626,0.763,6,1,6,674986,1458,121665,4591,0.011547966037257636,0.7589684245329806
7627,0.7631,7,2,7,674988,1456,121672,4584,0.011532125205930808,0.7589403973509934
7628,0.7632,1,2,1,674990,1454,121673,4583,0.01151628437460398,0.7591518966374027
7629,0.7633,5,1,5,674991,1453,121678,4578,0.011508363958940565,0.7590780965014093
7630,0.7634,2,2,2,674993,1451,121680,4576,0.011492523127613737,0.7592500414800066
7631,0.7635,2,3,2,674996,1448,121682,4574,0.011468761880623495,0.7595483228163401
7632,0.7636,5,1,5,674997,1447,121687,4569,0.01146084146496008,0.7594747340425532
7633,0.7637,8,1,8,674998,1446,121695,4561,0.011452921049296667,0.759280839021142
7634,0.7638,3,5,3,675003,1441,121698,4558,0.011413318970979597,0.7597932988831472
7635,0.7639,3,0,3,675003,1441,121701,4555,0.011413318970979597,0.7596731154102735
7636,0.764,2,0,2,675003,1441,121703,4553,0.011413318970979597,0.759592926259593
7637,0.7641,3,2,3,675005,1439,121706,4550,0.01139747813965277,0.7597261646351645
7638,0.7642,11,4,11,675009,1435,121717,4539,0.011365796476999113,0.7597924338801473
7639,0.7643,3,0,3,675009,1435,121720,4536,0.011365796476999113,0.7596717467760844
7640,0.7644,5,3,5,675012,1432,121725,4531,0.011342035230008872,0.7598524232768741
7641,0.7645,4,2,4,675014,1430,121729,4527,0.011326194398682043,0.7599462816854121
7642,0.7646,3,1,3,675015,1429,121732,4524,0.011318273983018629,0.7599529648916513
7643,0.7647,2,1,2,675016,1428,121734,4522,0.011310353567355215,0.76
7644,0.7648,3,2,3,675018,1426,121737,4519,0.011294512736028387,0.76013456686291
7645,0.7649,6,0,6,675018,1426,121743,4513,0.011294512736028387,0.759892237750463
7646,0.765,3,1,3,675019,1425,121746,4510,0.011286592320364972,0.7598989048020219
7647,0.7651,5,1,5,675020,1424,121751,4505,0.011278671904701559,0.7598245909934221
7648,0.7652,3,0,3,675020,1424,121754,4502,0.011278671904701559,0.7597030037124536
7649,0.7653,7,2,7,675022,1422,121761,4495,0.01126283107337473,0.7596755112388035
7650,0.7654,5,1,5,675023,1421,121766,4490,0.011254910657711316,0.7596007443748942
7651,0.7655,5,1,5,675024,1420,121771,4485,0.011246990242047903,0.7595258255715496
7652,0.7656,2,1,2,675025,1419,121773,4483,0.01123906982638449,0.7595730260928499
7653,0.7657,5,2,5,675027,1417,121778,4478,0.011223228995057661,0.759626802374894
7654,0.7658,7,0,7,675027,1417,121785,4471,0.011223228995057661,0.7593410326086957
7655,0.7659,7,3,7,675030,1414,121792,4464,0.011199467748067418,0.7594419870704321
7656,0.766,4,0,4,675030,1414,121796,4460,0.011199467748067418,0.7592781750085121
7657,0.7661,4,2,4,675032,1412,121800,4456,0.01118362691674059,0.7593728698023177
7658,0.7662,5,1,5,675033,1411,121805,4451,0.011175706501077177,0.7592971682019789
7659,0.7663,8,2,8,675035,1409,121813,4443,0.011159865669750349,0.7592276144907724
7660,0.7664,2,0,2,675035,1409,121815,4441,0.011159865669750349,0.7591452991452992
7661,0.7665,2,5,2,675040,1404,121817,4439,0.011120263591433279,0.759712476467568
7662,0.7666,3,0,3,675040,1404,121820,4436,0.011120263591433279,0.7595890410958904
7663,0.7667,10,4,10,675044,1400,121830,4426,0.011088581928779623,0.7596979059388946
7664,0.7668,3,2,3,675046,1398,121833,4423,0.011072741097452795,0.7598350798831816
7665,0.7669,3,3,3,675049,1395,121836,4420,0.011048979850462552,0.7601031814273431
7666,0.767,6,1,6,675050,1394,121842,4414,0.011041059434799138,0.7599862258953168
7667,0.7671,6,1,6,675051,1393,121848,4408,0.011033139019135725,0.7598689881054991
7668,0.7672,5,2,5,675053,1391,121853,4403,0.011017298187808897,0.7599240593717639
7669,0.7673,5,1,5,675054,1390,121858,4398,0.011009377772145482,0.7598479612992398
7670,0.7674,6,2,6,675056,1388,121864,4392,0.010993536940818654,0.7598615916955017
7671,0.7675,4,0,4,675056,1388,121868,4388,0.010993536940818654,0.7596952908587258
7672,0.7676,6,1,6,675057,1387,121874,4382,0.01098561652515524,0.7595770497486566
7673,0.7677,3,1,3,675058,1386,121877,4379,0.010977696109491826,0.7595836947094536
7674,0.7678,8,1,8,675059,1385,121885,4371,0.010969775693828412,0.7593815149409312
7675,0.7679,4,1,4,675060,1384,121889,4367,0.010961855278164997,0.7593462006607546
7676,0.768,6,2,6,675062,1382,121895,4361,0.01094601444683817,0.7593592199199025
7677,0.7681,6,3,6,675065,1379,121901,4355,0.010922253199847928,0.7595047087547959
7678,0.7682,7,1,7,675066,1378,121908,4348,0.010914332784184515,0.7593433461404121
7679,0.7683,6,2,6,675068,1376,121914,4342,0.010898491952857687,0.7593564183280868
7680,0.7684,2,3,2,675071,1373,121916,4340,0.010874730705867443,0.7596709259583406
7681,0.7685,6,1,6,675072,1372,121922,4334,0.01086681029020403,0.7595513494567122
7682,0.7686,0,2,0,675074,1370,121922,4334,0.010850969458877202,0.7598176718092566
7683,0.7687,1,2,1,675076,1368,121923,4333,0.010835128627550374,0.7600420978775654
7684,0.7688,5,2,5,675078,1366,121928,4328,0.010819287796223546,0.7600983491394451
7685,0.7689,2,5,2,675083,1361,121930,4326,0.010779685717906476,0.7606822577809038
7686,0.769,8,2,8,675085,1359,121938,4318,0.010763844886579648,0.7606129998238507
7687,0.7691,7,2,7,675087,1357,121945,4311,0.01074800405525282,0.7605857445306986
7688,0.7692,3,5,3,675092,1352,121948,4308,0.01070840197693575,0.76113074204947
7689,0.7693,5,1,5,675093,1351,121953,4303,0.010700481561272335,0.7610541209763
7690,0.7694,5,2,5,675095,1349,121958,4298,0.010684640729945507,0.7611120949176554
7691,0.7695,5,0,5,675095,1349,121963,4293,0.010684640729945507,0.760900389932648
7692,0.7696,3,0,3,675095,1349,121966,4290,0.010684640729945507,0.7607731867352368
7693,0.7697,4,3,4,675098,1346,121970,4286,0.010660879482955266,0.7610085227272727
7694,0.7698,6,1,6,675099,1345,121976,4280,0.010652959067291851,0.7608888888888888
7695,0.7699,7,1,7,675100,1344,121983,4273,0.010645038651628438,0.7607263663877515
7696,0.77,4,2,4,675102,1342,121987,4269,0.01062919782030161,0.7608269470682588
7697,0.7701,5,2,5,675104,1340,121992,4264,0.010613356988974781,0.7608850820842256
7698,0.7702,4,2,4,675106,1338,121996,4260,0.010597516157647953,0.7609860664523044
7699,0.7703,2,0,2,675106,1338,121998,4258,0.010597516157647953,0.7609006433166547
7700,0.7704,7,3,7,675109,1335,122005,4251,0.010573754910657712,0.7610096670247046
7701,0.7705,5,2,5,675111,1333,122010,4246,0.010557914079330884,0.7610682918085678
7702,0.7706,4,0,4,675111,1333,122014,4242,0.010557914079330884,0.7608968609865471
7703,0.7707,3,5,3,675116,1328,122017,4239,0.010518312001013812,0.7614514100952039
7704,0.7708,1,2,1,675118,1326,122018,4238,0.010502471169686986,0.7616822429906542
7705,0.7709,4,1,4,675119,1325,122022,4234,0.010494550754023571,0.761647778377406
7706,0.771,6,0,6,675119,1325,122028,4228,0.010494550754023571,0.7613902395101747
7707,0.7711,4,1,4,675120,1324,122032,4224,0.010486630338360158,0.7613554434030281
7708,0.7712,5,2,5,675122,1322,122037,4219,0.01047078950703333,0.761414907056488
7709,0.7713,2,2,2,675124,1320,122039,4217,0.010454948675706502,0.7616037565468665
7710,0.7714,4,2,4,675126,1318,122043,4213,0.010439107844379673,0.7617067438076297
7711,0.7715,2,2,2,675128,1316,122045,4211,0.010423267013052845,0.7618961461914239
7712,0.7716,4,3,4,675131,1313,122049,4207,0.010399505766062602,0.7621376811594203
7713,0.7717,2,2,2,675133,1311,122051,4205,0.010383664934735776,0.7623277737490936
7714,0.7718,3,0,3,675133,1311,122054,4202,0.010383664934735776,0.7621984400507891
7715,0.7719,1,1,1,675134,1310,122055,4201,0.01037574451907236,0.762293594628924
7716,0.772,3,3,3,675137,1307,122058,4198,0.01035198327208212,0.7625794732061763
7717,0.7721,5,1,5,675138,1306,122063,4193,0.010344062856418704,0.7625022731405711
7718,0.7722,5,0,5,675138,1306,122068,4188,0.010344062856418704,0.7622861303239898
7719,0.7723,2,0,2,675138,1306,122070,4186,0.010344062856418704,0.7621995630007283
7720,0.7724,2,6,2,675144,1300,122072,4184,0.01029654036243822,0.7629467541940189
7721,0.7725,5,0,5,675144,1300,122077,4179,0.01029654036243822,0.7627304252600839
7722,0.7726,3,2,3,675146,1298,122080,4176,0.010280699531111393,0.762879064669346
7723,0.7727,4,1,4,675147,1297,122084,4172,0.010272779115447979,0.7628451270799049
7724,0.7728,5,1,5,675148,1296,122089,4167,0.010264858699784565,0.7627677100494233
7725,0.7729,4,1,4,675149,1295,122093,4163,0.01025693828412115,0.7627336020520337
7726,0.773,3,2,3,675151,1293,122096,4160,0.010241097452794322,0.7628828167980928
7727,0.7731,5,1,5,675152,1292,122101,4155,0.010233177037130909,0.7628052138791995
7728,0.7732,4,2,4,675154,1290,122105,4151,0.01021733620580408,0.762911229553391
7729,0.7733,3,2,3,675156,1288,122108,4148,0.010201495374477253,0.7630610743193524
7730,0.7734,5,1,5,675157,1287,122113,4143,0.010193574958813838,0.7629834254143646
7731,0.7735,5,2,5,675159,1285,122118,4138,0.010177734127487011,0.7630462843444588
7732,0.7736,3,2,3,675161,1283,122121,4135,0.010161893296160183,0.7631967515688446
7733,0.7737,1,3,1,675164,1280,122122,4134,0.01013813204916994,0.7635759142962689
7734,0.7738,5,1,5,675165,1279,122127,4129,0.010130211633506527,0.7634985207100592
7735,0.7739,4,1,4,675166,1278,122131,4125,0.010122291217843112,0.7634647418101055
7736,0.774,4,2,4,675168,1276,122135,4121,0.010106450386516284,0.7635723550120437
7737,0.7741,6,0,6,675168,1276,122141,4115,0.010106450386516284,0.7633092190688184
7738,0.7742,6,3,6,675171,1273,122147,4109,0.010082689139526042,0.76347082868822
7739,0.7743,7,0,7,675171,1273,122154,4102,0.010082689139526042,0.7631627906976745
7740,0.7744,5,2,5,675173,1271,122159,4097,0.010066848308199214,0.7632265275707899
7741,0.7745,5,1,5,675174,1270,122164,4092,0.010058927892535801,0.7631480790749721
7742,0.7746,5,2,5,675176,1268,122169,4087,0.010043087061208973,0.7632119514472455
7743,0.7747,10,3,10,675179,1265,122179,4077,0.01001932581421873,0.7631973043803819
7744,0.7748,7,1,7,675180,1264,122186,4070,0.010011405398555316,0.7630296212973379
7745,0.7749,4,0,4,675180,1264,122190,4066,0.010011405398555316,0.7628517823639774
7746,0.775,4,0,4,675180,1264,122194,4062,0.010011405398555316,0.7626736763049192
7747,0.7751,3,1,3,675181,1263,122197,4059,0.010003484982891902,0.7626832018038332
7748,0.7752,6,3,6,675184,1260,122203,4053,0.00997972373590166,0.7628458498023716
7749,0.7753,6,3,6,675187,1257,122209,4047,0.009955962488911419,0.7630090497737556
7750,0.7754,4,1,4,675188,1256,122213,4043,0.009948042073248004,0.7629741460652953
7751,0.7755,3,3,3,675191,1253,122216,4040,0.009924280826257762,0.7632722463631211
7752,0.7756,7,2,7,675193,1251,122223,4033,0.009908439994930934,0.7632475397426193
7753,0.7757,8,1,8,675194,1250,122231,4025,0.00990051957926752,0.7630331753554502
7754,0.7758,7,3,7,675197,1247,122238,4018,0.009876758332277278,0.7631528964862299
7755,0.7759,3,2,3,675199,1245,122241,4015,0.00986091750095045,0.7633079847908745
7756,0.776,6,1,6,675200,1244,122247,4009,0.009852997085287037,0.7631829430801447
7757,0.7761,3,0,3,675200,1244,122250,4006,0.009852997085287037,0.7630476190476191
7758,0.7762,6,1,6,675201,1243,122256,4000,0.009845076669623622,0.7629219912263971
7759,0.7763,7,0,7,675201,1243,122263,3993,0.009845076669623622,0.7626050420168067
7760,0.7764,4,2,4,675203,1241,122267,3989,0.009829235838296793,0.7627151051625239
7761,0.7765,2,3,2,675206,1238,122269,3987,0.009805474591306552,0.7630622009569378
7762,0.7766,1,2,1,675208,1236,122270,3986,0.009789633759979724,0.7633090769819992
7763,0.7767,3,1,3,675209,1235,122273,3983,0.009781713344316309,0.7633192794174013
7764,0.7768,6,3,6,675212,1232,122279,3977,0.009757952097326068,0.7634862737569591
7765,0.7769,6,1,6,675213,1231,122285,3971,0.009750031681662654,0.763360246059208
7766,0.777,5,1,5,675214,1230,122290,3966,0.00974211126599924,0.7632794457274826
7767,0.7771,1,2,1,675216,1228,122291,3965,0.009726270434672411,0.7635278259195071
7768,0.7772,7,3,7,675219,1225,122298,3958,0.00970250918768217,0.7636503955238279
7769,0.7773,3,2,3,675221,1223,122301,3955,0.009686668356355342,0.7638084202394747
7770,0.7774,1,2,1,675223,1221,122302,3954,0.009670827525028514,0.7640579710144928
7771,0.7775,5,1,5,675224,1220,122307,3949,0.009662907109365099,0.7639775585219578
7772,0.7776,4,2,4,675226,1218,122311,3945,0.009647066278038272,0.7640906449738524
7773,0.7777,3,3,3,675229,1215,122314,3942,0.009623305031048029,0.7643979057591623
7774,0.7778,2,0,2,675229,1215,122316,3940,0.009623305031048029,0.7643064985451018
7775,0.7779,3,3,3,675232,1212,122319,3937,0.009599543784057788,0.7646144882501457
7776,0.778,5,3,5,675235,1209,122324,3932,0.009575782537067545,0.7648317447967321
7777,0.7781,1,2,1,675237,1207,122325,3931,0.009559941705740716,0.76508369015181
7778,0.7782,5,2,5,675239,1205,122330,3926,0.00954410087441389,0.7651529916195673
7779,0.7783,2,2,2,675241,1203,122332,3924,0.009528260043087062,0.7653598595669983
7780,0.7784,1,2,1,675243,1201,122333,3923,0.009512419211760234,0.7656128024980484
7781,0.7785,4,0,4,675243,1201,122337,3919,0.009512419211760234,0.7654296875
7782,0.7786,3,2,3,675245,1199,122340,3916,0.009496578380433406,0.7655913978494624
7783,0.7787,6,3,6,675248,1196,122346,3910,0.009472817133443162,0.7657657657657657
7784,0.7788,6,4,6,675252,1192,122352,3904,0.009441135470789508,0.7660910518053375
7785,0.7789,6,1,6,675253,1191,122358,3898,0.009433215055126093,0.765965808606799
7786,0.779,6,5,6,675258,1186,122364,3892,0.009393612976809023,0.7664434816857031
7787,0.7791,3,2,3,675260,1184,122367,3889,0.009377772145482195,0.7666075300611078
7788,0.7792,3,0,3,675260,1184,122370,3886,0.009377772145482195,0.7664694280078895
7789,0.7793,3,2,3,675262,1182,122373,3883,0.009361931314155367,0.7666337611056269
7790,0.7794,1,6,1,675268,1176,122374,3882,0.009314408820174883,0.767497034400949
7791,0.7795,5,1,5,675269,1175,122379,3877,0.00930648840451147,0.7674188440221694
7792,0.7796,1,3,1,675272,1172,122380,3876,0.009282727157521226,0.7678288431061807
7793,0.7797,3,0,3,675272,1172,122383,3873,0.009282727157521226,0.7676907829534192
7794,0.7798,7,4,7,675276,1168,122390,3866,0.00925104549486757,0.7679777512912197
7795,0.7799,4,1,4,675277,1167,122394,3862,0.009243125079204157,0.7679459137005369
7796,0.78,3,3,3,675280,1164,122397,3859,0.009219363832213915,0.7682659765080629
7797,0.7801,3,2,3,675282,1162,122400,3856,0.009203523000887087,0.7684336388999602
7798,0.7802,3,0,3,675282,1162,122403,3853,0.009203523000887087,0.768295114656032
7799,0.7803,2,3,2,675285,1159,122405,3851,0.009179761753896844,0.7686626746506986
7800,0.7804,2,1,2,675286,1158,122407,3849,0.009171841338233431,0.768723786698622
7801,0.7805,4,0,4,675286,1158,122411,3845,0.009171841338233431,0.7685388766739956
7802,0.7806,7,0,7,675286,1158,122418,3838,0.009171841338233431,0.7682145716573259
7803,0.7807,8,2,8,675288,1156,122426,3830,0.009156000506906603,0.7681508223024468
7804,0.7808,5,2,5,675290,1154,122431,3825,0.009140159675579775,0.7682265515163688
7805,0.7809,8,3,8,675293,1151,122439,3817,0.009116398428589533,0.768317230273752
7806,0.781,2,3,2,675296,1148,122441,3815,0.00909263718159929,0.768688293370945
7807,0.7811,2,3,2,675299,1145,122443,3813,0.009068875934609049,0.7690601048810004
7808,0.7812,2,0,2,675299,1145,122445,3811,0.009068875934609049,0.7689669087974172
7809,0.7813,2,2,2,675301,1143,122447,3809,0.00905303510328222,0.7691841680129241
7810,0.7814,3,1,3,675302,1142,122450,3806,0.009045114687618806,0.769199676637025
7811,0.7815,3,2,3,675304,1140,122453,3803,0.009029273856291977,0.7693708274327331
7812,0.7816,8,0,8,675304,1140,122461,3795,0.009029273856291977,0.7689969604863222
7813,0.7817,4,0,4,675304,1140,122465,3791,0.009029273856291977,0.7688095720949097
7814,0.7818,4,1,4,675305,1139,122469,3787,0.009021353440628564,0.7687779131140885
7815,0.7819,6,1,6,675306,1138,122475,3781,0.009013433024965151,0.7686521650742021
7816,0.782,3,1,3,675307,1137,122478,3778,0.009005512609301736,0.7686673448626653
7817,0.7821,2,1,2,675308,1136,122480,3776,0.008997592193638323,0.7687296416938111
7818,0.7822,2,0,2,675308,1136,122482,3774,0.008997592193638323,0.7686354378818737
7819,0.7823,4,3,4,675311,1133,122486,3770,0.00897383094664808,0.7689169895982052
7820,0.7824,5,0,5,675311,1133,122491,3765,0.00897383094664808,0.7686810943242139
7821,0.7825,3,3,3,675314,1130,122494,3762,0.008950069699657838,0.7690106295993459
7822,0.7826,6,1,6,675315,1129,122500,3756,0.008942149283994423,0.7688843398157625
7823,0.7827,7,3,7,675318,1126,122507,3749,0.008918388037004182,0.769025641025641
7824,0.7828,3,0,3,675318,1126,122510,3746,0.008918388037004182,0.7688834154351396
7825,0.7829,4,1,4,675319,1125,122514,3742,0.008910467621340769,0.7688514485309226
7826,0.783,7,4,7,675323,1121,122521,3735,0.008878785958687112,0.7691515650741351
7827,0.7831,1,0,1,675323,1121,122522,3734,0.008878785958687112,0.7691040164778579
7828,0.7832,5,3,5,675326,1118,122527,3729,0.00885502471169687,0.7693418609449144
7829,0.7833,4,2,4,675328,1116,122531,3725,0.008839183880370041,0.7694691179508366
7830,0.7834,5,4,5,675332,1112,122536,3720,0.008807502217716385,0.7698675496688742
7831,0.7835,4,1,4,675333,1111,122540,3716,0.008799581802052972,0.7698363372695256
7832,0.7836,4,1,4,675334,1110,122544,3712,0.008791661386389558,0.7698050601410203
7833,0.7837,8,2,8,675336,1108,122552,3704,0.00877582055506273,0.769742310889443
7834,0.7838,3,2,3,675338,1106,122555,3701,0.008759979723735902,0.7699188683170377
7835,0.7839,4,3,4,675341,1103,122559,3697,0.008736218476745659,0.7702083333333334
7836,0.784,3,2,3,675343,1101,122562,3694,0.008720377645418831,0.7703858185610011
7837,0.7841,5,2,5,675345,1099,122567,3689,0.008704536814092003,0.77046783625731
7838,0.7842,8,2,8,675347,1097,122575,3681,0.008688695982765176,0.770406027626622
7839,0.7843,6,1,6,675348,1096,122581,3675,0.008680775567101761,0.770278767553972
7840,0.7844,4,2,4,675350,1094,122585,3671,0.008664934735774933,0.7704092339979014
7841,0.7845,4,3,4,675353,1091,122589,3667,0.008641173488784692,0.7707019756200084
7842,0.7846,4,1,4,675354,1090,122593,3663,0.008633253073121277,0.7706711550599621
7843,0.7847,3,2,3,675356,1088,122596,3660,0.008617412241794449,0.7708508845829823
7844,0.7848,6,2,6,675358,1086,122602,3654,0.00860157141046762,0.7708860759493671
7845,0.7849,5,2,5,675360,1084,122607,3649,0.008585730579140794,0.7709697866046905
7846,0.785,2,2,2,675362,1082,122609,3647,0.008569889747813966,0.771198984986255
7847,0.7851,5,2,5,675364,1080,122614,3642,0.008554048916487138,0.7712833545108005
7848,0.7852,1,1,1,675365,1079,122615,3641,0.008546128500823723,0.7713983050847457
7849,0.7853,5,1,5,675366,1078,122620,3636,0.00853820808516031,0.7713194739075095
7850,0.7854,3,3,3,675369,1075,122623,3633,0.008514446838170067,0.7716652506372133
7851,0.7855,7,4,7,675373,1071,122630,3626,0.008482765175516412,0.7719821162444114
7852,0.7856,8,1,8,675374,1070,122638,3618,0.008474844759852997,0.7717576791808873
7853,0.7857,3,1,3,675375,1069,122641,3615,0.008466924344189584,0.7717762596071733
7854,0.7858,4,2,4,675377,1067,122645,3611,0.008451083512862756,0.7719110731081659
7855,0.7859,3,4,3,675381,1063,122648,3608,0.0084194018502091,0.772425604795547
7856,0.786,5,1,5,675382,1062,122653,3603,0.008411481434545684,0.772347266881029
7857,0.7861,3,3,3,675385,1059,122656,3600,0.008387720187555443,0.77269800386349
7858,0.7862,5,1,5,675386,1058,122661,3595,0.00837979977189203,0.7726198151730067
7859,0.7863,4,0,4,675386,1058,122665,3591,0.00837979977189203,0.7724241772424177
7860,0.7864,1,2,1,675388,1056,122666,3590,0.008363958940565202,0.772707705553164
7861,0.7865,5,3,5,675391,1053,122671,3585,0.008340197693574958,0.7729624838292367
7862,0.7866,1,3,1,675394,1050,122672,3584,0.008316436446584717,0.7734138972809668
7863,0.7867,3,2,3,675396,1048,122675,3581,0.008300595615257889,0.773601209764528
7864,0.7868,4,1,4,675397,1047,122679,3577,0.008292675199594474,0.7735726643598616
7865,0.7869,8,3,8,675400,1044,122687,3569,0.008268913952604233,0.7736830695859528
7866,0.787,2,1,2,675401,1043,122689,3567,0.00826099353694082,0.7737527114967462
7867,0.7871,7,1,7,675402,1042,122696,3560,0.008253073121277404,0.7735767057800956
7868,0.7872,7,2,7,675404,1040,122703,3553,0.008237232289950576,0.7735684737644242
7869,0.7873,3,4,3,675408,1036,122706,3550,0.00820555062729692,0.7740950719581334
7870,0.7874,0,3,0,675411,1033,122706,3550,0.008181789380306679,0.7746017892210343
7871,0.7875,5,0,5,675411,1033,122711,3545,0.008181789380306679,0.774355613805155
7872,0.7876,2,1,2,675412,1032,122713,3543,0.008173868964643264,0.7744262295081967
7873,0.7877,5,1,5,675413,1031,122718,3538,0.00816594854897985,0.7743488728386956
7874,0.7878,3,3,3,675416,1028,122721,3535,0.008142187301989609,0.7747096208634671
7875,0.7879,4,1,4,675417,1027,122725,3531,0.008134266886326194,0.774681878016674
7876,0.788,6,1,6,675418,1026,122731,3525,0.008126346470662781,0.7745550428477258
7877,0.7881,4,2,4,675420,1024,122735,3521,0.008110505639335953,0.7746974697469747
7878,0.7882,6,0,6,675420,1024,122741,3515,0.008110505639335953,0.7743996474994492
7879,0.7883,7,5,7,675425,1019,122748,3508,0.008070903561018881,0.7749061188425006
7880,0.7884,2,4,2,675429,1015,122750,3506,0.008039221898365227,0.7754921477549215
7881,0.7885,4,1,4,675430,1014,122754,3502,0.008031301482701812,0.7754650132860939
7882,0.7886,2,2,2,675432,1012,122756,3500,0.008015460651374984,0.775709219858156
7883,0.7887,5,3,5,675435,1009,122761,3495,0.007991699404384742,0.7759769094138543
7884,0.7888,2,2,2,675437,1007,122763,3493,0.007975858573057914,0.7762222222222223
7885,0.7889,9,2,9,675439,1005,122772,3484,0.007960017741731086,0.7761194029850746
7886,0.789,6,2,6,675441,1003,122778,3478,0.007944176910404258,0.7761660343673287
7887,0.7891,6,1,6,675442,1002,122784,3472,0.007936256494740845,0.7760393383996423
7888,0.7892,2,0,2,675442,1002,122786,3470,0.007936256494740845,0.7759391771019678
7889,0.7893,3,1,3,675443,1001,122789,3467,0.00792833607907743,0.7759623992837958
7890,0.7894,2,1,2,675444,1000,122791,3465,0.007920415663414017,0.7760358342665173
7891,0.7895,5,1,5,675445,999,122796,3460,0.007912495247750602,0.7759587351424087
7892,0.7896,4,3,4,675448,996,122800,3456,0.00788873400076036,0.7762803234501348
7893,0.7897,10,2,10,675450,994,122810,3446,0.007872893169433532,0.7761261261261261
7894,0.7898,3,2,3,675452,992,122813,3443,0.007857052338106704,0.7763246899661781
7895,0.7899,3,2,3,675454,990,122816,3440,0.007841211506779876,0.7765237020316027
7896,0.79,6,1,6,675455,989,122822,3434,0.007833291091116463,0.7763961112367171
7897,0.7901,3,2,3,675457,987,122825,3431,0.007817450259789634,0.776595744680851
7898,0.7902,3,1,3,675458,986,122828,3428,0.007809529844126219,0.7766198459447213
7899,0.7903,0,1,0,675459,985,122828,3428,0.007801609428462805,0.7767958305007931
7900,0.7904,3,1,3,675460,984,122831,3425,0.007793689012799392,0.7768201406214561
7901,0.7905,6,2,6,675462,982,122837,3419,0.007777848181472564,0.7768688934333106
7902,0.7906,9,0,9,675462,982,122846,3410,0.007777848181472564,0.7764116575591985
7903,0.7907,2,3,2,675465,979,122848,3408,0.007754086934482322,0.7768406656029178
7904,0.7908,2,1,2,675466,978,122850,3406,0.007746166518818908,0.7769160583941606
7905,0.7909,2,1,2,675467,977,122852,3404,0.0077382461031554935,0.7769915544396256
7906,0.791,1,4,1,675471,973,122853,3403,0.007706564440501837,0.7776508226691042
7907,0.7911,6,3,6,675474,970,122859,3397,0.007682803193511596,0.7778795511792993
7908,0.7912,3,3,3,675477,967,122862,3394,0.007659041946521354,0.7782618665443706
7909,0.7913,2,3,2,675480,964,122864,3392,0.007635280699531111,0.7786960514233241
7910,0.7914,8,1,8,675481,963,122872,3384,0.007627360283867697,0.7784679089026915
7911,0.7915,2,2,2,675483,961,122874,3382,0.007611519452540869,0.7787243840663136
7912,0.7916,5,1,5,675484,960,122879,3377,0.007603599036877455,0.7786488356006456
7913,0.7917,4,0,4,675484,960,122883,3373,0.007603599036877455,0.7784444957304408
7914,0.7918,7,2,7,675486,958,122890,3366,0.007587758205550627,0.7784458834412581
7915,0.7919,9,0,9,675486,958,122899,3357,0.007587758205550627,0.7779837775202781
7916,0.792,5,0,5,675486,958,122904,3352,0.007587758205550627,0.7777262180974478
7917,0.7921,3,0,3,675486,958,122907,3349,0.007587758205550627,0.7775713954028326
7918,0.7922,3,0,3,675486,958,122910,3346,0.007587758205550627,0.7774163568773235
7919,0.7923,4,1,4,675487,957,122914,3342,0.007579837789887214,0.7773900907187719
7920,0.7924,3,1,3,675488,956,122917,3339,0.0075719173742238,0.7774155995343422
7921,0.7925,5,1,5,675489,955,122922,3334,0.0075639969585603855,0.7773373746794124
7922,0.7926,4,0,4,675489,955,122926,3330,0.0075639969585603855,0.7771295215869312
7923,0.7927,1,1,1,675490,954,122927,3329,0.007556076542896971,0.7772589306560822
7924,0.7928,3,1,3,675491,953,122930,3326,0.007548156127233557,0.7772844122458519
7925,0.7929,5,1,5,675492,952,122935,3321,0.007540235711570143,0.7772057102738124
7926,0.793,3,1,3,675493,951,122938,3318,0.007532315295906729,0.7772312016865777
7927,0.7931,7,1,7,675494,950,122945,3311,0.007524394880243315,0.7770476413987327
7928,0.7932,4,1,4,675495,949,122949,3307,0.007516474464579901,0.7770206766917294
7929,0.7933,3,2,3,675497,947,122952,3304,0.007500633633253073,0.7772288873206304
7930,0.7934,4,2,4,675499,945,122956,3300,0.007484792801926245,0.7773851590106007
7931,0.7935,4,1,4,675500,944,122960,3296,0.0074768723862628315,0.7773584905660378
7932,0.7936,5,1,5,675501,943,122965,3291,0.007468951970599417,0.7772791686348607
7933,0.7937,1,3,1,675504,940,122966,3290,0.007445190723609175,0.7777777777777778
7934,0.7938,5,1,5,675505,939,122971,3285,0.007437270307945761,0.7776988636363636
7935,0.7939,2,1,2,675506,938,122973,3283,0.007429349892282347,0.7777777777777778
7936,0.794,6,0,6,675506,938,122979,3277,0.007429349892282347,0.7774614472123369
7937,0.7941,8,0,8,675506,938,122987,3269,0.007429349892282347,0.7770382695507487
7938,0.7942,4,3,4,675509,935,122991,3265,0.007405588645292105,0.7773809523809524
7939,0.7943,4,1,4,675510,934,122995,3261,0.007397668229628691,0.7773539928486293
7940,0.7944,1,2,1,675512,932,122996,3260,0.0073818273983018625,0.7776717557251909
7941,0.7945,7,2,7,675514,930,123003,3253,0.007365986566975035,0.777671527611762
7942,0.7946,2,1,2,675515,929,123005,3251,0.007358066151311621,0.7777511961722487
7943,0.7947,4,0,4,675515,929,123009,3247,0.007358066151311621,0.7775383141762452
7944,0.7948,5,2,5,675517,927,123014,3242,0.007342225319984793,0.7776445190693212
7945,0.7949,4,2,4,675519,925,123018,3238,0.007326384488657965,0.7778044679317799
7946,0.795,5,2,5,675521,923,123023,3233,0.007310543657331137,0.7779114533205005
7947,0.7951,3,1,3,675522,922,123026,3230,0.0073026232416677226,0.7779383429672447
7948,0.7952,6,0,6,675522,922,123032,3224,0.0073026232416677226,0.7776169802219006
7949,0.7953,5,3,5,675525,919,123037,3219,0.00727886199467748,0.7779120347994201
7950,0.7954,4,1,4,675526,918,123041,3215,0.007270941579014066,0.7778853133317203
7951,0.7955,3,3,3,675529,915,123044,3212,0.007247180332023825,0.7782893142718682
7952,0.7956,3,1,3,675530,914,123047,3209,0.007239259916360411,0.7783167596410381
7953,0.7957,5,0,5,675530,914,123052,3204,0.007239259916360411,0.7780475959203497
7954,0.7958,4,1,4,675531,913,123056,3200,0.007231339500696997,0.7780209093119378
7955,0.7959,7,0,7,675531,913,123063,3193,0.007231339500696997,0.7776424744276669
7956,0.796,2,1,2,675532,912,123065,3191,0.007223419085033583,0.777723616865708
7957,0.7961,7,1,7,675533,911,123072,3184,0.0072154986693701685,0.7775335775335775
7958,0.7962,6,0,6,675533,911,123078,3178,0.0072154986693701685,0.7772071411102959
7959,0.7963,2,4,2,675537,907,123080,3176,0.007183817006716512,0.7778594170952731
7960,0.7964,6,1,6,675538,906,123086,3170,0.007175896591053098,0.7777232580961727
7961,0.7965,3,2,3,675540,904,123089,3167,0.007160055759726271,0.7779415377057234
7962,0.7966,3,0,3,675540,904,123092,3164,0.007160055759726271,0.7777777777777778
7963,0.7967,7,1,7,675541,903,123099,3157,0.007152135344062857,0.7775862068965518
7964,0.7968,2,0,2,675541,903,123101,3155,0.007152135344062857,0.7774765894529325
7965,0.7969,5,2,5,675543,901,123106,3150,0.007136294512736029,0.7775857812885707
7966,0.797,2,1,2,675544,900,123108,3148,0.0071283740970726145,0.7776679841897233
7967,0.7971,4,0,4,675544,900,123112,3144,0.0071283740970726145,0.7774480712166172
7968,0.7972,3,3,3,675547,897,123115,3141,0.007104612850082372,0.7778603268945022
7969,0.7973,6,3,6,675550,894,123121,3135,0.00708085160309213,0.7781087118391661
7970,0.7974,3,1,3,675551,893,123124,3132,0.007072931187428716,0.7781366459627329
7971,0.7975,6,2,6,675553,891,123130,3126,0.007057090356101888,0.7781926811053025
7972,0.7976,7,1,7,675554,890,123137,3119,0.007049169940438475,0.7779995011224744
7973,0.7977,3,1,3,675555,889,123140,3116,0.0070412495247750605,0.7780274656679151
7974,0.7978,5,2,5,675557,887,123145,3111,0.007025408693448232,0.7781390695347674
7975,0.7979,4,0,4,675557,887,123149,3107,0.007025408693448232,0.7779168753129695
7976,0.798,6,3,6,675560,884,123155,3101,0.00700164744645799,0.778168130489335
7977,0.7981,5,2,5,675562,882,123160,3096,0.006985806615131162,0.7782805429864253
7978,0.7982,5,2,5,675564,880,123165,3091,0.006969965783804334,0.778393351800554
7979,0.7983,6,4,6,675568,876,123171,3085,0.006938284121150678,0.7788437263317344
7980,0.7984,5,0,5,675568,876,123176,3080,0.006938284121150678,0.7785642062689585
7981,0.7985,4,0,4,675568,876,123180,3076,0.006938284121150678,0.77834008097166
7982,0.7986,2,2,2,675570,874,123182,3074,0.00692244328982385,0.7786220871327254
7983,0.7987,4,1,4,675571,873,123186,3070,0.006914522874160436,0.77859497844281
7984,0.7988,3,2,3,675573,871,123189,3067,0.006898682042833608,0.7788217369222956
7985,0.7989,5,0,5,675573,871,123194,3062,0.006898682042833608,0.7785405542842614
7986,0.799,2,4,2,675577,867,123196,3060,0.006867000380179952,0.7792207792207793
7987,0.7991,6,2,6,675579,865,123202,3054,0.0068511595488531234,0.779280428680786
7988,0.7992,5,0,5,675579,865,123207,3049,0.0068511595488531234,0.7789984670413899
7989,0.7993,5,1,5,675580,864,123212,3044,0.00684323913318971,0.7789150460593655
7990,0.7994,6,4,6,675584,860,123218,3038,0.006811557470536054,0.7793740379681888
7991,0.7995,4,1,4,675585,859,123222,3034,0.00680363705487264,0.7793475468790136
7992,0.7996,6,0,6,675585,859,123228,3028,0.00680363705487264,0.7790069462310265
7993,0.7997,3,0,3,675585,859,123231,3025,0.00680363705487264,0.7788362512873327
7994,0.7998,4,2,4,675587,857,123235,3021,0.006787796223545812,0.7790097988653946
7995,0.7999,9,1,9,675588,856,123244,3012,0.006779875807882398,0.7786970010341262
7996,0.8,9,0,9,675588,856,123253,3003,0.006779875807882398,0.778180875874579
7997,0.8001,9,2,9,675590,854,123262,2994,0.006764034976555569,0.7780665280665281
7998,0.8002,4,2,4,675592,852,123266,2990,0.006748194145228741,0.7782404997397189
7999,0.8003,1,2,1,675594,850,123267,2989,0.006732353313901914,0.7785881740036468
8000,0.8004,8,0,8,675594,850,123275,2981,0.006732353313901914,0.7781258157139128
8001,0.8005,4,2,4,675596,848,123279,2977,0.006716512482575086,0.7783006535947713
8002,0.8006,5,1,5,675597,847,123284,2972,0.006708592066911672,0.7782141921969102
8003,0.8007,5,1,5,675598,846,123289,2967,0.006700671651248258,0.7781274586939417
8004,0.8008,4,0,4,675598,846,123293,2963,0.006700671651248258,0.7778944604883171
8005,0.8009,6,2,6,675600,844,123299,2957,0.0066848308199214295,0.7779531702183636
8006,0.801,4,2,4,675602,842,123303,2953,0.006668989988594601,0.778129117259552
8007,0.8011,5,2,5,675604,840,123308,2948,0.006653149157267773,0.778247096092925
8008,0.8012,3,1,3,675605,839,123311,2945,0.006645228741604359,0.778276955602537
8009,0.8013,4,1,4,675606,838,123315,2941,0.006637308325940945,0.7782482138131781
8010,0.8014,5,1,5,675607,837,123320,2936,0.006629387910277532,0.7781606148953087
8011,0.8015,1,0,1,675607,837,123321,2935,0.006629387910277532,0.778101802757158
8012,0.8016,8,6,8,675613,831,123329,2927,0.006581865416297047,0.7788717402873869
8013,0.8017,5,3,5,675616,828,123334,2922,0.006558104169306805,0.7792
8014,0.8018,5,0,5,675616,828,123339,2917,0.006558104169306805,0.7789052069425901
8015,0.8019,3,2,3,675618,826,123342,2914,0.006542263337979977,0.779144385026738
8016,0.802,2,2,2,675620,824,123344,2912,0.006526422506653149,0.7794432548179872
8017,0.8021,0,3,0,675623,821,123344,2912,0.006502661259662907,0.7800696490758103
8018,0.8022,2,2,2,675625,819,123346,2910,0.006486820428336079,0.7803700724054706
8019,0.8023,6,0,6,675625,819,123352,2904,0.006486820428336079,0.7800161160354553
8020,0.8024,2,1,2,675626,818,123354,2902,0.006478900012672665,0.7801075268817205
8021,0.8025,2,2,2,675628,816,123356,2900,0.006463059181345837,0.7804090419806243
8022,0.8026,4,1,4,675629,815,123360,2896,0.006455138765682423,0.7803826461870116
8023,0.8027,7,2,7,675631,813,123367,2889,0.006439297934355595,0.7803889789303079
8024,0.8028,3,1,3,675632,812,123370,2886,0.006431377518692181,0.7804218496484586
8025,0.8029,4,4,4,675636,808,123374,2882,0.006399695856038525,0.781029810298103
8026,0.803,1,2,1,675638,806,123375,2881,0.006383855024711697,0.7813940873338758
8027,0.8031,3,0,3,675638,806,123378,2878,0.006383855024711697,0.7812160694896851
8028,0.8032,6,1,6,675639,805,123384,2872,0.006375934609048283,0.7810715257002991
8029,0.8033,3,3,3,675642,802,123387,2869,0.006352173362058041,0.781530918005993
8030,0.8034,5,1,5,675643,801,123392,2864,0.006344252946394627,0.7814461118690313
8031,0.8035,2,0,2,675643,801,123394,2862,0.006344252946394627,0.7813267813267813
8032,0.8036,4,2,4,675645,799,123398,2858,0.0063284121150677984,0.7815149029258955
8033,0.8037,4,0,4,675645,799,123402,2854,0.0063284121150677984,0.7812756638379414
8034,0.8038,5,3,5,675648,796,123407,2849,0.006304650868077557,0.7816186556927298
8035,0.8039,5,4,5,675652,792,123412,2844,0.006272969205423901,0.7821782178217822
8036,0.804,4,0,4,675652,792,123416,2840,0.006272969205423901,0.7819383259911894
8037,0.8041,7,0,7,675652,792,123423,2833,0.006272969205423901,0.7815172413793103
8038,0.8042,5,3,5,675655,789,123428,2828,0.0062492079584336585,0.781863422726016
8039,0.8043,2,2,2,675657,787,123430,2826,0.00623336712710683,0.7821754774425685
8040,0.8044,9,0,9,675657,787,123439,2817,0.00623336712710683,0.7816315205327414
8041,0.8045,6,0,6,675657,787,123445,2811,0.00623336712710683,0.7812673707615342
8042,0.8046,4,3,4,675660,784,123449,2807,0.006209605880116588,0.7816764132553606
8043,0.8047,5,0,5,675660,784,123454,2802,0.006209605880116588,0.781372002230898
8044,0.8048,4,1,4,675661,783,123458,2798,0.006201685464453175,0.7813459927394583
8045,0.8049,3,0,3,675661,783,123461,2795,0.006201685464453175,0.7811626607043041
8046,0.805,8,1,8,675662,782,123469,2787,0.006193765048789761,0.7808910058840011
8047,0.8051,3,0,3,675662,782,123472,2784,0.006193765048789761,0.7807066741447
8048,0.8052,4,0,4,675662,782,123476,2780,0.006193765048789761,0.7804604154969118
8049,0.8053,5,1,5,675663,781,123481,2775,0.006185844633126347,0.78037120359955
8050,0.8054,6,1,6,675664,780,123487,2769,0.006177924217462933,0.7802197802197802
8051,0.8055,5,0,5,675664,780,123492,2764,0.006177924217462933,0.7799097065462754
8052,0.8056,6,2,6,675666,778,123498,2758,0.0061620833861361045,0.7799773755656109
8053,0.8057,3,6,3,675672,772,123501,2755,0.00611456089215562,0.7811170966827332
8054,0.8058,4,1,4,675673,771,123505,2751,0.006106640476492206,0.7810902896081772
8055,0.8059,3,2,3,675675,769,123508,2748,0.006090799645165379,0.7813477395507534
8056,0.806,2,2,2,675677,767,123510,2746,0.0060749588138385505,0.7816680899516083
8057,0.8061,6,2,6,675679,765,123516,2740,0.006059117982511722,0.7817403708987162
8058,0.8062,3,1,3,675680,764,123519,2737,0.006051197566848308,0.7817766352470723
8059,0.8063,2,2,2,675682,762,123521,2735,0.00603535673552148,0.7820989419502431
8060,0.8064,5,1,5,675683,761,123526,2730,0.006027436319858066,0.7820108851331996
8061,0.8065,2,2,2,675685,759,123528,2728,0.006011595488531238,0.7823343848580442
8062,0.8066,4,1,4,675686,758,123532,2724,0.006003675072867824,0.7823090178058587
8063,0.8067,8,1,8,675687,757,123540,2716,0.00599575465720441,0.782032824647279
8064,0.8068,5,1,5,675688,756,123545,2711,0.0059878342415409964,0.7819440438419383
8065,0.8069,8,0,8,675688,756,123553,2703,0.0059878342415409964,0.7814397224631396
8066,0.807,6,4,6,675692,752,123559,2697,0.00595615257888734,0.7819657871846912
8067,0.8071,6,2,6,675694,750,123565,2691,0.005940311747560512,0.7820401046207498
8068,0.8072,3,1,3,675695,749,123568,2688,0.005932391331897098,0.7820773930753564
8069,0.8073,3,3,3,675698,746,123571,2685,0.005908630084906856,0.7825706791023025
8070,0.8074,4,1,4,675699,745,123575,2681,0.0059007096692434416,0.7825452422650321
8071,0.8075,8,1,8,675700,744,123583,2673,0.0058927892535800275,0.7822651448639157
8072,0.8076,2,0,2,675700,744,123585,2671,0.0058927892535800275,0.7821376281112737
8073,0.8077,3,1,3,675701,743,123588,2668,0.005884868837916614,0.7821753151568455
8074,0.8078,4,0,4,675701,743,123592,2664,0.005884868837916614,0.781919577340769
8075,0.8079,7,3,7,675704,740,123599,2657,0.005861107590926372,0.7821607300559317
8076,0.808,0,1,0,675705,739,123599,2657,0.005853187175262958,0.7823910482921084
8077,0.8081,7,2,7,675707,737,123606,2650,0.00583734634393613,0.7824033067611456
8078,0.8082,4,2,4,675709,735,123610,2646,0.005821505512609302,0.782608695652174
8079,0.8083,10,1,10,675710,734,123620,2636,0.0058135850969458875,0.7821958456973294
8080,0.8084,3,0,3,675710,734,123623,2633,0.0058135850969458875,0.782001782001782
8081,0.8085,1,0,1,675710,734,123624,2632,0.0058135850969458875,0.7819370172311348
8082,0.8086,3,1,3,675711,733,123627,2629,0.0058056646812824735,0.7819750148721
8083,0.8087,3,0,3,675711,733,123630,2626,0.0058056646812824735,0.7817802917534981
8084,0.8088,6,0,6,675711,733,123636,2620,0.0058056646812824735,0.7813898001789442
8085,0.8089,5,1,5,675712,732,123641,2615,0.005797744265619059,0.7812966835972512
8086,0.809,2,1,2,675713,731,123643,2613,0.005789823849955645,0.7813995215311005
8087,0.8091,4,3,4,675716,728,123647,2609,0.005766062602965404,0.781839976026371
8088,0.8092,2,4,2,675720,724,123649,2607,0.005734380940311748,0.7826478534974483
8089,0.8093,1,1,1,675721,723,123650,2606,0.0057264605246483335,0.7828176629618504
8090,0.8094,8,3,8,675724,720,123658,2598,0.005702699277658091,0.783001808318264
8091,0.8095,4,1,4,675725,719,123662,2594,0.005694778861994677,0.7829761545427105
8092,0.8096,7,1,7,675726,718,123669,2587,0.005686858446331263,0.7827534039334342
8093,0.8097,4,1,4,675727,717,123673,2583,0.005678938030667849,0.7827272727272727
8094,0.8098,4,1,4,675728,716,123677,2579,0.005671017615004436,0.782701062215478
8095,0.8099,6,1,6,675729,715,123683,2573,0.005663097199341022,0.7825425790754258
8096,0.81,4,0,4,675729,715,123687,2569,0.005663097199341022,0.7822777101096224
8097,0.8101,8,2,8,675731,713,123695,2561,0.005647256368014194,0.7822235797189981
8098,0.8102,4,3,4,675734,710,123699,2557,0.005623495121023951,0.7826752372206918
8099,0.8103,11,0,11,675734,710,123710,2546,0.005623495121023951,0.7819410319410319
8100,0.8104,3,2,3,675736,708,123713,2543,0.005607654289697123,0.7822208551215011
8101,0.8105,4,2,4,675738,706,123717,2539,0.005591813458370295,0.7824345146379045
8102,0.8106,2,2,2,675740,704,123719,2537,0.005575972627043467,0.7827830916383832
8103,0.8107,2,0,2,675740,704,123721,2535,0.005575972627043467,0.7826489657301636
8104,0.8108,4,0,4,675740,704,123725,2531,0.005575972627043467,0.7823802163833076
8105,0.8109,4,1,4,675741,703,123729,2527,0.005568052211380054,0.7823529411764706
8106,0.811,3,1,3,675742,702,123732,2524,0.0055601317957166396,0.782393056416615
8107,0.8111,3,1,3,675743,701,123735,2521,0.0055522113800532255,0.7824332712600869
8108,0.8112,4,2,4,675745,699,123739,2517,0.005536370548726397,0.7826492537313433
8109,0.8113,5,3,5,675748,696,123744,2512,0.005512609301736155,0.7830423940149626
8110,0.8114,4,2,4,675750,694,123748,2508,0.005496768470409327,0.783260462211118
8111,0.8115,3,1,3,675751,693,123751,2505,0.005488848054745913,0.7833020637898687
8112,0.8116,4,1,4,675752,692,123755,2501,0.005480927639082499,0.7832759160663952
8113,0.8117,2,0,2,675752,692,123757,2499,0.005480927639082499,0.7831400814791601
8114,0.8118,3,2,3,675754,690,123760,2496,0.005465086807755671,0.783427495291902
8115,0.8119,2,4,2,675758,686,123762,2494,0.005433405145102015,0.7842767295597485
8116,0.812,3,2,3,675760,684,123765,2491,0.005417564313775187,0.7845669291338583
8117,0.8121,3,3,3,675763,681,123768,2488,0.005393803066784945,0.7851057115809403
8118,0.8122,3,2,3,675765,679,123771,2485,0.0053779622354581166,0.7853982300884956
8119,0.8123,1,1,1,675766,678,123772,2484,0.0053700418197947025,0.7855787476280834
8120,0.8124,2,1,2,675767,677,123774,2482,0.005362121404131288,0.7856916745805634
8121,0.8125,5,3,5,675770,674,123779,2477,0.005338360157141047,0.7860996509044748
8122,0.8126,2,1,2,675771,673,123781,2475,0.005330439741477633,0.7862134688691232
8123,0.8127,2,1,2,675772,672,123783,2473,0.005322519325814219,0.7863275039745627
8124,0.8128,4,0,4,675772,672,123787,2469,0.005322519325814219,0.7860553963705826
8125,0.8129,6,1,6,675773,671,123793,2463,0.005314598910150805,0.7858966177409062
8126,0.813,4,0,4,675773,671,123797,2459,0.005314598910150805,0.7856230031948882
8127,0.8131,3,1,3,675774,670,123800,2456,0.005306678494487391,0.7856685860524633
8128,0.8132,2,2,2,675776,668,123802,2454,0.0052908376631605625,0.7860345932094811
8129,0.8133,5,1,5,675777,667,123807,2449,0.0052829172474971485,0.7859435173299102
8130,0.8134,5,0,5,675777,667,123812,2444,0.0052829172474971485,0.7855994856959178
8131,0.8135,2,3,2,675780,664,123814,2442,0.005259156000506906,0.7862202189311011
8132,0.8136,4,1,4,675781,663,123818,2438,0.005251235584843493,0.7861980006449533
8133,0.8137,5,1,5,675782,662,123823,2433,0.005243315169180079,0.7861066235864297
8134,0.8138,2,2,2,675784,660,123825,2431,0.005227474337853251,0.7864768683274022
8135,0.8139,11,3,11,675787,657,123836,2420,0.0052037130908630085,0.7864803379915503
8136,0.814,5,0,5,675787,657,123841,2415,0.0052037130908630085,0.7861328125
8137,0.8141,4,2,4,675789,655,123845,2411,0.00518787225953618,0.7863666014350946
8138,0.8142,4,4,4,675793,651,123849,2407,0.005156190596882524,0.7871157619359058
8139,0.8143,2,2,2,675795,649,123851,2405,0.005140349765555697,0.7874918140144074
8140,0.8144,4,0,4,675795,649,123855,2401,0.005140349765555697,0.7872131147540984
8141,0.8145,9,2,9,675797,647,123864,2392,0.005124508934228869,0.7871010200723922
8142,0.8146,4,2,4,675799,645,123868,2388,0.00510866810290204,0.7873392680514342
8143,0.8147,6,0,6,675799,645,123874,2382,0.00510866810290204,0.7869177403369673
8144,0.8148,3,3,3,675802,642,123877,2379,0.005084906855911798,0.7874875868917577
8145,0.8149,2,0,2,675802,642,123879,2377,0.005084906855911798,0.7873468035773435
8146,0.815,3,2,3,675804,640,123882,2374,0.00506906602458497,0.787657597876576
8147,0.8151,3,1,3,675805,639,123885,2371,0.005061145608921556,0.7877076411960133
8148,0.8152,4,1,4,675806,638,123889,2367,0.005053225193258142,0.7876871880199667
8149,0.8153,3,7,3,675813,631,123892,2364,0.004997782283614244,0.7893155258764608
8150,0.8154,4,1,4,675814,630,123896,2360,0.00498986186795083,0.7892976588628763
8151,0.8155,3,0,3,675814,630,123899,2357,0.00498986186795083,0.7890860395045196
8152,0.8156,5,1,5,675815,629,123904,2352,0.004981941452287416,0.7889969808788997
8153,0.8157,2,3,2,675818,626,123906,2350,0.004958180205297174,0.7896505376344086
8154,0.8158,7,0,7,675818,626,123913,2343,0.004958180205297174,0.7891545975075783
8155,0.8159,0,1,0,675819,625,123913,2343,0.00495025978963376,0.7894204851752021
8156,0.816,3,1,3,675820,624,123916,2340,0.004942339373970346,0.7894736842105263
8157,0.8161,8,2,8,675822,622,123924,2332,0.004926498542643518,0.7894380501015572
8158,0.8162,3,4,3,675826,618,123927,2329,0.004894816879989862,0.7902952154733628
8159,0.8163,4,0,4,675826,618,123931,2325,0.004894816879989862,0.7900101936799184
8160,0.8164,2,2,2,675828,616,123933,2323,0.004878976048663034,0.790404899625723
8161,0.8165,6,2,6,675830,614,123939,2317,0.004863135217336206,0.7905151825315592
8162,0.8166,4,0,4,675830,614,123943,2313,0.004863135217336206,0.7902289033139733
8163,0.8167,5,1,5,675831,613,123948,2308,0.004855214801672792,0.7901403628894215
8164,0.8168,4,0,4,675831,613,123952,2304,0.004855214801672792,0.7898525882756257
8165,0.8169,2,3,2,675834,610,123954,2302,0.004831453554682549,0.790521978021978
8166,0.817,2,0,2,675834,610,123956,2300,0.004831453554682549,0.7903780068728522
8167,0.8171,5,1,5,675835,609,123961,2295,0.004823533139019136,0.7902892561983471
8168,0.8172,2,2,2,675837,607,123963,2293,0.004807692307692308,0.7906896551724137
8169,0.8173,7,1,7,675838,606,123970,2286,0.004799771892028894,0.7904564315352697
8170,0.8174,1,1,1,675839,605,123971,2285,0.00479185147636548,0.7906574394463668
8171,0.8175,6,1,6,675840,604,123977,2279,0.004783931060702066,0.790496011099549
8172,0.8176,5,1,5,675841,603,123982,2274,0.004776010645038652,0.7904066736183525
8173,0.8177,1,1,1,675842,602,123983,2273,0.0047680902293752376,0.790608695652174
8174,0.8178,2,0,2,675842,602,123985,2271,0.0047680902293752376,0.790462930734424
8175,0.8179,6,0,6,675842,602,123991,2265,0.0047680902293752376,0.7900244157656087
8176,0.818,2,2,2,675844,600,123993,2263,0.004752249398048409,0.7904296192804751
8177,0.8181,3,2,3,675846,598,123996,2260,0.004736408566721581,0.7907627711686495
8178,0.8182,5,1,5,675847,597,124001,2255,0.004728488151058167,0.7906732117812062
8179,0.8183,5,0,5,675847,597,124006,2250,0.004728488151058167,0.7903055848261328
8180,0.8184,5,0,5,675847,597,124011,2245,0.004728488151058167,0.7899366643209008
8181,0.8185,5,0,5,675847,597,124016,2240,0.004728488151058167,0.7895664434261543
8182,0.8186,2,1,2,675848,596,124018,2238,0.004720567735394754,0.78969654199012
8183,0.8187,2,0,2,675848,596,124020,2236,0.004720567735394754,0.78954802259887
8184,0.8188,7,2,7,675850,594,124027,2229,0.004704726904067926,0.7895855472901169
8185,0.8189,4,1,4,675851,593,124031,2225,0.004696806488404512,0.7895670688431512
8186,0.819,5,0,5,675851,593,124036,2220,0.004696806488404512,0.7891930323498044
8187,0.8191,4,2,4,675853,591,124040,2216,0.0046809656570776835,0.7894549340933381
8188,0.8192,5,1,5,675854,590,124045,2211,0.0046730452414142695,0.7893609425205284
8189,0.8193,0,2,0,675856,588,124045,2211,0.004657204410087441,0.789924973204716
8190,0.8194,5,1,5,675857,587,124050,2206,0.004649283994424027,0.7898317221625493
8191,0.8195,2,0,2,675857,587,124052,2204,0.004649283994424027,0.7896811178788965
8192,0.8196,2,0,2,675857,587,124054,2202,0.004649283994424027,0.7895302975977053
8193,0.8197,3,4,3,675861,583,124057,2199,0.004617602331770371,0.7904385334291877
8194,0.8198,4,1,4,675862,582,124061,2195,0.004609681916106958,0.7904213179690314
8195,0.8199,4,0,4,675862,582,124065,2191,0.004609681916106958,0.7901190046880635
8196,0.82,3,1,3,675863,581,124068,2188,0.004601761500443544,0.7901769591910437
8197,0.8201,3,1,3,675864,580,124071,2185,0.0045938410847801295,0.7902350813743219
8198,0.8202,3,2,3,675866,578,124074,2182,0.004578000253453301,0.7905797101449276
8199,0.8203,4,1,4,675867,577,124078,2178,0.004570079837789887,0.790562613430127
8200,0.8204,5,0,5,675867,577,124083,2173,0.004570079837789887,0.7901818181818182
8201,0.8205,2,0,2,675867,577,124085,2171,0.004570079837789887,0.7900291120815138
8202,0.8206,5,0,5,675867,577,124090,2166,0.004570079837789887,0.7896463725847612
8203,0.8207,2,0,2,675867,577,124092,2164,0.004570079837789887,0.7894928858080993
8204,0.8208,4,0,4,675867,577,124096,2160,0.004570079837789887,0.7891852393131166
8205,0.8209,5,1,5,675868,576,124101,2155,0.004562159422126473,0.789088246063713
8206,0.821,3,2,3,675870,574,124104,2152,0.004546318590799645,0.789435069699193
8207,0.8211,3,0,3,675870,574,124107,2149,0.004546318590799645,0.7892030848329049
8208,0.8212,1,3,1,675873,571,124108,2148,0.004522557343809403,0.789996322177271
8209,0.8213,4,1,4,675874,570,124112,2144,0.004514636928145989,0.7899778924097274
8210,0.8214,4,2,4,675876,568,124116,2140,0.004498796096819161,0.7902511078286558
8211,0.8215,6,1,6,675877,567,124122,2134,0.004490875681155747,0.7900777489818586
8212,0.8216,6,1,6,675878,566,124128,2128,0.004482955265492333,0.7899034892353378
8213,0.8217,3,0,3,675878,566,124131,2125,0.004482955265492333,0.7896692679301375
8214,0.8218,6,2,6,675880,564,124137,2119,0.004467114434165505,0.7897875512486023
8215,0.8219,1,0,1,675880,564,124138,2118,0.004467114434165505,0.7897091722595079
8216,0.822,4,2,4,675882,562,124142,2114,0.004451273602838677,0.7899850523168909
8217,0.8221,5,0,5,675882,562,124147,2109,0.004451273602838677,0.7895919131411456
8218,0.8222,6,0,6,675882,562,124153,2103,0.004451273602838677,0.7891181988742965
8219,0.8223,5,0,5,675882,562,124158,2098,0.004451273602838677,0.7887218045112782
8220,0.8224,3,0,3,675882,562,124161,2095,0.004451273602838677,0.7884832517877305
8221,0.8225,8,0,8,675882,562,124169,2087,0.004451273602838677,0.787844469611174
8222,0.8226,5,1,5,675883,561,124174,2082,0.004443353187175263,0.7877412031782066
8223,0.8227,3,0,3,675883,561,124177,2079,0.004443353187175263,0.7875
8224,0.8228,4,1,4,675884,560,124181,2075,0.004435432771511849,0.7874762808349146
8225,0.8229,2,1,2,675885,559,124183,2073,0.004427512355848435,0.787613981762918
8226,0.823,5,0,5,675885,559,124188,2068,0.004427512355848435,0.7872097449562239
8227,0.8231,0,1,0,675886,558,124188,2068,0.004419591940185021,0.7875095201827875
8228,0.8232,2,0,2,675886,558,124190,2066,0.004419591940185021,0.7873475609756098
8229,0.8233,5,0,5,675886,558,124195,2061,0.004419591940185021,0.7869415807560137
8230,0.8234,4,3,4,675889,555,124199,2057,0.004395830693194779,0.7875191424196019
8231,0.8235,2,1,2,675890,554,124201,2055,0.004387910277531365,0.7876581065542353
8232,0.8236,3,0,3,675890,554,124204,2052,0.004387910277531365,0.7874136607828089
8233,0.8237,3,0,3,675890,554,124207,2049,0.004387910277531365,0.787168651555897
8234,0.8238,3,2,3,675892,552,124210,2046,0.004372069446204537,0.7875288683602771
8235,0.8239,4,0,4,675892,552,124214,2042,0.004372069446204537,0.787201233616037
8236,0.824,2,1,2,675893,551,124216,2040,0.004364149030541123,0.7873407950598225
8237,0.8241,4,1,4,675894,550,124220,2036,0.004356228614877709,0.7873163186388245
8238,0.8242,1,0,1,675894,550,124221,2035,0.004356228614877709,0.7872340425531915
8239,0.8243,2,2,2,675896,548,124223,2033,0.004340387783550881,0.7876791941108098
8240,0.8244,3,0,3,675896,548,124226,2030,0.004340387783550881,0.7874321179208689
8241,0.8245,4,0,4,675896,548,124230,2026,0.004340387783550881,0.7871017871017871
8242,0.8246,1,0,1,675896,548,124231,2025,0.004340387783550881,0.7870190439176059
8243,0.8247,6,2,6,675898,546,124237,2019,0.0043245469522240525,0.7871345029239766
8244,0.8248,1,0,1,675898,546,124238,2018,0.0043245469522240525,0.7870514820592823
8245,0.8249,2,2,2,675900,544,124240,2016,0.004308706120897224,0.7875
8246,0.825,4,0,4,675900,544,124244,2012,0.004308706120897224,0.7871674491392802
8247,0.8251,3,2,3,675902,542,124247,2009,0.004292865289570397,0.7875343002744022
8248,0.8252,4,0,4,675902,542,124251,2005,0.004292865289570397,0.7872006281900275
8249,0.8253,6,1,6,675903,541,124257,1999,0.004284944873906983,0.787007874015748
8250,0.8254,4,3,4,675906,538,124261,1995,0.004261183626916741,0.7876036320568496
8251,0.8255,1,1,1,675907,537,124262,1994,0.004253263211253327,0.7878308968787041
8252,0.8256,7,0,7,675907,537,124269,1987,0.004253263211253327,0.7872424722662441
8253,0.8257,3,2,3,675909,535,124272,1984,0.0042374223799264985,0.7876141325922985
8254,0.8258,6,0,6,675909,535,124278,1978,0.0042374223799264985,0.7871070433744528
8255,0.8259,4,1,4,675910,534,124282,1974,0.004229501964263084,0.7870813397129187
8256,0.826,2,0,2,675910,534,124284,1972,0.004229501964263084,0.7869114126097366
8257,0.8261,4,0,4,675910,534,124288,1968,0.004229501964263084,0.7865707434052758
8258,0.8262,1,3,1,675913,531,124289,1967,0.004205740717272842,0.7874299439551641
8259,0.8263,4,0,4,675913,531,124293,1963,0.004205740717272842,0.7870890136327185
8260,0.8264,6,0,6,675913,531,124299,1957,0.004205740717272842,0.7865755627009646
8261,0.8265,4,1,4,675914,530,124303,1953,0.004197820301609428,0.7865485300040274
8262,0.8266,5,0,5,675914,530,124308,1948,0.004197820301609428,0.7861178369652946
8263,0.8267,5,0,5,675914,530,124313,1943,0.004197820301609428,0.7856854023453296
8264,0.8268,5,1,5,675915,529,124318,1938,0.004189899885946015,0.7855695176327523
8265,0.8269,3,1,3,675916,528,124321,1935,0.004181979470282601,0.7856272838002436
8266,0.827,1,0,1,675916,528,124322,1934,0.004181979470282601,0.7855402112103981
8267,0.8271,3,1,3,675917,527,124325,1931,0.004174059054619187,0.7855980471928397
8268,0.8272,4,0,4,675917,527,124329,1927,0.004174059054619187,0.7852485737571312
8269,0.8273,2,0,2,675917,527,124331,1925,0.004174059054619187,0.7850734094616639
8270,0.8274,2,2,2,675919,525,124333,1923,0.0041582182232923585,0.7855392156862745
8271,0.8275,4,2,4,675921,523,124337,1919,0.00414237739196553,0.7858312858312858
8272,0.8276,4,0,4,675921,523,124341,1915,0.00414237739196553,0.7854799015586547
8273,0.8278,4,2,4,675923,521,124345,1911,0.004126536560638702,0.7857730263157895
8274,0.8279,3,2,3,675925,519,124348,1908,0.004110695729311874,0.7861557478368356
8275,0.828,2,0,2,675925,519,124350,1906,0.004110695729311874,0.7859793814432989
8276,0.8281,8,1,8,675926,518,124358,1898,0.00410277531364846,0.7855960264900662
8277,0.8282,1,2,1,675928,516,124359,1897,0.004086934482321632,0.7861583091587235
8278,0.8283,1,1,1,675929,515,124360,1896,0.004079014066658219,0.786395686437163
8279,0.8284,2,1,2,675930,514,124362,1894,0.0040710936509948045,0.7865448504983389
8280,0.8285,3,0,3,675930,514,124365,1891,0.0040710936509948045,0.7862785862785863
8281,0.8286,5,3,5,675933,511,124370,1886,0.004047332404004562,0.786816854401335
8282,0.8287,4,1,4,675934,510,124374,1882,0.004039411988341148,0.7867892976588629
8283,0.8288,1,3,1,675937,507,124375,1881,0.004015650741350906,0.7876884422110553
8284,0.8289,3,5,3,675942,502,124378,1878,0.003976048663033836,0.7890756302521008
8285,0.829,7,1,7,675943,501,124385,1871,0.003968128247370422,0.7887858347386172
8286,0.8291,4,1,4,675944,500,124389,1867,0.003960207831707008,0.7887621461765948
8287,0.8292,5,2,5,675946,498,124394,1862,0.00394436700038018,0.7889830508474577
8288,0.8293,5,3,5,675949,495,124399,1857,0.003920605753389938,0.7895408163265306
8289,0.8294,5,2,5,675951,493,124404,1852,0.0039047649220631097,0.7897654584221748
8290,0.8295,2,3,2,675954,490,124406,1850,0.003881003675072868,0.7905982905982906
8291,0.8296,3,0,3,675954,490,124409,1847,0.003881003675072868,0.7903294822421908
8292,0.8297,3,4,3,675958,486,124412,1844,0.0038493220124192116,0.7914163090128755
8293,0.8298,2,1,2,675959,485,124414,1842,0.003841401596755798,0.791577137945853
8294,0.8299,2,1,2,675960,484,124416,1840,0.003833481181092384,0.7917383820998278
8295,0.83,3,1,3,675961,483,124419,1837,0.0038255607654289698,0.7918103448275862
8296,0.8301,4,1,4,675962,482,124423,1833,0.0038176403497655557,0.791792656587473
8297,0.8302,7,1,7,675963,481,124430,1826,0.0038097199341021416,0.7915041179020372
8298,0.8303,2,1,2,675964,480,124432,1824,0.0038017995184387275,0.7916666666666666
8299,0.8304,2,0,2,675964,480,124434,1822,0.0038017995184387275,0.7914856646394439
8300,0.8305,4,2,4,675966,478,124438,1818,0.0037859586871119,0.7918118466898955
8301,0.8306,6,1,6,675967,477,124444,1812,0.0037780382714484857,0.7916120576671035
8302,0.8307,2,1,2,675968,476,124446,1810,0.0037701178557850716,0.7917760279965005
8303,0.8308,4,3,4,675971,473,124450,1806,0.0037463566087948294,0.7924528301886793
8304,0.8309,2,0,2,675971,473,124452,1804,0.0037463566087948294,0.7922705314009661
8305,0.831,5,1,5,675972,472,124457,1799,0.0037384361931314157,0.7921620431527961
8306,0.8311,4,0,4,675972,472,124461,1795,0.0037384361931314157,0.7917953242170269
8307,0.8312,5,2,5,675974,470,124466,1790,0.0037225953618045876,0.7920353982300885
8308,0.8313,1,0,1,675974,470,124467,1789,0.0037225953618045876,0.7919433377600709
8309,0.8314,1,1,1,675975,469,124468,1788,0.0037146749461411735,0.7922020381036774
8310,0.8315,4,1,4,675976,468,124472,1784,0.0037067545304777594,0.7921847246891652
8311,0.8316,3,0,3,675976,468,124475,1781,0.0037067545304777594,0.791907514450867
8312,0.8317,5,1,5,675977,467,124480,1776,0.0036988341148143453,0.7917967008470798
8313,0.8318,2,1,2,675978,466,124482,1774,0.0036909136991509313,0.7919642857142857
8314,0.8319,3,0,3,675978,466,124485,1771,0.0036909136991509313,0.7916852928028609
8315,0.832,5,2,5,675980,464,124490,1766,0.0036750728678241035,0.7919282511210762
8316,0.8321,3,0,3,675980,464,124493,1763,0.0036750728678241035,0.7916479568926807
8317,0.8322,2,0,2,675980,464,124495,1761,0.0036750728678241035,0.7914606741573034
8318,0.8323,5,1,5,675981,463,124500,1756,0.0036671524521606894,0.7913474538080216
8319,0.8324,2,1,2,675982,462,124502,1754,0.0036592320364972754,0.7915162454873647
8320,0.8325,7,2,7,675984,460,124509,1747,0.003643391205170447,0.7915722700498414
8321,0.8326,3,0,3,675984,460,124512,1744,0.003643391205170447,0.7912885662431942
8322,0.8327,3,3,3,675987,457,124515,1741,0.0036196299581802054,0.792083712465878
8323,0.8328,1,1,1,675988,456,124516,1740,0.0036117095425167913,0.7923497267759563
8324,0.8329,3,0,3,675988,456,124519,1737,0.0036117095425167913,0.7920656634746922
8325,0.833,2,1,2,675989,455,124521,1735,0.0036037891268533772,0.7922374429223744
8326,0.8331,2,0,2,675989,455,124523,1733,0.0036037891268533772,0.7920475319926874
8327,0.8332,4,1,4,675990,454,124527,1729,0.003595868711189963,0.7920293174530463
8328,0.8333,5,1,5,675991,453,124532,1724,0.003587948295526549,0.7919154800183739
8329,0.8334,5,2,5,675993,451,124537,1719,0.0035721074641997213,0.7921658986175115
8330,0.8335,4,0,4,675993,451,124541,1715,0.0035721074641997213,0.7917820867959372
8331,0.8336,4,0,4,675993,451,124545,1711,0.0035721074641997213,0.7913968547641073
8332,0.8337,4,1,4,675994,450,124549,1707,0.0035641870485363073,0.7913769123783032
8333,0.8338,6,2,6,675996,448,124555,1701,0.003548346217209479,0.7915309446254072
8334,0.8339,4,2,4,675998,446,124559,1697,0.003532505385882651,0.7918805412972468
8335,0.8341,2,0,2,675998,446,124561,1695,0.003532505385882651,0.7916861279775805
8336,0.8342,3,1,3,675999,445,124564,1692,0.0035245849702192373,0.7917641553579785
8337,0.8343,2,0,2,675999,445,124566,1690,0.0035245849702192373,0.7915690866510539
8338,0.8344,2,1,2,676000,444,124568,1688,0.003516664554555823,0.7917448405253283
8339,0.8345,2,1,2,676001,443,124570,1686,0.003508744138892409,0.7919210897134805
8340,0.8346,1,0,1,676001,443,124571,1685,0.003508744138892409,0.7918233082706767
8341,0.8347,1,0,1,676001,443,124572,1684,0.003508744138892409,0.7917254348848143
8342,0.8348,1,0,1,676001,443,124573,1683,0.003508744138892409,0.7916274694261524
8343,0.8349,3,1,3,676002,442,124576,1680,0.003500823723228995,0.7917059377945335
8344,0.835,3,2,3,676004,440,124579,1677,0.003484982891902167,0.7921587151629664
8345,0.8351,1,0,1,676004,440,124580,1676,0.003484982891902167,0.7920604914933838
8346,0.8352,3,1,3,676005,439,124583,1673,0.003477062476238753,0.7921401515151515
8347,0.8353,4,0,4,676005,439,124587,1669,0.003477062476238753,0.7917457305502846
8348,0.8354,2,0,2,676005,439,124589,1667,0.003477062476238753,0.7915479582146249
8349,0.8355,5,2,5,676007,437,124594,1662,0.003461221644911925,0.7918056217246308
8350,0.8356,3,2,3,676009,435,124597,1659,0.003445380813585097,0.7922636103151862
8351,0.8357,3,1,3,676010,434,124600,1656,0.003437460397921683,0.7923444976076555
8352,0.8358,6,4,6,676014,430,124606,1650,0.003405778735268027,0.7932692307692307
8353,0.8359,1,0,1,676014,430,124607,1649,0.003405778735268027,0.7931697931697932
8354,0.836,2,0,2,676014,430,124609,1647,0.003405778735268027,0.7929706307173808
8355,0.8361,5,0,5,676014,430,124614,1642,0.003405778735268027,0.7924710424710425
8356,0.8362,1,0,1,676014,430,124615,1641,0.003405778735268027,0.7923708353452439
8357,0.8363,4,2,4,676016,428,124619,1637,0.003389937903941199,0.7927360774818402
8358,0.8364,3,0,3,676016,428,124622,1634,0.003389937903941199,0.7924345295829291
8359,0.8365,5,1,5,676017,427,124627,1629,0.0033820174882777847,0.7923151750972762
8360,0.8366,4,1,4,676018,426,124631,1625,0.0033740970726143706,0.7922964407606046
8361,0.8367,3,3,3,676021,423,124634,1622,0.003350335825624129,0.7931540342298289
8362,0.8368,1,2,1,676023,421,124635,1621,0.0033344949942973007,0.7938295788442703
8363,0.8369,1,2,1,676025,419,124636,1620,0.0033186541629704725,0.7945071113290829
8364,0.837,4,3,4,676028,416,124640,1616,0.0032948929159802307,0.7952755905511811
8365,0.8371,2,0,2,676028,416,124642,1614,0.0032948929159802307,0.7950738916256158
8366,0.8372,3,0,3,676028,416,124645,1611,0.0032948929159802307,0.7947705969412926
8367,0.8373,2,0,2,676028,416,124647,1609,0.0032948929159802307,0.7945679012345679
8368,0.8374,4,0,4,676028,416,124651,1605,0.0032948929159802307,0.7941613062840178
8369,0.8375,4,1,4,676029,415,124655,1601,0.0032869725003168166,0.7941468253968254
8370,0.8376,2,1,2,676030,414,124657,1599,0.0032790520846534025,0.7943368107302533
8371,0.8377,5,0,5,676030,414,124662,1594,0.0032790520846534025,0.7938247011952191
8372,0.8378,4,0,4,676030,414,124666,1590,0.0032790520846534025,0.7934131736526946
8373,0.8379,2,3,2,676033,411,124668,1588,0.0032552908376631607,0.7943971985992997
8374,0.838,2,2,2,676035,409,124670,1586,0.0032394500063363326,0.7949874686716792
8375,0.8381,2,1,2,676036,408,124672,1584,0.0032315295906729185,0.7951807228915663
8376,0.8382,2,0,2,676036,408,124674,1582,0.0032315295906729185,0.7949748743718593
8377,0.8383,3,3,3,676039,405,124677,1579,0.0032077683436826767,0.795866935483871
8378,0.8384,4,1,4,676040,404,124681,1575,0.0031998479280192626,0.7958564931783729
8379,0.8385,3,0,3,676040,404,124684,1572,0.0031998479280192626,0.7955465587044535
8380,0.8386,6,1,6,676041,403,124690,1566,0.0031919275123558485,0.7953275774504824
8381,0.8387,1,2,1,676043,401,124691,1565,0.0031760866810290203,0.7960325534079349
8382,0.8388,3,1,3,676044,400,124694,1562,0.0031681662653656063,0.7961264016309888
8383,0.8389,1,0,1,676044,400,124695,1561,0.0031681662653656063,0.7960224375318715
8384,0.839,2,0,2,676044,400,124697,1559,0.0031681662653656063,0.7958141909137315
8385,0.8391,6,0,6,676044,400,124703,1553,0.0031681662653656063,0.7951868919610855
8386,0.8392,7,1,7,676045,399,124710,1546,0.003160245849702192,0.7948586118251928
8387,0.8393,3,1,3,676046,398,124713,1543,0.0031523254340387785,0.7949510561566203
8388,0.8394,3,0,3,676046,398,124716,1540,0.0031523254340387785,0.7946336429308566
8389,0.8395,0,1,0,676047,397,124716,1540,0.0031444050183753645,0.7950438822922045
8390,0.8396,3,1,3,676048,396,124719,1537,0.0031364846027119504,0.7951370926021728
8391,0.8397,4,0,4,676048,396,124723,1533,0.0031364846027119504,0.7947122861586314
8392,0.8398,1,0,1,676048,396,124724,1532,0.0031364846027119504,0.7946058091286307
8393,0.8399,3,2,3,676050,394,124727,1529,0.003120643771385122,0.7951118044721789
8394,0.84,2,0,2,676050,394,124729,1527,0.003120643771385122,0.7948984903695991
8395,0.8401,4,2,4,676052,392,124733,1523,0.003104802940058294,0.7953002610966058
8396,0.8402,3,3,3,676055,389,124736,1520,0.0030810416930680522,0.7962283918281823
8397,0.8403,2,2,2,676057,387,124738,1518,0.003065200861741224,0.7968503937007874
8398,0.8405,4,3,4,676060,384,124742,1514,0.0030414396147509823,0.79768177028451
8399,0.8406,3,0,3,676060,384,124745,1511,0.0030414396147509823,0.7973614775725594
8400,0.8407,2,0,2,676060,384,124747,1509,0.0030414396147509823,0.7971473851030111
8401,0.8408,2,0,2,676060,384,124749,1507,0.0030414396147509823,0.7969328397673189
8402,0.8409,3,0,3,676060,384,124752,1504,0.0030414396147509823,0.7966101694915254
8403,0.841,5,1,5,676061,383,124757,1499,0.003033519199087568,0.7964930924548352
8404,0.8411,1,1,1,676062,382,124758,1498,0.003025598783424154,0.7968085106382978
8405,0.8412,3,1,3,676063,381,124761,1495,0.00301767836776074,0.7969083155650319
8406,0.8413,1,2,1,676065,379,124762,1494,0.003001837536433912,0.797650827549386
8407,0.8414,4,2,4,676067,377,124766,1490,0.002985996705107084,0.7980717728976968
8408,0.8415,3,1,3,676068,376,124769,1487,0.00297807628944367,0.7981749865807837
8409,0.8416,1,0,1,676068,376,124770,1486,0.00297807628944367,0.7980665950590763
8410,0.8417,2,0,2,676068,376,124772,1484,0.00297807628944367,0.7978494623655914
8411,0.8418,3,3,3,676071,373,124775,1481,0.002954315042453428,0.7988133764832794
8412,0.8419,2,0,2,676071,373,124777,1479,0.002954315042453428,0.7985961123110151
8413,0.842,8,1,8,676072,372,124785,1471,0.0029463946267900137,0.7981551817688551
8414,0.8421,2,1,2,676073,371,124787,1469,0.0029384742111266,0.7983695652173913
8415,0.8422,4,0,4,676073,371,124791,1465,0.0029384742111266,0.7979302832244008
8416,0.8423,4,1,4,676074,370,124795,1461,0.002930553795463186,0.7979246313489896
8417,0.8424,5,1,5,676075,369,124800,1456,0.002922633379799772,0.7978082191780822
8418,0.8425,4,1,4,676076,368,124804,1452,0.002914712964136358,0.7978021978021979
8419,0.8426,2,1,2,676077,367,124806,1450,0.0029067925484729438,0.7980187121629059
8420,0.8427,8,2,8,676079,365,124814,1442,0.002890951717146116,0.7980077476480354
8421,0.8428,5,0,5,676079,365,124819,1437,0.002890951717146116,0.7974472807991121
8422,0.8429,6,1,6,676080,364,124825,1431,0.002883031301482702,0.7972144846796657
8423,0.843,4,2,4,676082,362,124829,1427,0.002867190470155874,0.7976523197316937
8424,0.8431,4,1,4,676083,361,124833,1423,0.0028592700544924597,0.797645739910314
8425,0.8432,5,0,5,676083,361,124838,1418,0.0028592700544924597,0.7970770095559303
8426,0.8433,6,0,6,676083,361,124844,1412,0.0028592700544924597,0.79639029892837
8427,0.8434,3,0,3,676083,361,124847,1409,0.0028592700544924597,0.796045197740113
8428,0.8435,1,1,1,676084,360,124848,1408,0.0028513496388290456,0.7963800904977375
8429,0.8436,1,1,1,676085,359,124849,1407,0.0028434292231656316,0.7967157417893544
8430,0.8437,2,1,2,676086,358,124851,1405,0.002835508807502218,0.7969370391378332
8431,0.8438,0,2,0,676088,356,124851,1405,0.0028196679761753897,0.7978421351504826
8432,0.8439,6,1,6,676089,355,124857,1399,0.0028117475605119757,0.7976054732041049
8433,0.844,6,1,6,676090,354,124863,1393,0.0028038271448485616,0.797366914710933
8434,0.8441,3,0,3,676090,354,124866,1390,0.0028038271448485616,0.7970183486238532
8435,0.8442,4,1,4,676091,353,124870,1386,0.0027959067291851475,0.79700977573318
8436,0.8443,1,0,1,676091,353,124871,1385,0.0027959067291851475,0.7968929804372842
8437,0.8444,4,1,4,676092,352,124875,1381,0.0027879863135217334,0.7968840161569533
8438,0.8445,1,2,1,676094,350,124876,1380,0.0027721454821949057,0.7976878612716763
8439,0.8446,2,3,2,676097,347,124878,1378,0.0027483842352046635,0.7988405797101449
8440,0.8447,2,1,2,676098,346,124880,1376,0.0027404638195412494,0.7990708478513356
8441,0.8448,3,1,3,676099,345,124883,1373,0.0027325434038778353,0.7991850989522701
8442,0.8449,0,1,0,676100,344,124883,1373,0.0027246229882144216,0.7996505532906232
8443,0.845,2,1,2,676101,343,124885,1371,0.0027167025725510076,0.7998833138856476
8444,0.8451,2,1,2,676102,342,124887,1369,0.0027087821568875935,0.8001168907071888
8445,0.8452,2,1,2,676103,341,124889,1367,0.0027008617412241794,0.800351288056206
8446,0.8453,3,1,3,676104,340,124892,1364,0.0026929413255607653,0.8004694835680751
8447,0.8454,5,3,5,676107,337,124897,1359,0.0026691800785705235,0.8012971698113207
8448,0.8455,1,0,1,676107,337,124898,1358,0.0026691800785705235,0.8011799410029499
8449,0.8456,3,0,3,676107,337,124901,1355,0.0026691800785705235,0.8008274231678487
8450,0.8457,3,0,3,676107,337,124904,1352,0.0026691800785705235,0.8004736530491415
8451,0.8458,1,1,1,676108,336,124905,1351,0.0026612596629071094,0.8008298755186722
8452,0.8459,3,4,3,676112,332,124908,1348,0.002629578000253453,0.8023809523809524
8453,0.846,3,0,3,676112,332,124911,1345,0.002629578000253453,0.8020274299344067
8454,0.8461,3,0,3,676112,332,124914,1342,0.002629578000253453,0.8016726403823178
8455,0.8462,3,0,3,676112,332,124917,1339,0.002629578000253453,0.8013165769000599
8456,0.8463,3,0,3,676112,332,124920,1336,0.002629578000253453,0.8009592326139089
8457,0.8464,5,0,5,676112,332,124925,1331,0.002629578000253453,0.8003607937462417
8458,0.8465,4,0,4,676112,332,124929,1327,0.002629578000253453,0.7998794454490658
8459,0.8466,6,2,6,676114,330,124935,1321,0.0026137371689266254,0.8001211387038158
8460,0.8467,1,0,1,676114,330,124936,1320,0.0026137371689266254,0.8
8461,0.8468,1,0,1,676114,330,124937,1319,0.0026137371689266254,0.7998787143723469
8462,0.8469,3,1,3,676115,329,124940,1316,0.0026058167532632113,0.8
8463,0.847,1,2,1,676117,327,124941,1315,0.002589975921936383,0.8008526187576127
8464,0.8471,3,0,3,676117,327,124944,1312,0.002589975921936383,0.8004881025015254
8465,0.8472,2,0,2,676117,327,124946,1310,0.002589975921936383,0.8002443494196702
8466,0.8473,3,2,3,676119,325,124949,1307,0.002574135090609555,0.8008578431372549
8467,0.8474,2,0,2,676119,325,124951,1305,0.002574135090609555,0.8006134969325154
8468,0.8475,0,1,0,676120,324,124951,1305,0.0025662146749461413,0.8011049723756906
8469,0.8476,8,0,8,676120,324,124959,1297,0.0025662146749461413,0.8001233806292412
8470,0.8477,4,0,4,676120,324,124963,1293,0.0025662146749461413,0.7996289424860853
8471,0.8478,2,1,2,676121,323,124965,1291,0.0025582942592827273,0.7998760842627014
8472,0.8479,4,1,4,676122,322,124969,1287,0.002550373843619313,0.7998756991920447
8473,0.848,6,0,6,676122,322,124975,1281,0.002550373843619313,0.7991266375545851
8474,0.8481,3,1,3,676123,321,124978,1278,0.002542453427955899,0.799249530956848
8475,0.8482,3,0,3,676123,321,124981,1275,0.002542453427955899,0.7988721804511278
8476,0.8483,3,2,3,676125,319,124984,1272,0.002526612596629071,0.7994971715901948
8477,0.8484,3,0,3,676125,319,124987,1269,0.002526612596629071,0.7991183879093199
8478,0.8485,2,0,2,676125,319,124989,1267,0.002526612596629071,0.7988650693568726
8479,0.8486,3,0,3,676125,319,124992,1264,0.002526612596629071,0.7984838913455464
8480,0.8487,4,2,4,676127,317,124996,1260,0.002510771765302243,0.7989854153455929
8481,0.8488,2,1,2,676128,316,124998,1258,0.002502851349638829,0.7992376111817027
8482,0.8489,2,1,2,676129,315,125000,1256,0.002494930933975415,0.7994907702100573
8483,0.849,1,1,1,676130,314,125001,1255,0.002487010518312001,0.7998725302740599
8484,0.8491,2,2,2,676132,312,125003,1253,0.002471169686985173,0.8006389776357827
8485,0.8492,3,0,3,676132,312,125006,1250,0.002471169686985173,0.8002560819462228
8486,0.8493,4,1,4,676133,311,125010,1246,0.002463249271321759,0.8002569043031471
8487,0.8494,6,1,6,676134,310,125016,1240,0.002455328855658345,0.8
8488,0.8495,4,1,4,676135,309,125020,1236,0.002447408439994931,0.8
8489,0.8496,1,0,1,676135,309,125021,1235,0.002447408439994931,0.7998704663212435
8490,0.8497,8,1,8,676136,308,125029,1227,0.002439488024331517,0.7993485342019544
8491,0.8498,4,1,4,676137,307,125033,1223,0.002431567608668103,0.7993464052287582
8492,0.8499,3,1,3,676138,306,125036,1220,0.0024236471930046887,0.799475753604194
8493,0.85,4,0,4,676138,306,125040,1216,0.0024236471930046887,0.7989487516425755
8494,0.8501,5,2,5,676140,304,125045,1211,0.002407806361677861,0.7993399339933993
8495,0.8502,4,0,4,676140,304,125049,1207,0.002407806361677861,0.798808735936466
8496,0.8503,4,0,4,676140,304,125053,1203,0.002407806361677861,0.7982747179827472
8497,0.8504,3,1,3,676141,303,125056,1200,0.002399885946014447,0.7984031936127745
8498,0.8505,3,1,3,676142,302,125059,1197,0.002391965530351033,0.7985323549032688
8499,0.8506,3,0,3,676142,302,125062,1194,0.002391965530351033,0.7981283422459893
8500,0.8507,3,0,3,676142,302,125065,1191,0.002391965530351033,0.797722705961152
8501,0.8508,2,0,2,676142,302,125067,1189,0.002391965530351033,0.7974513749161637
8502,0.8509,0,2,0,676144,300,125067,1189,0.0023761246990242047,0.7985224983210208
8503,0.851,4,3,4,676147,297,125071,1185,0.002352363452033963,0.7995951417004049
8504,0.8511,5,0,5,676147,297,125076,1180,0.002352363452033963,0.7989167230873392
8505,0.8512,5,0,5,676147,297,125081,1175,0.002352363452033963,0.798233695652174
8506,0.8513,2,1,2,676148,296,125083,1173,0.002344443036370549,0.7985023825731791
8507,0.8515,5,2,5,676150,294,125088,1168,0.0023286022050437206,0.79890560875513
8508,0.8516,1,0,1,676150,294,125089,1167,0.0023286022050437206,0.7987679671457906
8509,0.8517,4,1,4,676151,293,125093,1163,0.0023206817893803066,0.7987637362637363
8510,0.8518,2,0,2,676151,293,125095,1161,0.0023206817893803066,0.7984869325997249
8511,0.8519,2,1,2,676152,292,125097,1159,0.0023127613737168925,0.7987594762232942
8512,0.852,4,0,4,676152,292,125101,1155,0.0023127613737168925,0.7982031789910159
8513,0.8521,1,0,1,676152,292,125102,1154,0.0023127613737168925,0.7980636237897649
8514,0.8522,1,0,1,676152,292,125103,1153,0.0023127613737168925,0.797923875432526
8515,0.8523,3,1,3,676153,291,125106,1150,0.002304840958053479,0.7980569049271339
8516,0.8524,3,1,3,676154,290,125109,1147,0.0022969205423900648,0.7981906750173974
8517,0.8525,4,1,4,676155,289,125113,1143,0.0022890001267266507,0.7981843575418994
8518,0.8526,3,0,3,676155,289,125116,1140,0.0022890001267266507,0.7977606717984604
8519,0.8527,3,1,3,676156,288,125119,1137,0.0022810797110632366,0.7978947368421052
8520,0.8528,3,1,3,676157,287,125122,1134,0.0022731592953998225,0.7980295566502463
8521,0.853,1,1,1,676158,286,125123,1133,0.0022652388797364084,0.7984496124031008
8522,0.8531,2,1,2,676159,285,125125,1131,0.0022573184640729944,0.798728813559322
8523,0.8532,2,2,2,676161,283,125127,1129,0.0022414776327461666,0.7995750708215298
8524,0.8533,4,0,4,676161,283,125131,1125,0.0022414776327461666,0.7990056818181818
8525,0.8534,4,0,4,676161,283,125135,1121,0.0022414776327461666,0.7984330484330484
8526,0.8535,1,0,1,676161,283,125136,1120,0.0022414776327461666,0.7982893799002139
8527,0.8536,4,0,4,676161,283,125140,1116,0.0022414776327461666,0.7977126518942101
8528,0.8537,3,2,3,676163,281,125143,1113,0.0022256368014193385,0.7984218077474893
8529,0.8538,3,1,3,676164,280,125146,1110,0.0022177163857559244,0.7985611510791367
8530,0.8539,1,3,1,676167,277,125147,1109,0.0021939551387656826,0.8001443001443002
8531,0.854,2,1,2,676168,276,125149,1107,0.0021860347231022685,0.8004338394793926
8532,0.8541,1,1,1,676169,275,125150,1106,0.0021781143074388544,0.8008689355539464
8533,0.8542,4,0,4,676169,275,125154,1102,0.0021781143074388544,0.8002904865649964
8534,0.8543,3,0,3,676169,275,125157,1099,0.0021781143074388544,0.7998544395924309
8535,0.8544,1,0,1,676169,275,125158,1098,0.0021781143074388544,0.7997086671522214
8536,0.8545,2,0,2,676169,275,125160,1096,0.0021781143074388544,0.799416484318016
8537,0.8546,1,0,1,676169,275,125161,1095,0.0021781143074388544,0.7992700729927007
8538,0.8547,3,1,3,676170,274,125164,1092,0.0021701938917754403,0.7994143484626647
8539,0.8548,1,1,1,676171,273,125165,1091,0.0021622734761120263,0.7998533724340176
8540,0.8549,2,0,2,676171,273,125167,1089,0.0021622734761120263,0.7995594713656388
8541,0.855,2,2,2,676173,271,125169,1087,0.0021464326447851985,0.8004418262150221
8542,0.8551,1,0,1,676173,271,125170,1086,0.0021464326447851985,0.8002947678703022
8543,0.8552,1,0,1,676173,271,125171,1085,0.0021464326447851985,0.8001474926253688
8544,0.8553,3,0,3,676173,271,125174,1082,0.0021464326447851985,0.7997043606799704
8545,0.8554,6,1,6,676174,270,125180,1076,0.0021385122291217844,0.799405646359584
8546,0.8555,3,2,3,676176,268,125183,1073,0.0021226713977949563,0.8001491424310216
8547,0.8556,2,0,2,676176,268,125185,1071,0.0021226713977949563,0.7998506348020911
8548,0.8557,4,3,4,676179,265,125189,1067,0.002098910150804714,0.801051051051051
8549,0.8558,4,1,4,676180,264,125193,1063,0.0020909897351413004,0.8010550113036925
8550,0.8559,4,0,4,676180,264,125197,1059,0.0020909897351413004,0.800453514739229
8551,0.856,4,1,4,676181,263,125201,1055,0.0020830693194778863,0.8004552352048558
8552,0.8561,2,2,2,676183,261,125203,1053,0.002067228488151058,0.8013698630136986
8553,0.8562,5,0,5,676183,261,125208,1048,0.002067228488151058,0.80061115355233
8554,0.8563,2,1,2,676184,260,125210,1046,0.002059308072487644,0.8009188361408882
8555,0.8565,2,0,2,676184,260,125212,1044,0.002059308072487644,0.8006134969325154
8556,0.8566,1,0,1,676184,260,125213,1043,0.002059308072487644,0.8004604758250192
8557,0.8567,2,0,2,676184,260,125215,1041,0.002059308072487644,0.8001537279016141
8558,0.8568,3,1,3,676185,259,125218,1038,0.00205138765682423,0.8003084040092521
8559,0.857,4,0,4,676185,259,125222,1034,0.00205138765682423,0.7996906419180201
8560,0.8571,2,1,2,676186,258,125224,1032,0.002043467241160816,0.8
8561,0.8572,1,0,1,676186,258,125225,1031,0.002043467241160816,0.799844840961986
8562,0.8573,3,0,3,676186,258,125228,1028,0.002043467241160816,0.7993779160186625
8563,0.8574,3,2,3,676188,256,125231,1025,0.002027626409833988,0.8001561280249805
8564,0.8575,2,0,2,676188,256,125233,1023,0.002027626409833988,0.7998436278342455
8565,0.8576,1,0,1,676188,256,125234,1022,0.002027626409833988,0.7996870109546166
8566,0.8577,3,1,3,676189,255,125237,1019,0.002019705994170574,0.7998430141287284
8567,0.8578,1,0,1,676189,255,125238,1018,0.002019705994170574,0.7996857816182247
8568,0.8579,0,1,0,676190,254,125238,1018,0.00201178557850716,0.800314465408805
8569,0.858,3,0,3,676190,254,125241,1015,0.00201178557850716,0.7998423955870765
8570,0.8581,2,2,2,676192,252,125243,1013,0.001995944747180332,0.8007905138339921
8571,0.8582,2,0,2,676192,252,125245,1011,0.001995944747180332,0.8004750593824228
8572,0.8583,3,2,3,676194,250,125248,1008,0.001980103915853504,0.8012718600953895
8573,0.8584,0,2,0,676196,248,125248,1008,0.001964263084526676,0.802547770700637
8574,0.8585,2,0,2,676196,248,125250,1006,0.001964263084526676,0.8022328548644339
8575,0.8586,3,1,3,676197,247,125253,1003,0.001956342668863262,0.8024
8576,0.8588,2,0,2,676197,247,125255,1001,0.001956342668863262,0.8020833333333334
8577,0.8589,5,0,5,676197,247,125260,996,0.001956342668863262,0.8012872083668544
8578,0.859,3,1,3,676198,246,125263,993,0.001948422253199848,0.801452784503632
8579,0.8591,5,2,5,676200,244,125268,988,0.0019325814218730199,0.801948051948052
8580,0.8592,3,1,3,676201,243,125271,985,0.0019246610062096058,0.8021172638436482
8581,0.8593,2,0,2,676201,243,125273,983,0.0019246610062096058,0.8017944535073409
8582,0.8594,3,0,3,676201,243,125276,980,0.0019246610062096058,0.8013082583810303
8583,0.8595,4,1,4,676202,242,125280,976,0.001916740590546192,0.8013136288998358
8584,0.8596,2,0,2,676202,242,125282,974,0.001916740590546192,0.8009868421052632
8585,0.8597,3,2,3,676204,240,125285,971,0.0019008997592193638,0.8018166804293972
8586,0.8598,3,0,3,676204,240,125288,968,0.0019008997592193638,0.8013245033112583
8587,0.8599,3,0,3,676204,240,125291,965,0.0019008997592193638,0.8008298755186722
8588,0.86,1,0,1,676204,240,125292,964,0.0019008997592193638,0.8006644518272426
8589,0.8601,4,1,4,676205,239,125296,960,0.00189297934355595,0.8006672226855713
8590,0.8602,1,2,1,676207,237,125297,959,0.0018771385122291217,0.8018394648829431
8591,0.8603,2,1,2,676208,236,125299,957,0.0018692180965657079,0.8021793797150042
8592,0.8604,4,0,4,676208,236,125303,953,0.0018692180965657079,0.8015138772077376
8593,0.8605,3,0,3,676208,236,125306,950,0.0018692180965657079,0.8010118043844857
8594,0.8606,3,0,3,676208,236,125309,947,0.0018692180965657079,0.8005071851225697
8595,0.8607,2,0,2,676208,236,125311,945,0.0018692180965657079,0.8001693480101609
8596,0.8608,3,1,3,676209,235,125314,942,0.0018612976809022938,0.800339847068819
8597,0.8609,1,0,1,676209,235,125315,941,0.0018612976809022938,0.8001700680272109
8598,0.861,3,1,3,676210,234,125318,938,0.0018533772652388797,0.8003412969283277
8599,0.8611,2,1,2,676211,233,125320,936,0.0018454568495754656,0.8006843455945253
8600,0.8612,0,2,0,676213,231,125320,936,0.0018296160182486377,0.8020565552699229
8601,0.8613,1,0,1,676213,231,125321,935,0.0018296160182486377,0.8018867924528302
8602,0.8615,7,1,7,676214,230,125328,928,0.0018216956025852236,0.8013816925734024
8603,0.8616,2,1,2,676215,229,125330,926,0.0018137751869218097,0.8017316017316017
8604,0.8617,4,0,4,676215,229,125334,922,0.0018137751869218097,0.8010425716768028
8605,0.8618,1,0,1,676215,229,125335,921,0.0018137751869218097,0.8008695652173913
8606,0.8619,1,0,1,676215,229,125336,920,0.0018137751869218097,0.8006962576153177
8607,0.862,1,0,1,676215,229,125337,919,0.0018137751869218097,0.8005226480836237
8608,0.8621,1,1,1,676216,228,125338,918,0.0018058547712583957,0.8010471204188482
8609,0.8622,2,1,2,676217,227,125340,916,0.0017979343555949816,0.8013998250218722
8610,0.8623,1,0,1,676217,227,125341,915,0.0017979343555949816,0.8012259194395797
8611,0.8624,2,0,2,676217,227,125343,913,0.0017979343555949816,0.8008771929824562
8612,0.8625,3,1,3,676218,226,125346,910,0.0017900139399315677,0.801056338028169
8613,0.8626,4,0,4,676218,226,125350,906,0.0017900139399315677,0.8003533568904594
8614,0.8627,2,0,2,676218,226,125352,904,0.0017900139399315677,0.8
8615,0.8628,2,0,2,676218,226,125354,902,0.0017900139399315677,0.799645390070922
8616,0.8629,2,0,2,676218,226,125356,900,0.0017900139399315677,0.7992895204262878
8617,0.863,3,0,3,676218,226,125359,897,0.0017900139399315677,0.798753339269813
8618,0.8631,2,0,2,676218,226,125361,895,0.0017900139399315677,0.7983942908117752
8619,0.8632,3,0,3,676218,226,125364,892,0.0017900139399315677,0.7978533094812165
8620,0.8633,0,1,0,676219,225,125364,892,0.0017820935242681536,0.7985675917636527
8621,0.8634,1,0,1,676219,225,125365,891,0.0017820935242681536,0.7983870967741935
8622,0.8636,2,1,2,676220,224,125367,889,0.0017741731086047396,0.7987421383647799
8623,0.8637,4,1,4,676221,223,125371,885,0.0017662526929413255,0.7987364620938628
8624,0.8638,2,2,2,676223,221,125373,883,0.0017504118616144975,0.7998188405797102
8625,0.8639,5,0,5,676223,221,125378,878,0.0017504118616144975,0.7989080982711556
8626,0.8641,4,1,4,676224,220,125382,874,0.0017424914459510834,0.7989031078610603
8627,0.8642,3,0,3,676224,220,125385,871,0.0017424914459510834,0.7983501374885427
8628,0.8643,6,0,6,676224,220,125391,865,0.0017424914459510834,0.7972350230414746
8629,0.8644,2,0,2,676224,220,125393,863,0.0017424914459510834,0.7968605724838412
8630,0.8645,2,0,2,676224,220,125395,861,0.0017424914459510834,0.7964847363552267
8631,0.8646,2,0,2,676224,220,125397,859,0.0017424914459510834,0.7961075069508804
8632,0.8647,2,1,2,676225,219,125399,857,0.0017345710302876696,0.7964684014869888
8633,0.8648,5,0,5,676225,219,125404,852,0.0017345710302876696,0.7955182072829131
8634,0.8649,1,0,1,676225,219,125405,851,0.0017345710302876696,0.7953271028037383
8635,0.865,3,1,3,676226,218,125408,848,0.0017266506146242555,0.7954971857410882
8636,0.8651,1,2,1,676228,216,125409,847,0.0017108097832974276,0.7968015051740357
8637,0.8652,4,0,4,676228,216,125413,843,0.0017108097832974276,0.7960339943342776
8638,0.8653,1,2,1,676230,214,125414,842,0.0016949689519705994,0.7973484848484849
8639,0.8654,1,0,1,676230,214,125415,841,0.0016949689519705994,0.7971563981042654
8640,0.8655,2,1,2,676231,213,125417,839,0.0016870485363071853,0.7975285171102662
8641,0.8656,4,0,4,676231,213,125421,835,0.0016870485363071853,0.7967557251908397
8642,0.8657,3,3,3,676234,210,125424,832,0.0016632872893169433,0.7984644913627639
8643,0.8658,2,1,2,676235,209,125426,830,0.0016553668736535294,0.7988450433108758
8644,0.8659,0,1,0,676236,208,125426,830,0.0016474464579901153,0.7996146435452793
8645,0.866,4,0,4,676236,208,125430,826,0.0016474464579901153,0.7988394584139265
8646,0.8661,2,0,2,676236,208,125432,824,0.0016474464579901153,0.7984496124031008
8647,0.8662,4,0,4,676236,208,125436,820,0.0016474464579901153,0.7976653696498055
8648,0.8663,1,2,1,676238,206,125437,819,0.0016316056266632872,0.7990243902439025
8649,0.8665,2,0,2,676238,206,125439,817,0.0016316056266632872,0.7986314760508308
8650,0.8666,2,0,2,676238,206,125441,815,0.0016316056266632872,0.7982370225269344
8651,0.8667,2,1,2,676239,205,125443,813,0.0016236852109998733,0.7986247544204322
8652,0.8668,4,0,4,676239,205,125447,809,0.0016236852109998733,0.7978303747534516
8653,0.8669,1,1,1,676240,204,125448,808,0.0016157647953364592,0.7984189723320159
8654,0.867,4,1,4,676241,203,125452,804,0.0016078443796730452,0.7984111221449851
8655,0.8671,1,1,1,676242,202,125453,803,0.0015999239640096313,0.7990049751243781
8656,0.8672,3,0,3,676242,202,125456,800,0.0015999239640096313,0.7984031936127745
8657,0.8673,3,0,3,676242,202,125459,797,0.0015999239640096313,0.7977977977977978
8658,0.8674,2,1,2,676243,201,125461,795,0.0015920035483462172,0.7981927710843374
8659,0.8675,3,1,3,676244,200,125464,792,0.0015840831326828031,0.7983870967741935
8660,0.8676,2,1,2,676245,199,125466,790,0.0015761627170193893,0.7987866531850354
8661,0.8677,1,0,1,676245,199,125467,789,0.0015761627170193893,0.798582995951417
8662,0.8678,1,1,1,676246,198,125468,788,0.0015682423013559752,0.7991886409736308
8663,0.8679,1,0,1,676246,198,125469,787,0.0015682423013559752,0.798984771573604
8664,0.868,3,3,3,676249,195,125472,784,0.0015444810543657332,0.8008171603677222
8665,0.8681,2,0,2,676249,195,125474,782,0.0015444810543657332,0.8004094165813715
8666,0.8683,1,1,1,676250,194,125475,781,0.001536560638702319,0.801025641025641
8667,0.8684,3,0,3,676250,194,125478,778,0.001536560638702319,0.8004115226337448
8668,0.8685,1,0,1,676250,194,125479,777,0.001536560638702319,0.800205973223481
8669,0.8686,0,2,0,676252,192,125479,777,0.0015207198073754911,0.8018575851393189
8670,0.8687,2,0,2,676252,192,125481,775,0.0015207198073754911,0.8014477766287487
8671,0.8688,4,1,4,676253,191,125485,771,0.001512799391712077,0.8014553014553014
8672,0.8689,4,0,4,676253,191,125489,767,0.001512799391712077,0.8006263048016702
8673,0.869,1,0,1,676253,191,125490,766,0.001512799391712077,0.800417972831766
8674,0.8691,0,1,0,676254,190,125490,766,0.001504878976048663,0.801255230125523
8675,0.8692,1,0,1,676254,190,125491,765,0.001504878976048663,0.8010471204188482
8676,0.8694,2,1,2,676255,189,125493,763,0.0014969585603852491,0.8014705882352942
8677,0.8695,3,0,3,676255,189,125496,760,0.0014969585603852491,0.8008429926238145
8678,0.8696,1,0,1,676255,189,125497,759,0.0014969585603852491,0.8006329113924051
8679,0.8697,1,1,1,676256,188,125498,758,0.001489038144721835,0.8012684989429175
8680,0.8698,2,1,2,676257,187,125500,756,0.001481117729058421,0.8016967126193001
8681,0.8699,1,0,1,676257,187,125501,755,0.001481117729058421,0.8014861995753716
8682,0.87,2,2,2,676259,185,125503,753,0.001465276897731593,0.802771855010661
8683,0.8701,2,0,2,676259,185,125505,751,0.001465276897731593,0.8023504273504274
8684,0.8702,1,1,1,676260,184,125506,750,0.001457356482068179,0.8029978586723768
8685,0.8703,2,1,2,676261,183,125508,748,0.0014494360664047648,0.80343716433942
8686,0.8705,2,2,2,676263,181,125510,746,0.001433595235077937,0.8047464940668824
8687,0.8706,2,2,2,676265,179,125512,744,0.001417754403751109,0.8060671722643553
8688,0.8707,0,1,0,676266,178,125512,744,0.0014098339880876949,0.806941431670282
8689,0.8708,0,1,0,676267,177,125512,744,0.0014019135724242808,0.8078175895765473
8690,0.8709,2,0,2,676267,177,125514,742,0.0014019135724242808,0.8073993471164309
8691,0.871,5,0,5,676267,177,125519,737,0.0014019135724242808,0.8063457330415755
8692,0.8711,4,0,4,676267,177,125523,733,0.0014019135724242808,0.8054945054945055
8693,0.8712,4,0,4,676267,177,125527,729,0.0014019135724242808,0.804635761589404
8694,0.8713,1,0,1,676267,177,125528,728,0.0014019135724242808,0.8044198895027624
8695,0.8714,5,3,5,676270,174,125533,723,0.0013781523254340388,0.8060200668896321
8696,0.8715,2,0,2,676270,174,125535,721,0.0013781523254340388,0.8055865921787709
8697,0.8716,1,1,1,676271,173,125536,720,0.0013702319097706247,0.8062709966405375
8698,0.8717,2,0,2,676271,173,125538,718,0.0013702319097706247,0.8058361391694725
8699,0.8718,1,0,1,676271,173,125539,717,0.0013702319097706247,0.8056179775280898
8700,0.8719,1,0,1,676271,173,125540,716,0.0013702319097706247,0.8053993250843644
8701,0.872,2,0,2,676271,173,125542,714,0.0013702319097706247,0.8049605411499436
8702,0.8721,3,1,3,676272,172,125545,711,0.0013623114941072108,0.8052095130237825
8703,0.8722,4,2,4,676274,170,125549,707,0.0013464706627803827,0.806157354618016
8704,0.8723,4,0,4,676274,170,125553,703,0.0013464706627803827,0.8052691867124857
8705,0.8725,2,1,2,676275,169,125555,701,0.0013385502471169688,0.8057471264367816
8706,0.8726,2,0,2,676275,169,125557,699,0.0013385502471169688,0.8052995391705069
8707,0.8727,1,1,1,676276,168,125558,698,0.0013306298314535547,0.8060046189376443
8708,0.8728,4,0,4,676276,168,125562,694,0.0013306298314535547,0.8051044083526682
8709,0.873,2,2,2,676278,166,125564,692,0.0013147890001267266,0.8065268065268065
8710,0.8731,3,0,3,676278,166,125567,689,0.0013147890001267266,0.8058479532163743
8711,0.8732,2,3,2,676281,163,125569,687,0.0012910277531364845,0.808235294117647
8712,0.8733,5,1,5,676282,162,125574,682,0.0012831073374730707,0.8080568720379147
8713,0.8734,2,0,2,676282,162,125576,680,0.0012831073374730707,0.8076009501187649
8714,0.8735,1,0,1,676282,162,125577,679,0.0012831073374730707,0.807372175980975
8715,0.8736,1,0,1,676282,162,125578,678,0.0012831073374730707,0.8071428571428572
8716,0.8737,2,1,2,676283,161,125580,676,0.0012751869218096566,0.8076463560334528
8717,0.8738,3,0,3,676283,161,125583,673,0.0012751869218096566,0.8069544364508393
8718,0.8739,0,1,0,676284,160,125583,673,0.0012672665061462425,0.8079231692677071
8719,0.874,0,1,0,676285,159,125583,673,0.0012593460904828286,0.8088942307692307
8720,0.8741,0,1,0,676286,158,125583,673,0.0012514256748194146,0.8098676293622142
8721,0.8742,1,0,1,676286,158,125584,672,0.0012514256748194146,0.8096385542168675
8722,0.8743,1,0,1,676286,158,125585,671,0.0012514256748194146,0.8094089264173703
8723,0.8744,3,0,3,676286,158,125588,668,0.0012514256748194146,0.8087167070217918
8724,0.8745,1,0,1,676286,158,125589,667,0.0012514256748194146,0.8084848484848485
8725,0.8746,2,0,2,676286,158,125591,665,0.0012514256748194146,0.8080194410692588
8726,0.8747,3,1,3,676287,157,125594,662,0.0012435052591560005,0.8083028083028083
8727,0.8748,2,0,2,676287,157,125596,660,0.0012435052591560005,0.8078335373317014
8728,0.8749,4,0,4,676287,157,125600,656,0.0012435052591560005,0.8068880688806888
8729,0.875,3,0,3,676287,157,125603,653,0.0012435052591560005,0.8061728395061728
8730,0.8751,1,0,1,676287,157,125604,652,0.0012435052591560005,0.8059332509270705
8731,0.8752,1,1,1,676288,156,125605,651,0.0012355848434925864,0.8066914498141264
8732,0.8753,1,0,1,676288,156,125606,650,0.0012355848434925864,0.8064516129032258
8733,0.8754,0,1,0,676289,155,125606,650,0.0012276644278291725,0.8074534161490683
8734,0.8755,2,2,2,676291,153,125608,648,0.0012118235965023444,0.8089887640449438
8735,0.8756,0,2,0,676293,151,125608,648,0.0011959827651755164,0.8110137672090113
8736,0.8757,3,0,3,676293,151,125611,645,0.0011959827651755164,0.8103015075376885
8737,0.8758,2,0,2,676293,151,125613,643,0.0011959827651755164,0.809823677581864
8738,0.8759,4,1,4,676294,150,125617,639,0.0011880623495121023,0.8098859315589354
8739,0.876,3,0,3,676294,150,125620,636,0.0011880623495121023,0.8091603053435115
8740,0.8761,2,0,2,676294,150,125622,634,0.0011880623495121023,0.8086734693877551
8741,0.8762,3,0,3,676294,150,125625,631,0.0011880623495121023,0.8079385403329066
8742,0.8763,2,0,2,676294,150,125627,629,0.0011880623495121023,0.8074454428754814
8743,0.8764,2,1,2,676295,149,125629,627,0.0011801419338486885,0.8079896907216495
8744,0.8765,2,0,2,676295,149,125631,625,0.0011801419338486885,0.8074935400516796
8745,0.8767,3,1,3,676296,148,125634,622,0.0011722215181852744,0.8077922077922078
8746,0.8768,3,0,3,676296,148,125637,619,0.0011722215181852744,0.8070404172099087
8747,0.8769,4,0,4,676296,148,125641,615,0.0011722215181852744,0.8060288335517694
8748,0.877,3,0,3,676296,148,125644,612,0.0011722215181852744,0.8052631578947368
8749,0.8771,2,1,2,676297,147,125646,610,0.0011643011025218603,0.8058124174372523
8750,0.8772,4,1,4,676298,146,125650,606,0.0011563806868584462,0.8058510638297872
8751,0.8773,3,0,3,676298,146,125653,603,0.0011563806868584462,0.8050734312416555
8752,0.8774,1,1,1,676299,145,125654,602,0.0011484602711950324,0.8058902275769746
8753,0.8775,1,1,1,676300,144,125655,601,0.0011405398555316183,0.8067114093959732
8754,0.8776,3,0,3,676300,144,125658,598,0.0011405398555316183,0.8059299191374663
8755,0.8777,0,1,0,676301,143,125658,598,0.0011326194398682042,0.8070175438596491
8756,0.878,3,1,3,676302,142,125661,595,0.0011246990242047904,0.8073270013568521
8757,0.8782,3,0,3,676302,142,125664,592,0.0011246990242047904,0.8065395095367848
8758,0.8783,2,1,2,676303,141,125666,590,0.0011167786085413763,0.8071135430916553
8759,0.8784,1,0,1,676303,141,125667,589,0.0011167786085413763,0.8068493150684931
8760,0.8785,3,0,3,676303,141,125670,586,0.0011167786085413763,0.8060522696011004
8761,0.8787,1,0,1,676303,141,125671,585,0.0011167786085413763,0.8057851239669421
8762,0.8788,7,1,7,676304,140,125678,578,0.0011088581928779622,0.8050139275766016
8763,0.8789,4,0,4,676304,140,125682,574,0.0011088581928779622,0.803921568627451
8764,0.879,2,2,2,676306,138,125684,572,0.0010930173615511342,0.8056338028169014
8765,0.8791,4,0,4,676306,138,125688,568,0.0010930173615511342,0.8045325779036827
8766,0.8793,5,0,5,676306,138,125693,563,0.0010930173615511342,0.8031383737517832
8767,0.8794,0,1,0,676307,137,125693,563,0.0010850969458877202,0.8042857142857143
8768,0.8795,2,0,2,676307,137,125695,561,0.0010850969458877202,0.8037249283667621
8769,0.8796,4,1,4,676308,136,125699,557,0.001077176530224306,0.8037518037518038
8770,0.8797,1,0,1,676308,136,125700,556,0.001077176530224306,0.8034682080924855
8771,0.8798,2,1,2,676309,135,125702,554,0.0010692561145608922,0.8040638606676342
8772,0.8799,0,2,0,676311,133,125702,554,0.001053415283234064,0.8064046579330422
8773,0.88,4,1,4,676312,132,125706,550,0.0010454948675706502,0.8064516129032258
8774,0.8801,0,1,0,676313,131,125706,550,0.0010375744519072361,0.8076358296622613
8775,0.8802,2,0,2,676313,131,125708,548,0.0010375744519072361,0.8070692194403535
8776,0.8804,2,0,2,676313,131,125710,546,0.0010375744519072361,0.8064992614475628
8777,0.8805,1,1,1,676314,130,125711,545,0.001029654036243822,0.8074074074074075
8778,0.8806,3,0,3,676314,130,125714,542,0.001029654036243822,0.8065476190476191
8779,0.8807,3,0,3,676314,130,125717,539,0.001029654036243822,0.8056801195814649
8780,0.8808,1,1,1,676315,129,125718,538,0.001021733620580408,0.8065967016491754
8781,0.8809,1,0,1,676315,129,125719,537,0.001021733620580408,0.8063063063063063
8782,0.8811,2,1,2,676316,128,125721,535,0.001013813204916994,0.8069381598793364
8783,0.8812,2,1,2,676317,127,125723,533,0.00100589278925358,0.8075757575757576
8784,0.8813,2,1,2,676318,126,125725,531,0.000997972373590166,0.8082191780821918
8785,0.8814,1,0,1,676318,126,125726,530,0.000997972373590166,0.8079268292682927
8786,0.8815,3,0,3,676318,126,125729,527,0.000997972373590166,0.8070444104134763
8787,0.8816,3,0,3,676318,126,125732,524,0.000997972373590166,0.8061538461538461
8788,0.8817,3,0,3,676318,126,125735,521,0.000997972373590166,0.8052550231839258
8789,0.8818,2,0,2,676318,126,125737,519,0.000997972373590166,0.8046511627906977
8790,0.8819,1,0,1,676318,126,125738,518,0.000997972373590166,0.8043478260869565
8791,0.882,2,1,2,676319,125,125740,516,0.000990051957926752,0.8049921996879875
8792,0.8821,3,1,3,676320,124,125743,513,0.000982131542263338,0.8053375196232339
8793,0.8822,2,0,2,676320,124,125745,511,0.000982131542263338,0.8047244094488188
8794,0.8823,2,0,2,676320,124,125747,509,0.000982131542263338,0.8041074249605056
8795,0.8824,1,0,1,676320,124,125748,508,0.000982131542263338,0.8037974683544303
8796,0.8825,2,0,2,676320,124,125750,506,0.000982131542263338,0.8031746031746032
8797,0.8826,1,2,1,676322,122,125751,505,0.0009662907109365099,0.8054226475279107
8798,0.8827,2,1,2,676323,121,125753,503,0.000958370295273096,0.8060897435897436
8799,0.8828,4,1,4,676324,120,125757,499,0.0009504498796096819,0.8061389337641357
8800,0.8829,0,1,0,676325,119,125757,499,0.0009425294639462679,0.8074433656957929
8801,0.8831,2,0,2,676325,119,125759,497,0.0009425294639462679,0.8068181818181818
8802,0.8832,2,0,2,676325,119,125761,495,0.0009425294639462679,0.8061889250814332
8803,0.8834,1,0,1,676325,119,125762,494,0.0009425294639462679,0.8058727569331158
8804,0.8835,2,0,2,676325,119,125764,492,0.0009425294639462679,0.8052373158756138
8805,0.8836,1,0,1,676325,119,125765,491,0.0009425294639462679,0.8049180327868852
8806,0.8837,1,1,1,676326,118,125766,490,0.0009346090482828539,0.805921052631579
8807,0.8838,2,0,2,676326,118,125768,488,0.0009346090482828539,0.8052805280528053
8808,0.884,1,0,1,676326,118,125769,487,0.0009346090482828539,0.8049586776859504
8809,0.8841,6,1,6,676327,117,125775,481,0.0009266886326194399,0.8043478260869565
8810,0.8842,3,3,3,676330,114,125778,478,0.0009029273856291978,0.8074324324324325
8811,0.8843,1,2,1,676332,112,125779,477,0.0008870865543023698,0.8098471986417657
8812,0.8844,3,0,3,676332,112,125782,474,0.0008870865543023698,0.8088737201365188
8813,0.8846,3,0,3,676332,112,125785,471,0.0008870865543023698,0.8078902229845626
8814,0.8847,1,0,1,676332,112,125786,470,0.0008870865543023698,0.8075601374570447
8815,0.8849,1,0,1,676332,112,125787,469,0.0008870865543023698,0.8072289156626506
8816,0.885,1,0,1,676332,112,125788,468,0.0008870865543023698,0.8068965517241379
8817,0.8851,2,1,2,676333,111,125790,466,0.0008791661386389558,0.8076256499133448
8818,0.8853,2,1,2,676334,110,125792,464,0.0008712457229755417,0.8083623693379791
8819,0.8854,1,0,1,676334,110,125793,463,0.0008712457229755417,0.8080279232111692
8820,0.8855,0,4,0,676338,106,125793,463,0.0008395640603218857,0.8137082601054482
8821,0.8856,1,0,1,676338,106,125794,462,0.0008395640603218857,0.8133802816901409
8822,0.8857,1,0,1,676338,106,125795,461,0.0008395640603218857,0.8130511463844797
8823,0.8858,4,0,4,676338,106,125799,457,0.0008395640603218857,0.8117229129662522
8824,0.886,2,0,2,676338,106,125801,455,0.0008395640603218857,0.8110516934046346
8825,0.8861,1,1,1,676339,105,125802,454,0.0008316436446584716,0.8121645796064401
8826,0.8864,2,0,2,676339,105,125804,452,0.0008316436446584716,0.8114901256732495
8827,0.8865,2,0,2,676339,105,125806,450,0.0008316436446584716,0.8108108108108109
8828,0.8866,2,1,2,676340,104,125808,448,0.0008237232289950577,0.8115942028985508
8829,0.8867,2,0,2,676340,104,125810,446,0.0008237232289950577,0.8109090909090909
8830,0.8868,1,0,1,676340,104,125811,445,0.0008237232289950577,0.8105646630236795
8831,0.8869,1,0,1,676340,104,125812,444,0.0008237232289950577,0.8102189781021898
8832,0.887,4,1,4,676341,103,125816,440,0.0008158028133316436,0.8103130755064457
8833,0.8871,1,0,1,676341,103,125817,439,0.0008158028133316436,0.8099630996309963
8834,0.8873,2,0,2,676341,103,125819,437,0.0008158028133316436,0.8092592592592592
8835,0.8874,5,1,5,676342,102,125824,432,0.0008078823976682296,0.8089887640449438
8836,0.8875,0,1,0,676343,101,125824,432,0.0007999619820048156,0.8105065666041276
8837,0.8876,1,0,1,676343,101,125825,431,0.0007999619820048156,0.8101503759398496
8838,0.8877,2,0,2,676343,101,125827,429,0.0007999619820048156,0.809433962264151
8839,0.8879,0,1,0,676344,100,125827,429,0.0007920415663414016,0.8109640831758034
8840,0.888,2,0,2,676344,100,125829,427,0.0007920415663414016,0.8102466793168881
8841,0.8882,3,0,3,676344,100,125832,424,0.0007920415663414016,0.8091603053435115
8842,0.8884,2,0,2,676344,100,125834,422,0.0007920415663414016,0.8084291187739464
8843,0.8886,2,0,2,676344,100,125836,420,0.0007920415663414016,0.8076923076923077
8844,0.8887,1,0,1,676344,100,125837,419,0.0007920415663414016,0.8073217726396917
8845,0.8888,3,0,3,676344,100,125840,416,0.0007920415663414016,0.8062015503875969
8846,0.8889,1,0,1,676344,100,125841,415,0.0007920415663414016,0.8058252427184466
8847,0.889,0,1,0,676345,99,125841,415,0.0007841211506779876,0.8073929961089494
8848,0.8891,1,1,1,676346,98,125842,414,0.0007762007350145735,0.80859375
8849,0.8892,4,0,4,676346,98,125846,410,0.0007762007350145735,0.8070866141732284
8850,0.8893,2,0,2,676346,98,125848,408,0.0007762007350145735,0.8063241106719368
8851,0.8894,2,0,2,676346,98,125850,406,0.0007762007350145735,0.8055555555555556
8852,0.8897,4,1,4,676347,97,125854,402,0.0007682803193511595,0.8056112224448898
8853,0.8898,3,0,3,676347,97,125857,399,0.0007682803193511595,0.8044354838709677
8854,0.8899,1,1,1,676348,96,125858,398,0.0007603599036877456,0.805668016194332
8855,0.8901,1,0,1,676348,96,125859,397,0.0007603599036877456,0.8052738336713996
8856,0.8902,3,0,3,676348,96,125862,394,0.0007603599036877456,0.8040816326530612
8857,0.8904,2,0,2,676348,96,125864,392,0.0007603599036877456,0.8032786885245902
8858,0.8906,2,0,2,676348,96,125866,390,0.0007603599036877456,0.8024691358024691
8859,0.8907,1,1,1,676349,95,125867,389,0.0007524394880243315,0.8037190082644629
8860,0.8908,3,1,3,676350,94,125870,386,0.0007445190723609175,0.8041666666666667
8861,0.8909,2,0,2,676350,94,125872,384,0.0007445190723609175,0.803347280334728
8862,0.891,1,0,1,676350,94,125873,383,0.0007445190723609175,0.8029350104821803
8863,0.8911,2,0,2,676350,94,125875,381,0.0007445190723609175,0.8021052631578948
8864,0.8912,2,0,2,676350,94,125877,379,0.0007445190723609175,0.8012684989429175
8865,0.8913,1,0,1,676350,94,125878,378,0.0007445190723609175,0.8008474576271186
8866,0.8914,3,0,3,676350,94,125881,375,0.0007445190723609175,0.7995735607675906
8867,0.8915,1,0,1,676350,94,125882,374,0.0007445190723609175,0.7991452991452992
8868,0.8917,5,1,5,676351,93,125887,369,0.0007365986566975034,0.7987012987012987
8869,0.8918,1,0,1,676351,93,125888,368,0.0007365986566975034,0.7982646420824295
8870,0.892,2,0,2,676351,93,125890,366,0.0007365986566975034,0.7973856209150327
8871,0.8921,1,1,1,676352,92,125891,365,0.0007286782410340895,0.7986870897155361
8872,0.8922,2,0,2,676352,92,125893,363,0.0007286782410340895,0.7978021978021979
8873,0.8923,1,2,1,676354,90,125894,362,0.0007128374097072614,0.8008849557522124
8874,0.8924,1,0,1,676354,90,125895,361,0.0007128374097072614,0.8004434589800443
8875,0.8926,6,0,6,676354,90,125901,355,0.0007128374097072614,0.797752808988764
8876,0.8928,0,1,0,676355,89,125901,355,0.0007049169940438474,0.7995495495495496
8877,0.8929,1,0,1,676355,89,125902,354,0.0007049169940438474,0.7990970654627539
8878,0.8931,0,1,0,676356,88,125902,354,0.0006969965783804334,0.8009049773755657
8879,0.8932,2,1,2,676357,87,125904,352,0.0006890761627170194,0.8018223234624146
8880,0.8933,3,0,3,676357,87,125907,349,0.0006890761627170194,0.8004587155963303
8881,0.8934,0,3,0,676360,84,125907,349,0.0006653149157267774,0.8060046189376443
8882,0.8935,1,0,1,676360,84,125908,348,0.0006653149157267774,0.8055555555555556
8883,0.8936,2,0,2,676360,84,125910,346,0.0006653149157267774,0.8046511627906977
8884,0.8937,1,0,1,676360,84,125911,345,0.0006653149157267774,0.8041958041958042
8885,0.8938,3,0,3,676360,84,125914,342,0.0006653149157267774,0.8028169014084507
8886,0.8939,1,1,1,676361,83,125915,341,0.0006573945000633633,0.8042452830188679
8887,0.894,2,0,2,676361,83,125917,339,0.0006573945000633633,0.8033175355450237
8888,0.8942,1,0,1,676361,83,125918,338,0.0006573945000633633,0.8028503562945368
8889,0.8943,1,0,1,676361,83,125919,337,0.0006573945000633633,0.8023809523809524
8890,0.8944,1,0,1,676361,83,125920,336,0.0006573945000633633,0.801909307875895
8891,0.8945,1,1,1,676362,82,125921,335,0.0006494740843999493,0.8033573141486811
8892,0.8946,2,0,2,676362,82,125923,333,0.0006494740843999493,0.8024096385542169
8893,0.8948,1,0,1,676362,82,125924,332,0.0006494740843999493,0.8019323671497585
8894,0.895,1,0,1,676362,82,125925,331,0.0006494740843999493,0.801452784503632
8895,0.8951,1,0,1,676362,82,125926,330,0.0006494740843999493,0.8009708737864077
8896,0.8952,1,0,1,676362,82,125927,329,0.0006494740843999493,0.8004866180048662
8897,0.8953,4,0,4,676362,82,125931,325,0.0006494740843999493,0.7985257985257985
8898,0.8954,1,0,1,676362,82,125932,324,0.0006494740843999493,0.7980295566502463
8899,0.8956,1,0,1,676362,82,125933,323,0.0006494740843999493,0.7975308641975308
8900,0.8957,2,1,2,676363,81,125935,321,0.0006415536687365353,0.7985074626865671
8901,0.8958,3,0,3,676363,81,125938,318,0.0006415536687365353,0.7969924812030075
8902,0.8959,2,0,2,676363,81,125940,316,0.0006415536687365353,0.7959697732997482
8903,0.896,1,0,1,676363,81,125941,315,0.0006415536687365353,0.7954545454545454
8904,0.8961,1,0,1,676363,81,125942,314,0.0006415536687365353,0.7949367088607595
8905,0.8962,2,0,2,676363,81,125944,312,0.0006415536687365353,0.7938931297709924
8906,0.8963,1,0,1,676363,81,125945,311,0.0006415536687365353,0.7933673469387755
8907,0.8964,2,0,2,676363,81,125947,309,0.0006415536687365353,0.7923076923076923
8908,0.8965,2,0,2,676363,81,125949,307,0.0006415536687365353,0.7912371134020618
8909,0.8966,1,0,1,676363,81,125950,306,0.0006415536687365353,0.7906976744186046
8910,0.8967,1,0,1,676363,81,125951,305,0.0006415536687365353,0.7901554404145078
8911,0.8969,4,0,4,676363,81,125955,301,0.0006415536687365353,0.7879581151832461
8912,0.897,2,0,2,676363,81,125957,299,0.0006415536687365353,0.7868421052631579
8913,0.8971,1,0,1,676363,81,125958,298,0.0006415536687365353,0.7862796833773087
8914,0.8972,2,0,2,676363,81,125960,296,0.0006415536687365353,0.7851458885941645
8915,0.8973,1,0,1,676363,81,125961,295,0.0006415536687365353,0.7845744680851063
8916,0.8974,2,0,2,676363,81,125963,293,0.0006415536687365353,0.7834224598930482
8917,0.8976,1,1,1,676364,80,125964,292,0.0006336332530731213,0.7849462365591398
8918,0.8978,1,0,1,676364,80,125965,291,0.0006336332530731213,0.784366576819407
8919,0.8979,2,0,2,676364,80,125967,289,0.0006336332530731213,0.7831978319783198
8920,0.8981,1,0,1,676364,80,125968,288,0.0006336332530731213,0.782608695652174
8921,0.8982,0,1,0,676365,79,125968,288,0.0006257128374097073,0.784741144414169
8922,0.8983,2,1,2,676366,78,125970,286,0.0006177924217462932,0.7857142857142857
8923,0.8984,3,0,3,676366,78,125973,283,0.0006177924217462932,0.7839335180055401
8924,0.8986,1,0,1,676366,78,125974,282,0.0006177924217462932,0.7833333333333333
8925,0.8987,0,1,0,676367,77,125974,282,0.0006098720060828792,0.7855153203342619
8926,0.8988,2,0,2,676367,77,125976,280,0.0006098720060828792,0.7843137254901961
8927,0.8989,1,0,1,676367,77,125977,279,0.0006098720060828792,0.7837078651685393
8928,0.8991,1,0,1,676367,77,125978,278,0.0006098720060828792,0.7830985915492957
8929,0.8997,1,0,1,676367,77,125979,277,0.0006098720060828792,0.7824858757062146
8930,0.9,2,0,2,676367,77,125981,275,0.0006098720060828792,0.78125
8931,0.9001,3,0,3,676367,77,125984,272,0.0006098720060828792,0.7793696275071633
8932,0.9002,2,0,2,676367,77,125986,270,0.0006098720060828792,0.7780979827089337
8933,0.9003,2,1,2,676368,76,125988,268,0.0006019515904194653,0.7790697674418605
8934,0.9004,2,0,2,676368,76,125990,266,0.0006019515904194653,0.7777777777777778
8935,0.9005,0,2,0,676370,74,125990,266,0.0005861107590926372,0.7823529411764706
8936,0.9007,0,1,0,676371,73,125990,266,0.0005781903434292231,0.7846607669616519
8937,0.9008,0,1,0,676372,72,125990,266,0.0005702699277658091,0.7869822485207101
8938,0.9009,1,1,1,676373,71,125991,265,0.0005623495121023952,0.7886904761904762
8939,0.901,3,0,3,676373,71,125994,262,0.0005623495121023952,0.7867867867867868
8940,0.9012,1,0,1,676373,71,125995,261,0.0005623495121023952,0.786144578313253
8941,0.9014,2,1,2,676374,70,125997,259,0.0005544290964389811,0.7872340425531915
8942,0.9015,2,0,2,676374,70,125999,257,0.0005544290964389811,0.7859327217125383
8943,0.9017,1,1,1,676375,69,126000,256,0.0005465086807755671,0.7876923076923077
8944,0.9019,1,1,1,676376,68,126001,255,0.000538588265112153,0.7894736842105263
8945,0.9021,1,1,1,676377,67,126002,254,0.0005306678494487391,0.7912772585669782
8946,0.9022,1,2,1,676379,65,126003,253,0.000514827018121911,0.7955974842767296
8947,0.9023,1,0,1,676379,65,126004,252,0.000514827018121911,0.7949526813880127
8948,0.9024,1,0,1,676379,65,126005,251,0.000514827018121911,0.7943037974683544
8949,0.9025,1,0,1,676379,65,126006,250,0.000514827018121911,0.7936507936507936
8950,0.9026,0,1,0,676380,64,126006,250,0.000506906602458497,0.7961783439490446
8951,0.9027,2,1,2,676381,63,126008,248,0.000498986186795083,0.797427652733119
8952,0.9028,2,0,2,676381,63,126010,246,0.000498986186795083,0.7961165048543689
8953,0.903,1,0,1,676381,63,126011,245,0.000498986186795083,0.7954545454545454
8954,0.9031,2,0,2,676381,63,126013,243,0.000498986186795083,0.7941176470588235
8955,0.9032,0,1,0,676382,62,126013,243,0.000491065771131669,0.7967213114754098
8956,0.9033,1,0,1,676382,62,126014,242,0.000491065771131669,0.7960526315789473
8957,0.9034,1,1,1,676383,61,126015,241,0.00048314535546825497,0.7980132450331126
8958,0.9035,2,1,2,676384,60,126017,239,0.00047522493980484094,0.7993311036789298
8959,0.9038,1,0,1,676384,60,126018,238,0.00047522493980484094,0.7986577181208053
8960,0.904,4,0,4,676384,60,126022,234,0.00047522493980484094,0.7959183673469388
8961,0.9041,1,0,1,676384,60,126023,233,0.00047522493980484094,0.7952218430034129
8962,0.9042,1,0,1,676384,60,126024,232,0.00047522493980484094,0.7945205479452054
8963,0.9044,1,0,1,676384,60,126025,231,0.00047522493980484094,0.7938144329896907
8964,0.9045,3,0,3,676384,60,126028,228,0.00047522493980484094,0.7916666666666666
8965,0.9046,0,2,0,676386,58,126028,228,0.00045938410847801294,0.7972027972027972
8966,0.9047,3,0,3,676386,58,126031,225,0.00045938410847801294,0.7950530035335689
8967,0.9048,1,1,1,676387,57,126032,224,0.0004514636928145989,0.797153024911032
8968,0.9049,0,1,0,676388,56,126032,224,0.0004435432771511849,0.8
8969,0.905,1,0,1,676388,56,126033,223,0.0004435432771511849,0.7992831541218638
8970,0.9051,1,0,1,676388,56,126034,222,0.0004435432771511849,0.7985611510791367
8971,0.9052,3,0,3,676388,56,126037,219,0.0004435432771511849,0.7963636363636364
8972,0.9056,1,0,1,676388,56,126038,218,0.0004435432771511849,0.7956204379562044
8973,0.9059,1,0,1,676388,56,126039,217,0.0004435432771511849,0.7948717948717948
8974,0.906,2,0,2,676388,56,126041,215,0.0004435432771511849,0.7933579335793358
8975,0.9061,0,2,0,676390,54,126041,215,0.0004277024458243569,0.7992565055762082
8976,0.9062,3,0,3,676390,54,126044,212,0.0004277024458243569,0.7969924812030075
8977,0.9063,0,1,0,676391,53,126044,212,0.00041978203016094286,0.8
8978,0.9064,1,0,1,676391,53,126045,211,0.00041978203016094286,0.7992424242424242
8979,0.9065,1,1,1,676392,52,126046,210,0.00041186161449752884,0.8015267175572519
8980,0.9067,7,0,7,676392,52,126053,203,0.00041186161449752884,0.796078431372549
8981,0.9069,1,1,1,676393,51,126054,202,0.0004039411988341148,0.7984189723320159
8982,0.9071,3,0,3,676393,51,126057,199,0.0004039411988341148,0.796
8983,0.9072,4,0,4,676393,51,126061,195,0.0004039411988341148,0.7926829268292683
8984,0.9075,1,0,1,676393,51,126062,194,0.0004039411988341148,0.7918367346938775
8985,0.9076,3,1,3,676394,50,126065,191,0.0003960207831707008,0.7925311203319502
8986,0.9077,2,0,2,676394,50,126067,189,0.0003960207831707008,0.7907949790794979
8987,0.908,1,1,1,676395,49,126068,188,0.00038810036750728676,0.7932489451476793
8988,0.9082,1,0,1,676395,49,126069,187,0.00038810036750728676,0.7923728813559322
8989,0.9083,2,0,2,676395,49,126071,185,0.00038810036750728676,0.7905982905982906
8990,0.9084,1,0,1,676395,49,126072,184,0.00038810036750728676,0.7896995708154506
8991,0.9085,1,0,1,676395,49,126073,183,0.00038810036750728676,0.7887931034482759
8992,0.9086,3,0,3,676395,49,126076,180,0.00038810036750728676,0.7860262008733624
8993,0.9087,1,0,1,676395,49,126077,179,0.00038810036750728676,0.7850877192982456
8994,0.909,2,1,2,676396,48,126079,177,0.0003801799518438728,0.7866666666666666
8995,0.9093,1,0,1,676396,48,126080,176,0.0003801799518438728,0.7857142857142857
8996,0.9094,1,0,1,676396,48,126081,175,0.0003801799518438728,0.7847533632286996
8997,0.9095,2,0,2,676396,48,126083,173,0.0003801799518438728,0.7828054298642534
8998,0.9096,1,0,1,676396,48,126084,172,0.0003801799518438728,0.7818181818181819
8999,0.9097,1,0,1,676396,48,126085,171,0.0003801799518438728,0.7808219178082192
9000,0.9098,1,1,1,676397,47,126086,170,0.00037225953618045876,0.783410138248848
9001,0.9099,1,0,1,676397,47,126087,169,0.00037225953618045876,0.7824074074074074
9002,0.91,1,0,1,676397,47,126088,168,0.00037225953618045876,0.7813953488372093
9003,0.9102,1,0,1,676397,47,126089,167,0.00037225953618045876,0.780373831775701
9004,0.9103,1,0,1,676397,47,126090,166,0.00037225953618045876,0.7793427230046949
9005,0.9104,1,0,1,676397,47,126091,165,0.00037225953618045876,0.7783018867924528
9006,0.9105,2,2,2,676399,45,126093,163,0.0003564187048536307,0.7836538461538461
9007,0.9107,4,1,4,676400,44,126097,159,0.0003484982891902167,0.7832512315270936
9008,0.911,1,1,1,676401,43,126098,158,0.0003405778735268027,0.7860696517412935
9009,0.9111,1,0,1,676401,43,126099,157,0.0003405778735268027,0.785
9010,0.9112,2,0,2,676401,43,126101,155,0.0003405778735268027,0.7828282828282829
9011,0.9118,1,0,1,676401,43,126102,154,0.0003405778735268027,0.7817258883248731
9012,0.9119,1,0,1,676401,43,126103,153,0.0003405778735268027,0.7806122448979592
9013,0.912,1,2,1,676403,41,126104,152,0.00032473704219997465,0.7875647668393783
9014,0.9124,2,0,2,676403,41,126106,150,0.00032473704219997465,0.7853403141361257
9015,0.9126,1,1,1,676404,40,126107,149,0.0003168166265365606,0.7883597883597884
9016,0.9127,1,0,1,676404,40,126108,148,0.0003168166265365606,0.7872340425531915
9017,0.9129,2,1,2,676405,39,126110,146,0.0003088962108731466,0.7891891891891892
9018,0.9131,1,0,1,676405,39,126111,145,0.0003088962108731466,0.7880434782608695
9019,0.9132,1,0,1,676405,39,126112,144,0.0003088962108731466,0.7868852459016393
9020,0.9133,2,0,2,676405,39,126114,142,0.0003088962108731466,0.7845303867403315
9021,0.9134,1,1,1,676406,38,126115,141,0.00030097579520973263,0.7877094972067039
9022,0.9135,1,1,1,676407,37,126116,140,0.0002930553795463186,0.7909604519774012
9023,0.9136,1,0,1,676407,37,126117,139,0.0002930553795463186,0.7897727272727273
9024,0.9137,2,1,2,676408,36,126119,137,0.0002851349638829046,0.791907514450867
9025,0.9138,1,0,1,676408,36,126120,136,0.0002851349638829046,0.7906976744186046
9026,0.9142,0,1,0,676409,35,126120,136,0.00027721454821949055,0.7953216374269005
9027,0.9143,3,0,3,676409,35,126123,133,0.00027721454821949055,0.7916666666666666
9028,0.9145,2,0,2,676409,35,126125,131,0.00027721454821949055,0.7891566265060241
9029,0.9146,1,1,1,676410,34,126126,130,0.0002692941325560765,0.7926829268292683
9030,0.9147,1,0,1,676410,34,126127,129,0.0002692941325560765,0.7914110429447853
9031,0.9149,1,0,1,676410,34,126128,128,0.0002692941325560765,0.7901234567901234
9032,0.915,2,0,2,676410,34,126130,126,0.0002692941325560765,0.7875
9033,0.9153,0,1,0,676411,33,126130,126,0.00026137371689266255,0.7924528301886793
9034,0.9154,2,0,2,676411,33,126132,124,0.00026137371689266255,0.7898089171974523
9035,0.9157,2,2,2,676413,31,126134,122,0.0002455328855658345,0.7973856209150327
9036,0.9158,1,0,1,676413,31,126135,121,0.0002455328855658345,0.7960526315789473
9037,0.916,0,1,0,676414,30,126135,121,0.00023761246990242047,0.8013245033112583
9038,0.9161,4,0,4,676414,30,126139,117,0.00023761246990242047,0.7959183673469388
9039,0.9163,0,1,0,676415,29,126139,117,0.00022969205423900647,0.8013698630136986
9040,0.9165,1,0,1,676415,29,126140,116,0.00022969205423900647,0.8
9041,0.9166,1,0,1,676415,29,126141,115,0.00022969205423900647,0.7986111111111112
9042,0.9169,1,1,1,676416,28,126142,114,0.00022177163857559244,0.8028169014084507
9043,0.917,1,1,1,676417,27,126143,113,0.00021385122291217844,0.8071428571428572
9044,0.9172,1,0,1,676417,27,126144,112,0.00021385122291217844,0.8057553956834532
9045,0.9173,1,0,1,676417,27,126145,111,0.00021385122291217844,0.8043478260869565
9046,0.9174,1,0,1,676417,27,126146,110,0.00021385122291217844,0.8029197080291971
9047,0.9175,2,1,2,676418,26,126148,108,0.00020593080724876442,0.8059701492537313
9048,0.9177,1,0,1,676418,26,126149,107,0.00020593080724876442,0.8045112781954887
9049,0.9179,1,0,1,676418,26,126150,106,0.00020593080724876442,0.803030303030303
9050,0.918,1,0,1,676418,26,126151,105,0.00020593080724876442,0.8015267175572519
9051,0.9184,1,1,1,676419,25,126152,104,0.0001980103915853504,0.8062015503875969
9052,0.9187,1,0,1,676419,25,126153,103,0.0001980103915853504,0.8046875
9053,0.9189,1,0,1,676419,25,126154,102,0.0001980103915853504,0.8031496062992126
9054,0.919,1,1,1,676420,24,126155,101,0.0001900899759219364,0.808
9055,0.9191,1,1,1,676421,23,126156,100,0.00018216956025852237,0.8130081300813008
9056,0.9195,1,0,1,676421,23,126157,99,0.00018216956025852237,0.8114754098360656
9057,0.9197,1,0,1,676421,23,126158,98,0.00018216956025852237,0.8099173553719008
9058,0.9198,1,0,1,676421,23,126159,97,0.00018216956025852237,0.8083333333333333
9059,0.9199,2,0,2,676421,23,126161,95,0.00018216956025852237,0.8050847457627118
9060,0.92,2,0,2,676421,23,126163,93,0.00018216956025852237,0.8017241379310345
9061,0.9203,0,1,0,676422,22,126163,93,0.00017424914459510834,0.808695652173913
9062,0.9204,0,1,0,676423,21,126163,93,0.00016632872893169434,0.8157894736842105
9063,0.9208,2,0,2,676423,21,126165,91,0.00016632872893169434,0.8125
9064,0.9209,2,0,2,676423,21,126167,89,0.00016632872893169434,0.8090909090909091
9065,0.921,1,0,1,676423,21,126168,88,0.00016632872893169434,0.8073394495412844
9066,0.9211,1,0,1,676423,21,126169,87,0.00016632872893169434,0.8055555555555556
9067,0.9212,0,1,0,676424,20,126169,87,0.0001584083132682803,0.8130841121495327
9068,0.9213,1,0,1,676424,20,126170,86,0.0001584083132682803,0.8113207547169812
9069,0.9215,1,0,1,676424,20,126171,85,0.0001584083132682803,0.8095238095238095
9070,0.9218,2,0,2,676424,20,126173,83,0.0001584083132682803,0.8058252427184466
9071,0.922,1,0,1,676424,20,126174,82,0.0001584083132682803,0.803921568627451
9072,0.9223,1,0,1,676424,20,126175,81,0.0001584083132682803,0.801980198019802
9073,0.9224,3,0,3,676424,20,126178,78,0.0001584083132682803,0.7959183673469388
9074,0.9225,1,0,1,676424,20,126179,77,0.0001584083132682803,0.7938144329896907
9075,0.923,2,0,2,676424,20,126181,75,0.0001584083132682803,0.7894736842105263
9076,0.9231,1,0,1,676424,20,126182,74,0.0001584083132682803,0.7872340425531915
9077,0.9234,1,0,1,676424,20,126183,73,0.0001584083132682803,0.7849462365591398
9078,0.9236,1,1,1,676425,19,126184,72,0.00015048789760486631,0.7912087912087912
9079,0.9237,1,0,1,676425,19,126185,71,0.00015048789760486631,0.7888888888888889
9080,0.9247,2,0,2,676425,19,126187,69,0.00015048789760486631,0.7840909090909091
9081,0.9248,0,1,0,676426,18,126187,69,0.0001425674819414523,0.7931034482758621
9082,0.9259,0,1,0,676427,17,126187,69,0.00013464706627803826,0.8023255813953488
9083,0.926,2,0,2,676427,17,126189,67,0.00013464706627803826,0.7976190476190477
9084,0.9271,1,0,1,676427,17,126190,66,0.00013464706627803826,0.7951807228915663
9085,0.9279,1,0,1,676427,17,126191,65,0.00013464706627803826,0.7926829268292683
9086,0.928,1,0,1,676427,17,126192,64,0.00013464706627803826,0.7901234567901234
9087,0.9281,1,0,1,676427,17,126193,63,0.00013464706627803826,0.7875
9088,0.9283,1,0,1,676427,17,126194,62,0.00013464706627803826,0.7848101265822784
9089,0.9285,0,1,0,676428,16,126194,62,0.00012672665061462426,0.7948717948717948
9090,0.9287,1,0,1,676428,16,126195,61,0.00012672665061462426,0.7922077922077922
9091,0.9288,1,0,1,676428,16,126196,60,0.00012672665061462426,0.7894736842105263
9092,0.9293,2,0,2,676428,16,126198,58,0.00012672665061462426,0.7837837837837838
9093,0.9294,1,0,1,676428,16,126199,57,0.00012672665061462426,0.7808219178082192
9094,0.9297,0,1,0,676429,15,126199,57,0.00011880623495121023,0.7916666666666666
9095,0.93,1,0,1,676429,15,126200,56,0.00011880623495121023,0.7887323943661971
9096,0.9303,1,0,1,676429,15,126201,55,0.00011880623495121023,0.7857142857142857
9097,0.9305,1,0,1,676429,15,126202,54,0.00011880623495121023,0.782608695652174
9098,0.9309,1,0,1,676429,15,126203,53,0.00011880623495121023,0.7794117647058824
9099,0.931,1,0,1,676429,15,126204,52,0.00011880623495121023,0.7761194029850746
9100,0.9312,0,1,0,676430,14,126204,52,0.00011088581928779622,0.7878787878787878
9101,0.9313,0,1,0,676431,13,126204,52,0.00010296540362438221,0.8
9102,0.9316,1,0,1,676431,13,126205,51,0.00010296540362438221,0.796875
9103,0.9318,1,0,1,676431,13,126206,50,0.00010296540362438221,0.7936507936507936
9104,0.932,0,1,0,676432,12,126206,50,9.50449879609682e-05,0.8064516129032258
9105,0.9328,3,0,3,676432,12,126209,47,9.50449879609682e-05,0.7966101694915254
9106,0.9329,1,0,1,676432,12,126210,46,9.50449879609682e-05,0.7931034482758621
9107,0.9331,1,1,1,676433,11,126211,45,8.712457229755417e-05,0.8035714285714286
9108,0.934,1,0,1,676433,11,126212,44,8.712457229755417e-05,0.8
9109,0.9345,0,1,0,676434,10,126212,44,7.920415663414016e-05,0.8148148148148148
9110,0.935,1,0,1,676434,10,126213,43,7.920415663414016e-05,0.8113207547169812
9111,0.9352,1,0,1,676434,10,126214,42,7.920415663414016e-05,0.8076923076923077
9112,0.9355,2,0,2,676434,10,126216,40,7.920415663414016e-05,0.8
9113,0.9357,1,0,1,676434,10,126217,39,7.920415663414016e-05,0.7959183673469388
9114,0.9362,1,0,1,676434,10,126218,38,7.920415663414016e-05,0.7916666666666666
9115,0.9363,1,0,1,676434,10,126219,37,7.920415663414016e-05,0.7872340425531915
9116,0.9367,0,1,0,676435,9,126219,37,7.128374097072614e-05,0.8043478260869565
9117,0.9373,1,0,1,676435,9,126220,36,7.128374097072614e-05,0.8
9118,0.9375,1,0,1,676435,9,126221,35,7.128374097072614e-05,0.7954545454545454
9119,0.938,1,0,1,676435,9,126222,34,7.128374097072614e-05,0.7906976744186046
9120,0.9381,1,0,1,676435,9,126223,33,7.128374097072614e-05,0.7857142857142857
9121,0.9385,1,0,1,676435,9,126224,32,7.128374097072614e-05,0.7804878048780488
9122,0.9387,1,0,1,676435,9,126225,31,7.128374097072614e-05,0.775
9123,0.9396,1,0,1,676435,9,126226,30,7.128374097072614e-05,0.7692307692307693
9124,0.9403,1,0,1,676435,9,126227,29,7.128374097072614e-05,0.7631578947368421
9125,0.9405,0,1,0,676436,8,126227,29,6.336332530731213e-05,0.7837837837837838
9126,0.9408,1,0,1,676436,8,126228,28,6.336332530731213e-05,0.7777777777777778
9127,0.9413,1,0,1,676436,8,126229,27,6.336332530731213e-05,0.7714285714285715
9128,0.9415,1,0,1,676436,8,126230,26,6.336332530731213e-05,0.7647058823529411
9129,0.9423,1,0,1,676436,8,126231,25,6.336332530731213e-05,0.7575757575757576
9130,0.9426,0,1,0,676437,7,126231,25,5.544290964389811e-05,0.78125
9131,0.9427,0,1,0,676438,6,126231,25,4.75224939804841e-05,0.8064516129032258
9132,0.9428,3,0,3,676438,6,126234,22,4.75224939804841e-05,0.7857142857142857
9133,0.9434,1,0,1,676438,6,126235,21,4.75224939804841e-05,0.7777777777777778
9134,0.9437,0,1,0,676439,5,126235,21,3.960207831707008e-05,0.8076923076923077
9135,0.9445,2,0,2,676439,5,126237,19,3.960207831707008e-05,0.7916666666666666
9136,0.9453,1,0,1,676439,5,126238,18,3.960207831707008e-05,0.782608695652174
9137,0.9454,1,1,1,676440,4,126239,17,3.1681662653656065e-05,0.8095238095238095
9138,0.9457,1,0,1,676440,4,126240,16,3.1681662653656065e-05,0.8
9139,0.9461,1,0,1,676440,4,126241,15,3.1681662653656065e-05,0.7894736842105263
9140,0.9465,0,1,0,676441,3,126241,15,2.376124699024205e-05,0.8333333333333334
9141,0.9483,1,0,1,676441,3,126242,14,2.376124699024205e-05,0.8235294117647058
9142,0.9496,1,0,1,676441,3,126243,13,2.376124699024205e-05,0.8125
9143,0.9503,1,0,1,676441,3,126244,12,2.376124699024205e-05,0.8
9144,0.9508,1,0,1,676441,3,126245,11,2.376124699024205e-05,0.7857142857142857
9145,0.9511,1,0,1,676441,3,126246,10,2.376124699024205e-05,0.7692307692307693
9146,0.9522,1,0,1,676441,3,126247,9,2.376124699024205e-05,0.75
9147,0.9523,1,0,1,676441,3,126248,8,2.376124699024205e-05,0.7272727272727273
9148,0.9532,0,1,0,676442,2,126248,8,1.5840831326828033e-05,0.8
9149,0.9548,1,0,1,676442,2,126249,7,1.5840831326828033e-05,0.7777777777777778
9150,0.9569,1,0,1,676442,2,126250,6,1.5840831326828033e-05,0.75
9151,0.9578,0,1,0,676443,1,126250,6,7.920415663414016e-06,0.8571428571428571
9152,0.9599,1,0,1,676443,1,126251,5,7.920415663414016e-06,0.8333333333333334
9153,0.9608,1,0,1,676443,1,126252,4,7.920415663414016e-06,0.8
9154,0.9661,1,0,1,676443,1,126253,3,7.920415663414016e-06,0.75
9155,0.9672,1,0,1,676443,1,126254,2,7.920415663414016e-06,0.6666666666666666
9156,0.9673,0,1,0,676444,0,126254,2,0.0,1.0
9157,0.9707,1,0,1,676444,0,126255,1,0.0,1.0
9158,0.9712,1,0,1,676444,0,126256,0,0.0,
