,y_proba,y_test,Neg,Pos,TN,FP,FN,TP,FP/P,Prec
0,0.0016,0,1,0,1,676443,0,126256,5.357709732606767,0.15728934507206313
1,0.0026,0,1,0,2,676442,0,126256,5.357701812191104,0.15728954102290027
2,0.0033,0,1,0,3,676441,0,126256,5.35769389177544,0.15728973697422563
3,0.0034,0,1,0,4,676440,0,126256,5.357685971359777,0.15728993292603924
4,0.0036,0,1,0,5,676439,0,126256,5.357678050944114,0.1572901288783411
5,0.004,0,1,0,6,676438,0,126256,5.35767013052845,0.15729032483113117
6,0.0041,0,1,0,7,676437,0,126256,5.357662210112787,0.15729052078440947
7,0.0044,0,1,0,8,676436,0,126256,5.357654289697123,0.15729071673817605
8,0.0045,0,2,0,10,676434,0,126256,5.357638448865797,0.15729110864717388
9,0.0046,0,1,0,11,676433,0,126256,5.357630528450133,0.15729130460240517
10,0.0047,0,1,0,12,676432,0,126256,5.35762260803447,0.1572915005581247
11,0.0048,0,1,0,13,676431,0,126256,5.357614687618806,0.15729169651433247
12,0.0049,0,3,0,16,676428,0,126256,5.357590926371816,0.15729228438588536
13,0.005,0,2,0,18,676426,0,126256,5.357575085540489,0.15729267630269522
14,0.0051,0,3,0,21,676423,0,126256,5.357551324293499,0.15729326418157197
15,0.0052,0,2,0,23,676421,0,126256,5.357535483462172,0.15729365610326446
16,0.0053,0,2,0,25,676419,0,126256,5.357519642630845,0.15729404802691002
17,0.0054,0,2,0,27,676417,0,126256,5.357503801799519,0.1572944399525087
18,0.0055,0,2,0,29,676415,0,126256,5.357487960968192,0.15729483188006044
19,0.0056,0,1,0,30,676414,0,126256,5.357480040552528,0.15729502784456875
20,0.0057,1,2,1,32,676412,1,126255,5.357464199721202,0.15729436989436466
21,0.0058,0,1,0,33,676411,1,126255,5.357456279305538,0.15729456585927398
22,0.0059,0,4,0,37,676407,1,126255,5.3574245976428845,0.15729534972379408
23,0.006,0,2,0,39,676405,1,126255,5.357408756811558,0.15729574165898388
24,0.0061,0,4,0,43,676401,1,126255,5.357377075148904,0.15729652553522305
25,0.0062,0,3,0,46,676398,1,126255,5.357353313901913,0.15729711344752964
26,0.0063,0,4,0,50,676394,1,126255,5.35732163223926,0.1572978973374414
27,0.0064,0,3,0,53,676391,1,126255,5.357297870992269,0.15729848526000254
28,0.0065,0,5,0,58,676386,1,126255,5.357258268913952,0.15729946514070425
29,0.0066,0,2,0,60,676384,1,126255,5.357242428082626,0.15729985709640323
30,0.0067,0,3,0,63,676381,1,126255,5.357218666835635,0.15730044503361423
31,0.0068,0,7,0,70,676374,1,126255,5.357163223925991,0.1573018169041986
32,0.0069,0,5,0,75,676369,1,126255,5.357123621847674,0.15730279682640938
33,0.007,1,5,1,80,676364,2,126254,5.357084019769357,0.1573027268264604
34,0.0071,0,6,0,86,676358,2,126254,5.357036497275377,0.15730390275749678
35,0.0072,0,6,0,92,676352,2,126254,5.356988974781396,0.15730507870611482
36,0.0073,0,5,0,97,676347,2,126254,5.356949372703079,0.15730605867672728
37,0.0074,0,12,0,109,676335,2,126254,5.356854327715118,0.15730841065601447
38,0.0075,0,4,0,113,676331,2,126254,5.356822646052465,0.15730919466473955
39,0.0076,0,12,0,125,676319,2,126254,5.356727601064504,0.15731154673780454
40,0.0077,0,9,0,134,676310,2,126254,5.356656317323533,0.15731331083876177
41,0.0078,0,8,0,142,676302,2,126254,5.356592953998226,0.1573148789617173
42,0.0079,0,7,0,149,676295,2,126254,5.356537511088582,0.1573162510949487
43,0.008,0,8,0,157,676287,2,126254,5.356474147763275,0.15731781927652294
44,0.0081,0,15,0,172,676272,2,126254,5.356355341528324,0.15732075970124332
45,0.0082,0,5,0,177,676267,2,126254,5.3563157394500065,0.15732173986724335
46,0.0083,0,5,0,182,676262,2,126254,5.356276137371689,0.15732272004545703
47,0.0084,0,19,0,201,676243,2,126254,5.356125649474085,0.1573264448340617
48,0.0085,0,13,0,214,676230,2,126254,5.35602268407046,0.15732899347525933
49,0.0086,0,15,0,229,676215,2,126254,5.355903877835509,0.15733193431771197
50,0.0087,0,14,0,243,676201,2,126254,5.355792992016221,0.1573346792031952
51,0.0088,1,11,1,254,676190,3,126253,5.355705867443923,0.15733578584397895
52,0.0089,0,10,0,264,676180,3,126253,5.355626663287289,0.157337746578219
53,0.009,1,11,1,275,676169,4,126252,5.355539538714992,0.15733885329521535
54,0.0091,0,18,0,293,676151,4,126252,5.35539697123305,0.1573423828176116
55,0.0092,0,15,0,308,676136,4,126252,5.355278164998099,0.15734532420724137
56,0.0093,1,12,1,320,676124,5,126251,5.355183120010138,0.15734662720049852
57,0.0094,1,9,1,329,676115,6,126250,5.355111836269168,0.15734734192044766
58,0.0095,0,16,0,345,676099,6,126250,5.354985109618553,0.1573504796541156
59,0.0096,0,17,0,362,676082,6,126250,5.354850462552275,0.15735381363325904
60,0.0097,0,21,0,383,676061,6,126250,5.354684133823343,0.15735793227314596
61,0.0098,0,15,0,398,676046,6,126250,5.354565327588392,0.15736087429078544
62,0.0099,0,15,0,413,676031,6,126250,5.354446521353441,0.15736381641843694
63,0.01,0,11,0,424,676020,6,126250,5.354359396781143,0.157365974048637
64,0.0101,1,18,1,442,676002,7,126249,5.354216829299202,0.15736845451111933
65,0.0102,0,10,0,452,675992,7,126249,5.354137625142568,0.1573704161218387
66,0.0103,0,25,0,477,675967,7,126249,5.353939614750982,0.1573753203625956
67,0.0104,0,23,0,500,675944,7,126249,5.353757445190723,0.15737983253406598
68,0.0105,0,17,0,517,675927,7,126249,5.353622798124445,0.15738316778362854
69,0.0106,0,26,0,543,675901,7,126249,5.353416867317197,0.15738826902698996
70,0.0107,1,20,1,563,675881,8,126248,5.3532584590039285,0.15739114282116717
71,0.0108,2,23,2,586,675858,10,126246,5.35307628944367,0.15739355495048024
72,0.0109,0,23,0,609,675835,10,126246,5.352894119883412,0.1573980682748999
73,0.011,0,21,0,630,675814,10,126246,5.3527277911544795,0.15740218936239184
74,0.0111,1,26,1,656,675788,11,126245,5.352521860347231,0.15740624138907003
75,0.0112,0,37,0,693,675751,11,126245,5.352228804967685,0.15741350330924345
76,0.0113,0,27,0,720,675724,11,126245,5.3520149537447725,0.15741880297118716
77,0.0114,0,36,0,756,675688,11,126245,5.35172981878089,0.15742586974223532
78,0.0115,0,29,0,785,675659,11,126245,5.35150012672665,0.15743156288034477
79,0.0116,0,28,0,813,675631,11,126245,5.351278355088075,0.15743706009407937
80,0.0117,0,21,0,834,675610,11,126245,5.351112026359143,0.1574411832563244
81,0.0118,1,34,1,868,675576,12,126244,5.350842732226587,0.1574468085106383
82,0.0119,0,23,0,891,675553,12,126244,5.350660562666329,0.15745132496130568
83,0.012,0,16,0,907,675537,12,126244,5.350533836015714,0.15745446699285714
84,0.0121,0,30,0,937,675507,12,126244,5.350296223545811,0.15746035864002664
85,0.0122,1,28,1,965,675479,13,126243,5.350074451907236,0.1574648070029262
86,0.0123,0,32,0,997,675447,13,126243,5.349820998606007,0.15747109231747933
87,0.0124,0,41,0,1038,675406,13,126243,5.349496261563807,0.1574791461100806
88,0.0125,2,33,2,1071,675373,15,126241,5.349234887846914,0.15748352698430915
89,0.0126,1,34,1,1105,675339,16,126240,5.348965593714358,0.15748915577878164
90,0.0127,0,34,0,1139,675305,16,126240,5.348696299581802,0.15749583616640364
91,0.0128,2,40,2,1179,675265,18,126238,5.3483794829552656,0.157501593880497
92,0.0129,0,44,0,1223,675221,18,126238,5.348030984666075,0.15751024069852607
93,0.013,0,31,0,1254,675190,18,126238,5.347785451780509,0.15751633334497922
94,0.0131,0,41,0,1295,675149,18,126238,5.347460714738309,0.15752439208522226
95,0.0132,2,47,2,1342,675102,20,126236,5.347088455202129,0.15753152851855273
96,0.0133,0,51,0,1393,675051,20,126236,5.346684514003295,0.15754155502335618
97,0.0134,0,45,0,1438,675006,20,126236,5.346328095298441,0.15755040299934353
98,0.0135,1,43,1,1481,674963,21,126235,5.3459875174249145,0.15755780718374235
99,0.0136,1,39,1,1520,674924,22,126234,5.3456786212140415,0.1575644254940973
100,0.0137,2,49,2,1569,674875,24,126232,5.345290520846534,0.15757195980062588
101,0.0138,1,44,1,1613,674831,25,126231,5.344942022557344,0.157579563129945
102,0.0139,1,29,1,1642,674802,26,126230,5.344712330503105,0.15758421636089445
103,0.014,0,46,0,1688,674756,26,126230,5.3443479913825875,0.15759326629928613
104,0.0141,3,57,3,1745,674699,29,126227,5.343896527689773,0.1576013264646172
105,0.0142,0,49,0,1794,674650,29,126227,5.3435084273222655,0.15761096897526086
106,0.0143,2,50,2,1844,674600,31,126225,5.343112406539095,0.15761870570973682
107,0.0144,0,46,0,1890,674554,31,126225,5.3427480674185786,0.15762775996873044
108,0.0145,2,50,2,1940,674504,33,126223,5.3423520466354075,0.15763549874051955
109,0.0146,1,49,1,1989,674455,34,126222,5.3419639462679,0.15764409368571847
110,0.0147,1,48,1,2037,674407,35,126221,5.341583766316056,0.15765249279315738
111,0.0148,0,42,0,2079,674365,35,126221,5.341251108858193,0.15766076349074304
112,0.0149,2,46,2,2125,674319,37,126219,5.340886769737676,0.1576677184593361
113,0.015,0,34,0,2159,674285,37,126219,5.34061747560512,0.15767441511847535
114,0.0151,1,39,1,2198,674246,38,126218,5.340308579394247,0.15768104499390354
115,0.0152,1,51,1,2249,674195,39,126217,5.339904638195413,0.15769003962959077
116,0.0153,0,46,0,2295,674149,39,126217,5.339540299074895,0.1576991026605328
117,0.0154,0,48,0,2343,674101,39,126217,5.3391601191230516,0.1577085608470633
118,0.0155,1,54,1,2397,674047,40,126216,5.338732416677227,0.1577181501581355
119,0.0156,1,52,1,2449,673995,41,126215,5.3383205550627295,0.15772734657152498
120,0.0157,1,66,1,2515,673929,42,126214,5.337797807628944,0.15773930409939224
121,0.0158,2,64,2,2579,673865,44,126212,5.337290901026486,0.15774981658015416
122,0.0159,2,60,2,2639,673805,46,126210,5.336815676086681,0.15775954200858733
123,0.016,1,57,1,2696,673748,47,126209,5.336364212393867,0.1577697301229941
124,0.0161,1,50,1,2746,673698,48,126208,5.335968191610696,0.15777853897832994
125,0.0162,2,48,2,2794,673650,50,126206,5.335588011658852,0.1577859014622632
126,0.0163,1,55,1,2849,673595,51,126205,5.335152388797364,0.1577956989247312
127,0.0164,0,74,0,2923,673521,51,126205,5.334566278038271,0.1578103000277595
128,0.0165,0,62,0,2985,673459,51,126205,5.33407521226714,0.15782253546489525
129,0.0166,2,53,2,3038,673406,53,126203,5.333655430236979,0.15783088984741292
130,0.0167,1,73,1,3111,673333,54,126202,5.33307723989355,0.15784424696855048
131,0.0168,2,60,2,3171,673273,56,126200,5.3326020149537445,0.15785398631348402
132,0.0169,2,66,2,3237,673207,58,126198,5.332079267519959,0.15786491202832106
133,0.017,1,64,1,3301,673143,59,126197,5.331572360917501,0.15787649811094154
134,0.0171,1,70,1,3371,673073,60,126196,5.331017931821062,0.1578892713216702
135,0.0172,2,73,2,3444,673000,62,126194,5.330439741477632,0.1579015858477416
136,0.0173,1,83,1,3527,672917,63,126193,5.329782346977569,0.1579169325875036
137,0.0174,2,80,2,3607,672837,65,126191,5.329148713724496,0.1579306357224027
138,0.0175,0,60,0,3667,672777,65,126191,5.328673488784691,0.1579424958196073
139,0.0176,2,78,2,3745,672699,67,126189,5.328055696362945,0.15795580857391775
140,0.0177,2,58,2,3803,672641,69,126187,5.327596312254467,0.15796516897254478
141,0.0178,2,66,2,3869,672575,71,126185,5.327073564820682,0.1579761129751114
142,0.0179,4,77,4,3946,672498,75,126181,5.326463692814599,0.15798712624220745
143,0.018,1,70,1,4016,672428,76,126180,5.3259092637181595,0.15799991986055736
144,0.0181,1,80,1,4096,672348,77,126179,5.325275630465087,0.1580146945563519
145,0.0182,0,64,0,4160,672284,77,126179,5.324768723862628,0.1580273600655259
146,0.0183,1,78,1,4238,672206,78,126178,5.324150931440882,0.15804174432353355
147,0.0184,2,89,2,4327,672117,80,126176,5.323446014446838,0.158057254667146
148,0.0185,1,76,1,4403,672041,81,126175,5.322844062856419,0.1580712488850136
149,0.0186,1,62,1,4465,671979,82,126174,5.322352997085287,0.15808247290932942
150,0.0187,0,97,0,4562,671882,82,126174,5.321584716765936,0.15810168709965217
151,0.0188,2,79,2,4641,671803,84,126172,5.320959003928526,0.1581152291738463
152,0.0189,3,79,3,4720,671724,87,126169,5.320333291091116,0.15812771887959914
153,0.019,1,84,1,4804,671640,88,126168,5.319667976175389,0.15814331267673426
154,0.0191,1,97,1,4901,671543,89,126167,5.318899695856039,0.15816148725727394
155,0.0192,2,72,2,4973,671471,91,126165,5.3183294259282725,0.1581736531450436
156,0.0193,1,97,1,5070,671374,92,126164,5.317561145608922,0.1581918353733615
157,0.0194,5,92,5,5162,671282,97,126159,5.316832467367887,0.15820480762840136
158,0.0195,0,85,0,5247,671197,97,126159,5.316159232036497,0.15822167262803566
159,0.0196,3,89,3,5336,671108,100,126156,5.315454315042453,0.15823616769351181
160,0.0197,1,75,1,5411,671033,101,126155,5.314860283867698,0.15824999874559076
161,0.0198,2,102,2,5513,670931,103,126153,5.314052401470029,0.15826813736067968
162,0.0199,2,72,2,5585,670859,105,126151,5.313482131542263,0.1582803227061141
163,0.02,3,100,3,5685,670759,108,126148,5.312690089975922,0.15829701583748165
164,0.0201,3,92,3,5777,670667,111,126145,5.311961411734888,0.15831212381339638
165,0.0202,0,94,0,5871,670573,111,126145,5.311216892662527,0.15833080211567957
166,0.0203,5,99,5,5970,670474,116,126140,5.310432771511849,0.1583451960422488
167,0.0204,2,92,2,6062,670382,118,126138,5.309704093270815,0.15836137196806108
168,0.0205,6,104,6,6166,670278,124,126132,5.30888037004182,0.15837571100312653
169,0.0206,3,105,3,6271,670173,127,126129,5.308048726397161,0.15839342360059375
170,0.0207,1,89,1,6360,670084,128,126128,5.307343809403117,0.15841007168944954
171,0.0208,2,111,2,6471,669973,130,126126,5.306464643264478,0.15843004450451514
172,0.0209,1,91,1,6562,669882,131,126125,5.3057438854391075,0.15844709908329951
173,0.021,4,104,4,6666,669778,135,126121,5.304920162210113,0.15846357389568275
174,0.0211,3,103,3,6769,669675,138,126118,5.304104359396781,0.15848091149331547
175,0.0212,2,114,2,6883,669561,140,126116,5.303201432011152,0.1585015024941025
176,0.0213,6,98,6,6981,669463,146,126110,5.302425231276137,0.15851468061384688
177,0.0214,7,96,7,7077,669367,153,126103,5.3016648713724495,0.15852640577268784
178,0.0215,4,104,4,7181,669263,157,126099,5.300841148143455,0.15854290247711106
179,0.0216,4,119,4,7300,669144,161,126095,5.299898618679508,0.1585623944499704
180,0.0217,3,114,3,7414,669030,164,126092,5.298995691293879,0.15858195346122986
181,0.0218,2,101,2,7515,668929,166,126090,5.298195729311875,0.1585999831450569
182,0.0219,1,109,1,7624,668820,167,126089,5.297332404004562,0.15862067230337057
183,0.022,0,125,0,7749,668695,167,126089,5.2963423520466355,0.1586456194387406
184,0.0221,1,127,1,7876,668568,168,126088,5.295336459257382,0.15866991503241654
185,0.0222,6,107,6,7983,668461,174,126082,5.294488974781396,0.1586849295758694
186,0.0223,3,98,3,8081,668363,177,126079,5.293712774046382,0.158701327472616
187,0.0224,3,95,3,8176,668268,180,126076,5.292960334558358,0.15871713010987684
188,0.0225,2,120,2,8296,668148,182,126074,5.292009884678748,0.15873899237240974
189,0.0226,2,109,2,8405,668039,184,126072,5.291146559371436,0.15875866220213547
190,0.0227,7,113,7,8518,667926,191,126065,5.29025155240147,0.15877384000574313
191,0.0228,2,109,2,8627,667817,193,126063,5.2893882270941575,0.15879352043129943
192,0.0229,0,106,0,8733,667711,193,126063,5.288548663033836,0.15881472560199755
193,0.023,2,120,2,8853,667591,195,126061,5.287598213154227,0.15883661856833978
194,0.0231,1,118,1,8971,667473,196,126060,5.286663604105944,0.15885917787918083
195,0.0232,3,133,3,9104,667340,199,126057,5.28561018882271,0.15888262748661766
196,0.0233,3,125,3,9229,667215,202,126054,5.284620136864783,0.15890448259039494
197,0.0234,7,130,7,9359,667085,209,126047,5.283590482828539,0.15892310485518174
198,0.0235,2,121,2,9480,666964,211,126045,5.282632112533266,0.15894523265183624
199,0.0236,0,106,0,9586,666858,211,126045,5.281792548472944,0.15896648139810293
200,0.0237,2,121,2,9707,666737,213,126043,5.28083417817767,0.15898862231640556
201,0.0238,3,119,3,9826,666618,216,126040,5.279891648713725,0.15900930792346762
202,0.0239,5,140,5,9966,666478,221,126035,5.278782790520847,0.15903209158714116
203,0.024,3,128,3,10094,666350,224,126032,5.2777689773159295,0.15905459740377748
204,0.0241,2,135,2,10229,666215,226,126030,5.276699721201369,0.1590795776559019
205,0.0242,3,131,3,10360,666084,229,126027,5.275662146749461,0.15910270151531794
206,0.0243,3,138,3,10498,665946,232,126024,5.274569129387911,0.15912723966816925
207,0.0244,2,129,2,10627,665817,234,126022,5.27354739576733,0.15915103954212914
208,0.0245,1,164,1,10791,665653,235,126021,5.27224844759853,0.15918294651586384
209,0.0246,3,147,3,10938,665506,238,126018,5.271084146496008,0.159209322774799
210,0.0247,1,140,1,11078,665366,239,126017,5.26997528830313,0.15923642534651364
211,0.0248,9,127,9,11205,665239,248,126008,5.268969395513877,0.15925242054630223
212,0.0249,2,141,2,11346,665098,250,126006,5.267852616905335,0.15927867890947334
213,0.025,3,116,3,11462,664982,253,126003,5.266933848688379,0.15929884890358223
214,0.0251,2,117,2,11579,664865,255,126001,5.26600716005576,0.15932028940427329
215,0.0252,4,158,4,11737,664707,259,125997,5.26475573438094,0.15934787227584532
216,0.0253,1,145,1,11882,664562,260,125996,5.263607274109745,0.15937603566088762
217,0.0254,4,139,4,12021,664423,264,125992,5.262506336332531,0.15939980896111536
218,0.0255,3,132,3,12153,664291,267,125989,5.26146084146496,0.15942324239510047
219,0.0256,7,142,7,12295,664149,274,125982,5.260336142440755,0.1594444465537993
220,0.0257,6,149,6,12444,664000,280,125976,5.2591560005069065,0.15946813574083263
221,0.0258,3,121,3,12565,663879,283,125973,5.258197630211633,0.1594893726926057
222,0.0259,3,152,3,12717,663727,286,125970,5.256993727030794,0.1595168779924452
223,0.026,1,131,1,12848,663596,287,125969,5.255956152578888,0.15954227960965847
224,0.0261,2,145,2,12993,663451,289,125967,5.2548076923076925,0.1595694549655569
225,0.0262,7,134,7,13127,663317,296,125960,5.2537463566087945,0.15958909229586063
226,0.0263,3,167,3,13294,663150,299,125957,5.252423647193004,0.1596196713500197
227,0.0264,11,145,11,13439,663005,310,125946,5.251275186921809,0.15963729052881612
228,0.0265,3,132,3,13571,662873,313,125943,5.250229692054239,0.15966080809719885
229,0.0266,5,153,5,13724,662720,318,125938,5.249017868457737,0.15968645471167478
230,0.0267,6,154,6,13878,662566,324,125932,5.247798124445571,0.15971124847494858
231,0.0268,10,141,10,14019,662425,334,125922,5.24668134583703,0.15972915480112185
232,0.0269,6,144,6,14163,662281,340,125916,5.245540805981498,0.15975194018754194
233,0.027,5,156,5,14319,662125,345,125911,5.2443052211380055,0.1597782334817191
234,0.0271,6,148,6,14467,661977,351,125905,5.24313299961982,0.1598018485001561
235,0.0272,9,142,9,14609,661835,360,125896,5.242008300595615,0.15982105566494145
236,0.0273,2,163,2,14772,661672,362,125894,5.2407172728424785,0.15985199970542152
237,0.0274,3,173,3,14945,661499,365,125891,5.239347040932708,0.15988392029362833
238,0.0275,3,142,3,15087,661357,368,125888,5.238222341908504,0.1599095580156114
239,0.0276,3,167,3,15254,661190,371,125885,5.2368996324927135,0.1599402852333005
240,0.0277,3,142,3,15396,661048,374,125882,5.235774933468509,0.1599659436036242
241,0.0278,2,141,2,15537,660907,376,125880,5.234658154859967,0.15999247572722985
242,0.0279,2,167,2,15704,660740,378,125878,5.233335445444177,0.16002430658845843
243,0.028,8,136,8,15840,660604,386,125870,5.232258268913952,0.1600434343665525
244,0.0281,8,150,8,15990,660454,394,125862,5.23107020656444,0.1600654189918557
245,0.0282,10,163,10,16153,660291,404,125852,5.229779178811304,0.1600879229351403
246,0.0283,5,140,5,16293,660151,409,125847,5.228670320618426,0.16011109443026572
247,0.0284,3,166,3,16459,659985,412,125844,5.227355531618299,0.16014171021939888
248,0.0285,7,158,7,16617,659827,419,125837,5.22610410594348,0.1601664324698599
249,0.0286,2,159,2,16776,659668,421,125835,5.2248447598529975,0.16019671471655741
250,0.0287,9,184,9,16960,659484,430,125826,5.223387403370929,0.1602246246705123
251,0.0288,8,175,8,17135,659309,438,125818,5.222001330629832,0.16025178092206738
252,0.0289,2,164,2,17299,659145,440,125816,5.220702382461032,0.16028312234620573
253,0.029,8,163,8,17462,658982,448,125808,5.219411354707895,0.1603078530562316
254,0.0291,10,169,10,17631,658813,458,125798,5.218072804460778,0.16033168028488
255,0.0292,7,172,7,17803,658641,465,125791,5.216710492966671,0.1603593428111041
256,0.0293,9,155,9,17958,658486,474,125782,5.215482828538842,0.16038140023563374
257,0.0294,6,170,6,18128,658316,480,125776,5.214136357876061,0.16040974783571316
258,0.0295,8,149,8,18277,658167,488,125768,5.212956215942213,0.16043166844189888
259,0.0296,8,195,8,18472,657972,496,125760,5.211411734887847,0.16046301541853591
260,0.0297,7,197,7,18669,657775,503,125753,5.209851413002155,0.16049585975229985
261,0.0298,6,164,6,18833,657611,509,125747,5.208552464833354,0.16052303033861912
262,0.0299,9,144,9,18977,657467,518,125738,5.207411924977823,0.16054289745341258
263,0.03,10,159,10,19136,657308,528,125728,5.20615257888734,0.16056477607670655
264,0.0301,3,194,3,19330,657114,531,125725,5.204616018248638,0.16060134970281245
265,0.0302,7,174,7,19504,656940,538,125718,5.203237865923204,0.16062954700520535
266,0.0303,5,157,5,19661,656783,543,125713,5.201994360664048,0.16065641230114913
267,0.0304,5,188,5,19849,656595,548,125708,5.200505322519326,0.1606896560539842
268,0.0305,5,192,5,20041,656403,553,125703,5.19898460271195,0.16072373821451313
269,0.0306,5,194,5,20235,656209,558,125698,5.197448042073248,0.16075824874313696
270,0.0307,6,181,6,20416,656028,564,125692,5.19601444683817,0.1607890293199611
271,0.0308,6,217,6,20633,655811,570,125686,5.19429571663921,0.16082723286205833
272,0.0309,7,185,7,20818,655626,577,125679,5.192830439741478,0.160857795611189
273,0.031,4,180,4,20998,655446,581,125675,5.191404764922063,0.16089056625029924
274,0.0311,9,197,9,21195,655249,590,125666,5.18984444303637,0.160921483131967
275,0.0312,5,169,5,21364,655080,595,125661,5.188505892789253,0.16095094275822583
276,0.0313,8,182,8,21546,654898,603,125653,5.187064377138512,0.16097987191099622
277,0.0314,5,170,5,21716,654728,608,125648,5.185717906475732,0.16100956462013183
278,0.0315,4,204,4,21920,654524,612,125644,5.184102141680396,0.1610473641574635
279,0.0316,7,184,7,22104,654340,619,125637,5.1826447851983275,0.16107782665386286
280,0.0317,6,188,6,22292,654152,625,125631,5.181155747053605,0.16111020630098374
281,0.0318,7,181,7,22473,653971,632,125624,5.1797221518185275,0.16114007914365794
282,0.0319,5,220,5,22693,653751,637,125619,5.177979660372577,0.161180183994765
283,0.032,9,221,9,22914,653530,646,125610,5.176229248510962,0.16121621274738815
284,0.0321,8,178,8,23092,653352,654,125602,5.174819414522874,0.16124443805410846
285,0.0322,8,215,8,23307,653137,662,125594,5.1731165251552405,0.16128033942401163
286,0.0323,10,188,10,23495,652949,672,125584,5.171627487010518,0.16130851229170762
287,0.0324,6,172,6,23667,652777,678,125578,5.170265175516411,0.1613376929550141
288,0.0325,5,194,5,23861,652583,683,125573,5.1687286148777085,0.16137252684551684
289,0.0326,4,188,4,24049,652395,687,125569,5.167239576732987,0.16140721164475477
290,0.0327,8,173,8,24222,652222,695,125561,5.165869344823216,0.16143448751129813
291,0.0328,12,180,12,24402,652042,707,125549,5.164443670003802,0.1614589160625573
292,0.0329,11,247,11,24649,651795,718,125538,5.162487327334938,0.1614983539872873
293,0.033,14,227,14,24876,651568,732,125524,5.160689392979344,0.16153042368213802
294,0.0331,7,181,7,25057,651387,739,125517,5.159255797744265,0.1615605016836057
295,0.0332,6,187,6,25244,651200,745,125511,5.157774680015208,0.16159292194909047
296,0.0333,5,220,5,25464,650980,750,125506,5.156032188569256,0.16163330697527065
297,0.0334,5,207,5,25671,650773,755,125501,5.15439266252693,0.16167100791730754
298,0.0335,12,211,12,25882,650562,767,125489,5.152721454821949,0.16170200154371298
299,0.0336,5,180,5,26062,650382,772,125484,5.151295780002535,0.16173411388048967
300,0.0337,5,212,5,26274,650170,777,125479,5.149616651881891,0.16177291532639118
301,0.0338,4,184,4,26458,649986,781,125475,5.1481592953998225,0.16180697675318295
302,0.0339,6,181,6,26639,649805,787,125469,5.146725700164745,0.16183826621297762
303,0.034,2,217,2,26856,649588,789,125467,5.145006969965784,0.16188141486733199
304,0.0341,5,178,5,27034,649410,794,125462,5.143597135977696,0.16191319340484622
305,0.0342,2,190,2,27224,649220,796,125460,5.142092257001647,0.1619507409511024
306,0.0343,5,220,5,27444,649000,801,125455,5.140349765555697,0.16199133584262482
307,0.0344,7,222,7,27666,648778,808,125448,5.138591433278418,0.16203020823377154
308,0.0345,9,211,9,27877,648567,817,125439,5.136920225573438,0.16206463515786698
309,0.0346,6,204,6,28081,648363,823,125433,5.1353044607781015,0.16210086379355798
310,0.0347,13,228,13,28309,648135,836,125420,5.133498606006843,0.1621345605677683
311,0.0348,6,258,6,28567,647877,842,125414,5.131455138765682,0.162182153936875
312,0.0349,6,207,6,28774,647670,848,125408,5.129815612723355,0.16221907750576267
313,0.035,8,233,8,29007,647437,856,125400,5.12797015587378,0.16225931211885558
314,0.0351,7,212,7,29219,647225,863,125393,5.126291027753137,0.1622962447160175
315,0.0352,9,208,9,29427,647017,872,125384,5.124643581295146,0.1623301885937486
316,0.0353,11,209,11,29636,646808,883,125373,5.122988214421492,0.16236219228393342
317,0.0354,8,235,8,29871,646573,891,125365,5.12112691674059,0.16240293909614503
318,0.0355,12,212,12,30083,646361,903,125353,5.119447788619947,0.16243452885395368
319,0.0356,17,218,17,30301,646143,920,125336,5.117721138005322,0.16246197239328614
320,0.0357,6,205,6,30506,645938,926,125330,5.116097452794323,0.16249863860551714
321,0.0358,3,212,3,30718,645726,929,125327,5.114418324673679,0.1625400588545794
322,0.0359,7,239,7,30957,645487,936,125320,5.1125253453301225,0.1625828514790343
323,0.036,6,217,6,31174,645270,942,125314,5.110806615131162,0.16262211517498418
324,0.0361,11,233,11,31407,645037,953,125303,5.108961158281587,0.16265934522418674
325,0.0362,8,240,8,31647,644797,961,125295,5.107060258522368,0.162701339580206
326,0.0363,8,217,8,31864,644580,969,125287,5.1053415283234065,0.16273849898748746
327,0.0364,8,204,8,32068,644376,977,125279,5.10372576352807,0.1627729307287031
328,0.0365,5,222,5,32290,644154,982,125274,5.101967431250792,0.16281445437389852
329,0.0366,7,215,7,32505,643939,989,125267,5.100264541883158,0.16285234384547181
330,0.0367,5,227,5,32732,643712,994,125262,5.098466607527563,0.1628949743424355
331,0.0368,9,228,9,32960,643484,1003,125253,5.096660752756304,0.1629334870053087
332,0.0369,15,242,15,33202,643242,1018,125238,5.094744012165759,0.1629684572142411
333,0.037,8,272,8,33474,642970,1026,125230,5.09258965910531,0.16301744337412133
334,0.0371,7,238,7,33712,642732,1033,125223,5.090704600177418,0.1630603355665371
335,0.0372,13,237,13,33949,642495,1046,125210,5.088827461665188,0.16309650191154154
336,0.0373,12,221,12,34170,642274,1058,125198,5.087077049803574,0.16313038130381305
337,0.0374,12,261,12,34431,642013,1070,125186,5.085009821315422,0.163172788285699
338,0.0375,10,235,10,34666,641778,1080,125176,5.08314852363452,0.16321187450616334
339,0.0376,9,231,9,34897,641547,1089,125167,5.0813189076162715,0.16325122535913
340,0.0377,8,220,8,35117,641327,1097,125159,5.079576416170321,0.16328934905529913
341,0.0378,5,227,5,35344,641100,1102,125154,5.077778481814725,0.16333226319210079
342,0.0379,11,239,11,35583,640861,1113,125143,5.07588550247117,0.1633712095498196
343,0.038,12,263,12,35846,640598,1125,125131,5.073802433151692,0.16341421051050697
344,0.0381,8,250,8,36096,640348,1133,125123,5.071822329235839,0.16345883776132603
345,0.0382,14,225,14,36321,640123,1147,125109,5.07004023571157,0.16349159470591926
346,0.0383,6,247,6,36568,639876,1153,125103,5.068083893042707,0.1635378226068951
347,0.0384,3,221,3,36789,639655,1156,125100,5.0663334811810925,0.1635818007074161
348,0.0385,8,238,8,37027,639417,1164,125092,5.0644484222532,0.1636239730336726
349,0.0386,6,216,6,37243,639201,1170,125086,5.062737612469903,0.16366364991161697
350,0.0387,15,250,15,37493,638951,1185,125071,5.060757508554049,0.1637007834852923
351,0.0388,10,247,10,37740,638704,1195,125061,5.0588011658851855,0.16374277428266548
352,0.0389,11,250,11,37990,638454,1206,125050,5.056821061969332,0.1637843416668413
353,0.039,15,220,15,38210,638234,1221,125035,5.055078570523381,0.16381511629582754
354,0.0391,11,235,11,38445,637999,1232,125024,5.0532172728424785,0.16385351424531108
355,0.0392,6,231,6,38676,637768,1238,125018,5.05138765682423,0.16389655814343734
356,0.0393,7,236,7,38912,637532,1245,125011,5.049518438727665,0.16393960734017624
357,0.0394,4,266,4,39178,637266,1249,125007,5.047411608161196,0.1639924279096859
358,0.0395,11,243,11,39421,637023,1260,124996,5.045486947154987,0.1640326553537379
359,0.0396,8,229,8,39650,636794,1268,124988,5.043673171968065,0.16407318629214132
360,0.0397,8,246,8,39896,636548,1276,124980,5.041724749714865,0.16411740605729533
361,0.0398,15,257,15,40153,636291,1291,124965,5.039689202889368,0.1641563416248936
362,0.0399,9,240,9,40393,636051,1300,124956,5.0377883031301485,0.16419822682314356
363,0.04,17,244,17,40637,635807,1317,124939,5.035855721708275,0.16423221416872386
364,0.0401,7,271,7,40908,635536,1324,124932,5.0337092890634905,0.16428304675541902
365,0.0402,8,218,8,41126,635318,1332,124924,5.0319826384488655,0.16432136082984103
366,0.0403,10,232,10,41358,635086,1342,124914,5.030145102014954,0.16436052631578948
367,0.0404,10,230,10,41588,634856,1352,124904,5.028323406412368,0.16439928398441614
368,0.0405,8,264,8,41852,634592,1360,124896,5.026232416677227,0.16444762787562148
369,0.0406,16,255,16,42107,634337,1376,124880,5.024212710683057,0.1644852525694235
370,0.0407,12,262,12,42369,634075,1388,124868,5.0221375617792425,0.16452882495786902
371,0.0408,12,241,12,42610,633834,1400,124856,5.02022874160436,0.16456787357155098
372,0.0409,6,280,6,42890,633554,1406,124850,5.018011025218604,0.16462202203574874
373,0.041,13,263,13,43153,633291,1419,124837,5.015927955899126,0.16466480594305974
374,0.0411,14,251,14,43404,633040,1433,124823,5.0139399315676085,0.16470391086515637
375,0.0412,11,275,11,43679,632765,1444,124812,5.01176181726017,0.1647515698074255
376,0.0413,14,273,14,43952,632492,1458,124798,5.0095995437840575,0.16479552087047233
377,0.0414,15,242,15,44194,632250,1473,124783,5.007682803193512,0.16483165198875083
378,0.0415,14,267,14,44461,631983,1487,124769,5.00556805221138,0.16487435778167747
379,0.0416,6,248,6,44709,631735,1493,124763,5.003603789126854,0.16492178432725532
380,0.0417,19,272,19,44981,631463,1512,124744,5.001449436066404,0.16496012335246832
381,0.0418,10,286,10,45267,631177,1522,124734,4.999184197186668,0.1650114894478318
382,0.0419,16,268,16,45535,630909,1538,124718,4.997061525788873,0.1650523340219447
383,0.042,9,270,9,45805,630639,1547,124709,4.9949230135597515,0.1651013837330608
384,0.0421,14,261,14,46066,630378,1561,124695,4.9928557850716,0.1651429729310941
385,0.0422,18,242,18,46308,630136,1579,124677,4.990939044481054,0.16517601048206643
386,0.0423,8,254,8,46562,629882,1587,124669,4.988927258902547,0.16522276161584837
387,0.0424,14,237,14,46799,629645,1601,124655,4.987050120390318,0.16525918069733528
388,0.0425,14,272,14,47071,629373,1615,124641,4.98489576732987,0.16530329675576316
389,0.0426,4,263,4,47334,629110,1619,124637,4.982812698010392,0.16535654536601804
390,0.0427,15,250,15,47584,628860,1634,124622,4.980832594094538,0.16539479377078684
391,0.0428,8,258,8,47842,628602,1642,124614,4.9787891268533775,0.16544258220749428
392,0.0429,7,277,7,48119,628325,1649,124607,4.976595171714612,0.1654956888537079
393,0.043,10,253,10,48372,628072,1659,124597,4.974591306551768,0.16554023083187963
394,0.0431,17,273,17,48645,627799,1676,124580,4.972429033075656,0.16558144233159086
395,0.0432,9,250,9,48895,627549,1685,124571,4.970448929159803,0.1656264957719513
396,0.0433,9,267,9,49162,627282,1694,124562,4.96833417817767,0.16567532626449105
397,0.0434,10,265,10,49427,627017,1704,124552,4.966235268026866,0.1657226415671748
398,0.0435,11,279,11,49706,626738,1715,124541,4.964025472056774,0.165771970200152
399,0.0436,19,233,19,49939,626505,1734,124522,4.962180015207198,0.165802294724424
400,0.0437,13,255,13,50194,626250,1747,124509,4.960160309213028,0.16584416570430724
401,0.0438,13,289,13,50483,625961,1760,124496,4.9578713090863005,0.16589358217726
402,0.0439,9,264,9,50747,625697,1769,124487,4.95578031935116,0.16594195557356595
403,0.044,10,233,10,50980,625464,1779,124477,4.953934862501584,0.16598239061472836
404,0.0441,17,293,17,51273,625171,1796,124460,4.951614180712204,0.1660283526161538
405,0.0442,10,245,10,51518,624926,1806,124450,4.949673678874667,0.16607150482534802
406,0.0443,6,305,6,51823,624621,1812,124444,4.947257952097326,0.16613244511490993
407,0.0444,7,290,7,52113,624331,1819,124437,4.944961031554936,0.16618899311936408
408,0.0445,6,282,6,52395,624049,1825,124431,4.942727474337853,0.1662449230440359
409,0.0446,11,254,11,52649,623795,1836,124420,4.940715688759346,0.1662891013946526
410,0.0447,12,282,12,52931,623513,1848,124408,4.938482131542263,0.16633842344311767
411,0.0448,9,293,9,53224,623220,1857,124399,4.936161449752883,0.16639357747729794
412,0.0449,13,280,13,53504,622940,1870,124386,4.933943733367127,0.1664414191397061
413,0.045,17,266,17,53770,622674,1887,124369,4.931836902800659,0.16648171524262995
414,0.0451,12,301,12,54071,622373,1899,124357,4.9294528576859715,0.16653542779853495
415,0.0452,11,294,11,54365,622079,1910,124346,4.927124255480928,0.16658873965904142
416,0.0453,18,273,18,54638,621806,1928,124328,4.924961982004816,0.1666295866426138
417,0.0454,15,286,15,54924,621520,1943,124313,4.922696743125079,0.1666767225370827
418,0.0455,12,323,12,55247,621197,1955,124301,4.920138448865797,0.16673552444138012
419,0.0456,10,290,10,55537,620907,1965,124291,4.9178415283234065,0.16678922917130748
420,0.0457,22,313,22,55850,620594,1987,124269,4.9153624382207575,0.16683470651650034
421,0.0458,18,302,18,56152,620292,2005,124251,4.912970472690406,0.16688223514289974
422,0.0459,13,290,13,56442,620002,2018,124238,4.910673552148017,0.1669327098785338
423,0.046,21,305,21,56747,619697,2039,124217,4.908257825370676,0.16697763451151612
424,0.0461,9,276,9,57023,619421,2048,124208,4.906071790647573,0.16702952682049785
425,0.0462,16,289,16,57312,619132,2064,124192,4.903782790520847,0.1670765372838762
426,0.0463,13,283,13,57595,618849,2077,124179,4.9015413128881,0.1671255995736365
427,0.0464,21,284,21,57879,618565,2098,124158,4.899291914839691,0.1671659555446647
428,0.0465,14,277,14,58156,618288,2112,124144,4.897097959700925,0.1672126201456834
429,0.0466,22,308,22,58464,617980,2134,124122,4.8946584716765935,0.16725733120244926
430,0.0467,15,298,15,58762,617682,2149,124107,4.892298187808896,0.16730768453023703
431,0.0468,15,279,15,59041,617403,2164,124092,4.890088391838804,0.1673537920012947
432,0.0469,15,269,15,59310,617134,2179,124077,4.887957800025346,0.16739767758438556
433,0.047,9,297,9,59607,616837,2188,124068,4.885605436573312,0.1674546669276088
434,0.0471,12,316,12,59923,616521,2200,124056,4.883102585223672,0.16751262866656674
435,0.0472,15,275,15,60198,616246,2215,124041,4.880924470916233,0.16755798764533214
436,0.0473,9,293,9,60491,615953,2224,124032,4.878603789126854,0.16761420839611613
437,0.0474,18,286,18,60777,615667,2242,124014,4.876338550247117,0.16765876100643384
438,0.0475,12,272,12,61049,615395,2254,124002,4.874184197186668,0.1677069287541064
439,0.0476,18,269,18,61318,615126,2272,123984,4.87205360537321,0.16774769655396354
440,0.0477,15,303,15,61621,614823,2287,123969,4.869653719427196,0.16779959718026183
441,0.0478,15,287,15,61908,614536,2302,123954,4.867380560131796,0.16784790586196158
442,0.0479,10,309,10,62217,614227,2312,123944,4.864933151691801,0.16790689420202093
443,0.048,14,279,14,62496,613948,2326,123930,4.862723355721708,0.16795459411989516
444,0.0481,16,305,16,62801,613643,2342,123914,4.860307628944367,0.16800599818047962
445,0.0482,17,287,17,63088,613356,2359,123897,4.858034469648967,0.1680522154538537
446,0.0483,17,310,17,63398,613046,2376,123880,4.855579140793309,0.16810371733389784
447,0.0484,20,325,20,63723,612721,2396,123860,4.853005005702699,0.16815530131784556
448,0.0485,9,282,9,64005,612439,2405,123851,4.850771448485617,0.16820953700308303
449,0.0486,24,288,24,64293,612151,2429,123827,4.848490368774553,0.16824823568095784
450,0.0487,17,290,17,64583,611861,2446,123810,4.846193448232163,0.1682953385412773
451,0.0488,9,336,9,64919,611525,2455,123801,4.843532188569256,0.16836205982108615
452,0.0489,19,301,19,65220,611224,2474,123782,4.841148143454569,0.1684095095822347
453,0.049,15,319,15,65539,610905,2489,123767,4.83862153085794,0.16846565542173922
454,0.0491,21,322,21,65861,610583,2510,123746,4.83607115701432,0.16851574702892028
455,0.0492,20,345,20,66206,610238,2530,123726,4.833338613610442,0.16857230054880076
456,0.0493,19,338,19,66544,609900,2549,123707,4.830661513116208,0.16862843457055343
457,0.0494,14,296,14,66840,609604,2563,123693,4.828317070079838,0.16868063008576334
458,0.0495,19,307,19,67147,609297,2582,123674,4.82588550247117,0.16872973146277273
459,0.0496,13,289,13,67436,609008,2595,123661,4.823596502344443,0.16878153709246604
460,0.0497,20,292,20,67728,608716,2615,123641,4.821283740970726,0.16882613261018875
461,0.0498,9,315,9,68043,608401,2624,123632,4.818788810036751,0.16888856103481673
462,0.0499,14,298,14,68341,608103,2638,123618,4.816428526169053,0.16894144079505713
463,0.05,18,301,18,68642,607802,2656,123600,4.814044481054366,0.16899051410852034
464,0.0501,21,309,21,68951,607493,2677,123579,4.81159707261437,0.16903807012168431
465,0.0502,15,285,15,69236,607208,2692,123564,4.809339754150298,0.1690869381968658
466,0.0503,15,286,15,69522,606922,2707,123549,4.807074515270561,0.16913607795518235
467,0.0504,13,280,13,69802,606642,2720,123536,4.804856798884805,0.1691861436526436
468,0.0505,15,316,15,70118,606326,2735,123521,4.802353947535167,0.16924232065076653
469,0.0506,23,317,23,70435,606009,2758,123498,4.7998431757698645,0.1692896709695726
470,0.0507,18,298,18,70733,605711,2776,123480,4.797482891902167,0.16933834893738403
471,0.0508,14,276,14,71009,605435,2790,123466,4.795296857179065,0.1693865147667516
472,0.0509,12,309,12,71318,605126,2802,123454,4.79284944873907,0.16944467319992315
473,0.051,19,312,19,71630,604814,2821,123435,4.790378279052085,0.16949559834617006
474,0.0511,17,298,17,71928,604516,2838,123418,4.788017995184387,0.16954559067168176
475,0.0512,25,340,25,72268,604176,2863,123393,4.785325053858826,0.16959628571310761
476,0.0513,13,335,13,72603,603841,2876,123380,4.782671714611583,0.16965956703670548
477,0.0514,24,297,24,72900,603544,2900,123356,4.780319351159549,0.16970147200440225
478,0.0515,24,300,24,73200,603244,2924,123332,4.777943226460525,0.16974411486203783
479,0.0516,12,320,12,73520,602924,2936,123320,4.775408693448232,0.16980518944046352
480,0.0517,20,316,20,73836,602608,2956,123300,4.772905842098593,0.16985623522540047
481,0.0518,14,324,14,74160,602284,2970,123286,4.770339627423647,0.1699160659894979
482,0.0519,20,288,20,74448,601996,2990,123266,4.768058547712584,0.169960648703503
483,0.052,21,299,21,74747,601697,3011,123245,4.765690343429223,0.17000670398459464
484,0.0521,21,315,21,75062,601382,3032,123224,4.763195412495247,0.17005655487257904
485,0.0522,16,325,16,75387,601057,3048,123208,4.760621277404638,0.17011452990272896
486,0.0523,16,316,16,75703,600741,3064,123192,4.758118426055,0.17017044394992353
487,0.0524,18,310,18,76013,600431,3082,123174,4.755663097199341,0.17022270437600626
488,0.0525,15,286,15,76299,600145,3097,123159,4.753397858319604,0.17027280368973488
489,0.0526,28,336,28,76635,599809,3125,123131,4.750736598656697,0.1703198052397156
490,0.0527,20,290,20,76925,599519,3145,123111,4.748439678114307,0.1703651938059588
491,0.0528,17,275,17,77200,599244,3162,123094,4.746261563806868,0.17041052803535187
492,0.0529,20,315,20,77515,598929,3182,123074,4.743766632872894,0.17046189558769145
493,0.053,21,372,21,77887,598557,3203,123053,4.740820238246103,0.17052563018805172
494,0.0531,17,301,17,78188,598256,3220,123036,4.738436193131416,0.17057724194916898
495,0.0532,15,323,15,78511,597933,3235,123021,4.735877898872133,0.1706364067610416
496,0.0533,16,320,16,78831,597613,3251,123005,4.733343365859841,0.17069376562894625
497,0.0534,20,342,20,79173,597271,3271,122985,4.730634583702953,0.17075178825306558
498,0.0535,13,312,13,79485,596959,3284,122972,4.728163414015968,0.17081081381410163
499,0.0536,11,333,11,79818,596626,3295,122961,4.725525915600051,0.17087718371788263
500,0.0537,15,320,15,80138,596306,3310,122946,4.722991382587758,0.1709359167579652
501,0.0538,20,305,20,80443,596001,3330,122926,4.720575655810417,0.17098537125466146
502,0.0539,16,335,16,80778,595666,3346,122910,4.717922316563174,0.17104662554830666
503,0.054,15,295,15,81073,595371,3361,122895,4.715585793942466,0.171099564785191
504,0.0541,27,373,27,81446,594998,3388,122868,4.712631478900013,0.17115729119362108
505,0.0542,19,304,19,81750,594694,3407,122849,4.710223672538334,0.17120785792628457
506,0.0543,22,320,22,82070,594374,3429,122827,4.7076891395260425,0.1712588242347682
507,0.0544,20,346,20,82416,594028,3449,122807,4.704948675706501,0.17131836475618517
508,0.0545,19,296,19,82712,593732,3468,122788,4.70260423267013,0.1713671635125328
509,0.0546,20,335,20,83047,593397,3488,122768,4.699950893422887,0.17142418297459383
510,0.0547,20,348,20,83395,593049,3508,122748,4.697194588772018,0.1714843733628389
511,0.0548,16,365,16,83760,592684,3524,122732,4.6943036370548725,0.17155333400427164
512,0.0549,20,303,20,84063,592381,3544,122712,4.691903751108859,0.1716028544538962
513,0.055,24,293,24,84356,592088,3568,122688,4.689583069319478,0.17164538260937692
514,0.0551,20,329,20,84685,591759,3588,122668,4.686977252566215,0.17170123749522345
515,0.0552,25,305,25,84990,591454,3613,122643,4.684561525788873,0.1717455751809628
516,0.0553,17,311,17,85301,591143,3630,122626,4.682098276517552,0.17180068061235498
517,0.0554,15,336,15,85637,590807,3645,122611,4.679437016854645,0.17186418060660089
518,0.0555,15,343,15,85980,590464,3660,122596,4.676720314282093,0.1719294309034303
519,0.0556,19,333,19,86313,590131,3679,122577,4.674082815866177,0.17198768640172413
520,0.0557,12,341,12,86654,589790,3691,122565,4.671381954124953,0.17205606755058925
521,0.0558,17,329,17,86983,589461,3708,122548,4.668776137371689,0.17211580190699838
522,0.0559,11,315,11,87298,589146,3719,122537,4.666281206437714,0.172179186519841
523,0.056,18,351,18,87649,588795,3737,122519,4.663501140539855,0.17224320061182544
524,0.0561,19,339,19,87988,588456,3756,122500,4.660816119629958,0.17230320863738402
525,0.0562,19,325,19,88313,588131,3775,122481,4.658241984539349,0.17235988134171673
526,0.0563,20,347,20,88660,587784,3795,122461,4.655493600304144,0.17242078437722194
527,0.0564,25,307,25,88967,587477,3820,122436,4.653062032695476,0.1724662036052305
528,0.0565,16,287,16,89254,587190,3836,122420,4.650788873400076,0.17251729823424133
529,0.0566,17,357,17,89611,586833,3853,122403,4.647961285008237,0.1725843019812869
530,0.0567,25,322,25,89933,586511,3878,122378,4.645410911164618,0.17263351526120452
531,0.0568,19,304,19,90237,586207,3897,122359,4.64300310480294,0.1726853955735951
532,0.0569,23,316,23,90553,585891,3920,122336,4.640500253453301,0.1727355777173138
533,0.057,21,306,21,90859,585585,3941,122315,4.638076606260297,0.17278570419550784
534,0.0571,22,358,22,91217,585227,3963,122293,4.635241097452794,0.17284741067390322
535,0.0572,26,349,26,91566,584878,3989,122267,4.632476872386263,0.1729023043364515
536,0.0573,16,348,16,91914,584530,4005,122251,4.6297205677353945,0.17296871308085532
537,0.0574,13,354,13,92268,584176,4018,122238,4.626916740590546,0.17304017191052273
538,0.0575,25,315,25,92583,583861,4043,122213,4.624421809656571,0.1730880899169209
539,0.0576,20,320,20,92903,583541,4063,122193,4.621887276644278,0.17314313891636227
540,0.0577,21,331,21,93234,583210,4084,122172,4.619265619059688,0.17319976977013873
541,0.0578,21,293,21,93527,582917,4105,122151,4.616944937270308,0.1732471194267787
542,0.0579,19,354,19,93881,582563,4124,122132,4.614141110125459,0.17331185832168527
543,0.058,18,285,18,94166,582278,4142,122114,4.611883791661386,0.17336085588706288
544,0.0581,20,342,20,94508,581936,4162,122094,4.609175009504499,0.17342158714827494
545,0.0582,19,333,19,94841,581603,4181,122075,4.606537511088582,0.17348133663408546
546,0.0583,20,365,20,95206,581238,4201,122055,4.603646559371436,0.173547866962987
547,0.0584,15,364,15,95570,580874,4216,122040,4.600763528069953,0.1736201014633369
548,0.0585,18,356,18,95926,580518,4234,122022,4.597943860093777,0.17368690750704585
549,0.0586,13,342,13,96268,580176,4247,122009,4.5952350779368905,0.1737562038494129
550,0.0587,17,320,17,96588,579856,4264,121992,4.592700544924598,0.1738154130239026
551,0.0588,24,360,24,96948,579496,4288,121968,4.589849195285769,0.17387635003364393
552,0.0589,16,354,16,97302,579142,4304,121952,4.58704536814092,0.1739452912162991
553,0.059,9,322,9,97624,578820,4313,121943,4.584494994297301,0.17401460978961503
554,0.0591,21,349,21,97973,578471,4334,121922,4.581730769230769,0.17407655416316267
555,0.0592,16,323,16,98296,578148,4350,121906,4.579172474971487,0.17413799506895183
556,0.0593,23,328,23,98624,577820,4373,121883,4.5765745786338865,0.17419247880886604
557,0.0594,20,325,20,98949,577495,4393,121863,4.5740004435432775,0.17424981197040715
558,0.0595,20,352,20,99301,577143,4413,121843,4.571212457229755,0.1743139347569193
559,0.0596,19,334,19,99635,576809,4432,121824,4.568567038398175,0.17437481481693537
560,0.0597,23,336,23,99971,576473,4455,121801,4.565905778735268,0.1744315268791334
561,0.0598,18,342,18,100313,576131,4473,121783,4.56319699657838,0.17449571150600218
562,0.0599,19,373,19,100686,575758,4492,121764,4.560242681535927,0.17456653696944327
563,0.06,13,338,13,101024,575420,4505,121751,4.557565581041693,0.1746357780228954
564,0.0601,22,366,22,101390,575054,4527,121729,4.554666708908884,0.17470144937520002
565,0.0602,31,365,31,101755,574689,4558,121698,4.551775757191737,0.17475627775934932
566,0.0603,32,349,32,102104,574340,4590,121666,4.549011532125206,0.17480596431639958
567,0.0604,25,332,25,102436,574008,4615,121641,4.546381954124953,0.17485973529754228
568,0.0605,24,376,24,102812,573632,4639,121617,4.543403877835509,0.17492581794436238
569,0.0606,16,336,16,103148,573296,4655,121601,4.540742618172602,0.1749914016034031
570,0.0607,27,378,27,103526,572918,4682,121574,4.537748701051831,0.17505457226289145
571,0.0608,16,322,16,103848,572596,4698,121558,4.535198327208212,0.17511676083405123
572,0.0609,19,320,19,104168,572276,4717,121539,4.532663794195919,0.1751749385643147
573,0.061,25,348,25,104516,571928,4742,121514,4.529907489545051,0.17523311250255968
574,0.0611,28,325,28,104841,571603,4770,121486,4.527333354454441,0.1752819623453842
575,0.0612,18,358,18,105199,571245,4788,121468,4.524497845646939,0.17535111943907505
576,0.0613,25,343,25,105542,570902,4813,121443,4.521781143074389,0.17540821411290614
577,0.0614,19,316,19,105858,570586,4832,121424,4.51927829172475,0.17546567246138062
578,0.0615,26,366,26,106224,570220,4858,121398,4.5163794195919404,0.17552753109375407
579,0.0616,22,372,22,106596,569848,4880,121376,4.51343302496515,0.1755957547770332
580,0.0617,21,374,21,106970,569474,4901,121355,4.510470789507034,0.17566575809643198
581,0.0618,15,354,15,107324,569120,4916,121340,4.507666962362185,0.17573791385453177
582,0.0619,26,329,26,107653,568791,4942,121314,4.505061145608922,0.1757906405546982
583,0.062,31,359,31,108012,568432,4973,121283,4.502217716385756,0.17584509543797075
584,0.0621,33,360,33,108372,568072,5006,121250,4.499366366746927,0.17589747607068976
585,0.0622,23,314,23,108686,567758,5029,121227,4.4968793562286145,0.1759501295383789
586,0.0623,27,354,27,109040,567404,5056,121200,4.494075529083767,0.17600827180788958
587,0.0624,18,333,18,109373,567071,5074,121182,4.491438030667849,0.1760718805439279
588,0.0625,17,359,17,109732,566712,5091,121165,4.488594601444684,0.17614340935952214
589,0.0626,23,346,23,110078,566366,5114,121142,4.485854137625142,0.1762044950749664
590,0.0627,20,330,20,110408,566036,5134,121122,4.483240400456216,0.1762651384397766
591,0.0628,22,332,22,110740,565704,5156,121100,4.480610822455962,0.17632395850926902
592,0.0629,22,359,22,111099,565345,5178,121078,4.477767393232797,0.17638977714907572
593,0.063,26,372,26,111471,564973,5204,121052,4.474820998606007,0.17645421085237417
594,0.0631,18,352,18,111823,564621,5222,121034,4.472033012292485,0.17652317856648023
595,0.0632,20,354,20,112177,564267,5242,121014,4.469229185147636,0.1765903330166749
596,0.0633,20,341,20,112518,563926,5262,120994,4.466528323406412,0.17665420779069088
597,0.0634,17,365,17,112883,563561,5279,120977,4.463637371689266,0.176727953743985
598,0.0635,19,364,19,113247,563197,5298,120958,4.460754340387783,0.1767991171591233
599,0.0636,28,343,28,113590,562854,5326,120930,4.458037637815233,0.1768540942753852
600,0.0637,15,349,15,113939,562505,5341,120915,4.455273412748701,0.17692634104942787
601,0.0638,21,359,21,114298,562146,5362,120894,4.452429983525535,0.17699402670414616
602,0.0639,18,352,18,114650,561794,5380,120876,4.449641997212014,0.1770635885566965
603,0.064,24,350,24,115000,561444,5404,120852,4.446869851729819,0.17712547047029442
604,0.0641,21,344,21,115344,561100,5425,120831,4.444145228741604,0.17718948104720272
605,0.0642,20,363,20,115707,560737,5445,120811,4.441270117855785,0.17725970878059946
606,0.0643,21,376,21,116083,560361,5466,120790,4.438292041566341,0.17733219212773674
607,0.0644,29,404,29,116487,559957,5495,120761,4.435092193638322,0.1774023898295623
608,0.0645,27,335,27,116822,559622,5522,120734,4.432438854391078,0.1774570959909224
609,0.0646,25,369,25,117191,559253,5547,120709,4.429516221011279,0.17752315570576002
610,0.0647,23,330,23,117521,558923,5570,120686,4.426902483842352,0.17758152113936101
611,0.0648,19,353,19,117874,558570,5589,120667,4.424106577113167,0.1776508052417639
612,0.0649,16,354,16,118228,558216,5605,120651,4.421302749968318,0.17772406082487438
613,0.065,24,336,24,118564,557880,5629,120627,4.418641490305411,0.1777829852897612
614,0.0651,23,324,23,118888,557556,5652,120604,4.416075275630465,0.17784003774920373
615,0.0652,19,364,19,119252,557192,5671,120585,4.413192244328982,0.17791249924385158
616,0.0653,36,365,36,119617,556827,5707,120549,4.410301292611837,0.17796467545351474
617,0.0654,23,339,23,119956,556488,5730,120526,4.407616271701939,0.17802586061735798
618,0.0655,20,355,20,120311,556133,5750,120506,4.404804524141427,0.17809496644444084
619,0.0656,27,388,27,120699,555745,5777,120479,4.401731402864022,0.17816433607798599
620,0.0657,33,348,33,121047,555397,5810,120446,4.398975098213154,0.17821594660298323
621,0.0658,32,369,32,121416,555028,5842,120414,4.396052464833354,0.17827437440964583
622,0.0659,21,328,21,121744,554700,5863,120393,4.393454568495755,0.17833542934084637
623,0.066,31,354,31,122098,554346,5894,120362,4.390650741350906,0.17839124480516017
624,0.0661,20,347,20,122445,553999,5914,120342,4.387902357115702,0.17845867298592255
625,0.0662,31,408,31,122853,553591,5945,120311,4.384670827525029,0.17852892557078032
626,0.0663,37,341,37,123194,553250,5982,120274,4.381969965783805,0.17857418592358995
627,0.0664,27,351,27,123545,552899,6009,120247,4.379189899885946,0.1786343527258574
628,0.0665,16,364,16,123909,552535,6025,120231,4.3763068685844635,0.17871146877220312
629,0.0666,32,391,32,124300,552144,6057,120199,4.373209986060068,0.17877630911603154
630,0.0667,27,388,27,124688,551756,6084,120172,4.370136864782664,0.17884654308199688
631,0.0668,21,345,21,125033,551411,6105,120151,4.367404321378786,0.17891274372284316
632,0.0669,33,368,33,125401,551043,6138,120118,4.364489608414649,0.17897047057263457
633,0.067,31,375,31,125776,550668,6169,120087,4.361519452540869,0.17903258268667396
634,0.0671,28,357,28,126133,550311,6197,120059,4.358691864149031,0.1790936348583618
635,0.0672,29,371,29,126504,549940,6226,120030,4.355753389937904,0.1791572756989119
636,0.0673,29,413,29,126917,549527,6255,120001,4.352482258268914,0.17923223524632279
637,0.0674,20,419,20,127336,549108,6275,119981,4.349163604105944,0.17931994099439685
638,0.0675,22,364,22,127700,548744,6297,119959,4.346280572804461,0.17939055156025918
639,0.0676,22,377,22,128077,548367,6319,119937,4.343294576099353,0.17946473461179344
640,0.0677,27,360,27,128437,548007,6346,119910,4.340443226460525,0.17952829468332143
641,0.0678,36,386,36,128823,547621,6382,119874,4.337385946014447,0.1795878620813639
642,0.0679,27,368,27,129191,547253,6409,119847,4.33447123305031,0.17965372507869884
643,0.068,29,377,29,129568,546876,6438,119818,4.331485236345204,0.1797196314951087
644,0.0681,24,355,24,129923,546521,6462,119794,4.328673488784691,0.1797858370290328
645,0.0682,32,377,32,130300,546144,6494,119762,4.3256874920795845,0.17984820680396332
646,0.0683,26,349,26,130649,545795,6520,119736,4.322923267013053,0.17991047749841857
647,0.0684,29,377,29,131026,545418,6549,119707,4.319937270307946,0.1799766961097538
648,0.0685,34,351,34,131377,545067,6583,119673,4.317157204410088,0.18002978608177633
649,0.0686,44,355,44,131732,544712,6627,119629,4.314345456849575,0.18007168005587493
650,0.0687,18,378,18,132110,544334,6645,119611,4.311351539728805,0.18015197041923653
651,0.0688,18,373,18,132483,543961,6663,119593,4.308397224686352,0.18023099853214658
652,0.0689,31,412,31,132895,543549,6694,119562,4.305134013433025,0.18030465487678535
653,0.069,21,424,21,133319,543125,6715,119541,4.301775757191737,0.18039404466201675
654,0.0691,27,364,27,133683,542761,6742,119514,4.298892725890255,0.18045977879279756
655,0.0692,21,343,21,134026,542418,6763,119493,4.296176023317703,0.18052729143344046
656,0.0693,27,391,27,134417,542027,6790,119466,4.293079140793309,0.1806005505727196
657,0.0694,26,356,26,134773,541671,6816,119440,4.290259472817134,0.18066557658244983
658,0.0695,26,396,26,135169,541275,6842,119414,4.2871229882144215,0.180741619733339
659,0.0696,36,397,36,135566,540878,6878,119378,4.283978583196046,0.1808056269083507
660,0.0697,25,381,25,135947,540497,6903,119353,4.2809609048282855,0.18087898764870805
661,0.0698,27,386,27,136333,540111,6930,119326,4.2779036243822075,0.1809513266619859
662,0.0699,30,335,30,136668,539776,6960,119296,4.275250285134964,0.18100602058652165
663,0.07,27,371,27,137039,539405,6987,119269,4.272311810923838,0.18107440099351121
664,0.0701,28,393,28,137432,539012,7015,119241,4.269199087568116,0.18114767422252537
665,0.0702,24,354,24,137786,538658,7039,119217,4.266395260423267,0.18121527645829374
666,0.0703,29,386,29,138172,538272,7068,119188,4.263337979977189,0.18128555349374867
667,0.0704,36,387,36,138559,537885,7104,119152,4.260272779115448,0.18134747358215747
668,0.0705,27,353,27,138912,537532,7131,119125,4.257476872386263,0.18141129996329894
669,0.0706,26,362,26,139274,537170,7157,119099,4.254609681916107,0.18147893622889394
670,0.0707,29,371,29,139645,536799,7186,119070,4.25167120770498,0.18154540007227052
671,0.0708,36,366,36,140011,536433,7222,119034,4.248772335572171,0.18160181977124706
672,0.0709,27,351,27,140362,536082,7249,119007,4.245992269674312,0.18166539203070117
673,0.071,32,367,32,140729,535715,7281,118975,4.24308547712584,0.18172722968122318
674,0.0711,22,381,22,141110,535334,7303,118953,4.240067798758079,0.18180553793671583
675,0.0712,27,382,27,141492,534952,7330,118926,4.237042199974654,0.18187796500264575
676,0.0713,30,376,30,141868,534576,7360,118896,4.234064123685211,0.1819450565594241
677,0.0714,20,374,20,142242,534202,7380,118876,4.231101888227094,0.18202419925338167
678,0.0715,27,360,27,142602,533842,7407,118849,4.228250538588265,0.182090759639707
679,0.0716,36,376,36,142978,533466,7443,118813,4.225272462298822,0.18215058280275773
680,0.0717,24,386,24,143364,533080,7467,118789,4.222215181852744,0.1822283311524248
681,0.0718,34,349,34,143713,532731,7501,118755,4.219450956786212,0.182283272395723
682,0.0719,34,403,34,144116,532328,7535,118721,4.216259029273856,0.1823534019712802
683,0.072,35,413,35,144529,531915,7570,118686,4.212987897604866,0.18242517303231934
684,0.0721,21,362,21,144891,531553,7591,118665,4.210120707134711,0.18250033065833304
685,0.0722,38,404,38,145295,531149,7629,118627,4.206920859206691,0.18256599197261825
686,0.0723,29,357,29,145652,530792,7658,118598,4.204093270814853,0.18262985263093057
687,0.0724,36,383,36,146035,530409,7694,118562,4.201059751615765,0.18269229287595284
688,0.0725,33,370,33,146405,530039,7727,118529,4.198129197820301,0.18275493086307065
689,0.0726,30,386,30,146791,529653,7757,118499,4.195071917374224,0.1828259420629729
690,0.0727,25,374,25,147165,529279,7782,118474,4.192109681916107,0.18289996341197956
691,0.0728,30,369,30,147534,528910,7812,118444,4.189187048536307,0.18296635225857877
692,0.0729,25,363,25,147897,528547,7837,118419,4.186311937650488,0.18303743937084793
693,0.073,32,409,32,148306,528138,7869,118387,4.183072487644152,0.1831127953288736
694,0.0731,30,384,30,148690,527754,7899,118357,4.1800310480294005,0.18318369444259577
695,0.0732,36,391,36,149081,527363,7935,118321,4.176934165505005,0.18324908159409248
696,0.0733,25,318,25,149399,527045,7960,118296,4.17441547332404,0.1833077396291263
697,0.0734,38,385,38,149784,526660,7998,118258,4.171366113293626,0.18336904846817734
698,0.0735,38,390,38,150174,526270,8036,118220,4.168277151184895,0.18343186085121568
699,0.0736,32,363,32,150537,525907,8068,118188,4.165402040299075,0.18349467081719312
700,0.0737,37,367,37,150904,525540,8105,118151,4.162495247750602,0.18355235664317196
701,0.0738,34,395,34,151299,525145,8139,118117,4.159366683563554,0.18362191455425628
702,0.0739,29,381,29,151680,524764,8168,118088,4.156349005195793,0.1836939139957564
703,0.074,31,419,31,152099,524345,8199,118057,4.153030351032823,0.18377433445101354
704,0.0741,41,348,41,152447,523997,8240,118016,4.150274046381954,0.1838218229225888
705,0.0742,27,377,27,152824,523620,8267,117989,4.147288049676847,0.18389548775032769
706,0.0743,30,367,30,153191,523253,8297,117959,4.144381257128374,0.1839625584050205
707,0.0744,32,436,32,153627,522817,8329,117927,4.140927955899126,0.1840469828823992
708,0.0745,26,408,26,154035,522409,8355,117901,4.137696426308453,0.18413112398681888
709,0.0746,30,373,30,154408,522036,8385,117871,4.134742111265999,0.18420020409215715
710,0.0747,28,359,28,154767,521677,8413,117843,4.131898682042833,0.18426788841631223
711,0.0748,36,394,36,155161,521283,8449,117807,4.128778038271449,0.18433553959536217
712,0.0749,33,350,33,155511,520933,8482,117774,4.126005892789253,0.1843944093300997
713,0.075,27,371,27,155882,520562,8509,117747,4.123067418578127,0.18446708412383345
714,0.0751,23,398,23,156280,520164,8532,117724,4.119915093144088,0.18455277415471055
715,0.0752,31,402,31,156682,519762,8563,117693,4.116731086047396,0.18462950325905358
716,0.0753,23,418,23,157100,519344,8586,117670,4.113420352300088,0.18472121491835344
717,0.0754,28,375,28,157475,518969,8614,117642,4.110450196426308,0.1847941678670334
718,0.0755,21,391,21,157866,518578,8635,117621,4.107353313901913,0.1848808313122152
719,0.0756,34,409,34,158275,518169,8669,117587,4.104113863895577,0.18495617815639961
720,0.0757,29,333,29,158608,517836,8698,117558,4.101476365479661,0.18501591138726523
721,0.0758,29,384,29,158992,517452,8727,117529,4.098434925864909,0.18509057751334293
722,0.0759,31,401,31,159393,517051,8758,117498,4.09525883918388,0.18516773330349587
723,0.076,28,392,28,159785,516659,8786,117470,4.092154036243822,0.18524621961777493
724,0.0761,31,358,31,160143,516301,8817,117439,4.08931852743632,0.1853110108246284
725,0.0762,36,351,36,160494,515950,8853,117403,4.086538461538462,0.18536740174910357
726,0.0763,23,418,23,160912,515532,8876,117380,4.083227727791154,0.18546022195818693
727,0.0764,26,390,26,161302,515142,8902,117354,4.080138765682423,0.18554109433103133
728,0.0765,29,374,29,161676,514768,8931,117325,4.077176530224306,0.18561350940447055
729,0.0766,34,426,34,162102,514342,8965,117291,4.073802433151692,0.18569485761510243
730,0.0767,41,394,41,162496,513948,9006,117250,4.0706817893803064,0.1857578762923837
731,0.0768,34,394,34,162890,513554,9040,117216,4.067561145608922,0.18583001728046672
732,0.0769,25,401,25,163291,513153,9065,117191,4.0643850589278925,0.1859159443097737
733,0.077,45,386,45,163677,512767,9110,117146,4.0613277784818145,0.18597171355409398
734,0.0771,42,430,42,164107,512337,9152,117104,4.057921999746546,0.18604444260860034
735,0.0772,35,389,35,164496,511948,9187,117069,4.054840958053479,0.18611420677024626
736,0.0773,29,357,29,164853,511591,9216,117040,4.05201336966164,0.1861823549904475
737,0.0774,26,396,26,165249,511195,9242,117014,4.048876885058928,0.18626603566647407
738,0.0775,27,385,27,165634,510810,9269,116987,4.045827525028513,0.18634526765817613
739,0.0776,31,370,31,166004,510440,9300,116956,4.04289697123305,0.1864149596108359
740,0.0777,30,380,30,166384,510060,9330,116926,4.039887213280953,0.18648901251383604
741,0.0778,34,393,34,166777,509667,9364,116892,4.036774489925231,0.18656184014593996
742,0.0779,37,408,37,167185,509259,9401,116855,4.033542960334558,0.18663534116790234
743,0.078,45,410,45,167595,508849,9446,116810,4.0302955899125585,0.18669914442212132
744,0.0781,28,379,28,167974,508470,9474,116782,4.027293752376124,0.1867758919603616
745,0.0782,30,409,30,168383,508061,9504,116752,4.024054302369788,0.18685910824518695
746,0.0783,36,362,36,168745,507699,9540,116716,4.021187111899632,0.18692055764195287
747,0.0784,37,415,37,169160,507284,9577,116679,4.017900139399316,0.18699666486634625
748,0.0785,30,381,30,169541,506903,9607,116649,4.014882461031555,0.1870718079646926
749,0.0786,23,373,23,169914,506530,9630,116626,4.011928145989102,0.18715377850811032
750,0.0787,34,380,34,170294,506150,9664,116592,4.008918388037004,0.18722360142723632
751,0.0788,31,407,31,170701,505743,9695,116561,4.0056947788619945,0.18730556126909034
752,0.0789,26,361,26,171062,505382,9721,116535,4.002835508807502,0.18738030959115123
753,0.079,37,374,37,171436,505008,9758,116498,3.9998732733493854,0.18744469079944523
754,0.0791,33,390,33,171826,504618,9791,116465,3.996784311240654,0.18751922045845723
755,0.0792,26,380,26,172206,504238,9817,116439,3.9937745532885565,0.1875999916220514
756,0.0793,31,412,31,172618,503826,9848,116408,3.99051134203523,0.18768400313430092
757,0.0794,27,409,27,173027,503417,9875,116381,3.9872718920288936,0.18777246780402648
758,0.0795,28,390,28,173417,503027,9903,116353,3.9841829299201623,0.18785398301527334
759,0.0796,38,418,38,173835,502609,9941,116315,3.980872196172855,0.18793098991152388
760,0.0797,28,385,28,174220,502224,9969,116287,3.977822836142441,0.18801120756138534
761,0.0798,25,423,25,174643,501801,9994,116262,3.9744725003168164,0.18810703763208605
762,0.0799,24,355,24,174998,501446,10018,116238,3.971660752756305,0.1881836019712345
763,0.08,36,362,36,175360,501084,10054,116202,3.968793562286149,0.18824661502123813
764,0.0801,32,378,32,175738,500706,10086,116170,3.965799645165378,0.18831985682697983
765,0.0802,41,391,41,176129,500315,10127,116129,3.9627027626409834,0.18838531967218433
766,0.0803,33,418,33,176547,499897,10160,116096,3.959392028893676,0.1884696741683753
767,0.0804,31,384,31,176931,499513,10191,116065,3.9563505892789252,0.18854637430187562
768,0.0805,45,387,45,177318,499126,10236,116020,3.9532853884171844,0.18860563183374354
769,0.0806,25,378,25,177696,498748,10261,115995,3.9502914712964134,0.1886886064583086
770,0.0807,30,391,30,178087,498357,10291,115965,3.947194588772019,0.18876908201236486
771,0.0808,23,405,23,178492,497952,10314,115942,3.943986820428336,0.18886322394419883
772,0.0809,33,412,33,178904,497540,10347,115909,3.9407236091750093,0.18894643238476222
773,0.081,37,403,37,179307,497137,10384,115872,3.9375316816626538,0.18902169462438562
774,0.0811,35,399,35,179706,496738,10419,115837,3.9343714358129516,0.18909847773741992
775,0.0812,29,372,29,180078,496366,10448,115808,3.9314250411861615,0.18917497312855494
776,0.0813,42,404,42,180482,495962,10490,115766,3.9282251932581422,0.1892442392697408
777,0.0814,34,369,34,180851,495593,10524,115732,3.925302559878342,0.18931337668179773
778,0.0815,37,416,37,181267,495177,10561,115695,3.922007666962362,0.1893931953011433
779,0.0816,28,356,28,181623,494821,10589,115667,3.9191879989861866,0.1894664596191899
780,0.0817,40,409,40,182032,494412,10629,115627,3.9159485489798507,0.189540340863453
781,0.0818,38,371,38,182403,494041,10667,115589,3.913010074768724,0.18960517034922822
782,0.0819,27,432,27,182835,493609,10694,115562,3.909588455202129,0.1897037120939769
783,0.082,36,392,36,183227,493217,10730,115526,3.9064836522620707,0.18977795227214111
784,0.0821,35,404,35,183631,492813,10765,115491,3.9032838043340514,0.18985737394460664
785,0.0822,37,381,37,184012,492432,10802,115454,3.9002661259662905,0.18992705869192578
786,0.0823,33,394,33,184406,492038,10835,115421,3.8971454821949054,0.19000623910420292
787,0.0824,39,369,39,184775,491669,10874,115382,3.894222848815106,0.19006969760366096
788,0.0825,33,390,33,185165,491279,10907,115349,3.8911338867063745,0.19014783359818538
789,0.0826,31,416,31,185581,490863,10938,115318,3.8878389937903943,0.19023690943794017
790,0.0827,37,405,37,185986,490458,10975,115281,3.8846312254467112,0.1903146404639622
791,0.0828,38,428,38,186414,490030,11013,115243,3.88124128754277,0.1903983822176109
792,0.0829,30,384,30,186798,489646,11043,115213,3.8781998479280193,0.1904791033943448
793,0.083,29,415,29,187213,489231,11072,115184,3.8749128754277025,0.1905710480381857
794,0.0831,33,401,33,187614,488830,11105,115151,3.8717367887466736,0.19065334836691883
795,0.0832,51,407,51,188021,488423,11156,115100,3.868513179571664,0.19071352707353323
796,0.0833,27,391,27,188412,488032,11183,115073,3.865416297047269,0.19080093847671634
797,0.0834,36,429,36,188841,487603,11219,115037,3.8620184387276644,0.19088842426656047
798,0.0835,38,416,38,189257,487187,11257,114999,3.858723545811684,0.19096923541895694
799,0.0836,35,413,35,189670,486774,11292,114964,3.855452414142694,0.1910532490884737
800,0.0837,32,379,32,190049,486395,11324,114932,3.8524505766062602,0.19113061612067977
801,0.0838,37,386,37,190435,486009,11361,114895,3.8493932961601827,0.19120358659619507
802,0.0839,30,384,30,190819,485625,11391,114865,3.8463518565454313,0.1912854502156572
803,0.084,39,383,39,191202,485242,11430,114826,3.8433183373463438,0.19135497976895952
804,0.0841,32,414,32,191616,484828,11462,114794,3.8400392852616907,0.1914439430174343
805,0.0842,26,404,26,192020,484424,11488,114768,3.8368394373336714,0.19153793775617833
806,0.0843,48,442,48,192462,483982,11536,114720,3.8333386136104424,0.1916145260914445
807,0.0844,34,389,34,192851,483593,11570,114686,3.8302575719173744,0.19169317325194432
808,0.0845,35,417,35,193268,483176,11605,114651,3.8269547585857304,0.1917795616457604
809,0.0846,46,389,46,193657,482787,11651,114605,3.8238737168926624,0.19184220746176714
810,0.0847,31,379,31,194036,482408,11682,114574,3.8208718793562286,0.19192203450020268
811,0.0848,30,398,30,194434,482010,11712,114544,3.8177195539221898,0.19200944088883823
812,0.0849,40,414,40,194848,481596,11752,114504,3.8144405018375362,0.1920885757423251
813,0.085,40,396,40,195244,481200,11792,114464,3.8113040172348245,0.19216202422842407
814,0.0851,39,375,39,195619,480825,11831,114425,3.808333861361044,0.19223015539689206
815,0.0852,34,383,34,196002,480442,11865,114391,3.8053003421619565,0.19230775696708152
816,0.0853,46,431,46,196433,480011,11911,114345,3.8018866430110254,0.19238469873274602
817,0.0854,30,416,30,196849,479595,11941,114315,3.798591750095045,0.1924786583825832
818,0.0855,31,381,31,197230,479214,11972,114284,3.7955740717272843,0.1925600423253322
819,0.0856,40,378,40,197608,478836,12012,114244,3.792580154606514,0.19262831321238283
820,0.0857,53,404,53,198012,478432,12065,114191,3.7893803066784946,0.19268742522649307
821,0.0858,33,394,33,198406,478038,12098,114158,3.7862596629071095,0.19277063674864403
822,0.0859,30,419,30,198825,477619,12128,114128,3.782941008744139,0.19286620802471327
823,0.086,42,398,42,199223,477221,12170,114086,3.7797886833101,0.19293869343674266
824,0.0861,31,361,31,199584,476860,12201,114055,3.7769294132556075,0.1930142237039168
825,0.0862,28,389,28,199973,476471,12229,114027,3.7738483715625395,0.1931031095786946
826,0.0863,37,406,37,200379,476065,12266,113990,3.7706326828031935,0.19318538102380287
827,0.0864,31,404,31,200783,475661,12297,113959,3.767432834875174,0.19327532987347784
828,0.0865,34,392,34,201175,475269,12331,113925,3.764328031935116,0.1933573661646249
829,0.0866,35,394,35,201569,474875,12366,113890,3.7612073881637307,0.19343880835307806
830,0.0867,20,412,20,201981,474463,12386,113870,3.7579441769104043,0.19354685186790474
831,0.0868,46,413,46,202394,474050,12432,113824,3.754673045241414,0.19361972123278118
832,0.0869,37,399,37,202793,473651,12469,113787,3.751512799391712,0.19370044157851551
833,0.087,54,355,54,203148,473296,12523,113733,3.7487010518312003,0.1937434096100874
834,0.0871,34,376,34,203524,472920,12557,113699,3.7457229755417565,0.19382086158136713
835,0.0872,49,364,49,203888,472556,12606,113650,3.7428399442402736,0.19387382592467495
836,0.0873,33,382,33,204270,472174,12639,113617,3.7398143454568498,0.19395484054893297
837,0.0874,35,377,35,204647,471797,12674,113582,3.7368283487517426,0.19403155904123653
838,0.0875,29,385,29,205032,471412,12703,113553,3.733778988721328,0.19411930628328192
839,0.0876,46,366,46,205398,471046,12749,113507,3.7308801165885184,0.1941774313022087
840,0.0877,46,382,46,205780,470664,12795,113461,3.7278545178050946,0.19424095869890862
841,0.0878,32,371,32,206151,470293,12827,113429,3.724916043593968,0.19432024148481641
842,0.0879,32,422,32,206573,469871,12859,113397,3.7215736281840073,0.19441663180561938
843,0.088,38,364,38,206937,469507,12897,113359,3.7186905968825243,0.19448552497486557
844,0.0881,39,398,39,207335,469109,12936,113320,3.7155382714484855,0.19456448768862813
845,0.0882,51,408,51,207743,468701,12987,113269,3.712306741857813,0.19463030740416173
846,0.0883,33,393,33,208136,468308,13020,113236,3.709194018502091,0.19471613497860868
847,0.0884,49,427,49,208563,467881,13069,113187,3.7058120010138134,0.19479131530216773
848,0.0885,48,370,48,208933,467511,13117,113139,3.70288144721835,0.1948488762593645
849,0.0886,42,377,42,209310,467134,13159,113097,3.699895450513243,0.1949171967716306
850,0.0887,42,377,42,209687,466757,13201,113055,3.6969094538081357,0.194985616027264
851,0.0888,36,427,36,210114,466330,13237,113019,3.693527436319858,0.19507930452973943
852,0.0889,35,409,35,210523,465921,13272,112984,3.6902879863135216,0.1951684646012731
853,0.089,40,379,40,210902,465542,13312,112944,3.687286148777088,0.19524067998188374
854,0.0891,35,378,35,211280,465164,13347,112909,3.6842922316563174,0.19531962226224023
855,0.0892,48,420,48,211700,464744,13395,112861,3.6809656570776834,0.19539477670726535
856,0.0893,48,445,48,212145,464299,13443,112813,3.6774410721074644,0.19547852063377646
857,0.0894,44,439,44,212584,463860,13487,112769,3.6739640096312254,0.19556595315185327
858,0.0895,43,394,43,212978,463466,13530,112726,3.6708433658598403,0.19563964789514607
859,0.0896,47,399,47,213377,463067,13577,112679,3.667683120010138,0.19570956637128178
860,0.0897,30,393,30,213770,462674,13607,112649,3.6645703966544163,0.19580131508735094
861,0.0898,29,388,29,214158,462286,13636,112620,3.6614972753770116,0.19589289379481167
862,0.0899,44,378,44,214536,461908,13680,112576,3.658503358256241,0.1959602008062888
863,0.09,33,429,33,214965,461479,13713,112543,3.655105499936637,0.1960604297396267
864,0.0901,40,364,40,215329,461115,13753,112503,3.652222468635154,0.19612878256958463
865,0.0902,47,386,47,215715,460729,13800,112456,3.6491651881890763,0.19619494578539215
866,0.0903,28,394,28,216109,460335,13828,112428,3.646044544417691,0.19629061234751546
867,0.0904,42,417,42,216526,459918,13870,112386,3.6427417310860473,0.196374654030026
868,0.0905,40,388,40,216914,459530,13910,112346,3.6396686098086426,0.19645167833586302
869,0.0906,43,380,43,217294,459150,13953,112303,3.6366588518565455,0.19652184869096845
870,0.0907,46,422,46,217716,458728,13999,112257,3.633316436446585,0.1966023625839558
871,0.0908,37,433,37,218149,458295,14036,112220,3.6298868964643263,0.19669947328291104
872,0.0909,35,353,35,218502,457942,14071,112185,3.6270909897351413,0.19677194730296935
873,0.091,45,400,45,218902,457542,14116,112140,3.623922823469776,0.1968466618218585
874,0.0911,49,384,49,219286,457158,14165,112091,3.620881383855025,0.19691031516963578
875,0.0912,36,351,36,219637,456807,14201,112055,3.6181013179571666,0.196980990117111
876,0.0913,37,405,37,220042,456402,14238,112018,3.6148935496134835,0.19706906864642343
877,0.0914,47,413,47,220455,455989,14285,111971,3.611622417944494,0.1971459257694204
878,0.0915,42,361,42,220816,455628,14327,111929,3.6087631478900013,0.1972119099931813
879,0.0916,38,399,38,221215,455229,14365,111891,3.605602902040299,0.19729686838764282
880,0.0917,33,396,33,221611,454833,14398,111858,3.6024664174375873,0.19738799451552963
881,0.0918,36,405,36,222016,454428,14434,111822,3.5992586490939042,0.19747814569536423
882,0.0919,34,402,34,222418,454026,14468,111788,3.596074641997212,0.19757022625809895
883,0.092,50,392,50,222810,453634,14518,111738,3.5929698390571536,0.19763624657747467
884,0.0921,42,412,42,223222,453222,14560,111696,3.589706627803827,0.19772073115036165
885,0.0922,36,413,36,223635,452809,14596,111660,3.586435496134837,0.19781422894791387
886,0.0923,35,389,35,224024,452420,14631,111625,3.583354454441769,0.19790087670309994
887,0.0924,43,431,43,224455,451989,14674,111582,3.5799407552908376,0.19799102508823202
888,0.0925,38,391,38,224846,451598,14712,111544,3.576843872766443,0.19807437555714189
889,0.0926,27,376,27,225222,451222,14739,111517,3.573865796476999,0.19816824495903074
890,0.0927,35,402,35,225624,450820,14774,111482,3.570681789380307,0.1982600097456527
891,0.0928,55,384,55,226008,450436,14829,111427,3.5676403497655556,0.19831702746043076
892,0.0929,45,403,45,226411,450033,14874,111382,3.5644484222532,0.19839512659975242
893,0.093,42,423,42,226834,449610,14916,111340,3.5610980864275756,0.19848471343256974
894,0.0931,46,402,46,227236,449208,14962,111294,3.5579140793308834,0.19856128970101802
895,0.0932,37,417,37,227653,448791,14999,111257,3.5546112659992395,0.19865618661257606
896,0.0933,37,396,37,228049,448395,15036,111220,3.5514747813965277,0.19874377920534653
897,0.0934,41,394,41,228443,448001,15077,111179,3.5483541376251426,0.19882506527415145
898,0.0935,47,392,47,228835,447609,15124,111132,3.545249334685084,0.1988971634442434
899,0.0936,35,431,35,229266,447178,15159,111097,3.5418356355341527,0.19900049258877794
900,0.0937,39,426,39,229692,446752,15198,111058,3.5384615384615383,0.1990964665387856
901,0.0938,37,386,37,230078,446366,15235,111021,3.5354042580154608,0.1991811793242397
902,0.0939,44,385,44,230463,445981,15279,110977,3.532354897985046,0.1992555991654667
903,0.094,36,368,36,230831,445613,15315,110941,3.52944018502091,0.19933555414209583
904,0.0941,43,364,43,231195,445249,15358,110898,3.5265571537194274,0.19940411437983124
905,0.0942,57,381,57,231576,444868,15415,110841,3.5235394753516665,0.19945870950443487
906,0.0943,34,405,34,231981,444463,15449,110807,3.520331707007984,0.19955517135807804
907,0.0944,33,386,33,232367,444077,15482,110774,3.517274426561906,0.19964639155376848
908,0.0945,33,415,33,232782,443662,15515,110741,3.513987454061589,0.1997481976107633
909,0.0946,38,404,38,233186,443258,15553,110703,3.51078760613357,0.19983897783417967
910,0.0947,50,406,50,233592,442852,15603,110653,3.5075719173742237,0.19991327991617058
911,0.0948,45,435,45,234027,442417,15648,110608,3.504126536560639,0.20000542470955202
912,0.0949,44,379,44,234406,442038,15692,110564,3.5011246990242046,0.20007889946109497
913,0.095,48,395,48,234801,441643,15740,110516,3.497996134837156,0.2001524923074694
914,0.0951,43,420,43,235221,441223,15783,110473,3.4946695602585223,0.2002425248687683
915,0.0952,32,408,32,235629,440815,15815,110441,3.4914380306678496,0.20034430464248915
916,0.0953,48,375,48,236004,440440,15863,110393,3.488467874794069,0.2004110138644562
917,0.0954,32,410,32,236414,440030,15895,110361,3.4852205043720694,0.20051381654133152
918,0.0955,43,420,43,236834,439610,15938,110318,3.4818939297934355,0.2006044427634163
919,0.0956,32,385,32,237219,439225,15970,110286,3.4788445697630213,0.20069843915772387
920,0.0957,45,380,45,237599,438845,16015,110241,3.4758348118109237,0.20077182809250282
921,0.0958,42,360,42,237959,438485,16057,110199,3.472983462172095,0.20084237922009754
922,0.0959,32,391,32,238350,438094,16089,110167,3.4698865796477,0.20093896884877824
923,0.096,38,417,38,238767,437677,16127,110129,3.4665837663160564,0.2010364983223988
924,0.0961,56,370,56,239137,437307,16183,110073,3.463653212520593,0.20109065000548065
925,0.0962,57,399,57,239536,436908,16240,110016,3.460492966670891,0.20115409087917152
926,0.0963,41,363,41,239899,436545,16281,109975,3.4576178557850716,0.2012277684256752
927,0.0964,49,377,49,240276,436168,16330,109926,3.4546318590799645,0.20129501514391296
928,0.0965,31,383,31,240659,435785,16361,109895,3.451598339880877,0.20139092508429848
929,0.0966,47,438,47,241097,435347,16408,109848,3.4481291978203017,0.2014838727427801
930,0.0967,47,396,47,241493,434951,16455,109801,3.4449927132175895,0.2015614444738156
931,0.0968,40,379,40,241872,434572,16495,109761,3.4419908756811557,0.20164311184513892
932,0.0969,40,398,40,242270,434174,16535,109721,3.438838550247117,0.20173195193925297
933,0.097,35,389,35,242659,433785,16570,109686,3.435757508554049,0.20182493638115004
934,0.0971,46,414,46,243073,433371,16616,109640,3.4324784564693953,0.20191119516915865
935,0.0972,40,407,40,243480,432964,16656,109600,3.429254847294386,0.2020038189043136
936,0.0973,46,393,46,243873,432571,16702,109554,3.4261421239386642,0.20208254553839058
937,0.0974,42,411,42,244284,432160,16744,109512,3.422886833101001,0.2021740093636001
938,0.0975,49,383,49,244667,431777,16793,109463,3.4198533139019136,0.20224484517034957
939,0.0976,43,370,43,245037,431407,16836,109420,3.4169227601064502,0.20231978063225395
940,0.0977,34,420,34,245457,430987,16870,109386,3.4135961855278163,0.2024268421997398
941,0.0978,32,372,32,245829,430615,16902,109354,3.4106497909010263,0.2025190335000713
942,0.0979,53,392,53,246221,430223,16955,109301,3.4075449879609683,0.20258783668567107
943,0.098,36,373,36,246594,429850,16991,109265,3.404590672918515,0.20267475399497326
944,0.0981,41,397,41,246991,429453,17032,109224,3.4014462679001394,0.2027634370875311
945,0.0982,51,389,51,247380,429064,17083,109173,3.3983652262070714,0.20283443910396348
946,0.0983,46,438,46,247818,428626,17129,109127,3.394896084146496,0.20293145737913132
947,0.0984,49,366,49,248184,428260,17178,109078,3.3919972120136865,0.20299699630400234
948,0.0985,46,399,46,248583,427861,17224,109032,3.3888369661639843,0.20307957078971042
949,0.0986,38,370,38,248953,427491,17262,108994,3.385906412368521,0.20316318256801216
950,0.0987,46,419,46,249372,427072,17308,108948,3.382587758205551,0.2032536099399276
951,0.0988,32,367,32,249739,426705,17340,108916,3.379680965657078,0.2033452758573693
952,0.0989,36,408,36,250147,426297,17376,108880,3.376449436066405,0.20344671015383695
953,0.099,38,406,38,250553,425891,17414,108842,3.373233747307059,0.20354457271198897
954,0.0991,39,400,39,250953,425491,17453,108803,3.370065581041693,0.2036388205744403
955,0.0992,53,405,53,251358,425086,17506,108750,3.36685781269801,0.2037142493200159
956,0.0993,50,396,50,251754,424690,17556,108700,3.3637213280952984,0.2037908472224826
957,0.0994,47,350,47,252104,424340,17603,108653,3.3609491826131035,0.2038544596270495
958,0.0995,40,445,40,252549,423895,17643,108613,3.3574245976428845,0.20396501085429702
959,0.0996,36,370,36,252919,423525,17679,108577,3.354494043847421,0.2040529823229381
960,0.0997,34,391,34,253310,423134,17713,108543,3.3513971613230265,0.2041521450053322
961,0.0998,43,390,43,253700,422744,17756,108500,3.3483081992142947,0.20423760080113845
962,0.0999,45,405,45,254105,422339,17801,108455,3.345100430870612,0.20432597203434855
963,0.1,49,393,49,254498,421946,17850,108406,3.3419877075148903,0.20440386761999577
964,0.1001,35,394,35,254892,421552,17885,108371,3.338867063743505,0.2045032957618371
965,0.1002,46,390,46,255282,421162,17931,108325,3.335778101634774,0.20458481511349666
966,0.1003,46,380,46,255662,420782,17977,108279,3.3327683436826763,0.20466260034287162
967,0.1004,49,407,49,256069,420375,18026,108230,3.329544734507667,0.20474645529270438
968,0.1005,43,378,43,256447,419997,18069,108187,3.3265508173868965,0.20482824167335625
969,0.1006,50,387,50,256834,419610,18119,108137,3.323485616525155,0.20490310698118605
970,0.1007,35,375,35,257209,419235,18154,108102,3.320515460651375,0.2049960461716132
971,0.1008,40,376,40,257585,418859,18194,108062,3.3175373843619314,0.20508197623552676
972,0.1009,38,384,38,257969,418475,18232,108024,3.3144959447471805,0.20517417886833594
973,0.101,44,398,44,258367,418077,18276,107980,3.3113436193131416,0.20526292778159022
974,0.1011,37,379,37,258746,417698,18313,107943,3.308341781776708,0.20535498562707247
975,0.1012,36,371,36,259117,417327,18349,107907,3.305403307565581,0.2054455728303956
976,0.1013,52,381,52,259498,416946,18401,107855,3.30238562919782,0.20551599558689865
977,0.1014,48,403,48,259901,416543,18449,107807,3.2991937016854647,0.20560122055878707
978,0.1015,46,392,46,260293,416151,18495,107761,3.2960888987454062,0.20568530592924003
979,0.1016,34,413,34,260706,415738,18529,107727,3.292817767076416,0.20579599400150916
980,0.1017,39,376,39,261082,415362,18568,107688,3.2898396907869727,0.20588471465443076
981,0.1018,38,392,38,261474,414970,18606,107650,3.2867348878469143,0.20598140140063526
982,0.1019,51,409,51,261883,414561,18657,107599,3.283495437840578,0.20606519074613144
983,0.102,52,386,52,262269,414175,18709,107547,3.2804381573945,0.20613851821468138
984,0.1021,52,349,52,262618,413826,18761,107495,3.2776739323279687,0.2061973333128725
985,0.1022,37,415,37,263033,413411,18798,107458,3.274386959827652,0.20630523221769773
986,0.1023,50,384,50,263417,413027,18848,107408,3.271345520212901,0.20638120034202156
987,0.1024,47,380,47,263797,412647,18895,107361,3.2683357622608034,0.20646028522638113
988,0.1025,40,421,40,264218,412226,18935,107321,3.265001267266506,0.2065664896534866
989,0.1026,42,385,42,264603,411841,18977,107279,3.261951907236092,0.20665549391277546
990,0.1027,48,423,48,265026,411418,19025,107231,3.2586015714104675,0.20675061554153193
991,0.1028,42,363,42,265389,411055,19067,107189,3.2557264605246483,0.20683114517485973
992,0.1029,51,427,51,265816,410628,19118,107138,3.2523444430363706,0.2069235909658031
993,0.103,38,328,38,266144,410300,19156,107100,3.2497465466987707,0.20699652106687283
994,0.1031,36,421,36,266565,409879,19192,107064,3.2464120517044734,0.2071098747830999
995,0.1032,31,436,31,267001,409443,19223,107033,3.242958750475225,0.2072371223445039
996,0.1033,32,414,32,267415,409029,19255,107001,3.2396796983905713,0.20735422359165165
997,0.1034,48,384,48,267799,408645,19303,106953,3.2366382587758205,0.2074348620436852
998,0.1035,43,374,43,268173,408271,19346,106910,3.2336760233177038,0.20751929904247246
999,0.1036,44,363,44,268536,407908,19390,106866,3.2308009124318846,0.20759789732970196
1000,0.1037,36,393,36,268929,407515,19426,106830,3.227688189076163,0.2077010566837434
1001,0.1038,45,369,45,269298,407146,19471,106785,3.224765555696363,0.20778081104272753
1002,0.1039,40,394,40,269692,406752,19511,106745,3.2216449119249777,0.2078785270410538
1003,0.104,40,406,40,270098,406346,19551,106705,3.2184292231656317,0.20798127281693243
1004,0.1041,48,412,48,270510,405934,19599,106657,3.2151660119123053,0.2080742736411681
1005,0.1042,47,410,47,270920,405524,19646,106610,3.2119186414903056,0.20816817473551844
1006,0.1043,45,398,45,271318,405126,19691,106565,3.2087663160562667,0.20826045406309668
1007,0.1044,52,420,52,271738,404706,19743,106513,3.2054397414776328,0.20835101981733856
1008,0.1045,40,399,40,272137,404307,19783,106473,3.2022794956279306,0.20845177963115236
1009,0.1046,45,357,45,272494,403950,19828,106428,3.199451907236092,0.20852779704454347
1010,0.1047,31,411,31,272905,403539,19859,106397,3.196196616398429,0.20864775187474507
1011,0.1048,38,374,38,273279,403165,19897,106359,3.1932343809403116,0.20874188458247306
1012,0.1049,31,397,31,273676,402768,19928,106328,3.1900899759219365,0.20885648286374278
1013,0.105,57,385,57,274061,402383,19985,106271,3.187040615891522,0.20892591034377003
1014,0.1051,37,369,37,274430,402014,20022,106234,3.1841179825117223,0.20902000598133194
1015,0.1052,34,370,34,274800,401644,20056,106200,3.181187428716259,0.20911933585904333
1016,0.1053,44,373,44,275173,401271,20100,106156,3.1782331136738056,0.20920447670305287
1017,0.1054,64,371,64,275544,400900,20164,106092,3.175294639462679,0.2092577397670969
1018,0.1055,41,397,41,275941,400503,20205,106051,3.1721502344443038,0.2093577387603296
1019,0.1056,48,422,48,276363,400081,20253,106003,3.1688078190343427,0.20945732329020478
1020,0.1057,41,393,41,276756,399688,20294,105962,3.1656950956786214,0.20955601700781173
1021,0.1058,41,390,41,277146,399298,20335,105921,3.1626061335698896,0.20965363535417314
1022,0.1059,43,357,43,277503,398941,20378,105878,3.159778545178051,0.20973457813592594
1023,0.106,51,407,51,277910,398534,20429,105827,3.1565549360030416,0.20982391580633714
1024,0.1061,41,371,41,278281,398163,20470,105786,3.153616461791915,0.20991409845043843
1025,0.1062,47,395,47,278676,397768,20517,105739,3.1504878976048665,0.2100050247563589
1026,0.1063,41,382,41,279058,397386,20558,105698,3.1474622988214422,0.2101001025673645
1027,0.1064,41,364,41,279422,397022,20599,105657,3.1445792675199593,0.21018781369422634
1028,0.1065,53,380,53,279802,396642,20652,105604,3.141569509567862,0.2102634963742867
1029,0.1066,41,386,41,280188,396256,20693,105563,3.138512229121784,0.2103607077452229
1030,0.1067,47,385,47,280573,395871,20740,105516,3.13546286909137,0.21044821664702115
1031,0.1068,40,381,40,280954,395490,20780,105476,3.132445190723609,0.210545226622166
1032,0.1069,51,359,51,281313,395131,20831,105425,3.1296017615004437,0.2106157952356979
1033,0.107,37,343,37,281656,394788,20868,105388,3.1268850589278925,0.2107018329547999
1034,0.1071,39,407,39,282063,394381,20907,105349,3.123661449752883,0.21081183839273207
1035,0.1072,29,349,29,282412,394032,20936,105320,3.1208972246863516,0.21091334369342668
1036,0.1073,34,431,34,282843,393601,20970,105286,3.11748352553542,0.2110417790000541
1037,0.1074,59,377,59,283220,393224,21029,105227,3.114497528830313,0.21110801262310638
1038,0.1075,40,357,40,283577,392867,21069,105187,3.1116699404384742,0.21119597473366342
1039,0.1076,50,380,50,283957,392487,21119,105137,3.108660182486377,0.21127799302284456
1040,0.1077,50,343,50,284300,392144,21169,105087,3.105943479913826,0.21134442542802037
1041,0.1078,48,413,48,284713,391731,21217,105039,3.1026723482448357,0.21144392777341628
1042,0.1079,44,398,44,285111,391333,21261,104995,3.0995200228107973,0.21154357602230783
1043,0.108,45,343,45,285454,390990,21306,104950,3.096803320238246,0.21161834092833812
1044,0.1081,39,404,39,285858,390586,21345,104911,3.093603472310227,0.21172882984155303
1045,0.1082,39,380,39,286238,390206,21384,104872,3.0905937143581297,0.21182924710853643
1046,0.1083,41,348,41,286586,389858,21425,104831,3.0878374097072614,0.2119129392406138
1047,0.1084,46,368,46,286954,389490,21471,104785,3.084922696743125,0.21199736988518536
1048,0.1085,43,343,43,287297,389147,21514,104742,3.082205994170574,0.21207599278380365
1049,0.1086,32,371,32,287668,388776,21546,104710,3.0792675199594473,0.21218433754959615
1050,0.1087,52,404,52,288072,388372,21598,104658,3.0760676720314284,0.21227511510455754
1051,0.1088,60,349,60,288421,388023,21658,104598,3.0733034469648968,0.2123295596411846
1052,0.1089,37,370,37,288791,387653,21695,104561,3.0703728931694334,0.21242995932663436
1053,0.109,47,386,47,289177,387267,21742,104514,3.067315612723356,0.2125214272206531
1054,0.1091,45,356,45,289533,386911,21787,104469,3.0644959447471805,0.21260328055679922
1055,0.1092,44,372,44,289905,386539,21831,104425,3.0615495501203904,0.2126938023969171
1056,0.1093,50,355,50,290260,386184,21881,104375,3.0587378025598784,0.21276747547185965
1057,0.1094,40,398,40,290658,385786,21921,104335,3.0555854771258395,0.21287600408878624
1058,0.1095,57,366,57,291024,385420,21978,104278,3.05268660499303,0.2129434876188998
1059,0.1096,45,395,45,291419,385025,22023,104233,3.0495580408059815,0.21304301615916346
1060,0.1097,37,370,37,291789,384655,22060,104196,3.046627487010518,0.21314470053247309
1061,0.1098,46,383,46,292172,384272,22106,104150,3.0435939678114305,0.2132377329440525
1062,0.1099,48,417,48,292589,383855,22154,104102,3.040291154479787,0.21334256911982
1063,0.11,33,382,33,292971,383473,22187,104069,3.037265555696363,0.21345648169798703
1064,0.1101,41,367,41,293338,383106,22228,104028,3.03435876314789,0.2135510968234613
1065,0.1102,36,396,36,293734,382710,22264,103992,3.031222278545178,0.21366667899453876
1066,0.1103,41,349,41,294083,382361,22305,103951,3.0284580534786465,0.21375372189047362
1067,0.1104,43,349,43,294432,382012,22348,103908,3.025693828412115,0.21383766875205795
1068,0.1105,36,371,36,294803,381641,22384,103872,3.0227553542009886,0.21394277805125714
1069,0.1106,50,363,50,295166,381278,22434,103822,3.019880243315169,0.21402185116470832
1070,0.1107,48,384,48,295550,380894,22482,103774,3.016838803700418,0.21411357877970075
1071,0.1108,45,377,45,295927,380517,22527,103729,3.013852806995311,0.21420724177380918
1072,0.1109,43,392,43,296319,380125,22570,103686,3.010748004055253,0.21431096027167634
1073,0.111,44,378,44,296697,379747,22614,103642,3.0077540869344825,0.21440703036270994
1074,0.1111,46,360,46,297057,379387,22660,103596,3.0049027372956534,0.2144920214583122
1075,0.1112,54,375,54,297432,379012,22714,103542,3.001932581421873,0.21457080451099772
1076,0.1113,45,384,45,297816,378628,22759,103497,2.998891141807122,0.2146683951257454
1077,0.1114,44,368,44,298184,378260,22803,103453,2.9959764288429858,0.21476065624137194
1078,0.1115,48,376,48,298560,377884,22851,103405,2.992998352553542,0.21485012123692834
1079,0.1116,54,380,54,298940,377504,22905,103351,2.989988594601445,0.2149317361782658
1080,0.1117,53,363,53,299303,377141,22958,103298,2.9871134837156252,0.21500752436833812
1081,0.1118,53,377,53,299680,376764,23011,103245,2.984127487010518,0.21508971706780497
1082,0.1119,40,364,40,300044,376400,23051,103205,2.9812444557090356,0.2151874980452664
1083,0.112,37,358,37,300402,376042,23088,103168,2.9784089469015336,0.215287660941967
1084,0.1121,53,357,53,300759,375685,23141,103115,2.9755813585096944,0.21536131996658311
1085,0.1122,43,337,43,301096,375348,23184,103072,2.972912178431124,0.21544249822331843
1086,0.1123,45,327,45,301423,375021,23229,103027,2.9703222025091875,0.21551601512818797
1087,0.1124,41,389,41,301812,374632,23270,102986,2.9672411608161195,0.21562420176794006
1088,0.1125,34,377,34,302189,374255,23304,102952,2.9642551641110124,0.21573866267678388
1089,0.1126,47,401,47,302590,373854,23351,102905,2.9610790774299836,0.21584280527478245
1090,0.1127,36,383,36,302973,373471,23387,102869,2.958045558230896,0.21595708947390518
1091,0.1128,34,380,34,303353,373091,23421,102835,2.9550358002787984,0.21607350722591329
1092,0.1129,56,388,56,303741,372703,23477,102779,2.951962679001394,0.21615749912720145
1093,0.113,49,343,49,304084,372360,23526,102730,2.949245976428843,0.21623271380159548
1094,0.1131,54,337,54,304421,372023,23580,102676,2.9465767963502723,0.21629706403426172
1095,0.1132,48,355,48,304776,371668,23628,102628,2.9437650487897606,0.21637964477878793
1096,0.1133,47,392,47,305168,371276,23675,102581,2.940660245849702,0.21648092145942763
1097,0.1134,39,360,39,305528,370916,23714,102542,2.937808896210873,0.2165809850081739
1098,0.1135,43,352,43,305880,370564,23757,102499,2.9350209098973514,0.21667092966475923
1099,0.1136,37,354,37,306234,370210,23794,102462,2.9322170827525027,0.2167718840972175
1100,0.1137,34,404,34,306638,369806,23828,102428,2.9290172348244834,0.21690094317647607
1101,0.1138,59,364,59,307002,369442,23887,102369,2.926134203523001,0.21697035465472403
1102,0.1139,41,382,41,307384,369060,23928,102328,2.9231086047395767,0.21707807581016064
1103,0.114,50,392,50,307776,368668,23978,102278,2.9200038017995182,0.21717564221800376
1104,0.1141,43,347,43,308123,368321,24021,102235,2.9172554175643137,0.21726425760164572
1105,0.1142,53,373,53,308496,367948,24074,102182,2.9143011025218604,0.2173483929976815
1106,0.1143,43,364,43,308860,367584,24117,102139,2.9114180712203774,0.21744517513513284
1107,0.1144,47,344,47,309204,367240,24164,102092,2.9086934482321634,0.21752618615393793
1108,0.1145,60,374,60,309578,366866,24224,102032,2.9057312127740462,0.2175995632312358
1109,0.1146,43,359,43,309937,366507,24267,101989,2.902887783550881,0.21769449472354085
1110,0.1147,56,376,56,310313,366131,24323,101933,2.899909707261437,0.2177757742530936
1111,0.1148,44,373,44,310686,365758,24367,101889,2.8969553922189837,0.21787587646237438
1112,0.1149,34,359,34,311045,365399,24401,101855,2.894111962995818,0.21798636287757836
1113,0.115,39,342,39,311387,365057,24440,101816,2.8914031808389304,0.21808072002450346
1114,0.1151,52,356,52,311743,364701,24492,101764,2.888583512862755,0.21815999056735233
1115,0.1152,48,359,48,312102,364342,24540,101716,2.8857400836395892,0.21824751425788205
1116,0.1153,52,379,52,312481,363963,24592,101664,2.8827382461031554,0.21833785411928433
1117,0.1154,52,360,52,312841,363603,24644,101612,2.8798868964643263,0.21841944047375944
1118,0.1155,57,412,57,313253,363191,24701,101555,2.876623685211,0.21851721155211665
1119,0.1156,38,348,38,313601,362843,24739,101517,2.8738673805601316,0.21861702127659574
1120,0.1157,40,342,40,313943,362501,24779,101477,2.871158598403244,0.21871080094314815
1121,0.1158,54,390,54,314333,362111,24833,101423,2.868069636294513,0.21880379864260227
1122,0.1159,48,373,48,314706,361738,24881,101375,2.8651153212520595,0.21889905919289676
1123,0.116,58,347,58,315053,361391,24939,101317,2.8623669370168545,0.21896530857473828
1124,0.1161,36,344,36,315397,361047,24975,101281,2.8596423140286404,0.21906741534148916
1125,0.1162,31,335,31,315732,360712,25006,101250,2.8569889747813964,0.21917387144397157
1126,0.1163,37,408,37,316140,360304,25043,101213,2.8537574451907237,0.21930503101727564
1127,0.1164,43,376,43,316516,359928,25086,101170,2.85077936890128,0.2194110579529731
1128,0.1165,40,361,40,316877,359567,25126,101130,2.8479200988467874,0.21951521281883754
1129,0.1166,49,370,49,317247,359197,25175,101081,2.8449895450513245,0.21960858437726766
1130,0.1167,43,331,43,317578,358866,25218,101038,2.842367887466734,0.21969367520178124
1131,0.1168,61,326,61,317904,358540,25279,100977,2.8397858319604614,0.2197459506394758
1132,0.1169,51,343,51,318247,358197,25330,100926,2.8370691293879102,0.2198234460046654
1133,0.117,55,391,55,318638,357806,25385,100871,2.8339722468635156,0.21991728384026232
1134,0.1171,59,354,59,318992,357452,25444,100812,2.831168419718667,0.21998673253844944
1135,0.1172,45,355,45,319347,357097,25489,100767,2.828356672158155,0.22008063529781768
1136,0.1173,36,341,36,319688,356756,25525,100731,2.8256558104169307,0.2201833057551362
1137,0.1174,43,359,43,320047,356397,25568,100688,2.822812381193765,0.22028287955194328
1138,0.1175,49,336,49,320383,356061,25617,100639,2.820151121530858,0.22036128749726297
1139,0.1176,46,352,46,320735,355709,25663,100593,2.8173631352173363,0.22045268265315515
1140,0.1177,36,364,36,321099,355345,25699,100557,2.8144801039158533,0.22056713942908784
1141,0.1178,56,400,56,321499,354945,25755,100501,2.811311937650488,0.2206650184654163
1142,0.1179,44,346,44,321845,354599,25799,100457,2.8085714738309466,0.22075744523750923
1143,0.118,37,362,37,322207,354237,25836,100420,2.805704283360791,0.2208697985514355
1144,0.1181,44,375,44,322582,353862,25880,100376,2.8027341274870103,0.22097666861865367
1145,0.1182,41,373,41,322955,353489,25921,100335,2.799779812444557,0.2210879107319137
1146,0.1183,60,340,60,323295,353149,25981,100275,2.7970868711189962,0.22115062281661316
1147,0.1184,57,365,57,323660,352784,26038,100218,2.7941959194018504,0.22123081134299627
1148,0.1185,46,382,46,324042,352402,26084,100172,2.791170320618426,0.2213383888601643
1149,0.1186,48,356,48,324398,352046,26132,100124,2.788350652642251,0.22142999314417144
1150,0.1187,46,334,46,324732,351712,26178,100078,2.7857052338106705,0.22151442041656522
1151,0.1188,47,350,47,325082,351362,26225,100031,2.7829330883284755,0.22160512015029032
1152,0.1189,39,372,39,325454,350990,26264,99992,2.7799866937016855,0.22172060082220577
1153,0.119,52,337,52,325791,350653,26316,99940,2.7773175136231147,0.22179661024472194
1154,0.1191,40,380,40,326171,350273,26356,99900,2.7743077556710176,0.221914686131776
1155,0.1192,54,336,54,326507,349937,26410,99846,2.7716464960081106,0.22198704708715092
1156,0.1193,54,357,54,326864,349580,26464,99792,2.768818907616272,0.22206991089787526
1157,0.1194,47,338,47,327202,349242,26511,99745,2.766141807122038,0.22215565261355005
1158,0.1195,47,371,47,327573,348871,26558,99698,2.763203332910911,0.22225789120514347
1159,0.1196,46,339,46,327912,348532,26604,99652,2.7605183120010137,0.22234617924780894
1160,0.1197,46,352,46,328264,348180,26650,99606,2.757730325687492,0.22244107676434727
1161,0.1198,46,336,46,328600,347844,26696,99560,2.755069066024585,0.22252818481730158
1162,0.1199,48,357,48,328957,347487,26744,99512,2.752241477632746,0.22262242197409837
1163,0.12,51,390,51,329347,347097,26795,99461,2.7491525155240146,0.22272806667890846
1164,0.1201,43,364,43,329711,346733,26838,99418,2.746269484222532,0.22283486980865222
1165,0.1202,61,354,61,330065,346379,26899,99357,2.7434656570776834,0.2229054866557783
1166,0.1203,60,354,60,330419,346025,26959,99297,2.7406618299328347,0.2229779799785324
1167,0.1204,51,346,51,330765,345679,27010,99246,2.7379213661132935,0.2230623138731247
1168,0.1205,58,344,58,331109,345335,27068,99188,2.735196743125079,0.22313356114306795
1169,0.1206,62,366,62,331475,344969,27130,99126,2.73229787099227,0.22320899807473626
1170,0.1207,49,353,49,331828,344616,27179,99077,2.7295019642630844,0.22330079582053355
1171,0.1208,42,384,42,332212,344232,27221,99035,2.7264605246483335,0.22342064714946072
1172,0.1209,44,331,44,332543,343901,27265,98991,2.7238388670637437,0.22351047207897184
1173,0.121,36,355,36,332898,343546,27301,98955,2.7210271195032316,0.22362661327319033
1174,0.1211,45,343,45,333241,343203,27346,98910,2.7183104169306804,0.22372108488101458
1175,0.1212,51,339,51,333580,342864,27397,98859,2.715625396020783,0.2238031526544916
1176,0.1213,43,351,43,333931,342513,27440,98816,2.7128453301229247,0.22390552173095354
1177,0.1214,50,348,50,334279,342165,27490,98766,2.710089025472057,0.22399423038978888
1178,0.1215,50,322,50,334601,341843,27540,98716,2.7075386516284374,0.22406987486352567
1179,0.1216,53,362,53,334963,341481,27593,98663,2.7046714611582816,0.22416072921589297
1180,0.1217,49,322,49,335285,341159,27642,98614,2.702121087314662,0.22423841390899396
1181,0.1218,44,351,44,335636,340808,27686,98570,2.699341021416804,0.22433986225983094
1182,0.1219,52,339,52,335975,340469,27738,98518,2.6966560005069065,0.22442122431871558
1183,0.122,49,359,49,336334,340110,27787,98469,2.693812571283741,0.2245182737887587
1184,0.1221,43,339,43,336673,339771,27830,98426,2.6911275503738437,0.22461586911822765
1185,0.1222,39,324,39,336997,339447,27869,98387,2.6885613356988975,0.2247130190894266
1186,0.1223,54,343,54,337340,339104,27923,98333,2.6858446331263464,0.22479351312303258
1187,0.1224,55,336,55,337676,338768,27978,98278,2.6831833734634394,0.2248687781148895
1188,0.1225,47,337,47,338013,338431,28025,98231,2.6805141933848686,0.22495889269045624
1189,0.1226,55,329,55,338342,338102,28080,98176,2.6779083766316054,0.22503082896685142
1190,0.1227,45,348,45,338690,337754,28125,98131,2.6751520719807376,0.22513048166374158
1191,0.1228,45,343,45,339033,337411,28170,98086,2.6724353694081864,0.22522772831959806
1192,0.1229,41,309,41,339342,337102,28211,98045,2.6699879609681916,0.22531466378028575
1193,0.123,59,311,59,339653,336791,28270,97986,2.6675247116968697,0.22537070728212394
1194,0.1231,35,305,35,339958,336486,28305,97951,2.6651089849195286,0.22546652333940248
1195,0.1232,45,367,45,340325,336119,28350,97906,2.6622021923710557,0.22557686769195323
1196,0.1233,48,298,48,340623,335821,28398,97858,2.6598419085033584,0.22564615764194254
1197,0.1234,47,369,47,340992,335452,28445,97811,2.6569192751235584,0.22575433397266786
1198,0.1235,51,365,51,341357,335087,28496,97760,2.654028323406412,0.2258534770946778
1199,0.1236,58,350,58,341707,334737,28554,97702,2.6512561779242176,0.22593244365101206
1200,0.1237,33,336,33,342043,334401,28587,97669,2.64859491826131,0.226049019834749
1201,0.1238,44,290,44,342333,334111,28631,97625,2.6462979977189205,0.2261219819519336
1202,0.1239,50,333,50,342666,333778,28681,97575,2.6436604993030035,0.22620684219189388
1203,0.124,41,338,41,343004,333440,28722,97534,2.6409833988087694,0.22631063590843067
1204,0.1241,53,317,53,343321,333123,28775,97481,2.638472627043467,0.2263820122432676
1205,0.1242,50,355,50,343676,332768,28825,97431,2.6356608794829555,0.2264789085981139
1206,0.1243,52,345,52,344021,332423,28877,97379,2.6329283360790776,0.2265671169515265
1207,0.1244,45,331,45,344352,332092,28922,97334,2.6303066784944873,0.2266607052204571
1208,0.1245,45,342,45,344694,331750,28967,97289,2.6275978963376,0.22676027121077572
1209,0.1246,45,356,45,345050,331394,29012,97244,2.6247782283614245,0.22686742659306922
1210,0.1247,51,331,51,345381,331063,29063,97193,2.622156570776834,0.226950702383621
1211,0.1248,51,347,51,345728,330716,29114,97142,2.6194081865416297,0.22704261694300445
1212,0.1249,55,329,55,346057,330387,29169,97087,2.6168023697883664,0.22711790658613154
1213,0.125,45,321,45,346378,330066,29214,97042,2.6142599163604108,0.22720717008344493
1214,0.1251,37,339,37,346717,329727,29251,97005,2.6115748954505134,0.22732066027389555
1215,0.1252,51,305,51,347022,329422,29302,96954,2.609159168673172,0.22739084751486952
1216,0.1253,54,338,54,347360,329084,29356,96900,2.6064820681789382,0.22747333233173078
1217,0.1254,41,282,41,347642,328802,29397,96859,2.604248510961855,0.22754962282191696
1218,0.1255,36,326,36,347968,328476,29433,96823,2.6016664554555824,0.2276586589669856
1219,0.1256,45,341,45,348309,328135,29478,96778,2.5989655937143583,0.2277595648991676
1220,0.1257,56,317,56,348626,327818,29534,96722,2.596454821949056,0.2278277665237669
1221,0.1258,56,353,56,348979,327465,29590,96666,2.5936589152198706,0.2279154317887634
1222,0.1259,28,328,28,349307,327137,29618,96638,2.591061018882271,0.22804082355023303
1223,0.126,51,319,51,349626,326818,29669,96587,2.5885344062856417,0.22811964903579315
1224,0.1261,49,340,49,349966,326478,29718,96538,2.585841464960081,0.22821359002969155
1225,0.1262,60,351,60,350317,326127,29778,96478,2.5830613990622227,0.22829356018031022
1226,0.1263,52,326,52,350643,325801,29830,96426,2.58047934355595,0.22837478418007376
1227,0.1264,48,375,48,351018,325426,29878,96378,2.5775091876821694,0.22849000957790822
1228,0.1265,49,317,49,351335,325109,29927,96329,2.5749984159168675,0.22857217431745594
1229,0.1266,45,338,45,351673,324771,29972,96284,2.5723213154226334,0.22867321371317287
1230,0.1267,51,358,51,352031,324413,30023,96233,2.5694858066151314,0.22877431379354612
1231,0.1268,60,331,60,352362,324082,30083,96173,2.566864149030541,0.2288443920952755
1232,0.1269,54,323,54,352685,323759,30137,96119,2.5643058547712583,0.2289212580797279
1233,0.127,53,332,53,353017,323427,30190,96066,2.561676276771005,0.22900501319449906
1234,0.1271,56,328,56,353345,323099,30246,96010,2.559078380433405,0.22908121753529512
1235,0.1272,61,317,61,353662,322782,30307,95949,2.556567608668103,0.22914233720455376
1236,0.1273,41,375,41,354037,322407,30348,95908,2.553597452794323,0.22927219918004374
1237,0.1274,42,314,42,354351,322093,30390,95866,2.5511104422760105,0.22936699532729288
1238,0.1275,41,326,41,354677,321767,30431,95825,2.5485283867697377,0.22947039215310638
1239,0.1276,52,319,52,354996,321448,30483,95773,2.5460017741731087,0.2295498069368512
1240,0.1277,46,349,46,355345,321099,30529,95727,2.543237549106577,0.22965697917116495
1241,0.1278,48,377,48,355722,320722,30577,95679,2.54025155240147,0.22977610524470402
1242,0.1279,48,367,48,356089,320355,30625,95631,2.537344759852997,0.22988994821941122
1243,0.128,44,331,44,356420,320024,30669,95587,2.534723102268407,0.2299915064808198
1244,0.1281,45,320,45,356740,319704,30714,95542,2.5321885692561144,0.2300852988349075
1245,0.1282,37,309,37,357049,319395,30751,95505,2.5297411608161195,0.2301879971077368
1246,0.1283,63,306,63,357355,319089,30814,95442,2.5273175136231147,0.23024092287428444
1247,0.1284,51,330,51,357685,318759,30865,95391,2.524703776454188,0.2303295907279971
1248,0.1285,45,362,45,358047,318397,30910,95346,2.5218365859840324,0.2304474033397544
1249,0.1286,46,359,46,358406,318038,30956,95300,2.518993156760867,0.23056191301065956
1250,0.1287,45,321,45,358727,317717,31001,95255,2.516450703332911,0.2306572842710886
1251,0.1288,46,309,46,359036,317408,31047,95209,2.514003294892916,0.230744249509836
1252,0.1289,46,320,46,359356,317088,31093,95163,2.5114687618806233,0.23083752374160402
1253,0.129,48,310,48,359666,316778,31141,95115,2.509013433024965,0.23092162284865245
1254,0.1291,42,351,42,360017,316427,31183,95073,2.506233367127107,0.2310400972053463
1255,0.1292,47,333,47,360350,316094,31230,95026,2.50359586871119,0.23113932671726017
1256,0.1293,44,289,44,360639,315805,31274,94982,2.5013068685844635,0.23121958581941493
1257,0.1294,47,334,47,360973,315471,31321,94935,2.498661449752883,0.23131971754798905
1258,0.1295,55,300,55,361273,315171,31376,94880,2.496285325053859,0.23138585200377515
1259,0.1296,44,304,44,361577,314867,31420,94836,2.493877518692181,0.23147499530147447
1260,0.1297,57,355,57,361932,314512,31477,94779,2.491065771131669,0.2315687371576702
1261,0.1298,62,305,62,362237,314207,31539,94717,2.4886500443543276,0.23162494742299303
1262,0.1299,49,321,49,362558,313886,31588,94668,2.486107590926372,0.2317147794416405
1263,0.13,45,344,45,362902,313542,31633,94623,2.4833829679381574,0.23182536474219984
1264,0.1301,47,305,47,363207,313237,31680,94576,2.480967241160816,0.2319102137499295
1265,0.1302,31,303,31,363510,312934,31711,94545,2.4785673552148015,0.23202422701537995
1266,0.1303,50,317,50,363827,312617,31761,94495,2.4760565834494996,0.23211057399437993
1267,0.1304,48,295,48,364122,312322,31809,94447,2.4737200608287924,0.23218829360152815
1268,0.1305,64,337,64,364459,311985,31873,94383,2.4710508807502216,0.2322599220411056
1269,0.1306,45,323,45,364782,311662,31918,94338,2.468492586490939,0.23235960591133004
1270,0.1307,40,307,40,365089,311355,31958,94298,2.466061018882271,0.23245976240777216
1271,0.1308,53,298,53,365387,311057,32011,94245,2.4637007350145734,0.23253031073125718
1272,0.1309,35,296,35,365683,310761,32046,94210,2.461356291978203,0.23263394168965185
1273,0.131,43,349,43,366032,310412,32089,94167,2.4585920669116716,0.2327530593530559
1274,0.1311,46,311,46,366343,310101,32135,94121,2.4561288176403497,0.23284482289435013
1275,0.1312,37,330,37,366673,309771,32172,94084,2.453515080471423,0.23296480172339082
1276,0.1313,54,308,54,366981,309463,32226,94030,2.4510755924470917,0.2330399783887205
1277,0.1314,40,345,40,367326,309118,32266,93990,2.448343049043214,0.23316332099586215
1278,0.1315,33,304,33,367630,308814,32299,93957,2.4459352426815357,0.23327647720416814
1279,0.1316,44,293,44,367923,308521,32343,93913,2.4436145608921556,0.23336248925289613
1280,0.1317,47,318,47,368241,308203,32390,93866,2.44109586871119,0.233457441384439
1281,0.1318,42,309,42,368550,307894,32432,93824,2.438648460271195,0.23355687322947938
1282,0.1319,46,317,46,368867,307577,32478,93778,2.4361376885058927,0.23365349877290678
1283,0.132,50,330,50,369197,307247,32528,93728,2.433523951336966,0.23375023380510007
1284,0.1321,54,325,54,369522,306922,32582,93674,2.4309498162463568,0.23383658349059902
1285,0.1322,59,342,59,369864,306580,32641,93615,2.428241034089469,0.23392346231212283
1286,0.1323,39,334,39,370198,306246,32680,93576,2.4255956152578886,0.23404414964659273
1287,0.1324,58,359,58,370557,305887,32738,93518,2.422752186034723,0.2341432881411099
1288,0.1325,49,331,49,370888,305556,32787,93469,2.420130528450133,0.2342434684543575
1289,0.1326,52,325,52,371213,305231,32839,93417,2.4175563933595234,0.23433455078164195
1290,0.1327,53,322,53,371535,304909,32892,93364,2.415006019515904,0.23442211749227287
1291,0.1328,60,333,60,371868,304576,32952,93304,2.4123685210999875,0.23450286518548305
1292,0.1329,60,335,60,372203,304241,33012,93244,2.409715181852744,0.23458495289130407
1293,0.133,44,323,44,372526,303918,33056,93200,2.407156887593461,0.2346909482823745
1294,0.1331,43,312,43,372838,303606,33099,93157,2.404685717906476,0.23479255878194288
1295,0.1332,43,312,43,373150,303294,33142,93114,2.4022145482194905,0.23489435127444452
1296,0.1333,51,314,51,373464,302980,33193,93063,2.3997275377011786,0.23498206002883526
1297,0.1334,54,315,54,373779,302665,33247,93009,2.397232606767203,0.23506472500088457
1298,0.1335,48,309,48,374088,302356,33295,92961,2.394785198327208,0.2351555839996762
1299,0.1336,47,296,47,374384,302060,33342,92914,2.3924407552908376,0.23524080066029662
1300,0.1337,38,302,38,374686,301758,33380,92876,2.3900487897604865,0.23534718245260164
1301,0.1338,58,298,58,374984,301460,33438,92818,2.3876885058927892,0.2354125769127367
1302,0.1339,46,316,46,375300,301144,33484,92772,2.3851856545431502,0.235512139643985
1303,0.134,41,315,41,375615,300829,33525,92731,2.382690723609175,0.23562099806890943
1304,0.1341,55,341,55,375956,300488,33580,92676,2.379989861867951,0.2357184279333815
1305,0.1342,37,305,37,376261,300183,33617,92639,2.3775741350906094,0.23582945965348173
1306,0.1343,35,322,35,376583,299861,33652,92604,2.3750237612469904,0.23595479851706522
1307,0.1344,57,272,57,376855,299589,33709,92547,2.3728694081865416,0.2360074055939776
1308,0.1345,54,330,54,377185,299259,33763,92493,2.370255671017615,0.2361009005697482
1309,0.1346,49,311,49,377496,298948,33812,92444,2.367792421746293,0.23619287057476904
1310,0.1347,40,321,40,377817,298627,33852,92404,2.3652499683183374,0.23630863026205084
1311,0.1348,50,278,50,378095,298349,33902,92354,2.363048092763908,0.2363790398333261
1312,0.1349,50,287,50,378382,298062,33952,92304,2.3607749334685084,0.23645501913588787
1313,0.135,62,314,62,378696,297748,34014,92242,2.3582879229501965,0.23652401343624196
1314,0.1351,43,283,43,378979,297465,34057,92199,2.35604644531745,0.23661154225178616
1315,0.1352,46,317,46,379296,297148,34103,92153,2.353535673552148,0.23671400792702818
1316,0.1353,42,340,42,379636,296808,34145,92111,2.3508427322265875,0.23683851907466594
1317,0.1354,47,326,47,379962,296482,34192,92064,2.3482606767203142,0.23694491771888013
1318,0.1355,51,305,51,380267,296177,34243,92013,2.345844949942973,0.23703083541564698
1319,0.1356,47,301,47,380568,295876,34290,91966,2.3434609048282855,0.23712233332130095
1320,0.1357,46,281,46,380849,295595,34336,91920,2.341235268026866,0.23720372114627822
1321,0.1358,45,293,45,381142,295302,34381,91875,2.3389145862374856,0.2372945707002224
1322,0.1359,38,299,38,381441,295003,34419,91837,2.336546381954125,0.23740306069692896
1323,0.136,44,320,44,381761,294683,34463,91793,2.3340118489418327,0.23751280803982652
1324,0.1361,43,322,43,382083,294361,34506,91750,2.331461475098213,0.23762596766214897
1325,0.1362,35,327,35,382410,294034,34541,91715,2.3288714991762767,0.23775823138880464
1326,0.1363,41,306,41,382716,293728,34582,91674,2.326447851983272,0.23786591662731382
1327,0.1364,42,312,42,383028,293416,34624,91632,2.323976682296287,0.23797552512933454
1328,0.1365,46,306,46,383334,293110,34670,91586,2.3215530351032823,0.23807369975253187
1329,0.1366,51,321,51,383655,292789,34721,91535,2.319010581675326,0.23817143868194543
1330,0.1367,48,300,48,383955,292489,34769,91487,2.316634456976302,0.23826228722628498
1331,0.1368,44,333,44,384288,292156,34813,91443,2.3139969585603852,0.23838174760622421
1332,0.1369,43,289,43,384577,291867,34856,91400,2.3117079584336584,0.23847604933375427
1333,0.137,44,307,44,384884,291560,34900,91356,2.3092763908249907,0.23857974072642563
1334,0.1371,40,280,40,385164,291280,34940,91316,2.3070586744392347,0.2386747378435739
1335,0.1372,45,314,45,385478,290966,34985,91271,2.3045716639209224,0.23878117503015145
1336,0.1373,40,296,40,385774,290670,35025,91231,2.3022272208845522,0.23888651771008718
1337,0.1374,44,290,44,386064,290380,35069,91187,2.299930300342162,0.23898031014212445
1338,0.1375,52,328,52,386392,290052,35121,91135,2.297332404004562,0.2390821302930058
1339,0.1376,51,324,51,386716,289728,35172,91084,2.294766189329616,0.23918363917103452
1340,0.1377,38,284,38,387000,289444,35210,91046,2.2925167912812063,0.239286183605351
1341,0.1378,53,309,53,387309,289135,35263,90993,2.2900693828412115,0.2393746317030053
1342,0.1379,60,314,60,387623,288821,35323,90933,2.2875823723228996,0.23945238233172
1343,0.138,48,320,48,387943,288501,35371,90885,2.285047839310607,0.2395581281333523
1344,0.1381,45,311,45,388254,288190,35416,90840,2.2825845900392854,0.23966440651135795
1345,0.1382,48,292,48,388546,287898,35464,90792,2.2802718286655685,0.23975283213182286
1346,0.1383,37,319,37,388865,287579,35501,90755,2.277745216068939,0.23988063457156902
1347,0.1384,42,311,42,389176,287268,35543,90713,2.2752819667976176,0.23999354464906966
1348,0.1385,62,296,62,389472,286972,35605,90651,2.272937523761247,0.24005688212847204
1349,0.1386,44,324,44,389796,286648,35649,90607,2.270371309086301,0.240174417834091
1350,0.1387,41,327,41,390123,286321,35690,90566,2.2677813331643644,0.24030014301368846
1351,0.1388,61,306,61,390429,286015,35751,90505,2.2653576859713596,0.24037235737809412
1352,0.1389,42,303,42,390732,285712,35793,90463,2.262957800025345,0.2404811590350236
1353,0.139,48,277,48,391009,285435,35841,90415,2.2607638448865797,0.2405613941732074
1354,0.1391,48,299,48,391308,285136,35889,90367,2.258395640603219,0.24065586693049057
1355,0.1392,43,325,43,391633,284811,35932,90324,2.255821505512609,0.24077732016474068
1356,0.1393,62,296,62,391929,284515,35994,90262,2.2534770624762386,0.24084188730898642
1357,0.1394,54,287,54,392216,284228,36048,90208,2.251203903180839,0.2409170058434552
1358,0.1395,44,337,44,392553,283891,36092,90164,2.2485347231022685,0.24104476614401626
1359,0.1396,56,288,56,392841,283603,36148,90108,2.246253643391205,0.24111679880977546
1360,0.1397,38,307,38,393148,283296,36186,90070,2.243822075782537,0.24123782026215562
1361,0.1398,55,267,55,393415,283029,36241,90015,2.2417073248004056,0.24129861356837262
1362,0.1399,59,286,59,393701,282743,36300,89956,2.239442085920669,0.24136367417138227
1363,0.14,49,323,49,394024,282420,36349,89907,2.2368837916613864,0.24147322112014438
1364,0.1401,63,310,63,394334,282110,36412,89844,2.2344284628057283,0.24154599762336204
1365,0.1402,39,269,39,394603,281841,36451,89805,2.23229787099227,0.24164123924379652
1366,0.1403,42,298,42,394901,281543,36493,89763,2.229937587124572,0.24174939268420118
1367,0.1404,57,345,57,395246,281198,36550,89706,2.2272050437206943,0.2418577313806268
1368,0.1405,62,311,62,395557,280887,36612,89644,2.224741794449373,0.24193387327915883
1369,0.1406,54,312,54,395869,280575,36666,89590,2.2222706247623876,0.24202720408466494
1370,0.1407,51,317,51,396186,280258,36717,89539,2.2197598529970852,0.2421301416723229
1371,0.1408,51,344,51,396530,279914,36768,89488,2.2170352300088707,0.24225098943698192
1372,0.1409,53,290,53,396820,279624,36821,89435,2.214738309466481,0.2423325267775613
1373,0.141,46,241,46,397061,279383,36867,89389,2.212829489291598,0.24239638584274295
1374,0.1411,45,289,45,397350,279094,36912,89344,2.2105404891648712,0.24249398813368872
1375,0.1412,36,301,36,397651,278793,36948,89308,2.208156444050184,0.24261819446293273
1376,0.1413,39,293,39,397944,278500,36987,89269,2.2058357622608034,0.24273117092522753
1377,0.1414,62,314,62,398258,278186,37049,89207,2.2033487517424915,0.24281083199734343
1378,0.1415,44,283,44,398541,277903,37093,89163,2.2011072741097455,0.24290727008221955
1379,0.1416,40,293,40,398834,277610,37133,89123,2.198786592320365,0.24301876296924466
1380,0.1417,50,307,50,399141,277303,37183,89073,2.1963550247116967,0.24311909077013777
1381,0.1418,53,335,53,399476,276968,37236,89020,2.193701685464453,0.24323201853612686
1382,0.1419,48,270,48,399746,276698,37284,88972,2.1915631732353313,0.2433122760959335
1383,0.142,48,309,48,400055,276389,37332,88924,2.1891157647953365,0.2434186574252764
1384,0.1421,43,311,43,400366,276078,37375,88881,2.1866525155240146,0.24353694524590433
1385,0.1422,61,289,61,400655,275789,37436,88820,2.1843635153972882,0.2436034217476804
1386,0.1423,49,303,49,400958,275486,37485,88771,2.1819636294512734,0.24370430767287932
1387,0.1424,57,294,57,401252,275192,37542,88714,2.17963502724623,0.24378273510192192
1388,0.1425,40,259,40,401511,274933,37582,88674,2.1775836395894057,0.24387319276031538
1389,0.1426,44,295,44,401806,274638,37626,88630,2.1752471169686984,0.24397965138685487
1390,0.1427,53,302,53,402108,274336,37679,88577,2.1728551514383474,0.24407227076461852
1391,0.1428,47,273,47,402381,274063,37726,88530,2.1706928779622356,0.24415805048635797
1392,0.1429,38,289,38,402670,273774,37764,88492,2.168403877835509,0.24427354485378147
1393,0.143,52,316,52,402986,273458,37816,88440,2.16590102648587,0.24437825022520157
1394,0.1431,41,293,41,403279,273165,37857,88399,2.1635803446964896,0.24449060194045868
1395,0.1432,50,297,50,403576,272868,37907,88349,2.1612279812444557,0.2445870487823109
1396,0.1433,51,257,51,403833,272611,37958,88298,2.159192434418958,0.2446544696862644
1397,0.1434,49,283,49,404116,272328,38007,88249,2.156950956786212,0.2447438411213139
1398,0.1435,45,319,45,404435,272009,38052,88204,2.154424344189583,0.24486623192388948
1399,0.1436,47,262,47,404697,271747,38099,88157,2.1523491952857685,0.24494587445541033
1400,0.1437,52,267,52,404964,271480,38151,88105,2.150234444303637,0.24501856306575637
1401,0.1438,46,275,46,405239,271205,38197,88059,2.1480563299961983,0.24510944597844483
1402,0.1439,49,271,49,405510,270934,38246,88010,2.145909897351413,0.24519145047695462
1403,0.144,52,312,52,405822,270622,38298,87958,2.143438727664428,0.24529533158569913
1404,0.1441,53,292,53,406114,270330,38351,87905,2.1411259662907107,0.24538361689952126
1405,0.1442,35,311,35,406425,270019,38386,87870,2.1386627170193893,0.24552305323717688
1406,0.1443,49,269,49,406694,269750,38435,87821,2.136532125205931,0.24560436948186515
1407,0.1444,46,289,46,406983,269461,38481,87775,2.134243125079204,0.2457059198960911
1408,0.1445,47,323,47,407306,269138,38528,87728,2.131684830819921,0.24582896661491987
1409,0.1446,37,303,37,407609,268835,38565,87691,2.129284944873907,0.24595962145818256
1410,0.1447,60,272,60,407881,268563,38625,87631,2.1271305918134584,0.24602042707064128
1411,0.1448,40,302,40,408183,268261,38665,87591,2.1247386262831074,0.24614446455267922
1412,0.1449,42,281,42,408464,267980,38707,87549,2.122512989481688,0.2462499542934613
1413,0.145,35,296,35,408760,267684,38742,87514,2.1201685464453175,0.2463808917843006
1414,0.1451,51,275,51,409035,267409,38793,87463,2.1179904321378786,0.24646351360490543
1415,0.1452,30,283,30,409318,267126,38823,87433,2.1157489545051322,0.24659647618590982
1416,0.1453,45,298,45,409616,266828,38868,87388,2.113388670637435,0.24670822323102287
1417,0.1454,37,283,37,409899,266545,38905,87351,2.111147193004689,0.24682675136198204
1418,0.1455,43,297,43,410196,266248,38948,87308,2.108794829552655,0.2469424928441322
1419,0.1456,55,246,55,410442,266002,39003,87253,2.106846407299455,0.24699721164597813
1420,0.1457,44,240,44,410682,265762,39047,87209,2.104945507540236,0.2470712891427341
1421,0.1458,46,276,46,410958,265486,39093,87163,2.1027594728171333,0.2471664459561774
1422,0.1459,51,304,51,411262,265182,39144,87112,2.1003516664554556,0.24727074545691952
1423,0.146,42,290,42,411552,264892,39186,87070,2.0980547459130654,0.2473846608440684
1424,0.1461,43,285,43,411837,264607,39229,87027,2.0957974274489923,0.24749313206345233
1425,0.1462,39,271,39,412108,264336,39268,86988,2.0936509948042072,0.24760050551627558
1426,0.1463,53,292,53,412400,264044,39321,86935,2.0913382334304904,0.24769288191031372
1427,0.1464,42,284,42,412684,263760,39363,86893,2.0890888353820807,0.24780338397218904
1428,0.1465,60,302,60,412986,263458,39423,86833,2.0866968698517296,0.24788818439525995
1429,0.1466,52,271,52,413257,263187,39475,86781,2.0845504372069446,0.24796838568097654
1430,0.1467,39,296,39,413553,262891,39514,86742,2.082205994170574,0.24809443044563873
1431,0.1468,48,281,48,413834,262610,39562,86694,2.0799803573691547,0.24819068776767514
1432,0.1469,46,259,46,414093,262351,39608,86648,2.0779289697123304,0.24827578302516626
1433,0.147,29,238,29,414331,262113,39637,86619,2.076043910784438,0.24838271222600736
1434,0.1471,61,277,61,414608,261836,39698,86558,2.0738499556456724,0.24844859555560658
1435,0.1472,42,291,42,414899,261545,39740,86516,2.071545114687619,0.2485656249910217
1436,0.1473,58,297,58,415196,261248,39798,86458,2.069192751235585,0.248652597309221
1437,0.1474,50,279,50,415475,260969,39848,86408,2.0669829552654924,0.24874415980332606
1438,0.1475,55,287,55,415762,260682,39903,86353,2.0647097959700926,0.24883080957252152
1439,0.1476,42,295,42,416057,260387,39945,86311,2.0623732733493854,0.24895153707261075
1440,0.1477,62,278,62,416335,260109,40007,86249,2.060171397794956,0.2490169131361193
1441,0.1478,55,267,55,416602,259842,40062,86194,2.0580566468128247,0.24908969009004844
1442,0.1479,61,296,61,416898,259546,40123,86133,2.055712203776454,0.24917047318465976
1443,0.148,51,285,51,417183,259261,40174,86082,2.053454885312381,0.24926522327077716
1444,0.1481,44,280,44,417463,258981,40218,86038,2.051237168926625,0.24937177372840336
1445,0.1482,40,301,40,417764,258680,40258,85998,2.048853123811938,0.24950243415593684
1446,0.1483,60,261,60,418025,258419,40318,85938,2.0467858953237865,0.24956077559044829
1447,0.1484,39,262,39,418287,258157,40357,85899,2.0447107464199723,0.24966575208686959
1448,0.1485,43,269,43,418556,257888,40400,85856,2.042580154606514,0.24976726866505305
1449,0.1486,45,302,45,418858,257586,40445,85811,2.040188189076163,0.24988861288828965
1450,0.1487,39,285,39,419143,257301,40484,85772,2.0379308706120898,0.2500109306182649
1451,0.1488,58,298,58,419441,257003,40542,85714,2.0355705867443925,0.25010139561212313
1452,0.1489,46,285,46,419726,256718,40588,85668,2.0333132682803194,0.2502088286320118
1453,0.149,42,295,42,420021,256423,40630,85626,2.030976745659612,0.25033255469245635
1454,0.1491,52,283,52,420304,256140,40682,85574,2.028735268026866,0.2504257946703969
1455,0.1492,57,286,57,420590,255854,40739,85517,2.02647002914713,0.25051044171883374
1456,0.1493,54,272,54,420862,255582,40793,85463,2.024315676086681,0.250591564163087
1457,0.1494,45,293,45,421155,255289,40838,85418,2.021994994297301,0.2507080864202966
1458,0.1495,42,262,42,421417,255027,40880,85376,2.019919845393486,0.2508086003942386
1459,0.1496,55,250,55,421667,254777,40935,85321,2.0179397414776328,0.25087180753782734
1460,0.1497,54,282,54,421949,254495,40989,85267,2.01570618426055,0.25096096679440316
1461,0.1498,45,263,45,422212,254232,41034,85222,2.013623114941072,0.2510561077495036
1462,0.1499,53,298,53,422510,253934,41087,85169,2.011262831073375,0.2511596771482411
1463,0.15,40,305,40,422815,253629,41127,85129,2.0088471042960334,0.25129738633478765
1464,0.1501,46,252,46,423067,253377,41173,85083,2.006851159548853,0.2513827335578798
1465,0.1502,41,261,41,423328,253116,41214,85042,2.004783931060702,0.2514859917553333
1466,0.1503,53,268,53,423596,252848,41267,84989,2.002661259662907,0.25156806388879843
1467,0.1504,44,275,44,423871,252573,41311,84945,2.000483145355468,0.25167546619735837
1468,0.1505,47,271,47,424142,252302,41358,84898,1.998336712710683,0.251773428232503
1469,0.1506,43,273,43,424415,252029,41401,84855,1.996174439234571,0.2518819534320419
1470,0.1507,49,260,49,424675,251769,41450,84806,1.9941151311620833,0.25196761494466313
1471,0.1508,51,264,51,424939,251505,41501,84755,1.9920241414269422,0.25205198358413133
1472,0.1509,49,282,49,425221,251223,41550,84706,1.9897905842098593,0.25215447311783146
1473,0.151,37,320,37,425541,250903,41587,84669,1.9872560511975668,0.2523124694551393
1474,0.1511,39,286,39,425827,250617,41626,84630,1.9849908123178304,0.25244073772472236
1475,0.1512,37,275,37,426102,250342,41663,84593,1.9828126980103915,0.25256542314180364
1476,0.1513,67,291,67,426393,250051,41730,84526,1.980507857052338,0.2526354172582096
1477,0.1514,47,291,47,426684,249760,41777,84479,1.9782030160942847,0.25275027749604323
1478,0.1515,39,278,39,426962,249482,41816,84440,1.9760011405398554,0.2528734255305131
1479,0.1516,47,295,47,427257,249187,41863,84393,1.9736646179191484,0.2529917860783021
1480,0.1517,54,279,54,427536,248908,41917,84339,1.971454821949056,0.2530825483800304
1481,0.1518,52,260,52,427796,248648,41969,84287,1.9693955138765682,0.25316353041885054
1482,0.1519,50,270,50,428066,248378,42019,84237,1.9672570016474464,0.25325676833576355
1483,0.152,52,254,52,428320,248124,42071,84185,1.9652452160689393,0.2533334938265289
1484,0.1521,55,259,55,428579,247865,42126,84130,1.963193828412115,0.2534074308348017
1485,0.1522,42,285,42,428864,247580,42168,84088,1.960936509948042,0.25353063907280776
1486,0.1523,51,279,51,429143,247301,42219,84037,1.9587267139779496,0.25362922453808495
1487,0.1524,55,278,55,429421,247023,42274,83982,1.9565248384235205,0.25371822177912723
1488,0.1525,49,287,49,429708,246736,42323,83933,1.9542516791281206,0.25382784597286107
1489,0.1526,45,297,45,430005,246439,42368,83888,1.9518993156760867,0.2539544148676917
1490,0.1527,44,269,44,430274,246170,42412,83844,1.9497687238626282,0.25406194888701694
1491,0.1528,53,266,53,430540,245904,42465,83791,1.9476618932961602,0.2541470146650692
1492,0.1529,48,288,48,430828,245616,42513,83743,1.945380813585097,0.254260548520004
1493,0.153,52,274,52,431102,245342,42565,83691,1.9432106196933214,0.25435442645570505
1494,0.1531,39,273,39,431375,245069,42604,83652,1.9410483462172095,0.25447720103066124
1495,0.1532,39,256,39,431631,244813,42643,83613,1.9390207198073754,0.25458703025948004
1496,0.1533,57,253,57,431884,244560,42700,83556,1.9370168546445317,0.2546538419339502
1497,0.1534,37,274,37,432158,244286,42737,83519,1.9348466607527564,0.2547825689052943
1498,0.1535,59,248,59,432406,244038,42796,83460,1.9328823976682297,0.25484125093893706
1499,0.1536,27,240,27,432646,243798,42823,83433,1.9309814979090103,0.2549666749177187
1500,0.1537,49,290,49,432936,243508,42872,83384,1.9286845773666201,0.25508118889419135
1501,0.1538,50,261,50,433197,243247,42922,83334,1.9266173488784692,0.2551709989252284
1502,0.1539,44,267,44,433464,242980,42966,83290,1.9245025978963377,0.2552793698470592
1503,0.154,51,258,51,433722,242722,43017,83239,1.9224591306551768,0.2553649056175432
1504,0.1541,43,262,43,433984,242460,43060,83196,1.9203839817513624,0.2554720318372761
1505,0.1542,44,267,44,434251,242193,43104,83152,1.9182692307692308,0.25558099863222117
1506,0.1543,48,245,48,434496,241948,43152,83104,1.9163287289316944,0.2556637091911448
1507,0.1544,42,248,42,434744,241700,43194,83062,1.9143644658471677,0.25576268159452153
1508,0.1545,60,278,60,435022,241422,43254,83002,1.9121625902927386,0.2558442038813405
1509,0.1546,49,280,49,435302,241142,43303,82953,1.9099448739069826,0.2559527299094401
1510,0.1547,50,267,50,435569,240875,43353,82903,1.907830122924851,0.2560488977015115
1511,0.1548,40,287,40,435856,240588,43393,82863,1.9055569636294514,0.25618408970756
1512,0.1549,50,229,50,436085,240359,43443,82813,1.9037431884425295,0.2562505415073088
1513,0.155,49,311,49,436396,240048,43492,82764,1.9012799391712076,0.25638452102152337
1514,0.1551,33,232,33,436628,239816,43525,82731,1.8994424027372956,0.2564928522044849
1515,0.1552,47,260,47,436888,239556,43572,82684,1.897383094664808,0.25659136047666337
1516,0.1553,47,229,47,437117,239327,43619,82637,1.8955693194778862,0.25666534146674785
1517,0.1554,49,262,49,437379,239065,43668,82588,1.8934941705740718,0.2567611680910795
1518,0.1555,58,257,58,437636,238808,43726,82530,1.8914586237485744,0.2568323696543826
1519,0.1556,30,262,30,437898,238546,43756,82500,1.8893834748447598,0.25697252107174673
1520,0.1557,47,218,47,438116,238328,43803,82453,1.8876568242301357,0.2570382909212204
1521,0.1558,48,243,48,438359,238085,43851,82405,1.885732163223926,0.2571219070797841
1522,0.1559,44,247,44,438606,237838,43895,82361,1.8837758205550628,0.25721816745211573
1523,0.156,43,264,43,438870,237574,43938,82318,1.8816848308199214,0.2573305990771885
1524,0.1561,51,271,51,439141,237303,43989,82267,1.8795383981751361,0.25743029696154207
1525,0.1562,55,236,55,439377,237067,44044,82212,1.8776691800785705,0.2574926631566749
1526,0.1563,38,264,38,439641,236803,44082,82174,1.8755781903434292,0.2576173203710612
1527,0.1564,56,259,56,439900,236544,44138,82118,1.873526802686605,0.25769624241359185
1528,0.1565,44,252,44,440152,236292,44182,82074,1.8715308579394248,0.2577976291438156
1529,0.1566,46,241,46,440393,236051,44228,82028,1.8696220377645418,0.2578856196102226
1530,0.1567,36,234,36,440627,235817,44264,81992,1.867768660499303,0.25799143510725
1531,0.1568,43,274,43,440901,235543,44307,81949,1.8655984666075276,0.2581135902636917
1532,0.1569,42,270,42,441171,235273,44349,81907,1.8634599543784058,0.2582350715681947
1533,0.157,44,275,44,441446,234998,44393,81863,1.861281840070967,0.2583561877290042
1534,0.1571,57,258,57,441704,234740,44450,81806,1.859238372829806,0.25843321349819615
1535,0.1572,44,247,44,441951,234493,44494,81762,1.857282030160943,0.25853188091887874
1536,0.1573,43,259,43,442210,234234,44537,81719,1.8552306425041185,0.2586428994185844
1537,0.1574,48,270,48,442480,233964,44585,81671,1.8530921302749968,0.25875140589605083
1538,0.1575,53,264,53,442744,233700,44638,81618,1.8510011405398554,0.25884345327574065
1539,0.1576,30,247,30,442991,233453,44668,81588,1.8490447978709923,0.25897581584619145
1540,0.1577,50,265,50,443256,233188,44718,81538,1.8469458877201876,0.25907614877703145
1541,0.1578,44,226,44,443482,232962,44762,81494,1.845155873780256,0.2591586740275269
1542,0.1579,58,243,58,443725,232719,44820,81436,1.8432312127740464,0.2592223583899667
1543,0.158,46,284,46,444009,232435,44866,81390,1.8409818147256367,0.2593483629411296
1544,0.1581,45,270,45,444279,232165,44911,81345,1.838843302496515,0.25946540780198396
1545,0.1582,50,236,50,444515,231929,44961,81295,1.8369740843999494,0.25954269149235054
1546,0.1583,54,227,54,444742,231702,45015,81241,1.8351761500443544,0.2596031865227853
1547,0.1584,46,237,46,444979,231465,45061,81195,1.8332990115321253,0.2596910381884475
1548,0.1585,48,248,48,445227,231217,45109,81147,1.8313347484475986,0.2597834577608175
1549,0.1586,48,245,48,445472,230972,45157,81099,1.8293942466100621,0.2598735544155016
1550,0.1587,26,243,26,445715,230729,45183,81073,1.8274695856038525,0.26001436809257156
1551,0.1588,32,265,32,445980,230464,45215,81041,1.8253706754530479,0.2601595480008347
1552,0.1589,30,259,30,446239,230205,45245,81011,1.8233192877962237,0.2603047401161894
1553,0.159,42,234,42,446473,229971,45287,80969,1.8214659105309847,0.2604007203962179
1554,0.1591,40,255,40,446728,229716,45327,80929,1.819446204536814,0.26051924222182876
1555,0.1592,55,246,55,446974,229470,45382,80874,1.8174977822836142,0.26059469491918646
1556,0.1593,36,251,36,447225,229219,45418,80838,1.8155097579520973,0.2607198031329723
1557,0.1594,42,226,42,447451,228993,45460,80796,1.8137197440121657,0.2608097769772329
1558,0.1595,40,253,40,447704,228740,45500,80756,1.811715878849322,0.26092744332721585
1559,0.1596,42,251,42,447955,228489,45542,80714,1.809727854517805,0.2610388644353386
1560,0.1597,47,250,47,448205,228239,45589,80667,1.8077477506019517,0.26113769237243695
1561,0.1598,35,225,35,448430,228014,45624,80632,1.8059656570776834,0.2612442733746752
1562,0.1599,43,282,43,448712,227732,45667,80589,1.8037320998606008,0.2613801849371272
1563,0.16,43,285,43,448997,227447,45710,80546,1.8014747813965277,0.26151893062504666
1564,0.1601,50,243,50,449240,227204,45760,80496,1.7995501203903181,0.2616054598635034
1565,0.1602,42,233,42,449473,226971,45802,80454,1.7977046635407425,0.2617028543547207
1566,0.1603,55,237,55,449710,226734,45857,80399,1.7958275250285134,0.2617725871202378
1567,0.1604,46,204,46,449914,226530,45903,80353,1.794211760233177,0.26183594399168414
1568,0.1605,40,215,40,450129,226315,45943,80313,1.792508870865543,0.26192324249579296
1569,0.1606,40,272,40,450401,226043,45983,80273,1.7903545178050944,0.2620594418835451
1570,0.1607,48,229,48,450630,225814,46031,80225,1.7885407426181725,0.2621397926408072
1571,0.1608,40,271,40,450901,225543,46071,80185,1.7863943099733874,0.26227561754239065
1572,0.1609,54,248,54,451149,225295,46125,80131,1.7844300468888608,0.26235814894606224
1573,0.161,47,243,47,451392,225052,46172,80084,1.7825053858826512,0.2624534633737088
1574,0.1611,50,263,50,451655,224789,46222,80034,1.7804223165631732,0.2625589276399747
1575,0.1612,44,275,44,451930,224514,46266,79990,1.7782442022557343,0.26268948847962587
1576,0.1613,52,238,52,452168,224276,46318,79938,1.7763591433278418,0.26276897184219006
1577,0.1614,57,240,57,452408,224036,46375,79881,1.7744582435686225,0.2628382091163048
1578,0.1615,43,250,43,452658,223786,46418,79838,1.772478139652769,0.26295022791347195
1579,0.1616,40,279,40,452937,223507,46458,79798,1.7702683436826765,0.2630949044690988
1580,0.1617,45,205,45,453142,223302,46503,79753,1.7686446584716766,0.26316345217864745
1581,0.1618,60,227,60,453369,223075,46563,79693,1.7668467241160817,0.2632147386777995
1582,0.1619,51,248,51,453617,222827,46614,79642,1.764882461031555,0.26330632230079776
1583,0.162,43,265,43,453882,222562,46657,79599,1.7627835508807501,0.26343240855040856
1584,0.1621,39,238,39,454120,222324,46696,79560,1.7608984919528576,0.26354493779067456
1585,0.1622,54,201,54,454321,222123,46750,79506,1.7593064884045115,0.2635887132868524
1586,0.1623,53,240,53,454561,221883,46803,79453,1.7574055886452922,0.26366912682188653
1587,0.1624,40,252,40,454813,221631,46843,79413,1.7554096438981117,0.26379200382668316
1588,0.1625,41,236,41,455049,221395,46884,79372,1.7535404258015461,0.26389863249625123
1589,0.1626,42,237,42,455286,221158,46926,79330,1.751663287289317,0.26400388701046296
1590,0.1627,54,245,54,455531,220913,46980,79276,1.7497227854517805,0.2640869585494472
1591,0.1628,45,235,45,455766,220678,47025,79231,1.7478614877708782,0.2641834689855923
1592,0.1629,45,242,45,456008,220436,47070,79186,1.745944747180332,0.2642863341143174
1593,0.163,47,250,47,456258,220186,47117,79139,1.7439646432644784,0.2643915476488766
1594,0.1631,37,240,37,456498,219946,47154,79102,1.742063743505259,0.2645127203659613
1595,0.1632,57,250,57,456748,219696,47211,79045,1.7400836395894057,0.2645937450835339
1596,0.1633,57,210,57,456958,219486,47268,78988,1.7384203523000887,0.264639466084148
1597,0.1634,42,232,42,457190,219254,47310,78946,1.7365828158661767,0.26474178403755866
1598,0.1635,58,248,58,457438,219006,47368,78888,1.73461855278165,0.2648190295877057
1599,0.1636,40,225,40,457663,218781,47408,78848,1.7328364592573817,0.26492042106111974
1600,0.1637,58,256,58,457919,218525,47466,78790,1.730808832847548,0.2650051292400316
1601,0.1638,35,256,35,458175,218269,47501,78755,1.728781206437714,0.2651469241542771
1602,0.1639,32,196,32,458371,218073,47533,78723,1.7272288049676847,0.26524279302955567
1603,0.164,43,193,43,458564,217880,47576,78680,1.7257001647446457,0.26530887510115997
1604,0.1641,44,266,44,458830,217614,47620,78636,1.7235933341781777,0.2654379746835443
1605,0.1642,52,250,52,459080,217364,47672,78584,1.7216132302623242,0.26553313419925123
1606,0.1643,42,222,42,459302,217142,47714,78542,1.7198548979850463,0.265628170614575
1607,0.1644,47,245,47,459547,216897,47761,78495,1.7179143961475098,0.265731637959051
1608,0.1645,31,242,31,459789,216655,47792,78464,1.7159976555569636,0.2658724107902236
1609,0.1646,50,254,50,460043,216401,47842,78414,1.7139858699784565,0.26597696860743175
1610,0.1647,45,266,45,460309,216135,47887,78369,1.7118790394119883,0.26610504441365823
1611,0.1648,38,248,38,460557,215887,47925,78331,1.7099147763274616,0.266234560767866
1612,0.1649,48,234,48,460791,215653,47973,78283,1.7080613990622229,0.26632668335964294
1613,0.165,56,247,56,461038,215406,48029,78227,1.7061050563933595,0.2664107917025675
1614,0.1651,36,228,36,461266,215178,48065,78191,1.704299201622101,0.26652781991280605
1615,0.1652,43,295,43,461561,214883,48108,78148,1.701962679001394,0.2666885073592896
1616,0.1653,38,255,38,461816,214628,48146,78110,1.6999429730072235,0.2668256256447745
1617,0.1654,55,229,55,462045,214399,48201,78055,1.6981291978203017,0.2668966743487865
1618,0.1655,39,236,39,462281,214163,48240,78016,1.6962599797237359,0.26701439870764154
1619,0.1656,39,222,39,462503,213941,48279,77977,1.694501647446458,0.26711953356764573
1620,0.1657,45,275,45,462778,213666,48324,77932,1.6923235331390192,0.2672583488226943
1621,0.1658,43,238,43,463016,213428,48367,77889,1.6904384742111267,0.26736853667997407
1622,0.1659,41,225,41,463241,213203,48408,77848,1.6886563806868584,0.2674720238033884
1623,0.166,49,205,49,463446,212998,48457,77799,1.6870326954758585,0.26753714790730304
1624,0.1661,63,230,63,463676,212768,48520,77736,1.6852109998732734,0.26759011924104315
1625,0.1662,46,205,46,463881,212563,48566,77690,1.6835873146622735,0.2676630387971873
1626,0.1663,40,223,40,464104,212340,48606,77650,1.6818210619693321,0.2677678540639332
1627,0.1664,37,251,37,464355,212089,48643,77613,1.6798330376378152,0.2679063313335773
1628,0.1665,37,211,37,464566,211878,48680,77576,1.678161829932835,0.26800804272872375
1629,0.1666,39,228,39,464794,211650,48719,77537,1.6763559751615764,0.26812062782905177
1630,0.1667,53,210,53,465004,211440,48772,77484,1.6746926878722594,0.26818125181708685
1631,0.1668,38,206,38,465210,211234,48810,77446,1.6730610822455962,0.26827629208812526
1632,0.1669,50,223,50,465433,211011,48860,77396,1.6712948295526548,0.2683568706723484
1633,0.167,47,215,47,465648,210796,48907,77349,1.669591940185021,0.2684377657082372
1634,0.1671,38,215,38,465863,210581,48945,77311,1.667889050817387,0.2685416753504786
1635,0.1672,37,222,37,466085,210359,48982,77274,1.666130718540109,0.26865484836579945
1636,0.1673,53,247,53,466332,210112,49035,77221,1.6641743758712457,0.2687508918223803
1637,0.1674,36,218,36,466550,209894,49071,77185,1.6624477252566214,0.2688632745690211
1638,0.1675,52,257,52,466807,209637,49123,77133,1.660412178431124,0.2689716497541584
1639,0.1676,58,228,58,467035,209409,49181,77075,1.6586063236598656,0.2690377124027869
1640,0.1677,58,199,58,467234,209210,49239,77017,1.6570301609428464,0.269076641965992
1641,0.1678,45,230,45,467464,208980,49284,76972,1.655208465340261,0.2691780438675022
1642,0.1679,53,245,53,467709,208735,49337,76919,1.6532679635027245,0.26927331666981735
1643,0.168,55,212,55,467921,208523,49392,76864,1.651588835382081,0.26933252040212063
1644,0.1681,38,235,38,468156,208288,49430,76826,1.6497275377011786,0.2694571294289302
1645,0.1682,41,234,41,468390,208054,49471,76785,1.6478741604359397,0.26957333792072014
1646,0.1683,50,226,50,468616,207828,49521,76735,1.646084146496008,0.2696590913084273
1647,0.1684,48,213,48,468829,207615,49569,76687,1.644397097959701,0.26973781401467456
1648,0.1685,44,218,44,469047,207397,49613,76643,1.6426704473450766,0.2698317138431207
1649,0.1686,43,216,43,469263,207181,49656,76600,1.6409596375617792,0.26992645737381993
1650,0.1687,37,233,37,469496,206948,49693,76563,1.6391141807122038,0.2700530138160424
1651,0.1688,32,242,32,469738,206706,49725,76531,1.6371974401216576,0.27020128019997386
1652,0.1689,51,226,51,469964,206480,49776,76480,1.635407426181726,0.2702855527283008
1653,0.169,53,218,53,470182,206262,49829,76427,1.6336807755671017,0.27035717696832917
1654,0.1691,47,212,47,470394,206050,49876,76380,1.632001647446458,0.2704386927734306
1655,0.1692,39,225,39,470619,205825,49915,76341,1.6302195539221898,0.2705535039657507
1656,0.1693,49,220,49,470839,205605,49964,76292,1.6284770624762388,0.2706378570896462
1657,0.1694,51,202,51,471041,205403,50015,76241,1.6268771385122291,0.27069989064208716
1658,0.1695,47,226,47,471267,205177,50062,76194,1.6250871245722975,0.27079549775918627
1659,0.1696,49,259,49,471526,204918,50111,76145,1.6230357369154733,0.2709179080846643
1660,0.1697,41,238,41,471764,204680,50152,76104,1.6211506779875808,0.2710410849621061
1661,0.1698,54,230,54,471994,204450,50206,76050,1.6193289823849957,0.2711229946524064
1662,0.1699,55,222,55,472216,204228,50261,75995,1.6175706501077176,0.2711947270566656
1663,0.17,38,213,38,472429,204015,50299,75957,1.6158836015714104,0.2713021302130213
1664,0.1701,50,202,50,472631,203813,50349,75907,1.6142836776074008,0.27136779636779634
1665,0.1702,52,238,52,472869,203575,50401,75855,1.6123986186795083,0.2714633360770139
1666,0.1703,50,256,50,473125,203319,50451,75805,1.6103709922696743,0.2715818059357132
1667,0.1704,47,235,47,473360,203084,50498,75758,1.608509694588772,0.27168790928195896
1668,0.1705,46,223,46,473583,202861,50544,75712,1.6067434418958306,0.27178513351975964
1669,0.1706,45,231,45,473814,202630,50589,75667,1.6049138258775821,0.27189297764618375
1670,0.1707,49,193,49,474007,202437,50638,75618,1.6033851856545431,0.27195339051626477
1671,0.1708,38,235,38,474242,202202,50676,75580,1.6015238879736409,0.27208386432526227
1672,0.1709,43,225,43,474467,201977,50719,75537,1.5997417944493728,0.27219167321288296
1673,0.171,43,255,43,474722,201722,50762,75494,1.5977220884552021,0.27232915849013045
1674,0.1711,61,216,61,474938,201506,50823,75433,1.5960112786719047,0.2723812825206995
1675,0.1712,48,211,48,475149,201295,50871,75385,1.5943400709669244,0.27246277287841547
1676,0.1713,45,218,45,475367,201077,50916,75340,1.5926134203523001,0.272559213073002
1677,0.1714,35,180,35,475547,200897,50951,75305,1.5911877455328856,0.2726446586194162
1678,0.1715,46,211,46,475758,200686,50997,75259,1.5895165378279053,0.2727318849770788
1679,0.1716,51,224,51,475982,200462,51048,75208,1.5877423647193005,0.2728189501940726
1680,0.1717,52,225,52,476207,200237,51100,75156,1.5859602711950322,0.2729045400572999
1681,0.1718,59,186,59,476393,200051,51159,75097,1.5844870738816372,0.2729331123613474
1682,0.1719,44,229,44,476622,199822,51203,75053,1.5826732986947154,0.2730441109595271
1683,0.172,51,223,51,476845,199599,51254,75002,1.5809070460017742,0.2731308334638257
1684,0.1721,45,237,45,477082,199362,51299,74957,1.579029907489545,0.2732475694355841
1685,0.1722,38,208,38,477290,199154,51337,74919,1.577382461031555,0.27335417936097317
1686,0.1723,54,201,54,477491,198953,51391,74865,1.5757904574832087,0.2734115361298381
1687,0.1724,50,225,50,477716,198728,51441,74815,1.5740083639589406,0.27350361734718126
1688,0.1725,43,231,43,477947,198497,51484,74772,1.572178747940692,0.2736204984831796
1689,0.1726,40,205,40,478152,198292,51524,74732,1.570555062729692,0.27371952648851383
1690,0.1727,46,205,46,478357,198087,51570,74686,1.5689313775186922,0.27380275907072915
1691,0.1728,46,218,46,478575,197869,51616,74640,1.5672047269040679,0.2738992106682715
1692,0.1729,52,212,52,478787,197657,51668,74588,1.5655255987834242,0.2739738103546438
1693,0.173,48,205,48,478992,197452,51716,74540,1.5639019135724244,0.27405217800523546
1694,0.1731,55,230,55,479222,197222,51771,74485,1.562080217969839,0.2741372139841815
1695,0.1732,50,218,50,479440,197004,51821,74435,1.560353567355215,0.27422367456408253
1696,0.1733,49,211,49,479651,196793,51870,74386,1.5586823596502344,0.27430590126816606
1697,0.1734,45,207,45,479858,196586,51915,74341,1.5570428336079079,0.27439494771654355
1698,0.1735,42,215,42,480073,196371,51957,74299,1.5553399442402738,0.2745003140355414
1699,0.1736,43,217,43,480290,196154,52000,74256,1.5536212140413128,0.2746052290965571
1700,0.1737,45,233,45,480523,195921,52045,74211,1.5517757571917374,0.2747212473901648
1701,0.1738,33,177,33,480700,195744,52078,74178,1.550373843619313,0.27481272367572857
1702,0.1739,47,207,47,480907,195537,52125,74131,1.5487343175769865,0.2748972811012059
1703,0.174,36,231,36,481138,195306,52161,74095,1.5469047015587378,0.27503609860393985
1704,0.1741,42,175,42,481313,195131,52203,74053,1.5455186288176403,0.2751017891107941
1705,0.1742,39,213,39,481526,194918,52242,74014,1.5438315802813332,0.2752145523775527
1706,0.1743,49,228,49,481754,194690,52291,73965,1.5420257255100747,0.27531592562952484
1707,0.1744,39,215,39,481969,194475,52330,73926,1.5403228361424408,0.27543116456347033
1708,0.1745,41,182,41,482151,194293,52371,73885,1.5388813204916993,0.27550731230749725
1709,0.1746,34,234,34,482385,194059,52405,73851,1.5370279432264606,0.27565600388190065
1710,0.1747,38,212,38,482597,193847,52443,73813,1.5353488151058168,0.2757715011581858
1711,0.1748,49,205,49,482802,193642,52492,73764,1.533725129894817,0.2758502053057897
1712,0.1749,59,245,59,483047,193397,52551,73705,1.5317846280572804,0.2759432726074683
1713,0.175,47,216,47,483263,193181,52598,73658,1.530073818273983,0.27603910972534
1714,0.1751,52,227,52,483490,192954,52650,73606,1.528275883918388,0.2761329531812725
1715,0.1752,38,191,38,483681,192763,52688,73568,1.526763084526676,0.27622770161941346
1716,0.1753,50,222,50,483903,192541,52738,73518,1.5250047522493981,0.27632216914293445
1717,0.1754,50,246,50,484149,192295,52788,73468,1.523056329996198,0.27644179212305703
1718,0.1755,44,224,44,484373,192071,52832,73424,1.5212821568875934,0.27655511403227934
1719,0.1756,52,232,52,484605,191839,52884,73372,1.5194446204536813,0.2766551915267466
1720,0.1757,37,200,37,484805,191639,52921,73335,1.5178605373209986,0.27676300316257446
1721,0.1758,67,238,67,485043,191401,52988,73268,1.515975478393106,0.2768287937008112
1722,0.1759,47,186,47,485229,191215,53035,73221,1.514502281079711,0.27689497647824046
1723,0.176,48,232,48,485461,190983,53083,73173,1.512664744645799,0.2770067687275701
1724,0.1761,42,214,42,485675,190769,53125,73131,1.5109697756938285,0.27711633194391816
1725,0.1762,59,231,59,485906,190538,53184,73072,1.5091401596755798,0.27719737490990476
1726,0.1763,40,217,40,486123,190321,53224,73032,1.5074214294766188,0.27731599791914274
1727,0.1764,33,210,33,486333,190111,53257,72999,1.505758142187302,0.2774466952985443
1728,0.1765,43,211,43,486544,189900,53300,72956,1.5040869344823216,0.27755120674437717
1729,0.1766,34,233,34,486777,189667,53334,72922,1.5022414776327462,0.2777039403783098
1730,0.1767,41,222,41,486999,189445,53375,72881,1.5004831453554683,0.27782606375273516
1731,0.1768,48,209,48,487208,189236,53423,72833,1.4988277784818147,0.27791535816903185
1732,0.1769,41,202,41,487410,189034,53464,72792,1.497227854517805,0.2780166981124869
1733,0.177,45,210,45,487620,188824,53509,72747,1.495564567228488,0.278115693253457
1734,0.1771,46,218,46,487838,188606,53555,72701,1.493837916613864,0.2782206370284761
1735,0.1772,46,205,46,488043,188401,53601,72655,1.4922142314028641,0.27831193307183133
1736,0.1773,53,183,53,488226,188218,53654,72602,1.4907647953364593,0.27836055517214936
1737,0.1774,42,213,42,488439,188005,53696,72560,1.4890777468001521,0.27847178247270354
1738,0.1775,52,198,52,488637,187807,53748,72508,1.487509504498796,0.278539461805889
1739,0.1776,35,192,35,488829,187615,53783,72473,1.4859887846914206,0.27864799606287105
1740,0.1777,43,199,43,489028,187416,53826,72430,1.4844126219744012,0.27874202412197996
1741,0.1778,44,199,44,489227,187217,53870,72386,1.4828364592573817,0.27883344953640754
1742,0.1779,39,203,39,489430,187014,53909,72347,1.4812286148777087,0.27894324898500544
1743,0.178,48,206,48,489636,186808,53957,72299,1.4795970092510455,0.27903144260865204
1744,0.1781,48,204,48,489840,186604,54005,72251,1.477981244455709,0.2791176527399509
1745,0.1782,41,204,41,490044,186400,54046,72210,1.4763654796603727,0.27922354123970455
1746,0.1783,41,214,41,490258,186186,54087,72169,1.474670510708402,0.2793404424145072
1747,0.1784,44,179,44,490437,186007,54131,72125,1.473252756304651,0.2794113089427115
1748,0.1785,39,207,39,490644,185800,54170,72086,1.4716132302623242,0.27952661253422056
1749,0.1786,40,212,40,490856,185588,54210,72046,1.4699341021416803,0.279644767383187
1750,0.1787,37,204,37,491060,185384,54247,72009,1.468318337346344,0.2797628529136379
1751,0.1788,51,220,51,491280,185164,54298,71958,1.4665758459003928,0.27985936637082787
1752,0.1789,38,185,38,491465,184979,54336,71920,1.4651105690026613,0.27995437895826764
1753,0.179,49,183,49,491648,184796,54385,71871,1.4636611329362565,0.28001651945906564
1754,0.1791,30,200,30,491848,184596,54415,71841,1.4620770498035738,0.2801506802840464
1755,0.1792,47,201,47,492049,184395,54462,71794,1.4604850462552275,0.2802384177306598
1756,0.1793,47,193,47,492242,184202,54509,71747,1.4589564060321887,0.2803175632645566
1757,0.1794,37,201,37,492443,184001,54546,71710,1.4573644024838424,0.28043377093672156
1758,0.1795,53,207,53,492650,183794,54599,71657,1.4557248764415156,0.2805117224046882
1759,0.1796,38,190,38,492840,183604,54637,71619,1.454219997465467,0.28061342433871556
1760,0.1797,41,181,41,493021,183423,54678,71578,1.4527864022303891,0.2806969384433787
1761,0.1798,52,200,52,493221,183223,54730,71526,1.4512023190977061,0.28077048388806236
1762,0.1799,40,199,40,493420,183024,54770,71486,1.449626156380687,0.28087697929354444
1763,0.18,51,204,51,493624,182820,54821,71435,1.4480103915853504,0.2809580932528367
1764,0.1801,36,191,36,493815,182629,54857,71399,1.4464975921936383,0.2810674413844143
1765,0.1802,41,177,41,493992,182452,54898,71358,1.4450956786212141,0.2811473149206099
1766,0.1803,39,209,39,494201,182243,54937,71319,1.4434403117475605,0.2812684866028821
1767,0.1804,35,194,35,494395,182049,54972,71284,1.4419037511088582,0.2813845807691852
1768,0.1805,35,198,35,494593,181851,55007,71249,1.4403355088075023,0.2815053338601343
1769,0.1806,45,164,45,494757,181687,55052,71204,1.4390365606387023,0.2815600397008988
1770,0.1807,38,185,38,494942,181502,55090,71166,1.4375712837409707,0.28165814428419905
1771,0.1808,48,196,48,495138,181306,55138,71118,1.4360188822709417,0.2817402465692644
1772,0.1809,38,233,38,495371,181073,55176,71080,1.434173425421366,0.2818923431408708
1773,0.181,46,207,46,495578,180866,55222,71034,1.4325338993790395,0.2819928543072648
1774,0.1811,41,189,41,495767,180677,55263,70993,1.431036940818654,0.28208765446815276
1775,0.1812,41,187,41,495954,180490,55304,70952,1.4295558230895957,0.28218038354769687
1776,0.1813,41,180,41,496134,180310,55345,70911,1.4281301482701811,0.28226541570967395
1777,0.1814,40,183,40,496317,180127,55385,70871,1.4266807122037763,0.2823568315285381
1778,0.1815,47,201,47,496518,179926,55432,70824,1.4250887086554302,0.2824486540378863
1779,0.1816,42,204,42,496722,179722,55474,70782,1.4234729438600937,0.2825583623415195
1780,0.1817,36,194,36,496916,179528,55510,70746,1.4219363832213914,0.28267418908875874
1781,0.1818,38,207,38,497123,179321,55548,70708,1.4202968571790648,0.28279919529334596
1782,0.1819,47,207,47,497330,179114,55595,70661,1.418657331136738,0.2828986087478731
1783,0.182,49,203,49,497533,178911,55644,70612,1.417049486757065,0.2829879409914116
1784,0.1821,51,190,51,497723,178721,55695,70561,1.4155446077810163,0.2830569395303311
1785,0.1822,28,188,28,497911,178533,55723,70533,1.4140555696362944,0.28318999783189996
1786,0.1823,43,171,43,498082,178362,55766,70490,1.4127011785578507,0.2832607332872551
1787,0.1824,28,214,28,498296,178148,55794,70462,1.4110062096058802,0.28342383653111297
1788,0.1825,41,173,41,498469,177975,55835,70421,1.4096359776961096,0.28350295495901706
1789,0.1826,44,190,44,498659,177785,55879,70377,1.4081310987200608,0.2835929755562898
1790,0.1827,40,190,40,498849,177595,55919,70337,1.4066262197440123,0.28369472274655955
1791,0.1828,36,193,36,499042,177402,55955,70301,1.4050975795209732,0.2838116615462873
1792,0.1829,43,209,43,499251,177193,55998,70258,1.4034422126473198,0.2839269188647449
1793,0.183,44,209,44,499460,176984,56042,70214,1.4017868457736662,0.2840395148828065
1794,0.1831,43,194,43,499654,176790,56085,70171,1.4002502851349639,0.2841379813006912
1795,0.1832,44,185,44,499839,176605,56129,70127,1.3987850082372324,0.28422336786472774
1796,0.1833,46,206,46,500045,176399,56175,70081,1.397153402610569,0.28432732878935413
1797,0.1834,44,209,44,500254,176190,56219,70037,1.3954980357369156,0.2844407802556178
1798,0.1835,47,211,47,500465,175979,56266,69990,1.393826828031935,0.28454805280340206
1799,0.1836,45,185,45,500650,175794,56311,69945,1.3923615511342036,0.28463125511213117
1800,0.1837,47,174,47,500824,175620,56358,69898,1.3909833988087694,0.28469603043361386
1801,0.1838,43,209,43,501033,175411,56401,69855,1.389328031935116,0.2848132231944093
1802,0.1839,40,179,40,501212,175232,56441,69815,1.3879102775313648,0.2849045285190188
1803,0.184,30,190,30,501402,175042,56471,69785,1.3864053985553162,0.2850380064290295
1804,0.1841,40,214,40,501616,174828,56511,69745,1.3847104296033457,0.2851704807971444
1805,0.1842,34,216,34,501832,174612,56545,69711,1.3829996198200483,0.28532311734875554
1806,0.1843,43,173,43,502005,174439,56588,69668,1.3816293879102775,0.28539943549345165
1807,0.1844,31,185,31,502190,174254,56619,69637,1.380164111012546,0.2855250911267738
1808,0.1845,37,168,37,502358,174086,56656,69600,1.3788334811810923,0.2856134533785281
1809,0.1846,41,201,41,502559,173885,56697,69559,1.3772414776327462,0.285728956145972
1810,0.1847,36,195,36,502754,173690,56733,69523,1.3756969965783805,0.285852318749409
1811,0.1848,37,209,37,502963,173481,56770,69486,1.3740416297047269,0.2859894553581351
1812,0.1849,39,186,39,503149,173295,56809,69447,1.3725684323913319,0.28609387745013226
1813,0.185,35,184,35,503333,173111,56844,69412,1.3711110759092637,0.28620790605427116
1814,0.1851,42,175,42,503508,172936,56886,69370,1.3697250031681663,0.28629088838080774
1815,0.1852,53,180,53,503688,172756,56939,69317,1.3682993283487517,0.28634750674383347
1816,0.1853,52,192,52,503880,172564,56991,69265,1.3667786085413762,0.2864213969375054
1817,0.1854,52,197,52,504077,172367,57043,69213,1.3652182866556837,0.2865013660071198
1818,0.1855,36,207,36,504284,172160,57079,69177,1.363578760613357,0.28664067258646625
1819,0.1856,48,196,48,504480,171964,57127,69129,1.362026359143328,0.28673167615816303
1820,0.1857,42,190,42,504670,171774,57169,69087,1.3605214801672791,0.2868334848730181
1821,0.1858,35,172,35,504842,171602,57204,69052,1.3591591686731719,0.2869347694199972
1822,0.1859,44,200,44,505042,171402,57248,69008,1.3575750855404891,0.2870429682625515
1823,0.186,51,171,51,505213,171231,57299,68957,1.3562206944620454,0.2870959415124819
1824,0.1861,40,189,40,505402,171042,57339,68917,1.3547237359016602,0.28720323055188596
1825,0.1862,37,191,37,505593,170851,57376,68880,1.353210936509948,0.2873220401199678
1826,0.1863,37,196,37,505789,170655,57413,68843,1.3516585350399188,0.2874470768023115
1827,0.1864,51,187,51,505976,170468,57464,68792,1.3501774173108605,0.28751985287971243
1828,0.1865,36,210,36,506186,170258,57500,68756,1.3485141300215435,0.28766515768950773
1829,0.1866,41,190,41,506376,170068,57541,68715,1.347009251045495,0.287771742544486
1830,0.1867,48,167,48,506543,169901,57589,68667,1.3456865416297048,0.287829884980383
1831,0.1868,33,186,33,506729,169715,57622,68634,1.3442133443163098,0.28795589660539794
1832,0.1869,49,184,49,506913,169531,57671,68585,1.3427559878342414,0.28803188361974835
1833,0.187,51,204,51,507117,169327,57722,68534,1.3411402230389051,0.28812625861322366
1834,0.1871,44,201,44,507318,169126,57766,68490,1.3395482194905588,0.28823816578008216
1835,0.1872,27,196,27,507514,168930,57793,68463,1.3379958180205298,0.28839519278159004
1836,0.1873,49,171,49,507685,168759,57842,68414,1.3366414269420859,0.2884561058805176
1837,0.1874,30,187,30,507872,168572,57872,68384,1.3351603092130275,0.28859366295852396
1838,0.1875,50,150,50,508022,168422,57922,68334,1.3339722468635153,0.28862626501545896
1839,0.1876,45,178,45,508200,168244,57967,68289,1.3325624128754276,0.28870812952103936
1840,0.1877,38,194,38,508394,168050,58005,68251,1.3310258522367253,0.2888307709235255
1841,0.1878,43,206,43,508600,167844,58048,68208,1.3293942466100621,0.28895328148035176
1842,0.1879,48,189,48,508789,167655,58096,68160,1.3278972880496769,0.28904013739583995
1843,0.188,44,212,44,509001,167443,58140,68116,1.326218159929033,0.28916746972096163
1844,0.1881,53,193,53,509194,167250,58193,68063,1.3246895197059942,0.2892445381258154
1845,0.1882,34,171,34,509365,167079,58227,68029,1.3233351286275503,0.28935212753287853
1846,0.1883,38,198,38,509563,166881,58265,67991,1.3217668863261944,0.28948107905582615
1847,0.1884,48,214,48,509777,166667,58313,67943,1.3200719173742237,0.2895997613059972
1848,0.1885,41,154,41,509931,166513,58354,67902,1.318852173362058,0.28966576370966024
1849,0.1886,39,165,39,510096,166348,58393,67863,1.3175453047775947,0.28975154881709225
1850,0.1887,32,171,32,510267,166177,58425,67831,1.316190913699151,0.2898661584219343
1851,0.1888,27,183,27,510450,165994,58452,67804,1.3147414776327462,0.2900110351671101
1852,0.1889,37,173,37,510623,165821,58489,67767,1.3133712457229756,0.2901133619877733
1853,0.189,39,183,39,510806,165638,58528,67728,1.3119218096565708,0.2902222260312128
1854,0.1891,37,182,37,510988,165456,58565,67691,1.3104802940058293,0.29033613986025986
1855,0.1892,40,185,40,511173,165271,58605,67651,1.3090150171080979,0.2904448699564661
1856,0.1893,30,176,30,511349,165095,58635,67621,1.307621023951337,0.29057305900754565
1857,0.1894,34,176,34,511525,164919,58669,67587,1.306227030794576,0.29068927253490234
1858,0.1895,30,195,30,511720,164724,58699,67557,1.3046825497402104,0.2908416960491818
1859,0.1896,36,165,36,511885,164559,58735,67521,1.303375681155747,0.2909384694932782
1860,0.1897,38,168,38,512053,164391,58773,67483,1.3020450513242936,0.29103306105902343
1861,0.1898,42,182,42,512235,164209,58815,67441,1.3006035356735521,0.2911331750485646
1862,0.1899,48,174,48,512409,164035,58863,67393,1.2992253833481182,0.29120504001244446
1863,0.19,46,187,46,512596,163848,58909,67347,1.2977442656190596,0.2912995523259586
1864,0.1901,34,180,34,512776,163668,58943,67313,1.296318590799645,0.29142223819275176
1865,0.1902,45,179,45,512955,163489,58988,67268,1.294900836395894,0.29151011670285193
1866,0.1903,38,194,38,513149,163295,59026,67230,1.2933642757571917,0.2916386509055417
1867,0.1904,41,148,41,513297,163147,59067,67189,1.2921920542390064,0.29169995137538207
1868,0.1905,45,184,45,513481,162963,59112,67144,1.2907346977569383,0.29179468681961
1869,0.1906,30,184,30,513665,162779,59142,67114,1.2892773412748701,0.2919358136176395
1870,0.1907,35,202,35,513867,162577,59177,67079,1.2876774173108605,0.29208468317831887
1871,0.1908,38,161,38,514028,162416,59215,67041,1.2864022303890508,0.29217238959805103
1872,0.1909,44,172,44,514200,162244,59259,66997,1.2850399188949435,0.2922557483172731
1873,0.191,41,188,41,514388,162056,59300,66956,1.2835508807502218,0.2923689588318516
1874,0.1911,44,170,44,514558,161886,59344,66912,1.2822044100874415,0.29245010882962263
1875,0.1912,44,191,44,514749,161695,59388,66868,1.2806916106957293,0.29255828808687323
1876,0.1913,41,180,41,514929,161515,59429,66827,1.2792659358763148,0.2926618843664328
1877,0.1914,37,169,37,515098,161346,59466,66790,1.2779273856291977,0.29276396535399934
1878,0.1915,37,182,37,515280,161164,59503,66753,1.2764858699784565,0.2928829354545734
1879,0.1916,50,174,50,515454,160990,59553,66703,1.2751077176530223,0.29295147413403133
1880,0.1917,48,178,48,515632,160812,59601,66655,1.2736978836649346,0.2930315166595594
1881,0.1918,34,185,34,515817,160627,59635,66621,1.2722326067672032,0.2931642962754348
1882,0.1919,47,179,47,515996,160448,59682,66574,1.270814852363452,0.29324911242082263
1883,0.192,32,190,32,516186,160258,59714,66542,1.2693099733874034,0.2933950617283951
1884,0.1921,38,165,38,516351,160093,59752,66504,1.26800310480294,0.29349020507773715
1885,0.1922,47,179,47,516530,159914,59799,66457,1.2665853503991888,0.29357559051291904
1886,0.1923,43,172,43,516702,159742,59842,66414,1.2652230389050818,0.29366455013353615
1887,0.1924,48,175,48,516877,159567,59890,66366,1.2638369661639843,0.2937419500471379
1888,0.1925,40,165,40,517042,159402,59930,66326,1.262530097579521,0.2938315140345903
1889,0.1926,42,157,42,517199,159245,59972,66284,1.2612865923203649,0.2939045532946982
1890,0.1927,30,197,30,517396,159048,60002,66254,1.2597262704346723,0.29406751826437405
1891,0.1928,35,172,35,517568,158876,60037,66219,1.2583639589405653,0.29418245629623047
1892,0.1929,39,156,39,517724,158720,60076,66180,1.2571283740970727,0.2942641173855047
1893,0.193,39,173,39,517897,158547,60115,66141,1.255758142187302,0.2943681905575732
1894,0.1931,41,190,41,518087,158357,60156,66100,1.2542532632112533,0.2944884766347229
1895,0.1932,42,186,42,518273,158171,60198,66058,1.2527800658978583,0.29460060919863174
1896,0.1933,36,166,36,518439,158005,60234,66022,1.2514652768977317,0.29470554888473266
1897,0.1934,39,164,39,518603,157841,60273,65983,1.2501663287289317,0.29479859175066125
1898,0.1935,35,162,35,518765,157679,60308,65948,1.2488832213914587,0.29490177840779513
1899,0.1936,38,157,38,518922,157522,60346,65910,1.2476397161323027,0.29498907945146624
1900,0.1937,29,174,29,519096,157348,60375,65881,1.2462615638068686,0.2951274252001308
1901,0.1938,32,172,32,519268,157176,60407,65849,1.2448992523127613,0.2952538953032171
1902,0.1939,40,185,40,519453,156991,60447,65809,1.2434339754150299,0.2953725314183124
1903,0.194,43,173,43,519626,156818,60490,65766,1.242063743505259,0.2954659813823096
1904,0.1941,37,173,37,519799,156645,60527,65729,1.2406935115954885,0.29557861980267475
1905,0.1942,54,151,54,519950,156494,60581,65675,1.239497528830313,0.2956082981874159
1906,0.1943,37,150,37,520100,156344,60618,65638,1.238309466480801,0.2956906415835518
1907,0.1944,36,167,36,520267,156177,60654,65602,1.2369867570650108,0.29579897104775477
1908,0.1945,34,160,34,520427,156017,60688,65568,1.2357194905588644,0.29590450617144665
1909,0.1946,38,178,38,520605,155839,60726,65530,1.2343096565707767,0.2960215748365851
1910,0.1947,37,163,37,520768,155676,60763,65493,1.2330186288176403,0.2961219700771808
1911,0.1948,43,187,43,520955,155489,60806,65450,1.231537511088582,0.29623561254463904
1912,0.1949,45,190,45,521145,155299,60851,65405,1.2300326321125332,0.29634714368566045
1913,0.195,36,150,36,521295,155149,60887,65369,1.2288445697630213,0.2964338512048903
1914,0.1951,37,169,37,521464,154980,60924,65332,1.2275060195159042,0.29654308435309923
1915,0.1952,48,166,48,521630,154814,60972,65284,1.2261912305157774,0.2966133267907932
1916,0.1953,48,164,48,521794,154650,61020,65236,1.2248922823469777,0.2966810074311234
1917,0.1954,37,161,37,521955,154489,61057,65199,1.223617095425168,0.2967799788791377
1918,0.1955,52,190,52,522145,154299,61109,65147,1.2221122164491192,0.2968703006662231
1919,0.1956,46,179,46,522324,154120,61155,65101,1.2206944620453681,0.2969651630090183
1920,0.1957,38,141,38,522465,153979,61193,65063,1.2195776834368268,0.2970343587074625
1921,0.1958,47,198,47,522663,153781,61240,65016,1.2180094411354707,0.2971521547370394
1922,0.1959,35,168,35,522831,153613,61275,64981,1.2166788113040172,0.29726799454696834
1923,0.196,28,159,28,522990,153454,61303,64953,1.2154194652135344,0.29739431428479857
1924,0.1961,30,169,30,523159,153285,61333,64923,1.2140809149664173,0.29752804663440385
1925,0.1962,32,152,32,523311,153133,61365,64891,1.2128770117855785,0.2976323707481745
1926,0.1963,37,189,37,523500,152944,61402,64854,1.2113800532251933,0.29777132939696416
1927,0.1964,49,165,49,523665,152779,61451,64805,1.21007318464073,0.29783899551437604
1928,0.1965,38,153,38,523818,152626,61489,64767,1.2088613610442276,0.2979258761781658
1929,0.1966,41,165,41,523983,152461,61530,64726,1.2075544924597643,0.2980196788942248
1930,0.1967,47,179,47,524162,152282,61577,64679,1.206136738056013,0.29811348583385955
1931,0.1968,43,157,43,524319,152125,61620,64636,1.2048932327968571,0.298190172586397
1932,0.1969,40,175,40,524494,151950,61660,64596,1.2035071600557596,0.2983015156133108
1933,0.197,34,151,34,524645,151799,61694,64562,1.2023111772905841,0.29839943427882104
1934,0.1971,36,147,36,524792,151652,61730,64526,1.2011468761880624,0.29848550731341766
1935,0.1972,30,184,30,524976,151468,61760,64496,1.1996895197059942,0.29864236632031266
1936,0.1973,45,166,45,525142,151302,61805,64451,1.1983747307058674,0.2987258578096249
1937,0.1974,42,174,42,525316,151128,61847,64409,1.1969965783804335,0.2988303632322989
1938,0.1975,40,145,40,525461,150983,61887,64369,1.1958481181092384,0.2989013336305212
1939,0.1976,20,171,20,525632,150812,61907,64349,1.1944937270307945,0.29907371689107226
1940,0.1977,47,176,47,525808,150636,61954,64302,1.1930997338740337,0.29916534070290035
1941,0.1978,42,178,42,525986,150458,61996,64260,1.191689899885946,0.2992762600247767
1942,0.1979,51,198,51,526184,150260,62047,64209,1.19012165758459,0.29938592523861257
1943,0.198,33,153,33,526337,150107,62080,64176,1.1889098339880877,0.29949179356271843
1944,0.1981,31,162,31,526499,149945,62111,64145,1.1876267266506146,0.29961698351160726
1945,0.1982,37,134,37,526633,149811,62148,64108,1.186565390951717,0.2996835250725742
1946,0.1983,26,159,26,526792,149652,62174,64082,1.1853060448612343,0.2998212731713251
1947,0.1984,44,161,44,526953,149491,62218,64038,1.1840308579394248,0.29990305766429853
1948,0.1985,34,142,34,527095,149349,62252,64004,1.1829061589152199,0.29999109457096923
1949,0.1986,45,161,45,527256,149188,62297,63959,1.1816309719934102,0.3000699048074803
1950,0.1987,38,157,38,527413,149031,62335,63921,1.1803874667342542,0.30016623464442693
1951,0.1988,37,177,37,527590,148854,62372,63884,1.1789855531618298,0.3002942586655887
1952,0.1989,38,153,38,527743,148701,62410,63846,1.1777737295653277,0.30038532653954186
1953,0.199,35,188,35,527931,148513,62445,63811,1.1762846914206058,0.3005359733237882
1954,0.1991,31,185,31,528116,148328,62476,63780,1.174819414522874,0.3006958719143078
1955,0.1992,42,158,42,528274,148170,62518,63738,1.1735679888480548,0.30078147120448495
1956,0.1993,36,146,36,528420,148024,62554,63702,1.1724116081611964,0.3008699923486015
1957,0.1994,40,168,40,528588,147856,62594,63662,1.1710809783297427,0.30097674902372373
1958,0.1995,44,170,44,528758,147686,62638,63618,1.1697345076669623,0.30107333510014006
1959,0.1996,46,173,46,528931,147513,62684,63572,1.1683642757571917,0.30116777601440176
1960,0.1997,43,155,43,529086,147358,62727,63529,1.1671366113293626,0.30124663919539846
1961,0.1998,38,127,38,529213,147231,62765,63491,1.166130718540109,0.3013021896147531
1962,0.1999,44,167,44,529380,147064,62809,63447,1.164808009124319,0.3013951764990903
1963,0.2,37,155,37,529535,146909,62846,63410,1.1635803446964896,0.3014943966070588
1964,0.2001,37,165,37,529700,146744,62883,63373,1.1622734761120264,0.30160815164884325
1965,0.2002,44,164,44,529864,146580,62927,63329,1.1609745279432264,0.3016974022076233
1966,0.2003,43,164,43,530028,146416,62970,63286,1.1596755797744265,0.3017901593690094
1967,0.2004,46,175,46,530203,146241,63016,63240,1.158289507033329,0.30188895412949146
1968,0.2005,30,148,30,530351,146093,63046,63210,1.157117285515144,0.30200236021461707
1969,0.2006,45,157,45,530508,145936,63091,63165,1.1558737802559877,0.30207889967049417
1970,0.2007,39,157,39,530665,145779,63130,63126,1.1546302749968318,0.30217563007108494
1971,0.2008,23,158,23,530823,145621,63153,63103,1.1533788493220125,0.30232747551790884
1972,0.2009,47,165,47,530988,145456,63200,63056,1.152071980737549,0.30240945365254757
1973,0.201,42,161,42,531149,145295,63242,63014,1.1507967938157395,0.3025025322957721
1974,0.2011,39,174,39,531323,145121,63281,62975,1.1494186414903054,0.3026247501153314
1975,0.2012,40,159,40,531482,144962,63321,62935,1.1481592953998225,0.30272202100078405
1976,0.2013,39,146,39,531628,144816,63360,62896,1.1470029147129641,0.30280388229856725
1977,0.2014,38,132,38,531760,144684,63398,62858,1.1459574198453935,0.3028688169141668
1978,0.2015,43,147,43,531907,144537,63441,62815,1.1447931187428717,0.302938963694587
1979,0.2016,37,159,37,532066,144378,63478,62778,1.1435337726523889,0.30304697908822337
1980,0.2017,44,167,44,532233,144211,63522,62734,1.1422110632365987,0.30314334726618186
1981,0.2018,35,173,35,532406,144038,63557,62699,1.1408408313268281,0.30327904535714456
1982,0.2019,52,173,52,532579,143865,63609,62647,1.1394705994170573,0.3033576741303169
1983,0.202,35,142,35,532721,143723,63644,62612,1.1383459003928527,0.30344827586206896
1984,0.2021,42,129,42,532850,143594,63686,62570,1.1373241667722722,0.303496245707301
1985,0.2022,33,166,33,533016,143428,63719,62537,1.1360093777721454,0.3036292573981016
1986,0.2023,42,137,42,533153,143291,63761,62495,1.1349242808262578,0.30368926943523855
1987,0.2024,44,152,44,533305,143139,63805,62451,1.1337203776454188,0.3037647745512914
1988,0.2025,35,151,35,533456,142988,63840,62416,1.1325243948802433,0.3038694475277989
1989,0.2026,43,152,43,533608,142836,63883,62373,1.1313204916994044,0.3039486572226364
1990,0.2027,33,160,33,533768,142676,63916,62340,1.1300532251932582,0.3040738283841261
1991,0.2028,38,189,38,533957,142487,63954,62302,1.1285562666328728,0.30422532460239565
1992,0.2029,32,175,32,534132,142312,63986,62270,1.1271701938917755,0.30437672913550556
1993,0.203,29,148,29,534280,142164,64015,62241,1.1259979723735902,0.30449842224994494
1994,0.2031,34,141,34,534421,142023,64049,62207,1.1248811937650487,0.3045928609900602
1995,0.2032,35,142,35,534563,141881,64084,62172,1.123756494740844,0.30468554738229775
1996,0.2033,32,151,32,534714,141730,64116,62140,1.1225605119756685,0.3048020797567077
1997,0.2034,30,168,30,534882,141562,64146,62110,1.1212298821442148,0.30495109784359165
1998,0.2035,34,153,34,535035,141409,64180,62076,1.1200180585477126,0.30506425535051723
1999,0.2036,40,140,40,535175,141269,64220,62036,1.1189092003548347,0.30513760114114263
2000,0.2037,32,150,32,535325,141119,64252,62004,1.1177211380053225,0.30525346711106077
2001,0.2038,38,156,38,535481,140963,64290,61966,1.1164855531618298,0.3053580316268251
2002,0.2039,32,149,32,535630,140814,64322,61934,1.1153054112279812,0.30547280367747154
2003,0.204,33,152,33,535782,140662,64355,61901,1.1141015080471424,0.3055888785217439
2004,0.2041,35,164,35,535946,140498,64390,61866,1.1128025598783424,0.3057164317764029
2005,0.2042,34,149,34,536095,140349,64424,61832,1.1116224179444938,0.30582497860827673
2006,0.2043,36,154,36,536249,140195,64460,61796,1.110402673932328,0.30593442282081873
2007,0.2044,41,149,41,536398,140046,64501,61755,1.1092225319984792,0.3060192962373824
2008,0.2045,43,142,43,536540,139904,64544,61712,1.1080978329742746,0.30608681850646774
2009,0.2046,34,156,34,536696,139748,64578,61678,1.106862248130782,0.30620674590172076
2010,0.2047,41,157,41,536853,139591,64619,61637,1.105618742871626,0.3063042916492735
2011,0.2048,53,174,53,537027,139417,64672,61584,1.1042405905461918,0.3063865353903712
2012,0.2049,38,149,38,537176,139268,64710,61546,1.1030604486123432,0.3064826157538817
2013,0.205,38,131,38,537307,139137,64748,61508,1.1020228741604359,0.3065513718258616
2014,0.2051,35,125,35,537432,139012,64783,61473,1.1010328222025092,0.30662144300072325
2015,0.2052,36,136,36,537568,138876,64819,61437,1.099955645672285,0.30670500666456996
2016,0.2053,37,140,37,537708,138736,64856,61400,1.098846787479407,0.306791381860335
2017,0.2054,57,176,57,537884,138560,64913,61343,1.097452794322646,0.30686382895704417
2018,0.2055,43,156,43,538040,138404,64956,61300,1.0962172094791536,0.30695429235268196
2019,0.2056,57,129,57,538169,138275,65013,61243,1.0951954758585731,0.3069547609739472
2020,0.2057,43,144,43,538313,138131,65056,61200,1.0940549360030414,0.30702700533283833
2021,0.2058,35,171,35,538484,137960,65091,61165,1.0927005449245977,0.3071688637790333
2022,0.2059,40,153,40,538637,137807,65131,61125,1.0914887213280953,0.30726579936862847
2023,0.206,42,167,42,538804,137640,65173,61083,1.090166011912305,0.30737760601440195
2024,0.2061,45,150,45,538954,137490,65218,61038,1.0889779495627931,0.30745285299806574
2025,0.2062,40,147,40,539101,137343,65258,60998,1.0878136484602712,0.3075410530349247
2026,0.2063,40,132,40,539233,137211,65298,60958,1.0867681535927005,0.30760613415821847
2027,0.2064,40,137,40,539370,137074,65338,60918,1.0856830566468127,0.30767909814537964
2028,0.2065,33,134,33,539504,136940,65371,60885,1.0846217209479154,0.3077720207253886
2029,0.2066,28,142,28,539646,136798,65399,60857,1.0834970219237106,0.30789506969214037
2030,0.2067,35,145,35,539791,136653,65434,60822,1.0823485616525155,0.307998480820357
2031,0.2068,22,137,22,539928,136516,65456,60800,1.0812634647066277,0.3081351740355572
2032,0.2069,53,133,53,540061,136383,65509,60747,1.0802100494233937,0.30815705372089486
2033,0.207,33,145,33,540206,136238,65542,60714,1.0790615891521986,0.3082680043868557
2034,0.2071,39,142,39,540348,136096,65581,60675,1.077936890127994,0.30835336507920375
2035,0.2072,27,135,27,540483,135961,65608,60648,1.076867634013433,0.3084701107273828
2036,0.2073,36,154,36,540637,135807,65644,60612,1.0756478900012674,0.3085852183342752
2037,0.2074,39,165,39,540802,135642,65683,60573,1.0743410214168039,0.3087072853757358
2038,0.2075,33,148,33,540950,135494,65716,60540,1.0731687998986186,0.30882397951375784
2039,0.2076,43,141,43,541091,135353,65759,60497,1.0720520212900773,0.3088945621649221
2040,0.2077,20,157,20,541248,135196,65779,60477,1.0708085160309213,0.30907176769406103
2041,0.2078,38,114,38,541362,135082,65817,60439,1.0699055886452922,0.3091176906828422
2042,0.2079,37,141,37,541503,134941,65854,60402,1.0687888100367506,0.3092099537736187
2043,0.208,26,147,26,541650,134794,65880,60376,1.0676245089342289,0.30935082235999384
2044,0.2081,46,169,46,541819,134625,65926,60330,1.0662859586871118,0.30945602831422636
2045,0.2082,30,168,30,541987,134457,65956,60300,1.0649553288556584,0.30961659914662887
2046,0.2083,33,136,33,542123,134321,65989,60267,1.0638781523254341,0.30971591259481573
2047,0.2084,38,129,38,542252,134192,66027,60229,1.0628564187048537,0.3097864942573076
2048,0.2085,23,137,23,542389,134055,66050,60206,1.061771321758966,0.30992324758958306
2049,0.2086,34,119,34,542508,133936,66084,60172,1.0608287922950197,0.3099923753786552
2050,0.2087,43,162,43,542670,133774,66127,60129,1.0595456849575466,0.31009834814314374
2051,0.2088,29,156,29,542826,133618,66156,60100,1.058310100114054,0.3102447888167336
2052,0.2089,33,163,33,542989,133455,66189,60067,1.0570190723609174,0.31038848296317734
2053,0.209,47,168,47,543157,133287,66236,60020,1.055688442529464,0.3104905668185839
2054,0.2091,35,153,35,543310,133134,66271,59985,1.0544766189329615,0.31061159181644477
2055,0.2092,34,130,34,543440,133004,66305,59951,1.0534469648967177,0.3106993858671711
2056,0.2093,31,147,31,543587,132857,66336,59920,1.052282663794196,0.3108254615436489
2057,0.2094,47,139,47,543726,132718,66383,59873,1.0511817260169813,0.31088160921330693
2058,0.2095,38,141,38,543867,132577,66421,59835,1.05006494740844,0.3109733280668565
2059,0.2096,37,161,37,544028,132416,66458,59798,1.0487897604866303,0.311101168489288
2060,0.2097,37,136,37,544164,132280,66495,59761,1.047712583956406,0.31118875656760797
2061,0.2098,35,125,35,544289,132155,66530,59726,1.0467225319984792,0.3112658366383331
2062,0.2099,41,153,41,544442,132002,66571,59685,1.045510708401977,0.3113669680260007
2063,0.21,35,148,35,544590,131854,66606,59650,1.0443384868837917,0.3114817445066422
2064,0.2101,40,128,40,544718,131726,66646,59610,1.0433246736788746,0.3115461805410378
2065,0.2102,47,138,47,544856,131588,66693,59563,1.0422316563173235,0.3116018226428321
2066,0.2103,32,148,32,545004,131440,66725,59531,1.0410594347991382,0.3117279586952993
2067,0.2104,38,126,38,545130,131314,66763,59493,1.0400614624255482,0.31179673701698574
2068,0.2105,43,141,43,545271,131173,66806,59450,1.0389446838170067,0.31187212455999536
2069,0.2106,49,143,49,545414,131030,66855,59401,1.0378120643771385,0.31192925521579995
2070,0.2107,32,134,32,545548,130896,66887,59369,1.0367507286782411,0.31203321682915935
2071,0.2108,37,134,37,545682,130762,66924,59332,1.0356893929793436,0.31211926730985723
2072,0.2109,33,121,33,545803,130641,66957,59299,1.0347310226840705,0.31219858902811415
2073,0.211,24,124,24,545927,130517,66981,59275,1.0337488911418071,0.31231558759062555
2074,0.2111,41,135,41,546062,130382,67022,59234,1.0326796350272462,0.31238924985233313
2075,0.2112,24,148,24,546210,130234,67046,59210,1.031507413509061,0.3125461877916429
2076,0.2113,41,140,41,546350,130094,67087,59169,1.030398555316183,0.31262845881128376
2077,0.2114,36,159,36,546509,129935,67123,59133,1.0291392092257001,0.3127604882899274
2078,0.2115,44,132,44,546641,129803,67167,59089,1.0280937143581295,0.3128189653346886
2079,0.2116,33,133,33,546774,129670,67200,59056,1.0270402990748955,0.312919258607717
2080,0.2117,33,156,33,546930,129514,67233,59023,1.0258047142314028,0.3130579143616372
2081,0.2118,42,144,42,547074,129370,67275,58981,1.0246641743758713,0.3131440767503225
2082,0.2119,37,144,37,547218,129226,67312,58944,1.0235236345203396,0.3132486581282882
2083,0.212,61,143,61,547361,129083,67373,58883,1.0223910150804714,0.3132641009544279
2084,0.2121,34,108,34,547469,128975,67407,58849,1.0215356101888227,0.31331991651759095
2085,0.2122,32,136,32,547605,128839,67439,58817,1.0204584336585985,0.31342989299569424
2086,0.2123,37,166,37,547771,128673,67476,58780,1.0191436446584716,0.3135719353651315
2087,0.2124,41,158,41,547929,128515,67517,58739,1.0178922189836523,0.31368622299123117
2088,0.2125,32,131,32,548060,128384,67549,58707,1.016854644531745,0.3137884772650742
2089,0.2126,45,147,45,548207,128237,67594,58662,1.0156903434292233,0.3138700581597547
2090,0.2127,47,124,47,548331,128113,67641,58615,1.01470821188696,0.3139057880981963
2091,0.2128,44,139,44,548470,127974,67685,58571,1.0136072741097453,0.3139778605698357
2092,0.2129,25,163,25,548633,127811,67710,58546,1.0123162463566089,0.3141604554698777
2093,0.213,37,130,37,548763,127681,67747,58509,1.0112865923203649,0.3142435146892959
2094,0.2131,33,168,33,548931,127513,67780,58476,1.0099559624889114,0.314405690659125
2095,0.2132,48,145,48,549076,127368,67828,58428,1.0088075022177163,0.3144739391590777
2096,0.2133,34,113,34,549189,127255,67862,58394,1.0079124952477505,0.3145398036078837
2097,0.2134,37,139,37,549328,127116,67899,58357,1.006811557470536,0.31463878839507636
2098,0.2135,24,122,24,549450,126994,67923,58333,1.0058452667595996,0.31475715896766254
2099,0.2136,37,122,37,549572,126872,67960,58296,1.004878976048663,0.31482761600276504
2100,0.2137,41,144,41,549716,126728,68001,58255,1.0037384361931314,0.31492083056280845
2101,0.2138,34,136,34,549852,126592,68035,58221,1.0026612596629072,0.3150265403407769
2102,0.2139,38,138,38,549990,126454,68073,58183,1.0015682423013559,0.3151210212470957
2103,0.214,42,120,42,550110,126334,68115,58141,1.0006177924217463,0.31517007724623936
2104,0.2141,32,136,32,550246,126198,68147,58109,0.999540615891522,0.31528373854492775
2105,0.2142,42,110,42,550356,126088,68189,58067,0.9986693701685464,0.3153159023648557
2106,0.2143,29,124,29,550480,125964,68218,58038,0.9976872386262831,0.3154204845599504
2107,0.2144,31,128,31,550608,125836,68249,58007,0.9966734254213662,0.3155246596280522
2108,0.2145,32,126,32,550734,125710,68281,57975,0.9956754530477759,0.3156218526281406
2109,0.2146,33,122,33,550856,125588,68314,57942,0.9947091623368395,0.31570860349806573
2110,0.2147,38,128,38,550984,125460,68352,57904,0.9936953491319225,0.3157871774175956
2111,0.2148,33,133,33,551117,125327,68385,57871,0.9926419338486884,0.3158931866068407
2112,0.2149,29,141,29,551258,125186,68414,57842,0.991525155240147,0.3160281486985598
2113,0.215,44,145,44,551403,125041,68458,57798,0.990376694968952,0.3161141769534946
2114,0.2151,45,134,45,551537,124907,68503,57753,0.9893153592700545,0.3161775977225446
2115,0.2152,30,131,30,551668,124776,68533,57723,0.9882777848181472,0.3162921440665428
2116,0.2153,37,143,37,551811,124633,68570,57686,0.987145165378279,0.31640147214497666
2117,0.2154,32,136,32,551947,124497,68602,57654,0.9860679888480548,0.31651761450664556
2118,0.2155,38,128,38,552075,124369,68640,57616,0.9850541756431378,0.31659752177377254
2119,0.2156,44,151,44,552226,124218,68684,57572,0.9838581928779623,0.3166950877385995
2120,0.2157,35,121,35,552347,124097,68719,57537,0.9828998225826892,0.3167743924595615
2121,0.2158,33,142,33,552489,123955,68752,57504,0.9817751235584844,0.31689803206233913
2122,0.2159,36,135,36,552624,123820,68788,57468,0.9807058674439234,0.31699836723886854
2123,0.216,28,135,28,552759,123685,68816,57440,0.9796366113293625,0.3171290545203589
2124,0.2161,36,133,36,552892,123552,68852,57404,0.9785831960461285,0.3172262870532063
2125,0.2162,37,143,37,553035,123409,68889,57367,0.9774505766062603,0.3173374784263398
2126,0.2163,35,135,35,553170,123274,68924,57332,0.9763813204916995,0.31744238840348604
2127,0.2164,34,131,34,553301,123143,68958,57298,0.9753437460397921,0.3175442388370714
2128,0.2165,40,138,40,553439,123005,68998,57258,0.974250728678241,0.3176358986591813
2129,0.2166,40,134,40,553573,122871,69038,57218,0.9731893929793436,0.3177206825514051
2130,0.2167,41,149,41,553722,122722,69079,57177,0.9720092510454948,0.317828337011323
2131,0.2168,32,118,32,553840,122604,69111,57145,0.971074641997212,0.3179155377776789
2132,0.2169,41,140,41,553980,122464,69152,57104,0.9699657838043341,0.31800766283524906
2133,0.217,35,130,35,554110,122334,69187,57069,0.9689361297680902,0.3181050484105617
2134,0.2171,37,143,37,554253,122191,69224,57032,0.967803510328222,0.31821808584835654
2135,0.2172,52,132,52,554385,122059,69276,56980,0.9667580154606513,0.3182546819408062
2136,0.2173,30,135,30,554520,121924,69306,56950,0.9656887593460904,0.3183805360197681
2137,0.2174,38,129,38,554649,121795,69344,56912,0.9646670257255101,0.31846542105233705
2138,0.2175,30,142,30,554791,121653,69374,56882,0.9635423267013052,0.31860419525583217
2139,0.2176,40,131,40,554922,121522,69414,56842,0.962504752249398,0.31868538494314996
2140,0.2177,37,138,37,555060,121384,69451,56805,0.9614117348878469,0.3187907222106864
2141,0.2178,41,127,41,555187,121257,69492,56764,0.9604058420985934,0.3188612579414788
2142,0.2179,39,122,39,555309,121135,69531,56725,0.9594395513876568,0.3189306195884403
2143,0.218,29,136,29,555445,120999,69560,56696,0.9583623748574325,0.31906356397197444
2144,0.2181,31,113,31,555558,120886,69591,56665,0.9574673678874668,0.3191477378330733
2145,0.2182,28,130,28,555688,120756,69619,56637,0.9564377138512229,0.3192741539970574
2146,0.2183,42,132,42,555820,120624,69661,56595,0.9553922189836522,0.3193506339613698
2147,0.2184,30,130,30,555950,120494,69691,56565,0.9543625649474085,0.3194697812593542
2148,0.2185,40,138,40,556088,120356,69731,56525,0.9532695475858574,0.3195651313595016
2149,0.2186,38,139,38,556227,120217,69769,56487,0.9521686098086427,0.31967018290474464
2150,0.2187,40,128,40,556355,120089,69809,56447,0.9511547966037258,0.3197478134771378
2151,0.2188,40,141,40,556496,119948,69849,56407,0.9500380179951844,0.3198491678716226
2152,0.2189,41,117,41,556613,119831,69890,56366,0.9491113293625649,0.3199032900673678
2153,0.219,27,139,27,556752,119692,69917,56339,0.9480103915853504,0.32005158182365606
2154,0.2191,37,158,37,556910,119534,69954,56302,0.946758965910531,0.3201960918128256
2155,0.2192,34,119,34,557029,119415,69988,56268,0.9458164364465848,0.32028141595942694
2156,0.2193,46,138,46,557167,119277,70034,56222,0.9447234190850335,0.3203551017384714
2157,0.2194,41,130,41,557297,119147,70075,56181,0.9436937650487898,0.3204337014053659
2158,0.2195,39,124,39,557421,119023,70114,56142,0.9427116335065264,0.32050923415065796
2159,0.2196,30,149,30,557570,118874,70144,56112,0.9415314915726777,0.3206656532522602
2160,0.2197,39,134,39,557704,118740,70183,56073,0.9404701558737802,0.32075989771927715
2161,0.2198,39,110,39,557814,118630,70222,56034,0.9395989101508048,0.32081024137773095
2162,0.2199,37,154,37,557968,118476,70259,55997,0.9383791661386389,0.32094937325546075
2163,0.22,25,128,25,558096,118348,70284,55972,0.9373653529337219,0.3210876548875631
2164,0.2201,34,136,34,558232,118212,70318,55938,0.9362881764034977,0.3212058570198105
2165,0.2202,39,130,39,558362,118082,70357,55899,0.9352585223672538,0.3212937044849725
2166,0.2203,49,140,49,558502,117942,70406,55850,0.9341496641743758,0.32136116737249126
2167,0.2204,34,135,34,558637,117807,70440,55816,0.933080408059815,0.3214781451766183
2168,0.2205,39,111,39,558748,117696,70479,55777,0.932201241921176,0.3215313045834222
2169,0.2206,34,146,34,558894,117550,70513,55743,0.9310448612343176,0.3216690806899298
2170,0.2207,32,117,32,559011,117433,70545,55711,0.9301181726016982,0.32176107748463706
2171,0.2208,33,110,33,559121,117323,70578,55678,0.9292469268787226,0.32183628996364183
2172,0.2209,29,131,29,559252,117192,70607,55649,0.9282093524268153,0.32196643157584137
2173,0.221,37,121,37,559373,117071,70644,55612,0.9272509821315422,0.3220467561948773
2174,0.2211,41,138,41,559511,116933,70685,55571,0.9261579647699911,0.32214325464916754
2175,0.2212,30,141,30,559652,116792,70715,55541,0.9250411861614497,0.3222888245431809
2176,0.2213,27,125,27,559777,116667,70742,55514,0.924051134203523,0.3224165267944779
2177,0.2214,37,124,37,559901,116543,70779,55477,0.9230690026612597,0.3225031973026392
2178,0.2215,46,136,46,560037,116407,70825,55431,0.9219918261310354,0.3225770784110616
2179,0.2216,29,138,29,560175,116269,70854,55402,0.9208988087694843,0.3227219507080404
2180,0.2217,31,129,31,560304,116140,70885,55371,0.9198770751489038,0.3228422666767729
2181,0.2218,42,117,42,560421,116023,70927,55329,0.9189503865162844,0.32289672720481816
2182,0.2219,28,146,28,560567,115877,70955,55301,0.9177940058294259,0.32306137470936686
2183,0.222,24,129,24,560696,115748,70979,55277,0.9167722722088455,0.3232100570092092
2184,0.2221,34,126,34,560822,115622,71013,55243,0.9157742998352554,0.3233137272115413
2185,0.2222,25,119,25,560941,115503,71038,55218,0.9148317703713091,0.32343999859419753
2186,0.2223,29,113,29,561054,115390,71067,55189,0.9139367634013433,0.3235392398829868
2187,0.2224,38,126,38,561180,115264,71105,55151,0.9129387910277531,0.3236276149399994
2188,0.2225,30,134,30,561314,115130,71135,55121,0.9118774553288557,0.3237631497024981
2189,0.2226,34,117,34,561431,115013,71169,55087,0.9109507666962362,0.3238506760728983
2190,0.2227,41,134,41,561565,114879,71210,55046,0.9098894309973388,0.3239429159923496
2191,0.2228,37,105,37,561670,114774,71247,55009,0.9090577873526803,0.32399592420913753
2192,0.2229,34,144,34,561814,114630,71281,54975,0.9079172474971486,0.32413549128858227
2193,0.223,25,118,25,561932,114512,71306,54950,0.9069826384488658,0.32426148635092233
2194,0.2231,27,131,27,562063,114381,71333,54923,0.9059450639969585,0.3244046212729764
2195,0.2232,35,125,35,562188,114256,71368,54888,0.9049550120390318,0.3245045641583503
2196,0.2233,36,119,36,562307,114137,71404,54852,0.9040124825750855,0.324589174443307
2197,0.2234,30,117,30,562424,114020,71434,54822,0.9030857939424661,0.3246940927020528
2198,0.2235,32,133,32,562557,113887,71466,54790,0.902032378659232,0.3248219970713257
2199,0.2236,49,127,49,562684,113760,71515,54741,0.9010264858699785,0.3248704755461392
2200,0.2237,31,129,31,562813,113631,71546,54710,0.900004752249398,0.3249950992331042
2201,0.2238,38,123,38,562936,113508,71584,54672,0.8990305411227981,0.32508027113806637
2202,0.2239,39,138,39,563074,113370,71623,54633,0.897937523761247,0.32519062159604295
2203,0.224,29,124,29,563198,113246,71652,54604,0.8969553922189837,0.3253142686922848
2204,0.2241,21,118,21,563316,113128,71673,54583,0.8960207831707008,0.3254586759365814
2205,0.2242,17,116,17,563432,113012,71690,54566,0.8951020149537448,0.32561553425867357
2206,0.2243,26,88,26,563520,112924,71716,54540,0.8944050183753643,0.3256819376104715
2207,0.2244,31,116,31,563636,112808,71747,54509,0.8934862501584083,0.32578279553183476
2208,0.2245,34,116,34,563752,112692,71781,54475,0.8925674819414523,0.3258717330573618
2209,0.2246,33,97,33,563849,112595,71814,54442,0.8917992016221011,0.32592778845405507
2210,0.2247,34,157,34,564006,112438,71848,54408,0.8905556963629452,0.3260971194994186
2211,0.2248,26,110,26,564116,112328,71874,54382,0.8896844506399696,0.32620718613160576
2212,0.2249,35,105,35,564221,112223,71909,54347,0.8888528069953111,0.32627123731764424
2213,0.225,28,123,28,564344,112100,71937,54319,0.8878785958687112,0.32639902895703016
2214,0.2251,37,119,37,564463,111981,71974,54282,0.886936066404765,0.3264827411991844
2215,0.2252,38,111,38,564574,111870,72012,54244,0.8860569002661259,0.3265468292859121
2216,0.2253,33,105,33,564679,111765,72045,54211,0.8852252566214674,0.3266195112546392
2217,0.2254,33,97,33,564776,111668,72078,54178,0.8844569763021163,0.3266765553585857
2218,0.2255,33,125,33,564901,111543,72111,54145,0.8834669243441896,0.3267889044469123
2219,0.2256,27,105,27,565006,111438,72138,54118,0.8826352806995311,0.32688637077484356
2220,0.2257,37,101,37,565107,111337,72175,54081,0.8818353187175263,0.32693540001692684
2221,0.2258,31,116,31,565223,111221,72206,54050,0.8809165505005703,0.32703862141573536
2222,0.2259,36,114,36,565337,111107,72242,54014,0.880013623114941,0.32711768945197767
2223,0.226,35,127,35,565464,110980,72277,53979,0.8790077303256875,0.3272267654386848
2224,0.2261,40,122,40,565586,110858,72317,53939,0.878041439614751,0.327305715516666
2225,0.2262,40,115,40,565701,110743,72357,53899,0.8771305918134583,0.32737090171402194
2226,0.2263,36,115,36,565816,110628,72393,53863,0.8762197440121657,0.3274525657938732
2227,0.2264,29,94,29,565910,110534,72422,53834,0.8754752249398048,0.32752117200428305
2228,0.2265,29,127,29,566037,110407,72451,53805,0.8744693321505512,0.3276557133461623
2229,0.2266,34,113,34,566150,110294,72485,53771,0.8735743251805855,0.32774205345442353
2230,0.2267,23,114,23,566264,110180,72508,53748,0.8726713977949563,0.32787565272558683
2231,0.2268,30,114,30,566378,110066,72538,53718,0.871768470409327,0.3279807551409173
2232,0.2269,41,125,41,566503,109941,72579,53677,0.8707784184514004,0.3280629270618147
2233,0.227,30,113,30,566616,109828,72609,53647,0.8698834114814346,0.32816638629759903
2234,0.2271,29,115,29,566731,109713,72638,53618,0.868972563680142,0.32827815907574187
2235,0.2272,36,115,36,566846,109598,72674,53582,0.8680617158788493,0.32836131878906727
2236,0.2273,30,104,30,566950,109494,72704,53552,0.8672379926498542,0.32844718668351264
2237,0.2274,33,102,33,567052,109392,72737,53519,0.8664301102521861,0.3285167975152077
2238,0.2275,34,103,34,567155,109289,72771,53485,0.8656143074388544,0.3285844176588399
2239,0.2276,27,104,27,567259,109185,72798,53458,0.8647905842098593,0.3286830665937052
2240,0.2277,24,110,24,567369,109075,72822,53434,0.8639193384868837,0.32880640456836235
2241,0.2278,36,127,36,567496,108948,72858,53398,0.8629134456976302,0.3289147869365429
2242,0.2279,39,108,39,567604,108840,72897,53359,0.8620580408059815,0.3289724350951609
2243,0.228,30,124,30,567728,108716,72927,53329,0.8610759092637181,0.3290999413743096
2244,0.2281,24,116,24,567844,108600,72951,53305,0.8601571410467621,0.3292362805348816
2245,0.2282,39,113,39,567957,108487,72990,53266,0.8592621340767963,0.32930455694793914
2246,0.2283,35,115,35,568072,108372,73025,53231,0.8583512862755037,0.32939363749435346
2247,0.2284,22,103,22,568175,108269,73047,53209,0.8575354834621721,0.32951237939533556
2248,0.2285,34,103,34,568278,108166,73081,53175,0.8567196806488404,0.3295814455098208
2249,0.2286,46,140,46,568418,108026,73127,53129,0.8556108224559625,0.32967639849834013
2250,0.2287,34,114,34,568532,107912,73161,53095,0.8547078950703333,0.32976827094474154
2251,0.2288,37,114,37,568646,107798,73198,53058,0.853804967684704,0.3298478141940618
2252,0.2289,31,134,31,568780,107664,73229,53027,0.8527436319858066,0.32999359018239977
2253,0.229,34,115,34,568895,107549,73263,52993,0.851832784184514,0.3300880766403807
2254,0.2291,26,111,26,569006,107438,73289,52967,0.850953618045875,0.33020791122471244
2255,0.2292,30,117,30,569123,107321,73319,52937,0.8500269294132556,0.3303236031898564
2256,0.2293,27,120,27,569243,107201,73346,52910,0.849076479533646,0.33045824459281375
2257,0.2294,29,102,29,569345,107099,73375,52881,0.8482685971359777,0.33054756844605576
2258,0.2295,45,109,45,569454,106990,73420,52836,0.8474052718286655,0.33058451065533767
2259,0.2296,32,98,32,569552,106892,73452,52804,0.846629071093651,0.3306532411582006
2260,0.2297,42,116,42,569668,106776,73494,52762,0.845710302876695,0.33071744662713587
2261,0.2298,29,108,29,569776,106668,73523,52733,0.8448548979850462,0.33081975646325934
2262,0.2299,33,112,33,569888,106556,73556,52700,0.8439678114307438,0.3309137489325363
2263,0.23,32,115,32,570003,106441,73588,52668,0.8430569636294513,0.3310183584838067
2264,0.2301,39,115,39,570118,106326,73627,52629,0.8421461158281587,0.3310937057657828
2265,0.2302,32,109,32,570227,106217,73659,52597,0.8412827905208465,0.3311861674663443
2266,0.2303,32,122,32,570349,106095,73691,52565,0.8403164998099101,0.3313059372242531
2267,0.2304,25,131,25,570480,105964,73716,52540,0.8392789253580027,0.331474284560642
2268,0.2305,30,102,30,570582,105862,73746,52510,0.8384710429603346,0.33156113454398506
2269,0.2306,21,109,21,570691,105753,73767,52489,0.8376077176530224,0.33170081267931395
2270,0.2307,31,95,31,570786,105658,73798,52458,0.836855278164998,0.33176908092792634
2271,0.2308,36,87,36,570873,105571,73834,52422,0.8361662020022811,0.33179951010487807
2272,0.2309,33,104,33,570977,105467,73867,52389,0.835342478773286,0.3318784208392459
2273,0.231,36,97,36,571074,105370,73903,52353,0.8345741984539349,0.3319300292284575
2274,0.2311,24,92,24,571166,105278,73927,52329,0.8338455202129008,0.3320220548579695
2275,0.2312,30,126,30,571292,105152,73957,52299,0.8328475478393106,0.3321604816736636
2276,0.2313,22,96,22,571388,105056,73979,52277,0.8320871879356229,0.332269771757991
2277,0.2314,25,93,25,571481,104963,74004,52252,0.8313505892789254,0.3323601437521865
2278,0.2315,38,128,38,571609,104835,74042,52214,0.8303367760740084,0.33246948404638044
2279,0.2316,35,107,35,571716,104728,74077,52179,0.8294892915980231,0.33254730509155106
2280,0.2317,31,136,31,571852,104592,74108,52148,0.8284121150677988,0.3327038407553911
2281,0.2318,36,122,36,571974,104470,74144,52112,0.8274458243568622,0.3328096460640431
2282,0.2319,30,112,30,572086,104358,74174,52082,0.8265587378025598,0.33291996931731016
2283,0.232,32,117,32,572203,104241,74206,52050,0.8256320491699405,0.33303261224254754
2284,0.2321,38,110,38,572313,104131,74244,52012,0.8247608034469649,0.3331049102425341
2285,0.2322,28,110,28,572423,104021,74272,51984,0.8238895577239893,0.33322008909970835
2286,0.2323,45,102,45,572525,103919,74317,51939,0.8230816753263211,0.33324564667838674
2287,0.2324,31,118,31,572643,103801,74348,51908,0.8221470662780382,0.33336544451508904
2288,0.2325,35,125,35,572768,103676,74383,51873,0.8211570143201116,0.3334833396550283
2289,0.2326,26,98,26,572866,103578,74409,51847,0.820380813585097,0.33358211355959466
2290,0.2327,22,109,22,572975,103469,74431,51825,0.8195174882777848,0.3337218437286695
2291,0.2328,41,101,41,573076,103368,74472,51784,0.81871752629578,0.3337630194905641
2292,0.2329,31,127,31,573203,103241,74503,51753,0.8177116335065264,0.3339032478676594
2293,0.233,28,103,28,573306,103138,74531,51725,0.8168958306931948,0.3340048946488186
2294,0.2331,27,111,27,573417,103027,74558,51698,0.8160166645545558,0.33412829213120054
2295,0.2332,36,123,36,573540,102904,74594,51662,0.8150424534279559,0.3342390952732166
2296,0.2333,28,107,28,573647,102797,74622,51634,0.8141949689519706,0.3343499685943884
2297,0.2334,30,112,30,573759,102685,74652,51604,0.8133078823976683,0.3344632475419505
2298,0.2335,38,101,38,573860,102584,74690,51566,0.8125079204156634,0.33451832630554657
2299,0.2336,36,91,36,573951,102493,74726,51530,0.8117871625902927,0.3345604227939983
2300,0.2337,25,106,25,574057,102387,74751,51505,0.8109475985299709,0.33468276453616824
2301,0.2338,24,128,24,574185,102259,74775,51481,0.8099337853250539,0.3348575517106804
2302,0.2339,22,95,22,574280,102164,74797,51459,0.8091813458370295,0.3349693730756462
2303,0.234,32,110,32,574390,102054,74829,51427,0.808310100114054,0.3350707905213023
2304,0.2341,23,99,23,574489,101955,74852,51404,0.807525978963376,0.3351873708096688
2305,0.2342,29,74,29,574563,101881,74881,51375,0.8069398682042833,0.33522341702771835
2306,0.2343,26,111,26,574674,101770,74907,51349,0.8060607020656444,0.3353535485472084
2307,0.2344,41,136,41,574810,101634,74948,51308,0.8049835255354201,0.3354735782191942
2308,0.2345,35,113,35,574923,101521,74983,51273,0.8040885185654543,0.33556945953375134
2309,0.2346,39,111,39,575034,101410,75022,51234,0.8032093524268153,0.3356437200283011
2310,0.2347,35,122,35,575156,101288,75057,51199,0.8022430617158789,0.33575976968528465
2311,0.2348,36,100,36,575256,101188,75093,51163,0.8014510201495374,0.3358231977473072
2312,0.2349,34,98,34,575354,101090,75127,51129,0.8006748194145229,0.33589105170839384
2313,0.235,35,122,35,575476,100968,75162,51094,0.7997085287035863,0.33600768107745527
2314,0.2351,37,107,37,575583,100861,75199,51057,0.7988610442276011,0.3360826235205835
2315,0.2352,33,125,33,575708,100736,75232,51024,0.7978709922696743,0.33621507643647863
2316,0.2353,32,108,32,575816,100628,75264,50992,0.7970155873780256,0.33631447038649254
2317,0.2354,26,88,26,575904,100540,75290,50966,0.7963185907996452,0.33639591831346616
2318,0.2355,19,95,19,575999,100445,75309,50947,0.7955661513116208,0.33652372648488693
2319,0.2356,31,115,31,576114,100330,75340,50916,0.7946553035103282,0.336643613715404
2320,0.2357,32,90,32,576204,100240,75372,50884,0.7939424661006209,0.3367036341017972
2321,0.2358,37,117,37,576321,100123,75409,50847,0.7930157774680016,0.33680201364509504
2322,0.2359,35,111,35,576432,100012,75444,50812,0.7921366113293625,0.33689598472391663
2323,0.236,30,107,30,576539,99905,75474,50782,0.7912891268533773,0.337003192047091
2324,0.2361,35,129,35,576668,99776,75509,50747,0.7902673932327968,0.3371378460434618
2325,0.2362,38,99,38,576767,99677,75547,50709,0.7894832720821189,0.3371922918356762
2326,0.2363,33,119,33,576886,99558,75580,50676,0.7885407426181726,0.3373137904868405
2327,0.2364,24,103,24,576989,99455,75604,50652,0.7877249398048409,0.3374392933041097
2328,0.2365,28,99,28,577088,99356,75632,50624,0.786940818654163,0.33753833844512604
2329,0.2366,33,112,33,577200,99244,75665,50591,0.7860537320998606,0.3376447425501385
2330,0.2367,24,117,24,577317,99127,75689,50567,0.7851270434672412,0.3378024503320106
2331,0.2368,34,115,34,577432,99012,75723,50533,0.7842161956659486,0.33791166538500117
2332,0.2369,38,115,38,577547,98897,75761,50495,0.7833053478646559,0.33800337367462785
2333,0.237,35,97,35,577644,98800,75796,50460,0.7825370675453048,0.3380678011523516
2334,0.2371,24,129,24,577773,98671,75820,50436,0.7815153339247244,0.3382537372490896
2335,0.2372,20,116,20,577889,98555,75840,50416,0.7805965657077684,0.33842828469970665
2336,0.2373,29,127,29,578016,98428,75869,50387,0.7795906729185148,0.33858817995497764
2337,0.2374,34,111,34,578127,98317,75903,50353,0.7787115067798758,0.3386897154772315
2338,0.2375,29,100,29,578227,98217,75932,50324,0.7779194652135344,0.33878861728411686
2339,0.2376,28,102,28,578329,98115,75960,50296,0.7771115828158662,0.338896712507833
2340,0.2377,30,107,30,578436,98008,75990,50266,0.7762640983398809,0.3390075131176066
2341,0.2378,29,115,29,578551,97893,76019,50237,0.7753532505385883,0.33914129480861405
2342,0.2379,28,108,28,578659,97785,76047,50209,0.7744978456469396,0.33926375393597036
2343,0.238,36,104,36,578763,97681,76083,50173,0.7736741224179445,0.3393415125732141
2344,0.2381,29,114,29,578877,97567,76112,50144,0.7727711950323153,0.339473702026254
2345,0.2382,40,101,40,578978,97466,76152,50104,0.7719712330503105,0.3395270041336315
2346,0.2383,29,109,29,579087,97357,76181,50075,0.7711079077429983,0.3396481089587064
2347,0.2384,32,101,32,579188,97256,76213,50043,0.7703079457609935,0.33973754064861267
2348,0.2385,32,101,32,579289,97155,76245,50011,0.7695079837789888,0.3398271339847519
2349,0.2386,21,110,21,579399,97045,76266,49990,0.7686367380560132,0.33998707790662086
2350,0.2387,19,90,19,579489,96955,76285,49971,0.7679239006463059,0.340109987340566
2351,0.2388,23,110,23,579599,96845,76308,49948,0.7670526549233304,0.3402614566089664
2352,0.2389,37,120,37,579719,96725,76345,49911,0.7661022050437207,0.3403734417196323
2353,0.239,28,119,28,579838,96606,76373,49883,0.7651596755797744,0.3405238618599349
2354,0.2391,29,117,29,579955,96489,76402,49854,0.764232986947155,0.34066542301305835
2355,0.2392,34,93,34,580048,96396,76436,49820,0.7634963882904575,0.34072878481151175
2356,0.2393,32,115,32,580163,96281,76468,49788,0.7625855404891648,0.3408526107524526
2357,0.2394,21,97,21,580260,96184,76489,49767,0.7618172601698137,0.3409843029509904
2358,0.2395,36,86,36,580346,96098,76525,49731,0.7611361044227601,0.3410227046746532
2359,0.2396,46,110,46,580456,95988,76571,49685,0.7602648586997846,0.3410721272988131
2360,0.2397,22,101,22,580557,95887,76593,49663,0.7594648967177797,0.34120920645826175
2361,0.2398,25,102,25,580659,95785,76618,49638,0.7586570143201116,0.3413352770882185
2362,0.2399,31,131,31,580790,95654,76649,49607,0.7576194398682042,0.3415025368130469
2363,0.24,28,108,28,580898,95546,76677,49579,0.7567640349765555,0.3416296296296296
2364,0.2401,25,97,25,580995,95449,76702,49554,0.7559957546572044,0.3417446535588919
2365,0.2402,26,93,26,581088,95356,76728,49528,0.7552591560005069,0.34184589050550784
2366,0.2403,31,98,31,581186,95258,76759,49497,0.7544829552654924,0.34193637525474074
2367,0.2404,29,96,29,581282,95162,76788,49468,0.7537225953618046,0.34203139044458275
2368,0.2405,35,107,35,581389,95055,76823,49433,0.7528751108858193,0.34212529760256905
2369,0.2406,29,90,29,581479,94965,76852,49404,0.752162273476112,0.3422064293581032
2370,0.2407,26,96,26,581575,94869,76878,49378,0.7514019135724243,0.3423156114165286
2371,0.2408,32,105,32,581680,94764,76910,49346,0.7505702699277658,0.34241898549718963
2372,0.2409,24,96,24,581776,94668,76934,49322,0.749809910024078,0.3425376762275158
2373,0.241,30,88,30,581864,94580,76964,49292,0.7491129134456976,0.3426100978647687
2374,0.2411,46,97,46,581961,94483,77010,49246,0.7483446331263465,0.34263092347403795
2375,0.2412,25,98,25,582059,94385,77035,49221,0.7475684323913319,0.3427503029121346
2376,0.2413,37,93,37,582152,94292,77072,49184,0.7468318337346344,0.34280297750146366
2377,0.2414,38,102,38,582254,94190,77110,49146,0.7460239513369662,0.34287269074063736
2378,0.2415,35,102,35,582356,94088,77145,49111,0.7452160689392979,0.34295630556079304
2379,0.2416,33,90,33,582446,93998,77178,49078,0.7445032315295906,0.34302049260532863
2380,0.2417,41,103,41,582549,93895,77219,49037,0.743687428716259,0.3430792264853217
2381,0.2418,38,97,38,582646,93798,77257,48999,0.7429191483969079,0.3431374608710267
2382,0.2419,24,89,24,582735,93709,77281,48975,0.742214231402864,0.3432410081018194
2383,0.242,30,116,30,582851,93593,77311,48945,0.741295463185908,0.34338211564635396
2384,0.2421,26,108,26,582959,93485,77337,48919,0.7404400582942593,0.3435226538580377
2385,0.2422,34,110,34,583069,93375,77371,48885,0.7395688125712837,0.3436313791649093
2386,0.2423,33,111,33,583180,93264,77404,48852,0.7386896464326448,0.3437473613104788
2387,0.2424,25,101,25,583281,93163,77429,48827,0.73788968445064,0.3438763293189661
2388,0.2425,24,111,24,583392,93052,77453,48803,0.737010518312001,0.34403440132529695
2389,0.2426,19,100,19,583492,92952,77472,48784,0.7362184767456597,0.3441891968166168
2390,0.2427,30,66,30,583558,92886,77502,48754,0.7356957293118743,0.34421067495057894
2391,0.2428,35,98,35,583656,92788,77537,48719,0.7349195285768597,0.3442868550672405
2392,0.2429,41,106,41,583762,92682,77578,48678,0.7340799645165378,0.3443548387096774
2393,0.243,34,90,34,583852,92592,77612,48644,0.7333671271068306,0.3444164377354216
2394,0.2431,22,88,22,583940,92504,77634,48622,0.7326701305284501,0.3445290024517098
2395,0.2432,31,116,31,584056,92388,77665,48591,0.7317513623114941,0.3446683548613623
2396,0.2433,20,91,20,584147,92297,77685,48571,0.7310306044861234,0.3447979668909901
2397,0.2434,31,84,31,584231,92213,77716,48540,0.7303652895703967,0.34485943461240615
2398,0.2435,27,96,27,584327,92117,77743,48513,0.7296049296667089,0.3449690677664794
2399,0.2436,42,96,42,584423,92021,77785,48471,0.7288445697630211,0.34500896848219115
2400,0.2437,32,92,32,584515,91929,77817,48439,0.7281158915219871,0.34508577453550665
2401,0.2438,23,95,23,584610,91834,77840,48416,0.7273634520339627,0.3452121212121212
2402,0.2439,37,87,37,584697,91747,77877,48379,0.7266743758712457,0.34525355751252446
2403,0.244,27,92,27,584789,91655,77904,48352,0.7259456976302117,0.3453541608633854
2404,0.2441,38,101,38,584890,91554,77942,48314,0.7251457356482068,0.3454256870763863
2405,0.2442,31,80,31,584970,91474,77973,48283,0.7245121023951338,0.345478222915489
2406,0.2443,32,99,32,585069,91375,78005,48251,0.7237279812444557,0.3455731740506782
2407,0.2444,27,102,27,585171,91273,78032,48224,0.7229200988467874,0.3456991906635985
2408,0.2445,23,90,23,585261,91183,78055,48201,0.7222072614370803,0.3458144406818573
2409,0.2446,29,96,29,585357,91087,78084,48172,0.7214469015333925,0.3459166014404814
2410,0.2447,40,90,40,585447,90997,78124,48132,0.7207340641236852,0.3459523176332756
2411,0.2448,26,118,26,585565,90879,78150,48106,0.7197994550754023,0.34612368241177105
2412,0.2449,28,91,28,585656,90788,78178,48078,0.7190786972500317,0.34621865683464637
2413,0.245,29,117,29,585773,90671,78207,48049,0.7181520086174122,0.3463739907727797
2414,0.2451,34,102,34,585875,90569,78241,48015,0.717344126219744,0.34646856780003465
2415,0.2452,28,95,28,585970,90474,78269,47987,0.7165916867317197,0.3465741255660439
2416,0.2453,30,99,30,586069,90375,78299,47957,0.7158075655810416,0.34668044993204755
2417,0.2454,26,88,26,586157,90287,78325,47931,0.7151105690026612,0.34677827779305154
2418,0.2455,32,83,32,586240,90204,78357,47899,0.7144531745025979,0.34683533304852177
2419,0.2456,31,86,31,586326,90118,78388,47868,0.7137720187555443,0.3469047584537562
2420,0.2457,46,117,46,586443,90001,78434,47822,0.7128453301229248,0.3469812730821416
2421,0.2458,31,89,31,586532,89912,78465,47791,0.712140413128881,0.34705852450563895
2422,0.2459,32,95,32,586627,89817,78497,47759,0.7113879736408567,0.34714630458800955
2423,0.246,42,100,42,586727,89717,78539,47717,0.7105959320745153,0.347199382976556
2424,0.2461,39,97,39,586824,89620,78578,47678,0.7098276517551642,0.34725924631094407
2425,0.2462,29,94,29,586918,89526,78607,47649,0.7090831326828032,0.3473592126845271
2426,0.2463,36,92,36,587010,89434,78643,47613,0.7083544544417691,0.34742095777361054
2427,0.2464,27,91,27,587101,89343,78670,47586,0.7076336966163984,0.34752316894156826
2428,0.2465,23,97,23,587198,89246,78693,47563,0.7068654162970472,0.34765987617773686
2429,0.2466,34,87,34,587285,89159,78727,47529,0.7061763401343303,0.34771889266065786
2430,0.2467,41,108,41,587393,89051,78768,47488,0.7053209352426816,0.3477980650217154
2431,0.2468,36,90,36,587483,88961,78804,47452,0.7046080978329743,0.347855409675031
2432,0.2469,29,88,29,587571,88873,78833,47423,0.7039111012545939,0.3479412455244468
2433,0.247,16,110,16,587681,88763,78849,47407,0.7030398555316183,0.3481457002276566
2434,0.2471,36,77,36,587758,88686,78885,47371,0.7024299835255354,0.34817025217372133
2435,0.2472,36,100,36,587858,88586,78921,47335,0.701637941959194,0.3482537650547009
2436,0.2473,25,101,25,587959,88485,78946,47310,0.7008379799771892,0.3483927979675246
2437,0.2474,25,92,25,588051,88393,78971,47285,0.7001093017361552,0.3485089697666534
2438,0.2475,17,72,17,588123,88321,78988,47268,0.6995390318083893,0.34861235055941114
2439,0.2476,25,96,25,588219,88225,79013,47243,0.6987786719047016,0.34873918563793666
2440,0.2477,33,109,33,588328,88116,79046,47210,0.6979153465973894,0.3488612683445901
2441,0.2478,32,83,32,588411,88033,79078,47178,0.6972579520973261,0.3489213155734371
2442,0.2479,37,97,37,588508,87936,79115,47141,0.6964896717779749,0.3489935370196258
2443,0.248,32,79,32,588587,87857,79147,47109,0.6958639589405652,0.34904346279803805
2444,0.2481,28,81,28,588668,87776,79175,47081,0.6952224052718287,0.34911795457410444
2445,0.2482,28,113,28,588781,87663,79203,47053,0.6943273983018629,0.3492755129309065
2446,0.2483,31,92,31,588873,87571,79234,47022,0.6935987200608288,0.3493643800197633
2447,0.2484,22,86,22,588959,87485,79256,47000,0.6929175643137752,0.34948135479793285
2448,0.2485,26,103,26,589062,87382,79282,46974,0.6921017615004436,0.34962338860936615
2449,0.2486,22,80,22,589142,87302,79304,46952,0.6914681282473705,0.34972514785406766
2450,0.2487,32,98,32,589240,87204,79336,46920,0.6906919275123559,0.349825534579941
2451,0.2488,25,90,25,589330,87114,79361,46895,0.6899790901026486,0.34993918318918876
2452,0.2489,31,89,31,589419,87025,79392,46864,0.6892741731086047,0.35002128628938894
2453,0.249,35,83,35,589502,86942,79427,46829,0.6886167786085414,0.35006840047543936
2454,0.2491,24,82,24,589584,86860,79451,46805,0.6879673045241415,0.3501664609284405
2455,0.2492,24,104,24,589688,86756,79475,46781,0.6871435812951464,0.35032238256063863
2456,0.2493,24,89,24,589777,86667,79499,46757,0.6864386643011026,0.3504392013430867
2457,0.2494,35,85,35,589862,86582,79534,46722,0.6857654289697124,0.35049210826381805
2458,0.2495,27,91,27,589953,86491,79561,46695,0.6850446711443416,0.35059991290375864
2459,0.2496,22,94,22,590047,86397,79583,46673,0.6843001520719807,0.3507402119185391
2460,0.2497,29,103,29,590150,86294,79612,46644,0.6834843492586491,0.35087033053002153
2461,0.2498,28,78,28,590228,86216,79640,46616,0.6828665568369028,0.3509395326427367
2462,0.2499,14,104,14,590332,86112,79654,46602,0.6820428336079077,0.3511460735114607
2463,0.25,31,97,31,590429,86015,79685,46571,0.6812745532885566,0.35125126333097006
2464,0.2501,30,98,30,590527,85917,79715,46541,0.680498352553542,0.35136420601247187
2465,0.2502,28,101,28,590628,85816,79743,46513,0.6796983905715372,0.3514951371203591
2466,0.2503,20,79,20,590707,85737,79763,46493,0.6790726777341275,0.3516070483248884
2467,0.2504,19,88,19,590795,85649,79782,46474,0.6783756811557471,0.3517479924010203
2468,0.2505,33,77,33,590872,85572,79815,46441,0.6777658091496642,0.351791111481445
2469,0.2506,35,84,35,590956,85488,79850,46406,0.6771004942339374,0.3518431467693754
2470,0.2507,25,116,25,591072,85372,79875,46381,0.6761817260169813,0.3520299348022436
2471,0.2508,28,84,28,591156,85288,79903,46353,0.6755164111012546,0.35211674174459323
2472,0.2509,19,87,19,591243,85201,79922,46334,0.6748273349385375,0.35225605352187633
2473,0.251,35,91,35,591334,85110,79957,46299,0.6741065771131669,0.35232746615528615
2474,0.2511,39,83,39,591417,85027,79996,46260,0.6734491826131035,0.3523578115121832
2475,0.2512,40,95,40,591512,84932,80036,46220,0.6726967431250792,0.35241551787239234
2476,0.2513,33,80,33,591592,84852,80069,46187,0.6720631098720061,0.35246758598585154
2477,0.2514,29,96,29,591688,84756,80098,46158,0.6713027499683183,0.35258261148540265
2478,0.2515,21,79,21,591767,84677,80119,46137,0.6706770371309086,0.3526916079318727
2479,0.2516,19,81,19,591848,84596,80138,46118,0.6700354834621721,0.35281607172911855
2480,0.2517,28,83,28,591931,84513,80166,46090,0.6693780889621087,0.352901541312221
2481,0.2518,19,103,19,592034,84410,80185,46071,0.6685622861487771,0.3530858898996789
2482,0.2519,28,87,28,592121,84323,80213,46043,0.66787320998606,0.3531825782796128
2483,0.252,38,91,38,592212,84232,80251,46005,0.6671524521606894,0.3532406305427797
2484,0.2521,28,93,28,592305,84139,80279,45977,0.6664158535039919,0.353353930339082
2485,0.2522,23,90,23,592395,84049,80302,45954,0.6657030160942846,0.3534841503657608
2486,0.2523,35,108,35,592503,83941,80337,45919,0.6648476112026359,0.353603881102726
2487,0.2524,24,90,24,592593,83851,80361,45895,0.6641347737929286,0.3537295947466589
2488,0.2525,29,85,29,592678,83766,80390,45866,0.6634615384615384,0.353816958775611
2489,0.2526,24,114,24,592792,83652,80414,45842,0.6625586110759093,0.3540086799388389
2490,0.2527,24,86,24,592878,83566,80438,45818,0.6618774553288557,0.35412415754652815
2491,0.2528,20,85,20,592963,83481,80458,45798,0.6612042199974655,0.354257071914232
2492,0.2529,25,90,25,593053,83391,80483,45773,0.6604913825877582,0.35437892911337526
2493,0.253,18,79,18,593132,83312,80501,45755,0.6598656697503485,0.3545057993135348
2494,0.2531,28,84,28,593216,83228,80529,45727,0.6592003548346217,0.35459656469311
2495,0.2532,24,75,24,593291,83153,80553,45703,0.6586063236598657,0.3546827466318992
2496,0.2533,28,82,28,593373,83071,80581,45675,0.6579568495754657,0.3547683034812732
2497,0.2534,36,80,36,593453,82991,80617,45639,0.6573232163223925,0.35480836507813107
2498,0.2535,31,86,31,593539,82905,80648,45608,0.656642060575339,0.354890166753558
2499,0.2536,28,81,28,593620,82824,80676,45580,0.6560005069066025,0.35497336531572227
2500,0.2537,31,85,31,593705,82739,80707,45549,0.6553272715752123,0.3550526939386381
2501,0.2538,28,88,28,593793,82651,80735,45521,0.6546302749968318,0.35515557219985644
2502,0.2539,22,81,22,593874,82570,80757,45499,0.6539887213280953,0.3552694250755452
2503,0.254,29,71,29,593945,82499,80786,45470,0.653426371815993,0.35532042916643874
2504,0.2541,34,69,34,594014,82430,80820,45436,0.6528798631352173,0.3553407473448767
2505,0.2542,23,95,23,594109,82335,80843,45413,0.652127423647193,0.35548893133356296
2506,0.2543,36,81,36,594190,82254,80879,45377,0.6514858699784565,0.3555327467464801
2507,0.2544,25,66,25,594256,82188,80904,45352,0.6509631225446711,0.3555904030108201
2508,0.2545,30,85,30,594341,82103,80934,45322,0.650289887213281,0.3556758877771238
2509,0.2546,32,60,32,594401,82043,80966,45290,0.6498146622734761,0.35568155937580986
2510,0.2547,33,107,33,594508,81936,80999,45257,0.6489671777974908,0.355813606094675
2511,0.2548,34,87,34,594595,81849,81033,45223,0.6482781016347738,0.3558848526819441
2512,0.2549,35,90,35,594685,81759,81068,45188,0.6475652642250666,0.3559595736803548
2513,0.255,33,100,33,594785,81659,81101,45155,0.6467732226587252,0.3560726733641396
2514,0.2551,27,111,27,594896,81548,81128,45128,0.6458940565200861,0.3562474343995706
2515,0.2552,14,83,14,594979,81465,81142,45114,0.6452366620200228,0.35640983101462326
2516,0.2553,26,94,26,595073,81371,81168,45088,0.6444921429476619,0.35654243667908175
2517,0.2554,29,77,29,595150,81294,81197,45059,0.643882270941579,0.35661203137242486
2518,0.2555,35,74,35,595224,81220,81232,45024,0.6432961601824864,0.3566426919299135
2519,0.2556,17,96,17,595320,81124,81249,45007,0.6425358002787986,0.3568274254544878
2520,0.2557,28,78,28,595398,81046,81277,44979,0.6419180078570523,0.3569053759174767
2521,0.2558,31,77,31,595475,80969,81308,44948,0.6413081358509695,0.3569653025405624
2522,0.2559,33,85,33,595560,80884,81341,44915,0.6406349005195793,0.3570378142910516
2523,0.256,26,83,26,595643,80801,81367,44889,0.6399775060195159,0.35714058397645
2524,0.2561,31,89,31,595732,80712,81398,44858,0.639272589025472,0.3572350083618699
2525,0.2562,28,106,28,595838,80606,81426,44830,0.6384330249651502,0.35739341177971234
2526,0.2563,25,77,25,595915,80529,81451,44805,0.6378231529590673,0.3574848006127627
2527,0.2564,29,105,29,596020,80424,81480,44776,0.6369915093144088,0.3576357827476038
2528,0.2565,28,80,28,596100,80344,81508,44748,0.6363578760613356,0.35772071755188184
2529,0.2566,33,74,33,596174,80270,81541,44715,0.6357717653022431,0.35776293155178623
2530,0.2567,31,85,31,596259,80185,81572,44684,0.6350985299708529,0.3578470236808175
2531,0.2568,24,77,24,596336,80108,81596,44660,0.6344886579647699,0.3579443447037702
2532,0.2569,25,81,25,596417,80027,81621,44635,0.6338471042960334,0.35804816223067176
2533,0.257,23,89,23,596506,79938,81644,44612,0.6331421873019896,0.35818546768366116
2534,0.2571,26,68,26,596574,79870,81670,44586,0.6326035990368775,0.3582470913415183
2535,0.2572,28,108,28,596682,79762,81698,44558,0.6317481941452288,0.3584137709137709
2536,0.2573,24,70,24,596752,79692,81722,44534,0.6311937650487898,0.3584917811086246
2537,0.2574,27,75,27,596827,79617,81749,44507,0.6305997338740337,0.3585688505043344
2538,0.2575,20,79,20,596906,79538,81769,44487,0.629974021036624,0.3586938117315057
2539,0.2576,29,78,29,596984,79460,81798,44458,0.6293562286148777,0.35876950886876807
2540,0.2577,34,83,34,597067,79377,81832,44424,0.6286988341148143,0.35883393510553224
2541,0.2578,32,85,32,597152,79292,81864,44392,0.6280255987834241,0.3589146534717506
2542,0.2579,21,101,21,597253,79191,81885,44371,0.6272256368014193,0.35909907576763084
2543,0.258,37,77,37,597330,79114,81922,44334,0.6266157647953364,0.3591309701250729
2544,0.2581,26,57,26,597387,79057,81948,44308,0.6261643011025219,0.35916183682567987
2545,0.2582,28,74,28,597461,78983,81976,44280,0.6255781903434292,0.35923188629191244
2546,0.2583,26,87,26,597548,78896,82002,44254,0.6248891141807122,0.3593503857084856
2547,0.2584,22,73,22,597621,78823,82024,44232,0.6243109238372829,0.3594490268579091
2548,0.2585,22,76,22,597697,78747,82046,44210,0.6237089722468635,0.35955659295526077
2549,0.2586,29,93,29,597790,78654,82075,44181,0.622972373590166,0.35967761631456835
2550,0.2587,21,81,21,597871,78573,82096,44160,0.6223308199214295,0.3598054313020948
2551,0.2588,34,80,34,597951,78493,82130,44126,0.6216971866683564,0.35986266402433553
2552,0.2589,34,82,34,598033,78411,82164,44092,0.6210477125839564,0.3599258793662196
2553,0.259,27,64,27,598097,78347,82191,44065,0.6205408059814979,0.35997287847596643
2554,0.2591,28,70,28,598167,78277,82219,44037,0.619986376885059,0.360032375688801
2555,0.2592,33,81,33,598248,78196,82252,44004,0.6193448232163223,0.36009819967266776
2556,0.2593,27,75,27,598323,78121,82279,43977,0.6187507920415664,0.36017788989172633
2557,0.2594,26,72,26,598395,78049,82305,43951,0.6181805221138005,0.36025409836065575
2558,0.2595,27,72,27,598467,77977,82332,43924,0.6176102521860347,0.3603251819099105
2559,0.2596,26,74,26,598541,77903,82358,43898,0.6170241414269421,0.36040755002011476
2560,0.2597,32,76,32,598617,77827,82390,43866,0.6164221898365226,0.36046444742096917
2561,0.2598,30,75,30,598692,77752,82420,43836,0.6158281586617665,0.3605289995723262
2562,0.2599,30,81,30,598773,77671,82450,43806,0.61518660499303,0.360611473776929
2563,0.26,35,64,35,598837,77607,82485,43771,0.6146796983905716,0.3606172452998072
2564,0.2601,26,83,26,598920,77524,82511,43745,0.6140223038905082,0.3607269788651675
2565,0.2602,36,73,36,598993,77451,82547,43709,0.613444113547079,0.36075437438098384
2566,0.2603,22,68,22,599061,77383,82569,43687,0.6129055252819668,0.3608408358800694
2567,0.2604,27,77,27,599138,77306,82596,43660,0.6122956532758839,0.36092786402790866
2568,0.2605,31,71,31,599209,77235,82627,43629,0.6117333037637815,0.36097597299444
2569,0.2606,20,78,20,599287,77157,82647,43609,0.6111155113420352,0.36110329066127883
2570,0.2607,26,67,26,599354,77090,82673,43583,0.6105848434925865,0.361166126639762
2571,0.2608,27,81,27,599435,77009,82700,43556,0.6099432898238499,0.3612657072948202
2572,0.2609,35,84,35,599519,76925,82735,43521,0.6092779749081232,0.3613320492170765
2573,0.261,34,57,34,599576,76868,82769,43487,0.6088265112153086,0.3613227535208342
2574,0.2611,23,96,23,599672,76772,82792,43464,0.6080661513116208,0.36148907149273096
2575,0.2612,30,75,30,599747,76697,82822,43434,0.6074721201368648,0.3615553021285097
2576,0.2613,29,56,29,599803,76641,82851,43405,0.6070285768597136,0.3615697316028856
2577,0.2614,31,73,31,599876,76568,82882,43374,0.6064503865162844,0.3616247853129012
2578,0.2615,29,75,29,599951,76493,82911,43345,0.6058563553415284,0.36169662377543016
2579,0.2616,32,77,32,600028,76416,82943,43313,0.6052464833354454,0.36175863825806615
2580,0.2617,30,60,30,600088,76356,82973,43283,0.6047712583956406,0.3617800215648743
2581,0.2618,24,99,24,600187,76257,82997,43259,0.6039871372449627,0.3619515378694066
2582,0.2619,25,77,25,600264,76180,83022,43234,0.6033772652388797,0.36205135076289213
2583,0.262,34,83,34,600347,76097,83056,43200,0.6027198707388164,0.3621214280325574
2584,0.2621,25,73,25,600420,76024,83081,43175,0.6021416803953872,0.36220941450851096
2585,0.2622,20,73,20,600493,75951,83101,43155,0.601563490051958,0.36232431615535743
2586,0.2623,30,81,30,600574,75870,83131,43125,0.6009219363832214,0.36241018530190344
2587,0.2624,30,74,30,600648,75796,83161,43095,0.6003358256241288,0.3624748719415263
2588,0.2625,26,71,26,600719,75725,83187,43069,0.5997734761120264,0.362551980739768
2589,0.2626,29,71,29,600790,75654,83216,43040,0.5992111265999239,0.3626131059699732
2590,0.2627,25,66,25,600856,75588,83241,43015,0.5986883791661386,0.36268053927809585
2591,0.2628,22,91,22,600947,75497,83263,42993,0.597967621340768,0.3628407460545194
2592,0.2629,28,71,28,601018,75426,83291,42965,0.5974052718286655,0.3629076534533875
2593,0.263,38,74,38,601092,75352,83329,42927,0.5968191610695729,0.36293002139010305
2594,0.2631,21,76,21,601168,75276,83350,42906,0.5962172094791535,0.36305021069198357
2595,0.2632,15,65,15,601233,75211,83365,42891,0.5957023824610316,0.36316912499364956
2596,0.2633,36,65,36,601298,75146,83401,42855,0.5951875554429097,0.36317488834840383
2597,0.2634,37,80,37,601378,75066,83438,42818,0.5945539221898365,0.36322147195548166
2598,0.2635,15,76,15,601454,74990,83453,42803,0.5939519705994171,0.36337473364291595
2599,0.2636,27,73,27,601527,74917,83480,42776,0.5933737802559879,0.3634540711852022
2600,0.2637,31,81,31,601608,74836,83511,42745,0.5927322265872513,0.36353662581539536
2601,0.2638,30,71,30,601679,74765,83541,42715,0.5921698770751489,0.3635938032005448
2602,0.2639,30,71,30,601750,74694,83571,42685,0.5916075275630465,0.3636510789834638
2603,0.264,22,78,22,601828,74616,83593,42663,0.5909897351413003,0.36377356559997953
2604,0.2641,25,91,25,601919,74525,83618,42638,0.5902689773159295,0.36392035028123215
2605,0.2642,17,66,17,601985,74459,83635,42621,0.5897462298821442,0.36403313973351553
2606,0.2643,31,81,31,602066,74378,83666,42590,0.5891046762134077,0.3641166814855345
2607,0.2644,30,79,30,602145,74299,83696,42560,0.5884789633759979,0.3641995909600459
2608,0.2645,20,65,20,602210,74234,83716,42540,0.587964136357876,0.36429342148080907
2609,0.2646,28,79,28,602289,74155,83744,42512,0.5873384235204664,0.3643875303213419
2610,0.2647,23,79,23,602368,74076,83767,42489,0.5867127106830566,0.36450907219148115
2611,0.2648,21,73,21,602441,74003,83788,42468,0.5861345203396274,0.3646229533531952
2612,0.2649,28,78,28,602519,73925,83816,42440,0.5855167279178811,0.36471447600223433
2613,0.265,19,93,19,602612,73832,83835,42421,0.5847801292611836,0.36490241112057326
2614,0.2651,23,70,23,602682,73762,83858,42398,0.5842257001647446,0.3649965564738292
2615,0.2652,14,60,14,602742,73702,83872,42384,0.5837504752249398,0.3651086263632135
2616,0.2653,26,67,26,602809,73635,83898,42358,0.5832198073754911,0.3651772089695068
2617,0.2654,22,75,22,602884,73560,83920,42336,0.582625776200735,0.3652930213294678
2618,0.2655,25,64,25,602948,73496,83945,42311,0.5821188695982765,0.3653578799209029
2619,0.2656,25,62,25,603010,73434,83970,42286,0.5816278038271449,0.3654165226408572
2620,0.2657,31,70,31,603080,73364,84001,42255,0.5810733747307059,0.36546761345453604
2621,0.2658,28,80,28,603160,73284,84029,42227,0.5804397414776328,0.3655669157049978
2622,0.2659,20,88,20,603248,73196,84049,42207,0.5797427448992523,0.36573572610764016
2623,0.266,33,85,33,603333,73111,84082,42174,0.5790695095678621,0.36582382790475776
2624,0.2661,18,82,18,603415,73029,84100,42156,0.5784200354834622,0.3659851543169684
2625,0.2662,22,80,22,603495,72949,84122,42134,0.577786402230389,0.36611836674400217
2626,0.2663,27,93,27,603588,72856,84149,42107,0.5770498035736915,0.36626566808451416
2627,0.2664,30,67,30,603655,72789,84179,42077,0.5765191357242428,0.36631379172252887
2628,0.2665,44,103,44,603758,72686,84223,42033,0.5757033329109111,0.3663996373748028
2629,0.2666,27,86,27,603844,72600,84250,42006,0.5750221771638575,0.3665253128108476
2630,0.2667,37,76,37,603920,72524,84287,41969,0.5744202255734381,0.3665638947359227
2631,0.2668,26,66,26,603986,72458,84313,41943,0.5738974781396528,0.366631410564593
2632,0.2669,29,76,29,604062,72382,84342,41914,0.5732955265492333,0.3667144956953874
2633,0.267,35,66,35,604128,72316,84377,41879,0.572772779115448,0.36673234379788955
2634,0.2671,24,74,24,604202,72242,84401,41855,0.5721866683563553,0.36683698957904237
2635,0.2672,29,79,29,604281,72163,84430,41826,0.5715609555189456,0.3669301423821597
2636,0.2673,20,59,20,604340,72104,84450,41806,0.5710936509948042,0.367009042226319
2637,0.2674,36,58,36,604398,72046,84486,41770,0.5706342668863262,0.36699585295564774
2638,0.2675,27,78,27,604476,71968,84513,41743,0.5700164744645799,0.3670972904995999
2639,0.2676,27,86,27,604562,71882,84540,41716,0.5693353187175263,0.36722477508406837
2640,0.2677,26,62,26,604624,71820,84566,41690,0.5688442529463946,0.3672804158223945
2641,0.2678,34,76,34,604700,71744,84600,41656,0.5682423013559752,0.367336860670194
2642,0.2679,42,85,42,604785,71659,84642,41614,0.567569066024585,0.36737792766149036
2643,0.268,18,84,18,604869,71575,84660,41596,0.5669037511088582,0.3675499907220047
2644,0.2681,25,76,25,604945,71499,84685,41571,0.5663017995184387,0.3676572035022552
2645,0.2682,23,76,23,605021,71423,84708,41548,0.5656998479280193,0.3677758008692496
2646,0.2683,30,80,30,605101,71343,84738,41518,0.5650662146749461,0.3678684399393945
2647,0.2684,25,68,25,605169,71275,84763,41493,0.564527626409834,0.3679501276958002
2648,0.2685,35,64,35,605233,71211,84798,41458,0.5640207198073754,0.3679627936699536
2649,0.2686,20,60,20,605293,71151,84818,41438,0.5635454948675707,0.368046612013607
2650,0.2687,33,63,33,605356,71088,84851,41405,0.5630465086807755,0.3680673464126657
2651,0.2688,17,67,17,605423,71021,84868,41388,0.5625158408313268,0.3681911590708929
2652,0.2689,28,71,28,605494,70950,84896,41360,0.5619534913192245,0.3682664054848188
2653,0.269,18,72,18,605566,70878,84914,41342,0.5613832213914586,0.36840135448226696
2654,0.2691,22,54,22,605620,70824,84936,41320,0.5609555189456342,0.36845484377229276
2655,0.2692,24,59,24,605679,70765,84960,41296,0.5604882144214929,0.36851357742658014
2656,0.2693,14,63,14,605742,70702,84974,41282,0.5599892282346978,0.3686419488498357
2657,0.2694,30,70,30,605812,70632,85004,41252,0.5594347991382588,0.3687032998462694
2658,0.2695,24,55,24,605867,70577,85028,41228,0.558999176276771,0.3687491614865167
2659,0.2696,28,73,28,605940,70504,85056,41200,0.5584209859333418,0.36883191291269785
2660,0.2697,15,67,15,606007,70437,85071,41185,0.557890318083893,0.3689684829155543
2661,0.2698,34,77,34,606084,70360,85105,41151,0.5572804460778101,0.3690308579422658
2662,0.2699,38,67,38,606151,70293,85143,41113,0.5567497782283615,0.36903757427786654
2663,0.27,30,76,30,606227,70217,85173,41083,0.5561478266379419,0.3691194968553459
2664,0.2701,28,53,28,606280,70164,85201,41055,0.555728044607781,0.3691365683920913
2665,0.2702,24,65,24,606345,70099,85225,41031,0.5552132175896591,0.36921623324034913
2666,0.2703,38,65,38,606410,70034,85263,40993,0.5546983905715372,0.36921649688814434
2667,0.2704,19,77,19,606487,69957,85282,40974,0.5540885185654543,0.3693647402439354
2668,0.2705,24,57,24,606544,69900,85306,40950,0.5536370548726397,0.36941813261163736
2669,0.2706,29,76,29,606620,69824,85335,40921,0.5530351032822203,0.3695065239965687
2670,0.2707,25,76,25,606696,69748,85360,40896,0.5524331516918007,0.3696178735403637
2671,0.2708,31,75,31,606771,69673,85391,40865,0.5518391205170448,0.36969187066891024
2672,0.2709,21,75,21,606846,69598,85412,40844,0.5512450893422887,0.36982307455497004
2673,0.271,32,72,32,606918,69526,85444,40812,0.5506748194145229,0.3698816364262539
2674,0.2711,27,66,27,606984,69460,85471,40785,0.5501520719807376,0.36994875051022724
2675,0.2712,27,79,27,607063,69381,85498,40758,0.5495263591433278,0.3700596518944243
2676,0.2713,20,53,20,607116,69328,85518,40738,0.5491065771131669,0.3701233805171443
2677,0.2714,22,70,22,607186,69258,85540,40716,0.5485521480167279,0.37023296415516393
2678,0.2715,29,71,29,607257,69187,85569,40687,0.5479897985046255,0.37030598685767335
2679,0.2716,25,57,25,607314,69130,85594,40662,0.5475383348118109,0.37035485281259106
2680,0.2717,27,71,27,607385,69059,85621,40635,0.5469759852997085,0.37043958648604297
2681,0.2718,25,65,25,607450,68994,85646,40610,0.5464611582815866,0.3705156746104157
2682,0.2719,27,80,27,607530,68914,85673,40583,0.5458275250285135,0.37063115884453457
2683,0.272,25,64,25,607594,68850,85698,40558,0.545320618426055,0.3707041532611875
2684,0.2721,21,64,21,607658,68786,85719,40537,0.5448137118235965,0.37080028905170914
2685,0.2722,23,55,23,607713,68731,85742,40514,0.5443780889621087,0.3708545013501762
2686,0.2723,28,92,28,607805,68639,85770,40486,0.5436494107210746,0.3710057273768614
2687,0.2724,30,77,30,607882,68562,85800,40456,0.5430395387149918,0.3710946816122108
2688,0.2725,29,70,29,607952,68492,85829,40427,0.5424851096185528,0.3711657286607479
2689,0.2726,26,62,26,608014,68430,85855,40401,0.5419940438474211,0.37122694820409624
2690,0.2727,21,74,21,608088,68356,85876,40380,0.5414079330883285,0.37135815185403176
2691,0.2728,34,74,34,608162,68282,85910,40346,0.5408218223292358,0.3714143683028317
2692,0.2729,22,72,22,608234,68210,85932,40324,0.54025155240147,0.3715333443897765
2693,0.273,31,74,31,608308,68136,85963,40293,0.5396654416423774,0.37160722684890574
2694,0.2731,16,63,16,608371,68073,85979,40277,0.5391664554555823,0.3717305029995385
2695,0.2732,22,66,22,608437,68007,86001,40255,0.538643708021797,0.37182945077681917
2696,0.2733,21,73,21,608510,67934,86022,40234,0.5380655176783677,0.37195843502699505
2697,0.2734,20,55,20,608565,67879,86042,40214,0.53762989481688,0.3720314914009233
2698,0.2735,22,74,22,608639,67805,86064,40192,0.5370437840577873,0.37215848588386713
2699,0.2736,27,59,27,608698,67746,86091,40165,0.536576479533646,0.3722048725338473
2700,0.2737,28,62,28,608760,67684,86119,40137,0.5360854137625143,0.3722558685228295
2701,0.2738,26,67,26,608827,67617,86145,40111,0.5355547459130655,0.3723358829645032
2702,0.2739,31,75,31,608902,67542,86176,40080,0.5349607147383094,0.37241456207838547
2703,0.274,30,85,30,608987,67457,86206,40050,0.5342874794069192,0.3725338815146921
2704,0.2741,24,61,24,609048,67396,86230,40026,0.533804334051451,0.37260523915026716
2705,0.2742,26,68,26,609116,67328,86256,40000,0.5332657457863389,0.3726893261776983
2706,0.2743,26,65,26,609181,67263,86282,39974,0.532750918768217,0.37276313212790363
2707,0.2744,20,61,20,609242,67202,86302,39954,0.5322677734127487,0.372858262719773
2708,0.2745,23,70,23,609312,67132,86325,39931,0.5317133443163097,0.3729673183079122
2709,0.2746,24,61,24,609373,67071,86349,39907,0.5312301989608414,0.3730393164949803
2710,0.2747,22,66,22,609439,67005,86371,39885,0.5307074515270561,0.37314061184395175
2711,0.2748,18,68,18,609507,66937,86389,39867,0.530168863261944,0.37327253660911575
2712,0.2749,22,66,22,609573,66871,86411,39845,0.5296461158281587,0.3733741894373852
2713,0.275,16,65,16,609638,66806,86427,39829,0.5291312888100368,0.3735077601162845
2714,0.2751,28,83,28,609721,66723,86455,39801,0.5284738943099734,0.3736341106229582
2715,0.2752,15,61,15,609782,66662,86470,39786,0.5279907489545052,0.37375995791372313
2716,0.2753,21,55,21,609837,66607,86491,39765,0.5275551260930174,0.37382957921257476
2717,0.2754,18,80,18,609917,66527,86509,39747,0.5269214928399443,0.37400493065095886
2718,0.2755,23,55,23,609972,66472,86532,39724,0.5264858699784565,0.37406305322234357
2719,0.2756,30,59,30,610031,66413,86562,39694,0.526018565454315,0.3740940748489732
2720,0.2757,24,69,24,610100,66344,86586,39670,0.5254720567735395,0.3741958609240289
2721,0.2758,24,63,24,610163,66281,86610,39646,0.5249730705867444,0.37427662446779386
2722,0.2759,16,60,16,610223,66221,86626,39630,0.5244978456469396,0.3743941956145903
2723,0.276,21,67,21,610290,66154,86647,39609,0.5239671777974908,0.3745071527850004
2724,0.2761,34,67,34,610357,66087,86681,39575,0.523436509948042,0.37454335522704474
2725,0.2762,18,65,18,610422,66022,86699,39557,0.5229216829299201,0.3746673107341422
2726,0.2763,27,69,27,610491,65953,86726,39530,0.5223751742491446,0.37475232975929773
2727,0.2764,26,55,26,610546,65898,86752,39504,0.5219395513876568,0.3747936471793704
2728,0.2765,30,71,30,610617,65827,86782,39474,0.5213772018755545,0.3748682348695644
2729,0.2766,22,66,22,610683,65761,86804,39452,0.5208544544417691,0.3749726744793894
2730,0.2767,29,64,29,610747,65697,86833,39423,0.5203475478393106,0.37502853881278536
2731,0.2768,27,65,27,610812,65632,86860,39396,0.5198327208211887,0.37509997334044254
2732,0.2769,17,62,17,610874,65570,86877,39379,0.519341655050057,0.3752203451200107
2733,0.277,28,60,28,610934,65510,86905,39351,0.5188664301102522,0.37526821220472817
2734,0.2771,32,67,32,611001,65443,86937,39319,0.5183357622608035,0.37531738607510357
2735,0.2772,23,65,23,611066,65378,86960,39296,0.5178209352426816,0.3754131876110591
2736,0.2773,27,67,27,611133,65311,86987,39269,0.5172902673932328,0.3754924459743737
2737,0.2774,29,67,29,611200,65244,87016,39240,0.516759599543784,0.37555989433788906
2738,0.2775,24,63,24,611263,65181,87040,39216,0.516260613356989,0.37564297824650134
2739,0.2776,26,64,26,611327,65117,87066,39190,0.5157537067545305,0.37571783293546934
2740,0.2777,16,71,16,611398,65046,87082,39174,0.515191357242428,0.37587795048934947
2741,0.2778,30,53,30,611451,64993,87112,39144,0.5147715752122671,0.37588945331630447
2742,0.2779,22,53,22,611504,64940,87134,39122,0.5143517931821062,0.37594895350848534
2743,0.278,13,59,13,611563,64881,87147,39109,0.5138844886579648,0.376084238869122
2744,0.2781,21,69,21,611632,64812,87168,39088,0.5133379799771892,0.3762078922040423
2745,0.2782,24,54,24,611686,64758,87192,39064,0.5129102775313649,0.3762593669935081
2746,0.2783,19,76,19,611762,64682,87211,39045,0.5123083259409453,0.37642079689955366
2747,0.2784,25,60,25,611822,64622,87236,39020,0.5118331010011405,0.3764882962505548
2748,0.2785,19,71,19,611893,64551,87255,39001,0.5112707514890381,0.3766320302843016
2749,0.2786,30,72,30,611965,64479,87285,38971,0.5107004815612723,0.37671338811019817
2750,0.2787,31,67,31,612032,64412,87316,38940,0.5101698137118236,0.37677064788296305
2751,0.2788,17,86,17,612118,64326,87333,38923,0.5094886579647699,0.3769818593884687
2752,0.2789,15,62,15,612180,64264,87348,38908,0.5089975921936383,0.37711782266506416
2753,0.279,23,45,23,612225,64219,87371,38885,0.5086411734887847,0.3771434667908132
2754,0.2791,17,59,17,612284,64160,87388,38868,0.5081738689646432,0.3772566680902279
2755,0.2792,19,69,19,612353,64091,87407,38849,0.5076273602838677,0.3773945987954148
2756,0.2793,27,73,27,612426,64018,87434,38822,0.5070491699404385,0.37749902761571374
2757,0.2794,25,58,25,612484,63960,87459,38797,0.5065897858319605,0.37756065280224216
2758,0.2795,25,55,25,612539,63905,87484,38772,0.5061541629704727,0.37761134431274773
2759,0.2796,26,81,26,612620,63824,87510,38746,0.5055126093017361,0.3777517792726918
2760,0.2797,25,61,25,612681,63763,87535,38721,0.5050294639462679,0.37782483119316185
2761,0.2798,30,57,30,612738,63706,87565,38691,0.5045780002534533,0.37785286678320656
2762,0.2799,25,63,25,612801,63643,87590,38666,0.5040790140666582,0.3779335151355208
2763,0.28,19,79,19,612880,63564,87609,38647,0.5034533012292485,0.37810998816174385
2764,0.2801,29,55,29,612935,63509,87638,38618,0.5030176783677608,0.3781370254682895
2765,0.2802,25,47,25,612982,63462,87663,38593,0.5026454188315803,0.3781588359218069
2766,0.2803,23,62,23,613044,63400,87686,38570,0.5021543530604486,0.3782485044620967
2767,0.2804,28,58,28,613102,63342,87714,38542,0.5016949689519706,0.3782929606218837
2768,0.2805,23,63,23,613165,63279,87737,38519,0.5011959827651755,0.3783866087742392
2769,0.2806,21,64,21,613229,63215,87758,38498,0.5006890761627171,0.3784963573977761
2770,0.2807,17,61,17,613290,63154,87775,38481,0.5002059308072487,0.37861957003000934
2771,0.2808,20,72,20,613362,63082,87795,38461,0.49963566087948297,0.37876564608097063
2772,0.2809,18,61,18,613423,63021,87813,38443,0.4991525155240147,0.37888315067413075
2773,0.281,23,50,23,613473,62971,87836,38420,0.498756494740844,0.3789290962708722
2774,0.2811,30,62,30,613535,62909,87866,38390,0.4982654289697123,0.37897708763166466
2775,0.2812,36,69,36,613604,62840,87902,38354,0.4977189202889368,0.37901456608099293
2776,0.2813,19,61,19,613665,62779,87921,38335,0.4972357749334685,0.3791265304507783
2777,0.2814,32,52,32,613717,62727,87953,38303,0.49682391331897097,0.37912501237256263
2778,0.2815,25,76,25,613793,62651,87978,38278,0.49622196172855154,0.379256705208612
2779,0.2816,14,69,14,613862,62582,87992,38264,0.49567545304777594,0.3794300220137636
2780,0.2817,20,50,20,613912,62532,88012,38244,0.49527943226460525,0.3794951178852108
2781,0.2818,22,61,22,613973,62471,88034,38222,0.494796286909137,0.37958944514514414
2782,0.2819,23,64,23,614037,62407,88057,38199,0.4942893803066785,0.3796890841500507
2783,0.282,27,74,27,614111,62333,88084,38172,0.49370326954758587,0.37980199990050245
2784,0.2821,22,68,22,614179,62265,88106,38150,0.4931646812824737,0.3799233182293482
2785,0.2822,26,50,26,614229,62215,88132,38124,0.492768660499303,0.37995196284595223
2786,0.2823,26,52,26,614281,62163,88158,38098,0.4923567988848055,0.37998823071782645
2787,0.2824,25,76,25,614357,62087,88183,38073,0.491754847294386,0.3801218051118211
2788,0.2825,18,55,18,614412,62032,88201,38055,0.4913192244328982,0.3802192092879195
2789,0.2826,29,56,29,614468,61976,88230,38026,0.49087568115574703,0.38025239495210095
2790,0.2827,20,47,20,614515,61929,88250,38006,0.4905034216195666,0.3803071996797919
2791,0.2828,25,75,25,614590,61854,88275,37981,0.4899093904448105,0.3804377222416988
2792,0.2829,15,60,15,614650,61794,88290,37966,0.4894341655050057,0.38057337610264635
2793,0.283,28,52,28,614702,61742,88318,37938,0.48902230389050816,0.38059791332263243
2794,0.2831,18,60,18,614762,61682,88336,37920,0.4885470789507033,0.3807152466817935
2795,0.2832,24,62,24,614824,61620,88360,37896,0.48805601317957165,0.38080308694079346
2796,0.2833,22,53,22,614877,61567,88382,37874,0.48763623114941074,0.38086905803441234
2797,0.2834,16,61,16,614938,61506,88398,37858,0.48715308579394245,0.38100318022623886
2798,0.2835,26,62,26,615000,61444,88424,37832,0.4866620200228108,0.3810790120472219
2799,0.2836,19,62,19,615062,61382,88443,37813,0.4861709542516791,0.38119864912546
2800,0.2837,17,56,17,615118,61326,88460,37796,0.48572741097452793,0.3813078832146244
2801,0.2838,25,54,25,615172,61272,88485,37771,0.4852997085287036,0.38135961148188163
2802,0.2839,16,57,16,615229,61215,88501,37755,0.484848244835889,0.3814792361321613
2803,0.284,24,55,24,615284,61160,88525,37731,0.4844126219744012,0.38154129293869005
2804,0.2841,14,48,14,615332,61112,88539,37717,0.48403244202255735,0.38163899260338563
2805,0.2842,15,62,15,615394,61050,88554,37702,0.4835413762514257,0.3817846727154893
2806,0.2843,21,74,21,615468,60976,88575,37681,0.48295526549233303,0.38193944677012276
2807,0.2844,23,55,23,615523,60921,88598,37658,0.4825196426308453,0.3820083384899421
2808,0.2845,22,71,22,615594,60850,88620,37636,0.48195729311874286,0.3821456856812136
2809,0.2846,25,53,25,615647,60797,88645,37611,0.48153751108858195,0.3821945370295098
2810,0.2847,25,62,25,615709,60735,88670,37586,0.4810464453174503,0.38227845526388055
2811,0.2848,25,68,25,615777,60667,88695,37561,0.4805078570523381,0.3823858777537973
2812,0.2849,25,57,25,615834,60610,88720,37536,0.4800563933595235,0.38245063476861
2813,0.285,22,62,22,615896,60548,88742,37514,0.4795653275883918,0.38255389447492405
2814,0.2851,21,62,21,615958,60486,88763,37493,0.47907426181726015,0.3826636320027761
2815,0.2852,29,64,29,616022,60422,88792,37464,0.47856735521480165,0.3827309319003739
2816,0.2853,24,56,24,616078,60366,88816,37440,0.47812381193765047,0.3827986013128029
2817,0.2854,31,60,31,616138,60306,88847,37409,0.4776485869978456,0.38283784475259686
2818,0.2855,21,67,21,616205,60239,88868,37388,0.4771179191483969,0.3829678265234003
2819,0.2856,26,60,26,616265,60179,88894,37362,0.47664269420859207,0.3830389272203484
2820,0.2857,24,51,24,616316,60128,88918,37338,0.47623875300975793,0.38308743561857467
2821,0.2858,32,61,32,616377,60067,88950,37306,0.4757556076542897,0.38312468548776357
2822,0.2859,26,69,26,616446,59998,88976,37280,0.47520909897351415,0.38323156314891343
2823,0.286,31,67,31,616513,59931,89007,37249,0.4746784311240654,0.3832990327227825
2824,0.2861,17,71,17,616584,59860,89024,37232,0.474116081611963,0.38347134676389405
2825,0.2862,33,65,33,616649,59795,89057,37199,0.47360125459384106,0.3835185681588552
2826,0.2863,17,62,17,616711,59733,89074,37182,0.47311018882270944,0.3836557808388794
2827,0.2864,16,58,16,616769,59675,89090,37166,0.4726508047142314,0.3837837279664605
2828,0.2865,28,67,28,616836,59608,89118,37138,0.47212013686478266,0.3838711678002191
2829,0.2866,35,59,35,616895,59549,89153,37103,0.47165283234064126,0.3838823821545338
2830,0.2867,23,54,23,616949,59495,89176,37080,0.4712251298948169,0.3839502976960911
2831,0.2868,29,69,29,617018,59426,89205,37051,0.4706786212140413,0.38403971931133846
2832,0.2869,22,59,22,617077,59367,89227,37029,0.4702113166898999,0.38413419643968627
2833,0.287,23,44,23,617121,59323,89250,37006,0.46986281840070965,0.3841626093907338
2834,0.2871,26,62,26,617183,59261,89276,36980,0.469371752629578,0.3842437214908407
2835,0.2872,21,54,21,617237,59207,89297,36959,0.4689440501837536,0.3843250213173055
2836,0.2873,19,56,19,617293,59151,89316,36940,0.46850050690660244,0.38442726165821983
2837,0.2874,19,54,19,617347,59097,89335,36921,0.4680728044607781,0.38452165219021434
2838,0.2875,24,64,24,617411,59033,89359,36897,0.4675658978583196,0.3846242051495882
2839,0.2876,28,52,28,617463,58981,89387,36869,0.46715403624382207,0.38465310380803336
2840,0.2877,23,43,23,617506,58938,89410,36846,0.46681345837029525,0.3846780255575044
2841,0.2878,27,51,27,617557,58887,89437,36819,0.4664095171714612,0.38470942260673313
2842,0.2879,21,65,21,617622,58822,89458,36798,0.46589469015333923,0.3848358084082828
2843,0.288,23,60,23,617682,58762,89481,36775,0.4654194652135344,0.38492939908098434
2844,0.2881,19,59,19,617741,58703,89500,36756,0.464952160689393,0.38504488838139933
2845,0.2882,21,52,21,617793,58651,89521,36735,0.46454029907489547,0.38511940955695806
2846,0.2883,18,58,18,617851,58593,89539,36717,0.46408091496641746,0.38523764557758894
2847,0.2884,21,32,21,617883,58561,89560,36696,0.4638274616651882,0.3852315315409891
2848,0.2885,22,59,22,617942,58502,89582,36674,0.4633601571410468,0.3853282340085736
2849,0.2886,20,67,20,618009,58435,89602,36654,0.462829489291598,0.3854704539957303
2850,0.2887,22,66,22,618075,58369,89624,36632,0.4623067418578127,0.3855959410953569
2851,0.2888,32,45,32,618120,58324,89656,36600,0.4619503231529591,0.3855716151868864
2852,0.2889,13,52,13,618172,58272,89669,36587,0.46153846153846156,0.38569877396978675
2853,0.289,28,55,28,618227,58217,89697,36559,0.46110283867697377,0.38574111589431925
2854,0.2891,24,53,24,618280,58164,89721,36535,0.4606830566468128,0.3858013284195187
2855,0.2892,26,51,26,618331,58113,89747,36509,0.4602791154479787,0.3858405022087886
2856,0.2893,19,61,19,618392,58052,89766,36490,0.45979597009251044,0.3859660256817076
2857,0.2894,24,56,24,618448,57996,89790,36466,0.45935242681535926,0.38603883042916726
2858,0.2895,17,62,17,618510,57934,89807,36449,0.4588613610442276,0.38618183359291397
2859,0.2896,20,50,20,618560,57884,89827,36429,0.4584653402610569,0.38625640155651925
2860,0.2897,27,65,27,618625,57819,89854,36402,0.457950513242935,0.3863469927086318
2861,0.2898,32,59,32,618684,57760,89886,36370,0.45748320871879355,0.38638053755444596
2862,0.2899,24,53,24,618737,57707,89910,36346,0.45706342668863265,0.3864416871338501
2863,0.29,20,57,20,618794,57650,89930,36326,0.456611962995818,0.38654550097897333
2864,0.2901,24,52,24,618846,57598,89954,36302,0.4562001013813205,0.38660276890308837
2865,0.2902,25,55,25,618901,57543,89979,36277,0.4557644785198327,0.38666595608612236
2866,0.2903,20,46,20,618947,57497,89999,36257,0.4554001393993157,0.38672483307378885
2867,0.2904,18,71,18,619018,57426,90017,36239,0.4548377898872133,0.38690012277798536
2868,0.2905,14,72,14,619090,57354,90031,36225,0.4542675199594475,0.3871060814926426
2869,0.2906,25,63,25,619153,57291,90056,36200,0.4537685337726524,0.3872030462825299
2870,0.2907,23,67,23,619220,57224,90079,36177,0.45323786592320364,0.3873299001081359
2871,0.2908,30,57,30,619277,57167,90109,36147,0.4527864022303891,0.3873695265447843
2872,0.2909,22,42,22,619319,57125,90131,36125,0.45245374477252565,0.3873994638069705
2873,0.291,29,65,29,619384,57060,90160,36096,0.45193891775440376,0.3874790673708618
2874,0.2911,32,58,32,619442,57002,90192,36064,0.45147953364592575,0.38750993918294546
2875,0.2912,19,55,19,619497,56947,90211,36045,0.45104391078443795,0.3876139883000688
2876,0.2913,23,57,23,619554,56890,90234,36022,0.4505924470916234,0.38770018942655415
2877,0.2914,19,56,19,619610,56834,90253,36003,0.4501489038144722,0.3878087400497646
2878,0.2915,20,44,20,619654,56790,90273,35983,0.44980040552528194,0.3878606922272644
2879,0.2916,31,58,31,619712,56732,90304,35952,0.44934102141680393,0.3878986664364939
2880,0.2917,17,47,17,619759,56685,90321,35935,0.4489687618806235,0.38798315698553226
2881,0.2918,21,50,21,619809,56635,90342,35914,0.4485727410974528,0.38805389577413046
2882,0.2919,26,58,26,619867,56577,90368,35888,0.44811335698897475,0.38812523657600173
2883,0.292,17,64,17,619931,56513,90385,35871,0.4476064503865163,0.3882815206096294
2884,0.2921,17,65,17,619996,56448,90402,35854,0.44709162336839436,0.3884422872743819
2885,0.2922,29,42,29,620038,56406,90431,35825,0.446758965910531,0.38842688467001335
2886,0.2923,21,58,21,620096,56348,90452,35804,0.446299581802053,0.38853199062418614
2887,0.2924,18,50,18,620146,56298,90470,35786,0.4459035610188823,0.38862343078059164
2888,0.2925,18,59,18,620205,56239,90488,35768,0.44543625649474083,0.3887530296607867
2889,0.2926,17,55,17,620260,56184,90505,35751,0.4450006336332531,0.38887257301354217
2890,0.2927,22,57,22,620317,56127,90527,35729,0.44454916994043847,0.38896751437031873
2891,0.2928,29,49,29,620366,56078,90556,35700,0.44416106957293117,0.3889821090021574
2892,0.2929,15,58,15,620424,56020,90571,35685,0.44370168546445315,0.38912818275993677
2893,0.293,19,54,19,620478,55966,90590,35666,0.4432739830186288,0.3892308363890344
2894,0.2931,17,53,17,620531,55913,90607,35649,0.4428542009884679,0.389342740438173
2895,0.2932,19,60,19,620591,55853,90626,35630,0.44237897604866305,0.3894712678858367
2896,0.2933,14,51,14,620642,55802,90640,35616,0.4419750348498289,0.38959504692730096
2897,0.2934,23,35,23,620677,55767,90663,35593,0.4416978203016094,0.38959063047285464
2898,0.2935,25,55,25,620732,55712,90688,35568,0.4412621974401217,0.38965819456617
2899,0.2936,20,56,20,620788,55656,90708,35548,0.44081865416297045,0.3897636068593483
2900,0.2937,24,68,24,620856,55588,90732,35524,0.44028006589785834,0.38989375713407676
2901,0.2938,22,46,22,620902,55542,90754,35502,0.43991572677734125,0.3899433241070252
2902,0.2939,19,60,19,620962,55482,90773,35483,0.4394405018375364,0.39007310504040016
2903,0.294,23,51,23,621013,55431,90796,35460,0.43903656063870233,0.3901376373898406
2904,0.2941,17,52,17,621065,55379,90813,35443,0.4386246990242048,0.390246856488516
2905,0.2942,17,56,17,621121,55323,90830,35426,0.43818115574705363,0.39037344764129633
2906,0.2943,17,56,17,621177,55267,90847,35409,0.4377376124699024,0.390500242622083
2907,0.2944,23,57,23,621234,55210,90870,35386,0.4372861487770878,0.3905911960792971
2908,0.2945,16,57,16,621291,55153,90886,35370,0.4368346850842732,0.39072942788020726
2909,0.2946,26,43,26,621334,55110,90912,35344,0.43649410721074644,0.3907400446635859
2910,0.2947,22,48,22,621382,55062,90934,35322,0.4361139272589025,0.39079925650557623
2911,0.2948,26,41,26,621423,55021,90960,35296,0.4357891902167026,0.3908012887939148
2912,0.2949,15,53,15,621476,54968,90975,35281,0.43536940818654163,0.390929539385478
2913,0.295,35,48,35,621524,54920,91010,35246,0.43498922823469777,0.39090122662644455
2914,0.2951,20,33,20,621557,54887,91030,35226,0.4347278545178051,0.39090919179252714
2915,0.2952,20,36,20,621593,54851,91050,35206,0.43444271955392216,0.3909301886582942
2916,0.2953,15,49,15,621642,54802,91065,35191,0.4340546191864149,0.3910415254519796
2917,0.2954,16,71,16,621713,54731,91081,35175,0.4334922696743125,0.39124196382888793
2918,0.2955,33,37,33,621750,54694,91114,35142,0.4331992142947662,0.39117948261276103
2919,0.2956,19,48,19,621798,54646,91133,35123,0.4328190343429223,0.39125978901402486
2920,0.2957,22,42,22,621840,54604,91155,35101,0.4324863768850589,0.3912936848559166
2921,0.2958,27,42,27,621882,54562,91182,35074,0.43215371942719555,0.3912936766477754
2922,0.2959,18,57,18,621939,54505,91200,35056,0.4317022557343809,0.3914203727068702
2923,0.296,13,55,13,621994,54450,91213,35043,0.4312666328728932,0.3915725252254366
2924,0.2961,20,42,20,622036,54408,91233,35023,0.43093397541502976,0.39162035535776185
2925,0.2962,26,52,26,622088,54356,91259,34997,0.43052211380053224,0.3916712365561313
2926,0.2963,20,41,20,622129,54315,91279,34977,0.43019737675833225,0.39171482327644136
2927,0.2964,23,42,23,622171,54273,91302,34954,0.4298647193004689,0.3917424098086902
2928,0.2965,19,54,19,622225,54219,91321,34935,0.4294370168546445,0.3918500572043879
2929,0.2966,24,63,24,622288,54156,91345,34911,0.42893803066784947,0.3919633534305635
2930,0.2967,16,43,16,622331,54113,91361,34895,0.42859745279432265,0.3920434118281503
2931,0.2968,30,57,30,622388,54056,91391,34865,0.42814598910150803,0.39208960762924394
2932,0.2969,26,65,26,622453,53991,91417,34839,0.42763116208338614,0.3921985815602837
2933,0.297,21,47,21,622500,53944,91438,34818,0.42725890254720567,0.3922624546540186
2934,0.2971,23,45,23,622545,53899,91461,34795,0.426902483842352,0.39230387624867524
2935,0.2972,25,49,25,622594,53850,91486,34770,0.42651438347484477,0.3923493568043331
2936,0.2973,15,66,15,622660,53784,91501,34755,0.42599163604105944,0.3925388811710094
2937,0.2974,24,66,24,622726,53718,91525,34731,0.4254688886072741,0.392666960621375
2938,0.2975,13,61,13,622787,53657,91538,34718,0.4249857432518059,0.39284865629420085
2939,0.2976,28,48,28,622835,53609,91566,34690,0.42460556329996196,0.39286968142334566
2940,0.2977,12,53,12,622888,53556,91578,34678,0.42418578126980105,0.3930230976720992
2941,0.2978,13,74,13,622962,53482,91591,34665,0.4235996705107084,0.3932635257013852
2942,0.2979,20,61,20,623023,53421,91611,34645,0.4231165251552401,0.3933981332182681
2943,0.298,27,62,27,623085,53359,91638,34618,0.4226254593841085,0.39348920740648125
2944,0.2981,15,60,15,623145,53299,91653,34603,0.42215023444430366,0.3936542968305613
2945,0.2982,28,56,28,623201,53243,91681,34575,0.4217066911671524,0.39371199526293016
2946,0.2983,30,45,30,623246,53198,91711,34545,0.42135027246229884,0.3937066204711487
2947,0.2984,23,53,23,623299,53145,91734,34522,0.42093049043213787,0.39378557495979105
2948,0.2985,24,64,24,623363,53081,91758,34498,0.42042358382967937,0.3939072151999909
2949,0.2986,19,43,19,623406,53038,91777,34479,0.42008300595615256,0.39396917170378326
2950,0.2987,20,58,20,623464,52980,91797,34459,0.41962362184767454,0.3940918811971775
2951,0.2988,27,50,27,623514,52930,91824,34432,0.41922760106450385,0.3941301710125684
2952,0.2989,23,39,23,623553,52891,91847,34409,0.4189187048536307,0.3941466208476518
2953,0.299,28,62,28,623615,52829,91875,34381,0.418427639082499,0.3942323128081642
2954,0.2991,26,55,26,623670,52774,91901,34355,0.4179920162210113,0.39430040514639214
2955,0.2992,15,51,15,623721,52723,91916,34340,0.41758807502217715,0.39442702410897856
2956,0.2993,13,47,13,623768,52676,91929,34327,0.41721581548599673,0.39454961323172766
2957,0.2994,16,49,16,623817,52627,91945,34311,0.41682771511848943,0.39466056269985506
2958,0.2995,26,56,26,623873,52571,91971,34285,0.41638417184133825,0.39473381228700377
2959,0.2996,19,51,19,623924,52520,91990,34266,0.4159802306425041,0.39483326803862373
2960,0.2997,24,58,24,623982,52462,92014,34242,0.4155208465340261,0.3949298763609522
2961,0.2998,16,45,16,624027,52417,92030,34226,0.41516442782917246,0.39502325635077273
2962,0.2999,17,53,17,624080,52364,92047,34209,0.41474464579901155,0.3951462927240595
2963,0.3,21,35,21,624115,52329,92068,34188,0.41446743125079205,0.39515933284787963
2964,0.3001,16,51,16,624166,52278,92084,34172,0.4140634900519579,0.3952805089647195
2965,0.3002,11,39,11,624205,52239,92095,34161,0.41375459384108476,0.39538194444444447
2966,0.3003,25,40,25,624245,52199,92120,34136,0.4134377772145482,0.3953900503851277
2967,0.3004,21,53,21,624298,52146,92141,34115,0.41301799518438725,0.39548579311624027
2968,0.3005,23,60,23,624358,52086,92164,34092,0.4125427702445824,0.3955998050546543
2969,0.3006,18,58,18,624416,52028,92182,34074,0.4120833861361044,0.39573993635455623
2970,0.3007,15,46,15,624462,51982,92197,34059,0.41171904701558737,0.3958461663625481
2971,0.3008,20,63,20,624525,51919,92217,34039,0.4112200608287923,0.3959957188394332
2972,0.3009,19,55,19,624580,51864,92236,34020,0.4107844379673045,0.39611569093195476
2973,0.301,13,50,13,624630,51814,92249,34007,0.4103884171841338,0.3962549958634833
2974,0.3011,28,41,28,624671,51773,92277,33979,0.41006368014193384,0.39624731784681405
2975,0.3012,18,41,18,624712,51732,92295,33961,0.40973894309973385,0.39631008367077825
2976,0.3013,21,54,21,624766,51678,92316,33940,0.4093112406539095,0.3964119694456773
2977,0.3014,18,34,18,624800,51644,92334,33922,0.40904194652135345,0.3964425122127948
2978,0.3015,29,56,29,624856,51588,92363,33893,0.40859840324420227,0.39649746727342916
2979,0.3016,10,54,10,624910,51534,92373,33883,0.4081707007983779,0.39667747638058
2980,0.3017,29,51,29,624961,51483,92402,33854,0.4077667595995438,0.3967095163879677
2981,0.3018,19,56,19,625017,51427,92421,33835,0.4073232163223926,0.3968356360395018
2982,0.3019,14,57,14,625074,51370,92435,33821,0.406871752629578,0.39700203073094575
2983,0.302,21,39,21,625113,51331,92456,33800,0.4065628564187049,0.3970351575806698
2984,0.3021,21,57,21,625170,51274,92477,33779,0.40611139272589025,0.39715236382020624
2985,0.3022,24,57,24,625227,51217,92501,33755,0.4056599290330757,0.39724850539001083
2986,0.3023,13,51,13,625278,51166,92514,33742,0.40525598783424155,0.39739482734253545
2987,0.3024,16,42,16,625320,51124,92530,33726,0.4049233303763782,0.3974779021803182
2988,0.3025,27,57,27,625377,51067,92557,33699,0.40447186668356355,0.3975532642804898
2989,0.3026,18,58,18,625435,51009,92575,33681,0.40401248257508554,0.3976974849450939
2990,0.3027,21,60,21,625495,50949,92596,33660,0.4035372576352807,0.39783001808318263
2991,0.3028,16,42,16,625537,50907,92612,33644,0.4032046001774173,0.3979136852313988
2992,0.3029,15,58,15,625595,50849,92627,33629,0.4027452160689393,0.39807997348422075
2993,0.303,19,61,19,625656,50788,92646,33610,0.40226207071347103,0.3982321855968151
2994,0.3031,17,40,17,625696,50748,92663,33593,0.4019452540869345,0.39829975931041844
2995,0.3032,24,54,24,625750,50694,92687,33569,0.40151755164111014,0.3983836321991859
2996,0.3033,23,63,23,625813,50631,92710,33546,0.401018565454315,0.3985174097437542
2997,0.3034,17,44,17,625857,50587,92727,33529,0.4006700671651248,0.39860430833610727
2998,0.3035,23,48,23,625905,50539,92750,33506,0.40028988721328096,0.3986673805699328
2999,0.3036,16,40,16,625945,50499,92766,33490,0.3999730705867444,0.3987426924954458
3000,0.3037,14,51,14,625996,50448,92780,33476,0.3995691293879103,0.3988847052094752
3001,0.3038,18,50,18,626046,50398,92798,33458,0.3991731086047396,0.39899351268841826
3002,0.3039,19,41,19,626087,50357,92817,33439,0.3988483715625396,0.39905246073798273
3003,0.304,25,37,25,626124,50320,92842,33414,0.3985553161829933,0.39904937062603
3004,0.3041,19,54,19,626178,50266,92861,33395,0.39812761373716893,0.39917046174442095
3005,0.3042,19,37,19,626215,50229,92880,33376,0.3978345583576226,0.39921057353029127
3006,0.3043,20,44,20,626259,50185,92900,33356,0.3974860600684324,0.39927700171173436
3007,0.3044,22,50,22,626309,50135,92922,33334,0.3970900392852617,0.3993578454276438
3008,0.3045,19,46,19,626355,50089,92941,33315,0.3967257001647446,0.39944127379981775
3009,0.3046,14,46,14,626401,50043,92955,33301,0.3963613610442276,0.39956085621040505
3010,0.3047,22,34,22,626435,50009,92977,33279,0.39609206691167154,0.39956536355777544
3011,0.3048,19,41,19,626476,49968,92996,33260,0.39576732986947155,0.39962512615946555
3012,0.3049,17,49,17,626525,49919,93013,33243,0.39537922950196425,0.39973786104230297
3013,0.305,24,60,24,626585,49859,93037,33219,0.3949040045621594,0.3998531500517586
3014,0.3051,20,54,20,626639,49805,93057,33199,0.39447630211633505,0.3999686762083755
3015,0.3052,17,49,17,626688,49756,93074,33182,0.3940882017488278,0.40008198895560537
3016,0.3053,12,49,12,626737,49707,93086,33170,0.3937001013813205,0.4002316686173486
3017,0.3054,20,42,20,626779,49665,93106,33150,0.3933674439234571,0.4002898025719978
3018,0.3055,26,54,26,626833,49611,93132,33124,0.3929397414776327,0.40036260349308034
3019,0.3056,24,53,24,626886,49558,93156,33100,0.3925199594474718,0.4004452079653512
3020,0.3057,14,50,14,626936,49508,93170,33086,0.3921239386643011,0.400585998982977
3021,0.3058,24,51,24,626987,49457,93194,33062,0.391719997465467,0.4006592421139374
3022,0.3059,20,49,20,627036,49408,93214,33042,0.3913318970979597,0.40075197089144937
3023,0.306,8,42,8,627078,49366,93222,33034,0.3909992396400963,0.4008980582524272
3024,0.3061,15,48,15,627126,49318,93237,33019,0.39061905968825245,0.4010226265227055
3025,0.3062,15,43,15,627169,49275,93252,33004,0.39027848181472563,0.40112300830102454
3026,0.3063,15,44,15,627213,49231,93267,32989,0.38992998352553543,0.4012284115786913
3027,0.3064,21,41,21,627254,49190,93288,32968,0.38960524648333544,0.40127559093454074
3028,0.3065,23,52,23,627306,49138,93311,32945,0.3891933848688379,0.4013620359879634
3029,0.3066,23,56,23,627362,49082,93334,32922,0.38874984159168674,0.4014682210623872
3030,0.3067,20,49,20,627411,49033,93354,32902,0.38836174122417944,0.4015622139500824
3031,0.3068,23,53,23,627464,48980,93377,32879,0.3879419591940185,0.40165406369489
3032,0.3069,13,58,13,627522,48922,93390,32866,0.3874825750855405,0.4018437912652223
3033,0.307,27,32,27,627554,48890,93417,32839,0.38722912178431124,0.4018035213938749
3034,0.3071,24,39,24,627593,48851,93441,32815,0.3869202255734381,0.40181960669066685
3035,0.3072,29,56,29,627649,48795,93470,32786,0.3864766822962869,0.401882791336218
3036,0.3073,15,52,15,627701,48743,93485,32771,0.3860648206817894,0.4020290992958265
3037,0.3074,15,49,15,627750,48694,93500,32756,0.3856767203142821,0.4021608348680172
3038,0.3075,19,61,19,627811,48633,93519,32737,0.38519357495881384,0.4023227233624186
3039,0.3076,17,39,17,627850,48594,93536,32720,0.3848846787479407,0.4023907322232334
3040,0.3077,29,47,29,627897,48547,93565,32691,0.3845124192117602,0.40241020212215955
3041,0.3078,25,50,25,627947,48497,93590,32666,0.3841163984285895,0.4024740337345835
3042,0.3079,15,53,15,628000,48444,93605,32651,0.3836966163984286,0.4026265491090696
3043,0.308,21,51,21,628051,48393,93626,32630,0.3832926751995945,0.40272515211730003
3044,0.3081,14,47,14,628098,48346,93640,32616,0.382920415663414,0.40285566068031914
3045,0.3082,21,47,21,628145,48299,93661,32595,0.38254815612723353,0.40293470467525405
3046,0.3083,17,34,17,628179,48265,93678,32578,0.3822788619946775,0.4029786128669149
3047,0.3084,17,41,17,628220,48224,93695,32561,0.3819541249524775,0.40305749829795134
3048,0.3085,13,57,13,628277,48167,93708,32548,0.3815026612596629,0.4032459889735489
3049,0.3086,22,42,22,628319,48125,93730,32526,0.3811700038017995,0.40329320157220616
3050,0.3087,21,57,21,628376,48068,93751,32505,0.3807185401089849,0.4034229828850856
3051,0.3088,29,44,29,628420,48024,93780,32476,0.3803700418197947,0.4034285714285714
3052,0.3089,23,45,23,628465,47979,93803,32453,0.3800136231149411,0.40348368808434454
3053,0.309,18,48,18,628513,47931,93821,32435,0.3796334431630972,0.4035910708508573
3054,0.3091,24,35,24,628548,47896,93845,32411,0.3793562286148777,0.4035887282553202
3055,0.3092,18,45,18,628593,47851,93863,32393,0.3789998099100241,0.4036812721200339
3056,0.3093,19,37,19,628630,47814,93882,32374,0.37870675453047775,0.4037262433281788
3057,0.3094,30,48,30,628678,47766,93912,32344,0.3783265745786339,0.4037448508301086
3058,0.3095,15,33,15,628711,47733,93927,32329,0.3780652008617412,0.40379955534460793
3059,0.3096,16,40,16,628751,47693,93943,32313,0.3777483842352047,0.4038822088343374
3060,0.3097,14,61,14,628812,47632,93957,32299,0.3772652388797364,0.4040860241958689
3061,0.3098,20,50,20,628862,47582,93977,32279,0.3768692180965657,0.40418977974230225
3062,0.3099,30,44,30,628906,47538,94007,32249,0.3765207198073755,0.40418865228671336
3063,0.31,22,39,22,628945,47499,94029,32227,0.37621182359650235,0.404221960213732
3064,0.3101,12,35,12,628980,47464,94041,32215,0.37593460904828285,0.4043097930445914
3065,0.3102,20,29,20,629009,47435,94061,32195,0.37570491699404385,0.404307421825945
3066,0.3103,18,51,18,629060,47384,94079,32177,0.3753009757952097,0.4044318196101105
3067,0.3104,19,37,19,629097,47347,94098,32158,0.3750079204156634,0.40447770580466635
3068,0.3105,26,45,26,629142,47302,94124,32132,0.3746515017108098,0.404511921847068
3069,0.3106,11,44,11,629186,47258,94135,32121,0.37430300342161954,0.40465362375439345
3070,0.3107,16,50,16,629236,47208,94151,32105,0.37390698263844885,0.4047886222939493
3071,0.3108,19,43,19,629279,47165,94170,32086,0.3735664047649221,0.4048655537469559
3072,0.3109,23,39,23,629318,47126,94193,32063,0.37325750855404893,0.4048920935988584
3073,0.311,25,40,25,629358,47086,94218,32038,0.37294069192751234,0.40490875082149536
3074,0.3111,27,45,27,629403,47041,94245,32011,0.37258427322265875,0.4049359914992663
3075,0.3112,16,45,16,629448,46996,94261,31995,0.3722278545178051,0.4050461444974744
3076,0.3113,27,42,27,629490,46954,94288,31968,0.37189519705994173,0.4050581586883252
3077,0.3114,18,40,18,629530,46914,94306,31950,0.37157838043340513,0.4051278149726111
3078,0.3115,27,48,27,629578,46866,94333,31923,0.37119820048156127,0.40517077256977496
3079,0.3116,13,59,13,629637,46807,94346,31910,0.37073089595741987,0.40537622114663924
3080,0.3117,11,45,11,629682,46762,94357,31899,0.3703744772525662,0.4055249742566202
3081,0.3118,19,44,19,629726,46718,94376,31880,0.370025978963376,0.40560828519809666
3082,0.3119,28,47,28,629773,46671,94404,31852,0.36965371942719555,0.40563911210728065
3083,0.312,19,54,19,629827,46617,94423,31833,0.3692260169813712,0.405774378585086
3084,0.3121,26,52,26,629879,46565,94449,31807,0.3688141553668737,0.4058464757821671
3085,0.3122,15,53,15,629932,46512,94464,31792,0.3683943733367127,0.4060073559460564
3086,0.3123,22,41,22,629973,46471,94486,31770,0.3680696362945127,0.40605309236845133
3087,0.3124,19,57,19,630030,46414,94505,31751,0.36761817260169816,0.40620482313055717
3088,0.3125,18,51,18,630081,46363,94523,31733,0.367214231402864,0.4063332308953083
3089,0.3126,21,52,21,630133,46311,94544,31712,0.3668023697883665,0.40644425361752307
3090,0.3127,20,55,20,630188,46256,94564,31692,0.3663667469268787,0.40657874480422845
3091,0.3128,13,57,13,630245,46199,94577,31679,0.36591528323406414,0.4067772670073705
3092,0.3129,19,33,19,630278,46166,94596,31660,0.36565390951717147,0.40680492380438416
3093,0.313,19,39,19,630317,46127,94615,31641,0.3653450133062983,0.4068640057607242
3094,0.3131,22,56,22,630373,46071,94637,31619,0.36490147002914713,0.4069893165143519
3095,0.3132,19,37,19,630410,46034,94656,31600,0.3646084146496008,0.40703815338640287
3096,0.3133,18,52,18,630462,45982,94674,31582,0.3641965530351033,0.40717343097313186
3097,0.3134,17,55,17,630517,45927,94691,31565,0.3637609301736155,0.4073323697930109
3098,0.3135,25,36,25,630553,45891,94716,31540,0.3634757952097326,0.40733039738605986
3099,0.3136,20,55,20,630608,45836,94736,31520,0.3630401723482448,0.4074667769791613
3100,0.3137,16,45,16,630653,45791,94752,31504,0.3626837536433912,0.4075813442007892
3101,0.3138,17,51,17,630704,45740,94769,31487,0.3622798124445571,0.4077200978932239
3102,0.3139,20,38,20,630742,45702,94789,31467,0.3619788366493474,0.40776736772538197
3103,0.314,18,46,18,630788,45656,94807,31449,0.3616144975288303,0.4078723818170028
3104,0.3141,25,55,25,630843,45601,94832,31424,0.36117887466734255,0.40797143784485557
3105,0.3142,22,49,22,630892,45552,94854,31402,0.36079077429983525,0.40806195909244486
3106,0.3143,25,33,25,630925,45519,94879,31377,0.3605294005829426,0.40804463171036204
3107,0.3144,13,36,13,630961,45483,94892,31364,0.3602442656190597,0.40813564615404635
3108,0.3145,29,40,29,631001,45443,94921,31335,0.3599274489925231,0.408124723228008
3109,0.3146,17,39,17,631040,45404,94938,31318,0.35961855278165,0.4082010375120565
3110,0.3147,21,47,21,631087,45357,94959,31297,0.35924629324546953,0.4082891956062306
3111,0.3148,17,45,17,631132,45312,94976,31280,0.3588898745406159,0.4083977438897013
3112,0.3149,12,44,12,631176,45268,94988,31268,0.3585413762514257,0.40853977213337517
3113,0.315,24,45,24,631221,45223,95012,31244,0.35818495754657204,0.40859455712921916
3114,0.3151,15,32,15,631253,45191,95027,31229,0.3579315042453428,0.40864956817587017
3115,0.3152,20,42,20,631295,45149,95047,31209,0.3575988467874794,0.4087194531024909
3116,0.3153,25,40,25,631335,45109,95072,31184,0.35728203016094284,0.4087399892519628
3117,0.3154,18,56,18,631391,45053,95090,31166,0.35683848688379166,0.4089006678124877
3118,0.3155,19,55,19,631446,44998,95109,31147,0.35640286402230387,0.4090485258388601
3119,0.3156,15,41,15,631487,44957,95124,31132,0.35607812698010394,0.40915243990589967
3120,0.3157,18,32,18,631519,44925,95142,31114,0.35582467367887466,0.4091847604518734
3121,0.3158,18,42,18,631561,44883,95160,31096,0.3554920162210113,0.4092709827715553
3122,0.3159,16,38,16,631599,44845,95176,31080,0.3551910404258015,0.4093513335528482
3123,0.316,14,34,14,631633,44811,95190,31066,0.35492174629324547,0.40942578119851863
3124,0.3161,17,58,17,631691,44753,95207,31049,0.35446236218476745,0.4096066066858394
3125,0.3162,19,47,19,631738,44706,95226,31030,0.354090102648587,0.4097126861730221
3126,0.3163,27,30,27,631768,44676,95253,31003,0.3538524901786846,0.40966450402357324
3127,0.3164,17,40,17,631808,44636,95270,30986,0.35353567355214804,0.40974848589034935
3128,0.3165,22,42,22,631850,44594,95292,30964,0.3532030160942846,0.4098043886815427
3129,0.3166,28,52,28,631902,44542,95320,30936,0.3527911544797871,0.4098677760407006
3130,0.3167,22,50,22,631952,44492,95342,30914,0.3523951336966164,0.4099673766013315
3131,0.3168,14,36,14,631988,44456,95356,30900,0.3521099987327335,0.41005361218748343
3132,0.3169,27,33,27,632021,44423,95383,30873,0.35184862501584085,0.41002178070548234
3133,0.317,24,55,24,632076,44368,95407,30849,0.35141300215435306,0.4101333475145246
3134,0.3171,15,19,15,632095,44349,95422,30834,0.3512625142567482,0.41011930888631737
3135,0.3172,22,50,22,632145,44299,95444,30812,0.3508664934735775,0.41021954174488423
3136,0.3173,15,50,15,632195,44249,95459,30797,0.3504704726904068,0.41037497001838874
3137,0.3174,8,29,8,632224,44220,95467,30789,0.35024078063616776,0.4104707435107787
3138,0.3175,20,44,20,632268,44176,95487,30769,0.34989228234697756,0.4105544065648142
3139,0.3176,19,42,19,632310,44134,95506,30750,0.3495596248891142,0.41063511564553173
3140,0.3177,18,37,18,632347,44097,95524,30732,0.34926656950956786,0.41069638776410217
3141,0.3178,15,50,15,632397,44047,95539,30717,0.34887054872639717,0.4108528168637312
3142,0.3179,10,40,10,632437,44007,95549,30707,0.3485537320998606,0.4109939234949273
3143,0.318,17,44,17,632481,43963,95566,30690,0.34820523381067037,0.41110203206836965
3144,0.3181,18,46,18,632527,43917,95584,30672,0.34784089469015333,0.41121344970438
3145,0.3182,8,40,8,632567,43877,95592,30664,0.3475240780636168,0.41137092338444614
3146,0.3183,18,41,18,632608,43836,95610,30646,0.3471993410214168,0.41145511667248463
3147,0.3184,18,43,18,632651,43793,95628,30628,0.34685876314789,0.41155050321817765
3148,0.3185,23,39,23,632690,43754,95651,30605,0.34654986693701684,0.4115843408329859
3149,0.3186,18,46,18,632736,43708,95669,30587,0.3461855278164998,0.41169661484622116
3150,0.3187,13,55,13,632791,43653,95682,30574,0.34574990495501207,0.41189863526749027
3151,0.3188,24,35,24,632826,43618,95706,30550,0.34547269040679257,0.4119027073670586
3152,0.3189,16,45,16,632871,43573,95722,30534,0.3451162717019389,0.4120258545076713
3153,0.319,17,41,17,632912,43532,95739,30517,0.34479153465973894,0.41211900228227255
3154,0.3191,21,31,21,632943,43501,95760,30496,0.3445460017741731,0.4121248158709137
3155,0.3192,19,41,19,632984,43460,95779,30477,0.3442212647319731,0.41220228031973166
3156,0.3193,14,37,14,633021,43423,95793,30463,0.3439282093524268,0.4122973229028503
3157,0.3194,16,33,16,633054,43390,95809,30447,0.34366683563553413,0.41235423974430163
3158,0.3195,16,36,16,633090,43354,95825,30431,0.34338170067165125,0.4124280002710578
3159,0.3196,16,30,16,633120,43324,95841,30415,0.34314408820174885,0.4124683003566634
3160,0.3197,15,44,15,633164,43280,95856,30400,0.3427955899125586,0.41259500542888167
3161,0.3198,20,44,20,633208,43236,95876,30380,0.3424470916233684,0.41268202564659856
3162,0.3199,15,38,15,633246,43198,95891,30365,0.3421461158281587,0.4127754441770999
3163,0.32,20,42,20,633288,43156,95911,30345,0.34181345837029525,0.41285152582958057
3164,0.3201,17,40,17,633328,43116,95928,30328,0.3414966417437587,0.4129404716518708
3165,0.3202,19,39,19,633367,43077,95947,30309,0.34118774553288556,0.4130079306679748
3166,0.3203,22,50,22,633417,43027,95969,30287,0.34079172474971486,0.41311345718416675
3167,0.3204,15,38,15,633455,42989,95984,30272,0.34049074895450515,0.4132075729242025
3168,0.3205,18,39,18,633494,42950,96002,30254,0.340181852743632,0.4132834271351292
3169,0.3206,9,41,9,633535,42909,96011,30245,0.339857115701432,0.41344287393717366
3170,0.3207,14,33,14,633568,42876,96025,30231,0.33959574198453935,0.413517173458082
3171,0.3208,17,40,17,633608,42836,96042,30214,0.3392789253580028,0.41360711841204656
3172,0.3209,16,35,16,633643,42801,96058,30198,0.3390017108097833,0.4136768996835573
3173,0.321,17,44,17,633687,42757,96075,30181,0.3386532125205931,0.4137897940716773
3174,0.3211,17,46,17,633733,42711,96092,30164,0.338288873400076,0.41391423670668953
3175,0.3212,21,40,21,633773,42671,96113,30143,0.3379720567735395,0.41397258768918066
3176,0.3213,16,38,16,633811,42633,96129,30127,0.33767108097832976,0.4140599230346344
3177,0.3214,16,41,16,633852,42592,96145,30111,0.3373463439361298,0.4141644773943304
3178,0.3215,23,37,23,633889,42555,96168,30088,0.33705328855658345,0.4141899425959831
3179,0.3216,17,31,17,633920,42524,96185,30071,0.3368077556710176,0.4142296301398168
3180,0.3217,19,45,19,633965,42479,96204,30052,0.33645133696616397,0.4143331816740428
3181,0.3218,23,39,23,634004,42440,96227,30029,0.3361424407552908,0.414370282465606
3182,0.3219,15,40,15,634044,42400,96242,30014,0.3358256241287543,0.41447786339658077
3183,0.322,16,44,16,634088,42356,96258,29998,0.33547712583956407,0.41460043674157615
3184,0.3221,22,48,22,634136,42308,96280,29976,0.3350969458877202,0.41469758176083227
3185,0.3222,16,33,16,634169,42275,96296,29960,0.33483557217082754,0.4147573890773171
3186,0.3223,14,39,14,634208,42236,96310,29946,0.3345266759599544,0.4148679726247541
3187,0.3224,16,42,16,634250,42194,96326,29930,0.334194018502091,0.4149797570850202
3188,0.3225,15,46,15,634296,42148,96341,29915,0.33382967938157393,0.4151228785923428
3189,0.3226,20,44,20,634340,42104,96361,29895,0.3334811810923837,0.41521410019583604
3190,0.3227,16,47,16,634387,42057,96377,29879,0.33310892155620325,0.4153553158362989
3191,0.3228,16,46,16,634433,42011,96393,29863,0.3327445824356862,0.41549099813562623
3192,0.3229,18,36,18,634469,41975,96411,29845,0.33245944747180334,0.41555277081592873
3193,0.323,10,39,10,634508,41936,96421,29835,0.3321505512609302,0.41569714787309636
3194,0.3231,27,53,27,634561,41883,96448,29808,0.3317307692307692,0.4157844080846968
3195,0.3232,19,28,19,634589,41855,96467,29789,0.33150899759219365,0.41579197141421476
3196,0.3233,24,34,24,634623,41821,96491,29765,0.33123970345963755,0.4157935909256
3197,0.3234,22,33,22,634656,41788,96513,29743,0.3309783297427449,0.4158057345766171
3198,0.3235,10,38,10,634694,41750,96523,29733,0.33067735394753517,0.41594504987199754
3199,0.3236,16,44,16,634738,41706,96539,29717,0.33032885565834497,0.41607045349537264
3200,0.3237,11,39,11,634777,41667,96550,29706,0.3300199594474718,0.41620780967592785
3201,0.3238,18,30,18,634807,41637,96568,29688,0.32978234697756936,0.4162355415352261
3202,0.3239,18,41,18,634848,41596,96586,29670,0.32945760993536943,0.41632756153004236
3203,0.324,23,48,23,634896,41548,96609,29647,0.3290774299835255,0.4164196923941288
3204,0.3241,9,43,9,634939,41505,96618,29638,0.32873685210999876,0.416597557033018
3205,0.3242,18,48,18,634987,41457,96636,29620,0.32835667215815484,0.41673115072386285
3206,0.3243,22,54,22,635041,41403,96658,29598,0.3279289697123305,0.4168673680652385
3207,0.3244,19,47,19,635088,41356,96677,29579,0.32755671017615007,0.4169873828152534
3208,0.3245,22,45,22,635133,41311,96699,29557,0.3272002914712964,0.41707117457808884
3209,0.3246,15,48,15,635181,41263,96714,29542,0.32682011151945256,0.41723042158039686
3210,0.3247,13,36,13,635217,41227,96727,29529,0.3265349765555696,0.4173356323138674
3211,0.3248,19,46,19,635263,41181,96746,29510,0.3261706374350526,0.41745059484234204
3212,0.3249,25,28,25,635291,41153,96771,29485,0.32594886579647697,0.4174098926923186
3213,0.325,14,48,14,635339,41105,96785,29471,0.3255686858446331,0.4175782135570166
3214,0.3251,19,34,19,635373,41071,96804,29452,0.32529939171207706,0.4176226195709201
3215,0.3252,21,45,21,635418,41026,96825,29431,0.3249429730072234,0.4177157699022099
3216,0.3253,20,43,20,635461,40983,96845,29411,0.3246023951336966,0.4178054947864875
3217,0.3254,14,37,14,635498,40946,96859,29397,0.32430933975415027,0.4179093868615214
3218,0.3255,22,37,22,635535,40909,96881,29375,0.324016284374604,0.41794718570371636
3219,0.3256,20,44,20,635579,40865,96901,29355,0.32366778608541374,0.41804329250925665
3220,0.3257,14,35,14,635614,40830,96915,29341,0.32339057153719425,0.4181356970828405
3221,0.3258,12,37,12,635651,40793,96927,29329,0.323097516157648,0.41825675251704175
3222,0.3259,11,50,11,635701,40743,96938,29318,0.32270149537447723,0.4184639100212672
3223,0.326,19,35,19,635736,40708,96957,29299,0.32242428082625774,0.4185152913280101
3224,0.3261,19,31,19,635767,40677,96976,29280,0.3221787479406919,0.41854281916034136
3225,0.3262,16,38,16,635805,40639,96992,29264,0.3218777721454822,0.4186372544812097
3226,0.3263,19,41,19,635846,40598,97011,29245,0.3215530351032822,0.418724854316109
3227,0.3264,17,28,17,635874,40570,97028,29228,0.32133126346470664,0.41875125361758214
3228,0.3265,13,43,13,635917,40527,97041,29215,0.3209906855911798,0.4189010925984342
3229,0.3266,15,45,15,635962,40482,97056,29200,0.3206342668863262,0.41904652564507333
3230,0.3267,16,35,16,635997,40447,97072,29184,0.3203570523381067,0.41912366618316554
3231,0.3268,19,41,19,636038,40406,97091,29165,0.32003231529590676,0.4192120280001725
3232,0.3269,13,39,13,636077,40367,97104,29152,0.3197234190850336,0.41933859808110013
3233,0.327,17,41,17,636118,40326,97121,29135,0.3193986820428336,0.41944400454931546
3234,0.3271,10,39,10,636157,40287,97131,29125,0.31908978583196046,0.4195960352676771
3235,0.3272,13,41,13,636198,40246,97144,29112,0.3187650487897605,0.41973528648461605
3236,0.3273,19,36,19,636234,40210,97163,29093,0.3184799138258776,0.4197942369017214
3237,0.3274,17,46,17,636280,40164,97180,29076,0.31811557470536056,0.4199306759098787
3238,0.3275,23,27,23,636307,40137,97203,29053,0.3179017234824484,0.4199017199017199
3239,0.3276,26,33,26,636340,40104,97229,29027,0.3176403497655557,0.4198839883699064
3240,0.3277,9,33,9,636373,40071,97238,29018,0.31737897604866305,0.42000897393217446
3241,0.3278,22,45,22,636418,40026,97260,28996,0.3170225573438094,0.4200979397873142
3242,0.3279,19,46,19,636464,39980,97279,28977,0.3166582182232924,0.42021839697202606
3243,0.328,12,48,12,636512,39932,97291,28965,0.31627803827144846,0.4204101775113575
3244,0.3281,17,45,17,636557,39887,97308,28948,0.31592161956659487,0.4205418754993826
3245,0.3282,23,42,23,636599,39845,97331,28925,0.31558896210873144,0.42060491493383745
3246,0.3283,11,40,11,636639,39805,97342,28914,0.3152721454821949,0.4207569958817794
3247,0.3284,12,35,12,636674,39770,97354,28902,0.3149949309339754,0.4208702236719478
3248,0.3285,16,37,16,636711,39733,97370,28886,0.3147018755544291,0.42096212419300777
3249,0.3286,16,39,16,636750,39694,97386,28870,0.3143929793435559,0.42106644886529376
3250,0.3287,16,51,16,636801,39643,97402,28854,0.31398903814472184,0.4212447260463962
3251,0.3288,16,37,16,636838,39606,97418,28838,0.3136959827651755,0.42133715153994505
3252,0.3289,20,27,20,636865,39579,97438,28818,0.31348213154226334,0.42133426904688803
3253,0.329,14,18,14,636883,39561,97452,28804,0.3133395640603219,0.4213267022599283
3254,0.3291,15,35,15,636918,39526,97467,28789,0.3130623495121024,0.42141550171997366
3255,0.3292,18,46,18,636964,39480,97485,28771,0.31269801039158535,0.4215469370412155
3256,0.3293,24,33,24,636997,39447,97509,28747,0.3124366366746927,0.42154735020676304
3257,0.3294,20,39,20,637036,39408,97529,28727,0.3121277404638195,0.42161884494019225
3258,0.3295,12,34,12,637070,39374,97541,28715,0.3118584463312635,0.42172744496174125
3259,0.3296,22,35,22,637105,39339,97563,28693,0.311581231783044,0.4217574082784572
3260,0.3297,12,23,12,637128,39316,97575,28681,0.31139906222278546,0.4217980205009044
3261,0.3298,14,37,14,637165,39279,97589,28667,0.31110600684323914,0.4219085744561858
3262,0.3299,15,34,15,637199,39245,97604,28652,0.3108367127106831,0.42199213514588274
3263,0.33,19,30,19,637229,39215,97623,28633,0.31059910024078063,0.42201686121919585
3264,0.3301,14,33,14,637262,39182,97637,28619,0.31033772652388797,0.42210291883600537
3265,0.3302,14,29,14,637291,39153,97651,28605,0.31010803446964896,0.4221641724962366
3266,0.3303,16,46,16,637337,39107,97667,28589,0.30974369534913193,0.4223144646655637
3267,0.3304,21,31,21,637368,39076,97688,28568,0.3094981624635661,0.42232866181775175
3268,0.3305,25,30,25,637398,39046,97713,28543,0.30926054999366365,0.4223024456642353
3269,0.3306,19,35,19,637433,39011,97732,28524,0.30898333544544415,0.4223587769304805
3270,0.3307,16,39,16,637472,38972,97748,28508,0.30867443923457105,0.4224659158269117
3271,0.3308,19,32,19,637504,38940,97767,28489,0.3084209859333418,0.42250367052751786
3272,0.3309,16,37,16,637541,38903,97783,28473,0.30812793055379545,0.42259855141296604
3273,0.331,20,31,20,637572,38872,97803,28453,0.3078823976682296,0.42262161158559225
3274,0.3311,21,29,21,637601,38843,97824,28432,0.3076527056139906,0.42262356001486434
3275,0.3312,15,35,15,637636,38808,97839,28417,0.3073754910657711,0.4227147638527334
3276,0.3313,19,33,19,637669,38775,97858,28398,0.30711411734887845,0.4227591442990487
3277,0.3314,19,35,19,637704,38740,97877,28379,0.306836902800659,0.42281619213635485
3278,0.3315,16,29,16,637733,38711,97893,28363,0.30660721074641994,0.4228613173509855
3279,0.3316,22,28,22,637761,38683,97915,28341,0.3063854391078444,0.4228485318691812
3280,0.3317,17,43,17,637804,38640,97932,28324,0.30604486123431757,0.42297353802042886
3281,0.3318,15,36,15,637840,38604,97947,28309,0.3057597262704347,0.42307174988417795
3282,0.3319,11,28,11,637868,38576,97958,28298,0.30553795463185907,0.4231539910877172
3283,0.332,17,35,17,637903,38541,97975,28281,0.30526074008363957,0.4232288767172488
3284,0.3321,18,44,18,637947,38497,97993,28263,0.30491224179444937,0.42335230677052127
3285,0.3322,14,34,14,637981,38463,98007,28249,0.3046429476618933,0.4234470560019187
3286,0.3323,19,42,19,638023,38421,98026,28230,0.3043102902040299,0.42354953414052304
3287,0.3324,27,31,27,638054,38390,98053,28203,0.30406475731846405,0.42351298184493863
3288,0.3325,12,38,12,638092,38352,98065,28191,0.30376378152325434,0.4236508723682431
3289,0.3326,22,29,22,638121,38323,98087,28169,0.30353408946901533,0.4236449497683932
3290,0.3327,15,30,15,638151,38293,98102,28154,0.30329647699911294,0.4237061116378467
3291,0.3328,20,38,20,638189,38255,98122,28134,0.3029955012039032,0.4237750229706729
3292,0.3329,23,44,23,638233,38211,98145,28111,0.30264700291471297,0.42385633726365307
3293,0.333,16,32,16,638265,38179,98161,28095,0.3023935496134837,0.42392189999094665
3294,0.3331,14,33,14,638298,38146,98175,28081,0.302132175896591,0.42401135488546965
3295,0.3332,18,45,18,638343,38101,98193,28063,0.30177575719173744,0.42414303851036816
3296,0.3333,16,37,16,638380,38064,98209,28047,0.3014827018121911,0.4242410491446204
3297,0.3334,16,45,16,638425,38019,98225,28031,0.30112628310733747,0.4243906131718395
3298,0.3335,15,37,15,638462,37982,98240,28016,0.30083322772779114,0.42449771205188036
3299,0.3336,17,38,17,638500,37944,98257,27999,0.30053225193258143,0.4245939675174014
3300,0.3337,16,28,16,638528,37916,98273,27983,0.3003104802940058,0.42463466820437334
3301,0.3338,14,27,14,638555,37889,98287,27969,0.30009662907109363,0.4246864465972243
3302,0.3339,8,32,8,638587,37857,98295,27961,0.2998431757698644,0.4248229967486098
3303,0.334,26,33,26,638620,37824,98321,27935,0.29958180205297175,0.4248087714229231
3304,0.3341,25,39,25,638659,37785,98346,27910,0.2992729058420986,0.4248420732171398
3305,0.3342,10,42,10,638701,37743,98356,27900,0.2989402483842352,0.4250262785064668
3306,0.3343,17,25,17,638726,37718,98373,27883,0.2987422379926499,0.42503925245041996
3307,0.3344,14,40,14,638766,37678,98387,27869,0.2984254213661133,0.425175828031794
3308,0.3345,16,26,16,638792,37652,98403,27853,0.29821949055886454,0.4252041828868025
3309,0.3346,18,26,18,638818,37626,98421,27835,0.29801355975161575,0.42521501351950014
3310,0.3347,13,28,13,638846,37598,98434,27822,0.2977917881130402,0.42528278813818404
3311,0.3348,12,33,12,638879,37565,98446,27810,0.2975304143961475,0.42539196940726576
3312,0.3349,23,36,23,638915,37529,98469,27787,0.2972452794322646,0.42542409210606896
3313,0.335,15,35,15,638950,37494,98484,27772,0.2969680648840451,0.42552017895994854
3314,0.3351,17,43,17,638993,37451,98501,27755,0.29662748701051833,0.42565101371039477
3315,0.3352,17,30,17,639023,37421,98518,27738,0.2963898745406159,0.42569714084009885
3316,0.3353,13,33,13,639056,37388,98531,27725,0.2961285008237232,0.42579822769646614
3317,0.3354,10,52,10,639108,37336,98541,27715,0.2957166392092257,0.42605032974127993
3318,0.3355,16,28,16,639136,37308,98557,27699,0.29549486757065013,0.42609257464580735
3319,0.3356,23,37,23,639173,37271,98580,27676,0.2952018121911038,0.4261320769242613
3320,0.3357,19,35,19,639208,37236,98599,27657,0.2949245976428843,0.4261938884009061
3321,0.3358,16,25,16,639233,37211,98615,27641,0.29472658725129897,0.4262166162955653
3322,0.3359,21,22,21,639255,37189,98636,27620,0.29455233810670384,0.42617537687666834
3323,0.336,15,33,15,639288,37156,98651,27605,0.29429096438981117,0.4262596315683822
3324,0.3361,13,30,13,639318,37126,98664,27592,0.2940533519199088,0.42634197595722984
3325,0.3362,21,39,21,639357,37087,98685,27571,0.2937444557090356,0.4264128182127502
3326,0.3363,17,32,17,639389,37055,98702,27554,0.29349100240780635,0.4264730919840889
3327,0.3364,14,31,14,639420,37024,98716,27540,0.2932454695222405,0.4265534973049997
3328,0.3365,21,25,21,639445,36999,98737,27519,0.29304745913065516,0.42653213056821354
3329,0.3366,18,35,18,639480,36964,98755,27501,0.29277024458243567,0.4266035833397968
3330,0.3367,14,29,14,639509,36935,98769,27487,0.29254055252819666,0.42667101300797866
3331,0.3368,17,27,17,639536,36908,98786,27470,0.2923267013052845,0.42669856162042935
3332,0.3369,13,27,13,639563,36881,98799,27457,0.2921128500823723,0.426761789300258
3333,0.337,16,27,16,639590,36854,98815,27441,0.29189899885946013,0.42679835134924954
3334,0.3371,18,33,18,639623,36821,98833,27423,0.29163762514256747,0.42685698275325323
3335,0.3372,13,31,13,639654,36790,98846,27410,0.29139209225700163,0.42694704049844234
3336,0.3373,8,29,8,639683,36761,98854,27402,0.29116240020276263,0.42706855976185654
3337,0.3374,12,41,12,639724,36720,98866,27390,0.29083766316056264,0.4272344408048666
3338,0.3375,16,44,16,639768,36676,98882,27374,0.29048916487137244,0.4273848555815769
3339,0.3376,26,32,26,639800,36644,98908,27348,0.2902357115701432,0.4273659207400925
3340,0.3377,15,27,15,639827,36617,98923,27333,0.29002186034723104,0.4274120406567631
3341,0.3378,15,38,15,639865,36579,98938,27318,0.2897208845520213,0.4275318090051176
3342,0.3379,22,32,22,639897,36547,98960,27296,0.28946743125079205,0.4275488307253732
3343,0.338,13,29,13,639926,36518,98973,27283,0.28923773919655305,0.4276265262299964
3344,0.3381,8,25,8,639951,36493,98981,27275,0.2890397288049677,0.4277223685861247
3345,0.3382,12,31,12,639982,36462,98993,27263,0.28879419591940186,0.42782267555904274
3346,0.3383,12,41,12,640023,36421,99005,27251,0.2884694588772019,0.42799032541776605
3347,0.3384,16,28,16,640051,36393,99021,27235,0.28824768723862626,0.4280348274344628
3348,0.3385,14,43,14,640094,36350,99035,27221,0.2879071093650995,0.4281983923487125
3349,0.3386,20,32,20,640126,36318,99055,27201,0.2876536560638702,0.4282340716950834
3350,0.3387,10,30,10,640156,36288,99065,27191,0.28741604359396783,0.4283463822681517
3351,0.3388,16,37,16,640193,36251,99081,27175,0.2871229882144215,0.4284520543625642
3352,0.3389,19,33,19,640226,36218,99100,27156,0.28686161449752884,0.4285038028213463
3353,0.339,16,30,16,640256,36188,99116,27140,0.2866240020276264,0.42856240525517936
3354,0.3391,15,44,15,640300,36144,99131,27125,0.2862755037384362,0.4287249679938042
3355,0.3392,19,30,19,640330,36114,99150,27106,0.2860378912685338,0.4287567225561531
3356,0.3393,10,31,10,640361,36083,99160,27096,0.28579235838296796,0.42887668370819415
3357,0.3394,21,43,21,640404,36040,99181,27075,0.28545178050944114,0.42897884813435794
3358,0.3395,23,39,23,640443,36001,99204,27052,0.285142884298568,0.4290358904413747
3359,0.3396,7,35,7,640478,35966,99211,27045,0.2848656697503485,0.4292107727222231
3360,0.3397,21,56,21,640534,35910,99232,27024,0.2844221264731973,0.4294022309085709
3361,0.3398,25,24,25,640558,35886,99257,26999,0.28423203649727535,0.42933927009620737
3362,0.3399,16,16,16,640574,35870,99273,26983,0.28410530984666077,0.42930329498989706
3363,0.34,8,34,8,640608,35836,99281,26975,0.28383601571410466,0.4294629921510563
3364,0.3401,13,36,13,640644,35800,99294,26962,0.2835508807502218,0.4295911538829228
3365,0.3402,19,40,19,640684,35760,99313,26943,0.28323406412368524,0.42969235921726234
3366,0.3403,12,25,12,640709,35735,99325,26931,0.28303605373209983,0.42975457185714744
3367,0.3404,15,31,15,640740,35704,99340,26916,0.282790520846534,0.4298307250079847
3368,0.3405,20,26,20,640766,35678,99360,26896,0.28258459003928527,0.4298270847316777
3369,0.3406,8,36,8,640802,35642,99368,26888,0.2822994550754024,0.43000159923236847
3370,0.3407,16,31,16,640833,35611,99384,26872,0.28205392218983655,0.43006897876222333
3371,0.3408,16,27,16,640860,35584,99400,26856,0.2818400709669243,0.4301089045483664
3372,0.3409,18,33,18,640893,35551,99418,26838,0.2815786972500317,0.43017198544615237
3373,0.341,20,35,20,640928,35516,99438,26818,0.2813014827018122,0.43023069271986397
3374,0.3411,14,27,14,640955,35489,99452,26804,0.28108763147890004,0.43028911755734994
3375,0.3412,13,35,13,640990,35454,99465,26791,0.28081041693068054,0.43041208129167
3376,0.3413,17,40,17,641030,35414,99482,26774,0.28049360030414394,0.43053322184344245
3377,0.3414,15,27,15,641057,35387,99497,26759,0.28027974908123177,0.43058282109870305
3378,0.3415,14,35,14,641092,35352,99511,26745,0.28000253453301227,0.43069713512730085
3379,0.3416,13,40,13,641132,35312,99524,26732,0.27968571790647573,0.4308555218876926
3380,0.3417,20,31,20,641163,35281,99544,26712,0.2794401850209099,0.43088735825012503
3381,0.3418,19,44,19,641207,35237,99563,26693,0.2790916867317197,0.43101889229775553
3382,0.3419,14,28,14,641235,35209,99577,26679,0.27886991509314407,0.4310851861427094
3383,0.342,12,34,12,641269,35175,99589,26667,0.278600620960588,0.4312117978073154
3384,0.3421,17,42,17,641311,35133,99606,26650,0.27826796350272465,0.4313484291795478
3385,0.3422,14,31,14,641342,35102,99620,26636,0.2780224306171588,0.431436068547734
3386,0.3423,10,30,10,641372,35072,99630,26626,0.27778481814725636,0.4315536970404227
3387,0.3424,18,37,18,641409,35035,99648,26608,0.27749176276771004,0.43164674010025467
3388,0.3425,21,18,21,641427,35017,99669,26587,0.2773491952857686,0.4315791182390754
3389,0.3426,20,32,20,641459,34985,99689,26567,0.27709574198453935,0.4316187938653496
3390,0.3427,15,25,15,641484,34960,99704,26552,0.276897731592954,0.4316556119131226
3391,0.3428,17,30,17,641514,34930,99721,26535,0.27666011912305155,0.43170910274139757
3392,0.3429,8,27,8,641541,34903,99729,26527,0.2764462679001394,0.4318248412827609
3393,0.343,14,44,14,641585,34859,99743,26513,0.2760977696109492,0.43200482304634036
3394,0.3431,17,33,17,641618,34826,99760,26496,0.2758363958940565,0.43207984084015527
3395,0.3432,11,26,11,641644,34800,99771,26485,0.2756304650868078,0.43216121400016316
3396,0.3433,11,23,11,641667,34777,99782,26474,0.27544829552654926,0.4322215147507796
3397,0.3434,22,30,22,641697,34747,99804,26452,0.2752106830566468,0.43222928479223516
3398,0.3435,14,31,14,641728,34716,99818,26438,0.274965150171081,0.4323184092618635
3399,0.3436,8,29,8,641757,34687,99826,26430,0.27473545811684197,0.43244923670991703
3400,0.3437,15,30,15,641787,34657,99841,26415,0.2744978456469396,0.43252226879748495
3401,0.3438,17,31,17,641818,34626,99858,26398,0.27425231276137374,0.4325839014158364
3402,0.3439,12,25,12,641843,34601,99870,26386,0.2740543023697884,0.4326495810582583
3403,0.344,24,39,24,641882,34562,99894,26362,0.27374540615891524,0.4327030398529315
3404,0.3441,16,41,16,641923,34521,99910,26346,0.27342066911671525,0.43284538419833407
3405,0.3442,14,24,14,641947,34497,99924,26332,0.2732305791407933,0.4328856302092752
3406,0.3443,16,33,16,641980,34464,99940,26316,0.27296920542390063,0.43297137216189535
3407,0.3444,12,37,12,642017,34427,99952,26304,0.2726761500443543,0.4331231166949334
3408,0.3445,17,31,17,642048,34396,99969,26287,0.27243061715878847,0.43318557091772
3409,0.3446,18,32,18,642080,34364,99987,26269,0.27217716385755925,0.4332459221875876
3410,0.3447,10,30,10,642110,34334,99997,26259,0.2719395513876568,0.43336689056491673
3411,0.3448,15,30,15,642140,34304,100012,26244,0.2717019389177544,0.43344123670476314
3412,0.3449,20,40,20,642180,34264,100032,26224,0.27138512229121786,0.4335405369660098
3413,0.345,17,33,17,642213,34231,100049,26207,0.2711237485743252,0.43361792249909
3414,0.3451,20,29,20,642242,34202,100069,26187,0.2708940565200862,0.43363857656195665
3415,0.3452,18,36,18,642278,34166,100087,26169,0.27060892155620325,0.43372835004557886
3416,0.3453,17,28,17,642306,34138,100104,26152,0.2703871499176277,0.43377011112954056
3417,0.3454,17,25,17,642331,34113,100121,26135,0.27018913952604234,0.43379033328907185
3418,0.3455,15,33,15,642364,34080,100136,26120,0.2699277658091497,0.43388704318936877
3419,0.3456,13,26,13,642390,34054,100149,26107,0.2697218350019009,0.43395222818769635
3420,0.3457,20,31,20,642421,34023,100169,26087,0.26947630211633505,0.4339876892363999
3421,0.3458,16,32,16,642453,33991,100185,26071,0.26922284881510583,0.43406812959941393
3422,0.3459,13,31,13,642484,33960,100198,26058,0.26897731592954,0.4341697490752774
3423,0.346,12,33,12,642517,33927,100210,26046,0.26871594221264733,0.43429543294482514
3424,0.3461,16,35,16,642552,33892,100226,26030,0.26843872766442783,0.4343980507993725
3425,0.3462,19,28,19,642580,33864,100245,26011,0.2682169560258522,0.43442171189979123
3426,0.3463,20,29,20,642609,33835,100265,25991,0.2679872639716132,0.434443218667469
3427,0.3464,17,37,17,642646,33798,100282,25974,0.2676942085920669,0.43455129492069866
3428,0.3465,19,37,19,642683,33761,100301,25955,0.2674011532125206,0.4346406323263447
3429,0.3466,11,29,11,642712,33732,100312,25944,0.2671714611582816,0.43474763724110194
3430,0.3467,20,37,20,642749,33695,100332,25924,0.2668784057787353,0.4348278233449068
3431,0.3468,10,20,10,642769,33675,100342,25914,0.266719997465467,0.43487892060615213
3432,0.3469,23,30,23,642799,33645,100365,25891,0.2664823849955646,0.4348797366299382
3433,0.347,18,26,18,642825,33619,100383,25873,0.2662764541883158,0.4348988099240234
3434,0.3471,17,34,17,642859,33585,100400,25856,0.26600716005575975,0.43498595245705823
3435,0.3472,12,36,12,642895,33549,100412,25844,0.2657220250918768,0.4351354536729918
3436,0.3473,11,29,11,642924,33520,100423,25833,0.2654923330376378,0.43524337438714134
3437,0.3474,17,31,17,642955,33489,100440,25816,0.26524680015207197,0.4353089958688138
3438,0.3475,13,35,13,642990,33454,100453,25803,0.2649695856038525,0.4354422262348752
3439,0.3476,11,26,11,643016,33428,100464,25792,0.26476365479660374,0.43552853765619726
3440,0.3477,15,29,15,643045,33399,100479,25777,0.26453396274236474,0.43559889144247665
3441,0.3478,12,24,12,643069,33375,100491,25765,0.2643438727664428,0.4356611430503889
3442,0.3479,8,23,8,643092,33352,100499,25757,0.26416170320618426,0.4357542844575276
3443,0.348,9,26,9,643118,33326,100508,25748,0.2639557723989355,0.435860107661577
3444,0.3481,16,39,16,643157,33287,100524,25732,0.2636468761880624,0.43599518799030823
3445,0.3482,18,26,18,643183,33261,100542,25714,0.2634409453808136,0.436015260703688
3446,0.3483,16,23,16,643206,33238,100558,25698,0.26325877582055507,0.43603230623048733
3447,0.3484,6,20,6,643226,33218,100564,25692,0.26310036750728677,0.43612289933797316
3448,0.3485,19,29,19,643255,33189,100583,25673,0.26287067545304776,0.4361557541367945
3449,0.3486,8,33,8,643288,33156,100591,25665,0.2626093017361551,0.43632376192176264
3450,0.3487,14,28,14,643316,33128,100605,25651,0.26238753009757954,0.4363973527960666
3451,0.3488,12,34,12,643350,33094,100617,25639,0.2621182359650234,0.43653482709890523
3452,0.3489,16,20,16,643370,33074,100633,25623,0.2619598276517552,0.4365299759783294
3453,0.349,20,25,20,643395,33049,100653,25603,0.26176181726016984,0.43652390370319855
3454,0.3491,16,26,16,643421,33023,100669,25587,0.26155588645292105,0.4365637263265654
3455,0.3492,16,23,16,643444,33000,100685,25571,0.26137371689266253,0.43658124327738984
3456,0.3493,17,25,17,643469,32975,100702,25554,0.2611757065010772,0.4366040766115942
3457,0.3494,15,29,15,643498,32946,100717,25539,0.2609460144468382,0.43667607078738135
3458,0.3495,15,32,15,643530,32914,100732,25524,0.2606925611456089,0.436770594476197
3459,0.3496,16,33,16,643563,32881,100748,25508,0.26043118742871624,0.4368631077771498
3460,0.3497,10,32,10,643595,32849,100758,25498,0.260177734127487,0.4370061871218743
3461,0.3498,17,30,17,643625,32819,100775,25481,0.25994012165758457,0.4370668953687822
3462,0.3499,19,29,19,643654,32790,100794,25462,0.25971042960334556,0.43710087207306186
3463,0.35,11,19,11,643673,32771,100805,25451,0.2595599417057407,0.4371371646456666
3464,0.3501,20,36,20,643709,32735,100825,25431,0.2592748067418578,0.4372141801052161
3465,0.3502,15,19,15,643728,32716,100840,25416,0.25912431884425297,0.4372118626574004
3466,0.3503,9,28,9,643756,32688,100849,25407,0.25890254720567735,0.43733539891556933
3467,0.3504,16,27,16,643783,32661,100865,25391,0.25868869598276517,0.43738372493626404
3468,0.3505,20,36,20,643819,32625,100885,25371,0.2584035610188823,0.4374612042209808
3469,0.3506,8,35,8,643854,32590,100893,25363,0.2581263464706628,0.43764774903801357
3470,0.3507,14,28,14,643882,32562,100907,25349,0.2579045748320872,0.43772340315311425
3471,0.3508,11,30,11,643912,32532,100918,25338,0.2576669623621848,0.43784344219803006
3472,0.3509,12,28,12,643940,32504,100930,25326,0.25744519072360916,0.4379387860971814
3473,0.351,19,31,19,643971,32473,100949,25307,0.2571996578380433,0.4379889235029422
3474,0.3511,15,31,15,644002,32442,100964,25292,0.2569541249524775,0.4380780822392351
3475,0.3512,7,27,7,644029,32415,100971,25285,0.2567402737295653,0.43821490467937607
3476,0.3513,13,31,13,644060,32384,100984,25272,0.2564947408439995,0.4383238518107396
3477,0.3514,15,14,15,644074,32370,100999,25257,0.25638385502471167,0.4382841376438128
3478,0.3515,14,32,14,644106,32338,101013,25243,0.25613040172348245,0.43839113596498847
3479,0.3516,20,32,20,644138,32306,101033,25223,0.2558769484222532,0.4384397434337465
3480,0.3517,10,32,10,644170,32274,101043,25213,0.25562349512102395,0.43858611512167966
3481,0.3518,15,26,15,644196,32248,101058,25198,0.2554175643137752,0.4386380252759113
3482,0.3519,10,21,10,644217,32227,101068,25188,0.25525123558484347,0.43870068797352607
3483,0.352,14,27,14,644244,32200,101082,25174,0.2550373843619313,0.43877017464356677
3484,0.3521,16,26,16,644270,32174,101098,25158,0.25483145355468256,0.4388125305239657
3485,0.3522,11,16,11,644286,32158,101109,25147,0.2547047269040679,0.43882732745833697
3486,0.3523,11,34,11,644320,32124,101120,25136,0.25443543277151187,0.43898009081383166
3487,0.3524,17,24,17,644344,32100,101137,25119,0.2542453427955899,0.43899753578356837
3488,0.3525,16,19,16,644363,32081,101153,25103,0.25409485489798506,0.4389864297705652
3489,0.3526,15,26,15,644389,32055,101168,25088,0.25388892409073627,0.439038902402744
3490,0.3527,15,27,15,644416,32028,101183,25073,0.2536750728678241,0.439099140120138
3491,0.3528,14,35,14,644451,31993,101197,25059,0.2533978583196046,0.43923087709458036
3492,0.3529,16,28,16,644479,31965,101213,25043,0.25317608668102903,0.439289222565254
3493,0.353,19,37,19,644516,31928,101232,25024,0.2528830313014827,0.4393875544318022
3494,0.3531,17,24,17,644540,31904,101249,25007,0.25269294132556075,0.43940538735921
3495,0.3532,15,31,15,644571,31873,101264,24992,0.2524474084399949,0.43949705442715203
3496,0.3533,15,31,15,644602,31842,101279,24977,0.2522018755544291,0.43958886992027313
3497,0.3534,15,27,15,644629,31815,101294,24962,0.2519880243315169,0.43964985821723584
3498,0.3535,16,29,16,644658,31786,101310,24946,0.2517583322772779,0.439716562081365
3499,0.3536,20,40,20,644698,31746,101330,24926,0.25144151565074135,0.43982919254658387
3500,0.3537,22,27,22,644725,31719,101352,24904,0.2512276644278292,0.43982127404058424
3501,0.3538,14,28,14,644753,31691,101366,24890,0.25100589278925356,0.43990031989537126
3502,0.3539,11,29,11,644782,31662,101377,24879,0.25077620073501455,0.44001697882952195
3503,0.354,14,35,14,644817,31627,101391,24865,0.25049898618679506,0.44015081781491183
3504,0.3541,12,27,12,644844,31600,101403,24853,0.2502851349638829,0.4402423254742883
3505,0.3542,13,28,13,644872,31572,101416,24840,0.2500633633253073,0.4403318442884493
3506,0.3543,19,25,19,644897,31547,101435,24821,0.24986535293372197,0.4403384899233608
3507,0.3544,14,20,14,644917,31527,101449,24807,0.24970694462045367,0.4403557354350836
3508,0.3545,23,29,23,644946,31498,101472,24784,0.24947725256621467,0.44035393198535944
3509,0.3546,11,21,11,644967,31477,101483,24773,0.24931092383728298,0.4404088888888889
3510,0.3547,18,33,18,645000,31444,101501,24755,0.24904955012039032,0.44048826491574583
3511,0.3548,8,30,8,645030,31414,101509,24747,0.2488119376504879,0.44064386317907445
3512,0.3549,20,45,20,645075,31369,101529,24727,0.24845551894563428,0.4407979178551055
3513,0.355,12,35,12,645110,31334,101541,24715,0.24817830439741478,0.44095345144427195
3514,0.3551,12,24,12,645134,31310,101553,24703,0.24798821442149285,0.4410226197489868
3515,0.3552,20,31,20,645165,31279,101573,24683,0.24774268153592702,0.441067152710768
3516,0.3553,14,35,14,645200,31244,101587,24669,0.24746546698770752,0.4412032979807916
3517,0.3554,17,33,17,645233,31211,101604,24652,0.24720409327081486,0.44129387966990674
3518,0.3555,18,31,18,645264,31180,101622,24634,0.24695856038524902,0.4413587988676676
3519,0.3556,20,29,20,645293,31151,101642,24614,0.24672886833101002,0.4413879673630413
3520,0.3557,11,33,11,645326,31118,101653,24603,0.24646749461411735,0.4415390965704133
3521,0.3558,13,33,13,645359,31085,101666,24590,0.24620612089722468,0.44167040862146384
3522,0.3559,24,15,24,645374,31070,101690,24566,0.2460873146622735,0.4415486375727946
3523,0.356,8,29,8,645403,31041,101698,24558,0.24585762260803448,0.4416985917012896
3524,0.3561,20,32,20,645435,31009,101718,24538,0.24560416930680523,0.44175202981259115
3525,0.3562,12,25,12,645460,30984,101730,24526,0.24540615891521986,0.4418303008466943
3526,0.3563,12,32,12,645492,30952,101742,24514,0.24515270561399063,0.4419644466880612
3527,0.3564,16,21,16,645513,30931,101758,24498,0.24498637688505892,0.4419708095040502
3528,0.3565,15,32,15,645545,30899,101773,24483,0.24473292358382967,0.4420750424325593
3529,0.3566,12,26,12,645571,30873,101785,24471,0.2445269927765809,0.44216175195143104
3530,0.3567,11,29,11,645600,30844,101796,24460,0.2442973007223419,0.44228265586576015
3531,0.3568,12,20,12,645620,30824,101808,24448,0.24413889240907363,0.44232160949486177
3532,0.3569,12,27,12,645647,30797,101820,24436,0.24392504118616146,0.44241667119294625
3533,0.357,12,27,12,645674,30770,101832,24424,0.24371118996324928,0.4425118672319455
3534,0.3571,9,29,9,645703,30741,101841,24415,0.24348149790901027,0.44265356443541953
3535,0.3572,25,27,25,645730,30714,101866,24390,0.2432676466860981,0.4426175958188153
3536,0.3573,22,20,22,645750,30694,101888,24368,0.2431092383728298,0.44255566452362793
3537,0.3574,19,47,19,645797,30647,101907,24349,0.24273697883664935,0.4427412902756564
3538,0.3575,19,31,19,645828,30616,101926,24330,0.24249144595108352,0.44279838386779746
3539,0.3576,12,32,12,645860,30584,101938,24318,0.24223799264985427,0.44293468361808314
3540,0.3577,11,23,11,645883,30561,101949,24307,0.24205582308959575,0.44300867536633376
3541,0.3578,21,31,21,645914,30530,101970,24286,0.24181029020402992,0.4430458260361938
3542,0.3579,15,20,15,645934,30510,101985,24271,0.24165188189076162,0.4430550738394699
3543,0.358,22,29,22,645963,30481,102007,24249,0.2414221898365226,0.44306596016809796
3544,0.3581,16,27,16,645990,30454,102023,24233,0.24120833861361043,0.44312176568471484
3545,0.3582,16,33,16,646023,30421,102039,24217,0.24094696489671777,0.4432263260002196
3546,0.3583,15,28,15,646051,30393,102054,24202,0.24072519325814218,0.4433006685593919
3547,0.3584,18,18,18,646069,30375,102072,24184,0.24058262577620074,0.4432632562913543
3548,0.3585,7,38,7,646107,30337,102079,24177,0.240281649980991,0.44350075210037787
3549,0.3586,10,33,10,646140,30304,102089,24167,0.24002027626409833,0.4436672724936205
3550,0.3587,8,34,8,646174,30270,102097,24159,0.23975098213154225,0.443862646750813
3551,0.3588,12,28,12,646202,30242,102109,24147,0.23952921049296666,0.4439684495026568
3552,0.3589,14,23,14,646225,30219,102123,24133,0.23934704093270814,0.44401309979393583
3553,0.359,17,22,17,646247,30197,102140,24116,0.23917279178811304,0.4440189273286322
3554,0.3591,13,28,13,646275,30169,102153,24103,0.23895102014953745,0.44411482900943394
3555,0.3592,11,19,11,646294,30150,102164,24092,0.23880053225193257,0.4441576638029571
3556,0.3593,23,30,23,646324,30120,102187,24069,0.23856291978203015,0.4441676354979793
3557,0.3594,10,29,10,646353,30091,102197,24059,0.23833322772779114,0.4443028624192059
3558,0.3595,22,24,22,646377,30067,102219,24037,0.2381431377518692,0.4442739908324708
3559,0.3596,21,32,21,646409,30035,102240,24016,0.23788968445063996,0.44432110414238407
3560,0.3597,12,33,12,646442,30002,102252,24004,0.2376283107337473,0.4444691330592897
3561,0.3598,13,33,13,646475,29969,102265,23991,0.23736693701685466,0.44460711638250555
3562,0.3599,16,20,16,646495,29949,102281,23975,0.23720852870358636,0.44460722498330985
3563,0.36,22,29,22,646524,29920,102303,23953,0.23697883664934735,0.44461975386557273
3564,0.3601,15,30,15,646554,29890,102318,23938,0.23674122417944493,0.44471278888310917
3565,0.3602,17,26,17,646580,29864,102335,23921,0.23653529337219617,0.44475225434600724
3566,0.3603,14,26,14,646606,29838,102349,23907,0.2363293625649474,0.4448227742115546
3567,0.3604,18,18,18,646624,29820,102367,23889,0.23618679508300597,0.4447857900910462
3568,0.3605,12,20,12,646644,29800,102379,23877,0.23602838676973767,0.44482739348324235
3569,0.3606,12,18,12,646662,29782,102391,23865,0.23588581928779623,0.4448524614610323
3570,0.3607,11,32,11,646694,29750,102402,23854,0.23563236598656698,0.4450041041713305
3571,0.3608,19,31,19,646725,29719,102421,23835,0.23538683310100114,0.44506479441311575
3572,0.3609,18,26,18,646751,29693,102439,23817,0.23518090229375238,0.4450943748831994
3573,0.361,12,27,12,646778,29666,102451,23805,0.2349670510708402,0.4451945914607918
3574,0.3611,17,20,17,646798,29646,102468,23788,0.2348086427575719,0.4451847138526032
3575,0.3612,18,23,18,646821,29623,102486,23770,0.2346264731973134,0.4451894443091791
3576,0.3613,15,27,15,646848,29596,102501,23755,0.23441262197440121,0.4452587580364004
3577,0.3614,14,20,14,646868,29576,102515,23741,0.23425421366113294,0.44528011703584225
3578,0.3615,15,30,15,646898,29546,102530,23726,0.23401660119123052,0.44537468088301546
3579,0.3616,17,24,17,646922,29522,102547,23709,0.2338265112153086,0.4453983580996036
3580,0.3617,15,29,15,646951,29493,102562,23694,0.23359681916106959,0.4454847989170286
3581,0.3618,13,26,13,646977,29467,102575,23681,0.2333908883538208,0.4455670956574095
3582,0.3619,18,29,18,647006,29438,102593,23663,0.2331611962995818,0.4456224929850662
3583,0.362,13,33,13,647039,29405,102606,23650,0.23289982258268915,0.44576382998774855
3584,0.3621,14,20,14,647059,29385,102620,23636,0.23274141426942085,0.4457856321080327
3585,0.3622,11,25,11,647084,29360,102631,23625,0.2325434038778355,0.4458809096914221
3586,0.3623,14,35,14,647119,29325,102645,23611,0.232266189329616,0.4460291672963579
3587,0.3624,16,34,16,647153,29291,102661,23595,0.23199689519705993,0.44614831902582913
3588,0.3625,22,33,22,647186,29258,102683,23573,0.23173552148016727,0.44619636198444096
3589,0.3626,17,34,17,647220,29224,102700,23556,0.23146622734761121,0.4463054187192118
3590,0.3627,15,25,15,647245,29199,102715,23541,0.23126821695602584,0.4463594994311718
3591,0.3628,14,26,14,647271,29173,102729,23527,0.23106228614877708,0.4464326375711575
3592,0.3629,16,22,16,647293,29151,102745,23511,0.23088803700418198,0.44645095135011964
3593,0.363,18,30,18,647323,29121,102763,23493,0.23065042453427956,0.4465161363895541
3594,0.3631,16,31,16,647354,29090,102779,23477,0.23040489164871372,0.4466109916867997
3595,0.3632,9,21,9,647375,29069,102788,23468,0.23023856291978204,0.44669471039457903
3596,0.3633,13,22,13,647397,29047,102801,23455,0.23006431377518693,0.4467448859091082
3597,0.3634,11,36,11,647433,29011,102812,23444,0.22977917881130402,0.44693546849680676
3598,0.3635,12,22,12,647455,28989,102824,23432,0.2296049296667089,0.4469964327273421
3599,0.3636,12,21,12,647476,28968,102836,23420,0.2294386009377772,0.44704894250591737
3600,0.3637,17,38,17,647514,28930,102853,23403,0.22913762514256747,0.4471939311715361
3601,0.3638,24,24,24,647538,28906,102877,23379,0.22894753516664554,0.44714545280673235
3602,0.3639,18,19,18,647557,28887,102895,23361,0.22879704726904068,0.44711759301791454
3603,0.364,19,29,19,647586,28858,102914,23342,0.22856735521480168,0.4471647509578544
3604,0.3641,13,23,13,647609,28835,102927,23329,0.22838518565454316,0.44722413925312476
3605,0.3642,11,28,11,647637,28807,102938,23318,0.22816341401596757,0.44734772182254195
3606,0.3643,15,27,15,647664,28780,102953,23303,0.22794956279305537,0.44742046349096637
3607,0.3644,15,26,15,647690,28754,102968,23288,0.2277436319858066,0.44748472387686866
3608,0.3645,18,18,18,647708,28736,102986,23270,0.22760106450386516,0.44744837134176824
3609,0.3646,11,22,11,647730,28714,102997,23259,0.22742681535927006,0.44752082812229427
3610,0.3647,13,23,13,647753,28691,103010,23246,0.22724464579901152,0.4475807227987754
3611,0.3648,16,26,16,647779,28665,103026,23230,0.22703871499176276,0.4476346468831294
3612,0.3649,8,30,8,647809,28635,103034,23222,0.22680110252186034,0.44780839616638063
3613,0.365,9,23,9,647832,28612,103043,23213,0.22661893296160182,0.4479112397491558
3614,0.3651,22,29,22,647861,28583,103065,23191,0.22638924090736282,0.447927531193263
3615,0.3652,16,25,16,647886,28558,103081,23175,0.22619123051577747,0.44797324725030446
3616,0.3653,8,23,8,647909,28535,103089,23167,0.22600906095551895,0.44808711461839
3617,0.3654,17,13,17,647922,28522,103106,23150,0.22590609555189456,0.44801826908190123
3618,0.3655,16,29,16,647951,28493,103122,23134,0.22567640349765555,0.44809886299804363
3619,0.3656,11,28,11,647979,28465,103133,23123,0.22545463185907996,0.44822439326975266
3620,0.3657,22,34,22,648013,28431,103155,23101,0.22518533772652388,0.44828456104944503
3621,0.3658,17,20,17,648033,28411,103172,23084,0.2250269294132556,0.448276531702107
3622,0.3659,12,29,12,648062,28382,103184,23072,0.2247972373590166,0.44840051307964396
3623,0.366,9,33,9,648095,28349,103193,23063,0.22453586364212394,0.4485917684587256
3624,0.3661,11,33,11,648128,28316,103204,23052,0.22427448992523127,0.44876187509733684
3625,0.3662,12,29,12,648157,28287,103216,23040,0.22404479787099227,0.44888655093810276
3626,0.3663,21,22,21,648179,28265,103237,23019,0.22387054872639717,0.44885344356914436
3627,0.3664,15,27,15,648206,28238,103252,23004,0.223656697503485,0.4489286132469459
3628,0.3665,15,25,15,648231,28213,103267,22989,0.22345868711189965,0.44898636772001094
3629,0.3666,14,25,14,648256,28188,103281,22975,0.22326067672031427,0.4490549811387135
3630,0.3667,8,29,8,648285,28159,103289,22967,0.22303098466607527,0.44922348707115756
3631,0.3668,21,26,21,648311,28133,103310,22946,0.2228250538588265,0.4492257091955598
3632,0.3669,19,30,19,648341,28103,103329,22927,0.22258744138892408,0.4492847344699197
3633,0.367,19,26,19,648367,28077,103348,22908,0.22238151058167532,0.4493086201824066
3634,0.3671,19,29,19,648396,28048,103367,22889,0.22215181852743632,0.44935901211300233
3635,0.3672,14,28,14,648424,28020,103381,22875,0.22193004688886073,0.4494547597995874
3636,0.3673,16,18,16,648442,28002,103397,22859,0.22178747940691929,0.44944063231159437
3637,0.3674,12,27,12,648469,27975,103409,22847,0.2215736281840071,0.4495494077368069
3638,0.3675,18,25,18,648494,27950,103427,22829,0.22137561779242174,0.4495756119655763
3639,0.3676,16,27,16,648521,27923,103443,22813,0.22116176656950956,0.4496412803532009
3640,0.3677,12,27,12,648548,27896,103455,22801,0.22094791534659738,0.44975047833205123
3641,0.3678,16,23,16,648571,27873,103471,22785,0.22076574578633887,0.44978088357219
3642,0.3679,11,22,11,648593,27851,103482,22774,0.22059149664174377,0.4498567901234568
3643,0.368,23,31,23,648624,27820,103505,22751,0.22034596375617793,0.4498823436356805
3644,0.3681,11,30,11,648654,27790,103516,22740,0.2201083512862755,0.4500296853354443
3645,0.3682,10,40,10,648694,27750,103526,22730,0.21979153465973894,0.4502773375594295
3646,0.3683,22,29,22,648723,27721,103548,22708,0.21956184260549994,0.45029645640405325
3647,0.3684,14,21,14,648744,27700,103562,22694,0.21939551387656825,0.45033138865737987
3648,0.3685,17,18,17,648762,27682,103579,22677,0.21925294639462678,0.45030679719613176
3649,0.3686,9,16,9,648778,27666,103588,22668,0.21912621974401217,0.4503516509715103
3650,0.3687,16,33,16,648811,27633,103604,22652,0.2188648460271195,0.4504723078452819
3651,0.3688,17,31,17,648842,27602,103621,22635,0.21861931314155367,0.4505643250990306
3652,0.3689,14,19,14,648861,27583,103635,22621,0.2184688252439488,0.45058162696199505
3653,0.369,11,20,11,648881,27563,103646,22610,0.2183104169306805,0.45064078289119647
3654,0.3691,14,22,14,648903,27541,103660,22596,0.2181361677860854,0.45068512276362765
3655,0.3692,18,31,18,648934,27510,103678,22578,0.21789063490051958,0.45076665069477717
3656,0.3693,11,20,11,648954,27490,103689,22567,0.2177322265872513,0.4508260582935454
3657,0.3694,16,32,16,648986,27458,103705,22551,0.21747877328602205,0.45093883101041815
3658,0.3695,13,27,13,649013,27431,103718,22538,0.21726492206310988,0.45103964457963935
3659,0.3696,13,31,13,649044,27400,103731,22525,0.21701938917754404,0.4511767651477216
3660,0.3697,17,33,17,649077,27367,103748,22508,0.21675801546065138,0.45128822055137846
3661,0.3698,17,19,17,649096,27348,103765,22491,0.21660752756304652,0.4512730993800036
3662,0.3699,14,22,14,649118,27326,103779,22477,0.2164332784184514,0.45131819368311143
3663,0.37,18,26,18,649144,27300,103797,22459,0.21622734761120263,0.45135553367230047
3664,0.3701,17,27,17,649171,27273,103814,22442,0.21601349638829045,0.4514130544101378
3665,0.3702,16,22,16,649193,27251,103830,22426,0.21583924724369535,0.45143627835819394
3666,0.3703,15,30,15,649223,27221,103845,22411,0.21560163477379293,0.45154335912314636
3667,0.3704,19,24,19,649247,27197,103864,22392,0.215411544797871,0.45155175542963155
3668,0.3705,21,30,21,649277,27167,103885,22371,0.21517393232796858,0.45159271670232953
3669,0.3706,16,23,16,649300,27144,103901,22355,0.21499176276771004,0.4516252853593002
3670,0.3707,14,30,14,649330,27114,103915,22341,0.21475415029780762,0.45174400970579315
3671,0.3708,19,32,19,649362,27082,103934,22322,0.2145006969965784,0.45182576309610556
3672,0.3709,17,27,17,649389,27055,103951,22305,0.2142868457736662,0.4518841166936791
3673,0.371,15,23,15,649412,27032,103966,22290,0.21410467621340767,0.45192814565508294
3674,0.3711,15,23,15,649435,27009,103981,22275,0.21392250665314916,0.45197224251278306
3675,0.3712,11,27,11,649462,26982,103992,22264,0.21370865543023698,0.4520976322950087
3676,0.3713,19,19,19,649481,26963,104011,22245,0.21355816753263213,0.45206064054625267
3677,0.3714,16,17,16,649498,26946,104027,22229,0.21342352046635407,0.4520386375190646
3678,0.3715,13,26,13,649524,26920,104040,22216,0.2132175896591053,0.4521328557473136
3679,0.3716,18,23,18,649547,26897,104058,22198,0.2130354200988468,0.45214380283124556
3680,0.3717,7,33,7,649580,26864,104065,22191,0.21277404638195413,0.4523697890123331
3681,0.3718,17,27,17,649607,26837,104082,22174,0.21256019515904195,0.45242904654057253
3682,0.3719,13,20,13,649627,26817,104095,22161,0.21240178684577365,0.4524684552247948
3683,0.372,9,21,9,649648,26796,104104,22152,0.21223545811684197,0.45256190242706545
3684,0.3721,15,15,15,649663,26781,104119,22137,0.21211665188189077,0.4525328100085858
3685,0.3722,20,24,20,649687,26757,104139,22117,0.2119265619059688,0.452530998076687
3686,0.3723,11,16,11,649703,26741,104150,22106,0.2117998352553542,0.4525559399758429
3687,0.3724,24,31,24,649734,26710,104174,22082,0.21155430236978837,0.45257419249057224
3688,0.3725,12,17,12,649751,26693,104186,22070,0.21141965530351034,0.4525972561163177
3689,0.3726,19,18,19,649769,26675,104205,22051,0.21127708782156887,0.452550999466404
3690,0.3727,23,31,23,649800,26644,104228,22028,0.21103155493600304,0.45258053911900065
3691,0.3728,10,26,10,649826,26618,104238,22018,0.21082562412875427,0.45270992680319105
3692,0.3729,13,24,13,649850,26594,104251,22005,0.21063553415283234,0.45278709438465814
3693,0.373,10,33,10,649883,26561,104261,21995,0.21037416043593968,0.4529821237334212
3694,0.3731,13,29,13,649912,26532,104274,21982,0.21014446838170067,0.4531063198252051
3695,0.3732,10,19,10,649931,26513,104284,21972,0.20999398048409582,0.453171083840363
3696,0.3733,20,18,20,649949,26495,104304,21952,0.20985141300215435,0.4531137118913452
3697,0.3734,9,29,9,649978,26466,104313,21943,0.20962172094791534,0.453283480344564
3698,0.3735,16,21,16,649999,26445,104329,21927,0.20945539221898365,0.45329942942197965
3699,0.3736,12,20,12,650019,26425,104341,21915,0.20929698390571538,0.45335126189491104
3700,0.3737,12,20,12,650039,26405,104353,21903,0.20913857559244708,0.4534031630371781
3701,0.3738,17,22,17,650061,26383,104370,21886,0.20896432644785198,0.45341730717437695
3702,0.3739,18,21,18,650082,26362,104388,21868,0.2087979977189203,0.45341074020319305
3703,0.374,11,27,11,650109,26335,104399,21857,0.20858414649600812,0.45354000664010624
3704,0.3741,10,15,10,650124,26320,104409,21847,0.2084653402610569,0.4535677953785787
3705,0.3742,8,27,8,650151,26293,104417,21839,0.20825148903814472,0.45373140530208594
3706,0.3743,24,33,24,650184,26260,104441,21815,0.20799011532125206,0.4537701508060322
3707,0.3744,20,21,20,650205,26239,104461,21795,0.20782378659232037,0.4537411000541283
3708,0.3745,8,26,8,650231,26213,104469,21787,0.2076178557850716,0.45389583333333333
3709,0.3746,17,24,17,650255,26189,104486,21770,0.20742776580914968,0.45392939802748183
3710,0.3747,17,20,17,650275,26169,104503,21753,0.20726935749588138,0.453925128333542
3711,0.3748,9,26,9,650301,26143,104512,21744,0.20706342668863262,0.4540689539958653
3712,0.3749,10,32,10,650333,26111,104522,21734,0.20680997338740337,0.4542585432124569
3713,0.375,9,32,9,650365,26079,104531,21725,0.20655652008617412,0.4544598778344908
3714,0.3751,13,26,13,650391,26053,104544,21712,0.20635058927892536,0.4545587773474301
3715,0.3752,12,19,12,650410,26034,104556,21700,0.2062001013813205,0.45460258934931075
3716,0.3753,16,28,16,650438,26006,104572,21684,0.2059783297427449,0.4546865170895366
3717,0.3754,10,20,10,650458,25986,104582,21674,0.2058199214294766,0.45476290390264373
3718,0.3755,17,26,17,650484,25960,104599,21657,0.20561399062222785,0.4548165571119558
3719,0.3756,20,29,20,650513,25931,104619,21637,0.20538429856798884,0.4548646148671376
3720,0.3757,13,28,13,650541,25903,104632,21624,0.20516252692941325,0.4549834830727797
3721,0.3758,13,30,13,650571,25873,104645,21611,0.20492491445951083,0.4551217252127032
3722,0.3759,7,28,7,650599,25845,104652,21604,0.20470314282093524,0.4553099116946616
3723,0.376,15,28,15,650627,25817,104667,21589,0.20448137118235965,0.4554064886301312
3724,0.3761,15,30,15,650657,25787,104682,21574,0.20424375871245723,0.4555224762990646
3725,0.3762,12,27,12,650684,25760,104694,21562,0.20402990748954505,0.4556443092007946
3726,0.3763,20,23,20,650707,25737,104714,21542,0.20384773792928654,0.4556356944943844
3727,0.3764,15,25,15,650732,25712,104729,21527,0.2036497275377012,0.4557039734117996
3728,0.3765,13,19,13,650751,25693,104742,21514,0.2034992396400963,0.4557374965577139
3729,0.3766,14,23,14,650774,25670,104756,21500,0.2033170700798378,0.4557981768072928
3730,0.3767,11,20,11,650794,25650,104767,21489,0.20315866176656952,0.4558645707376058
3731,0.3768,20,23,20,650817,25627,104787,21469,0.20297649220631098,0.45585612366230677
3732,0.3769,12,23,12,650840,25604,104799,21457,0.20279432264605246,0.455940162767472
3733,0.377,14,19,14,650859,25585,104813,21443,0.2026438347484476,0.45596240537552096
3734,0.3771,19,33,19,650892,25552,104832,21424,0.20238246103155494,0.4560626702997275
3735,0.3772,10,14,10,650906,25538,104842,21414,0.20227157521226713,0.4560828079741012
3736,0.3773,9,25,9,650931,25513,104851,21405,0.20207356482068178,0.45622149281725566
3737,0.3774,12,25,12,650956,25488,104863,21393,0.20187555442909644,0.4563255903244385
3738,0.3775,9,16,9,650972,25472,104872,21384,0.20174882777848183,0.45637698480450745
3739,0.3776,9,23,9,650995,25449,104881,21375,0.20156665821822328,0.4564966683751922
3740,0.3777,18,29,18,651024,25420,104899,21357,0.20133696616398428,0.4565705368022746
3741,0.3778,23,28,23,651052,25392,104922,21334,0.20111519452540869,0.45657663827419426
3742,0.3779,15,23,15,651075,25369,104937,21319,0.20093302496515017,0.45662697052775875
3743,0.378,9,13,9,651088,25356,104946,21310,0.20083005956152578,0.45664938070543865
3744,0.3781,7,17,7,651105,25339,104953,21303,0.20069541249524775,0.45673427383045323
3745,0.3782,11,29,11,651134,25310,104964,21292,0.20046572044100874,0.45689026222050555
3746,0.3783,15,26,15,651160,25284,104979,21277,0.20025978963375998,0.45697042589291464
3747,0.3784,8,20,8,651180,25264,104987,21269,0.2001013813204917,0.45707347473835774
3748,0.3785,14,21,14,651201,25243,105001,21255,0.19993505259156,0.45711643511548883
3749,0.3786,11,34,11,651235,25209,105012,21244,0.19966575845900392,0.4573224549544701
3750,0.3787,16,26,16,651261,25183,105028,21228,0.19945982765175516,0.4573915666544569
3751,0.3788,16,15,16,651276,25168,105044,21212,0.19934102141680396,0.4573523070288918
3752,0.3789,13,25,13,651301,25143,105057,21199,0.1991430110252186,0.4574468085106383
3753,0.379,11,23,11,651324,25120,105068,21188,0.19896084146496007,0.45754513259048113
3754,0.3791,8,17,8,651341,25103,105076,21180,0.19882619439868204,0.45761942829980773
3755,0.3792,11,22,11,651363,25081,105087,21169,0.19865194525408694,0.4577081081081081
3756,0.3793,21,26,21,651389,25055,105108,21148,0.19844601444683818,0.45771919572322145
3757,0.3794,13,28,13,651417,25027,105121,21135,0.1982242428082626,0.4578441142064902
3758,0.3795,13,19,13,651436,25008,105134,21122,0.1980737549106577,0.45787990461738565
3759,0.3796,14,27,14,651463,24981,105148,21108,0.19785990368774553,0.457983466770813
3760,0.3797,13,15,13,651478,24966,105161,21095,0.19774109745279433,0.45797963570048417
3761,0.3798,18,29,18,651507,24937,105179,21077,0.19751140539855533,0.45805624375190157
3762,0.3799,8,20,8,651527,24917,105187,21069,0.19735299708528703,0.4581611794894098
3763,0.38,11,23,11,651550,24894,105198,21058,0.1971708275250285,0.4582607938718663
3764,0.3801,14,26,14,651576,24868,105212,21044,0.19696489671777975,0.45835511413138175
3765,0.3802,15,20,15,651596,24848,105227,21029,0.19680648840451148,0.4583778363886043
3766,0.3803,16,21,16,651617,24827,105243,21013,0.19664015967557977,0.4583987783595113
3767,0.3804,13,30,13,651647,24797,105256,21000,0.19640254720567735,0.45854531956241673
3768,0.3805,7,28,7,651675,24769,105263,20993,0.19618077556710176,0.4587430619291115
3769,0.3806,15,18,15,651693,24751,105278,20978,0.19603820808516031,0.45874609110192655
3770,0.3807,16,27,16,651720,24724,105294,20962,0.19582435686224814,0.45882764960819505
3771,0.3808,16,24,16,651744,24700,105310,20946,0.1956342668863262,0.45887920080620426
3772,0.3809,12,25,12,651769,24675,105322,20934,0.19543625649474083,0.4589883575610077
3773,0.381,8,20,8,651789,24655,105330,20926,0.19527784818147256,0.45909479827120947
3774,0.3811,16,24,16,651813,24631,105346,20910,0.19508775820555063,0.4591467029709492
3775,0.3812,18,20,18,651833,24611,105364,20892,0.19492934989228233,0.45913456255631496
3776,0.3813,19,9,19,651842,24602,105383,20873,0.19485806615131163,0.4589994502473887
3777,0.3814,14,20,14,651862,24582,105397,20859,0.19469965783804333,0.4590347923681257
3778,0.3815,21,25,21,651887,24557,105418,20838,0.19450164744645798,0.4590373389139773
3779,0.3816,11,16,11,651903,24541,105429,20827,0.19437492079584337,0.4590680655968965
3780,0.3817,10,17,10,651920,24524,105439,20817,0.19424027372956532,0.4591208839681524
3781,0.3818,12,26,12,651946,24498,105451,20805,0.19403434292231656,0.45924110986027417
3782,0.3819,13,31,13,651977,24467,105464,20792,0.19378881003675072,0.45940034026381493
3783,0.382,16,24,16,652001,24443,105480,20776,0.1935987200608288,0.45945288484928903
3784,0.3821,11,20,11,652021,24423,105491,20765,0.19344031174756052,0.45952465256262726
3785,0.3822,19,14,19,652035,24409,105510,20746,0.1933294259282727,0.45943970767356884
3786,0.3823,12,29,12,652064,24380,105522,20734,0.1930997338740337,0.4595912577027087
3787,0.3824,8,16,8,652080,24364,105530,20726,0.1929730072234191,0.45965846085606565
3788,0.3825,10,28,10,652108,24336,105540,20716,0.1927512355848435,0.45982420314303474
3789,0.3826,13,28,13,652136,24308,105553,20703,0.1925294639462679,0.459954233409611
3790,0.3827,19,23,19,652159,24285,105572,20684,0.19234729438600937,0.45996130667793367
3791,0.3828,19,21,19,652180,24264,105591,20665,0.19218096565707768,0.4599479178259031
3792,0.3829,11,26,11,652206,24238,105602,20654,0.19197503484982892,0.46008197451661764
3793,0.383,22,17,22,652223,24221,105624,20632,0.1918403877835509,0.45999152787996345
3794,0.3831,15,28,15,652251,24193,105639,20617,0.1916186161449753,0.46009819236777505
3795,0.3832,10,35,10,652286,24158,105649,20607,0.1913414015967558,0.46033731710041326
3796,0.3833,14,20,14,652306,24138,105663,20593,0.1911829932834875,0.4603742371062574
3797,0.3834,14,20,14,652326,24118,105677,20579,0.19102458497021924,0.46041121328053336
3798,0.3835,12,31,12,652357,24087,105689,20567,0.1907790520846534,0.46058583777489137
3799,0.3836,13,20,13,652377,24067,105702,20554,0.19062064377138513,0.4606351269581587
3800,0.3837,12,20,12,652397,24047,105714,20542,0.19046223545811683,0.46069658435937116
3801,0.3838,10,22,10,652419,24025,105724,20532,0.19028798631352173,0.4608030163610656
3802,0.3839,9,25,9,652444,24000,105733,20523,0.19008997592193638,0.46095276598611956
3803,0.384,17,25,17,652469,23975,105750,20506,0.18989196553035104,0.46100582271082036
3804,0.3841,7,22,7,652491,23953,105757,20499,0.18971771638575594,0.46114910465220915
3805,0.3842,9,19,9,652510,23934,105766,20490,0.18956722848815105,0.461237169097785
3806,0.3843,13,26,13,652536,23908,105779,20477,0.1893612976809023,0.4613495550298524
3807,0.3844,14,12,14,652548,23896,105793,20463,0.18926625269294134,0.46130435762753896
3808,0.3845,7,21,7,652569,23875,105800,20456,0.18909992396400963,0.461437820035641
3809,0.3846,16,28,16,652597,23847,105816,20440,0.18887815232543403,0.46153498769390566
3810,0.3847,7,29,7,652626,23818,105823,20433,0.18864846027119503,0.46175227678470543
3811,0.3848,12,27,12,652653,23791,105835,20421,0.18843460904828285,0.4618881751560662
3812,0.3849,11,23,11,652676,23768,105846,20410,0.18825243948802434,0.46199465797455747
3813,0.385,10,19,10,652695,23749,105856,20400,0.18810195159041945,0.4620716211012707
3814,0.3851,14,13,14,652708,23736,105870,20386,0.1879989861867951,0.4620370790082045
3815,0.3852,17,32,17,652740,23704,105887,20369,0.18774553288556584,0.46216504435822386
3816,0.3853,13,25,13,652765,23679,105900,20356,0.1875475224939805,0.4622686499375497
3817,0.3854,17,15,17,652780,23664,105917,20339,0.18742871625902927,0.4622184851032884
3818,0.3855,13,18,13,652798,23646,105930,20326,0.18728614877708782,0.46224870372054944
3819,0.3856,12,19,12,652817,23627,105942,20314,0.18713566087948297,0.4623017227646162
3820,0.3857,12,21,12,652838,23606,105954,20302,0.18696933215055125,0.4623758768333789
3821,0.3858,14,15,14,652853,23591,105968,20288,0.18685052591560006,0.46236240570660225
3822,0.3859,20,22,20,652875,23569,105988,20268,0.18667627677100493,0.4623491571047289
3823,0.386,14,16,14,652891,23553,106002,20254,0.18654955012039032,0.46234620037893487
3824,0.3861,17,28,17,652919,23525,106019,20237,0.18632777848181473,0.4624331611900736
3825,0.3862,11,26,11,652945,23499,106030,20226,0.18612184767456597,0.4625728987993139
3826,0.3863,13,25,13,652970,23474,106043,20213,0.18592383728298062,0.4626776844370179
3827,0.3864,8,25,8,652995,23449,106051,20205,0.18572582689139527,0.46284418380904385
3828,0.3865,16,26,16,653021,23423,106067,20189,0.18551989608414649,0.46292304870219203
3829,0.3866,9,18,9,653039,23405,106076,20180,0.18537732860220504,0.4630033268326259
3830,0.3867,15,18,15,653057,23387,106091,20165,0.1852347611202636,0.4630097354886113
3831,0.3868,18,18,18,653075,23369,106109,20147,0.18509219363832213,0.46297913411159114
3832,0.3869,21,27,21,653102,23342,106130,20126,0.18487834241540996,0.46300726971565287
3833,0.387,12,35,12,653137,23307,106142,20114,0.18460112786719046,0.46323207664494137
3834,0.3871,13,28,13,653165,23279,106155,20101,0.18437935622861487,0.4633702166897188
3835,0.3872,6,28,6,653193,23251,106161,20095,0.18415758459003928,0.4635952567710977
3836,0.3873,16,20,16,653213,23231,106177,20079,0.183999176276771,0.46361117524821055
3837,0.3874,12,23,12,653236,23208,106189,20067,0.1838170067165125,0.46370883882149044
3838,0.3875,9,22,9,653258,23186,106198,20058,0.18364275757191736,0.4638331329201739
3839,0.3876,13,21,13,653279,23165,106211,20045,0.18347642884298568,0.4638972460078685
3840,0.3877,3,25,3,653304,23140,106214,20042,0.18327841845140033,0.4641285720902228
3841,0.3878,10,15,10,653319,23125,106224,20032,0.1831596122164491,0.4641657205088398
3842,0.3879,6,17,6,653336,23108,106230,20026,0.18302496515017108,0.4642741225019706
3843,0.388,13,21,13,653357,23087,106243,20013,0.1828586364212394,0.46433874709976797
3844,0.3881,12,26,12,653383,23061,106255,20001,0.18265270561399063,0.46446983419255955
3845,0.3882,10,23,10,653406,23038,106265,19991,0.1824705360537321,0.4645936461456227
3846,0.3883,9,26,9,653432,23012,106274,19982,0.18226460524648333,0.46476252500348886
3847,0.3884,11,19,11,653451,22993,106285,19971,0.18211411734887847,0.464831021320175
3848,0.3885,12,25,12,653476,22968,106297,19959,0.18191610695729313,0.464952128031309
3849,0.3886,14,18,14,653494,22950,106311,19945,0.18177353947535166,0.4649726075300152
3850,0.3887,7,22,7,653516,22928,106318,19938,0.18159929033075656,0.4651238743992908
3851,0.3888,16,17,16,653533,22911,106334,19922,0.18146464326447853,0.4651086778885439
3852,0.3889,17,32,17,653565,22879,106351,19905,0.18121118996324928,0.46524401645474944
3853,0.389,8,21,8,653586,22858,106359,19897,0.18104486123431757,0.46537247105601687
3854,0.3891,15,23,15,653609,22835,106374,19882,0.18086269167405905,0.4654353067865253
3855,0.3892,10,18,10,653627,22817,106384,19872,0.1807201241921176,0.46550633652697415
3856,0.3893,14,18,14,653645,22799,106398,19858,0.18057755671017614,0.46552734603933704
3857,0.3894,18,24,18,653669,22775,106416,19840,0.1803874667342542,0.46556376862607063
3858,0.3895,18,19,18,653688,22756,106434,19822,0.18023697883664935,0.465545586922824
3859,0.3896,11,23,11,653711,22733,106445,19811,0.18005480927639084,0.46565908236179016
3860,0.3897,10,14,10,653725,22719,106455,19801,0.17994392345710303,0.46568673565380997
3861,0.3898,17,28,17,653753,22691,106472,19784,0.17972215181852744,0.46577987051206593
3862,0.3899,14,16,14,653769,22675,106486,19770,0.17959542516791283,0.46577924372717633
3863,0.39,14,20,14,653789,22655,106500,19756,0.17943701685464453,0.4658225460375846
3864,0.3901,13,26,13,653815,22629,106513,19743,0.17923108604739577,0.46594449164542623
3865,0.3902,9,14,9,653829,22615,106522,19734,0.17912020022810798,0.46598502916243595
3866,0.3903,14,21,14,653850,22594,106536,19720,0.17895387149917627,0.46603960864016636
3867,0.3904,14,29,14,653879,22565,106550,19706,0.17872417944493726,0.46618248917697713
3868,0.3905,18,24,18,653903,22541,106568,19688,0.17853408946901533,0.4662198962798077
3869,0.3906,15,21,15,653924,22520,106583,19673,0.17836776074008365,0.4662621761903633
3870,0.3907,6,22,6,653946,22498,106589,19667,0.17819351159548852,0.4664295031424167
3871,0.3908,17,18,17,653964,22480,106606,19650,0.17805094411354708,0.4664134820792784
3872,0.3909,13,21,13,653985,22459,106619,19637,0.1778846153846154,0.4664813759026986
3873,0.391,10,25,10,654010,22434,106629,19627,0.17768660499303005,0.4666317966762559
3874,0.3911,11,23,11,654033,22411,106640,19616,0.1775044354327715,0.466747567040236
3875,0.3912,18,30,18,654063,22381,106658,19598,0.17726682296286908,0.4668524738559756
3876,0.3913,11,21,11,654084,22360,106669,19587,0.1771004942339374,0.46694638472357974
3877,0.3914,8,17,8,654101,22343,106677,19579,0.17696584716765937,0.4670340155526931
3878,0.3915,12,13,12,654114,22330,106689,19567,0.17686288176403497,0.4670262787311741
3879,0.3916,17,18,17,654132,22312,106706,19550,0.17672031428209353,0.4670106540537958
3880,0.3917,15,25,15,654157,22287,106721,19535,0.1765223038905082,0.4670986562096504
3881,0.3918,18,22,18,654179,22265,106739,19517,0.17634805474591306,0.467115025609114
3882,0.3919,9,19,9,654198,22246,106748,19508,0.1761975668483082,0.4672127221344063
3883,0.392,21,24,21,654222,22222,106769,19487,0.17600747687238627,0.46721331127574384
3884,0.3921,14,18,14,654240,22204,106783,19473,0.1758649093904448,0.46723612544089066
3885,0.3922,8,18,8,654258,22186,106791,19465,0.17572234190850336,0.4673357182300545
3886,0.3923,18,25,18,654283,22161,106809,19447,0.17552433151691801,0.4673860796000769
3887,0.3924,14,25,14,654308,22136,106823,19433,0.17532632112533267,0.4674877913830018
3888,0.3925,11,19,11,654327,22117,106834,19422,0.17517583322772778,0.4675606056958521
3889,0.3926,12,18,12,654345,22099,106846,19410,0.17503326574578634,0.4676094340986292
3890,0.3927,13,20,13,654365,22079,106859,19397,0.17487485743251807,0.4676680489921883
3891,0.3928,11,19,11,654384,22060,106870,19386,0.1747243695349132,0.4677411571683637
3892,0.3929,15,16,15,654400,22044,106885,19371,0.17459764288429858,0.46772908366533866
3893,0.393,8,20,8,654420,22024,106893,19363,0.17443923457103028,0.4678522241283495
3894,0.3931,19,19,19,654439,22005,106912,19344,0.17428874667342542,0.4678226801131829
3895,0.3932,12,18,12,654457,21987,106924,19332,0.17414617919148398,0.46787192332825095
3896,0.3933,12,20,12,654477,21967,106936,19320,0.17398777087821568,0.4679439048610943
3897,0.3934,14,15,14,654492,21952,106950,19306,0.17386896464326448,0.4679334916864608
3898,0.3935,19,16,19,654508,21936,106969,19287,0.17374223799264985,0.46786987846590494
3899,0.3936,14,20,14,654528,21916,106983,19273,0.17358382967938157,0.4679161912161014
3900,0.3937,18,22,18,654550,21894,107001,19255,0.17340958053478647,0.4679336071350458
3901,0.3938,9,24,9,654574,21870,107010,19246,0.17321949055886454,0.46809028115575446
3902,0.3939,13,21,13,654595,21849,107023,19233,0.17305316182993283,0.4681612384986125
3903,0.394,15,19,15,654614,21830,107038,19218,0.17290267393232797,0.4681835899434808
3904,0.3941,14,21,14,654635,21809,107052,19204,0.17273634520339629,0.4682417769975374
3905,0.3942,11,24,11,654659,21785,107063,19193,0.17254625522747433,0.46837327346380986
3906,0.3943,17,21,17,654680,21764,107080,19176,0.17237992649854264,0.46839276990718126
3907,0.3944,8,19,8,654699,21745,107088,19168,0.17222943860093778,0.4685063427272505
3908,0.3945,10,24,10,654723,21721,107098,19158,0.17203934862501585,0.4686513857971085
3909,0.3946,8,23,8,654746,21698,107106,19150,0.1718571790647573,0.4688112025068547
3910,0.3947,15,19,15,654765,21679,107121,19135,0.17170669116715245,0.4688342235507424
3911,0.3948,9,18,9,654783,21661,107130,19126,0.171564123685211,0.4689239218378405
3912,0.3949,16,23,16,654806,21638,107146,19110,0.17138195412495247,0.468980072641602
3913,0.395,11,16,11,654822,21622,107157,19099,0.17125522747433786,0.4690208983079983
3914,0.3951,7,28,7,654850,21594,107164,19092,0.17103345583576227,0.4692523226662734
3915,0.3952,17,26,17,654876,21568,107181,19075,0.1708275250285135,0.46933051201928994
3916,0.3953,13,17,13,654893,21551,107194,19062,0.17069287796223545,0.46935710240563366
3917,0.3954,8,21,8,654914,21530,107202,19054,0.17052654923330376,0.46949536763256455
3918,0.3955,10,18,10,654932,21512,107212,19044,0.17038398175136232,0.4695729361870007
3919,0.3956,14,15,14,654947,21497,107226,19030,0.1702651755164111,0.4695635008759592
3920,0.3957,15,21,15,654968,21476,107241,19015,0.1700988467874794,0.46961053073522513
3921,0.3958,9,21,9,654989,21455,107250,19006,0.1699325180585477,0.469736289266207
3922,0.3959,12,21,12,655010,21434,107262,18994,0.169766189329616,0.4698228950232512
3923,0.396,17,13,17,655023,21421,107279,18977,0.16966322392599165,0.4697509777711768
3924,0.3961,10,19,10,655042,21402,107289,18967,0.16951273602838676,0.46984071936386834
3925,0.3962,7,14,7,655056,21388,107296,18960,0.16940185020909898,0.4699117676216913
3926,0.3963,16,17,16,655073,21371,107312,18944,0.16926720314282093,0.4698995411137294
3927,0.3964,18,21,18,655094,21350,107330,18926,0.16910087441388924,0.469907637302612
3928,0.3965,14,15,14,655109,21335,107344,18912,0.16898206817893804,0.4698983775188213
3929,0.3966,14,21,14,655130,21314,107358,18898,0.16881573945000633,0.4699592161543818
3930,0.3967,11,19,11,655149,21295,107369,18887,0.16866525155240147,0.47003633467721867
3931,0.3968,15,21,15,655170,21274,107384,18872,0.1684989228234698,0.4700841926966572
3932,0.3969,11,11,11,655181,21263,107395,18861,0.16841179825117222,0.47006778985146047
3933,0.397,18,15,18,655196,21248,107413,18843,0.168292992016221,0.4700057369484423
3934,0.3971,15,18,15,655214,21230,107428,18828,0.16815042453427956,0.47001847321383994
3935,0.3972,15,16,15,655230,21214,107443,18813,0.16802369788366495,0.4700077447722787
3936,0.3973,4,26,4,655256,21188,107447,18809,0.16781776707641616,0.470260269520214
3937,0.3974,9,12,9,655268,21176,107456,18800,0.1677227220884552,0.47028216930158095
3938,0.3975,13,13,13,655281,21163,107469,18787,0.1676197566848308,0.4702628285356696
3939,0.3976,14,21,14,655302,21142,107483,18773,0.16745342795589913,0.4703244394337968
3940,0.3977,14,16,14,655318,21126,107497,18759,0.16732670130528451,0.4703271906731854
3941,0.3978,8,27,8,655345,21099,107505,18751,0.1671128500823723,0.4705395232120452
3942,0.3979,16,22,16,655367,21077,107521,18735,0.1669386009377772,0.47058675776147896
3943,0.398,15,13,15,655380,21064,107536,18720,0.16683563553415284,0.47054092097325556
3944,0.3981,11,21,11,655401,21043,107547,18709,0.16666930680522113,0.4706429865164017
3945,0.3982,11,20,11,655421,21023,107558,18698,0.16651089849195286,0.4707333652224264
3946,0.3983,11,16,11,655437,21007,107569,18687,0.16638417184133825,0.4707764397641961
3947,0.3984,11,21,11,655458,20986,107580,18676,0.16621784311240653,0.4708789269325803
3948,0.3985,2,23,2,655481,20963,107582,18674,0.16603567355214802,0.4711254635820067
3949,0.3986,13,22,13,655503,20941,107595,18661,0.16586142440755292,0.47121357507196604
3950,0.3987,10,23,10,655526,20918,107605,18651,0.1656792548472944,0.47135383760014155
3951,0.3988,12,29,12,655555,20889,107617,18639,0.16544956279305537,0.4715391621129326
3952,0.3989,6,29,6,655584,20860,107623,18633,0.16521987073881636,0.4718051300230421
3953,0.399,6,21,6,655605,20839,107629,18627,0.16505354200988467,0.4719758779709117
3954,0.3991,14,19,14,655624,20820,107643,18613,0.16490305411227982,0.47201582430958844
3955,0.3992,14,20,14,655644,20800,107657,18599,0.16474464579901152,0.4720678189801772
3956,0.3993,13,20,13,655664,20780,107670,18586,0.16458623748574325,0.47213331301122796
3957,0.3994,16,18,16,655682,20762,107686,18570,0.1644436700038018,0.47213464863215704
3958,0.3995,13,21,13,655703,20741,107699,18557,0.1642773412748701,0.4722123263270395
3959,0.3996,14,15,14,655718,20726,107713,18543,0.1641585350399189,0.47220453793068323
3960,0.3997,15,18,15,655736,20708,107728,18528,0.16401596755797745,0.4722193903557957
3961,0.3998,10,22,10,655758,20686,107738,18518,0.16384171841338233,0.47234976022854813
3962,0.3999,16,27,16,655785,20659,107754,18502,0.16362786719047015,0.472459845254207
3963,0.4,10,17,10,655802,20642,107764,18492,0.16349322012419212,0.4725302805744366
3964,0.4001,11,27,11,655829,20615,107775,18481,0.16327936890127995,0.47270820544301206
3965,0.4002,11,22,11,655851,20593,107786,18470,0.16310511975668482,0.4728259478278678
3966,0.4003,11,17,11,655868,20576,107797,18459,0.1629704726904068,0.4728833098501345
3967,0.4004,8,19,8,655887,20557,107805,18451,0.16281998479280194,0.4730055373256768
3968,0.4005,9,13,9,655900,20544,107814,18442,0.16271701938917754,0.47304160467860257
3969,0.4006,12,15,12,655915,20529,107826,18430,0.16259821315422635,0.4730614235478323
3970,0.4007,10,29,10,655944,20500,107836,18420,0.16236852109998734,0.47327852004111
3971,0.4008,11,23,11,655967,20477,107847,18409,0.1621863515397288,0.47340945327367173
3972,0.4009,17,26,17,655993,20451,107864,18392,0.16198042073248003,0.47349586798136084
3973,0.401,11,16,11,656009,20435,107875,18381,0.16185369408186542,0.4735418384171476
3974,0.4011,8,13,8,656022,20422,107883,18373,0.16175072867824103,0.47359195772651114
3975,0.4012,12,18,12,656040,20404,107895,18361,0.1616081611962996,0.47364891009931637
3976,0.4013,18,21,18,656061,20383,107913,18343,0.16144183246736787,0.4736611062335382
3977,0.4014,12,12,12,656073,20371,107925,18331,0.16134678747940692,0.47364477287995455
3978,0.4015,17,18,17,656091,20353,107942,18314,0.16120421999746545,0.4736338479840691
3979,0.4016,13,21,13,656112,20332,107955,18301,0.16103789126853377,0.47371418217586003
3980,0.4017,11,17,11,656129,20315,107966,18290,0.16090324420225574,0.4737728273539697
3981,0.4018,18,12,18,656141,20303,107984,18272,0.16080819921429476,0.4736746597537265
3982,0.4019,17,19,17,656160,20284,108001,18255,0.1606577113166899,0.4736760165027634
3983,0.402,7,18,7,656178,20266,108008,18248,0.16051514383474844,0.4738017344342317
3984,0.4021,11,18,11,656196,20248,108019,18237,0.160372576352807,0.47387293750812004
3985,0.4022,8,14,8,656210,20234,108027,18229,0.16026169053351919,0.47393599043236356
3986,0.4023,14,12,14,656222,20222,108041,18215,0.16016664554555823,0.473892343315035
3987,0.4024,15,16,15,656238,20206,108056,18200,0.1600399188949436,0.4738842889131906
3988,0.4025,12,19,12,656257,20187,108068,18188,0.15988943099733874,0.4739543973941368
3989,0.4026,14,26,14,656283,20161,108082,18174,0.15968350019008998,0.4740837354897613
3990,0.4027,19,17,19,656300,20144,108101,18155,0.15954885312381195,0.47403326457609857
3991,0.4028,8,22,8,656322,20122,108109,18147,0.15937460397921682,0.4741958242964279
3992,0.4029,13,21,13,656343,20101,108122,18134,0.15920827525028514,0.4742774944422649
3993,0.403,9,9,9,656352,20092,108131,18125,0.1591369915093144,0.4742653792814716
3994,0.4031,7,19,7,656371,20073,108138,18118,0.15898650361170955,0.47440496452043673
3995,0.4032,9,21,9,656392,20052,108147,18109,0.15882017488277786,0.4745420717486439
3996,0.4033,9,21,9,656413,20031,108156,18100,0.15865384615384615,0.4746793947182083
3997,0.4034,17,18,17,656431,20013,108173,18083,0.1585112786719047,0.4746692566148677
3998,0.4035,11,20,11,656451,19993,108184,18072,0.15835287035863643,0.47476684618415865
3999,0.4036,15,22,15,656473,19971,108199,18057,0.1581786212140413,0.4748343325970338
4000,0.4037,13,20,13,656493,19951,108212,18044,0.15802021290077303,0.47490459270956703
4001,0.4038,14,17,14,656510,19934,108226,18030,0.157885565834495,0.47492361184279847
4002,0.4039,21,19,21,656529,19915,108247,18009,0.15773507793689012,0.474870794220019
4003,0.404,17,19,17,656548,19896,108264,17992,0.15758459003928527,0.4748733108108108
4004,0.4041,7,18,7,656566,19878,108271,17985,0.1574420225573438,0.4750019808256081
4005,0.4042,11,17,11,656583,19861,108282,17974,0.15730737549106577,0.4750627725650852
4006,0.4043,10,25,10,656608,19836,108292,17964,0.15710936509948042,0.47523809523809524
4007,0.4044,10,17,10,656625,19819,108302,17954,0.15697471803320237,0.4753130542980436
4008,0.4045,15,15,15,656640,19804,108317,17939,0.15685591179825117,0.47529343189465595
4009,0.4046,13,15,13,656655,19789,108330,17926,0.15673710556329995,0.4753016041362853
4010,0.4047,5,19,5,656674,19770,108335,17921,0.1565866176656951,0.4754715979942161
4011,0.4048,4,20,4,656694,19750,108339,17917,0.15642820935242682,0.47566835691719545
4012,0.4049,7,20,7,656714,19730,108346,17910,0.15626980103915852,0.47582359192348567
4013,0.405,7,20,7,656734,19710,108353,17903,0.15611139272589025,0.4759790497966129
4014,0.4051,4,14,4,656748,19696,108357,17899,0.15600050690660247,0.4761005452852773
4015,0.4052,13,20,13,656768,19676,108370,17886,0.15584209859333417,0.47617272775677544
4016,0.4053,9,14,9,656782,19662,108379,17877,0.1557312127740464,0.47622472628466395
4017,0.4054,7,19,7,656801,19643,108386,17870,0.1555807248764415,0.47636819235998185
4018,0.4055,7,15,7,656816,19628,108393,17863,0.1554619186414903,0.47646101731082124
4019,0.4056,13,8,13,656824,19620,108406,17850,0.155398555316183,0.4763811048839071
4020,0.4057,10,20,10,656844,19600,108416,17840,0.15524014700291472,0.47649572649572647
4021,0.4058,11,16,11,656860,19584,108427,17829,0.15511342035230008,0.4765455857589608
4022,0.4059,12,17,12,656877,19567,108439,17817,0.15497877328602205,0.47659426492617163
4023,0.406,13,29,13,656906,19538,108452,17804,0.15474908123178305,0.47678217556638636
4024,0.4061,12,17,12,656923,19521,108464,17792,0.154614434165505,0.4768311312411224
4025,0.4062,12,18,12,656941,19503,108476,17780,0.15447186668356355,0.4768929538931953
4026,0.4063,15,26,15,656967,19477,108491,17765,0.1542659358763148,0.4770151978948499
4027,0.4064,15,20,15,656987,19457,108506,17750,0.15410752756304652,0.47706076813502835
4028,0.4065,7,19,7,657006,19438,108513,17743,0.15395703966544164,0.4772060998897286
4029,0.4066,9,16,9,657022,19422,108522,17734,0.15383031301482702,0.4772849607062116
4030,0.4067,19,10,19,657032,19412,108541,17715,0.15375110885819288,0.47714601233603576
4031,0.4068,18,30,18,657062,19382,108559,17697,0.15351349638829045,0.47727824374983147
4032,0.4069,9,21,9,657083,19361,108568,17688,0.15334716765935877,0.4774217927609382
4033,0.407,10,15,10,657098,19346,108578,17678,0.15322836142440754,0.4774740708729473
4034,0.4071,11,15,11,657113,19331,108589,17667,0.15310955518945635,0.477512297962052
4035,0.4072,13,16,13,657129,19315,108602,17654,0.1529828285388417,0.47753523222159105
4036,0.4073,9,16,9,657145,19299,108611,17645,0.1528561018882271,0.4776147682979645
4037,0.4074,6,21,6,657166,19278,108617,17639,0.1526897731592954,0.477801554839234
4038,0.4075,14,25,14,657191,19253,108631,17625,0.15249176276771004,0.47792721948044903
4039,0.4076,8,14,8,657205,19239,108639,17617,0.15238087694842226,0.47799544171912306
4040,0.4077,12,20,12,657225,19219,108651,17605,0.15222246863515398,0.47808494460134693
4041,0.4078,16,12,16,657237,19207,108667,17589,0.152127423647193,0.47801391455593
4042,0.4079,10,17,10,657254,19190,108677,17579,0.15199277658091498,0.47809295874241886
4043,0.408,8,18,8,657272,19172,108685,17571,0.1518502090989735,0.4782135372724056
4044,0.4081,13,12,13,657284,19160,108698,17558,0.15175516411101256,0.4781850863336783
4045,0.4082,13,17,13,657301,19143,108711,17545,0.1516205170447345,0.4782217618839948
4046,0.4083,8,13,8,657314,19130,108719,17537,0.15151755164111014,0.4782774702048163
4047,0.4084,18,21,18,657335,19109,108737,17519,0.15135122291217842,0.47829529321830294
4048,0.4085,9,12,9,657347,19097,108746,17510,0.15125617792421747,0.47832381784904526
4049,0.4086,10,8,10,657355,19089,108756,17500,0.15119281459891015,0.4782858236081883
4050,0.4087,6,22,6,657377,19067,108762,17494,0.15101856545431505,0.4784880063455595
4051,0.4088,10,17,10,657394,19050,108772,17484,0.150883918388037,0.47856790934472
4052,0.4089,5,16,5,657410,19034,108777,17479,0.15075719173742239,0.47870621422507054
4053,0.409,8,18,8,657428,19016,108785,17471,0.15061462425548092,0.4788280757530079
4054,0.4091,9,16,9,657444,19000,108794,17462,0.1504878976048663,0.47890954966814764
4055,0.4092,11,17,11,657461,18983,108805,17451,0.15035325053858828,0.4789756820552231
4056,0.4093,12,18,12,657479,18965,108817,17439,0.1502106830566468,0.4790407647511262
4057,0.4094,21,18,21,657497,18947,108838,17418,0.15006811557470537,0.4789770383610615
4058,0.4095,16,25,16,657522,18922,108854,17402,0.14987010518312002,0.47907719414161437
4059,0.4096,7,14,7,657536,18908,108861,17395,0.1497592193638322,0.4791615018042586
4060,0.4097,13,19,13,657555,18889,108874,17382,0.14960873146622736,0.4792258277963111
4061,0.4098,12,14,12,657569,18875,108886,17370,0.14949784564693955,0.47923851565733205
4062,0.4099,13,13,13,657582,18862,108899,17357,0.14939488024331518,0.47922361191639745
4063,0.41,9,17,9,657599,18845,108908,17348,0.14926023317703713,0.47931920537120437
4064,0.4101,12,19,12,657618,18826,108920,17336,0.14910974527943227,0.4793982633703888
4065,0.4102,10,19,10,657637,18807,108930,17326,0.1489592573818274,0.4795062685080121
4066,0.4103,5,24,5,657661,18783,108935,17321,0.14876916740590546,0.4797529359627742
4067,0.4104,14,9,14,657670,18774,108949,17307,0.14869788366493475,0.47967074083312544
4068,0.4105,11,15,11,657685,18759,108960,17296,0.14857907742998352,0.47971155179586744
4069,0.4106,13,13,13,657698,18746,108973,17283,0.14847611202635913,0.47969691082183796
4070,0.4107,12,14,12,657712,18732,108985,17271,0.14836522620707135,0.47971002416465297
4071,0.4108,20,14,20,657726,18718,109005,17251,0.14825434038778354,0.47960743973977593
4072,0.4109,8,14,8,657740,18704,109013,17243,0.14814345456849576,0.47967841544496065
4073,0.411,5,26,5,657766,18678,109018,17238,0.147937523761247,0.47995322418977615
4074,0.4111,13,19,13,657785,18659,109031,17225,0.1477870358636421,0.48001894994983835
4075,0.4112,8,26,8,657811,18633,109039,17217,0.14758110505639335,0.4802510460251046
4076,0.4113,13,16,13,657827,18617,109052,17204,0.14745437840577874,0.4802769325256135
4077,0.4114,13,21,13,657848,18596,109065,17191,0.14728804967684703,0.48036996674770166
4078,0.4115,13,17,13,657865,18579,109078,17178,0.147153402610569,0.4804094303213357
4079,0.4116,9,14,9,657879,18565,109087,17169,0.14704251679128122,0.4804667823361504
4080,0.4117,6,15,6,657894,18550,109093,17163,0.14692371055633,0.4805813009268334
4081,0.4118,12,18,12,657912,18532,109105,17151,0.14678114307438855,0.4806490485665443
4082,0.4119,15,26,15,657938,18506,109120,17136,0.1465752122671398,0.4807811009483194
4083,0.412,12,15,12,657953,18491,109132,17124,0.14645640603218857,0.48080864804155554
4084,0.4121,12,14,12,657967,18477,109144,17112,0.14634552021290076,0.48082272612324034
4085,0.4122,14,23,14,657990,18454,109158,17098,0.14616335065264224,0.4809293429342934
4086,0.4123,10,16,10,658006,18438,109168,17088,0.14603662400202763,0.48099983110960987
4087,0.4124,10,19,10,658025,18419,109178,17078,0.14588613610442275,0.48111107980956136
4088,0.4125,7,17,7,658042,18402,109185,17071,0.14575148903814472,0.48123925238914106
4089,0.4126,17,23,17,658065,18379,109202,17054,0.1455693194778862,0.48130274038325854
4090,0.4127,15,18,15,658083,18361,109217,17039,0.14542675199594474,0.48132768361581924
4091,0.4128,10,14,10,658097,18347,109227,17029,0.14531586617665695,0.4813715513342379
4092,0.4129,9,15,9,658112,18332,109236,17020,0.14519705994170573,0.48144376555781854
4093,0.413,6,16,6,658128,18316,109242,17014,0.14507033329109112,0.48157373337107273
4094,0.4131,10,13,10,658141,18303,109252,17004,0.14496736788746672,0.48160421446172147
4095,0.4132,9,23,9,658164,18280,109261,16995,0.1447851983272082,0.4817859673990078
4096,0.4133,10,14,10,658178,18266,109271,16985,0.14467431250792043,0.4818303026864486
4097,0.4134,12,18,12,658196,18248,109283,16973,0.14453174502597896,0.48190000283921525
4098,0.4135,11,14,11,658210,18234,109294,16962,0.14442085920669118,0.48192976474599386
4099,0.4136,10,11,10,658221,18223,109304,16952,0.1443337346343936,0.4819331911869225
4100,0.4137,13,18,13,658239,18205,109317,16939,0.14419116715245217,0.4819883906214432
4101,0.4138,16,15,16,658254,18190,109333,16923,0.14407236091750095,0.4819582490815367
4102,0.4139,15,23,15,658277,18167,109348,16908,0.14389019135724243,0.4820527441197434
4103,0.414,16,20,16,658297,18147,109364,16892,0.14373178304397416,0.48209138388652645
4104,0.4141,9,19,9,658316,18128,109373,16883,0.14358129514636928,0.482219873753963
4105,0.4142,11,18,11,658334,18110,109384,16872,0.14343872766442783,0.48230518552398377
4106,0.4143,7,20,7,658354,18090,109391,16865,0.14328031935115954,0.4824774710341868
4107,0.4144,12,15,12,658369,18075,109403,16853,0.14316151311620834,0.4825068712780577
4108,0.4145,11,17,11,658386,18058,109414,16842,0.1430268660499303,0.4825787965616046
4109,0.4146,13,15,13,658401,18043,109427,16829,0.1429080598149791,0.4825934847442074
4110,0.4147,4,7,4,658408,18036,109431,16825,0.14285261690533518,0.48263102033791344
4111,0.4148,13,17,13,658425,18019,109444,16812,0.14271796983905716,0.48267348052022624
4112,0.4149,17,21,17,658446,17998,109461,16795,0.14255164111012547,0.4827120397781163
4113,0.415,17,20,17,658466,17978,109478,16778,0.14239323279685717,0.48273679364714006
4114,0.4151,7,15,7,658481,17963,109485,16771,0.14227442656190598,0.4828410203259055
4115,0.4152,10,17,10,658498,17946,109495,16761,0.14213977949562792,0.4829285158613536
4116,0.4153,17,14,17,658512,17932,109512,16744,0.14202889367634014,0.4828699965393932
4117,0.4154,13,25,13,658537,17907,109525,16731,0.1418308832847548,0.4830244240429586
4118,0.4155,18,21,18,658558,17886,109543,16713,0.14166455455582308,0.48304864302436484
4119,0.4156,16,14,16,658572,17872,109559,16697,0.1415536687365353,0.483005004483786
4120,0.4157,10,18,10,658590,17854,109569,16687,0.14141110125459383,0.48310703222257606
4121,0.4158,7,19,7,658609,17835,109576,16680,0.14126061335698897,0.48326814428509346
4122,0.4159,13,11,13,658620,17824,109589,16667,0.1411734887846914,0.4832275086254385
4123,0.416,11,14,11,658634,17810,109600,16656,0.14106260296540363,0.4832588638078106
4124,0.4161,18,16,18,658650,17794,109618,16638,0.140935876314789,0.48321328996282525
4125,0.4162,13,19,13,658669,17775,109631,16625,0.14078538841718413,0.48328488372093026
4126,0.4163,7,21,7,658690,17754,109638,16618,0.14061905968825245,0.48347492144769
4127,0.4164,12,22,12,658712,17732,109650,16606,0.14044481054365734,0.4836041703069486
4128,0.4165,14,15,14,658727,17717,109664,16592,0.14032600430870612,0.48360488501559357
4129,0.4166,7,17,7,658744,17700,109671,16585,0.1401913572424281,0.48373924456759515
4130,0.4167,14,13,14,658757,17687,109685,16571,0.1400883918388037,0.4837118337322669
4131,0.4168,12,15,12,658772,17672,109697,16559,0.1399695856038525,0.4837428062282726
4132,0.4169,5,19,5,658791,17653,109702,16554,0.13981909770624762,0.48393603648376066
4133,0.417,18,19,18,658810,17634,109720,16536,0.13966860980864276,0.4839332748024583
4134,0.4171,13,11,13,658821,17623,109733,16523,0.1395814852363452,0.48389269606981783
4135,0.4172,13,16,13,658837,17607,109746,16510,0.1394547585857306,0.4839229709528974
4136,0.4173,22,23,22,658860,17584,109768,16488,0.13927258902547204,0.4839164123033576
4137,0.4174,9,12,9,658872,17572,109777,16479,0.1391775440375111,0.4839505447710787
4138,0.4175,11,11,11,658883,17561,109788,16468,0.13909041946521353,0.4839401686796556
4139,0.4176,9,11,9,658894,17550,109797,16459,0.139003294892916,0.4839601282013585
4140,0.4177,13,20,13,658914,17530,109810,16446,0.1388448865796477,0.48404756298563695
4141,0.4178,9,17,9,658931,17513,109819,16437,0.13871023951336967,0.48415316642120765
4142,0.4179,14,13,14,658944,17500,109833,16423,0.13860727410974527,0.4841258143442502
4143,0.418,12,20,12,658964,17480,109845,16411,0.138448865796477,0.4842288513174589
4144,0.4181,10,19,10,658983,17461,109855,16401,0.13829837789887214,0.4843482369617861
4145,0.4182,9,13,9,658996,17448,109864,16392,0.13819541249524775,0.48439716312056735
4146,0.4183,8,12,8,659008,17436,109872,16384,0.13810036750728677,0.48444707273802484
4147,0.4184,14,16,14,659024,17420,109886,16370,0.13797364085667216,0.48446285883397455
4148,0.4185,10,16,10,659040,17404,109896,16360,0.13784691420605755,0.48453974647553605
4149,0.4186,16,16,16,659056,17388,109912,16344,0.1377201875554429,0.48452508004268946
4150,0.4187,8,14,8,659070,17374,109920,16336,0.13760930173615513,0.48460397508157815
4151,0.4188,9,26,9,659096,17348,109929,16327,0.13740337092890634,0.4848403860430586
4152,0.4189,15,5,15,659101,17343,109944,16312,0.1373637688505893,0.4846828108750557
4153,0.419,9,22,9,659123,17321,109953,16303,0.13718951970599416,0.4848620033309541
4154,0.4191,9,9,9,659132,17312,109962,16294,0.13711823596502346,0.484853895137773
4155,0.4192,10,16,10,659148,17296,109972,16284,0.13699150931440882,0.4849315068493151
4156,0.4193,13,10,13,659158,17286,109985,16271,0.13691230515777467,0.48487647882707036
4157,0.4194,6,19,6,659177,17267,109991,16265,0.1367618172601698,0.48505904807348205
4158,0.4195,12,19,12,659196,17248,110003,16253,0.13661132936256495,0.48514969702396943
4159,0.4196,8,27,8,659223,17221,110011,16245,0.13639747813965278,0.4854180362158609
4160,0.4197,10,24,10,659247,17197,110021,16235,0.13620738816373082,0.48561258674324
4161,0.4198,17,14,17,659261,17183,110038,16218,0.13609650234444304,0.4855543247208167
4162,0.4199,8,20,8,659281,17163,110046,16210,0.13593809403117477,0.4857219908309112
4163,0.42,13,20,13,659301,17143,110059,16197,0.13577968571790647,0.4858128374325135
4164,0.4201,10,19,10,659320,17124,110069,16187,0.1356291978203016,0.4859355768364804
4165,0.4202,12,12,12,659332,17112,110081,16175,0.13553415283234063,0.48592543635653557
4166,0.4203,10,15,10,659347,17097,110091,16165,0.13541534659738944,0.4859900186398894
4167,0.4204,7,14,7,659361,17083,110098,16158,0.13530446077810163,0.48608645949279505
4168,0.4205,10,22,10,659383,17061,110108,16148,0.13513021163350653,0.48625372639947
4169,0.4206,7,14,7,659397,17047,110115,16141,0.13501932581421874,0.4863504881282391
4170,0.4207,13,9,13,659406,17038,110128,16128,0.134948042073248,0.4862811312790207
4171,0.4208,11,15,11,659421,17023,110139,16117,0.13482923583829678,0.48633071816535905
4172,0.4209,11,21,11,659442,17002,110150,16106,0.1346629071093651,0.4864685272441706
4173,0.421,9,17,9,659459,16985,110159,16097,0.13452826004308707,0.48657880418354393
4174,0.4211,13,14,13,659473,16971,110172,16084,0.13441737422379926,0.4865829677809711
4175,0.4212,19,15,19,659488,16956,110191,16065,0.13429856798884807,0.48650858544562553
4176,0.4213,13,11,13,659499,16945,110204,16052,0.1342114434165505,0.4864684668303179
4177,0.4214,16,17,16,659516,16928,110220,16036,0.13407679635027248,0.48647008858148283
4178,0.4215,15,16,15,659532,16912,110235,16021,0.13395006969965784,0.48647253514711686
4179,0.4216,8,13,8,659545,16899,110243,16013,0.13384710429603344,0.4865398638794361
4180,0.4217,8,12,8,659557,16887,110251,16005,0.1337520593080725,0.48659248449471
4181,0.4218,8,15,8,659572,16872,110259,15997,0.13363325307312127,0.4866895859320332
4182,0.4219,5,13,5,659585,16859,110264,15992,0.1335302876694969,0.48680405467109067
4183,0.422,8,21,8,659606,16838,110272,15984,0.1333639589405652,0.48699043324599356
4184,0.4221,10,19,10,659625,16819,110282,15974,0.13321347104296033,0.4871161528374958
4185,0.4222,15,14,15,659639,16805,110297,15959,0.13310258522367255,0.48708948846294714
4186,0.4223,12,16,12,659655,16789,110309,15947,0.1329758585730579,0.4871395405669599
4187,0.4224,6,14,6,659669,16775,110315,15941,0.13286497275377013,0.48725394302481967
4188,0.4225,16,15,16,659684,16760,110331,15925,0.1327461665188189,0.48722655652439956
4189,0.4226,9,16,9,659700,16744,110340,15916,0.1326194398682043,0.48732394366197185
4190,0.4227,6,17,6,659717,16727,110346,15910,0.13248479280192624,0.4874835309617918
4191,0.4228,18,14,18,659731,16713,110364,15892,0.13237390698263846,0.487409906456065
4192,0.4229,10,17,10,659748,16696,110374,15882,0.1322392599163604,0.4875069065013199
4193,0.423,11,14,11,659762,16682,110385,15871,0.13212837409707262,0.4875433907781157
4194,0.4231,7,25,7,659787,16657,110392,15864,0.13193036370548727,0.4878078779865318
4195,0.4232,8,22,8,659809,16635,110400,15856,0.13175611456089215,0.4880120648795051
4196,0.4233,4,14,4,659823,16621,110404,15852,0.13164522874160436,0.48815939395805746
4197,0.4234,11,24,11,659847,16597,110415,15841,0.13145513876568243,0.48834700043159257
4198,0.4235,7,19,7,659866,16578,110422,15834,0.13130465086807755,0.48852276934468714
4199,0.4236,6,13,6,659879,16565,110428,15828,0.13120168546445318,0.4886240854505603
4200,0.4237,14,20,14,659899,16545,110442,15814,0.13104327715118488,0.48870484254766833
4201,0.4238,10,14,10,659913,16531,110452,15804,0.1309323913318971,0.488758311427246
4202,0.4239,14,10,14,659923,16521,110466,15790,0.13085318717526295,0.48868806288879946
4203,0.424,11,17,11,659940,16504,110477,15779,0.13071854010898493,0.4887711798779543
4204,0.4241,8,20,8,659960,16484,110485,15771,0.13056013179571663,0.48894745000775075
4205,0.4242,11,18,11,659978,16466,110496,15760,0.13041756431377519,0.48904611183516417
4206,0.4243,10,10,10,659988,16456,110506,15750,0.13033836015714104,0.48903930944544494
4207,0.4244,13,23,13,660011,16433,110519,15737,0.13015619059688252,0.4891824681380168
4208,0.4245,12,23,12,660034,16410,110531,15725,0.129974021036624,0.4893418391162284
4209,0.4246,11,21,11,660055,16389,110542,15714,0.12980769230769232,0.4894869638351556
4210,0.4247,5,19,5,660074,16370,110547,15709,0.12965720441008743,0.48969730976651393
4211,0.4248,10,23,10,660097,16347,110557,15699,0.12947503484982892,0.4898895337951694
4212,0.4249,7,12,7,660109,16335,110564,15692,0.12937998986186794,0.4899615949042995
4213,0.425,14,16,14,660125,16319,110578,15678,0.12925326321125333,0.48998343594712
4214,0.4251,11,20,11,660145,16299,110589,15667,0.12909485489798506,0.49011449665269347
4215,0.4252,10,6,10,660151,16293,110599,15657,0.12904733240400457,0.4900469483568075
4216,0.4253,12,10,12,660161,16283,110611,15645,0.12896812824737042,0.4900087697318968
4217,0.4254,6,13,6,660174,16270,110617,15639,0.12886516284374605,0.49011250744304113
4218,0.4255,11,24,11,660198,16246,110628,15628,0.1286750728678241,0.4903055782142185
4219,0.4256,8,19,8,660217,16227,110636,15620,0.12852458497021924,0.4904700599742519
4220,0.4257,14,15,14,660232,16212,110650,15606,0.12840577873526804,0.49047708844050536
4221,0.4258,10,14,10,660246,16198,110660,15596,0.12829489291598023,0.4905328049317481
4222,0.4259,8,10,8,660256,16188,110668,15588,0.12821568875934608,0.49055891238670696
4223,0.426,12,13,12,660269,16175,110680,15576,0.1281127233557217,0.49056722622909515
4224,0.4261,17,16,17,660285,16159,110697,15559,0.12798599670510707,0.4905416482754272
4225,0.4262,7,13,7,660298,16146,110704,15552,0.1278830313014827,0.4906303236797274
4226,0.4263,12,22,12,660320,16124,110716,15540,0.1277087821568876,0.49077817079332997
4227,0.4264,13,26,13,660346,16098,110729,15527,0.12750285134963882,0.49097233201581025
4228,0.4265,16,15,16,660361,16083,110745,15511,0.12738404511468762,0.49094764828764953
4229,0.4266,16,14,16,660375,16069,110761,15495,0.1272731592953998,0.4909073628184007
4230,0.4267,15,15,15,660390,16054,110776,15480,0.12715435306044862,0.4908987125007928
4231,0.4268,14,20,14,660410,16034,110790,15466,0.12699594474718034,0.49098412698412697
4232,0.4269,13,28,13,660438,16006,110803,15453,0.12677417310860473,0.4912107822880575
4233,0.427,18,16,18,660454,15990,110821,15435,0.12664744645799011,0.4911694510739857
4234,0.4271,8,9,8,660463,15981,110829,15427,0.12657616271701938,0.4911805909322466
4235,0.4272,10,13,10,660476,15968,110839,15417,0.126473197313395,0.49122192129998404
4236,0.4273,10,14,10,660490,15954,110849,15407,0.1263623114941072,0.49127897707343515
4237,0.4274,9,12,9,660502,15942,110858,15398,0.12626726650614625,0.49132099553286535
4238,0.4275,15,18,15,660520,15924,110873,15383,0.12612469902420478,0.49135975979812824
4239,0.4276,12,7,12,660527,15917,110885,15371,0.12606925611456088,0.49127461007414985
4240,0.4277,6,13,6,660540,15904,110891,15365,0.1259662907109365,0.4913812402059548
4241,0.4278,9,15,9,660555,15889,110900,15356,0.1258474844759853,0.49147063530164825
4242,0.4279,11,13,11,660568,15876,110911,15345,0.12574451907236092,0.4914961083885846
4243,0.428,13,13,13,660581,15863,110924,15332,0.12564155366873653,0.49148902067639044
4244,0.4281,11,16,11,660597,15847,110935,15321,0.12551482701812192,0.4915618583162218
4245,0.4282,13,11,13,660608,15836,110948,15308,0.12542770244582435,0.4915232468533265
4246,0.4283,8,18,8,660626,15818,110956,15300,0.1252851349638829,0.49167684298476766
4247,0.4284,9,11,9,660637,15807,110965,15291,0.12519801039158535,0.4917036465367548
4248,0.4285,11,21,11,660658,15786,110976,15280,0.12503168166265366,0.4918560484130561
4249,0.4286,16,16,16,660674,15770,110992,15264,0.12490495501203903,0.49184765096345945
4250,0.4287,8,27,8,660701,15743,111000,15256,0.12469110378912686,0.49214490790025484
4251,0.4288,6,15,6,660716,15728,111006,15250,0.12457229755417565,0.4922848473109949
4252,0.4289,4,9,4,660725,15719,111010,15246,0.12450101381320491,0.49236234458259326
4253,0.429,14,19,14,660744,15700,111024,15232,0.12435052591560006,0.49243501875080825
4254,0.4291,12,15,12,660759,15685,111036,15220,0.12423171968064885,0.49247694547807797
4255,0.4292,13,17,13,660776,15668,111049,15207,0.12409707261437081,0.4925344129554656
4256,0.4293,9,12,9,660788,15656,111058,15198,0.12400202762640983,0.49257794775393793
4257,0.4294,9,16,9,660804,15640,111067,15189,0.12387530097579522,0.49268545849686984
4258,0.4295,11,12,11,660816,15628,111078,15178,0.12378025598783424,0.492696228007531
4259,0.4296,8,17,8,660833,15611,111086,15170,0.1236456089215562,0.4928364900425587
4260,0.4297,13,21,13,660854,15590,111099,15157,0.12347928019262451,0.4929586626337529
4261,0.4298,10,18,10,660872,15572,111109,15147,0.12333671271068306,0.4930824571112341
4262,0.4299,6,12,6,660884,15560,111115,15141,0.12324166772272209,0.4931761180417576
4263,0.43,9,10,9,660894,15550,111124,15132,0.12316246356608795,0.4931881885144384
4264,0.4301,9,12,9,660906,15538,111133,15123,0.12306741857812697,0.4932324451257298
4265,0.4302,9,16,9,660922,15522,111142,15114,0.12294069192751235,0.49334116725421073
4266,0.4303,14,15,14,660937,15507,111156,15100,0.12282188569256114,0.493351194171268
4267,0.4304,12,19,12,660956,15488,111168,15088,0.12267139779495628,0.4934589220303506
4268,0.4305,14,18,14,660974,15470,111182,15074,0.12252883031301483,0.4935175484546883
4269,0.4306,15,17,15,660991,15453,111197,15059,0.12239418324673679,0.49354352385946515
4270,0.4307,15,9,15,661000,15444,111212,15044,0.12232289950576607,0.4934400419837313
4271,0.4308,5,18,5,661018,15426,111217,15039,0.12218033202382461,0.4936484490398818
4272,0.4309,9,13,9,661031,15413,111226,15030,0.12207736662020023,0.4937095555628552
4273,0.431,7,16,7,661047,15397,111233,15023,0.1219506399695856,0.49385272846811307
4274,0.4311,14,16,14,661063,15381,111247,15009,0.12182391331897098,0.4938795656465943
4275,0.4312,7,12,7,661075,15369,111254,15002,0.12172886833101002,0.493958052089164
4276,0.4313,14,19,14,661094,15350,111268,14988,0.12157838043340514,0.49403388489682903
4277,0.4314,5,16,5,661110,15334,111273,14983,0.12145165378279052,0.49421116865125175
4278,0.4315,7,17,7,661127,15317,111280,14976,0.12131700671651248,0.49437163701185094
4279,0.4316,10,13,10,661140,15304,111290,14966,0.1212140413128881,0.494416914436736
4280,0.4317,12,17,12,661157,15287,111302,14954,0.12107939424661006,0.4944942296881717
4281,0.4318,14,18,14,661175,15269,111316,14940,0.1209368267646686,0.49455460293290077
4282,0.4319,17,17,17,661192,15252,111333,14923,0.12080217969839058,0.4945484672742336
4283,0.432,15,25,15,661217,15227,111348,14908,0.12060416930680522,0.4947071511531442
4284,0.4321,11,16,11,661233,15211,111359,14897,0.12047744265619059,0.49478543908595723
4285,0.4322,12,11,12,661244,15200,111371,14885,0.12039031808389304,0.4947648329732425
4286,0.4323,9,17,9,661261,15183,111380,14876,0.120255671017615,0.49489337635982567
4287,0.4324,10,9,10,661270,15174,111390,14866,0.12018438727664428,0.4948735019973369
4288,0.4325,8,11,8,661281,15163,111398,14858,0.12009726270434673,0.49492022251090906
4289,0.4326,5,10,5,661291,15153,111403,14853,0.12001805854771258,0.49500099980004
4290,0.4327,12,21,12,661312,15132,111415,14841,0.1198517298187809,0.49514563106796117
4291,0.4328,9,17,9,661329,15115,111424,14832,0.11971708275250285,0.49527498580826124
4292,0.4329,11,13,11,661342,15102,111435,14821,0.11961411734887847,0.49530461517895935
4293,0.433,9,12,9,661354,15090,111444,14812,0.1195190723609175,0.49535148150625374
4294,0.4331,10,14,10,661368,15076,111454,14802,0.1194081865416297,0.49541468639132474
4295,0.4332,4,14,4,661382,15062,111458,14798,0.1192973007223419,0.4955793703951775
4296,0.4333,13,18,13,661400,15044,111471,14785,0.11915473324040046,0.49565858728083406
4297,0.4334,7,15,7,661415,15029,111478,14778,0.11903592700544925,0.4957895796289462
4298,0.4335,16,16,16,661431,15013,111494,14762,0.11890920035483463,0.49578505457598654
4299,0.4336,13,18,13,661449,14995,111507,14749,0.11876663287289317,0.49586471221086603
4300,0.4337,5,15,5,661464,14980,111512,14744,0.11864782663794196,0.49603014399138745
4301,0.4338,7,15,7,661479,14965,111519,14737,0.11852902040299075,0.4961618746212376
4302,0.4339,8,16,8,661495,14949,111527,14729,0.11840229375237613,0.49629355077835435
4303,0.434,14,17,14,661512,14932,111541,14715,0.11826764668609809,0.4963402705164098
4304,0.4341,11,17,11,661529,14915,111552,14704,0.11813299961982004,0.4964380971673588
4305,0.4342,18,16,18,661545,14899,111570,14686,0.11800627296920542,0.49640020280547575
4306,0.4343,8,9,8,661554,14890,111578,14678,0.1179349892282347,0.49641504329004327
4307,0.4344,11,15,11,661569,14875,111589,14667,0.11781618299328349,0.49647958838264167
4308,0.4345,12,11,12,661580,14864,111601,14655,0.11772905842098594,0.4964599071784275
4309,0.4346,8,19,8,661599,14845,111609,14647,0.11757857052338107,0.49664315746643156
4310,0.4347,10,11,10,661610,14834,111619,14637,0.11749144595108352,0.4966577313291032
4311,0.4348,14,20,14,661630,14814,111633,14623,0.11733303763781523,0.49675578353772465
4312,0.4349,13,12,13,661642,14802,111646,14610,0.11723799264985427,0.49673602611179113
4313,0.435,12,11,12,661653,14791,111658,14598,0.11715086807755672,0.4967164585389091
4314,0.4351,10,15,10,661668,14776,111668,14588,0.1170320618426055,0.4967988012532353
4315,0.4352,11,19,11,661687,14757,111679,14577,0.11688157394500064,0.4969318879116384
4316,0.4353,10,15,10,661702,14742,111689,14567,0.11676276771004943,0.4970145689037497
4317,0.4354,19,22,19,661724,14720,111708,14548,0.11658851856545431,0.4970616372830395
4318,0.4355,6,14,6,661738,14706,111714,14542,0.11647763274616652,0.49719638949671774
4319,0.4356,8,20,8,661758,14686,111722,14534,0.11631922443289824,0.4973990417522245
4320,0.4357,5,17,5,661775,14669,111727,14529,0.1161845773666202,0.49760257551887116
4321,0.4358,8,21,8,661796,14648,111735,14521,0.1160182486376885,0.4978230313003531
4322,0.4359,9,14,9,661810,14634,111744,14512,0.11590736281840071,0.4979070884512454
4323,0.436,8,12,8,661822,14622,111752,14504,0.11581231783043974,0.4979743184783355
4324,0.4361,5,12,5,661834,14610,111757,14499,0.11571727284247878,0.49809337318355146
4325,0.4362,14,11,14,661845,14599,111771,14485,0.11563014827018121,0.49804015953789027
4326,0.4363,8,8,8,661853,14591,111779,14477,0.11556678494487391,0.4980390807761112
4327,0.4364,8,15,8,661868,14576,111787,14469,0.1154479787099227,0.49815803064210706
4328,0.4365,7,16,7,661884,14560,111794,14462,0.11532125205930807,0.4983116256632899
4329,0.4366,8,14,8,661898,14546,111802,14454,0.11521036624002028,0.4984137931034483
4330,0.4367,18,16,18,661914,14530,111820,14436,0.11508363958940565,0.498377407995581
4331,0.4368,14,16,14,661930,14514,111834,14422,0.11495691293879103,0.498410284766381
4332,0.4369,8,10,8,661940,14504,111842,14414,0.11487770878215689,0.49844387578670724
4333,0.437,7,13,7,661953,14491,111849,14407,0.11477474337853251,0.4985466122222991
4334,0.4371,14,14,14,661967,14477,111863,14393,0.11466385755924471,0.49854520263249047
4335,0.4372,6,12,6,661979,14465,111869,14387,0.11456881257128373,0.4986482739498128
4336,0.4373,8,16,8,661995,14449,111877,14379,0.11444208592066912,0.49878590259469957
4337,0.4374,7,19,7,662014,14430,111884,14372,0.11429159802306425,0.4989931254773974
4338,0.4375,8,15,8,662029,14415,111892,14364,0.11417279178811304,0.49911393724590847
4339,0.4376,10,23,10,662052,14392,111902,14354,0.11399062222785451,0.49933903847491823
4340,0.4377,8,12,8,662064,14380,111910,14346,0.11389557723989355,0.4994082016291861
4341,0.4378,11,16,11,662080,14364,111921,14335,0.11376885058927892,0.4994947559148402
4342,0.4379,9,14,9,662094,14350,111930,14326,0.11365796476999113,0.49958153159436464
4343,0.438,10,15,10,662109,14335,111940,14316,0.11353915853503992,0.4996684234407176
4344,0.4381,5,21,5,662130,14314,111945,14311,0.11337282980610823,0.4999475982532751
4345,0.4382,7,14,7,662144,14300,111952,14304,0.11326194398682043,0.5000699202908684
4346,0.4383,7,13,7,662157,14287,111959,14297,0.11315897858319604,0.5001749230338651
4347,0.4384,12,10,12,662167,14277,111971,14285,0.1130797744265619,0.500140046215251
4348,0.4385,10,8,10,662175,14269,111981,14275,0.1130164111012546,0.500105100896861
4349,0.4386,13,13,13,662188,14256,111994,14262,0.1129134456976302,0.5001051967178624
4350,0.4387,11,10,11,662198,14246,112005,14251,0.11283424154099607,0.500087728532828
4351,0.4388,9,15,9,662213,14231,112014,14242,0.11271543530604486,0.5001931654549925
4352,0.4389,6,16,6,662229,14215,112020,14236,0.11258870865543023,0.5003690555692243
4353,0.439,14,13,14,662242,14202,112034,14222,0.11248574325180585,0.5003518153672952
4354,0.4391,7,16,7,662258,14186,112041,14215,0.11235901660119123,0.5005105454033308
4355,0.4392,9,16,9,662274,14170,112050,14206,0.1122322899505766,0.500634338877925
4356,0.4393,13,14,13,662288,14156,112063,14193,0.11212140413128881,0.5006525803379308
4357,0.4394,11,10,11,662298,14146,112074,14182,0.11204219997465467,0.5006354137249365
4358,0.4395,13,9,13,662307,14137,112087,14169,0.11197091623368394,0.5005652511834947
4359,0.4396,11,11,11,662318,14126,112098,14158,0.11188379166138639,0.5005656908499505
4360,0.4397,13,16,13,662334,14110,112111,14145,0.11175706501077176,0.500619359405415
4361,0.4398,11,15,11,662349,14095,112122,14134,0.11163825877582055,0.500690778986149
4362,0.4399,13,15,13,662364,14080,112135,14121,0.11151945254086934,0.5007269245771426
4363,0.44,7,14,7,662378,14066,112142,14114,0.11140856672158155,0.5008516678495387
4364,0.4401,15,11,15,662389,14055,112157,14099,0.111321442149284,0.5007814164949919
4365,0.4402,9,15,9,662404,14040,112166,14090,0.11120263591433278,0.5008887308922858
4366,0.4403,10,11,10,662415,14029,112176,14080,0.11111551134203523,0.500907182752855
4367,0.4404,8,10,8,662425,14019,112184,14072,0.11103630718540108,0.5009433626428393
4368,0.4405,13,10,13,662435,14009,112197,14059,0.11095710302876695,0.5008906940287873
4369,0.4406,8,13,8,662448,13996,112205,14051,0.11085413762514257,0.5009804970228545
4370,0.4407,10,13,10,662461,13983,112215,14041,0.11075117222151819,0.5010348272908935
4371,0.4408,10,14,10,662475,13969,112225,14031,0.11064028640223039,0.5011071428571429
4372,0.4409,4,7,4,662482,13962,112229,14027,0.11058484349258649,0.5011611704598236
4373,0.441,9,12,9,662494,13950,112238,14018,0.11048979850462552,0.5012156750572082
4374,0.4411,7,13,7,662507,13937,112245,14011,0.11038683310100114,0.5013238872191212
4375,0.4412,14,10,14,662517,13927,112259,13997,0.110307628944367,0.5012534020913909
4376,0.4413,13,17,13,662534,13910,112272,13984,0.11017298187808897,0.501326450132645
4377,0.4414,10,20,10,662554,13890,112282,13974,0.11001457356482068,0.5015073212747632
4378,0.4415,15,22,15,662576,13868,112297,13959,0.10984032442022558,0.501635102598196
4379,0.4416,13,8,13,662584,13860,112310,13946,0.10977696109491826,0.5015464288283105
4380,0.4417,12,11,12,662595,13849,112322,13934,0.10968983652262071,0.5015297124140662
4381,0.4418,12,16,12,662611,13833,112334,13922,0.10956310987200608,0.5016033147180688
4382,0.4419,9,14,9,662625,13819,112343,13913,0.10945222405271829,0.5016947930188952
4383,0.442,11,11,11,662636,13808,112354,13902,0.10936509948042074,0.5016961385781307
4384,0.4421,11,7,11,662643,13801,112365,13891,0.10930965657077683,0.5016250180557562
4385,0.4422,8,9,8,662652,13792,112373,13883,0.10923837282980611,0.5016440831074978
4386,0.4423,10,12,10,662664,13780,112383,13873,0.10914332784184513,0.501681553538495
4387,0.4424,3,9,3,662673,13771,112386,13870,0.10907204410087441,0.5017908179877718
4388,0.4425,12,12,12,662685,13759,112398,13858,0.10897699911291345,0.5017923742622298
4389,0.4426,16,13,16,662698,13746,112414,13842,0.10887403370928907,0.501739886907351
4390,0.4427,9,12,9,662710,13734,112423,13833,0.1087789887213281,0.5017956252040483
4391,0.4428,10,7,10,662717,13727,112433,13823,0.1087235458116842,0.5017422867513611
4392,0.4429,3,16,3,662733,13711,112436,13820,0.10859681916106957,0.5019795866477789
4393,0.443,7,18,7,662751,13693,112443,13813,0.10845425167912812,0.5021813422525995
4394,0.4431,9,8,9,662759,13685,112452,13804,0.10839088835382081,0.5021645021645021
4395,0.4432,14,11,14,662770,13674,112466,13790,0.10830376378152326,0.5021118555199534
4396,0.4433,9,15,9,662785,13659,112475,13781,0.10818495754657205,0.5022230320699709
4397,0.4434,14,18,14,662803,13641,112489,13767,0.1080423900646306,0.5022985989492119
4398,0.4435,12,15,12,662818,13626,112501,13755,0.10792358382967938,0.5023556480771337
4399,0.4436,9,7,9,662825,13619,112510,13746,0.10786814092003548,0.5023204823679883
4400,0.4437,7,20,7,662845,13599,112517,13739,0.10770973260676721,0.5025605384446558
4401,0.4438,8,12,8,662857,13587,112525,13731,0.10761468761880623,0.5026356248627278
4402,0.4439,9,16,9,662873,13571,112534,13722,0.10748796096819162,0.5027662770673799
4403,0.444,7,16,7,662889,13555,112541,13715,0.10736123431757699,0.5029336266960029
4404,0.4441,10,15,10,662904,13540,112551,13705,0.10724242808262578,0.5030280785465223
4405,0.4442,10,11,10,662915,13529,112561,13695,0.10715530351032822,0.5030487804878049
4406,0.4443,8,10,8,662925,13519,112569,13687,0.10707609935369408,0.5030875542159817
4407,0.4444,12,17,12,662942,13502,112581,13675,0.10694145228741604,0.5031828384295544
4408,0.4445,10,12,10,662954,13490,112591,13665,0.10684640729945508,0.5032222426809059
4409,0.4446,5,7,5,662961,13483,112596,13660,0.10679096438981117,0.5032605091552149
4410,0.4447,4,9,4,662970,13474,112600,13656,0.10671968064884045,0.5033542204201991
4411,0.4448,8,14,8,662984,13460,112608,13648,0.10660879482955266,0.5034676110373322
4412,0.4449,12,15,12,662999,13445,112620,13636,0.10648998859460145,0.5035264576640449
4413,0.445,6,14,6,663013,13431,112626,13630,0.10637910277531365,0.5036768781641476
4414,0.4451,12,15,12,663028,13416,112638,13618,0.10626029654036244,0.5037360361026855
4415,0.4452,5,14,5,663042,13402,112643,13613,0.10614941072107464,0.5039052378308347
4416,0.4453,9,14,9,663056,13388,112652,13604,0.10603852490178685,0.5040011855364552
4417,0.4454,10,12,10,663068,13376,112662,13594,0.10594347991382588,0.5040415276232851
4418,0.4455,9,12,9,663080,13364,112671,13585,0.1058484349258649,0.5041003376748674
4419,0.4456,14,14,14,663094,13350,112685,13571,0.10573754910657711,0.5041046023550388
4420,0.4457,11,9,11,663103,13341,112696,13560,0.10566626536560639,0.5040704806512769
4421,0.4458,8,19,8,663122,13322,112704,13552,0.10551577746800152,0.5042792289945672
4422,0.4459,12,17,12,663139,13305,112716,13540,0.10538113040172348,0.5043769789532502
4423,0.446,8,8,8,663147,13297,112724,13532,0.10531776707641617,0.5043795892504379
4424,0.4461,11,16,11,663163,13281,112735,13521,0.10519104042580155,0.5044772778150884
4425,0.4462,11,12,11,663175,13269,112746,13510,0.10509599543784058,0.5044997946151836
4426,0.4463,8,11,8,663186,13258,112754,13502,0.10500887086554303,0.504559043348281
4427,0.4464,11,10,11,663196,13248,112765,13491,0.10492966670890888,0.5045439246045103
4428,0.4465,10,14,10,663210,13234,112775,13481,0.10481878088962109,0.5046228710462287
4429,0.4466,10,11,10,663221,13223,112785,13471,0.10473165631732353,0.5046452386304038
4430,0.4467,12,15,12,663236,13208,112797,13459,0.10461285008237232,0.5047061911726104
4431,0.4468,4,19,4,663255,13189,112801,13455,0.10446236218476745,0.5049917429815343
4432,0.4469,11,21,11,663276,13168,112812,13444,0.10429603345583577,0.5051856305426123
4433,0.447,8,9,8,663285,13159,112820,13436,0.10422474971486503,0.5052077458168829
4434,0.4471,9,15,9,663300,13144,112829,13427,0.10410594347991382,0.5053253547100222
4435,0.4472,9,14,9,663314,13130,112838,13418,0.10399505766062603,0.5054241374114811
4436,0.4473,12,16,12,663330,13114,112850,13406,0.1038683310100114,0.5055052790346908
4437,0.4474,10,11,10,663341,13103,112860,13396,0.10378120643771385,0.5055285105098306
4438,0.4475,11,8,11,663349,13095,112871,13385,0.10371784311240653,0.50547583081571
4439,0.4476,6,9,6,663358,13086,112877,13379,0.10364655937143581,0.5055356130738712
4440,0.4477,13,11,13,663369,13075,112890,13366,0.10355943479913826,0.5055028175938883
4441,0.4478,10,12,10,663381,13063,112900,13356,0.1034643898111773,0.5055452515235247
4442,0.4479,12,14,12,663395,13049,112912,13344,0.1033535039918895,0.5055886030386845
4443,0.448,19,17,19,663412,13032,112931,13325,0.10321885692561146,0.5055582957089199
4444,0.4481,9,15,9,663427,13017,112940,13316,0.10310005069066025,0.5056772870542665
4445,0.4482,10,23,10,663450,12994,112950,13306,0.10291788113040172,0.5059315589353612
4446,0.4483,8,17,8,663467,12977,112958,13298,0.10278323406412368,0.5061084681255946
4447,0.4484,8,16,8,663483,12961,112966,13290,0.10265650741350905,0.5062664279456021
4448,0.4485,9,9,9,663492,12952,112975,13281,0.10258522367253833,0.5062707277093736
4449,0.4486,7,14,7,663506,12938,112982,13274,0.10247433785325054,0.5064092781931939
4450,0.4487,12,9,12,663515,12929,112994,13262,0.10240305411227982,0.5063571455843611
4451,0.4488,11,18,11,663533,12911,113005,13251,0.10226048663033836,0.5064979741609968
4452,0.4489,12,11,12,663544,12900,113017,13239,0.10217336205804081,0.506484563296224
4453,0.449,9,20,9,663564,12880,113026,13230,0.10201495374477253,0.5067024128686327
4454,0.4491,11,9,11,663573,12871,113037,13219,0.1019436700038018,0.5066692219241089
4455,0.4492,12,14,12,663587,12857,113049,13207,0.101832784184514,0.5067142418661755
4456,0.4493,15,9,15,663596,12848,113064,13192,0.10176150044354328,0.506605222734255
4457,0.4494,7,16,7,663612,12832,113071,13185,0.10163477379292865,0.5067840258292655
4458,0.4495,9,9,9,663621,12823,113080,13176,0.10156349005195793,0.5067887226431785
4459,0.4496,11,12,11,663633,12811,113091,13165,0.10146844506399696,0.5068139821373575
4460,0.4497,6,16,6,663649,12795,113097,13159,0.10134171841338234,0.507012406565462
4461,0.4498,13,14,13,663663,12781,113110,13146,0.10123083259409454,0.5070389940988159
4462,0.4499,8,9,8,663672,12772,113118,13138,0.10115954885312381,0.5070629100733307
4463,0.45,10,15,10,663687,12757,113128,13128,0.1010407426181726,0.5071663125362179
4464,0.4501,12,15,12,663702,12742,113140,13116,0.10092193638322139,0.50723180447057
4465,0.4502,15,19,15,663721,12723,113155,13101,0.10077144848561652,0.5073187732342007
4466,0.4503,16,10,16,663731,12713,113171,13085,0.10069224432898238,0.5072098612295527
4467,0.4504,10,16,10,663747,12697,113181,13075,0.10056551767836776,0.5073335402762689
4468,0.4505,8,11,8,663758,12686,113189,13067,0.10047839310607021,0.5073971964431329
4469,0.4506,18,8,18,663766,12678,113207,13049,0.10041502978076289,0.507210323784351
4470,0.4507,6,8,6,663774,12670,113213,13043,0.10035166645545558,0.5072531404347995
4471,0.4508,4,13,4,663787,12657,113217,13039,0.1002487010518312,0.5074330635118306
4472,0.4509,9,15,9,663802,12642,113226,13030,0.10012989481687999,0.5075568712994702
4473,0.451,5,8,5,663810,12634,113231,13025,0.10006653149157267,0.5076191589695623
4474,0.4511,8,13,8,663823,12621,113239,13017,0.09996356608794829,0.5077229113035339
4475,0.4512,11,15,11,663838,12606,113250,13006,0.09984475985299708,0.5078088396064345
4476,0.4513,8,13,8,663851,12593,113258,12998,0.0997417944493727,0.5079129381423156
4477,0.4514,11,11,11,663862,12582,113269,12987,0.09965466987707515,0.5079197465681098
4478,0.4515,12,13,12,663875,12569,113281,12975,0.09955170447345077,0.5079470717193861
4479,0.4516,8,15,8,663890,12554,113289,12967,0.09943289823849956,0.5080913757297911
4480,0.4517,11,7,11,663897,12547,113300,12956,0.09937745532885565,0.5080186644708465
4481,0.4518,12,13,12,663910,12534,113312,12944,0.09927448992523127,0.5080461574691891
4482,0.4519,16,11,16,663921,12523,113328,12928,0.09918736535293372,0.5079564653648186
4483,0.452,8,8,8,663929,12515,113336,12920,0.0991240020276264,0.5079614704147828
4484,0.4521,14,15,14,663944,12500,113350,12906,0.0990051957926752,0.5079902385263324
4485,0.4522,10,7,10,663951,12493,113360,12896,0.0989497528830313,0.5079365079365079
4486,0.4523,13,11,13,663962,12482,113373,12883,0.09886262831073375,0.5079045929430317
4487,0.4524,13,14,13,663976,12468,113386,12870,0.09875174249144596,0.5079327492304049
4488,0.4525,11,14,11,663990,12454,113397,12859,0.09864085667215816,0.5079998419784301
4489,0.4526,14,16,14,664006,12438,113411,12845,0.09851413002154354,0.5080488866036467
4490,0.4527,16,6,16,664012,12432,113427,12829,0.09846660752756305,0.5078579628676616
4491,0.4528,8,13,8,664025,12419,113435,12821,0.09836364212393867,0.5079635499207606
4492,0.4529,10,12,10,664037,12407,113445,12811,0.0982685971359777,0.5080101514791022
4493,0.453,9,12,9,664049,12395,113454,12802,0.09817355214801672,0.5080763582966226
4494,0.4531,12,21,12,664070,12374,113466,12790,0.09800722341908503,0.5082657765061198
4495,0.4532,10,18,10,664088,12356,113476,12780,0.09786465593714358,0.5084341183959261
4496,0.4533,8,12,8,664100,12344,113484,12772,0.09776961094918261,0.5085204650422042
4497,0.4534,13,13,13,664113,12331,113497,12759,0.09766664554555823,0.5085292945396572
4498,0.4535,9,7,9,664120,12324,113506,12750,0.09761120263591433,0.5084948552285236
4499,0.4536,8,9,8,664129,12315,113514,12742,0.09753991889494361,0.5085205730933472
4500,0.4537,11,8,11,664137,12307,113525,12731,0.09747655556963629,0.508467129962457
4501,0.4538,13,19,13,664156,12288,113538,12718,0.09732606767203143,0.5085979364952411
4502,0.4539,10,6,10,664162,12282,113548,12708,0.09727854517805094,0.5085234093637455
4503,0.454,7,12,7,664174,12270,113555,12701,0.09718350019008998,0.5086300108125426
4504,0.4541,11,11,11,664185,12259,113566,12690,0.09709637561779243,0.5086376207463225
4505,0.4542,10,3,10,664188,12256,113576,12680,0.09707261437080218,0.5085017645171639
4506,0.4543,7,16,7,664204,12240,113583,12673,0.09694588772018756,0.5086902420423073
4507,0.4544,8,12,8,664216,12228,113591,12665,0.09685084273222659,0.5087775679910015
4508,0.4545,9,17,9,664233,12211,113600,12656,0.09671619566594855,0.5089476012385893
4509,0.4546,11,13,11,664246,12198,113611,12645,0.09661323026232417,0.508996498007487
4510,0.4547,13,14,13,664260,12184,113624,12632,0.09650234444303638,0.5090264345583495
4511,0.4548,8,16,8,664276,12168,113632,12624,0.09637561779242175,0.5091965150048403
4512,0.4549,9,14,9,664290,12154,113641,12615,0.09626473197313395,0.5093059873228633
4513,0.455,7,10,7,664300,12144,113648,12608,0.0961855278164998,0.5093729799612152
4514,0.4551,7,17,7,664317,12127,113655,12601,0.09605088075022176,0.5095842769330314
4515,0.4552,8,8,8,664325,12119,113663,12593,0.09598751742491446,0.5095904823567498
4516,0.4553,11,6,11,664331,12113,113674,12582,0.09593999493093397,0.509495849362219
4517,0.4554,14,4,14,664335,12109,113688,12568,0.09590831326828032,0.5093001580419013
4518,0.4555,13,12,13,664347,12097,113701,12555,0.09581326828031936,0.509289307155606
4519,0.4556,9,15,9,664362,12082,113710,12546,0.09569446204536815,0.509420172161767
4520,0.4557,10,17,10,664379,12065,113720,12536,0.09555981497909011,0.5095727815942441
4521,0.4558,12,9,12,664388,12056,113732,12524,0.09548853123811937,0.509519934906428
4522,0.4559,12,9,12,664397,12047,113744,12512,0.09541724749714865,0.5094669978419317
4523,0.456,4,15,4,664412,12032,113748,12508,0.09529844126219744,0.5096984515077425
4524,0.4561,9,13,9,664425,12019,113757,12499,0.09519547585857306,0.5097887266498083
4525,0.4562,14,12,14,664437,12007,113771,12485,0.0951004308706121,0.5097582884207088
4526,0.4563,10,13,10,664450,11994,113781,12475,0.0949974654669877,0.5098287629245167
4527,0.4564,13,10,13,664460,11984,113794,12462,0.09491826131035357,0.5097766505767815
4528,0.4565,7,9,7,664469,11975,113801,12455,0.09484697756938285,0.5098239869013508
4529,0.4566,13,13,13,664482,11962,113814,12442,0.09474401216575846,0.5098344533683002
4530,0.4567,10,16,10,664498,11946,113824,12432,0.09461728551514384,0.5099680039379768
4531,0.4568,13,12,13,664510,11934,113837,12419,0.09452224052718286,0.5099577054161705
4532,0.4569,3,11,3,664521,11923,113840,12416,0.09443511595488531,0.5101277784625499
4533,0.457,8,11,8,664532,11912,113848,12408,0.09434799138258776,0.5101973684210527
4534,0.4571,15,15,15,664547,11897,113863,12393,0.09422918514763655,0.5102099629477151
4535,0.4572,8,12,8,664559,11885,113871,12385,0.09413414015967558,0.5103007828594973
4536,0.4573,12,11,12,664570,11874,113883,12373,0.09404701558737802,0.5102899327751886
4537,0.4574,10,11,10,664581,11863,113893,12363,0.09395989101508047,0.5103194914554611
4538,0.4575,9,12,9,664593,11851,113902,12354,0.0938648460271195,0.5103904152034704
4539,0.4576,13,8,13,664601,11843,113915,12341,0.0938014827018122,0.5102960635130664
4540,0.4577,12,20,12,664621,11823,113927,12329,0.09364307438854391,0.5104753229546207
4541,0.4578,5,16,5,664637,11807,113932,12324,0.09351634773792929,0.5107123616924288
4542,0.4579,13,5,13,664642,11802,113945,12311,0.09347674565961221,0.5105544726910795
4543,0.458,9,8,9,664650,11794,113954,12302,0.0934133823343049,0.5105411686586986
4544,0.4581,10,16,10,664666,11778,113964,12292,0.09328665568369028,0.5106771915247196
4545,0.4582,13,11,13,664677,11767,113977,12279,0.09319953111139273,0.5106462613324462
4546,0.4583,9,9,9,664686,11758,113986,12270,0.093128247370422,0.5106542367238222
4547,0.4584,8,10,8,664696,11748,113994,12262,0.09304904321378786,0.5107038733860891
4548,0.4585,3,17,3,664713,11731,113997,12259,0.09291439614750982,0.5110045852438516
4549,0.4586,12,9,12,664722,11722,114009,12247,0.0928431124065391,0.5109516458759231
4550,0.4587,10,9,10,664731,11713,114019,12237,0.09277182866556836,0.5109394572025052
4551,0.4588,9,20,9,664751,11693,114028,12228,0.0926134203523001,0.5111826428661009
4552,0.4589,14,13,14,664764,11680,114042,12214,0.09251045494867571,0.5111743533941575
4553,0.459,13,8,13,664772,11672,114055,12201,0.0924470916233684,0.5110794621538977
4554,0.4591,13,7,13,664779,11665,114068,12188,0.0923916487137245,0.5109629815956064
4555,0.4592,7,10,7,664789,11655,114075,12181,0.09231244455709035,0.5110337304916932
4556,0.4593,9,5,9,664794,11650,114084,12172,0.09227284247877329,0.5109562589203257
4557,0.4594,8,13,8,664807,11637,114092,12164,0.0921698770751489,0.511070963404899
4558,0.4595,10,14,10,664821,11623,114102,12154,0.0920589912558611,0.511166253101737
4559,0.4596,16,11,16,664832,11612,114118,12138,0.09197186668356355,0.5110736842105263
4560,0.4597,5,18,5,664850,11594,114123,12133,0.0918292992016221,0.5113583681038479
4561,0.4598,9,12,9,664862,11582,114132,12124,0.09173425421366113,0.5114317050535729
4562,0.4599,8,11,8,664873,11571,114140,12116,0.09164712964136358,0.5115042006163718
4563,0.46,13,7,13,664880,11564,114153,12103,0.09159168673171968,0.5113871635610766
4564,0.4601,14,10,14,664890,11554,114167,12089,0.09151248257508554,0.5113141310324409
4565,0.4602,6,14,6,664904,11540,114173,12083,0.09140159675579775,0.51149303644753
4566,0.4603,9,14,9,664918,11526,114182,12074,0.09129071093650995,0.5116101694915254
4567,0.4604,5,15,5,664933,11511,114187,12069,0.09117190470155874,0.5118320610687023
4568,0.4605,7,15,7,664948,11496,114194,12062,0.09105309846660753,0.5120129043212497
4569,0.4606,8,10,8,664958,11486,114202,12054,0.0909738943099734,0.5120645709430757
4570,0.4607,11,9,11,664967,11477,114213,12043,0.09090261056900266,0.51203231292517
4571,0.4608,22,13,22,664980,11464,114235,12021,0.09079964516537828,0.5118586331701086
4572,0.4609,10,10,10,664990,11454,114245,12011,0.09072044100874414,0.5118687406776049
4573,0.461,11,10,11,665000,11444,114256,12000,0.09064123685211,0.5118580447022693
4574,0.4611,12,14,12,665014,11430,114268,11988,0.0905303510328222,0.5119139123750961
4575,0.4612,14,12,14,665026,11418,114282,11974,0.09043530604486123,0.5118844049247606
4576,0.4613,5,15,5,665041,11403,114287,11969,0.09031649980991002,0.5121085059045011
4577,0.4614,10,6,10,665047,11397,114297,11959,0.09026897731592955,0.5120311697208426
4578,0.4615,11,14,11,665061,11383,114308,11948,0.09015809149664174,0.5121083536925121
4579,0.4616,5,8,5,665069,11375,114313,11943,0.09009472817133443,0.5121794321983018
4580,0.4617,7,9,7,665078,11366,114320,11936,0.09002344443036371,0.5122307098103167
4581,0.4618,7,9,7,665087,11357,114327,11929,0.08995216068939298,0.5122820578888603
4582,0.4619,10,8,10,665095,11349,114337,11919,0.08988879736408567,0.5122485817431666
4583,0.462,7,7,7,665102,11342,114344,11912,0.08983335445444177,0.5122559559645652
4584,0.4621,8,16,8,665118,11326,114352,11904,0.08970662780382714,0.5124408092983211
4585,0.4622,11,11,11,665129,11315,114363,11893,0.08961950323152959,0.5124526025508446
4586,0.4623,7,12,7,665141,11303,114370,11886,0.08952445824356862,0.512570615377981
4587,0.4624,21,13,21,665154,11290,114391,11865,0.08942149283994424,0.5124163247678687
4588,0.4625,14,12,14,665166,11278,114405,11851,0.08932644785198328,0.5123870465649185
4589,0.4626,13,20,13,665186,11258,114418,11838,0.089168039538715,0.5125562868029095
4590,0.4627,10,14,10,665200,11244,114428,11828,0.0890571537194272,0.5126560332871013
4591,0.4628,5,8,5,665208,11236,114433,11823,0.08899379039411988,0.512728218916692
4592,0.4629,8,15,8,665223,11221,114441,11815,0.08887498415916867,0.5128928633443306
4593,0.463,7,9,7,665232,11212,114448,11808,0.08880370041819795,0.5129452649869679
4594,0.4631,12,11,12,665243,11201,114460,11796,0.0887165758459004,0.5129364699743445
4595,0.4632,13,18,13,665261,11183,114473,11783,0.08857400836395894,0.513062788469912
4596,0.4633,21,10,21,665271,11173,114494,11762,0.0884948042073248,0.5128406365816438
4597,0.4634,8,12,8,665283,11161,114502,11754,0.08839975921936383,0.5129391228452979
4598,0.4635,12,9,12,665292,11152,114514,11742,0.0883284754783931,0.512885472176116
4599,0.4636,11,11,11,665303,11141,114525,11731,0.08824135090609556,0.5128978663868485
4600,0.4637,7,11,7,665314,11130,114532,11724,0.08815422633379799,0.5129955368863218
4601,0.4638,8,12,8,665326,11118,114540,11716,0.08805918134583703,0.5130945081895419
4602,0.4639,3,9,3,665335,11109,114543,11713,0.0879878976048663,0.5132328454999562
4603,0.464,9,10,9,665345,11099,114552,11704,0.08790869344823217,0.513265798359865
4604,0.4641,15,11,15,665356,11088,114567,11689,0.0878215688759346,0.5131931334240681
4605,0.4642,9,14,9,665370,11074,114576,11680,0.08771068305664681,0.5133163399841786
4606,0.4643,10,14,10,665384,11060,114586,11670,0.08759979723735901,0.5134183897932248
4607,0.4644,8,16,8,665400,11044,114594,11662,0.08747307058674439,0.5136087377785608
4608,0.4645,14,16,14,665416,11028,114608,11648,0.08734634393612976,0.5136708414182396
4609,0.4646,6,11,6,665427,11017,114614,11642,0.08725921936383221,0.5137914294540801
4610,0.4647,13,7,13,665434,11010,114627,11629,0.08720377645418832,0.5136710985467556
4611,0.4648,13,10,13,665444,11000,114640,11616,0.08712457229755417,0.5136186770428015
4612,0.4649,7,8,7,665452,10992,114647,11609,0.08706120897224687,0.5136498385027212
4613,0.465,8,10,8,665462,10982,114655,11601,0.08698200481561272,0.5137049993357835
4614,0.4651,9,12,9,665474,10970,114664,11592,0.08688695982765175,0.5137842389859055
4615,0.4652,9,12,9,665486,10958,114673,11583,0.08679191483969079,0.513863626280999
4616,0.4653,16,9,16,665495,10949,114689,11567,0.08672063109872007,0.5137235743471309
4617,0.4654,7,8,7,665503,10941,114696,11560,0.08665726777341275,0.5137549442247011
4618,0.4655,9,15,9,665518,10926,114705,11551,0.08653846153846154,0.5139031009476354
4619,0.4656,10,11,10,665529,10915,114715,11541,0.08645133696616399,0.5139383683648023
4620,0.4657,12,15,12,665544,10900,114727,11529,0.08633253073121278,0.514022025056846
4621,0.4658,4,12,4,665556,10888,114731,11525,0.08623748574325181,0.5142105028331772
4622,0.4659,10,11,10,665567,10877,114741,11515,0.08615036117095425,0.5142461593426224
4623,0.466,9,16,9,665583,10861,114750,11506,0.08602363452033963,0.5144185630616533
4624,0.4661,4,10,4,665593,10851,114754,11502,0.08594443036370548,0.5145618037847269
4625,0.4662,4,17,4,665610,10834,114758,11498,0.08580978329742744,0.5148665591975641
4626,0.4663,13,15,13,665625,10819,114771,11485,0.08569097706247623,0.5149300573888091
4627,0.4664,13,10,13,665635,10809,114784,11472,0.0856117729058421,0.5148781473003905
4628,0.4665,5,9,5,665644,10800,114789,11467,0.08554048916487138,0.514977320698792
4629,0.4666,12,9,12,665653,10791,114801,11455,0.08546920542390064,0.5149240312865234
4630,0.4667,11,9,11,665662,10782,114812,11444,0.08539792168292992,0.5148924682803924
4631,0.4668,11,10,11,665672,10772,114823,11433,0.08531871752629577,0.5148840351272236
4632,0.4669,12,11,12,665683,10761,114835,11421,0.08523159295399822,0.5148769272383014
4633,0.467,15,12,15,665695,10749,114850,11406,0.08513654796603726,0.5148273527420447
4634,0.4671,11,10,11,665705,10739,114861,11395,0.08505734380940312,0.5148188307581097
4635,0.4672,10,13,10,665718,10726,114871,11385,0.08495437840577874,0.5149020849351001
4636,0.4673,9,8,9,665726,10718,114880,11376,0.08489101508047142,0.5148909206119309
4637,0.4674,12,11,12,665737,10707,114892,11364,0.08480389050817387,0.5148837841511485
4638,0.4675,10,7,10,665744,10700,114902,11354,0.08474844759852997,0.5148272422236329
4639,0.4676,14,13,14,665757,10687,114916,11340,0.08464548219490559,0.5148227175738866
4640,0.4677,7,15,7,665772,10672,114923,11333,0.08452667595995438,0.5150193137923199
4641,0.4678,7,10,7,665782,10662,114930,11326,0.08444747180332024,0.5150991449881753
4642,0.4679,11,9,11,665791,10653,114941,11315,0.0843761880623495,0.5150673707210488
4643,0.468,9,10,9,665801,10643,114950,11306,0.08429698390571537,0.5151031937673698
4644,0.4681,8,13,8,665814,10630,114958,11298,0.08419401850209099,0.5152316672747173
4645,0.4682,12,6,12,665820,10624,114970,11286,0.0841464960081105,0.5151072569602921
4646,0.4683,5,15,5,665835,10609,114975,11281,0.08402768977315929,0.515349474645957
4647,0.4684,12,13,12,665848,10596,114987,11269,0.08392472436953491,0.515389892522296
4648,0.4685,15,12,15,665860,10584,115002,11254,0.08382967938157394,0.515340232622035
4649,0.4686,12,13,12,665873,10571,115014,11242,0.08372671397794956,0.5153807362581947
4650,0.4687,5,6,5,665879,10565,115019,11237,0.08367919148396907,0.5154114301440235
4651,0.4688,5,15,5,665894,10550,115024,11232,0.08356038524901786,0.5156551280874117
4652,0.4689,4,13,4,665907,10537,115028,11228,0.08345741984539348,0.5158741098093269
4653,0.469,8,17,8,665924,10520,115036,11220,0.08332277277911544,0.516099356025759
4654,0.4691,15,16,15,665940,10504,115051,11205,0.08319604612850082,0.5161453774932055
4655,0.4692,6,13,6,665953,10491,115057,11199,0.08309308072487644,0.5163208852005533
4656,0.4693,13,11,13,665964,10480,115070,11186,0.08300595615257889,0.516292809009508
4657,0.4694,16,9,16,665973,10471,115086,11170,0.08293467241160817,0.5161499006515411
4658,0.4695,8,12,8,665985,10459,115094,11162,0.0828396274236472,0.516257342398594
4659,0.4696,11,10,11,665995,10449,115105,11151,0.08276042326701305,0.51625
4660,0.4697,14,7,14,666002,10442,115119,11137,0.08270498035736916,0.5161036192594652
4661,0.4698,3,14,3,666016,10428,115122,11134,0.08259409453808136,0.5163713941192839
4662,0.4699,12,10,12,666026,10418,115134,11122,0.08251489038144721,0.5163416898792943
4663,0.47,11,15,11,666041,10403,115145,11111,0.082396084146496,0.5164544017848842
4664,0.4701,6,10,6,666051,10393,115151,11105,0.08231687998986187,0.5165596799702298
4665,0.4702,7,7,7,666058,10386,115158,11098,0.08226143708021796,0.516570471048222
4666,0.4703,13,10,13,666068,10376,115171,11085,0.08218223292358383,0.5165183355854807
4667,0.4704,9,10,9,666078,10366,115180,11076,0.08210302876694969,0.5165562913907285
4668,0.4705,11,13,11,666091,10353,115191,11065,0.08200006336332531,0.5166215332897562
4669,0.4706,8,12,8,666103,10341,115199,11057,0.08190501837536433,0.5167305355640714
4670,0.4707,7,7,7,666110,10334,115206,11050,0.08184957546572044,0.5167414889637112
4671,0.4708,7,19,7,666129,10315,115213,11043,0.08169908756811557,0.5170427942691264
4672,0.4709,11,12,11,666141,10303,115224,11032,0.0816040425801546,0.5170846027654089
4673,0.471,15,4,15,666145,10299,115239,11017,0.08157236091750095,0.5168418089697879
4674,0.4711,15,13,15,666158,10286,115254,11002,0.08146939551387657,0.5168169860954528
4675,0.4712,8,6,8,666164,10280,115262,10994,0.08142187301989609,0.5167810472877691
4676,0.4713,13,8,13,666172,10272,115275,10981,0.08135850969458877,0.5166799981179128
4677,0.4714,6,7,6,666179,10265,115281,10975,0.08130306678494488,0.516713747645951
4678,0.4715,9,9,9,666188,10256,115290,10966,0.08123178304397415,0.5167279238526058
4679,0.4716,5,9,5,666197,10247,115295,10961,0.08116049930300342,0.5168332704639759
4680,0.4717,13,5,13,666202,10242,115308,10948,0.08112089722468635,0.516658801321378
4681,0.4718,9,11,9,666213,10231,115317,10939,0.0810337726523888,0.5167217760982522
4682,0.4719,5,14,5,666227,10217,115322,10934,0.080922886833101,0.516949553212614
4683,0.472,14,13,14,666240,10204,115336,10920,0.08081992142947662,0.5169475478129142
4684,0.4721,8,15,8,666255,10189,115344,10912,0.08070111519452541,0.5171318894839108
4685,0.4722,7,10,7,666265,10179,115351,10905,0.08062191103789126,0.5172168468981218
4686,0.4723,9,9,9,666274,10170,115360,10896,0.08055062729692054,0.517231557960695
4687,0.4724,6,14,6,666288,10156,115366,10890,0.08043974147763275,0.5174379929677848
4688,0.4725,13,8,13,666296,10148,115379,10877,0.08037637815232543,0.5173365041617123
4689,0.4726,10,11,10,666307,10137,115389,10867,0.08028925358002788,0.5173776423538373
4690,0.4727,7,12,7,666319,10125,115396,10860,0.08019420859206691,0.5175125089349535
4691,0.4728,4,14,4,666333,10111,115400,10856,0.08008332277277912,0.5177660132589307
4692,0.4729,9,11,9,666344,10100,115409,10847,0.07999619820048157,0.5178307156156012
4693,0.473,10,10,10,666354,10090,115419,10837,0.07991699404384742,0.5178477564868352
4694,0.4731,8,9,8,666363,10081,115427,10829,0.0798457103028767,0.5178861788617887
4695,0.4732,10,16,10,666379,10065,115437,10819,0.07971898365226207,0.518052097299368
4696,0.4733,9,11,9,666390,10054,115446,10810,0.07963185907996452,0.5181173312883436
4697,0.4734,7,15,7,666405,10039,115453,10803,0.07951305284501331,0.5183283753958353
4698,0.4735,7,8,7,666413,10031,115460,10796,0.07944968951970599,0.5183655831372738
4699,0.4736,10,19,10,666432,10012,115470,10786,0.07929920162210113,0.5186075584190788
4700,0.4737,13,6,13,666438,10006,115483,10773,0.07925167912812064,0.5184561335964195
4701,0.4738,7,13,7,666451,9993,115490,10766,0.07914871372449626,0.5186184305602389
4702,0.4739,5,12,5,666463,9981,115495,10761,0.0790536687365353,0.5188024298524733
4703,0.474,5,8,5,666471,9973,115500,10756,0.07899030541122798,0.5188865840127358
4704,0.4741,9,7,9,666478,9966,115509,10747,0.07893486250158409,0.5188528943175783
4705,0.4742,4,11,4,666489,9955,115513,10743,0.07884773792928652,0.5190356556189004
4706,0.4743,11,11,11,666500,9944,115524,10732,0.07876061335698897,0.5190559102340878
4707,0.4744,7,10,7,666510,9934,115531,10725,0.07868140920035484,0.5191441986543395
4708,0.4745,8,11,8,666521,9923,115539,10717,0.07859428462805729,0.519234496124031
4709,0.4746,6,13,6,666534,9910,115545,10711,0.07849131922443289,0.5194219484991028
4710,0.4747,9,8,9,666542,9902,115554,10702,0.07842795589912559,0.51941370607649
4711,0.4748,10,7,10,666549,9895,115564,10692,0.07837251298948168,0.5193568756982562
4712,0.4749,6,9,6,666558,9886,115570,10686,0.07830122924851096,0.5194439043359906
4713,0.475,4,10,4,666568,9876,115574,10682,0.07822202509187683,0.5196030742290106
4714,0.4751,13,8,13,666576,9868,115587,10669,0.0781586617665695,0.5195013877392024
4715,0.4752,7,8,7,666584,9860,115594,10662,0.0780952984412622,0.5195400058473832
4716,0.4753,11,15,11,666599,9845,115605,10651,0.07797649220631099,0.5196623731459797
4717,0.4754,14,13,14,666612,9832,115619,10637,0.07787352680268661,0.5196638819678538
4718,0.4755,16,7,16,666619,9825,115635,10621,0.0778180838930427,0.5194659102024846
4719,0.4756,11,12,11,666631,9813,115646,10610,0.07772303890508174,0.519512314547324
4720,0.4757,9,12,9,666643,9801,115655,10601,0.07762799391712077,0.5196059209881384
4721,0.4758,6,11,6,666654,9790,115661,10595,0.07754086934482321,0.5197449104733873
4722,0.4759,3,12,3,666666,9778,115664,10592,0.07744582435686224,0.5199803632793324
4723,0.476,10,14,10,666680,9764,115674,10582,0.07733493853757445,0.5201022313968348
4724,0.4761,7,12,7,666692,9752,115681,10575,0.07723989354961348,0.520244010429478
4725,0.4762,12,12,12,666704,9740,115693,10563,0.07714484856165252,0.520267940698419
4726,0.4763,7,13,7,666717,9727,115700,10556,0.07704188315802814,0.5204358329635655
4727,0.4764,11,17,11,666734,9710,115711,10545,0.0769072360917501,0.5206121945198716
4728,0.4765,8,7,8,666741,9703,115719,10537,0.07685179318210619,0.520602766798419
4729,0.4766,6,8,6,666749,9695,115725,10531,0.07678842985679889,0.520666468901414
4730,0.4767,8,11,8,666760,9684,115733,10523,0.07670130528450134,0.5207601326273074
4731,0.4768,5,18,5,666778,9666,115738,10518,0.07655873780255988,0.5211058263971462
4732,0.4769,13,13,13,666791,9653,115751,10505,0.0764557723989355,0.5211330489135827
4733,0.477,8,12,8,666803,9641,115759,10497,0.07636072741097452,0.5212533518720827
4734,0.4771,10,13,10,666816,9628,115769,10487,0.07625776200735014,0.5213522247079294
4735,0.4772,15,7,15,666823,9621,115784,10472,0.07620231909770625,0.5211765291395013
4736,0.4773,10,8,10,666831,9613,115794,10462,0.07613895577239893,0.5211457036114571
4737,0.4774,16,8,16,666839,9605,115810,10446,0.07607559244709163,0.5209715226173258
4738,0.4775,10,10,10,666849,9595,115820,10436,0.07599638829045749,0.5209924616843892
4739,0.4776,8,8,8,666857,9587,115828,10428,0.07593302496515017,0.5210092430676992
4740,0.4777,6,11,6,666868,9576,115834,10422,0.07584590039285262,0.5211521152115212
4741,0.4778,12,10,12,666878,9566,115846,10410,0.07576669623621847,0.5211253504205046
4742,0.4779,10,6,10,666884,9560,115856,10400,0.075719173742238,0.5210420841683366
4743,0.478,6,11,6,666895,9549,115862,10394,0.07563204916994044,0.5211853783282354
4744,0.4781,4,7,4,666902,9542,115866,10390,0.07557660626029654,0.5212723259080875
4745,0.4782,6,8,6,666910,9534,115872,10384,0.07551324293498923,0.5213374836831007
4746,0.4783,5,10,5,666920,9524,115877,10379,0.07543403877835508,0.5214791739938702
4747,0.4784,9,4,9,666924,9520,115886,10370,0.07540235711570144,0.5213675213675214
4748,0.4785,3,7,3,666931,9513,115889,10367,0.07534691420605753,0.5214788732394366
4749,0.4786,8,12,8,666943,9501,115897,10359,0.07525186921809657,0.5216012084592145
4750,0.4787,9,7,9,666950,9494,115906,10350,0.07519642630845266,0.5215682322112477
4751,0.4788,8,10,8,666960,9484,115914,10342,0.07511722215181853,0.5216382527993544
4752,0.4789,8,6,8,666966,9478,115922,10334,0.07506969965783804,0.5216030688471633
4753,0.479,8,15,8,666981,9463,115930,10326,0.07495089342288683,0.5218050432058214
4754,0.4791,11,6,11,666987,9457,115941,10315,0.07490337092890635,0.5216973497875784
4755,0.4792,6,11,6,666998,9446,115947,10309,0.0748162463566088,0.5218425715008859
4756,0.4793,5,6,5,667004,9440,115952,10304,0.07476872386262831,0.5218800648298217
4757,0.4794,10,10,10,667014,9430,115962,10294,0.07468951970599418,0.5219022510646928
4758,0.4795,9,10,9,667024,9420,115971,10285,0.07461031554936003,0.5219487439736108
4759,0.4796,11,14,11,667038,9406,115982,10274,0.07449942973007223,0.5220528455284553
4760,0.4797,11,17,11,667055,9389,115993,10263,0.07436478266379419,0.5222369224506411
4761,0.4798,9,7,9,667062,9382,116002,10254,0.0743093397541503,0.5222041148910165
4762,0.4799,6,15,6,667077,9367,116008,10248,0.07419053351919909,0.5224573030843742
4763,0.48,7,7,7,667084,9360,116015,10241,0.07413509060955518,0.5224733431967756
4764,0.4801,13,7,13,667091,9353,116028,10228,0.0740796476999113,0.5223430876870435
4765,0.4802,8,8,8,667099,9345,116036,10220,0.07401628437460397,0.5223613595706619
4766,0.4803,8,9,8,667108,9336,116044,10212,0.07394500063363325,0.5224063842848373
4767,0.4804,7,15,7,667123,9321,116051,10205,0.07382619439868204,0.5226364846870839
4768,0.4805,10,13,10,667136,9308,116061,10195,0.07372322899505766,0.52274009126801
4769,0.4806,4,12,4,667148,9296,116065,10191,0.0736281840070967,0.5229640273002515
4770,0.4807,8,13,8,667161,9283,116073,10183,0.07352521860347232,0.5231172300421247
4771,0.4808,10,10,10,667171,9273,116083,10173,0.07344601444683817,0.5231410058623881
4772,0.4809,12,10,12,667181,9263,116095,10161,0.07336681029020403,0.5231157331136738
4773,0.481,15,8,15,667189,9255,116110,10146,0.07330344696489671,0.5229627338796969
4774,0.4811,4,11,4,667200,9244,116114,10142,0.07321632239259916,0.5231610440524089
4775,0.4812,6,4,6,667204,9240,116120,10136,0.0731846407299455,0.523121387283237
4776,0.4813,8,7,8,667211,9233,116128,10128,0.07312919782030161,0.5231134755436186
4777,0.4814,9,6,9,667217,9227,116137,10119,0.07308167532632112,0.5230538612633102
4778,0.4815,8,12,8,667229,9215,116145,10111,0.07298663033836016,0.5231812066645969
4779,0.4816,7,14,7,667243,9201,116152,10104,0.07287574451907236,0.5233877233877234
4780,0.4817,8,9,8,667252,9192,116160,10096,0.07280446077810164,0.5234342596433015
4781,0.4818,6,7,6,667259,9185,116166,10090,0.07274901786845774,0.5234760051880675
4782,0.4819,8,10,8,667269,9175,116174,10082,0.0726698137118236,0.5235498779664538
4783,0.482,8,6,8,667275,9169,116182,10074,0.07262229121784311,0.5235150444317415
4784,0.4821,8,5,8,667280,9164,116190,10066,0.07258268913952604,0.5234529381175247
4785,0.4822,8,7,8,667287,9157,116198,10058,0.07252724622988214,0.5234452250845694
4786,0.4823,4,6,4,667293,9151,116202,10054,0.07247972373590165,0.5235095027336631
4787,0.4824,6,14,6,667307,9137,116208,10048,0.07236883791661386,0.5237425071670576
4788,0.4825,4,8,4,667315,9129,116212,10044,0.07230547459130655,0.5238616804881865
4789,0.4826,15,12,15,667327,9117,116227,10029,0.07221042960334559,0.5238169852710749
4790,0.4827,8,6,8,667333,9111,116235,10021,0.0721629071093651,0.5237821450972193
4791,0.4828,11,9,11,667342,9102,116246,10010,0.07209162336839438,0.5237547090832985
4792,0.4829,5,12,5,667354,9090,116251,10005,0.0719965783804334,0.5239591516103692
4793,0.483,5,9,5,667363,9081,116256,10000,0.07192529463946268,0.524081547088727
4794,0.4831,11,12,11,667375,9069,116267,9989,0.07183024965150171,0.5241368454192465
4795,0.4832,4,6,4,667381,9063,116271,9985,0.07178272715752122,0.5242020159596809
4796,0.4833,9,10,9,667391,9053,116280,9976,0.07170352300088709,0.524252456776499
4797,0.4834,11,7,11,667398,9046,116291,9965,0.07164808009124318,0.524170217242649
4798,0.4835,11,12,11,667410,9034,116302,9954,0.07155303510328222,0.5242258268380029
4799,0.4836,7,8,7,667418,9026,116309,9947,0.07148967177797491,0.5242713329468192
4800,0.4837,9,10,9,667428,9016,116318,9938,0.07141046762134076,0.5243220428405614
4801,0.4838,11,8,11,667436,9008,116329,9927,0.07134710429603346,0.5242672299973594
4802,0.4839,8,9,8,667445,8999,116337,9919,0.07127582055506274,0.5243154667512422
4803,0.484,9,6,9,667451,8993,116346,9910,0.07122829806108225,0.5242554091943078
4804,0.4841,7,14,7,667465,8979,116353,9903,0.07111741224179445,0.5244677470606928
4805,0.4842,9,10,9,667475,8969,116362,9894,0.07103820808516031,0.524518899432752
4806,0.4843,10,9,10,667484,8960,116372,9884,0.07096692434418958,0.524517087667162
4807,0.4844,6,14,6,667498,8946,116378,9878,0.07085603852490178,0.5247556311092223
4808,0.4845,12,6,12,667504,8940,116390,9866,0.07080851603092131,0.5246198021907902
4809,0.4846,15,7,15,667511,8933,116405,9851,0.0707530731212774,0.5244356899488927
4810,0.4847,11,7,11,667518,8926,116416,9840,0.0706976302116335,0.5243525524885431
4811,0.4848,8,5,8,667523,8921,116424,9832,0.07065802813331644,0.5242894470218098
4812,0.4849,11,13,11,667536,8908,116435,9821,0.07055506272969206,0.5243739655080357
4813,0.485,4,14,4,667550,8894,116439,9817,0.07044417691040426,0.5246646357757468
4814,0.4851,8,14,8,667564,8880,116447,9809,0.07033329109111647,0.5248541923056343
4815,0.4852,11,11,11,667575,8869,116458,9798,0.0702461665188189,0.524883484223496
4816,0.4853,9,11,9,667586,8858,116467,9789,0.07015904194652135,0.5249638011476377
4817,0.4854,10,14,10,667600,8844,116477,9779,0.07004815612723356,0.5251033668044891
4818,0.4855,13,6,13,667606,8838,116490,9766,0.07000063363325307,0.5249408729305526
4819,0.4856,10,6,10,667612,8832,116500,9756,0.06995311113927259,0.5248547449967721
4820,0.4857,7,10,7,667622,8822,116507,9749,0.06987390698263844,0.5249582682677293
4821,0.4858,5,8,5,667630,8814,116512,9744,0.06981054365733114,0.5250565793727773
4822,0.4859,10,11,10,667641,8803,116522,9734,0.06972341908503359,0.525111938285591
4823,0.486,8,11,8,667652,8792,116530,9726,0.06963629451273602,0.5252187061237714
4824,0.4861,10,7,10,667659,8785,116540,9716,0.06958085160309213,0.5251608021188043
4825,0.4862,6,10,6,667669,8775,116546,9710,0.069501647446458,0.5252907763051122
4826,0.4863,7,12,7,667681,8763,116553,9703,0.06940660245849702,0.525452182389256
4827,0.4864,3,12,3,667693,8751,116556,9700,0.06931155747053605,0.5257167633190613
4828,0.4865,9,17,9,667710,8734,116565,9691,0.06917691040425801,0.5259701492537313
4829,0.4866,8,6,8,667716,8728,116573,9683,0.06912938791027753,0.5259355819890283
4830,0.4867,5,8,5,667724,8720,116578,9678,0.06906602458497021,0.5260354386346342
4831,0.4868,8,12,8,667736,8708,116586,9670,0.06897097959700925,0.5261725976711286
4832,0.4869,8,7,8,667743,8701,116594,9662,0.06891553668736536,0.5261667483526656
4833,0.487,5,10,5,667753,8691,116599,9657,0.06883633253073121,0.526324395029431
4834,0.4871,11,10,11,667763,8681,116610,9646,0.06875712837409707,0.5263272766955858
4835,0.4872,11,12,11,667775,8669,116621,9635,0.06866208338613611,0.5263876748251748
4836,0.4873,7,12,7,667787,8657,116628,9628,0.06856703839817514,0.5265518184304074
4837,0.4874,13,11,13,667798,8646,116641,9615,0.06847991382587758,0.5265319533431904
4838,0.4875,16,18,16,667816,8628,116657,9599,0.06833734634393612,0.5266363087726998
4839,0.4876,6,11,6,667827,8617,116663,9593,0.06825022177163857,0.5267984623833059
4840,0.4877,6,10,6,667837,8607,116669,9587,0.06817101761500444,0.5269319555897549
4841,0.4878,7,6,7,667843,8601,116676,9580,0.06812349512102395,0.5269237115670206
4842,0.4879,2,8,2,667851,8593,116678,9578,0.06806013179571664,0.5271036266578615
4843,0.488,9,7,9,667858,8586,116687,9569,0.06800468888607274,0.5270724318369595
4844,0.4881,6,4,6,667862,8582,116693,9563,0.06797300722341909,0.5270322402865804
4845,0.4882,2,5,2,667867,8577,116695,9561,0.06793340514510202,0.5271253721468739
4846,0.4883,7,9,7,667876,8568,116702,9554,0.0678621214041313,0.5272045028142589
4847,0.4884,4,14,4,667890,8554,116706,9550,0.06775123558484349,0.527507733097658
4848,0.4885,9,12,9,667902,8542,116715,9541,0.06765619059688252,0.5276226289885528
4849,0.4886,7,7,7,667909,8535,116722,9534,0.06760074768723863,0.5276440312136809
4850,0.4887,7,8,7,667917,8527,116729,9527,0.06753738436193131,0.5276946936966878
4851,0.4888,5,8,5,667925,8519,116734,9522,0.067474021036624,0.5277977939138628
4852,0.4889,9,6,9,667931,8513,116743,9513,0.06742649854264351,0.5277377121934983
4853,0.489,6,10,6,667941,8503,116749,9507,0.06734729438600938,0.5278734036646308
4854,0.4891,8,9,8,667950,8494,116757,9499,0.06727601064503864,0.5279275273717556
4855,0.4892,7,12,7,667962,8482,116764,9492,0.06718096565707768,0.5280961388672527
4856,0.4893,7,14,7,667976,8468,116771,9485,0.06707007983778988,0.5283239569988303
4857,0.4894,12,8,12,667984,8460,116783,9473,0.06700671651248258,0.5282440194055652
4858,0.4895,5,6,5,667990,8454,116788,9468,0.06695919401850209,0.5282892534315367
4859,0.4896,9,10,9,668000,8444,116797,9459,0.06687998986186795,0.5283472043791543
4860,0.4897,11,8,11,668008,8436,116808,9448,0.06681662653656063,0.528293446656229
4861,0.4898,8,10,8,668018,8426,116816,9440,0.0667374223799265,0.5283779245494234
4862,0.4899,10,13,10,668031,8413,116826,9430,0.06663445697630212,0.5284985708681276
4863,0.49,9,8,9,668039,8405,116835,9421,0.0665710936509948,0.5284976999887804
4864,0.4901,8,11,8,668050,8394,116843,9413,0.06648396907869725,0.528612343460437
4865,0.4902,4,5,4,668055,8389,116847,9409,0.06644436700038019,0.5286549050455107
4866,0.4903,2,10,2,668065,8379,116849,9407,0.06636516284374604,0.5288991341504554
4867,0.4904,11,10,11,668075,8369,116860,9396,0.0662859586871119,0.5289051505769772
4868,0.4905,10,11,10,668086,8358,116870,9386,0.06619883411481435,0.5289675383228133
4869,0.4906,4,10,4,668096,8348,116874,9382,0.0661196299581802,0.5291596164692611
4870,0.4907,7,7,7,668103,8341,116881,9375,0.06606418704853631,0.5291826597426056
4871,0.4908,3,7,3,668110,8334,116884,9372,0.0660087441388924,0.529312097594036
4872,0.4909,6,7,6,668117,8327,116890,9366,0.06595330122924851,0.5293618945345617
4873,0.491,4,10,4,668127,8317,116894,9362,0.06587409707261437,0.5295548390746083
4874,0.4911,10,8,10,668135,8309,116904,9352,0.06581073374730706,0.5295283392786365
4875,0.4912,7,12,7,668147,8297,116911,9345,0.0657156887593461,0.5297018478630541
4876,0.4913,2,12,2,668159,8285,116913,9343,0.06562064377138513,0.5300090764692534
4877,0.4914,12,4,12,668163,8281,116925,9331,0.06558896210873147,0.5298092209856916
4878,0.4915,10,2,10,668165,8279,116935,9321,0.06557312127740464,0.5296022727272728
4879,0.4916,9,5,9,668170,8274,116944,9312,0.06553351919908756,0.5295121119071989
4880,0.4917,13,14,13,668184,8260,116957,9299,0.06542263337979977,0.5295859673102112
4881,0.4918,14,7,14,668191,8253,116971,9285,0.06536719047015588,0.5294218268901814
4882,0.4919,12,9,12,668200,8244,116983,9273,0.06529590672918514,0.5293714677170749
4883,0.492,10,10,10,668210,8234,116993,9263,0.06521670257255101,0.5294050408641482
4884,0.4921,10,7,10,668217,8227,117003,9253,0.0651612596629071,0.5293478260869565
4885,0.4922,7,9,7,668226,8218,117010,9246,0.06508997592193638,0.5294319743472286
4886,0.4923,8,15,8,668241,8203,117018,9238,0.06497116968698517,0.5296714637922137
4887,0.4924,4,2,4,668243,8201,117022,9234,0.06495532885565834,0.5296243188987668
4888,0.4925,8,10,8,668253,8191,117030,9226,0.0648761246990242,0.5297123500028708
4889,0.4926,6,14,6,668267,8177,117036,9220,0.06476523887973641,0.5299764327182848
4890,0.4927,11,12,11,668279,8165,117047,9209,0.06467019389177545,0.5300448946701969
4891,0.4928,8,4,8,668283,8161,117055,9201,0.06463851222912179,0.5299504665361133
4892,0.4929,11,15,11,668298,8146,117066,9190,0.06451970599417058,0.5301107521919705
4893,0.493,11,12,11,668310,8134,117077,9179,0.06442466100620961,0.5301796338011898
4894,0.4931,6,12,6,668322,8122,117083,9173,0.06432961601824863,0.530384504191963
4895,0.4932,6,8,6,668330,8114,117089,9167,0.06426625269294133,0.5304669868641861
4896,0.4933,10,10,10,668340,8104,117099,9157,0.06418704853630719,0.5305022883958056
4897,0.4934,7,8,7,668348,8096,117106,9150,0.06412368521099987,0.5305578105067842
4898,0.4935,6,6,6,668354,8090,117112,9144,0.0640761627170194,0.5305790878495996
4899,0.4936,14,7,14,668361,8083,117126,9130,0.06402071980737549,0.5304130598965898
4900,0.4937,15,8,15,668369,8075,117141,9115,0.06395735648206818,0.5302501454333916
4901,0.4938,12,9,12,668378,8066,117153,9103,0.06388607274109745,0.5301997786708603
4902,0.4939,8,7,8,668385,8059,117161,9095,0.06383062983145356,0.5301970385915822
4903,0.494,10,6,10,668391,8053,117171,9085,0.06378310733747307,0.5301085307503792
4904,0.4941,6,11,6,668402,8042,117177,9079,0.06369598276517552,0.5302844460019859
4905,0.4942,4,19,4,668421,8023,117181,9075,0.06354549486757065,0.5307638320271377
4906,0.4943,6,10,6,668431,8013,117187,9069,0.06346629071093651,0.5309097295398665
4907,0.4944,5,11,5,668442,8002,117192,9064,0.06337916613863896,0.5311144966600257
4908,0.4945,4,5,4,668447,7997,117196,9060,0.06333956406032189,0.531160227472592
4909,0.4946,4,6,4,668453,7991,117200,9056,0.0632920415663414,0.5312371678301168
4910,0.4947,12,6,12,668459,7985,117212,9044,0.06324451907236092,0.531094016090199
4911,0.4948,7,9,7,668468,7976,117219,9037,0.06317323533139019,0.5311820372656204
4912,0.4949,7,11,7,668479,7965,117226,9030,0.06308611075909264,0.531332744924978
4913,0.495,8,11,8,668490,7954,117234,9022,0.06299898618679509,0.5314561734213007
4914,0.4951,10,12,10,668502,7942,117244,9012,0.06290394119883412,0.5315559749911525
4915,0.4952,5,9,5,668511,7933,117249,9007,0.06283265745786339,0.5317001180637544
4916,0.4953,6,13,6,668524,7920,117255,9001,0.062729692054239,0.5319425565864901
4917,0.4954,12,8,12,668532,7912,117267,8989,0.0626663287289317,0.5318620199988167
4918,0.4955,7,6,7,668538,7906,117274,8982,0.06261880623495121,0.5318569398389389
4919,0.4956,7,10,7,668548,7896,117281,8975,0.06253960207831707,0.5319779503289669
4920,0.4957,3,9,3,668557,7887,117284,8972,0.06246831833734635,0.5321786582834095
4921,0.4958,8,6,8,668563,7881,117292,8964,0.06242079584336586,0.5321460373998219
4922,0.4959,15,14,15,668577,7867,117307,8949,0.06230991002407806,0.5321717411988582
4923,0.496,9,15,9,668592,7852,117316,8940,0.06219110378912685,0.5323963792282039
4924,0.4961,8,9,8,668601,7843,117324,8932,0.062119820048156124,0.5324590163934426
4925,0.4962,6,6,6,668607,7837,117330,8926,0.06207229755417564,0.5324822525800871
4926,0.4963,9,5,9,668612,7832,117339,8917,0.062032695475858574,0.5323899934324438
4927,0.4964,13,9,13,668621,7823,117352,8904,0.061961411734887846,0.532313026842829
4928,0.4965,7,6,7,668627,7817,117359,8897,0.06191388924090736,0.5323082445853775
4929,0.4966,11,8,11,668635,7809,117370,8886,0.06185052591560005,0.5322551662174304
4930,0.4967,10,13,10,668648,7796,117380,8876,0.06174756051197567,0.5323896353166987
4931,0.4968,7,14,7,668662,7782,117387,8869,0.061636674692687875,0.5326406822413068
4932,0.4969,9,4,9,668666,7778,117396,8860,0.061604993030034215,0.5325159273951197
4933,0.497,6,7,6,668673,7771,117402,8854,0.06154955012039032,0.5325714285714286
4934,0.4971,8,10,8,668683,7761,117410,8846,0.061470345963756175,0.5326669476726682
4935,0.4972,9,13,9,668696,7748,117419,8837,0.061367380560131794,0.5328308712692191
4936,0.4973,8,9,8,668705,7739,117427,8829,0.06129609681916107,0.5328947368421053
4937,0.4974,4,7,4,668712,7732,117431,8825,0.06124065390951717,0.5330071872923838
4938,0.4975,5,7,5,668719,7725,117436,8820,0.06118521099987327,0.5330915684496826
4939,0.4976,1,11,1,668730,7714,117437,8819,0.06109808642757572,0.5334180124599286
4940,0.4977,4,9,4,668739,7705,117441,8815,0.06102680268660499,0.5335956416464891
4941,0.4978,5,4,5,668743,7701,117446,8810,0.06099512102395134,0.5335836714917328
4942,0.4979,11,12,11,668755,7689,117457,8799,0.06090007603599037,0.5336608442503639
4943,0.498,7,6,7,668761,7683,117464,8792,0.060852553542009885,0.5336570561456753
4944,0.4981,10,9,10,668770,7674,117474,8782,0.06078126980103916,0.5336655323286339
4945,0.4982,9,5,9,668775,7669,117483,8773,0.06074166772272209,0.5335725580829582
4946,0.4983,6,8,6,668783,7661,117489,8767,0.06067830439741478,0.5336620404187972
4947,0.4984,9,8,9,668791,7653,117498,8758,0.060614941072107464,0.5336664432392907
4948,0.4985,9,10,9,668801,7643,117507,8749,0.06053573691547332,0.5337359687652513
4949,0.4986,7,9,7,668810,7634,117514,8742,0.0604644531745026,0.5338299951148021
4950,0.4987,6,14,6,668824,7620,117520,8736,0.0603535673552148,0.5341159207630227
4951,0.4988,6,9,6,668833,7611,117526,8730,0.06028228361424408,0.5342390306590784
4952,0.4989,7,9,7,668842,7602,117533,8723,0.06021099987327335,0.5343338437978561
4953,0.499,9,11,9,668853,7591,117542,8714,0.06012387530097579,0.5344372891750997
4954,0.4991,11,8,11,668861,7583,117553,8703,0.06006051197566848,0.5343853616603218
4955,0.4992,8,8,8,668869,7575,117561,8695,0.05999714865036117,0.5344191763982791
4956,0.4993,8,12,8,668881,7563,117569,8687,0.0599021036624002,0.5345846153846154
4957,0.4994,6,8,6,668889,7555,117575,8681,0.05983874033709289,0.5346760285784676
4958,0.4995,9,12,9,668901,7543,117584,8672,0.059743695349131924,0.534813444341659
4959,0.4996,6,5,6,668906,7538,117590,8666,0.05970409327081485,0.5348062206862503
4960,0.4997,1,6,1,668912,7532,117591,8665,0.05965657077683437,0.5349756127677965
4961,0.4998,10,7,10,668919,7525,117601,8655,0.05960112786719047,0.5349196538936959
4962,0.4999,12,5,12,668924,7520,117613,8643,0.0595615257888734,0.5347398379013797
4963,0.5,2,13,2,668937,7507,117615,8641,0.05945856038524902,0.5351127074560317
4964,0.5001,6,7,6,668944,7500,117621,8635,0.05940311747560512,0.5351719863650449
4965,0.5002,8,11,8,668955,7489,117629,8627,0.059315992903307566,0.5353065276743609
4966,0.5003,4,10,4,668965,7479,117633,8623,0.05923678874667342,0.5355235374487641
4967,0.5004,6,15,6,668980,7464,117639,8617,0.05911798251172221,0.5358497605870282
4968,0.5005,8,10,8,668990,7454,117647,8609,0.05903877835508808,0.5359521882587313
4969,0.5006,8,11,8,669001,7443,117655,8601,0.05895165378279052,0.5360882572924458
4970,0.5007,9,9,9,669010,7434,117664,8592,0.05888037004181979,0.536128790715088
4971,0.5008,10,10,10,669020,7424,117674,8582,0.058801165885185656,0.5361739347744596
4972,0.5009,5,7,5,669027,7417,117679,8577,0.05874572297554176,0.5362635988495685
4973,0.501,13,7,13,669034,7410,117692,8564,0.05869028006589786,0.5361211969450357
4974,0.5011,10,11,10,669045,7399,117702,8554,0.058603155493600304,0.5362000877577885
4975,0.5012,13,8,13,669053,7391,117715,8541,0.05853979216829299,0.5360908862666331
4976,0.5013,7,8,7,669061,7383,117722,8534,0.05847642884298568,0.5361563108625997
4977,0.5014,5,9,5,669070,7374,117727,8529,0.05840514510201495,0.5363139030371628
4978,0.5015,2,15,2,669085,7359,117729,8527,0.05828633886706374,0.5367619287422888
4979,0.5016,5,5,5,669090,7354,117734,8522,0.05824673678874667,0.536785084404132
4980,0.5017,4,10,4,669100,7344,117738,8518,0.05816753263211253,0.5370066826377506
4981,0.5018,10,8,10,669108,7336,117748,8508,0.058104169306805224,0.5369856096945216
4982,0.5019,13,9,13,669117,7327,117761,8495,0.0580328855658345,0.5369106307672861
4983,0.502,12,8,12,669125,7319,117773,8483,0.057969522240527184,0.5368307809138084
4984,0.5021,6,10,6,669135,7309,117779,8477,0.05789031808389304,0.5369948055238819
4985,0.5022,7,9,7,669144,7300,117786,8470,0.057819034342922314,0.5370957514267597
4986,0.5023,9,8,9,669152,7292,117795,8461,0.057755671017615,0.5371040436742208
4987,0.5024,8,6,8,669158,7286,117803,8453,0.05770814852363452,0.5370735116589364
4988,0.5025,11,8,11,669166,7278,117814,8442,0.057644785198327206,0.5370229007633588
4989,0.5026,9,6,9,669172,7272,117823,8433,0.05759726270434672,0.5369627507163324
4990,0.5027,11,8,11,669180,7264,117834,8422,0.05753389937903941,0.5369118959581792
4991,0.5028,3,11,3,669191,7253,117837,8419,0.05744677480674186,0.5372001020929046
4992,0.5029,8,11,8,669202,7242,117845,8411,0.0573596502344443,0.5373410847760812
4993,0.503,15,9,15,669211,7233,117860,8396,0.057288366493473575,0.5372064751423635
4994,0.5031,10,11,10,669222,7222,117870,8386,0.057201241921176024,0.537288569964121
4995,0.5032,12,9,12,669231,7213,117882,8374,0.0571299581802053,0.5372425739398217
4996,0.5033,6,8,6,669239,7205,117888,8368,0.057066594854897984,0.5373402684132794
4997,0.5034,5,9,5,669248,7196,117893,8363,0.056995311113927256,0.5375024101806029
4998,0.5035,8,9,8,669257,7187,117901,8355,0.056924027372956536,0.5375756015956762
4999,0.5036,10,12,10,669269,7175,117911,8345,0.05682898238499556,0.5376932989690721
5000,0.5037,11,12,11,669281,7163,117922,8334,0.0567339373970346,0.5377815060979545
5001,0.5038,8,10,8,669291,7153,117930,8326,0.056654733240400455,0.537890044576523
5002,0.5039,6,7,6,669298,7146,117936,8320,0.05659929033075656,0.5379542221647485
5003,0.504,9,6,9,669304,7140,117945,8311,0.056551767836776075,0.5378939874441784
5004,0.5041,5,10,5,669314,7130,117950,8306,0.05647256368014193,0.5380927701477066
5005,0.5042,13,10,13,669324,7120,117963,8293,0.0563933595235078,0.5380522935184584
5006,0.5043,6,9,6,669333,7111,117969,8287,0.05632207578253707,0.5381867775035719
5007,0.5044,3,3,3,669336,7108,117972,8284,0.056298314535546824,0.5382016632016632
5008,0.5045,5,10,5,669346,7098,117977,8279,0.05621911037891269,0.5384015087468297
5009,0.5046,11,8,11,669354,7090,117988,8268,0.056155747053605376,0.5383513478317489
5010,0.5047,5,12,5,669366,7078,117993,8263,0.056060702065644404,0.5386219933511505
5011,0.5048,3,10,3,669376,7068,117996,8260,0.05598149790901027,0.5388830897703549
5012,0.5049,10,10,10,669386,7058,118006,8250,0.055902293752376125,0.5389338907760648
5013,0.505,14,11,14,669397,7047,118020,8236,0.05581516918007857,0.538899430740038
5014,0.5051,6,11,6,669408,7036,118026,8230,0.05572804460778102,0.5391065112013625
5015,0.5052,5,9,5,669417,7027,118031,8225,0.05565676086681029,0.5392735378966693
5016,0.5053,8,7,8,669424,7020,118039,8217,0.05560131795716639,0.5392793857058477
5017,0.5054,6,6,6,669430,7014,118045,8211,0.05555379546318591,0.5393103448275862
5018,0.5055,9,12,9,669442,7002,118054,8202,0.05545875047522494,0.5394632991318075
5019,0.5056,4,7,4,669449,6995,118058,8198,0.05540330756558104,0.539590600934641
5020,0.5057,4,8,4,669457,6987,118062,8194,0.05533994424027373,0.5397536394176932
5021,0.5058,5,9,5,669466,6978,118067,8189,0.055268660499303006,0.5399221995120986
5022,0.5059,11,6,11,669472,6972,118078,8178,0.055221138005322516,0.5398019801980198
5023,0.506,5,3,5,669475,6969,118083,8173,0.05519737675833228,0.5397569673755118
5024,0.5061,7,7,7,669482,6962,118090,8166,0.05514193384868838,0.5397937599153887
5025,0.5062,6,14,6,669496,6948,118096,8160,0.055031048029400585,0.5401111993645751
5026,0.5063,6,6,6,669502,6942,118102,8154,0.054983525535420096,0.5401430842607313
5027,0.5064,14,7,14,669509,6935,118116,8140,0.0549280826257762,0.5399668325041459
5028,0.5065,4,9,4,669518,6926,118120,8136,0.05485679888480548,0.540167308458372
5029,0.5066,3,5,3,669523,6921,118123,8133,0.0548171968064884,0.5402550817058589
5030,0.5067,7,5,7,669528,6916,118130,8126,0.054777594728171335,0.5402207153304082
5031,0.5068,6,7,6,669535,6909,118136,8120,0.05472215181852744,0.5402887750349324
5032,0.5069,3,10,3,669545,6899,118139,8117,0.054642947661893294,0.5405567394778903
5033,0.507,11,5,11,669550,6894,118150,8106,0.05460334558357623,0.5404
5034,0.5071,9,4,9,669554,6890,118159,8097,0.05457166392092257,0.540268232468139
5035,0.5072,3,3,3,669557,6887,118162,8094,0.05454790267393233,0.5402843601895735
5036,0.5073,8,6,8,669563,6881,118170,8086,0.054500380179951846,0.5402552281686377
5037,0.5074,11,2,11,669565,6879,118181,8075,0.054484539348625016,0.5399893005215995
5038,0.5075,10,4,10,669569,6875,118191,8065,0.054452857685971356,0.5398259705488622
5039,0.5076,4,11,4,669580,6864,118195,8061,0.054365733113673806,0.5401005025125628
5040,0.5077,4,8,4,669588,6856,118199,8057,0.05430236978836649,0.5402668812445517
5041,0.5078,9,7,9,669595,6849,118208,8048,0.054246926878722596,0.5402430019467007
5042,0.5079,10,5,10,669600,6844,118218,8038,0.05420732480040553,0.5401155758634593
5043,0.508,9,7,9,669607,6837,118227,8029,0.05415188189076163,0.5400914839230458
5044,0.5081,6,6,6,669613,6831,118233,8023,0.05410435939678114,0.5401238723576142
5045,0.5082,5,10,5,669623,6821,118238,8018,0.054025155240147005,0.5403329065300896
5046,0.5083,7,13,7,669636,6808,118245,8011,0.05392218983652262,0.5405897833861933
5047,0.5084,7,9,7,669645,6799,118252,8004,0.0538509060955519,0.5407012092143484
5048,0.5085,10,6,10,669651,6793,118262,7994,0.05380338360157141,0.5406099952661121
5049,0.5086,5,10,5,669661,6783,118267,7989,0.05372417944493727,0.5408204711616572
5050,0.5087,10,13,10,669674,6770,118277,7979,0.05362121404131289,0.540985829547766
5051,0.5088,6,5,6,669679,6765,118283,7973,0.053581611962995816,0.540982494232596
5052,0.5089,7,8,7,669687,6757,118290,7966,0.053518248637688504,0.5410582082456021
5053,0.509,17,7,17,669694,6750,118307,7949,0.053462805728044606,0.540785087420913
5054,0.5091,5,5,5,669699,6745,118312,7944,0.05342320364972754,0.5408128531554224
5055,0.5092,5,6,5,669705,6739,118317,7939,0.053375681155747055,0.5408775037471045
5056,0.5093,7,6,7,669711,6733,118324,7932,0.05332815866176657,0.5408796454142516
5057,0.5094,4,6,4,669717,6727,118328,7928,0.05328063616778608,0.5409757761856022
5058,0.5095,4,10,4,669727,6717,118332,7924,0.05320143201115195,0.541219862031282
5059,0.5096,5,10,5,669737,6707,118337,7919,0.053122227854517805,0.5414330644058526
5060,0.5097,6,4,6,669741,6703,118343,7913,0.05309054619186415,0.5413929939792008
5061,0.5098,8,6,8,669747,6697,118351,7905,0.05304302369788366,0.5413641966853856
5062,0.5099,5,6,5,669753,6691,118356,7900,0.05299550120390318,0.5414296484134056
5063,0.51,5,3,5,669756,6688,118361,7895,0.05297173995691294,0.5413838030583557
5064,0.5101,4,3,4,669759,6685,118365,7891,0.0529479787099227,0.5413693743139407
5065,0.5102,5,8,5,669767,6677,118370,7886,0.052884615384615384,0.5415093044015656
5066,0.5103,9,5,9,669772,6672,118379,7877,0.052845013306298316,0.5414117808784109
5067,0.5104,6,10,6,669782,6662,118385,7871,0.052765809149664174,0.5415949907107961
5068,0.5105,6,8,6,669790,6654,118391,7865,0.05270244582435686,0.5417039741028996
5069,0.5106,2,6,2,669796,6648,118393,7863,0.05265492333037638,0.5418647922265867
5070,0.5107,11,4,11,669800,6644,118404,7852,0.052623241667722725,0.5416666666666666
5071,0.5108,8,9,8,669809,6635,118412,7844,0.052551957926752,0.5417501208647006
5072,0.5109,8,7,8,669816,6628,118420,7836,0.0524965150171081,0.5417588495575221
5073,0.511,10,4,10,669820,6624,118430,7826,0.05246483335445444,0.5415916955017301
5074,0.5111,9,13,9,669833,6611,118439,7817,0.05236186795083006,0.541793734405323
5075,0.5112,5,12,5,669845,6599,118444,7812,0.052266822962869094,0.5420859065991257
5076,0.5113,7,4,7,669849,6595,118451,7805,0.052235141300215435,0.5420138888888889
5077,0.5114,5,11,5,669860,6584,118456,7800,0.052148016727917884,0.5422691879866518
5078,0.5115,6,7,6,669867,6577,118462,7794,0.052092573818273986,0.5423422169647206
5079,0.5116,11,7,11,669874,6570,118473,7783,0.05203713090863008,0.5422559743607608
5080,0.5117,8,8,8,669882,6562,118481,7775,0.051973767583322776,0.5423031317569924
5081,0.5118,7,7,7,669889,6555,118488,7768,0.05191832467367887,0.5423444809048383
5082,0.5119,3,3,3,669892,6552,118491,7765,0.051894563426688634,0.5423622267234756
5083,0.512,6,6,6,669898,6546,118497,7759,0.05184704093270815,0.5423977630199232
5084,0.5121,5,10,5,669908,6536,118502,7754,0.05176783677607401,0.5426172148355494
5085,0.5122,3,11,3,669919,6525,118505,7751,0.05168071220377645,0.5429391986550854
5086,0.5123,5,4,5,669923,6521,118510,7746,0.0516490305411228,0.5429312399243008
5087,0.5124,5,11,5,669934,6510,118515,7741,0.05156190596882525,0.5431899515823451
5088,0.5125,6,8,6,669942,6502,118521,7735,0.051498542643517935,0.5433026620776849
5089,0.5126,3,6,3,669948,6496,118524,7732,0.051451020149537445,0.5434354793365196
5090,0.5127,6,9,6,669957,6487,118530,7726,0.051379736408566724,0.5435868571026525
5091,0.5128,7,8,7,669965,6479,118537,7719,0.05131637308325941,0.5436681222707423
5092,0.5129,4,3,4,669968,6476,118541,7715,0.05129261183626917,0.5436544288633641
5093,0.513,7,9,7,669977,6467,118548,7708,0.05122132809529844,0.5437742504409171
5094,0.5131,9,8,9,669985,6459,118557,7699,0.05115796476999113,0.5437914959740077
5095,0.5132,5,8,5,669993,6451,118562,7694,0.051094601444683814,0.543937787203959
5096,0.5133,8,7,8,670000,6444,118570,7686,0.051039158535039916,0.5439490445859873
5097,0.5134,10,9,10,670009,6435,118580,7676,0.050967874794069196,0.5439727871873007
5098,0.5135,4,5,4,670014,6430,118584,7672,0.05092827271575212,0.5440363069068217
5099,0.5136,9,5,9,670019,6425,118593,7663,0.05088867063743505,0.5439381033503691
5100,0.5137,6,9,6,670028,6416,118599,7657,0.050817386896464325,0.5440915227741064
5101,0.5138,7,10,7,670038,6406,118606,7650,0.05073818273983018,0.5442515651678999
5102,0.5139,5,8,5,670046,6398,118611,7645,0.05067481941452288,0.54439934486933
5103,0.514,11,5,11,670051,6393,118622,7634,0.0506352173362058,0.5442361160618806
5104,0.5141,5,6,5,670057,6387,118627,7629,0.05058769484222532,0.544306506849315
5105,0.5142,8,8,8,670065,6379,118635,7621,0.05052433151691801,0.5443571428571429
5106,0.5143,10,5,10,670070,6374,118645,7611,0.05048472943860094,0.5442259563818377
5107,0.5144,4,6,4,670076,6368,118649,7607,0.05043720694462046,0.5443291592128802
5108,0.5145,6,5,6,670081,6363,118655,7601,0.05039760486630338,0.5443282727012317
5109,0.5146,6,10,6,670091,6353,118661,7595,0.050318400709669246,0.5445225121881273
5110,0.5147,7,6,7,670097,6347,118668,7588,0.050270878215688757,0.5445281664872623
5111,0.5148,6,5,6,670102,6342,118674,7582,0.05023127613737169,0.5445274346452169
5112,0.5149,4,7,4,670109,6335,118678,7578,0.05017583322772779,0.5446704520951628
5113,0.515,10,9,10,670118,6326,118688,7568,0.05010454948675706,0.5446955520368505
5114,0.5151,7,9,7,670127,6317,118695,7561,0.050033265745786336,0.5448191382043522
5115,0.5152,11,5,11,670132,6312,118706,7550,0.04999366366746927,0.5446544510171692
5116,0.5153,3,8,3,670140,6304,118709,7547,0.049930300342161955,0.544870406468847
5117,0.5154,9,10,9,670150,6294,118718,7538,0.04985109618552782,0.5449681897050318
5118,0.5155,5,10,5,670160,6284,118723,7533,0.04977189202889368,0.545197944561048
5119,0.5156,13,4,13,670164,6280,118736,7520,0.04974021036624002,0.5449275362318841
5120,0.5157,8,4,8,670168,6276,118744,7512,0.049708528703586365,0.5448215839860748
5121,0.5158,9,6,9,670174,6270,118753,7503,0.04966100620960588,0.5447614898714876
5122,0.5159,10,8,10,670182,6262,118763,7493,0.04959764288429857,0.5447473645946929
5123,0.516,8,10,8,670192,6252,118771,7485,0.04951843872766443,0.544878794496615
5124,0.5161,12,10,12,670202,6242,118783,7473,0.04943923457103029,0.5448778709442217
5125,0.5162,7,6,7,670208,6236,118790,7466,0.0493917120770498,0.5448839585461976
5126,0.5163,7,4,7,670212,6232,118797,7459,0.04936003041439615,0.5448104594259002
5127,0.5164,5,3,5,670215,6229,118802,7454,0.049336269167405904,0.544763575239348
5128,0.5165,5,8,5,670223,6221,118807,7449,0.04927290584209859,0.54491587417703
5129,0.5166,5,4,5,670227,6217,118812,7444,0.04924122417944494,0.5449088646511968
5130,0.5167,8,9,8,670236,6208,118820,7436,0.04916994043847421,0.545001465845793
5131,0.5168,11,10,11,670246,6198,118831,7425,0.04909073628184007,0.5450341334507818
5132,0.5169,7,6,7,670252,6192,118838,7418,0.049043213787859585,0.5450404114621602
5133,0.517,1,11,1,670263,6181,118839,7417,0.048956089215562035,0.5454478599794087
5134,0.5171,6,10,6,670273,6171,118845,7411,0.04887688505892789,0.5456486526284788
5135,0.5172,9,3,9,670276,6168,118854,7402,0.04885312381193765,0.5454679439941046
5136,0.5173,7,9,7,670285,6159,118861,7395,0.04878184007096693,0.5455953961930058
5137,0.5174,9,4,9,670289,6155,118870,7386,0.04875015840831327,0.5454545454545454
5138,0.5175,7,10,7,670299,6145,118877,7379,0.04867095425167913,0.5456225968648329
5139,0.5176,10,3,10,670302,6142,118887,7369,0.048647193004688886,0.545407445784916
5140,0.5177,4,8,4,670310,6134,118891,7365,0.048583829679381574,0.5455959700718572
5141,0.5178,8,9,8,670319,6125,118899,7357,0.048512545938410846,0.5456905503634476
5142,0.5179,10,10,10,670329,6115,118909,7347,0.04843334178177671,0.5457584311395038
5143,0.518,8,13,8,670342,6102,118917,7339,0.04833037637815232,0.5460159214344171
5144,0.5181,13,6,13,670348,6096,118930,7326,0.04828285388417184,0.5458202950379973
5145,0.5182,5,9,5,670357,6087,118935,7321,0.04821157014320111,0.5460173031026253
5146,0.5183,5,7,5,670364,6080,118940,7316,0.048156127233557215,0.5461331740818155
5147,0.5184,9,5,9,670369,6075,118949,7307,0.04811652515524015,0.546031983261097
5148,0.5185,8,10,8,670379,6065,118957,7299,0.048037320998606005,0.546168811733014
5149,0.5186,3,6,3,670385,6059,118960,7296,0.04798979850462552,0.5463122426057656
5150,0.5187,2,8,2,670393,6051,118962,7294,0.04792643517931821,0.5465717497189959
5151,0.5188,8,5,8,670398,6046,118970,7286,0.04788683310100114,0.5465046504650465
5152,0.5189,3,4,3,670402,6042,118973,7283,0.04785515143834748,0.5465666041275797
5153,0.519,9,12,9,670414,6030,118982,7274,0.047760106450386516,0.5467528562838244
5154,0.5191,7,11,7,670425,6019,118989,7267,0.04767298187808896,0.5469667318982387
5155,0.5192,3,11,3,670436,6008,118992,7264,0.04758585730579141,0.5473176612417119
5156,0.5193,7,5,7,670441,6003,118999,7257,0.04754625522747434,0.5472850678733032
5157,0.5194,9,14,9,670455,5989,119008,7248,0.04743536940818654,0.5475560927702652
5158,0.5195,4,7,4,670462,5982,119012,7244,0.04737992649854264,0.5477090579162256
5159,0.5196,6,7,6,670469,5975,119018,7238,0.04732448358889874,0.5477938394005903
5160,0.5197,1,14,1,670483,5961,119019,7237,0.04721359776961095,0.5483406576754054
5161,0.5198,7,6,7,670489,5955,119026,7230,0.047166075275630465,0.5483503981797497
5162,0.5199,6,7,6,670496,5948,119032,7224,0.04711063236598657,0.5484360765259642
5163,0.52,5,4,5,670500,5944,119037,7219,0.047078950703332914,0.5484312086910279
5164,0.5201,9,7,9,670507,5937,119046,7210,0.04702350779368901,0.5484140868639233
5165,0.5202,6,12,6,670519,5925,119052,7204,0.046928462805728044,0.5487089648868916
5166,0.5203,11,10,11,670529,5915,119063,7193,0.0468492586490939,0.5487488556606652
5167,0.5204,4,11,4,670540,5904,119067,7189,0.04676213407679635,0.5490720232185137
5168,0.5205,7,4,7,670544,5900,119074,7182,0.04673045241414269,0.5489986240635988
5169,0.5206,5,7,5,670551,5893,119079,7177,0.04667500950449879,0.5491201224177505
5170,0.5207,8,6,8,670557,5887,119087,7169,0.04662748701051831,0.5490962009803921
5171,0.5208,8,5,8,670562,5882,119095,7161,0.04658788493220124,0.5490301311048071
5172,0.5209,6,9,6,670571,5873,119101,7155,0.046516601191230515,0.5492017193736567
5173,0.521,7,9,7,670580,5864,119108,7148,0.04644531745025979,0.5493390716261912
5174,0.5211,9,6,9,670586,5858,119117,7139,0.046397794956279305,0.5492806032161268
5175,0.5212,7,3,7,670589,5855,119124,7132,0.04637403370928906,0.5491645491645492
5176,0.5213,3,7,3,670596,5848,119127,7129,0.04631859079964516,0.5493565539030593
5177,0.5214,9,5,9,670601,5843,119136,7120,0.046278988721328095,0.5492555735555041
5178,0.5215,8,11,8,670612,5832,119144,7112,0.046191864149030544,0.5494437577255872
5179,0.5216,6,7,6,670619,5825,119150,7106,0.046136421239386646,0.5495321320856855
5180,0.5217,7,5,7,670624,5820,119157,7099,0.04609681916106957,0.5495007353510334
5181,0.5218,6,3,6,670627,5817,119163,7093,0.046073057914079334,0.5494190549961271
5182,0.5219,8,5,8,670632,5812,119171,7085,0.04603345583576226,0.54935256261146
5183,0.522,8,13,8,670645,5799,119179,7077,0.04593049043213788,0.5496272134203168
5184,0.5221,9,4,9,670649,5795,119188,7068,0.045898808769484226,0.5494830132939439
5185,0.5222,6,8,6,670657,5787,119194,7062,0.04583544544417691,0.549614756012141
5186,0.5223,4,5,4,670662,5782,119198,7058,0.04579584336585984,0.5496884735202492
5187,0.5224,5,8,5,670670,5774,119203,7053,0.045732480040552526,0.5498557729788727
5188,0.5225,10,4,10,670674,5770,119213,7043,0.04570079837789887,0.5496761102005775
5189,0.5226,6,6,6,670680,5764,119219,7037,0.04565327588391839,0.5497226779157879
5190,0.5227,8,7,8,670687,5757,119227,7029,0.04559783297427449,0.5497419052088222
5191,0.5228,6,5,6,670692,5752,119233,7023,0.04555823089595742,0.5497455968688846
5192,0.5229,8,7,8,670699,5745,119241,7015,0.04550278798631352,0.5497648902821317
5193,0.523,12,7,12,670706,5738,119253,7003,0.04544734507666962,0.5496428851738482
5194,0.5231,10,2,10,670708,5736,119263,6993,0.04543150424534279,0.549375441904313
5195,0.5232,2,7,2,670715,5729,119265,6991,0.045376061335698895,0.5496069182389937
5196,0.5233,1,7,1,670722,5722,119266,6990,0.045320618426055,0.5498741346758967
5197,0.5234,6,10,6,670732,5712,119272,6984,0.04524141426942086,0.5500945179584121
5198,0.5235,4,9,4,670741,5703,119276,6980,0.045170130528450134,0.550342978790507
5199,0.5236,14,7,14,670748,5696,119290,6966,0.045114687618806236,0.5501500552835256
5200,0.5237,7,3,7,670751,5693,119297,6959,0.04509092637181599,0.550031615554853
5201,0.5238,10,7,10,670758,5686,119307,6949,0.04503548346217209,0.549980213692125
5202,0.5239,8,7,8,670765,5679,119315,6941,0.044980040552528196,0.55
5203,0.524,4,7,4,670772,5672,119319,6937,0.0449245976428843,0.5501625822824966
5204,0.5241,5,11,5,670783,5661,119324,6932,0.04483747307058675,0.5504645437941713
5205,0.5242,6,4,6,670787,5657,119330,6926,0.04480579140793309,0.5504251768258762
5206,0.5243,7,11,7,670798,5646,119337,6919,0.04471866683563554,0.5506565857540788
5207,0.5244,6,6,6,670804,5640,119343,6913,0.04467114434165505,0.5507050107544014
5208,0.5245,7,8,7,670812,5632,119350,6906,0.044607781016347735,0.5508055511245813
5209,0.5246,5,9,5,670821,5623,119355,6901,0.044536497275377014,0.5510220376876397
5210,0.5247,5,8,5,670829,5615,119360,6896,0.0444731339500697,0.5511949484453681
5211,0.5248,6,6,6,670835,5609,119366,6890,0.04442561145608922,0.5512440995279623
5212,0.5249,9,9,9,670844,5600,119375,6881,0.04435432771511849,0.5513180033651149
5213,0.525,9,7,9,670851,5593,119384,6872,0.04429888480547459,0.5513036502206178
5214,0.5251,4,7,4,670858,5586,119388,6868,0.044243441895830696,0.5514694074193031
5215,0.5252,8,5,8,670863,5581,119396,6860,0.04420383981751362,0.5514026203681376
5216,0.5253,6,6,6,670869,5575,119402,6854,0.04415631732353314,0.5514522487730308
5217,0.5254,6,6,6,670875,5569,119408,6848,0.044108794829552656,0.5515019731013933
5218,0.5255,8,8,8,670883,5561,119416,6840,0.04404543150424534,0.5515684219014596
5219,0.5256,7,4,7,670887,5557,119423,6833,0.04401374984159169,0.5514931396287328
5220,0.5257,6,6,6,670893,5551,119429,6827,0.0439662273476112,0.5515430602682178
5221,0.5258,6,5,6,670898,5546,119435,6821,0.04392662526929413,0.5515484757823239
5222,0.5259,7,8,7,670906,5538,119442,6814,0.04386326194398682,0.551651554404145
5223,0.526,3,7,3,670913,5531,119445,6811,0.04380781903434292,0.5518554529249716
5224,0.5261,7,11,7,670924,5520,119452,6804,0.043720694462045365,0.5520934761441091
5225,0.5262,6,2,6,670926,5518,119458,6798,0.04370485363071854,0.5519649236765184
5226,0.5263,13,10,13,670936,5508,119471,6785,0.0436256494740844,0.5519401285284308
5227,0.5264,1,6,1,670942,5502,119472,6784,0.043578126980103916,0.5521732052742959
5228,0.5265,10,5,10,670947,5497,119482,6774,0.04353852490178685,0.5520332491239508
5229,0.5266,6,6,6,670953,5491,119488,6768,0.04349100240780636,0.5520841830491884
5230,0.5267,5,4,5,670957,5487,119493,6763,0.043459320745152706,0.5520816326530612
5231,0.5268,7,4,7,670961,5483,119500,6756,0.043427639082499046,0.5520058828335649
5232,0.5269,9,6,9,670967,5477,119509,6747,0.043380116588518564,0.5519469895287958
5233,0.527,5,6,5,670973,5471,119514,6742,0.04333259409453808,0.5520347171047245
5234,0.5271,8,4,8,670977,5467,119522,6734,0.04330091243188443,0.5519219736087206
5235,0.5272,9,14,9,670991,5453,119531,6725,0.043190026612596626,0.552225324355395
5236,0.5273,4,8,4,670999,5445,119535,6721,0.04312666328728932,0.5524412296564195
5237,0.5274,5,1,5,671000,5444,119540,6716,0.043118742871625905,0.5523026315789473
5238,0.5275,5,6,5,671006,5438,119545,6711,0.04307122037764542,0.5523911433039757
5239,0.5276,9,6,9,671012,5432,119554,6702,0.04302369788366493,0.5523322894346464
5240,0.5277,7,4,7,671016,5428,119561,6695,0.04299201622101128,0.5522560422337706
5241,0.5278,8,5,8,671021,5423,119569,6687,0.04295241414269421,0.5521882741535921
5242,0.5279,4,4,4,671025,5419,119573,6683,0.04292073248004055,0.5522227730953562
5243,0.528,8,10,8,671035,5409,119581,6675,0.04284152832340641,0.5523833167825224
5244,0.5281,6,8,6,671043,5401,119587,6669,0.0427781649980991,0.5525269262634631
5245,0.5282,11,5,11,671048,5396,119598,6658,0.04273856291978203,0.5523477683756429
5246,0.5283,9,4,9,671052,5392,119607,6649,0.042706881257128376,0.5521966614068599
5247,0.5284,9,9,9,671061,5383,119616,6640,0.04263559751615765,0.5522748066206438
5248,0.5285,7,11,7,671072,5372,119623,6633,0.04254847294386009,0.5525197834235736
5249,0.5286,5,6,5,671078,5366,119628,6628,0.04250095044987961,0.5526096381524095
5250,0.5287,7,6,7,671084,5360,119635,6621,0.042453427955899126,0.5526249895668142
5251,0.5288,5,5,5,671089,5355,119640,6616,0.04241382587758206,0.5526689499624091
5252,0.5289,8,8,8,671097,5347,119648,6608,0.042350462552274745,0.5527394395650356
5253,0.529,5,11,5,671108,5336,119653,6603,0.04226333797997719,0.5530613954267527
5254,0.5291,8,8,8,671116,5328,119661,6595,0.042199974654669875,0.5531326008554894
5255,0.5292,7,3,7,671119,5325,119668,6588,0.04217621340767964,0.5530093175522538
5256,0.5293,4,8,4,671127,5317,119672,6584,0.042112850082372325,0.5532308209394169
5257,0.5294,8,7,8,671134,5310,119680,6576,0.04205740717272843,0.5532559313478042
5258,0.5295,10,10,10,671144,5300,119690,6566,0.041978203016094284,0.5533456935782909
5259,0.5296,11,11,11,671155,5289,119701,6555,0.041891078443796734,0.5534447821681864
5260,0.5297,6,11,6,671166,5278,119707,6549,0.041803953871499176,0.5537329838505115
5261,0.5298,3,5,3,671171,5273,119710,6546,0.04176435179318211,0.5538539639563415
5262,0.5299,6,4,6,671175,5269,119716,6540,0.04173267013052845,0.5538148869506309
5263,0.53,6,4,6,671179,5265,119722,6534,0.041700988467874796,0.5537757437070938
5264,0.5301,6,7,6,671186,5258,119728,6528,0.0416455455582309,0.553877481758018
5265,0.5302,7,4,7,671190,5254,119735,6521,0.04161386389557724,0.5538004246284501
5266,0.5303,7,4,7,671194,5250,119742,6514,0.041582182232923585,0.5537232233934036
5267,0.5304,5,5,5,671199,5245,119747,6509,0.04154258015460651,0.5537689297260507
5268,0.5305,8,7,8,671206,5238,119755,6501,0.04148713724496261,0.5537950421671352
5269,0.5306,4,9,4,671215,5229,119759,6497,0.04141585350399189,0.5540678833361761
5270,0.5307,8,7,8,671222,5222,119767,6489,0.041360410594347995,0.5540944411237299
5271,0.5308,9,10,9,671232,5212,119776,6480,0.04128120643771385,0.5542251111871365
5272,0.5309,7,9,7,671241,5203,119783,6473,0.041209922696743125,0.5543850633778691
5273,0.531,11,5,11,671246,5198,119794,6462,0.04117032061842606,0.5542024013722127
5274,0.5311,4,3,4,671249,5195,119798,6458,0.04114655937143581,0.5541920535484425
5275,0.5312,1,6,1,671255,5189,119799,6457,0.04109903687745533,0.5544392924609308
5276,0.5313,4,4,4,671259,5185,119803,6453,0.04106735521480167,0.5544767142120639
5277,0.5314,7,8,7,671267,5177,119810,6446,0.041003991889494364,0.5545900369956122
5278,0.5315,3,4,3,671271,5173,119813,6443,0.040972310226840704,0.5546659779614325
5279,0.5316,6,5,6,671276,5168,119819,6437,0.040932708148523636,0.5546747091770788
5280,0.5317,3,2,3,671278,5166,119822,6434,0.040916867317196806,0.5546551724137931
5281,0.5318,7,6,7,671284,5160,119829,6427,0.04086934482321632,0.55467334081298
5282,0.5319,3,7,3,671291,5153,119832,6424,0.040813901913572426,0.5548933229679537
5283,0.532,4,3,4,671294,5150,119836,6420,0.04079014066658218,0.5548833189282627
5284,0.5321,11,6,11,671300,5144,119847,6409,0.0407426181726017,0.5547476845840907
5285,0.5322,2,9,2,671309,5135,119849,6407,0.04067133443163097,0.555103101715474
5286,0.5323,11,9,11,671318,5126,119860,6396,0.04060005069066024,0.5551119597292137
5287,0.5324,5,6,5,671324,5120,119865,6391,0.04055252819667976,0.5552080618538789
5288,0.5325,3,12,3,671336,5108,119868,6388,0.040457483208718795,0.5556715379262352
5289,0.5326,6,7,6,671343,5101,119874,6382,0.0404020402990749,0.5557781067665244
5290,0.5327,5,7,5,671350,5094,119879,6377,0.040346597389431,0.5559236335105919
5291,0.5328,9,7,9,671357,5087,119888,6368,0.0402911544797871,0.5559144478393715
5292,0.5329,8,3,8,671360,5084,119896,6360,0.04026739323279686,0.5557497378538973
5293,0.533,9,2,9,671362,5082,119905,6351,0.04025155240147003,0.5554972448176332
5294,0.5331,9,8,9,671370,5074,119914,6342,0.040188189076162714,0.5555360896986685
5295,0.5332,6,4,6,671374,5070,119920,6336,0.04015650741350906,0.5554971067859021
5296,0.5333,5,6,5,671380,5064,119925,6331,0.04010898491952858,0.5555945590171127
5297,0.5334,7,11,7,671391,5053,119932,6324,0.04002186034723102,0.555858310626703
5298,0.5335,6,10,6,671401,5043,119938,6318,0.039942656190596885,0.5561130182202271
5299,0.5336,7,6,7,671407,5037,119945,6311,0.039895133696616396,0.5561332393373282
5300,0.5337,11,5,11,671412,5032,119956,6300,0.03985553161829933,0.5559477585598306
5301,0.5338,6,5,6,671417,5027,119962,6294,0.03981592953998226,0.5559579542443247
5302,0.5339,8,8,8,671425,5019,119970,6286,0.03975256621467495,0.5560371517027863
5303,0.534,9,6,9,671431,5013,119979,6277,0.039705043720694465,0.5559787422497786
5304,0.5341,3,5,3,671436,5008,119982,6274,0.03966544164237739,0.5561070732139691
5305,0.5342,7,8,7,671444,5000,119989,6267,0.03960207831707008,0.5562261471554096
5306,0.5343,7,7,7,671451,4993,119996,6260,0.03954663540742618,0.5562960988180929
5307,0.5344,5,7,5,671458,4986,120001,6255,0.03949119249778228,0.5564451561248999
5308,0.5345,4,7,4,671465,4979,120005,6251,0.039435749588138384,0.556634016028495
5309,0.5346,3,4,3,671469,4975,120008,6248,0.03940406792548473,0.5567138911164573
5310,0.5347,8,7,8,671476,4968,120016,6240,0.039348625015840834,0.556745182012848
5311,0.5348,5,8,5,671484,4960,120021,6235,0.03928526169053352,0.556945064761054
5312,0.5349,6,8,6,671492,4952,120027,6229,0.03922189836522621,0.5571058044897594
5313,0.535,5,8,5,671500,4944,120032,6224,0.039158535039918896,0.5573065902578797
5314,0.5351,6,5,6,671505,4939,120038,6218,0.03911893296160183,0.5573182755220938
5315,0.5352,5,8,5,671513,4931,120043,6213,0.039055569636294515,0.5575197415649676
5316,0.5353,6,3,6,671516,4928,120049,6207,0.03903180838930427,0.5574315222272115
5317,0.5354,4,3,4,671519,4925,120053,6203,0.039008047142314026,0.5574227174694465
5318,0.5355,3,4,3,671523,4921,120056,6200,0.03897636547966037,0.5575038215987771
5319,0.5356,9,4,9,671527,4917,120065,6191,0.03894468381700671,0.5573460568959309
5320,0.5357,4,3,4,671530,4914,120069,6187,0.038920922570016475,0.5573371768309161
5321,0.5358,4,6,4,671536,4908,120073,6183,0.03887340007603599,0.5574790370570734
5322,0.5359,4,3,4,671539,4905,120077,6179,0.03884963882904575,0.5574702273547456
5323,0.536,9,1,9,671540,4904,120086,6170,0.03884171841338233,0.5571609174643308
5324,0.5361,13,6,13,671546,4898,120099,6157,0.03879419591940185,0.5569425599276345
5325,0.5362,3,6,3,671552,4892,120102,6154,0.03874667342542137,0.5571247510411008
5326,0.5363,7,8,7,671560,4884,120109,6147,0.038683310100114054,0.5572477563230894
5327,0.5364,7,11,7,671571,4873,120116,6140,0.0385961855278165,0.557522927449378
5328,0.5365,3,9,3,671580,4864,120119,6137,0.038524901786845776,0.5578583765112263
5329,0.5366,11,6,11,671586,4858,120130,6126,0.03847737929286529,0.5577203204661325
5330,0.5367,7,4,7,671590,4854,120137,6119,0.038445697630211634,0.5576414836416659
5331,0.5368,5,9,5,671599,4845,120142,6114,0.038374413889240906,0.5578976183958391
5332,0.5369,4,2,4,671601,4843,120146,6110,0.038358573057914076,0.5578380352414863
5333,0.537,5,6,5,671607,4837,120151,6105,0.038311050563933594,0.5579418753427161
5334,0.5371,5,3,5,671610,4834,120156,6100,0.038287289316943356,0.5578928114139382
5335,0.5372,3,2,3,671612,4832,120159,6097,0.038271448485616526,0.557873547442584
5336,0.5373,8,8,8,671620,4824,120167,6089,0.03820808516030921,0.5579583982406304
5337,0.5374,3,7,3,671627,4817,120170,6086,0.038152642250665315,0.5581949922039806
5338,0.5375,10,8,10,671635,4809,120180,6076,0.038089278925358,0.5581993569131832
5339,0.5376,6,5,6,671640,4804,120186,6070,0.038049676847040935,0.5582122494022439
5340,0.5377,5,3,5,671643,4801,120191,6065,0.03802591560005069,0.5581630774894165
5341,0.5378,10,9,10,671652,4792,120201,6055,0.03795463185907996,0.5582188623582557
5342,0.5379,5,4,5,671656,4788,120206,6050,0.03792295019642631,0.5582210739988928
5343,0.538,5,1,5,671657,4787,120211,6045,0.037915029780762895,0.5580686853766618
5344,0.5381,5,5,5,671662,4782,120216,6040,0.03787542770244583,0.5581223433746073
5345,0.5382,10,2,10,671664,4780,120226,6030,0.037859586871119,0.5578168362627197
5346,0.5383,4,6,4,671670,4774,120230,6026,0.037812064377138514,0.557962962962963
5347,0.5384,6,9,6,671679,4765,120236,6020,0.03774078063616779,0.5581826611033843
5348,0.5385,10,5,10,671684,4760,120246,6010,0.03770117855785072,0.5580315691736305
5349,0.5386,5,5,5,671689,4755,120251,6005,0.037661576479533644,0.5580855018587361
5350,0.5387,6,5,6,671694,4750,120257,5999,0.037621974401216576,0.5580984277607219
5351,0.5388,6,6,6,671700,4744,120263,5993,0.037574451907236094,0.5581633603427401
5352,0.5389,6,0,6,671700,4744,120269,5987,0.037574451907236094,0.5579163172118162
5353,0.539,9,5,9,671705,4739,120278,5978,0.03753484982891902,0.557805355976486
5354,0.5391,4,4,4,671709,4735,120282,5974,0.037503168166265366,0.5578485386123821
5355,0.5392,6,7,6,671716,4728,120288,5968,0.03744772525662147,0.5579655946148093
5356,0.5393,10,7,10,671723,4721,120298,5958,0.03739228234697757,0.5579174079970035
5357,0.5394,5,15,5,671738,4706,120303,5953,0.03727347611202636,0.5584951684022892
5358,0.5395,2,8,2,671746,4698,120305,5951,0.03721011278671905,0.5588318151939149
5359,0.5396,11,4,11,671750,4694,120316,5940,0.03717843112406539,0.5585856686101185
5360,0.5397,12,6,12,671756,4688,120328,5928,0.037130908630084905,0.5584024114544084
5361,0.5398,4,12,4,671768,4676,120332,5924,0.03703586364212394,0.5588679245283019
5362,0.5399,2,7,2,671775,4669,120334,5922,0.03698042073248004,0.559153998678123
5363,0.54,6,1,6,671776,4668,120340,5916,0.03697250031681663,0.5589569160997733
5364,0.5401,2,6,2,671782,4662,120342,5914,0.036924977822836144,0.5591906202723147
5365,0.5402,4,6,4,671788,4656,120346,5910,0.03687745532885566,0.5593412833617263
5366,0.5403,4,4,4,671792,4652,120350,5906,0.036845773666202,0.55938624739534
5367,0.5404,4,9,4,671801,4643,120354,5902,0.036774489925231274,0.5596965386439071
5368,0.5405,4,3,4,671804,4640,120358,5898,0.036750728678241036,0.5596887454925034
5369,0.5406,5,7,5,671811,4633,120363,5893,0.03669528576859714,0.5598517955538667
5370,0.5407,6,8,6,671819,4625,120369,5887,0.036631922443289826,0.5600266362252664
5371,0.5408,1,4,1,671823,4621,120370,5886,0.036600240780636166,0.5601979632625869
5372,0.5409,3,3,3,671826,4618,120373,5883,0.03657647953364593,0.5602323588229693
5373,0.541,7,4,7,671830,4614,120380,5876,0.03654479787099227,0.5601525262154433
5374,0.5411,6,3,6,671833,4611,120386,5870,0.03652103662400203,0.5600610628756798
5375,0.5412,8,5,8,671838,4606,120394,5862,0.036481434545684956,0.5599923576614444
5376,0.5413,4,3,4,671841,4603,120398,5858,0.03645767329869472,0.5599847050951152
5377,0.5414,5,5,5,671846,4598,120403,5853,0.03641807122037764,0.5600421012343316
5378,0.5415,5,8,5,671854,4590,120408,5848,0.03635470789507033,0.5602605863192183
5379,0.5416,6,6,6,671860,4584,120414,5842,0.03630718540108985,0.5603299443698446
5380,0.5417,6,5,6,671865,4579,120420,5836,0.03626758332277278,0.5603456553048488
5381,0.5418,12,4,12,671869,4575,120432,5824,0.03623590166011912,0.5600538513318588
5382,0.5419,3,9,3,671878,4566,120435,5821,0.0361646179191484,0.560412053528449
5383,0.542,11,2,11,671880,4564,120446,5810,0.03614877708782157,0.5600539811066126
5384,0.5421,7,5,7,671885,4559,120453,5803,0.0361091750095045,0.5600270218104613
5385,0.5422,6,9,6,671894,4550,120459,5797,0.036037891268533774,0.5602590122740891
5386,0.5423,3,8,3,671902,4542,120462,5794,0.03597452794322646,0.5605650154798761
5387,0.5424,7,3,7,671905,4539,120469,5787,0.03595076669623622,0.5604299825682743
5388,0.5425,9,4,9,671909,4535,120478,5778,0.035919085033582564,0.5602637447881315
5389,0.5426,10,9,10,671918,4526,120488,5768,0.035847801292611836,0.5603264037303284
5390,0.5427,3,5,3,671923,4521,120491,5765,0.03580819921429477,0.560470542484931
5391,0.5428,8,7,8,671930,4514,120499,5757,0.03575275630465087,0.5605101742770908
5392,0.5429,5,8,5,671938,4506,120504,5752,0.03568939297934356,0.5607330863716125
5393,0.543,8,10,8,671948,4496,120512,5744,0.035610188822709415,0.5609375
5394,0.5431,7,2,7,671950,4494,120519,5737,0.035594347991382586,0.5607467500733067
5395,0.5432,3,6,3,671956,4488,120522,5734,0.0355468254974021,0.560946977108198
5396,0.5433,8,7,8,671963,4481,120530,5726,0.035491382587758205,0.5609875575585382
5397,0.5434,5,4,5,671967,4477,120535,5721,0.03545970092510455,0.5609923514414591
5398,0.5435,4,6,4,671973,4471,120539,5717,0.03541217843112406,0.5611503729878288
5399,0.5436,4,9,4,671982,4462,120543,5713,0.03534089469015334,0.5614742014742015
5400,0.5437,7,6,7,671988,4456,120550,5706,0.03529337219617285,0.5615036410155482
5401,0.5438,7,4,7,671992,4452,120557,5699,0.0352616905335192,0.5614225199487736
5402,0.5439,6,7,6,671999,4445,120563,5693,0.0352062476238753,0.5615506016965871
5403,0.544,9,5,9,672004,4440,120572,5684,0.035166645545558234,0.5614381667325168
5404,0.5441,9,4,9,672008,4436,120581,5675,0.035134963882904574,0.5612699040648799
5405,0.5442,6,13,6,672021,4423,120587,5669,0.035031998479280194,0.5617320650019818
5406,0.5443,6,8,6,672029,4415,120593,5663,0.03496863515397288,0.5619170470331415
5407,0.5444,5,3,5,672032,4412,120598,5658,0.034944873906982636,0.5618669314796425
5408,0.5445,8,7,8,672039,4405,120606,5650,0.03488943099733874,0.5619094977623074
5409,0.5446,5,5,5,672044,4400,120611,5645,0.03484982891902167,0.5619711299153808
5410,0.5447,6,7,6,672051,4393,120617,5639,0.03479438600937777,0.5621012759170654
5411,0.5448,6,8,6,672059,4385,120623,5633,0.03473102268407046,0.562287881812737
5412,0.5449,13,3,13,672062,4382,120636,5620,0.034707261437080215,0.5618876224755049
5413,0.545,3,8,3,672070,4374,120639,5617,0.0346438981117729,0.5622059853868482
5414,0.5451,3,7,3,672077,4367,120642,5614,0.034588455202129005,0.5624686905119728
5415,0.5452,6,3,6,672080,4364,120648,5608,0.03456469395513877,0.5623746490172483
5416,0.5453,5,4,5,672084,4360,120653,5603,0.03453301229248511,0.5623808089932751
5417,0.5454,4,6,4,672090,4354,120657,5599,0.034485489798504625,0.5625439565960012
5418,0.5455,6,4,6,672094,4350,120663,5593,0.03445380813585097,0.5625062858292266
5419,0.5456,3,6,3,672100,4344,120666,5590,0.03440628564187048,0.5627139118179988
5420,0.5457,2,4,2,672104,4340,120668,5588,0.03437460397921683,0.5628525382755842
5421,0.5458,8,7,8,672111,4333,120676,5580,0.03431916106957293,0.5628972056894986
5422,0.5459,7,5,7,672116,4328,120683,5573,0.034279558991255864,0.5628724371275629
5423,0.546,6,2,6,672118,4326,120689,5567,0.034263718159929034,0.5627211159405641
5424,0.5461,4,6,4,672124,4320,120693,5563,0.03421619566594855,0.5628857634321562
5425,0.5462,4,6,4,672130,4314,120697,5559,0.03416867317196806,0.563050744454573
5426,0.5463,4,0,4,672130,4314,120701,5555,0.03416867317196806,0.5628736447461749
5427,0.5464,2,4,2,672134,4310,120703,5553,0.03413699150931441,0.5630132819628916
5428,0.5465,9,7,9,672141,4303,120712,5544,0.03408154859967051,0.5630141159744084
5429,0.5466,6,4,6,672145,4299,120718,5538,0.03404986693701686,0.5629765172308631
5430,0.5467,4,11,4,672156,4288,120722,5534,0.0339627423647193,0.5634290368560375
5431,0.5468,5,7,5,672163,4281,120727,5529,0.0339072994550754,0.5636085626911315
5432,0.5469,2,9,2,672172,4272,120729,5527,0.033836015714104675,0.5640371466476171
5433,0.547,5,8,5,672180,4264,120734,5522,0.03377265238879736,0.5642754956059677
5434,0.5471,5,4,5,672184,4260,120739,5517,0.03374097072614371,0.5642835225529304
5435,0.5472,9,6,9,672190,4254,120748,5508,0.03369344823216323,0.5642286416717885
5436,0.5473,6,6,6,672196,4248,120754,5502,0.03364592573818274,0.5643076923076923
5437,0.5474,8,7,8,672203,4241,120762,5494,0.03359048282853884,0.5643554185927068
5438,0.5475,3,4,3,672207,4237,120765,5491,0.03355880116588519,0.564453125
5439,0.5476,7,4,7,672211,4233,120772,5484,0.03352711950323153,0.5643717196665637
5440,0.5477,9,6,9,672217,4227,120781,5475,0.033479597009251044,0.5643166357452072
5441,0.5478,7,8,7,672225,4219,120788,5468,0.03341623368394373,0.5644678435016001
5442,0.5479,3,6,3,672231,4213,120791,5465,0.03336871118996325,0.5646827856995247
5443,0.548,6,3,6,672234,4210,120797,5459,0.033344949942973004,0.5645878581032164
5444,0.5481,5,5,5,672239,4205,120802,5454,0.033305347864655936,0.5646547261621286
5445,0.5482,4,6,4,672245,4199,120806,5450,0.03325782537067545,0.5648253705047155
5446,0.5483,11,4,11,672249,4195,120817,5439,0.033226143708021794,0.5645630060203446
5447,0.5484,6,8,6,672257,4187,120823,5433,0.03316278038271449,0.5647609147609147
5448,0.5485,1,7,1,672264,4180,120824,5432,0.03310733747307058,0.5651269246774865
5449,0.5486,8,7,8,672271,4173,120832,5424,0.033051894563426686,0.5651766176930291
5450,0.5487,7,4,7,672275,4169,120839,5417,0.03302021290077303,0.5650949301064052
5451,0.5488,2,7,2,672282,4162,120841,5415,0.032964769991129135,0.5654171452438133
5452,0.5489,7,4,7,672286,4158,120848,5408,0.032933088328475475,0.5653355634538992
5453,0.549,2,6,2,672292,4152,120850,5406,0.03288556583449499,0.5655994978028877
5454,0.5491,6,7,6,672299,4145,120856,5400,0.032830122924851095,0.5657412257726558
5455,0.5492,3,4,3,672303,4141,120859,5397,0.03279844126219744,0.5658418955755924
5456,0.5493,2,4,2,672307,4137,120861,5395,0.03276675959954378,0.5659882501049098
5457,0.5494,4,9,4,672316,4128,120865,5391,0.032695475858573055,0.566341002206114
5458,0.5495,6,7,6,672323,4121,120871,5385,0.03264003294892916,0.5664843256890385
5459,0.5496,4,3,4,672326,4118,120875,5381,0.03261627170193892,0.5664806821770713
5460,0.5497,4,5,4,672331,4113,120879,5377,0.032576669623621844,0.5665964172813488
5461,0.5498,9,9,9,672340,4104,120888,5368,0.032505385882651124,0.566722972972973
5462,0.5499,3,3,3,672343,4101,120891,5365,0.03248162463566088,0.5667652651595183
5463,0.55,7,5,7,672348,4096,120898,5358,0.03244202255734381,0.566744235244341
5464,0.5501,4,10,4,672358,4086,120902,5354,0.03236281840070967,0.5671610169491526
5465,0.5502,6,4,6,672362,4082,120908,5348,0.032331136738056016,0.5671261930010605
5466,0.5503,4,6,4,672368,4076,120912,5344,0.032283614244075526,0.5673036093418259
5467,0.5504,2,7,2,672375,4069,120914,5342,0.03222817133443163,0.5676336202316439
5468,0.5505,4,5,4,672380,4064,120918,5338,0.03218856925611456,0.5677515422250585
5469,0.5506,5,13,5,672393,4051,120923,5333,0.03208560385249018,0.568307757885763
5470,0.5507,4,3,4,672396,4048,120927,5329,0.032061842605499935,0.5683054281753226
5471,0.5508,7,3,7,672399,4045,120934,5322,0.0320380813585097,0.568164833991673
5472,0.5509,4,7,4,672406,4038,120938,5318,0.0319826384488658,0.5684053014108593
5473,0.551,6,3,6,672409,4035,120944,5312,0.031958877201875555,0.5683106879212582
5474,0.5511,7,8,7,672417,4027,120951,5305,0.03189551387656824,0.5684740677239606
5475,0.5512,9,3,9,672420,4024,120960,5296,0.031871752629578,0.5682403433476395
5476,0.5513,6,8,6,672428,4016,120966,5290,0.03180838930427069,0.5684504620674834
5477,0.5514,1,6,1,672434,4010,120967,5289,0.0317608668102902,0.5687708355737177
5478,0.5515,6,10,6,672444,4000,120973,5283,0.031681662653656066,0.5691048152536895
5479,0.5516,5,7,5,672451,3993,120978,5278,0.03162621974401217,0.5693021249056197
5480,0.5517,3,5,3,672456,3988,120981,5275,0.031586617665695094,0.5694699341466047
5481,0.5518,3,7,3,672463,3981,120984,5272,0.031531174756051196,0.5697611585431752
5482,0.5519,8,6,8,672469,3975,120992,5264,0.03148365226207071,0.5697586318865678
5483,0.552,4,6,4,672475,3969,120996,5260,0.03143612976809023,0.5699425723263626
5484,0.5521,5,4,5,672479,3965,121001,5255,0.03140444810543657,0.5699566160520607
5485,0.5522,6,2,6,672481,3963,121007,5249,0.03138860727410975,0.5698002605297439
5486,0.5523,7,9,7,672490,3954,121014,5242,0.03131732353313902,0.5700304480208787
5487,0.5524,2,3,2,672493,3951,121016,5240,0.031293562286148775,0.5701229463605701
5488,0.5525,6,5,6,672498,3946,121022,5234,0.03125396020783171,0.5701525054466231
5489,0.5526,3,3,3,672501,3943,121025,5231,0.031230198960841466,0.5701983867451493
5490,0.5527,6,3,6,672504,3940,121031,5225,0.03120643771385122,0.5701036552100381
5491,0.5528,6,3,6,672507,3937,121037,5219,0.03118267646686098,0.5700087374399301
5492,0.5529,4,5,4,672512,3932,121041,5215,0.031143074388543912,0.5701322838088991
5493,0.553,7,6,7,672518,3926,121048,5208,0.031095551894563426,0.5701773593168382
5494,0.5531,7,3,7,672521,3923,121055,5201,0.031071790647573184,0.5700350723366945
5495,0.5532,9,3,9,672524,3920,121064,5192,0.031048029400582943,0.5697980684811238
5496,0.5533,6,6,6,672530,3914,121070,5186,0.031000506906602457,0.5698901098901099
5497,0.5534,10,4,10,672534,3910,121080,5176,0.030968825243948804,0.5696676205150781
5498,0.5535,6,6,6,672540,3904,121086,5170,0.030921302749968318,0.5697597531408419
5499,0.5536,4,9,4,672549,3895,121090,5166,0.030850019008997594,0.5701357466063348
5500,0.5537,8,8,8,672557,3887,121098,5158,0.03078665568369028,0.5702598120508569
5501,0.5538,9,2,9,672559,3885,121107,5149,0.03077081485236345,0.5699579366836396
5502,0.5539,3,2,3,672561,3883,121110,5146,0.030754974021036625,0.5699413002547348
5503,0.554,6,4,6,672565,3879,121116,5140,0.03072329235838297,0.5699079720589866
5504,0.5541,7,4,7,672569,3875,121123,5133,0.030691610695729312,0.5698268206039077
5505,0.5542,4,5,4,672574,3870,121127,5129,0.03065200861741224,0.5699522169129904
5506,0.5543,3,9,3,672583,3861,121130,5126,0.030580724876441517,0.5703794369645043
5507,0.5544,7,4,7,672587,3857,121137,5119,0.03054904321378786,0.5702985739750446
5508,0.5545,11,8,11,672595,3849,121148,5108,0.030485679888480548,0.5702802277548287
5509,0.5546,8,7,8,672602,3842,121156,5100,0.03043023697883665,0.5703422053231939
5510,0.5547,4,7,4,672609,3835,121160,5096,0.030374794069192752,0.5705967976710334
5511,0.5548,7,6,7,672615,3829,121167,5089,0.030327271575212266,0.5706436420722135
5512,0.5549,3,4,3,672619,3825,121170,5086,0.03029558991255861,0.5707552463247672
5513,0.555,11,6,11,672625,3819,121181,5075,0.030248067418578127,0.5706093995952327
5514,0.5551,5,5,5,672630,3814,121186,5070,0.030208465340261056,0.5706888788833858
5515,0.5552,5,5,5,672635,3809,121191,5065,0.030168863261943988,0.5707685372999775
5516,0.5553,2,2,2,672637,3807,121193,5063,0.030153022430617158,0.5708004509582864
5517,0.5554,10,3,10,672640,3804,121203,5053,0.030129261183626917,0.5705092017613187
5518,0.5555,2,6,2,672646,3798,121205,5051,0.030081738689646434,0.5707989603345011
5519,0.5556,7,6,7,672652,3792,121212,5044,0.030034216195665948,0.5708465368945224
5520,0.5557,4,5,4,672657,3787,121216,5040,0.02999461411734888,0.570975416336241
5521,0.5558,5,5,5,672662,3782,121221,5035,0.02995501203903181,0.5710559147102189
5522,0.5559,4,6,4,672668,3776,121225,5031,0.029907489545051326,0.5712501419325536
5523,0.556,6,6,6,672674,3770,121231,5025,0.02985996705107084,0.5713473564525299
5524,0.5561,7,4,7,672678,3766,121238,5018,0.029828285388417183,0.5712659380692168
5525,0.5562,11,4,11,672682,3762,121249,5007,0.029796603725763527,0.5709887102292166
5526,0.5563,6,5,6,672687,3757,121255,5001,0.02975700164744646,0.5710207810002284
5527,0.5564,11,6,11,672693,3751,121266,4990,0.029709479153465973,0.570872897837776
5528,0.5565,8,4,8,672697,3747,121274,4982,0.029677797490812317,0.570741207469355
5529,0.5566,8,4,8,672701,3743,121282,4974,0.02964611582815866,0.5706091545256395
5530,0.5567,4,2,4,672703,3741,121286,4970,0.029630274996831834,0.570542991619791
5531,0.5568,4,8,4,672711,3733,121290,4966,0.02956691167152452,0.5708702149672377
5532,0.5569,9,5,9,672716,3728,121299,4957,0.02952730959320745,0.5707541738629821
5533,0.557,9,3,9,672719,3725,121308,4948,0.02950354834621721,0.5705061685691226
5534,0.5571,6,10,6,672729,3715,121314,4942,0.02942434418958307,0.5708675060644565
5535,0.5572,3,7,3,672736,3708,121317,4939,0.029368901279939172,0.5711807563316758
5536,0.5573,2,3,2,672739,3705,121319,4937,0.02934514003294893,0.5712797963434391
5537,0.5574,5,8,5,672747,3697,121324,4932,0.029281776707641618,0.5715610151813652
5538,0.5575,2,6,2,672753,3691,121326,4930,0.02923425421366113,0.5718594130611298
5539,0.5576,6,5,6,672758,3686,121332,4924,0.029194652135344064,0.5718931475029037
5540,0.5577,5,4,5,672762,3682,121337,4919,0.029162970472690408,0.5719102429950006
5541,0.5578,6,6,6,672768,3676,121343,4913,0.02911544797870992,0.5720107113750146
5542,0.5579,10,7,10,672775,3669,121353,4903,0.029060005069066024,0.571978534764349
5543,0.558,4,11,4,672786,3658,121357,4899,0.02897288049676847,0.5725137314479374
5544,0.5581,9,3,9,672789,3655,121366,4890,0.028949119249778228,0.572264482153306
5545,0.5582,2,6,2,672795,3649,121368,4888,0.028901596755797745,0.5725664753426262
5546,0.5583,2,6,2,672801,3643,121370,4886,0.02885407426181726,0.5728690350568648
5547,0.5584,4,6,4,672807,3637,121374,4882,0.028806551767836776,0.5730719568024416
5548,0.5585,8,6,8,672813,3631,121382,4874,0.02875902927385629,0.5730746619635508
5549,0.5586,8,8,8,672821,3623,121390,4866,0.02869566594854898,0.5732123925079514
5550,0.5587,5,5,5,672826,3618,121395,4861,0.02865606387023191,0.5732987380587333
5551,0.5588,9,6,9,672832,3612,121404,4852,0.028608541376251427,0.5732514177693762
5552,0.5589,4,6,4,672838,3606,121408,4848,0.02856101888227094,0.5734563520227112
5553,0.559,3,2,3,672840,3604,121411,4845,0.028545178050944114,0.5734406438631791
5554,0.5591,6,2,6,672842,3602,121417,4839,0.028529337219617285,0.5732733088496623
5555,0.5592,6,6,6,672848,3596,121423,4833,0.028481814725636802,0.5733776248665322
5556,0.5593,4,5,4,672853,3591,121427,4829,0.02844221264731973,0.5735154394299288
5557,0.5594,2,7,2,672860,3584,121429,4827,0.028386769737675833,0.5738913327785043
5558,0.5595,9,5,9,672865,3579,121438,4818,0.02834716765935876,0.5737763486959628
5559,0.5596,9,7,9,672872,3572,121447,4809,0.028291724749714864,0.573797876148431
5560,0.5597,5,5,5,672877,3567,121452,4804,0.028252122671397796,0.5738860351212519
5561,0.5598,7,7,7,672884,3560,121459,4797,0.0281966797617539,0.5740098121335407
5562,0.5599,2,7,2,672891,3553,121461,4795,0.028141236852109997,0.5743890752275994
5563,0.56,5,5,5,672896,3548,121466,4790,0.02810163477379293,0.5744782921563925
5564,0.5601,6,2,6,672898,3546,121472,4784,0.0280857939424661,0.5743097238895558
5565,0.5602,5,6,5,672904,3540,121477,4779,0.028038271448485617,0.574468085106383
5566,0.5603,7,5,7,672909,3535,121484,4772,0.027998669370168545,0.5744552786806308
5567,0.5604,6,8,6,672917,3527,121490,4766,0.027935306044861233,0.5747015555287592
5568,0.5605,6,3,6,672920,3524,121496,4760,0.02791154479787099,0.5746016417189763
5569,0.5606,6,7,6,672927,3517,121502,4754,0.027856101888227094,0.5747793495345181
5570,0.5607,2,5,2,672932,3512,121504,4752,0.027816499809910022,0.5750242013552759
5571,0.5608,4,1,4,672933,3511,121508,4748,0.02780857939424661,0.5748880009686402
5572,0.5609,5,4,5,672937,3507,121513,4743,0.027776897731592955,0.5749090909090909
5573,0.561,5,8,5,672945,3499,121518,4738,0.027713534406285642,0.5752094209056695
5574,0.5611,6,4,6,672949,3495,121524,4732,0.027681852743631986,0.5751792877111949
5575,0.5612,5,2,5,672951,3493,121529,4727,0.02766601191230516,0.5750608272506083
5576,0.5613,3,5,3,672956,3488,121532,4724,0.027626409833988088,0.5752557233317097
5577,0.5614,6,6,6,672962,3482,121538,4718,0.027578887340007605,0.5753658536585365
5578,0.5615,7,2,7,672964,3480,121545,4711,0.027563046508680775,0.5751434501281895
5579,0.5616,2,4,2,672968,3476,121547,4709,0.02753136484602712,0.5753207086133171
5580,0.5617,3,3,3,672971,3473,121550,4706,0.027507603599036878,0.575375962831642
5581,0.5618,9,8,9,672979,3465,121559,4697,0.027444240273729565,0.5754716981132075
5582,0.5619,6,5,6,672984,3460,121565,4691,0.027404638195412494,0.5755122070911545
5583,0.562,3,5,3,672989,3455,121568,4688,0.027365036117095426,0.5757091980842441
5584,0.5621,6,2,6,672991,3453,121574,4682,0.027349195285768596,0.5755377996312231
5585,0.5622,7,4,7,672995,3449,121581,4675,0.02731751362311494,0.5754554406696208
5586,0.5623,5,4,5,672999,3445,121586,4670,0.027285831960461283,0.5754775107825015
5587,0.5624,8,4,8,673003,3441,121594,4662,0.02725415029780763,0.5753424657534246
5588,0.5625,5,4,5,673007,3437,121599,4657,0.027222468635153974,0.5753644675067952
5589,0.5626,2,6,2,673013,3431,121601,4655,0.027174946141173488,0.5756863715063072
5590,0.5627,6,5,6,673018,3426,121607,4649,0.02713534406285642,0.5757275541795666
5591,0.5628,5,0,5,673018,3426,121612,4644,0.02713534406285642,0.5754646840148699
5592,0.5629,3,1,3,673019,3425,121615,4641,0.027127423647193005,0.575378130424002
5593,0.563,7,6,7,673025,3419,121622,4634,0.02707990115321252,0.575437725071402
5594,0.5631,3,4,3,673029,3415,121625,4631,0.027048219490558866,0.5755654983842904
5595,0.5632,6,2,6,673031,3413,121631,4625,0.027032378659232036,0.575391888529485
5596,0.5633,3,3,3,673034,3410,121634,4622,0.027008617412241795,0.5754482071713147
5597,0.5634,8,10,8,673044,3400,121642,4614,0.026929413255607656,0.5757424507112553
5598,0.5635,7,7,7,673051,3393,121649,4607,0.026873970345963755,0.575875
5599,0.5636,4,3,4,673054,3390,121653,4603,0.026850209098973513,0.5758788940322782
5600,0.5637,6,5,6,673059,3385,121659,4597,0.026810607020656445,0.5759208218491606
5601,0.5638,5,1,5,673060,3384,121664,4592,0.02680268660499303,0.5757271815446339
5602,0.5639,2,3,2,673063,3381,121666,4590,0.02677892535800279,0.5758374106134738
5603,0.564,2,1,2,673064,3380,121668,4588,0.026771004942339374,0.5758032128514057
5604,0.5641,2,5,2,673069,3375,121670,4586,0.026731402864022303,0.5760582841351589
5605,0.5642,5,2,5,673071,3373,121675,4581,0.026715562032695477,0.5759366356550163
5606,0.5643,4,5,4,673076,3368,121679,4577,0.026675959954378405,0.5760855884203901
5607,0.5644,6,3,6,673079,3365,121685,4571,0.026652198707388164,0.5759828629032258
5608,0.5645,6,1,6,673080,3364,121691,4565,0.02664427829172475,0.5757346449741455
5609,0.5646,5,5,5,673085,3359,121696,4560,0.02660467621340768,0.5758302816012123
5610,0.5647,7,2,7,673087,3357,121703,4553,0.02658883538208085,0.5756005056890012
5611,0.5648,5,5,5,673092,3352,121708,4548,0.02654923330376378,0.5756962025316456
5612,0.5649,8,5,8,673097,3347,121716,4540,0.026509631225446712,0.5756307848358058
5613,0.565,5,5,5,673102,3342,121721,4535,0.02647002914712964,0.5757267995429732
5614,0.5651,3,3,3,673105,3339,121724,4532,0.0264462679001394,0.5757845254732562
5615,0.5652,5,3,5,673108,3336,121729,4527,0.026422506653149158,0.5757344524990462
5616,0.5653,2,5,2,673113,3331,121731,4525,0.026382904574832087,0.5759928716904277
5617,0.5654,6,4,6,673117,3327,121737,4519,0.02635122291217843,0.5759622737700739
5618,0.5655,5,5,5,673122,3322,121742,4514,0.026311620833861363,0.576059213884635
5619,0.5656,4,5,4,673127,3317,121746,4510,0.02627201875554429,0.5762105532132362
5620,0.5657,8,5,8,673132,3312,121754,4502,0.02623241667722722,0.5761453800870233
5621,0.5658,3,8,3,673140,3304,121757,4499,0.026169053351919908,0.5765731129052928
5622,0.5659,5,6,5,673146,3298,121762,4494,0.026121530857939425,0.5767453798767967
5623,0.566,9,4,9,673150,3294,121771,4485,0.02608984919528577,0.5765522560740455
5624,0.5661,6,5,6,673155,3289,121777,4479,0.026050247116968697,0.5765962924819773
5625,0.5662,7,4,7,673159,3285,121784,4472,0.02601856545431504,0.5765115379657084
5626,0.5663,3,4,3,673163,3281,121787,4469,0.025986883791661388,0.5766451612903226
5627,0.5664,4,2,4,673165,3279,121791,4465,0.025971042960334558,0.5765754132231405
5628,0.5665,0,7,0,673172,3272,121791,4465,0.02591560005069066,0.5770970660462712
5629,0.5666,5,6,5,673178,3266,121796,4460,0.025868077556710178,0.5772715506083355
5630,0.5667,9,4,9,673182,3262,121805,4451,0.02583639589405652,0.5770776610916635
5631,0.5668,7,5,7,673187,3257,121812,4444,0.02579679381573945,0.5770679132580184
5632,0.5669,4,4,4,673191,3253,121816,4440,0.025765112153085794,0.5771480566748992
5633,0.567,5,2,5,673193,3251,121821,4435,0.025749271321758967,0.5770231589903722
5634,0.5671,5,4,5,673197,3247,121826,4430,0.02571758965910531,0.5770483261690764
5635,0.5672,8,4,8,673201,3243,121834,4422,0.025685907996451655,0.5769080234833659
5636,0.5673,5,2,5,673203,3241,121839,4417,0.025670067165124825,0.576782449725777
5637,0.5674,5,8,5,673211,3233,121844,4412,0.025606703839817512,0.5771092217135383
5638,0.5675,8,4,8,673215,3229,121852,4404,0.025575022177163856,0.5769684265688458
5639,0.5676,5,4,5,673219,3225,121857,4399,0.025543340514510203,0.57699370409234
5640,0.5677,7,6,7,673225,3219,121864,4392,0.025495818020529717,0.5770595191170674
5641,0.5678,3,2,3,673227,3217,121867,4389,0.02547997718920289,0.5770444386011044
5642,0.5679,6,6,6,673233,3211,121873,4383,0.025432454695222404,0.5771661838293389
5643,0.568,5,5,5,673238,3206,121878,4378,0.025392852616905336,0.5772679324894515
5644,0.5681,6,7,6,673245,3199,121884,4372,0.02533740970726144,0.577466649055607
5645,0.5682,4,9,4,673254,3190,121888,4368,0.02526612596629071,0.5779306694892828
5646,0.5683,3,4,3,673258,3186,121891,4365,0.025234444303637055,0.5780691299165673
5647,0.5684,4,2,4,673260,3184,121895,4361,0.02521860347231023,0.5779986746189529
5648,0.5685,8,5,8,673265,3179,121903,4353,0.025179001393993157,0.5779341476367499
5649,0.5686,5,4,5,673269,3175,121908,4348,0.0251473197313395,0.5779609198458062
5650,0.5687,4,11,4,673280,3164,121912,4344,0.025060195159041947,0.5785828449653703
5651,0.5688,4,5,4,673285,3159,121916,4340,0.025020593080724875,0.5787438325110015
5652,0.5689,4,5,4,673290,3154,121920,4336,0.024980991002407808,0.5789052069425901
5653,0.569,5,4,5,673294,3150,121925,4331,0.02494930933975415,0.5789332976874749
5654,0.5691,2,6,2,673300,3144,121927,4329,0.024901786845773665,0.5792854275391409
5655,0.5692,3,6,3,673306,3138,121930,4326,0.024854264351793182,0.5795819935691319
5656,0.5693,4,3,4,673309,3135,121934,4322,0.02483050310480294,0.5795896473112512
5657,0.5694,4,3,4,673312,3132,121938,4318,0.0248067418578127,0.5795973154362416
5658,0.5695,4,8,4,673320,3124,121942,4314,0.024743378532505387,0.5799946222102715
5659,0.5696,1,6,1,673326,3118,121943,4313,0.0246958560385249,0.5804064055981698
5660,0.5697,7,0,7,673326,3118,121950,4306,0.0246958560385249,0.580010775862069
5661,0.5698,1,4,1,673330,3114,121951,4305,0.024664174375871244,0.5802668823291549
5662,0.5699,4,3,4,673333,3111,121955,4301,0.024640413128881003,0.5802752293577982
5663,0.57,6,6,6,673339,3105,121961,4295,0.02459289063490052,0.5804054054054054
5664,0.5701,3,1,3,673340,3104,121964,4292,0.024584970219237105,0.5803136830719308
5665,0.5702,4,1,4,673341,3103,121968,4288,0.02457704980357369,0.5801650656203491
5666,0.5703,6,2,6,673343,3101,121974,4282,0.024561208972246864,0.5799810375186238
5667,0.5704,7,6,7,673349,3095,121981,4275,0.024513686478266378,0.5800542740841248
5668,0.5705,6,7,6,673356,3088,121987,4269,0.02445824356862248,0.5802636944406687
5669,0.5706,4,7,4,673363,3081,121991,4265,0.024402800658978582,0.580588075142935
5670,0.5707,4,7,4,673370,3074,121995,4261,0.024347357749334685,0.5809134287661895
5671,0.5708,4,6,4,673376,3068,121999,4257,0.024299835255354202,0.581160409556314
5672,0.5709,9,1,9,673377,3067,122008,4248,0.024291914839690787,0.5807245386192754
5673,0.571,7,6,7,673383,3061,122015,4241,0.024244392345710304,0.5807997808819502
5674,0.5711,4,5,4,673388,3056,122019,4237,0.024204790267393233,0.5809680515562868
5675,0.5712,7,5,7,673393,3051,122026,4230,0.02416518818907616,0.580964153275649
5676,0.5713,2,3,2,673396,3048,122028,4228,0.02414142694208592,0.5810885101704233
5677,0.5714,5,7,5,673403,3041,122033,4223,0.024085984032442023,0.5813601321585903
5678,0.5715,7,8,7,673411,3033,122040,4216,0.02402262070713471,0.5815974617188577
5679,0.5716,6,4,6,673415,3029,122046,4210,0.023990939044481054,0.5815720403370631
5680,0.5717,6,4,6,673419,3025,122052,4204,0.023959257381827397,0.5815465486235994
5681,0.5718,3,5,3,673424,3020,122055,4201,0.02391965530351033,0.5817753773715552
5682,0.5719,5,6,5,673430,3014,122060,4196,0.023872132809529843,0.5819694868238557
5683,0.572,7,3,7,673433,3011,122067,4189,0.023848371562539602,0.5818055555555556
5684,0.5721,4,4,4,673437,3007,122071,4185,0.023816689899885946,0.5818965517241379
5685,0.5722,9,8,9,673445,2999,122080,4176,0.023753326574578633,0.582020905923345
5686,0.5723,4,2,4,673447,2997,122084,4172,0.023737485743251806,0.5819500627702608
5687,0.5724,4,5,4,673452,2992,122088,4168,0.023697883664934735,0.582122905027933
5688,0.5725,2,3,2,673455,2989,122090,4166,0.023674122417944494,0.5822501747030049
5689,0.5726,5,4,5,673459,2985,122095,4161,0.023642440755290837,0.5822837951301427
5690,0.5727,4,3,4,673462,2982,122099,4157,0.023618679508300596,0.5822944389970585
5691,0.5728,6,5,6,673467,2977,122105,4151,0.023579077429983525,0.582351290684624
5692,0.5729,2,4,2,673471,2973,122107,4149,0.02354739576732987,0.5825610783487785
5693,0.573,2,1,2,673472,2972,122109,4147,0.023539475351666457,0.5825256356229808
5694,0.5731,7,4,7,673476,2968,122116,4140,0.0235077936890128,0.58244231851435
5695,0.5732,5,0,5,673476,2968,122121,4135,0.0235077936890128,0.5821483880050683
5696,0.5733,6,5,6,673481,2963,122127,4129,0.02346819161069573,0.582205301748449
5697,0.5734,3,6,3,673487,2957,122130,4126,0.023420669116715247,0.5825215304249611
5698,0.5735,7,0,7,673487,2957,122137,4119,0.023420669116715247,0.5821085358959864
5699,0.5736,1,2,1,673489,2955,122138,4118,0.023404828285388417,0.5822140534426693
5700,0.5737,2,2,2,673491,2953,122140,4116,0.02338898745406159,0.5822605743386617
5701,0.5738,8,1,8,673492,2952,122148,4108,0.023381067038398175,0.5818696883852691
5702,0.5739,4,2,4,673494,2950,122152,4104,0.023365226207071346,0.5817975616671393
5703,0.574,10,6,10,673500,2944,122162,4094,0.023317703713090863,0.5816993464052288
5704,0.5741,7,7,7,673507,2937,122169,4087,0.023262260803446965,0.5818621867881549
5705,0.5742,6,6,6,673513,2931,122175,4081,0.023214738309466482,0.582002281802624
5706,0.5743,6,4,6,673517,2927,122181,4075,0.023183056646812826,0.5819765781205369
5707,0.5744,3,2,3,673519,2925,122184,4072,0.023167215815485996,0.5819636987280263
5708,0.5745,7,9,7,673528,2916,122191,4065,0.023095932074515272,0.5822948001718952
5709,0.5746,4,5,4,673533,2911,122195,4061,0.0230563299961982,0.5824727481353987
5710,0.5747,0,2,0,673535,2909,122195,4061,0.02304048916487137,0.5826398852223816
5711,0.5748,5,3,5,673538,2906,122200,4056,0.02301672791788113,0.5825912094225797
5712,0.5749,4,2,4,673540,2904,122204,4052,0.023000887086554303,0.5825186889016676
5713,0.575,7,3,7,673543,2901,122211,4045,0.02297712583956406,0.5823495536999712
5714,0.5751,1,5,1,673548,2896,122212,4044,0.02293752376124699,0.5827089337175793
5715,0.5752,6,2,6,673550,2894,122218,4038,0.02292168292992016,0.5825158684362377
5716,0.5753,6,3,6,673553,2891,122224,4032,0.02289792168292992,0.5824064711830131
5717,0.5754,1,2,1,673555,2889,122225,4031,0.022882080851603093,0.582514450867052
5718,0.5755,4,4,4,673559,2885,122229,4027,0.022850399188949436,0.5826099537037037
5719,0.5756,3,3,3,673562,2882,122232,4024,0.022826637941959195,0.5826817260353316
5720,0.5757,6,5,6,673567,2877,122238,4018,0.022787035863642124,0.582741116751269
5721,0.5758,4,2,4,673569,2875,122242,4014,0.022771195032315297,0.5826680214835245
5722,0.5759,4,7,4,673576,2868,122246,4010,0.022715752122671396,0.5830183192788602
5723,0.576,5,4,5,673580,2864,122251,4005,0.022684070460017743,0.5830543019362353
5724,0.5761,2,6,2,673586,2858,122253,4003,0.022636547966037257,0.5834426468444833
5725,0.5762,9,6,9,673592,2852,122262,3994,0.022589025472056774,0.5834063686824423
5726,0.5763,4,5,4,673597,2847,122266,3990,0.022549423393739703,0.5835892935498025
5727,0.5764,3,8,3,673605,2839,122269,3987,0.02248606006843239,0.5840902431878113
5728,0.5765,5,3,5,673608,2836,122274,3982,0.02246229882144215,0.58404224112643
5729,0.5766,3,2,3,673610,2834,122277,3979,0.022446457990115323,0.5840305298693674
5730,0.5767,7,7,7,673617,2827,122284,3972,0.02239101508047142,0.5842035593469628
5731,0.5768,7,6,7,673623,2821,122291,3965,0.02234349258649094,0.5842911877394636
5732,0.5769,2,3,2,673626,2818,122293,3963,0.022319731339500697,0.5844270756525586
5733,0.577,4,4,4,673630,2814,122297,3959,0.02228804967684704,0.584526797578621
5734,0.5771,2,4,2,673634,2810,122299,3957,0.022256368014193385,0.5847495197280922
5735,0.5772,4,4,4,673638,2806,122303,3953,0.02222468635153973,0.5848498298564876
5736,0.5773,1,5,1,673643,2801,122304,3952,0.022185084273222657,0.5852213830889975
5737,0.5774,7,8,7,673651,2793,122311,3945,0.022121720947915348,0.5854853072128228
5738,0.5775,4,5,4,673656,2788,122315,3941,0.022082118869598277,0.5856739485807698
5739,0.5776,3,3,3,673659,2785,122318,3938,0.022058357622608035,0.5857504090435818
5740,0.5777,4,4,4,673663,2781,122322,3934,0.02202667595995438,0.5858525688756515
5741,0.5778,3,3,3,673666,2778,122325,3931,0.022002914712964138,0.5859293486361604
5742,0.5779,6,6,6,673672,2772,122331,3925,0.02195539221898365,0.5860833208899507
5743,0.578,8,1,8,673673,2771,122339,3917,0.02194747180332024,0.5856758373205742
5744,0.5781,3,6,3,673679,2765,122342,3914,0.021899949309339754,0.5860158706393173
5745,0.5782,2,4,2,673683,2761,122344,3912,0.021868267646686097,0.5862430690843698
5746,0.5783,4,2,4,673685,2759,122348,3908,0.02185242681535927,0.5861706914654268
5747,0.5784,1,2,1,673687,2757,122349,3907,0.02183658598403244,0.5862845138055222
5748,0.5785,5,9,5,673696,2748,122354,3902,0.021765302243061717,0.586766917293233
5749,0.5786,3,4,3,673700,2744,122357,3899,0.02173362058040806,0.5869336143308747
5750,0.5787,4,5,4,673705,2739,122361,3895,0.02169401850209099,0.5871269219173952
5751,0.5788,9,0,9,673705,2739,122370,3886,0.02169401850209099,0.586566037735849
5752,0.5789,7,7,7,673712,2732,122377,3879,0.02163857559244709,0.5867493571320527
5753,0.579,5,4,5,673716,2728,122382,3874,0.021606893929793435,0.5867918812481067
5754,0.5791,8,2,8,673718,2726,122390,3866,0.02159105309846661,0.5864684466019418
5755,0.5792,5,6,5,673724,2720,122395,3861,0.021543530604486123,0.5866889530466495
5756,0.5793,1,4,1,673728,2716,122396,3860,0.021511848941832466,0.5869829683698297
5757,0.5794,2,2,2,673730,2714,122398,3858,0.02149600811050564,0.5870359099208764
5758,0.5795,7,1,7,673731,2713,122405,3851,0.021488087694842225,0.5866849482023156
5759,0.5796,2,3,2,673734,2710,122407,3849,0.021464326447851984,0.5868272602530874
5760,0.5797,4,4,4,673738,2706,122411,3845,0.021432644785198327,0.5869332926270798
5761,0.5798,3,3,3,673741,2703,122414,3842,0.021408883538208086,0.587012987012987
5762,0.5799,4,9,4,673750,2694,122418,3838,0.021337599797237358,0.5875688916105327
5763,0.58,1,4,1,673754,2690,122419,3837,0.021305918134583702,0.5878657882641336
5764,0.5801,2,3,2,673757,2687,122421,3835,0.02128215688759346,0.5880098129408157
5765,0.5802,3,4,3,673761,2683,122424,3832,0.021250475224939804,0.5881811204911742
5766,0.5803,7,6,7,673767,2677,122431,3825,0.02120295273095932,0.5882805290679791
5767,0.5804,2,4,2,673771,2673,122433,3823,0.021171271068305665,0.5885160098522167
5768,0.5805,8,2,8,673773,2671,122441,3815,0.021155430236978835,0.5881899475794018
5769,0.5806,7,1,7,673774,2670,122448,3808,0.021147509821315424,0.5878357517752393
5770,0.5807,5,6,5,673780,2664,122453,3803,0.021099987327334938,0.5880624710066491
5771,0.5808,6,5,6,673785,2659,122459,3797,0.02106038524901787,0.5881350681536555
5772,0.5809,6,5,6,673790,2654,122465,3791,0.0210207831707008,0.5882079131109387
5773,0.581,7,4,7,673794,2650,122472,3784,0.020989101508047142,0.5881255828411563
5774,0.5811,3,3,3,673797,2647,122475,3781,0.0209653402610569,0.5882078406969509
5775,0.5812,5,3,5,673800,2644,122480,3776,0.02094157901406666,0.5881619937694704
5776,0.5813,1,3,1,673803,2641,122481,3775,0.020917817767076415,0.5883728179551122
5777,0.5814,4,0,4,673803,2641,122485,3771,0.020917817767076415,0.5881160324391765
5778,0.5815,1,5,1,673808,2636,122486,3770,0.020878215688759347,0.588510771152045
5779,0.5816,2,4,2,673812,2632,122488,3768,0.02084653402610569,0.58875
5780,0.5817,3,5,3,673817,2627,122491,3765,0.02080693194778862,0.589017521902378
5781,0.5818,3,1,3,673818,2626,122494,3762,0.020799011532125204,0.5889167188478397
5782,0.5819,4,3,4,673821,2623,122498,3758,0.020775250285134963,0.588935903463407
5783,0.582,6,2,6,673823,2621,122504,3752,0.020759409453808136,0.5887337203828652
5784,0.5821,3,5,3,673828,2616,122507,3749,0.020719807375491065,0.5890023566378633
5785,0.5822,4,3,4,673831,2613,122511,3745,0.020696046128500824,0.5890217049386599
5786,0.5823,5,3,5,673834,2610,122516,3740,0.020672284881510582,0.5889763779527559
5787,0.5824,4,2,4,673836,2608,122520,3736,0.020656444050183752,0.5889029003783102
5788,0.5825,6,2,6,673838,2606,122526,3730,0.020640603218856926,0.5886994949494949
5789,0.5826,6,4,6,673842,2602,122532,3724,0.02060892155620327,0.5886816313626304
5790,0.5827,2,3,2,673845,2599,122534,3722,0.02058516030921303,0.5888308811896852
5791,0.5828,6,4,6,673849,2595,122540,3716,0.020553478646559372,0.5888131833306924
5792,0.5829,4,1,4,673850,2594,122544,3712,0.020545558230895957,0.5886457342213764
5793,0.583,1,2,1,673852,2592,122545,3711,0.02052971739956913,0.5887672536887196
5794,0.5831,5,7,5,673859,2585,122550,3706,0.020474274489925233,0.5890955333015419
5795,0.5832,5,2,5,673861,2583,122555,3701,0.020458433658598403,0.5889560789306174
5796,0.5833,3,5,3,673866,2578,122558,3698,0.020418831580281332,0.5892288081580624
5797,0.5834,7,3,7,673869,2575,122565,3691,0.02039507033329109,0.5890520268113629
5798,0.5835,4,6,4,673875,2569,122569,3687,0.020347547839310608,0.5893542199488491
5799,0.5836,4,5,4,673880,2564,122573,3683,0.020307945760993536,0.589562990235313
5800,0.5837,3,5,3,673885,2559,122576,3680,0.020268343682676465,0.5898381150825452
5801,0.5838,2,3,2,673888,2556,122578,3678,0.020244582435686224,0.5899903753609239
5802,0.5839,4,1,4,673889,2555,122582,3674,0.020236662020022812,0.5898218012522074
5803,0.584,1,2,1,673891,2553,122583,3673,0.020220821188695982,0.5899453902987472
5804,0.5841,4,5,4,673896,2548,122587,3669,0.02018121911037891,0.5901560238056941
5805,0.5842,6,6,6,673902,2542,122593,3663,0.02013369661639843,0.5903303787268332
5806,0.5843,7,5,7,673907,2537,122600,3656,0.020094094538081357,0.5903439367027289
5807,0.5844,0,10,0,673917,2527,122600,3656,0.020014890381447218,0.5912987223030891
5808,0.5845,6,2,6,673919,2525,122606,3650,0.01999904955012039,0.5910931174089069
5809,0.5846,2,3,2,673922,2522,122608,3648,0.019975288303130147,0.5912479740680713
5810,0.5847,3,2,3,673924,2520,122611,3645,0.01995944747180332,0.5912408759124088
5811,0.5848,5,1,5,673925,2519,122616,3640,0.019951527056139905,0.5910050332846242
5812,0.5849,4,1,4,673926,2518,122620,3636,0.019943606640476494,0.590835229119272
5813,0.585,5,4,5,673930,2514,122625,3631,0.019911924977822838,0.5908868999186331
5814,0.5851,3,2,3,673932,2512,122628,3628,0.019896084146496008,0.5908794788273616
5815,0.5852,5,2,5,673934,2510,122633,3623,0.01988024331516918,0.5907386270992989
5816,0.5853,6,1,6,673935,2509,122639,3617,0.019872322899505766,0.5904342148220698
5817,0.5854,6,5,6,673940,2504,122645,3611,0.019832720821188695,0.5905151267375307
5818,0.5855,5,3,5,673943,2501,122650,3606,0.019808959574198454,0.5904699525135091
5819,0.5856,1,2,1,673945,2499,122651,3605,0.019793118742871627,0.5905963302752294
5820,0.5857,6,3,6,673948,2496,122657,3599,0.019769357495881382,0.5904840032813782
5821,0.5858,5,3,5,673951,2493,122662,3594,0.01974559624889114,0.590438639724002
5822,0.5859,6,3,6,673954,2490,122668,3588,0.0197218350019009,0.5903257650542941
5823,0.586,2,2,2,673956,2488,122670,3586,0.019705994170574073,0.5903852486005927
5824,0.5861,5,2,5,673958,2486,122675,3581,0.019690153339247243,0.5902422943794297
5825,0.5862,3,2,3,673960,2484,122678,3578,0.019674312507920417,0.5902342461233916
5826,0.5863,4,2,4,673962,2482,122682,3574,0.019658471676593587,0.5901585204755614
5827,0.5864,4,4,4,673966,2478,122686,3570,0.01962679001393993,0.5902777777777778
5828,0.5865,1,5,1,673971,2473,122687,3569,0.019587187935622863,0.5906984442237669
5829,0.5866,6,0,6,673971,2473,122693,3563,0.019587187935622863,0.5902915838303512
5830,0.5867,7,3,7,673974,2470,122700,3556,0.019563426688632618,0.5901095253899767
5831,0.5868,2,7,2,673981,2463,122702,3554,0.01950798377898872,0.59065979724115
5832,0.5869,6,8,6,673989,2455,122708,3548,0.019444620453681408,0.5910378144261202
5833,0.587,4,6,4,673995,2449,122712,3544,0.019397097959700925,0.5913565826797931
5834,0.5871,2,2,2,673997,2447,122714,3542,0.0193812571283741,0.5914175989313741
5835,0.5872,4,3,4,674000,2444,122718,3538,0.019357495881383854,0.5914409896355733
5836,0.5873,1,5,1,674005,2439,122719,3537,0.019317893803066786,0.5918674698795181
5837,0.5874,2,4,2,674009,2435,122721,3535,0.01928621214041313,0.5921273031825796
5838,0.5875,5,3,5,674012,2432,122726,3530,0.019262450893422888,0.5920831935592084
5839,0.5876,4,2,4,674014,2430,122730,3526,0.019246610062096058,0.5920080591000672
5840,0.5877,4,4,4,674018,2426,122734,3522,0.019214928399442402,0.5921318090114324
5841,0.5878,4,1,4,674019,2425,122738,3518,0.019207007983778987,0.5919569241124012
5842,0.5879,3,6,3,674025,2419,122741,3515,0.019159485489798504,0.5923491742500843
5843,0.588,8,3,8,674028,2416,122749,3507,0.019135724242808263,0.5920985986830998
5844,0.5881,4,1,4,674029,2415,122753,3503,0.019127803827144848,0.5919229469415344
5845,0.5882,10,4,10,674033,2411,122763,3493,0.01909612216449119,0.5916327913279132
5846,0.5883,9,3,9,674036,2408,122772,3484,0.01907236091750095,0.5913102511880516
5847,0.5884,8,3,8,674039,2405,122780,3476,0.01904859967051071,0.5910559428668594
5848,0.5885,8,9,8,674048,2396,122788,3468,0.01897731592953998,0.5914051841746248
5849,0.5886,4,3,4,674051,2393,122792,3464,0.01895355468254974,0.5914290592453475
5850,0.5887,4,5,4,674056,2388,122796,3460,0.01891395260423267,0.591655266757866
5851,0.5888,3,2,3,674058,2386,122799,3457,0.018898111772905842,0.5916481259626905
5852,0.5889,4,2,4,674060,2384,122803,3453,0.018882270941579016,0.5915710125064245
5853,0.589,4,4,4,674064,2380,122807,3449,0.01885058927892536,0.5916966889689483
5854,0.5891,0,4,0,674068,2376,122807,3449,0.018818907616271703,0.5921030042918455
5855,0.5892,8,5,8,674073,2371,122815,3441,0.018779305537954632,0.5920509291121817
5856,0.5893,2,5,2,674078,2366,122817,3439,0.01873970345963756,0.5924203273040483
5857,0.5894,4,3,4,674081,2363,122821,3435,0.01871594221264732,0.5924456709210072
5858,0.5895,5,5,5,674086,2358,122826,3430,0.018676340134330248,0.592605390463027
5859,0.5896,4,6,4,674092,2352,122830,3426,0.018628817640349765,0.592938733125649
5860,0.5897,4,2,4,674094,2350,122834,3422,0.01861297680902294,0.5928620928620929
5861,0.5898,2,5,2,674099,2345,122836,3420,0.018573374730705867,0.593235039028621
5862,0.5899,9,0,9,674099,2345,122845,3411,0.018573374730705867,0.5925990271021543
5863,0.59,5,4,5,674103,2341,122850,3406,0.01854169306805221,0.592657038454846
5864,0.5901,5,4,5,674107,2337,122855,3401,0.018510011405398555,0.5927152317880795
5865,0.5902,6,1,6,674108,2336,122861,3395,0.01850209098973514,0.5923922526609666
5866,0.5903,5,7,5,674115,2329,122866,3390,0.018446648080091242,0.5927609721979367
5867,0.5904,4,2,4,674117,2327,122870,3386,0.018430807248764416,0.5926833537545948
5868,0.5905,4,0,4,674117,2327,122874,3382,0.018430807248764416,0.5923979681205115
5869,0.5906,4,5,4,674122,2322,122878,3378,0.018391205170447344,0.5926315789473684
5870,0.5907,2,2,2,674124,2320,122880,3376,0.018375364339120518,0.5926966292134831
5871,0.5908,4,2,4,674126,2318,122884,3372,0.018359523507793688,0.5926186291739894
5872,0.5909,5,2,5,674128,2316,122889,3367,0.018343682676466862,0.5924687664965688
5873,0.591,4,1,4,674129,2315,122893,3363,0.018335762260803447,0.5922860162028883
5874,0.5911,0,3,0,674132,2312,122893,3363,0.018312001013813205,0.5925991189427313
5875,0.5912,7,3,7,674135,2309,122900,3356,0.018288239766822964,0.5924095322153574
5876,0.5913,5,4,5,674139,2305,122905,3351,0.018256558104169308,0.5924681753889675
5877,0.5914,4,7,4,674146,2298,122909,3347,0.01820111519452541,0.5929140832595217
5878,0.5915,6,3,6,674149,2295,122915,3341,0.018177353947535165,0.5927963094393187
5879,0.5916,3,3,3,674152,2292,122918,3338,0.018153592700544924,0.5928952042628775
5880,0.5917,5,1,5,674153,2291,122923,3333,0.01814567228488151,0.5926386913229018
5881,0.5918,2,4,2,674157,2287,122925,3331,0.018113990622227856,0.5929156283374867
5882,0.5919,4,3,4,674160,2284,122929,3327,0.01809022937523761,0.5929424345036536
5883,0.592,2,2,2,674162,2282,122931,3325,0.018074388543910785,0.5930087390761548
5884,0.5921,5,2,5,674164,2280,122936,3320,0.018058547712583955,0.5928571428571429
5885,0.5922,4,4,4,674168,2276,122940,3316,0.018026866049930302,0.5929899856938483
5886,0.5923,1,1,1,674169,2275,122941,3315,0.018018945634266887,0.5930232558139535
5887,0.5924,2,5,2,674174,2270,122943,3313,0.017979343555949816,0.5934085617051764
5888,0.5925,3,2,3,674176,2268,122946,3310,0.01796350272462299,0.5934026532807458
5889,0.5926,2,0,2,674176,2268,122948,3308,0.01796350272462299,0.5932568149210904
5890,0.5927,5,4,5,674180,2264,122953,3303,0.017931821061969333,0.5933177654032693
5891,0.5928,0,3,0,674183,2261,122953,3303,0.01790805981497909,0.5936376707404745
5892,0.5929,1,2,1,674185,2259,122954,3302,0.017892218983652262,0.5937780974644848
5893,0.593,6,2,6,674187,2257,122960,3296,0.017876378152325435,0.5935530343958221
5894,0.5931,4,4,4,674191,2253,122964,3292,0.01784469648967178,0.5936880072137061
5895,0.5932,3,2,3,674193,2251,122967,3289,0.01782885565834495,0.5936823104693141
5896,0.5933,3,5,3,674198,2246,122970,3286,0.01778925358002788,0.5939985538684021
5897,0.5934,4,8,4,674206,2238,122974,3282,0.01772589025472057,0.5945652173913043
5898,0.5935,3,2,3,674208,2236,122977,3279,0.01771004942339374,0.5945602901178604
5899,0.5936,9,1,9,674209,2235,122986,3270,0.017702129007730327,0.5940054495912807
5900,0.5937,9,2,9,674211,2233,122995,3261,0.017686288176403497,0.5935566072078631
5901,0.5938,5,5,5,674216,2228,123000,3256,0.017646686098086426,0.5937272064186725
5902,0.5939,5,5,5,674221,2223,123005,3251,0.01760708401976936,0.5938984289367921
5903,0.594,3,2,3,674223,2221,123008,3248,0.01759124318844253,0.5938928506125434
5904,0.5941,3,2,3,674225,2219,123011,3245,0.017575402357115702,0.593887262079063
5905,0.5942,3,1,3,674226,2218,123014,3242,0.017567481941452287,0.5937728937728938
5906,0.5943,0,5,0,674231,2213,123014,3242,0.017527879863135216,0.5943171402383135
5907,0.5944,5,1,5,674232,2212,123019,3237,0.017519959447471804,0.5940539548541016
5908,0.5945,4,7,4,674239,2205,123023,3233,0.017464516537827907,0.5945200441338727
5909,0.5946,3,4,3,674243,2201,123026,3230,0.01743283487517425,0.5947339348186338
5910,0.5947,1,1,1,674244,2200,123027,3229,0.017424914459510835,0.5947688340394179
5911,0.5948,5,1,5,674245,2199,123032,3224,0.01741699404384742,0.5945048865941361
5912,0.5949,1,6,1,674251,2193,123033,3223,0.017369471549866938,0.5950886262924667
5913,0.595,3,5,3,674256,2188,123036,3220,0.017329869471549866,0.5954142011834319
5914,0.5951,1,5,1,674261,2183,123037,3219,0.0172902673932328,0.5958904109589042
5915,0.5952,6,2,6,674263,2181,123043,3213,0.01727442656190597,0.5956618464961068
5916,0.5953,5,2,5,674265,2179,123048,3208,0.017258585730579142,0.5955077037312048
5917,0.5954,3,2,3,674267,2177,123051,3205,0.017242744899252312,0.595503530286139
5918,0.5955,3,3,3,674270,2174,123054,3202,0.01721898365226207,0.5956101190476191
5919,0.5956,2,0,2,674270,2174,123056,3200,0.01721898365226207,0.595459620394492
5920,0.5957,6,2,6,674272,2172,123062,3194,0.01720314282093524,0.5952292210212449
5921,0.5958,8,6,8,674278,2166,123070,3186,0.01715562032695476,0.5952914798206278
5922,0.5959,5,4,5,674282,2162,123075,3181,0.017123938664301102,0.595358412876661
5923,0.596,4,1,4,674283,2161,123079,3177,0.017116018248637687,0.595166729112027
5924,0.5961,4,0,4,674283,2161,123083,3173,0.017116018248637687,0.5948631421072366
5925,0.5962,3,4,3,674287,2157,123086,3170,0.01708433658598403,0.5950816594706214
5926,0.5963,2,2,2,674289,2155,123088,3168,0.017068495754657204,0.5951531091489761
5927,0.5964,4,3,4,674292,2152,123092,3164,0.017044734507666963,0.5951843491346878
5928,0.5965,4,2,4,674294,2150,123096,3160,0.017028893676340133,0.5951035781544256
5929,0.5966,3,3,3,674297,2147,123099,3157,0.01700513242934989,0.595211161387632
5930,0.5967,8,3,8,674300,2144,123107,3149,0.01698137118235965,0.5949367088607594
5931,0.5968,7,3,7,674303,2141,123114,3142,0.01695760993536941,0.5947378383494227
5932,0.5969,2,1,2,674304,2140,123116,3140,0.016949689519705994,0.5946969696969697
5933,0.597,1,2,1,674306,2138,123117,3139,0.016933848688379168,0.5948455561872276
5934,0.5971,7,3,7,674309,2135,123124,3132,0.016910087441388923,0.5946459084868047
5935,0.5972,4,3,4,674312,2132,123128,3128,0.01688632619439868,0.5946768060836501
5936,0.5973,4,0,4,674312,2132,123132,3124,0.01688632619439868,0.5943683409436834
5937,0.5974,3,7,3,674319,2125,123135,3121,0.016830883284754784,0.5949294700724361
5938,0.5975,2,7,2,674326,2118,123137,3119,0.016775440375110886,0.5955699828145885
5939,0.5976,3,2,3,674328,2116,123140,3116,0.01675959954378406,0.595565749235474
5940,0.5977,4,2,4,674330,2114,123144,3112,0.01674375871245723,0.5954841178721776
5941,0.5978,6,4,6,674334,2110,123150,3106,0.016712077049803573,0.5954754601226994
5942,0.5979,2,0,2,674334,2110,123152,3104,0.016712077049803573,0.5953202915228232
5943,0.598,4,6,4,674340,2104,123156,3100,0.01666455455582309,0.595695618754804
5944,0.5981,4,4,4,674344,2100,123160,3096,0.016632872893169434,0.5958429561200924
5945,0.5982,3,2,3,674346,2098,123163,3093,0.016617032061842604,0.5958389520323637
5946,0.5983,4,2,4,674348,2096,123167,3089,0.016601191230515778,0.5957569913211186
5947,0.5984,0,6,0,674354,2090,123167,3089,0.01655366873653529,0.5964471905773315
5948,0.5985,5,6,5,674360,2084,123172,3084,0.01650614624255481,0.596749226006192
5949,0.5986,1,0,1,674360,2084,123173,3083,0.01650614624255481,0.5966711825043546
5950,0.5987,4,3,4,674363,2081,123177,3079,0.016482384995564568,0.5967054263565892
5951,0.5988,1,5,1,674368,2076,123178,3078,0.016442782917247496,0.5972060535506403
5952,0.5989,4,3,4,674371,2073,123182,3074,0.016419021670257255,0.5972411113269865
5953,0.599,4,6,4,674377,2067,123186,3070,0.016371499176276772,0.5976250729998054
5954,0.5991,3,0,3,674377,2067,123189,3067,0.016371499176276772,0.5973899493572263
5955,0.5992,1,5,1,674382,2062,123190,3066,0.0163318970979597,0.5978939157566303
5956,0.5993,3,4,3,674386,2058,123193,3063,0.016300215435306045,0.5981253661394259
5957,0.5994,7,0,7,674386,2058,123200,3056,0.016300215435306045,0.597575283535393
5958,0.5995,2,9,2,674395,2049,123202,3054,0.01622893169433532,0.5984714873603763
5959,0.5996,4,4,4,674399,2045,123206,3050,0.016197250031681664,0.5986261040235525
5960,0.5997,2,5,2,674404,2040,123208,3048,0.016157647953364593,0.5990566037735849
5961,0.5998,3,1,3,674405,2039,123211,3045,0.016149727537701178,0.5989378442171518
5962,0.5999,1,3,1,674408,2036,123212,3044,0.016125966290710936,0.5992125984251968
5963,0.6,1,1,1,674409,2035,123213,3043,0.01611804587504752,0.5992516738873572
5964,0.6001,6,2,6,674411,2033,123219,3037,0.016102205043720695,0.5990138067061144
5965,0.6002,5,1,5,674412,2032,123224,3032,0.01609428462805728,0.5987361769352291
5966,0.6003,3,3,3,674415,2029,123227,3029,0.01607052338106704,0.5988533017002768
5967,0.6004,5,0,5,674415,2029,123232,3024,0.01607052338106704,0.5984563625568969
5968,0.6005,5,4,5,674419,2025,123237,3019,0.016038841718413382,0.5985329103885805
5969,0.6006,5,2,5,674421,2023,123242,3014,0.016023000887086553,0.5983720468532857
5970,0.6007,3,3,3,674424,2020,123245,3011,0.01599923964009631,0.5984893659312264
5971,0.6008,3,4,3,674428,2016,123248,3008,0.015967557977442655,0.5987261146496815
5972,0.6009,3,0,3,674428,2016,123251,3005,0.015967557977442655,0.5984863572993427
5973,0.601,6,3,6,674431,2013,123257,2999,0.015943796730452413,0.5983639265762171
5974,0.6011,3,5,3,674436,2008,123260,2996,0.015904194652135346,0.5987210231814548
5975,0.6012,4,2,4,674438,2006,123264,2992,0.015888353820808516,0.5986394557823129
5976,0.6013,3,4,3,674442,2002,123267,2989,0.01585667215815486,0.5988779803646563
5977,0.6014,3,5,3,674447,1997,123270,2986,0.015817070079837788,0.5992374071844271
5978,0.6015,4,5,4,674452,1992,123274,2982,0.01577746800152072,0.5995174909529554
5979,0.6016,5,0,5,674452,1992,123279,2977,0.01577746800152072,0.599114509961763
5980,0.6017,4,2,4,674454,1990,123283,2973,0.01576162717019389,0.5990328430384848
5981,0.6018,7,3,7,674457,1987,123290,2966,0.01573786592320365,0.59882899252978
5982,0.6019,11,3,11,674460,1984,123301,2955,0.015714104676213408,0.5982992508604981
5983,0.602,10,1,10,674461,1983,123311,2945,0.015706184260549993,0.5976055194805194
5984,0.6021,9,4,9,674465,1979,123320,2936,0.015674502597896336,0.5973550356052899
5985,0.6022,4,4,4,674469,1975,123324,2932,0.01564282093524268,0.5975137558589769
5986,0.6023,3,4,3,674473,1971,123327,2929,0.015611139272589026,0.5977551020408163
5987,0.6024,3,3,3,674476,1968,123330,2926,0.015587378025598784,0.5978749489170413
5988,0.6025,1,5,1,674481,1963,123331,2925,0.015547775947281713,0.598404255319149
5989,0.6026,0,2,0,674483,1961,123331,2925,0.015531935115954885,0.5986492018010643
5990,0.6027,5,1,5,674484,1960,123336,2920,0.015524014700291472,0.5983606557377049
5991,0.6028,1,3,1,674487,1957,123337,2919,0.015500253453301228,0.5986464315012305
5992,0.6029,4,5,4,674492,1952,123341,2915,0.015460651374984159,0.5989315800287651
5993,0.603,4,5,4,674497,1947,123345,2911,0.01542104929666709,0.5992177850967476
5994,0.6031,3,2,3,674499,1945,123348,2908,0.015405208465340261,0.5992169791881311
5995,0.6032,4,4,4,674503,1941,123352,2904,0.015373526802686605,0.5993808049535604
5996,0.6033,2,3,2,674506,1938,123354,2902,0.015349765555696364,0.5995867768595041
5997,0.6034,7,4,7,674510,1934,123361,2895,0.015318083893042707,0.5995030026920688
5998,0.6035,5,4,5,674514,1930,123366,2890,0.015286402230389051,0.5995850622406639
5999,0.6036,4,3,4,674517,1927,123370,2886,0.01526264098339881,0.5996260128817785
6000,0.6037,2,6,2,674523,1921,123372,2884,0.015215118489418325,0.6002081165452654
6001,0.6038,5,2,5,674525,1919,123377,2879,0.015199277658091497,0.6000416840350146
6002,0.6039,2,1,2,674526,1918,123379,2877,0.015191357242428082,0.6
6003,0.604,5,2,5,674528,1916,123384,2872,0.015175516411101254,0.5998329156223893
6004,0.6041,4,3,4,674531,1913,123388,2868,0.015151755164111012,0.5998745032419995
6005,0.6042,3,5,3,674536,1908,123391,2865,0.015112153085793943,0.6002514142049026
6006,0.6043,4,1,4,674537,1907,123395,2861,0.015104232670130528,0.6000419463087249
6007,0.6044,3,4,3,674541,1903,123398,2858,0.015072551007476872,0.6002940558706155
6008,0.6045,3,2,3,674543,1901,123401,2855,0.015056710176150045,0.6002943650126157
6009,0.6046,4,3,4,674546,1898,123405,2851,0.015032948929159802,0.600336913034323
6010,0.6047,3,3,3,674549,1895,123408,2848,0.01500918768216956,0.6004638414505588
6011,0.6048,6,2,6,674551,1893,123414,2842,0.014993346850842732,0.6002111932418163
6012,0.6049,4,4,4,674555,1889,123418,2838,0.014961665188189076,0.6003807911994923
6013,0.605,3,4,3,674559,1885,123421,2835,0.01492998352553542,0.600635593220339
6014,0.6051,5,1,5,674560,1884,123426,2830,0.014922063109872007,0.6003394145099703
6015,0.6052,1,2,1,674562,1882,123427,2829,0.014906222278545178,0.6005094459774994
6016,0.6053,7,8,7,674570,1874,123434,2822,0.014842858953237866,0.6009369676320273
6017,0.6054,8,0,8,674570,1874,123442,2814,0.014842858953237866,0.6002559726962458
6018,0.6055,3,4,3,674574,1870,123445,2811,0.01481117729058421,0.6005127109591968
6019,0.6056,1,2,1,674576,1868,123446,2810,0.014795336459257381,0.6006840530141085
6020,0.6057,6,1,6,674577,1867,123452,2804,0.014787416043593968,0.600299721687005
6021,0.6058,4,3,4,674580,1864,123456,2800,0.014763654796603725,0.6003430531732419
6022,0.6059,0,2,0,674582,1862,123456,2800,0.014747813965276899,0.6006006006006006
6023,0.606,4,2,4,674584,1860,123460,2796,0.01473197313395007,0.6005154639175257
6024,0.6061,2,2,2,674586,1858,123462,2794,0.014716132302623242,0.6006018916595013
6025,0.6062,2,2,2,674588,1856,123464,2792,0.014700291471296414,0.6006884681583476
6026,0.6063,1,3,1,674591,1853,123465,2791,0.014676530224306171,0.60099052540913
6027,0.6064,5,2,5,674593,1851,123470,2786,0.014660689392979343,0.6008194953633815
6028,0.6065,2,0,2,674593,1851,123472,2784,0.014660689392979343,0.6006472491909385
6029,0.6066,4,0,4,674593,1851,123476,2780,0.014660689392979343,0.6003023105160873
6030,0.6067,0,1,0,674594,1850,123476,2780,0.01465276897731593,0.6004319654427646
6031,0.6068,1,3,1,674597,1847,123477,2779,0.014629007730325688,0.6007349762213575
6032,0.6069,3,4,3,674601,1843,123480,2776,0.014597326067672032,0.6009958865555315
6033,0.607,4,3,4,674604,1840,123484,2772,0.014573564820681789,0.601040763226366
6034,0.6071,6,6,6,674610,1834,123490,2766,0.014526042326701306,0.601304347826087
6035,0.6072,7,2,7,674612,1832,123497,2759,0.014510201495374478,0.6009583968634284
6036,0.6073,5,3,5,674615,1829,123502,2754,0.014486440248384235,0.600916430285839
6037,0.6074,4,8,4,674623,1821,123506,2750,0.014423076923076924,0.6016189017720411
6038,0.6075,1,3,1,674626,1818,123507,2749,0.01439931567608668,0.6019268666520692
6039,0.6076,6,0,6,674626,1818,123513,2743,0.01439931567608668,0.6014032010524007
6040,0.6077,3,0,3,674626,1818,123516,2740,0.01439931567608668,0.6011408512505485
6041,0.6078,2,6,2,674632,1812,123518,2738,0.014351793182106196,0.6017582417582418
6042,0.6079,3,2,3,674634,1810,123521,2735,0.014335952350779368,0.6017601760176018
6043,0.608,3,2,3,674636,1808,123524,2732,0.014320111519452542,0.6017621145374449
6044,0.6081,0,4,0,674640,1804,123524,2732,0.014288429856798885,0.6022927689594356
6045,0.6082,3,1,3,674641,1803,123527,2729,0.01428050944113547,0.6021624007060901
6046,0.6083,3,1,3,674642,1802,123530,2726,0.014272589025472057,0.6020318021201413
6047,0.6084,8,2,8,674644,1800,123538,2718,0.014256748194145229,0.601593625498008
6048,0.6085,10,0,10,674644,1800,123548,2708,0.014256748194145229,0.6007098491570542
6049,0.6086,3,3,3,674647,1797,123551,2705,0.014232986947154986,0.6008440693025322
6050,0.6087,2,4,2,674651,1793,123553,2703,0.014201305284501331,0.6012010676156584
6051,0.6088,2,1,2,674652,1792,123555,2701,0.014193384868837916,0.6011573558869352
6052,0.6089,2,2,2,674654,1790,123557,2699,0.014177544037511088,0.601247493873914
6053,0.609,4,1,4,674655,1789,123561,2695,0.014169623621847675,0.6010258697591436
6054,0.6091,2,2,2,674657,1787,123563,2693,0.014153782790520847,0.6011160714285714
6055,0.6092,2,2,2,674659,1785,123565,2691,0.014137941959194019,0.6012064343163539
6056,0.6093,8,4,8,674663,1781,123573,2683,0.014106260296540362,0.6010304659498208
6057,0.6094,3,1,3,674664,1780,123576,2680,0.01409833988087695,0.600896860986547
6058,0.6095,4,2,4,674666,1778,123580,2676,0.014082499049550121,0.6008082622361922
6059,0.6096,6,1,6,674667,1777,123586,2670,0.014074578633886706,0.6004047672588262
6060,0.6097,4,3,4,674670,1774,123590,2666,0.014050817386896465,0.6004504504504504
6061,0.6098,3,3,3,674673,1771,123593,2663,0.014027056139906222,0.6005863779882724
6062,0.6099,4,0,4,674673,1771,123597,2659,0.014027056139906222,0.6002257336343115
6063,0.61,2,3,2,674676,1768,123599,2657,0.01400329489291598,0.60045197740113
6064,0.6101,3,2,3,674678,1766,123602,2654,0.013987454061589152,0.6004524886877828
6065,0.6102,3,2,3,674680,1764,123605,2651,0.013971613230262324,0.6004530011325029
6066,0.6103,3,4,3,674684,1760,123608,2648,0.013939931567608668,0.6007259528130672
6067,0.6104,3,3,3,674687,1757,123611,2645,0.013916170320618426,0.6008632439800091
6068,0.6105,2,2,2,674689,1755,123613,2643,0.013900329489291598,0.6009549795361528
6069,0.6106,5,2,5,674691,1753,123618,2638,0.01388448865796477,0.6007743110908677
6070,0.6107,2,4,2,674695,1749,123620,2636,0.013852806995311114,0.6011402508551882
6071,0.6108,3,4,3,674699,1745,123623,2633,0.013821125332657457,0.6014161717679306
6072,0.6109,4,7,4,674706,1738,123627,2629,0.01376568242301356,0.6020151133501259
6073,0.611,7,1,7,674707,1737,123634,2622,0.013757762007350146,0.6015141087405368
6074,0.6111,3,3,3,674710,1734,123637,2619,0.013734000760359903,0.6016540317022743
6075,0.6112,1,2,1,674712,1732,123638,2618,0.013718159929033075,0.6018390804597701
6076,0.6113,8,1,8,674713,1731,123646,2610,0.013710239513369662,0.6012439530062198
6077,0.6114,3,5,3,674718,1726,123649,2607,0.013670637435052592,0.6016616662820217
6078,0.6115,2,2,2,674720,1724,123651,2605,0.013654796603725764,0.6017556017556017
6079,0.6116,3,2,3,674722,1722,123654,2602,0.013638955772398936,0.6017576318223867
6080,0.6117,2,1,2,674723,1721,123656,2600,0.013631035356735521,0.6017125665355242
6081,0.6118,3,4,3,674727,1717,123659,2597,0.013599353694081865,0.6019935095039407
6082,0.6119,2,1,2,674728,1716,123661,2595,0.013591433278418451,0.6019485038274183
6083,0.612,4,1,4,674729,1715,123665,2591,0.013583512862755037,0.6017185322805387
6084,0.6121,2,2,2,674731,1713,123667,2589,0.01356767203142821,0.601813110181311
6085,0.6122,3,4,3,674735,1709,123670,2586,0.013535990368774554,0.6020954598370198
6086,0.6123,3,2,3,674737,1707,123673,2583,0.013520149537447726,0.6020979020979021
6087,0.6124,2,3,2,674740,1704,123675,2581,0.013496388290457483,0.6023337222870478
6088,0.6125,3,2,3,674742,1702,123678,2578,0.013480547459130654,0.6023364485981308
6089,0.6126,1,1,1,674743,1701,123679,2577,0.013472627043467241,0.6023842917251052
6090,0.6127,3,1,3,674744,1700,123682,2574,0.013464706627803828,0.602246139447824
6091,0.6128,4,2,4,674746,1698,123686,2570,0.013448865796477,0.6021555763823805
6092,0.6129,2,1,2,674747,1697,123688,2568,0.013440945380813585,0.6021101992966003
6093,0.613,3,3,3,674750,1694,123691,2565,0.013417184133823343,0.6022540502465368
6094,0.6131,2,3,2,674753,1691,123693,2563,0.0133934228868331,0.6024917724494593
6095,0.6132,6,4,6,674757,1687,123699,2557,0.013361741224179446,0.602497643732328
6096,0.6133,3,2,3,674759,1685,123702,2554,0.013345900392852618,0.6025005897617363
6097,0.6134,6,3,6,674762,1682,123708,2548,0.013322139145862374,0.6023640661938534
6098,0.6135,2,0,2,674762,1682,123710,2546,0.013322139145862374,0.6021759697256386
6099,0.6136,3,2,3,674764,1680,123713,2543,0.013306298314535546,0.6021785460573053
6100,0.6137,2,3,2,674767,1677,123715,2541,0.013282537067545305,0.6024182076813656
6101,0.6138,4,5,4,674772,1672,123719,2537,0.013242934989228235,0.6027559990496555
6102,0.6139,2,3,2,674775,1669,123721,2535,0.013219173742237992,0.6029971455756422
6103,0.614,3,1,3,674776,1668,123724,2532,0.013211253326574579,0.6028571428571429
6104,0.6141,6,3,6,674779,1665,123730,2526,0.013187492079584336,0.6027201145311382
6105,0.6142,1,3,1,674782,1662,123731,2525,0.013163730832594095,0.6030570814425603
6106,0.6143,2,2,2,674784,1660,123733,2523,0.013147890001267266,0.6031556299306717
6107,0.6144,5,6,5,674790,1654,123738,2518,0.013100367507286782,0.6035474592521572
6108,0.6145,2,2,2,674792,1652,123740,2516,0.013084526675959954,0.6036468330134357
6109,0.6146,2,4,2,674796,1648,123742,2514,0.013052845013306297,0.6040365209034119
6110,0.6147,1,1,1,674797,1647,123743,2513,0.013044924597642884,0.6040865384615385
6111,0.6148,3,3,3,674800,1644,123746,2510,0.013021163350652643,0.6042368801155513
6112,0.6149,2,4,2,674804,1640,123748,2508,0.012989481687998987,0.6046287367405979
6113,0.615,4,5,4,674809,1635,123752,2504,0.012949879609681915,0.6049770475960377
6114,0.6151,3,3,3,674812,1632,123755,2501,0.012926118362691674,0.6051294459230583
6115,0.6152,4,0,4,674812,1632,123759,2497,0.012926118362691674,0.6047469120852507
6116,0.6153,6,2,6,674814,1630,123765,2491,0.012910277531364846,0.6044649356952196
6117,0.6154,7,4,7,674818,1626,123772,2484,0.01287859586871119,0.6043795620437956
6118,0.6155,3,4,3,674822,1622,123775,2481,0.012846914206057533,0.6046795028028272
6119,0.6156,7,1,7,674823,1621,123782,2474,0.01283899379039412,0.6041514041514041
6120,0.6157,2,5,2,674828,1616,123784,2472,0.01279939171207705,0.6046966731898239
6121,0.6158,4,2,4,674830,1614,123788,2468,0.012783550880750222,0.6046055854973053
6122,0.6159,1,0,1,674830,1614,123789,2467,0.012783550880750222,0.6045086988483215
6123,0.616,2,4,2,674834,1610,123791,2465,0.012751869218096566,0.6049079754601226
6124,0.6161,3,5,3,674839,1605,123794,2462,0.012712267139779496,0.6053602163757069
6125,0.6162,5,1,5,674840,1604,123799,2457,0.012704346724116081,0.6050233932528933
6126,0.6163,2,3,2,674843,1601,123801,2455,0.01268058547712584,0.605276134122288
6127,0.6164,1,1,1,674844,1600,123802,2454,0.012672665061462425,0.6053280710409472
6128,0.6165,4,1,4,674845,1599,123806,2450,0.012664744645799012,0.6050876759693752
6129,0.6166,5,1,5,674846,1598,123811,2445,0.012656824230135597,0.6047489488003958
6130,0.6167,3,1,3,674847,1597,123814,2442,0.012648903814472184,0.6046051002723446
6131,0.6168,3,1,3,674848,1596,123817,2439,0.012640983398808769,0.6044609665427509
6132,0.6169,5,3,5,674851,1593,123822,2434,0.012617222151818527,0.6044201638937174
6133,0.617,3,1,3,674852,1592,123825,2431,0.012609301736155114,0.6042754163559533
6134,0.6171,3,2,3,674854,1590,123828,2428,0.012593460904828286,0.6042807366849179
6135,0.6172,2,1,2,674855,1589,123830,2426,0.012585540489164871,0.6042341220423412
6136,0.6173,0,1,0,674856,1588,123830,2426,0.012577620073501458,0.604384653712008
6137,0.6174,2,3,2,674859,1585,123832,2424,0.012553858826511215,0.6046395609877775
6138,0.6175,2,1,2,674860,1584,123834,2422,0.012545938410847801,0.6045931103344983
6139,0.6176,4,1,4,674861,1583,123838,2418,0.012538017995184387,0.604348912771807
6140,0.6177,0,6,0,674867,1577,123838,2418,0.012490495501203904,0.6052565707133918
6141,0.6178,2,4,2,674871,1573,123840,2416,0.012458813838550247,0.6056655803459514
6142,0.6179,6,2,6,674873,1571,123846,2410,0.01244297300722342,0.605375533785481
6143,0.618,6,5,6,674878,1566,123852,2404,0.01240337092890635,0.6055415617128463
6144,0.6181,6,3,6,674881,1563,123858,2398,0.012379609681916107,0.605402676091896
6145,0.6183,5,1,5,674882,1562,123863,2393,0.012371689266252693,0.6050568900126422
6146,0.6184,3,3,3,674885,1559,123866,2390,0.01234792801926245,0.6052165105089896
6147,0.6185,1,2,1,674887,1557,123867,2389,0.012332087187935622,0.6054232133806386
6148,0.6186,0,2,0,674889,1555,123867,2389,0.012316246356608794,0.6057302231237323
6149,0.6187,4,2,4,674891,1553,123871,2385,0.012300405525281968,0.6056373793803962
6150,0.6188,7,5,7,674896,1548,123878,2378,0.012260803446964896,0.6057055527254203
6151,0.6189,4,1,4,674897,1547,123882,2374,0.012252883031301483,0.6054577913797501
6152,0.619,6,3,6,674900,1544,123888,2368,0.01222912178431124,0.6053169734151329
6153,0.6191,5,3,5,674903,1541,123893,2363,0.012205360537320999,0.6052766393442623
6154,0.6192,1,1,1,674904,1540,123894,2362,0.012197440121657585,0.6053305996924654
6155,0.6193,1,3,1,674907,1537,123895,2361,0.012173678874667342,0.6056952283222166
6156,0.6194,8,0,8,674907,1537,123903,2353,0.012173678874667342,0.6048843187660669
6157,0.6195,2,3,2,674910,1534,123905,2351,0.012149917627677101,0.6051480051480052
6158,0.6196,1,3,1,674913,1531,123906,2350,0.012126156380686858,0.6055140427724813
6159,0.6197,7,3,7,674916,1528,123913,2343,0.012102395133696616,0.6052699560836993
6160,0.6198,2,1,2,674917,1527,123915,2341,0.012094474718033203,0.6052223371251293
6161,0.6199,12,3,12,674920,1524,123927,2329,0.01207071347104296,0.6044640539839087
6162,0.62,0,2,0,674922,1522,123927,2329,0.012054872639716132,0.6047779797455206
6163,0.6201,2,2,2,674924,1520,123929,2327,0.012039031808389304,0.6048869248765272
6164,0.6202,5,2,5,674926,1518,123934,2322,0.012023190977062476,0.6046875
6165,0.6203,4,0,4,674926,1518,123938,2318,0.012023190977062476,0.6042752867570386
6166,0.6204,4,3,4,674929,1515,123942,2314,0.011999429730072234,0.6043353355967616
6167,0.6205,3,2,3,674931,1513,123945,2311,0.011983588898745406,0.6043410041841004
6168,0.6206,2,4,2,674935,1509,123947,2309,0.01195190723609175,0.604766893661603
6169,0.6207,2,2,2,674937,1507,123949,2307,0.011936066404764922,0.6048767697954903
6170,0.6208,1,1,1,674938,1506,123950,2306,0.011928145989101508,0.6049317943336832
6171,0.6209,0,3,0,674941,1503,123950,2306,0.011904384742111265,0.6054082436334997
6172,0.621,4,1,4,674942,1502,123954,2302,0.011896464326447852,0.6051524710830705
6173,0.6211,0,2,0,674944,1500,123954,2302,0.011880623495121024,0.6054708048395582
6174,0.6212,7,2,7,674946,1498,123961,2295,0.011864782663794196,0.60506195623517
6175,0.6213,1,5,1,674951,1493,123962,2294,0.011825180585477126,0.6057565355162398
6176,0.6214,3,2,3,674953,1491,123965,2291,0.011809339754150298,0.6057641459545214
6177,0.6215,5,2,5,674955,1489,123970,2286,0.01179349892282347,0.6055629139072848
6178,0.6216,3,3,3,674958,1486,123973,2283,0.011769737675833229,0.605730963120191
6179,0.6217,3,2,3,674960,1484,123976,2280,0.0117538968445064,0.6057385759829969
6180,0.6218,4,2,4,674962,1482,123980,2276,0.011738056013179572,0.6056412985630655
6181,0.6219,1,1,1,674963,1481,123981,2275,0.011730135597516157,0.6056975505857295
6182,0.622,3,1,3,674964,1480,123984,2272,0.011722215181852744,0.605543710021322
6183,0.6221,6,4,6,674968,1476,123990,2266,0.011690533519199088,0.6055585248530198
6184,0.6222,1,2,1,674970,1474,123991,2265,0.01167469268787226,0.6057769457074084
6185,0.6223,2,1,2,674971,1473,123993,2263,0.011666772272208846,0.6057280513918629
6186,0.6224,2,0,2,674971,1473,123995,2261,0.011666772272208846,0.6055168719871451
6187,0.6225,3,2,3,674973,1471,123998,2258,0.011650931440882018,0.6055242692410834
6188,0.6226,5,7,5,674980,1464,124003,2253,0.011595488531238119,0.606133979015335
6189,0.6227,4,2,4,674982,1462,124007,2249,0.01157964769991129,0.6060361088655349
6190,0.6228,1,3,1,674985,1459,124008,2248,0.01155588645292105,0.6064202859455085
6191,0.6229,5,0,5,674985,1459,124013,2243,0.01155588645292105,0.6058887088060508
6192,0.623,7,4,7,674989,1455,124020,2236,0.011524204790267393,0.6057978867515579
6193,0.6231,3,0,3,674989,1455,124023,2233,0.011524204790267393,0.6054772234273319
6194,0.6232,3,1,3,674990,1454,124026,2230,0.01151628437460398,0.6053203040173725
6195,0.6233,1,0,1,674990,1454,124027,2229,0.01151628437460398,0.6052131414607657
6196,0.6234,1,2,1,674992,1452,124028,2228,0.011500443543277152,0.6054347826086957
6197,0.6235,2,3,2,674995,1449,124030,2226,0.011476682296286908,0.6057142857142858
6198,0.6236,3,0,3,674995,1449,124033,2223,0.011476682296286908,0.6053921568627451
6199,0.6237,3,2,3,674997,1447,124036,2220,0.01146084146496008,0.6053995091355331
6200,0.6238,1,1,1,674998,1446,124037,2219,0.011452921049296667,0.6054570259208731
6201,0.6239,1,3,1,675001,1443,124038,2218,0.011429159802306426,0.6058453974323955
6202,0.624,5,1,5,675002,1442,124043,2213,0.01142123938664301,0.6054719562243502
6203,0.6241,1,2,1,675004,1440,124044,2212,0.011405398555316183,0.6056955093099672
6204,0.6242,2,5,2,675009,1435,124046,2210,0.011365796476999113,0.6063100137174211
6205,0.6243,0,1,0,675010,1434,124046,2210,0.011357876061335698,0.606476399560922
6206,0.6244,1,3,1,675013,1431,124047,2209,0.011334114814345457,0.6068681318681318
6207,0.6245,2,1,2,675014,1430,124049,2207,0.011326194398682043,0.6068188067088259
6208,0.6246,3,3,3,675017,1427,124052,2204,0.0113024331516918,0.6069953180941889
6209,0.6247,5,1,5,675018,1426,124057,2199,0.011294512736028387,0.6066206896551725
6210,0.6248,2,1,2,675019,1425,124059,2197,0.011286592320364972,0.6065709552733296
6211,0.6249,5,4,5,675023,1421,124064,2192,0.011254910657711316,0.6066980348740659
6212,0.625,2,4,2,675027,1417,124066,2190,0.011223228995057661,0.6071527585250901
6213,0.6251,2,1,2,675028,1416,124068,2188,0.011215308579394246,0.607103218645949
6214,0.6252,4,4,4,675032,1412,124072,2184,0.01118362691674059,0.60734149054505
6215,0.6253,5,4,5,675036,1408,124077,2179,0.011151945254086934,0.6074714245887929
6216,0.6254,3,1,3,675037,1407,124080,2176,0.01114402483842352,0.6073123081216857
6217,0.6255,0,4,0,675041,1403,124080,2176,0.011112343175769864,0.6079910589550154
6218,0.6256,6,1,6,675042,1402,124086,2170,0.011104422760106451,0.6075027995520716
6219,0.6257,4,2,4,675044,1400,124090,2166,0.011088581928779623,0.6074032529444756
6220,0.6258,3,2,3,675046,1398,124093,2163,0.011072741097452795,0.607413647851727
6221,0.6259,7,3,7,675049,1395,124100,2156,0.011048979850462552,0.6071529146719234
6222,0.626,0,3,0,675052,1392,124100,2156,0.01102521860347231,0.6076662908680946
6223,0.6261,5,1,5,675053,1391,124105,2151,0.011017298187808897,0.6072840203274986
6224,0.6262,6,4,6,675057,1387,124111,2145,0.01098561652515524,0.6073046432616082
6225,0.6263,4,2,4,675059,1385,124115,2141,0.010969775693828412,0.6072036301758367
6226,0.6264,3,2,3,675061,1383,124118,2138,0.010953934862501584,0.6072138596989491
6227,0.6265,4,0,4,675061,1383,124122,2134,0.010953934862501584,0.6067671310776229
6228,0.6266,2,1,2,675062,1382,124124,2132,0.01094601444683817,0.6067159931701764
6229,0.6267,3,2,3,675064,1380,124127,2129,0.010930173615511341,0.6067255628384155
6230,0.6268,4,0,4,675064,1380,124131,2125,0.010930173615511341,0.6062767475035663
6231,0.6269,1,3,1,675067,1377,124132,2124,0.0109064123685211,0.6066838046272494
6232,0.627,2,2,2,675069,1375,124134,2122,0.010890571537194272,0.6068058335716329
6233,0.6271,4,1,4,675070,1374,124138,2118,0.010882651121530858,0.6065292096219931
6234,0.6272,2,2,2,675072,1372,124140,2116,0.01086681029020403,0.606651376146789
6235,0.6273,1,2,1,675074,1370,124141,2115,0.010850969458877202,0.6068866571018652
6236,0.6274,3,0,3,675074,1370,124144,2112,0.010850969458877202,0.6065479609419874
6237,0.6275,4,5,4,675079,1365,124148,2108,0.010811367380560133,0.6069680391592284
6238,0.6276,0,3,0,675082,1362,124148,2108,0.01078760613356989,0.607492795389049
6239,0.6277,2,0,2,675082,1362,124150,2106,0.01078760613356989,0.6072664359861591
6240,0.6278,3,1,3,675083,1361,124153,2103,0.010779685717906476,0.6071016166281755
6241,0.6279,3,1,3,675084,1360,124156,2100,0.010771765302243061,0.6069364161849711
6242,0.628,2,3,2,675087,1357,124158,2098,0.01074800405525282,0.6072358900144718
6243,0.6281,2,2,2,675089,1355,124160,2096,0.010732163223925992,0.6073601854534918
6244,0.6282,2,0,2,675089,1355,124162,2094,0.010732163223925992,0.6071325021745434
6245,0.6283,5,2,5,675091,1353,124167,2089,0.010716322392599164,0.6069145845438698
6246,0.6284,3,2,3,675093,1351,124170,2086,0.010700481561272335,0.6069246435845214
6247,0.6285,4,3,4,675096,1348,124174,2082,0.010676720314282094,0.606997084548105
6248,0.6286,2,1,2,675097,1347,124176,2080,0.010668799898618679,0.6069448497227896
6249,0.6287,4,2,4,675099,1345,124180,2076,0.010652959067291851,0.6068401052323882
6250,0.6288,1,3,1,675102,1342,124181,2075,0.01062919782030161,0.6072578285045361
6251,0.6289,2,4,2,675106,1338,124183,2073,0.010597516157647953,0.6077396657871592
6252,0.629,1,2,1,675108,1336,124184,2072,0.010581675326321125,0.607981220657277
6253,0.6291,3,2,3,675110,1334,124187,2069,0.010565834494994297,0.6079929473993535
6254,0.6292,3,4,3,675114,1330,124190,2066,0.01053415283234064,0.6083627797408716
6255,0.6293,2,4,2,675118,1326,124192,2064,0.010502471169686986,0.6088495575221239
6256,0.6294,6,2,6,675120,1324,124198,2058,0.010486630338360158,0.6085156712004731
6257,0.6295,2,4,2,675124,1320,124200,2056,0.010454948675706502,0.6090047393364929
6258,0.6296,2,1,2,675125,1319,124202,2054,0.010447028260043087,0.6089534538986066
6259,0.6297,5,3,5,675128,1316,124207,2049,0.010423267013052845,0.6089153046062407
6260,0.6298,3,2,3,675130,1314,124210,2046,0.010407426181726017,0.6089285714285714
6261,0.6299,2,5,2,675135,1309,124212,2044,0.010367824103408948,0.6096033402922756
6262,0.63,3,1,3,675136,1308,124215,2041,0.010359903687745533,0.6094356524335622
6263,0.6301,3,2,3,675138,1306,124218,2038,0.010344062856418704,0.6094497607655502
6264,0.6302,1,4,1,675142,1302,124219,2037,0.010312381193765048,0.610062893081761
6265,0.6303,2,1,2,675143,1301,124221,2035,0.010304460778101635,0.6100119904076738
6266,0.6304,4,4,4,675147,1297,124225,2031,0.010272779115447979,0.6102764423076923
6267,0.6305,1,1,1,675148,1296,124226,2030,0.010264858699784565,0.6103427540589297
6268,0.6306,1,1,1,675149,1295,124227,2029,0.01025693828412115,0.6104091456077015
6269,0.6307,4,0,4,675149,1295,124231,2025,0.01025693828412115,0.6099397590361446
6270,0.6308,4,1,4,675150,1294,124235,2021,0.010249017868457737,0.6096530920060332
6271,0.6309,3,1,3,675151,1293,124238,2018,0.010241097452794322,0.6094835397160978
6272,0.631,7,4,7,675155,1289,124245,2011,0.010209415790140666,0.6093939393939394
6273,0.6311,6,3,6,675158,1286,124251,2005,0.010185654543150425,0.6092373138863567
6274,0.6312,3,1,3,675159,1285,124254,2002,0.010177734127487011,0.6090660176452692
6275,0.6313,2,2,2,675161,1283,124256,2000,0.010161893296160183,0.6091989034419738
6276,0.6314,0,2,0,675163,1281,124256,2000,0.010146052464833355,0.609570252971655
6277,0.6315,3,0,3,675163,1281,124259,1997,0.010146052464833355,0.6092129347162905
6278,0.6316,4,0,4,675163,1281,124263,1993,0.010146052464833355,0.6087354917532071
6279,0.6317,6,3,6,675166,1278,124269,1987,0.010122291217843112,0.6085758039816233
6280,0.6318,5,2,5,675168,1276,124274,1982,0.010106450386516284,0.6083486801718846
6281,0.6319,2,2,2,675170,1274,124276,1980,0.010090609555189456,0.6084818684695759
6282,0.632,3,2,3,675172,1272,124279,1977,0.010074768723862629,0.6084949215143121
6283,0.6321,3,3,3,675175,1269,124282,1974,0.010051007476872386,0.6086956521739131
6284,0.6322,4,3,4,675178,1266,124286,1970,0.010027246229882145,0.6087762669962917
6285,0.6323,2,4,2,675182,1262,124288,1968,0.009995564567228488,0.6092879256965944
6286,0.6324,6,9,6,675191,1253,124294,1962,0.009924280826257762,0.6102643856920684
6287,0.6325,2,2,2,675193,1251,124296,1960,0.009908439994930934,0.6104017440049829
6288,0.6326,3,0,3,675193,1251,124299,1957,0.009908439994930934,0.6100374064837906
6289,0.6327,6,0,6,675193,1251,124305,1951,0.009908439994930934,0.6093066833229231
6290,0.6328,4,2,4,675195,1249,124309,1947,0.009892599163604106,0.6091989987484355
6291,0.6329,1,1,1,675196,1248,124310,1946,0.009884678747940691,0.6092673763306199
6292,0.633,4,0,4,675196,1248,124314,1942,0.009884678747940691,0.6087774294670847
6293,0.6331,2,2,2,675198,1246,124316,1940,0.009868837916613863,0.6089139987445072
6294,0.6332,2,1,2,675199,1245,124318,1938,0.00986091750095045,0.6088595664467483
6295,0.6333,3,1,3,675200,1244,124321,1935,0.009852997085287037,0.6086819754639824
6296,0.6334,6,1,6,675201,1243,124327,1929,0.009845076669623622,0.6081336696090794
6297,0.6335,1,2,1,675203,1241,124328,1928,0.009829235838296793,0.6083938150836226
6298,0.6336,3,5,3,675208,1236,124331,1925,0.009789633759979724,0.6089844985763999
6299,0.6337,1,1,1,675209,1235,124332,1924,0.009781713344316309,0.6090534979423868
6300,0.6338,3,0,3,675209,1235,124335,1921,0.009781713344316309,0.608681875792142
6301,0.6339,2,1,2,675210,1234,124337,1919,0.009773792928652896,0.608626704725658
6302,0.6341,4,1,4,675211,1233,124341,1915,0.00976587251298948,0.6083227445997459
6303,0.6342,1,3,1,675214,1230,124342,1914,0.00974211126599924,0.6087786259541985
6304,0.6343,5,3,5,675217,1227,124347,1909,0.009718350019008998,0.6087372448979592
6305,0.6344,3,4,3,675221,1223,124350,1906,0.009686668356355342,0.6091403004154682
6306,0.6345,4,1,4,675222,1222,124354,1902,0.009678747940691927,0.6088348271446863
6307,0.6346,0,2,0,675224,1220,124354,1902,0.009662907109365099,0.6092248558616271
6308,0.6347,2,2,2,675226,1218,124356,1900,0.009647066278038272,0.6093649775497113
6309,0.6348,4,3,4,675229,1215,124360,1896,0.009623305031048029,0.609450337512054
6310,0.6349,1,3,1,675232,1212,124361,1895,0.009599543784057788,0.6099130994528484
6311,0.635,3,1,3,675233,1211,124364,1892,0.009591623368394373,0.6097325169191106
6312,0.6351,3,3,3,675236,1208,124367,1889,0.009567862121404131,0.609945108169196
6313,0.6352,1,0,1,675236,1208,124368,1888,0.009567862121404131,0.6098191214470284
6314,0.6353,5,1,5,675237,1207,124373,1883,0.009559941705740716,0.6093851132686084
6315,0.6354,4,0,4,675237,1207,124377,1879,0.009559941705740716,0.6088788075178224
6316,0.6355,1,2,1,675239,1205,124378,1878,0.00954410087441389,0.6091469348037626
6317,0.6356,2,2,2,675241,1203,124380,1876,0.009528260043087062,0.6092887301071777
6318,0.6357,4,5,4,675246,1198,124384,1872,0.00948865796476999,0.609771986970684
6319,0.6358,2,2,2,675248,1196,124386,1870,0.009472817133443162,0.6099151989562949
6320,0.6359,3,3,3,675251,1193,124389,1867,0.009449055886452921,0.6101307189542484
6321,0.636,4,0,4,675251,1193,124393,1863,0.009449055886452921,0.6096204188481675
6322,0.6361,3,4,3,675255,1189,124396,1860,0.009417374223799265,0.610036077402427
6323,0.6362,4,2,4,675257,1187,124400,1856,0.009401533392472437,0.609924416694052
6324,0.6363,0,1,0,675258,1186,124400,1856,0.009393612976809023,0.6101249178172256
6325,0.6364,3,5,3,675263,1181,124403,1853,0.009354010898491952,0.6107448912326962
6326,0.6365,1,0,1,675263,1181,124404,1852,0.009354010898491952,0.6106165512693703
6327,0.6366,3,0,3,675263,1181,124407,1849,0.009354010898491952,0.6102310231023103
6328,0.6367,5,1,5,675264,1180,124412,1844,0.009346090482828539,0.6097883597883598
6329,0.6368,6,4,6,675268,1176,124418,1838,0.009314408820174883,0.6098208360982084
6330,0.6369,5,1,5,675269,1175,124423,1833,0.00930648840451147,0.609375
6331,0.637,3,2,3,675271,1173,124426,1830,0.009290647573184641,0.6093906093906094
6332,0.6371,3,2,3,675273,1171,124429,1827,0.009274806741857813,0.6094062708472315
6333,0.6372,5,4,5,675277,1167,124434,1822,0.009243125079204157,0.6095684175309468
6334,0.6373,5,2,5,675279,1165,124439,1817,0.009227284247877329,0.6093226022803487
6335,0.6374,3,1,3,675280,1164,124442,1814,0.009219363832213915,0.6091336467427804
6336,0.6375,2,0,2,675280,1164,124444,1812,0.009219363832213915,0.6088709677419355
6337,0.6376,1,3,1,675283,1161,124445,1811,0.009195602585223672,0.6093539703903096
6338,0.6377,2,2,2,675285,1159,124447,1809,0.009179761753896844,0.6095013477088949
6339,0.6378,3,3,3,675288,1156,124450,1806,0.009156000506906603,0.6097231600270088
6340,0.6379,1,0,1,675288,1156,124451,1805,0.009156000506906603,0.6095913542722053
6341,0.638,3,0,3,675288,1156,124454,1802,0.009156000506906603,0.6091954022988506
6342,0.6381,2,0,2,675288,1156,124456,1800,0.009156000506906603,0.6089309878213802
6343,0.6382,3,3,3,675291,1153,124459,1797,0.00913223925991636,0.6091525423728813
6344,0.6383,4,2,4,675293,1151,124463,1793,0.009116398428589533,0.6090353260869565
6345,0.6384,2,1,2,675294,1150,124465,1791,0.009108478012926118,0.6089765385923155
6346,0.6385,4,3,4,675297,1147,124469,1787,0.009084716765935877,0.60906612133606
6347,0.6386,0,1,0,675298,1146,124469,1787,0.009076796350272462,0.6092737811114899
6348,0.6387,1,0,1,675298,1146,124470,1786,0.009076796350272462,0.6091405184174625
6349,0.6388,4,0,4,675298,1146,124474,1782,0.009076796350272462,0.6086065573770492
6350,0.6389,0,2,0,675300,1144,124474,1782,0.009060955518945634,0.6090225563909775
6351,0.639,4,1,4,675301,1143,124478,1778,0.00905303510328222,0.6086956521739131
6352,0.6391,5,3,5,675304,1140,124483,1773,0.009029273856291977,0.6086508753861998
6353,0.6392,1,2,1,675306,1138,124484,1772,0.009013433024965151,0.60893470790378
6354,0.6393,1,3,1,675309,1135,124485,1771,0.008989671777974908,0.6094287680660702
6355,0.6395,4,1,4,675310,1134,124489,1767,0.008981751362311495,0.609100310237849
6356,0.6396,3,1,3,675311,1133,124492,1764,0.00897383094664808,0.6089057645840524
6357,0.6397,3,2,3,675313,1131,124495,1761,0.008957990115321252,0.6089211618257261
6358,0.6398,2,2,2,675315,1129,124497,1759,0.008942149283994423,0.6090720221606648
6359,0.6399,2,1,2,675316,1128,124499,1757,0.00893422886833101,0.6090121317157712
6360,0.64,2,1,2,675317,1127,124501,1755,0.008926308452667595,0.6089521165857044
6361,0.6401,2,0,2,675317,1127,124503,1753,0.008926308452667595,0.6086805555555556
6362,0.6402,1,5,1,675322,1122,124504,1752,0.008886706374350526,0.6096033402922756
6363,0.6403,3,1,3,675323,1121,124507,1749,0.008878785958687112,0.6094076655052265
6364,0.6404,2,0,2,675323,1121,124509,1747,0.008878785958687112,0.6091352859135286
6365,0.6406,1,1,1,675324,1120,124510,1746,0.008870865543023698,0.6092114445219818
6366,0.6407,0,4,0,675328,1116,124510,1746,0.008839183880370041,0.610062893081761
6367,0.6408,1,4,1,675332,1112,124511,1745,0.008807502217716385,0.6107805390269514
6368,0.6409,1,2,1,675334,1110,124512,1744,0.008791661386389558,0.611072179397337
6369,0.641,1,1,1,675335,1109,124513,1743,0.008783740970726144,0.6111500701262272
6370,0.6411,2,1,2,675336,1108,124515,1741,0.00877582055506273,0.6110916110916111
6371,0.6412,3,4,3,675340,1104,124518,1738,0.008744138892409074,0.6115411681914145
6372,0.6413,3,1,3,675341,1103,124521,1735,0.008736218476745659,0.6113460183227625
6373,0.6414,3,4,3,675345,1099,124524,1732,0.008704536814092003,0.6117979512539738
6374,0.6415,2,1,2,675346,1098,124526,1730,0.00869661639842859,0.6117397454031117
6375,0.6416,1,2,1,675348,1096,124527,1729,0.008680775567101761,0.6120353982300885
6376,0.6417,2,3,2,675351,1093,124529,1727,0.00865701432011152,0.6124113475177305
6377,0.6418,1,1,1,675352,1092,124530,1726,0.008649093904448105,0.6124911284599006
6378,0.6419,6,2,6,675354,1090,124536,1720,0.008633253073121277,0.6120996441281139
6379,0.642,0,1,0,675355,1089,124536,1720,0.008625332657457864,0.6123175507297971
6380,0.6421,2,2,2,675357,1087,124538,1718,0.008609491826131035,0.6124777183600713
6381,0.6422,2,0,2,675357,1087,124540,1716,0.008609491826131035,0.6122012129860863
6382,0.6423,2,4,2,675361,1083,124542,1714,0.00857781016347738,0.612799427958527
6383,0.6424,3,3,3,675364,1080,124545,1711,0.008554048916487138,0.6130419204586169
6384,0.6425,2,2,2,675366,1078,124547,1709,0.00853820808516031,0.6132041621815573
6385,0.6426,1,4,1,675370,1074,124548,1708,0.008506526422506653,0.6139468008626887
6386,0.6427,3,4,3,675374,1070,124551,1705,0.008474844759852997,0.6144144144144145
6387,0.6428,3,2,3,675376,1068,124554,1702,0.008459003928526169,0.6144404332129964
6388,0.6429,1,0,1,675376,1068,124555,1701,0.008459003928526169,0.6143011917659805
6389,0.643,3,4,3,675380,1064,124558,1698,0.008427322265872512,0.6147719044170891
6390,0.6431,0,2,0,675382,1062,124558,1698,0.008411481434545684,0.6152173913043478
6391,0.6432,4,2,4,675384,1060,124562,1694,0.008395640603218856,0.6151053013798112
6392,0.6433,1,0,1,675384,1060,124563,1693,0.008395640603218856,0.6149654921903378
6393,0.6434,3,1,3,675385,1059,124566,1690,0.008387720187555443,0.6147690069116042
6394,0.6435,3,1,3,675386,1058,124569,1687,0.00837979977189203,0.6145719489981785
6395,0.6436,2,1,2,675387,1057,124571,1685,0.008371879356228615,0.6145149525893508
6396,0.6437,2,2,2,675389,1055,124573,1683,0.008356038524901787,0.614682249817385
6397,0.6438,2,3,2,675392,1052,124575,1681,0.008332277277911545,0.615075009147457
6398,0.6439,3,3,3,675395,1049,124578,1678,0.008308516030921302,0.6153281994866153
6399,0.644,1,3,1,675398,1046,124579,1677,0.00828475478393106,0.615864854939405
6400,0.6441,1,3,1,675401,1043,124580,1676,0.00826099353694082,0.6164030893710923
6401,0.6442,3,0,3,675401,1043,124583,1673,0.00826099353694082,0.615979381443299
6402,0.6443,3,5,3,675406,1038,124586,1670,0.008221391458623748,0.6166912850812407
6403,0.6444,3,3,3,675409,1035,124589,1667,0.008197630211633507,0.6169504071058475
6404,0.6445,3,1,3,675410,1034,124592,1664,0.008189709795970092,0.6167531504818384
6405,0.6446,3,0,3,675410,1034,124595,1661,0.008189709795970092,0.6163265306122448
6406,0.6447,4,1,4,675411,1033,124599,1657,0.008181789380306679,0.6159851301115241
6407,0.6448,3,2,3,675413,1031,124602,1654,0.00816594854897985,0.6160148975791434
6408,0.6449,1,1,1,675414,1030,124603,1653,0.008158028133316437,0.6161013790532985
6409,0.645,1,2,1,675416,1028,124604,1652,0.008142187301989609,0.6164179104477612
6410,0.6451,1,2,1,675418,1026,124605,1651,0.008126346470662781,0.6167351512887561
6411,0.6452,3,2,3,675420,1024,124608,1648,0.008110505639335953,0.6167664670658682
6412,0.6453,3,1,3,675421,1023,124611,1645,0.008102585223672538,0.6165667166416792
6413,0.6454,0,1,0,675422,1022,124611,1645,0.008094664808009125,0.6167979002624672
6414,0.6455,5,2,5,675424,1020,124616,1640,0.008078823976682296,0.6165413533834586
6415,0.6456,3,1,3,675425,1019,124619,1637,0.008070903561018881,0.6163403614457831
6416,0.6457,1,3,1,675428,1016,124620,1636,0.00804714231402864,0.6168929110105581
6417,0.6458,0,2,0,675430,1014,124620,1636,0.008031301482701812,0.6173584905660378
6418,0.6459,4,3,4,675433,1011,124624,1632,0.00800754023571157,0.6174801362088536
6419,0.646,2,1,2,675434,1010,124626,1630,0.007999619820048156,0.6174242424242424
6420,0.6461,1,7,1,675441,1003,124627,1629,0.007944176910404258,0.618920972644377
6421,0.6462,2,2,2,675443,1001,124629,1627,0.00792833607907743,0.6191019786910198
6422,0.6463,1,7,1,675450,994,124630,1626,0.007872893169433532,0.6206106870229008
6423,0.6464,1,0,1,675450,994,124631,1625,0.007872893169433532,0.6204658266513937
6424,0.6465,5,3,5,675453,991,124636,1620,0.00784913192244329,0.6204519341248563
6425,0.6466,2,2,2,675455,989,124638,1618,0.007833291091116463,0.6206367472190257
6426,0.6467,1,2,1,675457,987,124639,1617,0.007817450259789634,0.6209677419354839
6427,0.6468,1,1,1,675458,986,124640,1616,0.007809529844126219,0.6210607225211375
6428,0.6469,3,0,3,675458,986,124643,1613,0.007809529844126219,0.6206233166602539
6429,0.647,7,1,7,675459,985,124650,1606,0.007801609428462805,0.6198379004245466
6430,0.6471,4,1,4,675460,984,124654,1602,0.007793689012799392,0.6194895591647331
6431,0.6472,4,0,4,675460,984,124658,1598,0.007793689012799392,0.6189000774593338
6432,0.6473,4,2,4,675462,982,124662,1594,0.007777848181472564,0.6187888198757764
6433,0.6474,2,1,2,675463,981,124664,1592,0.00776992776580915,0.6187329965021375
6434,0.6475,3,1,3,675464,980,124667,1589,0.007762007350145736,0.6185286103542235
6435,0.6476,3,0,3,675464,980,124670,1586,0.007762007350145736,0.6180826188620421
6436,0.6477,2,1,2,675465,979,124672,1584,0.007754086934482322,0.6180257510729614
6437,0.6478,3,2,3,675467,977,124675,1581,0.0077382461031554935,0.6180609851446442
6438,0.6479,1,1,1,675468,976,124676,1580,0.0077303256874920795,0.6181533646322379
6439,0.648,2,3,2,675471,973,124678,1578,0.007706564440501837,0.6185809486475892
6440,0.6481,2,3,2,675474,970,124680,1576,0.007682803193511596,0.6190102120974077
6441,0.6482,3,1,3,675475,969,124683,1573,0.007674882777848182,0.6188040912667191
6442,0.6483,1,0,1,675475,969,124684,1572,0.007674882777848182,0.6186540731995277
6443,0.6484,2,3,2,675478,966,124686,1570,0.0076511215308579395,0.6190851735015773
6444,0.6485,4,2,4,675480,964,124690,1566,0.007635280699531111,0.6189723320158103
6445,0.6486,1,1,1,675481,963,124691,1565,0.007627360283867697,0.6190664556962026
6446,0.6487,5,0,5,675481,963,124696,1560,0.007627360283867697,0.6183115338882283
6447,0.6488,2,0,2,675481,963,124698,1558,0.007627360283867697,0.6180087266957557
6448,0.6489,2,1,2,675482,962,124700,1556,0.007619439868204283,0.6179507545671168
6449,0.649,2,2,2,675484,960,124702,1554,0.007603599036877455,0.6181384248210023
6450,0.6491,3,1,3,675485,959,124705,1551,0.007595678621214041,0.6179282868525896
6451,0.6492,3,4,3,675489,955,124708,1548,0.0075639969585603855,0.6184578505793048
6452,0.6493,3,1,3,675490,954,124711,1545,0.007556076542896971,0.6182472989195679
6453,0.6494,1,0,1,675490,954,124712,1544,0.007556076542896971,0.6180944755804644
6454,0.6495,1,1,1,675491,953,124713,1543,0.007548156127233557,0.6181891025641025
6455,0.6496,2,1,2,675492,952,124715,1541,0.007540235711570143,0.6181307661452066
6456,0.6497,2,0,2,675492,952,124717,1539,0.007540235711570143,0.6178241670012043
6457,0.6498,2,1,2,675493,951,124719,1537,0.007532315295906729,0.6177652733118971
6458,0.6499,1,2,1,675495,949,124720,1536,0.007516474464579901,0.6181086519114688
6459,0.65,2,1,2,675496,948,124722,1534,0.007508554048916487,0.6180499597099114
6460,0.6501,7,2,7,675498,946,124729,1527,0.007492713217589659,0.6174686615446826
6461,0.6502,4,5,4,675503,941,124733,1523,0.007453111139272589,0.6181006493506493
6462,0.6503,2,3,2,675506,938,124735,1521,0.007429349892282347,0.6185441236274909
6463,0.6504,2,1,2,675507,937,124737,1519,0.007421429476618933,0.618485342019544
6464,0.6505,1,1,1,675508,936,124738,1518,0.007413509060955519,0.6185819070904646
6465,0.6506,1,1,1,675509,935,124739,1517,0.007405588645292105,0.6186786296900489
6466,0.6507,0,4,0,675513,931,124739,1517,0.007373906982638449,0.6196895424836601
6467,0.6508,1,0,1,675513,931,124740,1516,0.007373906982638449,0.6195341234164283
6468,0.6509,4,2,4,675515,929,124744,1512,0.007358066151311621,0.6194182712003278
6469,0.651,4,1,4,675516,928,124748,1508,0.007350145735648207,0.6190476190476191
6470,0.6511,3,2,3,675518,926,124751,1505,0.007334304904321379,0.6190867955573838
6471,0.6512,1,2,1,675520,924,124752,1504,0.007318464072994551,0.6194398682042833
6472,0.6513,3,3,3,675523,921,124755,1501,0.0072947028260043085,0.6197357555739058
6473,0.6514,1,3,1,675526,918,124756,1500,0.007270941579014066,0.6203473945409429
6474,0.6515,1,4,1,675530,914,124757,1499,0.007239259916360411,0.6212184003315375
6475,0.6516,2,0,2,675530,914,124759,1497,0.007239259916360411,0.6209041891331398
6476,0.6517,2,1,2,675531,913,124761,1495,0.007231339500696997,0.6208471760797342
6477,0.6518,5,1,5,675532,912,124766,1490,0.007223419085033583,0.6203164029975021
6478,0.6519,2,2,2,675534,910,124768,1488,0.0072075782537067545,0.6205170975813178
6479,0.652,1,1,1,675535,909,124769,1487,0.00719965783804334,0.6206176961602671
6480,0.6521,3,0,3,675535,909,124772,1484,0.00719965783804334,0.6201420810697869
6481,0.6522,2,2,2,675537,907,124774,1482,0.007183817006716512,0.6203432398493093
6482,0.6523,1,4,1,675541,903,124775,1481,0.007152135344062857,0.6212248322147651
6483,0.6524,6,0,6,675541,903,124781,1475,0.007152135344062857,0.62026913372582
6484,0.6525,1,1,1,675542,902,124782,1474,0.007144214928399443,0.6203703703703703
6485,0.6526,1,3,1,675545,899,124783,1473,0.0071204536814092004,0.6209949409780776
6486,0.6527,2,1,2,675546,898,124785,1471,0.007112533265745786,0.6209371042634023
6487,0.6528,2,0,2,675546,898,124787,1469,0.007112533265745786,0.6206168145331643
6488,0.6529,2,1,2,675547,897,124789,1467,0.007104612850082372,0.6205583756345178
6489,0.653,4,0,4,675547,897,124793,1463,0.007104612850082372,0.6199152542372881
6490,0.6531,2,3,2,675550,894,124795,1461,0.00708085160309213,0.6203821656050955
6491,0.6532,3,2,3,675552,892,124798,1458,0.007065010771765302,0.6204255319148936
6492,0.6533,2,3,2,675555,889,124800,1456,0.0070412495247750605,0.6208955223880597
6493,0.6534,4,3,4,675558,886,124804,1452,0.007017488277784818,0.621043627031651
6494,0.6535,2,2,2,675560,884,124806,1450,0.00700164744645799,0.6212510711225364
6495,0.6536,1,1,1,675561,883,124807,1449,0.006993727030794576,0.6213550600343053
6496,0.6537,2,0,2,675561,883,124809,1447,0.006993727030794576,0.621030042918455
6497,0.6538,3,2,3,675563,881,124812,1444,0.006977886199467748,0.6210752688172043
6498,0.6539,0,4,0,675567,877,124812,1444,0.006946204536814092,0.6221456268849633
6499,0.654,4,4,4,675571,873,124816,1440,0.006914522874160436,0.622568093385214
6500,0.6541,1,4,1,675575,869,124817,1439,0.00688284121150678,0.6234835355285961
6501,0.6542,1,1,1,675576,868,124818,1438,0.006874920795843366,0.6235906331309627
6502,0.6543,1,2,1,675578,866,124819,1437,0.0068590799645165375,0.6239687364307425
6503,0.6544,2,2,2,675580,864,124821,1435,0.00684323913318971,0.6241844280121792
6504,0.6545,0,5,0,675585,859,124821,1435,0.00680363705487264,0.6255448997384482
6505,0.6546,2,3,2,675588,856,124823,1433,0.006779875807882398,0.6260375709916994
6506,0.6547,0,1,0,675589,855,124823,1433,0.0067719553922189835,0.6263111888111889
6507,0.6548,2,0,2,675589,855,124825,1431,0.0067719553922189835,0.6259842519685039
6508,0.6549,0,3,0,675592,852,124825,1431,0.006748194145228741,0.6268068331143233
6509,0.655,1,2,1,675594,850,124826,1430,0.006732353313901914,0.6271929824561403
6510,0.6551,1,3,1,675597,847,124827,1429,0.006708592066911672,0.6278558875219684
6511,0.6552,2,4,2,675601,843,124829,1427,0.006676910404258015,0.6286343612334802
6512,0.6553,1,2,1,675603,841,124830,1426,0.006661069572931187,0.6290251433612704
6513,0.6554,2,1,2,675604,840,124832,1424,0.006653149157267773,0.6289752650176679
6514,0.6555,3,0,3,675604,840,124835,1421,0.006653149157267773,0.628482972136223
6515,0.6556,5,3,5,675607,837,124840,1416,0.006629387910277532,0.6284953395472703
6516,0.6557,5,0,5,675607,837,124845,1411,0.006629387910277532,0.6276690391459074
6517,0.6558,1,2,1,675609,835,124846,1410,0.006613547078950704,0.6280623608017817
6518,0.6559,8,0,8,675609,835,124854,1402,0.006613547078950704,0.6267322306660706
6519,0.656,1,3,1,675612,832,124855,1401,0.006589785831960461,0.6274070756829377
6520,0.6561,2,0,2,675612,832,124857,1399,0.006589785831960461,0.6270730614074406
6521,0.6562,2,2,2,675614,830,124859,1397,0.006573945000633633,0.6273013022002695
6522,0.6563,2,3,2,675617,827,124861,1395,0.006550183753643391,0.6278127812781278
6523,0.6564,2,1,2,675618,826,124863,1393,0.006542263337979977,0.6277602523659306
6524,0.6565,3,1,3,675619,825,124866,1390,0.006534342922316563,0.6275395033860045
6525,0.6566,3,1,3,675620,824,124869,1387,0.006526422506653149,0.6273179556761647
6526,0.6567,3,2,3,675622,822,124872,1384,0.0065105816753263214,0.6273798730734361
6527,0.6568,1,1,1,675623,821,124873,1383,0.006502661259662907,0.6274954627949183
6528,0.6569,6,2,6,675625,819,124879,1377,0.006486820428336079,0.6270491803278688
6529,0.657,1,1,1,675626,818,124880,1376,0.006478900012672665,0.6271649954421149
6530,0.6571,2,2,2,675628,816,124882,1374,0.006463059181345837,0.6273972602739726
6531,0.6572,3,2,3,675630,814,124885,1371,0.006447218350019009,0.6274599542334096
6532,0.6573,2,1,2,675631,813,124887,1369,0.006439297934355595,0.6274060494958753
6533,0.6574,1,0,1,675631,813,124888,1368,0.006439297934355595,0.6272352132049519
6534,0.6575,1,1,1,675632,812,124889,1367,0.006431377518692181,0.6273519963285911
6535,0.6576,2,0,2,675632,812,124891,1365,0.006431377518692181,0.6270096463022508
6536,0.6577,1,3,1,675635,809,124892,1364,0.006407616271701939,0.6277036355269213
6537,0.6578,0,2,0,675637,807,124892,1364,0.006391775440375111,0.6282818977429756
6538,0.6579,3,2,3,675639,805,124895,1361,0.006375934609048283,0.6283471837488458
6539,0.658,1,3,1,675642,802,124896,1360,0.006352173362058041,0.6290471785383904
6540,0.6581,4,2,4,675644,800,124900,1356,0.0063363325307312125,0.6289424860853432
6541,0.6582,0,2,0,675646,798,124900,1356,0.006320491699404384,0.6295264623955432
6542,0.6583,1,0,1,675646,798,124901,1355,0.006320491699404384,0.6293543892243382
6543,0.6584,0,1,0,675647,797,124901,1355,0.006312571283740971,0.6296468401486989
6544,0.6585,1,2,1,675649,795,124902,1354,0.006296730452414143,0.6300604932526757
6545,0.6586,0,3,0,675652,792,124902,1354,0.006272969205423901,0.6309412861136999
6546,0.6587,1,2,1,675654,790,124903,1353,0.006257128374097073,0.6313579094727019
6547,0.6588,1,4,1,675658,786,124904,1352,0.006225446711443416,0.6323666978484564
6548,0.6589,2,2,2,675660,784,124906,1350,0.006209605880116588,0.6326148078725399
6549,0.6592,4,1,4,675661,783,124910,1346,0.006201685464453175,0.6322217003287929
6550,0.6593,4,1,4,675662,782,124914,1342,0.006193765048789761,0.6318267419962336
6551,0.6594,1,0,1,675662,782,124915,1341,0.006193765048789761,0.6316533207724918
6552,0.6595,5,2,5,675664,780,124920,1336,0.006177924217462933,0.6313799621928167
6553,0.6596,4,0,4,675664,780,124924,1332,0.006177924217462933,0.6306818181818182
6554,0.6597,3,5,3,675669,775,124927,1329,0.006138322139145862,0.6316539923954373
6555,0.6598,2,0,2,675669,775,124929,1327,0.006138322139145862,0.6313035204567079
6556,0.6599,1,1,1,675670,774,124930,1326,0.006130401723482448,0.6314285714285715
6557,0.66,0,3,0,675673,771,124930,1326,0.006106640476492206,0.6323319027181689
6558,0.6601,1,2,1,675675,769,124931,1325,0.006090799645165379,0.6327602674307545
6559,0.6602,3,1,3,675676,768,124934,1322,0.0060828792295019645,0.6325358851674641
6560,0.6603,3,0,3,675676,768,124937,1319,0.0060828792295019645,0.6320076665069477
6561,0.6604,1,1,1,675677,767,124938,1318,0.0060749588138385505,0.6321342925659472
6562,0.6605,3,2,3,675679,765,124941,1315,0.006059117982511722,0.6322115384615384
6563,0.6606,3,0,3,675679,765,124944,1312,0.006059117982511722,0.6316803081367357
6564,0.6607,0,3,0,675682,762,124944,1312,0.00603535673552148,0.6325940212150434
6565,0.6608,1,1,1,675683,761,124945,1311,0.006027436319858066,0.6327220077220077
6566,0.6609,2,1,2,675684,760,124947,1309,0.006019515904194652,0.6326727887868535
6567,0.661,1,2,1,675686,758,124948,1308,0.006003675072867824,0.633107454017425
6568,0.6611,2,1,2,675687,757,124950,1306,0.00599575465720441,0.6330586524478914
6569,0.6612,1,1,1,675688,756,124951,1305,0.0059878342415409964,0.6331877729257642
6570,0.6613,3,1,3,675689,755,124954,1302,0.005979913825877582,0.6329606222654351
6571,0.6614,2,0,2,675689,755,124956,1300,0.005979913825877582,0.6326034063260341
6572,0.6615,3,5,3,675694,750,124959,1297,0.005940311747560512,0.633610161211529
6573,0.6616,2,2,2,675696,748,124961,1295,0.005924470916233684,0.6338717572197748
6574,0.6617,2,0,2,675696,748,124963,1293,0.005924470916233684,0.6335129838314552
6575,0.6618,2,1,2,675697,747,124965,1291,0.00591655050057027,0.6334641805691855
6576,0.6619,3,1,3,675698,746,124968,1288,0.005908630084906856,0.6332350049164208
6577,0.6621,2,4,2,675702,742,124970,1286,0.0058769484222532,0.6341222879684418
6578,0.6622,1,1,1,675703,741,124971,1285,0.005869028006589786,0.6342546890424482
6579,0.6623,3,3,3,675706,738,124974,1282,0.005845266759599544,0.6346534653465347
6580,0.6624,3,2,3,675708,736,124977,1279,0.005829425928272716,0.6347394540942928
6581,0.6625,2,1,2,675709,735,124979,1277,0.005821505512609302,0.6346918489065606
6582,0.6626,2,2,2,675711,733,124981,1275,0.0058056646812824735,0.6349601593625498
6583,0.6627,3,3,3,675714,730,124984,1272,0.005781903434292232,0.6353646353646354
6584,0.6628,1,0,1,675714,730,124985,1271,0.005781903434292232,0.6351824087956022
6585,0.6629,2,2,2,675716,728,124987,1269,0.005766062602965404,0.6354531797696544
6586,0.663,1,0,1,675716,728,124988,1268,0.005766062602965404,0.6352705410821643
6587,0.6631,1,2,1,675718,726,124989,1267,0.005750221771638576,0.635725037631711
6588,0.6632,3,1,3,675719,725,124992,1264,0.005742301355975162,0.6354952237305178
6589,0.6633,1,0,1,675719,725,124993,1263,0.005742301355975162,0.6353118712273642
6590,0.6635,2,1,2,675720,724,124995,1261,0.005734380940311748,0.635264483627204
6591,0.6636,3,2,3,675722,722,124998,1258,0.0057185401089849194,0.6353535353535353
6592,0.6637,1,4,1,675726,718,124999,1257,0.005686858446331263,0.6364556962025316
6593,0.6638,2,0,2,675726,718,125001,1255,0.005686858446331263,0.6360871768879879
6594,0.6639,3,1,3,675727,717,125004,1252,0.005678938030667849,0.6358557643473844
6595,0.664,3,1,3,675728,716,125007,1249,0.005671017615004436,0.6356234096692112
6596,0.6641,1,2,1,675730,714,125008,1248,0.005655176783677608,0.636085626911315
6597,0.6642,3,2,3,675732,712,125011,1245,0.0056393359523507795,0.6361778231987736
6598,0.6643,2,2,2,675734,710,125013,1243,0.005623495121023951,0.6364567332309268
6599,0.6644,2,1,2,675735,709,125015,1241,0.005615574705360537,0.6364102564102564
6600,0.6645,4,1,4,675736,708,125019,1237,0.005607654289697123,0.6359897172236504
6601,0.6646,2,1,2,675737,707,125021,1235,0.005599733874033709,0.6359423274974253
6602,0.6647,2,0,2,675737,707,125023,1233,0.005599733874033709,0.6355670103092783
6603,0.6648,3,1,3,675738,706,125026,1230,0.005591813458370295,0.6353305785123967
6604,0.6649,1,1,1,675739,705,125027,1229,0.005583893042706881,0.6354705274043433
6605,0.665,3,0,3,675739,705,125030,1226,0.005583893042706881,0.6349041947177628
6606,0.6651,2,1,2,675740,704,125032,1224,0.005575972627043467,0.6348547717842323
6607,0.6652,3,2,3,675742,702,125035,1221,0.0055601317957166396,0.6349453978159126
6608,0.6653,0,1,0,675743,701,125035,1221,0.0055522113800532255,0.6352757544224766
6609,0.6654,2,0,2,675743,701,125037,1219,0.0055522113800532255,0.6348958333333333
6610,0.6656,3,1,3,675744,700,125040,1216,0.005544290964389811,0.6346555323590815
6611,0.6657,2,0,2,675744,700,125042,1214,0.005544290964389811,0.6342737722048067
6612,0.6658,1,4,1,675748,696,125043,1213,0.005512609301736155,0.6354112100576218
6613,0.6659,3,2,3,675750,694,125046,1210,0.005496768470409327,0.6355042016806722
6614,0.666,3,2,3,675752,692,125049,1207,0.005480927639082499,0.6355976829910479
6615,0.6661,2,2,2,675754,690,125051,1205,0.005465086807755671,0.6358839050131926
6616,0.6662,1,2,1,675756,688,125052,1204,0.005449245976428843,0.6363636363636364
6617,0.6663,2,1,2,675757,687,125054,1202,0.005441325560765429,0.6363155108523028
6618,0.6665,3,5,3,675762,682,125057,1199,0.005401723482448359,0.6374269005847953
6619,0.6666,3,1,3,675763,681,125060,1196,0.005393803066784945,0.637187000532765
6620,0.6667,1,1,1,675764,680,125061,1195,0.005385882651121531,0.6373333333333333
6621,0.6668,3,0,3,675764,680,125064,1192,0.005385882651121531,0.6367521367521367
6622,0.6669,1,0,1,675764,680,125065,1191,0.005385882651121531,0.6365579903794762
6623,0.667,2,1,2,675765,679,125067,1189,0.0053779622354581166,0.6365096359743041
6624,0.6671,2,1,2,675766,678,125069,1187,0.0053700418197947025,0.636461126005362
6625,0.6672,1,0,1,675766,678,125070,1186,0.0053700418197947025,0.6362660944206009
6626,0.6673,3,1,3,675767,677,125073,1183,0.005362121404131288,0.636021505376344
6627,0.6674,2,3,2,675770,674,125075,1181,0.005338360157141047,0.6366576819407008
6628,0.6675,5,0,5,675770,674,125080,1176,0.005338360157141047,0.6356756756756756
6629,0.6676,2,0,2,675770,674,125082,1174,0.005338360157141047,0.6352813852813853
6630,0.6677,1,1,1,675771,673,125083,1173,0.005330439741477633,0.6354279523293608
6631,0.668,0,1,0,675772,672,125083,1173,0.005322519325814219,0.6357723577235772
6632,0.6681,2,0,2,675772,672,125085,1171,0.005322519325814219,0.6353771025501899
6633,0.6682,4,1,4,675773,671,125089,1167,0.005314598910150805,0.6349292709466812
6634,0.6683,1,0,1,675773,671,125090,1166,0.005314598910150805,0.6347305389221557
6635,0.6684,1,0,1,675773,671,125091,1165,0.005314598910150805,0.6345315904139434
6636,0.6685,1,1,1,675774,670,125092,1164,0.005306678494487391,0.6346782988004362
6637,0.6686,6,0,6,675774,670,125098,1158,0.005306678494487391,0.6334792122538293
6638,0.6687,3,1,3,675775,669,125101,1155,0.005298758078823977,0.6332236842105263
6639,0.6688,1,1,1,675776,668,125102,1154,0.0052908376631605625,0.6333699231613611
6640,0.6689,2,4,2,675780,664,125104,1152,0.005259156000506906,0.6343612334801763
6641,0.669,2,1,2,675781,663,125106,1150,0.005251235584843493,0.63430777716492
6642,0.6691,3,0,3,675781,663,125109,1147,0.005251235584843493,0.6337016574585635
6643,0.6692,4,0,4,675781,663,125113,1143,0.005251235584843493,0.632890365448505
6644,0.6694,1,2,1,675783,661,125114,1142,0.005235394753516665,0.6333887964503605
6645,0.6695,5,2,5,675785,659,125119,1137,0.005219553922189837,0.6330734966592427
6646,0.6696,1,1,1,675786,658,125120,1136,0.005211633506526423,0.633221850613155
6647,0.6697,4,1,4,675787,657,125124,1132,0.0052037130908630085,0.6327557294577977
6648,0.6698,2,1,2,675788,656,125126,1130,0.0051957926751995944,0.6326987681970885
6649,0.6699,4,3,4,675791,653,125130,1126,0.005172031428209352,0.6329398538504778
6650,0.67,1,0,1,675791,653,125131,1125,0.005172031428209352,0.6327334083239595
6651,0.6701,2,0,2,675791,653,125133,1123,0.005172031428209352,0.6323198198198198
6652,0.6702,4,1,4,675792,652,125137,1119,0.005164111012545938,0.6318464144551101
6653,0.6703,2,0,2,675792,652,125139,1117,0.005164111012545938,0.6314301865460712
6654,0.6704,5,0,5,675792,652,125144,1112,0.005164111012545938,0.6303854875283447
6655,0.6705,1,2,1,675794,650,125145,1111,0.00514827018121911,0.6308915388983533
6656,0.6706,1,0,1,675794,650,125146,1110,0.00514827018121911,0.6306818181818182
6657,0.6707,1,1,1,675795,649,125147,1109,0.005140349765555697,0.6308304891922639
6658,0.6708,2,2,2,675797,647,125149,1107,0.005124508934228869,0.6311288483466363
6659,0.6709,1,0,1,675797,647,125150,1106,0.005124508934228869,0.6309184255561894
6660,0.671,4,3,4,675800,644,125154,1102,0.005100747687238626,0.6311569301260023
6661,0.6711,0,1,0,675801,643,125154,1102,0.005092827271575212,0.6315186246418338
6662,0.6713,1,3,1,675804,640,125155,1101,0.00506906602458497,0.6323951751866743
6663,0.6714,3,1,3,675805,639,125158,1098,0.005061145608921556,0.6321243523316062
6664,0.6715,1,1,1,675806,638,125159,1097,0.005053225193258142,0.6322766570605187
6665,0.6716,1,1,1,675807,637,125160,1096,0.005045304777594728,0.6324293133294865
6666,0.6717,3,2,3,675809,635,125163,1093,0.0050294639462679005,0.6325231481481481
6667,0.6718,0,2,0,675811,633,125163,1093,0.005013623114941072,0.6332560834298957
6668,0.6719,4,2,4,675813,631,125167,1089,0.004997782283614244,0.6331395348837209
6669,0.672,3,0,3,675813,631,125170,1086,0.004997782283614244,0.6324985439720443
6670,0.6721,0,2,0,675815,629,125170,1086,0.004981941452287416,0.6332361516034986
6671,0.6722,0,1,0,675816,628,125170,1086,0.004974021036624002,0.6336056009334889
6672,0.6723,2,1,2,675817,627,125172,1084,0.004966100620960588,0.6335476329631794
6673,0.6724,0,1,0,675818,626,125172,1084,0.004958180205297174,0.6339181286549708
6674,0.6725,3,2,3,675820,624,125175,1081,0.004942339373970346,0.6340175953079179
6675,0.6726,3,0,3,675820,624,125178,1078,0.004942339373970346,0.6333725029377203
6676,0.6727,2,2,2,675822,622,125180,1076,0.004926498542643518,0.6336866902237926
6677,0.6728,0,3,0,675825,619,125180,1076,0.004902737295653276,0.6348082595870207
6678,0.6729,3,2,3,675827,617,125183,1073,0.004886896464326448,0.6349112426035503
6679,0.673,0,1,0,675828,616,125183,1073,0.004878976048663034,0.635287152161042
6680,0.6731,1,0,1,675828,616,125184,1072,0.004878976048663034,0.6350710900473934
6681,0.6732,0,2,0,675830,614,125184,1072,0.004863135217336206,0.6358244365361803
6682,0.6733,2,0,2,675830,614,125186,1070,0.004863135217336206,0.6353919239904988
6683,0.6734,3,1,3,675831,613,125189,1067,0.004855214801672792,0.6351190476190476
6684,0.6735,0,1,0,675832,612,125189,1067,0.0048472943860093775,0.6354973198332341
6685,0.6736,2,1,2,675833,611,125191,1065,0.004839373970345963,0.6354415274463007
6686,0.6737,0,1,0,675834,610,125191,1065,0.004831453554682549,0.6358208955223881
6687,0.6738,3,4,3,675838,606,125194,1062,0.004799771892028894,0.6366906474820144
6688,0.674,0,1,0,675839,605,125194,1062,0.00479185147636548,0.6370725854829035
6689,0.6741,2,2,2,675841,603,125196,1060,0.004776010645038652,0.6374022850270595
6690,0.6742,3,0,3,675841,603,125199,1057,0.004776010645038652,0.6367469879518072
6691,0.6743,0,2,0,675843,601,125199,1057,0.0047601698137118235,0.6375150784077201
6692,0.6744,2,1,2,675844,600,125201,1055,0.004752249398048409,0.6374622356495468
6693,0.6745,4,1,4,675845,599,125205,1051,0.004744328982384995,0.636969696969697
6694,0.6746,1,1,1,675846,598,125206,1050,0.004736408566721581,0.6371359223300971
6695,0.6747,1,1,1,675847,597,125207,1049,0.004728488151058167,0.6373025516403402
6696,0.6748,5,0,5,675847,597,125212,1044,0.004728488151058167,0.6361974405850092
6697,0.6749,1,1,1,675848,596,125213,1043,0.004720567735394754,0.6363636363636364
6698,0.6751,3,1,3,675849,595,125216,1040,0.00471264731973134,0.636085626911315
6699,0.6752,3,3,3,675852,592,125219,1037,0.004688886072741098,0.6365868631062002
6700,0.6753,2,1,2,675853,591,125221,1035,0.0046809656570776835,0.6365313653136532
6701,0.6754,2,0,2,675853,591,125223,1033,0.0046809656570776835,0.6360837438423645
6702,0.6755,2,3,2,675856,588,125225,1031,0.004657204410087441,0.6368128474366893
6703,0.6756,2,0,2,675856,588,125227,1029,0.004657204410087441,0.6363636363636364
6704,0.6757,2,2,2,675858,586,125229,1027,0.004641363578760613,0.6367017978921264
6705,0.6758,1,1,1,675859,585,125230,1026,0.004633443163097199,0.6368715083798883
6706,0.6759,2,1,2,675860,584,125232,1024,0.004625522747433785,0.6368159203980099
6707,0.676,3,4,3,675864,580,125235,1021,0.0045938410847801295,0.6377264209868831
6708,0.6761,2,1,2,675865,579,125237,1019,0.0045859206691167154,0.6376720901126408
6709,0.6762,0,1,0,675866,578,125237,1019,0.004578000253453301,0.6380713838447089
6710,0.6763,3,1,3,675867,577,125240,1016,0.004570079837789887,0.6377903327055869
6711,0.6764,0,1,0,675868,576,125240,1016,0.004562159422126473,0.6381909547738693
6712,0.6765,2,0,2,675868,576,125242,1014,0.004562159422126473,0.6377358490566037
6713,0.6766,2,1,2,675869,575,125244,1012,0.004554239006463059,0.6376811594202898
6714,0.6767,2,1,2,675870,574,125246,1010,0.004546318590799645,0.6376262626262627
6715,0.6768,2,0,2,675870,574,125248,1008,0.004546318590799645,0.6371681415929203
6716,0.6769,1,2,1,675872,572,125249,1007,0.004530477759472817,0.6377454084863838
6717,0.677,2,2,2,675874,570,125251,1005,0.004514636928145989,0.638095238095238
6718,0.6771,2,2,2,675876,568,125253,1003,0.004498796096819161,0.6384468491406747
6719,0.6772,2,5,2,675881,563,125255,1001,0.004459194018502091,0.6400255754475703
6720,0.6773,4,1,4,675882,562,125259,997,0.004451273602838677,0.6395125080179602
6721,0.6774,3,1,3,675883,561,125262,994,0.004443353187175263,0.6392282958199357
6722,0.6775,1,0,1,675883,561,125263,993,0.004443353187175263,0.638996138996139
6723,0.6776,1,0,1,675883,561,125264,992,0.004443353187175263,0.6387636831938184
6724,0.6777,4,2,4,675885,559,125268,988,0.004427512355848435,0.6386554621848739
6725,0.6778,0,1,0,675886,558,125268,988,0.004419591940185021,0.6390685640362225
6726,0.6779,3,3,3,675889,555,125271,985,0.004395830693194779,0.6396103896103896
6727,0.678,0,2,0,675891,553,125271,985,0.004379989861867951,0.6404421326397919
6728,0.6781,1,0,1,675891,553,125272,984,0.004379989861867951,0.6402081977878985
6729,0.6782,1,1,1,675892,552,125273,983,0.004372069446204537,0.6403908794788273
6730,0.6783,2,1,2,675893,551,125275,981,0.004364149030541123,0.6403394255874674
6731,0.6784,2,1,2,675894,550,125277,979,0.004356228614877709,0.6402877697841727
6732,0.6785,4,0,4,675894,550,125281,975,0.004356228614877709,0.639344262295082
6733,0.6786,0,2,0,675896,548,125281,975,0.004340387783550881,0.6401838476690742
6734,0.6787,1,2,1,675898,546,125282,974,0.0043245469522240525,0.6407894736842106
6735,0.6788,1,0,1,675898,546,125283,973,0.0043245469522240525,0.6405529953917051
6736,0.6789,1,2,1,675900,544,125284,972,0.004308706120897224,0.6411609498680739
6737,0.679,3,0,3,675900,544,125287,969,0.004308706120897224,0.6404494382022472
6738,0.6791,4,0,4,675900,544,125291,965,0.004308706120897224,0.6394963552021206
6739,0.6792,0,1,0,675901,543,125291,965,0.00430078570523381,0.639920424403183
6740,0.6793,1,0,1,675901,543,125292,964,0.00430078570523381,0.6396814863968149
6741,0.6794,1,4,1,675905,539,125293,963,0.004269104042580155,0.6411451398135819
6742,0.6795,2,1,2,675906,538,125295,961,0.004261183626916741,0.6410940627084724
6743,0.6796,2,1,2,675907,537,125297,959,0.004253263211253327,0.641042780748663
6744,0.6797,0,1,0,675908,536,125297,959,0.0042453427955899126,0.6414715719063545
6745,0.6798,3,0,3,675908,536,125300,956,0.0042453427955899126,0.6407506702412868
6746,0.6799,0,1,0,675909,535,125300,956,0.0042374223799264985,0.6411804158283032
6747,0.68,1,2,1,675911,533,125301,955,0.00422158154859967,0.6418010752688172
6748,0.6801,2,0,2,675911,533,125303,953,0.00422158154859967,0.6413189771197847
6749,0.6802,1,5,1,675916,528,125304,952,0.004181979470282601,0.6432432432432432
6750,0.6803,2,1,2,675917,527,125306,950,0.004174059054619187,0.6431956668923493
6751,0.6805,1,2,1,675919,525,125307,949,0.0041582182232923585,0.6438263229308006
6752,0.6806,1,0,1,675919,525,125308,948,0.0041582182232923585,0.6435845213849287
6753,0.6807,1,2,1,675921,523,125309,947,0.00414237739196553,0.64421768707483
6754,0.6809,2,0,2,675921,523,125311,945,0.00414237739196553,0.6437329700272479
6755,0.681,0,2,0,675923,521,125311,945,0.004126536560638702,0.6446111869031378
6756,0.6811,1,0,1,675923,521,125312,944,0.004126536560638702,0.6443686006825938
6757,0.6812,1,1,1,675924,520,125313,943,0.004118616144975288,0.644565960355434
6758,0.6813,2,1,2,675925,519,125315,941,0.004110695729311874,0.6445205479452055
6759,0.6814,1,1,1,675926,518,125316,940,0.00410277531364846,0.644718792866941
6760,0.6815,2,0,2,675926,518,125318,938,0.00410277531364846,0.6442307692307693
6761,0.6816,0,2,0,675928,516,125318,938,0.004086934482321632,0.6451169188445667
6762,0.6817,2,1,2,675929,515,125320,936,0.004079014066658219,0.6450723638869745
6763,0.6818,3,2,3,675931,513,125323,933,0.0040631732353313904,0.6452282157676349
6764,0.6819,1,0,1,675931,513,125324,932,0.0040631732353313904,0.6449826989619377
6765,0.682,2,0,2,675931,513,125326,930,0.0040631732353313904,0.6444906444906445
6766,0.6821,2,1,2,675932,512,125328,928,0.004055252819667976,0.6444444444444445
6767,0.6822,2,1,2,675933,511,125330,926,0.004047332404004562,0.6443980514961726
6768,0.6823,1,3,1,675936,508,125331,925,0.00402357115701432,0.6454989532449407
6769,0.6824,0,2,0,675938,506,125331,925,0.004007730325687492,0.6464011180992313
6770,0.6825,1,0,1,675938,506,125332,924,0.004007730325687492,0.6461538461538462
6771,0.6826,1,1,1,675939,505,125333,923,0.003999809910024078,0.646358543417367
6772,0.6827,1,1,1,675940,504,125334,922,0.003991889494360664,0.6465638148667602
6773,0.6828,2,0,2,675940,504,125336,920,0.003991889494360664,0.6460674157303371
6774,0.6829,3,0,3,675940,504,125339,917,0.003991889494360664,0.645320197044335
6775,0.683,4,5,4,675945,499,125343,913,0.003952287416043594,0.646600566572238
6776,0.6831,4,0,4,675945,499,125347,909,0.003952287416043594,0.6455965909090909
6777,0.6832,2,1,2,675946,498,125349,907,0.00394436700038018,0.6455516014234876
6778,0.6833,1,1,1,675947,497,125350,906,0.003936446584716766,0.6457590876692801
6779,0.6834,1,0,1,675947,497,125351,905,0.003936446584716766,0.645506419400856
6780,0.6835,1,2,1,675949,495,125352,904,0.003920605753389938,0.6461758398856325
6781,0.6836,2,0,2,675949,495,125354,902,0.003920605753389938,0.6456692913385826
6782,0.6837,1,0,1,675949,495,125355,901,0.003920605753389938,0.6454154727793696
6783,0.6838,3,2,3,675951,493,125358,898,0.0039047649220631097,0.6455787203450755
6784,0.6839,0,1,0,675952,492,125358,898,0.003896844506399696,0.6460431654676259
6785,0.684,0,2,0,675954,490,125358,898,0.003881003675072868,0.6469740634005764
6786,0.6841,1,2,1,675956,488,125359,897,0.0038651628437460397,0.6476534296028881
6787,0.6842,1,2,1,675958,486,125360,896,0.0038493220124192116,0.6483357452966715
6788,0.6843,1,1,1,675959,485,125361,895,0.003841401596755798,0.6485507246376812
6789,0.6844,2,2,2,675961,483,125363,893,0.0038255607654289698,0.6489825581395349
6790,0.6845,0,1,0,675962,482,125363,893,0.0038176403497655557,0.6494545454545455
6791,0.6846,5,0,5,675962,482,125368,888,0.0038176403497655557,0.6481751824817519
6792,0.6848,1,1,1,675963,481,125369,887,0.0038097199341021416,0.6483918128654971
6793,0.6849,1,2,1,675965,479,125370,886,0.0037938791027753134,0.6490842490842491
6794,0.685,0,2,0,675967,477,125370,886,0.0037780382714484857,0.6500366837857667
6795,0.6853,1,1,1,675968,476,125371,885,0.0037701178557850716,0.6502571638501102
6796,0.6854,3,2,3,675970,474,125374,882,0.0037542770244582435,0.6504424778761062
6797,0.6855,0,3,0,675973,471,125374,882,0.0037305157774680017,0.6518847006651884
6798,0.6856,5,0,5,675973,471,125379,877,0.0037305157774680017,0.650593471810089
6799,0.6857,1,0,1,675973,471,125380,876,0.0037305157774680017,0.6503340757238307
6800,0.6859,2,0,2,675973,471,125382,874,0.0037305157774680017,0.649814126394052
6801,0.686,1,2,1,675975,469,125383,873,0.0037146749461411735,0.650521609538003
6802,0.6861,0,1,0,675976,468,125383,873,0.0037067545304777594,0.6510067114093959
6803,0.6862,3,0,3,675976,468,125386,870,0.0037067545304777594,0.6502242152466368
6804,0.6863,1,1,1,675977,467,125387,869,0.0036988341148143453,0.6504491017964071
6805,0.6864,3,0,3,675977,467,125390,866,0.0036988341148143453,0.6496624156039009
6806,0.6865,2,1,2,675978,466,125392,864,0.0036909136991509313,0.649624060150376
6807,0.6866,0,2,0,675980,464,125392,864,0.0036750728678241035,0.6506024096385542
6808,0.6867,1,0,1,675980,464,125393,863,0.0036750728678241035,0.6503391107761869
6809,0.6868,2,2,2,675982,462,125395,861,0.0036592320364972754,0.6507936507936508
6810,0.6869,1,1,1,675983,461,125396,860,0.0036513116208338613,0.6510219530658592
6811,0.687,1,1,1,675984,460,125397,859,0.003643391205170447,0.6512509476876421
6812,0.6871,2,1,2,675985,459,125399,857,0.003635470789507033,0.6512158054711246
6813,0.6872,2,0,2,675985,459,125401,855,0.003635470789507033,0.6506849315068494
6814,0.6873,1,0,1,675985,459,125402,854,0.003635470789507033,0.6504188880426505
6815,0.6874,3,0,3,675985,459,125405,851,0.003635470789507033,0.649618320610687
6816,0.6875,1,1,1,675986,458,125406,850,0.0036275503738436195,0.6498470948012233
6817,0.6877,2,1,2,675987,457,125408,848,0.0036196299581802054,0.6498084291187739
6818,0.6878,1,0,1,675987,457,125409,847,0.0036196299581802054,0.6495398773006135
6819,0.6879,3,0,3,675987,457,125412,844,0.0036196299581802054,0.6487317448116833
6820,0.688,2,0,2,675987,457,125414,842,0.0036196299581802054,0.6481909160892995
6821,0.6881,2,1,2,675988,456,125416,840,0.0036117095425167913,0.6481481481481481
6822,0.6882,1,1,1,675989,455,125417,839,0.0036037891268533772,0.6483771251931993
6823,0.6883,0,2,0,675991,453,125417,839,0.003587948295526549,0.6493808049535603
6824,0.6885,0,1,0,675992,452,125417,839,0.0035800278798631354,0.6498838109992254
6825,0.6886,2,0,2,675992,452,125419,837,0.0035800278798631354,0.6493405740884407
6826,0.6887,0,1,0,675993,451,125419,837,0.0035721074641997213,0.6498447204968945
6827,0.6889,2,2,2,675995,449,125421,835,0.003556266632872893,0.6503115264797508
6828,0.689,1,2,1,675997,447,125422,834,0.003540425801546065,0.6510538641686182
6829,0.6891,1,1,1,675998,446,125423,833,0.003532505385882651,0.6512900703674745
6830,0.6892,0,2,0,676000,444,125423,833,0.003516664554555823,0.6523101018010963
6831,0.6893,0,1,0,676001,443,125423,833,0.003508744138892409,0.6528213166144201
6832,0.6894,5,0,5,676001,443,125428,828,0.003508744138892409,0.6514555468135327
6833,0.6895,2,1,2,676002,442,125430,826,0.003500823723228995,0.6514195583596214
6834,0.6896,1,0,1,676002,442,125431,825,0.003500823723228995,0.6511444356748224
6835,0.6897,2,3,2,676005,439,125433,823,0.003477062476238753,0.6521394611727417
6836,0.6898,3,0,3,676005,439,125436,820,0.003477062476238753,0.6513105639396346
6837,0.6901,2,3,2,676008,436,125438,818,0.003453301229248511,0.6523125996810207
6838,0.6902,2,1,2,676009,435,125440,816,0.003445380813585097,0.6522781774580336
6839,0.6903,2,0,2,676009,435,125442,814,0.003445380813585097,0.6517213771016813
6840,0.6904,0,1,0,676010,434,125442,814,0.003437460397921683,0.6522435897435898
6841,0.6905,2,0,2,676010,434,125444,812,0.003437460397921683,0.651685393258427
6842,0.6906,0,4,0,676014,430,125444,812,0.003405778735268027,0.6537842190016103
6843,0.6907,2,1,2,676015,429,125446,810,0.003397858319604613,0.6537530266343826
6844,0.6908,2,2,2,676017,427,125448,808,0.0033820174882777847,0.654251012145749
6845,0.6909,0,1,0,676018,426,125448,808,0.0033740970726143706,0.6547811993517018
6846,0.691,1,1,1,676019,425,125449,807,0.003366176656950957,0.6550324675324676
6847,0.6912,4,0,4,676019,425,125453,803,0.003366176656950957,0.6539087947882736
6848,0.6913,3,3,3,676022,422,125456,800,0.0033424154099607147,0.6546644844517185
6849,0.6914,2,1,2,676023,421,125458,798,0.0033344949942973007,0.6546349466776046
6850,0.6915,2,0,2,676023,421,125460,796,0.0033344949942973007,0.6540673788003287
6851,0.6916,0,2,0,676025,419,125460,796,0.0033186541629704725,0.6551440329218107
6852,0.6917,1,1,1,676026,418,125461,795,0.003310733747307059,0.6553998351195384
6853,0.6918,0,1,0,676027,417,125461,795,0.0033028133316436448,0.655940594059406
6854,0.6919,1,3,1,676030,414,125462,794,0.0032790520846534025,0.6572847682119205
6855,0.692,3,1,3,676031,413,125465,791,0.0032711316689899884,0.6569767441860465
6856,0.6922,2,0,2,676031,413,125467,789,0.0032711316689899884,0.6564059900166389
6857,0.6923,3,1,3,676032,412,125470,786,0.0032632112533265744,0.656093489148581
6858,0.6924,0,2,0,676034,410,125470,786,0.0032473704219997466,0.657190635451505
6859,0.6925,2,0,2,676034,410,125472,784,0.0032473704219997466,0.6566164154103853
6860,0.6926,1,0,1,676034,410,125473,783,0.0032473704219997466,0.6563285834031852
6861,0.6927,0,2,0,676036,408,125473,783,0.0032315295906729185,0.6574307304785895
6862,0.6929,2,1,2,676037,407,125475,781,0.0032236091750095044,0.6574074074074074
6863,0.693,0,1,0,676038,406,125475,781,0.0032156887593460903,0.6579612468407751
6864,0.6932,1,1,1,676039,405,125476,780,0.0032077683436826767,0.6582278481012658
6865,0.6933,1,0,1,676039,405,125477,779,0.0032077683436826767,0.6579391891891891
6866,0.6934,3,2,3,676041,403,125480,776,0.0031919275123558485,0.6581849024597116
6867,0.6935,3,0,3,676041,403,125483,773,0.0031919275123558485,0.657312925170068
6868,0.6936,2,0,2,676041,403,125485,771,0.0031919275123558485,0.6567291311754685
6869,0.6937,1,0,1,676041,403,125486,770,0.0031919275123558485,0.6564364876385337
6870,0.6938,1,2,1,676043,401,125487,769,0.0031760866810290203,0.6572649572649573
6871,0.6939,1,3,1,676046,398,125488,768,0.0031523254340387785,0.6586620926243568
6872,0.694,1,0,1,676046,398,125489,767,0.0031523254340387785,0.6583690987124463
6873,0.6941,1,0,1,676046,398,125490,766,0.0031523254340387785,0.6580756013745704
6874,0.6942,2,0,2,676046,398,125492,764,0.0031523254340387785,0.657487091222031
6875,0.6943,3,0,3,676046,398,125495,761,0.0031523254340387785,0.6566005176876618
6876,0.6944,3,1,3,676047,397,125498,758,0.0031444050183753645,0.6562770562770562
6877,0.6945,1,0,1,676047,397,125499,757,0.0031444050183753645,0.6559792027729636
6878,0.6946,1,2,1,676049,395,125500,756,0.0031285641870485363,0.6568201563857515
6879,0.6947,0,1,0,676050,394,125500,756,0.003120643771385122,0.6573913043478261
6880,0.6948,0,1,0,676051,393,125500,756,0.003112723355721708,0.6579634464751958
6881,0.6949,2,0,2,676051,393,125502,754,0.003112723355721708,0.6573670444638187
6882,0.695,2,0,2,676051,393,125504,752,0.003112723355721708,0.6567685589519651
6883,0.6951,2,0,2,676051,393,125506,750,0.003112723355721708,0.6561679790026247
6884,0.6953,2,1,2,676052,392,125508,748,0.003104802940058294,0.656140350877193
6885,0.6954,0,1,0,676053,391,125508,748,0.0030968825243948804,0.6567164179104478
6886,0.6955,1,0,1,676053,391,125509,747,0.0030968825243948804,0.656414762741652
6887,0.6956,0,1,0,676054,390,125509,747,0.0030889621087314663,0.6569920844327177
6888,0.6957,1,1,1,676055,389,125510,746,0.0030810416930680522,0.6572687224669603
6889,0.6958,1,1,1,676056,388,125511,745,0.003073121277404638,0.6575463371579876
6890,0.6959,2,1,2,676057,387,125513,743,0.003065200861741224,0.6575221238938053
6891,0.696,2,2,2,676059,385,125515,741,0.0030493600304143964,0.6580817051509769
6892,0.6961,1,1,1,676060,384,125516,740,0.0030414396147509823,0.6583629893238434
6893,0.6962,1,1,1,676061,383,125517,739,0.003033519199087568,0.6586452762923352
6894,0.6963,1,0,1,676061,383,125518,738,0.003033519199087568,0.6583407671721677
6895,0.6964,1,1,1,676062,382,125519,737,0.003025598783424154,0.6586237712243074
6896,0.6965,3,2,3,676064,380,125522,734,0.003009757952097326,0.6588868940754039
6897,0.6966,2,1,2,676065,379,125524,732,0.003001837536433912,0.6588658865886589
6898,0.6967,1,0,1,676065,379,125525,731,0.003001837536433912,0.6585585585585586
6899,0.6968,2,0,2,676065,379,125527,729,0.003001837536433912,0.657942238267148
6900,0.6969,0,1,0,676066,378,125527,729,0.0029939171207704982,0.6585365853658537
6901,0.697,2,1,2,676067,377,125529,727,0.002985996705107084,0.6585144927536232
6902,0.6971,1,0,1,676067,377,125530,726,0.002985996705107084,0.658204895738894
6903,0.6972,1,1,1,676068,376,125531,725,0.00297807628944367,0.6584922797456857
6904,0.6973,4,0,4,676068,376,125535,721,0.00297807628944367,0.6572470373746582
6905,0.6974,1,0,1,676068,376,125536,720,0.00297807628944367,0.656934306569343
6906,0.6975,1,0,1,676068,376,125537,719,0.00297807628944367,0.6566210045662101
6907,0.6976,2,0,2,676068,376,125539,717,0.00297807628944367,0.6559926806953339
6908,0.6977,0,1,0,676069,375,125539,717,0.002970155873780256,0.6565934065934066
6909,0.6978,3,1,3,676070,374,125542,714,0.002962235458116842,0.65625
6910,0.6979,1,1,1,676071,373,125543,713,0.002954315042453428,0.6565377532228361
6911,0.698,0,1,0,676072,372,125543,713,0.0029463946267900137,0.6571428571428571
6912,0.6981,3,0,3,676072,372,125546,710,0.0029463946267900137,0.6561922365988909
6913,0.6982,1,0,1,676072,372,125547,709,0.0029463946267900137,0.6558741905642923
6914,0.6983,2,2,2,676074,370,125549,707,0.002930553795463186,0.6564531104921077
6915,0.6984,0,1,0,676075,369,125549,707,0.002922633379799772,0.6570631970260223
6916,0.6985,4,1,4,676076,368,125553,703,0.002914712964136358,0.6563958916900093
6917,0.6986,1,1,1,676077,367,125554,702,0.0029067925484729438,0.656688493919551
6918,0.6987,1,0,1,676077,367,125555,701,0.0029067925484729438,0.6563670411985019
6919,0.6988,1,0,1,676077,367,125556,700,0.0029067925484729438,0.6560449859418932
6920,0.6989,3,1,3,676078,366,125559,697,0.0028988721328095297,0.6556914393226717
6921,0.699,1,1,1,676079,365,125560,696,0.002890951717146116,0.6559849198868991
6922,0.6991,1,1,1,676080,364,125561,695,0.002883031301482702,0.6562795089707271
6923,0.6992,2,1,2,676081,363,125563,693,0.002875110885819288,0.65625
6924,0.6993,1,2,1,676083,361,125564,692,0.0028592700544924597,0.6571699905033238
6925,0.6994,1,0,1,676083,361,125565,691,0.0028592700544924597,0.6568441064638784
6926,0.6995,1,0,1,676083,361,125566,690,0.0028592700544924597,0.6565176022835395
6927,0.6997,4,1,4,676084,360,125570,686,0.0028513496388290456,0.655831739961759
6928,0.6998,1,0,1,676084,360,125571,685,0.0028513496388290456,0.6555023923444976
6929,0.6999,1,2,1,676086,358,125572,684,0.002835508807502218,0.6564299424184261
6930,0.7,1,0,1,676086,358,125573,683,0.002835508807502218,0.6560999039385207
6931,0.7001,4,1,4,676087,357,125577,679,0.002827588391838804,0.6554054054054054
6932,0.7003,2,1,2,676088,356,125579,677,0.0028196679761753897,0.6553727008712488
6933,0.7004,1,0,1,676088,356,125580,676,0.0028196679761753897,0.6550387596899225
6934,0.7005,0,1,0,676089,355,125580,676,0.0028117475605119757,0.6556741028128031
6935,0.7006,2,1,2,676090,354,125582,674,0.0028038271448485616,0.6556420233463035
6936,0.7007,4,1,4,676091,353,125586,670,0.0027959067291851475,0.6549364613880743
6937,0.7008,1,0,1,676091,353,125587,669,0.0027959067291851475,0.6545988258317026
6938,0.7009,3,0,3,676091,353,125590,666,0.0027959067291851475,0.6535819430814525
6939,0.701,1,2,1,676093,351,125591,665,0.0027800658978583198,0.6545275590551181
6940,0.7011,1,0,1,676093,351,125592,664,0.0027800658978583198,0.6541871921182266
6941,0.7013,2,2,2,676095,349,125594,662,0.0027642250665314916,0.6547972304648862
6942,0.7014,0,1,0,676096,348,125594,662,0.0027563046508680775,0.6554455445544555
6943,0.7015,0,1,0,676097,347,125594,662,0.0027483842352046635,0.6560951437066402
6944,0.7016,1,1,1,676098,346,125595,661,0.0027404638195412494,0.6564051638530288
6945,0.7017,1,0,1,676098,346,125596,660,0.0027404638195412494,0.6560636182902585
6946,0.7019,1,0,1,676098,346,125597,659,0.0027404638195412494,0.6557213930348259
6947,0.702,0,1,0,676099,345,125597,659,0.0027325434038778353,0.6563745019920318
6948,0.7021,0,3,0,676102,342,125597,659,0.0027087821568875935,0.6583416583416584
6949,0.7022,2,0,2,676102,342,125599,657,0.0027087821568875935,0.6576576576576577
6950,0.7023,2,0,2,676102,342,125601,655,0.0027087821568875935,0.6569709127382146
6951,0.7025,1,0,1,676102,342,125602,654,0.0027087821568875935,0.6566265060240963
6952,0.7026,2,1,2,676103,341,125604,652,0.0027008617412241794,0.6565961732124874
6953,0.7027,0,2,0,676105,339,125604,652,0.0026850209098973512,0.6579212916246215
6954,0.7028,0,1,0,676106,338,125604,652,0.0026771004942339376,0.6585858585858586
6955,0.703,4,1,4,676107,337,125608,648,0.0026691800785705235,0.6578680203045685
6956,0.7031,2,3,2,676110,334,125610,646,0.0026454188315802813,0.6591836734693878
6957,0.7032,1,0,1,676110,334,125611,645,0.0026454188315802813,0.658835546475996
6958,0.7033,2,3,2,676113,331,125613,643,0.0026216575845900395,0.660164271047228
6959,0.7034,2,2,2,676115,329,125615,641,0.0026058167532632113,0.6608247422680412
6960,0.7035,4,0,4,676115,329,125619,637,0.0026058167532632113,0.6594202898550725
6961,0.7036,1,4,1,676119,325,125620,636,0.002574135090609555,0.6618106139438086
6962,0.7037,4,0,4,676119,325,125624,632,0.002574135090609555,0.6603970741901777
6963,0.7038,3,0,3,676119,325,125627,629,0.002574135090609555,0.6593291404612159
6964,0.7039,2,3,2,676122,322,125629,627,0.002550373843619313,0.660695468914647
6965,0.7041,2,2,2,676124,320,125631,625,0.002534533012292485,0.6613756613756614
6966,0.7042,1,1,1,676125,319,125632,624,0.002526612596629071,0.6617179215270413
6967,0.7043,1,0,1,676125,319,125633,623,0.002526612596629071,0.6613588110403397
6968,0.7044,1,1,1,676126,318,125634,622,0.0025186921809656573,0.6617021276595745
6969,0.7046,1,0,1,676126,318,125635,621,0.0025186921809656573,0.6613418530351438
6970,0.7047,2,0,2,676126,318,125637,619,0.0025186921809656573,0.6606189967982924
6971,0.7048,1,2,1,676128,316,125638,618,0.002502851349638829,0.6616702355460385
6972,0.7049,2,1,2,676129,315,125640,616,0.002494930933975415,0.6616541353383458
6973,0.705,3,0,3,676129,315,125643,613,0.002494930933975415,0.6605603448275862
6974,0.7051,1,0,1,676129,315,125644,612,0.002494930933975415,0.6601941747572816
6975,0.7052,2,1,2,676130,314,125646,610,0.002487010518312001,0.6601731601731602
6976,0.7053,1,0,1,676130,314,125647,609,0.002487010518312001,0.6598049837486457
6977,0.7054,1,0,1,676130,314,125648,608,0.002487010518312001,0.6594360086767896
6978,0.7055,2,0,2,676130,314,125650,606,0.002487010518312001,0.658695652173913
6979,0.7056,1,1,1,676131,313,125651,605,0.002479090102648587,0.659041394335512
6980,0.7057,0,1,0,676132,312,125651,605,0.002471169686985173,0.6597600872410033
6981,0.7058,3,2,3,676134,310,125654,602,0.002455328855658345,0.6600877192982456
6982,0.7059,3,0,3,676134,310,125657,599,0.002455328855658345,0.658965896589659
6983,0.706,3,1,3,676135,309,125660,596,0.002447408439994931,0.6585635359116022
6984,0.7061,1,1,1,676136,308,125661,595,0.002439488024331517,0.6589147286821705
6985,0.7062,0,2,0,676138,306,125661,595,0.0024236471930046887,0.660377358490566
6986,0.7064,0,2,0,676140,304,125661,595,0.002407806361677861,0.6618464961067854
6987,0.7065,1,1,1,676141,303,125662,594,0.002399885946014447,0.6622073578595318
6988,0.7066,3,0,3,676141,303,125665,591,0.002399885946014447,0.6610738255033557
6989,0.7067,1,1,1,676142,302,125666,590,0.002391965530351033,0.6614349775784754
6990,0.7068,2,2,2,676144,300,125668,588,0.0023761246990242047,0.6621621621621622
6991,0.7069,1,0,1,676144,300,125669,587,0.0023761246990242047,0.6617812852311161
6992,0.707,6,1,6,676145,299,125675,581,0.0023682042833607906,0.6602272727272728
6993,0.7071,1,0,1,676145,299,125676,580,0.0023682042833607906,0.6598407281001137
6994,0.7072,1,0,1,676145,299,125677,579,0.0023682042833607906,0.6594533029612756
6995,0.7074,1,0,1,676145,299,125678,578,0.0023682042833607906,0.6590649942987458
6996,0.7075,2,0,2,676145,299,125680,576,0.0023682042833607906,0.6582857142857143
6997,0.7076,0,2,0,676147,297,125680,576,0.002352363452033963,0.6597938144329897
6998,0.7077,1,1,1,676148,296,125681,575,0.002344443036370549,0.6601607347876005
6999,0.7078,1,2,1,676150,294,125682,574,0.0023286022050437206,0.6612903225806451
7000,0.7079,1,1,1,676151,293,125683,573,0.0023206817893803066,0.6616628175519631
7001,0.7082,1,0,1,676151,293,125684,572,0.0023206817893803066,0.661271676300578
7002,0.7083,2,0,2,676151,293,125686,570,0.0023206817893803066,0.660486674391657
7003,0.7084,3,2,3,676153,291,125689,567,0.002304840958053479,0.6608391608391608
7004,0.7085,0,2,0,676155,289,125689,567,0.0022890001267266507,0.6623831775700935
7005,0.7086,1,0,1,676155,289,125690,566,0.0022890001267266507,0.6619883040935672
7006,0.7087,3,0,3,676155,289,125693,563,0.0022890001267266507,0.6607981220657277
7007,0.7088,2,2,2,676157,287,125695,561,0.0022731592953998225,0.6615566037735849
7008,0.7089,1,0,1,676157,287,125696,560,0.0022731592953998225,0.6611570247933884
7009,0.7091,1,1,1,676158,286,125697,559,0.0022652388797364084,0.6615384615384615
7010,0.7092,1,0,1,676158,286,125698,558,0.0022652388797364084,0.6611374407582938
7011,0.7093,2,0,2,676158,286,125700,556,0.0022652388797364084,0.6603325415676959
7012,0.7094,1,0,1,676158,286,125701,555,0.0022652388797364084,0.6599286563614745
7013,0.7095,1,1,1,676159,285,125702,554,0.0022573184640729944,0.6603098927294399
7014,0.7096,1,1,1,676160,284,125703,553,0.0022493980484095807,0.6606929510155317
7015,0.7097,2,2,2,676162,282,125705,551,0.0022335572170827525,0.6614645858343338
7016,0.7098,2,0,2,676162,282,125707,549,0.0022335572170827525,0.6606498194945848
7017,0.7099,3,1,3,676163,281,125710,546,0.0022256368014193385,0.660217654171705
7018,0.71,1,0,1,676163,281,125711,545,0.0022256368014193385,0.6598062953995157
7019,0.7101,1,1,1,676164,280,125712,544,0.0022177163857559244,0.6601941747572816
7020,0.7102,3,0,3,676164,280,125715,541,0.0022177163857559244,0.658952496954933
7021,0.7103,0,1,0,676165,279,125715,541,0.0022097959700925103,0.6597560975609756
7022,0.7104,2,1,2,676166,278,125717,539,0.0022018755544290962,0.6597307221542228
7023,0.7105,1,0,1,676166,278,125718,538,0.0022018755544290962,0.6593137254901961
7024,0.7106,0,1,0,676167,277,125718,538,0.0021939551387656826,0.660122699386503
7025,0.7107,1,2,1,676169,275,125719,537,0.0021781143074388544,0.6613300492610837
7026,0.7109,0,1,0,676170,274,125719,537,0.0021701938917754403,0.6621454993834772
7027,0.711,1,1,1,676171,273,125720,536,0.0021622734761120263,0.6625463535228677
7028,0.7111,0,1,0,676172,272,125720,536,0.002154353060448612,0.6633663366336634
7029,0.7112,1,3,1,676175,269,125721,535,0.0021305918134583704,0.6654228855721394
7030,0.7113,0,1,0,676176,268,125721,535,0.0021226713977949563,0.6662515566625156
7031,0.7115,0,1,0,676177,267,125721,535,0.002114750982131542,0.6670822942643392
7032,0.7116,1,0,1,676177,267,125722,534,0.002114750982131542,0.6666666666666666
7033,0.7117,0,1,0,676178,266,125722,534,0.002106830566468128,0.6675
7034,0.7118,3,0,3,676178,266,125725,531,0.002106830566468128,0.6662484316185696
7035,0.712,1,1,1,676179,265,125726,530,0.002098910150804714,0.6666666666666666
7036,0.7121,1,3,1,676182,262,125727,529,0.0020751489038144722,0.6687737041719343
7037,0.7122,2,0,2,676182,262,125729,527,0.0020751489038144722,0.6679340937896071
7038,0.7123,2,0,2,676182,262,125731,525,0.0020751489038144722,0.6670902160101652
7039,0.7125,0,1,0,676183,261,125731,525,0.002067228488151058,0.6679389312977099
7040,0.7126,1,1,1,676184,260,125732,524,0.002059308072487644,0.6683673469387755
7041,0.7127,3,1,3,676185,259,125735,521,0.00205138765682423,0.6679487179487179
7042,0.7128,3,0,3,676185,259,125738,518,0.00205138765682423,0.6666666666666666
7043,0.7129,2,0,2,676185,259,125740,516,0.00205138765682423,0.6658064516129032
7044,0.713,2,0,2,676185,259,125742,514,0.00205138765682423,0.6649417852522639
7045,0.7131,1,1,1,676186,258,125743,513,0.002043467241160816,0.6653696498054474
7046,0.7132,1,0,1,676186,258,125744,512,0.002043467241160816,0.6649350649350649
7047,0.7133,1,0,1,676186,258,125745,511,0.002043467241160816,0.6644993498049415
7048,0.7134,2,1,2,676187,257,125747,509,0.0020355468254974023,0.664490861618799
7049,0.7135,0,3,0,676190,254,125747,509,0.00201178557850716,0.6671035386631717
7050,0.7136,1,1,1,676191,253,125748,508,0.002003865162843746,0.6675427069645203
7051,0.7137,4,0,4,676191,253,125752,504,0.002003865162843746,0.665785997357992
7052,0.7138,4,0,4,676191,253,125756,500,0.002003865162843746,0.6640106241699867
7053,0.7139,2,0,2,676191,253,125758,498,0.002003865162843746,0.6631158455392809
7054,0.714,2,2,2,676193,251,125760,496,0.001988024331516918,0.6639892904953146
7055,0.7141,1,1,1,676194,250,125761,495,0.001980103915853504,0.6644295302013423
7056,0.7142,3,0,3,676194,250,125764,492,0.001980103915853504,0.6630727762803235
7057,0.7144,1,0,1,676194,250,125765,491,0.001980103915853504,0.6626180836707153
7058,0.7146,1,1,1,676195,249,125766,490,0.00197218350019009,0.6630581867388363
7059,0.7147,2,0,2,676195,249,125768,488,0.00197218350019009,0.6621438263229308
7060,0.7149,4,1,4,676196,248,125772,484,0.001964263084526676,0.6612021857923497
7061,0.715,0,1,0,676197,247,125772,484,0.001956342668863262,0.6621067031463749
7062,0.7151,1,2,1,676199,245,125773,483,0.001940501837536434,0.6634615384615384
7063,0.7153,3,4,3,676203,241,125776,480,0.0019088201748827778,0.665742024965326
7064,0.7155,1,0,1,676203,241,125777,479,0.0019088201748827778,0.6652777777777777
7065,0.7156,1,0,1,676203,241,125778,478,0.0019088201748827778,0.6648122392211405
7066,0.7157,1,0,1,676203,241,125779,477,0.0019088201748827778,0.6643454038997214
7067,0.7158,1,0,1,676203,241,125780,476,0.0019088201748827778,0.6638772663877266
7068,0.7159,0,1,0,676204,240,125780,476,0.0019008997592193638,0.664804469273743
7069,0.716,1,0,1,676204,240,125781,475,0.0019008997592193638,0.6643356643356644
7070,0.7161,1,0,1,676204,240,125782,474,0.0019008997592193638,0.6638655462184874
7071,0.7162,1,2,1,676206,238,125783,473,0.0018850589278925358,0.6652601969057665
7072,0.7163,3,0,3,676206,238,125786,470,0.0018850589278925358,0.6638418079096046
7073,0.7165,1,2,1,676208,236,125787,469,0.0018692180965657079,0.6652482269503546
7074,0.7166,1,1,1,676209,235,125788,468,0.0018612976809022938,0.6657183499288762
7075,0.7167,1,0,1,676209,235,125789,467,0.0018612976809022938,0.6652421652421653
7076,0.7169,1,0,1,676209,235,125790,466,0.0018612976809022938,0.6647646219686163
7077,0.717,1,0,1,676209,235,125791,465,0.0018612976809022938,0.6642857142857143
7078,0.7171,1,0,1,676209,235,125792,464,0.0018612976809022938,0.6638054363376252
7079,0.7173,1,0,1,676209,235,125793,463,0.0018612976809022938,0.663323782234957
7080,0.7175,0,2,0,676211,233,125793,463,0.0018454568495754656,0.6652298850574713
7081,0.7176,2,1,2,676212,232,125795,461,0.0018375364339120518,0.6652236652236653
7082,0.7178,3,0,3,676212,232,125798,458,0.0018375364339120518,0.663768115942029
7083,0.7179,0,1,0,676213,231,125798,458,0.0018296160182486377,0.6647314949201741
7084,0.718,2,0,2,676213,231,125800,456,0.0018296160182486377,0.6637554585152838
7085,0.7184,1,0,1,676213,231,125801,455,0.0018296160182486377,0.6632653061224489
7086,0.7185,0,1,0,676214,230,125801,455,0.0018216956025852236,0.6642335766423357
7087,0.7186,1,0,1,676214,230,125802,454,0.0018216956025852236,0.6637426900584795
7088,0.7187,3,0,3,676214,230,125805,451,0.0018216956025852236,0.6622613803230544
7089,0.7188,2,0,2,676214,230,125807,449,0.0018216956025852236,0.6612665684830633
7090,0.7189,2,0,2,676214,230,125809,447,0.0018216956025852236,0.6602658788774003
7091,0.719,1,0,1,676214,230,125810,446,0.0018216956025852236,0.6597633136094675
7092,0.7192,1,0,1,676214,230,125811,445,0.0018216956025852236,0.6592592592592592
7093,0.7194,1,0,1,676214,230,125812,444,0.0018216956025852236,0.658753709198813
7094,0.7195,1,1,1,676215,229,125813,443,0.0018137751869218097,0.6592261904761905
7095,0.7198,0,1,0,676216,228,125813,443,0.0018058547712583957,0.6602086438152012
7096,0.7199,0,1,0,676217,227,125813,443,0.0017979343555949816,0.6611940298507463
7097,0.72,1,0,1,676217,227,125814,442,0.0017979343555949816,0.6606875934230194
7098,0.7201,3,0,3,676217,227,125817,439,0.0017979343555949816,0.6591591591591591
7099,0.7202,0,1,0,676218,226,125817,439,0.0017900139399315677,0.6601503759398496
7100,0.7203,1,1,1,676219,225,125818,438,0.0017820935242681536,0.6606334841628959
7101,0.7204,1,0,1,676219,225,125819,437,0.0017820935242681536,0.6601208459214502
7102,0.7206,3,0,3,676219,225,125822,434,0.0017820935242681536,0.6585735963581184
7103,0.7208,0,1,0,676220,224,125822,434,0.0017741731086047396,0.6595744680851063
7104,0.7212,2,0,2,676220,224,125824,432,0.0017741731086047396,0.6585365853658537
7105,0.7213,1,0,1,676220,224,125825,431,0.0017741731086047396,0.6580152671755726
7106,0.7214,0,1,0,676221,223,125825,431,0.0017662526929413255,0.6590214067278287
7107,0.7215,0,1,0,676222,222,125825,431,0.0017583322772779116,0.6600306278713629
7108,0.7218,1,0,1,676222,222,125826,430,0.0017583322772779116,0.6595092024539877
7109,0.722,1,1,1,676223,221,125827,429,0.0017504118616144975,0.66
7110,0.7221,1,1,1,676224,220,125828,428,0.0017424914459510834,0.6604938271604939
7111,0.7222,2,0,2,676224,220,125830,426,0.0017424914459510834,0.6594427244582043
7112,0.7223,3,1,3,676225,219,125833,423,0.0017345710302876696,0.6588785046728972
7113,0.7224,1,1,1,676226,218,125834,422,0.0017266506146242555,0.659375
7114,0.7225,0,1,0,676227,217,125834,422,0.0017187301989608414,0.6604068857589984
7115,0.7228,0,1,0,676228,216,125834,422,0.0017108097832974276,0.6614420062695925
7116,0.723,0,1,0,676229,215,125834,422,0.0017028893676340135,0.6624803767660911
7117,0.7231,0,1,0,676230,214,125834,422,0.0016949689519705994,0.6635220125786163
7118,0.7232,0,1,0,676231,213,125834,422,0.0016870485363071853,0.6645669291338583
7119,0.7234,1,0,1,676231,213,125835,421,0.0016870485363071853,0.6640378548895899
7120,0.7235,0,1,0,676232,212,125835,421,0.0016791281206437714,0.665086887835703
7121,0.7236,1,1,1,676233,211,125836,420,0.0016712077049803574,0.6656101426307448
7122,0.7237,2,0,2,676233,211,125838,418,0.0016712077049803574,0.6645468998410174
7123,0.7238,0,1,0,676234,210,125838,418,0.0016632872893169433,0.6656050955414012
7124,0.7239,1,0,1,676234,210,125839,417,0.0016632872893169433,0.6650717703349283
7125,0.724,1,0,1,676234,210,125840,416,0.0016632872893169433,0.6645367412140575
7126,0.7242,1,3,1,676237,207,125841,415,0.0016395260423267013,0.6672025723472669
7127,0.7243,0,2,0,676239,205,125841,415,0.0016236852109998733,0.6693548387096774
7128,0.7244,0,1,0,676240,204,125841,415,0.0016157647953364592,0.6704361873990307
7129,0.7247,0,1,0,676241,203,125841,415,0.0016078443796730452,0.6715210355987055
7130,0.725,0,2,0,676243,201,125841,415,0.0015920035483462172,0.6737012987012987
7131,0.7251,1,0,1,676243,201,125842,414,0.0015920035483462172,0.6731707317073171
7132,0.7252,2,1,2,676244,200,125844,412,0.0015840831326828031,0.673202614379085
7133,0.7253,1,0,1,676244,200,125845,411,0.0015840831326828031,0.6726677577741408
7134,0.7254,0,1,0,676245,199,125845,411,0.0015761627170193893,0.6737704918032786
7135,0.7257,1,0,1,676245,199,125846,410,0.0015761627170193893,0.6732348111658456
7136,0.7258,2,1,2,676246,198,125848,408,0.0015682423013559752,0.6732673267326733
7137,0.7259,1,0,1,676246,198,125849,407,0.0015682423013559752,0.6727272727272727
7138,0.7261,3,1,3,676247,197,125852,404,0.001560321885692561,0.6722129783693843
7139,0.7262,2,0,2,676247,197,125854,402,0.001560321885692561,0.671118530884808
7140,0.7264,1,0,1,676247,197,125855,401,0.001560321885692561,0.6705685618729097
7141,0.7266,1,0,1,676247,197,125856,400,0.001560321885692561,0.6700167504187605
7142,0.7267,0,1,0,676248,196,125856,400,0.001552401470029147,0.6711409395973155
7143,0.727,0,1,0,676249,195,125856,400,0.0015444810543657332,0.6722689075630253
7144,0.7272,1,0,1,676249,195,125857,399,0.0015444810543657332,0.6717171717171717
7145,0.7275,1,0,1,676249,195,125858,398,0.0015444810543657332,0.6711635750421585
7146,0.7276,1,0,1,676249,195,125859,397,0.0015444810543657332,0.6706081081081081
7147,0.7277,3,0,3,676249,195,125862,394,0.0015444810543657332,0.6689303904923599
7148,0.7279,1,2,1,676251,193,125863,393,0.001528640223038905,0.6706484641638225
7149,0.728,1,1,1,676252,192,125864,392,0.0015207198073754911,0.6712328767123288
7150,0.7282,2,0,2,676252,192,125866,390,0.0015207198073754911,0.6701030927835051
7151,0.7283,0,2,0,676254,190,125866,390,0.001504878976048663,0.6724137931034483
7152,0.7284,2,0,2,676254,190,125868,388,0.001504878976048663,0.671280276816609
7153,0.7285,1,1,1,676255,189,125869,387,0.0014969585603852491,0.671875
7154,0.7286,1,1,1,676256,188,125870,386,0.001489038144721835,0.6724738675958188
7155,0.7287,1,0,1,676256,188,125871,385,0.001489038144721835,0.6719022687609075
7156,0.7288,1,1,1,676257,187,125872,384,0.001481117729058421,0.6725043782837128
7157,0.7289,1,0,1,676257,187,125873,383,0.001481117729058421,0.6719298245614035
7158,0.729,0,1,0,676258,186,125873,383,0.0014731973133950069,0.6731107205623902
7159,0.7291,1,0,1,676258,186,125874,382,0.0014731973133950069,0.6725352112676056
7160,0.7294,1,1,1,676259,185,125875,381,0.001465276897731593,0.6731448763250883
7161,0.7297,1,0,1,676259,185,125876,380,0.001465276897731593,0.672566371681416
7162,0.7298,1,0,1,676259,185,125877,379,0.001465276897731593,0.6719858156028369
7163,0.7299,2,1,2,676260,184,125879,377,0.001457356482068179,0.6720142602495544
7164,0.73,1,0,1,676260,184,125880,376,0.001457356482068179,0.6714285714285714
7165,0.7302,1,0,1,676260,184,125881,375,0.001457356482068179,0.6708407871198568
7166,0.7304,1,0,1,676260,184,125882,374,0.001457356482068179,0.6702508960573477
7167,0.7305,1,0,1,676260,184,125883,373,0.001457356482068179,0.6696588868940754
7168,0.7306,0,1,0,676261,183,125883,373,0.0014494360664047648,0.670863309352518
7169,0.7308,0,1,0,676262,182,125883,373,0.001441515650741351,0.6720720720720721
7170,0.7309,4,0,4,676262,182,125887,369,0.001441515650741351,0.6696914700544465
7171,0.731,1,1,1,676263,181,125888,368,0.001433595235077937,0.6703096539162113
7172,0.7311,1,0,1,676263,181,125889,367,0.001433595235077937,0.6697080291970803
7173,0.7312,1,0,1,676263,181,125890,366,0.001433595235077937,0.6691042047531993
7174,0.7313,0,1,0,676264,180,125890,366,0.0014256748194145228,0.6703296703296703
7175,0.7315,1,0,1,676264,180,125891,365,0.0014256748194145228,0.6697247706422018
7176,0.7316,0,1,0,676265,179,125891,365,0.001417754403751109,0.6709558823529411
7177,0.7318,0,1,0,676266,178,125891,365,0.0014098339880876949,0.6721915285451197
7178,0.732,1,0,1,676266,178,125892,364,0.0014098339880876949,0.6715867158671587
7179,0.7323,1,0,1,676266,178,125893,363,0.0014098339880876949,0.6709796672828097
7180,0.7324,0,1,0,676267,177,125893,363,0.0014019135724242808,0.6722222222222223
7181,0.7325,0,1,0,676268,176,125893,363,0.0013939931567608667,0.673469387755102
7182,0.7326,1,0,1,676268,176,125894,362,0.0013939931567608667,0.6728624535315985
7183,0.7327,0,1,0,676269,175,125894,362,0.0013860727410974528,0.6741154562383612
7184,0.7328,0,1,0,676270,174,125894,362,0.0013781523254340388,0.6753731343283582
7185,0.733,2,2,2,676272,172,125896,360,0.0013623114941072108,0.6766917293233082
7186,0.7331,1,0,1,676272,172,125897,359,0.0013623114941072108,0.6760828625235404
7187,0.7332,1,0,1,676272,172,125898,358,0.0013623114941072108,0.6754716981132075
7188,0.7333,1,1,1,676273,171,125899,357,0.0013543910784437967,0.6761363636363636
7189,0.7334,0,1,0,676274,170,125899,357,0.0013464706627803827,0.6774193548387096
7190,0.7335,0,1,0,676275,169,125899,357,0.0013385502471169688,0.6787072243346007
7191,0.7336,1,1,1,676276,168,125900,356,0.0013306298314535547,0.6793893129770993
7192,0.7337,2,0,2,676276,168,125902,354,0.0013306298314535547,0.6781609195402298
7193,0.7339,1,0,1,676276,168,125903,353,0.0013306298314535547,0.6775431861804223
7194,0.734,1,1,1,676277,167,125904,352,0.0013227094157901406,0.6782273603082851
7195,0.7341,2,0,2,676277,167,125906,350,0.0013227094157901406,0.6769825918762089
7196,0.7343,1,0,1,676277,167,125907,349,0.0013227094157901406,0.6763565891472868
7197,0.7345,1,0,1,676277,167,125908,348,0.0013227094157901406,0.6757281553398058
7198,0.7347,1,1,1,676278,166,125909,347,0.0013147890001267266,0.6764132553606238
7199,0.7348,2,1,2,676279,165,125911,345,0.0013068685844633127,0.6764705882352942
7200,0.7352,0,1,0,676280,164,125911,345,0.0012989481687998986,0.6777996070726916
7201,0.7353,1,0,1,676280,164,125912,344,0.0012989481687998986,0.6771653543307087
7202,0.7354,0,1,0,676281,163,125912,344,0.0012910277531364845,0.6785009861932939
7203,0.7355,0,2,0,676283,161,125912,344,0.0012751869218096566,0.6811881188118812
7204,0.7356,1,0,1,676283,161,125913,343,0.0012751869218096566,0.6805555555555556
7205,0.7357,2,0,2,676283,161,125915,341,0.0012751869218096566,0.6792828685258964
7206,0.7359,0,2,0,676285,159,125915,341,0.0012593460904828286,0.682
7207,0.736,4,1,4,676286,158,125919,337,0.0012514256748194146,0.6808080808080809
7208,0.7361,1,1,1,676287,157,125920,336,0.0012435052591560005,0.6815415821501014
7209,0.7363,2,0,2,676287,157,125922,334,0.0012435052591560005,0.6802443991853361
7210,0.7365,2,1,2,676288,156,125924,332,0.0012355848434925864,0.680327868852459
7211,0.7366,1,0,1,676288,156,125925,331,0.0012355848434925864,0.6796714579055442
7212,0.7367,1,0,1,676288,156,125926,330,0.0012355848434925864,0.6790123456790124
7213,0.7369,1,0,1,676288,156,125927,329,0.0012355848434925864,0.6783505154639176
7214,0.737,1,1,1,676289,155,125928,328,0.0012276644278291725,0.6790890269151139
7215,0.7373,1,1,1,676290,154,125929,327,0.0012197440121657585,0.6798336798336798
7216,0.7374,2,0,2,676290,154,125931,325,0.0012197440121657585,0.6784968684759917
7217,0.7376,2,1,2,676291,153,125933,323,0.0012118235965023444,0.6785714285714286
7218,0.7381,1,2,1,676293,151,125934,322,0.0011959827651755164,0.6807610993657506
7219,0.7382,2,1,2,676294,150,125936,320,0.0011880623495121023,0.6808510638297872
7220,0.7383,1,0,1,676294,150,125937,319,0.0011880623495121023,0.6801705756929638
7221,0.7385,1,1,1,676295,149,125938,318,0.0011801419338486885,0.6809421841541756
7222,0.7386,2,0,2,676295,149,125940,316,0.0011801419338486885,0.6795698924731183
7223,0.7388,1,0,1,676295,149,125941,315,0.0011801419338486885,0.6788793103448276
7224,0.7389,1,0,1,676295,149,125942,314,0.0011801419338486885,0.6781857451403888
7225,0.739,0,2,0,676297,147,125942,314,0.0011643011025218603,0.6811279826464208
7226,0.7392,0,1,0,676298,146,125942,314,0.0011563806868584462,0.6826086956521739
7227,0.7393,1,1,1,676299,145,125943,313,0.0011484602711950324,0.6834061135371179
7228,0.7395,0,4,0,676303,141,125943,313,0.0011167786085413763,0.6894273127753304
7229,0.7396,1,0,1,676303,141,125944,312,0.0011167786085413763,0.6887417218543046
7230,0.7398,1,1,1,676304,140,125945,311,0.0011088581928779622,0.6895787139689579
7231,0.74,0,1,0,676305,139,125945,311,0.0011009377772145481,0.6911111111111111
7232,0.7401,1,1,1,676306,138,125946,310,0.0010930173615511342,0.6919642857142857
7233,0.7402,1,0,1,676306,138,125947,309,0.0010930173615511342,0.6912751677852349
7234,0.7403,1,0,1,676306,138,125948,308,0.0010930173615511342,0.6905829596412556
7235,0.7404,0,1,0,676307,137,125948,308,0.0010850969458877202,0.6921348314606741
7236,0.7406,0,1,0,676308,136,125948,308,0.001077176530224306,0.6936936936936937
7237,0.7407,2,1,2,676309,135,125950,306,0.0010692561145608922,0.6938775510204082
7238,0.7408,1,0,1,676309,135,125951,305,0.0010692561145608922,0.6931818181818182
7239,0.7411,1,1,1,676310,134,125952,304,0.0010613356988974781,0.6940639269406392
7240,0.7412,0,1,0,676311,133,125952,304,0.001053415283234064,0.6956521739130435
7241,0.7414,1,0,1,676311,133,125953,303,0.001053415283234064,0.694954128440367
7242,0.7415,1,0,1,676311,133,125954,302,0.001053415283234064,0.6942528735632184
7243,0.7418,1,0,1,676311,133,125955,301,0.001053415283234064,0.6935483870967742
7244,0.7419,2,0,2,676311,133,125957,299,0.001053415283234064,0.6921296296296297
7245,0.7421,1,0,1,676311,133,125958,298,0.001053415283234064,0.691415313225058
7246,0.7423,0,1,0,676312,132,125958,298,0.0010454948675706502,0.6930232558139535
7247,0.7424,1,1,1,676313,131,125959,297,0.0010375744519072361,0.6939252336448598
7248,0.7425,1,0,1,676313,131,125960,296,0.0010375744519072361,0.6932084309133489
7249,0.7426,1,2,1,676315,129,125961,295,0.001021733620580408,0.6957547169811321
7250,0.7427,1,1,1,676316,128,125962,294,0.001013813204916994,0.6966824644549763
7251,0.7428,1,0,1,676316,128,125963,293,0.001013813204916994,0.6959619952494062
7252,0.7429,1,1,1,676317,127,125964,292,0.00100589278925358,0.6968973747016707
7253,0.743,2,0,2,676317,127,125966,290,0.00100589278925358,0.6954436450839329
7254,0.7431,2,0,2,676317,127,125968,288,0.00100589278925358,0.6939759036144578
7255,0.7432,1,0,1,676317,127,125969,287,0.00100589278925358,0.6932367149758454
7256,0.7433,1,1,1,676318,126,125970,286,0.000997972373590166,0.6941747572815534
7257,0.7435,3,1,3,676319,125,125973,283,0.000990051957926752,0.6936274509803921
7258,0.7439,1,0,1,676319,125,125974,282,0.000990051957926752,0.6928746928746928
7259,0.744,0,1,0,676320,124,125974,282,0.000982131542263338,0.6945812807881774
7260,0.7441,3,1,3,676321,123,125977,279,0.000974211126599924,0.6940298507462687
7261,0.7442,1,0,1,676321,123,125978,278,0.000974211126599924,0.6932668329177057
7262,0.7443,2,0,2,676321,123,125980,276,0.000974211126599924,0.6917293233082706
7263,0.7446,2,0,2,676321,123,125982,274,0.000974211126599924,0.690176322418136
7264,0.7449,0,1,0,676322,122,125982,274,0.0009662907109365099,0.6919191919191919
7265,0.7451,0,1,0,676323,121,125982,274,0.000958370295273096,0.6936708860759494
7266,0.7453,0,1,0,676324,120,125982,274,0.0009504498796096819,0.6954314720812182
7267,0.7454,1,0,1,676324,120,125983,273,0.0009504498796096819,0.6946564885496184
7268,0.7455,1,0,1,676324,120,125984,272,0.0009504498796096819,0.6938775510204082
7269,0.7457,2,0,2,676324,120,125986,270,0.0009504498796096819,0.6923076923076923
7270,0.7458,1,0,1,676324,120,125987,269,0.0009504498796096819,0.6915167095115681
7271,0.7459,2,0,2,676324,120,125989,267,0.0009504498796096819,0.689922480620155
7272,0.7463,1,2,1,676326,118,125990,266,0.0009346090482828539,0.6927083333333334
7273,0.7466,1,0,1,676326,118,125991,265,0.0009346090482828539,0.6919060052219321
7274,0.7467,1,0,1,676326,118,125992,264,0.0009346090482828539,0.6910994764397905
7275,0.7468,3,0,3,676326,118,125995,261,0.0009346090482828539,0.6886543535620053
7276,0.7475,1,0,1,676326,118,125996,260,0.0009346090482828539,0.6878306878306878
7277,0.7476,0,1,0,676327,117,125996,260,0.0009266886326194399,0.6896551724137931
7278,0.7477,1,0,1,676327,117,125997,259,0.0009266886326194399,0.6888297872340425
7279,0.7478,1,0,1,676327,117,125998,258,0.0009266886326194399,0.688
7280,0.7479,3,1,3,676328,116,126001,255,0.0009187682169560259,0.6873315363881402
7281,0.748,1,1,1,676329,115,126002,254,0.0009108478012926118,0.6883468834688347
7282,0.7481,1,0,1,676329,115,126003,253,0.0009108478012926118,0.6875
7283,0.7482,1,0,1,676329,115,126004,252,0.0009108478012926118,0.6866485013623979
7284,0.7485,1,0,1,676329,115,126005,251,0.0009108478012926118,0.6857923497267759
7285,0.7487,0,2,0,676331,113,126005,251,0.0008950069699657839,0.6895604395604396
7286,0.7488,0,1,0,676332,112,126005,251,0.0008870865543023698,0.6914600550964187
7287,0.7489,2,0,2,676332,112,126007,249,0.0008870865543023698,0.6897506925207756
7288,0.749,1,0,1,676332,112,126008,248,0.0008870865543023698,0.6888888888888889
7289,0.7491,0,2,0,676334,110,126008,248,0.0008712457229755417,0.6927374301675978
7290,0.7492,1,0,1,676334,110,126009,247,0.0008712457229755417,0.6918767507002801
7291,0.7494,1,0,1,676334,110,126010,246,0.0008712457229755417,0.6910112359550562
7292,0.7496,1,0,1,676334,110,126011,245,0.0008712457229755417,0.6901408450704225
7293,0.7497,1,0,1,676334,110,126012,244,0.0008712457229755417,0.6892655367231638
7294,0.7499,1,0,1,676334,110,126013,243,0.0008712457229755417,0.6883852691218131
7295,0.7504,1,0,1,676334,110,126014,242,0.0008712457229755417,0.6875
7296,0.7506,2,0,2,676334,110,126016,240,0.0008712457229755417,0.6857142857142857
7297,0.7511,1,0,1,676334,110,126017,239,0.0008712457229755417,0.6848137535816619
7298,0.7512,0,1,0,676335,109,126017,239,0.0008633253073121277,0.6867816091954023
7299,0.7517,1,1,1,676336,108,126018,238,0.0008554048916487138,0.6878612716763006
7300,0.7519,1,0,1,676336,108,126019,237,0.0008554048916487138,0.6869565217391305
7301,0.7521,1,1,1,676337,107,126020,236,0.0008474844759852997,0.6880466472303207
7302,0.7522,2,0,2,676337,107,126022,234,0.0008474844759852997,0.6862170087976539
7303,0.7524,1,0,1,676337,107,126023,233,0.0008474844759852997,0.6852941176470588
7304,0.7526,2,0,2,676337,107,126025,231,0.0008474844759852997,0.6834319526627219
7305,0.7527,2,1,2,676338,106,126027,229,0.0008395640603218857,0.6835820895522388
7306,0.7528,1,0,1,676338,106,126028,228,0.0008395640603218857,0.6826347305389222
7307,0.753,1,1,1,676339,105,126029,227,0.0008316436446584716,0.6837349397590361
7308,0.7536,1,0,1,676339,105,126030,226,0.0008316436446584716,0.6827794561933535
7309,0.7537,2,0,2,676339,105,126032,224,0.0008316436446584716,0.6808510638297872
7310,0.7538,2,0,2,676339,105,126034,222,0.0008316436446584716,0.6788990825688074
7311,0.754,1,4,1,676343,101,126035,221,0.0007999619820048156,0.6863354037267081
7312,0.7544,1,0,1,676343,101,126036,220,0.0007999619820048156,0.6853582554517134
7313,0.7546,2,0,2,676343,101,126038,218,0.0007999619820048156,0.6833855799373041
7314,0.7547,1,0,1,676343,101,126039,217,0.0007999619820048156,0.6823899371069182
7315,0.7548,1,0,1,676343,101,126040,216,0.0007999619820048156,0.6813880126182965
7316,0.7552,0,1,0,676344,100,126040,216,0.0007920415663414016,0.6835443037974683
7317,0.7554,2,0,2,676344,100,126042,214,0.0007920415663414016,0.6815286624203821
7318,0.7555,0,1,0,676345,99,126042,214,0.0007841211506779876,0.6837060702875399
7319,0.7556,0,2,0,676347,97,126042,214,0.0007682803193511595,0.6881028938906752
7320,0.7558,1,0,1,676347,97,126043,213,0.0007682803193511595,0.6870967741935484
7321,0.7559,1,2,1,676349,95,126044,212,0.0007524394880243315,0.6905537459283387
7322,0.7562,0,1,0,676350,94,126044,212,0.0007445190723609175,0.6928104575163399
7323,0.7563,0,1,0,676351,93,126044,212,0.0007365986566975034,0.6950819672131148
7324,0.7564,0,1,0,676352,92,126044,212,0.0007286782410340895,0.6973684210526315
7325,0.7567,1,0,1,676352,92,126045,211,0.0007286782410340895,0.6963696369636964
7326,0.7568,0,1,0,676353,91,126045,211,0.0007207578253706755,0.6986754966887417
7327,0.7569,1,0,1,676353,91,126046,210,0.0007207578253706755,0.6976744186046512
7328,0.757,1,1,1,676354,90,126047,209,0.0007128374097072614,0.6989966555183946
7329,0.7573,2,0,2,676354,90,126049,207,0.0007128374097072614,0.696969696969697
7330,0.7574,1,1,1,676355,89,126050,206,0.0007049169940438474,0.6983050847457627
7331,0.7576,0,1,0,676356,88,126050,206,0.0006969965783804334,0.7006802721088435
7332,0.7577,1,0,1,676356,88,126051,205,0.0006969965783804334,0.6996587030716723
7333,0.7579,0,1,0,676357,87,126051,205,0.0006890761627170194,0.702054794520548
7334,0.758,1,2,1,676359,85,126052,204,0.0006732353313901913,0.7058823529411765
7335,0.7581,0,1,0,676360,84,126052,204,0.0006653149157267774,0.7083333333333334
7336,0.7582,1,0,1,676360,84,126053,203,0.0006653149157267774,0.7073170731707317
7337,0.7583,1,0,1,676360,84,126054,202,0.0006653149157267774,0.7062937062937062
7338,0.7591,0,1,0,676361,83,126054,202,0.0006573945000633633,0.7087719298245614
7339,0.7592,0,1,0,676362,82,126054,202,0.0006494740843999493,0.7112676056338029
7340,0.7593,1,0,1,676362,82,126055,201,0.0006494740843999493,0.7102473498233216
7341,0.7594,1,0,1,676362,82,126056,200,0.0006494740843999493,0.7092198581560284
7342,0.7597,1,1,1,676363,81,126057,199,0.0006415536687365353,0.7107142857142857
7343,0.7598,1,0,1,676363,81,126058,198,0.0006415536687365353,0.7096774193548387
7344,0.76,2,0,2,676363,81,126060,196,0.0006415536687365353,0.7075812274368231
7345,0.7602,1,2,1,676365,79,126061,195,0.0006257128374097073,0.7116788321167883
7346,0.7604,1,0,1,676365,79,126062,194,0.0006257128374097073,0.7106227106227107
7347,0.7605,0,1,0,676366,78,126062,194,0.0006177924217462932,0.7132352941176471
7348,0.7607,1,0,1,676366,78,126063,193,0.0006177924217462932,0.7121771217712177
7349,0.7608,0,1,0,676367,77,126063,193,0.0006098720060828792,0.7148148148148148
7350,0.7609,1,2,1,676369,75,126064,192,0.0005940311747560512,0.7191011235955056
7351,0.761,1,0,1,676369,75,126065,191,0.0005940311747560512,0.7180451127819549
7352,0.7611,1,0,1,676369,75,126066,190,0.0005940311747560512,0.7169811320754716
7353,0.7612,2,1,2,676370,74,126068,188,0.0005861107590926372,0.7175572519083969
7354,0.7613,3,0,3,676370,74,126071,185,0.0005861107590926372,0.7142857142857143
7355,0.7616,3,0,3,676370,74,126074,182,0.0005861107590926372,0.7109375
7356,0.7617,1,0,1,676370,74,126075,181,0.0005861107590926372,0.7098039215686275
7357,0.7618,3,1,3,676371,73,126078,178,0.0005781903434292231,0.7091633466135459
7358,0.7619,0,1,0,676372,72,126078,178,0.0005702699277658091,0.712
7359,0.7622,1,0,1,676372,72,126079,177,0.0005702699277658091,0.7108433734939759
7360,0.7623,0,1,0,676373,71,126079,177,0.0005623495121023952,0.7137096774193549
7361,0.7626,2,1,2,676374,70,126081,175,0.0005544290964389811,0.7142857142857143
7362,0.7627,1,0,1,676374,70,126082,174,0.0005544290964389811,0.7131147540983607
7363,0.7628,1,0,1,676374,70,126083,173,0.0005544290964389811,0.7119341563786008
7364,0.763,0,1,0,676375,69,126083,173,0.0005465086807755671,0.7148760330578512
7365,0.7634,2,0,2,676375,69,126085,171,0.0005465086807755671,0.7125
7366,0.7635,1,1,1,676376,68,126086,170,0.000538588265112153,0.7142857142857143
7367,0.7639,1,0,1,676376,68,126087,169,0.000538588265112153,0.7130801687763713
7368,0.764,1,1,1,676377,67,126088,168,0.0005306678494487391,0.7148936170212766
7369,0.7641,2,1,2,676378,66,126090,166,0.0005227474337853251,0.7155172413793104
7370,0.7643,0,1,0,676379,65,126090,166,0.000514827018121911,0.7186147186147186
7371,0.7646,0,1,0,676380,64,126090,166,0.000506906602458497,0.7217391304347827
7372,0.7647,1,0,1,676380,64,126091,165,0.000506906602458497,0.7205240174672489
7373,0.7648,2,0,2,676380,64,126093,163,0.000506906602458497,0.7180616740088106
7374,0.765,0,1,0,676381,63,126093,163,0.000498986186795083,0.7212389380530974
7375,0.7651,1,0,1,676381,63,126094,162,0.000498986186795083,0.72
7376,0.7662,0,2,0,676383,61,126094,162,0.00048314535546825497,0.726457399103139
7377,0.7669,1,0,1,676383,61,126095,161,0.00048314535546825497,0.7252252252252253
7378,0.767,1,0,1,676383,61,126096,160,0.00048314535546825497,0.7239819004524887
7379,0.7671,1,0,1,676383,61,126097,159,0.00048314535546825497,0.7227272727272728
7380,0.7672,0,1,0,676384,60,126097,159,0.00047522493980484094,0.726027397260274
7381,0.7676,1,0,1,676384,60,126098,158,0.00047522493980484094,0.7247706422018348
7382,0.7677,2,1,2,676385,59,126100,156,0.00046730452414142697,0.7255813953488373
7383,0.7684,1,0,1,676385,59,126101,155,0.00046730452414142697,0.7242990654205608
7384,0.7691,1,0,1,676385,59,126102,154,0.00046730452414142697,0.7230046948356808
7385,0.7693,2,0,2,676385,59,126104,152,0.00046730452414142697,0.7203791469194313
7386,0.7694,1,0,1,676385,59,126105,151,0.00046730452414142697,0.719047619047619
7387,0.7695,1,1,1,676386,58,126106,150,0.00045938410847801294,0.7211538461538461
7388,0.7699,1,0,1,676386,58,126107,149,0.00045938410847801294,0.7198067632850241
7389,0.7701,1,0,1,676386,58,126108,148,0.00045938410847801294,0.7184466019417476
7390,0.7702,0,1,0,676387,57,126108,148,0.0004514636928145989,0.7219512195121951
7391,0.7708,1,0,1,676387,57,126109,147,0.0004514636928145989,0.7205882352941176
7392,0.7709,0,1,0,676388,56,126109,147,0.0004435432771511849,0.7241379310344828
7393,0.771,1,0,1,676388,56,126110,146,0.0004435432771511849,0.7227722772277227
7394,0.7711,1,1,1,676389,55,126111,145,0.00043562286148777086,0.725
7395,0.7712,1,0,1,676389,55,126112,144,0.00043562286148777086,0.7236180904522613
7396,0.7714,0,2,0,676391,53,126112,144,0.00041978203016094286,0.7309644670050761
7397,0.7717,0,1,0,676392,52,126112,144,0.00041186161449752884,0.7346938775510204
7398,0.7719,1,0,1,676392,52,126113,143,0.00041186161449752884,0.7333333333333333
7399,0.7721,1,0,1,676392,52,126114,142,0.00041186161449752884,0.7319587628865979
7400,0.7722,1,0,1,676392,52,126115,141,0.00041186161449752884,0.7305699481865285
7401,0.7728,1,0,1,676392,52,126116,140,0.00041186161449752884,0.7291666666666666
7402,0.7729,1,0,1,676392,52,126117,139,0.00041186161449752884,0.7277486910994765
7403,0.7731,1,0,1,676392,52,126118,138,0.00041186161449752884,0.7263157894736842
7404,0.7732,1,0,1,676392,52,126119,137,0.00041186161449752884,0.7248677248677249
7405,0.7734,2,0,2,676392,52,126121,135,0.00041186161449752884,0.7219251336898396
7406,0.7735,1,0,1,676392,52,126122,134,0.00041186161449752884,0.7204301075268817
7407,0.7738,0,1,0,676393,51,126122,134,0.0004039411988341148,0.7243243243243244
7408,0.7741,1,0,1,676393,51,126123,133,0.0004039411988341148,0.7228260869565217
7409,0.7744,0,1,0,676394,50,126123,133,0.0003960207831707008,0.726775956284153
7410,0.7746,1,0,1,676394,50,126124,132,0.0003960207831707008,0.7252747252747253
7411,0.7749,1,0,1,676394,50,126125,131,0.0003960207831707008,0.7237569060773481
7412,0.775,1,0,1,676394,50,126126,130,0.0003960207831707008,0.7222222222222222
7413,0.7752,1,0,1,676394,50,126127,129,0.0003960207831707008,0.7206703910614525
7414,0.7753,1,1,1,676395,49,126128,128,0.00038810036750728676,0.7231638418079096
7415,0.7762,0,1,0,676396,48,126128,128,0.0003801799518438728,0.7272727272727273
7416,0.7763,1,1,1,676397,47,126129,127,0.00037225953618045876,0.7298850574712644
7417,0.7764,1,0,1,676397,47,126130,126,0.00037225953618045876,0.7283236994219653
7418,0.7765,1,0,1,676397,47,126131,125,0.00037225953618045876,0.7267441860465116
7419,0.7768,1,0,1,676397,47,126132,124,0.00037225953618045876,0.7251461988304093
7420,0.777,0,1,0,676398,46,126132,124,0.00036433912051704473,0.7294117647058823
7421,0.7772,1,0,1,676398,46,126133,123,0.00036433912051704473,0.727810650887574
7422,0.7773,0,1,0,676399,45,126133,123,0.0003564187048536307,0.7321428571428571
7423,0.7774,0,2,0,676401,43,126133,123,0.0003405778735268027,0.7409638554216867
7424,0.7775,1,0,1,676401,43,126134,122,0.0003405778735268027,0.7393939393939394
7425,0.7787,1,0,1,676401,43,126135,121,0.0003405778735268027,0.7378048780487805
7426,0.779,2,1,2,676402,42,126137,119,0.0003326574578633887,0.7391304347826086
7427,0.7794,1,0,1,676402,42,126138,118,0.0003326574578633887,0.7375
7428,0.7795,0,1,0,676403,41,126138,118,0.00032473704219997465,0.7421383647798742
7429,0.7802,1,0,1,676403,41,126139,117,0.00032473704219997465,0.740506329113924
7430,0.7803,1,0,1,676403,41,126140,116,0.00032473704219997465,0.7388535031847133
7431,0.7808,1,0,1,676403,41,126141,115,0.00032473704219997465,0.7371794871794872
7432,0.7811,1,1,1,676404,40,126142,114,0.0003168166265365606,0.7402597402597403
7433,0.7813,0,1,0,676405,39,126142,114,0.0003088962108731466,0.7450980392156863
7434,0.7814,4,0,4,676405,39,126146,110,0.0003088962108731466,0.738255033557047
7435,0.7816,1,0,1,676405,39,126147,109,0.0003088962108731466,0.7364864864864865
7436,0.7818,1,0,1,676405,39,126148,108,0.0003088962108731466,0.7346938775510204
7437,0.782,1,0,1,676405,39,126149,107,0.0003088962108731466,0.7328767123287672
7438,0.7822,1,0,1,676405,39,126150,106,0.0003088962108731466,0.7310344827586207
7439,0.7824,1,0,1,676405,39,126151,105,0.0003088962108731466,0.7291666666666666
7440,0.783,1,0,1,676405,39,126152,104,0.0003088962108731466,0.7272727272727273
7441,0.7831,0,1,0,676406,38,126152,104,0.00030097579520973263,0.7323943661971831
7442,0.7832,2,1,2,676407,37,126154,102,0.0002930553795463186,0.7338129496402878
7443,0.7835,1,0,1,676407,37,126155,101,0.0002930553795463186,0.7318840579710145
7444,0.7837,1,0,1,676407,37,126156,100,0.0002930553795463186,0.7299270072992701
7445,0.7842,1,0,1,676407,37,126157,99,0.0002930553795463186,0.7279411764705882
7446,0.7844,1,1,1,676408,36,126158,98,0.0002851349638829046,0.7313432835820896
7447,0.7846,0,1,0,676409,35,126158,98,0.00027721454821949055,0.7368421052631579
7448,0.7847,1,0,1,676409,35,126159,97,0.00027721454821949055,0.7348484848484849
7449,0.7858,1,1,1,676410,34,126160,96,0.0002692941325560765,0.7384615384615385
7450,0.7859,1,0,1,676410,34,126161,95,0.0002692941325560765,0.7364341085271318
7451,0.7864,1,0,1,676410,34,126162,94,0.0002692941325560765,0.734375
7452,0.7865,1,0,1,676410,34,126163,93,0.0002692941325560765,0.7322834645669292
7453,0.7871,1,0,1,676410,34,126164,92,0.0002692941325560765,0.7301587301587301
7454,0.7872,0,1,0,676411,33,126164,92,0.00026137371689266255,0.736
7455,0.7875,1,0,1,676411,33,126165,91,0.00026137371689266255,0.7338709677419355
7456,0.7876,0,1,0,676412,32,126165,91,0.0002534533012292485,0.7398373983739838
7457,0.7885,1,0,1,676412,32,126166,90,0.0002534533012292485,0.7377049180327869
7458,0.789,1,0,1,676412,32,126167,89,0.0002534533012292485,0.7355371900826446
7459,0.7892,1,0,1,676412,32,126168,88,0.0002534533012292485,0.7333333333333333
7460,0.7895,0,1,0,676413,31,126168,88,0.0002455328855658345,0.7394957983193278
7461,0.7896,1,0,1,676413,31,126169,87,0.0002455328855658345,0.7372881355932204
7462,0.7897,2,2,2,676415,29,126171,85,0.00022969205423900647,0.7456140350877193
7463,0.7901,0,1,0,676416,28,126171,85,0.00022177163857559244,0.7522123893805309
7464,0.7903,1,0,1,676416,28,126172,84,0.00022177163857559244,0.75
7465,0.7904,1,0,1,676416,28,126173,83,0.00022177163857559244,0.7477477477477478
7466,0.7905,2,0,2,676416,28,126175,81,0.00022177163857559244,0.7431192660550459
7467,0.7912,1,0,1,676416,28,126176,80,0.00022177163857559244,0.7407407407407407
7468,0.7914,0,1,0,676417,27,126176,80,0.00021385122291217844,0.7476635514018691
7469,0.7921,1,0,1,676417,27,126177,79,0.00021385122291217844,0.7452830188679245
7470,0.7922,1,0,1,676417,27,126178,78,0.00021385122291217844,0.7428571428571429
7471,0.7928,0,1,0,676418,26,126178,78,0.00020593080724876442,0.75
7472,0.7939,1,0,1,676418,26,126179,77,0.00020593080724876442,0.7475728155339806
7473,0.7945,1,0,1,676418,26,126180,76,0.00020593080724876442,0.7450980392156863
7474,0.7954,1,0,1,676418,26,126181,75,0.00020593080724876442,0.7425742574257426
7475,0.7956,1,0,1,676418,26,126182,74,0.00020593080724876442,0.74
7476,0.7958,1,0,1,676418,26,126183,73,0.00020593080724876442,0.7373737373737373
7477,0.7959,0,1,0,676419,25,126183,73,0.0001980103915853504,0.7448979591836735
7478,0.7961,1,0,1,676419,25,126184,72,0.0001980103915853504,0.7422680412371134
7479,0.7965,0,1,0,676420,24,126184,72,0.0001900899759219364,0.75
7480,0.7967,0,1,0,676421,23,126184,72,0.00018216956025852237,0.7578947368421053
7481,0.7968,1,0,1,676421,23,126185,71,0.00018216956025852237,0.7553191489361702
7482,0.7969,0,2,0,676423,21,126185,71,0.00016632872893169434,0.7717391304347826
7483,0.797,2,1,2,676424,20,126187,69,0.0001584083132682803,0.7752808988764045
7484,0.7972,2,0,2,676424,20,126189,67,0.0001584083132682803,0.7701149425287356
7485,0.7974,1,0,1,676424,20,126190,66,0.0001584083132682803,0.7674418604651163
7486,0.7978,2,0,2,676424,20,126192,64,0.0001584083132682803,0.7619047619047619
7487,0.7987,0,1,0,676425,19,126192,64,0.00015048789760486631,0.7710843373493976
7488,0.7988,1,0,1,676425,19,126193,63,0.00015048789760486631,0.7682926829268293
7489,0.7992,0,1,0,676426,18,126193,63,0.0001425674819414523,0.7777777777777778
7490,0.7994,0,1,0,676427,17,126193,63,0.00013464706627803826,0.7875
7491,0.7996,1,0,1,676427,17,126194,62,0.00013464706627803826,0.7848101265822784
7492,0.7999,1,0,1,676427,17,126195,61,0.00013464706627803826,0.782051282051282
7493,0.8,1,0,1,676427,17,126196,60,0.00013464706627803826,0.7792207792207793
7494,0.8001,1,0,1,676427,17,126197,59,0.00013464706627803826,0.7763157894736842
7495,0.8012,1,0,1,676427,17,126198,58,0.00013464706627803826,0.7733333333333333
7496,0.8021,1,0,1,676427,17,126199,57,0.00013464706627803826,0.7702702702702703
7497,0.8022,1,0,1,676427,17,126200,56,0.00013464706627803826,0.7671232876712328
7498,0.8024,1,0,1,676427,17,126201,55,0.00013464706627803826,0.7638888888888888
7499,0.803,1,0,1,676427,17,126202,54,0.00013464706627803826,0.7605633802816901
7500,0.8033,1,0,1,676427,17,126203,53,0.00013464706627803826,0.7571428571428571
7501,0.8038,0,1,0,676428,16,126203,53,0.00012672665061462426,0.7681159420289855
7502,0.804,1,0,1,676428,16,126204,52,0.00012672665061462426,0.7647058823529411
7503,0.8042,0,1,0,676429,15,126204,52,0.00011880623495121023,0.7761194029850746
7504,0.8043,1,0,1,676429,15,126205,51,0.00011880623495121023,0.7727272727272727
7505,0.8046,0,1,0,676430,14,126205,51,0.00011088581928779622,0.7846153846153846
7506,0.8048,1,0,1,676430,14,126206,50,0.00011088581928779622,0.78125
7507,0.805,1,0,1,676430,14,126207,49,0.00011088581928779622,0.7777777777777778
7508,0.8051,1,0,1,676430,14,126208,48,0.00011088581928779622,0.7741935483870968
7509,0.8055,1,2,1,676432,12,126209,47,9.50449879609682e-05,0.7966101694915254
7510,0.8057,1,0,1,676432,12,126210,46,9.50449879609682e-05,0.7931034482758621
7511,0.8059,1,0,1,676432,12,126211,45,9.50449879609682e-05,0.7894736842105263
7512,0.8065,0,1,0,676433,11,126211,45,8.712457229755417e-05,0.8035714285714286
7513,0.8074,0,1,0,676434,10,126211,45,7.920415663414016e-05,0.8181818181818182
7514,0.8079,1,0,1,676434,10,126212,44,7.920415663414016e-05,0.8148148148148148
7515,0.8082,1,0,1,676434,10,126213,43,7.920415663414016e-05,0.8113207547169812
7516,0.8084,1,0,1,676434,10,126214,42,7.920415663414016e-05,0.8076923076923077
7517,0.8085,0,1,0,676435,9,126214,42,7.128374097072614e-05,0.8235294117647058
7518,0.8099,1,0,1,676435,9,126215,41,7.128374097072614e-05,0.82
7519,0.8112,1,0,1,676435,9,126216,40,7.128374097072614e-05,0.8163265306122449
7520,0.8113,1,0,1,676435,9,126217,39,7.128374097072614e-05,0.8125
7521,0.8117,1,0,1,676435,9,126218,38,7.128374097072614e-05,0.8085106382978723
7522,0.8118,1,0,1,676435,9,126219,37,7.128374097072614e-05,0.8043478260869565
7523,0.8134,0,1,0,676436,8,126219,37,6.336332530731213e-05,0.8222222222222222
7524,0.8137,1,0,1,676436,8,126220,36,6.336332530731213e-05,0.8181818181818182
7525,0.8148,0,1,0,676437,7,126220,36,5.544290964389811e-05,0.8372093023255814
7526,0.8161,1,0,1,676437,7,126221,35,5.544290964389811e-05,0.8333333333333334
7527,0.8175,0,1,0,676438,6,126221,35,4.75224939804841e-05,0.8536585365853658
7528,0.8176,1,0,1,676438,6,126222,34,4.75224939804841e-05,0.85
7529,0.8177,1,0,1,676438,6,126223,33,4.75224939804841e-05,0.8461538461538461
7530,0.8178,1,0,1,676438,6,126224,32,4.75224939804841e-05,0.8421052631578947
7531,0.8181,1,0,1,676438,6,126225,31,4.75224939804841e-05,0.8378378378378378
7532,0.8182,1,0,1,676438,6,126226,30,4.75224939804841e-05,0.8333333333333334
7533,0.8189,1,0,1,676438,6,126227,29,4.75224939804841e-05,0.8285714285714286
7534,0.8191,1,0,1,676438,6,126228,28,4.75224939804841e-05,0.8235294117647058
7535,0.8198,1,0,1,676438,6,126229,27,4.75224939804841e-05,0.8181818181818182
7536,0.8211,1,0,1,676438,6,126230,26,4.75224939804841e-05,0.8125
7537,0.8224,0,1,0,676439,5,126230,26,3.960207831707008e-05,0.8387096774193549
7538,0.8225,0,1,0,676440,4,126230,26,3.1681662653656065e-05,0.8666666666666667
7539,0.8228,1,0,1,676440,4,126231,25,3.1681662653656065e-05,0.8620689655172413
7540,0.8241,1,0,1,676440,4,126232,24,3.1681662653656065e-05,0.8571428571428571
7541,0.8245,1,0,1,676440,4,126233,23,3.1681662653656065e-05,0.8518518518518519
7542,0.8247,1,0,1,676440,4,126234,22,3.1681662653656065e-05,0.8461538461538461
7543,0.8274,1,0,1,676440,4,126235,21,3.1681662653656065e-05,0.84
7544,0.8276,1,0,1,676440,4,126236,20,3.1681662653656065e-05,0.8333333333333334
7545,0.83,1,0,1,676440,4,126237,19,3.1681662653656065e-05,0.8260869565217391
7546,0.8301,1,0,1,676440,4,126238,18,3.1681662653656065e-05,0.8181818181818182
7547,0.8323,0,1,0,676441,3,126238,18,2.376124699024205e-05,0.8571428571428571
7548,0.8327,1,0,1,676441,3,126239,17,2.376124699024205e-05,0.85
7549,0.834,1,0,1,676441,3,126240,16,2.376124699024205e-05,0.8421052631578947
7550,0.8347,1,0,1,676441,3,126241,15,2.376124699024205e-05,0.8333333333333334
7551,0.8353,1,0,1,676441,3,126242,14,2.376124699024205e-05,0.8235294117647058
7552,0.8359,1,0,1,676441,3,126243,13,2.376124699024205e-05,0.8125
7553,0.837,0,1,0,676442,2,126243,13,1.5840831326828033e-05,0.8666666666666667
7554,0.8381,1,0,1,676442,2,126244,12,1.5840831326828033e-05,0.8571428571428571
7555,0.8392,1,0,1,676442,2,126245,11,1.5840831326828033e-05,0.8461538461538461
7556,0.8397,1,0,1,676442,2,126246,10,1.5840831326828033e-05,0.8333333333333334
7557,0.8489,1,0,1,676442,2,126247,9,1.5840831326828033e-05,0.8181818181818182
7558,0.8499,1,0,1,676442,2,126248,8,1.5840831326828033e-05,0.8
7559,0.8504,1,0,1,676442,2,126249,7,1.5840831326828033e-05,0.7777777777777778
7560,0.8508,0,1,0,676443,1,126249,7,7.920415663414016e-06,0.875
7561,0.8534,1,0,1,676443,1,126250,6,7.920415663414016e-06,0.8571428571428571
7562,0.8573,1,0,1,676443,1,126251,5,7.920415663414016e-06,0.8333333333333334
7563,0.8627,1,0,1,676443,1,126252,4,7.920415663414016e-06,0.8
7564,0.8645,1,0,1,676443,1,126253,3,7.920415663414016e-06,0.75
7565,0.8733,1,0,1,676443,1,126254,2,7.920415663414016e-06,0.6666666666666666
7566,0.8822,1,0,1,676443,1,126255,1,7.920415663414016e-06,0.5
7567,0.8948,1,0,1,676443,1,126256,0,7.920415663414016e-06,0.0
7568,0.9095,0,1,0,676444,0,126256,0,0.0,
